ID,insum,outsum,diff
100000001,757,1192,-435
100000002,6135,2842,3293
100000003,9761,4773,4988
100000004,1606,1518,88
100000005,3070,5322,-2252
100000006,848,262,586
100000007,2755,1027,1728
100000008,693,959,-266
100000009,1520,1443,77
100000010,390,352,38
100000011,1837,155,1682
100000012,162,1045,-883
100000013,1267,325,942
100000014,1403,355,1048
100000015,2013,3276,-1263
100000016,1260,1775,-515
100000017,1436,1154,282
100000018,2136,805,1331
100000019,6096,2546,3550
100000020,2861,10008,-7147
100000021,7050,2898,4152
100000022,2461,2948,-487
100000023,5898,2203,3695
100000025,2213,1476,737
100000028,2830,1303,1527
100000029,364,472,-108
100000030,345,98,247
100000031,5794,9471,-3677
100000032,3667,5464,-1797
100000033,954,2948,-1994
100000034,668,699,-31
100000035,2530,1979,551
100000036,3243,1834,1409
100000037,857,560,297
100000038,2386,1284,1102
100000039,1385,367,1018
100000040,401,245,156
100000041,1600,711,889
100000042,2734,921,1813
100000043,1775,585,1190
100000044,514,991,-477
100000045,822,2462,-1640
100000046,1238,1244,-6
100000047,571,783,-212
100000048,1665,745,920
100000049,2311,2685,-374
100000051,695,1271,-576
100000053,440,14,426
100000054,731,75,656
100000055,1883,386,1497
100000056,588,532,56
100000057,2483,853,1630
100000058,1562,1745,-183
100000059,25,211,-186
100000060,369,433,-64
100000061,2473,640,1833
100000062,3024,675,2349
100000063,861,286,575
100000064,1677,442,1235
100000065,582,1127,-545
100000066,200,769,-569
100000067,674,941,-267
100000068,726,2177,-1451
100000069,454,1686,-1232
100000072,482,1270,-788
100000073,1426,1528,-102
100000075,842,325,517
100000076,3602,3737,-135
100000077,509,296,213
100000078,55,53,2
100000079,57,77,-20
100000080,44,86,-42
100000081,232,266,-34
100000102,3234,2410,824
100000103,5046,2113,2933
100000104,6240,3468,2772
100000105,3645,2200,1445
100000106,3361,2643,718
100000107,1069,1124,-55
100000108,1203,1528,-325
100000109,3898,1764,2134
100000116,1994,1582,412
100000117,144,167,-23
100000118,2211,1511,700
100000119,680,1075,-395
100000121,342,541,-199
100000122,1107,1279,-172
100000123,5297,5444,-147
100000124,8092,7966,126
100000125,4461,1874,2587
100000126,1044,464,580
100000127,2233,628,1605
100000128,2749,2951,-202
100000129,666,557,109
100000130,543,669,-126
100000131,3825,3692,133
100000132,1919,3637,-1718
100000133,8500,3099,5401
100000135,742,1536,-794
100000139,640,364,276
100000140,564,440,124
100000142,567,670,-103
100000143,1931,842,1089
100000144,4136,1125,3011
100000147,1334,3197,-1863
100000150,64,556,-492
100000151,1673,1279,394
100000153,321,483,-162
100000154,101,206,-105
100000155,33,66,-33
100000156,651,529,122
100000157,141,173,-32
100000158,367,125,242
100000159,348,587,-239
100000165,1949,1076,873
100000169,749,529,220
100000174,1251,533,718
100000179,117,689,-572
100000180,8078,3107,4971
100000181,1150,406,744
100000188,133,359,-226
100000189,2310,529,1781
100000190,1032,1106,-74
100000191,824,653,171
100000192,84,176,-92
100000193,400,188,212
100000330,1643,1045,598
100000355,341,844,-503
100000362,6774,4271,2503
100000363,4782,5665,-883
100000364,361,298,63
100000365,6723,7664,-941
100000366,8202,3885,4317
100000367,6421,6733,-312
100000368,3971,2103,1868
100000369,2000,2303,-303
100000370,407,937,-530
100000376,139,164,-25
100000379,3302,1936,1366
100000380,6298,4408,1890
100000384,7091,5712,1379
100000385,5441,5309,132
100000386,10778,5650,5128
100000387,6940,6601,339
100000388,9651,7490,2161
100000389,9663,7449,2214
100000390,11124,7285,3839
100000391,8593,8782,-189
100000392,5327,4672,655
100000393,4146,5723,-1577
100000394,10833,10506,327
100000395,7614,4726,2888
100000396,10357,4711,5646
100000397,7302,7310,-8
100000398,14237,10278,3959
100900002,9,37,-28
100900003,429,247,182
100900004,54,964,-910
100900005,170,20,150
100900006,36,138,-102
100900007,620,15,605
100900008,4,417,-413
100900009,103,198,-95
100900010,159,154,5
100900011,131,221,-90
100900012,1,271,-270
100900013,1601,9,1592
100900014,1,29,-28
100900015,126,135,-9
100900016,0,48,-48
100900017,850,135,715
100900018,0,39,-39
100900019,52,382,-330
100900020,360,13,347
100900021,540,4,536
100900022,64,98,-34
100900023,0,159,-159
100900024,1136,12,1124
100900025,38,25,13
100900026,112,116,-4
100900027,851,3708,-2857
100900028,153,276,-123
100900029,94,21,73
100900030,1,74,-73
100900031,896,109,787
100900032,261,4,257
100900033,513,275,238
100900034,536,1,535
100900035,860,0,860
100900036,25,1,24
100900037,74,222,-148
100900038,147,57,90
100900039,347,742,-395
100900040,465,903,-438
100900041,807,674,133
100900042,1942,834,1108
100900043,6,19,-13
100900044,2584,614,1970
100900045,43,7,36
100900046,1977,21,1956
100900047,969,478,491
100900048,268,109,159
100900049,212,220,-8
100900050,2,14,-12
100900051,96,182,-86
100900052,663,93,570
100900053,384,44,340
100900054,9,86,-77
100900055,483,682,-199
100900056,251,415,-164
100900057,1058,1523,-465
100900058,345,104,241
100900059,161,21,140
100900060,170,19,151
100900061,469,275,194
100900062,8,61,-53
100900063,306,727,-421
100900064,1140,35,1105
100900065,104,122,-18
100900066,147,214,-67
100900067,5,9,-4
100900068,225,110,115
100900069,934,38,896
100900070,393,13,380
100900071,813,369,444
100900072,3,49,-46
100900073,153,462,-309
100900074,6,12,-6
100900075,1993,498,1495
100900076,50,74,-24
100900077,51,139,-88
100900078,139,497,-358
100900079,10,37,-27
100900080,56,247,-191
100900081,55,244,-189
100900082,123,486,-363
100900083,10,49,-39
100900085,17,313,-296
100900086,206,1630,-1424
100900088,119,673,-554
100900089,6,33,-27
100900090,226,707,-481
100900091,9,30,-21
100900092,406,452,-46
100900093,221,656,-435
100900094,141,549,-408
100900095,8,22,-14
100900096,58,181,-123
100900097,3,4,-1
100900098,23,17,6
100900099,40,576,-536
100900100,42,540,-498
100900101,426,71,355
100900102,464,166,298
100900103,14,38,-24
100900104,7,184,-177
100900105,79,650,-571
100900106,75,16,59
100900107,2069,947,1122
100900108,17,70,-53
100900109,15,41,-26
100900110,9,37,-28
100900111,57,176,-119
100900112,20,19,1
100900113,14,37,-23
100900114,23,30,-7
100900115,7,62,-55
100900116,1056,1237,-181
100900117,364,979,-615
100900118,34,77,-43
100900119,26,19,7
100900120,7,16,-9
100900121,433,904,-471
100900122,250,263,-13
100900123,84,243,-159
100900124,8,5,3
100900125,15,96,-81
100900126,217,577,-360
100900127,4,3,1
100900128,111,185,-74
100900129,1,163,-162
100900131,78,323,-245
100900133,61,82,-21
100900134,12,3,9
100900135,0,189,-189
100900137,403,218,185
100900138,652,619,33
100900139,8,9,-1
100900140,2,476,-474
100900141,8,570,-562
100900142,2,17,-15
100900143,1825,536,1289
100900144,38,13,25
100900145,380,267,113
100900146,10,67,-57
100900147,18,506,-488
100900148,21,716,-695
100900149,32,164,-132
100900150,15,49,-34
100900151,170,708,-538
100900152,347,13,334
100900153,8,242,-234
100900154,83,241,-158
100900155,9,30,-21
100900156,62,0,62
100900157,13,218,-205
100900159,33,125,-92
100900160,23,12,11
100900161,140,17,123
100900162,31,497,-466
100900163,289,309,-20
100900164,62,80,-18
100900165,9,46,-37
100900166,44,10,34
100900167,22,103,-81
100900168,72,192,-120
100900169,205,1076,-871
100900170,80,16,64
100900171,23,749,-726
100900172,0,18,-18
100900173,10,500,-490
100900174,673,53,620
100900176,1506,241,1265
100900177,737,349,388
100900178,405,209,196
100900179,240,505,-265
100900180,30,7,23
100900181,171,138,33
100900182,82,43,39
100900184,22,216,-194
100900186,900,563,337
100900187,3,117,-114
100900188,30,18,12
100900189,1467,359,1108
100900191,1349,1462,-113
100900192,311,480,-169
100900195,168,227,-59
100900197,351,395,-44
100900198,80,239,-159
100900199,12,15,-3
100900200,767,541,226
100900201,174,885,-711
100900202,107,3,104
100900203,1,125,-124
100900204,1380,1067,313
100900205,207,729,-522
100900206,156,124,32
100900207,279,202,77
100900210,99,676,-577
100900211,632,279,353
100900213,133,68,65
100900214,963,253,710
100900215,29,90,-61
100900217,171,93,78
101000001,5133,3075,2058
101000002,6685,6657,28
101000003,742,2905,-2163
101000004,10788,8664,2124
101000005,5101,5818,-717
101000006,8770,8697,73
101000007,3857,5009,-1152
101000008,4183,3316,867
101000009,2421,1572,849
101000010,1031,1351,-320
101000011,2177,868,1309
101000012,1722,938,784
101000013,876,1514,-638
101000014,633,806,-173
101000015,1340,1121,219
101000016,554,563,-9
101000017,842,671,171
101000018,4830,3497,1333
101000020,5070,1442,3628
101000021,1047,586,461
101000022,377,144,233
101000023,1958,979,979
101000025,260,562,-302
101000026,402,26,376
101000027,2317,2894,-577
101000028,1021,327,694
101000029,745,2469,-1724
101000030,2411,160,2251
101000031,1529,1119,410
101000032,12399,6135,6264
101000033,3190,3925,-735
101000034,2946,2062,884
101000035,1295,898,397
101000036,2124,1222,902
101000037,4370,2172,2198
101000039,3507,2856,651
101000040,4850,4021,829
101000041,14963,9954,5009
101000042,1114,1810,-696
101000043,10899,9114,1785
101000045,2785,1301,1484
101000046,5690,2117,3573
101000047,3774,4915,-1141
101000048,1240,909,331
101000049,1171,2523,-1352
101000050,4104,3742,362
101000051,3481,3669,-188
101000052,2023,1425,598
101000053,2030,2529,-499
101000054,3071,2089,982
101000055,1999,1735,264
101000056,55,148,-93
101000057,3033,1337,1696
101000058,1795,1448,347
101000059,3313,2536,777
101000060,2257,696,1561
101000061,1161,1708,-547
101000062,983,745,238
101000063,742,1090,-348
101000064,1560,1204,356
101000065,526,511,15
101000066,1385,962,423
101000067,1650,1167,483
101000068,484,594,-110
101000069,453,166,287
101000070,1717,1351,366
101000071,2439,1081,1358
101000072,1189,3751,-2562
101000073,1377,1119,258
101000074,9362,4628,4734
101000075,7416,6314,1102
101000077,2034,1396,638
101000078,1554,2617,-1063
101000079,983,451,532
101000080,747,619,128
101000081,2118,1682,436
101000082,4262,3885,377
101000083,2976,2387,589
101000084,1739,1225,514
101000085,1954,1562,392
101000086,1344,1362,-18
101000087,1088,1251,-163
101000088,1609,1432,177
101000089,1253,1845,-592
101000090,2662,1649,1013
101000091,502,1077,-575
101000092,973,1330,-357
101000093,1748,1120,628
101000094,1151,1221,-70
101000095,506,769,-263
101000096,396,718,-322
101000097,654,595,59
101000098,671,829,-158
101000099,1652,1339,313
101000100,1477,1265,212
101000101,393,622,-229
101000102,1134,540,594
101000103,1328,721,607
101000104,541,780,-239
101000105,816,596,220
101000106,1432,1024,408
101000107,257,411,-154
101000108,1130,367,763
101000109,337,91,246
101000110,54,670,-616
101000111,222,348,-126
101000113,284,934,-650
101000114,11093,7628,3465
101000115,301,129,172
101000116,430,220,210
101000117,2296,562,1734
101000119,83,97,-14
101000120,169,52,117
101000121,91,74,17
101000122,184,125,59
101000123,110,143,-33
101000124,899,307,592
101000125,300,463,-163
101000128,804,489,315
101000130,390,411,-21
101000131,884,671,213
101000132,691,1206,-515
101000135,63,54,9
101000136,623,219,404
101000137,52,387,-335
101000141,2036,3830,-1794
101000147,1050,582,468
101000148,1577,36,1541
101000149,399,584,-185
101000150,102,819,-717
101000151,299,70,229
101000152,315,379,-64
101000153,737,413,324
101000154,293,1421,-1128
101000155,321,186,135
101000156,37,318,-281
101000157,75,35,40
101000160,119,48,71
101000163,415,440,-25
101000164,509,402,107
101000165,335,477,-142
101000166,339,544,-205
101000168,982,441,541
101000252,2089,1056,1033
101000254,631,107,524
101000258,52,13,39
101000261,229,40,189
101000262,1589,2252,-663
101000263,691,1853,-1162
101000265,190,1144,-954
101000266,443,403,40
101000269,49,11,38
101000290,1900,4868,-2968
101000293,56,111,-55
101000294,966,556,410
101000295,174,776,-602
101000301,1135,571,564
101000304,2403,2987,-584
101000305,3796,1795,2001
101000328,11,43,-32
101900001,41,91,-50
101900002,0,21,-21
101900003,81,83,-2
101900004,5,91,-86
101900005,4615,2199,2416
101900006,1158,89,1069
101900007,949,284,665
101900008,113,537,-424
101900009,45,543,-498
101900010,1313,1007,306
101900011,379,1694,-1315
101900012,325,424,-99
101900013,1327,213,1114
101900017,19,202,-183
101900018,1715,328,1387
101900019,325,134,191
101900020,86,98,-12
101900021,0,69,-69
101900022,207,1312,-1105
101900023,168,305,-137
101900026,147,67,80
101900027,11,137,-126
102000001,3043,5211,-2168
102000002,3509,1601,1908
102000003,4431,9234,-4803
102000004,8972,4045,4927
102000005,1587,2468,-881
102000006,1570,2215,-645
102000007,2155,5797,-3642
102000008,5663,1996,3667
102000009,7722,9241,-1519
102000010,7602,4067,3535
102000011,3896,3296,600
102000012,4207,3821,386
102000018,3803,3159,644
102000019,2843,1987,856
102000026,306,643,-337
102000029,462,367,95
102000030,142,487,-345
102000031,75,199,-124
102000032,462,360,102
102000033,317,489,-172
102000034,765,476,289
102000035,1651,875,776
102000036,28,329,-301
102000037,285,94,191
102000038,215,373,-158
102000039,276,91,185
102000040,638,337,301
102000041,338,426,-88
102000042,357,369,-12
102000043,502,262,240
102000044,352,482,-130
102000045,1573,1189,384
102000046,1240,809,431
102000047,1048,1380,-332
102000048,491,838,-347
102000049,1113,794,319
102000050,1520,1677,-157
102000051,491,760,-269
102000052,1551,1204,347
102000053,1052,1155,-103
102000054,715,1262,-547
102000055,1362,764,598
102000056,968,1419,-451
102000057,1764,679,1085
102000058,1405,1765,-360
102000059,1890,1751,139
102000060,1526,1306,220
102000061,1924,2411,-487
102000062,1838,1427,411
102000063,1389,1626,-237
102000064,756,892,-136
102000065,76,215,-139
102000066,1034,1128,-94
102000067,3222,3927,-705
102000068,10113,3141,6972
102000069,85,1662,-1577
102000070,2461,77,2384
102000071,7974,10981,-3007
102000072,3837,4326,-489
102000073,2122,1650,472
102000074,1149,1258,-109
102000075,229,419,-190
102000076,231,631,-400
102000077,692,1031,-339
102000078,1101,975,126
102000079,231,296,-65
102000080,304,262,42
102000081,543,890,-347
102000082,1001,479,522
102000083,609,411,198
102000084,335,368,-33
102000085,2209,1285,924
102000086,1255,2022,-767
102000087,1082,1924,-842
102000088,486,426,60
102000089,1369,494,875
102000090,815,1426,-611
102000091,1671,732,939
102000092,485,905,-420
102000093,616,783,-167
102000094,1367,915,452
102000095,1386,1677,-291
102000096,1046,1036,10
102000097,1259,1235,24
102000098,796,1053,-257
102000099,1330,1049,281
102000100,1028,1353,-325
102000101,1566,914,652
102000102,671,1680,-1009
102000103,2079,598,1481
102000104,848,435,413
102000105,282,670,-388
102000106,983,765,218
102000107,1234,662,572
102000108,1011,299,712
102000109,643,634,9
102000110,1087,1342,-255
102000111,25,351,-326
102000112,435,136,299
102000113,17,29,-12
102000114,961,474,487
102000115,298,311,-13
102000116,562,393,169
102000117,388,582,-194
102000118,1585,1273,312
102000119,2230,946,1284
102000120,227,615,-388
102000121,1220,723,497
102000122,813,1118,-305
102000123,1416,1529,-113
102000124,1854,1342,512
102000125,1143,1226,-83
102000126,1398,871,527
102000127,1656,839,817
102000128,869,1240,-371
102000129,1615,928,687
102000130,763,1116,-353
102000131,3014,1197,1817
102000132,1327,1508,-181
102000133,2039,2151,-112
102000134,820,975,-155
102000135,992,1114,-122
102000136,1119,705,414
102000137,1348,1091,257
102000138,475,526,-51
102000139,339,611,-272
102000140,582,637,-55
102000141,914,1000,-86
102000142,538,548,-10
102000143,221,486,-265
102000144,326,579,-253
102000145,639,679,-40
102000146,549,460,89
102000147,715,721,-6
102000148,284,1002,-718
102000149,180,573,-393
102000150,491,152,339
102000151,106,380,-274
102000152,197,143,54
102000153,1372,636,736
102000154,403,830,-427
102000155,116,339,-223
102000156,415,190,225
102000157,157,418,-261
102000158,783,685,98
102000159,1254,453,801
102000161,4500,2865,1635
102000162,390,223,167
102000163,117,687,-570
102000164,1260,1265,-5
102000165,379,195,184
102000166,140,206,-66
102000167,333,318,15
102000168,311,153,158
102000169,171,541,-370
102000170,750,233,517
102000171,387,323,64
102000172,364,461,-97
102000173,546,372,174
102000174,93,89,4
102000175,388,170,218
102000176,64,40,24
102000178,226,522,-296
102000179,410,257,153
102000180,998,506,492
102000181,754,677,77
102000182,764,676,88
102000183,2147,2081,66
102000184,2143,1013,1130
102000185,2868,1576,1292
102000186,1350,2131,-781
102000187,1439,1918,-479
102000188,1711,1645,66
102000189,2639,1018,1621
102000190,832,3138,-2306
102000191,1524,672,852
102000192,1273,1647,-374
102000193,79,192,-113
102000194,81,156,-75
102000195,438,545,-107
102000196,179,501,-322
102000197,627,599,28
102000198,261,969,-708
102000199,1001,469,532
102000200,366,1265,-899
102000201,1128,540,588
102000202,4,102,-98
102000203,353,363,-10
102000204,451,826,-375
102000205,1191,430,761
102000206,682,1026,-344
102000207,1059,542,517
102000208,522,682,-160
102000209,131,105,26
102000210,493,466,27
102000211,617,381,236
102000212,388,15,373
102000213,8,383,-375
102000214,304,14,290
102000215,13,474,-461
102000216,71,57,14
102000217,8,168,-160
102000218,322,203,119
102000219,543,378,165
102000225,749,681,68
102000226,7420,2258,5162
102000227,173,4,169
102000228,2,122,-120
102000229,26,79,-53
102000230,285,558,-273
102000231,370,641,-271
102000232,54,211,-157
102000233,487,942,-455
102000234,128,1318,-1190
102000236,492,93,399
102000237,522,197,325
102000238,186,346,-160
102000240,655,729,-74
102000241,318,155,163
102000243,54,105,-51
102000245,28,176,-148
102000246,22,42,-20
102000247,1000,1229,-229
102000248,699,1132,-433
102000249,187,151,36
102000250,144,529,-385
102000254,101,385,-284
102000266,141,434,-293
102000271,31,1,30
102000286,627,456,171
102000297,2430,1282,1148
102000299,0,0,0
102000301,0,0,0
102000305,0,0,0
102000307,0,6,-6
102000308,0,2,-2
102900001,1505,990,515
102900002,470,65,405
102900003,65,244,-179
102900005,451,385,66
102900006,630,207,423
102900007,476,69,407
102900008,235,91,144
102900009,751,342,409
102900010,867,780,87
102900011,2093,444,1649
102900012,404,91,313
102900013,31,86,-55
102900015,708,523,185
102900016,58,127,-69
102900017,176,638,-462
102900018,31,160,-129
102900019,660,565,95
102900020,175,40,135
102900021,23,109,-86
102900022,849,271,578
102900023,63,71,-8
102900024,52,77,-25
102900025,276,136,140
102900026,640,1848,-1208
102900027,101,85,16
102900028,203,856,-653
102900029,227,236,-9
102900030,787,376,411
102900031,213,200,13
102900032,90,126,-36
102900033,178,238,-60
102900034,504,126,378
102900035,156,354,-198
102900036,435,477,-42
102900037,835,617,218
102900038,800,608,192
102900039,81,664,-583
102900040,151,323,-172
102900041,104,249,-145
102900042,177,286,-109
102900043,229,297,-68
102900044,734,2129,-1395
102900045,155,634,-479
102900046,140,300,-160
102900047,93,688,-595
102900048,750,644,106
102900049,154,407,-253
102900050,443,446,-3
102900051,268,237,31
102900052,60,57,3
102900053,468,812,-344
102900054,956,1322,-366
102900055,144,213,-69
102900056,181,495,-314
102900057,4,42,-38
102900058,330,83,247
102900059,10,72,-62
102900060,163,522,-359
102900061,169,527,-358
102900062,279,1063,-784
102900063,1196,509,687
102900064,205,490,-285
102900065,1659,682,977
102900066,411,50,361
102900068,150,103,47
102900070,354,672,-318
102900072,65,46,19
102900073,285,9,276
102900075,17,69,-52
102900076,203,186,17
102900077,40,44,-4
102900078,48,96,-48
102900079,181,22,159
102900080,403,62,341
102900081,103,333,-230
102900082,21,244,-223
102900083,302,29,273
102900084,17,40,-23
102900085,565,205,360
102900086,25,49,-24
102900087,134,122,12
102900088,32,38,-6
102900089,339,155,184
102900090,8,454,-446
102900091,218,13,205
102900092,298,1048,-750
102900093,322,294,28
102900094,1,99,-98
102900095,126,3,123
102900096,111,44,67
102900097,5,147,-142
103000001,2666,2862,-196
103000002,2517,2956,-439
103000003,4233,3599,634
103000004,1125,1023,102
103000005,2011,3432,-1421
103000006,753,1659,-906
103000007,483,944,-461
103000008,1203,793,410
103000009,1121,1331,-210
103000010,150,119,31
103000011,2101,1706,395
103000012,1722,1830,-108
103000013,5099,2499,2600
103000014,1730,2882,-1152
103000015,2101,787,1314
103000016,590,1683,-1093
103000017,234,460,-226
103000018,967,471,496
103000019,300,371,-71
103000020,2873,1778,1095
103000021,2031,1718,313
103000022,937,1306,-369
103000023,716,1804,-1088
103000024,134,217,-83
103000025,135,702,-567
103000026,1564,197,1367
103000027,440,603,-163
103000028,579,501,78
103000029,381,348,33
103000030,2429,1231,1198
103000031,2371,2063,308
103000032,2803,2265,538
103000033,3564,3083,481
103000034,2021,1566,455
103000035,569,1625,-1056
103000036,476,601,-125
103000037,866,664,202
103000038,653,1140,-487
103000039,502,481,21
103000040,558,1165,-607
103000041,1865,2728,-863
103000042,1311,639,672
103000043,857,1119,-262
103000044,334,192,142
103000046,327,599,-272
103000047,714,793,-79
103000048,202,281,-79
103000049,230,196,34
103000050,748,615,133
103000051,513,582,-69
103000052,1008,546,462
103000053,171,657,-486
103000054,3126,2023,1103
103000055,2337,2718,-381
103000056,778,1835,-1057
103000057,530,347,183
103000058,797,1254,-457
103000059,547,1153,-606
103000060,956,825,131
103000061,449,1230,-781
103000062,1222,682,540
103000063,816,1162,-346
103000064,174,233,-59
103000065,4,543,-539
103000066,214,16,198
103000069,531,483,48
103000070,1480,1054,426
103000071,1206,575,631
103000072,138,886,-748
103000073,597,109,488
103000074,685,108,577
103000075,171,727,-556
103000076,337,353,-16
103000077,70,448,-378
103000078,1220,695,525
103000079,972,830,142
103000080,1572,418,1154
103000081,711,1396,-685
103000082,582,257,325
103000083,128,383,-255
103000084,168,12,156
103000085,4,165,-161
103000086,882,540,342
103000087,179,724,-545
103000088,373,379,-6
103000089,275,494,-219
103000090,2014,875,1139
103000091,828,441,387
103000092,287,342,-55
103000093,342,457,-115
103000094,237,127,110
103000095,114,394,-280
103000096,690,109,581
103000097,97,796,-699
103000098,1050,257,793
103000099,433,792,-359
103000100,92,867,-775
103000101,898,130,768
103000102,99,644,-545
103000103,668,249,419
103000104,74,129,-55
103000105,128,111,17
103000106,18,126,-108
103000107,271,62,209
103000108,639,610,29
103000109,395,368,27
103000110,571,419,152
103000111,519,545,-26
103000112,416,256,160
103000113,902,771,131
103000114,1456,533,923
103000115,479,490,-11
103000116,637,517,120
103000117,331,599,-268
103000118,1134,906,228
103000119,1455,742,713
103000120,95,187,-92
103000121,702,1038,-336
103000122,757,882,-125
103000125,16,304,-288
103000126,753,9,744
103000127,3,184,-181
103000128,250,11,239
103000129,7,145,-138
103000130,80,73,7
103000131,233,100,133
103000132,114,222,-108
103000133,21,144,-123
103000134,784,868,-84
103000135,827,432,395
103000136,826,525,301
103000137,653,747,-94
103000138,1098,848,250
103000139,4,86,-82
103000140,143,47,96
103000141,145,178,-33
103000142,247,89,158
103000143,69,224,-155
103000144,211,114,97
103000145,79,168,-89
103000150,97,50,47
103000152,236,300,-64
103000153,232,153,79
103000156,4,376,-372
103000157,487,4,483
103000159,182,78,104
103000162,130,61,69
103000163,29,82,-53
103000164,53,25,28
103000165,108,401,-293
103000166,243,321,-78
103000167,176,97,79
103000168,91,251,-160
103000169,250,487,-237
103000170,770,494,276
103000171,70,113,-43
103000172,525,320,205
103000173,631,705,-74
103000174,188,397,-209
103000175,277,442,-165
103000176,949,704,245
103000177,722,570,152
103000178,484,315,169
103000179,475,76,399
103000183,123,30,93
103000185,112,71,41
103000186,104,178,-74
103000187,514,470,44
103000188,21,90,-69
103000189,991,934,57
103000191,615,700,-85
103000292,2094,2129,-35
103000293,1230,2225,-995
103000295,118,135,-17
103000296,646,7,639
103000297,217,133,84
103000504,257,30,227
103000505,11,27,-16
103000506,2,319,-317
103000507,206,2,204
103000508,74,87,-13
103000509,232,709,-477
103900001,14,293,-279
103900002,1535,242,1293
103900003,1896,141,1755
103900004,115,0,115
103900005,5,258,-253
103900006,3,2,1
103900007,35,8,27
103900008,16,4,12
103900009,290,707,-417
103900010,140,627,-487
103900011,282,286,-4
103900012,13,9,4
103900013,113,84,29
103900014,71,23,48
103900015,38,18,20
103900016,836,229,607
103900017,63,78,-15
103900018,931,272,659
103900019,124,394,-270
103900020,214,527,-313
103900021,637,79,558
103900022,1366,796,570
103900023,162,2,160
103900024,83,481,-398
103900025,19,53,-34
103900026,285,1,284
103900027,782,303,479
103900028,20,375,-355
103900029,1126,178,948
103900030,327,85,242
103900031,58,5,53
103900032,101,88,13
103900033,100,20,80
103900034,34,205,-171
103900035,89,59,30
103900036,60,60,0
103900037,65,69,-4
103900038,148,231,-83
103900039,64,452,-388
103900040,3,192,-189
103900041,44,41,3
103900042,64,365,-301
103900043,160,66,94
103900044,136,262,-126
103900045,586,208,378
103900047,94,42,52
103900048,578,53,525
103900049,328,1497,-1169
103900050,9,107,-98
103900051,0,38,-38
103900052,257,508,-251
103900053,207,770,-563
103900054,102,450,-348
103900055,430,249,181
103900056,113,82,31
103900057,37,223,-186
103900058,279,765,-486
103900059,0,49,-49
103900060,67,219,-152
103900061,147,52,95
103900062,339,123,216
103900063,32,1,31
103900064,146,3,143
103900065,1135,492,643
103900066,162,27,135
103900067,211,17,194
103900068,20,2,18
103900069,84,28,56
103900070,189,260,-71
103900071,32,179,-147
103900072,13,280,-267
103900073,47,35,12
103900074,74,123,-49
103900075,301,109,192
103900076,472,655,-183
103900077,65,98,-33
103900078,565,144,421
103900079,201,248,-47
103900080,14,35,-21
103900081,123,30,93
103900082,13,157,-144
103900083,1693,1106,587
103900084,82,194,-112
103900085,118,137,-19
103900086,674,561,113
103900087,7,43,-36
103900088,483,696,-213
103900089,88,241,-153
103900090,5,166,-161
103900091,1272,361,911
103900092,664,575,89
103900093,94,451,-357
103900094,28,161,-133
103900095,363,227,136
103900096,40,337,-297
103900097,28,596,-568
103900098,233,154,79
103900099,73,206,-133
103900100,225,411,-186
103900101,156,1137,-981
103900102,2,56,-54
103900104,0,37,-37
103900105,105,302,-197
103900106,1,100,-99
103900107,138,232,-94
103900108,51,417,-366
103900109,112,109,3
103900110,211,82,129
103900111,87,709,-622
103900112,94,170,-76
103900113,196,268,-72
103900114,450,369,81
103900115,322,305,17
103900116,7168,3016,4152
103900117,210,104,106
103900119,37,86,-49
103900120,101,117,-16
103900122,83,403,-320
103900123,1903,848,1055
103900124,53,579,-526
103900125,87,95,-8
103900126,494,475,19
103900127,242,529,-287
103900128,352,191,161
103900131,44,169,-125
103900133,1135,156,979
103900134,1,7,-6
103900135,23,14,9
103900137,2,42,-40
103900138,99,323,-224
103900139,283,2081,-1798
103900140,10,112,-102
103900141,359,123,236
103900142,142,168,-26
103900143,82,9,73
103900144,1,67,-66
103900145,221,276,-55
103900146,350,313,37
103900147,407,152,255
103900148,218,565,-347
103900149,384,856,-472
103900150,7456,4102,3354
103900151,72,218,-146
103900152,563,821,-258
103900153,21,5,16
103900154,1193,1673,-480
103900155,64,274,-210
103900156,41,190,-149
103900157,65,279,-214
103900158,102,239,-137
103900159,151,104,47
103900160,66,53,13
103900161,121,260,-139
103900162,75,235,-160
103900163,19,528,-509
103900167,28,125,-97
103900168,129,138,-9
103900169,62,84,-22
103900170,1,132,-131
103900171,4,72,-68
103900172,7,21,-14
103900173,11,18,-7
103900174,149,104,45
103900175,93,74,19
103900176,12,38,-26
103900177,13,104,-91
103900178,49,74,-25
103900179,41,188,-147
103900180,24,152,-128
103900181,87,65,22
103900182,66,10,56
103900184,539,104,435
103900185,237,347,-110
103900187,28,69,-41
103900188,43,16,27
103900189,124,9,115
103900190,90,84,6
103900191,40,101,-61
103900192,25,238,-213
103900193,154,317,-163
103900194,72,322,-250
103900195,23,94,-71
103900196,115,46,69
103900197,21,44,-23
103900198,7,83,-76
103900199,164,57,107
103900200,178,133,45
103900201,226,260,-34
103900202,48,89,-41
103900203,64,24,40
103900204,3,103,-100
103900207,0,126,-126
103900208,115,1,114
103900209,17,150,-133
103900210,43,55,-12
103900211,573,505,68
103900212,125,465,-340
103900213,158,278,-120
103900214,268,223,45
103900215,557,400,157
103900216,11,430,-419
103900217,533,101,432
103900218,2,336,-334
103900219,195,347,-152
103900233,81,3,78
103900235,40,21,19
103900236,20,1,19
103900242,19,32,-13
103900243,14,8,6
103900244,135,250,-115
103900245,128,256,-128
103900246,76,45,31
103900247,48,113,-65
103900248,17,99,-82
103900249,46,124,-78
103900250,68,38,30
103900251,3,42,-39
103900253,24,110,-86
103900254,5,17,-12
103900255,6,23,-17
103900256,13,24,-11
103900257,125,150,-25
103900258,78,3,75
103900259,87,10,77
103900261,13,4,9
103900262,14,3,11
103900263,79,55,24
103900264,106,65,41
103900265,88,43,45
103900266,5,111,-106
103900267,31,77,-46
103900268,12,62,-50
103900269,149,42,107
103900270,59,161,-102
103900271,45,152,-107
103900272,64,112,-48
103900273,39,68,-29
103900274,78,39,39
103900275,46,15,31
103900276,6,197,-191
103900277,2,157,-155
103900278,0,7,-7
103900279,0,2,-2
104000001,2363,2492,-129
104000002,1837,2859,-1022
104000003,2572,2714,-142
104000004,3189,3078,111
104000005,1489,2335,-846
104000006,3249,3403,-154
104000007,4590,4491,99
104000008,249,360,-111
104000009,219,116,103
104000010,184,294,-110
104000011,501,463,38
104000012,173,493,-320
104000013,220,205,15
104000014,299,872,-573
104000015,341,186,155
104000016,633,502,131
104000018,868,177,691
104000019,596,218,378
104000020,215,722,-507
104000021,295,797,-502
104000022,159,312,-153
104000023,801,401,400
104000024,297,386,-89
104000026,57,480,-423
104000027,252,360,-108
104000028,352,249,103
104000029,407,492,-85
104000030,325,248,77
104000031,1412,466,946
104000032,208,304,-96
104000033,639,581,58
104000034,331,339,-8
104000035,850,430,420
104000036,717,609,108
104000037,334,298,36
104000038,463,284,179
104000039,220,326,-106
104000040,389,462,-73
104000041,842,364,478
104000042,220,377,-157
104000043,310,443,-133
104000044,300,643,-343
104000045,979,1276,-297
104000046,1248,1941,-693
104000047,1321,1577,-256
104000048,1276,2038,-762
104000049,869,359,510
104000050,319,754,-435
104000051,117,645,-528
104000052,2039,1761,278
104000053,1904,522,1382
104000054,1029,515,514
104000055,4734,3222,1512
104000056,1472,260,1212
104000057,123,604,-481
104000058,1118,702,416
104000059,579,1250,-671
104000060,1241,1279,-38
104000061,1515,1444,71
104000062,385,167,218
104000064,508,368,140
104000065,427,902,-475
104000069,1324,1220,104
104000070,96,649,-553
104000071,164,560,-396
104000072,616,223,393
104000075,121,384,-263
104000076,570,155,415
104000082,2660,3662,-1002
104000083,890,204,686
104000084,141,667,-526
104000085,298,350,-52
104000086,242,507,-265
104000087,603,2092,-1489
104000090,849,1464,-615
104000092,1320,2702,-1382
104000094,1218,1897,-679
104000095,1953,1655,298
104000096,1679,269,1410
104000097,1749,992,757
104000098,2126,1180,946
104000100,1866,855,1011
104000101,1339,1926,-587
104000106,90,695,-605
104000107,711,570,141
104000108,347,543,-196
104000109,345,106,239
104000110,895,1189,-294
104000111,4888,2752,2136
104000112,2661,606,2055
104000116,2,1185,-1183
104000117,152,801,-649
104000118,648,252,396
104000119,752,313,439
104000120,282,779,-497
104000121,224,855,-631
104000122,638,813,-175
104000123,951,1200,-249
104000124,1162,2361,-1199
104000125,3944,4283,-339
104000126,487,479,8
104000127,1661,3501,-1840
104000128,750,544,206
104000129,437,39,398
104000130,9,247,-238
104000131,792,486,306
104000132,561,643,-82
104000133,1631,982,649
104000134,1187,1832,-645
104000135,540,2069,-1529
104000136,1090,4315,-3225
104000137,1806,446,1360
104000138,1309,335,974
104000139,7552,3386,4166
104000141,1397,1460,-63
104000142,631,915,-284
104000143,598,734,-136
104000144,100,215,-115
104000145,410,217,193
104000146,329,696,-367
104000147,225,433,-208
104000148,311,151,160
104000149,173,380,-207
104000150,1135,590,545
104000151,490,618,-128
104000152,903,802,101
104000153,743,578,165
104000154,1269,894,375
104000155,487,539,-52
104000157,1284,1835,-551
104000158,769,700,69
104000159,919,571,348
104000160,1860,1995,-135
104000161,208,223,-15
104000162,81,181,-100
104000165,1219,1392,-173
104000167,766,1010,-244
104000168,688,13,675
104000169,102,48,54
104000170,573,596,-23
104000248,309,783,-474
104000251,59,289,-230
104000272,0,0,0
104000273,0,0,0
104000274,0,0,0
104000275,0,0,0
104000279,817,532,285
104000290,122,374,-252
104000291,737,1259,-522
104000293,730,827,-97
104000294,29,1,28
104000295,674,1076,-402
104000296,491,1058,-567
104000297,975,2246,-1271
104000298,3464,1089,2375
104000299,787,1658,-871
104900001,188,650,-462
104900002,72,235,-163
104900003,78,385,-307
104900004,152,415,-263
104900005,260,300,-40
104900006,336,167,169
104900007,259,291,-32
104900009,168,410,-242
104900010,124,106,18
104900011,170,38,132
104900012,378,31,347
104900013,192,20,172
104900014,3463,430,3033
104900015,107,7,100
104900016,359,266,93
104900017,175,264,-89
104900018,4,206,-202
104900019,405,2556,-2151
104900020,116,343,-227
104900021,0,178,-178
104900022,23,126,-103
104900023,0,96,-96
104900024,34,92,-58
104900025,87,296,-209
104900026,0,123,-123
104900027,539,336,203
104900028,42,128,-86
104900029,65,96,-31
104900030,607,297,310
104900031,110,252,-142
104900032,55,156,-101
104900033,247,340,-93
104900034,436,189,247
104900035,376,225,151
104900036,219,88,131
104900037,188,287,-99
104900038,605,927,-322
104900039,893,427,466
104900040,501,126,375
104900041,255,196,59
104900042,207,297,-90
104900043,18,127,-109
104900044,623,217,406
104900045,433,37,396
104900046,234,188,46
104900047,330,131,199
104900048,319,122,197
104900049,40,29,11
104900050,455,142,313
104900051,323,72,251
104900052,43,2,41
104900053,492,165,327
104900054,199,41,158
104900055,110,0,110
104900056,207,40,167
104900057,28,0,28
104900058,1129,633,496
104900059,159,74,85
104900060,1,609,-608
104900061,276,720,-444
104900063,1,172,-171
104900064,0,86,-86
104900065,2,246,-244
104900066,2,218,-216
104900067,10,375,-365
104900068,29,255,-226
104900070,233,344,-111
104900071,2,518,-516
104900072,69,427,-358
104900073,95,266,-171
104900074,96,311,-215
104900075,97,69,28
104900076,116,426,-310
104900077,1202,286,916
104900078,259,743,-484
104900079,140,536,-396
104900080,139,696,-557
104900082,21,619,-598
104900085,3,230,-227
104900087,516,10,506
104900089,158,0,158
104900090,1202,795,407
104900091,2324,811,1513
104900093,260,750,-490
104900097,2836,2476,360
104900098,150,65,85
104900099,159,664,-505
104900100,634,334,300
104900102,50,212,-162
104900103,529,107,422
104900104,3492,2678,814
104900106,156,182,-26
104900107,257,254,3
104900108,74,277,-203
104900109,140,279,-139
104900110,11,62,-51
104900111,212,193,19
104900112,305,826,-521
104900113,656,479,177
104900114,372,586,-214
104900115,740,547,193
104900116,253,255,-2
104900118,36,124,-88
104900119,46,80,-34
104900120,54,205,-151
104900121,0,115,-115
104900122,5,68,-63
104900123,62,13,49
104900124,44,1,43
104900125,557,19,538
104900126,98,66,32
104900127,32,74,-42
104900128,101,123,-22
104900129,2230,1933,297
105000001,2696,1564,1132
105000002,2387,1711,676
105000003,3675,4177,-502
105000004,657,1114,-457
105000005,873,1215,-342
105000006,1670,1912,-242
105000007,1336,1457,-121
105000008,2072,3211,-1139
105000009,2381,3519,-1138
105000010,3287,2822,465
105000011,3851,2985,866
105000012,5570,3781,1789
105000013,1225,1204,21
105000014,2655,2967,-312
105000015,11239,15700,-4461
105000016,3652,2668,984
105000017,2274,1183,1091
105000018,1475,1732,-257
105000019,1557,804,753
105000020,228,491,-263
105000021,351,106,245
105000022,407,103,304
105000023,751,508,243
105000028,95,137,-42
105000029,684,1475,-791
105000030,4640,3144,1496
105000033,1252,2381,-1129
105000034,161,986,-825
105000037,790,425,365
105000038,2757,1749,1008
105000039,3562,2285,1277
105000040,1370,1273,97
105000041,1668,1847,-179
105000042,5423,1874,3549
105000043,2586,2862,-276
105000044,664,522,142
105000045,438,1209,-771
105000046,1055,414,641
105000047,593,2012,-1419
105000048,620,217,403
105000049,288,646,-358
105000050,634,388,246
105000051,184,563,-379
105000052,829,953,-124
105000053,162,162,0
105000054,534,1003,-469
105000055,871,440,431
105000056,1476,2384,-908
105000057,1428,1042,386
105000058,1508,1471,37
105000059,734,683,51
105000060,498,740,-242
105000061,636,618,18
105000062,663,970,-307
105000063,399,526,-127
105000064,1406,979,427
105000065,404,685,-281
105000066,1211,1729,-518
105000067,1609,916,693
105000068,565,1059,-494
105000069,2271,1747,524
105000070,794,948,-154
105000071,270,879,-609
105000072,1050,2202,-1152
105000073,935,663,272
105000074,1682,979,703
105000075,666,1046,-380
105000076,1387,1249,138
105000077,3097,1273,1824
105000078,1711,1594,117
105000079,1821,3825,-2004
105000080,2314,1680,634
105000081,4895,1634,3261
105000082,1373,2030,-657
105000083,5904,4053,1851
105000084,907,1091,-184
105000085,2064,2151,-87
105000086,601,1169,-568
105000087,1965,2340,-375
105000088,1986,1699,287
105000089,4570,2973,1597
105000090,1305,1068,237
105000091,1699,1738,-39
105000092,961,1127,-166
105000093,498,316,182
105000094,333,299,34
105000095,133,584,-451
105000096,1395,1149,246
105000097,1336,940,396
105000098,988,871,117
105000099,1101,789,312
105000100,1503,1201,302
105000101,2677,2237,440
105000102,3479,1600,1879
105000103,2378,2669,-291
105000104,2918,1160,1758
105000105,1755,2353,-598
105000106,2024,1993,31
105000107,1423,1043,380
105000108,1613,1647,-34
105000109,1668,2008,-340
105000110,816,732,84
105000111,729,949,-220
105000112,1280,871,409
105000113,449,839,-390
105000114,3104,1299,1805
105000115,320,1272,-952
105000116,845,689,156
105000117,970,1347,-377
105000118,618,609,9
105000119,822,1068,-246
105000120,983,758,225
105000121,893,1274,-381
105000122,477,751,-274
105000123,1568,1607,-39
105000124,1877,916,961
105000125,946,2180,-1234
105000126,2110,1945,165
105000127,2514,2344,170
105000128,942,1337,-395
105000129,949,410,539
105000130,539,3081,-2542
105000131,1006,497,509
105000132,830,727,103
105000133,556,1137,-581
105000134,740,712,28
105000135,663,763,-100
105000136,130,428,-298
105000137,491,352,139
105000138,235,446,-211
105000139,1226,1170,56
105000140,442,642,-200
105000141,352,723,-371
105000142,240,536,-296
105000143,403,908,-505
105000144,331,987,-656
105000145,757,517,240
105000146,549,1094,-545
105000147,634,382,252
105000148,1393,677,716
105000149,2585,2315,270
105000150,2400,1876,524
105000151,554,479,75
105000152,214,536,-322
105000153,627,853,-226
105000154,754,684,70
105000155,380,1052,-672
105000156,1000,758,242
105000157,946,1875,-929
105000158,2074,859,1215
105000159,257,1157,-900
105000160,1762,690,1072
105000161,761,1143,-382
105000162,608,1834,-1226
105000163,1177,979,198
105000164,255,333,-78
105000165,1170,4947,-3777
105000166,5801,1005,4796
105000167,2442,1594,848
105000168,340,708,-368
105000169,547,650,-103
105000170,244,1474,-1230
105000171,1198,313,885
105000172,187,129,58
105000173,147,406,-259
105000174,58,170,-112
105000175,79,173,-94
105000176,427,154,273
105000177,307,207,100
105000178,148,545,-397
105000179,566,206,360
105000180,164,173,-9
105000181,137,312,-175
105000182,78,59,19
105000183,2789,1929,860
105000184,1951,1352,599
105000185,2336,1016,1320
105000186,1128,910,218
105000187,1123,246,877
105000188,651,219,432
105000189,460,612,-152
105000190,368,601,-233
105000191,538,375,163
105000192,336,93,243
105000193,104,227,-123
105000194,385,149,236
105000195,468,924,-456
105000196,85,252,-167
105000197,327,748,-421
105000198,748,430,318
105000199,328,772,-444
105000200,189,355,-166
105000201,140,33,107
105000203,17,259,-242
105000204,101,112,-11
105000205,134,254,-120
105000207,762,408,354
105000208,373,568,-195
105000209,264,537,-273
105000212,1481,1514,-33
105000213,191,226,-35
105000214,243,433,-190
105000215,256,214,42
105000216,135,842,-707
105000217,199,627,-428
105000218,1258,1092,166
105000221,176,218,-42
105000222,1047,93,954
105000223,405,181,224
105000226,126,321,-195
105000227,105,219,-114
105000228,353,2132,-1779
105000229,167,622,-455
105000231,351,320,31
105000233,942,812,130
105000234,1046,1363,-317
105000235,469,646,-177
105000237,735,105,630
105000243,31,220,-189
105000248,101,66,35
105000262,425,1400,-975
105000269,145,244,-99
105000270,475,88,387
105000271,0,254,-254
105000282,72,61,11
105000287,438,140,298
105000288,862,437,425
105000289,3856,2426,1430
105000290,59,6,53
105000402,4270,4760,-490
105000426,667,725,-58
105000438,5078,2122,2956
105000446,13962,6645,7317
105000447,8793,3609,5184
105000454,410,812,-402
105000455,362,228,134
105000474,43,1,42
105000477,436,595,-159
105000478,1862,4476,-2614
105000479,162,174,-12
105000480,10811,7326,3485
105000481,5499,3668,1831
105000482,7205,9181,-1976
105000483,1768,1951,-183
105000484,2730,3789,-1059
105000485,1866,3310,-1444
105000486,4465,2933,1532
105000488,12370,6833,5537
105000489,955,986,-31
105000549,240,175,65
105000550,659,1713,-1054
105000551,57,178,-121
105000552,3039,2059,980
105000555,383,532,-149
105900001,18,1627,-1609
105900002,1682,813,869
105900003,9,178,-169
105900004,409,143,266
105900005,19,264,-245
105900006,25,156,-131
105900007,273,35,238
105900008,65,622,-557
105900009,28,20,8
105900011,476,55,421
105900012,769,242,527
105900013,2,41,-39
105900014,12,90,-78
105900015,248,356,-108
105900016,428,700,-272
105900017,1201,58,1143
105900018,221,220,1
105900019,86,917,-831
105900020,45,70,-25
105900021,57,447,-390
105900022,504,237,267
105900023,20,148,-128
105900024,51,272,-221
105900025,199,65,134
105900026,270,31,239
105900027,10000,11755,-1755
105900028,1074,354,720
105900029,1807,478,1329
105900030,239,347,-108
105900031,363,243,120
105900032,85,163,-78
105900033,108,147,-39
105900034,588,289,299
105900035,253,254,-1
105900036,107,216,-109
105900037,66,84,-18
105900038,175,291,-116
105900039,146,174,-28
105900040,99,112,-13
105900041,201,273,-72
105900042,86,171,-85
105900043,1468,81,1387
105900044,2,309,-307
105900045,2,940,-938
105900046,8,335,-327
105900047,8,81,-73
105900048,113,617,-504
105900050,9074,4664,4410
105900051,45,1110,-1065
105900052,728,465,263
105900053,3449,2768,681
105900054,428,240,188
105900056,1043,442,601
105900057,110,183,-73
105900058,15,18,-3
105900059,0,44,-44
106000001,5151,2691,2460
106000002,2806,6100,-3294
106000003,3194,3929,-735
106000004,2042,3192,-1150
106000005,3420,6349,-2929
106000006,6369,4726,1643
106000007,512,709,-197
106000008,446,354,92
106000009,657,423,234
106000010,666,653,13
106000011,1028,1202,-174
106000012,907,1513,-606
106000013,1846,2360,-514
106000014,2028,1867,161
106000015,1851,1532,319
106000016,1287,2441,-1154
106000017,550,835,-285
106000018,691,552,139
106000019,429,552,-123
106000020,329,427,-98
106000021,323,509,-186
106000022,316,242,74
106000023,554,399,155
106000024,616,558,58
106000025,143,231,-88
106000026,142,291,-149
106000027,1230,1447,-217
106000028,541,535,6
106000029,853,1379,-526
106000030,670,555,115
106000034,269,667,-398
106000035,1089,2159,-1070
106000036,257,555,-298
106000037,1940,1595,345
106000038,506,139,367
106000039,197,82,115
106000040,164,1167,-1003
106000041,806,637,169
106000043,643,225,418
106000046,427,105,322
106000047,95,498,-403
106000049,1014,287,727
106000050,322,929,-607
106000051,724,509,215
106000052,98,784,-686
106000053,380,142,238
106000054,389,592,-203
106000055,1145,1218,-73
106000056,346,393,-47
106000057,305,384,-79
106000058,146,222,-76
106000059,320,438,-118
106000060,376,598,-222
106000061,215,593,-378
106000062,167,654,-487
106000063,642,623,19
106000064,51,456,-405
106000065,417,461,-44
106000066,123,439,-316
106000067,604,120,484
106000068,70,714,-644
106000069,257,95,162
106000070,503,868,-365
106000071,1157,397,760
106000072,3039,1740,1299
106000073,1714,3068,-1354
106000074,671,770,-99
106000075,373,1571,-1198
106000076,2027,2399,-372
106000077,3885,1640,2245
106000078,1104,1066,38
106000079,649,1091,-442
106000080,1380,739,641
106000081,576,1277,-701
106000082,2593,943,1650
106000083,457,1609,-1152
106000084,1294,798,496
106000085,1583,1734,-151
106000086,678,1090,-412
106000087,1074,602,472
106000088,394,911,-517
106000089,1045,416,629
106000090,301,771,-470
106000091,302,630,-328
106000092,782,284,498
106000093,260,222,38
106000094,114,299,-185
106000095,729,868,-139
106000096,868,858,10
106000097,1065,966,99
106000098,701,1048,-347
106000099,266,934,-668
106000100,2233,331,1902
106000101,5581,343,5238
106000102,567,842,-275
106000103,529,589,-60
106000104,1589,512,1077
106000105,506,770,-264
106000106,628,529,99
106000107,108,357,-249
106000108,227,362,-135
106000109,181,287,-106
106000110,259,359,-100
106000111,220,434,-214
106000112,248,618,-370
106000113,852,526,326
106000114,452,828,-376
106000115,229,460,-231
106000116,230,225,5
106000117,1090,797,293
106000118,1179,1532,-353
106000119,1697,1200,497
106000120,929,1175,-246
106000121,191,145,46
106000122,119,271,-152
106000123,411,200,211
106000124,71,253,-182
106000125,39,273,-234
106000126,244,145,99
106000127,800,1011,-211
106000128,708,272,436
106000129,475,696,-221
106000130,743,370,373
106000131,141,849,-708
106000132,506,205,301
106000133,2314,1331,983
106000134,651,3570,-2919
106000135,294,717,-423
106000136,623,1273,-650
106000137,76,951,-875
106000138,1001,120,881
106000139,55,126,-71
106000140,44,68,-24
106000141,103,60,43
106000142,74,85,-11
106000143,55,69,-14
106000144,33,80,-47
106000145,285,314,-29
106000146,337,206,131
106000147,459,491,-32
106000148,618,858,-240
106000149,489,433,56
106000150,548,2048,-1500
106000151,3965,966,2999
106000152,1567,1996,-429
106000153,73,1745,-1672
106000154,1560,223,1337
106000155,98,293,-195
106000156,889,391,498
106000157,721,1899,-1178
106000158,2554,1215,1339
106000159,3445,2167,1278
106000160,482,2750,-2268
106000161,1758,431,1327
106000162,264,1077,-813
106000163,495,438,57
106000164,378,377,1
106000165,236,547,-311
106000166,697,390,307
106000167,416,1093,-677
106000168,472,346,126
106000169,230,732,-502
106000170,1010,339,671
106000171,484,1532,-1048
106000172,3202,1730,1472
106000173,1401,3167,-1766
106000174,1069,452,617
106000175,376,965,-589
106000176,1577,926,651
106000177,997,2502,-1505
106000178,3661,1923,1738
106000179,1306,2548,-1242
106000180,967,1455,-488
106000181,809,2085,-1276
106000182,1332,892,440
106000183,1374,855,519
106000184,2400,1028,1372
106000185,1306,1544,-238
106000186,973,364,609
106000187,294,1213,-919
106000188,0,1,-1
106000189,30,54,-24
106000190,23,4,19
106000191,699,213,486
106000192,0,30,-30
106000193,527,264,263
106000194,158,468,-310
106000195,1115,232,883
106000196,233,685,-452
106000197,822,351,471
106000198,232,267,-35
106000199,2007,872,1135
106000200,324,295,29
106000201,554,2564,-2010
106000202,4602,714,3888
106000203,82,208,-126
106000204,108,32,76
106000205,14,151,-137
106000206,122,35,87
106000207,43,836,-793
106000208,1369,160,1209
106000209,1544,467,1077
106000210,438,1159,-721
106000211,515,1321,-806
106000212,911,479,432
106000213,1001,2552,-1551
106000214,3088,1035,2053
106000215,353,541,-188
106000216,341,405,-64
106000217,285,445,-160
106000218,450,484,-34
106000219,176,307,-131
106000220,766,310,456
106000221,173,288,-115
106000222,86,119,-33
106000223,203,127,76
106000224,199,264,-65
106000225,70,157,-87
106000226,131,285,-154
106000228,58,109,-51
106000229,93,788,-695
106000231,1024,116,908
106000232,238,470,-232
106000233,988,76,912
106000234,667,225,442
106000235,1332,144,1188
106000236,599,102,497
106000237,4,31,-27
106000238,265,19,246
106000239,4,192,-188
106000240,46,4,42
106000241,24,725,-701
106000242,260,40,220
106000249,80,64,16
106000250,76,585,-509
106000251,146,39,107
106000252,67,76,-9
106000253,60,72,-12
106000254,42,41,1
106000255,15,221,-206
106000256,36,50,-14
106000257,151,286,-135
106000258,574,19,555
106000259,20,53,-33
106000260,53,8,45
106000261,16,65,-49
106000262,135,17,118
106000263,20,58,-38
106000264,200,12,188
106000265,14,144,-130
106000266,126,32,94
106000267,6,104,-98
106000268,562,82,480
106000269,56,84,-28
106000270,162,521,-359
106000271,110,244,-134
106000272,387,74,313
106000273,12,316,-304
106000274,192,41,151
106000275,140,302,-162
106000276,221,49,172
106000277,153,257,-104
106000278,244,48,196
106000279,18,49,-31
106000280,80,100,-20
106000281,102,87,15
106000282,77,80,-3
106000283,152,75,77
106000284,90,98,-8
106000285,133,113,20
106000286,105,157,-52
106000287,128,113,15
106000288,115,184,-69
106000289,95,74,21
106000290,47,98,-51
106000291,148,110,38
106000292,76,125,-49
106000293,165,96,69
106000294,126,135,-9
106000295,60,45,15
106000296,45,88,-43
106000297,86,232,-146
106000298,166,65,101
106000299,104,129,-25
106000300,56,103,-47
106000301,66,139,-73
106000303,50,116,-66
106000304,34,27,7
106000305,42,80,-38
106000306,38,64,-26
106000307,69,33,36
106000308,45,170,-125
106000309,30,92,-62
106000310,317,522,-205
106000311,407,249,158
106000312,99,192,-93
106000313,198,269,-71
106000318,144,508,-364
106000319,1051,274,777
106000320,6,91,-85
106000321,554,132,422
106000322,144,175,-31
106000324,20,135,-115
106000325,1630,1038,592
106000326,1030,1987,-957
106000327,161,151,10
106000328,84,152,-68
106000329,264,293,-29
106000330,258,93,165
106000428,113,200,-87
106000429,137,521,-384
106000430,416,1403,-987
106000431,2661,497,2164
106000432,2095,3031,-936
106000433,2374,1510,864
106000434,3322,1782,1540
106000435,1761,2822,-1061
106000436,18,233,-215
106000437,372,43,329
106000438,669,215,454
106000439,100,487,-387
106000440,596,495,101
106000441,0,0,0
106000442,150,10,140
106000443,175,397,-222
106000450,7,212,-205
106000451,15,52,-37
106000454,11,346,-335
106000455,9,234,-225
106000456,128,37,91
106000457,5,1204,-1199
106000458,766,109,657
106000459,148,520,-372
106000460,1697,38,1659
106000461,85,1671,-1586
106000462,1,21,-20
106000463,2,23,-21
106000464,4,522,-518
106000465,628,4,624
106000466,9,768,-759
106000467,483,728,-245
106000468,79,233,-154
106000469,192,3,189
106000470,380,1824,-1444
106000471,22,741,-719
106000472,234,32,202
106000473,42,26,16
106000474,278,519,-241
106000475,246,180,66
106000476,150,218,-68
106000477,10,42,-32
106000480,1,103,-102
106900001,0,19,-19
106900002,1,525,-524
106900003,300,1179,-879
106900004,0,48,-48
106900006,0,3,-3
106900007,0,13,-13
106900008,354,261,93
106900009,316,359,-43
106900010,290,281,9
106900012,1848,3847,-1999
106900013,1928,191,1737
106900014,21,6,15
106900015,18,0,18
106900016,357,9,348
106900017,9,0,9
106900018,3,0,3
106900019,46,1,45
106900020,2887,1479,1408
106900021,119,125,-6
106900022,683,6,677
106900023,42,288,-246
106900024,1414,47,1367
106900025,100,773,-673
106900026,0,685,-685
106900027,726,7,719
107000001,5032,4516,516
107000002,4503,6310,-1807
107000003,6330,7451,-1121
107000004,6013,6773,-760
107000005,4981,6339,-1358
107000006,7174,5836,1338
107000007,6758,12175,-5417
107000008,15208,10946,4262
107000009,8203,8487,-284
107000010,13389,12896,493
107000011,1474,1731,-257
107000012,5355,3786,1569
107000013,75,117,-42
107000014,33,222,-189
107000015,482,858,-376
107000016,718,902,-184
107000017,8513,2453,6060
107000018,118,2002,-1884
107000020,5569,2362,3207
107000021,2699,719,1980
107000022,2082,2263,-181
107000023,3445,379,3066
107000024,746,1729,-983
107000025,252,664,-412
107000026,479,640,-161
107000027,1485,1905,-420
107000028,1743,1943,-200
107000029,3923,4041,-118
107000030,4105,4042,63
107000031,4234,3804,430
107000032,677,1286,-609
107000033,3515,7814,-4299
107000034,4878,2341,2537
107000035,391,337,54
107000036,559,1386,-827
107000037,84,1041,-957
107000038,310,396,-86
107000039,1060,1083,-23
107000040,205,521,-316
107000041,2153,1081,1072
107000042,899,2280,-1381
107000043,3430,1441,1989
107000044,703,507,196
107000045,164,355,-191
107000046,1041,555,486
107000047,559,939,-380
107000048,842,376,466
107000049,629,941,-312
107000050,1220,675,545
107000051,455,447,8
107000052,1326,1258,68
107000053,376,253,123
107000054,58,331,-273
107000055,268,91,177
107000056,445,839,-394
107000057,1355,296,1059
107000058,2568,2694,-126
107000059,2437,4083,-1646
107000060,5060,6699,-1639
107000061,6220,4794,1426
107000062,4494,3589,905
107000063,4993,6276,-1283
107000064,4875,3034,1841
107000065,6916,5843,1073
107000066,2691,3720,-1029
107000067,1472,1365,107
107000068,1900,805,1095
107000069,975,515,460
107000070,1472,10,1462
107000071,3210,59,3151
107000072,76,3484,-3408
107000073,886,347,539
107000074,224,1175,-951
107000075,1931,544,1387
107000076,895,1824,-929
107000077,4054,1560,2494
107000078,3463,4125,-662
107000079,2952,1348,1604
107000080,1658,3994,-2336
107000081,1966,816,1150
107000082,744,2516,-1772
107000083,1566,488,1078
107000084,447,2640,-2193
107000085,3306,3904,-598
107000086,3969,3991,-22
107000087,3095,2476,619
107000088,4180,4453,-273
107000089,1714,2135,-421
107000090,1428,1387,41
107000091,1479,1041,438
107000092,910,1248,-338
107000093,1419,1076,343
107000094,1203,1375,-172
107000095,872,881,-9
107000096,724,1210,-486
107000097,1131,487,644
107000098,953,892,61
107000099,753,342,411
107000100,391,511,-120
107000101,86,216,-130
107000102,272,429,-157
107000103,315,198,117
107000104,225,266,-41
107000105,403,195,208
107000106,405,347,58
107000107,617,219,398
107000108,291,764,-473
107000109,648,160,488
107000110,92,595,-503
107000111,390,68,322
107000112,48,346,-298
107000113,608,120,488
107000114,108,562,-454
107000115,586,145,441
107000116,151,816,-665
107000117,153,748,-595
107000118,136,218,-82
107000119,1841,1858,-17
107000120,1488,567,921
107000121,989,883,106
107000122,1339,1200,139
107000123,478,830,-352
107000124,602,1010,-408
107000125,944,798,146
107000126,1054,1074,-20
107000129,319,803,-484
107000130,634,314,320
107000131,532,617,-85
107000132,633,464,169
107000133,1338,174,1164
107000134,423,3,420
107000135,10,357,-347
107000136,996,5,991
107000137,19,481,-462
107000138,607,39,568
107000139,30,581,-551
107000140,2656,168,2488
107000141,208,903,-695
107000142,778,129,649
107000143,68,812,-744
107000144,883,666,217
107000145,230,642,-412
107000146,294,499,-205
107000147,3584,1081,2503
107000150,832,5238,-4406
107000151,42,157,-115
107000152,573,1536,-963
107000153,228,550,-322
107000154,319,297,22
107000155,955,53,902
107000156,1446,47,1399
107000157,118,1774,-1656
107000158,532,21,511
107000159,45,1049,-1004
107000160,1007,243,764
107000161,91,1842,-1751
107000162,340,839,-499
107000163,277,8,269
107000164,688,4,684
107000165,979,22,957
107000166,85,1489,-1404
107000167,730,385,345
107000168,1222,612,610
107000169,956,1102,-146
107000170,2294,1170,1124
107000171,910,2356,-1446
107000172,1148,1724,-576
107000173,847,1207,-360
107000174,1241,6668,-5427
107000175,8343,2167,6176
107000176,3,0,3
107000177,1,1,0
107000178,14,78,-64
107000179,340,2430,-2090
107000180,1445,480,965
107000181,499,1358,-859
107000182,1731,1277,454
107000183,150,1040,-890
107000184,937,868,69
107000185,607,1765,-1158
107000186,1408,687,721
107000187,1607,1607,0
107000188,668,737,-69
107000189,554,1368,-814
107000190,700,897,-197
107000191,752,1133,-381
107000192,1919,1006,913
107000193,468,584,-116
107000194,903,818,85
107000197,1147,430,717
107000198,438,849,-411
107000199,882,1013,-131
107000200,784,807,-23
107000201,554,460,94
107000202,357,624,-267
107000203,1699,1163,536
107000204,1855,1257,598
107000205,3046,1448,1598
107000206,1531,1749,-218
107000207,894,1293,-399
107000208,1631,648,983
107000209,2737,1376,1361
107000210,1053,454,599
107000211,6,67,-61
107000212,20,399,-379
107000213,11,26,-15
107000214,17,196,-179
107000215,646,448,198
107000216,471,451,20
107000217,321,154,167
107000219,117,221,-104
107000220,352,232,120
107000222,329,1144,-815
107000224,725,101,624
107000225,1125,612,513
107000226,574,114,460
107000227,174,413,-239
107000228,139,249,-110
107000229,228,284,-56
107000230,1140,612,528
107000231,2204,1987,217
107000232,168,231,-63
107000233,2140,1281,859
107000234,2,56,-54
107000235,119,7,112
107000236,25,885,-860
107000237,38,3,35
107000238,46,2,44
107000239,4090,747,3343
107000240,182,1455,-1273
107000241,123,16,107
107000242,346,47,299
107000243,0,53,-53
107000244,6,89,-83
107000246,3,1133,-1130
107000249,2,1303,-1301
107000251,0,464,-464
107000252,10,1565,-1555
107000255,611,142,469
107000257,0,396,-396
107000258,2,120,-118
107000259,10,248,-238
107000260,588,39,549
107000262,7,587,-580
107000263,248,54,194
107000266,3,16,-13
107000267,151,191,-40
107000268,165,237,-72
107000269,1063,74,989
107000270,7,41,-34
107000271,33,798,-765
107000272,23,174,-151
107000273,10,285,-275
107000274,3948,545,3403
107000275,265,1793,-1528
107000280,807,46,761
107000281,57,1151,-1094
107000282,99,942,-843
107000290,30,39,-9
107000291,32,18,14
107000292,1,151,-150
107000293,231,3,228
107000294,1,50,-49
107000295,353,5,348
107000296,0,27,-27
107000444,507,13,494
107000496,1,31,-30
107000497,1987,3030,-1043
107000500,417,445,-28
107000501,174,181,-7
107000502,212,414,-202
107000505,502,1047,-545
107000506,5,78,-73
107000508,15,897,-882
107000509,316,1325,-1009
107000510,88,34,54
107000514,60,390,-330
107000515,36,240,-204
107000516,250,385,-135
107000518,1096,1343,-247
107000519,2191,1220,971
107000520,78,39,39
107000521,557,503,54
107000522,942,792,150
107900001,86,215,-129
107900002,43,6,37
107900003,649,45,604
107900004,93,5,88
107900005,1334,9,1325
107900006,166,3,163
107900007,417,59,358
107900008,353,35,318
107900009,273,8,265
107900010,44,3,41
107900012,323,36,287
107900013,281,56,225
107900014,34,14,20
107900015,1124,12,1112
107900016,614,99,515
107900017,37,8,29
107900018,81,211,-130
107900019,22,53,-31
107900020,140,13,127
107900021,64,153,-89
107900023,4,4,0
107900024,1,34,-33
107900025,262,300,-38
107900026,104,74,30
107900027,57,75,-18
107900028,71,88,-17
107900030,177,28,149
107900031,65,152,-87
107900032,27,12,15
107900033,24,20,4
107900034,430,32,398
107900035,803,89,714
107900036,53,11,42
107900037,0,36,-36
107900038,125,300,-175
107900039,36,62,-26
107900040,94,395,-301
107900041,0,3,-3
107900043,26,149,-123
107900044,17,33,-16
107900045,169,85,84
107900046,143,282,-139
107900047,28,84,-56
107900048,212,13,199
107900049,387,2573,-2186
107900050,225,401,-176
107900051,117,95,22
107900052,58,29,29
107900053,30,114,-84
107900055,1058,465,593
107900056,200,88,112
107900057,4,0,4
107900058,43,744,-701
107900060,204,55,149
107900061,28,8,20
107900063,77,153,-76
107900064,415,192,223
107900065,203,26,177
107900066,40,9,31
107900067,1,0,1
107900068,214,551,-337
107900069,42,1784,-1742
107900070,96,53,43
107900071,26,804,-778
107900072,72,244,-172
107900073,491,132,359
107900074,964,306,658
107900076,130,71,59
107900077,62,1,61
107900078,279,104,175
107900079,7,34,-27
107900080,340,765,-425
107900081,65,131,-66
107900082,24,29,-5
107900083,462,252,210
107900084,137,193,-56
107900086,167,222,-55
107900087,860,240,620
107900088,36,12,24
107900089,369,1324,-955
107900090,1027,3217,-2190
107900091,297,495,-198
107900092,2444,556,1888
107900093,134,142,-8
107900095,3897,2502,1395
107900097,36,111,-75
107900098,64,292,-228
107900100,1306,1395,-89
107900101,1153,322,831
107900102,34,4,30
107900103,75,217,-142
107900104,344,13,331
107900105,9,405,-396
107900106,9,1300,-1291
107900107,2004,603,1401
107900108,341,186,155
107900109,1230,29,1201
107900110,43,212,-169
107900111,9,1023,-1014
107900112,144,435,-291
107900113,211,167,44
107900114,201,214,-13
107900115,5,47,-42
107900116,186,292,-106
107900117,491,538,-47
107900118,122,222,-100
107900119,74,385,-311
107900120,43,26,17
107900121,1,250,-249
107900122,2,137,-135
107900123,4,34,-30
107900124,15,53,-38
107900125,31,221,-190
107900126,15,82,-67
107900127,694,362,332
107900128,124,118,6
107900129,78,90,-12
107900130,96,47,49
107900131,915,342,573
107900132,135,460,-325
107900133,1,124,-123
107900134,40,87,-47
107900135,8,214,-206
107900136,54,83,-29
107900137,180,134,46
107900138,61,136,-75
107900139,30,166,-136
107900140,144,64,80
107900141,45,66,-21
107900142,109,1027,-918
107900143,339,46,293
107900144,1,195,-194
107900145,24,159,-135
107900146,71,122,-51
107900147,76,84,-8
107900148,185,155,30
107900149,1191,321,870
107900150,78,844,-766
107900151,48,104,-56
107900152,16,291,-275
107900153,162,305,-143
107900154,44,41,3
107900155,87,129,-42
107900156,10,374,-364
107900157,47,79,-32
107900158,981,31,950
107900159,57,1010,-953
107900160,144,188,-44
107900161,32,168,-136
107900162,2,152,-150
107900163,104,249,-145
107900164,11,64,-53
107900165,42,129,-87
107900166,20,215,-195
107900167,27,56,-29
107900168,40,54,-14
107900169,5,231,-226
107900171,20,1536,-1516
107900172,3,378,-375
107900173,27,167,-140
107900174,115,6,109
107900175,105,45,60
107900176,39,39,0
107900177,3,332,-329
107900178,1,186,-185
107900179,24,169,-145
107900180,793,538,255
107900181,1011,355,656
107900182,8,1184,-1176
107900183,57,305,-248
107900184,175,283,-108
107900185,110,6,104
107900186,50,58,-8
107900187,0,171,-171
107900188,807,201,606
107900189,33,172,-139
107900190,86,169,-83
107900191,82,130,-48
107900193,19,42,-23
107900194,247,12,235
107900195,2952,518,2434
107900196,114,131,-17
107900197,1082,455,627
107900199,42,1094,-1052
107900201,80,120,-40
107900203,38,83,-45
107900204,202,360,-158
107900205,211,429,-218
107900206,1243,318,925
107900207,4,589,-585
107900208,16,678,-662
107900209,489,190,299
107900210,116,148,-32
107900213,1196,1001,195
107900214,45,167,-122
107900215,209,377,-168
107900216,218,99,119
107900217,66,122,-56
107900218,29,2025,-1996
107900219,29,128,-99
107900220,364,318,46
107900221,283,273,10
107900223,126,661,-535
107900224,185,427,-242
107900225,17,838,-821
107900226,105,115,-10
107900227,181,493,-312
107900228,11,151,-140
107900229,2,346,-344
107900230,18,112,-94
107900231,22,229,-207
107900232,92,170,-78
107900233,7,127,-120
107900234,96,209,-113
107900235,66,139,-73
107900236,98,85,13
107900237,78,560,-482
107900238,34,135,-101
107900239,1021,581,440
107900240,25,131,-106
107900241,15,83,-68
107900242,44,262,-218
107900243,6,83,-77
107900244,357,1,356
107900245,643,47,596
107900246,717,16,701
107900248,211,544,-333
107900249,584,37,547
107900250,1,583,-582
107900251,143,1755,-1612
107900252,1123,39,1084
107900253,158,5,153
107900254,88,772,-684
107900255,389,113,276
107900256,3005,2270,735
107900257,261,160,101
107900258,165,270,-105
107900259,119,2054,-1935
107900261,2,354,-352
107900262,138,129,9
107900264,308,6,302
107900265,243,182,61
107900267,177,23,154
107900268,32,8,24
107900269,0,15,-15
107900270,0,3,-3
107900271,4,9,-5
107900272,151,22,129
107900273,33,121,-88
107900274,64,0,64
107900275,39,1,38
107900276,2,132,-130
107900277,3,192,-189
107900278,324,459,-135
107900279,115,234,-119
107900280,2244,2815,-571
107900281,2149,2635,-486
107900282,53,538,-485
107900283,1145,548,597
107900284,830,747,83
107900285,100,106,-6
107900286,169,101,68
107900287,188,238,-50
107900290,3,128,-125
107900291,531,19,512
107900292,243,301,-58
107900293,75,528,-453
107900295,72,50,22
107900297,10,471,-461
107900298,980,1045,-65
107900299,3816,2556,1260
107900300,69,280,-211
107900301,1187,691,496
107900302,148,73,75
107900303,520,363,157
107900304,307,692,-385
107900305,256,21,235
107900306,22,40,-18
107900307,57,287,-230
107900308,195,164,31
107900309,104,5,99
107900310,916,12,904
107900311,12,626,-614
107900312,84,0,84
107900313,4,198,-194
107900314,0,59,-59
107900315,1,89,-88
107900316,76,20,56
107900317,133,25,108
107900318,11,159,-148
107900319,11,208,-197
107900320,5,171,-166
107900321,131,5,126
107900322,10,113,-103
107900323,9,193,-184
107900324,169,3,166
107900325,112,3,109
107900326,343,312,31
107900327,10,114,-104
107900328,177,5,172
107900329,196,117,79
107900330,13,430,-417
107900331,175,37,138
107900332,265,30,235
107900333,69,32,37
107900334,26,183,-157
107900335,108,58,50
107900336,88,69,19
107900337,1221,827,394
107900338,4,195,-191
107900339,2,39,-37
107900340,0,51,-51
107900341,61,5,56
107900342,236,208,28
107900343,62,4,58
107900344,8,60,-52
107900345,137,33,104
107900346,30,4,26
107900347,40,6,34
107900348,12,5,7
107900349,20,12,8
107900350,26,303,-277
108000001,3137,4092,-955
108000002,2364,3190,-826
108000003,4167,3760,407
108000004,14199,17848,-3649
108000005,9816,7328,2488
108000006,10128,9664,464
108000007,5568,4471,1097
108000008,4740,7760,-3020
108000009,4314,5100,-786
108000010,3989,5425,-1436
108000011,14100,13576,524
108000012,21272,19186,2086
108000014,1244,794,450
108000015,709,328,381
108000016,263,626,-363
108000017,1205,519,686
108000018,2704,755,1949
108000019,3244,1006,2238
108000020,1612,662,950
108000021,473,1888,-1415
108000022,500,1431,-931
108000023,1396,359,1037
108000024,370,687,-317
108000025,362,314,48
108000026,612,532,80
108000027,885,568,317
108000028,631,301,330
108000029,551,667,-116
108000030,798,303,495
108000031,318,747,-429
108000032,1696,976,720
108000033,914,1438,-524
108000034,1828,676,1152
108000035,952,2742,-1790
108000036,381,1184,-803
108000037,1647,650,997
108000038,2536,864,1672
108000039,542,2094,-1552
108000040,1959,1229,730
108000041,757,2736,-1979
108000042,356,263,93
108000043,230,370,-140
108000044,504,234,270
108000045,337,581,-244
108000046,1528,506,1022
108000047,482,1200,-718
108000048,266,419,-153
108000049,1526,359,1167
108000050,109,420,-311
108000051,284,116,168
108000052,293,711,-418
108000053,465,239,226
108000054,593,1162,-569
108000055,1333,645,688
108000056,1216,1213,3
108000057,726,1425,-699
108000058,2273,4140,-1867
108000059,3533,2253,1280
108000060,186,421,-235
108000061,152,357,-205
108000062,786,658,128
108000063,576,621,-45
108000064,233,300,-67
108000065,585,683,-98
108000066,1611,981,630
108000067,1844,745,1099
108000068,776,509,267
108000069,211,1162,-951
108000070,1962,960,1002
108000071,682,1859,-1177
108000072,1751,1578,173
108000073,1552,2243,-691
108000074,680,524,156
108000075,454,1040,-586
108000076,835,777,58
108000077,748,879,-131
108000078,2325,1929,396
108000079,1030,1945,-915
108000080,1283,783,500
108000081,919,2091,-1172
108000082,1179,2111,-932
108000083,1928,1219,709
108000084,745,1430,-685
108000085,898,561,337
108000086,915,909,6
108000087,221,2326,-2105
108000088,186,18,168
108000089,465,524,-59
108000090,522,229,293
108000091,375,607,-232
108000092,166,95,71
108000093,174,653,-479
108000094,479,150,329
108000095,165,428,-263
108000096,307,181,126
108000097,160,576,-416
108000098,1623,1654,-31
108000099,249,176,73
108000100,51,265,-214
108000101,1660,1799,-139
108000102,1980,3670,-1690
108000106,1359,4,1355
108000107,1,1020,-1019
108000108,1135,66,1069
108000109,2,769,-767
108000110,201,342,-141
108000111,191,684,-493
108000112,92,186,-94
108000113,545,319,226
108000115,348,362,-14
108000117,860,420,440
108000118,107,263,-156
108000119,738,389,349
108000120,143,821,-678
108000121,283,532,-249
108000122,620,400,220
108000123,2042,292,1750
108000124,665,656,9
108000125,379,400,-21
108000126,148,579,-431
108000127,575,560,15
108000128,676,620,56
108000129,715,1257,-542
108000130,857,363,494
108000131,980,780,200
108000132,2291,1686,605
108000133,860,623,237
108000134,530,666,-136
108000135,1208,609,599
108000136,537,1177,-640
108000137,479,492,-13
108000138,429,1147,-718
108000139,533,385,148
108000140,148,40,108
108000141,34,105,-71
108000142,52,90,-38
108000143,52,37,15
108000144,60,15,45
108000145,39,23,16
108000146,74,14,60
108000147,20,27,-7
108000148,56,16,40
108000149,28,19,9
108000150,46,8,38
108000151,76,25,51
108000152,133,554,-421
108000153,504,234,270
108000154,65,13,52
108000155,47,16,31
108000156,369,153,216
108000157,282,1011,-729
108000158,116,830,-714
108000159,634,262,372
108000160,3483,1170,2313
108000161,3277,2977,300
108000165,9,243,-234
108000172,3,312,-309
108000173,2148,2196,-48
108000175,297,134,163
108000178,497,418,79
108000179,206,982,-776
108000181,60,41,19
108000182,124,20,104
108000183,112,37,75
108000184,1160,2317,-1157
108000185,286,569,-283
108000186,204,104,100
108000187,169,665,-496
108000188,700,288,412
108000189,755,1688,-933
108000190,54,130,-76
108000192,260,665,-405
108000193,1161,53,1108
108000194,73,16,57
108000195,1,1029,-1028
108000196,859,239,620
108000198,503,375,128
108000199,1,189,-188
108000200,556,647,-91
108000202,1,264,-263
108000203,152,801,-649
108000204,164,122,42
108000205,397,546,-149
108000339,1766,427,1339
108000364,162,339,-177
108000365,75,328,-253
108000367,223,427,-204
108000368,6,75,-69
108000369,1304,285,1019
108000371,7,632,-625
108000372,680,2,678
108000373,277,214,63
108000376,107,49,58
108000377,452,334,118
108000378,10203,11389,-1186
108000379,49,271,-222
108000381,67,37,30
108000382,239,5,234
108000383,2,142,-140
108900001,119,1177,-1058
108900002,177,67,110
108900003,291,741,-450
108900004,184,465,-281
108900005,85,424,-339
108900006,702,190,512
108900007,252,269,-17
108900008,130,198,-68
108900009,83,138,-55
108900010,235,218,17
108900011,540,460,80
108900012,322,514,-192
108900013,179,317,-138
108900014,17,162,-145
108900015,1,65,-64
108900016,4,262,-258
108900017,532,539,-7
108900018,183,490,-307
108900019,36,892,-856
108900020,52,217,-165
108900021,133,270,-137
108900022,145,16,129
108900023,0,36,-36
108900024,34,152,-118
108900025,101,142,-41
108900026,25,115,-90
108900027,1,121,-120
108900028,92,366,-274
108900029,64,262,-198
108900030,1,113,-112
108900031,136,414,-278
108900032,47,302,-255
108900033,0,99,-99
108900034,2,227,-225
108900035,405,1383,-978
108900036,239,328,-89
108900037,94,436,-342
108900038,0,364,-364
108900039,0,509,-509
108900040,4,99,-95
108900041,5927,3277,2650
108900042,8,458,-450
108900043,70,540,-470
108900044,6,523,-517
108900045,74,579,-505
108900046,80,843,-763
108900047,0,99,-99
108900048,103,967,-864
108900049,3801,1496,2305
108900050,3,223,-220
108900051,1,188,-187
108900052,30,255,-225
108900053,127,219,-92
108900054,65,259,-194
108900055,104,399,-295
108900056,1,182,-181
108900057,1,142,-141
108900058,29,378,-349
108900059,421,43,378
108900060,125,148,-23
108900061,125,37,88
108900062,4,247,-243
108900063,23,301,-278
108900064,211,93,118
108900065,11,247,-236
108900066,385,160,225
108900067,10,214,-204
108900068,3,146,-143
108900069,53,116,-63
108900070,45,127,-82
108900071,84,107,-23
108900072,2319,906,1413
108900073,46,399,-353
108900074,172,444,-272
108900075,91,56,35
108900076,337,93,244
108900077,148,493,-345
108900078,34,160,-126
108900079,1108,242,866
108900080,36,916,-880
108900081,59,213,-154
108900082,104,153,-49
108900083,31,288,-257
108900084,481,141,340
108900085,2581,224,2357
108900086,110,296,-186
108900087,142,233,-91
108900088,1002,560,442
108900089,43,165,-122
108900090,48,325,-277
108900091,161,126,35
108900092,471,432,39
108900093,99,107,-8
108900094,229,94,135
108900095,68,360,-292
108900096,353,23,330
108900097,272,277,-5
108900098,2507,761,1746
108900099,433,278,155
108900100,128,143,-15
108900101,245,155,90
108900102,162,1002,-840
108900103,86,143,-57
108900104,209,413,-204
108900105,8,1078,-1070
108900106,489,411,78
108900108,510,45,465
108900109,260,64,196
108900110,281,472,-191
108900111,521,693,-172
108900112,293,66,227
108900113,44,48,-4
108900114,30,10,20
108900115,87,140,-53
108900116,140,39,101
108900117,163,42,121
108900118,568,23,545
108900119,216,27,189
108900120,230,183,47
108900121,281,139,142
108900122,153,38,115
108900123,147,159,-12
108900124,439,261,178
108900125,396,3,393
108900126,112,31,81
108900127,178,27,151
108900128,116,60,56
108900129,745,160,585
108900130,277,1,276
108900131,395,9,386
108900132,547,118,429
108900133,253,66,187
108900134,329,287,42
108900135,134,21,113
108900136,72,1,71
108900137,168,5,163
108900138,709,77,632
108900139,405,131,274
108900140,259,336,-77
108900141,314,12,302
108900142,148,9,139
108900143,49,1,48
108900144,85,0,85
108900145,128,16,112
108900146,52,0,52
108900147,251,0,251
108900148,126,108,18
108900149,786,473,313
108900150,283,10,273
108900151,332,9,323
108900152,212,23,189
108900153,162,429,-267
108900154,5228,637,4591
108900155,275,129,146
108900156,65,10,55
108900157,31,522,-491
108900158,557,33,524
108900159,11,276,-265
108900160,28,285,-257
108900161,21,476,-455
108900162,115,2,113
108900163,15,274,-259
108900164,46,127,-81
108900165,209,112,97
108900167,2010,6163,-4153
108900168,8775,2943,5832
108900169,62,140,-78
108900171,8859,3204,5655
108900172,218,72,146
108900173,230,417,-187
108900174,750,811,-61
108900176,113,565,-452
108900177,6275,6371,-96
108900178,4335,3450,885
108900179,736,1884,-1148
108900180,130,304,-174
108900182,38,330,-292
108900183,249,276,-27
108900184,526,331,195
108900185,288,501,-213
108900186,88,449,-361
108900187,384,80,304
108900188,539,72,467
108900189,638,208,430
108900190,86,2975,-2889
108900191,230,54,176
108900192,110,225,-115
108900193,347,77,270
108900194,23,446,-423
108900195,156,371,-215
108900196,29,410,-381
108900198,3,500,-497
108900199,265,394,-129
108900200,962,421,541
108900201,540,1624,-1084
108900203,522,105,417
108900204,386,12,374
108900205,217,23,194
108900206,548,52,496
108900207,192,73,119
108900208,18,360,-342
108900209,262,595,-333
108900210,242,248,-6
108900211,182,554,-372
108900212,786,1697,-911
108900215,110,470,-360
108900216,697,250,447
108900217,236,1,235
108900218,218,19,199
108900219,133,10,123
108900220,70,40,30
108900221,37,177,-140
108900222,254,22,232
108900223,9,144,-135
108900224,54,243,-189
108900225,3,187,-184
108900226,320,19,301
108900227,160,340,-180
108900230,300,305,-5
108900231,49,214,-165
108900232,2,340,-338
108900233,485,146,339
108900234,354,269,85
108900235,297,665,-368
108900236,69,400,-331
108900237,96,214,-118
108900240,199,131,68
108900241,61,52,9
108900245,20,1335,-1315
108900249,170,56,114
108900250,315,176,139
108900257,170,509,-339
108900258,36,288,-252
108900259,223,88,135
108900260,19,90,-71
108900261,96,153,-57
108900262,191,175,16
108900263,55,159,-104
108900264,570,294,276
108900265,1198,416,782
108900266,948,589,359
108900267,7,95,-88
108900268,24,5,19
108900269,88,20,68
108900270,70,15,55
108900271,59,12,47
108900272,247,7,240
108900273,1121,893,228
108900274,46,56,-10
109000001,3911,1496,2415
109000002,1984,1861,123
109000003,2823,514,2309
109000004,660,2392,-1732
109000005,2723,805,1918
109000006,850,2295,-1445
109000007,1535,782,753
109000008,559,1836,-1277
109000009,4070,1517,2553
109000010,1681,4094,-2413
109000011,3449,2774,675
109000012,2205,3818,-1613
109000013,3962,3469,493
109000014,2454,3778,-1324
109000015,3917,7439,-3522
109000016,7139,4023,3116
109000017,2497,1357,1140
109000018,1045,3224,-2179
109000019,2841,1590,1251
109000020,1132,2169,-1037
109000023,369,38,331
109000024,10,238,-228
109000025,432,489,-57
109000026,725,414,311
109000027,96,341,-245
109000028,146,122,24
109000029,106,209,-103
109000030,107,484,-377
109000031,241,219,22
109000032,159,487,-328
109000033,320,249,71
109000034,101,67,34
109000035,22,80,-58
109000036,245,414,-169
109000037,284,1241,-957
109000038,808,503,305
109000039,1123,824,299
109000040,5350,8208,-2858
109000041,3720,1843,1877
109000042,712,1572,-860
109000044,442,89,353
109000045,103,395,-292
109000046,400,113,287
109000047,97,543,-446
109000048,997,333,664
109000049,440,647,-207
109000050,435,379,56
109000051,346,338,8
109000052,566,1126,-560
109000053,278,119,159
109000054,835,663,172
109000055,382,430,-48
109000056,522,864,-342
109000057,868,627,241
109000058,1301,431,870
109000059,1096,1471,-375
109000060,466,369,97
109000061,1016,1259,-243
109000062,251,381,-130
109000063,273,238,35
109000064,632,259,373
109000065,142,267,-125
109000066,533,137,396
109000067,88,353,-265
109000068,3139,12,3127
109000069,1213,44,1169
109000070,11,1285,-1274
109000071,365,94,271
109000072,120,427,-307
109000073,58,106,-48
109000074,45,268,-223
109000075,109,422,-313
109000076,112,283,-171
109000077,417,324,93
109000078,80,225,-145
109000079,117,217,-100
109000080,153,139,14
109000081,81,554,-473
109000082,658,230,428
109000083,234,758,-524
109000088,135,584,-449
109000089,341,69,272
109000090,205,456,-251
109000091,400,201,199
109000092,434,552,-118
109000093,245,232,13
109000094,493,4,489
109000095,139,506,-367
109000096,686,325,361
109000097,123,188,-65
109000098,61,160,-99
109000099,1135,410,725
109000100,218,621,-403
109000101,1798,855,943
109000102,387,923,-536
109000103,543,816,-273
109000104,1661,703,958
109000105,536,1506,-970
109000106,2324,1013,1311
109000107,809,2273,-1464
109000108,1814,733,1081
109000109,476,2283,-1807
109000110,1318,688,630
109000111,979,2386,-1407
109000112,589,196,393
109000113,696,244,452
109000114,303,591,-288
109000115,1401,37,1364
109000116,5,360,-355
109000117,254,91,163
109000118,9,342,-333
109000119,1451,252,1199
109000120,221,1027,-806
109000121,534,51,483
109000122,144,916,-772
109000123,62,57,5
109000124,705,509,196
109000125,954,392,562
109000126,472,945,-473
109000127,942,307,635
109000128,430,1769,-1339
109000129,2171,1009,1162
109000130,726,2263,-1537
109000131,978,661,317
109000132,959,2068,-1109
109000133,503,1174,-671
109000134,903,1597,-694
109000135,1711,1870,-159
109000136,408,375,33
109000137,362,456,-94
109000138,531,388,143
109000139,538,478,60
109000140,308,481,-173
109000141,554,541,13
109000142,132,597,-465
109000143,141,119,22
109000145,152,266,-114
109000146,84,156,-72
109000148,4041,2351,1690
109000149,30,52,-22
109000150,116,272,-156
109000155,881,680,201
109000156,1217,826,391
109000158,257,407,-150
109000159,209,721,-512
109000160,1008,363,645
109000161,313,1177,-864
109000162,1950,1011,939
109000163,1096,2081,-985
109000164,1236,2895,-1659
109000165,1167,734,433
109000166,644,183,461
109000167,139,692,-553
109000170,36,66,-30
109000171,71,43,28
109000172,53,100,-47
109000173,36,84,-48
109000174,83,69,14
109000175,56,120,-64
109000176,297,323,-26
109000177,29,209,-180
109000178,891,577,314
109000179,6065,5476,589
109000180,5972,3905,2067
109000181,26,39,-13
109000182,49,40,9
109000183,44,53,-9
109000184,67,24,43
109000185,34,80,-46
109000188,867,2267,-1400
109000189,3166,1188,1978
109000190,614,547,67
109000191,392,571,-179
109000192,366,456,-90
109000193,192,326,-134
109000194,296,261,35
109000195,151,417,-266
109000196,294,166,128
109000197,234,488,-254
109000198,295,96,199
109000199,137,493,-356
109000206,193,42,151
109000207,128,39,89
109000208,73,104,-31
109000209,198,172,26
109000210,182,641,-459
109000211,580,601,-21
109000214,490,430,60
109000215,172,73,99
109000216,302,271,31
109000217,660,162,498
109000218,932,243,689
109000221,649,1270,-621
109000222,1068,364,704
109000223,382,406,-24
109000224,19,172,-153
109000225,67,53,14
109000226,68,292,-224
109000227,1026,1355,-329
109000228,4,1065,-1061
109000231,45,342,-297
109000232,346,345,1
109000236,309,837,-528
109000241,2502,2685,-183
109000242,2144,1853,291
109000293,58,81,-23
109000361,167,341,-174
109000364,446,717,-271
109000396,4,609,-605
109000397,437,9,428
109000399,140,527,-387
109000400,68,274,-206
109000403,133,948,-815
109000406,472,5,467
109000407,333,269,64
109000408,0,536,-536
109000410,1247,415,832
109000411,170,48,122
109900001,79,0,79
109900002,877,34,843
109900003,231,2,229
109900004,1109,198,911
109900005,35,10,25
109900006,558,290,268
109900007,747,629,118
109900008,0,66,-66
109900009,125,724,-599
109900010,561,22,539
109900011,115,76,39
109900012,461,302,159
109900013,447,305,142
109900014,530,70,460
109900015,548,258,290
109900016,191,39,152
109900017,245,351,-106
109900018,375,97,278
109900019,487,68,419
109900020,48,53,-5
109900021,40,25,15
109900022,127,300,-173
109900023,21,13,8
109900024,14,9,5
109900025,24,80,-56
109900026,3,198,-195
109900027,61,95,-34
109900028,1775,923,852
109900029,6,440,-434
109900030,48,15,33
109900031,0,144,-144
109900032,15,454,-439
109900033,11,558,-547
109900034,44,4,40
109900035,23,23,0
109900036,25,122,-97
109900037,40,584,-544
109900038,112,224,-112
109900039,14,3,11
109900040,33,544,-511
109900041,79,420,-341
109900042,241,966,-725
109900044,387,256,131
109900045,247,84,163
109900046,30,95,-65
109900047,482,398,84
109900048,9,109,-100
109900049,12,47,-35
109900050,2,153,-151
109900051,0,84,-84
109900052,205,378,-173
109900053,1,350,-349
109900054,607,317,290
109900055,54,310,-256
109900056,32,276,-244
109900057,15,208,-193
109900058,1,91,-90
109900059,627,162,465
109900060,393,215,178
109900061,63,371,-308
109900062,0,194,-194
109900063,12,438,-426
109900064,583,278,305
109900065,105,145,-40
109900066,371,939,-568
109900067,1,268,-267
109900068,58,4,54
109900069,3,57,-54
109900070,61,487,-426
109900071,2,42,-40
109900072,35,194,-159
109900073,469,550,-81
109900074,7,61,-54
109900075,32,57,-25
109900076,24,233,-209
109900077,64,100,-36
109900078,115,262,-147
109900080,151,355,-204
109900081,40,275,-235
109900082,54,374,-320
109900083,28,66,-38
109900084,47,170,-123
109900085,204,719,-515
109900086,175,419,-244
109900087,379,651,-272
109900089,751,345,406
109900090,555,1110,-555
109900091,283,123,160
109900092,2608,38,2570
109900093,980,229,751
109900094,88,116,-28
109900095,393,244,149
109900096,27,2,25
109900097,106,1,105
109900098,387,49,338
109900099,212,1,211
109900100,50,1,49
109900101,416,21,395
109900102,569,39,530
109900103,32,71,-39
109900104,487,832,-345
109900105,528,59,469
109900106,586,72,514
109900107,793,160,633
109900108,165,501,-336
109900109,45,227,-182
109900110,87,416,-329
109900111,382,960,-578
109900112,351,639,-288
109900113,804,634,170
109900114,1750,1075,675
109900115,173,127,46
109900117,1123,179,944
109900118,288,506,-218
109900119,779,451,328
109900120,79,22,57
109900121,570,656,-86
109900122,559,17,542
109900123,23,155,-132
109900124,53,686,-633
109900125,1,199,-198
109900126,315,114,201
109900128,266,48,218
109900130,7640,2602,5038
109900131,51,220,-169
109900132,29,174,-145
109900133,92,413,-321
109900134,191,142,49
109900135,458,85,373
109900136,175,176,-1
109900137,145,403,-258
109900140,296,254,42
109900142,1311,346,965
109900145,6,545,-539
109900146,497,64,433
109900148,65,106,-41
109900149,76,73,3
109900150,10,104,-94
109900151,9,69,-60
109900152,3,48,-45
109900153,5,54,-49
109900154,108,0,108
109900155,76,24,52
109900157,64,270,-206
109900158,84,157,-73
109900159,181,62,119
109900160,177,101,76
109900161,295,162,133
109900162,223,184,39
109900163,842,359,483
109900164,96,229,-133
109900165,241,7,234
109900166,8,146,-138
109900167,194,657,-463
109900168,243,750,-507
109900169,241,210,31
109900170,279,878,-599
109900171,181,128,53
109900172,317,287,30
109900173,3498,2391,1107
109900174,46,156,-110
109900175,125,93,32
109900176,193,254,-61
109900177,92,295,-203
109900178,78,224,-146
109900179,352,29,323
109900180,6,15,-9
110000001,960,595,365
110000002,612,929,-317
110000003,1105,748,357
110000004,627,904,-277
110000005,560,2061,-1501
110000006,423,387,36
110000007,143,134,9
110000008,30,58,-28
110000009,38,40,-2
110000010,47,69,-22
110000011,38,89,-51
110000012,680,478,202
110000013,43,753,-710
110000014,708,499,209
110000015,276,833,-557
110000016,287,1869,-1582
110000017,3323,302,3021
110000018,2830,511,2319
110000019,14,95,-81
110000020,549,246,303
110000021,1054,508,546
110000022,1342,309,1033
110000023,6,153,-147
110000024,748,417,331
110000025,462,12,450
110000026,13,390,-377
110000027,1520,936,584
110000028,892,925,-33
110000029,622,798,-176
110000030,270,485,-215
110000031,298,640,-342
110000032,672,538,134
110000033,411,168,243
110000034,676,1003,-327
110000035,1242,687,555
110000036,1263,970,293
110000037,314,568,-254
110000038,325,846,-521
110000039,952,3874,-2922
110000040,302,427,-125
110000041,303,1501,-1198
110000042,201,416,-215
110000043,956,367,589
110000044,466,401,65
110000045,1928,158,1770
110000046,9,24,-15
110000047,51,49,2
110000048,23,42,-19
110000049,260,26,234
110000050,8,176,-168
110000051,89,10,79
110000052,41,41,0
110000053,186,43,143
110000054,690,351,339
110000055,1488,107,1381
110000056,326,111,215
110000057,417,615,-198
110000058,1290,635,655
110000059,1083,642,441
110000060,900,1338,-438
110000061,1073,901,172
110000062,766,1204,-438
110000063,36,92,-56
110000064,67,103,-36
110000065,63,91,-28
110000066,118,58,60
110000067,97,229,-132
110000068,320,230,90
110000069,222,119,103
110000071,115,167,-52
110000073,9,31,-22
110000075,4,147,-143
110000076,364,565,-201
110000077,464,2193,-1729
110000078,28,66,-38
110000080,348,880,-532
110000081,98,330,-232
110000082,62,618,-556
110000083,282,764,-482
110000084,1229,950,279
110000085,2297,1985,312
110000086,1717,2393,-676
110000087,11,80,-69
110000088,114,287,-173
110000089,409,139,270
110000090,879,350,529
110000091,1535,348,1187
110000092,41,76,-35
110000093,53,10,43
110000094,732,295,437
110000095,253,597,-344
110000096,2566,2232,334
110000097,1233,1267,-34
110000098,2328,784,1544
110000099,959,1795,-836
110000100,797,697,100
110000101,26,500,-474
110000102,44,42,2
110000104,863,180,683
110000105,209,393,-184
110000106,756,409,347
110000107,342,524,-182
110000108,161,82,79
110000109,399,332,67
110000110,3694,5045,-1351
110000111,7405,3143,4262
110000112,1788,1573,215
110000113,526,2478,-1952
110000114,207,670,-463
110000115,395,455,-60
110000116,54,78,-24
110000117,218,426,-208
110000118,431,248,183
110000119,301,376,-75
110000120,493,244,249
110000121,84,523,-439
110000122,495,752,-257
110000123,653,896,-243
110000124,1,1195,-1194
110000125,1094,21,1073
110000126,275,38,237
110000127,1307,60,1247
110000128,61,1580,-1519
110000129,5,559,-554
110000130,332,230,102
110000131,244,357,-113
110000132,5,888,-883
110000133,42,847,-805
110000134,40,444,-404
110000135,210,61,149
110000136,75,304,-229
110000137,610,640,-30
110000138,869,769,100
110000139,830,1182,-352
110000140,973,726,247
110000143,791,521,270
110000144,6494,2296,4198
110000145,2579,1464,1115
110000146,2988,1143,1845
110000147,629,829,-200
110000148,788,313,475
110000151,1355,1226,129
110000152,1078,423,655
110000153,123,69,54
110000154,87,44,43
110000155,2393,4793,-2400
110000156,1207,3020,-1813
110000157,2856,2614,242
110000160,484,362,122
110000161,215,392,-177
110000166,638,196,442
110000167,1028,673,355
110000168,1215,569,646
110000169,953,508,445
110000170,197,146,51
110000171,916,215,701
110000172,161,953,-792
110000173,1196,1302,-106
110000174,188,1023,-835
110000175,653,96,557
110000176,897,351,546
110000177,205,848,-643
110000178,548,2154,-1606
110000179,1369,420,949
110000180,207,258,-51
110000181,493,834,-341
110000182,451,138,313
110000183,10569,8046,2523
110000184,397,2837,-2440
110000185,2467,901,1566
110000186,877,958,-81
110000191,937,387,550
110000192,808,24,784
110000193,1327,10,1317
110000194,15,1165,-1150
110000195,440,613,-173
110000196,339,378,-39
110000197,118,274,-156
110000198,353,119,234
110000199,316,177,139
110000200,2661,628,2033
110000201,2308,1025,1283
110000202,1465,601,864
110000203,1126,961,165
110000204,9,272,-263
110000205,154,83,71
110000206,896,1666,-770
110000207,1159,399,760
110000208,371,236,135
110000209,191,1217,-1026
110000210,1281,664,617
110000211,1269,853,416
110000212,402,1273,-871
110000213,169,175,-6
110000214,282,217,65
110000215,198,390,-192
110000216,130,409,-279
110000217,303,185,118
110000218,246,366,-120
110000219,347,123,224
110000220,80,337,-257
110000221,332,131,201
110000222,88,252,-164
110000223,9,195,-186
110000224,112,8,104
110000225,387,840,-453
110000226,297,104,193
110000227,995,873,122
110000228,440,271,169
110000229,2,314,-312
110000230,927,724,203
110000231,244,312,-68
110000232,651,303,348
110000233,476,301,175
110000234,1514,1137,377
110000235,1103,1513,-410
110000236,830,817,13
110000237,2840,1547,1293
110000238,2096,1781,315
110000239,2275,1313,962
110000240,0,106,-106
110000242,0,18,-18
110000243,104,176,-72
110000244,194,390,-196
110000245,69,424,-355
110000246,1055,720,335
110000247,1401,5120,-3719
110000248,2395,1596,799
110000249,83,19,64
110000250,132,252,-120
110000251,365,556,-191
110000252,323,253,70
110000253,1639,748,891
110000254,808,1645,-837
110000255,375,1299,-924
110000256,567,406,161
110000257,805,569,236
110000258,7,537,-530
110000259,162,23,139
110000260,22,335,-313
110000263,661,139,522
110000264,364,478,-114
110000265,1782,2359,-577
110000266,3151,3685,-534
110000267,52,236,-184
110000268,430,576,-146
110000269,15,100,-85
110000270,103,8,95
110000271,1717,299,1418
110000272,1859,1183,676
110000273,4954,2189,2765
110000274,262,1375,-1113
110000275,2460,662,1798
110000276,341,377,-36
110000277,379,448,-69
110000278,517,897,-380
110000279,959,885,74
110000280,548,526,22
110000281,81,417,-336
110000282,514,66,448
110000283,133,189,-56
110000284,81,64,17
110000285,1,812,-811
110000286,37,1,36
110000287,87,4,83
110000288,16,136,-120
110000289,546,1936,-1390
110000290,1167,671,496
110000291,5367,1623,3744
110000292,1543,4319,-2776
110000293,754,783,-29
110000294,983,1248,-265
110000295,231,899,-668
110000296,515,371,144
110000297,2405,333,2072
110000298,227,698,-471
110000299,294,85,209
110000301,398,34,364
110000302,404,1274,-870
110000303,591,12,579
110000304,270,322,-52
110000305,1181,27,1154
110000306,129,1340,-1211
110000307,1758,10,1748
110000308,635,16,619
110000309,9,878,-869
110000310,857,68,789
110000311,18,762,-744
110000312,456,77,379
110000313,2925,3737,-812
110000314,2,276,-274
110000315,4056,3536,520
110000316,620,1680,-1060
110000317,879,638,241
110000318,22,73,-51
110000319,38,40,-2
110000320,70,51,19
110000321,11,60,-49
110000322,366,417,-51
110000323,564,219,345
110000324,3982,1839,2143
110000325,3283,3072,211
110000327,702,497,205
110000328,219,501,-282
110000333,1236,822,414
110000334,1095,1702,-607
110000335,1171,722,449
110000336,1184,1374,-190
110000337,2030,811,1219
110000338,581,316,265
110000339,478,292,186
110000340,300,196,104
110000341,463,570,-107
110000342,752,6,746
110000343,0,28,-28
110000344,959,202,757
110000345,939,226,713
110000346,3226,2493,733
110000347,1513,1093,420
110000348,1,1,0
110000349,4,0,4
110000350,74,4,70
110000351,1029,997,32
110000352,673,1692,-1019
110000353,3109,871,2238
110000354,1139,3726,-2587
110000355,126,98,28
110000356,852,3,849
110000357,394,19,375
110000361,40,92,-52
110000362,58,114,-56
110000363,444,166,278
110000364,264,488,-224
110000365,238,2,236
110000366,3,126,-123
110000367,495,243,252
110000368,4,88,-84
110000369,118,4,114
110000373,7,425,-418
110000374,700,16,684
110000375,198,1698,-1500
110000376,39,115,-76
110000377,112,569,-457
110000378,29,406,-377
110000379,3328,2143,1185
110000380,139,24,115
110000383,1,1090,-1089
110000384,2640,1265,1375
110000385,1,254,-253
110000387,82,19,63
110000388,34,240,-206
110000389,732,13,719
110000391,1014,411,603
110000396,192,153,39
110000397,181,224,-43
110000398,3,73,-70
110000399,231,3,228
110000587,198,84,114
110000589,255,221,34
110000640,213,92,121
110000652,49,464,-415
110000653,370,581,-211
110000654,183,152,31
110000656,3,761,-758
110000674,31,26,5
110000675,23,19,4
110000676,13,49,-36
110000679,423,1206,-783
110000682,131,259,-128
110000683,541,579,-38
110000684,5,45,-40
110000685,20,20,0
110000686,2,44,-42
110000687,179,9,170
110000688,71,1200,-1129
110000689,9,5,4
110000692,159,197,-38
110000693,207,377,-170
110000694,1,220,-219
110000695,358,738,-380
110000696,78,97,-19
110900001,331,18,313
110900002,707,252,455
110900003,808,691,117
110900004,434,272,162
110900005,2335,2631,-296
110900006,81,16,65
110900007,146,37,109
110900008,20,35,-15
110900009,445,115,330
110900010,15,96,-81
110900011,20,117,-97
110900012,14,111,-97
110900013,1398,262,1136
110900014,558,17,541
110900015,629,569,60
110900016,47,180,-133
110900017,466,70,396
110900018,506,48,458
110900019,197,26,171
110900020,93,266,-173
110900021,141,765,-624
110900022,123,415,-292
110900023,143,530,-387
110900024,24,558,-534
110900025,8,78,-70
110900027,44,304,-260
110900028,33,133,-100
110900029,48,457,-409
110900030,61,255,-194
110900031,4,140,-136
110900032,3,94,-91
110900033,66,285,-219
110900035,17,624,-607
110900036,117,32,85
110900037,51,45,6
110900038,991,257,734
110900039,7,275,-268
110900040,265,65,200
110900041,27,132,-105
110900042,120,70,50
110900043,4,128,-124
110900044,294,15,279
110900045,43,577,-534
110900046,57,296,-239
110900047,609,305,304
110900049,142,116,26
110900050,41,5,36
110900051,61,263,-202
110900052,4,213,-209
110900053,96,66,30
110900054,134,232,-98
110900055,38,7,31
110900056,76,123,-47
110900057,19,186,-167
110900058,290,296,-6
110900059,703,670,33
110900060,457,152,305
110900061,32,48,-16
110900062,151,291,-140
110900063,54,309,-255
110900064,23,1,22
110900065,447,182,265
110900066,19,133,-114
110900067,399,757,-358
110900068,679,298,381
110900069,7,29,-22
110900071,315,683,-368
110900073,0,27,-27
110900074,362,83,279
110900075,454,128,326
110900077,883,1030,-147
110900078,39,51,-12
110900079,2553,1629,924
110900080,178,140,38
110900081,8,44,-36
110900082,157,185,-28
110900083,128,76,52
110900084,38,84,-46
110900085,107,279,-172
110900086,98,326,-228
110900087,619,123,496
110900088,14,0,14
110900090,45,55,-10
110900091,0,66,-66
110900093,478,163,315
110900095,49,70,-21
110900097,8,27,-19
110900098,51,118,-67
110900099,109,412,-303
110900100,0,28,-28
110900102,114,38,76
110900105,1022,275,747
110900108,18,93,-75
110900111,502,331,171
110900112,891,15,876
110900113,565,58,507
110900115,22,93,-71
110900116,741,2021,-1280
110900118,177,3054,-2877
110900119,4869,392,4477
110900120,15,78,-63
110900121,165,5,160
110900122,434,241,193
110900125,402,555,-153
110900127,966,1458,-492
110900128,344,295,49
110900129,519,935,-416
110900130,1303,708,595
110900131,908,104,804
110900132,317,108,209
110900133,893,264,629
110900135,119,440,-321
110900136,415,21,394
110900137,161,3,158
110900138,2139,624,1515
110900139,125,181,-56
110900140,122,11,111
110900141,32,218,-186
110900142,82,179,-97
110900143,260,136,124
110900144,2,779,-777
110900145,341,44,297
110900146,718,175,543
110900147,153,424,-271
110900148,3,342,-339
110900149,6,104,-98
110900150,109,30,79
110900151,9,112,-103
110900152,35,327,-292
110900153,173,55,118
111000001,598,462,136
111000002,753,673,80
111000003,1182,837,345
111000004,587,1120,-533
111000005,1509,1452,57
111000006,1092,1927,-835
111000007,5193,3409,1784
111000008,2671,3800,-1129
111000009,496,1212,-716
111000010,713,263,450
111000011,509,1179,-670
111000012,774,473,301
111000013,506,1250,-744
111000014,2307,680,1627
111000017,147,1207,-1060
111000018,303,558,-255
111000020,1204,2924,-1720
111000021,84,107,-23
111000023,90,82,8
111000025,5159,4572,587
111000029,161,186,-25
111000030,54,149,-95
111000031,2459,1702,757
111000032,689,423,266
111000033,330,385,-55
111000034,231,241,-10
111000037,1884,1240,644
111000038,4696,3291,1405
111000039,2399,2604,-205
111000040,2224,2954,-730
111000041,2091,2100,-9
111000042,3727,2835,892
111000043,2120,3486,-1366
111000044,2050,1264,786
111000045,2437,2577,-140
111000046,1842,2040,-198
111000047,2713,4489,-1776
111000049,567,513,54
111000050,1742,1674,68
111000051,595,1215,-620
111000052,816,1890,-1074
111000053,423,1019,-596
111000054,387,975,-588
111000055,1110,1924,-814
111000056,195,569,-374
111000057,81,596,-515
111000058,362,95,267
111000059,741,306,435
111000060,4740,921,3819
111000061,698,423,275
111000062,910,369,541
111000063,2833,1099,1734
111000064,659,798,-139
111000065,1252,1209,43
111000066,499,647,-148
111000067,665,777,-112
111000068,707,1356,-649
111000069,2179,2684,-505
111000070,1627,1311,316
111000071,296,844,-548
111000072,1082,496,586
111000073,368,788,-420
111000074,1490,1880,-390
111000075,1227,785,442
111000076,554,751,-197
111000077,1923,1970,-47
111000078,3385,1801,1584
111000079,1493,861,632
111000080,696,862,-166
111000081,1952,6631,-4679
111000082,702,819,-117
111000084,843,676,167
111000085,1211,1630,-419
111000086,3199,1479,1720
111000087,776,847,-71
111000088,6276,2740,3536
111000089,867,1152,-285
111000090,940,1692,-752
111000091,768,598,170
111000092,1236,879,357
111000093,882,1130,-248
111000094,2258,1125,1133
111000095,780,2389,-1609
111000096,2195,7661,-5466
111000097,5626,1966,3660
111000098,1113,1510,-397
111000099,719,2134,-1415
111000100,490,1635,-1145
111000101,523,921,-398
111000102,250,692,-442
111000104,757,292,465
111000107,198,846,-648
111000109,1011,328,683
111000110,1408,695,713
111000111,3149,613,2536
111000112,2290,812,1478
111000113,1105,1832,-727
111000114,2501,3878,-1377
111000115,6519,1594,4925
111000116,1110,1194,-84
111000117,478,1005,-527
111000118,2243,1057,1186
111000119,1022,1289,-267
111000120,419,708,-289
111000121,284,765,-481
111000122,554,1371,-817
111000123,1272,3160,-1888
111000124,473,3048,-2575
111000125,315,1529,-1214
111000126,158,985,-827
111000127,1055,253,802
111000128,2462,431,2031
111000129,3128,627,2501
111000130,2185,901,1284
111000131,1622,765,857
111000132,1432,986,446
111000133,250,186,64
111000134,152,153,-1
111000135,50,207,-157
111000136,364,371,-7
111000138,18,8,10
111000140,3,8,-5
111000141,311,422,-111
111000142,13,121,-108
111000143,1,132,-131
111000144,51,367,-316
111000145,2473,26,2447
111000146,154,19,135
111000147,380,46,334
111000148,214,96,118
111000149,2,39,-37
111000150,23,4,19
111000151,6,34,-28
111000153,733,838,-105
111000154,831,244,587
111000155,105,174,-69
111000156,544,812,-268
111000157,322,1282,-960
111000158,998,871,127
111000159,3055,841,2214
111000160,389,319,70
111000161,15,343,-328
111000162,71,223,-152
111000163,771,1232,-461
111000164,888,5538,-4650
111000165,1277,641,636
111000166,2710,537,2173
111000167,237,580,-343
111000168,255,555,-300
111000169,335,780,-445
111000170,578,596,-18
111000171,665,825,-160
111000172,192,535,-343
111000173,457,1033,-576
111000174,221,433,-212
111000175,28,372,-344
111000176,659,148,511
111000177,347,289,58
111000178,1528,430,1098
111000179,204,214,-10
111000180,319,575,-256
111000181,1185,298,887
111000182,270,243,27
111000183,1016,339,677
111000184,473,304,169
111000185,602,504,98
111000186,745,347,398
111000187,158,233,-75
111000188,225,457,-232
111000189,1273,708,565
111000190,226,440,-214
111000191,214,419,-205
111000192,268,564,-296
111000193,334,383,-49
111000194,87,401,-314
111000195,231,374,-143
111000196,69,230,-161
111000197,617,181,436
111000198,1200,175,1025
111000199,236,199,37
111000200,449,396,53
111000201,735,345,390
111000202,268,280,-12
111000203,385,453,-68
111000204,497,1322,-825
111000213,201,590,-389
111000214,1783,1757,26
111000215,1195,1484,-289
111000217,1528,1271,257
111000218,1321,1462,-141
111000219,478,278,200
111000220,2114,1316,798
111000221,986,154,832
111000224,40,402,-362
111000225,378,329,49
111000226,139,2,137
111000227,46,1,45
111000228,38,432,-394
111000229,90,781,-691
111000230,357,505,-148
111000231,1192,987,205
111000232,741,1162,-421
111000233,849,1027,-178
111000234,133,417,-284
111000239,176,229,-53
111000240,49,225,-176
111000241,51,355,-304
111000242,193,71,122
111000243,376,716,-340
111000244,635,103,532
111000245,1915,577,1338
111000246,529,506,23
111000247,317,933,-616
111000248,601,691,-90
111000249,500,741,-241
111000250,40,113,-73
111000251,48,125,-77
111000253,8,24,-16
111000255,30,10,20
111000257,39,23,16
111000260,75,1266,-1191
111000261,1357,189,1168
111000271,53,380,-327
111000273,4704,1896,2808
111000274,1351,2760,-1409
111000275,276,75,201
111000276,283,2188,-1905
111000277,245,492,-247
111000278,760,342,418
111000291,787,6381,-5594
111000298,549,271,278
111000299,569,151,418
111000300,184,676,-492
111000302,224,81,143
111000303,96,289,-193
111000312,94,85,9
111000315,4,131,-127
111000320,450,1056,-606
111000321,371,118,253
111000322,334,512,-178
111000323,221,37,184
111000324,441,340,101
111000325,68,94,-26
111000326,187,362,-175
111000327,1037,481,556
111000328,231,585,-354
111000329,0,17,-17
111000330,77,17,60
111000331,37,2,35
111000332,515,1571,-1056
111000334,495,1617,-1122
111000335,1542,393,1149
111000337,1183,557,626
111000338,116,192,-76
111000339,710,487,223
111000340,520,778,-258
111000341,1256,877,379
111000342,461,1147,-686
111000344,1181,936,245
111000345,356,110,246
111000346,24,104,-80
111000347,122,14,108
111000350,283,141,142
111000351,156,395,-239
111000352,224,119,105
111000353,191,321,-130
111000354,580,138,442
111000355,589,608,-19
111000358,241,1330,-1089
111000360,261,729,-468
111000361,110,336,-226
111000546,1718,704,1014
111000547,511,576,-65
111000548,133,415,-282
111000549,387,413,-26
111000550,127,1118,-991
111000551,847,223,624
111000552,2913,248,2665
111000907,512,67,445
111000908,29,0,29
111000916,1700,389,1311
111000917,70,588,-518
111000918,232,1005,-773
111000920,479,26,453
111000921,5,266,-261
111000922,634,364,270
111000924,84,922,-838
111000925,2552,2344,208
111000926,1098,1832,-734
111000927,3340,5000,-1660
111000928,4764,3809,955
111000929,1808,1651,157
111000930,1035,2716,-1681
111000931,2133,3159,-1026
111000932,4712,2804,1908
111000933,4266,2935,1331
111000934,2306,4439,-2133
111000935,1463,1407,56
111000936,1211,2515,-1304
111000937,1055,1854,-799
111000938,1671,1876,-205
111000939,533,62,471
111000940,440,233,207
111000941,427,556,-129
111000943,478,390,88
111000944,161,416,-255
111000945,155,1741,-1586
111001109,523,351,172
111001110,169,534,-365
111001111,75,11,64
111001112,154,56,98
111001113,2,191,-189
111001114,1104,151,953
111001115,72,555,-483
111001116,5804,4337,1467
111001117,828,3241,-2413
111001120,111,332,-221
111001121,182,305,-123
111001122,214,526,-312
111001123,227,142,85
111001124,79,255,-176
111001125,3,46,-43
111900001,3,97,-94
111900002,18,872,-854
111900003,6,452,-446
111900004,104,153,-49
111900006,16,57,-41
111900007,100,9,91
111900008,249,5,244
111900009,179,242,-63
111900010,406,644,-238
111900012,70,151,-81
111900013,38,84,-46
111900014,5833,3423,2410
111900015,0,63,-63
111900016,0,127,-127
111900017,1,142,-141
111900018,253,13,240
111900019,8,171,-163
111900020,14,70,-56
111900021,37,159,-122
111900022,19,75,-56
111900023,141,121,20
111900024,2,76,-74
111900025,0,34,-34
111900026,0,106,-106
111900027,11,175,-164
111900028,1,438,-437
111900029,12,86,-74
111900030,30,397,-367
111900031,29,39,-10
111900032,0,328,-328
111900033,9,111,-102
111900034,273,634,-361
111900035,134,292,-158
111900036,2,245,-243
111900038,307,675,-368
111900039,100,534,-434
111900040,2,568,-566
111900042,81,173,-92
111900043,1,339,-338
111900044,424,299,125
111900046,48,165,-117
111900048,257,752,-495
111900049,61,209,-148
111900050,112,38,74
111900051,7,231,-224
111900052,475,476,-1
111900053,1225,1390,-165
111900054,171,6,165
111900055,40,423,-383
111900056,258,342,-84
111900057,214,65,149
111900058,320,651,-331
111900059,2065,653,1412
111900060,418,4,414
111900061,10,275,-265
111900062,23,72,-49
111900063,324,214,110
111900064,144,298,-154
111900065,86,64,22
111900066,128,183,-55
111900067,2,433,-431
111900068,65,45,20
111900069,94,31,63
111900070,179,160,19
111900071,1,310,-309
111900072,29,20,9
111900073,688,114,574
111900074,17,250,-233
111900075,74,15,59
111900076,169,52,117
111900077,39,6,33
111900078,232,23,209
111900079,58,81,-23
111900080,251,267,-16
111900082,108,40,68
111900083,100,11,89
111900084,98,23,75
111900085,55,130,-75
111900086,36,7,29
111900087,34,0,34
111900088,499,7,492
111900089,140,5,135
111900090,67,72,-5
111900091,243,6,237
111900092,75,0,75
111900093,330,9,321
111900094,175,36,139
111900095,294,49,245
111900096,128,0,128
111900097,55,3,52
111900098,191,3,188
111900099,65,0,65
111900100,193,8,185
111900101,117,38,79
111900102,884,757,127
111900103,75,105,-30
111900104,297,88,209
111900105,348,191,157
111900106,1329,84,1245
111900110,2231,486,1745
111900111,401,266,135
111900112,752,2733,-1981
111900113,311,116,195
111900118,416,127,289
111900119,341,166,175
111900122,182,103,79
111900123,43,38,5
111900124,50,117,-67
111900125,459,33,426
111900126,374,6,368
111900127,2,635,-633
111900128,10,468,-458
111900129,316,28,288
111900130,355,41,314
111900131,488,9,479
111900132,37,1135,-1098
111900133,11,397,-386
111900134,18,239,-221
111900135,11,48,-37
111900136,101,161,-60
111900137,81,79,2
111900138,13,118,-105
111900139,27,152,-125
111900140,120,44,76
111900141,141,20,121
111900142,112,43,69
111900143,56,309,-253
111900144,0,88,-88
111900145,2,503,-501
111900146,5,327,-322
111900147,170,487,-317
111900148,67,631,-564
111900149,12,281,-269
111900150,14,144,-130
111900151,4,34,-30
111900152,123,69,54
111900153,1604,449,1155
111900154,12,253,-241
111900155,77,71,6
111900156,41,60,-19
111900157,75,15,60
111900158,592,75,517
111900159,264,16,248
111900160,305,1,304
111900161,152,2,150
111900162,78,190,-112
111900163,67,248,-181
111900164,101,66,35
111901113,416,273,143
111901114,818,313,505
111901115,81,4,77
111901116,66,14,52
111901117,36,55,-19
111901118,100,322,-222
111901119,815,118,697
111901121,223,241,-18
111901122,8,493,-485
111901123,186,388,-202
111901124,148,4,144
111901125,352,193,159
111901127,844,472,372
111901128,11,119,-108
111901129,7,167,-160
111901130,5,259,-254
111901131,2,217,-215
111901132,119,26,93
111901133,29,2,27
111901134,61,2,59
111901135,14,10,4
111901136,21,45,-24
111901137,1,18,-17
111901138,249,52,197
111901139,21,39,-18
111901140,8,99,-91
111901141,13,194,-181
111901142,11,136,-125
111901143,2,89,-87
111901144,42,60,-18
111901145,162,332,-170
111901146,618,32,586
112000001,2056,903,1153
112000002,832,2642,-1810
112000003,1449,1183,266
112000004,746,1272,-526
112000005,3690,4118,-428
112000006,2609,2324,285
112000007,2835,2182,653
112000008,2842,4153,-1311
112000009,3887,3648,239
112000010,2999,3723,-724
112000011,2094,2173,-79
112000012,6401,4786,1615
112000013,6335,4064,2271
112000014,3662,2454,1208
112000015,4772,4157,615
112000016,10313,2374,7939
112000017,4933,3897,1036
112000024,2958,1439,1519
112000026,4398,5628,-1230
112000027,1005,626,379
112000028,1814,1861,-47
112000029,595,838,-243
112000030,249,154,95
112000031,2082,5529,-3447
112000032,621,101,520
112000033,2769,2010,759
112000034,374,114,260
112000035,303,634,-331
112000036,1535,1461,74
112000037,2958,1296,1662
112000038,2280,1593,687
112000039,56,92,-36
112000040,126,380,-254
112000041,549,669,-120
112000042,1453,559,894
112000050,1278,1923,-645
112000051,1269,1408,-139
112000054,1884,2170,-286
112000057,791,534,257
112000058,642,888,-246
112000059,546,898,-352
112000061,3608,2277,1331
112000062,1766,809,957
112000063,1302,1595,-293
112000064,4845,5847,-1002
112000065,2301,2858,-557
112000066,3780,1893,1887
112000067,888,856,32
112000068,3564,2659,905
112000069,929,2209,-1280
112000070,2188,989,1199
112000071,1262,3037,-1775
112000072,2704,1109,1595
112000073,2323,2904,-581
112000074,2068,1485,583
112000075,1653,1623,30
112000076,4595,3520,1075
112000077,1467,676,791
112000078,2036,859,1177
112000079,1803,1686,117
112000080,933,1112,-179
112000081,1756,2810,-1054
112000082,1669,1072,597
112000083,598,1485,-887
112000084,1346,1144,202
112000085,1550,1103,447
112000086,2328,1721,607
112000087,481,468,13
112000088,851,756,95
112000089,503,357,146
112000090,432,364,68
112000091,639,1241,-602
112000092,1924,1402,522
112000093,1763,1125,638
112000094,651,957,-306
112000095,684,1098,-414
112000096,606,696,-90
112000097,1273,925,348
112000098,1281,1399,-118
112000099,771,1865,-1094
112000100,1990,1051,939
112000101,730,1200,-470
112000102,1306,634,672
112000103,349,1383,-1034
112000105,489,1749,-1260
112000106,1357,598,759
112000107,12,455,-443
112000108,212,1748,-1536
112000109,64,142,-78
112000110,2430,896,1534
112000111,1659,4557,-2898
112000112,7234,871,6363
112000113,1116,2194,-1078
112000114,5015,1230,3785
112000115,497,610,-113
112000116,908,1507,-599
112000117,1112,919,193
112000118,1532,1189,343
112000119,692,971,-279
112000120,81,471,-390
112000121,139,514,-375
112000122,338,218,120
112000123,699,239,460
112000124,397,105,292
112000125,272,379,-107
112000126,253,589,-336
112000127,3688,2557,1131
112000128,1466,892,574
112000129,128,108,20
112000130,255,92,163
112000131,54,377,-323
112000132,140,281,-141
112000133,419,235,184
112000134,623,405,218
112000135,3348,854,2494
112000136,2574,1810,764
112000137,4785,2350,2435
112000138,5853,1828,4025
112000139,1011,634,377
112000140,1804,1300,504
112000141,841,384,457
112000142,251,845,-594
112000143,1214,265,949
112000144,384,1590,-1206
112000145,2662,722,1940
112000146,592,2295,-1703
112000147,3129,2237,892
112000148,2132,2773,-641
112000149,578,835,-257
112000150,349,939,-590
112000151,363,490,-127
112000152,407,686,-279
112000153,168,433,-265
112000154,153,368,-215
112000155,134,176,-42
112000157,1106,720,386
112000158,364,577,-213
112000159,565,510,55
112000167,467,149,318
112000169,355,561,-206
112000173,806,312,494
112000175,677,585,92
112000176,3769,2449,1320
112000177,758,270,488
112000178,131,575,-444
112000179,355,173,182
112000180,334,513,-179
112000181,1661,2272,-611
112000182,1181,1817,-636
112000183,48,83,-35
112000184,402,447,-45
112000185,540,694,-154
112000187,4600,3026,1574
112000195,234,16,218
112000196,345,4,341
112000197,264,238,26
112000198,59,352,-293
112000199,1957,1449,508
112000202,453,15,438
112000216,74,357,-283
112000230,74,6,68
112000231,6,321,-315
112000256,58,354,-296
112000313,75,191,-116
112000314,67,30,37
112000337,616,638,-22
112000352,512,433,79
112000392,1528,1289,239
112000398,1394,1057,337
112000399,1930,2639,-709
112000400,2048,4314,-2266
112000401,3764,3229,535
112000402,3437,3545,-108
112000403,2655,3360,-705
112000404,846,1033,-187
112000405,1976,3306,-1330
112000406,4041,3095,946
112000407,7525,9819,-2294
112000408,9088,8917,171
112000409,1778,5939,-4161
112000410,585,287,298
112000411,4874,2587,2287
112000412,1816,839,977
112000413,9645,6069,3576
112000414,100,107,-7
112000415,130,61,69
112000416,2501,1784,717
112000417,271,80,191
112000421,60,248,-188
112000422,524,496,28
112000424,2655,2984,-329
112000425,539,892,-353
112000426,157,473,-316
112000427,4,20,-16
112000428,454,369,85
112000429,2777,3099,-322
112000430,2870,3310,-440
112000431,71,165,-94
112000432,820,1492,-672
112000433,507,1041,-534
112000437,48,214,-166
112900001,48,2,46
112900002,405,1174,-769
112900003,66,440,-374
112900004,59,342,-283
112900005,251,309,-58
112900006,13,412,-399
112900007,49,175,-126
112900008,2,29,-27
112900009,489,108,381
112900010,505,1177,-672
112900011,230,301,-71
112900012,2,50,-48
112900013,20,370,-350
112900014,4,553,-549
112900015,501,863,-362
112900016,11,401,-390
112900017,61,261,-200
112900018,21,355,-334
112900019,72,350,-278
112900020,436,1214,-778
112900021,6,263,-257
112900022,21,86,-65
112900023,9,211,-202
112900024,35,305,-270
112900025,126,288,-162
112900026,6,289,-283
112900027,8,1235,-1227
112900028,26,146,-120
112900029,19,591,-572
112900030,150,225,-75
112900031,15,594,-579
112900032,342,356,-14
112900034,1,60,-59
112900035,17,522,-505
112900036,216,197,19
112900037,219,199,20
112900038,753,218,535
112900039,31,364,-333
112900040,12,763,-751
112900041,988,1281,-293
112900042,84,434,-350
112900043,55,71,-16
112900044,663,608,55
112900045,393,440,-47
112900046,322,79,243
112900047,19,55,-36
112900049,198,133,65
112900050,45,711,-666
112900051,469,830,-361
112900052,8,1060,-1052
112900053,1284,170,1114
112900054,297,78,219
112900055,177,65,112
112900056,521,335,186
112900057,25,682,-657
112900058,332,388,-56
112900059,231,150,81
112900060,29,219,-190
112900061,171,161,10
112900062,77,171,-94
112900063,209,23,186
112900064,235,260,-25
112900065,45,32,13
112900066,290,165,125
112900067,580,203,377
112900068,58,46,12
112900069,2288,1041,1247
112900071,45,10,35
112900072,228,2487,-2259
112900073,796,90,706
112900074,117,280,-163
112900075,1606,1021,585
112900076,131,39,92
112900078,414,523,-109
112900079,386,64,322
112900080,81,7,74
112900081,47,260,-213
112900082,545,26,519
112900083,142,132,10
112900084,310,114,196
112900086,142,0,142
112900087,844,207,637
112900088,203,17,186
112900089,967,33,934
112900090,72,35,37
112900091,251,9,242
112900092,325,384,-59
112900093,2024,31,1993
112900095,94,2,92
112900096,571,176,395
112900097,118,399,-281
112900098,279,6,273
112900099,841,19,822
112900100,152,3,149
112900101,625,3,622
112900102,446,35,411
112900103,231,3,228
112900104,184,5,179
112900105,19,0,19
112900106,509,192,317
112900107,12,0,12
112900108,24,0,24
112900109,114,2,112
112900110,1358,23,1335
112900111,761,7,754
112900112,387,7,380
112900113,0,14,-14
112900114,156,74,82
112900115,1325,6,1319
112900116,153,40,113
112900117,116,109,7
112900118,45,118,-73
112900119,173,3,170
112900120,935,374,561
112900121,146,241,-95
112900122,86,176,-90
112900123,143,24,119
112900124,12,196,-184
112900125,84,595,-511
112900126,300,300,0
112900127,339,181,158
112900128,496,888,-392
112900129,4,1028,-1024
112900130,363,111,252
112900131,63,282,-219
112900132,448,546,-98
112900133,35,1420,-1385
112900134,0,422,-422
112900135,179,57,122
112900137,0,581,-581
112900138,11,375,-364
112900139,332,1218,-886
112900141,893,54,839
112900142,118,153,-35
112900143,41,593,-552
112900144,2,354,-352
112900145,31,505,-474
112900146,7,1296,-1289
112900147,18,2001,-1983
112900148,95,1,94
112900149,333,1385,-1052
112900151,25,67,-42
112900152,4339,1209,3130
112900153,2541,2898,-357
112900154,0,165,-165
112900155,278,43,235
112900156,395,1800,-1405
112900157,305,95,210
112900158,84,37,47
112900159,280,154,126
112900160,96,384,-288
112900161,121,50,71
112900162,41,29,12
112900163,123,47,76
112900164,45,294,-249
112900165,582,49,533
112900166,25,95,-70
112900167,14,62,-48
112900168,10,1,9
112900169,14,18,-4
112900170,136,143,-7
112900172,66,20,46
112900173,275,128,147
112900174,340,68,272
112900175,212,173,39
112900176,10,66,-56
112900177,271,63,208
112900178,1016,2876,-1860
112900179,59,498,-439
112900180,2363,1979,384
112900181,574,3,571
112900182,56,1260,-1204
112900183,228,384,-156
112900184,549,543,6
112900185,359,741,-382
112900186,2115,1364,751
112900187,105,730,-625
112900188,928,654,274
112900189,14,72,-58
112900190,10,53,-43
112900192,751,739,12
112900193,1497,428,1069
112900194,71,127,-56
112900195,1221,111,1110
112900196,234,346,-112
112900197,316,453,-137
112900199,543,578,-35
112900200,514,247,267
112900201,135,116,19
112900202,411,970,-559
112900203,276,285,-9
112900204,1128,857,271
112900205,11,16,-5
112900206,32,67,-35
112900207,39,2,37
112900208,92,366,-274
112900209,621,495,126
112900210,1,14,-13
112900211,156,146,10
112900212,1,139,-138
112900213,33,34,-1
112900214,30,22,8
112900215,12,224,-212
112900216,41,90,-49
112900217,0,60,-60
112900218,60,45,15
112900219,289,24,265
112900220,8,0,8
112900221,105,139,-34
112900222,10,42,-32
112900223,1171,35,1136
112900224,360,609,-249
112900225,492,460,32
112900226,320,462,-142
112900227,737,1238,-501
112900228,52,55,-3
112900229,207,80,127
112900230,8394,5140,3254
112900232,365,308,57
112900233,92,218,-126
112900234,20,120,-100
112900235,161,40,121
112900236,248,20,228
112900237,206,265,-59
112900238,6,58,-52
112900239,1066,516,550
113000001,6519,5472,1047
113000002,4064,4416,-352
113000003,2319,1763,556
113000004,2172,2838,-666
113000005,1986,1130,856
113000006,1312,1670,-358
113000007,2452,1494,958
113000008,2042,2213,-171
113000009,1095,978,117
113000010,1609,1768,-159
113000011,954,2184,-1230
113000012,2237,1112,1125
113000013,2266,861,1405
113000014,1997,2611,-614
113000015,955,504,451
113000016,773,1233,-460
113000017,150,522,-372
113000018,548,96,452
113000019,334,440,-106
113000020,647,91,556
113000021,1891,734,1157
113000022,955,1410,-455
113000025,357,1556,-1199
113000026,470,608,-138
113000027,1026,636,390
113000028,1383,808,575
113000029,944,754,190
113000030,566,793,-227
113000031,297,374,-77
113000032,342,316,26
113000033,359,476,-117
113000034,442,436,6
113000035,39,53,-14
113000036,40,81,-41
113000037,71,42,29
113000038,22,79,-57
113000039,133,441,-308
113000040,64,73,-9
113000042,881,784,97
113000051,954,2708,-1754
113000052,2327,1065,1262
113000053,476,576,-100
113000054,394,993,-599
113000055,1157,738,419
113000056,1017,1048,-31
113000058,860,1034,-174
113000059,1268,950,318
113000060,230,663,-433
113000061,556,1054,-498
113000062,1239,405,834
113000063,236,133,103
113000064,64,419,-355
113000065,157,1041,-884
113000066,699,115,584
113000067,2014,1785,229
113000068,390,1504,-1114
113000069,625,1391,-766
113000070,2881,1417,1464
113000071,736,857,-121
113000072,879,660,219
113000073,543,1708,-1165
113000074,1308,608,700
113000075,2317,821,1496
113000076,791,2168,-1377
113000077,1418,751,667
113000078,869,2728,-1859
113000079,1008,912,96
113000080,982,888,94
113000081,1419,1105,314
113000082,2021,1062,959
113000083,628,1074,-446
113000084,1906,1440,466
113000085,894,840,54
113000086,1499,1313,186
113000087,1666,1100,566
113000088,2835,1562,1273
113000089,1095,2026,-931
113000090,337,766,-429
113000091,740,512,228
113000094,1423,240,1183
113000095,239,905,-666
113000096,210,835,-625
113000097,1190,502,688
113000098,167,38,129
113000099,1327,473,854
113000100,154,486,-332
113000101,441,795,-354
113000102,716,539,177
113000103,2362,678,1684
113000104,577,2131,-1554
113000105,920,535,385
113000106,402,698,-296
113000107,854,828,26
113000108,723,1557,-834
113000109,621,1933,-1312
113000110,1680,581,1099
113000111,136,665,-529
113000112,319,444,-125
113000113,1720,390,1330
113000114,385,1648,-1263
113000116,1095,319,776
113000117,999,167,832
113000118,145,658,-513
113000119,449,446,3
113000120,92,279,-187
113000121,1030,1254,-224
113000124,286,192,94
113000125,105,795,-690
113000127,3026,419,2607
113000128,615,774,-159
113000129,695,1062,-367
113000133,2773,2106,667
113000134,16,1292,-1276
113000135,4661,5217,-556
113000137,2359,3738,-1379
113000139,488,260,228
113000140,196,290,-94
113000141,594,272,322
113000142,1009,1491,-482
113000143,323,254,69
113000144,310,789,-479
113000145,89,215,-126
113000146,239,110,129
113000147,223,138,85
113000148,189,139,50
113000149,126,124,2
113000150,576,422,154
113000151,106,53,53
113000152,32,128,-96
113000153,1612,673,939
113000154,1046,1969,-923
113000155,377,753,-376
113000156,210,594,-384
113000157,398,1068,-670
113000158,869,348,521
113000159,1170,1031,139
113000160,830,1288,-458
113000161,383,632,-249
113000162,1069,747,322
113000163,195,63,132
113000164,19,109,-90
113000166,155,142,13
113000167,73,150,-77
113000168,93,150,-57
113000169,165,139,26
113000170,125,155,-30
113000171,67,105,-38
113000172,281,102,179
113000173,67,38,29
113000174,164,556,-392
113000175,492,159,333
113000176,580,245,335
113000177,277,483,-206
113000178,387,458,-71
113000179,331,299,32
113000180,913,1477,-564
113000181,1328,1047,281
113000182,215,501,-286
113000183,167,683,-516
113000184,38,143,-105
113000189,633,1075,-442
113000190,1271,775,496
113000192,2049,2581,-532
113000193,4903,1300,3603
113000194,2408,1261,1147
113000195,2794,1133,1661
113000196,233,76,157
113000197,2865,1359,1506
113000198,146,582,-436
113000199,1940,523,1417
113000201,288,365,-77
113000202,4099,1660,2439
113000203,355,182,173
113000204,1599,2250,-651
113000205,19,36,-17
113000206,16,60,-44
113000207,111,34,77
113000208,61,58,3
113000209,31,36,-5
113000210,10,44,-34
113000211,177,255,-78
113000212,113,32,81
113000213,78,174,-96
113000214,156,321,-165
113000234,190,957,-767
113000410,1538,374,1164
113000411,3723,5336,-1613
113000412,7778,2766,5012
113000413,3245,3543,-298
113000414,7936,18154,-10218
113000415,3098,4028,-930
113000416,10690,5439,5251
113000417,3228,3671,-443
113000418,5332,3814,1518
113000419,2139,2483,-344
113000420,5272,7046,-1774
113000421,4875,7833,-2958
113000422,15265,12550,2715
113000423,2663,5964,-3301
113000424,3965,9078,-5113
113000425,27,127,-100
113000428,347,100,247
113000430,173,889,-716
113000432,2228,290,1938
113000433,193,874,-681
113000434,20,146,-126
113000435,66,753,-687
113000436,60,1441,-1381
113000437,1138,33,1105
113000438,334,19,315
113000439,31,150,-119
113000440,124,42,82
113000441,228,231,-3
113000442,163,217,-54
113000443,218,247,-29
113000444,205,263,-58
113000445,167,131,36
113000446,66,121,-55
113000448,196,202,-6
113000449,245,1041,-796
113000450,798,2632,-1834
113000451,1310,261,1049
113000452,517,540,-23
113000453,91,472,-381
113000454,994,67,927
113000455,47,331,-284
113000456,4571,3272,1299
113000468,2032,362,1670
113000469,191,196,-5
113000470,445,40,405
113000471,17,444,-427
113000472,88,434,-346
113000474,528,635,-107
113000475,1802,2075,-273
113000476,1482,2189,-707
113000477,3574,2601,973
113000478,4699,6687,-1988
113000479,118,269,-151
113000480,140,217,-77
113000484,0,0,0
113000485,0,0,0
113000486,21,2,19
113000487,0,1,-1
113000488,2,0,2
113000489,1,7,-6
113000490,0,1,-1
113000491,18,10,8
113000492,9,1,8
113000493,3,0,3
113000495,233,199,34
113000496,145,140,5
113000497,0,0,0
113000499,0,0,0
113000500,0,0,0
113900001,5,191,-186
113900002,1,109,-108
113900003,8,83,-75
113900004,0,36,-36
113900005,0,48,-48
113900006,3,12,-9
113900007,80,17,63
113900008,72,0,72
113900009,219,4,215
113900010,155,2,153
113900011,45,0,45
113900012,45,5,40
113900013,362,6,356
113900014,705,4,701
113900015,0,82,-82
113900016,50,1,49
113900017,7,71,-64
113900018,522,253,269
113900019,238,93,145
113900020,155,3,152
113900022,24,0,24
113900023,24,0,24
113900024,204,67,137
113900025,305,31,274
113900026,56,0,56
113900027,8,106,-98
113900028,29,517,-488
113900029,60,231,-171
113900030,207,2,205
113900031,17,1,16
113900032,32,0,32
113900033,91,97,-6
113900035,47,1,46
113900036,24,181,-157
113900037,176,597,-421
113900038,65,171,-106
113900039,150,24,126
113900040,10,9,1
113900041,1,10,-9
113900042,116,53,63
113900043,178,150,28
113900044,458,325,133
113900045,81,4,77
113900046,393,765,-372
113900047,51,128,-77
113900048,261,100,161
113900049,790,316,474
113900050,269,395,-126
113900051,330,498,-168
113900052,187,167,20
113900053,798,607,191
113900054,37,1,36
113900055,149,474,-325
113900056,67,231,-164
113900057,36,138,-102
113900058,106,170,-64
113900059,294,409,-115
113900060,224,262,-38
113900061,1127,346,781
113900062,107,19,88
113900063,145,184,-39
113900064,32,188,-156
113900065,503,17,486
113900066,430,413,17
113900067,330,435,-105
113900068,575,508,67
113900069,105,37,68
113900070,244,538,-294
113900071,85,58,27
113900072,71,226,-155
113900073,291,431,-140
113900074,151,350,-199
113900075,1416,1161,255
113900076,184,13,171
113900077,98,237,-139
113900078,61,55,6
113900079,3,47,-44
113900080,479,254,225
113900081,85,271,-186
113900082,113,334,-221
113900083,311,457,-146
113900084,219,103,116
113900085,55,360,-305
113900086,33,13,20
113900087,81,161,-80
113900088,57,107,-50
113900089,439,43,396
113900090,680,536,144
113900091,30,19,11
113900092,73,104,-31
113900093,103,828,-725
113900094,436,502,-66
113900095,159,122,37
113900096,357,88,269
113900097,75,125,-50
113900098,636,85,551
113900099,1,55,-54
113900100,0,2,-2
113900101,26,106,-80
113900102,136,274,-138
113900103,321,271,50
113900104,126,241,-115
113900105,107,312,-205
113900106,1,74,-73
113900107,0,33,-33
113900108,300,299,1
113900109,491,188,303
113900110,59,20,39
113900111,172,140,32
113900112,153,96,57
113900113,1089,580,509
113900114,1,82,-81
113900115,1,84,-83
113900116,166,209,-43
113900117,123,27,96
113900118,233,322,-89
113900119,288,564,-276
113900120,61,71,-10
113900121,88,127,-39
113900122,416,1932,-1516
113900123,476,259,217
113900124,0,51,-51
113900125,1000,167,833
113900126,278,73,205
113900127,389,898,-509
113900128,163,63,100
113900129,20,156,-136
113900130,29,73,-44
113900131,286,88,198
113900132,58,74,-16
113900133,22,91,-69
113900135,351,411,-60
113900136,138,103,35
113900137,362,293,69
113900138,71,167,-96
113900139,435,146,289
113900140,401,418,-17
113900141,596,420,176
113900142,174,120,54
113900143,22,51,-29
113900144,379,295,84
113900145,518,181,337
113900146,156,64,92
113900148,138,310,-172
113900149,229,109,120
113900150,810,551,259
113900151,468,249,219
113900152,39,34,5
113900153,394,625,-231
113900154,7,186,-179
113900155,279,205,74
113900156,327,494,-167
113900157,68,294,-226
113900158,676,623,53
113900159,28,369,-341
113900160,885,722,163
113900161,93,317,-224
113900162,904,1072,-168
113900163,366,328,38
113900164,276,62,214
113900165,1037,558,479
113900166,384,162,222
113900167,336,65,271
113900168,122,129,-7
113900169,341,481,-140
113900171,195,88,107
113900172,17,245,-228
113900173,67,604,-537
113900174,544,663,-119
113900175,383,161,222
113900176,551,688,-137
113900177,418,222,196
113900178,579,148,431
113900179,20,495,-475
113900180,250,174,76
113900181,652,156,496
113900182,1051,1287,-236
113900183,67,103,-36
113900184,7,566,-559
113900185,218,100,118
113900186,41,57,-16
113900187,42,181,-139
113900188,55,187,-132
113900189,321,126,195
113900190,316,168,148
113900191,123,305,-182
113900192,8,599,-591
113900193,30,303,-273
113900194,1845,1281,564
113900195,308,437,-129
113900196,19,216,-197
113900197,2,211,-209
113900198,38,241,-203
113900199,281,755,-474
113900200,26,298,-272
113900201,0,190,-190
113900202,45,332,-287
113900203,1,134,-133
113900204,57,580,-523
113900205,17,184,-167
113900206,3,168,-165
113900207,3,86,-83
113900208,3,100,-97
113900209,0,90,-90
113900210,753,955,-202
113900211,236,76,160
113900212,224,477,-253
113900214,475,458,17
113900215,47,142,-95
113900216,380,1078,-698
113900217,73,293,-220
113900218,266,81,185
113900219,116,377,-261
113900220,181,125,56
113900221,384,246,138
113900222,387,791,-404
113900223,167,1103,-936
113900224,106,89,17
113900225,597,269,328
113900226,374,141,233
113900227,531,192,339
113900228,430,555,-125
113900229,90,1012,-922
113900230,5081,3868,1213
113900231,230,210,20
113900232,101,135,-34
113900233,92,99,-7
113900234,410,551,-141
113900235,152,35,117
113900236,142,381,-239
113900237,222,28,194
113900238,288,532,-244
113900239,69,94,-25
113900240,6,170,-164
113900241,125,71,54
113900242,40,116,-76
113900243,164,601,-437
113900244,402,246,156
113900245,1512,424,1088
113900246,16,32,-16
113900247,207,514,-307
113900248,3076,2033,1043
113900249,904,446,458
113900250,43,160,-117
113900251,616,199,417
113900252,604,26,578
113900253,763,80,683
113900254,1042,152,890
113900255,384,28,356
113900256,362,33,329
113900257,30,584,-554
113900258,30,504,-474
113900259,471,223,248
113900260,211,18,193
113900261,57,96,-39
113900262,169,629,-460
113900263,219,778,-559
113900264,11,511,-500
113900265,278,388,-110
113900266,34,224,-190
113900267,169,690,-521
113900268,418,556,-138
113900269,72,186,-114
113900270,410,982,-572
113900271,795,1317,-522
113900273,104,24,80
113900274,75,37,38
113900275,74,88,-14
113900276,8,184,-176
113900277,89,6,83
113900278,365,227,138
113900279,136,114,22
113900280,1712,682,1030
113900281,761,1693,-932
113900282,991,662,329
113900283,572,602,-30
113900284,955,311,644
113900285,224,75,149
113900286,6,84,-78
113900287,54,59,-5
113900288,4,186,-182
113900289,1111,145,966
113900290,352,252,100
113900291,142,285,-143
113900292,11,3,8
113900293,11,313,-302
113900294,485,20,465
113900295,591,431,160
113900296,2104,478,1626
113900297,2753,57,2696
113900298,15,1775,-1760
113900299,127,181,-54
113900300,5809,3743,2066
113900301,939,509,430
113900302,3013,1232,1781
113900303,567,601,-34
113900304,2,166,-164
113900305,92,0,92
113900306,41,0,41
113900307,116,0,116
113900308,105,164,-59
113900309,2,815,-813
113900310,2,15,-13
113900311,10,1,9
113900312,255,305,-50
113900313,13,4,9
114000001,1170,3229,-2059
114000002,301,378,-77
114000003,49,383,-334
114000004,410,495,-85
114000005,239,303,-64
114000006,2811,2544,267
114000007,904,1561,-657
114000008,1652,2017,-365
114000009,790,327,463
114000011,2903,3143,-240
114000012,2451,2174,277
114000013,1897,1778,119
114000014,594,362,232
114000015,1948,475,1473
114000016,326,386,-60
114000017,87,337,-250
114000018,301,69,232
114000026,1681,1436,245
114000027,3123,2264,859
114000028,2861,2907,-46
114000038,297,187,110
114000039,89,60,29
114000040,89,285,-196
114000042,158,178,-20
114000043,82,145,-63
114000044,175,58,117
114000045,57,90,-33
114000046,4756,5922,-1166
114000047,25,103,-78
114000048,77,37,40
114000049,1751,1726,25
114000050,1562,2234,-672
114000051,2952,2190,762
114000052,5736,1864,3872
114000053,100,609,-509
114000054,285,1055,-770
114000055,394,52,342
114000056,1530,994,536
114000057,6236,2678,3558
114000058,787,1658,-871
114000059,484,375,109
114000060,785,1007,-222
114000061,3582,3138,444
114000062,3155,1794,1361
114000063,3311,1998,1313
114000064,7679,4015,3664
114000065,2167,2908,-741
114000066,457,784,-327
114000067,33,691,-658
114000068,592,667,-75
114000069,1028,704,324
114000070,2561,1923,638
114000071,736,760,-24
114000072,546,307,239
114000073,14,109,-95
114000074,52,15,37
114000075,46,171,-125
114000076,8,135,-127
114000077,4,70,-66
114000078,652,959,-307
114000079,197,34,163
114000080,78,93,-15
114000081,75,118,-43
114000082,45,482,-437
114000083,93,391,-298
114000084,313,128,185
114000085,145,793,-648
114000086,271,586,-315
114000087,129,194,-65
114000088,49,65,-16
114000089,1168,540,628
114000090,889,988,-99
114000091,1760,977,783
114000092,1221,595,626
114000093,1440,1002,438
114000094,406,445,-39
114000095,318,165,153
114000096,240,497,-257
114000097,189,727,-538
114000098,505,100,405
114000099,559,628,-69
114000100,1442,834,608
114000101,491,974,-483
114000102,589,390,199
114000103,184,435,-251
114000104,60,266,-206
114000105,148,124,24
114000106,909,1048,-139
114000107,367,168,199
114000108,1534,1238,296
114000109,520,1096,-576
114000110,727,1796,-1069
114000111,1865,1004,861
114000112,639,2187,-1548
114000113,1264,686,578
114000114,1652,1665,-13
114000115,1998,1265,733
114000116,1060,1495,-435
114000117,2951,514,2437
114000118,2487,584,1903
114000119,1569,515,1054
114000120,647,955,-308
114000121,404,803,-399
114000122,425,442,-17
114000123,1985,643,1342
114000124,942,430,512
114000125,970,1604,-634
114000126,2746,306,2440
114000127,394,252,142
114000128,913,494,419
114000130,603,629,-26
114000131,351,131,220
114000132,729,641,88
114000133,1204,1659,-455
114000134,89,201,-112
114000138,34,298,-264
114000139,542,306,236
114000144,928,596,332
114000145,75,243,-168
114000146,112,340,-228
114000147,1504,1785,-281
114000148,2279,2150,129
114000149,445,326,119
114000150,674,802,-128
114000151,856,1315,-459
114000152,203,42,161
114000153,861,2501,-1640
114000154,890,826,64
114000155,2259,2478,-219
114000156,994,748,246
114000157,415,1219,-804
114000158,1956,856,1100
114000159,243,536,-293
114000160,163,480,-317
114000161,1339,3106,-1767
114000162,1214,2666,-1452
114000163,21,152,-131
114000165,699,325,374
114000166,856,488,368
114000167,3587,1640,1947
114000168,1003,947,56
114000169,1669,1401,268
114000170,1506,1318,188
114000171,1173,3553,-2380
114000174,312,556,-244
114000176,632,620,12
114000177,2227,1129,1098
114000178,76,73,3
114000179,1279,815,464
114000180,569,914,-345
114000181,2118,3938,-1820
114000182,3722,2727,995
114000183,1275,1199,76
114000184,4525,1398,3127
114000185,1617,944,673
114000189,1043,128,915
114000190,2909,388,2521
114000191,47,66,-19
114000192,335,1645,-1310
114000193,843,3353,-2510
114000194,1304,1193,111
114000195,195,34,161
114000196,2,248,-246
114000197,1061,48,1013
114000198,882,374,508
114000199,2209,1839,370
114000200,705,1904,-1199
114000201,136,934,-798
114000202,1472,760,712
114000203,505,711,-206
114000204,183,494,-311
114000205,264,1729,-1465
114000206,595,1438,-843
114000207,642,2147,-1505
114000208,506,3152,-2646
114000209,778,2684,-1906
114000210,337,1685,-1348
114000211,1002,2055,-1053
114000212,893,1022,-129
114000213,1367,740,627
114000214,142,265,-123
114000215,270,105,165
114000216,1760,461,1299
114000217,350,310,40
114000218,173,293,-120
114000219,1225,327,898
114000220,28,896,-868
114000221,910,193,717
114000222,233,1127,-894
114000223,498,153,345
114000224,173,701,-528
114000225,267,786,-519
114000226,165,276,-111
114000227,936,595,341
114000228,969,1004,-35
114000229,1278,1441,-163
114000230,1738,1514,224
114000231,929,1448,-519
114000232,621,128,493
114000233,1998,180,1818
114000234,1167,1133,34
114000235,1044,1728,-684
114000236,2,437,-435
114000237,123,978,-855
114000238,226,163,63
114000239,207,1286,-1079
114000240,906,940,-34
114000241,398,1227,-829
114000242,1122,1027,95
114000243,1670,945,725
114000244,917,571,346
114000245,435,656,-221
114000246,150,52,98
114000247,924,840,84
114000248,2561,598,1963
114000249,555,637,-82
114000250,607,842,-235
114000251,521,290,231
114000252,101,92,9
114000253,66,193,-127
114000254,56,101,-45
114000255,620,261,359
114000256,2216,2360,-144
114000257,472,1649,-1177
114000258,332,552,-220
114000259,138,249,-111
114000260,0,28,-28
114000261,40,33,7
114000262,184,203,-19
114000263,20,8,12
114000264,1219,642,577
114000265,0,9,-9
114000267,8,2004,-1996
114000268,4,1581,-1577
114000270,74,0,74
114000271,481,85,396
114000283,1267,521,746
114000285,51,272,-221
114000288,106,367,-261
114000289,1136,157,979
114000293,214,481,-267
114000294,239,306,-67
114000395,1801,58,1743
114000396,542,496,46
114000402,489,346,143
114000403,286,465,-179
114000405,165,511,-346
114000423,365,492,-127
114000424,668,265,403
114000425,794,431,363
114000426,402,986,-584
114000427,54,116,-62
114000428,272,207,65
114000429,13,306,-293
114000432,145,143,2
114000434,51,103,-52
114000435,16,310,-294
114900001,699,1153,-454
114900002,1105,141,964
114900003,664,1468,-804
114900004,317,489,-172
114900005,528,856,-328
114900006,126,111,15
114900007,330,27,303
114900008,210,122,88
114900010,2061,1908,153
114900011,249,140,109
114900013,262,161,101
114900015,110,484,-374
114900018,902,27,875
114900020,223,72,151
114900022,91,725,-634
114900024,312,205,107
114900025,483,232,251
114900026,58,144,-86
114900027,282,269,13
114900029,39,37,2
114900030,321,283,38
114900031,315,43,272
114900032,419,36,383
114900033,1321,820,501
114900034,57,239,-182
114900035,241,382,-141
114900036,324,830,-506
114900037,164,211,-47
114900038,189,781,-592
114900039,576,586,-10
114900040,110,189,-79
114900041,689,562,127
114900042,819,825,-6
114900043,652,342,310
114900044,288,35,253
114900046,54,177,-123
114900047,271,1927,-1656
114900048,164,357,-193
114900049,5,184,-179
114900050,52,519,-467
114900051,69,426,-357
114900052,183,294,-111
114900053,246,346,-100
114900054,79,142,-63
114900057,227,11,216
114900058,1,95,-94
114900059,88,51,37
114900060,1450,994,456
114900061,139,235,-96
114900062,375,420,-45
114900063,61,266,-205
114900064,1365,577,788
114900065,355,811,-456
114900067,307,550,-243
114900068,77,191,-114
114900069,241,162,79
114900070,574,536,38
114900072,7,425,-418
114900073,3,247,-244
114900074,640,795,-155
114900075,399,9,390
114900076,18,504,-486
114900080,2063,491,1572
114900082,3751,2008,1743
114900083,1659,1334,325
114900090,387,247,140
114900091,246,282,-36
114900095,437,132,305
114900096,560,847,-287
114900097,142,2,140
114900098,5,226,-221
114900099,281,11,270
115000001,7060,4663,2397
115000002,3652,4279,-627
115000003,5422,3714,1708
115000004,3889,6552,-2663
115000005,1981,2427,-446
115000006,1039,1876,-837
115000007,84,188,-104
115000008,1008,605,403
115000009,168,244,-76
115000010,321,166,155
115000013,113,208,-95
115000015,92,267,-175
115000016,300,302,-2
115000019,120,558,-438
115000020,135,877,-742
115000021,341,452,-111
115000022,651,511,140
115000023,443,740,-297
115000024,1321,645,676
115000025,949,914,35
115000026,200,517,-317
115000027,338,404,-66
115000028,379,1133,-754
115000029,659,167,492
115000030,1152,1333,-181
115000031,1485,571,914
115000032,7,326,-319
115000033,182,57,125
115000034,98,1353,-1255
115000035,1306,70,1236
115000036,2,505,-503
115000037,800,19,781
115000038,60,198,-138
115000039,4156,3821,335
115000040,8418,3756,4662
115000041,1590,3737,-2147
115000042,1295,883,412
115000043,4166,2517,1649
115000044,4329,4510,-181
115000045,2994,2034,960
115000046,2374,2845,-471
115000047,2092,1701,391
115000048,1702,2957,-1255
115000049,1781,3906,-2125
115000050,3323,2687,636
115000051,1777,3234,-1457
115000052,2831,2075,756
115000053,1838,1994,-156
115000054,796,1566,-770
115000055,196,637,-441
115000056,291,639,-348
115000057,792,1025,-233
115000058,565,271,294
115000059,259,195,64
115000061,282,158,124
115000062,215,343,-128
115000063,367,367,0
115000064,314,163,151
115000065,51,503,-452
115000067,215,29,186
115000069,96,373,-277
115000070,31,1101,-1070
115000071,144,25,119
115000072,18,90,-72
115000073,1241,59,1182
115000075,83,92,-9
115000076,4089,3560,529
115000077,3416,2771,645
115000078,1507,1680,-173
115000079,1974,2321,-347
115000080,2738,2819,-81
115000081,596,1291,-695
115000082,4017,4145,-128
115000083,2388,3067,-679
115000084,2264,1345,919
115000085,890,1418,-528
115000086,1181,962,219
115000087,530,1863,-1333
115000088,1790,792,998
115000089,1518,1423,95
115000090,589,967,-378
115000091,275,1129,-854
115000092,555,361,194
115000093,594,5,589
115000094,7663,6132,1531
115000095,5401,6360,-959
115000096,755,1703,-948
115000097,857,944,-87
115000098,1164,958,206
115000099,2713,3179,-466
115000100,988,460,528
115000101,384,1655,-1271
115000102,487,276,211
115000103,301,800,-499
115000105,79,213,-134
115000106,604,338,266
115000107,283,580,-297
115000108,3674,2874,800
115000109,4993,4754,239
115000110,1732,1440,292
115000111,786,2152,-1366
115000112,863,794,69
115000113,997,1097,-100
115000114,1988,935,1053
115000116,4893,2828,2065
115000117,4989,4434,555
115000118,3647,2117,1530
115000119,4195,3181,1014
115000120,839,1515,-676
115000121,2082,1155,927
115000122,5623,2099,3524
115000123,2234,2797,-563
115000124,1496,1110,386
115000125,689,727,-38
115000126,201,326,-125
115000127,509,154,355
115000128,757,846,-89
115000129,338,349,-11
115000130,520,1051,-531
115000131,980,320,660
115000132,513,564,-51
115000133,793,349,444
115000134,660,427,233
115000135,462,276,186
115000136,253,332,-79
115000137,177,245,-68
115000138,349,336,13
115000139,240,300,-60
115000140,425,332,93
115000141,189,405,-216
115000142,201,349,-148
115000143,777,772,5
115000144,542,83,459
115000145,248,387,-139
115000146,818,380,438
115000147,759,596,163
115000148,358,1260,-902
115000149,620,281,339
115000150,803,1100,-297
115000151,1234,730,504
115000152,862,1415,-553
115000153,1049,864,185
115000154,743,460,283
115000155,906,1201,-295
115000156,1204,877,327
115000157,1030,894,136
115000158,896,479,417
115000159,889,748,141
115000160,762,718,44
115000161,522,630,-108
115000162,867,879,-12
115000163,665,758,-93
115000164,810,672,138
115000165,431,632,-201
115000167,125,75,50
115000168,822,406,416
115000169,661,408,253
115000170,154,136,18
115000171,318,211,107
115000172,1547,809,738
115000173,358,610,-252
115000174,250,333,-83
115000175,325,149,176
115000176,210,126,84
115000177,191,193,-2
115000178,36,321,-285
115000179,57,64,-7
115000180,157,735,-578
115000181,739,211,528
115000182,1002,381,621
115000183,408,983,-575
115000186,771,352,419
115000187,249,937,-688
115000188,541,540,1
115000189,226,507,-281
115000190,889,438,451
115000191,291,559,-268
115000194,171,259,-88
115000195,362,396,-34
115000196,244,130,114
115000197,510,312,198
115000198,324,246,78
115000199,375,214,161
115000200,442,128,314
115000201,207,478,-271
115000206,706,103,603
115000207,154,394,-240
115000208,612,751,-139
115000209,1148,452,696
115000210,206,168,38
115000211,450,342,108
115000212,1653,406,1247
115000224,456,57,399
115000225,62,96,-34
115000229,201,164,37
115000230,162,454,-292
115000231,314,1932,-1618
115000232,1642,313,1329
115000233,191,286,-95
115000234,43,342,-299
115000241,96,329,-233
115000242,134,379,-245
115000243,56,321,-265
115000244,15,120,-105
115000246,49,31,18
115000247,64,26,38
115000248,21,36,-15
115000249,49,38,11
115000250,212,49,163
115000251,315,197,118
115000252,147,301,-154
115000253,21,561,-540
115000258,356,286,70
115000259,410,228,182
115000261,36,31,5
115000262,15,25,-10
115000263,11,71,-60
115000264,44,58,-14
115000267,81,59,22
115000268,41,139,-98
115000269,110,65,45
115000270,14,26,-12
115000272,83,186,-103
115000273,503,35,468
115000280,2754,215,2539
115000281,716,789,-73
115000282,2218,895,1323
115000284,377,210,167
115000296,1456,26,1430
115000297,281,188,93
115000298,129,533,-404
115000300,226,261,-35
115000302,616,185,431
115000303,812,173,639
115000304,756,114,642
115000305,100,849,-749
115000306,274,440,-166
115000307,151,192,-41
115000308,34,8,26
115000309,25,55,-30
115000310,1056,1262,-206
115000311,929,1441,-512
115000313,135,729,-594
115000314,454,124,330
115000315,995,448,547
115000316,52,194,-142
115000317,239,582,-343
115000318,865,362,503
115000319,57,355,-298
115000320,11,379,-368
115000321,411,19,392
115000322,58,279,-221
115000449,376,220,156
115000557,4,1218,-1214
115000558,545,116,429
115000587,565,519,46
115000588,2492,3292,-800
115000589,3634,2721,913
115000590,1395,1752,-357
115000591,2092,894,1198
115000592,921,2074,-1153
115000593,1852,715,1137
115000594,1128,2505,-1377
115000609,124,181,-57
115000617,2471,3797,-1326
115000624,378,110,268
115000633,497,2417,-1920
115000634,2663,1010,1653
115000635,497,182,315
115000638,1004,825,179
115000641,52,133,-81
115000642,367,348,19
115000643,207,568,-361
115000644,188,573,-385
115000646,1036,1941,-905
115000647,217,609,-392
115000648,1974,2341,-367
115000893,3928,1540,2388
115000894,156,1228,-1072
115000895,447,792,-345
115000896,1115,379,736
115000897,633,163,470
115000898,715,210,505
115000899,591,1249,-658
115000900,157,429,-272
115000901,54,109,-55
115000912,351,101,250
115000913,2,25,-23
115000915,23,0,23
115000916,8,0,8
115000917,0,28,-28
115000918,76,374,-298
115000919,14,14,0
115000920,107,57,50
115000921,689,126,563
115000922,1020,771,249
115000923,441,970,-529
115000925,111,68,43
115000927,59,58,1
115000933,239,200,39
115000934,202,277,-75
115000935,165,113,52
115000936,39,580,-541
115000937,914,165,749
115000938,107,192,-85
115000939,192,153,39
115900001,85,55,30
115900002,86,129,-43
115900003,241,136,105
115900004,1,74,-73
115900005,176,13,163
115900006,244,349,-105
115900008,52,7,45
115900009,112,288,-176
115900010,403,210,193
115900011,740,394,346
115900012,183,74,109
115900013,505,203,302
115900014,154,254,-100
115900015,144,80,64
115900016,167,35,132
115900017,15,12,3
115900018,229,118,111
115900019,297,22,275
115900020,82,0,82
115900021,1630,208,1422
115900022,1846,22,1824
115900023,39,5,34
115900025,97,304,-207
115900026,991,344,647
115900027,1,335,-334
115900028,907,93,814
115900029,14,423,-409
115900030,57,43,14
115900031,393,472,-79
115900032,590,926,-336
115900033,0,68,-68
115900034,47,493,-446
115900035,37,26,11
115900036,137,739,-602
115900037,95,439,-344
115900038,51,15,36
115900039,240,282,-42
115900041,577,731,-154
115900042,19,10,9
115900043,126,120,6
115900044,477,329,148
115900046,263,359,-96
115900047,209,142,67
115900049,206,299,-93
115900051,3,51,-48
115900052,14,259,-245
115900053,222,267,-45
115900054,186,58,128
115900055,19,165,-146
115900056,272,422,-150
115900057,33,12,21
115900058,49,78,-29
115900060,126,192,-66
115900061,250,1,249
115900062,40,374,-334
115900063,62,13,49
115900064,183,282,-99
115900065,126,179,-53
115900066,225,176,49
115900067,18,745,-727
115900068,3332,1060,2272
115900069,95,184,-89
115900070,217,237,-20
115900071,0,511,-511
115900072,47,197,-150
115900073,120,114,6
115900074,6,305,-299
115900075,55,268,-213
115900076,7,81,-74
115900077,14,267,-253
115900078,115,135,-20
115900079,172,23,149
115900080,535,257,278
115900081,23,74,-51
115900082,157,200,-43
115900084,493,40,453
115900085,86,67,19
115900086,1685,710,975
115900088,32,76,-44
115900089,355,744,-389
115900090,356,33,323
115900091,22,27,-5
115900092,17,198,-181
115900093,12,42,-30
115900094,4,344,-340
115900096,4,13,-9
115900097,8,429,-421
115900098,203,474,-271
115900099,273,102,171
115900100,19,555,-536
115900101,146,325,-179
115900102,69,90,-21
115900103,360,242,118
115900104,77,152,-75
115900105,233,688,-455
115900106,46,32,14
115900107,201,155,46
115900108,128,89,39
115900109,94,447,-353
115900110,6,22,-16
115900111,4,91,-87
115900112,46,1017,-971
115900113,71,133,-62
115900114,2,180,-178
115900115,114,245,-131
115900116,96,892,-796
115900117,63,41,22
115900118,6,278,-272
115900119,122,166,-44
115900120,52,371,-319
115900121,180,370,-190
115900124,601,790,-189
115900125,307,73,234
115900126,642,98,544
115900127,692,75,617
115900128,14,115,-101
115900129,912,64,848
115900130,29,257,-228
115900131,605,40,565
115900132,665,13,652
115900134,343,12,331
115900135,446,1225,-779
115900137,78,4,74
115900139,52,68,-16
115900140,269,44,225
115900141,9,41,-32
115900142,25,23,2
115900143,354,401,-47
115900144,69,250,-181
115900146,48,130,-82
115900147,395,282,113
115900148,91,10,81
115900149,74,33,41
115900150,93,57,36
115900151,9,147,-138
115900152,140,387,-247
115900153,133,252,-119
115900154,655,445,210
115900155,2,47,-45
115900156,761,990,-229
115900157,178,499,-321
115900158,17,6,11
115900159,160,268,-108
115900160,11,11,0
115900161,136,253,-117
115900163,223,181,42
115900164,508,50,458
115900165,1,197,-196
115900166,297,260,37
115900168,97,191,-94
115900171,146,465,-319
115900172,61,150,-89
115900173,260,235,25
115900174,272,242,30
115900175,148,276,-128
115900178,6,674,-668
115900179,280,15,265
115900180,55,184,-129
115900181,217,291,-74
115900182,445,360,85
115900183,85,55,30
115900184,2002,21,1981
115900187,20,111,-91
115900189,1,352,-351
115900190,580,1546,-966
115900191,37,380,-343
115900192,6,88,-82
115900193,344,158,186
115900194,750,78,672
115900195,751,2090,-1339
115900198,201,421,-220
115900199,198,297,-99
115900200,492,518,-26
115900201,678,471,207
115900202,4,40,-36
115900203,10,14,-4
115900204,0,6,-6
115900205,88,47,41
115900206,171,241,-70
115900207,32,43,-11
115900208,178,191,-13
115900209,4,165,-161
115900210,11,174,-163
115900211,9,274,-265
115900212,184,388,-204
115900213,143,76,67
115900214,418,284,134
115900215,35,148,-113
115900216,58,135,-77
115900217,87,54,33
115900218,15,43,-28
115900219,65,8,57
115900220,149,27,122
115900221,78,21,57
115900222,78,25,53
115900223,8,343,-335
115900224,1417,1138,279
115900225,65,63,2
115900226,23,62,-39
115900227,3,69,-66
115900228,19,52,-33
115900229,3,47,-44
115900230,78,136,-58
115900231,144,7,137
115900232,70,4,66
115900233,88,30,58
115900234,60,46,14
115900235,32,31,1
115900236,211,51,160
115900237,137,64,73
115900238,248,22,226
115900239,43,40,3
115900240,30,69,-39
115900241,298,144,154
115900242,252,381,-129
115900243,5,8,-3
115900244,12,17,-5
115900245,43,15,28
115900246,4,12,-8
115900247,48,19,29
115900248,17,9,8
115900249,4,11,-7
115900250,11,34,-23
115900251,2,22,-20
115900252,2,8,-6
115900253,11,15,-4
115900254,20,14,6
115900255,5,24,-19
115900256,40,25,15
115900257,6,14,-8
115900258,0,2,-2
115900259,5,2,3
115900260,17,1,16
115900261,9,1,8
115900262,4,0,4
115900263,5,2,3
115900264,7,6,1
115900265,2,10,-8
115900266,9,34,-25
115900267,28,16,12
115900268,6,6,0
115900269,465,538,-73
115900270,504,556,-52
115900271,121,0,121
115900272,30,2,28
115900273,10,22,-12
115900274,1,9,-8
115900275,4,24,-20
115900276,0,36,-36
115900277,2,64,-62
115900278,56,93,-37
115900279,24,196,-172
115900280,17,427,-410
115900281,488,268,220
115900282,15,11,4
115900283,9,39,-30
115900284,21,11,10
116000001,15416,5826,9590
116000002,5613,11751,-6138
116000003,1920,2331,-411
116000004,2617,4217,-1600
116000005,3691,3899,-208
116000006,3089,2699,390
116000007,4237,4629,-392
116000008,6678,2499,4179
116000009,2471,3190,-719
116000010,2462,1859,603
116000011,1112,2364,-1252
116000012,2200,1171,1029
116000013,10622,5128,5494
116000014,14218,10726,3492
116000015,433,1360,-927
116000016,7191,3894,3297
116000017,33,919,-886
116000018,924,379,545
116000019,943,367,576
116000020,786,1025,-239
116000021,493,336,157
116000022,466,455,11
116000023,1173,898,275
116000024,886,1002,-116
116000025,876,932,-56
116000026,2291,3191,-900
116000027,1161,751,410
116000028,510,943,-433
116000029,917,915,2
116000030,907,537,370
116000031,228,395,-167
116000032,530,222,308
116000033,418,600,-182
116000034,764,965,-201
116000035,421,834,-413
116000036,2320,1317,1003
116000037,774,626,148
116000038,530,520,10
116000039,821,375,446
116000040,873,303,570
116000041,215,569,-354
116000042,695,289,406
116000043,132,788,-656
116000044,39,97,-58
116000045,2001,1339,662
116000046,1264,1858,-594
116000047,2064,2496,-432
116000048,2017,2069,-52
116000049,1409,3493,-2084
116000050,1618,1571,47
116000051,7145,3232,3913
116000052,6701,6027,674
116000053,2349,1115,1234
116000054,847,2961,-2114
116000055,776,1191,-415
116000056,1120,1417,-297
116000057,3189,2064,1125
116000058,3708,3204,504
116000059,3717,5028,-1311
116000060,2712,1245,1467
116000061,784,1021,-237
116000062,718,314,404
116000063,866,1187,-321
116000066,318,665,-347
116000067,308,595,-287
116000068,243,419,-176
116000069,378,469,-91
116000078,598,1170,-572
116000080,2046,1283,763
116000082,11,88,-77
116000083,1913,486,1427
116000084,2861,5065,-2204
116000085,2609,2121,488
116000086,2220,1468,752
116000087,2217,1834,383
116000088,804,1429,-625
116000089,242,122,120
116000090,130,205,-75
116000091,641,292,349
116000093,910,526,384
116000094,825,913,-88
116000095,932,734,198
116000096,860,1838,-978
116000097,1298,875,423
116000098,191,6812,-6621
116000099,7838,307,7531
116000100,286,22,264
116000101,1034,1157,-123
116000102,318,1762,-1444
116000103,602,278,324
116000104,260,1667,-1407
116000105,1130,195,935
116000106,727,1124,-397
116000107,2941,413,2528
116000108,672,254,418
116000111,191,40,151
116000113,241,125,116
116000114,50,179,-129
116000115,472,172,300
116000116,352,665,-313
116000117,1618,2407,-789
116000118,1668,1769,-101
116000119,3739,2278,1461
116000120,3346,5247,-1901
116000121,983,594,389
116000122,1411,2126,-715
116000123,1159,483,676
116000124,453,1411,-958
116000125,3090,1045,2045
116000126,417,1862,-1445
116000127,1119,1528,-409
116000128,1741,1078,663
116000129,1360,325,1035
116000130,544,441,103
116000133,947,896,51
116000134,2042,2716,-674
116000135,2514,1633,881
116000136,1341,2540,-1199
116000137,1228,839,389
116000138,1088,789,299
116000139,2092,2592,-500
116000140,207,223,-16
116000141,331,841,-510
116000142,3484,3287,197
116000143,2054,1743,311
116000144,1744,2591,-847
116000145,1736,1251,485
116000146,497,304,193
116000147,190,169,21
116000148,528,663,-135
116000149,936,952,-16
116000151,796,703,93
116000153,136,447,-311
116000155,262,313,-51
116000156,957,1348,-391
116000157,95,24,71
116000158,431,415,16
116000159,13,11,2
116000160,35,98,-63
116000161,14,120,-106
116000162,99,111,-12
116000163,41,13,28
116000164,20,23,-3
116000177,690,117,573
116000194,93,563,-470
116000195,1625,813,812
116000196,6,6,0
116000197,7,2,5
116000198,2753,1349,1404
116000200,781,444,337
116000201,724,775,-51
116000202,10,311,-301
116000203,1,130,-129
116000204,13,100,-87
116000205,1,178,-177
116000206,3,123,-120
116000207,10,55,-45
116000233,295,557,-262
116000287,262,541,-279
116000288,302,255,47
116000292,63,106,-43
116000296,14,308,-294
116000297,132,20,112
116000304,187,80,107
116000305,34,95,-61
116000346,193,171,22
116000352,85,85,0
116000354,25,49,-24
116000357,21,70,-49
116000358,460,56,404
116000361,118,1,117
116000372,6591,3933,2658
116000381,107,18,89
116000388,1,73,-72
116000389,1281,664,617
116000445,464,644,-180
116000446,583,787,-204
116000447,17,584,-567
116000448,656,251,405
116000563,1067,787,280
116000565,65,477,-412
116000568,79,353,-274
116000579,41,143,-102
116000584,22,6,16
116000585,26,18,8
116000586,153,140,13
116000587,737,846,-109
116000589,52,83,-31
116000590,93,102,-9
116000591,203,291,-88
116000592,8,127,-119
116000593,0,25,-25
116000594,583,595,-12
116000595,869,223,646
116000596,64,8,56
116000597,461,145,316
116000598,63,243,-180
116000602,70,355,-285
116000605,647,184,463
116000606,167,303,-136
116000607,1,29,-28
116000609,263,998,-735
116000611,132,572,-440
116000612,733,1907,-1174
116000613,615,366,249
116000614,465,653,-188
116000615,4,395,-391
116000616,70,138,-68
116000617,84,63,21
116000618,1,108,-107
116000619,130,90,40
116000620,86,81,5
116000621,56,143,-87
116000622,47,178,-131
116000624,265,116,149
116000627,49,57,-8
116000628,79,539,-460
116000629,60,420,-360
116000630,476,64,412
116000631,160,44,116
116000632,534,361,173
116000633,100,421,-321
116000634,510,43,467
116000635,3278,2350,928
116000636,997,1381,-384
116000637,489,23,466
116000638,49,412,-363
116900001,256,191,65
116900002,286,3,283
116900003,22,69,-47
116900004,49,47,2
116900005,352,97,255
116900006,172,288,-116
116900007,198,214,-16
116900008,483,394,89
116900009,25,8,17
116900010,1,1380,-1379
116900011,21,33,-12
116900012,409,220,189
116900013,6,248,-242
116900014,102,236,-134
116900015,473,73,400
116900016,244,1,243
116900017,2,642,-640
116900018,92,56,36
116900019,14,414,-400
116900020,1455,1063,392
116900023,101,24,77
116900024,715,86,629
116900025,1164,1137,27
116900026,215,694,-479
116900027,23,68,-45
116900028,7,121,-114
116900029,1,68,-67
116900031,8,4,4
116900032,5,369,-364
116900033,14,19,-5
116900034,35,110,-75
116900035,210,239,-29
116900036,4,151,-147
116900038,61,6,55
116900041,52,37,15
116900042,799,302,497
116900043,33,84,-51
116900047,41,149,-108
116900049,42,397,-355
116900050,131,498,-367
116900051,122,235,-113
116900052,221,84,137
116900055,1,6,-5
116900057,12,245,-233
116900058,49,382,-333
116900059,0,162,-162
116900060,247,206,41
116900062,5,52,-47
116900064,93,797,-704
116900065,65,130,-65
116900067,148,173,-25
116900068,140,265,-125
116900070,4,4,0
116900072,18,440,-422
116900073,23,110,-87
116900074,8,52,-44
116900076,12,59,-47
116900077,19,176,-157
116900078,251,133,118
116900079,49,256,-207
116900080,28,33,-5
116900081,497,1405,-908
116900082,552,1047,-495
116900083,80,62,18
116900084,202,73,129
116900085,75,242,-167
116900086,61,242,-181
116900088,558,288,270
116900090,183,62,121
116900091,544,57,487
116900092,84,815,-731
116900093,1865,2289,-424
116900094,5219,3673,1546
116900095,211,135,76
116900096,130,443,-313
116900097,3551,2940,611
116900098,961,370,591
116900099,1122,852,270
116900100,948,55,893
116900101,441,539,-98
116900103,5,2,3
116900104,146,115,31
116900105,237,138,99
116900106,1950,459,1491
116900107,4295,2760,1535
116900110,14,1,13
116900111,512,900,-388
116900112,350,1089,-739
116900113,2353,1490,863
116900116,165,571,-406
116900117,189,159,30
116900118,780,908,-128
116900120,503,98,405
116900121,273,27,246
116900122,843,966,-123
116900123,210,856,-646
116900124,222,1120,-898
116900125,398,298,100
116900126,184,691,-507
116900128,0,48,-48
116900129,0,430,-430
116900130,754,3289,-2535
116900131,183,412,-229
116900132,52,151,-99
116900133,145,153,-8
116900134,260,304,-44
116900136,347,290,57
116900137,320,186,134
116900138,253,186,67
116900139,185,506,-321
116900140,239,164,75
116900141,1022,663,359
116900142,11,101,-90
116900143,295,519,-224
116900144,38,167,-129
116900145,132,290,-158
116900147,649,502,147
116900148,10,55,-45
116900149,46,206,-160
116900150,16,13,3
116900151,70,31,39
116900153,131,88,43
116900154,915,762,153
116900155,153,104,49
116900157,638,380,258
116900158,155,310,-155
116900159,160,336,-176
116900160,1127,897,230
116900161,7340,5898,1442
116900162,11,98,-87
116900163,194,237,-43
116900164,116,93,23
116900165,238,302,-64
116900166,28,90,-62
116900167,567,96,471
116900168,365,118,247
116900169,735,509,226
116900170,320,696,-376
116900171,64,215,-151
116900172,201,315,-114
116900173,274,39,235
116900174,82,53,29
116900175,215,208,7
116900178,32,200,-168
116900179,134,280,-146
116900180,97,31,66
116900182,428,402,26
116900183,189,171,18
116900185,36,52,-16
116900186,73,293,-220
116900187,95,72,23
116900188,170,51,119
116900189,144,4,140
116900191,505,887,-382
116900192,332,191,141
116900194,221,1304,-1083
116900195,40,25,15
116900196,19,102,-83
116900197,118,38,80
116900198,269,228,41
116900200,86,28,58
116900201,102,9,93
116900202,158,62,96
116900203,167,33,134
116900204,67,108,-41
116900206,17,22,-5
116900207,26,32,-6
116900208,17,156,-139
116900209,31,134,-103
116900210,528,358,170
116900211,320,11,309
116900212,51,74,-23
116900213,258,181,77
116900214,217,262,-45
116900215,54,101,-47
116900216,312,314,-2
116900218,10,220,-210
116900219,1622,491,1131
116900220,132,312,-180
116900221,143,449,-306
116900222,470,433,37
116900223,110,422,-312
116900226,75,86,-11
116900227,222,117,105
116900228,340,295,45
116900230,71,265,-194
116900231,18,390,-372
116900232,10,426,-416
116900233,237,132,105
116900234,15,26,-11
116900235,184,365,-181
116900238,1754,443,1311
116900239,26,1270,-1244
116900240,6478,3960,2518
116900241,72,220,-148
116900242,351,609,-258
116900243,8,74,-66
116900245,36,26,10
116900246,112,20,92
116900247,927,92,835
116900248,91,35,56
116900249,323,143,180
116900250,640,76,564
116900251,535,537,-2
116900252,219,967,-748
116900253,116,114,2
116900254,31,88,-57
116900255,123,73,50
116900256,414,156,258
116900257,33,531,-498
116900258,11,292,-281
116900259,319,43,276
116900260,1,166,-165
116900261,65,5,60
116900262,505,261,244
116900263,2,19,-17
116900264,2,6,-4
116900265,34,0,34
116900266,22,79,-57
116900267,2,1,1
116900268,299,106,193
116900269,359,725,-366
116900271,1881,210,1671
116900272,386,402,-16
116900273,197,90,107
116900274,77,99,-22
116900275,188,106,82
116900276,866,131,735
116900277,690,23,667
116900278,14,32,-18
116900279,4,43,-39
116900280,32,48,-16
116900281,6905,4283,2622
116900282,7,121,-114
116900283,29,145,-116
116900284,24,227,-203
116900285,367,202,165
116900286,330,43,287
116900287,6,60,-54
116900288,70,162,-92
116900289,6,16,-10
116900290,3,32,-29
116900291,34,14,20
116900292,0,9,-9
116900293,34,76,-42
116900294,42,165,-123
116900295,152,71,81
116900296,88,63,25
116900297,10,92,-82
116900298,135,56,79
116900299,33,68,-35
116900300,2,77,-75
116900301,61,91,-30
116900302,71,59,12
116900303,294,96,198
116900304,0,167,-167
116900305,56,58,-2
116900306,99,112,-13
117000001,1930,1610,320
117000002,2228,5023,-2795
117000003,6892,3956,2936
117000004,4403,6060,-1657
117000005,2270,2028,242
117000006,1451,3905,-2454
117000007,4047,1487,2560
117000008,1245,4350,-3105
117000009,5765,2099,3666
117000010,3306,5106,-1800
117000011,2682,1847,835
117000012,1686,1681,5
117000013,2106,1087,1019
117000014,1352,2641,-1289
117000015,2908,1411,1497
117000016,411,78,333
117000017,412,126,286
117000018,179,609,-430
117000019,95,2,93
117000020,436,1566,-1130
117000021,2086,444,1642
117000022,612,115,497
117000023,381,175,206
117000024,352,253,99
117000025,684,991,-307
117000026,2469,1325,1144
117000027,3889,5664,-1775
117000028,5624,2321,3303
117000030,752,578,174
117000031,478,293,185
117000032,2257,1351,906
117000033,1247,861,386
117000034,500,381,119
117000035,401,365,36
117000036,494,394,100
117000037,292,215,77
117000038,310,711,-401
117000039,506,292,214
117000040,263,1344,-1081
117000041,1067,209,858
117000044,17,850,-833
117000045,440,135,305
117000046,432,850,-418
117000047,813,665,148
117000048,2459,1307,1152
117000049,151,549,-398
117000050,149,2191,-2042
117000051,2130,190,1940
117000052,50,359,-309
117000053,535,47,488
117000054,1995,15,1980
117000055,8,3306,-3298
117000056,744,38,706
117000057,833,2890,-2057
117000060,669,1890,-1221
117000061,1734,1013,721
117000062,331,792,-461
117000063,1932,1031,901
117000064,850,981,-131
117000066,1410,1108,302
117000067,153,563,-410
117000074,190,192,-2
117000076,130,59,71
117000077,191,227,-36
117000078,160,898,-738
117000079,563,261,302
117000080,0,437,-437
117000081,1322,166,1156
117000082,31,114,-83
117000083,166,8,158
117000084,288,2,286
117000085,475,820,-345
117000086,1299,593,706
117000087,108,547,-439
117000088,376,225,151
117000089,1436,339,1097
117000090,380,1529,-1149
117000091,773,380,393
117000092,468,1434,-966
117000093,1148,899,249
117000094,1647,3419,-1772
117000095,3879,1124,2755
117000096,738,2642,-1904
117000097,1473,1435,38
117000098,2969,5432,-2463
117000099,3416,1465,1951
117000100,192,404,-212
117000101,222,1405,-1183
117000102,1730,812,918
117000103,771,1944,-1173
117000104,1454,707,747
117000105,1025,1978,-953
117000106,1329,940,389
117000107,705,2313,-1608
117000108,1641,1087,554
117000109,1877,3149,-1272
117000110,1416,1103,313
117000111,4138,4835,-697
117000112,3638,2223,1415
117000113,413,296,117
117000114,304,177,127
117000115,257,128,129
117000116,175,339,-164
117000117,1890,1243,647
117000118,284,152,132
117000119,363,193,170
117000120,224,493,-269
117000121,199,1163,-964
117000122,375,719,-344
117000123,1883,57,1826
117000124,1203,75,1128
117000125,409,104,305
117000126,85,19,66
117000127,208,468,-260
117000128,606,914,-308
117000129,475,619,-144
117000130,127,1,126
117000131,0,75,-75
117000132,3290,13,3277
117000133,1497,75,1422
117000134,0,75,-75
117000135,5,65,-60
117000136,2,39,-37
117000137,123,143,-20
117000138,4,805,-801
117000140,608,1871,-1263
117000141,1567,686,881
117000181,844,728,116
117000182,424,880,-456
117000195,349,1221,-872
117000196,248,104,144
117000225,128,36,92
117000226,19,206,-187
117000276,293,17,276
117000277,4,390,-386
117000310,2019,2854,-835
117000315,74,744,-670
117000320,72,0,72
117000906,326,14,312
117000907,33,347,-314
117000908,16,26,-10
117000909,54,40,14
117000910,217,169,48
117000911,127,212,-85
117000915,10,626,-616
117000916,29,4,25
117000917,1138,49,1089
117000918,56,77,-21
117000919,8,126,-118
117000920,3,1548,-1545
117000921,3,1444,-1441
117000922,46,160,-114
117000924,335,833,-498
117000926,1132,119,1013
117000927,2470,1222,1248
117000928,0,148,-148
117000929,296,358,-62
117000930,211,16,195
117000931,825,197,628
117900002,140,524,-384
117900003,1011,606,405
117900005,8,32,-24
117900006,1,76,-75
117900007,194,137,57
117900008,0,38,-38
117900010,272,115,157
117900011,143,101,42
117900012,57,111,-54
117900013,1,250,-249
117900014,514,145,369
117900015,20,115,-95
117900016,1645,1067,578
117900017,582,285,297
117900018,298,154,144
117900019,452,273,179
117900020,73,495,-422
117900021,31,69,-38
117900022,38,16,22
117900023,859,163,696
117900024,75,74,1
117900025,73,11,62
117900026,424,308,116
117900028,74,4,70
117900029,286,700,-414
117900030,553,331,222
117900031,235,115,120
117900032,1004,560,444
117900033,222,581,-359
117900034,35,59,-24
117900035,286,115,171
117900036,254,425,-171
117900037,132,286,-154
117900038,40,385,-345
117900039,3,87,-84
117900040,118,534,-416
117900041,8,66,-58
117900042,4727,459,4268
117900043,43,103,-60
117900044,10,2962,-2952
117900045,236,158,78
117900048,352,406,-54
117900049,214,419,-205
117900050,11,72,-61
117900051,62,4,58
117900052,46,385,-339
117900053,1568,875,693
117900054,3,57,-54
117900055,257,175,82
117900056,505,59,446
117900057,1367,1544,-177
117900058,286,35,251
117900059,380,98,282
117900060,2482,6982,-4500
117900061,21,211,-190
117900063,357,232,125
117900065,1394,1662,-268
117900066,11,86,-75
117900067,363,183,180
117900069,700,326,374
117900070,284,36,248
117900071,75,142,-67
117900073,433,348,85
117900074,165,47,118
117900075,80,80,0
117900076,15,56,-41
117900077,480,249,231
117900078,386,883,-497
117900080,144,67,77
117900081,671,480,191
117900082,486,428,58
117900083,287,528,-241
117900086,129,43,86
117900087,212,146,66
117900088,4014,2673,1341
117900089,2361,821,1540
117900090,399,530,-131
117900091,180,244,-64
117900092,74,30,44
117900093,85,228,-143
117900094,51,15,36
117900095,249,377,-128
117900096,107,250,-143
117900097,277,366,-89
117900098,35,13,22
117900099,127,216,-89
117900100,238,6,232
117900101,433,1845,-1412
117900102,55,209,-154
117900103,56,0,56
117900104,53,131,-78
117900105,168,266,-98
117900106,111,85,26
117900107,47,1,46
117900109,608,484,124
117900110,494,11,483
117900111,538,25,513
117900112,61,42,19
117900113,4163,2063,2100
117900114,14,0,14
117900115,403,68,335
117900116,1120,1242,-122
117900117,611,369,242
117900118,104,1,103
117900119,195,213,-18
117900120,243,104,139
117900121,219,46,173
117900122,2074,3699,-1625
117900123,703,444,259
117900124,1801,974,827
117900125,2103,2048,55
117900126,298,649,-351
117900127,450,577,-127
117900128,460,842,-382
117900129,192,11,181
117900130,2511,558,1953
117900131,2,148,-146
117900132,25,141,-116
117900133,19,155,-136
117900134,53,309,-256
117900135,60,286,-226
117900136,0,57,-57
117900137,54,360,-306
117900138,0,43,-43
117900139,117,175,-58
117900140,3679,377,3302
117900141,306,270,36
117900142,137,34,103
117900144,95,233,-138
117900145,146,34,112
117900146,181,188,-7
117900147,78,69,9
117900148,3146,1610,1536
117900149,175,239,-64
117900150,67,65,2
117900151,41,93,-52
117900152,68,86,-18
117900153,36,135,-99
117900154,383,628,-245
117900156,1195,1059,136
117900157,104,611,-507
117900158,343,225,118
117900160,711,798,-87
117900161,3354,2773,581
117900162,344,450,-106
117900163,99,106,-7
117900165,1,18,-17
117900166,134,570,-436
117900168,74,182,-108
117900169,0,141,-141
117900170,5,60,-55
117900171,2,49,-47
117900172,29,58,-29
117900173,179,89,90
117900174,86,97,-11
117900175,3,63,-60
117900176,15,42,-27
117900177,51,37,14
117900178,261,65,196
117900180,294,86,208
117900181,147,460,-313
117900182,5,87,-82
117900183,75,250,-175
117900184,58,73,-15
117900185,39,97,-58
117900186,39,40,-1
117900187,10,7,3
117900188,262,69,193
117900189,115,54,61
117900190,26,12,14
117900191,159,2,157
117900192,385,7,378
117900193,12,129,-117
117900194,10,24,-14
117900195,165,63,102
117900196,14,95,-81
117900207,213,166,47
117900208,41,34,7
117900209,211,239,-28
117900210,198,285,-87
117900211,19,294,-275
117900212,157,160,-3
117900213,33,30,3
117900214,3,32,-29
117900215,16,40,-24
117900216,58,33,25
117900217,101,352,-251
117900218,197,143,54
117900219,11,104,-93
117900220,132,130,2
117900222,257,329,-72
117900223,145,409,-264
118000001,890,1018,-128
118000002,1370,2657,-1287
118000003,2595,3151,-556
118000004,3714,3136,578
118000005,6362,6184,178
118000006,8266,11949,-3683
118000007,6758,4086,2672
118000008,6425,4469,1956
118000009,2178,4476,-2298
118000010,8472,5530,2942
118000011,1697,3125,-1428
118000012,1563,2820,-1257
118000013,3280,2868,412
118000014,3020,3635,-615
118000016,202,566,-364
118000017,577,625,-48
118000018,541,659,-118
118000019,3255,1675,1580
118000020,2117,4128,-2011
118000021,1010,3598,-2588
118000022,2326,891,1435
118000023,1126,295,831
118000024,2308,1476,832
118000027,19315,14554,4761
118000029,1433,868,565
118000032,1710,4142,-2432
118000033,3920,6562,-2642
118000034,7213,3285,3928
118000035,2185,3356,-1171
118000036,1314,1315,-1
118000037,910,1011,-101
118000038,202,112,90
118000039,156,361,-205
118000040,1968,1556,412
118000041,2632,1547,1085
118000045,1066,237,829
118000046,1549,558,991
118000047,920,714,206
118000048,3809,1853,1956
118000051,3225,1390,1835
118000052,2185,911,1274
118000053,660,800,-140
118000054,2408,1722,686
118000055,1695,1884,-189
118000056,1503,541,962
118000057,473,498,-25
118000058,4976,1958,3018
118000059,2716,1153,1563
118000060,1344,671,673
118000061,2500,1781,719
118000062,775,511,264
118000063,488,750,-262
118000064,874,1309,-435
118000065,5559,2354,3205
118000066,982,1775,-793
118000067,1668,1059,609
118000068,2573,5056,-2483
118000069,5438,1512,3926
118000070,6269,1963,4306
118000071,4186,7075,-2889
118000072,2283,1413,870
118000073,2967,725,2242
118000074,643,502,141
118000075,1351,345,1006
118000076,1919,2763,-844
118000077,1657,1489,168
118000078,2034,2521,-487
118000079,399,500,-101
118000080,1122,1085,37
118000081,2031,1164,867
118000082,336,1510,-1174
118000083,2150,2079,71
118000084,4245,1920,2325
118000086,394,680,-286
118000087,5770,3071,2699
118000088,2276,1872,404
118000089,3788,2439,1349
118000090,2641,3228,-587
118000091,1502,2372,-870
118000092,1340,640,700
118000093,133,871,-738
118000096,635,783,-148
118000097,890,698,192
118000098,255,237,18
118000099,646,924,-278
118000101,1087,385,702
118000102,411,1710,-1299
118000107,2377,594,1783
118000108,896,2087,-1191
118000110,0,28,-28
118000111,1,414,-413
118000112,355,7,348
118000113,11,772,-761
118000114,522,6,516
118000115,19,15,4
118000116,58,0,58
118000117,1293,912,381
118000118,1085,884,201
118000119,1266,1083,183
118000120,1949,1537,412
118000121,115,754,-639
118000122,1549,389,1160
118000123,70,252,-182
118000125,1971,1089,882
118000126,745,1551,-806
118000127,1992,698,1294
118000128,894,1279,-385
118000129,1028,398,630
118000130,2868,3892,-1024
118000131,853,890,-37
118000132,2604,1916,688
118000133,929,418,511
118000135,675,389,286
118000136,134,508,-374
118000137,673,127,546
118000138,529,716,-187
118000139,364,133,231
118000140,3193,4694,-1501
118000141,2202,2114,88
118000142,1811,1764,47
118000143,2263,1367,896
118000144,1830,1043,787
118000145,1807,2379,-572
118000146,1386,1047,339
118000147,1003,1889,-886
118000148,620,1410,-790
118000149,1103,1124,-21
118000150,508,310,198
118000151,554,527,27
118000153,1395,1407,-12
118000154,1584,1790,-206
118000155,1420,1500,-80
118000156,2531,2957,-426
118000157,616,567,49
118000158,242,625,-383
118000159,18,111,-93
118000160,539,452,87
118000161,473,869,-396
118000162,2305,1011,1294
118000163,1016,957,59
118000164,2107,1621,486
118000168,1591,755,836
118000169,1288,1448,-160
118000170,5833,8258,-2425
118000171,467,907,-440
118000172,101,396,-295
118000173,1123,1627,-504
118000175,366,361,5
118000176,349,416,-67
118000177,254,608,-354
118000178,35,54,-19
118000179,1557,1609,-52
118000180,1125,893,232
118000181,999,438,561
118000182,310,248,62
118000183,223,328,-105
118000184,990,861,129
118000185,1533,1261,272
118000186,975,1216,-241
118000187,1247,931,316
118000188,648,229,419
118000189,663,953,-290
118000190,18,18,0
118000191,36,33,3
118000192,334,389,-55
118000193,230,544,-314
118000194,1445,1097,348
118000195,1241,1022,219
118000196,416,189,227
118000197,471,142,329
118000198,525,683,-158
118000199,619,410,209
118000200,117,312,-195
118000201,488,515,-27
118000202,76,75,1
118000203,1784,658,1126
118000204,204,293,-89
118000205,263,403,-140
118000206,281,238,43
118000207,1,72,-71
118000208,1431,1759,-328
118000209,2001,2042,-41
118000210,63,47,16
118000211,31,49,-18
118000213,1404,1592,-188
118000214,670,602,68
118000215,301,201,100
118000216,2153,3480,-1327
118000217,36,190,-154
118000218,100,182,-82
118000219,646,397,249
118000220,1,43,-42
118000221,247,368,-121
118000222,98,10,88
118000223,43,49,-6
118000224,224,131,93
118000225,131,802,-671
118000226,1144,235,909
118000227,994,435,559
118000228,189,325,-136
118000229,203,84,119
118000230,157,316,-159
118000231,115,222,-107
118000232,859,1010,-151
118000233,1286,833,453
118000234,561,310,251
118000236,437,387,50
118000237,149,506,-357
118000238,269,218,51
118000239,262,356,-94
118000240,570,254,316
118000241,189,259,-70
118000242,412,796,-384
118000243,351,261,90
118000244,75,168,-93
118000246,1,28,-27
118000255,54,253,-199
118000256,113,229,-116
118000259,15,80,-65
118000260,217,141,76
118000261,19,83,-64
118000263,96,187,-91
118000266,108,316,-208
118000267,0,141,-141
118000268,430,2,428
118000270,113,33,80
118000271,206,397,-191
118000272,165,63,102
118000273,191,101,90
118000274,118,328,-210
118000276,495,448,47
118000295,11,149,-138
118000298,237,401,-164
118000299,80,189,-109
118000301,0,68,-68
118000302,88,162,-74
118000311,431,133,298
118000312,297,235,62
118000313,78,212,-134
118000314,88,82,6
118000315,61,58,3
118000316,804,556,248
118000325,60,70,-10
118000326,39,44,-5
118000331,24,74,-50
118000332,15,45,-30
118000333,37,102,-65
118000335,311,0,311
118000336,1,304,-303
118000407,163,91,72
118000457,9,37,-28
118000465,4379,4733,-354
118000480,45,114,-69
118000489,56,345,-289
118000490,62,310,-248
118000492,353,224,129
118000510,106,30,76
118000514,205,401,-196
118000515,816,696,120
118000517,444,261,183
118000524,769,353,416
118000525,1108,1059,49
118000530,27,153,-126
118000531,326,328,-2
118000532,212,394,-182
118000533,356,181,175
118000534,533,528,5
118000535,292,156,136
118000536,1125,1853,-728
118000537,35,172,-137
118000538,29,92,-63
118000539,7,115,-108
118000540,398,188,210
118000541,228,89,139
118000542,129,238,-109
118000543,216,221,-5
118000546,59,38,21
118000553,0,0,0
118000560,3350,2509,841
118000562,37,134,-97
118000563,2048,1541,507
118000576,128,181,-53
118000577,136,141,-5
118000578,136,97,39
118000579,690,1339,-649
118000583,0,0,0
118000595,248,81,167
118000596,1,77,-76
118000597,97,110,-13
118000598,13,0,13
118000599,66,33,33
118000600,2,59,-57
118000601,21,0,21
118000602,0,21,-21
118000603,0,25,-25
118900001,815,1607,-792
118900002,1067,924,143
118900003,424,25,399
118900004,6,73,-67
118900005,80,8,72
118900006,183,8,175
118900007,10,2,8
118900008,1738,49,1689
118900009,66,38,28
118900010,86,5,81
118900011,296,44,252
118900012,470,257,213
118900013,521,139,382
118900015,225,117,108
118900016,13,11,2
118900017,296,453,-157
118900018,918,30,888
118900019,72,29,43
118900020,295,159,136
118900021,142,357,-215
118900022,140,133,7
118900023,165,86,79
118900024,108,174,-66
118900025,63,19,44
118900026,49,66,-17
118900027,463,238,225
118900028,165,174,-9
118900029,373,391,-18
118900030,366,69,297
118900031,151,158,-7
118900032,205,234,-29
118900033,497,508,-11
118900034,297,22,275
118900035,134,225,-91
118900036,1355,888,467
118900037,483,292,191
118900038,406,202,204
118900039,543,190,353
118900040,200,239,-39
118900041,621,191,430
118900042,234,115,119
118900045,373,162,211
118900046,1122,432,690
118900047,642,279,363
118900048,164,207,-43
118900049,59,56,3
118900050,27,146,-119
118900051,42,117,-75
118900052,360,236,124
118900053,67,118,-51
118900054,128,58,70
118900055,149,156,-7
118900056,45,339,-294
118900057,711,506,205
118900058,411,339,72
118900059,30,86,-56
118900060,337,141,196
118900062,672,234,438
118900064,754,581,173
118900065,47,185,-138
118900066,95,118,-23
118900067,5762,3283,2479
118900068,39,236,-197
118900069,456,347,109
118900071,8,126,-118
118900072,417,388,29
118900073,127,151,-24
118900074,115,190,-75
118900075,67,123,-56
118900076,194,152,42
118900077,186,227,-41
118900078,49,18,31
118900079,59,224,-165
118900080,30,248,-218
118900081,96,38,58
118900082,595,231,364
118900083,72,24,48
118900084,30,32,-2
118900085,699,1089,-390
118900086,46,89,-43
118900087,41,202,-161
118900088,0,21,-21
118900089,30,21,9
118900090,468,462,6
118900091,219,206,13
118900092,160,170,-10
118900093,143,39,104
118900096,89,31,58
118900097,272,538,-266
118900099,90,228,-138
118900100,155,220,-65
118900101,159,916,-757
118900102,86,124,-38
118900103,91,115,-24
118900104,242,167,75
118900105,314,140,174
118900107,299,108,191
118900108,135,143,-8
118900110,1590,781,809
118900111,604,548,56
118900112,76,201,-125
118900113,162,560,-398
118900114,21,115,-94
118900115,147,552,-405
118900116,144,294,-150
118900117,84,197,-113
118900118,266,420,-154
118900119,122,318,-196
118900120,96,397,-301
118900121,0,205,-205
118900122,18,899,-881
118900123,160,306,-146
118900124,60,263,-203
118900126,33,389,-356
118900129,280,305,-25
118900130,70,215,-145
118900131,260,277,-17
118900132,334,231,103
118900133,26,134,-108
118900135,271,283,-12
118900136,243,579,-336
118900137,39,37,2
118900139,287,406,-119
118900140,453,675,-222
118900141,145,189,-44
118900144,160,458,-298
118900145,324,143,181
118900146,428,773,-345
118900147,339,193,146
118900148,143,86,57
118900150,155,561,-406
118900152,723,977,-254
118900157,79,164,-85
118900158,85,68,17
118900159,2,207,-205
118900161,80,8,72
118900163,135,210,-75
118900164,9,169,-160
118900165,79,313,-234
118900166,78,3,75
118900167,139,149,-10
118900168,20,236,-216
118900169,166,518,-352
118900170,222,210,12
118900171,37,54,-17
118900174,84,97,-13
118900175,347,554,-207
118900176,133,311,-178
118900177,73,110,-37
118900178,102,253,-151
118900179,12,42,-30
118900181,148,107,41
118900182,186,48,138
118900183,32,141,-109
118900184,443,251,192
118900185,108,138,-30
118900186,111,119,-8
118900187,279,338,-59
118900188,302,277,25
118900189,56,774,-718
118900190,12,305,-293
118900191,121,61,60
118900192,178,28,150
118900193,403,10,393
118900195,362,789,-427
118900196,52,172,-120
118900197,95,44,51
118900198,13,49,-36
118900199,102,72,30
118900200,20,27,-7
118900201,39,34,5
118900202,18,93,-75
118900203,17,44,-27
118900204,33,45,-12
118900205,6,21,-15
118900206,3,27,-24
119000001,1316,1910,-594
119000002,5474,4000,1474
119000003,2632,1374,1258
119000004,3439,1467,1972
119000005,1760,2008,-248
119000006,2651,1674,977
119000007,3689,3646,43
119000008,2144,2408,-264
119000009,4467,4912,-445
119000010,8207,5624,2583
119000011,4737,3298,1439
119000012,3805,4020,-215
119000013,2756,1804,952
119000014,2520,3912,-1392
119000019,359,178,181
119000020,2514,1624,890
119000021,4486,2958,1528
119000022,3897,3059,838
119000023,328,302,26
119000024,2212,11031,-8819
119000025,8114,1647,6467
119000026,197,503,-306
119000027,298,533,-235
119000028,2288,1276,1012
119000029,141,407,-266
119000030,716,1274,-558
119000031,987,985,2
119000032,2738,3003,-265
119000033,2541,1680,861
119000034,1143,1305,-162
119000035,38,411,-373
119000036,1625,963,662
119000037,1247,2010,-763
119000038,168,1125,-957
119000039,323,395,-72
119000040,1335,718,617
119000041,1014,1382,-368
119000048,3451,3784,-333
119000049,1804,2986,-1182
119000050,2141,2284,-143
119000051,2301,1163,1138
119000052,2116,3244,-1128
119000053,2010,1397,613
119000054,3446,3802,-356
119000055,4547,4012,535
119000056,2399,2512,-113
119000057,1661,2362,-701
119000058,2315,2125,190
119000059,1647,2008,-361
119000060,1907,1410,497
119000061,1025,987,38
119000062,1571,1805,-234
119000063,552,507,45
119000064,1460,1846,-386
119000065,2695,4347,-1652
119000066,3372,1404,1968
119000067,2018,2610,-592
119000068,1842,1414,428
119000069,1482,2900,-1418
119000070,2711,1299,1412
119000071,659,862,-203
119000072,6743,4094,2649
119000073,7344,7711,-367
119000074,1231,2924,-1693
119000075,2349,2716,-367
119000076,834,1211,-377
119000077,1540,631,909
119000078,648,276,372
119000079,344,793,-449
119000080,393,243,150
119000081,597,692,-95
119000082,1554,368,1186
119000083,705,457,248
119000084,459,556,-97
119000085,771,269,502
119000086,327,551,-224
119000087,1856,1055,801
119000088,365,287,78
119000089,76,246,-170
119000090,165,170,-5
119000091,121,568,-447
119000092,699,234,465
119000093,4016,3344,672
119000094,3064,6165,-3101
119000095,1986,3184,-1198
119000097,2404,1806,598
119000098,988,2990,-2002
119000099,2850,2083,767
119000100,3882,3203,679
119000101,6817,2385,4432
119000102,1336,1384,-48
119000103,2571,667,1904
119000104,3120,1720,1400
119000105,1327,2158,-831
119000106,405,1724,-1319
119000107,861,511,350
119000108,474,1157,-683
119000109,349,686,-337
119000110,960,672,288
119000111,135,847,-712
119000112,329,167,162
119000113,3978,444,3534
119000114,1189,1401,-212
119000115,160,161,-1
119000116,149,140,9
119000117,194,535,-341
119000118,2,0,2
119000123,5972,1946,4026
119000124,818,234,584
119000125,3344,1021,2323
119000126,1009,892,117
119000127,572,705,-133
119000128,61,14,47
119000131,964,849,115
119000132,1,1,0
119000133,8,16,-8
119000134,2549,682,1867
119000135,116,250,-134
119000136,254,238,16
119000137,276,400,-124
119000138,415,356,59
119000139,285,294,-9
119000140,209,511,-302
119000284,1439,3065,-1626
119000285,2691,2684,7
119000286,9052,6844,2208
119000287,1262,2802,-1540
119000288,2167,1790,377
119000289,2083,4073,-1990
119000290,213,561,-348
119000291,12,279,-267
119000293,113,192,-79
119000294,51,42,9
119000295,1711,508,1203
119000296,229,141,88
119000299,0,0,0
119000302,2916,1636,1280
119000303,72,164,-92
119000314,1750,9357,-7607
119000315,9,519,-510
119000316,130,211,-81
119000317,86,415,-329
119900001,309,1362,-1053
119900002,183,367,-184
119900003,83,1385,-1302
119900004,396,1182,-786
119900005,184,110,74
119900006,254,493,-239
119900007,1361,246,1115
119900008,359,81,278
119900009,1016,1042,-26
119900010,2607,1869,738
119900011,28,121,-93
119900012,26,157,-131
119900013,2311,1216,1095
119900014,745,355,390
119900015,107,54,53
119900016,36,94,-58
119900017,41,65,-24
119900018,2415,891,1524
119900019,48,15,33
119900020,217,247,-30
119900021,218,372,-154
119900022,187,726,-539
119900023,746,1245,-499
119900025,184,40,144
119900026,906,164,742
119900027,125,26,99
119900028,638,155,483
119900029,4,16,-12
119900030,711,632,79
119900031,72,392,-320
119900033,3018,317,2701
119900034,488,170,318
119900037,188,53,135
119900038,36,326,-290
119900039,97,26,71
119900040,290,27,263
119900041,131,59,72
119900042,778,224,554
119900043,82,190,-108
119900044,219,977,-758
119900046,121,77,44
119900047,339,107,232
119900048,35,47,-12
119900049,187,11,176
119900050,205,143,62
119900051,483,13,470
119900052,51,59,-8
119900053,204,204,0
119900054,95,15,80
119900055,1362,547,815
119900057,256,131,125
119900058,255,6,249
119900059,255,60,195
119900060,300,35,265
119900062,70,22,48
119900063,21,86,-65
119900065,227,19,208
119900066,1,1,0
119900067,203,36,167
119900068,474,5,469
119900069,137,68,69
119900070,975,12,963
119900071,671,20,651
119900073,2191,692,1499
119900074,111,50,61
119900075,6115,3192,2923
119900076,701,452,249
119900077,1089,1467,-378
119900078,581,1121,-540
119900079,261,285,-24
119900080,2099,1949,150
119900081,431,42,389
119900082,1212,151,1061
119900083,536,265,271
119900084,976,332,644
119900085,78,112,-34
119900087,1112,518,594
119900088,27,93,-66
119900089,70,664,-594
119900090,148,82,66
119900091,79,1110,-1031
119900092,330,472,-142
119900093,1379,328,1051
119900094,136,232,-96
119900095,244,131,113
119900096,48,153,-105
119900097,685,234,451
119900098,57,77,-20
119900099,41,322,-281
119900100,2590,3472,-882
119900101,282,1564,-1282
119900102,105,350,-245
119900103,40,452,-412
119900104,68,306,-238
119900105,1547,3092,-1545
119900106,16,188,-172
119900107,411,3507,-3096
119900108,3090,812,2278
119900109,41,245,-204
119900110,746,656,90
119900111,108,432,-324
119900112,2042,730,1312
119900113,95,342,-247
119900114,271,1475,-1204
119900115,362,1136,-774
119900116,252,507,-255
119900117,451,938,-487
119900118,100,957,-857
119900119,257,256,1
119900120,884,768,116
119900121,434,1382,-948
119900122,618,442,176
119900123,344,406,-62
119900124,224,986,-762
119900125,75,344,-269
119900126,5209,323,4886
119900127,2778,1322,1456
119900128,554,1049,-495
119900129,307,667,-360
119900130,43,353,-310
119900131,40,337,-297
119900132,4,255,-251
119900133,72,163,-91
119900134,2096,306,1790
119900135,3,525,-522
119900136,239,363,-124
119900138,491,598,-107
119900139,212,153,59
119900140,6,135,-129
119900141,164,899,-735
119900142,17,56,-39
119900143,30,314,-284
119900144,1886,325,1561
119900145,110,206,-96
119900146,206,318,-112
119900147,4,205,-201
119900148,205,100,105
119900149,1548,5013,-3465
119900150,272,219,53
119900151,2380,1065,1315
119900152,117,562,-445
119900153,138,121,17
119900154,12,299,-287
119900155,43,78,-35
119900156,15,10,5
119900157,166,308,-142
119900158,189,132,57
119900159,8,1696,-1688
119900160,30,271,-241
119900161,241,282,-41
119900162,1024,1042,-18
119900163,167,226,-59
119900164,1,2,-1
119900165,194,275,-81
119900166,86,75,11
119900167,136,179,-43
119900168,879,715,164
119900169,214,431,-217
119900170,273,301,-28
119900171,1842,533,1309
119900172,194,39,155
119900173,7,544,-537
119900174,32,286,-254
119900175,1217,953,264
119900177,32,247,-215
119900178,23,200,-177
119900179,119,530,-411
119900180,1083,1161,-78
119900181,75,156,-81
119900182,6,475,-469
119900183,189,866,-677
119900184,3157,740,2417
119900185,50,196,-146
119900186,118,886,-768
119900187,73,602,-529
119900188,100,523,-423
119900189,981,636,345
119900190,76,328,-252
119900191,411,259,152
119900192,66,210,-144
119900193,374,304,70
119900194,27,128,-101
119900195,114,281,-167
119900196,2116,720,1396
119900197,247,180,67
119900198,481,378,103
119900199,223,38,185
119900200,843,844,-1
119900201,500,292,208
119900202,123,301,-178
119900203,256,745,-489
119900204,330,428,-98
119900205,767,704,63
119900206,156,185,-29
119900208,254,194,60
119900209,542,1313,-771
119900210,40,68,-28
119900211,103,28,75
119900212,197,374,-177
119900213,11,96,-85
119900214,33,102,-69
119900215,88,104,-16
119900216,24,79,-55
119900217,17,58,-41
119900218,59,105,-46
119900219,21,139,-118
119900220,8,138,-130
119900221,44,284,-240
119900222,15,245,-230
119900223,28,95,-67
119900224,27,46,-19
119900225,1019,70,949
119900226,716,2251,-1535
119900227,1273,403,870
119900228,396,360,36
119900229,445,519,-74
119900230,1892,873,1019
119900231,245,245,0
119900232,320,101,219
119900233,213,55,158
119900234,42,94,-52
119900235,58,111,-53
119900236,80,270,-190
119900237,81,648,-567
119900238,8,97,-89
119900240,213,214,-1
119900241,207,341,-134
119900242,2009,2339,-330
119900244,847,2379,-1532
119900245,222,258,-36
119900246,354,657,-303
119900247,52,145,-93
119900248,134,200,-66
119900249,269,88,181
119900253,3603,523,3080
119900254,108,683,-575
119900255,147,692,-545
119900256,641,1336,-695
119900257,73,7,66
119900258,152,30,122
119900259,5,190,-185
119900260,114,15,99
119900261,460,221,239
119900262,2,299,-297
119900263,1249,485,764
119900264,92,261,-169
119900265,685,636,49
119900266,329,377,-48
119900267,274,646,-372
119900268,460,229,231
119900269,1268,1881,-613
119900271,30,153,-123
119900272,562,226,336
119900275,170,31,139
119900276,53,2,51
119900277,30,14,16
119900278,331,120,211
119900279,186,485,-299
119900280,845,229,616
119900281,4,237,-233
119900282,76,126,-50
119900283,19,268,-249
119900284,50,388,-338
119900285,26,76,-50
119900286,3,38,-35
119900288,5,33,-28
119900289,3,21,-18
119900290,14,35,-21
119900291,3,138,-135
119900292,49,23,26
119900293,35,2,33
119900294,43,0,43
119900295,0,0,0
119900296,0,0,0
119900299,205,246,-41
119900300,571,257,314
119900301,167,113,54
119900302,181,151,30
119900303,552,441,111
119900304,509,108,401
119900305,20,169,-149
119900306,20,1,19
119900307,107,210,-103
119900308,6,39,-33
119900309,58,153,-95
119900310,322,372,-50
119900311,106,189,-83
119900312,120,127,-7
119900313,407,443,-36
119900314,240,505,-265
119900315,1835,2910,-1075
119900318,12,36,-24
119900319,0,341,-341
119900320,229,651,-422
119900321,64,4,60
119900322,20,99,-79
119900323,4,183,-179
119900324,0,58,-58
119900325,103,373,-270
119900326,95,158,-63
120000001,7350,14210,-6860
120000002,2907,3454,-547
120000003,4323,1964,2359
120000004,3263,2563,700
120000005,5035,2442,2593
120000006,1450,1636,-186
120000007,4202,3399,803
120000008,1220,1694,-474
120000009,3766,1078,2688
120000010,2219,3141,-922
120000011,1589,2264,-675
120000012,1777,3370,-1593
120000013,3154,3384,-230
120000014,906,1836,-930
120000015,3143,1846,1297
120000016,3861,2532,1329
120000017,3613,2697,916
120000018,4415,11593,-7178
120000019,1181,1568,-387
120000020,3472,3642,-170
120000021,1871,2557,-686
120000022,3441,4029,-588
120000023,1087,1939,-852
120000024,1771,2734,-963
120000025,2741,2362,379
120000026,1909,2101,-192
120000027,2257,2391,-134
120000028,1308,1028,280
120000029,6444,1206,5238
120000030,1775,1689,86
120000031,2723,10342,-7619
120000032,10376,5397,4979
120000033,5808,2582,3226
120000034,1900,2441,-541
120000035,1976,2627,-651
120000036,3422,5978,-2556
120000037,819,1639,-820
120000038,8084,4445,3639
120000039,765,1034,-269
120000040,496,463,33
120000041,2304,1810,494
120000042,2432,3038,-606
120000043,5460,2262,3198
120000044,5297,2155,3142
120000045,5495,1307,4188
120000046,2949,3240,-291
120000047,1309,5221,-3912
120000048,8423,5016,3407
120000049,3348,3222,126
120000050,4666,4474,192
120000051,3460,5059,-1599
120000052,10500,2690,7810
120000053,1335,3255,-1920
120000054,1660,5337,-3677
120000055,2198,5619,-3421
120000056,4732,4132,600
120000057,3170,878,2292
120000058,4690,821,3869
120000059,37,1903,-1866
120000061,168,749,-581
120000062,282,349,-67
120000063,1835,2857,-1022
120000064,277,1512,-1235
120000065,781,2086,-1305
120000066,498,759,-261
120000067,95,591,-496
120000068,219,1004,-785
120000069,715,1493,-778
120000070,61,877,-816
120000071,429,194,235
120000072,702,533,169
120000073,856,164,692
120000074,254,183,71
120000075,1115,423,692
120000076,2039,572,1467
120000077,2110,736,1374
120000078,3612,1306,2306
120000079,271,237,34
120000080,170,265,-95
120000081,352,141,211
120000082,189,209,-20
120000083,83,639,-556
120000084,417,511,-94
120000085,342,442,-100
120000086,386,588,-202
120000087,195,766,-571
120000088,842,1389,-547
120000089,1203,883,320
120000090,722,679,43
120000091,1032,1278,-246
120000092,1460,811,649
120000093,421,623,-202
120000094,255,912,-657
120000095,1515,729,786
120000096,338,1057,-719
120000098,1413,1306,107
120000099,636,1102,-466
120000100,967,1128,-161
120000101,594,608,-14
120000102,570,895,-325
120000103,1593,892,701
120000104,1964,620,1344
120000105,3188,924,2264
120000106,2689,812,1877
120000107,3952,776,3176
120000108,1490,187,1303
120000109,1340,115,1225
120000110,109,1091,-982
120000111,680,1296,-616
120000112,1050,3683,-2633
120000113,1021,2601,-1580
120000114,1186,3359,-2173
120000115,428,2819,-2391
120000116,1013,2320,-1307
120000117,1324,1725,-401
120000118,67,31,36
120000119,34,98,-64
120000120,58,80,-22
120000121,78,101,-23
120000122,332,406,-74
120000123,6619,5444,1175
120000124,470,432,38
120000125,582,879,-297
120000126,469,1034,-565
120000127,3633,1105,2528
120000128,4979,4565,414
120000129,335,319,16
120000130,928,717,211
120000131,313,837,-524
120000134,566,1616,-1050
120000135,617,757,-140
120000137,274,1744,-1470
120000138,868,750,118
120000139,379,919,-540
120000140,871,763,108
120000141,1583,601,982
120000142,1335,759,576
120000143,3,180,-177
120000144,106,5,101
120000145,364,5,359
120000146,1501,1059,442
120000149,793,1625,-832
120000150,4035,13114,-9079
120000151,449,520,-71
120000152,592,249,343
120000153,277,684,-407
120000154,520,466,54
120000155,90,308,-218
120000156,1178,1100,78
120000157,1124,847,277
120000158,1040,1023,17
120000159,2502,3095,-593
120000160,2860,1602,1258
120000161,2227,2643,-416
120000162,90,314,-224
120000163,859,1992,-1133
120000164,528,762,-234
120000165,562,1136,-574
120000166,1416,748,668
120000167,158,213,-55
120000168,24,589,-565
120000169,102,1381,-1279
120000170,125,1078,-953
120000171,52,423,-371
120000172,53,171,-118
120000173,4427,1798,2629
120000174,754,71,683
120000175,461,48,413
120000176,524,53,471
120000177,2240,184,2056
120000178,261,31,230
120000179,666,57,609
120000180,1697,157,1540
120000181,315,1168,-853
120000182,141,558,-417
120000183,20,551,-531
120000184,215,1380,-1165
120000186,118,531,-413
120000187,91,202,-111
120000188,213,424,-211
120000190,2041,81,1960
120000191,1943,109,1834
120000192,1783,45,1738
120000193,927,11,916
120000195,179,8,171
120000196,718,77,641
120000197,192,251,-59
120000198,173,112,61
120000199,134,1,133
120000200,146,1,145
120000201,13,35,-22
120000202,1,59,-58
120000203,41,260,-219
120000207,3,62,-59
120000208,8,259,-251
120000209,8,107,-99
120000210,95,119,-24
120000211,152,1,151
120000212,149,0,149
120000213,132,392,-260
120000214,3,409,-406
120000215,5,152,-147
120000216,62,15,47
120000217,840,1301,-461
120000218,241,780,-539
120000219,6,513,-507
120000220,18,1849,-1831
120000225,1655,14,1641
120000226,405,8,397
120000227,974,72,902
120000228,9868,3904,5964
120000230,338,20,318
120000231,1369,2585,-1216
120000233,284,30,254
120000235,304,850,-546
120000236,981,4,977
120000237,1,1640,-1639
120000238,12,1304,-1292
120000241,1337,3662,-2325
120000412,1321,25,1296
120000413,244,362,-118
120000414,94,5,89
120000415,4,121,-117
120000416,207,11,196
120000417,16,126,-110
120000418,126,18,108
120000419,6,392,-386
120000420,63,35,28
120000421,13030,7026,6004
120000422,162,1284,-1122
120000423,7,51,-44
120000424,76,173,-97
120000436,156,672,-516
120000437,142,175,-33
120000438,3232,365,2867
120000439,249,648,-399
120000443,297,3,294
120000444,1479,645,834
120000445,1803,1279,524
120000446,879,253,626
120000447,219,8,211
120000449,126,9,117
120000450,2,259,-257
120000451,346,307,39
120000452,197,4,193
120000453,2,408,-406
120000454,83,65,18
120000455,146,67,79
120000456,2795,4233,-1438
120000457,1319,703,616
120000458,680,873,-193
120000459,88,68,20
120000665,2017,367,1650
120000668,202,860,-658
120000669,41,204,-163
120000670,384,706,-322
120000671,1677,565,1112
120000672,127,619,-492
120900001,77,129,-52
120900002,641,769,-128
120900003,378,37,341
120900004,17,70,-53
120900005,27,1188,-1161
120900006,441,268,173
120900007,188,127,61
120900008,310,1432,-1122
120900009,917,93,824
120900010,441,127,314
120900011,457,200,257
120900012,599,1434,-835
120900013,404,98,306
120900014,3,703,-700
120900015,1197,137,1060
120900016,776,99,677
120900017,3038,110,2928
120900018,151,607,-456
120900019,680,413,267
120900020,959,1395,-436
120900021,784,205,579
120900022,95,418,-323
120900023,407,59,348
120900024,2736,764,1972
120900025,1883,1248,635
120900026,394,378,16
120900027,997,43,954
120900028,359,127,232
120900029,239,551,-312
120900030,1241,899,342
120900031,271,135,136
120900032,909,158,751
120900033,1260,87,1173
120900034,31,3119,-3088
120900035,52,224,-172
120900037,194,11,183
120900038,62,259,-197
120900039,104,37,67
120900040,352,7,345
120900041,173,49,124
120900042,480,63,417
120900043,148,30,118
120900044,19,445,-426
120900045,213,193,20
120900046,489,6,483
120900047,235,109,126
120900048,108,31,77
120900049,460,5,455
120900050,2852,1492,1360
120900051,387,168,219
120900052,681,7,674
120900053,300,186,114
120900054,2194,869,1325
120900055,417,7,410
120900056,542,35,507
120900057,145,26,119
120900058,523,6,517
120900059,101,3,98
120900060,61,69,-8
120900061,339,313,26
120900062,225,0,225
120900063,508,7,501
120900064,525,0,525
120900065,412,2,410
120900066,319,322,-3
120900067,178,55,123
120900068,298,0,298
120900069,200,61,139
120900071,15,0,15
120900072,769,4,765
120900073,488,224,264
120900074,751,16,735
120900076,371,1,370
120900077,4023,373,3650
120900078,819,1127,-308
120900079,665,120,545
120900080,677,2035,-1358
120900081,863,994,-131
120900082,847,533,314
120900083,120,6,114
120900084,267,457,-190
120900085,93,160,-67
120900086,188,345,-157
120900087,464,381,83
120900088,191,426,-235
120900089,4129,2507,1622
120900090,238,178,60
120900091,733,832,-99
120900092,1592,745,847
120900093,2917,197,2720
120900094,737,242,495
120900095,724,60,664
120900096,49,303,-254
120900097,903,864,39
120900098,376,242,134
120900099,117,101,16
120900100,272,322,-50
120900101,880,350,530
120900102,56,135,-79
120900103,86,261,-175
120900104,36,55,-19
120900105,74,613,-539
120900106,1713,764,949
120900107,290,201,89
120900108,5,691,-686
120900109,87,801,-714
120900110,15,1223,-1208
120900111,238,448,-210
120900112,26,1032,-1006
120900113,8,991,-983
120900114,55,164,-109
120900115,226,281,-55
120900116,366,642,-276
120900117,3,637,-634
120900118,31,830,-799
120900119,5962,8393,-2431
120900120,68,614,-546
120900121,400,720,-320
120900122,522,716,-194
120900123,3,474,-471
120900124,2,701,-699
120900125,5,866,-861
120900126,2101,1582,519
120900127,13,632,-619
120900128,1620,1867,-247
120900129,54,449,-395
120900130,9,387,-378
120900131,69,121,-52
120900132,913,379,534
120900133,352,1084,-732
120900134,881,576,305
120900135,22,701,-679
120900136,89,158,-69
120900137,237,180,57
120900138,46,269,-223
120900139,7,841,-834
120900140,20,192,-172
120900141,245,309,-64
120900142,28,685,-657
120900143,3,1030,-1027
120900144,1,233,-232
120900145,693,994,-301
120900146,12,1428,-1416
120900147,11,559,-548
120900148,121,197,-76
120900149,0,328,-328
120900150,54,632,-578
120900151,1,878,-877
120900152,9,57,-48
120900153,49,191,-142
120900154,0,362,-362
120900155,192,1240,-1048
120900156,42,383,-341
120900157,82,311,-229
120900158,51,746,-695
120900159,440,437,3
120900160,38,1043,-1005
120900161,175,600,-425
120900162,73,750,-677
120900163,132,978,-846
120900164,3,20,-17
120900165,28,82,-54
120900166,237,572,-335
120900167,549,184,365
120900169,78,460,-382
120900170,1639,3010,-1371
120900171,1376,372,1004
120900172,2740,1376,1364
120900173,1,61,-60
120900174,17,150,-133
120900175,371,222,149
120900176,18,411,-393
120900177,5,1178,-1173
120900178,3,609,-606
120900179,1144,623,521
120900180,143,159,-16
120900181,316,97,219
120900182,27,414,-387
120900183,454,116,338
120900184,320,112,208
120900185,36,635,-599
120900186,1,564,-563
120900187,609,1798,-1189
120900188,210,18,192
120900189,148,1018,-870
120900190,51,16,35
120900191,3,28,-25
120900192,13075,7029,6046
120900194,56,109,-53
120900195,267,342,-75
120900196,1003,93,910
120900197,706,180,526
120900198,396,693,-297
120900199,521,435,86
120900200,123,144,-21
120900201,634,259,375
120900202,13,224,-211
120900203,36,117,-81
120900204,165,298,-133
120900205,77,79,-2
120900206,18,32,-14
120900207,148,1752,-1604
121000001,932,1186,-254
121000002,2765,1383,1382
121000003,3842,2241,1601
121000004,3801,4158,-357
121000005,2304,3349,-1045
121000006,4449,1951,2498
121000007,3237,3329,-92
121000008,6148,3738,2410
121000009,6553,6545,8
121000010,9689,6198,3491
121000011,10885,14616,-3731
121000012,19528,11525,8003
121000013,5773,8492,-2719
121000014,7437,6479,958
121000015,4969,8165,-3196
121000016,5404,3981,1423
121000017,2611,4701,-2090
121000018,3133,2170,963
121000019,23278,14250,9028
121000020,16973,18383,-1410
121000021,4846,3932,914
121000022,3921,3642,279
121000023,6405,3534,2871
121000024,5410,5800,-390
121000025,826,1658,-832
121000026,350,164,186
121000027,1875,1388,487
121000028,929,651,278
121000029,1311,932,379
121000030,813,571,242
121000031,873,856,17
121000032,310,147,163
121000034,591,285,306
121000035,163,141,22
121000036,1401,1139,262
121000037,682,827,-145
121000038,591,957,-366
121000039,419,506,-87
121000041,832,633,199
121000042,475,498,-23
121000043,828,595,233
121000044,1559,961,598
121000045,649,392,257
121000046,815,1147,-332
121000047,106,123,-17
121000049,1944,692,1252
121000050,408,1365,-957
121000051,762,432,330
121000052,444,860,-416
121000053,539,117,422
121000054,81,400,-319
121000055,1300,1275,25
121000056,885,1180,-295
121000057,443,616,-173
121000058,468,228,240
121000059,2621,1507,1114
121000060,720,1055,-335
121000061,183,353,-170
121000062,457,462,-5
121000063,981,858,123
121000064,919,1023,-104
121000065,561,577,-16
121000066,768,790,-22
121000067,763,629,134
121000068,909,472,437
121000069,715,806,-91
121000070,2955,1720,1235
121000071,2261,1598,663
121000072,2889,946,1943
121000073,1493,1136,357
121000074,273,192,81
121000075,98,315,-217
121000076,1481,480,1001
121000077,160,200,-40
121000078,153,184,-31
121000080,2975,791,2184
121000081,4484,3491,993
121000082,115,292,-177
121000083,241,140,101
121000084,157,151,6
121000085,340,459,-119
121000086,278,1007,-729
121000087,49,404,-355
121000088,583,704,-121
121000089,568,495,73
121000090,464,452,12
121000091,1563,1074,489
121000092,177,117,60
121000093,193,256,-63
121000094,671,900,-229
121000095,506,853,-347
121000096,2674,2769,-95
121000097,1298,2349,-1051
121000098,755,1346,-591
121000099,812,971,-159
121000100,1040,548,492
121000101,403,364,39
121000102,311,393,-82
121000103,294,314,-20
121000104,337,189,148
121000105,702,316,386
121000106,540,455,85
121000107,2252,3692,-1440
121000109,1595,1293,302
121000110,402,773,-371
121000114,2918,2293,625
121000115,1198,886,312
121000116,317,1052,-735
121000117,964,289,675
121000118,1612,307,1305
121000119,417,496,-79
121000120,286,664,-378
121000121,695,1437,-742
121000123,2127,822,1305
121000126,157,379,-222
121000127,252,99,153
121000128,1053,580,473
121000129,832,772,60
121000130,634,1086,-452
121000131,3593,2485,1108
121000132,2309,2330,-21
121000135,702,1103,-401
121000136,2330,1169,1161
121000137,628,404,224
121000138,1447,1205,242
121000139,950,487,463
121000141,267,184,83
121000142,890,1125,-235
121000143,238,59,179
121000144,1517,2291,-774
121000145,750,1536,-786
121000146,1440,1164,276
121000147,1137,693,444
121000148,1080,1437,-357
121000149,2332,1687,645
121000152,624,781,-157
121000153,2261,771,1490
121000154,1030,742,288
121000155,1594,1176,418
121000156,590,1043,-453
121000157,1597,2368,-771
121000158,539,684,-145
121000159,207,593,-386
121000160,328,540,-212
121000161,248,415,-167
121000162,120,329,-209
121000165,2029,2244,-215
121000166,27,528,-501
121000168,462,330,132
121000169,82,235,-153
121000170,368,137,231
121000171,97,214,-117
121000172,824,736,88
121000173,1993,1312,681
121000174,541,454,87
121000175,953,493,460
121000176,449,269,180
121000177,1337,826,511
121000178,178,113,65
121000179,89,103,-14
121000181,666,624,42
121000182,242,282,-40
121000183,194,136,58
121000184,166,222,-56
121000185,50,207,-157
121000186,227,595,-368
121000187,194,294,-100
121000188,223,284,-61
121000192,1056,537,519
121000193,698,687,11
121000194,2872,2512,360
121000195,454,998,-544
121000196,984,368,616
121000197,303,892,-589
121000198,250,103,147
121000199,151,484,-333
121000200,636,115,521
121000201,6,303,-297
121000202,919,159,760
121000203,1120,2672,-1552
121000204,3090,1117,1973
121000205,280,334,-54
121000206,228,36,192
121000207,2822,481,2341
121000208,28,375,-347
121000209,518,401,117
121000210,614,490,124
121000211,346,193,153
121000212,461,748,-287
121000213,11458,3378,8080
121000214,881,2582,-1701
121000215,1252,1138,114
121000216,628,762,-134
121000217,4968,2764,2204
121000218,506,1883,-1377
121000219,1672,449,1223
121000220,266,69,197
121000221,180,255,-75
121000222,2989,2791,198
121000223,1046,535,511
121000224,385,179,206
121000225,1789,1953,-164
121000226,3548,1286,2262
121000227,5,219,-214
121000228,25,633,-608
121000229,244,399,-155
121000230,84,1652,-1568
121000231,934,32,902
121000232,428,368,60
121000233,618,371,247
121000234,34,48,-14
121000235,104,88,16
121000236,13,56,-43
121000237,57,29,28
121000238,12,58,-46
121000239,115,8,107
121000240,9,233,-224
121000241,122,26,96
121000242,71,309,-238
121000243,613,278,335
121000244,15,112,-97
121000245,89,45,44
121000246,0,123,-123
121000247,94,12,82
121000248,2093,562,1531
121000249,185,294,-109
121000250,729,240,489
121000251,46,526,-480
121000252,102,104,-2
121000253,554,493,61
121000254,699,244,455
121000255,622,223,399
121000256,645,293,352
121000257,124,137,-13
121000258,268,83,185
121000259,116,83,33
121000260,288,136,152
121000261,309,60,249
121000262,1063,813,250
121000263,909,585,324
121000271,379,1797,-1418
121000273,90,8,82
121000274,21,45,-24
121000275,2,12,-10
121000276,10,10,0
121000278,50,43,7
121000279,96,23,73
121000280,151,46,105
121000289,232,18,214
121000290,1401,1178,223
121000294,160,209,-49
121000297,1495,1316,179
121000299,285,458,-173
121000300,1076,764,312
121000302,98,1426,-1328
121000303,566,472,94
121000304,596,73,523
121000305,168,40,128
121000306,120,120,0
121000308,168,385,-217
121000309,449,574,-125
121000310,92,444,-352
121000311,108,1076,-968
121000312,428,235,193
121000313,406,593,-187
121000314,116,146,-30
121000315,67,110,-43
121000530,1583,1533,50
121000531,1675,1847,-172
121000532,7951,9006,-1055
121000533,3603,4257,-654
121000918,91,189,-98
121000919,45,80,-35
121000938,220,222,-2
121000939,297,238,59
121000956,1547,1410,137
121000957,27,23,4
121000958,112,59,53
121000959,803,1069,-266
121000960,2806,2452,354
121000961,280,244,36
121000962,308,644,-336
121000963,0,0,0
121000973,1,155,-154
121000976,23,285,-262
121000979,651,249,402
121000981,452,442,10
121000982,347,212,135
121000983,516,593,-77
121000984,54,58,-4
121000985,660,635,25
121000986,357,266,91
121000987,346,1102,-756
121000988,814,122,692
121001302,344,126,218
121001308,16,13,3
121001309,113,94,19
121001313,316,234,82
121001314,2772,3412,-640
121001315,5109,2938,2171
121900001,195,216,-21
121900002,40,29,11
121900003,554,19,535
121900004,150,465,-315
121900005,61,40,21
121900006,128,37,91
121900007,2651,2699,-48
121900008,1424,553,871
121900009,696,24,672
121900010,348,6,342
121900011,569,649,-80
121900012,37,1,36
121900013,2003,129,1874
121900014,1561,396,1165
121900015,222,380,-158
121900016,8,52,-44
121900017,1619,573,1046
121900018,401,10,391
121900019,515,314,201
121900020,25,1,24
121900021,892,40,852
121900022,358,292,66
121900023,170,548,-378
121900024,408,150,258
121900025,732,497,235
121900026,424,72,352
121900027,423,202,221
121900028,445,33,412
121900029,128,240,-112
121900030,577,752,-175
121900031,1235,6818,-5583
121900032,141,119,22
121900033,208,171,37
121900034,330,87,243
121900035,3275,2811,464
121900036,90,355,-265
121900037,202,1036,-834
121900038,62,203,-141
121900039,468,95,373
121900040,113,109,4
121900041,129,197,-68
121900042,377,203,174
121900043,15,10,5
121900044,269,59,210
121900046,399,525,-126
121900047,223,77,146
121900048,62,176,-114
121900050,49,72,-23
121900051,165,240,-75
121900052,187,60,127
121900053,1046,334,712
121900054,705,1148,-443
121900055,1,22,-21
121900058,266,239,27
121900059,606,260,346
121900060,261,435,-174
121900061,298,218,80
121900062,244,115,129
121900063,1659,517,1142
121900064,336,774,-438
121900066,92,43,49
121900067,81,116,-35
121900069,214,163,51
121900070,346,136,210
121900071,484,505,-21
121900072,53,174,-121
121900073,340,325,15
121900074,1096,1184,-88
121900075,566,491,75
121900076,432,733,-301
121900077,28,42,-14
121900078,129,57,72
121900079,2,0,2
121900080,1375,566,809
121900082,62,130,-68
121900084,29,220,-191
121900085,0,24,-24
121900086,23,60,-37
121900087,209,152,57
121900088,2370,3220,-850
121900089,236,521,-285
121900090,140,176,-36
121900091,80,131,-51
121900092,137,130,7
121900093,91,109,-18
121900094,44,10,34
121900095,283,192,91
121900096,1531,1378,153
121900097,536,521,15
121900098,9,16,-7
121900099,250,114,136
121900100,403,642,-239
121900101,294,189,105
121900102,13,227,-214
121900103,666,386,280
121900104,1587,375,1212
121900105,320,287,33
121900106,9,13,-4
121900107,54,47,7
121900108,12,37,-25
121900109,373,168,205
121900110,547,1073,-526
121900111,1225,240,985
121900112,191,202,-11
121900113,80,452,-372
121900114,119,151,-32
121900117,430,120,310
121900118,2608,779,1829
121900119,273,199,74
121900120,80,1703,-1623
121900121,594,59,535
121900122,38,101,-63
121900123,257,586,-329
121900124,197,161,36
121900125,1857,1143,714
121900127,22,140,-118
121900128,79,161,-82
121900129,746,158,588
121900130,142,372,-230
121900131,306,95,211
121900132,62,162,-100
121900133,116,1022,-906
121900134,44,197,-153
121900135,3115,477,2638
121900136,1411,443,968
121900137,69,412,-343
121900138,164,266,-102
121900139,419,597,-178
121900140,89,340,-251
121900141,98,69,29
121900142,240,278,-38
121900143,63,229,-166
121900144,209,310,-101
121900145,254,395,-141
121900146,777,1154,-377
121900147,54,197,-143
121900148,283,370,-87
121900149,419,925,-506
121900150,87,155,-68
121900151,124,270,-146
121900152,93,182,-89
121900153,157,852,-695
121900154,32,321,-289
121900155,5,184,-179
121900156,231,173,58
121900157,3,442,-439
121900158,112,154,-42
121900159,0,301,-301
121900160,24,346,-322
121900161,514,437,77
121900162,87,241,-154
121900163,242,1059,-817
121900164,684,327,357
121900165,637,257,380
121900166,207,198,9
121900167,110,129,-19
121900168,190,306,-116
121900169,7,268,-261
121900170,6,277,-271
121900171,966,800,166
121900172,828,346,482
121900173,1335,249,1086
121900174,31,86,-55
121900175,349,365,-16
121900176,652,1658,-1006
121900177,260,90,170
121900178,45,67,-22
121900179,721,246,475
121900180,4949,4442,507
121900182,810,385,425
121900183,910,1306,-396
121900184,120,769,-649
121900186,20,447,-427
121900187,33,194,-161
121900188,748,565,183
121900189,61,163,-102
121900190,483,647,-164
121900191,153,203,-50
121900192,420,858,-438
121900193,58,276,-218
121900194,10,322,-312
121900195,102,163,-61
121900196,1348,1156,192
121900197,533,1852,-1319
121900198,1318,1206,112
121900199,3,52,-49
121900200,170,401,-231
121900201,1324,963,361
121900202,298,832,-534
121900203,294,983,-689
121900204,1107,1480,-373
121900205,33,127,-94
121900206,30,59,-29
121900207,147,45,102
121900208,254,372,-118
121900209,88,35,53
121900210,1440,1149,291
121900211,46,98,-52
121900212,243,163,80
121900213,197,75,122
121900214,15,540,-525
121900215,95,79,16
121900216,69,278,-209
121900217,344,185,159
121900218,211,481,-270
121900220,203,23,180
121900221,344,681,-337
121900222,195,266,-71
121900223,213,50,163
121900224,85,56,29
121900225,120,119,1
121900226,347,732,-385
121900227,307,821,-514
121900228,250,500,-250
121900230,161,349,-188
121900231,480,1850,-1370
121900232,316,644,-328
121900233,285,291,-6
121900234,345,407,-62
121900235,514,264,250
121900236,467,257,210
121900237,232,324,-92
121900238,209,360,-151
121900239,559,68,491
121900240,325,135,190
121900241,81,78,3
121900242,19,0,19
121900243,24,1,23
121900244,81,9,72
121900245,230,105,125
121900246,2344,350,1994
121900247,752,326,426
121900248,1966,1633,333
121900250,302,382,-80
121900251,517,62,455
121900252,710,185,525
121900253,147,799,-652
121900254,693,356,337
121900255,480,128,352
121900258,4007,2626,1381
121900259,570,654,-84
121900260,145,202,-57
121900261,291,777,-486
121900262,513,1134,-621
121900263,391,371,20
121900264,2405,1698,707
121900265,375,320,55
121900266,570,193,377
121900267,91,26,65
121900269,366,965,-599
121900270,23,260,-237
121900271,70,267,-197
121900273,493,2129,-1636
121900274,264,347,-83
121900277,733,1440,-707
121900278,135,1138,-1003
121900279,158,226,-68
121900280,194,370,-176
121900281,488,422,66
121900284,228,17,211
121900286,646,155,491
121900287,24,35,-11
121900288,11,0,11
121900290,310,456,-146
121900291,532,836,-304
121900292,151,147,4
121900293,1360,3018,-1658
121900294,364,9,355
121900295,174,284,-110
121900296,99,237,-138
121900298,397,808,-411
121900299,0,11,-11
121900300,228,47,181
121900301,60,8,52
121900302,1,53,-52
121900303,425,629,-204
121900304,4,87,-83
121900305,4,39,-35
121900306,332,3,329
121900307,103,15,88
121900308,48,403,-355
121900309,26,300,-274
121900310,65,584,-519
121900311,527,17,510
121900312,389,21,368
121900313,369,21,348
121900314,4,93,-89
121900315,21,0,21
121900316,0,14,-14
121900317,29,10,19
121900318,0,25,-25
121900319,38,119,-81
121900320,49,95,-46
121900321,11,4,7
121900322,24,30,-6
121900323,18,26,-8
121900324,3,79,-76
121900325,28,17,11
121900326,7,30,-23
121900327,9,87,-78
121900328,1,44,-43
121900329,0,258,-258
121900330,0,21,-21
121900331,119,43,76
121900332,112,53,59
121900333,19,3,16
122000001,2804,5209,-2405
122000002,4810,1943,2867
122000003,2575,3001,-426
122000004,3482,1955,1527
122000005,3186,1897,1289
122000006,2199,1008,1191
122000007,1333,2084,-751
122000008,4797,5324,-527
122000009,500,464,36
122000010,2512,3183,-671
122000011,4041,1687,2354
122000012,1542,1851,-309
122000013,1817,1075,742
122000014,1878,1370,508
122000015,1738,1318,420
122000016,723,1087,-364
122000017,1333,1209,124
122000018,1716,1524,192
122000019,867,1434,-567
122000020,252,278,-26
122000021,384,515,-131
122000022,1421,1234,187
122000023,725,1924,-1199
122000024,1056,1495,-439
122000025,1631,1999,-368
122000026,1516,1149,367
122000027,665,2726,-2061
122000028,1097,595,502
122000029,624,593,31
122000030,577,191,386
122000031,489,321,168
122000032,2129,2460,-331
122000033,940,1497,-557
122000034,995,715,280
122000035,427,921,-494
122000036,721,681,40
122000037,423,242,181
122000038,283,423,-140
122000039,631,529,102
122000040,344,370,-26
122000041,624,673,-49
122000042,373,602,-229
122000043,134,147,-13
122000044,160,176,-16
122000045,1393,569,824
122000046,915,893,22
122000047,353,244,109
122000048,4886,5463,-577
122000049,7441,4038,3403
122000050,1814,961,853
122000051,432,387,45
122000052,646,420,226
122000053,220,845,-625
122000054,2892,2642,250
122000055,2646,3561,-915
122000056,6041,4329,1712
122000057,4343,4074,269
122000058,3081,1341,1740
122000059,3800,2099,1701
122000060,791,718,73
122000061,689,565,124
122000062,1563,500,1063
122000063,1709,881,828
122000064,3792,3216,576
122000065,4993,2945,2048
122000066,1511,1236,275
122000067,1843,1473,370
122000068,1680,1257,423
122000069,904,805,99
122000070,1120,2116,-996
122000071,1742,1521,221
122000072,451,534,-83
122000073,530,817,-287
122000074,3049,1965,1084
122000075,1067,1437,-370
122000076,2721,1361,1360
122000077,1535,972,563
122000078,3046,2902,144
122000079,2069,1514,555
122000080,1125,499,626
122000081,310,412,-102
122000082,998,1073,-75
122000083,1914,2348,-434
122000084,1875,1146,729
122000085,389,1335,-946
122000086,2756,6030,-3274
122000087,661,298,363
122000088,516,668,-152
122000089,6515,2848,3667
122000090,320,535,-215
122000091,213,102,111
122000092,177,34,143
122000093,2119,2004,115
122000094,7919,3046,4873
122000095,4198,4920,-722
122000096,3111,2177,934
122000098,4194,2588,1606
122000099,2338,732,1606
122000100,1063,619,444
122000101,456,823,-367
122000102,2368,1504,864
122000103,2445,2067,378
122000104,577,260,317
122000105,986,383,603
122000106,548,735,-187
122000107,1204,579,625
122000108,554,949,-395
122000109,570,413,157
122000110,631,682,-51
122000111,3227,1583,1644
122000112,1108,1589,-481
122000113,783,787,-4
122000114,3437,1557,1880
122000115,2220,1310,910
122000116,794,609,185
122000117,2608,570,2038
122000118,724,1176,-452
122000119,4690,3516,1174
122000120,2703,6579,-3876
122000121,2878,4605,-1727
122000122,1130,2536,-1406
122000123,2171,2536,-365
122000124,1294,840,454
122000125,954,862,92
122000126,810,1627,-817
122000127,1205,1993,-788
122000128,704,1016,-312
122000129,787,1524,-737
122000130,3686,1899,1787
122000131,1820,1823,-3
122000132,773,1059,-286
122000133,1263,2320,-1057
122000134,1180,1125,55
122000135,930,1316,-386
122000136,1120,854,266
122000137,2005,1428,577
122000139,1752,3765,-2013
122000140,1135,683,452
122000141,6003,1370,4633
122000142,645,1124,-479
122000143,653,706,-53
122000144,1712,1772,-60
122000145,1916,1116,800
122000146,2241,1377,864
122000147,896,630,266
122000148,2868,2717,151
122000149,2578,2077,501
122000150,1287,1071,216
122000151,209,495,-286
122000152,415,561,-146
122000153,455,427,28
122000154,355,351,4
122000155,1792,2835,-1043
122000156,3031,2798,233
122000157,1923,2371,-448
122000158,457,775,-318
122000159,1103,2237,-1134
122000160,4448,3107,1341
122000161,1285,1301,-16
122000162,2714,2095,619
122000163,306,95,211
122000164,52,99,-47
122000165,1175,892,283
122000166,1345,1088,257
122000167,292,240,52
122000168,252,553,-301
122000169,441,153,288
122000170,462,265,197
122000171,63,102,-39
122000172,2023,1781,242
122000173,1820,2613,-793
122000174,2742,1048,1694
122000175,1292,344,948
122000176,462,813,-351
122000177,1677,1729,-52
122000178,3303,2485,818
122000179,1928,2711,-783
122000180,2181,1572,609
122000181,2092,3455,-1363
122000182,2180,1716,464
122000183,2299,1091,1208
122000184,3612,2338,1274
122000185,1784,1845,-61
122000186,486,877,-391
122000187,1870,1228,642
122000188,510,229,281
122000189,267,328,-61
122000190,1133,1269,-136
122000191,978,823,155
122000192,1246,377,869
122000193,540,915,-375
122000194,671,219,452
122000195,158,603,-445
122000196,1581,861,720
122000197,613,997,-384
122000198,645,1096,-451
122000199,383,411,-28
122000200,1352,758,594
122000201,1786,1800,-14
122000202,1558,1647,-89
122000203,4618,1696,2922
122000204,2215,2477,-262
122000205,1780,1834,-54
122000206,2586,1060,1526
122000207,2082,1723,359
122000208,2355,1754,601
122000209,1971,376,1595
122000210,2390,1940,450
122000211,1783,1371,412
122000212,783,584,199
122000213,1278,1446,-168
122000214,2429,2004,425
122000215,2210,1839,371
122000217,2709,1631,1078
122000218,892,100,792
122000219,1633,1098,535
122000220,506,847,-341
122000221,103,480,-377
122000222,626,156,470
122000223,2053,705,1348
122000225,939,365,574
122000226,3117,2254,863
122000227,494,2692,-2198
122000228,620,513,107
122000229,121,627,-506
122000230,643,648,-5
122000231,891,1021,-130
122000232,878,1461,-583
122000233,2,145,-143
122000234,452,180,272
122000235,633,178,455
122000236,1132,157,975
122000237,304,120,184
122000238,898,340,558
122000239,1322,197,1125
122000240,1296,871,425
122000241,1844,701,1143
122000242,982,272,710
122000243,325,81,244
122000244,101,547,-446
122000245,118,310,-192
122000246,250,210,40
122000247,1415,817,598
122000248,1520,1862,-342
122000249,3117,1122,1995
122000250,2585,1398,1187
122000251,388,485,-97
122000252,737,279,458
122000253,138,345,-207
122000254,398,216,182
122000255,1019,2273,-1254
122000256,686,1378,-692
122000257,249,426,-177
122000258,377,331,46
122000259,32,594,-562
122000260,12,95,-83
122000261,16,248,-232
122000262,0,71,-71
122000263,453,119,334
122000264,1395,474,921
122000265,2676,1131,1545
122000266,4969,822,4147
122000267,287,196,91
122000268,179,617,-438
122000269,1003,502,501
122000270,902,226,676
122000271,477,1401,-924
122000272,413,1265,-852
122000273,457,519,-62
122000274,249,277,-28
122000275,179,259,-80
122000276,876,847,29
122000277,1678,1771,-93
122000278,1947,1183,764
122000279,283,706,-423
122000280,1332,953,379
122000281,1075,1222,-147
122000282,342,302,40
122000283,653,177,476
122000284,335,121,214
122000285,532,131,401
122000286,151,190,-39
122000287,1354,1685,-331
122000288,638,352,286
122000291,2140,978,1162
122000293,438,342,96
122000294,168,243,-75
122000295,2103,278,1825
122000296,96,730,-634
122000297,3268,2836,432
122000299,538,537,1
122000300,699,729,-30
122000301,12688,3938,8750
122000302,1069,1387,-318
122000303,4309,1573,2736
122000304,124,301,-177
122000305,1129,296,833
122000306,32,961,-929
122000307,253,214,39
122000309,167,85,82
122000310,48,92,-44
122000311,285,164,121
122000312,221,163,58
122000313,155,105,50
122000314,159,277,-118
122000315,325,60,265
122000316,759,300,459
122000317,1522,287,1235
122000318,307,887,-580
122000319,325,532,-207
122000320,419,1527,-1108
122000321,145,264,-119
122000322,2850,2737,113
122000323,1962,2536,-574
122000324,1352,1395,-43
122000325,1578,1768,-190
122000326,83,150,-67
122000327,621,1047,-426
122000328,1001,940,61
122000330,2516,959,1557
122000332,312,468,-156
122000333,20,132,-112
122000337,1109,1945,-836
122000338,607,678,-71
122000340,506,507,-1
122000342,2466,1145,1321
122000343,564,1668,-1104
122000344,108,23,85
122000345,46,32,14
122000346,505,636,-131
122000348,857,1090,-233
122000349,134,1043,-909
122000351,108,225,-117
122000352,492,188,304
122000353,88,114,-26
122000355,187,288,-101
122000356,1568,1360,208
122000357,135,29,106
122000358,0,77,-77
122000359,0,34,-34
122000360,1,74,-73
122000362,21,82,-61
122000364,177,454,-277
122000365,8,53,-45
122000366,21,14,7
122000368,529,896,-367
122000370,52,58,-6
122000371,51,0,51
122000372,12,1,11
122000381,133,399,-266
122000382,127,284,-157
122000384,4219,1403,2816
122000385,82,4,78
122000386,514,1357,-843
122000387,576,787,-211
122000388,1853,652,1201
122000389,173,680,-507
122000390,481,313,168
122000391,434,309,125
122000392,519,246,273
122000393,153,185,-32
122000394,639,466,173
122000395,227,202,25
122000396,314,161,153
122000397,102,65,37
122000398,57,90,-33
122000399,149,89,60
122000400,145,572,-427
122000401,145,119,26
122000402,298,138,160
122000403,539,1062,-523
122000404,263,308,-45
122000408,1041,1373,-332
122000503,8,126,-118
122000524,792,171,621
122000544,159,2778,-2619
122000616,392,7,385
122000640,67,155,-88
122000641,102,363,-261
122000642,1291,1456,-165
122000643,86,183,-97
122000644,225,64,161
122000645,160,172,-12
122000651,1938,1031,907
122000664,152,62,90
122000665,1394,711,683
122000666,803,1372,-569
122000673,37,334,-297
122000674,155,64,91
122000675,2143,1269,874
122000686,767,1338,-571
122000687,1780,410,1370
122000688,418,775,-357
122000689,934,499,435
122000690,2270,636,1634
122000691,1560,2025,-465
122000692,1910,621,1289
122000693,630,2399,-1769
122000695,376,566,-190
122000696,401,394,7
122000698,396,1076,-680
122000699,281,158,123
122000701,1292,423,869
122000702,531,1356,-825
122000703,183,93,90
122000717,230,89,141
122000718,418,836,-418
122000719,128,136,-8
122000720,477,284,193
122000724,320,49,271
122900001,35,10,25
122900002,1642,5232,-3590
122900003,524,59,465
122900004,1007,74,933
122900005,241,98,143
122900006,1179,441,738
122900007,451,101,350
122900008,853,103,750
122900009,891,555,336
122900010,326,211,115
122900012,290,540,-250
122900014,240,390,-150
122900015,2796,1130,1666
122900016,124,368,-244
122900017,549,1207,-658
122900018,227,35,192
122900019,41,192,-151
122900020,369,465,-96
122900021,52,652,-600
122900022,1029,891,138
122900023,587,327,260
122900024,167,166,1
122900025,30,416,-386
122900026,109,499,-390
122900027,116,873,-757
122900028,146,263,-117
122900029,5065,3626,1439
122900030,1271,698,573
122900031,107,330,-223
122900032,160,439,-279
122900033,254,205,49
122900034,5305,5514,-209
122900035,42,58,-16
122900036,71,101,-30
122900037,534,196,338
122900038,177,2944,-2767
122900039,168,637,-469
122900040,327,598,-271
122900041,460,412,48
122900042,212,385,-173
122900043,488,279,209
122900044,128,455,-327
122900045,131,136,-5
122900046,307,263,44
122900047,191,233,-42
122900048,67,260,-193
122900049,1848,190,1658
122900051,94,150,-56
122900052,112,228,-116
122900053,41,60,-19
122900055,633,172,461
122900057,228,109,119
122900061,525,248,277
122900062,606,761,-155
122900063,172,390,-218
122900064,1185,417,768
122900065,591,305,286
122900066,816,431,385
122900067,1664,1086,578
122900068,531,433,98
122900069,438,1775,-1337
122900070,495,81,414
122900071,145,489,-344
122900072,21,590,-569
122900073,74,252,-178
122900074,960,840,120
122900075,2,90,-88
122900076,9,204,-195
122900077,2,169,-167
122900078,220,129,91
122900080,93,44,49
122900081,227,245,-18
122900082,919,651,268
122900083,233,387,-154
122900084,11,327,-316
122900086,9,151,-142
122900087,352,781,-429
122900088,68,182,-114
122900089,68,298,-230
122900090,14,487,-473
122900091,211,8,203
122900092,1,256,-255
122900093,3,341,-338
122900094,7,308,-301
122900095,209,13,196
122900096,418,192,226
122900097,25,37,-12
122900098,186,210,-24
122900099,90,26,64
122900100,368,233,135
122900101,585,316,269
122900102,51,68,-17
122900103,132,7,125
122900104,133,12,121
122900105,22,27,-5
122900106,6,99,-93
122900107,8,229,-221
122900108,5,179,-174
123000001,1779,495,1284
123000002,4536,5305,-769
123000003,4109,4255,-146
123000004,3546,4617,-1071
123000005,2844,3155,-311
123000006,2713,2967,-254
123000007,4696,3121,1575
123000008,3305,4037,-732
123000009,5090,3450,1640
123000010,4054,3931,123
123000011,2796,955,1841
123000012,1121,2478,-1357
123000013,3967,1026,2941
123000014,1202,3736,-2534
123000015,5110,1492,3618
123000016,5640,5328,312
123000017,3564,2058,1506
123000018,76,181,-105
123000019,294,316,-22
123000020,184,191,-7
123000021,99,273,-174
123000022,424,2090,-1666
123000023,1672,1815,-143
123000024,1575,800,775
123000025,245,207,38
123000026,313,55,258
123000027,397,655,-258
123000028,2235,502,1733
123000029,2045,1295,750
123000030,302,518,-216
123000031,265,333,-68
123000032,400,213,187
123000033,233,56,177
123000034,1365,1023,342
123000035,398,525,-127
123000036,383,974,-591
123000037,395,500,-105
123000038,138,228,-90
123000039,382,1488,-1106
123000040,1152,462,690
123000041,1498,1366,132
123000042,1467,797,670
123000043,3864,9538,-5674
123000044,5806,2838,2968
123000045,10015,3763,6252
123000046,1031,1821,-790
123000047,2956,1161,1795
123000048,113,795,-682
123000049,8224,10439,-2215
123000050,1475,1581,-106
123000051,136,273,-137
123000052,906,3600,-2694
123000053,2999,3693,-694
123000054,1581,1614,-33
123000055,1752,2296,-544
123000056,1584,2524,-940
123000057,16527,8883,7644
123000058,797,1271,-474
123000059,580,781,-201
123000060,1060,605,455
123000061,359,947,-588
123000063,971,1076,-105
123000064,1270,408,862
123000065,8937,3228,5709
123000066,987,720,267
123000067,946,790,156
123000068,3725,3390,335
123000069,7971,4225,3746
123000070,335,837,-502
123000071,1106,1073,33
123000072,1172,1384,-212
123000073,1237,840,397
123000074,1059,1533,-474
123000075,395,1213,-818
123000076,1397,869,528
123000077,2302,3243,-941
123000078,1664,1822,-158
123000079,1667,2252,-585
123000080,2931,2380,551
123000081,165,468,-303
123000082,430,1354,-924
123000083,1106,253,853
123000084,731,597,134
123000085,321,118,203
123000086,542,315,227
123000087,503,444,59
123000088,2328,1119,1209
123000089,558,1246,-688
123000090,1311,1142,169
123000091,1537,1399,138
123000092,1061,1234,-173
123000094,561,332,229
123000095,720,837,-117
123000096,719,468,251
123000097,545,911,-366
123000098,827,754,73
123000099,707,894,-187
123000100,662,902,-240
123000101,731,785,-54
123000102,804,807,-3
123000104,565,490,75
123000105,781,551,230
123000106,492,436,56
123000107,468,519,-51
123000108,836,1194,-358
123000111,1046,419,627
123000112,1254,727,527
123000113,631,1745,-1114
123000114,494,688,-194
123000115,372,365,7
123000116,49,144,-95
123000117,2792,2455,337
123000118,517,1124,-607
123000119,428,1019,-591
123000120,475,932,-457
123000121,560,584,-24
123000122,336,226,110
123000123,463,599,-136
123000124,564,451,113
123000125,1215,1143,72
123000126,1417,4411,-2994
123000127,1002,743,259
123000128,440,336,104
123000129,719,227,492
123000130,734,104,630
123000131,912,747,165
123000132,442,824,-382
123000133,388,461,-73
123000134,400,201,199
123000135,2616,1353,1263
123000136,292,969,-677
123000137,176,341,-165
123000138,120,515,-395
123000139,578,134,444
123000140,194,918,-724
123000141,953,158,795
123000142,1265,1422,-157
123000143,1509,2250,-741
123000144,135,55,80
123000145,373,136,237
123000146,53,84,-31
123000147,143,134,9
123000149,405,476,-71
123000150,223,322,-99
123000151,434,498,-64
123000152,323,514,-191
123000153,570,872,-302
123000154,2121,2418,-297
123000155,2799,1549,1250
123000156,44,164,-120
123000157,624,1088,-464
123000158,768,792,-24
123000159,3764,2977,787
123000160,1065,858,207
123000161,1855,1447,408
123000162,1085,1999,-914
123000163,537,114,423
123000164,1543,389,1154
123000165,640,1990,-1350
123000166,74,198,-124
123000167,201,340,-139
123000168,308,258,50
123000169,767,178,589
123000170,109,263,-154
123000171,658,36,622
123000172,475,692,-217
123000173,682,302,380
123000174,1130,426,704
123000175,1364,1519,-155
123000176,1220,327,893
123000177,793,1155,-362
123000178,889,185,704
123000179,60,804,-744
123000180,1820,405,1415
123000181,434,1706,-1272
123000182,338,651,-313
123000183,195,518,-323
123000184,318,726,-408
123000185,922,519,403
123000186,17,778,-761
123000187,672,10,662
123000188,208,2,206
123000189,202,282,-80
123000190,66,100,-34
123000192,17,636,-619
123000193,101,1208,-1107
123000194,565,520,45
123000195,346,58,288
123000196,322,39,283
123000197,70,153,-83
123000198,38,350,-312
123000199,17,798,-781
123000200,614,8,606
123000201,1048,28,1020
123000202,21,1544,-1523
123000203,1043,88,955
123000204,115,1501,-1386
123000205,665,2472,-1807
123000206,2376,278,2098
123000207,134,1226,-1092
123000208,583,225,358
123000209,2292,638,1654
123000210,638,2862,-2224
123000211,709,3189,-2480
123000212,3205,611,2594
123000213,869,97,772
123000215,120,340,-220
123000216,283,1761,-1478
123000217,210,60,150
123000218,114,880,-766
123000219,1375,98,1277
123000220,633,115,518
123000221,420,204,216
123000222,489,557,-68
123000223,373,525,-152
123000224,456,650,-194
123000225,433,88,345
123000226,100,426,-326
123000227,105,401,-296
123000228,281,95,186
123000229,1495,1966,-471
123000232,163,691,-528
123000233,853,302,551
123000234,212,722,-510
123000235,964,471,493
123000236,382,946,-564
123000237,328,78,250
123000238,111,564,-453
123000239,558,1794,-1236
123000240,83,493,-410
123000241,847,149,698
123000242,227,204,23
123000243,872,1129,-257
123000244,1111,865,246
123000245,79,188,-109
123000249,479,735,-256
123000252,881,273,608
123000253,1263,612,651
123000254,888,1491,-603
123000255,1551,1227,324
123000256,58,315,-257
123000257,3548,2514,1034
123000258,1685,1110,575
123000259,370,481,-111
123000260,461,548,-87
123000261,315,195,120
123000262,104,278,-174
123000263,448,132,316
123000264,227,128,99
123000265,97,191,-94
123000266,775,1009,-234
123000267,723,446,277
123000268,55,101,-46
123000269,92,78,14
123000270,27,76,-49
123000271,100,89,11
123000272,874,303,571
123000273,350,710,-360
123000274,1402,669,733
123000275,443,1018,-575
123000278,4750,3098,1652
123000279,108,114,-6
123000280,719,399,320
123000281,425,140,285
123000282,226,405,-179
123000283,199,70,129
123000284,53,114,-61
123000286,342,360,-18
123000287,696,334,362
123000288,1593,879,714
123000289,542,1207,-665
123000291,321,939,-618
123000294,200,238,-38
123000295,1109,1097,12
123000296,784,501,283
123000297,634,749,-115
123000298,749,649,100
123000299,63,225,-162
123000300,1041,917,124
123000301,129,270,-141
123000302,91,223,-132
123000303,172,175,-3
123000305,914,954,-40
123000306,164,231,-67
123000309,38,98,-60
123000310,59,40,19
123000311,0,130,-130
123000312,650,1151,-501
123000313,619,417,202
123000315,112,428,-316
123000316,1512,98,1414
123000317,201,130,71
123000318,78,277,-199
123000329,5,20,-15
123000337,934,371,563
123000338,694,51,643
123000339,245,350,-105
123000340,242,569,-327
123000342,315,34,281
123000343,58,17,41
123000344,1417,736,681
123000345,378,1033,-655
123000346,332,56,276
123000352,1798,870,928
123000353,59,134,-75
123000354,445,4,441
123000355,0,532,-532
123000356,339,32,307
123000357,6,204,-198
123000359,7,206,-199
123000360,282,112,170
123000361,399,389,10
123000362,462,117,345
123000363,151,248,-97
123000364,570,512,58
123000365,27,498,-471
123000366,520,2160,-1640
123000367,371,1315,-944
123000370,61,373,-312
123000371,1110,59,1051
123000372,457,52,405
123000373,19,489,-470
123000374,49,257,-208
123000375,500,51,449
123000376,1050,745,305
123000377,435,21,414
123000378,11,299,-288
123000379,9,311,-302
123000380,69,508,-439
123000381,196,77,119
123000382,1617,145,1472
123000383,283,1455,-1172
123000384,461,123,338
123000385,290,578,-288
123000436,60,1109,-1049
123000507,164,342,-178
123000508,223,1124,-901
123000517,368,38,330
123000518,31,212,-181
123000519,196,68,128
123000520,78,250,-172
123000521,404,100,304
123000522,151,428,-277
123000541,5,5,0
123000542,0,29,-29
123000565,721,66,655
123000566,225,848,-623
123000567,86,273,-187
123000573,71,991,-920
123000574,818,97,721
123000575,1518,1407,111
123000576,882,1731,-849
123000577,154,786,-632
123000578,702,106,596
123000579,3643,5579,-1936
123000580,139,51,88
123000582,544,45,499
123000583,59,445,-386
123000584,236,352,-116
123000585,0,127,-127
123000586,105,1,104
123000596,126,104,22
123000597,67,114,-47
123000602,34,5,29
123000603,748,726,22
123000604,568,947,-379
123000605,976,149,827
123000606,1,438,-437
123000609,26,419,-393
123000610,300,157,143
123000613,28,187,-159
123000614,228,72,156
123000615,69,140,-71
123000616,765,84,681
123000617,161,499,-338
123000618,94,725,-631
123000619,698,84,614
123000620,29,530,-501
123000622,460,29,431
123000624,192,33,159
123000630,1013,552,461
123000631,299,1586,-1287
123000632,865,1039,-174
123000633,0,213,-213
123000634,84,165,-81
123000635,151,105,46
123000636,50,745,-695
123000637,174,147,27
123000638,573,74,499
123000639,1338,4219,-2881
123000640,20,965,-945
123000648,360,91,269
123000649,41,542,-501
123900001,1458,75,1383
123900002,56,1442,-1386
123900003,561,532,29
123900005,246,169,77
123900006,285,45,240
124000001,2240,242,1998
124000002,124,1936,-1812
124000003,754,168,586
124000004,103,648,-545
124000005,1064,491,573
124000006,308,1434,-1126
124000007,541,119,422
124000008,21,590,-569
124000009,724,335,389
124000010,188,492,-304
124000011,1048,400,648
124000012,336,645,-309
124000017,200,225,-25
124000018,116,98,18
124000019,159,135,24
124000020,77,198,-121
124000021,138,129,9
124000022,110,240,-130
124000023,1695,1660,35
124000024,1149,558,591
124000025,1486,2089,-603
124000026,1208,1319,-111
124000027,5458,5669,-211
124000028,2418,4968,-2550
124000030,3709,1715,1994
124000031,1280,2909,-1629
124000032,3101,1116,1985
124000033,608,468,140
124000034,1245,821,424
124000035,277,253,24
124000036,140,470,-330
124000037,1023,1164,-141
124000038,77,172,-95
124000039,1412,478,934
124000040,782,1453,-671
124000041,576,110,466
124000042,194,571,-377
124000043,175,157,18
124000044,102,261,-159
124000045,795,750,45
124000046,384,885,-501
124000047,1557,1136,421
124000048,1299,1617,-318
124000049,1878,799,1079
124000050,1167,2091,-924
124000051,1068,633,435
124000052,892,1181,-289
124000053,581,1673,-1092
124000054,1074,690,384
124000055,1526,2752,-1226
124000056,2827,1821,1006
124000057,980,701,279
124000058,601,1482,-881
124000059,705,1291,-586
124000060,1395,842,553
124000061,1681,5356,-3675
124000062,5373,2269,3104
124000063,1600,2080,-480
124000064,2799,1684,1115
124000065,101,404,-303
124000066,182,89,93
124000067,252,240,12
124000068,71,156,-85
124000069,1006,304,702
124000070,385,616,-231
124000071,954,127,827
124000072,436,505,-69
124000073,1098,237,861
124000074,377,849,-472
124000075,331,49,282
124000076,37,266,-229
124000077,1891,1164,727
124000078,3626,1313,2313
124000079,498,1607,-1109
124000080,642,256,386
124000081,345,624,-279
124000082,50,165,-115
124000083,83,100,-17
124000084,76,479,-403
124000085,118,86,32
124000086,92,94,-2
124000087,381,80,301
124000088,393,540,-147
124000089,1072,461,611
124000090,173,454,-281
124000091,614,138,476
124000092,121,653,-532
124000093,151,149,2
124000094,267,644,-377
124000095,103,128,-25
124000096,182,383,-201
124000097,116,155,-39
124000098,50,130,-80
124000099,280,144,136
124000100,83,124,-41
124000101,105,140,-35
124000102,149,70,79
124000103,117,124,-7
124000104,108,57,51
124000105,85,114,-29
124000106,125,71,54
124000107,18,156,-138
124000108,98,36,62
124000109,122,113,9
124000110,270,141,129
124000111,239,154,85
124000112,732,821,-89
124000113,86,102,-16
124000114,315,526,-211
124000115,473,797,-324
124000116,151,167,-16
124000117,46,104,-58
124000118,45,93,-48
124000119,1145,622,523
124000120,654,550,104
124000121,1605,849,756
124000122,848,1567,-719
124000123,1083,556,527
124000124,528,1373,-845
124000125,482,568,-86
124000126,317,745,-428
124000127,969,502,467
124000128,642,1218,-576
124000129,2519,1818,701
124000130,1012,819,193
124000131,1005,686,319
124000132,1207,976,231
124000133,828,986,-158
124000134,1034,838,196
124000135,1929,2102,-173
124000136,1162,1267,-105
124000137,1752,906,846
124000138,2277,1418,859
124000139,755,23,732
124000140,64,624,-560
124000141,120,31,89
124000142,11,241,-230
124000143,73,31,42
124000144,22,77,-55
124000145,155,73,82
124000146,107,91,16
124000148,57,118,-61
124000149,1402,571,831
124000150,596,781,-185
124000151,1151,530,621
124000152,1003,1561,-558
124000153,919,863,56
124000154,669,914,-245
124000155,1693,1245,448
124000156,2251,1355,896
124000169,245,469,-224
124000170,696,580,116
124000171,304,240,64
124000172,484,728,-244
124000173,524,265,259
124000174,462,741,-279
124000175,19,160,-141
124000176,83,28,55
124000177,14,72,-58
124000178,51,65,-14
124000190,165,39,126
124000191,236,119,117
124000192,2648,430,2218
124000193,755,1030,-275
124000194,480,629,-149
124000195,286,712,-426
124000196,1484,1323,161
124000197,39,57,-18
124000198,44,48,-4
124000201,463,1036,-573
124000202,737,516,221
124000203,756,711,45
124000204,950,501,449
124000205,167,551,-384
124000206,893,450,443
124000207,2,48,-46
124000209,212,562,-350
124000210,435,286,149
124000211,575,3,572
124000212,1,501,-500
124000213,495,337,158
124000214,331,686,-355
124000215,492,28,464
124000216,5,457,-452
124000329,246,1794,-1548
124000338,271,985,-714
124000339,1132,291,841
124000341,1360,256,1104
124000344,141,89,52
124000357,984,2227,-1243
124000358,909,1423,-514
124000359,1036,717,319
124000360,792,506,286
124000361,1904,836,1068
124000362,1380,2003,-623
124000363,299,405,-106
124000364,693,915,-222
124000365,775,1233,-458
124000366,1876,1011,865
124000367,150,550,-400
124000368,663,498,165
124000369,160,151,9
124000370,95,760,-665
124000402,60,18,42
124000403,213,47,166
124000404,17,150,-133
124000405,1331,1067,264
124000406,1042,1002,40
124000407,4,51,-47
124000411,10,462,-452
124000412,440,11,429
124000413,337,41,296
124000414,45,166,-121
124000415,77,135,-58
124000416,211,274,-63
124000417,161,111,50
124000418,142,142,0
124000419,78,150,-72
124000420,104,98,6
124000421,54,191,-137
124000422,36,18,18
124000423,138,37,101
124000424,7,117,-110
124000425,34,30,4
124000426,7,61,-54
124000427,56,15,41
124000428,31,50,-19
124000429,60,81,-21
124000430,790,638,152
124000431,356,650,-294
124000432,261,857,-596
124000439,7,10,-3
124000443,0,2,-2
124000445,511,1053,-542
124000446,1700,129,1571
124900001,574,441,133
124900002,204,368,-164
124900003,1102,734,368
124900004,688,442,246
124900005,275,241,34
124900006,746,476,270
124900008,1608,770,838
124900009,247,427,-180
124900010,266,194,72
124900011,654,343,311
124900012,448,180,268
124900013,612,122,490
124900014,542,72,470
124900015,177,413,-236
124900016,97,96,1
124900017,678,1403,-725
124900018,73,27,46
124900020,138,77,61
124900021,373,64,309
124900022,140,6,134
124900024,260,38,222
124900026,176,30,146
124900027,140,499,-359
124900028,616,136,480
124900029,9,576,-567
124900030,4,139,-135
124900031,38,341,-303
124900032,216,299,-83
124900033,247,423,-176
124900034,19,98,-79
124900035,196,569,-373
124900036,2,61,-59
124900037,252,368,-116
124900038,385,448,-63
124900039,1,81,-80
124900040,131,97,34
124900041,286,1233,-947
124900042,138,5,133
124900043,553,1139,-586
124900044,89,2,87
124900045,1075,1409,-334
124900046,1288,345,943
124900047,200,280,-80
124900048,260,99,161
124900050,162,280,-118
124900052,149,518,-369
124900053,223,475,-252
124900054,1999,538,1461
124900055,4,268,-264
124900057,13,83,-70
124900060,155,269,-114
124900061,82,6,76
124900062,228,48,180
124900066,0,21,-21
124900067,11,207,-196
124900068,279,600,-321
124900070,111,30,81
124900072,149,34,115
124900075,230,298,-68
124900076,30,1203,-1173
124900077,36,148,-112
124900078,112,16,96
124900079,708,202,506
124900080,300,671,-371
124900081,987,350,637
124900082,463,1002,-539
124900083,248,576,-328
124900084,1782,131,1651
124900085,1324,551,773
124900086,155,1466,-1311
124900087,747,165,582
124900088,837,176,661
124900089,1455,55,1400
124900090,302,347,-45
124900091,360,520,-160
124900092,261,292,-31
124900093,310,260,50
124900094,371,371,0
124900095,120,465,-345
124900096,679,301,378
124900097,345,103,242
124900098,175,416,-241
124900099,825,530,295
124900100,444,103,341
124900101,101,625,-524
124900102,255,41,214
124900103,185,279,-94
124900104,81,205,-124
124900105,105,213,-108
124900106,397,76,321
124900107,159,20,139
124900108,184,89,95
124900111,1,107,-106
124900112,66,745,-679
124900113,137,326,-189
124900114,240,179,61
124900115,136,51,85
124900116,253,198,55
124900117,673,221,452
124900118,280,261,19
124900119,411,232,179
124900120,60,461,-401
124900121,149,419,-270
124900122,432,320,112
124900123,377,187,190
124900124,184,390,-206
204000001,77,14,63
204000002,16,8,8
204000003,29,7,22
204000004,1,0,1
204000005,712,481,231
204000006,1439,1099,340
204000011,12,38,-26
204000012,82,111,-29
204000019,629,493,136
204000020,871,699,172
204000021,2399,887,1512
204000022,711,493,218
204000023,600,931,-331
204000031,146,24,122
204000032,660,31,629
204000034,21,234,-213
204000035,0,5,-5
204000036,10,37,-27
204000037,3,24,-21
204000038,1,11,-10
204000039,32,34,-2
204000040,7,25,-18
204000041,6,38,-32
204000042,55,17,38
204000043,43,6,37
204000044,30,5,25
204000045,54,4,50
204000046,25,1,24
204000057,2,21,-19
204000062,20,55,-35
204000068,23,261,-238
204000069,43,352,-309
204000070,197,92,105
204000080,146,74,72
204000085,2254,2261,-7
204000086,2639,2284,355
204000087,32,18,14
204000088,12,114,-102
204000090,36,355,-319
204000093,358,73,285
204000096,843,1095,-252
204000097,568,12,556
204000099,1193,1467,-274
204000100,1514,2163,-649
204000105,2133,1635,498
204000110,1256,1614,-358
204000111,464,850,-386
204000112,2202,795,1407
204000113,530,944,-414
204000114,994,898,96
204000115,754,442,312
204000116,3614,714,2900
204000119,2134,2748,-614
204000132,721,554,167
204000133,944,349,595
204000134,764,159,605
204000135,987,100,887
204000136,824,236,588
204000138,396,1080,-684
204000140,232,171,61
204000141,206,65,141
204000144,15,22,-7
204000145,577,50,527
204000146,31,425,-394
204000147,24,210,-186
204000148,333,21,312
204000154,9,9,0
204000155,3,4,-1
204000177,77,57,20
204000179,29,21,8
204000180,0,32,-32
204000222,2,14,-12
204000235,34,19,15
204000236,78,326,-248
204000238,25,35,-10
204000240,423,131,292
204000263,630,1180,-550
204000268,1203,713,490
204000308,214,32,182
204000317,11,93,-82
204000322,7,43,-36
204000323,15,16,-1
204000328,215,54,161
204000329,69,170,-101
204000330,198,13,185
204000331,22,84,-62
204010341,19,162,-143
205000001,946,2059,-1113
205000013,2,85,-83
205000014,23,92,-69
205000015,33,158,-125
205000016,76,154,-78
205000017,17,105,-88
205000022,271,956,-685
205000025,1121,1305,-184
205000029,223,3,220
205000045,173,365,-192
205000046,175,478,-303
205000047,116,553,-437
205000048,336,947,-611
205000049,193,810,-617
205000050,819,330,489
205000059,1,280,-279
205000060,0,92,-92
205000061,2,51,-49
205000062,6,72,-66
205000063,19,77,-58
205000064,14,123,-109
205000065,54,487,-433
205000066,132,629,-497
205000067,23,753,-730
205000069,169,22,147
205000082,190,170,20
205000110,66,270,-204
205000111,218,244,-26
205000112,202,269,-67
205000113,187,396,-209
205000121,272,54,218
205000123,52,212,-160
205000126,463,72,391
205000127,680,173,507
205000128,462,59,403
205000129,517,109,408
205000130,253,49,204
205000131,209,6,203
205000132,268,2,266
205000133,181,0,181
205000134,277,0,277
205000137,69,141,-72
205000138,168,333,-165
205000139,31,141,-110
205000144,120,101,19
205000145,475,194,281
205000151,211,30,181
205000152,275,31,244
205000153,236,30,206
205000154,139,42,97
205000155,129,15,114
205000207,7,181,-174
205000233,31,3,28
205000234,0,1,-1
205000243,0,1,-1
205000244,0,4,-4
205000245,17,222,-205
205000249,0,40,-40
205000250,7,0,7
205000264,4,82,-78
206000027,12,7,5
206000028,1,4,-3
206000043,11,65,-54
206000053,2,12,-10
206000054,6,19,-13
206000055,6,27,-21
206000075,5,18,-13
206000076,23,13,10
206000077,22,9,13
206000078,31,11,20
206000079,21,8,13
206000082,401,43,358
206000100,42,556,-514
206000103,3,24,-21
206000104,15,31,-16
206000105,6,16,-10
206000106,6,24,-18
206000108,683,42,641
206000125,50,0,50
206000157,52,622,-570
206000170,0,201,-201
206000171,4,180,-176
206000172,8,470,-462
206000173,1,265,-264
206000174,8,63,-55
206000175,5,144,-139
206000176,14,221,-207
206000177,0,166,-166
206000178,2,182,-180
206000179,10,94,-84
206000180,8,163,-155
206000181,12,142,-130
206000182,14,145,-131
206000183,12,514,-502
206000184,8,369,-361
206000185,4,209,-205
206000186,96,1245,-1149
206000223,7,246,-239
206000226,26,3,23
206000227,25,10,15
206000237,27,419,-392
206000238,37,537,-500
206000239,269,1965,-1696
206000240,1,62,-61
206000241,0,89,-89
206000242,4,269,-265
206000243,5,198,-193
206000244,70,635,-565
206000245,677,63,614
206000246,214,10,204
206000247,205,41,164
206000248,346,9,337
206000252,112,37,75
206000258,38,62,-24
206000315,30,1,29
206000317,532,97,435
206000318,447,55,392
206000319,1289,113,1176
206000320,184,26,158
206000321,193,10,183
206000322,362,24,338
206000323,166,9,157
206000324,133,7,126
206000325,237,19,218
206000326,208,21,187
206000327,382,6,376
206000328,145,4,141
206000329,234,5,229
206000330,78,5,73
206000331,172,10,162
206000332,59,1,58
206000333,599,9,590
206000334,218,4,214
206000335,0,22,-22
206000361,6,199,-193
206000392,9,29,-20
206000405,135,0,135
206000441,37,21,16
206000498,72,14,58
206000515,122,29,93
206000530,214,47,167
206000531,206,220,-14
206000532,1604,243,1361
206000535,309,1986,-1677
206000536,10,200,-190
206000537,14,172,-158
206000613,1365,196,1169
207000001,206,696,-490
207000002,136,358,-222
207000003,176,217,-41
207000007,892,287,605
207000008,101,8,93
207000009,45,48,-3
207000010,420,449,-29
207000012,318,282,36
207000015,273,1476,-1203
207000019,268,76,192
207000021,822,186,636
207000022,166,128,38
207000023,225,43,182
207000024,4,18,-14
207000025,18,80,-62
207000026,111,61,50
207000027,16,91,-75
207000028,81,243,-162
207000029,272,494,-222
207000033,183,439,-256
207000034,401,135,266
207000039,370,203,167
207000040,346,118,228
207000041,210,62,148
207000042,260,76,184
207000043,301,182,119
207000051,105,279,-174
207000052,168,174,-6
207000053,469,655,-186
207000054,61,130,-69
207000055,184,127,57
207000056,482,334,148
207000057,193,312,-119
207000058,142,324,-182
207000059,137,557,-420
207000060,63,221,-158
207000061,289,583,-294
207000062,293,44,249
207000063,312,141,171
207000064,565,221,344
207000065,531,253,278
207000066,205,174,31
207000067,89,114,-25
207000068,126,67,59
207000069,836,423,413
207000082,8,218,-210
207000083,143,290,-147
207000084,197,244,-47
207000085,219,26,193
207000086,154,1,153
207000106,28,36,-8
207000107,87,15,72
207000108,61,18,43
207000109,62,18,44
207000110,74,128,-54
207000111,80,78,2
207000112,159,577,-418
207000114,34,71,-37
207000115,26,111,-85
207000116,30,420,-390
207000117,11,134,-123
207000118,8,95,-87
207000119,56,98,-42
207000123,222,29,193
207000124,93,47,46
207000125,75,57,18
207000126,59,62,-3
207000134,92,127,-35
207000135,26,190,-164
207000148,62,298,-236
207000149,101,52,49
207000152,183,433,-250
207000153,1264,1457,-193
207000154,411,165,246
207000159,106,214,-108
207000160,216,427,-211
207000238,0,233,-233
207000242,1,234,-233
207000248,60,42,18
207000249,196,42,154
207000250,747,74,673
207000251,101,102,-1
207000252,166,65,101
207000278,91,66,25
207000279,18,178,-160
207000280,524,56,468
207000281,103,984,-881
207000282,180,82,98
207000283,193,254,-61
207000284,82,186,-104
207000285,142,68,74
207000291,22,125,-103
207000304,172,54,118
207000306,76,385,-309
207000310,92,79,13
207000353,352,5,347
207000356,24,29,-5
207000357,41,21,20
207000358,22,21,1
207000415,1,282,-281
207000417,35,5,30
207000418,202,161,41
207000438,0,1,-1
207000439,1156,741,415
207000446,135,3,132
207000460,40,5,35
207000466,290,176,114
207000467,188,112,76
207000468,45,391,-346
207000476,12,72,-60
207000477,645,94,551
207000478,10,58,-48
207000523,0,23,-23
207000524,38,1,37
207000527,117,188,-71
207000530,520,12,508
207000531,293,10,283
207000532,210,47,163
207000534,524,82,442
207000535,41,416,-375
207000537,385,171,214
207000540,15,278,-263
207000541,0,427,-427
207000548,16,337,-321
207000549,403,23,380
207000561,157,196,-39
207000562,45,242,-197
207000567,210,265,-55
207000568,201,124,77
207000569,439,995,-556
207000584,443,212,231
207000585,77,360,-283
207000616,0,156,-156
207000617,202,1,201
207900008,238,114,124
208000001,792,1063,-271
208000002,881,523,358
208000003,1316,508,808
208000004,1436,712,724
208000005,11,18,-7
208000019,642,1241,-599
208000020,144,513,-369
208000021,230,471,-241
208000022,1127,626,501
208000028,1792,969,823
208000033,626,1228,-602
208000034,1167,1729,-562
208000037,313,17,296
208000040,158,234,-76
208000041,943,705,238
208000042,1477,833,644
208000047,154,260,-106
208000064,2848,1570,1278
208000066,2302,2475,-173
208000070,367,420,-53
208000071,393,967,-574
208000072,388,1378,-990
208000080,334,354,-20
208000081,414,167,247
208000082,327,315,12
208000083,116,417,-301
208000084,12,25,-13
208000085,932,741,191
208000086,562,1145,-583
208000087,427,894,-467
208000089,1008,406,602
208000090,904,788,116
208000093,163,171,-8
208000094,1926,532,1394
208000095,666,438,228
208000104,1045,1083,-38
208000105,1025,1115,-90
208000114,112,305,-193
208000115,491,394,97
208000116,600,1217,-617
208000117,154,180,-26
208000118,107,145,-38
208000155,1041,1207,-166
208000158,1334,3522,-2188
208000186,4154,4050,104
208000204,733,1002,-269
208000205,1252,1043,209
208000282,7027,3179,3848
209000004,767,189,578
209000005,50,45,5
209000006,538,173,365
209000007,299,255,44
209000010,435,159,276
209000011,232,327,-95
209000012,190,200,-10
209000013,713,402,311
209000014,704,1270,-566
209000025,334,53,281
209000026,630,183,447
209000027,557,999,-442
209000028,584,779,-195
209000029,647,777,-130
209000030,654,1638,-984
209000031,3014,2410,604
209000034,212,241,-29
209000035,154,128,26
209000036,192,117,75
209000037,300,246,54
209000038,130,191,-61
209000039,67,156,-89
209000040,261,595,-334
209000041,188,527,-339
209000042,223,391,-168
209000043,746,904,-158
209000044,185,832,-647
209000045,1493,811,682
209000046,663,1180,-517
209000047,465,328,137
209000048,589,406,183
209000049,99,168,-69
209000050,226,191,35
209000051,356,430,-74
209000052,214,374,-160
209000062,43,116,-73
209000063,72,94,-22
209000064,65,130,-65
209000065,105,49,56
209000066,86,49,37
209000067,92,51,41
209000080,29,276,-247
209000082,90,41,49
209000091,26,124,-98
209000093,56,18,38
209000094,206,215,-9
209000110,59,117,-58
209000111,541,1456,-915
209000112,839,1413,-574
209000113,1413,1162,251
209000114,645,615,30
209000115,91,156,-65
209000116,734,490,244
209000118,21,32,-11
209000119,32,21,11
209000121,157,600,-443
209000135,139,235,-96
209000142,987,1294,-307
209000143,86,87,-1
209000144,54,119,-65
209000229,288,327,-39
209000240,29,391,-362
209000259,105,141,-36
209000260,42,1021,-979
209000261,2,527,-525
209000262,3,470,-467
209000263,2,157,-155
209000264,1,124,-123
209000265,1313,14,1299
209000266,636,8,628
209000267,926,14,912
209000268,681,70,611
210000037,58,40,18
210000047,86,37,49
210000048,127,33,94
210000049,64,14,50
210000052,51,78,-27
210000053,34,62,-28
210000054,44,71,-27
210000070,171,7,164
210000071,126,2,124
210000072,40,0,40
210000073,0,26,-26
210000074,1,118,-117
210000075,3,91,-88
210000076,14,141,-127
210000077,10,46,-36
210000078,27,36,-9
210000079,36,13,23
210000080,136,48,88
210000081,248,31,217
210000082,195,3,192
210000083,94,2,92
210000084,35,0,35
210000085,0,84,-84
210000086,2,119,-117
210000099,42,254,-212
210000100,43,199,-156
210000101,116,172,-56
210000105,33,157,-124
210000159,2,139,-137
210000163,173,222,-49
210000164,294,175,119
210000168,198,29,169
210000187,0,14,-14
210000188,0,19,-19
210000214,95,0,95
210000219,24,35,-11
210000220,70,50,20
210000232,1,29,-28
210000233,30,48,-18
210000234,25,105,-80
210000235,61,87,-26
210000245,2,35,-33
210000246,62,2,60
210000258,20,124,-104
210000259,324,101,223
210000282,118,215,-97
210000285,0,132,-132
210000286,15,171,-156
210000290,3,18,-15
210000295,49,108,-59
210000296,45,38,7
210000320,147,60,87
210000321,173,67,106
210000338,67,69,-2
210000339,374,1071,-697
210000340,112,372,-260
210000341,201,259,-58
210000342,245,193,52
210000343,161,170,-9
210000344,230,112,118
210000345,194,188,6
210000346,51,108,-57
210000347,75,29,46
210000348,111,24,87
210000349,77,19,58
210000350,132,86,46
210000351,151,150,1
210000352,87,84,3
210000353,48,108,-60
210000354,58,100,-42
210000355,80,85,-5
210000356,50,68,-18
210000357,42,28,14
210000358,259,109,150
210000359,102,87,15
210000360,155,138,17
210000361,181,146,35
210000362,263,221,42
210000363,905,232,673
210000364,173,150,23
210000365,167,91,76
210000366,132,46,86
210000367,94,41,53
210000368,160,49,111
210000369,17,22,-5
210000370,53,48,5
210000372,23,31,-8
210000373,36,23,13
210000374,89,15,74
210000375,53,59,-6
210000376,87,96,-9
210000404,74,112,-38
210000439,28,59,-31
210000472,110,4,106
210000482,40,79,-39
210000564,399,277,122
210000567,0,34,-34
210000568,372,3,369
211000092,88,93,-5
211000094,35,15,20
211000169,245,29,216
211000172,22,300,-278
211000209,3,21,-18
211000226,14,45,-31
211000270,26,26,0
211000275,40,26,14
211000276,86,28,58
211000279,30,42,-12
211000281,77,62,15
211507980,4,49,-45
211977296,50,10,40
212000003,123,56,67
212000004,53,30,23
212000005,15,22,-7
212000006,15,42,-27
212000008,167,207,-40
212000009,8,118,-110
212000012,101,86,15
212000013,36,59,-23
212000014,232,200,32
212000015,305,260,45
212000016,475,566,-91
212000027,545,468,77
212000028,359,450,-91
212000029,270,326,-56
212000030,84,19,65
212000031,78,68,10
212000048,47,150,-103
212000049,13,115,-102
212000050,36,9,27
212000051,180,209,-29
212000052,149,333,-184
212000053,441,722,-281
212000054,219,126,93
212000055,221,221,0
212000056,20,33,-13
212000057,13,35,-22
212000058,233,33,200
212000070,130,262,-132
212000077,147,734,-587
212000099,307,260,47
212000108,158,222,-64
212000111,179,132,47
212000120,91,83,8
212000138,163,26,137
212000156,20,156,-136
212000158,5,18,-13
212000159,425,39,386
212000160,617,244,373
212000161,59,5,54
212000310,36,13,23
212000311,18,72,-54
212000374,26,13,13
213000001,33,456,-423
213000005,427,125,302
213000006,1189,349,840
213000007,159,10,149
213000009,870,508,362
213000010,201,354,-153
213000011,210,146,64
213000012,156,434,-278
213000014,80,8,72
213000015,250,10,240
213000016,526,3,523
213000017,129,1,128
213000018,4,221,-217
213000019,1,184,-183
213000020,87,461,-374
213000021,5,133,-128
213000023,437,193,244
213000033,359,1816,-1457
213000034,996,406,590
213000035,109,289,-180
213000045,215,270,-55
213000046,291,200,91
213000047,728,1363,-635
213000056,347,55,292
213000069,114,8,106
213000073,6,51,-45
213000074,78,346,-268
213000075,577,16,561
213000076,38,1,37
213000085,6,51,-45
213000086,19,213,-194
213000091,190,15,175
213000092,94,25,69
213000099,182,1149,-967
213000100,1285,280,1005
213000101,433,156,277
213000102,511,352,159
213000103,967,974,-7
213000104,83,415,-332
213000105,1,167,-166
213000106,80,152,-72
213000107,180,713,-533
213000108,59,597,-538
213000109,26,333,-307
213000110,15,118,-103
213000111,22,63,-41
213000112,254,127,127
213000115,73,19,54
213000116,58,451,-393
213000117,13,830,-817
213000118,402,267,135
213000119,65,751,-686
213000120,143,617,-474
213000122,196,703,-507
213000123,534,1664,-1130
213000124,153,1720,-1567
213000125,109,20,89
213000126,81,221,-140
213000127,156,302,-146
213000128,599,1211,-612
213000129,361,710,-349
213000130,524,301,223
213000132,314,106,208
213000133,590,131,459
213000134,803,20,783
213000136,683,30,653
213000137,671,80,591
213000139,318,23,295
213000147,87,6,81
213000148,18,7,11
213000149,48,5,43
213000150,0,135,-135
213000151,10,121,-111
213000152,1,102,-101
213000153,2,93,-91
213000154,77,301,-224
213000155,72,288,-216
213000156,164,669,-505
213000157,717,485,232
213000158,356,1043,-687
213000159,675,705,-30
213000163,869,151,718
213000165,914,276,638
213000171,0,153,-153
213000172,2,388,-386
213000173,4,290,-286
213000174,7,183,-176
213000175,16,99,-83
213000176,19,22,-3
213000177,70,5,65
213000178,150,9,141
213000179,224,3,221
213000180,154,1,153
213000184,175,511,-336
213000188,388,115,273
213000189,396,61,335
213000190,974,1119,-145
213000191,323,566,-243
213000192,318,525,-207
213000193,1019,318,701
213000194,1,81,-80
213000195,24,511,-487
213000196,316,1414,-1098
213000197,443,634,-191
213000198,89,1,88
213000200,175,1119,-944
213000201,112,38,74
213000202,10,587,-577
213000203,3859,886,2973
213000204,715,121,594
213000205,363,105,258
213000206,729,87,642
213000207,189,20,169
213000208,83,1,82
213000209,196,3,193
213000210,476,2,474
213000211,15,27,-12
213000212,11,26,-15
213000213,18,76,-58
213000218,272,693,-421
213000219,501,33,468
213000220,471,17,454
213000223,229,330,-101
213000224,56,63,-7
213000225,153,11,142
213000226,81,12,69
213000227,872,205,667
213000228,540,101,439
213000229,480,25,455
213000230,367,15,352
213000232,119,906,-787
213000233,14,306,-292
213000234,6,45,-39
213000293,27,88,-61
213000294,206,37,169
213000295,17,91,-74
213000296,61,29,32
213000297,9,112,-103
213000298,67,115,-48
213000299,63,37,26
213000300,57,12,45
213000303,14,47,-33
213000304,9,7,2
213000305,14,15,-1
213000306,81,41,40
213000307,198,73,125
213000308,208,215,-7
213000309,155,64,91
213000310,698,189,509
213000311,415,795,-380
213000315,93,132,-39
213000316,134,75,59
213000322,110,155,-45
213000323,95,76,19
213000324,63,40,23
213000325,59,97,-38
213000326,29,24,5
213000327,48,59,-11
213000328,38,169,-131
213000329,168,45,123
213000340,182,676,-494
213000341,517,109,408
213000346,327,250,77
213000347,874,443,431
213000348,25,116,-91
213000349,44,21,23
213000350,350,1259,-909
213000366,83,372,-289
213000367,228,26,202
213000379,242,70,172
213000386,34,346,-312
213000406,114,445,-331
213000417,1263,572,691
213000425,188,48,140
213000426,158,61,97
213000427,58,270,-212
213000428,72,233,-161
213000429,53,4,49
213000430,157,975,-818
213000431,230,2,228
213000432,8,81,-73
213000433,13,168,-155
213000434,78,130,-52
213000435,116,73,43
213000436,28,80,-52
213000437,0,21,-21
213000438,235,84,151
213000439,38,18,20
213000440,7,339,-332
213000441,1,0,1
213000442,3,42,-39
213000443,656,425,231
213000444,35,43,-8
213000445,0,110,-110
213000446,2,171,-169
213000447,4,34,-30
213000448,15,118,-103
213000449,352,13,339
213000450,21,55,-34
213000451,311,105,206
213000452,34,16,18
213000453,48,300,-252
213000455,640,2,638
213000456,1,420,-419
213000481,14,8,6
213000482,71,3,68
213000489,503,73,430
213000491,0,170,-170
213000492,295,26,269
213000493,1,93,-92
213000494,224,170,54
213000495,0,104,-104
213000496,449,220,229
213000497,73,331,-258
213000498,135,247,-112
213000499,236,643,-407
213000500,464,99,365
213000501,103,42,61
213000502,235,159,76
213000503,1,100,-99
213000504,7,152,-145
213000505,11,6,5
213000506,0,12,-12
213000507,1,144,-143
213900016,0,11,-11
213900244,48,0,48
213900245,0,30,-30
218000003,35,30,5
218000004,67,47,20
218000005,312,56,256
218000006,53,34,19
218000007,23,8,15
218000012,215,195,20
218000013,156,165,-9
218000014,474,433,41
218000019,972,828,144
218000020,269,490,-221
218000021,35,67,-32
218000022,8,12,-4
218000023,3,22,-19
218000024,8,16,-8
218000025,6,17,-11
218000026,6,24,-18
218000027,1,10,-9
218000028,6,2,4
218000029,17,8,9
218000030,16,24,-8
218000031,7,30,-23
218000032,1,15,-14
218000040,4,2,2
218000046,51,92,-41
218000047,40,79,-39
218000048,72,84,-12
218000049,93,100,-7
218000050,325,195,130
218000051,76,211,-135
218000052,2,89,-87
218000053,3,20,-17
218000054,12,37,-25
218000055,10,20,-10
218000056,9,27,-18
218000057,0,20,-20
218000064,1,24,-23
218000065,79,89,-10
218000066,14,58,-44
218000067,58,109,-51
218000068,159,122,37
218000069,278,163,115
218000070,258,289,-31
218000071,212,225,-13
218000072,432,289,143
218000078,942,1055,-113
218000079,84,97,-13
218000080,121,83,38
218000081,451,228,223
218000082,57,135,-78
218000083,114,73,41
218000084,140,166,-26
218000085,204,423,-219
218000086,74,182,-108
218000087,217,263,-46
218000090,28,128,-100
218000091,978,614,364
218000092,79,191,-112
218000093,84,70,14
218000094,496,647,-151
218000099,366,696,-330
218000100,261,355,-94
218000101,298,158,140
218000102,371,253,118
218000103,87,215,-128
218000104,108,45,63
218000105,18,34,-16
218000106,21,16,5
218000107,45,72,-27
218000108,3,40,-37
218000112,74,41,33
218000117,136,40,96
218000134,618,825,-207
218000135,38,115,-77
218000136,248,118,130
218000137,362,171,191
218000138,37,115,-78
218000139,257,347,-90
218000140,614,347,267
218000141,107,79,28
218000142,280,206,74
218000143,123,298,-175
218000144,64,110,-46
218000145,413,432,-19
218000146,91,255,-164
218000151,16,31,-15
218000152,107,52,55
218000153,6,4,2
218000154,24,1,23
218000155,15,4,11
218000156,64,14,50
218000157,31,16,15
218000158,10,4,6
218000159,4,5,-1
218000160,7,2,5
218000161,16,6,10
218000162,28,5,23
218000163,11,1,10
218000164,51,6,45
218000165,49,19,30
218000170,2,37,-35
218000171,32,23,9
218000172,13,9,4
218000173,74,8,66
218000174,21,5,16
218000176,115,35,80
218000177,269,185,84
218000178,89,201,-112
218000179,59,67,-8
218000180,67,30,37
218000181,142,66,76
218000187,10,26,-16
218000188,28,40,-12
218000189,22,59,-37
218000190,12,26,-14
218000191,141,70,71
218000192,158,271,-113
218000193,358,448,-90
218000194,104,387,-283
218000195,134,82,52
218000196,334,340,-6
218000197,355,455,-100
218000198,24,169,-145
218000199,62,53,9
218000200,89,32,57
218000201,11,21,-10
218000202,87,269,-182
218000207,5,80,-75
218000208,42,48,-6
218000211,102,23,79
218000212,1,7,-6
218000213,90,65,25
218000214,0,18,-18
218000215,31,42,-11
218000217,10,79,-69
218000218,239,76,163
218000219,48,27,21
218000220,128,417,-289
218000221,631,185,446
218000222,14,34,-20
218000223,34,295,-261
218000224,11,172,-161
218000225,108,33,75
218000226,104,50,54
218000230,1,9,-8
218000232,50,78,-28
218000239,204,15,189
218000240,65,2,63
218000241,91,5,86
218000242,199,6,193
218000243,293,2,291
218000244,91,5,86
218000245,417,3,414
218000246,3,0,3
218000247,5,0,5
218000248,0,10,-10
218000249,0,4,-4
218000250,5,14,-9
218000251,2,18,-16
218000252,3,47,-44
218000253,4,14,-10
218000254,2,8,-6
218000255,0,7,-7
218000256,17,56,-39
218000267,656,1140,-484
218000268,6,76,-70
218000269,3,13,-10
218000270,68,52,16
218000271,32,61,-29
218000273,19,5,14
218000274,14,13,1
218000275,21,58,-37
218000276,9,56,-47
218000278,18,38,-20
218000279,85,79,6
218000280,11,41,-30
218000281,17,12,5
218000282,565,477,88
218000284,74,10,64
218000301,94,105,-11
218000302,130,90,40
218000303,55,70,-15
218000316,890,1287,-397
218000317,1152,1314,-162
218000318,687,981,-294
218000319,1063,1349,-286
218000320,889,810,79
218000338,78,45,33
218000345,102,73,29
218000346,38,169,-131
218000459,34,222,-188
218000490,26,43,-17
218000501,122,160,-38
218000502,31,95,-64
218000503,101,39,62
218000504,168,38,130
218000505,60,142,-82
218000506,38,294,-256
218000508,21,4,17
218000510,133,12,121
218000520,148,102,46
218000521,10,49,-39
218000522,1,136,-135
218000523,123,1,122
218000524,78,133,-55
218000525,137,20,117
218000526,36,136,-100
218000529,54,192,-138
218000530,20,3,17
218000531,24,27,-3
218000532,40,23,17
218000534,98,24,74
218000537,17,48,-31
218000538,279,233,46
218000540,747,82,665
218000543,155,62,93
218000544,56,102,-46
218000545,48,63,-15
218000546,41,80,-39
218000547,86,148,-62
218000548,212,168,44
218000549,463,416,47
218000550,243,325,-82
218000551,159,946,-787
218000552,528,65,463
218000553,46,107,-61
218000554,55,38,17
218000555,58,59,-1
218000556,169,178,-9
218000557,232,178,54
218000558,80,0,80
218000559,0,45,-45
218000560,0,35,-35
218000561,35,0,35
218000562,39,199,-160
218000563,260,26,234
218000564,17,138,-121
218000565,246,33,213
218000566,561,25,536
218000567,3,110,-107
218000568,43,2,41
218000569,19,107,-88
218000570,139,6,133
218000571,14,141,-127
218000572,175,3,172
218000573,15,130,-115
218000574,150,60,90
218000575,123,1,122
218000576,0,89,-89
218000577,108,0,108
218000578,0,96,-96
218000579,198,33,165
218000581,3,85,-82
218000582,66,3,63
218000583,20,0,20
218000584,0,25,-25
218000585,33,9,24
218000586,10,52,-42
218000587,4,5,-1
218000588,6,7,-1
218000589,1,4,-3
218000590,22,2,20
218000591,7,7,0
218000592,35,1,34
218000593,0,2,-2
218000594,0,0,0
218000595,0,1,-1
218000596,0,0,0
218000597,0,0,0
218000598,0,0,0
218000599,0,0,0
218000600,1,1,0
218000601,0,0,0
218000602,0,4,-4
218000603,0,6,-6
218000604,11,0,11
218000605,0,53,-53
218000606,63,0,63
218000607,14,51,-37
218000608,48,24,24
218000609,7,57,-50
218000610,63,5,58
218000611,50,4,46
218000612,4,31,-27
218000613,35,1,34
218000614,0,47,-47
218000615,206,5,201
218000616,5,185,-180
218000617,34,3,31
218000618,0,12,-12
218000619,117,31,86
218000620,24,27,-3
218000621,0,3,-3
218000622,1,18,-17
218000623,92,2,90
218000624,3,16,-13
218000625,34,0,34
218000626,0,5,-5
218000628,125,34,91
218000631,56,26,30
218000632,0,94,-94
218000633,126,0,126
218000634,7,23,-16
218000635,26,19,7
218000636,934,1410,-476
218000637,1068,625,443
218000638,175,52,123
218000639,26,243,-217
218000640,322,29,293
218000641,84,349,-265
218000652,62,63,-1
218000653,123,37,86
218000663,9,188,-179
218000675,134,56,78
218000676,2,15,-13
218000677,6,3,3
218000680,247,432,-185
218000681,358,144,214
218000691,224,268,-44
218000693,236,211,25
218000703,9,24,-15
218000718,690,1294,-604
218000719,1363,729,634
218000720,32,174,-142
218000721,274,21,253
218000725,19,16,3
218001147,0,50,-50
218001214,26,74,-48
218001258,132,4,128
218001329,147,178,-31
218001330,90,76,14
218001351,31,15,16
218001352,12,11,1
218001353,28,14,14
218001354,6,21,-15
218001355,4,152,-148
218001356,315,14,301
218001357,1,75,-74
218001358,280,12,268
218001361,235,29,206
218001362,0,61,-61
219000001,56,39,17
219000002,60,48,12
219000003,44,33,11
219000004,42,41,1
219000017,109,36,73
219000020,138,238,-100
219000022,127,33,94
219000023,429,2,427
219000029,0,102,-102
219000034,30,31,-1
219000039,108,124,-16
219000040,107,78,29
219000041,135,30,105
219000051,1,51,-50
219000052,0,42,-42
219000053,2,178,-176
219000054,47,96,-49
219000055,157,1,156
219000056,18,0,18
219000057,71,1,70
219000062,20,92,-72
219000063,87,16,71
219000064,2,58,-56
219000110,679,64,615
219000111,189,42,147
219000112,168,57,111
219000113,129,179,-50
219000114,184,396,-212
219000116,117,69,48
219000117,142,49,93
219000118,631,52,579
219000123,293,80,213
219000124,134,39,95
219000125,7,10,-3
219000126,78,123,-45
219000127,0,6,-6
219000128,21,142,-121
219000129,22,110,-88
219000130,436,537,-101
219000131,698,819,-121
219000133,97,39,58
219000134,14,25,-11
219000135,45,78,-33
219000136,83,204,-121
219000138,87,15,72
219000139,49,48,1
219000140,48,4,44
219000141,11,119,-108
219000142,25,91,-66
219000143,21,103,-82
219000145,44,46,-2
219000146,5,28,-23
219000147,6,39,-33
219000148,4,48,-44
219000149,15,91,-76
219000150,5,70,-65
219000151,2,32,-30
219000157,222,222,0
219000158,390,284,106
219000161,141,10,131
219000163,1935,644,1291
219000166,365,220,145
219000167,187,214,-27
219000168,291,124,167
219000174,383,143,240
219000175,68,1,67
219000176,121,14,107
219000177,49,1,48
219000178,44,5,39
219000179,20,2,18
219000180,44,26,18
219000182,128,26,102
219000183,107,42,65
219000184,146,9,137
219000185,3,68,-65
219000186,51,40,11
219000187,53,77,-24
219000189,122,215,-93
219000190,91,308,-217
219000191,998,1359,-361
219000192,208,130,78
219000193,256,177,79
219000195,0,38,-38
219000196,15,138,-123
219000198,20,125,-105
219000199,60,272,-212
219000200,53,208,-155
219000201,91,274,-183
219000203,44,115,-71
219000204,151,166,-15
219000205,103,151,-48
219000207,117,318,-201
219000209,28,61,-33
219000210,86,95,-9
219000213,7,193,-186
219000239,250,294,-44
219000240,266,374,-108
219000241,134,189,-55
219000242,120,147,-27
219000243,114,198,-84
219000244,20,96,-76
219000245,51,36,15
219000246,30,31,-1
219000247,147,37,110
219000248,645,362,283
219000249,158,125,33
219000250,136,114,22
219000251,616,236,380
219000252,233,213,20
219000253,590,138,452
219000255,130,93,37
219000256,251,80,171
219000257,112,0,112
219000262,95,153,-58
219000263,51,154,-103
219000267,4,94,-90
219000268,0,2,-2
219000269,2,1,1
219000270,8,0,8
219000271,103,5,98
219000278,15,6,9
219000279,13,5,8
219000283,0,15,-15
219000295,32,112,-80
219000296,69,451,-382
219000297,15,115,-100
219000298,7,123,-116
219000299,420,76,344
219000300,22,207,-185
219000301,247,355,-108
219000302,41,280,-239
219000307,32,45,-13
219000308,40,55,-15
219000311,211,71,140
219000312,643,124,519
219000313,427,59,368
219000314,50,418,-368
219000315,294,59,235
219000316,519,83,436
219000317,88,48,40
219000320,2,81,-79
219000321,3,33,-30
219000323,2,64,-62
219000325,1,7,-6
219000326,72,62,10
219000327,49,48,1
219000328,34,65,-31
219000329,440,124,316
219000330,76,36,40
219000331,56,63,-7
219000332,126,105,21
219000333,12,10,2
219000335,80,3,77
219000337,24,0,24
219000338,75,2,73
219000344,60,64,-4
219000345,37,77,-40
219000346,39,112,-73
219000348,143,141,2
219000349,43,178,-135
219000350,177,268,-91
219000351,5,8,-3
219000352,584,173,411
219000353,110,67,43
219000354,186,100,86
219000355,164,82,82
219000356,1604,1154,450
219000363,351,51,300
219000364,108,41,67
219000365,166,12,154
219000366,360,312,48
219000368,474,696,-222
219000370,1474,488,986
219000371,9,39,-30
219000382,40,17,23
219000383,756,1196,-440
219000385,537,551,-14
219000386,749,1803,-1054
219000387,6,6,0
219000390,64,1,63
219000391,4,2,2
219000397,48,83,-35
219000398,91,80,11
219000401,19,100,-81
219000402,31,117,-86
219000403,199,381,-182
219000404,40,149,-109
219000407,1,44,-43
219000409,59,53,6
219000410,96,58,38
219000411,59,19,40
219000446,211,480,-269
219000447,3,12,-9
219000448,49,2,47
219000452,196,99,97
219000453,74,184,-110
219000454,287,307,-20
219000556,262,107,155
219000558,222,227,-5
219000590,31,220,-189
219000591,77,83,-6
219000592,129,337,-208
219000595,2,21,-19
219000635,197,51,146
219000636,15,60,-45
219000657,97,64,33
219000658,71,121,-50
219000673,0,40,-40
219000676,95,5,90
219000679,37,8,29
219000684,95,4,91
219000685,3,65,-62
219000686,2,1,1
219000688,0,68,-68
219000689,40,214,-174
219000690,165,21,144
219000691,72,156,-84
219000692,216,30,186
219000693,1,26,-25
219000694,9,1,8
219000695,32,2,30
219000698,25,1,24
219000699,0,22,-22
219000727,0,85,-85
219000728,153,2,151
219000770,57,2,55
219000771,0,33,-33
219000788,531,205,326
219001150,8,28,-20
219001151,2,7,-5
219001166,38,31,7
219001167,7,95,-88
219001178,96,33,63
220000001,88,80,8
220000002,17,165,-148
220000003,420,308,112
220000004,877,638,239
220000005,1943,2127,-184
220000006,309,1024,-715
220000007,383,595,-212
220000008,364,995,-631
220000009,298,470,-172
220000010,326,143,183
220000011,713,3135,-2422
220000012,153,390,-237
220000014,144,55,89
220000015,82,238,-156
220000017,52,301,-249
220000018,4853,2031,2822
220000019,64,308,-244
220000020,412,348,64
220000021,697,233,464
220000022,776,464,312
220000023,417,172,245
220000024,2090,364,1726
220000025,1401,1155,246
220000026,314,353,-39
220000027,78,119,-41
220000028,45,48,-3
220000029,82,154,-72
220000030,130,95,35
220000031,444,334,110
220000064,19,1121,-1102
221000046,8,0,8
221000047,0,0,0
221000048,0,1,-1
221000049,0,6,-6
221000050,25,0,25
221000055,32,53,-21
221000057,40,18,22
221000068,303,127,176
221000069,318,48,270
221000070,185,21,164
221000071,89,6,83
221000072,177,10,167
221000073,215,32,183
221000074,0,19,-19
221000075,17,14,3
221000076,7,24,-17
221000077,18,93,-75
221000081,28,6,22
221000082,39,8,31
221000083,26,9,17
221000084,5,3,2
221000085,25,68,-43
221000086,13,126,-113
221000087,2,158,-156
221000088,9,171,-162
221000089,30,272,-242
221000090,86,501,-415
221000098,92,16,76
221000099,154,16,138
221000100,72,6,66
221000101,158,15,143
221000102,94,19,75
221000109,7,78,-71
221000110,6,105,-99
221000111,10,186,-176
221000112,1,140,-139
221000113,10,190,-180
221000114,12,164,-152
221000120,36,27,9
221000121,13,45,-32
221000122,72,25,47
221000123,6,17,-11
221000124,42,205,-163
221000155,95,17,78
221000156,41,23,18
221000175,0,11,-11
221000176,0,3,-3
221000182,47,16,31
221000241,740,315,425
221000242,206,470,-264
221000243,620,165,455
221000244,369,504,-135
221000245,84,100,-16
221000246,55,286,-231
221000247,65,114,-49
221000248,100,137,-37
221000267,44,613,-569
221000325,180,51,129
221000331,8,70,-62
221000338,18,14,4
221000378,171,18,153
221000381,32,54,-22
222000282,13,0,13
222000296,1,30,-29
222000568,271,22,249
222000569,172,30,142
222000570,120,31,89
222000571,248,49,199
222000577,20,158,-138
222000578,42,220,-178
222000579,35,176,-141
222000580,87,1115,-1028
222000599,0,144,-144
222000600,4,341,-337
222000601,4,1109,-1105
222000603,31,36,-5
222000604,8,46,-38
222000605,17,24,-7
222000606,3,4,-1
222000607,8,8,0
222000608,29,15,14
222000609,85,265,-180
222000616,228,51,177
222000617,16,34,-18
222000618,5,5,0
222000620,34,14,20
222000621,82,16,66
222000623,589,7,582
222000624,299,1,298
222000625,546,36,510
222000636,54,4,50
222000686,34,14,20
222000687,56,41,15
222001066,307,4,303
222001067,17,3,14
222001068,52,34,18
222001069,25,61,-36
222001082,12,51,-39
222001083,24,68,-44
222001084,0,69,-69
222001085,1,162,-161
222001111,23,127,-104
222001112,77,57,20
222001313,43,16,27
222001314,18,135,-117
222001464,65,45,20
222001465,30,77,-47
222001484,92,71,21
222001485,24,57,-33
222001494,455,160,295
222001495,270,239,31
222001496,248,126,122
222001497,199,473,-274
222001502,20,113,-93
222001503,120,43,77
222001504,18,355,-337
222001505,301,23,278
222001506,42,462,-420
222001507,329,34,295
222001510,337,39,298
222001511,53,425,-372
222001514,646,265,381
222001515,256,646,-390
222001518,235,109,126
222001519,65,346,-281
222001527,264,61,203
222001528,74,191,-117
222001529,252,86,166
222001530,47,218,-171
222001533,324,308,16
222001534,356,64,292
222001535,189,204,-15
222001536,89,277,-188
222001537,377,54,323
222001538,85,520,-435
222001563,528,82,446
222001564,89,592,-503
222001568,364,98,266
222001576,2,2,0
222001579,3,8,-5
222001583,13,149,-136
222001584,122,11,111
222001596,1325,1218,107
222001597,3171,305,2866
222001626,1,227,-226
222001650,394,90,304
222001651,316,184,132
222001914,182,118,64
222001915,72,229,-157
222001968,413,197,216
222001969,397,785,-388
222001970,166,219,-53
222001971,41,31,10
222001972,0,18,-18
225000001,446,174,272
225000002,515,124,391
225000003,648,72,576
225000004,360,199,161
225000005,136,38,98
225000006,0,219,-219
225000007,1685,1371,314
225000010,269,14,255
225000011,343,727,-384
225000012,179,449,-270
225000013,80,110,-30
225000014,772,85,687
225000015,84,159,-75
225000021,647,167,480
225000027,188,483,-295
225000032,622,131,491
225000042,78,606,-528
225000049,45,71,-26
225000050,62,15,47
225000053,7,358,-351
225000058,529,163,366
225000067,257,174,83
225000068,97,308,-211
225000069,148,463,-315
225000070,77,405,-328
225000071,29,172,-143
225000075,17,604,-587
225000076,48,135,-87
225000078,56,28,28
225000085,56,147,-91
225000086,264,77,187
225000087,198,23,175
225000088,14,180,-166
225000089,258,960,-702
225000090,81,476,-395
225000091,167,166,1
225000092,222,81,141
225000093,301,298,3
225000094,22,311,-289
225000095,275,398,-123
225000096,372,485,-113
225000098,663,361,302
225000099,292,182,110
225000100,318,154,164
225000104,107,442,-335
225000110,19,309,-290
225000111,236,1056,-820
225000112,263,1068,-805
225000113,226,472,-246
225000114,67,241,-174
225000115,1351,586,765
225000116,1266,163,1103
225000117,686,204,482
225000118,942,214,728
225000119,215,78,137
225000120,704,27,677
225000121,244,16,228
225000123,420,18,402
225000125,365,186,179
225000126,763,161,602
225000127,716,909,-193
225000128,444,638,-194
225000132,270,35,235
225000133,245,39,206
225000134,660,159,501
225000135,64,9,55
225000136,257,17,240
225000137,201,38,163
225000138,336,63,273
225000143,78,382,-304
225000144,1,383,-382
225000145,77,37,40
225000146,55,89,-34
225000147,32,252,-220
225000148,12,255,-243
225000149,54,501,-447
225000151,61,267,-206
225000155,393,520,-127
225000156,187,726,-539
225000157,220,393,-173
225000158,81,269,-188
225000171,1,166,-165
225000180,48,0,48
225000181,0,76,-76
225000182,90,6,84
225000185,20,345,-325
225000187,89,297,-208
225000191,173,3,170
225000194,0,3,-3
225000208,4,57,-53
225000209,60,17,43
225000210,3,230,-227
225000217,0,23,-23
225000218,18,2,16
225000223,0,28,-28
225000224,37,0,37
225000225,0,23,-23
225000226,41,1,40
225000227,27,75,-48
225000228,35,9,26
225000229,0,66,-66
225000230,40,0,40
225000231,0,51,-51
225000232,107,0,107
225000241,90,0,90
225000242,0,45,-45
225000249,12,0,12
225000250,68,801,-733
225000251,269,31,238
225000254,6,1,5
225000256,10,23,-13
225000257,1,59,-58
226000042,307,534,-227
226000043,68,328,-260
226000044,130,545,-415
226000045,45,349,-304
226000046,358,92,266
226000047,366,91,275
226000048,304,116,188
226000049,258,168,90
226000070,0,23,-23
226000071,0,39,-39
226000072,0,19,-19
226000073,0,8,-8
226000074,1,10,-9
226000084,1,95,-94
226000085,2,10,-8
226000086,2,10,-8
226000087,0,17,-17
226000088,72,47,25
226000090,259,87,172
226000091,25,74,-49
226000092,1,26,-25
226000093,32,1,31
226000094,16,3,13
226000095,21,2,19
226000105,15,5,10
226000106,8,0,8
226000107,3,0,3
226000108,44,0,44
226000109,77,0,77
226000124,131,62,69
226000134,563,496,67
226000135,1593,571,1022
226000136,2377,405,1972
226000137,13,407,-394
226000138,9,194,-185
226000139,0,35,-35
226000156,156,10,146
226000157,216,5,211
226000163,71,131,-60
226000202,23,336,-313
226000231,422,10,412
226000232,58,2,56
227000033,275,52,223
227000036,266,60,206
227000037,281,44,237
227000038,242,33,209
227000084,2,85,-83
227000085,0,59,-59
227000088,51,1,50
227000089,142,4,138
227000090,44,3,41
227000091,22,2,20
227000092,47,1,46
227000093,174,2,172
227000094,14,0,14
227000130,27,71,-44
227000131,44,187,-143
227000132,9,228,-219
227000133,15,178,-163
227000134,16,382,-366
227000152,0,6,-6
227000153,0,41,-41
227000154,0,37,-37
227000155,1,20,-19
227000156,0,5,-5
227000165,6,26,-20
227000196,354,259,95
227000199,283,537,-254
227000230,28,435,-407
227000232,424,25,399
227000242,60,517,-457
227000243,448,58,390
227000245,17,284,-267
227000246,113,510,-397
227000247,354,85,269
227000248,144,39,105
227000249,25,245,-220
227000250,393,150,243
227000251,166,233,-67
227000252,25,341,-316
227000253,132,23,109
227000262,359,50,309
227000266,963,13,950
227000267,39,1547,-1508
227000282,11,204,-193
227000284,475,22,453
227000286,3,95,-92
227000287,2,152,-150
227000291,19,540,-521
227000296,245,190,55
227000484,227,13,214
227000485,34,836,-802
227000655,131,24,107
227000656,643,32,611
227000657,89,16,73
227000661,231,14,217
227000680,164,58,106
229000265,15,27,-12
229000296,3,12,-9
229000297,7,34,-27
229000298,5,147,-142
229000320,24,5,19
229000321,47,4,43
229000412,18,70,-52
229000414,5,67,-62
229000415,21,4,17
229000416,1,8,-7
229000417,3,18,-15
229000419,99,318,-219
229000440,477,68,409
229000442,23,7,16
229000443,13,2,11
229000444,0,9,-9
229000445,78,9,69
229000446,86,9,77
229000491,1,13,-12
229000492,11,96,-85
229000493,3,68,-65
229000494,50,6,44
229000495,112,7,105
229000496,50,5,45
229000507,1,56,-55
229000508,0,42,-42
229000509,0,64,-64
229000510,1,38,-37
229000511,3,60,-57
229000512,0,35,-35
229000513,0,2,-2
229000514,0,4,-4
229000517,2,4,-2
229000518,10,15,-5
229000519,0,6,-6
229000520,13,33,-20
229000521,54,21,33
229000522,9,5,4
229000523,6,6,0
229000524,4,0,4
229000527,6,1,5
229000528,0,0,0
229000529,6,0,6
229000530,58,5,53
229000531,37,1,36
229000532,33,0,33
229000533,64,0,64
229000534,49,1,48
229000564,33,1,32
229000565,12,0,12
229000566,0,8,-8
229000567,0,35,-35
229000582,107,2,105
229000583,5,9,-4
229000584,0,26,-26
229000585,0,66,-66
229000718,0,0,0
229000719,0,6,-6
229000720,1,15,-14
229000721,0,12,-12
229000722,1,11,-10
229000723,0,14,-14
229000724,0,2,-2
229000725,0,4,-4
229000738,0,0,0
229000739,4,0,4
229000740,1,0,1
229000741,19,0,19
229000742,3,1,2
229000743,10,0,10
229000744,3,0,3
229000745,1,0,1
229000746,19,0,19
229000847,44,1,43
229000848,23,0,23
229000849,77,1,76
229000851,24,1,23
229000854,0,25,-25
229000856,1,77,-76
229000857,0,21,-21
229000858,1,69,-68
229000919,23,117,-94
229000930,2,244,-242
229000937,53,24,29
229000966,42,28,14
229000981,16,23,-7
229000985,5,39,-34
229000986,6,5,1
229000987,1,0,1
229000988,4,2,2
229000989,7,6,1
229000990,2,4,-2
229000991,0,0,0
229000992,13,15,-2
229000993,126,18,108
229000998,7,64,-57
229000999,65,18,47
229001034,0,18,-18
229001035,12,3,9
229001037,41,4,37
229001042,16,34,-18
229001047,4,41,-37
229001050,33,45,-12
229001168,0,18,-18
229001200,17,1,16
229001338,15,22,-7
229001394,211,11,200
229001422,91,22,69
229001423,39,161,-122
229001431,54,51,3
229001432,56,99,-43
229001444,171,43,128
229001445,32,133,-101
229001479,13,2,11
229001503,174,90,84
229001504,204,139,65
229001505,92,35,57
229001506,66,124,-58
229001509,54,21,33
229001545,61,1,60
229001546,16,96,-80
229001553,115,15,100
229001554,101,116,-15
229001559,0,1,-1
229001560,1,15,-14
229001630,58,6,52
229001631,7,23,-16
229001635,1,6,-5
229001636,15,1,14
229001658,2,139,-137
229001659,52,8,44
229001660,14,1,13
229001661,8,24,-16
229001662,32,0,32
229001663,0,11,-11
229002584,201,170,31
229002831,155,104,51
229002841,7,14,-7
229002842,22,37,-15
229002843,74,17,57
229002844,40,52,-12
229002845,13,63,-50
229002846,10,18,-8
229002847,2,4,-2
229002848,26,20,6
229002849,4,64,-60
229002850,15,2,13
229002851,32,128,-96
229002852,155,35,120
229002853,144,28,116
229002854,25,44,-19
229002855,2,17,-15
229002856,73,19,54
229002857,12,91,-79
229002858,15,18,-3
229002859,20,35,-15
229002860,216,25,191
229002861,107,33,74
229002862,51,43,8
229002863,20,23,-3
229002864,17,41,-24
229002865,19,12,7
229002866,19,23,-4
229002867,1,19,-18
229002868,19,27,-8
229002869,22,110,-88
229002870,41,9,32
235000066,569,68,501
235000067,155,92,63
235000072,35,62,-27
235000073,57,375,-318
235000074,46,94,-48
235000080,26,104,-78
235000081,134,148,-14
235000082,98,73,25
235000083,206,142,64
235000084,42,59,-17
235000085,158,87,71
235000089,68,30,38
235000092,35,176,-141
235000093,9,24,-15
235000097,9,9,0
235000098,91,6,85
235000099,59,26,33
235000116,69,18,51
235000117,773,10,763
235000133,14,386,-372
235000134,11,194,-183
235000206,7,2,5
235000207,5,3,2
235000208,8,5,3
235000209,17,2,15
235000210,13,2,11
235000212,8,22,-14
235000213,2,12,-10
235000220,2,4,-2
235000221,65,18,47
235000238,16,81,-65
235000239,3,32,-29
235000242,348,490,-142
235000245,646,215,431
235000246,12,83,-71
235000284,39,86,-47
235000295,225,29,196
235000305,292,18,274
235000306,190,5,185
235000307,13,5,8
235000308,21,1,20
235000309,58,0,58
235000310,29,0,29
235000311,157,29,128
235000322,0,28,-28
235000323,0,55,-55
235000324,0,69,-69
235000325,0,8,-8
235000326,6,203,-197
235000351,6,63,-57
235000352,24,48,-24
235000353,1,25,-24
235000354,4,29,-25
235000355,12,45,-33
235000356,361,16,345
235000357,63,19,44
235000358,230,9,221
235000359,17,10,7
235000360,55,20,35
235000361,57,23,34
235000381,81,192,-111
235000382,142,67,75
235000390,9,0,9
235000391,168,31,137
235000392,146,207,-61
235000393,152,125,27
235000395,97,46,51
235000396,432,86,346
235000400,86,55,31
235000401,19,128,-109
235000405,75,329,-254
235000406,69,333,-264
235000407,285,108,177
235000409,181,137,44
235000410,37,272,-235
235000411,4,81,-77
235000485,0,11,-11
235000486,14,0,14
235000549,130,89,41
235000550,140,182,-42
235000599,120,88,32
235000600,4,20,-16
235000601,17,41,-24
235000602,115,71,44
235000614,0,4,-4
235000648,1,39,-38
235000649,19,3,16
235000685,6,4,2
235000815,20,19,1
235000834,0,7,-7
235000855,84,62,22
235000862,21,123,-102
235000891,1,11,-10
235000892,13,2,11
235000901,216,112,104
235000907,10,8,2
235001010,67,89,-22
235001029,466,457,9
235001030,346,284,62
235001078,96,72,24
235001079,99,114,-15
235001147,5,43,-38
235001166,15,62,-47
235001167,18,59,-41
235001169,24,264,-240
235001188,3,11,-8
235001189,6,1,5
235001197,10,8,2
235001200,39,39,0
235001207,148,32,116
235001210,16,83,-67
235001215,30,93,-63
235001239,2,49,-47
235001244,0,8,-8
235016267,0,63,-63
277101746,0,3,-3
277102712,4,2,2
277103813,0,0,0
277103898,0,2,-2
277104249,0,3,-3
277104250,0,14,-14
277104251,0,4,-4
277104252,0,3,-3
990011530,2,211,-209
990014944,2,693,-691
990015176,53,46,7
990015618,0,184,-184
990016032,2,298,-296
990032570,1,188,-187
990070001,59,1,58
990070103,0,7,-7
990070601,1,41,-40
990070751,870,7,863
990070766,3,506,-503
990071180,521,197,324
990071343,18,6,12
990071387,0,21,-21
990071823,830,7,823
990072600,2,908,-906
990072964,1,495,-494
990073285,0,11,-11
990074393,1,886,-885
990074870,1302,38,1264
990075106,1684,10,1674
990075746,541,23,518
990076437,1065,5,1060
990076458,1,705,-704
997000007,494,4,490
997000041,1,210,-209
997000058,57,0,57
997000062,46,0,46
997000069,0,5,-5
997000070,0,30,-30
997000100,31,0,31
997000141,16,3735,-3719
997000198,5,1682,-1677
998000475,7,44,-37
998000736,1,166,-165
998000965,0,9,-9
998001031,0,64,-64
998001700,0,16,-16
998001899,0,1,-1
998001900,52,54,-2
998003073,2275,32,2243
998101900,0,0,0
998102850,4,297,-293
998501927,1209,486,723
998501929,123,5,118
998501930,56,0,56
998501931,848,9,839
998501932,34,26,8
998501933,68,4,64
998501937,15,5,10
998501944,4,2,2
998501950,0,0,0
998501970,402,286,116
998501971,1,82,-81
998501973,0,53,-53
998501974,1,285,-284
998501975,125,3,122
998501976,69,1,68
998501977,0,23,-23
998501978,21,1,20
998501979,1,18,-17
998501980,117,19,98
998501981,36,10,26
998501982,0,145,-145
998502006,0,1,-1
998502024,0,13,-13
998502032,0,7,-7
998502062,29,11,18
998502063,0,0,0
998502173,20,0,20
998502269,0,4,-4
998601159,4,147,-143
998601292,2,32,-30
999033574,2,526,-524
999800001,90,36,54
999800002,0,5,-5
999800003,0,3,-3
999800004,0,2,-2
999800005,0,7,-7
