ID,insum,outsum,diff
100000001,0,0,0
100000002,1472,2625,-1153
100000003,2682,3499,-817
100000004,206,805,-599
100000005,1534,2215,-681
100000006,130,155,-25
100000007,516,311,205
100000008,45,33,12
100000009,40,278,-238
100000010,1,88,-87
100000011,109,52,57
100000012,47,52,-5
100000013,1,14,-13
100000014,25,22,3
100000015,462,847,-385
100000016,115,195,-80
100000017,87,101,-14
100000018,268,147,121
100000019,444,895,-451
100000020,268,1480,-1212
100000021,328,248,80
100000022,330,979,-649
100000023,739,580,159
100000025,264,975,-711
100000028,410,533,-123
100000029,13,42,-29
100000030,83,5,78
100000031,738,2635,-1897
100000032,339,1262,-923
100000033,176,1117,-941
100000034,23,171,-148
100000035,235,606,-371
100000036,181,280,-99
100000037,287,138,149
100000038,1088,425,663
100000039,118,74,44
100000040,3,102,-99
100000041,457,153,304
100000042,345,141,204
100000043,250,122,128
100000044,23,23,0
100000045,42,78,-36
100000046,168,90,78
100000047,60,56,4
100000048,57,150,-93
100000049,298,275,23
100000051,195,100,95
100000053,35,2,33
100000054,64,0,64
100000055,78,29,49
100000056,87,92,-5
100000057,685,167,518
100000058,79,153,-74
100000059,19,79,-60
100000060,212,190,22
100000061,637,169,468
100000062,439,246,193
100000063,329,199,130
100000064,227,224,3
100000065,86,139,-53
100000066,82,79,3
100000067,64,204,-140
100000068,134,200,-66
100000069,72,241,-169
100000072,28,93,-65
100000073,327,337,-10
100000075,175,36,139
100000076,614,1971,-1357
100000077,70,189,-119
100000078,15,87,-72
100000079,5,45,-40
100000080,0,50,-50
100000081,5,56,-51
100000102,998,1993,-995
100000103,502,591,-89
100000104,445,396,49
100000105,202,476,-274
100000106,382,1729,-1347
100000107,23,714,-691
100000108,50,132,-82
100000109,734,358,376
100000116,454,537,-83
100000117,1,61,-60
100000118,1594,547,1047
100000119,657,421,236
100000121,31,233,-202
100000122,156,479,-323
100000123,2093,2019,74
100000124,883,1195,-312
100000125,385,1085,-700
100000126,147,307,-160
100000127,223,370,-147
100000128,39,545,-506
100000129,70,109,-39
100000130,371,419,-48
100000131,179,317,-138
100000132,259,910,-651
100000133,882,297,585
100000135,186,369,-183
100000139,189,247,-58
100000140,0,0,0
100000142,320,179,141
100000143,110,98,12
100000144,493,51,442
100000147,814,3744,-2930
100000150,35,119,-84
100000151,69,893,-824
100000153,0,100,-100
100000154,1,138,-137
100000155,1,39,-38
100000156,90,135,-45
100000157,493,105,388
100000158,40,96,-56
100000159,46,402,-356
100000165,611,207,404
100000169,16,157,-141
100000174,27,145,-118
100000179,37,549,-512
100000180,131,52,79
100000181,60,84,-24
100000188,0,44,-44
100000189,359,148,211
100000190,245,499,-254
100000191,78,220,-142
100000192,5,111,-106
100000193,42,71,-29
100000330,295,416,-121
100000355,41,89,-48
100000362,964,542,422
100000363,3368,4002,-634
100000364,198,47,151
100000365,4875,4273,602
100000366,1089,969,120
100000367,3976,3864,112
100000368,67,73,-6
100000369,164,1189,-1025
100000370,37,660,-623
100000376,35,283,-248
100000379,406,1641,-1235
100000380,2156,3322,-1166
100000384,2150,3317,-1167
100000385,435,2889,-2454
100000386,1177,2326,-1149
100000387,801,4278,-3477
100000388,1643,1516,127
100000389,2006,3405,-1399
100000390,1018,901,117
100000391,2482,4366,-1884
100000392,354,817,-463
100000393,257,2326,-2069
100000394,884,1453,-569
100000395,431,1146,-715
100000396,999,685,314
100000397,575,1628,-1053
100000398,6564,2411,4153
100900002,0,0,0
100900003,38,56,-18
100900004,1,5,-4
100900005,0,0,0
100900006,0,0,0
100900007,0,0,0
100900008,0,2,-2
100900009,0,6,-6
100900010,0,0,0
100900011,0,0,0
100900012,0,0,0
100900013,0,0,0
100900014,0,0,0
100900015,0,0,0
100900016,0,0,0
100900017,43,29,14
100900018,0,0,0
100900019,0,0,0
100900020,0,0,0
100900021,74,2,72
100900022,0,0,0
100900023,0,0,0
100900024,0,0,0
100900025,0,0,0
100900026,0,0,0
100900027,9,239,-230
100900028,6,9,-3
100900029,0,0,0
100900030,0,0,0
100900031,231,44,187
100900032,63,0,63
100900033,0,0,0
100900034,0,0,0
100900035,0,0,0
100900036,2,0,2
100900037,0,0,0
100900038,0,0,0
100900039,48,0,48
100900040,155,2,153
100900041,128,2,126
100900042,19,18,1
100900043,2,0,2
100900044,39,0,39
100900045,0,0,0
100900046,100,1,99
100900047,101,7,94
100900048,0,0,0
100900049,0,0,0
100900050,0,0,0
100900051,0,1,-1
100900052,0,0,0
100900053,0,0,0
100900054,0,0,0
100900055,0,0,0
100900056,0,0,0
100900057,43,3,40
100900058,1,0,1
100900059,0,0,0
100900060,0,0,0
100900061,0,0,0
100900062,0,0,0
100900063,13,144,-131
100900064,13,0,13
100900065,0,0,0
100900066,3,1,2
100900067,0,0,0
100900068,0,0,0
100900069,0,0,0
100900070,0,0,0
100900071,0,0,0
100900072,0,0,0
100900073,0,0,0
100900074,0,0,0
100900075,4,0,4
100900076,0,0,0
100900077,4,1,3
100900078,3,0,3
100900079,0,0,0
100900080,11,7,4
100900081,0,0,0
100900082,0,0,0
100900083,0,0,0
100900085,0,1,-1
100900086,0,0,0
100900088,0,0,0
100900089,0,0,0
100900090,2,7,-5
100900091,0,0,0
100900092,23,1,22
100900093,0,0,0
100900094,0,0,0
100900095,0,0,0
100900096,0,0,0
100900097,0,0,0
100900098,0,0,0
100900099,0,0,0
100900100,0,0,0
100900101,3,0,3
100900102,0,0,0
100900103,0,0,0
100900104,0,0,0
100900105,0,0,0
100900106,0,0,0
100900107,0,0,0
100900108,0,0,0
100900109,0,0,0
100900110,3,9,-6
100900111,0,0,0
100900112,0,0,0
100900113,0,0,0
100900114,0,0,0
100900115,0,0,0
100900116,16,0,16
100900117,0,0,0
100900118,0,0,0
100900119,0,0,0
100900120,0,0,0
100900121,9,0,9
100900122,0,0,0
100900123,0,0,0
100900124,0,0,0
100900125,0,0,0
100900126,0,0,0
100900127,0,0,0
100900128,0,0,0
100900129,0,0,0
100900131,2,0,2
100900133,0,0,0
100900134,0,0,0
100900135,0,0,0
100900137,0,0,0
100900138,0,0,0
100900139,0,0,0
100900140,0,0,0
100900141,0,0,0
100900142,0,0,0
100900143,0,0,0
100900144,0,0,0
100900145,0,0,0
100900146,0,0,0
100900147,0,0,0
100900148,0,0,0
100900149,0,0,0
100900150,0,0,0
100900151,1,0,1
100900152,0,0,0
100900153,0,0,0
100900154,1,0,1
100900155,0,0,0
100900156,0,0,0
100900157,0,0,0
100900158,0,0,0
100900159,0,0,0
100900160,0,0,0
100900161,0,0,0
100900162,0,0,0
100900163,0,0,0
100900164,0,0,0
100900165,0,0,0
100900166,0,0,0
100900167,0,0,0
100900168,0,0,0
100900169,0,1,-1
100900170,0,0,0
100900171,0,0,0
100900172,0,0,0
100900173,0,0,0
100900174,0,0,0
100900176,0,0,0
100900177,0,0,0
100900178,29,4,25
100900179,0,0,0
100900180,0,0,0
100900181,0,0,0
100900182,1,1,0
100900184,3,9,-6
100900186,0,0,0
100900187,0,0,0
100900188,3,0,3
100900189,0,0,0
100900191,0,0,0
100900192,0,0,0
100900195,0,0,0
100900197,147,101,46
100900198,0,0,0
100900199,16,15,1
100900200,0,0,0
100900201,0,1,-1
100900202,0,0,0
100900203,0,0,0
100900204,1,0,1
100900205,0,0,0
100900206,0,0,0
100900207,0,0,0
100900210,0,0,0
100900211,0,0,0
100900213,0,0,0
100900214,0,0,0
100900215,0,0,0
100900217,0,3,-3
101000001,536,998,-462
101000002,263,801,-538
101000003,32,433,-401
101000004,3510,5667,-2157
101000005,2377,4385,-2008
101000006,3076,4627,-1551
101000007,687,3394,-2707
101000008,1059,2744,-1685
101000009,1108,356,752
101000010,238,314,-76
101000011,166,333,-167
101000012,39,19,20
101000013,133,483,-350
101000014,283,654,-371
101000015,790,656,134
101000016,40,403,-363
101000017,114,286,-172
101000018,673,669,4
101000020,760,215,545
101000021,60,324,-264
101000022,0,1,-1
101000023,171,373,-202
101000025,69,200,-131
101000026,136,6,130
101000027,874,1555,-681
101000028,423,153,270
101000029,26,744,-718
101000030,217,54,163
101000031,70,807,-737
101000032,1324,2213,-889
101000033,292,1425,-1133
101000034,246,1078,-832
101000035,67,131,-64
101000036,270,617,-347
101000037,390,1500,-1110
101000039,294,915,-621
101000040,451,1368,-917
101000041,2128,3700,-1572
101000042,44,398,-354
101000043,1296,2134,-838
101000045,190,368,-178
101000046,717,1326,-609
101000047,967,2129,-1162
101000048,108,200,-92
101000049,70,342,-272
101000050,247,1190,-943
101000051,162,1570,-1408
101000052,543,1569,-1026
101000053,135,536,-401
101000054,351,182,169
101000055,623,1439,-816
101000056,26,133,-107
101000057,143,526,-383
101000058,305,1552,-1247
101000059,949,2386,-1437
101000060,118,125,-7
101000061,142,2196,-2054
101000062,81,138,-57
101000063,187,1318,-1131
101000064,109,475,-366
101000065,44,833,-789
101000066,123,926,-803
101000067,99,120,-21
101000068,200,390,-190
101000069,158,56,102
101000070,331,142,189
101000071,572,592,-20
101000072,1708,1261,447
101000073,1206,959,247
101000074,2878,2005,873
101000075,4955,1069,3886
101000077,1877,670,1207
101000078,806,872,-66
101000079,935,561,374
101000080,453,68,385
101000081,879,888,-9
101000082,1282,738,544
101000083,1408,969,439
101000084,319,181,138
101000085,1343,950,393
101000086,88,168,-80
101000087,186,193,-7
101000088,782,786,-4
101000089,423,805,-382
101000090,243,195,48
101000091,298,218,80
101000092,704,370,334
101000093,698,338,360
101000094,76,133,-57
101000095,89,98,-9
101000096,364,324,40
101000097,69,159,-90
101000098,67,383,-316
101000099,381,711,-330
101000100,278,549,-271
101000101,294,360,-66
101000102,109,400,-291
101000103,349,281,68
101000104,76,363,-287
101000105,98,175,-77
101000106,6,76,-70
101000107,22,63,-41
101000108,119,43,76
101000109,60,20,40
101000110,27,49,-22
101000111,21,97,-76
101000113,62,322,-260
101000114,1051,1455,-404
101000115,0,0,0
101000116,0,0,0
101000117,0,0,0
101000119,6,72,-66
101000120,6,17,-11
101000121,2,12,-10
101000122,1,14,-13
101000123,0,12,-12
101000124,345,81,264
101000125,56,27,29
101000128,52,154,-102
101000130,400,97,303
101000131,476,314,162
101000132,88,88,0
101000135,0,1,-1
101000136,11,18,-7
101000137,15,450,-435
101000141,360,3132,-2772
101000147,247,55,192
101000148,104,4,100
101000149,0,0,0
101000150,55,96,-41
101000151,39,2,37
101000152,92,16,76
101000153,190,34,156
101000154,129,143,-14
101000155,7,0,7
101000156,0,0,0
101000157,3,6,-3
101000160,0,0,0
101000163,37,319,-282
101000164,103,23,80
101000165,208,161,47
101000166,148,327,-179
101000168,12,4,8
101000252,1022,282,740
101000254,0,0,0
101000258,179,6,173
101000261,336,22,314
101000262,326,2333,-2007
101000263,112,1152,-1040
101000265,9,391,-382
101000266,101,59,42
101000269,0,0,0
101000290,82,1472,-1390
101000293,0,0,0
101000294,191,158,33
101000295,86,104,-18
101000301,30,350,-320
101000304,668,1564,-896
101000305,1188,923,265
101900001,2,0,2
101900002,0,0,0
101900003,0,0,0
101900004,0,0,0
101900005,0,0,0
101900006,0,0,0
101900007,0,0,0
101900008,0,0,0
101900009,0,0,0
101900010,0,0,0
101900011,0,0,0
101900012,0,0,0
101900013,0,0,0
101900017,0,0,0
101900018,13,0,13
101900019,6,0,6
101900020,11,4,7
101900021,2,0,2
101900022,23,6,17
101900023,0,0,0
102000001,685,2827,-2142
102000002,895,323,572
102000003,537,2851,-2314
102000004,642,1521,-879
102000005,283,1917,-1634
102000006,220,1307,-1087
102000007,231,2439,-2208
102000008,1991,1193,798
102000009,2664,3558,-894
102000010,1043,1201,-158
102000011,1673,3179,-1506
102000012,1379,1547,-168
102000018,428,388,40
102000019,54,421,-367
102000026,7,132,-125
102000029,115,44,71
102000030,22,106,-84
102000031,7,49,-42
102000032,85,69,16
102000033,123,167,-44
102000034,51,32,19
102000035,98,80,18
102000036,2,109,-107
102000037,19,24,-5
102000038,33,13,20
102000039,18,26,-8
102000040,22,45,-23
102000041,5,129,-124
102000042,3,125,-122
102000043,2,23,-21
102000044,106,258,-152
102000045,120,383,-263
102000046,228,156,72
102000047,238,293,-55
102000048,128,275,-147
102000049,307,316,-9
102000050,234,389,-155
102000051,107,164,-57
102000052,423,326,97
102000053,485,442,43
102000054,206,129,77
102000055,254,42,212
102000056,565,100,465
102000057,270,105,165
102000058,55,153,-98
102000059,114,99,15
102000060,579,587,-8
102000061,218,199,19
102000062,845,562,283
102000063,110,346,-236
102000064,547,677,-130
102000065,41,67,-26
102000066,324,179,145
102000067,681,1688,-1007
102000068,1611,1043,568
102000069,32,557,-525
102000070,605,11,594
102000071,3330,4357,-1027
102000072,881,955,-74
102000073,125,156,-31
102000074,197,112,85
102000075,81,75,6
102000076,92,77,15
102000077,678,263,415
102000078,570,88,482
102000079,86,34,52
102000080,120,49,71
102000081,98,367,-269
102000082,39,183,-144
102000083,139,107,32
102000084,357,90,267
102000085,354,203,151
102000086,620,220,400
102000087,253,411,-158
102000088,92,71,21
102000089,613,118,495
102000090,166,596,-430
102000091,833,342,491
102000092,255,249,6
102000093,202,294,-92
102000094,486,125,361
102000095,153,291,-138
102000096,1937,235,1702
102000097,545,293,252
102000098,454,436,18
102000099,714,309,405
102000100,117,309,-192
102000101,143,238,-95
102000102,126,309,-183
102000103,121,429,-308
102000104,55,233,-178
102000105,125,92,33
102000106,214,68,146
102000107,512,41,471
102000108,218,46,172
102000109,156,57,99
102000110,633,129,504
102000111,4,22,-18
102000112,37,27,10
102000113,1,7,-6
102000114,140,162,-22
102000115,33,52,-19
102000116,26,313,-287
102000117,4,81,-77
102000118,299,848,-549
102000119,155,193,-38
102000120,50,281,-231
102000121,127,280,-153
102000122,104,531,-427
102000123,71,134,-63
102000124,104,418,-314
102000125,141,108,33
102000126,105,263,-158
102000127,271,94,177
102000128,50,235,-185
102000129,223,132,91
102000130,152,460,-308
102000131,218,284,-66
102000132,80,506,-426
102000133,1358,449,909
102000134,180,266,-86
102000135,63,251,-188
102000136,29,99,-70
102000137,39,38,1
102000138,62,17,45
102000139,41,46,-5
102000140,4,29,-25
102000141,8,43,-35
102000142,71,24,47
102000143,84,49,35
102000144,118,26,92
102000145,84,10,74
102000146,153,22,131
102000147,70,33,37
102000148,6,125,-119
102000149,111,63,48
102000150,206,16,190
102000151,49,72,-23
102000152,92,50,42
102000153,221,124,97
102000154,88,80,8
102000155,44,85,-41
102000156,32,1,31
102000157,2,105,-103
102000158,24,131,-107
102000159,53,53,0
102000161,53,348,-295
102000162,1,25,-24
102000163,4,267,-263
102000164,134,502,-368
102000165,0,0,0
102000166,1,36,-35
102000167,0,0,0
102000168,21,51,-30
102000169,23,175,-152
102000170,0,0,0
102000171,0,0,0
102000172,13,58,-45
102000173,77,191,-114
102000174,9,9,0
102000175,106,8,98
102000176,6,1,5
102000178,65,10,55
102000179,162,53,109
102000180,297,59,238
102000181,331,150,181
102000182,204,158,46
102000183,738,207,531
102000184,259,105,154
102000185,1168,190,978
102000186,469,148,321
102000187,150,110,40
102000188,405,380,25
102000189,646,64,582
102000190,478,889,-411
102000191,219,102,117
102000192,68,404,-336
102000193,27,4,23
102000194,19,28,-9
102000195,168,60,108
102000196,84,40,44
102000197,352,21,331
102000198,62,89,-27
102000199,404,27,377
102000200,116,148,-32
102000201,279,55,224
102000202,1,4,-3
102000203,44,11,33
102000204,144,160,-16
102000205,353,95,258
102000206,90,37,53
102000207,222,120,102
102000208,29,95,-66
102000209,11,22,-11
102000210,89,9,80
102000211,37,0,37
102000212,244,14,230
102000213,0,1,-1
102000214,129,4,125
102000215,0,3,-3
102000216,36,57,-21
102000217,0,15,-15
102000218,94,73,21
102000219,5,2,3
102000225,271,276,-5
102000226,0,0,0
102000227,49,1,48
102000228,0,0,0
102000229,2,12,-10
102000230,108,151,-43
102000231,82,176,-94
102000232,0,84,-84
102000233,79,141,-62
102000234,13,931,-918
102000236,3,5,-2
102000237,91,7,84
102000238,3,8,-5
102000240,1,0,1
102000241,15,0,15
102000243,3,37,-34
102000245,0,0,0
102000246,0,56,-56
102000247,20,177,-157
102000248,114,439,-325
102000249,19,15,4
102000250,20,92,-72
102000254,98,59,39
102000266,4,24,-20
102000271,5,0,5
102000286,41,128,-87
102000297,253,111,142
102000301,0,0,0
102000303,0,0,0
102000305,0,0,0
102000307,0,0,0
102000308,0,0,0
102900001,75,32,43
102900002,53,4,49
102900003,0,0,0
102900005,126,10,116
102900006,66,12,54
102900007,207,2,205
102900008,17,4,13
102900009,27,0,27
102900010,100,0,100
102900011,0,0,0
102900012,0,0,0
102900013,0,0,0
102900015,0,0,0
102900016,0,0,0
102900017,0,0,0
102900018,0,0,0
102900019,0,0,0
102900020,0,0,0
102900021,0,0,0
102900022,0,0,0
102900023,0,0,0
102900024,0,0,0
102900025,0,0,0
102900026,3,132,-129
102900027,0,0,0
102900028,2,93,-91
102900029,0,0,0
102900030,2,50,-48
102900031,58,16,42
102900032,0,0,0
102900033,0,0,0
102900034,121,6,115
102900035,0,0,0
102900036,130,28,102
102900037,54,37,17
102900038,72,13,59
102900039,4,0,4
102900040,0,0,0
102900041,0,0,0
102900042,0,0,0
102900043,0,0,0
102900044,0,0,0
102900045,0,0,0
102900046,0,0,0
102900047,0,0,0
102900048,0,0,0
102900049,0,0,0
102900050,0,0,0
102900051,0,0,0
102900052,0,0,0
102900053,0,0,0
102900054,5,0,5
102900055,0,0,0
102900056,0,0,0
102900057,0,0,0
102900058,0,0,0
102900059,0,0,0
102900060,2,12,-10
102900061,5,33,-28
102900062,44,17,27
102900063,76,6,70
102900064,2,45,-43
102900065,133,9,124
102900066,15,2,13
102900068,0,0,0
102900070,0,0,0
102900072,0,0,0
102900073,0,0,0
102900074,0,0,0
102900075,0,0,0
102900076,0,0,0
102900077,0,0,0
102900078,0,0,0
102900079,65,0,65
102900080,34,0,34
102900081,0,0,0
102900082,0,0,0
102900083,0,0,0
102900084,0,0,0
102900085,0,0,0
102900086,0,0,0
102900087,0,0,0
102900088,0,0,0
102900089,0,0,0
102900090,0,0,0
102900091,0,0,0
102900092,0,0,0
102900093,0,0,0
102900094,0,0,0
102900095,7,0,7
102900096,0,0,0
102900097,0,0,0
103000001,2781,1804,977
103000002,1503,1330,173
103000003,1362,1378,-16
103000004,237,295,-58
103000005,1303,1404,-101
103000006,538,867,-329
103000007,339,276,63
103000008,158,100,58
103000009,583,482,101
103000010,137,45,92
103000011,632,546,86
103000012,613,1012,-399
103000013,485,526,-41
103000014,772,1746,-974
103000015,175,75,100
103000016,259,556,-297
103000017,150,262,-112
103000018,171,169,2
103000019,136,208,-72
103000020,386,548,-162
103000021,2083,1583,500
103000022,170,340,-170
103000023,403,1550,-1147
103000024,28,50,-22
103000025,38,426,-388
103000026,147,66,81
103000027,30,292,-262
103000028,230,220,10
103000029,94,84,10
103000030,333,482,-149
103000031,488,1105,-617
103000032,775,529,246
103000033,2798,2417,381
103000034,534,412,122
103000035,180,630,-450
103000036,170,170,0
103000037,217,197,20
103000038,352,741,-389
103000039,167,85,82
103000040,119,311,-192
103000041,743,508,235
103000042,535,79,456
103000043,439,357,82
103000044,57,2,55
103000046,43,74,-31
103000047,118,134,-16
103000048,16,37,-21
103000049,12,41,-29
103000050,111,0,111
103000051,58,44,14
103000052,69,4,65
103000053,3,26,-23
103000054,894,139,755
103000055,1207,654,553
103000056,404,357,47
103000057,493,212,281
103000058,292,164,128
103000059,431,255,176
103000060,327,137,190
103000061,371,373,-2
103000062,206,40,166
103000063,441,428,13
103000064,36,29,7
103000065,2,32,-30
103000066,29,5,24
103000069,158,76,82
103000070,162,131,31
103000071,308,148,160
103000072,51,45,6
103000073,391,47,344
103000074,317,29,288
103000075,16,98,-82
103000076,65,281,-216
103000077,8,89,-81
103000078,325,399,-74
103000079,80,226,-146
103000080,341,157,184
103000081,66,547,-481
103000082,257,20,237
103000083,9,71,-62
103000084,31,6,25
103000085,0,20,-20
103000086,485,310,175
103000087,82,367,-285
103000088,175,185,-10
103000089,139,317,-178
103000090,3783,2686,1097
103000091,673,677,-4
103000092,505,167,338
103000093,131,117,14
103000094,149,76,73
103000095,9,84,-75
103000096,297,27,270
103000097,10,93,-83
103000098,306,26,280
103000099,33,66,-33
103000100,20,114,-94
103000101,595,79,516
103000102,16,63,-47
103000103,392,51,341
103000104,36,32,4
103000105,139,20,119
103000106,7,34,-27
103000107,179,22,157
103000108,772,774,-2
103000109,205,584,-379
103000110,649,607,42
103000111,85,157,-72
103000112,126,136,-10
103000113,51,381,-330
103000114,644,288,356
103000115,720,507,213
103000116,470,232,238
103000117,503,209,294
103000118,60,128,-68
103000119,110,77,33
103000120,4,13,-9
103000121,41,135,-94
103000122,815,1128,-313
103000125,2,20,-18
103000126,408,1,407
103000127,1,44,-43
103000128,67,0,67
103000129,1,42,-41
103000130,49,13,36
103000131,44,64,-20
103000132,15,26,-11
103000133,0,40,-40
103000134,121,184,-63
103000135,177,104,73
103000136,110,30,80
103000137,65,242,-177
103000138,231,320,-89
103000139,0,30,-30
103000140,31,28,3
103000141,1,34,-33
103000142,54,37,17
103000143,9,26,-17
103000144,66,32,34
103000145,1,34,-33
103000150,10,15,-5
103000152,67,117,-50
103000153,85,241,-156
103000156,0,57,-57
103000157,119,6,113
103000159,114,17,97
103000162,39,31,8
103000163,1,7,-6
103000164,6,11,-5
103000165,20,100,-80
103000166,74,244,-170
103000167,97,58,39
103000168,66,48,18
103000169,112,220,-108
103000170,704,222,482
103000171,12,45,-33
103000172,495,144,351
103000173,7,20,-13
103000174,639,162,477
103000175,53,38,15
103000176,189,294,-105
103000177,46,20,26
103000178,19,15,4
103000179,38,7,31
103000183,138,12,126
103000185,121,3,118
103000186,157,61,96
103000187,2,3,-1
103000188,13,37,-24
103000189,236,351,-115
103000191,177,134,43
103000292,48,347,-299
103000293,104,802,-698
103000295,23,54,-31
103000296,16,0,16
103000297,2,4,-2
103000504,10,1,9
103000505,2,1,1
103000506,0,17,-17
103000507,117,2,115
103000508,80,45,35
103000509,110,119,-9
103900001,0,0,0
103900002,0,0,0
103900003,64,11,53
103900004,2,0,2
103900005,0,0,0
103900006,0,0,0
103900007,0,0,0
103900008,0,0,0
103900009,58,4,54
103900010,49,0,49
103900011,0,0,0
103900012,0,7,-7
103900013,0,0,0
103900014,7,5,2
103900015,23,0,23
103900016,0,0,0
103900017,0,0,0
103900018,0,0,0
103900019,3,74,-71
103900020,0,0,0
103900021,11,0,11
103900022,124,4,120
103900023,24,1,23
103900024,1,17,-16
103900025,0,1,-1
103900026,0,0,0
103900027,28,0,28
103900028,4,20,-16
103900029,192,8,184
103900030,51,0,51
103900031,22,1,21
103900032,5,6,-1
103900033,8,4,4
103900034,2,1,1
103900035,0,0,0
103900036,16,6,10
103900037,0,1,-1
103900038,0,31,-31
103900039,0,0,0
103900040,0,0,0
103900041,0,7,-7
103900042,0,0,0
103900043,0,0,0
103900044,2,84,-82
103900045,9,1,8
103900047,0,0,0
103900048,0,0,0
103900049,0,0,0
103900050,0,0,0
103900051,0,0,0
103900052,0,0,0
103900053,5,0,5
103900054,0,0,0
103900055,0,0,0
103900056,0,0,0
103900057,21,0,21
103900058,0,0,0
103900059,0,0,0
103900060,43,12,31
103900061,31,1,30
103900062,0,0,0
103900063,0,0,0
103900064,13,0,13
103900065,7,10,-3
103900066,18,1,17
103900067,9,0,9
103900068,0,0,0
103900069,0,0,0
103900070,2,5,-3
103900071,2,2,0
103900072,0,0,0
103900073,0,16,-16
103900074,1,2,-1
103900075,7,0,7
103900076,0,0,0
103900077,1,47,-46
103900078,1,0,1
103900079,0,0,0
103900080,0,0,0
103900081,0,0,0
103900082,0,0,0
103900083,122,287,-165
103900084,0,0,0
103900085,1,0,1
103900086,29,10,19
103900087,0,2,-2
103900088,5,29,-24
103900089,0,0,0
103900090,1,0,1
103900091,0,0,0
103900092,0,0,0
103900093,39,0,39
103900094,0,0,0
103900095,0,0,0
103900096,111,0,111
103900097,0,0,0
103900098,0,0,0
103900099,32,2,30
103900100,0,0,0
103900101,0,0,0
103900102,0,0,0
103900104,0,0,0
103900105,0,0,0
103900106,0,0,0
103900107,44,5,39
103900108,2,14,-12
103900109,23,0,23
103900110,0,0,0
103900111,0,0,0
103900112,0,0,0
103900113,0,0,0
103900114,0,0,0
103900115,0,0,0
103900116,2,28,-26
103900117,16,0,16
103900119,0,31,-31
103900120,6,12,-6
103900122,0,0,0
103900123,0,0,0
103900124,0,0,0
103900125,0,0,0
103900126,41,3,38
103900127,0,4,-4
103900128,0,0,0
103900131,0,0,0
103900133,62,0,62
103900134,0,0,0
103900135,0,0,0
103900137,0,0,0
103900138,0,0,0
103900139,12,96,-84
103900140,0,0,0
103900141,11,0,11
103900142,13,0,13
103900143,2,0,2
103900144,0,0,0
103900145,3,7,-4
103900146,30,0,30
103900147,0,0,0
103900148,0,0,0
103900149,18,0,18
103900150,134,27,107
103900151,0,0,0
103900152,230,1,229
103900153,0,0,0
103900154,0,5,-5
103900155,7,0,7
103900156,0,0,0
103900157,0,0,0
103900158,14,1,13
103900159,0,0,0
103900160,0,0,0
103900161,2,0,2
103900162,0,0,0
103900163,0,0,0
103900167,0,7,-7
103900168,10,0,10
103900169,2,39,-37
103900170,0,0,0
103900171,0,0,0
103900172,0,0,0
103900173,0,0,0
103900174,13,0,13
103900175,1,18,-17
103900176,0,0,0
103900177,0,0,0
103900178,0,0,0
103900179,0,0,0
103900180,0,0,0
103900181,0,0,0
103900182,0,0,0
103900184,0,0,0
103900185,0,0,0
103900187,1,2,-1
103900188,8,0,8
103900189,8,0,8
103900190,3,0,3
103900191,0,0,0
103900192,0,0,0
103900193,0,0,0
103900194,0,0,0
103900195,0,0,0
103900196,0,0,0
103900197,0,0,0
103900198,0,0,0
103900199,0,0,0
103900200,0,0,0
103900201,0,0,0
103900202,0,0,0
103900203,4,0,4
103900204,0,0,0
103900207,0,0,0
103900208,9,0,9
103900209,0,0,0
103900210,0,0,0
103900211,148,3,145
103900212,0,0,0
103900213,0,0,0
103900214,149,159,-10
103900215,0,0,0
103900216,1,0,1
103900217,59,2,57
103900218,0,0,0
103900219,0,0,0
103900233,0,0,0
103900235,0,0,0
103900236,0,0,0
103900242,0,0,0
103900243,0,0,0
103900244,8,0,8
103900245,0,0,0
103900246,2,0,2
103900247,0,0,0
103900248,0,0,0
103900249,0,0,0
103900250,0,0,0
103900251,0,0,0
103900253,0,0,0
103900254,0,0,0
103900255,0,0,0
103900256,0,0,0
103900257,0,0,0
103900258,0,0,0
103900259,0,0,0
103900261,0,0,0
103900262,0,0,0
103900263,0,0,0
103900264,0,0,0
103900265,0,0,0
103900266,0,1,-1
103900267,0,0,0
103900268,1,2,-1
103900269,10,1,9
103900270,1,0,1
103900271,0,0,0
104000001,1139,733,406
104000002,1151,1709,-558
104000003,1059,1217,-158
104000004,1579,1811,-232
104000005,1009,1402,-393
104000006,1273,1143,130
104000007,2277,1503,774
104000008,74,31,43
104000009,376,265,111
104000010,104,236,-132
104000011,17,16,1
104000012,10,36,-26
104000013,140,214,-74
104000014,74,23,51
104000015,274,65,209
104000016,51,29,22
104000018,664,145,519
104000019,879,226,653
104000020,56,282,-226
104000021,207,336,-129
104000022,81,144,-63
104000023,595,105,490
104000024,38,19,19
104000026,9,6,3
104000027,22,7,15
104000028,498,192,306
104000029,20,11,9
104000030,509,443,66
104000031,767,58,709
104000032,59,30,29
104000033,591,76,515
104000034,93,16,77
104000035,907,97,810
104000036,691,328,363
104000037,25,8,17
104000038,435,145,290
104000039,241,234,7
104000040,67,273,-206
104000041,267,149,118
104000042,218,160,58
104000043,31,153,-122
104000044,65,123,-58
104000045,322,117,205
104000046,240,220,20
104000047,178,581,-403
104000048,542,966,-424
104000049,324,150,174
104000050,51,167,-116
104000051,11,31,-20
104000052,642,688,-46
104000053,442,76,366
104000054,204,46,158
104000055,1280,304,976
104000056,221,9,212
104000057,0,0,0
104000058,529,279,250
104000059,345,572,-227
104000060,370,283,87
104000061,391,160,231
104000062,79,14,65
104000064,214,45,169
104000065,6,83,-77
104000069,411,727,-316
104000070,27,129,-102
104000071,0,0,0
104000072,82,24,58
104000075,0,0,0
104000076,0,0,0
104000082,566,956,-390
104000083,547,122,425
104000084,107,252,-145
104000085,207,54,153
104000086,146,143,3
104000087,60,120,-60
104000090,60,103,-43
104000092,59,145,-86
104000094,158,64,94
104000095,514,630,-116
104000096,1009,5,1004
104000097,1080,102,978
104000098,1511,120,1391
104000100,1418,150,1268
104000101,739,700,39
104000106,54,124,-70
104000107,582,129,453
104000108,115,17,98
104000109,67,34,33
104000110,129,308,-179
104000111,349,590,-241
104000112,82,60,22
104000116,0,73,-73
104000117,96,97,-1
104000118,308,53,255
104000119,92,63,29
104000120,87,93,-6
104000121,50,197,-147
104000122,406,285,121
104000123,319,266,53
104000124,288,775,-487
104000125,245,476,-231
104000126,279,379,-100
104000127,502,748,-246
104000128,510,114,396
104000129,95,1,94
104000130,5,123,-118
104000131,6,1,5
104000132,4,3,1
104000133,323,283,40
104000134,386,783,-397
104000135,116,1050,-934
104000136,439,1705,-1266
104000137,875,333,542
104000138,67,104,-37
104000139,1479,1630,-151
104000141,383,308,75
104000142,200,76,124
104000143,148,26,122
104000144,59,95,-36
104000145,189,74,115
104000146,23,125,-102
104000147,10,73,-63
104000148,188,118,70
104000149,38,33,5
104000150,507,123,384
104000151,91,63,28
104000152,175,51,124
104000153,375,360,15
104000154,199,244,-45
104000155,338,496,-158
104000157,584,428,156
104000158,35,213,-178
104000159,219,205,14
104000160,1029,1556,-527
104000161,27,61,-34
104000162,70,28,42
104000165,265,252,13
104000167,318,721,-403
104000168,432,0,432
104000169,131,18,113
104000170,9,13,-4
104000248,3,123,-120
104000251,0,0,0
104000272,0,0,0
104000273,0,0,0
104000274,0,0,0
104000275,0,0,0
104000279,263,751,-488
104000290,3,47,-44
104000291,336,602,-266
104000293,500,313,187
104000294,0,0,0
104000295,354,872,-518
104000296,156,209,-53
104000297,283,1260,-977
104000298,488,276,212
104000299,441,823,-382
104900001,0,0,0
104900002,0,0,0
104900003,0,0,0
104900004,0,0,0
104900005,0,0,0
104900006,0,0,0
104900007,0,0,0
104900009,0,0,0
104900010,0,0,0
104900011,0,0,0
104900012,0,0,0
104900013,0,0,0
104900014,0,0,0
104900015,0,0,0
104900016,0,0,0
104900017,0,0,0
104900018,0,0,0
104900019,0,0,0
104900020,0,0,0
104900021,0,0,0
104900022,1,0,1
104900023,0,0,0
104900024,0,19,-19
104900025,0,0,0
104900026,0,0,0
104900027,0,0,0
104900028,1,4,-3
104900029,0,0,0
104900030,0,0,0
104900031,0,5,-5
104900032,0,0,0
104900033,0,0,0
104900034,0,0,0
104900035,0,0,0
104900036,0,0,0
104900037,0,0,0
104900038,0,0,0
104900039,0,0,0
104900040,0,0,0
104900041,0,0,0
104900042,0,0,0
104900043,0,0,0
104900044,23,0,23
104900045,0,0,0
104900046,0,0,0
104900047,77,3,74
104900048,67,0,67
104900049,0,0,0
104900050,0,0,0
104900051,37,0,37
104900052,0,0,0
104900053,77,0,77
104900054,1,0,1
104900055,0,0,0
104900056,14,0,14
104900057,0,0,0
104900058,4,0,4
104900059,86,19,67
104900060,0,0,0
104900061,0,0,0
104900063,0,0,0
104900064,0,0,0
104900065,0,0,0
104900066,0,0,0
104900067,0,0,0
104900068,0,0,0
104900070,0,0,0
104900071,0,0,0
104900072,0,0,0
104900073,0,0,0
104900074,0,0,0
104900075,0,0,0
104900076,0,0,0
104900077,0,0,0
104900078,0,0,0
104900079,0,0,0
104900080,0,0,0
104900082,0,0,0
104900085,0,0,0
104900087,82,0,82
104900089,0,0,0
104900090,0,0,0
104900091,0,0,0
104900093,0,0,0
104900097,0,0,0
104900098,0,0,0
104900099,0,0,0
104900100,0,0,0
104900102,0,0,0
104900103,0,0,0
104900104,0,0,0
104900106,0,0,0
104900107,0,0,0
104900108,0,0,0
104900109,0,0,0
104900110,0,0,0
104900111,0,0,0
104900112,0,0,0
104900113,0,0,0
104900114,0,0,0
104900115,0,0,0
104900116,0,0,0
104900118,0,0,0
104900119,0,0,0
104900120,0,0,0
104900121,0,0,0
104900122,0,0,0
104900123,0,0,0
104900124,0,0,0
104900125,38,0,38
104900126,0,0,0
104900127,0,0,0
104900128,10,0,10
104900129,0,0,0
105000001,878,573,305
105000002,733,877,-144
105000003,841,1427,-586
105000004,318,693,-375
105000005,398,734,-336
105000006,507,1197,-690
105000007,366,1116,-750
105000008,525,1610,-1085
105000009,2073,1717,356
105000010,1100,628,472
105000011,1708,1829,-121
105000012,538,851,-313
105000013,416,490,-74
105000014,2085,1532,553
105000015,4375,6717,-2342
105000016,1153,899,254
105000017,1179,544,635
105000018,1107,708,399
105000019,928,820,108
105000020,72,177,-105
105000021,115,23,92
105000022,35,22,13
105000023,229,170,59
105000028,7,120,-113
105000029,115,437,-322
105000030,1809,1284,525
105000033,414,607,-193
105000034,40,388,-348
105000037,232,21,211
105000038,513,526,-13
105000039,191,469,-278
105000040,398,687,-289
105000041,50,260,-210
105000042,1024,720,304
105000043,230,256,-26
105000044,314,129,185
105000045,50,118,-68
105000046,503,133,370
105000047,139,166,-27
105000048,635,166,469
105000049,143,92,51
105000050,461,247,214
105000051,54,49,5
105000052,183,275,-92
105000053,176,27,149
105000054,189,237,-48
105000055,342,29,313
105000056,656,350,306
105000057,1241,130,1111
105000058,439,418,21
105000059,584,194,390
105000060,302,97,205
105000061,541,141,400
105000062,362,127,235
105000063,77,45,32
105000064,901,173,728
105000065,39,60,-21
105000066,313,120,193
105000067,795,406,389
105000068,44,156,-112
105000069,559,546,13
105000070,321,664,-343
105000071,226,1056,-830
105000072,778,1279,-501
105000073,653,423,230
105000074,39,155,-116
105000075,126,254,-128
105000076,463,267,196
105000077,967,278,689
105000078,429,674,-245
105000079,137,369,-232
105000080,1279,1307,-28
105000081,212,135,77
105000082,400,955,-555
105000083,1851,1799,52
105000084,63,112,-49
105000085,1943,1452,491
105000086,105,117,-12
105000087,68,191,-123
105000088,1140,1055,85
105000089,571,650,-79
105000090,194,230,-36
105000091,210,212,-2
105000092,163,135,28
105000093,68,127,-59
105000094,242,95,147
105000095,33,159,-126
105000096,427,599,-172
105000097,165,69,96
105000098,456,395,61
105000099,167,58,109
105000100,450,316,134
105000101,1099,545,554
105000102,583,333,250
105000103,605,428,177
105000104,761,198,563
105000105,573,326,247
105000106,623,244,379
105000107,575,178,397
105000108,655,209,446
105000109,780,351,429
105000110,421,150,271
105000111,546,120,426
105000112,461,213,248
105000113,287,379,-92
105000114,797,931,-134
105000115,188,812,-624
105000116,692,254,438
105000117,179,122,57
105000118,247,166,81
105000119,131,132,-1
105000120,813,237,576
105000121,276,124,152
105000122,194,170,24
105000123,229,168,61
105000124,964,193,771
105000125,337,233,104
105000126,690,292,398
105000127,1214,285,929
105000128,132,128,4
105000129,270,78,192
105000130,116,1855,-1739
105000131,90,38,52
105000132,611,480,131
105000133,105,140,-35
105000134,445,212,233
105000135,52,40,12
105000136,0,0,0
105000137,209,33,176
105000138,0,0,0
105000139,181,182,-1
105000140,436,63,373
105000141,133,102,31
105000142,347,114,233
105000143,81,182,-101
105000144,67,82,-15
105000145,394,126,268
105000146,0,0,0
105000147,505,61,444
105000148,244,213,31
105000149,909,515,394
105000150,78,23,55
105000151,265,64,201
105000152,71,120,-49
105000153,315,83,232
105000154,150,75,75
105000155,120,131,-11
105000156,49,73,-24
105000157,328,160,168
105000158,809,122,687
105000159,115,123,-8
105000160,1085,269,816
105000161,248,129,119
105000162,228,766,-538
105000163,466,230,236
105000164,52,94,-42
105000165,65,2218,-2153
105000166,238,402,-164
105000167,336,1073,-737
105000168,146,142,4
105000169,212,22,190
105000170,25,447,-422
105000171,480,42,438
105000172,74,4,70
105000173,156,29,127
105000174,13,28,-15
105000175,0,0,0
105000176,177,15,162
105000177,204,59,145
105000178,86,83,3
105000179,320,8,312
105000180,0,0,0
105000181,50,18,32
105000182,0,0,0
105000183,585,1465,-880
105000184,1,1,0
105000185,189,399,-210
105000186,3,8,-5
105000187,240,246,-6
105000188,50,116,-66
105000189,0,2,-2
105000190,96,133,-37
105000191,4,14,-10
105000192,224,26,198
105000193,23,8,15
105000194,258,15,243
105000195,67,84,-17
105000196,50,126,-76
105000197,10,120,-110
105000198,13,24,-11
105000199,23,178,-155
105000200,85,213,-128
105000201,63,7,56
105000203,3,202,-199
105000204,22,40,-18
105000205,38,202,-164
105000207,0,0,0
105000208,57,137,-80
105000209,0,0,0
105000212,344,129,215
105000213,65,16,49
105000214,62,51,11
105000215,84,49,35
105000216,19,6,13
105000217,0,0,0
105000218,1024,200,824
105000221,86,27,59
105000222,46,40,6
105000223,26,11,15
105000226,30,20,10
105000227,39,27,12
105000228,30,572,-542
105000229,167,314,-147
105000231,281,35,246
105000233,423,357,66
105000234,272,433,-161
105000235,198,202,-4
105000237,361,25,336
105000243,73,56,17
105000248,8,28,-20
105000262,169,59,110
105000269,33,31,2
105000270,215,9,206
105000271,0,12,-12
105000282,31,3,28
105000287,158,11,147
105000288,215,151,64
105000289,629,904,-275
105000290,0,70,-70
105000402,308,1173,-865
105000426,20,280,-260
105000438,558,619,-61
105000446,2143,3659,-1516
105000447,2286,542,1744
105000454,0,0,0
105000455,59,27,32
105000474,45,4,41
105000477,133,169,-36
105000478,985,2392,-1407
105000479,39,49,-10
105000480,2624,3312,-688
105000481,1571,1136,435
105000482,882,1647,-765
105000483,539,1144,-605
105000484,633,1391,-758
105000485,1325,1881,-556
105000486,586,1798,-1212
105000488,818,1750,-932
105000489,636,202,434
105000549,22,14,8
105000550,0,0,0
105000551,11,41,-30
105000552,736,330,406
105900001,0,10,-10
105900002,132,35,97
105900003,0,0,0
105900004,0,0,0
105900005,0,0,0
105900006,0,1,-1
105900007,0,0,0
105900008,0,0,0
105900009,0,0,0
105900011,0,5,-5
105900012,37,14,23
105900013,0,0,0
105900014,0,2,-2
105900015,0,0,0
105900016,24,11,13
105900017,0,0,0
105900018,0,0,0
105900019,0,2,-2
105900020,0,0,0
105900021,0,18,-18
105900022,0,0,0
105900023,0,7,-7
105900024,2,0,2
105900025,14,0,14
105900026,0,0,0
105900027,362,87,275
105900028,7,0,7
105900029,322,42,280
105900030,41,44,-3
105900031,0,0,0
105900032,0,0,0
105900033,0,0,0
105900034,0,0,0
105900035,0,0,0
105900036,0,0,0
105900037,0,0,0
105900038,0,0,0
105900039,0,0,0
105900040,0,0,0
105900041,0,0,0
105900042,0,0,0
105900043,49,2,47
105900044,0,0,0
105900045,0,0,0
105900046,0,0,0
105900047,0,0,0
105900048,22,2,20
105900050,18,68,-50
105900051,5,27,-22
105900052,47,1,46
105900053,0,0,0
105900054,0,0,0
105900056,56,16,40
105900057,8,10,-2
105900058,0,0,0
105900059,0,0,0
106000001,1065,780,285
106000002,116,618,-502
106000003,1442,1906,-464
106000004,551,1893,-1342
106000005,2283,2505,-222
106000006,1209,1353,-144
106000007,586,187,399
106000008,43,90,-47
106000009,435,171,264
106000010,45,93,-48
106000011,895,393,502
106000012,239,293,-54
106000013,1663,848,815
106000014,285,288,-3
106000015,1839,777,1062
106000016,282,372,-90
106000017,886,287,599
106000018,82,185,-103
106000019,403,266,137
106000020,26,37,-11
106000021,421,250,171
106000022,46,26,20
106000023,940,207,733
106000024,98,69,29
106000025,225,324,-99
106000026,11,31,-20
106000027,1478,623,855
106000028,4,51,-47
106000029,20,17,3
106000030,0,0,0
106000034,0,0,0
106000035,350,624,-274
106000036,0,0,0
106000037,165,51,114
106000038,24,5,19
106000039,9,18,-9
106000040,5,69,-64
106000041,484,149,335
106000043,221,49,172
106000046,56,7,49
106000047,0,0,0
106000049,490,28,462
106000050,83,98,-15
106000051,632,262,370
106000052,0,0,0
106000053,289,87,202
106000054,0,0,0
106000055,401,43,358
106000056,0,0,0
106000057,289,40,249
106000058,0,0,0
106000059,349,85,264
106000060,0,0,0
106000061,98,575,-477
106000062,0,0,0
106000063,593,654,-61
106000064,0,0,0
106000065,488,87,401
106000066,39,22,17
106000067,371,73,298
106000068,37,14,23
106000069,148,15,133
106000070,79,15,64
106000071,779,130,649
106000072,422,910,-488
106000073,614,1336,-722
106000074,335,535,-200
106000075,124,292,-168
106000076,689,269,420
106000077,906,396,510
106000078,594,126,468
106000079,588,156,432
106000080,591,80,511
106000081,443,159,284
106000082,797,35,762
106000083,245,387,-142
106000084,941,146,795
106000085,417,338,79
106000086,236,161,75
106000087,346,167,179
106000088,278,159,119
106000089,627,58,569
106000090,296,288,8
106000091,102,142,-40
106000092,171,126,45
106000093,416,24,392
106000094,0,0,0
106000095,495,117,378
106000096,686,113,573
106000097,647,74,573
106000098,724,127,597
106000099,62,83,-21
106000100,841,41,800
106000101,693,13,680
106000102,48,81,-33
106000103,90,150,-60
106000104,444,126,318
106000105,97,192,-95
106000106,390,167,223
106000107,46,140,-94
106000108,208,135,73
106000109,25,70,-45
106000110,150,49,101
106000111,65,66,-1
106000112,154,169,-15
106000113,93,212,-119
106000114,162,163,-1
106000115,99,212,-113
106000116,271,152,119
106000117,54,114,-60
106000118,601,383,218
106000119,18,209,-191
106000120,376,454,-78
106000121,162,89,73
106000122,124,69,55
106000123,202,48,154
106000124,162,29,133
106000125,46,87,-41
106000126,297,29,268
106000127,261,145,116
106000128,430,80,350
106000129,243,159,84
106000130,684,169,515
106000131,11,278,-267
106000132,389,52,337
106000133,149,487,-338
106000134,274,1183,-909
106000135,1,128,-127
106000136,421,536,-115
106000137,0,113,-113
106000138,909,27,882
106000139,94,56,38
106000140,0,0,0
106000141,0,0,0
106000142,144,12,132
106000143,0,0,0
106000144,63,65,-2
106000145,0,0,0
106000146,287,93,194
106000147,159,76,83
106000148,168,311,-143
106000149,526,92,434
106000150,322,652,-330
106000151,691,270,421
106000152,626,798,-172
106000153,38,471,-433
106000154,473,92,381
106000155,45,73,-28
106000156,654,49,605
106000157,88,474,-386
106000158,588,330,258
106000159,301,592,-291
106000160,138,1074,-936
106000161,197,47,150
106000162,215,471,-256
106000163,87,34,53
106000164,304,76,228
106000165,79,92,-13
106000166,564,55,509
106000167,226,277,-51
106000168,298,65,233
106000169,240,142,98
106000170,368,33,335
106000171,120,454,-334
106000172,793,139,654
106000173,600,610,-10
106000174,608,8,600
106000175,80,6,74
106000176,872,198,674
106000177,144,133,11
106000178,1102,165,937
106000179,78,57,21
106000180,373,240,133
106000181,529,490,39
106000182,1291,93,1198
106000183,869,109,760
106000184,483,122,361
106000185,423,378,45
106000186,101,9,92
106000187,12,306,-294
106000188,0,0,0
106000189,0,34,-34
106000190,9,6,3
106000191,159,23,136
106000192,0,0,0
106000193,49,77,-28
106000194,5,147,-142
106000195,40,95,-55
106000196,24,501,-477
106000197,213,113,100
106000198,16,22,-6
106000199,273,160,113
106000200,12,113,-101
106000201,74,1291,-1217
106000202,244,154,90
106000203,0,0,0
106000204,18,2,16
106000205,0,0,0
106000206,44,17,27
106000207,0,12,-12
106000208,663,33,630
106000209,1029,136,893
106000210,13,17,-4
106000211,12,33,-21
106000212,770,126,644
106000213,13,86,-73
106000214,651,115,536
106000215,58,149,-91
106000216,334,88,246
106000217,22,141,-119
106000218,336,38,298
106000219,40,96,-56
106000220,398,35,363
106000221,87,57,30
106000222,65,23,42
106000223,115,64,51
106000224,42,62,-20
106000225,40,118,-78
106000226,14,159,-145
106000228,0,0,0
106000229,0,0,0
106000231,450,13,437
106000232,0,0,0
106000233,120,8,112
106000234,0,0,0
106000235,30,18,12
106000236,0,0,0
106000237,0,0,0
106000238,0,21,-21
106000239,0,0,0
106000240,0,4,-4
106000241,0,131,-131
106000242,71,12,59
106000249,89,10,79
106000250,42,139,-97
106000251,57,9,48
106000252,0,0,0
106000253,30,2,28
106000254,0,0,0
106000255,47,5,42
106000256,0,0,0
106000257,15,73,-58
106000258,2,2,0
106000259,0,0,0
106000260,1,0,1
106000261,0,0,0
106000262,11,1,10
106000263,0,0,0
106000264,66,2,64
106000265,0,0,0
106000266,104,0,104
106000267,0,0,0
106000268,124,3,121
106000269,0,0,0
106000270,10,25,-15
106000271,7,17,-10
106000272,0,0,0
106000273,1,16,-15
106000274,0,0,0
106000275,21,16,5
106000276,0,0,0
106000277,10,14,-4
106000278,0,0,0
106000279,0,0,0
106000280,0,0,0
106000281,0,0,0
106000282,0,0,0
106000283,0,0,0
106000284,0,0,0
106000285,0,0,0
106000286,0,0,0
106000287,0,0,0
106000288,0,0,0
106000289,0,0,0
106000290,0,0,0
106000291,0,0,0
106000292,0,0,0
106000293,0,0,0
106000294,0,0,0
106000295,0,0,0
106000296,0,0,0
106000297,0,0,0
106000298,0,0,0
106000299,0,0,0
106000300,0,0,0
106000301,0,0,0
106000303,6,9,-3
106000304,0,0,0
106000305,39,1,38
106000306,0,0,0
106000307,75,1,74
106000308,0,0,0
106000309,0,0,0
106000310,176,82,94
106000311,83,15,68
106000312,53,53,0
106000313,32,2,30
106000318,0,0,0
106000319,387,115,272
106000320,0,61,-61
106000321,7,178,-171
106000322,116,56,60
106000324,27,35,-8
106000325,1551,418,1133
106000326,161,267,-106
106000327,220,7,213
106000328,1,5,-4
106000329,5,35,-30
106000330,8,27,-19
106000428,33,177,-144
106000429,12,147,-135
106000430,56,274,-218
106000431,976,160,816
106000432,53,532,-479
106000433,1389,642,747
106000434,2213,891,1322
106000435,46,496,-450
106000436,0,37,-37
106000437,176,47,129
106000438,93,225,-132
106000439,2,90,-88
106000440,74,112,-38
106000441,19,0,19
106000442,28,5,23
106000443,213,297,-84
106000450,0,0,0
106000451,10,53,-43
106000454,0,0,0
106000455,0,6,-6
106000456,39,15,24
106000457,0,0,0
106000458,603,41,562
106000459,0,0,0
106000460,722,15,707
106000461,0,0,0
106000462,0,0,0
106000463,1,5,-4
106000464,0,0,0
106000465,503,0,503
106000466,0,0,0
106000467,0,57,-57
106000468,27,89,-62
106000469,82,3,79
106000470,3,7,-4
106000471,0,0,0
106000472,82,19,63
106000473,0,0,0
106000474,64,84,-20
106000475,111,126,-15
106000476,142,188,-46
106000477,0,0,0
106900001,0,0,0
106900002,0,0,0
106900003,0,0,0
106900004,0,0,0
106900006,0,0,0
106900007,0,0,0
106900008,0,0,0
106900009,0,0,0
106900010,0,0,0
106900012,0,0,0
106900013,0,0,0
106900014,0,0,0
106900015,0,0,0
106900016,0,0,0
106900017,0,0,0
106900018,0,0,0
106900019,26,0,26
106900020,0,0,0
106900021,11,0,11
106900022,1,0,1
106900023,0,0,0
106900024,0,0,0
106900025,0,0,0
106900026,0,0,0
106900027,284,1,283
107000001,1805,2444,-639
107000002,617,774,-157
107000003,4524,4536,-12
107000004,1244,706,538
107000005,4093,3417,676
107000006,1199,695,504
107000007,2939,3288,-349
107000008,1497,1053,444
107000009,6777,6535,242
107000010,1935,1263,672
107000011,89,119,-30
107000012,705,277,428
107000013,0,0,0
107000014,0,0,0
107000015,0,0,0
107000016,0,0,0
107000017,192,92,100
107000018,0,93,-93
107000020,145,282,-137
107000021,188,88,100
107000022,284,424,-140
107000023,614,87,527
107000024,233,657,-424
107000025,72,104,-32
107000026,128,131,-3
107000027,572,181,391
107000028,433,261,172
107000029,1716,1071,645
107000030,781,730,51
107000031,1875,938,937
107000032,169,374,-205
107000033,928,1193,-265
107000034,491,183,308
107000035,93,116,-23
107000036,148,404,-256
107000037,62,492,-430
107000038,33,63,-30
107000039,379,562,-183
107000040,106,47,59
107000041,472,264,208
107000042,159,844,-685
107000043,388,238,150
107000044,97,190,-93
107000045,63,159,-96
107000046,370,161,209
107000047,162,322,-160
107000048,346,220,126
107000049,221,393,-172
107000050,360,277,83
107000051,310,381,-71
107000052,372,583,-211
107000053,288,198,90
107000054,22,211,-189
107000055,163,81,82
107000056,463,622,-159
107000057,544,241,303
107000058,1553,1971,-418
107000059,157,389,-232
107000060,3501,3211,290
107000061,1026,622,404
107000062,3305,1521,1784
107000063,704,627,77
107000064,2837,1817,1020
107000065,552,697,-145
107000066,1223,1726,-503
107000067,487,352,135
107000068,393,459,-66
107000069,389,598,-209
107000070,359,5,354
107000071,1586,12,1574
107000072,2,129,-127
107000073,384,115,269
107000074,69,119,-50
107000075,1373,137,1236
107000076,32,106,-74
107000077,1679,176,1503
107000078,77,203,-126
107000079,1586,327,1259
107000080,120,226,-106
107000081,1382,236,1146
107000082,253,293,-40
107000083,811,406,405
107000084,161,328,-167
107000085,1289,1094,195
107000086,550,809,-259
107000087,1113,830,283
107000088,522,740,-218
107000089,776,672,104
107000090,258,223,35
107000091,733,351,382
107000092,123,204,-81
107000093,423,610,-187
107000094,175,265,-90
107000095,812,441,371
107000096,91,125,-34
107000097,392,229,163
107000098,61,299,-238
107000099,251,250,1
107000100,48,225,-177
107000101,127,224,-97
107000102,183,235,-52
107000103,281,129,152
107000104,69,105,-36
107000105,396,105,291
107000106,150,81,69
107000107,500,101,399
107000108,76,145,-69
107000109,415,61,354
107000110,0,0,0
107000111,270,18,252
107000112,0,0,0
107000113,511,47,464
107000114,0,0,0
107000115,598,48,550
107000116,0,0,0
107000117,100,384,-284
107000118,0,0,0
107000119,386,726,-340
107000120,0,0,0
107000121,499,242,257
107000122,275,251,24
107000123,557,250,307
107000124,155,135,20
107000125,658,123,535
107000126,313,119,194
107000129,109,43,66
107000130,358,188,170
107000131,112,199,-87
107000132,227,137,90
107000133,93,11,82
107000134,176,0,176
107000135,1,92,-91
107000136,297,0,297
107000137,3,147,-144
107000138,18,0,18
107000139,0,122,-122
107000140,423,3,420
107000141,12,69,-57
107000142,88,6,82
107000143,3,144,-141
107000144,165,187,-22
107000145,25,137,-112
107000146,119,77,42
107000147,255,240,15
107000150,245,1138,-893
107000151,25,3,22
107000152,101,658,-557
107000153,22,16,6
107000154,1,66,-65
107000155,514,3,511
107000156,526,3,523
107000157,8,197,-189
107000158,285,1,284
107000159,2,114,-112
107000160,792,40,752
107000161,5,131,-126
107000162,150,282,-132
107000163,72,0,72
107000164,407,1,406
107000165,713,11,702
107000166,4,63,-59
107000167,251,44,207
107000168,673,97,576
107000169,59,157,-98
107000170,1348,392,956
107000171,144,196,-52
107000172,621,595,26
107000173,106,116,-10
107000174,289,1721,-1432
107000175,814,202,612
107000176,11,0,11
107000177,0,0,0
107000178,10,1,9
107000179,141,230,-89
107000180,1047,112,935
107000181,189,44,145
107000182,1456,78,1378
107000183,78,65,13
107000184,506,50,456
107000185,123,116,7
107000186,540,84,456
107000187,480,418,62
107000188,47,74,-27
107000189,368,258,110
107000190,164,74,90
107000191,376,412,-36
107000192,286,56,230
107000193,125,259,-134
107000194,190,91,99
107000197,546,46,500
107000198,139,221,-82
107000199,313,130,183
107000200,105,230,-125
107000201,103,95,8
107000202,81,265,-184
107000203,84,475,-391
107000204,135,1156,-1021
107000205,215,110,105
107000206,136,857,-721
107000207,74,115,-41
107000208,60,92,-32
107000209,159,323,-164
107000210,33,92,-59
107000211,0,31,-31
107000212,0,39,-39
107000213,0,27,-27
107000214,1,23,-22
107000215,186,70,116
107000216,128,47,81
107000217,16,15,1
107000219,14,89,-75
107000220,23,19,4
107000222,20,72,-52
107000224,142,8,134
107000225,58,113,-55
107000226,274,29,245
107000227,22,61,-39
107000228,4,78,-74
107000229,56,15,41
107000230,77,117,-40
107000231,363,299,64
107000232,36,7,29
107000233,37,120,-83
107000234,5,112,-107
107000235,99,6,93
107000236,0,0,0
107000237,29,0,29
107000238,58,6,52
107000239,433,138,295
107000240,27,44,-17
107000241,3,5,-2
107000242,10,3,7
107000243,0,87,-87
107000244,8,0,8
107000246,0,60,-60
107000249,0,53,-53
107000251,0,21,-21
107000252,2,99,-97
107000255,37,0,37
107000257,1,146,-145
107000258,0,29,-29
107000259,0,40,-40
107000260,1199,4,1195
107000262,1,46,-45
107000263,387,7,380
107000266,19,9,10
107000267,4,27,-23
107000268,73,26,47
107000269,3,0,3
107000270,47,24,23
107000271,0,0,0
107000272,41,0,41
107000273,0,50,-50
107000274,156,22,134
107000275,0,26,-26
107000280,526,8,518
107000281,1,48,-47
107000282,0,149,-149
107000290,0,6,-6
107000291,2,2,0
107000292,0,24,-24
107000293,5,1,4
107000294,0,21,-21
107000295,22,0,22
107000296,0,9,-9
107000444,162,0,162
107000496,0,2,-2
107000497,206,205,1
107000500,253,82,171
107000501,14,84,-70
107000502,74,70,4
107000505,48,324,-276
107000506,0,0,0
107000508,0,64,-64
107000509,71,266,-195
107000510,19,51,-32
107000514,7,77,-70
107000515,3,26,-23
107000516,416,94,322
107000518,562,449,113
107000519,74,29,45
107000520,41,10,31
107900001,5,0,5
107900002,1,0,1
107900003,27,1,26
107900004,18,0,18
107900005,761,1,760
107900006,36,3,33
107900007,98,1,97
107900008,18,0,18
107900009,13,0,13
107900010,0,0,0
107900012,31,0,31
107900013,32,0,32
107900014,1,0,1
107900015,321,5,316
107900016,54,10,44
107900017,23,0,23
107900018,12,45,-33
107900019,4,1,3
107900020,0,0,0
107900021,9,2,7
107900023,10,0,10
107900024,0,0,0
107900025,48,36,12
107900026,16,0,16
107900027,0,0,0
107900028,20,0,20
107900030,52,15,37
107900031,29,1,28
107900032,9,0,9
107900033,2,1,1
107900034,56,10,46
107900035,303,5,298
107900036,1,2,-1
107900037,0,0,0
107900038,3,33,-30
107900039,0,0,0
107900040,0,0,0
107900041,0,0,0
107900043,19,7,12
107900044,5,2,3
107900045,27,38,-11
107900046,58,31,27
107900047,0,0,0
107900048,67,1,66
107900049,2,81,-79
107900050,5,8,-3
107900051,13,3,10
107900052,0,0,0
107900053,1,2,-1
107900055,91,17,74
107900056,21,29,-8
107900057,0,0,0
107900058,5,23,-18
107900060,0,0,0
107900061,0,0,0
107900063,10,34,-24
107900064,77,105,-28
107900065,105,2,103
107900066,5,0,5
107900067,0,0,0
107900068,31,124,-93
107900069,7,633,-626
107900070,13,16,-3
107900071,5,31,-26
107900072,91,3,88
107900073,0,0,0
107900074,0,0,0
107900076,32,2,30
107900077,0,0,0
107900078,28,17,11
107900079,5,2,3
107900080,4,31,-27
107900081,0,0,0
107900082,0,0,0
107900083,52,51,1
107900084,17,21,-4
107900086,0,39,-39
107900087,19,4,15
107900088,5,1,4
107900089,28,50,-22
107900090,10,230,-220
107900091,101,74,27
107900092,146,7,139
107900093,0,0,0
107900095,178,225,-47
107900097,10,4,6
107900098,8,10,-2
107900100,70,395,-325
107900101,28,2,26
107900102,2,0,2
107900103,1,3,-2
107900104,0,0,0
107900105,0,130,-130
107900106,0,94,-94
107900107,0,0,0
107900108,4,10,-6
107900109,620,3,617
107900110,33,1,32
107900111,0,26,-26
107900112,4,46,-42
107900113,0,0,0
107900114,86,14,72
107900115,0,0,0
107900116,44,27,17
107900117,51,71,-20
107900118,1,5,-4
107900119,23,18,5
107900120,0,2,-2
107900121,0,0,0
107900122,0,0,0
107900123,0,3,-3
107900124,0,0,0
107900125,1,23,-22
107900126,0,1,-1
107900127,0,0,0
107900128,12,18,-6
107900129,7,0,7
107900130,0,0,0
107900131,1,4,-3
107900132,1,34,-33
107900133,0,0,0
107900134,1,4,-3
107900135,0,8,-8
107900136,0,0,0
107900137,55,11,44
107900138,11,0,11
107900139,0,0,0
107900140,1,1,0
107900141,2,4,-2
107900142,1,24,-23
107900143,6,0,6
107900144,0,6,-6
107900145,0,0,0
107900146,16,32,-16
107900147,1,0,1
107900148,0,3,-3
107900149,65,15,50
107900150,0,8,-8
107900151,1,3,-2
107900152,0,0,0
107900153,6,156,-150
107900154,4,6,-2
107900155,0,0,0
107900156,0,0,0
107900157,3,20,-17
107900158,226,4,222
107900159,0,40,-40
107900160,46,21,25
107900161,4,8,-4
107900162,0,0,0
107900163,0,0,0
107900164,2,4,-2
107900165,14,54,-40
107900166,5,2,3
107900167,0,0,0
107900168,6,0,6
107900169,1,3,-2
107900171,0,72,-72
107900172,0,0,0
107900173,1,1,0
107900174,2,0,2
107900175,0,0,0
107900176,2,0,2
107900177,0,0,0
107900178,0,0,0
107900179,0,0,0
107900180,13,217,-204
107900181,0,0,0
107900182,0,21,-21
107900183,7,1,6
107900184,0,0,0
107900185,0,0,0
107900186,1,1,0
107900187,0,7,-7
107900188,267,68,199
107900189,0,0,0
107900190,1,29,-28
107900191,0,0,0
107900193,0,0,0
107900194,0,0,0
107900195,109,15,94
107900196,0,0,0
107900197,2,16,-14
107900199,0,0,0
107900201,0,0,0
107900203,2,1,1
107900204,0,0,0
107900205,23,18,5
107900206,23,119,-96
107900207,0,31,-31
107900208,0,16,-16
107900209,0,0,0
107900210,1,1,0
107900213,0,0,0
107900214,0,25,-25
107900215,16,47,-31
107900216,0,0,0
107900217,0,0,0
107900218,0,0,0
107900219,0,2,-2
107900220,0,0,0
107900221,2,8,-6
107900223,0,0,0
107900224,47,42,5
107900225,0,0,0
107900226,0,0,0
107900227,11,22,-11
107900228,0,0,0
107900229,0,0,0
107900230,0,0,0
107900231,0,0,0
107900232,23,0,23
107900233,0,0,0
107900234,0,0,0
107900235,2,16,-14
107900236,1,0,1
107900237,0,0,0
107900238,0,0,0
107900239,26,70,-44
107900240,1,1,0
107900241,0,0,0
107900242,1,5,-4
107900243,0,0,0
107900244,0,0,0
107900245,74,22,52
107900246,100,4,96
107900248,235,2,233
107900249,175,5,170
107900250,0,15,-15
107900251,2,23,-21
107900252,102,4,98
107900253,46,1,45
107900254,2,7,-5
107900255,14,7,7
107900256,10,0,10
107900257,46,31,15
107900258,15,4,11
107900259,0,376,-376
107900261,0,82,-82
107900262,0,0,0
107900264,174,2,172
107900265,32,41,-9
107900267,92,0,92
107900268,0,0,0
107900269,0,0,0
107900270,0,0,0
107900271,0,0,0
107900272,13,0,13
107900273,38,9,29
107900274,55,0,55
107900275,0,0,0
107900276,0,0,0
107900277,0,0,0
107900278,99,0,99
107900279,0,0,0
107900280,361,103,258
107900281,132,1015,-883
107900282,13,248,-235
107900283,113,44,69
107900284,317,47,270
107900285,23,2,21
107900286,3,1,2
107900287,56,25,31
107900290,0,1,-1
107900291,90,1,89
107900292,92,56,36
107900293,49,81,-32
107900295,23,4,19
107900297,0,1,-1
107900298,180,114,66
107900299,294,303,-9
107900300,138,130,8
107900301,56,161,-105
107900302,16,10,6
107900303,166,18,148
107900304,92,0,92
107900305,94,0,94
107900306,0,0,0
107900307,0,0,0
107900308,41,20,21
107900309,0,0,0
107900310,0,0,0
107900311,0,0,0
107900312,0,0,0
107900313,0,0,0
107900314,0,0,0
107900315,0,0,0
107900316,0,0,0
107900317,0,0,0
107900318,0,0,0
107900319,2,9,-7
107900320,9,3,6
107900321,25,0,25
107900322,1,3,-2
107900323,20,8,12
107900324,36,0,36
107900325,42,0,42
107900326,138,48,90
107900327,0,0,0
107900328,0,0,0
107900329,0,0,0
107900330,0,8,-8
107900331,94,14,80
107900332,108,4,104
107900333,18,0,18
107900334,4,9,-5
107900335,6,1,5
107900336,1,1,0
107900337,101,221,-120
107900338,0,4,-4
107900339,0,0,0
107900340,0,0,0
107900341,0,0,0
107900342,33,120,-87
107900343,65,1,64
107900344,5,65,-60
107900345,43,3,40
107900346,2,0,2
107900347,8,0,8
107900348,0,0,0
107900349,45,0,45
107900350,2,27,-25
108000001,2587,1181,1406
108000002,122,214,-92
108000003,2272,1177,1095
108000004,1372,3364,-1992
108000005,5876,2527,3349
108000006,973,1220,-247
108000007,3911,1980,1931
108000008,935,896,39
108000009,3309,2215,1094
108000010,623,796,-173
108000011,8839,4908,3931
108000012,2981,2375,606
108000014,221,504,-283
108000015,502,67,435
108000016,24,122,-98
108000017,711,107,604
108000018,1376,124,1252
108000019,286,96,190
108000020,745,157,588
108000021,106,69,37
108000022,176,301,-125
108000023,702,100,602
108000024,109,113,-4
108000025,177,39,138
108000026,462,61,401
108000027,417,9,408
108000028,556,75,481
108000029,252,8,244
108000030,301,20,281
108000031,73,10,63
108000032,1170,192,978
108000033,128,205,-77
108000034,1587,93,1494
108000035,143,436,-293
108000036,99,100,-1
108000037,1259,114,1145
108000038,1855,192,1663
108000039,62,83,-21
108000040,1328,322,1006
108000041,48,148,-100
108000042,239,38,201
108000043,80,15,65
108000044,742,29,713
108000045,40,0,40
108000046,1261,138,1123
108000047,184,156,28
108000048,0,0,0
108000049,573,57,516
108000050,16,8,8
108000051,174,64,110
108000052,16,25,-9
108000053,245,102,143
108000054,78,292,-214
108000055,574,172,402
108000056,192,156,36
108000057,335,634,-299
108000058,1110,1769,-659
108000059,388,740,-352
108000060,115,172,-57
108000061,103,108,-5
108000062,527,206,321
108000063,314,165,149
108000064,166,172,-6
108000065,287,161,126
108000066,598,76,522
108000067,959,151,808
108000068,661,161,500
108000069,36,359,-323
108000070,1733,162,1571
108000071,107,454,-347
108000072,1169,259,910
108000073,234,309,-75
108000074,704,198,506
108000075,185,161,24
108000076,1222,155,1067
108000077,162,98,64
108000078,1636,348,1288
108000079,212,324,-112
108000080,1082,201,881
108000081,169,344,-175
108000082,210,157,53
108000083,1040,389,651
108000084,75,83,-8
108000085,620,180,440
108000086,59,55,4
108000087,109,1278,-1169
108000088,91,1,90
108000089,58,52,6
108000090,325,52,273
108000091,27,99,-72
108000092,261,20,241
108000093,59,90,-31
108000094,791,23,768
108000095,54,68,-14
108000096,544,106,438
108000097,49,50,-1
108000098,1152,310,842
108000099,121,17,104
108000100,136,116,20
108000101,796,434,362
108000102,757,1278,-521
108000106,421,0,421
108000107,2,153,-151
108000108,385,11,374
108000109,0,106,-106
108000110,283,42,241
108000111,28,198,-170
108000112,10,151,-141
108000113,255,114,141
108000115,148,44,104
108000117,298,78,220
108000118,46,61,-15
108000119,294,38,256
108000120,110,287,-177
108000121,134,57,77
108000122,410,75,335
108000123,276,49,227
108000124,83,48,35
108000125,405,55,350
108000126,117,54,63
108000127,390,66,324
108000128,376,28,348
108000129,93,46,47
108000130,250,79,171
108000131,343,84,259
108000132,98,93,5
108000133,1265,93,1172
108000134,185,74,111
108000135,963,102,861
108000136,17,48,-31
108000137,375,45,330
108000138,116,270,-154
108000139,493,204,289
108000140,434,3,431
108000141,7,56,-49
108000142,0,22,-22
108000143,23,6,17
108000144,386,1,385
108000145,29,17,12
108000146,411,2,409
108000147,6,5,1
108000148,154,5,149
108000149,2,2,0
108000150,42,13,29
108000151,1,18,-17
108000152,27,59,-32
108000153,215,75,140
108000154,54,12,42
108000155,18,19,-1
108000156,212,46,166
108000157,30,639,-609
108000158,15,223,-208
108000159,130,55,75
108000160,935,478,457
108000161,672,836,-164
108000165,22,156,-134
108000172,0,67,-67
108000173,833,564,269
108000175,311,20,291
108000178,152,331,-179
108000179,104,499,-395
108000181,58,6,52
108000182,139,2,137
108000183,0,3,-3
108000184,115,1360,-1245
108000185,0,4,-4
108000186,127,1,126
108000187,0,24,-24
108000188,178,5,173
108000189,128,991,-863
108000190,0,0,0
108000192,109,130,-21
108000193,29,29,0
108000194,5,0,5
108000195,0,11,-11
108000196,130,17,113
108000198,247,61,186
108000199,0,0,0
108000200,209,0,209
108000202,0,140,-140
108000203,0,14,-14
108000204,54,28,26
108000205,54,15,39
108000339,597,497,100
108000364,116,148,-32
108000365,21,59,-38
108000367,65,5,60
108000368,0,1,-1
108000369,109,22,87
108000371,0,172,-172
108000372,255,3,252
108000373,127,13,114
108000376,126,24,102
108000377,321,161,160
108000378,6911,5916,995
108000379,0,0,0
108000381,61,7,54
108000382,82,0,82
108000383,0,22,-22
108900001,2,25,-23
108900002,88,5,83
108900003,1,7,-6
108900004,111,127,-16
108900005,22,199,-177
108900006,169,94,75
108900007,145,70,75
108900008,88,31,57
108900009,61,33,28
108900010,148,49,99
108900011,542,45,497
108900012,262,94,168
108900013,127,73,54
108900014,4,9,-5
108900015,0,0,0
108900016,0,0,0
108900017,51,47,4
108900018,46,109,-63
108900019,0,14,-14
108900020,21,22,-1
108900021,30,40,-10
108900022,88,25,63
108900023,0,3,-3
108900024,5,5,0
108900025,99,4,95
108900026,0,0,0
108900027,0,8,-8
108900028,36,31,5
108900029,2,73,-71
108900030,0,0,0
108900031,3,28,-25
108900032,0,0,0
108900033,0,17,-17
108900034,0,7,-7
108900035,17,77,-60
108900036,92,62,30
108900037,0,0,0
108900038,0,11,-11
108900039,0,18,-18
108900040,2,14,-12
108900041,1093,1129,-36
108900042,0,21,-21
108900043,0,0,0
108900044,0,21,-21
108900045,86,27,59
108900046,3,32,-29
108900047,0,14,-14
108900048,32,22,10
108900049,151,285,-134
108900050,3,29,-26
108900051,0,5,-5
108900052,27,12,15
108900053,1,69,-68
108900054,5,2,3
108900055,2,13,-11
108900056,0,13,-13
108900057,0,36,-36
108900058,4,30,-26
108900059,175,11,164
108900060,17,59,-42
108900061,0,2,-2
108900062,0,16,-16
108900063,0,16,-16
108900064,23,12,11
108900065,5,13,-8
108900066,202,28,174
108900067,7,12,-5
108900068,0,26,-26
108900069,42,11,31
108900070,4,7,-3
108900071,63,15,48
108900072,149,141,8
108900073,9,5,4
108900074,68,12,56
108900075,2,4,-2
108900076,248,36,212
108900077,7,81,-74
108900078,33,15,18
108900079,67,4,63
108900080,25,180,-155
108900081,1,27,-26
108900082,36,13,23
108900083,0,43,-43
108900084,36,10,26
108900085,192,17,175
108900086,23,18,5
108900087,59,12,47
108900088,136,76,60
108900089,1,70,-69
108900090,35,26,9
108900091,3,11,-8
108900092,102,52,50
108900093,39,33,6
108900094,78,14,64
108900095,2,20,-18
108900096,40,3,37
108900097,100,24,76
108900098,223,392,-169
108900099,187,19,168
108900100,3,19,-16
108900101,30,32,-2
108900102,3,356,-353
108900103,37,30,7
108900104,15,40,-25
108900105,3,655,-652
108900106,190,33,157
108900108,52,1,51
108900109,35,11,24
108900110,65,24,41
108900111,169,35,134
108900112,93,4,89
108900113,27,37,-10
108900114,2,0,2
108900115,107,27,80
108900116,7,0,7
108900117,87,1,86
108900118,172,17,155
108900119,155,1,154
108900120,58,24,34
108900121,55,21,34
108900122,95,1,94
108900123,71,15,56
108900124,30,1,29
108900125,188,3,185
108900126,117,12,105
108900127,108,4,104
108900128,111,10,101
108900129,73,5,68
108900130,88,0,88
108900131,210,4,206
108900132,144,9,135
108900133,85,18,67
108900134,275,14,261
108900135,131,0,131
108900136,14,0,14
108900137,91,5,86
108900138,327,12,315
108900139,256,17,239
108900140,307,29,278
108900141,244,0,244
108900142,54,1,53
108900143,29,0,29
108900144,58,0,58
108900145,132,12,120
108900146,19,0,19
108900147,196,0,196
108900148,23,2,21
108900149,132,45,87
108900150,34,10,24
108900151,2,0,2
108900152,134,17,117
108900153,181,38,143
108900154,1965,108,1857
108900155,77,17,60
108900156,33,14,19
108900157,3,20,-17
108900158,251,21,230
108900159,0,21,-21
108900160,8,54,-46
108900161,0,47,-47
108900162,59,0,59
108900163,1,194,-193
108900164,22,8,14
108900165,26,10,16
108900167,110,2916,-2806
108900168,915,825,90
108900169,1,10,-9
108900171,466,1137,-671
108900172,54,13,41
108900173,55,40,15
108900174,502,41,461
108900176,3,62,-59
108900177,149,762,-613
108900178,254,1252,-998
108900179,63,612,-549
108900180,28,141,-113
108900182,19,139,-120
108900183,45,42,3
108900184,240,107,133
108900185,5,106,-101
108900186,31,73,-42
108900187,377,7,370
108900188,378,13,365
108900189,167,17,150
108900190,1,84,-83
108900191,23,7,16
108900192,7,51,-44
108900193,4,19,-15
108900194,0,34,-34
108900195,12,19,-7
108900196,1,9,-8
108900198,0,23,-23
108900199,74,44,30
108900200,176,93,83
108900201,83,237,-154
108900203,251,16,235
108900204,122,3,119
108900205,180,7,173
108900206,94,22,72
108900207,40,41,-1
108900208,2,57,-55
108900209,37,57,-20
108900210,32,17,15
108900211,5,46,-41
108900212,8,129,-121
108900215,0,8,-8
108900216,51,86,-35
108900217,2,0,2
108900218,5,2,3
108900219,22,1,21
108900220,8,3,5
108900221,0,0,0
108900222,76,0,76
108900223,0,0,0
108900224,0,0,0
108900225,0,0,0
108900226,110,14,96
108900227,35,91,-56
108900230,10,11,-1
108900231,3,15,-12
108900232,0,13,-13
108900233,129,10,119
108900234,84,8,76
108900235,0,1,-1
108900236,0,0,0
108900237,0,0,0
108900240,2,20,-18
108900241,1,24,-23
108900245,0,127,-127
108900249,10,0,10
108900250,46,3,43
108900257,44,0,44
108900258,0,11,-11
108900259,0,3,-3
108900260,0,0,0
108900261,1,2,-1
108900262,14,36,-22
108900263,5,12,-7
108900264,8,22,-14
108900265,53,228,-175
108900266,26,244,-218
108900267,2,94,-92
108900268,39,3,36
108900269,39,3,36
108900270,18,2,16
108900271,7,4,3
108900272,110,1,109
108900273,66,229,-163
108900274,14,0,14
109000001,787,2447,-1660
109000002,4,285,-281
109000003,1470,292,1178
109000004,2,118,-116
109000005,1262,346,916
109000006,5,89,-84
109000007,1305,373,932
109000008,25,79,-54
109000009,1857,471,1386
109000010,16,142,-126
109000011,2315,807,1508
109000012,13,145,-132
109000013,3308,1826,1482
109000014,63,139,-76
109000015,2904,4675,-1771
109000016,89,205,-116
109000017,2055,522,1533
109000018,45,250,-205
109000019,1352,797,555
109000020,25,31,-6
109000023,22,1,21
109000024,6,44,-38
109000025,108,214,-106
109000026,229,255,-26
109000027,24,152,-128
109000028,52,73,-21
109000029,77,135,-58
109000030,0,0,0
109000031,210,50,160
109000032,0,2,-2
109000033,292,71,221
109000034,6,3,3
109000035,0,6,-6
109000036,5,122,-117
109000037,89,922,-833
109000038,84,46,38
109000039,250,454,-204
109000040,334,4131,-3797
109000041,143,908,-765
109000042,232,453,-221
109000044,125,15,110
109000045,53,0,53
109000046,224,11,213
109000047,3,0,3
109000048,326,28,298
109000049,13,2,11
109000050,189,78,111
109000051,18,24,-6
109000052,96,51,45
109000053,318,103,215
109000054,19,33,-14
109000055,27,94,-67
109000056,93,15,78
109000057,46,231,-185
109000058,98,3,95
109000059,7,181,-174
109000060,58,149,-91
109000061,27,902,-875
109000062,19,133,-114
109000063,10,18,-8
109000064,122,6,116
109000065,4,22,-18
109000066,189,8,181
109000067,0,19,-19
109000068,115,13,102
109000069,136,1,135
109000070,0,11,-11
109000071,102,35,67
109000072,54,330,-276
109000073,19,69,-50
109000074,5,125,-120
109000075,44,0,44
109000076,14,155,-141
109000077,71,118,-47
109000078,49,44,5
109000079,36,40,-4
109000080,96,16,80
109000081,64,60,4
109000082,371,16,355
109000083,107,84,23
109000088,83,24,59
109000089,228,43,185
109000090,157,47,110
109000091,246,85,161
109000092,176,180,-4
109000093,231,24,207
109000094,489,0,489
109000095,14,43,-29
109000096,517,41,476
109000097,0,23,-23
109000098,31,40,-9
109000099,389,9,380
109000100,24,195,-171
109000101,1004,215,789
109000102,205,133,72
109000103,223,137,86
109000104,1190,224,966
109000105,126,208,-82
109000106,799,250,549
109000107,196,157,39
109000108,1137,260,877
109000109,175,113,62
109000110,512,304,208
109000111,285,314,-29
109000112,19,16,3
109000113,43,8,35
109000114,153,146,7
109000115,310,18,292
109000116,0,45,-45
109000117,158,4,154
109000118,0,72,-72
109000119,816,11,805
109000120,14,65,-51
109000121,510,5,505
109000122,18,82,-64
109000123,29,9,20
109000124,302,35,267
109000125,824,82,742
109000126,21,31,-10
109000127,969,47,922
109000128,48,31,17
109000129,1596,100,1496
109000130,71,29,42
109000131,454,424,30
109000132,95,91,4
109000133,7,81,-74
109000134,55,67,-12
109000135,62,42,20
109000136,101,120,-19
109000137,489,106,383
109000138,148,83,65
109000139,285,34,251
109000140,72,147,-75
109000141,133,49,84
109000142,12,47,-35
109000143,47,31,16
109000145,22,78,-56
109000146,62,228,-166
109000148,66,166,-100
109000149,43,121,-78
109000150,83,107,-24
109000155,172,317,-145
109000156,262,12,250
109000158,1,232,-231
109000159,12,104,-92
109000160,601,38,563
109000161,244,136,108
109000162,779,115,664
109000163,545,86,459
109000164,702,592,110
109000165,754,229,525
109000166,425,38,387
109000167,85,107,-22
109000170,1,11,-10
109000171,51,1,50
109000172,1,13,-12
109000173,0,28,-28
109000174,16,4,12
109000175,39,17,22
109000176,170,92,78
109000177,2,10,-8
109000178,159,30,129
109000179,348,828,-480
109000180,922,506,416
109000181,16,2,14
109000182,45,28,17
109000183,33,11,22
109000184,18,47,-29
109000185,30,26,4
109000188,196,237,-41
109000189,671,64,607
109000190,163,106,57
109000191,220,115,105
109000192,276,31,245
109000193,120,30,90
109000194,102,3,99
109000195,63,21,42
109000196,60,0,60
109000197,136,12,124
109000198,126,2,124
109000199,19,4,15
109000206,108,6,102
109000207,76,27,49
109000208,125,33,92
109000209,69,30,39
109000210,10,31,-21
109000211,300,278,22
109000214,196,178,18
109000215,75,25,50
109000216,129,166,-37
109000217,6,2,4
109000218,16,11,5
109000221,21,85,-64
109000222,368,23,345
109000223,148,169,-21
109000224,106,37,69
109000225,54,10,44
109000226,64,63,1
109000227,680,166,514
109000228,0,3,-3
109000231,0,31,-31
109000232,404,27,377
109000236,16,25,-9
109000241,593,220,373
109000242,420,104,316
109000293,13,45,-32
109000361,24,12,12
109000364,35,30,5
109000396,1,39,-38
109000397,743,10,733
109000399,80,173,-93
109000400,62,47,15
109000403,3,747,-744
109000406,76,0,76
109000407,15,46,-31
109000408,0,68,-68
109000410,0,0,0
109000411,113,9,104
109900001,19,0,19
109900002,182,2,180
109900003,153,0,153
109900004,45,2,43
109900005,4,0,4
109900006,186,18,168
109900007,332,0,332
109900008,0,0,0
109900009,0,6,-6
109900010,0,0,0
109900011,14,6,8
109900012,61,14,47
109900013,58,27,31
109900014,15,4,11
109900015,28,9,19
109900016,42,0,42
109900017,59,27,32
109900018,40,0,40
109900019,4,0,4
109900020,5,1,4
109900021,10,1,9
109900022,44,5,39
109900023,12,0,12
109900024,1,1,0
109900025,0,0,0
109900026,0,11,-11
109900027,4,0,4
109900028,36,139,-103
109900029,0,3,-3
109900030,18,1,17
109900031,0,50,-50
109900032,0,0,0
109900033,0,62,-62
109900034,2,1,1
109900035,7,14,-7
109900036,0,0,0
109900037,0,0,0
109900038,0,9,-9
109900039,16,10,6
109900040,0,0,0
109900041,2,8,-6
109900042,0,0,0
109900044,17,6,11
109900045,19,8,11
109900046,4,8,-4
109900047,6,46,-40
109900048,1,5,-4
109900049,2,2,0
109900050,0,4,-4
109900051,0,2,-2
109900052,3,54,-51
109900053,0,8,-8
109900054,420,13,407
109900055,24,28,-4
109900056,0,0,0
109900057,0,5,-5
109900058,0,0,0
109900059,431,4,427
109900060,106,7,99
109900061,6,12,-6
109900062,0,0,0
109900063,2,46,-44
109900064,81,10,71
109900065,10,13,-3
109900066,1,13,-12
109900067,0,0,0
109900068,109,0,109
109900069,0,1,-1
109900070,2,12,-10
109900071,0,3,-3
109900072,1,11,-10
109900073,122,11,111
109900074,0,2,-2
109900075,0,0,0
109900076,0,5,-5
109900077,7,20,-13
109900078,26,9,17
109900080,19,11,8
109900081,0,11,-11
109900082,0,5,-5
109900083,1,3,-2
109900084,0,0,0
109900085,26,18,8
109900086,2,108,-106
109900087,16,42,-26
109900089,80,4,76
109900090,15,49,-34
109900091,178,6,172
109900092,0,0,0
109900093,125,4,121
109900094,0,0,0
109900095,15,25,-10
109900096,45,0,45
109900097,0,0,0
109900098,164,0,164
109900099,242,0,242
109900100,30,2,28
109900101,337,0,337
109900102,0,0,0
109900103,11,7,4
109900104,465,29,436
109900105,0,0,0
109900106,0,0,0
109900107,0,0,0
109900108,0,0,0
109900109,0,0,0
109900110,4,2,2
109900111,40,22,18
109900112,26,25,1
109900113,326,112,214
109900114,137,45,92
109900115,54,4,50
109900117,474,10,464
109900118,29,28,1
109900119,36,16,20
109900120,23,1,22
109900121,45,28,17
109900122,278,2,276
109900123,0,3,-3
109900124,1,7,-6
109900125,0,19,-19
109900126,75,6,69
109900128,133,2,131
109900130,289,338,-49
109900131,1,50,-49
109900132,0,10,-10
109900133,10,20,-10
109900134,0,0,0
109900135,0,0,0
109900136,0,0,0
109900137,45,19,26
109900138,74,26,48
109900140,25,3,22
109900142,226,10,216
109900145,2,66,-64
109900146,0,1,-1
109900148,23,19,4
109900149,1,5,-4
109900150,0,6,-6
109900151,0,4,-4
109900152,0,4,-4
109900153,0,19,-19
109900154,3,0,3
109900155,8,5,3
109900157,31,14,17
109900158,5,5,0
109900159,21,3,18
109900160,4,0,4
109900161,46,15,31
109900162,91,32,59
109900163,111,49,62
109900164,68,82,-14
109900165,5,0,5
109900166,1,34,-33
109900167,13,25,-12
109900168,31,49,-18
109900169,0,0,0
109900170,11,240,-229
109900171,39,36,3
109900172,7,57,-50
109900173,42,269,-227
109900174,0,3,-3
109900175,0,0,0
109900176,0,0,0
109900177,0,0,0
109900178,0,0,0
109900179,0,0,0
109900180,0,0,0
110000001,91,105,-14
110000002,450,822,-372
110000003,144,160,-16
110000004,373,860,-487
110000005,240,932,-692
110000006,85,562,-477
110000007,18,14,4
110000008,4,24,-20
110000009,0,5,-5
110000010,40,55,-15
110000011,15,9,6
110000012,76,211,-135
110000013,54,255,-201
110000014,358,92,266
110000015,84,306,-222
110000016,189,681,-492
110000017,917,279,638
110000018,253,140,113
110000019,8,8,0
110000020,173,76,97
110000021,75,51,24
110000022,239,5,234
110000023,1,27,-26
110000024,41,46,-5
110000025,393,1,392
110000026,1,57,-56
110000027,164,249,-85
110000028,395,157,238
110000029,56,85,-29
110000030,92,254,-162
110000031,31,39,-8
110000032,397,102,295
110000033,25,20,5
110000034,250,146,104
110000035,174,168,6
110000036,408,202,206
110000037,31,120,-89
110000038,97,244,-147
110000039,405,1379,-974
110000040,118,58,60
110000041,253,1285,-1032
110000042,48,87,-39
110000043,340,231,109
110000044,22,49,-27
110000045,32,98,-66
110000046,10,1,9
110000047,0,32,-32
110000048,0,10,-10
110000049,1,14,-13
110000050,3,15,-12
110000051,3,1,2
110000052,51,48,3
110000053,3,1,2
110000054,38,77,-39
110000055,49,79,-30
110000056,84,77,7
110000057,42,45,-3
110000058,431,336,95
110000059,61,118,-57
110000060,879,405,474
110000061,132,173,-41
110000062,676,338,338
110000063,103,47,56
110000064,48,6,42
110000065,60,48,12
110000066,77,2,75
110000067,27,12,15
110000068,7,13,-6
110000069,234,3,231
110000071,143,3,140
110000073,5,2,3
110000075,2,3,-1
110000076,166,112,54
110000077,98,231,-133
110000078,78,2,76
110000080,68,103,-35
110000081,13,43,-30
110000082,5,63,-58
110000083,123,116,7
110000084,468,431,37
110000085,597,334,263
110000086,504,787,-283
110000087,33,10,23
110000088,36,65,-29
110000089,170,14,156
110000090,10,37,-27
110000091,87,27,60
110000092,0,1,-1
110000093,60,10,50
110000094,224,31,193
110000095,80,289,-209
110000096,269,271,-2
110000097,567,768,-201
110000098,699,169,530
110000099,193,229,-36
110000100,394,9,385
110000101,0,36,-36
110000102,22,62,-40
110000104,126,46,80
110000105,94,37,57
110000106,121,257,-136
110000107,19,99,-80
110000108,31,161,-130
110000109,5,32,-27
110000110,980,1752,-772
110000111,1069,1203,-134
110000112,89,213,-124
110000113,46,678,-632
110000114,150,320,-170
110000115,162,87,75
110000116,19,9,10
110000117,138,43,95
110000118,291,38,253
110000119,99,38,61
110000120,95,37,58
110000121,5,118,-113
110000122,135,112,23
110000123,318,179,139
110000124,1,240,-239
110000125,520,0,520
110000126,137,3,134
110000127,317,23,294
110000128,0,123,-123
110000129,0,46,-46
110000130,91,40,51
110000131,24,44,-20
110000132,0,72,-72
110000133,2,98,-96
110000134,3,55,-52
110000135,79,20,59
110000136,29,47,-18
110000137,304,17,287
110000138,166,78,88
110000139,541,61,480
110000140,446,127,319
110000143,134,80,54
110000144,1044,393,651
110000145,409,197,212
110000146,587,194,393
110000147,26,320,-294
110000148,230,68,162
110000151,89,268,-179
110000152,143,567,-424
110000153,0,0,0
110000154,5,41,-36
110000155,465,586,-121
110000156,135,346,-211
110000157,170,527,-357
110000160,198,74,124
110000161,35,84,-49
110000166,338,0,338
110000167,809,286,523
110000168,575,300,275
110000169,364,111,253
110000170,61,63,-2
110000171,278,42,236
110000172,131,163,-32
110000173,193,221,-28
110000174,34,123,-89
110000175,377,46,331
110000176,49,324,-275
110000177,93,409,-316
110000178,243,834,-591
110000179,310,95,215
110000180,77,94,-17
110000181,197,75,122
110000182,70,8,62
110000183,2102,3000,-898
110000184,82,1178,-1096
110000185,132,250,-118
110000186,68,166,-98
110000191,867,110,757
110000192,304,1,303
110000193,489,3,486
110000194,0,76,-76
110000195,256,8,248
110000196,164,6,158
110000197,40,9,31
110000198,45,9,36
110000199,4,41,-37
110000200,139,29,110
110000201,301,385,-84
110000202,354,136,218
110000203,33,39,-6
110000204,0,59,-59
110000205,156,25,131
110000206,69,61,8
110000207,744,54,690
110000208,32,48,-16
110000209,30,45,-15
110000210,947,155,792
110000211,475,228,247
110000212,107,519,-412
110000213,93,9,84
110000214,83,24,59
110000215,3,66,-63
110000216,30,63,-33
110000217,281,41,240
110000218,49,34,15
110000219,131,19,112
110000220,1,26,-25
110000221,274,3,271
110000222,12,67,-55
110000223,2,23,-21
110000224,1,0,1
110000225,43,112,-69
110000226,117,9,108
110000227,76,156,-80
110000228,102,27,75
110000229,0,19,-19
110000230,324,243,81
110000231,68,102,-34
110000232,27,81,-54
110000233,83,85,-2
110000234,161,126,35
110000235,273,358,-85
110000236,0,0,0
110000237,383,122,261
110000238,443,165,278
110000239,419,155,264
110000240,0,3,-3
110000242,0,0,0
110000243,76,1,75
110000244,4,51,-47
110000245,0,56,-56
110000246,372,157,215
110000247,285,369,-84
110000248,220,124,96
110000249,68,1,67
110000250,0,37,-37
110000251,160,68,92
110000252,112,11,101
110000253,555,187,368
110000254,284,63,221
110000255,53,95,-42
110000256,128,75,53
110000257,56,10,46
110000258,0,20,-20
110000259,37,3,34
110000260,23,29,-6
110000263,167,14,153
110000264,250,117,133
110000265,998,399,599
110000266,658,620,38
110000267,0,0,0
110000268,46,0,46
110000269,0,0,0
110000270,35,0,35
110000271,227,24,203
110000272,179,169,10
110000273,176,311,-135
110000274,123,816,-693
110000275,199,67,132
110000276,74,250,-176
110000277,191,58,133
110000278,170,129,41
110000279,491,86,405
110000280,345,79,266
110000281,33,15,18
110000282,66,1,65
110000283,5,45,-40
110000284,0,3,-3
110000285,0,7,-7
110000286,12,0,12
110000287,89,0,89
110000288,0,0,0
110000289,74,960,-886
110000290,77,96,-19
110000291,202,334,-132
110000292,390,1802,-1412
110000293,373,192,181
110000294,763,380,383
110000295,50,100,-50
110000296,293,78,215
110000297,784,31,753
110000298,2,53,-51
110000299,38,16,22
110000301,271,0,271
110000302,82,70,12
110000303,260,0,260
110000304,23,22,1
110000305,557,7,550
110000306,1,70,-69
110000307,743,0,743
110000308,352,3,349
110000309,0,92,-92
110000310,486,23,463
110000311,1,179,-178
110000312,236,15,221
110000313,544,87,457
110000314,0,35,-35
110000315,381,623,-242
110000316,6,216,-210
110000317,37,43,-6
110000318,0,30,-30
110000319,13,11,2
110000320,0,18,-18
110000321,2,11,-9
110000322,40,122,-82
110000323,308,74,234
110000324,180,56,124
110000325,895,1136,-241
110000327,217,82,135
110000328,12,21,-9
110000333,284,358,-74
110000334,65,156,-91
110000335,187,104,83
110000336,57,119,-62
110000337,933,101,832
110000338,190,84,106
110000339,233,15,218
110000340,4,13,-9
110000341,242,2,240
110000342,48,0,48
110000343,0,0,0
110000344,3,23,-20
110000345,40,27,13
110000346,685,503,182
110000347,900,186,714
110000348,0,3,-3
110000349,0,0,0
110000350,6,1,5
110000351,789,158,631
110000352,174,523,-349
110000353,963,148,815
110000354,141,750,-609
110000355,27,0,27
110000356,241,2,239
110000357,302,12,290
110000361,0,0,0
110000362,121,3,118
110000363,236,15,221
110000364,135,82,53
110000365,46,0,46
110000366,0,41,-41
110000367,124,56,68
110000368,0,8,-8
110000369,22,0,22
110000373,1,56,-55
110000374,5,19,-14
110000375,60,106,-46
110000376,10,40,-30
110000377,30,226,-196
110000378,0,99,-99
110000379,965,1284,-319
110000380,123,6,117
110000383,0,108,-108
110000384,321,20,301
110000385,0,13,-13
110000387,16,0,16
110000388,4,17,-13
110000389,642,24,618
110000391,398,24,374
110000396,59,4,55
110000397,52,14,38
110000398,0,13,-13
110000399,104,0,104
110000587,75,7,68
110000589,73,13,60
110000640,127,6,121
110000652,3,63,-60
110000653,34,33,1
110000654,0,0,0
110000656,0,0,0
110000674,0,0,0
110000675,0,0,0
110000676,0,0,0
110000679,0,0,0
110000682,105,111,-6
110000683,188,124,64
110000684,0,0,0
110000685,12,1,11
110000686,0,0,0
110000687,7,0,7
110000688,3,173,-170
110000689,38,1,37
110000692,7,17,-10
110000693,2,103,-101
110000694,0,0,0
110000695,1,52,-51
110000696,93,4,89
110900001,24,1,23
110900002,73,0,73
110900003,247,0,247
110900004,205,0,205
110900005,0,0,0
110900006,1,2,-1
110900007,24,15,9
110900008,0,0,0
110900009,14,63,-49
110900010,0,0,0
110900011,0,0,0
110900012,0,0,0
110900013,175,37,138
110900014,12,0,12
110900015,26,208,-182
110900016,0,0,0
110900017,194,13,181
110900018,64,3,61
110900019,5,0,5
110900020,0,0,0
110900021,0,0,0
110900022,0,0,0
110900023,8,26,-18
110900024,0,0,0
110900025,0,0,0
110900027,0,0,0
110900028,0,0,0
110900029,0,3,-3
110900030,0,0,0
110900031,0,0,0
110900032,0,0,0
110900033,1,2,-1
110900035,0,0,0
110900036,11,0,11
110900037,10,1,9
110900038,0,0,0
110900039,0,0,0
110900040,38,0,38
110900041,0,0,0
110900042,0,0,0
110900043,0,0,0
110900044,0,0,0
110900045,0,0,0
110900046,0,0,0
110900047,0,0,0
110900049,5,10,-5
110900050,19,0,19
110900051,0,0,0
110900052,0,0,0
110900053,0,0,0
110900054,1,2,-1
110900055,19,1,18
110900056,0,0,0
110900057,0,0,0
110900058,0,0,0
110900059,0,4,-4
110900060,36,9,27
110900061,0,0,0
110900062,0,0,0
110900063,0,1,-1
110900064,1,0,1
110900065,6,17,-11
110900066,0,10,-10
110900067,2,0,2
110900068,0,0,0
110900069,1,5,-4
110900070,0,0,0
110900071,0,0,0
110900073,0,1,-1
110900074,116,0,116
110900075,54,3,51
110900077,264,36,228
110900078,0,0,0
110900079,106,184,-78
110900080,37,6,31
110900081,0,0,0
110900082,41,13,28
110900083,0,6,-6
110900084,0,0,0
110900085,25,19,6
110900086,8,41,-33
110900087,32,44,-12
110900088,1,0,1
110900090,0,0,0
110900091,0,0,0
110900093,0,0,0
110900095,12,2,10
110900097,2,2,0
110900098,1,8,-7
110900099,7,38,-31
110900100,0,4,-4
110900102,23,18,5
110900105,21,6,15
110900108,8,8,0
110900111,18,5,13
110900112,202,3,199
110900113,37,4,33
110900115,1,7,-6
110900116,188,74,114
110900118,3,408,-405
110900119,38,3,35
110900120,0,0,0
110900121,0,0,0
110900122,31,1,30
110900125,89,141,-52
110900127,0,0,0
110900128,2,3,-1
110900129,11,95,-84
110900130,16,118,-102
110900131,14,5,9
110900132,83,4,79
110900133,0,0,0
110900135,0,2,-2
110900136,62,0,62
110900137,0,0,0
110900138,26,16,10
110900139,0,17,-17
110900140,5,1,4
110900141,2,5,-3
110900142,0,0,0
110900143,58,14,44
110900144,0,0,0
110900145,24,19,5
110900146,25,44,-19
110900147,0,0,0
110900148,0,0,0
110900149,0,0,0
110900150,6,9,-3
110900151,0,4,-4
110900152,0,7,-7
110900153,29,3,26
111000001,485,239,246
111000002,33,23,10
111000003,778,492,286
111000004,1,19,-18
111000005,462,753,-291
111000006,50,27,23
111000007,1097,1369,-272
111000008,104,128,-24
111000009,42,216,-174
111000010,685,393,292
111000011,37,192,-155
111000012,102,298,-196
111000013,80,369,-289
111000014,671,203,468
111000017,1,61,-60
111000018,0,31,-31
111000020,61,217,-156
111000021,18,22,-4
111000023,51,54,-3
111000025,233,501,-268
111000029,0,19,-19
111000030,3,2,1
111000031,935,462,473
111000032,377,117,260
111000033,123,38,85
111000034,9,65,-56
111000037,267,483,-216
111000038,559,378,181
111000039,549,406,143
111000040,598,430,168
111000041,104,227,-123
111000042,324,783,-459
111000043,1057,1285,-228
111000044,769,121,648
111000045,1533,667,866
111000046,715,663,52
111000047,1115,2377,-1262
111000049,13,26,-13
111000050,100,136,-36
111000051,82,89,-7
111000052,56,77,-21
111000053,40,72,-32
111000054,59,73,-14
111000055,350,258,92
111000056,61,52,9
111000057,27,49,-22
111000058,269,20,249
111000059,328,87,241
111000060,2781,260,2521
111000061,339,128,211
111000062,746,108,638
111000063,682,309,373
111000064,687,180,507
111000065,1059,215,844
111000066,482,68,414
111000067,197,64,133
111000068,61,77,-16
111000069,135,195,-60
111000070,70,78,-8
111000071,5,17,-12
111000072,767,404,363
111000073,151,639,-488
111000074,951,503,448
111000075,275,109,166
111000076,564,95,469
111000077,566,387,179
111000078,455,160,295
111000079,465,112,353
111000080,176,98,78
111000081,293,1080,-787
111000082,258,105,153
111000084,237,183,54
111000085,424,455,-31
111000086,698,331,367
111000087,412,141,271
111000088,679,444,235
111000089,336,239,97
111000090,314,276,38
111000091,178,120,58
111000092,753,253,500
111000093,320,287,33
111000094,486,227,259
111000095,311,869,-558
111000096,444,2869,-2425
111000097,235,171,64
111000098,107,89,18
111000099,66,180,-114
111000100,69,106,-37
111000101,68,113,-45
111000102,6,54,-48
111000104,370,39,331
111000107,1,105,-104
111000109,309,12,297
111000110,428,194,234
111000111,1531,53,1478
111000112,1158,54,1104
111000113,469,734,-265
111000114,357,1211,-854
111000115,1300,191,1109
111000116,267,76,191
111000117,135,81,54
111000118,266,72,194
111000119,723,86,637
111000120,240,106,134
111000121,129,141,-12
111000122,168,129,39
111000123,343,331,12
111000124,112,268,-156
111000125,85,90,-5
111000126,27,80,-53
111000127,486,22,464
111000128,1366,68,1298
111000129,1603,238,1365
111000130,1661,179,1482
111000131,1543,130,1413
111000132,1229,494,735
111000133,71,10,61
111000134,93,4,89
111000135,5,95,-90
111000136,278,57,221
111000138,4,1,3
111000140,0,0,0
111000141,25,28,-3
111000142,0,0,0
111000143,0,5,-5
111000144,0,4,-4
111000145,11,0,11
111000146,31,0,31
111000147,34,2,32
111000148,19,17,2
111000149,1,64,-63
111000150,19,0,19
111000151,0,1,-1
111000153,192,32,160
111000154,25,31,-6
111000155,84,46,38
111000156,188,104,84
111000157,76,218,-142
111000158,448,364,84
111000159,613,401,212
111000160,169,75,94
111000161,0,75,-75
111000162,2,14,-12
111000163,117,109,8
111000164,13,297,-284
111000165,258,53,205
111000166,55,31,24
111000167,32,71,-39
111000168,67,44,23
111000169,116,30,86
111000170,71,44,27
111000171,61,23,38
111000172,51,24,27
111000173,54,98,-44
111000174,43,10,33
111000175,10,22,-12
111000176,202,35,167
111000177,317,24,293
111000178,873,68,805
111000179,246,14,232
111000180,114,154,-40
111000181,360,65,295
111000182,132,36,96
111000183,101,42,59
111000184,165,34,131
111000185,101,22,79
111000186,91,19,72
111000187,94,13,81
111000188,235,55,180
111000189,9,76,-67
111000190,88,16,72
111000191,55,20,35
111000192,26,60,-34
111000193,30,24,6
111000194,27,15,12
111000195,10,43,-33
111000196,8,17,-9
111000197,233,11,222
111000198,269,2,267
111000199,125,55,70
111000200,484,147,337
111000201,347,21,326
111000202,219,29,190
111000203,181,53,128
111000204,180,460,-280
111000213,186,161,25
111000214,415,168,247
111000215,323,143,180
111000217,808,166,642
111000218,512,239,273
111000219,51,18,33
111000220,235,10,225
111000221,71,24,47
111000224,0,3,-3
111000225,353,311,42
111000226,16,0,16
111000227,6,1,5
111000228,1,386,-385
111000229,3,557,-554
111000230,31,19,12
111000231,441,37,404
111000232,270,152,118
111000233,348,69,279
111000234,32,107,-75
111000239,0,0,0
111000240,16,96,-80
111000241,0,0,0
111000242,92,37,55
111000243,0,0,0
111000244,339,15,324
111000245,382,48,334
111000246,382,73,309
111000247,252,68,184
111000248,404,89,315
111000249,246,45,201
111000250,22,26,-4
111000251,102,37,65
111000253,10,4,6
111000255,20,2,18
111000257,23,3,20
111000260,1,53,-52
111000261,578,34,544
111000271,0,34,-34
111000273,337,339,-2
111000274,511,345,166
111000275,17,5,12
111000276,89,233,-144
111000277,60,44,16
111000278,279,26,253
111000291,498,3822,-3324
111000298,242,103,139
111000299,62,6,56
111000300,5,27,-22
111000302,118,35,83
111000303,119,32,87
111000312,54,1,53
111000315,0,12,-12
111000320,37,75,-38
111000321,238,35,203
111000322,255,56,199
111000323,162,9,153
111000324,131,53,78
111000325,0,18,-18
111000326,87,28,59
111000327,146,89,57
111000328,73,91,-18
111000329,0,30,-30
111000330,19,9,10
111000331,9,1,8
111000332,182,218,-36
111000334,44,153,-109
111000335,486,11,475
111000337,677,2,675
111000338,23,6,17
111000339,250,9,241
111000340,15,75,-60
111000341,661,152,509
111000342,1,51,-50
111000344,479,168,311
111000345,14,7,7
111000346,0,1,-1
111000347,105,0,105
111000350,58,77,-19
111000351,6,194,-188
111000352,66,35,31
111000353,14,155,-141
111000354,102,16,86
111000355,22,129,-107
111000358,54,53,1
111000360,93,16,77
111000361,47,6,41
111000546,80,3,77
111000547,214,20,194
111000548,21,20,1
111000549,128,15,113
111000550,1,83,-82
111000551,29,23,6
111000552,94,19,75
111000907,210,5,205
111000908,7,0,7
111000916,575,5,570
111000917,1,17,-16
111000918,49,19,30
111000920,114,11,103
111000921,1,11,-10
111000922,158,14,144
111000924,2,141,-139
111000925,2785,812,1973
111000926,575,312,263
111000927,1875,2001,-126
111000928,1017,540,477
111000929,1295,440,855
111000930,426,695,-269
111000931,1650,605,1045
111000932,787,627,160
111000933,2021,1267,754
111000934,452,546,-94
111000935,1385,413,972
111000936,284,436,-152
111000937,798,517,281
111000938,583,299,284
111000939,450,7,443
111000940,388,18,370
111000941,182,16,166
111000943,260,60,200
111000944,8,28,-20
111000945,185,14,171
111001109,189,220,-31
111001110,60,2,58
111001111,15,1,14
111001112,189,0,189
111001113,1,54,-53
111001114,119,20,99
111001115,0,0,0
111001116,461,2393,-1932
111001117,20,122,-102
111001120,30,16,14
111001121,9,38,-29
111001122,78,24,54
111001123,110,23,87
111001124,11,5,6
111900001,27,0,27
111900002,0,13,-13
111900003,0,14,-14
111900004,0,13,-13
111900006,0,0,0
111900007,0,0,0
111900008,0,0,0
111900009,33,4,29
111900010,4,4,0
111900012,3,0,3
111900013,0,18,-18
111900014,330,1637,-1307
111900015,0,5,-5
111900016,0,2,-2
111900017,0,2,-2
111900018,46,6,40
111900019,0,86,-86
111900020,3,21,-18
111900021,8,21,-13
111900022,1,1,0
111900023,55,3,52
111900024,6,10,-4
111900025,0,8,-8
111900026,0,2,-2
111900027,0,2,-2
111900028,0,0,0
111900029,0,1,-1
111900030,0,1,-1
111900031,12,0,12
111900032,0,0,0
111900033,0,2,-2
111900034,0,0,0
111900035,0,0,0
111900036,0,0,0
111900038,0,1,-1
111900039,0,0,0
111900040,0,0,0
111900042,0,0,0
111900043,0,0,0
111900044,0,0,0
111900046,0,0,0
111900048,196,46,150
111900049,0,0,0
111900050,0,0,0
111900051,0,20,-20
111900052,0,0,0
111900053,74,566,-492
111900054,0,0,0
111900055,5,62,-57
111900056,6,82,-76
111900057,54,3,51
111900058,258,10,248
111900059,86,53,33
111900060,0,0,0
111900061,1,14,-13
111900062,42,23,19
111900063,18,0,18
111900064,24,33,-9
111900065,55,5,50
111900066,17,0,17
111900067,0,0,0
111900068,14,26,-12
111900069,45,22,23
111900070,36,0,36
111900071,0,0,0
111900072,40,1,39
111900073,77,24,53
111900074,0,0,0
111900075,64,0,64
111900076,19,11,8
111900077,21,1,20
111900078,111,4,107
111900079,42,19,23
111900080,0,0,0
111900081,0,0,0
111900082,346,31,315
111900083,38,3,35
111900084,115,5,110
111900085,0,0,0
111900086,182,20,162
111900087,36,0,36
111900088,125,3,122
111900089,91,0,91
111900090,0,0,0
111900091,518,3,515
111900092,47,0,47
111900093,139,4,135
111900094,44,0,44
111900095,0,0,0
111900096,205,0,205
111900097,61,0,61
111900098,77,2,75
111900099,71,0,71
111900100,0,0,0
111900101,1,0,1
111900102,192,3,189
111900103,0,0,0
111900104,0,0,0
111900105,19,5,14
111900106,32,2,30
111900107,0,0,0
111900108,0,0,0
111900109,0,0,0
111900110,0,0,0
111900111,103,8,95
111900112,0,0,0
111900113,60,22,38
111900114,42,11,31
111900115,3,0,3
111900118,28,3,25
111900119,1,13,-12
111900122,4,42,-38
111900123,1,2,-1
111900124,21,2,19
111900125,58,0,58
111900126,59,0,59
111900127,0,0,0
111900128,0,0,0
111900129,45,1,44
111900130,8,5,3
111900131,58,0,58
111900132,0,1,-1
111900133,0,0,0
111900134,0,0,0
111900135,0,0,0
111900136,0,0,0
111900137,20,12,8
111900138,3,22,-19
111900139,7,5,2
111900140,118,9,109
111900141,61,5,56
111900142,42,19,23
111900143,7,0,7
111900144,0,0,0
111900145,0,0,0
111900146,0,0,0
111900147,0,0,0
111900148,0,0,0
111900149,0,0,0
111900150,0,0,0
111900151,0,0,0
111900152,0,0,0
111900153,0,0,0
111900154,0,0,0
111900155,0,0,0
111900156,0,0,0
111900157,0,0,0
111900158,0,0,0
111900159,0,0,0
111900160,0,0,0
111900161,0,0,0
111900162,0,0,0
111900163,0,3,-3
111900164,0,0,0
111901113,126,0,126
111901114,108,3,105
111901115,0,0,0
111901116,0,0,0
111901117,0,0,0
111901118,0,0,0
111901119,0,0,0
111901120,0,0,0
111901121,0,0,0
111901122,1,0,1
111901123,47,1,46
111901124,0,0,0
111901125,226,35,191
111901126,0,0,0
111901127,1,0,1
111901128,0,0,0
111901129,0,0,0
111901130,0,0,0
111901131,1,83,-82
111901132,0,0,0
111901133,0,0,0
111901134,0,0,0
111901135,0,0,0
111901136,0,0,0
111901137,0,0,0
111901138,0,0,0
111901139,0,0,0
111901140,0,0,0
111901141,0,0,0
111901142,0,0,0
111901143,0,0,0
111901144,0,0,0
111901145,1,3,-2
111901146,0,0,0
112000001,1561,772,789
112000002,94,304,-210
112000003,741,399,342
112000004,129,73,56
112000005,3003,1957,1046
112000006,147,65,82
112000007,2781,1697,1084
112000008,2004,2987,-983
112000009,1855,696,1159
112000010,1130,2698,-1568
112000011,792,496,296
112000012,2545,4710,-2165
112000013,961,687,274
112000014,265,2719,-2454
112000015,261,890,-629
112000016,580,1283,-703
112000017,127,644,-517
112000024,122,75,47
112000026,553,537,16
112000027,452,557,-105
112000028,371,89,282
112000029,181,478,-297
112000030,8,3,5
112000031,368,1867,-1499
112000032,20,1,19
112000033,358,1239,-881
112000034,2,0,2
112000035,0,39,-39
112000036,37,486,-449
112000037,53,140,-87
112000038,229,403,-174
112000039,33,14,19
112000040,17,87,-70
112000041,109,190,-81
112000042,373,58,315
112000050,856,778,78
112000051,767,877,-110
112000054,389,644,-255
112000057,35,60,-25
112000058,57,192,-135
112000059,213,216,-3
112000061,843,353,490
112000062,304,560,-256
112000063,339,493,-154
112000064,821,710,111
112000065,465,233,232
112000066,771,701,70
112000067,146,64,82
112000068,1155,946,209
112000069,93,206,-113
112000070,337,258,79
112000071,193,287,-94
112000072,985,264,721
112000073,112,250,-138
112000074,614,301,313
112000075,755,588,167
112000076,860,280,580
112000077,804,194,610
112000078,1036,298,738
112000079,1191,462,729
112000080,267,314,-47
112000081,352,487,-135
112000082,548,475,73
112000083,294,480,-186
112000084,688,281,407
112000085,877,479,398
112000086,1628,496,1132
112000087,339,89,250
112000088,520,196,324
112000089,124,93,31
112000090,112,83,29
112000091,242,111,131
112000092,1201,104,1097
112000093,299,118,181
112000094,589,139,450
112000095,402,99,303
112000096,666,163,503
112000097,1059,252,807
112000098,44,56,-12
112000099,289,1153,-864
112000100,1326,190,1136
112000101,40,69,-29
112000102,537,119,418
112000103,43,68,-25
112000105,19,53,-34
112000106,1015,35,980
112000107,8,64,-56
112000108,146,233,-87
112000109,59,45,14
112000110,567,183,384
112000111,61,252,-191
112000112,1080,64,1016
112000113,124,142,-18
112000114,1065,185,880
112000115,129,21,108
112000116,38,33,5
112000117,54,46,8
112000118,142,130,12
112000119,125,92,33
112000120,6,14,-8
112000121,88,115,-27
112000122,246,38,208
112000123,480,21,459
112000124,299,11,288
112000125,137,37,100
112000126,262,147,115
112000127,745,963,-218
112000128,121,366,-245
112000129,84,15,69
112000130,41,8,33
112000131,40,5,35
112000132,1,11,-10
112000133,198,19,179
112000134,160,80,80
112000135,501,76,425
112000136,172,200,-28
112000137,563,157,406
112000138,253,215,38
112000139,86,219,-133
112000140,53,64,-11
112000141,329,92,237
112000142,39,58,-19
112000143,673,65,608
112000144,63,117,-54
112000145,1543,116,1427
112000146,99,220,-121
112000147,1204,508,696
112000148,146,183,-37
112000149,182,68,114
112000150,7,10,-3
112000151,165,45,120
112000152,51,13,38
112000153,16,36,-20
112000154,79,1,78
112000155,34,32,2
112000157,34,299,-265
112000158,149,26,123
112000159,108,64,44
112000167,17,3,14
112000169,51,378,-327
112000173,386,16,370
112000175,155,102,53
112000176,549,484,65
112000177,160,15,145
112000178,32,58,-26
112000179,80,9,71
112000180,18,13,5
112000181,332,158,174
112000182,850,61,789
112000183,48,19,29
112000184,254,14,240
112000185,50,18,32
112000187,855,250,605
112000195,94,9,85
112000196,62,2,60
112000197,9,9,0
112000198,1,21,-20
112000199,2,82,-80
112000202,201,0,201
112000216,4,17,-13
112000230,64,3,61
112000231,0,0,0
112000256,76,76,0
112000313,11,13,-2
112000314,0,8,-8
112000337,29,82,-53
112000352,4,33,-29
112000392,801,807,-6
112000398,736,267,469
112000399,322,2776,-2454
112000400,236,367,-131
112000401,554,439,115
112000402,2133,3182,-1049
112000403,358,2697,-2339
112000404,367,876,-509
112000405,1894,1676,218
112000406,916,665,251
112000407,3935,2529,1406
112000408,1424,821,603
112000409,445,670,-225
112000410,0,0,0
112000411,191,25,166
112000412,0,0,0
112000413,76,189,-113
112000414,38,15,23
112000415,49,12,37
112000416,1653,533,1120
112000417,154,71,83
112000421,12,15,-3
112000422,55,25,30
112000424,154,666,-512
112000425,40,101,-61
112000426,25,34,-9
112000427,0,1,-1
112000428,43,31,12
112000429,821,958,-137
112000430,1111,1447,-336
112000431,48,77,-29
112000432,103,139,-36
112000433,157,318,-161
112000437,74,105,-31
112900001,19,0,19
112900002,75,6,69
112900003,6,0,6
112900004,26,0,26
112900005,76,0,76
112900006,0,0,0
112900007,98,8,90
112900008,0,0,0
112900009,36,2,34
112900010,20,0,20
112900011,0,0,0
112900012,0,0,0
112900013,0,32,-32
112900014,0,0,0
112900015,12,19,-7
112900016,0,0,0
112900017,0,8,-8
112900018,0,0,0
112900019,0,0,0
112900020,31,57,-26
112900021,0,0,0
112900022,0,1,-1
112900023,0,0,0
112900024,0,0,0
112900025,1,6,-5
112900026,0,0,0
112900027,0,0,0
112900028,0,0,0
112900029,42,11,31
112900030,0,0,0
112900031,0,0,0
112900032,0,0,0
112900034,4,0,4
112900035,0,0,0
112900036,0,0,0
112900037,0,0,0
112900038,47,0,47
112900039,0,0,0
112900040,0,0,0
112900041,14,85,-71
112900042,0,0,0
112900043,3,0,3
112900044,2,0,2
112900045,0,0,0
112900046,0,0,0
112900047,0,0,0
112900049,0,0,0
112900050,19,0,19
112900051,0,0,0
112900052,0,0,0
112900053,0,0,0
112900054,14,0,14
112900055,0,0,0
112900056,1,0,1
112900057,0,0,0
112900058,4,15,-11
112900059,0,0,0
112900060,0,0,0
112900061,0,0,0
112900062,0,0,0
112900063,0,0,0
112900064,0,0,0
112900065,0,0,0
112900066,65,24,41
112900067,0,0,0
112900068,0,0,0
112900069,0,0,0
112900071,0,0,0
112900072,0,45,-45
112900073,53,33,20
112900074,0,0,0
112900075,19,2,17
112900076,0,0,0
112900078,0,0,0
112900079,0,0,0
112900080,0,0,0
112900081,4,13,-9
112900082,37,5,32
112900083,0,0,0
112900084,0,0,0
112900085,0,0,0
112900086,0,0,0
112900087,44,0,44
112900088,43,2,41
112900089,208,4,204
112900090,0,0,0
112900091,0,0,0
112900092,0,0,0
112900093,0,0,0
112900094,0,0,0
112900095,0,0,0
112900096,46,7,39
112900097,3,1,2
112900098,1,0,1
112900099,236,1,235
112900100,0,0,0
112900101,0,0,0
112900102,0,0,0
112900103,0,0,0
112900104,0,0,0
112900105,0,0,0
112900106,20,3,17
112900107,4,0,4
112900108,0,0,0
112900109,0,0,0
112900110,0,0,0
112900111,0,0,0
112900112,0,0,0
112900113,0,0,0
112900114,1,0,1
112900115,574,3,571
112900116,13,0,13
112900117,0,0,0
112900118,0,0,0
112900119,0,0,0
112900120,0,0,0
112900121,0,0,0
112900122,0,0,0
112900123,0,0,0
112900124,0,0,0
112900125,0,5,-5
112900126,1,8,-7
112900127,0,0,0
112900128,0,0,0
112900129,0,55,-55
112900130,0,0,0
112900131,0,0,0
112900132,0,0,0
112900133,1,46,-45
112900134,0,28,-28
112900135,0,0,0
112900136,0,0,0
112900137,0,21,-21
112900138,0,6,-6
112900139,0,0,0
112900140,0,0,0
112900141,188,2,186
112900142,0,0,0
112900143,0,0,0
112900144,0,0,0
112900145,0,0,0
112900146,0,0,0
112900147,0,0,0
112900148,0,0,0
112900149,0,0,0
112900151,0,0,0
112900152,452,38,414
112900153,1,71,-70
112900154,0,0,0
112900155,11,2,9
112900156,4,0,4
112900157,155,2,153
112900158,0,0,0
112900159,1,0,1
112900160,0,0,0
112900161,0,0,0
112900162,0,0,0
112900163,0,0,0
112900164,0,0,0
112900165,0,0,0
112900166,0,0,0
112900167,0,0,0
112900168,0,0,0
112900169,0,0,0
112900170,0,0,0
112900172,0,0,0
112900173,0,0,0
112900174,0,0,0
112900175,0,0,0
112900176,0,0,0
112900177,0,0,0
112900178,10,3,7
112900179,0,39,-39
112900180,366,199,167
112900181,0,0,0
112900182,0,0,0
112900183,0,0,0
112900184,13,38,-25
112900185,0,26,-26
112900186,42,66,-24
112900187,0,0,0
112900188,28,56,-28
112900189,0,0,0
112900190,0,0,0
112900192,83,33,50
112900193,75,37,38
112900194,0,0,0
112900195,119,3,116
112900196,19,11,8
112900197,10,10,0
112900199,81,2,79
112900200,7,0,7
112900201,6,1,5
112900202,13,16,-3
112900203,8,0,8
112900204,18,0,18
112900205,2,1,1
112900206,4,0,4
112900207,0,0,0
112900208,0,3,-3
112900209,0,0,0
112900210,0,0,0
112900211,0,0,0
112900212,0,0,0
112900213,0,0,0
112900214,0,0,0
112900215,1,0,1
112900216,0,0,0
112900217,0,0,0
112900218,41,0,41
112900219,0,0,0
112900220,1,0,1
112900221,9,2,7
112900222,0,3,-3
112900223,127,1,126
112900224,58,0,58
112900225,0,0,0
112900226,0,0,0
112900227,149,0,149
112900228,58,0,58
112900229,0,0,0
112900230,318,109,209
112900232,0,4,-4
112900233,0,0,0
112900234,0,0,0
112900235,0,0,0
112900236,2,0,2
112900237,42,0,42
112900238,0,0,0
112900239,0,0,0
113000001,1709,1779,-70
113000002,1730,1785,-55
113000003,375,891,-516
113000004,457,985,-528
113000005,286,279,7
113000006,246,646,-400
113000007,519,211,308
113000008,423,539,-116
113000009,282,244,38
113000010,559,347,212
113000011,293,213,80
113000012,614,170,444
113000013,86,121,-35
113000014,343,573,-230
113000015,49,81,-32
113000016,31,55,-24
113000017,45,30,15
113000018,85,11,74
113000019,117,33,84
113000020,296,42,254
113000021,756,199,557
113000022,252,289,-37
113000025,0,18,-18
113000026,209,372,-163
113000027,94,354,-260
113000028,80,169,-89
113000029,299,423,-124
113000030,0,0,0
113000031,0,0,0
113000032,137,94,43
113000033,228,101,127
113000034,0,0,0
113000035,0,0,0
113000036,2,74,-72
113000037,0,0,0
113000038,7,50,-43
113000039,2,30,-28
113000040,2,3,-1
113000042,221,220,1
113000051,395,1126,-731
113000052,322,109,213
113000053,120,43,77
113000054,88,417,-329
113000055,602,163,439
113000056,672,197,475
113000058,79,469,-390
113000059,492,180,312
113000060,153,230,-77
113000061,171,235,-64
113000062,168,85,83
113000063,229,50,179
113000064,92,71,21
113000065,113,128,-15
113000066,415,42,373
113000067,813,90,723
113000068,191,218,-27
113000069,193,220,-27
113000070,667,94,573
113000071,135,139,-4
113000072,280,92,188
113000073,118,238,-120
113000074,277,82,195
113000075,598,117,481
113000076,104,639,-535
113000077,296,331,-35
113000078,160,446,-286
113000079,56,122,-66
113000080,65,163,-98
113000081,262,349,-87
113000082,183,64,119
113000083,358,368,-10
113000084,462,367,95
113000085,448,289,159
113000086,248,401,-153
113000087,410,560,-150
113000088,315,454,-139
113000089,446,905,-459
113000090,54,232,-178
113000091,86,0,86
113000094,585,31,554
113000095,115,50,65
113000096,41,40,1
113000097,169,37,132
113000098,14,34,-20
113000099,369,68,301
113000100,89,36,53
113000101,19,5,14
113000102,111,58,53
113000103,725,166,559
113000104,408,1013,-605
113000105,460,87,373
113000106,166,87,79
113000107,443,501,-58
113000108,384,370,14
113000109,174,387,-213
113000110,491,309,182
113000111,5,109,-104
113000112,92,200,-108
113000113,611,233,378
113000114,3,340,-337
113000116,86,92,-6
113000117,107,160,-53
113000118,12,227,-215
113000119,84,115,-31
113000120,17,320,-303
113000121,92,109,-17
113000124,172,77,95
113000125,4,411,-407
113000127,111,18,93
113000128,137,291,-154
113000129,0,0,0
113000133,307,3,304
113000134,9,423,-414
113000135,1714,1924,-210
113000137,638,994,-356
113000139,337,45,292
113000140,1,1,0
113000141,257,79,178
113000142,168,98,70
113000143,143,192,-49
113000144,11,64,-53
113000145,71,102,-31
113000146,0,1,-1
113000147,2,2,0
113000148,207,79,128
113000149,82,128,-46
113000150,5,5,0
113000151,1,0,1
113000152,22,183,-161
113000153,208,111,97
113000154,77,496,-419
113000155,146,226,-80
113000156,73,82,-9
113000157,95,87,8
113000158,145,7,138
113000159,407,11,396
113000160,215,111,104
113000161,125,94,31
113000162,0,0,0
113000163,76,35,41
113000164,0,0,0
113000166,151,17,134
113000167,0,0,0
113000168,0,0,0
113000169,147,1,146
113000170,107,16,91
113000171,0,0,0
113000172,190,8,182
113000173,53,11,42
113000174,0,0,0
113000175,333,30,303
113000176,336,18,318
113000177,0,0,0
113000178,0,0,0
113000179,166,17,149
113000180,516,753,-237
113000181,433,308,125
113000182,7,34,-27
113000183,44,249,-205
113000184,0,0,0
113000189,12,82,-70
113000190,201,62,139
113000192,271,909,-638
113000193,609,631,-22
113000194,206,490,-284
113000195,432,780,-348
113000196,155,110,45
113000197,398,835,-437
113000198,7,118,-111
113000199,256,123,133
113000201,31,21,10
113000202,597,224,373
113000203,50,2,48
113000204,89,978,-889
113000205,0,0,0
113000206,0,5,-5
113000207,0,0,0
113000208,5,29,-24
113000209,0,0,0
113000210,4,14,-10
113000211,59,42,17
113000212,32,5,27
113000213,19,31,-12
113000214,2,2,0
113000234,2,54,-52
113000410,1,89,-88
113000411,545,1338,-793
113000412,1113,558,555
113000413,1130,926,204
113000414,1482,3503,-2021
113000415,420,568,-148
113000416,760,652,108
113000417,239,476,-237
113000418,1466,1595,-129
113000419,585,884,-299
113000420,1424,1934,-510
113000421,2355,3769,-1414
113000422,2891,2623,268
113000423,816,1541,-725
113000424,1002,3753,-2751
113000425,7,53,-46
113000428,45,0,45
113000430,0,0,0
113000432,751,46,705
113000433,27,129,-102
113000434,1,5,-4
113000435,0,10,-10
113000436,1,67,-66
113000437,419,2,417
113000438,84,3,81
113000439,0,0,0
113000440,15,2,13
113000441,113,16,97
113000442,0,0,0
113000443,47,3,44
113000444,0,0,0
113000445,26,13,13
113000446,0,0,0
113000448,0,0,0
113000449,6,204,-198
113000450,40,539,-499
113000451,19,0,19
113000452,57,108,-51
113000453,0,0,0
113000454,39,30,9
113000455,0,0,0
113000456,133,63,70
113000468,195,32,163
113000469,17,92,-75
113000470,108,33,75
113000471,0,193,-193
113000472,27,17,10
113000474,499,513,-14
113000475,442,527,-85
113000476,732,1037,-305
113000477,2022,1071,951
113000478,1596,1354,242
113000479,2,24,-22
113000480,74,166,-92
113000485,0,0,0
113000486,0,0,0
113000487,0,0,0
113000488,0,0,0
113000489,0,0,0
113000490,0,0,0
113000491,0,0,0
113000492,0,0,0
113000493,0,0,0
113000495,0,0,0
113000496,7,22,-15
113000497,0,0,0
113000499,0,0,0
113000500,0,0,0
113900001,0,0,0
113900002,0,0,0
113900003,0,0,0
113900004,0,0,0
113900005,0,0,0
113900006,0,0,0
113900007,0,0,0
113900008,0,0,0
113900009,0,0,0
113900010,0,0,0
113900011,0,0,0
113900012,0,0,0
113900013,0,0,0
113900014,202,5,197
113900015,0,0,0
113900016,1,0,1
113900017,0,0,0
113900018,0,0,0
113900019,0,0,0
113900020,78,0,78
113900022,23,0,23
113900023,0,0,0
113900024,0,0,0
113900025,46,12,34
113900026,1,0,1
113900027,0,0,0
113900028,0,0,0
113900029,0,0,0
113900030,91,0,91
113900031,1,0,1
113900032,0,0,0
113900033,0,0,0
113900035,0,0,0
113900036,0,0,0
113900037,0,0,0
113900038,1,0,1
113900039,98,36,62
113900040,0,0,0
113900041,0,0,0
113900042,0,0,0
113900043,0,0,0
113900044,0,34,-34
113900045,0,0,0
113900046,0,0,0
113900047,0,0,0
113900048,0,0,0
113900049,0,0,0
113900050,5,29,-24
113900051,0,0,0
113900052,1,1,0
113900053,37,99,-62
113900054,0,0,0
113900055,0,0,0
113900056,0,0,0
113900057,0,0,0
113900058,0,0,0
113900059,0,0,0
113900060,2,4,-2
113900061,7,13,-6
113900062,0,0,0
113900063,0,0,0
113900064,0,0,0
113900065,301,16,285
113900066,0,0,0
113900067,26,1,25
113900068,153,129,24
113900069,0,0,0
113900070,0,0,0
113900071,0,0,0
113900072,0,0,0
113900073,91,70,21
113900074,39,18,21
113900075,94,203,-109
113900076,0,0,0
113900077,0,0,0
113900078,0,0,0
113900079,0,0,0
113900080,3,2,1
113900081,0,0,0
113900082,0,0,0
113900083,77,11,66
113900084,13,13,0
113900085,0,0,0
113900086,0,0,0
113900087,0,0,0
113900088,0,0,0
113900089,105,3,102
113900090,22,5,17
113900091,0,0,0
113900092,0,0,0
113900093,0,0,0
113900094,22,23,-1
113900095,14,5,9
113900096,0,0,0
113900097,0,0,0
113900098,206,27,179
113900099,0,0,0
113900100,0,0,0
113900101,0,0,0
113900102,0,0,0
113900103,38,28,10
113900104,46,51,-5
113900105,6,0,6
113900106,0,0,0
113900107,0,0,0
113900108,0,0,0
113900109,3,0,3
113900110,0,0,0
113900111,0,0,0
113900112,12,0,12
113900113,12,4,8
113900114,0,0,0
113900115,0,0,0
113900116,0,0,0
113900117,3,0,3
113900118,0,35,-35
113900119,23,55,-32
113900120,0,0,0
113900121,0,0,0
113900122,19,1041,-1022
113900123,0,0,0
113900124,0,0,0
113900125,4,0,4
113900126,0,0,0
113900127,0,0,0
113900128,0,0,0
113900129,1,45,-44
113900130,0,0,0
113900131,0,0,0
113900132,0,0,0
113900133,0,0,0
113900135,1,2,-1
113900136,0,0,0
113900137,1,1,0
113900138,0,0,0
113900139,0,0,0
113900140,13,29,-16
113900141,0,0,0
113900142,0,0,0
113900143,0,0,0
113900144,19,9,10
113900145,0,0,0
113900146,0,0,0
113900148,0,0,0
113900149,0,0,0
113900150,139,28,111
113900151,0,0,0
113900152,1,0,1
113900153,0,0,0
113900154,0,0,0
113900155,0,0,0
113900156,0,0,0
113900157,1,11,-10
113900158,0,0,0
113900159,0,0,0
113900160,0,0,0
113900161,1,1,0
113900162,5,8,-3
113900163,0,0,0
113900164,2,0,2
113900165,0,0,0
113900166,3,8,-5
113900167,0,0,0
113900168,0,0,0
113900169,0,0,0
113900171,1,0,1
113900172,0,0,0
113900173,1,21,-20
113900174,0,0,0
113900175,133,7,126
113900176,0,0,0
113900177,3,3,0
113900178,0,0,0
113900179,0,48,-48
113900180,8,2,6
113900181,84,0,84
113900182,0,0,0
113900183,0,1,-1
113900184,2,27,-25
113900185,2,1,1
113900186,0,0,0
113900187,1,1,0
113900188,0,0,0
113900189,0,0,0
113900190,0,0,0
113900191,0,0,0
113900192,0,0,0
113900193,0,16,-16
113900194,53,14,39
113900195,0,0,0
113900196,0,0,0
113900197,0,19,-19
113900198,0,0,0
113900199,5,16,-11
113900200,0,0,0
113900201,0,6,-6
113900202,0,0,0
113900203,0,6,-6
113900204,0,3,-3
113900205,0,0,0
113900206,0,0,0
113900207,0,0,0
113900208,0,0,0
113900209,0,0,0
113900210,0,0,0
113900211,0,0,0
113900212,81,11,70
113900214,2,11,-9
113900215,179,3,176
113900216,2,0,2
113900217,0,0,0
113900218,0,0,0
113900219,0,0,0
113900220,0,0,0
113900221,7,26,-19
113900222,0,0,0
113900223,0,0,0
113900224,0,0,0
113900225,22,9,13
113900226,9,2,7
113900227,9,3,6
113900228,0,0,0
113900229,0,15,-15
113900230,111,23,88
113900231,0,0,0
113900232,0,0,0
113900233,0,0,0
113900234,0,0,0
113900235,0,0,0
113900236,63,3,60
113900237,0,0,0
113900238,1,64,-63
113900239,0,0,0
113900240,0,0,0
113900241,0,0,0
113900242,0,0,0
113900243,1,7,-6
113900244,13,14,-1
113900245,11,0,11
113900246,1,16,-15
113900247,45,151,-106
113900248,0,0,0
113900249,8,44,-36
113900250,1,26,-25
113900251,177,13,164
113900252,114,4,110
113900253,61,7,54
113900254,181,18,163
113900255,349,9,340
113900256,170,3,167
113900257,1,36,-35
113900258,0,32,-32
113900259,113,15,98
113900260,213,24,189
113900261,24,1,23
113900262,39,21,18
113900263,3,8,-5
113900264,0,8,-8
113900265,13,0,13
113900266,16,0,16
113900267,0,0,0
113900268,2,8,-6
113900269,0,0,0
113900270,0,0,0
113900271,0,0,0
113900273,1,2,-1
113900274,10,1,9
113900275,0,0,0
113900276,0,18,-18
113900277,56,1,55
113900278,0,0,0
113900279,0,0,0
113900280,27,35,-8
113900281,14,113,-99
113900282,0,2,-2
113900283,0,0,0
113900284,324,94,230
113900285,11,0,11
113900286,0,0,0
113900287,0,0,0
113900288,0,0,0
113900289,0,0,0
113900290,0,0,0
113900291,0,0,0
113900292,1,0,1
113900293,1,0,1
113900294,270,3,267
113900295,59,66,-7
113900296,82,7,75
113900297,257,5,252
113900298,0,0,0
113900299,33,0,33
113900300,515,22,493
113900301,41,2,39
113900302,64,7,57
113900303,0,1,-1
113900304,0,0,0
113900305,43,0,43
113900306,7,0,7
113900307,0,0,0
113900308,0,0,0
113900309,0,14,-14
113900310,0,0,0
113900311,4,0,4
113900312,0,0,0
113900313,0,0,0
114000001,369,337,32
114000002,81,54,27
114000003,12,14,-2
114000004,58,5,53
114000005,55,1,54
114000006,239,257,-18
114000007,230,125,105
114000008,233,252,-19
114000009,228,101,127
114000011,1498,416,1082
114000012,1838,265,1573
114000013,937,419,518
114000014,40,21,19
114000015,295,16,279
114000016,20,49,-29
114000017,19,63,-44
114000018,17,11,6
114000026,1142,310,832
114000027,1516,598,918
114000028,744,1269,-525
114000038,10,3,7
114000039,0,0,0
114000040,33,65,-32
114000042,7,55,-48
114000043,92,17,75
114000044,50,34,16
114000045,1,4,-3
114000046,336,443,-107
114000047,15,92,-77
114000048,35,59,-24
114000049,577,399,178
114000050,376,381,-5
114000051,667,778,-111
114000052,601,769,-168
114000053,156,167,-11
114000054,30,288,-258
114000055,26,1,25
114000056,8,86,-78
114000057,536,659,-123
114000058,3,11,-8
114000059,0,54,-54
114000060,25,159,-134
114000061,627,1209,-582
114000062,133,412,-279
114000063,133,201,-68
114000064,303,452,-149
114000065,271,404,-133
114000066,220,386,-166
114000067,19,198,-179
114000068,70,150,-80
114000069,232,75,157
114000070,1136,641,495
114000071,77,26,51
114000072,170,15,155
114000073,26,33,-7
114000074,19,4,15
114000075,35,20,15
114000076,8,23,-15
114000077,3,3,0
114000078,12,27,-15
114000079,37,0,37
114000080,0,49,-49
114000081,16,93,-77
114000082,7,94,-87
114000083,0,0,0
114000084,57,53,4
114000085,11,32,-21
114000086,20,20,0
114000087,0,0,0
114000088,11,15,-4
114000089,49,18,31
114000090,209,374,-165
114000091,241,251,-10
114000092,159,58,101
114000093,376,169,207
114000094,115,154,-39
114000095,40,174,-134
114000096,33,90,-57
114000097,48,64,-16
114000098,175,54,121
114000099,299,49,250
114000100,1435,99,1336
114000101,160,51,109
114000102,187,77,110
114000103,35,45,-10
114000104,0,26,-26
114000105,19,5,14
114000106,148,303,-155
114000107,119,16,103
114000108,140,53,87
114000109,545,605,-60
114000110,3,13,-10
114000111,935,323,612
114000112,3,10,-7
114000113,540,94,446
114000114,7,8,-1
114000115,815,353,462
114000116,623,542,81
114000117,2233,131,2102
114000118,1942,123,1819
114000119,1741,255,1486
114000120,249,213,36
114000121,0,1,-1
114000122,143,32,111
114000123,981,93,888
114000124,510,86,424
114000125,286,383,-97
114000126,658,61,597
114000127,90,65,25
114000128,338,128,210
114000130,284,353,-69
114000131,143,26,117
114000132,121,73,48
114000133,68,123,-55
114000134,0,0,0
114000138,0,0,0
114000139,103,142,-39
114000144,173,193,-20
114000145,0,0,0
114000146,0,0,0
114000147,683,1368,-685
114000148,324,709,-385
114000149,80,96,-16
114000150,9,19,-10
114000151,75,835,-760
114000152,4,25,-21
114000153,84,411,-327
114000154,155,78,77
114000155,401,907,-506
114000156,223,385,-162
114000157,54,299,-245
114000158,110,48,62
114000159,45,40,5
114000160,17,38,-21
114000161,302,693,-391
114000162,837,1184,-347
114000163,0,0,0
114000165,54,239,-185
114000166,79,158,-79
114000167,733,394,339
114000168,25,4,21
114000169,436,452,-16
114000170,452,332,120
114000171,882,2299,-1417
114000174,2,3,-1
114000176,39,1,38
114000177,106,19,87
114000178,49,26,23
114000179,605,317,288
114000180,49,14,35
114000181,425,1940,-1515
114000182,441,335,106
114000183,204,62,142
114000184,93,111,-18
114000185,925,554,371
114000189,924,82,842
114000190,2365,392,1973
114000191,41,229,-188
114000192,0,1,-1
114000193,0,0,0
114000194,829,489,340
114000195,159,97,62
114000196,0,0,0
114000197,1413,2,1411
114000198,0,0,0
114000199,2,97,-95
114000200,171,117,54
114000201,59,77,-18
114000202,569,325,244
114000203,298,261,37
114000204,0,0,0
114000205,41,152,-111
114000206,41,175,-134
114000207,145,166,-21
114000208,101,48,53
114000209,37,120,-83
114000210,48,226,-178
114000211,1346,598,748
114000212,497,511,-14
114000213,1338,414,924
114000214,18,0,18
114000215,30,2,28
114000216,445,151,294
114000217,267,83,184
114000218,60,10,50
114000219,560,68,492
114000220,0,6,-6
114000221,454,43,411
114000222,16,97,-81
114000223,509,48,461
114000224,14,77,-63
114000225,69,46,23
114000226,137,50,87
114000227,837,299,538
114000228,748,136,612
114000229,505,306,199
114000230,1368,315,1053
114000231,535,559,-24
114000232,624,80,544
114000233,1325,29,1296
114000234,884,372,512
114000235,739,399,340
114000236,0,0,0
114000237,91,152,-61
114000238,41,379,-338
114000239,58,244,-186
114000240,542,444,98
114000241,48,191,-143
114000242,311,183,128
114000243,1139,760,379
114000244,290,103,187
114000245,66,121,-55
114000246,0,0,0
114000247,354,250,104
114000248,870,467,403
114000249,830,238,592
114000250,255,60,195
114000251,265,14,251
114000252,13,10,3
114000253,34,32,2
114000254,0,0,0
114000255,5,105,-100
114000256,73,199,-126
114000257,24,176,-152
114000258,139,54,85
114000259,0,2,-2
114000260,0,0,0
114000261,31,22,9
114000262,0,0,0
114000263,2,0,2
114000264,263,21,242
114000265,0,0,0
114000267,2,348,-346
114000268,0,0,0
114000270,110,4,106
114000271,128,30,98
114000283,482,64,418
114000285,0,0,0
114000288,4,3,1
114000289,272,17,255
114000293,69,14,55
114000294,69,152,-83
114000395,323,12,311
114000396,165,61,104
114000402,326,114,212
114000403,268,55,213
114000405,168,63,105
114000423,275,59,216
114000424,153,90,63
114000425,428,109,319
114000426,298,608,-310
114000427,24,4,20
114000428,29,39,-10
114000429,30,6,24
114000432,79,10,69
114000434,2,21,-19
114000435,9,1,8
114000436,84,48,36
114000437,342,2441,-2099
114900001,225,51,174
114900002,82,14,68
114900003,189,63,126
114900004,52,71,-19
114900005,82,71,11
114900006,5,9,-4
114900007,54,1,53
114900008,39,7,32
114900010,0,0,0
114900011,94,11,83
114900013,33,4,29
114900015,3,35,-32
114900018,36,7,29
114900020,1,9,-8
114900022,0,14,-14
114900024,19,13,6
114900025,92,10,82
114900026,25,19,6
114900027,42,7,35
114900029,1,1,0
114900030,63,6,57
114900031,65,2,63
114900032,148,0,148
114900033,31,123,-92
114900034,0,0,0
114900035,9,14,-5
114900036,81,20,61
114900037,0,0,0
114900038,0,0,0
114900039,0,0,0
114900040,0,0,0
114900041,0,0,0
114900042,0,0,0
114900043,0,0,0
114900044,11,5,6
114900046,0,0,0
114900047,0,0,0
114900048,0,0,0
114900049,0,0,0
114900050,0,0,0
114900051,0,0,0
114900052,0,0,0
114900053,0,0,0
114900054,0,0,0
114900057,11,3,8
114900058,0,0,0
114900059,10,9,1
114900060,4,18,-14
114900061,0,0,0
114900062,10,7,3
114900063,0,0,0
114900064,0,0,0
114900065,0,0,0
114900067,0,0,0
114900068,0,0,0
114900069,0,0,0
114900070,80,19,61
114900072,6,0,6
114900073,0,0,0
114900074,277,5,272
114900075,39,3,36
114900076,10,0,10
114900080,124,16,108
114900082,404,22,382
114900083,0,0,0
114900090,84,23,61
114900091,0,0,0
114900095,0,0,0
114900096,0,3,-3
114900097,34,1,33
114900098,0,0,0
114900099,17,0,17
115000001,651,729,-78
115000002,2047,3021,-974
115000003,530,335,195
115000004,2188,3439,-1251
115000005,121,167,-46
115000006,569,840,-271
115000007,72,335,-263
115000008,183,177,6
115000009,197,289,-92
115000010,108,204,-96
115000013,0,0,0
115000015,0,0,0
115000016,1,321,-320
115000019,73,213,-140
115000020,8,149,-141
115000021,2,51,-49
115000022,15,40,-25
115000023,379,461,-82
115000024,65,8,57
115000025,600,320,280
115000026,20,8,12
115000027,301,90,211
115000028,9,37,-28
115000029,753,22,731
115000030,25,56,-31
115000031,654,39,615
115000032,0,0,0
115000033,113,10,103
115000034,0,0,0
115000035,542,20,522
115000036,0,0,0
115000037,284,8,276
115000038,22,265,-243
115000039,518,1082,-564
115000040,910,598,312
115000041,427,1416,-989
115000042,289,110,179
115000043,1619,1100,519
115000044,1038,295,743
115000045,557,216,341
115000046,1851,1057,794
115000047,1720,511,1209
115000048,422,228,194
115000049,296,608,-312
115000050,1961,629,1332
115000051,758,2215,-1457
115000052,296,471,-175
115000053,1095,2039,-944
115000054,261,199,62
115000055,8,163,-155
115000056,70,59,11
115000057,49,396,-347
115000058,31,68,-37
115000059,18,174,-156
115000061,45,88,-43
115000062,38,6,32
115000063,6,3,3
115000064,158,30,128
115000065,1,3,-2
115000067,65,9,56
115000069,25,3,22
115000070,2,70,-68
115000071,70,41,29
115000072,0,0,0
115000073,822,76,746
115000075,55,23,32
115000076,695,478,217
115000077,597,307,290
115000078,710,186,524
115000079,407,320,87
115000080,1512,347,1165
115000081,19,31,-12
115000082,2299,1656,643
115000083,895,196,699
115000084,2047,248,1799
115000085,208,157,51
115000086,679,267,412
115000087,137,482,-345
115000088,833,332,501
115000089,172,147,25
115000090,389,243,146
115000091,248,154,94
115000092,429,222,207
115000093,426,0,426
115000094,2054,3368,-1314
115000095,1127,2491,-1364
115000096,410,345,65
115000097,618,602,16
115000098,837,67,770
115000099,1332,341,991
115000100,1049,224,825
115000101,45,61,-16
115000102,420,96,324
115000103,162,164,-2
115000105,46,49,-3
115000106,289,219,70
115000107,13,33,-20
115000108,427,347,80
115000109,1429,2755,-1326
115000110,891,957,-66
115000111,111,596,-485
115000112,229,168,61
115000113,187,404,-217
115000114,331,165,166
115000116,529,492,37
115000117,444,337,107
115000118,318,714,-396
115000119,357,345,12
115000120,119,1022,-903
115000121,227,187,40
115000122,277,265,12
115000123,110,1540,-1430
115000124,181,347,-166
115000125,163,366,-203
115000126,82,210,-128
115000127,89,52,37
115000128,52,328,-276
115000129,106,107,-1
115000130,214,71,143
115000131,216,52,164
115000132,214,32,182
115000133,226,16,210
115000134,143,10,133
115000135,37,12,25
115000136,132,57,75
115000137,2,10,-8
115000138,231,79,152
115000139,9,8,1
115000140,290,66,224
115000141,53,15,38
115000142,35,7,28
115000143,783,320,463
115000144,267,20,247
115000145,65,16,49
115000146,232,152,80
115000147,72,33,39
115000148,118,133,-15
115000149,134,224,-90
115000150,161,86,75
115000151,443,245,198
115000152,244,105,139
115000153,565,201,364
115000154,385,109,276
115000155,170,125,45
115000156,161,373,-212
115000157,83,107,-24
115000158,148,93,55
115000159,61,88,-27
115000160,207,266,-59
115000161,390,212,178
115000162,513,499,14
115000163,87,28,59
115000164,24,79,-55
115000165,219,346,-127
115000167,62,3,59
115000168,222,202,20
115000169,16,3,13
115000170,0,0,0
115000171,166,170,-4
115000172,26,18,8
115000173,81,129,-48
115000174,26,116,-90
115000175,0,5,-5
115000176,15,56,-41
115000177,2,31,-29
115000178,1,15,-14
115000179,1,76,-75
115000180,1,19,-18
115000181,336,26,310
115000182,502,56,446
115000183,17,14,3
115000186,172,18,154
115000187,82,11,71
115000188,334,108,226
115000189,86,13,73
115000190,321,139,182
115000191,18,26,-8
115000194,0,0,0
115000195,51,60,-9
115000196,107,3,104
115000197,77,56,21
115000198,444,18,426
115000199,77,52,25
115000200,185,20,165
115000201,20,24,-4
115000206,389,3,386
115000207,0,0,0
115000208,26,22,4
115000209,567,91,476
115000210,91,54,37
115000211,9,28,-19
115000212,206,48,158
115000224,75,7,68
115000225,15,18,-3
115000229,90,20,70
115000230,33,269,-236
115000231,239,184,55
115000232,1442,163,1279
115000233,21,3,18
115000234,2,7,-5
115000241,24,7,17
115000242,50,5,45
115000243,13,20,-7
115000244,16,5,11
115000246,2,2,0
115000247,1,2,-1
115000248,1,0,1
115000249,1,0,1
115000250,166,2,164
115000251,83,9,74
115000252,1,57,-56
115000253,1,96,-95
115000258,75,23,52
115000259,34,10,24
115000261,5,2,3
115000262,0,26,-26
115000263,1,9,-8
115000264,1,9,-8
115000267,3,17,-14
115000268,0,0,0
115000269,60,18,42
115000270,8,12,-4
115000272,13,19,-6
115000273,120,4,116
115000280,222,690,-468
115000281,0,0,0
115000282,199,1073,-874
115000284,12,28,-16
115000296,225,7,218
115000297,18,570,-552
115000298,0,0,0
115000300,121,24,97
115000302,216,55,161
115000303,503,21,482
115000304,409,25,384
115000305,19,25,-6
115000306,28,8,20
115000307,20,9,11
115000308,0,0,0
115000309,1,15,-14
115000310,476,141,335
115000311,905,267,638
115000313,8,18,-10
115000314,119,88,31
115000315,15,50,-35
115000316,19,21,-2
115000317,51,25,26
115000318,582,28,554
115000319,1,16,-15
115000320,2,42,-40
115000321,110,1,109
115000322,0,17,-17
115000449,29,43,-14
115000557,0,0,0
115000558,142,20,122
115000587,259,166,93
115000588,127,88,39
115000589,1631,1045,586
115000590,67,26,41
115000591,323,280,43
115000592,12,11,1
115000593,828,379,449
115000594,7,16,-9
115000609,49,71,-22
115000617,69,521,-452
115000624,34,1,33
115000633,413,353,60
115000634,1449,440,1009
115000635,410,81,329
115000638,5,70,-65
115000641,4,3,1
115000642,228,32,196
115000643,7,1,6
115000644,33,3,30
115000646,233,310,-77
115000647,43,47,-4
115000648,889,63,826
115000893,820,483,337
115000894,0,9,-9
115000895,1,3,-2
115000896,412,176,236
115000897,137,8,129
115000898,102,46,56
115000899,1,24,-23
115000900,8,105,-97
115000901,0,0,0
115000912,122,49,73
115000913,0,1,-1
115000915,17,0,17
115000916,2,0,2
115000917,0,13,-13
115000918,14,292,-278
115000919,0,10,-10
115000920,0,0,0
115000921,0,0,0
115000922,114,383,-269
115000923,0,4,-4
115000925,23,11,12
115000927,0,2,-2
115000933,0,5,-5
115000934,28,28,0
115000935,28,5,23
115000936,1,201,-200
115000937,42,49,-7
115000938,6,28,-22
115000939,3,37,-34
115900001,71,0,71
115900002,1,2,-1
115900003,33,19,14
115900004,0,0,0
115900005,26,0,26
115900006,1,24,-23
115900008,17,0,17
115900009,5,1,4
115900010,209,3,206
115900011,23,17,6
115900012,75,1,74
115900013,103,15,88
115900014,13,12,1
115900015,19,1,18
115900016,29,1,28
115900017,0,8,-8
115900018,29,5,24
115900019,11,2,9
115900020,86,21,65
115900021,34,3,31
115900022,76,3,73
115900023,5,0,5
115900025,2,12,-10
115900026,207,10,197
115900027,0,0,0
115900028,40,19,21
115900029,0,20,-20
115900030,0,0,0
115900031,9,29,-20
115900032,81,37,44
115900033,0,0,0
115900034,0,22,-22
115900035,0,0,0
115900036,2,273,-271
115900037,0,18,-18
115900038,0,0,0
115900039,15,2,13
115900041,19,130,-111
115900042,0,0,0
115900043,15,0,15
115900044,40,64,-24
115900046,193,14,179
115900047,2,15,-13
115900049,35,20,15
115900051,0,0,0
115900052,0,0,0
115900053,122,5,117
115900054,150,0,150
115900055,0,0,0
115900056,23,10,13
115900057,1,8,-7
115900058,0,0,0
115900060,3,26,-23
115900061,58,0,58
115900062,18,11,7
115900063,0,0,0
115900064,4,7,-3
115900065,43,3,40
115900066,2,4,-2
115900067,1,12,-11
115900068,0,0,0
115900069,1,22,-21
115900070,45,4,41
115900071,0,0,0
115900072,3,11,-8
115900073,12,14,-2
115900074,0,0,0
115900075,2,14,-12
115900076,0,1,-1
115900077,0,0,0
115900078,22,3,19
115900079,162,0,162
115900080,5,1,4
115900081,4,0,4
115900082,32,36,-4
115900084,136,1,135
115900085,2,0,2
115900086,214,27,187
115900088,0,0,0
115900089,334,14,320
115900090,162,0,162
115900091,0,0,0
115900092,0,0,0
115900093,0,0,0
115900094,0,0,0
115900096,0,0,0
115900097,0,0,0
115900098,0,0,0
115900099,3,1,2
115900100,0,22,-22
115900101,0,0,0
115900102,8,8,0
115900103,2,0,2
115900104,8,0,8
115900105,63,8,55
115900106,0,0,0
115900107,30,3,27
115900108,0,0,0
115900109,0,80,-80
115900110,0,0,0
115900111,0,0,0
115900112,2,161,-159
115900113,0,0,0
115900114,0,0,0
115900115,0,0,0
115900116,16,108,-92
115900117,0,0,0
115900118,0,0,0
115900119,0,0,0
115900120,3,13,-10
115900121,28,27,1
115900124,68,262,-194
115900125,110,3,107
115900126,225,2,223
115900127,360,6,354
115900128,0,0,0
115900129,103,15,88
115900130,0,8,-8
115900131,78,4,74
115900132,265,0,265
115900134,68,0,68
115900135,52,96,-44
115900137,13,0,13
115900139,0,0,0
115900140,59,0,59
115900141,0,0,0
115900142,0,0,0
115900143,0,0,0
115900144,0,0,0
115900146,20,18,2
115900147,121,115,6
115900148,1,0,1
115900149,11,0,11
115900150,17,0,17
115900151,3,4,-1
115900152,5,25,-20
115900153,36,7,29
115900154,13,82,-69
115900155,0,0,0
115900156,121,160,-39
115900157,65,44,21
115900158,0,0,0
115900159,82,5,77
115900160,0,0,0
115900161,0,51,-51
115900163,43,10,33
115900164,191,1,190
115900165,0,0,0
115900166,1,2,-1
115900168,0,0,0
115900171,4,43,-39
115900172,8,7,1
115900173,32,27,5
115900174,23,49,-26
115900175,114,7,107
115900178,2,9,-7
115900179,40,0,40
115900180,0,8,-8
115900181,109,20,89
115900182,277,18,259
115900183,0,0,0
115900184,62,1,61
115900187,0,16,-16
115900189,0,19,-19
115900190,2,48,-46
115900191,1,67,-66
115900192,0,7,-7
115900193,11,34,-23
115900194,273,7,266
115900195,68,593,-525
115900198,49,36,13
115900199,34,31,3
115900200,34,10,24
115900201,139,76,63
115900202,0,40,-40
115900203,12,9,3
115900204,0,0,0
115900205,37,2,35
115900206,0,0,0
115900207,0,0,0
115900208,17,1,16
115900209,1,20,-19
115900210,0,18,-18
115900211,0,13,-13
115900212,0,0,0
115900213,9,50,-41
115900214,191,25,166
115900215,1,3,-2
115900216,0,0,0
115900217,0,0,0
115900218,0,0,0
115900219,13,0,13
115900220,126,2,124
115900221,78,0,78
115900222,51,6,45
115900223,1,109,-108
115900224,36,469,-433
115900225,34,18,16
115900226,0,2,-2
115900227,3,0,3
115900228,0,0,0
115900229,0,0,0
115900230,2,31,-29
115900231,0,0,0
115900232,0,0,0
115900233,0,0,0
115900234,0,0,0
115900235,0,0,0
115900236,0,0,0
115900237,0,0,0
115900238,0,0,0
115900239,0,0,0
115900240,0,0,0
115900241,0,0,0
115900242,36,97,-61
115900243,0,0,0
115900244,1,0,1
115900245,27,0,27
115900246,0,0,0
115900247,0,3,-3
115900248,1,0,1
115900249,0,0,0
115900250,5,12,-7
115900251,0,0,0
115900252,0,0,0
115900253,1,0,1
115900254,0,4,-4
115900255,0,0,0
115900256,0,0,0
115900257,0,0,0
115900258,0,0,0
115900259,0,0,0
115900260,0,0,0
115900261,0,0,0
115900262,0,0,0
115900263,0,0,0
115900264,0,0,0
115900265,0,0,0
115900266,0,0,0
115900267,0,0,0
115900268,0,0,0
115900269,0,0,0
115900270,32,14,18
115900271,57,0,57
115900272,2,0,2
115900273,0,4,-4
115900274,0,0,0
115900275,0,0,0
115900276,0,0,0
115900277,0,1,-1
115900278,0,0,0
115900279,0,0,0
115900280,68,5,63
115900281,0,0,0
115900282,0,1,-1
116000001,1006,734,272
116000002,3181,11093,-7912
116000003,233,256,-23
116000004,1223,4193,-2970
116000005,263,841,-578
116000006,289,853,-564
116000007,528,744,-216
116000008,1515,805,710
116000009,259,809,-550
116000010,947,703,244
116000011,375,756,-381
116000012,799,399,400
116000013,1063,1170,-107
116000014,1976,8631,-6655
116000015,66,316,-250
116000016,632,3580,-2948
116000017,20,517,-497
116000018,115,43,72
116000019,702,99,603
116000020,390,125,265
116000021,228,117,111
116000022,146,121,25
116000023,277,273,4
116000024,263,73,190
116000025,325,337,-12
116000026,453,282,171
116000027,411,429,-18
116000028,696,1904,-1208
116000029,154,154,0
116000030,466,1314,-848
116000031,0,0,0
116000032,276,16,260
116000033,707,166,541
116000034,2730,1062,1668
116000035,383,106,277
116000036,63,148,-85
116000037,42,236,-194
116000038,82,364,-282
116000039,31,46,-15
116000040,251,359,-108
116000041,25,64,-39
116000042,542,364,178
116000043,80,108,-28
116000044,0,2,-2
116000045,3096,2496,600
116000046,627,420,207
116000047,832,1085,-253
116000048,4620,1321,3299
116000049,2695,1069,1626
116000050,992,408,584
116000051,3957,978,2979
116000052,1372,557,815
116000053,3913,563,3350
116000054,546,411,135
116000055,457,259,198
116000056,1961,2051,-90
116000057,443,128,315
116000058,605,654,-49
116000059,1110,5942,-4832
116000060,313,357,-44
116000061,190,916,-726
116000062,145,136,9
116000063,286,979,-693
116000066,107,930,-823
116000067,37,43,-6
116000068,68,227,-159
116000069,155,59,96
116000078,304,831,-527
116000080,522,112,410
116000082,4,32,-28
116000083,562,136,426
116000084,502,1077,-575
116000085,655,405,250
116000086,257,293,-36
116000087,992,683,309
116000088,339,276,63
116000089,61,8,53
116000090,45,56,-11
116000091,33,63,-30
116000093,410,98,312
116000094,164,85,79
116000095,411,50,361
116000096,483,600,-117
116000097,415,92,323
116000098,15,2474,-2459
116000099,932,73,859
116000100,147,7,140
116000101,315,28,287
116000102,117,184,-67
116000103,252,115,137
116000104,106,116,-10
116000105,682,14,668
116000106,298,91,207
116000107,1145,23,1122
116000108,2,14,-12
116000111,37,39,-2
116000113,78,15,63
116000114,4,65,-61
116000115,263,46,217
116000116,46,90,-44
116000117,867,490,377
116000118,445,127,318
116000119,1858,872,986
116000120,485,257,228
116000121,454,161,293
116000122,51,47,4
116000123,1262,143,1119
116000124,90,120,-30
116000125,1455,87,1368
116000126,10,47,-37
116000127,178,82,96
116000128,1060,160,900
116000129,316,18,298
116000130,235,150,85
116000133,365,26,339
116000134,497,177,320
116000135,1563,269,1294
116000136,337,261,76
116000137,591,199,392
116000138,180,177,3
116000139,1564,2231,-667
116000140,72,194,-122
116000141,113,43,70
116000142,1650,1764,-114
116000143,1061,1079,-18
116000144,1128,927,201
116000145,2293,647,1646
116000146,224,17,207
116000147,166,154,12
116000148,156,242,-86
116000149,159,95,64
116000151,317,330,-13
116000153,103,627,-524
116000155,172,384,-212
116000156,141,171,-30
116000157,42,0,42
116000158,312,42,270
116000159,0,0,0
116000160,5,3,2
116000161,15,75,-60
116000162,9,128,-119
116000163,15,3,12
116000164,2,2,0
116000177,17,5,12
116000194,19,70,-51
116000195,523,203,320
116000196,0,0,0
116000197,0,0,0
116000198,1398,1261,137
116000200,133,368,-235
116000201,347,55,292
116000202,0,26,-26
116000203,0,13,-13
116000204,1,2,-1
116000205,0,16,-16
116000206,0,6,-6
116000207,4,6,-2
116000233,0,0,0
116000287,19,3,16
116000288,195,84,111
116000292,0,0,0
116000296,0,38,-38
116000297,42,2,40
116000304,56,14,42
116000305,0,28,-28
116000346,0,0,0
116000352,0,0,0
116000354,0,0,0
116000357,0,0,0
116000358,10,9,1
116000361,15,0,15
116000372,1982,3803,-1821
116000381,20,0,20
116000388,0,2,-2
116000389,62,17,45
116000445,87,13,74
116000446,554,47,507
116000447,2,40,-38
116000448,218,52,166
116000563,260,1781,-1521
116000565,5,93,-88
116000568,26,102,-76
116000579,2,27,-25
116000584,38,4,34
116000585,11,28,-17
116000586,2,65,-63
116000587,582,148,434
116000589,25,8,17
116000590,47,6,41
116000591,207,25,182
116000592,0,11,-11
116000593,0,6,-6
116000594,265,65,200
116000595,127,14,113
116000596,116,8,108
116000597,300,107,193
116000598,2,24,-22
116000602,0,0,0
116000605,27,26,1
116000606,55,95,-40
116000607,0,0,0
116000609,3,341,-338
116000611,23,34,-11
116000612,1351,1909,-558
116000613,569,192,377
116000614,47,27,20
116000615,0,0,0
116000616,97,15,82
116000617,111,8,103
116000618,0,0,0
116000619,4,37,-33
116000620,207,114,93
116000621,39,118,-79
116000622,194,94,100
116000624,87,31,56
116000627,53,12,41
116000628,28,5,23
116000629,4,5,-1
116000630,340,2,338
116000631,42,2,40
116000632,0,0,0
116000633,0,127,-127
116000634,263,0,263
116000635,1741,1677,64
116000636,191,530,-339
116000637,37,1,36
116000638,0,129,-129
116900001,5,0,5
116900002,48,1,47
116900003,0,0,0
116900004,112,31,81
116900005,78,1,77
116900006,60,80,-20
116900007,14,4,10
116900008,103,11,92
116900009,10,4,6
116900010,1,87,-86
116900011,0,0,0
116900012,7,23,-16
116900013,0,29,-29
116900014,0,0,0
116900015,160,8,152
116900016,65,0,65
116900017,0,118,-118
116900018,0,0,0
116900019,0,0,0
116900020,109,102,7
116900023,0,0,0
116900024,245,3,242
116900025,355,75,280
116900026,2,62,-60
116900027,0,0,0
116900028,0,0,0
116900029,0,4,-4
116900031,0,0,0
116900032,0,5,-5
116900033,0,0,0
116900034,0,0,0
116900035,26,13,13
116900036,2,24,-22
116900038,0,0,0
116900041,1,0,1
116900042,0,0,0
116900043,3,8,-5
116900047,2,54,-52
116900049,0,0,0
116900050,12,0,12
116900051,60,0,60
116900052,25,12,13
116900055,0,0,0
116900057,0,0,0
116900058,1,2,-1
116900059,0,5,-5
116900060,24,27,-3
116900062,0,12,-12
116900064,0,0,0
116900065,1,3,-2
116900067,2,1,1
116900068,55,30,25
116900070,0,0,0
116900072,0,0,0
116900073,0,3,-3
116900074,0,0,0
116900076,0,0,0
116900077,0,1,-1
116900078,0,0,0
116900079,1,16,-15
116900080,0,0,0
116900081,8,17,-9
116900082,42,93,-51
116900083,0,1,-1
116900084,11,3,8
116900085,13,1,12
116900086,0,2,-2
116900088,25,3,22
116900090,3,0,3
116900091,32,0,32
116900092,18,8,10
116900093,111,83,28
116900094,651,838,-187
116900095,13,0,13
116900096,34,2,32
116900097,241,556,-315
116900098,21,9,12
116900099,33,22,11
116900100,313,5,308
116900101,8,27,-19
116900103,18,0,18
116900104,0,19,-19
116900105,56,17,39
116900106,928,6,922
116900107,448,859,-411
116900110,18,0,18
116900111,539,77,462
116900112,181,69,112
116900113,103,558,-455
116900116,0,8,-8
116900117,1,10,-9
116900118,47,14,33
116900120,102,14,88
116900121,91,2,89
116900122,311,30,281
116900123,29,30,-1
116900124,22,12,10
116900125,24,9,15
116900126,4,111,-107
116900128,0,0,0
116900129,0,0,0
116900130,9,453,-444
116900131,0,0,0
116900132,6,0,6
116900133,0,0,0
116900134,0,0,0
116900136,0,0,0
116900137,0,0,0
116900138,0,0,0
116900139,0,0,0
116900140,0,0,0
116900141,0,0,0
116900142,0,0,0
116900143,0,0,0
116900144,0,0,0
116900145,0,0,0
116900147,0,0,0
116900148,0,0,0
116900149,0,3,-3
116900150,0,0,0
116900151,0,0,0
116900153,6,3,3
116900154,3,21,-18
116900155,0,0,0
116900157,98,1,97
116900158,11,13,-2
116900159,15,17,-2
116900160,135,126,9
116900161,392,33,359
116900162,0,12,-12
116900163,46,1,45
116900164,4,1,3
116900165,276,66,210
116900166,4,1,3
116900167,72,1,71
116900168,104,3,101
116900169,13,29,-16
116900170,223,51,172
116900171,8,9,-1
116900172,2,23,-21
116900173,28,1,27
116900174,2,31,-29
116900175,6,10,-4
116900178,0,3,-3
116900179,2,43,-41
116900180,4,0,4
116900182,70,17,53
116900183,35,11,24
116900185,105,4,101
116900186,2,10,-8
116900187,4,7,-3
116900188,19,1,18
116900189,0,0,0
116900191,10,20,-10
116900192,165,8,157
116900194,5,269,-264
116900195,27,1,26
116900196,2,3,-1
116900197,28,0,28
116900198,7,24,-17
116900200,0,0,0
116900201,30,0,30
116900202,14,0,14
116900203,19,0,19
116900204,4,7,-3
116900206,0,0,0
116900207,1,0,1
116900208,1,8,-7
116900209,16,7,9
116900210,36,5,31
116900211,24,0,24
116900212,0,0,0
116900213,44,5,39
116900214,0,0,0
116900215,0,8,-8
116900216,0,2,-2
116900218,0,7,-7
116900219,289,13,276
116900220,12,20,-8
116900221,0,0,0
116900222,219,95,124
116900223,18,9,9
116900226,133,1,132
116900227,30,1,29
116900228,101,2,99
116900230,0,23,-23
116900231,1,17,-16
116900232,0,24,-24
116900233,101,15,86
116900234,4,0,4
116900235,0,1,-1
116900238,102,7,95
116900239,0,76,-76
116900240,218,87,131
116900241,0,4,-4
116900242,25,197,-172
116900243,0,6,-6
116900245,3,3,0
116900246,5,0,5
116900247,231,6,225
116900248,40,1,39
116900249,131,0,131
116900250,82,5,77
116900251,41,46,-5
116900252,53,28,25
116900253,16,3,13
116900254,0,2,-2
116900255,0,0,0
116900256,0,0,0
116900257,0,0,0
116900258,0,0,0
116900259,41,0,41
116900260,0,0,0
116900261,5,0,5
116900262,5,0,5
116900263,0,0,0
116900264,0,0,0
116900265,13,0,13
116900266,0,0,0
116900267,0,0,0
116900268,0,17,-17
116900269,245,198,47
116900271,0,0,0
116900272,59,31,28
116900273,1,7,-6
116900274,39,1,38
116900275,0,0,0
116900276,177,177,0
116900277,20,3,17
116900278,0,0,0
116900279,1,0,1
116900280,0,0,0
116900281,707,876,-169
116900282,0,1,-1
116900283,0,10,-10
116900284,0,7,-7
116900285,9,21,-12
116900286,14,0,14
116900287,2,1,1
116900288,32,4,28
116900289,4,1,3
116900290,1,0,1
116900291,0,0,0
116900292,0,0,0
116900293,0,0,0
116900294,0,0,0
116900295,0,0,0
116900296,0,0,0
116900297,0,0,0
116900298,0,0,0
116900299,0,0,0
116900300,0,0,0
116900301,0,0,0
116900302,0,0,0
116900303,22,0,22
116900304,0,0,0
116900305,2,3,-1
116900306,146,7,139
117000001,3448,1935,1513
117000002,1571,1023,548
117000003,4597,1780,2817
117000004,1482,1128,354
117000005,3110,936,2174
117000006,543,779,-236
117000007,3962,711,3251
117000008,374,1051,-677
117000009,2673,632,2041
117000010,565,676,-111
117000011,1713,464,1249
117000012,740,273,467
117000013,1347,290,1057
117000014,589,1385,-796
117000015,808,1004,-196
117000016,46,134,-88
117000017,106,65,41
117000018,14,713,-699
117000019,6,3,3
117000020,248,1421,-1173
117000021,948,103,845
117000022,117,232,-115
117000023,34,117,-83
117000024,100,235,-135
117000025,16,208,-192
117000026,1199,1448,-249
117000027,104,237,-133
117000028,258,321,-63
117000030,369,243,126
117000031,330,186,144
117000032,989,662,327
117000033,613,277,336
117000034,437,118,319
117000035,381,149,232
117000036,208,270,-62
117000037,435,104,331
117000038,305,362,-57
117000039,165,151,14
117000040,30,217,-187
117000041,841,28,813
117000044,3,128,-125
117000045,245,115,130
117000046,158,254,-96
117000047,541,334,207
117000048,434,231,203
117000049,40,196,-156
117000050,118,352,-234
117000051,1495,21,1474
117000052,25,63,-38
117000053,436,1,435
117000054,1335,6,1329
117000055,2,282,-280
117000056,425,22,403
117000057,178,208,-30
117000060,127,114,13
117000061,1990,721,1269
117000062,107,35,72
117000063,1655,437,1218
117000064,580,157,423
117000066,295,139,156
117000067,62,405,-343
117000074,7,92,-85
117000076,35,38,-3
117000077,27,38,-11
117000078,162,38,124
117000079,145,26,119
117000080,0,0,0
117000081,296,49,247
117000082,2,39,-37
117000083,21,0,21
117000084,59,0,59
117000085,143,121,22
117000086,200,84,116
117000087,1,232,-231
117000088,302,149,153
117000089,1666,183,1483
117000090,130,179,-49
117000091,1034,61,973
117000092,114,161,-47
117000093,1825,154,1671
117000094,211,212,-1
117000095,3525,156,3369
117000096,257,237,20
117000097,1944,288,1656
117000098,534,456,78
117000099,3575,414,3161
117000100,44,92,-48
117000101,87,48,39
117000102,1967,276,1691
117000103,119,216,-97
117000104,1707,260,1447
117000105,117,237,-120
117000106,1942,240,1702
117000107,158,148,10
117000108,1967,858,1109
117000109,505,242,263
117000110,2028,1643,385
117000111,2524,2274,250
117000112,1668,771,897
117000113,35,45,-10
117000114,195,44,151
117000115,62,21,41
117000116,92,24,68
117000117,406,140,266
117000118,107,101,6
117000119,32,149,-117
117000120,5,158,-153
117000121,0,281,-281
117000122,10,518,-508
117000123,220,91,129
117000124,16,30,-14
117000125,15,33,-18
117000126,10,1,9
117000127,33,12,21
117000128,9,18,-9
117000129,138,365,-227
117000130,28,5,23
117000131,0,0,0
117000132,2336,27,2309
117000133,2122,10,2112
117000134,0,0,0
117000135,0,0,0
117000136,0,0,0
117000137,255,153,102
117000138,0,0,0
117000140,78,90,-12
117000141,2057,232,1825
117000181,4,12,-8
117000182,274,477,-203
117000195,3,61,-58
117000196,214,115,99
117000225,3,4,-1
117000226,0,12,-12
117000276,199,1,198
117000277,0,26,-26
117000310,243,1874,-1631
117000315,61,350,-289
117000320,19,0,19
117000906,275,29,246
117000907,4,39,-35
117000908,40,103,-63
117000909,30,104,-74
117000910,402,67,335
117000911,14,89,-75
117000915,19,82,-63
117000916,8,3,5
117000917,1338,32,1306
117000918,87,159,-72
117000919,0,17,-17
117000920,0,152,-152
117000921,0,80,-80
117000922,10,9,1
117000924,140,306,-166
117000926,196,101,95
117000927,127,489,-362
117000928,0,0,0
117000929,30,35,-5
117000930,23,3,20
117000931,114,80,34
117900002,25,367,-342
117900003,0,0,0
117900005,0,3,-3
117900006,0,0,0
117900007,87,5,82
117900008,0,1,-1
117900010,104,21,83
117900011,1,52,-51
117900012,12,11,1
117900013,0,8,-8
117900014,125,19,106
117900015,5,49,-44
117900016,170,502,-332
117900017,410,39,371
117900018,79,20,59
117900019,211,63,148
117900020,8,45,-37
117900021,3,5,-2
117900022,0,0,0
117900023,55,2,53
117900024,44,9,35
117900025,0,0,0
117900026,195,17,178
117900028,3,0,3
117900029,119,42,77
117900030,61,201,-140
117900031,31,45,-14
117900032,224,91,133
117900033,315,45,270
117900034,0,0,0
117900035,53,4,49
117900036,238,33,205
117900037,71,1,70
117900038,0,0,0
117900039,0,0,0
117900040,0,0,0
117900041,0,0,0
117900042,280,107,173
117900043,0,0,0
117900044,1,1438,-1437
117900045,207,41,166
117900048,193,19,174
117900049,192,61,131
117900050,0,54,-54
117900051,1,1,0
117900052,0,0,0
117900053,549,58,491
117900054,0,6,-6
117900055,79,56,23
117900056,0,0,0
117900057,150,315,-165
117900058,3,0,3
117900059,0,0,0
117900060,829,593,236
117900061,2,111,-109
117900063,157,68,89
117900065,65,138,-73
117900066,6,47,-41
117900067,449,32,417
117900069,359,13,346
117900070,54,41,13
117900071,179,34,145
117900073,264,18,246
117900074,3,34,-31
117900075,74,5,69
117900076,0,0,0
117900077,67,2,65
117900078,181,143,38
117900080,115,28,87
117900081,71,18,53
117900082,331,85,246
117900083,220,43,177
117900086,70,14,56
117900087,25,1,24
117900088,251,74,177
117900089,782,132,650
117900090,123,68,55
117900091,166,31,135
117900092,23,9,14
117900093,63,1,62
117900094,60,15,45
117900095,182,39,143
117900096,93,55,38
117900097,19,41,-22
117900098,51,6,45
117900099,194,93,101
117900100,251,1,250
117900101,259,726,-467
117900102,20,33,-13
117900103,49,0,49
117900104,1,30,-29
117900105,72,21,51
117900106,27,12,15
117900107,57,0,57
117900109,380,228,152
117900110,128,1,127
117900111,346,30,316
117900112,28,1,27
117900113,148,54,94
117900114,30,0,30
117900115,10,24,-14
117900116,231,96,135
117900117,122,43,79
117900118,100,1,99
117900119,155,0,155
117900120,274,1,273
117900121,94,15,79
117900122,78,1138,-1060
117900123,270,98,172
117900124,138,115,23
117900125,224,179,45
117900126,62,29,33
117900127,161,28,133
117900128,246,36,210
117900129,73,0,73
117900130,253,2,251
117900131,0,0,0
117900132,0,0,0
117900133,0,0,0
117900134,0,0,0
117900135,0,0,0
117900136,0,0,0
117900137,0,0,0
117900138,0,0,0
117900139,0,2,-2
117900140,748,121,627
117900141,32,55,-23
117900142,5,61,-56
117900144,3,45,-42
117900145,0,25,-25
117900146,1,90,-89
117900147,58,28,30
117900148,224,807,-583
117900149,2,5,-3
117900150,2,19,-17
117900151,13,28,-15
117900152,0,0,0
117900153,1,82,-81
117900154,326,83,243
117900156,159,27,132
117900157,73,30,43
117900158,71,8,63
117900160,283,197,86
117900161,344,48,296
117900162,306,130,176
117900163,10,35,-25
117900165,0,0,0
117900166,2,49,-47
117900168,144,1,143
117900169,0,7,-7
117900170,1,3,-2
117900171,0,0,0
117900172,0,8,-8
117900173,1,7,-6
117900174,12,13,-1
117900175,0,0,0
117900176,0,4,-4
117900177,0,1,-1
117900178,13,1,12
117900180,39,0,39
117900181,0,269,-269
117900182,1,15,-14
117900183,26,119,-93
117900184,3,8,-5
117900185,61,2,59
117900186,22,0,22
117900187,21,3,18
117900188,41,2,39
117900189,41,0,41
117900190,5,0,5
117900191,33,0,33
117900192,24,0,24
117900193,191,68,123
117900194,0,0,0
117900195,1,12,-11
117900196,17,0,17
117900207,68,35,33
117900208,4,5,-1
117900209,70,0,70
117900210,0,0,0
117900211,0,0,0
117900212,178,28,150
117900213,46,2,44
117900214,1,0,1
117900215,0,0,0
117900216,0,0,0
117900217,0,0,0
117900218,0,0,0
117900219,0,0,0
117900220,1,75,-74
117900222,13,19,-6
117900223,7,164,-157
118000001,310,1011,-701
118000002,62,398,-336
118000003,1961,3666,-1705
118000004,633,502,131
118000005,1612,2154,-542
118000006,1519,2299,-780
118000007,3161,5389,-2228
118000008,2587,2426,161
118000009,633,1283,-650
118000010,1252,1386,-134
118000011,554,349,205
118000012,318,363,-45
118000013,343,600,-257
118000014,539,464,75
118000016,160,30,130
118000017,807,685,122
118000018,85,37,48
118000019,813,941,-128
118000020,228,1265,-1037
118000021,66,1048,-982
118000022,823,517,306
118000023,353,375,-22
118000024,484,627,-143
118000027,3655,5586,-1931
118000029,151,883,-732
118000032,140,1431,-1291
118000033,1446,2267,-821
118000034,1798,1500,298
118000035,431,778,-347
118000036,192,477,-285
118000037,206,571,-365
118000038,127,213,-86
118000039,69,57,12
118000040,477,498,-21
118000041,293,463,-170
118000045,35,222,-187
118000046,70,1083,-1013
118000047,41,353,-312
118000048,567,1561,-994
118000051,1094,1431,-337
118000052,655,1407,-752
118000053,266,773,-507
118000054,923,683,240
118000055,377,698,-321
118000056,39,282,-243
118000057,50,160,-110
118000058,387,415,-28
118000059,202,1120,-918
118000060,313,252,61
118000061,292,261,31
118000062,69,65,4
118000063,90,582,-492
118000064,195,766,-571
118000065,655,293,362
118000066,338,1697,-1359
118000067,220,828,-608
118000068,252,2527,-2275
118000069,436,621,-185
118000070,647,1572,-925
118000071,428,2314,-1886
118000072,422,3507,-3085
118000073,260,1463,-1203
118000074,73,431,-358
118000075,135,469,-334
118000076,3170,6051,-2881
118000077,691,635,56
118000078,1148,1486,-338
118000079,25,214,-189
118000080,181,382,-201
118000081,1160,964,196
118000082,220,735,-515
118000083,299,1142,-843
118000084,290,303,-13
118000086,17,66,-49
118000087,1242,1779,-537
118000088,415,1061,-646
118000089,1004,936,68
118000090,186,1286,-1100
118000091,183,1593,-1410
118000092,212,136,76
118000093,23,621,-598
118000096,88,342,-254
118000097,92,319,-227
118000098,102,182,-80
118000099,0,0,0
118000101,802,303,499
118000102,312,159,153
118000107,57,16,41
118000108,56,480,-424
118000110,0,0,0
118000111,0,0,0
118000112,229,2,227
118000113,0,0,0
118000114,359,7,352
118000115,1,14,-13
118000116,28,6,22
118000117,220,392,-172
118000118,409,555,-146
118000119,557,639,-82
118000120,428,331,97
118000121,18,132,-114
118000122,107,44,63
118000123,74,201,-127
118000125,2,233,-231
118000126,175,461,-286
118000127,613,474,139
118000128,5,448,-443
118000129,227,415,-188
118000130,567,1056,-489
118000131,95,220,-125
118000132,1850,1516,334
118000133,456,214,242
118000135,154,376,-222
118000136,20,287,-267
118000137,106,62,44
118000138,89,82,7
118000139,86,38,48
118000140,1238,6106,-4868
118000141,2799,1367,1432
118000142,1008,1110,-102
118000143,3192,1614,1578
118000144,500,184,316
118000145,807,248,559
118000146,977,141,836
118000147,808,235,573
118000148,155,804,-649
118000149,313,123,190
118000150,868,200,668
118000151,482,118,364
118000153,2485,1402,1083
118000154,1017,1046,-29
118000155,3102,1188,1914
118000156,503,1106,-603
118000157,222,115,107
118000158,93,156,-63
118000159,59,157,-98
118000160,755,257,498
118000161,280,155,125
118000162,524,481,43
118000163,721,907,-186
118000164,948,1176,-228
118000168,112,1,111
118000169,171,350,-179
118000170,995,1220,-225
118000171,148,247,-99
118000172,68,82,-14
118000173,551,359,192
118000175,230,290,-60
118000176,361,367,-6
118000177,321,460,-139
118000178,1,33,-32
118000179,851,680,171
118000180,807,358,449
118000181,197,53,144
118000182,89,113,-24
118000183,35,65,-30
118000184,1073,298,775
118000185,217,606,-389
118000186,65,522,-457
118000187,943,147,796
118000188,143,1,142
118000189,89,21,68
118000190,2,11,-9
118000191,34,10,24
118000192,2,85,-83
118000193,3,201,-198
118000194,820,1352,-532
118000195,61,932,-871
118000196,17,66,-49
118000197,115,343,-228
118000198,381,1051,-670
118000199,401,722,-321
118000200,0,0,0
118000201,96,253,-157
118000202,0,0,0
118000203,40,212,-172
118000204,9,24,-15
118000205,55,29,26
118000206,339,106,233
118000207,0,38,-38
118000208,703,929,-226
118000209,1209,307,902
118000210,46,20,26
118000211,73,13,60
118000213,174,1026,-852
118000214,129,33,96
118000215,87,14,73
118000216,478,12,466
118000217,2,19,-17
118000218,16,5,11
118000219,203,73,130
118000220,54,35,19
118000221,25,385,-360
118000222,27,3,24
118000223,65,9,56
118000224,48,18,30
118000225,0,0,0
118000226,202,20,182
118000227,25,223,-198
118000228,4,20,-16
118000229,0,0,0
118000230,0,0,0
118000231,0,0,0
118000232,0,0,0
118000233,585,126,459
118000234,0,0,0
118000236,49,11,38
118000237,0,0,0
118000238,256,0,256
118000239,301,167,134
118000240,40,22,18
118000241,29,1,28
118000242,0,0,0
118000243,0,0,0
118000244,1,15,-14
118000246,0,0,0
118000255,15,202,-187
118000256,134,122,12
118000259,1,2,-1
118000260,40,3,37
118000261,0,1,-1
118000263,6,14,-8
118000266,34,27,7
118000267,0,0,0
118000268,47,0,47
118000270,0,0,0
118000271,83,24,59
118000272,47,3,44
118000273,7,0,7
118000274,0,0,0
118000276,73,19,54
118000295,4,1,3
118000298,7,7,0
118000299,0,0,0
118000301,0,0,0
118000302,35,6,29
118000311,174,21,153
118000312,32,0,32
118000313,19,11,8
118000314,18,3,15
118000315,2,4,-2
118000316,19,15,4
118000325,159,8,151
118000326,8,2,6
118000331,207,26,181
118000332,107,3,104
118000333,165,8,157
118000335,142,1,141
118000336,0,0,0
118000407,160,4,156
118000457,0,0,0
118000465,250,387,-137
118000480,0,3,-3
118000489,5,282,-277
118000490,3,42,-39
118000492,410,52,358
118000510,0,0,0
118000514,15,3,12
118000515,47,120,-73
118000517,159,157,2
118000524,3,6,-3
118000525,32,93,-61
118000530,15,89,-74
118000531,301,120,181
118000532,0,0,0
118000533,0,0,0
118000534,0,0,0
118000535,126,27,99
118000536,6,16,-10
118000537,0,7,-7
118000538,0,14,-14
118000539,8,85,-77
118000540,14,12,2
118000541,12,6,6
118000542,34,140,-106
118000543,40,72,-32
118000546,34,0,34
118000560,0,5,-5
118000562,0,0,0
118000563,834,893,-59
118000576,105,5,100
118000577,49,38,11
118000578,26,5,21
118000579,106,302,-196
118000595,138,95,43
118000596,0,0,0
118000597,8,26,-18
118000598,4,0,4
118000599,217,5,212
118000600,0,6,-6
118000601,1,0,1
118000602,0,0,0
118000603,0,1,-1
118900001,0,0,0
118900002,63,1,62
118900003,75,0,75
118900004,2,0,2
118900005,0,0,0
118900006,0,0,0
118900007,0,0,0
118900008,224,1,223
118900009,0,0,0
118900010,0,0,0
118900011,0,0,0
118900012,104,34,70
118900013,0,0,0
118900015,0,0,0
118900016,0,0,0
118900017,0,0,0
118900018,0,0,0
118900019,0,0,0
118900020,0,0,0
118900021,29,40,-11
118900022,28,5,23
118900023,0,0,0
118900024,0,0,0
118900025,0,0,0
118900026,8,2,6
118900027,0,0,0
118900028,84,25,59
118900029,0,0,0
118900030,0,0,0
118900031,6,0,6
118900032,0,0,0
118900033,0,0,0
118900034,0,0,0
118900035,5,1,4
118900036,101,25,76
118900037,0,0,0
118900038,83,2,81
118900039,0,0,0
118900040,59,19,40
118900041,0,0,0
118900042,6,1,5
118900045,14,7,7
118900046,2,6,-4
118900047,12,23,-11
118900048,0,0,0
118900049,0,0,0
118900050,0,0,0
118900051,0,0,0
118900052,0,0,0
118900053,0,0,0
118900054,2,1,1
118900055,0,0,0
118900056,0,0,0
118900057,68,68,0
118900058,0,0,0
118900059,0,0,0
118900060,21,7,14
118900062,0,0,0
118900064,0,0,0
118900065,0,0,0
118900066,0,0,0
118900067,26,66,-40
118900068,0,0,0
118900069,23,1,22
118900071,0,0,0
118900072,0,0,0
118900073,10,0,10
118900074,0,0,0
118900075,0,0,0
118900076,0,0,0
118900077,0,0,0
118900078,0,0,0
118900079,0,0,0
118900080,0,0,0
118900081,0,0,0
118900082,8,2,6
118900083,0,0,0
118900084,0,0,0
118900085,0,0,0
118900086,0,0,0
118900087,0,1,-1
118900088,0,0,0
118900089,0,0,0
118900090,0,0,0
118900091,0,0,0
118900092,0,0,0
118900093,0,0,0
118900096,0,0,0
118900097,52,59,-7
118900099,13,6,7
118900100,0,0,0
118900101,0,0,0
118900102,0,0,0
118900103,0,0,0
118900104,11,0,11
118900105,0,0,0
118900107,0,0,0
118900108,0,0,0
118900110,56,0,56
118900111,0,0,0
118900112,0,0,0
118900113,0,0,0
118900114,1,0,1
118900115,2,19,-17
118900116,3,2,1
118900117,2,17,-15
118900118,14,5,9
118900119,29,5,24
118900120,0,11,-11
118900121,0,0,0
118900122,0,0,0
118900123,33,6,27
118900124,0,0,0
118900126,0,0,0
118900129,0,0,0
118900130,0,0,0
118900131,61,20,41
118900132,0,0,0
118900133,0,0,0
118900135,0,0,0
118900136,52,21,31
118900137,0,0,0
118900139,0,0,0
118900140,116,45,71
118900141,0,0,0
118900144,26,16,10
118900145,0,0,0
118900146,27,27,0
118900147,0,0,0
118900148,0,0,0
118900150,0,0,0
118900152,0,0,0
118900157,0,0,0
118900158,0,0,0
118900159,0,0,0
118900161,0,0,0
118900163,0,0,0
118900164,0,0,0
118900165,0,0,0
118900166,0,0,0
118900167,0,0,0
118900168,0,0,0
118900169,0,0,0
118900170,0,0,0
118900171,0,0,0
118900174,0,0,0
118900175,76,27,49
118900176,12,19,-7
118900177,0,0,0
118900178,0,0,0
118900179,0,0,0
118900181,62,5,57
118900182,0,0,0
118900183,0,0,0
118900184,0,0,0
118900185,13,3,10
118900186,3,12,-9
118900187,18,5,13
118900188,36,2,34
118900189,0,0,0
118900190,0,0,0
118900191,0,0,0
118900192,0,0,0
118900193,2,0,2
118900195,51,1,50
118900196,0,0,0
118900197,0,0,0
118900198,0,0,0
118900199,0,0,0
118900200,0,0,0
118900201,0,0,0
118900202,0,0,0
118900203,0,0,0
118900204,0,0,0
118900205,0,0,0
118900206,0,0,0
119000001,1190,877,313
119000002,2061,1004,1057
119000003,1004,316,688
119000004,745,1204,-459
119000005,895,1510,-615
119000006,1111,732,379
119000007,2037,1897,140
119000008,633,479,154
119000009,1040,2240,-1200
119000010,1007,1333,-326
119000011,1181,1262,-81
119000012,514,1313,-799
119000013,3675,1988,1687
119000014,859,1675,-816
119000019,62,102,-40
119000020,807,1094,-287
119000021,1554,1782,-228
119000022,82,622,-540
119000023,58,153,-95
119000024,589,8239,-7650
119000025,1186,551,635
119000026,30,158,-128
119000027,31,234,-203
119000028,1398,293,1105
119000029,54,83,-29
119000030,330,697,-367
119000031,360,477,-117
119000032,203,602,-399
119000033,1099,658,441
119000034,527,269,258
119000035,3,153,-150
119000036,1219,178,1041
119000037,668,423,245
119000038,42,180,-138
119000039,448,215,233
119000040,190,572,-382
119000041,276,794,-518
119000048,1704,615,1089
119000049,644,348,296
119000050,449,485,-36
119000051,350,253,97
119000052,378,398,-20
119000053,603,328,275
119000054,1555,641,914
119000055,3100,604,2496
119000056,2205,688,1517
119000057,932,493,439
119000058,711,511,200
119000059,891,476,415
119000060,521,132,389
119000061,235,368,-133
119000062,301,233,68
119000063,430,233,197
119000064,164,149,15
119000065,207,431,-224
119000066,676,705,-29
119000067,647,583,64
119000068,763,295,468
119000069,574,336,238
119000070,882,281,601
119000071,40,158,-118
119000072,705,344,361
119000073,1200,2606,-1406
119000074,1375,422,953
119000075,1595,914,681
119000076,56,290,-234
119000077,182,168,14
119000078,59,53,6
119000079,15,82,-67
119000080,244,11,233
119000081,125,119,6
119000082,216,22,194
119000083,197,62,135
119000084,105,75,30
119000085,140,61,79
119000086,78,41,37
119000087,442,159,283
119000088,154,5,149
119000089,26,27,-1
119000090,40,82,-42
119000091,26,65,-39
119000092,103,133,-30
119000093,1072,665,407
119000094,1870,1271,599
119000095,755,644,111
119000097,617,481,136
119000098,513,2579,-2066
119000099,1248,426,822
119000100,2256,910,1346
119000101,1092,775,317
119000102,32,247,-215
119000103,508,294,214
119000104,155,43,112
119000105,172,736,-564
119000106,78,84,-6
119000107,729,375,354
119000108,177,100,77
119000109,29,35,-6
119000110,0,0,0
119000111,1,53,-52
119000112,0,0,0
119000113,157,8,149
119000114,94,115,-21
119000115,16,130,-114
119000116,6,104,-98
119000117,42,45,-3
119000118,6,1,5
119000123,346,640,-294
119000124,265,108,157
119000125,2274,287,1987
119000126,538,189,349
119000127,148,26,122
119000128,1,0,1
119000131,326,31,295
119000132,0,0,0
119000133,5,2,3
119000134,297,429,-132
119000135,64,17,47
119000136,0,0,0
119000137,25,22,3
119000138,0,0,0
119000139,14,7,7
119000140,0,0,0
119000284,252,773,-521
119000285,383,348,35
119000286,1227,904,323
119000287,591,459,132
119000288,515,187,328
119000289,304,713,-409
119000290,234,283,-49
119000291,1,60,-59
119000293,110,268,-158
119000294,79,57,22
119000295,262,84,178
119000296,69,35,34
119000302,1140,901,239
119000303,3,32,-29
119000314,298,2604,-2306
119000315,0,6,-6
119000316,0,0,0
119000317,28,15,13
119900001,41,268,-227
119900002,27,42,-15
119900003,0,31,-31
119900004,0,0,0
119900005,0,0,0
119900006,24,48,-24
119900007,6,1,5
119900008,0,0,0
119900009,67,73,-6
119900010,222,199,23
119900011,11,0,11
119900012,0,0,0
119900013,193,173,20
119900014,91,69,22
119900015,0,0,0
119900016,0,0,0
119900017,9,7,2
119900018,213,229,-16
119900019,0,0,0
119900020,0,0,0
119900021,0,0,0
119900022,17,237,-220
119900023,68,839,-771
119900025,0,0,0
119900026,0,0,0
119900027,5,2,3
119900028,62,41,21
119900029,0,0,0
119900030,0,0,0
119900031,34,262,-228
119900033,353,117,236
119900034,0,0,0
119900037,135,1,134
119900038,81,30,51
119900039,0,0,0
119900040,113,3,110
119900041,0,0,0
119900042,0,0,0
119900043,59,32,27
119900044,12,182,-170
119900046,0,0,0
119900047,0,0,0
119900048,2,0,2
119900049,47,0,47
119900050,129,17,112
119900051,398,8,390
119900052,0,0,0
119900053,0,0,0
119900054,146,7,139
119900055,375,46,329
119900057,0,0,0
119900058,0,0,0
119900059,9,0,9
119900060,137,12,125
119900062,2,0,2
119900063,0,0,0
119900064,285,40,245
119900065,93,0,93
119900066,0,0,0
119900067,0,0,0
119900068,0,0,0
119900069,17,0,17
119900070,312,1,311
119900071,214,15,199
119900073,89,0,89
119900074,0,0,0
119900075,287,439,-152
119900076,0,0,0
119900077,235,18,217
119900078,130,9,121
119900079,41,0,41
119900080,295,69,226
119900081,15,1,14
119900082,1272,236,1036
119900083,84,43,41
119900084,0,0,0
119900085,0,0,0
119900087,0,0,0
119900088,0,0,0
119900089,0,0,0
119900090,0,0,0
119900091,0,0,0
119900092,0,0,0
119900093,0,0,0
119900094,0,0,0
119900095,0,0,0
119900096,0,0,0
119900097,0,1,-1
119900098,0,0,0
119900099,0,0,0
119900100,27,120,-93
119900101,7,67,-60
119900102,0,0,0
119900103,0,0,0
119900104,0,0,0
119900105,51,32,19
119900106,0,0,0
119900107,0,0,0
119900108,389,117,272
119900109,0,0,0
119900110,40,56,-16
119900111,28,5,23
119900112,0,0,0
119900113,1,2,-1
119900114,39,39,0
119900115,34,4,30
119900116,0,2,-2
119900117,14,22,-8
119900118,16,10,6
119900119,0,1,-1
119900120,13,37,-24
119900121,0,1,-1
119900122,0,0,0
119900123,2,8,-6
119900124,1,11,-10
119900125,0,0,0
119900126,232,47,185
119900127,48,1,47
119900128,2,2,0
119900129,18,2,16
119900130,0,0,0
119900131,0,5,-5
119900132,0,0,0
119900133,0,0,0
119900134,42,13,29
119900135,0,0,0
119900136,0,0,0
119900138,0,0,0
119900139,0,0,0
119900140,0,11,-11
119900141,0,0,0
119900142,4,5,-1
119900143,0,89,-89
119900144,0,0,0
119900145,0,0,0
119900146,0,0,0
119900147,0,0,0
119900148,35,12,23
119900149,34,757,-723
119900150,0,0,0
119900151,269,198,71
119900152,0,0,0
119900153,50,1,49
119900154,9,10,-1
119900155,0,0,0
119900156,29,22,7
119900157,0,0,0
119900158,63,19,44
119900159,3,41,-38
119900160,1,0,1
119900161,53,2,51
119900162,180,95,85
119900163,0,0,0
119900164,0,0,0
119900165,0,0,0
119900166,60,31,29
119900167,0,0,0
119900168,179,29,150
119900169,0,0,0
119900170,0,0,0
119900171,11,3,8
119900172,19,10,9
119900173,0,12,-12
119900174,0,0,0
119900175,265,12,253
119900177,13,11,2
119900178,0,0,0
119900179,59,280,-221
119900180,139,39,100
119900181,1,17,-16
119900182,9,39,-30
119900183,21,85,-64
119900184,50,73,-23
119900185,10,77,-67
119900186,0,0,0
119900187,6,28,-22
119900188,42,55,-13
119900189,0,0,0
119900190,0,0,0
119900191,4,4,0
119900192,1,17,-16
119900193,116,15,101
119900194,17,16,1
119900195,1,10,-9
119900196,0,0,0
119900197,0,0,0
119900198,28,20,8
119900199,109,1,108
119900200,0,0,0
119900201,66,31,35
119900202,4,48,-44
119900203,0,0,0
119900204,23,4,19
119900205,298,26,272
119900206,0,0,0
119900208,2,0,2
119900209,203,246,-43
119900210,0,0,0
119900211,0,0,0
119900212,505,52,453
119900213,0,0,0
119900214,0,0,0
119900215,0,0,0
119900216,0,0,0
119900217,0,0,0
119900218,0,0,0
119900219,0,0,0
119900220,0,0,0
119900221,0,0,0
119900222,0,0,0
119900223,0,0,0
119900224,0,0,0
119900225,0,0,0
119900226,22,229,-207
119900227,44,45,-1
119900228,0,2,-2
119900229,0,0,0
119900230,33,0,33
119900231,98,1,97
119900232,0,0,0
119900233,16,2,14
119900234,0,0,0
119900235,0,0,0
119900236,0,0,0
119900237,7,2,5
119900238,0,0,0
119900240,2,0,2
119900241,0,0,0
119900242,81,1,80
119900244,63,167,-104
119900245,0,0,0
119900246,0,0,0
119900247,12,40,-28
119900248,3,0,3
119900249,4,0,4
119900253,126,157,-31
119900254,17,286,-269
119900255,2,10,-8
119900256,176,17,159
119900257,9,1,8
119900258,11,0,11
119900259,0,0,0
119900260,3,0,3
119900261,250,49,201
119900262,2,3,-1
119900263,328,51,277
119900264,0,0,0
119900265,8,0,8
119900266,0,0,0
119900267,2,3,-1
119900268,3,0,3
119900269,31,8,23
119900271,0,0,0
119900272,0,12,-12
119900275,34,0,34
119900276,23,0,23
119900277,4,0,4
119900278,0,0,0
119900279,0,0,0
119900280,99,14,85
119900281,0,0,0
119900282,0,0,0
119900283,1,13,-12
119900284,168,103,65
119900285,4,0,4
119900286,0,0,0
119900288,1,3,-2
119900289,0,1,-1
119900290,3,0,3
119900291,0,0,0
119900292,3,7,-4
119900293,3,5,-2
119900294,2,0,2
119900295,20,0,20
119900296,57,2,55
119900299,0,0,0
119900300,2,0,2
119900301,0,0,0
119900302,0,0,0
119900303,0,0,0
119900304,0,0,0
119900305,0,0,0
119900306,0,0,0
119900307,0,0,0
119900308,0,0,0
119900309,1,31,-30
119900310,76,19,57
119900311,0,0,0
119900312,79,9,70
119900313,21,3,18
119900314,0,0,0
119900315,618,200,418
119900318,0,0,0
119900319,98,52,46
119900320,60,85,-25
119900321,10,3,7
119900322,12,22,-10
119900323,4,11,-7
119900324,0,1,-1
119900325,3,34,-31
119900326,7,33,-26
120000001,5266,14437,-9171
120000002,1514,744,770
120000003,652,539,113
120000004,1130,1117,13
120000005,1240,636,604
120000006,526,288,238
120000007,1165,672,493
120000008,308,454,-146
120000009,639,338,301
120000010,641,595,46
120000011,256,306,-50
120000012,429,420,9
120000013,1004,570,434
120000014,343,626,-283
120000015,1512,877,635
120000016,3721,2123,1598
120000017,2308,1719,589
120000018,2249,6660,-4411
120000019,549,853,-304
120000020,2078,2060,18
120000021,1115,2070,-955
120000022,3872,4312,-440
120000023,875,861,14
120000024,827,982,-155
120000025,2145,768,1377
120000026,1589,1780,-191
120000027,2252,2155,97
120000028,496,256,240
120000029,233,799,-566
120000030,44,314,-270
120000031,652,1487,-835
120000032,1870,1509,361
120000033,1486,367,1119
120000034,1737,258,1479
120000035,1295,309,986
120000036,1720,2379,-659
120000037,503,1827,-1324
120000038,1116,2618,-1502
120000039,45,204,-159
120000040,2,162,-160
120000041,131,173,-42
120000042,587,442,145
120000043,2286,673,1613
120000044,3999,632,3367
120000045,3867,328,3539
120000046,2250,1658,592
120000047,230,3244,-3014
120000048,3154,2313,841
120000049,2041,704,1337
120000050,1295,1345,-50
120000051,933,1941,-1008
120000052,1261,957,304
120000053,566,659,-93
120000054,422,655,-233
120000055,1127,773,354
120000056,2104,1108,996
120000057,1116,243,873
120000058,290,410,-120
120000059,207,1219,-1012
120000061,28,223,-195
120000062,138,104,34
120000063,372,386,-14
120000064,178,254,-76
120000065,244,270,-26
120000066,94,83,11
120000067,24,129,-105
120000068,125,217,-92
120000069,323,181,142
120000070,34,162,-128
120000071,297,63,234
120000072,702,176,526
120000073,574,52,522
120000074,139,40,99
120000075,985,105,880
120000076,1617,141,1476
120000077,1113,166,947
120000078,759,260,499
120000079,280,75,205
120000080,82,69,13
120000081,182,74,108
120000082,195,256,-61
120000083,4,881,-877
120000084,69,84,-15
120000085,51,62,-11
120000086,30,89,-59
120000087,74,59,15
120000088,463,404,59
120000089,1023,191,832
120000090,404,183,221
120000091,727,282,445
120000092,821,136,685
120000093,375,237,138
120000094,247,485,-238
120000095,386,101,285
120000096,173,146,27
120000098,469,118,351
120000099,78,151,-73
120000100,380,185,195
120000101,316,136,180
120000102,383,1070,-687
120000103,1047,585,462
120000104,2168,146,2022
120000105,2829,144,2685
120000106,2717,97,2620
120000107,4017,217,3800
120000108,1479,63,1416
120000109,797,24,773
120000110,1,148,-147
120000111,4,154,-150
120000112,81,330,-249
120000113,55,324,-269
120000114,88,241,-153
120000115,44,208,-164
120000116,76,323,-247
120000117,381,229,152
120000118,6,28,-22
120000119,1,57,-56
120000120,23,39,-16
120000121,31,26,5
120000122,64,306,-242
120000123,583,4503,-3920
120000124,299,159,140
120000125,201,104,97
120000126,108,299,-191
120000127,181,207,-26
120000128,579,1138,-559
120000129,159,95,64
120000130,607,293,314
120000131,221,220,1
120000134,67,29,38
120000135,100,292,-192
120000137,74,35,39
120000138,297,109,188
120000139,130,39,91
120000140,261,19,242
120000141,377,61,316
120000142,557,133,424
120000143,0,3,-3
120000144,53,1,52
120000145,47,0,47
120000146,342,768,-426
120000149,132,195,-63
120000150,254,3599,-3345
120000151,421,105,316
120000152,752,78,674
120000153,113,77,36
120000154,79,127,-48
120000155,88,86,2
120000156,118,334,-216
120000157,559,188,371
120000158,182,87,95
120000159,641,861,-220
120000160,1277,916,361
120000161,998,863,135
120000162,87,233,-146
120000163,320,146,174
120000164,215,74,141
120000165,322,16,306
120000166,1035,49,986
120000167,0,0,0
120000168,0,0,0
120000169,0,0,0
120000170,0,0,0
120000171,0,0,0
120000172,0,0,0
120000173,22,0,22
120000174,4,0,4
120000175,8,0,8
120000176,3,0,3
120000177,160,1,159
120000178,10,0,10
120000179,9,0,9
120000180,11,2,9
120000181,5,125,-120
120000182,4,156,-152
120000183,1,140,-139
120000184,33,259,-226
120000186,18,69,-51
120000187,34,24,10
120000188,5,28,-23
120000190,24,121,-97
120000191,39,55,-16
120000192,43,6,37
120000193,52,2,50
120000195,4,0,4
120000196,12,4,8
120000197,4,8,-4
120000198,32,0,32
120000199,0,0,0
120000200,0,0,0
120000201,0,0,0
120000202,0,0,0
120000203,0,0,0
120000207,0,0,0
120000208,0,0,0
120000209,0,0,0
120000210,0,0,0
120000211,0,0,0
120000212,0,0,0
120000213,0,0,0
120000214,0,0,0
120000215,0,0,0
120000216,0,0,0
120000217,0,0,0
120000218,0,0,0
120000219,0,0,0
120000220,0,0,0
120000225,1089,1,1088
120000226,164,2,162
120000227,213,33,180
120000228,0,0,0
120000230,72,11,61
120000231,226,42,184
120000233,483,34,449
120000235,0,59,-59
120000236,956,0,956
120000237,0,50,-50
120000238,1,0,1
120000241,1122,1979,-857
120000412,68,8,60
120000413,134,17,117
120000414,84,0,84
120000415,0,1,-1
120000416,17,0,17
120000417,1,4,-3
120000418,103,1,102
120000419,2,1,1
120000420,23,3,20
120000421,2366,1558,808
120000422,5,398,-393
120000423,0,0,0
120000424,0,0,0
120000436,46,843,-797
120000437,13,29,-16
120000438,209,79,130
120000439,248,335,-87
120000443,180,0,180
120000444,1073,145,928
120000445,991,657,334
120000446,213,46,167
120000447,195,1,194
120000449,92,0,92
120000450,0,11,-11
120000451,62,71,-9
120000452,257,4,253
120000453,0,0,0
120000454,18,24,-6
120000455,16,27,-11
120000456,87,790,-703
120000457,243,169,74
120000458,268,63,205
120000459,119,25,94
120000665,31,102,-71
120000668,11,344,-333
120000669,101,66,35
120000670,18,209,-191
120000671,514,189,325
120000672,9,110,-101
120900001,98,4,94
120900002,9,32,-23
120900003,0,0,0
120900004,0,52,-52
120900005,59,94,-35
120900006,267,28,239
120900007,34,12,22
120900008,220,138,82
120900009,0,0,0
120900010,264,49,215
120900011,0,0,0
120900012,17,432,-415
120900013,123,25,98
120900014,0,48,-48
120900015,628,16,612
120900016,761,18,743
120900017,267,16,251
120900018,87,29,58
120900019,128,146,-18
120900020,37,212,-175
120900021,389,12,377
120900022,4,25,-21
120900023,377,4,373
120900024,368,44,324
120900025,221,49,172
120900026,6,24,-18
120900027,0,0,0
120900028,370,63,307
120900029,0,0,0
120900030,573,69,504
120900031,252,12,240
120900032,826,33,793
120900033,508,32,476
120900034,6,996,-990
120900035,97,22,75
120900037,157,2,155
120900038,0,0,0
120900039,0,0,0
120900040,145,0,145
120900041,1,0,1
120900042,305,18,287
120900043,23,7,16
120900044,3,168,-165
120900045,11,9,2
120900046,336,1,335
120900047,0,0,0
120900048,0,0,0
120900049,375,0,375
120900050,258,564,-306
120900051,170,43,127
120900052,231,1,230
120900053,204,10,194
120900054,264,24,240
120900055,370,5,365
120900056,0,0,0
120900057,0,0,0
120900058,551,2,549
120900059,83,1,82
120900060,42,20,22
120900061,37,6,31
120900062,123,4,119
120900063,0,0,0
120900064,408,0,408
120900065,390,0,390
120900066,317,40,277
120900067,80,14,66
120900068,234,0,234
120900069,0,0,0
120900071,60,2,58
120900072,0,0,0
120900073,0,0,0
120900074,357,14,343
120900076,190,1,189
120900077,431,113,318
120900078,734,83,651
120900079,162,9,153
120900080,139,3,136
120900081,486,99,387
120900082,108,1,107
120900083,281,77,204
120900084,121,222,-101
120900085,0,0,0
120900086,8,252,-244
120900087,347,59,288
120900088,19,199,-180
120900089,353,1393,-1040
120900090,43,3,40
120900091,133,335,-202
120900092,8,26,-18
120900093,0,0,0
120900094,48,16,32
120900095,0,0,0
120900096,0,2,-2
120900097,46,22,24
120900098,0,0,0
120900099,3,2,1
120900100,0,0,0
120900101,0,0,0
120900102,0,0,0
120900103,76,44,32
120900104,10,0,10
120900105,0,0,0
120900106,146,44,102
120900107,41,21,20
120900108,0,0,0
120900109,15,41,-26
120900110,0,0,0
120900111,9,6,3
120900112,0,0,0
120900113,4,61,-57
120900114,2,13,-11
120900115,74,67,7
120900116,108,14,94
120900117,0,0,0
120900118,11,48,-37
120900119,777,367,410
120900120,29,26,3
120900121,1,9,-8
120900122,91,13,78
120900123,0,0,0
120900124,8,30,-22
120900125,0,50,-50
120900126,61,23,38
120900127,0,0,0
120900128,19,15,4
120900129,57,18,39
120900130,1,57,-56
120900131,0,0,0
120900132,895,27,868
120900133,13,36,-23
120900134,19,11,8
120900135,25,42,-17
120900136,0,0,0
120900137,134,6,128
120900138,1,10,-9
120900139,1,36,-35
120900140,0,0,0
120900141,88,29,59
120900142,1,14,-13
120900143,11,29,-18
120900144,0,21,-21
120900145,16,26,-10
120900146,0,16,-16
120900147,0,1,-1
120900148,12,30,-18
120900149,0,65,-65
120900150,0,9,-9
120900151,0,8,-8
120900152,0,1,-1
120900153,0,0,0
120900154,0,22,-22
120900155,1,7,-6
120900156,60,14,46
120900157,0,0,0
120900158,0,1,-1
120900159,0,0,0
120900160,0,8,-8
120900161,0,0,0
120900162,0,0,0
120900163,0,0,0
120900164,0,0,0
120900165,0,0,0
120900166,0,0,0
120900167,0,0,0
120900169,0,0,0
120900170,42,1268,-1226
120900171,93,8,85
120900172,0,0,0
120900173,0,0,0
120900174,0,0,0
120900175,37,5,32
120900176,1,276,-275
120900177,3,814,-811
120900178,0,233,-233
120900179,27,39,-12
120900180,0,0,0
120900181,0,0,0
120900182,0,0,0
120900183,0,0,0
120900184,0,0,0
120900185,1,0,1
120900186,0,37,-37
120900187,189,124,65
120900188,5,0,5
120900189,0,0,0
120900190,65,3,62
120900191,1,0,1
120900192,707,2337,-1630
120900194,10,1,9
120900195,16,41,-25
120900196,0,0,0
120900197,490,69,421
120900198,2,41,-39
120900199,76,164,-88
120900200,1,0,1
120900201,70,20,50
120900202,0,13,-13
120900203,5,38,-33
120900204,26,24,2
120900205,0,0,0
120900206,1,2,-1
120900207,0,5,-5
121000001,127,478,-351
121000002,488,1112,-624
121000003,352,1026,-674
121000004,441,1318,-877
121000005,1348,2758,-1410
121000006,904,1575,-671
121000007,354,1726,-1372
121000008,815,1636,-821
121000009,973,3172,-2199
121000010,1233,1592,-359
121000011,2039,3865,-1826
121000012,3340,1858,1482
121000013,2050,3704,-1654
121000014,2471,1769,702
121000015,2756,4717,-1961
121000016,966,768,198
121000017,607,2230,-1623
121000018,876,1272,-396
121000019,2229,3415,-1186
121000020,4004,7669,-3665
121000021,403,488,-85
121000022,458,2698,-2240
121000023,828,352,476
121000024,1823,2193,-370
121000025,71,302,-231
121000026,73,107,-34
121000027,199,729,-530
121000028,134,212,-78
121000029,124,193,-69
121000030,0,0,0
121000031,85,215,-130
121000032,1,0,1
121000034,30,54,-24
121000035,1,10,-9
121000036,161,254,-93
121000037,130,374,-244
121000038,573,597,-24
121000039,100,28,72
121000041,90,132,-42
121000042,19,269,-250
121000043,371,394,-23
121000044,60,309,-249
121000045,100,196,-96
121000046,0,0,0
121000047,3,25,-22
121000049,612,379,233
121000050,158,1707,-1549
121000051,166,127,39
121000052,101,1033,-932
121000053,41,93,-52
121000054,0,20,-20
121000055,281,583,-302
121000056,866,692,174
121000057,0,5,-5
121000058,27,105,-78
121000059,224,1010,-786
121000060,526,663,-137
121000061,4,521,-517
121000062,351,248,103
121000063,174,786,-612
121000064,172,672,-500
121000065,129,197,-68
121000066,23,56,-33
121000067,79,36,43
121000068,139,559,-420
121000069,16,744,-728
121000070,298,225,73
121000071,436,1020,-584
121000072,183,113,70
121000073,84,548,-464
121000074,4,61,-57
121000075,1,22,-21
121000076,37,70,-33
121000077,30,107,-77
121000078,1,35,-34
121000080,306,138,168
121000081,421,1586,-1165
121000082,0,32,-32
121000083,39,124,-85
121000084,1,1,0
121000085,25,23,2
121000086,51,347,-296
121000087,6,256,-250
121000088,204,144,60
121000089,10,406,-396
121000090,71,134,-63
121000091,495,782,-287
121000092,10,56,-46
121000093,53,74,-21
121000094,76,98,-22
121000095,21,180,-159
121000096,509,302,207
121000097,255,583,-328
121000098,156,110,46
121000099,189,156,33
121000100,349,254,95
121000101,84,84,0
121000102,14,4,10
121000103,66,70,-4
121000104,5,5,0
121000105,6,3,3
121000106,69,110,-41
121000107,891,1842,-951
121000109,688,979,-291
121000110,24,600,-576
121000114,983,1402,-419
121000115,146,128,18
121000116,99,138,-39
121000117,262,40,222
121000118,177,24,153
121000119,19,70,-51
121000120,45,360,-315
121000121,33,72,-39
121000123,73,43,30
121000126,27,157,-130
121000127,18,34,-16
121000128,275,83,192
121000129,155,109,46
121000130,52,187,-135
121000131,74,221,-147
121000132,81,349,-268
121000135,270,798,-528
121000136,350,552,-202
121000137,32,122,-90
121000138,104,1273,-1169
121000139,0,0,0
121000141,69,24,45
121000142,11,62,-51
121000143,7,25,-18
121000144,618,1085,-467
121000145,125,195,-70
121000146,249,64,185
121000147,207,54,153
121000148,143,196,-53
121000149,534,603,-69
121000152,95,78,17
121000153,243,129,114
121000154,215,115,100
121000155,401,414,-13
121000156,152,189,-37
121000157,309,260,49
121000158,368,271,97
121000159,201,130,71
121000160,418,113,305
121000161,135,230,-95
121000162,117,85,32
121000165,688,2373,-1685
121000166,23,378,-355
121000168,56,102,-46
121000169,0,53,-53
121000170,71,9,62
121000171,57,58,-1
121000172,218,347,-129
121000173,708,818,-110
121000174,336,638,-302
121000175,468,204,264
121000176,195,232,-37
121000177,182,131,51
121000178,60,65,-5
121000179,8,47,-39
121000181,147,75,72
121000182,279,293,-14
121000183,20,153,-133
121000184,19,364,-345
121000185,9,711,-702
121000186,179,891,-712
121000187,154,115,39
121000188,104,55,49
121000192,200,115,85
121000193,81,81,0
121000194,652,1102,-450
121000195,215,460,-245
121000196,95,70,25
121000197,27,111,-84
121000198,61,178,-117
121000199,30,178,-148
121000200,306,158,148
121000201,0,138,-138
121000202,156,1,155
121000203,48,127,-79
121000204,671,36,635
121000205,147,183,-36
121000206,218,145,73
121000207,586,289,297
121000208,1,174,-173
121000209,376,30,346
121000210,545,94,451
121000211,30,11,19
121000212,124,95,29
121000213,462,486,-24
121000214,236,1258,-1022
121000215,455,147,308
121000216,153,663,-510
121000217,1451,1736,-285
121000218,50,390,-340
121000219,452,430,22
121000220,19,4,15
121000221,4,128,-124
121000222,614,994,-380
121000223,0,0,0
121000224,167,202,-35
121000225,96,851,-755
121000226,322,928,-606
121000227,7,154,-147
121000228,15,74,-59
121000229,10,9,1
121000230,19,153,-134
121000231,753,10,743
121000232,61,25,36
121000233,226,60,166
121000234,7,55,-48
121000235,21,37,-16
121000236,1,23,-22
121000237,2,3,-1
121000238,1,16,-15
121000239,35,0,35
121000240,0,31,-31
121000241,32,0,32
121000242,1,56,-55
121000243,82,10,72
121000244,2,14,-12
121000245,37,1,36
121000246,0,37,-37
121000247,12,0,12
121000248,105,68,37
121000249,4,22,-18
121000250,114,388,-274
121000251,2,45,-43
121000252,60,82,-22
121000253,135,113,22
121000254,341,95,246
121000255,12,62,-50
121000256,59,146,-87
121000257,4,50,-46
121000258,57,133,-76
121000259,13,20,-7
121000260,1,35,-34
121000261,9,108,-99
121000262,153,85,68
121000263,305,87,218
121000271,68,1099,-1031
121000273,3,0,3
121000274,1,73,-72
121000275,0,2,-2
121000276,2,34,-32
121000278,27,2,25
121000279,10,7,3
121000280,1,22,-21
121000289,104,7,97
121000290,98,477,-379
121000294,102,18,84
121000297,237,546,-309
121000299,51,217,-166
121000300,199,137,62
121000302,5,339,-334
121000303,72,53,19
121000304,462,144,318
121000305,55,85,-30
121000306,138,144,-6
121000308,0,1,-1
121000309,3,2,1
121000310,0,0,0
121000311,0,5,-5
121000312,99,132,-33
121000313,2,6,-4
121000314,0,0,0
121000315,2,16,-14
121000530,670,409,261
121000531,875,587,288
121000532,2096,2064,32
121000533,2840,1693,1147
121000918,0,0,0
121000919,17,109,-92
121000938,18,6,12
121000939,46,85,-39
121000956,723,276,447
121000957,0,0,0
121000958,17,17,0
121000959,283,65,218
121000960,308,160,148
121000961,247,1,246
121000962,76,85,-9
121000973,0,0,0
121000976,0,0,0
121000979,0,0,0
121000981,81,29,52
121000982,403,65,338
121000983,58,16,42
121000984,0,31,-31
121000985,242,102,140
121000986,143,66,77
121000987,15,107,-92
121000988,327,37,290
121001302,21,18,3
121001308,0,17,-17
121001309,14,162,-148
121001313,0,0,0
121001314,690,545,145
121001315,1867,145,1722
121900001,50,436,-386
121900002,2,0,2
121900003,0,0,0
121900004,0,0,0
121900005,1,0,1
121900006,1,0,1
121900007,301,23,278
121900008,9,1,8
121900009,5,1,4
121900010,0,0,0
121900011,27,0,27
121900012,0,0,0
121900013,22,0,22
121900014,0,0,0
121900015,71,0,71
121900016,0,0,0
121900017,0,0,0
121900018,0,0,0
121900019,0,0,0
121900020,2,0,2
121900021,220,0,220
121900022,0,0,0
121900023,0,0,0
121900024,0,0,0
121900025,0,0,0
121900026,1,0,1
121900027,0,0,0
121900028,3,0,3
121900029,0,0,0
121900030,0,0,0
121900031,7,40,-33
121900032,0,0,0
121900033,0,0,0
121900034,0,0,0
121900035,0,0,0
121900036,0,0,0
121900037,0,0,0
121900038,0,0,0
121900039,0,0,0
121900040,0,0,0
121900041,0,0,0
121900042,0,0,0
121900043,0,0,0
121900044,0,0,0
121900046,0,0,0
121900047,0,0,0
121900048,0,0,0
121900050,0,0,0
121900051,0,0,0
121900052,0,0,0
121900053,4,16,-12
121900054,0,0,0
121900055,0,0,0
121900058,0,0,0
121900059,0,0,0
121900060,0,0,0
121900061,0,0,0
121900062,0,0,0
121900063,33,8,25
121900064,0,0,0
121900066,0,0,0
121900067,0,0,0
121900069,0,0,0
121900070,3,0,3
121900071,0,0,0
121900072,0,0,0
121900073,0,0,0
121900074,11,0,11
121900075,0,12,-12
121900076,0,0,0
121900077,0,0,0
121900078,0,0,0
121900079,0,0,0
121900080,0,0,0
121900082,0,0,0
121900084,0,0,0
121900085,0,0,0
121900086,0,0,0
121900087,0,0,0
121900088,0,0,0
121900089,0,0,0
121900090,0,0,0
121900091,0,0,0
121900092,0,0,0
121900093,0,0,0
121900094,0,0,0
121900095,0,0,0
121900096,0,0,0
121900097,0,0,0
121900098,0,0,0
121900099,0,0,0
121900100,0,0,0
121900101,0,0,0
121900102,0,0,0
121900103,0,0,0
121900104,75,96,-21
121900105,0,0,0
121900106,0,0,0
121900107,0,0,0
121900108,0,0,0
121900109,0,0,0
121900110,0,0,0
121900111,0,0,0
121900112,0,0,0
121900113,0,0,0
121900114,1,0,1
121900117,0,0,0
121900118,0,0,0
121900119,0,0,0
121900120,0,0,0
121900121,0,0,0
121900122,0,0,0
121900123,0,0,0
121900124,0,0,0
121900125,36,3,33
121900127,0,0,0
121900128,0,0,0
121900129,0,0,0
121900130,0,0,0
121900131,0,0,0
121900132,0,0,0
121900133,0,0,0
121900134,0,0,0
121900135,211,37,174
121900136,1,0,1
121900137,0,0,0
121900138,0,0,0
121900139,0,0,0
121900140,0,0,0
121900141,12,0,12
121900142,0,0,0
121900143,0,0,0
121900144,0,0,0
121900145,0,0,0
121900146,0,0,0
121900147,0,0,0
121900148,0,0,0
121900149,0,0,0
121900150,0,0,0
121900151,0,0,0
121900152,0,0,0
121900153,0,0,0
121900154,0,0,0
121900155,0,0,0
121900156,0,0,0
121900157,0,0,0
121900158,0,0,0
121900159,0,0,0
121900160,0,0,0
121900161,0,0,0
121900162,0,0,0
121900163,0,0,0
121900164,0,0,0
121900165,0,0,0
121900166,0,0,0
121900167,0,0,0
121900168,0,0,0
121900169,0,0,0
121900170,0,0,0
121900171,0,0,0
121900172,0,0,0
121900173,0,0,0
121900174,0,0,0
121900175,0,0,0
121900176,0,0,0
121900177,0,0,0
121900178,0,0,0
121900179,0,0,0
121900180,200,1002,-802
121900182,0,0,0
121900183,0,0,0
121900184,0,0,0
121900186,0,0,0
121900187,0,0,0
121900188,0,0,0
121900189,0,0,0
121900190,11,0,11
121900191,1,0,1
121900192,0,0,0
121900193,0,1,-1
121900194,0,0,0
121900195,0,0,0
121900196,0,0,0
121900197,0,0,0
121900198,514,1,513
121900199,0,0,0
121900200,0,0,0
121900201,0,0,0
121900202,0,0,0
121900203,0,0,0
121900204,0,0,0
121900205,0,0,0
121900206,0,0,0
121900207,0,0,0
121900208,0,0,0
121900209,0,0,0
121900210,0,0,0
121900211,0,0,0
121900212,0,0,0
121900213,0,0,0
121900214,0,0,0
121900215,0,0,0
121900216,0,0,0
121900217,0,0,0
121900218,0,0,0
121900220,0,0,0
121900221,0,0,0
121900222,0,0,0
121900223,0,0,0
121900224,0,0,0
121900225,0,0,0
121900226,0,0,0
121900227,0,0,0
121900228,0,0,0
121900230,0,11,-11
121900231,0,0,0
121900232,0,0,0
121900233,0,0,0
121900234,0,0,0
121900235,0,0,0
121900236,0,0,0
121900237,0,0,0
121900238,0,0,0
121900239,0,0,0
121900240,0,0,0
121900241,0,0,0
121900242,0,0,0
121900243,0,0,0
121900244,0,0,0
121900245,0,0,0
121900246,60,23,37
121900247,0,0,0
121900248,0,0,0
121900250,0,0,0
121900251,0,0,0
121900252,0,0,0
121900253,0,0,0
121900254,0,0,0
121900255,0,0,0
121900258,616,378,238
121900259,0,0,0
121900260,0,0,0
121900261,0,0,0
121900262,0,0,0
121900263,0,0,0
121900264,0,0,0
121900265,0,0,0
121900266,0,0,0
121900267,6,4,2
121900269,0,0,0
121900270,0,0,0
121900271,0,0,0
121900273,24,30,-6
121900274,82,3,79
121900277,0,0,0
121900278,0,0,0
121900279,0,0,0
121900280,0,0,0
121900281,0,0,0
121900284,0,0,0
121900286,47,3,44
121900287,1,5,-4
121900288,0,0,0
121900290,0,0,0
121900291,0,0,0
121900292,5,3,2
121900293,0,0,0
121900294,0,0,0
121900295,0,0,0
121900296,0,0,0
121900298,0,7,-7
121900299,0,0,0
121900300,1,0,1
121900301,2,0,2
121900302,0,0,0
121900303,0,0,0
121900304,0,0,0
121900305,0,0,0
121900306,2,0,2
121900307,19,0,19
121900308,0,0,0
121900309,0,0,0
121900310,0,0,0
121900311,113,2,111
121900312,52,0,52
121900313,68,2,66
121900314,0,0,0
121900315,0,0,0
121900316,0,0,0
121900317,0,0,0
121900318,0,0,0
121900319,0,0,0
121900320,0,0,0
121900321,0,0,0
121900322,0,0,0
121900323,0,0,0
121900324,0,0,0
121900325,0,0,0
121900326,0,0,0
121900327,0,0,0
121900328,0,0,0
121900329,0,0,0
121900330,0,0,0
121900331,0,0,0
121900332,0,0,0
121900333,0,0,0
122000001,395,920,-525
122000002,639,279,360
122000003,320,756,-436
122000004,377,398,-21
122000005,1184,2687,-1503
122000006,240,701,-461
122000007,227,824,-597
122000008,731,1194,-463
122000009,137,175,-38
122000010,1659,1395,264
122000011,435,434,1
122000012,202,584,-382
122000013,317,878,-561
122000014,549,859,-310
122000015,444,649,-205
122000016,138,443,-305
122000017,446,853,-407
122000018,407,900,-493
122000019,229,661,-432
122000020,70,90,-20
122000021,30,149,-119
122000022,119,94,25
122000023,79,153,-74
122000024,420,494,-74
122000025,264,510,-246
122000026,454,332,122
122000027,119,342,-223
122000028,156,355,-199
122000029,104,137,-33
122000030,78,1,77
122000031,18,652,-634
122000032,234,315,-81
122000033,188,202,-14
122000034,12,98,-86
122000035,23,46,-23
122000036,146,179,-33
122000037,48,121,-73
122000038,107,153,-46
122000039,108,40,68
122000040,45,34,11
122000041,333,1083,-750
122000042,278,649,-371
122000043,73,148,-75
122000044,60,207,-147
122000045,298,152,146
122000046,388,246,142
122000047,5,8,-3
122000048,1084,2296,-1212
122000049,1965,1308,657
122000050,206,372,-166
122000051,161,743,-582
122000052,132,526,-394
122000053,202,1638,-1436
122000054,574,978,-404
122000055,2400,2548,-148
122000056,846,1188,-342
122000057,1034,1230,-196
122000058,423,625,-202
122000059,508,1087,-579
122000060,53,111,-58
122000061,30,77,-47
122000062,310,51,259
122000063,80,431,-351
122000064,1610,2209,-599
122000065,1071,1217,-146
122000066,264,255,9
122000067,718,2246,-1528
122000068,273,1882,-1609
122000069,115,261,-146
122000070,753,575,178
122000071,207,395,-188
122000072,5,138,-133
122000073,37,122,-85
122000074,474,637,-163
122000075,128,601,-473
122000076,276,293,-17
122000077,81,389,-308
122000078,471,510,-39
122000079,167,498,-331
122000080,87,294,-207
122000081,5,165,-160
122000082,150,263,-113
122000083,183,320,-137
122000084,84,181,-97
122000085,29,144,-115
122000086,1011,3026,-2015
122000087,362,290,72
122000088,97,45,52
122000089,920,873,47
122000090,86,189,-103
122000091,45,95,-50
122000092,8,3,5
122000093,1108,2708,-1600
122000094,1589,1575,14
122000095,566,1619,-1053
122000096,99,932,-833
122000098,1378,3300,-1922
122000099,157,431,-274
122000100,175,126,49
122000101,59,94,-35
122000102,80,215,-135
122000103,133,169,-36
122000104,22,114,-92
122000105,93,141,-48
122000106,125,131,-6
122000107,256,349,-93
122000108,51,27,24
122000109,104,171,-67
122000110,59,88,-29
122000111,404,184,220
122000112,178,204,-26
122000113,150,133,17
122000114,509,2313,-1804
122000115,576,1542,-966
122000116,48,244,-196
122000117,74,35,39
122000118,229,62,167
122000119,140,175,-35
122000120,101,195,-94
122000121,294,491,-197
122000122,97,350,-253
122000123,274,468,-194
122000124,72,353,-281
122000125,41,242,-201
122000126,34,229,-195
122000127,89,231,-142
122000128,137,123,14
122000129,54,255,-201
122000130,568,435,133
122000131,77,141,-64
122000132,6,5,1
122000133,83,102,-19
122000134,184,268,-84
122000135,158,138,20
122000136,79,151,-72
122000137,211,288,-77
122000139,162,566,-404
122000140,59,347,-288
122000141,368,409,-41
122000142,39,404,-365
122000143,38,82,-44
122000144,278,108,170
122000145,113,53,60
122000146,141,302,-161
122000147,112,144,-32
122000148,168,187,-19
122000149,344,103,241
122000150,361,166,195
122000151,0,0,0
122000152,0,0,0
122000153,94,132,-38
122000154,52,100,-48
122000155,482,238,244
122000156,1186,1559,-373
122000157,420,793,-373
122000158,53,59,-6
122000159,213,274,-61
122000160,451,270,181
122000161,196,238,-42
122000162,249,288,-39
122000163,16,3,13
122000164,3,6,-3
122000165,96,664,-568
122000166,187,253,-66
122000167,6,13,-7
122000168,51,654,-603
122000169,49,52,-3
122000170,47,216,-169
122000171,0,0,0
122000172,206,799,-593
122000173,264,969,-705
122000174,551,1149,-598
122000175,162,40,122
122000176,166,817,-651
122000177,692,1648,-956
122000178,617,528,89
122000179,241,1313,-1072
122000180,429,1251,-822
122000181,391,1859,-1468
122000182,208,226,-18
122000183,173,47,126
122000184,1029,1119,-90
122000185,329,723,-394
122000186,140,396,-256
122000187,503,287,216
122000188,0,0,0
122000189,64,112,-48
122000190,236,335,-99
122000191,73,192,-119
122000192,131,24,107
122000193,87,277,-190
122000194,99,42,57
122000195,27,386,-359
122000196,57,97,-40
122000197,65,96,-31
122000198,74,391,-317
122000199,75,98,-23
122000200,216,151,65
122000201,611,824,-213
122000202,219,593,-374
122000203,342,250,92
122000204,376,527,-151
122000205,161,226,-65
122000206,435,788,-353
122000207,367,842,-475
122000208,627,396,231
122000209,578,102,476
122000210,197,417,-220
122000211,87,292,-205
122000212,153,148,5
122000213,181,323,-142
122000214,496,845,-349
122000215,1316,650,666
122000217,341,390,-49
122000218,171,105,66
122000219,171,183,-12
122000220,39,322,-283
122000221,77,399,-322
122000222,51,74,-23
122000223,116,254,-138
122000225,144,97,47
122000226,53,228,-175
122000227,48,149,-101
122000228,16,70,-54
122000229,2,177,-175
122000230,8,100,-92
122000231,17,85,-68
122000232,40,131,-91
122000233,0,25,-25
122000234,193,120,73
122000235,130,32,98
122000236,448,19,429
122000237,3,5,-2
122000238,69,136,-67
122000239,131,17,114
122000240,210,66,144
122000241,267,100,167
122000242,70,14,56
122000243,8,4,4
122000244,1,70,-69
122000245,1,2,-1
122000246,8,98,-90
122000247,156,23,133
122000248,70,95,-25
122000249,200,254,-54
122000250,254,219,35
122000251,0,0,0
122000252,51,5,46
122000253,0,0,0
122000254,64,19,45
122000255,110,215,-105
122000256,2,24,-22
122000257,0,9,-9
122000258,55,207,-152
122000259,16,222,-206
122000260,5,120,-115
122000261,1,65,-64
122000262,0,0,0
122000263,37,0,37
122000264,488,61,427
122000265,482,112,370
122000266,703,96,607
122000267,2,5,-3
122000268,25,19,6
122000269,69,60,9
122000270,23,11,12
122000271,0,0,0
122000272,0,0,0
122000273,15,2,13
122000274,7,17,-10
122000275,0,5,-5
122000276,168,217,-49
122000277,307,569,-262
122000278,314,82,232
122000279,98,43,55
122000280,131,39,92
122000281,88,110,-22
122000282,13,365,-352
122000283,8,33,-25
122000284,21,18,3
122000285,0,0,0
122000286,0,0,0
122000287,980,414,566
122000288,82,42,40
122000291,943,457,486
122000293,31,69,-38
122000294,42,173,-131
122000295,367,61,306
122000296,37,259,-222
122000297,667,2221,-1554
122000299,223,174,49
122000300,72,54,18
122000301,448,1216,-768
122000302,222,945,-723
122000303,353,78,275
122000304,2,70,-68
122000305,734,131,603
122000306,22,211,-189
122000307,31,19,12
122000309,0,0,0
122000310,0,26,-26
122000311,7,22,-15
122000312,23,99,-76
122000313,25,147,-122
122000314,54,247,-193
122000315,70,11,59
122000316,344,89,255
122000317,541,95,446
122000318,192,570,-378
122000319,13,92,-79
122000320,12,52,-40
122000321,39,63,-24
122000322,483,442,41
122000323,195,358,-163
122000324,341,773,-432
122000325,180,394,-214
122000326,20,1,19
122000327,37,187,-150
122000328,111,171,-60
122000330,263,668,-405
122000332,10,303,-293
122000333,14,13,1
122000337,116,120,-4
122000338,105,60,45
122000340,30,90,-60
122000342,197,308,-111
122000343,58,128,-70
122000344,51,0,51
122000345,45,77,-32
122000346,81,4,77
122000348,164,307,-143
122000349,0,75,-75
122000351,72,18,54
122000352,15,13,2
122000353,2,0,2
122000355,56,377,-321
122000356,63,131,-68
122000357,11,20,-9
122000358,0,0,0
122000359,0,0,0
122000360,0,0,0
122000362,1,4,-3
122000364,37,33,4
122000365,0,21,-21
122000366,6,0,6
122000368,25,64,-39
122000370,1,0,1
122000371,0,0,0
122000372,0,0,0
122000381,21,68,-47
122000382,3,36,-33
122000384,275,506,-231
122000385,26,0,26
122000386,37,456,-419
122000387,106,84,22
122000388,115,322,-207
122000389,60,29,31
122000390,45,182,-137
122000391,2,54,-52
122000392,8,15,-7
122000393,2,16,-14
122000394,36,19,17
122000395,21,3,18
122000396,81,2,79
122000397,0,0,0
122000398,5,82,-77
122000399,10,3,7
122000400,10,115,-105
122000401,30,2,28
122000402,79,42,37
122000403,73,23,50
122000404,197,27,170
122000408,139,310,-171
122000503,2,16,-14
122000524,0,0,0
122000544,15,38,-23
122000616,0,0,0
122000640,27,47,-20
122000641,22,69,-47
122000642,260,113,147
122000643,13,119,-106
122000644,0,0,0
122000645,6,8,-2
122000651,194,610,-416
122000664,42,18,24
122000665,159,232,-73
122000666,141,237,-96
122000673,10,70,-60
122000674,125,90,35
122000675,967,336,631
122000686,164,98,66
122000687,419,71,348
122000688,189,85,104
122000689,402,33,369
122000690,1147,48,1099
122000691,470,156,314
122000692,259,25,234
122000693,135,174,-39
122000695,44,28,16
122000696,250,39,211
122000698,36,8,28
122000699,85,59,26
122000701,303,97,206
122000702,116,202,-86
122000703,23,28,-5
122000717,0,89,-89
122000718,26,632,-606
122000719,11,15,-4
122000720,213,21,192
122000724,76,4,72
122900001,0,0,0
122900002,68,513,-445
122900003,21,0,21
122900004,0,0,0
122900005,0,0,0
122900006,0,0,0
122900007,0,0,0
122900008,0,0,0
122900009,0,0,0
122900010,15,5,10
122900012,13,30,-17
122900014,0,0,0
122900015,52,29,23
122900016,0,0,0
122900017,0,0,0
122900018,0,0,0
122900019,0,0,0
122900020,0,0,0
122900021,0,0,0
122900022,0,0,0
122900023,0,0,0
122900024,0,0,0
122900025,0,0,0
122900026,0,0,0
122900027,0,105,-105
122900028,0,0,0
122900029,0,1,-1
122900030,0,0,0
122900031,21,43,-22
122900032,0,0,0
122900033,21,40,-19
122900034,44,56,-12
122900035,21,8,13
122900036,0,0,0
122900037,0,0,0
122900038,17,145,-128
122900039,2,29,-27
122900040,4,10,-6
122900041,3,68,-65
122900042,3,17,-14
122900043,12,25,-13
122900044,0,23,-23
122900045,5,33,-28
122900046,1,25,-24
122900047,2,1,1
122900048,0,0,0
122900049,0,0,0
122900051,0,0,0
122900052,35,0,35
122900053,3,4,-1
122900055,27,0,27
122900057,11,0,11
122900061,0,0,0
122900062,0,0,0
122900063,0,0,0
122900064,0,0,0
122900065,0,0,0
122900066,0,0,0
122900067,10,0,10
122900068,0,0,0
122900069,0,0,0
122900070,107,2,105
122900071,0,0,0
122900072,20,0,20
122900073,0,0,0
122900074,329,0,329
122900075,0,0,0
122900076,0,0,0
122900077,0,0,0
122900078,132,0,132
122900080,0,0,0
122900081,43,0,43
122900082,342,0,342
122900083,0,0,0
122900084,0,0,0
122900086,0,0,0
122900087,38,0,38
122900088,0,1,-1
122900089,0,0,0
122900090,0,0,0
122900091,0,0,0
122900092,0,0,0
122900093,0,0,0
122900094,0,0,0
122900095,0,0,0
122900096,45,0,45
122900097,0,0,0
122900098,0,0,0
122900099,0,0,0
122900100,0,0,0
122900101,0,0,0
122900102,0,0,0
122900103,0,0,0
122900104,0,0,0
122900105,0,0,0
122900106,0,0,0
122900107,0,0,0
122900108,0,0,0
123000001,624,181,443
123000002,591,2450,-1859
123000003,1275,1218,57
123000004,1135,1433,-298
123000005,1577,1001,576
123000006,996,1299,-303
123000007,1280,900,380
123000008,350,439,-89
123000009,1887,1982,-95
123000010,458,381,77
123000011,825,932,-107
123000012,9,72,-63
123000013,1187,355,832
123000014,15,193,-178
123000015,1234,432,802
123000016,88,283,-195
123000017,3686,1936,1750
123000018,108,56,52
123000019,227,7,220
123000020,153,2,151
123000021,131,57,74
123000022,753,238,515
123000023,1438,1175,263
123000024,566,393,173
123000025,2,57,-55
123000026,0,95,-95
123000027,1,220,-219
123000028,77,1968,-1891
123000029,15,407,-392
123000030,16,66,-50
123000031,322,85,237
123000032,453,102,351
123000033,73,71,2
123000034,469,389,80
123000035,80,277,-197
123000036,43,600,-557
123000037,23,35,-12
123000038,7,144,-137
123000039,434,1072,-638
123000040,40,21,19
123000041,192,680,-488
123000042,61,84,-23
123000043,983,3896,-2913
123000044,846,508,338
123000045,412,248,164
123000046,98,415,-317
123000047,218,72,146
123000048,40,773,-733
123000049,3014,2940,74
123000050,457,474,-17
123000051,9,48,-39
123000052,287,675,-388
123000053,1000,1084,-84
123000054,404,1430,-1026
123000055,1517,2597,-1080
123000056,128,321,-193
123000057,640,1001,-361
123000058,101,330,-229
123000059,59,89,-30
123000060,311,162,149
123000061,43,152,-109
123000063,160,219,-59
123000064,235,52,183
123000065,518,620,-102
123000066,121,126,-5
123000067,267,174,93
123000068,521,522,-1
123000069,1188,355,833
123000070,119,105,14
123000071,521,283,238
123000072,163,26,137
123000073,729,355,374
123000074,224,33,191
123000075,204,480,-276
123000076,76,182,-106
123000077,462,253,209
123000078,998,518,480
123000079,1211,559,652
123000080,546,122,424
123000081,7,23,-16
123000082,111,125,-14
123000083,154,64,90
123000084,223,23,200
123000085,101,23,78
123000086,210,48,162
123000087,106,89,17
123000088,520,123,397
123000089,437,270,167
123000090,0,0,0
123000091,527,371,156
123000092,0,0,0
123000094,152,6,146
123000095,336,154,182
123000096,407,69,338
123000097,361,80,281
123000098,282,68,214
123000099,263,141,122
123000100,103,631,-528
123000101,118,68,50
123000102,365,846,-481
123000104,96,114,-18
123000105,37,17,20
123000106,163,123,40
123000107,1,6,-5
123000108,279,64,215
123000111,225,58,167
123000112,259,95,164
123000113,255,58,197
123000114,85,207,-122
123000115,76,98,-22
123000116,17,21,-4
123000117,568,414,154
123000118,217,154,63
123000119,77,111,-34
123000120,78,138,-60
123000121,282,234,48
123000122,0,0,0
123000123,351,169,182
123000124,0,0,0
123000125,517,470,47
123000126,420,1589,-1169
123000127,115,187,-72
123000128,0,0,0
123000129,399,10,389
123000130,334,2,332
123000131,520,151,369
123000132,0,0,0
123000133,0,0,0
123000134,34,34,0
123000135,463,313,150
123000136,0,0,0
123000137,0,0,0
123000138,0,0,0
123000139,228,38,190
123000140,0,0,0
123000141,123,33,90
123000142,293,78,215
123000143,150,246,-96
123000144,0,1,-1
123000145,16,338,-322
123000146,31,85,-54
123000147,4,30,-26
123000149,41,89,-48
123000150,35,40,-5
123000151,28,249,-221
123000152,4,14,-10
123000153,23,486,-463
123000154,247,612,-365
123000155,240,536,-296
123000156,4,7,-3
123000157,76,159,-83
123000158,181,341,-160
123000159,563,1539,-976
123000160,149,347,-198
123000161,517,222,295
123000162,521,626,-105
123000163,375,69,306
123000164,1027,79,948
123000165,51,258,-207
123000166,1,0,1
123000167,42,15,27
123000168,85,8,77
123000169,388,43,345
123000170,14,0,14
123000171,415,4,411
123000172,10,24,-14
123000173,135,72,63
123000174,219,110,109
123000175,15,50,-35
123000176,299,33,266
123000177,45,71,-26
123000178,260,83,177
123000179,3,52,-49
123000180,666,198,468
123000181,124,238,-114
123000182,84,68,16
123000183,128,130,-2
123000184,10,24,-14
123000185,494,208,286
123000186,0,0,0
123000187,401,7,394
123000188,255,0,255
123000189,203,84,119
123000190,58,40,18
123000192,6,38,-32
123000193,14,112,-98
123000194,83,80,3
123000195,194,7,187
123000196,232,10,222
123000197,18,30,-12
123000198,2,129,-127
123000199,1,83,-82
123000200,474,4,470
123000201,846,11,835
123000202,0,65,-65
123000203,792,23,769
123000204,11,119,-108
123000205,34,162,-128
123000206,1745,108,1637
123000207,13,163,-150
123000208,350,68,282
123000209,1114,166,948
123000210,38,245,-207
123000211,69,349,-280
123000212,2413,153,2260
123000213,251,19,232
123000215,31,119,-88
123000216,53,422,-369
123000217,149,23,126
123000218,23,22,1
123000219,202,45,157
123000220,281,45,236
123000221,22,24,-2
123000222,206,105,101
123000223,301,90,211
123000224,156,93,63
123000225,139,17,122
123000226,73,17,56
123000227,47,1,46
123000228,159,14,145
123000229,212,90,122
123000232,5,27,-22
123000233,402,31,371
123000234,5,31,-26
123000235,284,82,202
123000236,11,69,-58
123000237,247,19,228
123000238,1,2,-1
123000239,114,183,-69
123000240,23,209,-186
123000241,87,53,34
123000242,46,47,-1
123000243,94,134,-40
123000244,97,75,22
123000245,0,0,0
123000249,0,0,0
123000252,440,78,362
123000253,456,225,231
123000254,182,152,30
123000255,198,375,-177
123000256,0,0,0
123000257,382,329,53
123000258,199,115,84
123000259,158,169,-11
123000260,271,109,162
123000261,139,21,118
123000262,6,10,-4
123000263,208,25,183
123000264,134,12,122
123000265,4,8,-4
123000266,153,158,-5
123000267,168,163,5
123000268,22,5,17
123000269,17,96,-79
123000270,52,51,1
123000271,12,15,-3
123000272,400,126,274
123000273,139,628,-489
123000274,550,183,367
123000275,57,110,-53
123000278,256,817,-561
123000279,25,32,-7
123000280,141,92,49
123000281,107,53,54
123000282,49,151,-102
123000283,86,52,34
123000284,59,6,53
123000286,53,281,-228
123000287,65,118,-53
123000288,390,430,-40
123000289,118,538,-420
123000291,9,11,-2
123000294,52,329,-277
123000295,395,1061,-666
123000296,551,877,-326
123000297,129,69,60
123000298,103,39,64
123000299,24,225,-201
123000300,405,171,234
123000301,37,77,-40
123000302,135,75,60
123000303,12,525,-513
123000305,94,413,-319
123000306,28,36,-8
123000309,6,22,-16
123000310,49,9,40
123000311,0,0,0
123000312,80,184,-104
123000313,239,116,123
123000315,314,47,267
123000316,437,15,422
123000317,65,59,6
123000318,7,32,-25
123000329,2,3,-1
123000337,168,243,-75
123000338,369,192,177
123000339,58,10,48
123000340,8,79,-71
123000342,0,8,-8
123000343,25,0,25
123000344,351,115,236
123000345,120,120,0
123000346,407,29,378
123000352,102,150,-48
123000353,10,15,-5
123000354,597,1,596
123000355,0,116,-116
123000356,202,0,202
123000357,0,3,-3
123000359,0,2,-2
123000360,126,217,-91
123000361,108,13,95
123000362,152,9,143
123000363,72,13,59
123000364,151,168,-17
123000365,11,9,2
123000366,81,504,-423
123000367,56,234,-178
123000370,1,0,1
123000371,188,16,172
123000372,82,6,76
123000373,0,1,-1
123000374,0,0,0
123000375,268,21,247
123000376,411,334,77
123000377,277,15,262
123000378,4,21,-17
123000379,0,48,-48
123000380,0,0,0
123000381,15,39,-24
123000382,173,40,133
123000383,0,0,0
123000384,151,46,105
123000385,0,0,0
123000436,21,394,-373
123000507,19,99,-80
123000508,120,1023,-903
123000517,43,4,39
123000518,19,103,-84
123000519,27,6,21
123000520,8,132,-124
123000521,131,33,98
123000522,78,109,-31
123000541,18,3,15
123000542,0,0,0
123000565,0,0,0
123000566,403,140,263
123000567,73,69,4
123000573,0,0,0
123000574,311,24,287
123000575,591,8,583
123000576,200,14,186
123000577,25,17,8
123000578,75,54,21
123000579,689,2185,-1496
123000580,37,24,13
123000582,160,8,152
123000583,7,15,-8
123000584,85,61,24
123000585,0,0,0
123000586,70,0,70
123000596,27,21,6
123000597,130,129,1
123000602,37,15,22
123000603,576,55,521
123000604,161,36,125
123000605,309,108,201
123000606,0,0,0
123000609,0,54,-54
123000610,40,37,3
123000613,0,0,0
123000614,226,3,223
123000615,0,0,0
123000616,177,4,173
123000617,0,0,0
123000618,0,0,0
123000619,77,1,76
123000620,0,0,0
123000622,147,3,144
123000624,40,4,36
123000630,873,210,663
123000631,86,116,-30
123000632,225,57,168
123000633,0,123,-123
123000634,1,83,-82
123000635,0,0,0
123000636,23,143,-120
123000637,30,6,24
123000638,196,91,105
123000639,393,1035,-642
123000640,4,0,4
123900001,0,0,0
123900002,0,0,0
123900003,0,0,0
123900005,0,0,0
123900006,0,0,0
124000001,794,151,643
124000002,1,368,-367
124000003,557,84,473
124000004,1,75,-74
124000005,659,291,368
124000006,13,56,-43
124000007,69,39,30
124000008,1,52,-51
124000009,454,54,400
124000010,18,100,-82
124000011,382,121,261
124000012,7,69,-62
124000017,108,55,53
124000018,0,0,0
124000019,94,50,44
124000020,0,0,0
124000021,39,46,-7
124000022,0,0,0
124000023,454,1030,-576
124000024,380,97,283
124000025,437,837,-400
124000026,591,1164,-573
124000027,2279,1352,927
124000028,113,2967,-2854
124000030,823,119,704
124000031,438,2548,-2110
124000032,0,40,-40
124000033,7,38,-31
124000034,33,122,-89
124000035,5,134,-129
124000036,1,63,-62
124000037,80,318,-238
124000038,0,5,-5
124000039,104,11,93
124000040,102,133,-31
124000041,240,19,221
124000042,7,19,-12
124000043,67,19,48
124000044,2,13,-11
124000045,384,57,327
124000046,0,0,0
124000047,609,91,518
124000048,0,0,0
124000049,904,106,798
124000050,0,0,0
124000051,718,71,647
124000052,0,0,0
124000053,364,706,-342
124000054,0,0,0
124000055,869,1002,-133
124000056,0,0,0
124000057,877,258,619
124000058,6,1,5
124000059,601,614,-13
124000060,252,22,230
124000061,634,1621,-987
124000062,178,55,123
124000063,362,96,266
124000064,328,98,230
124000065,0,0,0
124000066,93,209,-116
124000067,47,17,30
124000068,0,0,0
124000069,342,15,327
124000070,0,0,0
124000071,75,32,43
124000072,0,0,0
124000073,362,25,337
124000074,0,0,0
124000075,279,44,235
124000076,0,0,0
124000077,68,104,-36
124000078,492,379,113
124000079,5,118,-113
124000080,310,56,254
124000081,0,0,0
124000082,43,93,-50
124000083,0,0,0
124000084,22,235,-213
124000085,1,7,-6
124000086,18,196,-178
124000087,62,94,-32
124000088,39,130,-91
124000089,297,14,283
124000090,15,23,-8
124000091,230,24,206
124000092,108,123,-15
124000093,55,125,-70
124000094,39,253,-214
124000095,77,30,47
124000096,9,72,-63
124000097,148,18,130
124000098,50,27,23
124000099,71,8,63
124000100,1,49,-48
124000101,157,41,116
124000102,82,25,57
124000103,256,58,198
124000104,45,8,37
124000105,177,51,126
124000106,143,32,111
124000107,24,283,-259
124000108,35,5,30
124000109,77,25,52
124000110,253,15,238
124000111,124,32,92
124000112,315,168,147
124000113,105,58,47
124000114,163,132,31
124000115,221,301,-80
124000116,51,65,-14
124000117,43,11,32
124000118,13,26,-13
124000119,207,100,107
124000120,210,85,125
124000121,584,156,428
124000122,83,359,-276
124000123,413,149,264
124000124,305,173,132
124000125,316,115,201
124000126,94,122,-28
124000127,896,70,826
124000128,263,114,149
124000129,1088,612,476
124000130,174,36,138
124000131,438,306,132
124000132,179,79,100
124000133,645,353,292
124000134,268,238,30
124000135,516,908,-392
124000136,77,178,-101
124000137,217,334,-117
124000138,68,138,-70
124000139,174,15,159
124000140,7,146,-139
124000141,1,9,-8
124000142,2,145,-143
124000143,20,1,19
124000144,0,15,-15
124000145,63,21,42
124000146,3,15,-12
124000148,16,14,2
124000149,320,114,206
124000150,31,91,-60
124000151,281,209,72
124000152,104,106,-2
124000153,315,716,-401
124000154,60,122,-62
124000155,393,139,254
124000156,97,73,24
124000169,55,151,-96
124000170,80,105,-25
124000171,117,143,-26
124000172,73,82,-9
124000173,238,71,167
124000174,167,89,78
124000175,0,0,0
124000176,26,50,-24
124000177,0,0,0
124000178,3,84,-81
124000190,6,36,-30
124000191,0,37,-37
124000192,323,206,117
124000193,13,182,-169
124000194,80,36,44
124000195,178,289,-111
124000196,162,84,78
124000197,68,12,56
124000198,126,29,97
124000201,7,0,7
124000202,326,22,304
124000203,43,0,43
124000204,693,18,675
124000205,63,2,61
124000206,787,137,650
124000207,0,0,0
124000209,99,2,97
124000210,606,148,458
124000211,610,5,605
124000212,0,0,0
124000213,74,1,73
124000214,250,12,238
124000215,294,8,286
124000216,0,0,0
124000329,1,78,-77
124000338,0,147,-147
124000339,718,15,703
124000341,635,6,629
124000344,40,15,25
124000357,833,988,-155
124000358,872,1008,-136
124000359,838,251,587
124000360,421,227,194
124000361,930,662,268
124000362,317,282,35
124000363,0,0,0
124000364,0,0,0
124000365,12,69,-57
124000366,5,167,-162
124000367,6,20,-14
124000368,95,186,-91
124000369,41,57,-16
124000370,3,82,-79
124000402,2,7,-5
124000403,146,17,129
124000404,2,23,-21
124000405,696,194,502
124000406,149,121,28
124000407,3,3,0
124000411,0,21,-21
124000412,122,0,122
124000413,3,29,-26
124000414,91,77,14
124000415,188,19,169
124000416,89,56,33
124000417,121,60,61
124000418,156,55,101
124000419,86,15,71
124000420,104,18,86
124000421,86,18,68
124000422,1,12,-11
124000423,42,2,40
124000424,0,45,-45
124000425,23,1,22
124000426,0,77,-77
124000427,27,0,27
124000428,0,13,-13
124000429,75,22,53
124000430,91,150,-59
124000431,24,54,-30
124000432,129,284,-155
124000439,0,1,-1
124000443,0,0,0
124000445,3,280,-277
124000446,5,15,-10
124900001,0,0,0
124900002,0,0,0
124900003,0,0,0
124900004,0,0,0
124900005,0,0,0
124900006,0,0,0
124900008,0,0,0
124900009,0,0,0
124900010,0,0,0
124900011,0,0,0
124900012,0,0,0
124900013,0,0,0
124900014,0,0,0
124900015,9,30,-21
124900016,45,9,36
124900017,14,112,-98
124900018,3,0,3
124900020,46,2,44
124900021,63,1,62
124900022,3,0,3
124900024,55,0,55
124900026,5,0,5
124900027,0,0,0
124900028,0,0,0
124900029,0,0,0
124900030,0,0,0
124900031,0,0,0
124900032,0,0,0
124900033,0,0,0
124900034,0,0,0
124900035,0,0,0
124900036,0,0,0
124900037,0,0,0
124900038,0,0,0
124900039,0,0,0
124900040,0,0,0
124900041,0,0,0
124900042,0,0,0
124900043,0,0,0
124900044,0,0,0
124900045,0,0,0
124900046,0,0,0
124900047,0,0,0
124900048,0,0,0
124900050,0,0,0
124900052,0,0,0
124900053,0,0,0
124900054,0,0,0
124900055,0,0,0
124900057,0,0,0
124900060,0,0,0
124900061,21,1,20
124900062,14,0,14
124900066,0,0,0
124900067,0,0,0
124900068,0,0,0
124900070,0,0,0
124900072,2,0,2
124900074,0,0,0
124900075,0,0,0
124900076,0,0,0
124900077,0,0,0
124900078,0,0,0
124900079,0,0,0
124900080,0,0,0
124900081,0,0,0
124900082,0,0,0
124900083,0,0,0
124900084,0,0,0
124900085,0,0,0
124900086,0,0,0
124900087,0,0,0
124900088,0,0,0
124900089,0,0,0
124900090,31,4,27
124900091,0,0,0
124900092,0,0,0
124900093,58,4,54
124900094,88,6,82
124900095,13,40,-27
124900096,42,1,41
124900097,36,16,20
124900098,0,0,0
124900099,0,0,0
124900100,28,0,28
124900101,4,0,4
124900102,78,0,78
124900103,0,0,0
124900104,0,0,0
124900105,0,0,0
124900106,33,1,32
124900107,16,7,9
124900108,0,0,0
124900109,0,0,0
124900110,0,0,0
124900111,0,0,0
124900112,0,0,0
124900113,0,0,0
124900114,0,0,0
124900115,0,0,0
124900116,51,27,24
124900117,0,0,0
124900118,9,83,-74
124900119,0,0,0
124900120,0,0,0
124900121,0,0,0
124900122,0,0,0
124900123,0,0,0
124900124,0,0,0
129000186,31,54,-23
204000001,44,0,44
204000002,3,3,0
204000003,6,1,5
204000004,14,11,3
204000005,490,534,-44
204000006,871,1611,-740
204000011,0,0,0
204000012,0,0,0
204000013,0,0,0
204000019,1067,340,727
204000020,328,264,64
204000021,383,374,9
204000022,942,376,566
204000023,0,0,0
204000031,27,5,22
204000032,72,21,51
204000034,0,0,0
204000035,0,0,0
204000036,0,0,0
204000037,0,0,0
204000038,0,0,0
204000039,0,0,0
204000040,0,0,0
204000041,0,0,0
204000042,4,6,-2
204000043,4,9,-5
204000044,8,1,7
204000045,30,7,23
204000046,4,0,4
204000057,0,0,0
204000062,0,0,0
204000068,0,0,0
204000069,0,0,0
204000070,84,57,27
204000080,0,0,0
204000085,0,0,0
204000086,0,0,0
204000087,16,31,-15
204000088,0,0,0
204000090,0,0,0
204000093,511,16,495
204000096,900,331,569
204000097,181,2,179
204000099,1247,1496,-249
204000100,1135,685,450
204000105,0,0,0
204000110,0,0,0
204000111,0,0,0
204000112,0,0,0
204000113,0,0,0
204000114,414,599,-185
204000115,301,180,121
204000116,159,283,-124
204000119,1638,673,965
204000132,683,372,311
204000133,833,66,767
204000134,141,58,83
204000135,685,53,632
204000136,407,119,288
204000138,184,491,-307
204000140,193,190,3
204000141,176,48,128
204000144,0,12,-12
204000145,83,7,76
204000146,0,0,0
204000147,0,0,0
204000148,103,4,99
204000154,8,10,-2
204000155,0,0,0
204000177,117,16,101
204000179,3,1,2
204000180,0,0,0
204000222,0,0,0
204000235,0,0,0
204000236,7,17,-10
204000238,18,1,17
204000240,97,10,87
204000263,0,0,0
204000268,672,193,479
204000308,47,5,42
204000317,0,0,0
204000322,0,0,0
204000323,3,1,2
204000328,250,18,232
204000329,0,0,0
204000330,99,4,95
204000331,0,0,0
204010341,7,54,-47
205000001,0,0,0
205000013,0,0,0
205000014,0,0,0
205000015,0,0,0
205000016,0,0,0
205000017,0,0,0
205000022,0,0,0
205000025,0,0,0
205000029,147,25,122
205000045,0,0,0
205000046,0,0,0
205000047,0,0,0
205000048,0,0,0
205000049,0,0,0
205000050,0,0,0
205000059,0,0,0
205000060,0,0,0
205000061,0,0,0
205000062,0,0,0
205000063,0,0,0
205000064,0,0,0
205000065,0,0,0
205000066,0,0,0
205000067,0,0,0
205000069,83,44,39
205000082,102,88,14
205000110,0,0,0
205000111,0,0,0
205000112,61,104,-43
205000113,0,0,0
205000121,77,54,23
205000123,0,0,0
205000126,785,79,706
205000127,827,44,783
205000128,355,37,318
205000129,531,62,469
205000130,259,22,237
205000131,30,9,21
205000132,22,5,17
205000133,13,2,11
205000134,152,0,152
205000137,0,0,0
205000138,0,0,0
205000139,0,0,0
205000144,12,67,-55
205000145,163,43,120
205000151,22,53,-31
205000152,65,27,38
205000153,107,35,72
205000154,64,18,46
205000155,108,8,100
205000207,0,0,0
205000233,5,0,5
205000234,0,0,0
205000243,0,0,0
205000244,0,0,0
205000245,0,0,0
205000249,0,0,0
205000250,1,8,-7
205000264,0,0,0
206000027,4,9,-5
206000028,5,5,0
206000043,0,35,-35
206000053,0,0,0
206000054,0,0,0
206000055,0,0,0
206000075,1,31,-30
206000076,24,8,16
206000077,46,3,43
206000078,5,3,2
206000079,5,4,1
206000082,137,73,64
206000100,3,285,-282
206000103,0,0,0
206000104,0,0,0
206000105,0,0,0
206000106,0,0,0
206000108,322,89,233
206000125,154,0,154
206000157,0,0,0
206000170,0,0,0
206000171,1,42,-41
206000172,1,21,-20
206000173,2,6,-4
206000174,6,4,2
206000175,0,17,-17
206000176,0,11,-11
206000177,0,4,-4
206000178,0,16,-16
206000179,0,28,-28
206000180,1,25,-24
206000181,4,25,-21
206000182,4,29,-25
206000183,19,62,-43
206000184,0,1,-1
206000185,0,1,-1
206000186,0,16,-16
206000223,0,2,-2
206000226,16,4,12
206000227,6,3,3
206000237,0,5,-5
206000238,0,11,-11
206000239,6,96,-90
206000240,0,0,0
206000241,1,89,-88
206000242,0,1,-1
206000243,0,1,-1
206000244,0,2,-2
206000245,675,29,646
206000246,213,11,202
206000247,220,15,205
206000248,250,11,239
206000252,2,39,-37
206000258,0,0,0
206000315,22,12,10
206000317,378,135,243
206000318,201,29,172
206000319,846,31,815
206000320,234,8,226
206000321,256,4,252
206000322,304,17,287
206000323,128,12,116
206000324,180,18,162
206000325,61,4,57
206000326,172,17,155
206000327,6,61,-55
206000328,136,3,133
206000329,215,5,210
206000330,38,0,38
206000331,279,2,277
206000332,41,1,40
206000333,602,0,602
206000334,292,0,292
206000335,0,0,0
206000361,0,0,0
206000392,0,0,0
206000405,124,0,124
206000441,48,86,-38
206000498,16,3,13
206000515,45,28,17
206000530,140,70,70
206000531,144,130,14
206000532,330,63,267
206000535,6,179,-173
206000536,0,33,-33
206000537,0,6,-6
206000613,464,143,321
207000001,0,0,0
207000002,0,0,0
207000003,0,0,0
207000007,976,198,778
207000008,195,2,193
207000009,41,4,37
207000010,83,216,-133
207000012,304,91,213
207000015,82,199,-117
207000019,166,33,133
207000021,164,200,-36
207000022,137,99,38
207000023,188,34,154
207000024,3,5,-2
207000025,13,23,-10
207000026,0,0,0
207000027,0,0,0
207000028,0,0,0
207000029,0,0,0
207000033,88,232,-144
207000034,119,51,68
207000039,558,59,499
207000040,352,35,317
207000041,170,18,152
207000042,312,11,301
207000043,152,125,27
207000051,0,0,0
207000052,0,0,0
207000053,0,0,0
207000054,0,0,0
207000055,0,0,0
207000056,0,0,0
207000057,0,0,0
207000058,0,0,0
207000059,0,0,0
207000060,0,0,0
207000061,103,1133,-1030
207000062,375,25,350
207000063,329,45,284
207000064,286,40,246
207000065,220,66,154
207000066,308,72,236
207000067,132,19,113
207000068,123,6,117
207000069,397,119,278
207000082,1,151,-150
207000083,46,171,-125
207000084,399,119,280
207000085,197,61,136
207000086,280,3,277
207000106,65,10,55
207000107,143,10,133
207000108,53,1,52
207000109,57,2,55
207000110,40,2,38
207000111,108,24,84
207000112,50,225,-175
207000114,0,0,0
207000115,0,0,0
207000116,0,0,0
207000117,0,0,0
207000118,0,0,0
207000119,0,0,0
207000123,164,6,158
207000124,128,17,111
207000125,52,0,52
207000126,30,2,28
207000134,159,103,56
207000135,29,398,-369
207000148,64,151,-87
207000149,0,0,0
207000152,0,0,0
207000153,0,0,0
207000154,150,77,73
207000159,0,0,0
207000160,0,0,0
207000238,0,0,0
207000242,0,0,0
207000248,0,0,0
207000249,0,0,0
207000250,0,0,0
207000251,0,0,0
207000252,0,0,0
207000278,118,108,10
207000279,0,0,0
207000280,756,25,731
207000281,43,165,-122
207000282,10,202,-192
207000283,4,37,-33
207000284,16,404,-388
207000285,3,74,-71
207000291,0,0,0
207000304,73,24,49
207000306,0,0,0
207000310,95,51,44
207000353,48,0,48
207000356,0,0,0
207000357,1,108,-107
207000358,0,11,-11
207000415,0,0,0
207000417,10,0,10
207000418,40,54,-14
207000438,0,0,0
207000439,322,148,174
207000446,78,3,75
207000460,89,3,86
207000466,0,0,0
207000467,202,45,157
207000468,0,0,0
207000476,9,6,3
207000477,219,20,199
207000478,0,0,0
207000523,0,0,0
207000524,12,0,12
207000527,109,44,65
207000530,162,1,161
207000531,108,1,107
207000532,11,6,5
207000534,98,28,70
207000535,0,0,0
207000537,0,0,0
207000540,0,0,0
207000541,0,0,0
207000548,0,0,0
207000549,111,4,107
207000561,122,45,77
207000562,0,0,0
207000567,0,0,0
207000568,38,2,36
207000569,200,24,176
207000584,0,0,0
207000585,15,22,-7
207000616,0,0,0
207000617,87,0,87
207900008,335,67,268
208000001,324,477,-153
208000002,435,416,19
208000003,591,347,244
208000004,550,296,254
208000005,0,0,0
208000019,635,170,465
208000020,204,112,92
208000021,41,121,-80
208000022,132,60,72
208000028,77,663,-586
208000033,97,27,70
208000034,102,307,-205
208000040,67,57,10
208000041,179,245,-66
208000042,357,265,92
208000047,0,0,0
208000064,1000,1108,-108
208000066,636,1311,-675
208000070,235,249,-14
208000071,489,145,344
208000072,481,303,178
208000080,171,142,29
208000081,185,39,146
208000082,1,1,0
208000083,3,0,3
208000084,4,51,-47
208000085,16,1,15
208000086,44,8,36
208000087,19,50,-31
208000089,0,0,0
208000090,0,0,0
208000093,0,0,0
208000094,53,149,-96
208000095,217,28,189
208000104,1023,284,739
208000105,560,402,158
208000114,57,517,-460
208000115,313,265,48
208000116,497,894,-397
208000117,1,88,-87
208000118,98,193,-95
208000155,31,81,-50
208000158,112,186,-74
208000186,479,1015,-536
208000204,40,78,-38
208000205,105,68,37
208000282,41,54,-13
209000004,262,62,200
209000005,40,38,2
209000006,333,95,238
209000007,188,178,10
209000010,0,0,0
209000011,0,0,0
209000012,0,0,0
209000013,0,0,0
209000014,0,0,0
209000025,244,38,206
209000026,575,36,539
209000027,0,0,0
209000028,0,0,0
209000029,0,0,0
209000030,0,0,0
209000031,0,0,0
209000034,124,204,-80
209000035,226,189,37
209000036,351,81,270
209000037,327,89,238
209000038,254,39,215
209000039,112,45,67
209000040,187,34,153
209000041,104,35,69
209000042,68,45,23
209000043,169,48,121
209000044,233,119,114
209000045,446,114,332
209000046,357,99,258
209000047,331,26,305
209000048,1069,309,760
209000049,0,0,0
209000050,0,0,0
209000051,0,0,0
209000052,0,0,0
209000062,0,0,0
209000063,0,0,0
209000064,0,0,0
209000065,189,45,144
209000066,107,30,77
209000067,206,26,180
209000080,0,0,0
209000082,29,17,12
209000091,0,0,0
209000093,0,0,0
209000094,0,0,0
209000110,38,85,-47
209000111,334,668,-334
209000112,660,153,507
209000113,761,208,553
209000114,289,204,85
209000115,0,0,0
209000116,0,0,0
209000118,0,51,-51
209000119,0,0,0
209000121,0,0,0
209000135,50,52,-2
209000142,431,453,-22
209000143,0,0,0
209000144,25,101,-76
209000229,213,18,195
209000240,0,0,0
209000259,0,0,0
209000260,0,0,0
209000261,0,0,0
209000262,0,0,0
209000263,0,0,0
209000264,0,0,0
209000265,135,2,133
209000266,50,5,45
209000267,815,1,814
209000268,528,69,459
210000037,116,2,114
210000047,38,18,20
210000048,15,8,7
210000049,32,0,32
210000052,0,0,0
210000053,0,0,0
210000054,0,0,0
210000070,112,1,111
210000071,64,0,64
210000072,17,0,17
210000073,0,0,0
210000074,0,0,0
210000075,0,0,0
210000076,0,0,0
210000077,0,0,0
210000078,0,0,0
210000079,16,12,4
210000080,26,75,-49
210000081,74,3,71
210000082,4,4,0
210000083,5,10,-5
210000084,94,0,94
210000085,0,0,0
210000086,0,0,0
210000099,0,0,0
210000100,0,0,0
210000101,0,0,0
210000105,0,0,0
210000159,0,0,0
210000163,0,0,0
210000164,137,48,89
210000168,58,2,56
210000187,0,0,0
210000188,0,0,0
210000214,22,0,22
210000219,54,8,46
210000220,86,26,60
210000232,0,0,0
210000233,0,0,0
210000234,0,0,0
210000235,0,0,0
210000245,0,0,0
210000246,30,0,30
210000258,0,0,0
210000259,100,15,85
210000282,0,0,0
210000285,0,0,0
210000286,0,0,0
210000290,0,1,-1
210000295,0,0,0
210000296,0,0,0
210000320,114,29,85
210000321,72,14,58
210000338,0,0,0
210000339,0,0,0
210000340,0,0,0
210000341,0,0,0
210000342,0,0,0
210000343,0,0,0
210000344,0,0,0
210000345,0,0,0
210000346,0,0,0
210000347,0,0,0
210000348,0,0,0
210000349,0,0,0
210000350,0,0,0
210000351,0,0,0
210000352,48,17,31
210000353,46,25,21
210000354,37,22,15
210000355,16,45,-29
210000356,28,76,-48
210000357,88,84,4
210000358,53,131,-78
210000359,38,64,-26
210000360,197,60,137
210000361,125,50,75
210000362,194,65,129
210000363,444,94,350
210000364,241,55,186
210000365,125,23,102
210000366,190,9,181
210000367,105,16,89
210000368,60,8,52
210000369,52,32,20
210000370,70,8,62
210000372,2,12,-10
210000373,12,17,-5
210000374,23,12,11
210000375,24,14,10
210000376,54,66,-12
210000404,0,0,0
210000439,33,16,17
210000472,8,0,8
210000482,27,27,0
210000564,300,106,194
210000567,0,22,-22
210000568,137,0,137
211000092,27,19,8
211000094,8,3,5
211000169,84,3,81
211000172,1,61,-60
211000209,0,18,-18
211000226,23,0,23
211000270,1,10,-9
211000275,1,25,-24
211000276,40,7,33
211000279,13,23,-10
211000281,10,22,-12
211507980,0,19,-19
211977296,3,1,2
212000003,221,10,211
212000004,0,0,0
212000005,0,0,0
212000006,0,0,0
212000008,0,0,0
212000009,0,0,0
212000012,0,0,0
212000013,0,0,0
212000014,0,0,0
212000015,0,0,0
212000016,0,0,0
212000027,592,133,459
212000028,198,201,-3
212000029,130,279,-149
212000030,34,33,1
212000031,90,18,72
212000048,0,0,0
212000049,0,0,0
212000050,0,0,0
212000051,0,0,0
212000052,0,0,0
212000053,0,0,0
212000054,316,59,257
212000055,412,54,358
212000056,3,28,-25
212000057,13,27,-14
212000058,19,34,-15
212000070,0,0,0
212000077,0,0,0
212000099,478,91,387
212000108,254,77,177
212000111,391,34,357
212000120,0,0,0
212000138,0,0,0
212000156,0,0,0
212000158,0,57,-57
212000159,796,81,715
212000160,714,97,617
212000161,143,51,92
212000310,0,0,0
212000311,14,55,-41
212000374,0,0,0
213000001,5,366,-361
213000005,273,25,248
213000006,287,61,226
213000007,36,5,31
213000009,180,140,40
213000010,345,48,297
213000011,154,28,126
213000012,0,1,-1
213000014,33,5,28
213000015,217,3,214
213000016,169,1,168
213000017,85,0,85
213000018,0,3,-3
213000019,0,6,-6
213000020,16,14,2
213000021,0,1,-1
213000023,618,133,485
213000033,58,123,-65
213000034,622,114,508
213000035,158,234,-76
213000045,37,104,-67
213000046,16,38,-22
213000047,81,522,-441
213000056,99,8,91
213000069,2,0,2
213000073,0,6,-6
213000074,4,58,-54
213000075,339,3,336
213000076,12,0,12
213000085,0,0,0
213000086,0,0,0
213000091,91,3,88
213000092,18,2,16
213000099,4,261,-257
213000100,498,218,280
213000101,346,107,239
213000102,322,77,245
213000103,301,142,159
213000104,11,69,-58
213000105,0,50,-50
213000106,4,5,-1
213000107,92,15,77
213000108,2,35,-33
213000109,0,38,-38
213000110,1,26,-25
213000111,0,21,-21
213000112,9,76,-67
213000115,18,1,17
213000116,8,53,-45
213000117,0,107,-107
213000118,542,211,331
213000119,0,14,-14
213000120,1,5,-4
213000122,5,81,-76
213000123,3,164,-161
213000124,17,39,-22
213000125,103,91,12
213000126,2,13,-11
213000127,2,27,-25
213000128,25,97,-72
213000129,176,613,-437
213000130,593,434,159
213000132,421,151,270
213000133,681,86,595
213000134,776,4,772
213000136,460,7,453
213000137,420,50,370
213000139,107,2,105
213000147,61,0,61
213000148,4,0,4
213000149,2,0,2
213000150,0,0,0
213000151,0,0,0
213000152,0,0,0
213000153,0,0,0
213000154,0,0,0
213000155,0,0,0
213000156,0,0,0
213000157,0,0,0
213000158,30,109,-79
213000159,939,89,850
213000163,766,150,616
213000165,458,130,328
213000171,0,0,0
213000172,0,0,0
213000173,0,0,0
213000174,0,0,0
213000175,0,0,0
213000176,149,35,114
213000177,256,2,254
213000178,316,2,314
213000179,160,1,159
213000180,147,0,147
213000184,9,65,-56
213000188,323,12,311
213000189,330,18,312
213000190,156,9,147
213000191,342,3,339
213000192,190,4,186
213000193,0,0,0
213000194,0,0,0
213000195,0,0,0
213000196,0,0,0
213000197,567,249,318
213000198,6,0,6
213000200,51,38,13
213000201,2,9,-7
213000202,6,44,-38
213000203,835,288,547
213000204,755,5,750
213000205,477,19,458
213000206,458,6,452
213000207,8,5,3
213000208,0,0,0
213000209,18,0,18
213000210,40,0,40
213000211,0,0,0
213000212,0,0,0
213000213,0,0,0
213000218,149,381,-232
213000219,302,32,270
213000220,330,2,328
213000223,79,137,-58
213000224,2,51,-49
213000225,97,25,72
213000226,58,8,50
213000227,791,164,627
213000228,453,60,393
213000229,66,1,65
213000230,201,23,178
213000232,0,197,-197
213000233,0,0,0
213000234,0,0,0
213000293,0,0,0
213000294,82,8,74
213000295,0,0,0
213000296,27,24,3
213000297,0,0,0
213000298,0,0,0
213000299,42,24,18
213000300,0,15,-15
213000303,0,0,0
213000304,0,0,0
213000305,0,16,-16
213000306,0,0,0
213000307,38,27,11
213000308,0,0,0
213000309,114,18,96
213000310,121,42,79
213000311,1,146,-145
213000315,0,0,0
213000316,149,16,133
213000322,55,17,38
213000323,81,5,76
213000324,45,0,45
213000325,21,12,9
213000326,20,4,16
213000327,27,9,18
213000328,5,31,-26
213000329,3,1,2
213000340,0,8,-8
213000341,609,51,558
213000346,60,168,-108
213000347,88,247,-159
213000348,0,11,-11
213000349,0,1,-1
213000350,28,122,-94
213000366,0,27,-27
213000367,269,15,254
213000379,4,5,-1
213000386,5,12,-7
213000406,1,9,-8
213000417,968,155,813
213000425,82,11,71
213000426,73,9,64
213000427,44,25,19
213000428,23,11,12
213000429,1,22,-21
213000430,18,14,4
213000431,3,0,3
213000432,0,253,-253
213000433,2,28,-26
213000434,14,16,-2
213000435,37,6,31
213000436,38,5,33
213000437,1,1,0
213000438,75,8,67
213000439,5,38,-33
213000440,1,60,-59
213000441,2,1,1
213000442,1,28,-27
213000443,428,279,149
213000444,20,2,18
213000445,0,30,-30
213000446,0,86,-86
213000447,1,57,-56
213000448,12,3,9
213000449,469,6,463
213000450,8,0,8
213000451,57,12,45
213000452,1,1,0
213000453,0,0,0
213000455,177,121,56
213000456,0,7,-7
213000481,0,0,0
213000482,12,0,12
213000489,15,15,0
213000491,0,0,0
213000492,36,6,30
213000493,0,0,0
213000494,184,64,120
213000495,0,1,-1
213000496,412,46,366
213000497,0,4,-4
213000498,3,7,-4
213000499,5,22,-17
213000500,357,14,343
213000501,78,30,48
213000502,98,20,78
213000503,0,10,-10
213000504,0,4,-4
213000505,22,29,-7
213000506,0,0,0
213000507,0,7,-7
213900016,0,0,0
213900244,53,0,53
213900245,0,0,0
218000003,0,0,0
218000004,0,0,0
218000005,33,25,8
218000006,46,7,39
218000007,0,3,-3
218000012,15,45,-30
218000013,27,92,-65
218000014,40,59,-19
218000019,80,46,34
218000020,190,34,156
218000021,0,0,0
218000022,0,0,0
218000023,0,0,0
218000024,0,0,0
218000025,0,0,0
218000026,0,0,0
218000027,0,0,0
218000028,0,0,0
218000029,0,0,0
218000030,0,0,0
218000031,0,0,0
218000032,0,0,0
218000040,0,0,0
218000046,79,57,22
218000047,9,53,-44
218000048,31,25,6
218000049,31,36,-5
218000050,170,91,79
218000051,27,81,-54
218000052,0,29,-29
218000053,0,1,-1
218000054,0,36,-36
218000055,0,23,-23
218000056,5,46,-41
218000057,2,31,-29
218000064,1,13,-12
218000065,80,15,65
218000066,25,25,0
218000067,14,42,-28
218000068,42,38,4
218000069,133,35,98
218000070,84,43,41
218000071,92,34,58
218000072,27,10,17
218000078,31,32,-1
218000079,162,22,140
218000080,133,24,109
218000081,455,52,403
218000082,117,58,59
218000083,0,0,0
218000084,0,0,0
218000085,0,0,0
218000086,0,0,0
218000087,0,0,0
218000090,2,56,-54
218000091,633,255,378
218000092,94,51,43
218000093,22,30,-8
218000094,0,0,0
218000099,106,151,-45
218000100,43,101,-58
218000101,56,58,-2
218000102,140,32,108
218000103,6,25,-19
218000104,51,20,31
218000105,0,0,0
218000106,0,0,0
218000107,0,0,0
218000108,0,0,0
218000112,0,0,0
218000117,20,30,-10
218000134,49,35,14
218000135,9,3,6
218000136,59,0,59
218000137,22,44,-22
218000138,0,0,0
218000139,47,30,17
218000140,259,146,113
218000141,34,5,29
218000142,181,51,130
218000143,56,141,-85
218000144,18,87,-69
218000145,299,100,199
218000146,60,115,-55
218000151,9,8,1
218000152,90,64,26
218000153,8,12,-4
218000154,17,1,16
218000155,35,4,31
218000156,170,3,167
218000157,128,5,123
218000158,5,4,1
218000159,4,3,1
218000160,2,2,0
218000161,19,2,17
218000162,84,1,83
218000163,43,1,42
218000164,156,1,155
218000165,153,15,138
218000170,0,54,-54
218000171,33,10,23
218000172,5,21,-16
218000173,5,1,4
218000174,13,0,13
218000176,349,6,343
218000177,293,18,275
218000178,138,23,115
218000179,221,18,203
218000180,54,1,53
218000181,170,5,165
218000187,0,0,0
218000188,0,0,0
218000189,0,0,0
218000190,0,0,0
218000191,0,0,0
218000192,0,0,0
218000193,0,0,0
218000194,0,0,0
218000195,153,69,84
218000196,393,100,293
218000197,491,99,392
218000198,44,28,16
218000199,33,3,30
218000200,32,4,28
218000201,9,6,3
218000202,0,0,0
218000207,0,0,0
218000208,0,0,0
218000211,14,0,14
218000212,0,0,0
218000213,92,49,43
218000214,2,57,-55
218000215,9,20,-11
218000217,2,37,-35
218000218,139,239,-100
218000219,2,88,-86
218000220,41,173,-132
218000221,206,198,8
218000222,1,16,-15
218000223,50,450,-400
218000224,24,340,-316
218000225,262,70,192
218000226,258,16,242
218000230,0,0,0
218000232,2,1,1
218000239,60,0,60
218000240,0,0,0
218000241,1,0,1
218000242,2,0,2
218000243,1,0,1
218000244,25,0,25
218000245,0,7,-7
218000246,0,2,-2
218000247,0,0,0
218000248,0,0,0
218000249,0,0,0
218000250,0,0,0
218000251,0,0,0
218000252,0,0,0
218000253,0,0,0
218000254,0,0,0
218000255,0,0,0
218000256,0,0,0
218000267,0,0,0
218000268,0,0,0
218000269,0,0,0
218000270,0,0,0
218000271,0,0,0
218000273,49,6,43
218000274,39,3,36
218000275,25,34,-9
218000276,6,18,-12
218000278,0,5,-5
218000279,35,5,30
218000280,0,26,-26
218000281,0,4,-4
218000282,91,382,-291
218000284,56,16,40
218000301,0,0,0
218000302,40,10,30
218000303,0,0,0
218000316,759,294,465
218000317,1189,247,942
218000318,770,159,611
218000319,4,12,-8
218000320,0,0,0
218000338,25,10,15
218000345,0,0,0
218000346,18,109,-91
218000459,29,81,-52
218000490,0,0,0
218000501,49,26,23
218000502,0,0,0
218000503,52,5,47
218000504,78,7,71
218000505,0,0,0
218000506,0,0,0
218000508,0,0,0
218000510,87,22,65
218000520,109,124,-15
218000521,1,9,-8
218000522,0,12,-12
218000523,51,0,51
218000524,0,69,-69
218000525,52,8,44
218000526,1,125,-124
218000529,5,31,-26
218000530,17,0,17
218000531,3,5,-2
218000532,0,0,0
218000534,63,4,59
218000537,14,88,-74
218000538,29,77,-48
218000540,0,0,0
218000543,37,15,22
218000544,0,0,0
218000545,16,38,-22
218000546,0,0,0
218000547,26,86,-60
218000548,0,0,0
218000549,394,19,375
218000550,2,41,-39
218000551,11,82,-71
218000552,219,22,197
218000553,0,0,0
218000554,0,0,0
218000555,28,14,14
218000556,4,0,4
218000557,207,47,160
218000558,15,0,15
218000559,0,23,-23
218000560,0,7,-7
218000561,1,0,1
218000562,1,65,-64
218000563,91,8,83
218000564,0,76,-76
218000565,42,8,34
218000566,59,2,57
218000567,0,57,-57
218000568,1,0,1
218000569,0,51,-51
218000570,7,0,7
218000571,0,64,-64
218000572,42,1,41
218000573,1,62,-61
218000574,5,7,-2
218000575,54,0,54
218000576,0,134,-134
218000577,45,0,45
218000578,0,115,-115
218000579,8,0,8
218000581,0,0,0
218000582,10,0,10
218000583,1,0,1
218000584,0,0,0
218000585,29,0,29
218000586,25,1,24
218000587,0,0,0
218000588,0,0,0
218000589,0,0,0
218000590,0,0,0
218000591,0,0,0
218000592,2,0,2
218000593,0,0,0
218000594,0,0,0
218000595,0,0,0
218000596,0,0,0
218000597,0,0,0
218000598,0,0,0
218000599,0,0,0
218000600,0,0,0
218000601,0,0,0
218000602,0,0,0
218000603,0,14,-14
218000604,1,0,1
218000605,0,3,-3
218000606,3,0,3
218000607,0,17,-17
218000608,12,7,5
218000609,2,12,-10
218000610,61,1,60
218000611,14,0,14
218000612,0,2,-2
218000613,38,0,38
218000614,0,3,-3
218000615,42,0,42
218000616,4,7,-3
218000617,8,8,0
218000618,0,0,0
218000619,31,2,29
218000620,4,5,-1
218000621,0,0,0
218000622,0,14,-14
218000623,1,1,0
218000624,0,23,-23
218000625,1,0,1
218000626,0,11,-11
218000628,114,44,70
218000631,40,3,37
218000632,0,52,-52
218000633,8,0,8
218000634,0,0,0
218000635,0,0,0
218000636,24,22,2
218000637,520,97,423
218000638,530,39,491
218000639,2,21,-19
218000640,364,0,364
218000641,52,72,-20
218000652,48,14,34
218000653,261,48,213
218000663,1,4,-3
218000675,3,18,-15
218000676,0,0,0
218000677,9,2,7
218000680,25,16,9
218000681,242,29,213
218000691,16,11,5
218000693,173,28,145
218000703,0,0,0
218000718,0,81,-81
218000719,8,34,-26
218000720,0,39,-39
218000721,2,0,2
218000725,0,0,0
218001214,2,0,2
218001258,9,0,9
218001329,27,26,1
218001330,0,3,-3
218001351,8,7,1
218001352,1,4,-3
218001353,1,1,0
218001354,0,1,-1
218001355,45,0,45
218001356,54,3,51
218001357,46,2,44
218001358,90,0,90
218001361,131,1,130
219000001,0,0,0
219000002,0,0,0
219000003,38,24,14
219000004,22,67,-45
219000017,37,69,-32
219000020,123,14,109
219000022,75,4,71
219000023,43,2,41
219000029,0,0,0
219000034,53,24,29
219000039,0,0,0
219000040,5,64,-59
219000041,65,60,5
219000051,0,0,0
219000052,0,0,0
219000053,0,0,0
219000054,0,0,0
219000055,127,0,127
219000056,2,0,2
219000057,76,0,76
219000062,0,0,0
219000063,46,0,46
219000064,0,0,0
219000110,175,54,121
219000111,55,58,-3
219000112,106,20,86
219000113,131,17,114
219000114,175,13,162
219000116,63,32,31
219000117,106,12,94
219000118,51,42,9
219000123,149,2,147
219000124,6,0,6
219000125,0,0,0
219000126,0,0,0
219000127,0,0,0
219000128,0,0,0
219000129,0,0,0
219000130,2,1,1
219000131,619,1070,-451
219000133,6,59,-53
219000134,11,76,-65
219000135,17,26,-9
219000136,41,113,-72
219000138,37,3,34
219000139,52,0,52
219000140,107,0,107
219000141,12,0,12
219000142,20,20,0
219000143,0,0,0
219000145,30,6,24
219000146,0,0,0
219000147,0,0,0
219000148,0,0,0
219000149,0,0,0
219000150,0,0,0
219000151,0,0,0
219000157,134,59,75
219000158,41,19,22
219000161,29,4,25
219000163,258,322,-64
219000166,25,23,2
219000167,15,10,5
219000168,134,60,74
219000174,280,62,218
219000175,96,1,95
219000176,123,3,120
219000177,20,0,20
219000178,63,1,62
219000179,28,37,-9
219000180,13,5,8
219000182,80,3,77
219000183,18,1,17
219000184,20,0,20
219000185,0,0,0
219000186,107,1,106
219000187,25,0,25
219000189,0,0,0
219000190,1,0,1
219000191,1,1,0
219000192,214,176,38
219000193,0,0,0
219000195,0,0,0
219000196,0,0,0
219000198,0,0,0
219000199,0,0,0
219000200,0,0,0
219000201,0,0,0
219000203,0,0,0
219000204,0,0,0
219000205,0,0,0
219000207,0,0,0
219000209,0,0,0
219000210,0,0,0
219000213,0,0,0
219000239,0,0,0
219000240,0,0,0
219000241,0,0,0
219000242,0,0,0
219000243,0,0,0
219000244,0,0,0
219000245,0,0,0
219000246,16,16,0
219000247,258,26,232
219000248,322,244,78
219000249,52,61,-9
219000250,80,60,20
219000251,318,85,233
219000252,331,113,218
219000253,149,37,112
219000255,97,89,8
219000256,188,32,156
219000257,143,0,143
219000262,0,0,0
219000263,0,0,0
219000267,0,0,0
219000268,0,0,0
219000269,3,4,-1
219000270,36,0,36
219000271,158,0,158
219000278,0,0,0
219000279,0,0,0
219000283,0,0,0
219000295,0,0,0
219000296,0,0,0
219000297,0,0,0
219000298,0,0,0
219000299,241,34,207
219000300,0,0,0
219000301,0,0,0
219000302,0,0,0
219000307,0,0,0
219000308,9,45,-36
219000311,131,21,110
219000312,202,41,161
219000313,320,19,301
219000314,0,0,0
219000315,245,25,220
219000316,381,22,359
219000317,82,31,51
219000320,0,0,0
219000321,0,0,0
219000323,0,0,0
219000325,0,0,0
219000326,0,0,0
219000327,0,0,0
219000328,0,0,0
219000329,84,83,1
219000330,13,6,7
219000331,40,12,28
219000332,115,55,60
219000333,39,0,39
219000335,41,1,40
219000337,24,0,24
219000338,14,0,14
219000344,0,0,0
219000345,0,1,-1
219000346,0,1,-1
219000348,0,0,0
219000349,0,0,0
219000350,0,0,0
219000351,0,0,0
219000352,8,72,-64
219000353,111,97,14
219000354,145,62,83
219000355,93,46,47
219000356,271,671,-400
219000363,102,11,91
219000364,110,13,97
219000365,47,1,46
219000366,114,227,-113
219000368,90,486,-396
219000370,268,681,-413
219000371,0,0,0
219000382,6,6,0
219000383,0,0,0
219000385,0,0,0
219000386,1,1,0
219000387,0,2,-2
219000390,1,11,-10
219000391,3,0,3
219000397,0,1,-1
219000398,16,6,10
219000401,0,0,0
219000402,0,0,0
219000403,0,0,0
219000404,0,0,0
219000407,0,0,0
219000409,44,40,4
219000410,34,7,27
219000411,50,0,50
219000446,0,0,0
219000447,0,0,0
219000448,10,23,-13
219000452,52,21,31
219000453,0,0,0
219000454,142,308,-166
219000556,154,14,140
219000558,0,0,0
219000590,0,0,0
219000591,117,10,107
219000592,0,0,0
219000595,0,0,0
219000635,151,21,130
219000636,0,0,0
219000657,11,2,9
219000658,0,0,0
219000673,0,0,0
219000676,23,0,23
219000679,11,0,11
219000684,110,1,109
219000685,0,0,0
219000686,0,0,0
219000688,0,0,0
219000689,0,0,0
219000690,140,4,136
219000691,26,0,26
219000692,29,6,23
219000693,0,0,0
219000694,1,0,1
219000695,10,0,10
219000698,12,0,12
219000699,0,0,0
219000727,0,0,0
219000728,30,0,30
219000770,5,1,4
219000771,0,0,0
219000788,0,0,0
219001150,0,20,-20
219001151,0,0,0
219001166,5,8,-3
219001167,0,0,0
219001178,47,1,46
220000001,0,12,-12
220000002,0,32,-32
220000003,0,0,0
220000004,0,0,0
220000005,0,0,0
220000006,0,0,0
220000007,0,0,0
220000008,0,0,0
220000009,21,108,-87
220000010,18,8,10
220000011,14,377,-363
220000012,36,66,-30
220000014,0,0,0
220000015,79,294,-215
220000017,46,52,-6
220000018,726,133,593
220000019,234,472,-238
220000020,92,54,38
220000021,209,139,70
220000022,462,108,354
220000023,56,64,-8
220000024,222,256,-34
220000025,424,930,-506
220000026,107,648,-541
220000027,18,130,-112
220000028,70,84,-14
220000029,0,0,0
220000030,0,0,0
220000031,177,256,-79
220000064,0,0,0
221000046,0,0,0
221000047,0,0,0
221000048,0,0,0
221000049,0,0,0
221000050,6,0,6
221000055,7,0,7
221000057,137,2,135
221000068,224,155,69
221000069,180,93,87
221000070,218,36,182
221000071,106,21,85
221000072,244,10,234
221000073,149,2,147
221000074,0,0,0
221000075,0,0,0
221000076,0,0,0
221000077,0,0,0
221000081,29,1,28
221000082,45,3,42
221000083,2,4,-2
221000084,1,0,1
221000085,3,0,3
221000086,0,0,0
221000087,0,0,0
221000088,0,0,0
221000089,0,0,0
221000090,0,0,0
221000098,127,7,120
221000099,156,9,147
221000100,99,5,94
221000101,101,4,97
221000102,141,3,138
221000109,0,0,0
221000110,0,0,0
221000111,0,0,0
221000112,0,0,0
221000113,0,0,0
221000114,0,0,0
221000120,21,38,-17
221000121,1,19,-18
221000122,18,25,-7
221000123,8,13,-5
221000124,17,72,-55
221000155,121,9,112
221000156,15,11,4
221000175,0,14,-14
221000176,0,14,-14
221000182,23,2,21
221000241,403,371,32
221000242,0,0,0
221000243,372,105,267
221000244,0,0,0
221000245,86,10,76
221000246,0,0,0
221000247,181,39,142
221000248,0,0,0
221000267,3,106,-103
221000325,38,24,14
221000331,7,38,-31
221000338,4,39,-35
221000378,261,27,234
221000381,27,25,2
222000282,0,1,-1
222000296,2,16,-14
222000568,494,31,463
222000569,128,38,90
222000570,146,30,116
222000571,522,11,511
222000577,1,24,-23
222000578,0,50,-50
222000579,22,19,3
222000580,7,216,-209
222000599,0,18,-18
222000600,1,37,-36
222000601,0,108,-108
222000603,6,3,3
222000604,5,6,-1
222000605,0,53,-53
222000606,0,9,-9
222000607,0,16,-16
222000608,2,2,0
222000609,5,5,0
222000616,291,9,282
222000617,0,0,0
222000618,1,3,-2
222000620,2,2,0
222000621,10,6,4
222000623,251,2,249
222000624,235,1,234
222000625,433,30,403
222000636,72,2,70
222000686,0,30,-30
222000687,6,0,6
222001066,192,2,190
222001067,59,0,59
222001068,71,0,71
222001069,46,31,15
222001082,4,23,-19
222001083,6,15,-9
222001084,0,6,-6
222001085,0,45,-45
222001111,39,50,-11
222001112,75,12,63
222001313,0,10,-10
222001314,0,21,-21
222001464,14,2,12
222001465,1,28,-27
222001484,92,1,91
222001485,6,1,5
222001494,506,31,475
222001495,23,32,-9
222001496,380,41,339
222001497,13,42,-29
222001502,0,0,0
222001503,41,13,28
222001504,0,0,0
222001505,245,3,242
222001506,0,0,0
222001507,60,10,50
222001510,500,17,483
222001511,0,0,0
222001514,227,49,178
222001515,0,0,0
222001518,322,14,308
222001519,0,0,0
222001527,46,19,27
222001528,0,0,0
222001529,435,13,422
222001530,0,0,0
222001533,0,0,0
222001534,316,10,306
222001535,76,40,36
222001536,21,59,-38
222001537,219,27,192
222001538,0,0,0
222001563,699,11,688
222001564,0,0,0
222001568,90,23,67
222001576,0,13,-13
222001579,0,5,-5
222001583,2,11,-9
222001584,32,26,6
222001596,57,65,-8
222001597,580,116,464
222001626,0,28,-28
222001650,4,17,-13
222001651,35,50,-15
222001914,73,35,38
222001915,0,0,0
222001968,278,43,235
222001969,50,111,-61
222001970,45,47,-2
222001971,30,1,29
222001972,4,2,2
225000001,212,50,162
225000002,398,76,322
225000003,462,31,431
225000004,314,55,259
225000005,26,24,2
225000006,0,0,0
225000007,0,0,0
225000010,73,3,70
225000011,83,892,-809
225000012,124,625,-501
225000013,81,71,10
225000014,460,56,404
225000015,1,3,-2
225000021,177,28,149
225000027,0,0,0
225000032,188,47,141
225000042,0,0,0
225000049,0,0,0
225000050,56,3,53
225000053,0,0,0
225000058,293,73,220
225000067,0,0,0
225000068,0,0,0
225000069,0,0,0
225000070,0,0,0
225000071,0,0,0
225000075,0,0,0
225000076,0,0,0
225000078,14,25,-11
225000085,67,26,41
225000086,201,6,195
225000087,39,2,37
225000088,0,0,0
225000089,0,0,0
225000090,0,0,0
225000091,0,0,0
225000092,0,0,0
225000093,0,0,0
225000094,0,0,0
225000095,0,0,0
225000096,0,0,0
225000098,323,96,227
225000099,428,37,391
225000100,516,51,465
225000104,0,1,-1
225000110,0,0,0
225000111,0,1,-1
225000112,6,1,5
225000113,2,4,-2
225000114,0,1,-1
225000115,4,4,0
225000116,244,84,160
225000117,453,259,194
225000118,720,185,535
225000119,77,17,60
225000120,248,6,242
225000121,96,21,75
225000123,852,6,846
225000125,209,20,189
225000126,560,135,425
225000127,406,1062,-656
225000128,310,842,-532
225000132,423,41,382
225000133,147,6,141
225000134,253,126,127
225000135,31,5,26
225000136,201,0,201
225000137,189,24,165
225000138,496,28,468
225000143,0,0,0
225000144,0,0,0
225000145,41,22,19
225000146,0,0,0
225000147,0,0,0
225000148,0,0,0
225000149,0,0,0
225000151,0,0,0
225000155,0,0,0
225000156,2,11,-9
225000157,0,3,-3
225000158,0,0,0
225000171,0,0,0
225000180,31,1,30
225000181,0,0,0
225000182,26,2,24
225000185,0,0,0
225000187,0,0,0
225000191,3,0,3
225000194,0,0,0
225000208,0,0,0
225000209,27,1,26
225000210,0,0,0
225000217,0,0,0
225000218,8,0,8
225000223,0,0,0
225000224,12,0,12
225000225,0,0,0
225000226,156,5,151
225000227,0,0,0
225000228,3,13,-10
225000229,0,0,0
225000230,0,0,0
225000231,0,0,0
225000232,39,0,39
225000241,55,0,55
225000242,0,0,0
225000249,1,0,1
225000250,0,0,0
225000251,404,17,387
225000254,0,0,0
225000256,0,0,0
225000257,0,0,0
226000042,0,0,0
226000043,0,0,0
226000044,0,0,0
226000045,0,0,0
226000046,391,17,374
226000047,294,22,272
226000048,209,6,203
226000049,194,89,105
226000070,0,0,0
226000071,0,0,0
226000072,0,0,0
226000073,0,0,0
226000074,0,0,0
226000084,0,0,0
226000085,0,0,0
226000086,0,0,0
226000087,0,0,0
226000088,0,0,0
226000090,6,15,-9
226000091,1,31,-30
226000092,2,21,-19
226000093,0,0,0
226000094,1,0,1
226000095,2,7,-5
226000105,2,0,2
226000106,18,0,18
226000107,15,0,15
226000108,0,0,0
226000109,29,0,29
226000124,160,35,125
226000134,329,284,45
226000135,965,277,688
226000136,164,129,35
226000137,0,0,0
226000138,0,0,0
226000139,0,0,0
226000156,105,0,105
226000157,122,0,122
226000163,0,0,0
226000202,0,0,0
226000231,161,0,161
226000232,6,0,6
227000033,240,34,206
227000036,375,8,367
227000037,313,7,306
227000038,88,5,83
227000084,0,0,0
227000085,0,0,0
227000088,25,0,25
227000089,8,0,8
227000090,36,1,35
227000091,30,0,30
227000092,3,0,3
227000093,15,0,15
227000094,0,0,0
227000130,0,0,0
227000131,0,0,0
227000132,0,0,0
227000133,0,0,0
227000134,0,0,0
227000152,0,0,0
227000153,0,0,0
227000154,0,0,0
227000155,0,0,0
227000156,0,0,0
227000165,0,0,0
227000196,355,3,352
227000199,384,6,378
227000230,0,0,0
227000232,216,10,206
227000242,0,0,0
227000243,245,19,226
227000245,0,0,0
227000246,0,0,0
227000247,385,40,345
227000248,68,12,56
227000249,0,0,0
227000250,178,128,50
227000251,0,0,0
227000252,0,0,0
227000253,295,7,288
227000262,561,10,551
227000266,710,30,680
227000267,0,0,0
227000282,0,0,0
227000284,306,15,291
227000286,0,0,0
227000287,0,0,0
227000291,0,0,0
227000296,29,34,-5
227000484,292,0,292
227000485,0,0,0
227000655,171,2,169
227000656,516,5,511
227000657,20,3,17
227000661,176,18,158
229000265,8,5,3
229000266,0,0,0
229000267,0,0,0
229000268,0,0,0
229000269,0,0,0
229000274,0,0,0
229000275,0,1,-1
229000276,0,0,0
229000277,0,0,0
229000278,0,0,0
229000295,0,0,0
229000296,0,3,-3
229000297,1,20,-19
229000298,0,23,-23
229000320,1,0,1
229000321,2,0,2
229000412,0,6,-6
229000414,2,5,-3
229000415,2,0,2
229000416,0,0,0
229000417,0,0,0
229000419,2,40,-38
229000440,121,14,107
229000442,34,3,31
229000443,2,0,2
229000444,0,3,-3
229000445,16,0,16
229000446,16,0,16
229000491,0,0,0
229000492,0,0,0
229000493,0,0,0
229000494,53,0,53
229000495,140,2,138
229000496,194,3,191
229000507,0,0,0
229000508,0,0,0
229000509,0,0,0
229000510,0,0,0
229000511,0,0,0
229000512,0,0,0
229000513,0,0,0
229000514,0,0,0
229000517,0,0,0
229000518,0,0,0
229000519,0,0,0
229000520,0,0,0
229000521,71,11,60
229000522,17,0,17
229000523,5,1,4
229000524,12,1,11
229000527,3,0,3
229000528,0,1,-1
229000529,45,1,44
229000530,102,10,92
229000531,37,34,3
229000532,21,0,21
229000533,70,1,69
229000534,22,8,14
229000564,128,1,127
229000565,88,0,88
229000566,0,0,0
229000567,0,0,0
229000582,42,11,31
229000583,16,5,11
229000584,0,0,0
229000585,0,0,0
229000718,0,0,0
229000719,0,0,0
229000720,0,0,0
229000721,0,0,0
229000722,0,0,0
229000723,0,0,0
229000724,0,0,0
229000725,0,0,0
229000738,0,0,0
229000739,1,0,1
229000740,1,0,1
229000741,37,0,37
229000742,8,0,8
229000743,52,0,52
229000744,2,0,2
229000745,0,0,0
229000746,7,0,7
229000847,67,0,67
229000848,55,0,55
229000849,65,0,65
229000851,168,0,168
229000854,0,0,0
229000856,0,0,0
229000857,0,0,0
229000858,0,0,0
229000919,0,1,-1
229000930,0,0,0
229000937,96,3,93
229000966,43,10,33
229000981,0,0,0
229000985,1,3,-2
229000986,3,0,3
229000987,0,0,0
229000988,2,2,0
229000989,0,4,-4
229000990,0,1,-1
229000991,1,0,1
229000992,1,4,-3
229000993,77,3,74
229000998,0,20,-20
229000999,9,0,9
229001034,0,2,-2
229001035,2,1,1
229001036,0,0,0
229001037,22,0,22
229001038,0,0,0
229001039,0,0,0
229001040,0,1,-1
229001041,7,0,7
229001042,20,9,11
229001047,0,2,-2
229001050,35,2,33
229001168,0,0,0
229001200,24,1,23
229001338,3,3,0
229001394,89,1,88
229001422,154,23,131
229001423,0,0,0
229001431,27,15,12
229001432,0,1,-1
229001444,54,6,48
229001445,16,14,2
229001479,55,0,55
229001503,168,4,164
229001504,0,0,0
229001505,65,3,62
229001506,0,0,0
229001509,6,0,6
229001510,0,0,0
229001545,34,2,32
229001546,0,0,0
229001553,45,1,44
229001554,0,0,0
229001630,39,0,39
229001631,0,2,-2
229001635,0,3,-3
229001636,0,0,0
229001658,0,0,0
229001659,29,1,28
229001660,0,0,0
229001661,0,8,-8
229001662,22,0,22
229001663,0,0,0
229002584,111,31,80
229002831,28,23,5
229002841,3,5,-2
229002842,8,2,6
229002843,23,3,20
229002844,14,11,3
229002845,0,40,-40
229002846,1,1,0
229002847,0,3,-3
229002848,10,23,-13
229002849,0,1,-1
229002850,0,0,0
229002851,2,23,-21
229002852,61,2,59
229002853,17,0,17
229002854,14,10,4
229002855,1,9,-8
229002856,3,5,-2
229002857,3,4,-1
229002858,3,0,3
229002859,3,0,3
229002860,12,13,-1
229002861,18,6,12
229002862,0,8,-8
229002863,3,8,-5
229002864,22,37,-15
229002865,18,0,18
229002866,18,2,16
229002867,0,2,-2
229002868,13,1,12
229002869,0,5,-5
229002870,8,1,7
235000066,43,4,39
235000067,56,7,49
235000072,0,0,0
235000073,0,0,0
235000074,0,0,0
235000080,0,0,0
235000081,0,0,0
235000082,55,12,43
235000083,140,69,71
235000084,13,6,7
235000085,144,23,121
235000089,20,15,5
235000092,0,0,0
235000093,0,0,0
235000097,1,1,0
235000098,35,7,28
235000099,5,4,1
235000116,8,0,8
235000117,79,4,75
235000133,0,0,0
235000134,0,0,0
235000206,0,0,0
235000207,0,2,-2
235000208,0,1,-1
235000209,1,4,-3
235000210,19,1,18
235000212,0,0,0
235000213,0,0,0
235000220,0,0,0
235000221,0,0,0
235000238,19,166,-147
235000239,0,30,-30
235000242,127,787,-660
235000245,0,0,0
235000246,0,0,0
235000284,0,0,0
235000295,16,0,16
235000305,108,13,95
235000306,183,3,180
235000307,0,0,0
235000308,11,0,11
235000309,57,1,56
235000310,31,0,31
235000311,12,0,12
235000322,0,0,0
235000323,0,0,0
235000324,0,0,0
235000325,0,0,0
235000326,0,0,0
235000351,0,0,0
235000352,0,0,0
235000353,0,0,0
235000354,0,0,0
235000355,0,0,0
235000356,12,0,12
235000357,24,2,22
235000358,12,0,12
235000359,0,0,0
235000360,5,1,4
235000361,49,0,49
235000381,0,0,0
235000382,98,3,95
235000390,6,2,4
235000391,138,1,137
235000392,194,47,147
235000393,72,57,15
235000395,90,6,84
235000396,359,20,339
235000400,39,14,25
235000401,0,0,0
235000405,0,0,0
235000406,0,0,0
235000407,0,0,0
235000409,0,0,0
235000410,0,0,0
235000411,0,0,0
235000485,0,0,0
235000486,6,0,6
235000549,46,22,24
235000550,0,0,0
235000599,0,0,0
235000600,0,0,0
235000601,1,0,1
235000602,28,10,18
235000614,0,0,0
235000648,0,0,0
235000649,100,1,99
235000685,0,0,0
235000815,0,0,0
235000834,0,0,0
235000855,23,14,9
235000862,0,0,0
235000891,0,0,0
235000892,4,0,4
235000901,0,0,0
235000907,0,0,0
235001010,29,4,25
235001029,0,0,0
235001030,170,36,134
235001078,95,45,50
235001079,0,0,0
235001147,2,23,-21
235001166,9,2,7
235001167,0,0,0
235001169,0,0,0
235001188,0,0,0
235001189,0,1,-1
235001197,0,0,0
235001200,0,0,0
235001207,89,7,82
235001210,0,0,0
235001215,0,0,0
235001239,0,0,0
235001244,0,0,0
235016267,0,0,0
277101746,0,2,-2
277102712,0,0,0
277103813,0,0,0
277103898,0,0,0
277104249,0,0,0
277104250,0,27,-27
277104251,0,0,0
277104252,0,22,-22
990011530,0,0,0
990014944,0,18,-18
990015176,19,8,11
990015618,0,2,-2
990016032,0,0,0
990032570,2,24,-22
990070001,63,1,62
990070103,0,0,0
990070601,0,4,-4
990070751,979,7,972
990070766,0,0,0
990071180,673,1,672
990071343,7,0,7
990071387,0,0,0
990071823,135,1,134
990072600,0,44,-44
990072964,0,2,-2
990073285,0,0,0
990074393,0,171,-171
990074870,740,3,737
990075106,260,2,258
990075746,547,1,546
990076437,1519,2,1517
990076458,0,0,0
997000007,81,0,81
997000041,0,13,-13
997000058,29,0,29
997000062,106,0,106
997000069,0,0,0
997000070,0,0,0
997000100,77,1,76
997000141,0,0,0
997000198,0,0,0
998000475,0,1,-1
998000736,0,7,-7
998000965,0,23,-23
998001031,0,4,-4
998001700,0,0,0
998001899,0,0,0
998001900,5,56,-51
998003073,527,22,505
998101900,0,22,-22
998102850,0,0,0
998501927,266,1,265
998501929,144,0,144
998501930,28,0,28
998501931,92,39,53
998501932,1,1,0
998501933,87,1,86
998501937,14,10,4
998501944,2,1,1
998501950,0,0,0
998501970,50,0,50
998501971,0,39,-39
998501973,0,3,-3
998501974,0,31,-31
998501975,85,5,80
998501976,40,0,40
998501977,0,4,-4
998501978,2,0,2
998501979,0,0,0
998501980,36,0,36
998501981,68,1,67
998501982,0,0,0
998502006,0,0,0
998502024,0,5,-5
998502032,0,2,-2
998502062,10,0,10
998502063,0,0,0
998502173,1,0,1
998502269,0,0,0
998601159,0,17,-17
998601292,0,0,0
999033574,0,0,0
999800001,9,0,9
999800002,0,0,0
999800003,1,1,0
999800004,0,2,-2
999800005,0,0,0
