ID,insum,outsum,diff
100000001,630,958,-328
100000002,4347,4537,-190
100000003,4100,6351,-2251
100000004,551,1439,-888
100000005,2964,5462,-2498
100000006,559,285,274
100000007,2405,929,1476
100000008,126,510,-384
100000009,435,425,10
100000010,32,158,-126
100000011,508,139,369
100000012,83,1001,-918
100000013,39,387,-348
100000014,238,434,-196
100000015,1583,2326,-743
100000016,524,1391,-867
100000017,519,1007,-488
100000018,828,623,205
100000019,2986,2242,744
100000020,1326,6310,-4984
100000021,5257,2357,2900
100000022,890,3128,-2238
100000023,3777,1850,1927
100000025,606,1760,-1154
100000028,768,1339,-571
100000029,63,461,-398
100000030,96,71,25
100000031,2526,6442,-3916
100000032,1610,3993,-2383
100000033,1157,3151,-1994
100000034,142,1005,-863
100000035,653,1440,-787
100000036,819,1776,-957
100000037,688,447,241
100000038,2391,1099,1292
100000039,326,367,-41
100000040,281,182,99
100000041,1738,574,1164
100000042,1246,501,745
100000043,829,490,339
100000044,313,694,-381
100000045,334,800,-466
100000046,496,720,-224
100000047,226,466,-240
100000048,308,648,-340
100000049,1565,1185,380
100000051,384,598,-214
100000053,80,7,73
100000054,327,36,291
100000055,611,430,181
100000056,437,845,-408
100000057,2481,641,1840
100000058,871,883,-12
100000059,16,297,-281
100000060,558,314,244
100000061,2667,538,2129
100000062,1507,608,899
100000063,1102,287,815
100000064,1452,341,1111
100000065,338,696,-358
100000066,141,527,-386
100000067,280,581,-301
100000068,382,1228,-846
100000069,267,966,-699
100000072,117,526,-409
100000073,918,787,131
100000075,773,199,574
100000076,1313,4548,-3235
100000077,101,408,-307
100000078,17,47,-30
100000079,37,72,-35
100000080,12,61,-49
100000081,89,241,-152
100000102,3177,5658,-2481
100000103,1489,1757,-268
100000104,2682,2898,-216
100000105,1291,2036,-745
100000106,1302,3300,-1998
100000107,196,1614,-1418
100000108,338,1029,-691
100000109,879,1667,-788
100000116,745,901,-156
100000117,99,191,-92
100000118,606,1442,-836
100000119,520,1155,-635
100000121,276,471,-195
100000122,614,1763,-1149
100000123,1443,3346,-1903
100000124,3334,4235,-901
100000125,4631,2378,2253
100000126,541,790,-249
100000127,1102,601,501
100000128,1435,3158,-1723
100000129,320,771,-451
100000130,590,317,273
100000131,1126,2162,-1036
100000132,782,2472,-1690
100000133,2181,1379,802
100000135,678,1639,-961
100000139,211,644,-433
100000140,181,305,-124
100000142,719,601,118
100000143,715,356,359
100000144,1876,598,1278
100000147,1438,4324,-2886
100000150,87,739,-652
100000151,752,2338,-1586
100000153,130,634,-504
100000154,22,525,-503
100000155,14,65,-51
100000156,357,477,-120
100000157,416,250,166
100000158,280,193,87
100000159,83,861,-778
100000165,738,855,-117
100000169,64,1439,-1375
100000174,299,1237,-938
100000179,52,612,-560
100000180,946,3637,-2691
100000181,360,1431,-1071
100000188,61,259,-198
100000189,1003,613,390
100000190,409,1682,-1273
100000191,700,968,-268
100000192,35,100,-65
100000193,250,264,-14
100000330,559,952,-393
100000355,186,1020,-834
100000362,2677,1522,1155
100000363,6311,6203,108
100000364,103,266,-163
100000365,6048,10638,-4590
100000366,2111,1795,316
100000367,4870,7520,-2650
100000368,2969,1100,1869
100000369,674,2618,-1944
100000370,141,1027,-886
100000376,57,200,-143
100000379,1298,1934,-636
100000380,3729,6435,-2706
100000384,5744,6753,-1009
100000385,1549,4155,-2606
100000386,3461,6223,-2762
100000387,2642,5784,-3142
100000388,2723,7437,-4714
100000389,3902,7283,-3381
100000390,4515,7000,-2485
100000391,3356,11997,-8641
100000392,1476,4822,-3346
100000393,1386,6979,-5593
100000394,3858,9049,-5191
100000395,2337,6717,-4380
100000396,3819,3790,29
100000397,2705,9498,-6793
100000398,7190,5764,1426
100900002,29,7,22
100900003,463,286,177
100900004,16,909,-893
100900005,120,26,94
100900006,53,29,24
100900007,160,10,150
100900008,3,360,-357
100900009,66,202,-136
100900010,109,24,85
100900011,264,135,129
100900012,2,65,-63
100900013,1097,11,1086
100900014,8,0,8
100900015,58,96,-38
100900016,5,19,-14
100900017,1215,83,1132
100900018,1,16,-15
100900019,30,129,-99
100900020,354,9,345
100900021,510,4,506
100900022,14,28,-14
100900023,0,37,-37
100900024,328,4,324
100900025,6,10,-4
100900026,194,100,94
100900027,558,2966,-2408
100900028,111,324,-213
100900029,31,9,22
100900030,4,174,-170
100900031,864,73,791
100900032,515,2,513
100900033,186,376,-190
100900034,772,2,770
100900035,204,0,204
100900036,17,7,10
100900037,179,148,31
100900038,99,80,19
100900039,251,273,-22
100900040,616,447,169
100900041,1249,277,972
100900042,1859,2687,-828
100900043,0,23,-23
100900044,1429,566,863
100900045,4,3,1
100900046,1198,19,1179
100900047,628,275,353
100900048,109,49,60
100900049,64,143,-79
100900050,4,19,-15
100900051,74,114,-40
100900052,380,41,339
100900053,760,32,728
100900054,18,38,-20
100900055,237,942,-705
100900056,49,82,-33
100900057,2490,1377,1113
100900058,156,177,-21
100900059,106,3,103
100900060,320,12,308
100900061,211,206,5
100900062,3,9,-6
100900063,367,899,-532
100900064,703,32,671
100900065,98,133,-35
100900066,152,288,-136
100900067,9,6,3
100900068,150,101,49
100900069,276,3,273
100900070,557,14,543
100900071,491,233,258
100900072,7,18,-11
100900073,221,376,-155
100900074,18,11,7
100900075,1822,232,1590
100900076,2,34,-32
100900077,53,36,17
100900078,70,257,-187
100900079,10,13,-3
100900080,81,98,-17
100900081,30,200,-170
100900082,241,249,-8
100900083,15,9,6
100900085,20,573,-553
100900086,74,461,-387
100900088,177,235,-58
100900089,2,3,-1
100900090,114,833,-719
100900091,3,12,-9
100900092,87,180,-93
100900093,429,331,98
100900094,312,144,168
100900095,2,11,-9
100900096,27,164,-137
100900097,0,2,-2
100900098,37,27,10
100900099,27,415,-388
100900100,7,744,-737
100900101,310,46,264
100900102,21,223,-202
100900103,5,20,-15
100900104,3,157,-154
100900105,14,672,-658
100900106,21,3,18
100900107,1849,946,903
100900108,6,109,-103
100900109,10,15,-5
100900110,2,21,-19
100900111,20,204,-184
100900112,7,27,-20
100900113,39,29,10
100900114,14,15,-1
100900115,14,17,-3
100900116,1046,397,649
100900117,364,1505,-1141
100900118,124,180,-56
100900119,13,25,-12
100900120,20,3,17
100900121,436,388,48
100900122,126,150,-24
100900123,118,113,5
100900124,1,2,-1
100900125,7,45,-38
100900126,275,131,144
100900127,7,8,-1
100900128,115,289,-174
100900129,2,306,-304
100900131,41,220,-179
100900133,64,44,20
100900134,1,1,0
100900135,4,452,-448
100900137,280,282,-2
100900138,380,548,-168
100900139,8,6,2
100900140,3,271,-268
100900141,6,754,-748
100900142,2,17,-15
100900143,401,590,-189
100900144,12,7,5
100900145,90,349,-259
100900146,17,69,-52
100900147,8,637,-629
100900148,57,213,-156
100900149,32,314,-282
100900150,5,31,-26
100900151,137,548,-411
100900152,306,3,303
100900153,1,210,-209
100900154,72,236,-164
100900155,22,10,12
100900156,25,9,16
100900157,19,1123,-1104
100900158,478,82,396
100900159,2,48,-46
100900160,26,6,20
100900161,41,20,21
100900162,28,723,-695
100900163,118,108,10
100900164,72,58,14
100900165,16,26,-10
100900166,27,4,23
100900167,17,71,-54
100900168,27,242,-215
100900169,81,808,-727
100900170,43,0,43
100900171,17,364,-347
100900172,0,24,-24
100900173,12,162,-150
100900174,48,25,23
100900176,1671,168,1503
100900177,508,220,288
100900178,259,204,55
100900179,230,413,-183
100900180,4,5,-1
100900181,41,68,-27
100900182,67,36,31
100900184,24,102,-78
100900186,573,380,193
100900187,20,61,-41
100900188,35,26,9
100900189,2916,316,2600
100900191,595,1673,-1078
100900192,199,603,-404
100900195,138,226,-88
100900197,22,47,-25
100900198,39,94,-55
100900199,9,18,-9
100900200,921,302,619
100900201,113,1130,-1017
100900202,32,0,32
100900203,2,400,-398
100900204,111,1222,-1111
100900205,175,669,-494
100900206,340,117,223
100900207,283,222,61
100900210,54,208,-154
100900211,509,150,359
100900213,258,53,205
100900214,428,126,302
100900215,30,68,-38
101000001,1861,2161,-300
101000002,6972,7931,-959
101000003,328,1002,-674
101000004,5962,6354,-392
101000005,4902,5189,-287
101000006,5426,8074,-2648
101000007,3326,4641,-1315
101000008,1946,2009,-63
101000009,2505,820,1685
101000010,1029,565,464
101000011,821,366,455
101000012,498,748,-250
101000013,639,1017,-378
101000014,332,405,-73
101000015,1786,940,846
101000016,312,461,-149
101000017,382,446,-64
101000018,1406,2541,-1135
101000020,1304,801,503
101000021,542,443,99
101000022,193,233,-40
101000023,815,603,212
101000025,302,549,-247
101000026,236,33,203
101000027,2378,3916,-1538
101000028,23,30,-7
101000029,140,1529,-1389
101000030,1214,237,977
101000031,324,1119,-795
101000032,2998,4686,-1688
101000033,1316,3822,-2506
101000034,949,1909,-960
101000035,657,348,309
101000036,1081,1231,-150
101000037,1155,2257,-1102
101000039,1475,3066,-1591
101000040,2201,4128,-1927
101000041,2610,8244,-5634
101000042,198,1312,-1114
101000043,3304,8693,-5389
101000045,444,997,-553
101000046,1295,2399,-1104
101000047,1260,5886,-4626
101000048,429,415,14
101000049,536,2199,-1663
101000050,1153,2439,-1286
101000051,798,3078,-2280
101000052,1125,1638,-513
101000053,687,1201,-514
101000054,1714,998,716
101000055,1067,1607,-540
101000056,43,118,-75
101000057,853,1832,-979
101000058,682,1291,-609
101000059,1457,2208,-751
101000060,1601,941,660
101000061,665,1715,-1050
101000062,342,709,-367
101000063,317,1544,-1227
101000064,555,1146,-591
101000065,244,863,-619
101000066,554,1468,-914
101000067,654,1189,-535
101000068,171,504,-333
101000069,160,85,75
101000070,656,922,-266
101000071,2682,1005,1677
101000072,583,3415,-2832
101000073,626,1466,-840
101000074,2805,4998,-2193
101000075,1915,5406,-3491
101000077,1670,1587,83
101000078,685,1287,-602
101000079,1151,1172,-21
101000080,983,1136,-153
101000081,1755,1556,199
101000082,2187,2304,-117
101000083,3305,2452,853
101000084,1096,591,505
101000085,1411,1117,294
101000086,948,1187,-239
101000087,779,854,-75
101000088,1373,1116,257
101000089,1029,1571,-542
101000090,1727,1015,712
101000091,497,500,-3
101000092,1504,555,949
101000093,1552,662,890
101000094,1140,950,190
101000095,542,551,-9
101000096,567,404,163
101000097,448,655,-207
101000098,308,790,-482
101000099,665,1130,-465
101000100,710,997,-287
101000101,250,487,-237
101000102,659,908,-249
101000103,692,773,-81
101000104,349,911,-562
101000105,171,482,-311
101000106,426,1546,-1120
101000107,295,440,-145
101000108,530,141,389
101000109,586,99,487
101000110,50,199,-149
101000111,47,209,-162
101000113,170,812,-642
101000114,4225,10636,-6411
101000115,13,15,-2
101000116,58,30,28
101000117,1159,192,967
101000119,62,75,-13
101000120,146,98,48
101000121,61,77,-16
101000122,118,128,-10
101000123,58,167,-109
101000124,899,602,297
101000125,105,233,-128
101000128,287,964,-677
101000130,148,239,-91
101000131,1118,342,776
101000132,1047,687,360
101000135,31,38,-7
101000136,257,270,-13
101000137,27,500,-473
101000141,742,3930,-3188
101000147,572,324,248
101000148,563,35,528
101000149,108,232,-124
101000150,142,264,-122
101000151,415,66,349
101000152,240,286,-46
101000153,306,160,146
101000154,326,502,-176
101000155,582,224,358
101000156,17,453,-436
101000157,83,57,26
101000160,20,8,12
101000163,142,523,-381
101000164,288,179,109
101000165,358,353,5
101000166,276,225,51
101000168,891,430,461
101000252,2786,955,1831
101000254,73,71,2
101000258,103,7,96
101000261,106,71,35
101000262,1240,4177,-2937
101000263,317,1356,-1039
101000265,51,745,-694
101000266,325,387,-62
101000269,18,16,2
101000290,576,2694,-2118
101000293,28,43,-15
101000294,672,533,139
101000295,170,254,-84
101000301,248,642,-394
101000304,1894,2761,-867
101000305,2291,986,1305
101900001,20,38,-18
101900002,0,15,-15
101900003,22,96,-74
101900004,4,50,-46
101900005,1543,3639,-2096
101900006,1544,93,1451
101900007,627,235,392
101900008,54,198,-144
101900009,41,345,-304
101900010,510,743,-233
101900011,108,963,-855
101900012,344,94,250
101900013,363,135,228
101900017,11,111,-100
101900018,346,188,158
101900019,92,121,-29
101900020,323,186,137
101900021,2,73,-71
101900022,222,407,-185
101900023,190,106,84
102000001,2884,5336,-2452
102000002,2352,710,1642
102000003,2099,7051,-4952
102000004,3007,2388,619
102000005,1074,3152,-2078
102000006,745,1520,-775
102000007,1726,4763,-3037
102000008,3322,1442,1880
102000009,6681,9083,-2402
102000010,3437,2809,628
102000011,4153,3454,699
102000012,2679,2578,101
102000018,2598,2847,-249
102000019,2131,1866,265
102000026,222,395,-173
102000029,192,158,34
102000030,111,325,-214
102000031,69,92,-23
102000032,690,310,380
102000033,298,343,-45
102000034,435,516,-81
102000035,1259,650,609
102000036,18,240,-222
102000037,191,38,153
102000038,125,486,-361
102000039,123,138,-15
102000040,230,451,-221
102000041,129,609,-480
102000042,79,505,-426
102000043,89,306,-217
102000044,260,779,-519
102000045,515,694,-179
102000046,1202,671,531
102000047,708,831,-123
102000048,501,790,-289
102000049,913,922,-9
102000050,985,1067,-82
102000051,352,759,-407
102000052,988,786,202
102000053,904,1164,-260
102000054,929,1041,-112
102000055,1583,320,1263
102000056,1290,368,922
102000057,1368,485,883
102000058,1086,868,218
102000059,1153,1011,142
102000060,868,789,79
102000061,1637,1247,390
102000062,2107,921,1186
102000063,838,992,-154
102000064,478,545,-67
102000065,58,132,-74
102000066,796,603,193
102000067,2649,2770,-121
102000068,9550,3039,6511
102000069,92,2478,-2386
102000070,1473,37,1436
102000071,6007,8167,-2160
102000072,2989,4099,-1110
102000073,688,1020,-332
102000074,497,1492,-995
102000075,202,320,-118
102000076,225,222,3
102000077,830,532,298
102000078,1226,381,845
102000079,177,207,-30
102000080,243,153,90
102000081,272,793,-521
102000082,708,356,352
102000083,877,281,596
102000084,582,162,420
102000085,2220,793,1427
102000086,1300,744,556
102000087,843,1297,-454
102000088,199,307,-108
102000089,1350,365,985
102000090,348,1094,-746
102000091,1079,513,566
102000092,268,489,-221
102000093,603,573,30
102000094,501,540,-39
102000095,800,1196,-396
102000096,554,767,-213
102000097,616,588,28
102000098,401,705,-304
102000099,801,972,-171
102000100,303,945,-642
102000101,404,630,-226
102000102,316,922,-606
102000103,1945,332,1613
102000104,657,314,343
102000105,233,488,-255
102000106,838,553,285
102000107,1874,411,1463
102000108,560,178,382
102000109,573,366,207
102000110,1433,477,956
102000111,13,260,-247
102000112,111,103,8
102000113,3,34,-31
102000114,517,334,183
102000115,269,342,-73
102000116,347,520,-173
102000117,121,616,-495
102000118,805,1564,-759
102000119,1113,1353,-240
102000120,254,456,-202
102000121,925,532,393
102000122,784,898,-114
102000123,1197,1289,-92
102000124,1514,1239,275
102000125,615,844,-229
102000126,663,798,-135
102000127,1309,703,606
102000128,862,781,81
102000129,1661,500,1161
102000130,749,925,-176
102000131,2485,867,1618
102000132,997,1411,-414
102000133,3141,1627,1514
102000134,1011,722,289
102000135,843,849,-6
102000136,1304,694,610
102000137,378,1293,-915
102000138,166,344,-178
102000139,58,541,-483
102000140,130,861,-731
102000141,220,999,-779
102000142,399,241,158
102000143,248,219,29
102000144,484,232,252
102000145,453,365,88
102000146,398,322,76
102000147,618,472,146
102000148,287,596,-309
102000149,189,185,4
102000150,772,97,675
102000151,107,137,-30
102000152,212,135,77
102000153,1000,617,383
102000154,132,385,-253
102000155,61,455,-394
102000156,220,221,-1
102000157,86,598,-512
102000158,154,261,-107
102000159,900,901,-1
102000161,2015,2097,-82
102000162,134,147,-13
102000163,65,411,-346
102000164,501,915,-414
102000165,188,162,26
102000166,50,155,-105
102000167,253,336,-83
102000168,334,229,105
102000169,92,564,-472
102000170,452,210,242
102000171,97,274,-177
102000172,33,609,-576
102000173,445,359,86
102000174,83,59,24
102000175,78,71,7
102000176,70,33,37
102000178,306,234,72
102000179,409,192,217
102000180,1095,304,791
102000181,994,346,648
102000182,670,380,290
102000183,2155,1119,1036
102000184,2203,507,1696
102000185,3141,873,2268
102000186,1685,1049,636
102000187,999,896,103
102000188,1262,1199,63
102000189,1602,465,1137
102000190,533,2457,-1924
102000191,1030,418,612
102000192,1587,1702,-115
102000193,73,75,-2
102000194,60,123,-63
102000195,472,328,144
102000196,297,206,91
102000197,975,226,749
102000198,217,457,-240
102000199,1427,190,1237
102000200,406,488,-82
102000201,1691,334,1357
102000202,5,86,-81
102000203,427,115,312
102000204,686,453,233
102000205,1570,313,1257
102000206,693,272,421
102000207,719,467,252
102000208,356,343,13
102000209,77,47,30
102000210,521,264,257
102000211,613,257,356
102000212,449,13,436
102000213,6,174,-168
102000214,518,19,499
102000215,6,141,-135
102000216,61,100,-39
102000217,4,51,-47
102000218,253,213,40
102000219,197,173,24
102000225,312,560,-248
102000226,596,839,-243
102000227,175,1,174
102000228,0,42,-42
102000229,53,39,14
102000230,350,306,44
102000231,239,330,-91
102000232,37,164,-127
102000233,455,477,-22
102000234,107,880,-773
102000236,203,88,115
102000237,386,159,227
102000238,160,251,-91
102000240,341,823,-482
102000241,163,117,46
102000243,23,28,-5
102000245,7,70,-63
102000246,3,42,-39
102000247,148,299,-151
102000248,165,543,-378
102000249,147,92,55
102000250,69,203,-134
102000254,240,115,125
102000266,5,615,-610
102000271,31,0,31
102000286,370,243,127
102000297,1831,1093,738
102000300,0,0,0
102000301,0,0,0
102000305,0,0,0
102000306,0,0,0
102000307,0,5,-5
102000308,0,0,0
102900001,1504,577,927
102900002,292,56,236
102900003,113,126,-13
102900005,452,209,243
102900006,534,68,466
102900007,633,17,616
102900008,242,40,202
102900009,525,477,48
102900010,184,1043,-859
102900011,1155,530,625
102900012,365,49,316
102900013,62,59,3
102900015,515,471,44
102900016,79,25,54
102900017,296,178,118
102900018,71,55,16
102900019,446,507,-61
102900020,169,27,142
102900021,38,66,-28
102900022,211,190,21
102900023,29,79,-50
102900024,54,46,8
102900025,155,81,74
102900026,363,2191,-1828
102900027,108,69,39
102900028,204,878,-674
102900029,118,239,-121
102900030,366,386,-20
102900031,305,128,177
102900032,130,102,28
102900033,121,146,-25
102900034,586,62,524
102900035,196,236,-40
102900036,344,218,126
102900037,500,216,284
102900038,439,236,203
102900039,26,547,-521
102900040,285,240,45
102900041,124,75,49
102900042,299,182,117
102900043,206,136,70
102900044,537,1273,-736
102900045,174,398,-224
102900046,227,179,48
102900047,163,517,-354
102900048,467,263,204
102900049,106,356,-250
102900050,165,277,-112
102900051,206,182,24
102900052,61,67,-6
102900053,309,524,-215
102900054,387,1331,-944
102900055,210,275,-65
102900056,91,339,-248
102900057,10,71,-61
102900058,479,61,418
102900059,33,37,-4
102900060,138,346,-208
102900061,236,385,-149
102900062,472,444,28
102900063,1684,408,1276
102900064,122,378,-256
102900065,921,330,591
102900066,329,20,309
102900068,69,139,-70
102900070,245,481,-236
102900072,19,50,-31
102900073,115,18,97
102900074,177,216,-39
102900075,18,81,-63
102900076,67,162,-95
102900077,39,22,17
102900078,19,44,-25
102900079,237,12,225
102900080,519,53,466
102900081,83,294,-211
102900082,8,229,-221
102900083,107,11,96
102900084,10,40,-30
102900085,314,117,197
102900086,19,140,-121
102900087,118,215,-97
102900088,59,39,20
102900089,177,134,43
102900090,0,144,-144
102900091,162,4,158
102900092,531,261,270
102900093,344,154,190
102900094,5,160,-155
102900095,136,0,136
102900096,100,12,88
102900097,94,90,4
103000001,2043,1963,80
103000002,2161,2256,-95
103000003,2775,2597,178
103000004,642,553,89
103000005,1744,3092,-1348
103000006,945,1659,-714
103000007,421,525,-104
103000008,1070,595,475
103000009,1655,1165,490
103000010,122,77,45
103000011,1394,963,431
103000012,1587,1644,-57
103000013,2450,1609,841
103000014,1362,2748,-1386
103000015,1338,584,754
103000016,491,1403,-912
103000017,268,462,-194
103000018,663,345,318
103000019,419,431,-12
103000020,1676,1318,358
103000021,1753,2374,-621
103000022,592,945,-353
103000023,741,2045,-1304
103000024,70,59,11
103000025,132,789,-657
103000026,525,136,389
103000027,244,548,-304
103000028,146,268,-122
103000029,125,237,-112
103000030,1249,1382,-133
103000031,787,2286,-1499
103000032,2005,1448,557
103000033,2855,2693,162
103000034,1077,927,150
103000035,398,1410,-1012
103000036,265,348,-83
103000037,372,403,-31
103000038,620,1225,-605
103000039,714,241,473
103000040,652,491,161
103000041,1852,1323,529
103000042,1738,313,1425
103000043,970,518,452
103000044,361,126,235
103000046,387,388,-1
103000047,734,319,415
103000048,308,157,151
103000049,102,80,22
103000050,691,248,443
103000051,725,508,217
103000052,630,247,383
103000053,205,448,-243
103000054,2319,1084,1235
103000055,1930,1781,149
103000056,802,810,-8
103000057,1102,147,955
103000058,768,619,149
103000059,723,648,75
103000060,839,363,476
103000061,537,759,-222
103000062,1056,354,702
103000063,936,846,90
103000064,156,135,21
103000065,6,234,-228
103000066,220,8,212
103000069,417,136,281
103000070,900,547,353
103000071,1469,513,956
103000072,159,440,-281
103000073,900,121,779
103000074,1006,120,886
103000075,174,599,-425
103000076,456,617,-161
103000077,27,278,-251
103000078,801,981,-180
103000079,456,644,-188
103000080,643,414,229
103000081,335,881,-546
103000082,478,189,289
103000083,117,282,-165
103000084,95,9,86
103000085,2,78,-76
103000086,420,499,-79
103000087,290,532,-242
103000088,231,300,-69
103000089,254,580,-326
103000090,3757,992,2765
103000091,847,525,322
103000092,268,273,-5
103000093,282,504,-222
103000094,222,130,92
103000095,105,315,-210
103000096,559,69,490
103000097,113,609,-496
103000098,626,149,477
103000099,174,565,-391
103000100,242,435,-193
103000101,1071,125,946
103000102,173,345,-172
103000103,810,151,659
103000104,124,81,43
103000105,253,57,196
103000106,30,147,-117
103000107,266,66,200
103000108,920,701,219
103000109,575,477,98
103000110,538,536,2
103000111,420,498,-78
103000112,275,284,-9
103000113,509,739,-230
103000114,1553,801,752
103000115,762,451,311
103000116,803,339,464
103000117,437,368,69
103000118,470,393,77
103000119,797,277,520
103000120,49,121,-72
103000121,96,198,-102
103000122,310,332,-22
103000125,52,105,-53
103000126,803,0,803
103000127,2,102,-100
103000128,204,5,199
103000129,7,118,-111
103000130,109,32,77
103000131,104,112,-8
103000132,57,106,-49
103000133,36,57,-21
103000134,283,951,-668
103000135,572,183,389
103000136,458,443,15
103000137,411,615,-204
103000138,523,738,-215
103000139,0,78,-78
103000140,141,33,108
103000141,31,117,-86
103000142,99,67,32
103000143,90,132,-42
103000144,226,64,162
103000145,32,152,-120
103000150,99,45,54
103000152,161,201,-40
103000153,169,143,26
103000156,21,160,-139
103000157,477,1,476
103000159,132,48,84
103000162,41,15,26
103000163,11,12,-1
103000164,1,5,-4
103000165,98,133,-35
103000166,299,308,-9
103000167,213,112,101
103000168,158,122,36
103000169,204,482,-278
103000170,1186,225,961
103000171,36,126,-90
103000172,1086,407,679
103000173,932,140,792
103000174,280,204,76
103000175,351,140,211
103000176,778,779,-1
103000177,376,471,-95
103000178,148,321,-173
103000179,233,33,200
103000183,292,18,274
103000185,184,47,137
103000186,233,83,150
103000187,978,161,817
103000188,28,151,-123
103000189,711,502,209
103000191,522,616,-94
103000292,565,1796,-1231
103000293,658,3026,-2368
103000295,93,194,-101
103000296,191,3,188
103000297,8,113,-105
103000504,180,19,161
103000505,3,61,-58
103000506,4,88,-84
103000507,238,1,237
103000508,71,108,-37
103000509,264,412,-148
103900001,2,46,-44
103900002,734,117,617
103900003,1116,136,980
103900004,234,2,232
103900005,7,73,-66
103900006,6,2,4
103900007,49,10,39
103900008,19,1,18
103900009,456,461,-5
103900010,215,250,-35
103900011,471,94,377
103900012,16,25,-9
103900013,135,34,101
103900014,91,10,81
103900015,93,7,86
103900016,212,109,103
103900017,45,62,-17
103900018,286,114,172
103900019,54,436,-382
103900020,178,611,-433
103900021,102,18,84
103900022,878,401,477
103900023,220,2,218
103900024,84,381,-297
103900025,13,40,-27
103900026,9,0,9
103900027,558,201,357
103900028,25,282,-257
103900029,1050,129,921
103900030,476,164,312
103900031,64,0,64
103900032,101,87,14
103900033,83,30,53
103900034,38,61,-23
103900035,56,32,24
103900036,73,76,-3
103900037,113,116,-3
103900038,98,222,-124
103900039,145,127,18
103900040,5,76,-71
103900041,95,78,17
103900042,139,114,25
103900043,333,28,305
103900044,69,521,-452
103900045,411,151,260
103900047,136,13,123
103900048,50,96,-46
103900049,104,1067,-963
103900050,39,203,-164
103900051,2,78,-76
103900052,245,218,27
103900053,279,240,39
103900054,187,203,-16
103900055,506,172,334
103900056,47,42,5
103900057,101,82,19
103900058,395,266,129
103900059,0,31,-31
103900060,67,63,4
103900061,275,41,234
103900062,641,145,496
103900063,1,0,1
103900064,165,8,157
103900065,438,318,120
103900066,245,73,172
103900067,286,18,268
103900068,5,0,5
103900069,96,20,76
103900070,123,149,-26
103900071,12,55,-43
103900072,29,82,-53
103900073,36,82,-46
103900074,93,38,55
103900075,135,41,94
103900076,729,297,432
103900077,42,204,-162
103900078,377,79,298
103900079,161,173,-12
103900080,4,24,-20
103900081,31,42,-11
103900082,20,142,-122
103900083,873,1451,-578
103900084,119,233,-114
103900085,58,158,-100
103900086,1088,415,673
103900087,51,77,-26
103900088,271,601,-330
103900089,81,99,-18
103900090,0,35,-35
103900091,763,149,614
103900092,608,400,208
103900093,69,305,-236
103900094,22,47,-25
103900095,273,196,77
103900096,67,91,-24
103900097,10,413,-403
103900098,344,166,178
103900099,209,72,137
103900100,386,131,255
103900101,85,715,-630
103900102,0,33,-33
103900104,0,23,-23
103900105,30,110,-80
103900106,0,47,-47
103900107,193,62,131
103900108,53,135,-82
103900109,169,34,135
103900110,350,41,309
103900111,225,250,-25
103900112,123,196,-73
103900113,118,258,-140
103900114,352,166,186
103900115,216,242,-26
103900116,1673,2241,-568
103900117,119,53,66
103900119,45,96,-51
103900120,41,69,-28
103900122,200,85,115
103900123,529,524,5
103900124,60,25,35
103900125,93,49,44
103900126,731,174,557
103900127,275,268,7
103900128,214,64,150
103900131,20,41,-21
103900133,1155,42,1113
103900134,0,16,-16
103900135,3,3,0
103900137,0,8,-8
103900138,335,46,289
103900139,179,3171,-2992
103900140,2,318,-316
103900141,187,71,116
103900142,286,72,214
103900143,266,1,265
103900144,0,9,-9
103900145,155,287,-132
103900146,272,193,79
103900147,448,132,316
103900148,376,181,195
103900149,514,252,262
103900150,3631,5537,-1906
103900151,42,189,-147
103900152,1022,193,829
103900153,14,9,5
103900154,400,1881,-1481
103900155,79,95,-16
103900156,177,80,97
103900157,90,70,20
103900158,202,52,150
103900159,242,37,205
103900160,74,52,22
103900161,86,201,-115
103900162,64,93,-29
103900163,21,319,-298
103900164,294,14,280
103900167,22,142,-120
103900168,190,59,131
103900169,53,109,-56
103900170,1,63,-62
103900171,1,32,-31
103900172,2,10,-8
103900173,13,14,-1
103900174,353,55,298
103900175,26,83,-57
103900176,2,43,-41
103900177,20,41,-21
103900178,108,24,84
103900179,97,36,61
103900180,41,45,-4
103900181,38,34,4
103900182,8,21,-13
103900184,187,153,34
103900185,74,655,-581
103900187,12,120,-108
103900188,74,42,32
103900189,133,6,127
103900190,90,71,19
103900191,33,57,-24
103900192,121,143,-22
103900193,66,112,-46
103900194,108,156,-48
103900195,9,138,-129
103900196,61,85,-24
103900197,41,27,14
103900198,11,40,-29
103900199,138,50,88
103900200,169,70,99
103900201,85,151,-66
103900202,10,69,-59
103900203,67,27,40
103900204,0,36,-36
103900207,1,53,-52
103900208,142,1,141
103900209,3,86,-83
103900210,59,33,26
103900211,817,289,528
103900212,236,165,71
103900213,22,189,-167
103900214,190,196,-6
103900215,148,241,-93
103900216,12,343,-331
103900217,257,26,231
103900218,2,255,-253
103900219,169,96,73
103900233,119,12,107
103900235,13,81,-68
103900236,5,13,-8
103900242,1,8,-7
103900243,3,1,2
103900244,160,87,73
103900245,118,101,17
103900246,28,33,-5
103900247,16,36,-20
103900248,1,43,-42
103900249,2,50,-48
103900250,14,20,-6
103900251,1,23,-22
103900253,24,48,-24
103900254,3,12,-9
103900255,2,8,-6
103900256,5,5,0
103900257,18,94,-76
103900258,15,2,13
103900259,25,4,21
103900261,24,1,23
103900262,13,0,13
103900263,22,48,-26
103900264,20,8,12
103900265,9,4,5
103900266,3,168,-165
103900267,3,38,-35
104000001,2838,2140,698
104000002,1582,1774,-192
104000003,2309,1848,461
104000004,2131,2104,27
104000005,1958,1840,118
104000006,3237,2153,1084
104000007,3590,3283,307
104000008,168,147,21
104000009,264,139,125
104000010,198,315,-117
104000011,267,149,118
104000012,130,202,-72
104000013,375,273,102
104000014,254,432,-178
104000015,477,190,287
104000016,453,261,192
104000018,805,231,574
104000019,664,270,394
104000020,142,371,-229
104000021,222,268,-46
104000022,122,203,-81
104000023,1000,378,622
104000024,229,260,-31
104000026,62,241,-179
104000027,201,149,52
104000028,459,226,233
104000029,365,218,147
104000030,366,243,123
104000031,1472,341,1131
104000032,182,228,-46
104000033,738,462,276
104000034,359,218,141
104000035,1146,377,769
104000036,1128,404,724
104000037,299,131,168
104000038,537,256,281
104000039,213,106,107
104000040,138,303,-165
104000041,498,290,208
104000042,170,210,-40
104000043,153,219,-66
104000044,178,295,-117
104000045,874,694,180
104000046,712,898,-186
104000047,501,757,-256
104000048,917,833,84
104000049,610,352,258
104000050,155,631,-476
104000051,127,483,-356
104000052,1693,1504,189
104000053,887,382,505
104000054,533,186,347
104000055,3168,1995,1173
104000056,758,231,527
104000057,161,216,-55
104000058,645,601,44
104000059,614,883,-269
104000060,1298,1390,-92
104000061,1178,984,194
104000062,412,92,320
104000064,547,253,294
104000065,201,634,-433
104000069,511,1133,-622
104000070,49,446,-397
104000071,109,250,-141
104000072,536,155,381
104000075,166,257,-91
104000076,368,70,298
104000082,2095,3370,-1275
104000083,716,204,512
104000084,82,464,-382
104000085,375,292,83
104000086,239,395,-156
104000087,341,1844,-1503
104000090,923,721,202
104000092,1702,969,733
104000094,808,836,-28
104000095,1775,967,808
104000096,2036,58,1978
104000097,2097,475,1622
104000098,2899,558,2341
104000100,2147,593,1554
104000101,1196,1089,107
104000106,35,579,-544
104000107,569,205,364
104000108,192,316,-124
104000109,373,214,159
104000110,688,990,-302
104000111,2286,2829,-543
104000112,758,463,295
104000116,2,486,-484
104000117,176,328,-152
104000118,1014,151,863
104000119,799,296,503
104000120,255,405,-150
104000121,251,568,-317
104000122,831,684,147
104000123,687,519,168
104000124,523,1213,-690
104000125,2029,4864,-2835
104000126,552,556,-4
104000127,1089,1471,-382
104000128,523,225,298
104000129,38,2,36
104000130,2,327,-325
104000131,245,254,-9
104000132,351,307,44
104000133,1381,683,698
104000134,936,1605,-669
104000135,472,1748,-1276
104000136,703,3242,-2539
104000137,1625,353,1272
104000138,898,364,534
104000139,3003,2213,790
104000141,763,858,-95
104000142,610,369,241
104000143,695,280,415
104000144,131,182,-51
104000145,350,209,141
104000146,157,374,-217
104000147,119,277,-158
104000148,480,184,296
104000149,165,179,-14
104000150,1106,572,534
104000151,267,244,23
104000152,594,374,220
104000153,909,711,198
104000154,651,332,319
104000155,444,701,-257
104000157,947,989,-42
104000158,135,553,-418
104000159,978,516,462
104000160,1600,1967,-367
104000161,201,226,-25
104000162,71,130,-59
104000165,492,689,-197
104000167,736,1237,-501
104000168,697,14,683
104000169,177,75,102
104000170,168,417,-249
104000248,388,394,-6
104000251,31,121,-90
104000272,0,0,0
104000273,0,0,0
104000274,0,0,0
104000275,0,0,0
104000279,622,436,186
104000290,85,257,-172
104000291,465,916,-451
104000293,963,831,132
104000294,105,4,101
104000295,664,642,22
104000296,494,507,-13
104000297,694,1675,-981
104000298,2060,805,1255
104000299,611,1050,-439
104900001,128,224,-96
104900002,71,225,-154
104900003,96,203,-107
104900004,143,112,31
104900005,417,289,128
104900006,442,81,361
104900007,358,200,158
104900009,166,174,-8
104900010,77,60,17
104900011,16,22,-6
104900012,244,57,187
104900013,129,16,113
104900014,1681,344,1337
104900015,119,12,107
104900016,319,169,150
104900017,224,103,121
104900018,3,126,-123
104900019,209,4122,-3913
104900020,16,166,-150
104900021,1,49,-48
104900022,18,86,-68
104900023,0,35,-35
104900024,36,78,-42
104900025,76,171,-95
104900026,0,42,-42
104900027,712,353,359
104900028,15,67,-52
104900029,17,48,-31
104900030,516,207,309
104900031,41,221,-180
104900032,48,65,-17
104900033,237,290,-53
104900034,456,148,308
104900035,557,205,352
104900036,339,55,284
104900037,146,113,33
104900038,157,985,-828
104900039,482,650,-168
104900040,504,88,416
104900041,307,191,116
104900042,153,165,-12
104900043,19,270,-251
104900044,903,145,758
104900045,389,72,317
104900046,295,70,225
104900047,503,72,431
104900048,420,85,335
104900049,45,48,-3
104900050,354,75,279
104900051,301,35,266
104900052,154,6,148
104900053,499,111,388
104900054,251,23,228
104900055,233,1,232
104900056,133,21,112
104900057,38,2,36
104900058,567,1081,-514
104900059,115,78,37
104900060,5,483,-478
104900061,184,278,-94
104900063,0,128,-128
104900064,1,122,-121
104900065,4,236,-232
104900066,1,80,-79
104900067,10,327,-317
104900068,33,160,-127
104900070,158,224,-66
104900071,0,323,-323
104900072,66,220,-154
104900073,105,90,15
104900074,94,211,-117
104900075,107,30,77
104900076,183,227,-44
104900077,559,311,248
104900078,253,239,14
104900079,148,574,-426
104900080,124,367,-243
104900082,8,290,-282
104900085,2,152,-150
104900087,310,10,300
104900089,333,4,329
104900090,1217,1035,182
104900091,504,505,-1
104900093,243,279,-36
104900097,1673,2585,-912
104900098,286,50,236
104900099,80,656,-576
104900100,263,168,95
104900102,46,106,-60
104900103,385,47,338
104900104,2080,2302,-222
104900106,169,136,33
104900107,112,164,-52
104900108,90,146,-56
104900109,108,140,-32
104900110,7,37,-30
104900111,370,103,267
104900112,274,278,-4
104900113,843,264,579
104900114,561,267,294
104900115,921,234,687
104900116,405,93,312
104900118,38,29,9
104900119,1,36,-35
104900120,13,309,-296
104900121,0,35,-35
104900122,3,34,-31
104900123,143,43,100
104900124,62,0,62
104900125,474,11,463
104900126,49,22,27
104900127,28,52,-24
104900128,81,154,-73
104900129,1054,2810,-1756
105000001,3013,1317,1696
105000002,2415,1500,915
105000003,3022,3681,-659
105000004,644,742,-98
105000005,1399,1198,201
105000006,1566,1757,-191
105000007,1703,2084,-381
105000008,1173,4458,-3285
105000009,3087,3374,-287
105000010,2624,1106,1518
105000011,4198,3157,1041
105000012,2858,1895,963
105000013,1159,1334,-175
105000014,2659,3519,-860
105000015,9551,16068,-6517
105000016,1234,1333,-99
105000017,1333,673,660
105000018,867,1564,-697
105000019,778,928,-150
105000020,120,520,-400
105000021,179,84,95
105000022,210,217,-7
105000023,525,204,321
105000028,55,73,-18
105000029,552,1775,-1223
105000030,2851,1849,1002
105000033,822,1218,-396
105000034,148,1113,-965
105000037,525,227,298
105000038,1599,1811,-212
105000039,1600,1080,520
105000040,1169,1629,-460
105000041,451,924,-473
105000042,2477,1720,757
105000043,923,1642,-719
105000044,1536,601,935
105000045,496,572,-76
105000046,1320,429,891
105000047,441,513,-72
105000048,659,237,422
105000049,204,317,-113
105000050,685,349,336
105000051,159,242,-83
105000052,541,717,-176
105000053,89,107,-18
105000054,504,772,-268
105000055,841,295,546
105000056,1801,1504,297
105000057,1217,627,590
105000058,1011,773,238
105000059,876,481,395
105000060,428,362,66
105000061,866,454,412
105000062,456,505,-49
105000063,288,273,15
105000064,2269,649,1620
105000065,354,359,-5
105000066,873,925,-52
105000067,1691,694,997
105000068,312,705,-393
105000069,1227,2354,-1127
105000070,386,1098,-712
105000071,220,1407,-1187
105000072,803,2752,-1949
105000073,1028,801,227
105000074,738,440,298
105000075,445,622,-177
105000076,981,757,224
105000077,1661,1162,499
105000078,931,1297,-366
105000079,989,3011,-2022
105000080,1984,1904,80
105000081,2024,1406,618
105000082,848,2547,-1699
105000083,2956,4293,-1337
105000084,569,669,-100
105000085,1962,2481,-519
105000086,773,712,61
105000087,1154,1414,-260
105000088,1245,1749,-504
105000089,2058,1464,594
105000090,772,531,241
105000091,937,1065,-128
105000092,551,787,-236
105000093,277,416,-139
105000094,252,226,26
105000095,97,421,-324
105000096,1068,1446,-378
105000097,608,679,-71
105000098,1077,632,445
105000099,658,624,34
105000100,1737,999,738
105000101,1886,1437,449
105000102,1700,1289,411
105000103,967,2187,-1220
105000104,2424,1209,1215
105000105,941,1585,-644
105000106,1607,1310,297
105000107,2131,971,1160
105000108,2364,1347,1017
105000109,2132,1142,990
105000110,950,436,514
105000111,967,452,515
105000112,1234,492,742
105000113,426,656,-230
105000114,1598,1364,234
105000115,304,1193,-889
105000116,1134,535,599
105000117,747,419,328
105000118,1071,594,477
105000119,675,571,104
105000120,1719,629,1090
105000121,812,755,57
105000122,481,648,-167
105000123,723,683,40
105000124,2403,642,1761
105000125,841,1089,-248
105000126,2504,1065,1439
105000127,2368,1225,1143
105000128,881,812,69
105000129,933,234,699
105000130,315,3628,-3313
105000131,784,241,543
105000132,1246,774,472
105000133,663,783,-120
105000134,1203,555,648
105000135,365,332,33
105000136,49,56,-7
105000137,443,163,280
105000138,31,78,-47
105000139,895,529,366
105000140,416,411,5
105000141,329,303,26
105000142,266,394,-128
105000143,156,372,-216
105000144,302,487,-185
105000145,881,268,613
105000146,377,559,-182
105000147,718,298,420
105000148,1040,551,489
105000149,2992,2120,872
105000150,1338,874,464
105000151,597,335,262
105000152,175,395,-220
105000153,671,557,114
105000154,612,386,226
105000155,310,779,-469
105000156,475,452,23
105000157,758,1098,-340
105000158,2109,792,1317
105000159,272,804,-532
105000160,2521,683,1838
105000161,686,1272,-586
105000162,705,2009,-1304
105000163,947,779,168
105000164,165,265,-100
105000165,607,6568,-5961
105000166,4026,1519,2507
105000167,1190,2357,-1167
105000168,488,332,156
105000169,741,187,554
105000170,303,1047,-744
105000171,1115,204,911
105000172,156,28,128
105000173,320,42,278
105000174,101,43,58
105000175,142,68,74
105000176,627,60,567
105000177,449,172,277
105000178,316,309,7
105000179,1065,104,961
105000180,233,75,158
105000181,251,165,86
105000182,55,27,28
105000183,1467,2343,-876
105000184,955,950,5
105000185,1005,1201,-196
105000186,465,588,-123
105000187,897,258,639
105000188,186,220,-34
105000189,154,449,-295
105000190,276,276,0
105000191,354,227,127
105000192,391,78,313
105000193,71,131,-60
105000194,527,110,417
105000195,388,710,-322
105000196,59,179,-120
105000197,213,455,-242
105000198,344,256,88
105000199,90,442,-352
105000200,120,461,-341
105000201,85,46,39
105000203,16,105,-89
105000204,66,59,7
105000205,67,112,-45
105000207,245,146,99
105000208,209,726,-517
105000209,110,182,-72
105000212,1170,638,532
105000213,116,206,-90
105000214,177,163,14
105000215,475,145,330
105000216,155,119,36
105000217,211,163,48
105000218,1841,983,858
105000221,183,140,43
105000222,381,48,333
105000223,282,121,161
105000226,106,153,-47
105000227,99,140,-41
105000228,146,2266,-2120
105000229,134,635,-501
105000231,411,344,67
105000233,930,803,127
105000234,468,709,-241
105000235,519,482,37
105000237,937,71,866
105000243,37,74,-37
105000248,51,84,-33
105000262,458,605,-147
105000269,190,189,1
105000270,647,29,618
105000271,2,110,-108
105000282,51,34,17
105000287,319,118,201
105000288,781,435,346
105000289,1230,2005,-775
105000290,21,4,17
105000402,2410,4373,-1963
105000426,261,781,-520
105000438,2264,1587,677
105000446,6827,4288,2539
105000447,3033,1785,1248
105000454,868,94,774
105000455,161,105,56
105000474,44,1,43
105000477,729,636,93
105000478,2281,5821,-3540
105000479,136,106,30
105000480,6373,8091,-1718
105000481,4311,3881,430
105000482,2997,5209,-2212
105000483,1706,3041,-1335
105000484,1382,2191,-809
105000485,1251,3447,-2196
105000486,1678,2211,-533
105000488,5508,3033,2475
105000489,1151,658,493
105000549,71,104,-33
105000550,350,1064,-714
105000551,22,71,-49
105000552,1384,975,409
105900001,6,1820,-1814
105900002,712,848,-136
105900003,7,99,-92
105900004,133,82,51
105900005,23,159,-136
105900006,15,167,-152
105900007,72,50,22
105900008,106,340,-234
105900009,20,17,3
105900011,126,24,102
105900012,490,84,406
105900013,2,47,-45
105900014,18,87,-69
105900015,97,395,-298
105900016,681,377,304
105900017,1876,38,1838
105900018,245,154,91
105900019,76,358,-282
105900020,87,46,41
105900021,25,310,-285
105900022,287,200,87
105900023,17,130,-113
105900024,7,265,-258
105900025,366,18,348
105900026,218,9,209
105900027,12244,6760,5484
105900028,347,319,28
105900029,1769,408,1361
105900030,169,242,-73
105900031,293,169,124
105900032,87,105,-18
105900033,75,60,15
105900034,292,177,115
105900035,204,176,28
105900036,142,117,25
105900037,102,36,66
105900038,177,186,-9
105900039,193,75,118
105900040,71,88,-17
105900041,160,188,-28
105900042,110,132,-22
105900043,1070,38,1032
105900044,3,260,-257
105900045,2,787,-785
105900046,1,232,-231
105900047,12,25,-13
105900048,103,349,-246
105900050,4984,7455,-2471
105900051,85,1004,-919
105900052,564,247,317
105900053,1897,3677,-1780
105900054,269,195,74
105900056,509,429,80
105900057,25,131,-106
105900058,30,19,11
105900059,0,68,-68
106000001,2825,2491,334
106000002,915,4106,-3191
106000003,2778,3350,-572
106000004,1180,1836,-656
106000005,4023,4132,-109
106000006,4146,2084,2062
106000007,572,470,102
106000008,352,242,110
106000009,666,261,405
106000010,519,528,-9
106000011,1553,1089,464
106000012,927,789,138
106000013,2122,1896,226
106000014,1577,1085,492
106000015,2329,1352,977
106000016,1220,1528,-308
106000017,626,684,-58
106000018,435,350,85
106000019,458,508,-50
106000020,407,214,193
106000021,348,415,-67
106000022,396,163,233
106000023,867,295,572
106000024,636,305,331
106000025,122,179,-57
106000026,92,110,-18
106000027,1801,1149,652
106000028,706,248,458
106000029,637,651,-14
106000030,283,572,-289
106000034,210,361,-151
106000035,820,2065,-1245
106000036,146,431,-285
106000037,1341,1128,213
106000038,112,104,8
106000039,84,95,-11
106000040,92,832,-740
106000041,708,530,178
106000043,463,234,229
106000046,343,82,261
106000047,29,486,-457
106000049,1230,209,1021
106000050,294,387,-93
106000051,849,544,305
106000052,144,348,-204
106000053,633,185,448
106000054,301,227,74
106000055,1119,761,358
106000056,235,199,36
106000057,613,210,403
106000058,155,146,9
106000059,450,225,225
106000060,276,319,-43
106000061,231,480,-249
106000062,169,381,-212
106000063,831,519,312
106000064,27,233,-206
106000065,492,244,248
106000066,94,228,-134
106000067,478,107,371
106000068,79,464,-385
106000069,360,77,283
106000070,456,478,-22
106000071,976,311,665
106000072,2101,1198,903
106000073,1212,3702,-2490
106000074,730,643,87
106000075,362,1152,-790
106000076,1701,1609,92
106000077,2496,831,1665
106000078,1180,576,604
106000079,799,659,140
106000080,1274,445,829
106000081,892,906,-14
106000082,1872,610,1262
106000083,407,1215,-808
106000084,1004,549,455
106000085,1170,1371,-201
106000086,563,705,-142
106000087,879,436,443
106000088,418,691,-273
106000089,1171,229,942
106000090,346,570,-224
106000091,235,396,-161
106000092,709,257,452
106000093,270,105,165
106000094,76,200,-124
106000095,1098,513,585
106000096,975,460,515
106000097,1356,461,895
106000098,882,633,249
106000099,199,539,-340
106000100,1491,149,1342
106000101,836,205,631
106000102,104,520,-416
106000103,315,332,-17
106000104,736,331,405
106000105,410,366,44
106000106,772,276,496
106000107,123,130,-7
106000108,291,111,180
106000109,199,101,98
106000110,383,142,241
106000111,175,143,32
106000112,325,527,-202
106000113,366,357,9
106000114,417,555,-138
106000115,184,243,-59
106000116,276,228,48
106000117,794,448,346
106000118,1409,1310,99
106000119,926,628,298
106000120,987,1466,-479
106000121,272,164,108
106000122,169,99,70
106000123,704,61,643
106000124,117,104,13
106000125,30,132,-102
106000126,320,37,283
106000127,1193,462,731
106000128,951,93,858
106000129,489,328,161
106000130,934,275,659
106000131,107,574,-467
106000132,440,150,290
106000133,1127,1211,-84
106000134,357,1868,-1511
106000135,113,393,-280
106000136,651,1025,-374
106000137,82,486,-404
106000138,1397,69,1328
106000139,76,80,-4
106000140,32,45,-13
106000141,116,28,88
106000142,95,58,37
106000143,45,37,8
106000144,30,46,-16
106000145,418,84,334
106000146,490,93,397
106000147,327,296,31
106000148,311,505,-194
106000149,726,283,443
106000150,503,1653,-1150
106000151,2635,615,2020
106000152,836,1778,-942
106000153,60,1304,-1244
106000154,799,131,668
106000155,138,196,-58
106000156,1306,225,1081
106000157,746,1351,-605
106000158,1505,715,790
106000159,1852,1752,100
106000160,565,3455,-2890
106000161,1122,194,928
106000162,347,1226,-879
106000163,439,227,212
106000164,677,233,444
106000165,244,281,-37
106000166,1123,287,836
106000167,599,541,58
106000168,823,198,625
106000169,331,320,11
106000170,1069,201,868
106000171,275,993,-718
106000172,2921,1322,1599
106000173,1027,2076,-1049
106000174,1310,421,889
106000175,283,495,-212
106000176,2130,903,1227
106000177,838,1631,-793
106000178,3365,1481,1884
106000179,770,1249,-479
106000180,837,674,163
106000181,1159,1399,-240
106000182,1961,630,1331
106000183,2152,391,1761
106000184,2146,565,1581
106000185,1357,1269,88
106000186,577,130,447
106000187,141,828,-687
106000188,1,1,0
106000189,10,43,-33
106000190,28,4,24
106000191,674,134,540
106000192,0,6,-6
106000193,374,205,169
106000194,127,485,-358
106000195,610,307,303
106000196,179,915,-736
106000197,760,353,407
106000198,155,160,-5
106000199,620,797,-177
106000200,190,189,1
106000201,424,3894,-3470
106000202,2064,477,1587
106000203,23,101,-78
106000204,109,8,101
106000205,5,85,-80
106000206,84,43,41
106000207,15,314,-299
106000208,1954,245,1709
106000209,1936,558,1378
106000210,302,555,-253
106000211,198,872,-674
106000212,1118,542,576
106000213,302,1379,-1077
106000214,1254,540,714
106000215,266,441,-175
106000216,420,263,157
106000217,184,237,-53
106000218,387,229,158
106000219,115,207,-92
106000220,427,164,263
106000221,270,99,171
106000222,118,69,49
106000223,436,136,300
106000224,276,104,172
106000225,116,150,-34
106000226,107,161,-54
106000228,76,98,-22
106000229,82,479,-397
106000231,1216,108,1108
106000232,58,204,-146
106000233,557,108,449
106000234,33,281,-248
106000235,371,153,218
106000236,105,185,-80
106000237,1,14,-13
106000238,23,38,-15
106000239,4,97,-93
106000240,11,3,8
106000241,12,389,-377
106000242,207,55,152
106000249,84,31,53
106000250,71,461,-390
106000251,144,24,120
106000252,14,65,-51
106000253,83,62,21
106000254,102,36,66
106000255,29,138,-109
106000256,69,22,47
106000257,171,258,-87
106000258,124,44,80
106000259,3,104,-101
106000260,12,4,8
106000261,1,64,-63
106000262,108,12,96
106000263,12,28,-16
106000264,187,10,177
106000265,21,96,-75
106000266,104,21,83
106000267,4,96,-92
106000268,273,34,239
106000269,23,36,-13
106000270,109,325,-216
106000271,112,102,10
106000272,195,41,154
106000273,10,156,-146
106000274,159,50,109
106000275,159,190,-31
106000276,113,39,74
106000277,93,201,-108
106000278,142,30,112
106000279,17,12,5
106000280,130,54,76
106000281,101,28,73
106000282,97,45,52
106000283,138,38,100
106000284,116,106,10
106000285,129,53,76
106000286,142,108,34
106000287,124,51,73
106000288,81,93,-12
106000289,118,56,62
106000290,57,97,-40
106000291,79,74,5
106000292,96,89,7
106000293,137,121,16
106000294,126,83,43
106000295,64,53,11
106000296,31,65,-34
106000297,48,216,-168
106000298,115,96,19
106000299,90,114,-24
106000300,43,99,-56
106000301,35,87,-52
106000303,20,55,-35
106000304,48,35,13
106000305,44,45,-1
106000306,73,44,29
106000307,86,30,56
106000308,45,66,-21
106000309,27,70,-43
106000310,273,262,11
106000311,360,170,190
106000312,125,98,27
106000313,263,159,104
106000318,58,472,-414
106000319,1364,380,984
106000320,2,72,-70
106000321,207,228,-21
106000322,260,73,187
106000324,19,106,-87
106000325,2082,1022,1060
106000326,986,1329,-343
106000327,207,63,144
106000328,22,104,-82
106000329,87,266,-179
106000330,60,84,-24
106000428,86,163,-77
106000429,176,227,-51
106000430,324,825,-501
106000431,2397,375,2022
106000432,1061,1954,-893
106000433,2715,1335,1380
106000434,3502,1556,1946
106000435,908,2146,-1238
106000436,17,102,-85
106000437,345,77,268
106000438,291,279,12
106000439,78,377,-299
106000440,208,301,-93
106000441,3,2,1
106000442,174,6,168
106000443,213,165,48
106000450,0,69,-69
106000451,10,121,-111
106000454,0,79,-79
106000455,11,87,-76
106000456,67,34,33
106000457,23,373,-350
106000458,1333,59,1274
106000459,200,134,66
106000460,1862,20,1842
106000461,166,408,-242
106000462,3,37,-34
106000463,3,8,-5
106000464,4,167,-163
106000465,1066,8,1058
106000466,15,194,-179
106000467,116,242,-126
106000468,113,135,-22
106000469,92,1,91
106000470,216,1851,-1635
106000471,11,256,-245
106000472,177,19,158
106000473,53,21,32
106000474,241,270,-29
106000475,353,158,195
106000476,92,190,-98
106000477,15,12,3
106900001,0,21,-21
106900002,2,190,-188
106900003,117,978,-861
106900004,0,23,-23
106900006,0,13,-13
106900007,0,8,-8
106900008,550,79,471
106900009,405,189,216
106900010,258,198,60
106900012,1058,2583,-1525
106900013,553,228,325
106900014,36,36,0
106900015,21,3,18
106900016,321,19,302
106900017,20,2,18
106900018,3,0,3
106900019,95,6,89
106900020,1746,1972,-226
106900021,305,124,181
106900022,1223,8,1215
106900023,24,226,-202
106900024,667,96,571
106900025,40,419,-379
106900026,0,220,-220
106900027,1166,12,1154
107000001,2852,4822,-1970
107000002,1587,2915,-1328
107000003,8002,6960,1042
107000004,3611,2408,1203
107000005,7478,6492,986
107000006,3527,1841,1686
107000007,5982,9837,-3855
107000008,5343,4449,894
107000009,10007,8767,1240
107000010,6398,5153,1245
107000011,589,890,-301
107000012,2314,1864,450
107000013,94,36,58
107000014,69,69,0
107000015,416,391,25
107000016,766,442,324
107000017,998,2502,-1504
107000018,10,2049,-2039
107000020,800,2362,-1562
107000021,1125,381,744
107000022,720,1620,-900
107000023,1720,142,1578
107000024,608,1172,-564
107000025,198,330,-132
107000026,218,330,-112
107000027,1567,920,647
107000028,1307,622,685
107000029,3999,3022,977
107000030,2012,1621,391
107000031,5242,2849,2393
107000032,329,680,-351
107000033,2450,3165,-715
107000034,4109,1097,3012
107000035,447,226,221
107000036,413,1080,-667
107000037,114,795,-681
107000038,163,192,-29
107000039,879,721,158
107000040,263,240,23
107000041,1622,877,745
107000042,646,1858,-1212
107000043,1961,1020,941
107000044,267,313,-46
107000045,91,280,-189
107000046,794,372,422
107000047,434,659,-225
107000048,742,262,480
107000049,491,697,-206
107000050,1065,468,597
107000051,144,257,-113
107000052,992,910,82
107000053,409,251,158
107000054,37,170,-133
107000055,167,100,67
107000056,392,480,-88
107000057,955,110,845
107000058,2223,2539,-316
107000059,1707,2403,-696
107000060,5652,5683,-31
107000061,4210,2506,1704
107000062,6532,3094,3438
107000063,4235,3128,1107
107000064,5577,3121,2456
107000065,3343,2956,387
107000066,1942,3422,-1480
107000067,1508,1716,-208
107000068,1173,1252,-79
107000069,1221,715,506
107000070,1418,37,1381
107000071,4940,88,4852
107000072,43,1554,-1511
107000073,1376,671,705
107000074,145,604,-459
107000075,2244,849,1395
107000076,610,859,-249
107000077,4351,1586,2765
107000078,1554,1887,-333
107000079,3333,1362,1971
107000080,862,1928,-1066
107000081,3332,692,2640
107000082,709,795,-86
107000083,1940,613,1327
107000084,349,1051,-702
107000085,3097,3004,93
107000086,2464,2504,-40
107000087,3271,2195,1076
107000088,2807,2535,272
107000089,1954,1802,152
107000090,1147,693,454
107000091,1878,1003,875
107000092,1086,595,491
107000093,1658,976,682
107000094,842,758,84
107000095,1057,562,495
107000096,525,466,59
107000097,408,281,127
107000098,172,263,-91
107000099,449,463,-14
107000100,224,241,-17
107000101,133,158,-25
107000102,225,277,-52
107000103,217,191,26
107000104,143,161,-18
107000105,437,107,330
107000106,188,165,23
107000107,588,127,461
107000108,105,304,-199
107000109,805,103,702
107000110,54,214,-160
107000111,488,58,430
107000112,25,126,-101
107000113,739,125,614
107000114,98,287,-189
107000115,834,177,657
107000116,118,414,-296
107000117,191,734,-543
107000118,111,106,5
107000119,1327,1568,-241
107000120,668,532,136
107000121,1176,526,650
107000122,956,518,438
107000123,680,374,306
107000124,603,462,141
107000125,857,368,489
107000126,670,265,405
107000127,22,162,-140
107000129,141,109,32
107000130,326,324,2
107000131,417,326,91
107000132,716,367,349
107000133,344,192,152
107000134,280,3,277
107000135,7,388,-381
107000136,657,9,648
107000137,14,555,-541
107000138,205,63,142
107000139,15,813,-798
107000140,1766,124,1642
107000141,154,882,-728
107000142,622,112,510
107000143,77,606,-529
107000144,682,611,71
107000145,196,347,-151
107000146,193,306,-113
107000147,3352,754,2598
107000150,516,2912,-2396
107000151,27,147,-120
107000152,535,1909,-1374
107000153,76,318,-242
107000154,55,342,-287
107000155,981,19,962
107000156,1598,18,1580
107000157,41,628,-587
107000158,522,12,510
107000159,15,299,-284
107000160,1822,185,1637
107000161,142,518,-376
107000162,376,716,-340
107000163,209,3,206
107000164,1158,4,1154
107000165,1678,3,1675
107000166,27,461,-434
107000167,760,157,603
107000168,1119,578,541
107000169,316,501,-185
107000170,4022,818,3204
107000171,715,896,-181
107000172,1614,2117,-503
107000173,522,520,2
107000174,1208,6879,-5671
107000175,3712,1014,2698
107000176,0,0,0
107000177,6,0,6
107000178,40,3,37
107000179,387,976,-589
107000180,1846,169,1677
107000181,482,586,-104
107000182,2516,582,1934
107000183,170,528,-358
107000184,1412,514,898
107000185,443,969,-526
107000186,1553,488,1065
107000187,1303,1560,-257
107000188,763,567,196
107000189,645,885,-240
107000190,902,738,164
107000191,974,762,212
107000192,2055,588,1467
107000193,475,521,-46
107000194,691,526,165
107000197,1021,378,643
107000198,293,452,-159
107000199,1119,542,577
107000200,559,640,-81
107000201,415,471,-56
107000202,357,419,-62
107000203,1026,1583,-557
107000204,1037,1837,-800
107000205,1430,722,708
107000206,634,1639,-1005
107000207,557,1261,-704
107000208,817,638,179
107000209,1245,1657,-412
107000210,203,182,21
107000211,6,61,-55
107000212,40,271,-231
107000213,1,24,-23
107000214,22,145,-123
107000215,492,278,214
107000216,669,353,316
107000217,277,318,-41
107000219,110,300,-190
107000220,227,171,56
107000222,272,348,-76
107000224,551,147,404
107000225,241,267,-26
107000226,724,175,549
107000227,97,131,-34
107000228,112,520,-408
107000229,60,88,-28
107000230,1021,402,619
107000231,631,1811,-1180
107000232,111,23,88
107000233,312,1055,-743
107000234,5,101,-96
107000235,111,32,79
107000236,9,383,-374
107000237,13,0,13
107000238,56,2,54
107000239,1965,546,1419
107000240,111,406,-295
107000241,39,11,28
107000242,215,29,186
107000243,0,53,-53
107000244,6,52,-46
107000246,0,1123,-1123
107000249,7,1087,-1080
107000251,0,293,-293
107000252,2,440,-438
107000255,255,182,73
107000257,5,417,-412
107000258,3,164,-161
107000259,7,157,-150
107000260,2481,28,2453
107000262,14,239,-225
107000263,521,9,512
107000266,8,20,-12
107000267,30,87,-57
107000268,128,67,61
107000269,73,2,71
107000270,139,31,108
107000271,1,0,1
107000272,90,1,89
107000273,2,119,-117
107000274,1045,364,681
107000275,14,1570,-1556
107000280,1225,31,1194
107000281,41,280,-239
107000282,35,368,-333
107000290,13,16,-3
107000291,24,8,16
107000292,0,107,-107
107000293,18,11,7
107000294,0,70,-70
107000295,55,4,51
107000296,0,16,-16
107000444,256,5,251
107000496,7,1,6
107000497,1011,1155,-144
107000500,400,244,156
107000501,104,142,-38
107000502,198,213,-15
107000505,229,643,-414
107000506,0,0,0
107000508,10,268,-258
107000509,169,628,-459
107000510,54,60,-6
107000514,52,354,-302
107000515,11,61,-50
107000516,594,343,251
107000518,1155,2099,-944
107000519,1030,645,385
107000520,103,59,44
107900001,145,60,85
107900002,66,6,60
107900003,810,24,786
107900004,220,1,219
107900005,2356,10,2346
107900006,286,1,285
107900007,467,50,417
107900008,55,8,47
107900009,175,5,170
107900010,64,3,61
107900012,359,81,278
107900013,261,30,231
107900014,83,8,75
107900015,1654,11,1643
107900016,261,191,70
107900017,91,1,90
107900018,95,236,-141
107900019,23,15,8
107900020,128,11,117
107900021,135,67,68
107900023,10,6,4
107900024,0,9,-9
107900025,205,205,0
107900026,87,18,69
107900027,41,53,-12
107900028,187,71,116
107900030,210,62,148
107900031,75,73,2
107900032,37,9,28
107900033,28,11,17
107900034,480,31,449
107900035,1614,82,1532
107900036,97,46,51
107900037,0,9,-9
107900038,71,365,-294
107900039,54,25,29
107900040,16,324,-308
107900041,3,0,3
107900043,70,102,-32
107900044,14,7,7
107900045,203,100,103
107900046,209,298,-89
107900047,76,33,43
107900048,289,30,259
107900049,185,1081,-896
107900050,50,213,-163
107900051,64,31,33
107900052,8,49,-41
107900053,81,58,23
107900055,792,441,351
107900056,133,71,62
107900057,2,1,1
107900058,36,484,-448
107900060,9,79,-70
107900061,6,22,-16
107900063,147,135,12
107900064,246,278,-32
107900065,519,35,484
107900066,42,6,36
107900067,0,0,0
107900068,127,890,-763
107900069,29,2992,-2963
107900070,261,150,111
107900071,19,342,-323
107900072,189,83,106
107900073,163,72,91
107900074,340,378,-38
107900076,169,61,108
107900077,121,6,115
107900078,174,85,89
107900079,12,34,-22
107900080,244,963,-719
107900081,88,65,23
107900082,7,2,5
107900083,497,217,280
107900084,147,154,-7
107900086,35,263,-228
107900087,283,159,124
107900088,83,30,53
107900089,141,753,-612
107900090,587,3198,-2611
107900091,154,144,10
107900092,1184,257,927
107900093,96,47,49
107900095,1859,2143,-284
107900097,59,68,-9
107900098,82,207,-125
107900100,618,1949,-1331
107900101,546,104,442
107900102,46,11,35
107900103,34,165,-131
107900104,243,4,239
107900105,3,122,-119
107900106,3,378,-375
107900107,1060,554,506
107900108,208,98,110
107900109,2387,66,2321
107900110,122,28,94
107900111,2,282,-280
107900112,65,402,-337
107900113,318,47,271
107900114,252,86,166
107900115,0,27,-27
107900116,240,85,155
107900117,296,130,166
107900118,54,93,-39
107900119,109,303,-194
107900120,43,38,5
107900121,0,154,-154
107900122,0,93,-93
107900123,3,68,-65
107900124,15,43,-28
107900125,10,184,-174
107900126,30,57,-27
107900127,489,451,38
107900128,85,93,-8
107900129,109,18,91
107900130,114,15,99
107900131,233,554,-321
107900132,93,198,-105
107900133,0,48,-48
107900134,63,171,-108
107900135,11,74,-63
107900136,26,38,-12
107900137,137,170,-33
107900138,78,28,50
107900139,71,63,8
107900140,61,72,-11
107900141,29,73,-44
107900142,59,451,-392
107900143,57,13,44
107900144,4,76,-72
107900145,5,108,-103
107900146,51,209,-158
107900147,48,53,-5
107900148,183,122,61
107900149,569,110,459
107900150,50,229,-179
107900151,51,48,3
107900152,8,140,-132
107900153,86,404,-318
107900154,94,15,79
107900155,125,63,62
107900156,6,91,-85
107900157,50,44,6
107900158,1339,45,1294
107900159,20,322,-302
107900160,220,90,130
107900161,85,52,33
107900162,0,111,-111
107900163,16,76,-60
107900164,25,64,-39
107900165,54,192,-138
107900166,50,60,-10
107900167,8,51,-43
107900168,62,26,36
107900169,3,277,-274
107900171,3,376,-373
107900172,2,189,-187
107900173,39,45,-6
107900174,214,14,200
107900175,10,37,-27
107900176,43,8,35
107900177,3,146,-143
107900178,5,81,-76
107900179,27,98,-71
107900180,327,984,-657
107900181,338,263,75
107900182,3,331,-328
107900183,105,90,15
107900184,124,116,8
107900185,241,17,224
107900186,30,55,-25
107900187,9,170,-161
107900188,392,200,192
107900189,61,87,-26
107900190,40,156,-116
107900191,82,78,4
107900193,6,96,-90
107900194,295,30,265
107900195,912,288,624
107900196,64,38,26
107900197,290,452,-162
107900199,0,420,-420
107900201,89,45,44
107900203,49,47,2
107900204,115,269,-154
107900205,233,302,-69
107900206,994,519,475
107900207,9,214,-205
107900208,5,208,-203
107900209,227,139,88
107900210,51,59,-8
107900213,514,629,-115
107900214,44,50,-6
107900215,98,432,-334
107900216,116,60,56
107900217,53,80,-27
107900218,34,1051,-1017
107900219,56,33,23
107900220,108,270,-162
107900221,107,169,-62
107900223,119,187,-68
107900224,135,452,-317
107900225,11,331,-320
107900226,58,62,-4
107900227,126,229,-103
107900228,45,84,-39
107900229,4,91,-87
107900230,20,23,-3
107900231,30,112,-82
107900232,155,75,80
107900233,9,70,-61
107900234,146,148,-2
107900235,20,117,-97
107900236,230,47,183
107900237,12,236,-224
107900238,30,62,-32
107900239,270,520,-250
107900240,56,59,-3
107900241,10,49,-39
107900242,25,57,-32
107900243,2,19,-17
107900244,411,13,398
107900245,868,58,810
107900246,363,30,333
107900248,405,95,310
107900249,1299,81,1218
107900250,4,265,-261
107900251,33,768,-735
107900252,1402,54,1348
107900253,300,17,283
107900254,48,320,-272
107900255,143,92,51
107900256,568,1277,-709
107900257,398,138,260
107900258,119,81,38
107900259,46,3187,-3141
107900261,2,117,-115
107900262,37,52,-15
107900264,377,4,373
107900265,246,161,85
107900267,426,6,420
107900268,10,0,10
107900269,0,1,-1
107900270,1,0,1
107900271,1,48,-47
107900272,45,34,11
107900273,107,57,50
107900274,233,1,232
107900275,52,1,51
107900276,0,37,-37
107900277,0,143,-143
107900278,507,278,229
107900279,38,90,-52
107900280,2528,1949,579
107900281,434,4671,-4237
107900282,17,894,-877
107900283,801,833,-32
107900284,824,327,497
107900285,196,29,167
107900286,56,76,-20
107900287,354,238,116
107900290,2,239,-237
107900291,711,19,692
107900292,93,59,34
107900293,115,150,-35
107900295,80,34,46
107900297,2,276,-274
107900298,577,288,289
107900299,2193,2893,-700
107900300,93,428,-335
107900301,650,944,-294
107900302,146,52,94
107900303,414,252,162
107900304,555,136,419
107900305,528,15,513
107900306,7,69,-62
107900307,39,233,-194
107900308,212,298,-86
107900309,65,0,65
107900310,95,1,94
107900311,2,469,-467
107900312,108,0,108
107900313,0,128,-128
107900314,1,54,-53
107900315,2,127,-125
107900316,42,3,39
107900317,110,9,101
107900318,7,204,-197
107900319,8,98,-90
107900320,3,65,-62
107900321,244,1,243
107900322,0,50,-50
107900323,26,79,-53
107900324,150,0,150
107900325,169,1,168
107900326,513,149,364
107900327,2,68,-66
107900328,70,2,68
107900329,52,111,-59
107900330,17,113,-96
107900331,474,26,448
107900332,516,20,496
107900333,87,24,63
107900334,4,50,-46
107900335,38,24,14
107900336,29,64,-35
107900337,511,1226,-715
107900338,5,108,-103
107900339,1,28,-27
107900340,0,59,-59
107900341,119,0,119
107900342,63,65,-2
107900343,30,0,30
107900344,4,100,-96
107900345,157,33,124
107900346,11,1,10
107900347,19,9,10
107900348,8,4,4
107900349,16,10,6
107900350,17,172,-155
108000001,3520,3608,-88
108000002,1453,1534,-81
108000003,3380,4044,-664
108000004,9141,10146,-1005
108000005,7249,6020,1229
108000006,4662,5092,-430
108000007,5361,4295,1066
108000008,3520,3998,-478
108000009,5026,4976,50
108000010,2918,3192,-274
108000011,12392,11434,958
108000012,9724,9998,-274
108000014,458,1084,-626
108000015,1168,197,971
108000016,410,601,-191
108000017,1366,356,1010
108000018,2128,730,1398
108000019,1516,1039,477
108000020,1328,545,783
108000021,337,1395,-1058
108000022,376,851,-475
108000023,1604,261,1343
108000024,344,256,88
108000025,423,134,289
108000026,924,280,644
108000027,853,271,582
108000028,908,200,708
108000029,759,306,453
108000030,671,212,459
108000031,240,464,-224
108000032,2395,758,1637
108000033,786,667,119
108000034,2146,481,1665
108000035,645,1499,-854
108000036,383,619,-236
108000037,2162,404,1758
108000038,3317,667,2650
108000039,556,1048,-492
108000040,2445,1001,1444
108000041,602,1624,-1022
108000042,472,194,278
108000043,286,156,130
108000044,846,108,738
108000045,314,235,79
108000046,2064,324,1740
108000047,474,660,-186
108000048,103,260,-157
108000049,1110,276,834
108000050,79,347,-268
108000051,508,242,266
108000052,135,421,-286
108000053,516,285,231
108000054,376,916,-540
108000055,1153,819,334
108000056,565,1283,-718
108000057,554,1606,-1052
108000058,1947,4065,-2118
108000059,1943,1311,632
108000060,277,499,-222
108000061,128,191,-63
108000062,1246,613,633
108000063,536,333,203
108000064,315,203,112
108000065,520,311,209
108000066,1476,774,702
108000067,2245,778,1467
108000068,990,447,543
108000069,154,597,-443
108000070,2596,787,1809
108000071,643,1005,-362
108000072,2258,1115,1143
108000073,1022,994,28
108000074,823,478,345
108000075,348,515,-167
108000076,998,585,413
108000077,587,421,166
108000078,2944,1163,1781
108000079,643,864,-221
108000080,1868,577,1291
108000081,553,782,-229
108000082,769,1308,-539
108000083,2135,1053,1082
108000084,395,855,-460
108000085,1135,556,579
108000086,431,428,3
108000087,171,2568,-2397
108000088,247,19,228
108000089,381,409,-28
108000090,574,208,366
108000091,322,283,39
108000092,217,59,158
108000093,195,256,-61
108000094,969,56,913
108000095,173,206,-33
108000096,480,163,317
108000097,140,188,-48
108000098,2280,928,1352
108000099,342,49,293
108000100,92,236,-144
108000101,1660,1474,186
108000102,1797,3402,-1605
108000106,678,4,674
108000107,2,561,-559
108000108,685,48,637
108000109,3,514,-511
108000110,422,294,128
108000111,187,401,-214
108000112,58,185,-127
108000113,372,137,235
108000115,290,312,-22
108000117,421,424,-3
108000118,36,326,-290
108000119,413,241,172
108000120,216,798,-582
108000121,239,277,-38
108000122,718,372,346
108000123,801,161,640
108000124,375,413,-38
108000125,752,146,606
108000126,230,296,-66
108000127,675,231,444
108000128,797,223,574
108000129,306,412,-106
108000130,610,230,380
108000131,951,515,436
108000132,944,883,61
108000133,1153,527,626
108000134,470,313,157
108000135,1346,620,726
108000136,336,498,-162
108000137,658,147,511
108000138,351,237,114
108000139,607,142,465
108000140,145,31,114
108000141,58,25,33
108000142,70,22,48
108000143,56,10,46
108000144,86,7,79
108000145,67,2,65
108000146,160,25,135
108000147,45,28,17
108000148,126,13,113
108000149,25,9,16
108000150,50,2,48
108000151,9,2,7
108000152,90,140,-50
108000153,869,129,740
108000154,29,3,26
108000155,50,37,13
108000156,267,99,168
108000157,215,1557,-1342
108000158,63,940,-877
108000159,204,166,38
108000160,1231,1199,32
108000161,1384,3842,-2458
108000165,6,377,-371
108000172,2,303,-301
108000173,686,2252,-1566
108000175,460,175,285
108000178,319,374,-55
108000179,132,1088,-956
108000181,44,26,18
108000182,73,14,59
108000183,5,8,-3
108000184,569,2795,-2226
108000185,344,217,127
108000186,209,68,141
108000187,136,239,-103
108000188,1071,192,879
108000189,340,1450,-1110
108000190,28,103,-75
108000192,269,234,35
108000193,447,26,421
108000194,18,9,9
108000195,4,585,-581
108000196,202,247,-45
108000197,164,151,13
108000198,507,128,379
108000199,0,298,-298
108000200,782,216,566
108000202,4,387,-383
108000203,162,243,-81
108000204,199,107,92
108000205,204,213,-9
108000339,857,433,424
108000364,65,320,-255
108000365,48,282,-234
108000367,218,241,-23
108000368,12,56,-44
108000369,316,203,113
108000371,0,476,-476
108000372,710,1,709
108000373,237,62,175
108000376,86,47,39
108000377,602,126,476
108000378,9229,11099,-1870
108000379,30,167,-137
108000381,104,9,95
108000382,37,0,37
108000383,1,151,-150
108900001,104,449,-345
108900002,248,71,177
108900003,202,413,-211
108900004,116,559,-443
108900005,59,468,-409
108900006,758,170,588
108900007,390,170,220
108900008,282,107,175
108900009,138,132,6
108900010,447,129,318
108900011,954,335,619
108900012,580,328,252
108900013,250,200,50
108900014,36,113,-77
108900015,0,137,-137
108900016,4,215,-211
108900017,289,488,-199
108900018,232,257,-25
108900019,56,424,-368
108900020,61,118,-57
108900021,199,131,68
108900022,144,13,131
108900023,0,42,-42
108900024,38,32,6
108900025,262,69,193
108900026,20,51,-31
108900027,0,27,-27
108900028,158,122,36
108900029,67,138,-71
108900030,1,18,-17
108900031,197,168,29
108900032,11,160,-149
108900033,0,128,-128
108900034,0,121,-121
108900035,291,561,-270
108900036,141,185,-44
108900037,53,204,-151
108900038,2,166,-164
108900039,2,170,-168
108900040,9,41,-32
108900041,3164,3921,-757
108900042,5,489,-484
108900043,43,366,-323
108900044,3,216,-213
108900045,139,223,-84
108900046,29,321,-292
108900047,0,69,-69
108900048,88,451,-363
108900049,1167,1996,-829
108900050,8,82,-74
108900051,1,100,-99
108900052,48,104,-56
108900053,46,278,-232
108900054,86,147,-61
108900055,47,410,-363
108900056,3,71,-68
108900057,2,96,-94
108900058,55,174,-119
108900059,768,94,674
108900060,104,211,-107
108900061,51,47,4
108900062,5,96,-91
108900063,17,155,-138
108900064,422,30,392
108900065,18,139,-121
108900066,690,184,506
108900067,29,110,-81
108900068,0,41,-41
108900069,116,28,88
108900070,61,72,-11
108900071,130,50,80
108900072,1568,507,1061
108900073,17,33,-16
108900074,365,96,269
108900075,32,37,-5
108900076,634,58,576
108900077,83,80,3
108900078,87,61,26
108900079,464,107,357
108900080,25,1208,-1183
108900081,43,217,-174
108900082,152,41,111
108900083,14,321,-307
108900084,253,171,82
108900085,966,202,764
108900086,241,81,160
108900087,80,189,-109
108900088,1076,505,571
108900089,27,279,-252
108900090,130,100,30
108900091,114,98,16
108900092,573,356,217
108900093,158,149,9
108900094,312,75,237
108900095,12,183,-171
108900096,250,14,236
108900097,336,141,195
108900098,1254,1507,-253
108900099,593,105,488
108900100,70,83,-13
108900101,235,320,-85
108900102,66,1470,-1404
108900103,114,208,-94
108900104,106,361,-255
108900105,3,1437,-1434
108900106,613,166,447
108900108,391,65,326
108900109,98,82,16
108900110,331,171,160
108900111,765,227,538
108900112,449,22,427
108900113,50,81,-31
108900114,2,10,-8
108900115,199,113,86
108900116,120,31,89
108900117,226,21,205
108900118,831,32,799
108900119,495,32,463
108900120,268,258,10
108900121,413,151,262
108900122,185,21,164
108900123,198,186,12
108900124,676,227,449
108900125,764,14,750
108900126,213,72,141
108900127,310,32,278
108900128,266,47,219
108900129,1034,173,861
108900130,697,9,688
108900131,528,16,512
108900132,576,72,504
108900133,453,40,413
108900134,733,133,600
108900135,274,11,263
108900136,53,2,51
108900137,284,2,282
108900138,1095,46,1049
108900139,819,133,686
108900140,497,136,361
108900141,549,17,532
108900142,132,7,125
108900143,141,1,140
108900144,196,0,196
108900145,277,24,253
108900146,177,1,176
108900147,356,6,350
108900148,61,15,46
108900149,392,223,169
108900150,324,2,322
108900151,74,71,3
108900152,178,158,20
108900153,283,145,138
108900154,5484,390,5094
108900155,293,58,235
108900156,140,5,135
108900157,44,355,-311
108900158,511,40,471
108900159,4,98,-94
108900160,24,201,-177
108900161,8,213,-205
108900162,174,3,171
108900163,8,323,-315
108900164,52,55,-3
108900165,96,40,56
108900167,957,9617,-8660
108900168,3971,3234,737
108900169,79,100,-21
108900171,3511,3727,-216
108900172,206,57,149
108900173,121,278,-157
108900174,1209,466,743
108900176,119,211,-92
108900177,2754,7330,-4576
108900178,2608,4360,-1752
108900179,482,2276,-1794
108900180,185,469,-284
108900182,51,419,-368
108900183,257,196,61
108900184,518,259,259
108900185,114,322,-208
108900186,86,222,-136
108900187,580,38,542
108900188,1044,65,979
108900189,546,106,440
108900190,27,1365,-1338
108900191,249,66,183
108900192,92,135,-43
108900193,27,20,7
108900194,1,180,-179
108900195,114,110,4
108900196,68,199,-131
108900198,2,187,-185
108900199,249,260,-11
108900200,790,380,410
108900201,582,1018,-436
108900203,603,106,497
108900204,436,20,416
108900205,262,37,225
108900206,510,101,409
108900207,241,198,43
108900208,16,338,-322
108900209,111,476,-365
108900210,273,223,50
108900211,172,651,-479
108900212,302,1758,-1456
108900215,76,247,-171
108900216,216,387,-171
108900217,111,0,111
108900218,95,11,84
108900219,105,6,99
108900220,104,25,79
108900221,33,108,-75
108900222,419,33,386
108900223,5,118,-113
108900224,22,154,-132
108900225,1,104,-103
108900226,446,47,399
108900227,214,582,-368
108900230,98,180,-82
108900231,13,160,-147
108900232,0,128,-128
108900233,588,119,469
108900234,375,147,228
108900235,177,568,-391
108900236,83,309,-226
108900237,50,156,-106
108900240,210,146,64
108900241,55,116,-61
108900245,10,2207,-2197
108900249,150,41,109
108900250,342,93,249
108900257,528,283,245
108900258,11,126,-115
108900259,99,36,63
108900260,9,44,-35
108900261,61,41,20
108900262,108,111,-3
108900263,49,119,-70
108900264,223,215,8
108900265,727,534,193
108900266,304,1022,-718
108900267,8,241,-233
108900268,8,10,-2
108900269,101,15,86
108900270,122,11,111
108900271,71,47,24
108900272,288,37,251
108900273,376,966,-590
108900274,92,25,67
109000001,2227,1970,257
109000002,789,1567,-778
109000003,3160,381,2779
109000004,424,1492,-1068
109000005,2548,484,2064
109000006,651,1573,-922
109000007,2100,597,1503
109000008,603,1308,-705
109000009,3566,1243,2323
109000010,771,2605,-1834
109000011,4268,2352,1916
109000012,1728,2486,-758
109000013,4705,3834,871
109000014,1744,2068,-324
109000015,4070,8511,-4441
109000016,4370,2231,2139
109000017,2938,1132,1806
109000018,1090,1815,-725
109000019,2755,1074,1681
109000020,840,1301,-461
109000023,294,13,281
109000024,8,151,-143
109000025,354,579,-225
109000026,409,322,87
109000027,142,324,-182
109000028,111,73,38
109000029,136,267,-131
109000030,39,443,-404
109000031,270,137,133
109000032,131,389,-258
109000033,370,158,212
109000034,66,39,27
109000035,8,40,-32
109000036,55,300,-245
109000037,402,2521,-2119
109000038,318,279,39
109000039,1303,1460,-157
109000040,3420,15230,-11810
109000041,1478,2111,-633
109000042,420,1409,-989
109000044,463,104,359
109000045,106,282,-176
109000046,506,86,420
109000047,81,355,-274
109000048,618,268,350
109000049,217,460,-243
109000050,451,255,196
109000051,239,162,77
109000052,676,454,222
109000053,332,96,236
109000054,164,301,-137
109000055,322,433,-111
109000056,380,313,67
109000057,1020,500,520
109000058,519,266,253
109000059,339,1563,-1224
109000060,264,341,-77
109000061,488,1751,-1263
109000062,144,439,-295
109000063,246,114,132
109000064,415,229,186
109000065,237,136,101
109000066,410,52,358
109000067,92,201,-109
109000068,897,26,871
109000069,637,20,617
109000070,39,1624,-1585
109000071,419,120,299
109000072,104,266,-162
109000073,74,111,-37
109000074,19,117,-98
109000075,51,282,-231
109000076,54,260,-206
109000077,246,194,52
109000078,68,131,-63
109000079,145,77,68
109000080,197,71,126
109000081,159,231,-72
109000082,719,108,611
109000083,325,248,77
109000088,125,321,-196
109000089,407,148,259
109000090,119,250,-131
109000091,560,260,300
109000092,238,327,-89
109000093,363,264,99
109000094,1003,6,997
109000095,122,265,-143
109000096,1021,195,826
109000097,96,107,-11
109000098,57,160,-103
109000099,925,200,725
109000100,290,524,-234
109000101,2217,468,1749
109000102,477,507,-30
109000103,589,449,140
109000104,2425,432,1993
109000105,447,725,-278
109000106,2522,774,1748
109000107,604,1063,-459
109000108,2406,569,1837
109000109,573,1018,-445
109000110,1441,509,932
109000111,706,1238,-532
109000112,314,109,205
109000113,353,167,186
109000114,141,207,-66
109000115,1003,25,978
109000116,2,214,-212
109000117,251,41,210
109000118,13,240,-227
109000119,2268,96,2172
109000120,373,404,-31
109000121,628,22,606
109000122,180,377,-197
109000123,44,35,9
109000124,826,217,609
109000125,1008,200,808
109000126,378,317,61
109000127,1144,121,1023
109000128,673,577,96
109000129,3346,891,2455
109000130,411,693,-282
109000131,842,689,153
109000132,587,1168,-581
109000133,260,724,-464
109000134,629,924,-295
109000135,645,1076,-431
109000136,273,199,74
109000137,429,332,97
109000138,516,166,350
109000139,666,340,326
109000140,224,178,46
109000141,616,297,319
109000142,170,451,-281
109000143,116,90,26
109000145,96,187,-91
109000146,7,66,-59
109000148,1639,1974,-335
109000149,23,120,-97
109000150,67,389,-322
109000155,1164,707,457
109000156,963,419,544
109000158,141,258,-117
109000159,104,445,-341
109000160,1334,185,1149
109000161,504,688,-184
109000162,2217,477,1740
109000163,1433,1190,243
109000164,1679,1618,61
109000165,1583,361,1222
109000166,944,104,840
109000167,120,306,-186
109000170,47,26,21
109000171,88,34,54
109000172,30,37,-7
109000173,31,96,-65
109000174,166,22,144
109000175,49,50,-1
109000176,366,111,255
109000177,32,75,-43
109000178,461,65,396
109000179,2879,6442,-3563
109000180,3197,3826,-629
109000181,64,20,44
109000182,64,15,49
109000183,54,8,46
109000184,53,17,36
109000185,38,12,26
109000188,479,1002,-523
109000189,2737,512,2225
109000190,739,374,365
109000191,430,359,71
109000192,595,127,468
109000193,290,79,211
109000194,339,36,303
109000195,214,142,72
109000196,257,85,172
109000197,212,153,59
109000198,423,69,354
109000199,117,296,-179
109000206,194,26,168
109000207,193,36,157
109000208,146,95,51
109000209,155,63,92
109000210,109,411,-302
109000211,291,211,80
109000214,438,191,247
109000215,108,79,29
109000216,313,352,-39
109000217,206,303,-97
109000218,538,314,224
109000221,302,659,-357
109000222,923,198,725
109000223,534,404,130
109000224,30,42,-12
109000225,136,16,120
109000226,61,120,-59
109000227,1570,563,1007
109000228,7,2313,-2306
109000231,2,146,-144
109000232,614,156,458
109000236,375,486,-111
109000241,1880,1302,578
109000242,1581,724,857
109000293,20,131,-111
109000361,93,169,-76
109000364,173,316,-143
109000396,2,234,-232
109000397,927,13,914
109000399,135,272,-137
109000400,83,113,-30
109000403,75,1067,-992
109000406,226,3,223
109000407,425,139,286
109000408,0,173,-173
109000410,1169,231,938
109000411,166,12,154
109900001,147,2,145
109900002,1124,26,1098
109900003,436,2,434
109900004,554,114,440
109900005,25,3,22
109900006,509,156,353
109900007,1465,198,1267
109900008,0,20,-20
109900009,175,266,-91
109900010,755,22,733
109900011,70,94,-24
109900012,363,212,151
109900013,435,231,204
109900014,516,65,451
109900015,401,225,176
109900016,213,28,185
109900017,283,314,-31
109900018,304,57,247
109900019,431,62,369
109900020,39,36,3
109900021,45,12,33
109900022,65,228,-163
109900023,28,4,24
109900024,29,1,28
109900025,22,34,-12
109900026,2,206,-204
109900027,53,28,25
109900028,507,1574,-1067
109900029,10,166,-156
109900030,58,10,48
109900031,1,428,-427
109900032,11,186,-175
109900033,6,432,-426
109900034,61,0,61
109900035,48,64,-16
109900036,29,16,13
109900037,28,328,-300
109900038,160,221,-61
109900039,6,1,5
109900040,37,311,-274
109900041,85,198,-113
109900042,21,596,-575
109900044,209,212,-3
109900045,110,44,66
109900046,50,76,-26
109900047,223,270,-47
109900048,4,77,-73
109900049,20,46,-26
109900050,0,46,-46
109900051,2,14,-12
109900052,101,217,-116
109900053,1,99,-98
109900054,1213,297,916
109900055,82,217,-135
109900056,26,352,-326
109900057,5,68,-63
109900058,0,65,-65
109900059,1592,158,1434
109900060,898,101,797
109900061,97,179,-82
109900062,0,110,-110
109900063,12,427,-415
109900064,747,221,526
109900065,71,119,-48
109900066,299,396,-97
109900067,0,86,-86
109900068,165,17,148
109900069,9,18,-9
109900070,46,190,-144
109900071,8,25,-17
109900072,21,122,-101
109900073,747,206,541
109900074,21,21,0
109900075,47,23,24
109900076,12,76,-64
109900077,18,28,-10
109900078,106,173,-67
109900080,123,158,-35
109900081,31,250,-219
109900082,103,221,-118
109900083,15,60,-45
109900084,49,88,-39
109900085,164,372,-208
109900086,163,719,-556
109900087,169,448,-279
109900089,917,221,696
109900090,441,900,-459
109900091,598,96,502
109900092,419,34,385
109900093,1380,191,1189
109900094,91,100,-9
109900095,169,203,-34
109900096,57,13,44
109900097,120,8,112
109900098,767,25,742
109900099,396,6,390
109900100,66,1,65
109900101,1065,9,1056
109900102,491,38,453
109900103,50,46,4
109900104,1051,213,838
109900105,726,34,692
109900106,392,47,345
109900107,673,66,607
109900108,180,223,-43
109900109,46,271,-225
109900110,94,240,-146
109900111,198,515,-317
109900112,233,340,-107
109900113,1252,942,310
109900114,1224,1770,-546
109900115,207,100,107
109900117,1641,146,1495
109900118,186,287,-101
109900119,338,279,59
109900120,96,26,70
109900121,338,502,-164
109900122,749,13,736
109900123,16,86,-70
109900124,69,246,-177
109900125,1,177,-176
109900126,561,53,508
109900128,680,55,625
109900130,3833,3898,-65
109900131,42,124,-82
109900132,32,127,-95
109900133,126,236,-110
109900134,98,94,4
109900135,166,41,125
109900136,51,113,-62
109900137,205,175,30
109900138,620,235,385
109900140,200,93,107
109900141,713,187,526
109900142,1871,330,1541
109900145,5,617,-612
109900146,328,41,287
109900148,50,94,-44
109900149,19,38,-19
109900150,2,65,-63
109900151,5,28,-23
109900152,2,19,-17
109900153,0,17,-17
109900154,46,0,46
109900155,83,37,46
109900157,81,148,-67
109900158,57,123,-66
109900159,187,54,133
109900160,187,43,144
109900161,313,105,208
109900162,348,210,138
109900163,441,310,131
109900164,113,160,-47
109900165,423,6,417
109900166,2,112,-110
109900167,149,262,-113
109900168,232,374,-142
109900169,311,122,189
109900170,231,1114,-883
109900171,335,76,259
109900172,262,292,-30
109900173,1202,2849,-1647
109900174,57,106,-49
109900175,106,121,-15
109900176,114,116,-2
109900177,71,130,-59
109900178,7,187,-180
109900179,16,27,-11
109900180,12,21,-9
110000001,695,415,280
110000002,610,789,-179
110000003,696,604,92
110000004,419,625,-206
110000005,346,1630,-1284
110000006,226,228,-2
110000007,163,126,37
110000008,13,63,-50
110000009,48,25,23
110000010,22,83,-61
110000011,54,57,-3
110000012,477,240,237
110000013,50,633,-583
110000014,363,331,32
110000015,224,494,-270
110000016,218,1480,-1262
110000017,2258,198,2060
110000018,2022,307,1715
110000019,7,46,-39
110000020,616,143,473
110000021,203,375,-172
110000022,1195,173,1022
110000023,14,60,-46
110000024,570,267,303
110000025,504,9,495
110000026,5,195,-190
110000027,1144,1455,-311
110000028,1115,564,551
110000029,627,522,105
110000030,361,296,65
110000031,287,271,16
110000032,945,244,701
110000033,247,163,84
110000034,543,508,35
110000035,865,443,422
110000036,1122,370,752
110000037,254,333,-79
110000038,265,560,-295
110000039,816,3905,-3089
110000040,240,180,60
110000041,365,1959,-1594
110000042,37,419,-382
110000043,744,309,435
110000044,51,696,-645
110000045,264,101,163
110000046,3,29,-26
110000047,9,77,-68
110000048,5,21,-16
110000049,14,21,-7
110000050,10,120,-110
110000051,23,7,16
110000052,22,21,1
110000053,46,26,20
110000054,169,484,-315
110000055,375,87,288
110000056,71,123,-52
110000057,310,466,-156
110000058,1085,346,739
110000059,1025,509,516
110000060,1291,1031,260
110000061,745,612,133
110000062,663,793,-130
110000063,47,201,-154
110000064,40,36,4
110000065,107,124,-17
110000066,99,33,66
110000067,112,69,43
110000068,334,61,273
110000069,509,62,447
110000071,364,32,332
110000073,41,13,28
110000075,24,50,-26
110000076,335,440,-105
110000077,262,940,-678
110000078,65,12,53
110000080,211,426,-215
110000081,33,245,-212
110000082,27,378,-351
110000083,236,484,-248
110000084,1311,1044,267
110000085,827,1326,-499
110000086,1067,2258,-1191
110000087,31,46,-15
110000088,138,242,-104
110000089,381,55,326
110000090,146,267,-121
110000091,803,179,624
110000092,40,55,-15
110000093,50,29,21
110000094,437,182,255
110000095,160,591,-431
110000096,1151,1766,-615
110000097,1120,1687,-567
110000098,1946,669,1277
110000099,612,1247,-635
110000100,1335,271,1064
110000101,52,113,-61
110000102,88,24,64
110000104,460,180,280
110000105,64,228,-164
110000106,563,611,-48
110000107,167,232,-65
110000108,110,142,-32
110000109,182,271,-89
110000110,1563,4230,-2667
110000111,3104,3100,4
110000112,385,1210,-825
110000113,93,2449,-2356
110000114,265,802,-537
110000115,440,400,40
110000116,50,43,7
110000117,344,228,116
110000118,675,112,563
110000119,327,255,72
110000120,376,185,191
110000121,65,364,-299
110000122,310,339,-29
110000123,616,749,-133
110000124,1,558,-557
110000125,988,16,972
110000126,328,51,277
110000127,1250,87,1163
110000128,45,804,-759
110000129,0,319,-319
110000130,271,271,0
110000131,111,217,-106
110000132,1,418,-417
110000133,21,352,-331
110000134,17,379,-362
110000135,140,36,104
110000136,83,229,-146
110000137,604,429,175
110000138,1145,601,544
110000139,1202,599,603
110000140,863,740,123
110000143,523,284,239
110000144,3525,2453,1072
110000145,1880,1886,-6
110000146,2650,1029,1621
110000147,481,708,-227
110000148,645,229,416
110000151,947,1338,-391
110000152,757,439,318
110000153,243,13,230
110000154,82,25,57
110000155,1185,3648,-2463
110000156,1097,2380,-1283
110000157,2234,2567,-333
110000160,329,268,61
110000161,211,153,58
110000166,829,77,752
110000167,1189,633,556
110000168,1191,522,669
110000169,901,408,493
110000170,137,66,71
110000171,630,115,515
110000172,173,394,-221
110000173,600,680,-80
110000174,137,566,-429
110000175,981,81,900
110000176,138,490,-352
110000177,222,1042,-820
110000178,415,1763,-1348
110000179,712,233,479
110000180,247,197,50
110000181,789,351,438
110000182,304,139,165
110000183,5204,7888,-2684
110000184,270,2724,-2454
110000185,556,643,-87
110000186,645,576,69
110000191,1607,157,1450
110000192,779,15,764
110000193,1374,10,1364
110000194,9,518,-509
110000195,536,123,413
110000196,583,133,450
110000197,162,89,73
110000198,82,35,47
110000199,76,156,-80
110000200,728,363,365
110000201,927,1279,-352
110000202,1286,533,753
110000203,365,386,-21
110000204,3,148,-145
110000205,183,58,125
110000206,504,564,-60
110000207,1516,315,1201
110000208,222,246,-24
110000209,118,643,-525
110000210,1634,300,1334
110000211,872,552,320
110000212,453,1173,-720
110000213,399,50,349
110000214,376,44,332
110000215,152,132,20
110000216,131,151,-20
110000217,560,76,484
110000218,144,156,-12
110000219,577,35,542
110000220,84,121,-37
110000221,543,29,514
110000222,67,92,-25
110000223,0,53,-53
110000224,17,2,15
110000225,227,698,-471
110000226,259,59,200
110000227,521,944,-423
110000228,249,78,171
110000229,0,111,-111
110000230,524,432,92
110000231,148,197,-49
110000232,218,142,76
110000233,188,232,-44
110000234,501,882,-381
110000235,796,875,-79
110000236,616,427,189
110000237,1851,1167,684
110000238,1108,757,351
110000239,2078,806,1272
110000240,1,59,-58
110000242,0,21,-21
110000243,196,68,128
110000244,127,348,-221
110000245,27,281,-254
110000246,953,348,605
110000247,888,3391,-2503
110000248,1325,1083,242
110000249,85,6,79
110000250,21,137,-116
110000251,400,306,94
110000252,367,147,220
110000253,1720,558,1162
110000254,560,691,-131
110000255,152,563,-411
110000256,437,289,148
110000257,491,263,228
110000258,3,278,-275
110000259,228,14,214
110000260,40,181,-141
110000263,518,100,418
110000264,492,390,102
110000265,1144,1696,-552
110000266,1300,2668,-1368
110000267,35,215,-180
110000268,377,331,46
110000269,8,75,-67
110000270,102,10,92
110000271,966,213,753
110000272,1169,1002,167
110000273,1815,1277,538
110000274,235,2101,-1866
110000275,1523,578,945
110000276,268,432,-164
110000277,297,229,68
110000278,308,393,-85
110000279,796,522,274
110000280,765,371,394
110000281,67,213,-146
110000282,179,21,158
110000283,16,84,-68
110000284,19,25,-6
110000285,2,612,-610
110000286,5,0,5
110000287,178,12,166
110000288,15,78,-63
110000289,530,2553,-2023
110000290,457,555,-98
110000291,3210,941,2269
110000292,1018,5919,-4901
110000293,871,468,403
110000294,1558,1284,274
110000295,281,728,-447
110000296,860,382,478
110000297,2414,374,2040
110000298,96,318,-222
110000299,113,94,19
110000301,390,51,339
110000302,233,529,-296
110000303,579,10,569
110000304,95,176,-81
110000305,1629,33,1596
110000306,189,629,-440
110000307,2425,12,2413
110000308,761,12,749
110000309,1,521,-520
110000310,877,70,807
110000311,13,544,-531
110000312,422,126,296
110000313,1967,2431,-464
110000314,0,182,-182
110000315,2216,2247,-31
110000316,442,992,-550
110000317,180,706,-526
110000318,4,84,-80
110000319,6,35,-29
110000320,55,56,-1
110000321,12,52,-40
110000322,331,260,71
110000323,569,189,380
110000324,2405,1574,831
110000325,2065,4149,-2084
110000327,477,378,99
110000328,152,399,-247
110000333,1223,918,305
110000334,914,1040,-126
110000335,989,613,376
110000336,762,743,19
110000337,1833,727,1106
110000338,601,248,353
110000339,362,178,184
110000340,105,123,-18
110000341,536,315,221
110000342,191,4,187
110000343,0,19,-19
110000344,44,127,-83
110000345,68,172,-104
110000346,1508,1583,-75
110000347,1191,707,484
110000348,14,12,2
110000349,25,11,14
110000350,105,15,90
110000351,1578,529,1049
110000352,836,1366,-530
110000353,2043,499,1544
110000354,856,2918,-2062
110000355,180,51,129
110000356,729,11,718
110000357,642,16,626
110000361,81,41,40
110000362,141,37,104
110000363,793,82,711
110000364,342,228,114
110000365,152,2,150
110000366,0,76,-76
110000367,536,208,328
110000368,4,52,-48
110000369,77,1,76
110000373,2,241,-239
110000374,94,19,75
110000375,105,752,-647
110000376,36,49,-13
110000377,74,378,-304
110000378,14,461,-447
110000379,1664,1945,-281
110000380,105,28,77
110000383,1,632,-631
110000384,606,294,312
110000385,1,226,-225
110000387,141,0,141
110000388,70,157,-87
110000389,1170,9,1161
110000391,961,159,802
110000396,272,91,181
110000397,169,57,112
110000398,5,20,-15
110000399,135,1,134
110000587,169,75,94
110000589,179,84,95
110000640,156,25,131
110000652,13,415,-402
110000653,304,279,25
110000654,21,1164,-1143
110000656,0,186,-186
110000674,47,36,11
110000675,16,28,-12
110000676,2,42,-40
110000679,82,1291,-1209
110000682,110,162,-52
110000683,239,377,-138
110000684,10,56,-46
110000685,13,16,-3
110000686,5,31,-26
110000687,23,11,12
110000688,43,1583,-1540
110000689,38,28,10
110000692,30,109,-79
110000693,18,241,-223
110000694,1,123,-122
110000695,247,632,-385
110000696,59,40,19
110900001,396,26,370
110900002,357,281,76
110900003,1236,277,959
110900004,703,65,638
110900005,1346,3532,-2186
110900006,58,57,1
110900007,188,70,118
110900008,14,18,-4
110900009,567,246,321
110900010,21,13,8
110900011,34,45,-11
110900012,25,31,-6
110900013,1277,117,1160
110900014,281,23,258
110900015,358,937,-579
110900016,75,53,22
110900017,727,37,690
110900018,527,48,479
110900019,337,28,309
110900020,184,125,59
110900021,100,280,-180
110900022,73,130,-57
110900023,108,376,-268
110900024,25,176,-151
110900025,5,37,-32
110900027,56,141,-85
110900028,41,108,-67
110900029,14,121,-107
110900030,52,142,-90
110900031,0,84,-84
110900032,0,46,-46
110900033,45,164,-119
110900035,9,459,-450
110900036,109,27,82
110900037,117,26,91
110900038,508,175,333
110900039,7,249,-242
110900040,285,27,258
110900041,16,100,-84
110900042,171,62,109
110900043,13,70,-57
110900044,232,23,209
110900045,44,162,-118
110900046,16,101,-85
110900047,211,397,-186
110900049,156,178,-22
110900050,68,4,64
110900051,30,119,-89
110900052,6,78,-72
110900053,164,26,138
110900054,47,156,-109
110900055,53,6,47
110900056,68,98,-30
110900057,17,80,-63
110900058,313,169,144
110900059,491,294,197
110900060,503,212,291
110900061,17,85,-68
110900062,265,128,137
110900063,45,42,3
110900064,18,0,18
110900065,124,109,15
110900066,11,64,-53
110900067,232,695,-463
110900068,192,144,48
110900069,5,20,-15
110900070,136,62,74
110900071,181,1010,-829
110900073,0,21,-21
110900074,665,121,544
110900075,505,63,442
110900077,1360,488,872
110900078,60,32,28
110900079,1172,1368,-196
110900080,220,85,135
110900081,17,22,-5
110900082,149,63,86
110900083,193,66,127
110900084,105,38,67
110900085,60,182,-122
110900086,97,435,-338
110900087,450,137,313
110900088,7,3,4
110900090,60,55,5
110900091,1,28,-27
110900093,223,108,115
110900095,80,36,44
110900097,18,21,-3
110900098,25,53,-28
110900099,71,247,-176
110900100,0,9,-9
110900102,115,14,101
110900105,1059,136,923
110900108,21,31,-10
110900111,385,102,283
110900112,1085,22,1063
110900113,322,61,261
110900115,20,40,-20
110900116,1232,910,322
110900118,77,3924,-3847
110900119,1430,223,1207
110900120,51,44,7
110900121,228,1,227
110900122,577,270,307
110900125,476,500,-24
110900127,582,1657,-1075
110900128,207,335,-128
110900129,219,1052,-833
110900130,491,512,-21
110900131,431,111,320
110900132,552,141,411
110900133,172,145,27
110900135,61,187,-126
110900136,390,9,381
110900137,14,0,14
110900138,411,609,-198
110900139,1,237,-236
110900140,22,2,20
110900141,4,266,-262
110900142,76,119,-43
110900143,209,67,142
110900144,1,245,-244
110900145,207,96,111
110900146,152,290,-138
110900147,62,315,-253
110900148,2,163,-161
110900149,15,47,-32
110900150,32,30,2
110900151,0,81,-81
110900152,22,80,-58
110900153,148,69,79
111000001,332,336,-4
111000002,184,283,-99
111000003,1552,892,660
111000004,455,630,-175
111000005,1958,1582,376
111000006,799,1569,-770
111000007,4651,3883,768
111000008,1892,2930,-1038
111000009,308,627,-319
111000010,1347,311,1036
111000011,132,496,-364
111000012,150,373,-223
111000013,383,583,-200
111000014,1186,584,602
111000017,124,878,-754
111000018,166,282,-116
111000020,840,1383,-543
111000021,68,76,-8
111000023,122,73,49
111000025,4378,3981,397
111000029,76,166,-90
111000030,42,111,-69
111000031,1753,1095,658
111000032,604,348,256
111000033,262,244,18
111000034,52,194,-142
111000037,976,543,433
111000038,2716,1649,1067
111000039,1929,1635,294
111000040,1630,1565,65
111000041,704,916,-212
111000042,1766,1797,-31
111000043,2038,4190,-2152
111000044,1822,1126,696
111000045,3024,2302,722
111000046,2243,1804,439
111000047,2760,5222,-2462
111000049,467,398,69
111000050,900,701,199
111000051,464,696,-232
111000052,507,1156,-649
111000053,325,631,-306
111000054,330,486,-156
111000055,904,1190,-286
111000056,193,244,-51
111000057,130,228,-98
111000058,580,58,522
111000059,739,257,482
111000060,4755,745,4010
111000061,829,305,524
111000062,1165,399,766
111000063,2031,1089,942
111000064,1198,593,605
111000065,1531,930,601
111000066,796,427,369
111000067,717,464,253
111000068,685,657,28
111000069,1513,1542,-29
111000070,376,448,-72
111000071,104,336,-232
111000072,1046,454,592
111000073,273,719,-446
111000074,1674,1718,-44
111000075,947,553,394
111000076,594,541,53
111000077,1614,1398,216
111000078,2123,1034,1089
111000079,1058,604,454
111000080,603,499,104
111000081,1351,3316,-1965
111000082,848,454,394
111000084,782,460,322
111000085,847,798,49
111000086,1766,733,1033
111000087,678,445,233
111000088,3742,2766,976
111000089,787,617,170
111000090,622,1134,-512
111000091,786,298,488
111000092,1759,755,1004
111000093,946,1055,-109
111000094,1741,1154,587
111000095,739,2395,-1656
111000096,831,7808,-6977
111000097,3032,896,2136
111000098,493,696,-203
111000099,482,1054,-572
111000100,393,742,-349
111000101,409,497,-88
111000102,344,462,-118
111000104,1102,215,887
111000107,132,713,-581
111000109,1090,306,784
111000110,1667,602,1065
111000111,3526,428,3098
111000112,2593,696,1897
111000113,903,1951,-1048
111000114,1294,4208,-2914
111000115,3510,1159,2351
111000116,956,775,181
111000117,329,688,-359
111000118,1018,646,372
111000119,1528,714,814
111000120,621,538,83
111000121,301,562,-261
111000122,552,869,-317
111000123,1279,1643,-364
111000124,475,1529,-1054
111000125,243,739,-496
111000126,88,449,-361
111000127,1246,124,1122
111000128,2675,344,2331
111000129,3568,511,3057
111000130,3023,516,2507
111000131,2793,480,2313
111000132,2330,1168,1162
111000133,247,119,128
111000134,176,101,75
111000135,128,156,-28
111000136,474,248,226
111000138,24,3,21
111000140,0,4,-4
111000141,188,353,-165
111000142,18,316,-298
111000143,10,530,-520
111000144,41,2155,-2114
111000145,142,8,134
111000146,135,17,118
111000147,143,37,106
111000148,212,57,155
111000149,5,23,-18
111000150,30,1,29
111000151,0,15,-15
111000153,504,592,-88
111000154,393,154,239
111000155,111,134,-23
111000156,682,556,126
111000157,203,787,-584
111000158,818,622,196
111000159,3632,1007,2625
111000160,695,438,257
111000161,12,612,-600
111000162,7,100,-93
111000163,926,678,248
111000164,458,2351,-1893
111000165,645,330,315
111000166,687,239,448
111000167,146,266,-120
111000168,219,359,-140
111000169,326,393,-67
111000170,317,278,39
111000171,436,353,83
111000172,179,201,-22
111000173,218,376,-158
111000174,277,144,133
111000175,56,255,-199
111000176,494,53,441
111000177,596,101,495
111000178,1559,217,1342
111000179,461,109,352
111000180,432,446,-14
111000181,1878,183,1695
111000182,186,155,31
111000183,397,249,148
111000184,365,203,162
111000185,367,285,82
111000186,360,190,170
111000187,156,156,0
111000188,360,238,122
111000189,538,371,167
111000190,203,185,18
111000191,219,194,25
111000192,152,257,-105
111000193,275,174,101
111000194,70,183,-113
111000195,187,237,-50
111000196,85,99,-14
111000197,601,74,527
111000198,562,51,511
111000199,383,120,263
111000200,633,196,437
111000201,968,171,797
111000202,384,154,230
111000203,411,281,130
111000204,427,1197,-770
111000213,210,394,-184
111000214,1477,1059,418
111000215,922,958,-36
111000217,1701,738,963
111000218,1343,911,432
111000219,245,116,129
111000220,1011,797,214
111000221,378,153,225
111000224,1,95,-94
111000225,324,33,291
111000226,98,2,96
111000227,9,4,5
111000228,21,632,-611
111000229,40,1401,-1361
111000230,433,202,231
111000231,1148,318,830
111000232,1077,639,438
111000233,1482,472,1010
111000234,234,690,-456
111000239,68,95,-27
111000240,65,257,-192
111000241,41,200,-159
111000242,278,63,215
111000243,191,244,-53
111000244,744,96,648
111000245,1231,282,949
111000246,714,169,545
111000247,643,389,254
111000248,841,333,508
111000249,609,305,304
111000250,53,96,-43
111000251,90,97,-7
111000253,13,14,-1
111000255,70,12,58
111000257,69,13,56
111000260,104,771,-667
111000261,1926,134,1792
111000271,24,179,-155
111000273,2210,957,1253
111000274,1327,2219,-892
111000275,166,25,141
111000276,231,955,-724
111000277,248,246,2
111000278,665,174,491
111000291,897,8988,-8091
111000298,745,187,558
111000299,718,214,504
111000300,64,314,-250
111000302,456,110,346
111000303,110,120,-10
111000312,43,55,-12
111000315,0,24,-24
111000320,175,363,-188
111000321,545,164,381
111000322,406,160,246
111000323,385,36,349
111000324,347,175,172
111000325,46,60,-14
111000326,276,177,99
111000327,353,276,77
111000328,273,415,-142
111000329,0,12,-12
111000330,51,13,38
111000331,7,7,0
111000332,538,1075,-537
111000334,286,705,-419
111000335,1241,241,1000
111000337,2089,211,1878
111000338,79,66,13
111000339,1144,150,994
111000340,137,339,-202
111000341,1838,744,1094
111000342,77,1387,-1310
111000344,1283,571,712
111000345,133,105,28
111000346,16,183,-167
111000347,214,15,199
111000350,113,89,24
111000351,119,202,-83
111000352,211,146,65
111000353,173,139,34
111000354,584,123,461
111000355,356,434,-78
111000358,240,451,-211
111000360,320,241,79
111000361,284,88,196
111000546,1063,386,677
111000547,544,289,255
111000548,208,306,-98
111000549,454,201,253
111000550,57,1086,-1029
111000551,459,145,314
111000552,639,197,442
111000907,141,20,121
111000908,22,0,22
111000916,2366,192,2174
111000917,76,296,-220
111000918,291,289,2
111000920,759,15,744
111000921,11,97,-86
111000922,850,163,687
111000924,44,325,-281
111000925,3179,2127,1052
111000926,916,903,13
111000927,2733,4561,-1828
111000928,3093,1813,1280
111000929,2222,1334,888
111000930,798,1391,-593
111000931,2497,2412,85
111000932,2836,1246,1590
111000933,3035,2932,103
111000934,1307,1839,-532
111000935,2006,907,1099
111000936,1049,1193,-144
111000937,1119,1285,-166
111000938,990,766,224
111000939,849,24,825
111000940,670,40,630
111000941,438,234,204
111000943,765,256,509
111000944,165,165,0
111000945,98,718,-620
111001109,697,704,-7
111001110,120,304,-184
111001111,126,8,118
111001112,62,7,55
111001113,0,111,-111
111001114,409,133,276
111001115,10,1280,-1270
111001116,2460,5481,-3021
111001117,261,2829,-2568
111001120,122,188,-66
111001121,118,153,-35
111001122,35,95,-60
111900001,57,60,-3
111900002,46,241,-195
111900003,9,152,-143
111900004,22,52,-30
111900006,32,65,-33
111900007,223,12,211
111900008,450,6,444
111900009,359,67,292
111900010,175,314,-139
111900012,66,54,12
111900013,9,16,-7
111900014,2299,6248,-3949
111900015,0,31,-31
111900016,0,21,-21
111900017,0,36,-36
111900018,219,12,207
111900019,1,145,-144
111900020,4,35,-31
111900021,26,101,-75
111900022,7,35,-28
111900023,53,54,-1
111900024,7,56,-49
111900025,0,23,-23
111900026,0,20,-20
111900027,5,68,-63
111900028,1,99,-98
111900029,5,27,-22
111900030,26,259,-233
111900031,29,34,-5
111900032,1,91,-90
111900033,23,30,-7
111900034,113,233,-120
111900035,113,238,-125
111900036,0,100,-100
111900038,158,352,-194
111900039,40,199,-159
111900040,3,170,-167
111900042,14,91,-77
111900043,4,162,-158
111900044,107,202,-95
111900046,15,75,-60
111900048,469,243,226
111900049,25,173,-148
111900050,151,41,110
111900051,0,79,-79
111900052,148,322,-174
111900053,342,2289,-1947
111900054,205,6,199
111900055,16,136,-120
111900056,92,334,-242
111900057,223,12,211
111900058,838,238,600
111900059,1023,945,78
111900060,520,1,519
111900061,3,104,-101
111900062,76,79,-3
111900063,403,348,55
111900064,38,120,-82
111900065,190,27,163
111900066,218,125,93
111900067,0,208,-208
111900068,68,90,-22
111900069,110,58,52
111900070,281,105,176
111900071,2,102,-100
111900072,58,41,17
111900073,1243,246,997
111900074,6,180,-174
111900075,152,17,135
111900076,358,128,230
111900077,53,7,46
111900078,524,45,479
111900079,59,53,6
111900080,181,231,-50
111900081,560,323,237
111900082,349,72,277
111900083,304,42,262
111900084,216,7,209
111900085,51,108,-57
111900086,84,20,64
111900087,98,1,97
111900088,773,17,756
111900089,148,8,140
111900090,63,61,2
111900091,512,15,497
111900092,137,0,137
111900093,675,18,657
111900094,192,0,192
111900095,533,53,480
111900096,381,22,359
111900097,58,0,58
111900098,470,5,465
111900099,124,0,124
111900100,221,9,212
111900101,130,25,105
111900102,1025,348,677
111900103,64,113,-49
111900104,128,69,59
111900105,358,464,-106
111900106,615,41,574
111900107,52,139,-87
111900108,122,222,-100
111900109,212,604,-392
111900110,1194,384,810
111900111,299,37,262
111900112,435,4579,-4144
111900113,205,94,111
111900114,154,75,79
111900115,7,14,-7
111900118,305,122,183
111900119,350,217,133
111900122,110,162,-52
111900123,24,42,-18
111900124,56,35,21
111900125,762,49,713
111900126,377,4,373
111900127,1,237,-236
111900128,6,254,-248
111900129,378,6,372
111900130,258,79,179
111900131,672,1,671
111900132,12,377,-365
111900133,3,132,-129
111900134,9,128,-119
111900135,17,47,-30
111900136,64,154,-90
111900137,42,47,-5
111900138,28,66,-38
111900139,23,69,-46
111900140,160,59,101
111900141,120,27,93
111900142,87,26,61
111900143,56,113,-57
111900144,0,33,-33
111900145,0,189,-189
111900146,3,90,-87
111900147,39,253,-214
111900148,18,303,-285
111900149,2,134,-132
111900150,19,98,-79
111900151,6,22,-16
111900152,91,106,-15
111900153,528,932,-404
111900154,30,614,-584
111900155,105,188,-83
111900156,118,113,5
111900157,254,35,219
111900158,808,191,617
111900159,476,57,419
111900160,606,1,605
111900161,393,2,391
111900162,125,193,-68
111900163,23,161,-138
111900164,115,46,69
111901113,865,57,808
111901114,478,259,219
111901115,174,3,171
111901116,43,4,39
111901117,57,56,1
111901118,27,451,-424
111901119,358,79,279
111901120,43,148,-105
111901121,56,73,-17
111901122,14,183,-169
111901123,330,116,214
111901124,343,8,335
111901125,444,75,369
111901126,197,142,55
111901127,409,1116,-707
111901128,9,63,-54
111901129,1,84,-83
111901130,7,77,-70
111901131,3,100,-97
111901132,108,33,75
111901133,69,12,57
111901134,145,15,130
111901135,22,32,-10
111901136,26,69,-43
111901137,0,38,-38
111901138,82,42,40
111901139,27,20,7
111901140,8,46,-38
111901141,3,74,-71
111901142,3,42,-39
111901143,0,57,-57
111901144,27,62,-35
112000001,2592,784,1808
112000002,523,1578,-1055
112000003,2724,1208,1516
112000004,688,409,279
112000005,4133,4170,-37
112000006,1289,956,333
112000007,5225,3262,1963
112000008,3150,4291,-1141
112000009,2354,1593,761
112000010,3729,4900,-1171
112000011,1258,1089,169
112000012,4414,6794,-2380
112000013,2552,3333,-781
112000014,1870,4381,-2511
112000015,2874,3725,-851
112000016,2928,2808,120
112000017,900,4406,-3506
112000024,1294,529,765
112000026,1853,1988,-135
112000027,711,671,40
112000028,697,894,-197
112000029,1046,1147,-101
112000030,152,36,116
112000031,1679,5232,-3553
112000032,154,32,122
112000033,1468,3618,-2150
112000034,165,53,112
112000035,51,693,-642
112000036,372,1394,-1022
112000037,763,1088,-325
112000038,1286,1530,-244
112000039,127,74,53
112000040,67,112,-45
112000041,262,300,-38
112000042,810,390,420
112000050,1393,1094,299
112000051,1347,2021,-674
112000054,1322,1014,308
112000057,527,363,164
112000058,294,610,-316
112000059,406,738,-332
112000061,1905,891,1014
112000062,803,1418,-615
112000063,351,2975,-2624
112000064,2435,2898,-463
112000065,1052,1841,-789
112000066,3346,1641,1705
112000067,596,503,93
112000068,3463,3017,446
112000069,439,1341,-902
112000070,2163,849,1314
112000071,995,1750,-755
112000072,3293,916,2377
112000073,1590,1816,-226
112000074,1441,1290,151
112000075,1437,1327,110
112000076,3022,2248,774
112000077,896,346,550
112000078,2402,556,1846
112000079,1777,1289,488
112000080,740,428,312
112000081,969,1868,-899
112000082,1364,589,775
112000083,634,914,-280
112000084,1535,562,973
112000085,1617,749,868
112000086,2005,669,1336
112000087,752,221,531
112000088,987,259,728
112000089,356,221,135
112000090,152,183,-31
112000091,513,568,-55
112000092,2926,1042,1884
112000093,1495,627,868
112000094,917,828,89
112000095,695,561,134
112000096,822,584,238
112000097,2024,856,1168
112000098,601,465,136
112000099,944,2186,-1242
112000100,2738,641,2097
112000101,611,415,196
112000102,2153,514,1639
112000103,440,504,-64
112000105,479,622,-143
112000106,2122,313,1809
112000107,39,223,-184
112000108,264,828,-564
112000109,78,65,13
112000110,1780,497,1283
112000111,471,2305,-1834
112000112,2888,521,2367
112000113,680,979,-299
112000114,2876,830,2046
112000115,303,449,-146
112000116,780,907,-127
112000117,1291,660,631
112000118,933,561,372
112000119,404,485,-81
112000120,68,251,-183
112000121,181,231,-50
112000122,342,121,221
112000123,986,88,898
112000124,606,67,539
112000125,324,273,51
112000126,521,231,290
112000127,1697,3355,-1658
112000128,418,698,-280
112000129,108,93,15
112000130,334,78,256
112000131,62,137,-75
112000132,203,144,59
112000133,421,117,304
112000134,414,225,189
112000135,1452,624,828
112000136,801,1056,-255
112000137,1870,1732,138
112000138,1225,891,334
112000139,690,835,-145
112000140,331,947,-616
112000141,1285,439,846
112000142,188,412,-224
112000143,1482,230,1252
112000144,287,673,-386
112000145,3480,535,2945
112000146,611,1072,-461
112000147,2912,1620,1292
112000148,1148,1179,-31
112000149,593,383,210
112000150,285,321,-36
112000151,324,154,170
112000152,669,321,348
112000153,149,201,-52
112000154,135,169,-34
112000155,142,90,52
112000157,475,683,-208
112000158,419,235,184
112000159,1031,331,700
112000167,403,140,263
112000169,197,361,-164
112000173,1260,258,1002
112000175,426,227,199
112000176,975,1348,-373
112000177,1314,341,973
112000178,119,213,-94
112000179,336,79,257
112000180,276,275,1
112000181,1225,1074,151
112000182,2100,621,1479
112000183,39,15,24
112000184,483,198,285
112000185,855,280,575
112000187,5723,3818,1905
112000195,194,23,171
112000196,355,1,354
112000197,148,420,-272
112000198,38,272,-234
112000199,83,597,-514
112000202,659,2,657
112000216,74,235,-161
112000230,167,5,162
112000231,1,120,-119
112000256,87,322,-235
112000313,43,38,5
112000314,79,63,16
112000337,279,544,-265
112000352,193,471,-278
112000392,1330,991,339
112000398,2167,797,1370
112000399,1082,3485,-2403
112000400,1416,1288,128
112000401,1781,1095,686
112000402,4472,5155,-683
112000403,1517,4384,-2867
112000404,1580,1301,279
112000405,2925,3064,-139
112000406,1992,1046,946
112000407,10135,9071,1064
112000408,5021,2898,2123
112000409,1157,2000,-843
112000410,434,488,-54
112000411,2278,2103,175
112000412,776,455,321
112000413,4295,8360,-4065
112000414,111,18,93
112000415,114,52,62
112000416,3262,1495,1767
112000417,274,91,183
112000421,68,48,20
112000422,436,134,302
112000424,1179,3618,-2439
112000425,470,297,173
112000426,204,332,-128
112000427,0,15,-15
112000428,333,162,171
112000429,2013,1659,354
112000430,2288,2518,-230
112000431,133,181,-48
112000432,678,497,181
112000433,280,771,-491
112000437,34,100,-66
112900001,96,0,96
112900002,926,369,557
112900003,76,136,-60
112900004,121,150,-29
112900005,340,104,236
112900006,8,171,-163
112900007,90,101,-11
112900008,1,39,-38
112900009,668,203,465
112900010,727,430,297
112900011,77,93,-16
112900012,3,18,-15
112900013,13,267,-254
112900014,11,158,-147
112900015,198,597,-399
112900016,4,135,-131
112900017,51,127,-76
112900018,0,53,-53
112900019,27,172,-145
112900020,410,968,-558
112900021,5,70,-65
112900022,12,42,-30
112900023,0,21,-21
112900024,11,156,-145
112900025,73,157,-84
112900026,9,81,-72
112900027,7,332,-325
112900028,16,124,-108
112900029,16,198,-182
112900030,39,78,-39
112900031,12,307,-295
112900032,181,198,-17
112900034,4,26,-22
112900035,3,179,-176
112900036,49,142,-93
112900037,121,182,-61
112900038,1027,146,881
112900039,5,172,-167
112900040,14,459,-445
112900041,441,1393,-952
112900042,108,193,-85
112900043,40,67,-27
112900044,282,348,-66
112900045,175,206,-31
112900046,113,94,19
112900047,20,30,-10
112900049,362,54,308
112900050,17,450,-433
112900051,215,341,-126
112900052,7,249,-242
112900053,170,166,4
112900054,176,54,122
112900055,95,39,56
112900056,445,325,120
112900057,31,237,-206
112900058,431,438,-7
112900059,160,192,-32
112900060,86,102,-16
112900061,209,105,104
112900062,66,92,-26
112900063,46,17,29
112900064,85,217,-132
112900065,38,45,-7
112900066,338,351,-13
112900067,181,103,78
112900068,51,66,-15
112900069,1169,1035,134
112900071,62,16,46
112900072,121,3336,-3215
112900073,374,253,121
112900074,135,480,-345
112900075,810,1287,-477
112900076,78,43,35
112900078,380,604,-224
112900079,389,36,353
112900080,154,6,148
112900081,73,339,-266
112900082,760,75,685
112900083,307,171,136
112900084,300,248,52
112900085,0,12,-12
112900086,159,2,157
112900087,1374,200,1174
112900088,258,11,247
112900089,1417,73,1344
112900090,170,87,83
112900091,354,11,343
112900092,89,632,-543
112900093,1628,50,1578
112900094,125,2,123
112900095,146,1,145
112900096,936,237,699
112900097,120,242,-122
112900098,123,5,118
112900099,1429,64,1365
112900100,94,2,92
112900101,564,6,558
112900102,129,26,103
112900103,245,9,236
112900104,49,1,48
112900105,45,0,45
112900106,446,121,325
112900107,7,0,7
112900108,4,4,0
112900109,250,4,246
112900110,2106,46,2060
112900111,1028,12,1016
112900112,450,2,448
112900113,0,5,-5
112900114,264,21,243
112900115,2371,14,2357
112900116,191,29,162
112900117,59,34,25
112900118,20,77,-57
112900119,269,3,266
112900120,435,211,224
112900121,99,96,3
112900122,8,90,-82
112900123,162,32,130
112900124,33,68,-35
112900125,48,622,-574
112900126,111,119,-8
112900127,542,163,379
112900128,106,499,-393
112900129,0,462,-462
112900130,230,211,19
112900131,28,167,-139
112900132,69,292,-223
112900133,19,630,-611
112900134,2,184,-182
112900135,133,102,31
112900136,0,16,-16
112900137,1,236,-235
112900138,10,87,-77
112900139,122,710,-588
112900140,0,34,-34
112900141,1115,57,1058
112900142,75,296,-221
112900143,20,224,-204
112900144,0,86,-86
112900145,20,369,-349
112900146,3,354,-351
112900147,0,521,-521
112900148,63,5,58
112900149,285,199,86
112900151,4,41,-37
112900152,2067,562,1505
112900153,900,3187,-2287
112900154,2,16,-14
112900155,194,22,172
112900156,636,515,121
112900157,473,13,460
112900158,183,6,177
112900159,248,183,65
112900160,57,168,-111
112900161,136,83,53
112900162,30,21,9
112900163,49,57,-8
112900164,21,157,-136
112900165,92,48,44
112900166,9,68,-59
112900167,15,168,-153
112900168,3,4,-1
112900169,8,20,-12
112900170,96,198,-102
112900172,40,15,25
112900173,233,86,147
112900174,459,75,384
112900175,103,353,-250
112900176,4,51,-47
112900177,201,71,130
112900178,736,3211,-2475
112900179,13,297,-284
112900180,2535,873,1662
112900181,874,13,861
112900182,73,455,-382
112900183,67,422,-355
112900184,301,649,-348
112900185,123,781,-658
112900186,843,1523,-680
112900187,65,648,-583
112900188,689,2848,-2159
112900189,12,5,7
112900190,7,21,-14
112900192,880,911,-31
112900193,1292,483,809
112900194,95,17,78
112900195,1019,64,955
112900196,306,391,-85
112900197,159,328,-169
112900199,957,356,601
112900200,717,189,528
112900201,322,127,195
112900202,672,446,226
112900203,457,126,331
112900204,681,631,50
112900205,20,2,18
112900206,29,171,-142
112900207,49,0,49
112900208,83,351,-268
112900209,250,262,-12
112900210,0,11,-11
112900211,114,20,94
112900212,1,29,-28
112900213,86,8,78
112900214,6,23,-17
112900215,29,65,-36
112900216,14,44,-30
112900217,42,54,-12
112900218,131,17,114
112900219,119,6,113
112900220,5,0,5
112900221,32,95,-63
112900222,0,49,-49
112900223,1503,55,1448
112900224,521,223,298
112900225,711,258,453
112900226,213,482,-269
112900227,1205,402,803
112900228,102,58,44
112900229,513,22,491
112900230,7172,3627,3545
112900232,438,453,-15
112900233,55,74,-19
112900234,41,29,12
112900235,62,23,39
112900236,495,4,491
112900237,312,47,265
112900238,10,11,-1
113000001,6398,4173,2225
113000002,3977,3179,798
113000003,1651,1364,287
113000004,1330,1922,-592
113000005,1655,1202,453
113000006,1096,1171,-75
113000007,2254,1155,1099
113000008,1721,1355,366
113000009,1342,572,770
113000010,1295,1007,288
113000011,882,1013,-131
113000012,1872,689,1183
113000013,956,556,400
113000014,885,1082,-197
113000015,146,139,7
113000016,235,706,-471
113000017,85,340,-255
113000018,373,26,347
113000019,270,310,-40
113000020,437,71,366
113000021,1459,461,998
113000022,815,1272,-457
113000025,92,215,-123
113000026,615,604,11
113000027,458,1054,-596
113000028,655,1503,-848
113000029,975,746,229
113000030,213,415,-202
113000031,144,245,-101
113000032,234,341,-107
113000033,225,358,-133
113000034,143,207,-64
113000035,33,35,-2
113000036,25,47,-22
113000037,59,35,24
113000038,26,52,-26
113000039,50,265,-215
113000040,42,62,-20
113000042,667,459,208
113000051,1001,1921,-920
113000052,2283,605,1678
113000053,497,357,140
113000054,511,555,-44
113000055,1671,357,1314
113000056,1403,718,685
113000058,535,731,-196
113000059,946,398,548
113000060,315,514,-199
113000061,501,717,-216
113000062,474,360,114
113000063,387,72,315
113000064,100,120,-20
113000065,187,397,-210
113000066,1139,104,1035
113000067,3304,955,2349
113000068,463,569,-106
113000069,554,486,68
113000070,3429,971,2458
113000071,646,423,223
113000072,1308,456,852
113000073,461,1429,-968
113000074,913,454,459
113000075,1760,953,807
113000076,517,2417,-1900
113000077,753,837,-84
113000078,376,2127,-1751
113000079,443,762,-319
113000080,528,818,-290
113000081,716,951,-235
113000082,860,844,16
113000083,531,701,-170
113000084,1619,968,651
113000085,909,581,328
113000086,800,996,-196
113000087,811,939,-128
113000088,1814,1445,369
113000089,748,1489,-741
113000090,221,749,-528
113000091,310,309,1
113000094,1511,301,1210
113000095,215,701,-486
113000096,113,1277,-1164
113000097,1251,620,631
113000098,169,79,90
113000099,1101,583,518
113000100,140,646,-506
113000101,231,756,-525
113000102,749,612,137
113000103,1785,295,1490
113000104,655,2003,-1348
113000105,920,577,343
113000106,372,394,-22
113000107,1064,1038,26
113000108,618,747,-129
113000109,500,1205,-705
113000110,2945,602,2343
113000111,156,629,-473
113000112,258,205,53
113000113,1116,310,806
113000114,204,1293,-1089
113000116,577,286,291
113000117,1002,113,889
113000118,44,642,-598
113000119,318,357,-39
113000120,66,338,-272
113000121,463,1170,-707
113000124,213,89,124
113000125,58,1092,-1034
113000127,1522,220,1302
113000128,794,314,480
113000129,528,798,-270
113000133,2559,1042,1517
113000134,7,1335,-1328
113000135,4255,5128,-873
113000137,1053,4073,-3020
113000139,250,285,-35
113000140,58,171,-113
113000141,141,192,-51
113000142,236,881,-645
113000143,270,145,125
113000144,206,474,-268
113000145,164,122,42
113000146,118,57,61
113000147,228,126,102
113000148,314,152,162
113000149,249,246,3
113000150,687,274,413
113000151,38,38,0
113000152,40,131,-91
113000153,988,345,643
113000154,572,1423,-851
113000155,395,644,-249
113000156,119,236,-117
113000157,248,468,-220
113000158,726,172,554
113000159,1045,456,589
113000160,466,533,-67
113000161,292,226,66
113000162,998,237,761
113000163,138,49,89
113000164,6,76,-70
113000166,263,94,169
113000167,65,46,19
113000168,81,79,2
113000169,231,54,177
113000170,101,86,15
113000171,27,69,-42
113000172,388,76,312
113000173,65,21,44
113000174,122,156,-34
113000175,505,53,452
113000176,567,77,490
113000177,203,217,-14
113000178,156,180,-24
113000179,378,121,257
113000180,760,875,-115
113000181,1127,732,395
113000182,160,370,-210
113000183,121,576,-455
113000184,28,118,-90
113000189,272,854,-582
113000190,248,256,-8
113000192,632,4615,-3983
113000193,2102,2946,-844
113000194,665,1565,-900
113000195,1329,2020,-691
113000196,268,78,190
113000197,1345,1731,-386
113000198,140,198,-58
113000199,1729,410,1319
113000201,229,375,-146
113000202,6402,1318,5084
113000203,67,186,-119
113000204,480,3974,-3494
113000205,8,17,-9
113000206,18,52,-34
113000207,93,31,62
113000208,61,70,-9
113000209,9,17,-8
113000210,14,40,-26
113000211,60,180,-120
113000212,46,46,0
113000213,14,105,-91
113000214,150,270,-120
113000234,189,614,-425
113000410,74,222,-148
113000411,1566,3261,-1695
113000412,3615,1759,1856
113000413,1118,2735,-1617
113000414,2993,11860,-8867
113000415,1827,1778,49
113000416,3260,2656,604
113000417,1376,1929,-553
113000418,3839,3944,-105
113000419,1530,2952,-1422
113000420,2949,6058,-3109
113000421,4264,7801,-3537
113000422,8016,10219,-2203
113000423,1369,5219,-3850
113000424,1731,8815,-7084
113000425,4,66,-62
113000428,16,2,14
113000430,1,38,-37
113000432,2837,211,2626
113000433,71,422,-351
113000434,15,94,-79
113000435,25,166,-141
113000436,8,518,-510
113000437,1665,17,1648
113000438,361,11,350
113000439,34,24,10
113000440,126,37,89
113000441,257,117,140
113000442,172,96,76
113000443,315,143,172
113000444,375,104,271
113000445,123,48,75
113000446,59,65,-6
113000448,469,271,198
113000449,130,565,-435
113000450,683,1557,-874
113000451,1992,305,1687
113000452,157,343,-186
113000453,46,610,-564
113000454,293,68,225
113000455,5,811,-806
113000456,2365,2705,-340
113000468,727,99,628
113000469,61,203,-142
113000470,313,28,285
113000471,13,258,-245
113000472,140,206,-66
113000474,1065,636,429
113000475,1247,1337,-90
113000476,1947,2078,-131
113000477,4047,1798,2249
113000478,3036,2954,82
113000479,77,62,15
113000480,98,378,-280
113000482,0,0,0
113000483,0,0,0
113000485,0,0,0
113000486,0,0,0
113000487,0,0,0
113000488,0,0,0
113000489,0,2,-2
113000490,0,0,0
113000491,4,0,4
113000492,0,0,0
113000493,0,0,0
113000495,190,87,103
113000496,94,59,35
113000497,0,0,0
113000500,0,0,0
113900001,2,610,-608
113900002,0,58,-58
113900003,0,60,-60
113900004,0,116,-116
113900005,5,165,-160
113900006,3,12,-9
113900007,32,42,-10
113900008,8,0,8
113900009,34,0,34
113900010,13,1,12
113900011,71,1,70
113900012,28,1,27
113900013,151,3,148
113900014,758,3,755
113900015,0,59,-59
113900016,52,0,52
113900017,2,46,-44
113900018,188,275,-87
113900019,228,43,185
113900020,263,2,261
113900022,80,0,80
113900023,26,0,26
113900024,38,44,-6
113900025,177,21,156
113900026,91,0,91
113900027,18,39,-21
113900028,47,200,-153
113900029,81,117,-36
113900030,331,6,325
113900031,25,3,22
113900032,48,1,47
113900033,76,57,19
113900035,73,1,72
113900036,28,69,-41
113900037,317,259,58
113900038,20,105,-85
113900039,263,48,215
113900040,18,42,-24
113900041,44,3,41
113900042,71,40,31
113900043,242,60,182
113900044,137,433,-296
113900045,87,2,85
113900046,251,1408,-1157
113900047,97,63,34
113900048,100,131,-31
113900049,271,347,-76
113900050,342,273,69
113900051,282,194,88
113900052,113,60,53
113900053,772,828,-56
113900054,50,3,47
113900055,73,413,-340
113900056,67,98,-31
113900057,16,60,-44
113900058,116,72,44
113900059,233,262,-29
113900060,82,103,-21
113900061,526,246,280
113900062,139,19,120
113900063,186,91,95
113900064,38,61,-23
113900065,478,27,451
113900066,465,223,242
113900067,322,144,178
113900068,540,674,-134
113900069,46,25,21
113900070,124,270,-146
113900071,99,29,70
113900072,68,97,-29
113900073,231,197,34
113900074,206,194,12
113900075,1035,1628,-593
113900076,154,20,134
113900077,56,105,-49
113900078,49,34,15
113900079,1,20,-19
113900080,871,162,709
113900081,68,84,-16
113900082,175,206,-31
113900083,603,152,451
113900084,225,91,134
113900085,62,119,-57
113900086,90,12,78
113900087,130,136,-6
113900088,68,87,-19
113900089,407,40,367
113900090,674,437,237
113900091,13,5,8
113900092,20,85,-65
113900093,49,947,-898
113900094,744,232,512
113900095,122,212,-90
113900096,348,108,240
113900097,21,41,-20
113900098,943,131,812
113900099,1,36,-35
113900100,0,2,-2
113900101,4,80,-76
113900102,104,146,-42
113900103,248,414,-166
113900104,131,228,-97
113900105,191,77,114
113900106,1,11,-10
113900107,11,9,2
113900108,139,260,-121
113900109,317,201,116
113900110,113,18,95
113900111,185,72,113
113900112,237,69,168
113900113,1243,444,799
113900114,3,28,-25
113900115,2,38,-36
113900116,48,164,-116
113900117,72,23,49
113900118,210,549,-339
113900119,136,439,-303
113900120,103,40,63
113900121,108,71,37
113900122,410,2717,-2307
113900123,557,224,333
113900124,0,50,-50
113900125,653,118,535
113900126,126,55,71
113900127,462,917,-455
113900128,138,53,85
113900129,3,255,-252
113900130,1,201,-200
113900131,335,73,262
113900132,31,83,-52
113900133,20,33,-13
113900135,244,194,50
113900136,102,61,41
113900137,297,312,-15
113900138,52,309,-257
113900139,143,219,-76
113900140,69,437,-368
113900141,709,205,504
113900142,178,50,128
113900143,26,62,-36
113900144,60,275,-215
113900145,393,113,280
113900146,241,75,166
113900148,93,368,-275
113900149,120,79,41
113900150,314,460,-146
113900151,533,113,420
113900152,62,52,10
113900153,163,626,-463
113900154,2,156,-154
113900155,113,270,-157
113900156,215,316,-101
113900157,58,317,-259
113900158,198,515,-317
113900159,26,262,-236
113900160,419,328,91
113900161,113,297,-184
113900162,161,850,-689
113900163,258,226,32
113900164,475,41,434
113900165,595,777,-182
113900166,92,146,-54
113900167,350,46,304
113900168,66,59,7
113900169,150,281,-131
113900171,326,79,247
113900172,6,85,-79
113900173,29,275,-246
113900174,446,374,72
113900175,439,132,307
113900176,384,304,80
113900177,276,166,110
113900178,271,297,-26
113900179,27,195,-168
113900180,146,107,39
113900181,937,423,514
113900182,697,592,105
113900183,64,60,4
113900184,8,244,-236
113900185,138,69,69
113900186,62,48,14
113900187,34,90,-56
113900188,39,116,-77
113900189,302,137,165
113900190,164,70,94
113900191,101,157,-56
113900192,4,747,-743
113900193,27,112,-85
113900194,1007,399,608
113900195,216,351,-135
113900196,7,146,-139
113900197,3,64,-61
113900198,10,277,-267
113900199,86,387,-301
113900200,25,116,-91
113900201,0,50,-50
113900202,26,126,-100
113900203,0,40,-40
113900204,22,284,-262
113900205,1,50,-49
113900206,3,59,-56
113900207,0,39,-39
113900208,1,25,-24
113900209,0,48,-48
113900210,432,746,-314
113900211,193,58,135
113900212,216,322,-106
113900214,284,469,-185
113900215,59,67,-8
113900216,225,309,-84
113900217,119,116,3
113900218,112,95,17
113900219,103,532,-429
113900220,88,181,-93
113900221,312,363,-51
113900222,145,585,-440
113900223,247,276,-29
113900224,26,59,-33
113900225,379,115,264
113900226,439,131,308
113900227,279,214,65
113900228,226,538,-312
113900229,67,922,-855
113900230,2172,3622,-1450
113900231,136,128,8
113900232,146,73,73
113900233,170,75,95
113900234,416,422,-6
113900235,127,37,90
113900236,378,146,232
113900237,209,26,183
113900238,246,688,-442
113900239,64,135,-71
113900240,4,257,-253
113900241,86,78,8
113900242,25,192,-167
113900243,68,215,-147
113900244,137,129,8
113900245,648,260,388
113900246,18,38,-20
113900247,110,685,-575
113900248,2140,2120,20
113900249,513,554,-41
113900250,50,194,-144
113900251,999,72,927
113900252,735,40,695
113900253,719,65,654
113900254,702,216,486
113900255,692,24,668
113900256,342,16,326
113900257,30,218,-188
113900258,19,218,-199
113900259,738,106,632
113900260,293,14,279
113900261,41,46,-5
113900262,113,236,-123
113900263,90,355,-265
113900264,11,227,-216
113900265,145,319,-174
113900266,43,127,-84
113900267,67,832,-765
113900268,331,523,-192
113900269,78,130,-52
113900270,152,679,-527
113900271,717,529,188
113900273,33,11,22
113900274,64,26,38
113900275,23,73,-50
113900276,3,80,-77
113900277,232,13,219
113900278,205,153,52
113900279,66,56,10
113900280,1354,634,720
113900281,381,1568,-1187
113900282,287,557,-270
113900283,342,517,-175
113900284,1159,216,943
113900285,158,45,113
113900286,109,93,16
113900287,114,25,89
113900288,3,81,-78
113900289,319,115,204
113900290,199,266,-67
113900291,77,115,-38
113900292,13,8,5
113900293,2,175,-173
113900294,605,24,581
113900295,266,400,-134
113900296,1531,389,1142
113900297,2914,50,2864
113900298,13,1241,-1228
113900299,150,23,127
113900300,4404,4353,51
113900301,525,626,-101
113900302,1381,868,513
113900303,165,576,-411
113900304,0,78,-78
113900305,185,1,184
113900306,161,2,159
113900307,15,0,15
113900308,75,100,-25
113900309,1,269,-268
113900310,0,3,-3
113900311,15,1,14
113900312,135,172,-37
113900313,8,1,7
114000001,865,1777,-912
114000002,405,223,182
114000003,69,221,-152
114000004,155,121,34
114000005,338,239,99
114000006,1386,1568,-182
114000007,695,947,-252
114000008,1494,2099,-605
114000009,1255,298,957
114000011,2632,1704,928
114000012,3234,1259,1975
114000013,2222,973,1249
114000014,544,190,354
114000015,2253,221,2032
114000016,228,121,107
114000017,104,159,-55
114000018,143,12,131
114000026,2685,845,1840
114000027,4807,2180,2627
114000028,2236,3040,-804
114000038,318,111,207
114000039,93,48,45
114000040,150,385,-235
114000042,198,137,61
114000043,76,33,43
114000044,380,26,354
114000045,50,32,18
114000046,2246,3740,-1494
114000047,29,58,-29
114000048,74,61,13
114000049,1803,1736,67
114000050,2079,2008,71
114000051,3010,2229,781
114000052,4287,2568,1719
114000053,104,753,-649
114000054,218,634,-416
114000055,247,31,216
114000056,256,1109,-853
114000057,3809,2072,1737
114000058,97,1202,-1105
114000059,44,430,-386
114000060,660,758,-98
114000061,2311,2798,-487
114000062,715,1551,-836
114000063,1093,1246,-153
114000064,2074,3450,-1376
114000065,1170,1785,-615
114000066,459,628,-169
114000067,30,844,-814
114000068,471,741,-270
114000069,1159,580,579
114000070,2019,1700,319
114000071,905,482,423
114000072,612,206,406
114000073,28,15,13
114000074,58,16,42
114000075,73,48,25
114000076,26,34,-8
114000077,4,16,-12
114000078,380,327,53
114000079,276,31,245
114000080,53,77,-24
114000081,88,96,-8
114000082,24,267,-243
114000083,92,107,-15
114000084,411,88,323
114000085,86,296,-210
114000086,319,178,141
114000087,155,78,77
114000088,43,18,25
114000089,386,199,187
114000090,946,1089,-143
114000091,1347,966,381
114000092,816,490,326
114000093,1409,664,745
114000094,367,314,53
114000095,262,202,60
114000096,100,198,-98
114000097,138,264,-126
114000098,562,120,442
114000099,915,184,731
114000100,2050,403,1647
114000101,412,276,136
114000102,667,239,428
114000103,120,182,-62
114000104,24,151,-127
114000105,171,92,79
114000106,701,1808,-1107
114000107,620,103,517
114000108,612,690,-78
114000109,691,1212,-521
114000110,604,733,-129
114000111,2338,990,1348
114000112,269,741,-472
114000113,964,416,548
114000114,739,670,69
114000115,2103,1228,875
114000116,997,2910,-1913
114000117,4544,603,3941
114000118,3714,637,3077
114000119,2835,670,2165
114000120,592,533,59
114000121,390,635,-245
114000122,448,262,186
114000123,2926,442,2484
114000124,1156,380,776
114000125,862,800,62
114000126,2384,208,2176
114000127,256,122,134
114000128,871,229,642
114000130,438,423,15
114000131,334,144,190
114000132,713,334,379
114000133,621,977,-356
114000134,130,61,69
114000138,40,133,-93
114000139,410,427,-17
114000144,860,672,188
114000145,93,85,8
114000146,115,123,-8
114000147,1579,2829,-1250
114000148,1152,1793,-641
114000149,375,392,-17
114000150,312,591,-279
114000151,465,1620,-1155
114000152,103,53,50
114000153,592,2237,-1645
114000154,669,543,126
114000155,1433,2486,-1053
114000156,767,667,100
114000157,241,1158,-917
114000158,943,814,129
114000159,151,428,-277
114000160,82,467,-385
114000161,1020,3059,-2039
114000162,1396,2932,-1536
114000163,30,39,-9
114000165,585,436,149
114000166,627,578,49
114000167,2086,1508,578
114000168,368,527,-159
114000169,1168,1738,-570
114000170,1188,1587,-399
114000171,1395,6060,-4665
114000174,161,418,-257
114000176,327,509,-182
114000177,863,488,375
114000178,67,61,6
114000179,947,723,224
114000180,236,485,-249
114000181,1643,4573,-2930
114000182,1100,2283,-1183
114000183,589,754,-165
114000184,1886,570,1316
114000185,1079,645,434
114000189,1575,216,1359
114000190,4002,601,3401
114000191,99,219,-120
114000192,124,864,-740
114000193,301,1237,-936
114000194,1528,558,970
114000195,204,119,85
114000196,0,88,-88
114000197,2315,11,2304
114000198,677,298,379
114000199,1487,1887,-400
114000200,600,810,-210
114000201,182,495,-313
114000202,882,346,536
114000203,627,449,178
114000204,197,309,-112
114000205,161,1056,-895
114000206,634,985,-351
114000207,419,931,-512
114000208,492,1349,-857
114000209,391,1152,-761
114000210,191,676,-485
114000211,1247,1051,196
114000212,922,887,35
114000213,1632,377,1255
114000214,102,103,-1
114000215,236,59,177
114000216,1671,318,1353
114000217,547,161,386
114000218,194,129,65
114000219,1180,154,1026
114000220,28,415,-387
114000221,1128,219,909
114000222,112,443,-331
114000223,650,171,479
114000224,54,334,-280
114000225,314,368,-54
114000226,214,199,15
114000227,827,446,381
114000228,925,460,465
114000229,1558,974,584
114000230,1526,721,805
114000231,1221,1228,-7
114000232,1064,150,914
114000233,2814,137,2677
114000234,1146,482,664
114000235,1252,836,416
114000236,1,348,-347
114000237,156,581,-425
114000238,64,221,-157
114000239,122,725,-603
114000240,893,953,-60
114000241,299,607,-308
114000242,638,526,112
114000243,1792,874,918
114000244,380,269,111
114000245,518,717,-199
114000246,122,31,91
114000247,517,430,87
114000248,1326,529,797
114000249,555,302,253
114000250,653,368,285
114000251,416,206,210
114000252,73,29,44
114000253,30,65,-35
114000254,50,28,22
114000255,546,515,31
114000256,344,1925,-1581
114000257,309,741,-432
114000258,346,201,145
114000259,114,138,-24
114000260,0,28,-28
114000261,48,34,14
114000262,306,77,229
114000263,18,1,17
114000264,1573,386,1187
114000265,0,15,-15
114000267,0,1479,-1479
114000268,14,592,-578
114000270,194,2,192
114000271,317,38,279
114000283,1537,271,1266
114000285,10,79,-69
114000288,86,208,-122
114000289,1724,87,1637
114000293,250,408,-158
114000294,112,224,-112
114000395,1272,21,1251
114000396,709,726,-17
114000402,792,145,647
114000403,381,207,174
114000405,279,142,137
114000423,458,174,284
114000424,545,143,402
114000425,1294,175,1119
114000426,342,805,-463
114000427,88,72,16
114000428,94,191,-97
114000429,7,88,-81
114000432,74,28,46
114000434,15,60,-45
114900001,675,416,259
114900002,839,242,597
114900003,929,524,405
114900004,281,515,-234
114900005,661,384,277
114900006,150,75,75
114900007,406,45,361
114900008,289,123,166
114900010,1069,1654,-585
114900011,412,165,247
114900013,348,146,202
114900015,95,552,-457
114900018,1038,28,1010
114900020,209,83,126
114900021,341,268,73
114900022,5,438,-433
114900024,310,108,202
114900025,623,161,462
114900026,115,200,-85
114900027,202,241,-39
114900029,40,16,24
114900030,387,234,153
114900031,460,32,428
114900032,526,27,499
114900033,540,1450,-910
114900034,52,74,-22
114900035,125,288,-163
114900036,148,282,-134
114900037,102,147,-45
114900038,253,284,-31
114900039,527,279,248
114900040,102,45,57
114900041,1066,192,874
114900042,1350,280,1070
114900043,288,176,112
114900044,177,85,92
114900045,145,209,-64
114900046,38,59,-21
114900047,176,2860,-2684
114900048,89,175,-86
114900049,4,92,-88
114900050,77,119,-42
114900051,45,188,-143
114900052,108,294,-186
114900053,130,212,-82
114900054,27,68,-41
114900057,175,11,164
114900058,1,97,-96
114900059,137,88,49
114900060,383,851,-468
114900061,171,98,73
114900062,192,295,-103
114900063,67,89,-22
114900064,2456,204,2252
114900065,554,672,-118
114900067,32,373,-341
114900068,32,81,-49
114900069,147,69,78
114900070,683,245,438
114900072,4,184,-180
114900073,0,101,-101
114900074,957,179,778
114900075,497,25,472
114900076,15,229,-214
114900080,1147,204,943
114900082,2312,2900,-588
114900083,604,1044,-440
114900084,319,119,200
114900090,566,173,393
114900091,73,171,-98
114900095,228,74,154
114900096,392,522,-130
114900097,253,33,220
114900098,4,100,-96
114900099,354,12,342
115000001,3630,1928,1702
115000002,4283,4896,-613
115000003,3811,1488,2323
115000004,5441,6329,-888
115000005,1426,1594,-168
115000006,1115,1500,-385
115000007,134,210,-76
115000008,374,434,-60
115000009,198,192,6
115000010,234,147,87
115000013,47,159,-112
115000015,29,170,-141
115000016,144,252,-108
115000019,46,479,-433
115000020,128,1102,-974
115000021,233,384,-151
115000022,413,333,80
115000023,314,600,-286
115000024,868,339,529
115000025,998,813,185
115000026,195,262,-67
115000027,312,382,-70
115000028,218,639,-421
115000029,763,131,632
115000030,735,763,-28
115000031,1178,342,836
115000032,6,168,-162
115000033,166,26,140
115000034,54,1079,-1025
115000035,1123,79,1044
115000036,0,288,-288
115000037,707,29,678
115000038,52,130,-78
115000039,2386,3750,-1364
115000040,3201,2019,1182
115000041,1256,3927,-2671
115000042,572,552,20
115000043,4078,2736,1342
115000044,3406,2631,775
115000045,2332,1065,1267
115000046,2854,2269,585
115000047,2667,1168,1499
115000048,1739,1502,237
115000049,1256,2366,-1110
115000050,3341,1572,1769
115000051,1641,3368,-1727
115000052,1150,1327,-177
115000053,2087,2163,-76
115000054,528,788,-260
115000055,203,1045,-842
115000056,243,638,-395
115000057,589,1423,-834
115000058,401,467,-66
115000059,442,221,221
115000061,102,202,-100
115000062,215,295,-80
115000063,466,329,137
115000064,266,84,182
115000065,64,564,-500
115000067,181,14,167
115000069,118,259,-141
115000070,28,833,-805
115000071,145,30,115
115000072,4,39,-35
115000073,1759,87,1672
115000075,146,41,105
115000076,2283,2023,260
115000077,2344,1279,1065
115000078,1613,767,846
115000079,1380,1199,181
115000080,3027,1419,1608
115000081,311,580,-269
115000082,4806,4054,752
115000083,2102,1160,942
115000084,3300,948,2352
115000085,995,677,318
115000086,1337,607,730
115000087,432,1169,-737
115000088,1751,592,1159
115000089,1258,1042,216
115000090,374,725,-351
115000091,225,501,-276
115000092,605,459,146
115000093,618,1,617
115000094,4751,6093,-1342
115000095,3668,6861,-3193
115000096,1102,853,249
115000097,1667,1046,621
115000098,1549,524,1025
115000099,2977,1696,1281
115000100,1420,331,1089
115000101,670,931,-261
115000102,653,241,412
115000103,348,482,-134
115000105,80,92,-12
115000106,817,371,446
115000107,235,219,16
115000108,2043,1518,525
115000109,3148,5925,-2777
115000110,1116,2233,-1117
115000111,510,1137,-627
115000112,961,1098,-137
115000113,678,783,-105
115000114,1244,624,620
115000116,2858,2449,409
115000117,2327,2543,-216
115000118,2114,1820,294
115000119,1473,2309,-836
115000120,527,1152,-625
115000121,639,865,-226
115000122,1045,1762,-717
115000123,738,2165,-1427
115000124,622,832,-210
115000125,316,671,-355
115000126,174,380,-206
115000127,359,143,216
115000128,331,738,-407
115000129,161,475,-314
115000130,544,397,147
115000131,1018,218,800
115000132,421,312,109
115000133,705,219,486
115000134,408,329,79
115000135,275,198,77
115000136,278,214,64
115000137,112,237,-125
115000138,455,252,203
115000139,280,162,118
115000140,513,169,344
115000141,268,135,133
115000142,203,127,76
115000143,1179,496,683
115000144,517,65,452
115000145,246,189,57
115000146,624,351,273
115000147,369,358,11
115000148,310,450,-140
115000149,717,230,487
115000150,747,445,302
115000151,1512,433,1079
115000152,786,461,325
115000153,1365,524,841
115000154,980,268,712
115000155,652,646,6
115000156,972,886,86
115000157,432,672,-240
115000158,437,341,96
115000159,442,557,-115
115000160,475,583,-108
115000161,525,373,152
115000162,535,902,-367
115000163,410,733,-323
115000164,553,605,-52
115000165,306,579,-273
115000167,89,79,10
115000168,366,352,14
115000169,400,632,-232
115000170,71,139,-68
115000171,184,314,-130
115000172,629,582,47
115000173,217,882,-665
115000174,73,392,-319
115000175,184,238,-54
115000176,142,155,-13
115000177,94,216,-122
115000178,6,140,-134
115000179,38,50,-12
115000180,173,252,-79
115000181,987,125,862
115000182,1263,273,990
115000183,595,447,148
115000186,588,216,372
115000187,243,475,-232
115000188,400,530,-130
115000189,262,406,-144
115000190,700,581,119
115000191,191,502,-311
115000194,143,142,1
115000195,194,452,-258
115000196,281,112,169
115000197,210,123,87
115000198,594,170,424
115000199,544,87,457
115000200,533,117,416
115000201,159,266,-107
115000206,470,79,391
115000207,285,204,81
115000208,344,509,-165
115000209,734,378,356
115000210,161,199,-38
115000211,238,257,-19
115000212,774,293,481
115000218,57,125,-68
115000219,140,31,109
115000224,253,59,194
115000225,83,97,-14
115000229,162,82,80
115000230,87,600,-513
115000231,273,887,-614
115000232,2134,233,1901
115000233,120,199,-79
115000234,63,228,-165
115000241,84,118,-34
115000242,201,127,74
115000243,70,98,-28
115000244,5,116,-111
115000246,18,29,-11
115000247,39,13,26
115000248,48,32,16
115000249,11,14,-3
115000250,252,30,222
115000251,296,57,239
115000252,118,165,-47
115000253,19,412,-393
115000258,360,79,281
115000259,276,82,194
115000261,20,11,9
115000262,16,28,-12
115000263,14,22,-8
115000264,36,27,9
115000267,93,125,-32
115000268,42,99,-57
115000269,106,76,30
115000270,4,37,-33
115000272,76,85,-9
115000273,579,78,501
115000274,535,87,448
115000280,1697,266,1431
115000281,307,739,-432
115000282,764,1449,-685
115000284,108,162,-54
115000296,1177,11,1166
115000297,98,149,-51
115000298,47,497,-450
115000300,282,95,187
115000302,458,133,325
115000303,784,100,684
115000304,1008,70,938
115000305,103,234,-131
115000306,244,118,126
115000307,168,147,21
115000308,18,27,-9
115000310,1384,560,824
115000311,1446,1009,437
115000313,168,195,-27
115000314,685,185,500
115000315,448,531,-83
115000316,115,137,-22
115000317,156,367,-211
115000318,984,403,581
115000319,75,216,-141
115000320,18,356,-338
115000321,343,5,338
115000322,48,121,-73
115000449,183,102,81
115000557,21,1823,-1802
115000558,282,127,155
115000587,638,249,389
115000588,1685,2010,-325
115000589,3532,1924,1608
115000590,863,1432,-569
115000591,1426,857,569
115000592,455,1584,-1129
115000593,1407,789,618
115000594,356,1771,-1415
115000609,102,82,20
115000617,475,2862,-2387
115000624,255,22,233
115000633,472,1458,-986
115000634,3073,658,2415
115000635,727,112,615
115000638,281,359,-78
115000641,33,203,-170
115000642,330,305,25
115000643,131,268,-137
115000644,181,278,-97
115000646,748,1677,-929
115000647,210,462,-252
115000648,2719,1148,1571
115000893,1439,1170,269
115000894,184,746,-562
115000895,216,462,-246
115000896,1121,330,791
115000897,390,132,258
115000898,512,251,261
115000899,169,1273,-1104
115000900,58,239,-181
115000901,34,130,-96
115000912,540,93,447
115000913,11,19,-8
115000915,3,0,3
115000916,9,1,8
115000917,0,12,-12
115000918,58,784,-726
115000919,6,28,-22
115000920,14,47,-33
115000921,300,98,202
115000922,245,696,-451
115000923,58,911,-853
115000925,119,112,7
115000927,27,71,-44
115000933,48,109,-61
115900001,182,33,149
115900002,109,161,-52
115900003,171,45,126
115900004,1,12,-11
115900005,319,15,304
115900006,132,140,-8
115900008,121,2,119
115900009,70,163,-93
115900010,561,73,488
115900011,500,178,322
115900012,254,37,217
115900013,328,127,201
115900014,134,104,30
115900015,209,40,169
115900016,103,40,63
115900017,19,24,-5
115900018,152,43,109
115900019,337,31,306
115900020,184,6,178
115900021,740,966,-226
115900022,548,33,515
115900023,3,3,0
115900025,38,154,-116
115900026,763,122,641
115900027,0,122,-122
115900028,360,78,282
115900029,13,237,-224
115900030,52,45,7
115900031,127,456,-329
115900032,462,551,-89
115900033,0,42,-42
115900034,33,166,-133
115900035,54,63,-9
115900036,22,1271,-1249
115900037,31,151,-120
115900038,87,18,69
115900039,196,127,69
115900041,174,963,-789
115900042,73,7,66
115900043,142,50,92
115900044,136,311,-175
115900046,548,204,344
115900047,108,241,-133
115900049,316,191,125
115900051,4,17,-13
115900052,26,124,-98
115900053,391,71,320
115900054,426,30,396
115900055,23,85,-62
115900056,283,123,160
115900057,13,21,-8
115900058,23,53,-30
115900060,115,129,-14
115900061,322,5,317
115900062,150,137,13
115900063,40,8,32
115900064,183,209,-26
115900065,206,86,120
115900066,86,75,11
115900067,16,158,-142
115900068,1300,1181,119
115900069,34,192,-158
115900070,218,54,164
115900071,0,132,-132
115900072,23,111,-88
115900073,88,149,-61
115900074,6,113,-107
115900075,66,190,-124
115900076,4,26,-22
115900077,1,75,-74
115900078,45,135,-90
115900079,520,9,511
115900080,180,125,55
115900081,35,29,6
115900082,101,228,-127
115900084,578,14,564
115900085,36,53,-17
115900086,984,597,387
115900088,7,44,-37
115900089,503,388,115
115900090,602,7,595
115900091,13,21,-8
115900092,58,61,-3
115900093,10,19,-9
115900094,5,87,-82
115900096,7,15,-8
115900097,10,115,-105
115900098,269,194,75
115900099,33,48,-15
115900100,12,234,-222
115900101,260,145,115
115900102,122,63,59
115900103,355,99,256
115900104,123,59,64
115900105,375,229,146
115900106,138,11,127
115900107,136,53,83
115900108,160,20,140
115900109,53,255,-202
115900110,8,6,2
115900111,3,83,-80
115900112,71,512,-441
115900113,49,38,11
115900114,3,92,-89
115900115,123,159,-36
115900116,117,472,-355
115900117,116,8,108
115900118,6,117,-111
115900119,168,103,65
115900120,55,225,-170
115900121,282,129,153
115900124,411,926,-515
115900125,510,73,437
115900126,1347,120,1227
115900127,1000,59,941
115900128,4,98,-94
115900129,844,69,775
115900130,7,250,-243
115900131,520,54,466
115900132,874,8,866
115900134,662,17,645
115900135,212,974,-762
115900137,38,9,29
115900139,74,248,-174
115900140,403,39,364
115900141,23,147,-124
115900142,43,89,-46
115900143,276,343,-67
115900144,157,176,-19
115900146,19,37,-18
115900147,241,309,-68
115900148,126,6,120
115900149,229,16,213
115900150,120,10,110
115900151,7,99,-92
115900152,140,282,-142
115900153,124,124,0
115900154,350,403,-53
115900155,0,15,-15
115900156,775,1070,-295
115900157,236,528,-292
115900158,3,6,-3
115900159,248,138,110
115900160,3,6,-3
115900161,69,152,-83
115900163,347,149,198
115900164,825,7,818
115900165,2,116,-114
115900166,160,135,25
115900168,168,68,100
115900171,146,370,-224
115900172,84,82,2
115900173,286,72,214
115900174,168,237,-69
115900175,197,257,-60
115900178,17,221,-204
115900179,516,18,498
115900180,30,57,-27
115900181,333,83,250
115900182,639,113,526
115900183,104,231,-127
115900184,568,11,557
115900187,11,138,-127
115900189,0,256,-256
115900190,194,961,-767
115900191,23,187,-164
115900192,17,110,-93
115900193,263,154,109
115900194,994,76,918
115900195,381,2773,-2392
115900198,352,319,33
115900199,321,152,169
115900200,180,215,-35
115900201,302,316,-14
115900202,2,102,-100
115900203,20,23,-3
115900204,0,3,-3
115900205,80,28,52
115900206,283,79,204
115900207,65,8,57
115900208,153,60,93
115900209,10,113,-103
115900210,16,144,-128
115900211,11,131,-120
115900212,263,87,176
115900213,58,152,-94
115900214,598,68,530
115900215,35,183,-148
115900216,7,70,-63
115900217,2,14,-12
115900218,7,26,-19
115900219,156,1,155
115900220,329,7,322
115900221,165,17,148
115900222,129,57,72
115900223,12,612,-600
115900224,505,1749,-1244
115900225,45,67,-22
115900226,20,36,-16
115900227,47,25,22
115900228,7,43,-36
115900229,8,25,-17
115900230,22,87,-65
115900231,146,4,142
115900232,45,1,44
115900233,142,3,139
115900234,53,24,29
115900235,26,39,-13
115900236,32,22,10
115900237,31,12,19
115900238,21,10,11
115900239,26,23,3
115900240,20,29,-9
115900241,348,51,297
115900242,179,372,-193
115900243,26,12,14
115900244,43,28,15
115900245,1,5,-4
115900246,8,8,0
115900247,11,11,0
115900248,7,3,4
115900249,7,13,-6
115900250,25,24,1
115900251,7,5,2
115900252,2,1,1
115900253,18,21,-3
115900254,10,21,-11
115900255,0,29,-29
115900256,8,24,-16
115900257,5,7,-2
115900258,0,0,0
115900259,1,3,-2
115900260,2,2,0
115900261,7,3,4
115900262,5,0,5
115900263,20,0,20
115900264,32,1,31
115900265,1,8,-7
115900266,3,14,-11
115900267,2,11,-9
115900268,3,14,-11
115900269,717,175,542
115900270,513,145,368
116000001,5095,2438,2657
116000002,4789,14307,-9518
116000003,1072,1086,-14
116000004,3165,5400,-2235
116000005,1018,2632,-1614
116000006,2668,3757,-1089
116000007,2008,2188,-180
116000008,4504,3167,1337
116000009,989,1245,-256
116000010,2895,1866,1029
116000011,704,1392,-688
116000012,2314,1176,1138
116000013,4299,3453,846
116000014,7359,17277,-9918
116000015,176,1459,-1283
116000016,4569,5201,-632
116000017,40,757,-717
116000018,605,491,114
116000019,1022,308,714
116000020,560,1397,-837
116000021,822,340,482
116000022,397,359,38
116000023,1698,1119,579
116000024,558,726,-168
116000025,1135,1010,125
116000026,1508,2781,-1273
116000027,672,720,-48
116000028,404,983,-579
116000029,483,705,-222
116000030,736,509,227
116000031,172,236,-64
116000032,184,126,58
116000033,288,213,75
116000034,885,451,434
116000035,330,537,-207
116000036,932,2635,-1703
116000037,364,659,-295
116000038,271,752,-481
116000039,298,1061,-763
116000040,558,736,-178
116000041,86,706,-620
116000042,915,634,281
116000043,192,903,-711
116000045,1870,1972,-102
116000046,1111,1639,-528
116000047,1658,2332,-674
116000048,2419,1737,682
116000049,1713,3413,-1700
116000050,1745,1321,424
116000051,5566,3394,2172
116000052,5079,4807,272
116000053,2497,803,1694
116000054,880,2517,-1637
116000055,969,799,170
116000056,1247,1026,221
116000057,2604,1458,1146
116000058,3522,3529,-7
116000059,2808,5339,-2531
116000060,1824,1084,740
116000061,277,1067,-790
116000062,577,259,318
116000063,639,1511,-872
116000066,209,756,-547
116000067,208,402,-194
116000068,178,289,-111
116000069,267,263,4
116000078,533,1209,-676
116000080,1808,636,1172
116000082,4,11,-7
116000083,1904,435,1469
116000084,1313,1983,-670
116000085,2003,1993,10
116000086,854,507,347
116000087,2468,1714,754
116000088,836,909,-73
116000089,237,77,160
116000090,90,149,-59
116000091,235,280,-45
116000093,971,819,152
116000094,882,355,527
116000095,1148,867,281
116000096,1067,1626,-559
116000097,1307,984,323
116000098,35,7086,-7051
116000099,4977,178,4799
116000100,266,26,240
116000101,1307,471,836
116000102,46,268,-222
116000103,511,288,223
116000104,265,1166,-901
116000105,1406,179,1227
116000106,369,778,-409
116000107,2394,246,2148
116000108,83,253,-170
116000111,165,35,130
116000113,204,164,40
116000114,40,115,-75
116000115,543,163,380
116000116,250,276,-26
116000117,1935,1754,181
116000118,1651,1013,638
116000119,4413,1927,2486
116000120,2816,2622,194
116000121,1174,576,598
116000122,986,936,50
116000123,1797,531,1266
116000124,384,564,-180
116000125,3899,820,3079
116000126,276,797,-521
116000127,781,753,28
116000128,2472,978,1494
116000129,1599,169,1430
116000130,843,718,125
116000133,1568,652,916
116000134,1565,1010,555
116000135,3556,1345,2211
116000136,818,1199,-381
116000137,1372,719,653
116000138,1196,765,431
116000139,1867,2790,-923
116000140,159,215,-56
116000141,328,352,-24
116000142,2693,1768,925
116000143,2035,1697,338
116000144,1528,1292,236
116000145,2220,914,1306
116000146,882,90,792
116000147,268,158,110
116000148,843,863,-20
116000149,907,1094,-187
116000151,409,339,70
116000153,141,326,-185
116000155,164,343,-179
116000156,742,989,-247
116000157,3,1,2
116000158,276,251,25
116000159,0,1,-1
116000160,22,57,-35
116000161,10,118,-108
116000162,55,218,-163
116000163,51,11,40
116000164,11,31,-20
116000177,113,187,-74
116000194,92,398,-306
116000195,1340,540,800
116000196,27,10,17
116000197,38,17,21
116000198,2282,1174,1108
116000200,684,783,-99
116000201,664,593,71
116000202,6,155,-149
116000203,1,68,-67
116000204,21,50,-29
116000205,1,99,-98
116000206,0,105,-105
116000207,8,29,-21
116000233,127,331,-204
116000287,288,205,83
116000288,563,227,336
116000292,92,125,-33
116000296,7,82,-75
116000297,95,22,73
116000304,272,3,269
116000305,6,175,-169
116000346,209,131,78
116000352,145,77,68
116000354,28,14,14
116000357,17,24,-7
116000358,462,82,380
116000361,56,1,55
116000372,2707,6050,-3343
116000381,168,0,168
116000388,3,30,-27
116000389,1073,540,533
116000445,656,276,380
116000446,820,231,589
116000447,34,588,-554
116000448,529,144,385
116000563,778,1050,-272
116000565,25,193,-168
116000568,70,543,-473
116000579,31,78,-47
116000584,33,8,25
116000585,35,15,20
116000586,75,142,-67
116000587,262,433,-171
116000589,70,66,4
116000590,159,73,86
116000591,339,136,203
116000592,7,41,-34
116000593,0,22,-22
116000594,1219,242,977
116000595,955,68,887
116000596,149,2,147
116000597,707,171,536
116000598,29,100,-71
116000602,42,506,-464
116000605,196,134,62
116000606,99,228,-129
116000607,5,94,-89
116000609,114,1148,-1034
116000611,263,248,15
116000612,1055,1886,-831
116000613,969,268,701
116000614,437,306,131
116000615,33,434,-401
116000616,88,65,23
116000617,160,22,138
116000618,9,45,-36
116000619,54,97,-43
116000620,238,128,110
116000621,91,115,-24
116000622,72,139,-67
116000624,217,109,108
116900001,346,177,169
116900002,336,1,335
116900003,57,25,32
116900004,93,108,-15
116900005,341,74,267
116900006,60,130,-70
116900007,122,263,-141
116900008,841,105,736
116900009,16,28,-12
116900010,2,712,-710
116900011,20,33,-13
116900012,155,282,-127
116900013,8,66,-58
116900014,184,72,112
116900015,715,50,665
116900016,283,1,282
116900017,2,364,-362
116900018,135,53,82
116900019,1,183,-182
116900020,293,1116,-823
116900023,46,21,25
116900024,852,46,806
116900025,1618,496,1122
116900026,91,428,-337
116900027,46,35,11
116900028,0,64,-64
116900029,0,67,-67
116900031,3,4,-1
116900032,0,170,-170
116900033,17,19,-2
116900034,17,38,-21
116900035,189,117,72
116900036,8,76,-68
116900038,16,5,11
116900041,109,12,97
116900042,300,177,123
116900043,45,48,-3
116900045,301,131,170
116900047,13,229,-216
116900049,11,240,-229
116900050,89,257,-168
116900051,282,48,234
116900052,126,72,54
116900055,0,14,-14
116900057,33,143,-110
116900058,27,225,-198
116900059,0,75,-75
116900060,158,139,19
116900062,2,9,-7
116900064,106,187,-81
116900065,31,72,-41
116900067,142,42,100
116900068,144,181,-37
116900070,5,7,-2
116900072,30,170,-140
116900073,22,62,-40
116900074,14,19,-5
116900076,13,40,-27
116900077,21,56,-35
116900078,134,76,58
116900079,51,143,-92
116900080,20,33,-13
116900081,299,866,-567
116900082,349,902,-553
116900083,19,13,6
116900084,64,59,5
116900085,23,84,-61
116900086,53,157,-104
116900088,411,143,268
116900090,41,22,19
116900091,435,12,423
116900092,112,419,-307
116900093,2561,1598,963
116900094,2949,5145,-2196
116900095,208,172,36
116900096,121,625,-504
116900097,1637,3790,-2153
116900098,269,236,33
116900099,386,776,-390
116900100,1210,89,1121
116900101,220,386,-166
116900103,1,0,1
116900104,63,91,-28
116900105,346,243,103
116900106,3153,71,3082
116900107,1632,2926,-1294
116900110,35,2,33
116900111,900,280,620
116900112,365,495,-130
116900113,944,1259,-315
116900116,54,823,-769
116900117,171,83,88
116900118,736,865,-129
116900120,536,67,469
116900121,158,17,141
116900122,1394,371,1023
116900123,384,355,29
116900124,199,644,-445
116900125,770,102,668
116900126,67,538,-471
116900128,1,47,-46
116900129,2,228,-226
116900130,588,4468,-3880
116900131,88,283,-195
116900132,63,139,-76
116900133,188,105,83
116900134,259,215,44
116900136,210,183,27
116900137,233,167,66
116900138,252,145,107
116900139,128,315,-187
116900140,205,124,81
116900141,673,357,316
116900142,6,128,-122
116900143,512,441,71
116900144,54,103,-49
116900145,85,194,-109
116900147,252,1457,-1205
116900148,8,95,-87
116900149,100,298,-198
116900150,22,23,-1
116900151,470,167,303
116900153,185,95,90
116900154,198,730,-532
116900155,119,161,-42
116900157,805,129,676
116900158,95,329,-234
116900159,65,423,-358
116900160,958,1380,-422
116900161,4711,8588,-3877
116900162,16,62,-46
116900163,281,87,194
116900164,97,101,-4
116900165,429,541,-112
116900166,59,35,24
116900167,594,55,539
116900168,521,38,483
116900169,334,888,-554
116900170,539,683,-144
116900171,48,181,-133
116900172,119,535,-416
116900173,396,35,361
116900174,94,48,46
116900175,208,358,-150
116900178,54,108,-54
116900179,82,480,-398
116900180,93,22,71
116900182,842,361,481
116900183,247,98,149
116900185,49,77,-28
116900186,97,133,-36
116900187,58,81,-23
116900188,169,22,147
116900189,73,0,73
116900191,359,547,-188
116900192,419,130,289
116900194,146,1984,-1838
116900195,103,41,62
116900196,20,50,-30
116900197,142,11,131
116900198,99,312,-213
116900200,104,10,94
116900201,186,6,180
116900202,108,29,79
116900203,181,4,177
116900204,42,151,-109
116900206,15,5,10
116900207,37,34,3
116900208,11,46,-35
116900209,22,58,-36
116900210,640,311,329
116900211,266,2,264
116900212,95,27,68
116900213,281,82,199
116900214,235,198,37
116900215,105,43,62
116900216,366,163,203
116900218,21,172,-151
116900219,838,294,544
116900220,157,321,-164
116900221,162,342,-180
116900222,449,382,67
116900223,182,266,-84
116900226,165,24,141
116900227,176,48,128
116900228,354,126,228
116900230,77,149,-72
116900231,51,234,-183
116900232,25,251,-226
116900233,377,127,250
116900234,42,32,10
116900235,163,257,-94
116900238,1136,254,882
116900239,71,1562,-1491
116900240,3190,2987,203
116900241,244,72,172
116900242,276,939,-663
116900243,2,43,-41
116900245,47,54,-7
116900246,210,15,195
116900247,1005,31,974
116900248,116,34,82
116900249,670,62,608
116900250,618,40,578
116900251,297,1015,-718
116900252,226,402,-176
116900253,161,51,110
116900254,50,86,-36
116900255,123,128,-5
116900256,672,140,532
116900257,35,197,-162
116900258,4,99,-95
116900259,383,6,377
116900260,4,56,-52
116900261,122,0,122
116900262,198,113,85
116900263,0,13,-13
116900264,0,4,-4
116900265,58,0,58
116900266,46,30,16
116900267,7,0,7
116900268,257,203,54
116900269,344,797,-453
116900271,676,301,375
116900272,296,295,1
116900273,70,176,-106
116900274,177,27,150
116900275,342,64,278
116900276,397,258,139
116900277,245,81,164
116900278,1,4,-3
116900279,3,10,-7
116900280,66,12,54
116900281,3631,6108,-2477
116900282,4,43,-39
116900283,6,54,-48
116900284,13,111,-98
116900285,87,200,-113
116900286,137,28,109
116900287,9,23,-14
116900288,133,52,81
116900289,28,2,26
116900290,3,6,-3
116900291,35,5,30
116900292,0,15,-15
116900293,103,13,90
116900294,8,115,-107
116900295,57,98,-41
116900296,15,37,-22
116900297,1,49,-48
116900298,43,108,-65
116900299,10,121,-111
116900300,0,158,-158
116900301,13,165,-152
116900302,368,941,-573
116900303,88,102,-14
116900304,0,163,-163
116900305,17,35,-18
116900306,238,73,165
117000001,3314,2285,1029
117000002,1824,3377,-1553
117000003,6214,3434,2780
117000004,2378,3775,-1397
117000005,2934,2248,686
117000006,1081,2013,-932
117000007,5420,1254,4166
117000008,880,2099,-1219
117000009,4600,1886,2714
117000010,1646,2447,-801
117000011,2817,1727,1090
117000012,1328,950,378
117000013,2332,1006,1326
117000014,1204,2023,-819
117000015,3113,1447,1666
117000016,200,283,-83
117000017,125,252,-127
117000018,146,1193,-1047
117000019,46,2,44
117000020,463,2433,-1970
117000021,972,248,724
117000022,176,351,-175
117000023,78,194,-116
117000024,186,472,-286
117000025,298,1416,-1118
117000026,1814,2186,-372
117000027,610,1796,-1186
117000028,824,1789,-965
117000030,86,94,-8
117000032,1038,1183,-145
117000033,1696,1714,-18
117000034,195,67,128
117000036,202,71,131
117000038,128,179,-51
117000039,33,49,-16
117000040,258,691,-433
117000041,1466,157,1309
117000044,4,369,-365
117000045,534,157,377
117000046,398,830,-432
117000047,1013,873,140
117000048,1442,640,802
117000049,84,829,-745
117000050,149,949,-800
117000051,3097,54,3043
117000052,46,167,-121
117000053,795,17,778
117000054,2232,11,2221
117000055,11,1946,-1935
117000056,864,24,840
117000057,425,1951,-1526
117000060,545,1034,-489
117000061,2535,1199,1336
117000062,267,502,-235
117000063,2064,1199,865
117000064,330,535,-205
117000066,784,763,21
117000067,89,748,-659
117000074,65,183,-118
117000076,114,50,64
117000077,166,219,-53
117000078,119,544,-425
117000079,620,288,332
117000080,0,334,-334
117000081,1094,155,939
117000082,15,67,-52
117000083,194,14,180
117000084,149,1,148
117000085,383,955,-572
117000086,807,322,485
117000087,74,483,-409
117000088,417,158,259
117000089,2146,248,1898
117000090,349,801,-452
117000091,1156,266,890
117000092,477,794,-317
117000093,1939,712,1227
117000094,1166,1676,-510
117000095,4438,858,3580
117000096,783,1525,-742
117000097,2303,906,1397
117000098,1802,2522,-720
117000099,5441,1146,4295
117000100,267,420,-153
117000101,123,632,-509
117000102,2747,747,2000
117000103,606,1070,-464
117000104,2022,645,1377
117000105,635,1024,-389
117000106,2083,680,1403
117000107,459,1113,-654
117000108,2568,1140,1428
117000109,996,1710,-714
117000110,2172,1717,455
117000111,3712,3730,-18
117000112,4028,1595,2433
117000113,116,144,-28
117000114,250,110,140
117000115,85,77,8
117000116,181,237,-56
117000117,1588,1414,174
117000118,298,115,183
117000119,143,426,-283
117000120,110,930,-820
117000121,41,910,-869
117000122,195,859,-664
117000123,1826,44,1782
117000124,138,222,-84
117000125,145,360,-215
117000126,31,81,-50
117000127,140,490,-350
117000128,113,1014,-901
117000129,92,137,-45
117000130,18,2,16
117000131,0,43,-43
117000132,4148,13,4135
117000133,2819,30,2789
117000134,0,62,-62
117000135,3,191,-188
117000136,0,41,-41
117000137,132,232,-100
117000138,3,656,-653
117000140,410,1069,-659
117000141,2634,599,2035
117000181,328,156,172
117000182,922,1151,-229
117000195,200,651,-451
117000196,372,222,150
117000225,57,111,-54
117000226,5,120,-115
117000276,478,26,452
117000277,0,182,-182
117000310,1534,1790,-256
117000315,165,577,-412
117000320,41,0,41
117000906,565,12,553
117000907,15,191,-176
117000908,4,224,-220
117000909,25,73,-48
117000910,313,154,159
117000911,49,141,-92
117000915,6,280,-274
117000916,55,7,48
117000917,1679,69,1610
117000918,65,44,21
117000919,20,35,-15
117000920,3,827,-824
117000921,3,591,-588
117000922,16,44,-28
117000924,901,732,169
117000926,451,169,282
117000927,345,1358,-1013
117000928,0,98,-98
117000929,418,169,249
117000930,318,16,302
117000931,103,118,-15
117900002,56,550,-494
117900003,284,401,-117
117900005,11,89,-78
117900006,1,187,-186
117900007,133,62,71
117900008,1,28,-27
117900010,307,92,215
117900011,28,318,-290
117900012,90,87,3
117900013,1,97,-96
117900014,438,66,372
117900015,16,50,-34
117900016,957,1192,-235
117900017,840,199,641
117900018,152,475,-323
117900019,695,177,518
117900020,78,445,-367
117900021,58,62,-4
117900022,37,6,31
117900023,1322,117,1205
117900024,70,47,23
117900025,27,4,23
117900026,476,133,343
117900028,49,14,35
117900029,313,329,-16
117900030,675,249,426
117900031,158,223,-65
117900032,1076,783,293
117900033,446,351,95
117900034,35,13,22
117900035,205,115,90
117900036,369,279,90
117900037,221,102,119
117900038,74,127,-53
117900039,4,38,-34
117900040,184,163,21
117900041,0,35,-35
117900042,2816,368,2448
117900043,8,29,-21
117900044,69,3841,-3772
117900045,189,154,35
117900048,707,141,566
117900049,295,274,21
117900050,3,221,-218
117900051,23,12,11
117900052,64,502,-438
117900053,2541,272,2269
117900054,0,18,-18
117900055,826,147,679
117900056,28,12,16
117900057,763,920,-157
117900058,113,944,-831
117900059,139,125,14
117900060,3332,2426,906
117900061,11,314,-303
117900063,459,194,265
117900065,416,917,-501
117900066,7,93,-86
117900067,812,165,647
117900069,1115,228,887
117900070,103,144,-41
117900071,116,142,-26
117900073,878,176,702
117900074,53,223,-170
117900075,113,80,33
117900076,8,51,-43
117900077,684,175,509
117900078,357,1020,-663
117900080,132,57,75
117900081,362,318,44
117900082,586,488,98
117900083,629,230,399
117900086,135,40,95
117900087,216,42,174
117900088,1614,1485,129
117900089,2806,865,1941
117900090,509,307,202
117900091,158,83,75
117900092,141,20,121
117900093,160,56,104
117900094,35,46,-11
117900095,370,132,238
117900096,141,215,-74
117900097,376,77,299
117900098,53,14,39
117900099,241,257,-16
117900100,487,3,484
117900101,539,2387,-1848
117900102,87,31,56
117900103,76,11,65
117900104,14,350,-336
117900105,113,187,-74
117900106,118,34,84
117900107,68,1,67
117900109,1149,406,743
117900110,154,1,153
117900111,389,37,352
117900112,69,15,54
117900113,1350,1935,-585
117900114,28,1,27
117900115,46,144,-98
117900116,920,706,214
117900117,1054,297,757
117900118,114,1,113
117900119,270,33,237
117900120,404,34,370
117900121,233,179,54
117900122,1089,5384,-4295
117900123,861,322,539
117900124,444,522,-78
117900125,1655,1867,-212
117900126,130,416,-286
117900127,662,320,342
117900128,436,294,142
117900129,78,1,77
117900130,731,370,361
117900131,14,85,-71
117900132,10,73,-63
117900133,11,61,-50
117900134,72,344,-272
117900135,44,141,-97
117900136,0,21,-21
117900137,60,178,-118
117900138,0,12,-12
117900139,136,94,42
117900140,2549,381,2168
117900141,115,147,-32
117900142,50,144,-94
117900144,54,772,-718
117900145,17,92,-75
117900146,109,311,-202
117900147,55,76,-21
117900148,1989,2318,-329
117900149,114,144,-30
117900150,43,49,-6
117900151,46,61,-15
117900152,59,119,-60
117900153,16,149,-133
117900154,625,447,178
117900156,582,586,-4
117900157,60,423,-363
117900158,411,154,257
117900160,925,1119,-194
117900161,1454,1536,-82
117900162,700,455,245
117900163,24,432,-408
117900165,0,10,-10
117900166,94,528,-434
117900168,64,213,-149
117900169,1,90,-89
117900170,2,34,-32
117900171,4,27,-23
117900172,16,10,6
117900173,103,138,-35
117900174,51,67,-16
117900175,7,15,-8
117900176,41,27,14
117900177,35,36,-1
117900178,83,40,43
117900180,230,43,187
117900181,76,476,-400
117900182,1,47,-46
117900183,86,193,-107
117900184,16,107,-91
117900185,96,91,5
117900186,64,8,56
117900187,43,6,37
117900188,238,32,206
117900189,89,35,54
117900190,36,2,34
117900191,123,0,123
117900192,258,3,255
117900193,41,60,-19
117900194,22,7,15
117900195,10,127,-117
117900196,31,54,-23
117900207,163,201,-38
117900208,45,34,11
117900209,134,112,22
117900210,140,174,-34
117900211,39,119,-80
117900212,114,125,-11
117900213,35,15,20
117900214,9,30,-21
117900216,6,75,-69
117900217,31,450,-419
117900218,112,176,-64
117900219,5,181,-176
117900220,52,195,-143
117900221,7,16,-9
118000001,906,1630,-724
118000002,509,1495,-986
118000003,1899,4135,-2236
118000004,1617,2102,-485
118000005,2663,5285,-2622
118000006,2465,6986,-4521
118000007,3992,5037,-1045
118000008,1389,3056,-1667
118000009,1471,2977,-1506
118000010,5688,4063,1625
118000011,1833,1671,162
118000012,960,1442,-482
118000013,2141,1906,235
118000014,1614,1150,464
118000016,300,233,67
118000017,741,344,397
118000018,450,349,101
118000019,1455,1797,-342
118000020,735,3570,-2835
118000021,494,3588,-3094
118000022,1025,984,41
118000023,536,251,285
118000024,639,1734,-1095
118000025,271,1603,-1332
118000027,6876,9957,-3081
118000029,437,855,-418
118000032,282,4072,-3790
118000033,2720,6953,-4233
118000034,3503,3295,208
118000035,2328,3289,-961
118000036,777,1226,-449
118000037,756,981,-225
118000038,222,114,108
118000039,100,140,-40
118000040,1577,1387,190
118000041,2261,1258,1003
118000045,282,207,75
118000046,782,1039,-257
118000047,583,2114,-1531
118000048,1180,1960,-780
118000051,1620,4557,-2937
118000052,1005,2595,-1590
118000053,247,589,-342
118000054,2599,796,1803
118000055,1909,1485,424
118000056,109,612,-503
118000057,169,341,-172
118000058,2249,5829,-3580
118000059,1538,3334,-1796
118000060,1370,640,730
118000061,1312,1065,247
118000062,529,263,266
118000063,381,1191,-810
118000064,716,1418,-702
118000065,1855,1436,419
118000066,1253,2325,-1072
118000067,292,584,-292
118000068,930,5852,-4922
118000069,1550,1083,467
118000070,3696,1755,1941
118000071,2709,6824,-4115
118000072,819,1505,-686
118000073,606,778,-172
118000074,565,282,283
118000075,497,226,271
118000076,1262,3224,-1962
118000077,994,1366,-372
118000078,1807,2742,-935
118000079,236,507,-271
118000080,609,854,-245
118000081,1640,1618,22
118000082,269,1282,-1013
118000083,1351,1855,-504
118000084,2348,2329,19
118000086,176,587,-411
118000087,2841,2131,710
118000088,1276,1374,-98
118000089,3672,2487,1185
118000090,856,2594,-1738
118000091,1056,3149,-2093
118000092,833,602,231
118000093,92,742,-650
118000096,379,636,-257
118000097,705,825,-120
118000098,300,195,105
118000099,928,539,389
118000101,1556,287,1269
118000102,580,759,-179
118000107,1310,460,850
118000108,589,3394,-2805
118000110,1,48,-47
118000111,0,116,-116
118000112,760,6,754
118000113,0,157,-157
118000114,553,20,533
118000115,4,9,-5
118000116,24,0,24
118000117,685,606,79
118000118,844,1393,-549
118000119,982,1425,-443
118000120,1364,1037,327
118000121,48,564,-516
118000122,692,350,342
118000123,39,257,-218
118000125,1106,734,372
118000126,686,1602,-916
118000127,1301,716,585
118000128,322,1108,-786
118000129,1090,403,687
118000130,1443,2213,-770
118000131,246,333,-87
118000132,2735,2113,622
118000133,1262,482,780
118000135,682,713,-31
118000136,120,430,-310
118000137,351,111,240
118000138,450,335,115
118000139,534,47,487
118000140,3067,6795,-3728
118000141,2835,1729,1106
118000142,2264,1559,705
118000143,2994,1212,1782
118000144,940,585,355
118000145,1575,1014,561
118000146,1424,510,914
118000147,1166,1041,125
118000148,494,1012,-518
118000149,1068,1060,8
118000150,505,229,276
118000151,939,352,587
118000153,1958,1000,958
118000154,1617,1555,62
118000155,2309,1195,1114
118000156,2136,2816,-680
118000157,656,326,330
118000158,247,430,-183
118000159,32,77,-45
118000160,818,342,476
118000161,745,431,314
118000162,1896,943,953
118000163,1167,793,374
118000164,1937,1359,578
118000168,680,1108,-428
118000169,825,933,-108
118000170,2926,2569,357
118000171,400,413,-13
118000172,58,194,-136
118000173,1026,1431,-405
118000175,333,430,-97
118000176,346,643,-297
118000177,474,689,-215
118000178,31,53,-22
118000179,948,1362,-414
118000180,716,675,41
118000181,679,281,398
118000182,225,275,-50
118000183,293,303,-10
118000184,1183,503,680
118000185,958,1631,-673
118000186,732,1355,-623
118000187,1957,486,1471
118000188,724,79,645
118000189,965,344,621
118000190,7,13,-6
118000191,33,29,4
118000192,17,65,-48
118000193,11,165,-154
118000194,1175,789,386
118000195,239,1500,-1261
118000196,159,230,-71
118000197,63,126,-63
118000198,353,808,-455
118000199,227,564,-337
118000200,137,297,-160
118000201,287,570,-283
118000202,34,58,-24
118000203,267,782,-515
118000204,85,378,-293
118000205,64,304,-240
118000206,221,204,17
118000207,0,58,-58
118000208,1405,1425,-20
118000209,2586,1082,1504
118000210,181,28,153
118000211,40,20,20
118000213,678,3843,-3165
118000214,368,550,-182
118000215,365,82,283
118000216,4199,1386,2813
118000217,37,78,-41
118000218,132,50,82
118000219,358,242,116
118000220,7,54,-47
118000221,376,354,22
118000222,55,8,47
118000223,59,32,27
118000224,135,56,79
118000225,149,508,-359
118000226,1242,241,1001
118000227,555,380,175
118000228,90,333,-243
118000229,91,151,-60
118000230,151,140,11
118000231,58,175,-117
118000232,957,444,513
118000233,1399,633,766
118000234,582,210,372
118000236,433,228,205
118000237,120,245,-125
118000238,271,109,162
118000239,325,305,20
118000240,149,114,35
118000241,213,159,54
118000242,470,257,213
118000243,299,173,126
118000244,53,56,-3
118000246,0,44,-44
118000255,38,202,-164
118000256,134,162,-28
118000259,31,85,-54
118000260,211,69,142
118000261,53,45,8
118000263,101,126,-25
118000266,129,210,-81
118000267,0,147,-147
118000268,240,28,212
118000270,131,13,118
118000271,171,155,16
118000272,111,34,77
118000273,293,65,228
118000274,101,227,-126
118000276,685,329,356
118000295,19,125,-106
118000298,172,145,27
118000299,55,62,-7
118000301,0,69,-69
118000302,141,34,107
118000311,845,49,796
118000312,441,112,329
118000313,61,83,-22
118000314,166,14,152
118000315,55,36,19
118000316,875,360,515
118000325,95,34,61
118000326,67,17,50
118000331,65,35,30
118000332,17,8,9
118000333,28,64,-36
118000335,445,9,436
118000336,1,124,-123
118000407,332,50,282
118000457,4,38,-34
118000465,929,3883,-2954
118000480,35,45,-10
118000489,8,470,-462
118000490,6,96,-90
118000492,200,185,15
118000510,30,20,10
118000514,54,359,-305
118000515,674,947,-273
118000517,274,132,142
118000524,122,377,-255
118000525,551,705,-154
118000530,45,98,-53
118000531,518,252,266
118000532,345,261,84
118000533,292,111,181
118000534,813,335,478
118000535,406,157,249
118000536,135,1242,-1107
118000537,45,180,-135
118000538,25,112,-87
118000539,35,122,-87
118000540,243,178,65
118000541,189,54,135
118000542,124,194,-70
118000543,238,307,-69
118000546,90,28,62
118000560,1216,2545,-1329
118000562,32,87,-55
118000563,1157,1001,156
118000576,159,94,65
118000577,170,96,74
118000578,77,73,4
118000579,415,1456,-1041
118000595,239,74,165
118000596,1,220,-219
118000597,93,73,20
118000598,13,0,13
118000599,134,28,106
118000600,0,15,-15
118000601,20,0,20
118000602,0,15,-15
118000603,0,4,-4
118900001,327,1036,-709
118900002,763,991,-228
118900003,622,11,611
118900004,118,30,88
118900005,82,15,67
118900006,206,11,195
118900007,18,0,18
118900008,1240,66,1174
118900009,95,67,28
118900010,152,10,142
118900011,181,36,145
118900012,388,131,257
118900013,470,296,174
118900015,321,70,251
118900016,21,7,14
118900017,97,280,-183
118900018,1048,54,994
118900019,23,19,4
118900020,116,214,-98
118900021,164,418,-254
118900022,190,86,104
118900023,159,112,47
118900024,115,177,-62
118900025,42,30,12
118900026,120,51,69
118900027,386,117,269
118900028,195,147,48
118900029,225,372,-147
118900030,624,74,550
118900031,153,70,83
118900032,320,115,205
118900033,263,499,-236
118900034,237,60,177
118900035,119,98,21
118900036,1276,688,588
118900037,268,474,-206
118900038,559,98,461
118900039,723,171,552
118900040,263,170,93
118900041,730,148,582
118900042,216,106,110
118900045,326,176,150
118900046,558,312,246
118900047,432,213,219
118900048,65,347,-282
118900049,90,41,49
118900050,55,14,41
118900051,59,110,-51
118900052,278,364,-86
118900053,26,84,-58
118900054,216,25,191
118900055,117,41,76
118900056,46,394,-348
118900057,1015,514,501
118900058,377,284,93
118900059,14,80,-66
118900060,36,97,-61
118900062,317,86,231
118900064,227,676,-449
118900065,102,125,-23
118900066,86,76,10
118900067,2471,4523,-2052
118900068,13,194,-181
118900069,552,214,338
118900071,3,47,-44
118900072,506,286,220
118900073,235,137,98
118900074,217,88,129
118900075,87,33,54
118900076,244,199,45
118900077,397,235,162
118900078,8,2,6
118900079,34,85,-51
118900080,37,64,-27
118900081,55,48,7
118900082,1357,158,1199
118900083,29,4,25
118900084,10,18,-8
118900085,589,431,158
118900086,46,101,-55
118900087,63,388,-325
118900088,0,4,-4
118900089,20,36,-16
118900090,725,252,473
118900091,212,279,-67
118900092,231,73,158
118900093,78,27,51
118900096,81,12,69
118900097,387,431,-44
118900099,100,176,-76
118900100,91,136,-45
118900101,231,298,-67
118900102,56,79,-23
118900103,66,173,-107
118900104,444,122,322
118900105,296,84,212
118900107,109,57,52
118900108,169,135,34
118900109,357,465,-108
118900110,1044,1029,15
118900111,629,370,259
118900112,119,159,-40
118900113,99,230,-131
118900114,27,96,-69
118900115,160,422,-262
118900116,146,209,-63
118900117,123,189,-66
118900118,383,230,153
118900119,120,171,-51
118900120,98,320,-222
118900121,39,89,-50
118900122,16,1210,-1194
118900123,172,157,15
118900124,126,92,34
118900126,21,495,-474
118900129,272,262,10
118900130,44,163,-119
118900131,228,193,35
118900132,346,184,162
118900133,5,105,-100
118900135,222,155,67
118900136,281,347,-66
118900137,8,60,-52
118900139,222,147,75
118900140,541,466,75
118900141,95,63,32
118900144,291,275,16
118900145,22,78,-56
118900146,487,675,-188
118900147,95,190,-95
118900148,110,42,68
118900150,81,567,-486
118900152,563,466,97
118900157,48,185,-137
118900158,168,63,105
118900159,1,97,-96
118900161,72,20,52
118900163,90,62,28
118900164,4,67,-63
118900165,100,77,23
118900166,40,1,39
118900167,165,100,65
118900168,45,319,-274
118900169,194,125,69
118900170,329,55,274
118900171,63,82,-19
118900174,97,60,37
118900175,606,433,173
118900176,217,263,-46
118900177,107,59,48
118900178,76,195,-119
118900179,20,32,-12
118900181,104,110,-6
118900182,85,102,-17
118900183,57,169,-112
118900184,235,106,129
118900185,145,77,68
118900186,73,116,-43
118900187,232,363,-131
118900188,342,230,112
118900189,60,1018,-958
118900190,25,168,-143
118900191,248,35,213
118900192,367,13,354
118900193,816,7,809
118900195,212,379,-167
118900196,37,135,-98
118900197,267,24,243
118900198,37,2,35
118900199,84,26,58
118900200,21,21,0
118900201,38,43,-5
118900202,6,54,-48
118900203,17,9,8
118900204,9,11,-2
118900205,3,3,0
118900206,2,7,-5
119000001,1751,2824,-1073
119000002,4452,5238,-786
119000003,3778,892,2886
119000004,2686,1531,1155
119000005,2320,2417,-97
119000006,3586,1792,1794
119000007,3871,3516,355
119000008,2063,1520,543
119000009,3158,5922,-2764
119000010,4628,4197,431
119000011,2715,2687,28
119000012,1359,3261,-1902
119000013,3065,1828,1237
119000014,1522,2388,-866
119000019,289,160,129
119000020,2778,1633,1145
119000021,5818,3487,2331
119000022,1513,3835,-2322
119000023,241,248,-7
119000024,1782,14287,-12505
119000025,3571,946,2625
119000026,37,514,-477
119000027,144,333,-189
119000028,1561,546,1015
119000029,51,345,-294
119000030,494,668,-174
119000031,697,474,223
119000032,2078,2056,22
119000033,2438,1197,1241
119000034,1105,664,441
119000035,42,210,-168
119000036,2561,619,1942
119000037,1754,985,769
119000038,211,458,-247
119000039,500,334,166
119000040,572,605,-33
119000041,669,1072,-403
119000048,2424,1755,669
119000049,2210,1400,810
119000050,1293,1238,55
119000051,1996,951,1045
119000052,2027,2107,-80
119000053,2055,1156,899
119000054,3841,1808,2033
119000055,5762,2423,3339
119000056,3410,2017,1393
119000057,1731,1153,578
119000058,1933,1158,775
119000059,1253,1223,30
119000060,1877,1106,771
119000061,1018,613,405
119000062,1129,1214,-85
119000063,651,511,140
119000064,785,892,-107
119000065,1772,3212,-1440
119000066,2326,1299,1027
119000067,1875,1483,392
119000068,1860,941,919
119000069,1765,1637,128
119000070,3478,743,2735
119000071,500,577,-77
119000072,4185,2584,1601
119000073,4284,8316,-4032
119000074,1656,1435,221
119000075,4007,1845,2162
119000076,233,1191,-958
119000077,643,701,-58
119000078,466,266,200
119000079,147,616,-469
119000080,668,157,511
119000081,326,395,-69
119000082,1015,246,769
119000083,693,470,223
119000084,283,379,-96
119000085,631,132,499
119000086,383,415,-32
119000087,1023,550,473
119000088,458,158,300
119000089,99,204,-105
119000090,95,121,-26
119000091,64,330,-266
119000092,271,133,138
119000093,3364,2157,1207
119000094,3880,4651,-771
119000095,2390,2854,-464
119000097,1766,1043,723
119000098,1236,3671,-2435
119000099,2375,1129,1246
119000100,4655,3480,1175
119000101,3896,1790,2106
119000102,693,1625,-932
119000103,1266,813,453
119000104,1467,851,616
119000105,1058,2628,-1570
119000106,403,628,-225
119000107,1255,544,711
119000108,381,512,-131
119000109,154,859,-705
119000110,440,674,-234
119000111,59,879,-820
119000112,151,139,12
119000113,1198,373,825
119000114,1649,1293,356
119000115,144,148,-4
119000116,88,152,-64
119000117,190,356,-166
119000118,2,1,1
119000123,3624,3214,410
119000124,963,191,772
119000125,5277,619,4658
119000126,1105,341,764
119000127,779,348,431
119000128,24,1,23
119000131,1297,314,983
119000132,2,0,2
119000133,0,5,-5
119000134,1262,559,703
119000135,254,239,15
119000136,462,86,376
119000137,408,234,174
119000138,769,108,661
119000139,295,98,197
119000140,451,353,98
119000284,994,1937,-943
119000285,1673,1595,78
119000286,4287,3653,634
119000287,1214,1672,-458
119000288,2105,774,1331
119000289,1234,1756,-522
119000290,240,264,-24
119000291,20,169,-149
119000293,186,155,31
119000294,56,17,39
119000295,979,222,757
119000296,306,172,134
119000302,1208,1036,172
119000303,18,162,-144
119000314,1533,12642,-11109
119000315,0,145,-145
119000316,126,69,57
119000317,108,120,-12
119900001,213,1498,-1285
119900002,179,202,-23
119900003,13,443,-430
119900004,232,2113,-1881
119900005,254,68,186
119900006,269,506,-237
119900007,978,313,665
119900008,86,97,-11
119900009,574,521,53
119900010,950,1152,-202
119900011,36,258,-222
119900012,13,145,-132
119900013,2265,1911,354
119900014,481,185,296
119900015,221,45,176
119900016,66,61,5
119900017,62,32,30
119900018,1349,1385,-36
119900019,71,10,61
119900020,181,235,-54
119900021,200,87,113
119900022,107,1394,-1287
119900023,367,2230,-1863
119900025,443,50,393
119900026,601,152,449
119900027,21,12,9
119900028,232,241,-9
119900029,11,3,8
119900030,705,375,330
119900031,151,837,-686
119900033,1776,499,1277
119900034,761,76,685
119900037,243,10,233
119900038,77,525,-448
119900039,35,16,19
119900040,306,45,261
119900041,198,33,165
119900042,97,106,-9
119900043,123,153,-30
119900044,225,1449,-1224
119900046,261,48,213
119900047,551,137,414
119900048,59,13,46
119900049,161,2,159
119900050,286,239,47
119900051,1565,29,1536
119900052,122,31,91
119900053,300,112,188
119900054,235,19,216
119900055,1672,523,1149
119900057,437,44,393
119900058,402,5,397
119900059,94,40,54
119900060,409,61,348
119900061,538,10,528
119900062,148,20,128
119900063,42,58,-16
119900064,870,85,785
119900065,327,14,313
119900066,1,2,-1
119900067,131,29,102
119900068,715,6,709
119900069,166,12,154
119900070,1981,21,1960
119900071,1324,52,1272
119900072,446,276,170
119900073,1208,568,640
119900074,48,24,24
119900075,2039,2186,-147
119900076,1020,243,777
119900077,1377,411,966
119900078,847,581,266
119900079,438,99,339
119900080,322,256,66
119900081,92,11,81
119900082,2606,288,2318
119900083,379,128,251
119900084,518,283,235
119900085,52,50,2
119900086,329,399,-70
119900087,668,429,239
119900088,29,47,-18
119900089,55,234,-179
119900090,94,57,37
119900091,117,365,-248
119900092,122,449,-327
119900093,1528,268,1260
119900094,4,173,-169
119900095,174,154,20
119900096,27,107,-80
119900097,343,198,145
119900098,57,48,9
119900099,45,105,-60
119900100,1077,3115,-2038
119900101,183,1351,-1168
119900102,109,118,-9
119900103,62,116,-54
119900104,61,148,-87
119900105,848,3899,-3051
119900106,19,97,-78
119900107,236,1314,-1078
119900108,4133,654,3479
119900109,27,126,-99
119900110,807,315,492
119900111,251,125,126
119900112,750,688,62
119900113,57,238,-181
119900114,352,561,-209
119900115,645,422,223
119900116,177,444,-267
119900117,430,423,7
119900118,186,303,-117
119900119,297,200,97
119900120,630,602,28
119900121,622,355,267
119900122,176,222,-46
119900123,228,341,-113
119900124,320,351,-31
119900125,47,169,-122
119900126,3018,228,2790
119900127,1082,716,366
119900128,650,331,319
119900129,406,181,225
119900130,11,176,-165
119900131,55,98,-43
119900132,40,120,-80
119900133,84,94,-10
119900134,769,155,614
119900135,1,162,-161
119900136,129,181,-52
119900138,270,461,-191
119900139,34,258,-224
119900140,4,55,-51
119900141,70,910,-840
119900142,30,53,-23
119900143,29,239,-210
119900144,1077,215,862
119900145,96,97,-1
119900146,205,230,-25
119900147,3,182,-179
119900148,372,80,292
119900149,607,5720,-5113
119900150,137,99,38
119900151,1302,957,345
119900152,201,157,44
119900153,321,62,259
119900154,32,122,-90
119900155,43,30,13
119900156,23,6,17
119900157,231,156,75
119900158,387,49,338
119900159,4,591,-587
119900160,40,81,-41
119900161,140,93,47
119900162,1305,1462,-157
119900163,94,200,-106
119900164,0,0,0
119900165,159,100,59
119900166,133,59,74
119900167,23,58,-35
119900168,1378,554,824
119900169,95,319,-224
119900170,198,273,-75
119900171,985,351,634
119900172,116,42,74
119900173,19,158,-139
119900174,6,110,-104
119900175,2022,475,1547
119900177,19,167,-148
119900178,11,91,-80
119900179,142,809,-667
119900180,1030,881,149
119900181,46,188,-142
119900182,5,142,-137
119900183,113,511,-398
119900184,920,395,525
119900185,65,284,-219
119900186,39,1590,-1551
119900187,21,149,-128
119900188,182,261,-79
119900189,289,406,-117
119900190,106,381,-275
119900191,180,467,-287
119900192,91,155,-64
119900193,570,105,465
119900194,45,96,-51
119900195,67,125,-58
119900196,519,212,307
119900197,312,186,126
119900198,175,216,-41
119900199,223,24,199
119900200,784,668,116
119900201,236,207,29
119900202,97,369,-272
119900203,225,602,-377
119900204,490,255,235
119900205,1173,296,877
119900206,398,178,220
119900208,215,182,33
119900209,706,1994,-1288
119900210,60,24,36
119900211,123,7,116
119900212,339,242,97
119900213,15,80,-65
119900214,86,39,47
119900215,43,51,-8
119900216,18,40,-22
119900217,31,25,6
119900218,22,68,-46
119900219,10,43,-33
119900220,10,23,-13
119900221,39,110,-71
119900222,20,63,-43
119900223,16,33,-17
119900224,24,22,2
119900225,388,45,343
119900226,259,1919,-1660
119900227,429,357,72
119900228,73,296,-223
119900229,206,385,-179
119900230,1085,391,694
119900231,367,91,276
119900232,272,184,88
119900233,118,17,101
119900234,25,107,-82
119900235,12,48,-36
119900236,33,173,-140
119900237,73,594,-521
119900238,0,64,-64
119900240,150,98,52
119900241,201,151,50
119900242,1540,1449,91
119900244,680,1197,-517
119900245,151,225,-74
119900246,328,634,-306
119900247,34,155,-121
119900248,64,437,-373
119900249,378,172,206
119900253,1230,449,781
119900254,120,1129,-1009
119900255,173,926,-753
119900256,1332,442,890
119900257,112,6,106
119900258,409,23,386
119900259,18,52,-34
119900260,254,19,235
119900261,450,159,291
119900262,0,116,-116
119900263,1179,303,876
119900264,190,53,137
119900265,493,292,201
119900266,671,148,523
119900267,355,395,-40
119900268,158,80,78
119900269,1419,640,779
119900271,49,87,-38
119900272,405,521,-116
119900275,155,26,129
119900276,78,5,73
119900277,33,26,7
119900278,210,131,79
119900279,116,273,-157
119900280,464,131,333
119900281,0,390,-390
119900282,44,219,-175
119900283,33,136,-103
119900284,55,112,-57
119900285,12,131,-119
119900286,1,24,-23
119900288,7,8,-1
119900289,3,10,-7
119900290,4,12,-8
119900291,15,121,-106
119900292,32,85,-53
119900293,39,64,-25
119900294,34,74,-40
119900295,28,8,20
119900296,82,75,7
119900297,5,33,-28
119900298,14,20,-6
119900299,103,144,-41
119900300,288,292,-4
119900301,66,200,-134
119900302,98,125,-27
119900303,389,152,237
119900304,264,21,243
119900305,3,69,-66
119900306,35,6,29
119900307,68,42,26
119900308,8,19,-11
119900309,70,180,-110
119900310,308,257,51
119900311,162,36,126
119900312,175,105,70
119900313,384,251,133
119900314,277,439,-162
119900315,3062,1271,1791
119900318,20,79,-59
119900319,5,164,-159
119900320,305,334,-29
119900321,157,9,148
120000001,7554,21408,-13854
120000002,2586,2120,466
120000003,2330,1252,1078
120000004,2350,1162,1188
120000005,2508,1605,903
120000006,1174,1051,123
120000007,2730,3455,-725
120000008,770,1180,-410
120000009,1798,916,882
120000010,1932,2284,-352
120000011,1168,1293,-125
120000012,1768,1990,-222
120000013,3569,2639,930
120000014,656,1322,-666
120000015,2415,1554,861
120000016,4223,2202,2021
120000017,3767,3070,697
120000018,3456,14392,-10936
120000019,1274,1585,-311
120000020,2644,4110,-1466
120000021,1807,2593,-786
120000022,2755,4166,-1411
120000023,1463,1813,-350
120000024,1193,2462,-1269
120000025,3028,1773,1255
120000026,2835,1719,1116
120000027,2907,2055,852
120000028,1021,3393,-2372
120000029,1050,2710,-1660
120000030,423,938,-515
120000031,2181,5306,-3125
120000032,5444,3399,2045
120000033,4618,1528,3090
120000034,3098,1174,1924
120000035,3168,1770,1398
120000036,3873,5560,-1687
120000037,607,1705,-1098
120000038,3812,3580,232
120000039,801,1096,-295
120000040,128,1171,-1043
120000041,711,1110,-399
120000042,2122,1319,803
120000043,5380,1116,4264
120000044,6802,1666,5136
120000045,7874,1068,6806
120000046,5533,3309,2224
120000047,577,7307,-6730
120000048,6879,4585,2294
120000049,3838,3158,680
120000050,3955,3671,284
120000051,2481,4195,-1714
120000052,6632,1497,5135
120000053,1406,1412,-6
120000054,1647,2386,-739
120000055,1734,3391,-1657
120000056,4954,3799,1155
120000057,4545,1711,2834
120000058,1475,2621,-1146
120000059,18,1796,-1778
120000061,122,332,-210
120000062,139,321,-182
120000063,832,1877,-1045
120000064,234,749,-515
120000065,716,1310,-594
120000066,297,569,-272
120000067,19,476,-457
120000068,242,391,-149
120000069,589,371,218
120000070,87,367,-280
120000071,876,64,812
120000072,1293,397,896
120000073,1346,175,1171
120000074,99,196,-97
120000075,1423,488,935
120000076,3448,590,2858
120000077,2612,835,1777
120000078,3414,1509,1905
120000079,380,179,201
120000080,164,215,-51
120000081,305,172,133
120000082,358,267,91
120000083,82,852,-770
120000084,441,300,141
120000085,236,286,-50
120000086,158,306,-148
120000087,217,264,-47
120000088,796,953,-157
120000089,1416,440,976
120000090,832,419,413
120000091,1370,868,502
120000092,1539,546,993
120000093,735,462,273
120000094,254,875,-621
120000095,1181,344,837
120000096,394,550,-156
120000098,1120,620,500
120000099,566,633,-67
120000100,870,728,142
120000101,936,430,506
120000102,768,1152,-384
120000103,1934,1133,801
120000104,2419,623,1796
120000105,3972,736,3236
120000106,3327,744,2583
120000107,5427,729,4698
120000108,1944,181,1763
120000109,1473,128,1345
120000110,84,726,-642
120000111,156,741,-585
120000112,788,1704,-916
120000113,614,1296,-682
120000114,749,1484,-735
120000115,327,1449,-1122
120000116,679,1356,-677
120000117,679,1180,-501
120000118,39,51,-12
120000119,14,50,-36
120000120,95,114,-19
120000121,37,32,5
120000122,244,589,-345
120000123,2840,8882,-6042
120000124,507,349,158
120000125,837,463,374
120000126,389,1250,-861
120000127,1496,1738,-242
120000128,2245,4764,-2519
120000129,199,295,-96
120000130,896,469,427
120000131,435,707,-272
120000134,485,431,54
120000135,1027,632,395
120000137,439,402,37
120000138,1939,256,1683
120000139,453,317,136
120000140,1592,288,1304
120000141,647,458,189
120000142,1091,688,403
120000143,0,54,-54
120000144,208,10,198
120000145,622,3,619
120000146,783,1170,-387
120000149,683,781,-98
120000150,1828,11883,-10055
120000151,489,440,49
120000152,957,182,775
120000153,603,463,140
120000154,586,507,79
120000155,131,315,-184
120000156,469,1588,-1119
120000157,1179,461,718
120000158,1023,771,252
120000159,1849,1868,-19
120000160,2509,1857,652
120000161,3214,2139,1075
120000162,100,332,-232
120000163,1024,660,364
120000164,943,207,736
120000165,932,386,546
120000166,1829,345,1484
120000167,511,331,180
120000168,14,1096,-1082
120000169,75,3283,-3208
120000170,41,3079,-3038
120000171,31,1009,-978
120000172,20,771,-751
120000173,453,4461,-4008
120000174,85,67,18
120000175,81,134,-53
120000176,58,85,-27
120000177,811,100,711
120000178,11,39,-28
120000179,60,95,-35
120000180,250,78,172
120000181,107,1957,-1850
120000182,110,1067,-957
120000183,9,414,-405
120000184,320,1458,-1138
120000186,50,2084,-2034
120000187,31,849,-818
120000188,31,1291,-1260
120000190,181,110,71
120000191,334,154,180
120000192,279,35,244
120000193,117,4,113
120000195,34,5,29
120000196,93,16,77
120000197,25,34,-9
120000198,413,69,344
120000199,185,0,185
120000200,224,3,221
120000201,24,56,-32
120000202,2,73,-71
120000203,142,159,-17
120000207,1,46,-45
120000208,9,124,-115
120000209,3,43,-40
120000210,37,61,-24
120000211,290,3,287
120000212,308,0,308
120000213,284,136,148
120000214,0,112,-112
120000215,4,78,-74
120000216,251,42,209
120000217,336,912,-576
120000218,56,526,-470
120000219,3,292,-289
120000220,4,735,-731
120000225,3114,4,3110
120000226,594,6,588
120000227,1097,99,998
120000228,14394,4818,9576
120000230,769,46,723
120000231,2131,1266,865
120000233,671,12,659
120000235,407,377,30
120000236,1342,5,1337
120000237,0,704,-704
120000238,2,2215,-2213
120000241,1313,3827,-2514
120000412,352,9,343
120000413,362,76,286
120000414,255,1,254
120000415,0,30,-30
120000416,129,2,127
120000417,5,145,-140
120000418,358,8,350
120000419,15,102,-87
120000420,31,8,23
120000421,7167,4484,2683
120000422,88,2066,-1978
120000423,5,106,-101
120000424,237,120,117
120000436,113,969,-856
120000437,88,148,-60
120000438,1620,239,1381
120000439,291,656,-365
120000443,192,2,190
120000444,1976,334,1642
120000445,1966,1148,818
120000446,986,182,804
120000447,275,3,272
120000449,239,5,234
120000450,9,81,-72
120000451,153,254,-101
120000452,381,0,381
120000453,0,101,-101
120000454,57,53,4
120000455,74,39,35
120000456,2638,4787,-2149
120000457,664,357,307
120000458,431,452,-21
120000459,133,81,52
120000665,488,415,73
120000668,164,2278,-2114
120000669,157,142,15
120000670,74,1849,-1775
120000671,1963,576,1387
120000672,60,387,-327
120900001,100,110,-10
120900002,162,728,-566
120900003,193,12,181
120900004,19,207,-188
120900005,101,489,-388
120900006,740,294,446
120900007,299,74,225
120900008,539,540,-1
120900009,236,19,217
120900010,770,197,573
120900011,145,248,-103
120900012,99,1481,-1382
120900013,402,194,208
120900014,1,325,-324
120900015,1027,161,866
120900016,1462,68,1394
120900017,1637,99,1538
120900018,246,257,-11
120900019,752,536,216
120900020,627,1509,-882
120900021,1149,282,867
120900022,13,271,-258
120900023,410,51,359
120900024,1818,541,1277
120900025,1178,1044,134
120900026,218,128,90
120900027,782,6,776
120900028,764,236,528
120900029,75,888,-813
120900030,2094,926,1168
120900031,413,185,228
120900032,1725,115,1610
120900033,1450,190,1260
120900034,36,3135,-3099
120900035,158,160,-2
120900037,370,16,354
120900038,101,536,-435
120900039,105,102,3
120900040,602,14,588
120900041,63,35,28
120900042,1073,40,1033
120900043,91,75,16
120900044,12,417,-405
120900045,171,74,97
120900046,948,19,929
120900047,194,233,-39
120900048,194,75,119
120900049,882,6,876
120900050,1189,2440,-1251
120900051,573,87,486
120900052,1066,12,1054
120900053,509,43,466
120900054,1200,412,788
120900055,666,6,660
120900056,867,51,816
120900057,297,30,267
120900058,962,2,960
120900059,178,8,170
120900060,134,33,101
120900061,208,186,22
120900062,374,4,370
120900063,1105,22,1083
120900064,1058,2,1056
120900065,892,10,882
120900066,644,132,512
120900067,223,83,140
120900068,528,1,527
120900069,398,13,385
120900071,43,0,43
120900072,1250,4,1246
120900073,989,70,919
120900074,1214,40,1174
120900076,573,2,571
120900077,1679,250,1429
120900078,1275,473,802
120900079,1333,148,1185
120900080,1353,656,697
120900081,1631,316,1315
120900082,341,451,-110
120900083,142,4,138
120900084,608,736,-128
120900085,61,100,-39
120900086,87,530,-443
120900087,726,415,311
120900088,290,830,-540
120900089,2168,4167,-1999
120900090,269,14,255
120900091,522,1101,-579
120900092,546,243,303
120900093,1056,156,900
120900094,253,157,96
120900095,443,28,415
120900096,64,195,-131
120900097,718,408,310
120900098,169,144,25
120900099,114,91,23
120900100,44,169,-125
120900101,305,164,141
120900102,71,55,16
120900103,75,253,-178
120900104,12,129,-117
120900105,29,235,-206
120900106,735,292,443
120900107,184,166,18
120900108,3,265,-262
120900109,50,334,-284
120900110,6,230,-224
120900111,226,296,-70
120900112,25,327,-302
120900113,46,409,-363
120900114,47,156,-109
120900115,121,275,-154
120900116,724,208,516
120900117,7,164,-157
120900118,37,563,-526
120900119,10615,2804,7811
120900120,113,376,-263
120900121,123,328,-205
120900122,978,169,809
120900123,8,126,-118
120900124,1,291,-290
120900125,7,475,-468
120900126,1002,744,258
120900127,25,165,-140
120900128,539,994,-455
120900129,43,233,-190
120900130,4,229,-225
120900131,160,165,-5
120900132,1482,152,1330
120900133,72,348,-276
120900134,325,302,23
120900135,6,413,-407
120900136,61,133,-72
120900137,379,109,270
120900138,18,127,-109
120900139,3,367,-364
120900140,22,169,-147
120900141,367,194,173
120900142,6,143,-137
120900143,1,494,-493
120900144,0,80,-80
120900145,167,515,-348
120900146,2,455,-453
120900147,32,384,-352
120900148,144,160,-16
120900149,0,103,-103
120900150,67,285,-218
120900151,1,263,-262
120900152,5,17,-12
120900153,4,3,1
120900154,0,140,-140
120900155,272,436,-164
120900156,165,192,-27
120900157,2,8,-6
120900158,101,241,-140
120900159,10,40,-30
120900160,51,400,-349
120900161,66,337,-271
120900162,91,594,-503
120900163,439,1368,-929
120900164,1,165,-164
120900165,5,804,-799
120900166,85,1001,-916
120900167,250,109,141
120900169,124,198,-74
120900170,442,4119,-3677
120900171,564,150,414
120900172,279,2671,-2392
120900173,1,42,-41
120900174,10,130,-120
120900175,133,127,6
120900176,33,437,-404
120900177,5,1657,-1652
120900178,1,884,-883
120900179,437,355,82
120900180,73,231,-158
120900181,56,25,31
120900182,40,112,-72
120900183,930,80,850
120900184,476,82,394
120900185,853,1628,-775
120900186,1,174,-173
120900187,697,1124,-427
120900188,289,9,280
120900189,91,2498,-2407
120900190,184,6,178
120900191,43,11,32
120900192,4693,11570,-6877
120900194,84,80,4
120900195,152,223,-71
120900196,673,24,649
120900197,1033,245,788
120900198,246,359,-113
120900199,579,1434,-855
120900200,38,88,-50
120900201,333,155,178
120900202,2,84,-82
120900203,36,97,-61
120900204,98,197,-99
120900205,94,28,66
120900206,32,38,-6
121000001,568,1109,-541
121000002,2519,1829,690
121000003,2904,1740,1164
121000004,2459,3575,-1116
121000005,1396,2310,-914
121000006,3149,2801,348
121000007,2008,4568,-2560
121000008,4709,5564,-855
121000009,3505,6159,-2654
121000010,6278,7386,-1108
121000011,6113,10703,-4590
121000012,12168,9058,3110
121000013,4901,6283,-1382
121000014,5535,4870,665
121000015,4160,7462,-3302
121000016,3833,3631,202
121000017,2246,2504,-258
121000018,3216,1610,1606
121000019,8829,8739,90
121000020,10311,17219,-6908
121000021,2405,1999,406
121000022,2733,3964,-1231
121000023,2815,1535,1280
121000024,4536,5049,-513
121000025,402,1410,-1008
121000026,322,189,133
121000027,1347,1289,58
121000028,927,583,344
121000029,828,553,275
121000030,158,192,-34
121000031,530,604,-74
121000032,219,131,88
121000034,293,285,8
121000035,137,183,-46
121000036,902,968,-66
121000037,552,914,-362
121000038,364,1013,-649
121000039,195,366,-171
121000041,536,483,53
121000042,271,399,-128
121000043,483,618,-135
121000044,1066,1016,50
121000045,534,277,257
121000046,909,1156,-247
121000047,27,141,-114
121000049,942,730,212
121000050,236,1765,-1529
121000051,519,274,245
121000052,431,1055,-624
121000053,348,184,164
121000054,44,411,-367
121000055,932,1862,-930
121000056,715,971,-256
121000057,380,584,-204
121000058,282,214,68
121000059,3125,1266,1859
121000060,489,1064,-575
121000061,64,507,-443
121000062,176,491,-315
121000063,800,1156,-356
121000064,568,746,-178
121000065,221,602,-381
121000066,274,457,-183
121000067,378,783,-405
121000068,564,511,53
121000069,141,1480,-1339
121000070,1576,1282,294
121000071,1771,1728,43
121000072,987,749,238
121000073,914,1490,-576
121000074,95,150,-55
121000075,23,328,-305
121000076,324,349,-25
121000077,126,264,-138
121000078,82,185,-103
121000080,1663,654,1009
121000081,4596,3778,818
121000082,87,333,-246
121000083,129,157,-28
121000084,220,199,21
121000085,253,405,-152
121000086,633,657,-24
121000087,67,250,-183
121000088,599,393,206
121000089,268,596,-328
121000090,295,449,-154
121000091,977,847,130
121000092,241,83,158
121000093,187,201,-14
121000094,472,874,-402
121000095,270,977,-707
121000096,4188,2689,1499
121000097,578,2611,-2033
121000098,697,497,200
121000099,786,656,130
121000100,1122,185,937
121000101,402,231,171
121000102,438,135,303
121000103,266,162,104
121000104,423,100,323
121000105,505,95,410
121000106,355,239,116
121000107,1849,2540,-691
121000109,1094,879,215
121000110,213,614,-401
121000114,3447,2516,931
121000115,2508,885,1623
121000116,260,962,-702
121000117,389,320,69
121000118,1796,177,1619
121000119,255,250,5
121000120,335,358,-23
121000121,529,1534,-1005
121000123,938,772,166
121000126,67,368,-301
121000127,165,142,23
121000128,1054,264,790
121000129,1012,426,586
121000130,749,580,169
121000131,1083,1213,-130
121000132,755,1261,-506
121000135,349,740,-391
121000136,1001,1549,-548
121000137,572,345,227
121000138,665,2032,-1367
121000139,506,868,-362
121000141,176,235,-59
121000142,517,939,-422
121000143,160,23,137
121000144,509,1485,-976
121000145,622,863,-241
121000146,1503,1558,-55
121000147,1180,557,623
121000148,886,887,-1
121000149,2238,1738,500
121000152,343,304,39
121000153,1529,445,1084
121000154,1432,514,918
121000155,1909,1079,830
121000156,377,992,-615
121000157,695,1195,-500
121000158,318,319,-1
121000159,325,354,-29
121000160,334,353,-19
121000161,312,304,8
121000162,224,108,116
121000165,1129,1850,-721
121000166,20,354,-334
121000168,486,213,273
121000169,98,167,-69
121000170,347,81,266
121000171,59,178,-119
121000172,940,747,193
121000173,1689,1358,331
121000174,507,626,-119
121000175,1454,466,988
121000176,382,339,43
121000177,574,293,281
121000178,63,61,2
121000179,45,63,-18
121000181,455,401,54
121000182,215,358,-143
121000183,104,188,-84
121000184,67,208,-141
121000185,49,332,-283
121000186,259,781,-522
121000187,247,154,93
121000188,270,125,145
121000192,981,489,492
121000193,747,459,288
121000194,1766,1891,-125
121000195,206,968,-762
121000196,319,219,100
121000197,226,987,-761
121000198,197,240,-43
121000199,127,208,-81
121000200,802,196,606
121000201,9,152,-143
121000202,184,12,172
121000203,1074,1576,-502
121000204,3699,1021,2678
121000205,77,240,-163
121000206,97,99,-2
121000207,2269,992,1277
121000208,1,316,-315
121000209,689,105,584
121000210,929,275,654
121000211,542,168,374
121000212,696,419,277
121000213,12804,2986,9818
121000214,962,2136,-1174
121000215,942,1472,-530
121000216,536,614,-78
121000217,3705,3025,680
121000218,357,1748,-1391
121000219,1397,613,784
121000220,132,132,0
121000221,125,351,-226
121000222,2492,3662,-1170
121000223,195,924,-729
121000224,143,563,-420
121000225,481,2561,-2080
121000226,1306,1524,-218
121000227,27,146,-119
121000228,36,568,-532
121000229,416,655,-239
121000230,51,1773,-1722
121000231,1358,37,1321
121000232,465,338,127
121000233,564,396,168
121000234,11,49,-38
121000235,71,66,5
121000236,7,41,-34
121000237,26,16,10
121000238,4,62,-58
121000239,57,9,48
121000240,7,120,-113
121000241,162,20,142
121000242,97,473,-376
121000243,218,52,166
121000244,20,95,-75
121000245,54,26,28
121000246,3,120,-117
121000247,176,7,169
121000248,455,1370,-915
121000249,112,247,-135
121000250,588,315,273
121000251,13,224,-211
121000252,213,109,104
121000253,286,234,52
121000254,691,155,536
121000255,144,171,-27
121000256,368,223,145
121000257,41,82,-41
121000258,72,67,5
121000259,29,83,-54
121000260,87,109,-22
121000261,87,75,12
121000262,1030,482,548
121000263,582,428,154
121000271,625,1814,-1189
121000273,21,9,12
121000274,11,72,-61
121000275,2,7,-5
121000276,6,48,-42
121000278,26,21,5
121000279,27,14,13
121000280,20,44,-24
121000289,298,26,272
121000290,1223,1223,0
121000294,227,46,181
121000297,513,1032,-519
121000299,128,688,-560
121000300,1070,562,508
121000302,30,697,-667
121000303,433,294,139
121000304,457,121,336
121000305,176,81,95
121000306,182,171,11
121000308,123,260,-137
121000309,274,438,-164
121000310,149,313,-164
121000311,74,470,-396
121000312,457,327,130
121000313,294,319,-25
121000314,33,70,-37
121000315,12,69,-57
121000530,2120,1551,569
121000531,1873,1742,131
121000532,6573,8766,-2193
121000533,3920,3954,-34
121000918,43,61,-18
121000919,24,90,-66
121000938,54,162,-108
121000939,20,167,-147
121000956,2002,1280,722
121000957,1,12,-11
121000958,21,72,-51
121000959,1228,468,760
121000960,1564,1727,-163
121000961,339,61,278
121000962,854,344,510
121000973,1,255,-254
121000976,35,188,-153
121000979,461,146,315
121000981,367,99,268
121000982,344,107,237
121000983,442,232,210
121000984,22,138,-116
121000985,968,291,677
121000986,809,70,739
121000987,306,514,-208
121000988,1398,116,1282
121001302,205,141,64
121001308,3,29,-26
121001309,56,639,-583
121001313,224,65,159
121001314,1314,1967,-653
121001315,6281,3081,3200
121900001,119,277,-158
121900002,25,33,-8
121900003,724,20,704
121900004,75,447,-372
121900005,22,15,7
121900006,167,14,153
121900007,2289,1941,348
121900008,100,773,-673
121900009,1025,53,972
121900010,217,6,211
121900011,322,256,66
121900012,2,0,2
121900013,438,126,312
121900014,1444,372,1072
121900015,181,151,30
121900016,7,33,-26
121900017,517,725,-208
121900018,507,21,486
121900019,660,260,400
121900020,18,1,17
121900021,1370,20,1350
121900022,317,285,32
121900023,204,423,-219
121900024,417,77,340
121900025,701,644,57
121900026,291,57,234
121900027,502,287,215
121900028,206,15,191
121900029,134,260,-126
121900030,430,567,-137
121900031,1036,7208,-6172
121900032,109,79,30
121900033,190,396,-206
121900034,307,166,141
121900035,3714,2731,983
121900036,134,560,-426
121900037,182,1164,-982
121900038,25,89,-64
121900039,310,76,234
121900040,115,133,-18
121900041,118,300,-182
121900042,443,209,234
121900043,3,10,-7
121900044,79,29,50
121900045,514,389,125
121900046,266,372,-106
121900047,184,94,90
121900048,105,76,29
121900050,54,62,-8
121900051,187,170,17
121900052,164,47,117
121900053,593,356,237
121900054,279,1401,-1122
121900055,5,6,-1
121900058,440,160,280
121900059,367,159,208
121900060,138,631,-493
121900061,203,190,13
121900062,136,180,-44
121900063,1803,534,1269
121900064,406,547,-141
121900066,90,24,66
121900067,68,32,36
121900069,152,112,40
121900070,136,227,-91
121900071,597,307,290
121900072,95,131,-36
121900073,223,364,-141
121900074,481,878,-397
121900075,430,901,-471
121900076,496,459,37
121900077,38,23,15
121900078,161,38,123
121900079,0,2,-2
121900080,985,326,659
121900082,82,86,-4
121900083,272,139,133
121900084,26,29,-3
121900085,3,14,-11
121900086,12,83,-71
121900087,83,175,-92
121900088,1434,3065,-1631
121900089,281,151,130
121900090,51,60,-9
121900091,130,51,79
121900092,106,172,-66
121900093,99,102,-3
121900094,22,12,10
121900095,381,167,214
121900096,1164,828,336
121900097,796,194,602
121900098,6,1,5
121900099,279,33,246
121900100,102,337,-235
121900101,151,141,10
121900102,2,83,-81
121900103,415,268,147
121900104,1821,536,1285
121900105,384,315,69
121900106,16,23,-7
121900107,79,38,41
121900108,0,18,-18
121900109,269,165,104
121900110,816,427,389
121900111,652,362,290
121900112,208,188,20
121900113,81,500,-419
121900114,121,55,66
121900115,219,264,-45
121900117,102,238,-136
121900118,1862,761,1101
121900119,170,93,77
121900120,78,1016,-938
121900121,310,34,276
121900122,30,57,-27
121900123,170,381,-211
121900124,232,188,44
121900125,2620,1177,1443
121900127,17,112,-95
121900128,99,68,31
121900129,235,137,98
121900130,128,380,-252
121900131,250,104,146
121900132,64,86,-22
121900133,24,1142,-1118
121900134,31,254,-223
121900135,4221,481,3740
121900136,554,260,294
121900137,49,313,-264
121900138,81,194,-113
121900139,318,1908,-1590
121900140,73,97,-24
121900141,114,32,82
121900142,188,114,74
121900143,27,194,-167
121900144,113,448,-335
121900145,245,333,-88
121900146,504,753,-249
121900147,83,226,-143
121900148,148,387,-239
121900149,344,435,-91
121900150,66,153,-87
121900151,90,333,-243
121900152,113,104,9
121900153,69,521,-452
121900154,11,368,-357
121900155,2,216,-214
121900156,152,236,-84
121900157,0,285,-285
121900158,99,124,-25
121900159,2,218,-216
121900160,17,203,-186
121900161,260,755,-495
121900162,105,198,-93
121900163,367,233,134
121900164,301,298,3
121900165,210,155,55
121900166,140,161,-21
121900167,91,175,-84
121900168,114,206,-92
121900169,10,214,-204
121900170,76,211,-135
121900171,894,798,96
121900172,692,302,390
121900173,752,304,448
121900174,49,79,-30
121900175,75,401,-326
121900176,526,1661,-1135
121900177,146,87,59
121900178,18,1,17
121900179,393,340,53
121900180,1853,5881,-4028
121900182,607,904,-297
121900183,545,2126,-1581
121900184,62,1085,-1023
121900185,190,114,76
121900186,7,549,-542
121900187,22,187,-165
121900188,724,275,449
121900189,56,105,-49
121900190,245,424,-179
121900191,63,185,-122
121900192,245,1568,-1323
121900193,7,37,-30
121900194,9,343,-334
121900195,39,87,-48
121900196,869,764,105
121900197,301,1068,-767
121900198,2066,1566,500
121900199,1,29,-28
121900200,30,191,-161
121900201,670,775,-105
121900202,91,823,-732
121900203,133,1059,-926
121900204,737,1029,-292
121900205,130,270,-140
121900206,20,95,-75
121900207,63,35,28
121900208,107,584,-477
121900209,78,42,36
121900210,1523,1105,418
121900211,8,140,-132
121900212,120,193,-73
121900213,313,23,290
121900214,5,461,-456
121900215,36,113,-77
121900216,29,412,-383
121900217,254,177,77
121900218,141,444,-303
121900219,337,66,271
121900220,95,11,84
121900221,514,449,65
121900222,279,108,171
121900223,182,70,112
121900224,84,59,25
121900225,87,175,-88
121900226,300,54,246
121900227,347,770,-423
121900228,137,168,-31
121900229,314,486,-172
121900230,82,489,-407
121900231,86,2716,-2630
121900232,213,401,-188
121900233,312,222,90
121900234,473,177,296
121900235,683,102,581
121900236,276,211,65
121900237,194,557,-363
121900238,161,315,-154
121900239,264,53,211
121900240,307,160,147
121900241,89,36,53
121900242,17,0,17
121900243,7,1,6
121900244,46,6,40
121900245,211,49,162
121900246,3859,403,3456
121900247,386,228,158
121900248,1365,1017,348
121900250,171,416,-245
121900251,473,60,413
121900252,514,195,319
121900253,79,820,-741
121900254,411,563,-152
121900255,540,133,407
121900258,4687,1837,2850
121900259,206,592,-386
121900260,243,141,102
121900261,162,571,-409
121900262,531,1042,-511
121900263,346,224,122
121900264,1037,970,67
121900265,387,178,209
121900266,615,116,499
121900267,85,59,26
121900269,227,804,-577
121900270,46,215,-169
121900271,55,213,-158
121900273,444,1883,-1439
121900274,488,281,207
121900276,647,186,461
121900277,420,1025,-605
121900278,103,1131,-1028
121900279,197,217,-20
121900280,102,610,-508
121900281,123,688,-565
121900284,71,9,62
121900286,225,73,152
121900287,27,29,-2
121900290,252,915,-663
121900291,339,1061,-722
121900292,179,188,-9
121900293,739,3695,-2956
121900294,333,12,321
121900295,233,153,80
121900296,71,340,-269
121900298,270,1077,-807
121900299,5,9,-4
121900300,97,7,90
121900301,85,2,83
121900302,2,90,-88
121900303,304,483,-179
121900304,0,37,-37
121900305,2,24,-22
121900306,396,4,392
121900307,166,5,161
121900308,26,128,-102
121900309,13,116,-103
121900310,6,209,-203
121900311,806,22,784
121900312,559,14,545
121900313,538,55,483
121900314,9,31,-22
121900315,19,0,19
121900316,0,4,-4
121900317,28,4,24
121900318,0,9,-9
121900319,32,194,-162
121900320,35,37,-2
121900321,25,2,23
121900322,7,11,-4
121900323,12,18,-6
121900324,2,26,-24
121900325,12,2,10
121900326,1,7,-6
121900327,0,32,-32
121900328,0,10,-10
121900329,6,41,-35
121900330,7,144,-137
121900331,99,55,44
121900332,42,43,-1
122000001,1213,5025,-3812
122000002,2219,1032,1187
122000003,1311,2945,-1634
122000004,1836,1606,230
122000005,3846,2470,1376
122000006,1022,1309,-287
122000007,727,1940,-1213
122000008,1240,3728,-2488
122000009,516,509,7
122000010,2536,3062,-526
122000011,4845,2255,2590
122000012,758,3787,-3029
122000013,684,1665,-981
122000014,3479,1422,2057
122000015,1000,1067,-67
122000016,494,670,-176
122000017,1109,1272,-163
122000018,1782,1837,-55
122000019,907,1874,-967
122000020,199,432,-233
122000021,96,495,-399
122000022,1043,1503,-460
122000023,823,1612,-789
122000024,424,2659,-2235
122000025,614,2962,-2348
122000026,369,1563,-1194
122000027,475,1020,-545
122000028,1065,643,422
122000029,407,647,-240
122000030,168,184,-16
122000031,163,423,-260
122000032,3691,2488,1203
122000033,345,3380,-3035
122000034,419,937,-518
122000035,239,665,-426
122000036,519,507,12
122000037,491,257,234
122000038,184,420,-236
122000039,478,492,-14
122000040,178,265,-87
122000041,518,635,-117
122000042,386,470,-84
122000043,94,158,-64
122000044,114,154,-40
122000045,1623,921,702
122000046,835,1127,-292
122000047,126,175,-49
122000048,2442,4112,-1670
122000049,5976,3283,2693
122000050,796,980,-184
122000051,166,550,-384
122000052,348,508,-160
122000053,185,984,-799
122000054,2008,2167,-159
122000055,1820,4096,-2276
122000056,3054,3172,-118
122000057,2673,4095,-1422
122000058,887,1869,-982
122000059,989,3323,-2334
122000060,287,848,-561
122000061,217,617,-400
122000062,542,258,284
122000063,571,1319,-748
122000064,3044,5829,-2785
122000065,2419,2438,-19
122000066,795,1225,-430
122000067,1116,1197,-81
122000068,1827,1119,708
122000069,871,733,138
122000070,995,1370,-375
122000071,3001,1261,1740
122000072,690,648,42
122000073,257,1169,-912
122000074,2959,1559,1400
122000075,908,1168,-260
122000076,6000,2018,3982
122000077,677,1861,-1184
122000078,975,3673,-2698
122000079,529,2210,-1681
122000080,384,646,-262
122000081,115,245,-130
122000082,305,1146,-841
122000083,4184,1007,3177
122000084,2587,1136,1451
122000085,329,726,-397
122000086,1937,6014,-4077
122000087,182,430,-248
122000088,116,365,-249
122000089,3422,2356,1066
122000090,157,825,-668
122000091,145,285,-140
122000092,62,54,8
122000093,1720,3637,-1917
122000094,4602,3303,1299
122000095,703,4050,-3347
122000096,494,1838,-1344
122000098,2612,3643,-1031
122000099,782,1247,-465
122000100,712,998,-286
122000101,424,608,-184
122000102,1940,1012,928
122000103,1600,1492,108
122000104,940,218,722
122000105,437,445,-8
122000106,441,1368,-927
122000107,1079,464,615
122000108,437,849,-412
122000109,491,277,214
122000110,557,615,-58
122000111,3054,1435,1619
122000112,1051,1521,-470
122000113,655,754,-99
122000114,1623,2652,-1029
122000115,1491,1315,176
122000116,422,454,-32
122000117,1104,354,750
122000118,667,593,74
122000119,2428,2025,403
122000120,1061,3942,-2881
122000121,857,2450,-1593
122000122,430,1126,-696
122000123,1142,1642,-500
122000124,798,638,160
122000125,532,758,-226
122000126,393,924,-531
122000127,493,911,-418
122000128,254,501,-247
122000129,329,972,-643
122000130,2861,1439,1422
122000131,1047,1195,-148
122000132,282,464,-182
122000133,952,815,137
122000134,1173,806,367
122000135,552,354,198
122000136,979,636,343
122000137,2126,935,1191
122000139,753,3621,-2868
122000140,476,911,-435
122000141,3088,1570,1518
122000142,135,1244,-1109
122000143,341,583,-242
122000144,1347,1433,-86
122000145,981,1060,-79
122000146,608,2314,-1706
122000147,473,590,-117
122000148,562,1751,-1189
122000149,1663,1330,333
122000150,1240,1071,169
122000151,94,395,-301
122000152,303,396,-93
122000153,400,448,-48
122000154,208,269,-61
122000155,1220,2330,-1110
122000156,4725,3638,1087
122000157,806,5156,-4350
122000158,279,844,-565
122000159,603,1419,-816
122000160,2126,2337,-211
122000161,1005,1087,-82
122000162,980,1785,-805
122000163,337,146,191
122000164,62,208,-146
122000165,995,1203,-208
122000166,831,1535,-704
122000167,239,526,-287
122000168,213,860,-647
122000169,261,222,39
122000170,308,426,-118
122000171,38,84,-46
122000172,1772,1330,442
122000173,1428,2506,-1078
122000174,1610,1222,388
122000175,661,313,348
122000176,334,1166,-832
122000177,902,1552,-650
122000178,3941,3068,873
122000179,2441,3436,-995
122000180,894,1169,-275
122000181,817,2159,-1342
122000182,1641,1802,-161
122000183,2357,1030,1327
122000184,2973,3402,-429
122000185,995,3210,-2215
122000186,472,1727,-1255
122000187,1995,1154,841
122000188,379,376,3
122000189,227,407,-180
122000190,671,1623,-952
122000191,841,950,-109
122000192,1111,429,682
122000193,387,748,-361
122000194,537,198,339
122000195,142,564,-422
122000196,1119,492,627
122000197,487,585,-98
122000198,370,1979,-1609
122000199,203,376,-173
122000200,729,603,126
122000201,977,2651,-1674
122000202,1029,2461,-1432
122000203,2054,1315,739
122000204,1169,1482,-313
122000205,602,944,-342
122000206,3243,947,2296
122000207,2050,1542,508
122000208,2312,1557,755
122000209,1916,515,1401
122000210,1944,1663,281
122000211,1241,1338,-97
122000212,822,657,165
122000213,999,1472,-473
122000214,1985,1857,128
122000215,2042,1667,375
122000217,1448,1873,-425
122000218,769,86,683
122000219,1062,753,309
122000220,404,715,-311
122000221,67,306,-239
122000222,488,205,283
122000223,1016,456,560
122000225,736,266,470
122000226,1668,1540,128
122000227,217,1583,-1366
122000228,320,289,31
122000229,38,451,-413
122000230,60,391,-331
122000231,240,712,-472
122000232,656,585,71
122000233,0,33,-33
122000234,524,43,481
122000235,730,101,629
122000236,1774,35,1739
122000237,167,136,31
122000238,436,290,146
122000239,744,183,561
122000240,1170,776,394
122000241,240,394,-154
122000242,740,181,559
122000243,22,27,-5
122000244,7,319,-312
122000245,7,33,-26
122000246,37,146,-109
122000247,596,101,495
122000248,603,928,-325
122000249,1228,1109,119
122000250,2083,989,1094
122000251,175,582,-407
122000252,382,177,205
122000253,132,291,-159
122000254,486,113,373
122000255,646,830,-184
122000256,226,405,-179
122000257,256,144,112
122000258,399,269,130
122000259,15,286,-271
122000260,9,27,-18
122000261,9,413,-404
122000262,2,27,-25
122000263,338,997,-659
122000264,1649,318,1331
122000265,2679,1075,1604
122000266,4056,731,3325
122000267,149,116,33
122000268,165,327,-162
122000269,1062,331,731
122000270,518,168,350
122000271,274,1400,-1126
122000272,361,1051,-690
122000273,432,427,5
122000274,291,218,73
122000275,68,187,-119
122000276,1289,566,723
122000277,1103,1742,-639
122000278,2291,506,1785
122000279,318,222,96
122000280,741,500,241
122000281,885,729,156
122000282,266,581,-315
122000283,236,210,26
122000284,193,61,132
122000285,248,62,186
122000286,50,177,-127
122000287,1417,1481,-64
122000288,448,313,135
122000291,2788,808,1980
122000293,172,136,36
122000294,148,327,-179
122000295,1430,192,1238
122000296,21,336,-315
122000297,1965,4083,-2118
122000299,628,483,145
122000300,433,567,-134
122000301,5367,3034,2333
122000302,603,2445,-1842
122000303,2284,1042,1242
122000304,82,202,-120
122000305,1691,181,1510
122000306,58,280,-222
122000307,265,141,124
122000309,110,26,84
122000310,25,148,-123
122000311,152,156,-4
122000312,128,303,-175
122000313,137,97,40
122000314,114,384,-270
122000315,287,77,210
122000316,1666,251,1415
122000317,2229,235,1994
122000318,294,1409,-1115
122000319,142,255,-113
122000320,263,801,-538
122000321,101,103,-2
122000322,1428,1985,-557
122000323,850,2703,-1853
122000324,1254,1933,-679
122000325,772,3299,-2527
122000326,148,49,99
122000327,490,891,-401
122000328,491,336,155
122000330,1944,1536,408
122000332,144,314,-170
122000333,6,54,-48
122000337,1340,557,783
122000338,642,349,293
122000340,179,1308,-1129
122000342,1254,638,616
122000343,286,322,-36
122000344,91,19,72
122000345,47,21,26
122000346,216,54,162
122000348,1174,816,358
122000349,93,587,-494
122000351,198,251,-53
122000352,283,216,67
122000353,160,39,121
122000355,131,334,-203
122000356,729,1767,-1038
122000357,81,23,58
122000358,1,7,-6
122000359,0,17,-17
122000360,2,11,-9
122000362,6,56,-50
122000364,294,244,50
122000365,0,26,-26
122000366,11,12,-1
122000368,531,703,-172
122000370,45,28,17
122000371,42,0,42
122000372,21,4,17
122000381,178,354,-176
122000382,82,171,-89
122000384,1269,1012,257
122000385,114,0,114
122000386,226,1794,-1568
122000387,407,898,-491
122000388,1202,1086,116
122000389,134,1244,-1110
122000390,314,327,-13
122000391,162,799,-637
122000392,212,188,24
122000393,41,81,-40
122000394,682,230,452
122000395,147,84,63
122000396,198,69,129
122000397,5,20,-15
122000398,17,44,-27
122000399,212,89,123
122000400,44,764,-720
122000401,135,61,74
122000402,539,180,359
122000403,449,381,68
122000404,234,116,118
122000408,364,766,-402
122000503,13,98,-85
122000524,99,324,-225
122000544,102,2163,-2061
122000616,257,1,256
122000640,104,78,26
122000641,158,193,-35
122000642,1160,627,533
122000643,62,193,-131
122000644,117,35,82
122000645,67,190,-123
122000651,676,1795,-1119
122000664,179,37,142
122000665,1042,508,534
122000666,654,999,-345
122000673,39,171,-132
122000674,288,124,164
122000675,2153,502,1651
122000686,400,735,-335
122000687,1572,322,1250
122000688,356,322,34
122000689,1162,211,951
122000690,3289,328,2961
122000691,1031,617,414
122000692,1549,278,1271
122000693,362,776,-414
122000695,563,224,339
122000696,702,115,587
122000698,467,204,263
122000699,190,77,113
122000701,1448,293,1155
122000702,316,756,-440
122000703,187,67,120
122000717,82,88,-6
122000718,406,1052,-646
122000719,116,134,-18
122000720,757,59,698
122900001,82,19,63
122900002,1126,6890,-5764
122900003,412,38,374
122900004,3638,147,3491
122900005,146,278,-132
122900006,555,1823,-1268
122900007,80,211,-131
122900008,351,299,52
122900009,702,425,277
122900010,269,108,161
122900012,182,422,-240
122900014,145,128,17
122900015,694,1365,-671
122900016,117,224,-107
122900017,234,736,-502
122900018,156,20,136
122900019,9,99,-90
122900020,130,466,-336
122900021,37,362,-325
122900022,1366,648,718
122900023,959,258,701
122900024,245,139,106
122900025,13,418,-405
122900026,15,144,-129
122900027,59,489,-430
122900028,223,248,-25
122900029,5143,3023,2120
122900030,1933,666,1267
122900031,22,293,-271
122900032,226,390,-164
122900033,187,146,41
122900034,3346,4548,-1202
122900035,54,52,2
122900036,73,60,13
122900037,313,159,154
122900038,103,3088,-2985
122900039,87,556,-469
122900040,214,706,-492
122900041,269,404,-135
122900042,121,265,-144
122900043,369,250,119
122900044,108,341,-233
122900045,135,148,-13
122900046,172,334,-162
122900047,121,211,-90
122900048,33,282,-249
122900049,1845,181,1664
122900051,99,233,-134
122900052,195,110,85
122900053,28,36,-8
122900055,358,151,207
122900057,250,55,195
122900061,490,135,355
122900062,563,702,-139
122900063,179,154,25
122900064,790,507,283
122900065,603,261,342
122900066,910,432,478
122900067,782,458,324
122900068,120,255,-135
122900069,394,1366,-972
122900070,434,75,359
122900071,105,182,-77
122900072,4,325,-321
122900073,9,139,-130
122900074,1280,251,1029
122900075,2,132,-130
122900076,4,171,-167
122900077,1,74,-73
122900078,363,25,338
122900080,37,61,-24
122900081,173,171,2
122900082,1318,116,1202
122900083,81,73,8
122900084,24,170,-146
122900086,12,216,-204
122900087,397,431,-34
122900088,29,477,-448
122900089,27,271,-244
122900090,7,231,-224
122900091,409,2,407
122900092,0,92,-92
122900093,2,84,-82
122900094,6,48,-42
122900095,202,12,190
122900096,422,101,321
122900097,36,60,-24
122900098,47,108,-61
122900099,93,31,62
122900100,106,862,-756
122900101,281,236,45
123000001,813,715,98
123000002,2289,5684,-3395
123000003,4484,4363,121
123000004,2607,3563,-956
123000005,3026,2688,338
123000006,2021,1993,28
123000007,2542,2646,-104
123000008,2015,2467,-452
123000009,4484,3197,1287
123000010,3006,3183,-177
123000011,1925,1182,743
123000012,575,2202,-1627
123000013,3958,1076,2882
123000014,525,2899,-2374
123000015,2458,1089,1369
123000016,2520,3859,-1339
123000017,3420,2069,1351
123000018,100,77,23
123000019,546,102,444
123000020,376,41,335
123000021,200,180,20
123000022,301,1751,-1450
123000023,2233,2325,-92
123000024,1734,688,1046
123000025,103,131,-28
123000026,22,219,-197
123000027,79,805,-726
123000028,1342,1254,88
123000029,573,1589,-1016
123000030,275,119,156
123000031,403,129,274
123000032,486,90,396
123000033,274,64,210
123000034,1159,753,406
123000035,703,484,219
123000036,333,965,-632
123000037,388,151,237
123000038,155,273,-118
123000039,572,1575,-1003
123000040,470,272,198
123000041,816,1205,-389
123000042,488,925,-437
123000043,1982,12725,-10743
123000044,2943,2239,704
123000045,3957,2489,1468
123000046,353,1224,-871
123000047,1178,1243,-65
123000048,115,1214,-1099
123000049,5073,10514,-5441
123000050,2190,1952,238
123000051,109,191,-82
123000052,832,4009,-3177
123000053,2527,3174,-647
123000054,1851,1749,102
123000055,2217,3968,-1751
123000056,1001,1080,-79
123000057,4334,6111,-1777
123000058,717,1322,-605
123000059,326,470,-144
123000060,1281,460,821
123000061,327,554,-227
123000063,1107,1067,40
123000064,1392,213,1179
123000065,4082,2445,1637
123000066,440,533,-93
123000067,1079,419,660
123000068,1808,1943,-135
123000069,4501,1803,2698
123000070,157,499,-342
123000071,1886,903,983
123000072,1300,632,668
123000073,2019,851,1168
123000074,924,880,44
123000075,351,1557,-1206
123000076,859,343,516
123000077,1949,1612,337
123000078,2560,1279,1281
123000079,2304,1558,746
123000080,2472,1089,1383
123000081,185,297,-112
123000082,292,842,-550
123000083,1229,304,925
123000084,843,348,495
123000085,549,49,500
123000086,900,99,801
123000087,613,352,261
123000088,1313,526,787
123000089,881,891,-10
123000090,1473,776,697
123000091,1326,1015,311
123000092,798,1185,-387
123000094,836,197,639
123000095,875,623,252
123000096,883,350,533
123000097,785,507,278
123000098,737,525,212
123000099,624,482,142
123000100,396,847,-451
123000101,582,601,-19
123000102,325,784,-459
123000104,475,541,-66
123000105,449,466,-17
123000106,460,514,-54
123000107,258,258,0
123000108,498,921,-423
123000111,1202,411,791
123000112,1569,498,1071
123000113,551,704,-153
123000114,378,626,-248
123000115,280,266,14
123000116,35,70,-35
123000117,2131,1208,923
123000118,514,561,-47
123000119,239,511,-272
123000120,291,505,-214
123000121,490,586,-96
123000122,338,238,100
123000123,478,544,-66
123000124,308,357,-49
123000125,1434,1409,25
123000126,1198,4953,-3755
123000127,589,542,47
123000128,240,209,31
123000129,1108,216,892
123000130,856,93,763
123000131,1407,961,446
123000132,272,483,-211
123000133,129,195,-66
123000134,267,94,173
123000135,3060,1294,1766
123000136,264,412,-148
123000137,117,187,-70
123000138,90,220,-130
123000139,918,95,823
123000140,64,441,-377
123000141,882,182,700
123000142,968,615,353
123000143,804,1222,-418
123000144,17,40,-23
123000145,204,239,-35
123000146,25,187,-162
123000147,72,181,-109
123000149,329,268,61
123000150,102,209,-107
123000151,150,528,-378
123000152,101,358,-257
123000153,158,659,-501
123000154,963,1439,-476
123000155,1637,1085,552
123000156,17,110,-93
123000157,522,682,-160
123000158,468,777,-309
123000159,3320,3857,-537
123000160,1105,1155,-50
123000161,1912,1175,737
123000162,1406,1781,-375
123000163,773,173,600
123000164,2205,294,1911
123000165,483,902,-419
123000166,35,77,-42
123000167,139,178,-39
123000168,288,190,98
123000169,1163,171,992
123000170,35,167,-132
123000171,1323,10,1313
123000172,137,397,-260
123000173,617,387,230
123000174,1203,535,668
123000175,368,911,-543
123000176,1152,381,771
123000177,273,849,-576
123000178,1002,226,776
123000179,78,373,-295
123000180,1842,333,1509
123000181,243,844,-601
123000182,328,243,85
123000183,165,540,-375
123000184,89,389,-300
123000185,1143,377,766
123000186,8,330,-322
123000187,694,14,680
123000188,296,35,261
123000189,307,176,131
123000190,102,122,-20
123000192,26,378,-352
123000193,68,647,-579
123000194,376,235,141
123000195,391,40,351
123000196,440,34,406
123000197,93,80,13
123000198,41,928,-887
123000199,9,641,-632
123000200,688,11,677
123000201,1597,46,1551
123000202,20,560,-540
123000203,1347,85,1262
123000204,75,705,-630
123000205,276,989,-713
123000206,2703,303,2400
123000207,72,586,-514
123000208,683,305,378
123000209,2404,889,1515
123000210,378,1211,-833
123000211,491,1494,-1003
123000212,4038,548,3490
123000213,716,67,649
123000215,60,209,-149
123000216,169,594,-425
123000217,277,79,198
123000218,48,649,-601
123000219,722,73,649
123000220,541,158,383
123000221,205,94,111
123000222,546,333,213
123000223,701,143,558
123000224,451,234,217
123000225,246,35,211
123000226,118,350,-232
123000227,123,259,-136
123000228,339,57,282
123000229,779,1249,-470
123000232,93,457,-364
123000233,931,134,797
123000234,184,473,-289
123000235,1783,363,1420
123000236,358,462,-104
123000237,361,158,203
123000238,49,286,-237
123000239,405,699,-294
123000240,86,738,-652
123000241,261,86,175
123000242,300,164,136
123000243,878,839,39
123000244,815,556,259
123000245,40,145,-105
123000249,297,683,-386
123000252,1037,338,699
123000253,1813,519,1294
123000254,804,772,32
123000255,1465,1096,369
123000256,16,205,-189
123000257,1982,1293,689
123000258,787,497,290
123000259,535,421,114
123000260,524,298,226
123000261,426,117,309
123000262,68,101,-33
123000263,678,90,588
123000264,176,96,80
123000265,18,129,-111
123000266,575,523,52
123000267,866,421,445
123000268,36,40,-4
123000269,41,79,-38
123000270,60,63,-3
123000271,57,45,12
123000272,725,296,429
123000273,315,891,-576
123000274,1207,636,571
123000275,222,688,-466
123000278,2086,2734,-648
123000279,135,57,78
123000280,301,240,61
123000281,297,120,177
123000282,111,254,-143
123000283,218,63,155
123000284,52,61,-9
123000286,158,437,-279
123000287,395,358,37
123000288,1296,1383,-87
123000289,331,1492,-1161
123000291,192,890,-698
123000294,165,225,-60
123000295,796,1271,-475
123000296,923,651,272
123000297,108,154,-46
123000298,177,139,38
123000299,10,75,-65
123000300,1275,932,343
123000301,172,369,-197
123000302,125,132,-7
123000303,107,271,-164
123000305,807,784,23
123000306,222,70,152
123000309,44,45,-1
123000310,37,38,-1
123000311,0,95,-95
123000312,268,548,-280
123000313,852,372,480
123000315,207,183,24
123000316,789,73,716
123000317,249,74,175
123000318,87,230,-143
123000329,33,26,7
123000337,489,670,-181
123000338,173,145,28
123000339,368,59,309
123000340,84,220,-136
123000342,15,20,-5
123000343,48,5,43
123000344,631,273,358
123000345,292,481,-189
123000346,422,52,370
123000352,885,736,149
123000353,51,121,-70
123000354,293,25,268
123000355,1,200,-199
123000356,457,7,450
123000357,0,83,-83
123000359,14,83,-69
123000360,256,70,186
123000361,139,222,-83
123000362,593,85,508
123000363,156,161,-5
123000364,500,583,-83
123000365,15,470,-455
123000366,332,2410,-2078
123000367,284,658,-374
123000370,32,110,-78
123000371,602,40,562
123000372,419,32,387
123000373,3,237,-234
123000374,13,166,-153
123000375,497,32,465
123000376,906,673,233
123000377,712,24,688
123000378,18,199,-181
123000379,2,144,-142
123000380,21,315,-294
123000381,76,171,-95
123000382,520,156,364
123000383,104,1177,-1073
123000384,443,134,309
123000385,165,516,-351
123000436,26,1488,-1462
123000507,49,157,-108
123000508,96,1215,-1119
123000517,257,24,233
123000518,9,139,-130
123000519,168,114,54
123000520,47,171,-124
123000521,522,118,404
123000522,166,242,-76
123000541,12,0,12
123000542,0,9,-9
123000565,1009,32,977
123000566,420,176,244
123000567,86,103,-17
123000573,50,426,-376
123000574,1085,72,1013
123000575,1827,655,1172
123000576,1491,805,686
123000577,48,577,-529
123000578,267,110,157
123000579,856,6237,-5381
123000580,123,66,57
123000582,609,26,583
123000583,35,327,-292
123000584,136,303,-167
123000585,1,61,-60
123000586,129,1,128
123000596,55,98,-43
123000597,51,197,-146
123000602,58,4,54
123000603,1374,331,1043
123000604,752,314,438
123000605,634,94,540
123000606,0,349,-349
123000609,24,290,-266
123000610,140,93,47
123000613,31,197,-166
123000614,405,29,376
123000615,34,50,-16
123000616,1248,77,1171
123000617,132,139,-7
123000618,82,441,-359
123000619,623,108,515
123000620,53,283,-230
123000622,737,24,713
123000624,293,39,254
123000630,1740,451,1289
123000631,159,412,-253
123000632,643,553,90
123000633,0,112,-112
123000634,52,239,-187
123000635,27,69,-42
123000636,52,286,-234
123000637,98,43,55
123000638,530,31,499
123000639,703,5424,-4721
123000640,1,182,-181
123900001,968,65,903
123900002,21,1197,-1176
123900003,187,257,-70
123900005,295,214,81
123900006,393,50,343
124000001,2019,216,1803
124000002,34,1091,-1057
124000003,1444,202,1242
124000004,73,369,-296
124000005,1502,793,709
124000006,221,631,-410
124000007,361,145,216
124000008,18,411,-393
124000009,1011,266,745
124000010,276,300,-24
124000011,1307,419,888
124000012,368,265,103
124000017,191,116,75
124000018,122,36,86
124000019,168,160,8
124000020,24,74,-50
124000021,139,100,39
124000022,77,123,-46
124000023,1230,1407,-177
124000024,1125,310,815
124000025,1082,1679,-597
124000026,1001,869,132
124000027,4093,4616,-523
124000028,979,3422,-2443
124000030,1499,1017,482
124000031,1607,5464,-3857
124000032,1154,550,604
124000033,235,252,-17
124000034,540,465,75
124000035,27,269,-242
124000036,24,155,-131
124000037,324,1317,-993
124000038,34,115,-81
124000039,632,452,180
124000040,333,1430,-1097
124000041,575,109,466
124000042,121,385,-264
124000043,76,75,1
124000044,38,145,-107
124000045,1041,466,575
124000046,318,529,-211
124000047,2533,659,1874
124000048,1250,620,630
124000049,2268,421,1847
124000050,946,993,-47
124000051,1212,423,789
124000052,583,756,-173
124000053,552,1995,-1443
124000054,775,312,463
124000055,1141,3668,-2527
124000056,1513,822,691
124000057,1148,471,677
124000058,417,726,-309
124000059,833,1374,-541
124000060,514,422,92
124000061,1073,5396,-4323
124000062,1737,1301,436
124000063,1013,1052,-39
124000064,1612,957,655
124000065,12,537,-525
124000066,86,35,51
124000067,233,183,50
124000068,22,17,5
124000069,268,33,235
124000070,106,57,49
124000071,423,137,286
124000072,237,357,-120
124000073,1004,157,847
124000074,186,450,-264
124000075,586,52,534
124000076,15,89,-74
124000077,647,876,-229
124000078,2139,1554,585
124000079,237,1416,-1179
124000080,661,201,460
124000081,276,350,-74
124000082,47,178,-131
124000083,24,71,-47
124000084,48,443,-395
124000085,68,30,38
124000086,33,197,-164
124000087,138,158,-20
124000088,145,583,-438
124000089,946,434,512
124000090,103,172,-69
124000091,415,69,346
124000092,96,283,-187
124000093,130,146,-16
124000094,235,640,-405
124000095,167,81,86
124000096,143,247,-104
124000097,79,125,-46
124000098,80,61,19
124000099,174,96,78
124000100,58,78,-20
124000101,111,111,0
124000102,61,43,18
124000103,153,123,30
124000104,65,35,30
124000105,111,91,20
124000106,141,39,102
124000107,26,220,-194
124000108,31,12,19
124000109,141,90,51
124000110,112,32,80
124000111,215,163,52
124000112,829,414,415
124000113,148,124,24
124000114,476,269,207
124000115,325,534,-209
124000116,131,189,-58
124000117,32,79,-47
124000118,27,95,-68
124000119,675,842,-167
124000120,581,455,126
124000121,943,673,270
124000122,471,1206,-735
124000123,1120,528,592
124000124,315,796,-481
124000125,480,490,-10
124000126,266,540,-274
124000127,1054,291,763
124000128,482,664,-182
124000129,1843,1568,275
124000130,546,533,13
124000131,789,686,103
124000132,611,651,-40
124000133,1002,1060,-58
124000134,951,388,563
124000135,1696,2059,-363
124000136,687,829,-142
124000137,833,1040,-207
124000138,1097,1190,-93
124000139,555,71,484
124000140,19,231,-212
124000141,153,42,111
124000142,18,197,-179
124000143,77,17,60
124000144,25,62,-37
124000145,127,56,71
124000146,28,61,-33
124000148,19,113,-94
124000149,1223,462,761
124000150,224,616,-392
124000151,773,278,495
124000152,635,799,-164
124000153,1011,805,206
124000154,459,528,-69
124000155,1206,729,477
124000156,730,816,-86
124000169,182,522,-340
124000170,612,402,210
124000171,378,230,148
124000172,311,422,-111
124000173,608,139,469
124000174,311,588,-277
124000175,11,61,-50
124000176,83,28,55
124000177,20,48,-28
124000178,59,114,-55
124000190,21,32,-11
124000191,24,64,-40
124000192,1220,515,705
124000193,282,908,-626
124000194,234,410,-176
124000195,242,669,-427
124000196,660,629,31
124000197,27,23,4
124000198,41,47,-6
124000201,222,652,-430
124000202,604,376,228
124000203,847,215,632
124000204,1335,189,1146
124000205,136,208,-72
124000206,1172,186,986
124000207,0,44,-44
124000209,177,138,39
124000210,824,215,609
124000211,1045,3,1042
124000212,2,172,-170
124000213,785,118,667
124000214,679,254,425
124000215,572,34,538
124000216,4,194,-190
124000329,267,610,-343
124000338,187,353,-166
124000339,1648,105,1543
124000341,2112,138,1974
124000344,53,5,48
124000357,1369,2435,-1066
124000358,959,1683,-724
124000359,1702,876,826
124000360,1227,548,679
124000361,2088,912,1176
124000362,938,1336,-398
124000363,271,321,-50
124000364,458,731,-273
124000365,448,779,-331
124000366,1218,633,585
124000367,68,241,-173
124000368,537,702,-165
124000369,100,100,0
124000370,18,367,-349
124000402,30,39,-9
124000403,254,21,233
124000404,12,37,-25
124000405,980,761,219
124000406,549,598,-49
124000407,2,10,-8
124000411,14,133,-119
124000412,678,11,667
124000413,83,17,66
124000414,162,73,89
124000415,45,59,-14
124000416,100,105,-5
124000417,181,85,96
124000418,238,51,187
124000419,102,26,76
124000420,124,33,91
124000421,55,35,20
124000422,12,12,0
124000423,158,25,133
124000424,3,12,-9
124000425,56,20,36
124000426,6,46,-40
124000427,70,6,64
124000428,5,55,-50
124000429,124,36,88
124000430,635,429,206
124000431,410,350,60
124000432,346,437,-91
124000439,15,4,11
124000442,16,26,-10
124000443,0,4,-4
124000445,66,651,-585
124000446,242,51,191
124900001,619,435,184
124900002,229,229,0
124900003,1076,451,625
124900004,827,237,590
124900005,285,126,159
124900006,814,179,635
124900008,844,587,257
124900009,222,789,-567
124900010,341,304,37
124900011,1167,325,842
124900012,975,154,821
124900013,558,120,438
124900014,445,75,370
124900015,241,645,-404
124900016,83,253,-170
124900017,550,2759,-2209
124900018,101,9,92
124900019,649,20,629
124900020,215,131,84
124900021,503,104,399
124900022,66,7,59
124900024,323,5,318
124900026,56,29,27
124900027,134,653,-519
124900028,417,108,309
124900029,15,548,-533
124900030,6,98,-92
124900031,99,337,-238
124900032,131,221,-90
124900033,110,262,-152
124900034,28,60,-32
124900035,216,382,-166
124900036,1,36,-35
124900037,232,249,-17
124900038,141,144,-3
124900039,8,63,-55
124900040,150,110,40
124900041,208,318,-110
124900042,29,0,29
124900043,355,355,0
124900044,107,10,97
124900045,417,907,-490
124900046,865,284,581
124900047,106,143,-37
124900048,198,90,108
124900050,141,124,17
124900052,135,386,-251
124900053,297,241,56
124900054,643,558,85
124900055,0,150,-150
124900057,2,36,-34
124900060,55,98,-43
124900061,148,3,145
124900062,328,8,320
124900066,0,12,-12
124900067,3,64,-61
124900068,292,1222,-930
124900069,84,175,-91
124900070,107,34,73
124900072,206,44,162
124900074,467,147,320
124900075,331,170,161
124900076,19,1412,-1393
124900077,16,71,-55
124900078,95,28,67
124900079,248,167,81
124900080,341,242,99
124900081,954,283,671
124900082,260,303,-43
124900083,214,271,-57
124900084,700,98,602
124900085,446,528,-82
124900086,63,1341,-1278
124900087,201,95,106
124900088,157,102,55
124900089,616,17,599
124900090,576,254,322
124900091,370,239,131
124900092,280,248,32
124900093,448,229,219
124900094,681,308,373
124900095,216,657,-441
124900096,415,360,55
124900097,502,69,433
124900098,183,329,-146
124900099,445,585,-140
124900100,344,56,288
124900101,74,336,-262
124900102,375,18,357
124900103,126,118,8
124900104,62,96,-34
124900105,101,88,13
124900106,549,36,513
124900107,141,64,77
124900108,154,97,57
124900109,120,124,-4
124900110,482,163,319
124900111,1,104,-103
124900112,116,304,-188
129000186,127,75,52
204000001,40,6,34
204000002,6,3,3
204000003,46,6,40
204000004,1,1,0
204000005,598,380,218
204000006,1135,904,231
204000008,654,371,283
204000011,7,28,-21
204000012,51,64,-13
204000013,2,31,-29
204000019,861,380,481
204000020,789,391,398
204000021,963,617,346
204000022,738,379,359
204000023,521,425,96
204000031,9,5,4
204000032,233,24,209
204000034,36,96,-60
204000035,0,2,-2
204000036,4,16,-12
204000037,0,8,-8
204000038,1,26,-25
204000039,22,19,3
204000040,11,7,4
204000041,41,15,26
204000042,37,8,29
204000043,30,1,29
204000044,54,1,53
204000045,56,6,50
204000046,13,5,8
204000057,18,9,9
204000062,5,12,-7
204000068,20,301,-281
204000069,10,247,-237
204000070,65,38,27
204000080,101,35,66
204000085,1339,1339,0
204000086,1605,1283,322
204000087,46,1,45
204000088,6,41,-35
204000090,28,231,-203
204000093,648,54,594
204000096,1080,813,267
204000097,783,9,774
204000099,1099,1394,-295
204000100,1691,1427,264
204000105,1425,900,525
204000110,282,754,-472
204000111,470,504,-34
204000112,469,397,72
204000113,465,815,-350
204000114,926,1078,-152
204000115,640,367,273
204000116,443,492,-49
204000119,1947,2029,-82
204000132,584,342,242
204000133,722,148,574
204000134,222,60,162
204000135,538,27,511
204000136,467,154,313
204000138,355,389,-34
204000140,210,107,103
204000141,190,77,113
204000144,3,17,-14
204000145,544,36,508
204000146,23,223,-200
204000147,8,153,-145
204000148,133,35,98
204000154,8,2,6
204000155,5,3,2
204000177,63,24,39
204000179,40,9,31
204000180,0,15,-15
204000222,1,5,-4
204000235,28,23,5
204000236,58,107,-49
204000238,66,9,57
204000240,336,69,267
204000308,136,11,125
204000317,12,70,-58
204000322,11,50,-39
204000323,8,14,-6
204000328,180,41,139
204000329,39,176,-137
204000330,152,7,145
204000331,24,119,-95
204010341,9,156,-147
205000001,513,867,-354
205000013,6,34,-28
205000014,14,60,-46
205000015,28,97,-69
205000016,10,96,-86
205000017,20,64,-44
205000022,218,547,-329
205000025,752,535,217
205000029,315,21,294
205000045,118,726,-608
205000047,68,218,-150
205000048,293,335,-42
205000049,127,447,-320
205000050,499,207,292
205000059,0,96,-96
205000060,0,67,-67
205000061,3,150,-147
205000062,4,206,-202
205000063,20,231,-211
205000064,13,95,-82
205000065,47,427,-380
205000066,122,304,-182
205000067,35,483,-448
205000069,202,14,188
205000082,158,197,-39
205000110,60,118,-58
205000111,145,139,6
205000112,161,182,-21
205000113,142,232,-90
205000121,281,38,243
205000123,34,157,-123
205000126,444,78,366
205000127,644,117,527
205000128,397,60,337
205000129,809,42,767
205000130,113,29,84
205000131,44,7,37
205000132,59,4,55
205000133,43,1,42
205000134,322,1,321
205000137,73,114,-41
205000138,158,305,-147
205000139,29,96,-67
205000144,107,69,38
205000145,289,215,74
205000151,196,23,173
205000152,259,25,234
205000153,240,28,212
205000154,102,41,61
205000155,144,21,123
205000207,4,104,-100
205000233,26,22,4
205000234,0,0,0
205000243,0,0,0
205000244,0,1,-1
205000245,6,133,-127
205000249,0,15,-15
205000250,7,6,1
205000251,103,282,-179
205000264,7,56,-49
206000027,16,6,10
206000028,6,11,-5
206000043,1,32,-31
206000053,5,6,-1
206000054,3,21,-18
206000055,1,21,-20
206000075,10,25,-15
206000076,43,9,34
206000077,14,6,8
206000078,12,7,5
206000079,24,10,14
206000082,369,116,253
206000100,23,349,-326
206000103,3,14,-11
206000104,10,16,-6
206000105,7,4,3
206000106,2,9,-7
206000108,687,49,638
206000125,93,0,93
206000157,43,396,-353
206000170,1,89,-88
206000171,5,142,-137
206000172,15,156,-141
206000173,2,92,-90
206000174,37,29,8
206000175,2,47,-45
206000176,20,65,-45
206000177,1,59,-58
206000178,2,124,-122
206000179,4,105,-101
206000180,1,90,-89
206000181,15,30,-15
206000182,3,49,-46
206000183,8,117,-109
206000184,6,121,-115
206000185,8,47,-39
206000186,55,293,-238
206000223,5,156,-151
206000226,26,2,24
206000227,41,4,37
206000237,48,121,-73
206000238,16,224,-208
206000239,149,1366,-1217
206000240,1,51,-50
206000241,0,48,-48
206000242,9,88,-79
206000243,8,56,-48
206000244,27,228,-201
206000245,1310,108,1202
206000246,491,24,467
206000247,482,16,466
206000248,590,26,564
206000252,77,28,49
206000258,16,40,-24
206000315,56,7,49
206000317,814,155,659
206000318,802,64,738
206000319,2899,143,2756
206000320,441,53,388
206000321,462,17,445
206000322,979,20,959
206000323,298,12,286
206000324,340,14,326
206000325,251,7,244
206000326,312,29,283
206000327,79,7,72
206000328,357,13,344
206000329,468,4,464
206000330,63,7,56
206000331,381,0,381
206000332,112,3,109
206000333,1249,2,1247
206000334,474,2,472
206000335,0,15,-15
206000361,6,128,-122
206000392,1,9,-8
206000405,158,1,157
206000441,97,17,80
206000498,64,2,62
206000515,33,29,4
206000530,512,66,446
206000531,252,386,-134
206000532,1560,565,995
206000535,82,2162,-2080
206000536,12,89,-77
206000537,9,118,-109
206000613,1665,273,1392
207000001,121,576,-455
207000002,74,377,-303
207000003,115,137,-22
207000007,1349,214,1135
207000008,125,2,123
207000009,72,22,50
207000010,308,263,45
207000012,543,194,349
207000015,245,538,-293
207000019,216,50,166
207000021,474,170,304
207000022,176,144,32
207000023,246,65,181
207000024,2,15,-13
207000025,31,71,-40
207000026,43,30,13
207000027,16,45,-29
207000028,35,176,-141
207000029,143,330,-187
207000033,197,361,-164
207000034,307,103,204
207000039,679,91,588
207000040,692,63,629
207000041,175,55,120
207000042,475,67,408
207000043,241,160,81
207000051,138,200,-62
207000052,51,143,-92
207000053,348,333,15
207000054,61,58,3
207000055,184,70,114
207000056,291,221,70
207000057,107,172,-65
207000058,203,160,43
207000059,113,189,-76
207000060,53,102,-49
207000061,116,711,-595
207000062,409,25,384
207000063,427,57,370
207000064,386,120,266
207000065,391,174,217
207000066,355,122,233
207000067,80,62,18
207000068,164,41,123
207000069,802,311,491
207000082,6,86,-80
207000083,89,186,-97
207000084,416,225,191
207000085,251,19,232
207000086,286,5,281
207000106,68,25,43
207000107,104,14,90
207000108,83,5,78
207000109,103,15,88
207000110,59,90,-31
207000111,84,95,-11
207000112,91,779,-688
207000114,13,23,-10
207000115,22,40,-18
207000116,27,380,-353
207000117,19,58,-39
207000118,7,58,-51
207000119,19,32,-13
207000123,249,16,233
207000124,103,14,89
207000125,68,22,46
207000126,61,26,35
207000134,113,79,34
207000135,33,95,-62
207000148,74,321,-247
207000149,49,20,29
207000152,77,393,-316
207000153,280,911,-631
207000154,255,161,94
207000159,100,157,-57
207000160,181,165,16
207000238,0,70,-70
207000242,1,60,-59
207000248,10,23,-13
207000249,70,13,57
207000250,299,46,253
207000251,56,94,-38
207000252,28,56,-28
207000278,137,76,61
207000279,41,87,-46
207000280,851,67,784
207000281,120,369,-249
207000282,50,151,-101
207000283,53,152,-99
207000284,36,356,-320
207000285,44,61,-17
207000291,19,67,-48
207000304,82,52,30
207000306,63,273,-210
207000310,149,74,75
207000353,128,1,127
207000356,11,80,-69
207000357,7,33,-26
207000415,1,78,-77
207000417,61,5,56
207000437,1,3,-2
207000439,492,537,-45
207000446,200,3,197
207000460,37,7,30
207000466,120,79,41
207000476,3,24,-21
207000477,940,20,920
207000523,0,1,-1
207000524,29,2,27
207000527,152,152,0
207000530,655,2,653
207000531,331,4,327
207000532,138,20,118
207000534,118,38,80
207000535,20,311,-291
207000537,37,43,-6
207000540,6,75,-69
207000541,2,141,-139
207000548,5,100,-95
207000549,236,17,219
207000561,194,189,5
207000562,22,68,-46
207000567,107,176,-69
207000568,340,40,300
207000569,806,258,548
207000584,100,151,-51
207000585,33,300,-267
207000616,0,56,-56
207000617,169,1,168
207900008,313,50,263
208000001,609,1237,-628
208000002,836,732,104
208000003,983,533,450
208000004,785,689,96
208000005,6,16,-10
208000019,904,673,231
208000020,182,329,-147
208000021,275,273,2
208000022,1182,526,656
208000028,835,1237,-402
208000033,674,550,124
208000034,1064,1448,-384
208000040,184,116,68
208000041,865,543,322
208000042,898,604,294
208000047,174,172,2
208000064,1959,1423,536
208000066,1528,2364,-836
208000070,472,318,154
208000071,700,485,215
208000072,498,734,-236
208000080,296,340,-44
208000081,417,111,306
208000082,390,166,224
208000083,166,212,-46
208000084,17,15,2
208000085,592,400,192
208000086,440,876,-436
208000087,316,635,-319
208000089,997,258,739
208000090,1052,410,642
208000093,132,194,-62
208000094,561,298,263
208000095,841,434,407
208000104,1431,553,878
208000105,832,762,70
208000114,113,425,-312
208000115,592,312,280
208000116,857,982,-125
208000117,146,157,-11
208000118,96,180,-84
208000155,588,1098,-510
208000158,1359,3224,-1865
208000186,1844,3147,-1303
208000204,711,869,-158
208000205,1391,766,625
208000282,2198,2564,-366
209000004,559,272,287
209000005,70,42,28
209000006,436,172,264
209000007,292,460,-168
209000010,304,119,185
209000011,131,254,-123
209000012,159,115,44
209000013,204,160,44
209000014,323,448,-125
209000025,446,49,397
209000026,944,107,837
209000027,334,355,-21
209000028,285,339,-54
209000029,345,516,-171
209000030,257,860,-603
209000031,1922,1158,764
209000034,235,183,52
209000035,156,208,-52
209000036,235,91,144
209000037,314,152,162
209000038,161,116,45
209000039,78,129,-51
209000040,330,435,-105
209000041,172,250,-78
209000042,461,233,228
209000043,665,499,166
209000044,230,536,-306
209000045,850,362,488
209000046,595,359,236
209000047,433,182,251
209000048,495,375,120
209000049,94,45,49
209000050,157,38,119
209000051,206,102,104
209000052,121,106,15
209000062,44,34,10
209000063,55,33,22
209000064,33,27,6
209000065,134,13,121
209000066,143,10,133
209000067,194,63,131
209000080,34,212,-178
209000082,91,23,68
209000091,20,66,-46
209000093,36,25,11
209000094,33,138,-105
209000110,45,142,-97
209000111,691,1810,-1119
209000112,1463,564,899
209000113,1984,482,1502
209000114,954,524,430
209000115,59,35,24
209000116,259,181,78
209000118,18,61,-43
209000119,12,20,-8
209000121,80,336,-256
209000135,50,179,-129
209000142,538,1929,-1391
209000143,70,36,34
209000144,89,193,-104
209000229,235,112,123
209000240,43,137,-94
209000259,36,37,-1
209000260,39,1223,-1184
209000261,4,813,-809
209000262,2,361,-359
209000263,0,176,-176
209000264,0,215,-215
209000265,402,10,392
209000266,159,1,158
209000267,1597,5,1592
209000268,501,72,429
210000037,67,29,38
210000047,57,10,47
210000048,134,28,106
210000049,58,6,52
210000052,65,62,3
210000053,39,35,4
210000054,23,62,-39
210000070,189,7,182
210000071,141,0,141
210000072,26,1,25
210000073,0,12,-12
210000074,0,104,-104
210000075,5,170,-165
210000076,7,198,-191
210000077,15,86,-71
210000078,52,101,-49
210000079,22,7,15
210000080,39,72,-33
210000081,157,42,115
210000082,129,7,122
210000083,63,2,61
210000084,55,0,55
210000085,1,39,-38
210000086,5,75,-70
210000099,76,185,-109
210000100,46,148,-102
210000101,67,173,-106
210000105,39,187,-148
210000159,2,206,-204
210000163,66,223,-157
210000164,148,221,-73
210000168,171,74,97
210000187,0,43,-43
210000188,0,27,-27
210000214,6,0,6
210000219,62,63,-1
210000220,165,38,127
210000232,7,16,-9
210000233,45,45,0
210000234,51,78,-27
210000235,90,61,29
210000245,0,68,-68
210000246,24,1,23
210000258,15,68,-53
210000259,242,43,199
210000282,68,208,-140
210000285,1,123,-122
210000286,29,107,-78
210000295,70,157,-87
210000296,51,31,20
210000320,312,57,255
210000321,154,30,124
210000338,66,60,6
210000339,216,799,-583
210000340,135,296,-161
210000341,193,286,-93
210000342,226,223,3
210000343,140,219,-79
210000344,123,162,-39
210000345,126,215,-89
210000346,49,88,-39
210000347,29,38,-9
210000348,86,24,62
210000349,37,19,18
210000350,113,59,54
210000351,150,48,102
210000352,65,41,24
210000353,51,45,6
210000354,71,29,42
210000355,59,73,-14
210000356,16,52,-36
210000357,37,65,-28
210000358,235,210,25
210000359,77,98,-21
210000360,164,151,13
210000361,211,114,97
210000362,213,185,28
210000363,418,220,198
210000364,108,130,-22
210000365,152,51,101
210000366,116,56,60
210000367,105,17,88
210000368,145,30,115
210000369,20,25,-5
210000370,37,51,-14
210000372,9,19,-10
210000373,12,18,-6
210000374,41,29,12
210000375,34,39,-5
210000376,45,81,-36
210000404,39,135,-96
210000439,31,23,8
210000472,80,0,80
210000482,31,152,-121
210000564,122,214,-92
210000568,205,3,202
211000092,60,7,53
211000094,40,0,40
211000169,213,6,207
211000172,17,65,-48
211000209,0,29,-29
211000275,30,6,24
211000276,167,20,147
211000279,22,33,-11
211000281,125,15,110
211507980,0,42,-42
211977296,62,0,62
212000003,171,37,134
212000004,20,43,-23
212000005,13,54,-41
212000006,24,37,-13
212000008,196,75,121
212000009,42,60,-18
212000012,81,37,44
212000013,44,35,9
212000014,337,105,232
212000015,305,185,120
212000016,531,401,130
212000027,635,292,343
212000028,411,276,135
212000029,239,163,76
212000030,64,26,38
212000031,87,32,55
212000048,42,287,-245
212000049,33,228,-195
212000050,59,25,34
212000051,260,136,124
212000052,213,153,60
212000053,297,235,62
212000054,409,65,344
212000055,334,80,254
212000056,10,15,-5
212000057,7,7,0
212000058,137,27,110
212000070,131,92,39
212000077,128,240,-112
212000099,263,174,89
212000108,242,103,139
212000111,256,49,207
212000120,95,32,63
212000138,108,26,82
212000156,4,30,-26
212000158,3,16,-13
212000159,510,33,477
212000160,691,139,552
212000161,62,4,58
212000310,71,23,48
212000311,11,24,-13
212000374,66,10,56
213000001,46,524,-478
213000005,570,117,453
213000006,875,281,594
213000007,62,12,50
213000009,428,317,111
213000010,250,194,56
213000011,173,94,79
213000012,139,195,-56
213000014,99,33,66
213000015,345,5,340
213000016,447,1,446
213000017,105,1,104
213000018,1,27,-26
213000019,1,63,-62
213000020,136,225,-89
213000021,2,63,-61
213000023,381,261,120
213000033,284,1212,-928
213000034,510,217,293
213000035,168,182,-14
213000045,227,296,-69
213000046,205,167,38
213000047,352,1103,-751
213000056,128,28,100
213000069,72,6,66
213000073,1,30,-29
213000074,97,292,-195
213000075,607,5,602
213000085,5,38,-33
213000086,26,185,-159
213000091,403,28,375
213000092,30,4,26
213000099,142,1131,-989
213000100,896,273,623
213000101,506,100,406
213000102,560,163,397
213000103,860,712,148
213000104,82,332,-250
213000105,71,866,-795
213000106,26,66,-40
213000107,115,254,-139
213000108,41,296,-255
213000109,15,160,-145
213000110,39,137,-98
213000111,11,72,-61
213000112,113,70,43
213000115,47,8,39
213000116,30,283,-253
213000117,3,428,-425
213000118,685,234,451
213000119,29,340,-311
213000120,88,222,-134
213000122,83,271,-188
213000123,208,533,-325
213000124,150,1160,-1010
213000125,187,40,147
213000126,46,141,-95
213000127,56,244,-188
213000128,160,1195,-1035
213000129,283,680,-397
213000130,1208,262,946
213000132,712,98,614
213000133,898,64,834
213000134,1098,15,1083
213000136,615,20,595
213000137,757,60,697
213000139,96,17,79
213000147,43,15,28
213000148,20,11,9
213000149,33,1,32
213000150,0,169,-169
213000151,5,127,-122
213000152,1,83,-82
213000153,1,88,-87
213000154,51,252,-201
213000155,35,153,-118
213000156,107,259,-152
213000157,674,271,403
213000158,429,634,-205
213000159,890,319,571
213000163,1564,133,1431
213000165,1132,379,753
213000171,0,35,-35
213000172,1,136,-135
213000173,1,124,-123
213000174,8,102,-94
213000175,12,84,-72
213000176,341,53,288
213000177,238,12,226
213000178,301,5,296
213000179,391,1,390
213000180,289,0,289
213000184,84,384,-300
213000188,554,83,471
213000189,691,39,652
213000190,824,516,308
213000191,508,229,279
213000192,319,127,192
213000193,331,246,85
213000194,1,81,-80
213000195,16,256,-240
213000196,192,1107,-915
213000197,595,463,132
213000198,51,0,51
213000200,109,474,-365
213000201,17,29,-12
213000202,14,320,-306
213000203,1950,497,1453
213000204,821,61,760
213000205,554,56,498
213000206,455,25,430
213000207,98,32,66
213000208,47,1,46
213000209,110,5,105
213000210,221,7,214
213000211,6,12,-6
213000212,8,36,-28
213000213,15,29,-14
213000218,293,275,18
213000219,665,32,633
213000220,636,10,626
213000223,168,183,-15
213000224,32,33,-1
213000225,146,26,120
213000226,77,20,57
213000227,1159,146,1013
213000228,533,63,470
213000229,61,21,40
213000230,437,11,426
213000232,47,587,-540
213000233,6,444,-438
213000234,1,23,-22
213000293,25,39,-14
213000294,66,26,40
213000295,11,72,-61
213000296,54,20,34
213000297,8,61,-53
213000298,19,65,-46
213000299,50,26,24
213000300,2,7,-5
213000303,1,12,-11
213000304,1,5,-4
213000305,3,23,-20
213000306,45,51,-6
213000307,121,82,39
213000308,111,125,-14
213000309,228,53,175
213000310,489,244,245
213000311,186,929,-743
213000315,88,113,-25
213000316,220,61,159
213000322,113,64,49
213000323,164,50,114
213000324,274,81,193
213000325,218,89,129
213000326,223,37,186
213000327,180,86,94
213000328,177,143,34
213000329,213,43,170
213000340,139,249,-110
213000341,737,74,663
213000347,334,518,-184
213000348,1,197,-196
213000349,8,18,-10
213000350,225,598,-373
213000366,89,198,-109
213000367,405,14,391
213000379,36,168,-132
213000386,20,154,-134
213000406,103,184,-81
213000417,1456,526,930
213000425,340,59,281
213000426,235,34,201
213000427,38,123,-85
213000428,47,98,-51
213000429,6,4,2
213000430,104,314,-210
213000431,32,1,31
213000432,2,43,-41
213000433,23,81,-58
213000434,118,93,25
213000435,186,82,104
213000436,84,46,38
213000437,10,16,-6
213000438,211,64,147
213000439,25,11,14
213000440,59,251,-192
213000441,0,2,-2
213000442,12,35,-23
213000443,443,215,228
213000444,55,40,15
213000445,0,64,-64
213000446,1,24,-23
213000447,1,38,-37
213000448,8,168,-160
213000449,741,17,724
213000450,17,33,-16
213000451,365,83,282
213000452,20,29,-9
213000453,25,229,-204
213000455,134,40,94
213000456,0,100,-100
213000481,4,1,3
213000484,27,1,26
213000489,153,70,83
213900002,4,106,-102
213900003,107,20,87
213900013,0,91,-91
213900015,0,6,-6
213900016,9,5,4
213900020,25,25,0
213900030,4,23,-19
213900032,178,179,-1
213900033,166,48,118
213900034,722,90,632
213900035,243,152,91
213900036,191,56,135
213900037,23,177,-154
213900038,487,131,356
213900039,0,17,-17
213900041,4,130,-126
213900042,199,406,-207
213900043,346,131,215
213900244,77,0,77
213900245,0,11,-11
218000003,22,9,13
218000004,20,19,1
218000005,26,31,-5
218000006,65,22,43
218000007,18,5,13
218000012,95,84,11
218000013,183,211,-28
218000014,491,488,3
218000019,638,885,-247
218000020,334,518,-184
218000021,25,45,-20
218000022,8,8,0
218000023,2,13,-11
218000024,1,2,-1
218000025,6,8,-2
218000026,17,19,-2
218000027,1,7,-6
218000028,1,1,0
218000029,2,1,1
218000030,18,16,2
218000031,6,15,-9
218000032,1,4,-3
218000039,62,19,43
218000040,3,3,0
218000046,80,56,24
218000047,14,97,-83
218000048,85,61,24
218000049,69,49,20
218000050,320,119,201
218000051,71,96,-25
218000052,0,41,-41
218000053,1,7,-6
218000054,8,35,-27
218000055,2,17,-15
218000056,30,24,6
218000057,4,26,-22
218000064,4,21,-17
218000065,207,43,164
218000066,29,138,-109
218000067,147,92,55
218000068,212,127,85
218000069,431,161,270
218000070,323,262,61
218000071,286,216,70
218000072,240,291,-51
218000078,1143,326,817
218000079,319,97,222
218000080,229,108,121
218000081,959,226,733
218000082,111,138,-27
218000083,137,87,50
218000084,318,126,192
218000085,303,320,-17
218000086,123,108,15
218000087,344,166,178
218000090,12,93,-81
218000091,873,204,669
218000092,169,161,8
218000093,84,45,39
218000094,200,178,22
218000099,298,1034,-736
218000100,481,487,-6
218000101,487,252,235
218000102,844,253,591
218000103,160,143,17
218000104,141,37,104
218000105,95,60,35
218000107,148,52,96
218000108,22,46,-24
218000112,230,124,106
218000117,145,305,-160
218000134,648,318,330
218000135,21,52,-31
218000136,185,81,104
218000137,168,73,95
218000138,71,86,-15
218000139,216,205,11
218000140,557,202,355
218000141,130,73,57
218000142,156,111,45
218000143,72,224,-152
218000144,41,128,-87
218000145,519,428,91
218000146,192,268,-76
218000151,9,26,-17
218000152,124,25,99
218000153,3,4,-1
218000154,9,4,5
218000155,43,2,41
218000156,121,16,105
218000157,54,27,27
218000158,19,10,9
218000159,2,4,-2
218000160,9,2,7
218000161,36,4,32
218000162,36,2,34
218000163,12,0,12
218000164,55,3,52
218000165,168,41,127
218000170,9,36,-27
218000171,45,6,39
218000172,7,7,0
218000173,16,13,3
218000174,31,19,12
218000176,287,77,210
218000177,498,225,273
218000178,92,209,-117
218000179,174,69,105
218000180,136,35,101
218000181,272,27,245
218000187,16,36,-20
218000188,37,42,-5
218000189,39,66,-27
218000190,23,18,5
218000191,235,21,214
218000192,442,211,231
218000193,793,223,570
218000194,235,256,-21
218000195,221,77,144
218000196,477,349,128
218000197,790,370,420
218000198,26,127,-101
218000199,58,16,42
218000200,60,24,36
218000201,28,5,23
218000202,39,251,-212
218000207,3,9,-6
218000208,60,21,39
218000211,34,35,-1
218000212,1,5,-4
218000213,90,98,-8
218000214,10,27,-17
218000215,39,40,-1
218000217,3,23,-20
218000218,189,52,137
218000219,15,23,-8
218000220,32,396,-364
218000221,484,217,267
218000222,0,41,-41
218000223,54,564,-510
218000224,24,239,-215
218000225,272,37,235
218000226,262,102,160
218000230,0,3,-3
218000232,113,71,42
218000234,95,20,75
218000239,137,14,123
218000240,4,3,1
218000241,19,1,18
218000242,4,0,4
218000243,5,4,1
218000244,48,7,41
218000245,12,5,7
218000246,0,0,0
218000247,2,1,1
218000248,0,48,-48
218000249,0,2,-2
218000250,3,13,-10
218000251,4,102,-98
218000252,16,192,-176
218000253,7,183,-176
218000254,1,46,-45
218000255,0,20,-20
218000256,16,117,-101
218000267,95,399,-304
218000268,2,33,-31
218000269,4,6,-2
218000270,39,25,14
218000271,6,9,-3
218000273,54,2,52
218000274,23,1,22
218000275,29,32,-3
218000276,14,24,-10
218000278,5,28,-23
218000279,20,17,3
218000280,4,7,-3
218000281,12,4,8
218000282,290,254,36
218000284,52,5,47
218000301,98,122,-24
218000302,105,54,51
218000303,20,19,1
218000316,803,495,308
218000317,1470,434,1036
218000318,1076,382,694
218000319,1182,587,595
218000320,899,417,482
218000338,25,12,13
218000339,28,13,15
218000342,137,83,54
218000343,228,57,171
218000345,17,9,8
218000346,6,49,-43
218000353,94,17,77
218000354,102,43,59
218000459,27,147,-120
218000490,21,33,-12
218000501,215,95,120
218000502,113,74,39
218000503,202,74,128
218000504,208,94,114
218000505,124,171,-47
218000506,74,428,-354
218000508,5,9,-4
218000510,211,33,178
218000520,182,257,-75
218000522,2,125,-123
218000523,156,2,154
218000524,8,182,-174
218000525,98,26,72
218000526,29,167,-138
218000530,15,5,10
218000531,50,34,16
218000532,30,25,5
218000537,5,16,-11
218000538,116,241,-125
218000539,168,31,137
218000540,91,68,23
218000543,171,43,128
218000544,36,39,-3
218000545,141,80,61
218000546,69,51,18
218000547,167,130,37
218000548,106,99,7
218000549,778,426,352
218000550,248,149,99
218000551,86,540,-454
218000552,242,57,185
218000553,6,33,-27
218000554,17,8,9
218000555,24,10,14
218000556,71,90,-19
218000557,431,58,373
218000558,52,1,51
218000559,0,37,-37
218000560,0,14,-14
218000561,10,0,10
218000562,41,119,-78
218000563,217,28,189
218000564,4,150,-146
218000565,139,30,109
218000566,84,36,48
218000567,1,110,-109
218000568,8,6,2
218000569,16,259,-243
218000570,31,13,18
218000571,3,106,-103
218000572,144,4,140
218000573,10,112,-102
218000574,43,15,28
218000575,112,1,111
218000576,3,56,-53
218000577,117,3,114
218000578,0,84,-84
218000579,7,12,-5
218000581,10,39,-29
218000582,63,9,54
218000583,8,0,8
218000584,1,28,-27
218000585,51,1,50
218000586,2,32,-30
218000587,5,2,3
218000588,1,3,-2
218000589,0,3,-3
218000590,2,1,1
218000591,2,7,-5
218000592,9,11,-2
218000593,7,9,-2
218000594,6,16,-10
218000595,2,1,1
218000596,0,0,0
218000597,0,0,0
218000598,0,2,-2
218000599,0,1,-1
218000600,0,0,0
218000601,0,0,0
218000602,0,1,-1
218000603,0,4,-4
218000604,19,0,19
218000605,0,41,-41
218000606,106,0,106
218000607,11,38,-27
218000608,48,16,32
218000609,4,37,-33
218000610,113,8,105
218000611,19,3,16
218000612,0,33,-33
218000613,69,3,66
218000614,0,21,-21
218000615,184,2,182
218000616,3,114,-111
218000617,6,2,4
218000618,2,18,-16
218000619,33,34,-1
218000620,21,50,-29
218000621,0,2,-2
218000622,0,39,-39
218000623,58,0,58
218000624,1,14,-13
218000625,0,2,-2
218000626,1,2,-1
218000628,138,85,53
218000632,1,208,-207
218000633,96,2,94
218000634,7,10,-3
218000635,18,9,9
218000636,914,537,377
218000637,1112,258,854
218000638,378,30,348
218000639,20,89,-69
218000640,479,21,458
218000641,64,131,-67
218000652,32,19,13
218000653,227,86,141
218000675,15,10,5
218000676,3,19,-16
218000677,10,4,6
218000703,2,10,-8
218000718,63,500,-437
218000719,112,442,-330
218000720,2,209,-207
218000721,32,11,21
218000725,7,3,4
218001214,6,54,-48
219000001,47,47,0
219000002,33,38,-5
219000003,82,48,34
219000004,37,59,-22
219000017,78,72,6
219000020,159,61,98
219000022,99,3,96
219000023,85,2,83
219000029,0,37,-37
219000034,46,22,24
219000039,50,219,-169
219000040,55,145,-90
219000041,152,29,123
219000051,0,42,-42
219000052,0,42,-42
219000053,0,83,-83
219000054,337,465,-128
219000055,270,4,266
219000056,6,0,6
219000057,86,0,86
219000062,18,59,-41
219000063,80,7,73
219000110,335,120,215
219000111,81,44,37
219000112,223,51,172
219000113,200,29,171
219000114,168,85,83
219000116,169,55,114
219000117,219,105,114
219000118,166,94,72
219000123,161,36,125
219000124,58,45,13
219000125,12,7,5
219000126,33,84,-51
219000127,1,10,-9
219000128,16,117,-101
219000129,13,159,-146
219000130,182,496,-314
219000131,587,900,-313
219000133,31,71,-40
219000134,20,34,-14
219000135,16,110,-94
219000136,84,197,-113
219000138,91,20,71
219000139,60,38,22
219000140,102,1,101
219000141,49,70,-21
219000142,16,41,-25
219000143,12,63,-51
219000145,11,38,-27
219000146,13,15,-2
219000147,5,25,-20
219000148,0,16,-16
219000149,11,36,-25
219000150,0,40,-40
219000151,4,24,-20
219000157,210,75,135
219000158,162,181,-19
219000161,130,8,122
219000163,763,454,309
219000166,125,260,-135
219000167,110,134,-24
219000168,285,101,184
219000174,472,148,324
219000175,182,1,181
219000176,194,13,181
219000177,96,3,93
219000178,78,1,77
219000179,45,3,42
219000180,45,33,12
219000182,150,5,145
219000183,85,17,68
219000184,104,7,97
219000185,1,24,-23
219000186,90,21,69
219000187,22,90,-68
219000189,34,188,-154
219000190,39,243,-204
219000191,238,1520,-1282
219000192,190,198,-8
219000193,164,152,12
219000195,0,47,-47
219000196,6,97,-91
219000198,21,79,-58
219000199,32,180,-148
219000200,70,102,-32
219000201,62,121,-59
219000203,26,102,-76
219000204,67,299,-232
219000205,26,263,-237
219000207,84,264,-180
219000209,31,32,-1
219000210,15,50,-35
219000213,0,119,-119
219000239,127,234,-107
219000240,178,361,-183
219000241,175,138,37
219000242,31,114,-83
219000243,70,251,-181
219000244,33,60,-27
219000245,22,47,-25
219000246,30,9,21
219000247,167,32,135
219000248,385,410,-25
219000249,128,124,4
219000250,147,68,79
219000251,537,167,370
219000252,276,115,161
219000253,371,74,297
219000255,154,131,23
219000256,279,77,202
219000257,138,0,138
219000262,68,81,-13
219000263,61,77,-16
219000267,5,45,-40
219000268,3,4,-1
219000269,3,4,-1
219000270,8,0,8
219000271,150,5,145
219000278,1,6,-5
219000279,1,1,0
219000283,0,13,-13
219000295,20,44,-24
219000296,48,211,-163
219000297,31,53,-22
219000298,29,48,-19
219000299,414,75,339
219000300,34,87,-53
219000301,106,208,-102
219000302,31,161,-130
219000307,48,10,38
219000308,75,50,25
219000311,156,43,113
219000312,464,112,352
219000313,416,44,372
219000314,52,151,-99
219000315,332,53,279
219000316,635,63,572
219000317,144,4,140
219000320,0,42,-42
219000321,0,20,-20
219000323,5,44,-39
219000325,2,14,-12
219000326,59,37,22
219000327,60,30,30
219000328,15,36,-21
219000329,308,100,208
219000330,35,29,6
219000331,49,30,19
219000332,193,79,114
219000333,34,0,34
219000335,120,2,118
219000337,23,0,23
219000338,41,0,41
219000344,20,62,-42
219000345,41,31,10
219000346,34,49,-15
219000348,161,75,86
219000349,72,90,-18
219000350,114,466,-352
219000351,1,12,-11
219000352,378,128,250
219000353,114,57,57
219000354,244,65,179
219000355,152,49,103
219000356,459,1450,-991
219000363,177,79,98
219000364,89,74,15
219000365,114,27,87
219000366,169,396,-227
219000368,295,542,-247
219000370,653,595,58
219000371,11,20,-9
219000382,9,13,-4
219000383,263,1338,-1075
219000385,267,588,-321
219000386,461,1588,-1127
219000387,0,16,-16
219000390,2,1,1
219000391,4,0,4
219000397,45,29,16
219000398,56,71,-15
219000401,11,78,-67
219000402,36,72,-36
219000403,70,340,-270
219000404,24,143,-119
219000409,77,43,34
219000410,106,32,74
219000411,103,7,96
219000446,47,422,-375
219000447,5,8,-3
219000448,12,2,10
219000452,61,103,-42
219000453,34,200,-166
219000454,185,309,-124
219000556,295,60,235
219000558,62,72,-10
219000590,25,215,-190
219000591,151,64,87
219000592,96,221,-125
219000595,0,10,-10
219000635,265,28,237
219000636,27,48,-21
219000657,27,24,3
219000658,55,228,-173
219000673,0,45,-45
219000676,6,14,-8
219000679,46,9,37
219000684,115,2,113
219000685,1,45,-44
219000686,0,8,-8
219000688,0,65,-65
219000689,24,265,-241
219000690,177,53,124
219000693,0,16,-16
219000694,26,0,26
219000695,47,2,45
219000698,17,0,17
219000699,0,21,-21
219000727,0,80,-80
219000728,58,2,56
219000770,33,2,31
219000771,1,13,-12
219001150,0,52,-52
219001151,2,0,2
220000001,14,62,-48
220000002,6,81,-75
220000003,232,123,109
220000004,283,277,6
220000005,575,1589,-1014
220000006,120,712,-592
220000007,451,280,171
220000008,326,327,-1
220000009,262,271,-9
220000010,93,48,45
220000011,426,3668,-3242
220000012,69,291,-222
220000014,175,51,124
220000015,42,248,-206
220000017,31,216,-185
220000018,4791,1545,3246
220000019,86,366,-280
220000020,410,117,293
220000021,700,135,565
220000022,1044,296,748
220000023,365,127,238
220000024,1126,487,639
220000025,887,1723,-836
220000026,316,618,-302
220000027,22,130,-108
220000028,45,47,-2
220000029,21,79,-58
220000030,26,56,-30
220000031,613,314,299
220000064,32,953,-921
221000046,0,1,-1
221000047,0,0,0
221000048,0,0,0
221000049,0,3,-3
221000050,18,1,17
221000055,28,41,-13
221000057,69,10,59
221000068,253,94,159
221000069,348,47,301
221000070,249,25,224
221000071,140,10,130
221000072,247,11,236
221000073,170,22,148
221000074,1,11,-10
221000075,6,27,-21
221000076,10,13,-3
221000077,11,77,-66
221000081,8,4,4
221000082,70,5,65
221000083,8,4,4
221000084,7,5,2
221000085,11,50,-39
221000086,10,64,-54
221000087,2,87,-85
221000088,13,106,-93
221000089,33,150,-117
221000090,65,528,-463
221000098,102,12,90
221000099,166,10,156
221000100,90,7,83
221000101,174,11,163
221000102,143,14,129
221000109,13,81,-68
221000110,15,44,-29
221000111,15,72,-57
221000112,7,99,-92
221000113,11,77,-66
221000114,10,76,-66
221000120,49,30,19
221000121,6,69,-63
221000122,47,43,4
221000123,1,6,-5
221000124,19,100,-81
221000155,138,10,128
221000156,13,25,-12
221000175,0,2,-2
221000176,0,3,-3
221000182,33,3,30
221000241,400,320,80
221000242,134,249,-115
221000243,492,240,252
221000244,284,299,-15
221000245,60,64,-4
221000246,52,201,-149
221000247,104,67,37
221000248,161,64,97
221000267,27,464,-437
221000325,26,53,-27
221000331,6,37,-31
221000338,21,42,-21
221000378,207,30,177
221000381,53,19,34
222000282,6,2,4
222000296,6,16,-10
222000568,429,18,411
222000569,253,78,175
222000570,174,55,119
222000571,509,30,479
222000577,18,58,-40
222000578,14,80,-66
222000579,17,71,-54
222000580,50,447,-397
222000599,0,126,-126
222000600,1,121,-120
222000601,10,489,-479
222000603,10,78,-68
222000604,2,38,-36
222000605,9,52,-43
222000606,0,13,-13
222000607,1,3,-2
222000608,20,16,4
222000609,71,53,18
222000616,602,40,562
222000617,7,31,-24
222000618,8,1,7
222000620,16,16,0
222000621,28,24,4
222000623,674,13,661
222000624,452,3,449
222000625,778,13,765
222000636,81,2,79
222000686,19,16,3
222000687,32,35,-3
222001066,441,4,437
222001067,56,4,52
222001068,68,28,40
222001069,67,8,59
222001082,24,25,-1
222001083,45,16,29
222001084,0,21,-21
222001085,0,243,-243
222001111,80,37,43
222001112,195,18,177
222001313,106,23,83
222001314,9,110,-101
222001464,57,46,11
222001465,10,67,-57
222001484,168,44,124
222001485,21,35,-14
222001494,805,166,639
222001495,112,62,50
222001496,412,74,338
222001497,128,166,-38
222001502,18,62,-44
222001503,210,25,185
222001504,29,190,-161
222001505,403,18,385
222001506,56,316,-260
222001507,306,36,270
222001510,741,44,697
222001511,71,133,-62
222001514,719,206,513
222001515,117,284,-167
222001518,618,86,532
222001519,80,71,9
222001527,163,39,124
222001528,12,86,-74
222001529,515,58,457
222001530,96,93,3
222001533,121,181,-60
222001534,607,41,566
222001535,241,256,-15
222001536,48,113,-65
222001537,382,69,313
222001538,68,303,-235
222001563,1102,101,1001
222001564,63,163,-100
222001568,234,168,66
222001576,0,5,-5
222001579,0,26,-26
222001583,8,93,-85
222001584,133,12,121
222001596,504,856,-352
222001597,1362,295,1067
222001626,1,80,-79
222001650,25,181,-156
222001651,39,412,-373
222001914,258,73,185
222001915,60,124,-64
222900004,537,243,294
222900009,216,381,-165
222900019,230,275,-45
222900024,46,15,31
222900025,8,11,-3
225000001,385,115,270
225000002,676,154,522
225000003,873,55,818
225000004,460,196,264
225000005,69,48,21
225000006,0,163,-163
225000007,818,833,-15
225000010,326,15,311
225000011,222,1067,-845
225000012,284,603,-319
225000013,113,60,53
225000014,690,95,595
225000015,67,92,-25
225000021,711,124,587
225000027,155,378,-223
225000032,701,107,594
225000042,69,383,-314
225000049,75,37,38
225000050,87,13,74
225000053,10,187,-177
225000058,598,205,393
225000067,231,66,165
225000068,60,139,-79
225000069,76,287,-211
225000070,103,232,-129
225000071,23,73,-50
225000075,15,430,-415
225000076,45,88,-43
225000078,69,32,37
225000085,99,82,17
225000086,290,84,206
225000087,147,20,127
225000088,6,159,-153
225000089,92,715,-623
225000090,59,354,-295
225000091,161,85,76
225000092,31,35,-4
225000093,212,139,73
225000094,7,135,-128
225000095,198,214,-16
225000096,127,281,-154
225000098,816,224,592
225000099,419,117,302
225000100,472,113,359
225000104,102,216,-114
225000110,5,213,-208
225000111,173,544,-371
225000112,197,595,-398
225000113,146,517,-371
225000114,83,226,-143
225000115,869,493,376
225000116,530,147,383
225000117,688,205,483
225000118,1143,273,870
225000119,386,98,288
225000120,892,52,840
225000121,142,20,122
225000123,531,11,520
225000125,553,97,456
225000126,630,104,526
225000127,469,1430,-961
225000128,388,806,-418
225000132,489,41,448
225000133,361,49,312
225000134,724,140,584
225000135,71,22,49
225000136,471,8,463
225000137,332,45,287
225000138,440,100,340
225000143,49,136,-87
225000144,6,200,-194
225000145,27,15,12
225000146,53,30,23
225000147,33,114,-81
225000148,8,85,-77
225000149,43,221,-178
225000151,34,92,-58
225000155,240,214,26
225000156,127,631,-504
225000157,279,205,74
225000158,83,126,-43
225000171,5,97,-92
225000180,17,3,14
225000181,0,48,-48
225000182,83,4,79
225000185,1,307,-306
225000187,49,239,-190
225000191,66,2,64
225000194,0,11,-11
225000208,2,39,-37
225000209,99,6,93
225000210,3,189,-186
225000217,0,17,-17
225000218,9,1,8
225000223,0,28,-28
225000224,28,1,27
225000225,2,15,-13
225000226,21,1,20
225000227,35,56,-21
225000228,12,6,6
225000229,1,48,-47
225000230,30,1,29
225000231,1,17,-16
225000232,135,0,135
225000241,66,1,65
225000242,0,23,-23
225000249,3,0,3
225000250,72,444,-372
225000251,491,45,446
225000254,0,3,-3
225000256,3,38,-35
225000257,1,19,-18
226000042,164,246,-82
226000043,52,154,-102
226000044,94,243,-149
226000045,60,158,-98
226000046,539,68,471
226000047,385,70,315
226000048,374,71,303
226000049,266,154,112
226000070,0,24,-24
226000071,0,32,-32
226000072,0,8,-8
226000073,0,3,-3
226000074,0,12,-12
226000084,1,22,-21
226000085,1,11,-10
226000086,1,6,-5
226000087,1,18,-17
226000088,12,62,-50
226000090,103,94,9
226000091,22,47,-25
226000092,3,36,-33
226000093,18,0,18
226000094,2,1,1
226000095,7,2,5
226000105,17,1,16
226000106,8,0,8
226000107,7,0,7
226000108,24,0,24
226000109,119,0,119
226000124,199,50,149
226000134,1068,590,478
226000135,1956,488,1468
226000136,693,370,323
226000137,3,97,-94
226000138,22,59,-37
226000139,3,34,-31
226000156,259,3,256
226000157,241,3,238
226000163,51,202,-151
226000202,15,118,-103
226000231,241,4,237
226000232,59,4,55
227000033,376,65,311
227000036,465,34,431
227000037,380,19,361
227000038,109,28,81
227000084,0,60,-60
227000085,0,48,-48
227000088,39,0,39
227000089,54,1,53
227000090,31,0,31
227000091,16,1,15
227000092,14,1,13
227000093,134,1,133
227000094,10,1,9
227000130,15,116,-101
227000131,24,110,-86
227000132,6,102,-96
227000133,17,76,-59
227000134,11,163,-152
227000152,0,10,-10
227000153,0,69,-69
227000154,0,36,-36
227000155,0,15,-15
227000156,1,7,-6
227000165,4,103,-99
227000196,609,122,487
227000199,514,149,365
227000230,12,129,-117
227000232,839,35,804
227000242,39,265,-226
227000243,519,78,441
227000245,8,205,-197
227000246,108,166,-58
227000247,469,49,420
227000248,119,22,97
227000249,22,41,-19
227000250,269,127,142
227000251,46,124,-78
227000252,20,111,-91
227000253,170,17,153
227000262,555,44,511
227000266,1971,29,1942
227000267,22,490,-468
227000282,2,80,-78
227000284,665,30,635
227000286,8,38,-30
227000291,4,124,-120
227000296,111,251,-140
227000484,185,11,174
227000485,7,393,-386
227000655,191,2,189
227000656,663,28,635
227000657,50,3,47
229000265,10,3,7
229000266,1,3,-2
229000267,12,0,12
229000268,26,0,26
229000269,48,0,48
229000274,0,36,-36
229000275,0,25,-25
229000276,0,16,-16
229000277,0,2,-2
229000278,0,3,-3
229000295,12,14,-2
229000296,19,17,2
229000297,8,10,-2
229000298,5,80,-75
229000320,10,9,1
229000321,29,14,15
229000412,14,56,-42
229000414,3,42,-39
229000415,9,3,6
229000416,1,4,-3
229000417,3,10,-7
229000419,86,318,-232
229000440,386,97,289
229000442,35,18,17
229000443,4,5,-1
229000444,3,28,-25
229000445,102,8,94
229000446,77,12,65
229000491,2,21,-19
229000492,8,44,-36
229000493,12,40,-28
229000494,47,1,46
229000495,166,4,162
229000496,103,3,100
229000507,0,47,-47
229000508,1,14,-13
229000509,4,57,-53
229000510,5,27,-22
229000511,4,36,-32
229000512,0,20,-20
229000513,0,8,-8
229000514,0,0,0
229000517,0,5,-5
229000518,9,4,5
229000519,1,3,-2
229000520,13,17,-4
229000521,112,22,90
229000522,18,7,11
229000523,6,1,5
229000524,8,0,8
229000527,2,0,2
229000528,0,0,0
229000529,19,0,19
229000530,85,1,84
229000531,62,2,60
229000532,22,1,21
229000533,58,1,57
229000534,46,0,46
229000564,101,1,100
229000565,57,0,57
229000566,1,3,-2
229000567,0,12,-12
229000582,87,2,85
229000583,4,3,1
229000584,0,6,-6
229000585,1,47,-46
229000718,0,3,-3
229000719,0,5,-5
229000720,0,5,-5
229000721,0,9,-9
229000722,0,10,-10
229000723,0,7,-7
229000724,0,1,-1
229000725,0,3,-3
229000738,4,0,4
229000739,0,0,0
229000740,2,0,2
229000741,40,0,40
229000742,25,0,25
229000743,35,0,35
229000744,4,0,4
229000745,0,0,0
229000746,10,1,9
229000847,80,1,79
229000848,25,0,25
229000849,109,1,108
229000851,60,1,59
229000854,0,5,-5
229000856,1,22,-21
229000857,0,21,-21
229000858,1,29,-28
229000919,14,43,-29
229000930,2,224,-222
229000937,90,13,77
229000966,57,59,-2
229000981,7,14,-7
229000985,28,36,-8
229000986,0,3,-3
229000987,0,2,-2
229000988,2,6,-4
229000989,18,7,11
229000990,1,1,0
229000991,0,1,-1
229000992,11,1,10
229000993,167,32,135
229000998,20,29,-9
229000999,75,18,57
229001034,1,12,-11
229001035,2,17,-15
229001036,4,21,-17
229001037,64,1,63
229001038,0,10,-10
229001039,1,0,1
229001040,0,62,-62
229001041,77,0,77
229001042,56,12,44
229001047,15,19,-4
229001050,42,15,27
229001168,0,28,-28
229001200,31,7,24
229001338,1,14,-13
229001394,262,2,260
229001422,129,27,102
229001423,24,65,-41
229001431,47,39,8
229001432,34,34,0
229001444,264,57,207
229001445,25,104,-79
229001479,38,2,36
229001503,266,83,183
229001504,131,57,74
229001505,136,21,115
229001506,86,34,52
229001509,47,7,40
229001510,3,34,-31
229001545,139,8,131
229001546,11,49,-38
229001553,115,19,96
229001554,34,49,-15
229001630,53,20,33
229001631,17,18,-1
229001635,1,13,-12
229001636,2,1,1
229001658,0,82,-82
229001659,53,2,51
229001660,8,3,5
229001661,4,38,-34
229001662,5,0,5
229001663,0,19,-19
229002584,242,210,32
229002831,111,134,-23
229002841,3,15,-12
229002842,46,17,29
229002843,88,27,61
229002844,42,31,11
229002845,18,85,-67
229002846,21,12,9
229002847,6,14,-8
229002848,19,11,8
229002849,5,64,-59
229002850,22,1,21
229002851,33,122,-89
229002852,194,7,187
229002853,156,17,139
229002854,67,36,31
229002855,8,19,-11
229002856,48,10,38
229002857,11,98,-87
229002858,20,7,13
229002859,22,54,-32
229002860,102,3,99
229002861,78,22,56
229002862,27,44,-17
229002863,58,27,31
229002864,40,33,7
229002865,12,10,2
229002866,41,16,25
229002867,0,33,-33
229002868,6,12,-6
229002869,17,106,-89
229002870,71,18,53
235000067,148,24,124
235000072,103,285,-182
235000080,9,46,-37
235000081,103,48,55
235000082,207,11,196
235000083,379,21,358
235000084,72,28,44
235000085,265,10,255
235000093,16,4,12
235000097,3,4,-1
235000098,40,6,34
235000115,50,35,15
235000116,21,8,13
235000117,265,25,240
235000133,9,353,-344
235000134,6,124,-118
235000206,6,4,2
235000207,0,7,-7
235000210,2,1,1
235000212,0,4,-4
235000220,3,3,0
235000221,41,18,23
235000238,12,161,-149
235000239,1,42,-41
235000242,343,901,-558
235000245,272,119,153
235000246,5,63,-58
235000284,8,114,-106
235000295,39,29,10
235000305,300,27,273
235000306,408,9,399
235000307,23,6,17
235000308,32,1,31
235000309,72,0,72
235000310,53,2,51
235000311,78,54,24
235000322,0,82,-82
235000323,0,40,-40
235000324,0,16,-16
235000325,1,18,-17
235000326,4,59,-55
235000351,4,49,-45
235000352,17,52,-35
235000353,2,30,-28
235000354,14,49,-35
235000355,24,149,-125
235000356,65,3,62
235000357,35,2,33
235000358,35,2,33
235000359,27,5,22
235000360,38,13,25
235000361,52,5,47
235000381,39,50,-11
235000382,149,18,131
235000390,12,2,10
235000391,199,18,181
235000392,225,342,-117
235000393,165,191,-26
235000395,158,44,114
235000396,749,68,681
235000399,105,10,95
235000400,64,27,37
235000401,6,93,-87
235000402,14,63,-49
235000405,83,94,-11
235000406,27,98,-71
235000407,27,55,-28
235000409,94,31,63
235000411,1,17,-16
235000485,0,1,-1
235000486,6,0,6
235000549,120,99,21
235000550,90,87,3
235000599,94,16,78
235000600,9,14,-5
235000601,21,10,11
235000602,29,17,12
235000614,2,3,-1
235000648,1,11,-10
235000649,14,4,10
235000815,14,125,-111
235000834,0,12,-12
235000855,67,19,48
235000862,27,59,-32
235000891,0,8,-8
235000892,19,1,18
235000901,71,19,52
235000907,12,10,2
235001010,149,30,119
235001030,297,197,100
235001078,67,83,-16
235001079,29,34,-5
235001147,5,39,-34
235001166,10,24,-14
235001167,35,15,20
235001169,23,263,-240
235001200,53,19,34
235001239,2,22,-20
235016266,0,7,-7
235016267,0,52,-52
235900013,4,4,0
235900014,9,4,5
241900007,38,3,35
277101746,0,4,-4
277102712,0,0,0
277103813,1,0,1
277103814,0,0,0
277103898,0,1,-1
990010990,40,104,-64
990011530,0,180,-180
990014944,0,221,-221
990015176,18,5,13
990015618,0,69,-69
990015888,33,51,-18
990016032,0,209,-209
990032570,1,387,-386
990070001,62,2,60
990070103,0,4,-4
990070601,1,63,-62
990070751,1514,4,1510
990070766,1,214,-213
990071180,461,184,277
990071343,18,0,18
990071387,0,6,-6
990071823,523,11,512
990072600,3,1297,-1294
990072964,3,309,-306
990073285,0,0,0
990074393,0,462,-462
990074714,24,7,17
990074870,1718,13,1705
990075106,763,6,757
990075746,741,9,732
990076437,2373,8,2365
990076458,1,262,-261
997000007,243,13,230
997000041,1,298,-297
997000058,68,0,68
997000062,41,3,38
997000069,0,1,-1
997000070,0,19,-19
997000100,72,0,72
997000141,2,838,-836
997000198,2,605,-603
998000475,0,0,0
998000736,0,115,-115
998000965,0,18,-18
998001031,1,81,-80
998001072,214,122,92
998001091,13,6,7
998001093,7,5,2
998001103,2,5,-3
998001105,1,8,-7
998001700,1,40,-39
998001899,0,1,-1
998001900,6,0,6
998003073,984,4,980
998003124,27,12,15
998003125,55,91,-36
998101900,0,0,0
998102850,3,336,-333
998501819,2,0,2
998501820,0,4,-4
998501832,71,64,7
998501927,592,1017,-425
998501929,70,2,68
998501930,43,0,43
998501931,128,20,108
998501932,4,0,4
998501933,83,2,81
998501937,13,0,13
998501944,3,0,3
998501950,0,0,0
998501970,58,3,55
998501971,0,92,-92
998501972,386,10,376
998501973,0,37,-37
998501974,1,170,-169
998501975,103,1,102
998501976,81,2,79
998501977,0,12,-12
998501978,5,0,5
998501979,0,4,-4
998501980,87,1,86
998501981,37,1,36
998501982,1,180,-179
998501983,0,0,0
998502006,0,1,-1
998502024,0,5,-5
998502032,0,3,-3
998502062,10,0,10
998502063,0,0,0
998502173,8,0,8
998502269,0,7,-7
998601159,3,46,-43
998601292,0,10,-10
999033574,0,61,-61
999800001,75,5,70
999800002,0,4,-4
999800003,4,1,3
999800004,0,0,0
999800005,0,7,-7
