ID,insum,outsum,diff
100000001,923,1124,-201
100000002,4213,3147,1066
100000003,5147,6332,-1185
100000004,733,1515,-782
100000005,2828,5760,-2932
100000006,668,219,449
100000007,2425,920,1505
100000008,174,754,-580
100000009,710,342,368
100000010,87,118,-31
100000011,815,139,676
100000012,68,849,-781
100000013,154,246,-92
100000014,333,363,-30
100000015,1762,2730,-968
100000016,673,1424,-751
100000017,669,868,-199
100000018,1359,655,704
100000019,4274,2422,1852
100000020,2101,7664,-5563
100000021,5839,3107,2732
100000022,1581,3653,-2072
100000023,5442,2148,3294
100000025,765,1927,-1162
100000028,1288,1457,-169
100000029,180,607,-427
100000030,146,92,54
100000031,3744,7803,-4059
100000032,2184,4626,-2442
100000033,1239,3071,-1832
100000034,181,967,-786
100000035,1404,2213,-809
100000036,1448,1784,-336
100000037,790,450,340
100000038,2551,1209,1342
100000039,597,918,-321
100000040,305,206,99
100000041,1704,680,1024
100000042,1260,503,757
100000043,992,457,535
100000044,325,906,-581
100000045,405,1147,-742
100000046,529,880,-351
100000047,280,686,-406
100000048,621,613,8
100000049,1560,1364,196
100000051,473,727,-254
100000053,132,11,121
100000054,372,34,338
100000055,723,303,420
100000056,538,613,-75
100000057,2486,816,1670
100000058,1041,1034,7
100000059,19,176,-157
100000060,495,317,178
100000061,2911,619,2292
100000062,2520,681,1839
100000063,1091,337,754
100000064,1591,421,1170
100000065,379,809,-430
100000066,190,572,-382
100000067,483,646,-163
100000068,486,1352,-866
100000069,328,978,-650
100000072,188,671,-483
100000073,1168,986,182
100000075,834,233,601
100000076,2294,3776,-1482
100000077,120,354,-234
100000078,34,44,-10
100000079,76,46,30
100000080,12,48,-36
100000081,126,235,-109
100000102,3578,3993,-415
100000103,2525,2227,298
100000104,3977,3676,301
100000105,1851,2519,-668
100000106,2186,3695,-1509
100000107,410,1844,-1434
100000108,620,955,-335
100000109,1499,1546,-47
100000116,806,1215,-409
100000117,84,153,-69
100000118,928,1665,-737
100000119,644,1001,-357
100000121,624,486,138
100000122,1618,1317,301
100000123,1811,3823,-2012
100000124,4016,6769,-2753
100000125,4016,2041,1975
100000126,636,620,16
100000127,1384,528,856
100000128,1743,2534,-791
100000129,541,627,-86
100000130,523,437,86
100000131,1776,2986,-1210
100000132,1017,3122,-2105
100000133,3353,2375,978
100000135,655,1495,-840
100000139,285,582,-297
100000140,221,447,-226
100000142,640,545,95
100000143,1706,507,1199
100000144,3039,711,2328
100000147,1301,3823,-2522
100000150,57,497,-440
100000151,935,1845,-910
100000153,433,548,-115
100000154,73,593,-520
100000155,22,58,-36
100000156,358,553,-195
100000157,403,226,177
100000158,326,187,139
100000159,316,719,-403
100000165,860,859,1
100000169,123,1673,-1550
100000174,398,1334,-936
100000179,100,567,-467
100000180,2822,7355,-4533
100000181,485,404,81
100000188,87,497,-410
100000189,1352,714,638
100000190,576,1437,-861
100000191,816,897,-81
100000192,60,103,-43
100000193,315,215,100
100000330,854,1137,-283
100000355,226,1092,-866
100000362,3232,1894,1338
100000363,5884,5344,540
100000364,106,257,-151
100000365,6212,10093,-3881
100000366,3057,2535,522
100000367,5425,8377,-2952
100000368,3062,1187,1875
100000369,984,2985,-2001
100000370,248,1399,-1151
100000376,140,190,-50
100000379,2408,2015,393
100000380,5494,6913,-1419
100000384,6346,7889,-1543
100000385,2694,5130,-2436
100000386,5367,7413,-2046
100000387,3911,7012,-3101
100000388,4028,7983,-3955
100000389,5310,8141,-2831
100000390,6318,7896,-1578
100000391,4767,10205,-5438
100000392,2257,5137,-2880
100000393,2141,6022,-3881
100000394,5287,10648,-5361
100000395,3840,6021,-2181
100000396,4893,4311,582
100000397,3552,8918,-5366
100000398,8603,7248,1355
100900002,11,20,-9
100900003,405,282,123
100900004,28,1662,-1634
100900005,115,23,92
100900006,44,74,-30
100900007,256,8,248
100900008,1,315,-314
100900009,69,242,-173
100900010,84,56,28
100900011,194,161,33
100900012,1,92,-91
100900013,1169,11,1158
100900014,3,8,-5
100900015,67,68,-1
100900016,5,32,-27
100900017,1524,114,1410
100900018,0,23,-23
100900019,30,131,-101
100900020,391,9,382
100900021,587,3,584
100900022,20,59,-39
100900023,0,56,-56
100900024,506,16,490
100900025,10,13,-3
100900026,138,113,25
100900027,490,3293,-2803
100900028,125,289,-164
100900029,28,8,20
100900030,14,89,-75
100900031,950,48,902
100900032,367,0,367
100900033,239,317,-78
100900034,955,4,951
100900035,404,0,404
100900036,29,1,28
100900037,139,107,32
100900038,117,81,36
100900039,348,358,-10
100900040,586,372,214
100900041,1106,371,735
100900042,1859,1528,331
100900043,0,13,-13
100900044,1445,472,973
100900045,138,3,135
100900046,1474,26,1448
100900047,866,228,638
100900048,164,129,35
100900049,72,112,-40
100900050,5,12,-7
100900051,45,114,-69
100900052,443,80,363
100900053,674,36,638
100900054,8,41,-33
100900055,279,929,-650
100900056,100,162,-62
100900057,1478,1566,-88
100900058,328,84,244
100900059,144,10,134
100900060,297,4,293
100900061,304,170,134
100900062,13,22,-9
100900063,301,984,-683
100900064,765,25,740
100900065,98,151,-53
100900066,164,260,-96
100900067,29,11,18
100900068,375,123,252
100900069,1185,6,1179
100900070,527,42,485
100900071,527,218,309
100900072,2,13,-11
100900073,197,366,-169
100900074,9,3,6
100900075,1770,316,1454
100900076,4,45,-41
100900077,51,56,-5
100900078,144,413,-269
100900079,20,10,10
100900080,74,216,-142
100900081,77,245,-168
100900082,197,337,-140
100900083,5,18,-13
100900085,47,347,-300
100900086,208,989,-781
100900088,130,301,-171
100900089,1,7,-6
100900090,131,709,-578
100900091,16,24,-8
100900092,224,375,-151
100900093,339,391,-52
100900094,193,227,-34
100900095,1,26,-25
100900096,133,119,14
100900097,1,6,-5
100900098,18,18,0
100900099,20,382,-362
100900100,10,716,-706
100900101,275,71,204
100900102,173,139,34
100900103,15,14,1
100900104,8,144,-136
100900105,37,577,-540
100900106,34,12,22
100900107,1726,903,823
100900108,6,89,-83
100900109,16,38,-22
100900110,2,15,-13
100900111,22,188,-166
100900112,9,18,-9
100900113,13,22,-9
100900114,9,18,-9
100900115,16,20,-4
100900116,1207,924,283
100900117,341,1362,-1021
100900118,167,131,36
100900119,11,14,-3
100900120,17,11,6
100900121,693,608,85
100900122,93,138,-45
100900123,118,170,-52
100900124,6,16,-10
100900125,11,51,-40
100900126,204,324,-120
100900127,2,22,-20
100900128,137,177,-40
100900129,0,208,-208
100900131,45,204,-159
100900133,123,52,71
100900134,4,3,1
100900135,3,333,-330
100900137,287,224,63
100900138,413,506,-93
100900139,4,10,-6
100900140,1,320,-319
100900141,6,711,-705
100900142,2,15,-13
100900143,567,456,111
100900144,9,2,7
100900145,168,203,-35
100900146,3,54,-51
100900147,19,469,-450
100900148,30,360,-330
100900149,8,137,-129
100900150,4,43,-39
100900151,175,421,-246
100900152,595,13,582
100900153,12,168,-156
100900154,57,256,-199
100900155,18,3,15
100900156,47,4,43
100900157,16,463,-447
100900159,13,162,-149
100900160,24,4,20
100900161,73,7,66
100900162,10,696,-686
100900163,171,135,36
100900164,51,67,-16
100900165,32,51,-19
100900166,121,3,118
100900167,13,59,-46
100900168,33,195,-162
100900169,84,1037,-953
100900170,30,4,26
100900171,22,450,-428
100900172,0,17,-17
100900173,6,210,-204
100900174,454,45,409
100900176,1639,231,1408
100900177,598,396,202
100900178,209,169,40
100900179,354,477,-123
100900180,4,2,2
100900181,124,107,17
100900182,184,53,131
100900184,19,265,-246
100900186,632,494,138
100900187,18,59,-41
100900188,34,12,22
100900189,2218,286,1932
100900191,691,1333,-642
100900192,216,460,-244
100900195,161,172,-11
100900197,32,28,4
100900198,26,238,-212
100900199,1,2,-1
100900200,938,337,601
100900201,120,700,-580
100900202,53,0,53
100900203,0,189,-189
100900204,563,2618,-2055
100900205,158,659,-501
100900206,250,103,147
100900207,308,188,120
100900210,98,305,-207
100900211,811,234,577
100900213,298,76,222
100900214,522,168,354
100900215,27,75,-48
100900217,110,120,-10
101000001,2807,2707,100
101000002,8393,9276,-883
101000003,466,1382,-916
101000004,7491,6771,720
101000005,4631,5577,-946
101000006,6613,7579,-966
101000007,4083,4894,-811
101000008,2404,2191,213
101000009,2622,805,1817
101000010,893,647,246
101000011,1196,426,770
101000012,723,785,-62
101000013,790,1312,-522
101000014,384,531,-147
101000015,1462,751,711
101000016,421,513,-92
101000017,571,433,138
101000018,2037,2489,-452
101000020,2292,958,1334
101000021,769,366,403
101000022,154,192,-38
101000023,1439,681,758
101000025,405,475,-70
101000026,219,44,175
101000027,2565,3543,-978
101000028,903,356,547
101000029,258,2020,-1762
101000030,1460,230,1230
101000031,657,1459,-802
101000032,4852,5754,-902
101000033,2863,4581,-1718
101000034,1507,2287,-780
101000035,775,446,329
101000036,1701,1198,503
101000037,1755,2308,-553
101000039,2878,4032,-1154
101000040,2900,5868,-2968
101000041,5249,11730,-6481
101000042,364,1608,-1244
101000043,5418,11399,-5981
101000045,1081,1390,-309
101000046,2194,2691,-497
101000047,1897,6091,-4194
101000048,733,649,84
101000049,862,2500,-1638
101000050,1959,3130,-1171
101000051,1440,3789,-2349
101000052,1459,1465,-6
101000053,998,1373,-375
101000054,1891,1158,733
101000055,1311,1598,-287
101000056,38,105,-67
101000057,1393,1636,-243
101000058,1113,1668,-555
101000059,2358,2699,-341
101000060,2089,862,1227
101000061,847,1808,-961
101000062,571,830,-259
101000063,527,1346,-819
101000064,931,1262,-331
101000065,335,632,-297
101000066,731,1225,-494
101000067,898,1331,-433
101000068,199,623,-424
101000069,245,93,152
101000070,781,1260,-479
101000071,2380,1289,1091
101000072,713,3678,-2965
101000073,971,1372,-401
101000074,4162,4906,-744
101000075,3032,6342,-3310
101000077,1948,1483,465
101000078,1160,1482,-322
101000079,1477,788,689
101000080,1254,1040,214
101000081,1730,1674,56
101000082,2466,2644,-178
101000083,2787,2398,389
101000084,1139,709,430
101000085,1452,1117,335
101000086,1066,1201,-135
101000087,890,935,-45
101000088,1338,1284,54
101000089,1080,1735,-655
101000090,1708,1085,623
101000091,532,558,-26
101000092,1305,723,582
101000093,1450,717,733
101000094,1142,938,204
101000095,575,620,-45
101000096,507,413,94
101000097,518,667,-149
101000098,439,1145,-706
101000099,864,1577,-713
101000100,805,1323,-518
101000101,249,394,-145
101000102,925,658,267
101000103,720,682,38
101000104,427,797,-370
101000105,411,418,-7
101000106,576,1085,-509
101000107,341,503,-162
101000108,554,196,358
101000109,585,88,497
101000110,29,249,-220
101000111,115,233,-118
101000113,300,819,-519
101000114,6327,12300,-5973
101000115,72,98,-26
101000116,90,87,3
101000117,1496,273,1223
101000119,71,70,1
101000120,150,70,80
101000121,49,64,-15
101000122,104,169,-65
101000123,53,138,-85
101000124,1442,482,960
101000125,155,342,-187
101000128,320,1021,-701
101000130,155,300,-145
101000131,1087,375,712
101000132,973,894,79
101000135,35,51,-16
101000136,329,248,81
101000137,42,385,-343
101000141,1040,4667,-3627
101000147,929,375,554
101000148,636,38,598
101000149,139,386,-247
101000150,129,410,-281
101000151,424,49,375
101000152,325,306,19
101000153,420,183,237
101000154,354,667,-313
101000155,469,162,307
101000156,42,406,-364
101000157,59,54,5
101000160,36,18,18
101000163,229,487,-258
101000164,315,259,56
101000165,348,377,-29
101000166,268,285,-17
101000168,882,430,452
101000252,2387,1018,1369
101000254,149,201,-52
101000258,72,12,60
101000261,157,90,67
101000262,2002,3554,-1552
101000263,521,1562,-1041
101000265,144,810,-666
101000266,338,344,-6
101000269,31,30,1
101000290,1035,3392,-2357
101000293,62,38,24
101000294,809,548,261
101000295,177,405,-228
101000301,656,679,-23
101000304,2684,2932,-248
101000305,3247,1257,1990
101000328,59,351,-292
101900001,9,33,-24
101900002,0,5,-5
101900003,37,106,-69
101900004,4,69,-65
101900005,2137,3196,-1059
101900006,1510,113,1397
101900007,939,242,697
101900008,120,266,-146
101900009,49,515,-466
101900010,634,741,-107
101900011,164,1022,-858
101900012,450,172,278
101900013,527,187,340
101900017,12,146,-134
101900018,825,351,474
101900019,170,148,22
101900020,66,60,6
101900021,2,54,-52
101900022,207,661,-454
101900023,208,110,98
101900026,130,37,93
101900027,28,112,-84
102000001,3882,5621,-1739
102000002,2622,965,1657
102000003,2893,8451,-5558
102000004,4589,2895,1694
102000005,1385,2935,-1550
102000006,891,1952,-1061
102000007,1908,5189,-3281
102000008,4720,1688,3032
102000009,7928,9529,-1601
102000010,4871,3586,1285
102000011,4472,3413,1059
102000012,3102,3040,62
102000018,2488,3032,-544
102000019,2733,2051,682
102000026,233,581,-348
102000029,218,240,-22
102000030,187,450,-263
102000031,61,128,-67
102000032,688,262,426
102000033,396,358,38
102000034,641,522,119
102000035,2441,742,1699
102000036,15,305,-290
102000037,188,35,153
102000038,137,337,-200
102000039,166,84,82
102000040,341,351,-10
102000041,228,549,-321
102000042,192,508,-316
102000043,184,324,-140
102000044,367,531,-164
102000045,692,766,-74
102000046,1416,676,740
102000047,800,806,-6
102000048,512,812,-300
102000049,1023,825,198
102000050,941,1143,-202
102000051,438,635,-197
102000052,1154,818,336
102000053,1000,1057,-57
102000054,855,1417,-562
102000055,1635,426,1209
102000056,1333,626,707
102000057,1471,563,908
102000058,1127,1039,88
102000059,1591,1357,234
102000060,1198,960,238
102000061,1969,1522,447
102000062,2261,1214,1047
102000063,1084,1217,-133
102000064,539,598,-59
102000065,44,180,-136
102000066,834,765,69
102000067,2337,2688,-351
102000068,11064,2754,8310
102000069,125,3175,-3050
102000070,1273,41,1232
102000071,6361,8156,-1795
102000072,2956,3476,-520
102000073,983,981,2
102000074,574,1076,-502
102000075,126,299,-173
102000076,223,339,-116
102000077,742,528,214
102000078,1007,519,488
102000079,220,174,46
102000080,240,197,43
102000081,336,904,-568
102000082,630,417,213
102000083,756,214,542
102000084,422,210,212
102000085,3469,832,2637
102000086,1392,1142,250
102000087,1084,1554,-470
102000088,375,296,79
102000089,1401,396,1005
102000090,800,1068,-268
102000091,1805,639,1166
102000092,324,575,-251
102000093,447,551,-104
102000094,818,731,87
102000095,923,1327,-404
102000096,613,847,-234
102000097,740,874,-134
102000098,555,725,-170
102000099,820,1189,-369
102000100,414,1412,-998
102000101,629,951,-322
102000102,332,1418,-1086
102000103,1516,322,1194
102000104,667,267,400
102000105,291,482,-191
102000106,914,442,472
102000107,1691,388,1303
102000108,797,185,612
102000109,706,423,283
102000110,1342,745,597
102000111,23,247,-224
102000112,178,108,70
102000113,13,18,-5
102000114,606,387,219
102000115,257,380,-123
102000116,323,418,-95
102000117,160,530,-370
102000118,948,1408,-460
102000119,1284,883,401
102000120,257,481,-224
102000121,1293,661,632
102000122,951,1149,-198
102000123,1281,1256,25
102000124,1729,1305,424
102000125,754,1187,-433
102000126,773,761,12
102000127,1487,742,745
102000128,970,871,99
102000129,1935,695,1240
102000130,909,1027,-118
102000131,2194,1282,912
102000132,774,2276,-1502
102000133,2783,1309,1474
102000134,1143,710,433
102000135,1486,1098,388
102000136,2036,770,1266
102000137,681,1535,-854
102000138,244,556,-312
102000139,271,1023,-752
102000140,281,1394,-1113
102000141,655,3474,-2819
102000142,418,381,37
102000143,186,291,-105
102000144,442,282,160
102000145,434,357,77
102000146,489,330,159
102000147,552,393,159
102000148,208,691,-483
102000149,190,272,-82
102000150,631,117,514
102000151,116,175,-59
102000152,209,106,103
102000153,940,613,327
102000154,244,483,-239
102000155,83,334,-251
102000156,309,172,137
102000157,73,518,-445
102000158,449,620,-171
102000159,819,703,116
102000161,2259,2388,-129
102000162,164,152,12
102000163,138,653,-515
102000164,713,1318,-605
102000165,260,145,115
102000166,60,255,-195
102000167,246,208,38
102000168,377,162,215
102000169,207,535,-328
102000170,442,239,203
102000171,442,275,167
102000172,512,440,72
102000173,493,281,212
102000174,114,57,57
102000175,162,93,69
102000176,98,26,72
102000178,440,284,156
102000179,680,197,483
102000180,1428,416,1012
102000181,968,377,591
102000182,673,407,266
102000183,2117,1371,746
102000184,2199,522,1677
102000185,3130,976,2154
102000186,1446,1166,280
102000187,972,1026,-54
102000188,1194,1214,-20
102000189,1776,554,1222
102000190,589,2567,-1978
102000191,1210,482,728
102000192,1419,1647,-228
102000193,84,71,13
102000194,51,107,-56
102000195,515,369,146
102000196,221,243,-22
102000197,909,273,636
102000198,212,493,-281
102000199,1313,206,1107
102000200,270,714,-444
102000201,1397,448,949
102000202,7,69,-62
102000203,497,146,351
102000204,606,448,158
102000205,1448,342,1106
102000206,786,371,415
102000207,992,397,595
102000208,564,308,256
102000209,123,49,74
102000210,614,260,354
102000211,627,133,494
102000212,560,8,552
102000213,10,164,-154
102000214,415,9,406
102000215,6,226,-220
102000216,93,75,18
102000217,6,82,-76
102000218,300,213,87
102000219,255,180,75
102000225,518,626,-108
102000226,1954,1228,726
102000227,155,0,155
102000228,2,71,-69
102000229,72,38,34
102000230,304,277,27
102000231,401,378,23
102000232,25,154,-129
102000233,495,757,-262
102000234,94,1075,-981
102000236,298,118,180
102000237,435,126,309
102000238,170,252,-82
102000240,460,755,-295
102000241,580,145,435
102000243,19,56,-37
102000245,12,175,-163
102000246,5,22,-17
102000247,382,592,-210
102000248,389,912,-523
102000249,136,129,7
102000250,121,252,-131
102000254,190,183,7
102000266,52,817,-765
102000271,23,0,23
102000286,417,346,71
102000297,2041,1014,1027
102000299,0,0,0
102000301,0,0,0
102000303,0,0,0
102000305,0,0,0
102000307,0,5,-5
102900001,1524,621,903
102900002,431,42,389
102900003,75,126,-51
102900005,485,208,277
102900006,558,102,456
102900007,676,20,656
102900008,265,43,222
102900009,565,362,203
102900010,271,869,-598
102900011,1250,483,767
102900012,454,106,348
102900013,38,33,5
102900015,650,531,119
102900016,110,72,38
102900017,185,286,-101
102900018,55,78,-23
102900019,505,544,-39
102900020,204,36,168
102900021,38,63,-25
102900022,377,165,212
102900023,17,29,-12
102900024,37,39,-2
102900025,131,95,36
102900026,403,2463,-2060
102900027,66,59,7
102900028,219,857,-638
102900029,166,222,-56
102900030,565,347,218
102900031,273,109,164
102900032,104,83,21
102900033,111,172,-61
102900034,691,47,644
102900035,168,164,4
102900036,359,305,54
102900037,565,246,319
102900038,571,303,268
102900039,21,606,-585
102900040,212,241,-29
102900041,117,167,-50
102900042,304,215,89
102900043,179,127,52
102900044,595,1240,-645
102900045,227,363,-136
102900046,138,174,-36
102900047,107,528,-421
102900048,499,305,194
102900049,110,326,-216
102900050,227,271,-44
102900051,146,190,-44
102900052,52,86,-34
102900053,296,523,-227
102900054,505,1303,-798
102900055,153,291,-138
102900056,115,338,-223
102900057,15,63,-48
102900058,427,93,334
102900059,34,59,-25
102900060,161,418,-257
102900061,219,303,-84
102900062,309,444,-135
102900063,1507,409,1098
102900064,110,451,-341
102900065,998,406,592
102900066,359,19,340
102900068,87,90,-3
102900070,293,953,-660
102900072,16,51,-35
102900073,163,4,159
102900075,26,74,-48
102900076,116,204,-88
102900077,44,22,22
102900078,27,58,-31
102900079,291,10,281
102900080,502,42,460
102900081,56,254,-198
102900082,17,188,-171
102900083,140,18,122
102900084,12,37,-25
102900085,344,159,185
102900086,31,66,-35
102900087,197,88,109
102900088,58,40,18
102900089,212,110,102
102900090,0,172,-172
102900091,229,3,226
102900092,504,448,56
102900093,315,216,99
102900094,1,133,-132
102900095,169,2,167
102900096,103,16,87
102900097,142,167,-25
103000001,2196,2112,84
103000002,2296,2269,27
103000003,3212,2933,279
103000004,792,671,121
103000005,1803,3236,-1433
103000006,954,1521,-567
103000007,504,627,-123
103000008,1090,548,542
103000009,1794,1024,770
103000010,134,77,57
103000011,1520,1058,462
103000012,1663,1467,196
103000013,2959,1567,1392
103000014,1343,2752,-1409
103000015,1277,595,682
103000016,550,1554,-1004
103000017,245,424,-179
103000018,582,305,277
103000019,411,391,20
103000020,1839,1269,570
103000021,1811,1894,-83
103000022,633,955,-322
103000023,736,1794,-1058
103000024,88,109,-21
103000025,108,806,-698
103000026,845,121,724
103000027,308,731,-423
103000028,343,356,-13
103000029,170,334,-164
103000030,1358,1240,118
103000031,1120,2155,-1035
103000032,1997,1529,468
103000033,2747,2639,108
103000034,1085,1097,-12
103000035,492,1317,-825
103000036,325,454,-129
103000037,559,605,-46
103000038,537,1053,-516
103000039,539,277,262
103000040,518,537,-19
103000041,1732,1439,293
103000042,1476,322,1154
103000043,681,661,20
103000044,338,125,213
103000046,443,436,7
103000047,603,438,165
103000048,267,122,145
103000049,97,103,-6
103000050,839,351,488
103000051,749,382,367
103000052,797,226,571
103000053,236,417,-181
103000054,2607,1248,1359
103000055,1824,1711,113
103000056,896,997,-101
103000057,889,185,704
103000058,722,692,30
103000059,613,615,-2
103000060,730,449,281
103000061,468,689,-221
103000062,1080,439,641
103000063,977,792,185
103000064,155,147,8
103000065,4,271,-267
103000066,228,14,214
103000069,490,198,292
103000070,1083,605,478
103000071,1420,480,940
103000072,150,497,-347
103000073,731,120,611
103000074,880,101,779
103000075,126,462,-336
103000076,423,496,-73
103000077,37,224,-187
103000078,800,812,-12
103000079,463,609,-146
103000080,655,430,225
103000081,398,1140,-742
103000082,410,250,160
103000083,122,246,-124
103000084,80,14,66
103000085,5,111,-106
103000086,473,428,45
103000087,133,640,-507
103000088,236,339,-103
103000089,268,536,-268
103000090,2665,894,1771
103000091,644,482,162
103000092,215,209,6
103000093,347,384,-37
103000094,220,90,130
103000095,98,323,-225
103000096,515,66,449
103000097,69,663,-594
103000098,705,212,493
103000099,228,662,-434
103000100,195,480,-285
103000101,1006,113,893
103000102,145,373,-228
103000103,757,147,610
103000104,106,114,-8
103000105,184,72,112
103000106,15,153,-138
103000107,186,51,135
103000108,849,493,356
103000109,431,438,-7
103000110,494,520,-26
103000111,426,360,66
103000112,357,255,102
103000113,457,512,-55
103000114,1252,465,787
103000115,755,412,343
103000116,769,367,402
103000117,440,386,54
103000118,415,451,-36
103000119,807,428,379
103000120,49,111,-62
103000121,133,298,-165
103000122,343,460,-117
103000125,24,137,-113
103000126,727,5,722
103000127,1,120,-119
103000128,221,6,215
103000129,6,103,-97
103000130,82,38,44
103000131,177,116,61
103000132,102,207,-105
103000133,32,126,-94
103000134,378,1013,-635
103000135,620,228,392
103000136,624,471,153
103000137,403,565,-162
103000138,654,625,29
103000139,3,94,-91
103000140,117,33,84
103000141,50,142,-92
103000142,145,108,37
103000143,77,179,-102
103000144,152,74,78
103000145,49,207,-158
103000150,133,53,80
103000152,132,176,-44
103000153,183,143,40
103000156,30,237,-207
103000157,513,1,512
103000159,146,54,92
103000162,58,13,45
103000163,11,27,-16
103000164,22,11,11
103000165,71,204,-133
103000166,215,340,-125
103000167,200,91,109
103000168,126,135,-9
103000169,213,467,-254
103000170,1016,287,729
103000171,41,68,-27
103000172,632,192,440
103000173,811,327,484
103000174,226,212,14
103000175,404,166,238
103000176,825,670,155
103000177,441,379,62
103000178,168,359,-191
103000179,198,41,157
103000183,233,32,201
103000185,166,29,137
103000186,171,99,72
103000187,815,197,618
103000188,26,120,-94
103000189,757,519,238
103000191,553,596,-43
103000292,772,1773,-1001
103000293,869,2762,-1893
103000295,70,90,-20
103000296,313,6,307
103000297,96,138,-42
103000504,80,13,67
103000505,6,38,-32
103000506,2,144,-142
103000507,212,3,209
103000508,42,78,-36
103000509,223,492,-269
103900001,2,86,-84
103900002,719,137,582
103900003,1167,161,1006
103900004,210,3,207
103900005,9,81,-72
103900006,17,3,14
103900007,144,11,133
103900008,10,3,7
103900009,373,525,-152
103900010,164,349,-185
103900011,508,125,383
103900012,25,23,2
103900013,113,45,68
103900014,125,19,106
103900015,94,9,85
103900016,351,160,191
103900017,43,71,-28
103900018,485,193,292
103900019,106,552,-446
103900020,229,435,-206
103900021,273,60,213
103900022,1137,577,560
103900023,191,3,188
103900024,60,244,-184
103900025,26,36,-10
103900026,161,2,159
103900027,822,230,592
103900028,30,262,-232
103900029,1182,157,1025
103900030,345,87,258
103900031,48,1,47
103900032,125,104,21
103900033,138,12,126
103900034,59,69,-10
103900035,73,50,23
103900036,36,50,-14
103900037,119,47,72
103900038,110,304,-194
103900039,143,202,-59
103900040,24,95,-71
103900041,86,34,52
103900042,86,162,-76
103900043,234,47,187
103900044,64,363,-299
103900045,522,184,338
103900047,129,19,110
103900048,75,47,28
103900049,136,850,-714
103900050,21,148,-127
103900051,0,39,-39
103900052,247,273,-26
103900053,344,383,-39
103900054,149,223,-74
103900055,552,190,362
103900056,89,55,34
103900057,47,82,-35
103900058,383,324,59
103900059,0,36,-36
103900060,60,95,-35
103900061,242,28,214
103900062,513,143,370
103900063,26,1,25
103900064,186,4,182
103900065,609,390,219
103900066,224,44,180
103900067,225,15,210
103900068,12,0,12
103900069,82,23,59
103900070,139,171,-32
103900071,30,69,-39
103900072,27,129,-102
103900073,26,52,-26
103900074,79,64,15
103900075,303,53,250
103900076,737,332,405
103900077,43,156,-113
103900078,400,114,286
103900079,126,199,-73
103900080,20,39,-19
103900081,33,15,18
103900082,21,115,-94
103900083,825,1360,-535
103900084,56,154,-98
103900085,68,161,-93
103900086,1041,371,670
103900088,342,648,-306
103900089,90,125,-35
103900090,0,44,-44
103900091,1002,197,805
103900092,872,344,528
103900093,49,214,-165
103900094,21,65,-44
103900095,364,194,170
103900096,24,109,-85
103900097,18,373,-355
103900098,272,146,126
103900099,94,67,27
103900100,275,210,65
103900101,96,877,-781
103900102,0,20,-20
103900104,2,26,-24
103900105,80,126,-46
103900106,0,94,-94
103900107,169,104,65
103900108,58,154,-96
103900109,158,35,123
103900110,335,42,293
103900111,172,353,-181
103900112,76,121,-45
103900113,107,281,-174
103900114,343,212,131
103900115,261,281,-20
103900116,2909,3102,-193
103900117,104,36,68
103900119,33,83,-50
103900120,77,74,3
103900122,161,129,32
103900123,922,687,235
103900124,73,260,-187
103900125,155,44,111
103900126,720,315,405
103900127,248,240,8
103900128,236,94,142
103900131,48,97,-49
103900133,961,83,878
103900134,3,12,-9
103900135,9,7,2
103900137,1,25,-24
103900138,129,115,14
103900139,220,2709,-2489
103900140,4,230,-226
103900141,218,55,163
103900142,300,70,230
103900143,57,2,55
103900144,0,27,-27
103900145,188,210,-22
103900146,373,188,185
103900147,448,83,365
103900148,373,203,170
103900149,459,304,155
103900150,3690,5369,-1679
103900151,28,150,-122
103900152,834,273,561
103900153,2,0,2
103900154,528,2245,-1717
103900155,50,153,-103
103900156,112,106,6
103900157,125,108,17
103900158,150,68,82
103900159,251,36,215
103900160,74,59,15
103900161,112,169,-57
103900162,87,111,-24
103900163,16,368,-352
103900167,28,81,-53
103900168,131,52,79
103900169,41,52,-11
103900170,0,85,-85
103900171,1,37,-36
103900172,2,11,-9
103900173,24,23,1
103900174,272,51,221
103900175,41,98,-57
103900176,14,55,-41
103900177,18,68,-50
103900178,67,44,23
103900179,82,89,-7
103900180,22,41,-19
103900181,63,45,18
103900182,20,16,4
103900184,362,146,216
103900185,93,630,-537
103900187,16,107,-91
103900188,67,43,24
103900189,158,21,137
103900190,106,55,51
103900191,32,43,-11
103900192,22,146,-124
103900193,103,146,-43
103900194,79,129,-50
103900195,6,112,-106
103900196,38,32,6
103900197,4,15,-11
103900198,24,30,-6
103900199,134,57,77
103900200,154,83,71
103900201,120,125,-5
103900202,11,51,-40
103900203,40,28,12
103900204,1,58,-57
103900207,0,44,-44
103900208,131,0,131
103900209,11,64,-53
103900210,56,27,29
103900211,700,312,388
103900212,220,258,-38
103900213,61,235,-174
103900214,226,204,22
103900215,180,299,-119
103900216,8,229,-221
103900217,339,17,322
103900218,2,271,-269
103900219,170,120,50
103900233,35,4,31
103900235,12,31,-19
103900236,19,0,19
103900242,8,1,7
103900243,7,6,1
103900244,133,124,9
103900245,133,113,20
103900246,37,45,-8
103900247,38,51,-13
103900248,7,54,-47
103900249,15,94,-79
103900250,34,38,-4
103900251,6,37,-31
103900253,16,81,-65
103900254,3,17,-14
103900255,4,8,-4
103900256,8,31,-23
103900257,60,113,-53
103900258,9,7,2
103900259,39,4,35
103900261,10,5,5
103900262,14,3,11
103900263,31,31,0
103900264,54,29,25
103900265,27,5,22
103900266,1,103,-102
103900267,13,39,-26
103900268,9,30,-21
103900269,155,18,137
103900270,78,57,21
103900271,50,59,-9
103900272,55,45,10
103900273,49,26,23
103900274,153,4,149
103900275,75,11,64
103900276,11,38,-27
103900277,11,54,-43
103900278,2,19,-17
103900279,8,21,-13
104000001,2682,2179,503
104000002,1603,2046,-443
104000003,2236,1873,363
104000004,2407,2169,238
104000005,1759,1784,-25
104000006,2973,2441,532
104000007,3532,3703,-171
104000008,199,131,68
104000009,220,91,129
104000010,187,323,-136
104000011,307,188,119
104000012,153,197,-44
104000013,302,263,39
104000014,195,406,-211
104000015,353,122,231
104000016,449,265,184
104000018,1010,145,865
104000019,606,228,378
104000020,113,298,-185
104000021,189,343,-154
104000022,120,239,-119
104000023,1036,364,672
104000024,220,279,-59
104000026,67,280,-213
104000027,240,152,88
104000028,367,178,189
104000029,303,228,75
104000030,323,190,133
104000031,1525,317,1208
104000032,230,193,37
104000033,710,465,245
104000034,377,171,206
104000035,1080,285,795
104000036,867,412,455
104000037,296,129,167
104000038,531,308,223
104000039,228,156,72
104000040,189,290,-101
104000041,938,333,605
104000042,155,261,-106
104000043,214,269,-55
104000044,239,420,-181
104000045,767,694,73
104000046,827,1198,-371
104000047,700,889,-189
104000048,942,948,-6
104000049,643,306,337
104000050,215,844,-629
104000051,119,449,-330
104000052,1868,1657,211
104000053,1196,422,774
104000054,665,258,407
104000055,3160,1958,1202
104000056,771,223,548
104000057,131,256,-125
104000058,810,640,170
104000059,572,861,-289
104000060,1083,1354,-271
104000061,1141,832,309
104000062,382,76,306
104000064,437,245,192
104000065,229,713,-484
104000069,633,1389,-756
104000070,82,528,-446
104000071,113,245,-132
104000072,545,134,411
104000075,136,334,-198
104000076,509,106,403
104000082,2311,3399,-1088
104000083,717,215,502
104000084,146,413,-267
104000085,249,334,-85
104000086,226,403,-177
104000087,402,2115,-1713
104000090,968,867,101
104000092,1488,1221,267
104000094,863,1049,-186
104000095,1973,1154,819
104000096,1567,95,1472
104000097,1985,578,1407
104000098,2672,588,2084
104000100,1941,550,1391
104000101,1271,1289,-18
104000106,48,530,-482
104000107,627,269,358
104000108,231,378,-147
104000109,327,116,211
104000110,711,1000,-289
104000111,2420,2796,-376
104000112,1210,521,689
104000116,0,631,-631
104000117,204,342,-138
104000118,963,154,809
104000119,782,234,548
104000120,307,383,-76
104000121,244,538,-294
104000122,729,749,-20
104000123,722,640,82
104000124,541,1459,-918
104000125,2461,4824,-2363
104000126,424,403,21
104000127,1052,1429,-377
104000128,616,297,319
104000129,432,21,411
104000130,11,293,-282
104000131,328,320,8
104000132,352,319,33
104000133,1411,721,690
104000134,945,1550,-605
104000135,400,1891,-1491
104000136,655,3770,-3115
104000137,1318,346,972
104000138,950,429,521
104000139,3650,2580,1070
104000141,822,956,-134
104000142,567,406,161
104000143,650,296,354
104000144,97,228,-131
104000145,340,238,102
104000146,258,459,-201
104000147,123,279,-156
104000148,445,187,258
104000149,181,174,7
104000150,1145,502,643
104000151,412,240,172
104000152,618,438,180
104000153,742,553,189
104000154,669,374,295
104000155,514,556,-42
104000157,881,1152,-271
104000158,382,699,-317
104000159,876,557,319
104000160,1700,2010,-310
104000161,193,154,39
104000162,64,143,-79
104000165,714,910,-196
104000167,688,1234,-546
104000168,730,10,720
104000169,135,15,120
104000170,249,525,-276
104000248,287,448,-161
104000251,66,181,-115
104000272,0,0,0
104000273,0,0,0
104000274,0,0,0
104000275,0,0,0
104000279,692,347,345
104000290,206,232,-26
104000291,427,997,-570
104000293,902,599,303
104000294,67,1,66
104000295,576,750,-174
104000296,434,659,-225
104000297,633,1563,-930
104000298,1927,837,1090
104000299,677,1082,-405
104900001,152,283,-131
104900002,86,204,-118
104900003,78,245,-167
104900004,112,187,-75
104900005,413,344,69
104900006,443,82,361
104900007,278,254,24
104900009,196,216,-20
104900010,84,51,33
104900011,12,19,-7
104900012,253,38,215
104900013,125,16,109
104900014,1718,352,1366
104900015,81,10,71
104900016,315,128,187
104900017,218,139,79
104900018,9,150,-141
104900019,230,3549,-3319
104900020,41,262,-221
104900021,1,91,-90
104900022,4,72,-68
104900023,1,36,-35
104900024,18,64,-46
104900025,80,138,-58
104900026,2,34,-32
104900027,738,315,423
104900028,16,68,-52
104900029,20,41,-21
104900030,538,199,339
104900031,50,157,-107
104900032,28,90,-62
104900033,151,205,-54
104900034,407,199,208
104900035,447,200,247
104900036,257,50,207
104900037,165,160,5
104900038,285,1049,-764
104900039,332,441,-109
104900040,550,80,470
104900041,307,116,191
104900042,195,182,13
104900043,25,247,-222
104900044,841,187,654
104900045,446,75,371
104900046,316,79,237
104900047,484,92,392
104900048,391,61,330
104900049,66,43,23
104900050,339,65,274
104900051,314,34,280
104900052,110,2,108
104900053,404,119,285
104900054,217,29,188
104900055,149,2,147
104900056,175,23,152
104900057,74,6,68
104900058,632,726,-94
104900059,138,47,91
104900060,0,418,-418
104900061,172,403,-231
104900063,0,107,-107
104900064,1,56,-55
104900065,0,221,-221
104900066,2,105,-103
104900067,10,346,-336
104900068,39,127,-88
104900070,168,243,-75
104900071,0,401,-401
104900072,68,250,-182
104900073,118,124,-6
104900074,63,176,-113
104900075,78,45,33
104900076,139,194,-55
104900077,697,334,363
104900078,240,291,-51
104900079,131,563,-432
104900080,145,459,-314
104900082,23,326,-303
104900085,1,128,-127
104900087,347,10,337
104900089,303,1,302
104900090,1105,882,223
104900091,1093,507,586
104900093,191,407,-216
104900097,1787,2382,-595
104900098,207,37,170
104900099,103,591,-488
104900100,284,207,77
104900102,70,113,-43
104900103,486,63,423
104900104,2107,2271,-164
104900106,124,77,47
104900107,130,128,2
104900108,66,186,-120
104900109,146,161,-15
104900110,11,65,-54
104900111,277,131,146
104900112,298,373,-75
104900113,826,259,567
104900114,435,304,131
104900115,946,294,652
104900116,325,129,196
104900118,17,38,-21
104900119,2,40,-38
104900120,16,259,-243
104900121,0,36,-36
104900122,5,28,-23
104900123,66,22,44
104900124,51,0,51
104900125,444,3,441
104900126,74,42,32
104900127,25,47,-22
104900128,107,133,-26
104900129,1137,2648,-1511
105000001,2580,1399,1181
105000002,2611,1485,1126
105000003,3017,3829,-812
105000004,727,810,-83
105000005,1088,1136,-48
105000006,1533,1732,-199
105000007,1450,1908,-458
105000008,1373,4176,-2803
105000009,3281,3235,46
105000010,3001,1403,1598
105000011,4188,2992,1196
105000012,3583,2099,1484
105000013,1157,1231,-74
105000014,2577,3011,-434
105000015,10573,17824,-7251
105000016,1779,1893,-114
105000017,1535,764,771
105000018,1039,1601,-562
105000019,1171,987,184
105000020,150,465,-315
105000021,236,111,125
105000022,199,149,50
105000023,425,254,171
105000028,48,94,-46
105000029,812,1472,-660
105000030,3358,2094,1264
105000033,950,1470,-520
105000034,141,1141,-1000
105000037,598,221,377
105000038,1663,1794,-131
105000039,2280,1369,911
105000040,1376,1891,-515
105000041,761,1339,-578
105000042,3289,2393,896
105000043,1494,2706,-1212
105000044,743,665,78
105000045,280,539,-259
105000046,1460,388,1072
105000047,556,860,-304
105000048,542,186,356
105000049,230,311,-81
105000050,751,373,378
105000051,160,275,-115
105000052,597,725,-128
105000053,86,117,-31
105000054,465,714,-249
105000055,871,257,614
105000056,1592,1488,104
105000057,1398,545,853
105000058,1291,973,318
105000059,848,538,310
105000060,466,521,-55
105000061,861,453,408
105000062,525,552,-27
105000063,284,292,-8
105000064,1856,691,1165
105000065,358,372,-14
105000066,928,925,3
105000067,1612,701,911
105000068,394,762,-368
105000069,1303,2492,-1189
105000070,404,1002,-598
105000071,186,1112,-926
105000072,953,2867,-1914
105000073,917,642,275
105000074,860,603,257
105000075,456,611,-155
105000076,1111,778,333
105000077,1829,1118,711
105000078,1015,1277,-262
105000079,1119,3180,-2061
105000080,1599,1363,236
105000081,2608,1312,1296
105000082,907,2068,-1161
105000083,3565,4009,-444
105000084,883,690,193
105000085,2226,2442,-216
105000086,557,833,-276
105000087,1408,1970,-562
105000088,1367,1682,-315
105000089,2901,2026,875
105000090,1088,773,315
105000091,1103,1260,-157
105000092,659,671,-12
105000093,376,323,53
105000094,315,263,52
105000095,117,469,-352
105000096,1182,1205,-23
105000097,838,709,129
105000098,1067,621,446
105000099,698,672,26
105000100,1626,1056,570
105000101,2088,1861,227
105000102,2266,1577,689
105000103,1469,2386,-917
105000104,3011,1022,1989
105000105,1195,1548,-353
105000106,1799,1264,535
105000107,1685,785,900
105000108,2043,1105,938
105000109,1974,1179,795
105000110,981,391,590
105000111,1069,519,550
105000112,1230,527,703
105000113,501,666,-165
105000114,1889,1302,587
105000115,321,1421,-1100
105000116,940,492,448
105000117,902,591,311
105000118,740,381,359
105000119,594,551,43
105000120,1215,470,745
105000121,848,659,189
105000122,467,718,-251
105000123,1022,827,195
105000124,2308,731,1577
105000125,942,1263,-321
105000126,2282,1128,1154
105000127,2385,1501,884
105000128,1067,841,226
105000129,913,262,651
105000130,289,3375,-3086
105000131,599,252,347
105000132,1071,836,235
105000133,552,763,-211
105000134,1033,574,459
105000135,453,414,39
105000136,148,210,-62
105000137,795,223,572
105000138,192,207,-15
105000139,857,653,204
105000140,550,355,195
105000141,390,400,-10
105000142,271,422,-151
105000143,228,467,-239
105000144,293,644,-351
105000145,909,232,677
105000146,411,681,-270
105000147,798,273,525
105000148,1196,600,596
105000149,2914,2039,875
105000150,1688,1098,590
105000151,600,317,283
105000152,206,455,-249
105000153,654,663,-9
105000154,596,425,171
105000155,387,837,-450
105000156,633,545,88
105000157,757,1323,-566
105000158,2117,723,1394
105000159,222,810,-588
105000160,2410,650,1760
105000161,641,747,-106
105000162,606,1906,-1300
105000163,924,654,270
105000164,197,186,11
105000165,679,6225,-5546
105000166,3798,1423,2375
105000167,1413,2296,-883
105000168,536,457,79
105000169,790,275,515
105000170,336,1313,-977
105000171,1095,206,889
105000172,178,45,133
105000173,374,62,312
105000174,88,63,25
105000175,104,98,6
105000176,629,81,548
105000177,492,261,231
105000178,298,265,33
105000179,1045,151,894
105000180,261,71,190
105000181,172,179,-7
105000182,68,44,24
105000183,1863,2184,-321
105000184,1199,1133,66
105000185,1507,1215,292
105000186,554,743,-189
105000187,961,252,709
105000188,284,157,127
105000189,136,533,-397
105000190,346,366,-20
105000191,481,268,213
105000192,376,59,317
105000193,59,124,-65
105000194,502,112,390
105000195,385,569,-184
105000196,61,217,-156
105000197,278,450,-172
105000198,427,263,164
105000199,167,584,-417
105000200,137,332,-195
105000201,118,41,77
105000203,16,97,-81
105000204,106,80,26
105000205,76,184,-108
105000207,408,183,225
105000208,267,968,-701
105000209,225,261,-36
105000212,1212,773,439
105000213,141,199,-58
105000214,265,248,17
105000215,432,168,264
105000216,168,256,-88
105000217,188,234,-46
105000218,1785,1010,775
105000221,177,123,54
105000222,493,116,377
105000223,372,144,228
105000226,100,133,-33
105000227,77,98,-21
105000228,182,2194,-2012
105000229,149,540,-391
105000231,475,395,80
105000233,1059,690,369
105000234,572,873,-301
105000235,494,591,-97
105000237,889,63,826
105000243,37,113,-76
105000248,59,96,-37
105000262,436,706,-270
105000269,271,211,60
105000270,482,35,447
105000271,2,123,-121
105000282,66,38,28
105000287,343,102,241
105000288,791,348,443
105000289,1813,2296,-483
105000290,36,7,29
105000402,2342,4475,-2133
105000426,400,781,-381
105000438,2874,1546,1328
105000446,8136,5002,3134
105000447,3855,2062,1793
105000454,695,450,245
105000455,196,161,35
105000474,82,4,78
105000477,615,625,-10
105000478,2187,5962,-3775
105000479,136,116,20
105000480,7376,8019,-643
105000481,4366,3604,762
105000482,3825,6070,-2245
105000483,1829,2453,-624
105000484,1700,2444,-744
105000485,1590,3708,-2118
105000486,2679,2076,603
105000488,7041,3808,3233
105000489,970,653,317
105000549,72,113,-41
105000550,431,1275,-844
105000551,29,91,-62
105000552,1947,1156,791
105000555,529,856,-327
105900001,10,2142,-2132
105900002,1116,854,262
105900003,8,88,-80
105900004,277,146,131
105900005,19,242,-223
105900006,19,157,-138
105900007,136,44,92
105900008,62,352,-290
105900009,31,11,20
105900011,268,75,193
105900012,629,138,491
105900013,4,45,-41
105900014,8,82,-74
105900015,191,396,-205
105900016,622,494,128
105900017,1782,47,1735
105900018,141,135,6
105900019,99,420,-321
105900020,51,56,-5
105900021,53,937,-884
105900022,248,215,33
105900023,23,266,-243
105900024,14,358,-344
105900025,292,29,263
105900026,204,12,192
105900027,13253,8876,4377
105900028,503,359,144
105900029,1742,447,1295
105900030,223,256,-33
105900031,394,217,177
105900032,94,154,-60
105900033,84,110,-26
105900034,245,195,50
105900035,185,240,-55
105900036,162,92,70
105900037,105,63,42
105900038,188,220,-32
105900039,164,96,68
105900040,67,120,-53
105900041,193,273,-80
105900042,59,134,-75
105900043,1188,62,1126
105900044,4,261,-257
105900045,3,697,-694
105900046,4,240,-236
105900047,24,52,-28
105900048,84,490,-406
105900050,7395,7603,-208
105900051,47,1170,-1123
105900052,653,319,334
105900053,2349,3595,-1246
105900054,319,224,95
105900056,730,471,259
105900057,24,151,-127
105900058,25,12,13
105900059,0,36,-36
106000001,3466,3108,358
106000002,1353,4663,-3310
106000003,3055,4009,-954
106000004,1484,2371,-887
106000005,4171,4869,-698
106000006,4587,2385,2202
106000007,552,547,5
106000008,424,278,146
106000009,647,321,326
106000010,597,588,9
106000011,1210,1109,101
106000012,888,938,-50
106000013,2159,1764,395
106000014,1624,1269,355
106000015,1921,1206,715
106000016,1225,1394,-169
106000017,619,670,-51
106000018,640,400,240
106000019,377,347,30
106000020,384,237,147
106000021,335,337,-2
106000022,361,146,215
106000023,603,259,344
106000024,540,305,235
106000025,119,192,-73
106000026,73,119,-46
106000027,1650,1212,438
106000028,556,267,289
106000029,662,701,-39
106000030,335,551,-216
106000034,177,415,-238
106000035,923,2061,-1138
106000036,155,431,-276
106000037,1478,1050,428
106000038,171,106,65
106000039,124,108,16
106000040,110,882,-772
106000041,640,730,-90
106000043,448,253,195
106000046,342,111,231
106000047,56,533,-477
106000049,1253,271,982
106000050,253,495,-242
106000051,777,530,247
106000052,93,423,-330
106000053,554,106,448
106000054,296,304,-8
106000055,1197,780,417
106000056,283,258,25
106000057,474,255,219
106000058,126,95,31
106000059,389,315,74
106000060,274,366,-92
106000061,235,549,-314
106000062,134,465,-331
106000063,856,588,268
106000064,40,298,-258
106000065,463,316,147
106000066,94,217,-123
106000067,565,133,432
106000068,45,484,-439
106000069,344,74,270
106000070,439,610,-171
106000071,1115,396,719
106000072,2191,1465,726
106000073,1189,3269,-2080
106000074,590,701,-111
106000075,315,1328,-1013
106000076,1557,1803,-246
106000077,2955,1027,1928
106000078,1281,745,536
106000079,855,686,169
106000080,1314,482,832
106000081,678,1002,-324
106000082,2133,667,1466
106000083,463,1418,-955
106000084,1167,595,572
106000085,1219,1470,-251
106000086,544,780,-236
106000087,863,489,374
106000088,382,703,-321
106000089,1038,260,778
106000090,301,475,-174
106000091,279,398,-119
106000092,671,212,459
106000093,310,136,174
106000094,105,209,-104
106000095,980,601,379
106000096,943,500,443
106000097,1389,566,823
106000098,944,756,188
106000099,203,622,-419
106000100,1542,171,1371
106000101,1718,255,1463
106000102,236,584,-348
106000103,350,342,8
106000104,946,367,579
106000105,480,370,110
106000106,740,345,395
106000107,170,194,-24
106000108,352,210,142
106000109,166,181,-15
106000110,298,191,107
106000111,157,190,-33
106000112,290,542,-252
106000113,462,446,16
106000114,463,674,-211
106000115,173,257,-84
106000116,321,188,133
106000117,989,507,482
106000118,1267,1477,-210
106000119,904,691,213
106000120,893,1378,-485
106000121,216,137,79
106000122,178,121,57
106000123,597,69,528
106000124,86,117,-31
106000125,24,148,-124
106000126,362,60,302
106000127,937,522,415
106000128,874,129,745
106000129,418,428,-10
106000130,823,309,514
106000131,124,644,-520
106000132,543,157,386
106000133,1182,1057,125
106000134,429,2311,-1882
106000135,164,427,-263
106000136,614,1059,-445
106000137,79,462,-383
106000138,1308,101,1207
106000139,52,77,-25
106000140,55,20,35
106000141,110,27,83
106000142,99,57,42
106000143,25,35,-10
106000144,32,72,-40
106000145,318,187,131
106000146,413,137,276
106000147,292,325,-33
106000148,416,561,-145
106000149,573,296,277
106000150,518,1904,-1386
106000151,2842,750,2092
106000152,940,2101,-1161
106000153,81,1768,-1687
106000154,901,136,765
106000155,166,274,-108
106000156,1166,258,908
106000157,691,1504,-813
106000158,2153,1032,1121
106000159,2142,1966,176
106000160,544,3020,-2476
106000161,1156,262,894
106000162,369,1082,-713
106000163,465,236,229
106000164,547,276,271
106000165,244,328,-84
106000166,907,302,605
106000167,409,594,-185
106000168,715,259,456
106000169,280,409,-129
106000170,940,203,737
106000171,221,1021,-800
106000172,3047,1299,1748
106000173,1237,2211,-974
106000174,1393,295,1098
106000175,248,585,-337
106000176,1960,803,1157
106000177,736,1665,-929
106000178,3519,1492,2027
106000179,819,1595,-776
106000180,829,890,-61
106000181,1062,1513,-451
106000182,1800,705,1095
106000183,1848,474,1374
106000184,2551,528,2023
106000185,1452,1269,183
106000186,658,175,483
106000187,224,1097,-873
106000188,0,3,-3
106000189,13,48,-35
106000190,31,4,27
106000191,656,167,489
106000192,0,10,-10
106000193,387,216,171
106000194,130,429,-299
106000195,618,284,334
106000196,155,595,-440
106000197,714,296,418
106000198,162,195,-33
106000199,846,996,-150
106000200,219,279,-60
106000201,431,3682,-3251
106000202,2479,596,1883
106000203,33,112,-79
106000204,99,6,93
106000205,11,112,-101
106000206,71,31,40
106000207,29,418,-389
106000208,1578,142,1436
106000209,1765,404,1361
106000210,315,628,-313
106000211,266,1027,-761
106000212,986,483,503
106000213,405,1901,-1496
106000214,1584,893,691
106000215,343,454,-111
106000216,485,267,218
106000217,258,270,-12
106000218,412,338,74
106000219,144,225,-81
106000220,463,224,239
106000221,264,118,146
106000222,88,115,-27
106000223,290,126,164
106000224,278,119,159
106000225,76,123,-47
106000226,90,161,-71
106000228,97,60,37
106000229,116,527,-411
106000231,1069,109,960
106000232,84,232,-148
106000233,656,78,578
106000234,140,221,-81
106000235,1341,113,1228
106000236,373,112,261
106000237,10,14,-4
106000238,275,23,252
106000239,2,133,-131
106000240,26,7,19
106000241,10,456,-446
106000242,253,35,218
106000249,65,52,13
106000250,91,558,-467
106000251,113,27,86
106000252,28,62,-34
106000253,61,48,13
106000254,54,36,18
106000255,24,166,-142
106000256,47,41,6
106000257,183,208,-25
106000258,552,13,539
106000259,12,52,-40
106000260,36,5,31
106000261,1,50,-49
106000262,151,11,140
106000263,27,51,-24
106000264,278,11,267
106000265,9,152,-143
106000266,139,39,100
106000267,7,88,-81
106000268,394,69,325
106000269,33,22,11
106000270,161,362,-201
106000271,77,173,-96
106000272,214,52,162
106000273,5,245,-240
106000274,147,23,124
106000275,183,269,-86
106000276,113,31,82
106000277,128,276,-148
106000278,139,38,101
106000279,17,16,1
106000280,65,37,28
106000281,109,43,66
106000282,79,73,6
106000283,138,55,83
106000284,112,69,43
106000285,108,78,30
106000286,125,119,6
106000287,108,68,40
106000288,122,101,21
106000289,65,48,17
106000290,77,47,30
106000291,107,97,10
106000292,76,95,-19
106000293,113,81,32
106000294,129,103,26
106000295,50,53,-3
106000296,44,77,-33
106000297,72,199,-127
106000298,91,74,17
106000299,66,117,-51
106000300,69,91,-22
106000301,93,114,-21
106000303,34,86,-52
106000304,39,35,4
106000305,53,61,-8
106000306,38,49,-11
106000307,64,24,40
106000308,37,97,-60
106000309,51,60,-9
106000310,293,303,-10
106000311,367,215,152
106000312,122,103,19
106000313,257,168,89
106000318,64,478,-414
106000319,1051,315,736
106000320,1,69,-68
106000321,327,165,162
106000322,167,109,58
106000324,24,110,-86
106000325,1739,998,741
106000326,879,1168,-289
106000327,288,61,227
106000328,34,127,-93
106000329,70,197,-127
106000330,63,86,-23
106000428,117,190,-73
106000429,161,295,-134
106000430,440,989,-549
106000431,2971,512,2459
106000432,1209,2109,-900
106000433,2890,1493,1397
106000434,3383,1916,1467
106000435,1038,2020,-982
106000436,12,153,-141
106000437,320,61,259
106000438,487,249,238
106000439,84,422,-338
106000440,354,362,-8
106000441,1,0,1
106000442,143,6,137
106000443,166,173,-7
106000450,0,102,-102
106000451,25,99,-74
106000454,2,212,-210
106000455,8,111,-103
106000456,106,38,68
106000457,7,529,-522
106000458,1172,77,1095
106000459,167,199,-32
106000460,1792,35,1757
106000461,135,660,-525
106000462,1,32,-31
106000463,5,14,-9
106000464,10,267,-257
106000465,886,11,875
106000466,3,269,-266
106000467,244,379,-135
106000468,100,155,-55
106000469,128,1,127
106000470,221,1776,-1555
106000471,13,374,-361
106000472,159,19,140
106000473,16,11,5
106000474,287,257,30
106000475,328,146,182
106000476,169,216,-47
106000477,20,25,-5
106000480,1,326,-325
106900001,0,8,-8
106900002,0,266,-266
106900003,175,1113,-938
106900004,0,7,-7
106900006,0,7,-7
106900007,0,7,-7
106900008,430,121,309
106900009,386,204,182
106900010,240,204,36
106900012,1086,2921,-1835
106900013,883,170,713
106900014,36,3,33
106900015,14,3,11
106900016,383,15,368
106900017,7,0,7
106900018,9,0,9
106900019,79,3,76
106900020,2095,1684,411
106900021,212,126,86
106900022,945,4,941
106900023,55,165,-110
106900024,834,88,746
106900025,38,684,-646
106900026,1,332,-331
106900027,953,7,946
107000001,3834,5824,-1990
107000002,2018,4136,-2118
107000003,7010,6980,30
107000004,3918,3383,535
107000005,6920,6439,481
107000006,4108,2523,1585
107000007,6398,11380,-4982
107000008,7925,6135,1790
107000009,9592,8713,879
107000010,8299,6488,1811
107000011,857,1055,-198
107000012,3319,2160,1159
107000013,128,45,83
107000014,78,98,-20
107000015,491,482,9
107000016,873,544,329
107000017,3842,5323,-1481
107000018,94,4506,-4412
107000020,3134,4676,-1542
107000021,1568,518,1050
107000022,1176,2573,-1397
107000023,2255,251,2004
107000024,977,1257,-280
107000025,370,462,-92
107000026,431,330,101
107000027,1706,1230,476
107000028,1640,809,831
107000029,4408,3732,676
107000030,2899,2216,683
107000031,5368,3094,2274
107000032,399,748,-349
107000033,2360,3997,-1637
107000034,5825,1312,4513
107000035,417,217,200
107000036,1062,1243,-181
107000037,75,784,-709
107000038,279,242,37
107000039,988,855,133
107000040,241,310,-69
107000041,1666,885,781
107000042,676,2251,-1575
107000043,2303,1215,1088
107000044,507,546,-39
107000045,124,266,-142
107000046,897,502,395
107000047,436,789,-353
107000048,707,323,384
107000049,776,745,31
107000050,1245,489,756
107000051,217,332,-115
107000052,1213,1185,28
107000053,418,332,86
107000054,59,255,-196
107000055,217,112,105
107000056,467,702,-235
107000057,1073,202,871
107000058,2181,2872,-691
107000059,1815,2987,-1172
107000060,5556,5467,89
107000061,4777,3135,1642
107000062,6030,3059,2971
107000063,4405,3649,756
107000064,5315,2963,2352
107000065,4001,3663,338
107000066,2163,3669,-1506
107000067,1445,1506,-61
107000068,1430,978,452
107000069,1284,738,546
107000070,1256,84,1172
107000071,4440,68,4372
107000072,42,1784,-1742
107000073,1053,535,518
107000074,126,699,-573
107000075,2085,613,1472
107000076,440,998,-558
107000077,4480,1632,2848
107000078,2001,2286,-285
107000079,3433,1284,2149
107000080,964,2333,-1369
107000081,2737,630,2107
107000082,608,968,-360
107000083,1722,582,1140
107000084,285,979,-694
107000085,3059,3236,-177
107000086,3251,2835,416
107000087,3437,2110,1327
107000088,3349,3034,315
107000089,1781,1744,37
107000090,1200,779,421
107000091,1891,898,993
107000092,982,720,262
107000093,1465,896,569
107000094,990,876,114
107000095,1094,679,415
107000096,520,540,-20
107000097,949,329,620
107000098,583,361,222
107000099,428,305,123
107000100,311,280,31
107000101,76,203,-127
107000102,232,301,-69
107000103,235,209,26
107000104,179,247,-68
107000105,457,140,317
107000106,205,241,-36
107000107,561,153,408
107000108,142,382,-240
107000109,712,115,597
107000110,51,296,-245
107000111,453,55,398
107000112,26,182,-156
107000113,837,130,707
107000114,105,401,-296
107000115,780,183,597
107000116,101,535,-434
107000117,164,947,-783
107000118,99,127,-28
107000119,1569,1648,-79
107000120,958,586,372
107000121,1212,645,567
107000122,1117,664,453
107000123,573,465,108
107000124,600,587,13
107000125,1291,553,738
107000126,1125,502,623
107000129,296,460,-164
107000130,783,256,527
107000131,422,417,5
107000132,667,289,378
107000133,453,169,284
107000134,318,2,316
107000135,1,333,-332
107000136,773,11,762
107000137,14,520,-506
107000138,259,31,228
107000139,25,621,-596
107000140,2191,125,2066
107000141,133,667,-534
107000142,693,112,581
107000143,69,494,-425
107000144,700,529,171
107000145,143,389,-246
107000146,246,321,-75
107000147,3340,803,2537
107000150,480,3325,-2845
107000151,38,87,-49
107000152,543,1821,-1278
107000153,88,319,-231
107000154,126,338,-212
107000155,1212,33,1179
107000156,1479,44,1435
107000157,128,846,-718
107000158,851,26,825
107000159,35,497,-462
107000160,1601,197,1404
107000161,89,732,-643
107000162,280,740,-460
107000163,239,8,231
107000164,976,0,976
107000165,1740,10,1730
107000166,42,620,-578
107000167,798,184,614
107000168,1129,633,496
107000169,723,603,120
107000170,3372,733,2639
107000171,821,1263,-442
107000172,1565,1833,-268
107000173,602,625,-23
107000174,1478,7246,-5768
107000175,5061,1147,3914
107000176,0,0,0
107000177,4,0,4
107000178,30,17,13
107000179,310,1315,-1005
107000180,1757,262,1495
107000181,473,714,-241
107000182,2460,778,1682
107000183,169,575,-406
107000184,1322,667,655
107000185,567,1038,-471
107000186,1647,507,1140
107000187,1666,1199,467
107000188,764,547,217
107000189,619,935,-316
107000190,823,616,207
107000191,882,758,124
107000192,1901,593,1308
107000193,518,568,-50
107000194,758,612,146
107000197,1096,350,746
107000198,345,593,-248
107000199,979,665,314
107000200,657,683,-26
107000201,570,327,243
107000202,344,499,-155
107000203,1287,1152,135
107000204,1324,1461,-137
107000205,1981,1053,928
107000206,843,1714,-871
107000207,681,1340,-659
107000208,1091,689,402
107000209,1364,1543,-179
107000210,376,258,118
107000211,3,53,-50
107000212,73,355,-282
107000213,3,22,-19
107000214,19,176,-157
107000215,657,329,328
107000216,605,629,-24
107000217,376,111,265
107000219,156,232,-76
107000220,303,174,129
107000222,244,432,-188
107000224,938,111,827
107000225,302,290,12
107000226,777,99,678
107000227,111,161,-50
107000228,211,521,-310
107000229,75,119,-44
107000230,1053,453,600
107000231,982,2187,-1205
107000232,143,45,98
107000233,714,1055,-341
107000234,2,77,-75
107000235,108,8,100
107000236,6,571,-565
107000237,65,1,64
107000238,34,4,30
107000239,3068,548,2520
107000240,72,720,-648
107000241,90,13,77
107000242,272,39,233
107000243,0,40,-40
107000244,1,71,-70
107000246,1,875,-874
107000249,3,1035,-1032
107000251,1,310,-309
107000252,0,571,-571
107000255,262,167,95
107000257,5,433,-428
107000258,5,164,-159
107000259,3,130,-127
107000260,1762,38,1724
107000262,6,304,-298
107000263,373,11,362
107000266,6,9,-3
107000267,66,85,-19
107000268,85,82,3
107000269,134,12,122
107000270,296,105,191
107000271,15,57,-42
107000272,219,5,214
107000273,38,348,-310
107000274,2778,1291,1487
107000275,85,3435,-3350
107000280,1129,30,1099
107000281,37,432,-395
107000282,111,565,-454
107000290,34,41,-7
107000291,9,10,-1
107000292,1,347,-346
107000293,86,3,83
107000294,0,43,-43
107000295,72,4,68
107000296,0,18,-18
107000444,336,3,333
107000496,2,5,-3
107000497,1353,1452,-99
107000500,456,280,176
107000501,115,133,-18
107000502,188,204,-16
107000505,291,649,-358
107000506,1,14,-13
107000508,3,351,-348
107000509,244,749,-505
107000510,45,33,12
107000514,76,296,-220
107000515,17,78,-61
107000516,522,401,121
107000518,1549,2122,-573
107000519,1169,705,464
107000520,124,54,70
107000521,706,286,420
107000522,933,458,475
107900001,120,80,40
107900002,71,21,50
107900003,594,26,568
107900004,124,0,124
107900005,1964,13,1951
107900006,292,9,283
107900007,519,51,468
107900008,82,16,66
107900009,164,9,155
107900010,62,3,59
107900012,347,80,267
107900013,218,19,199
107900014,54,23,31
107900015,1557,15,1542
107900016,363,117,246
107900017,29,5,24
107900018,118,264,-146
107900019,31,27,4
107900020,97,11,86
107900021,125,62,63
107900023,6,7,-1
107900024,1,3,-2
107900025,279,231,48
107900026,84,37,47
107900027,29,46,-17
107900028,151,52,99
107900030,240,41,199
107900031,79,67,12
107900032,27,5,22
107900033,48,13,35
107900034,413,32,381
107900035,1139,88,1051
107900036,104,50,54
107900037,0,2,-2
107900038,79,278,-199
107900039,38,36,2
107900040,66,432,-366
107900041,6,5,1
107900043,55,110,-55
107900044,16,14,2
107900045,152,72,80
107900046,201,230,-29
107900047,39,6,33
107900048,284,33,251
107900049,300,1691,-1391
107900050,53,191,-138
107900051,108,63,45
107900052,38,17,21
107900053,62,65,-3
107900055,749,294,455
107900056,149,94,55
107900057,4,0,4
107900058,38,494,-456
107900060,43,79,-36
107900061,4,16,-12
107900063,68,129,-61
107900064,356,241,115
107900065,364,14,350
107900066,51,6,45
107900067,0,0,0
107900068,196,669,-473
107900069,14,2743,-2729
107900070,215,122,93
107900071,30,508,-478
107900072,203,107,96
107900073,240,76,164
107900074,388,353,35
107900076,187,48,139
107900077,91,0,91
107900078,282,68,214
107900079,12,31,-19
107900080,284,723,-439
107900081,81,87,-6
107900082,11,9,2
107900083,402,160,242
107900084,150,137,13
107900086,100,246,-146
107900087,393,178,215
107900088,55,20,35
107900089,229,1084,-855
107900090,1452,3476,-2024
107900091,124,244,-120
107900092,1300,280,1020
107900093,92,57,35
107900095,2193,2341,-148
107900097,39,68,-29
107900098,83,184,-101
107900100,704,1677,-973
107900101,644,117,527
107900102,32,5,27
107900103,66,190,-124
107900104,184,8,176
107900105,16,231,-215
107900106,4,482,-478
107900107,1750,605,1145
107900108,209,92,117
107900109,2214,38,2176
107900110,81,44,37
107900111,8,422,-414
107900112,104,492,-388
107900113,291,53,238
107900114,232,93,139
107900115,0,22,-22
107900116,267,70,197
107900117,322,262,60
107900118,59,86,-27
107900119,100,332,-232
107900120,28,28,0
107900121,4,175,-171
107900122,2,194,-192
107900123,4,56,-52
107900124,30,58,-28
107900125,27,206,-179
107900126,5,50,-45
107900127,506,373,133
107900128,72,68,4
107900129,103,13,90
107900130,149,19,130
107900131,343,437,-94
107900132,108,218,-110
107900133,1,71,-70
107900134,28,125,-97
107900135,12,98,-86
107900136,22,41,-19
107900137,198,95,103
107900138,95,36,59
107900139,57,58,-1
107900140,109,42,67
107900141,44,23,21
107900142,78,478,-400
107900143,55,18,37
107900144,4,122,-118
107900145,11,75,-64
107900146,83,184,-101
107900147,56,37,19
107900148,113,87,26
107900149,565,144,421
107900150,47,349,-302
107900151,46,74,-28
107900152,11,107,-96
107900153,122,451,-329
107900154,77,26,51
107900155,112,59,53
107900156,5,141,-136
107900157,49,65,-16
107900158,1246,22,1224
107900159,23,534,-511
107900160,145,113,32
107900161,45,82,-37
107900162,0,101,-101
107900163,126,261,-135
107900164,24,43,-19
107900165,26,189,-163
107900166,30,123,-93
107900167,30,31,-1
107900168,75,30,45
107900169,0,271,-271
107900171,1,637,-636
107900172,1,225,-224
107900173,23,74,-51
107900174,190,5,185
107900175,54,33,21
107900176,53,25,28
107900177,5,295,-290
107900178,1,127,-126
107900179,24,119,-95
107900180,401,874,-473
107900181,405,295,110
107900182,0,645,-645
107900183,76,149,-73
107900184,158,140,18
107900185,178,4,174
107900186,48,65,-17
107900187,1,136,-135
107900188,390,152,238
107900189,38,66,-28
107900190,45,145,-100
107900191,68,77,-9
107900193,5,58,-53
107900194,287,9,278
107900195,1184,263,921
107900196,108,58,50
107900197,456,474,-18
107900199,3,432,-429
107900201,90,81,9
107900203,29,56,-27
107900204,162,217,-55
107900205,235,302,-67
107900206,1082,346,736
107900207,21,315,-294
107900208,6,287,-281
107900209,226,110,116
107900210,48,80,-32
107900213,566,550,16
107900214,11,51,-40
107900215,142,454,-312
107900216,152,48,104
107900217,70,95,-25
107900218,11,2258,-2247
107900219,35,60,-25
107900220,147,265,-118
107900221,146,178,-32
107900223,127,339,-212
107900224,95,536,-441
107900225,7,476,-469
107900226,73,50,23
107900227,115,276,-161
107900228,28,84,-56
107900229,0,124,-124
107900230,31,45,-14
107900231,21,151,-130
107900232,107,61,46
107900233,12,54,-42
107900234,176,91,85
107900235,22,131,-109
107900236,164,36,128
107900237,36,252,-216
107900238,48,76,-28
107900239,480,715,-235
107900240,26,56,-30
107900241,15,43,-28
107900242,35,123,-88
107900243,0,44,-44
107900244,338,3,335
107900245,841,38,803
107900246,528,23,505
107900248,376,221,155
107900249,1233,95,1138
107900250,1,260,-259
107900251,66,801,-735
107900252,1295,38,1257
107900253,291,10,281
107900254,73,467,-394
107900255,228,103,125
107900256,1816,2455,-639
107900257,316,141,175
107900258,145,212,-67
107900259,68,2952,-2884
107900261,3,177,-174
107900262,38,104,-66
107900264,434,22,412
107900265,347,177,170
107900267,360,11,349
107900268,4,1,3
107900269,0,3,-3
107900270,0,0,0
107900271,1,22,-21
107900272,36,20,16
107900273,57,63,-6
107900274,146,1,145
107900275,35,0,35
107900276,1,68,-67
107900277,3,95,-92
107900278,420,223,197
107900279,52,116,-64
107900280,2032,2112,-80
107900281,779,4075,-3296
107900282,39,663,-624
107900283,691,607,84
107900284,633,345,288
107900285,127,32,95
107900286,71,79,-8
107900287,342,182,160
107900290,0,245,-245
107900291,634,30,604
107900292,140,100,40
107900293,102,230,-128
107900295,57,34,23
107900297,4,282,-278
107900298,615,588,27
107900299,2357,2857,-500
107900300,92,329,-237
107900301,1349,850,499
107900302,114,32,82
107900303,329,186,143
107900304,489,250,239
107900305,389,8,381
107900306,7,37,-30
107900307,35,219,-184
107900308,211,167,44
107900309,70,0,70
107900310,456,3,453
107900311,12,803,-791
107900312,63,0,63
107900313,1,160,-159
107900314,0,52,-52
107900315,0,51,-51
107900316,47,0,47
107900317,118,10,108
107900318,12,178,-166
107900319,4,125,-121
107900320,14,83,-69
107900321,132,7,125
107900322,1,65,-64
107900323,6,104,-98
107900324,150,2,148
107900325,116,1,115
107900326,451,110,341
107900327,3,58,-55
107900328,80,0,80
107900329,74,108,-34
107900330,7,205,-198
107900331,352,23,329
107900332,363,19,344
107900333,97,17,80
107900334,17,102,-85
107900335,46,48,-2
107900336,61,90,-29
107900337,570,1064,-494
107900338,5,114,-109
107900339,3,17,-14
107900340,0,38,-38
107900341,74,1,73
107900342,147,105,42
107900343,47,8,39
107900344,15,60,-45
107900345,144,60,84
107900346,31,4,27
107900347,19,5,14
107900348,3,1,2
107900349,24,11,13
107900350,12,214,-202
107900351,0,48,-48
108000001,3395,4082,-687
108000002,1817,1940,-123
108000003,3616,4045,-429
108000004,10254,11461,-1207
108000005,8525,6813,1712
108000006,5879,6300,-421
108000007,5504,3880,1624
108000008,3511,4868,-1357
108000009,4422,4863,-441
108000010,2772,3378,-606
108000011,13596,13045,551
108000012,12386,12564,-178
108000014,718,1123,-405
108000015,851,175,676
108000016,321,740,-419
108000017,1220,400,820
108000018,2089,667,1422
108000019,1835,900,935
108000020,1420,488,932
108000021,274,1498,-1224
108000022,341,1066,-725
108000023,1394,230,1164
108000024,310,315,-5
108000025,390,235,155
108000026,850,260,590
108000027,897,373,524
108000028,698,221,477
108000029,598,363,235
108000030,786,200,586
108000031,217,502,-285
108000032,2184,649,1535
108000033,848,863,-15
108000034,2084,516,1568
108000035,654,1537,-883
108000036,392,801,-409
108000037,2028,410,1618
108000038,3122,573,2549
108000039,446,1317,-871
108000040,2241,1090,1151
108000041,634,1684,-1050
108000042,362,164,198
108000043,250,234,16
108000044,759,139,620
108000045,320,289,31
108000046,1692,300,1392
108000047,502,625,-123
108000048,202,279,-77
108000049,1194,260,934
108000050,73,327,-254
108000051,428,189,239
108000052,186,492,-306
108000053,465,249,216
108000054,399,918,-519
108000055,1200,738,462
108000056,851,1212,-361
108000057,704,1637,-933
108000058,2047,4034,-1987
108000059,2440,1635,805
108000060,181,511,-330
108000061,128,195,-67
108000062,1123,643,480
108000063,565,373,192
108000064,280,284,-4
108000065,538,308,230
108000066,1349,722,627
108000067,2321,854,1467
108000068,938,450,488
108000069,216,647,-431
108000070,2246,712,1534
108000071,540,1075,-535
108000072,2014,1116,898
108000073,1053,1164,-111
108000074,730,423,307
108000075,377,591,-214
108000076,1005,644,361
108000077,588,487,101
108000078,2789,1231,1558
108000079,661,970,-309
108000080,1857,415,1442
108000081,582,902,-320
108000082,847,1374,-527
108000083,2266,922,1344
108000084,438,864,-426
108000085,1037,544,493
108000086,645,558,87
108000087,204,2551,-2347
108000088,226,12,214
108000089,442,422,20
108000090,605,173,432
108000091,366,409,-43
108000092,193,56,137
108000093,230,370,-140
108000094,720,100,620
108000095,236,244,-8
108000096,466,174,292
108000097,159,265,-106
108000098,2331,1038,1293
108000099,261,66,195
108000100,104,237,-133
108000101,2104,1817,287
108000102,1715,4068,-2353
108000106,949,1,948
108000107,2,672,-670
108000108,559,42,517
108000109,11,680,-669
108000110,279,323,-44
108000111,186,596,-410
108000112,63,145,-82
108000113,392,197,195
108000115,261,383,-122
108000117,646,473,173
108000118,60,278,-218
108000119,391,257,134
108000120,167,920,-753
108000121,142,317,-175
108000122,705,368,337
108000123,1021,138,883
108000124,467,423,44
108000125,527,204,323
108000126,201,257,-56
108000127,652,311,341
108000128,712,248,464
108000129,484,646,-162
108000130,737,239,498
108000131,964,542,422
108000132,1232,863,369
108000133,1232,539,693
108000134,493,354,139
108000135,1319,496,823
108000136,305,591,-286
108000137,608,188,420
108000138,563,574,-11
108000139,607,259,348
108000140,160,39,121
108000141,37,35,2
108000142,57,66,-9
108000143,65,17,48
108000144,55,6,49
108000145,56,6,50
108000146,83,5,78
108000147,33,7,26
108000148,98,10,88
108000149,30,9,21
108000150,35,6,29
108000151,13,10,3
108000152,134,309,-175
108000153,878,117,761
108000154,37,3,34
108000155,37,30,7
108000156,421,108,313
108000157,193,1474,-1281
108000158,90,1016,-926
108000159,334,187,147
108000160,1810,1321,489
108000161,1872,3454,-1582
108000165,4,248,-244
108000172,2,283,-281
108000173,1213,2365,-1152
108000175,383,107,276
108000178,373,325,48
108000179,157,1014,-857
108000181,91,33,58
108000182,86,13,73
108000183,18,5,13
108000184,668,2821,-2153
108000185,280,312,-32
108000186,202,23,179
108000187,160,324,-164
108000188,865,137,728
108000189,453,1507,-1054
108000190,32,88,-56
108000192,222,257,-35
108000193,542,34,508
108000194,47,5,42
108000195,3,666,-663
108000196,391,187,204
108000198,547,171,376
108000199,1,353,-352
108000200,631,216,415
108000202,2,357,-355
108000203,173,423,-250
108000204,250,87,163
108000205,165,313,-148
108000339,1109,340,769
108000364,88,281,-193
108000365,50,278,-228
108000367,110,174,-64
108000368,13,57,-44
108000369,597,312,285
108000371,0,465,-465
108000372,585,2,583
108000373,244,126,118
108000376,115,54,61
108000377,629,173,456
108000378,9155,11352,-2197
108000379,23,172,-149
108000381,99,6,93
108000382,80,2,78
108000383,0,180,-180
108900001,67,521,-454
108900002,179,60,119
108900003,290,489,-199
108900004,91,460,-369
108900005,81,558,-477
108900006,870,202,668
108900007,452,214,238
108900008,162,140,22
108900009,138,131,7
108900010,399,162,237
108900011,854,366,488
108900012,511,410,101
108900013,225,246,-21
108900014,21,101,-80
108900015,1,158,-157
108900016,0,164,-164
108900017,285,451,-166
108900018,214,306,-92
108900019,44,351,-307
108900020,43,120,-77
108900021,138,146,-8
108900022,118,2,116
108900023,9,49,-40
108900024,53,58,-5
108900025,223,56,167
108900026,9,75,-66
108900027,0,43,-43
108900028,144,167,-23
108900029,67,170,-103
108900030,0,40,-40
108900031,162,216,-54
108900032,3,155,-152
108900033,0,82,-82
108900034,0,107,-107
108900035,292,736,-444
108900036,224,227,-3
108900037,65,207,-142
108900038,0,189,-189
108900039,0,232,-232
108900040,8,78,-70
108900041,3567,3813,-246
108900042,5,433,-428
108900043,49,364,-315
108900044,6,259,-253
108900045,88,245,-157
108900046,41,426,-385
108900047,1,156,-155
108900048,83,569,-486
108900049,1682,2218,-536
108900050,1,135,-134
108900051,0,126,-126
108900052,21,114,-93
108900053,64,304,-240
108900054,52,191,-139
108900055,50,396,-346
108900056,1,85,-84
108900057,1,69,-68
108900058,18,175,-157
108900059,683,72,611
108900060,117,157,-40
108900061,88,43,45
108900062,3,190,-187
108900063,18,168,-150
108900064,335,40,295
108900065,52,150,-98
108900066,619,130,489
108900067,8,162,-154
108900068,16,75,-59
108900069,103,56,47
108900070,27,79,-52
108900071,160,47,113
108900072,1686,628,1058
108900073,27,189,-162
108900074,281,152,129
108900075,54,56,-2
108900076,569,50,519
108900077,81,224,-143
108900078,71,82,-11
108900079,513,168,345
108900080,23,1066,-1043
108900081,26,206,-180
108900082,132,87,45
108900083,12,331,-319
108900084,436,168,268
108900085,1343,175,1168
108900086,145,142,3
108900087,84,161,-77
108900088,1015,463,552
108900089,36,196,-160
108900090,71,142,-71
108900091,115,61,54
108900092,576,298,278
108900093,147,135,12
108900094,199,82,117
108900095,39,223,-184
108900096,255,7,248
108900097,340,175,165
108900098,1391,976,415
108900099,483,151,332
108900100,105,129,-24
108900101,259,285,-26
108900102,80,1389,-1309
108900103,122,157,-35
108900104,130,276,-146
108900105,9,1443,-1434
108900106,617,193,424
108900108,388,50,338
108900109,532,68,464
108900110,259,229,30
108900111,534,334,200
108900112,355,28,327
108900113,40,112,-72
108900114,71,7,64
108900115,133,84,49
108900116,75,18,57
108900117,244,24,220
108900118,761,25,736
108900119,397,27,370
108900120,342,205,137
108900121,322,153,169
108900122,214,22,192
108900123,171,165,6
108900124,606,245,361
108900125,567,6,561
108900126,140,42,98
108900127,236,37,199
108900128,168,38,130
108900129,961,156,805
108900130,450,2,448
108900131,491,9,482
108900132,579,57,522
108900133,370,63,307
108900134,525,153,372
108900135,228,13,215
108900136,47,1,46
108900137,184,7,177
108900138,916,58,858
108900139,730,63,667
108900140,542,144,398
108900141,462,12,450
108900142,105,10,95
108900143,142,1,141
108900144,129,3,126
108900145,220,37,183
108900146,97,0,97
108900147,308,2,306
108900148,57,27,30
108900149,354,201,153
108900150,287,22,265
108900151,94,17,77
108900152,249,15,234
108900153,261,143,118
108900154,5147,439,4708
108900155,298,69,229
108900156,118,5,113
108900157,32,267,-235
108900158,490,35,455
108900159,3,118,-115
108900160,16,191,-175
108900161,19,279,-260
108900162,144,3,141
108900163,5,354,-349
108900164,57,73,-16
108900165,125,59,66
108900167,1075,9678,-8603
108900168,5098,2902,2196
108900169,78,92,-14
108900171,4137,3708,429
108900172,223,55,168
108900173,124,301,-177
108900174,1185,542,643
108900176,123,286,-163
108900177,4131,7216,-3085
108900178,2748,3874,-1126
108900179,472,2183,-1711
108900180,217,296,-79
108900182,41,435,-394
108900183,229,143,86
108900184,639,194,445
108900185,165,312,-147
108900186,124,322,-198
108900187,540,42,498
108900188,915,43,872
108900189,552,121,431
108900190,190,1720,-1530
108900191,235,46,189
108900192,134,200,-66
108900193,130,41,89
108900194,12,192,-180
108900195,81,167,-86
108900196,26,215,-189
108900198,1,303,-302
108900199,219,255,-36
108900200,712,356,356
108900201,573,1144,-571
108900203,539,136,403
108900204,424,20,404
108900205,221,53,168
108900206,663,96,567
108900207,241,168,73
108900208,11,241,-230
108900209,176,356,-180
108900210,197,170,27
108900211,189,648,-459
108900212,342,1641,-1299
108900215,60,272,-212
108900216,358,319,39
108900217,85,2,83
108900218,104,19,85
108900219,69,7,62
108900220,68,28,40
108900221,35,181,-146
108900222,402,25,377
108900223,6,90,-84
108900224,20,104,-84
108900225,3,121,-118
108900226,425,20,405
108900227,140,504,-364
108900230,190,205,-15
108900231,39,170,-131
108900232,1,203,-202
108900233,564,98,466
108900234,404,145,259
108900235,171,464,-293
108900236,27,275,-248
108900237,39,184,-145
108900240,119,82,37
108900241,50,55,-5
108900245,11,1442,-1431
108900249,110,28,82
108900250,238,139,99
108900257,289,200,89
108900258,11,141,-130
108900259,22,36,-14
108900260,8,38,-30
108900261,43,83,-40
108900262,100,90,10
108900263,44,138,-94
108900264,359,274,85
108900265,1810,651,1159
108900266,437,847,-410
108900267,10,178,-168
108900268,8,11,-3
108900269,92,40,52
108900270,118,11,107
108900271,87,18,69
108900272,263,16,247
108900273,448,1714,-1266
108900274,66,23,43
109000001,2468,2073,395
109000002,963,1888,-925
109000003,3019,463,2556
109000004,534,1797,-1263
109000005,2580,579,2001
109000006,737,1642,-905
109000007,1905,652,1253
109000008,637,1439,-802
109000009,3848,1417,2431
109000010,1015,3352,-2337
109000011,4195,2302,1893
109000012,1980,2406,-426
109000013,4871,4099,772
109000014,2398,2256,142
109000015,4075,9408,-5333
109000016,4968,2355,2613
109000017,3066,1237,1829
109000018,1025,1978,-953
109000019,2896,1449,1447
109000020,1047,1583,-536
109000023,275,25,250
109000024,17,163,-146
109000025,350,512,-162
109000026,523,291,232
109000027,125,392,-267
109000028,124,76,48
109000029,132,282,-150
109000030,72,504,-432
109000031,255,228,27
109000032,127,424,-297
109000033,389,202,187
109000034,83,54,29
109000035,15,64,-49
109000036,130,331,-201
109000037,274,2101,-1827
109000038,459,389,70
109000039,1229,1025,204
109000040,3146,13013,-9867
109000041,1794,1856,-62
109000042,576,1392,-816
109000044,520,56,464
109000045,135,277,-142
109000046,403,77,326
109000047,56,371,-315
109000048,850,240,610
109000049,275,507,-232
109000050,424,301,123
109000051,258,239,19
109000052,565,542,23
109000053,280,114,166
109000054,694,402,292
109000055,498,385,113
109000056,419,309,110
109000057,1043,471,572
109000058,576,198,378
109000059,463,1355,-892
109000060,302,373,-71
109000061,607,1483,-876
109000062,147,467,-320
109000063,256,175,81
109000064,392,185,207
109000065,201,148,53
109000066,455,58,397
109000067,81,206,-125
109000068,1047,9,1038
109000069,698,25,673
109000070,12,1739,-1727
109000071,482,64,418
109000072,75,265,-190
109000073,88,116,-28
109000074,34,152,-118
109000075,65,287,-222
109000076,128,247,-119
109000077,254,237,17
109000078,88,168,-80
109000079,108,103,5
109000080,268,85,183
109000081,164,274,-110
109000082,866,137,729
109000083,311,377,-66
109000088,161,353,-192
109000089,341,66,275
109000090,114,302,-188
109000091,462,209,253
109000092,281,406,-125
109000093,307,221,86
109000094,784,4,780
109000095,115,260,-145
109000096,841,261,580
109000097,106,131,-25
109000098,62,129,-67
109000099,875,229,646
109000100,244,527,-283
109000101,2054,508,1546
109000102,491,622,-131
109000103,574,470,104
109000104,2428,444,1984
109000105,481,806,-325
109000106,2184,721,1463
109000107,579,1264,-685
109000108,2350,636,1714
109000109,442,1165,-723
109000110,1414,675,739
109000111,699,1665,-966
109000112,382,126,256
109000113,391,151,240
109000114,162,352,-190
109000115,1080,30,1050
109000116,6,271,-265
109000117,284,52,232
109000118,13,233,-220
109000119,1770,123,1647
109000120,230,510,-280
109000121,754,22,732
109000122,159,435,-276
109000123,39,54,-15
109000124,853,297,556
109000125,1150,259,891
109000126,587,509,78
109000127,1277,194,1083
109000128,548,790,-242
109000129,3285,840,2445
109000130,579,920,-341
109000131,1102,788,314
109000132,702,1181,-479
109000133,328,698,-370
109000134,676,1008,-332
109000135,767,1474,-707
109000136,317,245,72
109000137,349,360,-11
109000138,492,218,274
109000139,638,341,297
109000140,312,250,62
109000141,653,359,294
109000142,167,464,-297
109000143,127,79,48
109000145,157,255,-98
109000146,53,105,-52
109000148,2153,2867,-714
109000149,14,60,-46
109000150,59,290,-231
109000155,1084,654,430
109000156,913,441,472
109000158,179,263,-84
109000159,123,329,-206
109000160,1136,228,908
109000161,451,759,-308
109000162,2135,585,1550
109000163,1288,1376,-88
109000164,1311,1785,-474
109000165,1521,480,1041
109000166,1003,123,880
109000167,116,364,-248
109000170,54,39,15
109000171,69,41,28
109000172,47,52,-5
109000173,23,111,-88
109000174,140,42,98
109000175,60,54,6
109000176,296,177,119
109000177,53,95,-42
109000178,1193,296,897
109000179,3298,6047,-2749
109000180,3734,3949,-215
109000181,25,12,13
109000182,54,23,31
109000183,39,8,31
109000184,44,9,35
109000185,19,29,-10
109000188,899,1124,-225
109000189,4922,767,4155
109000190,1018,353,665
109000191,434,359,75
109000192,502,224,278
109000193,193,144,49
109000194,321,119,202
109000195,155,206,-51
109000196,368,124,244
109000197,251,205,46
109000198,416,83,333
109000199,118,309,-191
109000206,255,32,223
109000207,152,44,108
109000208,128,101,27
109000209,180,116,64
109000210,124,469,-345
109000211,895,451,444
109000214,475,188,287
109000215,143,66,77
109000216,364,307,57
109000217,266,184,82
109000218,612,328,284
109000221,392,759,-367
109000222,938,222,716
109000223,450,465,-15
109000224,33,61,-28
109000225,119,28,91
109000226,28,113,-85
109000227,1448,603,845
109000228,3,1572,-1569
109000231,44,200,-156
109000232,477,199,278
109000236,290,608,-318
109000241,2167,1566,601
109000242,1873,941,932
109000293,23,85,-62
109000361,92,200,-108
109000364,202,469,-267
109000396,2,315,-313
109000397,770,7,763
109000399,112,256,-144
109000400,85,168,-83
109000403,63,1009,-946
109000406,297,4,293
109000407,241,118,123
109000408,0,308,-308
109000410,1059,169,890
109000411,212,12,200
109900001,116,1,115
109900002,1168,31,1137
109900003,326,1,325
109900004,585,86,499
109900005,27,4,23
109900006,646,119,527
109900007,1041,263,778
109900008,0,22,-22
109900009,134,388,-254
109900010,703,52,651
109900011,86,55,31
109900012,334,172,162
109900013,404,171,233
109900014,421,65,356
109900015,401,243,158
109900016,172,24,148
109900017,197,228,-31
109900018,257,37,220
109900019,329,50,279
109900020,45,38,7
109900021,38,19,19
109900022,126,199,-73
109900023,30,5,25
109900024,35,3,32
109900025,20,59,-39
109900026,4,152,-148
109900027,36,17,19
109900028,660,1534,-874
109900029,5,198,-193
109900030,40,5,35
109900031,1,128,-127
109900032,11,274,-263
109900033,2,470,-468
109900034,58,2,56
109900035,20,36,-16
109900036,48,36,12
109900037,28,333,-305
109900038,110,218,-108
109900039,9,0,9
109900040,49,327,-278
109900041,55,240,-185
109900042,66,1628,-1562
109900044,249,184,65
109900045,79,69,10
109900046,46,57,-11
109900047,312,264,48
109900048,0,141,-141
109900049,19,94,-75
109900050,1,68,-67
109900051,1,37,-36
109900052,84,243,-159
109900053,1,132,-131
109900054,1083,206,877
109900055,132,207,-75
109900056,23,228,-205
109900057,6,95,-89
109900058,0,40,-40
109900059,1219,93,1126
109900060,634,107,527
109900061,99,182,-83
109900062,0,75,-75
109900063,9,477,-468
109900064,596,150,446
109900065,54,117,-63
109900066,294,555,-261
109900067,1,132,-131
109900068,88,9,79
109900069,2,27,-25
109900070,52,216,-164
109900071,1,8,-7
109900072,13,107,-94
109900073,519,314,205
109900074,7,26,-19
109900075,53,38,15
109900076,16,128,-112
109900077,28,53,-25
109900078,112,193,-81
109900080,130,170,-40
109900081,16,186,-170
109900082,67,177,-110
109900083,20,66,-46
109900084,74,75,-1
109900085,191,402,-211
109900086,159,627,-468
109900087,203,445,-242
109900089,852,299,553
109900090,508,897,-389
109900091,425,89,336
109900092,1197,63,1134
109900093,1258,200,1058
109900094,62,103,-41
109900095,222,220,2
109900096,44,7,37
109900097,137,4,133
109900098,682,53,629
109900099,258,4,254
109900100,68,0,68
109900101,818,19,799
109900102,570,26,544
109900103,33,36,-3
109900104,859,274,585
109900105,566,29,537
109900106,428,58,370
109900107,1087,81,1006
109900108,244,299,-55
109900109,81,180,-99
109900110,79,272,-193
109900111,268,716,-448
109900112,232,408,-176
109900113,934,683,251
109900114,1329,1226,103
109900115,210,114,96
109900117,1431,102,1329
109900118,186,336,-150
109900119,546,285,261
109900120,82,21,61
109900121,418,491,-73
109900122,581,5,576
109900123,21,113,-92
109900124,44,319,-275
109900125,0,189,-189
109900126,435,62,373
109900128,481,32,449
109900130,4304,3357,947
109900131,43,141,-98
109900132,34,106,-72
109900133,87,191,-104
109900134,78,88,-10
109900135,272,47,225
109900136,95,105,-10
109900137,116,212,-96
109900140,179,136,43
109900142,1758,268,1490
109900145,6,576,-570
109900146,291,40,251
109900148,34,78,-44
109900149,22,53,-31
109900150,7,62,-55
109900151,8,38,-30
109900152,0,26,-26
109900153,0,34,-34
109900154,55,0,55
109900155,74,12,62
109900157,80,160,-80
109900158,60,104,-44
109900159,128,30,98
109900160,167,65,102
109900161,310,82,228
109900162,217,113,104
109900163,591,311,280
109900164,73,178,-105
109900165,507,5,502
109900166,8,141,-133
109900167,141,336,-195
109900168,249,512,-263
109900169,251,119,132
109900170,255,1133,-878
109900171,257,42,215
109900172,243,285,-42
109900173,1673,2582,-909
109900174,47,111,-64
109900175,93,109,-16
109900176,92,142,-50
109900177,44,146,-102
109900178,15,215,-200
109900179,117,13,104
109900180,11,2,9
110000001,841,433,408
110000002,561,723,-162
110000003,838,667,171
110000004,514,620,-106
110000005,385,1885,-1500
110000006,219,350,-131
110000007,105,97,8
110000008,27,70,-43
110000009,49,22,27
110000010,19,71,-52
110000011,39,56,-17
110000012,592,275,317
110000013,36,651,-615
110000014,499,336,163
110000015,205,666,-461
110000016,255,2016,-1761
110000017,3813,279,3534
110000018,2463,288,2175
110000019,7,62,-55
110000020,395,217,178
110000021,544,463,81
110000022,1197,240,957
110000023,7,81,-74
110000024,576,358,218
110000025,662,13,649
110000026,5,191,-186
110000027,1227,815,412
110000028,958,649,309
110000029,423,435,-12
110000030,305,414,-109
110000031,262,289,-27
110000032,820,390,430
110000033,331,158,173
110000034,688,662,26
110000035,800,399,401
110000036,1238,961,277
110000037,158,588,-430
110000038,318,757,-439
110000039,868,4513,-3645
110000040,315,306,9
110000041,303,1841,-1538
110000042,92,842,-750
110000043,984,308,676
110000044,140,2331,-2191
110000045,1228,372,856
110000046,3,22,-19
110000047,31,250,-219
110000048,11,44,-33
110000049,18,15,3
110000050,10,100,-90
110000051,27,5,22
110000052,35,31,4
110000053,256,40,216
110000054,257,478,-221
110000055,512,71,441
110000056,100,93,7
110000057,358,510,-152
110000058,994,554,440
110000059,1060,474,586
110000060,1127,1048,79
110000061,705,602,103
110000062,680,875,-195
110000063,74,201,-127
110000064,54,33,21
110000065,87,82,5
110000066,99,32,67
110000067,118,100,18
110000068,340,62,278
110000069,464,74,390
110000071,298,54,244
110000073,17,9,8
110000075,18,78,-60
110000076,323,535,-212
110000077,357,1400,-1043
110000078,76,44,32
110000080,243,525,-282
110000081,140,245,-105
110000082,36,346,-310
110000083,258,498,-240
110000084,1549,972,577
110000085,1248,1265,-17
110000086,1251,2566,-1315
110000087,23,45,-22
110000088,151,222,-71
110000089,331,74,257
110000090,514,201,313
110000091,753,147,606
110000092,19,60,-41
110000093,41,15,26
110000094,453,166,287
110000095,156,730,-574
110000096,1386,2076,-690
110000097,1127,1694,-567
110000098,1901,733,1168
110000099,764,1660,-896
110000100,1389,359,1030
110000101,53,193,-140
110000102,87,18,69
110000104,470,166,304
110000105,79,312,-233
110000106,665,613,52
110000107,231,312,-81
110000108,151,137,14
110000109,260,311,-51
110000110,2217,5372,-3155
110000111,4022,3369,653
110000112,675,1535,-860
110000113,223,2911,-2688
110000114,235,794,-559
110000115,437,328,109
110000116,69,65,4
110000117,342,177,165
110000118,548,141,407
110000119,333,217,116
110000120,494,162,332
110000121,73,417,-344
110000122,400,409,-9
110000123,745,700,45
110000124,4,800,-796
110000125,1103,5,1098
110000126,283,30,253
110000127,1330,72,1258
110000128,41,1045,-1004
110000129,4,384,-380
110000130,283,236,47
110000131,92,210,-118
110000132,3,493,-490
110000133,36,496,-460
110000134,22,351,-329
110000135,144,28,116
110000136,65,240,-175
110000137,662,481,181
110000138,884,532,352
110000139,1016,659,357
110000140,788,876,-88
110000143,565,347,218
110000144,4580,2136,2444
110000145,2137,1739,398
110000146,2410,1755,655
110000147,580,802,-222
110000148,610,216,394
110000151,1078,1074,4
110000152,740,428,312
110000153,227,16,211
110000154,67,33,34
110000155,1278,4158,-2880
110000156,1113,2543,-1430
110000157,2293,2868,-575
110000160,444,265,179
110000161,221,204,17
110000166,752,80,672
110000167,1043,564,479
110000168,1210,614,596
110000169,952,338,614
110000170,232,60,172
110000171,680,148,532
110000172,181,777,-596
110000173,843,755,88
110000174,167,513,-346
110000175,889,86,803
110000176,546,470,76
110000177,241,917,-676
110000178,416,1897,-1481
110000179,838,336,502
110000180,241,261,-20
110000181,644,441,203
110000182,275,138,137
110000183,6696,8442,-1746
110000184,270,2809,-2539
110000185,1120,959,161
110000186,763,862,-99
110000191,1475,181,1294
110000192,868,25,843
110000193,1391,15,1376
110000194,18,510,-492
110000195,562,252,310
110000196,439,186,253
110000197,120,130,-10
110000198,134,56,78
110000199,115,104,11
110000200,1264,380,884
110000201,1434,1163,271
110000202,1454,598,856
110000203,604,463,141
110000204,6,151,-145
110000205,218,50,168
110000206,520,826,-306
110000207,1514,324,1190
110000208,278,281,-3
110000209,134,970,-836
110000210,1641,432,1209
110000211,1043,719,324
110000212,498,1132,-634
110000213,373,47,326
110000214,347,82,265
110000215,188,299,-111
110000216,152,206,-54
110000217,507,122,385
110000218,183,226,-43
110000219,472,45,427
110000220,105,175,-70
110000221,446,58,388
110000222,68,133,-65
110000223,4,97,-93
110000224,37,12,25
110000225,254,736,-482
110000226,249,66,183
110000227,770,1079,-309
110000228,214,106,108
110000229,0,160,-160
110000230,691,607,84
110000231,223,257,-34
110000232,344,248,96
110000233,351,263,88
110000234,808,1848,-1040
110000235,1061,1229,-168
110000236,796,522,274
110000237,2465,1432,1033
110000238,1213,1270,-57
110000239,2161,1036,1125
110000240,1,54,-53
110000242,1,22,-21
110000243,140,92,48
110000244,136,419,-283
110000245,39,351,-312
110000246,1130,414,716
110000247,1200,2950,-1750
110000248,1861,1000,861
110000249,115,12,103
110000250,193,146,47
110000251,426,258,168
110000252,390,145,245
110000253,1845,501,1344
110000254,610,756,-146
110000255,254,756,-502
110000256,577,363,214
110000257,571,340,231
110000258,9,292,-283
110000259,164,26,138
110000260,54,166,-112
110000263,633,68,565
110000264,455,281,174
110000265,1267,1916,-649
110000266,1594,2902,-1308
110000267,35,175,-140
110000268,355,422,-67
110000269,8,101,-93
110000270,98,2,96
110000271,1166,279,887
110000272,1129,1254,-125
110000273,2656,1694,962
110000274,265,2092,-1827
110000275,1402,617,785
110000276,330,466,-136
110000277,373,298,75
110000278,475,615,-140
110000279,943,740,203
110000280,667,390,277
110000281,73,329,-256
110000282,209,15,194
110000283,30,95,-65
110000284,26,40,-14
110000285,4,809,-805
110000286,17,1,16
110000287,96,21,75
110000288,7,116,-109
110000289,517,2719,-2202
110000290,660,685,-25
110000291,3140,1132,2008
110000292,1335,6000,-4665
110000293,659,613,46
110000294,1368,1241,127
110000295,156,590,-434
110000296,587,305,282
110000297,3004,337,2667
110000298,201,315,-114
110000299,123,72,51
110000301,449,33,416
110000302,690,588,102
110000303,555,9,546
110000304,315,175,140
110000305,1579,23,1556
110000306,243,878,-635
110000307,2118,14,2104
110000308,652,5,647
110000309,6,574,-568
110000310,951,59,892
110000311,7,466,-459
110000312,521,115,406
110000313,2585,2284,301
110000314,0,203,-203
110000315,2649,2820,-171
110000316,462,1120,-658
110000317,358,771,-413
110000318,23,56,-33
110000319,51,11,40
110000320,56,40,16
110000321,97,46,51
110000322,361,279,82
110000323,681,142,539
110000324,2657,1574,1083
110000325,2261,4067,-1806
110000327,537,333,204
110000328,170,354,-184
110000333,1375,883,492
110000334,983,1104,-121
110000335,1068,521,547
110000336,863,736,127
110000337,1944,599,1345
110000338,607,195,412
110000339,454,226,228
110000340,112,194,-82
110000341,523,411,112
110000342,280,4,276
110000343,1,20,-19
110000344,473,260,213
110000345,587,265,322
110000346,2127,1740,387
110000347,1286,795,491
110000348,11,14,-3
110000349,5,15,-10
110000350,86,6,80
110000351,1295,665,630
110000352,647,1458,-811
110000353,2566,511,2055
110000354,912,3247,-2335
110000355,127,90,37
110000356,1393,12,1381
110000357,616,14,602
110000361,71,30,41
110000362,92,42,50
110000363,589,99,490
110000364,313,323,-10
110000365,212,0,212
110000366,1,92,-91
110000367,477,152,325
110000368,2,43,-41
110000369,94,8,86
110000373,0,224,-224
110000374,187,19,168
110000375,159,976,-817
110000376,36,62,-26
110000377,80,499,-419
110000378,29,515,-486
110000379,2244,2268,-24
110000380,104,8,96
110000383,4,1200,-1196
110000384,1285,956,329
110000385,1,239,-238
110000387,152,10,142
110000388,48,179,-131
110000389,812,5,807
110000391,1003,150,853
110000396,213,83,130
110000397,182,94,88
110000398,2,16,-14
110000399,164,1,163
110000587,190,142,48
110000589,250,121,129
110000640,163,37,126
110000652,21,329,-308
110000653,335,316,19
110000654,20,597,-577
110000656,0,280,-280
110000674,30,39,-9
110000675,28,41,-13
110000676,8,66,-58
110000679,166,1304,-1138
110000682,106,232,-126
110000683,292,494,-202
110000684,3,26,-23
110000685,13,8,5
110000686,2,37,-35
110000687,76,7,69
110000688,54,1320,-1266
110000689,45,42,3
110000692,68,149,-81
110000693,81,293,-212
110000694,1,128,-127
110000695,250,600,-350
110000696,57,53,4
110900001,301,16,285
110900002,536,258,278
110900003,1092,322,770
110900004,620,94,526
110900005,1721,3273,-1552
110900006,61,34,27
110900007,160,64,96
110900008,13,28,-15
110900009,562,213,349
110900010,15,49,-34
110900011,46,75,-29
110900012,31,71,-40
110900013,1165,163,1002
110900014,652,40,612
110900015,366,762,-396
110900016,70,86,-16
110900017,578,33,545
110900018,520,71,449
110900019,430,32,398
110900020,174,161,13
110900021,96,350,-254
110900022,79,204,-125
110900023,118,412,-294
110900024,39,248,-209
110900025,11,43,-32
110900027,66,206,-140
110900028,43,106,-63
110900029,16,165,-149
110900030,44,152,-108
110900031,6,104,-98
110900032,1,39,-38
110900033,51,189,-138
110900035,16,522,-506
110900036,115,17,98
110900037,115,28,87
110900038,695,178,517
110900039,9,327,-318
110900040,297,31,266
110900041,13,40,-27
110900042,141,53,88
110900043,10,45,-35
110900044,233,17,216
110900045,58,231,-173
110900046,15,95,-80
110900047,379,392,-13
110900049,155,127,28
110900050,28,4,24
110900051,48,159,-111
110900052,6,133,-127
110900053,132,32,100
110900054,81,133,-52
110900055,25,5,20
110900056,53,116,-63
110900057,7,62,-55
110900058,351,198,153
110900059,565,319,246
110900060,597,117,480
110900061,14,57,-43
110900062,170,166,4
110900063,23,168,-145
110900064,22,0,22
110900065,212,133,79
110900066,16,83,-67
110900067,271,727,-456
110900068,197,181,16
110900069,5,31,-26
110900070,61,24,37
110900071,247,789,-542
110900073,1,19,-18
110900074,547,97,450
110900075,515,69,446
110900077,1330,506,824
110900078,52,37,15
110900079,1533,1400,133
110900080,210,58,152
110900081,10,33,-23
110900082,167,80,87
110900083,179,63,116
110900084,98,49,49
110900085,58,265,-207
110900086,50,389,-339
110900087,503,64,439
110900088,14,4,10
110900090,22,55,-33
110900091,1,48,-47
110900093,292,151,141
110900095,68,50,18
110900097,19,18,1
110900098,54,70,-16
110900099,88,303,-215
110900100,0,9,-9
110900102,79,10,69
110900105,993,187,806
110900108,40,32,8
110900111,525,203,322
110900112,1008,5,1003
110900113,322,64,258
110900115,7,49,-42
110900116,1066,1025,41
110900118,67,4087,-4020
110900119,1927,212,1715
110900120,21,55,-34
110900121,193,3,190
110900122,521,197,324
110900125,493,534,-41
110900127,577,1422,-845
110900128,233,259,-26
110900129,286,1167,-881
110900130,627,645,-18
110900131,598,46,552
110900132,454,110,344
110900133,367,122,245
110900135,71,206,-135
110900136,472,18,454
110900137,64,3,61
110900138,931,884,47
110900139,19,209,-190
110900140,45,7,38
110900141,5,212,-207
110900142,93,123,-30
110900143,212,98,114
110900144,2,374,-372
110900145,184,86,98
110900146,375,282,93
110900147,78,338,-260
110900148,6,207,-201
110900149,7,38,-31
110900150,116,14,102
110900151,13,64,-51
110900152,53,130,-77
110900153,225,71,154
111000001,743,384,359
111000002,606,456,150
111000003,1381,717,664
111000004,429,662,-233
111000005,1354,1295,59
111000006,797,1607,-810
111000007,5057,3504,1553
111000008,1707,3233,-1526
111000009,340,699,-359
111000010,1001,280,721
111000011,289,897,-608
111000012,581,426,155
111000013,340,961,-621
111000014,1562,491,1071
111000017,83,1035,-952
111000018,181,342,-161
111000020,830,1723,-893
111000021,47,101,-54
111000023,83,109,-26
111000025,3653,4252,-599
111000029,77,131,-54
111000030,44,111,-67
111000031,2326,1310,1016
111000032,740,345,395
111000033,332,245,87
111000034,60,295,-235
111000037,1112,588,524
111000038,3029,1951,1078
111000039,1679,1803,-124
111000040,1766,1797,-31
111000041,1149,1118,31
111000042,2159,1957,202
111000043,2074,4309,-2235
111000044,1943,1202,741
111000045,3165,2764,401
111000046,2047,1679,368
111000047,3244,4865,-1621
111000049,429,380,49
111000050,1061,1046,15
111000051,566,849,-283
111000052,608,1296,-688
111000053,404,674,-270
111000054,327,653,-326
111000055,1030,1292,-262
111000056,191,367,-176
111000057,136,320,-184
111000058,607,63,544
111000059,962,255,707
111000060,4932,809,4123
111000061,751,306,445
111000062,1181,403,778
111000063,2193,1113,1080
111000064,795,619,176
111000065,1339,1066,273
111000066,674,428,246
111000067,780,468,312
111000068,666,765,-99
111000069,1670,1881,-211
111000070,823,761,62
111000071,239,434,-195
111000072,1438,570,868
111000073,299,996,-697
111000074,1722,1589,133
111000075,962,562,400
111000076,622,669,-47
111000077,1668,1512,156
111000078,2700,1235,1465
111000079,1070,626,444
111000080,469,587,-118
111000081,1456,4522,-3066
111000082,729,494,235
111000084,818,519,299
111000085,814,936,-122
111000086,2653,851,1802
111000087,739,391,348
111000088,5000,2709,2291
111000089,772,662,110
111000090,687,1088,-401
111000091,850,340,510
111000092,1586,769,817
111000093,843,1110,-267
111000094,2131,921,1210
111000095,724,2298,-1574
111000096,1100,7884,-6784
111000097,3644,1357,2287
111000098,669,799,-130
111000099,515,1077,-562
111000100,423,815,-392
111000101,339,507,-168
111000102,329,507,-178
111000104,814,165,649
111000107,136,731,-595
111000109,1094,293,801
111000110,1745,625,1120
111000111,3126,427,2699
111000112,2174,580,1594
111000113,1015,1857,-842
111000114,1918,4425,-2507
111000115,3922,1120,2802
111000116,1031,846,185
111000117,354,825,-471
111000118,1371,666,705
111000119,1270,740,530
111000120,570,558,12
111000121,296,705,-409
111000122,521,897,-376
111000123,1095,1696,-601
111000124,466,1544,-1078
111000125,242,775,-533
111000126,133,543,-410
111000127,1310,121,1189
111000128,2647,343,2304
111000129,3441,444,2997
111000130,2751,616,2135
111000131,2256,580,1676
111000132,2159,1149,1010
111000133,194,102,92
111000134,137,78,59
111000135,59,142,-83
111000136,426,287,139
111000138,27,1,26
111000140,3,4,-1
111000141,200,326,-126
111000142,10,297,-287
111000143,2,356,-354
111000144,12,1322,-1310
111000145,240,5,235
111000146,109,8,101
111000147,160,14,146
111000148,114,93,21
111000149,8,16,-8
111000150,33,2,31
111000151,5,15,-10
111000153,520,691,-171
111000154,557,219,338
111000155,112,201,-89
111000156,622,715,-93
111000157,238,1099,-861
111000158,985,867,118
111000159,3659,865,2794
111000160,589,364,225
111000161,23,484,-461
111000162,42,106,-64
111000163,734,737,-3
111000164,562,2907,-2345
111000165,737,355,382
111000166,1082,269,813
111000167,128,297,-169
111000168,190,351,-161
111000169,276,492,-216
111000170,369,338,31
111000171,374,474,-100
111000172,220,267,-47
111000173,451,442,9
111000174,272,139,133
111000175,62,412,-350
111000176,521,79,442
111000177,497,120,377
111000178,1926,202,1724
111000179,298,140,158
111000180,317,443,-126
111000181,1727,185,1542
111000182,255,167,88
111000183,455,251,204
111000184,416,200,216
111000185,442,320,122
111000186,407,179,228
111000187,149,138,11
111000188,292,386,-94
111000189,639,498,141
111000190,203,233,-30
111000191,175,225,-50
111000192,190,313,-123
111000193,248,198,50
111000194,65,217,-152
111000195,176,229,-53
111000196,80,101,-21
111000197,529,107,422
111000198,677,68,609
111000199,303,107,196
111000200,550,279,271
111000201,763,176,587
111000202,382,208,174
111000203,431,285,146
111000204,395,1492,-1097
111000213,225,442,-217
111000214,1372,1075,297
111000215,1143,929,214
111000217,1806,848,958
111000218,1499,1048,451
111000219,383,173,210
111000220,943,659,284
111000221,416,165,251
111000224,30,205,-175
111000225,328,285,43
111000226,84,2,82
111000227,18,9,9
111000228,28,513,-485
111000229,54,1248,-1194
111000230,203,201,2
111000231,1051,419,632
111000232,840,648,192
111000233,1373,525,848
111000234,173,491,-318
111000239,82,103,-21
111000240,74,234,-160
111000241,34,223,-189
111000242,301,67,234
111000243,250,390,-140
111000244,758,80,678
111000245,1157,218,939
111000246,637,194,443
111000247,479,556,-77
111000248,760,345,415
111000249,490,362,128
111000250,33,48,-15
111000251,35,64,-29
111000253,11,22,-11
111000255,45,8,37
111000257,41,16,25
111000260,70,806,-736
111000261,1664,76,1588
111000271,55,200,-145
111000273,2493,926,1567
111000274,1376,2484,-1108
111000275,199,33,166
111000276,297,1066,-769
111000277,164,260,-96
111000278,570,230,340
111000291,857,8608,-7751
111000298,675,162,513
111000299,890,200,690
111000300,108,446,-338
111000302,385,64,321
111000303,57,160,-103
111000312,46,47,-1
111000315,3,70,-67
111000320,193,441,-248
111000321,457,144,313
111000322,340,306,34
111000323,323,27,296
111000324,363,212,151
111000325,75,80,-5
111000326,230,223,7
111000327,435,235,200
111000328,292,446,-154
111000329,0,19,-19
111000330,38,6,32
111000331,20,2,18
111000332,573,1128,-555
111000334,312,743,-431
111000335,1299,182,1117
111000337,1696,237,1459
111000338,44,78,-34
111000339,933,171,762
111000340,188,364,-176
111000341,1315,684,631
111000342,149,1276,-1127
111000344,1199,574,625
111000345,164,97,67
111000346,19,225,-206
111000347,181,4,177
111000350,159,112,47
111000351,91,282,-191
111000352,244,91,153
111000353,172,200,-28
111000354,664,90,574
111000355,390,445,-55
111000358,176,614,-438
111000360,260,369,-109
111000361,165,132,33
111000546,1107,418,689
111000547,566,294,272
111000548,191,315,-124
111000549,430,192,238
111000550,73,945,-872
111000551,678,193,485
111000552,961,169,792
111000907,534,12,522
111000908,41,6,35
111000916,2462,182,2280
111000917,49,320,-271
111000918,236,448,-212
111000920,701,11,690
111000921,14,135,-121
111000922,736,183,553
111000924,28,446,-418
111000925,3364,2044,1320
111000926,971,1159,-188
111000927,2868,4508,-1640
111000928,3635,2268,1367
111000929,2136,1249,887
111000930,907,1519,-612
111000931,2273,2679,-406
111000932,3200,1489,1711
111000933,3382,2672,710
111000934,1474,2447,-973
111000935,1986,954,1032
111000936,1180,1474,-294
111000937,1369,1415,-46
111000938,1145,951,194
111000939,796,32,764
111000940,677,64,613
111000941,460,329,131
111000943,721,338,383
111000944,178,184,-6
111000945,111,1019,-908
111001109,589,667,-78
111001110,198,350,-152
111001111,107,1,106
111001112,74,6,68
111001113,3,135,-132
111001114,755,190,565
111001115,36,725,-689
111001116,3159,4703,-1544
111001117,584,2805,-2221
111001120,180,218,-38
111001121,157,132,25
111001122,231,243,-12
111001123,398,46,352
111001124,108,102,6
111001125,3,147,-144
111900001,27,81,-54
111900002,31,347,-316
111900003,3,222,-219
111900004,24,76,-52
111900006,24,70,-46
111900007,218,5,213
111900008,320,5,315
111900009,312,87,225
111900010,199,312,-113
111900012,66,90,-24
111900013,65,45,20
111900014,2702,5285,-2583
111900015,0,39,-39
111900016,0,42,-42
111900017,1,57,-56
111900018,182,12,170
111900019,10,134,-124
111900020,3,40,-37
111900021,32,62,-30
111900022,20,33,-13
111900023,60,67,-7
111900024,16,43,-27
111900025,0,32,-32
111900026,1,36,-35
111900027,6,70,-64
111900028,1,155,-154
111900029,5,58,-53
111900030,13,243,-230
111900031,35,29,6
111900032,1,161,-160
111900033,1,55,-54
111900034,151,368,-217
111900035,102,198,-96
111900036,0,127,-127
111900038,209,443,-234
111900039,45,248,-203
111900040,0,243,-243
111900042,14,89,-75
111900043,2,202,-200
111900044,206,160,46
111900046,46,85,-39
111900048,324,295,29
111900049,19,167,-148
111900050,92,37,55
111900051,5,138,-133
111900052,234,302,-68
111900053,562,2325,-1763
111900054,203,4,199
111900055,13,201,-188
111900056,125,412,-287
111900057,178,24,154
111900058,626,270,356
111900059,1299,798,501
111900060,496,1,495
111900061,2,117,-115
111900062,52,94,-42
111900063,339,285,54
111900064,62,139,-77
111900065,84,41,43
111900066,145,155,-10
111900067,1,254,-253
111900068,40,56,-16
111900069,100,25,75
111900070,194,81,113
111900071,1,157,-156
111900072,50,22,28
111900073,1325,157,1168
111900074,10,121,-111
111900075,84,13,71
111900076,306,72,234
111900077,40,4,36
111900078,441,44,397
111900079,62,50,12
111900080,188,332,-144
111900082,220,44,176
111900083,280,26,254
111900084,150,7,143
111900085,51,129,-78
111900086,48,5,43
111900087,80,0,80
111900088,772,13,759
111900089,153,5,148
111900090,72,54,18
111900091,340,2,338
111900092,172,0,172
111900093,570,16,554
111900094,190,0,190
111900095,319,55,264
111900096,210,8,202
111900097,59,0,59
111900098,393,8,385
111900099,121,0,121
111900100,159,8,151
111900101,189,28,161
111900102,812,253,559
111900103,79,113,-34
111900104,140,68,72
111900105,242,271,-29
111900106,602,30,572
111900110,1108,350,758
111900111,232,81,151
111900112,354,4043,-3689
111900113,205,134,71
111900118,421,101,320
111900119,366,197,169
111900122,139,153,-14
111900123,35,35,0
111900124,29,54,-25
111900125,614,77,537
111900126,383,2,381
111900127,1,319,-318
111900128,6,262,-256
111900129,433,10,423
111900130,284,73,211
111900131,598,3,595
111900132,25,510,-485
111900133,9,206,-197
111900134,5,155,-150
111900135,14,46,-32
111900136,94,148,-54
111900137,58,37,21
111900138,31,28,3
111900139,27,70,-43
111900140,124,16,108
111900141,69,6,63
111900142,123,38,85
111900143,58,138,-80
111900144,0,43,-43
111900145,0,219,-219
111900146,2,98,-96
111900147,83,239,-156
111900148,15,403,-388
111900149,4,152,-148
111900150,11,86,-75
111900151,3,30,-27
111900152,81,89,-8
111900153,768,941,-173
111900154,29,412,-383
111900155,65,125,-60
111900156,87,96,-9
111900157,197,40,157
111900158,663,120,543
111900159,504,47,457
111900160,494,3,491
111900161,354,1,353
111900162,109,207,-98
111900163,21,177,-156
111900164,130,45,85
111901113,825,116,709
111901114,404,229,175
111901115,150,1,149
111901116,71,4,67
111901117,62,74,-12
111901118,48,508,-460
111901119,317,71,246
111901121,97,124,-27
111901122,2,279,-277
111901123,343,181,162
111901124,322,0,322
111901125,619,196,423
111901127,358,863,-505
111901128,8,52,-44
111901129,6,112,-106
111901130,5,113,-108
111901131,1,184,-183
111901132,82,29,53
111901133,83,0,83
111901134,149,4,145
111901135,29,11,18
111901136,41,75,-34
111901137,0,51,-51
111901138,162,36,126
111901139,27,26,1
111901140,4,49,-45
111901141,5,86,-81
111901142,2,86,-84
111901143,0,66,-66
111901144,54,61,-7
111901145,108,349,-241
111901146,188,8,180
112000001,2272,642,1630
112000002,600,1772,-1172
112000003,2436,1161,1275
112000004,759,473,286
112000005,4257,4184,73
112000006,1652,1122,530
112000007,4805,2857,1948
112000008,3041,4314,-1273
112000009,2451,2173,278
112000010,3652,4254,-602
112000011,1300,1328,-28
112000012,4615,5833,-1218
112000013,3040,3633,-593
112000014,2108,3102,-994
112000015,3086,3837,-751
112000016,4521,2713,1808
112000017,1746,4460,-2714
112000024,2027,730,1297
112000026,2275,2491,-216
112000027,864,778,86
112000028,856,1087,-231
112000029,771,962,-191
112000030,148,65,83
112000031,1435,5905,-4470
112000032,274,31,243
112000033,1704,2808,-1104
112000034,194,51,143
112000035,98,629,-531
112000036,522,1437,-915
112000037,1046,1102,-56
112000038,1490,1667,-177
112000039,137,58,79
112000040,52,194,-142
112000041,351,412,-61
112000042,974,465,509
112000050,1382,1455,-73
112000051,1254,1788,-534
112000054,1439,1230,209
112000057,709,414,295
112000058,339,664,-325
112000059,448,615,-167
112000061,2596,1551,1045
112000062,905,1092,-187
112000063,478,2186,-1708
112000064,2830,4460,-1630
112000065,1241,1716,-475
112000066,3900,1811,2089
112000067,614,601,13
112000068,3524,2963,561
112000069,556,1442,-886
112000070,2511,1102,1409
112000071,1183,1938,-755
112000072,3129,959,2170
112000073,1785,1826,-41
112000074,1779,1169,610
112000075,1691,1351,340
112000076,3375,2229,1146
112000077,1032,399,633
112000078,2151,678,1473
112000079,1863,1262,601
112000080,995,774,221
112000081,1169,2196,-1027
112000082,1407,728,679
112000083,646,884,-238
112000084,1416,666,750
112000085,1454,823,631
112000086,1848,944,904
112000087,731,311,420
112000088,969,325,644
112000089,525,398,127
112000090,255,207,48
112000091,550,679,-129
112000092,2343,975,1368
112000093,1448,663,785
112000094,861,731,130
112000095,692,723,-31
112000096,694,547,147
112000097,1901,779,1122
112000098,819,533,286
112000099,955,2093,-1138
112000100,2644,671,1973
112000101,632,614,18
112000102,2071,411,1660
112000103,458,630,-172
112000105,520,849,-329
112000106,2260,367,1893
112000107,11,239,-228
112000108,249,1364,-1115
112000109,57,66,-9
112000110,2351,679,1672
112000111,923,5964,-5041
112000112,4717,820,3897
112000113,858,1438,-580
112000114,3038,1022,2016
112000115,383,341,42
112000116,731,822,-91
112000117,1049,720,329
112000118,1007,631,376
112000119,406,529,-123
112000120,55,265,-210
112000121,175,291,-116
112000122,382,147,235
112000123,928,124,804
112000124,470,86,384
112000125,273,265,8
112000126,402,286,116
112000127,2107,2458,-351
112000128,565,776,-211
112000129,124,87,37
112000130,238,106,132
112000131,44,176,-132
112000132,189,188,1
112000133,545,160,385
112000134,497,252,245
112000135,1763,738,1025
112000136,1301,1338,-37
112000137,2082,2869,-787
112000138,1750,1601,149
112000139,778,778,0
112000140,645,1042,-397
112000141,1214,385,829
112000142,152,391,-239
112000143,1335,205,1130
112000144,228,704,-476
112000145,3082,614,2468
112000146,552,1217,-665
112000147,2957,1879,1078
112000148,1351,1682,-331
112000149,574,404,170
112000150,306,436,-130
112000151,338,258,80
112000152,558,373,185
112000153,129,183,-54
112000154,163,288,-125
112000155,167,110,57
112000157,737,660,77
112000158,410,276,134
112000159,831,324,507
112000167,538,139,399
112000169,395,395,0
112000173,1083,245,838
112000175,490,321,169
112000176,1589,1920,-331
112000177,1086,302,784
112000178,120,231,-111
112000179,345,98,247
112000180,303,288,15
112000181,1361,1267,94
112000182,1688,820,868
112000183,21,29,-8
112000184,455,277,178
112000185,674,344,330
112000187,4595,2671,1924
112000195,205,9,196
112000196,280,7,273
112000197,197,304,-107
112000198,66,325,-259
112000199,813,735,78
112000202,522,3,519
112000216,64,208,-144
112000230,130,5,125
112000231,6,156,-150
112000256,71,252,-181
112000313,62,91,-29
112000314,61,39,22
112000337,271,531,-260
112000352,234,488,-254
112000392,1143,993,150
112000398,2113,840,1273
112000399,1912,2925,-1013
112000400,1702,1686,16
112000401,2342,1429,913
112000402,4479,4145,334
112000403,2000,3690,-1690
112000404,1437,957,480
112000405,2778,3121,-343
112000406,2409,1353,1056
112000407,9485,9165,320
112000408,6071,3928,2143
112000409,1512,2754,-1242
112000410,526,381,145
112000411,3345,2198,1147
112000412,1141,508,633
112000413,5194,7888,-2694
112000414,118,46,72
112000415,142,36,106
112000416,3662,1288,2374
112000417,333,82,251
112000421,46,48,-2
112000422,386,261,125
112000424,1485,3325,-1840
112000425,396,382,14
112000426,199,322,-123
112000427,13,4,9
112000428,467,201,266
112000429,2146,1907,239
112000430,2876,2748,128
112000431,135,139,-4
112000432,608,637,-29
112000433,311,762,-451
112000437,47,110,-63
112900001,89,1,88
112900002,643,524,119
112900003,73,189,-116
112900004,99,141,-42
112900005,318,139,179
112900006,28,190,-162
112900007,76,149,-73
112900008,0,54,-54
112900009,493,190,303
112900010,540,529,11
112900011,78,171,-93
112900012,1,33,-32
112900013,5,244,-239
112900014,6,218,-212
112900015,297,575,-278
112900016,7,148,-141
112900017,32,147,-115
112900018,0,85,-85
112900019,32,124,-92
112900020,330,789,-459
112900021,1,140,-139
112900022,20,60,-40
112900023,1,56,-55
112900024,11,144,-133
112900025,92,204,-112
112900026,5,120,-115
112900027,4,497,-493
112900028,17,104,-87
112900029,13,314,-301
112900030,61,87,-26
112900031,9,252,-243
112900032,200,214,-14
112900034,0,38,-38
112900035,3,244,-241
112900036,55,142,-87
112900037,203,266,-63
112900038,967,101,866
112900039,6,190,-184
112900040,10,1340,-1330
112900041,604,1156,-552
112900042,174,198,-24
112900043,63,66,-3
112900044,403,399,4
112900045,137,220,-83
112900046,157,81,76
112900047,23,65,-42
112900049,333,98,235
112900050,33,483,-450
112900051,206,439,-233
112900052,94,521,-427
112900053,275,231,44
112900054,344,65,279
112900055,120,29,91
112900056,429,235,194
112900057,24,326,-302
112900058,356,428,-72
112900059,122,171,-49
112900060,25,112,-87
112900061,120,97,23
112900062,59,74,-15
112900063,87,27,60
112900064,122,186,-64
112900065,27,83,-56
112900066,319,300,19
112900067,236,121,115
112900068,53,63,-10
112900069,1866,1124,742
112900071,44,10,34
112900072,297,3050,-2753
112900073,521,181,340
112900074,118,333,-215
112900075,1094,1201,-107
112900076,69,51,18
112900078,416,578,-162
112900079,279,40,239
112900080,90,1,89
112900081,69,260,-191
112900082,651,49,602
112900083,177,142,35
112900084,301,187,114
112900086,106,1,105
112900087,1157,214,943
112900088,227,25,202
112900089,1101,50,1051
112900090,126,44,82
112900091,322,8,314
112900092,123,450,-327
112900093,1807,58,1749
112900095,61,0,61
112900096,621,217,404
112900097,83,217,-134
112900098,388,3,385
112900099,950,40,910
112900100,128,1,127
112900101,481,11,470
112900102,228,17,211
112900103,233,6,227
112900104,160,3,157
112900105,13,0,13
112900106,439,162,277
112900107,7,0,7
112900108,12,1,11
112900109,170,1,169
112900110,1878,35,1843
112900111,780,4,776
112900112,476,0,476
112900113,2,4,-2
112900114,236,36,200
112900115,1942,3,1939
112900116,149,34,115
112900117,59,42,17
112900118,9,82,-73
112900119,288,1,287
112900120,658,237,421
112900121,42,104,-62
112900122,30,64,-34
112900123,220,14,206
112900124,8,60,-52
112900125,148,556,-408
112900126,118,130,-12
112900127,414,141,273
112900128,155,533,-378
112900129,0,584,-584
112900130,222,121,101
112900131,14,391,-377
112900132,175,498,-323
112900133,25,1150,-1125
112900134,1,170,-169
112900135,114,57,57
112900137,0,292,-292
112900138,4,128,-124
112900139,136,782,-646
112900141,1023,42,981
112900142,81,271,-190
112900143,17,311,-294
112900144,4,180,-176
112900145,30,364,-334
112900146,5,695,-690
112900147,2,826,-824
112900148,61,1,60
112900149,387,525,-138
112900151,10,65,-55
112900152,3013,614,2399
112900153,1150,2804,-1654
112900154,1,94,-93
112900155,216,31,185
112900156,526,648,-122
112900157,435,69,366
112900158,116,14,102
112900159,308,181,127
112900160,64,170,-106
112900161,162,52,110
112900162,43,20,23
112900163,65,56,9
112900164,53,241,-188
112900165,157,41,116
112900166,14,123,-109
112900167,7,130,-123
112900168,12,3,9
112900169,14,21,-7
112900170,297,278,19
112900172,53,19,34
112900173,181,91,90
112900174,367,73,294
112900175,188,227,-39
112900176,57,65,-8
112900177,253,103,150
112900178,929,3064,-2135
112900179,40,378,-338
112900180,2514,1259,1255
112900181,822,7,815
112900182,97,614,-517
112900183,145,367,-222
112900184,419,474,-55
112900185,256,801,-545
112900186,1041,1308,-267
112900187,106,707,-601
112900188,644,1917,-1273
112900189,4,10,-6
112900190,29,23,6
112900192,787,955,-168
112900193,1346,505,841
112900194,70,67,3
112900195,1439,60,1379
112900196,218,295,-77
112900197,181,329,-148
112900199,756,328,428
112900200,799,177,622
112900201,213,105,108
112900202,555,558,-3
112900203,361,192,169
112900204,728,596,132
112900205,38,8,30
112900206,26,65,-39
112900207,39,0,39
112900208,71,320,-249
112900209,298,287,11
112900210,0,11,-11
112900211,104,48,56
112900212,2,63,-61
112900213,57,15,42
112900214,23,12,11
112900215,20,111,-91
112900216,16,42,-26
112900217,1,38,-37
112900218,111,45,66
112900219,138,4,134
112900220,1,0,1
112900221,29,69,-40
112900222,0,43,-43
112900223,1346,23,1323
112900224,571,297,274
112900225,573,292,281
112900226,199,446,-247
112900227,931,599,332
112900228,75,30,45
112900229,322,26,296
112900230,6620,4589,2031
112900232,368,386,-18
112900233,66,109,-43
112900234,23,34,-11
112900235,62,13,49
112900236,399,14,385
112900237,243,136,107
112900238,10,11,-1
112900239,497,576,-79
113000001,6651,5276,1375
113000002,3879,3402,477
113000003,1950,1655,295
113000004,1628,2474,-846
113000005,1933,1106,827
113000006,1196,1456,-260
113000007,2614,1106,1508
113000008,1873,1469,404
113000009,1479,736,743
113000010,1367,1019,348
113000011,785,1179,-394
113000012,2172,722,1450
113000013,1258,674,584
113000014,1106,1261,-155
113000015,694,226,468
113000016,379,917,-538
113000017,115,294,-179
113000018,433,40,393
113000019,350,273,77
113000020,515,96,419
113000021,1263,467,796
113000022,798,990,-192
113000025,184,294,-110
113000026,586,495,91
113000027,639,771,-132
113000028,870,840,30
113000029,969,736,233
113000030,259,559,-300
113000031,147,307,-160
113000032,231,314,-83
113000033,194,465,-271
113000034,267,321,-54
113000035,41,43,-2
113000036,27,66,-39
113000037,62,31,31
113000038,20,78,-58
113000039,45,271,-226
113000040,68,58,10
113000042,749,550,199
113000051,980,2267,-1287
113000052,1998,714,1284
113000053,546,339,207
113000054,447,734,-287
113000055,1442,421,1021
113000056,1383,766,617
113000058,634,850,-216
113000059,1081,542,539
113000060,313,551,-238
113000061,638,967,-329
113000062,546,320,226
113000063,293,61,232
113000064,55,189,-134
113000065,135,489,-354
113000066,871,104,767
113000067,3099,917,2182
113000068,379,762,-383
113000069,608,706,-98
113000070,3185,911,2274
113000071,547,465,82
113000072,1045,428,617
113000073,352,1209,-857
113000074,955,436,519
113000075,1819,885,934
113000076,556,2036,-1480
113000077,1084,792,292
113000078,524,2218,-1694
113000079,646,1051,-405
113000080,673,1014,-341
113000081,880,994,-114
113000082,1212,1132,80
113000083,638,877,-239
113000084,1719,1276,443
113000085,808,630,178
113000086,1403,1039,364
113000087,1208,928,280
113000088,2447,1339,1108
113000089,873,1698,-825
113000090,224,792,-568
113000091,404,448,-44
113000094,1398,215,1183
113000095,192,624,-432
113000096,82,613,-531
113000097,1281,409,872
113000098,103,28,75
113000099,1200,488,712
113000100,101,354,-253
113000101,269,556,-287
113000102,765,710,55
113000103,1711,331,1380
113000104,579,1977,-1398
113000105,926,398,528
113000106,355,386,-31
113000107,980,722,258
113000108,678,735,-57
113000109,503,1288,-785
113000110,2022,466,1556
113000111,182,546,-364
113000112,355,295,60
113000113,1082,339,743
113000114,265,1460,-1195
113000116,768,272,496
113000117,1381,113,1268
113000118,74,554,-480
113000119,362,427,-65
113000120,56,262,-206
113000121,788,1633,-845
113000124,277,79,198
113000125,66,957,-891
113000127,1637,231,1406
113000128,638,465,173
113000129,487,804,-317
113000133,1613,1669,-56
113000134,4,1555,-1551
113000135,4492,6044,-1552
113000137,1372,3948,-2576
113000139,257,282,-25
113000140,108,260,-152
113000141,240,193,47
113000142,440,1214,-774
113000143,297,158,139
113000144,263,578,-315
113000145,103,91,12
113000146,102,52,50
113000147,238,61,177
113000148,227,101,126
113000149,156,113,43
113000150,618,271,347
113000151,72,42,30
113000152,45,104,-59
113000153,1060,512,548
113000154,689,1688,-999
113000155,382,728,-346
113000156,124,330,-206
113000157,278,718,-440
113000158,754,242,512
113000159,1060,678,382
113000160,588,763,-175
113000161,300,305,-5
113000162,999,360,639
113000163,148,59,89
113000164,17,48,-31
113000166,194,94,100
113000167,73,65,8
113000168,61,87,-26
113000169,311,59,252
113000170,75,110,-35
113000171,43,87,-44
113000172,288,43,245
113000173,109,33,76
113000174,126,266,-140
113000175,425,58,367
113000176,595,133,462
113000177,130,304,-174
113000178,146,253,-107
113000179,347,168,179
113000180,793,1104,-311
113000181,1221,758,463
113000182,156,436,-280
113000183,134,501,-367
113000184,21,91,-70
113000189,373,921,-548
113000190,529,542,-13
113000192,736,2854,-2118
113000193,2749,2166,583
113000194,955,1152,-197
113000195,1619,1509,110
113000196,278,69,209
113000197,1613,1442,171
113000198,91,233,-142
113000199,2004,458,1546
113000201,288,241,47
113000202,4209,1162,3047
113000203,129,164,-35
113000204,773,2727,-1954
113000205,15,24,-9
113000206,14,20,-6
113000207,101,14,87
113000208,43,49,-6
113000209,11,16,-5
113000210,9,19,-10
113000211,111,204,-93
113000212,72,28,44
113000213,26,129,-103
113000214,206,310,-104
113000234,193,493,-300
113000410,111,242,-131
113000411,2131,4269,-2138
113000412,4098,1960,2138
113000413,1524,3255,-1731
113000414,4034,14110,-10076
113000415,1997,2358,-361
113000416,4888,3650,1238
113000417,1982,2602,-620
113000418,4500,3483,1017
113000419,1863,2005,-142
113000420,3839,6576,-2737
113000421,4528,7793,-3265
113000422,10712,11443,-731
113000423,1862,6196,-4334
113000424,2624,9610,-6986
113000425,11,104,-93
113000428,18,43,-25
113000430,4,56,-52
113000432,2306,176,2130
113000433,130,557,-427
113000434,23,78,-55
113000435,46,284,-238
113000436,38,597,-559
113000437,1450,15,1435
113000438,431,15,416
113000439,26,74,-48
113000440,223,27,196
113000441,328,149,179
113000442,227,76,151
113000443,437,128,309
113000444,283,115,168
113000445,158,100,58
113000446,48,92,-44
113000448,214,240,-26
113000449,180,906,-726
113000450,552,2398,-1846
113000451,1380,249,1131
113000452,236,517,-281
113000453,41,534,-493
113000454,449,128,321
113000455,24,440,-416
113000456,2835,2559,276
113000468,935,122,813
113000469,86,312,-226
113000470,347,21,326
113000471,23,314,-291
113000472,135,194,-59
113000474,849,554,295
113000475,1321,1318,3
113000476,1787,1762,25
113000477,4054,1829,2225
113000478,3283,3598,-315
113000479,67,96,-29
113000480,136,318,-182
113000484,0,0,0
113000485,0,0,0
113000486,0,1,-1
113000487,0,0,0
113000488,0,0,0
113000489,0,0,0
113000490,0,0,0
113000491,3,0,3
113000492,2,0,2
113000493,0,0,0
113000495,182,131,51
113000496,128,107,21
113000499,0,0,0
113900001,2,285,-283
113900002,1,52,-51
113900003,1,76,-75
113900004,4,61,-57
113900005,1,64,-63
113900006,0,9,-9
113900007,76,30,46
113900008,28,0,28
113900009,65,1,64
113900010,59,3,56
113900011,110,1,109
113900012,99,2,97
113900013,95,7,88
113900014,648,8,640
113900015,0,42,-42
113900016,31,0,31
113900017,4,54,-50
113900018,286,403,-117
113900019,288,68,220
113900020,188,6,182
113900022,62,4,58
113900023,43,0,43
113900024,78,31,47
113900025,242,36,206
113900026,77,0,77
113900027,14,34,-20
113900028,29,291,-262
113900029,79,101,-22
113900030,299,3,296
113900031,30,3,27
113900032,38,0,38
113900033,105,49,56
113900035,37,0,37
113900036,22,66,-44
113900037,184,290,-106
113900038,54,172,-118
113900039,196,48,148
113900040,14,23,-9
113900041,9,3,6
113900042,82,20,62
113900043,115,97,18
113900044,228,430,-202
113900045,99,3,96
113900046,215,561,-346
113900047,54,108,-54
113900048,122,146,-24
113900049,350,414,-64
113900050,260,270,-10
113900051,289,237,52
113900052,91,121,-30
113900053,695,781,-86
113900054,36,5,31
113900055,95,279,-184
113900056,82,147,-65
113900057,21,61,-40
113900058,89,84,5
113900059,270,231,39
113900060,121,146,-25
113900061,526,264,262
113900062,102,25,77
113900063,107,83,24
113900064,40,71,-31
113900065,542,20,522
113900066,468,180,288
113900067,224,199,25
113900068,589,593,-4
113900069,69,42,27
113900070,163,345,-182
113900071,120,67,53
113900072,75,89,-14
113900073,312,261,51
113900074,165,406,-241
113900075,1181,1531,-350
113900076,218,12,206
113900077,60,140,-80
113900078,44,35,9
113900079,2,35,-33
113900080,569,175,394
113900081,49,113,-64
113900082,119,192,-73
113900083,477,194,283
113900084,247,98,149
113900085,33,221,-188
113900086,48,15,33
113900087,118,88,30
113900088,89,111,-22
113900089,383,34,349
113900090,716,378,338
113900091,16,22,-6
113900092,36,73,-37
113900093,64,927,-863
113900094,512,232,280
113900095,195,155,40
113900096,363,64,299
113900097,25,68,-43
113900098,721,156,565
113900099,3,31,-28
113900100,0,0,0
113900101,11,81,-70
113900102,86,152,-66
113900103,330,302,28
113900104,136,264,-128
113900105,189,105,84
113900106,0,38,-38
113900107,0,12,-12
113900108,161,243,-82
113900109,332,179,153
113900110,97,36,61
113900111,188,81,107
113900112,192,56,136
113900113,1334,393,941
113900114,1,41,-40
113900115,2,53,-51
113900116,98,143,-45
113900117,96,31,65
113900118,282,506,-224
113900119,174,501,-327
113900120,69,46,23
113900121,86,83,3
113900122,546,2584,-2038
113900123,625,183,442
113900124,0,50,-50
113900125,612,114,498
113900126,138,40,98
113900127,401,775,-374
113900128,154,67,87
113900129,5,187,-182
113900130,1,166,-165
113900131,302,70,232
113900132,41,90,-49
113900133,14,45,-31
113900135,351,254,97
113900136,92,49,43
113900137,398,358,40
113900138,25,285,-260
113900139,163,220,-57
113900140,115,419,-304
113900141,617,196,421
113900142,169,57,112
113900143,25,57,-32
113900144,125,342,-217
113900145,414,139,275
113900146,220,64,156
113900148,124,408,-284
113900149,156,117,39
113900150,254,442,-188
113900151,532,134,398
113900152,85,57,28
113900153,183,674,-491
113900154,4,95,-91
113900155,204,288,-84
113900156,162,263,-101
113900157,66,307,-241
113900158,283,681,-398
113900159,25,241,-216
113900160,401,340,61
113900161,74,250,-176
113900162,337,1104,-767
113900163,259,241,18
113900164,392,43,349
113900165,477,289,188
113900166,97,170,-73
113900167,335,38,297
113900168,53,62,-9
113900169,196,296,-100
113900171,345,65,280
113900172,17,90,-73
113900173,21,291,-270
113900174,461,471,-10
113900175,388,159,229
113900176,328,322,6
113900177,314,148,166
113900178,582,129,453
113900179,27,255,-228
113900180,194,77,117
113900181,802,145,657
113900182,755,695,60
113900183,68,77,-9
113900184,2,237,-235
113900185,191,51,140
113900186,54,24,30
113900187,51,121,-70
113900188,53,156,-103
113900189,249,165,84
113900190,199,125,74
113900191,107,178,-71
113900192,8,804,-796
113900193,18,95,-77
113900194,1049,704,345
113900195,227,265,-38
113900196,3,166,-163
113900197,0,83,-83
113900198,30,226,-196
113900199,118,464,-346
113900200,22,199,-177
113900201,0,84,-84
113900202,21,212,-191
113900203,0,35,-35
113900204,23,299,-276
113900205,2,151,-149
113900206,3,102,-99
113900207,1,33,-32
113900208,2,30,-28
113900209,1,50,-49
113900210,484,759,-275
113900211,224,73,151
113900212,205,371,-166
113900214,320,371,-51
113900215,51,93,-42
113900216,270,503,-233
113900217,100,128,-28
113900218,172,72,100
113900219,132,295,-163
113900220,127,144,-17
113900221,390,298,92
113900222,153,626,-473
113900223,226,443,-217
113900224,44,53,-9
113900225,525,154,371
113900226,394,126,268
113900227,515,234,281
113900228,256,725,-469
113900229,45,1012,-967
113900230,2544,3905,-1361
113900231,140,118,22
113900232,141,67,74
113900233,140,52,88
113900234,391,393,-2
113900235,161,30,131
113900236,264,164,100
113900237,224,15,209
113900238,258,719,-461
113900239,53,138,-85
113900240,4,240,-236
113900241,135,56,79
113900242,48,144,-96
113900243,59,346,-287
113900244,166,170,-4
113900245,905,279,626
113900246,23,30,-7
113900247,119,573,-454
113900248,1955,2344,-389
113900249,605,507,98
113900250,62,214,-152
113900251,882,100,782
113900252,625,26,599
113900253,689,60,629
113900254,831,158,673
113900255,623,21,602
113900256,419,12,407
113900257,14,281,-267
113900258,23,262,-239
113900259,701,118,583
113900260,285,11,274
113900261,54,64,-10
113900262,132,344,-212
113900263,103,451,-348
113900264,1,260,-259
113900265,173,249,-76
113900266,37,115,-78
113900267,100,476,-376
113900268,377,391,-14
113900269,55,127,-72
113900270,199,549,-350
113900271,660,592,68
113900273,20,17,3
113900274,72,30,42
113900275,18,57,-39
113900276,3,65,-62
113900277,204,13,191
113900278,226,160,66
113900279,98,63,35
113900280,1510,526,984
113900281,427,1552,-1125
113900282,501,656,-155
113900283,493,491,2
113900284,984,189,795
113900285,133,51,82
113900286,16,51,-35
113900287,85,33,52
113900288,0,112,-112
113900289,455,128,327
113900290,125,310,-185
113900291,74,165,-91
113900292,17,2,15
113900293,6,169,-163
113900294,602,39,563
113900295,398,303,95
113900296,1653,334,1319
113900297,3004,65,2939
113900298,16,1143,-1127
113900299,130,63,67
113900300,3377,4303,-926
113900301,635,508,127
113900302,1523,924,599
113900303,307,713,-406
113900304,0,80,-80
113900305,149,4,145
113900306,78,1,77
113900307,25,0,25
113900308,79,80,-1
113900309,0,373,-373
113900310,0,10,-10
113900311,13,0,13
113900312,161,203,-42
113900313,7,10,-3
114000001,952,1785,-833
114000002,370,240,130
114000003,65,263,-198
114000004,431,326,105
114000005,395,214,181
114000006,1866,1373,493
114000007,727,1183,-456
114000008,1363,2106,-743
114000009,1254,308,946
114000011,2939,1851,1088
114000012,3056,1381,1675
114000013,1936,1125,811
114000014,452,156,296
114000015,2392,294,2098
114000016,277,172,105
114000017,117,496,-379
114000018,148,22,126
114000026,2429,860,1569
114000027,4217,1781,2436
114000028,2399,2848,-449
114000038,376,110,266
114000039,77,31,46
114000040,135,261,-126
114000042,228,187,41
114000043,66,55,11
114000044,345,33,312
114000045,41,48,-7
114000046,3262,3764,-502
114000047,6,61,-55
114000048,89,34,55
114000049,1928,1319,609
114000050,2093,1588,505
114000051,3305,2118,1187
114000052,4894,1994,2900
114000053,117,630,-513
114000054,235,631,-396
114000055,237,20,217
114000056,480,1102,-622
114000057,3917,1933,1984
114000058,264,1932,-1668
114000059,143,491,-348
114000060,496,738,-242
114000061,2280,3538,-1258
114000062,1233,2131,-898
114000063,1311,1264,47
114000064,3060,3602,-542
114000065,1105,1969,-864
114000066,408,484,-76
114000067,30,986,-956
114000068,503,761,-258
114000069,1262,629,633
114000070,2304,1842,462
114000071,965,406,559
114000072,628,177,451
114000073,13,40,-27
114000074,83,22,61
114000075,54,33,21
114000076,21,30,-9
114000077,3,15,-12
114000078,352,296,56
114000079,230,18,212
114000080,35,87,-52
114000081,75,44,31
114000082,46,261,-215
114000083,64,165,-101
114000084,392,83,309
114000085,88,382,-294
114000086,289,230,59
114000087,191,97,94
114000088,42,30,12
114000089,450,277,173
114000090,979,968,11
114000091,1439,759,680
114000092,966,485,481
114000093,1565,828,737
114000094,365,294,71
114000095,308,170,138
114000096,78,244,-166
114000097,138,291,-153
114000098,710,89,621
114000099,869,234,635
114000100,1909,500,1409
114000101,488,322,166
114000102,729,284,445
114000103,132,185,-53
114000104,49,135,-86
114000105,185,98,87
114000106,664,1576,-912
114000107,508,99,409
114000108,842,752,90
114000109,708,1446,-738
114000110,544,927,-383
114000111,2295,1068,1227
114000112,485,1159,-674
114000113,1325,678,647
114000114,976,865,111
114000115,2052,1194,858
114000116,1055,2503,-1448
114000117,3947,592,3355
114000118,3302,566,2736
114000119,2416,489,1927
114000120,526,581,-55
114000121,421,636,-215
114000122,402,307,95
114000123,2501,388,2113
114000124,1127,286,841
114000125,943,973,-30
114000126,2838,210,2628
114000127,322,165,157
114000128,856,233,623
114000130,464,435,29
114000131,339,121,218
114000132,692,372,320
114000133,889,1088,-199
114000134,74,64,10
114000138,40,112,-72
114000139,441,293,148
114000144,991,549,442
114000145,80,94,-14
114000146,91,150,-59
114000147,1565,2352,-787
114000148,1434,1965,-531
114000149,307,362,-55
114000150,301,465,-164
114000151,717,1609,-892
114000152,141,55,86
114000153,521,1844,-1323
114000154,693,471,222
114000155,1620,2542,-922
114000156,818,571,247
114000157,288,954,-666
114000158,948,657,291
114000159,118,367,-249
114000160,104,314,-210
114000161,1087,3506,-2419
114000162,1062,3056,-1994
114000163,32,81,-49
114000165,727,359,368
114000166,630,436,194
114000167,2297,1335,962
114000168,513,492,21
114000169,1344,1426,-82
114000170,1188,1305,-117
114000171,1172,5509,-4337
114000174,181,348,-167
114000176,360,396,-36
114000177,1161,641,520
114000178,46,45,1
114000179,1093,754,339
114000180,261,505,-244
114000181,1812,4389,-2577
114000182,1469,2091,-622
114000183,748,825,-77
114000184,2148,691,1457
114000185,1309,763,546
114000189,1421,185,1236
114000190,3414,539,2875
114000191,47,137,-90
114000192,112,822,-710
114000193,372,1325,-953
114000194,1314,716,598
114000195,237,52,185
114000196,2,96,-94
114000197,1790,10,1780
114000198,720,327,393
114000199,1572,1772,-200
114000200,500,1052,-552
114000201,149,525,-376
114000202,1239,509,730
114000203,429,427,2
114000204,182,349,-167
114000205,264,1026,-762
114000206,680,1134,-454
114000207,509,1094,-585
114000208,404,1545,-1141
114000209,416,1324,-908
114000210,199,730,-531
114000211,1380,1357,23
114000212,1058,890,168
114000213,1573,520,1053
114000214,116,120,-4
114000215,228,65,163
114000216,1691,421,1270
114000217,425,218,207
114000218,206,150,56
114000219,1404,185,1219
114000220,27,510,-483
114000221,1055,173,882
114000222,132,620,-488
114000223,638,196,442
114000224,80,462,-382
114000225,304,393,-89
114000226,260,235,25
114000227,849,490,359
114000228,929,480,449
114000229,1420,956,464
114000230,1697,781,916
114000231,935,1110,-175
114000232,750,169,581
114000233,2420,105,2315
114000234,1166,702,464
114000235,1223,983,240
114000236,0,302,-302
114000237,107,508,-401
114000238,152,170,-18
114000239,180,758,-578
114000240,914,790,124
114000241,251,612,-361
114000242,697,639,58
114000243,1883,769,1114
114000244,706,302,404
114000245,463,605,-142
114000246,115,44,71
114000247,791,519,272
114000248,1491,544,947
114000249,625,479,146
114000250,677,430,247
114000251,537,187,350
114000252,65,36,29
114000253,56,86,-30
114000254,75,35,40
114000255,447,240,207
114000256,770,2687,-1917
114000257,309,735,-426
114000258,549,275,274
114000259,291,194,97
114000260,0,27,-27
114000261,47,41,6
114000262,345,103,242
114000263,8,4,4
114000264,1704,324,1380
114000265,0,1,-1
114000267,3,1738,-1735
114000268,1,743,-742
114000270,138,4,134
114000271,332,62,270
114000283,1660,345,1315
114000285,13,98,-85
114000288,108,229,-121
114000289,1581,106,1475
114000293,271,502,-231
114000294,166,267,-101
114000395,1600,25,1575
114000396,710,617,93
114000402,798,218,580
114000403,336,223,113
114000405,237,251,-14
114000423,396,225,171
114000424,648,166,482
114000425,1138,190,948
114000426,323,957,-634
114000427,74,68,6
114000428,165,230,-65
114000429,7,111,-104
114000432,107,51,56
114000434,22,54,-32
114000435,13,121,-108
114900001,840,549,291
114900002,853,268,585
114900003,820,712,108
114900004,360,478,-118
114900005,646,521,125
114900006,88,104,-16
114900007,401,29,372
114900008,231,99,132
114900010,1312,1877,-565
114900011,234,150,84
114900013,317,198,119
114900015,92,710,-618
114900018,1142,41,1101
114900020,275,89,186
114900022,24,506,-482
114900024,406,153,253
114900025,684,158,526
114900026,66,180,-114
114900027,271,182,89
114900029,25,28,-3
114900030,437,164,273
114900031,543,28,515
114900032,547,29,518
114900033,664,1277,-613
114900034,44,116,-72
114900035,144,254,-110
114900036,187,436,-249
114900037,154,119,35
114900038,188,384,-196
114900039,609,252,357
114900040,106,73,33
114900041,1012,314,698
114900042,1171,385,786
114900043,407,175,232
114900044,158,52,106
114900046,45,84,-39
114900047,232,2536,-2304
114900048,114,187,-73
114900049,6,90,-84
114900050,60,230,-170
114900051,38,313,-275
114900052,133,326,-193
114900053,200,202,-2
114900054,56,69,-13
114900057,227,13,214
114900058,0,71,-71
114900059,143,63,80
114900060,554,899,-345
114900061,152,86,66
114900062,206,260,-54
114900063,91,120,-29
114900064,1970,248,1722
114900065,486,636,-150
114900067,74,355,-281
114900068,58,96,-38
114900069,183,68,115
114900070,705,231,474
114900072,5,305,-300
114900073,1,136,-135
114900074,829,315,514
114900075,497,8,489
114900076,9,308,-299
114900080,1264,245,1019
114900082,2415,2569,-154
114900083,949,1121,-172
114900090,512,237,275
114900091,79,195,-116
114900095,238,98,140
114900096,379,500,-121
114900097,198,4,194
114900098,2,105,-103
114900099,267,10,257
115000001,4166,2213,1953
115000002,4444,5184,-740
115000003,4326,1820,2506
115000004,5071,6543,-1472
115000005,1437,1614,-177
115000006,1301,1421,-120
115000007,165,194,-29
115000008,408,544,-136
115000009,209,223,-14
115000010,252,178,74
115000013,57,210,-153
115000015,40,246,-206
115000016,161,377,-216
115000019,40,490,-450
115000020,99,1029,-930
115000021,211,394,-183
115000022,480,343,137
115000023,331,728,-397
115000024,858,415,443
115000025,977,838,139
115000026,220,328,-108
115000027,365,354,11
115000028,239,663,-424
115000029,702,105,597
115000030,885,1009,-124
115000031,1270,338,932
115000032,5,188,-183
115000033,145,45,100
115000034,53,991,-938
115000035,1034,74,960
115000036,1,306,-305
115000037,649,19,630
115000038,50,159,-109
115000039,2585,3718,-1133
115000040,3813,2514,1299
115000041,1666,3833,-2167
115000042,952,614,338
115000043,4384,2460,1924
115000044,3565,2712,853
115000045,2490,1061,1429
115000046,2818,2290,528
115000047,2646,1286,1360
115000048,1669,1531,138
115000049,1499,2566,-1067
115000050,3402,1581,1821
115000051,1559,3596,-2037
115000052,1552,1594,-42
115000053,1890,2002,-112
115000054,496,933,-437
115000055,186,751,-565
115000056,184,526,-342
115000057,740,1139,-399
115000058,644,389,255
115000059,253,184,69
115000061,122,173,-51
115000062,250,247,3
115000063,531,271,260
115000064,250,98,152
115000065,71,634,-563
115000067,186,22,164
115000069,101,219,-118
115000070,37,668,-631
115000071,84,14,70
115000072,5,54,-49
115000073,1282,91,1191
115000075,111,68,43
115000076,2601,2075,526
115000077,2509,1371,1138
115000078,1537,957,580
115000079,1668,1332,336
115000080,2817,1597,1220
115000081,396,704,-308
115000082,4732,3728,1004
115000083,1964,1286,678
115000084,2990,1013,1977
115000085,887,646,241
115000086,1251,658,593
115000087,354,1256,-902
115000088,1893,609,1284
115000089,1172,1085,87
115000090,461,870,-409
115000091,216,601,-385
115000092,749,460,289
115000093,506,7,499
115000094,4919,6278,-1359
115000095,3664,6583,-2919
115000096,805,935,-130
115000097,1318,993,325
115000098,1454,604,850
115000099,2814,1882,932
115000100,1281,292,989
115000101,510,1136,-626
115000102,490,234,256
115000103,266,455,-189
115000105,84,101,-17
115000106,746,310,436
115000107,209,281,-72
115000108,2274,1943,331
115000109,3610,5241,-1631
115000110,1403,2071,-668
115000111,639,1290,-651
115000112,914,1059,-145
115000113,777,872,-95
115000114,1781,693,1088
115000116,3290,2283,1007
115000117,2948,3029,-81
115000118,3091,1812,1279
115000119,2475,2173,302
115000120,620,1478,-858
115000121,891,700,191
115000122,1832,2175,-343
115000123,1000,2752,-1752
115000124,669,1115,-446
115000125,378,637,-259
115000126,153,294,-141
115000127,348,139,209
115000128,393,711,-318
115000129,241,507,-266
115000130,456,517,-61
115000131,991,219,772
115000132,429,204,225
115000133,802,178,624
115000134,495,226,269
115000135,400,150,250
115000136,319,195,124
115000137,83,154,-71
115000138,437,255,182
115000139,229,141,88
115000140,425,198,227
115000141,285,169,116
115000142,186,138,48
115000143,1040,489,551
115000144,472,77,395
115000145,284,187,97
115000146,666,344,322
115000147,368,310,58
115000148,301,584,-283
115000149,764,264,500
115000150,670,455,215
115000151,1449,518,931
115000152,699,514,185
115000153,1358,498,860
115000154,1027,286,741
115000155,644,632,12
115000156,952,672,280
115000157,567,661,-94
115000158,471,482,-11
115000159,521,615,-94
115000160,592,668,-76
115000161,552,371,181
115000162,531,849,-318
115000163,499,627,-128
115000164,675,581,94
115000165,267,478,-211
115000167,121,65,56
115000168,432,270,162
115000169,457,421,36
115000170,105,144,-39
115000171,239,213,26
115000172,704,572,132
115000173,332,784,-452
115000174,174,379,-205
115000175,292,163,129
115000176,160,159,1
115000177,207,182,25
115000178,12,179,-167
115000179,37,49,-12
115000180,137,347,-210
115000181,891,116,775
115000182,1124,292,832
115000183,482,467,15
115000186,625,237,388
115000187,273,546,-273
115000188,370,427,-57
115000189,180,445,-265
115000190,664,387,277
115000191,141,509,-368
115000194,146,185,-39
115000195,255,326,-71
115000196,238,78,160
115000197,229,158,71
115000198,490,122,368
115000199,463,114,349
115000200,497,91,406
115000201,148,247,-99
115000206,524,76,448
115000207,270,186,84
115000208,281,480,-199
115000209,888,367,521
115000210,222,128,94
115000211,172,203,-31
115000212,1093,358,735
115000224,402,71,331
115000225,72,117,-45
115000229,139,109,30
115000230,121,348,-227
115000231,221,865,-644
115000232,2155,317,1838
115000233,206,138,68
115000234,24,282,-258
115000241,122,179,-57
115000242,151,193,-42
115000243,42,147,-105
115000244,14,94,-80
115000246,33,25,8
115000247,35,28,7
115000248,26,20,6
115000249,17,7,10
115000250,264,48,216
115000251,253,68,185
115000252,112,165,-53
115000253,15,336,-321
115000258,361,113,248
115000259,312,139,173
115000261,29,23,6
115000262,15,23,-8
115000263,8,36,-28
115000264,32,33,-1
115000267,93,68,25
115000268,48,77,-29
115000269,136,63,73
115000270,3,10,-7
115000272,63,100,-37
115000273,542,27,515
115000280,1733,338,1395
115000281,315,886,-571
115000282,815,1179,-364
115000284,237,149,88
115000296,1077,13,1064
115000297,133,230,-97
115000298,53,500,-447
115000300,260,156,104
115000302,732,59,673
115000303,931,89,842
115000304,1136,64,1072
115000305,135,445,-310
115000306,258,216,42
115000307,122,166,-44
115000308,17,15,2
115000309,16,61,-45
115000310,1240,533,707
115000311,1292,1002,290
115000313,87,294,-207
115000314,686,181,505
115000315,675,586,89
115000316,75,147,-72
115000317,212,317,-105
115000318,877,346,531
115000319,38,212,-174
115000320,12,294,-282
115000321,251,10,241
115000322,63,130,-67
115000449,203,186,17
115000557,2,1757,-1755
115000558,461,110,351
115000587,704,297,407
115000588,1910,2083,-173
115000589,3845,1902,1943
115000590,1338,1412,-74
115000591,1929,819,1110
115000592,525,1967,-1442
115000593,1493,724,769
115000594,469,2604,-2135
115000609,219,157,62
115000617,963,3741,-2778
115000624,380,44,336
115000633,464,1796,-1332
115000634,2793,821,1972
115000635,610,90,520
115000638,384,562,-178
115000641,41,146,-105
115000642,290,247,43
115000643,135,370,-235
115000644,135,298,-163
115000646,856,1553,-697
115000647,187,431,-244
115000648,2394,1305,1089
115000893,2088,1341,747
115000894,148,764,-616
115000895,284,500,-216
115000896,1038,341,697
115000897,581,114,467
115000898,454,246,208
115000899,248,1142,-894
115000900,41,262,-221
115000901,47,131,-84
115000912,437,91,346
115000913,2,10,-8
115000915,23,0,23
115000916,2,1,1
115000917,0,7,-7
115000918,44,496,-452
115000919,1,15,-14
115000920,23,45,-22
115000921,322,159,163
115000922,457,804,-347
115000923,222,1052,-830
115000925,185,113,72
115000927,44,74,-30
115000933,98,210,-112
115000934,190,154,36
115000935,134,69,65
115000936,43,987,-944
115000937,574,177,397
115000938,52,233,-181
115000939,26,171,-145
115900001,166,22,144
115900002,90,84,6
115900003,224,54,170
115900004,0,22,-22
115900005,274,20,254
115900006,201,185,16
115900008,91,10,81
115900009,106,129,-23
115900010,454,98,356
115900011,391,244,147
115900012,284,38,246
115900013,351,158,193
115900014,144,147,-3
115900015,166,33,133
115900016,149,43,106
115900017,27,8,19
115900018,179,46,133
115900019,121,12,109
115900020,147,5,142
115900021,867,226,641
115900022,774,9,765
115900023,13,6,7
115900025,55,344,-289
115900026,704,131,573
115900027,1,155,-154
115900028,482,64,418
115900029,16,255,-239
115900030,39,33,6
115900031,155,344,-189
115900032,479,591,-112
115900033,3,34,-31
115900034,26,209,-183
115900035,48,26,22
115900036,50,1260,-1210
115900037,36,210,-174
115900038,73,17,56
115900039,194,141,53
115900041,290,730,-440
115900042,42,10,32
115900043,133,44,89
115900044,225,332,-107
115900046,366,155,211
115900047,171,218,-47
115900049,231,152,79
115900051,2,23,-21
115900052,13,101,-88
115900053,317,142,175
115900054,365,26,339
115900055,12,97,-85
115900056,209,185,24
115900057,105,18,87
115900058,27,33,-6
115900060,116,143,-27
115900061,328,1,327
115900062,40,144,-104
115900063,61,10,51
115900064,148,163,-15
115900065,160,76,84
115900066,115,80,35
115900067,5,305,-300
115900068,1754,1384,370
115900069,86,182,-96
115900070,203,97,106
115900071,1,165,-164
115900072,39,130,-91
115900073,93,115,-22
115900074,2,175,-173
115900075,13,173,-160
115900076,8,40,-32
115900077,5,113,-108
115900078,84,117,-33
115900079,364,22,342
115900080,242,163,79
115900081,38,49,-11
115900082,123,110,13
115900084,707,20,687
115900085,28,52,-24
115900086,1033,511,522
115900088,10,66,-56
115900089,419,502,-83
115900090,553,12,541
115900091,3,23,-20
115900092,39,78,-39
115900093,7,24,-17
115900094,6,175,-169
115900096,6,10,-4
115900097,23,202,-179
115900098,225,197,28
115900099,212,50,162
115900100,16,308,-292
115900101,215,126,89
115900102,101,68,33
115900103,329,105,224
115900104,91,66,25
115900105,334,279,55
115900106,123,15,108
115900107,148,74,74
115900108,188,40,148
115900109,44,247,-203
115900110,7,8,-1
115900111,2,83,-81
115900112,38,493,-455
115900113,91,44,47
115900114,8,86,-78
115900115,143,200,-57
115900116,98,547,-449
115900117,80,21,59
115900118,3,144,-141
115900119,204,141,63
115900120,28,163,-135
115900121,263,160,103
115900124,323,738,-415
115900125,416,38,378
115900126,865,63,802
115900127,836,44,792
115900128,5,72,-67
115900129,735,57,678
115900130,9,212,-203
115900131,356,23,333
115900132,692,3,689
115900134,389,13,376
115900135,256,1330,-1074
115900137,30,15,15
115900139,37,89,-52
115900140,382,55,327
115900141,5,51,-46
115900142,6,31,-25
115900143,326,423,-97
115900144,128,227,-99
115900146,37,57,-20
115900147,212,285,-73
115900148,55,2,53
115900149,154,12,142
115900150,132,23,109
115900151,14,122,-108
115900152,189,280,-91
115900153,228,160,68
115900154,422,318,104
115900155,0,14,-14
115900156,749,1085,-336
115900157,228,552,-324
115900158,10,10,0
115900159,249,149,100
115900160,3,4,-1
115900161,101,107,-6
115900163,263,101,162
115900164,727,24,703
115900165,3,147,-144
115900166,224,126,98
115900168,193,139,54
115900171,129,319,-190
115900172,76,121,-45
115900173,243,113,130
115900174,226,239,-13
115900175,175,208,-33
115900178,6,294,-288
115900179,362,9,353
115900180,39,103,-64
115900181,234,105,129
115900182,570,92,478
115900183,75,78,-3
115900184,781,10,771
115900187,4,140,-136
115900189,0,266,-266
115900190,248,1496,-1248
115900191,20,196,-176
115900192,8,99,-91
115900193,339,112,227
115900194,849,67,782
115900195,396,2402,-2006
115900198,249,261,-12
115900199,256,116,140
115900200,231,266,-35
115900201,332,365,-33
115900202,7,100,-93
115900203,6,28,-22
115900204,0,5,-5
115900205,91,14,77
115900206,358,167,191
115900207,39,18,21
115900208,127,70,57
115900209,5,86,-81
115900210,2,103,-101
115900211,2,135,-133
115900212,208,188,20
115900213,179,145,34
115900214,619,151,468
115900215,37,221,-184
115900216,24,75,-51
115900217,48,43,5
115900218,3,31,-28
115900219,156,0,156
115900220,280,17,263
115900221,90,5,85
115900222,86,47,39
115900223,5,567,-562
115900224,730,1581,-851
115900225,49,56,-7
115900226,30,58,-28
115900227,10,57,-47
115900228,12,43,-31
115900229,5,46,-41
115900230,44,96,-52
115900231,134,9,125
115900232,51,16,35
115900233,122,13,109
115900234,94,21,73
115900235,32,48,-16
115900236,126,47,79
115900237,54,27,27
115900238,118,14,104
115900239,28,20,8
115900240,19,30,-11
115900241,323,93,230
115900242,206,330,-124
115900243,6,9,-3
115900244,12,6,6
115900245,71,7,64
115900246,31,8,23
115900247,17,12,5
115900248,8,4,4
115900249,14,15,-1
115900250,11,6,5
115900251,6,7,-1
115900252,5,2,3
115900253,9,17,-8
115900254,8,26,-18
115900255,1,28,-27
115900256,11,21,-10
115900257,5,4,1
115900258,0,3,-3
115900259,8,2,6
115900260,4,2,2
115900261,1,3,-2
115900262,7,1,6
115900263,10,0,10
115900264,11,2,9
115900265,3,7,-4
115900266,2,17,-15
115900267,2,24,-22
115900268,5,10,-5
115900269,738,294,444
115900270,428,150,278
115900271,188,1,187
115900272,54,3,51
115900273,11,28,-17
115900274,0,4,-4
115900275,0,11,-11
115900276,0,13,-13
115900277,0,20,-20
115900278,47,79,-32
115900279,17,219,-202
115900280,21,543,-522
115900281,251,325,-74
115900282,7,18,-11
115900283,7,28,-21
115900284,17,4,13
116000001,6847,3160,3687
116000002,4687,14567,-9880
116000003,1276,1298,-22
116000004,3329,4892,-1563
116000005,1557,3044,-1487
116000006,2699,3051,-352
116000007,2484,3496,-1012
116000008,5040,2787,2253
116000009,1189,1493,-304
116000010,2828,1858,970
116000011,663,1349,-686
116000012,2035,1242,793
116000013,5503,3629,1874
116000014,7463,14298,-6835
116000015,159,1586,-1427
116000016,4574,4491,83
116000017,35,811,-776
116000018,726,294,432
116000019,1049,288,761
116000020,660,855,-195
116000021,672,294,378
116000022,382,311,71
116000023,1337,949,388
116000024,616,661,-45
116000025,980,991,-11
116000026,1685,2538,-853
116000027,833,740,93
116000028,472,1336,-864
116000029,545,778,-233
116000030,648,569,79
116000031,168,279,-111
116000032,335,167,168
116000033,399,432,-33
116000034,946,809,137
116000035,421,724,-303
116000036,1164,1480,-316
116000037,513,467,46
116000038,229,595,-366
116000039,433,548,-115
116000040,583,571,12
116000041,138,469,-331
116000042,571,382,189
116000043,105,609,-504
116000044,15,34,-19
116000045,1895,1683,212
116000046,1124,1758,-634
116000047,1658,2394,-736
116000048,2190,1977,213
116000049,1458,3372,-1914
116000050,1554,1345,209
116000051,6432,2845,3587
116000052,6392,4910,1482
116000053,2378,894,1484
116000054,972,2499,-1527
116000055,911,881,30
116000056,1218,1248,-30
116000057,2834,1348,1486
116000058,3128,2646,482
116000059,2821,4364,-1543
116000060,1781,950,831
116000061,615,1118,-503
116000062,451,199,252
116000063,557,1281,-724
116000066,269,716,-447
116000067,192,416,-224
116000068,223,262,-39
116000069,286,250,36
116000078,616,1244,-628
116000080,1862,741,1121
116000082,2,38,-36
116000083,1960,400,1560
116000084,1696,2465,-769
116000085,2278,2031,247
116000086,1053,604,449
116000087,2657,1841,816
116000088,764,779,-15
116000089,197,73,124
116000090,107,140,-33
116000091,368,390,-22
116000093,724,637,87
116000094,709,424,285
116000095,977,589,388
116000096,946,1674,-728
116000097,1135,512,623
116000098,83,8177,-8094
116000099,4793,252,4541
116000100,293,18,275
116000101,1036,457,579
116000102,241,749,-508
116000103,484,287,197
116000104,276,808,-532
116000105,1399,163,1236
116000106,1014,738,276
116000107,4215,246,3969
116000108,714,208,506
116000111,164,33,131
116000113,172,165,7
116000114,43,110,-67
116000115,404,109,295
116000116,226,277,-51
116000117,1706,1695,11
116000118,1620,1065,555
116000119,4065,2019,2046
116000120,3100,2796,304
116000121,1174,563,611
116000122,1007,911,96
116000123,1409,392,1017
116000124,408,639,-231
116000125,3427,866,2561
116000126,297,976,-679
116000127,932,872,60
116000128,2129,877,1252
116000129,1667,243,1424
116000130,698,635,63
116000133,1542,735,807
116000134,1638,1241,397
116000135,3251,1381,1870
116000136,854,1471,-617
116000137,1390,739,651
116000138,864,640,224
116000139,1638,2398,-760
116000140,168,148,20
116000141,356,382,-26
116000142,2942,2038,904
116000143,1844,1810,34
116000144,1480,1503,-23
116000145,2043,1127,916
116000146,773,112,661
116000147,196,119,77
116000148,770,634,136
116000149,828,833,-5
116000151,533,329,204
116000153,100,268,-168
116000155,172,286,-114
116000156,472,821,-349
116000157,90,15,75
116000158,386,371,15
116000159,24,19,5
116000160,12,40,-28
116000161,5,70,-65
116000162,59,93,-34
116000163,30,23,7
116000164,3,16,-13
116000177,403,143,260
116000194,82,375,-293
116000195,1311,512,799
116000196,40,3,37
116000197,8,13,-5
116000198,2297,1142,1155
116000200,639,744,-105
116000201,570,628,-58
116000202,17,172,-155
116000203,2,62,-60
116000204,11,34,-23
116000205,0,131,-131
116000206,1,163,-162
116000207,20,63,-43
116000233,197,345,-148
116000287,199,236,-37
116000288,430,192,238
116000292,85,84,1
116000296,5,107,-102
116000297,164,7,157
116000304,203,32,171
116000305,26,34,-8
116000346,227,102,125
116000352,117,64,53
116000354,32,24,8
116000357,20,29,-9
116000358,447,85,362
116000361,53,3,50
116000372,3218,5310,-2092
116000381,134,9,125
116000388,5,31,-26
116000389,923,510,413
116000445,592,310,282
116000446,682,301,381
116000447,21,529,-508
116000448,517,113,404
116000563,785,1035,-250
116000565,55,300,-245
116000568,76,385,-309
116000579,33,119,-86
116000584,21,2,19
116000585,27,19,8
116000586,81,68,13
116000587,504,651,-147
116000589,34,37,-3
116000590,95,54,41
116000591,290,160,130
116000592,23,55,-32
116000593,3,12,-9
116000594,839,222,617
116000595,687,73,614
116000596,108,4,104
116000597,507,165,342
116000598,17,103,-86
116000602,45,512,-467
116000605,167,104,63
116000606,51,290,-239
116000607,4,55,-51
116000609,127,1057,-930
116000611,178,258,-80
116000612,968,1960,-992
116000613,763,335,428
116000614,354,335,19
116000615,4,362,-358
116000616,53,65,-12
116000617,132,26,106
116000618,2,36,-34
116000619,97,95,2
116000620,190,105,85
116000621,66,112,-46
116000622,105,160,-55
116000624,282,106,176
116000627,89,7,82
116000628,60,223,-163
116000629,35,201,-166
116000630,614,32,582
116000631,258,44,214
116000632,837,160,677
116000633,61,170,-109
116000634,677,33,644
116000635,2157,2686,-529
116000636,433,1194,-761
116000637,491,15,476
116000638,30,204,-174
116900001,213,185,28
116900002,240,4,236
116900003,39,25,14
116900004,59,74,-15
116900005,300,54,246
116900006,49,306,-257
116900007,123,156,-33
116900008,551,157,394
116900009,17,4,13
116900010,0,733,-733
116900011,12,16,-4
116900012,222,196,26
116900013,4,100,-96
116900014,212,104,108
116900015,626,51,575
116900016,262,3,259
116900017,4,337,-333
116900018,129,41,88
116900019,2,185,-183
116900020,548,1589,-1041
116900023,150,22,128
116900024,802,41,761
116900025,1479,626,853
116900026,88,434,-346
116900027,58,39,19
116900028,1,73,-72
116900029,1,117,-116
116900031,1,4,-3
116900032,4,213,-209
116900033,36,0,36
116900034,2,60,-58
116900035,180,153,27
116900036,4,126,-122
116900038,22,1,21
116900041,73,5,68
116900042,344,222,122
116900043,44,46,-2
116900047,24,186,-162
116900049,28,212,-184
116900050,145,364,-219
116900051,199,91,108
116900052,162,72,90
116900055,0,10,-10
116900057,12,127,-115
116900058,20,274,-254
116900059,0,58,-58
116900060,170,164,6
116900062,2,7,-5
116900064,106,297,-191
116900065,23,70,-47
116900067,130,60,70
116900068,135,160,-25
116900070,3,12,-9
116900072,42,196,-154
116900073,12,53,-41
116900074,7,40,-33
116900076,23,32,-9
116900077,15,58,-43
116900078,124,70,54
116900079,27,152,-125
116900080,10,19,-9
116900081,367,863,-496
116900082,400,922,-522
116900083,30,13,17
116900084,70,55,15
116900085,43,119,-76
116900086,42,125,-83
116900088,362,115,247
116900090,62,21,41
116900091,588,16,572
116900092,88,593,-505
116900093,1742,1563,179
116900094,3137,4673,-1536
116900095,251,107,144
116900096,127,416,-289
116900097,1970,3498,-1528
116900098,772,410,362
116900099,468,861,-393
116900100,1102,51,1051
116900101,249,397,-148
116900103,2,0,2
116900104,79,94,-15
116900105,308,189,119
116900106,2840,124,2716
116900107,2010,2673,-663
116900110,7,6,1
116900111,673,387,286
116900112,264,539,-275
116900113,1241,2016,-775
116900116,77,716,-639
116900117,172,107,65
116900118,702,802,-100
116900120,502,68,434
116900121,178,20,158
116900122,1179,455,724
116900123,314,354,-40
116900124,196,843,-647
116900125,514,106,408
116900126,99,611,-512
116900128,4,35,-31
116900129,0,242,-242
116900130,481,4595,-4114
116900131,88,317,-229
116900132,97,121,-24
116900133,195,121,74
116900134,253,221,32
116900136,235,229,6
116900137,275,148,127
116900138,241,147,94
116900139,173,345,-172
116900140,210,109,101
116900141,648,369,279
116900142,3,67,-64
116900143,351,275,76
116900144,36,77,-41
116900145,77,145,-68
116900147,275,748,-473
116900148,5,46,-41
116900149,58,260,-202
116900150,12,18,-6
116900151,30,8,22
116900153,170,105,65
116900154,347,648,-301
116900155,64,95,-31
116900157,881,118,763
116900158,125,334,-209
116900159,66,311,-245
116900160,921,1002,-81
116900161,4341,8191,-3850
116900162,16,66,-50
116900163,279,71,208
116900164,79,75,4
116900165,390,329,61
116900166,52,42,10
116900167,519,33,486
116900168,413,68,345
116900169,268,749,-481
116900170,399,572,-173
116900171,64,135,-71
116900172,189,383,-194
116900173,292,28,264
116900174,58,67,-9
116900175,255,278,-23
116900178,31,96,-65
116900179,49,372,-323
116900180,103,34,69
116900182,603,188,415
116900183,199,133,66
116900185,50,79,-29
116900186,120,151,-31
116900187,43,47,-4
116900188,188,44,144
116900189,88,1,87
116900191,386,548,-162
116900192,360,114,246
116900194,162,1816,-1654
116900195,43,42,1
116900196,26,60,-34
116900197,131,10,121
116900198,146,331,-185
116900200,89,20,69
116900201,199,9,190
116900202,81,27,54
116900203,216,16,200
116900204,64,119,-55
116900206,16,7,9
116900207,36,28,8
116900208,4,39,-35
116900209,33,62,-29
116900210,536,330,206
116900211,319,1,318
116900212,125,35,90
116900213,210,94,116
116900214,237,120,117
116900215,61,61,0
116900216,334,135,199
116900218,6,162,-156
116900219,1076,279,797
116900220,139,312,-173
116900221,124,303,-179
116900222,423,364,59
116900223,142,294,-152
116900226,108,35,73
116900227,277,47,230
116900228,359,131,228
116900230,63,133,-70
116900231,62,214,-152
116900232,15,285,-270
116900233,346,111,235
116900234,28,9,19
116900235,146,228,-82
116900238,1218,243,975
116900239,51,1525,-1474
116900240,3733,3169,564
116900241,115,103,12
116900242,205,746,-541
116900243,2,16,-14
116900245,47,38,9
116900246,162,16,146
116900247,1029,41,988
116900248,103,27,76
116900249,541,93,448
116900250,391,20,371
116900251,380,774,-394
116900252,152,482,-330
116900253,152,47,105
116900254,47,67,-20
116900255,140,119,21
116900256,539,115,424
116900257,19,240,-221
116900258,0,117,-117
116900259,300,7,293
116900260,5,58,-53
116900261,82,3,79
116900262,146,89,57
116900263,1,9,-8
116900264,2,8,-6
116900265,56,0,56
116900266,32,23,9
116900267,3,0,3
116900268,218,168,50
116900269,362,583,-221
116900271,631,432,199
116900272,288,224,64
116900273,111,153,-42
116900274,127,47,80
116900275,183,65,118
116900276,574,216,358
116900277,288,30,258
116900278,5,5,0
116900279,5,19,-14
116900280,36,12,24
116900281,3570,5683,-2113
116900282,6,49,-43
116900283,14,56,-42
116900284,23,141,-118
116900285,181,228,-47
116900286,147,28,119
116900287,5,18,-13
116900288,102,60,42
116900289,19,8,11
116900290,12,18,-6
116900291,51,11,40
116900292,0,23,-23
116900293,96,24,72
116900294,28,109,-81
116900295,95,105,-10
116900296,65,77,-12
116900297,10,91,-81
116900298,67,83,-16
116900299,16,70,-54
116900300,4,113,-109
116900301,31,151,-120
116900302,21,81,-60
116900303,78,64,14
116900304,0,166,-166
116900305,17,28,-11
116900306,221,44,177
117000001,2538,1959,579
117000002,1821,3615,-1794
117000003,6861,3643,3218
117000004,3387,4489,-1102
117000005,2824,1989,835
117000006,1171,2291,-1120
117000007,5070,1467,3603
117000008,915,2829,-1914
117000009,5219,2170,3049
117000010,2234,3097,-863
117000011,2842,1576,1266
117000012,1427,1010,417
117000013,2156,722,1434
117000014,1462,2073,-611
117000015,2498,1370,1128
117000016,295,170,125
117000017,128,116,12
117000018,131,829,-698
117000019,68,3,65
117000020,355,2030,-1675
117000021,963,435,528
117000022,238,157,81
117000023,110,198,-88
117000024,155,259,-104
117000025,315,1164,-849
117000026,1822,1776,46
117000027,1195,4608,-3413
117000028,1417,2382,-965
117000030,304,377,-73
117000031,374,334,40
117000032,1282,1251,31
117000033,1254,718,536
117000034,519,262,257
117000035,448,435,13
117000036,363,291,72
117000037,406,183,223
117000038,167,513,-346
117000039,445,238,207
117000040,242,691,-449
117000041,1473,155,1318
117000044,11,434,-423
117000045,528,155,373
117000046,337,856,-519
117000047,1126,619,507
117000048,1457,677,780
117000049,111,482,-371
117000050,182,1372,-1190
117000051,3114,83,3031
117000052,70,194,-124
117000053,703,33,670
117000054,1945,11,1934
117000055,7,1806,-1799
117000056,697,34,663
117000057,371,1799,-1428
117000060,450,992,-542
117000061,2421,1043,1378
117000062,242,521,-279
117000063,2094,1100,994
117000064,482,542,-60
117000066,773,748,25
117000067,99,747,-648
117000074,87,163,-76
117000076,58,49,9
117000077,123,205,-82
117000078,88,577,-489
117000079,473,253,220
117000080,0,278,-278
117000081,1117,112,1005
117000082,12,80,-68
117000083,142,5,137
117000084,169,2,167
117000085,382,864,-482
117000086,841,328,513
117000087,88,457,-369
117000088,236,160,76
117000089,2038,232,1806
117000090,262,901,-639
117000091,1044,268,776
117000092,430,936,-506
117000093,1699,775,924
117000094,1259,1862,-603
117000095,4363,799,3564
117000096,754,1706,-952
117000097,2037,1066,971
117000098,2100,2984,-884
117000099,4853,1285,3568
117000100,235,428,-193
117000101,124,729,-605
117000102,2357,649,1708
117000103,590,1180,-590
117000104,1845,662,1183
117000105,719,1006,-287
117000106,1715,783,932
117000107,591,1278,-687
117000108,2581,1045,1536
117000109,1048,1943,-895
117000110,2079,1534,545
117000111,3804,3798,6
117000112,4005,1520,2485
117000113,193,145,48
117000114,274,146,128
117000115,96,75,21
117000116,146,174,-28
117000117,1482,1219,263
117000118,241,134,107
117000119,177,247,-70
117000120,150,611,-461
117000121,42,1108,-1066
117000122,272,788,-516
117000123,1546,50,1496
117000124,220,129,91
117000125,112,193,-81
117000126,35,13,22
117000127,123,293,-170
117000128,188,728,-540
117000129,270,912,-642
117000130,207,44,163
117000131,0,59,-59
117000132,4008,55,3953
117000133,2449,18,2431
117000134,0,74,-74
117000135,2,78,-76
117000136,3,18,-15
117000137,159,146,13
117000138,2,621,-619
117000140,418,1120,-702
117000141,2427,537,1890
117000181,411,187,224
117000182,648,968,-320
117000195,166,591,-425
117000196,298,228,70
117000225,115,57,58
117000226,9,112,-103
117000276,440,35,405
117000277,1,201,-200
117000310,1422,2283,-861
117000315,71,636,-565
117000320,81,0,81
117000906,399,24,375
117000907,28,192,-164
117000908,10,84,-74
117000909,35,29,6
117000910,167,192,-25
117000911,110,162,-52
117000915,7,335,-328
117000916,47,4,43
117000917,1481,40,1441
117000918,97,56,41
117000919,10,37,-27
117000920,3,796,-793
117000921,4,611,-607
117000922,26,60,-34
117000924,478,724,-246
117000926,524,121,403
117000927,647,1174,-527
117000928,1,69,-68
117000929,265,175,90
117000930,245,16,229
117000931,130,172,-42
117900002,70,348,-278
117900003,453,511,-58
117900005,6,76,-70
117900006,0,104,-104
117900007,122,52,70
117900008,0,7,-7
117900010,293,51,242
117900011,28,132,-104
117900012,42,55,-13
117900013,0,125,-125
117900014,546,80,466
117900015,20,81,-61
117900016,1077,1014,63
117900017,641,213,428
117900018,142,199,-57
117900019,666,133,533
117900020,67,559,-492
117900021,31,37,-6
117900022,57,6,51
117900023,740,96,644
117900024,65,45,20
117900025,32,12,20
117900026,553,143,410
117900028,47,5,42
117900029,265,404,-139
117900030,481,306,175
117900031,147,128,19
117900032,1290,756,534
117900033,372,331,41
117900034,59,27,32
117900035,316,116,200
117900036,250,238,12
117900037,257,116,141
117900038,39,182,-143
117900039,1,24,-23
117900040,120,227,-107
117900041,0,39,-39
117900042,3225,316,2909
117900043,17,34,-17
117900044,71,3516,-3445
117900045,192,121,71
117900048,405,163,242
117900049,217,349,-132
117900050,2,125,-123
117900051,24,2,22
117900052,87,510,-423
117900053,2067,358,1709
117900054,3,14,-11
117900055,416,238,178
117900056,71,62,9
117900057,977,979,-2
117900058,32,24,8
117900059,187,104,83
117900060,3506,3476,30
117900061,12,242,-230
117900063,406,184,222
117900065,985,822,163
117900066,14,91,-77
117900067,660,136,524
117900069,853,217,636
117900070,145,53,92
117900071,109,97,12
117900073,630,200,430
117900074,108,112,-4
117900075,60,73,-13
117900076,43,51,-8
117900077,649,169,480
117900078,401,980,-579
117900080,152,34,118
117900081,354,376,-22
117900082,515,480,35
117900083,542,258,284
117900086,132,22,110
117900087,170,44,126
117900088,2095,1762,333
117900089,2722,816,1906
117900090,390,275,115
117900091,89,117,-28
117900092,67,22,45
117900093,121,58,63
117900094,42,38,4
117900095,383,236,147
117900096,109,157,-48
117900097,389,131,258
117900098,36,12,24
117900099,185,188,-3
117900100,379,5,374
117900101,519,2265,-1746
117900102,94,58,36
117900103,102,5,97
117900104,17,206,-189
117900105,76,154,-78
117900106,123,31,92
117900107,49,0,49
117900109,804,422,382
117900110,246,7,239
117900111,580,40,540
117900112,70,8,62
117900113,1612,1927,-315
117900114,40,1,39
117900115,119,93,26
117900116,765,789,-24
117900117,720,231,489
117900118,136,1,135
117900119,233,71,162
117900120,298,30,268
117900121,239,117,122
117900122,1234,5164,-3930
117900123,669,279,390
117900124,830,527,303
117900125,1743,2066,-323
117900126,194,486,-292
117900127,475,245,230
117900128,422,367,55
117900129,92,4,88
117900130,1006,363,643
117900131,0,111,-111
117900132,7,96,-89
117900133,15,77,-62
117900134,99,258,-159
117900135,26,131,-105
117900136,0,19,-19
117900137,26,171,-145
117900138,0,25,-25
117900139,145,64,81
117900140,2478,297,2181
117900141,144,176,-32
117900142,47,67,-20
117900144,35,370,-335
117900145,36,56,-20
117900146,128,237,-109
117900147,96,59,37
117900148,2043,2111,-68
117900149,107,94,13
117900150,24,24,0
117900151,52,39,13
117900152,59,52,7
117900153,8,84,-76
117900154,437,377,60
117900156,714,716,-2
117900157,90,482,-392
117900158,347,178,169
117900160,970,890,80
117900161,1755,1463,292
117900162,552,366,186
117900163,32,189,-157
117900165,0,8,-8
117900166,127,560,-433
117900168,100,183,-83
117900169,0,96,-96
117900170,0,26,-26
117900171,1,13,-12
117900172,11,12,-1
117900173,128,109,19
117900174,28,66,-38
117900175,7,13,-6
117900176,14,7,7
117900177,16,32,-16
117900178,69,37,32
117900180,208,56,152
117900181,53,522,-469
117900182,5,56,-51
117900183,80,171,-91
117900184,20,89,-69
117900185,68,54,14
117900186,60,9,51
117900187,27,15,12
117900188,241,36,205
117900189,94,38,56
117900190,22,3,19
117900191,114,7,107
117900192,244,0,244
117900193,7,60,-53
117900194,19,2,17
117900195,46,70,-24
117900196,21,30,-9
117900207,167,147,20
117900208,39,25,14
117900209,138,156,-18
117900210,125,218,-93
117900211,7,158,-151
117900212,132,122,10
117900213,21,13,8
117900214,9,17,-8
117900215,41,60,-19
117900216,37,31,6
117900217,39,284,-245
117900218,85,88,-3
117900219,2,143,-141
117900220,62,123,-61
117900222,183,206,-23
117900223,117,313,-196
118000001,754,1160,-406
118000002,567,1532,-965
118000003,2181,3958,-1777
118000004,1796,1987,-191
118000005,3223,6456,-3233
118000006,3027,9614,-6587
118000007,5124,4988,136
118000008,2876,3828,-952
118000009,1564,2994,-1430
118000010,6731,4079,2652
118000011,1679,2090,-411
118000012,1167,1648,-481
118000013,2476,2044,432
118000014,1724,1524,200
118000016,262,201,61
118000017,431,408,23
118000018,415,282,133
118000019,1547,1509,38
118000020,892,3586,-2694
118000021,606,3509,-2903
118000022,1217,884,333
118000023,604,300,304
118000024,936,1590,-654
118000027,8945,13657,-4712
118000029,660,925,-265
118000032,526,4201,-3675
118000033,2716,7322,-4606
118000034,3884,2725,1159
118000035,1967,3248,-1281
118000036,948,1358,-410
118000037,645,798,-153
118000038,247,84,163
118000039,103,202,-99
118000040,1650,1222,428
118000041,2680,1175,1505
118000045,672,219,453
118000046,1023,705,318
118000047,600,1092,-492
118000048,2110,2166,-56
118000051,1567,2405,-838
118000052,935,1271,-336
118000053,383,574,-191
118000054,1904,846,1058
118000055,1390,1326,64
118000056,299,592,-293
118000057,273,329,-56
118000058,3592,2702,890
118000059,2151,1685,466
118000060,1560,428,1132
118000061,1512,1161,351
118000062,541,451,90
118000063,389,918,-529
118000064,892,1127,-235
118000065,2609,2389,220
118000066,997,1934,-937
118000067,654,741,-87
118000068,1392,5412,-4020
118000069,1997,925,1072
118000070,4242,1999,2243
118000071,2848,8220,-5372
118000072,1240,1578,-338
118000073,994,862,132
118000074,594,342,252
118000075,616,285,331
118000076,1865,3139,-1274
118000077,1046,1173,-127
118000078,1776,2509,-733
118000079,224,555,-331
118000080,756,811,-55
118000081,1803,1377,426
118000082,272,1011,-739
118000083,1481,1751,-270
118000084,2722,2104,618
118000086,260,601,-341
118000087,3086,2466,620
118000088,1504,1573,-69
118000089,3558,2533,1025
118000090,1119,2902,-1783
118000091,913,3361,-2448
118000092,875,587,288
118000093,79,747,-668
118000096,512,592,-80
118000097,898,806,92
118000098,269,183,86
118000099,849,588,261
118000101,1412,312,1100
118000102,488,892,-404
118000107,1335,466,869
118000108,617,2732,-2115
118000110,1,28,-27
118000111,0,232,-232
118000112,760,3,757
118000113,4,303,-299
118000114,570,13,557
118000115,7,10,-3
118000116,19,0,19
118000117,742,704,38
118000118,937,1222,-285
118000119,871,1329,-458
118000120,1327,1071,256
118000121,76,596,-520
118000122,1079,346,733
118000123,61,249,-188
118000125,1146,803,343
118000126,753,1896,-1143
118000127,1506,710,796
118000128,436,941,-505
118000129,1051,407,644
118000130,1577,2185,-608
118000131,349,447,-98
118000132,2931,2278,653
118000133,1142,340,802
118000135,646,550,96
118000136,118,382,-264
118000137,635,90,545
118000138,503,415,88
118000139,628,116,512
118000140,2748,5578,-2830
118000141,2455,1489,966
118000142,2043,1430,613
118000143,2751,1237,1514
118000144,1005,573,432
118000145,1775,1201,574
118000146,1486,580,906
118000147,1073,985,88
118000148,595,1173,-578
118000149,1049,853,196
118000150,577,223,354
118000151,619,392,227
118000153,1602,1108,494
118000154,1473,1364,109
118000155,1702,1327,375
118000156,2010,2609,-599
118000157,766,386,380
118000158,253,535,-282
118000159,45,128,-83
118000160,679,376,303
118000161,688,571,117
118000162,1846,891,955
118000163,936,901,35
118000164,1859,1564,295
118000168,754,933,-179
118000169,865,831,34
118000170,3224,3594,-370
118000171,362,443,-81
118000172,73,234,-161
118000173,859,1434,-575
118000175,294,518,-224
118000176,314,627,-313
118000177,278,751,-473
118000178,31,36,-5
118000179,1034,1825,-791
118000180,903,792,111
118000181,758,262,496
118000182,256,267,-11
118000183,203,326,-123
118000184,1068,615,453
118000185,1170,1661,-491
118000186,939,1489,-550
118000187,1592,512,1080
118000188,780,103,677
118000189,947,373,574
118000190,7,13,-6
118000191,18,7,11
118000192,29,88,-59
118000193,33,247,-214
118000194,1230,889,341
118000195,379,1361,-982
118000196,206,246,-40
118000197,91,179,-88
118000198,488,842,-354
118000199,579,442,137
118000200,73,229,-156
118000201,395,623,-228
118000202,89,68,21
118000203,558,707,-149
118000204,68,468,-400
118000205,110,310,-200
118000206,208,166,42
118000207,0,40,-40
118000208,1427,1280,147
118000209,2207,1065,1142
118000210,87,33,54
118000211,24,34,-10
118000213,639,2351,-1712
118000214,450,645,-195
118000215,307,117,190
118000216,2943,1483,1460
118000217,17,40,-23
118000218,120,77,43
118000219,361,214,147
118000220,9,34,-25
118000221,342,377,-35
118000222,85,9,76
118000223,37,44,-7
118000224,136,63,73
118000225,93,525,-432
118000226,1019,216,803
118000227,577,433,144
118000228,123,297,-174
118000229,94,125,-31
118000230,130,173,-43
118000231,119,223,-104
118000232,917,525,392
118000233,1358,667,691
118000234,544,163,381
118000236,354,314,40
118000237,148,272,-124
118000238,322,111,211
118000239,245,217,28
118000240,191,137,54
118000241,187,134,53
118000242,512,339,173
118000243,335,191,144
118000244,52,59,-7
118000246,1,39,-38
118000255,59,267,-208
118000256,143,163,-20
118000259,11,61,-50
118000260,255,91,164
118000261,52,43,9
118000263,99,173,-74
118000266,101,179,-78
118000267,0,124,-124
118000268,244,1,243
118000270,115,16,99
118000271,193,156,37
118000272,100,35,65
118000273,204,54,150
118000274,124,227,-103
118000276,587,285,302
118000295,21,154,-133
118000298,175,181,-6
118000299,70,84,-14
118000301,0,67,-67
118000302,121,44,77
118000311,789,71,718
118000312,422,134,288
118000313,70,77,-7
118000314,73,25,48
118000315,60,32,28
118000316,744,386,358
118000325,66,20,46
118000326,48,37,11
118000331,49,35,14
118000332,9,18,-9
118000333,26,30,-4
118000335,394,0,394
118000336,0,103,-103
118000407,263,61,202
118000457,8,38,-30
118000465,1456,4087,-2631
118000480,29,62,-33
118000489,11,449,-438
118000490,17,134,-117
118000492,325,179,146
118000510,31,20,11
118000514,124,324,-200
118000515,795,831,-36
118000517,334,177,157
118000524,209,467,-258
118000525,676,702,-26
118000530,50,72,-22
118000531,383,259,124
118000532,291,225,66
118000533,298,116,182
118000534,646,345,301
118000535,308,133,175
118000536,333,1858,-1525
118000537,26,226,-200
118000538,21,77,-56
118000539,17,86,-69
118000540,341,136,205
118000541,203,56,147
118000542,133,224,-91
118000543,236,287,-51
118000546,69,31,38
118000553,0,1,-1
118000557,0,0,0
118000560,1523,2746,-1223
118000562,45,93,-48
118000563,1371,1040,331
118000576,185,106,79
118000577,129,105,24
118000578,109,68,41
118000579,453,1258,-805
118000583,0,0,0
118000595,248,92,156
118000596,0,84,-84
118000597,123,73,50
118000598,14,0,14
118000599,69,56,13
118000600,5,3,2
118000601,11,0,11
118000602,0,7,-7
118000603,0,14,-14
118900001,433,1389,-956
118900002,823,908,-85
118900003,603,9,594
118900004,56,32,24
118900005,113,6,107
118900006,133,14,119
118900007,13,0,13
118900008,1512,77,1435
118900009,102,56,46
118900010,77,6,71
118900011,178,38,140
118900012,420,231,189
118900013,615,317,298
118900015,352,96,256
118900016,5,5,0
118900017,161,296,-135
118900018,985,53,932
118900019,42,30,12
118900020,119,150,-31
118900021,178,327,-149
118900022,134,104,30
118900023,169,73,96
118900024,151,156,-5
118900025,36,23,13
118900026,87,63,24
118900027,452,167,285
118900028,266,138,128
118900029,354,496,-142
118900030,548,59,489
118900031,176,89,87
118900032,226,119,107
118900033,451,543,-92
118900034,221,32,189
118900035,144,112,32
118900036,1180,666,514
118900037,385,317,68
118900038,472,129,343
118900039,704,132,572
118900040,299,187,112
118900041,734,128,606
118900042,195,82,113
118900045,342,190,152
118900046,726,479,247
118900047,388,243,145
118900048,165,221,-56
118900049,71,59,12
118900050,57,28,29
118900051,86,92,-6
118900052,290,245,45
118900053,41,95,-54
118900054,107,58,49
118900055,159,66,93
118900056,38,425,-387
118900057,910,516,394
118900058,483,430,53
118900059,21,63,-42
118900060,89,95,-6
118900062,485,125,360
118900064,394,715,-321
118900065,63,137,-74
118900066,68,84,-16
118900067,3413,5129,-1716
118900068,14,243,-229
118900069,574,194,380
118900071,9,55,-46
118900072,465,308,157
118900073,251,115,136
118900074,190,107,83
118900075,62,38,24
118900076,195,147,48
118900077,271,217,54
118900078,28,2,26
118900079,68,147,-79
118900080,57,87,-30
118900081,92,31,61
118900082,1037,142,895
118900083,62,9,53
118900084,14,19,-5
118900085,723,543,180
118900086,37,102,-65
118900087,45,355,-310
118900088,1,4,-3
118900089,37,28,9
118900090,720,289,431
118900091,131,246,-115
118900092,266,67,199
118900093,145,30,115
118900096,66,16,50
118900097,293,354,-61
118900099,100,169,-69
118900100,127,165,-38
118900101,199,336,-137
118900102,61,79,-18
118900103,59,112,-53
118900104,359,116,243
118900105,192,100,92
118900107,134,57,77
118900108,114,78,36
118900110,1074,1012,62
118900111,572,425,147
118900112,100,126,-26
118900113,119,254,-135
118900114,15,72,-57
118900115,128,358,-230
118900116,119,268,-149
118900117,104,201,-97
118900118,322,232,90
118900119,129,154,-25
118900120,120,262,-142
118900121,20,104,-84
118900122,12,1337,-1325
118900123,175,185,-10
118900124,111,105,6
118900126,15,411,-396
118900129,246,180,66
118900130,58,220,-162
118900131,277,173,104
118900132,366,209,157
118900133,11,108,-97
118900135,239,195,44
118900136,251,380,-129
118900137,13,43,-30
118900139,218,234,-16
118900140,519,476,43
118900141,89,81,8
118900144,166,251,-85
118900145,91,84,7
118900146,400,563,-163
118900147,222,173,49
118900148,98,36,62
118900150,146,477,-331
118900152,614,536,78
118900157,67,165,-98
118900158,122,43,79
118900159,1,128,-127
118900161,66,10,56
118900163,55,73,-18
118900164,3,94,-91
118900165,105,133,-28
118900166,82,6,76
118900167,99,135,-36
118900168,12,187,-175
118900169,170,198,-28
118900170,295,77,218
118900171,39,37,2
118900174,61,49,12
118900175,538,559,-21
118900176,195,246,-51
118900177,80,34,46
118900178,63,134,-71
118900179,9,29,-20
118900181,122,63,59
118900182,109,74,35
118900183,24,131,-107
118900184,353,150,203
118900185,124,70,54
118900186,84,113,-29
118900187,238,328,-90
118900188,309,257,52
118900189,45,1059,-1014
118900190,24,180,-156
118900191,242,34,208
118900192,274,17,257
118900193,747,5,742
118900195,229,416,-187
118900196,50,148,-98
118900197,256,35,221
118900198,25,12,13
118900199,143,37,106
118900200,33,26,7
118900201,28,57,-29
118900202,19,54,-35
118900203,9,14,-5
118900204,23,16,7
118900205,4,18,-14
118900206,8,27,-19
119000001,1530,2491,-961
119000002,4783,5307,-524
119000003,3450,816,2634
119000004,2767,1297,1470
119000005,1976,2146,-170
119000006,3287,1380,1907
119000007,3969,3447,522
119000008,2009,1675,334
119000009,3753,6139,-2386
119000010,5356,4440,916
119000011,3008,3167,-159
119000012,1884,3593,-1709
119000013,2875,1700,1175
119000014,1381,2202,-821
119000019,236,172,64
119000020,2614,1463,1151
119000021,5655,3010,2645
119000022,1935,3578,-1643
119000023,302,290,12
119000024,1906,13902,-11996
119000025,4142,1232,2910
119000026,88,490,-402
119000027,212,407,-195
119000028,1491,591,900
119000029,96,316,-220
119000030,546,795,-249
119000031,986,605,381
119000032,3709,2289,1420
119000033,2423,1127,1296
119000034,1046,835,211
119000035,36,251,-215
119000036,2464,670,1794
119000037,1385,1089,296
119000038,162,479,-317
119000039,463,288,175
119000040,648,634,14
119000041,671,1124,-453
119000048,2246,1806,440
119000049,2098,1478,620
119000050,1731,1385,346
119000051,2380,808,1572
119000052,1545,2616,-1071
119000053,1795,992,803
119000054,3444,1983,1461
119000055,5677,2590,3087
119000056,3354,1901,1453
119000057,1718,1456,262
119000058,2000,1326,674
119000059,1331,1174,157
119000060,1751,1104,647
119000061,1268,574,694
119000062,1269,1129,140
119000063,660,405,255
119000064,846,1071,-225
119000065,1864,3872,-2008
119000066,2599,1207,1392
119000067,1945,1529,416
119000068,2017,952,1065
119000069,1586,1883,-297
119000070,3308,743,2565
119000071,473,623,-150
119000072,4489,3758,731
119000073,4959,8125,-3166
119000074,1524,1422,102
119000075,3339,2212,1127
119000076,319,1810,-1491
119000077,814,953,-139
119000078,437,272,165
119000079,176,960,-784
119000080,549,177,372
119000081,424,749,-325
119000082,1160,260,900
119000083,740,408,332
119000084,327,480,-153
119000085,826,181,645
119000086,332,435,-103
119000087,1233,654,579
119000088,447,193,254
119000089,73,195,-122
119000090,150,92,58
119000091,70,394,-324
119000092,492,171,321
119000093,3321,1905,1416
119000094,3940,4812,-872
119000095,2287,2346,-59
119000097,1852,1009,843
119000098,1063,3528,-2465
119000099,2329,1251,1078
119000100,4681,3387,1294
119000101,4671,2076,2595
119000102,714,1227,-513
119000103,1472,691,781
119000104,1828,1149,679
119000105,1183,2504,-1321
119000106,351,848,-497
119000107,1313,588,725
119000108,418,597,-179
119000109,172,1370,-1198
119000110,564,1407,-843
119000111,61,786,-725
119000112,250,308,-58
119000113,1918,439,1479
119000114,1245,1246,-1
119000115,160,128,32
119000116,105,111,-6
119000117,214,333,-119
119000118,7,1,6
119000123,4124,1759,2365
119000124,899,211,688
119000125,4639,574,4065
119000126,1570,552,1018
119000127,646,348,298
119000128,31,1,30
119000131,1126,404,722
119000132,1,8,-7
119000133,1,6,-5
119000134,1588,468,1120
119000135,178,238,-60
119000136,325,101,224
119000137,338,187,151
119000138,704,182,522
119000139,320,127,193
119000140,456,409,47
119000284,1131,2590,-1459
119000285,1993,1687,306
119000286,5284,4481,803
119000287,1294,1541,-247
119000288,2011,843,1168
119000289,1394,1994,-600
119000290,222,319,-97
119000291,14,177,-163
119000293,126,143,-17
119000294,46,34,12
119000295,1113,289,824
119000296,275,172,103
119000302,1321,1232,89
119000303,48,144,-96
119000304,0,0,0
119000310,0,0,0
119000314,1525,11284,-9759
119000315,3,250,-247
119000316,267,78,189
119000317,169,157,12
119900001,250,1488,-1238
119900002,184,222,-38
119900003,44,552,-508
119900004,231,1608,-1377
119900005,288,93,195
119900006,259,453,-194
119900007,1056,275,781
119900008,505,48,457
119900009,658,519,139
119900010,1407,1755,-348
119900011,38,155,-117
119900012,13,138,-125
119900013,2398,1806,592
119900014,614,380,234
119900015,183,35,148
119900016,81,44,37
119900017,70,37,33
119900018,1610,1236,374
119900019,44,12,32
119900020,218,174,44
119900021,233,107,126
119900022,109,1370,-1261
119900023,405,2024,-1619
119900025,263,12,251
119900026,630,174,456
119900027,23,14,9
119900028,392,223,169
119900029,2,7,-5
119900030,724,326,398
119900031,73,584,-511
119900033,2262,392,1870
119900034,654,70,584
119900037,232,22,210
119900038,38,474,-436
119900039,89,15,74
119900040,117,17,100
119900041,186,13,173
119900042,298,104,194
119900043,88,107,-19
119900044,289,1198,-909
119900046,209,40,169
119900047,503,167,336
119900048,58,9,49
119900049,153,5,148
119900050,126,194,-68
119900051,731,11,720
119900052,80,20,60
119900053,318,96,222
119900054,179,10,169
119900055,1685,491,1194
119900057,323,38,285
119900058,349,5,344
119900059,120,44,76
119900060,401,34,367
119900062,88,19,69
119900063,16,54,-38
119900065,273,8,265
119900066,2,0,2
119900067,100,12,88
119900068,665,4,661
119900069,168,32,136
119900070,1339,10,1329
119900071,1136,38,1098
119900073,1137,633,504
119900074,65,42,23
119900075,2831,2488,343
119900076,877,203,674
119900077,1290,567,723
119900078,677,743,-66
119900079,432,146,286
119900080,1859,924,935
119900081,420,53,367
119900082,2184,260,1924
119900083,329,133,196
119900084,703,449,254
119900085,49,45,4
119900087,750,537,213
119900088,43,46,-3
119900089,86,326,-240
119900090,149,40,109
119900091,29,505,-476
119900092,55,297,-242
119900093,1541,266,1275
119900094,35,139,-104
119900095,223,114,109
119900096,19,127,-108
119900097,436,171,265
119900098,48,57,-9
119900099,31,128,-97
119900100,1382,2828,-1446
119900101,161,1718,-1557
119900102,34,151,-117
119900103,73,220,-147
119900104,39,121,-82
119900105,1254,7098,-5844
119900106,12,114,-102
119900107,210,1511,-1301
119900108,5626,721,4905
119900109,18,157,-139
119900110,831,400,431
119900111,140,186,-46
119900112,904,621,283
119900113,54,164,-110
119900114,342,698,-356
119900115,450,586,-136
119900116,247,496,-249
119900117,443,447,-4
119900118,92,498,-406
119900119,305,170,135
119900120,651,460,191
119900121,577,510,67
119900122,256,211,45
119900123,254,326,-72
119900124,244,603,-359
119900125,49,267,-218
119900126,3879,290,3589
119900127,1441,804,637
119900128,601,351,250
119900129,310,298,12
119900130,57,216,-159
119900131,36,152,-116
119900132,9,144,-135
119900133,70,117,-47
119900134,924,179,745
119900135,1,224,-223
119900136,140,214,-74
119900138,297,548,-251
119900139,165,158,7
119900140,5,126,-121
119900141,50,963,-913
119900142,13,48,-35
119900143,26,273,-247
119900144,1178,201,977
119900145,89,135,-46
119900146,227,171,56
119900147,2,170,-168
119900148,353,65,288
119900149,724,5968,-5244
119900150,141,107,34
119900151,1790,849,941
119900152,117,234,-117
119900153,274,53,221
119900154,72,177,-105
119900155,51,52,-1
119900156,19,12,7
119900157,231,146,85
119900158,297,50,247
119900159,5,675,-670
119900160,41,100,-59
119900161,230,120,110
119900162,1199,1210,-11
119900163,156,175,-19
119900164,6,3,3
119900165,166,89,77
119900166,147,36,111
119900167,52,79,-27
119900168,1274,522,752
119900169,59,329,-270
119900170,228,228,0
119900171,1281,299,982
119900172,126,18,108
119900173,14,249,-235
119900174,2,125,-123
119900175,1897,520,1377
119900177,16,132,-116
119900178,7,121,-114
119900179,137,693,-556
119900180,1339,880,459
119900181,65,119,-54
119900182,5,177,-172
119900183,132,507,-375
119900184,1273,372,901
119900185,57,275,-218
119900186,31,1445,-1414
119900187,16,289,-273
119900188,161,330,-169
119900189,413,433,-20
119900190,97,418,-321
119900191,283,334,-51
119900192,84,151,-67
119900193,538,134,404
119900194,50,91,-41
119900195,41,141,-100
119900196,730,303,427
119900197,332,239,93
119900198,201,204,-3
119900199,186,35,151
119900200,721,637,84
119900201,299,186,113
119900202,115,326,-211
119900203,209,712,-503
119900204,412,230,182
119900205,966,323,643
119900206,317,131,186
119900208,243,201,42
119900209,739,1932,-1193
119900210,49,25,24
119900211,84,8,76
119900212,324,197,127
119900213,11,81,-70
119900214,44,55,-11
119900215,45,67,-22
119900216,17,46,-29
119900217,14,49,-35
119900218,41,76,-35
119900219,9,56,-47
119900220,4,54,-50
119900221,18,133,-115
119900222,15,96,-81
119900223,12,44,-32
119900224,7,25,-18
119900225,576,44,532
119900226,376,2257,-1881
119900227,679,286,393
119900228,505,238,267
119900229,257,359,-102
119900230,1126,449,677
119900231,417,122,295
119900232,249,113,136
119900233,104,14,90
119900234,41,151,-110
119900235,15,53,-38
119900236,45,148,-103
119900237,92,670,-578
119900238,3,62,-59
119900240,108,112,-4
119900241,130,168,-38
119900242,1472,1764,-292
119900244,692,1269,-577
119900245,141,171,-30
119900246,278,629,-351
119900247,37,112,-75
119900248,87,261,-174
119900249,242,132,110
119900253,1684,426,1258
119900254,136,932,-796
119900255,137,747,-610
119900256,1164,613,551
119900257,179,7,172
119900258,363,18,345
119900259,38,87,-49
119900260,197,7,190
119900261,319,202,117
119900262,8,120,-112
119900263,1300,321,979
119900264,155,109,46
119900265,1003,316,687
119900266,538,195,343
119900267,345,339,6
119900268,245,92,153
119900269,1580,889,691
119900271,54,146,-92
119900272,468,328,140
119900275,269,164,105
119900276,40,6,34
119900277,6,7,-1
119900278,230,138,92
119900279,122,379,-257
119900280,526,141,385
119900281,0,321,-321
119900282,65,136,-71
119900283,16,167,-151
119900284,52,169,-117
119900285,31,94,-63
119900286,2,21,-19
119900288,5,21,-16
119900289,1,34,-33
119900290,9,15,-6
119900291,0,70,-70
119900292,57,72,-15
119900293,38,13,25
119900294,47,0,47
119900295,0,0,0
119900296,0,0,0
119900299,56,109,-53
119900300,301,192,109
119900301,158,224,-66
119900302,144,147,-3
119900303,395,196,199
119900304,260,41,219
119900305,4,92,-88
119900306,35,7,28
119900307,104,73,31
119900308,3,29,-26
119900309,50,160,-110
119900310,232,230,2
119900311,121,73,48
119900312,142,81,61
119900313,327,228,99
119900314,333,435,-102
119900315,2946,1504,1442
119900318,13,34,-21
119900319,3,215,-212
119900320,507,518,-11
119900321,136,11,125
119900322,18,59,-41
119900323,2,96,-94
119900324,2,34,-32
119900325,311,256,55
119900326,35,62,-27
120000001,7489,19487,-11998
120000002,2762,2230,532
120000003,2606,1306,1300
120000004,2399,1389,1010
120000005,3074,1733,1341
120000006,1141,1083,58
120000007,2829,3291,-462
120000008,916,1326,-410
120000009,1870,1004,866
120000010,1851,2216,-365
120000011,998,1382,-384
120000012,1783,2022,-239
120000013,3339,2630,709
120000014,813,1327,-514
120000015,2762,1428,1334
120000016,4407,2257,2150
120000017,3726,3107,619
120000018,2987,14745,-11758
120000019,1066,1816,-750
120000020,2754,3714,-960
120000021,1761,2380,-619
120000022,2764,3880,-1116
120000023,1129,1649,-520
120000024,1224,2370,-1146
120000025,2952,1843,1109
120000026,2912,1597,1315
120000027,2426,2268,158
120000028,854,1733,-879
120000029,2113,1734,379
120000030,928,970,-42
120000031,2323,6072,-3749
120000032,6516,3547,2969
120000033,5190,1505,3685
120000034,2647,1310,1337
120000035,2692,1706,986
120000036,3335,5235,-1900
120000037,630,1761,-1131
120000038,4272,3622,650
120000039,681,771,-90
120000040,210,598,-388
120000041,1132,1026,106
120000042,1923,1618,305
120000043,4982,1245,3737
120000044,6102,1644,4458
120000045,7540,993,6547
120000046,4520,2937,1583
120000047,743,7535,-6792
120000048,6370,4282,2088
120000049,3766,2811,955
120000050,4035,3380,655
120000051,2623,4300,-1677
120000052,6136,2161,3975
120000053,1331,1536,-205
120000054,1411,2868,-1457
120000055,1603,3458,-1855
120000056,4730,3475,1255
120000057,3876,1029,2847
120000058,1848,1367,481
120000059,8,1669,-1661
120000061,177,421,-244
120000062,182,336,-154
120000063,1178,1837,-659
120000064,209,697,-488
120000065,776,945,-169
120000066,210,500,-290
120000067,58,378,-320
120000068,248,524,-276
120000069,751,594,157
120000070,95,461,-366
120000071,871,97,774
120000072,1088,410,678
120000073,1138,116,1022
120000074,190,148,42
120000075,1208,333,875
120000076,3221,383,2838
120000077,2496,702,1794
120000078,3511,1330,2181
120000079,342,199,143
120000080,160,190,-30
120000081,508,136,372
120000082,255,224,31
120000083,80,797,-717
120000084,366,287,79
120000085,431,322,109
120000086,304,321,-17
120000087,254,327,-73
120000088,864,863,1
120000089,1167,548,619
120000090,698,486,212
120000091,1214,917,297
120000092,1429,543,886
120000093,656,468,188
120000094,219,770,-551
120000095,968,311,657
120000096,305,594,-289
120000098,1097,620,477
120000099,512,574,-62
120000100,869,574,295
120000101,661,454,207
120000102,774,1100,-326
120000103,1719,1100,619
120000104,2279,569,1710
120000105,3911,770,3141
120000106,3302,784,2518
120000107,5580,665,4915
120000108,1832,139,1693
120000109,1441,99,1342
120000110,71,788,-717
120000111,176,724,-548
120000112,700,1741,-1041
120000113,696,1254,-558
120000114,915,1743,-828
120000115,286,1424,-1138
120000116,626,1353,-727
120000117,808,1145,-337
120000118,60,82,-22
120000119,24,60,-36
120000120,154,134,20
120000121,23,43,-20
120000122,240,543,-303
120000123,3240,8206,-4966
120000124,509,360,149
120000125,809,599,210
120000126,472,1113,-641
120000127,1973,1323,650
120000128,2422,4454,-2032
120000129,177,270,-93
120000130,701,597,104
120000131,470,752,-282
120000134,442,625,-183
120000135,1010,536,474
120000137,344,768,-424
120000138,1550,319,1231
120000139,422,436,-14
120000140,1266,291,975
120000141,592,370,222
120000142,874,487,387
120000143,1,63,-62
120000144,141,1,140
120000145,562,0,562
120000146,877,1043,-166
120000149,699,983,-284
120000150,2452,11779,-9327
120000151,448,503,-55
120000152,814,164,650
120000153,349,435,-86
120000154,563,468,95
120000155,145,271,-126
120000156,538,1444,-906
120000157,1269,586,683
120000158,1002,715,287
120000159,1969,2140,-171
120000160,2774,2007,767
120000161,2792,2119,673
120000162,79,297,-218
120000163,1063,870,193
120000164,807,332,475
120000165,826,587,239
120000166,1859,476,1383
120000167,254,241,13
120000168,15,744,-729
120000169,64,2151,-2087
120000170,51,1740,-1689
120000171,20,711,-691
120000172,21,413,-392
120000173,1031,2213,-1182
120000174,244,92,152
120000175,206,52,154
120000176,166,51,115
120000177,1204,151,1053
120000178,85,12,73
120000179,187,52,135
120000180,604,111,493
120000181,185,2109,-1924
120000182,64,816,-752
120000183,10,591,-581
120000184,242,1693,-1451
120000186,64,933,-869
120000187,24,339,-315
120000188,92,693,-601
120000190,421,112,309
120000191,603,108,495
120000192,561,30,531
120000193,191,7,184
120000195,50,8,42
120000196,329,39,290
120000197,80,66,14
120000198,230,48,182
120000199,216,0,216
120000200,207,3,204
120000201,23,39,-16
120000202,0,56,-56
120000203,89,182,-93
120000207,1,42,-41
120000208,9,126,-117
120000209,7,51,-44
120000210,48,58,-10
120000211,273,4,269
120000212,333,1,332
120000213,237,173,64
120000214,1,151,-150
120000215,9,128,-119
120000216,220,23,197
120000217,427,983,-556
120000218,95,553,-458
120000219,2,274,-272
120000220,3,837,-834
120000225,2522,3,2519
120000226,500,6,494
120000227,1137,100,1037
120000228,10720,4687,6033
120000230,584,29,555
120000231,1988,1470,518
120000233,449,4,445
120000235,372,488,-116
120000236,1392,3,1389
120000237,2,815,-813
120000238,6,1193,-1187
120000241,1365,4177,-2812
120000412,496,27,469
120000413,427,137,290
120000414,244,1,243
120000415,2,44,-42
120000416,217,8,209
120000417,21,151,-130
120000418,257,21,236
120000419,5,120,-115
120000420,38,7,31
120000421,7544,4897,2647
120000422,78,1638,-1560
120000423,5,96,-91
120000424,141,143,-2
120000436,129,859,-730
120000437,120,129,-9
120000438,1630,231,1399
120000439,284,661,-377
120000443,232,2,230
120000444,1687,371,1316
120000445,2059,953,1106
120000446,706,188,518
120000447,260,1,259
120000449,218,2,216
120000450,4,123,-119
120000451,157,215,-58
120000452,403,5,398
120000453,0,200,-200
120000454,64,58,6
120000455,71,43,28
120000456,2143,4543,-2400
120000457,753,374,379
120000458,477,510,-33
120000459,111,63,48
120000665,965,245,720
120000668,123,1291,-1168
120000669,144,133,11
120000670,179,887,-708
120000671,1716,765,951
120000672,51,455,-404
120900001,91,103,-12
120900002,328,829,-501
120900003,250,39,211
120900004,27,122,-95
120900005,59,692,-633
120900006,546,215,331
120900007,223,68,155
120900008,515,855,-340
120900009,861,58,803
120900010,679,166,513
120900011,127,214,-87
120900012,148,1737,-1589
120900013,450,183,267
120900014,4,271,-267
120900015,1131,98,1033
120900016,1231,74,1157
120900017,1809,104,1705
120900018,208,291,-83
120900019,821,509,312
120900020,695,1759,-1064
120900021,1158,252,906
120900022,23,230,-207
120900023,461,52,409
120900024,2274,566,1708
120900025,1317,1194,123
120900026,187,153,34
120900027,1231,29,1202
120900028,654,151,503
120900029,119,699,-580
120900030,1777,991,786
120900031,374,143,231
120900032,1565,86,1479
120900033,1459,81,1378
120900034,86,2733,-2647
120900035,40,78,-38
120900037,307,12,295
120900038,96,419,-323
120900039,216,69,147
120900040,585,6,579
120900041,84,47,37
120900042,914,45,869
120900043,81,41,40
120900044,42,399,-357
120900045,156,70,86
120900046,739,17,722
120900047,241,179,62
120900048,212,32,180
120900049,683,7,676
120900050,1358,2118,-760
120900051,440,69,371
120900052,984,6,978
120900053,514,71,443
120900054,1401,541,860
120900055,574,13,561
120900056,799,33,766
120900057,273,14,259
120900058,755,2,753
120900059,154,1,153
120900060,109,48,61
120900061,202,210,-8
120900062,394,4,390
120900063,865,18,847
120900064,1041,4,1037
120900065,836,2,834
120900066,476,168,308
120900067,215,92,123
120900068,412,0,412
120900069,358,18,340
120900071,23,0,23
120900072,1087,6,1081
120900073,769,75,694
120900074,1090,25,1065
120900076,546,1,545
120900077,1952,321,1631
120900078,1121,496,625
120900079,1184,98,1086
120900080,1202,852,350
120900081,1392,467,925
120900082,473,480,-7
120900083,119,2,117
120900084,533,648,-115
120900085,67,134,-67
120900086,94,497,-403
120900087,687,385,302
120900088,260,742,-482
120900089,2047,3841,-1794
120900090,428,52,376
120900091,764,1054,-290
120900092,879,357,522
120900093,1167,128,1039
120900094,358,203,155
120900095,466,15,451
120900096,80,242,-162
120900097,657,460,197
120900098,215,143,72
120900099,74,78,-4
120900100,134,178,-44
120900101,430,176,254
120900102,50,166,-116
120900103,90,274,-184
120900104,20,71,-51
120900105,52,305,-253
120900106,792,319,473
120900107,177,159,18
120900108,14,307,-293
120900109,36,371,-335
120900110,12,516,-504
120900111,215,242,-27
120900112,19,465,-446
120900113,14,508,-494
120900114,36,97,-61
120900115,160,291,-131
120900116,609,217,392
120900117,9,240,-231
120900118,20,484,-464
120900119,7547,4172,3375
120900120,65,268,-203
120900121,58,350,-292
120900122,831,253,578
120900123,4,187,-183
120900124,4,297,-293
120900125,6,410,-404
120900126,1234,768,466
120900127,17,282,-265
120900128,1027,1210,-183
120900129,32,259,-227
120900130,8,281,-273
120900131,148,62,86
120900132,1361,169,1192
120900133,76,624,-548
120900134,507,323,184
120900135,9,380,-371
120900136,57,94,-37
120900137,374,101,273
120900138,22,171,-149
120900139,3,389,-386
120900140,5,111,-106
120900141,267,198,69
120900142,13,240,-227
120900143,1,502,-501
120900144,2,97,-95
120900145,388,563,-175
120900146,2,606,-604
120900147,3,381,-378
120900148,164,189,-25
120900149,0,158,-158
120900150,91,313,-222
120900151,2,341,-339
120900152,5,27,-22
120900153,96,86,10
120900154,0,117,-117
120900155,245,630,-385
120900156,67,224,-157
120900157,94,209,-115
120900158,91,438,-347
120900159,317,302,15
120900160,70,611,-541
120900161,90,361,-271
120900162,85,763,-678
120900163,210,1495,-1285
120900164,0,106,-106
120900165,5,461,-456
120900166,143,632,-489
120900167,342,184,158
120900169,107,183,-76
120900170,621,3917,-3296
120900171,797,206,591
120900172,595,2015,-1420
120900173,0,21,-21
120900174,15,76,-61
120900175,201,151,50
120900176,17,446,-429
120900177,3,1664,-1661
120900178,0,694,-694
120900179,569,362,207
120900180,68,172,-104
120900181,77,37,40
120900182,27,344,-317
120900183,728,92,636
120900184,278,68,210
120900185,51,391,-340
120900186,2,201,-199
120900187,751,1075,-324
120900188,251,5,246
120900189,58,2055,-1997
120900190,132,8,124
120900191,17,17,0
120900192,5828,10925,-5097
120900194,78,132,-54
120900195,138,334,-196
120900196,857,36,821
120900197,972,158,814
120900198,245,448,-203
120900199,523,648,-125
120900200,37,164,-127
120900201,344,103,241
120900202,4,104,-100
120900203,53,110,-57
120900204,117,195,-78
120900205,62,25,37
120900206,25,51,-26
120900207,77,1003,-926
121000001,573,1079,-506
121000002,2311,1732,579
121000003,2538,1743,795
121000004,2533,3794,-1261
121000005,1614,2696,-1082
121000006,3286,2271,1015
121000007,1983,3020,-1037
121000008,5086,4466,620
121000009,3703,5667,-1964
121000010,7431,6658,773
121000011,6161,11088,-4927
121000012,13331,10403,2928
121000013,4437,6339,-1902
121000014,5462,4992,470
121000015,3988,6915,-2927
121000016,3590,3482,108
121000017,2413,3355,-942
121000018,2922,2049,873
121000019,11948,11751,197
121000020,11288,21105,-9817
121000021,2879,2318,561
121000022,3663,4137,-474
121000023,3581,2004,1577
121000024,5860,5088,772
121000025,444,1536,-1092
121000026,330,184,146
121000027,1314,1298,16
121000028,1009,494,515
121000029,979,629,350
121000030,849,458,391
121000031,643,651,-8
121000032,169,130,39
121000034,320,253,67
121000035,200,211,-11
121000036,901,792,109
121000037,600,567,33
121000038,395,942,-547
121000039,212,361,-149
121000041,511,398,113
121000042,307,296,11
121000043,578,611,-33
121000044,1325,1041,284
121000045,538,289,249
121000046,853,895,-42
121000047,48,89,-41
121000049,1101,604,497
121000050,248,1307,-1059
121000051,609,257,352
121000052,352,691,-339
121000053,332,150,182
121000054,53,448,-395
121000055,860,1197,-337
121000056,783,1084,-301
121000057,454,588,-134
121000058,323,250,73
121000059,2511,1258,1253
121000060,643,1167,-524
121000061,174,407,-233
121000062,196,520,-324
121000063,972,870,102
121000064,879,1109,-230
121000065,256,440,-184
121000066,625,565,60
121000067,531,585,-54
121000068,675,391,284
121000069,268,821,-553
121000070,1854,1253,601
121000071,1596,1443,153
121000072,1624,663,961
121000073,1318,1227,91
121000074,142,173,-31
121000075,37,232,-195
121000076,479,347,132
121000077,165,158,7
121000078,139,196,-57
121000080,1749,643,1106
121000081,3192,3874,-682
121000082,89,221,-132
121000083,104,131,-27
121000084,198,149,49
121000085,253,419,-166
121000086,416,612,-196
121000087,90,236,-146
121000088,530,531,-1
121000089,223,444,-221
121000090,354,334,20
121000091,1073,879,194
121000092,203,87,116
121000093,236,213,23
121000094,493,888,-395
121000095,471,741,-270
121000096,2716,2204,512
121000097,550,2364,-1814
121000098,666,626,40
121000099,1019,644,375
121000100,1230,259,971
121000101,448,232,216
121000102,423,146,277
121000103,236,154,82
121000104,359,102,257
121000105,665,169,496
121000106,393,257,136
121000107,1977,2671,-694
121000109,1025,974,51
121000110,246,676,-430
121000114,2899,1959,940
121000115,1378,662,716
121000116,284,866,-582
121000117,450,177,273
121000118,2036,208,1828
121000119,327,440,-113
121000120,304,352,-48
121000121,708,1210,-502
121000123,1517,673,844
121000126,70,327,-257
121000127,171,95,76
121000128,1240,263,977
121000129,1218,553,665
121000130,848,678,170
121000131,1608,1996,-388
121000132,1060,2202,-1142
121000135,432,1043,-611
121000136,1314,1199,115
121000137,467,495,-28
121000138,965,1379,-414
121000139,605,580,25
121000141,244,163,81
121000142,617,790,-173
121000143,136,59,77
121000144,706,2265,-1559
121000145,568,738,-170
121000146,1684,1043,641
121000147,1415,482,933
121000148,1011,869,142
121000149,2382,1496,886
121000152,555,395,160
121000153,1769,613,1156
121000154,1096,545,551
121000155,1618,929,689
121000156,404,1012,-608
121000157,779,1576,-797
121000158,443,419,24
121000159,280,363,-83
121000160,301,311,-10
121000161,318,279,39
121000162,166,134,32
121000165,1172,2281,-1109
121000166,28,468,-440
121000168,518,249,269
121000169,102,122,-20
121000170,411,90,321
121000171,60,186,-126
121000172,789,513,276
121000173,1342,1545,-203
121000174,437,514,-77
121000175,1323,421,902
121000176,370,272,98
121000177,965,521,444
121000178,89,67,22
121000179,27,59,-32
121000181,574,459,115
121000182,165,295,-130
121000183,176,103,73
121000184,65,121,-56
121000185,78,220,-142
121000186,265,526,-261
121000187,172,125,47
121000188,198,91,107
121000192,932,397,535
121000193,658,470,188
121000194,1788,1964,-176
121000195,209,838,-629
121000196,631,253,378
121000197,168,605,-437
121000198,231,253,-22
121000199,145,218,-73
121000200,703,152,551
121000201,7,111,-104
121000202,1154,142,1012
121000203,903,1541,-638
121000204,3607,817,2790
121000205,205,253,-48
121000206,307,65,242
121000207,2337,853,1484
121000208,8,293,-285
121000209,632,128,504
121000210,874,248,626
121000211,496,146,350
121000212,758,309,449
121000213,10051,2983,7068
121000214,767,2071,-1304
121000215,756,1318,-562
121000216,522,640,-118
121000217,3459,3125,334
121000218,350,1481,-1131
121000219,1409,612,797
121000220,124,99,25
121000221,98,361,-263
121000222,2165,2634,-469
121000223,306,491,-185
121000224,170,319,-149
121000225,836,1890,-1054
121000226,3243,1304,1939
121000227,9,146,-137
121000228,14,405,-391
121000229,327,462,-135
121000230,55,1349,-1294
121000231,1492,44,1448
121000232,319,307,12
121000233,567,317,250
121000234,25,47,-22
121000235,46,60,-14
121000236,13,62,-49
121000237,32,14,18
121000238,5,56,-51
121000239,60,5,55
121000240,1,135,-134
121000241,88,17,71
121000242,61,467,-406
121000243,223,84,139
121000244,9,91,-82
121000245,43,7,36
121000246,1,100,-99
121000247,141,3,138
121000248,470,809,-339
121000249,74,291,-217
121000250,656,271,385
121000251,17,270,-253
121000252,92,66,26
121000253,440,321,119
121000254,989,166,823
121000255,122,169,-47
121000256,365,197,168
121000257,29,70,-41
121000258,113,77,36
121000259,38,52,-14
121000260,61,74,-13
121000261,90,45,45
121000262,844,618,226
121000263,671,383,288
121000271,428,1173,-745
121000273,32,10,22
121000274,10,64,-54
121000275,1,7,-6
121000276,12,17,-5
121000278,70,30,40
121000279,31,12,19
121000280,37,47,-10
121000289,245,13,232
121000290,954,1050,-96
121000294,249,82,167
121000297,573,1219,-646
121000299,91,408,-317
121000300,939,715,224
121000302,19,1014,-995
121000303,642,282,360
121000304,465,90,375
121000305,176,49,127
121000306,182,142,40
121000308,182,332,-150
121000309,311,450,-139
121000310,110,241,-131
121000311,69,637,-568
121000312,381,327,54
121000313,291,451,-160
121000314,92,126,-34
121000315,54,92,-38
121000530,1813,1150,663
121000531,1951,1352,599
121000532,6380,8543,-2163
121000533,3349,3841,-492
121000918,45,97,-52
121000919,43,74,-31
121000938,55,206,-151
121000939,26,225,-199
121000956,1823,1078,745
121000957,5,7,-2
121000958,41,38,3
121000959,1055,449,606
121000960,1562,1637,-75
121000961,323,49,274
121000962,528,422,106
121000973,3,178,-175
121000976,23,226,-203
121000979,525,170,355
121000981,314,110,204
121000982,440,145,295
121000983,583,236,347
121000984,62,72,-10
121000985,858,336,522
121000986,578,116,462
121000987,229,449,-220
121000988,1111,94,1017
121001302,192,164,28
121001308,6,18,-12
121001309,47,329,-282
121001311,0,0,0
121001313,283,142,141
121001314,1531,2020,-489
121001315,5485,3833,1652
121001318,0,0,0
121900001,165,165,0
121900002,34,30,4
121900003,446,12,434
121900004,87,332,-245
121900005,20,13,7
121900006,122,22,100
121900007,1989,2142,-153
121900008,299,352,-53
121900009,533,15,518
121900010,311,1,310
121900011,454,281,173
121900012,8,0,8
121900013,850,124,726
121900014,1451,423,1028
121900015,250,150,100
121900016,5,22,-17
121900017,1100,374,726
121900018,486,25,461
121900019,583,239,344
121900020,21,2,19
121900021,1012,23,989
121900022,279,264,15
121900023,186,307,-121
121900024,393,91,302
121900025,699,369,330
121900026,265,29,236
121900027,607,191,416
121900028,242,39,203
121900029,158,388,-230
121900030,440,552,-112
121900031,890,7215,-6325
121900032,87,48,39
121900033,189,245,-56
121900034,284,86,198
121900035,2603,2805,-202
121900036,95,370,-275
121900037,165,1023,-858
121900038,46,99,-53
121900039,349,72,277
121900040,123,69,54
121900041,150,223,-73
121900042,398,201,197
121900043,1,6,-5
121900044,107,78,29
121900046,382,333,49
121900047,171,82,89
121900048,84,78,6
121900050,77,33,44
121900051,227,109,118
121900052,224,24,200
121900053,645,376,269
121900054,518,1023,-505
121900055,13,14,-1
121900058,340,138,202
121900059,459,202,257
121900060,144,305,-161
121900061,213,177,36
121900062,128,163,-35
121900063,1852,491,1361
121900064,341,489,-148
121900066,97,22,75
121900067,58,38,20
121900069,188,103,85
121900070,261,178,83
121900071,563,277,286
121900072,65,93,-28
121900073,291,296,-5
121900074,579,1349,-770
121900075,423,800,-377
121900076,626,449,177
121900077,28,21,7
121900078,139,47,92
121900079,1,0,1
121900080,1051,363,688
121900082,95,72,23
121900084,53,56,-3
121900085,1,12,-11
121900086,38,73,-35
121900087,138,164,-26
121900088,1600,3109,-1509
121900089,338,246,92
121900090,129,58,71
121900091,95,56,39
121900092,97,117,-20
121900093,104,56,48
121900094,18,6,12
121900095,467,195,272
121900096,1376,709,667
121900097,889,280,609
121900098,14,8,6
121900099,293,41,252
121900100,100,616,-516
121900101,164,110,54
121900102,6,137,-131
121900103,549,257,292
121900104,1813,317,1496
121900105,372,268,104
121900106,7,26,-19
121900107,70,27,43
121900108,0,24,-24
121900109,246,140,106
121900110,737,501,236
121900111,796,253,543
121900112,178,144,34
121900113,61,612,-551
121900114,103,71,32
121900117,221,210,11
121900118,1751,819,932
121900119,292,108,184
121900120,69,1214,-1145
121900121,507,51,456
121900122,31,74,-43
121900123,258,436,-178
121900124,198,157,41
121900125,1672,1155,517
121900127,21,107,-86
121900128,83,57,26
121900129,302,168,134
121900130,107,224,-117
121900131,261,88,173
121900132,69,71,-2
121900133,60,1051,-991
121900134,32,233,-201
121900135,3203,472,2731
121900136,734,308,426
121900137,36,322,-286
121900138,132,122,10
121900139,313,815,-502
121900140,95,204,-109
121900141,86,26,60
121900142,209,130,79
121900143,20,193,-173
121900144,123,247,-124
121900145,222,433,-211
121900146,668,672,-4
121900147,71,182,-111
121900148,182,317,-135
121900149,376,476,-100
121900150,35,175,-140
121900151,86,286,-200
121900152,124,132,-8
121900153,67,906,-839
121900154,16,315,-299
121900155,2,126,-124
121900156,134,223,-89
121900157,3,288,-285
121900158,89,87,2
121900159,1,241,-240
121900160,85,287,-202
121900161,302,464,-162
121900162,113,185,-72
121900163,437,372,65
121900164,339,173,166
121900165,229,109,120
121900166,160,122,38
121900167,109,129,-20
121900168,163,254,-91
121900169,7,220,-213
121900170,3,197,-194
121900171,893,577,316
121900172,640,247,393
121900173,791,236,555
121900174,60,72,-12
121900175,202,286,-84
121900176,485,1239,-754
121900177,186,74,112
121900178,76,36,40
121900179,625,260,365
121900180,2150,6248,-4098
121900182,817,445,372
121900183,880,1505,-625
121900184,129,743,-614
121900186,10,616,-606
121900187,17,185,-168
121900188,557,375,182
121900189,30,93,-63
121900190,248,451,-203
121900191,163,280,-117
121900192,261,1015,-754
121900193,47,127,-80
121900194,12,491,-479
121900195,44,62,-18
121900196,820,1016,-196
121900197,348,932,-584
121900198,1237,1124,113
121900199,7,52,-45
121900200,91,235,-144
121900201,828,1063,-235
121900202,123,705,-582
121900203,145,994,-849
121900204,657,1656,-999
121900205,19,90,-71
121900206,40,34,6
121900207,107,41,66
121900208,167,282,-115
121900209,103,52,51
121900210,1509,1189,320
121900211,45,133,-88
121900212,105,127,-22
121900213,346,50,296
121900214,9,514,-505
121900215,73,141,-68
121900216,34,304,-270
121900217,181,207,-26
121900218,157,504,-347
121900220,117,15,102
121900221,289,577,-288
121900222,291,112,179
121900223,143,39,104
121900224,111,33,78
121900225,124,119,5
121900226,294,133,161
121900227,329,476,-147
121900228,194,248,-54
121900230,73,313,-240
121900231,121,1409,-1288
121900232,196,316,-120
121900233,189,191,-2
121900234,484,151,333
121900235,752,124,628
121900236,369,174,195
121900237,155,341,-186
121900238,169,296,-127
121900239,245,26,219
121900240,312,139,173
121900241,89,57,32
121900242,12,2,10
121900243,21,1,20
121900244,17,3,14
121900245,205,53,152
121900246,2941,230,2711
121900247,432,288,144
121900248,1099,1417,-318
121900250,246,392,-146
121900251,401,40,361
121900252,595,194,401
121900253,79,668,-589
121900254,499,316,183
121900255,446,94,352
121900258,3613,2235,1378
121900259,281,625,-344
121900260,214,92,122
121900261,185,652,-467
121900262,411,1042,-631
121900263,354,249,105
121900264,1358,1264,94
121900265,383,177,206
121900266,769,122,647
121900267,89,42,47
121900269,259,1087,-828
121900270,58,218,-160
121900271,54,138,-84
121900273,508,1995,-1487
121900274,342,246,96
121900277,415,1071,-656
121900278,93,737,-644
121900279,145,195,-50
121900280,146,481,-335
121900281,217,449,-232
121900284,86,20,66
121900286,248,69,179
121900287,24,52,-28
121900288,2,0,2
121900290,204,595,-391
121900291,358,845,-487
121900292,127,115,12
121900293,872,2838,-1966
121900294,267,7,260
121900295,172,156,16
121900296,79,210,-131
121900298,267,1034,-767
121900299,0,12,-12
121900300,144,12,132
121900301,117,14,103
121900302,4,56,-52
121900303,393,350,43
121900304,3,17,-14
121900305,1,4,-3
121900306,302,8,294
121900307,135,9,126
121900308,16,185,-169
121900309,10,116,-106
121900310,22,231,-209
121900311,503,17,486
121900312,398,13,385
121900313,446,67,379
121900314,7,43,-36
121900315,8,0,8
121900316,1,4,-3
121900317,21,4,17
121900318,2,15,-13
121900319,33,183,-150
121900320,27,35,-8
121900321,18,2,16
121900322,2,12,-10
121900323,19,37,-18
121900324,0,42,-42
121900325,24,3,21
121900326,6,7,-1
121900327,2,37,-35
121900328,0,16,-16
121900329,2,92,-90
121900330,1,68,-67
121900331,45,85,-40
121900332,82,26,56
121900333,33,0,33
121900334,3,7,-4
122000001,1561,4714,-3153
122000002,2891,1127,1764
122000003,1644,2865,-1221
122000004,2465,1369,1096
122000005,2887,2144,743
122000006,1302,1042,260
122000007,853,1583,-730
122000008,1704,3475,-1771
122000009,300,376,-76
122000010,2033,2592,-559
122000011,3570,1675,1895
122000012,834,2104,-1270
122000013,831,1155,-324
122000014,1993,1152,841
122000015,1172,1054,118
122000016,545,832,-287
122000017,1181,1045,136
122000018,1566,1538,28
122000019,899,1136,-237
122000020,289,361,-72
122000021,173,472,-299
122000022,1051,1050,1
122000023,755,1547,-792
122000024,515,1792,-1277
122000025,790,2382,-1592
122000026,541,1334,-793
122000027,558,1271,-713
122000028,927,541,386
122000029,467,560,-93
122000030,204,191,13
122000031,232,407,-175
122000032,2364,2007,357
122000033,539,1839,-1300
122000034,517,639,-122
122000035,278,717,-439
122000036,469,435,34
122000037,423,254,169
122000038,229,349,-120
122000039,530,470,60
122000040,233,349,-116
122000041,572,637,-65
122000042,310,385,-75
122000043,97,106,-9
122000044,146,141,5
122000045,1299,492,807
122000046,817,659,158
122000047,198,264,-66
122000048,3023,4567,-1544
122000049,5531,3711,1820
122000050,1143,793,350
122000051,252,476,-224
122000052,415,584,-169
122000053,196,1000,-804
122000054,2155,1963,192
122000055,1954,3301,-1347
122000056,3324,3094,230
122000057,2645,3601,-956
122000058,1232,1684,-452
122000059,1621,2522,-901
122000060,456,1089,-633
122000061,392,777,-385
122000062,579,280,299
122000063,779,834,-55
122000064,2934,3926,-992
122000065,2834,2402,432
122000066,1018,1243,-225
122000067,1537,1154,383
122000068,1745,1096,649
122000069,749,684,65
122000070,832,1173,-341
122000071,1921,1127,794
122000072,585,541,44
122000073,290,982,-692
122000074,3086,1504,1582
122000075,786,1113,-327
122000076,3932,1428,2504
122000077,833,1174,-341
122000078,1175,3128,-1953
122000079,667,1686,-1019
122000080,612,398,214
122000081,195,238,-43
122000082,437,1229,-792
122000083,2558,1194,1364
122000084,2602,1115,1487
122000085,294,822,-528
122000086,2298,6669,-4371
122000087,352,573,-221
122000088,484,748,-264
122000089,4304,2662,1642
122000090,204,650,-446
122000091,162,143,19
122000092,61,28,33
122000093,1707,3138,-1431
122000094,4754,4057,697
122000095,1482,5373,-3891
122000096,1202,2070,-868
122000098,2166,3805,-1639
122000099,1161,877,284
122000100,710,519,191
122000101,345,500,-155
122000102,2053,998,1055
122000103,2078,1505,573
122000104,504,195,309
122000105,405,288,117
122000106,385,797,-412
122000107,1139,494,645
122000108,477,876,-399
122000109,431,282,149
122000110,563,622,-59
122000111,2746,1595,1151
122000112,1189,1558,-369
122000113,690,688,2
122000114,2411,1809,602
122000115,1662,1211,451
122000116,540,654,-114
122000117,1515,537,978
122000118,698,783,-85
122000119,2350,2004,346
122000120,1251,3147,-1896
122000121,1093,2376,-1283
122000122,539,1357,-818
122000123,1492,1557,-65
122000124,941,585,356
122000125,619,721,-102
122000126,552,791,-239
122000127,795,936,-141
122000128,379,528,-149
122000129,505,1951,-1446
122000130,2718,1351,1367
122000131,1251,858,393
122000132,261,439,-178
122000133,989,995,-6
122000134,1197,806,391
122000135,642,559,83
122000136,977,740,237
122000137,2713,937,1776
122000139,908,4213,-3305
122000140,617,643,-26
122000141,3097,1409,1688
122000142,272,1044,-772
122000143,371,414,-43
122000144,1392,1028,364
122000145,1004,1002,2
122000146,786,1860,-1074
122000147,636,535,101
122000148,1018,2563,-1545
122000149,1884,1403,481
122000150,1385,965,420
122000151,132,373,-241
122000152,259,326,-67
122000153,324,269,55
122000154,244,264,-20
122000155,1622,2709,-1087
122000156,2454,3055,-601
122000157,1065,2851,-1786
122000158,285,497,-212
122000159,598,1046,-448
122000160,2295,1926,369
122000161,968,1091,-123
122000162,1556,1671,-115
122000163,239,106,133
122000164,59,114,-55
122000165,686,685,1
122000166,766,1064,-298
122000167,318,279,39
122000168,180,608,-428
122000169,309,171,138
122000170,377,200,177
122000171,38,79,-41
122000172,1620,1331,289
122000173,1272,2480,-1208
122000174,2138,977,1161
122000175,827,335,492
122000176,306,936,-630
122000177,1439,1503,-64
122000178,2611,2460,151
122000179,1600,2413,-813
122000180,1351,1331,20
122000181,1278,2829,-1551
122000182,1235,1962,-727
122000183,2007,1013,994
122000184,2546,2592,-46
122000185,1252,2018,-766
122000186,381,975,-594
122000187,2182,921,1261
122000188,380,284,96
122000189,161,311,-150
122000190,838,1308,-470
122000191,868,871,-3
122000192,1484,429,1055
122000193,522,756,-234
122000194,534,209,325
122000195,139,437,-298
122000196,1312,533,779
122000197,497,742,-245
122000198,449,1011,-562
122000199,386,344,42
122000200,867,665,202
122000201,1343,1605,-262
122000202,1268,1594,-326
122000203,2746,1295,1451
122000204,1175,1522,-347
122000205,919,1150,-231
122000206,2445,898,1547
122000207,2403,1390,1013
122000208,2547,1328,1219
122000209,1770,416,1354
122000210,1937,1252,685
122000211,1374,1110,264
122000212,901,703,198
122000213,1030,1519,-489
122000214,2047,2008,39
122000215,2125,1684,441
122000217,1812,1417,395
122000218,697,81,616
122000219,994,845,149
122000220,350,752,-402
122000221,68,401,-333
122000222,580,193,387
122000223,1424,553,871
122000225,918,376,542
122000226,1853,1520,333
122000227,266,2169,-1903
122000228,345,289,56
122000229,68,576,-508
122000230,135,299,-164
122000231,325,607,-282
122000232,600,677,-77
122000233,0,75,-75
122000234,445,59,386
122000235,511,105,406
122000236,1813,87,1726
122000237,111,86,25
122000238,376,446,-70
122000239,773,195,578
122000240,1577,559,1018
122000241,2450,511,1939
122000242,853,145,708
122000243,402,69,333
122000244,94,331,-237
122000245,115,102,13
122000246,439,158,281
122000247,628,379,249
122000248,939,1146,-207
122000249,1372,1031,341
122000250,2076,1240,836
122000251,208,512,-304
122000252,444,133,311
122000253,73,242,-169
122000254,302,91,211
122000255,748,1032,-284
122000256,316,551,-235
122000257,226,190,36
122000258,362,297,65
122000259,24,294,-270
122000260,3,45,-42
122000261,20,245,-225
122000262,1,32,-31
122000263,304,506,-202
122000264,1451,322,1129
122000265,2454,934,1520
122000266,4296,714,3582
122000267,183,136,47
122000268,161,328,-167
122000269,1028,354,674
122000270,546,180,366
122000271,234,904,-670
122000272,342,779,-437
122000273,381,312,69
122000274,257,196,61
122000275,74,162,-88
122000276,875,494,381
122000277,1302,1526,-224
122000278,1928,549,1379
122000279,259,293,-34
122000280,1089,581,508
122000281,978,807,171
122000282,262,403,-141
122000283,306,170,136
122000284,262,75,187
122000285,293,69,224
122000286,41,119,-78
122000287,1341,1306,35
122000288,538,290,248
122000291,2347,766,1581
122000293,240,187,53
122000294,157,310,-153
122000295,1487,203,1284
122000296,57,520,-463
122000297,2106,4048,-1942
122000299,500,483,17
122000300,585,760,-175
122000301,6803,3428,3375
122000302,691,2074,-1383
122000303,2512,1217,1295
122000304,80,189,-109
122000305,1253,207,1046
122000306,35,420,-385
122000307,225,102,123
122000309,126,47,79
122000310,31,90,-59
122000311,105,96,9
122000312,110,162,-52
122000313,70,79,-9
122000314,110,245,-135
122000315,301,56,245
122000316,1093,210,883
122000317,1925,218,1707
122000318,309,1086,-777
122000319,161,304,-143
122000320,274,835,-561
122000321,71,143,-72
122000322,1510,2380,-870
122000323,897,2657,-1760
122000324,1133,1268,-135
122000325,887,2426,-1539
122000326,143,91,52
122000327,452,614,-162
122000328,541,447,94
122000330,1620,1083,537
122000332,194,319,-125
122000333,15,64,-49
122000337,1147,690,457
122000338,636,362,274
122000340,232,843,-611
122000342,1286,807,479
122000343,479,624,-145
122000344,153,12,141
122000345,27,30,-3
122000346,324,291,33
122000348,998,773,225
122000349,84,566,-482
122000351,194,187,7
122000352,351,163,188
122000353,106,39,67
122000355,134,287,-153
122000356,919,1247,-328
122000357,110,20,90
122000358,0,32,-32
122000359,0,13,-13
122000360,1,42,-41
122000362,11,47,-36
122000364,263,346,-83
122000365,2,54,-52
122000366,7,11,-4
122000368,490,549,-59
122000370,38,28,10
122000371,28,1,27
122000372,11,2,9
122000381,150,360,-210
122000382,103,176,-73
122000384,1690,1088,602
122000385,71,0,71
122000386,292,1993,-1701
122000387,467,634,-167
122000388,1577,870,707
122000389,199,785,-586
122000390,327,260,67
122000391,307,381,-74
122000392,212,138,74
122000393,58,125,-67
122000394,682,182,500
122000395,137,87,50
122000396,255,101,154
122000397,28,25,3
122000398,24,65,-41
122000399,161,47,114
122000400,80,789,-709
122000401,123,68,55
122000402,444,140,304
122000403,500,461,39
122000404,186,154,32
122000408,684,909,-225
122000503,17,117,-100
122000524,195,187,8
122000544,76,2252,-2176
122000616,202,2,200
122000640,86,74,12
122000641,131,203,-72
122000642,1136,669,467
122000643,69,202,-133
122000644,88,81,7
122000645,106,176,-70
122000651,943,1237,-294
122000664,137,24,113
122000665,1226,503,723
122000666,730,1056,-326
122000673,35,145,-110
122000674,243,81,162
122000675,2111,577,1534
122000686,424,860,-436
122000687,1802,261,1541
122000688,270,377,-107
122000689,1057,240,817
122000690,2691,248,2443
122000691,947,878,69
122000692,2044,300,1744
122000693,481,1193,-712
122000695,415,307,108
122000696,642,151,491
122000698,463,430,33
122000699,181,86,95
122000701,1567,300,1267
122000702,409,791,-382
122000703,164,58,106
122000717,72,66,6
122000718,278,1091,-813
122000719,154,83,71
122000720,688,112,576
122000724,136,28,108
122900001,38,6,32
122900002,1183,6498,-5315
122900003,500,47,453
122900004,1753,103,1650
122900005,167,134,33
122900006,707,981,-274
122900007,211,152,59
122900008,573,171,402
122900009,589,526,63
122900010,258,96,162
122900012,221,390,-169
122900014,187,232,-45
122900015,1079,2105,-1026
122900016,109,193,-84
122900017,293,682,-389
122900018,190,26,164
122900019,18,127,-109
122900020,154,432,-278
122900021,72,428,-356
122900022,1404,726,678
122900023,691,201,490
122900024,173,138,35
122900025,13,388,-375
122900026,39,189,-150
122900027,44,540,-496
122900028,106,156,-50
122900029,4076,2744,1332
122900030,1186,543,643
122900031,103,369,-266
122900032,126,535,-409
122900033,307,152,155
122900034,3780,4952,-1172
122900035,92,50,42
122900036,92,58,34
122900037,395,126,269
122900038,116,3501,-3385
122900039,146,659,-513
122900040,275,498,-223
122900041,368,332,36
122900042,182,293,-111
122900043,468,241,227
122900044,87,440,-353
122900045,110,112,-2
122900046,219,287,-68
122900047,156,198,-42
122900048,49,192,-143
122900049,1251,177,1074
122900051,85,183,-98
122900052,107,118,-11
122900053,26,38,-12
122900055,364,118,246
122900057,304,66,238
122900061,546,257,289
122900062,658,808,-150
122900063,178,212,-34
122900064,904,344,560
122900065,661,251,410
122900066,880,421,459
122900067,939,564,375
122900068,152,295,-143
122900069,464,1680,-1216
122900070,297,46,251
122900071,82,263,-181
122900072,16,304,-288
122900073,33,134,-101
122900074,1118,427,691
122900075,1,64,-63
122900076,2,130,-128
122900077,0,90,-90
122900078,302,51,251
122900080,44,59,-15
122900081,165,200,-35
122900082,1058,190,868
122900083,127,161,-34
122900084,13,180,-167
122900086,13,152,-139
122900087,377,370,7
122900088,48,313,-265
122900089,29,247,-218
122900090,11,257,-246
122900091,343,2,341
122900092,1,117,-116
122900093,0,130,-130
122900094,3,130,-127
122900095,223,18,205
122900096,486,100,386
122900097,38,54,-16
122900098,58,148,-90
122900099,87,28,59
122900100,216,510,-294
122900101,394,342,52
122900102,21,52,-31
122900103,161,14,147
122900104,249,12,237
122900105,15,13,2
122900106,1,28,-27
122900107,5,58,-53
122900108,4,54,-50
123000001,1008,577,431
123000002,2772,6078,-3306
123000003,3981,4904,-923
123000004,2366,3546,-1180
123000005,2933,3023,-90
123000006,1985,1721,264
123000007,4668,2711,1957
123000008,2558,2502,56
123000009,4719,2790,1929
123000010,3099,3239,-140
123000011,1861,878,983
123000012,576,2018,-1442
123000013,3715,1010,2705
123000014,727,3146,-2419
123000015,2394,1223,1171
123000016,2996,4164,-1168
123000017,3350,1971,1379
123000018,70,104,-34
123000019,572,110,462
123000020,347,73,274
123000021,210,262,-52
123000022,369,2078,-1709
123000023,1714,1968,-254
123000024,1792,667,1125
123000025,226,157,69
123000026,72,104,-32
123000027,128,890,-762
123000028,1474,766,708
123000029,975,1395,-420
123000030,314,166,148
123000031,327,188,139
123000032,493,118,375
123000033,324,60,264
123000034,1151,789,362
123000035,423,402,21
123000036,262,1051,-789
123000037,274,254,20
123000038,79,250,-171
123000039,403,1907,-1504
123000040,623,281,342
123000041,990,1524,-534
123000042,615,631,-16
123000043,2160,12959,-10799
123000044,3201,2555,646
123000045,4534,3558,976
123000046,541,1740,-1199
123000047,1330,1194,136
123000048,80,1111,-1031
123000049,5075,11356,-6281
123000050,1956,1700,256
123000051,96,214,-118
123000052,796,3137,-2341
123000053,2387,2948,-561
123000054,1738,1527,211
123000055,1667,3304,-1637
123000056,1171,1644,-473
123000057,5811,7495,-1684
123000058,693,1460,-767
123000059,360,521,-161
123000060,1080,391,689
123000061,415,583,-168
123000063,971,841,130
123000064,1160,231,929
123000065,4625,2419,2206
123000066,527,539,-12
123000067,981,409,572
123000068,2564,2326,238
123000069,5133,2314,2819
123000070,175,482,-307
123000071,1576,725,851
123000072,1140,703,437
123000073,1787,802,985
123000074,1041,777,264
123000075,406,1357,-951
123000076,821,428,393
123000077,1851,1725,126
123000078,1952,1302,650
123000079,1866,1535,331
123000080,2314,1176,1138
123000081,159,283,-124
123000082,314,768,-454
123000083,1054,276,778
123000084,875,403,472
123000085,555,68,487
123000086,806,94,712
123000087,586,261,325
123000088,1225,619,606
123000089,633,858,-225
123000090,1130,712,418
123000091,1376,1326,50
123000092,761,1009,-248
123000094,587,239,348
123000095,681,624,57
123000096,975,285,690
123000097,638,445,193
123000098,953,422,531
123000099,692,549,143
123000100,493,750,-257
123000101,504,589,-85
123000102,480,685,-205
123000104,391,494,-103
123000105,515,412,103
123000106,385,478,-93
123000107,285,452,-167
123000108,384,951,-567
123000111,1065,376,689
123000112,1611,420,1191
123000113,483,735,-252
123000114,326,673,-347
123000115,313,272,41
123000116,46,102,-56
123000117,1800,1259,541
123000118,486,616,-130
123000119,230,628,-398
123000120,317,592,-275
123000121,468,496,-28
123000122,310,283,27
123000123,431,459,-28
123000124,377,341,36
123000125,1223,1594,-371
123000126,1151,5265,-4114
123000127,519,591,-72
123000128,272,207,65
123000129,962,210,752
123000130,917,107,810
123000131,1205,869,336
123000132,235,461,-226
123000133,152,229,-77
123000134,257,108,149
123000135,3180,1002,2178
123000136,182,516,-334
123000137,90,186,-96
123000138,92,239,-147
123000139,806,103,703
123000140,132,458,-326
123000141,776,154,622
123000142,887,841,46
123000143,947,1331,-384
123000144,47,49,-2
123000145,200,353,-153
123000146,27,85,-58
123000147,78,101,-23
123000149,351,318,33
123000150,152,210,-58
123000151,260,513,-253
123000152,128,446,-318
123000153,276,820,-544
123000154,1525,1885,-360
123000155,2044,1491,553
123000156,19,99,-80
123000157,588,815,-227
123000158,558,767,-209
123000159,3442,3005,437
123000160,1276,870,406
123000161,2037,1277,760
123000162,1520,1761,-241
123000163,601,95,506
123000164,1915,325,1590
123000165,380,1076,-696
123000166,46,113,-67
123000167,142,175,-33
123000168,265,162,103
123000169,1112,149,963
123000170,122,72,50
123000171,1047,10,1037
123000172,207,431,-224
123000173,642,318,324
123000174,1299,504,795
123000175,523,868,-345
123000176,1318,272,1046
123000177,319,765,-446
123000178,856,137,719
123000179,63,339,-276
123000180,1826,333,1493
123000181,282,958,-676
123000182,311,260,51
123000183,212,542,-330
123000184,101,380,-279
123000185,956,326,630
123000186,4,370,-366
123000187,718,8,710
123000188,204,2,202
123000189,257,107,150
123000190,89,110,-21
123000192,27,280,-253
123000193,72,641,-569
123000194,401,255,146
123000195,312,44,268
123000196,372,24,348
123000197,98,78,20
123000198,49,779,-730
123000199,12,597,-585
123000200,628,15,613
123000201,1402,21,1381
123000202,21,667,-646
123000203,1006,61,945
123000204,67,705,-638
123000205,288,1148,-860
123000206,2518,282,2236
123000207,59,628,-569
123000208,607,260,347
123000209,2369,716,1653
123000210,380,1416,-1036
123000211,424,1612,-1188
123000212,3538,444,3094
123000213,621,69,552
123000215,94,237,-143
123000216,172,942,-770
123000217,211,38,173
123000218,48,747,-699
123000219,624,90,534
123000220,539,129,410
123000221,213,46,167
123000222,460,284,176
123000223,629,223,406
123000224,510,350,160
123000225,354,60,294
123000226,114,325,-211
123000227,79,174,-95
123000228,345,53,292
123000229,747,1117,-370
123000232,146,470,-324
123000233,787,154,633
123000234,184,467,-283
123000235,1737,267,1470
123000236,309,444,-135
123000237,338,125,213
123000238,81,330,-249
123000239,374,833,-459
123000240,51,705,-654
123000241,307,77,230
123000242,258,176,82
123000243,822,753,69
123000244,844,717,127
123000245,25,117,-92
123000249,660,521,139
123000252,1002,320,682
123000253,1738,515,1223
123000254,762,708,54
123000255,1326,873,453
123000256,29,204,-175
123000257,2295,1338,957
123000258,1101,600,501
123000259,469,418,51
123000260,577,333,244
123000261,390,124,266
123000262,92,151,-59
123000263,635,75,560
123000264,211,88,123
123000265,46,120,-74
123000266,622,612,10
123000267,854,375,479
123000268,30,47,-17
123000269,49,76,-27
123000270,45,42,3
123000271,54,41,13
123000272,745,256,489
123000273,300,831,-531
123000274,1209,589,620
123000275,280,723,-443
123000278,2265,2294,-29
123000279,133,77,56
123000280,356,250,106
123000281,301,125,176
123000282,131,262,-131
123000283,182,63,119
123000284,44,69,-25
123000286,212,388,-176
123000287,481,322,159
123000288,1602,1274,328
123000289,413,1492,-1079
123000291,257,766,-509
123000294,148,196,-48
123000295,924,1135,-211
123000296,843,481,362
123000297,1007,387,620
123000298,882,288,594
123000299,86,113,-27
123000300,1321,986,335
123000301,166,356,-190
123000302,92,158,-66
123000303,147,196,-49
123000305,662,758,-96
123000306,261,81,180
123000309,25,53,-28
123000310,52,33,19
123000311,1,50,-49
123000312,404,459,-55
123000313,706,376,330
123000315,168,220,-52
123000316,807,83,724
123000317,261,100,161
123000318,47,147,-100
123000329,12,18,-6
123000337,510,483,27
123000338,376,208,168
123000339,419,128,291
123000340,110,250,-140
123000342,67,46,21
123000343,50,17,33
123000344,730,323,407
123000345,299,479,-180
123000346,387,41,346
123000352,1006,766,240
123000353,49,83,-34
123000354,255,3,252
123000355,1,187,-186
123000356,477,7,470
123000357,1,121,-120
123000359,6,83,-77
123000360,222,100,122
123000361,166,240,-74
123000362,555,81,474
123000363,131,145,-14
123000364,533,489,44
123000365,27,420,-393
123000366,338,2214,-1876
123000367,239,735,-496
123000370,39,311,-272
123000371,1068,76,992
123000372,368,41,327
123000373,11,285,-274
123000374,15,131,-116
123000375,387,39,348
123000376,990,651,339
123000377,632,16,616
123000378,15,213,-198
123000379,5,192,-187
123000380,38,460,-422
123000381,113,115,-2
123000382,732,151,581
123000383,107,1313,-1206
123000384,485,132,353
123000385,148,585,-437
123000436,36,1428,-1392
123000507,59,154,-95
123000508,117,1274,-1157
123000517,226,38,188
123000518,32,205,-173
123000519,162,73,89
123000520,32,163,-131
123000521,446,85,361
123000522,160,306,-146
123000541,8,0,8
123000542,0,10,-10
123000565,1108,30,1078
123000566,325,273,52
123000567,82,152,-70
123000573,58,429,-371
123000574,897,94,803
123000575,1765,620,1145
123000576,1284,800,484
123000577,61,700,-639
123000578,328,89,239
123000579,1137,6843,-5706
123000580,117,59,58
123000582,579,27,552
123000583,38,261,-223
123000584,395,266,129
123000585,0,96,-96
123000586,47,0,47
123000596,85,89,-4
123000597,67,125,-58
123000602,75,14,61
123000603,1110,451,659
123000604,587,414,173
123000605,758,79,679
123000606,2,476,-474
123000609,19,304,-285
123000610,182,118,64
123000613,41,144,-103
123000614,292,50,242
123000615,27,62,-35
123000616,1038,92,946
123000617,157,207,-50
123000618,72,413,-341
123000619,656,69,587
123000620,28,302,-274
123000622,554,21,533
123000624,180,34,146
123000630,1398,471,927
123000631,241,611,-370
123000632,441,545,-104
123000633,0,134,-134
123000634,51,220,-169
123000635,54,80,-26
123000636,51,428,-377
123000637,321,48,273
123000638,605,19,586
123000639,753,5984,-5231
123000640,39,394,-355
123000648,499,77,422
123000649,36,338,-302
123900001,928,46,882
123900002,22,1427,-1405
123900003,205,258,-53
123900005,297,158,139
123900006,389,59,330
124000001,2021,175,1846
124000002,55,1022,-967
124000003,1236,193,1043
124000004,71,343,-272
124000005,1255,716,539
124000006,200,674,-474
124000007,444,117,327
124000008,11,396,-385
124000009,759,234,525
124000010,183,288,-105
124000011,1219,363,856
124000012,242,328,-86
124000017,256,139,117
124000018,108,63,45
124000019,141,122,19
124000020,50,121,-71
124000021,126,77,49
124000022,105,154,-49
124000023,1402,1474,-72
124000024,1187,349,838
124000025,1284,1840,-556
124000026,904,989,-85
124000027,4697,5441,-744
124000028,1337,3242,-1905
124000030,1941,1345,596
124000031,1218,5309,-4091
124000032,1354,613,741
124000033,704,484,220
124000034,595,597,-2
124000035,402,270,132
124000036,96,366,-270
124000037,851,1208,-357
124000038,38,92,-54
124000039,833,439,394
124000040,406,1104,-698
124000041,603,161,442
124000042,127,400,-273
124000043,112,223,-111
124000044,65,122,-57
124000045,1157,489,668
124000046,307,590,-283
124000047,2534,765,1769
124000048,1100,667,433
124000049,2241,539,1702
124000050,903,1047,-144
124000051,1261,529,732
124000052,547,625,-78
124000053,563,2004,-1441
124000054,777,388,389
124000055,1302,3690,-2388
124000056,1384,903,481
124000057,1260,609,651
124000058,413,842,-429
124000059,737,1489,-752
124000060,777,555,222
124000061,1272,6450,-5178
124000062,3366,1839,1527
124000063,1062,1327,-265
124000064,1686,977,709
124000065,47,438,-391
124000066,191,83,108
124000067,221,159,62
124000068,90,165,-75
124000069,870,152,718
124000070,331,404,-73
124000071,887,149,738
124000072,366,379,-13
124000073,1189,175,1014
124000074,181,438,-257
124000075,446,37,409
124000076,11,156,-145
124000077,1052,942,110
124000078,2712,1340,1372
124000079,304,1091,-787
124000080,1025,251,774
124000081,293,348,-55
124000082,45,162,-117
124000083,42,81,-39
124000084,68,527,-459
124000085,105,46,59
124000086,35,169,-134
124000087,189,132,57
124000088,324,679,-355
124000089,1039,304,735
124000090,108,214,-106
124000091,564,119,445
124000092,125,477,-352
124000093,114,200,-86
124000094,127,647,-520
124000095,102,95,7
124000096,169,194,-25
124000097,110,139,-29
124000098,58,52,6
124000099,382,160,222
124000100,89,128,-39
124000101,102,108,-6
124000102,80,26,54
124000103,131,123,8
124000104,87,27,60
124000105,112,96,16
124000106,123,43,80
124000107,15,204,-189
124000108,48,15,33
124000109,140,113,27
124000110,135,70,65
124000111,185,139,46
124000112,780,481,299
124000113,92,94,-2
124000114,313,260,53
124000115,377,448,-71
124000116,103,173,-70
124000117,50,85,-35
124000118,46,70,-24
124000119,946,503,443
124000120,515,466,49
124000121,1240,720,520
124000122,442,1104,-662
124000123,910,494,416
124000124,369,867,-498
124000125,442,528,-86
124000126,266,528,-262
124000127,1012,378,634
124000128,511,713,-202
124000129,2272,1412,860
124000130,710,514,196
124000131,816,592,224
124000132,786,573,213
124000133,1027,967,60
124000134,1075,498,577
124000135,1848,2319,-471
124000136,648,789,-141
124000137,1238,1227,11
124000138,1551,1107,444
124000139,556,33,523
124000140,34,355,-321
124000141,142,9,133
124000142,17,172,-155
124000143,78,15,63
124000144,11,44,-33
124000145,195,82,113
124000146,90,81,9
124000148,79,109,-30
124000149,1611,443,1168
124000150,309,621,-312
124000151,1272,584,688
124000152,684,1044,-360
124000153,986,1563,-577
124000154,438,990,-552
124000155,1429,1191,238
124000156,1175,1268,-93
124000169,217,417,-200
124000170,440,408,32
124000171,324,277,47
124000172,381,381,0
124000173,527,200,327
124000174,400,424,-24
124000175,9,74,-65
124000176,76,25,51
124000177,5,29,-24
124000178,55,74,-19
124000190,34,70,-36
124000191,76,150,-74
124000192,1306,425,881
124000193,288,852,-564
124000194,310,389,-79
124000195,358,727,-369
124000196,782,621,161
124000197,69,21,48
124000198,63,42,21
124000201,307,557,-250
124000202,769,324,445
124000203,700,285,415
124000204,1399,199,1200
124000205,143,272,-129
124000206,946,224,722
124000207,0,33,-33
124000209,163,202,-39
124000210,648,169,479
124000211,862,3,859
124000212,0,248,-248
124000213,695,175,520
124000214,546,344,202
124000215,550,20,530
124000216,5,230,-225
124000329,192,885,-693
124000338,85,416,-331
124000339,1530,126,1404
124000341,1924,123,1801
124000344,38,8,30
124000357,1367,2869,-1502
124000358,1009,1750,-741
124000359,1419,693,726
124000360,1270,466,804
124000361,2282,1040,1242
124000362,927,1191,-264
124000363,232,258,-26
124000364,381,488,-107
124000365,573,860,-287
124000366,1095,713,382
124000367,90,273,-183
124000368,499,650,-151
124000369,122,103,19
124000370,53,487,-434
124000402,28,15,13
124000403,182,36,146
124000404,6,49,-43
124000405,1052,819,233
124000406,741,642,99
124000407,2,28,-26
124000411,7,203,-196
124000412,437,5,432
124000413,108,42,66
124000414,92,123,-31
124000415,61,58,3
124000416,91,148,-57
124000417,202,84,118
124000418,298,105,193
124000419,132,92,40
124000420,125,51,74
124000421,32,70,-38
124000422,16,23,-7
124000423,168,46,122
124000424,4,50,-46
124000425,49,27,22
124000426,15,41,-26
124000427,49,10,39
124000428,11,47,-36
124000429,87,36,51
124000430,797,356,441
124000431,309,334,-25
124000432,314,472,-158
124000439,10,5,5
124000443,0,10,-10
124000445,187,1428,-1241
124000446,771,113,658
124900001,822,498,324
124900002,201,227,-26
124900003,1394,548,846
124900004,863,282,581
124900005,280,118,162
124900006,955,309,646
124900008,1121,638,483
124900009,236,507,-271
124900010,354,353,1
124900011,810,389,421
124900012,504,127,377
124900013,719,149,570
124900014,455,65,390
124900015,160,390,-230
124900016,121,153,-32
124900017,475,2443,-1968
124900018,101,6,95
124900020,100,76,24
124900021,361,32,329
124900022,50,6,44
124900024,358,17,341
124900026,135,42,93
124900027,163,619,-456
124900028,350,82,268
124900029,25,526,-501
124900030,27,104,-77
124900031,41,193,-152
124900032,154,309,-155
124900033,104,218,-114
124900034,3,84,-81
124900035,194,310,-116
124900036,1,46,-45
124900037,219,188,31
124900038,257,209,48
124900039,0,47,-47
124900040,132,121,11
124900041,237,613,-376
124900042,71,3,68
124900043,510,596,-86
124900044,113,3,110
124900045,567,1085,-518
124900046,635,256,379
124900047,140,161,-21
124900048,198,80,118
124900050,185,148,37
124900052,122,220,-98
124900053,155,243,-88
124900054,936,466,470
124900055,0,148,-148
124900057,4,30,-26
124900060,59,162,-103
124900061,140,6,134
124900062,225,19,206
124900066,0,18,-18
124900067,6,98,-92
124900068,227,707,-480
124900070,74,33,41
124900072,165,36,129
124900075,336,229,107
124900076,22,1551,-1529
124900077,31,98,-67
124900078,64,16,48
124900079,353,150,203
124900080,382,350,32
124900081,1369,311,1058
124900082,365,584,-219
124900083,302,399,-97
124900085,714,786,-72
124900086,78,1840,-1762
124900087,384,107,277
124900088,365,115,250
124900089,855,18,837
124900090,520,227,293
124900091,356,213,143
124900092,253,169,84
124900093,443,178,265
124900094,553,209,344
124900095,88,570,-482
124900096,478,281,197
124900097,423,63,360
124900098,118,280,-162
124900099,423,566,-143
124900100,373,97,276
124900101,55,461,-406
124900102,283,22,261
124900103,148,131,17
124900104,56,96,-40
124900105,109,87,22
124900106,447,53,394
124900107,157,39,118
124900108,160,84,76
124900111,1,101,-100
124900112,86,262,-176
124900113,89,333,-244
124900114,147,121,26
124900115,169,58,111
124900116,306,261,45
124900117,252,187,65
124900118,179,425,-246
124900119,554,251,303
124900120,54,252,-198
124900121,107,524,-417
124900122,166,145,21
124900123,238,136,102
124900124,136,345,-209
204000001,122,9,113
204000002,9,7,2
204000003,28,3,25
204000004,2,2,0
204000005,626,485,141
204000006,1144,1088,56
204000011,9,19,-10
204000012,32,63,-31
204000019,786,440,346
204000020,790,496,294
204000021,1614,752,862
204000022,648,416,232
204000023,563,519,44
204000031,54,12,42
204000032,312,28,284
204000034,17,131,-114
204000035,0,3,-3
204000036,10,27,-17
204000037,0,21,-21
204000038,1,9,-8
204000039,20,21,-1
204000040,11,14,-3
204000041,4,25,-21
204000042,74,15,59
204000043,45,2,43
204000044,54,3,51
204000045,53,3,50
204000046,13,3,10
204000057,6,16,-10
204000062,63,31,32
204000068,21,211,-190
204000069,106,297,-191
204000070,78,97,-19
204000080,54,31,23
204000085,1642,1181,461
204000086,1883,1399,484
204000087,52,9,43
204000088,12,81,-69
204000090,27,201,-174
204000093,554,52,502
204000096,1173,884,289
204000097,637,10,627
204000099,1054,1533,-479
204000100,1587,1653,-66
204000105,1548,920,628
204000110,579,1015,-436
204000111,476,553,-77
204000112,834,1090,-256
204000113,366,768,-402
204000114,851,830,21
204000115,677,292,385
204000116,1332,796,536
204000119,1901,2170,-269
204000132,691,400,291
204000133,1034,158,876
204000134,367,77,290
204000135,811,76,735
204000136,577,154,423
204000138,372,718,-346
204000140,251,99,152
204000141,179,53,126
204000144,4,18,-14
204000145,637,80,557
204000146,21,212,-191
204000147,12,156,-144
204000148,196,10,186
204000154,17,3,14
204000155,3,6,-3
204000177,45,39,6
204000179,118,4,114
204000180,0,34,-34
204000222,11,13,-2
204000235,26,10,16
204000236,58,135,-77
204000238,22,23,-1
204000240,394,109,285
204000263,482,731,-249
204000268,775,561,214
204000308,145,10,135
204000317,21,84,-63
204000322,21,72,-51
204000323,17,4,13
204000328,203,47,156
204000329,54,140,-86
204000330,199,21,178
204000331,34,94,-60
204010341,29,168,-139
205000001,662,1180,-518
205000013,8,81,-73
205000014,32,86,-54
205000015,41,107,-66
205000016,23,88,-65
205000017,35,73,-38
205000022,238,594,-356
205000025,943,727,216
205000029,322,15,307
205000045,108,671,-563
205000046,130,402,-272
205000047,120,501,-381
205000048,382,515,-133
205000049,183,593,-410
205000050,658,240,418
205000059,1,126,-125
205000060,0,58,-58
205000061,2,96,-94
205000062,1,124,-123
205000063,18,170,-152
205000064,9,71,-62
205000065,55,389,-334
205000066,110,400,-290
205000067,29,581,-552
205000069,216,30,186
205000082,158,242,-84
205000110,53,167,-114
205000111,235,150,85
205000112,161,180,-19
205000113,169,296,-127
205000121,325,72,253
205000123,64,175,-111
205000126,443,76,367
205000127,834,129,705
205000128,413,58,355
205000129,713,59,654
205000130,131,20,111
205000131,57,5,52
205000132,146,2,144
205000133,74,2,72
205000134,315,2,313
205000137,71,147,-76
205000138,135,413,-278
205000139,21,110,-89
205000144,94,66,28
205000145,426,145,281
205000151,152,42,110
205000152,149,24,125
205000153,244,15,229
205000154,110,59,51
205000155,120,14,106
205000207,7,142,-135
205000233,32,1,31
205000234,0,1,-1
205000243,1,0,1
205000244,0,1,-1
205000245,11,125,-114
205000249,2,12,-10
205000250,4,0,4
205000264,15,70,-55
206000027,16,5,11
206000028,11,4,7
206000043,6,40,-34
206000053,1,8,-7
206000054,1,14,-13
206000055,0,12,-12
206000075,18,13,5
206000076,34,10,24
206000077,21,4,17
206000078,35,6,29
206000079,26,2,24
206000082,429,70,359
206000100,26,311,-285
206000103,3,12,-9
206000104,20,18,2
206000105,6,7,-1
206000106,8,21,-13
206000108,602,47,555
206000125,84,0,84
206000157,39,432,-393
206000170,0,127,-127
206000171,4,157,-153
206000172,12,209,-197
206000173,4,109,-105
206000174,17,36,-19
206000175,1,44,-43
206000176,12,107,-95
206000177,0,75,-75
206000178,0,130,-130
206000179,6,67,-61
206000180,8,84,-76
206000181,15,61,-46
206000182,3,58,-55
206000183,11,176,-165
206000184,5,137,-132
206000185,12,36,-24
206000186,85,397,-312
206000223,4,165,-161
206000226,33,0,33
206000227,55,2,53
206000237,45,136,-91
206000238,15,265,-250
206000239,189,1061,-872
206000240,1,46,-45
206000241,0,48,-48
206000242,16,96,-80
206000243,7,53,-46
206000244,42,216,-174
206000245,1337,58,1279
206000246,447,6,441
206000247,466,8,458
206000248,605,25,580
206000252,80,43,37
206000258,31,40,-9
206000315,34,8,26
206000317,880,124,756
206000318,926,88,838
206000319,2753,71,2682
206000320,363,34,329
206000321,442,14,428
206000322,731,17,714
206000323,232,10,222
206000324,275,11,264
206000325,211,18,193
206000326,284,28,256
206000327,135,7,128
206000328,311,3,308
206000329,385,5,380
206000330,77,7,70
206000331,334,5,329
206000332,103,2,101
206000333,1064,4,1060
206000334,396,4,392
206000335,0,29,-29
206000361,5,132,-127
206000392,0,11,-11
206000405,218,2,216
206000441,63,19,44
206000498,50,1,49
206000515,62,62,0
206000530,531,83,448
206000531,293,384,-91
206000532,1903,463,1440
206000535,86,1531,-1445
206000536,5,83,-78
206000537,9,110,-101
206000613,2172,253,1919
207000001,115,660,-545
207000002,78,374,-296
207000003,133,126,7
207000007,1401,258,1143
207000008,156,9,147
207000009,52,60,-8
207000010,328,233,95
207000012,425,190,235
207000015,215,675,-460
207000019,206,68,138
207000021,546,208,338
207000022,212,147,65
207000023,300,60,240
207000024,5,11,-6
207000025,29,65,-36
207000026,72,25,47
207000027,17,57,-40
207000028,71,128,-57
207000029,138,345,-207
207000033,185,493,-308
207000034,277,123,154
207000039,669,100,569
207000040,662,30,632
207000041,193,43,150
207000042,316,53,263
207000043,238,155,83
207000051,120,158,-38
207000052,20,143,-123
207000053,431,422,9
207000054,55,81,-26
207000055,210,90,120
207000056,341,235,106
207000057,139,265,-126
207000058,202,178,24
207000059,101,305,-204
207000060,66,122,-56
207000061,206,808,-602
207000062,478,34,444
207000063,594,105,489
207000064,447,88,359
207000065,438,216,222
207000066,286,164,122
207000067,43,72,-29
207000068,132,33,99
207000069,859,238,621
207000082,8,128,-120
207000083,86,174,-88
207000084,388,226,162
207000085,244,26,218
207000086,283,11,272
207000106,55,21,34
207000107,95,11,84
207000108,85,14,71
207000109,72,10,62
207000110,99,65,34
207000111,106,120,-14
207000112,140,774,-634
207000114,25,18,7
207000115,36,40,-4
207000116,20,343,-323
207000117,10,70,-60
207000118,2,42,-40
207000119,25,42,-17
207000123,218,16,202
207000124,124,21,103
207000125,80,27,53
207000126,90,48,42
207000134,138,93,45
207000135,50,118,-68
207000148,96,283,-187
207000149,63,35,28
207000152,98,333,-235
207000153,496,1075,-579
207000154,335,174,161
207000159,120,89,31
207000160,106,244,-138
207000238,0,152,-152
207000242,9,75,-66
207000248,38,36,2
207000249,113,27,86
207000250,394,79,315
207000251,73,80,-7
207000252,66,62,4
207000278,116,102,14
207000279,43,88,-45
207000280,848,61,787
207000281,113,414,-301
207000282,103,160,-57
207000283,44,204,-160
207000284,42,369,-327
207000285,60,82,-22
207000291,22,76,-54
207000304,104,63,41
207000306,89,286,-197
207000310,132,89,43
207000353,246,2,244
207000356,9,66,-57
207000357,14,20,-6
207000358,29,15,14
207000415,4,105,-101
207000417,43,2,41
207000418,124,107,17
207000438,0,3,-3
207000439,658,857,-199
207000446,211,7,204
207000460,79,10,69
207000466,117,112,5
207000467,412,62,350
207000468,53,143,-90
207000476,4,46,-42
207000477,851,65,786
207000478,0,72,-72
207000523,0,11,-11
207000524,29,0,29
207000527,174,164,10
207000530,665,12,653
207000531,387,14,373
207000532,119,38,81
207000534,245,48,197
207000535,30,275,-245
207000537,15,66,-51
207000540,12,66,-54
207000541,1,202,-201
207000548,10,138,-128
207000549,328,24,304
207000561,194,252,-58
207000562,30,104,-74
207000567,142,193,-51
207000568,316,38,278
207000569,673,372,301
207000584,152,179,-27
207000585,49,323,-274
207000587,8,3,5
207000616,0,96,-96
207000617,218,0,218
207900008,403,69,334
208000001,718,1219,-501
208000002,742,517,225
208000003,1319,394,925
208000004,1005,753,252
208000005,5,5,0
208000019,761,769,-8
208000020,225,403,-178
208000021,276,272,4
208000022,1094,368,726
208000028,1043,1449,-406
208000033,565,570,-5
208000034,941,1274,-333
208000037,228,18,210
208000040,174,117,57
208000041,743,536,207
208000042,881,504,377
208000047,141,205,-64
208000064,2122,1371,751
208000066,1645,2639,-994
208000070,489,332,157
208000071,594,567,27
208000072,493,1014,-521
208000080,324,367,-43
208000081,385,152,233
208000082,378,171,207
208000083,216,248,-32
208000084,9,13,-4
208000085,727,605,122
208000086,476,912,-436
208000087,416,675,-259
208000089,1250,326,924
208000090,1162,412,750
208000093,153,136,17
208000094,679,349,330
208000095,697,438,259
208000104,1191,659,532
208000105,760,831,-71
208000114,131,415,-284
208000115,509,260,249
208000116,737,1022,-285
208000117,160,133,27
208000118,121,161,-40
208000155,769,1027,-258
208000158,1407,3651,-2244
208000186,2324,3828,-1504
208000204,751,983,-232
208000205,1418,816,602
208000282,3478,2985,493
209000004,518,221,297
209000005,57,33,24
209000006,447,209,238
209000007,264,268,-4
209000010,290,145,145
209000011,121,216,-95
209000012,100,108,-8
209000013,218,174,44
209000014,383,550,-167
209000025,452,74,378
209000026,851,125,726
209000027,329,477,-148
209000028,314,394,-80
209000029,384,581,-197
209000030,352,901,-549
209000031,1880,1280,600
209000034,233,281,-48
209000035,138,228,-90
209000036,264,103,161
209000037,442,176,266
209000038,187,128,59
209000039,93,126,-33
209000040,349,418,-69
209000041,175,339,-164
209000042,294,245,49
209000043,649,695,-46
209000044,233,868,-635
209000045,1042,376,666
209000046,558,414,144
209000047,429,172,257
209000048,660,274,386
209000049,79,52,27
209000050,189,83,106
209000051,268,237,31
209000052,144,178,-34
209000062,57,56,1
209000063,59,38,21
209000064,52,40,12
209000065,109,18,91
209000066,130,7,123
209000067,107,17,90
209000080,26,154,-128
209000082,72,27,45
209000091,22,108,-86
209000093,37,20,17
209000094,72,174,-102
209000110,40,130,-90
209000111,602,1812,-1210
209000112,1353,474,879
209000113,2012,457,1555
209000114,933,474,459
209000115,56,100,-44
209000116,407,265,142
209000118,24,58,-34
209000119,13,6,7
209000121,112,331,-219
209000135,54,175,-121
209000142,740,2054,-1314
209000143,46,51,-5
209000144,56,106,-50
209000229,245,109,136
209000240,49,186,-137
209000259,54,89,-35
209000260,35,722,-687
209000261,11,305,-294
209000262,2,236,-234
209000263,0,181,-181
209000264,0,263,-263
209000265,348,0,348
209000266,151,0,151
209000267,1138,8,1130
209000268,597,63,534
210000037,91,15,76
210000047,83,19,64
210000048,133,11,122
210000049,60,4,56
210000052,73,54,19
210000053,32,23,9
210000054,37,47,-10
210000070,144,4,140
210000071,86,0,86
210000072,27,0,27
210000073,0,17,-17
210000074,0,79,-79
210000075,2,92,-90
210000076,9,144,-135
210000077,7,47,-40
210000078,25,27,-2
210000079,22,7,15
210000080,50,57,-7
210000081,167,28,139
210000082,118,6,112
210000083,73,1,72
210000084,31,0,31
210000085,0,46,-46
210000086,0,89,-89
210000099,55,187,-132
210000100,38,135,-97
210000101,92,126,-34
210000105,36,171,-135
210000159,0,188,-188
210000163,110,186,-76
210000164,231,210,21
210000168,108,28,80
210000187,0,19,-19
210000188,0,17,-17
210000214,19,0,19
210000219,44,62,-18
210000220,108,19,89
210000232,6,16,-10
210000233,27,20,7
210000234,42,83,-41
210000235,68,41,27
210000245,1,38,-37
210000246,26,5,21
210000258,17,74,-57
210000259,317,54,263
210000282,64,176,-112
210000285,1,122,-121
210000286,22,152,-130
210000290,2,16,-14
210000295,57,119,-62
210000296,39,35,4
210000320,182,46,136
210000321,150,50,100
210000338,61,62,-1
210000339,181,1072,-891
210000340,118,350,-232
210000341,210,261,-51
210000342,209,176,33
210000343,161,172,-11
210000344,125,101,24
210000345,170,247,-77
210000346,62,121,-59
210000347,35,51,-16
210000348,122,48,74
210000349,60,27,33
210000350,165,69,96
210000351,196,88,108
210000352,70,43,27
210000353,56,48,8
210000354,55,60,-5
210000355,45,44,1
210000356,5,40,-35
210000357,33,35,-2
210000358,185,152,33
210000359,87,51,36
210000360,164,119,45
210000361,173,133,40
210000362,193,192,1
210000363,469,206,263
210000364,110,145,-35
210000365,128,73,55
210000366,131,41,90
210000367,67,33,34
210000368,149,29,120
210000369,23,11,12
210000370,54,19,35
210000372,10,7,3
210000373,13,11,2
210000374,45,26,19
210000375,31,34,-3
210000376,53,62,-9
210000404,43,81,-38
210000439,18,29,-11
210000472,69,2,67
210000482,38,138,-100
210000564,166,258,-92
210000567,0,41,-41
210000568,286,0,286
211000092,52,45,7
211000094,31,10,21
211000169,207,13,194
211000172,13,158,-145
211000209,1,18,-17
211000226,14,27,-13
211000270,21,16,5
211000275,25,15,10
211000276,106,18,88
211000279,11,18,-7
211000281,87,38,49
211507980,2,50,-48
211977296,49,9,40
212000003,96,30,66
212000004,9,26,-17
212000005,8,32,-24
212000006,27,41,-14
212000008,200,118,82
212000009,33,69,-36
212000012,80,57,23
212000013,62,37,25
212000014,237,122,115
212000015,309,182,127
212000016,494,497,-3
212000027,715,307,408
212000028,438,313,125
212000029,274,172,102
212000030,51,19,32
212000031,89,31,58
212000048,26,196,-170
212000049,6,134,-128
212000050,14,8,6
212000051,207,162,45
212000052,217,169,48
212000053,398,302,96
212000054,416,59,357
212000055,354,131,223
212000056,56,38,18
212000057,8,22,-14
212000058,132,27,105
212000070,108,143,-35
212000077,135,379,-244
212000099,326,224,102
212000108,211,139,72
212000111,312,53,259
212000120,80,55,25
212000138,167,25,142
212000156,6,65,-59
212000158,5,18,-13
212000159,554,56,498
212000160,931,195,736
212000161,67,5,62
212000310,52,22,30
212000311,16,31,-15
212000374,33,11,22
213000001,39,324,-285
213000005,515,138,377
213000006,962,362,600
213000007,96,8,88
213000009,494,402,92
213000010,248,288,-40
213000011,209,91,118
213000012,173,233,-60
213000014,76,16,60
213000015,268,4,264
213000016,405,3,402
213000017,112,0,112
213000018,0,78,-78
213000019,2,87,-85
213000020,137,238,-101
213000021,4,96,-92
213000023,422,183,239
213000033,388,1643,-1255
213000034,589,254,335
213000035,126,194,-68
213000045,188,198,-10
213000046,225,165,60
213000047,457,1256,-799
213000056,138,36,102
213000069,65,6,59
213000073,3,51,-48
213000074,74,308,-234
213000075,515,7,508
213000076,22,0,22
213000085,7,37,-30
213000086,13,117,-104
213000091,311,23,288
213000092,75,11,64
213000099,154,1133,-979
213000100,1027,280,747
213000101,613,104,509
213000102,552,163,389
213000103,876,638,238
213000104,76,296,-220
213000105,11,224,-213
213000106,43,65,-22
213000107,150,263,-113
213000108,35,322,-287
213000109,15,185,-170
213000110,27,71,-44
213000111,2,69,-67
213000112,102,108,-6
213000115,58,18,40
213000116,63,228,-165
213000117,4,378,-374
213000118,663,246,417
213000119,55,476,-421
213000120,105,223,-118
213000122,160,302,-142
213000123,314,732,-418
213000124,139,1279,-1140
213000125,141,37,104
213000126,53,89,-36
213000127,65,209,-144
213000128,236,1040,-804
213000129,323,1000,-677
213000130,810,377,433
213000132,655,111,544
213000133,898,106,792
213000134,1095,16,1079
213000136,613,13,600
213000137,763,54,709
213000139,189,29,160
213000147,35,9,26
213000148,27,3,24
213000149,18,9,9
213000150,0,120,-120
213000151,1,150,-149
213000152,3,116,-113
213000153,8,85,-77
213000154,33,371,-338
213000155,51,201,-150
213000156,139,301,-162
213000157,831,317,514
213000158,399,843,-444
213000159,739,449,290
213000163,1353,111,1242
213000165,924,353,571
213000171,2,47,-45
213000172,5,124,-119
213000173,3,124,-121
213000174,3,70,-67
213000175,11,23,-12
213000176,63,28,35
213000177,126,6,120
213000178,238,7,231
213000179,310,3,307
213000180,273,0,273
213000184,143,461,-318
213000188,478,117,361
213000189,522,39,483
213000190,883,624,259
213000191,452,296,156
213000192,340,244,96
213000193,510,265,245
213000194,1,74,-73
213000195,46,428,-382
213000196,298,1194,-896
213000197,553,515,38
213000198,44,1,43
213000200,115,576,-461
213000201,51,50,1
213000202,12,418,-406
213000203,2384,593,1791
213000204,834,48,786
213000205,437,66,371
213000206,485,22,463
213000207,91,7,84
213000208,63,4,59
213000209,121,3,118
213000210,222,1,221
213000211,4,19,-15
213000212,13,37,-24
213000213,21,58,-37
213000218,304,328,-24
213000219,567,22,545
213000220,517,10,507
213000223,215,254,-39
213000224,32,56,-24
213000225,119,11,108
213000226,65,23,42
213000227,1166,158,1008
213000228,644,58,586
213000229,96,15,81
213000230,356,23,333
213000232,35,846,-811
213000233,5,747,-742
213000234,3,56,-53
213000293,12,91,-79
213000294,91,20,71
213000295,10,90,-80
213000296,70,12,58
213000297,16,57,-41
213000298,36,75,-39
213000299,71,38,33
213000300,10,8,2
213000303,4,32,-28
213000304,3,9,-6
213000305,4,20,-16
213000306,33,44,-11
213000307,93,88,5
213000308,97,143,-46
213000309,155,57,98
213000310,573,196,377
213000311,229,734,-505
213000315,65,105,-40
213000316,158,66,92
213000322,127,60,67
213000323,157,56,101
213000324,85,24,61
213000325,57,53,4
213000326,58,13,45
213000327,92,18,74
213000328,61,154,-93
213000329,113,12,101
213000340,152,290,-138
213000341,764,82,682
213000346,252,310,-58
213000347,533,527,6
213000348,3,194,-191
213000349,16,13,3
213000350,291,709,-418
213000366,68,160,-92
213000367,256,27,229
213000379,82,86,-4
213000386,12,271,-259
213000406,127,275,-148
213000417,1445,484,961
213000425,251,62,189
213000426,234,58,176
213000427,84,133,-49
213000428,53,108,-55
213000429,24,1,23
213000430,118,415,-297
213000431,165,2,163
213000432,7,23,-16
213000433,34,129,-95
213000434,139,74,65
213000435,178,60,118
213000436,68,42,26
213000437,0,5,-5
213000438,193,59,134
213000439,49,16,33
213000440,9,281,-272
213000441,0,2,-2
213000442,5,38,-33
213000443,429,257,172
213000444,51,30,21
213000445,0,50,-50
213000446,0,23,-23
213000447,5,33,-28
213000448,10,169,-159
213000449,731,10,721
213000450,25,33,-8
213000451,347,79,268
213000452,21,19,2
213000453,29,185,-156
213000455,235,71,164
213000456,1,344,-343
213000481,4,3,1
213000482,21,1,20
213000489,327,58,269
213000491,1,180,-179
213000492,112,2,110
213000493,2,116,-114
213000494,296,96,200
213000495,0,30,-30
213000496,456,145,311
213000497,21,249,-228
213000498,174,105,69
213000499,229,229,0
213000500,685,66,619
213000501,165,33,132
213000502,149,128,21
213000503,3,36,-33
213000504,19,34,-15
213000505,28,1,27
213000506,0,11,-11
213000507,3,79,-76
213900016,0,5,-5
213900244,70,0,70
213900245,0,20,-20
218000003,46,17,29
218000004,38,18,20
218000005,32,49,-17
218000006,67,21,46
218000007,25,16,9
218000012,114,111,3
218000013,134,172,-38
218000014,321,377,-56
218000019,550,451,99
218000020,232,293,-61
218000021,29,27,2
218000022,15,23,-8
218000023,1,11,-10
218000024,1,8,-7
218000025,2,9,-7
218000026,6,9,-3
218000027,5,10,-5
218000028,1,9,-8
218000029,2,2,0
218000030,19,17,2
218000031,25,14,11
218000032,0,30,-30
218000040,4,3,1
218000046,47,56,-9
218000047,10,63,-53
218000048,58,63,-5
218000049,70,50,20
218000050,246,117,129
218000051,53,103,-50
218000052,0,37,-37
218000053,2,6,-4
218000054,3,80,-77
218000055,5,20,-15
218000056,8,23,-15
218000057,0,17,-17
218000064,3,7,-4
218000065,66,34,32
218000066,19,37,-18
218000067,84,65,19
218000068,163,103,60
218000069,285,93,192
218000070,280,163,117
218000071,180,147,33
218000072,227,203,24
218000078,997,431,566
218000079,150,47,103
218000080,166,50,116
218000081,607,168,439
218000082,53,54,-1
218000083,57,51,6
218000084,180,84,96
218000085,162,229,-67
218000086,67,85,-18
218000087,189,71,118
218000090,31,128,-97
218000091,1207,480,727
218000092,128,124,4
218000093,83,58,25
218000094,425,510,-85
218000099,245,685,-440
218000100,321,280,41
218000101,348,106,242
218000102,478,149,329
218000103,82,92,-10
218000104,94,36,58
218000105,22,27,-5
218000106,10,3,7
218000107,58,24,34
218000108,2,22,-20
218000112,58,30,28
218000117,68,51,17
218000134,528,412,116
218000135,30,65,-35
218000136,173,97,76
218000137,184,102,82
218000138,63,103,-40
218000139,170,234,-64
218000140,526,250,276
218000141,78,50,28
218000142,286,139,147
218000143,73,332,-259
218000144,32,117,-85
218000145,529,233,296
218000146,128,154,-26
218000151,9,11,-2
218000152,87,25,62
218000153,15,15,0
218000154,6,6,0
218000155,48,4,44
218000156,127,14,113
218000157,69,27,42
218000158,15,10,5
218000159,2,5,-3
218000160,12,4,8
218000161,31,6,25
218000162,44,8,36
218000163,18,2,16
218000164,72,4,68
218000165,137,29,108
218000170,7,21,-14
218000171,33,8,25
218000172,7,9,-2
218000173,11,23,-12
218000174,12,19,-7
218000176,200,31,169
218000177,271,165,106
218000178,72,183,-111
218000179,111,61,50
218000180,78,20,58
218000181,173,42,131
218000187,4,33,-29
218000188,22,49,-27
218000189,27,61,-34
218000190,18,17,1
218000191,226,40,186
218000192,288,101,187
218000193,386,193,193
218000194,108,215,-107
218000195,163,52,111
218000196,410,182,228
218000197,600,200,400
218000198,19,69,-50
218000199,25,17,8
218000200,72,26,46
218000201,24,13,11
218000202,57,323,-266
218000207,5,16,-11
218000208,27,41,-14
218000211,43,13,30
218000212,1,7,-6
218000213,70,84,-14
218000214,12,16,-4
218000215,30,28,2
218000217,2,37,-35
218000218,180,60,120
218000219,9,8,1
218000220,48,393,-345
218000221,477,198,279
218000222,3,26,-23
218000223,34,373,-339
218000224,18,203,-185
218000225,175,23,152
218000226,191,57,134
218000230,0,10,-10
218000232,32,27,5
218000239,116,9,107
218000240,6,3,3
218000241,14,1,13
218000242,12,2,10
218000243,23,6,17
218000244,44,0,44
218000245,18,1,17
218000246,0,0,0
218000247,0,0,0
218000248,0,20,-20
218000249,0,4,-4
218000250,1,17,-16
218000251,3,57,-54
218000252,2,85,-83
218000253,0,102,-102
218000254,0,48,-48
218000255,1,31,-30
218000256,4,69,-65
218000267,352,895,-543
218000268,6,26,-20
218000269,2,8,-6
218000270,147,24,123
218000271,15,30,-15
218000273,34,3,31
218000274,22,1,21
218000275,33,51,-18
218000276,24,25,-1
218000278,15,24,-9
218000279,122,28,94
218000280,1,21,-20
218000281,3,18,-15
218000282,490,654,-164
218000284,79,12,67
218000301,110,115,-5
218000302,120,45,75
218000303,11,42,-31
218000316,798,645,153
218000317,1589,589,1000
218000318,1008,445,563
218000319,1089,597,492
218000320,877,457,420
218000338,24,22,2
218000345,68,71,-3
218000346,43,192,-149
218000459,38,101,-63
218000490,27,46,-19
218000501,94,33,61
218000502,44,48,-4
218000503,98,21,77
218000504,134,21,113
218000505,48,96,-48
218000506,26,196,-170
218000508,1,7,-6
218000510,130,13,117
218000520,93,50,43
218000521,4,18,-14
218000522,3,187,-184
218000523,112,0,112
218000524,11,400,-389
218000525,98,27,71
218000526,15,199,-184
218000529,47,72,-25
218000530,20,0,20
218000531,13,10,3
218000532,35,17,18
218000534,242,15,227
218000537,14,65,-51
218000538,137,339,-202
218000540,219,78,141
218000543,151,53,98
218000544,22,60,-38
218000545,91,47,44
218000546,37,71,-34
218000547,103,126,-23
218000548,142,80,62
218000549,550,511,39
218000550,188,213,-25
218000551,93,806,-713
218000552,298,65,233
218000553,31,88,-57
218000554,15,33,-18
218000555,43,61,-18
218000556,187,146,41
218000557,441,100,341
218000558,76,1,75
218000559,0,28,-28
218000560,0,40,-40
218000561,19,0,19
218000562,28,138,-110
218000563,203,32,171
218000564,4,99,-95
218000565,91,86,5
218000566,104,56,48
218000567,4,63,-59
218000568,7,2,5
218000569,7,236,-229
218000570,43,18,25
218000571,1,111,-110
218000572,128,3,125
218000573,5,192,-187
218000574,24,16,8
218000575,104,0,104
218000576,1,85,-84
218000577,81,2,79
218000578,2,92,-90
218000579,52,16,36
218000581,8,37,-29
218000582,57,3,54
218000583,10,0,10
218000584,0,24,-24
218000585,34,1,33
218000586,12,41,-29
218000587,1,3,-2
218000588,0,5,-5
218000589,2,7,-5
218000590,5,0,5
218000591,1,5,-4
218000592,7,2,5
218000593,1,1,0
218000594,0,0,0
218000597,0,0,0
218000598,0,0,0
218000599,1,0,1
218000600,1,0,1
218000601,0,0,0
218000602,0,1,-1
218000603,0,9,-9
218000604,6,0,6
218000605,0,24,-24
218000606,60,4,56
218000607,6,50,-44
218000608,56,10,46
218000609,17,37,-20
218000610,84,8,76
218000611,9,4,5
218000612,3,15,-12
218000613,61,3,58
218000614,0,43,-43
218000615,129,4,125
218000616,5,122,-117
218000617,8,0,8
218000618,0,19,-19
218000619,77,29,48
218000620,58,27,31
218000621,0,4,-4
218000622,0,16,-16
218000623,23,2,21
218000624,0,17,-17
218000625,6,0,6
218000626,0,7,-7
218000628,179,55,124
218000631,46,8,38
218000632,1,115,-114
218000633,112,4,108
218000634,1,13,-12
218000635,8,8,0
218000636,719,619,100
218000637,1240,338,902
218000638,382,36,346
218000639,21,80,-59
218000640,399,15,384
218000641,111,170,-59
218000652,35,25,10
218000653,189,41,148
218000663,3,107,-104
218000675,31,61,-30
218000676,0,14,-14
218000677,19,2,17
218000680,204,194,10
218000681,483,118,365
218000691,221,103,118
218000693,395,101,294
218000703,10,22,-12
218000718,136,1031,-895
218000719,246,611,-365
218000720,11,258,-247
218000721,59,20,39
218000725,7,7,0
218001147,2,46,-44
218001214,7,128,-121
218001258,138,1,137
218001329,92,90,2
218001330,80,65,15
218001351,34,4,30
218001352,10,28,-18
218001353,13,3,10
218001354,1,9,-8
218001355,7,102,-95
218001356,614,12,602
218001357,3,62,-59
218001358,329,10,319
218001361,390,5,385
218001362,0,38,-38
219000001,41,38,3
219000002,26,43,-17
219000003,79,47,32
219000004,35,39,-4
219000017,71,43,28
219000020,179,72,107
219000022,142,7,135
219000023,198,6,192
219000029,0,40,-40
219000034,38,22,16
219000039,90,110,-20
219000040,77,58,19
219000041,113,17,96
219000051,0,39,-39
219000052,0,19,-19
219000053,0,84,-84
219000054,28,84,-56
219000055,325,4,321
219000056,7,1,6
219000057,77,0,77
219000062,16,48,-32
219000063,143,6,137
219000064,1,53,-52
219000110,392,82,310
219000111,67,44,23
219000112,190,66,124
219000113,203,88,115
219000114,141,92,49
219000116,101,40,61
219000117,158,34,124
219000118,213,41,172
219000123,143,55,88
219000124,70,54,16
219000125,13,3,10
219000126,54,136,-82
219000127,1,4,-3
219000128,14,107,-93
219000129,26,91,-65
219000130,235,390,-155
219000131,543,865,-322
219000133,14,48,-34
219000134,14,36,-22
219000135,27,87,-60
219000136,110,168,-58
219000138,88,27,61
219000139,45,19,26
219000140,117,3,114
219000141,41,47,-6
219000142,17,50,-33
219000143,3,37,-34
219000145,14,32,-18
219000146,1,22,-21
219000147,2,24,-22
219000148,1,14,-13
219000149,7,45,-38
219000150,3,37,-34
219000151,3,12,-9
219000157,288,99,189
219000158,143,134,9
219000161,120,8,112
219000163,992,469,523
219000166,124,173,-49
219000167,134,91,43
219000168,299,71,228
219000174,476,128,348
219000175,132,9,123
219000176,132,6,126
219000177,82,6,76
219000178,71,0,71
219000179,23,7,16
219000180,38,51,-13
219000182,134,24,110
219000183,71,27,44
219000184,127,9,118
219000185,3,45,-42
219000186,95,24,71
219000187,34,55,-21
219000189,40,239,-199
219000190,91,195,-104
219000191,309,1365,-1056
219000192,195,115,80
219000193,145,146,-1
219000195,3,44,-41
219000196,3,52,-49
219000198,9,47,-38
219000199,27,142,-115
219000200,36,93,-57
219000201,38,132,-94
219000203,26,104,-78
219000204,74,223,-149
219000205,55,205,-150
219000207,105,129,-24
219000209,27,38,-11
219000210,36,49,-13
219000213,10,88,-78
219000239,187,204,-17
219000240,225,338,-113
219000241,155,85,70
219000242,28,131,-103
219000243,76,167,-91
219000244,13,58,-45
219000245,25,28,-3
219000246,22,20,2
219000247,242,30,212
219000248,494,425,69
219000249,172,110,62
219000250,169,97,72
219000251,607,248,359
219000252,212,154,58
219000253,370,101,269
219000255,181,120,61
219000256,285,51,234
219000257,90,0,90
219000262,139,75,64
219000263,39,68,-29
219000267,4,58,-54
219000268,11,3,8
219000269,6,1,5
219000270,14,0,14
219000271,139,6,133
219000278,3,9,-6
219000279,4,1,3
219000283,0,12,-12
219000295,16,62,-46
219000296,67,248,-181
219000297,34,58,-24
219000298,39,63,-24
219000299,482,41,441
219000300,23,94,-71
219000301,160,261,-101
219000302,24,211,-187
219000307,45,26,19
219000308,53,68,-15
219000311,208,62,146
219000312,502,127,375
219000313,374,38,336
219000314,59,172,-113
219000315,338,35,303
219000316,558,48,510
219000317,132,8,124
219000320,2,64,-62
219000321,0,20,-20
219000323,4,49,-45
219000325,0,10,-10
219000326,50,48,2
219000327,66,31,35
219000328,42,77,-35
219000329,297,113,184
219000330,46,23,23
219000331,48,26,22
219000332,150,69,81
219000333,29,1,28
219000335,87,0,87
219000337,27,0,27
219000338,49,2,47
219000344,30,66,-36
219000345,53,54,-1
219000346,34,57,-23
219000348,198,60,138
219000349,56,109,-53
219000350,147,336,-189
219000351,3,11,-8
219000352,446,88,358
219000353,127,47,80
219000354,258,64,194
219000355,200,44,156
219000356,616,1473,-857
219000363,201,74,127
219000364,114,58,56
219000365,118,12,106
219000366,212,442,-230
219000368,301,662,-361
219000370,784,627,157
219000371,15,32,-17
219000382,6,13,-7
219000383,306,1298,-992
219000385,348,482,-134
219000386,455,1482,-1027
219000387,1,15,-14
219000390,1,0,1
219000391,4,0,4
219000397,37,35,2
219000398,51,49,2
219000401,19,75,-56
219000402,23,90,-67
219000403,118,354,-236
219000404,17,152,-135
219000407,4,38,-34
219000409,65,34,31
219000410,82,40,42
219000411,86,17,69
219000446,95,296,-201
219000447,0,23,-23
219000448,22,11,11
219000452,93,69,24
219000453,57,194,-137
219000454,153,367,-214
219000556,301,79,222
219000558,96,87,9
219000590,17,145,-128
219000591,139,66,73
219000592,91,228,-137
219000595,4,15,-11
219000635,186,34,152
219000636,26,46,-20
219000657,16,24,-8
219000658,41,142,-101
219000673,0,45,-45
219000676,13,8,5
219000679,35,15,20
219000684,85,2,83
219000685,0,41,-41
219000686,0,5,-5
219000688,0,30,-30
219000689,16,155,-139
219000690,163,21,142
219000691,45,141,-96
219000692,165,26,139
219000693,1,5,-4
219000694,12,0,12
219000695,32,2,30
219000698,14,0,14
219000699,0,26,-26
219000727,2,43,-41
219000728,163,3,160
219000770,45,0,45
219000771,1,50,-49
219000788,360,223,137
219001150,1,49,-48
219001151,1,3,-2
219001166,40,36,4
219001167,2,40,-38
219001178,60,1,59
220000001,37,100,-63
220000002,10,84,-74
220000003,343,131,212
220000004,454,240,214
220000005,845,1985,-1140
220000006,212,750,-538
220000007,398,300,98
220000008,362,415,-53
220000009,235,300,-65
220000010,122,83,39
220000011,346,3065,-2719
220000012,55,352,-297
220000014,117,58,59
220000015,42,296,-254
220000017,40,168,-128
220000018,3762,2219,1543
220000019,81,397,-316
220000020,506,188,318
220000021,782,169,613
220000022,1021,262,759
220000023,369,161,208
220000024,1617,424,1193
220000025,1090,1775,-685
220000026,356,521,-165
220000027,21,113,-92
220000028,40,46,-6
220000029,49,72,-23
220000030,49,62,-13
220000031,578,284,294
220000064,20,773,-753
221000046,3,0,3
221000047,0,1,-1
221000048,0,2,-2
221000049,0,1,-1
221000050,24,0,24
221000055,26,46,-20
221000057,92,7,85
221000068,319,138,181
221000069,330,55,275
221000070,282,22,260
221000071,137,3,134
221000072,261,12,249
221000073,192,42,150
221000074,0,20,-20
221000075,19,22,-3
221000076,10,15,-5
221000077,16,71,-55
221000081,24,7,17
221000082,88,2,86
221000083,12,5,7
221000084,1,6,-5
221000085,13,37,-24
221000086,10,60,-50
221000087,3,97,-94
221000088,17,145,-128
221000089,23,181,-158
221000090,81,467,-386
221000098,106,16,90
221000099,196,9,187
221000100,126,7,119
221000101,234,15,219
221000102,172,27,145
221000109,3,100,-97
221000110,16,58,-42
221000111,15,91,-76
221000112,4,96,-92
221000113,17,129,-112
221000114,10,111,-101
221000120,33,36,-3
221000121,1,51,-50
221000122,46,38,8
221000123,8,1,7
221000124,34,93,-59
221000155,128,15,113
221000156,71,41,30
221000175,3,18,-15
221000176,0,4,-4
221000182,55,2,53
221000241,559,296,263
221000242,131,347,-216
221000243,579,184,395
221000244,347,418,-71
221000245,94,78,16
221000246,36,171,-135
221000247,127,116,11
221000248,106,84,22
221000267,36,471,-435
221000325,38,65,-27
221000331,8,46,-38
221000338,8,29,-21
221000378,283,32,251
221000381,39,34,5
222000282,4,3,1
222000296,1,16,-15
222000568,395,23,372
222000569,267,56,211
222000570,152,35,117
222000571,628,23,605
222000577,17,98,-81
222000578,27,140,-113
222000579,20,117,-97
222000580,74,546,-472
222000599,0,119,-119
222000600,1,197,-196
222000601,5,658,-653
222000603,6,52,-46
222000604,3,60,-57
222000605,17,39,-22
222000606,2,10,-8
222000607,8,2,6
222000608,32,7,25
222000609,54,99,-45
222000616,631,32,599
222000617,5,21,-16
222000618,4,4,0
222000620,21,14,7
222000621,48,26,22
222000623,750,11,739
222000624,457,3,454
222000625,763,17,746
222000636,67,7,60
222000686,12,32,-20
222000687,41,14,27
222001066,359,4,355
222001067,22,2,20
222001068,94,31,63
222001069,94,20,74
222001082,34,26,8
222001083,30,28,2
222001084,0,73,-73
222001085,4,154,-150
222001111,97,67,30
222001112,250,24,226
222001313,23,5,18
222001314,16,117,-101
222001464,79,37,42
222001465,7,34,-27
222001484,154,35,119
222001485,19,44,-25
222001494,761,133,628
222001495,127,108,19
222001496,461,84,377
222001497,120,193,-73
222001502,14,58,-44
222001503,151,41,110
222001504,39,231,-192
222001505,426,16,410
222001506,36,301,-265
222001507,364,27,337
222001510,730,25,705
222001511,58,181,-123
222001514,823,209,614
222001515,173,372,-199
222001518,482,72,410
222001519,67,126,-59
222001527,226,74,152
222001528,45,105,-60
222001529,363,45,318
222001530,50,119,-69
222001533,134,178,-44
222001534,495,53,442
222001535,310,288,22
222001536,72,130,-58
222001537,457,48,409
222001538,60,297,-237
222001563,995,100,895
222001564,78,207,-129
222001568,198,231,-33
222001576,1,13,-12
222001579,1,14,-13
222001583,19,58,-39
222001584,117,11,106
222001596,640,1060,-420
222001597,1935,412,1523
222001626,0,92,-92
222001650,47,217,-170
222001651,66,496,-430
222001914,274,84,190
222001915,58,131,-73
222001968,530,247,283
222001969,304,360,-56
222001970,167,212,-45
222001971,51,4,47
222001972,4,22,-18
225000001,428,137,291
225000002,685,158,527
225000003,858,106,752
225000004,522,218,304
225000005,58,32,26
225000006,0,113,-113
225000007,969,1051,-82
225000010,352,22,330
225000011,359,1120,-761
225000012,255,670,-415
225000013,85,97,-12
225000014,755,103,652
225000015,110,106,4
225000021,744,143,601
225000027,216,415,-199
225000032,678,106,572
225000042,45,403,-358
225000049,69,65,4
225000050,62,9,53
225000053,4,245,-241
225000058,627,204,423
225000067,205,138,67
225000068,107,183,-76
225000069,70,323,-253
225000070,92,201,-109
225000071,31,105,-74
225000075,20,432,-412
225000076,47,116,-69
225000078,48,36,12
225000085,131,107,24
225000086,300,118,182
225000087,101,15,86
225000088,12,150,-138
225000089,149,882,-733
225000090,58,440,-382
225000091,197,112,85
225000092,22,58,-36
225000093,284,194,90
225000094,35,130,-95
225000095,334,251,83
225000096,235,319,-84
225000098,849,242,607
225000099,451,136,315
225000100,504,135,369
225000104,113,314,-201
225000110,6,253,-247
225000111,144,606,-462
225000112,208,735,-527
225000113,186,495,-309
225000114,76,174,-98
225000115,760,517,243
225000116,759,159,600
225000117,654,226,428
225000118,1151,225,926
225000119,240,73,167
225000120,716,26,690
225000121,238,15,223
225000123,486,11,475
225000125,484,121,363
225000126,634,153,481
225000127,567,1697,-1130
225000128,475,976,-501
225000132,352,32,320
225000133,210,28,182
225000134,577,162,415
225000135,64,10,54
225000136,327,13,314
225000137,258,40,218
225000138,439,102,337
225000143,36,149,-113
225000144,8,225,-217
225000145,64,23,41
225000146,44,31,13
225000147,27,84,-57
225000148,5,96,-91
225000149,41,260,-219
225000151,21,124,-103
225000155,327,268,59
225000156,143,800,-657
225000157,224,274,-50
225000158,66,119,-53
225000171,6,137,-131
225000180,71,42,29
225000181,0,64,-64
225000182,72,4,68
225000185,17,348,-331
225000187,49,314,-265
225000191,92,2,90
225000194,0,14,-14
225000208,0,36,-36
225000209,98,10,88
225000210,3,177,-174
225000217,1,7,-6
225000218,7,0,7
225000223,0,32,-32
225000224,22,2,20
225000225,2,14,-12
225000226,40,0,40
225000227,26,58,-32
225000228,5,15,-10
225000229,1,36,-35
225000230,69,0,69
225000231,0,22,-22
225000232,149,1,148
225000241,71,1,70
225000242,0,24,-24
225000249,5,0,5
225000250,39,328,-289
225000251,427,31,396
225000254,5,1,4
225000256,2,28,-26
225000257,1,17,-16
226000042,180,333,-153
226000043,48,208,-160
226000044,97,239,-142
226000045,78,187,-109
226000046,539,85,454
226000047,439,96,343
226000048,425,88,337
226000049,294,191,103
226000070,0,21,-21
226000071,0,30,-30
226000072,0,14,-14
226000073,0,9,-9
226000074,0,15,-15
226000084,0,29,-29
226000085,1,9,-8
226000086,4,12,-8
226000087,2,12,-10
226000088,24,53,-29
226000090,188,108,80
226000091,19,67,-48
226000092,4,23,-19
226000093,20,6,14
226000094,5,5,0
226000095,10,4,6
226000105,10,1,9
226000106,9,0,9
226000107,14,0,14
226000108,37,0,37
226000109,81,0,81
226000124,112,49,63
226000134,996,411,585
226000135,1896,568,1328
226000136,706,410,296
226000137,6,185,-179
226000138,16,91,-75
226000139,1,27,-26
226000156,270,6,264
226000157,230,6,224
226000163,110,146,-36
226000202,23,170,-147
226000231,495,10,485
226000232,48,19,29
227000033,474,60,414
227000036,517,34,483
227000037,627,24,603
227000038,148,21,127
227000084,1,77,-76
227000085,0,32,-32
227000088,51,2,49
227000089,98,5,93
227000090,33,1,32
227000091,17,0,17
227000092,26,1,25
227000093,137,1,136
227000094,5,1,4
227000130,23,97,-74
227000131,30,138,-108
227000132,2,138,-136
227000133,15,123,-108
227000134,10,187,-177
227000152,0,2,-2
227000153,0,59,-59
227000154,1,18,-17
227000155,0,15,-15
227000156,0,15,-15
227000165,4,45,-41
227000196,504,115,389
227000199,474,272,202
227000230,13,218,-205
227000232,613,20,593
227000242,49,302,-253
227000243,565,72,493
227000245,11,203,-192
227000246,92,273,-181
227000247,484,75,409
227000248,190,45,145
227000249,31,101,-70
227000250,373,202,171
227000251,66,157,-91
227000252,32,133,-101
227000253,227,27,200
227000262,561,68,493
227000266,1547,19,1528
227000267,15,765,-750
227000282,4,73,-69
227000284,809,14,795
227000286,5,41,-36
227000287,14,55,-41
227000291,11,278,-267
227000296,141,240,-99
227000484,244,11,233
227000485,16,489,-473
227000655,289,5,284
227000656,729,40,689
227000657,167,11,156
227000661,292,8,284
227000680,141,78,63
229000265,20,22,-2
229000296,0,18,-18
229000297,4,21,-17
229000298,4,81,-77
229000320,9,0,9
229000321,24,3,21
229000412,16,72,-56
229000414,4,40,-36
229000415,14,3,11
229000416,0,10,-10
229000417,3,11,-8
229000419,81,225,-144
229000440,334,72,262
229000442,31,2,29
229000443,7,3,4
229000444,0,16,-16
229000445,68,7,61
229000446,106,19,87
229000491,3,7,-4
229000492,11,32,-21
229000493,7,71,-64
229000494,68,2,66
229000495,209,7,202
229000496,116,5,111
229000507,0,59,-59
229000508,0,32,-32
229000509,1,47,-46
229000510,1,23,-22
229000511,3,32,-29
229000512,0,26,-26
229000513,0,1,-1
229000514,0,5,-5
229000517,2,6,-4
229000518,24,11,13
229000519,4,4,0
229000520,18,25,-7
229000521,68,11,57
229000522,6,5,1
229000523,27,6,21
229000524,6,1,5
229000527,1,0,1
229000528,0,0,0
229000529,8,0,8
229000530,76,1,75
229000531,44,8,36
229000532,18,1,17
229000533,77,0,77
229000534,43,1,42
229000564,108,0,108
229000565,25,0,25
229000566,0,3,-3
229000567,0,13,-13
229000582,71,2,69
229000583,5,2,3
229000584,0,36,-36
229000585,1,55,-54
229000718,0,1,-1
229000719,0,0,0
229000720,0,3,-3
229000721,0,1,-1
229000722,0,2,-2
229000723,0,1,-1
229000724,0,1,-1
229000725,0,3,-3
229000738,0,0,0
229000739,0,0,0
229000740,3,0,3
229000741,19,0,19
229000742,15,0,15
229000743,21,0,21
229000744,0,0,0
229000745,0,0,0
229000746,16,0,16
229000847,58,0,58
229000848,23,0,23
229000849,97,3,94
229000851,38,0,38
229000854,1,6,-5
229000856,0,22,-22
229000857,0,10,-10
229000858,0,14,-14
229000919,9,57,-48
229000930,3,160,-157
229000937,72,4,68
229000966,50,25,25
229000981,27,15,12
229000985,14,28,-14
229000986,1,6,-5
229000987,0,1,-1
229000988,3,3,0
229000989,8,5,3
229000990,6,3,3
229000991,1,0,1
229000992,19,1,18
229000993,136,14,122
229000998,3,51,-48
229000999,108,5,103
229001034,1,5,-4
229001035,12,0,12
229001037,36,5,31
229001042,9,10,-1
229001047,4,21,-17
229001050,25,35,-10
229001168,0,17,-17
229001200,41,9,32
229001338,3,20,-17
229001394,172,2,170
229001422,161,19,142
229001423,19,71,-52
229001431,27,29,-2
229001432,35,31,4
229001444,254,74,180
229001445,29,96,-67
229001479,45,0,45
229001503,207,60,147
229001504,75,74,1
229001505,116,24,92
229001506,57,81,-24
229001509,23,8,15
229001545,83,2,81
229001546,11,55,-44
229001553,76,16,60
229001554,27,46,-19
229001559,1,12,-11
229001560,6,13,-7
229001630,64,2,62
229001631,7,19,-12
229001635,1,15,-14
229001636,0,1,-1
229001658,0,54,-54
229001659,51,3,48
229001660,19,3,16
229001661,10,36,-26
229001662,21,1,20
229001663,0,16,-16
229002584,172,127,45
229002831,96,79,17
229002841,9,9,0
229002842,19,18,1
229002843,60,17,43
229002844,21,38,-17
229002845,11,79,-68
229002846,31,8,23
229002847,1,14,-13
229002848,10,8,2
229002849,7,76,-69
229002850,6,1,5
229002851,31,106,-75
229002852,130,14,116
229002853,124,8,116
229002854,31,54,-23
229002855,13,22,-9
229002856,31,11,20
229002857,6,117,-111
229002858,13,4,9
229002859,22,67,-45
229002860,92,19,73
229002861,70,13,57
229002862,14,18,-4
229002863,34,12,22
229002864,31,19,12
229002865,10,8,2
229002866,13,23,-10
229002867,4,23,-19
229002868,6,17,-11
229002869,21,99,-78
229002870,90,16,74
235000066,311,50,261
235000067,105,51,54
235000072,45,68,-23
235000073,123,299,-176
235000074,45,29,16
235000080,21,58,-37
235000081,104,49,55
235000082,153,39,114
235000083,325,38,287
235000084,59,49,10
235000085,188,47,141
235000089,58,28,30
235000092,51,120,-69
235000093,7,9,-2
235000097,5,2,3
235000098,49,4,45
235000099,28,11,17
235000116,61,16,45
235000117,401,12,389
235000133,10,670,-660
235000134,9,198,-189
235000206,26,26,0
235000207,2,19,-17
235000208,4,3,1
235000209,5,1,4
235000210,10,1,9
235000212,1,18,-17
235000213,3,7,-4
235000220,1,6,-5
235000221,64,4,60
235000238,14,147,-133
235000239,1,35,-34
235000242,362,935,-573
235000245,330,104,226
235000246,11,71,-60
235000284,12,162,-150
235000295,69,23,46
235000305,263,15,248
235000306,332,6,326
235000307,26,2,24
235000308,32,1,31
235000309,54,1,53
235000310,37,0,37
235000311,95,19,76
235000322,0,42,-42
235000323,0,39,-39
235000324,0,26,-26
235000325,1,129,-128
235000326,7,87,-80
235000351,2,69,-67
235000352,6,41,-35
235000353,5,29,-24
235000354,5,28,-23
235000355,10,46,-36
235000356,50,1,49
235000357,23,3,20
235000358,29,19,10
235000359,12,7,5
235000360,36,12,24
235000361,47,9,38
235000381,63,59,4
235000382,192,35,157
235000390,14,4,10
235000391,215,17,198
235000392,278,271,7
235000393,182,189,-7
235000395,203,39,164
235000396,667,65,602
235000400,67,61,6
235000401,11,102,-91
235000405,84,159,-75
235000406,28,118,-90
235000407,48,49,-1
235000409,162,49,113
235000410,44,197,-153
235000411,0,42,-42
235000485,0,11,-11
235000486,9,1,8
235000549,162,64,98
235000550,100,85,15
235000599,264,30,234
235000600,14,8,6
235000601,16,18,-2
235000602,128,32,96
235000614,2,4,-2
235000648,1,12,-11
235000649,46,6,40
235000685,1,0,1
235000815,12,83,-71
235000834,0,10,-10
235000855,64,33,31
235000862,21,59,-38
235000891,0,9,-9
235000892,69,62,7
235000901,91,49,42
235000907,6,7,-1
235001010,99,38,61
235001029,298,232,66
235001030,451,228,223
235001078,92,99,-7
235001079,57,56,1
235001147,8,53,-45
235001166,16,40,-24
235001167,72,23,49
235001169,22,261,-239
235001188,0,7,-7
235001189,6,0,6
235001197,6,9,-3
235001200,100,45,55
235001207,173,62,111
235001210,13,43,-30
235001215,15,65,-50
235001239,2,21,-19
235001244,2,7,-5
235016267,1,59,-58
277101746,0,2,-2
277102712,0,0,0
277103813,0,0,0
277103814,0,0,0
277103898,0,0,0
277104249,0,1,-1
277104250,0,9,-9
277104251,0,6,-6
277104252,1,2,-1
990011530,0,143,-143
990014944,1,281,-280
990015176,24,3,21
990015618,0,92,-92
990016032,0,199,-199
990032570,15,29,-14
990070001,78,0,78
990070103,0,5,-5
990070601,0,41,-41
990070751,1267,7,1260
990070766,3,215,-212
990071180,446,151,295
990071343,32,1,31
990071387,0,15,-15
990071823,565,3,562
990072600,2,1368,-1366
990072964,0,373,-373
990073285,0,1,-1
990074393,3,584,-581
990074870,1596,51,1545
990075106,939,4,935
990075746,588,4,584
990076437,1927,1,1926
990076458,0,323,-323
997000007,396,27,369
997000041,0,289,-289
997000058,47,1,46
997000062,31,0,31
997000069,0,2,-2
997000070,0,13,-13
997000100,58,1,57
997000141,8,1951,-1943
997000198,23,808,-785
998000475,0,4,-4
998000736,0,87,-87
998000965,0,6,-6
998001031,0,94,-94
998001700,0,2,-2
998001899,0,1,-1
998001900,12,2,10
998003073,1275,4,1271
998101900,0,0,0
998102850,0,332,-332
998501927,676,1220,-544
998501929,155,10,145
998501930,29,0,29
998501931,202,69,133
998501932,3,0,3
998501933,62,0,62
998501937,12,0,12
998501944,9,0,9
998501950,0,0,0
998501970,71,2,69
998501971,0,83,-83
998501973,0,26,-26
998501974,1,185,-184
998501975,110,3,107
998501976,225,1,224
998501977,0,16,-16
998501978,16,0,16
998501979,0,11,-11
998501980,145,46,99
998501981,19,0,19
998501982,0,120,-120
998501983,0,0,0
998502006,0,0,0
998502024,0,7,-7
998502032,1,2,-1
998502062,9,2,7
998502063,0,0,0
998502173,21,0,21
998502269,0,5,-5
998502546,0,121,-121
998601159,3,54,-51
998601292,0,15,-15
999033574,0,212,-212
999800001,30,14,16
999800002,0,1,-1
999800003,4,2,2
999800004,0,3,-3
999800005,0,7,-7
