ID,insum,outsum,diff
100000001,925,1028,-103
100000002,4082,4542,-460
100000003,4926,6186,-1260
100000004,560,1519,-959
100000005,2804,5437,-2633
100000006,589,272,317
100000007,2277,950,1327
100000008,94,770,-676
100000009,363,412,-49
100000010,55,118,-63
100000011,590,156,434
100000012,49,1361,-1312
100000013,79,363,-284
100000014,184,495,-311
100000015,1336,2421,-1085
100000016,564,1390,-826
100000017,502,1179,-677
100000018,915,903,12
100000019,3781,3133,648
100000020,1377,6370,-4993
100000021,6949,2706,4243
100000022,876,3396,-2520
100000023,7057,1925,5132
100000025,571,1871,-1300
100000028,789,1279,-490
100000029,112,491,-379
100000030,77,49,28
100000031,2309,5682,-3373
100000032,1595,4097,-2502
100000033,1110,3489,-2379
100000034,166,936,-770
100000035,1002,2014,-1012
100000036,932,1641,-709
100000037,697,556,141
100000038,2206,1606,600
100000039,348,1961,-1613
100000040,267,287,-20
100000041,1681,591,1090
100000042,1066,484,582
100000043,747,611,136
100000044,227,1078,-851
100000045,403,1427,-1024
100000046,502,1294,-792
100000047,225,1643,-1418
100000048,368,948,-580
100000049,1990,1253,737
100000051,456,584,-128
100000053,108,12,96
100000054,309,41,268
100000055,646,377,269
100000056,465,965,-500
100000057,2376,947,1429
100000058,971,780,191
100000059,17,306,-289
100000060,489,339,150
100000061,2597,1103,1494
100000062,1656,785,871
100000063,1217,300,917
100000064,2230,444,1786
100000065,375,692,-317
100000066,161,493,-332
100000067,297,635,-338
100000068,357,1219,-862
100000069,314,932,-618
100000072,184,600,-416
100000073,1059,763,296
100000075,741,272,469
100000076,1530,4298,-2768
100000077,155,436,-281
100000078,22,48,-26
100000079,53,59,-6
100000080,21,68,-47
100000081,121,286,-165
100000102,3037,4768,-1731
100000103,1582,2110,-528
100000104,3149,3045,104
100000105,1348,1927,-579
100000106,1466,2893,-1427
100000107,201,1452,-1251
100000108,378,1091,-713
100000109,960,1500,-540
100000116,780,878,-98
100000117,71,207,-136
100000118,652,1551,-899
100000119,636,1131,-495
100000121,353,480,-127
100000122,635,1725,-1090
100000123,1387,3043,-1656
100000124,3225,3753,-528
100000125,3941,2022,1919
100000126,519,720,-201
100000127,969,514,455
100000128,1337,3064,-1727
100000129,292,794,-502
100000130,606,324,282
100000131,1365,1939,-574
100000132,916,2401,-1485
100000133,2132,1516,616
100000135,673,1612,-939
100000139,177,619,-442
100000140,175,371,-196
100000142,739,565,174
100000143,1554,475,1079
100000144,2741,648,2093
100000147,1412,3980,-2568
100000150,105,704,-599
100000151,722,1975,-1253
100000153,181,543,-362
100000154,36,465,-429
100000155,19,46,-27
100000156,380,431,-51
100000157,392,273,119
100000158,307,192,115
100000159,138,860,-722
100000165,765,818,-53
100000169,73,1343,-1270
100000174,244,1210,-966
100000179,63,535,-472
100000180,1192,13839,-12647
100000181,412,838,-426
100000188,102,1451,-1349
100000189,968,1207,-239
100000190,506,1710,-1204
100000191,768,1012,-244
100000192,25,92,-67
100000193,242,224,18
100000330,748,957,-209
100000355,197,2103,-1906
100000362,2788,1589,1199
100000363,5965,6010,-45
100000364,101,269,-168
100000365,6021,10225,-4204
100000366,2346,1953,393
100000367,4825,7583,-2758
100000368,2764,951,1813
100000369,601,2606,-2005
100000370,169,1123,-954
100000376,80,187,-107
100000379,1250,1814,-564
100000380,3573,5630,-2057
100000384,5124,6193,-1069
100000385,1615,4085,-2470
100000386,3632,5880,-2248
100000387,2673,5905,-3232
100000388,2780,6609,-3829
100000389,3802,6920,-3118
100000390,4745,6772,-2027
100000391,3437,9699,-6262
100000392,1606,4615,-3009
100000393,1434,6021,-4587
100000394,4305,9315,-5010
100000395,2706,6381,-3675
100000396,3540,3837,-297
100000397,2687,8581,-5894
100000398,7451,6103,1348
100900002,27,10,17
100900003,465,280,185
100900004,12,1419,-1407
100900005,147,15,132
100900006,71,60,11
100900007,197,5,192
100900008,9,365,-356
100900009,86,239,-153
100900010,90,34,56
100900011,201,162,39
100900012,1,68,-67
100900013,1144,8,1136
100900014,6,3,3
100900015,59,59,0
100900016,31,60,-29
100900017,1167,113,1054
100900018,1,2,-1
100900019,30,136,-106
100900020,384,8,376
100900021,483,0,483
100900022,18,23,-5
100900023,4,28,-24
100900024,261,2,259
100900025,8,15,-7
100900026,130,99,31
100900027,573,2878,-2305
100900028,126,322,-196
100900029,54,6,48
100900030,9,188,-179
100900031,929,42,887
100900032,414,3,411
100900033,221,360,-139
100900034,835,3,832
100900035,232,0,232
100900036,17,0,17
100900037,151,187,-36
100900038,93,55,38
100900039,294,293,1
100900040,579,404,175
100900041,1036,391,645
100900042,1588,2225,-637
100900043,0,27,-27
100900044,1363,524,839
100900045,6,2,4
100900046,1359,21,1338
100900047,1393,259,1134
100900048,120,69,51
100900049,86,86,0
100900050,6,7,-1
100900051,33,162,-129
100900052,371,51,320
100900053,649,28,621
100900054,16,39,-23
100900055,243,996,-753
100900056,34,112,-78
100900057,2171,1313,858
100900058,159,233,-74
100900059,112,11,101
100900060,288,7,281
100900061,255,163,92
100900062,1,29,-28
100900063,315,908,-593
100900064,759,43,716
100900065,57,129,-72
100900066,209,322,-113
100900067,49,10,39
100900068,147,133,14
100900069,287,14,273
100900070,512,18,494
100900071,488,185,303
100900072,4,37,-33
100900073,145,356,-211
100900074,3,5,-2
100900075,1727,226,1501
100900076,4,27,-23
100900077,65,23,42
100900078,102,243,-141
100900079,3,12,-9
100900080,98,309,-211
100900081,51,145,-94
100900082,222,308,-86
100900083,21,23,-2
100900085,27,567,-540
100900086,78,550,-472
100900088,163,225,-62
100900089,1,18,-17
100900090,111,687,-576
100900091,7,25,-18
100900092,131,182,-51
100900093,309,410,-101
100900094,204,163,41
100900095,8,14,-6
100900096,65,145,-80
100900097,0,5,-5
100900098,15,34,-19
100900099,26,352,-326
100900100,7,792,-785
100900101,322,58,264
100900102,81,230,-149
100900103,7,9,-2
100900104,7,131,-124
100900105,21,750,-729
100900106,33,13,20
100900107,1811,918,893
100900108,9,140,-131
100900109,19,24,-5
100900110,10,38,-28
100900111,47,183,-136
100900112,7,64,-57
100900113,12,32,-20
100900114,14,16,-2
100900115,16,17,-1
100900116,1294,461,833
100900117,334,1239,-905
100900118,11,47,-36
100900119,12,19,-7
100900120,50,2,48
100900121,675,431,244
100900122,60,150,-90
100900123,111,158,-47
100900124,8,12,-4
100900125,4,40,-36
100900126,248,143,105
100900127,2,12,-10
100900128,111,277,-166
100900129,0,305,-305
100900131,49,328,-279
100900133,68,40,28
100900134,9,1,8
100900135,3,444,-441
100900137,367,267,100
100900138,365,411,-46
100900139,4,7,-3
100900140,3,284,-281
100900141,1,699,-698
100900142,1,18,-17
100900143,563,557,6
100900144,14,5,9
100900145,130,303,-173
100900146,4,58,-54
100900147,13,673,-660
100900148,41,288,-247
100900149,30,262,-232
100900150,5,36,-31
100900151,164,502,-338
100900152,902,39,863
100900153,4,205,-201
100900154,40,202,-162
100900155,25,12,13
100900156,107,17,90
100900157,16,1201,-1185
100900158,285,29,256
100900159,16,65,-49
100900160,38,13,25
100900161,136,14,122
100900162,16,807,-791
100900163,114,121,-7
100900164,81,28,53
100900165,11,25,-14
100900166,703,3,700
100900167,18,59,-41
100900168,26,301,-275
100900169,86,918,-832
100900170,26,2,24
100900171,30,306,-276
100900172,1,22,-21
100900173,5,167,-162
100900174,91,28,63
100900176,1793,194,1599
100900177,456,294,162
100900178,216,230,-14
100900179,310,494,-184
100900180,10,5,5
100900181,369,76,293
100900182,317,55,262
100900184,32,201,-169
100900186,515,381,134
100900187,6,62,-56
100900188,29,4,25
100900189,3257,286,2971
100900191,633,1499,-866
100900192,192,557,-365
100900195,102,187,-85
100900197,37,61,-24
100900198,39,102,-63
100900199,9,13,-4
100900200,1016,311,705
100900201,90,946,-856
100900202,39,0,39
100900203,4,320,-316
100900204,292,2074,-1782
100900205,164,636,-472
100900206,264,104,160
100900207,286,180,106
100900210,138,286,-148
100900211,685,156,529
100900213,303,74,229
100900214,468,125,343
100900215,28,44,-16
100900217,96,159,-63
101000001,1914,2328,-414
101000002,8104,8397,-293
101000003,317,1016,-699
101000004,6138,5937,201
101000005,3840,5102,-1262
101000006,5500,7952,-2452
101000007,3662,4431,-769
101000008,1793,2009,-216
101000009,2229,678,1551
101000010,931,546,385
101000011,1012,410,602
101000012,580,656,-76
101000013,702,1273,-571
101000014,401,520,-119
101000015,1694,1039,655
101000016,317,488,-171
101000017,398,440,-42
101000018,1437,2440,-1003
101000020,1824,817,1007
101000021,580,415,165
101000022,200,204,-4
101000023,1048,575,473
101000025,343,514,-171
101000026,203,32,171
101000027,2098,3387,-1289
101000028,876,283,593
101000029,145,1678,-1533
101000030,1170,234,936
101000031,336,1081,-745
101000032,2936,4616,-1680
101000033,2485,3811,-1326
101000034,971,1796,-825
101000035,670,325,345
101000036,1047,1173,-126
101000037,1169,2161,-992
101000039,2850,3019,-169
101000040,2356,4832,-2476
101000041,2740,8228,-5488
101000042,195,1292,-1097
101000043,3664,8803,-5139
101000045,465,1023,-558
101000046,1321,2421,-1100
101000047,1304,5521,-4217
101000048,552,416,136
101000049,634,2424,-1790
101000050,1363,2315,-952
101000051,1025,3059,-2034
101000052,1107,1670,-563
101000053,890,1293,-403
101000054,1990,951,1039
101000055,1123,1627,-504
101000056,29,110,-81
101000057,960,1649,-689
101000058,985,1424,-439
101000059,1835,2438,-603
101000060,1881,923,958
101000061,591,1628,-1037
101000062,393,754,-361
101000063,374,1370,-996
101000064,667,1157,-490
101000065,276,699,-423
101000066,640,1231,-591
101000067,698,1127,-429
101000068,146,581,-435
101000069,157,67,90
101000070,742,1028,-286
101000071,2457,1225,1232
101000072,599,3252,-2653
101000073,723,1415,-692
101000074,2754,4869,-2115
101000075,1990,5317,-3327
101000077,1764,1540,224
101000078,900,1400,-500
101000079,1081,1195,-114
101000080,902,1134,-232
101000081,1670,1563,107
101000082,2287,2450,-163
101000083,3252,2320,932
101000084,1100,669,431
101000085,1442,1173,269
101000086,938,1173,-235
101000087,921,850,71
101000088,1425,1259,166
101000089,1135,1642,-507
101000090,1806,831,975
101000091,556,556,0
101000092,1478,629,849
101000093,1330,642,688
101000094,1185,994,191
101000095,596,538,58
101000096,455,402,53
101000097,395,827,-432
101000098,343,920,-577
101000099,731,1426,-695
101000100,691,1457,-766
101000101,196,369,-173
101000102,567,765,-198
101000103,603,672,-69
101000104,309,880,-571
101000105,175,692,-517
101000106,486,1379,-893
101000107,356,498,-142
101000108,524,148,376
101000109,635,112,523
101000110,44,196,-152
101000111,76,212,-136
101000113,254,818,-564
101000114,4383,10494,-6111
101000115,89,73,16
101000116,55,25,30
101000117,1481,246,1235
101000119,54,67,-13
101000120,86,105,-19
101000121,60,73,-13
101000122,138,127,11
101000123,66,160,-94
101000124,904,453,451
101000125,130,235,-105
101000128,271,944,-673
101000130,140,315,-175
101000131,1174,420,754
101000132,1004,963,41
101000135,44,40,4
101000136,242,246,-4
101000137,28,445,-417
101000141,758,3759,-3001
101000147,963,322,641
101000148,612,19,593
101000149,210,497,-287
101000150,112,326,-214
101000151,365,32,333
101000152,277,412,-135
101000153,300,174,126
101000154,371,558,-187
101000155,520,267,253
101000156,34,477,-443
101000157,63,45,18
101000160,64,24,40
101000163,135,458,-323
101000164,352,189,163
101000165,419,409,10
101000166,272,248,24
101000168,859,436,423
101000252,2565,1048,1517
101000254,56,105,-49
101000258,82,7,75
101000261,121,78,43
101000262,1217,3842,-2625
101000263,359,1472,-1113
101000265,69,761,-692
101000266,335,434,-99
101000269,32,17,15
101000290,608,2283,-1675
101000293,61,66,-5
101000294,663,586,77
101000295,158,247,-89
101000301,357,532,-175
101000304,2062,2561,-499
101000305,2632,1065,1567
101900001,30,74,-44
101900002,0,7,-7
101900003,60,101,-41
101900004,1,70,-69
101900005,1642,3441,-1799
101900006,1738,75,1663
101900007,738,202,536
101900008,58,217,-159
101900009,50,306,-256
101900010,599,710,-111
101900011,150,885,-735
101900012,345,90,255
101900013,462,146,316
101900017,13,163,-150
101900018,771,342,429
101900019,137,139,-2
101900020,32,27,5
101900021,2,62,-60
101900022,201,567,-366
101900023,193,117,76
101900026,82,57,25
101900027,12,56,-44
102000001,3035,5566,-2531
102000002,2330,922,1408
102000003,2417,6782,-4365
102000004,4150,2382,1768
102000005,1092,2850,-1758
102000006,750,1413,-663
102000007,1687,5118,-3431
102000008,4237,1387,2850
102000009,7783,9714,-1931
102000010,3864,3226,638
102000011,4263,3463,800
102000012,2903,2581,322
102000018,2441,2886,-445
102000019,3928,1842,2086
102000026,213,460,-247
102000029,181,174,7
102000030,174,407,-233
102000031,75,115,-40
102000032,717,322,395
102000033,334,421,-87
102000034,503,640,-137
102000035,2992,810,2182
102000036,14,343,-329
102000037,168,45,123
102000038,127,440,-313
102000039,138,180,-42
102000040,195,370,-175
102000041,91,659,-568
102000042,144,528,-384
102000043,107,294,-187
102000044,275,667,-392
102000045,497,732,-235
102000046,1614,591,1023
102000047,703,783,-80
102000048,559,828,-269
102000049,1067,994,73
102000050,891,998,-107
102000051,437,840,-403
102000052,1027,745,282
102000053,1018,1188,-170
102000054,815,1044,-229
102000055,1535,356,1179
102000056,1242,388,854
102000057,1326,476,850
102000058,1033,790,243
102000059,1396,1028,368
102000060,760,623,137
102000061,1897,1295,602
102000062,1803,832,971
102000063,930,1216,-286
102000064,524,601,-77
102000065,80,147,-67
102000066,647,826,-179
102000067,2457,2489,-32
102000068,11164,2906,8258
102000069,116,3156,-3040
102000070,1422,35,1387
102000071,6147,8329,-2182
102000072,2778,3538,-760
102000073,745,995,-250
102000074,512,1453,-941
102000075,115,320,-205
102000076,202,295,-93
102000077,734,457,277
102000078,1117,331,786
102000079,166,164,2
102000080,332,161,171
102000081,364,765,-401
102000082,634,386,248
102000083,741,286,455
102000084,516,209,307
102000085,5694,870,4824
102000086,1235,814,421
102000087,1412,1777,-365
102000088,355,313,42
102000089,1316,423,893
102000090,394,1122,-728
102000091,1066,540,526
102000092,271,571,-300
102000093,515,574,-59
102000094,697,661,36
102000095,770,1122,-352
102000096,552,829,-277
102000097,872,588,284
102000098,503,802,-299
102000099,836,994,-158
102000100,233,1095,-862
102000101,381,650,-269
102000102,388,1083,-695
102000103,1822,333,1489
102000104,832,340,492
102000105,337,623,-286
102000106,1002,535,467
102000107,1865,321,1544
102000108,629,147,482
102000109,659,397,262
102000110,1576,544,1032
102000111,15,191,-176
102000112,95,158,-63
102000113,33,23,10
102000114,552,258,294
102000115,347,383,-36
102000116,302,645,-343
102000117,123,918,-795
102000118,871,1617,-746
102000119,1238,1256,-18
102000120,239,529,-290
102000121,1142,615,527
102000122,703,879,-176
102000123,1216,1139,77
102000124,1696,1133,563
102000125,675,873,-198
102000126,644,673,-29
102000127,1364,648,716
102000128,801,830,-29
102000129,1656,609,1047
102000130,775,1027,-252
102000131,2590,1102,1488
102000132,1145,1643,-498
102000133,2886,1489,1397
102000134,1068,688,380
102000135,2290,1199,1091
102000136,3726,691,3035
102000137,514,2204,-1690
102000138,193,507,-314
102000139,69,2276,-2207
102000140,151,3477,-3326
102000141,261,7385,-7124
102000142,291,368,-77
102000143,244,222,22
102000144,433,225,208
102000145,426,329,97
102000146,434,662,-228
102000147,519,339,180
102000148,202,408,-206
102000149,254,183,71
102000150,714,71,643
102000151,92,140,-48
102000152,222,153,69
102000153,1045,665,380
102000154,179,410,-231
102000155,65,415,-350
102000156,253,174,79
102000157,99,566,-467
102000158,329,519,-190
102000159,907,819,88
102000161,2050,2147,-97
102000162,138,143,-5
102000163,103,553,-450
102000164,718,968,-250
102000165,236,176,60
102000166,54,196,-142
102000167,204,322,-118
102000168,324,236,88
102000169,135,557,-422
102000170,460,193,267
102000171,131,289,-158
102000172,113,495,-382
102000173,455,329,126
102000174,115,66,49
102000175,100,87,13
102000176,103,18,85
102000178,267,246,21
102000179,452,235,217
102000180,1085,270,815
102000181,923,362,561
102000182,576,377,199
102000183,2143,1146,997
102000184,2154,524,1630
102000185,3360,871,2489
102000186,1626,1115,511
102000187,1104,1094,10
102000188,1383,1172,211
102000189,1891,529,1362
102000190,604,2389,-1785
102000191,1005,400,605
102000192,1405,1587,-182
102000193,105,77,28
102000194,55,133,-78
102000195,439,322,117
102000196,245,217,28
102000197,998,220,778
102000198,224,549,-325
102000199,1513,224,1289
102000200,322,576,-254
102000201,1545,351,1194
102000202,8,72,-64
102000203,540,134,406
102000204,669,420,249
102000205,1494,291,1203
102000206,730,254,476
102000207,659,449,210
102000208,406,348,58
102000209,54,77,-23
102000210,571,267,304
102000211,450,163,287
102000212,408,23,385
102000213,5,135,-130
102000214,420,7,413
102000215,8,197,-189
102000216,66,95,-29
102000217,9,66,-57
102000218,389,293,96
102000219,219,141,78
102000225,375,561,-186
102000226,888,1343,-455
102000227,190,2,188
102000228,1,40,-39
102000229,57,50,7
102000230,364,236,128
102000231,316,331,-15
102000232,42,161,-119
102000233,409,492,-83
102000234,104,947,-843
102000236,221,145,76
102000237,384,158,226
102000238,178,268,-90
102000240,362,717,-355
102000241,1684,164,1520
102000243,21,39,-18
102000245,7,170,-163
102000246,7,31,-24
102000247,327,527,-200
102000248,250,785,-535
102000249,131,61,70
102000250,79,202,-123
102000254,174,141,33
102000266,23,1633,-1610
102000271,39,0,39
102000286,441,330,111
102000297,2209,1123,1086
102000299,0,0,0
102000301,0,0,0
102000305,0,0,0
102000307,0,4,-4
102000308,0,1,-1
102900001,1305,713,592
102900002,392,45,347
102900003,101,131,-30
102900005,482,205,277
102900006,660,99,561
102900007,617,26,591
102900008,296,37,259
102900009,527,491,36
102900010,252,948,-696
102900011,1228,498,730
102900012,379,94,285
102900013,65,46,19
102900015,542,523,19
102900016,105,59,46
102900017,295,282,13
102900018,57,47,10
102900019,457,596,-139
102900020,154,39,115
102900021,59,66,-7
102900022,310,166,144
102900023,36,89,-53
102900024,49,70,-21
102900025,177,104,73
102900026,367,2112,-1745
102900027,59,55,4
102900028,294,959,-665
102900029,177,223,-46
102900030,406,320,86
102900031,314,124,190
102900032,101,73,28
102900033,150,148,2
102900034,666,86,580
102900035,181,243,-62
102900036,389,236,153
102900037,293,204,89
102900038,412,247,165
102900039,31,553,-522
102900040,228,223,5
102900041,129,106,23
102900042,265,195,70
102900043,269,137,132
102900044,513,1263,-750
102900045,284,375,-91
102900046,195,158,37
102900047,139,491,-352
102900048,568,316,252
102900049,97,303,-206
102900050,151,185,-34
102900051,147,185,-38
102900052,61,121,-60
102900053,322,547,-225
102900054,349,1379,-1030
102900055,224,318,-94
102900056,85,403,-318
102900057,14,88,-74
102900058,443,62,381
102900059,49,52,-3
102900060,106,313,-207
102900061,197,269,-72
102900062,387,465,-78
102900063,1584,436,1148
102900064,106,440,-334
102900065,870,284,586
102900066,401,26,375
102900068,78,114,-36
102900070,247,1648,-1401
102900072,9,67,-58
102900073,83,10,73
102900075,23,110,-87
102900076,74,178,-104
102900077,49,45,4
102900078,40,76,-36
102900079,234,12,222
102900080,536,32,504
102900081,113,283,-170
102900082,11,248,-237
102900083,155,29,126
102900084,11,75,-64
102900085,361,119,242
102900086,29,130,-101
102900087,195,237,-42
102900088,44,53,-9
102900089,183,145,38
102900090,12,143,-131
102900091,208,2,206
102900092,431,224,207
102900093,364,142,222
102900094,4,109,-105
102900095,126,4,122
102900096,53,1,52
102900097,380,259,121
103000001,1983,1911,72
103000002,2127,2366,-239
103000003,2918,2521,397
103000004,660,561,99
103000005,1673,3306,-1633
103000006,913,1564,-651
103000007,536,598,-62
103000008,1131,558,573
103000009,1799,1176,623
103000010,131,78,53
103000011,1355,1026,329
103000012,1408,1588,-180
103000013,2492,1559,933
103000014,1247,2721,-1474
103000015,1382,501,881
103000016,530,1486,-956
103000017,291,454,-163
103000018,756,248,508
103000019,459,377,82
103000020,1827,1384,443
103000021,1819,2218,-399
103000022,678,844,-166
103000023,722,1916,-1194
103000024,79,105,-26
103000025,121,931,-810
103000026,573,97,476
103000027,247,755,-508
103000028,259,357,-98
103000029,173,289,-116
103000030,1200,1730,-530
103000031,1003,2423,-1420
103000032,2092,1354,738
103000033,2700,2606,94
103000034,1089,901,188
103000035,377,1266,-889
103000036,288,375,-87
103000037,546,583,-37
103000038,669,1195,-526
103000039,594,241,353
103000040,651,488,163
103000041,1849,1311,538
103000042,1592,310,1282
103000043,821,586,235
103000044,377,124,253
103000046,420,464,-44
103000047,659,369,290
103000048,302,178,124
103000049,152,91,61
103000050,804,253,551
103000051,654,423,231
103000052,710,273,437
103000053,199,418,-219
103000054,2712,1300,1412
103000055,1836,1791,45
103000056,773,882,-109
103000057,1004,156,848
103000058,714,596,118
103000059,743,545,198
103000060,792,351,441
103000061,601,739,-138
103000062,1144,337,807
103000063,1045,837,208
103000064,138,96,42
103000065,5,233,-228
103000066,174,13,161
103000069,458,172,286
103000070,988,524,464
103000071,1390,518,872
103000072,150,392,-242
103000073,814,116,698
103000074,883,117,766
103000075,125,532,-407
103000076,370,576,-206
103000077,26,229,-203
103000078,828,1014,-186
103000079,457,673,-216
103000080,694,494,200
103000081,308,1097,-789
103000082,399,189,210
103000083,148,255,-107
103000084,115,9,106
103000085,3,119,-116
103000086,373,478,-105
103000087,172,594,-422
103000088,225,272,-47
103000089,296,647,-351
103000090,3314,1018,2296
103000091,866,387,479
103000092,249,274,-25
103000093,373,465,-92
103000094,222,118,104
103000095,110,283,-173
103000096,547,59,488
103000097,70,600,-530
103000098,578,179,399
103000099,202,568,-366
103000100,185,434,-249
103000101,1036,130,906
103000102,150,343,-193
103000103,768,145,623
103000104,116,100,16
103000105,270,110,160
103000106,10,150,-140
103000107,258,96,162
103000108,954,569,385
103000109,506,439,67
103000110,505,471,34
103000111,451,402,49
103000112,277,248,29
103000113,408,577,-169
103000114,1381,613,768
103000115,740,488,252
103000116,810,394,416
103000117,447,405,42
103000118,413,424,-11
103000119,716,395,321
103000120,100,134,-34
103000121,136,271,-135
103000122,340,446,-106
103000125,70,118,-48
103000126,872,2,870
103000127,8,109,-101
103000128,192,4,188
103000129,9,111,-102
103000130,82,39,43
103000131,254,122,132
103000132,113,160,-47
103000133,16,146,-130
103000134,241,935,-694
103000135,588,249,339
103000136,510,444,66
103000137,359,613,-254
103000138,583,678,-95
103000139,1,70,-69
103000140,117,40,77
103000141,44,142,-98
103000142,85,58,27
103000143,71,152,-81
103000144,202,70,132
103000145,22,435,-413
103000150,154,51,103
103000152,215,209,6
103000153,262,185,77
103000156,34,211,-177
103000157,541,5,536
103000159,151,47,104
103000162,64,26,38
103000163,18,41,-23
103000164,4,10,-6
103000165,74,174,-100
103000166,319,375,-56
103000167,215,102,113
103000168,157,98,59
103000169,195,483,-288
103000170,1106,251,855
103000171,24,123,-99
103000172,847,170,677
103000173,946,224,722
103000174,275,205,70
103000175,364,124,240
103000176,825,786,39
103000177,410,373,37
103000178,145,320,-175
103000179,228,21,207
103000183,261,10,251
103000185,182,54,128
103000186,181,82,99
103000187,923,153,770
103000188,32,114,-82
103000189,758,516,242
103000191,541,592,-51
103000292,559,1847,-1288
103000293,940,2722,-1782
103000295,68,133,-65
103000296,227,5,222
103000297,61,395,-334
103000504,58,15,43
103000505,6,51,-45
103000506,4,111,-107
103000507,243,1,242
103000508,93,104,-11
103000509,293,390,-97
103900001,0,50,-50
103900002,797,98,699
103900003,998,284,714
103900004,204,4,200
103900005,7,84,-77
103900006,19,2,17
103900007,185,11,174
103900008,17,3,14
103900009,482,457,25
103900010,224,227,-3
103900011,430,91,339
103900012,15,21,-6
103900013,90,32,58
103900014,94,22,72
103900015,82,7,75
103900016,241,97,144
103900017,59,50,9
103900018,433,130,303
103900019,73,518,-445
103900020,224,533,-309
103900021,198,63,135
103900022,999,553,446
103900023,247,3,244
103900024,68,301,-233
103900025,10,41,-31
103900026,28,0,28
103900027,685,231,454
103900028,37,329,-292
103900029,1243,173,1070
103900030,354,166,188
103900031,55,0,55
103900032,138,89,49
103900033,62,26,36
103900034,38,38,0
103900035,64,37,27
103900036,50,64,-14
103900037,95,53,42
103900038,136,287,-151
103900039,162,165,-3
103900040,15,132,-117
103900041,93,47,46
103900042,103,114,-11
103900043,287,32,255
103900044,72,445,-373
103900045,356,114,242
103900047,129,14,115
103900048,21,44,-23
103900049,136,1053,-917
103900050,10,174,-164
103900051,0,34,-34
103900052,248,233,15
103900053,378,252,126
103900054,203,233,-30
103900055,523,176,347
103900056,78,36,42
103900057,83,79,4
103900058,379,268,111
103900059,0,31,-31
103900060,78,87,-9
103900061,266,35,231
103900062,542,161,381
103900063,4,0,4
103900064,169,3,166
103900065,431,326,105
103900066,229,76,153
103900067,252,12,240
103900068,4,1,3
103900069,105,10,95
103900070,133,193,-60
103900071,19,60,-41
103900072,33,98,-65
103900073,43,57,-14
103900074,78,43,35
103900075,331,53,278
103900076,784,271,513
103900077,46,185,-139
103900078,285,47,238
103900079,191,159,32
103900080,8,33,-25
103900081,29,26,3
103900082,19,153,-134
103900083,833,1433,-600
103900084,88,155,-67
103900085,85,124,-39
103900086,1143,326,817
103900087,38,89,-51
103900088,348,570,-222
103900089,64,106,-42
103900090,3,75,-72
103900091,926,147,779
103900092,645,428,217
103900093,52,206,-154
103900094,10,69,-59
103900095,257,180,77
103900096,46,75,-29
103900097,13,395,-382
103900098,340,138,202
103900099,179,70,109
103900100,387,131,256
103900101,133,920,-787
103900102,3,48,-45
103900104,2,25,-23
103900105,53,130,-77
103900106,2,69,-67
103900107,177,74,103
103900108,54,173,-119
103900109,211,39,172
103900110,333,39,294
103900111,162,265,-103
103900112,121,187,-66
103900113,107,282,-175
103900114,272,200,72
103900115,267,251,16
103900116,1728,2584,-856
103900117,109,51,58
103900119,34,105,-71
103900120,90,66,24
103900122,244,120,124
103900123,707,618,89
103900124,50,226,-176
103900125,143,36,107
103900126,636,284,352
103900127,190,198,-8
103900128,191,81,110
103900131,50,42,8
103900133,971,19,952
103900134,1,18,-17
103900135,6,2,4
103900137,1,11,-10
103900138,189,86,103
103900139,197,2927,-2730
103900140,7,312,-305
103900141,258,47,211
103900142,351,67,284
103900143,230,0,230
103900144,2,13,-11
103900145,153,276,-123
103900146,295,227,68
103900147,372,137,235
103900148,319,200,119
103900149,509,222,287
103900150,3439,5079,-1640
103900151,26,154,-128
103900152,945,207,738
103900153,14,4,10
103900154,460,2287,-1827
103900155,54,144,-90
103900156,133,72,61
103900157,90,59,31
103900158,178,55,123
103900159,238,31,207
103900160,76,51,25
103900161,91,144,-53
103900162,94,89,5
103900163,16,376,-360
103900167,14,111,-97
103900168,192,73,119
103900169,45,115,-70
103900170,0,57,-57
103900171,2,21,-19
103900172,2,4,-2
103900173,16,12,4
103900174,313,53,260
103900175,64,110,-46
103900176,9,36,-27
103900177,22,42,-20
103900178,102,31,71
103900179,99,29,70
103900180,16,34,-18
103900181,36,36,0
103900182,23,10,13
103900184,215,153,62
103900185,72,574,-502
103900187,5,115,-110
103900188,66,46,20
103900189,158,20,138
103900190,87,58,29
103900191,33,62,-29
103900192,56,110,-54
103900193,89,105,-16
103900194,76,137,-61
103900195,8,122,-114
103900196,37,55,-18
103900197,21,33,-12
103900198,19,40,-21
103900199,146,94,52
103900200,237,69,168
103900201,100,108,-8
103900202,15,67,-52
103900203,49,26,23
103900204,3,42,-39
103900207,2,22,-20
103900208,178,2,176
103900209,12,97,-85
103900210,55,22,33
103900211,707,243,464
103900212,180,177,3
103900213,47,179,-132
103900214,189,163,26
103900215,156,266,-110
103900216,9,144,-135
103900217,332,43,289
103900218,4,275,-271
103900219,208,123,85
103900233,53,5,48
103900235,17,45,-28
103900236,7,15,-8
103900242,7,8,-1
103900243,8,3,5
103900244,171,136,35
103900245,117,90,27
103900246,56,58,-2
103900247,18,63,-45
103900248,0,89,-89
103900249,6,81,-75
103900250,6,24,-18
103900251,1,20,-19
103900253,11,54,-43
103900254,6,18,-12
103900255,4,13,-9
103900256,19,7,12
103900257,73,108,-35
103900258,19,10,9
103900259,40,9,31
103900261,26,1,25
103900262,24,4,20
103900263,32,51,-19
103900264,41,8,33
103900265,19,7,12
103900266,5,98,-93
103900267,8,41,-33
103900268,11,33,-22
103900269,141,8,133
103900270,65,44,21
103900271,63,43,20
104000001,2519,1995,524
104000002,1717,1807,-90
104000003,2430,2024,406
104000004,2204,2077,127
104000005,2019,1938,81
104000006,3067,2290,777
104000007,3624,3588,36
104000008,180,168,12
104000009,254,104,150
104000010,166,302,-136
104000011,285,175,110
104000012,112,201,-89
104000013,311,235,76
104000014,201,439,-238
104000015,392,155,237
104000016,433,241,192
104000018,922,182,740
104000019,583,259,324
104000020,118,323,-205
104000021,263,345,-82
104000022,134,211,-77
104000023,988,405,583
104000024,254,292,-38
104000026,38,280,-242
104000027,241,168,73
104000028,398,170,228
104000029,339,211,128
104000030,317,183,134
104000031,1337,352,985
104000032,238,189,49
104000033,668,428,240
104000034,382,191,191
104000035,1132,336,796
104000036,982,429,553
104000037,277,131,146
104000038,631,284,347
104000039,211,114,97
104000040,132,356,-224
104000041,671,313,358
104000042,175,203,-28
104000043,190,204,-14
104000044,189,346,-157
104000045,823,615,208
104000046,737,870,-133
104000047,662,918,-256
104000048,921,803,118
104000049,699,408,291
104000050,186,950,-764
104000051,141,500,-359
104000052,1673,1649,24
104000053,956,385,571
104000054,559,242,317
104000055,3016,2083,933
104000056,742,177,565
104000057,197,233,-36
104000058,711,661,50
104000059,641,898,-257
104000060,1158,1416,-258
104000061,1028,952,76
104000062,432,104,328
104000064,470,235,235
104000065,214,606,-392
104000069,531,1231,-700
104000070,63,454,-391
104000071,140,229,-89
104000072,482,108,374
104000075,164,254,-90
104000076,405,104,301
104000082,2193,3294,-1101
104000083,623,182,441
104000084,122,372,-250
104000085,385,327,58
104000086,249,402,-153
104000087,297,1844,-1547
104000090,985,659,326
104000092,1518,985,533
104000094,830,866,-36
104000095,1843,1121,722
104000096,1780,55,1725
104000097,2013,566,1447
104000098,2811,514,2297
104000100,2114,577,1537
104000101,1291,1198,93
104000106,36,576,-540
104000107,611,245,366
104000108,217,260,-43
104000109,404,172,232
104000110,698,975,-277
104000111,2194,2879,-685
104000112,842,474,368
104000116,2,512,-510
104000117,192,302,-110
104000118,1102,133,969
104000119,917,253,664
104000120,238,323,-85
104000121,319,539,-220
104000122,849,760,89
104000123,772,601,171
104000124,443,1218,-775
104000125,1854,4682,-2828
104000126,596,515,81
104000127,1231,1445,-214
104000128,596,238,358
104000129,451,24,427
104000130,13,311,-298
104000131,276,190,86
104000132,338,255,83
104000133,1261,802,459
104000134,838,1707,-869
104000135,446,1812,-1366
104000136,595,3197,-2602
104000137,1460,352,1108
104000138,1075,472,603
104000139,3199,2385,814
104000141,737,983,-246
104000142,547,350,197
104000143,644,260,384
104000144,142,156,-14
104000145,315,223,92
104000146,141,374,-233
104000147,219,248,-29
104000148,423,255,168
104000149,171,142,29
104000150,1174,633,541
104000151,319,255,64
104000152,594,467,127
104000153,800,669,131
104000154,712,367,345
104000155,497,661,-164
104000157,885,1116,-231
104000158,316,1032,-716
104000159,879,731,148
104000160,1642,2045,-403
104000161,211,188,23
104000162,121,186,-65
104000165,617,699,-82
104000167,741,1240,-499
104000168,744,11,733
104000169,133,57,76
104000170,236,471,-235
104000248,416,431,-15
104000251,53,148,-95
104000272,0,0,0
104000273,0,0,0
104000274,0,0,0
104000275,0,0,0
104000279,576,442,134
104000290,70,259,-189
104000291,426,993,-567
104000293,1015,758,257
104000294,113,1,112
104000295,605,623,-18
104000296,510,588,-78
104000297,544,1633,-1089
104000298,2065,876,1189
104000299,777,1105,-328
104900001,139,225,-86
104900002,84,182,-98
104900003,94,201,-107
104900004,133,99,34
104900005,360,297,63
104900006,468,88,380
104900007,331,198,133
104900009,187,173,14
104900010,69,42,27
104900011,37,41,-4
104900012,235,51,184
104900013,83,20,63
104900014,1726,284,1442
104900015,117,5,112
104900016,270,170,100
104900017,171,93,78
104900018,4,141,-137
104900019,216,3889,-3673
104900020,27,218,-191
104900021,0,57,-57
104900022,17,75,-58
104900023,0,22,-22
104900024,24,74,-50
104900025,71,132,-61
104900026,0,44,-44
104900027,665,417,248
104900028,14,85,-71
104900029,30,45,-15
104900030,482,213,269
104900031,68,212,-144
104900032,42,60,-18
104900033,244,242,2
104900034,421,137,284
104900035,545,241,304
104900036,263,50,213
104900037,112,122,-10
104900038,236,1009,-773
104900039,382,524,-142
104900040,455,97,358
104900041,401,160,241
104900042,190,178,12
104900043,19,280,-261
104900044,861,162,699
104900045,399,83,316
104900046,330,63,267
104900047,509,129,380
104900048,411,71,340
104900049,88,61,27
104900050,311,41,270
104900051,311,61,250
104900052,160,2,158
104900053,482,84,398
104900054,267,30,237
104900055,160,3,157
104900056,177,28,149
104900057,62,1,61
104900058,579,846,-267
104900059,143,77,66
104900060,1,584,-583
104900061,219,282,-63
104900063,0,93,-93
104900064,0,68,-68
104900065,1,260,-259
104900066,2,60,-58
104900067,25,259,-234
104900068,20,173,-153
104900070,176,227,-51
104900071,0,369,-369
104900072,93,193,-100
104900073,129,84,45
104900074,88,173,-85
104900075,90,38,52
104900076,154,170,-16
104900077,448,271,177
104900078,246,235,11
104900079,116,589,-473
104900080,137,444,-307
104900082,17,338,-321
104900085,15,122,-107
104900087,321,11,310
104900089,343,2,341
104900090,1093,890,203
104900091,524,530,-6
104900093,223,327,-104
104900097,1523,2682,-1159
104900098,197,29,168
104900099,95,684,-589
104900100,307,181,126
104900102,28,83,-55
104900103,404,38,366
104900104,1852,2337,-485
104900106,155,94,61
104900107,108,124,-16
104900108,57,121,-64
104900109,121,165,-44
104900110,6,47,-41
104900111,322,70,252
104900112,354,332,22
104900113,915,210,705
104900114,428,253,175
104900115,889,240,649
104900116,431,93,338
104900118,40,26,14
104900119,0,63,-63
104900120,15,405,-390
104900121,1,26,-25
104900122,1,32,-31
104900123,72,29,43
104900124,83,0,83
104900125,453,4,449
104900126,57,23,34
104900127,21,38,-17
104900128,123,99,24
104900129,1033,2507,-1474
105000001,2857,1426,1431
105000002,2311,1604,707
105000003,3030,3692,-662
105000004,649,717,-68
105000005,1306,1231,75
105000006,1376,1768,-392
105000007,1456,1910,-454
105000008,1176,4400,-3224
105000009,3339,3435,-96
105000010,2552,1092,1460
105000011,3946,3432,514
105000012,2944,1923,1021
105000013,1150,1498,-348
105000014,2699,3651,-952
105000015,9294,15559,-6265
105000016,1185,1379,-194
105000017,1392,718,674
105000018,893,1618,-725
105000019,868,985,-117
105000020,151,498,-347
105000021,188,131,57
105000022,254,151,103
105000023,547,280,267
105000028,32,89,-57
105000029,638,1782,-1144
105000030,3207,2019,1188
105000033,818,1275,-457
105000034,128,1255,-1127
105000037,562,251,311
105000038,1590,1766,-176
105000039,2099,1240,859
105000040,1121,1401,-280
105000041,423,1391,-968
105000042,2737,2383,354
105000043,1166,3104,-1938
105000044,770,812,-42
105000045,306,404,-98
105000046,1497,442,1055
105000047,465,547,-82
105000048,637,169,468
105000049,234,375,-141
105000050,705,345,360
105000051,193,290,-97
105000052,671,746,-75
105000053,83,154,-71
105000054,494,696,-202
105000055,776,274,502
105000056,1576,1404,172
105000057,1226,466,760
105000058,1178,861,317
105000059,728,476,252
105000060,432,398,34
105000061,922,544,378
105000062,460,468,-8
105000063,298,261,37
105000064,2042,640,1402
105000065,394,334,60
105000066,972,945,27
105000067,1712,777,935
105000068,287,639,-352
105000069,1226,2455,-1229
105000070,380,1010,-630
105000071,235,1098,-863
105000072,886,2805,-1919
105000073,932,672,260
105000074,713,499,214
105000075,528,603,-75
105000076,956,685,271
105000077,1828,1065,763
105000078,1076,1525,-449
105000079,973,3365,-2392
105000080,1772,1864,-92
105000081,2582,1437,1145
105000082,997,2574,-1577
105000083,3647,4755,-1108
105000084,484,719,-235
105000085,1775,2842,-1067
105000086,738,958,-220
105000087,1310,2059,-749
105000088,1272,1826,-554
105000089,2715,1983,732
105000090,855,823,32
105000091,985,1392,-407
105000092,627,814,-187
105000093,250,348,-98
105000094,410,226,184
105000095,103,469,-366
105000096,1041,1476,-435
105000097,709,782,-73
105000098,950,644,306
105000099,673,619,54
105000100,1688,1151,537
105000101,1820,2232,-412
105000102,1778,2025,-247
105000103,1168,3495,-2327
105000104,2319,1168,1151
105000105,1001,1309,-308
105000106,1330,1090,240
105000107,1753,730,1023
105000108,2142,1011,1131
105000109,1908,1011,897
105000110,951,389,562
105000111,1058,502,556
105000112,1250,441,809
105000113,514,677,-163
105000114,1696,1291,405
105000115,344,1269,-925
105000116,997,481,516
105000117,847,456,391
105000118,759,403,356
105000119,509,472,37
105000120,1450,500,950
105000121,724,505,219
105000122,451,541,-90
105000123,808,681,127
105000124,2286,567,1719
105000125,868,1021,-153
105000126,2357,1140,1217
105000127,2431,1182,1249
105000128,695,840,-145
105000129,915,199,716
105000130,292,3612,-3320
105000131,586,232,354
105000132,1195,799,396
105000133,574,641,-67
105000134,1113,581,532
105000135,353,296,57
105000136,132,210,-78
105000137,682,236,446
105000138,167,214,-47
105000139,882,582,300
105000140,509,445,64
105000141,306,385,-79
105000142,277,485,-208
105000143,175,416,-241
105000144,280,476,-196
105000145,853,284,569
105000146,481,572,-91
105000147,813,287,526
105000148,1140,503,637
105000149,2889,2073,816
105000150,1438,895,543
105000151,559,288,271
105000152,225,286,-61
105000153,638,626,12
105000154,516,379,137
105000155,323,953,-630
105000156,541,409,132
105000157,620,1184,-564
105000158,1740,703,1037
105000159,259,705,-446
105000160,2303,585,1718
105000161,684,821,-137
105000162,705,1803,-1098
105000163,753,646,107
105000164,159,235,-76
105000165,605,6040,-5435
105000166,3202,1296,1906
105000167,1184,2423,-1239
105000168,431,415,16
105000169,767,179,588
105000170,329,1097,-768
105000171,1127,185,942
105000172,168,29,139
105000173,315,61,254
105000174,138,72,66
105000175,142,75,67
105000176,555,108,447
105000177,428,206,222
105000178,325,209,116
105000179,1028,107,921
105000180,261,85,176
105000181,161,135,26
105000182,70,31,39
105000183,1671,2543,-872
105000184,972,1408,-436
105000185,1262,1425,-163
105000186,430,948,-518
105000187,942,311,631
105000188,273,222,51
105000189,116,673,-557
105000190,298,320,-22
105000191,448,333,115
105000192,362,73,289
105000193,59,170,-111
105000194,428,119,309
105000195,400,679,-279
105000196,84,223,-139
105000197,294,468,-174
105000198,403,264,139
105000199,142,456,-314
105000200,133,509,-376
105000201,93,71,22
105000203,6,119,-113
105000204,97,55,42
105000205,119,211,-92
105000207,234,144,90
105000208,197,1135,-938
105000209,134,199,-65
105000212,1201,588,613
105000213,132,213,-81
105000214,231,188,43
105000215,427,126,301
105000216,203,151,52
105000217,153,173,-20
105000218,1817,960,857
105000221,200,149,51
105000222,546,137,409
105000223,337,148,189
105000226,106,102,4
105000227,92,95,-3
105000228,158,2261,-2103
105000229,145,577,-432
105000231,520,413,107
105000233,939,745,194
105000234,549,762,-213
105000235,454,535,-81
105000237,1027,73,954
105000243,25,116,-91
105000248,50,74,-24
105000262,457,666,-209
105000269,182,216,-34
105000270,650,29,621
105000271,3,116,-113
105000282,46,31,15
105000287,318,177,141
105000288,847,392,455
105000289,1819,2122,-303
105000290,32,9,23
105000402,2438,4096,-1658
105000426,358,724,-366
105000438,2747,1820,927
105000446,8345,4295,4050
105000447,3183,1782,1401
105000454,781,282,499
105000455,214,124,90
105000474,62,2,60
105000477,808,633,175
105000478,2320,5506,-3186
105000479,113,138,-25
105000480,7800,8878,-1078
105000481,4574,3891,683
105000482,3311,6112,-2801
105000483,1683,2822,-1139
105000484,1510,2233,-723
105000485,1314,3512,-2198
105000486,1868,2141,-273
105000488,6638,3357,3281
105000489,1041,655,386
105000549,105,107,-2
105000550,422,1150,-728
105000551,35,110,-75
105000552,1808,1078,730
105900001,17,2774,-2757
105900002,767,953,-186
105900003,16,90,-74
105900004,209,101,108
105900005,10,172,-162
105900006,11,173,-162
105900007,136,31,105
105900008,91,359,-268
105900009,29,14,15
105900011,190,208,-18
105900012,434,237,197
105900013,10,72,-62
105900014,15,87,-72
105900015,138,617,-479
105900016,680,593,87
105900017,1657,31,1626
105900018,265,126,139
105900019,79,519,-440
105900020,76,51,25
105900021,61,2947,-2886
105900022,289,163,126
105900023,20,354,-334
105900024,13,462,-449
105900025,264,14,250
105900026,234,13,221
105900027,19381,6825,12556
105900028,608,465,143
105900029,2000,329,1671
105900030,233,238,-5
105900031,331,193,138
105900032,86,119,-33
105900033,66,98,-32
105900034,315,148,167
105900035,197,196,1
105900036,175,135,40
105900037,80,55,25
105900038,255,206,49
105900039,175,94,81
105900040,86,132,-46
105900041,201,172,29
105900042,85,117,-32
105900043,1138,50,1088
105900044,12,246,-234
105900045,11,790,-779
105900046,11,238,-227
105900047,2,41,-39
105900048,89,420,-331
105900050,5315,11550,-6235
105900051,94,1098,-1004
105900052,660,263,397
105900053,2082,3562,-1480
105900054,261,249,12
105900056,981,456,525
105900057,28,189,-161
105900058,32,8,24
105900059,0,43,-43
106000001,2776,2214,562
106000002,987,4312,-3325
106000003,2993,3237,-244
106000004,1336,1979,-643
106000005,3878,4072,-194
106000006,4117,1957,2160
106000007,619,471,148
106000008,464,276,188
106000009,634,299,335
106000010,461,444,17
106000011,1567,971,596
106000012,954,866,88
106000013,1974,1756,218
106000014,1681,1054,627
106000015,2100,1269,831
106000016,1357,1578,-221
106000017,501,773,-272
106000018,550,383,167
106000019,447,466,-19
106000020,333,268,65
106000021,233,452,-219
106000022,391,132,259
106000023,583,267,316
106000024,582,338,244
106000025,84,160,-76
106000026,88,129,-41
106000027,1688,1268,420
106000028,706,227,479
106000029,607,665,-58
106000030,314,602,-288
106000034,205,342,-137
106000035,932,2141,-1209
106000036,135,482,-347
106000037,1277,1046,231
106000038,125,92,33
106000039,80,85,-5
106000040,85,785,-700
106000041,638,564,74
106000043,445,214,231
106000046,289,82,207
106000047,45,438,-393
106000049,1001,198,803
106000050,270,429,-159
106000051,762,613,149
106000052,148,334,-186
106000053,479,153,326
106000054,270,236,34
106000055,1188,712,476
106000056,301,209,92
106000057,576,253,323
106000058,187,124,63
106000059,431,257,174
106000060,286,368,-82
106000061,302,527,-225
106000062,169,461,-292
106000063,864,626,238
106000064,31,246,-215
106000065,469,316,153
106000066,119,220,-101
106000067,484,90,394
106000068,55,474,-419
106000069,321,87,234
106000070,454,467,-13
106000071,1184,343,841
106000072,1983,1359,624
106000073,1245,3326,-2081
106000074,708,600,108
106000075,323,1116,-793
106000076,1505,1573,-68
106000077,2697,957,1740
106000078,1247,717,530
106000079,765,651,114
106000080,1315,450,865
106000081,751,842,-91
106000082,2004,587,1417
106000083,402,1272,-870
106000084,1005,485,520
106000085,1165,1369,-204
106000086,567,744,-177
106000087,1028,403,625
106000088,443,675,-232
106000089,1198,275,923
106000090,276,491,-215
106000091,233,321,-88
106000092,641,215,426
106000093,343,148,195
106000094,97,214,-117
106000095,1096,546,550
106000096,1079,425,654
106000097,1317,503,814
106000098,756,640,116
106000099,219,1196,-977
106000100,1326,210,1116
106000101,1079,550,529
106000102,152,1412,-1260
106000103,261,518,-257
106000104,844,333,511
106000105,395,516,-121
106000106,851,287,564
106000107,159,116,43
106000108,279,179,100
106000109,197,123,74
106000110,329,157,172
106000111,163,177,-14
106000112,330,526,-196
106000113,638,370,268
106000114,432,687,-255
106000115,251,251,0
106000116,333,211,122
106000117,853,507,346
106000118,1448,1172,276
106000119,925,587,338
106000120,1161,1437,-276
106000121,238,127,111
106000122,137,85,52
106000123,705,57,648
106000124,121,89,32
106000125,27,130,-103
106000126,388,42,346
106000127,1158,491,667
106000128,939,146,793
106000129,548,346,202
106000130,1023,291,732
106000131,139,633,-494
106000132,492,148,344
106000133,1911,1247,664
106000134,425,1956,-1531
106000135,137,398,-261
106000136,736,1029,-293
106000137,61,502,-441
106000138,1425,118,1307
106000139,25,67,-42
106000140,23,37,-14
106000141,156,39,117
106000142,108,46,62
106000143,24,36,-12
106000144,24,46,-22
106000145,418,109,309
106000146,529,120,409
106000147,302,297,5
106000148,393,487,-94
106000149,670,215,455
106000150,664,1706,-1042
106000151,2512,691,1821
106000152,876,1950,-1074
106000153,75,1854,-1779
106000154,1023,142,881
106000155,137,193,-56
106000156,1398,267,1131
106000157,755,1343,-588
106000158,2088,846,1242
106000159,1906,1892,14
106000160,520,3207,-2687
106000161,1126,184,942
106000162,367,1124,-757
106000163,393,205,188
106000164,654,216,438
106000165,255,320,-65
106000166,974,217,757
106000167,469,576,-107
106000168,736,189,547
106000169,273,353,-80
106000170,964,194,770
106000171,317,888,-571
106000172,2735,1228,1507
106000173,1113,1962,-849
106000174,1150,348,802
106000175,260,521,-261
106000176,1901,868,1033
106000177,868,1576,-708
106000178,3200,1348,1852
106000179,747,1331,-584
106000180,658,704,-46
106000181,1062,1378,-316
106000182,1771,537,1234
106000183,1777,442,1335
106000184,2085,539,1546
106000185,1417,1269,148
106000186,511,89,422
106000187,167,909,-742
106000188,0,1,-1
106000189,15,31,-16
106000190,24,1,23
106000191,655,140,515
106000192,0,18,-18
106000193,411,180,231
106000194,128,406,-278
106000195,595,297,298
106000196,220,750,-530
106000197,673,300,373
106000198,214,157,57
106000199,599,970,-371
106000200,237,243,-6
106000201,422,3772,-3350
106000202,1997,509,1488
106000203,22,96,-74
106000204,104,9,95
106000205,6,110,-104
106000206,106,21,85
106000207,37,302,-265
106000208,1684,199,1485
106000209,1630,492,1138
106000210,225,550,-325
106000211,179,755,-576
106000212,845,496,349
106000213,304,1570,-1266
106000214,1592,640,952
106000215,288,433,-145
106000216,414,338,76
106000217,231,294,-63
106000218,394,339,55
106000219,172,189,-17
106000220,402,277,125
106000221,294,124,170
106000222,91,74,17
106000223,336,117,219
106000224,278,107,171
106000225,91,153,-62
106000226,91,155,-64
106000228,66,74,-8
106000229,102,533,-431
106000231,1081,155,926
106000232,63,202,-139
106000233,531,76,455
106000234,46,225,-179
106000235,418,144,274
106000236,122,117,5
106000237,2,25,-23
106000238,10,15,-5
106000239,0,115,-115
106000240,36,5,31
106000241,9,347,-338
106000242,245,47,198
106000249,62,38,24
106000250,95,461,-366
106000251,178,30,148
106000252,12,50,-38
106000253,97,73,24
106000254,74,27,47
106000255,18,138,-120
106000256,48,30,18
106000257,136,208,-72
106000258,161,24,137
106000259,2,47,-45
106000260,35,9,26
106000261,2,61,-59
106000262,103,8,95
106000263,22,38,-16
106000264,180,3,177
106000265,23,121,-98
106000266,121,27,94
106000267,18,90,-72
106000268,312,33,279
106000269,42,30,12
106000270,116,301,-185
106000271,93,104,-11
106000272,188,53,135
106000273,10,223,-213
106000274,156,46,110
106000275,194,215,-21
106000276,101,38,63
106000277,137,270,-133
106000278,140,34,106
106000279,12,20,-8
106000280,117,49,68
106000281,125,45,80
106000282,89,50,39
106000283,138,41,97
106000284,104,78,26
106000285,127,59,68
106000286,103,106,-3
106000287,132,97,35
106000288,95,107,-12
106000289,137,85,52
106000290,60,64,-4
106000291,104,84,20
106000292,101,91,10
106000293,148,95,53
106000294,135,90,45
106000295,72,66,6
106000296,44,80,-36
106000297,57,243,-186
106000298,94,70,24
106000299,72,124,-52
106000300,71,87,-16
106000301,73,112,-39
106000303,31,76,-45
106000304,40,36,4
106000305,59,40,19
106000306,48,46,2
106000307,110,22,88
106000308,44,60,-16
106000309,20,58,-38
106000310,343,244,99
106000311,404,156,248
106000312,142,96,46
106000313,319,133,186
106000318,42,446,-404
106000319,1216,330,886
106000320,0,89,-89
106000321,248,173,75
106000322,205,68,137
106000324,27,97,-70
106000325,1859,935,924
106000326,968,1162,-194
106000327,257,62,195
106000328,21,92,-71
106000329,75,233,-158
106000330,35,104,-69
106000428,111,165,-54
106000429,165,301,-136
106000430,360,820,-460
106000431,2297,356,1941
106000432,1066,1985,-919
106000433,2501,1385,1116
106000434,3186,1480,1706
106000435,848,1999,-1151
106000436,6,110,-104
106000437,287,105,182
106000438,402,246,156
106000439,76,395,-319
106000440,267,642,-375
106000441,5,1,4
106000442,182,7,175
106000443,237,121,116
106000450,1,69,-68
106000451,22,82,-60
106000454,3,131,-128
106000455,12,91,-79
106000456,101,46,55
106000457,34,362,-328
106000458,1300,58,1242
106000459,188,140,48
106000460,1878,33,1845
106000461,143,378,-235
106000462,7,39,-32
106000463,3,8,-5
106000464,2,130,-128
106000465,918,5,913
106000466,10,181,-171
106000467,152,255,-103
106000468,105,117,-12
106000469,97,0,97
106000470,244,1919,-1675
106000471,9,267,-258
106000472,174,16,158
106000473,43,18,25
106000474,289,294,-5
106000475,413,124,289
106000476,113,242,-129
106000477,17,23,-6
106900001,0,21,-21
106900002,4,167,-163
106900003,146,2092,-1946
106900004,1,21,-20
106900006,0,14,-14
106900007,0,16,-16
106900008,447,65,382
106900009,349,157,192
106900010,274,177,97
106900012,964,2482,-1518
106900013,566,220,346
106900014,42,2,40
106900015,15,0,15
106900016,379,23,356
106900017,8,3,5
106900018,5,0,5
106900019,111,2,109
106900020,3385,1703,1682
106900021,250,233,17
106900022,998,7,991
106900023,31,174,-143
106900024,623,54,569
106900025,49,914,-865
106900026,1,192,-191
106900027,1133,3,1130
107000001,3426,5484,-2058
107000002,1957,3232,-1275
107000003,7736,6748,988
107000004,4015,2306,1709
107000005,6847,6124,723
107000006,3222,1799,1423
107000007,5861,9194,-3333
107000008,5817,4185,1632
107000009,9604,8359,1245
107000010,6583,5085,1498
107000011,765,849,-84
107000012,2705,1782,923
107000013,88,55,33
107000014,90,98,-8
107000015,501,359,142
107000016,846,487,359
107000017,2185,11214,-9029
107000018,32,7037,-7005
107000020,1408,9770,-8362
107000021,1216,455,761
107000022,830,4315,-3485
107000023,1616,181,1435
107000024,1180,1611,-431
107000025,222,340,-118
107000026,654,405,249
107000027,1616,1080,536
107000028,1814,644,1170
107000029,3841,3124,717
107000030,2639,1749,890
107000031,5293,2673,2620
107000032,466,634,-168
107000033,2411,3539,-1128
107000034,7829,1088,6741
107000035,458,214,244
107000036,1034,1167,-133
107000037,111,773,-662
107000038,216,180,36
107000039,1011,815,196
107000040,282,263,19
107000041,1500,892,608
107000042,615,2051,-1436
107000043,2023,1041,982
107000044,298,743,-445
107000045,85,255,-170
107000046,824,573,251
107000047,481,660,-179
107000048,780,414,366
107000049,548,628,-80
107000050,1114,577,537
107000051,219,280,-61
107000052,1012,1043,-31
107000053,431,286,145
107000054,44,184,-140
107000055,179,105,74
107000056,380,578,-198
107000057,1374,231,1143
107000058,2254,2512,-258
107000059,1964,2496,-532
107000060,5471,5462,9
107000061,4682,2443,2239
107000062,6080,2959,3121
107000063,4012,3008,1004
107000064,5623,3253,2370
107000065,3630,3066,564
107000066,1869,4279,-2410
107000067,1533,1795,-262
107000068,1053,1185,-132
107000069,1204,693,511
107000070,1298,29,1269
107000071,4763,90,4673
107000072,26,1535,-1509
107000073,1220,545,675
107000074,140,690,-550
107000075,2328,732,1596
107000076,527,870,-343
107000077,4491,1718,2773
107000078,1758,1968,-210
107000079,3491,1270,2221
107000080,904,2205,-1301
107000081,2728,657,2071
107000082,776,792,-16
107000083,1703,614,1089
107000084,291,957,-666
107000085,3146,2946,200
107000086,2937,2360,577
107000087,3404,2058,1346
107000088,3035,2707,328
107000089,1782,1824,-42
107000090,1335,822,513
107000091,1979,904,1075
107000092,1084,707,377
107000093,1558,906,652
107000094,788,784,4
107000095,1103,627,476
107000096,544,575,-31
107000097,424,290,134
107000098,275,397,-122
107000099,390,325,65
107000100,227,328,-101
107000101,82,173,-91
107000102,179,317,-138
107000103,239,159,80
107000104,125,215,-90
107000105,414,85,329
107000106,142,202,-60
107000107,515,130,385
107000108,173,316,-143
107000109,797,119,678
107000110,70,306,-236
107000111,487,48,439
107000112,48,171,-123
107000113,800,119,681
107000114,73,401,-328
107000115,839,203,636
107000116,118,452,-334
107000117,205,942,-737
107000118,86,114,-28
107000119,1486,1471,15
107000120,806,729,77
107000121,1113,673,440
107000122,1041,531,510
107000123,536,477,59
107000124,629,493,136
107000125,1348,501,847
107000126,1331,358,973
107000129,412,249,163
107000130,938,488,450
107000131,511,480,31
107000132,606,305,301
107000133,373,133,240
107000134,295,4,291
107000135,4,480,-476
107000136,633,6,627
107000137,9,631,-622
107000138,185,36,149
107000139,32,753,-721
107000140,1535,126,1409
107000141,180,697,-517
107000142,553,108,445
107000143,82,486,-404
107000144,631,552,79
107000145,187,316,-129
107000146,200,361,-161
107000147,3955,737,3218
107000150,513,3083,-2570
107000151,27,90,-63
107000152,593,1949,-1356
107000153,106,320,-214
107000154,68,322,-254
107000155,942,19,923
107000156,1419,34,1385
107000157,93,617,-524
107000158,876,13,863
107000159,43,380,-337
107000160,1706,215,1491
107000161,89,530,-441
107000162,363,793,-430
107000163,174,2,172
107000164,917,4,913
107000165,1543,3,1540
107000166,37,529,-492
107000167,808,260,548
107000168,1092,559,533
107000169,585,488,97
107000170,3648,802,2846
107000171,779,981,-202
107000172,1333,1697,-364
107000173,570,483,87
107000174,1309,6587,-5278
107000175,3976,989,2987
107000176,1,3,-2
107000177,11,2,9
107000178,25,9,16
107000179,388,1076,-688
107000180,1890,209,1681
107000181,475,578,-103
107000182,2375,682,1693
107000183,194,452,-258
107000184,1455,495,960
107000185,478,1005,-527
107000186,1431,506,925
107000187,1536,1344,192
107000188,734,550,184
107000189,655,878,-223
107000190,791,639,152
107000191,929,871,58
107000192,1912,522,1390
107000193,514,529,-15
107000194,662,483,179
107000197,940,322,618
107000198,352,550,-198
107000199,1739,612,1127
107000200,528,558,-30
107000201,633,593,40
107000202,319,418,-99
107000203,1045,2050,-1005
107000204,988,2025,-1037
107000205,1610,1093,517
107000206,670,2157,-1487
107000207,496,1875,-1379
107000208,768,912,-144
107000209,1219,1617,-398
107000210,288,227,61
107000211,1,44,-43
107000212,50,259,-209
107000213,5,27,-22
107000214,16,126,-110
107000215,611,227,384
107000216,564,342,222
107000217,365,112,253
107000219,149,325,-176
107000220,234,103,131
107000222,248,424,-176
107000224,1503,133,1370
107000225,168,304,-136
107000226,1000,137,863
107000227,99,163,-64
107000228,856,565,291
107000229,77,140,-63
107000230,944,382,562
107000231,796,1976,-1180
107000232,141,16,125
107000233,486,1047,-561
107000234,2,89,-87
107000235,144,26,118
107000236,19,331,-312
107000237,51,0,51
107000238,59,3,56
107000239,3044,549,2495
107000240,80,624,-544
107000241,82,7,75
107000242,221,37,184
107000243,0,53,-53
107000244,9,70,-61
107000246,3,1112,-1109
107000249,4,1221,-1217
107000251,4,469,-465
107000252,3,503,-500
107000255,239,175,64
107000257,6,458,-452
107000258,0,161,-161
107000259,29,112,-83
107000260,2183,36,2147
107000262,5,231,-226
107000263,402,10,392
107000266,16,16,0
107000267,39,69,-30
107000268,95,93,2
107000269,107,4,103
107000270,267,101,166
107000271,2,0,2
107000272,185,2,183
107000273,3,335,-332
107000274,1270,1053,217
107000275,51,4026,-3975
107000280,1226,30,1196
107000281,65,330,-265
107000282,116,448,-332
107000290,50,100,-50
107000291,9,17,-8
107000292,4,1042,-1038
107000293,37,10,27
107000294,0,40,-40
107000295,46,0,46
107000296,0,14,-14
107000444,276,5,271
107000496,1,4,-3
107000497,1342,1076,266
107000500,388,286,102
107000501,117,138,-21
107000502,124,191,-67
107000505,231,694,-463
107000506,0,0,0
107000508,2,268,-266
107000509,196,610,-414
107000510,44,54,-10
107000514,52,341,-289
107000515,29,89,-60
107000516,499,368,131
107000518,1484,2051,-567
107000519,1300,627,673
107000520,95,56,39
107900001,114,61,53
107900002,107,16,91
107900003,298,22,276
107900004,217,5,212
107900005,2060,8,2052
107900006,270,1,269
107900007,560,53,507
107900008,52,9,43
107900009,220,11,209
107900010,91,3,88
107900012,393,62,331
107900013,225,25,200
107900014,77,12,65
107900015,1450,9,1441
107900016,497,103,394
107900017,53,5,48
107900018,84,245,-161
107900019,33,11,22
107900020,110,52,58
107900021,156,62,94
107900023,8,6,2
107900024,0,10,-10
107900025,376,180,196
107900026,81,16,65
107900027,22,62,-40
107900028,164,70,94
107900030,212,64,148
107900031,76,73,3
107900032,15,6,9
107900033,29,8,21
107900034,491,29,462
107900035,1514,53,1461
107900036,100,43,57
107900037,0,16,-16
107900038,79,309,-230
107900039,54,24,30
107900040,12,237,-225
107900041,1,2,-1
107900043,63,80,-17
107900044,14,11,3
107900045,168,94,74
107900046,263,274,-11
107900047,69,24,45
107900048,274,33,241
107900049,271,1073,-802
107900050,75,214,-139
107900051,91,39,52
107900052,21,60,-39
107900053,96,62,34
107900055,870,350,520
107900056,133,68,65
107900057,9,0,9
107900058,39,458,-419
107900060,19,102,-83
107900061,12,23,-11
107900063,130,120,10
107900064,265,245,20
107900065,431,24,407
107900066,48,7,41
107900067,3,0,3
107900068,130,1171,-1041
107900069,13,2675,-2662
107900070,213,124,89
107900071,38,391,-353
107900072,140,126,14
107900073,175,46,129
107900074,405,413,-8
107900076,165,48,117
107900077,159,4,155
107900078,197,61,136
107900079,15,20,-5
107900080,239,1086,-847
107900081,80,66,14
107900082,13,13,0
107900083,424,207,217
107900084,181,163,18
107900086,88,248,-160
107900087,288,219,69
107900088,80,28,52
107900089,191,1184,-993
107900090,1196,3035,-1839
107900091,129,167,-38
107900092,1097,254,843
107900093,75,59,16
107900095,1783,2146,-363
107900097,45,95,-50
107900098,113,199,-86
107900100,708,1744,-1036
107900101,549,104,445
107900102,70,6,64
107900103,33,156,-123
107900104,235,3,232
107900105,1,101,-100
107900106,2,436,-434
107900107,1371,600,771
107900108,141,102,39
107900109,2135,53,2082
107900110,114,26,88
107900111,6,259,-253
107900112,100,472,-372
107900113,332,47,285
107900114,332,78,254
107900115,1,25,-24
107900116,239,87,152
107900117,245,172,73
107900118,61,62,-1
107900119,104,287,-183
107900120,40,39,1
107900121,1,126,-125
107900122,1,181,-180
107900123,12,122,-110
107900124,15,61,-46
107900125,46,246,-200
107900126,33,106,-73
107900127,436,443,-7
107900128,82,69,13
107900129,95,17,78
107900130,117,32,85
107900131,222,567,-345
107900132,68,157,-89
107900133,2,64,-62
107900134,41,184,-143
107900135,6,89,-83
107900136,34,36,-2
107900137,92,114,-22
107900138,51,21,30
107900139,95,58,37
107900140,89,40,49
107900141,46,50,-4
107900142,24,395,-371
107900143,42,16,26
107900144,6,140,-134
107900145,32,76,-44
107900146,25,146,-121
107900147,46,45,1
107900148,203,104,99
107900149,443,129,314
107900150,46,276,-230
107900151,48,93,-45
107900152,22,133,-111
107900153,93,380,-287
107900154,86,30,56
107900155,111,44,67
107900156,14,153,-139
107900157,51,47,4
107900158,1109,19,1090
107900159,22,322,-300
107900160,198,133,65
107900161,45,53,-8
107900162,0,128,-128
107900163,28,88,-60
107900164,15,35,-20
107900165,30,145,-115
107900166,27,85,-58
107900167,19,60,-41
107900168,79,17,62
107900169,27,137,-110
107900171,1,394,-393
107900172,1,145,-144
107900173,31,65,-34
107900174,213,8,205
107900175,19,46,-27
107900176,87,11,76
107900177,3,250,-247
107900178,1,60,-59
107900179,25,58,-33
107900180,353,986,-633
107900181,434,218,216
107900182,3,361,-358
107900183,70,97,-27
107900184,137,92,45
107900185,205,8,197
107900186,62,44,18
107900187,1,95,-94
107900188,263,140,123
107900189,48,77,-29
107900190,20,187,-167
107900191,78,91,-13
107900193,3,65,-62
107900194,333,15,318
107900195,741,224,517
107900196,71,66,5
107900197,324,407,-83
107900199,1,501,-500
107900201,113,82,31
107900203,38,56,-18
107900204,145,278,-133
107900205,227,305,-78
107900206,936,467,469
107900207,1,280,-279
107900208,2,163,-161
107900209,270,137,133
107900210,65,42,23
107900213,553,654,-101
107900214,18,52,-34
107900215,168,439,-271
107900216,120,36,84
107900217,42,58,-16
107900218,39,2466,-2427
107900219,62,28,34
107900220,102,261,-159
107900221,141,147,-6
107900223,135,227,-92
107900224,70,486,-416
107900225,7,533,-526
107900226,66,81,-15
107900227,117,268,-151
107900228,41,73,-32
107900229,0,111,-111
107900230,40,34,6
107900231,31,95,-64
107900232,137,91,46
107900233,6,79,-73
107900234,113,173,-60
107900235,23,153,-130
107900236,254,65,189
107900237,26,301,-275
107900238,27,53,-26
107900239,369,811,-442
107900240,68,52,16
107900241,11,38,-27
107900242,35,74,-39
107900243,4,71,-67
107900244,398,4,394
107900245,834,35,799
107900246,385,33,352
107900248,766,199,567
107900249,1149,81,1068
107900250,3,211,-208
107900251,34,582,-548
107900252,1115,29,1086
107900253,302,13,289
107900254,63,315,-252
107900255,137,98,39
107900256,709,1911,-1202
107900257,352,132,220
107900258,129,95,34
107900259,68,3236,-3168
107900261,3,127,-124
107900262,55,65,-10
107900264,488,16,472
107900265,149,104,45
107900267,397,13,384
107900268,16,8,8
107900269,0,3,-3
107900270,0,1,-1
107900271,3,37,-34
107900272,51,51,0
107900273,83,83,0
107900274,157,0,157
107900275,34,0,34
107900276,1,39,-38
107900277,0,127,-127
107900278,450,234,216
107900279,61,119,-58
107900280,2563,1794,769
107900281,452,4204,-3752
107900282,36,815,-779
107900283,814,897,-83
107900284,634,307,327
107900285,136,42,94
107900286,65,54,11
107900287,378,160,218
107900290,0,241,-241
107900291,662,34,628
107900292,96,90,6
107900293,98,166,-68
107900295,45,28,17
107900297,6,313,-307
107900298,626,352,274
107900299,2074,3019,-945
107900300,96,343,-247
107900301,543,889,-346
107900302,180,57,123
107900303,274,163,111
107900304,535,194,341
107900305,484,5,479
107900306,19,68,-49
107900307,39,223,-184
107900308,197,202,-5
107900309,92,1,91
107900310,198,1,197
107900311,9,1042,-1033
107900312,97,0,97
107900313,2,197,-195
107900314,0,64,-64
107900315,3,170,-167
107900316,40,3,37
107900317,129,5,124
107900318,14,195,-181
107900319,7,108,-101
107900320,1,82,-81
107900321,162,5,157
107900322,7,50,-43
107900323,5,91,-86
107900324,127,1,126
107900325,130,0,130
107900326,617,126,491
107900327,0,95,-95
107900328,48,0,48
107900329,119,151,-32
107900330,6,89,-83
107900331,456,24,432
107900332,506,14,492
107900333,74,21,53
107900334,5,69,-64
107900335,64,32,32
107900336,41,75,-34
107900337,583,1258,-675
107900338,5,88,-83
107900339,2,12,-10
107900340,2,52,-50
107900341,99,2,97
107900342,161,71,90
107900343,62,1,61
107900344,16,163,-147
107900345,101,32,69
107900346,12,1,11
107900347,15,6,9
107900348,1,5,-4
107900349,34,11,23
107900350,17,277,-260
108000001,3429,3535,-106
108000002,1540,1601,-61
108000003,3133,3742,-609
108000004,9377,9953,-576
108000005,8298,6618,1680
108000006,5376,5125,251
108000007,5280,4177,1103
108000008,3497,4093,-596
108000009,4628,4607,21
108000010,2692,3008,-316
108000011,12511,11416,1095
108000012,10467,9967,500
108000014,677,1132,-455
108000015,921,163,758
108000016,377,610,-233
108000017,1237,291,946
108000018,2144,710,1434
108000019,1600,1127,473
108000020,1276,551,725
108000021,327,1626,-1299
108000022,374,899,-525
108000023,1492,276,1216
108000024,324,281,43
108000025,364,163,201
108000026,813,223,590
108000027,768,303,465
108000028,780,150,630
108000029,693,324,369
108000030,568,150,418
108000031,206,389,-183
108000032,2220,649,1571
108000033,789,672,117
108000034,2134,526,1608
108000035,751,1435,-684
108000036,414,670,-256
108000037,2081,393,1688
108000038,3223,575,2648
108000039,455,1165,-710
108000040,2333,930,1403
108000041,598,1566,-968
108000042,407,200,207
108000043,169,146,23
108000044,862,146,716
108000045,322,258,64
108000046,1991,396,1595
108000047,463,687,-224
108000048,152,252,-100
108000049,993,255,738
108000050,88,296,-208
108000051,469,219,250
108000052,154,390,-236
108000053,509,292,217
108000054,328,955,-627
108000055,1181,813,368
108000056,667,1308,-641
108000057,698,1562,-864
108000058,2100,4043,-1943
108000059,2000,1419,581
108000060,217,483,-266
108000061,114,199,-85
108000062,1282,654,628
108000063,643,365,278
108000064,362,244,118
108000065,553,349,204
108000066,1495,762,733
108000067,2239,758,1481
108000068,948,424,524
108000069,202,578,-376
108000070,2389,718,1671
108000071,565,979,-414
108000072,2061,1008,1053
108000073,936,1073,-137
108000074,682,445,237
108000075,307,573,-266
108000076,952,575,377
108000077,624,479,145
108000078,2791,1177,1614
108000079,721,913,-192
108000080,1712,529,1183
108000081,575,816,-241
108000082,721,1206,-485
108000083,2068,970,1098
108000084,392,811,-419
108000085,1097,579,518
108000086,638,457,181
108000087,230,2396,-2166
108000088,239,13,226
108000089,369,349,20
108000090,514,224,290
108000091,353,284,69
108000092,219,94,125
108000093,279,283,-4
108000094,789,92,697
108000095,168,182,-14
108000096,461,155,306
108000097,164,227,-63
108000098,2191,990,1201
108000099,282,66,216
108000100,79,231,-152
108000101,1449,1452,-3
108000102,1582,3565,-1983
108000106,900,2,898
108000107,1,723,-722
108000108,751,55,696
108000109,3,547,-544
108000110,341,287,54
108000111,210,405,-195
108000112,64,178,-114
108000113,347,164,183
108000115,397,403,-6
108000117,673,501,172
108000118,38,283,-245
108000119,433,301,132
108000120,170,771,-601
108000121,188,261,-73
108000122,675,330,345
108000123,763,174,589
108000124,325,375,-50
108000125,607,175,432
108000126,203,266,-63
108000127,688,151,537
108000128,719,253,466
108000129,299,485,-186
108000130,585,158,427
108000131,1029,530,499
108000132,1297,842,455
108000133,1165,500,665
108000134,525,331,194
108000135,1490,523,967
108000136,311,542,-231
108000137,655,174,481
108000138,685,466,219
108000139,634,201,433
108000140,182,21,161
108000141,58,18,40
108000142,75,41,34
108000143,47,8,39
108000144,92,4,88
108000145,78,7,71
108000146,191,36,155
108000147,40,22,18
108000148,144,30,114
108000149,18,10,8
108000150,90,7,83
108000151,17,35,-18
108000152,115,232,-117
108000153,795,138,657
108000154,35,10,25
108000155,25,35,-10
108000156,260,149,111
108000157,197,1452,-1255
108000158,82,909,-827
108000159,251,192,59
108000160,1489,1115,374
108000161,1530,3750,-2220
108000165,4,397,-393
108000172,1,299,-298
108000173,715,2123,-1408
108000175,422,102,320
108000178,345,349,-4
108000179,165,1040,-875
108000181,92,35,57
108000182,89,12,77
108000183,9,8,1
108000184,612,2715,-2103
108000185,239,273,-34
108000186,257,45,212
108000187,202,242,-40
108000188,951,173,778
108000189,369,1643,-1274
108000190,23,79,-56
108000192,240,248,-8
108000193,512,49,463
108000194,30,14,16
108000195,2,614,-612
108000196,248,129,119
108000198,535,127,408
108000199,2,353,-351
108000200,606,201,405
108000202,2,424,-422
108000203,210,250,-40
108000204,226,102,124
108000205,199,259,-60
108000339,942,354,588
108000364,82,268,-186
108000365,52,261,-209
108000367,187,208,-21
108000368,16,49,-33
108000369,506,237,269
108000371,1,535,-534
108000372,681,0,681
108000373,198,88,110
108000376,112,64,48
108000377,698,165,533
108000378,9012,10716,-1704
108000379,61,187,-126
108000381,136,12,124
108000382,71,1,70
108000383,0,221,-221
108900001,101,481,-380
108900002,232,72,160
108900003,227,473,-246
108900004,125,399,-274
108900005,57,493,-436
108900006,775,177,598
108900007,425,235,190
108900008,210,117,93
108900009,154,123,31
108900010,408,124,284
108900011,822,355,467
108900012,559,357,202
108900013,185,229,-44
108900014,29,136,-107
108900015,0,273,-273
108900016,0,214,-214
108900017,249,399,-150
108900018,252,309,-57
108900019,40,376,-336
108900020,73,104,-31
108900021,175,168,7
108900022,141,24,117
108900023,0,34,-34
108900024,40,54,-14
108900025,209,76,133
108900026,28,72,-44
108900027,0,37,-37
108900028,155,134,21
108900029,115,154,-39
108900030,1,58,-57
108900031,148,163,-15
108900032,5,106,-101
108900033,1,430,-429
108900034,0,123,-123
108900035,328,570,-242
108900036,176,207,-31
108900037,47,159,-112
108900038,2,334,-332
108900039,2,226,-224
108900040,13,51,-38
108900041,3430,3767,-337
108900042,5,367,-362
108900043,52,301,-249
108900044,2,203,-201
108900045,114,202,-88
108900046,96,352,-256
108900047,0,218,-218
108900048,104,477,-373
108900049,1274,1783,-509
108900050,4,66,-62
108900051,1,109,-108
108900052,26,107,-81
108900053,56,258,-202
108900054,51,152,-101
108900055,50,314,-264
108900056,0,65,-65
108900057,1,84,-83
108900058,42,193,-151
108900059,711,77,634
108900060,125,194,-69
108900061,58,31,27
108900062,3,121,-118
108900063,16,127,-111
108900064,358,36,322
108900065,17,125,-108
108900066,562,122,440
108900067,5,140,-135
108900068,0,42,-42
108900069,115,44,71
108900070,67,66,1
108900071,110,58,52
108900072,1482,503,979
108900073,11,35,-24
108900074,264,114,150
108900075,24,43,-19
108900076,647,84,563
108900077,91,133,-42
108900078,54,52,2
108900079,443,139,304
108900080,22,999,-977
108900081,42,189,-147
108900082,181,56,125
108900083,25,320,-295
108900084,348,159,189
108900085,1057,143,914
108900086,174,87,87
108900087,102,130,-28
108900088,970,519,451
108900089,38,278,-240
108900090,111,107,4
108900091,88,52,36
108900092,596,341,255
108900093,134,171,-37
108900094,264,60,204
108900095,17,147,-130
108900096,189,11,178
108900097,344,128,216
108900098,1168,1035,133
108900099,584,105,479
108900100,110,99,11
108900101,244,315,-71
108900102,76,1414,-1338
108900103,66,154,-88
108900104,107,346,-239
108900105,8,1705,-1697
108900106,635,174,461
108900108,393,60,333
108900109,76,43,33
108900110,249,204,45
108900111,726,256,470
108900112,407,18,389
108900113,49,89,-40
108900114,0,7,-7
108900115,158,103,55
108900116,70,14,56
108900117,257,23,234
108900118,841,34,807
108900119,457,34,423
108900120,188,270,-82
108900121,372,177,195
108900122,140,32,108
108900123,133,171,-38
108900124,710,246,464
108900125,716,7,709
108900126,238,41,197
108900127,246,24,222
108900128,145,51,94
108900129,977,170,807
108900130,542,6,536
108900131,632,17,615
108900132,650,93,557
108900133,371,62,309
108900134,702,170,532
108900135,282,20,262
108900136,35,5,30
108900137,263,2,261
108900138,1010,53,957
108900139,689,89,600
108900140,529,107,422
108900141,551,20,531
108900142,114,3,111
108900143,173,5,168
108900144,192,0,192
108900145,330,27,303
108900146,136,0,136
108900147,320,0,320
108900148,75,22,53
108900149,427,221,206
108900150,339,6,333
108900151,100,23,77
108900152,174,17,157
108900153,307,148,159
108900154,5140,423,4717
108900155,304,47,257
108900156,122,6,116
108900157,24,360,-336
108900158,536,31,505
108900159,2,107,-105
108900160,13,169,-156
108900161,7,232,-225
108900162,185,4,181
108900163,14,311,-297
108900164,57,77,-20
108900165,127,65,62
108900167,948,8893,-7945
108900168,4209,2868,1341
108900169,90,104,-14
108900171,2949,3414,-465
108900172,201,42,159
108900173,160,270,-110
108900174,1188,462,726
108900176,92,227,-135
108900177,5113,7362,-2249
108900178,2892,4070,-1178
108900179,443,2174,-1731
108900180,131,453,-322
108900182,46,393,-347
108900183,282,218,64
108900184,542,258,284
108900185,109,314,-205
108900186,94,286,-192
108900187,504,52,452
108900188,883,67,816
108900189,477,100,377
108900190,144,1394,-1250
108900191,211,71,140
108900192,127,155,-28
108900193,89,71,18
108900194,17,370,-353
108900195,91,112,-21
108900196,52,210,-158
108900198,2,192,-190
108900199,259,274,-15
108900200,745,403,342
108900201,501,1072,-571
108900203,582,155,427
108900204,448,27,421
108900205,186,45,141
108900206,459,96,363
108900207,200,175,25
108900208,13,254,-241
108900209,191,490,-299
108900210,229,181,48
108900211,188,605,-417
108900212,373,1874,-1501
108900215,86,239,-153
108900216,298,343,-45
108900217,109,1,108
108900218,90,20,70
108900219,81,15,66
108900220,68,23,45
108900221,54,115,-61
108900222,373,22,351
108900223,6,86,-80
108900224,54,136,-82
108900225,0,208,-208
108900226,471,40,431
108900227,147,534,-387
108900230,189,206,-17
108900231,23,131,-108
108900232,1,151,-150
108900233,501,110,391
108900234,328,136,192
108900235,150,478,-328
108900236,33,205,-172
108900237,65,152,-87
108900240,140,97,43
108900241,37,67,-30
108900245,15,1574,-1559
108900249,113,42,71
108900250,309,166,143
108900257,288,201,87
108900258,7,104,-97
108900259,28,34,-6
108900260,10,50,-40
108900261,64,69,-5
108900262,88,103,-15
108900263,30,135,-105
108900264,314,297,17
108900265,820,622,198
108900266,399,1069,-670
108900267,11,221,-210
108900268,10,10,0
108900269,141,15,126
108900270,126,13,113
108900271,98,13,85
108900272,312,15,297
108900273,441,1007,-566
108900274,72,41,31
109000001,2475,2020,455
109000002,1043,2331,-1288
109000003,2795,353,2442
109000004,477,1669,-1192
109000005,2531,515,2016
109000006,764,1584,-820
109000007,2034,617,1417
109000008,639,1376,-737
109000009,3378,1238,2140
109000010,865,2927,-2062
109000011,3987,2119,1868
109000012,1868,2454,-586
109000013,4425,3786,639
109000014,2081,1987,94
109000015,3916,8927,-5011
109000016,4727,2133,2594
109000017,3018,1192,1826
109000018,1280,1842,-562
109000019,2694,1268,1426
109000020,987,1435,-448
109000023,251,29,222
109000024,18,158,-140
109000025,259,566,-307
109000026,478,374,104
109000027,137,366,-229
109000028,122,74,48
109000029,103,317,-214
109000030,58,404,-346
109000031,323,129,194
109000032,137,375,-238
109000033,344,189,155
109000034,59,61,-2
109000035,8,55,-47
109000036,73,306,-233
109000037,291,2267,-1976
109000038,374,329,45
109000039,1082,1175,-93
109000040,3297,12550,-9253
109000041,1603,2278,-675
109000042,472,1346,-874
109000044,441,67,374
109000045,109,228,-119
109000046,447,76,371
109000047,59,297,-238
109000048,657,287,370
109000049,185,453,-268
109000050,412,246,166
109000051,239,172,67
109000052,562,414,148
109000053,349,87,262
109000054,200,260,-60
109000055,340,333,7
109000056,392,312,80
109000057,1073,551,522
109000058,589,212,377
109000059,479,1549,-1070
109000060,207,359,-152
109000061,499,1702,-1203
109000062,133,450,-317
109000063,246,97,149
109000064,402,165,237
109000065,214,110,104
109000066,479,43,436
109000067,53,185,-132
109000068,933,3,930
109000069,667,30,637
109000070,27,1794,-1767
109000071,367,83,284
109000072,100,270,-170
109000073,87,89,-2
109000074,28,131,-103
109000075,76,249,-173
109000076,127,261,-134
109000077,301,263,38
109000078,104,151,-47
109000079,133,94,39
109000080,277,73,204
109000081,157,284,-127
109000082,950,151,799
109000083,369,325,44
109000088,199,345,-146
109000089,433,92,341
109000090,154,279,-125
109000091,459,277,182
109000092,348,357,-9
109000093,387,247,140
109000094,834,6,828
109000095,84,255,-171
109000096,889,267,622
109000097,120,116,4
109000098,55,136,-81
109000099,847,271,576
109000100,275,527,-252
109000101,1926,515,1411
109000102,453,558,-105
109000103,568,456,112
109000104,2168,406,1762
109000105,440,659,-219
109000106,2247,688,1559
109000107,623,1096,-473
109000108,2447,606,1841
109000109,530,920,-390
109000110,1471,513,958
109000111,665,1324,-659
109000112,326,140,186
109000113,293,169,124
109000114,128,230,-102
109000115,952,27,925
109000116,10,249,-239
109000117,275,28,247
109000118,11,271,-260
109000119,1794,121,1673
109000120,302,388,-86
109000121,699,30,669
109000122,163,324,-161
109000123,38,50,-12
109000124,852,212,640
109000125,949,267,682
109000126,469,348,121
109000127,1266,161,1105
109000128,606,599,7
109000129,3158,771,2387
109000130,424,808,-384
109000131,1125,766,359
109000132,638,1198,-560
109000133,357,640,-283
109000134,644,878,-234
109000135,704,1726,-1022
109000136,257,214,43
109000137,377,360,17
109000138,528,201,327
109000139,673,318,355
109000140,204,191,13
109000141,762,356,406
109000142,148,476,-328
109000143,139,98,41
109000145,111,234,-123
109000146,34,60,-26
109000148,1826,2292,-466
109000149,27,121,-94
109000150,48,326,-278
109000155,1042,760,282
109000156,980,426,554
109000158,116,253,-137
109000159,158,402,-244
109000160,1291,169,1122
109000161,381,624,-243
109000162,2268,482,1786
109000163,1303,1107,196
109000164,1474,1625,-151
109000165,1538,381,1157
109000166,892,80,812
109000167,149,337,-188
109000170,44,34,10
109000171,89,51,38
109000172,28,69,-41
109000173,17,110,-93
109000174,177,30,147
109000175,43,56,-13
109000176,373,160,213
109000177,17,69,-52
109000178,894,219,675
109000179,2732,5785,-3053
109000180,3617,3973,-356
109000181,46,12,34
109000182,56,28,28
109000183,39,10,29
109000184,65,16,49
109000185,18,13,5
109000188,462,892,-430
109000189,2668,502,2166
109000190,741,425,316
109000191,363,294,69
109000192,620,179,441
109000193,235,133,102
109000194,368,64,304
109000195,178,160,18
109000196,322,84,238
109000197,253,209,44
109000198,402,53,349
109000199,124,318,-194
109000206,263,23,240
109000207,172,27,145
109000208,165,118,47
109000209,155,114,41
109000210,154,355,-201
109000211,928,368,560
109000214,468,216,252
109000215,144,67,77
109000216,304,321,-17
109000217,180,202,-22
109000218,372,306,66
109000221,379,616,-237
109000222,945,257,688
109000223,505,371,134
109000224,50,50,0
109000225,111,16,95
109000226,57,142,-85
109000227,1682,637,1045
109000228,7,2644,-2637
109000231,0,167,-167
109000232,655,185,470
109000236,363,462,-99
109000241,2287,1401,886
109000242,1707,785,922
109000293,27,90,-63
109000361,103,178,-75
109000364,178,386,-208
109000396,6,286,-280
109000397,831,16,815
109000399,187,292,-105
109000400,93,102,-9
109000403,52,1338,-1286
109000406,337,4,333
109000407,301,162,139
109000408,0,384,-384
109000410,1093,161,932
109000411,208,19,189
109900001,196,0,196
109900002,1258,31,1227
109900003,400,1,399
109900004,591,120,471
109900005,41,4,37
109900006,616,193,423
109900007,1220,227,993
109900008,0,20,-20
109900009,144,317,-173
109900010,694,49,645
109900011,81,60,21
109900012,329,184,145
109900013,478,175,303
109900014,485,42,443
109900015,349,209,140
109900016,169,27,142
109900017,237,240,-3
109900018,262,35,227
109900019,272,36,236
109900020,55,49,6
109900021,44,28,16
109900022,113,267,-154
109900023,21,7,14
109900024,26,4,22
109900025,13,31,-18
109900026,5,150,-145
109900027,29,41,-12
109900028,480,1449,-969
109900029,5,187,-182
109900030,81,13,68
109900031,3,406,-403
109900032,16,187,-171
109900033,6,409,-403
109900034,64,2,62
109900035,21,25,-4
109900036,26,28,-2
109900037,22,340,-318
109900038,126,182,-56
109900039,12,1,11
109900040,25,314,-289
109900041,73,208,-135
109900042,58,3122,-3064
109900044,174,176,-2
109900045,133,151,-18
109900046,29,42,-13
109900047,310,249,61
109900048,1,49,-48
109900049,13,26,-13
109900050,0,56,-56
109900051,2,23,-21
109900052,79,190,-111
109900053,3,100,-97
109900054,1043,226,817
109900055,66,168,-102
109900056,25,300,-275
109900057,4,93,-89
109900058,0,75,-75
109900059,1229,81,1148
109900060,668,84,584
109900061,47,145,-98
109900062,2,86,-84
109900063,8,351,-343
109900064,655,178,477
109900065,58,106,-48
109900066,274,430,-156
109900067,0,113,-113
109900068,77,13,64
109900069,4,25,-21
109900070,33,163,-130
109900071,3,16,-13
109900072,7,85,-78
109900073,602,244,358
109900074,17,17,0
109900075,29,25,4
109900076,5,68,-63
109900077,32,29,3
109900078,93,137,-44
109900080,148,165,-17
109900081,26,238,-212
109900082,64,170,-106
109900083,17,58,-41
109900084,69,81,-12
109900085,147,349,-202
109900086,141,687,-546
109900087,190,397,-207
109900089,804,218,586
109900090,401,768,-367
109900091,446,56,390
109900092,749,75,674
109900093,1219,178,1041
109900094,120,70,50
109900095,77,170,-93
109900096,44,13,31
109900097,119,5,114
109900098,691,27,664
109900099,290,4,286
109900100,121,1,120
109900101,807,21,786
109900102,515,47,468
109900103,50,38,12
109900104,978,267,711
109900105,715,36,679
109900106,438,56,382
109900107,1142,79,1063
109900108,262,347,-85
109900109,44,326,-282
109900110,97,159,-62
109900111,178,440,-262
109900112,190,257,-67
109900113,903,706,197
109900114,1092,1546,-454
109900115,207,72,135
109900117,1278,116,1162
109900118,154,318,-164
109900119,364,273,91
109900120,132,33,99
109900121,321,473,-152
109900122,628,12,616
109900123,36,90,-54
109900124,64,227,-163
109900125,1,189,-188
109900126,430,53,377
109900128,508,31,477
109900130,3427,3436,-9
109900131,41,121,-80
109900132,38,98,-60
109900133,122,179,-57
109900134,76,109,-33
109900135,192,52,140
109900136,54,130,-76
109900137,240,162,78
109900138,119,52,67
109900140,168,81,87
109900142,1653,303,1350
109900145,29,739,-710
109900146,331,48,283
109900148,37,119,-82
109900149,46,41,5
109900150,17,59,-42
109900151,16,23,-7
109900152,3,23,-20
109900153,1,56,-55
109900154,33,1,32
109900155,85,16,69
109900157,62,157,-95
109900158,38,113,-75
109900159,128,46,82
109900160,176,49,127
109900161,277,106,171
109900162,276,129,147
109900163,403,258,145
109900164,55,220,-165
109900165,341,3,338
109900166,2,127,-125
109900167,170,282,-112
109900168,273,430,-157
109900169,223,106,117
109900170,156,1290,-1134
109900171,244,73,171
109900172,263,360,-97
109900173,1306,2926,-1620
109900174,82,86,-4
109900175,114,75,39
109900176,158,67,91
109900177,52,103,-51
109900178,13,335,-322
109900179,11,27,-16
109900180,20,14,6
110000001,681,471,210
110000002,550,693,-143
110000003,765,654,111
110000004,428,700,-272
110000005,344,1691,-1347
110000006,194,252,-58
110000007,151,102,49
110000008,32,81,-49
110000009,42,25,17
110000010,26,70,-44
110000011,58,72,-14
110000012,653,229,424
110000013,63,659,-596
110000014,400,284,116
110000015,236,540,-304
110000016,258,1560,-1302
110000017,3181,244,2937
110000018,2340,322,2018
110000019,15,90,-75
110000020,562,211,351
110000021,330,590,-260
110000022,1149,171,978
110000023,14,120,-106
110000024,476,551,-75
110000025,555,3,552
110000026,18,220,-202
110000027,996,1192,-196
110000028,973,482,491
110000029,417,500,-83
110000030,362,310,52
110000031,313,276,37
110000032,793,255,538
110000033,311,276,35
110000034,508,414,94
110000035,767,485,282
110000036,1266,556,710
110000037,276,620,-344
110000038,318,623,-305
110000039,852,4045,-3193
110000040,250,212,38
110000041,311,2050,-1739
110000042,60,843,-783
110000043,762,354,408
110000044,71,2142,-2071
110000045,377,369,8
110000046,5,34,-29
110000047,14,254,-240
110000048,5,35,-30
110000049,14,30,-16
110000050,4,54,-50
110000051,12,17,-5
110000052,40,20,20
110000053,46,8,38
110000054,86,652,-566
110000055,285,144,141
110000056,63,155,-92
110000057,301,513,-212
110000058,1021,438,583
110000059,989,421,568
110000060,1229,1079,150
110000061,709,603,106
110000062,693,713,-20
110000063,34,235,-201
110000064,51,42,9
110000065,140,122,18
110000066,120,23,97
110000067,59,108,-49
110000068,323,69,254
110000069,520,36,484
110000071,380,31,349
110000073,29,11,18
110000075,33,78,-45
110000076,362,465,-103
110000077,248,1129,-881
110000078,62,25,37
110000080,233,430,-197
110000081,38,224,-186
110000082,37,354,-317
110000083,248,442,-194
110000084,1345,975,370
110000085,811,1274,-463
110000086,993,2214,-1221
110000087,16,53,-37
110000088,174,200,-26
110000089,321,63,258
110000090,63,118,-55
110000091,776,188,588
110000092,35,67,-32
110000093,60,24,36
110000094,477,164,313
110000095,179,562,-383
110000096,1291,1598,-307
110000097,1015,1434,-419
110000098,1757,559,1198
110000099,541,1223,-682
110000100,1187,203,984
110000101,23,132,-109
110000102,91,36,55
110000104,366,122,244
110000105,55,207,-152
110000106,579,522,57
110000107,153,226,-73
110000108,111,119,-8
110000109,186,238,-52
110000110,1631,3790,-2159
110000111,3011,2825,186
110000112,394,1231,-837
110000113,115,2595,-2480
110000114,343,811,-468
110000115,459,392,67
110000116,51,43,8
110000117,301,184,117
110000118,513,105,408
110000119,372,227,145
110000120,442,127,315
110000121,85,309,-224
110000122,358,354,4
110000123,640,675,-35
110000124,1,607,-606
110000125,1080,7,1073
110000126,289,34,255
110000127,1218,79,1139
110000128,68,814,-746
110000129,4,342,-338
110000130,257,221,36
110000131,99,203,-104
110000132,1,405,-404
110000133,32,341,-309
110000134,19,351,-332
110000135,166,18,148
110000136,69,239,-170
110000137,625,357,268
110000138,983,455,528
110000139,1071,557,514
110000140,740,740,0
110000143,489,373,116
110000144,3455,2280,1175
110000145,1837,1853,-16
110000146,2184,1205,979
110000147,508,750,-242
110000148,680,161,519
110000151,799,1260,-461
110000152,646,465,181
110000153,271,16,255
110000154,39,32,7
110000155,1075,3463,-2388
110000156,1008,2429,-1421
110000157,2020,2702,-682
110000160,440,297,143
110000161,224,143,81
110000166,776,79,697
110000167,976,532,444
110000168,1041,514,527
110000169,923,306,617
110000170,134,46,88
110000171,666,111,555
110000172,178,491,-313
110000173,667,680,-13
110000174,162,502,-340
110000175,979,41,938
110000176,62,465,-403
110000177,239,1013,-774
110000178,423,1924,-1501
110000179,1150,307,843
110000180,284,253,31
110000181,655,351,304
110000182,245,134,111
110000183,6964,7968,-1004
110000184,361,2670,-2309
110000185,698,903,-205
110000186,654,627,27
110000191,1499,193,1306
110000192,851,18,833
110000193,1341,12,1329
110000194,7,426,-419
110000195,621,151,470
110000196,549,124,425
110000197,169,95,74
110000198,94,38,56
110000199,72,109,-37
110000200,897,279,618
110000201,950,1155,-205
110000202,1411,549,862
110000203,506,377,129
110000204,7,176,-169
110000205,215,42,173
110000206,483,736,-253
110000207,1478,348,1130
110000208,226,280,-54
110000209,96,1697,-1601
110000210,1667,415,1252
110000211,880,1313,-433
110000212,546,1075,-529
110000213,361,35,326
110000214,350,45,305
110000215,184,219,-35
110000216,132,156,-24
110000217,507,91,416
110000218,241,124,117
110000219,558,44,514
110000220,94,129,-35
110000221,454,18,436
110000222,67,135,-68
110000223,6,127,-121
110000224,12,7,5
110000225,285,747,-462
110000226,309,65,244
110000227,646,1096,-450
110000228,241,70,171
110000229,1,117,-116
110000230,537,859,-322
110000231,149,203,-54
110000232,208,224,-16
110000233,163,310,-147
110000234,620,2155,-1535
110000235,1172,1068,104
110000236,644,523,121
110000237,1871,1798,73
110000238,1243,1074,169
110000239,1870,987,883
110000240,3,47,-44
110000242,0,38,-38
110000243,166,45,121
110000244,131,721,-590
110000245,25,394,-369
110000246,891,346,545
110000247,901,2544,-1643
110000248,1252,913,339
110000249,94,9,85
110000250,15,102,-87
110000251,425,284,141
110000252,336,142,194
110000253,1718,434,1284
110000254,516,510,6
110000255,204,539,-335
110000256,517,255,262
110000257,489,292,197
110000258,6,257,-251
110000259,195,10,185
110000260,37,112,-75
110000263,464,70,394
110000264,441,270,171
110000265,1059,1679,-620
110000266,1268,2397,-1129
110000267,47,119,-72
110000268,289,406,-117
110000269,9,68,-59
110000270,90,14,76
110000271,928,204,724
110000272,1111,1021,90
110000273,1594,1337,257
110000274,160,2037,-1877
110000275,1364,596,768
110000276,291,388,-97
110000277,329,233,96
110000278,345,484,-139
110000279,821,615,206
110000280,738,434,304
110000281,77,279,-202
110000282,136,21,115
110000283,18,82,-64
110000284,9,36,-27
110000285,4,677,-673
110000286,4,0,4
110000287,102,2,100
110000288,3,98,-95
110000289,497,2350,-1853
110000290,536,555,-19
110000291,2578,926,1652
110000292,1003,5130,-4127
110000293,627,370,257
110000294,1347,1190,157
110000295,153,474,-321
110000296,552,290,262
110000297,2229,282,1947
110000298,147,340,-193
110000299,101,107,-6
110000301,340,27,313
110000302,392,734,-342
110000303,495,8,487
110000304,177,145,32
110000305,1396,30,1366
110000306,250,695,-445
110000307,2005,10,1995
110000308,600,11,589
110000309,3,522,-519
110000310,814,37,777
110000311,10,480,-470
110000312,497,106,391
110000313,1871,1867,4
110000314,1,161,-160
110000315,1946,2421,-475
110000316,406,1052,-646
110000317,211,1939,-1728
110000318,3,52,-49
110000319,11,23,-12
110000320,68,38,30
110000321,9,54,-45
110000322,328,323,5
110000323,534,228,306
110000324,2426,1523,903
110000325,2036,3742,-1706
110000327,418,300,118
110000328,129,580,-451
110000333,1164,888,276
110000334,854,1025,-171
110000335,985,650,335
110000336,684,774,-90
110000337,1847,734,1113
110000338,594,185,409
110000339,419,154,265
110000340,44,117,-73
110000341,569,386,183
110000342,185,2,183
110000343,0,21,-21
110000344,132,171,-39
110000345,188,316,-128
110000346,1741,1686,55
110000347,1243,613,630
110000348,25,18,7
110000349,8,19,-11
110000350,70,7,63
110000351,1440,531,909
110000352,823,1346,-523
110000353,3073,449,2624
110000354,944,3058,-2114
110000355,186,56,130
110000356,1416,13,1403
110000357,487,11,476
110000361,77,29,48
110000362,136,33,103
110000363,690,99,591
110000364,327,426,-99
110000365,105,2,103
110000366,1,113,-112
110000367,441,189,252
110000368,3,48,-45
110000369,82,6,76
110000373,3,176,-173
110000374,124,14,110
110000375,106,834,-728
110000376,48,158,-110
110000377,82,411,-329
110000378,18,451,-433
110000379,2476,1922,554
110000380,58,5,53
110000383,0,1025,-1025
110000384,801,769,32
110000385,1,174,-173
110000387,114,1,113
110000388,64,140,-76
110000389,899,26,873
110000391,1018,146,872
110000396,279,57,222
110000397,172,67,105
110000398,5,19,-14
110000399,186,2,184
110000587,168,79,89
110000589,227,114,113
110000640,191,40,151
110000652,11,363,-352
110000653,325,237,88
110000654,25,1230,-1205
110000656,1,225,-224
110000674,39,43,-4
110000675,15,46,-31
110000676,2,30,-28
110000679,108,1169,-1061
110000682,127,172,-45
110000683,195,307,-112
110000684,2,38,-36
110000685,7,10,-3
110000686,5,49,-44
110000687,13,4,9
110000688,54,1471,-1417
110000689,37,18,19
110000692,31,237,-206
110000693,64,445,-381
110000694,0,100,-100
110000695,177,808,-631
110000696,42,46,-4
110900001,332,16,316
110900002,342,231,111
110900003,1020,267,753
110900004,652,63,589
110900005,1300,3315,-2015
110900006,69,20,49
110900007,201,53,148
110900008,7,32,-25
110900009,462,234,228
110900010,10,32,-22
110900011,34,51,-17
110900012,48,60,-12
110900013,1208,114,1094
110900014,218,9,209
110900015,351,747,-396
110900016,89,77,12
110900017,566,52,514
110900018,396,43,353
110900019,314,31,283
110900020,173,134,39
110900021,99,234,-135
110900022,67,135,-68
110900023,164,649,-485
110900024,20,147,-127
110900025,26,83,-57
110900027,63,179,-116
110900028,48,103,-55
110900029,42,133,-91
110900030,60,141,-81
110900031,5,81,-76
110900032,1,31,-30
110900033,24,153,-129
110900035,14,355,-341
110900036,103,17,86
110900037,117,21,96
110900038,721,169,552
110900039,9,230,-221
110900040,280,30,250
110900041,40,82,-42
110900042,195,58,137
110900043,3,58,-55
110900044,255,19,236
110900045,65,193,-128
110900046,22,100,-78
110900047,377,443,-66
110900049,136,166,-30
110900050,46,6,40
110900051,33,133,-100
110900052,8,97,-89
110900053,114,20,94
110900054,35,92,-57
110900055,33,4,29
110900056,43,147,-104
110900057,8,58,-50
110900058,329,165,164
110900059,371,183,188
110900060,507,175,332
110900061,12,62,-50
110900062,236,124,112
110900063,61,72,-11
110900064,23,0,23
110900065,122,120,2
110900066,7,52,-45
110900067,254,558,-304
110900068,150,177,-27
110900069,7,32,-25
110900070,72,47,25
110900071,163,902,-739
110900073,1,26,-25
110900074,682,87,595
110900075,470,72,398
110900077,1242,448,794
110900078,96,30,66
110900079,1150,1320,-170
110900080,190,61,129
110900081,23,20,3
110900082,166,64,102
110900083,150,42,108
110900084,57,33,24
110900085,130,160,-30
110900086,81,419,-338
110900087,374,66,308
110900088,8,1,7
110900090,92,67,25
110900091,9,33,-24
110900093,236,125,111
110900095,81,39,42
110900097,23,10,13
110900098,46,46,0
110900099,85,344,-259
110900100,0,10,-10
110900102,79,4,75
110900105,2509,176,2333
110900108,9,35,-26
110900111,595,117,478
110900112,808,16,792
110900113,312,60,252
110900115,3,33,-30
110900116,1254,777,477
110900118,65,3687,-3622
110900119,1466,172,1294
110900120,50,42,8
110900121,200,1,199
110900122,514,220,294
110900125,450,454,-4
110900127,474,1394,-920
110900128,240,320,-80
110900129,250,985,-735
110900130,519,623,-104
110900131,276,24,252
110900132,471,93,378
110900133,56,67,-11
110900135,66,205,-139
110900136,450,8,442
110900137,36,4,32
110900138,570,1730,-1160
110900139,7,543,-536
110900140,27,3,24
110900141,15,345,-330
110900142,66,116,-50
110900143,208,79,129
110900144,2,280,-278
110900145,213,88,125
110900146,170,323,-153
110900147,68,595,-527
110900148,2,191,-189
110900149,8,54,-46
110900150,31,28,3
110900151,5,132,-127
110900152,42,98,-56
110900153,196,70,126
111000001,710,311,399
111000002,473,377,96
111000003,1540,811,729
111000004,390,604,-214
111000005,1310,1328,-18
111000006,758,1728,-970
111000007,5014,3212,1802
111000008,1584,2887,-1303
111000009,337,638,-301
111000010,1266,354,912
111000011,263,930,-667
111000012,447,447,0
111000013,372,963,-591
111000014,1542,545,997
111000017,123,981,-858
111000018,157,304,-147
111000020,843,1319,-476
111000021,54,103,-49
111000023,110,115,-5
111000025,5089,4052,1037
111000029,66,171,-105
111000030,32,122,-90
111000031,2053,1173,880
111000032,660,332,328
111000033,335,245,90
111000034,110,278,-168
111000037,991,423,568
111000038,2790,1703,1087
111000039,1529,1510,19
111000040,1477,1577,-100
111000041,731,1003,-272
111000042,1876,1836,40
111000043,1985,4195,-2210
111000044,1863,1220,643
111000045,3076,2518,558
111000046,1949,1795,154
111000047,3117,5292,-2175
111000049,414,449,-35
111000050,1011,800,211
111000051,569,705,-136
111000052,582,1053,-471
111000053,346,565,-219
111000054,377,510,-133
111000055,1027,1216,-189
111000056,193,331,-138
111000057,137,264,-127
111000058,609,62,547
111000059,650,257,393
111000060,4480,940,3540
111000061,851,277,574
111000062,1207,390,817
111000063,1837,1103,734
111000064,973,550,423
111000065,1512,938,574
111000066,771,401,370
111000067,627,404,223
111000068,738,705,33
111000069,1521,1495,26
111000070,686,525,161
111000071,152,381,-229
111000072,1603,580,1023
111000073,392,1189,-797
111000074,1911,1793,118
111000075,1060,636,424
111000076,624,712,-88
111000077,1604,1649,-45
111000078,2610,1301,1309
111000079,946,521,425
111000080,514,433,81
111000081,1277,3886,-2609
111000082,853,479,374
111000084,782,435,347
111000085,968,890,78
111000086,3619,859,2760
111000087,722,426,296
111000088,5623,2926,2697
111000089,711,640,71
111000090,567,1116,-549
111000091,777,286,491
111000092,1736,603,1133
111000093,885,1025,-140
111000094,1764,925,839
111000095,721,2206,-1485
111000096,977,7701,-6724
111000097,3345,1213,2132
111000098,660,827,-167
111000099,521,1109,-588
111000100,463,746,-283
111000101,439,584,-145
111000102,362,409,-47
111000104,868,212,656
111000107,129,769,-640
111000109,1025,272,753
111000110,1951,672,1279
111000111,3022,391,2631
111000112,2280,684,1596
111000113,929,1960,-1031
111000114,1668,3703,-2035
111000115,3223,982,2241
111000116,1012,789,223
111000117,294,688,-394
111000118,1023,543,480
111000119,1326,687,639
111000120,655,525,130
111000121,300,722,-422
111000122,555,902,-347
111000123,1251,1599,-348
111000124,468,1428,-960
111000125,281,653,-372
111000126,77,444,-367
111000127,1297,125,1172
111000128,2839,330,2509
111000129,3660,521,3139
111000130,2842,478,2364
111000131,2383,473,1910
111000132,2125,1148,977
111000133,210,97,113
111000134,184,115,69
111000135,102,177,-75
111000136,487,249,238
111000138,26,5,21
111000140,2,4,-2
111000141,183,443,-260
111000142,18,370,-352
111000143,14,478,-464
111000144,60,2854,-2794
111000145,243,13,230
111000146,121,4,117
111000147,148,22,126
111000148,170,67,103
111000149,3,19,-16
111000150,43,7,36
111000151,3,20,-17
111000153,526,720,-194
111000154,412,178,234
111000155,146,190,-44
111000156,858,660,198
111000157,225,877,-652
111000158,1078,723,355
111000159,4719,1015,3704
111000160,634,485,149
111000161,17,631,-614
111000162,27,105,-78
111000163,890,633,257
111000164,569,2516,-1947
111000165,697,316,381
111000166,800,262,538
111000167,108,264,-156
111000168,214,408,-194
111000169,326,488,-162
111000170,325,319,6
111000171,442,344,98
111000172,187,241,-54
111000173,369,436,-67
111000174,282,100,182
111000175,61,468,-407
111000176,416,71,345
111000177,599,124,475
111000178,1837,176,1661
111000179,280,97,183
111000180,327,376,-49
111000181,1842,186,1656
111000182,202,160,42
111000183,389,250,139
111000184,418,165,253
111000185,389,277,112
111000186,321,139,182
111000187,206,115,91
111000188,330,329,1
111000189,574,384,190
111000190,197,306,-109
111000191,168,163,5
111000192,218,226,-8
111000193,265,132,133
111000194,81,200,-119
111000195,169,171,-2
111000196,88,81,7
111000197,562,109,453
111000198,591,57,534
111000199,363,106,257
111000200,611,274,337
111000201,955,208,747
111000202,491,208,283
111000203,594,293,301
111000204,328,1509,-1181
111000213,179,441,-262
111000214,1351,1016,335
111000215,1037,919,118
111000217,1769,769,1000
111000218,1270,956,314
111000219,280,129,151
111000220,847,666,181
111000221,397,138,259
111000224,1,165,-164
111000225,339,335,4
111000226,72,0,72
111000227,16,1,15
111000228,20,578,-558
111000229,58,1307,-1249
111000230,222,205,17
111000231,1089,326,763
111000232,967,582,385
111000233,1357,419,938
111000234,193,486,-293
111000239,65,98,-33
111000240,69,262,-193
111000241,35,178,-143
111000242,298,60,238
111000243,159,271,-112
111000244,769,60,709
111000245,1297,227,1070
111000246,711,140,571
111000247,525,375,150
111000248,822,341,481
111000249,565,280,285
111000250,50,53,-3
111000251,53,105,-52
111000253,25,28,-3
111000255,53,11,42
111000257,82,24,58
111000260,104,771,-667
111000261,1668,127,1541
111000271,55,226,-171
111000273,2212,856,1356
111000274,1486,2415,-929
111000275,145,37,108
111000276,219,883,-664
111000277,182,227,-45
111000278,721,256,465
111000291,973,8673,-7700
111000298,547,166,381
111000299,758,201,557
111000300,100,361,-261
111000302,448,63,385
111000303,104,120,-16
111000312,45,112,-67
111000315,0,45,-45
111000320,206,384,-178
111000321,590,155,435
111000322,420,266,154
111000323,399,26,373
111000324,416,182,234
111000325,86,72,14
111000326,308,188,120
111000327,395,281,114
111000328,328,481,-153
111000329,2,16,-14
111000330,62,5,57
111000331,27,8,19
111000332,537,1159,-622
111000334,292,694,-402
111000335,1323,238,1085
111000337,1736,194,1542
111000338,52,65,-13
111000339,872,159,713
111000340,145,403,-258
111000341,1572,669,903
111000342,114,1373,-1259
111000344,1347,608,739
111000345,130,129,1
111000346,26,259,-233
111000347,207,10,197
111000350,148,91,57
111000351,118,284,-166
111000352,213,92,121
111000353,202,224,-22
111000354,545,104,441
111000355,324,356,-32
111000358,227,421,-194
111000360,320,225,95
111000361,248,96,152
111000546,830,333,497
111000547,483,219,264
111000548,175,311,-136
111000549,362,174,188
111000550,52,929,-877
111000551,612,158,454
111000552,586,237,349
111000907,395,41,354
111000908,39,0,39
111000916,2264,162,2102
111000917,55,309,-254
111000918,269,264,5
111000920,791,12,779
111000921,17,107,-90
111000922,726,124,602
111000924,25,352,-327
111000925,3230,2017,1213
111000926,1050,1006,44
111000927,2671,4497,-1826
111000928,3515,1857,1658
111000929,2082,1285,797
111000930,787,1321,-534
111000931,2472,2558,-86
111000932,3035,1408,1627
111000933,3111,2805,306
111000934,1590,1874,-284
111000935,2040,970,1070
111000936,1250,1278,-28
111000937,1363,1344,19
111000938,1116,741,375
111000939,851,39,812
111000940,629,68,561
111000941,403,234,169
111000943,763,214,549
111000944,195,157,38
111000945,111,818,-707
111001109,646,684,-38
111001110,137,322,-185
111001111,148,4,144
111001112,102,8,94
111001113,0,146,-146
111001114,438,209,229
111001115,17,1078,-1061
111001116,2446,4866,-2420
111001117,326,2576,-2250
111001120,117,199,-82
111001121,120,183,-63
111001122,225,149,76
111001123,399,58,341
111001124,104,55,49
111900001,50,56,-6
111900002,38,315,-277
111900003,2,174,-172
111900004,30,43,-13
111900006,39,86,-47
111900007,222,3,219
111900008,355,6,349
111900009,396,88,308
111900010,237,342,-105
111900012,47,65,-18
111900013,39,27,12
111900014,2597,5966,-3369
111900015,0,37,-37
111900016,0,34,-34
111900017,0,48,-48
111900018,209,15,194
111900019,7,124,-117
111900020,2,46,-44
111900021,24,58,-34
111900022,33,33,0
111900023,47,53,-6
111900024,30,60,-30
111900025,0,21,-21
111900026,0,20,-20
111900027,11,53,-42
111900028,0,143,-143
111900029,3,62,-59
111900030,18,247,-229
111900031,9,26,-17
111900032,2,124,-122
111900033,9,35,-26
111900034,124,304,-180
111900035,104,114,-10
111900036,1,130,-129
111900038,175,337,-162
111900039,65,166,-101
111900040,0,176,-176
111900042,5,96,-91
111900043,2,155,-153
111900044,113,159,-46
111900046,25,85,-60
111900048,371,291,80
111900049,25,194,-169
111900050,124,44,80
111900051,3,114,-111
111900052,207,314,-107
111900053,422,2125,-1703
111900054,191,5,186
111900055,11,200,-189
111900056,138,389,-251
111900057,222,18,204
111900058,654,261,393
111900059,1307,874,433
111900060,446,6,440
111900061,13,135,-122
111900062,83,96,-13
111900063,314,377,-63
111900064,75,154,-79
111900065,137,34,103
111900066,214,146,68
111900067,1,235,-234
111900068,96,94,2
111900069,85,51,34
111900070,291,79,212
111900071,3,148,-145
111900072,57,41,16
111900073,1294,211,1083
111900074,26,212,-186
111900075,94,22,72
111900076,280,98,182
111900077,45,8,37
111900078,440,47,393
111900079,57,56,1
111900080,258,309,-51
111900081,293,118,175
111900082,289,68,221
111900083,292,29,263
111900084,190,6,184
111900085,88,132,-44
111900086,96,12,84
111900087,100,1,99
111900088,835,14,821
111900089,216,3,213
111900090,100,65,35
111900091,538,1,537
111900092,150,0,150
111900093,633,12,621
111900094,168,0,168
111900095,471,47,424
111900096,389,29,360
111900097,81,1,80
111900098,446,6,440
111900099,104,0,104
111900100,220,22,198
111900101,128,40,88
111900102,870,242,628
111900103,66,111,-45
111900104,154,89,65
111900105,264,238,26
111900106,510,37,473
111900107,45,50,-5
111900108,45,104,-59
111900109,136,266,-130
111900110,1069,350,719
111900111,310,70,240
111900112,447,4565,-4118
111900113,218,139,79
111900114,66,42,24
111900115,5,3,2
111900118,405,119,286
111900119,445,250,195
111900122,115,166,-51
111900123,23,49,-26
111900124,40,49,-9
111900125,727,83,644
111900126,451,7,444
111900127,14,272,-258
111900128,3,253,-250
111900129,366,14,352
111900130,284,58,226
111900131,754,4,750
111900132,19,390,-371
111900133,15,147,-132
111900134,6,135,-129
111900135,13,48,-35
111900136,76,128,-52
111900137,47,48,-1
111900138,10,57,-47
111900139,10,57,-47
111900140,180,54,126
111900141,143,16,127
111900142,135,37,98
111900143,44,95,-51
111900144,23,61,-38
111900145,0,201,-201
111900146,1,91,-90
111900147,69,234,-165
111900148,19,334,-315
111900149,5,138,-133
111900150,12,99,-87
111900151,1,21,-20
111900152,112,100,12
111900153,615,712,-97
111900154,29,554,-525
111900155,93,135,-42
111900156,93,75,18
111900157,216,30,186
111900158,689,173,516
111900159,442,52,390
111900160,553,7,546
111900161,376,9,367
111900162,91,199,-108
111900163,14,127,-113
111900164,134,69,65
111901113,802,52,750
111901114,431,203,228
111901115,147,6,141
111901116,37,2,35
111901117,62,54,8
111901118,25,405,-380
111901119,354,80,274
111901120,50,41,9
111901121,105,66,39
111901122,4,244,-240
111901123,335,142,193
111901124,360,5,355
111901125,609,184,425
111901126,133,82,51
111901127,343,1151,-808
111901128,14,71,-57
111901129,3,76,-73
111901130,1,90,-89
111901131,1,147,-146
111901132,89,28,61
111901133,66,4,62
111901134,179,14,165
111901135,42,27,15
111901136,48,96,-48
111901137,0,44,-44
111901138,141,51,90
111901139,42,21,21
111901140,3,51,-48
111901141,5,73,-68
111901142,0,79,-79
111901143,3,95,-92
111901144,76,54,22
111901145,126,438,-312
111901146,211,11,200
112000001,2282,749,1533
112000002,593,1636,-1043
112000003,2223,1079,1144
112000004,676,374,302
112000005,4318,4068,250
112000006,1572,898,674
112000007,5216,3231,1985
112000008,2858,4379,-1521
112000009,2411,1452,959
112000010,3590,5244,-1654
112000011,1297,1053,244
112000012,4772,7024,-2252
112000013,2387,3997,-1610
112000014,1705,4300,-2595
112000015,2566,3698,-1132
112000016,3203,4387,-1184
112000017,1142,6082,-4940
112000024,2612,593,2019
112000026,1876,1987,-111
112000027,733,660,73
112000028,785,891,-106
112000029,839,1113,-274
112000030,194,43,151
112000031,1673,5511,-3838
112000032,202,33,169
112000033,1643,4177,-2534
112000034,183,50,133
112000035,74,927,-853
112000036,376,1612,-1236
112000037,765,2062,-1297
112000038,1246,2613,-1367
112000039,113,61,52
112000040,58,185,-127
112000041,285,273,12
112000042,790,370,420
112000050,1228,1141,87
112000051,1255,2013,-758
112000054,1180,1032,148
112000057,1133,455,678
112000058,344,495,-151
112000059,436,562,-126
112000061,2766,1090,1676
112000062,810,1620,-810
112000063,286,2323,-2037
112000064,2992,3407,-415
112000065,1181,1725,-544
112000066,3388,1629,1759
112000067,620,478,142
112000068,3090,2682,408
112000069,423,1483,-1060
112000070,2208,769,1439
112000071,1046,1876,-830
112000072,2940,717,2223
112000073,1457,1892,-435
112000074,1411,1146,265
112000075,1308,1298,10
112000076,3281,2356,925
112000077,1103,363,740
112000078,2371,645,1726
112000079,2146,1260,886
112000080,983,763,220
112000081,1316,2312,-996
112000082,1292,652,640
112000083,777,1026,-249
112000084,1269,539,730
112000085,1523,1171,352
112000086,1634,1025,609
112000087,667,352,315
112000088,903,298,605
112000089,534,528,6
112000090,237,251,-14
112000091,610,489,121
112000092,2430,1064,1366
112000093,1566,618,948
112000094,822,827,-5
112000095,723,676,47
112000096,716,593,123
112000097,1878,810,1068
112000098,703,476,227
112000099,873,1996,-1123
112000100,2513,628,1885
112000101,639,435,204
112000102,2125,415,1710
112000103,462,501,-39
112000105,473,611,-138
112000106,2101,365,1736
112000107,34,220,-186
112000108,270,2020,-1750
112000109,67,54,13
112000110,2139,572,1567
112000111,695,13524,-12829
112000112,3025,1754,1271
112000113,848,1338,-490
112000114,2564,1447,1117
112000115,427,306,121
112000116,750,772,-22
112000117,1133,643,490
112000118,1001,636,365
112000119,400,509,-109
112000120,86,258,-172
112000121,185,251,-66
112000122,406,120,286
112000123,1042,133,909
112000124,555,60,495
112000125,299,288,11
112000126,459,234,225
112000127,1490,3101,-1611
112000128,613,969,-356
112000129,151,97,54
112000130,246,91,155
112000131,75,137,-62
112000132,244,179,65
112000133,432,120,312
112000134,483,271,212
112000135,1487,1024,463
112000136,836,1849,-1013
112000137,1545,4775,-3230
112000138,1078,2419,-1341
112000139,700,855,-155
112000140,418,846,-428
112000141,1267,422,845
112000142,167,351,-184
112000143,1437,251,1186
112000144,308,645,-337
112000145,3312,575,2737
112000146,588,1108,-520
112000147,3000,1848,1152
112000148,1300,2436,-1136
112000149,642,629,13
112000150,253,320,-67
112000151,347,239,108
112000152,661,340,321
112000153,153,175,-22
112000154,148,299,-151
112000155,125,102,23
112000157,466,665,-199
112000158,388,225,163
112000159,858,296,562
112000167,490,144,346
112000169,237,376,-139
112000173,1221,303,918
112000175,490,393,97
112000176,1169,1604,-435
112000177,1180,370,810
112000178,126,191,-65
112000179,369,93,276
112000180,343,273,70
112000181,1226,1060,166
112000182,1957,742,1215
112000183,52,22,30
112000184,612,187,425
112000185,850,295,555
112000187,4857,3151,1706
112000195,197,24,173
112000196,272,3,269
112000197,191,272,-81
112000198,57,348,-291
112000199,678,751,-73
112000202,579,1,578
112000216,91,183,-92
112000230,163,4,159
112000231,5,140,-135
112000256,44,310,-266
112000313,79,69,10
112000314,48,61,-13
112000337,236,454,-218
112000352,139,415,-276
112000392,1574,818,756
112000398,1881,812,1069
112000399,1133,3158,-2025
112000400,1854,1298,556
112000401,1930,1435,495
112000402,4224,4899,-675
112000403,1618,4325,-2707
112000404,1486,1244,242
112000405,2959,3359,-400
112000406,2062,1062,1000
112000407,9400,8751,649
112000408,6110,3050,3060
112000409,1386,2025,-639
112000410,444,436,8
112000411,3673,2032,1641
112000412,1050,519,531
112000413,4539,8277,-3738
112000414,101,26,75
112000415,115,61,54
112000416,3556,1367,2189
112000417,266,80,186
112000421,67,60,7
112000422,422,205,217
112000424,1312,3577,-2265
112000425,419,346,73
112000426,235,304,-69
112000427,0,13,-13
112000428,355,194,161
112000429,2054,1585,469
112000430,2399,2490,-91
112000431,129,151,-22
112000432,548,463,85
112000433,287,554,-267
112000437,80,108,-28
112900001,106,2,104
112900002,809,416,393
112900003,92,171,-79
112900004,103,150,-47
112900005,327,135,192
112900006,27,129,-102
112900007,71,197,-126
112900008,0,71,-71
112900009,531,180,351
112900010,638,457,181
112900011,83,109,-26
112900012,5,36,-31
112900013,4,382,-378
112900014,8,189,-181
112900015,239,515,-276
112900016,6,110,-104
112900017,95,112,-17
112900018,1,85,-84
112900019,22,198,-176
112900020,337,772,-435
112900021,4,100,-96
112900022,30,42,-12
112900023,0,61,-61
112900024,14,196,-182
112900025,120,135,-15
112900026,5,107,-102
112900027,12,375,-363
112900028,27,93,-66
112900029,26,243,-217
112900030,67,66,1
112900031,4,225,-221
112900032,225,185,40
112900034,3,31,-28
112900035,3,223,-220
112900036,59,151,-92
112900037,135,243,-108
112900038,894,150,744
112900039,7,157,-150
112900040,7,611,-604
112900041,544,1296,-752
112900042,159,162,-3
112900043,52,73,-21
112900044,347,299,48
112900045,144,193,-49
112900046,123,72,51
112900047,12,38,-26
112900049,362,62,300
112900050,29,457,-428
112900051,271,365,-94
112900052,8,349,-341
112900053,262,149,113
112900054,227,82,145
112900055,127,51,76
112900056,423,336,87
112900057,27,303,-276
112900058,325,435,-110
112900059,119,235,-116
112900060,67,115,-48
112900061,159,100,59
112900062,74,111,-37
112900063,64,16,48
112900064,74,199,-125
112900065,28,33,-5
112900066,308,287,21
112900067,313,113,200
112900068,48,51,-3
112900069,1457,1096,361
112900071,57,11,46
112900072,1417,2966,-1549
112900073,471,182,289
112900074,119,345,-226
112900075,917,1268,-351
112900076,39,44,-5
112900078,400,562,-162
112900079,328,29,299
112900080,181,8,173
112900081,93,298,-205
112900082,672,66,606
112900083,219,127,92
112900084,277,206,71
112900085,0,6,-6
112900086,133,2,131
112900087,1173,181,992
112900088,212,17,195
112900089,1036,87,949
112900090,154,81,73
112900091,396,11,385
112900092,93,616,-523
112900093,1465,40,1425
112900094,41,1,40
112900095,100,1,99
112900096,724,207,517
112900097,108,200,-92
112900098,144,0,144
112900099,1175,55,1120
112900100,131,1,130
112900101,483,12,471
112900102,201,34,167
112900103,264,6,258
112900104,115,4,111
112900105,30,0,30
112900106,507,124,383
112900107,14,1,13
112900108,7,0,7
112900109,215,2,213
112900110,1920,33,1887
112900111,900,9,891
112900112,435,2,433
112900113,0,5,-5
112900114,250,12,238
112900115,2114,11,2103
112900116,157,34,123
112900117,75,33,42
112900118,22,59,-37
112900119,266,5,261
112900120,714,247,467
112900121,53,85,-32
112900122,13,101,-88
112900123,129,23,106
112900124,25,105,-80
112900125,32,493,-461
112900126,110,149,-39
112900127,498,218,280
112900128,107,583,-476
112900129,1,502,-501
112900130,236,149,87
112900131,42,869,-827
112900132,129,961,-832
112900133,46,1927,-1881
112900134,1,235,-234
112900135,135,82,53
112900136,0,11,-11
112900137,0,242,-242
112900138,7,119,-112
112900139,130,679,-549
112900140,0,37,-37
112900141,987,60,927
112900142,76,236,-160
112900143,23,226,-203
112900144,0,108,-108
112900145,18,280,-262
112900146,9,435,-426
112900147,4,587,-583
112900148,89,6,83
112900149,300,369,-69
112900151,7,49,-42
112900152,4538,559,3979
112900153,1114,3437,-2323
112900154,2,66,-64
112900155,235,7,228
112900156,642,643,-1
112900157,495,43,452
112900158,103,4,99
112900159,215,210,5
112900160,50,203,-153
112900161,139,42,97
112900162,24,19,5
112900163,62,79,-17
112900164,32,178,-146
112900165,163,32,131
112900166,20,92,-72
112900167,2,91,-89
112900168,4,2,2
112900169,6,23,-17
112900170,125,237,-112
112900172,48,22,26
112900173,203,88,115
112900174,294,57,237
112900175,131,324,-193
112900176,51,54,-3
112900177,230,61,169
112900178,676,3004,-2328
112900179,26,533,-507
112900180,2552,1596,956
112900181,884,8,876
112900182,54,580,-526
112900183,104,324,-220
112900184,402,625,-223
112900185,133,884,-751
112900186,936,1510,-574
112900187,119,773,-654
112900188,695,4254,-3559
112900189,18,7,11
112900190,12,15,-3
112900192,904,800,104
112900193,1279,434,845
112900194,81,29,52
112900195,1047,46,1001
112900196,274,311,-37
112900197,152,257,-105
112900199,887,280,607
112900200,960,129,831
112900201,269,119,150
112900202,624,462,162
112900203,455,99,356
112900204,759,588,171
112900205,19,5,14
112900206,34,162,-128
112900207,39,0,39
112900208,73,372,-299
112900209,260,245,15
112900210,1,32,-31
112900211,135,13,122
112900212,1,54,-53
112900213,87,10,77
112900214,21,22,-1
112900215,25,73,-48
112900216,19,42,-23
112900217,0,35,-35
112900218,67,25,42
112900219,135,5,130
112900220,2,0,2
112900221,93,154,-61
112900222,0,44,-44
112900223,1216,31,1185
112900224,518,232,286
112900225,574,250,324
112900226,210,359,-149
112900227,1181,507,674
112900228,111,37,74
112900229,445,27,418
112900230,9002,3311,5691
112900232,406,366,40
112900233,49,99,-50
112900234,41,19,22
112900235,88,28,60
112900236,489,10,479
112900237,228,79,149
112900238,17,18,-1
112900239,443,787,-344
113000001,6412,4168,2244
113000002,3965,3175,790
113000003,1739,1403,336
113000004,1377,1838,-461
113000005,1842,1026,816
113000006,1061,1043,18
113000007,2240,1149,1091
113000008,1597,1478,119
113000009,1379,596,783
113000010,1212,1031,181
113000011,837,1049,-212
113000012,2346,791,1555
113000013,1724,700,1024
113000014,965,1338,-373
113000015,301,311,-10
113000016,269,859,-590
113000017,78,317,-239
113000018,393,36,357
113000019,278,251,27
113000020,379,90,289
113000021,1372,473,899
113000022,843,1104,-261
113000025,135,359,-224
113000026,484,527,-43
113000027,481,879,-398
113000028,692,1301,-609
113000029,1335,981,354
113000030,203,467,-264
113000031,150,252,-102
113000032,227,351,-124
113000033,289,573,-284
113000034,173,182,-9
113000035,44,51,-7
113000036,23,78,-55
113000037,73,50,23
113000038,19,72,-53
113000039,58,286,-228
113000040,47,70,-23
113000042,700,409,291
113000051,1022,1861,-839
113000052,2029,689,1340
113000053,612,354,258
113000054,539,693,-154
113000055,1679,373,1306
113000056,1342,807,535
113000058,596,808,-212
113000059,916,385,531
113000060,401,495,-94
113000061,438,655,-217
113000062,532,394,138
113000063,347,70,277
113000064,96,146,-50
113000065,180,360,-180
113000066,1040,117,923
113000067,2960,872,2088
113000068,324,551,-227
113000069,526,485,41
113000070,3164,944,2220
113000071,552,453,99
113000072,1268,433,835
113000073,339,1269,-930
113000074,831,387,444
113000075,1647,814,833
113000076,451,2381,-1930
113000077,889,1219,-330
113000078,443,2102,-1659
113000079,475,1440,-965
113000080,500,1825,-1325
113000081,723,1327,-604
113000082,1125,2059,-934
113000083,466,746,-280
113000084,1857,1445,412
113000085,770,544,226
113000086,1000,904,96
113000087,794,924,-130
113000088,2312,1396,916
113000089,887,1519,-632
113000090,256,732,-476
113000091,297,342,-45
113000094,1272,328,944
113000095,200,585,-385
113000096,132,1138,-1006
113000097,1151,446,705
113000098,145,36,109
113000099,1040,525,515
113000100,110,568,-458
113000101,230,653,-423
113000102,692,645,47
113000103,1779,279,1500
113000104,661,2212,-1551
113000105,940,535,405
113000106,315,307,8
113000107,999,935,64
113000108,679,733,-54
113000109,540,1330,-790
113000110,2746,642,2104
113000111,202,654,-452
113000112,315,258,57
113000113,1105,308,797
113000114,318,1536,-1218
113000116,1078,353,725
113000117,3227,130,3097
113000118,54,607,-553
113000119,320,756,-436
113000120,68,295,-227
113000121,505,3997,-3492
113000124,263,123,140
113000125,99,941,-842
113000127,1548,199,1349
113000128,779,282,497
113000129,485,838,-353
113000133,2148,1059,1089
113000134,2,1228,-1226
113000135,4735,5144,-409
113000137,1105,3287,-2182
113000139,235,485,-250
113000140,111,206,-95
113000141,180,324,-144
113000142,323,1330,-1007
113000143,316,153,163
113000144,269,472,-203
113000145,155,136,19
113000146,149,52,97
113000147,177,50,127
113000148,313,122,191
113000149,212,119,93
113000150,576,344,232
113000151,66,38,28
113000152,62,116,-54
113000153,918,442,476
113000154,683,1634,-951
113000155,358,701,-343
113000156,176,311,-135
113000157,209,585,-376
113000158,681,230,451
113000159,1049,636,413
113000160,519,629,-110
113000161,410,254,156
113000162,967,314,653
113000163,210,70,140
113000164,22,75,-53
113000166,244,97,147
113000167,65,68,-3
113000168,87,78,9
113000169,283,55,228
113000170,95,104,-9
113000171,46,81,-35
113000172,381,60,321
113000173,76,39,37
113000174,118,165,-47
113000175,497,90,407
113000176,577,103,474
113000177,175,177,-2
113000178,121,195,-74
113000179,368,151,217
113000180,765,990,-225
113000181,1150,668,482
113000182,155,352,-197
113000183,112,547,-435
113000184,35,108,-73
113000189,306,916,-610
113000190,272,314,-42
113000192,518,4545,-4027
113000193,1861,2936,-1075
113000194,771,1339,-568
113000195,1351,1964,-613
113000196,277,58,219
113000197,1686,1745,-59
113000198,109,162,-53
113000199,1679,830,849
113000201,235,394,-159
113000202,6063,1330,4733
113000203,75,180,-105
113000204,550,3592,-3042
113000205,21,12,9
113000206,17,34,-17
113000207,71,10,61
113000208,48,48,0
113000209,10,23,-13
113000210,18,33,-15
113000211,84,251,-167
113000212,55,32,23
113000213,29,113,-84
113000214,137,264,-127
113000234,174,683,-509
113000410,144,251,-107
113000411,1727,3998,-2271
113000412,3665,1745,1920
113000413,989,2728,-1739
113000414,3060,11894,-8834
113000415,1877,1807,70
113000416,3531,2775,756
113000417,1556,1752,-196
113000418,3812,3976,-164
113000419,1505,2337,-832
113000420,3064,5736,-2672
113000421,4617,7607,-2990
113000422,10705,9660,1045
113000423,1506,5127,-3621
113000424,2655,9678,-7023
113000425,8,91,-83
113000428,60,78,-18
113000430,3,387,-384
113000432,2588,218,2370
113000433,186,354,-168
113000434,15,69,-54
113000435,25,195,-170
113000436,29,545,-516
113000437,1408,15,1393
113000438,357,17,340
113000439,19,65,-46
113000440,196,48,148
113000441,300,176,124
113000442,190,58,132
113000443,439,133,306
113000444,340,71,269
113000445,164,57,107
113000446,49,81,-32
113000448,401,238,163
113000449,120,762,-642
113000450,637,1853,-1216
113000451,1579,257,1322
113000452,116,406,-290
113000453,25,534,-509
113000454,272,135,137
113000455,9,712,-703
113000456,2571,2313,258
113000468,851,105,746
113000469,53,265,-212
113000470,434,21,413
113000471,9,265,-256
113000472,99,225,-126
113000474,1072,652,420
113000475,1341,1339,2
113000476,1829,1813,16
113000477,3901,1720,2181
113000478,3070,2923,147
113000479,83,103,-20
113000480,85,435,-350
113000483,0,1,-1
113000485,0,0,0
113000486,0,0,0
113000487,0,0,0
113000488,0,1,-1
113000489,0,0,0
113000490,0,6,-6
113000491,8,1,7
113000492,2,1,1
113000493,0,0,0
113000495,189,104,85
113000496,174,87,87
113000499,0,0,0
113000500,0,0,0
113900001,2,438,-436
113900002,2,38,-36
113900003,2,85,-83
113900004,2,92,-90
113900005,4,157,-153
113900006,1,18,-17
113900007,57,31,26
113900008,47,0,47
113900009,29,0,29
113900010,44,1,43
113900011,75,1,74
113900012,57,2,55
113900013,105,3,102
113900014,779,7,772
113900015,1,118,-117
113900016,71,0,71
113900017,2,51,-49
113900018,250,283,-33
113900019,247,56,191
113900020,218,2,216
113900022,62,0,62
113900023,42,0,42
113900024,54,21,33
113900025,164,27,137
113900026,98,1,97
113900027,19,48,-29
113900028,36,285,-249
113900029,78,111,-33
113900030,248,2,246
113900031,32,6,26
113900032,43,0,43
113900033,53,49,4
113900035,67,0,67
113900036,28,69,-41
113900037,220,231,-11
113900038,22,106,-84
113900039,191,42,149
113900040,19,51,-32
113900041,16,7,9
113900042,61,49,12
113900043,187,78,109
113900044,406,355,51
113900045,80,1,79
113900046,278,1095,-817
113900047,94,77,17
113900048,87,132,-45
113900049,226,318,-92
113900050,296,312,-16
113900051,211,209,2
113900052,147,63,84
113900053,726,753,-27
113900054,53,0,53
113900055,108,335,-227
113900056,41,110,-69
113900057,13,39,-26
113900058,72,58,14
113900059,274,226,48
113900060,101,160,-59
113900061,440,207,233
113900062,171,36,135
113900063,147,88,59
113900064,32,54,-22
113900065,464,34,430
113900066,442,139,303
113900067,237,113,124
113900068,575,650,-75
113900069,36,36,0
113900070,150,288,-138
113900071,104,52,52
113900072,70,95,-25
113900073,384,320,64
113900074,168,143,25
113900075,1008,1694,-686
113900076,180,15,165
113900077,71,87,-16
113900078,38,34,4
113900079,2,28,-26
113900080,643,199,444
113900081,77,77,0
113900082,170,147,23
113900083,602,178,424
113900084,226,103,123
113900085,54,132,-78
113900086,105,10,95
113900087,113,73,40
113900088,82,95,-13
113900089,455,56,399
113900090,645,380,265
113900091,21,12,9
113900092,28,59,-31
113900093,55,919,-864
113900094,672,219,453
113900095,157,155,2
113900096,302,100,202
113900097,14,57,-43
113900098,793,121,672
113900099,1,21,-20
113900100,0,2,-2
113900101,12,62,-50
113900102,140,149,-9
113900103,295,336,-41
113900104,141,251,-110
113900105,184,88,96
113900106,0,28,-28
113900107,0,17,-17
113900108,124,253,-129
113900109,291,225,66
113900110,119,30,89
113900111,238,65,173
113900112,167,50,117
113900113,1479,350,1129
113900114,0,15,-15
113900115,2,48,-46
113900116,64,170,-106
113900117,58,26,32
113900118,186,504,-318
113900119,124,403,-279
113900120,114,73,41
113900121,84,53,31
113900122,630,2446,-1816
113900123,599,211,388
113900124,0,82,-82
113900125,635,107,528
113900126,102,46,56
113900127,402,802,-400
113900128,168,60,108
113900129,15,170,-155
113900130,4,553,-549
113900131,262,60,202
113900132,36,80,-44
113900133,3,30,-27
113900135,363,277,86
113900136,109,50,59
113900137,343,352,-9
113900138,32,272,-240
113900139,158,240,-82
113900140,79,476,-397
113900141,701,186,515
113900142,192,71,121
113900143,12,47,-35
113900144,96,621,-525
113900145,374,111,263
113900146,197,52,145
113900148,106,422,-316
113900149,195,93,102
113900150,237,298,-61
113900151,445,137,308
113900152,70,64,6
113900153,92,587,-495
113900154,3,114,-111
113900155,97,230,-133
113900156,173,323,-150
113900157,70,339,-269
113900158,132,1002,-870
113900159,13,223,-210
113900160,433,385,48
113900161,78,262,-184
113900162,217,1453,-1236
113900163,234,231,3
113900164,456,42,414
113900165,565,640,-75
113900166,93,140,-47
113900167,372,39,333
113900168,62,53,9
113900169,159,252,-93
113900171,249,83,166
113900172,15,90,-75
113900173,35,218,-183
113900174,491,371,120
113900175,341,126,215
113900176,401,274,127
113900177,322,122,200
113900178,314,231,83
113900179,37,205,-168
113900180,191,56,135
113900181,830,297,533
113900182,732,584,148
113900183,56,68,-12
113900184,10,262,-252
113900185,142,59,83
113900186,82,43,39
113900187,29,103,-74
113900188,38,137,-99
113900189,296,171,125
113900190,131,82,49
113900191,134,115,19
113900192,6,697,-691
113900193,19,98,-79
113900194,916,551,365
113900195,190,308,-118
113900196,6,243,-237
113900197,0,85,-85
113900198,16,264,-248
113900199,106,417,-311
113900200,17,137,-120
113900201,1,45,-44
113900202,65,128,-63
113900203,1,38,-37
113900204,29,239,-210
113900205,6,52,-46
113900206,11,93,-82
113900207,2,49,-47
113900208,0,37,-37
113900209,0,55,-55
113900210,401,731,-330
113900211,244,62,182
113900212,215,270,-55
113900214,277,406,-129
113900215,121,70,51
113900216,195,399,-204
113900217,139,156,-17
113900218,194,94,100
113900219,135,625,-490
113900220,143,165,-22
113900221,308,341,-33
113900222,220,530,-310
113900223,168,268,-100
113900224,38,56,-18
113900225,339,95,244
113900226,480,196,284
113900227,362,176,186
113900228,380,727,-347
113900229,36,1045,-1009
113900230,1985,3287,-1302
113900231,165,151,14
113900232,159,55,104
113900233,134,78,56
113900234,378,433,-55
113900235,137,42,95
113900236,351,184,167
113900237,218,16,202
113900238,264,639,-375
113900239,58,132,-74
113900240,2,225,-223
113900241,76,60,16
113900242,24,125,-101
113900243,69,273,-204
113900244,126,190,-64
113900245,599,267,332
113900246,15,30,-15
113900247,112,571,-459
113900248,1829,1801,28
113900249,902,489,413
113900250,53,217,-164
113900251,926,108,818
113900252,685,15,670
113900253,660,62,598
113900254,692,165,527
113900255,608,17,591
113900256,335,24,311
113900257,15,266,-251
113900258,23,246,-223
113900259,784,84,700
113900260,269,10,259
113900261,31,66,-35
113900262,125,300,-175
113900263,103,430,-327
113900264,2,173,-171
113900265,122,287,-165
113900266,14,102,-88
113900267,112,807,-695
113900268,306,496,-190
113900269,90,137,-47
113900270,234,662,-428
113900271,673,481,192
113900273,49,20,29
113900274,109,29,80
113900275,26,50,-24
113900276,1,84,-83
113900277,237,6,231
113900278,227,163,64
113900279,54,45,9
113900280,1630,497,1133
113900281,504,1441,-937
113900282,387,602,-215
113900283,338,447,-109
113900284,929,193,736
113900285,141,59,82
113900286,47,76,-29
113900287,63,25,38
113900288,5,93,-88
113900289,351,136,215
113900290,138,286,-148
113900291,75,113,-38
113900292,7,10,-3
113900293,2,184,-182
113900294,546,10,536
113900295,295,426,-131
113900296,2600,451,2149
113900297,2477,75,2402
113900298,24,1124,-1100
113900299,160,57,103
113900300,3749,3865,-116
113900301,517,569,-52
113900302,1484,1005,479
113900303,222,599,-377
113900304,2,65,-63
113900305,183,1,182
113900306,113,1,112
113900307,14,4,10
113900308,75,106,-31
113900309,2,298,-296
113900310,0,14,-14
113900311,15,0,15
113900312,214,196,18
113900313,11,6,5
114000001,873,1686,-813
114000002,285,192,93
114000003,80,183,-103
114000004,390,231,159
114000005,412,206,206
114000006,1358,1221,137
114000007,710,834,-124
114000008,1353,1699,-346
114000009,1235,214,1021
114000011,2887,1743,1144
114000012,3092,1197,1895
114000013,1902,885,1017
114000014,394,114,280
114000015,2185,181,2004
114000016,294,143,151
114000017,147,561,-414
114000018,108,17,91
114000026,2741,778,1963
114000027,4471,1782,2689
114000028,2185,2822,-637
114000038,362,119,243
114000039,72,36,36
114000040,227,238,-11
114000042,171,165,6
114000043,89,26,63
114000044,417,9,408
114000045,40,45,-5
114000046,2034,3151,-1117
114000047,10,48,-38
114000048,124,52,72
114000049,1829,1326,503
114000050,1736,1412,324
114000051,2859,1784,1075
114000052,3695,2167,1528
114000053,112,555,-443
114000054,189,510,-321
114000055,209,49,160
114000056,233,926,-693
114000057,3323,1866,1457
114000058,106,1156,-1050
114000059,41,465,-424
114000060,496,688,-192
114000061,1786,2455,-669
114000062,585,1376,-791
114000063,1059,1146,-87
114000064,1918,3261,-1343
114000065,1128,1665,-537
114000066,465,556,-91
114000067,25,874,-849
114000068,491,682,-191
114000069,1034,474,560
114000070,2007,1728,279
114000071,807,440,367
114000072,583,125,458
114000073,19,18,1
114000074,80,17,63
114000075,89,31,58
114000076,35,37,-2
114000077,7,16,-9
114000078,271,285,-14
114000079,243,23,220
114000080,86,65,21
114000081,77,82,-5
114000082,38,227,-189
114000083,66,98,-32
114000084,335,86,249
114000085,89,294,-205
114000086,253,118,135
114000087,213,77,136
114000088,47,25,22
114000089,406,246,160
114000090,933,874,59
114000091,1172,781,391
114000092,750,406,344
114000093,1364,649,715
114000094,411,312,99
114000095,327,180,147
114000096,73,211,-138
114000097,129,239,-110
114000098,663,117,546
114000099,856,153,703
114000100,1939,396,1543
114000101,472,323,149
114000102,660,260,400
114000103,118,196,-78
114000104,50,159,-109
114000105,168,91,77
114000106,587,1850,-1263
114000107,635,123,512
114000108,685,726,-41
114000109,625,1264,-639
114000110,470,725,-255
114000111,2164,975,1189
114000112,458,1068,-610
114000113,1347,590,757
114000114,845,673,172
114000115,2019,1097,922
114000116,1212,936,276
114000117,4326,573,3753
114000118,3253,521,2732
114000119,2401,536,1865
114000120,638,533,105
114000121,514,737,-223
114000122,461,363,98
114000123,2706,361,2345
114000124,1088,351,737
114000125,824,851,-27
114000126,1839,207,1632
114000127,224,105,119
114000128,801,230,571
114000130,441,457,-16
114000131,336,127,209
114000132,684,402,282
114000133,601,999,-398
114000134,69,36,33
114000138,43,100,-57
114000139,398,392,6
114000144,698,662,36
114000145,65,86,-21
114000146,93,90,3
114000147,1434,2547,-1113
114000148,1251,1734,-483
114000149,330,305,25
114000150,244,448,-204
114000151,512,1620,-1108
114000152,76,42,34
114000153,598,1962,-1364
114000154,645,406,239
114000155,1007,2191,-1184
114000156,767,678,89
114000157,231,1128,-897
114000158,957,563,394
114000159,108,382,-274
114000160,55,514,-459
114000161,1050,2715,-1665
114000162,1366,2598,-1232
114000163,27,59,-32
114000165,585,344,241
114000166,792,443,349
114000167,1985,1333,652
114000168,406,428,-22
114000169,1185,1711,-526
114000170,827,1056,-229
114000171,1759,3107,-1348
114000174,146,351,-205
114000176,293,507,-214
114000177,843,508,335
114000178,50,40,10
114000179,901,548,353
114000180,252,490,-238
114000181,1613,4101,-2488
114000182,1407,2109,-702
114000183,471,477,-6
114000184,435,671,-236
114000185,1362,664,698
114000189,1405,215,1190
114000190,3433,523,2910
114000191,87,156,-69
114000192,109,837,-728
114000193,389,1128,-739
114000194,1420,618,802
114000195,213,80,133
114000196,3,87,-84
114000197,1876,16,1860
114000198,635,324,311
114000199,1653,1709,-56
114000200,504,819,-315
114000201,133,405,-272
114000202,811,391,420
114000203,573,384,189
114000204,153,364,-211
114000205,170,774,-604
114000206,685,1105,-420
114000207,382,916,-534
114000208,464,1242,-778
114000209,374,947,-573
114000210,194,631,-437
114000211,1288,943,345
114000212,919,791,128
114000213,1520,402,1118
114000214,79,91,-12
114000215,218,72,146
114000216,1563,257,1306
114000217,469,137,332
114000218,233,119,114
114000219,1374,143,1231
114000220,32,456,-424
114000221,955,194,761
114000222,156,533,-377
114000223,591,106,485
114000224,56,319,-263
114000225,275,362,-87
114000226,249,261,-12
114000227,867,452,415
114000228,875,445,430
114000229,1337,890,447
114000230,1588,737,851
114000231,1124,1121,3
114000232,990,163,827
114000233,2759,143,2616
114000234,1137,528,609
114000235,1158,897,261
114000236,1,223,-222
114000237,122,535,-413
114000238,94,185,-91
114000239,144,750,-606
114000240,913,891,22
114000241,240,558,-318
114000242,696,501,195
114000243,1606,829,777
114000244,589,286,303
114000245,453,668,-215
114000246,79,35,44
114000247,477,382,95
114000248,1292,473,819
114000249,561,368,193
114000250,674,425,249
114000251,478,186,292
114000252,26,32,-6
114000253,46,122,-76
114000254,90,30,60
114000255,391,178,213
114000256,417,1814,-1397
114000257,324,656,-332
114000258,336,196,140
114000259,83,143,-60
114000260,0,15,-15
114000261,39,23,16
114000262,313,122,191
114000263,9,6,3
114000264,1476,266,1210
114000265,0,6,-6
114000267,2,1351,-1349
114000268,43,631,-588
114000270,263,0,263
114000271,265,41,224
114000283,1457,273,1184
114000285,31,102,-71
114000288,143,187,-44
114000289,1875,108,1767
114000293,241,510,-269
114000294,191,259,-68
114000395,1124,42,1082
114000396,634,631,3
114000402,829,205,624
114000403,463,187,276
114000405,245,195,50
114000423,424,221,203
114000424,547,159,388
114000425,1118,210,908
114000426,290,775,-485
114000427,79,60,19
114000428,118,184,-66
114000429,24,111,-87
114000432,101,49,52
114000434,17,57,-40
114000435,14,100,-86
114000436,1377,566,811
114000437,541,5509,-4968
114900001,643,377,266
114900002,486,182,304
114900003,817,629,188
114900004,224,456,-232
114900005,587,420,167
114900006,120,103,17
114900007,352,45,307
114900008,252,135,117
114900010,867,1549,-682
114900011,255,153,102
114900013,327,130,197
114900015,111,615,-504
114900018,1075,34,1041
114900020,173,87,86
114900022,4,419,-415
114900024,280,108,172
114900025,583,155,428
114900026,107,136,-29
114900027,227,180,47
114900029,38,17,21
114900030,344,229,115
114900031,433,24,409
114900032,490,13,477
114900033,564,1377,-813
114900034,38,47,-9
114900035,124,236,-112
114900036,165,265,-100
114900037,163,105,58
114900038,179,229,-50
114900039,533,212,321
114900040,84,50,34
114900041,1101,201,900
114900042,1285,323,962
114900043,370,185,185
114900044,174,44,130
114900046,54,49,5
114900047,208,2704,-2496
114900048,98,184,-86
114900049,7,71,-64
114900050,58,152,-94
114900051,20,221,-201
114900052,99,225,-126
114900053,78,188,-110
114900054,37,58,-21
114900057,235,24,211
114900058,1,38,-37
114900059,143,88,55
114900060,364,650,-286
114900061,110,62,48
114900062,154,245,-91
114900063,76,71,5
114900064,2298,223,2075
114900065,566,602,-36
114900067,55,336,-281
114900068,39,76,-37
114900069,134,74,60
114900070,643,200,443
114900072,6,178,-172
114900073,1,80,-79
114900074,933,244,689
114900075,435,10,425
114900076,13,242,-229
114900080,977,274,703
114900082,2293,2688,-395
114900083,632,1032,-400
114900090,503,198,305
114900091,121,139,-18
114900095,207,77,130
114900096,309,421,-112
114900097,199,2,197
114900098,2,89,-87
114900099,270,14,256
115000001,3465,1823,1642
115000002,4402,4892,-490
115000003,3488,1420,2068
115000004,5182,6238,-1056
115000005,1229,1494,-265
115000006,1227,1468,-241
115000007,150,201,-51
115000008,378,582,-204
115000009,241,214,27
115000010,226,197,29
115000013,39,173,-134
115000015,24,188,-164
115000016,148,279,-131
115000019,31,431,-400
115000020,177,995,-818
115000021,212,396,-184
115000022,564,330,234
115000023,339,680,-341
115000024,908,396,512
115000025,942,951,-9
115000026,209,323,-114
115000027,354,413,-59
115000028,252,687,-435
115000029,800,141,659
115000030,847,943,-96
115000031,1315,434,881
115000032,14,199,-185
115000033,149,56,93
115000034,77,1075,-998
115000035,1168,90,1078
115000036,0,347,-347
115000037,716,23,693
115000038,40,121,-81
115000039,2192,3172,-980
115000040,2992,2198,794
115000041,1732,4184,-2452
115000042,675,546,129
115000043,3820,2534,1286
115000044,3164,2776,388
115000045,2374,941,1433
115000046,2954,2417,537
115000047,2516,1260,1256
115000048,1647,1298,349
115000049,1263,2266,-1003
115000050,3280,1545,1735
115000051,1615,3162,-1547
115000052,1008,1184,-176
115000053,2068,2016,52
115000054,478,709,-231
115000055,217,838,-621
115000056,227,595,-368
115000057,673,1157,-484
115000058,332,412,-80
115000059,317,195,122
115000061,74,173,-99
115000062,211,290,-79
115000063,426,259,167
115000064,215,83,132
115000065,62,481,-419
115000067,146,18,128
115000069,156,240,-84
115000070,38,882,-844
115000071,118,32,86
115000072,15,58,-43
115000073,1632,76,1556
115000075,116,45,71
115000076,2282,1879,403
115000077,2233,1227,1006
115000078,1562,837,725
115000079,1356,1107,249
115000080,2680,1348,1332
115000081,376,750,-374
115000082,4497,3693,804
115000083,1880,1137,743
115000084,3054,977,2077
115000085,1087,662,425
115000086,1277,586,691
115000087,420,1174,-754
115000088,1678,552,1126
115000089,1155,1051,104
115000090,445,769,-324
115000091,210,605,-395
115000092,738,404,334
115000093,593,3,590
115000094,4569,6262,-1693
115000095,3738,6836,-3098
115000096,910,922,-12
115000097,1703,1115,588
115000098,1609,519,1090
115000099,3159,1580,1579
115000100,1437,335,1102
115000101,593,963,-370
115000102,598,305,293
115000103,283,419,-136
115000105,89,116,-27
115000106,783,368,415
115000107,224,282,-58
115000108,1981,1612,369
115000109,3861,5460,-1599
115000110,1291,2276,-985
115000111,541,1019,-478
115000112,768,1004,-236
115000113,707,752,-45
115000114,1300,590,710
115000116,2877,2241,636
115000117,2449,2487,-38
115000118,1958,1787,171
115000119,1481,1988,-507
115000120,495,1328,-833
115000121,812,795,17
115000122,1120,1944,-824
115000123,801,2452,-1651
115000124,692,943,-251
115000125,387,688,-301
115000126,163,295,-132
115000127,310,153,157
115000128,332,696,-364
115000129,178,393,-215
115000130,474,376,98
115000131,891,237,654
115000132,463,266,197
115000133,671,179,492
115000134,328,257,71
115000135,225,184,41
115000136,300,225,75
115000137,122,145,-23
115000138,511,239,272
115000139,313,189,124
115000140,535,195,340
115000141,253,128,125
115000142,244,122,122
115000143,1087,532,555
115000144,567,47,520
115000145,217,193,24
115000146,601,375,226
115000147,366,292,74
115000148,315,479,-164
115000149,746,223,523
115000150,630,405,225
115000151,1288,470,818
115000152,646,437,209
115000153,1305,451,854
115000154,1028,226,802
115000155,611,602,9
115000156,883,679,204
115000157,425,585,-160
115000158,393,389,4
115000159,516,549,-33
115000160,459,621,-162
115000161,624,353,271
115000162,559,933,-374
115000163,458,611,-153
115000164,524,586,-62
115000165,305,523,-218
115000167,81,65,16
115000168,427,303,124
115000169,419,574,-155
115000170,68,131,-63
115000171,209,220,-11
115000172,712,605,107
115000173,290,829,-539
115000174,67,256,-189
115000175,160,180,-20
115000176,100,135,-35
115000177,91,303,-212
115000178,13,183,-170
115000179,20,37,-17
115000180,159,260,-101
115000181,800,134,666
115000182,1162,238,924
115000183,553,421,132
115000186,666,225,441
115000187,233,528,-295
115000188,423,617,-194
115000189,230,395,-165
115000190,773,505,268
115000191,195,497,-302
115000194,112,165,-53
115000195,191,291,-100
115000196,272,82,190
115000197,289,176,113
115000198,549,153,396
115000199,495,122,373
115000200,410,76,334
115000201,177,231,-54
115000206,436,50,386
115000207,288,254,34
115000208,270,518,-248
115000209,596,308,288
115000210,219,119,100
115000211,226,265,-39
115000212,955,394,561
115000224,372,53,319
115000225,80,94,-14
115000229,132,100,32
115000230,98,517,-419
115000231,308,832,-524
115000232,2112,245,1867
115000233,145,156,-11
115000234,36,267,-231
115000241,163,165,-2
115000242,152,150,2
115000243,87,112,-25
115000244,22,98,-76
115000246,25,31,-6
115000247,36,21,15
115000248,62,13,49
115000249,16,18,-2
115000250,275,25,250
115000251,336,76,260
115000252,91,217,-126
115000253,21,444,-423
115000258,316,58,258
115000259,294,81,213
115000261,37,12,25
115000262,19,26,-7
115000263,16,41,-25
115000264,24,24,0
115000267,104,99,5
115000268,57,114,-57
115000269,105,66,39
115000270,7,23,-16
115000272,67,80,-13
115000273,620,46,574
115000280,1778,281,1497
115000281,331,673,-342
115000282,866,1438,-572
115000284,158,148,10
115000296,1112,20,1092
115000297,107,173,-66
115000298,37,492,-455
115000300,306,172,134
115000302,596,78,518
115000303,954,72,882
115000304,1059,63,996
115000305,102,254,-152
115000306,221,137,84
115000307,130,149,-19
115000308,18,29,-11
115000309,32,85,-53
115000310,1336,492,844
115000311,1333,953,380
115000313,123,223,-100
115000314,611,130,481
115000315,580,776,-196
115000316,110,136,-26
115000317,191,345,-154
115000318,869,328,541
115000319,85,169,-84
115000320,18,352,-334
115000321,370,5,365
115000322,61,136,-75
115000449,202,153,49
115000557,7,1603,-1596
115000558,293,110,183
115000587,664,254,410
115000588,1628,2152,-524
115000589,3361,2013,1348
115000590,841,1345,-504
115000591,1704,803,901
115000592,433,1445,-1012
115000593,1426,756,670
115000594,397,2141,-1744
115000609,199,71,128
115000617,608,2832,-2224
115000624,358,31,327
115000633,535,1520,-985
115000634,3136,814,2322
115000635,681,92,589
115000638,306,350,-44
115000641,37,170,-133
115000642,350,238,112
115000643,136,277,-141
115000644,139,243,-104
115000646,820,1701,-881
115000647,222,512,-290
115000648,2805,1225,1580
115000893,1443,1182,261
115000894,146,748,-602
115000895,249,547,-298
115000896,982,408,574
115000897,370,114,256
115000898,431,264,167
115000899,255,1302,-1047
115000900,29,259,-230
115000901,49,127,-78
115000912,413,75,338
115000913,4,16,-12
115000915,6,0,6
115000916,1,0,1
115000917,0,2,-2
115000918,31,499,-468
115000919,2,22,-20
115000920,6,42,-36
115000921,204,68,136
115000922,324,715,-391
115000923,97,898,-801
115000925,112,135,-23
115000927,36,106,-70
115000933,75,250,-175
115000934,188,199,-11
115000935,208,42,166
115000936,44,828,-784
115000937,326,125,201
115000938,37,173,-136
115000939,20,122,-102
115900001,206,19,187
115900002,98,103,-5
115900003,218,42,176
115900004,1,20,-19
115900005,329,16,313
115900006,116,106,10
115900008,87,22,65
115900009,84,117,-33
115900010,449,60,389
115900011,442,408,34
115900012,287,38,249
115900013,279,132,147
115900014,127,198,-71
115900015,164,37,127
115900016,101,28,73
115900017,18,13,5
115900018,121,54,67
115900019,162,24,138
115900020,169,3,166
115900021,1018,260,758
115900022,648,12,636
115900023,31,35,-4
115900025,36,211,-175
115900026,715,123,592
115900027,0,103,-103
115900028,375,65,310
115900029,27,220,-193
115900030,47,30,17
115900031,134,413,-279
115900032,429,447,-18
115900033,0,39,-39
115900034,39,116,-77
115900035,60,57,3
115900036,26,1290,-1264
115900037,35,163,-128
115900038,62,21,41
115900039,155,144,11
115900041,219,896,-677
115900042,77,19,58
115900043,139,39,100
115900044,167,287,-120
115900046,488,162,326
115900047,158,222,-64
115900049,223,137,86
115900051,4,21,-17
115900052,20,139,-119
115900053,339,106,233
115900054,385,24,361
115900055,37,101,-64
115900056,187,110,77
115900057,17,15,2
115900058,33,52,-19
115900060,132,160,-28
115900061,344,1,343
115900062,89,138,-49
115900063,66,8,58
115900064,161,202,-41
115900065,144,74,70
115900066,101,64,37
115900067,8,202,-194
115900068,1571,1252,319
115900069,87,182,-95
115900070,228,36,192
115900071,0,164,-164
115900072,32,96,-64
115900073,112,174,-62
115900074,9,122,-113
115900075,60,132,-72
115900076,6,24,-18
115900077,3,99,-96
115900078,34,59,-25
115900079,332,15,317
115900080,210,155,55
115900081,30,45,-15
115900082,120,120,0
115900084,728,32,696
115900085,46,42,4
115900086,875,419,456
115900088,13,44,-31
115900089,559,384,175
115900090,564,17,547
115900091,11,28,-17
115900092,53,74,-21
115900093,2,17,-15
115900094,3,103,-100
115900096,4,6,-2
115900097,8,169,-161
115900098,345,190,155
115900099,64,47,17
115900100,15,222,-207
115900101,204,138,66
115900102,105,53,52
115900103,348,109,239
115900104,106,72,34
115900105,457,225,232
115900106,164,11,153
115900107,133,52,81
115900108,206,22,184
115900109,48,173,-125
115900110,2,6,-4
115900111,0,76,-76
115900112,48,485,-437
115900113,80,12,68
115900114,3,81,-78
115900115,110,164,-54
115900116,73,535,-462
115900117,111,4,107
115900118,4,153,-149
115900119,149,99,50
115900120,24,182,-158
115900121,251,100,151
115900124,311,865,-554
115900125,417,104,313
115900126,1023,82,941
115900127,917,41,876
115900128,4,86,-82
115900129,759,48,711
115900130,14,215,-201
115900131,405,29,376
115900132,847,11,836
115900134,420,56,364
115900135,331,1222,-891
115900137,44,9,35
115900139,18,91,-73
115900140,428,44,384
115900141,3,26,-23
115900142,9,34,-25
115900143,311,917,-606
115900144,149,260,-111
115900146,13,30,-17
115900147,238,258,-20
115900148,128,10,118
115900149,228,17,211
115900150,115,17,98
115900151,19,101,-82
115900152,217,217,0
115900153,123,117,6
115900154,332,342,-10
115900155,0,13,-13
115900156,720,918,-198
115900157,265,420,-155
115900158,12,5,7
115900159,227,120,107
115900160,2,10,-8
115900161,65,194,-129
115900163,273,134,139
115900164,697,12,685
115900165,5,123,-118
115900166,135,90,45
115900168,137,77,60
115900171,97,362,-265
115900172,56,69,-13
115900173,245,96,149
115900174,173,176,-3
115900175,175,185,-10
115900178,5,249,-244
115900179,417,17,400
115900180,53,62,-9
115900181,245,76,169
115900182,640,90,550
115900183,27,60,-33
115900184,452,2,450
115900187,10,153,-143
115900189,1,266,-265
115900190,245,1127,-882
115900191,29,135,-106
115900192,9,83,-74
115900193,142,120,22
115900194,792,61,731
115900195,417,2703,-2286
115900198,214,283,-69
115900199,327,119,208
115900200,186,176,10
115900201,388,354,34
115900202,2,90,-88
115900203,7,14,-7
115900204,1,13,-12
115900205,36,26,10
115900206,264,98,166
115900207,84,12,72
115900208,177,64,113
115900209,3,67,-64
115900210,3,78,-75
115900211,2,78,-76
115900212,196,175,21
115900213,88,143,-55
115900214,687,121,566
115900215,26,217,-191
115900216,1,95,-94
115900217,1,25,-24
115900218,3,23,-20
115900219,121,3,118
115900220,374,3,371
115900221,145,10,135
115900222,99,58,41
115900223,5,578,-573
115900224,523,1825,-1302
115900225,41,47,-6
115900226,34,52,-18
115900227,43,40,3
115900228,10,36,-26
115900229,5,57,-52
115900230,34,82,-48
115900231,132,4,128
115900232,62,2,60
115900233,92,16,76
115900234,47,34,13
115900235,21,64,-43
115900236,31,41,-10
115900237,27,16,11
115900238,20,7,13
115900239,9,36,-27
115900240,12,32,-20
115900241,257,63,194
115900242,202,329,-127
115900243,10,3,7
115900244,21,18,3
115900245,56,7,49
115900246,31,15,16
115900247,15,14,1
115900248,5,3,2
115900249,9,10,-1
115900250,28,20,8
115900251,3,3,0
115900252,1,1,0
115900253,11,16,-5
115900254,9,21,-12
115900255,0,26,-26
115900256,4,13,-9
115900257,5,4,1
115900258,0,0,0
115900259,4,2,2
115900260,12,2,10
115900261,5,1,4
115900262,4,0,4
115900263,17,0,17
115900264,43,1,42
115900265,6,2,4
115900266,3,19,-16
115900267,1,13,-12
115900268,4,12,-8
115900269,678,145,533
115900270,508,123,385
115900271,182,0,182
115900272,63,2,61
115900273,11,20,-9
115900274,2,5,-3
115900275,0,8,-8
115900276,0,20,-20
115900277,0,20,-20
115900278,51,108,-57
115900279,31,211,-180
115900280,15,563,-548
115900281,195,336,-141
115900282,8,26,-18
115900283,0,0,0
115900284,3,0,3
116000001,5539,2382,3157
116000002,4462,13623,-9161
116000003,1016,1006,10
116000004,2881,4874,-1993
116000005,1080,2867,-1787
116000006,2380,3129,-749
116000007,1975,3806,-1831
116000008,4427,3495,932
116000009,1124,1304,-180
116000010,2605,1982,623
116000011,565,1201,-636
116000012,1975,1247,728
116000013,4306,3204,1102
116000014,7174,16516,-9342
116000015,163,1569,-1406
116000016,4778,4716,62
116000017,31,804,-773
116000018,595,421,174
116000019,874,359,515
116000020,748,1285,-537
116000021,840,364,476
116000022,441,337,104
116000023,1485,1028,457
116000024,536,804,-268
116000025,1084,901,183
116000026,1479,2666,-1187
116000027,739,717,22
116000028,554,1306,-752
116000029,452,761,-309
116000030,733,759,-26
116000031,154,296,-142
116000032,419,184,235
116000033,595,504,91
116000034,942,789,153
116000035,429,661,-232
116000036,856,1928,-1072
116000037,323,501,-178
116000038,213,687,-474
116000039,297,792,-495
116000040,502,627,-125
116000041,114,657,-543
116000042,764,478,286
116000043,123,532,-409
116000044,13,37,-24
116000045,2042,1742,300
116000046,1187,1672,-485
116000047,1753,2447,-694
116000048,2323,1788,535
116000049,1886,3598,-1712
116000050,1799,1459,340
116000051,6138,3290,2848
116000052,5734,5259,475
116000053,2556,747,1809
116000054,1085,2483,-1398
116000055,1030,853,177
116000056,1307,1278,29
116000057,2890,1319,1571
116000058,3406,2804,602
116000059,2746,4851,-2105
116000060,1647,964,683
116000061,527,1178,-651
116000062,439,168,271
116000063,568,1364,-796
116000066,261,691,-430
116000067,188,360,-172
116000068,203,251,-48
116000069,288,232,56
116000078,454,1154,-700
116000080,1858,657,1201
116000082,4,25,-21
116000083,1835,457,1378
116000084,1593,2260,-667
116000085,2144,2148,-4
116000086,927,564,363
116000087,2585,1970,615
116000088,860,919,-59
116000089,207,74,133
116000090,155,156,-1
116000091,210,321,-111
116000093,858,829,29
116000094,771,397,374
116000095,1117,767,350
116000096,1030,1472,-442
116000097,897,501,396
116000098,47,7217,-7170
116000099,4544,228,4316
116000100,295,20,275
116000101,1275,441,834
116000102,258,782,-524
116000103,586,314,272
116000104,272,819,-547
116000105,1339,153,1186
116000106,439,652,-213
116000107,2580,218,2362
116000108,131,135,-4
116000111,192,37,155
116000113,226,174,52
116000114,42,84,-42
116000115,501,155,346
116000116,266,271,-5
116000117,1745,1486,259
116000118,1595,985,610
116000119,4156,1746,2410
116000120,2667,2563,104
116000121,1191,639,552
116000122,1020,818,202
116000123,1383,458,925
116000124,412,619,-207
116000125,3641,852,2789
116000126,335,896,-561
116000127,843,670,173
116000128,2363,952,1411
116000129,1807,186,1621
116000130,874,692,182
116000133,1421,704,717
116000134,1622,1076,546
116000135,3192,1401,1791
116000136,881,1262,-381
116000137,1200,764,436
116000138,1047,652,395
116000139,1654,2500,-846
116000140,149,191,-42
116000141,409,314,95
116000142,2663,1713,950
116000143,1932,1798,134
116000144,1442,1349,93
116000145,2202,950,1252
116000146,803,89,714
116000147,240,108,132
116000148,787,756,31
116000149,805,893,-88
116000151,443,335,108
116000153,107,311,-204
116000155,179,271,-92
116000156,575,951,-376
116000157,102,13,89
116000158,425,367,58
116000159,24,9,15
116000160,20,42,-22
116000161,3,98,-95
116000162,53,163,-110
116000163,55,13,42
116000164,5,32,-27
116000177,96,97,-1
116000194,67,382,-315
116000195,1248,568,680
116000196,31,7,24
116000197,24,26,-2
116000198,2142,1262,880
116000200,700,877,-177
116000201,638,614,24
116000202,10,143,-133
116000203,0,80,-80
116000204,27,36,-9
116000205,0,128,-128
116000206,5,132,-127
116000207,8,42,-34
116000233,149,345,-196
116000287,271,256,15
116000288,409,189,220
116000292,64,109,-45
116000296,10,157,-147
116000297,122,4,118
116000304,154,33,121
116000305,16,38,-22
116000346,221,106,115
116000352,127,70,57
116000354,44,9,35
116000357,17,29,-12
116000358,437,86,351
116000361,45,0,45
116000372,2587,5449,-2862
116000381,134,0,134
116000388,2,51,-49
116000389,909,553,356
116000445,736,239,497
116000446,742,278,464
116000447,18,593,-575
116000448,502,131,371
116000563,728,1171,-443
116000565,41,225,-184
116000566,0,6,-6
116000568,75,454,-379
116000579,22,69,-47
116000584,38,7,31
116000585,35,16,19
116000586,62,77,-15
116000587,522,601,-79
116000589,45,38,7
116000590,94,72,22
116000591,283,117,166
116000592,5,60,-55
116000593,0,15,-15
116000594,959,262,697
116000595,784,54,730
116000596,140,10,130
116000597,561,134,427
116000598,19,88,-69
116000602,34,495,-461
116000605,145,112,33
116000606,114,316,-202
116000607,2,97,-95
116000609,157,1085,-928
116000611,198,242,-44
116000612,1038,1907,-869
116000613,911,286,625
116000614,456,265,191
116000615,4,390,-386
116000616,111,69,42
116000617,135,21,114
116000618,7,39,-32
116000619,46,76,-30
116000620,213,108,105
116000621,81,170,-89
116000622,98,172,-74
116000624,325,85,240
116000627,77,20,57
116000628,82,168,-86
116000629,29,171,-142
116000630,534,49,485
116000631,226,49,177
116000632,666,120,546
116000633,88,124,-36
116000634,686,26,660
116000635,1995,2559,-564
116000636,317,991,-674
116000637,395,9,386
116000638,32,169,-137
116900001,258,174,84
116900002,265,0,265
116900003,63,17,46
116900004,72,78,-6
116900005,343,44,299
116900006,55,341,-286
116900007,120,199,-79
116900008,640,138,502
116900009,27,9,18
116900010,0,604,-604
116900011,15,40,-25
116900012,200,264,-64
116900013,9,109,-100
116900014,180,74,106
116900015,667,44,623
116900016,351,4,347
116900017,3,360,-357
116900018,131,63,68
116900019,1,178,-177
116900020,572,1775,-1203
116900023,66,15,51
116900024,767,58,709
116900025,1519,569,950
116900026,111,395,-284
116900027,47,38,9
116900028,3,48,-45
116900029,1,123,-122
116900031,1,3,-2
116900032,4,199,-195
116900033,38,8,30
116900034,6,41,-35
116900035,225,168,57
116900036,2,79,-77
116900038,17,0,17
116900041,85,9,76
116900042,260,220,40
116900043,40,85,-45
116900047,16,182,-166
116900049,15,204,-189
116900050,162,246,-84
116900051,264,68,196
116900052,150,71,79
116900055,1,11,-10
116900057,22,113,-91
116900058,34,256,-222
116900059,1,55,-54
116900060,150,126,24
116900062,0,1,-1
116900064,86,242,-156
116900065,25,82,-57
116900067,113,28,85
116900068,149,173,-24
116900070,4,6,-2
116900072,56,220,-164
116900073,26,52,-26
116900074,11,53,-42
116900076,17,59,-42
116900077,13,75,-62
116900078,143,65,78
116900079,62,130,-68
116900080,22,20,2
116900081,331,826,-495
116900082,331,906,-575
116900083,27,20,7
116900084,75,55,20
116900085,33,114,-81
116900086,39,162,-123
116900088,354,76,278
116900090,58,24,34
116900091,471,18,453
116900092,94,475,-381
116900093,2077,1456,621
116900094,2819,5127,-2308
116900095,238,205,33
116900096,118,559,-441
116900097,1513,3788,-2275
116900098,702,431,271
116900099,420,878,-458
116900100,1156,81,1075
116900101,197,417,-220
116900103,4,1,3
116900104,46,110,-64
116900105,362,214,148
116900106,2769,171,2598
116900107,1930,3047,-1117
116900110,35,3,32
116900111,795,317,478
116900112,353,457,-104
116900113,953,1812,-859
116900116,59,679,-620
116900117,124,70,54
116900118,788,896,-108
116900120,509,98,411
116900121,180,31,149
116900122,1187,320,867
116900123,371,279,92
116900124,133,680,-547
116900125,672,93,579
116900126,95,635,-540
116900128,0,39,-39
116900129,2,188,-186
116900130,566,4496,-3930
116900131,91,322,-231
116900132,74,118,-44
116900133,184,91,93
116900134,255,153,102
116900136,168,163,5
116900137,181,146,35
116900138,195,130,65
116900139,123,317,-194
116900140,182,129,53
116900141,645,337,308
116900142,2,112,-110
116900143,365,221,144
116900144,38,92,-54
116900145,90,159,-69
116900147,323,1049,-726
116900148,7,66,-59
116900149,84,324,-240
116900150,8,20,-12
116900151,54,20,34
116900153,199,88,111
116900154,253,644,-391
116900155,81,140,-59
116900157,835,161,674
116900158,89,320,-231
116900159,49,319,-270
116900160,988,1155,-167
116900161,4235,8553,-4318
116900162,29,62,-33
116900163,278,70,208
116900164,85,79,6
116900165,460,479,-19
116900166,142,38,104
116900167,565,75,490
116900168,495,63,432
116900169,334,855,-521
116900170,643,559,84
116900171,34,167,-133
116900172,169,509,-340
116900173,299,29,270
116900174,70,63,7
116900175,221,318,-97
116900178,30,95,-65
116900179,89,442,-353
116900180,92,21,71
116900182,591,242,349
116900183,231,81,150
116900185,55,85,-30
116900186,72,128,-56
116900187,63,66,-3
116900188,168,41,127
116900189,97,0,97
116900191,363,601,-238
116900192,344,107,237
116900194,162,1965,-1803
116900195,66,42,24
116900196,10,34,-24
116900197,155,21,134
116900198,104,369,-265
116900200,136,14,122
116900201,246,7,239
116900202,89,22,67
116900203,175,14,161
116900204,82,133,-51
116900206,46,4,42
116900207,29,22,7
116900208,9,48,-39
116900209,18,40,-22
116900210,556,313,243
116900211,277,4,273
116900212,167,26,141
116900213,284,98,186
116900214,246,149,97
116900215,65,73,-8
116900216,299,201,98
116900218,6,180,-174
116900219,866,336,530
116900220,192,314,-122
116900221,165,300,-135
116900222,466,367,99
116900223,133,277,-144
116900226,105,19,86
116900227,241,27,214
116900228,376,170,206
116900230,52,138,-86
116900231,42,205,-163
116900232,34,184,-150
116900233,414,115,299
116900234,37,12,25
116900235,163,179,-16
116900238,1197,271,926
116900239,0,1283,-1283
116900240,3636,3411,225
116900241,175,56,119
116900242,234,929,-695
116900243,6,57,-51
116900245,82,58,24
116900246,147,18,129
116900247,970,31,939
116900248,124,45,79
116900249,542,58,484
116900250,508,30,478
116900251,408,827,-419
116900252,189,468,-279
116900253,148,54,94
116900254,28,68,-40
116900255,120,129,-9
116900256,481,97,384
116900257,34,224,-190
116900258,9,113,-104
116900259,346,9,337
116900260,2,57,-55
116900261,114,8,106
116900262,185,147,38
116900263,1,19,-18
116900264,2,5,-3
116900265,62,0,62
116900266,15,24,-9
116900267,7,1,6
116900268,343,235,108
116900269,343,701,-358
116900271,654,403,251
116900272,242,224,18
116900273,88,138,-50
116900274,142,41,101
116900275,302,62,240
116900276,461,233,228
116900277,296,35,261
116900278,6,8,-2
116900279,6,8,-2
116900280,38,9,29
116900281,3406,5787,-2381
116900282,7,30,-23
116900283,14,50,-36
116900284,12,147,-135
116900285,97,227,-130
116900286,116,28,88
116900287,12,3,9
116900288,137,79,58
116900289,25,14,11
116900290,16,10,6
116900291,56,11,45
116900292,1,26,-25
116900293,100,21,79
116900294,30,137,-107
116900295,89,183,-94
116900296,42,146,-104
116900297,12,68,-56
116900298,60,172,-112
116900299,19,146,-127
116900300,3,218,-215
116900301,30,268,-238
116900302,15,62,-47
116900303,68,105,-37
116900304,0,160,-160
116900305,12,31,-19
116900306,271,32,239
117000001,2854,2044,810
117000002,1784,3293,-1509
117000003,6408,3314,3094
117000004,2139,4011,-1872
117000005,2850,2106,744
117000006,1098,2138,-1040
117000007,5201,1361,3840
117000008,914,2214,-1300
117000009,4621,1867,2754
117000010,1750,2243,-493
117000011,2592,1472,1120
117000012,1341,846,495
117000013,1971,797,1174
117000014,1261,1961,-700
117000015,2723,1308,1415
117000016,190,194,-4
117000017,102,217,-115
117000018,89,1018,-929
117000019,39,2,37
117000020,348,1907,-1559
117000021,913,368,545
117000022,212,246,-34
117000023,78,241,-163
117000024,168,411,-243
117000025,207,1492,-1285
117000026,1427,1769,-342
117000027,956,3957,-3001
117000028,861,2530,-1669
117000030,224,433,-209
117000031,428,336,92
117000032,1328,1270,58
117000033,1344,747,597
117000034,327,253,74
117000035,587,372,215
117000036,437,313,124
117000037,417,216,201
117000038,181,504,-323
117000039,453,268,185
117000040,214,636,-422
117000041,1372,151,1221
117000044,9,385,-376
117000045,573,151,422
117000046,369,911,-542
117000047,1224,833,391
117000048,1423,643,780
117000049,88,523,-435
117000050,207,971,-764
117000051,2909,78,2831
117000052,43,214,-171
117000053,742,43,699
117000054,1983,3,1980
117000055,6,1781,-1775
117000056,762,35,727
117000057,423,1885,-1462
117000060,470,1032,-562
117000061,2590,1115,1475
117000062,284,539,-255
117000063,2356,1245,1111
117000064,339,446,-107
117000066,644,891,-247
117000067,97,664,-567
117000074,81,175,-94
117000076,73,34,39
117000077,143,166,-23
117000078,134,512,-378
117000079,581,293,288
117000080,0,323,-323
117000081,1158,143,1015
117000082,13,78,-65
117000083,155,9,146
117000084,206,2,204
117000085,395,894,-499
117000086,763,312,451
117000087,100,487,-387
117000088,336,161,175
117000089,2273,262,2011
117000090,318,815,-497
117000091,1197,313,884
117000092,431,878,-447
117000093,1958,699,1259
117000094,1212,1643,-431
117000095,4336,854,3482
117000096,799,1638,-839
117000097,2181,969,1212
117000098,1936,2637,-701
117000099,5320,1268,4052
117000100,265,370,-105
117000101,170,680,-510
117000102,2787,714,2073
117000103,648,1051,-403
117000104,1998,701,1297
117000105,694,1133,-439
117000106,1853,732,1121
117000107,496,1188,-692
117000108,2770,1029,1741
117000109,986,1735,-749
117000110,2109,1712,397
117000111,3538,3760,-222
117000112,4065,1536,2529
117000113,161,155,6
117000114,328,129,199
117000115,76,41,35
117000116,189,167,22
117000117,1395,1129,266
117000118,274,145,129
117000119,112,330,-218
117000120,117,907,-790
117000121,20,955,-935
117000122,398,853,-455
117000123,1816,51,1765
117000124,113,139,-26
117000125,114,465,-351
117000126,41,41,0
117000127,144,471,-327
117000128,183,942,-759
117000129,231,649,-418
117000130,80,2,78
117000131,0,79,-79
117000132,3453,69,3384
117000133,2734,45,2689
117000134,1,104,-103
117000135,0,135,-135
117000136,0,36,-36
117000137,259,208,51
117000138,8,636,-628
117000140,495,1075,-580
117000141,2412,492,1920
117000181,320,164,156
117000182,1068,1138,-70
117000195,167,727,-560
117000196,405,249,156
117000225,67,155,-88
117000226,3,124,-121
117000276,467,42,425
117000277,0,178,-178
117000310,1300,2128,-828
117000315,148,581,-433
117000320,47,0,47
117000906,631,27,604
117000907,18,167,-149
117000908,14,166,-152
117000909,35,51,-16
117000910,258,185,73
117000911,66,148,-82
117000915,11,280,-269
117000916,44,4,40
117000917,1631,59,1572
117000918,53,59,-6
117000919,10,53,-43
117000920,2,767,-765
117000921,0,501,-501
117000922,17,42,-25
117000924,482,742,-260
117000926,415,168,247
117000927,429,925,-496
117000928,0,78,-78
117000929,301,148,153
117000930,308,17,291
117000931,57,108,-51
117900002,61,524,-463
117900003,371,447,-76
117900005,5,100,-95
117900006,1,86,-85
117900007,144,76,68
117900008,0,23,-23
117900010,402,85,317
117900011,31,307,-276
117900012,53,51,2
117900013,1,140,-139
117900014,532,92,440
117900015,9,64,-55
117900016,939,1059,-120
117900017,659,238,421
117900018,185,342,-157
117900019,679,185,494
117900020,69,535,-466
117900021,50,67,-17
117900022,28,10,18
117900023,1148,81,1067
117900024,48,53,-5
117900025,55,7,48
117900026,602,116,486
117900028,33,6,27
117900029,309,336,-27
117900030,609,246,363
117900031,76,285,-209
117900032,1114,746,368
117900033,333,326,7
117900034,45,20,25
117900035,186,119,67
117900036,298,282,16
117900037,222,91,131
117900038,41,121,-80
117900039,1,40,-39
117900040,122,211,-89
117900041,0,43,-43
117900042,2830,324,2506
117900043,13,32,-19
117900044,51,3621,-3570
117900045,223,139,84
117900048,473,140,333
117900049,249,291,-42
117900050,15,208,-193
117900051,14,4,10
117900052,67,492,-425
117900053,2149,340,1809
117900054,1,22,-21
117900055,678,144,534
117900056,22,96,-74
117900057,742,1015,-273
117900058,21,42,-21
117900059,186,93,93
117900060,3146,2707,439
117900061,21,298,-277
117900063,365,155,210
117900065,452,880,-428
117900066,27,121,-94
117900067,791,138,653
117900069,886,213,673
117900070,87,176,-89
117900071,82,96,-14
117900073,720,153,567
117900074,58,293,-235
117900075,106,53,53
117900076,21,43,-22
117900077,631,164,467
117900078,517,863,-346
117900080,127,33,94
117900081,371,394,-23
117900082,647,406,241
117900083,447,234,213
117900086,132,42,90
117900087,181,40,141
117900088,1826,1609,217
117900089,2883,793,2090
117900090,490,268,222
117900091,104,95,9
117900092,118,26,92
117900093,145,44,101
117900094,49,30,19
117900095,376,282,94
117900096,104,189,-85
117900097,355,69,286
117900098,62,18,44
117900099,213,184,29
117900100,415,4,411
117900101,583,2374,-1791
117900102,85,34,51
117900103,75,2,73
117900104,11,404,-393
117900105,103,164,-61
117900106,117,50,67
117900107,50,2,48
117900109,954,330,624
117900110,211,1,210
117900111,472,53,419
117900112,72,11,61
117900113,1307,1947,-640
117900114,25,0,25
117900115,72,160,-88
117900116,803,711,92
117900117,767,186,581
117900118,183,3,180
117900119,265,54,211
117900120,376,37,339
117900121,113,176,-63
117900122,991,5382,-4391
117900123,753,273,480
117900124,560,514,46
117900125,1752,1779,-27
117900126,212,454,-242
117900127,568,178,390
117900128,509,313,196
117900129,111,1,110
117900130,805,364,441
117900131,1,84,-83
117900132,14,66,-52
117900133,26,60,-34
117900134,86,268,-182
117900135,25,135,-110
117900136,0,32,-32
117900137,28,214,-186
117900138,0,31,-31
117900139,141,79,62
117900140,2780,452,2328
117900141,126,140,-14
117900142,26,133,-107
117900144,45,533,-488
117900145,18,87,-69
117900146,128,200,-72
117900147,75,59,16
117900148,2383,2017,366
117900149,138,146,-8
117900150,47,60,-13
117900151,45,47,-2
117900152,83,120,-37
117900153,19,103,-84
117900154,453,430,23
117900156,623,555,68
117900157,58,499,-441
117900158,366,140,226
117900160,876,961,-85
117900161,1819,1568,251
117900162,659,376,283
117900163,21,351,-330
117900165,1,14,-13
117900166,60,624,-564
117900168,94,116,-22
117900169,2,96,-94
117900170,2,24,-22
117900171,4,24,-20
117900172,30,18,12
117900173,94,101,-7
117900174,20,63,-43
117900175,3,10,-7
117900176,17,18,-1
117900177,26,13,13
117900178,71,44,27
117900180,221,21,200
117900181,49,540,-491
117900182,0,58,-58
117900183,94,185,-91
117900184,26,70,-44
117900185,97,63,34
117900186,78,19,59
117900187,32,9,23
117900188,176,45,131
117900189,107,35,72
117900190,28,1,27
117900191,107,1,106
117900192,269,0,269
117900193,17,35,-18
117900194,13,4,9
117900195,34,83,-49
117900196,35,50,-15
117900207,128,134,-6
117900208,41,11,30
117900209,224,80,144
117900210,131,195,-64
117900211,5,137,-132
117900212,131,123,8
117900213,43,8,35
117900214,7,20,-13
117900215,28,48,-20
117900216,21,36,-15
117900217,36,258,-222
117900218,65,96,-31
117900219,5,167,-162
117900220,48,202,-154
117900222,191,148,43
117900223,106,302,-196
118000001,658,1299,-641
118000002,512,1408,-896
118000003,1925,3560,-1635
118000004,1488,2102,-614
118000005,2389,4856,-2467
118000006,2432,6855,-4423
118000007,4089,4699,-610
118000008,1617,3139,-1522
118000009,1442,2813,-1371
118000010,5781,3973,1808
118000011,1634,1686,-52
118000012,949,1166,-217
118000013,1885,1579,306
118000014,1600,1173,427
118000016,284,214,70
118000017,704,335,369
118000018,435,377,58
118000019,1522,1847,-325
118000020,782,3304,-2522
118000021,508,3367,-2859
118000022,1135,944,191
118000023,535,232,303
118000024,800,1697,-897
118000027,7483,11392,-3909
118000029,521,924,-403
118000032,298,3513,-3215
118000033,2563,6294,-3731
118000034,3407,2883,524
118000035,2132,3155,-1023
118000036,698,1175,-477
118000037,599,922,-323
118000038,263,79,184
118000039,72,132,-60
118000040,1608,1131,477
118000041,2645,1173,1472
118000045,204,177,27
118000046,832,1090,-258
118000047,550,1305,-755
118000048,1369,2051,-682
118000051,2079,4411,-2332
118000052,1330,2275,-945
118000053,238,690,-452
118000054,1782,966,816
118000055,1989,1573,416
118000056,201,526,-325
118000057,196,376,-180
118000058,2097,3300,-1203
118000059,1445,2152,-707
118000060,1478,559,919
118000061,1366,1037,329
118000062,494,336,158
118000063,387,1091,-704
118000064,737,1385,-648
118000065,1780,1405,375
118000066,1172,2430,-1258
118000067,477,642,-165
118000068,990,5424,-4434
118000069,1440,929,511
118000070,3481,1540,1941
118000071,2424,6664,-4240
118000072,799,1464,-665
118000073,630,809,-179
118000074,601,320,281
118000075,576,228,348
118000076,1277,3024,-1747
118000077,962,1196,-234
118000078,1800,2674,-874
118000079,183,463,-280
118000080,596,771,-175
118000081,1643,1557,86
118000082,235,1261,-1026
118000083,1097,1630,-533
118000084,2273,2044,229
118000086,205,568,-363
118000087,3016,2218,798
118000088,1351,1472,-121
118000089,3420,2488,932
118000090,1252,2770,-1518
118000091,996,3253,-2257
118000092,914,458,456
118000093,102,650,-548
118000096,444,531,-87
118000097,714,704,10
118000098,227,159,68
118000099,948,616,332
118000101,1430,377,1053
118000102,648,779,-131
118000107,1175,419,756
118000108,572,3087,-2515
118000110,2,44,-42
118000111,2,85,-83
118000112,688,4,684
118000113,1,191,-190
118000114,600,9,591
118000115,8,16,-8
118000116,13,0,13
118000117,564,593,-29
118000118,921,1233,-312
118000119,933,1134,-201
118000120,1235,913,322
118000121,36,561,-525
118000122,763,372,391
118000123,49,302,-253
118000125,1017,758,259
118000126,579,1566,-987
118000127,1273,688,585
118000128,402,1080,-678
118000129,883,422,461
118000130,1567,2401,-834
118000131,297,399,-102
118000132,3266,2518,748
118000133,1161,421,740
118000135,588,601,-13
118000136,166,329,-163
118000137,521,140,381
118000138,462,355,107
118000139,511,68,443
118000140,2586,6602,-4016
118000141,2540,1615,925
118000142,2254,1352,902
118000143,3097,1400,1697
118000144,931,566,365
118000145,1696,1105,591
118000146,1691,532,1159
118000147,1205,1049,156
118000148,677,1123,-446
118000149,1194,873,321
118000150,670,269,401
118000151,807,344,463
118000153,1842,1034,808
118000154,1410,1452,-42
118000155,2300,1244,1056
118000156,2245,2818,-573
118000157,635,377,258
118000158,247,471,-224
118000159,23,134,-111
118000160,833,399,434
118000161,706,451,255
118000162,1664,935,729
118000163,1085,885,200
118000164,1870,1530,340
118000168,626,1210,-584
118000169,837,829,8
118000170,2647,2559,88
118000171,445,362,83
118000172,75,221,-146
118000173,1012,1441,-429
118000175,326,489,-163
118000176,399,834,-435
118000177,312,819,-507
118000178,43,70,-27
118000179,1134,1755,-621
118000180,850,825,25
118000181,769,342,427
118000182,307,319,-12
118000183,299,352,-53
118000184,1230,669,561
118000185,1212,1765,-553
118000186,938,1630,-692
118000187,2001,460,1541
118000188,675,122,553
118000189,891,381,510
118000190,9,7,2
118000191,34,26,8
118000192,43,162,-119
118000193,57,240,-183
118000194,1124,763,361
118000195,237,1545,-1308
118000196,159,236,-77
118000197,65,159,-94
118000198,259,703,-444
118000199,318,588,-270
118000200,97,268,-171
118000201,276,492,-216
118000202,52,73,-21
118000203,319,668,-349
118000204,57,366,-309
118000205,110,264,-154
118000206,278,256,22
118000207,0,40,-40
118000208,1348,1379,-31
118000209,2381,1125,1256
118000210,184,25,159
118000211,31,37,-6
118000213,720,3763,-3043
118000214,347,610,-263
118000215,353,90,263
118000216,3258,1365,1893
118000217,29,38,-9
118000218,122,46,76
118000219,366,182,184
118000220,2,40,-38
118000221,389,445,-56
118000222,63,3,60
118000223,38,56,-18
118000224,139,59,80
118000225,130,482,-352
118000226,1016,166,850
118000227,570,416,154
118000228,80,268,-188
118000229,77,113,-36
118000230,128,148,-20
118000231,81,171,-90
118000232,936,405,531
118000233,1398,653,745
118000234,539,150,389
118000236,363,192,171
118000237,105,228,-123
118000238,261,142,119
118000239,296,238,58
118000240,191,147,44
118000241,186,168,18
118000242,585,297,288
118000243,338,184,154
118000244,97,75,22
118000246,0,35,-35
118000255,48,252,-204
118000256,152,209,-57
118000259,14,77,-63
118000260,247,134,113
118000261,60,30,30
118000263,91,135,-44
118000266,146,190,-44
118000267,1,165,-164
118000268,210,2,208
118000270,116,14,102
118000271,197,191,6
118000272,115,30,85
118000273,217,57,160
118000274,105,241,-136
118000276,685,348,337
118000295,16,141,-125
118000298,236,204,32
118000299,63,84,-21
118000301,0,78,-78
118000302,144,47,97
118000311,784,82,702
118000312,430,145,285
118000313,83,88,-5
118000314,181,33,148
118000315,48,17,31
118000316,849,381,468
118000325,61,33,28
118000326,72,29,43
118000331,53,29,24
118000332,12,29,-17
118000333,23,37,-14
118000335,476,0,476
118000336,0,76,-76
118000407,353,47,306
118000457,3,38,-35
118000465,939,3730,-2791
118000480,67,37,30
118000489,14,515,-501
118000490,10,122,-112
118000492,359,163,196
118000510,50,29,21
118000514,67,387,-320
118000515,711,920,-209
118000517,372,115,257
118000524,199,339,-140
118000525,552,667,-115
118000530,36,64,-28
118000531,459,256,203
118000532,314,214,100
118000533,297,100,197
118000534,657,344,313
118000535,444,152,292
118000536,141,1133,-992
118000537,22,157,-135
118000538,24,86,-62
118000539,10,108,-98
118000540,251,156,95
118000541,145,100,45
118000542,139,216,-77
118000543,190,267,-77
118000546,70,44,26
118000560,1233,2437,-1204
118000562,30,79,-49
118000563,1186,975,211
118000576,182,72,110
118000577,193,118,75
118000578,94,71,23
118000579,480,1429,-949
118000595,245,97,148
118000596,0,202,-202
118000597,107,56,51
118000598,7,5,2
118000599,135,41,94
118000600,1,21,-20
118000601,21,0,21
118000602,0,9,-9
118000603,0,5,-5
118900001,328,1142,-814
118900002,737,1038,-301
118900003,572,12,560
118900004,54,39,15
118900005,128,4,124
118900006,174,7,167
118900007,20,1,19
118900008,1388,71,1317
118900009,96,97,-1
118900010,78,19,59
118900011,159,36,123
118900012,441,199,242
118900013,584,289,295
118900015,345,59,286
118900016,20,9,11
118900017,115,315,-200
118900018,889,48,841
118900019,20,18,2
118900020,100,193,-93
118900021,141,327,-186
118900022,188,98,90
118900023,125,90,35
118900024,108,177,-69
118900025,51,20,31
118900026,87,76,11
118900027,332,134,198
118900028,181,152,29
118900029,279,456,-177
118900030,675,36,639
118900031,238,74,164
118900032,151,56,95
118900033,381,567,-186
118900034,193,26,167
118900035,173,85,88
118900036,1429,693,736
118900037,336,382,-46
118900038,517,122,395
118900039,730,123,607
118900040,289,179,110
118900041,558,123,435
118900042,210,102,108
118900045,357,184,173
118900046,719,499,220
118900047,353,255,98
118900048,106,364,-258
118900049,57,57,0
118900050,81,25,56
118900051,59,86,-27
118900052,257,318,-61
118900053,27,80,-53
118900054,172,30,142
118900055,163,54,109
118900056,23,319,-296
118900057,928,568,360
118900058,388,343,45
118900059,16,87,-71
118900060,55,112,-57
118900062,488,170,318
118900064,199,676,-477
118900065,100,121,-21
118900066,67,67,0
118900067,2247,4651,-2404
118900068,13,185,-172
118900069,661,167,494
118900071,13,44,-31
118900072,537,337,200
118900073,199,140,59
118900074,154,73,81
118900075,71,25,46
118900076,200,210,-10
118900077,322,236,86
118900078,15,4,11
118900079,53,78,-25
118900080,42,93,-51
118900081,59,61,-2
118900082,1556,207,1349
118900083,35,4,31
118900084,13,7,6
118900085,736,469,267
118900086,34,131,-97
118900087,54,386,-332
118900088,0,6,-6
118900089,24,33,-9
118900090,868,246,622
118900091,185,244,-59
118900092,375,69,306
118900093,89,16,73
118900096,63,12,51
118900097,342,419,-77
118900099,109,260,-151
118900100,125,153,-28
118900101,243,310,-67
118900102,67,59,8
118900103,105,171,-66
118900104,324,113,211
118900105,233,98,135
118900107,139,66,73
118900108,179,113,66
118900110,1070,1018,52
118900111,636,287,349
118900112,123,162,-39
118900113,131,221,-90
118900114,14,53,-39
118900115,121,440,-319
118900116,154,228,-74
118900117,149,211,-62
118900118,294,231,63
118900119,126,186,-60
118900120,98,317,-219
118900121,29,82,-53
118900122,11,1342,-1331
118900123,132,202,-70
118900124,96,106,-10
118900126,31,509,-478
118900129,213,238,-25
118900130,33,268,-235
118900131,227,181,46
118900132,320,279,41
118900133,18,110,-92
118900135,237,160,77
118900136,291,321,-30
118900137,4,51,-47
118900139,248,121,127
118900140,589,445,144
118900141,80,57,23
118900144,193,263,-70
118900145,21,72,-51
118900146,460,623,-163
118900147,117,192,-75
118900148,121,47,74
118900150,126,514,-388
118900152,668,545,123
118900157,66,181,-115
118900158,102,19,83
118900159,1,75,-74
118900161,67,14,53
118900163,57,61,-4
118900164,3,54,-51
118900165,100,66,34
118900166,49,0,49
118900167,105,71,34
118900168,23,220,-197
118900169,163,103,60
118900170,256,61,195
118900171,76,46,30
118900174,78,58,20
118900175,635,468,167
118900176,186,250,-64
118900177,93,25,68
118900178,97,158,-61
118900179,14,26,-12
118900181,98,85,13
118900182,102,96,6
118900183,28,128,-100
118900184,304,74,230
118900185,87,57,30
118900186,118,89,29
118900187,297,337,-40
118900188,317,271,46
118900189,62,1020,-958
118900190,29,164,-135
118900191,275,42,233
118900192,271,10,261
118900193,815,9,806
118900195,261,373,-112
118900196,70,121,-51
118900197,198,20,178
118900198,32,11,21
118900199,110,21,89
118900200,26,30,-4
118900201,56,52,4
118900202,11,31,-20
118900203,28,15,13
118900204,26,19,7
118900205,1,14,-13
118900206,3,9,-6
119000001,1555,2560,-1005
119000002,4253,5153,-900
119000003,3450,788,2662
119000004,2319,1410,909
119000005,1918,2078,-160
119000006,3386,1534,1852
119000007,4194,3650,544
119000008,1974,1296,678
119000009,3984,6120,-2136
119000010,4928,4381,547
119000011,2721,2904,-183
119000012,1331,3120,-1789
119000013,3069,1972,1097
119000014,1392,2121,-729
119000019,233,167,66
119000020,2930,1539,1391
119000021,5866,3064,2802
119000022,1508,3975,-2467
119000023,332,209,123
119000024,2172,14156,-11984
119000025,3806,1027,2779
119000026,93,600,-507
119000027,220,321,-101
119000028,1557,523,1034
119000029,96,320,-224
119000030,577,823,-246
119000031,923,506,417
119000032,5981,2477,3504
119000033,2382,1111,1271
119000034,1119,833,286
119000035,61,227,-166
119000036,2328,539,1789
119000037,1587,896,691
119000038,206,435,-229
119000039,497,328,169
119000040,668,866,-198
119000041,703,1203,-500
119000048,2134,1635,499
119000049,2114,1343,771
119000050,1432,1183,249
119000051,1765,885,880
119000052,1809,2474,-665
119000053,1722,927,795
119000054,3420,1717,1703
119000055,5928,2388,3540
119000056,3403,1840,1563
119000057,1659,1285,374
119000058,1782,1058,724
119000059,1277,1120,157
119000060,1759,936,823
119000061,1736,596,1140
119000062,1127,1065,62
119000063,748,487,261
119000064,1003,1517,-514
119000065,1838,4986,-3148
119000066,2292,1338,954
119000067,2462,1725,737
119000068,1790,855,935
119000069,1855,2429,-574
119000070,3115,657,2458
119000071,521,898,-377
119000072,5111,5246,-135
119000073,4401,9196,-4795
119000074,1520,1512,8
119000075,4092,2379,1713
119000076,263,3402,-3139
119000077,672,1526,-854
119000078,449,434,15
119000079,152,1625,-1473
119000080,583,222,361
119000081,298,1358,-1060
119000082,1004,265,739
119000083,774,403,371
119000084,312,609,-297
119000085,1383,161,1222
119000086,320,449,-129
119000087,1166,463,703
119000088,329,185,144
119000089,94,240,-146
119000090,131,84,47
119000091,94,373,-279
119000092,542,159,383
119000093,3366,2008,1358
119000094,3795,4421,-626
119000095,2199,2629,-430
119000097,1688,1026,662
119000098,1245,3405,-2160
119000099,2236,1157,1079
119000100,4800,3255,1545
119000101,4218,2708,1510
119000102,743,1540,-797
119000103,1293,1078,215
119000104,1520,904,616
119000105,997,2468,-1471
119000106,343,670,-327
119000107,1300,559,741
119000108,371,475,-104
119000109,113,2510,-2397
119000110,451,3041,-2590
119000111,42,1096,-1054
119000112,196,675,-479
119000113,1728,642,1086
119000114,1515,1189,326
119000115,245,135,110
119000116,122,131,-9
119000117,223,350,-127
119000118,7,1,6
119000123,3674,2896,778
119000124,957,155,802
119000125,5193,526,4667
119000126,959,425,534
119000127,762,319,443
119000128,19,2,17
119000131,1161,295,866
119000132,1,2,-1
119000133,3,10,-7
119000134,1445,453,992
119000135,226,352,-126
119000136,358,74,284
119000137,432,218,214
119000138,709,123,586
119000139,384,109,275
119000140,443,379,64
119000284,1050,1991,-941
119000285,1701,1372,329
119000286,4544,3372,1172
119000287,1220,1284,-64
119000288,1926,797,1129
119000289,1217,1838,-621
119000290,237,253,-16
119000291,19,152,-133
119000293,133,190,-57
119000294,46,33,13
119000295,1018,224,794
119000296,282,183,99
119000302,1348,1105,243
119000303,39,160,-121
119000314,1285,11329,-10044
119000315,41,151,-110
119000316,221,101,120
119000317,162,123,39
119900001,225,1428,-1203
119900002,227,167,60
119900003,39,501,-462
119900004,200,1979,-1779
119900005,248,66,182
119900006,243,444,-201
119900007,1085,373,712
119900008,30,34,-4
119900009,634,511,123
119900010,1002,2747,-1745
119900011,24,238,-214
119900012,24,159,-135
119900013,2433,2478,-45
119900014,577,519,58
119900015,237,43,194
119900016,46,53,-7
119900017,55,46,9
119900018,1554,1256,298
119900019,75,13,62
119900020,194,188,6
119900021,256,74,182
119900022,104,1297,-1193
119900023,388,2304,-1916
119900025,376,35,341
119900026,523,177,346
119900027,16,7,9
119900028,179,145,34
119900029,3,8,-5
119900030,603,270,333
119900031,99,600,-501
119900033,2704,481,2223
119900034,747,70,677
119900037,232,15,217
119900038,51,463,-412
119900039,43,8,35
119900040,96,14,82
119900041,263,22,241
119900042,189,117,72
119900043,138,142,-4
119900044,192,1220,-1028
119900046,256,40,216
119900047,461,151,310
119900048,69,7,62
119900049,163,11,152
119900050,214,218,-4
119900051,960,23,937
119900052,138,22,116
119900053,405,126,279
119900054,280,13,267
119900055,1548,472,1076
119900057,429,48,381
119900058,347,14,333
119900059,89,50,39
119900060,376,44,332
119900062,189,20,169
119900063,15,71,-56
119900064,716,102,614
119900065,307,13,294
119900066,6,2,4
119900067,118,13,105
119900068,716,7,709
119900069,168,46,122
119900070,1426,19,1407
119900071,1132,44,1088
119900073,1152,454,698
119900074,18,44,-26
119900075,2018,2190,-172
119900076,1078,256,822
119900077,1146,414,732
119900078,884,650,234
119900079,486,160,326
119900080,1817,897,920
119900081,504,31,473
119900082,2029,273,1756
119900083,360,133,227
119900084,579,343,236
119900085,53,32,21
119900087,735,500,235
119900088,26,31,-5
119900089,73,254,-181
119900090,97,56,41
119900091,62,349,-287
119900092,52,339,-287
119900093,1591,222,1369
119900094,30,120,-90
119900095,195,118,77
119900096,47,94,-47
119900097,370,222,148
119900098,52,45,7
119900099,31,139,-108
119900100,1106,2748,-1642
119900101,143,2324,-2181
119900102,76,155,-79
119900103,47,153,-106
119900104,62,183,-121
119900105,1036,12601,-11565
119900106,13,89,-76
119900107,202,1254,-1052
119900108,7958,629,7329
119900109,23,122,-99
119900110,1168,339,829
119900111,192,125,67
119900112,787,652,135
119900113,53,176,-123
119900114,347,580,-233
119900115,577,551,26
119900116,99,376,-277
119900117,436,383,53
119900118,177,390,-213
119900119,271,129,142
119900120,637,580,57
119900121,538,419,119
119900122,242,214,28
119900123,210,369,-159
119900124,311,336,-25
119900125,46,222,-176
119900126,5528,267,5261
119900127,1162,722,440
119900128,518,350,168
119900129,347,227,120
119900130,16,188,-172
119900131,43,123,-80
119900132,13,91,-78
119900133,142,91,51
119900134,842,191,651
119900135,0,234,-234
119900136,181,245,-64
119900138,238,391,-153
119900139,18,109,-91
119900140,11,116,-105
119900141,64,934,-870
119900142,32,53,-21
119900143,20,404,-384
119900144,1016,219,797
119900145,91,125,-34
119900146,199,128,71
119900147,2,134,-132
119900148,390,73,317
119900149,608,5518,-4910
119900150,123,121,2
119900151,2157,860,1297
119900152,228,142,86
119900153,290,39,251
119900154,39,84,-45
119900155,74,30,44
119900156,17,8,9
119900157,202,144,58
119900158,356,51,305
119900159,7,487,-480
119900160,53,93,-40
119900161,125,85,40
119900162,1254,1274,-20
119900163,92,126,-34
119900164,2,2,0
119900165,186,87,99
119900166,134,49,85
119900167,49,75,-26
119900168,1266,521,745
119900169,30,311,-281
119900170,213,250,-37
119900171,802,282,520
119900172,103,35,68
119900173,9,173,-164
119900174,5,114,-109
119900175,1933,501,1432
119900177,26,157,-131
119900178,19,85,-66
119900179,174,884,-710
119900180,1191,1052,139
119900181,46,132,-86
119900182,22,149,-127
119900183,92,556,-464
119900184,1002,353,649
119900185,88,257,-169
119900186,39,1506,-1467
119900187,9,191,-182
119900188,167,265,-98
119900189,336,394,-58
119900190,93,417,-324
119900191,193,339,-146
119900192,110,122,-12
119900193,639,110,529
119900194,57,105,-48
119900195,43,140,-97
119900196,507,200,307
119900197,359,209,150
119900198,214,249,-35
119900199,156,28,128
119900200,639,613,26
119900201,200,205,-5
119900202,80,396,-316
119900203,240,618,-378
119900204,452,194,258
119900205,1040,287,753
119900206,353,109,244
119900208,199,237,-38
119900209,650,1831,-1181
119900210,49,25,24
119900211,98,4,94
119900212,273,236,37
119900213,13,88,-75
119900214,74,49,25
119900215,39,34,5
119900216,12,24,-12
119900217,18,38,-20
119900218,14,61,-47
119900219,21,36,-15
119900220,8,46,-38
119900221,41,156,-115
119900222,15,82,-67
119900223,13,32,-19
119900224,20,36,-16
119900225,531,53,478
119900226,285,2105,-1820
119900227,446,303,143
119900228,36,183,-147
119900229,276,361,-85
119900230,1037,376,661
119900231,329,88,241
119900232,238,201,37
119900233,110,11,99
119900234,16,86,-70
119900235,16,31,-15
119900236,12,122,-110
119900237,63,623,-560
119900238,1,53,-52
119900240,113,85,28
119900241,205,165,40
119900242,1384,1568,-184
119900244,629,1144,-515
119900245,137,206,-69
119900246,335,673,-338
119900247,42,176,-134
119900248,95,439,-344
119900249,379,144,235
119900253,1084,392,692
119900254,113,999,-886
119900255,151,1067,-916
119900256,1153,357,796
119900257,160,7,153
119900258,389,12,377
119900259,23,60,-37
119900260,227,4,223
119900261,471,177,294
119900262,0,103,-103
119900263,1034,307,727
119900264,170,94,76
119900265,1140,301,839
119900266,655,173,482
119900267,244,346,-102
119900268,185,64,121
119900269,2012,693,1319
119900271,49,121,-72
119900272,410,435,-25
119900275,163,39,124
119900276,92,4,88
119900277,17,10,7
119900278,166,164,2
119900279,107,312,-205
119900280,437,119,318
119900281,0,321,-321
119900282,54,181,-127
119900283,29,100,-71
119900284,73,158,-85
119900285,15,114,-99
119900286,1,19,-18
119900288,1,16,-15
119900289,0,9,-9
119900290,6,7,-1
119900291,1,67,-66
119900292,56,38,18
119900293,57,8,49
119900294,33,0,33
119900295,4,1,3
119900296,16,4,12
119900299,52,72,-20
119900300,242,217,25
119900301,78,164,-86
119900302,155,125,30
119900303,332,99,233
119900304,197,29,168
119900305,6,75,-69
119900306,32,3,29
119900307,75,34,41
119900308,2,17,-15
119900309,82,144,-62
119900310,311,260,51
119900311,143,53,90
119900312,158,81,77
119900313,363,238,125
119900314,279,392,-113
119900315,2900,1205,1695
119900318,32,95,-63
119900319,93,150,-57
119900320,281,358,-77
119900321,119,9,110
119900322,14,84,-70
119900323,0,84,-84
119900324,0,30,-30
119900325,171,135,36
119900326,25,56,-31
120000001,7163,20190,-13027
120000002,2559,1992,567
120000003,2456,1341,1115
120000004,2237,1155,1082
120000005,2264,1411,853
120000006,1094,1009,85
120000007,2599,3488,-889
120000008,883,1073,-190
120000009,1674,881,793
120000010,1897,2100,-203
120000011,1050,1232,-182
120000012,1638,1732,-94
120000013,3407,2344,1063
120000014,741,1350,-609
120000015,2569,1423,1146
120000016,4140,2218,1922
120000017,3714,3155,559
120000018,2998,14257,-11259
120000019,1113,1525,-412
120000020,2788,3823,-1035
120000021,1953,2470,-517
120000022,2596,3872,-1276
120000023,1373,1643,-270
120000024,1200,2521,-1321
120000025,2787,1644,1143
120000026,2965,1516,1449
120000027,2396,2088,308
120000028,1198,4014,-2816
120000029,1242,3759,-2517
120000030,176,962,-786
120000031,2163,5417,-3254
120000032,5786,3209,2577
120000033,5067,1564,3503
120000034,2919,1301,1618
120000035,3294,1980,1314
120000036,4125,5615,-1490
120000037,597,1691,-1094
120000038,5126,3590,1536
120000039,1003,836,167
120000040,80,1026,-946
120000041,640,1209,-569
120000042,2024,1241,783
120000043,4991,1099,3892
120000044,6249,1393,4856
120000045,7932,974,6958
120000046,4795,3092,1703
120000047,574,7361,-6787
120000048,6185,4198,1987
120000049,3598,2891,707
120000050,3771,3262,509
120000051,2646,3672,-1026
120000052,6510,1647,4863
120000053,1566,1538,28
120000054,1690,2574,-884
120000055,1872,3055,-1183
120000056,4873,3410,1463
120000057,4363,1703,2660
120000058,1601,3044,-1443
120000059,7,1845,-1838
120000061,105,330,-225
120000062,171,359,-188
120000063,989,1746,-757
120000064,281,730,-449
120000065,596,991,-395
120000066,225,577,-352
120000067,36,538,-502
120000068,265,416,-151
120000069,548,388,160
120000070,113,348,-235
120000071,868,59,809
120000072,1139,350,789
120000073,1134,124,1010
120000074,210,171,39
120000075,1226,380,846
120000076,2723,483,2240
120000077,2635,718,1917
120000078,3329,1345,1984
120000079,461,193,268
120000080,211,203,8
120000081,467,129,338
120000082,349,267,82
120000083,88,839,-751
120000084,374,368,6
120000085,257,360,-103
120000086,290,332,-42
120000087,269,278,-9
120000088,851,920,-69
120000089,1277,587,690
120000090,858,431,427
120000091,1247,732,515
120000092,1569,625,944
120000093,819,518,301
120000094,323,830,-507
120000095,1045,344,701
120000096,318,464,-146
120000098,1012,490,522
120000099,466,630,-164
120000100,909,663,246
120000101,785,381,404
120000102,743,1077,-334
120000103,1818,1076,742
120000104,2284,563,1721
120000105,3850,700,3150
120000106,3199,668,2531
120000107,5403,620,4783
120000108,1867,131,1736
120000109,1588,104,1484
120000110,73,780,-707
120000111,111,769,-658
120000112,913,1691,-778
120000113,550,1227,-677
120000114,908,1554,-646
120000115,359,1388,-1029
120000116,614,1301,-687
120000117,762,1019,-257
120000118,45,63,-18
120000119,27,60,-33
120000120,87,109,-22
120000121,36,46,-10
120000122,237,593,-356
120000123,2721,8857,-6136
120000124,522,368,154
120000125,877,532,345
120000126,363,1159,-796
120000127,1509,1638,-129
120000128,2255,4909,-2654
120000129,235,287,-52
120000130,904,492,412
120000131,536,648,-112
120000134,377,465,-88
120000135,1207,598,609
120000137,356,413,-57
120000138,1837,251,1586
120000139,390,246,144
120000140,1459,269,1190
120000141,419,232,187
120000142,886,410,476
120000143,0,72,-72
120000144,185,11,174
120000145,620,2,618
120000146,726,999,-273
120000149,638,749,-111
120000150,2358,10546,-8188
120000151,528,415,113
120000152,916,123,793
120000153,531,386,145
120000154,642,516,126
120000155,163,324,-161
120000156,515,1655,-1140
120000157,1171,540,631
120000158,1064,652,412
120000159,1960,1888,72
120000160,2513,1850,663
120000161,2885,2128,757
120000162,99,272,-173
120000163,1039,638,401
120000164,795,214,581
120000165,775,426,349
120000166,1557,327,1230
120000167,358,456,-98
120000168,42,1336,-1294
120000169,121,3584,-3463
120000170,53,3130,-3077
120000171,36,1132,-1096
120000172,32,639,-607
120000173,797,3878,-3081
120000174,176,84,92
120000175,92,103,-11
120000176,71,86,-15
120000177,865,153,712
120000178,47,31,16
120000179,97,82,15
120000180,303,160,143
120000181,247,2879,-2632
120000182,91,1253,-1162
120000183,18,920,-902
120000184,219,2561,-2342
120000186,63,1530,-1467
120000187,44,565,-521
120000188,51,1254,-1203
120000190,248,111,137
120000191,269,119,150
120000192,340,52,288
120000193,90,10,80
120000195,25,3,22
120000196,169,33,136
120000197,28,47,-19
120000198,265,45,220
120000199,242,1,241
120000200,288,2,286
120000201,23,32,-9
120000202,11,48,-37
120000203,111,181,-70
120000207,1,59,-58
120000208,6,131,-125
120000209,7,41,-34
120000210,72,68,4
120000211,271,6,265
120000212,340,1,339
120000213,301,131,170
120000214,0,160,-160
120000215,4,114,-110
120000216,253,37,216
120000217,373,914,-541
120000218,91,470,-379
120000219,2,291,-289
120000220,1,795,-794
120000225,2770,7,2763
120000226,565,7,558
120000227,1005,114,891
120000228,14604,4031,10573
120000230,696,35,661
120000231,1969,1225,744
120000233,436,10,426
120000235,278,414,-136
120000236,1398,4,1394
120000237,1,652,-651
120000238,6,1556,-1550
120000241,1380,4108,-2728
120000412,338,5,333
120000413,318,90,228
120000414,240,1,239
120000415,5,42,-37
120000416,124,1,123
120000417,13,74,-61
120000418,314,18,296
120000419,16,100,-84
120000420,25,14,11
120000421,6431,4209,2222
120000422,69,1653,-1584
120000423,5,91,-86
120000424,170,148,22
120000436,129,816,-687
120000437,110,132,-22
120000438,1403,244,1159
120000439,305,723,-418
120000443,165,1,164
120000444,1827,316,1511
120000445,1981,1042,939
120000446,904,148,756
120000447,215,5,210
120000449,235,4,231
120000450,5,123,-118
120000451,146,190,-44
120000452,759,3,756
120000453,1,124,-123
120000454,92,73,19
120000455,66,32,34
120000456,3865,4180,-315
120000457,579,353,226
120000458,512,545,-33
120000459,192,131,61
120000665,441,350,91
120000668,174,3638,-3464
120000669,157,114,43
120000670,128,2610,-2482
120000671,2107,632,1475
120000672,98,574,-476
120900001,76,117,-41
120900002,196,855,-659
120900003,215,11,204
120900004,15,202,-187
120900005,8,575,-567
120900006,675,265,410
120900007,304,76,228
120900008,517,726,-209
120900009,576,41,535
120900010,690,214,476
120900011,154,251,-97
120900012,109,1327,-1218
120900013,415,153,262
120900014,54,297,-243
120900015,1119,129,990
120900016,1360,78,1282
120900017,1930,91,1839
120900018,244,275,-31
120900019,669,570,99
120900020,716,1655,-939
120900021,1055,278,777
120900022,20,204,-184
120900023,430,42,388
120900024,1897,501,1396
120900025,1223,958,265
120900026,178,154,24
120900027,840,21,819
120900028,652,208,444
120900029,98,848,-750
120900030,2122,906,1216
120900031,374,154,220
120900032,1675,89,1586
120900033,1475,113,1362
120900034,23,2842,-2819
120900035,96,140,-44
120900037,386,17,369
120900038,79,569,-490
120900039,139,86,53
120900040,535,10,525
120900041,75,40,35
120900042,850,33,817
120900043,67,44,23
120900044,19,358,-339
120900045,149,75,74
120900046,824,8,816
120900047,208,225,-17
120900048,193,65,128
120900049,750,5,745
120900050,1042,2210,-1168
120900051,512,75,437
120900052,910,3,907
120900053,495,41,454
120900054,1316,373,943
120900055,623,5,618
120900056,853,39,814
120900057,279,38,241
120900058,886,1,885
120900059,154,9,145
120900060,124,41,83
120900061,283,178,105
120900062,438,2,436
120900063,1075,21,1054
120900064,999,0,999
120900065,748,2,746
120900066,724,312,412
120900067,195,81,114
120900068,497,4,493
120900069,432,24,408
120900071,37,2,35
120900072,1143,13,1130
120900073,1001,67,934
120900074,1006,14,992
120900076,567,35,532
120900077,1651,324,1327
120900078,1030,415,615
120900079,1270,115,1155
120900080,1259,723,536
120900081,1802,262,1540
120900082,381,485,-104
120900083,142,2,140
120900084,602,662,-60
120900085,50,119,-69
120900086,114,526,-412
120900087,708,484,224
120900088,338,694,-356
120900089,1690,3867,-2177
120900090,284,10,274
120900091,727,1125,-398
120900092,765,276,489
120900093,1178,119,1059
120900094,321,155,166
120900095,390,19,371
120900096,98,210,-112
120900097,692,413,279
120900098,160,157,3
120900099,94,64,30
120900100,56,156,-100
120900101,389,184,205
120900102,61,61,0
120900103,94,322,-228
120900104,20,86,-66
120900105,53,255,-202
120900106,736,296,440
120900107,145,155,-10
120900108,21,270,-249
120900109,21,356,-335
120900110,17,215,-198
120900111,231,270,-39
120900112,28,353,-325
120900113,30,361,-331
120900114,61,95,-34
120900115,131,277,-146
120900116,655,210,445
120900117,8,212,-204
120900118,31,356,-325
120900119,13998,3175,10823
120900120,91,352,-261
120900121,38,307,-269
120900122,940,203,737
120900123,8,145,-137
120900124,4,276,-272
120900125,2,371,-369
120900126,1171,762,409
120900127,11,183,-172
120900128,872,1139,-267
120900129,48,244,-196
120900130,36,293,-257
120900131,147,135,12
120900132,1565,175,1390
120900133,89,419,-330
120900134,390,291,99
120900135,3,298,-295
120900136,62,242,-180
120900137,406,79,327
120900138,24,163,-139
120900139,0,386,-386
120900140,4,130,-126
120900141,307,203,104
120900142,13,157,-144
120900143,0,449,-449
120900144,1,138,-137
120900145,128,509,-381
120900146,3,445,-442
120900147,2,282,-280
120900148,165,125,40
120900149,2,118,-116
120900150,90,315,-225
120900151,1,301,-300
120900152,9,19,-10
120900153,0,0,0
120900154,0,120,-120
120900155,302,491,-189
120900156,79,214,-135
120900157,6,8,-2
120900158,90,310,-220
120900159,15,41,-26
120900160,34,466,-432
120900161,172,394,-222
120900162,101,862,-761
120900163,185,3116,-2931
120900164,3,138,-135
120900165,9,937,-928
120900166,95,855,-760
120900167,305,133,172
120900169,94,200,-106
120900170,480,3897,-3417
120900171,472,204,268
120900172,340,3732,-3392
120900173,2,33,-31
120900174,5,128,-123
120900175,202,145,57
120900176,21,385,-364
120900177,2,1742,-1740
120900178,2,672,-670
120900179,569,344,225
120900180,71,294,-223
120900181,90,35,55
120900182,42,141,-99
120900183,507,43,464
120900184,244,82,162
120900185,1236,1403,-167
120900186,1,217,-216
120900187,673,1063,-390
120900188,325,20,305
120900189,73,2546,-2473
120900190,168,4,164
120900191,32,13,19
120900192,5087,11636,-6549
120900194,106,105,1
120900195,92,223,-131
120900196,623,29,594
120900197,816,219,597
120900198,213,363,-150
120900199,420,507,-87
120900200,43,153,-110
120900201,317,179,138
120900202,3,71,-68
120900203,40,106,-66
120900204,68,225,-157
120900205,87,29,58
120900206,47,41,6
120900207,97,792,-695
121000001,640,1059,-419
121000002,2263,1708,555
121000003,2675,1537,1138
121000004,2286,3375,-1089
121000005,1265,2247,-982
121000006,2705,2616,89
121000007,1874,4038,-2164
121000008,4314,4682,-368
121000009,3264,5776,-2512
121000010,6112,5750,362
121000011,5467,9539,-4072
121000012,11034,7623,3411
121000013,4637,5682,-1045
121000014,5176,4663,513
121000015,3843,7073,-3230
121000016,3412,3323,89
121000017,2285,2548,-263
121000018,3218,1664,1554
121000019,8546,8851,-305
121000020,9518,16345,-6827
121000021,2175,1797,378
121000022,2546,3554,-1008
121000023,2642,1423,1219
121000024,4157,4859,-702
121000025,335,1411,-1076
121000026,322,209,113
121000027,1259,1130,129
121000028,815,537,278
121000029,964,694,270
121000030,718,542,176
121000031,519,698,-179
121000032,159,183,-24
121000034,355,294,61
121000035,103,183,-80
121000036,932,888,44
121000037,460,810,-350
121000038,348,852,-504
121000039,180,321,-141
121000041,504,523,-19
121000042,273,382,-109
121000043,508,721,-213
121000044,1065,1086,-21
121000045,525,260,265
121000046,826,1005,-179
121000047,27,127,-100
121000049,955,589,366
121000050,256,1720,-1464
121000051,528,291,237
121000052,451,921,-470
121000053,369,153,216
121000054,45,377,-332
121000055,846,1640,-794
121000056,862,1016,-154
121000057,387,604,-217
121000058,277,254,23
121000059,2772,1296,1476
121000060,491,1046,-555
121000061,75,532,-457
121000062,149,460,-311
121000063,854,1082,-228
121000064,860,1012,-152
121000065,218,489,-271
121000066,525,666,-141
121000067,301,657,-356
121000068,573,392,181
121000069,176,1211,-1035
121000070,1438,1095,343
121000071,1679,1662,17
121000072,879,649,230
121000073,951,1175,-224
121000074,63,184,-121
121000075,23,392,-369
121000076,330,409,-79
121000077,186,244,-58
121000078,68,201,-133
121000080,1702,586,1116
121000081,4815,3791,1024
121000082,126,349,-223
121000083,102,163,-61
121000084,191,206,-15
121000085,264,486,-222
121000086,635,603,32
121000087,98,272,-174
121000088,560,425,135
121000089,211,510,-299
121000090,280,369,-89
121000091,876,782,94
121000092,243,67,176
121000093,213,221,-8
121000094,453,875,-422
121000095,298,880,-582
121000096,3270,2227,1043
121000097,491,2329,-1838
121000098,621,518,103
121000099,833,553,280
121000100,1059,194,865
121000101,400,190,210
121000102,354,119,235
121000103,251,142,109
121000104,332,95,237
121000105,463,121,342
121000106,462,232,230
121000107,1849,2540,-691
121000109,981,778,203
121000110,188,628,-440
121000114,3332,2144,1188
121000115,1955,754,1201
121000116,354,946,-592
121000117,357,268,89
121000118,1989,174,1815
121000119,363,343,20
121000120,338,401,-63
121000121,591,1250,-659
121000123,1199,681,518
121000126,92,374,-282
121000127,127,123,4
121000128,1037,256,781
121000129,1045,431,614
121000130,765,504,261
121000131,1145,1387,-242
121000132,798,1209,-411
121000135,328,704,-376
121000136,928,1419,-491
121000137,450,489,-39
121000138,828,2001,-1173
121000139,483,853,-370
121000141,231,178,53
121000142,554,732,-178
121000143,126,26,100
121000144,564,1391,-827
121000145,467,715,-248
121000146,1343,1190,153
121000147,1044,483,561
121000148,899,812,87
121000149,2245,1513,732
121000152,390,341,49
121000153,1327,472,855
121000154,1217,537,680
121000155,2091,1029,1062
121000156,396,952,-556
121000157,794,1402,-608
121000158,371,320,51
121000159,253,368,-115
121000160,349,388,-39
121000161,373,305,68
121000162,183,128,55
121000165,1152,2001,-849
121000166,26,501,-475
121000168,532,260,272
121000169,81,145,-64
121000170,413,88,325
121000171,52,168,-116
121000172,909,603,306
121000173,1330,1437,-107
121000174,487,561,-74
121000175,1338,375,963
121000176,371,305,66
121000177,758,516,242
121000178,72,39,33
121000179,35,46,-11
121000181,473,370,103
121000182,175,330,-155
121000183,89,134,-45
121000184,71,193,-122
121000185,42,295,-253
121000186,295,794,-499
121000187,228,143,85
121000188,255,88,167
121000192,1001,447,554
121000193,647,409,238
121000194,1585,1758,-173
121000195,185,911,-726
121000196,642,305,337
121000197,207,1022,-815
121000198,160,259,-99
121000199,114,295,-181
121000200,711,201,510
121000201,9,186,-177
121000202,862,208,654
121000203,959,1531,-572
121000204,3438,836,2602
121000205,113,305,-192
121000206,84,93,-9
121000207,2044,895,1149
121000208,6,315,-309
121000209,586,72,514
121000210,838,193,645
121000211,472,225,247
121000212,661,322,339
121000213,12246,2709,9537
121000214,828,2020,-1192
121000215,889,1422,-533
121000216,547,653,-106
121000217,3229,2793,436
121000218,341,1481,-1140
121000219,1452,588,864
121000220,125,94,31
121000221,123,334,-211
121000222,2406,2800,-394
121000223,213,789,-576
121000224,134,460,-326
121000225,642,2533,-1891
121000226,1262,1337,-75
121000227,8,173,-165
121000228,32,449,-417
121000229,350,567,-217
121000230,63,1514,-1451
121000231,1292,30,1262
121000232,444,309,135
121000233,470,347,123
121000234,22,48,-26
121000235,64,56,8
121000236,7,59,-52
121000237,27,19,8
121000238,15,83,-68
121000239,80,10,70
121000240,6,136,-130
121000241,83,19,64
121000242,70,642,-572
121000243,256,79,177
121000244,13,124,-111
121000245,53,18,35
121000246,1,139,-138
121000247,167,14,153
121000248,468,1509,-1041
121000249,72,322,-250
121000250,559,261,298
121000251,24,257,-233
121000252,113,86,27
121000253,349,328,21
121000254,730,159,571
121000255,128,224,-96
121000256,317,194,123
121000257,48,97,-49
121000258,90,91,-1
121000259,41,74,-33
121000260,40,84,-44
121000261,57,126,-69
121000262,915,429,486
121000263,441,389,52
121000271,758,1469,-711
121000273,23,8,15
121000274,17,54,-37
121000275,21,6,15
121000276,7,33,-26
121000278,46,40,6
121000279,27,30,-3
121000280,55,59,-4
121000289,301,15,286
121000290,1037,1065,-28
121000294,322,69,253
121000297,486,1093,-607
121000299,93,748,-655
121000300,909,545,364
121000302,23,666,-643
121000303,439,236,203
121000304,437,113,324
121000305,147,56,91
121000306,136,161,-25
121000308,136,239,-103
121000309,274,384,-110
121000310,120,258,-138
121000311,61,471,-410
121000312,415,344,71
121000313,213,283,-70
121000314,42,99,-57
121000315,14,76,-62
121000530,1832,1273,559
121000531,1641,1426,215
121000532,5659,8294,-2635
121000533,3586,3985,-399
121000918,42,62,-20
121000919,23,95,-72
121000938,59,297,-238
121000939,46,211,-165
121000956,1586,1223,363
121000957,5,12,-7
121000958,16,73,-57
121000959,1135,380,755
121000960,1500,1496,4
121000961,272,60,212
121000962,907,447,460
121000973,2,212,-210
121000976,18,225,-207
121000979,515,132,383
121000981,356,76,280
121000982,312,132,180
121000983,512,275,237
121000984,15,61,-46
121000985,918,215,703
121000986,578,99,479
121000987,200,412,-212
121000988,1039,101,938
121001302,262,107,155
121001308,2,28,-26
121001309,25,646,-621
121001313,238,76,162
121001314,1320,1940,-620
121001315,5949,3349,2600
121900001,108,201,-93
121900002,20,34,-14
121900003,416,26,390
121900004,50,394,-344
121900005,31,24,7
121900006,124,40,84
121900007,2214,2011,203
121900008,159,558,-399
121900009,952,21,931
121900010,233,7,226
121900011,315,307,8
121900012,19,0,19
121900013,542,138,404
121900014,1837,355,1482
121900015,263,194,69
121900016,4,23,-19
121900017,617,704,-87
121900018,406,33,373
121900019,581,200,381
121900020,41,1,40
121900021,889,17,872
121900022,253,310,-57
121900023,196,444,-248
121900024,359,77,282
121900025,591,547,44
121900026,214,43,171
121900027,453,250,203
121900028,208,13,195
121900029,142,241,-99
121900030,375,538,-163
121900031,941,6567,-5626
121900032,104,43,61
121900033,177,345,-168
121900034,274,142,132
121900035,3428,2766,662
121900036,114,573,-459
121900037,135,981,-846
121900038,32,112,-80
121900039,263,68,195
121900040,81,72,9
121900041,152,327,-175
121900042,376,229,147
121900043,3,6,-3
121900044,92,33,59
121900046,188,324,-136
121900047,234,89,145
121900048,81,91,-10
121900050,34,39,-5
121900051,169,142,27
121900052,140,53,87
121900053,414,423,-9
121900054,304,852,-548
121900055,1,6,-5
121900058,333,146,187
121900059,464,191,273
121900060,118,447,-329
121900061,194,172,22
121900062,185,124,61
121900063,1705,461,1244
121900064,332,465,-133
121900066,97,19,78
121900067,81,24,57
121900069,185,99,86
121900070,102,230,-128
121900071,597,262,335
121900072,76,89,-13
121900073,232,310,-78
121900074,402,858,-456
121900075,357,739,-382
121900076,500,526,-26
121900077,42,13,29
121900078,174,32,142
121900079,1,1,0
121900080,909,379,530
121900082,91,86,5
121900084,22,53,-31
121900085,0,13,-13
121900086,33,52,-19
121900087,125,195,-70
121900088,1222,2564,-1342
121900089,257,185,72
121900090,33,28,5
121900091,92,45,47
121900092,103,104,-1
121900093,87,90,-3
121900094,14,4,10
121900095,424,173,251
121900096,1072,683,389
121900097,941,242,699
121900098,9,3,6
121900099,315,42,273
121900100,60,393,-333
121900101,137,173,-36
121900102,1,119,-118
121900103,420,247,173
121900104,1597,420,1177
121900105,422,237,185
121900106,9,15,-6
121900107,66,33,33
121900108,0,19,-19
121900109,268,168,100
121900110,724,340,384
121900111,687,377,310
121900112,211,215,-4
121900113,72,458,-386
121900114,94,87,7
121900117,116,292,-176
121900118,1708,626,1082
121900119,136,66,70
121900120,79,1025,-946
121900121,305,27,278
121900122,51,72,-21
121900123,165,362,-197
121900124,270,166,104
121900125,1964,1102,862
121900127,4,138,-134
121900128,74,50,24
121900129,202,135,67
121900130,97,248,-151
121900131,314,92,222
121900132,53,56,-3
121900133,44,1160,-1116
121900134,51,262,-211
121900135,3573,404,3169
121900136,436,279,157
121900137,69,309,-240
121900138,78,170,-92
121900139,394,2022,-1628
121900140,82,74,8
121900141,83,31,52
121900142,150,116,34
121900143,4,172,-168
121900144,98,406,-308
121900145,239,392,-153
121900146,535,652,-117
121900147,77,258,-181
121900148,208,371,-163
121900149,351,403,-52
121900150,56,174,-118
121900151,98,317,-219
121900152,120,132,-12
121900153,58,534,-476
121900154,13,390,-377
121900155,2,166,-164
121900156,146,288,-142
121900157,2,258,-256
121900158,84,116,-32
121900159,1,165,-164
121900160,91,205,-114
121900161,302,519,-217
121900162,75,154,-79
121900163,359,308,51
121900164,333,243,90
121900165,186,100,86
121900166,165,200,-35
121900167,110,188,-78
121900168,127,153,-26
121900169,9,180,-171
121900170,12,163,-151
121900171,829,673,156
121900172,549,289,260
121900173,739,286,453
121900174,61,59,2
121900175,92,294,-202
121900176,489,1438,-949
121900177,170,78,92
121900178,40,41,-1
121900179,499,306,193
121900180,1789,5198,-3409
121900182,643,877,-234
121900183,591,2134,-1543
121900184,75,878,-803
121900186,5,492,-487
121900187,14,176,-162
121900188,663,267,396
121900189,42,110,-68
121900190,287,360,-73
121900191,56,177,-121
121900192,228,1511,-1283
121900193,48,194,-146
121900194,16,343,-327
121900195,30,105,-75
121900196,898,783,115
121900197,383,911,-528
121900198,2339,1595,744
121900199,3,53,-50
121900200,43,180,-137
121900201,706,796,-90
121900202,133,718,-585
121900203,87,1030,-943
121900204,715,1160,-445
121900205,17,124,-107
121900206,15,64,-49
121900207,70,49,21
121900208,127,649,-522
121900209,82,79,3
121900210,1659,1227,432
121900211,50,94,-44
121900212,79,201,-122
121900213,337,47,290
121900214,12,434,-422
121900215,40,172,-132
121900216,35,364,-329
121900217,213,232,-19
121900218,135,568,-433
121900220,107,16,91
121900221,530,537,-7
121900222,266,118,148
121900223,153,40,113
121900224,62,50,12
121900225,104,222,-118
121900226,276,74,202
121900227,349,624,-275
121900228,128,183,-55
121900230,67,490,-423
121900231,80,2287,-2207
121900232,151,505,-354
121900233,219,163,56
121900234,399,160,239
121900235,619,143,476
121900236,280,158,122
121900237,234,423,-189
121900238,146,280,-134
121900239,220,44,176
121900240,352,138,214
121900241,92,42,50
121900242,23,2,21
121900243,13,0,13
121900244,33,3,30
121900245,284,39,245
121900246,3782,301,3481
121900247,365,251,114
121900248,1244,1009,235
121900250,181,372,-191
121900251,523,64,459
121900252,531,153,378
121900253,72,697,-625
121900254,398,344,54
121900255,538,114,424
121900258,4091,1818,2273
121900259,204,634,-430
121900260,193,121,72
121900261,138,643,-505
121900262,423,1147,-724
121900263,278,193,85
121900264,891,921,-30
121900265,402,122,280
121900266,602,110,492
121900267,99,62,37
121900269,232,861,-629
121900270,46,194,-148
121900271,64,192,-128
121900273,453,1626,-1173
121900274,390,254,136
121900277,338,1382,-1044
121900278,129,1056,-927
121900279,141,197,-56
121900280,92,582,-490
121900281,175,623,-448
121900284,56,10,46
121900286,160,167,-7
121900287,17,40,-23
121900288,3,1,2
121900290,276,940,-664
121900291,323,842,-519
121900292,139,180,-41
121900293,735,3053,-2318
121900294,283,9,274
121900295,191,150,41
121900296,71,388,-317
121900298,221,1034,-813
121900299,0,14,-14
121900300,86,9,77
121900301,91,3,88
121900302,4,93,-89
121900303,396,826,-430
121900304,17,18,-1
121900305,4,15,-11
121900306,291,4,287
121900307,115,26,89
121900308,12,138,-126
121900309,10,125,-115
121900310,13,187,-174
121900311,707,30,677
121900312,462,24,438
121900313,485,56,429
121900314,3,27,-24
121900315,22,1,21
121900316,0,3,-3
121900317,20,6,14
121900318,4,5,-1
121900319,43,136,-93
121900320,34,27,7
121900321,22,5,17
121900322,3,7,-4
121900323,15,20,-5
121900324,1,37,-36
121900325,16,8,8
121900326,12,31,-19
121900327,6,56,-50
121900328,1,12,-11
121900329,2,64,-62
121900330,2,174,-172
121900331,26,50,-24
121900332,60,27,33
121900333,19,2,17
122000001,1230,4972,-3742
122000002,2212,984,1228
122000003,1419,2854,-1435
122000004,1750,1510,240
122000005,3600,2382,1218
122000006,963,1283,-320
122000007,665,1751,-1086
122000008,1159,3269,-2110
122000009,503,535,-32
122000010,2252,2642,-390
122000011,4558,2061,2497
122000012,681,3209,-2528
122000013,716,1614,-898
122000014,3109,1525,1584
122000015,1111,989,122
122000016,524,677,-153
122000017,1105,1294,-189
122000018,1778,1733,45
122000019,872,1552,-680
122000020,231,357,-126
122000021,167,461,-294
122000022,1102,1247,-145
122000023,845,1754,-909
122000024,505,2178,-1673
122000025,539,2725,-2186
122000026,407,1376,-969
122000027,599,1092,-493
122000028,1007,623,384
122000029,326,616,-290
122000030,207,196,11
122000031,167,390,-223
122000032,3330,2375,955
122000033,422,2962,-2540
122000034,425,939,-514
122000035,200,594,-394
122000036,495,436,59
122000037,569,244,325
122000038,227,404,-177
122000039,573,486,87
122000040,197,293,-96
122000041,516,759,-243
122000042,343,421,-78
122000043,77,139,-62
122000044,101,128,-27
122000045,1718,954,764
122000046,780,1084,-304
122000047,131,186,-55
122000048,2720,4173,-1453
122000049,5619,3506,2113
122000050,833,878,-45
122000051,182,420,-238
122000052,386,534,-148
122000053,233,1170,-937
122000054,1964,2008,-44
122000055,1955,3960,-2005
122000056,2824,3007,-183
122000057,3021,3763,-742
122000058,894,1800,-906
122000059,988,2982,-1994
122000060,314,999,-685
122000061,268,817,-549
122000062,465,233,232
122000063,538,1124,-586
122000064,2598,5236,-2638
122000065,2328,2556,-228
122000066,767,1151,-384
122000067,1020,1243,-223
122000068,1721,1002,719
122000069,896,662,234
122000070,1049,1456,-407
122000071,2673,1215,1458
122000072,784,808,-24
122000073,262,1281,-1019
122000074,2837,1452,1385
122000075,944,1151,-207
122000076,5249,1785,3464
122000077,637,1992,-1355
122000078,831,3625,-2794
122000079,465,2350,-1885
122000080,473,557,-84
122000081,129,251,-122
122000082,297,1335,-1038
122000083,3127,966,2161
122000084,2799,1116,1683
122000085,329,715,-386
122000086,1899,5832,-3933
122000087,192,474,-282
122000088,158,393,-235
122000089,3704,2291,1413
122000090,157,733,-576
122000091,123,171,-48
122000092,64,56,8
122000093,1460,2935,-1475
122000094,4028,2786,1242
122000095,704,3799,-3095
122000096,480,1839,-1359
122000098,2213,3272,-1059
122000099,720,1073,-353
122000100,707,727,-20
122000101,415,516,-101
122000102,1982,943,1039
122000103,1649,1461,188
122000104,769,218,551
122000105,402,381,21
122000106,443,1218,-775
122000107,1111,407,704
122000108,514,779,-265
122000109,440,292,148
122000110,577,658,-81
122000111,3065,1452,1613
122000112,1229,1451,-222
122000113,739,705,34
122000114,1655,2372,-717
122000115,1427,1058,369
122000116,411,457,-46
122000117,1262,374,888
122000118,699,576,123
122000119,2072,1677,395
122000120,985,2966,-1981
122000121,870,2156,-1286
122000122,478,1093,-615
122000123,1158,1429,-271
122000124,750,526,224
122000125,463,709,-246
122000126,392,684,-292
122000127,542,843,-301
122000128,297,402,-105
122000129,468,1824,-1356
122000130,2338,1340,998
122000131,983,858,125
122000132,210,463,-253
122000133,897,732,165
122000134,916,714,202
122000135,666,390,276
122000136,907,586,321
122000137,1882,877,1005
122000139,800,3630,-2830
122000140,399,874,-475
122000141,2810,1560,1250
122000142,120,1301,-1181
122000143,329,393,-64
122000144,1311,1013,298
122000145,765,919,-154
122000146,547,1672,-1125
122000147,461,499,-38
122000148,669,1905,-1236
122000149,1574,1227,347
122000150,1170,916,254
122000151,105,323,-218
122000152,306,354,-48
122000153,302,354,-52
122000154,184,182,2
122000155,1377,2415,-1038
122000156,3937,3337,600
122000157,733,4224,-3491
122000158,314,644,-330
122000159,596,898,-302
122000160,1904,1959,-55
122000161,945,1023,-78
122000162,1020,1498,-478
122000163,290,105,185
122000164,42,193,-151
122000165,848,1029,-181
122000166,762,1476,-714
122000167,284,431,-147
122000168,137,718,-581
122000169,320,194,126
122000170,329,318,11
122000171,29,123,-94
122000172,1568,1345,223
122000173,1212,2441,-1229
122000174,1513,1196,317
122000175,686,359,327
122000176,305,1170,-865
122000177,1051,1407,-356
122000178,3673,2735,938
122000179,2048,3016,-968
122000180,1013,1066,-53
122000181,885,2056,-1171
122000182,1356,1453,-97
122000183,2117,983,1134
122000184,2442,2806,-364
122000185,969,2675,-1706
122000186,377,1534,-1157
122000187,1779,1058,721
122000188,364,362,2
122000189,158,338,-180
122000190,628,1609,-981
122000191,836,785,51
122000192,1287,431,856
122000193,462,733,-271
122000194,464,223,241
122000195,124,599,-475
122000196,1140,503,637
122000197,376,568,-192
122000198,398,1731,-1333
122000199,281,306,-25
122000200,792,630,162
122000201,1031,2022,-991
122000202,1017,2027,-1010
122000203,2106,1169,937
122000204,1057,1419,-362
122000205,670,1025,-355
122000206,2792,884,1908
122000207,1995,1432,563
122000208,2061,1304,757
122000209,1801,518,1283
122000210,1772,1553,219
122000211,1190,1412,-222
122000212,781,534,247
122000213,956,1361,-405
122000214,1764,1651,113
122000215,2152,1745,407
122000217,1454,1744,-290
122000218,650,59,591
122000219,900,737,163
122000220,292,590,-298
122000221,66,304,-238
122000222,559,134,425
122000223,1010,457,553
122000225,790,293,497
122000226,1533,1409,124
122000227,234,1521,-1287
122000228,317,252,65
122000229,60,398,-338
122000230,85,414,-329
122000231,383,624,-241
122000232,647,686,-39
122000233,0,58,-58
122000234,497,55,442
122000235,598,78,520
122000236,1550,60,1490
122000237,142,90,52
122000238,353,458,-105
122000239,792,188,604
122000240,1357,650,707
122000241,2057,502,1555
122000242,867,188,679
122000243,92,30,62
122000244,37,374,-337
122000245,37,75,-38
122000246,68,150,-82
122000247,781,314,467
122000248,680,1003,-323
122000249,1606,1094,512
122000250,2018,1147,871
122000251,159,498,-339
122000252,388,142,246
122000253,120,221,-101
122000254,368,120,248
122000255,651,871,-220
122000256,293,430,-137
122000257,292,120,172
122000258,340,266,74
122000259,30,296,-266
122000260,0,34,-34
122000261,20,342,-322
122000262,0,28,-28
122000263,361,770,-409
122000264,1379,299,1080
122000265,2485,986,1499
122000266,3721,707,3014
122000267,150,130,20
122000268,157,334,-177
122000269,1012,282,730
122000270,471,166,305
122000271,253,1200,-947
122000272,399,980,-581
122000273,355,402,-47
122000274,235,162,73
122000275,45,152,-107
122000276,919,537,382
122000277,938,1585,-647
122000278,1685,467,1218
122000279,327,222,105
122000280,736,551,185
122000281,978,755,223
122000282,201,456,-255
122000283,212,224,-12
122000284,259,104,155
122000285,309,102,207
122000286,48,146,-98
122000287,1303,1369,-66
122000288,451,278,173
122000291,2443,838,1605
122000293,203,142,61
122000294,115,310,-195
122000295,1337,180,1157
122000296,28,575,-547
122000297,2002,3627,-1625
122000299,620,559,61
122000300,424,433,-9
122000301,5821,3381,2440
122000302,605,2358,-1753
122000303,2333,1080,1253
122000304,86,158,-72
122000305,1384,215,1169
122000306,66,332,-266
122000307,107,128,-21
122000309,67,54,13
122000310,22,95,-73
122000311,142,117,25
122000312,143,219,-76
122000313,104,88,16
122000314,115,232,-117
122000315,275,82,193
122000316,1123,206,917
122000317,1901,199,1702
122000318,337,1202,-865
122000319,220,250,-30
122000320,251,758,-507
122000321,89,121,-32
122000322,1586,2001,-415
122000323,769,2636,-1867
122000324,1275,1656,-381
122000325,987,3037,-2050
122000326,119,75,44
122000327,404,598,-194
122000328,465,335,130
122000330,1410,1356,54
122000332,207,313,-106
122000333,21,49,-28
122000337,1141,546,595
122000338,514,323,191
122000340,174,1375,-1201
122000342,1304,612,692
122000343,510,455,55
122000344,99,8,91
122000345,28,26,2
122000346,378,170,208
122000348,1080,750,330
122000349,132,680,-548
122000351,185,267,-82
122000352,292,133,159
122000353,191,74,117
122000355,136,274,-138
122000356,571,1475,-904
122000357,107,21,86
122000358,0,13,-13
122000359,0,8,-8
122000360,1,25,-24
122000362,8,50,-42
122000364,316,225,91
122000365,0,56,-56
122000366,9,12,-3
122000368,548,604,-56
122000370,49,29,20
122000371,42,0,42
122000372,15,8,7
122000381,183,311,-128
122000382,99,224,-125
122000384,1433,1142,291
122000385,70,1,69
122000386,210,1734,-1524
122000387,478,779,-301
122000388,1194,908,286
122000389,129,1065,-936
122000390,281,330,-49
122000391,183,775,-592
122000392,154,139,15
122000393,34,68,-34
122000394,570,215,355
122000395,173,91,82
122000396,260,93,167
122000397,15,18,-3
122000398,23,36,-13
122000399,166,56,110
122000400,54,694,-640
122000401,134,34,100
122000402,507,126,381
122000403,366,404,-38
122000404,188,123,65
122000408,561,882,-321
122000503,7,102,-95
122000524,164,271,-107
122000544,114,2233,-2119
122000616,202,0,202
122000640,107,66,41
122000641,145,166,-21
122000642,1087,602,485
122000643,48,192,-144
122000644,106,48,58
122000645,81,175,-94
122000651,530,1557,-1027
122000664,151,23,128
122000665,1119,457,662
122000666,606,1016,-410
122000673,37,131,-94
122000674,221,132,89
122000675,2081,500,1581
122000686,502,789,-287
122000687,1559,243,1316
122000688,291,312,-21
122000689,951,187,764
122000690,2959,239,2720
122000691,999,654,345
122000692,2016,283,1733
122000693,340,759,-419
122000695,500,265,235
122000696,679,103,576
122000698,482,299,183
122000699,180,81,99
122000701,1471,301,1170
122000702,367,858,-491
122000703,161,59,102
122000717,123,54,69
122000718,370,1166,-796
122000719,134,103,31
122000720,723,67,656
122000724,127,15,112
122900001,61,14,47
122900002,1112,6447,-5335
122900003,430,28,402
122900004,2996,168,2828
122900005,126,192,-66
122900006,507,1441,-934
122900007,120,173,-53
122900008,277,243,34
122900009,671,416,255
122900010,241,105,136
122900012,285,382,-97
122900014,151,160,-9
122900015,643,1067,-424
122900016,142,234,-92
122900017,181,650,-469
122900018,169,16,153
122900019,15,100,-85
122900020,110,421,-311
122900021,67,340,-273
122900022,1288,764,524
122900023,826,260,566
122900024,147,89,58
122900025,3,410,-407
122900026,36,168,-132
122900027,33,452,-419
122900028,80,97,-17
122900029,4305,2644,1661
122900030,1564,483,1081
122900031,27,292,-265
122900032,151,322,-171
122900033,211,170,41
122900034,3378,4573,-1195
122900035,53,15,38
122900036,47,71,-24
122900037,370,121,249
122900038,70,2655,-2585
122900039,99,515,-416
122900040,233,634,-401
122900041,317,325,-8
122900042,165,269,-104
122900043,329,255,74
122900044,81,338,-257
122900045,138,154,-16
122900046,134,321,-187
122900047,118,167,-49
122900048,37,227,-190
122900049,1664,160,1504
122900051,38,189,-151
122900052,156,89,67
122900053,34,48,-14
122900055,406,72,334
122900057,235,62,173
122900061,470,143,327
122900062,543,696,-153
122900063,193,197,-4
122900064,753,389,364
122900065,525,229,296
122900066,688,412,276
122900067,882,505,377
122900068,142,276,-134
122900069,431,1504,-1073
122900070,283,52,231
122900071,112,226,-114
122900072,16,281,-265
122900073,25,83,-58
122900074,1181,293,888
122900075,0,83,-83
122900076,3,174,-171
122900077,0,80,-80
122900078,286,25,261
122900080,36,55,-19
122900081,182,104,78
122900082,959,148,811
122900083,119,107,12
122900084,21,139,-118
122900086,23,208,-185
122900087,304,358,-54
122900088,26,435,-409
122900089,30,293,-263
122900090,7,238,-231
122900091,373,2,371
122900092,0,94,-94
122900093,1,96,-95
122900094,0,92,-92
122900095,221,25,196
122900096,393,45,348
122900097,50,82,-32
122900098,44,148,-104
122900099,104,38,66
122900100,115,851,-736
122900101,394,332,62
122900102,32,55,-23
122900103,276,13,263
122900104,361,10,351
122900105,38,26,12
122900106,7,49,-42
122900107,4,91,-87
122900108,2,76,-74
123000001,845,724,121
123000002,2392,5482,-3090
123000003,3968,4011,-43
123000004,2391,3541,-1150
123000005,2917,2491,426
123000006,1817,1793,24
123000007,4134,2451,1683
123000008,2616,2376,240
123000009,4161,2775,1386
123000010,3102,3161,-59
123000011,1595,1084,511
123000012,615,2254,-1639
123000013,3369,988,2381
123000014,720,2971,-2251
123000015,1970,1069,901
123000016,2655,3668,-1013
123000017,3279,2137,1142
123000018,110,115,-5
123000019,552,37,515
123000020,396,47,349
123000021,236,258,-22
123000022,381,1887,-1506
123000023,1803,2169,-366
123000024,1568,614,954
123000025,63,99,-36
123000026,9,182,-173
123000027,79,846,-767
123000028,1108,1048,60
123000029,544,1527,-983
123000030,285,120,165
123000031,371,155,216
123000032,531,80,451
123000033,239,71,168
123000034,1040,626,414
123000035,400,388,12
123000036,234,855,-621
123000037,204,126,78
123000038,93,237,-144
123000039,400,1546,-1146
123000040,506,221,285
123000041,716,1146,-430
123000042,443,851,-408
123000043,1894,11492,-9598
123000044,2720,2189,531
123000045,3588,2260,1328
123000046,372,1163,-791
123000047,966,1086,-120
123000048,79,958,-879
123000049,4553,9423,-4870
123000050,1903,1538,365
123000051,88,169,-81
123000052,767,3334,-2567
123000053,2306,2842,-536
123000054,1781,1538,243
123000055,1791,3648,-1857
123000056,1079,1046,33
123000057,3888,5468,-1580
123000058,701,1214,-513
123000059,344,417,-73
123000060,1058,367,691
123000061,291,594,-303
123000063,970,1001,-31
123000064,1167,220,947
123000065,3368,2317,1051
123000066,434,416,18
123000067,854,403,451
123000068,1677,1772,-95
123000069,4171,1705,2466
123000070,177,416,-239
123000071,1690,786,904
123000072,1156,506,650
123000073,1767,802,965
123000074,1094,868,226
123000075,375,1226,-851
123000076,728,288,440
123000077,1956,1467,489
123000078,1904,1319,585
123000079,1882,1592,290
123000080,2323,1047,1276
123000081,176,337,-161
123000082,309,714,-405
123000083,1083,270,813
123000084,662,343,319
123000085,454,50,404
123000086,761,79,682
123000087,517,309,208
123000088,1240,481,759
123000089,730,863,-133
123000090,1377,797,580
123000091,1333,1138,195
123000092,889,1149,-260
123000094,680,195,485
123000095,682,720,-38
123000096,1041,313,728
123000097,726,335,391
123000098,952,468,484
123000099,756,429,327
123000100,415,734,-319
123000101,467,548,-81
123000102,393,783,-390
123000104,446,498,-52
123000105,442,390,52
123000106,447,501,-54
123000107,293,314,-21
123000108,483,823,-340
123000111,1058,386,672
123000112,1697,531,1166
123000113,584,711,-127
123000114,367,603,-236
123000115,288,245,43
123000116,65,64,1
123000117,1916,1012,904
123000118,546,477,69
123000119,248,520,-272
123000120,270,510,-240
123000121,483,752,-269
123000122,270,285,-15
123000123,414,496,-82
123000124,377,391,-14
123000125,1276,1217,59
123000126,1098,4291,-3193
123000127,563,540,23
123000128,291,204,87
123000129,989,234,755
123000130,830,92,738
123000131,1202,848,354
123000132,267,417,-150
123000133,131,179,-48
123000134,245,93,152
123000135,2854,947,1907
123000136,230,379,-149
123000137,100,148,-48
123000138,97,246,-149
123000139,687,129,558
123000140,112,456,-344
123000141,700,185,515
123000142,928,610,318
123000143,802,1215,-413
123000144,23,33,-10
123000145,204,280,-76
123000146,51,108,-57
123000147,92,138,-46
123000149,295,283,12
123000150,104,198,-94
123000151,174,481,-307
123000152,53,402,-349
123000153,86,838,-752
123000154,1201,1614,-413
123000155,1712,1212,500
123000156,25,95,-70
123000157,616,679,-63
123000158,536,765,-229
123000159,2871,3301,-430
123000160,943,1009,-66
123000161,1658,1129,529
123000162,1384,1653,-269
123000163,666,150,516
123000164,2000,301,1699
123000165,484,943,-459
123000166,65,124,-59
123000167,127,169,-42
123000168,294,161,133
123000169,1037,128,909
123000170,85,65,20
123000171,1286,13,1273
123000172,160,440,-280
123000173,487,377,110
123000174,963,473,490
123000175,414,864,-450
123000176,1144,319,825
123000177,329,864,-535
123000178,861,198,663
123000179,74,335,-261
123000180,1591,389,1202
123000181,288,836,-548
123000182,299,217,82
123000183,171,535,-364
123000184,94,376,-282
123000185,1011,367,644
123000186,1,339,-338
123000187,700,23,677
123000188,202,3,199
123000189,254,121,133
123000190,77,113,-36
123000192,24,337,-313
123000193,73,699,-626
123000194,291,272,19
123000195,359,38,321
123000196,458,21,437
123000197,83,95,-12
123000198,58,1121,-1063
123000199,20,687,-667
123000200,692,10,682
123000201,1375,25,1350
123000202,11,516,-505
123000203,1237,53,1184
123000204,83,620,-537
123000205,370,901,-531
123000206,2526,318,2208
123000207,76,589,-513
123000208,649,247,402
123000209,2407,741,1666
123000210,410,1402,-992
123000211,594,1531,-937
123000212,3776,548,3228
123000213,640,98,542
123000215,60,205,-145
123000216,202,624,-422
123000217,266,33,233
123000218,41,588,-547
123000219,545,69,476
123000220,591,125,466
123000221,195,84,111
123000222,495,293,202
123000223,621,151,470
123000224,428,237,191
123000225,327,48,279
123000226,104,287,-183
123000227,87,190,-103
123000228,334,70,264
123000229,736,1304,-568
123000232,76,434,-358
123000233,883,143,740
123000234,223,443,-220
123000235,1524,323,1201
123000236,347,441,-94
123000237,352,136,216
123000238,64,329,-265
123000239,375,810,-435
123000240,68,798,-730
123000241,283,87,196
123000242,363,151,212
123000243,799,779,20
123000244,880,571,309
123000245,48,111,-63
123000249,1073,670,403
123000252,945,341,604
123000253,1595,620,975
123000254,742,817,-75
123000255,1088,888,200
123000256,23,206,-183
123000257,1940,1190,750
123000258,886,546,340
123000259,514,397,117
123000260,577,338,239
123000261,428,122,306
123000262,96,113,-17
123000263,578,95,483
123000264,179,101,78
123000265,44,121,-77
123000266,539,541,-2
123000267,725,450,275
123000268,48,57,-9
123000269,65,69,-4
123000270,48,84,-36
123000271,66,42,24
123000272,691,334,357
123000273,237,848,-611
123000274,1103,768,335
123000275,287,664,-377
123000278,1802,2421,-619
123000279,129,68,61
123000280,289,236,53
123000281,304,91,213
123000282,137,210,-73
123000283,164,90,74
123000284,60,79,-19
123000286,180,431,-251
123000287,375,347,28
123000288,1351,1288,63
123000289,309,1531,-1222
123000291,235,797,-562
123000294,168,196,-28
123000295,747,1133,-386
123000296,836,528,308
123000297,872,350,522
123000298,1099,245,854
123000299,79,81,-2
123000300,1219,987,232
123000301,146,352,-206
123000302,107,108,-1
123000303,122,245,-123
123000305,656,822,-166
123000306,272,59,213
123000309,24,39,-15
123000310,49,41,8
123000311,1,52,-51
123000312,321,453,-132
123000313,660,382,278
123000315,153,218,-65
123000316,640,95,545
123000317,237,104,133
123000318,92,215,-123
123000329,11,16,-5
123000337,425,637,-212
123000338,209,120,89
123000339,390,56,334
123000340,105,201,-96
123000342,32,35,-3
123000343,66,16,50
123000344,590,265,325
123000345,296,406,-110
123000346,368,28,340
123000352,916,681,235
123000353,54,72,-18
123000354,278,10,268
123000355,1,165,-164
123000356,454,27,427
123000357,2,94,-92
123000359,18,86,-68
123000360,241,70,171
123000361,150,210,-60
123000362,555,75,480
123000363,138,173,-35
123000364,467,498,-31
123000365,12,370,-358
123000366,311,2305,-1994
123000367,248,592,-344
123000370,38,192,-154
123000371,606,43,563
123000372,363,28,335
123000373,20,271,-251
123000374,12,120,-108
123000375,418,40,378
123000376,877,591,286
123000377,677,25,652
123000378,16,199,-183
123000379,1,169,-168
123000380,31,363,-332
123000381,56,141,-85
123000382,481,134,347
123000383,80,1035,-955
123000384,493,144,349
123000385,136,580,-444
123000436,27,1608,-1581
123000507,92,166,-74
123000508,153,1099,-946
123000517,228,36,192
123000518,30,126,-96
123000519,173,91,82
123000520,37,145,-108
123000521,390,125,265
123000522,141,297,-156
123000541,7,1,6
123000542,0,7,-7
123000565,0,0,0
123000566,1392,267,1125
123000567,75,145,-70
123000573,45,327,-282
123000574,935,81,854
123000575,1789,634,1155
123000576,1141,764,377
123000577,68,617,-549
123000578,293,117,176
123000579,920,6224,-5304
123000580,102,42,60
123000582,654,26,628
123000583,24,277,-253
123000584,125,258,-133
123000585,0,47,-47
123000586,131,22,109
123000596,50,72,-22
123000597,70,212,-142
123000602,89,10,79
123000603,1260,305,955
123000604,708,267,441
123000605,733,114,619
123000606,3,384,-381
123000609,21,327,-306
123000610,135,76,59
123000613,30,150,-120
123000614,374,47,327
123000615,30,60,-30
123000616,1090,53,1037
123000617,130,140,-10
123000618,71,379,-308
123000619,508,63,445
123000620,55,233,-178
123000622,569,16,553
123000624,232,43,189
123000630,1485,497,988
123000631,223,385,-162
123000632,499,572,-73
123000633,2,100,-98
123000634,70,303,-233
123000635,71,93,-22
123000636,31,272,-241
123000637,380,59,321
123000638,567,28,539
123000639,649,5393,-4744
123000640,10,326,-316
123900001,931,47,884
123900002,26,1333,-1307
123900003,182,288,-106
123900005,287,202,85
123900006,330,45,285
124000001,1857,204,1653
124000002,69,926,-857
124000003,1407,177,1230
124000004,56,292,-236
124000005,1427,689,738
124000006,170,652,-482
124000007,385,113,272
124000008,16,405,-389
124000009,861,272,589
124000010,220,324,-104
124000011,1171,352,819
124000012,228,311,-83
124000017,228,132,96
124000018,142,59,83
124000019,138,144,-6
124000020,32,79,-47
124000021,163,88,75
124000022,59,148,-89
124000023,1318,1449,-131
124000024,1160,379,781
124000025,1275,1695,-420
124000026,1059,831,228
124000027,4188,4255,-67
124000028,1017,3234,-2217
124000030,1568,1137,431
124000031,1277,4677,-3400
124000032,975,588,387
124000033,3,184,-181
124000034,473,454,19
124000035,25,295,-270
124000036,19,162,-143
124000037,462,1174,-712
124000038,38,103,-65
124000039,577,380,197
124000040,313,1176,-863
124000041,469,108,361
124000042,148,324,-176
124000043,80,125,-45
124000044,106,141,-35
124000045,1069,352,717
124000046,261,498,-237
124000047,2210,572,1638
124000048,1108,556,552
124000049,2040,465,1575
124000050,792,909,-117
124000051,1230,379,851
124000052,581,557,24
124000053,566,1900,-1334
124000054,656,344,312
124000055,1294,3496,-2202
124000056,1286,795,491
124000057,1342,560,782
124000058,417,783,-366
124000059,801,1360,-559
124000060,542,505,37
124000061,1201,5732,-4531
124000062,1772,1215,557
124000063,1022,1123,-101
124000064,1513,889,624
124000065,18,477,-459
124000066,198,670,-472
124000067,263,105,158
124000068,10,22,-12
124000069,114,5,109
124000070,40,53,-13
124000071,222,109,113
124000072,186,397,-211
124000073,1141,199,942
124000074,248,565,-317
124000075,458,33,425
124000076,14,84,-70
124000077,669,853,-184
124000078,2064,1059,1005
124000079,216,1292,-1076
124000080,694,157,537
124000081,236,366,-130
124000082,61,146,-85
124000083,58,65,-7
124000084,59,684,-625
124000085,86,52,34
124000086,31,174,-143
124000087,152,122,30
124000088,114,680,-566
124000089,983,204,779
124000090,165,271,-106
124000091,561,121,440
124000092,119,486,-367
124000093,180,155,25
124000094,198,551,-353
124000095,116,91,25
124000096,159,266,-107
124000097,102,143,-41
124000098,35,72,-37
124000099,364,143,221
124000100,73,193,-120
124000101,85,135,-50
124000102,80,29,51
124000103,150,129,21
124000104,86,34,52
124000105,104,112,-8
124000106,126,35,91
124000107,18,195,-177
124000108,36,24,12
124000109,167,102,65
124000110,133,57,76
124000111,222,153,69
124000112,750,433,317
124000113,127,121,6
124000114,438,260,178
124000115,322,569,-247
124000116,156,190,-34
124000117,55,88,-33
124000118,49,85,-36
124000119,702,673,29
124000120,493,495,-2
124000121,1158,643,515
124000122,460,1161,-701
124000123,1040,469,571
124000124,356,915,-559
124000125,403,447,-44
124000126,281,481,-200
124000127,1007,380,627
124000128,545,531,14
124000129,2198,1586,612
124000130,625,492,133
124000131,820,660,160
124000132,696,621,75
124000133,951,1181,-230
124000134,805,498,307
124000135,1489,2206,-717
124000136,672,743,-71
124000137,841,1137,-296
124000138,1217,1100,117
124000139,478,43,435
124000140,24,218,-194
124000141,121,13,108
124000142,14,210,-196
124000143,88,18,70
124000144,30,59,-29
124000145,154,44,110
124000146,31,41,-10
124000148,14,83,-69
124000149,1121,376,745
124000150,224,576,-352
124000151,977,504,473
124000152,679,804,-125
124000153,1219,1137,82
124000154,649,682,-33
124000155,1425,908,517
124000156,1102,1044,58
124000169,174,457,-283
124000170,434,490,-56
124000171,355,213,142
124000172,279,430,-151
124000173,537,126,411
124000174,393,502,-109
124000175,8,50,-42
124000176,33,19,14
124000177,7,58,-51
124000178,75,57,18
124000190,79,112,-33
124000191,114,209,-95
124000192,1073,458,615
124000193,261,908,-647
124000194,273,320,-47
124000195,308,603,-295
124000196,737,621,116
124000197,39,40,-1
124000198,60,58,2
124000201,251,475,-224
124000202,602,211,391
124000203,702,214,488
124000204,1257,147,1110
124000205,161,205,-44
124000206,1059,187,872
124000207,0,25,-25
124000209,187,198,-11
124000210,796,218,578
124000211,957,3,954
124000212,1,167,-166
124000213,810,137,673
124000214,606,198,408
124000215,514,22,492
124000216,1,144,-143
124000329,118,594,-476
124000338,98,369,-271
124000339,1570,96,1474
124000341,1947,96,1851
124000344,98,74,24
124000357,1262,2423,-1161
124000358,793,1551,-758
124000359,1245,661,584
124000360,993,470,523
124000361,2113,1095,1018
124000362,910,1133,-223
124000363,210,230,-20
124000364,364,385,-21
124000365,446,759,-313
124000366,1016,655,361
124000367,93,245,-152
124000368,508,556,-48
124000369,128,108,20
124000370,38,416,-378
124000402,27,10,17
124000403,204,45,159
124000404,11,46,-35
124000405,1053,703,350
124000406,575,548,27
124000407,0,25,-25
124000411,4,117,-113
124000412,582,6,576
124000413,77,22,55
124000414,155,93,62
124000415,47,58,-11
124000416,123,131,-8
124000417,182,89,93
124000418,234,48,186
124000419,153,62,91
124000420,144,39,105
124000421,57,75,-18
124000422,23,10,13
124000423,130,43,87
124000424,2,34,-32
124000425,59,17,42
124000426,21,77,-56
124000427,68,4,64
124000428,4,77,-73
124000429,101,53,48
124000430,831,356,475
124000431,596,342,254
124000432,349,407,-58
124000439,4,2,2
124000443,0,7,-7
124000445,152,1220,-1068
124000446,525,145,380
124900001,779,493,286
124900002,201,185,16
124900003,1282,466,816
124900004,872,254,618
124900005,262,115,147
124900006,1051,249,802
124900008,959,585,374
124900009,152,466,-314
124900010,278,186,92
124900011,770,329,441
124900012,536,97,439
124900013,631,157,474
124900014,384,50,334
124900015,182,486,-304
124900016,92,169,-77
124900017,457,2368,-1911
124900018,91,12,79
124900020,77,70,7
124900021,381,46,335
124900022,56,11,45
124900024,378,14,364
124900026,81,39,42
124900027,132,627,-495
124900028,335,72,263
124900029,13,655,-642
124900030,3,65,-62
124900031,35,212,-177
124900032,184,225,-41
124900033,123,157,-34
124900034,6,92,-86
124900035,236,267,-31
124900036,4,46,-42
124900037,253,163,90
124900038,219,190,29
124900039,0,117,-117
124900040,160,104,56
124900041,251,411,-160
124900042,207,11,196
124900043,550,417,133
124900044,98,8,90
124900045,508,960,-452
124900046,490,183,307
124900047,136,161,-25
124900048,251,109,142
124900050,172,192,-20
124900052,74,232,-158
124900053,166,255,-89
124900054,593,646,-53
124900055,0,149,-149
124900057,14,50,-36
124900060,58,135,-77
124900061,145,10,135
124900062,284,14,270
124900066,0,3,-3
124900067,16,56,-40
124900068,191,673,-482
124900070,56,29,27
124900072,176,50,126
124900074,595,131,464
124900075,337,208,129
124900076,22,1468,-1446
124900077,29,68,-39
124900078,79,18,61
124900079,324,217,107
124900080,377,254,123
124900081,1229,359,870
124900082,273,365,-92
124900083,411,262,149
124900084,840,134,706
124900085,535,662,-127
124900086,78,1461,-1383
124900087,227,121,106
124900088,220,119,101
124900089,685,34,651
124900090,541,213,328
124900091,366,270,96
124900092,321,221,100
124900093,452,216,236
124900094,640,282,358
124900095,163,533,-370
124900096,472,260,212
124900097,352,57,295
124900098,113,253,-140
124900099,296,634,-338
124900100,419,58,361
124900101,39,279,-240
124900102,258,30,228
124900103,177,125,52
124900104,69,100,-31
124900105,84,93,-9
124900106,533,40,493
124900107,130,51,79
124900108,155,98,57
124900109,127,170,-43
124900110,432,282,150
124900111,0,140,-140
124900112,56,203,-147
124900113,59,326,-267
124900114,105,174,-69
124900115,47,18,29
124900116,337,284,53
124900117,201,259,-58
124900118,167,481,-314
124900119,477,172,305
124900120,66,243,-177
124900121,92,429,-337
124900122,188,190,-2
124900123,207,104,103
124900124,137,315,-178
129000186,138,76,62
204000001,74,12,62
204000002,7,3,4
204000003,32,2,30
204000004,2,6,-4
204000005,587,315,272
204000006,1160,897,263
204000011,13,30,-17
204000012,38,83,-45
204000013,0,6,-6
204000019,944,312,632
204000020,722,696,26
204000021,2060,1322,738
204000022,639,547,92
204000023,556,504,52
204000031,42,8,34
204000032,296,30,266
204000034,23,90,-67
204000035,1,7,-6
204000036,9,30,-21
204000037,1,20,-19
204000038,0,24,-24
204000039,4,15,-11
204000040,8,10,-2
204000041,12,14,-2
204000042,55,14,41
204000043,40,7,33
204000044,40,4,36
204000045,66,3,63
204000046,8,5,3
204000057,10,9,1
204000062,26,22,4
204000068,16,337,-321
204000069,82,270,-188
204000070,79,70,9
204000080,87,56,31
204000085,1619,1000,619
204000086,1559,1202,357
204000087,52,8,44
204000088,3,80,-77
204000090,22,193,-171
204000093,576,52,524
204000096,1216,829,387
204000097,517,8,509
204000099,1186,1346,-160
204000100,1743,1542,201
204000105,1301,848,453
204000110,518,1522,-1004
204000111,442,752,-310
204000112,456,2025,-1569
204000113,495,1166,-671
204000114,1007,931,76
204000115,536,357,179
204000116,458,1494,-1036
204000119,1891,2124,-233
204000132,650,363,287
204000133,674,154,520
204000134,238,70,168
204000135,560,116,444
204000136,449,225,224
204000138,324,484,-160
204000140,260,98,162
204000141,204,56,148
204000144,8,26,-18
204000145,536,40,496
204000146,11,221,-210
204000147,14,190,-176
204000148,218,22,196
204000154,11,4,7
204000155,0,6,-6
204000177,64,41,23
204000179,50,3,47
204000180,0,23,-23
204000222,3,11,-8
204000235,27,9,18
204000236,53,136,-83
204000238,30,13,17
204000240,332,80,252
204000263,438,600,-162
204000268,716,411,305
204000308,133,11,122
204000317,7,101,-94
204000322,10,42,-32
204000323,7,2,5
204000328,186,47,139
204000329,28,174,-146
204000330,145,16,129
204000331,37,98,-61
204010341,14,138,-124
205000001,575,1038,-463
205000013,8,50,-42
205000014,27,57,-30
205000015,32,99,-67
205000016,10,90,-80
205000017,25,56,-31
205000022,234,523,-289
205000025,839,605,234
205000029,298,9,289
205000045,138,868,-730
205000046,122,510,-388
205000047,63,534,-471
205000048,291,461,-170
205000049,163,442,-279
205000050,767,223,544
205000059,0,127,-127
205000060,1,75,-74
205000061,2,134,-132
205000062,2,180,-178
205000063,29,195,-166
205000064,23,64,-41
205000065,46,361,-315
205000066,105,329,-224
205000067,48,531,-483
205000069,209,20,189
205000082,176,169,7
205000110,65,131,-66
205000111,223,131,92
205000112,184,182,2
205000113,120,242,-122
205000121,236,33,203
205000123,45,170,-125
205000126,415,82,333
205000127,884,111,773
205000128,463,53,410
205000129,754,36,718
205000130,94,23,71
205000131,34,9,25
205000132,58,11,47
205000133,33,2,31
205000134,239,0,239
205000137,86,130,-44
205000138,134,307,-173
205000139,32,141,-109
205000144,106,74,32
205000145,386,179,207
205000151,178,22,156
205000152,193,9,184
205000153,240,24,216
205000154,109,37,72
205000155,115,5,110
205000207,2,117,-115
205000233,25,0,25
205000234,0,0,0
205000243,0,0,0
205000244,0,3,-3
205000245,15,123,-108
205000249,0,20,-20
205000250,7,1,6
205000264,13,66,-53
206000027,10,6,4
206000028,12,3,9
206000043,7,31,-24
206000053,7,5,2
206000054,0,21,-21
206000055,2,28,-26
206000075,11,30,-19
206000076,29,8,21
206000077,30,2,28
206000078,15,8,7
206000079,33,5,28
206000082,297,56,241
206000100,20,319,-299
206000103,1,6,-5
206000104,9,6,3
206000105,9,10,-1
206000106,3,16,-13
206000108,559,53,506
206000125,88,0,88
206000157,30,349,-319
206000170,1,104,-103
206000171,2,143,-141
206000172,16,118,-102
206000173,1,92,-91
206000174,20,20,0
206000175,3,40,-37
206000176,19,54,-35
206000177,0,48,-48
206000178,0,122,-122
206000179,2,82,-80
206000180,6,64,-58
206000181,15,29,-14
206000182,1,40,-39
206000183,3,117,-114
206000184,3,96,-93
206000185,3,32,-29
206000186,61,292,-231
206000223,3,141,-138
206000226,16,4,12
206000227,29,5,24
206000237,27,105,-78
206000238,21,214,-193
206000239,136,1084,-948
206000240,0,40,-40
206000241,0,47,-47
206000242,8,88,-80
206000243,11,40,-29
206000244,21,187,-166
206000245,1407,68,1339
206000246,434,25,409
206000247,513,12,501
206000248,690,26,664
206000252,66,36,30
206000258,15,37,-22
206000315,33,7,26
206000317,834,126,708
206000318,925,114,811
206000319,2899,118,2781
206000320,455,44,411
206000321,469,18,451
206000322,842,21,821
206000323,300,11,289
206000324,345,8,337
206000325,190,16,174
206000326,191,39,152
206000327,75,12,63
206000328,277,5,272
206000329,514,5,509
206000330,75,8,67
206000331,324,1,323
206000332,81,3,78
206000333,1193,5,1188
206000334,449,0,449
206000335,1,13,-12
206000361,3,134,-131
206000392,4,13,-9
206000405,208,0,208
206000441,59,19,40
206000498,37,5,32
206000515,57,34,23
206000530,585,75,510
206000531,337,332,5
206000532,1515,472,1043
206000535,68,2160,-2092
206000536,7,112,-105
206000537,15,103,-88
206000613,1858,275,1583
207000001,117,542,-425
207000002,81,397,-316
207000003,138,145,-7
207000007,1398,205,1193
207000008,168,3,165
207000009,74,34,40
207000010,301,211,90
207000012,599,175,424
207000015,253,608,-355
207000019,212,61,151
207000021,437,179,258
207000022,184,145,39
207000023,268,69,199
207000024,2,18,-16
207000025,32,70,-38
207000026,49,48,1
207000027,14,54,-40
207000028,40,125,-85
207000029,136,315,-179
207000033,192,433,-241
207000034,348,116,232
207000039,554,70,484
207000040,647,26,621
207000041,140,35,105
207000042,364,51,313
207000043,264,138,126
207000051,115,205,-90
207000052,20,136,-116
207000053,344,276,68
207000054,63,86,-23
207000055,126,65,61
207000056,316,242,74
207000057,114,392,-278
207000058,153,225,-72
207000059,117,190,-73
207000060,82,139,-57
207000061,215,795,-580
207000062,407,20,387
207000063,421,47,374
207000064,301,63,238
207000065,325,179,146
207000066,257,119,138
207000067,53,55,-2
207000068,98,48,50
207000069,808,254,554
207000082,6,112,-106
207000083,85,148,-63
207000084,375,232,143
207000085,273,26,247
207000086,279,7,272
207000106,61,23,38
207000107,140,8,132
207000108,85,17,68
207000109,86,12,74
207000110,69,62,7
207000111,120,103,17
207000112,100,768,-668
207000114,14,38,-24
207000115,38,41,-3
207000116,23,313,-290
207000117,7,63,-56
207000118,3,37,-34
207000119,13,55,-42
207000123,204,27,177
207000124,133,15,118
207000125,83,29,54
207000126,77,43,34
207000134,122,78,44
207000135,35,128,-93
207000148,125,391,-266
207000149,59,35,24
207000152,120,338,-218
207000153,395,954,-559
207000154,309,166,143
207000159,96,89,7
207000160,144,224,-80
207000238,0,150,-150
207000242,7,75,-68
207000248,27,30,-3
207000249,80,28,52
207000250,334,61,273
207000251,80,83,-3
207000252,41,40,1
207000278,152,81,71
207000279,47,84,-37
207000280,858,59,799
207000281,121,400,-279
207000282,100,178,-78
207000283,41,190,-149
207000284,20,426,-406
207000285,67,71,-4
207000291,17,71,-54
207000304,92,53,39
207000306,61,240,-179
207000310,120,75,45
207000353,164,5,159
207000356,8,75,-67
207000357,8,24,-16
207000358,14,37,-23
207000415,7,58,-51
207000417,40,2,38
207000418,71,102,-31
207000438,0,3,-3
207000439,561,579,-18
207000446,198,3,195
207000460,69,4,65
207000466,102,108,-6
207000467,372,59,313
207000468,49,131,-82
207000476,5,36,-31
207000477,796,49,747
207000478,2,108,-106
207000523,0,12,-12
207000524,30,0,30
207000527,165,147,18
207000530,628,6,622
207000531,385,5,380
207000532,114,19,95
207000534,196,46,150
207000535,41,283,-242
207000537,13,75,-62
207000540,6,77,-71
207000541,3,194,-191
207000548,17,144,-127
207000549,380,19,361
207000561,223,213,10
207000562,40,102,-62
207000567,96,269,-173
207000568,281,20,261
207000569,658,277,381
207000584,138,133,5
207000585,42,288,-246
207000616,0,70,-70
207000617,198,2,196
207900008,354,64,290
208000001,569,1242,-673
208000002,712,581,131
208000003,933,517,416
208000004,751,651,100
208000005,4,10,-6
208000019,740,642,98
208000020,202,316,-114
208000021,264,265,-1
208000022,945,479,466
208000028,965,1805,-840
208000033,581,555,26
208000034,908,1199,-291
208000037,234,14,220
208000040,151,122,29
208000041,738,564,174
208000042,874,530,344
208000047,160,141,19
208000064,1932,1200,732
208000066,1431,2252,-821
208000070,441,288,153
208000071,646,454,192
208000072,482,758,-276
208000080,352,347,5
208000081,346,143,203
208000082,397,148,249
208000083,153,250,-97
208000084,7,15,-8
208000085,532,462,70
208000086,383,829,-446
208000087,290,611,-321
208000089,1009,236,773
208000090,1002,330,672
208000093,122,140,-18
208000094,374,245,129
208000095,545,354,191
208000104,1270,583,687
208000105,704,677,27
208000114,120,363,-243
208000115,543,212,331
208000116,716,912,-196
208000117,98,141,-43
208000118,106,185,-79
208000155,578,1048,-470
208000158,1099,3237,-2138
208000186,1953,3018,-1065
208000204,699,923,-224
208000205,1280,719,561
208000282,2359,2561,-202
209000004,530,275,255
209000005,49,37,12
209000006,442,193,249
209000007,234,318,-84
209000010,311,109,202
209000011,93,234,-141
209000012,95,85,10
209000013,198,124,74
209000014,321,457,-136
209000025,459,53,406
209000026,821,77,744
209000027,302,409,-107
209000028,315,305,10
209000029,267,507,-240
209000030,242,797,-555
209000031,1656,1192,464
209000034,209,211,-2
209000035,165,203,-38
209000036,269,90,179
209000037,368,130,238
209000038,156,127,29
209000039,65,106,-41
209000040,237,348,-111
209000041,187,306,-119
209000042,197,205,-8
209000043,459,482,-23
209000044,176,579,-403
209000045,811,311,500
209000046,513,321,192
209000047,334,130,204
209000048,552,362,190
209000049,70,44,26
209000050,148,52,96
209000051,174,116,58
209000052,91,120,-29
209000062,39,28,11
209000063,62,25,37
209000064,28,44,-16
209000065,145,18,127
209000066,102,13,89
209000067,147,18,129
209000080,16,154,-138
209000082,61,35,26
209000091,17,44,-27
209000093,37,12,25
209000094,56,97,-41
209000110,41,134,-93
209000111,595,1733,-1138
209000112,1315,488,827
209000113,1636,465,1171
209000114,1074,513,561
209000115,36,44,-8
209000116,277,145,132
209000118,15,57,-42
209000119,8,8,0
209000121,75,310,-235
209000135,67,196,-129
209000142,587,1634,-1047
209000143,51,41,10
209000144,40,138,-98
209000229,253,100,153
209000240,28,132,-104
209000259,30,19,11
209000260,36,566,-530
209000261,7,272,-265
209000262,2,214,-212
209000263,0,151,-151
209000264,0,166,-166
209000265,353,11,342
209000266,110,1,109
209000267,1051,4,1047
209000268,474,61,413
210000037,76,19,57
210000047,74,24,50
210000048,132,12,120
210000049,70,2,68
210000052,76,50,26
210000053,33,17,16
210000054,28,50,-22
210000070,209,9,200
210000071,103,0,103
210000072,34,0,34
210000073,0,18,-18
210000074,0,88,-88
210000075,8,100,-92
210000076,7,157,-150
210000077,9,50,-41
210000078,39,61,-22
210000079,14,9,5
210000080,39,56,-17
210000081,149,31,118
210000082,109,4,105
210000083,76,4,72
210000084,51,1,50
210000085,1,38,-37
210000086,3,78,-75
210000099,56,195,-139
210000100,61,98,-37
210000101,101,105,-4
210000105,29,144,-115
210000159,0,175,-175
210000163,60,203,-143
210000164,180,208,-28
210000168,60,24,36
210000187,0,35,-35
210000188,0,18,-18
210000214,20,0,20
210000219,53,52,1
210000220,142,37,105
210000232,2,27,-25
210000233,38,36,2
210000234,30,91,-61
210000235,70,50,20
210000245,0,44,-44
210000246,20,0,20
210000258,14,60,-46
210000259,239,53,186
210000282,64,184,-120
210000285,3,126,-123
210000286,19,110,-91
210000290,3,3,0
210000295,63,89,-26
210000296,44,28,16
210000320,260,39,221
210000321,124,58,66
210000338,26,40,-14
210000339,135,834,-699
210000340,96,266,-170
210000341,201,280,-79
210000342,198,160,38
210000343,149,183,-34
210000344,109,84,25
210000345,93,190,-97
210000346,48,82,-34
210000347,33,38,-5
210000348,90,24,66
210000349,29,19,10
210000350,115,51,64
210000351,153,46,107
210000352,69,39,30
210000353,64,42,22
210000354,83,32,51
210000355,30,50,-20
210000356,7,46,-39
210000357,39,62,-23
210000358,160,163,-3
210000359,73,44,29
210000360,126,107,19
210000361,175,111,64
210000362,181,203,-22
210000363,358,234,124
210000364,108,148,-40
210000365,109,64,45
210000366,77,52,25
210000367,70,25,45
210000368,93,33,60
210000369,21,21,0
210000370,35,21,14
210000372,15,22,-7
210000373,18,11,7
210000374,45,15,30
210000375,45,36,9
210000376,46,56,-10
210000404,43,98,-55
210000439,37,22,15
210000472,73,0,73
210000482,37,120,-83
210000564,141,201,-60
210000567,0,42,-42
210000568,208,4,204
211000092,81,41,40
211000094,24,8,16
211000169,191,29,162
211000172,19,125,-106
211000209,0,26,-26
211000226,14,16,-2
211000270,27,10,17
211000275,24,3,21
211000276,131,22,109
211000279,10,25,-15
211000281,79,55,24
211507980,1,79,-78
211977296,47,5,42
212000003,135,23,112
212000004,6,20,-14
212000005,7,61,-54
212000006,32,36,-4
212000008,164,64,100
212000009,40,46,-6
212000012,68,39,29
212000013,37,41,-4
212000014,294,93,201
212000015,287,146,141
212000016,435,378,57
212000027,555,265,290
212000028,389,246,143
212000029,245,154,91
212000030,55,28,27
212000031,71,26,45
212000048,33,199,-166
212000049,11,181,-170
212000050,19,12,7
212000051,251,128,123
212000052,201,114,87
212000053,278,254,24
212000054,371,43,328
212000055,283,81,202
212000056,20,18,2
212000057,16,15,1
212000058,89,26,63
212000070,109,104,5
212000077,122,291,-169
212000099,304,171,133
212000108,206,64,142
212000111,278,62,216
212000120,75,45,30
212000138,110,20,90
212000156,4,55,-51
212000158,8,12,-4
212000159,540,34,506
212000160,758,172,586
212000161,69,5,64
212000310,57,21,36
212000311,14,31,-17
212000374,44,11,33
213000001,38,410,-372
213000005,415,122,293
213000006,915,257,658
213000007,79,10,69
213000009,420,411,9
213000010,192,241,-49
213000011,149,72,77
213000012,157,235,-78
213000014,68,12,56
213000015,274,3,271
213000016,387,1,386
213000017,107,0,107
213000018,3,46,-43
213000019,1,82,-81
213000020,120,246,-126
213000021,4,81,-77
213000023,517,258,259
213000033,343,1343,-1000
213000034,569,202,367
213000035,183,193,-10
213000045,241,221,20
213000046,196,149,47
213000047,477,1044,-567
213000056,123,22,101
213000069,69,4,65
213000073,2,65,-63
213000074,86,317,-231
213000075,545,7,538
213000076,27,1,26
213000085,5,44,-39
213000086,18,127,-109
213000091,259,29,230
213000092,110,17,93
213000099,133,1025,-892
213000100,831,249,582
213000101,516,99,417
213000102,603,167,436
213000103,764,628,136
213000104,75,264,-189
213000105,86,1135,-1049
213000106,44,90,-46
213000107,132,244,-112
213000108,48,303,-255
213000109,17,185,-168
213000110,26,133,-107
213000111,2,83,-81
213000112,81,119,-38
213000115,51,9,42
213000116,31,307,-276
213000117,13,344,-331
213000118,666,188,478
213000119,37,385,-348
213000120,113,228,-115
213000122,89,260,-171
213000123,224,574,-350
213000124,150,1135,-985
213000125,168,47,121
213000126,49,129,-80
213000127,87,302,-215
213000128,178,1086,-908
213000129,275,610,-335
213000130,1024,262,762
213000132,567,86,481
213000133,856,85,771
213000134,1007,21,986
213000136,564,25,539
213000137,752,59,693
213000139,139,18,121
213000147,66,5,61
213000148,13,12,1
213000149,34,5,29
213000150,1,233,-232
213000151,1,166,-165
213000152,0,97,-97
213000153,5,139,-134
213000154,48,306,-258
213000155,56,160,-104
213000156,134,269,-135
213000157,782,290,492
213000158,356,724,-368
213000159,712,336,376
213000163,1200,111,1089
213000165,918,324,594
213000171,0,44,-44
213000172,3,189,-186
213000173,3,112,-109
213000174,2,60,-58
213000175,9,50,-41
213000176,72,31,41
213000177,135,5,130
213000178,234,5,229
213000179,296,1,295
213000180,226,0,226
213000184,84,323,-239
213000188,468,83,385
213000189,574,40,534
213000190,814,514,300
213000191,441,220,221
213000192,333,128,205
213000193,410,261,149
213000194,3,94,-91
213000195,39,278,-239
213000196,219,1079,-860
213000197,535,491,44
213000198,25,1,24
213000200,137,496,-359
213000201,30,39,-9
213000202,9,366,-357
213000203,2129,516,1613
213000204,745,49,696
213000205,448,51,397
213000206,430,22,408
213000207,117,5,112
213000208,51,3,48
213000209,134,3,131
213000210,228,4,224
213000211,6,14,-8
213000212,6,51,-45
213000213,22,51,-29
213000218,286,317,-31
213000219,617,18,599
213000220,568,12,556
213000223,129,209,-80
213000224,22,55,-33
213000225,139,21,118
213000226,73,35,38
213000227,980,184,796
213000228,512,67,445
213000229,66,17,49
213000230,447,19,428
213000232,85,419,-334
213000233,9,450,-441
213000234,5,72,-67
213000293,20,56,-36
213000294,87,25,62
213000295,11,67,-56
213000296,75,31,44
213000297,9,56,-47
213000298,13,69,-56
213000299,63,21,42
213000300,10,6,4
213000303,4,24,-20
213000304,4,11,-7
213000305,3,23,-20
213000306,19,47,-28
213000307,80,93,-13
213000308,69,125,-56
213000309,229,75,154
213000310,461,244,217
213000311,184,828,-644
213000315,62,98,-36
213000316,176,54,122
213000322,152,52,100
213000323,178,62,116
213000324,123,29,94
213000325,79,48,31
213000326,55,15,40
213000327,106,25,81
213000328,51,126,-75
213000329,172,26,146
213000340,151,256,-105
213000341,665,74,591
213000346,214,310,-96
213000347,363,516,-153
213000348,5,233,-228
213000349,29,8,21
213000350,290,665,-375
213000366,84,144,-60
213000367,312,15,297
213000379,69,51,18
213000386,31,130,-99
213000406,135,179,-44
213000417,1371,497,874
213000425,305,48,257
213000426,212,34,178
213000427,61,112,-51
213000428,70,100,-30
213000429,8,6,2
213000430,102,328,-226
213000431,30,1,29
213000432,0,44,-44
213000433,22,100,-78
213000434,149,110,39
213000435,202,55,147
213000436,41,50,-9
213000437,1,5,-4
213000438,178,47,131
213000439,44,8,36
213000440,14,223,-209
213000441,2,1,1
213000442,4,26,-22
213000443,403,181,222
213000444,71,26,45
213000445,0,85,-85
213000446,0,26,-26
213000447,11,50,-39
213000448,18,125,-107
213000449,666,19,647
213000450,26,30,-4
213000451,272,93,179
213000452,24,21,3
213000453,34,248,-214
213000455,192,3,189
213000456,0,211,-211
213000481,5,1,4
213000482,29,1,28
213000489,203,51,152
213000491,6,191,-185
213000492,111,0,111
213000493,2,128,-126
213000494,302,115,187
213000495,0,24,-24
213000496,460,119,341
213000497,23,215,-192
213000498,202,72,130
213000499,223,200,23
213000500,753,58,695
213000501,149,35,114
213000502,204,183,21
213000503,2,30,-28
213000504,14,28,-14
213000505,12,0,12
213000506,0,8,-8
213000507,2,92,-90
213900016,0,4,-4
213900244,72,0,72
213900245,0,13,-13
218000003,19,40,-21
218000004,20,28,-8
218000005,30,43,-13
218000006,57,42,15
218000007,17,13,4
218000012,121,118,3
218000013,110,157,-47
218000014,335,310,25
218000019,371,440,-69
218000020,190,260,-70
218000021,28,32,-4
218000022,21,13,8
218000023,2,7,-5
218000024,2,8,-6
218000025,7,20,-13
218000026,9,18,-9
218000027,5,1,4
218000028,1,2,-1
218000029,2,3,-1
218000030,11,14,-3
218000031,15,11,4
218000032,2,25,-23
218000040,2,6,-4
218000046,52,45,7
218000047,9,53,-44
218000048,56,63,-7
218000049,84,60,24
218000050,330,130,200
218000051,53,130,-77
218000052,0,59,-59
218000053,2,22,-20
218000054,7,25,-18
218000055,2,21,-19
218000056,11,12,-1
218000057,7,16,-9
218000064,2,4,-2
218000065,63,27,36
218000066,14,35,-21
218000067,68,37,31
218000068,118,41,77
218000069,304,77,227
218000070,251,154,97
218000071,146,137,9
218000072,151,188,-37
218000078,902,350,552
218000079,194,48,146
218000080,190,51,139
218000081,652,101,551
218000082,67,69,-2
218000083,75,37,38
218000084,216,103,113
218000085,204,225,-21
218000086,100,88,12
218000087,226,75,151
218000090,16,120,-104
218000091,1100,514,586
218000092,103,92,11
218000093,87,40,47
218000094,382,384,-2
218000099,244,616,-372
218000100,330,259,71
218000101,284,146,138
218000102,490,135,355
218000103,107,88,19
218000104,92,38,54
218000105,12,34,-22
218000106,9,11,-2
218000107,81,40,41
218000108,0,27,-27
218000112,49,38,11
218000117,57,52,5
218000134,500,284,216
218000135,17,68,-51
218000136,170,99,71
218000137,157,116,41
218000138,49,115,-66
218000139,147,226,-79
218000140,486,157,329
218000141,86,38,48
218000142,235,109,126
218000143,69,441,-372
218000144,30,114,-84
218000145,505,309,196
218000146,120,143,-23
218000151,14,15,-1
218000152,139,32,107
218000153,11,5,6
218000154,15,5,10
218000155,52,5,47
218000156,128,13,115
218000157,43,11,32
218000158,10,20,-10
218000159,1,10,-9
218000160,11,2,9
218000161,55,2,53
218000162,41,2,39
218000163,16,3,13
218000164,60,6,54
218000165,112,30,82
218000170,3,28,-25
218000171,49,4,45
218000172,12,7,5
218000173,29,15,14
218000174,30,7,23
218000176,237,42,195
218000177,320,216,104
218000178,66,224,-158
218000179,101,56,45
218000180,90,31,59
218000181,179,50,129
218000187,12,40,-28
218000188,17,45,-28
218000189,36,69,-33
218000190,19,20,-1
218000191,220,39,181
218000192,235,140,95
218000193,461,224,237
218000194,131,217,-86
218000195,131,31,100
218000196,432,234,198
218000197,579,215,364
218000198,23,96,-73
218000199,82,15,67
218000200,60,32,28
218000201,39,8,31
218000202,61,280,-219
218000207,8,14,-6
218000208,27,41,-14
218000211,23,15,8
218000212,0,10,-10
218000213,109,130,-21
218000214,5,49,-44
218000215,38,37,1
218000217,8,32,-24
218000218,226,43,183
218000219,9,15,-6
218000220,37,342,-305
218000221,447,239,208
218000222,5,18,-13
218000223,50,423,-373
218000224,12,223,-211
218000225,211,46,165
218000226,215,62,153
218000230,0,9,-9
218000232,25,45,-20
218000239,108,31,77
218000240,8,6,2
218000241,29,0,29
218000242,8,4,4
218000243,15,1,14
218000244,28,0,28
218000245,19,2,17
218000246,2,3,-1
218000247,0,0,0
218000248,0,26,-26
218000249,2,2,0
218000250,5,5,0
218000251,9,88,-79
218000252,8,349,-341
218000253,1,242,-241
218000254,0,61,-61
218000255,7,31,-24
218000256,14,100,-86
218000267,359,723,-364
218000268,5,29,-24
218000269,1,6,-5
218000270,94,39,55
218000271,6,22,-16
218000273,63,6,57
218000274,19,1,18
218000275,40,53,-13
218000276,27,18,9
218000278,4,26,-22
218000279,81,29,52
218000280,3,14,-11
218000281,21,5,16
218000282,408,628,-220
218000284,70,5,65
218000301,88,156,-68
218000302,98,30,68
218000303,18,33,-15
218000316,698,563,135
218000317,1419,445,974
218000318,1215,318,897
218000319,1145,517,628
218000320,747,428,319
218000338,35,28,7
218000345,47,58,-11
218000346,30,186,-156
218000459,22,96,-74
218000490,23,34,-11
218000501,140,28,112
218000502,65,25,40
218000503,104,18,86
218000504,121,42,79
218000505,55,68,-13
218000506,32,137,-105
218000508,3,3,0
218000510,115,14,101
218000520,91,106,-15
218000521,2,31,-29
218000522,0,99,-99
218000523,130,0,130
218000524,18,181,-163
218000525,150,20,130
218000526,15,152,-137
218000529,32,68,-36
218000530,17,2,15
218000531,17,16,1
218000532,23,21,2
218000534,179,21,158
218000537,28,60,-32
218000538,99,755,-656
218000540,114,152,-38
218000543,153,44,109
218000544,37,47,-10
218000545,103,77,26
218000546,63,61,2
218000547,146,151,-5
218000548,115,94,21
218000549,653,456,197
218000550,176,148,28
218000551,91,571,-480
218000552,228,71,157
218000553,27,63,-36
218000554,37,37,0
218000555,24,24,0
218000556,131,108,23
218000557,301,75,226
218000558,74,3,71
218000559,1,24,-23
218000560,0,32,-32
218000561,8,0,8
218000562,19,153,-134
218000563,207,33,174
218000564,2,113,-111
218000565,105,27,78
218000566,148,32,116
218000567,1,161,-160
218000568,41,1,40
218000569,4,238,-234
218000570,91,13,78
218000571,0,114,-114
218000572,114,2,112
218000573,5,201,-196
218000574,34,22,12
218000575,85,1,84
218000576,1,96,-95
218000577,108,3,105
218000578,1,89,-88
218000579,36,52,-16
218000581,9,70,-61
218000582,77,9,68
218000583,14,0,14
218000584,2,20,-18
218000585,33,14,19
218000586,9,59,-50
218000587,2,2,0
218000588,0,2,-2
218000589,1,11,-10
218000590,2,5,-3
218000591,1,7,-6
218000592,13,20,-7
218000593,0,4,-4
218000594,0,3,-3
218000595,0,0,0
218000596,0,0,0
218000597,0,0,0
218000598,0,1,-1
218000599,0,1,-1
218000600,0,1,-1
218000601,0,0,0
218000602,1,3,-2
218000603,0,5,-5
218000604,41,23,18
218000605,0,49,-49
218000606,125,0,125
218000607,14,36,-22
218000608,75,23,52
218000609,16,50,-34
218000610,87,8,79
218000611,19,1,18
218000612,8,52,-44
218000613,45,2,43
218000614,1,36,-35
218000615,134,7,127
218000616,2,80,-78
218000617,13,0,13
218000618,5,22,-17
218000619,54,38,16
218000620,36,47,-11
218000621,0,4,-4
218000622,2,40,-38
218000623,50,2,48
218000624,1,26,-25
218000625,3,0,3
218000626,1,14,-13
218000628,190,52,138
218000631,27,17,10
218000632,4,179,-175
218000633,83,0,83
218000634,2,29,-27
218000635,21,30,-9
218000636,776,470,306
218000637,1103,260,843
218000638,323,36,287
218000639,41,65,-24
218000640,435,29,406
218000641,84,132,-48
218000652,37,15,22
218000653,209,85,124
218000663,4,60,-56
218000675,29,21,8
218000676,2,15,-13
218000677,18,2,16
218000680,142,211,-69
218000681,301,118,183
218000691,145,103,42
218000693,384,89,295
218000703,7,13,-6
218000718,72,568,-496
218000719,125,428,-303
218000720,5,339,-334
218000721,89,26,63
218000725,10,2,8
218001214,8,287,-279
218001258,79,1,78
218001329,92,95,-3
218001330,42,41,1
218001351,17,9,8
218001352,7,12,-5
218001353,8,5,3
218001354,4,14,-10
218001356,476,12,464
218001358,245,4,241
218001361,313,12,301
219000001,57,57,0
219000002,29,48,-19
219000003,64,73,-9
219000004,23,51,-28
219000017,51,90,-39
219000020,134,30,104
219000022,103,3,100
219000023,67,0,67
219000029,0,53,-53
219000034,32,33,-1
219000039,89,186,-97
219000040,58,111,-53
219000041,154,41,113
219000051,0,40,-40
219000052,0,25,-25
219000053,1,51,-50
219000054,22,70,-48
219000055,280,1,279
219000056,11,1,10
219000057,57,1,56
219000062,9,64,-55
219000063,97,2,95
219000064,0,39,-39
219000110,270,86,184
219000111,68,41,27
219000112,176,75,101
219000113,167,39,128
219000114,134,54,80
219000116,175,29,146
219000117,170,83,87
219000118,146,73,73
219000123,140,50,90
219000124,42,44,-2
219000125,17,12,5
219000126,51,74,-23
219000127,0,11,-11
219000128,15,92,-77
219000129,22,137,-115
219000130,168,399,-231
219000131,485,823,-338
219000133,42,59,-17
219000134,12,29,-17
219000135,25,67,-42
219000136,76,153,-77
219000138,84,25,59
219000139,55,27,28
219000140,68,1,67
219000141,42,57,-15
219000142,26,49,-23
219000143,6,32,-26
219000145,9,37,-28
219000146,17,21,-4
219000147,6,10,-4
219000148,1,24,-23
219000149,9,35,-26
219000150,4,40,-36
219000151,2,24,-22
219000157,220,81,139
219000158,116,144,-28
219000161,122,4,118
219000163,734,444,290
219000166,103,154,-51
219000167,73,119,-46
219000168,223,83,140
219000174,413,128,285
219000175,97,4,93
219000176,161,6,155
219000177,111,1,110
219000178,81,1,80
219000179,17,10,7
219000180,34,27,7
219000182,155,13,142
219000183,101,26,75
219000184,101,8,93
219000185,3,21,-18
219000186,78,15,63
219000187,14,82,-68
219000189,29,142,-113
219000190,66,171,-105
219000191,189,1419,-1230
219000192,156,141,15
219000193,125,79,46
219000195,1,45,-44
219000196,5,86,-81
219000198,14,60,-46
219000199,49,119,-70
219000200,31,97,-66
219000201,48,156,-108
219000203,17,99,-82
219000204,74,267,-193
219000205,65,222,-157
219000207,73,169,-96
219000209,30,23,7
219000210,16,61,-45
219000213,5,113,-108
219000239,163,167,-4
219000240,181,329,-148
219000241,122,88,34
219000242,49,105,-56
219000243,90,225,-135
219000244,24,43,-19
219000245,18,38,-20
219000246,27,34,-7
219000247,224,27,197
219000248,421,370,51
219000249,176,112,64
219000250,186,101,85
219000251,561,200,361
219000252,256,149,107
219000253,378,71,307
219000255,143,97,46
219000256,200,62,138
219000257,98,0,98
219000262,87,50,37
219000263,52,70,-18
219000267,3,40,-37
219000268,1,8,-7
219000269,6,2,4
219000270,7,0,7
219000271,168,5,163
219000278,1,1,0
219000279,0,1,-1
219000283,0,10,-10
219000295,19,74,-55
219000296,61,188,-127
219000297,26,53,-27
219000298,20,44,-24
219000299,343,49,294
219000300,35,70,-35
219000301,149,252,-103
219000302,30,214,-184
219000307,24,23,1
219000308,45,51,-6
219000311,211,61,150
219000312,533,132,401
219000313,368,38,330
219000314,32,152,-120
219000315,271,39,232
219000316,568,59,509
219000317,171,8,163
219000320,1,40,-39
219000321,0,12,-12
219000323,13,29,-16
219000325,1,6,-5
219000326,48,34,14
219000327,37,31,6
219000328,19,33,-14
219000329,301,76,225
219000330,34,30,4
219000331,76,40,36
219000332,129,80,49
219000333,35,2,33
219000335,96,1,95
219000337,30,0,30
219000338,41,1,40
219000344,19,59,-40
219000345,33,59,-26
219000346,27,51,-24
219000348,187,51,136
219000349,67,76,-9
219000350,113,427,-314
219000351,2,12,-10
219000352,382,133,249
219000353,120,47,73
219000354,225,87,138
219000355,152,47,105
219000356,452,1386,-934
219000363,149,65,84
219000364,88,53,35
219000365,109,21,88
219000366,202,390,-188
219000368,257,478,-221
219000370,642,581,61
219000371,9,27,-18
219000382,9,15,-6
219000383,234,1298,-1064
219000385,339,442,-103
219000386,460,1658,-1198
219000387,1,13,-12
219000390,4,0,4
219000391,0,0,0
219000397,36,37,-1
219000398,56,36,20
219000401,8,57,-49
219000402,48,73,-25
219000403,113,264,-151
219000404,13,131,-118
219000407,3,25,-22
219000409,70,47,23
219000410,114,34,80
219000411,95,11,84
219000446,55,375,-320
219000447,1,19,-18
219000448,6,12,-6
219000452,74,81,-7
219000453,47,167,-120
219000454,127,281,-154
219000556,287,72,215
219000558,126,71,55
219000590,25,134,-109
219000591,134,64,70
219000592,64,190,-126
219000595,8,14,-6
219000635,148,34,114
219000636,56,37,19
219000657,18,23,-5
219000658,44,153,-109
219000673,1,80,-79
219000676,21,21,0
219000679,29,2,27
219000684,118,2,116
219000685,0,42,-42
219000686,0,2,-2
219000688,0,30,-30
219000689,22,146,-124
219000690,81,23,58
219000691,54,148,-94
219000692,104,33,71
219000693,0,22,-22
219000694,26,0,26
219000695,42,1,41
219000698,11,0,11
219000699,0,10,-10
219000727,4,47,-43
219000728,79,0,79
219000770,51,2,49
219000771,0,41,-41
219000788,217,210,7
219001150,0,30,-30
219001151,0,4,-4
219001166,22,46,-24
219001167,2,44,-42
219001178,55,1,54
220000001,21,105,-84
220000002,13,60,-47
220000003,247,115,132
220000004,287,218,69
220000005,539,1529,-990
220000006,111,591,-480
220000007,329,182,147
220000008,298,326,-28
220000009,216,241,-25
220000010,95,55,40
220000011,369,2899,-2530
220000012,62,245,-183
220000014,135,35,100
220000015,56,358,-302
220000017,27,195,-168
220000018,4358,2022,2336
220000019,69,334,-265
220000020,377,138,239
220000021,734,121,613
220000022,1097,260,837
220000023,329,143,186
220000024,1155,369,786
220000025,1023,1725,-702
220000026,264,649,-385
220000027,14,122,-108
220000028,66,72,-6
220000029,38,56,-18
220000030,28,37,-9
220000031,587,286,301
220000064,29,870,-841
221000046,3,0,3
221000047,0,0,0
221000048,0,0,0
221000049,0,7,-7
221000050,20,0,20
221000055,22,52,-30
221000057,57,2,55
221000068,251,99,152
221000069,345,47,298
221000070,238,19,219
221000071,98,14,84
221000072,238,9,229
221000073,179,37,142
221000074,3,18,-15
221000075,19,16,3
221000076,15,20,-5
221000077,21,51,-30
221000081,15,5,10
221000082,51,8,43
221000083,6,6,0
221000084,14,4,10
221000085,11,22,-11
221000086,12,63,-51
221000087,3,104,-101
221000088,11,123,-112
221000089,21,185,-164
221000090,67,462,-395
221000098,126,5,121
221000099,170,6,164
221000100,96,5,91
221000101,183,9,174
221000102,137,17,120
221000109,13,64,-51
221000110,5,47,-42
221000111,8,85,-77
221000112,3,77,-74
221000113,13,71,-58
221000114,9,75,-66
221000120,32,42,-10
221000121,8,43,-35
221000122,36,26,10
221000123,1,9,-8
221000124,31,78,-47
221000155,104,9,95
221000156,67,43,24
221000175,1,6,-5
221000176,1,2,-1
221000182,53,3,50
221000241,467,295,172
221000242,148,232,-84
221000243,585,195,390
221000244,282,323,-41
221000245,95,63,32
221000246,30,173,-143
221000247,117,82,35
221000248,132,67,65
221000267,33,515,-482
221000325,29,60,-31
221000331,4,37,-33
221000338,25,39,-14
221000378,251,29,222
221000381,37,44,-7
222000282,6,11,-5
222000296,4,12,-8
222000568,447,19,428
222000569,206,49,157
222000570,169,20,149
222000571,644,44,600
222000577,24,69,-45
222000578,21,95,-74
222000579,21,55,-34
222000580,75,409,-334
222000599,0,107,-107
222000600,2,158,-156
222000601,5,562,-557
222000603,8,34,-26
222000604,6,52,-46
222000605,17,85,-68
222000606,5,50,-45
222000607,8,16,-8
222000608,20,39,-19
222000609,59,82,-23
222000616,556,29,527
222000617,8,31,-23
222000618,8,3,5
222000620,16,19,-3
222000621,51,18,33
222000623,628,12,616
222000624,397,4,393
222000625,886,14,872
222000636,63,1,62
222000686,21,32,-11
222000687,43,24,19
222001066,387,1,386
222001067,43,3,40
222001068,103,19,84
222001069,103,27,76
222001082,14,20,-6
222001083,45,19,26
222001084,0,20,-20
222001085,2,234,-232
222001111,97,47,50
222001112,242,57,185
222001313,88,7,81
222001314,19,90,-71
222001464,49,40,9
222001465,8,91,-83
222001484,197,38,159
222001485,23,31,-8
222001494,803,128,675
222001495,100,108,-8
222001496,461,51,410
222001497,79,129,-50
222001502,12,41,-29
222001503,152,28,124
222001504,29,228,-199
222001505,411,17,394
222001506,57,246,-189
222001507,311,26,285
222001510,744,34,710
222001511,69,139,-70
222001514,883,195,688
222001515,119,194,-75
222001518,571,89,482
222001519,85,98,-13
222001527,208,60,148
222001528,40,83,-43
222001529,462,33,429
222001530,105,100,5
222001533,101,180,-79
222001534,537,42,495
222001535,295,216,79
222001536,69,94,-25
222001537,410,67,343
222001538,74,287,-213
222001563,1062,153,909
222001564,57,161,-104
222001568,185,238,-53
222001576,0,1,-1
222001579,0,9,-9
222001583,15,60,-45
222001584,142,20,122
222001596,436,1258,-822
222001597,1334,639,695
222001626,0,91,-91
222001650,30,232,-202
222001651,43,325,-282
222001914,248,65,183
222001915,52,95,-43
222001968,455,226,229
222001969,265,298,-33
222001970,167,268,-101
222001971,48,11,37
222001972,9,17,-8
225000001,381,110,271
225000002,627,143,484
225000003,722,56,666
225000004,429,184,245
225000005,65,47,18
225000006,0,150,-150
225000007,730,838,-108
225000010,340,27,313
225000011,350,1014,-664
225000012,280,576,-296
225000013,112,96,16
225000014,608,95,513
225000015,68,63,5
225000021,747,144,603
225000027,120,259,-139
225000032,665,88,577
225000042,47,362,-315
225000049,46,55,-9
225000050,97,9,88
225000053,11,203,-192
225000058,566,169,397
225000067,220,72,148
225000068,71,179,-108
225000069,70,295,-225
225000070,91,190,-99
225000071,26,77,-51
225000075,21,425,-404
225000076,35,94,-59
225000078,59,32,27
225000085,104,82,22
225000086,242,80,162
225000087,119,14,105
225000088,18,145,-127
225000089,76,670,-594
225000090,47,317,-270
225000091,135,78,57
225000092,53,41,12
225000093,203,121,82
225000094,16,104,-88
225000095,190,166,24
225000096,183,235,-52
225000098,727,276,451
225000099,349,109,240
225000100,434,92,342
225000104,112,233,-121
225000110,9,202,-193
225000111,156,509,-353
225000112,202,605,-403
225000113,152,424,-272
225000114,104,195,-91
225000115,686,479,207
225000116,524,134,390
225000117,727,246,481
225000118,1167,271,896
225000119,316,62,254
225000120,773,22,751
225000121,115,10,105
225000123,465,15,450
225000125,542,98,444
225000126,597,118,479
225000127,498,1349,-851
225000128,401,777,-376
225000132,397,39,358
225000133,306,35,271
225000134,676,136,540
225000135,82,16,66
225000136,470,21,449
225000137,302,47,255
225000138,419,87,332
225000143,38,159,-121
225000144,4,195,-191
225000145,34,23,11
225000146,45,31,14
225000147,41,96,-55
225000148,5,96,-91
225000149,42,208,-166
225000151,31,101,-70
225000155,261,234,27
225000156,151,612,-461
225000157,275,179,96
225000158,82,136,-54
225000171,4,141,-137
225000180,21,1,20
225000181,1,38,-37
225000182,59,2,57
225000185,0,296,-296
225000187,13,235,-222
225000191,61,5,56
225000194,0,8,-8
225000208,0,40,-40
225000209,104,12,92
225000210,6,185,-179
225000217,1,4,-3
225000218,7,2,5
225000223,0,23,-23
225000224,32,1,31
225000225,0,14,-14
225000226,11,0,11
225000227,31,64,-33
225000228,10,4,6
225000229,1,42,-41
225000230,23,1,22
225000231,0,24,-24
225000232,136,0,136
225000241,45,4,41
225000242,1,11,-10
225000249,8,0,8
225000250,52,356,-304
225000251,428,38,390
225000254,1,4,-3
225000256,1,37,-36
225000257,0,12,-12
226000042,154,223,-69
226000043,38,177,-139
226000044,65,233,-168
226000045,42,156,-114
226000046,481,59,422
226000047,376,79,297
226000048,324,70,254
226000049,306,139,167
226000070,0,7,-7
226000071,0,28,-28
226000072,0,8,-8
226000073,0,9,-9
226000074,0,5,-5
226000084,0,25,-25
226000085,0,2,-2
226000086,0,4,-4
226000087,0,10,-10
226000088,14,56,-42
226000090,94,126,-32
226000091,21,51,-30
226000092,1,37,-36
226000093,11,1,10
226000094,5,3,2
226000095,9,3,6
226000105,5,4,1
226000106,9,1,8
226000107,10,0,10
226000108,22,0,22
226000109,95,0,95
226000124,140,46,94
226000134,1004,555,449
226000135,1775,423,1352
226000136,654,356,298
226000137,6,108,-102
226000138,11,63,-52
226000139,0,30,-30
226000156,228,8,220
226000157,198,2,196
226000163,34,142,-108
226000202,7,108,-101
226000231,377,4,373
226000232,52,8,44
227000033,369,44,325
227000036,410,41,369
227000037,429,25,404
227000038,128,24,104
227000084,0,73,-73
227000085,1,54,-53
227000088,42,2,40
227000089,88,2,86
227000090,30,0,30
227000091,25,1,24
227000092,30,0,30
227000093,138,1,137
227000094,10,0,10
227000130,28,97,-69
227000131,16,102,-86
227000132,4,97,-93
227000133,13,84,-71
227000134,19,164,-145
227000152,0,14,-14
227000153,0,79,-79
227000154,0,49,-49
227000155,4,20,-16
227000156,0,10,-10
227000165,1,85,-84
227000196,468,118,350
227000199,488,164,324
227000230,9,126,-117
227000232,623,35,588
227000242,46,267,-221
227000243,396,54,342
227000245,10,137,-127
227000246,69,199,-130
227000247,492,61,431
227000248,200,32,168
227000249,18,46,-28
227000250,306,168,138
227000251,50,144,-94
227000252,36,96,-60
227000253,181,16,165
227000262,465,40,425
227000266,1566,19,1547
227000267,14,470,-456
227000282,7,51,-44
227000284,615,11,604
227000286,0,39,-39
227000287,11,47,-36
227000291,8,154,-146
227000296,139,132,7
227000484,195,9,186
227000485,6,408,-402
227000655,231,15,216
227000656,586,23,563
227000657,105,8,97
227000661,223,12,211
229000265,17,32,-15
229000296,5,26,-21
229000297,5,24,-19
229000298,6,71,-65
229000320,4,8,-4
229000321,18,1,17
229000412,9,50,-41
229000414,10,44,-34
229000415,14,3,11
229000416,0,8,-8
229000417,2,3,-1
229000419,51,255,-204
229000440,363,65,298
229000442,29,11,18
229000443,7,3,4
229000444,2,29,-27
229000445,67,6,61
229000446,92,7,85
229000491,0,22,-22
229000492,4,40,-36
229000493,12,36,-24
229000494,51,2,49
229000495,161,5,156
229000496,84,0,84
229000507,1,50,-49
229000508,2,32,-30
229000509,2,63,-61
229000510,3,19,-16
229000511,2,18,-16
229000512,0,13,-13
229000513,0,7,-7
229000514,0,1,-1
229000517,4,6,-2
229000518,11,19,-8
229000519,4,6,-2
229000520,17,34,-17
229000521,68,13,55
229000522,14,6,8
229000523,8,6,2
229000524,8,2,6
229000527,0,0,0
229000528,1,1,0
229000529,14,2,12
229000530,99,4,95
229000531,50,5,45
229000532,14,0,14
229000533,70,0,70
229000534,38,0,38
229000564,105,0,105
229000565,42,0,42
229000566,0,5,-5
229000567,1,19,-18
229000582,71,0,71
229000583,4,1,3
229000584,0,10,-10
229000585,0,58,-58
229000718,0,8,-8
229000719,0,3,-3
229000720,0,4,-4
229000721,0,10,-10
229000722,0,4,-4
229000723,0,4,-4
229000724,0,1,-1
229000725,0,4,-4
229000738,1,0,1
229000739,3,0,3
229000740,6,0,6
229000741,29,0,29
229000742,2,0,2
229000743,11,0,11
229000744,1,0,1
229000745,2,0,2
229000746,10,1,9
229000847,83,0,83
229000848,25,0,25
229000849,152,1,151
229000851,63,0,63
229000854,0,3,-3
229000856,0,21,-21
229000857,0,7,-7
229000858,0,17,-17
229000919,2,31,-29
229000930,5,150,-145
229000937,80,11,69
229000966,39,50,-11
229000981,15,14,1
229000985,15,36,-21
229000986,2,7,-5
229000987,0,1,-1
229000988,2,4,-2
229000989,8,7,1
229000990,2,5,-3
229000991,5,2,3
229000992,12,5,7
229000993,176,8,168
229000998,15,43,-28
229000999,84,13,71
229001034,1,20,-19
229001035,3,4,-1
229001037,41,4,37
229001042,45,9,36
229001047,6,29,-23
229001050,28,48,-20
229001168,0,19,-19
229001200,17,4,13
229001338,2,11,-9
229001394,193,4,189
229001422,116,31,85
229001423,12,65,-53
229001431,31,25,6
229001432,17,46,-29
229001444,271,37,234
229001445,33,89,-56
229001479,32,0,32
229001503,199,65,134
229001504,92,51,41
229001505,127,21,106
229001506,60,54,6
229001509,45,14,31
229001545,115,4,111
229001546,5,40,-35
229001553,91,19,72
229001554,34,35,-1
229001630,37,1,36
229001631,7,26,-19
229001635,2,25,-23
229001636,7,0,7
229001658,0,63,-63
229001659,61,1,60
229001660,12,3,9
229001661,13,32,-19
229001662,15,0,15
229001663,0,10,-10
229002584,215,157,58
229002831,110,117,-7
229002841,15,12,3
229002842,40,14,26
229002843,95,19,76
229002844,30,38,-8
229002845,20,130,-110
229002846,39,13,26
229002847,0,12,-12
229002848,19,9,10
229002849,4,124,-120
229002850,11,0,11
229002851,37,260,-223
229002852,219,16,203
229002853,147,8,139
229002854,58,76,-18
229002855,6,28,-22
229002856,42,16,26
229002857,8,178,-170
229002858,17,4,13
229002859,44,169,-125
229002860,271,29,242
229002861,43,61,-18
229002862,23,20,3
229002863,18,15,3
229002864,27,28,-1
229002865,8,17,-9
229002866,12,18,-6
229002867,0,24,-24
229002868,14,8,6
229002869,15,78,-63
229002870,69,12,57
235000066,163,21,142
235000067,71,37,34
235000072,22,56,-34
235000073,77,332,-255
235000074,40,15,25
235000080,24,40,-16
235000081,114,42,72
235000082,160,13,147
235000083,297,45,252
235000084,63,32,31
235000085,177,45,132
235000089,22,17,5
235000092,43,92,-49
235000093,10,7,3
235000097,1,13,-12
235000098,55,5,50
235000099,31,12,19
235000116,23,8,15
235000117,285,14,271
235000133,12,488,-476
235000134,11,161,-150
235000206,8,5,3
235000207,2,9,-7
235000208,5,5,0
235000209,2,0,2
235000210,7,6,1
235000212,4,8,-4
235000213,0,6,-6
235000220,3,3,0
235000221,40,19,21
235000238,5,157,-152
235000239,11,28,-17
235000242,380,789,-409
235000245,258,180,78
235000246,9,77,-68
235000284,13,181,-168
235000295,74,21,53
235000305,282,26,256
235000306,348,9,339
235000307,14,1,13
235000308,10,1,9
235000309,52,0,52
235000310,39,0,39
235000311,61,38,23
235000322,0,44,-44
235000323,0,43,-43
235000324,0,25,-25
235000325,1,64,-63
235000326,7,91,-84
235000351,9,83,-74
235000352,15,57,-42
235000353,3,49,-46
235000354,7,89,-82
235000355,17,95,-78
235000356,65,2,63
235000357,56,3,53
235000358,22,8,14
235000359,19,12,7
235000360,61,5,56
235000361,43,3,40
235000381,64,28,36
235000382,182,12,170
235000390,7,8,-1
235000391,182,15,167
235000392,220,220,0
235000393,146,107,39
235000395,138,25,113
235000396,521,56,465
235000400,77,41,36
235000401,10,81,-71
235000405,97,107,-10
235000406,27,104,-77
235000407,39,49,-10
235000409,88,52,36
235000410,24,120,-96
235000411,0,27,-27
235000485,0,13,-13
235000486,10,1,9
235000549,101,74,27
235000550,132,62,70
235000599,188,36,152
235000600,4,18,-14
235000601,22,16,6
235000602,82,32,50
235000614,0,4,-4
235000648,0,7,-7
235000649,25,6,19
235000685,2,4,-2
235000815,18,173,-155
235000834,0,5,-5
235000855,50,21,29
235000862,37,57,-20
235000891,0,12,-12
235000892,19,3,16
235000901,98,40,58
235000907,14,12,2
235001010,94,27,67
235001029,215,138,77
235001030,347,190,157
235001078,74,78,-4
235001079,27,52,-25
235001147,7,26,-19
235001166,10,21,-11
235001167,37,21,16
235001169,22,317,-295
235001188,0,14,-14
235001189,7,1,6
235001197,1,15,-14
235001200,66,51,15
235001207,120,14,106
235001210,10,54,-44
235001215,18,82,-64
235001239,1,30,-29
235001244,0,19,-19
235016267,0,73,-73
277101746,0,1,-1
277102712,0,0,0
277103813,0,0,0
277103814,0,0,0
277103898,0,1,-1
277104249,0,0,0
277104250,0,8,-8
277104251,0,5,-5
277104252,0,1,-1
990011530,1,160,-159
990014944,1,280,-279
990015176,28,4,24
990015618,0,88,-88
990016032,0,174,-174
990032570,10,370,-360
990070001,63,0,63
990070103,0,0,0
990070601,1,50,-49
990070751,1248,0,1248
990070766,1,194,-193
990071180,493,130,363
990071343,17,0,17
990071387,1,17,-16
990071823,345,23,322
990072600,7,1249,-1242
990072964,0,267,-267
990073285,0,1,-1
990074393,1,484,-483
990074870,1723,23,1700
990075106,765,2,763
990075746,648,9,639
990076437,2009,7,2002
990076458,8,289,-281
997000007,329,4,325
997000041,2,217,-215
997000058,67,1,66
997000062,28,1,27
997000069,0,2,-2
997000070,0,32,-32
997000100,39,0,39
997000141,6,1476,-1470
997000198,1,673,-672
998000475,0,0,0
998000736,1,82,-81
998000965,0,11,-11
998001031,1,54,-53
998001700,0,18,-18
998001899,0,1,-1
998001900,5,1,4
998003073,959,11,948
998101900,0,0,0
998102850,6,308,-302
998501927,573,991,-418
998501929,180,39,141
998501930,47,0,47
998501931,165,26,139
998501932,2,0,2
998501933,67,0,67
998501937,97,79,18
998501944,10,0,10
998501970,98,33,65
998501971,0,45,-45
998501973,0,26,-26
998501974,4,161,-157
998501975,97,3,94
998501976,66,20,46
998501977,1,8,-7
998501978,17,1,16
998501979,0,7,-7
998501980,197,76,121
998501981,83,1,82
998501982,0,118,-118
998502006,0,0,0
998502024,0,4,-4
998502032,0,1,-1
998502062,34,25,9
998502063,0,0,0
998502173,6,0,6
998502269,0,1,-1
998601159,1,76,-75
998601292,2,12,-10
999033574,1,198,-197
999800001,69,18,51
999800002,3,0,3
999800003,5,1,4
999800004,0,1,-1
999800005,0,7,-7
