dong,insum,outsum,diff
강남구 개포1동,539,746,-207
강남구 개포2동,8193,5536,2657
강남구 개포4동,6181,5954,227
강남구 논현1동,13414,12795,619
강남구 논현2동,6146,8412,-2266
강남구 대치1동,4341,5857,-1516
강남구 대치2동,10442,12668,-2226
강남구 대치4동,10540,7926,2614
강남구 도곡1동,8094,10402,-2308
강남구 도곡2동,4085,3538,547
강남구 삼성1동,14159,16794,-2635
강남구 삼성2동,5777,8811,-3034
강남구 세곡동,22303,9563,12740
강남구 수서동,6557,15967,-9410
강남구 신사동,5517,7253,-1736
강남구 압구정동,11628,15781,-4153
강남구 역삼1동,24265,26714,-2449
강남구 역삼2동,10474,10503,-29
강남구 일원1동,5394,5562,-168
강남구 일원2동,1097,973,124
강남구 일원본동,7973,5629,2344
강남구 청담동,9820,13919,-4099
강동구 강일동,16539,5369,11170
강동구 고덕제1동,4340,2463,1877
강동구 고덕제2동,4292,11425,-7133
강동구 길동,8101,4540,3561
강동구 둔촌제1동,45,562,-517
강동구 둔촌제2동,4578,4923,-345
강동구 명일제1동,7408,5773,1635
강동구 명일제2동,4167,3723,444
강동구 상일동,8575,11868,-3293
강동구 성내제1동,4341,2757,1584
강동구 성내제2동,5842,6733,-891
강동구 성내제3동,5433,5577,-144
강동구 암사제1동,6403,1866,4537
강동구 암사제2동,1405,4099,-2694
강동구 암사제3동,1533,334,1199
강동구 천호제1동,3068,1232,1836
강동구 천호제2동,8383,9163,-780
강동구 천호제3동,4385,3753,632
강북구 미아동,7623,8108,-485
강북구 번1동,14230,16264,-2034
강북구 번2동,6601,3494,3107
강북구 번3동,15031,4051,10980
강북구 삼각산동,5558,1612,3946
강북구 삼양동,10874,3680,7194
강북구 송중동,20086,21861,-1775
강북구 송천동,23964,13343,10621
강북구 수유1동,16130,6997,9133
강북구 수유2동,11764,3235,8529
강북구 수유3동,17922,27879,-9957
강북구 우이동,10648,5726,4922
강북구 월곡제1동,1299,866,433
강북구 인수동,10764,4390,6374
강서구 가양제1동,6971,8222,-1251
강서구 가양제2동,1737,987,750
강서구 가양제3동,2280,1045,1235
강서구 공항동,6670,7629,-959
강서구 등촌제1동,6960,9653,-2693
강서구 등촌제2동,6089,2423,3666
강서구 등촌제3동,8490,9612,-1122
강서구 발산제1동,11863,9613,2250
강서구 방화제1동,6313,5536,777
강서구 방화제2동,5698,6703,-1005
강서구 방화제3동,1954,785,1169
강서구 염창동,7675,3876,3799
강서구 우장산동,8700,7176,1524
강서구 화곡본동,8040,3945,4095
강서구 화곡제1동,20203,19071,1132
강서구 화곡제2동,8024,2173,5851
강서구 화곡제3동,3892,5907,-2015
강서구 화곡제4동,6958,3520,3438
강서구 화곡제6동,12159,7556,4603
강서구 화곡제8동,7319,9016,-1697
관악구 낙성대동,11251,20508,-9257
관악구 난곡동,17538,3494,14044
관악구 난향동,8753,1932,6821
관악구 남현동,8212,7624,588
관악구 대학동,17587,10524,7063
관악구 미성동,15898,9196,6702
관악구 보라매동,10291,6449,3842
관악구 삼성동,14012,7172,6840
관악구 서림동,18401,4795,13606
관악구 서원동,20355,34609,-14254
관악구 성현동,14657,3679,10978
관악구 신림동,16544,25938,-9394
관악구 신사동,8298,5671,2627
관악구 신원동,3340,1413,1927
관악구 은천동,12155,10404,1751
관악구 인헌동,7605,5779,1826
관악구 조원동,13187,30508,-17321
관악구 중앙동,3819,1775,2044
관악구 청룡동,10878,12618,-1740
관악구 청림동,5299,998,4301
관악구 행운동,15264,14397,867
광진구 광장동,4176,3016,1160
광진구 구의제1동,6177,4714,1463
광진구 구의제2동,8458,5973,2485
광진구 구의제3동,2955,7443,-4488
광진구 군자동,8957,7086,1871
광진구 능동,6299,4912,1387
광진구 자양제1동,2623,1495,1128
광진구 자양제2동,13488,7089,6399
광진구 자양제3동,3187,1427,1760
광진구 자양제4동,9208,8954,254
광진구 중곡제1동,4974,3012,1962
광진구 중곡제2동,6736,5795,941
광진구 중곡제3동,6052,2520,3532
광진구 중곡제4동,5133,1904,3229
광진구 화양동,5670,8331,-2661
구로구 가리봉동,5169,6264,-1095
구로구 개봉제1동,19036,17098,1938
구로구 개봉제2동,12924,12748,176
구로구 개봉제3동,7294,2532,4762
구로구 고척제1동,13923,7684,6239
구로구 고척제2동,15824,4156,11668
구로구 구로제1동,8063,5566,2497
구로구 구로제2동,16458,14056,2402
구로구 구로제3동,14121,23950,-9829
구로구 구로제4동,10836,8935,1901
구로구 구로제5동,9163,17877,-8714
구로구 수궁동,15454,15627,-173
구로구 신도림동,11924,22710,-10786
구로구 오류제1동,8997,5065,3932
구로구 오류제2동,8964,6959,2005
구로구 항동,4827,1607,3220
금천구 가산동,20578,26963,-6385
금천구 독산제1동,20918,20011,907
금천구 독산제2동,14645,4871,9774
금천구 독산제3동,16602,9882,6720
금천구 독산제4동,10300,3523,6777
금천구 미성동,53,65,-12
금천구 시흥제1동,15838,18216,-2378
금천구 시흥제2동,10471,3363,7108
금천구 시흥제3동,6359,6529,-170
금천구 시흥제4동,11356,1516,9840
금천구 시흥제5동,15748,4422,11326
노원구 공릉1동,10203,8843,1360
노원구 공릉2동,11841,12395,-554
노원구 상계10동,4172,3277,895
노원구 상계1동,9494,7053,2441
노원구 상계2동,6284,12599,-6315
노원구 상계3.4동,1654,1176,478
노원구 상계5동,7251,6195,1056
노원구 상계6.7동,6328,7963,-1635
노원구 상계8동,5820,2173,3647
노원구 상계9동,5157,2710,2447
노원구 월계1동,15194,19882,-4688
노원구 월계2동,9690,3924,5766
노원구 월계3동,6692,4554,2138
노원구 중계1동,8387,2040,6347
노원구 중계2.3동,7170,8246,-1076
노원구 중계4동,3669,7330,-3661
노원구 중계본동,10507,2231,8276
노원구 하계1동,9457,7670,1787
노원구 하계2동,5459,5386,73
도봉구 도봉제1동,9538,3579,5959
도봉구 도봉제2동,6404,7806,-1402
도봉구 방학제1동,11138,4599,6539
도봉구 방학제2동,6351,2183,4168
도봉구 방학제3동,13769,2389,11380
도봉구 쌍문제1동,9130,3279,5851
도봉구 쌍문제2동,13384,9060,4324
도봉구 쌍문제3동,6244,14781,-8537
도봉구 쌍문제4동,9056,2303,6753
도봉구 창제1동,7727,14680,-6953
도봉구 창제2동,7895,3463,4432
도봉구 창제3동,9370,2468,6902
도봉구 창제4동,8324,11443,-3119
도봉구 창제5동,4967,5617,-650
동대문구 답십리제1동,11421,9056,2365
동대문구 답십리제2동,12677,6400,6277
동대문구 면목제5동,174,40,134
동대문구 용신동,19771,23166,-3395
동대문구 이문제1동,5243,4366,877
동대문구 이문제2동,2926,2994,-68
동대문구 장안제1동,14121,16039,-1918
동대문구 장안제2동,13558,6775,6783
동대문구 전농제1동,13182,11470,1712
동대문구 전농제2동,12739,5010,7729
동대문구 제기동,17332,19915,-2583
동대문구 청량리동,13928,18918,-4990
동대문구 회기동,2497,4651,-2154
동대문구 휘경제1동,11176,11288,-112
동대문구 휘경제2동,8008,5272,2736
동작구 노량진제1동,20105,31659,-11554
동작구 노량진제2동,10740,10401,339
동작구 대방동,23600,18300,5300
동작구 사당제1동,5544,5439,105
동작구 사당제2동,8539,7331,1208
동작구 사당제3동,7530,2171,5359
동작구 사당제4동,1258,603,655
동작구 사당제5동,5230,1667,3563
동작구 상도제1동,26749,19505,7244
동작구 상도제2동,11560,7919,3641
동작구 상도제3동,9851,4920,4931
동작구 상도제4동,12103,3267,8836
동작구 신대방제1동,5259,4075,1184
동작구 신대방제2동,15471,11483,3988
동작구 흑석동,15207,10938,4269
마포구 공덕동,9329,5864,3465
마포구 대흥동,9639,9007,632
마포구 도화동,2446,3194,-748
마포구 망원제1동,6455,3164,3291
마포구 망원제2동,5421,2129,3292
마포구 상암동,21731,21421,310
마포구 서강동,5160,2594,2566
마포구 서교동,24939,33884,-8945
마포구 성산제1동,5927,3098,2829
마포구 성산제2동,14851,5728,9123
마포구 신수동,2319,1125,1194
마포구 아현동,12888,7872,5016
마포구 연남동,7221,5178,2043
마포구 염리동,1799,1548,251
마포구 용강동,6593,5129,1464
마포구 합정동,4249,7942,-3693
서대문구 남가좌제1동,8812,5189,3623
서대문구 남가좌제2동,14069,6923,7146
서대문구 북가좌제1동,5763,4432,1331
서대문구 북가좌제2동,14889,3592,11297
서대문구 북아현동,7380,5993,1387
서대문구 신촌동,23316,32015,-8699
서대문구 연희동,24615,17992,6623
서대문구 천연동,15340,12453,2887
서대문구 충현동,12813,20460,-7647
서대문구 홍은제1동,12826,6852,5974
서대문구 홍은제2동,20086,10254,9832
서대문구 홍제제1동,14918,14411,507
서대문구 홍제제2동,6928,2467,4461
서대문구 홍제제3동,11041,8665,2376
서초구 내곡동,6852,12356,-5504
서초구 반포1동,11323,7466,3857
서초구 반포2동,2238,2985,-747
서초구 반포3동,5329,7905,-2576
서초구 반포4동,8858,19848,-10990
서초구 반포본동,4714,5199,-485
서초구 방배1동,6664,4631,2033
서초구 방배2동,8066,9530,-1464
서초구 방배3동,7591,6746,845
서초구 방배4동,8645,6724,1921
서초구 방배본동,5736,3386,2350
서초구 서초1동,6650,7659,-1009
서초구 서초2동,13374,20750,-7376
서초구 서초3동,13608,15412,-1804
서초구 서초4동,13496,9920,3576
서초구 양재1동,32215,25622,6593
서초구 양재2동,14997,12417,2580
서초구 잠원동,9086,9162,-76
성동구 금호1가동,4911,2233,2678
성동구 금호2.3가동,6482,5150,1332
성동구 금호4가동,5148,1901,3247
성동구 마장동,6242,8229,-1987
성동구 사근동,2887,3819,-932
성동구 성수1가제1동,3647,4199,-552
성동구 성수1가제2동,1990,3861,-1871
성동구 성수2가제1동,4456,2141,2315
성동구 성수2가제3동,2983,4771,-1788
성동구 송정동,4032,2100,1932
성동구 옥수동,5263,5213,50
성동구 왕십리도선동,5956,5297,659
성동구 왕십리제2동,5975,4260,1715
성동구 용답동,5830,4855,975
성동구 응봉동,5021,1625,3396
성동구 행당제1동,4105,8064,-3959
성동구 행당제2동,7574,5305,2269
성북구 길음제1동,16955,16065,890
성북구 길음제2동,5084,9022,-3938
성북구 돈암제1동,11935,7817,4118
성북구 돈암제2동,7230,1666,5564
성북구 동선동,9613,13928,-4315
성북구 보문동,5772,3594,2178
성북구 삼선동,13410,10945,2465
성북구 석관동,7128,5883,1245
성북구 성북동,13874,13427,447
성북구 안암동,4506,6671,-2165
성북구 월곡제1동,10075,6616,3459
성북구 월곡제2동,3492,3974,-482
성북구 장위제1동,11278,4435,6843
성북구 장위제2동,7094,6171,923
성북구 장위제3동,5046,3686,1360
성북구 정릉제1동,8964,6153,2811
성북구 정릉제2동,16357,5428,10929
성북구 정릉제3동,4993,4639,354
성북구 정릉제4동,14522,6072,8450
성북구 종암동,21419,12444,8975
송파구 가락1동,3009,1627,1382
송파구 가락2동,8940,5845,3095
송파구 가락본동,8019,9737,-1718
송파구 거여1동,3167,1721,1446
송파구 거여2동,987,510,477
송파구 마천1동,5291,2315,2976
송파구 마천2동,8452,3067,5385
송파구 문정1동,3462,2057,1405
송파구 문정2동,8687,14303,-5616
송파구 방이1동,4277,1837,2440
송파구 방이2동,7428,6941,487
송파구 삼전동,9095,3315,5780
송파구 석촌동,9951,9446,505
송파구 송파1동,7530,5164,2366
송파구 송파2동,3485,1818,1667
송파구 오금동,9515,7980,1535
송파구 오륜동,3329,5119,-1790
송파구 위례동,10542,3695,6847
송파구 잠실2동,1834,3243,-1409
송파구 잠실3동,12504,19038,-6534
송파구 잠실4동,374,629,-255
송파구 잠실6동,3964,11115,-7151
송파구 잠실7동,2803,4372,-1569
송파구 잠실본동,9621,7263,2358
송파구 장지동,9821,3844,5977
송파구 풍납1동,6089,2608,3481
송파구 풍납2동,6603,9727,-3124
양천구 목1동,7804,12100,-4296
양천구 목2동,11189,11410,-221
양천구 목3동,11635,9335,2300
양천구 목4동,13274,3672,9602
양천구 목5동,11957,7990,3967
양천구 신월1동,6839,2198,4641
양천구 신월2동,7559,3011,4548
양천구 신월3동,6200,3938,2262
양천구 신월4동,7150,3329,3821
양천구 신월5동,6118,4064,2054
양천구 신월6동,5333,2872,2461
양천구 신월7동,14770,5028,9742
양천구 신정1동,5497,4576,921
양천구 신정2동,5014,1542,3472
양천구 신정3동,23390,11833,11557
양천구 신정4동,9435,15028,-5593
양천구 신정6동,3361,1848,1513
양천구 신정7동,6571,3369,3202
영등포구 당산제1동,4750,6211,-1461
영등포구 당산제2동,10306,15960,-5654
영등포구 대림제1동,5934,5250,684
영등포구 대림제2동,2562,2948,-386
영등포구 대림제3동,8868,5103,3765
영등포구 도림동,8260,2916,5344
영등포구 문래동,7732,10254,-2522
영등포구 신길제1동,9083,4615,4468
영등포구 신길제3동,10755,3815,6940
영등포구 신길제4동,4080,1271,2809
영등포구 신길제5동,5687,6497,-810
영등포구 신길제6동,8113,4583,3530
영등포구 신길제7동,7922,4865,3057
영등포구 양평제1동,3897,3211,686
영등포구 양평제2동,7913,7750,163
영등포구 여의동,22189,56678,-34489
영등포구 영등포동,17010,25781,-8771
영등포구 영등포본동,8472,11161,-2689
용산구 남영동,15671,17947,-2276
용산구 보광동,5411,1888,3523
용산구 서빙고동,6655,5516,1139
용산구 용문동,1981,888,1093
용산구 용산2가동,6661,3927,2734
용산구 원효로제1동,5818,4359,1459
용산구 원효로제2동,5957,2334,3623
용산구 이촌제1동,5188,5255,-67
용산구 이촌제2동,3863,1110,2753
용산구 이태원제1동,6195,5371,824
용산구 이태원제2동,3710,2051,1659
용산구 청파동,7719,4473,3246
용산구 필동,64,1,63
용산구 한강로동,13927,25718,-11791
용산구 한남동,17632,27635,-10003
용산구 효창동,4512,1781,2731
용산구 후암동,6136,2672,3464
은평구 갈현제1동,10481,3928,6553
은평구 갈현제2동,8951,5034,3917
은평구 구산동,14366,2949,11417
은평구 녹번동,12463,7346,5117
은평구 대조동,14186,25309,-11123
은평구 불광제1동,11500,7473,4027
은평구 불광제2동,13899,10831,3068
은평구 수색동,6911,6506,405
은평구 신사제1동,10818,7922,2896
은평구 신사제2동,11393,9886,1507
은평구 역촌동,17817,6141,11676
은평구 응암제1동,14906,18134,-3228
은평구 응암제2동,9374,2187,7187
은평구 응암제3동,9840,4324,5516
은평구 증산동,9508,10325,-817
은평구 진관동,21937,16504,5433
종로구 가회동,1817,2030,-213
종로구 교남동,2534,1966,568
종로구 무악동,1188,938,250
종로구 부암동,6897,5490,1407
종로구 사직동,12647,27746,-15099
종로구 삼청동,1018,2819,-1801
종로구 숭인제1동,1007,375,632
종로구 숭인제2동,6436,7755,-1319
종로구 이화동,5268,7391,-2123
종로구 종로1.2.3.4가동,22291,54432,-32141
종로구 종로5.6가동,3977,8227,-4250
종로구 창신제1동,6172,4229,1943
종로구 창신제2동,3966,5443,-1477
종로구 창신제3동,2476,1186,1290
종로구 청운효자동,4743,6461,-1718
종로구 충현동,1227,766,461
종로구 평창동,9295,5763,3532
종로구 혜화동,11313,11660,-347
중구 광희동,7089,9226,-2137
중구 다산동,4205,2694,1511
중구 동화동,845,540,305
중구 명동,8717,21066,-12349
중구 소공동,7663,24385,-16722
중구 신당동,5174,3861,1313
중구 신당제5동,4138,4322,-184
중구 약수동,2895,1624,1271
중구 을지로동,1048,5166,-4118
중구 장충동,1755,3386,-1631
중구 중림동,4126,3543,583
중구 청구동,1968,1481,487
중구 필동,1137,2457,-1320
중구 황학동,4045,2802,1243
중구 회현동,14991,34921,-19930
중랑구 망우본동,14283,9877,4406
중랑구 망우제3동,7654,1575,6079
중랑구 면목본동,10924,11609,-685
중랑구 면목제2동,7074,2204,4870
중랑구 면목제3.8동,12057,7249,4808
중랑구 면목제4동,6320,3473,2847
중랑구 면목제5동,5892,2948,2944
중랑구 면목제7동,4114,2783,1331
중랑구 묵제1동,5943,6097,-154
중랑구 묵제2동,3832,1088,2744
중랑구 상봉제1동,6862,4492,2370
중랑구 상봉제2동,8118,11132,-3014
중랑구 신내1동,17946,6179,11767
중랑구 신내2동,10197,8619,1578
중랑구 중화제1동,3826,4989,-1163
중랑구 중화제2동,11393,6779,4614
NA,317328,172342,144986
