ID,insum,outsum,diff
100000001,587,529,58
100000002,3530,667,2863
100000003,7141,2614,4527
100000004,1780,829,951
100000005,1746,2835,-1089
100000006,461,131,330
100000007,1423,420,1003
100000008,214,658,-444
100000009,223,174,49
100000010,42,52,-10
100000011,483,77,406
100000012,91,917,-826
100000013,49,204,-155
100000014,395,314,81
100000015,1376,1226,150
100000016,1291,1444,-153
100000017,802,1101,-299
100000018,1654,553,1101
100000019,5773,1673,4100
100000020,1946,3271,-1325
100000021,7595,2273,5322
100000022,1877,916,961
100000023,7229,1126,6103
100000025,3474,489,2985
100000028,2107,861,1246
100000029,263,186,77
100000030,667,51,616
100000031,6878,4729,2149
100000032,2602,2803,-201
100000033,864,1803,-939
100000034,994,356,638
100000035,2048,785,1263
100000036,3303,964,2339
100000037,474,456,18
100000038,1140,912,228
100000039,569,181,388
100000040,96,92,4
100000041,705,360,345
100000042,665,316,349
100000043,645,363,282
100000044,505,824,-319
100000045,528,1582,-1054
100000046,850,1492,-642
100000047,355,831,-476
100000048,485,663,-178
100000049,1907,2860,-953
100000051,375,1290,-915
100000053,27,6,21
100000054,152,35,117
100000055,457,233,224
100000056,209,539,-330
100000057,1775,829,946
100000058,921,1614,-693
100000059,3,150,-147
100000060,259,296,-37
100000061,1628,468,1160
100000062,1293,498,795
100000063,469,265,204
100000064,816,338,478
100000065,389,1203,-814
100000066,205,1090,-885
100000067,439,1173,-734
100000068,551,2176,-1625
100000069,251,2187,-1936
100000072,453,1295,-842
100000073,1149,1359,-210
100000075,527,378,149
100000076,2306,1708,598
100000077,865,143,722
100000078,116,31,85
100000079,56,28,28
100000080,25,16,9
100000081,104,31,73
100000102,2542,1241,1301
100000103,3969,745,3224
100000104,6140,1174,4966
100000105,4107,734,3373
100000106,3124,1417,1707
100000107,876,406,470
100000108,1182,1087,95
100000109,4269,1138,3131
100000116,1541,668,873
100000117,31,24,7
100000118,1376,889,487
100000119,739,571,168
100000121,255,771,-516
100000122,1235,784,451
100000123,3992,4248,-256
100000124,8100,5784,2316
100000125,3472,788,2684
100000126,786,203,583
100000127,1717,284,1433
100000128,1419,1084,335
100000129,530,330,200
100000130,450,737,-287
100000131,4047,2903,1144
100000132,1807,1923,-116
100000133,9967,2964,7003
100000135,448,824,-376
100000139,245,330,-85
100000140,242,352,-110
100000142,332,587,-255
100000143,886,732,154
100000144,5346,1053,4293
100000147,1043,2106,-1063
100000150,29,540,-511
100000151,715,575,140
100000153,379,263,116
100000154,122,93,29
100000155,8,32,-24
100000156,86,71,15
100000157,19,399,-380
100000158,50,155,-105
100000159,386,425,-39
100000165,1253,681,572
100000169,851,360,491
100000174,2069,443,1626
100000179,70,689,-619
100000180,1399,1266,133
100000181,127,351,-224
100000188,62,398,-336
100000189,644,303,341
100000190,476,415,61
100000191,730,459,271
100000192,111,71,40
100000193,151,170,-19
100000330,2416,535,1881
100000355,188,586,-398
100000362,4944,3848,1096
100000363,2207,3189,-982
100000364,383,130,253
100000365,3713,7015,-3302
100000366,4600,2482,2118
100000367,3115,3872,-757
100000368,2437,2059,378
100000369,1180,1293,-113
100000370,206,295,-89
100000376,121,83,38
100000379,2895,1030,1865
100000380,3840,1728,2112
100000384,6191,2647,3544
100000385,7272,3433,3839
100000386,10809,2972,7837
100000387,8457,4031,4426
100000388,12646,4213,8433
100000389,12232,4174,8058
100000390,11731,3091,8640
100000391,8248,4119,4129
100000392,3989,1489,2500
100000393,1886,1427,459
100000394,7252,3440,3812
100000395,4441,1317,3124
100000396,5109,1814,3295
100000397,3349,1843,1506
100000398,11620,8205,3415
100900002,1,98,-97
100900003,266,76,190
100900004,37,1053,-1016
100900005,118,7,111
100900006,8,293,-285
100900007,638,7,631
100900008,6,546,-540
100900009,38,68,-30
100900010,32,158,-126
100900011,60,435,-375
100900012,0,337,-337
100900013,404,2,402
100900014,0,7,-7
100900015,157,112,45
100900016,4,68,-64
100900017,886,88,798
100900018,0,6,-6
100900019,32,54,-22
100900020,276,1,275
100900021,329,3,326
100900022,11,17,-6
100900023,0,37,-37
100900024,1142,3,1139
100900025,11,17,-6
100900026,61,183,-122
100900027,554,2352,-1798
100900028,109,136,-27
100900029,122,13,109
100900030,1,19,-18
100900031,331,98,233
100900032,140,3,137
100900033,303,125,178
100900034,336,0,336
100900035,800,3,797
100900036,34,0,34
100900037,50,425,-375
100900038,85,23,62
100900039,962,938,24
100900040,210,1165,-955
100900041,345,1227,-882
100900042,676,214,462
100900043,1,10,-9
100900044,2982,353,2629
100900045,54,1,53
100900046,820,9,811
100900047,1053,214,839
100900048,162,33,129
100900049,104,250,-146
100900050,2,31,-29
100900051,36,37,-1
100900052,184,38,146
100900053,218,29,189
100900054,6,140,-134
100900055,199,402,-203
100900056,121,288,-167
100900057,573,736,-163
100900058,174,21,153
100900059,36,1,35
100900060,104,6,98
100900061,312,224,88
100900062,1,83,-82
100900063,115,369,-254
100900064,534,12,522
100900065,85,68,17
100900066,37,62,-25
100900067,4,7,-3
100900068,70,179,-109
100900069,460,6,454
100900070,152,8,144
100900071,812,251,561
100900072,3,95,-92
100900073,80,626,-546
100900074,1,15,-14
100900075,2858,381,2477
100900076,89,70,19
100900077,11,270,-259
100900078,45,182,-137
100900079,13,25,-12
100900080,13,273,-260
100900081,28,89,-61
100900082,53,847,-794
100900083,2,51,-49
100900085,13,67,-54
100900086,144,551,-407
100900088,50,917,-867
100900089,6,25,-19
100900090,69,335,-266
100900091,1,28,-27
100900092,243,163,80
100900093,160,206,-46
100900094,74,794,-720
100900095,4,44,-40
100900096,20,119,-99
100900097,2,7,-5
100900098,16,20,-4
100900099,42,668,-626
100900100,10,267,-257
100900101,450,26,424
100900102,124,54,70
100900103,2,15,-13
100900104,14,232,-218
100900105,15,86,-71
100900106,27,3,24
100900107,1809,579,1230
100900108,4,20,-16
100900109,0,39,-39
100900110,12,59,-47
100900111,42,193,-151
100900112,2,6,-4
100900113,3,17,-14
100900114,3,26,-23
100900115,2,42,-40
100900116,745,571,174
100900117,279,734,-455
100900118,4,52,-48
100900119,0,22,-22
100900120,1,41,-40
100900121,231,424,-193
100900122,171,200,-29
100900123,87,118,-31
100900124,4,5,-1
100900125,14,71,-57
100900126,73,226,-153
100900127,1,4,-3
100900128,92,136,-44
100900129,1,95,-94
100900131,100,150,-50
100900133,37,47,-10
100900134,1,14,-13
100900135,1,181,-180
100900137,307,194,113
100900138,524,345,179
100900139,3,9,-6
100900140,5,781,-776
100900141,1,392,-391
100900142,1,5,-4
100900143,1089,287,802
100900144,13,3,10
100900145,26,139,-113
100900146,5,32,-27
100900147,12,235,-223
100900148,23,1180,-1157
100900149,23,132,-109
100900150,4,27,-23
100900151,114,683,-569
100900152,115,5,110
100900153,0,141,-141
100900154,2,17,-15
100900155,9,19,-10
100900156,32,9,23
100900157,7,84,-77
100900158,1138,440,698
100900159,3,22,-19
100900160,15,22,-7
100900161,118,0,118
100900162,20,180,-160
100900163,183,224,-41
100900164,19,44,-25
100900165,52,65,-13
100900166,40,0,40
100900167,20,94,-74
100900168,22,104,-82
100900169,230,1238,-1008
100900170,10,6,4
100900171,22,831,-809
100900172,2,7,-5
100900173,11,807,-796
100900174,409,94,315
100900176,1323,108,1215
100900177,978,264,714
100900178,337,134,203
100900179,107,54,53
100900180,0,2,-2
100900181,148,36,112
100900182,28,9,19
100900184,8,202,-194
100900186,1034,562,472
100900187,13,155,-142
100900188,36,9,27
100900189,793,126,667
100900191,1424,775,649
100900192,382,199,183
100900195,81,111,-30
100900197,18,149,-131
100900198,25,290,-265
100900199,20,19,1
100900200,679,364,315
100900201,90,1002,-912
100900202,10,0,10
100900203,0,77,-77
100900204,315,240,75
100900205,111,431,-320
100900206,74,33,41
100900207,147,80,67
100900210,92,1052,-960
100900211,337,71,266
100900213,37,12,25
100900214,1136,78,1058
100900215,10,56,-46
100900217,121,30,91
101000001,5299,2403,2896
101000002,4250,3819,431
101000003,915,1604,-689
101000004,10789,7680,3109
101000005,5576,4800,776
101000006,8917,6757,2160
101000007,2811,3077,-266
101000008,4123,3038,1085
101000009,1468,2432,-964
101000010,968,1756,-788
101000011,2507,932,1575
101000012,2119,579,1540
101000013,680,1024,-344
101000014,629,850,-221
101000015,786,883,-97
101000016,446,365,81
101000017,537,482,55
101000018,4123,2708,1415
101000020,4070,1457,2613
101000021,1286,297,989
101000022,564,131,433
101000023,1950,823,1127
101000025,145,374,-229
101000026,359,49,310
101000027,1800,1506,294
101000028,666,178,488
101000029,67,851,-784
101000030,1066,66,1000
101000031,1130,633,497
101000032,7627,2292,5335
101000033,2846,1817,1029
101000034,3276,1098,2178
101000035,1566,336,1230
101000036,1965,334,1631
101000037,5456,1178,4278
101000039,4165,1183,2982
101000040,5757,2860,2897
101000041,20699,3811,16888
101000042,1252,581,671
101000043,14068,3702,10366
101000045,2313,393,1920
101000046,3043,679,2364
101000047,1678,1337,341
101000048,1119,1057,62
101000049,1037,1199,-162
101000050,4137,2898,1239
101000051,4033,1503,2530
101000052,1796,640,1156
101000053,1235,1573,-338
101000054,2300,1618,682
101000055,1620,1023,597
101000056,82,77,5
101000057,3975,648,3327
101000058,2592,847,1745
101000059,4701,1697,3004
101000060,2271,319,1952
101000061,1484,991,493
101000062,1212,513,699
101000063,561,516,45
101000064,1229,386,843
101000065,195,273,-78
101000066,426,246,180
101000067,887,501,386
101000068,381,207,174
101000069,317,72,245
101000070,2107,1330,777
101000071,2523,918,1605
101000072,1219,4367,-3148
101000073,913,604,309
101000074,6416,3707,2709
101000075,8269,4764,3505
101000077,1334,1656,-322
101000078,1220,2047,-827
101000079,482,682,-200
101000080,568,507,61
101000081,1270,1352,-82
101000082,3844,3053,791
101000083,2041,1914,127
101000084,1865,1471,394
101000085,1847,1139,708
101000086,1440,1256,184
101000087,1048,1419,-371
101000088,1140,1115,25
101000089,1062,1552,-490
101000090,2791,1781,1010
101000091,379,2158,-1779
101000092,930,1422,-492
101000093,1564,850,714
101000094,722,1384,-662
101000095,289,970,-681
101000096,258,731,-473
101000097,1539,356,1183
101000098,1027,623,404
101000099,1027,1250,-223
101000100,1086,743,343
101000101,465,417,48
101000102,1150,358,792
101000103,963,495,468
101000104,334,445,-111
101000105,960,367,593
101000106,1471,792,679
101000107,240,358,-118
101000108,1585,459,1126
101000109,165,57,108
101000110,39,918,-879
101000111,166,259,-93
101000113,203,832,-629
101000114,4580,1361,3219
101000115,727,214,513
101000116,206,202,4
101000117,1144,276,868
101000119,241,37,204
101000120,281,22,259
101000121,48,26,22
101000122,100,46,54
101000123,28,44,-16
101000124,214,437,-223
101000125,170,441,-271
101000128,1176,417,759
101000130,403,419,-16
101000131,547,817,-270
101000132,544,2007,-1463
101000135,88,19,69
101000136,290,142,148
101000137,22,262,-240
101000141,2863,1772,1091
101000147,948,603,345
101000148,2893,24,2869
101000149,224,165,59
101000150,46,1254,-1208
101000151,178,106,72
101000152,374,325,49
101000153,694,528,166
101000154,161,2183,-2022
101000155,166,181,-15
101000156,26,282,-256
101000157,49,36,13
101000160,88,67,21
101000163,184,84,100
101000164,521,413,108
101000165,199,420,-221
101000166,467,500,-33
101000168,848,369,479
101000252,1302,846,456
101000254,723,38,685
101000258,45,11,34
101000261,84,301,-217
101000262,853,936,-83
101000263,337,1284,-947
101000265,72,595,-523
101000266,336,302,34
101000269,141,8,133
101000290,2372,1918,454
101000293,45,104,-59
101000294,673,673,0
101000295,177,641,-464
101000301,1013,292,721
101000304,2014,2363,-349
101000305,2764,1691,1073
101900001,9,86,-77
101900002,0,19,-19
101900003,89,137,-48
101900004,11,35,-24
101900005,6835,1348,5487
101900006,1009,27,982
101900007,527,52,475
101900008,107,260,-153
101900009,49,446,-397
101900010,1206,529,677
101900011,377,1504,-1127
101900012,111,447,-336
101900013,1697,127,1570
101900017,27,102,-75
101900018,2014,248,1766
101900019,310,157,153
101900020,666,336,330
101900021,1,64,-63
101900022,113,1841,-1728
101900023,124,310,-186
102000001,2308,4286,-1978
102000002,3125,1452,1673
102000003,4716,5303,-587
102000004,12082,3040,9042
102000005,1638,2017,-379
102000006,1954,1747,207
102000007,1494,3876,-2382
102000008,6720,2089,4631
102000009,5890,7242,-1352
102000010,6945,4073,2872
102000011,2686,2136,550
102000012,3709,3730,-21
102000018,3846,2704,1142
102000019,3093,1605,1488
102000026,271,630,-359
102000029,406,229,177
102000030,84,370,-286
102000031,26,271,-245
102000032,299,494,-195
102000033,169,528,-359
102000034,671,529,142
102000035,1266,796,470
102000036,13,296,-283
102000037,161,118,43
102000038,187,109,78
102000039,182,49,133
102000040,607,126,481
102000041,251,281,-30
102000042,251,95,156
102000043,479,217,262
102000044,372,518,-146
102000045,617,1355,-738
102000046,868,470,398
102000047,844,1346,-502
102000048,260,827,-567
102000049,986,697,289
102000050,935,1167,-232
102000051,445,552,-107
102000052,1443,965,478
102000053,784,834,-50
102000054,298,879,-581
102000055,850,1320,-470
102000056,670,1808,-1138
102000057,1603,735,868
102000058,1329,2612,-1283
102000059,1354,1938,-584
102000060,1219,1188,31
102000061,1220,3097,-1877
102000062,1031,1713,-682
102000063,1233,1663,-430
102000064,457,640,-183
102000065,20,168,-148
102000066,794,1299,-505
102000067,2140,3148,-1008
102000068,10408,2999,7409
102000069,39,2294,-2255
102000070,2076,55,2021
102000071,7785,10147,-2362
102000072,3305,5852,-2547
102000073,1244,1417,-173
102000074,981,1128,-147
102000075,246,427,-181
102000076,239,688,-449
102000077,327,1586,-1259
102000078,750,1093,-343
102000079,132,440,-308
102000080,265,272,-7
102000081,264,1003,-739
102000082,800,346,454
102000083,295,837,-542
102000084,152,449,-297
102000085,1653,1736,-83
102000086,1178,1402,-224
102000087,916,2796,-1880
102000088,216,263,-47
102000089,1128,621,507
102000090,415,1403,-988
102000091,1506,535,971
102000092,598,1228,-630
102000093,644,595,49
102000094,1511,610,901
102000095,1339,1569,-230
102000096,1479,1002,477
102000097,1712,1507,205
102000098,689,1445,-756
102000099,1162,763,399
102000100,1129,1024,105
102000101,1456,520,936
102000102,405,2072,-1667
102000103,1348,407,941
102000104,1138,414,724
102000105,237,1005,-768
102000106,706,1085,-379
102000107,778,768,10
102000108,469,340,129
102000109,409,841,-432
102000110,586,2003,-1417
102000111,9,390,-381
102000112,170,78,92
102000113,16,24,-8
102000114,1143,444,699
102000115,214,207,7
102000116,628,274,354
102000117,272,555,-283
102000118,1847,1039,808
102000119,3072,657,2415
102000120,151,551,-400
102000121,1046,629,417
102000122,549,910,-361
102000123,1684,1212,472
102000124,1112,1022,90
102000125,1021,1078,-57
102000126,635,760,-125
102000127,1044,843,201
102000128,482,1281,-799
102000129,1160,1233,-73
102000130,462,859,-397
102000131,2350,1040,1310
102000132,860,971,-111
102000133,1236,2731,-1495
102000134,502,863,-361
102000135,1026,814,212
102000136,1232,539,693
102000137,1202,951,251
102000138,326,554,-228
102000139,107,479,-372
102000140,246,226,20
102000141,241,613,-372
102000142,197,473,-276
102000143,97,639,-542
102000144,126,586,-460
102000145,261,529,-268
102000146,289,388,-99
102000147,445,360,85
102000148,243,284,-41
102000149,161,737,-576
102000150,187,230,-43
102000151,117,432,-315
102000152,86,195,-109
102000153,841,295,546
102000154,487,768,-281
102000155,104,289,-185
102000156,489,67,422
102000157,120,205,-85
102000158,418,229,189
102000159,1965,384,1581
102000161,5897,1650,4247
102000162,217,128,89
102000163,105,497,-392
102000164,1761,1073,688
102000165,271,169,102
102000166,28,94,-66
102000167,208,191,17
102000168,335,124,211
102000169,126,519,-393
102000170,710,153,557
102000171,141,127,14
102000172,93,223,-130
102000173,274,252,22
102000174,43,79,-36
102000175,149,149,0
102000176,35,47,-12
102000178,269,697,-428
102000179,267,287,-20
102000180,511,689,-178
102000181,446,808,-362
102000182,386,787,-401
102000183,1234,2377,-1143
102000184,1273,1115,158
102000185,2047,2040,7
102000186,839,2429,-1590
102000187,566,2160,-1594
102000188,573,1746,-1173
102000189,3702,1257,2445
102000190,836,2793,-1957
102000191,1464,730,734
102000192,693,1134,-441
102000193,45,188,-143
102000194,59,175,-116
102000195,335,765,-430
102000196,126,701,-575
102000197,410,659,-249
102000198,155,1152,-997
102000199,550,480,70
102000200,282,1692,-1410
102000201,537,649,-112
102000202,3,143,-140
102000203,212,365,-153
102000204,252,1183,-931
102000205,601,783,-182
102000206,569,955,-386
102000207,743,530,213
102000208,329,741,-412
102000209,35,67,-32
102000210,204,594,-390
102000211,326,581,-255
102000212,146,14,132
102000213,3,472,-469
102000214,135,15,120
102000215,11,766,-755
102000216,28,51,-23
102000217,10,237,-227
102000218,126,114,12
102000219,419,444,-25
102000225,804,829,-25
102000226,8600,1810,6790
102000227,191,6,185
102000228,0,89,-89
102000229,28,39,-11
102000230,343,724,-381
102000231,310,554,-244
102000232,7,216,-209
102000233,393,761,-368
102000234,91,1538,-1447
102000236,292,71,221
102000237,611,197,414
102000238,154,369,-215
102000240,686,494,192
102000241,226,152,74
102000243,15,56,-41
102000245,36,89,-53
102000246,23,43,-20
102000247,315,839,-524
102000248,169,405,-236
102000249,77,206,-129
102000250,48,534,-486
102000254,52,543,-491
102000266,53,197,-144
102000271,13,0,13
102000286,538,472,66
102000297,1974,1139,835
102000299,3,34,-31
102000300,0,0,0
102000301,0,0,0
102000303,0,0,0
102000305,0,0,0
102000306,0,0,0
102000307,0,7,-7
102000308,0,3,-3
102900001,1252,1208,44
102900002,369,22,347
102900003,42,389,-347
102900005,274,415,-141
102900006,460,295,165
102900007,357,26,331
102900008,269,114,155
102900009,560,279,281
102900010,624,639,-15
102900011,2331,358,1973
102900012,307,69,238
102900013,29,112,-83
102900015,995,334,661
102900016,48,217,-169
102900017,134,877,-743
102900018,22,189,-167
102900019,461,623,-162
102900020,74,50,24
102900021,18,165,-147
102900022,453,86,367
102900023,22,48,-26
102900024,15,34,-19
102900025,391,143,248
102900026,682,1519,-837
102900027,43,70,-27
102900028,129,515,-386
102900029,174,151,23
102900030,344,247,97
102900031,91,186,-95
102900032,33,129,-96
102900033,104,208,-104
102900034,313,189,124
102900035,80,554,-474
102900036,204,689,-485
102900037,165,821,-656
102900038,383,817,-434
102900039,15,421,-406
102900040,100,342,-242
102900041,51,231,-180
102900042,164,463,-299
102900043,103,318,-215
102900044,669,2622,-1953
102900045,91,678,-587
102900046,81,415,-334
102900047,77,807,-730
102900048,675,822,-147
102900049,103,460,-357
102900050,412,458,-46
102900051,174,245,-71
102900052,40,23,17
102900053,473,821,-348
102900054,1117,924,193
102900055,111,191,-80
102900056,156,655,-499
102900057,8,35,-27
102900058,358,52,306
102900059,28,69,-41
102900060,88,529,-441
102900061,148,561,-413
102900062,194,1573,-1379
102900063,802,476,326
102900064,166,415,-249
102900065,2024,905,1119
102900066,356,64,292
102900068,101,83,18
102900070,129,801,-672
102900072,9,42,-33
102900073,132,16,116
102900074,256,163,93
102900075,17,36,-19
102900076,321,69,252
102900077,34,18,16
102900078,49,84,-35
102900079,176,8,168
102900080,287,30,257
102900081,86,299,-213
102900082,16,302,-286
102900083,327,16,311
102900084,6,18,-12
102900085,213,81,132
102900086,12,36,-24
102900087,54,141,-87
102900088,36,34,2
102900089,265,161,104
102900090,5,585,-580
102900091,128,2,126
102900092,262,1137,-875
102900093,288,272,16
102900094,1,46,-45
102900095,84,3,81
102900096,28,12,16
102900097,93,253,-160
103000001,2381,2660,-279
103000002,2022,2277,-255
103000003,4575,2637,1938
103000004,1041,831,210
103000005,2162,2555,-393
103000006,721,1471,-750
103000007,435,1131,-696
103000008,969,1355,-386
103000009,822,1063,-241
103000010,139,151,-12
103000011,2053,1303,750
103000012,1227,1402,-175
103000013,7683,2477,5206
103000014,1460,2052,-592
103000015,2931,994,1937
103000016,556,1030,-474
103000017,150,364,-214
103000018,1217,454,763
103000019,254,201,53
103000020,1962,1537,425
103000021,1628,1591,37
103000022,975,1341,-366
103000023,507,1414,-907
103000024,153,210,-57
103000025,80,413,-333
103000026,2294,166,2128
103000027,324,549,-225
103000028,782,467,315
103000029,558,240,318
103000030,2199,741,1458
103000031,1709,1509,200
103000032,2255,2025,230
103000033,2782,2611,171
103000034,1977,1239,738
103000035,583,1087,-504
103000036,636,554,82
103000037,730,484,246
103000038,586,952,-366
103000039,238,609,-371
103000040,273,1519,-1246
103000041,1743,3640,-1897
103000042,777,898,-121
103000043,337,1611,-1274
103000044,132,313,-181
103000046,299,510,-211
103000047,587,959,-372
103000048,179,199,-20
103000049,118,261,-143
103000050,709,841,-132
103000051,321,700,-379
103000052,764,481,283
103000053,171,649,-478
103000054,2110,1461,649
103000055,1545,2067,-522
103000056,686,3165,-2479
103000057,387,402,-15
103000058,341,1185,-844
103000059,343,878,-535
103000060,680,959,-279
103000061,295,998,-703
103000062,1099,1082,17
103000063,678,788,-110
103000064,176,328,-152
103000065,2,391,-389
103000066,124,9,115
103000069,201,392,-191
103000070,714,1682,-968
103000071,821,445,376
103000072,108,1157,-1049
103000073,520,142,378
103000074,630,103,527
103000075,180,1129,-949
103000076,193,228,-35
103000077,32,543,-511
103000078,1305,553,752
103000079,1748,432,1316
103000080,1442,264,1178
103000081,607,813,-206
103000082,431,242,189
103000083,120,443,-323
103000084,118,15,103
103000085,8,89,-81
103000086,815,378,437
103000087,143,542,-399
103000088,407,411,-4
103000089,246,329,-83
103000090,1712,1232,480
103000091,678,526,152
103000092,336,350,-14
103000093,320,576,-256
103000094,199,155,44
103000095,55,490,-435
103000096,885,131,754
103000097,62,707,-645
103000098,1173,153,1020
103000099,468,764,-296
103000100,83,1140,-1057
103000101,719,170,549
103000102,149,768,-619
103000103,512,255,257
103000104,60,190,-130
103000105,111,183,-72
103000106,11,115,-104
103000107,269,106,163
103000108,587,659,-72
103000109,381,430,-49
103000110,427,506,-79
103000111,663,348,315
103000112,308,248,60
103000113,683,666,17
103000114,964,411,553
103000115,511,590,-79
103000116,465,619,-154
103000117,255,548,-293
103000118,1414,1255,159
103000119,2353,830,1523
103000120,83,102,-19
103000121,314,739,-425
103000122,344,269,75
103000125,4,710,-706
103000126,339,7,332
103000127,3,340,-337
103000128,110,1,109
103000129,1,197,-196
103000130,39,18,21
103000131,299,130,169
103000132,75,130,-55
103000133,4,184,-180
103000134,891,753,138
103000135,860,240,620
103000136,1020,405,615
103000137,664,664,0
103000138,870,834,36
103000139,1,79,-78
103000140,156,36,120
103000141,29,133,-104
103000142,144,72,72
103000143,61,233,-172
103000144,208,100,108
103000145,27,38,-11
103000150,94,61,33
103000152,287,248,39
103000153,139,164,-25
103000156,4,668,-664
103000157,278,2,276
103000159,122,158,-36
103000162,70,5,65
103000163,8,23,-15
103000164,27,12,15
103000165,201,550,-349
103000166,170,210,-40
103000167,165,112,53
103000168,75,196,-121
103000169,197,383,-186
103000170,441,582,-141
103000171,50,95,-45
103000172,327,436,-109
103000173,264,1094,-830
103000174,125,420,-295
103000175,211,668,-457
103000176,850,330,520
103000177,920,461,459
103000178,451,312,139
103000179,120,30,90
103000183,90,23,67
103000185,68,114,-46
103000186,71,207,-136
103000187,322,869,-547
103000188,27,90,-63
103000189,842,1155,-313
103000191,719,937,-218
103000292,3249,1132,2117
103000293,1761,1502,259
103000295,133,69,64
103000296,211,6,205
103000297,96,15,81
103000504,204,23,181
103000505,14,9,5
103000506,5,205,-200
103000507,134,0,134
103000508,57,35,22
103000509,244,660,-416
103900001,8,561,-553
103900002,2338,189,2149
103900003,2129,93,2036
103900004,40,3,37
103900005,3,291,-288
103900006,2,5,-3
103900007,51,30,21
103900008,18,2,16
103900009,194,379,-185
103900010,107,372,-265
103900011,124,330,-206
103900012,5,9,-4
103900013,43,123,-80
103900014,24,22,2
103900015,27,25,2
103900016,276,320,-44
103900017,15,106,-91
103900018,769,194,575
103900019,29,312,-283
103900020,250,378,-128
103900021,1095,81,1014
103900022,1049,728,321
103900023,98,2,96
103900024,116,905,-789
103900025,5,54,-49
103900026,15,0,15
103900027,530,414,116
103900028,12,240,-228
103900029,847,167,680
103900030,188,44,144
103900031,14,20,-6
103900032,94,44,50
103900033,83,15,68
103900034,35,338,-303
103900035,62,74,-12
103900036,50,34,16
103900037,40,51,-11
103900038,67,148,-81
103900039,25,556,-531
103900040,6,262,-256
103900041,24,49,-25
103900042,26,569,-543
103900043,84,151,-67
103900044,284,220,64
103900045,185,226,-41
103900047,33,29,4
103900048,55,26,29
103900049,212,1614,-1402
103900050,3,107,-104
103900051,1,44,-43
103900052,148,723,-575
103900053,98,1255,-1157
103900054,96,755,-659
103900055,379,291,88
103900056,33,55,-22
103900057,13,314,-301
103900058,170,1179,-1009
103900059,0,5,-5
103900060,21,279,-258
103900061,87,55,32
103900062,192,56,136
103900063,1,0,1
103900064,70,0,70
103900065,929,429,500
103900066,85,12,73
103900067,102,9,93
103900068,1,0,1
103900069,86,3,83
103900070,121,367,-246
103900071,30,216,-186
103900072,5,420,-415
103900073,20,28,-8
103900074,67,110,-43
103900075,197,112,85
103900076,309,960,-651
103900077,85,90,-5
103900078,117,189,-72
103900079,115,301,-186
103900080,17,39,-22
103900081,116,16,100
103900082,7,134,-127
103900083,2259,556,1703
103900084,40,152,-112
103900085,92,128,-36
103900086,378,310,68
103900087,15,107,-92
103900088,410,279,131
103900089,41,165,-124
103900090,3,300,-297
103900091,1116,333,783
103900092,338,567,-229
103900093,110,473,-363
103900094,12,249,-237
103900095,214,182,32
103900096,19,315,-296
103900097,13,734,-721
103900098,191,113,78
103900099,46,269,-223
103900100,162,523,-361
103900101,59,1321,-1262
103900102,2,36,-34
103900104,1,32,-31
103900105,111,221,-110
103900106,0,11,-11
103900107,68,336,-268
103900108,54,549,-495
103900109,61,107,-46
103900110,191,70,121
103900111,49,1039,-990
103900112,16,58,-42
103900113,137,249,-112
103900114,504,375,129
103900115,258,114,144
103900116,8195,1911,6284
103900117,248,146,102
103900119,31,46,-15
103900120,55,141,-86
103900122,54,451,-397
103900123,1858,634,1224
103900124,61,745,-684
103900125,63,107,-44
103900126,350,551,-201
103900127,156,989,-833
103900128,80,265,-185
103900131,19,144,-125
103900133,824,27,797
103900134,1,4,-3
103900135,80,15,65
103900137,1,110,-109
103900138,54,399,-345
103900139,218,1150,-932
103900140,6,81,-75
103900141,330,94,236
103900142,47,274,-227
103900143,27,2,25
103900144,2,116,-114
103900145,216,392,-176
103900146,290,456,-166
103900147,315,163,152
103900148,106,316,-210
103900149,133,1044,-911
103900150,9184,2601,6583
103900151,61,205,-144
103900152,340,943,-603
103900153,5,5,0
103900154,1678,1159,519
103900155,20,294,-274
103900156,21,279,-258
103900157,34,335,-301
103900158,40,273,-233
103900159,54,92,-38
103900160,29,33,-4
103900161,84,253,-169
103900162,66,321,-255
103900163,15,500,-485
103900164,17,3,14
103900167,25,110,-85
103900168,91,177,-86
103900169,47,76,-29
103900170,2,167,-165
103900171,4,98,-94
103900172,27,30,-3
103900173,5,16,-11
103900174,120,113,7
103900175,58,48,10
103900176,30,24,6
103900177,7,31,-24
103900178,32,115,-83
103900179,38,234,-196
103900180,15,127,-112
103900181,77,31,46
103900182,36,15,21
103900184,663,79,584
103900185,266,158,108
103900187,98,55,43
103900188,33,23,10
103900189,94,14,80
103900190,69,78,-9
103900191,32,65,-33
103900192,51,119,-68
103900193,275,246,29
103900194,57,450,-393
103900195,4,42,-38
103900196,27,18,9
103900197,10,39,-29
103900198,36,78,-42
103900199,113,118,-5
103900200,192,195,-3
103900201,116,260,-144
103900202,27,84,-57
103900203,20,25,-5
103900204,2,187,-185
103900207,4,266,-262
103900208,31,0,31
103900209,5,136,-131
103900210,12,40,-28
103900211,483,843,-360
103900212,90,621,-531
103900213,99,253,-154
103900214,215,102,113
103900215,805,255,550
103900216,24,515,-491
103900217,316,58,258
103900218,2,267,-265
103900219,108,357,-249
103900233,115,2,113
103900235,30,13,17
103900236,20,2,18
103900242,3,10,-7
103900243,7,4,3
103900244,121,412,-291
103900245,96,296,-200
103900246,63,40,23
103900247,38,122,-84
103900248,5,16,-11
103900249,9,27,-18
103900250,34,31,3
103900251,4,32,-28
103900253,24,51,-27
103900254,2,23,-21
103900255,16,18,-2
103900256,22,22,0
103900257,44,103,-59
103900258,24,3,21
103900259,80,12,68
103900261,13,3,10
103900262,8,0,8
103900263,35,32,3
103900264,67,16,51
103900265,75,12,63
103900266,1,72,-71
103900267,18,92,-74
103900268,7,123,-116
103900269,127,308,-181
103900270,18,171,-153
104000001,2107,2511,-404
104000002,1703,3034,-1331
104000003,2326,2506,-180
104000004,3462,2964,498
104000005,1035,1974,-939
104000006,2992,3469,-477
104000007,4357,4137,220
104000008,329,583,-254
104000009,161,114,47
104000010,150,218,-68
104000011,1025,557,468
104000012,171,665,-494
104000013,177,136,41
104000014,246,1010,-764
104000015,217,204,13
104000016,610,590,20
104000018,623,196,427
104000019,464,153,311
104000020,220,1150,-930
104000021,305,956,-651
104000022,199,352,-153
104000023,486,392,94
104000024,187,572,-385
104000026,51,463,-412
104000027,270,536,-266
104000028,349,264,85
104000029,524,786,-262
104000030,247,246,1
104000031,799,373,426
104000032,207,554,-347
104000033,538,470,68
104000034,319,595,-276
104000035,591,554,37
104000036,530,867,-337
104000037,250,408,-158
104000038,315,313,2
104000039,294,538,-244
104000040,571,603,-32
104000041,383,396,-13
104000042,231,575,-344
104000043,253,520,-267
104000044,256,894,-638
104000045,1000,1453,-453
104000046,1508,1824,-316
104000047,679,1798,-1119
104000048,1285,2763,-1478
104000049,324,359,-35
104000050,202,651,-449
104000051,97,749,-652
104000052,1137,1579,-442
104000053,665,857,-192
104000054,514,839,-325
104000055,3949,3772,177
104000056,1735,277,1458
104000057,88,628,-540
104000058,619,721,-102
104000059,566,1309,-743
104000060,797,1235,-438
104000061,1047,1662,-615
104000062,217,159,58
104000064,503,355,148
104000065,105,474,-369
104000069,1525,716,809
104000070,46,335,-289
104000071,126,457,-331
104000072,536,287,249
104000075,86,357,-271
104000076,408,132,276
104000082,2044,2874,-830
104000083,707,256,451
104000084,148,715,-567
104000085,205,263,-58
104000086,209,566,-357
104000087,564,1175,-611
104000090,668,2064,-1396
104000092,724,3572,-2848
104000094,878,2793,-1915
104000095,1566,1405,161
104000096,1085,504,581
104000097,1326,1509,-183
104000098,1402,1747,-345
104000100,1201,847,354
104000101,854,2666,-1812
104000106,105,686,-581
104000107,588,656,-68
104000108,440,770,-330
104000109,221,99,122
104000110,991,1159,-168
104000111,7222,2209,5013
104000112,3436,664,2772
104000116,4,1594,-1590
104000117,162,1128,-966
104000118,409,374,35
104000119,391,303,88
104000120,230,1243,-1013
104000121,244,745,-501
104000122,564,734,-170
104000123,982,1454,-472
104000124,1971,3767,-1796
104000125,5671,3575,2096
104000126,386,574,-188
104000127,1692,4177,-2485
104000128,955,629,326
104000129,552,26,526
104000130,17,251,-234
104000131,1057,812,245
104000132,834,1172,-338
104000133,1051,860,191
104000134,900,1516,-616
104000135,354,1272,-918
104000136,959,2824,-1865
104000137,2140,405,1735
104000138,1319,415,904
104000139,11303,3953,7350
104000141,1382,2346,-964
104000142,689,1296,-607
104000143,502,1014,-512
104000144,70,195,-125
104000145,354,221,133
104000146,455,759,-304
104000147,125,459,-334
104000148,237,178,59
104000149,138,549,-411
104000150,689,511,178
104000151,382,863,-481
104000152,474,1016,-542
104000153,353,495,-142
104000154,1152,908,244
104000155,356,543,-187
104000157,1163,2165,-1002
104000158,302,290,12
104000159,579,377,202
104000160,1904,1790,114
104000161,283,223,60
104000162,46,126,-80
104000165,1660,1187,473
104000167,492,658,-166
104000168,525,5,520
104000169,41,63,-22
104000170,971,438,533
104000248,265,1090,-825
104000251,58,412,-354
104000272,0,0,0
104000273,0,0,0
104000274,0,0,0
104000275,0,0,0
104000279,804,622,182
104000290,56,387,-331
104000291,586,1250,-664
104000293,584,917,-333
104000294,14,0,14
104000295,584,999,-415
104000296,297,906,-609
104000297,786,1946,-1160
104000298,2255,1123,1132
104000299,621,1524,-903
104900001,131,567,-436
104900002,34,138,-104
104900003,53,432,-379
104900004,69,494,-425
104900005,165,205,-40
104900006,165,86,79
104900007,241,344,-103
104900009,115,519,-404
104900010,28,39,-11
104900011,2,1,1
104900012,148,9,139
104900013,95,5,90
104900014,4963,571,4392
104900015,99,1,98
104900016,143,407,-264
104900017,70,232,-162
104900018,4,264,-260
104900019,369,1597,-1228
104900020,48,314,-266
104900021,3,514,-511
104900022,46,173,-127
104900023,3,186,-183
104900024,25,113,-88
104900025,44,472,-428
104900026,4,167,-163
104900027,285,260,25
104900028,51,123,-72
104900029,79,134,-55
104900030,391,282,109
104900031,160,223,-63
104900032,50,233,-183
104900033,155,250,-95
104900034,284,129,155
104900035,168,161,7
104900036,76,108,-32
104900037,122,360,-238
104900038,711,509,202
104900039,1481,299,1182
104900040,224,108,116
104900041,160,245,-85
104900042,160,488,-328
104900043,6,64,-58
104900044,323,211,112
104900045,323,69,254
104900046,77,126,-49
104900047,245,139,106
104900048,179,99,80
104900049,18,14,4
104900050,114,108,6
104900051,196,55,141
104900052,58,0,58
104900053,303,76,227
104900054,230,38,192
104900055,86,0,86
104900056,123,10,113
104900057,18,1,17
104900058,854,228,626
104900059,35,65,-30
104900060,2,500,-498
104900061,339,925,-586
104900063,1,192,-191
104900064,0,160,-160
104900065,0,152,-152
104900066,3,276,-273
104900067,7,382,-375
104900068,27,278,-251
104900070,142,377,-235
104900071,3,879,-876
104900072,35,221,-186
104900073,35,390,-355
104900074,40,268,-228
104900075,45,120,-75
104900076,111,488,-377
104900077,1725,161,1564
104900078,197,895,-698
104900079,151,238,-87
104900080,44,629,-585
104900082,11,464,-453
104900085,10,303,-293
104900087,324,4,320
104900089,88,0,88
104900090,425,508,-83
104900091,451,1148,-697
104900093,252,746,-494
104900097,3966,1690,2276
104900098,96,26,70
104900099,163,515,-352
104900100,896,291,605
104900102,15,307,-292
104900103,516,143,373
104900104,5060,1532,3528
104900106,58,189,-131
104900107,55,410,-355
104900108,36,496,-460
104900109,64,235,-171
104900110,10,60,-50
104900111,136,200,-64
104900112,199,1254,-1055
104900113,507,534,-27
104900114,219,931,-712
104900115,424,610,-186
104900116,140,352,-212
104900118,15,97,-82
104900119,2,38,-36
104900120,39,71,-32
104900121,4,176,-172
104900122,1,128,-127
104900123,26,8,18
104900124,44,0,44
104900125,480,7,473
104900126,78,60,18
104900127,17,34,-17
104900128,88,182,-94
104900129,3296,1168,2128
105000001,2362,1978,384
105000002,1991,2041,-50
105000003,3113,4325,-1212
105000004,466,1083,-617
105000005,702,1278,-576
105000006,1042,1519,-477
105000007,856,1286,-430
105000008,1077,1867,-790
105000009,1198,2700,-1502
105000010,3434,2989,445
105000011,1986,2055,-69
105000012,4119,3809,310
105000013,568,966,-398
105000014,1166,2109,-943
105000015,11246,6492,4754
105000016,4606,2126,2480
105000017,1777,1128,649
105000018,1386,1066,320
105000019,1670,1010,660
105000020,149,364,-215
105000021,271,181,90
105000022,189,32,157
105000023,496,234,262
105000028,103,180,-77
105000029,297,1185,-888
105000030,4685,4227,458
105000033,947,2500,-1553
105000034,159,596,-437
105000037,712,719,-7
105000038,1738,1425,313
105000039,3478,2588,890
105000040,632,867,-235
105000041,735,1818,-1083
105000042,2550,1316,1234
105000043,2300,3070,-770
105000044,423,446,-23
105000045,431,1139,-708
105000046,611,350,261
105000047,472,1876,-1404
105000048,528,237,291
105000049,303,871,-568
105000050,451,389,62
105000051,218,531,-313
105000052,630,1133,-503
105000053,115,194,-79
105000054,190,1248,-1058
105000055,367,484,-117
105000056,845,3145,-2300
105000057,1038,1310,-272
105000058,1394,1804,-410
105000059,542,564,-22
105000060,550,883,-333
105000061,383,532,-149
105000062,810,1455,-645
105000063,333,838,-505
105000064,799,880,-81
105000065,372,1248,-876
105000066,1083,2752,-1669
105000067,838,660,178
105000068,595,1177,-582
105000069,3658,825,2833
105000070,1022,839,183
105000071,265,475,-210
105000072,487,957,-470
105000073,692,543,149
105000074,955,1284,-329
105000075,580,965,-385
105000076,1170,1192,-22
105000077,2158,774,1384
105000078,1611,1272,339
105000079,1856,2089,-233
105000080,2239,1181,1058
105000081,1630,890,740
105000082,662,621,41
105000083,1361,1057,304
105000084,610,1462,-852
105000085,1310,1187,123
105000086,630,1099,-469
105000087,2680,2228,452
105000088,1405,1546,-141
105000089,3115,2506,609
105000090,1116,995,121
105000091,1776,2202,-426
105000092,676,1179,-503
105000093,326,227,99
105000094,265,228,37
105000095,106,356,-250
105000096,1004,740,264
105000097,1065,722,343
105000098,824,637,187
105000099,966,1147,-181
105000100,849,1305,-456
105000101,1700,2652,-952
105000102,1555,1909,-354
105000103,1262,2648,-1386
105000104,2010,1282,728
105000105,1197,2496,-1299
105000106,1276,2216,-940
105000107,874,1412,-538
105000108,1143,2518,-1375
105000109,1333,2261,-928
105000110,684,1066,-382
105000111,488,670,-182
105000112,1071,1158,-87
105000113,370,764,-394
105000114,4422,1152,3270
105000115,296,801,-505
105000116,490,484,6
105000117,634,1738,-1104
105000118,286,431,-145
105000119,564,1731,-1167
105000120,783,751,32
105000121,911,1753,-842
105000122,292,553,-261
105000123,1220,1952,-732
105000124,1312,1060,252
105000125,602,2472,-1870
105000126,1782,2855,-1073
105000127,2338,2513,-175
105000128,312,1895,-1583
105000129,747,365,382
105000130,140,1136,-996
105000131,776,464,312
105000132,600,459,141
105000133,288,1423,-1135
105000134,484,624,-140
105000135,430,816,-386
105000136,51,259,-208
105000137,189,363,-174
105000138,113,304,-191
105000139,1144,1256,-112
105000140,150,492,-342
105000141,213,812,-599
105000142,89,529,-440
105000143,217,885,-668
105000144,245,838,-593
105000145,440,613,-173
105000146,475,867,-392
105000147,365,457,-92
105000148,947,815,132
105000149,1690,2087,-397
105000150,2330,1787,543
105000151,365,419,-54
105000152,165,904,-739
105000153,615,476,139
105000154,776,1148,-372
105000155,317,708,-391
105000156,1029,1086,-57
105000157,1133,2660,-1527
105000158,1766,1015,751
105000159,271,1786,-1515
105000160,1183,681,502
105000161,743,2340,-1597
105000162,503,1368,-865
105000163,1860,1565,295
105000164,266,442,-176
105000165,1852,3689,-1837
105000166,9539,428,9111
105000167,3625,1310,2315
105000168,244,1102,-858
105000169,299,550,-251
105000170,154,1579,-1425
105000171,1123,379,744
105000172,54,64,-10
105000173,97,38,59
105000174,40,38,2
105000175,61,146,-85
105000176,153,72,81
105000177,136,115,21
105000178,120,936,-816
105000179,217,121,96
105000180,80,93,-13
105000181,80,683,-603
105000182,22,44,-22
105000183,2851,1696,1155
105000184,1416,915,501
105000185,1124,814,310
105000186,392,1078,-686
105000187,571,278,293
105000188,244,116,128
105000189,167,655,-488
105000190,197,366,-169
105000191,355,466,-111
105000192,126,74,52
105000193,71,216,-145
105000194,168,87,81
105000195,324,1366,-1042
105000196,24,98,-74
105000197,300,854,-554
105000198,666,309,357
105000199,264,241,23
105000200,120,289,-169
105000201,94,38,56
105000203,9,317,-308
105000204,73,106,-33
105000205,120,250,-130
105000207,748,367,381
105000208,274,420,-146
105000209,220,422,-202
105000212,1036,1850,-814
105000213,208,186,22
105000214,115,326,-211
105000215,184,375,-191
105000216,68,452,-384
105000217,135,373,-238
105000218,784,1206,-422
105000221,163,320,-157
105000222,102,56,46
105000223,161,200,-39
105000226,26,563,-537
105000227,42,308,-266
105000228,345,884,-539
105000229,102,222,-120
105000231,184,305,-121
105000233,543,655,-112
105000234,506,1624,-1118
105000235,260,460,-200
105000237,680,62,618
105000243,33,254,-221
105000248,36,69,-33
105000262,258,2514,-2256
105000269,87,213,-126
105000270,334,131,203
105000271,1,317,-316
105000282,158,68,90
105000287,352,152,200
105000288,488,482,6
105000289,1356,941,415
105000290,9,7,2
105000402,5955,1936,4019
105000426,570,639,-69
105000438,1188,626,562
105000446,17880,5536,12344
105000447,11309,3431,7878
105000454,196,1145,-949
105000455,282,255,27
105000474,15,2,13
105000477,270,425,-155
105000478,1607,2300,-693
105000479,114,155,-41
105000480,2201,2198,3
105000481,2758,2023,735
105000482,5575,3113,2462
105000483,1247,1287,-40
105000484,2434,2791,-357
105000485,1185,1512,-327
105000486,3496,2481,1015
105000488,3629,3216,413
105000489,604,949,-345
105000549,22,142,-120
105000550,545,1519,-974
105000551,13,142,-129
105000552,3760,2135,1625
105900001,13,1007,-994
105900002,1857,493,1364
105900003,11,109,-98
105900004,362,167,195
105900005,4,236,-232
105900006,5,58,-53
105900007,52,24,28
105900008,64,1002,-938
105900009,18,17,1
105900011,100,41,59
105900012,423,153,270
105900013,1,26,-25
105900014,5,89,-84
105900015,159,455,-296
105900016,244,786,-542
105900017,607,48,559
105900018,309,299,10
105900019,96,515,-419
105900020,56,50,6
105900021,18,377,-359
105900022,204,412,-208
105900023,5,126,-121
105900024,8,243,-235
105900025,57,72,-15
105900026,250,43,207
105900027,5562,4329,1233
105900028,93,181,-88
105900029,2297,380,1917
105900030,194,317,-123
105900031,636,193,443
105900032,47,198,-151
105900033,55,153,-98
105900034,148,290,-142
105900035,187,246,-59
105900036,34,145,-111
105900037,49,76,-27
105900038,142,333,-191
105900039,90,173,-83
105900040,52,110,-58
105900041,198,470,-272
105900042,47,133,-86
105900043,1877,64,1813
105900044,1,194,-193
105900045,1,650,-649
105900046,12,233,-221
105900047,4,33,-29
105900048,116,591,-475
105900050,2825,963,1862
105900051,13,1593,-1580
105900052,290,114,176
105900053,4780,1364,3416
105900054,348,367,-19
105900056,1027,276,751
105900057,38,202,-164
105900058,5,35,-30
105900059,0,72,-72
106000001,4521,1719,2802
106000002,3311,5225,-1914
106000003,2911,2784,127
106000004,2375,2847,-472
106000005,2471,5482,-3011
106000006,6080,5343,737
106000007,416,537,-121
106000008,487,360,127
106000009,429,339,90
106000010,596,710,-114
106000011,712,1033,-321
106000012,824,1982,-1158
106000013,1599,1893,-294
106000014,2012,2357,-345
106000015,1459,1281,178
106000016,1284,3243,-1959
106000017,769,695,74
106000018,559,738,-179
106000019,252,479,-227
106000020,288,555,-267
106000021,245,570,-325
106000022,297,453,-156
106000023,670,421,249
106000024,680,1000,-320
106000025,94,234,-140
106000026,162,400,-238
106000027,961,1450,-489
106000028,544,928,-384
106000029,900,1836,-936
106000030,1110,428,682
106000034,208,726,-518
106000035,777,1213,-436
106000036,425,490,-65
106000037,2063,1873,190
106000038,652,114,538
106000039,250,45,205
106000040,274,811,-537
106000041,819,326,493
106000043,675,131,544
106000046,328,40,288
106000047,62,513,-451
106000049,457,171,286
106000050,301,1131,-830
106000051,427,442,-15
106000052,71,795,-724
106000053,208,112,96
106000054,363,486,-123
106000055,712,1224,-512
106000056,342,566,-224
106000057,148,236,-88
106000058,170,264,-94
106000059,182,351,-169
106000060,557,760,-203
106000061,181,438,-257
106000062,186,804,-618
106000063,523,499,24
106000064,39,561,-522
106000065,330,245,85
106000066,89,480,-391
106000067,245,127,118
106000068,70,801,-731
106000069,152,136,16
106000070,401,1028,-627
106000071,814,417,397
106000072,4882,1714,3168
106000073,2119,2320,-201
106000074,313,722,-409
106000075,288,1169,-881
106000076,1566,1997,-431
106000077,3505,1574,1931
106000078,751,1183,-432
106000079,566,1238,-672
106000080,1107,1011,96
106000081,569,1265,-696
106000082,2768,1128,1640
106000083,344,1437,-1093
106000084,1016,783,233
106000085,1625,1529,96
106000086,586,907,-321
106000087,798,728,70
106000088,438,890,-452
106000089,837,546,291
106000090,295,703,-408
106000091,251,735,-484
106000092,554,329,225
106000093,239,102,137
106000094,103,510,-407
106000095,463,1600,-1137
106000096,689,823,-134
106000097,685,1745,-1060
106000098,506,1214,-708
106000099,165,1091,-926
106000100,618,363,255
106000101,539,363,176
106000102,108,681,-573
106000103,251,707,-456
106000104,563,502,61
106000105,495,1112,-617
106000106,508,506,2
106000107,62,512,-450
106000108,183,387,-204
106000109,70,398,-328
106000110,138,402,-264
106000111,128,722,-594
106000112,152,434,-282
106000113,1183,874,309
106000114,435,460,-25
106000115,188,651,-463
106000116,130,329,-199
106000117,982,960,22
106000118,943,1135,-192
106000119,2890,1445,1445
106000120,650,792,-142
106000121,189,224,-35
106000122,71,491,-420
106000123,214,373,-159
106000124,37,460,-423
106000125,24,421,-397
106000126,125,194,-69
106000127,561,1129,-568
106000128,549,325,224
106000129,369,999,-630
106000130,559,419,140
106000131,167,820,-653
106000132,886,148,738
106000133,4509,1269,3240
106000134,842,854,-12
106000135,234,1068,-834
106000136,574,519,55
106000137,94,1910,-1816
106000138,707,67,640
106000139,37,154,-117
106000140,39,154,-115
106000141,56,177,-121
106000142,48,105,-57
106000143,31,139,-108
106000144,19,81,-62
106000145,162,424,-262
106000146,258,211,47
106000147,423,725,-302
106000148,683,912,-229
106000149,440,491,-51
106000150,428,1903,-1475
106000151,5670,929,4741
106000152,1747,1586,161
106000153,113,1499,-1386
106000154,1720,282,1438
106000155,75,227,-152
106000156,613,430,183
106000157,697,2236,-1539
106000158,3201,924,2277
106000159,5289,1462,3827
106000160,257,1917,-1660
106000161,1705,566,1139
106000162,132,793,-661
106000163,307,736,-429
106000164,222,466,-244
106000165,210,901,-691
106000166,482,399,83
106000167,304,1736,-1432
106000168,244,371,-127
106000169,163,1097,-934
106000170,345,300,45
106000171,121,1154,-1033
106000172,2162,1155,1007
106000173,759,3329,-2570
106000174,1102,357,745
106000175,304,1361,-1057
106000176,1035,733,302
106000177,683,3087,-2404
106000178,2791,1959,832
106000179,1292,2762,-1470
106000180,790,2430,-1640
106000181,432,2608,-2176
106000182,661,938,-277
106000183,778,1344,-566
106000184,1092,1319,-227
106000185,624,1250,-626
106000186,895,223,672
106000187,234,957,-723
106000188,0,6,-6
106000189,9,39,-30
106000190,9,2,7
106000191,521,232,289
106000192,2,28,-26
106000193,340,192,148
106000194,150,427,-277
106000195,923,167,756
106000196,227,599,-372
106000197,269,467,-198
106000198,196,343,-147
106000199,916,636,280
106000200,550,201,349
106000201,580,1516,-936
106000202,8284,747,7537
106000203,212,220,-8
106000204,37,15,22
106000205,21,157,-136
106000206,72,20,52
106000207,51,1113,-1062
106000208,687,100,587
106000209,972,318,654
106000210,237,1705,-1468
106000211,333,1955,-1622
106000212,538,205,333
106000213,977,1582,-605
106000214,3169,516,2653
106000215,239,491,-252
106000216,257,385,-128
106000217,319,545,-226
106000218,488,368,120
106000219,146,342,-196
106000220,426,346,80
106000221,89,392,-303
106000222,45,185,-140
106000223,93,128,-35
106000224,144,391,-247
106000225,85,75,10
106000226,157,419,-262
106000228,43,136,-93
106000229,69,898,-829
106000231,541,129,412
106000232,95,473,-378
106000233,353,146,207
106000234,53,256,-203
106000235,345,53,292
106000236,211,65,146
106000237,1,9,-8
106000238,7,16,-9
106000239,2,72,-70
106000240,15,4,11
106000241,28,819,-791
106000242,163,11,152
106000249,51,99,-48
106000250,70,518,-448
106000251,57,38,19
106000252,39,136,-97
106000253,26,49,-23
106000254,39,64,-25
106000255,19,74,-55
106000256,80,103,-23
106000257,115,370,-255
106000258,204,19,185
106000259,3,25,-22
106000260,26,6,20
106000261,1,86,-85
106000262,36,21,15
106000263,1,95,-94
106000264,184,7,177
106000265,7,147,-140
106000266,148,13,135
106000267,4,132,-128
106000268,482,36,446
106000269,106,79,27
106000270,160,444,-284
106000271,41,254,-213
106000272,94,70,24
106000273,5,214,-209
106000274,197,62,135
106000275,172,205,-33
106000276,162,103,59
106000277,135,177,-42
106000278,188,67,121
106000279,15,94,-79
106000280,29,209,-180
106000281,107,103,4
106000282,64,84,-20
106000283,133,106,27
106000284,54,170,-116
106000285,161,177,-16
106000286,74,206,-132
106000287,98,94,4
106000288,93,193,-100
106000289,63,108,-45
106000290,61,150,-89
106000291,121,119,2
106000292,94,161,-67
106000293,127,129,-2
106000294,156,175,-19
106000295,83,67,16
106000296,77,160,-83
106000297,98,321,-223
106000298,163,84,79
106000299,70,205,-135
106000300,62,135,-73
106000301,76,135,-59
106000303,38,61,-23
106000304,46,47,-1
106000305,26,45,-19
106000306,46,101,-55
106000307,77,15,62
106000308,21,237,-216
106000309,20,101,-81
106000310,220,771,-551
106000311,316,178,138
106000312,59,260,-201
106000313,167,238,-71
106000318,208,283,-75
106000319,559,91,468
106000320,3,58,-55
106000321,347,101,246
106000322,122,269,-147
106000324,8,234,-226
106000325,1256,930,326
106000326,1035,2298,-1263
106000327,89,159,-70
106000328,29,128,-99
106000329,61,367,-306
106000330,43,55,-12
106000428,40,191,-151
106000429,74,609,-535
106000430,308,1702,-1394
106000431,1112,297,815
106000432,1667,3164,-1497
106000433,1542,833,709
106000434,2682,1078,1604
106000435,2437,2776,-339
106000436,10,340,-330
106000437,171,50,121
106000438,351,145,206
106000439,50,608,-558
106000440,192,642,-450
106000441,2,1,1
106000442,123,6,117
106000443,96,658,-562
106000450,2,277,-275
106000451,7,25,-18
106000454,1,101,-100
106000455,16,185,-169
106000456,121,19,102
106000457,8,1496,-1488
106000458,323,208,115
106000459,57,493,-436
106000460,620,46,574
106000461,43,2583,-2540
106000462,1,25,-24
106000463,1,36,-35
106000464,5,782,-777
106000465,245,2,243
106000466,4,1015,-1011
106000467,493,659,-166
106000468,32,264,-232
106000469,276,2,274
106000470,291,1543,-1252
106000471,41,857,-816
106000472,105,10,95
106000473,24,37,-13
106000474,306,943,-637
106000475,201,150,51
106000476,210,169,41
106000477,10,47,-37
106900001,0,19,-19
106900002,5,858,-853
106900003,334,1131,-797
106900004,0,66,-66
106900006,0,20,-20
106900007,2,27,-25
106900008,151,364,-213
106900009,184,559,-375
106900010,260,477,-217
106900012,2737,1472,1265
106900013,369,95,274
106900014,28,3,25
106900015,14,1,13
106900016,146,2,144
106900017,14,0,14
106900018,0,0,0
106900019,75,4,71
106900020,3804,995,2809
106900021,49,64,-15
106900022,344,1,343
106900023,30,318,-288
106900024,274,26,248
106900025,82,957,-875
106900026,1,1084,-1083
106900027,368,2,366
107000001,4212,1723,2489
107000002,7164,4223,2941
107000003,4131,5139,-1008
107000004,5564,7305,-1741
107000005,2110,4239,-2129
107000006,3799,7633,-3834
107000007,4720,7417,-2697
107000008,18494,13131,5363
107000009,4402,5245,-843
107000010,10718,14007,-3289
107000011,1892,1598,294
107000012,5385,4745,640
107000013,28,158,-130
107000014,22,326,-304
107000015,390,1042,-652
107000016,471,1504,-1033
107000017,2541,1017,1524
107000018,8,350,-342
107000020,1441,428,1013
107000021,862,910,-48
107000022,648,1626,-978
107000023,1255,372,883
107000024,422,2352,-1930
107000025,125,399,-274
107000026,134,750,-616
107000027,947,926,21
107000028,1269,2181,-912
107000029,1562,1587,-25
107000030,3752,4163,-411
107000031,2566,1821,745
107000032,419,1343,-924
107000033,4383,4462,-79
107000034,5764,2449,3315
107000035,317,186,131
107000036,365,1166,-801
107000037,65,686,-621
107000038,219,348,-129
107000039,618,538,80
107000040,136,385,-249
107000041,1612,731,881
107000042,916,1987,-1071
107000043,3266,1131,2135
107000044,719,403,316
107000045,127,317,-190
107000046,550,451,99
107000047,375,992,-617
107000048,505,405,100
107000049,529,845,-316
107000050,800,541,259
107000051,596,371,225
107000052,1104,788,316
107000053,329,157,172
107000054,109,337,-228
107000055,146,91,55
107000056,500,972,-472
107000057,1688,218,1470
107000058,2211,2326,-115
107000059,2463,3907,-1444
107000060,3201,5250,-2049
107000061,6035,4909,1126
107000062,2772,3133,-361
107000063,4045,7733,-3688
107000064,2816,2103,713
107000065,3692,6898,-3206
107000066,1334,1869,-535
107000067,831,1027,-196
107000068,1551,683,868
107000069,525,434,91
107000070,466,4,462
107000071,1846,25,1821
107000072,53,4782,-4729
107000073,345,180,165
107000074,160,1278,-1118
107000075,984,378,606
107000076,1129,2256,-1127
107000077,2113,776,1337
107000078,2397,4366,-1969
107000079,1652,617,1035
107000080,1400,4193,-2793
107000081,942,573,369
107000082,669,3428,-2759
107000083,798,292,506
107000084,551,3083,-2532
107000085,2848,3393,-545
107000086,4280,3346,934
107000087,2465,2014,451
107000088,2987,3740,-753
107000089,1387,1899,-512
107000090,972,1189,-217
107000091,933,973,-40
107000092,693,1304,-611
107000093,1009,936,73
107000094,937,1743,-806
107000095,565,626,-61
107000096,702,1391,-689
107000097,478,297,181
107000098,285,618,-333
107000099,448,337,111
107000100,345,358,-13
107000101,68,193,-125
107000102,398,433,-35
107000103,267,196,71
107000104,295,428,-133
107000105,350,165,185
107000106,171,381,-210
107000107,419,216,203
107000108,137,958,-821
107000109,376,160,216
107000110,72,842,-770
107000111,150,50,100
107000112,46,553,-507
107000113,391,134,257
107000114,87,966,-879
107000115,280,99,181
107000116,171,1400,-1229
107000117,120,298,-178
107000118,236,387,-151
107000119,2163,1167,996
107000120,2809,468,2341
107000121,663,836,-173
107000122,1180,1147,33
107000123,320,981,-661
107000124,444,1068,-624
107000125,532,1044,-512
107000126,727,1468,-741
107000127,16,370,-354
107000129,251,385,-134
107000130,273,367,-94
107000131,493,562,-69
107000132,431,360,71
107000133,658,158,500
107000134,352,5,347
107000135,13,285,-272
107000136,647,11,636
107000137,10,463,-453
107000138,342,28,314
107000139,12,395,-383
107000140,783,69,714
107000141,119,992,-873
107000142,288,63,225
107000143,66,1130,-1064
107000144,250,388,-138
107000145,159,713,-554
107000146,186,241,-55
107000147,3188,736,2452
107000150,1052,1642,-590
107000151,58,98,-40
107000152,628,476,152
107000153,511,598,-87
107000154,256,158,98
107000155,484,24,460
107000156,782,38,744
107000157,31,3158,-3127
107000158,339,22,317
107000159,34,1850,-1816
107000160,551,90,461
107000161,101,2621,-2520
107000162,151,248,-97
107000163,42,1,41
107000164,216,0,216
107000165,489,2,487
107000166,59,1995,-1936
107000167,343,340,3
107000168,553,290,263
107000169,1159,1221,-62
107000170,1083,638,445
107000171,650,3703,-3053
107000172,599,730,-131
107000173,839,1598,-759
107000174,873,2774,-1901
107000175,12671,2219,10452
107000176,3,0,3
107000177,0,4,-4
107000178,8,55,-47
107000179,279,4186,-3907
107000180,960,681,279
107000181,303,1862,-1559
107000182,1158,1211,-53
107000183,107,1363,-1256
107000184,673,1020,-347
107000185,538,1807,-1269
107000186,945,442,503
107000187,1148,1571,-423
107000188,489,560,-71
107000189,395,1066,-671
107000190,457,951,-494
107000191,504,1099,-595
107000192,1215,1129,86
107000193,359,525,-166
107000194,838,991,-153
107000197,751,277,474
107000198,268,1044,-776
107000199,809,797,12
107000200,958,586,372
107000201,341,272,69
107000202,235,536,-301
107000203,866,483,383
107000204,949,587,362
107000205,2772,1283,1489
107000206,828,982,-154
107000207,840,1336,-496
107000208,1417,448,969
107000209,3107,894,2213
107000210,1703,419,1284
107000211,13,28,-15
107000212,13,333,-320
107000213,13,34,-21
107000214,9,174,-165
107000215,297,581,-284
107000216,259,493,-234
107000217,75,206,-131
107000219,71,130,-59
107000220,111,359,-248
107000222,233,948,-715
107000224,328,102,226
107000225,290,858,-568
107000226,236,134,102
107000227,98,582,-484
107000228,97,181,-84
107000229,222,169,53
107000230,1115,604,511
107000231,2650,603,2047
107000232,91,52,39
107000233,2156,621,1535
107000234,2,22,-20
107000235,67,9,58
107000236,10,411,-401
107000237,9,0,9
107000238,47,4,43
107000239,6078,457,5621
107000240,71,1624,-1553
107000241,176,27,149
107000242,835,69,766
107000243,0,78,-78
107000244,7,94,-87
107000246,4,1605,-1601
107000249,1,1314,-1313
107000251,2,340,-338
107000252,6,1819,-1813
107000255,848,116,732
107000257,0,754,-754
107000258,1,206,-205
107000259,2,330,-328
107000260,239,6,233
107000262,19,1002,-983
107000263,125,5,120
107000266,5,3,2
107000267,78,207,-129
107000268,241,270,-29
107000269,297,56,241
107000270,2,22,-20
107000271,16,1477,-1461
107000272,15,388,-373
107000273,1,271,-270
107000274,836,189,647
107000275,127,912,-785
107000280,404,26,378
107000281,49,1520,-1471
107000282,24,1725,-1701
107000290,2,29,-27
107000291,15,5,10
107000292,1,27,-26
107000293,50,5,45
107000294,0,25,-25
107000295,20,1,19
107000296,1,19,-18
107000444,143,6,137
107000496,6,32,-26
107000497,1566,3876,-2310
107000500,243,372,-129
107000501,87,261,-174
107000502,191,464,-273
107000505,589,1030,-441
107000506,0,66,-66
107000508,14,1031,-1017
107000509,236,572,-336
107000510,20,17,3
107000514,13,322,-309
107000515,30,434,-404
107000516,177,212,-35
107000518,612,549,63
107000519,4528,1268,3260
107000520,68,11,57
107900001,25,284,-259
107900002,52,2,50
107900003,212,10,202
107900004,53,2,51
107900005,536,9,527
107900006,92,2,90
107900007,160,21,139
107900008,63,58,5
107900009,130,3,127
107900010,3,0,3
107900012,168,20,148
107900013,326,83,243
107900014,21,2,19
107900015,475,5,470
107900016,480,152,328
107900017,19,1,18
107900018,50,61,-11
107900019,13,101,-88
107900020,74,9,65
107900021,22,224,-202
107900023,1,0,1
107900024,0,41,-41
107900025,229,383,-154
107900026,28,136,-108
107900027,56,79,-23
107900028,30,114,-84
107900030,195,13,182
107900031,46,255,-209
107900032,1,10,-9
107900033,24,4,20
107900034,358,10,348
107900035,525,25,500
107900036,37,4,33
107900037,0,84,-84
107900038,169,172,-3
107900039,12,56,-44
107900040,142,158,-16
107900041,1,3,-2
107900043,25,161,-136
107900044,13,9,4
107900045,95,27,68
107900046,89,81,8
107900047,21,147,-126
107900048,94,14,80
107900049,425,577,-152
107900050,91,432,-341
107900051,108,111,-3
107900052,19,53,-34
107900053,25,108,-83
107900055,868,303,565
107900056,110,25,85
107900057,1,0,1
107900058,28,972,-944
107900060,24,78,-54
107900061,24,8,16
107900063,117,161,-44
107900064,343,46,297
107900065,111,14,97
107900066,5,12,-7
107900067,0,0,0
107900068,127,240,-113
107900069,18,885,-867
107900070,62,20,42
107900071,24,1268,-1244
107900072,58,276,-218
107900073,78,165,-87
107900074,1306,165,1141
107900076,108,109,-1
107900077,47,0,47
107900078,243,22,221
107900079,6,16,-10
107900080,144,233,-89
107900081,12,121,-109
107900082,33,14,19
107900083,239,142,97
107900084,85,180,-95
107900086,48,133,-85
107900087,540,84,456
107900088,10,14,-4
107900089,242,1089,-847
107900090,558,1270,-712
107900091,172,669,-497
107900092,2607,688,1919
107900093,61,85,-24
107900095,3563,1360,2203
107900097,27,55,-28
107900098,62,262,-200
107900100,1508,971,537
107900101,1259,196,1063
107900102,1,2,-1
107900103,42,204,-162
107900104,267,4,263
107900105,4,686,-682
107900106,5,1906,-1901
107900107,1632,288,1344
107900108,402,166,236
107900109,596,8,588
107900110,23,160,-137
107900111,17,1559,-1542
107900112,138,388,-250
107900113,116,121,-5
107900114,86,265,-179
107900115,3,66,-63
107900116,56,281,-225
107900117,294,583,-289
107900118,67,178,-111
107900119,38,143,-105
107900120,22,13,9
107900121,4,185,-181
107900122,0,51,-51
107900123,4,18,-14
107900124,15,57,-42
107900125,42,217,-175
107900126,1,39,-38
107900127,573,102,471
107900128,123,80,43
107900129,24,47,-23
107900130,37,45,-8
107900131,799,79,720
107900132,149,590,-441
107900133,1,101,-100
107900134,16,12,4
107900135,2,278,-276
107900136,57,23,34
107900137,87,102,-15
107900138,35,33,2
107900139,24,68,-44
107900140,124,62,62
107900141,57,58,-1
107900142,47,1321,-1274
107900143,63,88,-25
107900144,1,192,-191
107900145,17,120,-103
107900146,69,188,-119
107900147,40,16,24
107900148,142,221,-79
107900149,1940,312,1628
107900150,109,1043,-934
107900151,8,115,-107
107900152,15,381,-366
107900153,152,240,-88
107900154,17,6,11
107900155,25,47,-22
107900156,5,586,-581
107900157,35,84,-49
107900158,370,20,350
107900159,54,1560,-1506
107900160,30,213,-183
107900161,13,290,-277
107900162,0,211,-211
107900163,178,65,113
107900164,2,41,-39
107900165,33,82,-49
107900166,8,382,-374
107900167,11,73,-62
107900168,8,50,-42
107900169,2,250,-248
107900171,12,2459,-2447
107900172,0,442,-442
107900173,9,322,-313
107900174,60,8,52
107900175,5,36,-31
107900176,10,36,-26
107900177,0,326,-326
107900178,3,344,-341
107900179,15,185,-170
107900180,1170,309,861
107900181,301,449,-148
107900182,2,1928,-1926
107900183,17,481,-464
107900184,59,375,-316
107900185,44,9,35
107900186,14,59,-45
107900187,2,164,-162
107900188,953,121,832
107900189,12,163,-151
107900190,128,44,84
107900191,59,176,-117
107900193,6,27,-21
107900194,125,5,120
107900195,5085,587,4498
107900196,53,105,-52
107900197,1296,177,1119
107900199,3,1474,-1471
107900201,70,191,-121
107900203,31,98,-67
107900204,305,311,-6
107900205,200,565,-365
107900206,470,189,281
107900207,6,846,-840
107900208,1,1114,-1113
107900209,432,117,315
107900210,85,185,-100
107900213,898,603,295
107900214,7,208,-201
107900215,221,369,-148
107900216,96,63,33
107900217,65,93,-28
107900218,14,1929,-1915
107900219,29,168,-139
107900220,263,123,140
107900221,219,248,-29
107900223,97,804,-707
107900224,212,391,-179
107900225,10,1200,-1190
107900226,74,145,-71
107900227,108,658,-550
107900228,12,129,-117
107900229,2,275,-273
107900230,15,186,-171
107900231,16,281,-265
107900232,28,265,-237
107900233,4,206,-202
107900234,41,230,-189
107900235,31,113,-82
107900236,52,127,-75
107900237,126,508,-382
107900238,26,166,-140
107900239,1722,489,1233
107900240,11,197,-186
107900241,18,143,-125
107900242,13,492,-479
107900243,4,58,-54
107900244,162,15,147
107900245,265,31,234
107900246,112,5,107
107900248,173,650,-477
107900249,363,18,345
107900250,1,773,-772
107900251,68,1699,-1631
107900252,547,14,533
107900253,80,1,79
107900254,46,192,-146
107900255,497,71,426
107900256,566,581,-15
107900257,94,43,51
107900258,63,269,-206
107900259,125,985,-860
107900261,2,663,-661
107900262,28,148,-120
107900264,142,7,135
107900265,102,232,-130
107900267,119,39,80
107900268,65,15,50
107900269,0,8,-8
107900270,3,1,2
107900271,5,8,-3
107900272,230,12,218
107900273,22,119,-97
107900274,27,0,27
107900275,10,1,9
107900276,2,116,-114
107900277,0,305,-305
107900278,189,468,-279
107900279,230,113,117
107900280,2243,1670,573
107900281,3851,1183,2668
107900282,79,227,-148
107900283,1512,403,1109
107900284,197,1040,-843
107900285,40,144,-104
107900286,186,106,80
107900287,88,188,-100
107900290,0,44,-44
107900291,311,16,295
107900292,120,329,-209
107900293,50,677,-627
107900295,63,141,-78
107900297,4,414,-410
107900298,958,1378,-420
107900299,4340,1993,2347
107900300,34,289,-255
107900301,488,314,174
107900302,111,30,81
107900303,69,437,-368
107900304,169,677,-508
107900305,167,10,157
107900306,35,10,25
107900307,69,327,-258
107900308,215,71,144
107900309,16,1,15
107900310,0,0,0
107900311,452,115,337
107900312,0,1,-1
107900313,0,115,-115
107900314,0,73,-73
107900315,1,67,-66
107900316,34,4,30
107900317,64,8,56
107900318,3,163,-160
107900319,4,334,-330
107900320,0,218,-218
107900321,90,13,77
107900322,5,247,-242
107900323,13,232,-219
107900324,168,2,166
107900325,37,1,36
107900326,122,551,-429
107900327,45,3,42
107900328,0,0,0
107900329,0,0,0
107900330,4,807,-803
107900331,168,48,120
107900332,105,41,64
107900333,38,9,29
107900334,10,327,-317
107900335,41,77,-36
107900336,11,48,-37
107900337,1704,544,1160
107900338,2,185,-183
107900339,8,38,-30
107900340,0,75,-75
107900341,17,1,16
107900342,64,154,-90
107900343,36,1,35
107900344,7,151,-144
107900345,69,25,44
107900346,27,2,25
107900347,20,0,20
107900348,0,1,-1
107900349,17,9,8
107900350,52,371,-319
108000001,2526,3317,-791
108000002,2751,3986,-1235
108000003,3341,1999,1342
108000004,18479,20033,-1554
108000005,5733,3539,2194
108000006,7450,8036,-586
108000007,4157,3588,569
108000008,5538,7224,-1686
108000009,2415,3336,-921
108000010,2902,6209,-3307
108000011,11482,9069,2413
108000012,24124,19820,4304
108000014,907,638,269
108000015,522,367,155
108000016,199,838,-639
108000017,680,458,222
108000018,1234,561,673
108000019,1484,689,795
108000020,1184,491,693
108000021,574,2103,-1529
108000022,631,1966,-1335
108000023,995,242,753
108000024,159,860,-701
108000025,217,276,-59
108000026,332,801,-469
108000027,366,585,-219
108000028,259,338,-79
108000029,317,709,-392
108000030,407,240,167
108000031,212,742,-530
108000032,861,633,228
108000033,599,1723,-1124
108000034,1161,467,694
108000035,1046,3354,-2308
108000036,406,1863,-1457
108000037,1254,418,836
108000038,1655,458,1197
108000039,534,3384,-2850
108000040,1158,749,409
108000041,820,3618,-2798
108000042,105,263,-158
108000043,139,411,-272
108000044,278,225,53
108000045,235,1024,-789
108000046,1032,351,681
108000047,406,1647,-1241
108000048,105,628,-523
108000049,442,213,229
108000050,127,632,-505
108000051,172,83,89
108000052,393,988,-595
108000053,201,107,94
108000054,623,1245,-622
108000055,849,320,529
108000056,969,1251,-282
108000057,489,756,-267
108000058,2115,3046,-931
108000059,4514,2303,2211
108000060,163,299,-136
108000061,193,349,-156
108000062,485,465,20
108000063,404,817,-413
108000064,152,266,-114
108000065,496,850,-354
108000066,1812,823,989
108000067,1494,507,987
108000068,628,302,326
108000069,190,1601,-1411
108000070,1325,735,590
108000071,608,2489,-1881
108000072,1219,1136,83
108000073,1806,2773,-967
108000074,301,384,-83
108000075,452,1116,-664
108000076,610,467,143
108000077,712,1031,-319
108000078,1692,1505,187
108000079,1111,2484,-1373
108000080,672,603,69
108000081,572,3336,-2764
108000082,1167,2323,-1156
108000083,1597,770,827
108000084,436,1693,-1257
108000085,365,334,31
108000086,1114,1127,-13
108000087,154,1361,-1207
108000088,139,6,133
108000089,296,367,-71
108000090,225,121,104
108000091,97,702,-605
108000092,62,87,-25
108000093,109,1173,-1064
108000094,436,132,304
108000095,123,723,-600
108000096,194,194,0
108000097,119,843,-724
108000098,870,1719,-849
108000099,195,112,83
108000100,52,194,-142
108000101,779,1079,-300
108000102,1316,2072,-756
108000106,1088,4,1084
108000107,3,882,-879
108000108,698,52,646
108000109,15,1153,-1138
108000110,135,295,-160
108000111,164,1057,-893
108000112,51,96,-45
108000113,557,386,171
108000115,550,432,118
108000117,897,360,537
108000118,123,173,-50
108000119,807,502,305
108000120,112,625,-513
108000121,156,627,-471
108000122,354,370,-16
108000123,510,404,106
108000124,217,908,-691
108000125,207,474,-267
108000126,90,784,-694
108000127,358,467,-109
108000128,420,1045,-625
108000129,199,1827,-1628
108000130,244,342,-98
108000131,686,303,383
108000132,2274,1923,351
108000133,559,548,11
108000134,783,978,-195
108000135,757,338,419
108000136,978,1474,-496
108000137,283,450,-167
108000138,266,1548,-1282
108000139,197,546,-349
108000140,28,16,12
108000141,17,274,-257
108000142,44,215,-171
108000143,26,58,-32
108000144,16,11,5
108000145,36,36,0
108000146,48,16,32
108000147,62,65,-3
108000148,57,6,51
108000149,22,41,-19
108000150,28,5,23
108000151,27,16,11
108000152,87,800,-713
108000153,239,93,146
108000154,45,20,25
108000155,13,18,-5
108000156,452,130,322
108000157,110,546,-436
108000158,77,633,-556
108000159,802,157,645
108000160,6147,896,5251
108000161,5909,1698,4211
108000165,1,100,-99
108000172,0,229,-229
108000173,3528,1461,2067
108000175,134,119,15
108000178,537,439,98
108000179,239,551,-312
108000181,44,28,16
108000182,196,16,180
108000183,64,30,34
108000184,1472,1523,-51
108000185,115,979,-864
108000186,85,68,17
108000187,99,1109,-1010
108000188,264,328,-64
108000189,730,826,-96
108000190,35,133,-98
108000192,102,846,-744
108000193,962,51,911
108000194,31,9,22
108000195,3,1483,-1480
108000196,120,118,2
108000198,350,478,-128
108000199,1,136,-135
108000200,219,894,-675
108000202,0,177,-177
108000203,94,1327,-1233
108000204,65,38,27
108000205,507,806,-299
108000339,1893,368,1525
108000364,177,257,-80
108000365,48,432,-384
108000367,152,510,-358
108000368,10,62,-52
108000369,1868,170,1698
108000371,5,827,-822
108000372,469,3,466
108000373,125,217,-92
108000376,38,29,9
108000377,329,471,-142
108000378,9392,8406,986
108000379,42,200,-158
108000381,37,15,22
108000382,86,0,86
108000383,0,126,-126
108900001,204,1617,-1413
108900002,185,56,129
108900003,455,1270,-815
108900004,191,210,-19
108900005,36,155,-119
108900006,503,200,303
108900007,147,263,-116
108900008,62,199,-137
108900009,33,138,-105
108900010,92,192,-100
108900011,237,390,-153
108900012,201,610,-409
108900013,136,313,-177
108900014,42,87,-45
108900015,0,34,-34
108900016,0,297,-297
108900017,171,280,-109
108900018,109,727,-618
108900019,34,1714,-1680
108900020,28,371,-343
108900021,81,302,-221
108900022,41,0,41
108900023,2,30,-28
108900024,21,189,-168
108900025,36,149,-113
108900026,19,125,-106
108900027,0,135,-135
108900028,28,540,-512
108900029,53,256,-203
108900030,0,149,-149
108900031,52,707,-655
108900032,15,315,-300
108900033,0,138,-138
108900034,2,408,-406
108900035,276,2427,-2151
108900036,249,426,-177
108900037,51,544,-493
108900038,1,536,-535
108900039,6,866,-860
108900040,4,156,-152
108900041,6538,2522,4016
108900042,8,352,-344
108900043,59,666,-607
108900044,0,890,-890
108900045,35,1031,-996
108900046,70,1430,-1360
108900047,0,56,-56
108900048,88,1586,-1498
108900049,6924,831,6093
108900050,3,405,-402
108900051,0,347,-347
108900052,24,387,-363
108900053,130,131,-1
108900054,55,288,-233
108900055,101,610,-509
108900056,1,247,-246
108900057,1,399,-398
108900058,19,635,-616
108900059,209,27,182
108900060,79,133,-54
108900061,80,27,53
108900062,5,410,-405
108900063,24,581,-557
108900064,80,70,10
108900065,17,439,-422
108900066,203,137,66
108900067,122,242,-120
108900068,1,198,-197
108900069,25,146,-121
108900070,45,166,-121
108900071,69,97,-28
108900072,2872,368,2504
108900073,11,112,-101
108900074,88,647,-559
108900075,66,78,-12
108900076,165,104,61
108900077,158,178,-20
108900078,17,336,-319
108900079,1229,271,958
108900080,22,524,-502
108900081,50,334,-284
108900082,17,127,-110
108900083,16,222,-206
108900084,427,155,272
108900085,2639,198,2441
108900086,53,491,-438
108900087,139,342,-203
108900088,797,370,427
108900089,10,134,-124
108900090,44,618,-574
108900091,202,186,16
108900092,265,284,-19
108900093,98,74,24
108900094,211,110,101
108900095,59,837,-778
108900096,546,42,504
108900097,216,276,-60
108900098,4149,417,3732
108900099,306,455,-149
108900100,79,197,-118
108900101,157,69,88
108900102,205,649,-444
108900103,56,39,17
108900104,320,456,-136
108900105,3,702,-699
108900106,175,718,-543
108900108,245,74,171
108900109,8,23,-15
108900110,148,708,-560
108900111,287,1121,-834
108900112,107,32,75
108900113,27,31,-4
108900114,0,2,-2
108900115,63,63,0
108900116,26,22,4
108900117,86,11,75
108900118,399,5,394
108900119,155,38,117
108900120,80,129,-49
108900121,265,78,187
108900122,89,63,26
108900123,76,55,21
108900124,301,129,172
108900125,198,5,193
108900126,55,32,23
108900127,93,46,47
108900128,58,20,38
108900129,489,116,373
108900130,156,3,153
108900131,252,7,245
108900132,379,230,149
108900133,90,55,35
108900134,107,325,-218
108900135,56,7,49
108900136,11,0,11
108900137,109,3,106
108900138,289,15,274
108900139,327,82,245
108900140,103,240,-137
108900141,150,28,122
108900142,72,0,72
108900143,16,0,16
108900144,43,1,42
108900145,68,5,63
108900146,45,0,45
108900147,138,3,135
108900148,100,73,27
108900149,595,392,203
108900150,213,3,210
108900151,110,6,104
108900152,50,41,9
108900153,79,732,-653
108900154,3668,578,3090
108900155,174,87,87
108900156,56,16,40
108900157,21,963,-942
108900158,170,34,136
108900159,6,534,-528
108900160,15,364,-349
108900161,8,709,-701
108900162,46,0,46
108900163,4,188,-184
108900164,39,81,-42
108900165,209,89,120
108900167,2411,2826,-415
108900168,11967,2209,9758
108900169,26,192,-166
108900171,11733,2016,9717
108900172,125,47,78
108900173,269,486,-217
108900174,269,447,-178
108900176,194,737,-543
108900177,10139,2842,7297
108900178,6544,2451,4093
108900179,542,897,-355
108900180,89,222,-133
108900182,14,185,-171
108900183,188,276,-88
108900184,412,231,181
108900185,70,421,-351
108900186,114,422,-308
108900187,204,48,156
108900188,351,55,296
108900189,224,207,17
108900190,58,4660,-4602
108900191,151,42,109
108900192,61,333,-272
108900193,284,51,233
108900194,31,543,-512
108900195,76,501,-425
108900196,32,878,-846
108900198,3,770,-767
108900199,200,373,-173
108900200,272,371,-99
108900201,331,1429,-1098
108900203,442,42,400
108900204,334,12,322
108900205,148,27,121
108900206,250,21,229
108900207,201,46,155
108900208,27,481,-454
108900209,265,912,-647
108900210,160,249,-89
108900211,91,325,-234
108900212,955,878,77
108900215,123,709,-586
108900216,453,134,319
108900217,73,5,68
108900218,214,6,208
108900219,59,6,53
108900220,54,21,33
108900221,36,99,-63
108900222,150,23,127
108900223,27,62,-35
108900224,37,145,-108
108900225,0,216,-216
108900226,184,8,176
108900227,114,156,-42
108900230,520,425,95
108900231,76,340,-264
108900232,4,605,-601
108900233,322,93,229
108900234,209,135,74
108900235,198,755,-557
108900236,55,499,-444
108900237,64,318,-254
108900240,114,125,-11
108900241,31,18,13
108900245,4,820,-816
108900249,86,35,51
108900250,150,165,-15
108900257,98,785,-687
108900258,16,342,-326
108900259,30,132,-102
108900260,6,178,-172
108900261,157,195,-38
108900262,346,181,165
108900263,97,374,-277
108900264,568,321,247
108900265,1719,302,1417
108900266,1748,308,1440
108900267,0,67,-67
108900268,1,3,-2
108900269,43,9,34
108900270,43,13,30
108900271,20,3,17
108900272,164,4,160
108900273,1401,452,949
108900274,44,80,-36
109000001,3562,1051,2511
109000002,3201,1535,1666
109000003,1943,561,1382
109000004,534,3196,-2662
109000005,1557,832,725
109000006,633,2537,-1904
109000007,1121,734,387
109000008,416,2329,-1913
109000009,3043,1302,1741
109000010,1383,5146,-3763
109000011,2163,1539,624
109000012,1675,4943,-3268
109000013,2802,2119,683
109000014,1785,4837,-3052
109000015,3153,4054,-901
109000016,12207,5561,6646
109000017,1721,1172,549
109000018,831,4250,-3419
109000019,1745,1216,529
109000020,1187,2649,-1462
109000023,287,29,258
109000024,7,152,-145
109000025,366,305,61
109000026,821,327,494
109000027,77,188,-111
109000028,113,122,-9
109000029,126,140,-14
109000030,107,833,-726
109000031,129,106,23
109000032,105,720,-615
109000033,250,114,136
109000034,48,45,3
109000035,31,47,-16
109000036,66,446,-380
109000037,186,785,-599
109000038,603,395,208
109000039,792,508,284
109000040,6867,4433,2434
109000041,6105,1250,4855
109000042,1115,1245,-130
109000044,244,65,179
109000045,95,436,-341
109000046,305,71,234
109000047,95,482,-387
109000048,721,168,553
109000049,279,649,-370
109000050,365,308,57
109000051,357,362,-5
109000052,421,2256,-1835
109000053,116,100,16
109000054,473,978,-505
109000055,136,239,-103
109000056,315,794,-479
109000057,444,273,171
109000058,872,361,511
109000059,629,1015,-386
109000060,569,239,330
109000061,1658,602,1056
109000062,156,256,-100
109000063,181,276,-95
109000064,159,201,-42
109000065,91,417,-326
109000066,214,147,67
109000067,34,519,-485
109000068,771,13,758
109000069,826,31,795
109000070,9,1007,-998
109000071,250,74,176
109000072,59,299,-240
109000073,24,108,-84
109000074,34,295,-261
109000075,59,443,-384
109000076,57,184,-127
109000077,369,383,-14
109000078,60,123,-63
109000079,124,324,-200
109000080,68,166,-98
109000081,110,773,-663
109000082,342,402,-60
109000083,217,1083,-866
109000088,165,598,-433
109000089,242,35,207
109000090,150,573,-423
109000091,181,136,45
109000092,447,894,-447
109000093,150,163,-13
109000094,275,3,272
109000095,87,840,-753
109000096,426,210,216
109000097,93,161,-68
109000098,40,83,-43
109000099,589,500,89
109000100,218,755,-537
109000101,886,1193,-307
109000102,282,1157,-875
109000103,301,763,-462
109000104,944,814,130
109000105,391,2176,-1785
109000106,1359,717,642
109000107,533,2852,-2319
109000108,1118,539,579
109000109,467,2458,-1991
109000110,1173,506,667
109000111,1121,3045,-1924
109000112,355,199,156
109000113,222,195,27
109000114,176,438,-262
109000115,1170,34,1136
109000116,1,251,-250
109000117,117,126,-9
109000118,9,355,-346
109000119,674,545,129
109000120,156,1686,-1530
109000121,199,57,142
109000122,103,1555,-1452
109000123,16,118,-102
109000124,402,451,-49
109000125,473,348,125
109000126,288,1223,-935
109000127,430,192,238
109000128,434,3155,-2721
109000129,1355,625,730
109000130,604,3582,-2978
109000131,597,321,276
109000132,751,2498,-1747
109000133,314,1110,-796
109000134,707,1752,-1045
109000135,1019,1655,-636
109000136,239,610,-371
109000137,159,331,-172
109000138,400,675,-275
109000139,300,563,-263
109000140,138,662,-524
109000141,226,561,-335
109000142,89,756,-667
109000143,84,75,9
109000145,48,209,-161
109000146,42,99,-57
109000148,5208,1244,3964
109000149,18,59,-41
109000150,53,217,-164
109000155,473,645,-172
109000156,1464,1124,340
109000158,134,290,-156
109000159,130,890,-760
109000160,569,326,243
109000161,227,1880,-1653
109000162,1510,1153,357
109000163,872,2411,-1539
109000164,848,3281,-2433
109000165,985,806,179
109000166,417,187,230
109000167,127,1244,-1117
109000170,60,60,0
109000171,35,45,-10
109000172,47,50,-3
109000173,20,98,-78
109000174,61,59,2
109000175,54,134,-80
109000176,195,345,-150
109000177,20,166,-146
109000178,285,113,172
109000179,9657,3042,6615
109000180,6295,3250,3045
109000181,9,35,-26
109000182,15,50,-35
109000183,28,64,-36
109000184,32,8,24
109000185,16,90,-74
109000188,406,3527,-3121
109000189,1712,1171,541
109000190,446,580,-134
109000191,201,798,-597
109000192,212,306,-94
109000193,113,542,-429
109000194,103,182,-79
109000195,65,576,-511
109000196,207,129,78
109000197,171,621,-450
109000198,216,72,144
109000199,115,660,-545
109000206,234,37,197
109000207,90,50,40
109000208,94,80,14
109000209,198,122,76
109000210,171,632,-461
109000211,254,406,-152
109000214,214,718,-504
109000215,81,69,12
109000216,180,157,23
109000217,162,91,71
109000218,200,132,68
109000221,377,1474,-1097
109000222,724,148,576
109000223,212,290,-78
109000224,37,399,-362
109000225,56,62,-6
109000226,44,350,-306
109000227,815,1918,-1103
109000228,0,425,-425
109000231,5,655,-650
109000232,282,553,-271
109000236,243,1063,-820
109000241,1531,2419,-888
109000242,1316,1817,-501
109000293,15,57,-42
109000361,81,326,-245
109000364,213,843,-630
109000396,12,1169,-1157
109000397,303,16,287
109000399,122,699,-577
109000400,42,345,-303
109000403,83,444,-361
109000406,209,8,201
109000407,214,293,-79
109000408,2,963,-961
109000410,618,182,436
109000411,62,32,30
109900001,71,0,71
109900002,503,9,494
109900003,109,2,107
109900004,559,291,268
109900005,10,4,6
109900006,234,299,-65
109900007,392,1112,-720
109900008,0,36,-36
109900009,105,996,-891
109900010,355,18,337
109900011,52,34,18
109900012,231,158,73
109900013,232,129,103
109900014,212,43,169
109900015,457,162,295
109900016,76,66,10
109900017,73,142,-69
109900018,169,178,-9
109900019,119,103,16
109900020,19,40,-21
109900021,23,14,9
109900022,37,449,-412
109900023,14,9,5
109900024,11,0,11
109900025,13,93,-80
109900026,3,207,-204
109900027,34,16,18
109900028,3056,502,2554
109900029,8,769,-761
109900030,24,7,17
109900031,0,148,-148
109900032,1,344,-343
109900033,4,696,-692
109900034,7,0,7
109900035,14,23,-9
109900036,10,115,-105
109900037,26,696,-670
109900038,39,343,-304
109900039,10,0,10
109900040,19,836,-817
109900041,79,716,-637
109900042,21,581,-560
109900044,69,383,-314
109900045,98,37,61
109900046,10,64,-54
109900047,443,425,18
109900048,0,135,-135
109900049,2,25,-23
109900050,1,436,-435
109900051,1,64,-63
109900052,50,384,-334
109900053,4,720,-716
109900054,377,174,203
109900055,41,279,-238
109900056,14,159,-145
109900057,18,274,-256
109900058,2,146,-144
109900059,336,91,245
109900060,330,236,94
109900061,81,386,-305
109900062,2,440,-438
109900063,7,455,-448
109900064,258,355,-97
109900065,97,138,-41
109900066,327,1315,-988
109900067,0,670,-670
109900068,30,6,24
109900069,3,70,-67
109900070,52,364,-312
109900071,0,61,-61
109900072,16,145,-129
109900073,247,1119,-872
109900074,5,65,-60
109900075,10,20,-10
109900076,15,394,-379
109900077,24,50,-26
109900078,127,403,-276
109900080,116,471,-355
109900081,8,122,-114
109900082,36,632,-596
109900083,20,67,-47
109900084,55,188,-133
109900085,163,1431,-1268
109900086,107,229,-122
109900087,381,464,-83
109900089,430,108,322
109900090,619,1747,-1128
109900091,154,95,59
109900092,413,7,406
109900093,413,140,273
109900094,34,126,-92
109900095,142,319,-177
109900096,17,3,14
109900097,67,2,65
109900098,178,29,149
109900099,149,3,146
109900100,31,0,31
109900101,256,5,251
109900102,289,24,265
109900103,21,45,-24
109900104,295,1594,-1299
109900105,255,21,234
109900106,282,78,204
109900107,243,82,161
109900108,102,606,-504
109900109,25,272,-247
109900110,58,622,-564
109900111,379,1676,-1297
109900112,482,1333,-851
109900113,539,362,177
109900114,904,597,307
109900115,88,93,-5
109900117,540,125,415
109900118,325,572,-247
109900119,581,334,247
109900120,29,5,24
109900121,290,280,10
109900122,242,0,242
109900123,6,213,-207
109900124,50,1109,-1059
109900125,6,290,-284
109900126,138,227,-89
109900128,158,66,92
109900130,15054,1695,13359
109900131,74,193,-119
109900132,41,230,-189
109900133,73,495,-422
109900134,63,60,3
109900135,512,83,429
109900136,35,176,-141
109900137,73,480,-407
109900138,336,537,-201
109900140,117,415,-298
109900142,690,301,389
109900145,0,168,-168
109900146,357,39,318
109900148,31,82,-51
109900149,45,81,-36
109900150,4,109,-105
109900151,4,52,-48
109900152,0,20,-20
109900153,0,59,-59
109900154,8,0,8
109900155,54,14,40
109900157,51,439,-388
109900158,62,131,-69
109900159,77,34,43
109900160,84,55,29
109900161,153,72,81
109900162,156,76,80
109900163,978,436,542
109900164,39,306,-267
109900165,203,2,201
109900166,3,204,-201
109900167,132,857,-725
109900168,142,764,-622
109900169,88,162,-74
109900170,272,478,-206
109900171,105,93,12
109900172,148,199,-51
109900173,5510,1632,3878
109900174,37,218,-181
109900175,23,59,-36
109900176,78,202,-124
109900177,45,327,-282
109900178,7,139,-132
109900179,11,25,-14
109900180,4,23,-19
110000001,697,716,-19
110000002,601,511,90
110000003,1095,831,264
110000004,571,587,-16
110000005,658,1147,-489
110000006,635,345,290
110000007,111,221,-110
110000008,17,60,-43
110000009,16,54,-38
110000010,23,100,-77
110000011,12,123,-111
110000012,711,584,127
110000013,52,321,-269
110000014,651,419,232
110000015,262,473,-211
110000016,256,889,-633
110000017,4598,279,4319
110000018,4291,606,3685
110000019,10,196,-186
110000020,636,264,372
110000021,506,462,44
110000022,744,215,529
110000023,5,244,-239
110000024,515,436,79
110000025,184,1,183
110000026,4,927,-923
110000027,878,443,435
110000028,595,728,-133
110000029,536,1164,-628
110000030,194,337,-143
110000031,203,803,-600
110000032,536,430,106
110000033,190,114,76
110000034,176,954,-778
110000035,419,1234,-815
110000036,542,936,-394
110000037,146,808,-662
110000038,190,727,-537
110000039,594,1604,-1010
110000040,306,617,-311
110000041,220,771,-551
110000042,77,401,-324
110000043,306,174,132
110000044,79,119,-40
110000045,361,95,266
110000046,6,10,-4
110000047,56,7,49
110000048,48,16,32
110000049,53,7,46
110000050,17,18,-1
110000051,7,7,0
110000052,27,33,-6
110000053,83,2,81
110000054,161,243,-82
110000055,249,45,204
110000056,200,47,153
110000057,294,959,-665
110000058,695,675,20
110000059,613,625,-12
110000060,464,921,-457
110000061,970,966,4
110000062,847,831,16
110000063,20,84,-64
110000064,39,169,-130
110000065,41,112,-71
110000066,61,49,12
110000067,65,434,-369
110000068,155,731,-576
110000069,150,111,39
110000071,66,158,-92
110000073,5,21,-16
110000075,3,117,-114
110000076,252,291,-39
110000077,538,775,-237
110000078,9,89,-80
110000080,249,721,-472
110000081,17,308,-291
110000082,17,309,-292
110000083,218,636,-418
110000084,591,556,35
110000085,3267,1614,1653
110000086,1391,1285,106
110000087,1,57,-56
110000088,38,241,-203
110000089,233,195,38
110000090,80,320,-240
110000091,2241,335,1906
110000092,21,103,-82
110000093,35,8,27
110000094,445,290,155
110000095,107,594,-487
110000096,4701,1907,2794
110000097,990,1021,-31
110000098,1526,680,846
110000099,859,1677,-818
110000100,388,1046,-658
110000101,11,716,-705
110000102,44,39,5
110000104,170,87,83
110000105,49,337,-288
110000106,484,263,221
110000107,465,439,26
110000108,179,47,132
110000109,327,353,-26
110000110,5739,3501,2238
110000111,10406,2021,8385
110000112,1866,490,1376
110000113,1025,1108,-83
110000114,148,398,-250
110000115,225,284,-59
110000116,25,25,0
110000117,120,817,-697
110000118,295,301,-6
110000119,162,524,-362
110000120,226,191,35
110000121,111,379,-268
110000122,268,698,-430
110000123,401,482,-81
110000124,7,1006,-999
110000125,818,5,813
110000126,294,36,258
110000127,659,55,604
110000128,19,2135,-2116
110000129,4,709,-705
110000130,120,139,-19
110000131,129,408,-279
110000132,4,885,-881
110000133,54,370,-316
110000134,20,382,-362
110000135,190,37,153
110000136,37,405,-368
110000137,325,935,-610
110000138,459,1018,-559
110000139,563,2100,-1537
110000140,797,402,395
110000143,753,418,335
110000144,5642,1232,4410
110000145,1283,770,513
110000146,2192,941,1251
110000147,306,809,-503
110000148,288,466,-178
110000151,902,551,351
110000152,602,268,334
110000153,50,56,-6
110000154,79,23,56
110000155,2892,2462,430
110000156,676,1413,-737
110000157,1490,1846,-356
110000160,360,541,-181
110000161,106,555,-449
110000166,304,190,114
110000167,537,478,59
110000168,769,329,440
110000169,555,307,248
110000170,138,105,33
110000171,605,199,406
110000172,125,920,-795
110000173,1246,1496,-250
110000174,86,1733,-1647
110000175,368,130,238
110000176,81,275,-194
110000177,144,825,-681
110000178,513,972,-459
110000179,1745,452,1293
110000180,118,388,-270
110000181,227,479,-252
110000182,543,295,248
110000183,14366,4898,9468
110000184,774,1774,-1000
110000185,811,813,-2
110000186,727,729,-2
110000191,387,500,-113
110000192,306,7,299
110000193,383,3,380
110000194,11,1831,-1820
110000195,201,536,-335
110000196,252,699,-447
110000197,41,348,-307
110000198,76,103,-27
110000199,60,152,-92
110000200,1468,649,819
110000201,570,718,-148
110000202,1147,496,651
110000203,776,1030,-254
110000204,8,479,-471
110000205,125,92,33
110000206,818,2429,-1611
110000207,536,349,187
110000208,174,96,78
110000209,125,1150,-1025
110000210,513,781,-268
110000211,444,855,-411
110000212,340,934,-594
110000213,67,62,5
110000214,87,135,-48
110000215,80,750,-670
110000216,56,805,-749
110000217,221,315,-94
110000218,140,674,-534
110000219,200,107,93
110000220,29,684,-655
110000221,190,115,75
110000222,31,428,-397
110000223,6,130,-124
110000224,100,17,83
110000225,221,611,-390
110000226,151,72,79
110000227,751,487,264
110000228,372,419,-47
110000229,2,355,-353
110000230,411,567,-156
110000231,143,182,-39
110000232,140,254,-114
110000233,126,312,-186
110000234,551,441,110
110000235,1036,909,127
110000236,337,1065,-728
110000237,1090,1095,-5
110000238,931,1551,-620
110000239,1066,1728,-662
110000240,0,106,-106
110000242,0,9,-9
110000243,60,267,-207
110000244,145,434,-289
110000245,26,515,-489
110000246,452,851,-399
110000247,1637,4978,-3341
110000248,2804,1582,1222
110000249,74,5,69
110000250,14,265,-251
110000251,146,514,-368
110000252,193,365,-172
110000253,950,469,481
110000254,676,1697,-1021
110000255,267,1557,-1290
110000256,367,269,98
110000257,736,526,210
110000258,8,622,-614
110000259,51,20,31
110000260,9,548,-539
110000263,729,127,602
110000264,208,844,-636
110000265,1027,1499,-472
110000266,2247,2461,-214
110000267,17,264,-247
110000268,282,660,-378
110000269,1,107,-106
110000270,37,3,34
110000271,2303,325,1978
110000272,812,999,-187
110000273,3285,1646,1639
110000274,214,979,-765
110000275,3922,639,3283
110000276,121,264,-143
110000277,184,549,-365
110000278,197,1055,-858
110000279,545,766,-221
110000280,200,487,-287
110000281,40,239,-199
110000282,301,46,255
110000283,34,109,-75
110000284,51,37,14
110000285,0,302,-302
110000286,21,0,21
110000287,51,2,49
110000288,0,122,-122
110000289,474,1359,-885
110000290,1495,575,920
110000291,7311,1688,5623
110000292,1322,3489,-2167
110000293,388,1241,-853
110000294,599,853,-254
110000295,113,1109,-996
110000296,295,420,-125
110000297,2580,310,2270
110000298,338,511,-173
110000299,583,34,549
110000301,210,15,195
110000302,170,1644,-1474
110000303,252,3,249
110000304,63,345,-282
110000305,538,27,511
110000306,140,2355,-2215
110000307,933,5,928
110000308,446,69,377
110000309,16,1737,-1721
110000310,490,57,433
110000311,19,1178,-1159
110000312,426,76,350
110000313,3487,2087,1400
110000314,2,323,-321
110000315,3635,2112,1523
110000316,622,1163,-541
110000317,525,306,219
110000318,3,107,-104
110000319,6,16,-10
110000320,37,62,-25
110000321,14,42,-28
110000322,134,741,-607
110000323,246,313,-67
110000324,5727,1362,4365
110000325,2751,2074,677
110000327,519,310,209
110000328,196,603,-407
110000333,607,472,135
110000334,721,1738,-1017
110000335,1002,683,319
110000336,430,1598,-1168
110000337,869,672,197
110000338,199,302,-103
110000339,133,331,-198
110000340,20,245,-225
110000341,282,711,-429
110000342,576,6,570
110000343,0,12,-12
110000344,65,231,-166
110000345,123,102,21
110000346,2578,1515,1063
110000347,981,846,135
110000348,7,20,-13
110000349,11,26,-15
110000350,30,3,27
110000351,604,1034,-430
110000352,471,1577,-1106
110000353,3543,890,2653
110000354,985,1932,-947
110000355,84,83,1
110000356,581,9,572
110000357,262,17,245
110000361,14,85,-71
110000362,40,248,-208
110000363,217,156,61
110000364,148,369,-221
110000365,206,2,204
110000366,3,97,-94
110000367,298,409,-111
110000368,1,69,-68
110000369,48,3,45
110000373,0,404,-404
110000374,32,5,27
110000375,199,845,-646
110000376,46,85,-39
110000377,51,370,-319
110000378,41,306,-265
110000379,4466,1238,3228
110000380,53,12,41
110000383,3,1033,-1030
110000384,2606,1025,1581
110000385,1,286,-285
110000387,42,6,36
110000388,49,226,-177
110000389,395,8,387
110000391,251,531,-280
110000396,82,141,-59
110000397,54,318,-264
110000398,3,38,-35
110000399,126,5,121
110000587,46,29,17
110000589,164,201,-37
110000640,134,141,-7
110000652,18,143,-125
110000653,129,581,-452
110000654,11,32,-21
110000656,4,885,-881
110000674,32,24,8
110000675,69,19,50
110000676,21,80,-59
110000679,591,567,24
110000682,94,141,-47
110000683,368,593,-225
110000684,6,87,-81
110000685,8,4,4
110000686,1,39,-38
110000687,17,1,16
110000688,52,649,-597
110000689,13,67,-54
110000692,83,354,-271
110000693,179,368,-189
110000694,0,105,-105
110000695,120,804,-684
110000696,145,206,-61
110900001,247,38,209
110900002,158,266,-108
110900003,349,1214,-865
110900004,233,343,-110
110900005,5507,1538,3969
110900006,60,13,47
110900007,56,23,33
110900008,21,30,-9
110900009,366,47,319
110900010,8,129,-121
110900011,11,120,-109
110900012,9,188,-179
110900013,666,188,478
110900014,111,9,102
110900015,1174,470,704
110900016,18,240,-222
110900017,256,52,204
110900018,391,56,335
110900019,68,33,35
110900020,48,638,-590
110900021,57,881,-824
110900022,76,542,-466
110900023,106,791,-685
110900024,20,638,-618
110900025,4,51,-47
110900027,25,366,-341
110900028,34,276,-242
110900029,32,660,-628
110900030,17,546,-529
110900031,2,220,-218
110900032,0,119,-119
110900033,37,389,-352
110900035,22,518,-496
110900036,78,39,39
110900037,34,40,-6
110900038,1823,254,1569
110900039,5,304,-299
110900040,151,56,95
110900041,12,236,-224
110900042,77,50,27
110900043,6,217,-211
110900044,327,28,299
110900045,56,877,-821
110900046,150,406,-256
110900047,920,157,763
110900049,67,39,28
110900050,4,4,0
110900051,33,205,-172
110900052,3,280,-277
110900053,95,65,30
110900054,35,476,-441
110900055,30,1,29
110900056,73,165,-92
110900057,2,269,-267
110900058,102,352,-250
110900059,721,1146,-425
110900060,299,85,214
110900061,41,53,-12
110900062,86,369,-283
110900063,39,111,-72
110900064,8,0,8
110900065,350,129,221
110900066,2,106,-104
110900067,624,524,100
110900068,196,300,-104
110900069,2,43,-41
110900070,99,54,45
110900071,297,383,-86
110900073,2,30,-28
110900074,254,58,196
110900075,243,87,156
110900077,445,523,-78
110900078,17,150,-133
110900079,2372,699,1673
110900080,86,89,-3
110900081,3,132,-129
110900082,61,327,-266
110900083,110,40,70
110900084,21,247,-226
110900085,45,569,-524
110900086,56,204,-148
110900087,188,68,120
110900088,4,0,4
110900090,45,32,13
110900091,2,89,-87
110900093,240,64,176
110900095,28,55,-27
110900097,7,14,-7
110900098,15,128,-113
110900099,64,792,-728
110900100,0,30,-30
110900102,26,32,-6
110900105,891,589,302
110900108,6,172,-166
110900111,398,116,282
110900112,496,6,490
110900113,608,58,550
110900115,2,117,-115
110900116,387,3214,-2827
110900118,197,1588,-1391
110900119,7271,335,6936
110900120,8,125,-117
110900121,64,0,64
110900122,236,163,73
110900125,288,270,18
110900127,411,698,-287
110900128,231,168,63
110900129,452,455,-3
110900130,1478,336,1142
110900131,123,71,52
110900132,164,58,106
110900133,53,356,-303
110900135,116,725,-609
110900136,252,16,236
110900137,73,0,73
110900138,592,303,289
110900139,9,34,-25
110900140,35,4,31
110900141,1,67,-66
110900142,56,302,-246
110900143,84,77,7
110900144,2,921,-919
110900145,68,10,58
110900146,272,73,199
110900147,211,270,-59
110900148,6,512,-506
110900149,1,90,-89
110900150,54,23,31
110900151,4,92,-88
110900152,26,512,-486
110900153,102,38,64
111000001,247,188,59
111000002,340,611,-271
111000003,634,574,60
111000004,498,1244,-746
111000005,947,855,92
111000006,986,1401,-415
111000007,4539,1808,2731
111000008,3149,3706,-557
111000009,355,1088,-733
111000010,669,296,373
111000011,452,1029,-577
111000012,662,413,249
111000013,320,1339,-1019
111000014,954,517,437
111000017,118,556,-438
111000018,251,373,-122
111000020,2635,2575,60
111000021,88,150,-62
111000023,113,147,-34
111000025,8209,2561,5648
111000029,58,143,-85
111000030,30,142,-112
111000031,2350,870,1480
111000032,551,245,306
111000033,358,216,142
111000034,425,168,257
111000037,3794,1404,2390
111000038,3513,2841,672
111000039,1542,3002,-1460
111000040,1629,3250,-1621
111000041,1922,2160,-238
111000042,7582,3534,4048
111000043,1856,1797,59
111000044,1270,767,503
111000045,1389,1742,-353
111000046,1012,1281,-269
111000047,1621,2102,-481
111000049,428,723,-295
111000050,1881,1898,-17
111000051,547,1450,-903
111000052,654,1620,-966
111000053,360,1305,-945
111000054,260,1333,-1073
111000055,1329,2534,-1205
111000056,111,918,-807
111000057,108,1163,-1055
111000058,173,143,30
111000059,239,323,-84
111000060,2423,715,1708
111000061,359,446,-87
111000062,605,258,347
111000063,1549,799,750
111000064,507,631,-124
111000065,881,832,49
111000066,308,254,54
111000067,322,763,-441
111000068,366,821,-455
111000069,1817,2158,-341
111000070,2500,1387,1113
111000071,182,705,-523
111000072,505,300,205
111000073,165,572,-407
111000074,1342,1380,-38
111000075,627,772,-145
111000076,352,934,-582
111000077,1183,1368,-185
111000078,2153,1346,807
111000079,1513,844,669
111000080,403,766,-363
111000081,2410,3279,-869
111000082,523,824,-301
111000084,659,662,-3
111000085,840,1908,-1068
111000086,3961,1435,2526
111000087,815,1130,-315
111000088,7062,2050,5012
111000089,638,1028,-390
111000090,1268,1774,-506
111000091,727,1000,-273
111000092,980,1394,-414
111000093,517,881,-364
111000094,1454,984,470
111000095,925,1978,-1053
111000096,3408,6745,-3337
111000097,7540,1203,6337
111000098,619,1539,-920
111000099,465,3169,-2704
111000100,406,3059,-2653
111000101,411,1100,-689
111000102,147,1137,-990
111000104,218,241,-23
111000107,65,1047,-982
111000109,277,218,59
111000110,741,665,76
111000111,1233,510,723
111000112,1089,385,704
111000113,491,681,-190
111000114,1223,1546,-323
111000115,8823,975,7848
111000116,829,854,-25
111000117,538,862,-324
111000118,1568,1033,535
111000119,784,1770,-986
111000120,342,629,-287
111000121,224,725,-501
111000122,421,1271,-850
111000123,877,4019,-3142
111000124,503,4565,-4062
111000125,242,2719,-2477
111000126,85,1155,-1070
111000127,558,180,378
111000128,962,347,615
111000129,1794,466,1328
111000130,1325,784,541
111000131,978,594,384
111000132,682,468,214
111000133,72,185,-113
111000134,108,153,-45
111000135,42,116,-74
111000136,207,309,-102
111000138,7,4,3
111000140,0,3,-3
111000141,192,407,-215
111000142,39,115,-76
111000143,7,81,-74
111000144,51,113,-62
111000145,540,3,537
111000146,35,9,26
111000147,261,19,242
111000148,207,138,69
111000149,0,47,-47
111000150,2,1,1
111000151,2,24,-22
111000153,636,851,-215
111000154,840,232,608
111000155,139,184,-45
111000156,402,445,-43
111000157,186,579,-393
111000158,1053,548,505
111000159,3153,685,2468
111000160,250,483,-233
111000161,4,276,-272
111000162,7,170,-163
111000163,392,908,-516
111000164,969,2448,-1479
111000165,1377,519,858
111000166,2035,441,1594
111000167,184,565,-381
111000168,263,560,-297
111000169,293,750,-457
111000170,615,562,53
111000171,451,1167,-716
111000172,101,763,-662
111000173,183,1605,-1422
111000174,125,847,-722
111000175,47,326,-279
111000176,155,192,-37
111000177,169,339,-170
111000178,694,316,378
111000179,69,236,-167
111000180,161,319,-158
111000181,602,339,263
111000182,124,212,-88
111000183,274,331,-57
111000184,318,264,54
111000185,364,528,-164
111000186,217,349,-132
111000187,83,382,-299
111000188,149,593,-444
111000189,1845,628,1217
111000190,184,646,-462
111000191,124,531,-407
111000192,233,776,-543
111000193,396,453,-57
111000194,40,454,-414
111000195,107,627,-520
111000196,42,361,-319
111000197,209,201,8
111000198,303,135,168
111000199,120,178,-58
111000200,137,346,-209
111000201,287,274,13
111000202,185,255,-70
111000203,165,220,-55
111000204,262,502,-240
111000213,115,353,-238
111000214,1419,1768,-349
111000215,787,1533,-746
111000217,898,1107,-209
111000218,743,1001,-258
111000219,321,263,58
111000220,3721,631,3090
111000221,655,247,408
111000224,6,303,-297
111000225,233,57,176
111000226,197,3,194
111000227,44,4,40
111000228,9,222,-213
111000229,41,467,-426
111000230,228,752,-524
111000231,670,1795,-1125
111000232,347,1245,-898
111000233,373,814,-441
111000234,67,305,-238
111000239,145,300,-155
111000240,21,140,-119
111000241,37,532,-495
111000242,68,70,-2
111000243,118,1115,-997
111000244,223,126,97
111000245,545,864,-319
111000246,273,802,-529
111000247,157,1446,-1289
111000248,404,516,-112
111000249,568,1044,-476
111000250,43,195,-152
111000251,54,201,-147
111000253,6,6,0
111000255,15,7,8
111000257,27,14,13
111000260,72,1696,-1624
111000261,653,88,565
111000271,77,325,-248
111000273,7662,1620,6042
111000274,1206,1922,-716
111000275,79,95,-16
111000276,279,3203,-2924
111000277,171,561,-390
111000278,629,263,366
111000291,483,2963,-2480
111000298,336,289,47
111000299,407,116,291
111000300,93,739,-646
111000302,254,91,163
111000303,87,455,-368
111000312,60,74,-14
111000315,1,146,-145
111000320,350,754,-404
111000321,216,59,157
111000322,179,702,-523
111000323,83,21,62
111000324,364,309,55
111000325,32,78,-46
111000326,100,469,-369
111000327,345,623,-278
111000328,212,474,-262
111000329,3,22,-19
111000330,12,7,5
111000331,1,2,-1
111000332,397,1366,-969
111000334,511,1708,-1197
111000335,341,168,173
111000337,486,449,37
111000338,27,182,-155
111000339,223,941,-718
111000340,71,1053,-982
111000341,722,347,375
111000342,92,702,-610
111000344,804,711,93
111000345,278,49,229
111000346,27,96,-69
111000347,49,11,38
111000350,178,224,-46
111000351,112,290,-178
111000352,93,213,-120
111000353,110,325,-215
111000354,402,175,227
111000355,452,834,-382
111000358,92,2220,-2128
111000360,127,1228,-1101
111000361,117,588,-471
111000546,337,775,-438
111000547,239,859,-620
111000548,72,250,-178
111000549,187,600,-413
111000550,57,464,-407
111000551,728,195,533
111000552,644,156,488
111000907,197,38,159
111000908,8,0,8
111000916,669,258,411
111000917,27,405,-378
111000918,127,1446,-1319
111000920,277,5,272
111000921,10,280,-270
111000922,264,381,-117
111000924,47,1547,-1500
111000925,1410,1694,-284
111000926,955,2938,-1983
111000927,2914,3488,-574
111000928,6520,4266,2254
111000929,758,877,-119
111000930,653,2644,-1991
111000931,1656,1770,-114
111000932,4271,2785,1486
111000933,3319,1982,1337
111000934,2580,3369,-789
111000935,827,1012,-185
111000936,756,2534,-1778
111000937,586,1118,-532
111000938,1663,2761,-1098
111000939,179,68,111
111000940,217,270,-53
111000941,147,845,-698
111000943,178,311,-133
111000944,93,709,-616
111000945,92,2914,-2822
111001109,353,195,158
111001110,219,749,-530
111001111,27,7,20
111001112,54,2,52
111001113,12,115,-103
111001114,1360,82,1278
111001115,39,339,-300
111001116,6954,1833,5121
111001117,904,1017,-113
111001120,77,425,-348
111001121,143,433,-290
111001122,209,624,-415
111001123,91,79,12
111900001,3,183,-180
111900002,13,1142,-1129
111900003,4,663,-659
111900004,23,232,-209
111900006,13,32,-19
111900007,68,2,66
111900008,106,1,105
111900009,96,240,-144
111900010,350,706,-356
111900012,135,161,-26
111900013,17,138,-121
111900014,9631,2508,7123
111900015,2,102,-100
111900016,4,251,-247
111900017,3,235,-232
111900018,72,0,72
111900019,2,136,-134
111900020,4,79,-75
111900021,34,153,-119
111900022,10,69,-59
111900023,270,91,179
111900024,0,113,-113
111900025,0,47,-47
111900026,1,119,-118
111900027,9,178,-169
111900028,52,599,-547
111900029,3,164,-161
111900030,84,562,-478
111900031,7,89,-82
111900032,4,577,-573
111900033,8,124,-116
111900034,284,725,-441
111900035,34,290,-256
111900036,3,413,-410
111900038,483,737,-254
111900039,43,606,-563
111900040,6,919,-913
111900042,56,106,-50
111900043,5,587,-582
111900044,315,312,3
111900046,48,294,-246
111900048,132,1185,-1053
111900049,53,368,-315
111900050,65,19,46
111900051,4,427,-423
111900052,445,716,-271
111900053,1910,603,1307
111900054,94,2,92
111900055,34,960,-926
111900056,342,127,215
111900057,49,34,15
111900058,207,1078,-871
111900059,2788,308,2480
111900060,261,6,255
111900061,33,450,-417
111900062,16,20,-4
111900063,155,325,-170
111900064,160,371,-211
111900065,70,26,44
111900066,88,128,-40
111900067,0,520,-520
111900068,21,36,-15
111900069,29,20,9
111900070,63,163,-100
111900071,1,446,-445
111900072,14,12,2
111900073,382,77,305
111900074,15,255,-240
111900075,36,6,30
111900076,63,30,33
111900077,14,2,12
111900078,174,15,159
111900079,23,12,11
111900080,275,175,100
111900081,973,126,847
111900082,114,17,97
111900083,61,10,51
111900084,27,1,26
111900085,26,60,-34
111900086,12,4,8
111900087,22,0,22
111900088,223,4,219
111900089,38,0,38
111900090,83,20,63
111900091,157,0,157
111900092,27,1,26
111900093,204,3,201
111900094,22,0,22
111900095,121,18,103
111900096,103,1,102
111900097,14,0,14
111900098,59,2,57
111900099,11,0,11
111900100,94,4,90
111900101,52,17,35
111900102,164,1025,-861
111900103,92,41,51
111900104,83,62,21
111900105,232,141,91
111900106,2314,64,2250
111900107,93,143,-50
111900108,111,96,15
111900109,620,188,432
111900110,3752,354,3398
111900111,51,447,-396
111900112,1253,1265,-12
111900113,287,62,225
111900114,193,118,75
111900115,18,49,-31
111900118,172,34,138
111900119,207,73,134
111900122,62,16,46
111900123,7,15,-8
111900124,42,144,-102
111900125,232,22,210
111900126,172,13,159
111900127,7,990,-983
111900128,2,821,-819
111900129,191,12,179
111900130,147,23,124
111900131,173,1,172
111900132,65,1899,-1834
111900133,10,610,-600
111900134,20,394,-374
111900135,8,20,-12
111900136,93,135,-42
111900137,60,82,-22
111900138,12,111,-99
111900139,35,210,-175
111900140,44,11,33
111900141,21,12,9
111900142,35,16,19
111900143,12,409,-397
111900144,1,222,-221
111900145,6,942,-936
111900146,8,479,-471
111900147,197,675,-478
111900148,38,1213,-1175
111900149,7,631,-624
111900150,5,310,-305
111900151,2,16,-14
111900152,114,87,27
111900153,1863,258,1605
111900154,20,141,-121
111900155,64,36,28
111900156,42,29,13
111900157,53,18,35
111900158,251,24,227
111900159,144,10,134
111900160,151,0,151
111900161,78,6,72
111900162,106,111,-5
111900163,69,271,-202
111900164,68,30,38
111901113,155,317,-162
111901114,68,597,-529
111901115,24,4,20
111901116,22,3,19
111901117,15,11,4
111901118,118,59,59
111901119,1689,115,1574
111901120,132,309,-177
111901121,272,489,-217
111901122,6,771,-765
111901123,98,672,-574
111901124,87,3,84
111901125,165,214,-49
111901126,84,53,31
111901127,1324,280,1044
111901128,19,140,-121
111901129,7,205,-198
111901130,15,424,-409
111901131,5,422,-417
111901132,59,13,46
111901133,34,5,29
111901134,44,4,40
111901135,22,8,14
111901136,23,14,9
111901137,0,22,-22
111901138,103,46,57
111901139,47,66,-19
111901140,5,173,-168
111901141,16,285,-269
111901142,4,193,-189
111901143,1,128,-127
111901144,28,37,-9
111901145,94,173,-79
111901146,306,12,294
112000001,1327,808,519
112000002,781,3084,-2303
112000003,603,953,-350
112000004,619,2116,-1497
112000005,1865,1722,143
112000006,1573,2574,-1001
112000007,1499,1351,148
112000008,1907,3155,-1248
112000009,4207,4233,-26
112000010,1881,2417,-536
112000011,1862,2592,-730
112000012,5702,2085,3617
112000013,6330,3566,2764
112000014,3289,958,2331
112000015,3585,2868,717
112000016,4583,876,3707
112000017,2021,1652,369
112000024,2371,853,1518
112000026,5125,6153,-1028
112000027,689,403,286
112000028,1730,1956,-226
112000029,376,606,-230
112000030,216,161,55
112000031,1515,2889,-1374
112000032,631,92,539
112000033,2056,1166,890
112000034,253,68,185
112000035,101,352,-251
112000036,768,812,-44
112000037,784,981,-197
112000038,967,1049,-82
112000039,35,92,-57
112000040,183,398,-215
112000041,567,623,-56
112000042,1064,363,701
112000050,796,1672,-876
112000051,639,857,-218
112000054,1788,3106,-1318
112000057,635,423,212
112000058,437,574,-137
112000059,979,506,473
112000061,5842,2001,3841
112000062,3396,815,2581
112000063,2648,963,1685
112000064,5227,6517,-1290
112000065,2516,3140,-624
112000066,3185,914,2271
112000067,800,722,78
112000068,1982,1213,769
112000069,684,2953,-2269
112000070,1683,569,1114
112000071,760,4077,-3317
112000072,1159,917,242
112000073,1523,2110,-587
112000074,1134,912,222
112000075,964,1029,-65
112000076,3350,3350,0
112000077,361,795,-434
112000078,957,822,135
112000079,1073,1513,-440
112000080,497,1170,-673
112000081,1209,2194,-985
112000082,1105,759,346
112000083,599,1800,-1201
112000084,1097,811,286
112000085,779,1533,-754
112000086,1094,1870,-776
112000087,200,598,-398
112000088,284,865,-581
112000089,133,317,-184
112000090,141,479,-338
112000091,615,1418,-803
112000092,1275,1018,257
112000093,1446,1267,179
112000094,374,915,-541
112000095,490,860,-370
112000096,323,795,-472
112000097,626,529,97
112000098,1059,2045,-986
112000099,616,710,-94
112000100,964,1095,-131
112000101,438,1276,-838
112000102,710,631,79
112000103,265,1523,-1258
112000105,400,2473,-2073
112000106,845,400,445
112000107,10,243,-233
112000108,171,2058,-1887
112000109,100,69,31
112000110,977,483,494
112000111,1465,5446,-3981
112000112,2665,616,2049
112000113,1120,2612,-1492
112000114,1630,990,640
112000115,255,659,-404
112000116,495,1362,-867
112000117,761,968,-207
112000118,884,1178,-294
112000119,410,1303,-893
112000120,99,550,-451
112000121,101,1009,-908
112000122,154,166,-12
112000123,347,162,185
112000124,226,90,136
112000125,76,154,-78
112000126,151,870,-719
112000127,3214,1377,1837
112000128,1440,709,731
112000129,85,103,-18
112000130,113,75,38
112000131,31,488,-457
112000132,81,373,-292
112000133,220,500,-280
112000134,340,448,-108
112000135,721,619,102
112000136,908,1500,-592
112000137,868,1429,-561
112000138,1309,1478,-169
112000139,847,241,606
112000140,1025,1244,-219
112000141,397,200,197
112000142,116,1100,-984
112000143,611,230,381
112000144,281,2150,-1869
112000145,1639,725,914
112000146,701,2898,-2197
112000147,1294,1758,-464
112000148,1642,2513,-871
112000149,203,936,-733
112000150,162,822,-660
112000151,316,815,-499
112000152,196,525,-329
112000153,210,369,-159
112000154,91,164,-73
112000155,146,90,56
112000157,763,536,227
112000158,178,981,-803
112000159,319,473,-154
112000167,158,24,134
112000169,400,351,49
112000173,319,316,3
112000175,264,498,-234
112000176,5851,2023,3828
112000177,381,110,271
112000178,64,711,-647
112000179,154,174,-20
112000180,269,326,-57
112000181,1065,2549,-1484
112000182,490,2920,-2430
112000183,39,43,-4
112000184,274,806,-532
112000185,261,709,-448
112000187,3029,2786,243
112000195,82,15,67
112000196,125,0,125
112000197,87,122,-35
112000198,40,577,-537
112000199,1151,1078,73
112000202,222,1,221
112000216,53,213,-160
112000230,39,4,35
112000231,3,462,-459
112000256,41,162,-121
112000313,224,204,20
112000314,22,22,0
112000337,203,639,-436
112000352,280,217,63
112000392,2306,1625,681
112000398,753,910,-157
112000399,3005,1638,1367
112000400,1858,4851,-2993
112000401,2690,3350,-660
112000402,1475,1991,-516
112000403,2151,1587,564
112000404,329,676,-347
112000405,1288,2660,-1372
112000406,3868,4032,-164
112000407,4119,6051,-1932
112000408,9236,8165,1071
112000409,1982,6065,-4083
112000410,347,147,200
112000411,6257,812,5445
112000412,1389,469,920
112000413,11973,3000,8973
112000414,60,110,-50
112000415,84,74,10
112000416,1439,1447,-8
112000417,146,58,88
112000421,33,198,-165
112000422,338,731,-393
112000424,2908,1637,1271
112000425,411,1246,-835
112000426,75,279,-204
112000427,0,11,-11
112000428,105,681,-576
112000429,2083,3166,-1083
112000430,2035,3398,-1363
112000431,31,152,-121
112000432,721,2564,-1843
112000433,623,827,-204
112000437,33,372,-339
112900001,56,1,55
112900002,166,1758,-1592
112900003,18,370,-352
112900004,27,686,-659
112900005,86,257,-171
112900006,6,530,-524
112900007,41,286,-245
112900008,3,23,-20
112900009,316,88,228
112900010,192,1014,-822
112900011,405,412,-7
112900012,1,52,-51
112900013,5,218,-213
112900014,2,395,-393
112900015,520,1247,-727
112900016,1,401,-400
112900017,37,271,-234
112900018,2,512,-510
112900019,71,226,-155
112900020,506,1951,-1445
112900021,0,398,-398
112900022,7,121,-114
112900023,3,379,-376
112900024,38,340,-302
112900025,96,345,-249
112900026,7,385,-378
112900027,8,1708,-1700
112900028,16,185,-169
112900029,9,956,-947
112900030,307,269,38
112900031,4,727,-723
112900032,126,263,-137
112900034,1,78,-77
112900035,9,659,-650
112900036,24,168,-144
112900037,213,116,97
112900038,350,201,149
112900039,14,403,-389
112900040,8,403,-395
112900041,1534,854,680
112900042,30,543,-513
112900043,13,57,-44
112900044,659,488,171
112900045,662,388,274
112900046,398,51,347
112900047,17,19,-2
112900049,74,124,-50
112900050,67,761,-694
112900051,369,1017,-648
112900052,21,1492,-1471
112900053,351,116,235
112900054,268,26,242
112900055,194,37,157
112900056,285,160,125
112900057,27,1099,-1072
112900058,332,195,137
112900059,95,116,-21
112900060,11,438,-427
112900061,65,165,-100
112900062,46,202,-156
112900063,118,5,113
112900064,286,219,67
112900065,30,17,13
112900066,211,74,137
112900067,831,230,601
112900068,53,22,31
112900069,3024,503,2521
112900071,31,1,30
112900072,357,795,-438
112900073,197,48,149
112900074,60,108,-48
112900075,2693,563,2130
112900076,110,14,96
112900078,247,241,6
112900079,143,13,130
112900080,16,0,16
112900081,50,131,-81
112900082,217,17,200
112900083,66,63,3
112900084,116,61,55
112900085,0,12,-12
112900086,27,0,27
112900087,420,107,313
112900088,63,15,48
112900089,542,13,529
112900090,33,14,19
112900091,103,4,99
112900092,134,146,-12
112900093,991,12,979
112900094,41,0,41
112900095,37,0,37
112900096,215,89,126
112900097,44,509,-465
112900098,233,0,233
112900099,403,14,389
112900100,28,0,28
112900101,195,0,195
112900102,53,7,46
112900103,140,5,135
112900104,13,1,12
112900105,3,0,3
112900106,290,73,217
112900107,15,0,15
112900108,64,0,64
112900109,58,0,58
112900110,490,4,486
112900111,390,1,389
112900112,144,0,144
112900113,0,28,-28
112900114,47,35,12
112900115,516,3,513
112900116,42,38,4
112900117,122,138,-16
112900118,44,88,-44
112900119,64,0,64
112900120,845,249,596
112900121,295,283,12
112900122,15,215,-200
112900123,118,12,106
112900124,5,192,-187
112900125,116,474,-358
112900126,182,330,-148
112900127,255,59,196
112900128,577,932,-355
112900129,6,1358,-1352
112900130,172,61,111
112900131,51,233,-182
112900132,70,458,-388
112900133,39,1593,-1554
112900134,0,345,-345
112900135,53,34,19
112900136,0,55,-55
112900137,0,893,-893
112900138,9,660,-651
112900139,300,1494,-1194
112900140,0,111,-111
112900141,497,45,452
112900142,129,77,52
112900143,71,791,-720
112900144,3,356,-353
112900145,55,631,-576
112900146,8,1892,-1884
112900147,7,3103,-3096
112900148,36,0,36
112900149,233,682,-449
112900151,28,40,-12
112900152,5720,1253,4467
112900153,2154,1310,844
112900154,1,123,-122
112900155,117,14,103
112900156,183,2374,-2191
112900157,116,2,114
112900158,15,14,1
112900159,186,69,117
112900160,37,347,-310
112900161,74,25,49
112900162,39,13,26
112900163,133,43,90
112900164,31,104,-73
112900165,127,42,85
112900166,16,43,-27
112900167,3,30,-27
112900168,2,8,-6
112900169,9,7,2
112900170,64,141,-77
112900172,89,6,83
112900173,316,93,223
112900174,233,29,204
112900175,188,96,92
112900176,5,22,-17
112900177,117,16,101
112900178,654,1267,-613
112900179,54,594,-540
112900180,963,2666,-1703
112900181,278,8,270
112900182,36,1852,-1816
112900183,143,284,-141
112900184,494,360,134
112900185,426,503,-77
112900186,2012,768,1244
112900187,84,396,-312
112900188,856,351,505
112900189,27,31,-4
112900190,4,53,-49
112900192,419,389,30
112900193,1116,347,769
112900194,23,100,-77
112900195,644,21,623
112900196,241,695,-454
112900197,169,518,-349
112900199,336,735,-399
112900200,322,381,-59
112900201,65,96,-31
112900202,189,1196,-1007
112900203,96,371,-275
112900204,998,404,594
112900205,4,5,-1
112900206,3,61,-58
112900207,1,0,1
112900208,63,123,-60
112900209,515,556,-41
112900210,0,20,-20
112900211,63,42,21
112900212,1,105,-104
112900213,11,5,6
112900214,28,6,22
112900215,7,333,-326
112900216,41,90,-49
112900217,3,105,-102
112900218,20,21,-1
112900219,55,6,49
112900220,3,0,3
112900221,10,163,-153
112900222,0,20,-20
112900223,550,13,537
112900224,194,1024,-830
112900225,292,656,-364
112900226,389,383,6
112900227,233,1789,-1556
112900228,27,37,-10
112900229,98,85,13
112900230,9778,3176,6602
112900232,214,169,45
112900233,36,217,-181
112900234,8,134,-126
112900235,75,16,59
112900236,148,11,137
112900237,72,435,-363
112900238,11,50,-39
112900239,497,201,296
113000001,5055,6131,-1076
113000002,4085,4486,-401
113000003,2074,2290,-216
113000004,2201,2762,-561
113000005,1437,1437,0
113000006,1138,1551,-413
113000007,1542,1557,-15
113000008,1648,2267,-619
113000009,914,1196,-282
113000010,1116,2029,-913
113000011,790,2210,-1420
113000012,1203,890,313
113000013,1260,570,690
113000014,2048,2002,46
113000015,1011,341,670
113000016,487,540,-53
113000017,87,336,-249
113000018,211,45,166
113000019,86,280,-194
113000020,95,29,66
113000021,962,686,276
113000022,560,1598,-1038
113000025,96,349,-253
113000026,233,466,-233
113000027,894,456,438
113000028,1450,477,973
113000029,1000,617,383
113000030,605,778,-173
113000031,409,370,39
113000032,354,299,55
113000033,458,464,-6
113000034,602,447,155
113000035,24,55,-31
113000036,28,71,-43
113000037,69,49,20
113000038,10,88,-78
113000039,89,547,-458
113000040,39,108,-69
113000042,984,778,206
113000051,751,2232,-1481
113000052,2445,1445,1000
113000053,370,711,-341
113000054,213,985,-772
113000055,685,1179,-494
113000056,650,1591,-941
113000058,814,1344,-530
113000059,1356,750,606
113000060,160,804,-644
113000061,925,1047,-122
113000062,1435,210,1225
113000063,93,295,-202
113000064,17,548,-531
113000065,183,1359,-1176
113000066,415,98,317
113000067,1197,1526,-329
113000068,422,2363,-1941
113000069,490,1728,-1238
113000070,1238,966,272
113000071,445,1001,-556
113000072,506,541,-35
113000073,571,2081,-1510
113000074,1072,356,716
113000075,2101,615,1486
113000076,1480,2080,-600
113000077,1756,416,1340
113000078,1209,2051,-842
113000079,723,674,49
113000080,643,423,220
113000081,814,921,-107
113000082,1388,796,592
113000083,598,737,-139
113000084,1536,1388,148
113000085,1007,642,365
113000086,954,1326,-372
113000087,1129,896,233
113000088,2406,1485,921
113000089,1101,1496,-395
113000090,254,395,-141
113000091,903,355,548
113000094,891,182,709
113000095,266,1330,-1064
113000096,151,1071,-920
113000097,785,367,418
113000098,112,24,88
113000099,841,265,576
113000100,169,422,-253
113000101,387,559,-172
113000102,464,279,185
113000103,2642,693,1949
113000104,300,2566,-2266
113000105,555,526,29
113000106,346,582,-236
113000107,479,976,-497
113000108,787,1634,-847
113000109,509,3320,-2811
113000110,1652,449,1203
113000111,85,663,-578
113000112,235,342,-107
113000113,2515,285,2230
113000114,445,1441,-996
113000116,735,302,433
113000117,910,139,771
113000118,163,366,-203
113000119,202,418,-216
113000120,48,253,-205
113000121,683,1086,-403
113000124,208,159,49
113000125,51,632,-581
113000127,4123,595,3528
113000128,531,550,-19
113000129,645,1640,-995
113000133,4468,1485,2983
113000134,5,958,-953
113000135,3160,2559,601
113000137,2860,1968,892
113000139,499,186,313
113000140,183,340,-157
113000141,393,181,212
113000142,793,1066,-273
113000143,319,197,122
113000144,354,793,-439
113000145,55,203,-148
113000146,136,139,-3
113000147,170,172,-2
113000148,81,191,-110
113000149,54,186,-132
113000150,540,492,48
113000151,124,71,53
113000152,54,267,-213
113000153,2312,745,1567
113000154,868,1581,-713
113000155,294,483,-189
113000156,226,449,-223
113000157,286,986,-700
113000158,728,244,484
113000159,968,663,305
113000160,734,1497,-763
113000161,271,826,-555
113000162,598,478,120
113000163,66,66,0
113000164,24,149,-125
113000166,87,66,21
113000167,28,233,-205
113000168,62,305,-243
113000169,141,80,61
113000170,109,126,-17
113000171,91,124,-33
113000172,162,94,68
113000173,34,21,13
113000174,91,651,-560
113000175,355,110,245
113000176,428,156,272
113000177,139,543,-404
113000178,259,548,-289
113000179,294,127,167
113000180,643,1642,-999
113000181,805,1255,-450
113000182,240,360,-120
113000183,240,677,-437
113000184,14,129,-115
113000189,512,698,-186
113000190,1765,612,1153
113000192,2786,1536,1250
113000193,6180,982,5198
113000194,2237,1357,880
113000195,2781,576,2205
113000196,132,106,26
113000197,1669,963,706
113000198,39,365,-326
113000199,1188,457,731
113000201,398,246,152
113000202,4111,2706,1405
113000203,563,179,384
113000204,2303,1394,909
113000205,19,33,-14
113000206,7,52,-45
113000207,80,39,41
113000208,44,63,-19
113000209,32,30,2
113000210,5,28,-23
113000211,384,165,219
113000212,281,22,259
113000213,32,133,-101
113000214,108,276,-168
113000234,226,1631,-1405
113000410,185,171,14
113000411,3073,4664,-1591
113000412,11316,2170,9146
113000413,4542,2833,1709
113000414,11720,10473,1247
113000415,2968,3092,-124
113000416,12765,3974,8791
113000417,4244,3434,810
113000418,3688,2783,905
113000419,2249,2145,104
113000420,4517,4206,311
113000421,4416,5029,-613
113000422,18556,9003,9553
113000423,2847,4193,-1346
113000424,4584,7723,-3139
113000425,9,60,-51
113000428,270,55,215
113000430,60,110,-50
113000432,1284,112,1172
113000433,112,1185,-1073
113000434,16,388,-372
113000435,22,1025,-1003
113000436,71,1940,-1869
113000437,419,20,399
113000438,122,17,105
113000439,26,190,-164
113000440,76,25,51
113000441,154,213,-59
113000442,96,370,-274
113000443,80,327,-247
113000444,81,447,-366
113000445,62,175,-113
113000446,19,96,-77
113000448,148,169,-21
113000449,298,974,-676
113000450,861,3102,-2241
113000451,1388,154,1234
113000452,560,531,29
113000453,83,305,-222
113000454,1401,29,1372
113000455,9,172,-163
113000456,4433,2156,2277
113000468,3101,283,2818
113000469,411,143,268
113000470,544,93,451
113000471,22,443,-421
113000472,104,302,-198
113000474,287,788,-501
113000475,1532,2167,-635
113000476,837,2006,-1169
113000477,1938,2172,-234
113000478,4138,7373,-3235
113000479,91,247,-156
113000480,105,100,5
113000481,0,0,0
113000482,0,0,0
113000483,0,0,0
113000484,0,0,0
113000485,0,0,0
113000486,0,0,0
113000487,0,0,0
113000488,0,1,-1
113000489,1,0,1
113000490,0,0,0
113000491,2,12,-10
113000492,5,0,5
113000493,0,0,0
113000495,182,257,-75
113000496,97,55,42
113000497,0,0,0
113000499,0,0,0
113000500,3,24,-21
113900001,4,166,-162
113900002,0,276,-276
113900003,0,160,-160
113900004,2,30,-28
113900005,0,53,-53
113900006,0,32,-32
113900007,73,46,27
113900008,108,0,108
113900009,309,0,309
113900010,201,2,199
113900011,35,1,34
113900012,19,2,17
113900013,1033,8,1025
113900014,704,3,701
113900015,1,62,-61
113900016,38,0,38
113900017,2,76,-74
113900018,611,116,495
113900019,78,48,30
113900020,84,1,83
113900022,12,0,12
113900023,15,0,15
113900024,30,99,-69
113900025,477,30,447
113900026,61,3,58
113900027,2,89,-87
113900028,16,558,-542
113900029,49,420,-371
113900030,113,5,108
113900031,8,0,8
113900032,16,1,15
113900033,35,122,-87
113900035,48,0,48
113900036,18,149,-131
113900037,91,636,-545
113900038,56,99,-43
113900039,92,11,81
113900040,4,16,-12
113900041,6,1,5
113900042,62,41,21
113900043,160,127,33
113900044,207,74,133
113900045,56,7,49
113900046,202,744,-542
113900047,26,163,-137
113900048,318,49,269
113900049,1043,248,795
113900050,176,442,-266
113900051,220,507,-287
113900052,244,166,78
113900053,638,248,390
113900054,14,7,7
113900055,100,696,-596
113900056,64,221,-157
113900057,14,324,-310
113900058,39,237,-198
113900059,186,436,-250
113900060,139,305,-166
113900061,1368,151,1217
113900062,73,27,46
113900063,48,153,-105
113900064,49,204,-155
113900065,561,29,532
113900066,277,486,-209
113900067,58,478,-420
113900068,370,360,10
113900069,94,38,56
113900070,219,531,-312
113900071,53,81,-28
113900072,81,222,-141
113900073,130,448,-318
113900074,40,594,-554
113900075,1002,1118,-116
113900076,192,8,184
113900077,24,269,-245
113900078,40,52,-12
113900079,5,76,-71
113900080,357,200,157
113900081,42,336,-294
113900082,76,281,-205
113900083,180,933,-753
113900084,229,112,117
113900085,42,408,-366
113900086,15,17,-2
113900087,47,248,-201
113900088,47,61,-14
113900089,362,52,310
113900090,392,397,-5
113900091,16,30,-14
113900092,40,76,-36
113900093,65,641,-576
113900094,355,645,-290
113900095,98,100,-2
113900096,158,85,73
113900097,19,172,-153
113900098,582,78,504
113900099,0,90,-90
113900100,0,1,-1
113900101,14,74,-60
113900102,117,113,4
113900103,236,269,-33
113900104,88,185,-97
113900105,55,469,-414
113900106,2,152,-150
113900107,5,35,-30
113900108,248,221,27
113900109,334,124,210
113900110,41,8,33
113900111,80,118,-38
113900112,71,96,-25
113900113,612,452,160
113900114,1,110,-109
113900115,1,179,-178
113900116,103,171,-68
113900117,84,26,58
113900118,151,335,-184
113900119,346,374,-28
113900120,66,39,27
113900121,61,107,-46
113900122,350,1452,-1102
113900123,449,138,311
113900124,0,105,-105
113900125,1535,209,1326
113900126,143,30,113
113900127,184,510,-326
113900128,98,80,18
113900129,10,134,-124
113900130,1,17,-16
113900131,130,88,42
113900132,23,51,-28
113900133,16,26,-10
113900135,279,601,-322
113900136,99,93,6
113900137,339,227,112
113900138,84,185,-101
113900139,544,120,424
113900140,563,274,289
113900141,243,575,-332
113900142,74,75,-1
113900143,9,14,-5
113900144,312,151,161
113900145,215,228,-13
113900146,70,55,15
113900148,140,269,-129
113900149,163,56,107
113900150,1315,795,520
113900151,259,208,51
113900152,32,65,-33
113900153,571,538,33
113900154,4,98,-94
113900155,239,109,130
113900156,205,675,-470
113900157,26,210,-184
113900158,438,242,196
113900159,9,297,-288
113900160,413,794,-381
113900161,77,191,-114
113900162,595,624,-29
113900163,274,281,-7
113900164,196,60,136
113900165,556,582,-26
113900166,339,189,150
113900167,257,63,194
113900168,153,126,27
113900169,173,424,-251
113900171,99,56,43
113900172,4,250,-246
113900173,63,825,-762
113900174,432,787,-355
113900175,279,92,187
113900176,251,762,-511
113900177,283,229,54
113900178,247,114,133
113900179,27,759,-732
113900180,179,154,25
113900181,452,106,346
113900182,606,1195,-589
113900183,34,63,-29
113900184,17,762,-745
113900185,172,96,76
113900186,25,68,-43
113900187,25,130,-105
113900188,57,217,-160
113900189,351,82,269
113900190,290,127,163
113900191,100,263,-163
113900192,4,351,-347
113900193,35,332,-297
113900194,2318,1088,1230
113900195,314,545,-231
113900196,2,173,-171
113900197,2,374,-372
113900198,37,145,-108
113900199,263,868,-605
113900200,13,364,-351
113900201,1,362,-361
113900202,45,395,-350
113900203,2,260,-258
113900204,60,716,-656
113900205,16,210,-194
113900206,17,173,-156
113900207,1,51,-50
113900208,1,64,-63
113900209,1,135,-134
113900210,614,718,-104
113900211,173,53,120
113900212,147,711,-564
113900214,457,385,72
113900215,32,142,-110
113900216,75,1547,-1472
113900217,46,394,-348
113900218,104,30,74
113900219,147,581,-434
113900220,117,78,39
113900221,249,163,86
113900222,405,339,66
113900223,121,1268,-1147
113900224,165,81,84
113900225,867,278,589
113900226,312,147,165
113900227,327,160,167
113900228,407,341,66
113900229,63,586,-523
113900230,6005,2064,3941
113900231,152,304,-152
113900232,89,140,-51
113900233,41,82,-41
113900234,229,423,-194
113900235,58,30,28
113900236,50,453,-403
113900237,106,11,95
113900238,203,377,-174
113900239,68,65,3
113900240,6,116,-110
113900241,111,62,49
113900242,45,181,-136
113900243,177,412,-235
113900244,552,175,377
113900245,1590,227,1363
113900246,27,9,18
113900247,152,262,-110
113900248,4457,1404,3053
113900249,1525,331,1194
113900250,42,124,-82
113900251,451,211,240
113900252,359,15,344
113900253,515,40,475
113900254,590,122,468
113900255,293,27,266
113900256,255,22,233
113900257,43,947,-904
113900258,8,673,-665
113900259,304,303,1
113900260,112,35,77
113900261,19,105,-86
113900262,145,943,-798
113900263,228,625,-397
113900264,12,644,-632
113900265,136,339,-203
113900266,35,268,-233
113900267,111,468,-357
113900268,162,263,-101
113900269,57,159,-102
113900270,373,456,-83
113900271,584,1604,-1020
113900273,32,3,29
113900274,30,13,17
113900275,29,54,-25
113900276,5,344,-339
113900277,44,1,43
113900278,320,144,176
113900279,95,117,-22
113900280,1152,511,641
113900281,433,1024,-591
113900282,1031,462,569
113900283,275,424,-149
113900284,865,249,616
113900285,108,26,82
113900286,93,191,-98
113900287,30,158,-128
113900288,0,101,-101
113900289,1690,96,1594
113900290,435,124,311
113900291,112,188,-76
113900292,9,7,2
113900293,1,310,-309
113900294,334,28,306
113900295,396,336,60
113900296,2948,439,2509
113900297,881,36,845
113900298,13,1985,-1972
113900299,35,321,-286
113900300,7259,2703,4556
113900301,1042,305,737
113900302,2827,655,2172
113900303,768,267,501
113900304,1,190,-189
113900305,64,0,64
113900306,44,2,42
113900307,40,0,40
113900308,138,130,8
113900309,5,1250,-1245
113900310,0,17,-17
113900311,8,0,8
113900312,133,140,-7
113900313,44,20,24
114000001,1270,4436,-3166
114000002,177,529,-352
114000003,34,398,-364
114000004,200,463,-263
114000005,168,272,-104
114000006,3108,2326,782
114000007,512,1667,-1155
114000008,1443,1304,139
114000009,341,232,109
114000011,2511,4068,-1557
114000012,1535,3507,-1972
114000013,1244,2759,-1515
114000014,367,515,-148
114000015,869,677,192
114000016,208,617,-409
114000017,69,192,-123
114000018,571,101,470
114000026,967,2009,-1042
114000027,1971,2596,-625
114000028,1949,2390,-441
114000038,136,190,-54
114000039,79,132,-53
114000040,80,176,-96
114000042,74,167,-93
114000043,38,213,-175
114000044,97,98,-1
114000045,34,114,-80
114000046,2774,5380,-2606
114000047,17,78,-61
114000048,66,67,-1
114000049,1579,1194,385
114000050,1584,1283,301
114000051,3303,1673,1630
114000052,3059,1463,1596
114000053,76,503,-427
114000054,91,1795,-1704
114000055,227,24,203
114000056,1771,665,1106
114000057,10064,2904,7160
114000058,913,893,20
114000059,540,197,343
114000060,564,774,-210
114000061,4081,1753,2328
114000062,3760,1094,2666
114000063,3660,1815,1845
114000064,10575,3001,7574
114000065,2183,2870,-687
114000066,404,800,-396
114000067,51,465,-414
114000068,436,522,-86
114000069,805,606,199
114000070,2881,1476,1405
114000071,499,821,-322
114000072,175,548,-373
114000073,11,147,-136
114000074,13,24,-11
114000075,43,208,-165
114000076,10,243,-233
114000077,7,65,-58
114000078,163,1607,-1444
114000079,103,38,65
114000080,79,125,-46
114000081,60,139,-79
114000082,56,770,-714
114000083,44,405,-361
114000084,162,66,96
114000085,104,1114,-1010
114000086,149,824,-675
114000087,36,372,-336
114000088,38,88,-50
114000089,1803,564,1239
114000090,591,609,-18
114000091,1512,511,1001
114000092,1004,281,723
114000093,879,666,213
114000094,263,403,-140
114000095,130,108,22
114000096,92,752,-660
114000097,149,1302,-1153
114000098,296,88,208
114000099,256,1278,-1022
114000100,802,953,-151
114000101,322,1718,-1396
114000102,260,357,-97
114000103,115,640,-525
114000104,13,370,-357
114000105,39,69,-30
114000106,1148,426,722
114000107,140,129,11
114000108,2970,1727,1243
114000109,351,623,-272
114000110,552,2250,-1698
114000111,868,625,243
114000112,370,2262,-1892
114000113,586,503,83
114000114,1407,2039,-632
114000115,1290,798,492
114000116,448,548,-100
114000117,1677,421,1256
114000118,1424,422,1002
114000119,908,422,486
114000120,559,1264,-705
114000121,410,757,-347
114000122,339,298,41
114000123,1000,277,723
114000124,517,342,175
114000125,782,2460,-1678
114000126,860,213,647
114000127,122,202,-80
114000128,694,714,-20
114000130,275,582,-307
114000131,95,84,11
114000132,687,885,-198
114000133,1197,1628,-431
114000134,54,289,-235
114000138,35,260,-225
114000139,374,159,215
114000144,680,343,337
114000145,97,246,-149
114000146,145,433,-288
114000147,1010,1095,-85
114000148,2324,1452,872
114000149,337,246,91
114000150,834,496,338
114000151,925,931,-6
114000152,120,33,87
114000153,872,1283,-411
114000154,664,521,143
114000155,1392,1850,-458
114000156,708,449,259
114000157,261,973,-712
114000158,2640,884,1756
114000159,236,438,-202
114000160,175,250,-75
114000161,1655,1692,-37
114000162,914,1334,-420
114000163,12,167,-155
114000165,200,155,45
114000166,797,291,506
114000167,5022,1267,3755
114000168,885,771,114
114000169,1878,836,1042
114000170,879,544,335
114000171,769,1183,-414
114000174,218,595,-377
114000176,637,425,212
114000177,3046,1103,1943
114000178,36,86,-50
114000179,1353,661,692
114000180,591,735,-144
114000181,1649,2436,-787
114000182,8254,2642,5612
114000183,1029,858,171
114000184,705,2228,-1523
114000185,1002,1047,-45
114000189,519,75,444
114000190,1517,193,1324
114000191,17,71,-54
114000192,428,2156,-1728
114000193,1395,4393,-2998
114000194,1152,1624,-472
114000195,97,24,73
114000196,5,497,-492
114000197,773,44,729
114000198,1449,467,982
114000199,2188,1277,911
114000200,575,3308,-2733
114000201,154,1451,-1297
114000202,980,1084,-104
114000203,396,1118,-722
114000204,133,607,-474
114000205,238,2273,-2035
114000206,499,1528,-1029
114000207,614,3112,-2498
114000208,498,4453,-3955
114000209,740,4359,-3619
114000210,430,2263,-1833
114000211,914,1727,-813
114000212,582,876,-294
114000213,973,679,294
114000214,90,286,-196
114000215,153,77,76
114000216,829,355,474
114000217,184,391,-207
114000218,98,470,-372
114000219,775,351,424
114000220,16,1967,-1951
114000221,415,130,285
114000222,250,1676,-1426
114000223,353,113,240
114000224,145,974,-829
114000225,208,714,-506
114000226,91,290,-199
114000227,513,459,54
114000228,656,1259,-603
114000229,752,1493,-741
114000230,1391,1841,-450
114000231,829,1478,-649
114000232,515,150,365
114000233,1544,119,1425
114000234,964,1299,-335
114000235,770,2140,-1370
114000236,4,602,-598
114000237,87,1542,-1455
114000238,40,209,-169
114000239,177,1676,-1499
114000240,651,804,-153
114000241,230,1126,-896
114000242,1028,1052,-24
114000243,1194,988,206
114000244,573,395,178
114000245,286,649,-363
114000246,104,42,62
114000247,576,849,-273
114000248,725,635,90
114000249,447,577,-130
114000250,375,799,-424
114000251,276,411,-135
114000252,53,131,-78
114000253,32,236,-204
114000254,10,125,-115
114000255,622,154,468
114000256,3343,1057,2286
114000257,558,2401,-1843
114000258,146,699,-553
114000259,72,337,-265
114000260,1,32,-31
114000261,39,24,15
114000262,47,216,-169
114000263,10,4,6
114000264,553,1008,-455
114000265,0,20,-20
114000267,4,1569,-1565
114000268,6,2981,-2975
114000270,105,0,105
114000271,403,139,264
114000283,655,622,33
114000285,70,386,-316
114000288,69,491,-422
114000289,808,130,678
114000293,82,382,-300
114000294,195,405,-210
114000395,1172,69,1103
114000396,304,384,-80
114000402,264,419,-155
114000403,238,714,-476
114000405,93,775,-682
114000423,167,689,-522
114000424,269,341,-72
114000425,325,740,-415
114000426,311,766,-455
114000427,39,113,-74
114000428,416,119,297
114000429,16,249,-233
114000432,43,143,-100
114000434,22,152,-130
114000435,3,208,-205
114000436,6618,1726,4892
114000437,339,1169,-830
114900001,446,1765,-1319
114900002,425,97,328
114900003,385,2666,-2281
114900004,142,245,-103
114900005,312,1265,-953
114900006,39,43,-4
114900007,112,15,97
114900008,79,38,41
114900010,2975,1688,1287
114900011,83,131,-48
114900013,131,108,23
114900015,61,282,-221
114900018,814,48,766
114900020,147,58,89
114900022,29,950,-921
114900024,172,172,0
114900025,236,272,-36
114900026,59,93,-34
114900027,167,255,-88
114900029,23,29,-6
114900030,194,274,-80
114900031,161,18,143
114900032,202,47,155
114900033,1557,287,1270
114900034,56,301,-245
114900035,166,285,-119
114900036,258,1313,-1055
114900037,94,305,-211
114900038,157,1178,-1021
114900039,475,947,-472
114900040,82,323,-241
114900041,345,811,-466
114900042,499,1179,-680
114900043,908,386,522
114900044,94,29,65
114900046,73,182,-109
114900047,234,1257,-1023
114900048,100,298,-198
114900049,15,267,-252
114900050,37,792,-755
114900051,37,807,-770
114900052,84,293,-209
114900053,68,299,-231
114900054,73,165,-92
114900057,159,14,145
114900058,0,92,-92
114900059,36,33,3
114900060,1846,534,1312
114900061,120,220,-100
114900062,327,344,-17
114900063,74,369,-295
114900064,748,902,-154
114900065,258,753,-495
114900067,37,450,-413
114900068,76,240,-164
114900069,310,206,104
114900070,307,818,-511
114900072,6,357,-351
114900073,0,218,-218
114900074,263,1174,-911
114900075,160,6,154
114900076,5,485,-480
114900080,4046,568,3478
114900082,4097,1497,2600
114900083,1023,1108,-85
114900090,211,201,10
114900091,150,228,-78
114900095,500,143,357
114900096,517,662,-145
114900097,77,1,76
114900098,3,236,-233
114900099,69,5,64
115000001,10157,6851,3306
115000002,3074,3188,-114
115000003,4366,5110,-744
115000004,2649,4299,-1650
115000005,1293,3436,-2143
115000006,523,1383,-860
115000007,36,182,-146
115000008,378,437,-59
115000009,190,428,-238
115000010,267,117,150
115000013,94,181,-87
115000015,83,220,-137
115000016,215,323,-108
115000019,11,461,-450
115000020,159,415,-256
115000021,362,503,-141
115000022,630,460,170
115000023,326,515,-189
115000024,1308,711,597
115000025,780,584,196
115000026,200,470,-270
115000027,163,296,-133
115000028,204,897,-693
115000029,374,193,181
115000030,519,1129,-610
115000031,1024,361,663
115000032,9,332,-323
115000033,183,28,155
115000034,143,1276,-1133
115000035,1033,75,958
115000036,1,435,-434
115000037,360,7,353
115000038,36,226,-190
115000039,3604,2530,1074
115000040,7635,3676,3959
115000041,918,2662,-1744
115000042,794,828,-34
115000043,2892,3424,-532
115000044,3131,5052,-1921
115000045,1878,2869,-991
115000046,1368,2995,-1627
115000047,1486,2085,-599
115000048,1345,3357,-2012
115000049,1592,3127,-1535
115000050,2753,2185,568
115000051,2496,1918,578
115000052,3065,2177,888
115000053,1427,1553,-126
115000054,872,1492,-620
115000055,151,392,-241
115000056,167,285,-118
115000057,227,527,-300
115000058,146,154,-8
115000059,155,153,2
115000061,212,136,76
115000062,164,335,-171
115000063,204,357,-153
115000064,193,245,-52
115000065,44,267,-223
115000067,297,23,274
115000069,76,446,-370
115000070,33,922,-889
115000071,152,16,136
115000072,10,88,-78
115000073,1420,51,1369
115000075,61,50,11
115000076,3742,4103,-361
115000077,1304,4479,-3175
115000078,759,2426,-1667
115000079,913,2775,-1862
115000080,1704,3121,-1417
115000081,441,1030,-589
115000082,3035,3591,-556
115000083,1701,4352,-2651
115000084,1248,1305,-57
115000085,590,1349,-759
115000086,681,1240,-559
115000087,634,1804,-1170
115000088,1825,756,1069
115000089,1746,1738,8
115000090,935,805,130
115000091,340,1618,-1278
115000092,351,387,-36
115000093,461,3,458
115000094,10594,5492,5102
115000095,8077,4760,3317
115000096,499,2865,-2366
115000097,660,782,-122
115000098,745,948,-203
115000099,1972,4494,-2522
115000100,717,652,65
115000101,340,1921,-1581
115000102,304,242,62
115000103,380,1209,-829
115000105,81,261,-180
115000106,351,330,21
115000107,182,689,-507
115000108,4775,3247,1528
115000109,6985,3141,3844
115000110,1344,977,367
115000111,787,1670,-883
115000112,736,693,43
115000113,835,954,-119
115000114,2123,899,1224
115000116,4233,1609,2624
115000117,4530,2212,2318
115000118,1949,1664,285
115000119,1879,1864,15
115000120,720,997,-277
115000121,1807,987,820
115000122,4960,1360,3600
115000123,2529,1835,694
115000124,740,872,-132
115000125,460,591,-131
115000126,135,287,-152
115000127,317,138,179
115000128,1364,912,452
115000129,234,208,26
115000130,290,1594,-1304
115000131,482,330,152
115000132,141,729,-588
115000133,271,519,-248
115000134,206,278,-72
115000135,189,368,-179
115000136,116,211,-95
115000137,69,249,-180
115000138,139,265,-126
115000139,215,286,-71
115000140,160,275,-115
115000141,151,430,-279
115000142,149,422,-273
115000143,364,523,-159
115000144,394,97,297
115000145,174,624,-450
115000146,304,238,66
115000147,532,755,-223
115000148,310,1882,-1572
115000149,403,270,133
115000150,757,1617,-860
115000151,574,600,-26
115000152,634,2206,-1572
115000153,654,578,76
115000154,472,358,114
115000155,684,1571,-887
115000156,1155,666,489
115000157,1137,1162,-25
115000158,802,401,401
115000159,772,491,281
115000160,731,801,-70
115000161,583,801,-218
115000162,667,527,140
115000163,724,693,31
115000164,695,529,166
115000165,351,351,0
115000167,111,55,56
115000168,512,260,252
115000169,716,425,291
115000170,139,148,-9
115000171,197,174,23
115000172,2523,649,1874
115000173,316,369,-53
115000174,55,292,-237
115000175,68,143,-75
115000176,202,203,-1
115000177,245,241,4
115000178,21,333,-312
115000179,35,60,-25
115000180,100,1045,-945
115000181,356,156,200
115000182,414,473,-59
115000183,265,1401,-1136
115000186,489,344,145
115000187,166,825,-659
115000188,440,480,-40
115000189,320,517,-197
115000190,865,472,393
115000191,336,546,-210
115000194,220,192,28
115000195,310,239,71
115000196,71,156,-85
115000197,165,544,-379
115000198,247,254,-7
115000199,195,426,-231
115000200,241,135,106
115000201,95,512,-417
115000206,281,135,146
115000207,47,438,-391
115000208,671,1001,-330
115000209,490,201,289
115000210,133,123,10
115000211,174,319,-145
115000212,1591,316,1275
115000224,217,80,137
115000225,84,67,17
115000229,314,192,122
115000230,76,609,-533
115000231,353,3554,-3201
115000232,873,470,403
115000233,105,223,-118
115000234,19,334,-315
115000241,52,387,-335
115000242,70,371,-301
115000243,14,336,-322
115000244,5,121,-116
115000246,43,12,31
115000247,18,10,8
115000248,21,16,5
115000249,58,19,39
115000250,214,45,169
115000251,153,180,-27
115000252,41,188,-147
115000253,12,230,-218
115000258,196,254,-58
115000259,334,195,139
115000261,14,20,-6
115000262,18,20,-2
115000263,16,38,-22
115000264,10,56,-46
115000267,60,84,-24
115000268,49,117,-68
115000269,116,78,38
115000270,12,40,-28
115000272,69,200,-131
115000273,396,19,377
115000280,3168,126,3042
115000281,1086,211,875
115000282,2432,634,1798
115000284,292,89,203
115000296,718,9,709
115000297,216,104,112
115000298,122,228,-106
115000300,97,224,-127
115000302,224,276,-52
115000303,474,175,299
115000304,547,111,436
115000305,70,1531,-1461
115000306,122,713,-591
115000307,55,355,-300
115000308,40,28,12
115000309,18,13,5
115000310,700,1558,-858
115000311,523,1749,-1226
115000313,110,1039,-929
115000314,283,84,199
115000315,1467,422,1045
115000316,72,111,-39
115000317,138,763,-625
115000318,747,294,453
115000319,63,328,-265
115000320,14,311,-297
115000321,466,52,414
115000322,66,362,-296
115000449,413,154,259
115000557,3,672,-669
115000558,193,86,107
115000587,365,434,-69
115000588,2315,4561,-2246
115000589,2657,2813,-156
115000590,989,2245,-1256
115000591,1152,836,316
115000592,729,1904,-1175
115000593,1438,659,779
115000594,1049,1792,-743
115000609,63,123,-60
115000617,3124,2125,999
115000624,163,92,71
115000633,478,2166,-1688
115000634,2775,1086,1689
115000635,239,123,116
115000638,1479,722,757
115000641,87,127,-40
115000642,380,311,69
115000643,124,573,-449
115000644,129,498,-369
115000646,839,1180,-341
115000647,178,594,-416
115000648,1035,2141,-1106
115000893,3483,1185,2298
115000894,89,1407,-1318
115000895,387,1017,-630
115000896,911,343,568
115000897,576,113,463
115000898,991,279,712
115000899,1062,1198,-136
115000900,176,424,-248
115000901,105,146,-41
115000912,220,93,127
115000913,3,90,-87
115000915,33,0,33
115000916,52,35,17
115000917,0,2,-2
115000918,101,297,-196
115000919,19,18,1
115000920,14,59,-45
115000921,1970,104,1866
115000922,972,582,390
115000923,464,842,-378
115000925,46,85,-39
115000927,25,32,-7
115000933,270,129,141
115000934,72,259,-187
115000935,113,144,-31
115000936,14,200,-186
115000937,244,85,159
115000938,19,62,-43
115000939,24,74,-50
115900001,36,98,-62
115900002,95,200,-105
115900003,141,164,-23
115900004,1,77,-76
115900005,110,5,105
115900006,141,493,-352
115900008,14,19,-5
115900009,107,411,-304
115900010,150,238,-88
115900011,251,357,-106
115900012,45,139,-94
115900013,498,191,307
115900014,104,209,-105
115900015,37,167,-130
115900016,97,41,56
115900017,2,3,-1
115900018,227,121,106
115900019,1106,29,1077
115900020,41,1,40
115900021,2119,103,2016
115900022,2055,12,2043
115900023,30,5,25
115900025,123,374,-251
115900026,991,463,528
115900027,2,494,-492
115900028,718,81,637
115900029,5,717,-712
115900030,86,8,78
115900031,290,229,61
115900032,354,1093,-739
115900033,1,62,-61
115900034,33,787,-754
115900035,51,122,-71
115900036,241,373,-132
115900037,29,693,-664
115900038,6,5,1
115900039,122,431,-309
115900041,417,381,36
115900042,7,5,2
115900043,66,189,-123
115900044,263,306,-43
115900046,222,340,-118
115900047,92,63,29
115900049,139,259,-120
115900051,1,38,-37
115900052,12,392,-380
115900053,125,334,-209
115900054,77,38,39
115900055,29,206,-177
115900056,133,581,-448
115900057,15,5,10
115900058,39,91,-52
115900060,82,199,-117
115900061,116,0,116
115900062,25,393,-368
115900063,69,16,53
115900064,163,244,-81
115900065,54,148,-94
115900066,236,235,1
115900067,9,1083,-1074
115900068,4583,329,4254
115900069,57,171,-114
115900070,103,336,-233
115900071,3,883,-880
115900072,86,320,-234
115900073,31,57,-26
115900074,3,549,-546
115900075,12,424,-412
115900076,7,135,-128
115900077,6,443,-437
115900078,33,150,-117
115900079,124,7,117
115900080,803,257,546
115900081,11,131,-120
115900082,227,159,68
115900084,217,29,188
115900085,97,56,41
115900086,2139,610,1529
115900088,29,44,-15
115900089,216,1023,-807
115900090,151,34,117
115900091,7,20,-13
115900092,34,299,-265
115900093,1,15,-14
115900094,2,536,-534
115900096,0,7,-7
115900097,10,674,-664
115900098,128,652,-524
115900099,24,112,-88
115900100,8,861,-853
115900101,155,633,-478
115900102,19,129,-110
115900103,211,333,-122
115900104,34,263,-229
115900105,80,988,-908
115900106,19,40,-21
115900107,24,286,-262
115900108,42,40,2
115900109,57,532,-475
115900110,0,30,-30
115900111,1,90,-89
115900112,53,1252,-1199
115900113,54,36,18
115900114,7,204,-197
115900115,60,206,-146
115900116,81,1511,-1430
115900117,61,20,41
115900118,8,488,-480
115900119,141,132,9
115900120,20,533,-513
115900121,135,358,-223
115900124,235,406,-171
115900125,239,48,191
115900126,429,93,336
115900127,482,45,437
115900128,8,74,-66
115900129,596,50,546
115900130,29,189,-160
115900131,188,39,149
115900132,280,7,273
115900134,226,17,209
115900135,627,694,-67
115900137,9,12,-3
115900139,65,107,-42
115900140,119,21,98
115900141,7,60,-53
115900142,16,26,-10
115900143,93,388,-295
115900144,58,272,-214
115900146,10,179,-169
115900147,177,204,-27
115900148,8,2,6
115900149,40,28,12
115900150,34,104,-70
115900151,15,94,-79
115900152,72,500,-428
115900153,57,320,-263
115900154,857,403,454
115900155,0,112,-112
115900156,577,899,-322
115900157,79,497,-418
115900158,45,9,36
115900159,43,319,-276
115900160,12,2,10
115900161,62,307,-245
115900163,119,159,-40
115900164,197,69,128
115900165,0,137,-137
115900166,226,288,-62
115900168,41,200,-159
115900171,106,553,-447
115900172,56,187,-131
115900173,139,149,-10
115900174,318,213,105
115900175,63,208,-145
115900178,7,940,-933
115900179,146,24,122
115900180,60,499,-439
115900181,124,313,-189
115900182,243,421,-178
115900183,118,29,89
115900184,1911,22,1889
115900187,3,106,-103
115900189,0,143,-143
115900190,463,890,-427
115900191,67,585,-518
115900192,11,86,-75
115900193,93,80,13
115900194,350,54,296
115900195,694,1064,-370
115900198,185,243,-58
115900199,144,373,-229
115900200,308,486,-178
115900201,510,267,243
115900202,2,25,-23
115900203,3,13,-10
115900204,1,4,-3
115900205,33,22,11
115900206,110,178,-68
115900207,17,28,-11
115900208,84,412,-328
115900209,1,195,-194
115900210,5,223,-218
115900211,1,285,-284
115900212,77,293,-216
115900213,45,53,-8
115900214,240,342,-102
115900215,20,52,-32
115900216,10,92,-82
115900217,5,78,-73
115900218,3,51,-48
115900219,37,27,10
115900220,85,15,70
115900221,43,14,29
115900222,34,15,19
115900223,8,114,-106
115900224,1837,480,1357
115900225,63,41,22
115900226,38,53,-15
115900227,9,38,-29
115900228,7,54,-47
115900229,7,75,-68
115900230,62,113,-51
115900231,111,5,106
115900232,27,1,26
115900233,39,13,26
115900234,36,24,12
115900235,9,23,-14
115900236,22,13,9
115900237,3,33,-30
115900238,5,14,-9
115900239,13,36,-23
115900240,3,80,-77
115900241,113,110,3
115900242,171,189,-18
115900243,29,7,22
115900244,18,25,-7
115900245,24,10,14
115900246,21,3,18
115900247,5,5,0
115900248,12,3,9
115900249,7,10,-3
115900250,5,11,-6
115900251,0,9,-9
115900252,1,4,-3
115900253,3,10,-7
115900254,22,23,-1
115900255,3,9,-6
115900256,15,22,-7
115900257,2,6,-4
115900258,0,2,-2
115900259,6,1,5
115900260,11,2,9
115900261,11,1,10
115900262,2,2,0
115900263,6,3,3
115900264,10,4,6
115900265,1,8,-7
115900266,4,8,-4
115900267,7,10,-3
115900268,8,5,3
115900269,239,541,-302
115900270,276,966,-690
115900271,41,0,41
115900272,14,0,14
115900273,6,9,-3
115900274,0,41,-41
115900275,1,52,-51
115900276,1,110,-109
115900277,0,116,-116
115900278,5,184,-179
115900279,14,196,-182
115900280,19,166,-147
115900281,542,117,425
115900282,4,7,-3
116000001,19958,5717,14241
116000002,4637,5703,-1066
116000003,1697,1966,-269
116000004,1692,2045,-353
116000005,3041,3864,-823
116000006,1743,1394,349
116000007,4410,5108,-698
116000008,3508,1710,1798
116000009,1877,3169,-1292
116000010,1470,1184,286
116000011,878,2254,-1376
116000012,755,604,151
116000013,19237,4879,14358
116000014,21750,7684,14066
116000015,733,1009,-276
116000016,9878,2421,7457
116000017,40,554,-514
116000018,855,447,408
116000019,627,314,313
116000020,480,1248,-768
116000021,345,336,9
116000022,315,688,-373
116000023,742,603,139
116000024,681,1745,-1064
116000025,610,606,4
116000026,1834,2803,-969
116000027,788,584,204
116000028,410,690,-280
116000029,1052,660,392
116000030,533,413,120
116000031,168,259,-91
116000032,370,266,104
116000033,318,653,-335
116000034,555,1025,-470
116000035,328,660,-332
116000036,2384,723,1661
116000037,742,550,192
116000038,676,365,311
116000039,953,408,545
116000040,1180,613,567
116000041,420,704,-284
116000042,460,393,67
116000043,83,546,-463
116000044,14,88,-74
116000045,1652,1164,488
116000046,1433,1001,432
116000047,2233,1934,299
116000048,2095,1753,342
116000049,1033,1980,-947
116000050,1384,1446,-62
116000051,3891,1833,2058
116000052,4190,3927,263
116000053,1618,1082,536
116000054,688,2189,-1501
116000055,412,1390,-978
116000056,651,1218,-567
116000057,3512,2206,1306
116000058,4079,2187,1892
116000059,4456,4919,-463
116000060,3290,1006,2284
116000061,268,678,-410
116000062,663,255,408
116000063,491,1086,-595
116000066,157,481,-324
116000067,280,627,-347
116000068,185,208,-23
116000069,257,479,-222
116000078,264,1047,-783
116000080,1186,1187,-1
116000082,17,158,-141
116000083,1046,396,650
116000084,2847,4812,-1965
116000085,1767,1190,577
116000086,2695,1518,1177
116000087,1058,1271,-213
116000088,1021,1874,-853
116000089,146,129,17
116000090,144,185,-41
116000091,157,100,57
116000093,615,1319,-704
116000094,415,846,-431
116000095,465,954,-489
116000096,564,1374,-810
116000097,460,1030,-570
116000098,242,4271,-4029
116000099,12089,426,11663
116000100,111,10,101
116000101,478,2153,-1675
116000102,220,1813,-1593
116000103,430,301,129
116000104,203,2074,-1871
116000105,729,199,530
116000106,329,1541,-1212
116000107,1446,571,875
116000108,111,198,-87
116000111,86,25,61
116000113,111,69,42
116000114,31,184,-153
116000115,219,75,144
116000116,280,750,-470
116000117,1016,2116,-1100
116000118,1086,1807,-721
116000119,2189,1837,352
116000120,2720,5458,-2738
116000121,553,475,78
116000122,1547,3132,-1585
116000123,587,521,66
116000124,315,1636,-1321
116000125,1887,740,1147
116000126,378,1895,-1517
116000127,1350,2087,-737
116000128,1153,826,327
116000129,727,260,467
116000130,325,278,47
116000133,418,1041,-623
116000134,1449,3897,-2448
116000135,1309,1402,-93
116000136,1042,3166,-2124
116000137,561,616,-55
116000138,1654,568,1086
116000139,1732,3045,-1313
116000140,70,203,-133
116000141,374,1294,-920
116000142,4547,4629,-82
116000143,1858,1448,410
116000144,1112,3703,-2591
116000145,1481,1734,-253
116000146,297,513,-216
116000147,215,116,99
116000148,298,473,-175
116000149,417,640,-223
116000151,493,1204,-711
116000153,58,486,-428
116000155,247,282,-35
116000156,703,2223,-1520
116000157,37,22,15
116000158,408,362,46
116000159,9,6,3
116000160,19,218,-199
116000161,10,163,-153
116000162,155,82,73
116000163,20,21,-1
116000164,11,20,-9
116000177,153,122,31
116000194,58,486,-428
116000195,1745,619,1126
116000196,13,8,5
116000197,4,12,-8
116000198,2914,1187,1727
116000200,942,191,751
116000201,775,809,-34
116000202,2,392,-390
116000203,4,105,-101
116000204,6,71,-65
116000205,2,168,-166
116000206,1,119,-118
116000207,2,39,-37
116000233,175,1048,-873
116000287,100,750,-650
116000288,126,284,-158
116000292,46,226,-180
116000296,13,185,-172
116000297,47,14,33
116000304,85,35,50
116000305,13,174,-161
116000346,191,246,-55
116000352,153,78,75
116000354,94,15,79
116000357,27,12,15
116000358,183,55,128
116000361,81,2,79
116000372,10212,2591,7621
116000381,73,0,73
116000388,3,43,-40
116000389,715,628,87
116000445,243,1083,-840
116000446,302,1519,-1217
116000447,17,569,-552
116000448,610,320,290
116000563,1542,819,723
116000565,62,535,-473
116000568,71,215,-144
116000579,24,150,-126
116000584,10,32,-22
116000585,15,20,-5
116000586,214,152,62
116000587,467,820,-353
116000589,15,98,-83
116000590,48,75,-27
116000591,116,336,-220
116000592,11,211,-200
116000593,0,60,-60
116000594,361,812,-451
116000595,591,211,380
116000596,85,15,70
116000597,187,65,122
116000598,16,261,-245
116000602,108,485,-377
116000605,303,189,114
116000606,52,180,-128
116000607,4,97,-93
116000609,229,713,-484
116000611,86,734,-648
116000612,570,1797,-1227
116000613,341,363,-22
116000614,474,1076,-602
116000615,3,149,-146
116000616,42,124,-82
116000617,67,162,-95
116000618,6,204,-198
116000619,19,75,-56
116000620,72,46,26
116000621,43,132,-89
116000622,21,132,-111
116000624,87,84,3
116000627,28,50,-22
116000628,17,1118,-1101
116000629,35,1063,-1028
116000630,124,86,38
116000631,67,62,5
116000632,178,622,-444
116000633,29,1192,-1163
116000634,201,23,178
116000635,2070,1296,774
116000636,517,797,-280
116000637,6,0,6
116000638,0,74,-74
116900001,199,223,-24
116900002,283,3,280
116900003,24,123,-99
116900004,42,57,-15
116900005,188,60,128
116900006,153,162,-9
116900007,116,270,-154
116900008,271,611,-340
116900009,17,7,10
116900010,4,2353,-2349
116900011,9,56,-47
116900012,162,279,-117
116900013,8,339,-331
116900014,59,528,-469
116900015,169,113,56
116900016,116,1,115
116900017,1,976,-975
116900018,40,88,-48
116900019,4,571,-567
116900020,2210,434,1776
116900023,80,15,65
116900024,336,93,243
116900025,504,1554,-1050
116900026,249,978,-729
116900027,10,72,-62
116900028,2,201,-199
116900029,0,22,-22
116900031,0,15,-15
116900032,9,506,-497
116900033,12,8,4
116900034,4,109,-105
116900035,89,262,-173
116900036,2,119,-117
116900038,8,2,6
116900041,51,15,36
116900042,1253,255,998
116900043,5,93,-88
116900045,171,58,113
116900047,112,57,55
116900049,39,393,-354
116900050,75,599,-524
116900051,59,442,-383
116900052,194,129,65
116900055,0,2,-2
116900057,14,384,-370
116900058,36,515,-479
116900059,1,264,-263
116900060,179,271,-92
116900062,5,13,-8
116900064,52,1425,-1373
116900065,17,119,-102
116900067,91,179,-88
116900068,115,433,-318
116900070,1,4,-3
116900072,16,686,-670
116900073,7,264,-257
116900074,5,89,-84
116900076,12,37,-25
116900077,10,326,-316
116900078,246,177,69
116900079,35,508,-473
116900080,17,48,-31
116900081,387,1910,-1523
116900082,297,1051,-754
116900083,64,89,-25
116900084,202,47,155
116900085,47,173,-126
116900086,41,321,-280
116900088,467,76,391
116900090,181,71,110
116900091,133,128,5
116900092,112,1045,-933
116900093,2204,2168,36
116900094,7673,2753,4920
116900095,319,214,105
116900096,110,148,-38
116900097,5089,2005,3084
116900098,1087,377,710
116900099,770,425,345
116900100,420,23,397
116900101,334,764,-430
116900103,3,4,-1
116900104,47,69,-22
116900105,265,57,208
116900106,966,552,414
116900107,5597,1588,4009
116900110,7,0,7
116900111,194,1638,-1444
116900112,156,1472,-1316
116900113,4136,1054,3082
116900116,119,353,-234
116900117,28,112,-84
116900118,1188,687,501
116900120,151,199,-48
116900121,35,53,-18
116900122,450,1442,-992
116900123,110,1358,-1248
116900124,164,1112,-948
116900125,198,334,-136
116900126,378,650,-272
116900128,10,54,-44
116900129,5,433,-428
116900130,1248,1978,-730
116900131,86,201,-115
116900132,27,97,-70
116900133,66,129,-63
116900134,146,289,-143
116900136,163,194,-31
116900137,215,235,-20
116900138,158,299,-141
116900139,94,575,-481
116900140,138,205,-67
116900141,506,400,106
116900142,6,57,-51
116900143,216,634,-418
116900144,30,60,-30
116900145,99,506,-407
116900147,695,310,385
116900148,3,33,-30
116900149,34,175,-141
116900150,11,11,0
116900151,86,24,62
116900153,68,57,11
116900154,728,290,438
116900155,79,84,-5
116900157,262,388,-126
116900158,85,128,-43
116900159,62,262,-200
116900160,835,265,570
116900161,10946,4397,6549
116900162,12,178,-166
116900163,102,206,-104
116900164,38,56,-18
116900165,165,124,41
116900166,18,143,-125
116900167,228,81,147
116900168,184,132,52
116900169,761,276,485
116900170,303,277,26
116900171,25,330,-305
116900172,249,159,90
116900173,94,80,14
116900174,14,28,-14
116900175,189,122,67
116900178,22,250,-228
116900179,104,136,-32
116900180,64,42,22
116900182,334,201,133
116900183,96,103,-7
116900185,11,24,-13
116900186,67,523,-456
116900187,18,22,-4
116900188,120,25,95
116900189,34,0,34
116900191,350,509,-159
116900192,155,346,-191
116900194,122,660,-538
116900195,33,14,19
116900196,24,141,-117
116900197,61,1,60
116900198,346,143,203
116900200,20,41,-21
116900201,68,8,60
116900202,144,76,68
116900203,154,1,153
116900204,43,81,-38
116900206,8,36,-28
116900207,26,37,-11
116900208,10,174,-164
116900209,22,218,-196
116900210,348,303,45
116900211,194,5,189
116900212,30,89,-59
116900213,212,235,-23
116900214,116,186,-70
116900215,32,99,-67
116900216,219,489,-270
116900218,24,377,-353
116900219,1125,433,692
116900220,64,223,-159
116900221,60,326,-266
116900222,364,363,1
116900223,106,251,-145
116900226,76,119,-43
116900227,101,77,24
116900228,201,340,-139
116900230,58,537,-479
116900231,8,613,-605
116900232,11,843,-832
116900233,143,125,18
116900234,14,11,3
116900235,116,460,-344
116900238,1712,380,1332
116900239,35,918,-883
116900240,8214,3095,5119
116900241,56,181,-125
116900242,525,297,228
116900243,3,181,-178
116900245,29,18,11
116900246,60,5,55
116900247,354,27,327
116900248,79,25,54
116900249,164,180,-16
116900250,182,43,139
116900251,570,297,273
116900252,64,1382,-1318
116900253,107,117,-10
116900254,10,89,-79
116900255,86,46,40
116900256,248,137,111
116900257,10,978,-968
116900258,3,450,-447
116900259,44,9,35
116900260,1,156,-155
116900261,26,1,25
116900262,75,155,-80
116900263,0,13,-13
116900264,0,4,-4
116900265,19,0,19
116900266,22,119,-97
116900267,2,2,0
116900268,23,19,4
116900269,313,565,-252
116900271,2909,90,2819
116900272,617,638,-21
116900273,279,53,226
116900274,58,98,-40
116900275,101,178,-77
116900276,1523,58,1465
116900277,842,23,819
116900278,15,18,-3
116900279,0,28,-28
116900280,9,52,-43
116900281,9811,2565,7246
116900282,6,204,-198
116900283,31,212,-181
116900284,16,307,-291
116900285,502,282,220
116900286,354,44,310
116900287,7,126,-119
116900288,25,183,-158
116900289,5,52,-47
116900290,2,70,-68
116900291,3,7,-4
116900292,0,4,-4
116900293,42,110,-68
116900294,39,139,-100
116900295,135,158,-23
116900296,60,56,4
116900297,11,47,-36
116900298,114,31,83
116900299,60,80,-20
116900300,9,479,-470
116900301,75,64,11
116900302,58,52,6
116900303,663,34,629
116900304,0,93,-93
116900305,19,55,-36
116900306,90,109,-19
117000001,1413,1209,204
117000002,1847,4771,-2924
117000003,7214,2850,4364
117000004,5407,6740,-1333
117000005,1591,1502,89
117000006,1152,5101,-3949
117000007,2612,1210,1402
117000008,1534,5974,-4440
117000009,4278,1618,2660
117000010,3109,5840,-2731
117000011,1333,1840,-507
117000012,1239,2313,-1074
117000013,992,1237,-245
117000014,994,3210,-2216
117000015,3225,1218,2007
117000016,677,85,592
117000017,601,180,421
117000018,256,386,-130
117000019,170,1,169
117000020,816,1225,-409
117000021,4216,496,3720
117000022,734,58,676
117000023,732,134,598
117000024,817,98,719
117000025,1328,802,526
117000026,3857,915,2942
117000027,4137,1822,2315
117000028,4836,942,3894
117000030,979,691,288
117000031,439,190,249
117000032,1961,1943,18
117000033,1432,1094,338
117000034,387,443,-56
117000035,275,241,34
117000036,483,402,81
117000037,263,205,58
117000038,343,692,-349
117000039,424,359,65
117000040,158,1854,-1696
117000041,508,183,325
117000044,26,1775,-1749
117000045,327,50,277
117000046,505,990,-485
117000047,551,480,71
117000048,2546,2048,498
117000049,195,601,-406
117000050,138,3770,-3632
117000051,1636,176,1460
117000052,11,931,-920
117000053,174,83,91
117000054,1342,14,1328
117000055,29,5143,-5114
117000056,539,25,514
117000057,739,2995,-2256
117000060,432,2078,-1646
117000061,1489,802,687
117000062,223,736,-513
117000063,1440,713,727
117000064,1061,951,110
117000066,1831,1124,707
117000067,211,404,-193
117000074,206,237,-31
117000076,85,65,20
117000077,113,119,-6
117000078,142,839,-697
117000079,296,220,76
117000080,0,454,-454
117000081,789,122,667
117000082,20,84,-64
117000083,129,15,114
117000084,345,1,344
117000085,181,673,-492
117000086,1254,920,334
117000087,120,693,-573
117000088,242,229,13
117000089,1427,427,1000
117000090,248,2149,-1901
117000091,578,339,239
117000092,376,2335,-1959
117000093,952,763,189
117000094,803,3515,-2712
117000095,2529,922,1607
117000096,713,3755,-3042
117000097,1084,1311,-227
117000098,3299,7644,-4345
117000099,2463,1094,1369
117000100,130,253,-123
117000101,237,1777,-1540
117000102,1431,714,717
117000103,936,2589,-1653
117000104,1094,660,434
117000105,1024,2482,-1458
117000106,915,1012,-97
117000107,560,2784,-2224
117000108,1337,1074,263
117000109,2097,3672,-1575
117000110,1348,889,459
117000111,3865,5718,-1853
117000112,2827,2366,461
117000113,173,523,-350
117000114,180,213,-33
117000115,75,217,-142
117000116,88,248,-160
117000117,1554,758,796
117000118,255,154,101
117000119,806,58,748
117000120,405,183,222
117000121,248,644,-396
117000122,833,1097,-264
117000123,2479,34,2445
117000124,1172,57,1115
117000125,548,70,478
117000126,91,40,51
117000127,219,410,-191
117000128,494,740,-246
117000129,512,30,482
117000130,202,1,201
117000131,0,44,-44
117000132,1634,46,1588
117000133,915,287,628
117000134,0,77,-77
117000135,16,19,-3
117000136,0,49,-49
117000137,64,74,-10
117000138,4,836,-832
117000140,600,2336,-1736
117000141,1612,720,892
117000181,1324,620,704
117000182,289,235,54
117000195,238,1916,-1678
117000196,132,101,31
117000225,171,4,167
117000226,30,128,-98
117000276,158,4,154
117000277,3,898,-895
117000310,2798,3340,-542
117000315,48,935,-887
117000320,43,1,42
117000906,132,18,114
117000907,17,654,-637
117000908,111,16,95
117000909,111,23,88
117000910,160,153,7
117000911,151,233,-82
117000915,6,895,-889
117000916,27,5,22
117000917,655,24,631
117000918,50,39,11
117000919,2,205,-203
117000920,6,2419,-2413
117000921,13,2733,-2720
117000922,65,151,-86
117000924,138,435,-297
117000926,1503,110,1393
117000927,2712,499,2213
117000928,0,332,-332
117000929,84,761,-677
117000930,94,9,85
117000931,775,105,670
117900002,171,474,-303
117900003,1158,486,672
117900005,7,6,1
117900006,0,29,-29
117900007,103,266,-163
117900008,0,33,-33
117900010,314,185,129
117900011,71,5,66
117900012,63,252,-189
117900013,3,494,-491
117900014,390,294,96
117900015,14,230,-216
117900016,1805,505,1300
117900017,530,623,-93
117900018,324,38,286
117900019,268,748,-480
117900020,65,270,-205
117900021,33,174,-141
117900022,16,19,-3
117900023,863,289,574
117900024,121,192,-71
117900025,19,15,4
117900026,321,673,-352
117900028,88,4,84
117900029,190,1390,-1200
117900030,292,182,110
117900031,280,102,178
117900032,587,498,89
117900033,188,1126,-938
117900034,35,57,-22
117900035,112,61,51
117900036,219,857,-638
117900037,75,182,-107
117900038,40,550,-510
117900039,17,111,-94
117900040,104,822,-718
117900041,12,72,-60
117900042,5564,552,5012
117900043,49,65,-16
117900044,68,3173,-3105
117900045,146,128,18
117900048,155,435,-280
117900049,95,913,-818
117900050,5,27,-22
117900051,33,0,33
117900052,36,291,-255
117900053,848,853,-5
117900054,1,28,-27
117900055,189,144,45
117900056,658,65,593
117900057,988,1629,-641
117900058,154,9,145
117900059,525,127,398
117900060,1058,7716,-6658
117900061,9,270,-261
117900063,269,327,-58
117900065,910,1524,-614
117900066,5,32,-27
117900067,291,430,-139
117900069,507,620,-113
117900070,482,8,474
117900071,76,162,-86
117900073,256,558,-302
117900074,231,6,225
117900075,70,94,-24
117900076,8,54,-46
117900077,240,219,21
117900078,231,471,-240
117900080,231,62,169
117900081,646,555,91
117900082,292,326,-34
117900083,201,975,-774
117900086,86,57,29
117900087,102,84,18
117900088,3327,2493,834
117900089,1321,464,857
117900090,307,1185,-878
117900091,190,227,-37
117900092,55,54,1
117900093,26,110,-84
117900094,33,19,14
117900095,299,821,-522
117900096,63,308,-245
117900097,359,132,227
117900098,11,3,8
117900099,103,578,-475
117900100,108,4,104
117900101,512,1112,-600
117900102,35,81,-46
117900103,23,2,21
117900104,8,188,-180
117900105,175,299,-124
117900106,67,71,-4
117900107,16,0,16
117900109,362,380,-18
117900110,30,0,30
117900111,205,13,192
117900112,48,30,18
117900113,5402,1691,3711
117900114,10,0,10
117900115,543,48,495
117900116,978,986,-8
117900117,362,531,-169
117900118,15,0,15
117900119,90,416,-326
117900120,81,232,-151
117900121,54,30,24
117900122,1341,1875,-534
117900123,668,1069,-401
117900124,771,879,-108
117900125,1419,1121,298
117900126,352,702,-350
117900127,408,968,-560
117900128,204,1302,-1098
117900129,19,2,17
117900130,955,463,492
117900131,1,150,-149
117900132,18,160,-142
117900133,5,205,-200
117900134,81,388,-307
117900135,20,294,-274
117900136,0,85,-85
117900137,54,464,-410
117900138,1,78,-77
117900139,56,160,-104
117900140,6584,192,6392
117900141,325,295,30
117900142,77,13,64
117900144,107,160,-53
117900145,78,4,74
117900146,190,132,58
117900147,30,60,-30
117900148,3738,982,2756
117900149,42,222,-180
117900150,22,131,-109
117900151,40,169,-129
117900152,132,102,30
117900153,13,116,-103
117900154,279,860,-581
117900156,1024,969,55
117900157,81,585,-504
117900158,194,118,76
117900160,437,451,-14
117900161,3353,3193,160
117900162,286,478,-192
117900163,130,12,118
117900165,2,17,-15
117900166,132,267,-135
117900168,66,149,-83
117900169,2,150,-148
117900170,3,38,-35
117900171,0,18,-18
117900172,4,56,-52
117900173,163,82,81
117900174,26,62,-36
117900175,3,51,-48
117900176,8,81,-73
117900177,18,64,-46
117900178,116,42,74
117900180,303,29,274
117900181,192,292,-100
117900182,0,28,-28
117900183,25,205,-180
117900184,16,69,-53
117900185,17,33,-16
117900186,66,28,38
117900187,24,15,9
117900188,249,21,228
117900189,62,21,41
117900190,11,2,9
117900191,68,0,68
117900192,144,0,144
117900193,52,82,-30
117900194,3,7,-4
117900195,16,47,-31
117900196,19,15,4
117900207,141,131,10
117900208,48,63,-15
117900209,181,186,-5
117900210,168,226,-58
117900211,15,242,-227
117900212,117,241,-124
117900213,15,13,2
117900214,3,77,-74
117900215,16,41,-25
117900216,57,17,40
117900217,137,91,46
117900218,196,219,-23
117900219,9,64,-55
117900220,140,145,-5
117900222,123,377,-254
117900223,91,177,-86
118000001,882,546,336
118000002,1483,2278,-795
118000003,1984,1426,558
118000004,3033,2238,795
118000005,8500,2962,5538
118000006,10804,8280,2524
118000007,8381,3044,5337
118000008,6390,3829,2561
118000009,2400,3186,-786
118000010,4170,4629,-459
118000011,955,3534,-2579
118000012,1223,3796,-2573
118000013,3695,3692,3
118000014,2298,3624,-1326
118000016,258,533,-275
118000017,303,323,-20
118000018,360,759,-399
118000019,2261,1444,817
118000020,1893,1605,288
118000021,700,2049,-1349
118000022,2327,638,1689
118000023,1208,250,958
118000024,2657,778,1879
118000027,24180,7680,16500
118000029,1609,603,1006
118000032,2149,2155,-6
118000033,3188,2788,400
118000034,6585,2285,4300
118000035,1654,1611,43
118000036,1148,909,239
118000037,741,1030,-289
118000038,158,142,16
118000039,94,513,-419
118000040,1513,2449,-936
118000041,2061,1707,354
118000045,780,123,657
118000046,2484,699,1785
118000047,2226,625,1601
118000048,4437,1474,2963
118000051,3429,1841,1588
118000052,2500,1026,1474
118000053,902,1191,-289
118000054,2905,2437,468
118000055,2548,2523,25
118000056,316,390,-74
118000057,485,501,-16
118000058,4414,1489,2925
118000059,2812,1068,1744
118000060,731,867,-136
118000061,824,1650,-826
118000062,683,309,374
118000063,380,603,-223
118000064,1095,1352,-257
118000065,6080,1938,4142
118000066,976,1257,-281
118000067,1261,787,474
118000068,2184,3922,-1738
118000069,4171,1306,2865
118000070,9195,1732,7463
118000071,4888,5481,-593
118000072,2577,1226,1351
118000073,3223,594,2629
118000074,477,533,-56
118000075,969,355,614
118000076,1265,1300,-35
118000077,1471,1360,111
118000078,1908,1707,201
118000079,339,461,-122
118000080,1230,936,294
118000081,1656,1207,449
118000082,389,900,-511
118000083,2654,1390,1264
118000084,2934,1557,1377
118000086,227,579,-352
118000087,7744,2934,4810
118000088,2188,1952,236
118000089,4630,2372,2258
118000090,2355,2810,-455
118000091,1921,1885,36
118000092,1489,378,1111
118000093,147,821,-674
118000096,488,607,-119
118000097,658,539,119
118000098,227,246,-19
118000099,328,1042,-714
118000101,711,425,286
118000102,316,1769,-1453
118000107,4416,583,3833
118000108,713,1483,-770
118000110,0,18,-18
118000111,4,860,-856
118000112,200,1,199
118000113,7,1424,-1417
118000114,201,6,195
118000115,21,16,5
118000116,52,0,52
118000117,1425,1089,336
118000118,740,763,-23
118000119,716,1252,-536
118000120,1747,2020,-273
118000121,91,560,-469
118000122,1263,312,951
118000123,53,287,-234
118000125,2048,1397,651
118000126,672,1653,-981
118000127,1777,697,1080
118000128,715,1385,-670
118000129,817,353,464
118000130,2968,4558,-1590
118000131,750,1179,-429
118000132,1960,1525,435
118000133,554,477,77
118000135,479,338,141
118000136,119,541,-422
118000137,765,111,654
118000138,287,1207,-920
118000139,192,111,81
118000140,2598,3586,-988
118000141,1864,2311,-447
118000142,1277,2211,-934
118000143,1491,1107,384
118000144,1690,1177,513
118000145,1418,3079,-1661
118000146,1106,1496,-390
118000147,745,2015,-1270
118000148,419,1428,-1009
118000149,711,1537,-826
118000150,299,307,-8
118000151,240,525,-285
118000153,801,1380,-579
118000154,874,1823,-949
118000155,881,1481,-600
118000156,2786,2698,88
118000157,493,388,105
118000158,158,549,-391
118000159,35,66,-31
118000160,375,484,-109
118000161,348,1120,-772
118000162,1151,989,162
118000163,558,771,-213
118000164,2313,1571,742
118000168,1653,425,1228
118000169,1114,2049,-935
118000170,4280,7631,-3351
118000171,262,814,-552
118000172,109,375,-266
118000173,864,1390,-526
118000175,298,370,-72
118000176,254,471,-217
118000177,197,535,-338
118000178,98,43,55
118000179,1842,944,898
118000180,910,878,32
118000181,908,369,539
118000182,324,355,-31
118000183,254,266,-12
118000184,509,1228,-719
118000185,1339,820,519
118000186,699,987,-288
118000187,827,1023,-196
118000188,443,289,154
118000189,285,1184,-899
118000190,16,17,-1
118000191,23,52,-29
118000192,177,208,-31
118000193,109,333,-224
118000194,1871,1133,738
118000195,1344,546,798
118000196,569,106,463
118000197,296,125,171
118000198,679,516,163
118000199,821,406,415
118000200,125,276,-151
118000201,654,434,220
118000202,67,59,8
118000203,1554,448,1106
118000204,221,264,-43
118000205,337,311,26
118000206,218,200,18
118000207,0,194,-194
118000208,1101,1794,-693
118000209,1491,2164,-673
118000210,49,46,3
118000211,16,37,-21
118000213,1136,1429,-293
118000214,726,383,343
118000215,261,327,-66
118000216,1627,4911,-3284
118000217,13,110,-97
118000218,31,116,-85
118000219,559,378,181
118000220,2,27,-25
118000221,114,280,-166
118000222,61,31,30
118000223,17,35,-18
118000224,210,77,133
118000225,126,1192,-1066
118000226,834,142,692
118000227,996,356,640
118000228,237,211,26
118000229,354,44,310
118000230,86,434,-348
118000231,34,245,-211
118000232,643,1297,-654
118000233,705,993,-288
118000234,208,343,-135
118000236,359,595,-236
118000237,76,714,-638
118000238,134,405,-271
118000239,270,362,-92
118000240,745,105,640
118000241,118,268,-150
118000242,312,839,-527
118000243,150,284,-134
118000244,34,193,-159
118000246,0,14,-14
118000255,48,265,-217
118000256,102,264,-162
118000259,2,75,-73
118000260,100,115,-15
118000261,23,159,-136
118000263,74,238,-164
118000266,109,426,-317
118000267,0,104,-104
118000268,308,1,307
118000270,41,36,5
118000271,161,423,-262
118000272,80,35,45
118000273,84,86,-2
118000274,106,457,-351
118000276,321,469,-148
118000295,9,121,-112
118000298,200,531,-331
118000299,63,213,-150
118000301,0,76,-76
118000302,70,108,-38
118000311,195,180,15
118000312,182,207,-25
118000313,40,264,-224
118000314,67,101,-34
118000315,48,139,-91
118000316,410,586,-176
118000325,39,136,-97
118000326,34,35,-1
118000331,39,94,-55
118000332,20,95,-75
118000333,25,138,-113
118000335,125,0,125
118000336,4,528,-524
118000407,63,56,7
118000457,13,18,-5
118000465,5246,3132,2114
118000480,14,153,-139
118000489,58,154,-96
118000490,111,511,-400
118000492,150,237,-87
118000510,68,20,48
118000514,180,514,-334
118000515,720,495,225
118000517,523,178,345
118000524,838,149,689
118000525,922,981,-59
118000530,6,139,-133
118000531,113,352,-239
118000532,135,334,-199
118000533,340,166,174
118000534,465,423,42
118000535,196,123,73
118000536,1509,1008,501
118000537,3,117,-114
118000538,21,155,-134
118000539,17,73,-56
118000540,406,422,-16
118000541,174,164,10
118000542,91,215,-124
118000543,268,274,-6
118000546,21,37,-16
118000560,4343,1043,3300
118000562,39,485,-446
118000563,1877,1522,355
118000576,143,240,-97
118000577,183,132,51
118000578,124,118,6
118000579,759,1175,-416
118000595,135,82,53
118000596,0,103,-103
118000597,53,116,-63
118000598,7,1,6
118000599,27,66,-39
118000600,1,62,-61
118000601,15,0,15
118000602,0,59,-59
118000603,0,25,-25
118900001,1647,965,682
118900002,1313,665,648
118900003,143,33,110
118900004,33,67,-34
118900005,81,7,74
118900006,83,5,78
118900007,4,3,1
118900008,1527,44,1483
118900009,22,22,0
118900010,50,2,48
118900011,124,33,91
118900012,454,268,186
118900013,755,36,719
118900015,123,58,65
118900016,4,16,-12
118900017,177,227,-50
118900018,1381,27,1354
118900019,90,20,70
118900020,154,132,22
118900021,164,441,-277
118900022,145,121,24
118900023,64,127,-63
118900024,57,232,-175
118900025,35,12,23
118900026,64,104,-40
118900027,522,307,215
118900028,64,227,-163
118900029,114,613,-499
118900030,143,64,79
118900031,139,127,12
118900032,123,326,-203
118900033,365,929,-564
118900034,90,12,78
118900035,130,351,-221
118900036,786,844,-58
118900037,321,358,-37
118900038,239,426,-187
118900039,344,339,5
118900040,203,235,-32
118900041,295,210,85
118900042,134,115,19
118900045,203,170,33
118900046,1034,205,829
118900047,884,257,627
118900048,134,156,-22
118900049,71,40,31
118900050,13,188,-175
118900051,68,65,3
118900052,185,336,-151
118900053,37,111,-74
118900054,94,93,1
118900055,30,189,-159
118900056,7,221,-214
118900057,366,329,37
118900058,358,578,-220
118900059,34,114,-80
118900060,61,135,-74
118900062,95,252,-157
118900064,829,530,299
118900065,40,210,-170
118900066,41,128,-87
118900067,7254,2434,4820
118900068,1,172,-171
118900069,288,289,-1
118900071,3,64,-61
118900072,319,494,-175
118900073,39,150,-111
118900074,81,209,-128
118900075,24,108,-84
118900076,214,88,126
118900077,170,224,-54
118900078,17,5,12
118900079,73,253,-180
118900080,21,110,-89
118900081,42,15,27
118900082,443,226,217
118900083,20,25,-5
118900084,9,40,-31
118900085,564,1017,-453
118900086,23,62,-39
118900087,11,190,-179
118900088,0,13,-13
118900089,21,12,9
118900090,375,517,-142
118900091,271,149,122
118900092,81,131,-50
118900093,111,11,100
118900096,70,21,49
118900097,163,791,-628
118900099,81,346,-265
118900100,181,341,-160
118900101,35,747,-712
118900102,12,64,-52
118900103,61,84,-23
118900104,72,174,-102
118900105,170,114,56
118900107,161,87,74
118900108,45,121,-76
118900110,2274,560,1714
118900111,321,973,-652
118900112,40,122,-82
118900113,71,872,-801
118900114,44,139,-95
118900115,90,404,-314
118900116,124,203,-79
118900117,103,154,-51
118900118,197,517,-320
118900119,92,303,-211
118900120,72,302,-230
118900121,13,374,-361
118900122,6,664,-658
118900123,139,244,-105
118900124,87,247,-160
118900126,24,226,-202
118900129,165,152,13
118900130,43,105,-62
118900131,104,409,-305
118900132,467,241,226
118900133,22,78,-56
118900135,121,278,-157
118900136,235,944,-709
118900137,2,12,-10
118900139,116,727,-611
118900140,409,991,-582
118900141,49,415,-366
118900144,134,725,-591
118900145,33,268,-235
118900146,217,1084,-867
118900147,142,87,55
118900148,47,89,-42
118900150,116,481,-365
118900152,458,1050,-592
118900157,99,151,-52
118900158,61,154,-93
118900159,1,348,-347
118900161,91,8,83
118900163,353,71,282
118900164,4,122,-118
118900165,44,323,-279
118900166,160,7,153
118900167,53,212,-159
118900168,2,71,-69
118900169,111,573,-462
118900170,95,188,-93
118900171,20,21,-1
118900174,56,64,-8
118900175,211,482,-271
118900176,97,228,-131
118900177,23,81,-58
118900178,47,117,-70
118900179,0,39,-39
118900181,79,167,-88
118900182,81,33,48
118900183,8,62,-54
118900184,157,69,88
118900185,99,144,-45
118900186,87,103,-16
118900187,164,400,-236
118900188,188,383,-195
118900189,45,585,-540
118900190,16,710,-694
118900191,125,75,50
118900192,94,41,53
118900193,248,8,240
118900195,450,1227,-777
118900196,24,186,-162
118900197,87,119,-32
118900198,4,79,-75
118900199,32,102,-70
118900200,21,13,8
118900201,13,6,7
118900202,9,72,-63
118900203,4,41,-37
118900204,9,38,-29
118900205,8,25,-17
118900206,5,78,-73
119000001,1162,1575,-413
119000002,2892,4442,-1550
119000003,1548,1903,-355
119000004,1835,1598,237
119000005,1664,1783,-119
119000006,1843,1694,149
119000007,2859,3222,-363
119000008,1529,2610,-1081
119000009,3575,2965,610
119000010,8992,4239,4753
119000011,6858,2678,4180
119000012,6002,3944,2058
119000013,2464,1474,990
119000014,2718,4522,-1804
119000019,240,179,61
119000020,1167,1377,-210
119000021,2888,2357,531
119000022,4509,1940,2569
119000023,206,228,-22
119000024,2559,6997,-4438
119000025,14053,1649,12404
119000026,281,313,-32
119000027,559,493,66
119000028,2477,1461,1016
119000029,152,320,-168
119000030,485,1539,-1054
119000031,685,969,-284
119000032,2650,3018,-368
119000033,1923,2204,-281
119000034,996,1556,-560
119000035,38,536,-498
119000036,856,1439,-583
119000037,1122,3228,-2106
119000038,143,1755,-1612
119000039,152,378,-226
119000040,1242,500,742
119000041,1034,1255,-221
119000048,4278,5140,-862
119000049,1196,4524,-3328
119000050,1662,2849,-1187
119000051,1808,1118,690
119000052,2226,3573,-1347
119000053,1815,1388,427
119000054,2956,5008,-2052
119000055,2814,4600,-1786
119000056,1826,2588,-762
119000057,1440,3228,-1788
119000058,1940,2743,-803
119000059,1034,2018,-984
119000060,1112,915,197
119000061,811,1083,-272
119000062,950,1551,-601
119000063,312,314,-2
119000064,1372,1835,-463
119000065,1976,3959,-1983
119000066,1570,1071,499
119000067,1896,3588,-1692
119000068,1132,1156,-24
119000069,1337,3462,-2125
119000070,1554,1384,170
119000071,661,1154,-493
119000072,7491,4561,2930
119000073,4931,6157,-1226
119000074,832,4776,-3944
119000075,1046,3115,-2069
119000076,482,1116,-634
119000077,599,668,-69
119000078,258,323,-65
119000079,96,935,-839
119000080,209,311,-102
119000081,161,475,-314
119000082,412,356,56
119000083,305,363,-58
119000084,320,685,-365
119000085,646,390,256
119000086,300,403,-103
119000087,1995,1283,712
119000088,256,220,36
119000089,50,189,-139
119000090,134,205,-71
119000091,187,384,-197
119000092,848,234,614
119000093,4821,4414,407
119000094,2034,6864,-4830
119000095,1258,3676,-2418
119000097,2621,2098,523
119000098,710,1526,-816
119000099,2410,2259,151
119000100,2737,2459,278
119000101,2759,3070,-311
119000102,804,918,-114
119000103,1553,656,897
119000104,4159,2048,2111
119000105,915,1214,-299
119000106,235,2659,-2424
119000107,445,598,-153
119000108,230,1810,-1580
119000109,103,407,-304
119000110,366,528,-162
119000111,45,609,-564
119000112,197,148,49
119000113,2942,292,2650
119000114,885,767,118
119000115,256,253,3
119000116,96,133,-37
119000117,149,420,-271
119000118,3,2,1
119000123,4057,844,3213
119000124,454,279,175
119000125,2039,1512,527
119000126,217,1223,-1006
119000127,340,1156,-816
119000128,42,6,36
119000131,713,1413,-700
119000132,4,15,-11
119000133,0,13,-13
119000134,2650,576,2074
119000135,79,302,-223
119000136,127,445,-318
119000137,189,702,-513
119000138,193,804,-611
119000139,195,447,-252
119000140,165,363,-198
119000284,1926,3519,-1593
119000285,3171,2835,336
119000286,8396,6430,1966
119000287,1371,2707,-1336
119000288,1780,2212,-432
119000289,2558,5061,-2503
119000290,172,687,-515
119000291,0,592,-592
119000293,78,208,-130
119000294,48,34,14
119000295,2803,734,2069
119000296,160,127,33
119000302,4834,1642,3192
119000303,29,194,-165
119000314,1786,6641,-4855
119000315,2,961,-959
119000316,46,158,-112
119000317,35,681,-646
119900001,218,826,-608
119900002,75,364,-289
119900003,63,1717,-1654
119900004,530,542,-12
119900005,85,230,-145
119900006,181,457,-276
119900007,702,98,604
119900008,198,35,163
119900009,454,702,-248
119900010,919,1311,-392
119900011,25,59,-34
119900012,9,72,-63
119900013,1856,877,979
119900014,497,244,253
119900015,74,32,42
119900016,18,137,-119
119900017,11,48,-37
119900018,2016,404,1612
119900019,22,16,6
119900020,116,186,-70
119900021,85,113,-28
119900022,177,423,-246
119900023,1042,670,372
119900025,119,39,80
119900026,1094,99,995
119900027,9,62,-53
119900028,129,78,51
119900029,2,12,-10
119900030,479,577,-98
119900031,22,223,-201
119900033,2404,200,2204
119900034,155,202,-47
119900037,89,63,26
119900038,38,247,-209
119900039,44,3,41
119900040,63,9,54
119900041,73,68,5
119900042,89,209,-120
119900043,42,267,-225
119900044,200,467,-267
119900046,55,121,-66
119900047,199,119,80
119900048,12,53,-41
119900049,71,19,52
119900050,95,85,10
119900051,316,10,306
119900052,27,104,-77
119900053,99,241,-142
119900054,77,5,72
119900055,872,366,506
119900057,93,134,-41
119900058,138,9,129
119900059,107,70,37
119900060,154,10,144
119900062,32,40,-8
119900063,24,66,-42
119900064,274,66,208
119900065,155,4,151
119900066,0,0,0
119900067,54,33,21
119900068,223,6,217
119900069,31,43,-12
119900070,393,20,373
119900071,394,12,382
119900073,2255,565,1690
119900074,54,28,26
119900075,8299,2529,5770
119900076,293,908,-615
119900077,421,1891,-1470
119900078,332,1300,-968
119900079,116,440,-324
119900080,860,1756,-896
119900081,363,384,-21
119900082,699,523,176
119900083,411,100,311
119900084,813,217,596
119900085,186,96,90
119900087,428,311,117
119900088,72,98,-26
119900089,24,830,-806
119900090,221,93,128
119900091,50,1694,-1644
119900092,81,662,-581
119900093,861,170,691
119900094,44,270,-226
119900095,215,129,86
119900096,64,155,-91
119900097,603,237,366
119900098,48,78,-30
119900099,29,355,-326
119900100,3428,2030,1398
119900101,283,1166,-883
119900102,27,448,-421
119900103,30,799,-769
119900104,56,441,-385
119900105,670,1608,-938
119900106,17,290,-273
119900107,517,4931,-4414
119900108,2470,892,1578
119900109,12,320,-308
119900110,526,924,-398
119900111,77,578,-501
119900112,3739,619,3120
119900113,73,635,-562
119900114,239,2552,-2313
119900115,166,1950,-1784
119900116,177,426,-249
119900117,198,1246,-1048
119900118,56,1874,-1818
119900119,142,296,-154
119900120,833,961,-128
119900121,209,2040,-1831
119900122,355,549,-194
119900123,216,338,-122
119900124,93,1566,-1473
119900125,77,565,-488
119900126,6864,369,6495
119900127,4336,1298,3038
119900128,282,1103,-821
119900129,123,1211,-1088
119900130,78,391,-313
119900131,41,507,-466
119900132,4,619,-615
119900133,30,41,-11
119900134,3161,352,2809
119900135,2,729,-727
119900136,232,754,-522
119900138,535,916,-381
119900139,67,112,-45
119900140,0,216,-216
119900141,197,568,-371
119900142,5,28,-23
119900143,14,280,-266
119900144,2883,358,2525
119900145,93,367,-274
119900146,193,202,-9
119900147,2,158,-156
119900148,111,47,64
119900149,2309,2419,-110
119900150,220,297,-77
119900151,2038,948,1090
119900152,70,666,-596
119900153,111,76,35
119900154,12,524,-512
119900155,31,36,-5
119900156,5,4,1
119900157,60,451,-391
119900158,79,68,11
119900159,26,2516,-2490
119900160,27,407,-380
119900161,190,448,-258
119900162,802,946,-144
119900163,158,142,16
119900164,0,3,-3
119900165,77,449,-372
119900166,74,32,42
119900167,163,235,-72
119900168,454,547,-93
119900169,190,389,-199
119900170,236,209,27
119900171,817,725,92
119900172,123,31,92
119900173,6,735,-729
119900174,17,411,-394
119900175,781,900,-119
119900177,11,324,-313
119900178,22,309,-287
119900179,42,263,-221
119900180,861,901,-40
119900181,54,52,2
119900182,9,797,-788
119900183,162,1197,-1035
119900184,4629,809,3820
119900185,39,94,-55
119900186,86,455,-369
119900187,14,968,-954
119900188,39,362,-323
119900189,587,281,306
119900190,74,163,-89
119900191,380,114,266
119900192,26,246,-220
119900193,204,263,-59
119900194,9,62,-53
119900195,46,349,-303
119900196,3033,727,2306
119900197,146,174,-28
119900198,95,583,-488
119900199,182,40,142
119900200,505,738,-233
119900201,576,322,254
119900202,191,144,47
119900203,166,314,-148
119900204,167,467,-300
119900205,310,922,-612
119900206,94,177,-83
119900208,196,185,11
119900209,316,836,-520
119900210,24,42,-18
119900211,101,22,79
119900212,63,290,-227
119900213,0,97,-97
119900214,16,149,-133
119900215,24,124,-100
119900216,8,149,-141
119900217,8,111,-103
119900218,24,80,-56
119900219,11,189,-178
119900220,7,199,-192
119900221,23,663,-640
119900222,10,492,-482
119900223,22,201,-179
119900224,31,71,-40
119900225,1866,87,1779
119900226,1366,1460,-94
119900227,2101,548,1553
119900228,192,435,-243
119900229,312,699,-387
119900230,1810,776,1034
119900231,139,283,-144
119900232,218,80,138
119900233,51,4,47
119900234,21,115,-94
119900235,18,70,-52
119900236,25,274,-249
119900237,55,921,-866
119900238,3,142,-139
119900240,56,183,-127
119900241,151,359,-208
119900242,2146,1399,747
119900244,917,1374,-457
119900245,81,169,-88
119900246,318,418,-100
119900247,19,67,-48
119900248,69,88,-19
119900249,170,79,91
119900253,5831,435,5396
119900254,65,270,-205
119900255,58,646,-588
119900256,219,2028,-1809
119900257,40,4,36
119900258,85,251,-166
119900259,2,334,-332
119900260,101,6,95
119900261,211,289,-78
119900262,3,493,-490
119900263,1060,541,519
119900264,46,394,-348
119900265,225,504,-279
119900266,147,417,-270
119900267,178,479,-301
119900268,162,314,-152
119900269,447,2020,-1573
119900271,22,109,-87
119900272,161,83,78
119900275,105,17,88
119900276,17,1,16
119900277,41,39,2
119900278,334,84,250
119900279,118,282,-164
119900280,1282,276,1006
119900281,0,138,-138
119900282,45,39,6
119900283,10,514,-504
119900284,37,193,-156
119900285,275,213,62
119900286,240,51,189
119900288,3,52,-49
119900289,0,60,-60
119900290,1,40,-39
119900291,0,55,-55
119900292,22,17,5
119900293,16,2,14
119900294,14,0,14
119900295,9,0,9
119900296,42,74,-32
119900299,35,338,-303
119900300,160,316,-156
119900301,165,64,101
119900302,76,85,-9
119900303,177,343,-166
119900304,108,45,63
119900305,31,136,-105
119900306,19,2,17
119900307,57,247,-190
119900308,10,19,-9
119900309,26,55,-29
119900310,260,464,-204
119900311,44,205,-161
119900312,54,126,-72
119900313,267,525,-258
119900314,117,351,-234
119900315,753,3892,-3139
119900318,14,25,-11
119900319,4,544,-540
119900320,245,1126,-881
119900321,57,8,49
119900322,108,68,40
119900323,2,96,-94
119900324,0,53,-53
119900325,3,548,-545
119900326,9,9,0
120000001,10546,10956,-410
120000002,2453,4187,-1734
120000003,4294,2546,1748
120000004,3117,3142,-25
120000005,6165,2947,3218
120000006,1337,1499,-162
120000007,4063,2836,1227
120000008,1044,1552,-508
120000009,5928,1299,4629
120000010,1912,4224,-2312
120000011,1507,2800,-1293
120000012,2015,4295,-2280
120000013,2689,3793,-1104
120000014,622,2080,-1458
120000015,2800,2092,708
120000016,3564,2973,591
120000017,2458,2366,92
120000018,6442,9114,-2672
120000019,891,1305,-414
120000020,3789,3021,768
120000021,2406,2201,205
120000022,3507,3979,-472
120000023,1005,2048,-1043
120000024,1522,2836,-1314
120000025,2116,2828,-712
120000026,931,2328,-1397
120000027,1456,2117,-661
120000028,793,525,268
120000029,4394,661,3733
120000030,364,824,-460
120000031,2292,7747,-5455
120000032,13298,4265,9033
120000033,3646,2394,1252
120000034,1347,3201,-1854
120000035,1812,3321,-1509
120000036,2662,4986,-2324
120000037,754,1155,-401
120000038,13766,4344,9422
120000039,506,1337,-831
120000040,82,219,-137
120000041,777,2450,-1673
120000042,1857,6158,-4301
120000043,5031,4032,999
120000044,3600,1774,1826
120000045,3651,1321,2330
120000046,1891,2271,-380
120000047,2979,3861,-882
120000048,11176,4242,6934
120000049,4137,3563,574
120000050,3955,6251,-2296
120000051,4569,5817,-1248
120000052,18014,3268,14746
120000053,1074,5674,-4600
120000054,1715,8994,-7279
120000055,1585,6505,-4920
120000056,3400,7075,-3675
120000057,1732,1098,634
120000058,695,290,405
120000059,77,1292,-1215
120000061,118,1192,-1074
120000062,187,391,-204
120000063,2576,4376,-1800
120000064,259,2495,-2236
120000065,595,2906,-2311
120000066,170,726,-556
120000067,57,901,-844
120000068,186,1799,-1613
120000069,600,2412,-1812
120000070,35,1498,-1463
120000071,165,229,-64
120000072,297,645,-348
120000073,360,131,229
120000074,49,105,-56
120000075,435,300,135
120000076,1220,487,733
120000077,1227,587,640
120000078,3172,894,2278
120000079,126,101,25
120000080,55,169,-114
120000081,172,121,51
120000082,103,132,-29
120000083,48,268,-220
120000084,556,768,-212
120000085,337,516,-179
120000086,333,969,-636
120000087,165,1653,-1488
120000088,754,1988,-1234
120000089,897,889,8
120000090,565,675,-110
120000091,578,1300,-722
120000092,1096,755,341
120000093,310,732,-422
120000094,113,604,-491
120000095,907,1017,-110
120000096,193,1695,-1502
120000098,808,1526,-718
120000099,345,1005,-660
120000100,564,1297,-733
120000101,452,679,-227
120000102,406,681,-275
120000103,1079,614,465
120000104,1510,353,1157
120000105,2054,449,1605
120000106,1542,471,1071
120000107,2071,499,1572
120000108,678,148,530
120000109,730,89,641
120000110,116,1366,-1250
120000111,144,1926,-1782
120000112,842,6143,-5301
120000113,607,4384,-3777
120000114,863,4186,-3323
120000115,386,3488,-3102
120000116,697,2752,-2055
120000117,1744,2128,-384
120000118,44,45,-1
120000119,52,76,-24
120000120,98,75,23
120000121,53,90,-37
120000122,401,315,86
120000123,8461,4433,4028
120000124,410,685,-275
120000125,356,876,-520
120000126,262,913,-651
120000127,3057,894,2163
120000128,6100,2479,3621
120000129,408,348,60
120000130,830,1015,-185
120000131,238,531,-293
120000134,403,2205,-1802
120000135,215,429,-214
120000137,139,3270,-3131
120000138,387,831,-444
120000139,195,1701,-1506
120000140,351,908,-557
120000141,173,832,-659
120000142,285,933,-648
120000143,0,211,-211
120000144,53,2,51
120000145,179,0,179
120000146,2933,1245,1688
120000149,541,1254,-713
120000150,6852,9808,-2956
120000151,440,732,-292
120000152,410,387,23
120000153,247,1146,-899
120000154,505,578,-73
120000155,93,307,-214
120000156,1958,699,1259
120000157,927,984,-57
120000158,693,1288,-595
120000159,1965,2941,-976
120000160,2328,1471,857
120000161,1211,3433,-2222
120000162,74,276,-202
120000163,376,2361,-1985
120000164,335,774,-439
120000165,275,1568,-1293
120000166,668,1015,-347
120000167,29,85,-56
120000168,13,158,-145
120000169,147,406,-259
120000170,164,243,-79
120000171,30,69,-39
120000172,31,29,2
120000173,2858,220,2638
120000174,600,15,585
120000175,657,10,647
120000176,385,69,316
120000177,2024,431,1593
120000178,109,11,98
120000179,553,38,515
120000180,1034,118,916
120000181,201,242,-41
120000182,152,121,31
120000183,11,182,-171
120000184,143,1678,-1535
120000186,42,102,-60
120000187,122,67,55
120000188,314,69,245
120000190,1684,8,1676
120000191,2573,22,2551
120000192,3243,18,3225
120000193,916,7,909
120000195,182,3,179
120000196,461,45,416
120000197,100,147,-47
120000198,150,255,-105
120000199,60,2,58
120000200,61,1,60
120000201,13,25,-12
120000202,2,66,-64
120000203,29,515,-486
120000207,2,195,-193
120000208,11,475,-464
120000209,4,195,-191
120000210,260,184,76
120000211,73,0,73
120000212,73,1,72
120000213,65,691,-626
120000214,3,801,-798
120000215,6,367,-361
120000216,59,5,54
120000217,1382,2049,-667
120000218,328,1797,-1469
120000219,20,1182,-1162
120000220,16,4400,-4384
120000225,764,1,763
120000226,200,3,197
120000227,643,30,613
120000228,9846,2399,7447
120000230,194,20,174
120000231,722,3630,-2908
120000233,171,55,116
120000235,174,1069,-895
120000236,669,1,668
120000237,5,3440,-3435
120000238,1,165,-164
120000241,1668,4005,-2337
120000412,2409,38,2371
120000413,132,694,-562
120000414,57,5,52
120000415,4,227,-223
120000416,58,20,38
120000417,1,157,-156
120000418,116,10,106
120000419,9,765,-756
120000420,57,45,12
120000421,19977,7792,12185
120000422,316,589,-273
120000423,4,68,-64
120000424,45,208,-163
120000436,142,405,-263
120000437,238,230,8
120000438,6106,530,5576
120000439,182,401,-219
120000443,108,0,108
120000444,811,1001,-190
120000445,1885,1468,417
120000446,1268,437,831
120000447,221,7,214
120000449,46,17,29
120000450,9,580,-571
120000451,132,324,-192
120000452,82,3,79
120000453,1,659,-658
120000454,89,39,50
120000455,60,88,-28
120000456,3997,3087,910
120000457,2590,1264,1326
120000458,657,1051,-394
120000459,87,132,-45
120000665,1691,173,1518
120000668,119,352,-233
120000669,120,587,-467
120000670,324,510,-186
120000671,835,281,554
120000672,122,784,-662
120900001,47,48,-1
120900002,569,359,210
120900003,175,39,136
120900004,10,71,-61
120900005,27,2129,-2102
120900006,194,223,-29
120900007,96,267,-171
120900008,193,1974,-1781
120900009,161,36,125
120900010,257,104,153
120900011,576,168,408
120900012,1673,1044,629
120900013,293,61,232
120900014,9,1216,-1207
120900015,369,110,259
120900016,377,62,315
120900017,3862,118,3744
120900018,71,712,-641
120900019,460,179,281
120900020,913,920,-7
120900021,491,97,394
120900022,43,647,-604
120900023,130,56,74
120900024,2042,615,1427
120900025,2790,1140,1650
120900026,98,294,-196
120900027,756,79,677
120900028,265,49,216
120900029,127,244,-117
120900030,858,639,219
120900031,141,62,79
120900032,529,232,297
120900033,850,48,802
120900034,35,2003,-1968
120900035,43,320,-277
120900037,140,8,132
120900038,62,154,-92
120900039,54,25,29
120900040,149,0,149
120900041,216,46,170
120900042,196,103,93
120900043,30,18,12
120900044,12,652,-640
120900045,145,301,-156
120900046,306,9,297
120900047,104,58,46
120900048,55,15,40
120900049,235,2,233
120900050,5675,1432,4243
120900051,209,148,61
120900052,336,4,332
120900053,152,107,45
120900054,1996,1190,806
120900055,179,5,174
120900056,301,7,294
120900057,91,23,68
120900058,255,4,251
120900059,68,3,65
120900060,49,52,-3
120900061,326,452,-126
120900062,119,0,119
120900063,296,3,293
120900064,273,0,273
120900065,268,29,239
120900066,262,544,-282
120900067,210,45,165
120900068,111,0,111
120900069,114,113,1
120900071,16,4,12
120900072,377,3,374
120900073,316,365,-49
120900074,462,8,454
120900076,189,0,189
120900077,5522,354,5168
120900078,424,984,-560
120900079,339,135,204
120900080,392,3828,-3436
120900081,463,1692,-1229
120900082,904,483,421
120900083,46,5,41
120900084,161,272,-111
120900085,183,147,36
120900086,225,240,-15
120900087,292,121,171
120900088,178,307,-129
120900089,6852,1800,5052
120900090,119,293,-174
120900091,509,383,126
120900092,1161,927,234
120900093,5684,359,5325
120900094,755,332,423
120900095,393,23,370
120900096,34,193,-159
120900097,793,1536,-743
120900098,386,241,145
120900099,68,116,-48
120900100,95,481,-386
120900101,823,470,353
120900102,18,118,-100
120900103,37,185,-148
120900104,22,67,-45
120900105,42,1193,-1151
120900106,1807,970,837
120900107,553,269,284
120900108,6,1430,-1424
120900109,66,1193,-1127
120900110,10,833,-823
120900111,175,550,-375
120900112,8,2107,-2099
120900113,28,1526,-1498
120900114,17,262,-245
120900115,141,206,-65
120900116,190,1081,-891
120900117,6,949,-943
120900118,14,1633,-1619
120900119,4305,4623,-318
120900120,90,1078,-988
120900121,115,687,-572
120900122,223,1158,-935
120900123,2,922,-920
120900124,8,1202,-1194
120900125,6,1702,-1696
120900126,1864,1027,837
120900127,10,890,-880
120900128,1121,1488,-367
120900129,81,566,-485
120900130,16,798,-782
120900131,10,100,-90
120900132,481,705,-224
120900133,237,1914,-1677
120900134,667,721,-54
120900135,17,1020,-1003
120900136,26,65,-39
120900137,104,132,-28
120900138,13,324,-311
120900139,9,1232,-1223
120900140,0,80,-80
120900141,133,166,-33
120900142,31,1459,-1428
120900143,6,1529,-1523
120900144,1,377,-376
120900145,117,1493,-1376
120900146,8,1789,-1781
120900147,1,576,-575
120900148,92,151,-59
120900149,0,627,-627
120900150,36,919,-883
120900151,4,1260,-1256
120900152,21,105,-84
120900153,10,108,-98
120900154,2,547,-545
120900155,149,1765,-1616
120900156,31,771,-740
120900157,22,291,-269
120900158,47,831,-784
120900159,24,389,-365
120900160,31,555,-524
120900161,6,986,-980
120900162,26,1216,-1190
120900163,16,149,-133
120900164,2,1,1
120900165,21,7,14
120900166,43,243,-200
120900167,420,111,309
120900169,38,860,-822
120900170,3626,1792,1834
120900171,1925,641,1284
120900172,1565,214,1351
120900173,0,144,-144
120900174,2,206,-204
120900175,406,295,111
120900176,13,263,-250
120900177,1,580,-579
120900178,0,266,-266
120900179,1126,583,543
120900180,165,123,42
120900181,131,87,44
120900182,18,528,-510
120900183,390,143,247
120900184,214,128,86
120900185,15,452,-437
120900186,7,803,-796
120900187,302,938,-636
120900188,99,14,85
120900189,227,566,-339
120900190,29,17,12
120900191,10,29,-19
120900192,18682,3677,15005
120900194,17,114,-97
120900195,128,340,-212
120900196,524,36,488
120900197,493,100,393
120900198,291,928,-637
120900199,334,2231,-1897
120900200,168,149,19
120900201,782,185,597
120900202,1,346,-345
120900203,14,81,-67
120900204,253,496,-243
120900205,85,164,-79
120900206,11,40,-29
121000001,1247,1485,-238
121000002,2396,1319,1077
121000003,5155,2399,2756
121000004,3158,3686,-528
121000005,2697,3441,-744
121000006,3656,1424,2232
121000007,3609,3411,198
121000008,6158,3224,2934
121000009,8691,6419,2272
121000010,10998,4768,6230
121000011,14537,14440,97
121000012,20332,9991,10341
121000013,6263,8246,-1983
121000014,8133,6941,1192
121000015,5487,6708,-1221
121000016,5436,4178,1258
121000017,2153,4424,-2271
121000018,2576,2350,226
121000019,26688,10263,16425
121000020,17756,9795,7961
121000021,3340,3886,-546
121000022,1695,2049,-354
121000023,4972,3823,1149
121000024,3194,3698,-504
121000025,715,1071,-356
121000026,268,127,141
121000027,1634,1055,579
121000028,1032,607,425
121000029,989,941,48
121000030,624,605,19
121000031,520,712,-192
121000032,201,96,105
121000034,272,172,100
121000035,109,84,25
121000036,1233,853,380
121000037,639,691,-52
121000038,709,736,-27
121000039,397,388,9
121000041,486,600,-114
121000042,228,393,-165
121000043,916,759,157
121000044,1876,801,1075
121000045,386,385,1
121000046,545,966,-421
121000047,45,112,-67
121000049,1997,722,1275
121000050,385,1174,-789
121000051,744,429,315
121000052,311,619,-308
121000053,384,76,308
121000054,43,220,-177
121000055,1782,1218,564
121000056,1094,1279,-185
121000057,178,394,-216
121000058,539,122,417
121000059,2199,1068,1131
121000060,489,997,-508
121000061,139,216,-77
121000062,115,263,-148
121000063,777,471,306
121000064,567,742,-175
121000065,497,432,65
121000066,603,583,20
121000067,1118,403,715
121000068,676,412,264
121000069,837,316,521
121000070,2046,1493,553
121000071,1155,984,171
121000072,1689,946,743
121000073,1155,910,245
121000074,126,141,-15
121000075,89,56,33
121000076,1650,369,1281
121000077,108,103,5
121000078,143,151,-8
121000080,3184,781,2403
121000081,3097,2376,721
121000082,177,292,-115
121000083,236,145,91
121000084,231,152,79
121000085,414,461,-47
121000086,216,1164,-948
121000087,66,287,-221
121000088,485,950,-465
121000089,723,346,377
121000090,516,414,102
121000091,2358,1038,1320
121000092,209,152,57
121000093,178,261,-83
121000094,599,751,-152
121000095,318,595,-277
121000096,2716,3468,-752
121000097,1806,2248,-442
121000098,367,1875,-1508
121000099,334,1131,-797
121000100,586,756,-170
121000101,208,379,-171
121000102,144,581,-437
121000103,126,479,-353
121000104,175,265,-90
121000105,300,454,-154
121000106,167,558,-391
121000107,2691,4500,-1809
121000109,1701,1285,416
121000110,456,592,-136
121000114,3014,2860,154
121000115,780,945,-165
121000116,486,1050,-564
121000117,1277,305,972
121000118,1310,365,945
121000119,275,402,-127
121000120,238,605,-367
121000121,452,1221,-769
121000123,1675,870,805
121000126,101,379,-278
121000127,155,115,40
121000128,727,675,52
121000129,509,606,-97
121000130,457,1294,-837
121000131,2692,1511,1181
121000132,1914,1565,349
121000135,621,648,-27
121000136,1358,636,722
121000137,665,206,459
121000138,1024,835,189
121000139,810,185,625
121000141,214,161,53
121000142,811,656,155
121000143,236,29,207
121000144,1837,1216,621
121000145,511,1561,-1050
121000146,1044,910,134
121000147,577,514,63
121000148,793,1271,-478
121000149,1977,1364,613
121000152,543,650,-107
121000153,1947,717,1230
121000154,819,664,155
121000155,1302,1266,36
121000156,426,1046,-620
121000157,1768,2387,-619
121000158,407,784,-377
121000159,157,703,-546
121000160,242,915,-673
121000161,108,454,-346
121000162,41,476,-435
121000165,2209,1954,255
121000166,31,475,-444
121000168,270,358,-88
121000169,40,232,-192
121000170,177,74,103
121000171,39,227,-188
121000172,472,414,58
121000173,1184,908,276
121000174,228,466,-238
121000175,660,612,48
121000176,325,294,31
121000177,793,767,26
121000178,129,105,24
121000179,140,84,56
121000181,415,528,-113
121000182,77,164,-87
121000183,53,89,-36
121000184,65,125,-60
121000185,12,146,-134
121000186,103,272,-169
121000187,165,364,-199
121000188,73,416,-343
121000192,625,376,249
121000193,546,533,13
121000194,3200,2547,653
121000195,396,1193,-797
121000196,852,262,590
121000197,353,1090,-737
121000198,261,92,169
121000199,94,647,-553
121000200,328,144,184
121000201,7,316,-309
121000202,796,157,639
121000203,689,3308,-2619
121000204,1936,771,1165
121000205,197,354,-157
121000206,146,35,111
121000207,1272,577,695
121000208,8,735,-727
121000209,159,571,-412
121000210,271,770,-499
121000211,166,147,19
121000212,310,1042,-732
121000213,11333,3044,8289
121000214,993,1848,-855
121000215,1574,967,607
121000216,413,518,-105
121000217,4895,2435,2460
121000218,660,2033,-1373
121000219,1490,387,1103
121000220,449,88,361
121000221,240,291,-51
121000222,3507,2804,703
121000223,860,445,415
121000224,264,127,137
121000225,1575,1008,567
121000226,3290,745,2545
121000227,5,265,-260
121000228,16,1127,-1111
121000229,103,630,-527
121000230,83,2397,-2314
121000231,559,33,526
121000232,374,204,170
121000233,512,363,149
121000234,14,37,-23
121000235,42,65,-23
121000236,5,88,-83
121000237,93,13,80
121000238,2,109,-107
121000239,48,6,42
121000240,9,276,-267
121000241,87,18,69
121000242,72,230,-158
121000243,575,82,493
121000244,1,92,-91
121000245,35,21,14
121000246,2,102,-100
121000247,64,6,58
121000248,714,831,-117
121000249,165,289,-124
121000250,268,69,199
121000251,22,754,-732
121000252,59,39,20
121000253,173,762,-589
121000254,298,335,-37
121000255,135,252,-117
121000256,286,253,33
121000257,92,102,-10
121000258,58,100,-42
121000259,23,47,-24
121000260,51,147,-96
121000261,43,43,0
121000262,1265,835,430
121000263,463,579,-116
121000271,298,2072,-1774
121000273,91,6,85
121000274,5,57,-52
121000275,3,29,-26
121000276,3,18,-15
121000278,22,83,-61
121000279,62,22,40
121000280,46,56,-10
121000289,286,17,269
121000290,1481,817,664
121000294,113,264,-151
121000297,1187,944,243
121000299,33,278,-245
121000300,737,716,21
121000302,249,1346,-1097
121000303,787,870,-83
121000304,521,74,447
121000305,123,46,77
121000306,75,138,-63
121000308,240,489,-249
121000309,519,706,-187
121000310,101,543,-442
121000311,99,1082,-983
121000312,343,242,101
121000313,653,657,-4
121000314,232,145,87
121000315,68,196,-128
121000530,896,1738,-842
121000531,1006,1504,-498
121000532,6517,5134,1383
121000533,2846,2769,77
121000918,26,287,-261
121000919,14,40,-26
121000938,1384,1021,363
121000939,1468,853,615
121000956,643,1898,-1255
121000957,6,10,-4
121000958,177,32,145
121000959,397,1342,-945
121000960,1629,2912,-1283
121000961,138,104,34
121000962,415,854,-439
121000973,2,612,-610
121000976,27,200,-173
121000979,448,88,360
121000981,295,210,85
121000982,171,320,-149
121000983,438,530,-92
121000984,17,58,-41
121000985,389,993,-604
121000986,99,551,-452
121000987,236,1941,-1705
121000988,476,115,361
121001302,364,164,200
121001308,2,7,-5
121001309,83,94,-11
121001313,140,480,-340
121001314,3953,5161,-1208
121001315,4444,1664,2780
121900001,69,221,-152
121900002,26,21,5
121900003,382,10,372
121900004,129,517,-388
121900005,12,9,3
121900006,84,19,65
121900007,2652,2532,120
121900008,1607,169,1438
121900009,616,16,600
121900010,295,3,292
121900011,363,706,-343
121900012,1,1,0
121900013,1326,70,1256
121900014,1067,412,655
121900015,149,276,-127
121900016,4,47,-43
121900017,366,609,-243
121900018,374,15,359
121900019,247,265,-18
121900020,24,3,21
121900021,748,34,714
121900022,163,168,-5
121900023,96,490,-394
121900024,459,67,392
121900025,537,411,126
121900026,326,47,279
121900027,332,239,93
121900028,239,15,224
121900029,183,213,-30
121900030,600,475,125
121900031,1261,4546,-3285
121900032,65,101,-36
121900033,161,153,8
121900034,245,67,178
121900035,2581,1709,872
121900036,76,438,-362
121900037,176,718,-542
121900038,30,205,-175
121900039,362,57,305
121900040,51,93,-42
121900041,78,189,-111
121900042,288,138,150
121900043,7,10,-3
121900044,326,49,277
121900046,315,300,15
121900047,183,80,103
121900048,17,208,-191
121900050,21,59,-38
121900051,103,147,-44
121900052,126,40,86
121900053,259,264,-5
121900054,485,853,-368
121900055,13,22,-9
121900058,158,267,-109
121900059,302,115,187
121900060,84,349,-265
121900061,166,177,-11
121900062,107,97,10
121900063,855,404,451
121900064,127,785,-658
121900066,22,32,-10
121900067,30,33,-3
121900069,187,154,33
121900070,148,160,-12
121900071,163,295,-132
121900072,29,227,-198
121900073,259,166,93
121900074,1084,603,481
121900075,505,355,150
121900076,383,666,-283
121900077,14,73,-59
121900078,41,58,-17
121900079,0,0,0
121900080,683,558,125
121900082,22,143,-121
121900084,5,280,-275
121900085,3,14,-11
121900086,14,80,-66
121900087,203,138,65
121900088,3256,2954,302
121900089,125,551,-426
121900090,15,142,-127
121900091,22,138,-116
121900092,119,183,-64
121900093,45,83,-38
121900094,17,3,14
121900095,201,87,114
121900096,1693,661,1032
121900097,247,126,121
121900098,0,10,-10
121900099,136,90,46
121900100,240,300,-60
121900101,104,94,10
121900102,14,128,-114
121900103,562,343,219
121900104,1024,261,763
121900105,105,92,13
121900106,14,1,13
121900107,29,55,-26
121900108,0,23,-23
121900109,317,145,172
121900110,234,1546,-1312
121900111,998,143,855
121900112,106,114,-8
121900113,73,266,-193
121900114,27,50,-23
121900117,248,32,216
121900118,2357,476,1881
121900119,97,165,-68
121900120,40,1382,-1342
121900121,611,74,537
121900122,22,40,-18
121900123,217,460,-243
121900124,98,211,-113
121900125,923,1104,-181
121900127,16,93,-77
121900128,51,194,-143
121900129,1243,117,1126
121900130,98,286,-188
121900131,260,94,166
121900132,59,202,-143
121900133,85,404,-319
121900134,11,138,-127
121900135,2928,308,2620
121900136,158,547,-389
121900137,61,331,-270
121900138,85,291,-206
121900139,336,439,-103
121900140,66,226,-160
121900141,29,22,7
121900142,38,178,-140
121900143,6,169,-163
121900144,202,351,-149
121900145,184,237,-53
121900146,578,768,-190
121900147,39,166,-127
121900148,142,325,-183
121900149,324,847,-523
121900150,83,183,-100
121900151,79,226,-147
121900152,107,173,-66
121900153,142,638,-496
121900154,23,148,-125
121900155,1,102,-101
121900156,183,119,64
121900157,7,530,-523
121900158,67,85,-18
121900159,1,244,-243
121900160,29,232,-203
121900161,451,383,68
121900162,146,136,10
121900163,113,983,-870
121900164,343,257,86
121900165,175,254,-79
121900166,90,278,-188
121900167,87,129,-42
121900168,221,160,61
121900169,2,355,-353
121900170,9,222,-213
121900171,530,626,-96
121900172,345,371,-26
121900173,1097,194,903
121900174,32,51,-19
121900175,116,165,-49
121900176,500,1954,-1454
121900177,162,53,109
121900178,26,55,-29
121900179,288,160,128
121900180,6520,2848,3672
121900182,570,280,290
121900183,541,557,-16
121900184,38,672,-634
121900186,14,369,-355
121900187,25,191,-166
121900188,627,401,226
121900189,29,122,-93
121900190,175,565,-390
121900191,81,184,-103
121900192,412,638,-226
121900193,20,231,-211
121900194,3,169,-166
121900195,105,132,-27
121900196,847,1025,-178
121900197,419,2281,-1862
121900198,1045,1225,-180
121900199,4,44,-40
121900200,64,246,-182
121900201,1394,672,722
121900202,107,358,-251
121900203,325,1004,-679
121900204,1353,929,424
121900205,10,135,-125
121900206,12,6,6
121900207,220,48,172
121900208,175,305,-130
121900209,45,23,22
121900210,1158,1195,-37
121900211,24,96,-72
121900212,168,140,28
121900213,78,142,-64
121900214,8,479,-471
121900215,53,41,12
121900216,27,74,-47
121900217,263,125,138
121900218,307,486,-179
121900220,237,17,220
121900221,217,611,-394
121900222,176,196,-20
121900223,178,80,98
121900224,79,66,13
121900225,87,65,22
121900226,256,990,-734
121900227,129,392,-263
121900228,204,302,-98
121900230,135,101,34
121900231,581,417,164
121900232,285,394,-109
121900233,284,319,-35
121900234,193,424,-231
121900235,281,303,-22
121900236,265,161,104
121900237,160,278,-118
121900238,109,192,-83
121900239,140,57,83
121900240,226,149,77
121900241,48,83,-35
121900242,0,0,0
121900243,9,0,9
121900244,8,2,6
121900245,158,175,-17
121900246,1535,477,1058
121900247,297,298,-1
121900248,1681,910,771
121900250,267,304,-37
121900251,435,43,392
121900252,600,164,436
121900253,190,900,-710
121900254,572,292,280
121900255,209,90,119
121900258,2818,1791,1027
121900259,410,467,-57
121900260,59,271,-212
121900261,130,424,-294
121900262,443,772,-329
121900263,123,299,-176
121900264,2606,1538,1068
121900265,182,350,-168
121900266,253,205,48
121900267,42,37,5
121900269,141,391,-250
121900270,15,187,-172
121900271,38,228,-190
121900273,469,1418,-949
121900274,203,285,-82
121900277,368,1667,-1299
121900278,100,962,-862
121900279,274,271,3
121900280,195,332,-137
121900281,580,101,479
121900284,208,3,205
121900286,95,271,-176
121900287,26,25,1
121900288,2,1,1
121900290,241,285,-44
121900291,403,603,-200
121900292,227,91,136
121900293,943,3721,-2778
121900294,313,5,308
121900295,56,253,-197
121900296,62,49,13
121900298,452,502,-50
121900299,0,0,0
121900300,12,0,12
121900301,21,1,20
121900302,0,90,-90
121900303,330,510,-180
121900304,6,11,-5
121900305,0,2,-2
121900306,65,1,64
121900307,26,33,-7
121900308,14,422,-408
121900309,11,352,-341
121900310,66,604,-538
121900311,184,5,179
121900312,131,8,123
121900313,164,31,133
121900314,7,109,-102
121900315,3,0,3
121900316,0,28,-28
121900317,4,0,4
121900318,1,35,-34
121900319,13,30,-17
121900320,92,88,4
121900321,4,3,1
121900322,3,29,-26
121900323,8,6,2
121900324,6,30,-24
121900325,6,0,6
121900326,3,24,-21
121900327,4,57,-53
121900328,0,23,-23
121900329,0,230,-230
121900330,0,53,-53
121900331,310,48,262
121900332,58,11,47
121900333,7,2,5
122000001,3028,4206,-1178
122000002,6772,2117,4655
122000003,2725,1829,896
122000004,4302,1553,2749
122000005,3500,1150,2350
122000006,2889,585,2304
122000007,1750,1417,333
122000008,8107,5003,3104
122000009,724,320,404
122000010,2441,2662,-221
122000011,3723,1260,2463
122000012,1399,1072,327
122000013,2297,1254,1043
122000014,1649,2199,-550
122000015,1770,980,790
122000016,611,999,-388
122000017,1400,1255,145
122000018,1682,1297,385
122000019,815,1714,-899
122000020,251,285,-34
122000021,658,613,45
122000022,1487,1641,-154
122000023,578,2924,-2346
122000024,1129,1026,103
122000025,1693,1074,619
122000026,2122,791,1331
122000027,747,4318,-3571
122000028,902,415,487
122000029,517,273,244
122000030,501,80,421
122000031,171,294,-123
122000032,1788,3187,-1399
122000033,1139,850,289
122000034,676,666,10
122000035,418,850,-432
122000036,462,706,-244
122000037,430,289,141
122000038,335,424,-89
122000039,690,520,170
122000040,409,370,39
122000041,488,569,-81
122000042,310,533,-223
122000043,223,139,84
122000044,179,137,42
122000045,1386,574,812
122000046,743,1098,-355
122000047,342,195,147
122000048,3825,4333,-508
122000049,6376,2876,3500
122000050,1877,610,1267
122000051,431,650,-219
122000052,784,338,446
122000053,159,502,-343
122000054,2833,2177,656
122000055,2436,2809,-373
122000056,8757,3528,5229
122000057,5597,2996,2601
122000058,4671,1102,3569
122000059,4338,1380,2958
122000060,1199,560,639
122000061,668,311,357
122000062,1571,463,1108
122000063,1550,456,1094
122000064,3694,3161,533
122000065,5883,3166,2717
122000066,1181,1179,2
122000067,1699,1454,245
122000068,1017,1484,-467
122000069,676,901,-225
122000070,688,3685,-2997
122000071,1028,1936,-908
122000072,424,363,61
122000073,500,437,63
122000074,2091,1472,619
122000075,585,1424,-839
122000076,1755,1174,581
122000077,1452,636,816
122000078,3606,1742,1864
122000079,1805,793,1012
122000080,1161,371,790
122000081,277,307,-30
122000082,1245,711,534
122000083,1429,3918,-2489
122000084,1034,921,113
122000085,270,2104,-1834
122000086,2409,4982,-2573
122000087,571,167,404
122000088,457,399,58
122000089,7636,3470,4166
122000090,303,469,-166
122000091,264,73,191
122000092,235,26,209
122000093,1846,1011,835
122000094,10100,1798,8302
122000095,5113,2413,2700
122000096,4738,1535,3203
122000098,5554,1598,3956
122000099,3234,610,2624
122000100,1530,741,789
122000101,300,1000,-700
122000102,1845,1282,563
122000103,1696,1663,33
122000104,252,206,46
122000105,256,301,-45
122000106,554,591,-37
122000107,1150,647,503
122000108,496,844,-348
122000109,338,410,-72
122000110,357,555,-198
122000111,2950,1278,1672
122000112,628,1347,-719
122000113,519,731,-212
122000114,4305,1627,2678
122000115,2060,1582,478
122000116,539,566,-27
122000117,1107,383,724
122000118,463,580,-117
122000119,3622,1715,1907
122000120,2928,2650,278
122000121,3514,2574,940
122000122,920,1430,-510
122000123,2300,1421,879
122000124,1433,524,909
122000125,590,676,-86
122000126,986,744,242
122000127,1584,965,619
122000128,629,1057,-428
122000129,356,692,-336
122000130,2596,664,1932
122000131,1798,679,1119
122000132,904,446,458
122000133,1150,2372,-1222
122000134,525,592,-67
122000135,649,945,-296
122000136,502,270,232
122000137,1016,835,181
122000139,1820,3038,-1218
122000140,1362,529,833
122000141,5964,955,5009
122000142,620,699,-79
122000143,508,304,204
122000144,2087,909,1178
122000145,1945,696,1249
122000146,739,959,-220
122000147,961,376,585
122000148,3935,1379,2556
122000149,2804,1294,1510
122000150,1382,1020,362
122000151,324,336,-12
122000152,680,308,372
122000153,545,239,306
122000154,311,188,123
122000155,1612,2171,-559
122000156,2747,1987,760
122000157,2576,1469,1107
122000158,374,533,-159
122000159,1173,1639,-466
122000160,5180,1190,3990
122000161,1361,706,655
122000162,3109,1437,1672
122000163,367,115,252
122000164,43,109,-66
122000165,885,703,182
122000166,1106,1148,-42
122000167,265,314,-49
122000168,274,686,-412
122000169,557,190,367
122000170,322,353,-31
122000171,45,93,-48
122000172,1640,1671,-31
122000173,1888,2664,-776
122000174,2349,1040,1309
122000175,1221,355,866
122000176,365,799,-434
122000177,1885,1519,366
122000178,3579,2576,1003
122000179,2366,3059,-693
122000180,2238,997,1241
122000181,2249,3369,-1120
122000182,2789,1466,1323
122000183,1979,1165,814
122000184,3634,2046,1588
122000185,1718,1393,325
122000186,802,936,-134
122000187,1885,1127,758
122000188,483,280,203
122000189,265,377,-112
122000190,1284,1038,246
122000191,1204,526,678
122000192,898,353,545
122000193,383,789,-406
122000194,638,158,480
122000195,176,545,-369
122000196,981,702,279
122000197,518,825,-307
122000198,691,1162,-471
122000199,522,409,113
122000200,1670,619,1051
122000201,1522,1622,-100
122000202,1215,1350,-135
122000203,3026,1800,1226
122000204,1522,2454,-932
122000205,2149,1404,745
122000206,2184,934,1250
122000207,1468,1420,48
122000208,2272,1791,481
122000209,2733,455,2278
122000210,1626,2240,-614
122000211,1325,1424,-99
122000212,763,620,143
122000213,1057,1281,-224
122000214,1727,1662,65
122000215,2279,1653,626
122000217,2188,1565,623
122000218,694,51,643
122000219,1552,1114,438
122000220,400,919,-519
122000221,157,518,-361
122000222,621,88,533
122000223,1194,488,706
122000225,657,320,337
122000226,1543,2230,-687
122000227,460,2118,-1658
122000228,415,551,-136
122000229,25,488,-463
122000230,107,906,-799
122000231,259,939,-680
122000232,656,1347,-691
122000233,2,190,-188
122000234,144,171,-27
122000235,480,245,235
122000236,548,208,340
122000237,141,79,62
122000238,101,182,-81
122000239,466,106,360
122000240,904,399,505
122000241,703,498,205
122000242,575,92,483
122000243,50,20,30
122000244,4,324,-320
122000245,15,98,-83
122000246,12,57,-45
122000247,544,398,146
122000248,1273,2466,-1193
122000249,328,659,-331
122000250,1595,756,839
122000251,236,518,-282
122000252,687,201,486
122000253,42,310,-268
122000254,152,123,29
122000255,853,2364,-1511
122000256,424,1701,-1277
122000257,139,511,-372
122000258,148,265,-117
122000259,16,907,-891
122000260,4,164,-160
122000261,3,256,-253
122000262,2,97,-95
122000263,110,127,-17
122000264,662,512,150
122000265,2167,817,1350
122000266,4944,609,4335
122000267,67,113,-46
122000268,123,498,-375
122000269,741,337,404
122000270,813,151,662
122000271,292,1318,-1026
122000272,266,1251,-985
122000273,281,591,-310
122000274,122,216,-94
122000275,41,151,-110
122000276,523,749,-226
122000277,610,1639,-1029
122000278,717,1166,-449
122000279,240,710,-470
122000280,751,949,-198
122000281,637,900,-263
122000282,157,151,6
122000283,402,80,322
122000284,106,130,-24
122000285,538,134,404
122000286,126,223,-97
122000287,901,1578,-677
122000288,356,325,31
122000291,882,572,310
122000293,476,392,84
122000294,124,208,-84
122000295,1437,243,1194
122000296,67,706,-639
122000297,4010,2330,1680
122000299,484,518,-34
122000300,627,727,-100
122000301,17226,3284,13942
122000302,1211,871,340
122000303,5346,1640,3706
122000304,39,213,-174
122000305,793,370,423
122000306,21,941,-920
122000307,135,112,23
122000309,96,57,39
122000310,31,36,-5
122000311,140,94,46
122000312,118,40,78
122000313,88,39,49
122000314,125,242,-117
122000315,212,20,192
122000316,414,234,180
122000317,759,168,591
122000318,244,535,-291
122000319,348,752,-404
122000320,353,3103,-2750
122000321,91,366,-275
122000322,3449,2747,702
122000323,2046,1832,214
122000324,1624,1612,12
122000325,1097,1128,-31
122000326,31,181,-150
122000327,293,522,-229
122000328,1178,1006,172
122000330,2426,747,1679
122000332,175,365,-190
122000333,13,164,-151
122000337,825,2420,-1595
122000338,621,646,-25
122000340,504,316,188
122000342,3170,1409,1761
122000343,473,1858,-1385
122000344,52,38,14
122000345,19,58,-39
122000346,327,786,-459
122000348,596,1010,-414
122000349,144,836,-692
122000351,93,271,-178
122000352,280,76,204
122000353,49,133,-84
122000355,124,172,-48
122000356,2050,976,1074
122000357,60,19,41
122000358,0,87,-87
122000359,0,42,-42
122000360,0,70,-70
122000362,11,147,-136
122000364,119,590,-471
122000365,3,36,-33
122000366,3,11,-8
122000368,554,1059,-505
122000370,27,88,-61
122000371,19,0,19
122000372,12,0,12
122000381,54,425,-371
122000382,65,306,-241
122000384,4424,2202,2222
122000385,22,4,18
122000386,582,948,-366
122000387,467,694,-227
122000388,1604,407,1197
122000389,221,870,-649
122000390,427,280,147
122000391,319,167,152
122000392,204,287,-83
122000393,11,261,-250
122000394,447,469,-22
122000395,147,209,-62
122000396,229,107,122
122000397,40,102,-62
122000398,26,87,-61
122000399,88,99,-11
122000400,144,289,-145
122000401,116,119,-3
122000402,194,120,74
122000403,505,1610,-1105
122000404,139,448,-309
122000408,1076,1447,-371
122000503,9,98,-89
122000524,210,96,114
122000544,87,2113,-2026
122000616,756,9,747
122000640,60,255,-195
122000641,51,552,-501
122000642,915,1555,-640
122000643,15,106,-91
122000644,218,36,182
122000645,114,251,-137
122000651,2265,800,1465
122000664,126,50,76
122000665,1131,685,446
122000666,685,1220,-535
122000673,16,485,-469
122000674,73,43,30
122000675,1329,1271,58
122000686,245,1688,-1443
122000687,837,470,367
122000688,133,1067,-934
122000689,477,863,-386
122000690,729,906,-177
122000691,349,3549,-3200
122000692,1098,534,564
122000693,494,2383,-1889
122000695,176,693,-517
122000696,172,471,-299
122000698,187,1237,-1050
122000699,172,165,7
122000701,1121,426,695
122000702,559,2722,-2163
122000703,152,62,90
122000717,336,114,222
122000718,521,519,2
122000719,40,69,-29
122000720,157,406,-249
122000724,121,21,100
122900001,49,8,41
122900002,1330,2537,-1207
122900003,216,36,180
122900004,972,37,935
122900005,46,64,-18
122900006,1099,435,664
122900007,189,55,134
122900008,947,105,842
122900009,1052,481,571
122900010,326,170,156
122900012,280,453,-173
122900014,166,386,-220
122900015,3515,639,2876
122900016,112,434,-322
122900017,441,962,-521
122900018,202,12,190
122900019,9,158,-149
122900020,464,521,-57
122900021,63,778,-715
122900022,420,1090,-670
122900023,354,370,-16
122900024,88,91,-3
122900025,17,167,-150
122900026,158,385,-227
122900027,73,742,-669
122900028,141,213,-72
122900029,5474,2345,3129
122900030,1602,622,980
122900031,109,153,-44
122900032,134,362,-228
122900033,164,217,-53
122900034,4757,4591,166
122900035,20,18,2
122900036,29,202,-173
122900037,275,137,138
122900038,183,2168,-1985
122900039,102,427,-325
122900040,333,516,-183
122900041,301,287,14
122900042,166,420,-254
122900043,376,250,126
122900044,103,355,-252
122900045,100,120,-20
122900046,126,132,-6
122900047,293,159,134
122900048,47,222,-175
122900049,1872,185,1687
122900051,80,128,-48
122900052,34,196,-162
122900053,22,34,-12
122900055,247,126,121
122900057,298,34,264
122900061,432,199,233
122900062,323,544,-221
122900063,194,452,-258
122900064,1250,814,436
122900065,421,181,240
122900066,468,303,165
122900067,1912,1028,884
122900068,181,508,-327
122900069,268,1841,-1573
122900070,235,40,195
122900071,140,538,-398
122900072,19,818,-799
122900073,74,375,-301
122900074,228,979,-751
122900075,2,71,-69
122900076,14,263,-249
122900077,1,241,-240
122900078,64,219,-155
122900080,84,9,75
122900081,184,220,-36
122900082,644,215,429
122900083,255,139,116
122900084,5,315,-310
122900086,6,75,-69
122900087,143,740,-597
122900088,65,80,-15
122900089,18,236,-218
122900090,16,793,-777
122900091,89,2,87
122900092,0,326,-326
122900093,0,616,-616
122900094,13,293,-280
122900095,131,8,123
122900096,133,336,-203
122900097,38,23,15
122900098,112,139,-27
122900099,23,7,16
122900100,823,331,492
122900101,811,271,540
122900102,18,8,10
122900103,60,11,49
122900104,95,8,87
122900105,8,3,5
122900106,4,115,-111
122900107,6,265,-259
122900108,13,233,-220
123000001,2518,498,2020
123000002,7503,3015,4488
123000003,4187,2740,1447
123000004,3735,5815,-2080
123000005,2536,2580,-44
123000006,3432,4038,-606
123000007,3140,2698,442
123000008,2888,5055,-2167
123000009,4484,3217,1267
123000010,4004,5109,-1105
123000011,3449,825,2624
123000012,1155,3105,-1950
123000013,3400,877,2523
123000014,1441,4920,-3479
123000015,5492,735,4757
123000016,8017,3436,4581
123000017,3995,1447,2548
123000018,41,99,-58
123000019,164,438,-274
123000020,123,166,-43
123000021,68,196,-128
123000022,473,1328,-855
123000023,1272,1303,-31
123000024,1056,525,531
123000025,26,112,-86
123000026,10,96,-86
123000027,316,564,-248
123000028,1483,267,1216
123000029,1084,638,446
123000030,212,923,-711
123000031,89,618,-529
123000032,247,392,-145
123000033,165,72,93
123000034,768,671,97
123000035,197,312,-115
123000036,251,798,-547
123000037,314,449,-135
123000038,99,214,-115
123000039,537,964,-427
123000040,1345,397,948
123000041,1184,659,525
123000042,1030,573,457
123000043,4934,5032,-98
123000044,7779,2791,4988
123000045,13788,2468,11320
123000046,1168,912,256
123000047,2830,1430,1400
123000048,110,475,-365
123000049,9784,5205,4579
123000050,931,1264,-333
123000051,105,167,-62
123000052,662,2730,-2068
123000053,2500,3585,-1085
123000054,1316,1497,-181
123000055,1953,1465,488
123000056,1476,2246,-770
123000057,22719,6507,16212
123000058,835,718,117
123000059,558,577,-19
123000060,737,345,392
123000061,203,825,-622
123000063,769,852,-83
123000064,902,217,685
123000065,9435,4197,5238
123000066,1214,912,302
123000067,503,659,-156
123000068,3747,4513,-766
123000069,10997,4779,6218
123000070,329,994,-665
123000071,618,1478,-860
123000072,1045,2059,-1014
123000073,815,927,-112
123000074,863,2480,-1617
123000075,325,978,-653
123000076,487,1380,-893
123000077,2325,4718,-2393
123000078,1210,1907,-697
123000079,1118,2491,-1373
123000080,2260,3342,-1082
123000081,190,936,-746
123000082,518,1490,-972
123000083,897,164,733
123000084,441,818,-377
123000085,111,196,-85
123000086,272,605,-333
123000087,126,628,-502
123000088,1068,1699,-631
123000089,411,1697,-1286
123000090,1180,1513,-333
123000091,1766,1775,-9
123000092,1211,1367,-156
123000094,390,358,32
123000095,376,764,-388
123000096,351,524,-173
123000097,379,1418,-1039
123000098,589,610,-21
123000099,580,1124,-544
123000100,522,670,-148
123000101,660,504,156
123000102,649,758,-109
123000104,420,314,106
123000105,683,611,72
123000106,486,366,120
123000107,483,709,-226
123000108,949,1633,-684
123000111,550,333,217
123000112,711,702,9
123000113,553,2433,-1880
123000114,454,411,43
123000115,229,318,-89
123000116,31,189,-158
123000117,1637,2886,-1249
123000118,434,1185,-751
123000119,257,1395,-1138
123000120,393,1201,-808
123000121,392,762,-370
123000122,353,264,89
123000123,429,693,-264
123000124,637,684,-47
123000125,1136,881,255
123000126,1880,2539,-659
123000127,1438,1070,368
123000128,270,488,-218
123000129,496,265,231
123000130,436,97,339
123000131,678,601,77
123000132,357,759,-402
123000133,323,495,-172
123000134,568,183,385
123000135,1548,1427,121
123000136,259,1765,-1506
123000137,138,546,-408
123000138,65,629,-564
123000139,289,147,142
123000140,158,1010,-852
123000141,762,126,636
123000142,1146,1297,-151
123000143,1255,2972,-1717
123000144,44,25,19
123000145,202,245,-43
123000146,36,147,-111
123000147,63,199,-136
123000149,319,364,-45
123000150,132,214,-82
123000151,284,498,-214
123000152,68,441,-373
123000153,105,448,-343
123000154,2189,1564,625
123000155,2928,1091,1837
123000156,31,115,-84
123000157,595,963,-368
123000158,774,677,97
123000159,3488,2080,1408
123000160,808,506,302
123000161,1360,979,381
123000162,511,1440,-929
123000163,364,74,290
123000164,956,300,656
123000165,331,2436,-2105
123000166,43,203,-160
123000167,95,380,-285
123000168,196,454,-258
123000169,514,126,388
123000170,22,466,-444
123000171,321,36,285
123000172,237,887,-650
123000173,473,239,234
123000174,863,284,579
123000175,1195,1686,-491
123000176,1277,209,1068
123000177,444,1381,-937
123000178,548,140,408
123000179,31,944,-913
123000180,1334,301,1033
123000181,400,1877,-1477
123000182,192,791,-599
123000183,186,333,-147
123000184,96,1218,-1122
123000185,386,557,-171
123000186,7,783,-776
123000187,434,3,431
123000188,135,0,135
123000189,145,196,-51
123000190,42,77,-35
123000192,31,403,-372
123000193,48,719,-671
123000194,538,318,220
123000195,194,22,172
123000196,212,11,201
123000197,52,105,-53
123000198,14,286,-272
123000199,4,647,-643
123000200,312,7,305
123000201,653,22,631
123000202,39,1678,-1639
123000203,666,74,592
123000204,95,1525,-1430
123000205,534,2637,-2103
123000206,1538,182,1356
123000207,81,1221,-1140
123000208,300,117,183
123000209,1547,367,1180
123000210,486,1970,-1484
123000211,612,3610,-2998
123000212,1931,391,1540
123000213,390,59,331
123000215,163,107,56
123000216,272,353,-81
123000217,197,39,158
123000218,134,496,-362
123000219,1367,70,1297
123000220,486,126,360
123000221,151,224,-73
123000222,333,946,-613
123000223,172,782,-610
123000224,304,819,-515
123000225,294,137,157
123000226,75,478,-403
123000227,49,445,-396
123000228,242,70,172
123000229,1180,2525,-1345
123000232,104,727,-623
123000233,542,222,320
123000234,158,926,-768
123000235,429,420,9
123000236,216,1190,-974
123000237,181,76,105
123000238,75,1026,-951
123000239,494,2710,-2216
123000240,47,385,-338
123000241,1041,198,843
123000242,113,300,-187
123000243,432,1398,-966
123000244,887,702,185
123000245,98,184,-86
123000249,341,746,-405
123000252,656,217,439
123000253,601,440,161
123000254,569,1306,-737
123000255,856,835,21
123000256,27,331,-304
123000257,4151,2938,1213
123000258,969,1488,-519
123000259,191,514,-323
123000260,403,810,-407
123000261,148,325,-177
123000262,140,369,-229
123000263,327,129,198
123000264,204,48,156
123000265,67,203,-136
123000266,426,849,-423
123000267,335,396,-61
123000268,38,74,-36
123000269,17,46,-29
123000270,23,39,-16
123000271,71,85,-14
123000272,873,226,647
123000273,215,528,-313
123000274,1314,479,835
123000275,313,1367,-1054
123000278,3846,2937,909
123000279,85,100,-15
123000280,311,416,-105
123000281,175,124,51
123000282,89,325,-236
123000283,77,36,41
123000284,43,155,-112
123000286,302,288,14
123000287,512,336,176
123000288,911,586,325
123000289,584,780,-196
123000291,474,973,-499
123000294,158,235,-77
123000295,819,1062,-243
123000296,276,537,-261
123000297,269,1048,-779
123000298,311,852,-541
123000299,25,347,-322
123000300,652,786,-134
123000301,82,188,-106
123000302,81,332,-251
123000303,98,148,-50
123000305,1039,1033,6
123000306,65,369,-304
123000309,38,78,-40
123000310,53,27,26
123000311,1,151,-150
123000312,937,1374,-437
123000313,203,338,-135
123000315,104,553,-449
123000316,2072,32,2040
123000317,248,77,171
123000318,48,315,-267
123000329,11,7,4
123000337,287,281,6
123000338,795,91,704
123000339,112,343,-231
123000340,178,546,-368
123000342,3,5,-2
123000343,60,0,60
123000344,1489,504,985
123000345,363,775,-412
123000346,215,101,114
123000352,2617,980,1637
123000353,25,137,-112
123000354,187,8,179
123000355,1,562,-561
123000356,151,7,144
123000357,5,421,-416
123000359,3,328,-325
123000360,143,25,118
123000361,713,355,358
123000362,247,179,68
123000363,92,270,-178
123000364,531,305,226
123000365,22,377,-355
123000366,329,1676,-1347
123000367,269,1494,-1225
123000370,33,432,-399
123000371,482,24,458
123000372,254,17,237
123000373,10,562,-552
123000374,9,300,-291
123000375,215,53,162
123000376,702,590,112
123000377,309,26,283
123000378,17,621,-604
123000379,0,238,-238
123000380,71,329,-258
123000381,195,40,155
123000382,1804,85,1719
123000383,363,954,-591
123000384,523,134,389
123000385,429,933,-504
123000436,45,1009,-964
123000507,191,446,-255
123000508,213,473,-260
123000517,312,29,283
123000518,25,336,-311
123000519,133,74,59
123000520,70,334,-264
123000521,379,103,276
123000522,193,824,-631
123000541,1,1,0
123000542,0,21,-21
123000565,1,0,1
123000566,448,1039,-591
123000567,101,326,-225
123000573,54,1408,-1354
123000574,340,76,264
123000575,1091,1947,-856
123000576,734,2638,-1904
123000577,117,820,-703
123000578,950,121,829
123000579,7868,3232,4636
123000580,53,13,40
123000582,278,33,245
123000583,14,814,-800
123000584,98,222,-124
123000585,0,173,-173
123000586,53,7,46
123000596,69,130,-61
123000597,46,101,-55
123000602,23,7,16
123000603,301,976,-675
123000604,391,1662,-1271
123000605,813,141,672
123000606,1,271,-270
123000609,25,388,-363
123000610,211,98,113
123000613,33,169,-136
123000614,143,55,88
123000615,25,184,-159
123000616,269,70,199
123000617,60,711,-651
123000618,125,874,-749
123000619,561,35,526
123000620,34,843,-809
123000622,281,23,258
123000624,81,53,28
123000630,477,399,78
123000631,246,2438,-2192
123000632,1148,1551,-403
123000633,0,226,-226
123000634,93,55,38
123000635,295,93,202
123000636,11,826,-815
123000637,106,196,-90
123000638,334,139,195
123000639,1566,2356,-790
123000640,40,1455,-1415
123900001,1637,66,1571
123900002,22,1180,-1158
123900003,437,851,-414
123900005,187,142,45
123900006,159,31,128
124000001,1545,139,1406
124000002,167,2489,-2322
124000003,460,185,275
124000004,78,945,-867
124000005,808,207,601
124000006,336,1944,-1608
124000007,685,123,562
124000008,27,594,-567
124000009,234,339,-105
124000010,135,577,-442
124000011,767,459,308
124000012,326,1134,-808
124000017,64,86,-22
124000018,123,106,17
124000019,90,100,-10
124000020,68,268,-200
124000021,79,94,-15
124000022,104,300,-196
124000023,1325,1328,-3
124000024,1059,717,342
124000025,1137,1277,-140
124000026,1240,1281,-41
124000027,6141,3716,2425
124000028,3888,4363,-475
124000030,4253,1472,2781
124000031,830,1113,-283
124000032,5995,1159,4836
124000033,54,138,-84
124000034,2921,740,2181
124000035,39,98,-59
124000036,68,218,-150
124000037,570,567,3
124000038,77,70,7
124000039,1204,326,878
124000040,773,810,-37
124000041,283,82,201
124000042,109,479,-370
124000043,56,72,-16
124000044,53,410,-357
124000045,421,544,-123
124000046,224,1024,-800
124000047,972,987,-15
124000048,728,2670,-1942
124000049,1082,722,360
124000050,673,3388,-2715
124000051,451,552,-101
124000052,635,1881,-1246
124000053,480,962,-482
124000054,935,919,16
124000055,1225,1449,-224
124000056,4767,1820,2947
124000057,658,518,140
124000058,424,1929,-1505
124000059,495,680,-185
124000060,1318,1141,177
124000061,1632,3012,-1380
124000062,6829,1981,4848
124000063,1583,1778,-195
124000064,3101,2163,938
124000065,29,181,-152
124000066,287,127,160
124000067,93,346,-253
124000068,9,18,-9
124000069,50,22,28
124000070,25,162,-137
124000071,153,114,39
124000072,148,736,-588
124000073,669,96,573
124000074,249,1230,-981
124000075,167,22,145
124000076,5,320,-315
124000077,1957,769,1188
124000078,2485,525,1960
124000079,647,1214,-567
124000080,315,137,178
124000081,181,989,-808
124000082,11,138,-127
124000083,52,201,-149
124000084,46,183,-137
124000085,98,55,43
124000086,34,131,-97
124000087,90,47,43
124000088,247,601,-354
124000089,507,402,105
124000090,69,474,-405
124000091,314,130,184
124000092,75,720,-645
124000093,81,112,-31
124000094,181,541,-360
124000095,66,85,-19
124000096,96,423,-327
124000097,72,68,4
124000098,66,151,-85
124000099,120,139,-19
124000100,22,144,-122
124000101,39,98,-59
124000102,81,90,-9
124000103,38,83,-45
124000104,91,107,-16
124000105,55,68,-13
124000106,140,90,50
124000107,17,97,-80
124000108,138,28,110
124000109,95,61,34
124000110,179,206,-27
124000111,155,177,-22
124000112,531,955,-424
124000113,57,86,-29
124000114,223,763,-540
124000115,376,972,-596
124000116,81,71,10
124000117,58,122,-64
124000118,26,49,-23
124000119,838,794,44
124000120,484,613,-129
124000121,1642,543,1099
124000122,655,1265,-610
124000123,915,343,572
124000124,464,1043,-579
124000125,371,447,-76
124000126,404,578,-174
124000127,780,386,394
124000128,732,1188,-456
124000129,2156,1593,563
124000130,880,674,206
124000131,891,512,379
124000132,974,855,119
124000133,701,812,-111
124000134,900,775,125
124000135,1708,1704,4
124000136,1008,1267,-259
124000137,1210,689,521
124000138,1548,1367,181
124000139,419,18,401
124000140,44,545,-501
124000141,50,9,41
124000142,4,180,-176
124000143,40,15,25
124000144,4,89,-85
124000145,111,31,80
124000146,28,134,-106
124000148,28,44,-16
124000149,798,315,483
124000150,361,647,-286
124000151,614,270,344
124000152,758,1422,-664
124000153,767,472,295
124000154,603,938,-335
124000155,1060,647,413
124000156,1676,1118,558
124000169,241,353,-112
124000170,810,578,232
124000171,236,296,-60
124000172,512,754,-242
124000173,288,353,-65
124000174,264,899,-635
124000175,21,183,-162
124000176,28,17,11
124000177,22,47,-25
124000178,25,28,-3
124000190,115,36,79
124000191,355,50,305
124000192,2829,386,2443
124000193,627,1517,-890
124000194,406,645,-239
124000195,210,567,-357
124000196,916,1472,-556
124000197,52,77,-25
124000198,25,25,0
124000201,416,1402,-986
124000202,481,177,304
124000203,151,1309,-1158
124000204,397,646,-249
124000205,47,1057,-1010
124000206,309,568,-259
124000207,0,61,-61
124000209,254,1034,-780
124000210,170,218,-48
124000211,232,2,230
124000212,2,943,-941
124000213,196,538,-342
124000214,141,1093,-952
124000215,138,4,134
124000216,4,795,-791
124000329,107,3197,-3090
124000338,52,1837,-1785
124000339,392,141,251
124000341,520,118,402
124000344,47,31,16
124000357,821,1504,-683
124000358,620,987,-367
124000359,888,454,434
124000360,490,365,125
124000361,1173,724,449
124000362,2071,2661,-590
124000363,380,581,-201
124000364,628,1338,-710
124000365,666,1419,-753
124000366,2254,1180,1074
124000367,120,691,-571
124000368,255,200,55
124000369,111,103,8
124000370,105,769,-664
124000402,23,5,18
124000403,46,13,33
124000404,8,156,-148
124000405,1241,835,406
124000406,1081,1005,76
124000407,1,22,-21
124000411,8,504,-496
124000412,236,14,222
124000413,310,64,246
124000414,75,137,-62
124000415,43,212,-169
124000416,156,423,-267
124000417,112,144,-32
124000418,82,129,-47
124000419,56,224,-168
124000420,34,75,-41
124000421,31,375,-344
124000422,29,8,21
124000423,140,33,107
124000424,1,146,-145
124000425,14,15,-1
124000426,3,42,-39
124000427,21,16,5
124000428,18,32,-14
124000429,36,79,-43
124000430,546,1064,-518
124000431,240,965,-725
124000432,201,949,-748
124000439,2,12,-10
124000442,11,268,-257
124000443,0,7,-7
124000445,99,300,-201
124000446,1883,61,1822
124900001,358,283,75
124900002,150,625,-475
124900003,584,575,9
124900004,347,397,-50
124900005,272,326,-54
124900006,435,491,-56
124900008,1202,511,691
124900009,107,189,-82
124900010,106,60,46
124900011,314,156,158
124900012,371,59,312
124900013,348,133,215
124900014,153,106,47
124900015,133,230,-97
124900016,51,97,-46
124900017,894,496,398
124900018,28,3,25
124900020,37,55,-18
124900021,182,51,131
124900022,27,4,23
124900024,193,21,172
124900026,93,18,75
124900027,37,240,-203
124900028,832,148,684
124900029,1,431,-430
124900030,5,230,-225
124900031,44,494,-450
124900032,243,153,90
124900033,111,517,-406
124900034,10,143,-133
124900035,189,584,-395
124900036,15,75,-60
124900037,188,452,-264
124900038,409,436,-27
124900039,0,30,-30
124900040,45,89,-44
124900041,229,1475,-1246
124900042,84,2,82
124900043,413,1423,-1010
124900044,69,3,66
124900045,794,1053,-259
124900046,2068,280,1788
124900047,158,320,-162
124900048,137,223,-86
124900050,137,367,-230
124900052,67,503,-436
124900053,78,570,-492
124900054,3442,405,3037
124900055,2,140,-138
124900057,18,104,-86
124900060,63,298,-235
124900061,29,16,13
124900062,59,33,26
124900066,0,16,-16
124900067,9,225,-216
124900068,220,387,-167
124900070,39,35,4
124900072,49,23,26
124900074,298,468,-170
124900075,149,283,-134
124900076,22,605,-583
124900077,28,143,-115
124900078,33,14,19
124900079,950,51,899
124900080,264,921,-657
124900081,605,241,364
124900082,393,1154,-761
124900083,197,763,-566
124900084,3100,121,2979
124900085,1476,296,1180
124900086,91,859,-768
124900087,643,86,557
124900088,865,112,753
124900089,1748,32,1716
124900090,221,235,-14
124900091,237,741,-504
124900092,202,553,-351
124900093,212,214,-2
124900094,206,241,-35
124900095,128,429,-301
124900096,567,213,354
124900097,201,82,119
124900098,158,569,-411
124900099,783,498,285
124900100,312,55,257
124900101,18,467,-449
124900102,153,33,120
124900103,100,394,-294
124900104,46,234,-188
124900105,81,195,-114
124900106,344,29,315
124900107,93,26,67
124900108,220,46,174
124900109,62,120,-58
124900110,154,488,-334
124900111,2,70,-68
124900112,37,1124,-1087
124900113,124,150,-26
124900114,220,64,156
124900115,82,32,50
124900116,123,169,-46
124900117,701,176,525
124900118,176,116,60
124900119,328,83,245
124900120,38,480,-442
124900121,119,268,-149
124900122,635,298,337
124900123,440,79,361
124900124,169,216,-47
129000186,73,38,35
204000001,12,4,8
204000002,14,2,12
204000003,36,2,34
204000004,5,4,1
204000005,396,351,45
204000006,915,1177,-262
204000011,16,84,-68
204000012,61,115,-54
204000013,2,55,-53
204000019,473,611,-138
204000020,401,696,-295
204000021,1615,759,856
204000022,441,479,-38
204000023,428,1170,-742
204000031,47,17,30
204000032,569,38,531
204000034,13,373,-360
204000035,6,8,-2
204000036,10,33,-23
204000037,1,6,-5
204000038,1,12,-11
204000039,5,73,-68
204000040,21,51,-30
204000041,7,85,-78
204000042,30,17,13
204000043,21,5,16
204000044,15,3,12
204000045,52,5,47
204000046,40,13,27
204000057,10,59,-49
204000062,4,12,-8
204000068,23,183,-160
204000069,23,221,-198
204000070,40,141,-101
204000080,17,55,-38
204000085,1503,1689,-186
204000086,2878,2147,731
204000087,34,21,13
204000088,7,110,-103
204000090,17,472,-455
204000093,242,66,176
204000096,642,639,3
204000097,233,15,218
204000099,793,1190,-397
204000100,944,1152,-208
204000105,2236,1767,469
204000110,553,1204,-651
204000111,275,811,-536
204000112,463,1038,-575
204000113,418,1089,-671
204000114,543,542,1
204000115,293,352,-59
204000116,401,491,-90
204000119,1667,1835,-168
204000132,392,232,160
204000133,517,251,266
204000134,147,112,35
204000135,277,114,163
204000136,278,233,45
204000138,198,193,5
204000140,121,86,35
204000141,87,58,29
204000144,7,24,-17
204000145,554,41,513
204000146,28,550,-522
204000147,20,107,-87
204000148,251,22,229
204000154,6,0,6
204000155,10,18,-8
204000177,88,78,10
204000179,10,7,3
204000180,0,39,-39
204000222,9,59,-50
204000235,7,18,-11
204000236,117,392,-275
204000238,11,35,-24
204000240,308,73,235
204000263,376,1263,-887
204000268,988,549,439
204000308,231,17,214
204000317,6,72,-66
204000322,1,58,-57
204000323,32,18,14
204000328,232,92,140
204000329,52,170,-118
204000330,158,35,123
204000331,34,155,-121
204010341,7,393,-386
205000001,1293,1614,-321
205000013,11,84,-73
205000014,26,108,-82
205000015,34,278,-244
205000016,13,217,-204
205000017,24,132,-108
205000022,298,659,-361
205000025,1758,1158,600
205000029,202,5,197
205000045,100,269,-169
205000046,62,538,-476
205000047,55,608,-553
205000048,211,1136,-925
205000049,176,833,-657
205000050,1027,319,708
205000059,2,299,-297
205000060,0,72,-72
205000061,1,74,-73
205000062,3,50,-47
205000063,12,90,-78
205000064,10,155,-145
205000065,62,820,-758
205000066,104,964,-860
205000067,45,1221,-1176
205000069,206,19,187
205000082,150,241,-91
205000110,60,216,-156
205000111,238,263,-25
205000112,105,188,-83
205000113,236,321,-85
205000121,212,47,165
205000123,45,263,-218
205000126,304,117,187
205000127,611,149,462
205000128,463,79,384
205000129,515,87,428
205000130,222,21,201
205000131,477,2,475
205000132,452,1,451
205000133,199,1,198
205000134,160,0,160
205000137,142,134,8
205000138,267,295,-28
205000139,39,130,-91
205000144,72,66,6
205000145,340,187,153
205000151,211,52,159
205000152,109,28,81
205000153,119,23,96
205000154,101,56,45
205000155,67,18,49
205000207,23,165,-142
205000233,50,19,31
205000234,0,2,-2
205000243,0,0,0
205000244,0,2,-2
205000245,11,377,-366
205000249,1,41,-40
205000250,2,0,2
205000264,2,99,-97
206000027,5,1,4
206000028,1,0,1
206000043,13,225,-212
206000053,0,20,-20
206000054,3,29,-26
206000055,0,32,-32
206000075,3,3,0
206000076,11,5,6
206000077,13,6,7
206000078,9,1,8
206000079,9,5,4
206000082,569,17,552
206000100,114,924,-810
206000103,3,24,-21
206000104,22,28,-6
206000105,8,31,-23
206000106,10,41,-31
206000108,568,26,542
206000125,48,0,48
206000157,89,995,-906
206000170,1,346,-345
206000171,1,328,-327
206000172,13,1670,-1657
206000173,2,536,-534
206000174,8,200,-192
206000175,7,255,-248
206000176,20,514,-494
206000177,3,290,-287
206000178,2,292,-290
206000179,13,170,-157
206000180,15,349,-334
206000181,15,527,-512
206000182,10,565,-555
206000183,23,1623,-1600
206000184,4,690,-686
206000185,11,592,-581
206000186,118,2476,-2358
206000223,8,550,-542
206000226,25,9,16
206000227,38,2,36
206000237,20,535,-515
206000238,54,917,-863
206000239,693,3402,-2709
206000240,2,53,-51
206000241,0,187,-187
206000242,6,810,-804
206000243,4,659,-655
206000244,66,1544,-1478
206000245,283,41,242
206000246,54,3,51
206000247,70,4,66
206000248,172,10,162
206000252,71,29,42
206000258,30,54,-24
206000315,27,3,24
206000317,268,95,173
206000318,180,29,151
206000319,526,73,453
206000320,45,29,16
206000321,65,13,52
206000322,173,5,168
206000323,68,3,65
206000324,58,7,51
206000325,140,7,133
206000326,91,8,83
206000327,177,14,163
206000328,48,2,46
206000329,89,6,83
206000330,38,6,32
206000331,107,3,104
206000332,9,6,3
206000333,208,6,202
206000334,146,0,146
206000335,0,23,-23
206000361,4,326,-322
206000392,7,44,-37
206000405,105,0,105
206000441,13,5,8
206000498,28,4,24
206000515,130,22,108
206000530,76,46,30
206000531,129,78,51
206000532,3886,91,3795
206000535,623,2466,-1843
206000536,34,345,-311
206000537,15,297,-282
206000613,1356,166,1190
207000001,152,440,-288
207000002,93,334,-241
207000003,124,243,-119
207000007,500,231,269
207000008,47,9,38
207000009,50,32,18
207000010,543,743,-200
207000012,261,222,39
207000015,501,2290,-1789
207000019,160,95,65
207000021,512,143,369
207000022,83,114,-31
207000023,142,37,105
207000024,3,20,-17
207000025,30,37,-7
207000026,98,35,63
207000027,17,93,-76
207000028,88,281,-193
207000029,291,523,-232
207000033,193,233,-40
207000034,214,47,167
207000039,212,149,63
207000040,145,139,6
207000041,67,51,16
207000042,204,76,128
207000043,192,180,12
207000051,101,530,-429
207000052,18,319,-301
207000053,457,762,-305
207000054,24,177,-153
207000055,79,207,-128
207000056,228,518,-290
207000057,116,400,-284
207000058,69,575,-506
207000059,50,985,-935
207000060,46,345,-299
207000061,116,189,-73
207000062,166,43,123
207000063,112,123,-11
207000064,239,175,64
207000065,236,213,23
207000066,128,160,-32
207000067,41,111,-70
207000068,88,70,18
207000069,524,321,203
207000082,35,525,-490
207000083,76,583,-507
207000084,158,242,-84
207000085,108,13,95
207000086,95,4,91
207000106,31,29,2
207000107,55,19,36
207000108,31,14,17
207000109,21,11,10
207000110,54,53,1
207000111,66,68,-2
207000112,201,303,-102
207000114,24,44,-20
207000115,20,84,-64
207000116,10,355,-345
207000117,14,139,-125
207000118,1,135,-134
207000119,31,176,-145
207000123,189,39,150
207000124,56,19,37
207000125,40,41,-1
207000126,88,40,48
207000134,29,288,-259
207000135,22,413,-391
207000148,47,225,-178
207000149,54,49,5
207000152,167,381,-214
207000153,1278,1237,41
207000154,590,118,472
207000159,79,423,-344
207000160,118,1062,-944
207000238,1,95,-94
207000242,9,185,-176
207000248,20,35,-15
207000249,121,78,43
207000250,882,112,770
207000251,69,70,-1
207000252,41,94,-53
207000278,47,110,-63
207000279,21,372,-351
207000280,216,86,130
207000281,77,1669,-1592
207000282,181,34,147
207000283,177,258,-81
207000284,53,49,4
207000285,158,45,113
207000291,14,154,-140
207000304,84,52,32
207000306,68,487,-419
207000310,62,79,-17
207000353,170,2,168
207000356,16,20,-4
207000357,59,6,53
207000358,108,11,97
207000415,3,177,-174
207000417,40,6,34
207000418,51,134,-83
207000438,0,3,-3
207000439,1201,378,823
207000446,121,8,113
207000460,4,6,-2
207000466,142,255,-113
207000467,124,101,23
207000468,30,916,-886
207000476,3,106,-103
207000477,359,134,225
207000478,14,18,-4
207000523,0,10,-10
207000524,27,0,27
207000527,108,162,-54
207000530,250,6,244
207000531,242,8,234
207000532,108,26,82
207000534,652,61,591
207000535,58,295,-237
207000537,35,144,-109
207000540,8,200,-192
207000541,5,301,-296
207000548,8,359,-351
207000549,190,16,174
207000561,94,182,-88
207000562,36,206,-170
207000567,184,342,-158
207000568,70,136,-66
207000569,182,1552,-1370
207000584,520,202,318
207000585,95,279,-184
207000616,1,296,-295
207000617,125,27,98
207900008,90,382,-292
208000001,386,666,-280
208000002,458,476,-18
208000003,687,515,172
208000004,906,691,215
208000005,9,31,-22
208000019,468,998,-530
208000020,172,496,-324
208000021,143,752,-609
208000022,702,987,-285
208000028,1345,974,371
208000033,396,859,-463
208000034,1135,2124,-989
208000040,126,198,-72
208000041,808,503,305
208000042,743,553,190
208000047,97,516,-419
208000064,2809,1374,1435
208000066,1735,1192,543
208000070,208,446,-238
208000071,289,904,-615
208000072,277,1505,-1228
208000080,173,384,-211
208000081,209,174,35
208000082,250,395,-145
208000083,119,449,-330
208000084,19,27,-8
208000085,931,604,327
208000086,449,1012,-563
208000087,354,809,-455
208000089,738,865,-127
208000090,669,1348,-679
208000093,69,160,-91
208000094,371,660,-289
208000095,496,395,101
208000104,846,1037,-191
208000105,670,1124,-454
208000114,68,244,-176
208000115,575,505,70
208000116,286,923,-637
208000117,78,158,-80
208000118,60,105,-45
208000155,519,1103,-584
208000158,1765,3364,-1599
208000186,3467,2519,948
208000204,441,1126,-685
208000205,949,1632,-683
208000282,4557,2066,2491
209000004,119,233,-114
209000005,22,23,-1
209000006,530,91,439
209000007,303,289,14
209000010,632,175,457
209000011,181,243,-62
209000012,102,272,-170
209000013,181,726,-545
209000014,709,2018,-1309
209000025,218,27,191
209000026,484,101,383
209000027,344,1247,-903
209000028,350,1294,-944
209000029,704,1088,-384
209000030,637,2042,-1405
209000031,4380,3203,1177
209000034,133,125,8
209000035,72,140,-68
209000036,115,79,36
209000037,119,171,-52
209000038,65,149,-84
209000039,25,124,-99
209000040,279,526,-247
209000041,176,416,-240
209000042,266,397,-131
209000043,723,636,87
209000044,216,608,-392
209000045,939,553,386
209000046,287,611,-324
209000047,235,221,14
209000048,423,286,137
209000049,78,144,-66
209000050,148,251,-103
209000051,228,433,-205
209000052,131,461,-330
209000062,50,236,-186
209000063,20,192,-172
209000064,24,209,-185
209000065,27,39,-12
209000066,27,43,-16
209000067,44,69,-25
209000080,17,210,-193
209000082,40,36,4
209000091,54,112,-58
209000093,131,51,80
209000094,250,239,11
209000110,41,81,-40
209000111,441,929,-488
209000112,631,436,195
209000113,1212,437,775
209000114,271,309,-38
209000115,80,241,-161
209000116,832,802,30
209000118,21,43,-22
209000119,53,7,46
209000121,166,803,-637
209000135,81,85,-4
209000142,722,841,-119
209000143,106,145,-39
209000144,81,130,-49
209000229,186,196,-10
209000240,43,491,-448
209000259,87,149,-62
209000260,141,1261,-1120
209000261,15,809,-794
209000262,5,658,-653
209000263,0,182,-182
209000264,2,163,-161
209000265,455,2,453
209000266,102,2,100
209000267,970,24,946
209000268,588,54,534
210000037,59,21,38
210000047,38,33,5
210000048,77,37,40
210000049,56,36,20
210000052,40,201,-161
210000053,21,138,-117
210000054,58,90,-32
210000070,91,5,86
210000071,54,1,53
210000072,6,0,6
210000073,0,24,-24
210000074,0,117,-117
210000075,1,42,-41
210000076,18,164,-146
210000077,52,31,21
210000078,42,32,10
210000079,58,13,45
210000080,171,43,128
210000081,145,20,125
210000082,29,0,29
210000083,96,0,96
210000084,45,1,44
210000085,0,95,-95
210000086,4,129,-125
210000099,47,294,-247
210000100,30,223,-193
210000101,63,272,-209
210000105,44,202,-158
210000159,2,211,-209
210000163,246,276,-30
210000164,467,118,349
210000168,185,30,155
210000187,0,8,-8
210000188,0,21,-21
210000214,85,1,84
210000219,29,51,-22
210000220,32,77,-45
210000232,4,26,-22
210000233,32,69,-37
210000234,46,175,-129
210000235,51,191,-140
210000245,2,57,-55
210000246,22,1,21
210000258,6,101,-95
210000259,249,38,211
210000282,53,214,-161
210000285,1,129,-128
210000286,15,192,-177
210000290,1,6,-5
210000295,30,194,-164
210000296,50,85,-35
210000320,172,136,36
210000321,79,106,-27
210000338,50,104,-54
210000339,569,957,-388
210000340,117,271,-154
210000341,155,265,-110
210000342,133,193,-60
210000343,170,262,-92
210000344,301,108,193
210000345,255,181,74
210000346,90,132,-42
210000347,258,41,217
210000348,150,27,123
210000349,119,25,94
210000350,109,82,27
210000351,76,90,-14
210000352,51,80,-29
210000353,32,117,-85
210000354,67,116,-49
210000355,60,113,-53
210000356,62,65,-3
210000357,56,51,5
210000358,312,95,217
210000359,137,53,84
210000360,132,120,12
210000361,132,148,-16
210000362,219,169,50
210000363,910,156,754
210000364,116,129,-13
210000365,92,34,58
210000366,108,34,74
210000367,65,22,43
210000368,136,28,108
210000369,17,25,-8
210000370,60,43,17
210000372,33,27,6
210000373,82,9,73
210000374,43,13,30
210000375,27,100,-73
210000376,51,163,-112
210000404,133,152,-19
210000439,45,69,-24
210000472,92,7,85
210000482,81,81,0
210000564,596,214,382
210000567,0,13,-13
210000568,650,2,648
211000092,20,84,-64
211000094,37,5,32
211000169,154,21,133
211000172,13,306,-293
211000209,10,23,-13
211000226,10,21,-11
211000270,5,3,2
211000275,11,31,-20
211000276,32,49,-17
211000279,8,55,-47
211000281,38,75,-37
211507980,6,42,-36
211977296,47,3,44
212000003,121,72,49
212000004,100,18,82
212000005,18,17,1
212000006,35,89,-54
212000008,125,222,-97
212000009,21,151,-130
212000012,53,92,-39
212000013,17,58,-41
212000014,242,214,28
212000015,172,237,-65
212000016,437,644,-207
212000027,453,530,-77
212000028,271,458,-187
212000029,152,305,-153
212000030,28,34,-6
212000031,42,75,-33
212000048,19,90,-71
212000049,1,77,-76
212000050,24,10,14
212000051,184,246,-62
212000052,154,437,-283
212000053,293,619,-326
212000054,138,198,-60
212000055,216,286,-70
212000056,13,50,-37
212000057,5,35,-30
212000058,317,51,266
212000070,91,342,-251
212000077,97,687,-590
212000099,175,335,-160
212000108,205,194,11
212000111,155,182,-27
212000120,174,124,50
212000138,100,25,75
212000156,3,96,-93
212000158,15,17,-2
212000159,254,64,190
212000160,391,253,138
212000161,36,13,23
212000310,20,26,-6
212000311,4,105,-101
212000374,25,12,13
213000001,25,991,-966
213000005,338,124,214
213000006,1143,184,959
213000007,116,42,74
213000009,622,345,277
213000010,176,240,-64
213000011,159,107,52
213000012,112,518,-406
213000014,53,18,35
213000015,163,5,158
213000016,222,3,219
213000017,34,1,33
213000018,1,275,-274
213000019,2,231,-229
213000020,109,529,-420
213000021,9,129,-120
213000023,264,172,92
213000033,271,978,-707
213000034,677,375,302
213000035,102,281,-179
213000045,139,247,-108
213000046,128,235,-107
213000047,563,956,-393
213000056,41,43,-2
213000069,54,2,52
213000073,1,32,-31
213000074,281,667,-386
213000075,489,26,463
213000076,29,1,28
213000085,6,50,-44
213000086,17,275,-258
213000091,118,11,107
213000092,77,20,57
213000099,115,979,-864
213000100,1247,209,1038
213000101,168,191,-23
213000102,198,497,-299
213000103,694,1128,-434
213000104,74,764,-690
213000105,6,112,-106
213000106,19,272,-253
213000107,111,904,-793
213000108,15,782,-767
213000109,5,348,-343
213000110,7,84,-77
213000111,6,84,-78
213000112,201,170,31
213000115,30,7,23
213000116,172,1022,-850
213000117,15,1355,-1340
213000118,258,330,-72
213000119,59,1007,-948
213000120,130,933,-803
213000122,240,1057,-817
213000123,846,2211,-1365
213000124,76,2256,-2180
213000125,167,10,157
213000126,116,92,24
213000127,230,174,56
213000128,943,877,66
213000129,628,352,276
213000130,370,193,177
213000132,188,84,104
213000133,314,95,219
213000134,660,32,628
213000136,323,8,315
213000137,464,85,379
213000139,234,15,219
213000147,62,1,61
213000148,17,5,12
213000149,36,4,32
213000150,0,76,-76
213000151,2,79,-77
213000152,7,101,-94
213000153,1,66,-65
213000154,21,214,-193
213000155,44,467,-423
213000156,117,734,-617
213000157,602,635,-33
213000158,280,985,-705
213000159,470,705,-235
213000163,408,89,319
213000165,825,201,624
213000171,0,183,-183
213000172,3,445,-442
213000173,8,434,-426
213000174,6,308,-302
213000175,7,226,-219
213000176,24,15,9
213000177,44,10,34
213000178,69,4,65
213000179,113,0,113
213000180,97,1,96
213000184,101,684,-583
213000188,273,100,173
213000189,230,43,187
213000190,762,952,-190
213000191,199,689,-490
213000192,176,797,-621
213000193,1463,259,1204
213000194,0,57,-57
213000195,23,517,-494
213000196,169,1170,-1001
213000197,285,451,-166
213000198,68,2,66
213000200,78,1370,-1292
213000201,87,35,52
213000202,14,1010,-996
213000203,3212,534,2678
213000204,459,73,386
213000205,182,78,104
213000206,641,45,596
213000207,102,5,97
213000208,206,3,203
213000209,166,0,166
213000210,283,3,280
213000211,7,13,-6
213000212,12,22,-10
213000213,7,24,-17
213000218,254,1169,-915
213000219,391,24,367
213000220,382,16,366
213000223,204,128,76
213000224,36,20,16
213000225,57,8,49
213000226,52,13,39
213000227,506,193,313
213000228,171,60,111
213000229,566,21,545
213000230,224,25,199
213000232,94,402,-308
213000233,12,27,-15
213000234,9,39,-30
213000293,6,62,-56
213000294,156,9,147
213000295,11,86,-75
213000296,47,21,26
213000297,7,145,-138
213000298,23,103,-80
213000299,52,31,21
213000300,11,5,6
213000303,7,27,-20
213000304,1,7,-6
213000305,1,10,-9
213000306,89,36,53
213000307,319,78,241
213000308,103,411,-308
213000309,235,55,180
213000310,496,114,382
213000311,302,781,-479
213000315,73,193,-120
213000316,75,66,9
213000322,85,218,-133
213000323,46,115,-69
213000324,60,112,-52
213000325,29,145,-116
213000326,35,73,-38
213000327,27,118,-91
213000328,21,130,-109
213000329,44,84,-40
213000340,109,1297,-1188
213000341,253,69,184
213000346,288,127,161
213000347,1044,209,835
213000348,10,318,-308
213000349,53,22,31
213000350,255,2016,-1761
213000366,58,427,-369
213000367,137,32,105
213000379,169,444,-275
213000386,20,220,-200
213000406,99,423,-324
213000417,1231,404,827
213000425,138,80,58
213000426,63,103,-40
213000427,30,592,-562
213000428,24,317,-293
213000429,13,3,10
213000430,122,1459,-1337
213000431,27,2,25
213000432,0,13,-13
213000433,17,206,-189
213000434,72,170,-98
213000435,55,131,-76
213000436,13,132,-119
213000437,3,45,-42
213000438,132,119,13
213000439,49,10,39
213000440,7,275,-268
213000441,1,1,0
213000442,2,71,-69
213000443,382,527,-145
213000444,34,81,-47
213000445,0,124,-124
213000446,1,18,-17
213000447,4,33,-29
213000448,2,93,-91
213000449,162,2,160
213000450,17,49,-32
213000451,176,144,32
213000452,5,31,-26
213000453,38,452,-414
213000455,569,83,486
213000456,6,242,-236
213000481,3,9,-6
213000484,40,5,35
213000489,509,61,448
213000491,1,102,-101
213000492,251,10,241
213000493,0,59,-59
213000494,226,193,33
213000495,0,175,-175
213000496,279,290,-11
213000497,29,525,-496
213000498,121,417,-296
213000499,143,956,-813
213000500,270,116,154
213000501,119,35,84
213000502,186,73,113
213000503,1,77,-76
213000504,8,296,-288
213000505,12,4,8
213000506,0,8,-8
213000507,1,212,-211
213900016,0,9,-9
213900244,13,0,13
213900245,0,40,-40
218000003,22,34,-12
218000004,58,25,33
218000005,45,64,-19
218000006,80,35,45
218000007,7,12,-5
218000012,271,115,156
218000013,85,122,-37
218000014,430,482,-52
218000019,892,615,277
218000020,319,456,-137
218000021,59,134,-75
218000022,7,74,-67
218000023,2,76,-74
218000024,1,30,-29
218000025,9,61,-52
218000026,20,87,-67
218000027,1,41,-40
218000028,3,10,-7
218000029,1,4,-3
218000030,27,31,-4
218000031,4,67,-63
218000032,3,39,-36
218000040,17,2,15
218000046,41,283,-242
218000047,13,318,-305
218000048,106,343,-237
218000049,354,327,27
218000050,582,548,34
218000051,86,474,-388
218000052,2,169,-167
218000053,10,21,-11
218000054,33,56,-23
218000055,22,22,0
218000056,22,75,-53
218000057,4,47,-43
218000064,2,6,-4
218000065,46,77,-31
218000066,11,75,-64
218000067,38,98,-60
218000068,102,89,13
218000069,98,194,-96
218000070,118,316,-198
218000071,202,252,-50
218000072,251,275,-24
218000078,541,1594,-1053
218000079,49,74,-25
218000080,46,81,-35
218000081,251,277,-26
218000082,14,174,-160
218000083,36,88,-52
218000084,68,291,-223
218000085,107,692,-585
218000086,40,240,-200
218000087,189,270,-81
218000090,24,94,-70
218000091,763,484,279
218000092,57,170,-113
218000093,78,119,-41
218000094,545,1026,-481
218000099,341,507,-166
218000100,213,304,-91
218000101,162,172,-10
218000102,195,347,-152
218000103,108,282,-174
218000104,52,54,-2
218000105,25,10,15
218000106,13,5,8
218000107,36,99,-63
218000108,7,70,-63
218000112,70,27,43
218000117,30,30,0
218000134,565,1066,-501
218000135,45,129,-84
218000136,193,81,112
218000137,127,205,-78
218000138,29,129,-100
218000139,94,434,-340
218000140,191,220,-29
218000141,48,81,-33
218000142,146,211,-65
218000143,101,222,-121
218000144,57,78,-21
218000145,210,458,-248
218000146,42,145,-103
218000151,9,31,-22
218000152,69,82,-13
218000153,2,7,-5
218000154,6,5,1
218000155,9,1,8
218000156,57,17,40
218000157,15,14,1
218000158,3,6,-3
218000159,3,1,2
218000160,1,6,-5
218000161,10,8,2
218000162,19,11,8
218000163,1,5,-4
218000164,30,15,15
218000165,28,29,-1
218000170,1,34,-33
218000171,63,17,46
218000172,10,74,-64
218000173,105,29,76
218000174,15,3,12
218000176,125,40,85
218000177,395,157,238
218000178,103,183,-80
218000179,89,73,16
218000180,52,29,23
218000181,109,30,79
218000187,4,36,-32
218000188,59,91,-32
218000189,18,107,-89
218000190,12,39,-27
218000191,97,100,-3
218000192,129,620,-491
218000193,358,738,-380
218000194,104,684,-580
218000195,105,109,-4
218000196,248,333,-85
218000197,211,496,-285
218000198,4,124,-120
218000199,35,34,1
218000200,98,94,4
218000201,17,25,-8
218000202,135,157,-22
218000207,12,75,-63
218000208,53,97,-44
218000211,32,14,18
218000212,1,11,-10
218000213,105,71,34
218000214,0,24,-24
218000215,81,137,-56
218000217,1,121,-120
218000218,410,126,284
218000219,40,21,19
218000220,123,381,-258
218000221,744,196,548
218000222,53,42,11
218000223,30,180,-150
218000224,6,83,-77
218000225,164,16,148
218000226,89,70,19
218000230,1,5,-4
218000232,33,94,-61
218000239,99,6,93
218000240,34,2,32
218000241,28,1,27
218000242,41,1,40
218000243,52,4,48
218000244,25,0,25
218000245,6,0,6
218000246,1,0,1
218000247,2,0,2
218000248,0,23,-23
218000249,0,3,-3
218000250,5,28,-23
218000251,6,20,-14
218000252,12,24,-12
218000253,13,17,-4
218000254,0,15,-15
218000255,0,15,-15
218000256,11,59,-48
218000267,928,1470,-542
218000268,13,66,-53
218000269,3,14,-11
218000270,10,47,-37
218000271,45,72,-27
218000273,7,14,-7
218000274,5,10,-5
218000275,14,58,-44
218000276,7,69,-62
218000278,11,27,-16
218000279,20,19,1
218000280,12,14,-2
218000281,16,13,3
218000282,424,189,235
218000284,134,14,120
218000301,64,116,-52
218000302,82,48,34
218000303,76,52,24
218000316,615,1129,-514
218000317,561,1234,-673
218000318,295,957,-662
218000319,655,2008,-1353
218000320,555,864,-309
218000338,56,33,23
218000345,100,63,37
218000346,47,135,-88
218000459,97,501,-404
218000490,33,78,-45
218000501,33,29,4
218000502,40,122,-82
218000503,40,13,27
218000504,106,9,97
218000505,59,168,-109
218000506,17,232,-215
218000508,0,2,-2
218000510,157,7,150
218000520,155,97,58
218000521,14,92,-78
218000522,2,133,-131
218000523,74,0,74
218000524,60,203,-143
218000525,88,15,73
218000526,40,100,-60
218000529,21,367,-346
218000530,1,7,-6
218000531,4,25,-21
218000532,11,32,-21
218000534,73,9,64
218000537,11,50,-39
218000538,150,137,13
218000540,379,67,312
218000543,67,61,6
218000544,70,154,-84
218000545,31,67,-36
218000546,57,162,-105
218000547,77,95,-18
218000548,138,272,-134
218000549,258,152,106
218000550,188,685,-497
218000551,262,500,-238
218000552,660,51,609
218000553,35,91,-56
218000554,15,21,-6
218000555,14,38,-24
218000556,79,540,-461
218000557,188,150,38
218000558,65,1,64
218000559,0,20,-20
218000560,0,12,-12
218000561,9,0,9
218000562,18,227,-209
218000563,106,33,73
218000564,8,123,-115
218000565,203,32,171
218000566,574,43,531
218000567,4,58,-54
218000568,30,2,28
218000569,9,182,-173
218000570,273,6,267
218000571,1,103,-102
218000572,117,2,115
218000573,32,106,-74
218000574,148,72,76
218000575,139,0,139
218000576,1,42,-41
218000577,45,1,44
218000578,1,85,-84
218000579,34,1,33
218000581,2,95,-93
218000582,12,3,9
218000583,20,0,20
218000584,0,26,-26
218000585,11,4,7
218000586,6,29,-23
218000587,0,10,-10
218000588,0,1,-1
218000589,1,3,-2
218000590,2,0,2
218000591,2,4,-2
218000592,3,2,1
218000593,0,0,0
218000594,0,0,0
218000595,0,0,0
218000596,0,0,0
218000597,0,0,0
218000598,0,0,0
218000599,0,0,0
218000600,0,1,-1
218000601,0,0,0
218000602,0,6,-6
218000603,0,7,-7
218000604,7,0,7
218000605,0,19,-19
218000606,47,1,46
218000607,12,49,-37
218000608,26,6,20
218000609,0,54,-54
218000610,36,1,35
218000611,24,0,24
218000612,2,25,-23
218000613,35,2,33
218000614,1,74,-73
218000615,92,4,88
218000616,8,175,-167
218000617,11,1,10
218000618,1,14,-13
218000619,16,28,-12
218000620,4,220,-216
218000621,0,7,-7
218000622,0,17,-17
218000623,10,0,10
218000624,1,21,-20
218000625,15,0,15
218000626,0,10,-10
218000628,64,33,31
218000631,15,17,-2
218000632,1,104,-103
218000633,32,0,32
218000634,31,32,-1
218000635,66,13,53
218000636,746,1878,-1132
218000637,622,794,-172
218000638,135,68,67
218000639,20,305,-285
218000640,121,35,86
218000641,54,568,-514
218000652,198,189,9
218000653,166,74,92
218000663,5,140,-135
218000675,69,63,6
218000676,2,40,-38
218000677,2,8,-6
218000680,160,744,-584
218000681,243,87,156
218000691,104,503,-399
218000693,73,106,-33
218000703,13,103,-90
218000718,1390,551,839
218000719,1788,174,1614
218000720,14,61,-47
218000721,81,17,64
218000725,8,10,-2
218001214,28,27,1
218001329,91,75,16
218001330,111,115,-4
218001351,15,11,4
218001352,12,25,-13
218001353,19,5,14
218001354,0,17,-17
218001355,33,3,30
218001357,9,1,8
219000001,30,71,-41
219000002,30,93,-63
219000003,31,28,3
219000004,74,37,37
219000017,121,25,96
219000020,42,32,10
219000022,52,5,47
219000023,98,0,98
219000029,1,128,-127
219000034,26,9,17
219000039,41,96,-55
219000040,36,23,13
219000041,67,36,31
219000051,0,73,-73
219000052,0,39,-39
219000053,2,304,-302
219000054,40,212,-172
219000055,66,0,66
219000056,9,0,9
219000057,34,0,34
219000062,21,356,-335
219000063,40,6,34
219000064,3,44,-41
219000110,252,39,213
219000111,74,20,54
219000112,166,47,119
219000113,74,44,30
219000114,254,39,215
219000116,56,44,12
219000117,151,100,51
219000118,98,75,23
219000123,203,84,119
219000124,84,62,22
219000125,7,20,-13
219000126,64,138,-74
219000127,0,5,-5
219000128,14,101,-87
219000129,26,161,-135
219000130,952,915,37
219000131,735,918,-183
219000133,44,37,7
219000134,0,13,-13
219000135,22,41,-19
219000136,129,140,-11
219000138,61,18,43
219000139,18,66,-48
219000140,22,0,22
219000141,17,119,-102
219000142,17,88,-71
219000143,26,121,-95
219000145,23,53,-30
219000146,8,87,-79
219000147,2,95,-93
219000148,4,94,-90
219000149,18,275,-257
219000150,5,216,-211
219000151,9,151,-142
219000157,133,138,-5
219000158,147,269,-122
219000161,162,15,147
219000163,1674,398,1276
219000166,62,190,-128
219000167,80,274,-194
219000168,259,61,198
219000174,250,96,154
219000175,50,2,48
219000176,52,5,47
219000177,8,10,-2
219000178,13,3,10
219000179,10,10,0
219000180,46,34,12
219000182,103,14,89
219000183,42,80,-38
219000184,53,10,43
219000185,1,114,-113
219000186,18,76,-58
219000187,12,183,-171
219000189,173,152,21
219000190,143,286,-143
219000191,1735,1158,577
219000192,116,136,-20
219000193,680,186,494
219000195,3,55,-52
219000196,9,105,-96
219000198,42,204,-162
219000199,100,219,-119
219000200,17,183,-166
219000201,65,293,-228
219000203,28,156,-128
219000204,66,253,-187
219000205,54,252,-198
219000207,147,335,-188
219000209,17,91,-74
219000210,46,104,-58
219000213,7,369,-362
219000239,171,222,-51
219000240,174,422,-248
219000241,84,304,-220
219000242,50,257,-207
219000243,74,440,-366
219000244,14,85,-71
219000245,98,47,51
219000246,32,18,14
219000247,60,21,39
219000248,342,239,103
219000249,82,62,20
219000250,80,98,-18
219000251,426,189,237
219000252,134,125,9
219000253,181,26,155
219000255,39,77,-38
219000256,87,56,31
219000257,55,0,55
219000262,58,285,-227
219000263,32,269,-237
219000267,3,190,-187
219000268,3,8,-5
219000269,5,3,2
219000270,7,0,7
219000271,64,1,63
219000278,1,12,-11
219000279,2,7,-5
219000283,0,22,-22
219000295,20,131,-111
219000296,59,635,-576
219000297,13,167,-154
219000298,24,241,-217
219000299,391,71,320
219000300,25,403,-378
219000301,163,382,-219
219000302,14,221,-207
219000307,33,54,-21
219000308,37,26,11
219000311,109,38,71
219000312,401,59,342
219000313,223,60,163
219000314,127,615,-488
219000315,148,34,114
219000316,301,54,247
219000317,74,24,50
219000320,0,58,-58
219000321,0,26,-26
219000323,7,168,-161
219000325,0,51,-51
219000326,47,118,-71
219000327,60,43,17
219000328,33,54,-21
219000329,271,88,183
219000330,49,18,31
219000331,26,34,-8
219000332,65,91,-26
219000333,10,5,5
219000335,64,10,54
219000337,14,0,14
219000338,44,0,44
219000344,44,90,-46
219000345,58,149,-91
219000346,38,185,-147
219000348,69,220,-151
219000349,35,340,-305
219000350,62,92,-30
219000351,19,8,11
219000352,281,58,223
219000353,100,51,49
219000354,118,163,-45
219000355,92,19,73
219000356,2124,615,1509
219000363,353,27,326
219000364,67,11,56
219000365,71,9,62
219000366,207,137,70
219000368,339,351,-12
219000370,1219,210,1009
219000371,4,17,-13
219000382,2,18,-16
219000383,797,794,3
219000385,753,508,245
219000386,1151,1557,-406
219000387,10,4,6
219000390,2,0,2
219000391,0,1,-1
219000397,114,121,-7
219000398,63,41,22
219000401,7,93,-86
219000402,18,93,-75
219000403,83,143,-60
219000404,10,89,-79
219000407,4,30,-26
219000409,39,27,12
219000410,27,30,-3
219000411,35,21,14
219000446,212,526,-314
219000447,1,14,-13
219000448,6,4,2
219000452,104,65,39
219000453,74,117,-43
219000454,290,194,96
219000556,119,89,30
219000558,173,447,-274
219000590,34,242,-208
219000591,37,55,-18
219000592,109,445,-336
219000595,2,55,-53
219000635,55,14,41
219000636,17,81,-64
219000657,29,16,13
219000658,18,52,-34
219000673,0,15,-15
219000676,69,69,0
219000679,40,8,32
219000684,90,4,86
219000685,1,126,-125
219000686,2,1,1
219000688,0,77,-77
219000689,65,218,-153
219000690,218,48,170
219000691,75,136,-61
219000692,199,22,177
219000693,0,35,-35
219000694,5,0,5
219000695,28,4,24
219000698,28,1,27
219000699,0,10,-10
219000727,4,292,-288
219000728,48,4,44
219000770,15,0,15
219000771,0,41,-41
219000788,167,193,-26
219001150,0,14,-14
219001151,0,8,-8
219001166,22,16,6
219001167,3,58,-55
219001178,21,0,21
220000001,41,38,3
220000002,18,192,-174
220000003,392,300,92
220000004,623,688,-65
220000005,1439,1841,-402
220000006,121,901,-780
220000007,252,764,-512
220000008,293,1241,-948
220000009,132,584,-452
220000010,195,167,28
220000011,806,2735,-1929
220000012,191,298,-107
220000014,75,74,1
220000015,43,173,-130
220000017,92,476,-384
220000018,6521,1656,4865
220000019,79,251,-172
220000020,308,249,59
220000021,452,199,253
220000022,344,540,-196
220000023,146,129,17
220000024,1629,287,1342
220000025,681,521,160
220000026,161,153,8
220000027,15,96,-81
220000028,23,42,-19
220000029,40,213,-173
220000030,129,77,52
220000031,190,318,-128
220000064,18,1203,-1185
221000046,44,34,10
221000047,0,1,-1
221000048,0,0,0
221000049,0,5,-5
221000050,13,0,13
221000055,48,42,6
221000057,35,6,29
221000068,350,90,260
221000069,254,45,209
221000070,115,16,99
221000071,79,11,68
221000072,127,9,118
221000073,144,51,93
221000074,2,36,-34
221000075,37,12,25
221000076,8,37,-29
221000077,33,70,-37
221000081,23,4,19
221000082,30,7,23
221000083,36,8,28
221000084,4,3,1
221000085,15,76,-61
221000086,8,124,-116
221000087,3,196,-193
221000088,20,231,-211
221000089,31,318,-287
221000090,113,511,-398
221000098,116,28,88
221000099,100,9,91
221000100,38,6,32
221000101,120,9,111
221000102,58,11,47
221000109,10,96,-86
221000110,7,105,-98
221000111,16,159,-143
221000112,2,166,-164
221000113,15,183,-168
221000114,20,151,-131
221000120,40,45,-5
221000121,6,16,-10
221000122,33,31,2
221000123,6,13,-7
221000124,26,300,-274
221000155,86,5,81
221000156,21,42,-21
221000175,1,3,-2
221000176,0,2,-2
221000182,29,5,24
221000241,514,182,332
221000242,214,361,-147
221000243,309,91,218
221000244,203,385,-182
221000245,30,107,-77
221000246,17,215,-198
221000247,37,121,-84
221000248,94,144,-50
221000267,50,944,-894
221000325,71,63,8
221000331,3,115,-112
221000338,12,16,-4
221000378,84,29,55
221000381,44,100,-56
222000282,6,1,5
222000296,5,40,-35
222000568,278,16,262
222000569,64,37,27
222000570,100,17,83
222000571,139,21,118
222000577,19,373,-354
222000578,28,276,-248
222000579,39,166,-127
222000580,144,1244,-1100
222000599,1,162,-161
222000600,1,360,-359
222000601,12,878,-866
222000603,18,15,3
222000604,9,47,-38
222000605,16,11,5
222000606,4,2,2
222000607,15,5,10
222000608,12,11,1
222000609,39,521,-482
222000616,134,53,81
222000617,8,14,-6
222000618,6,9,-3
222000620,88,24,64
222000621,111,14,97
222000623,401,7,394
222000624,195,3,192
222000625,334,48,286
222000636,76,4,72
222000686,13,22,-9
222000687,13,28,-15
222001066,322,1,321
222001067,6,26,-20
222001068,41,65,-24
222001069,36,63,-27
222001082,10,60,-50
222001083,17,55,-38
222001084,0,19,-19
222001085,0,223,-223
222001111,18,311,-293
222001112,37,44,-7
222001313,49,7,42
222001314,2,119,-117
222001464,115,47,68
222001465,12,165,-153
222001484,49,73,-24
222001485,10,77,-67
222001494,195,133,62
222001495,94,663,-569
222001496,141,53,88
222001497,50,940,-890
222001502,11,131,-120
222001503,74,41,33
222001504,31,315,-284
222001505,223,16,207
222001506,37,311,-274
222001507,169,36,133
222001510,214,35,179
222001511,49,530,-481
222001514,512,132,380
222001515,262,842,-580
222001518,93,59,34
222001519,33,539,-506
222001527,148,84,64
222001528,76,200,-124
222001529,114,46,68
222001530,56,379,-323
222001533,142,545,-403
222001534,183,38,145
222001535,88,135,-47
222001536,100,564,-464
222001537,244,37,207
222001538,59,753,-694
222001563,258,108,150
222001564,49,956,-907
222001568,263,142,121
222001576,0,2,-2
222001579,0,3,-3
222001583,11,344,-333
222001584,52,8,44
222001596,652,1916,-1264
222001597,1030,240,790
222001626,0,173,-173
222001650,54,63,-9
222001651,114,230,-116
222001914,200,91,109
222001915,137,305,-168
222001968,374,192,182
222001969,379,1192,-813
222001970,173,433,-260
222001971,7,32,-25
222001972,0,15,-15
225000001,294,97,197
225000002,203,105,98
225000003,227,80,147
225000004,145,194,-49
225000005,29,49,-20
225000006,0,115,-115
225000007,3424,1163,2261
225000010,100,5,95
225000011,420,687,-267
225000012,160,516,-356
225000013,118,133,-15
225000014,758,112,646
225000015,104,246,-142
225000021,549,150,399
225000027,297,544,-247
225000032,496,157,339
225000042,61,809,-748
225000049,33,83,-50
225000050,47,5,42
225000053,7,226,-219
225000058,527,151,376
225000067,145,282,-137
225000068,69,649,-580
225000069,181,590,-409
225000070,57,524,-467
225000071,23,338,-315
225000075,15,841,-826
225000076,63,145,-82
225000078,75,23,52
225000085,29,110,-81
225000086,153,51,102
225000087,131,23,108
225000088,16,182,-166
225000089,420,738,-318
225000090,29,373,-344
225000091,90,238,-148
225000092,32,82,-50
225000093,127,461,-334
225000094,15,550,-535
225000095,338,685,-347
225000096,217,551,-334
225000098,389,123,266
225000099,216,117,99
225000100,103,126,-23
225000104,85,461,-376
225000110,20,452,-432
225000111,151,1322,-1171
225000112,298,1266,-968
225000113,164,687,-523
225000114,54,341,-287
225000115,2555,671,1884
225000116,995,117,878
225000117,658,449,209
225000118,706,325,381
225000119,108,69,39
225000120,481,65,416
225000121,234,25,209
225000123,973,19,954
225000125,250,303,-53
225000126,951,155,796
225000127,798,464,334
225000128,336,416,-80
225000132,228,26,202
225000133,202,32,170
225000134,516,108,408
225000135,32,20,12
225000136,114,1,113
225000137,90,47,43
225000138,228,22,206
225000143,81,162,-81
225000144,2,329,-327
225000145,26,31,-5
225000146,36,135,-99
225000147,6,359,-353
225000148,4,268,-264
225000149,75,529,-454
225000151,34,264,-230
225000155,240,404,-164
225000156,242,839,-597
225000157,215,394,-179
225000158,63,391,-328
225000171,1,175,-174
225000180,31,4,27
225000181,0,63,-63
225000182,62,3,59
225000185,6,352,-346
225000187,50,447,-397
225000191,73,6,67
225000194,0,2,-2
225000208,3,48,-45
225000209,37,20,17
225000210,3,214,-211
225000217,0,9,-9
225000218,24,1,23
225000223,0,38,-38
225000224,314,5,309
225000225,5,17,-12
225000226,46,2,44
225000227,34,57,-23
225000228,5,2,3
225000229,0,84,-84
225000230,16,1,15
225000231,0,72,-72
225000232,84,1,83
225000241,48,1,47
225000242,1,45,-44
225000249,9,1,8
225000250,40,937,-897
225000251,298,25,273
225000254,3,17,-14
225000256,5,26,-21
225000257,0,10,-10
226000042,441,463,-22
226000043,73,276,-203
226000044,140,823,-683
226000045,77,498,-421
226000046,295,49,246
226000047,276,56,220
226000048,249,53,196
226000049,163,79,84
226000070,0,78,-78
226000071,0,95,-95
226000072,1,5,-4
226000073,0,13,-13
226000074,0,6,-6
226000084,1,49,-48
226000085,2,7,-5
226000086,1,13,-12
226000087,1,12,-11
226000088,60,18,42
226000090,100,34,66
226000091,16,17,-1
226000092,5,4,1
226000093,24,2,22
226000094,19,6,13
226000095,22,3,19
226000105,10,1,9
226000106,8,0,8
226000107,5,0,5
226000108,25,0,25
226000109,64,1,63
226000124,104,50,54
226000134,240,382,-142
226000135,532,507,25
226000136,148,334,-186
226000137,13,465,-452
226000138,13,284,-271
226000139,3,19,-16
226000156,69,11,58
226000157,76,21,55
226000163,62,51,11
226000202,9,549,-540
226000231,133,6,127
226000232,37,0,37
227000033,177,36,141
227000036,142,29,113
227000037,81,23,58
227000038,66,26,40
227000084,1,39,-38
227000085,0,33,-33
227000088,19,0,19
227000089,83,1,82
227000090,16,0,16
227000091,6,0,6
227000092,21,0,21
227000093,51,0,51
227000094,6,0,6
227000130,22,82,-60
227000131,15,279,-264
227000132,6,323,-317
227000133,18,339,-321
227000134,20,523,-503
227000152,0,0,0
227000153,1,44,-43
227000154,1,11,-10
227000155,0,19,-19
227000156,0,27,-27
227000165,2,39,-37
227000196,149,559,-410
227000199,103,844,-741
227000230,23,733,-710
227000232,160,15,145
227000242,69,560,-491
227000243,209,34,175
227000245,19,440,-421
227000246,86,555,-469
227000247,109,38,71
227000248,32,12,20
227000249,21,252,-231
227000250,138,62,76
227000251,184,211,-27
227000252,20,460,-440
227000253,44,14,30
227000262,150,30,120
227000266,448,18,430
227000267,38,2778,-2740
227000282,7,316,-309
227000284,186,13,173
227000286,0,147,-147
227000291,15,838,-823
227000296,358,269,89
227000484,212,20,192
227000485,39,920,-881
227000655,39,19,20
227000656,488,36,452
227000657,48,18,30
227000704,151,4,147
229000265,8,11,-3
229000266,0,3,-3
229000267,12,0,12
229000268,10,0,10
229000269,86,0,86
229000274,0,22,-22
229000275,0,16,-16
229000276,0,17,-17
229000277,2,11,-9
229000278,0,14,-14
229000295,18,28,-10
229000296,24,7,17
229000297,8,63,-55
229000298,3,206,-203
229000320,17,15,2
229000321,31,19,12
229000412,22,72,-50
229000414,2,47,-45
229000415,8,0,8
229000416,3,3,0
229000417,9,11,-2
229000419,142,372,-230
229000440,193,67,126
229000442,26,9,17
229000443,0,4,-4
229000444,2,36,-34
229000445,29,3,26
229000446,70,21,49
229000491,5,50,-45
229000492,10,263,-253
229000493,5,178,-173
229000494,19,5,14
229000495,77,13,64
229000496,24,2,22
229000507,1,50,-49
229000508,1,34,-33
229000509,0,74,-74
229000510,1,37,-36
229000511,7,64,-57
229000512,0,57,-57
229000513,0,8,-8
229000514,0,0,0
229000517,4,13,-9
229000518,8,47,-39
229000519,0,15,-15
229000520,9,54,-45
229000521,15,16,-1
229000522,0,8,-8
229000523,8,10,-2
229000524,1,4,-3
229000527,5,0,5
229000528,0,1,-1
229000529,9,0,9
229000530,44,1,43
229000531,21,4,17
229000532,28,2,26
229000533,61,0,61
229000534,64,1,63
229000564,35,0,35
229000565,3,0,3
229000566,0,26,-26
229000567,0,99,-99
229000582,88,1,87
229000583,9,1,8
229000584,0,63,-63
229000585,1,86,-85
229000718,0,2,-2
229000719,0,2,-2
229000720,0,8,-8
229000721,0,16,-16
229000722,0,49,-49
229000723,0,20,-20
229000724,0,2,-2
229000725,0,3,-3
229000738,0,0,0
229000739,1,0,1
229000740,1,0,1
229000741,3,0,3
229000742,1,0,1
229000743,4,0,4
229000744,2,0,2
229000745,1,0,1
229000746,11,0,11
229000847,10,0,10
229000848,9,0,9
229000849,61,1,60
229000851,15,0,15
229000854,2,67,-65
229000856,4,156,-152
229000857,0,61,-61
229000858,0,164,-164
229000919,9,73,-64
229000930,3,197,-194
229000937,74,23,51
229000966,32,24,8
229000981,15,42,-27
229000985,11,47,-36
229000986,0,8,-8
229000987,0,2,-2
229000988,2,17,-15
229000989,2,8,-6
229000990,0,4,-4
229000991,0,7,-7
229000992,8,15,-7
229000993,165,28,137
229000998,12,52,-40
229000999,53,10,43
229001034,0,27,-27
229001035,4,1,3
229001036,5,69,-64
229001037,44,1,43
229001038,0,33,-33
229001039,18,0,18
229001040,0,88,-88
229001041,50,0,50
229001042,15,50,-35
229001047,9,96,-87
229001050,31,8,23
229001168,0,7,-7
229001200,16,2,14
229001338,13,32,-19
229001394,248,3,245
229001422,80,49,31
229001423,43,120,-77
229001431,54,50,4
229001432,50,72,-22
229001444,128,82,46
229001445,43,255,-212
229001479,7,4,3
229001503,106,81,25
229001504,79,213,-134
229001505,62,48,14
229001506,34,183,-149
229001509,56,5,51
229001510,8,30,-22
229001545,56,5,51
229001546,5,68,-63
229001553,31,30,1
229001554,22,72,-50
229001630,50,27,23
229001631,11,38,-27
229001635,0,8,-8
229001636,0,0,0
229001658,2,109,-107
229001659,80,5,75
229001660,2,1,1
229001661,1,15,-14
229001662,23,1,22
229001663,0,21,-21
229002584,241,198,43
229002831,301,164,137
229002841,5,30,-25
229002842,22,21,1
229002843,43,16,27
229002844,22,95,-73
229002845,5,87,-82
229002846,6,18,-12
229002847,1,3,-2
229002848,0,10,-10
229002849,1,68,-67
229002850,7,1,6
229002851,20,96,-76
229002852,76,31,45
229002853,133,27,106
229002854,44,71,-27
229002855,7,55,-48
229002856,20,11,9
229002857,1,80,-79
229002858,5,5,0
229002859,39,46,-7
229002860,38,58,-20
229002861,35,31,4
229002862,21,46,-25
229002863,8,44,-36
229002864,14,42,-28
229002865,39,13,26
229002866,83,18,65
229002867,1,24,-23
229002868,16,10,6
229002869,6,179,-173
229002870,36,5,31
235000066,325,62,263
235000067,132,131,1
235000072,31,71,-40
235000073,43,263,-220
235000074,21,102,-81
235000080,10,89,-79
235000081,61,212,-151
235000082,50,59,-9
235000083,103,145,-42
235000084,24,82,-58
235000085,67,82,-15
235000089,11,27,-16
235000092,7,151,-144
235000093,9,4,5
235000097,1,9,-8
235000098,27,9,18
235000099,21,23,-2
235000116,44,36,8
235000117,968,20,948
235000133,20,181,-161
235000134,13,99,-86
235000206,14,1,13
235000207,0,2,-2
235000208,9,2,7
235000209,0,2,-2
235000210,3,2,1
235000212,3,27,-24
235000213,5,4,1
235000220,1,10,-9
235000221,30,11,19
235000238,6,12,-6
235000239,0,3,-3
235000242,192,215,-23
235000245,831,198,633
235000246,8,56,-48
235000284,7,147,-140
235000295,122,8,114
235000305,124,8,116
235000306,48,4,44
235000307,18,4,14
235000308,20,0,20
235000309,24,0,24
235000310,26,0,26
235000311,37,8,29
235000322,0,36,-36
235000323,1,78,-77
235000324,3,22,-19
235000325,0,19,-19
235000326,16,420,-404
235000351,8,94,-86
235000352,13,128,-115
235000353,2,54,-52
235000354,5,34,-29
235000355,11,73,-62
235000356,45,14,31
235000357,8,12,-4
235000358,30,12,18
235000359,3,5,-2
235000360,61,21,40
235000361,43,7,36
235000381,40,283,-243
235000382,71,36,35
235000390,13,4,9
235000391,73,15,58
235000392,64,177,-113
235000393,56,83,-27
235000395,42,13,29
235000396,172,55,117
235000400,78,23,55
235000401,43,186,-143
235000405,82,319,-237
235000406,26,306,-280
235000407,37,132,-95
235000409,174,161,13
235000410,30,242,-212
235000411,2,98,-96
235000485,0,12,-12
235000486,7,0,7
235000549,36,87,-51
235000550,60,220,-160
235000599,54,90,-36
235000600,4,9,-5
235000601,20,55,-35
235000602,52,180,-128
235000614,0,1,-1
235000648,2,26,-24
235000649,31,2,29
235000685,0,6,-6
235000815,13,17,-4
235000834,0,12,-12
235000855,22,60,-38
235000862,22,237,-215
235000891,0,16,-16
235000892,8,0,8
235000901,54,107,-53
235000907,3,16,-13
235001010,54,108,-54
235001029,734,387,347
235001030,309,175,134
235001078,63,42,21
235001079,51,123,-72
235001147,11,38,-27
235001166,10,81,-71
235001167,18,74,-56
235001169,39,363,-324
235001188,1,2,-1
235001189,4,0,4
235001197,16,28,-12
235001200,23,37,-14
235001207,125,18,107
235001210,31,126,-95
235001215,36,133,-97
235001239,2,39,-37
235001244,0,8,-8
235016267,0,53,-53
277101746,0,3,-3
277102712,6,10,-4
277103813,0,0,0
277103814,0,0,0
277103898,0,6,-6
277104249,0,1,-1
277104250,0,14,-14
277104251,0,5,-5
277104252,0,2,-2
990011530,0,323,-323
990014944,1,534,-533
990015176,8,1,7
990015618,0,101,-101
990016032,1,548,-547
990032570,7,179,-172
990070001,119,45,74
990070103,0,5,-5
990070601,0,92,-92
990070751,261,0,261
990070766,4,1129,-1125
990071180,489,325,164
990071343,25,14,11
990071387,0,13,-13
990071823,367,2,365
990072600,4,866,-862
990072964,2,678,-676
990073285,0,0,0
990074393,4,1524,-1520
990074870,565,6,559
990075106,496,3,493
990075746,215,7,208
990076437,471,6,465
990076458,3,1663,-1660
997000007,202,5,197
997000041,1,184,-183
997000058,27,0,27
997000062,77,46,31
997000069,0,7,-7
997000070,0,75,-75
997000100,20,0,20
997000141,22,3538,-3516
997000198,2,1562,-1560
998000475,0,24,-24
998000736,1,395,-394
998000965,0,7,-7
998001031,2,48,-46
998001700,0,29,-29
998001899,0,6,-6
998001900,5,2,3
998003073,764,29,735
998101900,0,0,0
998102850,1,102,-101
998501927,505,409,96
998501929,65,4,61
998501930,77,1,76
998501931,113,26,87
998501932,10,2,8
998501933,38,2,36
998501937,5,3,2
998501944,8,0,8
998501950,0,0,0
998501970,75,38,37
998501971,0,117,-117
998501973,2,94,-92
998501974,3,268,-265
998501975,154,17,137
998501976,32,0,32
998501977,1,35,-34
998501978,34,1,33
998501979,0,13,-13
998501980,60,1,59
998501981,31,13,18
998501982,1,115,-114
998502006,0,0,0
998502024,0,10,-10
998502032,0,5,-5
998502062,67,48,19
998502063,0,0,0
998502173,22,0,22
998502269,0,0,0
998601159,2,340,-338
998601292,0,23,-23
999033574,1,396,-395
999800001,34,4,30
999800002,0,2,-2
999800003,9,4,5
999800004,0,5,-5
999800005,0,14,-14
