ID,insum,outsum,diff
100000001,659,520,139
100000002,1829,684,1145
100000003,10970,1990,8980
100000004,2187,772,1415
100000005,2430,2146,284
100000006,277,85,192
100000007,957,293,664
100000008,212,636,-424
100000009,281,172,109
100000010,6,54,-48
100000011,505,60,445
100000012,41,889,-848
100000013,23,196,-173
100000014,330,305,25
100000015,1601,1014,587
100000016,1209,1424,-215
100000017,736,1146,-410
100000018,1457,519,938
100000019,6541,1551,4990
100000020,2288,3626,-1338
100000021,7956,2074,5882
100000022,1747,817,930
100000023,7973,935,7038
100000025,3782,471,3311
100000028,2184,791,1393
100000029,299,191,108
100000030,971,71,900
100000031,6959,5404,1555
100000032,3350,3475,-125
100000033,688,1770,-1082
100000034,1217,249,968
100000035,1893,675,1218
100000036,3218,984,2234
100000037,351,448,-97
100000038,1022,848,174
100000039,743,169,574
100000040,199,151,48
100000041,541,364,177
100000042,510,378,132
100000043,591,277,314
100000044,408,954,-546
100000045,448,1475,-1027
100000046,657,1578,-921
100000047,424,965,-541
100000048,1033,658,375
100000049,1833,2851,-1018
100000051,407,1182,-775
100000053,19,11,8
100000054,92,28,64
100000055,396,314,82
100000056,199,479,-280
100000057,1566,736,830
100000058,996,1570,-574
100000059,7,153,-146
100000060,223,406,-183
100000061,1076,499,577
100000062,1398,489,909
100000063,343,232,111
100000064,727,368,359
100000065,313,1554,-1241
100000066,163,1038,-875
100000067,544,868,-324
100000068,598,1775,-1177
100000069,248,1750,-1502
100000072,410,1404,-994
100000073,1228,1255,-27
100000075,449,312,137
100000076,1924,1493,431
100000077,723,92,631
100000078,145,29,116
100000079,71,40,31
100000080,15,4,11
100000081,28,42,-14
100000102,2304,1083,1221
100000103,3701,774,2927
100000104,6231,1165,5066
100000105,4770,515,4255
100000106,3002,1264,1738
100000107,788,272,516
100000108,1138,1185,-47
100000109,3937,1229,2708
100000116,1417,483,934
100000117,42,50,-8
100000118,1152,668,484
100000119,400,628,-228
100000121,142,656,-514
100000122,848,679,169
100000123,4392,4114,278
100000124,10196,5146,5050
100000125,4367,774,3593
100000126,703,217,486
100000127,1874,389,1485
100000128,1190,1085,105
100000129,536,401,135
100000130,428,612,-184
100000131,5793,2890,2903
100000132,2765,1615,1150
100000133,13114,3125,9989
100000135,401,668,-267
100000139,207,180,27
100000140,229,361,-132
100000142,273,478,-205
100000143,1851,1099,752
100000144,4277,1050,3227
100000147,757,1667,-910
100000150,18,509,-491
100000151,596,312,284
100000153,312,216,96
100000154,126,59,67
100000155,15,31,-16
100000156,70,94,-24
100000157,85,183,-98
100000158,43,122,-79
100000159,337,461,-124
100000165,1093,662,431
100000169,845,245,600
100000174,2274,340,1934
100000179,55,604,-549
100000180,3774,1293,2481
100000181,147,344,-197
100000188,91,394,-303
100000189,909,291,618
100000190,358,345,13
100000191,418,389,29
100000192,133,88,45
100000193,132,151,-19
100000330,2814,483,2331
100000355,140,540,-400
100000362,5395,3770,1625
100000363,1980,3088,-1108
100000364,376,159,217
100000365,3155,4614,-1459
100000366,4012,2547,1465
100000367,2333,3037,-704
100000368,2156,1985,171
100000369,1078,1274,-196
100000370,192,278,-86
100000376,73,75,-2
100000379,2768,1029,1739
100000380,3851,1347,2504
100000384,7090,2000,5090
100000385,7705,3166,4539
100000386,11743,2531,9212
100000387,8878,2833,6045
100000388,16607,3423,13184
100000389,14436,3198,11238
100000390,15425,2765,12660
100000391,8692,3322,5370
100000392,3560,1092,2468
100000393,1319,1089,230
100000394,6716,2972,3744
100000395,3655,813,2842
100000396,4783,1757,3026
100000397,2687,1557,1130
100000398,11559,8219,3340
100900002,2,80,-78
100900003,210,88,122
100900004,46,1118,-1072
100900005,79,8,71
100900006,12,254,-242
100900007,434,5,429
100900008,2,642,-640
100900009,45,35,10
100900010,59,181,-122
100900011,31,356,-325
100900012,1,339,-338
100900013,975,3,972
100900014,7,6,1
100900015,102,84,18
100900016,0,50,-50
100900017,702,68,634
100900018,0,14,-14
100900019,20,124,-104
100900020,234,0,234
100900021,588,1,587
100900022,4,15,-11
100900023,0,58,-58
100900024,927,2,925
100900025,13,7,6
100900026,39,160,-121
100900027,702,2328,-1626
100900028,84,101,-17
100900029,94,16,78
100900030,3,28,-25
100900031,217,63,154
100900032,145,1,144
100900033,255,66,189
100900034,236,0,236
100900035,955,1,954
100900036,30,2,28
100900037,15,249,-234
100900038,37,12,25
100900039,384,716,-332
100900040,152,1143,-991
100900041,177,1080,-903
100900042,330,167,163
100900043,0,8,-8
100900044,3224,300,2924
100900045,39,2,37
100900046,1259,3,1256
100900047,846,96,750
100900048,47,14,33
100900049,56,282,-226
100900050,1,31,-30
100900051,55,65,-10
100900052,73,34,39
100900053,120,18,102
100900054,6,126,-120
100900055,199,251,-52
100900056,132,329,-197
100900057,510,447,63
100900058,134,20,114
100900059,36,9,27
100900060,66,8,58
100900061,253,227,26
100900062,3,82,-79
100900063,108,338,-230
100900064,501,7,494
100900065,96,40,56
100900066,31,36,-5
100900067,6,6,0
100900068,51,116,-65
100900069,283,20,263
100900070,98,0,98
100900071,630,232,398
100900072,0,75,-75
100900073,97,607,-510
100900074,1,4,-3
100900075,2834,246,2588
100900076,31,30,1
100900077,12,162,-150
100900078,37,237,-200
100900079,6,37,-31
100900080,30,160,-130
100900081,12,72,-60
100900082,31,959,-928
100900083,5,53,-48
100900085,4,82,-78
100900086,120,1117,-997
100900088,33,906,-873
100900089,1,11,-10
100900090,93,474,-381
100900091,1,25,-24
100900092,146,128,18
100900093,52,433,-381
100900094,42,766,-724
100900095,4,22,-18
100900096,32,99,-67
100900097,1,5,-4
100900098,0,15,-15
100900099,27,610,-583
100900100,4,233,-229
100900101,301,39,262
100900102,133,35,98
100900103,0,26,-26
100900104,13,134,-121
100900105,8,85,-77
100900106,40,3,37
100900107,1777,508,1269
100900108,3,8,-5
100900109,16,39,-23
100900110,4,30,-26
100900111,41,114,-73
100900112,0,4,-4
100900113,2,21,-19
100900114,2,13,-11
100900115,1,28,-27
100900116,626,596,30
100900117,172,489,-317
100900118,2,45,-43
100900119,0,17,-17
100900120,1,20,-19
100900121,266,389,-123
100900122,119,169,-50
100900123,71,111,-40
100900124,0,6,-6
100900125,28,65,-37
100900126,52,173,-121
100900127,2,8,-6
100900128,83,118,-35
100900129,0,118,-118
100900131,51,135,-84
100900133,26,55,-29
100900134,1,5,-4
100900135,0,136,-136
100900137,245,215,30
100900138,412,289,123
100900139,0,5,-5
100900140,3,946,-943
100900141,3,298,-295
100900142,0,18,-18
100900143,1090,292,798
100900144,2,4,-2
100900145,36,100,-64
100900146,12,14,-2
100900147,11,345,-334
100900148,36,1150,-1114
100900149,15,84,-69
100900150,5,12,-7
100900151,85,501,-416
100900152,103,8,95
100900153,1,156,-155
100900154,2,22,-20
100900155,1,6,-5
100900156,25,0,25
100900157,4,93,-89
100900159,5,12,-7
100900160,1,20,-19
100900161,174,0,174
100900162,14,142,-128
100900163,139,201,-62
100900164,16,38,-22
100900165,30,60,-30
100900166,31,3,28
100900167,12,74,-62
100900168,26,105,-79
100900169,182,1375,-1193
100900170,7,6,1
100900171,18,816,-798
100900172,0,10,-10
100900173,11,679,-668
100900174,304,59,245
100900176,1388,54,1334
100900177,1044,241,803
100900178,250,172,78
100900179,89,36,53
100900180,2,2,0
100900181,116,21,95
100900182,7,26,-19
100900184,0,166,-166
100900186,1186,562,624
100900187,3,245,-242
100900188,37,5,32
100900189,742,117,625
100900191,1187,894,293
100900192,231,124,107
100900195,75,230,-155
100900197,81,214,-133
100900198,22,230,-208
100900199,14,10,4
100900200,581,361,220
100900201,88,784,-696
100900202,1,0,1
100900203,1,37,-36
100900204,1412,224,1188
100900205,88,322,-234
100900206,33,57,-24
100900207,90,63,27
100900210,76,887,-811
100900211,295,99,196
100900213,58,8,50
100900214,1074,84,990
100900215,4,29,-25
100900217,68,45,23
101000001,5103,2431,2672
101000002,3928,2605,1323
101000003,882,2239,-1357
101000004,11821,7511,4310
101000005,6136,4897,1239
101000006,10319,6762,3557
101000007,2731,3041,-310
101000008,3450,2919,531
101000009,1420,2280,-860
101000010,724,1700,-976
101000011,2435,775,1660
101000012,2154,604,1550
101000013,529,751,-222
101000014,490,608,-118
101000015,839,777,62
101000016,372,376,-4
101000017,526,464,62
101000018,4479,2867,1612
101000020,4240,1126,3114
101000021,1053,240,813
101000022,605,81,524
101000023,1975,861,1114
101000025,137,295,-158
101000026,355,28,327
101000027,1501,1491,10
101000028,689,137,552
101000029,45,750,-705
101000030,727,37,690
101000031,445,321,124
101000032,5611,2065,3546
101000033,2642,1700,942
101000034,3043,1201,1842
101000035,1384,379,1005
101000036,1503,300,1203
101000037,5744,915,4829
101000039,5015,959,4056
101000040,5453,2046,3407
101000041,14842,2978,11864
101000042,1008,559,449
101000043,12230,2265,9965
101000045,1586,296,1290
101000046,2030,940,1090
101000047,1124,1178,-54
101000048,908,825,83
101000049,1072,820,252
101000050,3558,1994,1564
101000051,5286,1177,4109
101000052,1894,522,1372
101000053,1057,1745,-688
101000054,2021,1783,238
101000055,1935,863,1072
101000056,85,38,47
101000057,3723,521,3202
101000058,2796,651,2145
101000059,4457,1459,2998
101000060,2310,217,2093
101000061,1435,695,740
101000062,1416,262,1154
101000063,468,353,115
101000064,1210,330,880
101000065,143,272,-129
101000066,321,189,132
101000067,530,336,194
101000068,216,161,55
101000069,288,119,169
101000070,1844,864,980
101000071,2168,697,1471
101000072,1211,3172,-1961
101000073,825,516,309
101000074,5145,2722,2423
101000075,7612,3151,4461
101000077,1274,1039,235
101000078,1102,1882,-780
101000079,398,554,-156
101000080,582,614,-32
101000081,1027,983,44
101000082,3504,2561,943
101000083,1646,1330,316
101000084,1345,1358,-13
101000085,1626,943,683
101000086,1354,1132,222
101000087,855,1364,-509
101000088,746,865,-119
101000089,794,1347,-553
101000090,2807,1763,1044
101000091,343,1729,-1386
101000092,997,1364,-367
101000093,1456,816,640
101000094,473,1196,-723
101000095,250,775,-525
101000096,227,711,-484
101000097,630,263,367
101000098,697,554,143
101000099,1468,1084,384
101000100,1196,587,609
101000101,416,457,-41
101000102,872,308,564
101000103,954,456,498
101000104,248,354,-106
101000105,1054,172,882
101000106,646,510,136
101000107,91,260,-169
101000108,1481,415,1066
101000109,115,51,64
101000110,36,792,-756
101000111,101,200,-99
101000113,127,687,-560
101000114,2753,1342,1411
101000115,96,103,-7
101000116,175,198,-23
101000117,294,267,27
101000119,228,18,210
101000120,243,15,228
101000121,61,15,46
101000122,92,31,61
101000123,39,47,-8
101000124,251,239,12
101000125,117,454,-337
101000128,1060,449,611
101000130,373,317,56
101000131,429,701,-272
101000132,282,1815,-1533
101000135,74,19,55
101000136,222,112,110
101000137,23,210,-187
101000141,3067,1505,1562
101000147,729,681,48
101000148,3071,40,3031
101000149,49,34,15
101000150,34,1210,-1176
101000151,100,77,23
101000152,294,273,21
101000153,609,547,62
101000154,116,2090,-1974
101000155,128,148,-20
101000156,18,277,-259
101000157,48,28,20
101000160,23,46,-23
101000163,161,90,71
101000164,567,368,199
101000165,195,313,-118
101000166,310,545,-235
101000168,606,345,261
101000252,1121,640,481
101000254,577,26,551
101000258,48,12,36
101000261,88,110,-22
101000262,654,973,-319
101000263,253,1270,-1017
101000265,75,502,-427
101000266,275,224,51
101000269,146,7,139
101000290,2661,2595,66
101000293,18,105,-87
101000294,425,442,-17
101000295,112,503,-391
101000301,928,189,739
101000304,1974,2397,-423
101000305,2653,1905,748
101000328,0,22,-22
101900001,7,83,-76
101900002,0,22,-22
101900003,91,107,-16
101900004,2,27,-25
101900005,6194,812,5382
101900006,896,22,874
101900007,393,34,359
101900008,101,279,-178
101900009,44,353,-309
101900010,1231,386,845
101900011,309,1327,-1018
101900012,133,307,-174
101900013,1540,82,1458
101900017,26,90,-64
101900018,2484,225,2259
101900019,115,54,61
101900020,174,112,62
101900021,0,23,-23
101900022,56,1718,-1662
101900023,78,297,-219
101900026,41,34,7
101900027,11,122,-111
102000001,1975,3807,-1832
102000002,3004,1406,1598
102000003,4698,4599,99
102000004,12610,2714,9896
102000005,1492,2009,-517
102000006,2069,1546,523
102000007,1609,4634,-3025
102000008,7676,1765,5911
102000009,6766,7007,-241
102000010,7656,3615,4041
102000011,2470,2344,126
102000012,3584,3704,-120
102000018,3876,2452,1424
102000019,3008,1348,1660
102000026,287,478,-191
102000029,477,213,264
102000030,84,271,-187
102000031,14,243,-229
102000032,176,393,-217
102000033,143,464,-321
102000034,674,399,275
102000035,1169,577,592
102000036,5,190,-185
102000037,184,78,106
102000038,110,89,21
102000039,112,42,70
102000040,530,122,408
102000041,199,187,12
102000042,207,81,126
102000043,326,209,117
102000044,233,440,-207
102000045,618,1126,-508
102000046,767,404,363
102000047,674,1356,-682
102000048,155,661,-506
102000049,692,489,203
102000050,923,1151,-228
102000051,272,544,-272
102000052,929,952,-23
102000053,565,716,-151
102000054,202,763,-561
102000055,677,1132,-455
102000056,525,1784,-1259
102000057,1466,700,766
102000058,991,2027,-1036
102000059,1157,1475,-318
102000060,1020,1088,-68
102000061,1022,2861,-1839
102000062,752,1473,-721
102000063,1054,1548,-494
102000064,385,539,-154
102000065,28,138,-110
102000066,1695,1090,605
102000067,3256,2759,497
102000068,9374,2557,6817
102000069,46,1697,-1651
102000070,2127,82,2045
102000071,7076,10297,-3221
102000072,2974,4701,-1727
102000073,1429,1146,283
102000074,975,940,35
102000075,208,280,-72
102000076,279,514,-235
102000077,263,1340,-1077
102000078,647,1156,-509
102000079,67,292,-225
102000080,131,229,-98
102000081,326,952,-626
102000082,737,360,377
102000083,217,732,-515
102000084,126,485,-359
102000085,1612,1355,257
102000086,1016,1974,-958
102000087,670,2330,-1660
102000088,189,359,-170
102000089,835,590,245
102000090,447,1201,-754
102000091,1529,514,1015
102000092,541,707,-166
102000093,596,525,71
102000094,1179,430,749
102000095,877,1288,-411
102000096,1631,765,866
102000097,1603,1472,131
102000098,635,1178,-543
102000099,1095,532,563
102000100,1266,645,621
102000101,1506,268,1238
102000102,451,1610,-1159
102000103,1583,343,1240
102000104,1170,340,830
102000105,149,951,-802
102000106,598,1151,-553
102000107,546,625,-79
102000108,449,299,150
102000109,334,674,-340
102000110,388,1849,-1461
102000111,9,363,-354
102000112,144,65,79
102000113,12,28,-16
102000114,1173,344,829
102000115,196,169,27
102000116,517,293,224
102000117,299,424,-125
102000118,1718,1015,703
102000119,2680,492,2188
102000120,95,472,-377
102000121,1071,562,509
102000122,417,702,-285
102000123,1530,1136,394
102000124,986,836,150
102000125,1173,879,294
102000126,521,689,-168
102000127,1151,686,465
102000128,461,1142,-681
102000129,1086,967,119
102000130,364,696,-332
102000131,2503,721,1782
102000132,962,656,306
102000133,1041,2698,-1657
102000134,360,801,-441
102000135,1183,646,537
102000136,1221,321,900
102000137,1484,921,563
102000138,383,527,-144
102000139,117,525,-408
102000140,554,294,260
102000141,607,677,-70
102000142,143,435,-292
102000143,41,447,-406
102000144,80,525,-445
102000145,285,624,-339
102000146,243,349,-106
102000147,302,368,-66
102000148,184,205,-21
102000149,111,709,-598
102000150,153,264,-111
102000151,87,383,-296
102000152,100,181,-81
102000153,698,263,435
102000154,439,555,-116
102000155,84,280,-196
102000156,322,44,278
102000157,80,162,-82
102000158,368,309,59
102000159,1956,239,1717
102000161,5602,1345,4257
102000162,227,103,124
102000163,141,413,-272
102000164,1601,693,908
102000165,261,133,128
102000166,38,79,-41
102000167,193,162,31
102000168,236,100,136
102000169,91,378,-287
102000170,849,132,717
102000171,156,77,79
102000172,96,185,-89
102000173,239,195,44
102000174,27,56,-29
102000175,77,168,-91
102000176,38,52,-14
102000178,146,640,-494
102000179,195,200,-5
102000180,428,672,-244
102000181,330,820,-490
102000182,370,710,-340
102000183,1006,2099,-1093
102000184,894,925,-31
102000185,1271,1835,-564
102000186,641,2214,-1573
102000187,615,2125,-1510
102000188,675,1526,-851
102000189,3133,1012,2121
102000190,761,2605,-1844
102000191,1473,604,869
102000192,659,1115,-456
102000193,50,235,-185
102000194,49,161,-112
102000195,247,632,-385
102000196,82,681,-599
102000197,191,532,-341
102000198,100,1083,-983
102000199,397,455,-58
102000200,179,1455,-1276
102000201,418,562,-144
102000202,1,154,-153
102000203,176,359,-183
102000204,226,1214,-988
102000205,480,789,-309
102000206,392,885,-493
102000207,530,559,-29
102000208,188,691,-503
102000209,31,51,-20
102000210,137,675,-538
102000211,210,510,-300
102000212,53,11,42
102000213,3,377,-374
102000214,71,13,58
102000215,5,722,-717
102000216,22,30,-8
102000217,9,238,-229
102000218,133,49,84
102000219,327,453,-126
102000225,809,724,85
102000226,6504,561,5943
102000227,84,8,76
102000228,1,130,-129
102000229,47,26,21
102000230,221,702,-481
102000231,182,464,-282
102000232,8,148,-140
102000233,362,858,-496
102000234,96,1566,-1470
102000236,554,70,484
102000237,472,209,263
102000238,167,314,-147
102000240,751,493,258
102000241,297,108,189
102000243,1,77,-76
102000245,13,138,-125
102000246,19,24,-5
102000247,1229,1003,226
102000248,708,400,308
102000249,96,218,-122
102000250,29,476,-447
102000254,33,572,-539
102000266,96,204,-108
102000271,23,2,21
102000286,481,338,143
102000297,1627,841,786
102000299,0,0,0
102000301,0,0,0
102000305,0,0,0
102000307,0,11,-11
102000308,0,3,-3
102900001,979,901,78
102900002,310,42,268
102900003,23,333,-310
102900005,174,333,-159
102900006,314,247,67
102900007,482,38,444
102900008,200,94,106
102900009,620,152,468
102900010,697,538,159
102900011,2378,301,2077
102900012,341,45,296
102900013,13,77,-64
102900015,870,209,661
102900016,54,119,-65
102900017,97,704,-607
102900018,13,184,-171
102900019,362,597,-235
102900020,62,39,23
102900021,8,125,-117
102900022,268,51,217
102900023,19,52,-33
102900024,19,55,-36
102900025,321,109,212
102900026,613,1057,-444
102900027,42,55,-13
102900028,73,319,-246
102900029,89,106,-17
102900030,306,172,134
102900031,76,137,-61
102900032,22,130,-108
102900033,98,237,-139
102900034,149,103,46
102900035,36,523,-487
102900036,118,698,-580
102900037,163,844,-681
102900038,310,691,-381
102900039,17,427,-410
102900040,141,240,-99
102900041,36,206,-170
102900042,112,322,-210
102900043,72,301,-229
102900044,656,2177,-1521
102900045,106,654,-548
102900046,83,363,-280
102900047,49,694,-645
102900048,389,813,-424
102900049,69,329,-260
102900050,296,392,-96
102900051,165,154,11
102900052,38,22,16
102900053,330,809,-479
102900054,871,843,28
102900055,64,136,-72
102900056,194,558,-364
102900057,3,43,-40
102900058,263,61,202
102900059,13,67,-54
102900060,65,450,-385
102900061,63,480,-417
102900062,98,1675,-1577
102900063,505,399,106
102900064,200,445,-245
102900065,1667,715,952
102900066,308,39,269
102900068,49,90,-41
102900070,194,732,-538
102900072,14,30,-16
102900073,137,8,129
102900075,8,14,-6
102900076,361,42,319
102900077,39,28,11
102900078,25,86,-61
102900079,258,16,242
102900080,326,19,307
102900081,71,228,-157
102900082,21,255,-234
102900083,368,13,355
102900084,4,18,-14
102900085,85,56,29
102900086,4,22,-18
102900087,51,110,-59
102900088,21,37,-16
102900089,281,143,138
102900090,4,524,-520
102900091,73,3,70
102900092,171,1169,-998
102900093,196,164,32
102900094,0,40,-40
102900095,38,6,32
102900096,26,10,16
102900097,6,135,-129
103000001,1925,2449,-524
103000002,1800,2033,-233
103000003,3092,2441,651
103000004,1041,694,347
103000005,2103,2373,-270
103000006,522,1463,-941
103000007,397,939,-542
103000008,989,1092,-103
103000009,775,835,-60
103000010,102,112,-10
103000011,1931,997,934
103000012,1065,1210,-145
103000013,7782,1976,5806
103000014,1283,1480,-197
103000015,2635,827,1808
103000016,679,883,-204
103000017,136,330,-194
103000018,1039,424,615
103000019,125,204,-79
103000020,1717,1454,263
103000021,1148,1187,-39
103000022,823,1317,-494
103000023,324,1044,-720
103000024,118,181,-63
103000025,49,292,-243
103000026,2115,136,1979
103000027,273,372,-99
103000028,1056,391,665
103000029,516,243,273
103000030,2631,573,2058
103000031,2020,1250,770
103000032,2085,1698,387
103000033,2502,2249,253
103000034,2094,939,1155
103000035,466,880,-414
103000036,422,418,4
103000037,883,502,381
103000038,582,758,-176
103000039,258,586,-328
103000040,185,1378,-1193
103000041,1458,3113,-1655
103000042,617,792,-175
103000043,312,1375,-1063
103000044,150,343,-193
103000046,213,319,-106
103000047,378,795,-417
103000048,131,140,-9
103000049,97,219,-122
103000050,489,752,-263
103000051,238,578,-340
103000052,709,468,241
103000053,124,358,-234
103000054,1560,1081,479
103000055,1357,1612,-255
103000056,407,2511,-2104
103000057,427,336,91
103000058,291,1052,-761
103000059,265,840,-575
103000060,702,886,-184
103000061,347,822,-475
103000062,972,903,69
103000063,597,709,-112
103000064,79,310,-231
103000065,8,349,-341
103000066,85,9,76
103000069,167,411,-244
103000070,558,1278,-720
103000071,549,382,167
103000072,71,1102,-1031
103000073,244,113,131
103000074,436,55,381
103000075,78,970,-892
103000076,179,176,3
103000077,35,457,-422
103000078,1209,281,928
103000079,1551,468,1083
103000080,1364,185,1179
103000081,611,719,-108
103000082,316,206,110
103000083,88,401,-313
103000084,138,9,129
103000085,3,75,-72
103000086,550,302,248
103000087,98,423,-325
103000088,335,353,-18
103000089,181,305,-124
103000090,1325,953,372
103000091,507,438,69
103000092,215,349,-134
103000093,279,560,-281
103000094,107,152,-45
103000095,28,419,-391
103000096,690,114,576
103000097,62,781,-719
103000098,874,138,736
103000099,365,686,-321
103000100,54,1101,-1047
103000101,581,152,429
103000102,95,775,-680
103000103,341,228,113
103000104,50,200,-150
103000105,82,166,-84
103000106,17,98,-81
103000107,227,79,148
103000108,391,497,-106
103000109,315,315,0
103000110,349,345,4
103000111,576,443,133
103000112,297,266,31
103000113,602,673,-71
103000114,715,369,346
103000115,301,468,-167
103000116,385,506,-121
103000117,103,486,-383
103000118,1263,1164,99
103000119,2106,750,1356
103000120,74,142,-68
103000121,238,529,-291
103000122,235,219,16
103000125,14,674,-660
103000126,305,12,293
103000127,1,330,-329
103000128,89,2,87
103000129,2,204,-202
103000130,26,37,-11
103000131,282,83,199
103000132,59,183,-124
103000133,5,243,-238
103000134,806,569,237
103000135,1010,211,799
103000136,734,300,434
103000137,508,544,-36
103000138,921,624,297
103000139,0,31,-31
103000140,101,12,89
103000141,18,79,-61
103000142,118,68,50
103000143,27,191,-164
103000144,157,86,71
103000145,38,44,-6
103000150,61,70,-9
103000152,241,268,-27
103000153,102,139,-37
103000156,3,665,-662
103000157,196,3,193
103000159,125,124,1
103000162,63,35,28
103000163,2,7,-5
103000164,6,11,-5
103000165,140,513,-373
103000166,101,177,-76
103000167,125,105,20
103000168,65,179,-114
103000169,133,349,-216
103000170,488,508,-20
103000171,38,74,-36
103000172,195,386,-191
103000173,147,953,-806
103000174,125,303,-178
103000175,109,517,-408
103000176,683,223,460
103000177,780,437,343
103000178,476,347,129
103000179,75,21,54
103000183,46,43,3
103000185,35,112,-77
103000186,46,178,-132
103000187,160,799,-639
103000188,12,87,-75
103000189,750,1132,-382
103000191,644,855,-211
103000292,2957,968,1989
103000293,1968,990,978
103000295,125,80,45
103000296,347,4,343
103000297,223,28,195
103000504,173,11,162
103000505,13,9,4
103000506,0,244,-244
103000507,106,2,104
103000508,59,38,21
103000509,216,656,-440
103900001,3,515,-512
103900002,2001,162,1839
103900003,1876,94,1782
103900004,17,0,17
103900005,2,305,-303
103900006,0,0,0
103900007,17,6,11
103900008,3,3,0
103900009,152,326,-174
103900010,80,252,-172
103900011,78,290,-212
103900012,3,14,-11
103900013,16,90,-74
103900014,38,38,0
103900015,28,20,8
103900016,210,282,-72
103900017,15,104,-89
103900018,722,161,561
103900019,48,154,-106
103900020,105,223,-118
103900021,960,45,915
103900022,868,637,231
103900023,69,0,69
103900024,100,736,-636
103900025,5,51,-46
103900026,37,0,37
103900027,258,284,-26
103900028,9,187,-178
103900029,617,128,489
103900030,100,22,78
103900031,5,0,5
103900032,44,25,19
103900033,64,8,56
103900034,21,296,-275
103900035,30,60,-30
103900036,24,28,-4
103900037,46,25,21
103900038,57,109,-52
103900039,21,563,-542
103900040,1,272,-271
103900041,6,27,-21
103900042,24,477,-453
103900043,64,136,-72
103900044,333,118,215
103900045,117,138,-21
103900047,17,40,-23
103900048,79,12,67
103900049,185,1323,-1138
103900050,3,81,-78
103900051,0,38,-38
103900052,88,647,-559
103900053,81,1281,-1200
103900054,43,688,-645
103900055,297,241,56
103900056,25,59,-34
103900057,6,332,-326
103900058,58,891,-833
103900059,0,0,0
103900060,12,241,-229
103900061,26,44,-18
103900062,90,42,48
103900063,0,0,0
103900064,28,3,25
103900065,921,310,611
103900066,38,3,35
103900067,35,10,25
103900068,1,0,1
103900069,55,0,55
103900070,65,308,-243
103900071,18,200,-182
103900072,8,384,-376
103900073,27,9,18
103900074,27,98,-71
103900075,132,79,53
103900076,209,809,-600
103900077,81,35,46
103900078,60,117,-57
103900079,94,330,-236
103900080,9,17,-8
103900081,64,1,63
103900082,2,68,-66
103900083,2515,296,2219
103900084,42,134,-92
103900085,89,108,-19
103900086,236,234,2
103900087,6,37,-31
103900088,394,201,193
103900089,43,188,-145
103900090,2,273,-271
103900091,785,311,474
103900092,205,532,-327
103900093,115,580,-465
103900094,9,201,-192
103900095,140,181,-41
103900096,10,427,-417
103900097,4,559,-555
103900098,120,63,57
103900099,15,306,-291
103900100,94,412,-318
103900101,42,1018,-976
103900102,0,38,-38
103900104,3,32,-29
103900105,94,206,-112
103900106,0,16,-16
103900107,75,226,-151
103900108,32,476,-444
103900109,48,89,-41
103900110,166,50,116
103900111,22,936,-914
103900112,3,41,-38
103900113,136,137,-1
103900114,520,332,188
103900115,207,73,134
103900116,8165,1192,6973
103900117,227,148,79
103900119,24,43,-19
103900120,27,112,-85
103900122,40,455,-415
103900123,1639,526,1113
103900124,36,681,-645
103900125,44,86,-42
103900126,201,577,-376
103900127,78,834,-756
103900128,24,244,-220
103900131,10,169,-159
103900133,587,29,558
103900134,0,3,-3
103900135,16,7,9
103900137,0,35,-35
103900138,36,488,-452
103900139,273,887,-614
103900140,0,36,-36
103900141,202,108,94
103900142,70,229,-159
103900143,17,3,14
103900144,0,74,-74
103900145,107,316,-209
103900146,217,393,-176
103900147,295,161,134
103900148,70,228,-158
103900149,73,880,-807
103900150,8649,1857,6792
103900151,31,155,-124
103900152,132,977,-845
103900153,3,1,2
103900154,1510,760,750
103900155,9,264,-255
103900156,12,230,-218
103900157,11,281,-270
103900158,22,242,-220
103900159,47,73,-26
103900160,12,11,1
103900161,48,184,-136
103900162,50,244,-194
103900163,3,412,-409
103900167,15,59,-44
103900168,54,153,-99
103900169,17,23,-6
103900170,2,109,-107
103900171,2,76,-74
103900172,15,32,-17
103900173,5,7,-2
103900174,59,65,-6
103900175,54,34,20
103900176,8,17,-9
103900177,9,48,-39
103900178,32,83,-51
103900179,24,192,-168
103900180,10,136,-126
103900181,72,18,54
103900182,32,6,26
103900184,572,31,541
103900185,191,76,115
103900187,79,42,37
103900188,19,9,10
103900189,133,9,124
103900190,30,43,-13
103900191,14,48,-34
103900192,42,79,-37
103900193,222,137,85
103900194,42,467,-425
103900195,8,24,-16
103900196,9,16,-7
103900197,2,37,-35
103900198,17,52,-35
103900199,63,91,-28
103900200,81,155,-74
103900201,65,237,-172
103900202,5,63,-58
103900203,5,18,-13
103900204,2,133,-131
103900207,1,164,-163
103900208,19,0,19
103900209,3,141,-138
103900210,12,29,-17
103900211,334,720,-386
103900212,39,547,-508
103900213,124,244,-120
103900214,191,79,112
103900215,666,229,437
103900216,5,504,-499
103900217,361,49,312
103900218,5,229,-224
103900219,37,363,-326
103900233,63,3,60
103900235,39,22,17
103900236,21,1,20
103900242,3,8,-5
103900243,4,3,1
103900244,40,399,-359
103900245,49,308,-259
103900246,26,36,-10
103900247,18,125,-107
103900248,1,11,-10
103900249,9,48,-39
103900250,29,20,9
103900251,0,24,-24
103900253,18,24,-6
103900254,7,8,-1
103900255,4,11,-7
103900256,16,6,10
103900257,81,58,23
103900258,30,1,29
103900259,83,13,70
103900261,8,1,7
103900262,13,3,10
103900263,73,51,22
103900264,92,10,82
103900265,25,4,21
103900266,0,43,-43
103900267,4,65,-61
103900268,7,134,-127
103900269,88,37,51
103900270,11,148,-137
103900271,22,240,-218
103900272,39,90,-51
103900273,9,78,-69
103900274,29,26,3
103900275,22,19,3
103900276,4,200,-196
103900277,2,230,-228
103900278,1,8,-7
103900279,0,1,-1
104000001,1832,2165,-333
104000002,1235,2625,-1390
104000003,2311,2315,-4
104000004,3590,2643,947
104000005,856,1910,-1054
104000006,2419,3019,-600
104000007,3907,3877,30
104000008,237,590,-353
104000009,65,116,-51
104000010,119,172,-53
104000011,788,521,267
104000012,154,542,-388
104000013,105,117,-12
104000014,198,882,-684
104000015,198,189,9
104000016,421,528,-107
104000018,420,169,251
104000019,357,104,253
104000020,174,1090,-916
104000021,274,831,-557
104000022,111,345,-234
104000023,394,349,45
104000024,196,474,-278
104000026,49,353,-304
104000027,217,490,-273
104000028,254,235,19
104000029,411,656,-245
104000030,172,234,-62
104000031,597,296,301
104000032,204,483,-279
104000033,371,320,51
104000034,283,463,-180
104000035,476,482,-6
104000036,328,691,-363
104000037,192,413,-221
104000038,241,259,-18
104000039,167,535,-368
104000040,525,552,-27
104000041,458,313,145
104000042,187,515,-328
104000043,236,466,-230
104000044,173,875,-702
104000045,667,1307,-640
104000046,1438,1823,-385
104000047,889,1544,-655
104000048,1174,2367,-1193
104000049,225,315,-90
104000050,191,537,-346
104000051,64,906,-842
104000052,899,1541,-642
104000053,598,640,-42
104000054,429,705,-276
104000055,4243,3495,748
104000056,1843,218,1625
104000057,83,646,-563
104000058,540,782,-242
104000059,421,1276,-855
104000060,608,1094,-486
104000061,935,1514,-579
104000062,179,153,26
104000064,670,278,392
104000065,111,377,-266
104000069,1690,495,1195
104000070,42,408,-366
104000071,123,419,-296
104000072,685,208,477
104000075,49,283,-234
104000076,512,142,370
104000082,2111,2415,-304
104000083,705,220,485
104000084,101,517,-416
104000085,196,263,-67
104000086,144,436,-292
104000087,523,993,-470
104000090,553,1850,-1297
104000092,550,3320,-2770
104000094,704,2595,-1891
104000095,1299,1503,-204
104000096,779,477,302
104000097,1075,1378,-303
104000098,1012,1546,-534
104000100,990,789,201
104000101,868,2684,-1816
104000106,90,550,-460
104000107,593,604,-11
104000108,331,672,-341
104000109,213,51,162
104000110,780,977,-197
104000111,6449,1575,4874
104000112,3067,527,2540
104000116,2,1547,-1545
104000117,99,1161,-1062
104000118,291,268,23
104000119,347,257,90
104000120,183,1241,-1058
104000121,151,700,-549
104000122,454,781,-327
104000123,1013,1788,-775
104000124,1909,3150,-1241
104000125,5902,2770,3132
104000126,270,480,-210
104000127,1617,4882,-3265
104000128,916,583,333
104000129,461,34,427
104000130,11,180,-169
104000131,1176,864,312
104000132,684,1029,-345
104000133,1033,871,162
104000134,942,1394,-452
104000135,412,910,-498
104000136,996,2158,-1162
104000137,1944,252,1692
104000138,1676,455,1221
104000139,11498,3253,8245
104000141,1576,2021,-445
104000142,546,1198,-652
104000143,436,958,-522
104000144,60,182,-122
104000145,415,180,235
104000146,479,650,-171
104000147,116,458,-342
104000148,214,187,27
104000149,195,562,-367
104000150,606,400,206
104000151,325,831,-506
104000152,436,997,-561
104000153,257,380,-123
104000154,1234,907,327
104000155,315,456,-141
104000157,1235,2009,-774
104000158,456,303,153
104000159,479,370,109
104000160,1581,1376,205
104000161,177,203,-26
104000162,31,127,-96
104000165,1437,1189,248
104000167,406,572,-166
104000168,464,2,462
104000169,46,49,-3
104000170,971,299,672
104000248,150,907,-757
104000251,42,448,-406
104000272,0,0,0
104000273,0,0,0
104000274,0,0,0
104000275,0,0,0
104000279,735,567,168
104000290,48,425,-377
104000291,477,1090,-613
104000293,592,652,-60
104000294,7,0,7
104000295,425,831,-406
104000296,198,852,-654
104000297,937,1680,-743
104000298,2227,1027,1200
104000299,598,1312,-714
104900001,85,497,-412
104900002,15,95,-80
104900003,19,513,-494
104900004,67,451,-384
104900005,126,181,-55
104900006,121,85,36
104900007,164,295,-131
104900009,87,532,-445
104900010,24,12,12
104900011,8,1,7
104900012,121,10,111
104900013,120,7,113
104900014,4781,421,4360
104900015,85,2,83
104900016,108,354,-246
104900017,39,173,-134
104900018,5,254,-249
104900019,275,1147,-872
104900020,26,314,-288
104900021,1,407,-406
104900022,22,174,-152
104900023,0,213,-213
104900024,20,105,-85
104900025,46,423,-377
104900026,0,165,-165
104900027,193,243,-50
104900028,33,106,-73
104900029,48,109,-61
104900030,292,195,97
104900031,151,278,-127
104900032,30,251,-221
104900033,105,190,-85
104900034,238,84,154
104900035,113,73,40
104900036,74,52,22
104900037,63,330,-267
104900038,665,456,209
104900039,1058,181,877
104900040,164,91,73
104900041,179,132,47
104900042,98,476,-378
104900043,8,44,-36
104900044,253,186,67
104900045,274,40,234
104900046,69,149,-80
104900047,183,175,8
104900048,146,98,48
104900049,11,5,6
104900050,77,78,-1
104900051,150,40,110
104900052,42,1,41
104900053,226,57,169
104900054,210,44,166
104900055,27,0,27
104900056,71,4,67
104900057,7,2,5
104900058,1189,135,1054
104900059,20,39,-19
104900060,2,316,-314
104900061,289,791,-502
104900063,1,170,-169
104900064,0,149,-149
104900065,0,112,-112
104900066,1,211,-210
104900067,4,289,-285
104900068,11,278,-267
104900070,65,301,-236
104900071,0,897,-897
104900072,33,234,-201
104900073,26,351,-325
104900074,40,221,-181
104900075,55,80,-25
104900076,61,569,-508
104900077,1370,108,1262
104900078,120,1022,-902
104900079,107,207,-100
104900080,28,638,-610
104900082,18,386,-368
104900085,3,313,-310
104900087,352,2,350
104900089,99,0,99
104900090,384,504,-120
104900091,464,1175,-711
104900093,252,637,-385
104900097,3682,1213,2469
104900098,42,50,-8
104900099,136,391,-255
104900100,769,242,527
104900102,18,284,-266
104900103,506,98,408
104900104,4295,1219,3076
104900106,44,157,-113
104900107,32,384,-352
104900108,11,381,-370
104900109,58,267,-209
104900110,6,39,-33
104900111,163,138,25
104900112,121,1216,-1095
104900113,396,482,-86
104900114,182,860,-678
104900115,401,610,-209
104900116,91,439,-348
104900118,11,87,-76
104900119,1,25,-24
104900120,95,70,25
104900121,0,141,-141
104900122,2,104,-102
104900123,23,1,22
104900124,12,0,12
104900125,417,5,412
104900126,47,58,-11
104900127,19,35,-16
104900128,57,172,-115
104900129,3310,845,2465
105000001,1785,1864,-79
105000002,1804,1881,-77
105000003,2379,4220,-1841
105000004,446,1166,-720
105000005,608,1298,-690
105000006,796,1453,-657
105000007,668,1121,-453
105000008,721,1440,-719
105000009,1068,2793,-1725
105000010,3350,2913,437
105000011,1907,1985,-78
105000012,5079,3778,1301
105000013,692,1005,-313
105000014,1317,1971,-654
105000015,8089,6292,1797
105000016,4005,2011,1994
105000017,1628,1195,433
105000018,1374,1017,357
105000019,1571,1066,505
105000020,204,308,-104
105000021,312,133,179
105000022,139,23,116
105000023,368,241,127
105000028,45,131,-86
105000029,263,795,-532
105000030,4269,4057,212
105000033,1173,2478,-1305
105000034,132,482,-350
105000037,661,589,72
105000038,2016,1344,672
105000039,4135,2546,1589
105000040,700,664,36
105000041,832,1693,-861
105000042,3785,1059,2726
105000043,2996,2861,135
105000044,262,342,-80
105000045,295,1058,-763
105000046,456,421,35
105000047,369,1744,-1375
105000048,303,194,109
105000049,225,773,-548
105000050,378,430,-52
105000051,190,540,-350
105000052,414,1004,-590
105000053,104,144,-40
105000054,169,1094,-925
105000055,301,469,-168
105000056,630,2813,-2183
105000057,930,1158,-228
105000058,1334,1626,-292
105000059,466,467,-1
105000060,375,689,-314
105000061,282,482,-200
105000062,679,1197,-518
105000063,353,794,-441
105000064,555,626,-71
105000065,327,1212,-885
105000066,945,2452,-1507
105000067,667,537,130
105000068,439,1108,-669
105000069,2993,572,2421
105000070,811,844,-33
105000071,225,422,-197
105000072,675,943,-268
105000073,533,485,48
105000074,826,1052,-226
105000075,533,973,-440
105000076,1170,1207,-37
105000077,1874,869,1005
105000078,1469,1106,363
105000079,1867,1740,127
105000080,1686,984,702
105000081,975,675,300
105000082,463,450,13
105000083,1119,740,379
105000084,453,1250,-797
105000085,1068,1054,14
105000086,411,942,-531
105000087,2611,1997,614
105000088,1806,1428,378
105000089,4310,2875,1435
105000090,1234,1095,139
105000091,2357,2347,10
105000092,629,1365,-736
105000093,346,254,92
105000094,237,242,-5
105000095,60,480,-420
105000096,859,725,134
105000097,982,725,257
105000098,478,573,-95
105000099,641,1097,-456
105000100,1029,1187,-158
105000101,1585,2347,-762
105000102,3128,1731,1397
105000103,2002,2614,-612
105000104,1279,1019,260
105000105,775,1918,-1143
105000106,803,1477,-674
105000107,595,966,-371
105000108,743,1976,-1233
105000109,790,1691,-901
105000110,450,930,-480
105000111,359,645,-286
105000112,977,1028,-51
105000113,318,492,-174
105000114,4000,1008,2992
105000115,300,672,-372
105000116,391,481,-90
105000117,662,1894,-1232
105000118,144,375,-231
105000119,438,1433,-995
105000120,507,586,-79
105000121,563,1376,-813
105000122,208,402,-194
105000123,991,1631,-640
105000124,925,1020,-95
105000125,450,1962,-1512
105000126,1489,2313,-824
105000127,1720,2087,-367
105000128,335,1593,-1258
105000129,639,329,310
105000130,87,868,-781
105000131,515,380,135
105000132,662,368,294
105000133,347,1160,-813
105000134,341,532,-191
105000135,425,879,-454
105000136,97,459,-362
105000137,262,247,15
105000138,257,403,-146
105000139,814,1111,-297
105000140,196,589,-393
105000141,136,692,-556
105000142,64,523,-459
105000143,231,771,-540
105000144,194,730,-536
105000145,435,585,-150
105000146,416,734,-318
105000147,286,383,-97
105000148,1013,621,392
105000149,1556,1642,-86
105000150,2615,1479,1136
105000151,314,328,-14
105000152,220,698,-478
105000153,414,407,7
105000154,779,967,-188
105000155,210,582,-372
105000156,951,1004,-53
105000157,1051,2181,-1130
105000158,1646,796,850
105000159,353,1524,-1171
105000160,1137,621,516
105000161,609,2347,-1738
105000162,377,1218,-841
105000163,1413,1329,84
105000164,187,382,-195
105000165,1815,3114,-1299
105000166,8865,342,8523
105000167,3194,1150,2044
105000168,189,1087,-898
105000169,269,590,-321
105000170,84,1288,-1204
105000171,1036,378,658
105000172,70,58,12
105000173,33,34,-1
105000174,29,50,-21
105000175,61,121,-60
105000176,71,69,2
105000177,78,117,-39
105000178,88,753,-665
105000179,108,124,-16
105000180,62,115,-53
105000181,50,462,-412
105000182,30,57,-27
105000183,3100,1264,1836
105000184,1721,981,740
105000185,1996,618,1378
105000186,416,1141,-725
105000187,651,280,371
105000188,363,121,242
105000189,231,686,-455
105000190,167,393,-226
105000191,285,509,-224
105000192,95,72,23
105000193,82,157,-75
105000194,169,154,15
105000195,211,1160,-949
105000196,12,83,-71
105000197,201,819,-618
105000198,555,316,239
105000199,187,222,-35
105000200,144,252,-108
105000201,69,11,58
105000203,14,324,-310
105000204,53,122,-69
105000205,87,263,-176
105000207,1055,256,799
105000208,361,351,10
105000209,164,473,-309
105000212,785,1605,-820
105000213,245,165,80
105000214,45,301,-256
105000215,114,362,-248
105000216,84,487,-403
105000217,151,415,-264
105000218,453,1009,-556
105000221,106,322,-216
105000222,81,49,32
105000223,114,174,-60
105000226,11,416,-405
105000227,33,230,-197
105000228,198,682,-484
105000229,48,174,-126
105000231,141,254,-113
105000233,565,582,-17
105000234,548,1485,-937
105000235,177,464,-287
105000237,469,58,411
105000243,19,247,-228
105000248,84,45,39
105000262,211,2135,-1924
105000269,87,178,-91
105000270,194,123,71
105000271,0,311,-311
105000282,88,41,47
105000287,344,165,179
105000288,391,441,-50
105000289,849,849,0
105000290,11,2,9
105000402,5315,1891,3424
105000426,324,562,-238
105000438,770,576,194
105000446,14565,4971,9594
105000447,8914,2924,5990
105000454,132,1088,-956
105000455,229,267,-38
105000474,27,3,24
105000477,188,327,-139
105000478,1002,1813,-811
105000479,69,116,-47
105000480,1609,1871,-262
105000481,1991,2067,-76
105000482,4753,2983,1770
105000483,920,1186,-266
105000484,2330,2728,-398
105000485,987,1374,-387
105000486,3620,2399,1221
105000488,2908,2775,133
105000489,538,771,-233
105000549,13,139,-126
105000550,495,1206,-711
105000551,35,124,-89
105000552,3936,2271,1665
105000555,150,358,-208
105900001,19,831,-812
105900002,1852,451,1401
105900003,12,78,-66
105900004,520,112,408
105900005,4,243,-239
105900006,7,59,-52
105900007,80,6,74
105900008,38,804,-766
105900009,9,7,2
105900011,219,53,166
105900012,612,230,382
105900013,0,23,-23
105900014,7,106,-99
105900015,226,326,-100
105900016,255,888,-633
105900017,562,42,520
105900018,186,253,-67
105900019,178,683,-505
105900020,20,70,-50
105900021,33,488,-455
105900022,228,408,-180
105900023,3,156,-153
105900024,9,229,-220
105900025,46,38,8
105900026,144,42,102
105900027,5215,6739,-1524
105900028,69,143,-74
105900029,2301,384,1917
105900030,165,341,-176
105900031,400,178,222
105900032,40,146,-106
105900033,111,152,-41
105900034,129,299,-170
105900035,140,224,-84
105900036,22,92,-70
105900037,38,78,-40
105900038,97,253,-156
105900039,83,152,-69
105900040,61,105,-44
105900041,148,416,-268
105900042,24,107,-83
105900043,1809,70,1739
105900044,0,171,-171
105900045,1,633,-632
105900046,15,201,-186
105900047,27,16,11
105900048,53,446,-393
105900050,5316,943,4373
105900051,6,1325,-1319
105900052,319,183,136
105900053,4271,1168,3103
105900054,308,271,37
105900056,983,296,687
105900057,22,179,-157
105900058,2,18,-16
105900059,0,23,-23
106000001,4433,1294,3139
106000002,3339,4162,-823
106000003,2893,2442,451
106000004,2450,2702,-252
106000005,2080,5024,-2944
106000006,6050,5213,837
106000007,377,492,-115
106000008,408,319,89
106000009,365,325,40
106000010,498,613,-115
106000011,586,927,-341
106000012,644,1748,-1104
106000013,1299,1845,-546
106000014,1907,2089,-182
106000015,956,1084,-128
106000016,1065,2683,-1618
106000017,578,686,-108
106000018,483,624,-141
106000019,226,447,-221
106000020,182,531,-349
106000021,204,443,-239
106000022,212,367,-155
106000023,416,421,-5
106000024,512,1011,-499
106000025,99,165,-66
106000026,161,420,-259
106000027,690,1369,-679
106000028,384,893,-509
106000029,817,1776,-959
106000030,925,340,585
106000034,144,622,-478
106000035,720,895,-175
106000036,397,338,59
106000037,1527,1509,18
106000038,672,90,582
106000039,179,45,134
106000040,167,760,-593
106000041,759,277,482
106000043,485,76,409
106000046,357,25,332
106000047,37,308,-271
106000049,452,115,337
106000050,231,899,-668
106000051,371,328,43
106000052,62,781,-719
106000053,131,97,34
106000054,267,498,-231
106000055,509,840,-331
106000056,243,632,-389
106000057,166,160,6
106000058,126,215,-89
106000059,98,232,-134
106000060,521,597,-76
106000061,185,356,-171
106000062,134,615,-481
106000063,425,453,-28
106000064,39,476,-437
106000065,166,188,-22
106000066,85,404,-319
106000067,150,103,47
106000068,75,701,-626
106000069,136,100,36
106000070,255,886,-631
106000071,505,296,209
106000072,4699,1339,3360
106000073,1954,2094,-140
106000074,276,605,-329
106000075,242,1085,-843
106000076,1122,1687,-565
106000077,2934,1197,1737
106000078,547,961,-414
106000079,477,1159,-682
106000080,805,910,-105
106000081,406,1100,-694
106000082,2082,1028,1054
106000083,306,1326,-1020
106000084,916,638,278
106000085,1440,1084,356
106000086,561,615,-54
106000087,772,573,199
106000088,335,711,-376
106000089,613,521,92
106000090,173,726,-553
106000091,218,770,-552
106000092,519,244,275
106000093,183,90,93
106000094,91,366,-275
106000095,322,1261,-939
106000096,545,879,-334
106000097,639,1570,-931
106000098,366,1132,-766
106000099,157,1009,-852
106000100,1048,299,749
106000101,3265,287,2978
106000102,364,626,-262
106000103,219,645,-426
106000104,920,436,484
106000105,312,982,-670
106000106,366,477,-111
106000107,61,536,-475
106000108,120,389,-269
106000109,51,378,-327
106000110,106,340,-234
106000111,130,662,-532
106000112,114,407,-293
106000113,1035,753,282
106000114,367,454,-87
106000115,124,608,-484
106000116,104,257,-153
106000117,828,885,-57
106000118,808,1105,-297
106000119,2632,1298,1334
106000120,719,819,-100
106000121,115,172,-57
106000122,50,365,-315
106000123,167,272,-105
106000124,31,473,-442
106000125,11,419,-408
106000126,90,208,-118
106000127,394,1020,-626
106000128,305,424,-119
106000129,290,889,-599
106000130,415,423,-8
106000131,105,664,-559
106000132,851,136,715
106000133,3983,953,3030
106000134,763,2166,-1403
106000135,181,831,-650
106000136,465,523,-58
106000137,46,1573,-1527
106000138,483,52,431
106000139,34,159,-125
106000140,23,144,-121
106000141,59,174,-115
106000142,40,92,-52
106000143,20,149,-129
106000144,30,101,-71
106000145,122,564,-442
106000146,136,234,-98
106000147,317,520,-203
106000148,696,877,-181
106000149,359,394,-35
106000150,371,1648,-1277
106000151,5391,851,4540
106000152,1641,1169,472
106000153,72,1569,-1497
106000154,1650,258,1392
106000155,40,171,-131
106000156,444,455,-11
106000157,500,2045,-1545
106000158,3574,763,2811
106000159,5275,1551,3724
106000160,188,1640,-1452
106000161,1287,611,676
106000162,125,709,-584
106000163,150,622,-472
106000164,164,386,-222
106000165,165,877,-712
106000166,291,291,0
106000167,225,1769,-1544
106000168,165,263,-98
106000169,99,1041,-942
106000170,308,246,62
106000171,85,959,-874
106000172,2284,840,1444
106000173,879,2797,-1918
106000174,962,330,632
106000175,332,1145,-813
106000176,941,571,370
106000177,540,2531,-1991
106000178,2466,1375,1091
106000179,926,2318,-1392
106000180,761,1957,-1196
106000181,360,2356,-1996
106000182,495,691,-196
106000183,514,1128,-614
106000184,718,1160,-442
106000185,496,1142,-646
106000186,782,180,602
106000187,238,822,-584
106000188,0,3,-3
106000189,1,56,-55
106000190,8,6,2
106000191,457,203,254
106000192,0,22,-22
106000193,255,165,90
106000194,153,366,-213
106000195,760,96,664
106000196,215,420,-205
106000197,163,260,-97
106000198,92,361,-269
106000199,871,469,402
106000200,538,196,342
106000201,489,1021,-532
106000202,8007,657,7350
106000203,243,170,73
106000204,21,4,17
106000205,16,168,-152
106000206,51,20,31
106000207,56,996,-940
106000208,478,77,401
106000209,914,260,654
106000210,221,1488,-1267
106000211,381,1673,-1292
106000212,485,153,332
106000213,850,1252,-402
106000214,2899,480,2419
106000215,168,523,-355
106000216,275,349,-74
106000217,192,452,-260
106000218,336,337,-1
106000219,106,255,-149
106000220,404,297,107
106000221,62,326,-264
106000222,15,199,-184
106000223,68,173,-105
106000224,101,431,-330
106000225,26,81,-55
106000226,112,372,-260
106000228,37,150,-113
106000229,67,874,-807
106000231,357,135,222
106000232,56,520,-464
106000233,258,133,125
106000234,56,242,-186
106000235,276,68,208
106000236,186,54,132
106000237,0,5,-5
106000238,15,4,11
106000239,8,92,-84
106000240,65,0,65
106000241,15,832,-817
106000242,120,20,100
106000249,39,89,-50
106000250,43,460,-417
106000251,28,12,16
106000252,45,106,-61
106000253,7,29,-22
106000254,40,71,-31
106000255,6,63,-57
106000256,78,115,-37
106000257,87,342,-255
106000258,162,17,145
106000259,3,27,-24
106000260,4,3,1
106000261,1,49,-48
106000262,36,19,17
106000263,1,74,-73
106000264,231,12,219
106000265,7,139,-132
106000266,112,5,107
106000267,6,101,-95
106000268,416,19,397
106000269,53,75,-22
106000270,150,432,-282
106000271,36,211,-175
106000272,73,54,19
106000273,11,181,-170
106000274,155,32,123
106000275,116,169,-53
106000276,158,66,92
106000277,131,145,-14
106000278,163,25,138
106000279,5,82,-77
106000280,39,162,-123
106000281,60,78,-18
106000282,47,45,2
106000283,70,116,-46
106000284,32,110,-78
106000285,89,112,-23
106000286,62,190,-128
106000287,75,113,-38
106000288,88,175,-87
106000289,67,98,-31
106000290,49,105,-56
106000291,44,93,-49
106000292,83,141,-58
106000293,54,95,-41
106000294,92,141,-49
106000295,33,51,-18
106000296,67,108,-41
106000297,75,181,-106
106000298,144,69,75
106000299,52,132,-80
106000300,57,106,-49
106000301,56,105,-49
106000303,12,60,-48
106000304,69,40,29
106000305,29,53,-24
106000306,31,95,-64
106000307,33,20,13
106000308,13,210,-197
106000309,13,101,-88
106000310,165,690,-525
106000311,154,107,47
106000312,63,211,-148
106000313,95,179,-84
106000318,210,222,-12
106000319,442,54,388
106000320,1,51,-50
106000321,312,70,242
106000322,60,279,-219
106000324,3,224,-221
106000325,910,946,-36
106000326,692,1979,-1287
106000327,74,185,-111
106000328,15,83,-68
106000329,30,234,-204
106000330,25,73,-48
106000428,33,199,-166
106000429,92,595,-503
106000430,359,1611,-1252
106000431,1140,261,879
106000432,1448,2673,-1225
106000433,1305,735,570
106000434,2395,809,1586
106000435,2296,2692,-396
106000436,24,367,-343
106000437,143,36,107
106000438,295,111,184
106000439,58,772,-714
106000440,227,476,-249
106000441,0,0,0
106000442,77,7,70
106000443,61,678,-617
106000450,0,271,-271
106000451,32,15,17
106000454,2,106,-104
106000455,21,205,-184
106000456,159,26,133
106000457,2,1361,-1359
106000458,216,167,49
106000459,32,475,-443
106000460,422,33,389
106000461,21,2300,-2279
106000462,0,8,-8
106000463,2,21,-19
106000464,5,668,-663
106000465,135,0,135
106000466,2,868,-866
106000467,512,593,-81
106000468,48,218,-170
106000469,231,2,229
106000470,238,1334,-1096
106000471,26,815,-789
106000472,76,8,68
106000473,23,29,-6
106000474,250,824,-574
106000475,184,160,24
106000476,177,146,31
106000477,8,51,-43
106000480,0,36,-36
106900001,0,11,-11
106900002,8,654,-646
106900003,193,870,-677
106900004,1,47,-46
106900006,0,11,-11
106900007,0,13,-13
106900008,80,390,-310
106900009,205,463,-258
106900010,102,347,-245
106900012,2258,1561,697
106900013,505,50,455
106900014,15,0,15
106900015,12,1,11
106900016,86,1,85
106900017,0,0,0
106900018,0,0,0
106900019,14,0,14
106900020,2904,582,2322
106900021,4,31,-27
106900022,209,0,209
106900023,8,340,-332
106900024,515,12,503
106900025,78,654,-576
106900026,4,873,-869
106900027,228,2,226
107000001,1657,1482,175
107000002,3118,4209,-1091
107000003,3408,4364,-956
107000004,5134,6695,-1561
107000005,1694,3505,-1811
107000006,3420,7710,-4290
107000007,4909,5877,-968
107000008,21629,13313,8316
107000009,4582,4438,144
107000010,12270,14570,-2300
107000011,1143,1318,-175
107000012,4632,4003,629
107000013,33,147,-114
107000014,17,236,-219
107000015,352,853,-501
107000016,289,1264,-975
107000017,6896,1105,5791
107000018,35,449,-414
107000020,4450,492,3958
107000021,1427,1183,244
107000022,1427,2090,-663
107000023,1575,425,1150
107000024,519,2585,-2066
107000025,89,460,-371
107000026,138,864,-726
107000027,1002,1119,-117
107000028,1218,1806,-588
107000029,1678,1858,-180
107000030,3296,3683,-387
107000031,2034,1988,46
107000032,230,1016,-786
107000033,4001,5997,-1996
107000034,5799,2527,3272
107000035,290,178,112
107000036,406,1005,-599
107000037,84,626,-542
107000038,239,305,-66
107000039,556,516,40
107000040,125,371,-246
107000041,1238,565,673
107000042,726,1763,-1037
107000043,3315,902,2413
107000044,831,452,379
107000045,98,336,-238
107000046,489,382,107
107000047,350,892,-542
107000048,446,368,78
107000049,575,820,-245
107000050,696,452,244
107000051,511,326,185
107000052,939,736,203
107000053,259,115,144
107000054,110,325,-215
107000055,132,90,42
107000056,353,983,-630
107000057,1669,222,1447
107000058,1387,1835,-448
107000059,2414,3291,-877
107000060,3066,4788,-1722
107000061,5689,4470,1219
107000062,2171,2800,-629
107000063,3731,6888,-3157
107000064,2456,1982,474
107000065,3286,6446,-3160
107000066,1999,2478,-479
107000067,760,1054,-294
107000068,1781,701,1080
107000069,453,364,89
107000070,264,5,259
107000071,1142,17,1125
107000072,42,4414,-4372
107000073,220,153,67
107000074,183,1085,-902
107000075,913,238,675
107000076,786,2069,-1283
107000077,1848,490,1358
107000078,1734,3945,-2211
107000079,1355,432,923
107000080,1063,3790,-2727
107000081,728,405,323
107000082,525,3240,-2715
107000083,761,216,545
107000084,541,3131,-2590
107000085,2753,3174,-421
107000086,3956,3109,847
107000087,2169,2074,95
107000088,2713,3457,-744
107000089,1047,1826,-779
107000090,964,1253,-289
107000091,819,1023,-204
107000092,601,1302,-701
107000093,689,827,-138
107000094,761,1677,-916
107000095,402,672,-270
107000096,529,1087,-558
107000097,396,296,100
107000098,363,918,-555
107000099,459,220,239
107000100,354,377,-23
107000101,66,145,-79
107000102,331,349,-18
107000103,293,154,139
107000104,174,284,-110
107000105,189,140,49
107000106,138,352,-214
107000107,303,165,138
107000108,73,928,-855
107000109,309,124,185
107000110,66,602,-536
107000111,79,42,37
107000112,17,448,-431
107000113,261,72,189
107000114,70,757,-687
107000115,216,70,146
107000116,82,1192,-1110
107000117,75,213,-138
107000118,187,325,-138
107000119,2085,956,1129
107000120,2952,412,2540
107000121,344,736,-392
107000122,1012,1052,-40
107000123,178,889,-711
107000124,376,981,-605
107000125,391,951,-560
107000126,483,1397,-914
107000129,131,1140,-1009
107000130,145,178,-33
107000131,276,766,-490
107000132,419,342,77
107000133,926,174,752
107000134,260,2,258
107000135,4,197,-193
107000136,601,8,593
107000137,11,391,-380
107000138,373,24,349
107000139,15,313,-298
107000140,716,40,676
107000141,89,889,-800
107000142,202,51,151
107000143,38,1064,-1026
107000144,215,351,-136
107000145,134,756,-622
107000146,164,247,-83
107000147,2875,692,2183
107000150,1039,2104,-1065
107000151,35,28,7
107000152,508,423,85
107000153,338,341,-3
107000154,215,56,159
107000155,413,35,378
107000156,826,43,783
107000157,38,3219,-3181
107000158,256,21,235
107000159,50,1611,-1561
107000160,366,80,286
107000161,69,2421,-2352
107000162,131,271,-140
107000163,17,0,17
107000164,115,0,115
107000165,252,1,251
107000166,70,1689,-1619
107000167,279,263,16
107000168,579,301,278
107000169,1102,1456,-354
107000170,816,454,362
107000171,679,3593,-2914
107000172,503,616,-113
107000173,700,1552,-852
107000174,1097,2726,-1629
107000175,13085,2124,10961
107000176,0,0,0
107000177,0,0,0
107000178,2,49,-47
107000179,221,3572,-3351
107000180,551,395,156
107000181,250,1560,-1310
107000182,739,982,-243
107000183,101,1214,-1113
107000184,432,774,-342
107000185,319,1499,-1180
107000186,556,334,222
107000187,1101,1193,-92
107000188,508,449,59
107000189,325,947,-622
107000190,354,793,-439
107000191,361,905,-544
107000192,1124,1066,58
107000193,348,379,-31
107000194,997,794,203
107000197,360,219,141
107000198,168,809,-641
107000199,662,838,-176
107000200,1022,571,451
107000201,325,286,39
107000202,228,566,-338
107000203,837,668,169
107000204,913,828,85
107000205,3340,1541,1799
107000206,1071,1144,-73
107000207,928,1211,-283
107000208,1821,332,1489
107000209,2647,588,2059
107000210,1673,281,1392
107000211,6,13,-7
107000212,24,300,-276
107000213,14,29,-15
107000214,5,178,-173
107000215,269,558,-289
107000216,134,589,-455
107000217,77,179,-102
107000219,55,145,-90
107000220,88,390,-302
107000222,195,884,-689
107000224,256,33,223
107000225,193,1016,-823
107000226,170,75,95
107000227,106,679,-573
107000228,113,141,-28
107000229,233,129,104
107000230,993,492,501
107000231,852,402,450
107000232,50,83,-33
107000233,636,287,349
107000234,0,20,-20
107000235,63,11,52
107000236,13,907,-894
107000237,4,0,4
107000238,32,0,32
107000239,6325,451,5874
107000240,49,1359,-1310
107000241,129,27,102
107000242,695,56,639
107000243,0,51,-51
107000244,11,66,-55
107000246,0,1289,-1289
107000249,5,1077,-1072
107000251,0,347,-347
107000252,7,1620,-1613
107000255,724,84,640
107000257,2,625,-623
107000258,2,162,-160
107000259,2,320,-318
107000260,167,2,165
107000262,4,1065,-1061
107000263,131,3,128
107000266,3,4,-1
107000267,52,206,-154
107000268,156,264,-108
107000269,170,44,126
107000270,1,10,-9
107000271,12,1194,-1182
107000272,5,303,-298
107000273,10,336,-326
107000274,2330,394,1936
107000275,149,850,-701
107000280,262,17,245
107000281,26,1373,-1347
107000282,41,1690,-1649
107000290,6,37,-31
107000291,6,23,-17
107000292,1,47,-46
107000293,133,6,127
107000294,0,62,-62
107000295,57,6,51
107000296,0,8,-8
107000444,198,6,192
107000496,1,19,-18
107000497,1348,3965,-2617
107000500,275,440,-165
107000501,87,184,-97
107000502,152,469,-317
107000505,689,860,-171
107000506,1,20,-19
107000508,5,927,-922
107000509,221,812,-591
107000510,21,18,3
107000514,22,287,-265
107000515,24,389,-365
107000516,114,202,-88
107000518,553,458,95
107000519,4217,1303,2914
107000520,33,11,22
107000521,211,613,-402
107000522,379,776,-397
107900001,19,379,-360
107900002,24,1,23
107900003,87,6,81
107900004,38,2,36
107900005,299,0,299
107900006,54,1,53
107900007,105,23,82
107900008,35,36,-1
107900009,129,4,125
107900010,9,0,9
107900012,218,6,212
107900013,247,56,191
107900014,23,2,21
107900015,266,4,262
107900016,758,115,643
107900017,13,3,10
107900018,21,46,-25
107900019,9,81,-72
107900020,76,10,66
107900021,26,184,-158
107900023,3,1,2
107900024,0,17,-17
107900025,229,417,-188
107900026,15,134,-119
107900027,69,146,-77
107900028,17,150,-133
107900030,146,9,137
107900031,52,280,-228
107900032,2,2,0
107900033,12,3,9
107900034,174,7,167
107900035,317,2,315
107900036,29,1,28
107900037,0,38,-38
107900038,153,79,74
107900039,5,65,-60
107900040,162,56,106
107900041,0,1,-1
107900043,46,157,-111
107900044,3,0,3
107900045,28,17,11
107900046,65,30,35
107900047,8,106,-98
107900048,69,5,64
107900049,297,1766,-1469
107900050,70,419,-349
107900051,27,101,-74
107900052,42,11,31
107900053,10,86,-76
107900055,472,211,261
107900056,102,9,93
107900057,0,0,0
107900058,33,882,-849
107900060,12,70,-58
107900061,21,4,17
107900063,44,90,-46
107900064,238,39,199
107900065,60,9,51
107900066,6,5,1
107900067,0,0,0
107900068,119,350,-231
107900069,19,555,-536
107900070,39,10,29
107900071,17,1202,-1185
107900072,32,289,-257
107900073,28,148,-120
107900074,1111,82,1029
107900076,60,76,-16
107900077,18,0,18
107900078,242,18,224
107900079,5,6,-1
107900080,100,209,-109
107900081,10,136,-126
107900082,31,9,22
107900083,184,107,77
107900084,54,126,-72
107900086,43,77,-34
107900087,334,48,286
107900088,7,9,-2
107900089,359,1351,-992
107900090,487,891,-404
107900091,151,570,-419
107900092,2198,507,1691
107900093,52,61,-9
107900095,3234,1068,2166
107900097,16,44,-28
107900098,51,145,-94
107900100,1138,563,575
107900101,1177,124,1053
107900102,28,11,17
107900103,48,186,-138
107900104,113,16,97
107900105,1,630,-629
107900106,4,1445,-1441
107900107,1738,179,1559
107900108,317,56,261
107900109,396,6,390
107900110,13,95,-82
107900111,7,1478,-1471
107900112,88,240,-152
107900113,73,112,-39
107900114,72,227,-155
107900115,2,63,-61
107900116,48,306,-258
107900117,191,518,-327
107900118,72,174,-102
107900119,56,224,-168
107900120,27,17,10
107900121,0,153,-153
107900122,2,62,-60
107900123,2,17,-15
107900124,10,105,-95
107900125,26,168,-142
107900126,1,36,-35
107900127,643,76,567
107900128,147,48,99
107900129,16,41,-25
107900130,25,24,1
107900131,219,21,198
107900132,95,493,-398
107900133,1,92,-91
107900134,21,14,7
107900135,2,201,-199
107900136,50,16,34
107900137,62,94,-32
107900138,34,28,6
107900139,6,35,-29
107900140,92,66,26
107900141,58,18,40
107900142,47,1173,-1126
107900143,48,43,5
107900144,2,165,-163
107900145,25,99,-74
107900146,24,104,-80
107900147,37,16,21
107900148,121,170,-49
107900149,1946,112,1834
107900150,44,782,-738
107900151,9,162,-153
107900152,18,353,-335
107900153,124,170,-46
107900154,23,9,14
107900155,15,40,-25
107900156,4,505,-501
107900157,26,86,-60
107900158,254,10,244
107900159,43,1322,-1279
107900160,28,220,-192
107900161,4,207,-203
107900162,1,211,-210
107900163,212,44,168
107900164,3,16,-13
107900165,13,37,-24
107900166,5,305,-300
107900167,24,12,12
107900168,10,30,-20
107900169,3,160,-157
107900171,7,2127,-2120
107900172,1,377,-376
107900173,8,283,-275
107900174,34,4,30
107900175,13,17,-4
107900176,11,20,-9
107900177,2,264,-262
107900178,0,293,-293
107900179,4,126,-122
107900180,1106,177,929
107900181,358,438,-80
107900182,3,1822,-1819
107900183,14,490,-476
107900184,34,321,-287
107900185,26,3,23
107900186,11,30,-19
107900187,0,152,-152
107900188,888,90,798
107900189,3,149,-146
107900190,96,46,50
107900191,37,152,-115
107900193,8,21,-13
107900194,158,1,157
107900195,4657,456,4201
107900196,45,68,-23
107900197,434,80,354
107900199,2,1296,-1294
107900201,27,134,-107
107900203,21,78,-57
107900204,230,210,20
107900205,164,496,-332
107900206,317,182,135
107900207,2,788,-786
107900208,8,1039,-1031
107900209,392,104,288
107900210,74,126,-52
107900213,361,360,1
107900214,2,193,-191
107900215,158,288,-130
107900216,84,57,27
107900217,15,47,-32
107900218,13,1793,-1780
107900219,19,182,-163
107900220,169,129,40
107900221,167,271,-104
107900223,73,687,-614
107900224,163,310,-147
107900225,11,1008,-997
107900226,25,130,-105
107900227,88,573,-485
107900228,19,138,-119
107900229,3,338,-335
107900230,7,173,-166
107900231,5,218,-213
107900232,24,260,-236
107900233,9,168,-159
107900234,58,205,-147
107900235,48,111,-63
107900236,41,126,-85
107900237,125,556,-431
107900238,10,97,-87
107900239,1422,392,1030
107900240,4,170,-166
107900241,7,118,-111
107900242,1,420,-419
107900243,15,31,-16
107900244,81,2,79
107900245,156,40,116
107900246,68,7,61
107900248,120,748,-628
107900249,218,3,215
107900250,2,628,-626
107900251,40,1393,-1353
107900252,347,9,338
107900253,66,0,66
107900254,43,613,-570
107900255,446,57,389
107900256,2289,765,1524
107900257,41,63,-22
107900258,49,280,-231
107900259,123,609,-486
107900261,1,612,-611
107900262,34,158,-124
107900264,55,1,54
107900265,50,236,-186
107900267,45,16,29
107900268,53,4,49
107900269,0,6,-6
107900270,0,0,0
107900271,1,2,-1
107900272,107,8,99
107900273,27,52,-25
107900274,23,0,23
107900275,5,0,5
107900276,0,47,-47
107900277,1,200,-199
107900278,86,319,-233
107900279,106,79,27
107900280,2395,1319,1076
107900281,3594,821,2773
107900282,43,136,-93
107900283,1334,386,948
107900284,143,923,-780
107900285,22,126,-104
107900286,114,71,43
107900287,93,128,-35
107900290,0,54,-54
107900291,238,4,234
107900292,111,277,-166
107900293,26,686,-660
107900295,20,159,-139
107900297,1,300,-299
107900298,772,1042,-270
107900299,4139,1400,2739
107900300,22,174,-152
107900301,508,264,244
107900302,103,13,90
107900303,37,295,-258
107900304,83,590,-507
107900305,109,13,96
107900306,17,6,11
107900307,37,270,-233
107900308,180,37,143
107900309,3,0,3
107900310,0,0,0
107900311,134,71,63
107900312,0,0,0
107900313,1,79,-78
107900314,1,78,-77
107900315,0,59,-59
107900316,30,0,30
107900317,30,1,29
107900318,4,153,-149
107900319,4,339,-335
107900320,3,192,-189
107900321,41,4,37
107900322,1,244,-243
107900323,11,174,-163
107900324,120,0,120
107900325,33,0,33
107900326,144,485,-341
107900327,0,1,-1
107900328,0,0,0
107900329,0,0,0
107900330,2,704,-702
107900331,72,34,38
107900332,67,25,42
107900333,19,13,6
107900334,4,262,-258
107900335,47,42,5
107900336,10,28,-18
107900337,1343,340,1003
107900338,0,145,-145
107900339,0,26,-26
107900340,0,54,-54
107900341,15,0,15
107900342,68,232,-164
107900343,15,0,15
107900344,0,73,-73
107900345,66,16,50
107900346,19,2,17
107900347,12,3,9
107900348,4,3,1
107900349,7,3,4
107900350,30,294,-264
108000001,1901,2651,-750
108000002,2561,3676,-1115
108000003,2763,1426,1337
108000004,18088,16981,1107
108000005,3972,2493,1479
108000006,5659,6584,-925
108000007,3541,2769,772
108000008,4861,6481,-1620
108000009,2203,2576,-373
108000010,2700,5515,-2815
108000011,9174,6949,2225
108000012,19097,18384,713
108000014,565,485,80
108000015,333,335,-2
108000016,156,650,-494
108000017,505,381,124
108000018,958,438,520
108000019,1494,492,1002
108000020,890,374,516
108000021,391,1726,-1335
108000022,454,1589,-1135
108000023,752,185,567
108000024,123,833,-710
108000025,121,200,-79
108000026,216,665,-449
108000027,277,535,-258
108000028,147,350,-203
108000029,160,644,-484
108000030,302,226,76
108000031,199,569,-370
108000032,577,436,141
108000033,430,1325,-895
108000034,875,406,469
108000035,775,2842,-2067
108000036,248,1744,-1496
108000037,1060,291,769
108000038,1327,356,971
108000039,414,2750,-2336
108000040,912,581,331
108000041,627,3279,-2652
108000042,91,305,-214
108000043,117,334,-217
108000044,168,189,-21
108000045,138,870,-732
108000046,628,235,393
108000047,336,1223,-887
108000048,133,509,-376
108000049,350,196,154
108000050,81,534,-453
108000051,124,51,73
108000052,364,884,-520
108000053,177,92,85
108000054,531,1049,-518
108000055,659,236,423
108000056,819,961,-142
108000057,390,551,-161
108000058,1732,1998,-266
108000059,3951,1937,2014
108000060,74,305,-231
108000061,126,325,-199
108000062,406,345,61
108000063,333,740,-407
108000064,116,251,-135
108000065,301,766,-465
108000066,1432,658,774
108000067,1070,422,648
108000068,398,296,102
108000069,128,1311,-1183
108000070,816,556,260
108000071,461,2230,-1769
108000072,895,756,139
108000073,1267,2310,-1043
108000074,201,277,-76
108000075,279,966,-687
108000076,453,390,63
108000077,558,904,-346
108000078,1263,1083,180
108000079,1035,2149,-1114
108000080,457,492,-35
108000081,472,3183,-2711
108000082,1100,1920,-820
108000083,1209,673,536
108000084,353,1443,-1090
108000085,250,269,-19
108000086,1024,1023,1
108000087,144,1099,-955
108000088,68,6,62
108000089,239,315,-76
108000090,186,108,78
108000091,99,660,-561
108000092,78,85,-7
108000093,83,1002,-919
108000094,398,130,268
108000095,108,551,-443
108000096,123,172,-49
108000097,60,622,-562
108000098,595,1369,-774
108000099,124,79,45
108000100,21,183,-162
108000101,738,847,-109
108000102,991,1645,-654
108000106,739,1,738
108000107,2,736,-734
108000108,324,33,291
108000109,6,909,-903
108000110,73,210,-137
108000111,89,674,-585
108000112,36,88,-52
108000113,505,354,151
108000115,477,403,74
108000117,786,256,530
108000118,99,102,-3
108000119,762,470,292
108000120,81,535,-454
108000121,207,599,-392
108000122,245,267,-22
108000123,367,319,48
108000124,218,645,-427
108000125,111,425,-314
108000126,86,698,-612
108000127,153,474,-321
108000128,219,992,-773
108000129,146,1781,-1635
108000130,115,391,-276
108000131,527,210,317
108000132,1525,1436,89
108000133,441,390,51
108000134,678,926,-248
108000135,523,232,291
108000136,892,1312,-420
108000137,160,482,-322
108000138,185,1168,-983
108000139,113,428,-315
108000140,15,16,-1
108000141,14,226,-212
108000142,28,153,-125
108000143,28,21,7
108000144,13,11,2
108000145,18,31,-13
108000146,16,9,7
108000147,22,66,-44
108000148,13,5,8
108000149,40,30,10
108000150,13,3,10
108000151,48,8,40
108000152,105,814,-709
108000153,133,99,34
108000154,36,10,26
108000155,4,6,-2
108000156,310,81,229
108000157,90,318,-228
108000158,74,367,-293
108000159,654,96,558
108000160,5828,696,5132
108000161,5233,1227,4006
108000165,2,80,-78
108000172,0,121,-121
108000173,3299,1090,2209
108000175,54,71,-17
108000178,368,380,-12
108000179,198,589,-391
108000181,24,49,-25
108000182,183,13,170
108000183,49,15,34
108000184,1280,1168,112
108000185,98,814,-716
108000186,53,58,-5
108000187,52,1012,-960
108000188,185,257,-72
108000189,434,602,-168
108000190,39,101,-62
108000192,71,759,-688
108000193,632,42,590
108000194,17,8,9
108000195,0,1301,-1301
108000196,172,141,31
108000198,306,379,-73
108000199,1,100,-99
108000200,137,910,-773
108000202,2,175,-173
108000203,66,1222,-1156
108000204,35,24,11
108000205,534,666,-132
108000339,1720,219,1501
108000364,205,147,58
108000365,29,422,-393
108000367,129,438,-309
108000368,5,41,-36
108000369,1704,97,1607
108000371,1,716,-715
108000372,320,0,320
108000373,71,160,-89
108000376,54,14,40
108000377,184,376,-192
108000378,8412,6953,1459
108000379,35,172,-137
108000381,13,21,-8
108000382,68,0,68
108000383,0,93,-93
108900001,131,1342,-1211
108900002,206,51,155
108900003,399,1178,-779
108900004,89,128,-39
108900005,29,122,-93
108900006,300,158,142
108900007,63,178,-115
108900008,47,137,-90
108900009,16,86,-70
108900010,59,158,-99
108900011,222,430,-208
108900012,117,523,-406
108900013,49,281,-232
108900014,7,61,-54
108900015,0,13,-13
108900016,0,237,-237
108900017,119,195,-76
108900018,52,614,-562
108900019,13,1447,-1434
108900020,19,341,-322
108900021,58,344,-286
108900022,74,49,25
108900023,1,47,-46
108900024,4,201,-197
108900025,31,143,-112
108900026,8,104,-96
108900027,1,171,-170
108900028,32,641,-609
108900029,26,258,-232
108900030,0,142,-142
108900031,39,734,-695
108900032,4,280,-276
108900033,2,80,-78
108900034,0,282,-282
108900035,220,2120,-1900
108900036,178,423,-245
108900037,24,558,-534
108900038,1,472,-471
108900039,1,706,-705
108900040,1,134,-133
108900041,6286,1831,4455
108900042,3,292,-289
108900043,34,639,-605
108900044,1,881,-880
108900045,22,771,-749
108900046,52,1175,-1123
108900047,1,87,-86
108900048,83,1224,-1141
108900049,6205,735,5470
108900050,1,335,-334
108900051,2,252,-250
108900052,4,400,-396
108900053,81,100,-19
108900054,32,260,-228
108900055,73,554,-481
108900056,1,229,-228
108900057,2,257,-255
108900058,12,577,-565
108900059,156,18,138
108900060,51,79,-28
108900061,41,32,9
108900062,6,362,-356
108900063,8,455,-447
108900064,57,51,6
108900065,4,353,-349
108900066,115,121,-6
108900067,19,237,-218
108900068,3,248,-245
108900069,25,155,-130
108900070,26,183,-157
108900071,30,68,-38
108900072,2761,226,2535
108900073,10,461,-451
108900074,48,588,-540
108900075,48,94,-46
108900076,90,66,24
108900077,110,614,-504
108900078,5,232,-227
108900079,804,287,517
108900080,11,276,-265
108900081,56,255,-199
108900082,14,98,-84
108900083,4,148,-144
108900084,313,93,220
108900085,2484,135,2349
108900086,31,452,-421
108900087,125,253,-128
108900088,492,191,301
108900089,14,36,-22
108900090,21,592,-571
108900091,153,137,16
108900092,231,234,-3
108900093,50,23,27
108900094,157,75,82
108900095,47,796,-749
108900096,546,35,511
108900097,239,248,-9
108900098,3578,277,3301
108900099,191,376,-185
108900100,26,145,-119
108900101,126,27,99
108900102,200,341,-141
108900103,29,56,-27
108900104,200,289,-89
108900105,9,494,-485
108900106,112,713,-601
108900108,145,25,120
108900109,104,41,63
108900110,77,603,-526
108900111,136,813,-677
108900112,44,10,34
108900113,20,29,-9
108900114,11,16,-5
108900115,37,56,-19
108900116,33,10,23
108900117,44,23,21
108900118,207,4,203
108900119,82,63,19
108900120,90,100,-10
108900121,236,26,210
108900122,50,38,12
108900123,35,32,3
108900124,199,57,142
108900125,123,1,122
108900126,47,6,41
108900127,53,13,40
108900128,45,11,34
108900129,298,75,223
108900130,93,0,93
108900131,156,2,154
108900132,164,68,96
108900133,109,27,82
108900134,90,288,-198
108900135,44,2,42
108900136,3,0,3
108900137,34,0,34
108900138,203,8,195
108900139,117,48,69
108900140,62,270,-208
108900141,90,8,82
108900142,40,1,39
108900143,8,0,8
108900144,15,0,15
108900145,42,6,36
108900146,20,0,20
108900147,73,0,73
108900148,69,22,47
108900149,499,353,146
108900150,114,6,108
108900151,13,1,12
108900152,36,16,20
108900153,49,567,-518
108900154,2690,381,2309
108900155,109,99,10
108900156,28,9,19
108900157,6,748,-742
108900158,91,22,69
108900159,8,453,-445
108900160,14,261,-247
108900161,12,503,-491
108900162,24,0,24
108900163,18,141,-123
108900164,15,92,-77
108900165,239,53,186
108900167,1793,2089,-296
108900168,12072,1814,10258
108900169,24,157,-133
108900171,10269,1264,9005
108900172,156,35,121
108900173,204,388,-184
108900174,300,499,-199
108900176,99,821,-722
108900177,10563,2548,8015
108900178,5828,1424,4404
108900179,306,714,-408
108900180,58,115,-57
108900182,37,168,-131
108900183,121,199,-78
108900184,256,175,81
108900185,34,327,-293
108900186,73,399,-326
108900187,128,40,88
108900188,194,46,148
108900189,242,140,102
108900190,31,3460,-3429
108900191,166,18,148
108900192,40,356,-316
108900193,572,36,536
108900194,27,338,-311
108900195,45,400,-355
108900196,10,655,-645
108900198,2,780,-778
108900199,99,342,-243
108900200,251,358,-107
108900201,250,1118,-868
108900203,187,11,176
108900204,208,5,203
108900205,94,7,87
108900206,119,12,107
108900207,81,15,66
108900208,42,398,-356
108900209,249,593,-344
108900210,116,235,-119
108900211,114,233,-119
108900212,748,572,176
108900215,97,662,-565
108900216,486,144,342
108900217,17,0,17
108900218,82,5,77
108900219,31,2,29
108900220,21,5,16
108900221,41,47,-6
108900222,63,5,58
108900223,15,38,-23
108900224,24,102,-78
108900225,1,166,-165
108900226,102,1,101
108900227,60,84,-24
108900230,513,302,211
108900231,61,291,-230
108900232,1,463,-462
108900233,190,30,160
108900234,174,70,104
108900235,185,708,-523
108900236,32,412,-380
108900237,37,301,-264
108900240,48,73,-25
108900241,8,12,-4
108900245,4,477,-473
108900249,58,14,44
108900250,89,103,-14
108900257,64,800,-736
108900258,5,325,-320
108900259,13,109,-96
108900260,3,108,-105
108900261,112,147,-35
108900262,328,93,235
108900263,37,344,-307
108900264,370,243,127
108900265,1798,210,1588
108900266,1423,191,1232
108900267,1,33,-32
108900268,4,5,-1
108900269,17,14,3
108900270,16,5,11
108900271,7,1,6
108900272,66,2,64
108900273,910,347,563
108900274,7,54,-47
109000001,2572,850,1722
109000002,3095,1404,1691
109000003,1727,504,1223
109000004,503,3034,-2531
109000005,1271,700,571
109000006,645,2501,-1856
109000007,659,687,-28
109000008,315,2238,-1923
109000009,2915,907,2008
109000010,1493,4207,-2714
109000011,1732,1326,406
109000012,1455,4263,-2808
109000013,2124,1546,578
109000014,1392,4226,-2834
109000015,2714,3219,-505
109000016,11002,4528,6474
109000017,1474,863,611
109000018,672,3701,-3029
109000019,1621,842,779
109000020,1102,2425,-1323
109000023,116,14,102
109000024,7,173,-166
109000025,352,280,72
109000026,684,324,360
109000027,76,193,-117
109000028,80,84,-4
109000029,124,115,9
109000030,99,670,-571
109000031,159,51,108
109000032,58,532,-474
109000033,233,80,153
109000034,73,34,39
109000035,17,37,-20
109000036,85,344,-259
109000037,102,536,-434
109000038,496,313,183
109000039,557,382,175
109000040,5926,2907,3019
109000041,5587,966,4621
109000042,946,1030,-84
109000044,138,68,70
109000045,68,473,-405
109000046,181,84,97
109000047,62,493,-431
109000048,788,100,688
109000049,236,569,-333
109000050,252,164,88
109000051,318,399,-81
109000052,360,2028,-1668
109000053,88,66,22
109000054,381,834,-453
109000055,78,153,-75
109000056,182,687,-505
109000057,350,186,164
109000058,683,241,442
109000059,439,839,-400
109000060,447,194,253
109000061,1640,469,1171
109000062,112,266,-154
109000063,147,263,-116
109000064,143,188,-45
109000065,67,442,-375
109000066,234,140,94
109000067,21,492,-471
109000068,268,1,267
109000069,438,17,421
109000070,3,887,-884
109000071,258,79,179
109000072,91,427,-336
109000073,49,83,-34
109000074,15,279,-264
109000075,62,492,-430
109000076,73,136,-63
109000077,280,338,-58
109000078,12,134,-122
109000079,66,293,-227
109000080,61,106,-45
109000081,45,747,-702
109000082,228,346,-118
109000083,102,954,-852
109000088,112,499,-387
109000089,207,19,188
109000090,139,552,-413
109000091,175,61,114
109000092,381,718,-337
109000093,129,100,29
109000094,140,0,140
109000095,71,748,-677
109000096,275,93,182
109000097,76,116,-40
109000098,25,46,-21
109000099,510,342,168
109000100,121,550,-429
109000101,640,889,-249
109000102,172,962,-790
109000103,199,584,-385
109000104,874,657,217
109000105,323,1842,-1519
109000106,1122,540,582
109000107,459,2211,-1752
109000108,770,410,360
109000109,339,2150,-1811
109000110,906,352,554
109000111,907,2610,-1703
109000112,260,166,94
109000113,158,193,-35
109000114,105,421,-316
109000115,874,43,831
109000116,2,203,-201
109000117,52,108,-56
109000118,6,357,-351
109000119,373,381,-8
109000120,97,1378,-1281
109000121,177,70,107
109000122,68,1351,-1283
109000123,15,90,-75
109000124,290,340,-50
109000125,404,395,9
109000126,193,1156,-963
109000127,372,181,191
109000128,353,2891,-2538
109000129,1014,353,661
109000130,485,3055,-2570
109000131,434,186,248
109000132,564,1930,-1366
109000133,247,1133,-886
109000134,613,1749,-1136
109000135,993,1383,-390
109000136,194,471,-277
109000137,131,265,-134
109000138,254,606,-352
109000139,241,507,-266
109000140,53,572,-519
109000141,163,396,-233
109000142,82,579,-497
109000143,56,44,12
109000145,41,137,-96
109000146,46,106,-60
109000148,4954,1048,3906
109000149,35,22,13
109000150,68,156,-88
109000155,308,478,-170
109000156,1207,1075,132
109000158,127,297,-170
109000159,154,723,-569
109000160,408,329,79
109000161,174,1689,-1515
109000162,1174,1047,127
109000163,537,2033,-1496
109000164,823,2752,-1929
109000165,736,682,54
109000166,308,139,169
109000167,80,976,-896
109000170,55,78,-23
109000171,57,36,21
109000172,49,63,-14
109000173,12,48,-36
109000174,31,55,-24
109000175,24,176,-152
109000176,118,369,-251
109000177,20,205,-185
109000178,329,507,-178
109000179,8988,2505,6483
109000180,6465,2861,3604
109000181,5,49,-44
109000182,17,58,-41
109000183,23,49,-26
109000184,16,30,-14
109000185,14,72,-58
109000188,635,3145,-2510
109000189,1908,913,995
109000190,329,613,-284
109000191,162,773,-611
109000192,161,327,-166
109000193,122,447,-325
109000194,56,166,-110
109000195,51,528,-477
109000196,122,105,17
109000197,126,620,-494
109000198,137,51,86
109000199,79,595,-516
109000206,116,37,79
109000207,41,44,-3
109000208,104,47,57
109000209,114,93,21
109000210,143,524,-381
109000211,187,402,-215
109000214,188,679,-491
109000215,61,67,-6
109000216,141,103,38
109000217,152,70,82
109000218,168,111,57
109000221,223,1219,-996
109000222,491,66,425
109000223,189,167,22
109000224,31,441,-410
109000225,34,49,-15
109000226,27,328,-301
109000227,581,1681,-1100
109000228,0,326,-326
109000231,3,555,-552
109000232,92,522,-430
109000236,181,875,-694
109000241,1018,1873,-855
109000242,881,1361,-480
109000293,10,30,-20
109000361,60,279,-219
109000364,188,771,-583
109000396,9,968,-959
109000397,187,5,182
109000399,127,508,-381
109000400,30,313,-283
109000403,46,299,-253
109000406,137,4,133
109000407,173,281,-108
109000408,2,768,-766
109000410,564,152,412
109000411,41,17,24
109900001,48,1,47
109900002,267,7,260
109900003,58,0,58
109900004,442,244,198
109900005,11,7,4
109900006,222,258,-36
109900007,222,959,-737
109900008,0,29,-29
109900009,70,1169,-1099
109900010,202,10,192
109900011,29,34,-5
109900012,125,157,-32
109900013,240,92,148
109900014,146,52,94
109900015,291,96,195
109900016,46,70,-24
109900017,82,59,23
109900018,146,152,-6
109900019,50,90,-40
109900020,4,13,-9
109900021,1,5,-4
109900022,64,389,-325
109900023,3,2,1
109900024,4,0,4
109900025,4,64,-60
109900026,2,202,-200
109900027,27,6,21
109900028,3090,338,2752
109900029,4,615,-611
109900030,10,2,8
109900031,1,77,-76
109900032,2,327,-325
109900033,4,572,-568
109900034,3,0,3
109900035,19,31,-12
109900036,13,98,-85
109900037,16,716,-700
109900038,24,230,-206
109900039,2,0,2
109900040,30,746,-716
109900041,38,592,-554
109900042,24,533,-509
109900044,61,327,-266
109900045,21,32,-11
109900046,6,39,-33
109900047,381,372,9
109900048,2,85,-83
109900049,2,16,-14
109900050,2,348,-346
109900051,0,81,-81
109900052,52,260,-208
109900053,3,563,-560
109900054,296,95,201
109900055,25,290,-265
109900056,14,81,-67
109900057,6,242,-236
109900058,0,102,-102
109900059,228,80,148
109900060,171,182,-11
109900061,91,333,-242
109900062,1,315,-314
109900063,3,346,-343
109900064,191,286,-95
109900065,119,141,-22
109900066,179,1110,-931
109900067,1,605,-604
109900068,16,0,16
109900069,2,22,-20
109900070,50,326,-276
109900071,0,36,-36
109900072,8,135,-127
109900073,90,904,-814
109900074,4,40,-36
109900075,13,26,-13
109900076,14,317,-303
109900077,24,52,-28
109900078,132,339,-207
109900080,105,397,-292
109900081,13,93,-80
109900082,31,523,-492
109900083,12,22,-10
109900084,35,172,-137
109900085,145,1337,-1192
109900086,58,176,-118
109900087,198,355,-157
109900089,301,102,199
109900090,430,1353,-923
109900091,119,58,61
109900092,749,21,728
109900093,312,97,215
109900094,14,87,-73
109900095,109,219,-110
109900096,10,0,10
109900097,89,3,86
109900098,117,20,97
109900099,36,0,36
109900100,21,0,21
109900101,154,0,154
109900102,195,19,176
109900103,1,35,-34
109900104,138,1408,-1270
109900105,276,16,260
109900106,315,75,240
109900107,299,86,213
109900108,48,1105,-1057
109900109,17,294,-277
109900110,34,527,-493
109900111,249,1323,-1074
109900112,423,1076,-653
109900113,343,191,152
109900114,708,325,383
109900115,96,72,24
109900117,293,97,196
109900118,184,446,-262
109900119,492,243,249
109900120,21,1,20
109900121,280,106,174
109900122,178,1,177
109900123,9,179,-170
109900124,21,913,-892
109900125,1,241,-240
109900126,68,214,-146
109900128,93,63,30
109900130,13233,1149,12084
109900131,49,112,-63
109900132,38,214,-176
109900133,25,467,-442
109900134,38,48,-10
109900135,433,44,389
109900136,31,172,-141
109900137,36,455,-419
109900140,99,430,-331
109900142,451,206,245
109900145,1,91,-90
109900146,298,39,259
109900148,22,68,-46
109900149,48,44,4
109900150,6,82,-76
109900151,3,66,-63
109900152,2,31,-29
109900153,0,38,-38
109900154,0,0,0
109900155,10,2,8
109900157,41,291,-250
109900158,48,123,-75
109900159,71,30,41
109900160,58,30,28
109900161,117,51,66
109900162,65,52,13
109900163,796,273,523
109900164,57,238,-181
109900165,121,7,114
109900166,1,250,-249
109900167,89,723,-634
109900168,73,603,-530
109900169,71,111,-40
109900170,265,393,-128
109900171,75,52,23
109900172,74,178,-104
109900173,4771,1000,3771
109900174,29,171,-142
109900175,32,75,-43
109900176,54,207,-153
109900177,30,368,-338
109900178,5,114,-109
109900179,17,13,4
109900180,3,7,-4
110000001,586,547,39
110000002,448,488,-40
110000003,866,571,295
110000004,467,541,-74
110000005,771,1298,-527
110000006,619,356,263
110000007,77,216,-139
110000008,8,34,-26
110000009,13,50,-37
110000010,13,42,-29
110000011,13,94,-81
110000012,766,455,311
110000013,18,354,-336
110000014,584,382,202
110000015,332,473,-141
110000016,321,1188,-867
110000017,4784,269,4515
110000018,4065,531,3534
110000019,16,196,-180
110000020,603,265,338
110000021,755,388,367
110000022,899,206,693
110000023,5,187,-182
110000024,567,412,155
110000025,107,1,106
110000026,3,658,-655
110000027,442,325,117
110000028,644,695,-51
110000029,330,995,-665
110000030,147,328,-181
110000031,184,694,-510
110000032,492,424,68
110000033,67,101,-34
110000034,174,861,-687
110000035,415,1231,-816
110000036,546,927,-381
110000037,102,1095,-993
110000038,172,674,-502
110000039,620,1746,-1126
110000040,274,572,-298
110000041,134,828,-694
110000042,75,367,-292
110000043,492,168,324
110000044,140,96,44
110000045,1151,61,1090
110000046,3,6,-3
110000047,4,5,-1
110000048,3,7,-4
110000049,5,1,4
110000050,4,21,-17
110000051,16,7,9
110000052,25,39,-14
110000053,36,4,32
110000054,149,391,-242
110000055,331,39,292
110000056,247,49,198
110000057,304,802,-498
110000058,556,813,-257
110000059,588,585,3
110000060,389,827,-438
110000061,1045,935,110
110000062,758,843,-85
110000063,19,89,-70
110000064,71,118,-47
110000065,23,102,-79
110000066,50,37,13
110000067,55,381,-326
110000068,67,554,-487
110000069,70,115,-45
110000071,45,164,-119
110000073,1,34,-33
110000075,17,114,-97
110000076,301,279,22
110000077,589,867,-278
110000078,4,60,-56
110000080,258,761,-503
110000081,15,308,-293
110000082,13,272,-259
110000083,184,652,-468
110000084,519,410,109
110000085,3703,1614,2089
110000086,1640,755,885
110000087,2,78,-76
110000088,14,252,-238
110000089,149,175,-26
110000090,41,340,-299
110000091,1858,359,1499
110000092,21,98,-77
110000093,29,6,23
110000094,462,252,210
110000095,97,393,-296
110000096,4389,1703,2686
110000097,828,977,-149
110000098,1440,555,885
110000099,833,1524,-691
110000100,235,1111,-876
110000101,9,752,-743
110000102,36,29,7
110000104,74,80,-6
110000105,35,305,-270
110000106,368,212,156
110000107,416,442,-26
110000108,143,41,102
110000109,396,343,53
110000110,5901,2713,3188
110000111,9465,1915,7550
110000112,1401,335,1066
110000113,974,902,72
110000114,91,339,-248
110000115,201,260,-59
110000116,21,27,-6
110000117,122,670,-548
110000118,183,277,-94
110000119,146,402,-256
110000120,181,173,8
110000121,94,319,-225
110000122,225,609,-384
110000123,286,367,-81
110000124,2,983,-981
110000125,657,11,646
110000126,153,11,142
110000127,441,44,397
110000128,23,1977,-1954
110000129,3,624,-621
110000130,84,122,-38
110000131,64,356,-292
110000132,2,950,-948
110000133,48,287,-239
110000134,20,328,-308
110000135,161,42,119
110000136,36,347,-311
110000137,302,742,-440
110000138,281,932,-651
110000139,496,1544,-1048
110000140,561,326,235
110000143,801,379,422
110000144,4490,923,3567
110000145,1382,651,731
110000146,3219,968,2251
110000147,254,692,-438
110000148,544,423,121
110000151,1065,535,530
110000152,855,216,639
110000153,29,57,-28
110000154,49,22,27
110000155,2185,1981,204
110000156,711,1190,-479
110000157,1992,1597,395
110000160,279,415,-136
110000161,142,529,-387
110000166,159,168,-9
110000167,471,497,-26
110000168,607,269,338
110000169,292,254,38
110000170,76,77,-1
110000171,448,227,221
110000172,133,971,-838
110000173,1258,1622,-364
110000174,82,1567,-1485
110000175,194,102,92
110000176,64,236,-172
110000177,117,700,-583
110000178,558,773,-215
110000179,1613,336,1277
110000180,74,408,-334
110000181,206,458,-252
110000182,342,285,57
110000183,14181,4913,9268
110000184,692,1710,-1018
110000185,2008,758,1250
110000186,861,619,242
110000191,241,495,-254
110000192,165,3,162
110000193,266,2,264
110000194,8,1504,-1496
110000195,126,501,-375
110000196,168,568,-400
110000197,26,245,-219
110000198,61,108,-47
110000199,30,146,-116
110000200,1578,743,835
110000201,587,509,78
110000202,736,348,388
110000203,564,839,-275
110000204,4,318,-314
110000205,47,62,-15
110000206,617,1880,-1263
110000207,368,229,139
110000208,230,162,68
110000209,88,833,-745
110000210,413,636,-223
110000211,885,725,160
110000212,193,834,-641
110000213,45,56,-11
110000214,68,108,-40
110000215,65,692,-627
110000216,36,772,-736
110000217,126,265,-139
110000218,66,597,-531
110000219,125,137,-12
110000220,27,510,-483
110000221,137,104,33
110000222,23,440,-417
110000223,4,91,-87
110000224,73,8,65
110000225,156,527,-371
110000226,153,32,121
110000227,495,383,112
110000228,279,344,-65
110000229,0,298,-298
110000230,552,523,29
110000231,115,203,-88
110000232,99,248,-149
110000233,115,301,-186
110000234,906,519,387
110000235,1057,1023,34
110000236,228,909,-681
110000237,1952,1242,710
110000238,681,1393,-712
110000239,908,1415,-507
110000240,2,183,-181
110000242,0,21,-21
110000243,27,217,-190
110000244,140,309,-169
110000245,42,469,-427
110000246,463,770,-307
110000247,2125,4119,-1994
110000248,3352,1543,1809
110000249,64,7,57
110000250,17,249,-232
110000251,78,463,-385
110000252,147,284,-137
110000253,896,390,506
110000254,743,1568,-825
110000255,256,1346,-1090
110000256,370,179,191
110000257,513,404,109
110000258,3,590,-587
110000259,29,17,12
110000260,9,500,-491
110000263,678,100,578
110000264,145,727,-582
110000265,1025,1527,-502
110000266,2346,1877,469
110000267,11,231,-220
110000268,211,530,-319
110000269,3,87,-84
110000270,50,1,49
110000271,2463,340,2123
110000272,751,914,-163
110000273,3627,1311,2316
110000274,190,837,-647
110000275,3537,501,3036
110000276,132,245,-113
110000277,124,421,-297
110000278,188,926,-738
110000279,555,703,-148
110000280,158,432,-274
110000281,10,158,-148
110000282,255,35,220
110000283,73,62,11
110000284,50,23,27
110000285,4,211,-207
110000286,29,0,29
110000287,21,2,19
110000288,1,89,-88
110000289,386,1168,-782
110000290,1522,640,882
110000291,6865,1419,5446
110000292,1163,3739,-2576
110000293,310,1251,-941
110000294,421,845,-424
110000295,64,935,-871
110000296,180,403,-223
110000297,3164,251,2913
110000298,417,552,-135
110000299,879,40,839
110000301,235,9,226
110000302,214,1558,-1344
110000303,256,3,253
110000304,92,333,-241
110000305,488,18,470
110000306,94,2260,-2166
110000307,509,9,500
110000308,269,13,256
110000309,4,1688,-1684
110000310,426,98,328
110000311,14,1009,-995
110000312,619,40,579
110000313,4522,2050,2472
110000314,4,267,-263
110000315,3210,1813,1397
110000316,620,1290,-670
110000317,705,349,356
110000318,1,93,-92
110000319,10,17,-7
110000320,30,62,-32
110000321,16,54,-38
110000322,129,652,-523
110000323,244,340,-96
110000324,5920,1226,4694
110000325,2296,2143,153
110000327,607,260,347
110000328,207,580,-373
110000333,844,468,376
110000334,653,1590,-937
110000335,1136,635,501
110000336,453,1425,-972
110000337,867,612,255
110000338,117,231,-114
110000339,73,269,-196
110000340,22,181,-159
110000341,239,592,-353
110000342,620,8,612
110000343,0,17,-17
110000344,68,224,-156
110000345,151,74,77
110000346,2240,1293,947
110000347,973,806,167
110000348,1,0,1
110000349,0,4,-4
110000350,39,4,35
110000351,438,912,-474
110000352,324,1595,-1271
110000353,3324,1002,2322
110000354,534,2032,-1498
110000355,61,101,-40
110000356,543,3,540
110000357,212,16,196
110000361,4,67,-63
110000362,55,222,-167
110000363,168,151,17
110000364,116,407,-291
110000365,148,1,147
110000366,2,102,-100
110000367,293,354,-61
110000368,5,69,-64
110000369,58,2,56
110000373,3,346,-343
110000374,20,3,17
110000375,90,952,-862
110000376,33,109,-76
110000377,55,447,-392
110000378,25,319,-294
110000379,3907,1049,2858
110000380,31,12,19
110000383,1,680,-679
110000384,1827,450,1377
110000385,0,186,-186
110000387,37,6,31
110000388,23,282,-259
110000389,324,3,321
110000391,241,481,-240
110000396,57,155,-98
110000397,44,225,-181
110000398,2,58,-56
110000399,124,2,122
110000587,34,29,5
110000589,126,174,-48
110000640,112,134,-22
110000652,5,177,-172
110000653,132,500,-368
110000654,1,24,-23
110000656,3,833,-830
110000674,32,6,26
110000675,26,13,13
110000676,8,28,-20
110000679,547,443,104
110000682,96,102,-6
110000683,509,552,-43
110000684,2,46,-44
110000685,18,1,17
110000686,3,21,-18
110000687,45,1,44
110000688,75,434,-359
110000689,3,13,-10
110000692,90,298,-208
110000693,200,301,-101
110000694,2,120,-118
110000695,150,836,-686
110000696,134,177,-43
110900001,123,19,104
110900002,738,250,488
110900003,199,1281,-1082
110900004,124,292,-168
110900005,4126,1029,3097
110900006,28,8,20
110900007,53,17,36
110900008,12,41,-29
110900009,239,33,206
110900010,5,77,-72
110900011,5,80,-75
110900012,5,124,-119
110900013,442,190,252
110900014,69,8,61
110900015,930,265,665
110900016,5,218,-213
110900017,155,64,91
110900018,358,51,307
110900019,51,11,40
110900020,51,524,-473
110900021,38,741,-703
110900022,55,470,-415
110900023,85,514,-429
110900024,24,600,-576
110900025,2,58,-56
110900027,11,280,-269
110900028,22,244,-222
110900029,46,629,-583
110900030,21,411,-390
110900031,0,177,-177
110900032,0,136,-136
110900033,22,350,-328
110900035,22,380,-358
110900036,39,26,13
110900037,16,27,-11
110900038,1363,193,1170
110900039,9,225,-216
110900040,119,33,86
110900041,10,229,-219
110900042,42,49,-7
110900043,5,199,-194
110900044,225,25,200
110900045,30,891,-861
110900046,126,395,-269
110900047,848,93,755
110900049,38,38,0
110900050,5,4,1
110900051,36,187,-151
110900052,2,253,-251
110900053,39,91,-52
110900054,12,332,-320
110900055,5,0,5
110900056,89,116,-27
110900057,4,314,-310
110900058,90,323,-233
110900059,567,885,-318
110900060,215,95,120
110900061,42,43,-1
110900062,38,352,-314
110900063,14,134,-120
110900064,2,0,2
110900065,432,99,333
110900066,3,91,-88
110900067,655,463,192
110900068,519,273,246
110900069,0,30,-30
110900071,315,296,19
110900073,0,7,-7
110900074,211,75,136
110900075,179,69,110
110900077,291,369,-78
110900078,11,139,-128
110900079,2047,460,1587
110900080,31,58,-27
110900081,5,132,-127
110900082,47,231,-184
110900083,50,44,6
110900084,14,210,-196
110900085,31,360,-329
110900086,66,114,-48
110900087,76,80,-4
110900088,8,1,7
110900090,18,28,-10
110900091,1,85,-84
110900093,270,51,219
110900095,16,47,-31
110900097,3,25,-22
110900098,15,102,-87
110900099,77,626,-549
110900100,0,14,-14
110900102,9,27,-18
110900105,727,468,259
110900108,3,109,-106
110900111,267,86,181
110900112,319,8,311
110900113,604,26,578
110900115,7,91,-84
110900116,254,3093,-2839
110900118,126,1005,-879
110900119,6840,294,6546
110900120,6,119,-113
110900121,55,0,55
110900122,169,169,0
110900125,184,243,-59
110900127,471,595,-124
110900128,197,188,9
110900129,281,246,35
110900130,1075,259,816
110900131,90,88,2
110900132,202,28,174
110900133,72,404,-332
110900135,120,662,-542
110900136,125,4,121
110900137,140,5,135
110900138,828,505,323
110900139,16,39,-23
110900140,64,8,56
110900141,4,39,-35
110900142,31,213,-182
110900143,65,81,-16
110900144,2,715,-713
110900145,68,12,56
110900146,645,39,606
110900147,154,228,-74
110900148,5,342,-337
110900149,1,70,-69
110900150,25,17,8
110900151,1,79,-78
110900152,17,390,-373
110900153,45,22,23
111000001,183,342,-159
111000002,478,722,-244
111000003,412,464,-52
111000004,442,1234,-792
111000005,667,685,-18
111000006,816,1297,-481
111000007,4148,1637,2511
111000008,4180,4092,88
111000009,238,882,-644
111000010,387,231,156
111000011,403,870,-467
111000012,586,344,242
111000013,281,1508,-1227
111000014,905,571,334
111000017,128,542,-414
111000018,162,414,-252
111000020,2800,2275,525
111000021,72,176,-104
111000023,102,216,-114
111000025,8329,2127,6202
111000029,79,110,-31
111000030,27,95,-68
111000031,2267,879,1388
111000032,491,201,290
111000033,323,156,167
111000034,281,165,116
111000037,3370,1411,1959
111000038,3268,2764,504
111000039,1365,2506,-1141
111000040,1501,2624,-1123
111000041,1781,1874,-93
111000042,6889,3041,3848
111000043,1713,1429,284
111000044,1056,546,510
111000045,1250,1422,-172
111000046,858,1028,-170
111000047,1367,2043,-676
111000049,336,636,-300
111000050,1954,1945,9
111000051,441,1190,-749
111000052,535,1523,-988
111000053,354,1192,-838
111000054,272,1137,-865
111000055,1131,2323,-1192
111000056,95,872,-777
111000057,50,1052,-1002
111000058,103,90,13
111000059,201,313,-112
111000060,2195,954,1241
111000061,371,397,-26
111000062,558,232,326
111000063,1665,708,957
111000064,347,476,-129
111000065,721,681,40
111000066,217,212,5
111000067,319,728,-409
111000068,251,734,-483
111000069,1836,2064,-228
111000070,2611,1361,1250
111000071,211,845,-634
111000072,525,310,215
111000073,113,393,-280
111000074,1210,1091,119
111000075,487,719,-232
111000076,203,799,-596
111000077,911,1211,-300
111000078,1617,1125,492
111000079,1299,743,556
111000080,320,678,-358
111000081,2596,4570,-1974
111000082,467,711,-244
111000084,494,550,-56
111000085,588,1819,-1231
111000086,3858,1400,2458
111000087,673,935,-262
111000088,7243,1874,5369
111000089,510,907,-397
111000090,1239,1654,-415
111000091,627,859,-232
111000092,766,1339,-573
111000093,434,768,-334
111000094,1417,867,550
111000095,751,1559,-808
111000096,3254,5503,-2249
111000097,7057,1131,5926
111000098,497,1595,-1098
111000099,358,2862,-2504
111000100,230,2709,-2479
111000101,394,1101,-707
111000102,73,1100,-1027
111000104,163,239,-76
111000107,31,828,-797
111000109,165,224,-59
111000110,1168,525,643
111000111,900,498,402
111000112,972,299,673
111000113,623,490,133
111000114,1228,1313,-85
111000115,9026,955,8071
111000116,856,704,152
111000117,401,747,-346
111000118,1510,1058,452
111000119,771,1920,-1149
111000120,305,633,-328
111000121,164,620,-456
111000122,391,1126,-735
111000123,652,3891,-3239
111000124,449,4455,-4006
111000125,193,2423,-2230
111000126,69,1151,-1082
111000127,314,132,182
111000128,687,298,389
111000129,1189,411,778
111000130,752,654,98
111000131,625,602,23
111000132,429,354,75
111000133,56,138,-82
111000134,88,150,-62
111000135,22,133,-111
111000136,173,272,-99
111000138,7,11,-4
111000140,1,1,0
111000141,98,361,-263
111000142,12,129,-117
111000143,1,78,-77
111000144,3,104,-101
111000145,79,2,77
111000146,14,3,11
111000147,214,14,200
111000148,128,144,-16
111000149,2,43,-41
111000150,7,4,3
111000151,0,18,-18
111000153,576,569,7
111000154,768,221,547
111000155,118,186,-68
111000156,403,293,110
111000157,126,477,-351
111000158,956,561,395
111000159,3059,698,2361
111000160,167,420,-253
111000161,8,248,-240
111000162,3,185,-182
111000163,266,857,-591
111000164,938,2727,-1789
111000165,1583,479,1104
111000166,1640,352,1288
111000167,176,607,-431
111000168,210,470,-260
111000169,249,591,-342
111000170,449,499,-50
111000171,414,1136,-722
111000172,67,701,-634
111000173,165,1639,-1474
111000174,86,702,-616
111000175,25,316,-291
111000176,269,190,79
111000177,68,269,-201
111000178,566,409,157
111000179,51,251,-200
111000180,141,296,-155
111000181,457,290,167
111000182,96,204,-108
111000183,240,289,-49
111000184,280,225,55
111000185,288,575,-287
111000186,187,388,-201
111000187,83,372,-289
111000188,101,514,-413
111000189,1990,661,1329
111000190,151,655,-504
111000191,124,649,-525
111000192,137,843,-706
111000193,387,471,-84
111000194,20,492,-472
111000195,76,505,-429
111000196,16,365,-349
111000197,149,244,-95
111000198,178,130,48
111000199,59,140,-81
111000200,88,318,-230
111000201,228,220,8
111000202,110,170,-60
111000203,156,144,12
111000204,231,326,-95
111000213,155,369,-214
111000214,1183,1794,-611
111000215,653,1519,-866
111000217,731,943,-212
111000218,782,920,-138
111000219,422,206,216
111000220,3379,902,2477
111000221,658,267,391
111000224,38,361,-323
111000225,159,122,37
111000226,86,3,83
111000227,50,1,49
111000228,3,132,-129
111000229,32,275,-243
111000230,145,572,-427
111000231,417,1610,-1193
111000232,199,1005,-806
111000233,213,884,-671
111000234,29,154,-125
111000239,202,252,-50
111000240,18,90,-72
111000241,20,498,-478
111000242,80,46,34
111000243,49,1165,-1116
111000244,184,80,104
111000245,332,635,-303
111000246,128,688,-560
111000247,87,1461,-1374
111000248,268,347,-79
111000249,344,1000,-656
111000250,20,198,-178
111000251,20,163,-143
111000253,4,7,-3
111000255,31,2,29
111000257,11,18,-7
111000260,58,1446,-1388
111000261,476,84,392
111000271,20,352,-332
111000273,7380,1491,5889
111000274,1109,2098,-989
111000275,89,75,14
111000276,233,2897,-2664
111000277,95,535,-440
111000278,509,269,240
111000291,364,2565,-2201
111000298,247,319,-72
111000299,511,113,398
111000300,91,679,-588
111000302,193,65,128
111000303,92,295,-203
111000312,53,68,-15
111000315,7,245,-238
111000320,351,777,-426
111000321,187,47,140
111000322,115,673,-558
111000323,54,21,33
111000324,335,351,-16
111000325,25,81,-56
111000326,46,428,-382
111000327,492,670,-178
111000328,96,384,-288
111000329,0,20,-20
111000330,14,8,6
111000331,12,6,6
111000332,490,1236,-746
111000334,397,1896,-1499
111000335,264,104,160
111000337,235,393,-158
111000338,16,108,-92
111000339,126,996,-870
111000340,74,1058,-984
111000341,435,163,272
111000342,52,289,-237
111000344,593,740,-147
111000345,252,34,218
111000346,13,83,-70
111000347,38,1,37
111000350,149,140,9
111000351,66,340,-274
111000352,98,128,-30
111000353,94,238,-144
111000354,317,100,217
111000355,367,701,-334
111000358,78,2196,-2118
111000360,103,1234,-1131
111000361,90,526,-436
111000546,221,812,-591
111000547,155,867,-712
111000548,44,185,-141
111000549,111,540,-429
111000550,68,352,-284
111000551,689,143,546
111000552,453,69,384
111000907,189,104,85
111000908,9,0,9
111000916,466,211,255
111000917,33,405,-372
111000918,97,1189,-1092
111000920,149,6,143
111000921,5,426,-421
111000922,153,404,-251
111000924,26,1286,-1260
111000925,1270,1502,-232
111000926,916,3005,-2089
111000927,3027,2915,112
111000928,6474,4027,2447
111000929,563,817,-254
111000930,603,2597,-1994
111000931,1192,1342,-150
111000932,4007,2529,1478
111000933,3011,1572,1439
111000934,2647,3141,-494
111000935,606,884,-278
111000936,682,2422,-1740
111000937,470,1016,-546
111000938,1480,2666,-1186
111000939,123,50,73
111000940,231,206,25
111000941,108,738,-630
111000943,156,281,-125
111000944,81,710,-629
111000945,34,2779,-2745
111001109,239,132,107
111001110,144,687,-543
111001111,11,4,7
111001112,87,42,45
111001113,5,75,-70
111001114,1187,62,1125
111001115,154,323,-169
111001116,6660,1235,5425
111001117,624,530,94
111001120,83,365,-282
111001121,127,417,-290
111001122,186,844,-658
111001123,64,115,-51
111001124,31,380,-349
111001125,0,12,-12
111900001,3,196,-193
111900002,8,1033,-1025
111900003,8,531,-523
111900004,31,238,-207
111900006,12,26,-14
111900007,35,7,28
111900008,45,2,43
111900009,86,214,-128
111900010,172,625,-453
111900012,95,101,-6
111900013,3,74,-71
111900014,8922,1562,7360
111900015,2,86,-84
111900016,1,236,-235
111900017,1,155,-154
111900018,55,2,53
111900019,1,64,-63
111900020,4,50,-46
111900021,10,69,-59
111900022,4,69,-65
111900023,150,56,94
111900024,0,66,-66
111900025,0,47,-47
111900026,2,89,-87
111900027,4,199,-195
111900028,4,501,-497
111900029,0,112,-112
111900030,74,474,-400
111900031,3,54,-51
111900032,5,498,-493
111900033,15,130,-115
111900034,162,741,-579
111900035,9,246,-237
111900036,4,439,-435
111900038,320,725,-405
111900039,45,446,-401
111900040,1,842,-841
111900042,53,67,-14
111900043,2,545,-543
111900044,256,270,-14
111900046,59,270,-211
111900048,52,1116,-1064
111900049,22,351,-329
111900050,46,8,38
111900051,0,340,-340
111900052,484,676,-192
111900053,1380,266,1114
111900054,72,0,72
111900055,21,700,-679
111900056,181,88,93
111900057,61,47,14
111900058,92,947,-855
111900059,2669,219,2450
111900060,139,0,139
111900061,6,344,-338
111900062,6,23,-17
111900063,93,253,-160
111900064,150,284,-134
111900065,25,11,14
111900066,68,115,-47
111900067,2,442,-440
111900068,25,22,3
111900069,30,5,25
111900070,77,151,-74
111900071,3,425,-422
111900072,13,11,2
111900073,232,48,184
111900074,8,279,-271
111900075,16,7,9
111900076,24,11,13
111900077,12,1,11
111900078,75,6,69
111900079,10,4,6
111900080,163,89,74
111900082,44,5,39
111900083,29,2,27
111900084,31,2,29
111900085,10,45,-35
111900086,8,0,8
111900087,15,0,15
111900088,160,0,160
111900089,44,18,26
111900090,74,27,47
111900091,57,1,56
111900092,18,0,18
111900093,122,2,120
111900094,21,0,21
111900095,84,14,70
111900096,69,1,68
111900097,19,0,19
111900098,38,0,38
111900099,5,0,5
111900100,50,1,49
111900101,32,5,27
111900102,143,952,-809
111900103,73,24,49
111900104,66,58,8
111900105,177,104,73
111900106,1756,82,1674
111900110,3959,178,3781
111900111,95,292,-197
111900112,1037,801,236
111900113,377,67,310
111900118,153,16,137
111900119,160,30,130
111900122,39,22,17
111900123,8,11,-3
111900124,25,105,-80
111900125,125,8,117
111900126,90,2,88
111900127,1,909,-908
111900128,7,726,-719
111900129,71,9,62
111900130,81,5,76
111900131,120,1,119
111900132,28,1555,-1527
111900133,9,455,-446
111900134,26,425,-399
111900135,4,11,-7
111900136,58,78,-20
111900137,40,66,-26
111900138,12,89,-77
111900139,18,155,-137
111900140,18,15,3
111900141,29,9,20
111900142,26,14,12
111900143,5,304,-299
111900144,1,146,-145
111900145,1,902,-901
111900146,3,471,-468
111900147,184,591,-407
111900148,41,1007,-966
111900149,5,550,-545
111900150,9,263,-254
111900151,2,33,-31
111900152,125,40,85
111900153,1514,164,1350
111900154,2,101,-99
111900155,64,19,45
111900156,34,22,12
111900157,29,9,20
111900158,146,21,125
111900159,63,3,60
111900160,66,0,66
111900161,48,0,48
111900162,136,98,38
111900163,53,308,-255
111900164,83,17,66
111901113,133,324,-191
111901114,65,607,-542
111901115,23,1,22
111901116,29,1,28
111901117,9,12,-3
111901118,133,51,82
111901119,1473,89,1384
111901121,190,420,-230
111901122,2,811,-809
111901123,76,565,-489
111901124,62,1,61
111901125,126,139,-13
111901127,1054,213,841
111901128,5,121,-116
111901129,3,174,-171
111901130,23,347,-324
111901131,0,256,-256
111901132,37,5,32
111901133,13,0,13
111901134,30,0,30
111901135,1,3,-2
111901136,22,17,5
111901137,0,16,-16
111901138,49,44,5
111901139,23,73,-50
111901140,8,223,-215
111901141,3,351,-348
111901142,7,192,-185
111901143,2,131,-129
111901144,30,24,6
111901145,189,115,74
111901146,287,8,279
112000001,1152,743,409
112000002,649,2892,-2243
112000003,425,747,-322
112000004,502,1853,-1351
112000005,1353,1378,-25
112000006,1296,2301,-1005
112000007,1372,1119,253
112000008,1776,2690,-914
112000009,4418,4122,296
112000010,1613,2287,-674
112000011,1935,2830,-895
112000012,8091,2113,5978
112000013,8037,3989,4048
112000014,2885,886,1999
112000015,3264,2804,460
112000016,6192,1178,5014
112000017,2849,1767,1082
112000024,1896,684,1212
112000026,5271,6203,-932
112000027,654,407,247
112000028,1816,1893,-77
112000029,266,500,-234
112000030,228,126,102
112000031,1737,2399,-662
112000032,794,70,724
112000033,2677,878,1799
112000034,285,40,245
112000035,119,282,-163
112000036,991,860,131
112000037,1807,1065,742
112000038,980,1162,-182
112000039,23,107,-84
112000040,158,355,-197
112000041,535,561,-26
112000042,1116,322,794
112000050,515,1595,-1080
112000051,576,752,-176
112000054,1806,2878,-1072
112000057,616,370,246
112000058,413,438,-25
112000059,984,502,482
112000061,7131,1564,5567
112000062,3337,635,2702
112000063,2337,757,1580
112000064,6401,6574,-173
112000065,2903,3114,-211
112000066,2825,947,1878
112000067,722,759,-37
112000068,1745,1021,724
112000069,724,2874,-2150
112000070,1447,515,932
112000071,611,3717,-3106
112000072,862,894,-32
112000073,1208,1866,-658
112000074,736,750,-14
112000075,787,914,-127
112000076,3191,3099,92
112000077,265,823,-558
112000078,818,922,-104
112000079,1069,1647,-578
112000080,400,1135,-735
112000081,1051,1929,-878
112000082,876,704,172
112000083,416,1638,-1222
112000084,717,744,-27
112000085,956,1280,-324
112000086,1143,1697,-554
112000087,157,580,-423
112000088,276,821,-545
112000089,176,436,-260
112000090,174,512,-338
112000091,693,1450,-757
112000092,934,842,92
112000093,1265,1156,109
112000094,304,703,-399
112000095,386,816,-430
112000096,256,702,-446
112000097,442,472,-30
112000098,706,1931,-1225
112000099,424,567,-143
112000100,813,873,-60
112000101,335,1184,-849
112000102,459,412,47
112000103,205,1653,-1448
112000105,310,2278,-1968
112000106,508,347,161
112000107,4,185,-181
112000108,86,1851,-1765
112000109,22,55,-33
112000110,1085,365,720
112000111,1765,5571,-3806
112000112,5413,512,4901
112000113,1094,2561,-1467
112000114,3030,962,2068
112000115,123,701,-578
112000116,503,1103,-600
112000117,486,670,-184
112000118,708,1039,-331
112000119,372,1220,-848
112000120,77,469,-392
112000121,42,904,-862
112000122,131,158,-27
112000123,245,164,81
112000124,120,78,42
112000125,73,106,-33
112000126,129,902,-773
112000127,3526,1137,2389
112000128,1721,545,1176
112000129,70,129,-59
112000130,55,66,-11
112000131,23,418,-395
112000132,68,376,-308
112000133,148,351,-203
112000134,333,447,-114
112000135,1003,626,377
112000136,1204,1318,-114
112000137,2315,1442,873
112000138,4030,1448,2582
112000139,638,218,420
112000140,987,1181,-194
112000141,311,170,141
112000142,107,1058,-951
112000143,500,205,295
112000144,204,2002,-1798
112000145,1323,738,585
112000146,535,2528,-1993
112000147,1214,1513,-299
112000148,1393,2381,-988
112000149,162,756,-594
112000150,98,776,-678
112000151,192,773,-581
112000152,164,415,-251
112000153,151,328,-177
112000154,67,174,-107
112000155,117,45,72
112000157,745,514,231
112000158,151,699,-548
112000159,183,339,-156
112000167,132,45,87
112000169,268,337,-69
112000173,398,278,120
112000175,217,441,-224
112000176,6019,1764,4255
112000177,224,107,117
112000178,42,707,-665
112000179,94,141,-47
112000180,178,264,-86
112000181,1020,2135,-1115
112000182,419,2597,-2178
112000183,32,51,-19
112000184,114,816,-702
112000185,144,635,-491
112000187,2479,2509,-30
112000195,93,13,80
112000196,147,3,144
112000197,109,100,9
112000198,25,512,-487
112000199,892,1126,-234
112000202,130,0,130
112000216,44,151,-107
112000230,33,3,30
112000231,1,541,-540
112000256,25,138,-113
112000313,157,252,-95
112000314,23,21,2
112000337,190,624,-434
112000352,289,169,120
112000392,2012,1133,879
112000398,643,728,-85
112000399,2489,1396,1093
112000400,1932,4813,-2881
112000401,2938,3616,-678
112000402,1171,1766,-595
112000403,2259,1825,434
112000404,230,569,-339
112000405,1113,2112,-999
112000406,3557,3993,-436
112000407,3471,4986,-1515
112000408,8965,8037,928
112000409,1596,5658,-4062
112000410,221,166,55
112000411,6151,1049,5102
112000412,1099,296,803
112000413,11274,2017,9257
112000414,32,113,-81
112000415,71,53,18
112000416,1311,1113,198
112000417,140,83,57
112000421,18,154,-136
112000422,222,581,-359
112000424,2578,1274,1304
112000425,292,1145,-853
112000426,82,247,-165
112000427,0,23,-23
112000428,100,625,-525
112000429,1877,3207,-1330
112000430,1784,3240,-1456
112000431,20,87,-67
112000432,531,2286,-1755
112000433,885,710,175
112000437,33,432,-399
112900001,19,0,19
112900002,124,1557,-1433
112900003,26,296,-270
112900004,18,472,-454
112900005,74,286,-212
112900006,7,546,-539
112900007,11,306,-295
112900008,6,9,-3
112900009,323,65,258
112900010,153,897,-744
112900011,366,367,-1
112900012,0,29,-29
112900013,0,136,-136
112900014,1,381,-380
112900015,378,1169,-791
112900016,2,380,-378
112900017,23,231,-208
112900018,1,460,-459
112900019,79,191,-112
112900020,490,1924,-1434
112900021,0,286,-286
112900022,5,80,-75
112900023,1,382,-381
112900024,11,256,-245
112900025,51,257,-206
112900026,3,343,-340
112900027,6,1496,-1490
112900028,16,145,-129
112900029,3,860,-857
112900030,299,193,106
112900031,2,660,-658
112900032,72,254,-182
112900034,1,75,-74
112900035,3,570,-567
112900036,16,140,-124
112900037,152,73,79
112900038,245,137,108
112900039,11,383,-372
112900040,3,403,-400
112900041,1661,804,857
112900042,56,504,-448
112900043,9,41,-32
112900044,557,377,180
112900045,601,384,217
112900046,205,67,138
112900047,18,20,-2
112900049,55,77,-22
112900050,63,741,-678
112900051,245,788,-543
112900052,11,1293,-1282
112900053,379,105,274
112900054,306,24,282
112900055,191,8,183
112900056,209,141,68
112900057,7,880,-873
112900058,257,101,156
112900059,94,111,-17
112900060,3,293,-290
112900061,70,131,-61
112900062,36,187,-151
112900063,64,4,60
112900064,173,107,66
112900065,64,9,55
112900066,139,57,82
112900067,689,142,547
112900068,22,18,4
112900069,3079,502,2577
112900071,18,1,17
112900072,208,787,-579
112900073,208,27,181
112900074,32,86,-54
112900075,2598,386,2212
112900076,47,6,41
112900078,126,178,-52
112900079,131,7,124
112900080,26,0,26
112900081,44,104,-60
112900082,259,9,250
112900083,37,37,0
112900084,135,32,103
112900086,17,0,17
112900087,285,44,241
112900088,39,12,27
112900089,347,22,325
112900090,12,12,0
112900091,50,1,49
112900092,141,92,49
112900093,942,10,932
112900095,2,0,2
112900096,210,53,157
112900097,31,473,-442
112900098,160,0,160
112900099,272,12,260
112900100,17,0,17
112900101,119,1,118
112900102,145,3,142
112900103,72,5,67
112900104,24,2,22
112900105,1,0,1
112900106,209,98,111
112900107,0,0,0
112900108,42,0,42
112900109,28,0,28
112900110,274,8,266
112900111,235,1,234
112900112,100,1,99
112900113,0,17,-17
112900114,20,44,-24
112900115,301,0,301
112900116,28,30,-2
112900117,100,117,-17
112900118,19,84,-65
112900119,70,0,70
112900120,713,224,489
112900121,280,247,33
112900122,10,186,-176
112900123,117,9,108
112900124,2,194,-192
112900125,59,297,-238
112900126,84,273,-189
112900127,147,49,98
112900128,547,780,-233
112900129,2,1201,-1199
112900130,120,62,58
112900131,40,247,-207
112900132,61,373,-312
112900133,21,1521,-1500
112900134,3,277,-274
112900135,50,20,30
112900137,4,935,-931
112900138,1,576,-575
112900139,204,1269,-1065
112900141,306,23,283
112900142,76,39,37
112900143,38,706,-668
112900144,3,411,-408
112900145,33,505,-472
112900146,8,1870,-1862
112900147,6,2867,-2861
112900148,33,1,32
112900149,160,524,-364
112900151,25,40,-15
112900152,6046,1248,4798
112900153,1660,902,758
112900154,0,107,-107
112900155,52,20,32
112900156,118,2343,-2225
112900157,72,142,-70
112900158,12,23,-11
112900159,120,46,74
112900160,16,271,-255
112900161,33,37,-4
112900162,28,7,21
112900163,121,22,99
112900164,26,77,-51
112900165,128,36,92
112900166,4,33,-29
112900167,6,27,-21
112900168,4,1,3
112900169,9,3,6
112900170,19,109,-90
112900172,72,2,70
112900173,330,102,228
112900174,174,29,145
112900175,151,63,88
112900176,2,9,-7
112900177,93,19,74
112900178,454,1097,-643
112900179,30,659,-629
112900180,1061,3309,-2248
112900181,246,0,246
112900182,30,1926,-1896
112900183,88,188,-100
112900184,377,308,69
112900185,387,355,32
112900186,2232,629,1603
112900187,45,236,-191
112900188,823,249,574
112900189,15,24,-9
112900190,10,58,-48
112900192,383,216,167
112900193,1063,247,816
112900194,23,79,-56
112900195,399,14,385
112900196,220,631,-411
112900197,118,511,-393
112900199,243,783,-540
112900200,217,303,-86
112900201,42,94,-52
112900202,142,1213,-1071
112900203,67,351,-284
112900204,730,350,380
112900205,0,3,-3
112900206,8,56,-48
112900207,6,0,6
112900208,85,65,20
112900209,272,480,-208
112900210,0,25,-25
112900211,48,97,-49
112900212,0,86,-86
112900213,10,2,8
112900214,16,2,14
112900215,6,256,-250
112900216,44,62,-18
112900217,0,72,-72
112900218,22,20,2
112900219,10,20,-10
112900220,40,0,40
112900221,12,102,-90
112900222,0,13,-13
112900223,402,9,393
112900224,131,891,-760
112900225,190,697,-507
112900226,324,259,65
112900227,142,1765,-1623
112900228,34,17,17
112900229,49,59,-10
112900230,9781,3006,6775
112900232,152,128,24
112900233,34,175,-141
112900234,6,139,-133
112900235,31,10,21
112900236,54,13,41
112900237,48,365,-317
112900238,0,56,-56
112900239,626,214,412
113000001,4660,4818,-158
113000002,3927,3952,-25
113000003,1994,1842,152
113000004,2025,2506,-481
113000005,1237,1090,147
113000006,976,1428,-452
113000007,1059,1398,-339
113000008,1224,2075,-851
113000009,604,822,-218
113000010,832,1977,-1145
113000011,674,2122,-1448
113000012,1011,685,326
113000013,862,420,442
113000014,1871,1441,430
113000015,928,254,674
113000016,326,395,-69
113000017,60,299,-239
113000018,148,48,100
113000019,35,197,-162
113000020,74,18,56
113000021,713,613,100
113000022,413,1370,-957
113000025,42,282,-240
113000026,156,461,-305
113000027,749,371,378
113000028,1231,432,799
113000029,902,542,360
113000030,580,664,-84
113000031,349,219,130
113000032,242,195,47
113000033,424,313,111
113000034,567,315,252
113000035,18,34,-16
113000036,20,36,-16
113000037,67,26,41
113000038,16,68,-52
113000039,121,502,-381
113000040,48,77,-29
113000042,835,821,14
113000051,639,1743,-1104
113000052,2472,1281,1191
113000053,249,706,-457
113000054,162,876,-714
113000055,664,1155,-491
113000056,429,1657,-1228
113000058,661,998,-337
113000059,1345,856,489
113000060,89,627,-538
113000061,747,1119,-372
113000062,1492,188,1304
113000063,109,293,-184
113000064,29,531,-502
113000065,153,1356,-1203
113000066,279,104,175
113000067,1013,1111,-98
113000068,331,2485,-2154
113000069,369,1669,-1300
113000070,841,750,91
113000071,247,906,-659
113000072,277,454,-177
113000073,538,1715,-1177
113000074,1022,268,754
113000075,2133,416,1717
113000076,1403,1708,-305
113000077,2083,444,1639
113000078,1407,1630,-223
113000079,1072,653,419
113000080,937,585,352
113000081,1057,825,232
113000082,1421,821,600
113000083,687,744,-57
113000084,1526,1084,442
113000085,1084,567,517
113000086,1016,1065,-49
113000087,1336,841,495
113000088,2268,1139,1129
113000089,853,1476,-623
113000090,264,317,-53
113000091,960,285,675
113000094,683,153,530
113000095,240,1275,-1035
113000096,174,1055,-881
113000097,638,336,302
113000098,76,41,35
113000099,921,207,714
113000100,148,452,-304
113000101,352,579,-227
113000102,450,216,234
113000103,2530,680,1850
113000104,267,2116,-1849
113000105,648,439,209
113000106,431,688,-257
113000107,429,716,-287
113000108,800,1765,-965
113000109,566,2935,-2369
113000110,1439,383,1056
113000111,98,534,-436
113000112,287,343,-56
113000113,2395,278,2117
113000114,439,936,-497
113000116,912,213,699
113000117,766,156,610
113000118,176,467,-291
113000119,163,565,-402
113000120,33,246,-213
113000121,718,1048,-330
113000124,143,163,-20
113000125,27,411,-384
113000127,3720,576,3144
113000128,529,517,12
113000129,742,1240,-498
113000133,4619,1008,3611
113000134,10,620,-610
113000135,3071,2350,721
113000137,3019,1552,1467
113000139,546,196,350
113000140,244,295,-51
113000141,628,108,520
113000142,1133,1019,114
113000143,350,162,188
113000144,342,622,-280
113000145,53,159,-106
113000146,88,76,12
113000147,98,180,-82
113000148,68,144,-76
113000149,79,112,-33
113000150,513,465,48
113000151,151,54,97
113000152,38,171,-133
113000153,2201,594,1607
113000154,765,1253,-488
113000155,225,352,-127
113000156,154,466,-312
113000157,260,802,-542
113000158,476,220,256
113000159,733,409,324
113000160,643,1271,-628
113000161,262,839,-577
113000162,495,345,150
113000163,60,32,28
113000164,30,96,-66
113000166,53,70,-17
113000167,15,232,-217
113000168,65,274,-209
113000169,135,46,89
113000170,69,75,-6
113000171,90,120,-30
113000172,208,92,116
113000173,47,12,35
113000174,114,632,-518
113000175,280,116,164
113000176,343,123,220
113000177,127,430,-303
113000178,209,505,-296
113000179,226,100,126
113000180,577,1557,-980
113000181,674,1143,-469
113000182,172,303,-131
113000183,178,600,-422
113000184,12,112,-100
113000189,530,678,-148
113000190,1989,455,1534
113000192,2807,1336,1471
113000193,5376,779,4597
113000194,1994,1132,862
113000195,2524,527,1997
113000196,76,110,-34
113000197,1332,879,453
113000198,16,297,-281
113000199,1304,414,890
113000201,286,243,43
113000202,3890,1815,2075
113000203,447,140,307
113000204,1937,1311,626
113000205,12,23,-11
113000206,8,48,-40
113000207,27,26,1
113000208,17,66,-49
113000209,20,24,-4
113000210,7,33,-26
113000211,289,134,155
113000212,296,21,275
113000213,21,81,-60
113000214,86,167,-81
113000234,155,1668,-1513
113000410,71,139,-68
113000411,3494,4449,-955
113000412,12319,1772,10547
113000413,4922,2263,2659
113000414,13841,10872,2969
113000415,3089,2517,572
113000416,11561,3579,7982
113000417,4578,2917,1661
113000418,4489,2559,1930
113000419,2333,1717,616
113000420,4395,3414,981
113000421,4551,4591,-40
113000422,20332,6991,13341
113000423,2998,3144,-146
113000424,5314,6090,-776
113000425,13,85,-72
113000428,439,35,404
113000430,50,40,10
113000432,947,88,859
113000433,185,1268,-1083
113000434,14,398,-384
113000435,8,1196,-1188
113000436,49,1723,-1674
113000437,272,6,266
113000438,91,7,84
113000439,28,243,-215
113000440,45,18,27
113000441,163,224,-61
113000442,110,393,-283
113000443,64,368,-304
113000444,77,402,-325
113000445,54,186,-132
113000446,26,92,-66
113000448,177,112,65
113000449,311,894,-583
113000450,769,2088,-1319
113000451,1594,126,1468
113000452,533,319,214
113000453,149,247,-98
113000454,822,34,788
113000455,77,121,-44
113000456,3900,1900,2000
113000468,3063,522,2541
113000469,399,151,248
113000470,632,98,534
113000471,11,295,-284
113000472,86,329,-243
113000474,248,671,-423
113000475,1391,2008,-617
113000476,765,2128,-1363
113000477,1697,2206,-509
113000478,3390,6888,-3498
113000479,73,351,-278
113000480,93,87,6
113000484,0,0,0
113000485,0,0,0
113000486,0,0,0
113000487,0,0,0
113000488,0,0,0
113000489,0,0,0
113000490,0,0,0
113000491,0,0,0
113000492,0,0,0
113000493,0,0,0
113000495,147,261,-114
113000496,74,112,-38
113000497,0,0,0
113000499,0,1,-1
113000500,0,4,-4
113900001,0,79,-79
113900002,2,158,-156
113900003,0,99,-99
113900004,0,18,-18
113900005,0,24,-24
113900006,1,19,-18
113900007,45,12,33
113900008,84,0,84
113900009,229,1,228
113900010,145,0,145
113900011,13,0,13
113900012,5,4,1
113900013,641,5,636
113900014,355,2,353
113900015,0,48,-48
113900016,21,4,17
113900017,0,53,-53
113900018,508,88,420
113900019,50,43,7
113900020,42,3,39
113900022,4,0,4
113900023,10,0,10
113900024,32,98,-66
113900025,338,18,320
113900026,48,1,47
113900027,5,69,-64
113900028,11,470,-459
113900029,26,305,-279
113900030,107,0,107
113900031,1,0,1
113900032,6,0,6
113900033,61,78,-17
113900035,25,0,25
113900036,13,112,-99
113900037,23,625,-602
113900038,91,46,45
113900039,69,5,64
113900040,3,4,-1
113900041,0,0,0
113900042,25,38,-13
113900043,146,106,40
113900044,97,43,54
113900045,28,1,27
113900046,273,752,-479
113900047,24,166,-142
113900048,317,35,282
113900049,966,146,820
113900050,114,387,-273
113900051,164,577,-413
113900052,145,137,8
113900053,462,160,302
113900054,6,2,4
113900055,123,645,-522
113900056,52,177,-125
113900057,15,136,-121
113900058,29,244,-215
113900059,73,385,-312
113900060,169,292,-123
113900061,1059,82,977
113900062,48,12,36
113900063,88,159,-71
113900064,47,210,-163
113900065,325,23,302
113900066,143,532,-389
113900067,69,377,-308
113900068,269,337,-68
113900069,176,14,162
113900070,238,521,-283
113900071,45,67,-22
113900072,26,205,-179
113900073,92,397,-305
113900074,26,542,-516
113900075,722,700,22
113900076,151,8,143
113900077,45,378,-333
113900078,67,46,21
113900079,1,74,-73
113900080,268,122,146
113900081,26,268,-242
113900082,133,257,-124
113900083,112,960,-848
113900084,184,78,106
113900085,32,469,-437
113900086,8,7,1
113900087,21,208,-187
113900088,22,71,-49
113900089,313,45,268
113900090,356,281,75
113900091,16,20,-4
113900092,34,70,-36
113900093,76,462,-386
113900094,126,544,-418
113900095,83,75,8
113900096,110,50,60
113900097,3,160,-157
113900098,327,46,281
113900099,0,69,-69
113900100,0,4,-4
113900101,21,36,-15
113900102,95,90,5
113900103,153,237,-84
113900104,102,100,2
113900105,27,489,-462
113900106,0,100,-100
113900107,0,21,-21
113900108,222,131,91
113900109,336,98,238
113900110,19,18,1
113900111,51,108,-57
113900112,57,82,-25
113900113,447,361,86
113900114,1,150,-149
113900115,1,76,-75
113900116,89,88,1
113900117,46,8,38
113900118,143,200,-57
113900119,296,248,48
113900120,30,23,7
113900121,26,87,-61
113900122,190,1073,-883
113900123,302,164,138
113900124,0,38,-38
113900125,1532,145,1387
113900126,89,32,57
113900127,215,360,-145
113900128,135,35,100
113900129,5,62,-57
113900130,1,5,-4
113900131,61,57,4
113900132,35,60,-25
113900133,11,29,-18
113900135,139,473,-334
113900136,71,84,-13
113900137,244,143,101
113900138,83,161,-78
113900139,546,83,463
113900140,577,160,417
113900141,186,497,-311
113900142,67,95,-28
113900143,5,12,-7
113900144,566,85,481
113900145,214,205,9
113900146,51,90,-39
113900148,139,178,-39
113900149,142,37,105
113900150,1453,544,909
113900151,154,236,-82
113900152,16,71,-55
113900153,518,405,113
113900154,2,126,-124
113900155,249,79,170
113900156,191,726,-535
113900157,29,268,-239
113900158,664,146,518
113900159,13,269,-256
113900160,363,881,-518
113900161,29,180,-151
113900162,935,527,408
113900163,242,252,-10
113900164,147,43,104
113900165,493,896,-403
113900166,268,96,172
113900167,194,36,158
113900168,138,115,23
113900169,228,486,-258
113900171,77,30,47
113900172,3,196,-193
113900173,46,736,-690
113900174,421,805,-384
113900175,233,82,151
113900176,130,782,-652
113900177,222,174,48
113900178,279,104,175
113900179,15,754,-739
113900180,137,126,11
113900181,402,136,266
113900182,402,978,-576
113900183,37,76,-39
113900184,11,647,-636
113900185,137,103,34
113900186,17,50,-33
113900187,26,165,-139
113900188,32,167,-135
113900189,229,53,176
113900190,409,108,301
113900191,96,237,-141
113900192,6,272,-266
113900193,27,293,-266
113900194,2051,1004,1047
113900195,304,463,-159
113900196,3,141,-138
113900197,3,345,-342
113900198,15,155,-140
113900199,175,729,-554
113900200,3,325,-322
113900201,3,373,-370
113900202,32,305,-273
113900203,1,232,-231
113900204,40,685,-645
113900205,9,147,-138
113900206,6,160,-154
113900207,1,93,-92
113900208,2,58,-56
113900209,0,103,-103
113900210,510,566,-56
113900211,113,23,90
113900212,60,722,-662
113900214,528,375,153
113900215,24,120,-96
113900216,72,1564,-1492
113900217,25,377,-352
113900218,70,42,28
113900219,99,572,-473
113900220,83,51,32
113900221,245,142,103
113900222,346,363,-17
113900223,32,1020,-988
113900224,134,73,61
113900225,896,222,674
113900226,241,135,106
113900227,305,140,165
113900228,447,311,136
113900229,51,553,-502
113900230,5389,1354,4035
113900231,120,237,-117
113900232,53,103,-50
113900233,33,45,-12
113900234,171,346,-175
113900235,85,24,61
113900236,56,460,-404
113900237,49,13,36
113900238,187,269,-82
113900239,43,38,5
113900240,9,85,-76
113900241,102,92,10
113900242,50,152,-102
113900243,163,448,-285
113900244,544,148,396
113900245,1571,265,1306
113900246,10,31,-21
113900247,135,149,-14
113900248,4677,864,3813
113900249,1401,178,1223
113900250,42,70,-28
113900251,222,202,20
113900252,309,6,303
113900253,415,23,392
113900254,322,69,253
113900255,239,13,226
113900256,181,21,160
113900257,34,852,-818
113900258,12,624,-612
113900259,220,243,-23
113900260,83,27,56
113900261,20,142,-122
113900262,87,852,-765
113900263,71,512,-441
113900264,2,656,-654
113900265,119,347,-228
113900266,21,319,-298
113900267,78,501,-423
113900268,162,296,-134
113900269,47,142,-95
113900270,222,310,-88
113900271,435,1506,-1071
113900273,14,1,13
113900274,35,2,33
113900275,10,70,-60
113900276,3,318,-315
113900277,30,2,28
113900278,346,197,149
113900279,95,78,17
113900280,1215,786,429
113900281,260,841,-581
113900282,882,473,409
113900283,283,351,-68
113900284,533,106,427
113900285,78,28,50
113900286,1,121,-120
113900287,24,177,-153
113900288,0,69,-69
113900289,1731,58,1673
113900290,493,66,427
113900291,169,266,-97
113900292,8,7,1
113900293,4,201,-197
113900294,229,27,202
113900295,491,265,226
113900296,2819,360,2459
113900297,537,40,497
113900298,4,1554,-1550
113900299,59,155,-96
113900300,7485,2190,5295
113900301,952,366,586
113900302,2853,628,2225
113900303,591,139,452
113900304,1,178,-177
113900305,30,0,30
113900306,10,0,10
113900307,32,0,32
113900308,69,112,-43
113900309,5,909,-904
113900310,0,10,-10
113900311,3,0,3
113900312,43,103,-60
113900313,10,7,3
114000001,1063,3868,-2805
114000002,108,501,-393
114000003,44,388,-344
114000004,231,438,-207
114000005,185,295,-110
114000006,3685,2241,1444
114000007,540,1563,-1023
114000008,1369,1119,250
114000009,274,201,73
114000011,1942,3764,-1822
114000012,1314,3117,-1803
114000013,943,2396,-1453
114000014,347,492,-145
114000015,858,610,248
114000016,148,461,-313
114000017,119,200,-81
114000018,448,118,330
114000026,672,1899,-1227
114000027,1296,2187,-891
114000028,1611,1806,-195
114000038,115,172,-57
114000039,42,113,-71
114000040,81,196,-115
114000042,64,204,-140
114000043,37,256,-219
114000044,80,81,-1
114000045,32,95,-63
114000046,2479,5145,-2666
114000047,8,86,-78
114000048,77,64,13
114000049,1509,1004,505
114000050,1602,1069,533
114000051,3604,1513,2091
114000052,2819,1313,1506
114000053,52,540,-488
114000054,66,1800,-1734
114000055,166,15,151
114000056,1840,613,1227
114000057,9802,2586,7216
114000058,587,509,78
114000059,320,175,145
114000060,449,845,-396
114000061,3417,1229,2188
114000062,2491,713,1778
114000063,3968,1740,2228
114000064,9540,2546,6994
114000065,1964,2226,-262
114000066,223,673,-450
114000067,22,332,-310
114000068,454,382,72
114000069,1020,459,561
114000070,2542,1152,1390
114000071,490,767,-277
114000072,199,480,-281
114000073,9,164,-155
114000074,4,32,-28
114000075,18,243,-225
114000076,5,265,-260
114000077,4,67,-63
114000078,120,1733,-1613
114000079,64,29,35
114000080,69,100,-31
114000081,36,117,-81
114000082,53,683,-630
114000083,32,326,-294
114000084,59,61,-2
114000085,147,1018,-871
114000086,115,748,-633
114000087,27,315,-288
114000088,67,91,-24
114000089,1787,530,1257
114000090,597,550,47
114000091,1612,343,1269
114000092,974,212,762
114000093,761,574,187
114000094,256,414,-158
114000095,69,62,7
114000096,118,768,-650
114000097,131,1406,-1275
114000098,258,74,184
114000099,186,1099,-913
114000100,471,858,-387
114000101,245,1701,-1456
114000102,146,304,-158
114000103,90,649,-559
114000104,14,349,-335
114000105,31,54,-23
114000106,928,366,562
114000107,64,122,-58
114000108,2378,1466,912
114000109,207,384,-177
114000110,488,1962,-1474
114000111,640,501,139
114000112,299,1935,-1636
114000113,426,429,-3
114000114,1070,1664,-594
114000115,933,534,399
114000116,252,736,-484
114000117,1088,386,702
114000118,1044,303,741
114000119,725,204,521
114000120,519,1142,-623
114000121,337,598,-261
114000122,268,286,-18
114000123,767,282,485
114000124,346,317,29
114000125,728,2180,-1452
114000126,867,175,692
114000127,72,241,-169
114000128,503,625,-122
114000130,231,506,-275
114000131,82,44,38
114000132,549,862,-313
114000133,1294,1477,-183
114000134,34,251,-217
114000138,33,238,-205
114000139,330,114,216
114000144,475,223,252
114000145,64,194,-130
114000146,83,386,-303
114000147,770,758,12
114000148,2329,1196,1133
114000149,267,171,96
114000150,937,535,402
114000151,677,682,-5
114000152,120,17,103
114000153,963,1162,-199
114000154,672,508,164
114000155,1270,1406,-136
114000156,619,398,221
114000157,179,739,-560
114000158,2768,682,2086
114000159,218,398,-180
114000160,204,189,15
114000161,1445,991,454
114000162,808,773,35
114000163,9,174,-165
114000165,195,152,43
114000166,690,196,494
114000167,4899,1176,3723
114000168,859,710,149
114000169,1821,546,1275
114000170,1119,501,618
114000171,559,1020,-461
114000174,153,438,-285
114000176,610,367,243
114000177,2239,821,1418
114000178,24,72,-48
114000179,1137,686,451
114000180,321,577,-256
114000181,1612,1970,-358
114000182,5817,2166,3651
114000183,1163,1125,38
114000184,7203,1798,5405
114000185,786,877,-91
114000189,307,48,259
114000190,1058,109,949
114000191,13,27,-14
114000192,331,1689,-1358
114000193,1098,3506,-2408
114000194,1160,1351,-191
114000195,51,12,39
114000196,4,346,-342
114000197,460,41,419
114000198,1269,422,847
114000199,1822,969,853
114000200,561,2990,-2429
114000201,161,1321,-1160
114000202,770,1077,-307
114000203,349,1026,-677
114000204,102,437,-335
114000205,195,2006,-1811
114000206,353,1297,-944
114000207,552,2750,-2198
114000208,392,3866,-3474
114000209,624,3785,-3161
114000210,339,2066,-1727
114000211,781,1778,-997
114000212,587,870,-283
114000213,982,686,296
114000214,76,249,-173
114000215,112,92,20
114000216,720,372,348
114000217,76,358,-282
114000218,49,373,-324
114000219,564,361,203
114000220,17,1663,-1646
114000221,303,131,172
114000222,203,1407,-1204
114000223,254,70,184
114000224,133,831,-698
114000225,107,597,-490
114000226,49,273,-224
114000227,525,484,41
114000228,500,997,-497
114000229,609,1298,-689
114000230,1331,1723,-392
114000231,738,1296,-558
114000232,346,111,235
114000233,1153,128,1025
114000234,677,1212,-535
114000235,628,1887,-1259
114000236,0,595,-595
114000237,69,1266,-1197
114000238,28,162,-134
114000239,142,1728,-1586
114000240,590,780,-190
114000241,260,1403,-1143
114000242,936,1128,-192
114000243,945,762,183
114000244,590,435,155
114000245,319,700,-381
114000246,143,41,102
114000247,540,727,-187
114000248,607,526,81
114000249,323,472,-149
114000250,377,543,-166
114000251,205,367,-162
114000252,58,127,-69
114000253,31,273,-242
114000254,11,108,-97
114000255,514,159,355
114000256,2264,527,1737
114000257,477,2375,-1898
114000258,101,619,-518
114000259,66,295,-229
114000260,0,29,-29
114000261,18,14,4
114000262,32,181,-149
114000263,17,10,7
114000264,347,939,-592
114000265,0,13,-13
114000267,1,1241,-1240
114000268,3,2378,-2375
114000270,35,0,35
114000271,251,122,129
114000283,503,477,26
114000285,68,348,-280
114000288,39,447,-408
114000289,773,80,693
114000293,74,441,-367
114000294,187,320,-133
114000395,847,42,805
114000396,170,220,-50
114000402,179,363,-184
114000403,171,614,-443
114000405,86,767,-681
114000423,95,675,-580
114000424,194,258,-64
114000425,205,786,-581
114000426,237,490,-253
114000427,57,106,-49
114000428,242,74,168
114000429,8,206,-198
114000432,32,126,-94
114000434,25,131,-106
114000435,7,165,-158
114900001,224,1690,-1466
114900002,392,95,297
114900003,208,2395,-2187
114900004,129,195,-66
114900005,246,1160,-914
114900006,16,23,-7
114900007,69,10,59
114900008,84,30,54
114900010,3026,1391,1635
114900011,64,61,3
114900013,94,58,36
114900015,23,164,-141
114900018,584,29,555
114900020,80,36,44
114900022,14,743,-729
114900024,109,196,-87
114900025,224,260,-36
114900026,30,71,-41
114900027,147,249,-102
114900029,12,11,1
114900030,77,239,-162
114900031,73,22,51
114900032,115,54,61
114900033,1446,247,1199
114900034,40,309,-269
114900035,115,254,-139
114900036,174,1325,-1151
114900037,60,253,-193
114900038,153,1361,-1208
114900039,395,855,-460
114900040,54,246,-192
114900041,219,832,-613
114900042,348,1043,-695
114900043,932,386,546
114900044,49,19,30
114900046,46,175,-129
114900047,147,1028,-881
114900048,58,243,-185
114900049,12,255,-243
114900050,17,713,-696
114900051,29,666,-637
114900052,85,230,-145
114900053,91,217,-126
114900054,55,158,-103
114900057,229,4,225
114900058,0,93,-93
114900059,26,28,-2
114900060,1532,355,1177
114900061,54,223,-169
114900062,260,293,-33
114900063,41,270,-229
114900064,581,813,-232
114900065,240,682,-442
114900067,19,328,-309
114900068,71,244,-173
114900069,202,186,16
114900070,187,749,-562
114900072,7,276,-269
114900073,1,220,-219
114900074,142,1034,-892
114900075,95,3,92
114900076,2,393,-391
114900080,3582,409,3173
114900082,4240,1259,2981
114900083,578,813,-235
114900090,134,137,-3
114900091,134,195,-61
114900095,489,118,371
114900096,515,683,-168
114900097,28,0,28
114900098,2,266,-264
114900099,45,5,40
115000001,10443,7417,3026
115000002,2554,3152,-598
115000003,3908,5213,-1305
115000004,2017,4155,-2138
115000005,1115,3590,-2475
115000006,434,1352,-918
115000007,65,130,-65
115000008,362,496,-134
115000009,142,347,-205
115000010,207,161,46
115000013,135,165,-30
115000015,87,118,-31
115000016,238,205,33
115000019,16,320,-304
115000020,137,277,-140
115000021,218,382,-164
115000022,437,398,39
115000023,226,378,-152
115000024,1181,589,592
115000025,556,424,132
115000026,141,448,-307
115000027,156,264,-108
115000028,122,710,-588
115000029,307,174,133
115000030,313,816,-503
115000031,713,297,416
115000032,6,255,-249
115000033,132,14,118
115000034,117,1073,-956
115000035,835,33,802
115000036,0,454,-454
115000037,222,1,221
115000038,42,175,-133
115000039,3019,1690,1329
115000040,7434,3040,4394
115000041,1049,2130,-1081
115000042,926,618,308
115000043,2925,2562,363
115000044,3326,4642,-1316
115000045,1841,2820,-979
115000046,1203,2434,-1231
115000047,1242,2107,-865
115000048,1097,3349,-2252
115000049,1493,3232,-1739
115000050,2316,1969,347
115000051,2299,1494,805
115000052,4276,2113,2163
115000053,1178,1229,-51
115000054,918,1596,-678
115000055,102,424,-322
115000056,174,253,-79
115000057,296,659,-363
115000058,140,123,17
115000059,127,198,-71
115000061,193,95,98
115000062,141,379,-238
115000063,148,341,-193
115000064,201,219,-18
115000065,16,174,-158
115000067,246,46,200
115000069,26,306,-280
115000070,65,663,-598
115000071,60,6,54
115000072,27,72,-45
115000073,1456,46,1410
115000075,43,48,-5
115000076,3202,3867,-665
115000077,1104,4459,-3355
115000078,570,2271,-1701
115000079,843,2542,-1699
115000080,1384,2971,-1587
115000081,382,1011,-629
115000082,2251,2719,-468
115000083,1543,4039,-2496
115000084,969,1049,-80
115000085,416,1183,-767
115000086,561,1174,-613
115000087,438,1568,-1130
115000088,1467,716,751
115000089,1640,1646,-6
115000090,952,667,285
115000091,231,1481,-1250
115000092,255,345,-90
115000093,363,4,359
115000094,9071,4497,4574
115000095,7409,4363,3046
115000096,492,2462,-1970
115000097,338,826,-488
115000098,523,1006,-483
115000099,1263,3756,-2493
115000100,493,566,-73
115000101,336,1820,-1484
115000102,271,187,84
115000103,435,1008,-573
115000105,43,212,-169
115000106,275,234,41
115000107,93,695,-602
115000108,4532,3322,1210
115000109,6179,2550,3629
115000110,1155,654,501
115000111,740,1731,-991
115000112,554,413,141
115000113,1065,924,141
115000114,1794,910,884
115000116,3137,1233,1904
115000117,3888,1794,2094
115000118,1815,1354,461
115000119,1792,1654,138
115000120,545,600,-55
115000121,2017,821,1196
115000122,5296,878,4418
115000123,2490,1106,1384
115000124,628,613,15
115000125,368,635,-267
115000126,131,325,-194
115000127,268,194,74
115000128,1150,759,391
115000129,210,162,48
115000130,268,1312,-1044
115000131,343,253,90
115000132,161,640,-479
115000133,296,391,-95
115000134,387,229,158
115000135,103,260,-157
115000136,76,219,-143
115000137,49,190,-141
115000138,126,221,-95
115000139,146,274,-128
115000140,119,227,-108
115000141,107,421,-314
115000142,73,385,-312
115000143,208,454,-246
115000144,243,83,160
115000145,164,595,-431
115000146,252,209,43
115000147,345,553,-208
115000148,318,1769,-1451
115000149,263,216,47
115000150,564,1601,-1037
115000151,437,514,-77
115000152,389,2120,-1731
115000153,441,499,-58
115000154,436,376,60
115000155,458,1465,-1007
115000156,914,627,287
115000157,956,985,-29
115000158,715,371,344
115000159,647,418,229
115000160,730,589,141
115000161,556,675,-119
115000162,679,447,232
115000163,626,529,97
115000164,578,439,139
115000165,315,331,-16
115000167,78,70,8
115000168,607,218,389
115000169,622,365,257
115000170,61,133,-72
115000171,210,120,90
115000172,2085,538,1547
115000173,279,256,23
115000174,35,200,-165
115000175,69,54,15
115000176,235,32,203
115000177,231,56,175
115000178,5,313,-308
115000179,11,16,-5
115000180,52,874,-822
115000181,207,115,92
115000182,320,371,-51
115000183,137,1248,-1111
115000186,486,321,165
115000187,120,778,-658
115000188,366,544,-178
115000189,246,456,-210
115000190,643,457,186
115000191,206,428,-222
115000194,144,144,0
115000195,210,178,32
115000196,57,135,-78
115000197,65,526,-461
115000198,85,267,-182
115000199,118,356,-238
115000200,194,138,56
115000201,71,446,-375
115000206,184,90,94
115000207,64,405,-341
115000208,639,803,-164
115000209,420,162,258
115000210,93,108,-15
115000211,183,257,-74
115000212,1710,382,1328
115000224,100,66,34
115000225,94,50,44
115000229,250,174,76
115000230,78,461,-383
115000231,263,3103,-2840
115000232,769,390,379
115000233,79,258,-179
115000234,9,228,-219
115000241,35,362,-327
115000242,29,372,-343
115000243,7,296,-289
115000244,2,107,-105
115000246,31,22,9
115000247,14,10,4
115000248,22,8,14
115000249,25,9,16
115000250,160,37,123
115000251,94,169,-75
115000252,24,151,-127
115000253,10,166,-156
115000258,107,214,-107
115000259,302,165,137
115000261,6,24,-18
115000262,7,22,-15
115000263,4,47,-43
115000264,7,40,-33
115000267,32,74,-42
115000268,41,105,-64
115000269,79,57,22
115000270,2,18,-16
115000272,47,155,-108
115000273,161,42,119
115000280,3705,72,3633
115000281,999,138,861
115000282,1400,493,907
115000284,374,81,293
115000296,503,6,497
115000297,122,56,66
115000298,41,107,-66
115000300,46,246,-200
115000302,165,268,-103
115000303,265,180,85
115000304,282,99,183
115000305,71,1514,-1443
115000306,55,715,-660
115000307,38,383,-345
115000308,82,15,67
115000309,24,10,14
115000310,510,1592,-1082
115000311,331,1702,-1371
115000313,73,999,-926
115000314,168,40,128
115000315,1480,250,1230
115000316,20,62,-42
115000317,144,688,-544
115000318,552,239,313
115000319,41,313,-272
115000320,8,146,-138
115000321,485,9,476
115000322,42,303,-261
115000449,370,105,265
115000557,1,487,-486
115000558,168,57,111
115000587,191,375,-184
115000588,2183,4403,-2220
115000589,2509,2720,-211
115000590,896,1776,-880
115000591,1520,819,701
115000592,802,1603,-801
115000593,1264,571,693
115000594,1033,1538,-505
115000609,93,118,-25
115000617,2174,1395,779
115000624,110,119,-9
115000633,344,1982,-1638
115000634,2398,818,1580
115000635,225,125,100
115000638,1410,810,600
115000641,103,135,-32
115000642,366,255,111
115000643,72,457,-385
115000644,128,442,-314
115000646,582,1004,-422
115000647,157,460,-303
115000648,837,1907,-1070
115000893,4150,960,3190
115000894,70,1319,-1249
115000895,282,878,-596
115000896,816,343,473
115000897,544,69,475
115000898,871,205,666
115000899,1151,949,202
115000900,90,325,-235
115000901,65,110,-45
115000912,126,59,67
115000913,2,66,-64
115000915,12,0,12
115000916,27,29,-2
115000917,0,3,-3
115000918,100,142,-42
115000919,42,2,40
115000920,10,48,-38
115000921,1506,113,1393
115000922,1105,453,652
115000923,545,753,-208
115000925,36,79,-43
115000927,11,36,-25
115000933,335,115,220
115000934,74,237,-163
115000935,60,131,-71
115000936,43,189,-146
115000937,1136,129,1007
115000938,162,112,50
115000939,72,80,-8
115900001,16,93,-77
115900002,85,212,-127
115900003,52,145,-93
115900004,1,69,-68
115900005,53,2,51
115900006,63,442,-379
115900008,15,13,2
115900009,56,338,-282
115900010,101,274,-173
115900011,318,341,-23
115900012,34,101,-67
115900013,380,174,206
115900014,77,181,-104
115900015,26,133,-107
115900016,53,36,17
115900017,1,1,0
115900018,180,101,79
115900019,556,25,531
115900020,15,0,15
115900021,2177,81,2096
115900022,2614,19,2595
115900023,5,0,5
115900025,88,237,-149
115900026,918,424,494
115900027,0,466,-466
115900028,643,61,582
115900029,5,648,-643
115900030,38,5,33
115900031,534,131,403
115900032,386,868,-482
115900033,0,59,-59
115900034,15,724,-709
115900035,26,123,-97
115900036,269,305,-36
115900037,21,642,-621
115900038,13,6,7
115900039,94,337,-243
115900041,239,292,-53
115900042,6,2,4
115900043,22,150,-128
115900044,273,225,48
115900046,142,357,-215
115900047,49,42,7
115900049,98,242,-144
115900051,2,99,-97
115900052,17,344,-327
115900053,75,319,-244
115900054,52,73,-21
115900055,18,146,-128
115900056,99,469,-370
115900057,9,2,7
115900058,24,86,-62
115900060,62,170,-108
115900061,75,2,73
115900062,17,401,-384
115900063,40,14,26
115900064,143,297,-154
115900065,30,217,-187
115900066,159,196,-37
115900067,7,1000,-993
115900068,4470,138,4332
115900069,103,244,-141
115900070,67,295,-228
115900071,2,787,-785
115900072,79,275,-196
115900073,16,26,-10
115900074,5,431,-426
115900075,15,401,-386
115900076,1,112,-111
115900077,7,433,-426
115900078,29,166,-137
115900079,61,16,45
115900080,384,210,174
115900081,7,110,-103
115900082,151,156,-5
115900084,143,78,65
115900085,43,36,7
115900086,1622,518,1104
115900088,31,24,7
115900089,108,988,-880
115900090,139,46,93
115900091,2,34,-32
115900092,28,281,-253
115900093,1,66,-65
115900094,6,525,-519
115900096,1,26,-25
115900097,7,737,-730
115900098,65,556,-491
115900099,39,118,-79
115900100,10,653,-643
115900101,92,498,-406
115900102,15,79,-64
115900103,128,321,-193
115900104,20,215,-195
115900105,54,814,-760
115900106,16,30,-14
115900107,10,204,-194
115900108,34,35,-1
115900109,42,492,-450
115900110,0,11,-11
115900111,1,82,-81
115900112,32,1039,-1007
115900113,14,15,-1
115900114,4,174,-170
115900115,39,150,-111
115900116,77,1163,-1086
115900117,28,19,9
115900118,2,492,-490
115900119,72,99,-27
115900120,19,486,-467
115900121,79,263,-184
115900124,128,339,-211
115900125,109,42,67
115900126,318,65,253
115900127,366,39,327
115900128,17,39,-22
115900129,461,26,435
115900130,31,195,-164
115900131,140,34,106
115900132,151,6,145
115900134,128,2,126
115900135,555,410,145
115900137,3,5,-2
115900139,110,59,51
115900140,157,8,149
115900141,3,57,-54
115900142,7,12,-5
115900143,228,269,-41
115900144,26,209,-183
115900146,3,189,-186
115900147,161,253,-92
115900148,5,11,-6
115900149,24,30,-6
115900150,15,77,-62
115900151,14,59,-45
115900152,34,534,-500
115900153,40,212,-172
115900154,696,259,437
115900155,0,87,-87
115900156,420,796,-376
115900157,60,401,-341
115900158,44,13,31
115900159,19,279,-260
115900160,5,1,4
115900161,94,193,-99
115900163,85,145,-60
115900164,157,42,115
115900165,3,102,-99
115900166,165,234,-69
115900168,25,198,-173
115900171,35,418,-383
115900172,15,134,-119
115900173,165,170,-5
115900174,217,227,-10
115900175,37,224,-187
115900178,5,815,-810
115900179,83,21,62
115900180,28,400,-372
115900181,40,280,-240
115900182,172,432,-260
115900183,187,20,167
115900184,1811,13,1798
115900187,5,93,-88
115900189,0,61,-61
115900190,434,431,3
115900191,52,540,-488
115900192,10,60,-50
115900193,106,47,59
115900194,279,25,254
115900195,468,787,-319
115900198,204,227,-23
115900199,144,287,-143
115900200,260,294,-34
115900201,358,172,186
115900202,0,9,-9
115900203,2,1,1
115900204,0,0,0
115900205,29,13,16
115900206,39,166,-127
115900207,10,21,-11
115900208,44,374,-330
115900209,1,144,-143
115900210,1,164,-163
115900211,1,193,-192
115900212,63,260,-197
115900213,44,22,22
115900214,137,287,-150
115900215,19,31,-12
115900216,2,84,-82
115900217,1,54,-53
115900218,0,38,-38
115900219,18,2,16
115900220,31,2,29
115900221,20,5,15
115900222,33,12,21
115900223,18,59,-41
115900224,1871,268,1603
115900225,82,27,55
115900226,21,33,-12
115900227,8,44,-36
115900228,3,47,-44
115900229,2,55,-53
115900230,49,88,-39
115900231,58,0,58
115900232,6,1,5
115900233,60,10,50
115900234,19,10,9
115900235,2,20,-18
115900236,23,6,17
115900237,8,18,-10
115900238,17,20,-3
115900239,7,32,-25
115900240,6,62,-56
115900241,78,94,-16
115900242,164,129,35
115900243,7,8,-1
115900244,3,16,-13
115900245,10,23,-13
115900246,4,2,2
115900247,11,4,7
115900248,1,4,-3
115900249,2,1,1
115900250,3,6,-3
115900251,0,5,-5
115900252,2,1,1
115900253,1,9,-8
115900254,4,10,-6
115900255,4,24,-20
115900256,33,13,20
115900257,0,2,-2
115900258,0,3,-3
115900259,5,1,4
115900260,9,0,9
115900261,3,5,-2
115900262,3,0,3
115900263,5,8,-3
115900264,20,4,16
115900265,0,3,-3
115900266,6,4,2
115900267,0,3,-3
115900268,0,16,-16
115900269,179,443,-264
115900270,140,885,-745
115900271,25,0,25
115900272,8,0,8
115900273,1,1,0
115900274,0,16,-16
115900275,0,43,-43
115900276,0,101,-101
115900277,0,202,-202
115900278,22,91,-69
115900279,11,153,-142
115900280,14,246,-232
115900281,512,123,389
115900282,26,7,19
115900283,3,5,-2
115900284,2,5,-3
116000001,23195,5536,17659
116000002,4341,5217,-876
116000003,1545,2212,-667
116000004,1274,1657,-383
116000005,2559,3624,-1065
116000006,1411,1016,395
116000007,4535,4704,-169
116000008,4861,1413,3448
116000009,1873,3119,-1246
116000010,1229,827,402
116000011,664,2044,-1380
116000012,537,556,-19
116000013,19108,4684,14424
116000014,23881,5847,18034
116000015,597,851,-254
116000016,9896,1858,8038
116000017,24,400,-376
116000018,837,464,373
116000019,853,259,594
116000020,487,1490,-1003
116000021,208,238,-30
116000022,320,627,-307
116000023,548,523,25
116000024,837,1855,-1018
116000025,592,554,38
116000026,1846,2721,-875
116000027,420,559,-139
116000028,307,496,-189
116000029,1058,538,520
116000030,275,257,18
116000031,126,201,-75
116000032,279,309,-30
116000033,188,526,-338
116000034,410,962,-552
116000035,307,574,-267
116000036,2035,546,1489
116000037,586,506,80
116000038,548,356,192
116000039,653,275,378
116000040,815,390,425
116000041,309,609,-300
116000042,362,305,57
116000043,87,489,-402
116000044,11,72,-61
116000045,1208,1074,134
116000046,972,715,257
116000047,1851,1670,181
116000048,1995,1533,462
116000049,636,1854,-1218
116000050,1028,1427,-399
116000051,2007,1805,202
116000052,2530,3368,-838
116000053,1293,1146,147
116000054,551,2588,-2037
116000055,249,1620,-1371
116000056,496,1043,-547
116000057,3168,2445,723
116000058,2970,1914,1056
116000059,2570,3422,-852
116000060,3727,1029,2698
116000061,509,768,-259
116000062,564,315,249
116000063,508,1177,-669
116000066,114,276,-162
116000067,297,727,-430
116000068,103,169,-66
116000069,240,596,-356
116000078,184,832,-648
116000080,966,1178,-212
116000082,13,123,-110
116000083,969,377,592
116000084,2501,4518,-2017
116000085,1567,1003,564
116000086,2132,1420,712
116000087,935,1080,-145
116000088,735,1664,-929
116000089,126,110,16
116000090,117,129,-12
116000091,230,110,120
116000093,1408,935,473
116000094,372,827,-455
116000095,463,795,-332
116000096,430,1378,-948
116000097,363,851,-488
116000098,326,4907,-4581
116000099,10813,328,10485
116000100,51,17,34
116000101,255,1952,-1697
116000102,203,1565,-1362
116000103,316,202,114
116000104,172,1875,-1703
116000105,444,185,259
116000106,593,1280,-687
116000107,2073,448,1625
116000108,254,180,74
116000111,48,29,19
116000113,161,46,115
116000114,23,148,-125
116000115,152,57,95
116000116,208,648,-440
116000117,822,1901,-1079
116000118,948,1790,-842
116000119,1446,1582,-136
116000120,2401,5681,-3280
116000121,533,416,117
116000122,1381,2983,-1602
116000123,424,376,48
116000124,325,1450,-1125
116000125,1188,480,708
116000126,261,1740,-1479
116000127,912,1843,-931
116000128,1005,655,350
116000129,545,193,352
116000130,187,236,-49
116000133,374,1045,-671
116000134,1076,3214,-2138
116000135,1001,1079,-78
116000136,881,2667,-1786
116000137,502,450,52
116000138,1577,398,1179
116000139,1587,2410,-823
116000140,78,277,-199
116000141,330,1241,-911
116000142,4308,4931,-623
116000143,1869,1367,502
116000144,956,3619,-2663
116000145,1187,1519,-332
116000146,263,544,-281
116000147,164,99,65
116000148,238,361,-123
116000149,296,506,-210
116000151,420,1093,-673
116000153,55,394,-339
116000155,180,236,-56
116000156,1686,1570,116
116000157,39,22,17
116000158,319,398,-79
116000159,13,6,7
116000160,22,162,-140
116000161,10,114,-104
116000162,51,38,13
116000163,16,8,8
116000164,9,15,-6
116000177,307,133,174
116000194,37,454,-417
116000195,1141,586,555
116000196,4,1,3
116000197,1,5,-4
116000198,2477,1092,1385
116000200,872,210,662
116000201,449,715,-266
116000202,5,394,-389
116000203,2,103,-101
116000204,9,32,-23
116000205,0,150,-150
116000206,2,78,-76
116000207,1,19,-18
116000233,142,1123,-981
116000287,64,646,-582
116000288,68,313,-245
116000292,49,131,-82
116000296,7,402,-395
116000297,72,6,66
116000304,67,49,18
116000305,5,151,-146
116000346,72,259,-187
116000352,82,122,-40
116000354,9,52,-43
116000357,7,64,-57
116000358,137,36,101
116000361,116,1,115
116000372,11111,2204,8907
116000381,46,0,46
116000388,0,36,-36
116000389,527,529,-2
116000445,154,870,-716
116000446,138,1183,-1045
116000447,10,474,-464
116000448,552,280,272
116000563,1012,574,438
116000565,103,544,-441
116000568,48,186,-138
116000579,22,140,-118
116000584,3,17,-14
116000585,9,12,-3
116000586,279,65,214
116000587,265,535,-270
116000589,23,80,-57
116000590,44,36,8
116000591,55,403,-348
116000592,15,179,-164
116000593,0,75,-75
116000594,196,695,-499
116000595,316,193,123
116000596,29,13,16
116000597,113,66,47
116000598,9,251,-242
116000602,114,196,-82
116000605,219,154,65
116000606,16,117,-101
116000607,2,37,-35
116000609,204,545,-341
116000611,55,627,-572
116000612,466,1644,-1178
116000613,176,338,-162
116000614,405,928,-523
116000615,2,114,-112
116000616,18,190,-172
116000617,24,146,-122
116000618,1,251,-250
116000619,10,48,-38
116000620,39,55,-16
116000621,17,65,-48
116000622,20,131,-111
116000624,61,95,-34
116000627,5,37,-32
116000628,15,1138,-1123
116000629,28,717,-689
116000630,124,127,-3
116000631,46,97,-51
116000632,154,649,-495
116000633,19,931,-912
116000634,143,69,74
116000635,3009,1256,1753
116000636,1491,834,657
116000637,82,15,67
116000638,15,732,-717
116900001,162,107,55
116900002,294,2,292
116900003,10,92,-82
116900004,39,37,2
116900005,89,61,28
116900006,169,155,14
116900007,105,183,-78
116900008,168,669,-501
116900009,10,3,7
116900010,8,2359,-2351
116900011,8,45,-37
116900012,132,266,-134
116900013,6,263,-257
116900014,28,466,-438
116900015,106,75,31
116900016,57,1,56
116900017,0,849,-849
116900018,38,25,13
116900019,5,511,-506
116900020,2303,282,2021
116900023,41,5,36
116900024,263,88,175
116900025,386,1303,-917
116900026,216,840,-624
116900027,13,45,-32
116900028,2,131,-129
116900029,0,9,-9
116900031,0,5,-5
116900032,1,453,-452
116900033,4,10,-6
116900034,7,65,-58
116900035,56,223,-167
116900036,0,122,-122
116900038,8,0,8
116900041,55,19,36
116900042,1213,227,986
116900043,9,93,-84
116900047,92,37,55
116900049,56,333,-277
116900050,51,461,-410
116900051,31,382,-351
116900052,131,62,69
116900055,3,2,1
116900057,12,394,-382
116900058,26,486,-460
116900059,3,233,-230
116900060,128,301,-173
116900062,0,10,-10
116900064,58,1395,-1337
116900065,3,101,-98
116900067,66,152,-86
116900068,91,530,-439
116900070,0,1,-1
116900072,10,616,-606
116900073,3,248,-245
116900074,2,73,-71
116900076,6,9,-3
116900077,5,261,-256
116900078,221,172,49
116900079,8,436,-428
116900080,6,17,-11
116900081,374,1630,-1256
116900082,208,1188,-980
116900083,33,68,-35
116900084,140,70,70
116900085,20,165,-145
116900086,24,282,-258
116900088,457,77,380
116900090,131,58,73
116900091,62,125,-63
116900092,53,1033,-980
116900093,1903,1461,442
116900094,8543,2125,6418
116900095,103,206,-103
116900096,70,85,-15
116900097,4504,1433,3071
116900098,1165,180,985
116900099,551,329,222
116900100,342,27,315
116900101,272,898,-626
116900103,4,0,4
116900104,31,99,-68
116900105,196,26,170
116900106,689,388,301
116900107,5296,1066,4230
116900110,1,0,1
116900111,106,1706,-1600
116900112,138,1057,-919
116900113,3744,737,3007
116900116,112,240,-128
116900117,16,91,-75
116900118,1339,550,789
116900120,124,115,9
116900121,44,66,-22
116900122,275,1098,-823
116900123,68,1231,-1163
116900124,112,879,-767
116900125,91,257,-166
116900126,287,530,-243
116900128,2,50,-48
116900129,1,403,-402
116900130,1263,1696,-433
116900131,56,170,-114
116900132,20,76,-56
116900133,66,95,-29
116900134,118,229,-111
116900136,122,157,-35
116900137,229,172,57
116900138,155,201,-46
116900139,92,447,-355
116900140,106,242,-136
116900141,302,355,-53
116900142,4,19,-15
116900143,145,530,-385
116900144,10,40,-30
116900145,108,391,-283
116900147,498,247,251
116900148,0,36,-36
116900149,24,160,-136
116900150,5,4,1
116900151,135,18,117
116900153,39,40,-1
116900154,745,174,571
116900155,55,41,14
116900157,203,297,-94
116900158,37,57,-20
116900159,35,166,-131
116900160,516,233,283
116900161,11154,3504,7650
116900162,5,183,-178
116900163,45,167,-122
116900164,29,30,-1
116900165,83,84,-1
116900166,7,116,-109
116900167,206,66,140
116900168,78,115,-37
116900169,509,192,317
116900170,127,187,-60
116900171,41,276,-235
116900172,229,50,179
116900173,66,63,3
116900174,7,24,-17
116900175,88,105,-17
116900178,12,238,-226
116900179,65,83,-18
116900180,76,29,47
116900182,205,220,-15
116900183,95,73,22
116900185,12,19,-7
116900186,61,462,-401
116900187,11,7,4
116900188,106,16,90
116900189,38,0,38
116900191,197,397,-200
116900192,136,259,-123
116900194,42,392,-350
116900195,15,8,7
116900196,40,149,-109
116900197,22,3,19
116900198,392,120,272
116900200,9,35,-26
116900201,29,17,12
116900202,171,66,105
116900203,68,2,66
116900204,33,54,-21
116900206,6,47,-41
116900207,12,28,-16
116900208,6,242,-236
116900209,8,166,-158
116900210,317,173,144
116900211,234,12,222
116900212,8,101,-93
116900213,170,221,-51
116900214,64,164,-100
116900215,29,107,-78
116900216,118,479,-361
116900218,4,343,-339
116900219,777,388,389
116900220,67,224,-157
116900221,43,280,-237
116900222,319,290,29
116900223,73,200,-127
116900226,21,69,-48
116900227,94,78,16
116900228,110,342,-232
116900230,22,449,-427
116900231,12,645,-633
116900232,6,659,-653
116900233,72,56,16
116900234,9,7,2
116900235,109,416,-307
116900238,1340,388,952
116900239,19,728,-709
116900240,7547,2197,5350
116900241,20,327,-307
116900242,423,150,273
116900243,1,147,-146
116900245,24,12,12
116900246,17,8,9
116900247,180,8,172
116900248,40,32,8
116900249,117,143,-26
116900250,105,37,68
116900251,524,164,360
116900252,38,1165,-1127
116900253,32,84,-52
116900254,10,88,-78
116900255,80,20,60
116900256,139,92,47
116900257,6,858,-852
116900258,5,488,-483
116900259,21,5,16
116900260,1,181,-180
116900261,5,0,5
116900262,74,201,-127
116900263,0,7,-7
116900264,0,2,-2
116900265,15,0,15
116900266,7,78,-71
116900267,0,1,-1
116900268,23,17,6
116900269,261,461,-200
116900271,3195,72,3123
116900272,568,718,-150
116900273,281,36,245
116900274,29,76,-47
116900275,48,167,-119
116900276,1537,33,1504
116900277,841,17,824
116900278,1,11,-10
116900279,0,33,-33
116900280,7,34,-27
116900281,9392,1825,7567
116900282,3,181,-178
116900283,19,169,-150
116900284,22,213,-191
116900285,389,92,297
116900286,222,11,211
116900287,4,90,-86
116900288,37,118,-81
116900289,6,40,-34
116900290,0,40,-40
116900291,4,7,-3
116900292,0,0,0
116900293,9,75,-66
116900294,24,134,-110
116900295,86,86,0
116900296,54,90,-36
116900297,1,61,-60
116900298,118,35,83
116900299,35,86,-51
116900300,24,418,-394
116900301,86,88,-2
116900302,71,38,33
116900303,520,52,468
116900304,0,138,-138
116900305,17,39,-22
116900306,23,102,-79
117000001,958,1159,-201
117000002,1358,4502,-3144
117000003,5974,2701,3273
117000004,4721,6021,-1300
117000005,971,1370,-399
117000006,829,4990,-4161
117000007,2042,1295,747
117000008,1327,5048,-3721
117000009,4125,1579,2546
117000010,2708,4824,-2116
117000011,1107,2316,-1209
117000012,1184,2206,-1022
117000013,821,1536,-715
117000014,705,2851,-2146
117000015,3138,1364,1774
117000016,528,50,478
117000017,427,174,253
117000018,211,318,-107
117000019,218,3,215
117000020,812,1077,-265
117000021,4197,445,3752
117000022,546,54,492
117000023,521,150,371
117000024,590,74,516
117000025,900,670,230
117000026,2751,697,2054
117000027,6053,1174,4879
117000028,5987,581,5406
117000030,1240,609,631
117000031,389,166,223
117000032,2401,1572,829
117000033,964,798,166
117000034,311,361,-50
117000035,202,171,31
117000036,363,360,3
117000037,205,151,54
117000038,330,439,-109
117000039,326,309,17
117000040,119,1732,-1613
117000041,449,135,314
117000044,22,1455,-1433
117000045,239,47,192
117000046,342,949,-607
117000047,455,439,16
117000048,2159,1605,554
117000049,150,431,-281
117000050,102,3207,-3105
117000051,1206,174,1032
117000052,1,709,-708
117000053,126,66,60
117000054,1125,5,1120
117000055,14,4197,-4183
117000056,418,21,397
117000057,712,2409,-1697
117000060,374,2616,-2242
117000061,1031,686,345
117000062,188,608,-420
117000063,1140,705,435
117000064,884,876,8
117000066,1393,744,649
117000067,81,294,-213
117000074,157,201,-44
117000076,106,47,59
117000077,109,72,37
117000078,99,670,-571
117000079,179,189,-10
117000080,5,375,-370
117000081,612,108,504
117000082,15,75,-60
117000083,96,4,92
117000084,381,3,378
117000085,146,553,-407
117000086,1310,735,575
117000087,73,581,-508
117000088,207,236,-29
117000089,1003,333,670
117000090,206,1747,-1541
117000091,387,384,3
117000092,315,2093,-1778
117000093,626,691,-65
117000094,529,3079,-2550
117000095,1605,848,757
117000096,525,2991,-2466
117000097,818,1253,-435
117000098,2925,7161,-4236
117000099,1623,793,830
117000100,136,156,-20
117000101,191,1674,-1483
117000102,894,472,422
117000103,855,2195,-1340
117000104,970,486,484
117000105,736,2512,-1776
117000106,692,854,-162
117000107,436,2991,-2555
117000108,893,857,36
117000109,1731,3537,-1806
117000110,923,706,217
117000111,3256,5113,-1857
117000112,2182,2308,-126
117000113,91,510,-419
117000114,109,195,-86
117000115,36,197,-161
117000116,68,331,-263
117000117,1529,411,1118
117000118,194,145,49
117000119,171,28,143
117000120,550,67,483
117000121,422,326,96
117000122,747,771,-24
117000123,2053,25,2028
117000124,1374,27,1347
117000125,474,49,425
117000126,49,60,-11
117000127,180,375,-195
117000128,427,654,-227
117000129,741,304,437
117000130,96,0,96
117000131,0,196,-196
117000132,1207,38,1169
117000133,416,115,301
117000134,0,65,-65
117000135,6,23,-17
117000136,0,46,-46
117000137,61,44,17
117000138,3,774,-771
117000140,408,2020,-1612
117000141,1064,557,507
117000181,1439,418,1021
117000182,264,174,90
117000195,201,1670,-1469
117000196,91,51,40
117000225,133,2,131
117000226,11,106,-95
117000276,59,5,54
117000277,4,624,-620
117000310,2760,2959,-199
117000315,28,557,-529
117000320,61,0,61
117000906,98,8,90
117000907,15,577,-562
117000908,150,15,135
117000909,81,23,58
117000910,191,115,76
117000911,119,277,-158
117000915,9,764,-755
117000916,28,2,26
117000917,535,12,523
117000918,21,35,-14
117000919,24,168,-144
117000920,8,1992,-1984
117000921,9,2574,-2565
117000922,50,157,-107
117000924,239,740,-501
117000926,1805,84,1721
117000927,3425,253,3172
117000928,2,295,-293
117000929,129,619,-490
117000930,49,9,40
117000931,1276,64,1212
117900002,106,348,-242
117900003,1123,352,771
117900005,20,9,11
117900006,0,46,-46
117900007,88,205,-117
117900008,0,71,-71
117900010,179,163,16
117900011,24,38,-14
117900012,33,233,-200
117900013,3,510,-507
117900014,272,298,-26
117900015,13,280,-267
117900016,1671,355,1316
117900017,252,556,-304
117900018,260,43,217
117900019,288,680,-392
117900020,86,227,-141
117900021,15,132,-117
117900022,19,13,6
117900023,912,176,736
117900024,69,224,-155
117900025,21,16,5
117900026,223,540,-317
117900028,37,1,36
117900029,134,1178,-1044
117900030,189,181,8
117900031,170,138,32
117900032,541,348,193
117900033,102,1245,-1143
117900034,36,69,-33
117900035,64,62,2
117900036,128,954,-826
117900037,43,208,-165
117900038,30,501,-471
117900039,4,97,-93
117900040,115,840,-725
117900041,5,69,-64
117900042,5912,475,5437
117900043,28,44,-16
117900044,39,2029,-1990
117900045,132,79,53
117900048,91,384,-293
117900049,60,866,-806
117900050,4,25,-21
117900051,31,4,27
117900052,58,279,-221
117900053,723,742,-19
117900054,3,15,-12
117900055,104,119,-15
117900056,693,30,663
117900057,836,1390,-554
117900058,157,6,151
117900059,212,51,161
117900060,600,6631,-6031
117900061,27,200,-173
117900063,98,211,-113
117900065,900,1483,-583
117900066,11,47,-36
117900067,239,395,-156
117900069,395,619,-224
117900070,241,5,236
117900071,65,172,-107
117900073,193,566,-373
117900074,101,6,95
117900075,31,94,-63
117900076,16,84,-68
117900077,132,140,-8
117900078,191,338,-147
117900080,134,78,56
117900081,554,486,68
117900082,199,178,21
117900083,184,878,-694
117900086,57,79,-22
117900087,37,64,-27
117900088,2813,2074,739
117900089,986,299,687
117900090,165,1103,-938
117900091,186,148,38
117900092,22,37,-15
117900093,29,91,-62
117900094,22,3,19
117900095,160,845,-685
117900096,27,282,-255
117900097,239,58,181
117900098,13,4,9
117900099,113,662,-549
117900100,91,0,91
117900101,376,861,-485
117900102,59,45,14
117900103,16,1,15
117900104,7,196,-189
117900105,186,258,-72
117900106,61,88,-27
117900107,8,0,8
117900109,245,311,-66
117900110,49,0,49
117900111,112,3,109
117900112,33,16,17
117900113,4913,1647,3266
117900114,4,0,4
117900115,369,34,335
117900116,959,964,-5
117900117,324,345,-21
117900118,3,0,3
117900119,43,362,-319
117900120,71,113,-42
117900121,65,30,35
117900122,1264,1401,-137
117900123,471,923,-452
117900124,565,649,-84
117900125,1073,729,344
117900126,262,705,-443
117900127,291,866,-575
117900128,189,1072,-883
117900129,12,0,12
117900130,703,386,317
117900131,0,149,-149
117900132,6,124,-118
117900133,1,175,-174
117900134,56,231,-175
117900135,11,357,-346
117900136,0,100,-100
117900137,17,432,-415
117900138,0,82,-82
117900139,44,186,-142
117900140,6529,189,6340
117900141,268,303,-35
117900142,41,3,38
117900144,89,112,-23
117900145,75,13,62
117900146,185,86,99
117900147,19,64,-45
117900148,3734,966,2768
117900149,31,255,-224
117900150,22,115,-93
117900151,20,150,-130
117900152,67,113,-46
117900153,12,99,-87
117900154,266,766,-500
117900156,713,740,-27
117900157,41,482,-441
117900158,143,70,73
117900160,288,274,14
117900161,2913,2842,71
117900162,126,400,-274
117900163,57,14,43
117900165,0,13,-13
117900166,102,232,-130
117900168,38,241,-203
117900169,0,162,-162
117900170,1,45,-44
117900171,4,21,-17
117900172,15,55,-40
117900173,231,52,179
117900174,17,87,-70
117900175,1,36,-35
117900176,10,75,-65
117900177,4,75,-71
117900178,106,40,66
117900180,362,31,331
117900181,233,155,78
117900182,5,20,-15
117900183,32,189,-157
117900184,2,67,-65
117900185,12,26,-14
117900186,22,22,0
117900187,20,9,11
117900188,209,15,194
117900189,57,5,52
117900190,6,1,5
117900191,16,0,16
117900192,95,0,95
117900193,5,85,-80
117900194,10,5,5
117900195,35,41,-6
117900196,4,23,-19
117900207,113,68,45
117900208,20,62,-42
117900209,197,157,40
117900210,146,170,-24
117900211,10,272,-262
117900212,86,173,-87
117900213,10,10,0
117900214,2,59,-57
117900215,6,59,-53
117900216,74,11,63
117900217,280,41,239
117900218,330,200,130
117900219,4,33,-29
117900220,107,90,17
117900222,106,281,-175
117900223,68,150,-82
118000001,768,386,382
118000002,1633,2147,-514
118000003,1498,1102,396
118000004,3138,2269,869
118000005,6766,1882,4884
118000006,9971,7621,2350
118000007,7198,2076,5122
118000008,6205,3036,3169
118000009,2170,3414,-1244
118000010,4636,4621,15
118000011,596,3343,-2747
118000012,959,3353,-2394
118000013,3743,3403,340
118000014,2150,3787,-1637
118000016,272,789,-517
118000017,156,372,-216
118000018,221,980,-759
118000019,2007,1330,677
118000020,1231,1368,-137
118000021,670,1673,-1003
118000022,2013,537,1476
118000023,1082,225,857
118000024,2120,618,1502
118000027,22532,5272,17260
118000029,1541,653,888
118000032,2074,1572,502
118000033,3098,2139,959
118000034,5730,2031,3699
118000035,1795,1606,189
118000036,1489,1031,458
118000037,686,1058,-372
118000038,120,160,-40
118000039,89,472,-383
118000040,1707,2523,-816
118000041,1890,1592,298
118000045,1061,115,946
118000046,2178,627,1551
118000047,1867,485,1382
118000048,4866,1216,3650
118000051,2818,675,2143
118000052,1771,505,1266
118000053,513,511,2
118000054,1939,1457,482
118000055,1332,1559,-227
118000056,356,268,88
118000057,578,319,259
118000058,4593,1388,3205
118000059,2384,860,1524
118000060,651,828,-177
118000061,656,1474,-818
118000062,437,251,186
118000063,366,439,-73
118000064,936,1147,-211
118000065,6602,1742,4860
118000066,868,997,-129
118000067,1716,944,772
118000068,2054,2934,-880
118000069,3950,1440,2510
118000070,9666,1635,8031
118000071,4813,4691,122
118000072,2231,1060,1171
118000073,3772,453,3319
118000074,280,361,-81
118000075,888,331,557
118000076,1242,1183,59
118000077,1421,1098,323
118000078,1691,1753,-62
118000079,300,326,-26
118000080,1193,818,375
118000081,1262,1001,261
118000082,302,752,-450
118000083,2815,1208,1607
118000084,3167,1466,1701
118000086,154,587,-433
118000087,7800,2515,5285
118000088,2120,1818,302
118000089,4554,2822,1732
118000090,2562,2320,242
118000091,1953,1671,282
118000092,1355,346,1009
118000093,155,632,-477
118000096,445,514,-69
118000097,505,480,25
118000098,243,228,15
118000099,248,1223,-975
118000101,633,372,261
118000102,306,1914,-1608
118000107,4284,441,3843
118000108,663,1042,-379
118000110,1,24,-23
118000111,6,847,-841
118000112,150,1,149
118000113,5,1344,-1339
118000114,147,3,144
118000115,12,4,8
118000116,25,0,25
118000117,1151,956,195
118000118,731,609,122
118000119,905,1127,-222
118000120,1452,1706,-254
118000121,73,470,-397
118000122,1010,205,805
118000123,50,268,-218
118000125,1791,1327,464
118000126,629,1497,-868
118000127,1792,574,1218
118000128,783,1191,-408
118000129,557,233,324
118000130,3227,4863,-1636
118000131,454,1146,-692
118000132,1854,1425,429
118000133,353,438,-85
118000135,390,289,101
118000136,112,600,-488
118000137,686,57,629
118000138,223,1056,-833
118000139,111,100,11
118000140,2258,3083,-825
118000141,1456,2307,-851
118000142,1071,2521,-1450
118000143,1254,984,270
118000144,1716,1168,548
118000145,1541,3696,-2155
118000146,975,1990,-1015
118000147,658,2132,-1474
118000148,235,1343,-1108
118000149,586,1318,-732
118000150,168,235,-67
118000151,207,477,-270
118000153,620,1326,-706
118000154,541,1681,-1140
118000155,655,1296,-641
118000156,2679,2219,460
118000157,378,371,7
118000158,179,528,-349
118000159,12,61,-49
118000160,267,483,-216
118000161,265,1181,-916
118000162,942,839,103
118000163,412,755,-343
118000164,2491,1410,1081
118000168,1861,224,1637
118000169,1025,2270,-1245
118000170,4365,8410,-4045
118000171,179,703,-524
118000172,105,313,-208
118000173,754,1269,-515
118000175,218,291,-73
118000176,168,431,-263
118000177,121,519,-398
118000178,39,38,1
118000179,1850,679,1171
118000180,823,869,-46
118000181,703,390,313
118000182,223,386,-163
118000183,169,224,-55
118000184,347,1229,-882
118000185,1126,805,321
118000186,549,1058,-509
118000187,636,1107,-471
118000188,346,261,85
118000189,239,1120,-881
118000190,13,11,2
118000191,13,43,-30
118000192,47,93,-46
118000193,46,226,-180
118000194,1930,1039,891
118000195,1528,465,1063
118000196,451,108,343
118000197,220,88,132
118000198,642,303,339
118000199,439,282,157
118000200,87,238,-151
118000201,482,369,113
118000202,55,50,5
118000203,1967,397,1570
118000204,132,170,-38
118000205,402,344,58
118000206,125,199,-74
118000207,0,143,-143
118000208,1042,1695,-653
118000209,1218,2078,-860
118000210,17,43,-26
118000211,14,35,-21
118000213,1009,827,182
118000214,643,288,355
118000215,225,355,-130
118000216,1262,4328,-3066
118000217,15,251,-236
118000218,44,157,-113
118000219,490,480,10
118000220,1,11,-10
118000221,81,244,-163
118000222,108,21,87
118000223,10,43,-33
118000224,271,140,131
118000225,85,1067,-982
118000226,576,108,468
118000227,1206,337,869
118000228,236,133,103
118000229,315,41,274
118000230,44,343,-299
118000231,68,218,-150
118000232,500,1174,-674
118000233,532,1032,-500
118000234,159,360,-201
118000236,288,479,-191
118000237,52,895,-843
118000238,82,328,-246
118000239,195,320,-125
118000240,683,47,636
118000241,74,320,-246
118000242,235,782,-547
118000243,108,213,-105
118000244,27,255,-228
118000246,1,7,-6
118000255,20,200,-180
118000256,72,232,-160
118000259,6,56,-50
118000260,142,120,22
118000261,23,153,-130
118000263,88,267,-179
118000266,131,572,-441
118000267,0,117,-117
118000268,198,2,196
118000270,37,52,-15
118000271,117,271,-154
118000272,56,52,4
118000273,121,104,17
118000274,88,484,-396
118000276,201,310,-109
118000295,1,52,-51
118000298,160,598,-438
118000299,44,318,-274
118000301,0,50,-50
118000302,78,114,-36
118000311,104,162,-58
118000312,86,291,-205
118000313,46,219,-173
118000314,31,92,-61
118000315,27,84,-57
118000316,419,676,-257
118000325,18,103,-85
118000326,42,48,-6
118000331,5,90,-85
118000332,14,68,-54
118000333,7,79,-72
118000335,121,1,120
118000336,1,553,-552
118000407,42,75,-33
118000457,2,32,-30
118000465,4787,2645,2142
118000480,16,227,-211
118000489,24,98,-74
118000490,52,487,-435
118000492,167,197,-30
118000510,45,20,25
118000514,145,392,-247
118000515,669,366,303
118000517,483,210,273
118000524,1325,220,1105
118000525,882,1104,-222
118000530,10,155,-145
118000531,93,297,-204
118000532,123,313,-190
118000533,237,176,61
118000534,456,505,-49
118000535,112,92,20
118000536,1194,492,702
118000537,13,59,-46
118000538,17,102,-85
118000539,13,98,-85
118000540,229,306,-77
118000541,104,158,-54
118000542,71,152,-81
118000543,206,264,-58
118000546,24,44,-20
118000553,0,0,0
118000560,4604,797,3807
118000562,7,485,-478
118000563,2116,1660,456
118000576,104,245,-141
118000577,154,135,19
118000578,139,100,39
118000579,807,858,-51
118000583,0,3,-3
118000595,112,62,50
118000596,0,60,-60
118000597,96,134,-38
118000598,1,1,0
118000599,20,43,-23
118000600,2,48,-46
118000601,11,0,11
118000602,0,23,-23
118000603,0,50,-50
118900001,1387,635,752
118900002,1376,514,862
118900003,99,22,77
118900004,20,85,-65
118900005,69,3,66
118900006,55,5,50
118900007,5,2,3
118900008,1092,51,1041
118900009,16,16,0
118900010,33,0,33
118900011,132,25,107
118900012,300,210,90
118900013,760,42,718
118900015,75,30,45
118900016,4,36,-32
118900017,131,130,1
118900018,1356,17,1339
118900019,51,9,42
118900020,162,106,56
118900021,112,361,-249
118900022,82,148,-66
118900023,37,91,-54
118900024,39,196,-157
118900025,18,19,-1
118900026,27,110,-83
118900027,383,207,176
118900028,73,179,-106
118900029,105,584,-479
118900030,75,96,-21
118900031,67,144,-77
118900032,71,257,-186
118900033,275,972,-697
118900034,67,9,58
118900035,88,346,-258
118900036,517,748,-231
118900037,170,349,-179
118900038,196,398,-202
118900039,221,308,-87
118900040,125,180,-55
118900041,135,181,-46
118900042,182,154,28
118900045,194,138,56
118900046,808,128,680
118900047,979,169,810
118900048,103,165,-62
118900049,70,41,29
118900050,10,185,-175
118900051,25,37,-12
118900052,116,344,-228
118900053,28,85,-57
118900054,66,59,7
118900055,17,186,-169
118900056,25,97,-72
118900057,248,298,-50
118900058,214,550,-336
118900059,14,85,-71
118900060,33,103,-70
118900062,50,237,-187
118900064,672,373,299
118900065,28,129,-101
118900066,32,126,-94
118900067,8165,2106,6059
118900068,3,124,-121
118900069,181,294,-113
118900071,1,70,-69
118900072,233,365,-132
118900073,27,94,-67
118900074,50,170,-120
118900075,18,80,-62
118900076,172,50,122
118900077,439,184,255
118900078,45,14,31
118900079,28,181,-153
118900080,13,77,-64
118900081,34,13,21
118900082,327,194,133
118900083,7,25,-18
118900084,1,25,-24
118900085,625,1196,-571
118900086,9,36,-27
118900087,12,150,-138
118900088,0,28,-28
118900089,22,10,12
118900090,409,562,-153
118900091,227,74,153
118900092,57,104,-47
118900093,110,15,95
118900096,28,16,12
118900097,115,818,-703
118900099,58,302,-244
118900100,97,235,-138
118900101,19,863,-844
118900102,12,84,-72
118900103,33,64,-31
118900104,69,187,-118
118900105,99,116,-17
118900107,225,98,127
118900108,42,65,-23
118900110,1828,384,1444
118900111,155,774,-619
118900112,25,96,-71
118900113,79,708,-629
118900114,7,109,-102
118900115,72,360,-288
118900116,85,155,-70
118900117,57,210,-153
118900118,163,636,-473
118900119,55,337,-282
118900120,69,268,-199
118900121,10,365,-355
118900122,9,428,-419
118900123,90,221,-131
118900124,46,217,-171
118900126,11,268,-257
118900129,108,149,-41
118900130,39,65,-26
118900131,69,306,-237
118900132,230,204,26
118900133,20,53,-33
118900135,106,270,-164
118900136,142,987,-845
118900137,2,12,-10
118900139,72,612,-540
118900140,322,1085,-763
118900141,44,406,-362
118900144,60,836,-776
118900145,24,219,-195
118900146,218,1079,-861
118900147,104,132,-28
118900148,43,50,-7
118900150,103,300,-197
118900152,417,1208,-791
118900157,94,145,-51
118900158,42,136,-94
118900159,0,272,-272
118900161,88,5,83
118900163,258,72,186
118900164,4,151,-147
118900165,14,408,-394
118900166,23,13,10
118900167,27,194,-167
118900168,1,80,-79
118900169,88,537,-449
118900170,43,144,-101
118900171,8,28,-20
118900174,42,47,-5
118900175,154,423,-269
118900176,41,202,-161
118900177,7,78,-71
118900178,14,68,-54
118900179,1,41,-40
118900181,54,102,-48
118900182,94,30,64
118900183,9,51,-42
118900184,175,38,137
118900185,40,103,-63
118900186,72,106,-34
118900187,97,304,-207
118900188,212,372,-160
118900189,34,420,-386
118900190,13,935,-922
118900191,53,57,-4
118900192,58,15,43
118900193,119,6,113
118900195,461,1157,-696
118900196,24,279,-255
118900197,57,170,-113
118900198,4,74,-70
118900199,17,89,-72
118900200,6,5,1
118900201,17,13,4
118900202,5,84,-79
118900203,5,50,-45
118900204,2,79,-77
118900205,6,20,-14
118900206,1,27,-26
119000001,895,1330,-435
119000002,2907,3298,-391
119000003,1330,1949,-619
119000004,1530,1350,180
119000005,1470,1593,-123
119000006,1346,1483,-137
119000007,2469,3137,-668
119000008,1595,2612,-1017
119000009,3982,2646,1336
119000010,10859,4438,6421
119000011,6934,1962,4972
119000012,7018,3497,3521
119000013,2319,1185,1134
119000014,2788,4215,-1427
119000019,163,235,-72
119000020,1024,1438,-414
119000021,2577,2436,141
119000022,4878,1520,3358
119000023,253,214,39
119000024,2611,5783,-3172
119000025,15220,1618,13602
119000026,422,241,181
119000027,850,499,351
119000028,2399,1482,917
119000029,138,293,-155
119000030,423,1559,-1136
119000031,660,914,-254
119000032,2825,2881,-56
119000033,1826,1939,-113
119000034,1049,1105,-56
119000035,30,492,-462
119000036,700,1424,-724
119000037,796,2947,-2151
119000038,83,1450,-1367
119000039,124,385,-261
119000040,1095,513,582
119000041,1003,1071,-68
119000048,4135,4669,-534
119000049,1001,4526,-3525
119000050,1551,2642,-1091
119000051,2059,1056,1003
119000052,2274,3226,-952
119000053,1669,1302,367
119000054,2579,4941,-2362
119000055,2304,4107,-1803
119000056,1531,2209,-678
119000057,1317,3162,-1845
119000058,1657,2719,-1062
119000059,942,1856,-914
119000060,840,920,-80
119000061,667,1019,-352
119000062,957,1570,-613
119000063,274,265,9
119000064,1249,2113,-864
119000065,2092,4539,-2447
119000066,2197,1143,1054
119000067,1780,3083,-1303
119000068,1069,1167,-98
119000069,1090,3179,-2089
119000070,1435,1394,41
119000071,521,1004,-483
119000072,8557,4729,3828
119000073,7339,5653,1686
119000074,642,4481,-3839
119000075,666,2845,-2179
119000076,747,1042,-295
119000077,1083,666,417
119000078,362,347,15
119000079,66,979,-913
119000080,121,299,-178
119000081,403,550,-147
119000082,836,309,527
119000083,337,355,-18
119000084,288,713,-425
119000085,733,394,339
119000086,209,471,-262
119000087,1676,1158,518
119000088,228,317,-89
119000089,57,227,-170
119000090,206,161,45
119000091,146,414,-268
119000092,870,244,626
119000093,4613,4167,446
119000094,1789,5158,-3369
119000095,1040,3613,-2573
119000097,2964,1924,1040
119000098,613,1466,-853
119000099,2117,2039,78
119000100,2054,2221,-167
119000101,3727,2894,833
119000102,788,743,45
119000103,1851,594,1257
119000104,3902,1743,2159
119000105,556,903,-347
119000106,184,2694,-2510
119000107,287,501,-214
119000108,193,1567,-1374
119000109,233,526,-293
119000110,1164,696,468
119000111,85,676,-591
119000112,269,226,43
119000113,4607,348,4259
119000114,694,575,119
119000115,179,121,58
119000116,114,95,19
119000117,89,309,-220
119000118,4,4,0
119000123,2560,783,1777
119000124,326,255,71
119000125,1356,1483,-127
119000126,353,1196,-843
119000127,268,1139,-871
119000128,67,13,54
119000131,495,1391,-896
119000132,0,4,-4
119000133,0,5,-5
119000134,3342,599,2743
119000135,47,285,-238
119000136,59,361,-302
119000137,97,749,-652
119000138,156,660,-504
119000139,130,408,-278
119000140,114,340,-226
119000284,1800,3159,-1359
119000285,3139,2473,666
119000286,7643,5409,2234
119000287,1374,2527,-1153
119000288,1592,2245,-653
119000289,2620,5327,-2707
119000290,186,713,-527
119000291,5,440,-435
119000293,61,196,-135
119000294,35,31,4
119000295,2618,734,1884
119000296,130,167,-37
119000299,0,0,0
119000302,5337,1614,3723
119000303,23,157,-134
119000314,1693,5123,-3430
119000315,4,797,-793
119000316,36,161,-125
119000317,25,708,-683
119900001,125,680,-555
119900002,45,334,-289
119900003,70,1780,-1710
119900004,334,280,54
119900005,51,165,-114
119900006,162,325,-163
119900007,636,72,564
119900008,53,50,3
119900009,349,654,-305
119900010,3233,1572,1661
119900011,14,34,-20
119900012,11,42,-31
119900013,1663,639,1024
119900014,924,277,647
119900015,43,12,31
119900016,11,106,-95
119900017,4,23,-19
119900018,1315,177,1138
119900019,11,9,2
119900020,44,176,-132
119900021,66,64,2
119900022,163,319,-156
119900023,818,475,343
119900025,43,38,5
119900026,1070,65,1005
119900027,11,22,-11
119900028,173,30,143
119900029,0,8,-8
119900030,474,434,40
119900031,12,181,-169
119900033,3094,157,2937
119900034,108,187,-79
119900037,33,66,-33
119900038,55,169,-114
119900039,69,4,65
119900040,24,12,12
119900041,73,72,1
119900042,71,175,-104
119900043,22,213,-191
119900044,163,323,-160
119900046,19,105,-86
119900047,112,79,33
119900048,8,30,-22
119900049,29,13,16
119900050,72,58,14
119900051,143,10,133
119900052,14,71,-57
119900053,59,263,-204
119900054,39,0,39
119900055,554,258,296
119900057,74,90,-16
119900058,65,6,59
119900059,175,56,119
119900060,110,3,107
119900062,24,38,-14
119900063,36,53,-17
119900065,165,12,153
119900066,0,1,-1
119900067,34,33,1
119900068,141,1,140
119900069,30,31,-1
119900070,244,2,242
119900071,184,7,177
119900073,2294,405,1889
119900074,19,17,2
119900075,7429,2082,5347
119900076,287,765,-478
119900077,250,1986,-1736
119900078,201,1015,-814
119900079,95,445,-350
119900080,632,1477,-845
119900081,76,40,36
119900082,365,93,272
119900083,376,128,248
119900084,661,152,509
119900085,164,55,109
119900087,196,174,22
119900088,45,75,-30
119900089,12,622,-610
119900090,234,57,177
119900091,21,1499,-1478
119900092,14,436,-422
119900093,800,97,703
119900094,24,272,-248
119900095,156,62,94
119900096,38,95,-57
119900097,388,212,176
119900098,14,51,-37
119900099,30,401,-371
119900100,3312,2562,750
119900101,213,1242,-1029
119900102,32,433,-401
119900103,20,685,-665
119900104,38,327,-289
119900105,1822,1917,-95
119900106,11,271,-260
119900107,520,4577,-4057
119900108,2419,714,1705
119900109,15,357,-342
119900110,348,872,-524
119900111,37,476,-439
119900112,3747,476,3271
119900113,67,634,-567
119900114,125,2413,-2288
119900115,76,1656,-1580
119900116,193,258,-65
119900117,106,1164,-1058
119900118,22,1594,-1572
119900119,59,301,-242
119900120,575,817,-242
119900121,123,1899,-1776
119900122,246,450,-204
119900123,187,294,-107
119900124,67,1382,-1315
119900125,49,587,-538
119900126,7186,197,6989
119900127,3325,1030,2295
119900128,242,1138,-896
119900129,65,1240,-1175
119900130,48,393,-345
119900131,22,444,-422
119900132,4,528,-524
119900133,14,46,-32
119900134,2749,329,2420
119900135,1,677,-676
119900136,195,724,-529
119900138,436,790,-354
119900139,24,141,-117
119900140,2,251,-249
119900141,147,371,-224
119900142,9,36,-27
119900143,10,267,-257
119900144,2958,291,2667
119900145,82,347,-265
119900146,200,155,45
119900147,1,138,-137
119900148,44,62,-18
119900149,2199,3274,-1075
119900150,175,263,-88
119900151,1568,810,758
119900152,58,564,-506
119900153,76,82,-6
119900154,2,393,-391
119900155,11,26,-15
119900156,12,4,8
119900157,32,385,-353
119900158,75,64,11
119900159,4,2297,-2293
119900160,38,399,-361
119900161,152,485,-333
119900162,536,726,-190
119900163,165,88,77
119900164,0,2,-2
119900165,68,340,-272
119900166,47,26,21
119900167,77,157,-80
119900168,345,520,-175
119900169,140,216,-76
119900170,115,144,-29
119900171,531,621,-90
119900172,94,7,87
119900173,6,668,-662
119900174,4,370,-366
119900175,493,785,-292
119900177,19,283,-264
119900178,7,279,-272
119900179,44,212,-168
119900180,673,728,-55
119900181,28,51,-23
119900182,3,780,-777
119900183,107,1182,-1075
119900184,3967,549,3418
119900185,16,101,-85
119900186,50,298,-248
119900187,12,783,-771
119900188,23,381,-358
119900189,354,185,169
119900190,46,161,-115
119900191,258,104,154
119900192,24,231,-207
119900193,114,222,-108
119900194,10,54,-44
119900195,23,315,-292
119900196,2764,621,2143
119900197,60,112,-52
119900198,52,498,-446
119900199,195,38,157
119900200,274,677,-403
119900201,488,211,277
119900202,195,82,113
119900203,121,184,-63
119900204,103,489,-386
119900205,214,814,-600
119900206,40,173,-133
119900208,101,123,-22
119900209,309,632,-323
119900210,7,47,-40
119900211,76,22,54
119900212,73,299,-226
119900213,9,60,-51
119900214,15,127,-112
119900215,22,100,-78
119900216,5,125,-120
119900217,1,116,-115
119900218,12,77,-65
119900219,5,194,-189
119900220,8,212,-204
119900221,21,622,-601
119900222,15,378,-363
119900223,15,122,-107
119900224,20,43,-23
119900225,1648,31,1617
119900226,1229,1377,-148
119900227,1763,423,1340
119900228,76,448,-372
119900229,282,488,-206
119900230,1580,717,863
119900231,93,216,-123
119900232,166,42,124
119900233,48,43,5
119900234,3,28,-25
119900235,2,28,-26
119900236,14,285,-271
119900237,64,804,-740
119900238,2,111,-109
119900240,30,174,-144
119900241,118,296,-178
119900242,2322,1085,1237
119900244,915,2221,-1306
119900245,43,161,-118
119900246,247,245,2
119900247,22,43,-21
119900248,27,51,-24
119900249,118,47,71
119900253,5423,334,5089
119900254,30,245,-215
119900255,85,785,-700
119900256,158,2042,-1884
119900257,12,0,12
119900258,24,6,18
119900259,0,289,-289
119900260,55,7,48
119900261,136,231,-95
119900262,2,425,-423
119900263,1095,534,561
119900264,48,359,-311
119900265,210,641,-431
119900266,124,417,-293
119900267,87,477,-390
119900268,115,255,-140
119900269,336,2528,-2192
119900271,17,102,-85
119900272,131,47,84
119900275,48,0,48
119900276,9,0,9
119900277,5,7,-2
119900278,260,41,219
119900279,106,189,-83
119900280,1163,255,908
119900281,0,79,-79
119900282,71,24,47
119900283,17,543,-526
119900284,40,381,-341
119900285,16,61,-45
119900286,13,45,-32
119900288,7,40,-33
119900289,0,71,-71
119900290,2,37,-35
119900291,1,37,-36
119900292,17,2,15
119900293,10,1,9
119900294,2,0,2
119900295,0,0,0
119900296,0,0,0
119900299,33,389,-356
119900300,110,289,-179
119900301,77,9,68
119900302,31,47,-16
119900303,254,508,-254
119900304,82,11,71
119900305,37,146,-109
119900306,23,4,19
119900307,23,249,-226
119900308,12,18,-6
119900309,13,39,-26
119900310,197,400,-203
119900311,22,248,-226
119900312,53,118,-65
119900313,152,445,-293
119900314,52,247,-195
119900315,688,3992,-3304
119900318,9,18,-9
119900319,3,460,-457
119900320,156,936,-780
119900321,34,2,32
119900322,37,76,-39
119900323,1,138,-137
119900324,0,55,-55
119900325,26,599,-573
119900326,216,67,149
120000001,9427,8713,714
120000002,2233,3943,-1710
120000003,4165,2201,1964
120000004,3259,2907,352
120000005,5996,2657,3339
120000006,1135,1513,-378
120000007,3872,2650,1222
120000008,1060,1577,-517
120000009,5976,1120,4856
120000010,1633,4151,-2518
120000011,1026,2617,-1591
120000012,1590,3885,-2295
120000013,1926,3277,-1351
120000014,523,1990,-1467
120000015,2791,1846,945
120000016,3252,2653,599
120000017,2328,1757,571
120000018,5966,7079,-1113
120000019,736,1092,-356
120000020,3098,2526,572
120000021,2067,1943,124
120000022,3319,3339,-20
120000023,888,1872,-984
120000024,1535,2572,-1037
120000025,1678,2638,-960
120000026,734,2167,-1433
120000027,1319,1881,-562
120000028,686,428,258
120000029,5783,575,5208
120000030,608,773,-165
120000031,2483,8339,-5856
120000032,12810,3940,8870
120000033,2589,1989,600
120000034,1086,2903,-1817
120000035,1301,3155,-1854
120000036,2185,4556,-2371
120000037,529,938,-409
120000038,13764,3710,10054
120000039,547,1328,-781
120000040,127,143,-16
120000041,575,2486,-1911
120000042,1391,6025,-4634
120000043,4326,3335,991
120000044,2819,1205,1614
120000045,2684,1231,1453
120000046,1611,1814,-203
120000047,2554,3030,-476
120000048,10592,3520,7072
120000049,2313,3053,-740
120000050,2780,5391,-2611
120000051,4364,4545,-181
120000052,17674,2840,14834
120000053,873,5200,-4327
120000054,1475,8375,-6900
120000055,902,5303,-4401
120000056,2968,6138,-3170
120000057,1487,1036,451
120000058,617,221,396
120000059,77,1237,-1160
120000061,103,1382,-1279
120000062,332,350,-18
120000063,1993,3811,-1818
120000064,179,1995,-1816
120000065,459,2285,-1826
120000066,126,654,-528
120000067,64,778,-714
120000068,127,1512,-1385
120000069,455,1926,-1471
120000070,25,1279,-1254
120000071,115,241,-126
120000072,177,589,-412
120000073,273,107,166
120000074,65,98,-33
120000075,245,262,-17
120000076,865,328,537
120000077,825,452,373
120000078,3103,566,2537
120000079,78,95,-17
120000080,53,119,-66
120000081,223,119,104
120000082,116,102,14
120000083,56,197,-141
120000084,446,838,-392
120000085,418,705,-287
120000086,245,948,-703
120000087,168,1614,-1446
120000088,655,1629,-974
120000089,722,652,70
120000090,335,508,-173
120000091,481,946,-465
120000092,741,574,167
120000093,175,591,-416
120000094,132,488,-356
120000095,730,819,-89
120000096,200,1527,-1327
120000098,650,1405,-755
120000099,258,916,-658
120000100,552,1244,-692
120000101,427,610,-183
120000102,367,499,-132
120000103,868,376,492
120000104,1066,228,838
120000105,1335,269,1066
120000106,1139,349,790
120000107,1408,395,1013
120000108,465,107,358
120000109,508,55,453
120000110,63,1107,-1044
120000111,100,1733,-1633
120000112,608,5691,-5083
120000113,487,3966,-3479
120000114,496,3486,-2990
120000115,308,2753,-2445
120000116,636,2747,-2111
120000117,1406,1988,-582
120000118,22,20,2
120000119,59,65,-6
120000120,55,63,-8
120000121,28,42,-14
120000122,283,259,24
120000123,8107,2682,5425
120000124,296,578,-282
120000125,245,820,-575
120000126,208,695,-487
120000127,1399,573,826
120000128,2960,1922,1038
120000129,331,290,41
120000130,733,866,-133
120000131,303,532,-229
120000134,330,1957,-1627
120000135,135,343,-208
120000137,138,3205,-3067
120000138,246,623,-377
120000139,109,1480,-1371
120000140,266,842,-576
120000141,89,734,-645
120000142,135,771,-636
120000143,1,133,-132
120000144,35,0,35
120000145,141,0,141
120000146,2656,846,1810
120000149,452,1315,-863
120000150,7243,10604,-3361
120000151,354,558,-204
120000152,251,336,-85
120000153,109,1118,-1009
120000154,498,458,40
120000155,131,226,-95
120000156,1934,413,1521
120000157,942,819,123
120000158,619,1239,-620
120000159,2108,2902,-794
120000160,2085,1449,636
120000161,990,3102,-2112
120000162,85,197,-112
120000163,216,1933,-1717
120000164,196,671,-475
120000165,213,1160,-947
120000166,462,746,-284
120000167,24,43,-19
120000168,32,114,-82
120000169,163,322,-159
120000170,212,209,3
120000171,30,70,-40
120000172,33,28,5
120000173,3114,176,2938
120000174,442,7,435
120000175,511,14,497
120000176,261,90,171
120000177,2620,510,2110
120000178,276,8,268
120000179,927,32,895
120000180,1301,107,1194
120000181,295,164,131
120000182,144,104,40
120000183,10,219,-209
120000184,160,2524,-2364
120000186,71,75,-4
120000187,82,44,38
120000188,282,106,176
120000190,1727,17,1710
120000191,2588,16,2572
120000192,2734,14,2720
120000193,855,4,851
120000195,142,7,135
120000196,757,61,696
120000197,152,188,-36
120000198,89,214,-125
120000199,37,1,36
120000200,35,0,35
120000201,17,11,6
120000202,3,92,-89
120000203,16,637,-621
120000207,2,137,-135
120000208,14,446,-432
120000209,9,164,-155
120000210,152,122,30
120000211,33,0,33
120000212,54,0,54
120000213,60,628,-568
120000214,6,643,-637
120000215,7,230,-223
120000216,31,6,25
120000217,1028,1726,-698
120000218,285,1758,-1473
120000219,11,1095,-1084
120000220,15,3890,-3875
120000225,536,1,535
120000226,172,6,166
120000227,635,25,610
120000228,10409,2275,8134
120000230,141,28,113
120000231,504,3270,-2766
120000233,71,26,45
120000235,87,963,-876
120000236,431,2,429
120000237,6,3303,-3297
120000238,0,209,-209
120000241,1110,3436,-2326
120000412,2289,17,2272
120000413,78,606,-528
120000414,20,3,17
120000415,2,247,-245
120000416,15,6,9
120000417,3,129,-126
120000418,50,15,35
120000419,11,638,-627
120000420,87,22,65
120000421,19579,7323,12256
120000422,334,393,-59
120000423,1,58,-57
120000424,24,283,-259
120000436,130,332,-202
120000437,186,223,-37
120000438,6404,433,5971
120000439,131,208,-77
120000443,93,0,93
120000444,552,750,-198
120000445,1595,1276,319
120000446,1158,378,780
120000447,100,7,93
120000449,40,14,26
120000450,6,579,-573
120000451,161,243,-82
120000452,142,2,140
120000453,1,713,-712
120000454,64,13,51
120000455,51,74,-23
120000456,3936,2716,1220
120000457,1790,1256,534
120000458,540,784,-244
120000459,54,72,-18
120000665,1809,158,1651
120000668,99,214,-115
120000669,54,540,-486
120000670,413,477,-64
120000671,524,222,302
120000672,94,713,-619
120900001,25,25,0
120900002,204,267,-63
120900003,111,14,97
120900004,10,30,-20
120900005,32,1816,-1784
120900006,93,232,-139
120900007,51,200,-149
120900008,126,1513,-1387
120900009,442,97,345
120900010,180,44,136
120900011,383,109,274
120900012,1498,675,823
120900013,172,23,149
120900014,2,1057,-1055
120900015,331,95,236
120900016,345,46,299
120900017,3931,86,3845
120900018,38,649,-611
120900019,354,114,240
120900020,645,508,137
120900021,287,55,232
120900022,24,474,-450
120900023,85,44,41
120900024,1607,522,1085
120900025,2558,916,1642
120900026,104,203,-99
120900027,743,118,625
120900028,115,23,92
120900029,77,180,-103
120900030,658,457,201
120900031,105,39,66
120900032,333,201,132
120900033,427,33,394
120900034,24,1817,-1793
120900035,43,163,-120
120900037,69,2,67
120900038,23,111,-88
120900039,55,23,32
120900040,82,0,82
120900041,98,29,69
120900042,85,101,-16
120900043,13,13,0
120900044,5,541,-536
120900045,184,193,-9
120900046,188,0,188
120900047,88,32,56
120900048,47,18,29
120900049,159,0,159
120900050,5107,892,4215
120900051,146,118,28
120900052,193,2,191
120900053,112,100,12
120900054,1412,993,419
120900055,85,1,84
120900056,197,6,191
120900057,49,12,37
120900058,157,0,157
120900059,24,0,24
120900060,39,40,-1
120900061,221,389,-168
120900062,71,0,71
120900063,170,1,169
120900064,137,1,136
120900065,97,8,89
120900066,101,499,-398
120900067,126,15,111
120900068,78,0,78
120900069,86,110,-24
120900071,10,1,9
120900072,243,1,242
120900073,195,358,-163
120900074,202,5,197
120900076,80,0,80
120900077,4994,345,4649
120900078,376,819,-443
120900079,227,107,120
120900080,197,3270,-3073
120900081,297,1603,-1306
120900082,631,267,364
120900083,18,3,15
120900084,128,147,-19
120900085,164,75,89
120900086,200,166,34
120900087,218,56,162
120900088,158,160,-2
120900089,6091,1182,4909
120900090,56,230,-174
120900091,324,277,47
120900092,943,994,-51
120900093,5928,385,5543
120900094,587,286,301
120900095,299,39,260
120900096,23,116,-93
120900097,586,1606,-1020
120900098,310,236,74
120900099,45,96,-51
120900100,71,512,-441
120900101,487,423,64
120900102,27,129,-102
120900103,14,120,-106
120900104,99,55,44
120900105,39,1234,-1195
120900106,1502,830,672
120900107,505,228,277
120900108,6,1536,-1530
120900109,15,1110,-1095
120900110,10,1040,-1030
120900111,113,410,-297
120900112,8,1970,-1962
120900113,10,1305,-1295
120900114,19,315,-296
120900115,155,124,31
120900116,103,795,-692
120900117,2,754,-752
120900118,2,1293,-1291
120900119,5850,5228,622
120900120,54,1047,-993
120900121,87,638,-551
120900122,123,890,-767
120900123,5,823,-818
120900124,3,971,-968
120900125,11,1622,-1611
120900126,1457,948,509
120900127,6,772,-766
120900128,996,1121,-125
120900129,71,579,-508
120900130,18,615,-597
120900131,23,75,-52
120900132,383,529,-146
120900133,224,1696,-1472
120900134,241,599,-358
120900135,7,897,-890
120900136,21,31,-10
120900137,90,142,-52
120900138,8,314,-306
120900139,11,1206,-1195
120900140,2,85,-83
120900141,78,112,-34
120900142,15,1322,-1307
120900143,4,1450,-1446
120900144,2,313,-311
120900145,120,1074,-954
120900146,6,1617,-1611
120900147,1,403,-402
120900148,66,164,-98
120900149,2,543,-541
120900150,30,741,-711
120900151,1,1003,-1002
120900152,4,70,-66
120900153,22,101,-79
120900154,0,440,-440
120900155,84,1544,-1460
120900156,23,478,-455
120900157,32,452,-420
120900158,8,742,-734
120900159,62,1049,-987
120900160,23,473,-450
120900161,27,1614,-1587
120900162,21,1468,-1447
120900163,15,215,-200
120900164,16,4,12
120900165,2,3,-1
120900166,23,122,-99
120900167,160,90,70
120900169,38,828,-790
120900170,3492,1308,2184
120900171,1684,473,1211
120900172,2117,149,1968
120900173,0,82,-82
120900174,2,128,-126
120900175,265,260,5
120900176,13,221,-208
120900177,1,449,-448
120900178,1,267,-266
120900179,856,421,435
120900180,136,92,44
120900181,64,85,-21
120900182,18,574,-556
120900183,611,65,546
120900184,215,53,162
120900185,11,555,-544
120900186,3,655,-652
120900187,222,673,-451
120900188,56,14,42
120900189,126,341,-215
120900190,11,20,-9
120900191,3,28,-25
120900192,18645,2231,16414
120900194,36,71,-35
120900195,165,411,-246
120900196,614,102,512
120900197,310,43,267
120900198,194,798,-604
120900199,179,140,39
120900200,156,83,73
120900201,885,159,726
120900202,0,306,-306
120900203,12,49,-37
120900204,341,487,-146
120900205,90,157,-67
120900206,10,10,0
120900207,61,1602,-1541
121000001,1079,1370,-291
121000002,1984,1042,942
121000003,5362,2212,3150
121000004,2903,3033,-130
121000005,2595,2909,-314
121000006,3591,1308,2283
121000007,3412,3159,253
121000008,5205,2794,2411
121000009,9806,5987,3819
121000010,11742,3779,7963
121000011,15781,11554,4227
121000012,22212,7564,14648
121000013,6081,6815,-734
121000014,8058,6132,1926
121000015,5036,5973,-937
121000016,5230,3862,1368
121000017,2063,3974,-1911
121000018,2267,2050,217
121000019,23564,8406,15158
121000020,14469,8366,6103
121000021,3325,3321,4
121000022,1691,1458,233
121000023,5215,3397,1818
121000024,2866,2904,-38
121000025,697,847,-150
121000026,263,100,163
121000027,1579,941,638
121000028,696,470,226
121000029,1072,796,276
121000030,544,459,85
121000031,548,724,-176
121000032,220,90,130
121000034,286,148,138
121000035,121,98,23
121000036,1110,828,282
121000037,593,639,-46
121000038,638,561,77
121000039,342,395,-53
121000041,392,587,-195
121000042,218,296,-78
121000043,977,616,361
121000044,2106,749,1357
121000045,467,347,120
121000046,311,868,-557
121000047,25,99,-74
121000049,2151,733,1418
121000050,372,1133,-761
121000051,660,493,167
121000052,205,584,-379
121000053,360,86,274
121000054,44,217,-173
121000055,1868,1068,800
121000056,1077,1057,20
121000057,130,424,-294
121000058,389,98,291
121000059,2307,1073,1234
121000060,440,708,-268
121000061,100,155,-55
121000062,143,233,-90
121000063,696,416,280
121000064,469,719,-250
121000065,536,376,160
121000066,680,534,146
121000067,1299,330,969
121000068,643,455,188
121000069,849,208,641
121000070,2050,1471,579
121000071,885,938,-53
121000072,1335,934,401
121000073,873,789,84
121000074,77,127,-50
121000075,176,22,154
121000076,1758,356,1402
121000077,140,79,61
121000078,85,106,-21
121000080,3325,609,2716
121000081,3066,1979,1087
121000082,183,277,-94
121000083,311,130,181
121000084,270,123,147
121000085,423,505,-82
121000086,150,1030,-880
121000087,56,306,-250
121000088,314,723,-409
121000089,670,242,428
121000090,329,390,-61
121000091,2245,695,1550
121000092,105,85,20
121000093,135,229,-94
121000094,520,456,64
121000095,302,569,-267
121000096,2773,2379,394
121000097,1897,1700,197
121000098,300,1568,-1268
121000099,389,961,-572
121000100,382,682,-300
121000101,142,358,-216
121000102,103,593,-490
121000103,67,444,-377
121000104,59,231,-172
121000105,269,423,-154
121000106,174,463,-289
121000107,2442,4319,-1877
121000109,1918,1094,824
121000110,424,419,5
121000114,2615,2614,1
121000115,828,903,-75
121000116,513,878,-365
121000117,1342,274,1068
121000118,1151,319,832
121000119,217,307,-90
121000120,172,620,-448
121000121,535,1113,-578
121000123,1717,716,1001
121000126,130,253,-123
121000127,193,109,84
121000128,377,672,-295
121000129,405,521,-116
121000130,442,1295,-853
121000131,2908,1099,1809
121000132,1473,1233,240
121000135,620,573,47
121000136,1211,592,619
121000137,610,157,453
121000138,903,886,17
121000139,589,176,413
121000141,265,142,123
121000142,1024,547,477
121000143,179,19,160
121000144,1443,926,517
121000145,343,1462,-1119
121000146,917,863,54
121000147,516,477,39
121000148,857,1191,-334
121000149,1746,1077,669
121000152,365,700,-335
121000153,1724,580,1144
121000154,755,599,156
121000155,1122,1029,93
121000156,427,966,-539
121000157,1764,2313,-549
121000158,414,530,-116
121000159,206,608,-402
121000160,220,842,-622
121000161,50,431,-381
121000162,19,464,-445
121000165,2211,1584,627
121000166,54,488,-434
121000168,209,288,-79
121000169,35,239,-204
121000170,185,66,119
121000171,30,198,-168
121000172,424,527,-103
121000173,1312,689,623
121000174,174,395,-221
121000175,457,628,-171
121000176,329,260,69
121000177,1115,627,488
121000178,100,110,-10
121000179,70,71,-1
121000181,402,452,-50
121000182,42,163,-121
121000183,29,80,-51
121000184,19,121,-102
121000185,11,167,-156
121000186,239,310,-71
121000187,154,329,-175
121000188,64,310,-246
121000192,550,364,186
121000193,694,393,301
121000194,3149,2535,614
121000195,478,1083,-605
121000196,835,196,639
121000197,195,817,-622
121000198,171,101,70
121000199,197,587,-390
121000200,294,75,219
121000201,6,243,-237
121000202,477,71,406
121000203,555,3153,-2598
121000204,1183,576,607
121000205,198,354,-156
121000206,181,17,164
121000207,1115,603,512
121000208,7,544,-537
121000209,83,554,-471
121000210,180,664,-484
121000211,93,146,-53
121000212,262,1015,-753
121000213,11003,2689,8314
121000214,971,1577,-606
121000215,1468,811,657
121000216,447,418,29
121000217,4651,2155,2496
121000218,501,1809,-1308
121000219,1308,318,990
121000220,368,90,278
121000221,162,275,-113
121000222,2951,2600,351
121000223,535,367,168
121000224,278,133,145
121000225,1220,1015,205
121000226,1977,667,1310
121000227,1,200,-199
121000228,14,1014,-1000
121000229,72,619,-547
121000230,72,2274,-2202
121000231,382,32,350
121000232,400,155,245
121000233,397,297,100
121000234,4,39,-35
121000235,53,81,-28
121000236,0,62,-62
121000237,27,48,-21
121000238,2,90,-88
121000239,27,9,18
121000240,3,205,-202
121000241,81,17,64
121000242,57,140,-83
121000243,285,65,220
121000244,3,70,-67
121000245,7,10,-3
121000246,0,71,-71
121000247,19,1,18
121000248,656,618,38
121000249,54,274,-220
121000250,186,114,72
121000251,20,697,-677
121000252,40,45,-5
121000253,168,729,-561
121000254,360,236,124
121000255,151,196,-45
121000256,216,198,18
121000257,51,66,-15
121000258,130,100,30
121000259,25,52,-27
121000260,31,104,-73
121000261,24,49,-25
121000262,1379,537,842
121000263,342,561,-219
121000271,226,1707,-1481
121000273,50,9,41
121000274,3,38,-35
121000275,1,33,-32
121000276,0,10,-10
121000278,47,73,-26
121000279,36,12,24
121000280,18,33,-15
121000289,233,39,194
121000290,1287,739,548
121000294,45,267,-222
121000297,1111,648,463
121000299,48,237,-189
121000300,866,589,277
121000302,110,837,-727
121000303,530,353,177
121000304,413,47,366
121000305,69,40,29
121000306,40,97,-57
121000308,157,343,-186
121000309,425,804,-379
121000310,84,495,-411
121000311,82,994,-912
121000312,438,192,246
121000313,671,614,57
121000314,109,104,5
121000315,37,64,-27
121000530,728,1573,-845
121000531,1077,1488,-411
121000532,5410,4671,739
121000533,2510,2648,-138
121000918,11,317,-306
121000919,7,65,-58
121000938,463,169,294
121000939,548,185,363
121000956,386,1584,-1198
121000957,2,9,-7
121000958,110,43,67
121000959,225,1206,-981
121000960,1264,2553,-1289
121000961,114,31,83
121000962,364,725,-361
121000963,0,0,0
121000973,2,319,-317
121000976,9,184,-175
121000979,313,77,236
121000981,363,93,270
121000982,134,282,-148
121000983,190,499,-309
121000984,16,40,-24
121000985,245,911,-666
121000986,133,435,-302
121000987,198,1856,-1658
121000988,300,101,199
121001302,471,167,304
121001308,2,7,-5
121001309,107,69,38
121001313,64,460,-396
121001314,5561,4590,971
121001315,4528,1669,2859
121900001,56,207,-151
121900002,21,16,5
121900003,309,8,301
121900004,94,411,-317
121900005,7,3,4
121900006,60,19,41
121900007,2187,2687,-500
121900008,2791,98,2693
121900009,576,17,559
121900010,263,6,257
121900011,351,434,-83
121900012,1,0,1
121900013,923,35,888
121900014,1067,463,604
121900015,107,186,-79
121900016,6,29,-23
121900017,358,542,-184
121900018,284,4,280
121900019,171,232,-61
121900020,24,1,23
121900021,562,21,541
121900022,117,143,-26
121900023,86,416,-330
121900024,445,59,386
121900025,487,304,183
121900026,176,62,114
121900027,298,122,176
121900028,332,15,317
121900029,104,179,-75
121900030,489,511,-22
121900031,1109,3661,-2552
121900032,36,55,-19
121900033,143,130,13
121900034,194,113,81
121900035,2651,1546,1105
121900036,48,294,-246
121900037,186,719,-533
121900038,28,144,-116
121900039,357,50,307
121900040,27,86,-59
121900041,119,127,-8
121900042,274,132,142
121900043,0,7,-7
121900044,297,31,266
121900046,274,181,93
121900047,159,36,123
121900048,18,174,-156
121900050,14,42,-28
121900051,87,192,-105
121900052,73,39,34
121900053,239,204,35
121900054,388,824,-436
121900055,9,13,-4
121900058,75,336,-261
121900059,225,153,72
121900060,60,367,-307
121900061,151,131,20
121900062,70,68,2
121900063,752,252,500
121900064,148,849,-701
121900066,18,24,-6
121900067,10,31,-21
121900069,224,159,65
121900070,281,110,171
121900071,62,292,-230
121900072,13,184,-171
121900073,249,200,49
121900074,685,459,226
121900075,451,177,274
121900076,279,583,-304
121900077,3,28,-25
121900078,25,47,-22
121900079,0,0,0
121900080,463,381,82
121900082,22,117,-95
121900084,1,278,-277
121900085,1,17,-16
121900086,4,70,-66
121900087,330,115,215
121900088,3214,1893,1321
121900089,70,381,-311
121900090,0,152,-152
121900091,5,125,-120
121900092,30,173,-143
121900093,77,71,6
121900094,8,5,3
121900095,189,134,55
121900096,1934,407,1527
121900097,176,123,53
121900098,1,4,-3
121900099,97,99,-2
121900100,191,157,34
121900101,78,129,-51
121900102,11,156,-145
121900103,568,209,359
121900104,760,222,538
121900105,61,58,3
121900106,2,7,-5
121900107,5,34,-29
121900108,2,18,-16
121900109,432,109,323
121900110,151,1616,-1465
121900111,880,103,777
121900112,290,136,154
121900113,46,178,-132
121900114,21,50,-29
121900117,207,12,195
121900118,2412,270,2142
121900119,120,169,-49
121900120,28,1634,-1606
121900121,613,74,539
121900122,14,33,-19
121900123,257,506,-249
121900124,114,238,-124
121900125,1033,1206,-173
121900127,11,75,-64
121900128,56,171,-115
121900129,1228,60,1168
121900130,98,234,-136
121900131,139,75,64
121900132,22,194,-172
121900133,67,191,-124
121900134,16,119,-103
121900135,2694,296,2398
121900136,92,521,-429
121900137,32,251,-219
121900138,219,216,3
121900139,330,466,-136
121900140,16,199,-183
121900141,44,24,20
121900142,42,141,-99
121900143,1,144,-143
121900144,181,333,-152
121900145,131,202,-71
121900146,566,788,-222
121900147,93,180,-87
121900148,143,240,-97
121900149,290,793,-503
121900150,54,153,-99
121900151,38,243,-205
121900152,44,171,-127
121900153,72,438,-366
121900154,11,140,-129
121900155,2,71,-69
121900156,170,127,43
121900157,4,473,-469
121900158,41,102,-61
121900159,0,216,-216
121900160,25,208,-183
121900161,538,297,241
121900162,146,126,20
121900163,51,818,-767
121900164,398,204,194
121900165,182,194,-12
121900166,101,210,-109
121900167,129,94,35
121900168,258,130,128
121900169,3,310,-307
121900170,5,206,-201
121900171,525,538,-13
121900172,225,336,-111
121900173,992,160,832
121900174,15,39,-24
121900175,85,110,-25
121900176,531,1931,-1400
121900177,132,65,67
121900178,32,72,-40
121900179,241,135,106
121900180,7015,2603,4412
121900182,534,311,223
121900183,388,650,-262
121900184,35,586,-551
121900186,17,385,-368
121900187,27,112,-85
121900188,619,388,231
121900189,26,128,-102
121900190,173,478,-305
121900191,125,104,21
121900192,470,555,-85
121900193,28,223,-195
121900194,4,173,-169
121900195,126,104,22
121900196,742,1079,-337
121900197,317,2329,-2012
121900198,1020,1017,3
121900199,1,30,-29
121900200,72,228,-156
121900201,1252,587,665
121900202,157,401,-244
121900203,334,791,-457
121900204,1314,903,411
121900205,5,117,-112
121900206,4,13,-9
121900207,169,24,145
121900208,173,275,-102
121900209,24,14,10
121900210,995,1107,-112
121900211,15,95,-80
121900212,143,132,11
121900213,75,114,-39
121900214,2,433,-431
121900215,48,68,-20
121900216,22,104,-82
121900217,271,102,169
121900218,247,423,-176
121900220,135,13,122
121900221,206,772,-566
121900222,59,180,-121
121900223,81,60,21
121900224,50,53,-3
121900225,81,45,36
121900226,267,1547,-1280
121900227,112,372,-260
121900228,213,275,-62
121900230,94,70,24
121900231,558,272,286
121900232,336,338,-2
121900233,266,283,-17
121900234,213,395,-182
121900235,262,318,-56
121900236,245,153,92
121900237,131,209,-78
121900238,146,227,-81
121900239,104,40,64
121900240,207,141,66
121900241,30,78,-48
121900242,1,1,0
121900243,3,1,2
121900244,5,1,4
121900245,157,152,5
121900246,1203,434,769
121900247,245,300,-55
121900248,1332,731,601
121900250,384,296,88
121900251,310,34,276
121900252,838,97,741
121900253,108,793,-685
121900254,711,237,474
121900255,106,88,18
121900258,2640,1755,885
121900259,348,384,-36
121900260,23,181,-158
121900261,114,366,-252
121900262,426,676,-250
121900263,100,297,-197
121900264,2699,1291,1408
121900265,289,369,-80
121900266,216,200,16
121900267,21,15,6
121900269,153,262,-109
121900270,7,147,-140
121900271,32,220,-188
121900273,384,1270,-886
121900274,121,201,-80
121900277,306,1595,-1289
121900278,93,888,-795
121900279,165,290,-125
121900280,196,289,-93
121900281,778,85,693
121900284,170,9,161
121900286,63,214,-151
121900287,21,12,9
121900288,1,3,-2
121900290,204,271,-67
121900291,378,565,-187
121900292,121,75,46
121900293,930,3214,-2284
121900294,253,2,251
121900295,34,279,-245
121900296,271,42,229
121900298,402,374,28
121900299,0,0,0
121900300,9,0,9
121900301,15,2,13
121900302,0,78,-78
121900303,194,578,-384
121900304,0,0,0
121900305,2,3,-1
121900306,24,2,22
121900307,12,3,9
121900308,5,406,-401
121900309,10,311,-301
121900310,54,515,-461
121900311,154,15,139
121900312,66,10,56
121900313,179,24,155
121900314,0,65,-65
121900315,0,1,-1
121900316,0,7,-7
121900317,1,2,-1
121900318,0,13,-13
121900319,4,22,-18
121900320,77,63,14
121900321,1,0,1
121900322,0,19,-19
121900323,6,14,-8
121900324,4,22,-18
121900325,2,0,2
121900326,0,21,-21
121900327,1,67,-66
121900328,0,37,-37
121900329,0,250,-250
121900330,0,58,-58
121900331,224,21,203
121900332,52,27,25
121900333,5,5,0
122000001,2796,3166,-370
122000002,6199,1320,4879
122000003,2512,1405,1107
122000004,3390,1002,2388
122000005,3130,958,2172
122000006,2312,402,1910
122000007,1115,885,230
122000008,7273,3675,3598
122000009,714,205,509
122000010,2312,2336,-24
122000011,3757,906,2851
122000012,1167,988,179
122000013,2065,1242,823
122000014,1478,1966,-488
122000015,1315,938,377
122000016,428,737,-309
122000017,1196,1183,13
122000018,1316,1177,139
122000019,713,1608,-895
122000020,248,182,66
122000021,712,395,317
122000022,1325,1514,-189
122000023,597,2979,-2382
122000024,1111,726,385
122000025,2327,1029,1298
122000026,2241,657,1584
122000027,693,4561,-3868
122000028,834,299,535
122000029,396,278,118
122000030,427,98,329
122000031,142,171,-29
122000032,1469,2734,-1265
122000033,920,767,153
122000034,513,531,-18
122000035,373,624,-251
122000036,428,593,-165
122000037,291,230,61
122000038,277,387,-110
122000039,650,475,175
122000040,404,307,97
122000041,471,459,12
122000042,243,364,-121
122000043,120,84,36
122000044,120,116,4
122000045,1559,607,952
122000046,674,1088,-414
122000047,279,156,123
122000048,2996,3370,-374
122000049,5342,2391,2951
122000050,1405,522,883
122000051,299,297,2
122000052,495,177,318
122000053,80,503,-423
122000054,2277,1744,533
122000055,2306,2264,42
122000056,5123,3099,2024
122000057,3696,2290,1406
122000058,4522,1031,3491
122000059,3675,1235,2440
122000060,1150,573,577
122000061,841,207,634
122000062,1254,291,963
122000063,1321,448,873
122000064,3592,3051,541
122000065,5692,3337,2355
122000066,1420,1171,249
122000067,1433,1417,16
122000068,859,1148,-289
122000069,577,828,-251
122000070,520,3269,-2749
122000071,912,1831,-919
122000072,314,324,-10
122000073,448,420,28
122000074,1920,1234,686
122000075,453,1290,-837
122000076,1627,1155,472
122000077,1277,683,594
122000078,3535,1523,2012
122000079,1429,731,698
122000080,836,327,509
122000081,188,237,-49
122000082,1393,760,633
122000083,1383,3976,-2593
122000084,874,768,106
122000085,189,1974,-1785
122000086,2206,4016,-1810
122000087,583,127,456
122000088,409,228,181
122000089,7578,3048,4530
122000090,315,295,20
122000091,373,85,288
122000092,149,27,122
122000093,1490,1026,464
122000094,8388,1627,6761
122000095,4479,1689,2790
122000096,3856,1133,2723
122000098,4030,1285,2745
122000099,2425,594,1831
122000100,1902,648,1254
122000101,225,945,-720
122000102,1700,1314,386
122000103,1579,1409,170
122000104,291,220,71
122000105,240,266,-26
122000106,625,521,104
122000107,892,466,426
122000108,355,939,-584
122000109,275,288,-13
122000110,396,541,-145
122000111,2785,1089,1696
122000112,682,1361,-679
122000113,398,662,-264
122000114,3279,1375,1904
122000115,1883,1159,724
122000116,420,489,-69
122000117,1071,382,689
122000118,390,573,-183
122000119,3289,1587,1702
122000120,4500,2411,2089
122000121,5484,2323,3161
122000122,870,1225,-355
122000123,2757,1269,1488
122000124,1356,459,897
122000125,590,603,-13
122000126,893,667,226
122000127,2113,955,1158
122000128,760,995,-235
122000129,321,613,-292
122000130,2539,527,2012
122000131,2839,602,2237
122000132,1305,412,893
122000133,1139,2414,-1275
122000134,444,483,-39
122000135,601,1010,-409
122000136,456,262,194
122000137,975,687,288
122000139,1515,2741,-1226
122000140,1190,460,730
122000141,6174,858,5316
122000142,680,593,87
122000143,756,244,512
122000144,2702,928,1774
122000145,1779,744,1035
122000146,1186,905,281
122000147,908,345,563
122000148,3033,1387,1646
122000149,2351,1079,1272
122000150,1459,888,571
122000151,377,334,43
122000152,706,289,417
122000153,559,306,253
122000154,408,168,240
122000155,1710,2066,-356
122000156,2837,1728,1109
122000157,2190,1235,955
122000158,372,533,-161
122000159,1470,1637,-167
122000160,8018,945,7073
122000161,2008,704,1304
122000162,2543,1511,1032
122000163,275,55,220
122000164,67,65,2
122000165,820,764,56
122000166,846,1025,-179
122000167,293,230,63
122000168,202,465,-263
122000169,574,169,405
122000170,184,294,-110
122000171,50,99,-49
122000172,1646,1602,44
122000173,1717,2061,-344
122000174,1835,739,1096
122000175,1404,301,1103
122000176,307,555,-248
122000177,1687,1243,444
122000178,3256,2418,838
122000179,2167,2475,-308
122000180,2098,836,1262
122000181,1968,2414,-446
122000182,2977,916,2061
122000183,2027,877,1150
122000184,3784,1465,2319
122000185,1781,1095,686
122000186,679,822,-143
122000187,1433,1443,-10
122000188,555,255,300
122000189,303,323,-20
122000190,1038,1127,-89
122000191,983,411,572
122000192,1058,387,671
122000193,369,732,-363
122000194,543,182,361
122000195,122,516,-394
122000196,945,626,319
122000197,466,756,-290
122000198,566,1037,-471
122000199,280,305,-25
122000200,1177,530,647
122000201,1365,1672,-307
122000202,1166,1138,28
122000203,3028,1421,1607
122000204,1456,1861,-405
122000205,1514,1089,425
122000206,2080,1049,1031
122000207,1073,1433,-360
122000208,2123,1672,451
122000209,2474,333,2141
122000210,1397,2339,-942
122000211,1155,1454,-299
122000212,495,455,40
122000213,1047,1069,-22
122000214,1716,1605,111
122000215,2165,1350,815
122000217,1973,1488,485
122000218,638,61,577
122000219,1763,1095,668
122000220,438,965,-527
122000221,159,407,-248
122000222,632,61,571
122000223,1092,581,511
122000225,725,300,425
122000226,1190,2012,-822
122000227,228,1867,-1639
122000228,368,545,-177
122000229,14,394,-380
122000230,54,913,-859
122000231,222,791,-569
122000232,551,1236,-685
122000233,0,149,-149
122000234,90,250,-160
122000235,335,242,93
122000236,415,238,177
122000237,50,75,-25
122000238,118,211,-93
122000239,398,109,289
122000240,893,366,527
122000241,678,442,236
122000242,462,129,333
122000243,117,51,66
122000244,36,560,-524
122000245,59,308,-249
122000246,125,152,-27
122000247,503,1103,-600
122000248,1547,2523,-976
122000249,411,486,-75
122000250,1409,516,893
122000251,286,327,-41
122000252,664,106,558
122000253,16,317,-301
122000254,117,89,28
122000255,575,2365,-1790
122000256,311,1756,-1445
122000257,88,513,-425
122000258,80,248,-168
122000259,10,842,-832
122000260,4,133,-129
122000261,4,206,-202
122000262,1,70,-69
122000263,136,124,12
122000264,502,561,-59
122000265,1761,755,1006
122000266,4606,611,3995
122000267,54,114,-60
122000268,122,379,-257
122000269,578,322,256
122000270,691,130,561
122000271,303,1212,-909
122000272,267,1257,-990
122000273,211,529,-318
122000274,85,193,-108
122000275,20,132,-112
122000276,349,727,-378
122000277,593,1540,-947
122000278,534,1138,-604
122000279,136,775,-639
122000280,685,974,-289
122000281,704,777,-73
122000282,104,259,-155
122000283,156,68,88
122000284,104,97,7
122000285,456,93,363
122000286,89,155,-66
122000287,648,1419,-771
122000288,212,226,-14
122000291,698,454,244
122000293,394,462,-68
122000294,102,193,-91
122000295,1161,208,953
122000296,73,578,-505
122000297,3404,1915,1489
122000299,391,499,-108
122000300,857,550,307
122000301,16716,2648,14068
122000302,1063,681,382
122000303,5029,1296,3733
122000304,34,174,-140
122000305,543,350,193
122000306,19,956,-937
122000307,272,127,145
122000309,52,74,-22
122000310,19,18,1
122000311,45,46,-1
122000312,54,41,13
122000313,10,36,-26
122000314,88,236,-148
122000315,146,17,129
122000316,323,230,93
122000317,642,147,495
122000318,384,429,-45
122000319,451,649,-198
122000320,287,2539,-2252
122000321,86,368,-282
122000322,2886,2110,776
122000323,1815,1395,420
122000324,1650,1134,516
122000325,943,1015,-72
122000326,15,176,-161
122000327,242,429,-187
122000328,1538,1267,271
122000330,2191,647,1544
122000332,194,389,-195
122000333,16,197,-181
122000337,597,2824,-2227
122000338,324,566,-242
122000340,358,192,166
122000342,3327,1252,2075
122000343,436,1895,-1459
122000344,29,35,-6
122000345,12,55,-43
122000346,274,755,-481
122000348,510,889,-379
122000349,120,836,-716
122000351,110,267,-157
122000352,300,76,224
122000353,61,114,-53
122000355,119,184,-65
122000356,1806,874,932
122000357,28,16,12
122000358,0,92,-92
122000359,0,66,-66
122000360,0,53,-53
122000362,18,103,-85
122000364,63,544,-481
122000365,1,36,-35
122000366,7,9,-2
122000368,419,1023,-604
122000370,21,110,-89
122000371,9,0,9
122000372,3,0,3
122000381,54,375,-321
122000382,45,262,-217
122000384,4735,2298,2437
122000385,8,1,7
122000386,592,804,-212
122000387,374,638,-264
122000388,1786,350,1436
122000389,215,955,-740
122000390,337,224,113
122000391,228,96,132
122000392,204,301,-97
122000393,8,219,-211
122000394,255,310,-55
122000395,101,214,-113
122000396,240,141,99
122000397,17,97,-80
122000398,2,51,-49
122000399,64,136,-72
122000400,202,305,-103
122000401,82,96,-14
122000402,179,94,85
122000403,338,1552,-1214
122000404,99,316,-217
122000408,995,1298,-303
122000503,7,62,-55
122000524,210,95,115
122000544,56,1752,-1696
122000616,761,4,757
122000640,26,237,-211
122000641,58,515,-457
122000642,741,1515,-774
122000643,16,105,-89
122000644,195,47,148
122000645,82,189,-107
122000651,2246,716,1530
122000664,120,44,76
122000665,1060,594,466
122000666,544,1191,-647
122000673,15,404,-389
122000674,51,57,-6
122000675,1001,1270,-269
122000686,259,1676,-1417
122000687,619,422,197
122000688,126,1014,-888
122000689,372,831,-459
122000690,454,830,-376
122000691,221,3292,-3071
122000692,1037,464,573
122000693,592,2529,-1937
122000695,140,699,-559
122000696,144,498,-354
122000698,129,1329,-1200
122000699,147,140,7
122000701,1005,411,594
122000702,540,2479,-1939
122000703,198,52,146
122000717,218,55,163
122000718,398,387,11
122000719,45,36,9
122000720,109,307,-198
122000724,124,18,106
122900001,16,4,12
122900002,1146,1874,-728
122900003,235,38,197
122900004,940,14,926
122900005,52,49,3
122900006,458,442,16
122900007,168,12,156
122900008,413,97,316
122900009,916,291,625
122900010,184,149,35
122900012,303,476,-173
122900014,168,296,-128
122900015,3168,355,2813
122900016,42,355,-313
122900017,540,912,-372
122900018,267,10,257
122900019,7,181,-174
122900020,316,429,-113
122900021,57,693,-636
122900022,373,1272,-899
122900023,236,356,-120
122900024,125,107,18
122900025,13,172,-159
122900026,190,418,-228
122900027,65,727,-662
122900028,135,200,-65
122900029,5414,2175,3239
122900030,1605,455,1150
122900031,71,133,-62
122900032,134,243,-109
122900033,157,219,-62
122900034,4031,3796,235
122900035,19,8,11
122900036,13,114,-101
122900037,259,178,81
122900038,134,1632,-1498
122900039,109,452,-343
122900040,170,433,-263
122900041,215,312,-97
122900042,143,361,-218
122900043,364,250,114
122900044,74,263,-189
122900045,56,114,-58
122900046,96,135,-39
122900047,165,130,35
122900048,48,149,-101
122900049,1869,113,1756
122900051,75,108,-33
122900052,19,118,-99
122900053,17,20,-3
122900055,293,142,151
122900057,240,29,211
122900061,500,149,351
122900062,320,328,-8
122900063,114,473,-359
122900064,1007,712,295
122900065,189,115,74
122900066,302,222,80
122900067,2141,1049,1092
122900068,220,502,-282
122900069,266,888,-622
122900070,196,44,152
122900071,107,583,-476
122900072,13,678,-665
122900073,81,225,-144
122900074,163,962,-799
122900075,1,78,-77
122900076,6,164,-158
122900077,1,198,-197
122900078,18,140,-122
122900080,62,20,42
122900081,140,153,-13
122900082,584,257,327
122900083,216,137,79
122900084,3,259,-256
122900086,13,44,-31
122900087,68,684,-616
122900088,85,73,12
122900089,6,294,-288
122900090,4,711,-707
122900091,74,0,74
122900092,1,269,-268
122900093,2,416,-414
122900094,8,309,-301
122900095,102,1,101
122900096,66,296,-230
122900097,67,8,59
122900098,65,120,-55
122900099,3,3,0
122900100,263,169,94
122900101,910,222,688
122900102,5,17,-12
122900103,31,7,24
122900104,29,5,24
122900105,3,1,2
122900106,1,115,-114
122900107,7,281,-274
122900108,8,218,-210
123000001,2241,360,1881
123000002,7385,2452,4933
123000003,4104,2361,1743
123000004,4105,5014,-909
123000005,2198,2141,57
123000006,3493,3521,-28
123000007,2861,2294,567
123000008,2856,4551,-1695
123000009,4744,3388,1356
123000010,4224,4218,6
123000011,3195,880,2315
123000012,1156,2643,-1487
123000013,3260,1011,2249
123000014,1490,4277,-2787
123000015,5477,826,4651
123000016,8478,2699,5779
123000017,3571,1756,1815
123000018,88,91,-3
123000019,97,508,-411
123000020,50,139,-89
123000021,58,178,-120
123000022,427,942,-515
123000023,1113,1299,-186
123000024,850,502,348
123000025,23,64,-41
123000026,2,26,-24
123000027,347,529,-182
123000028,582,698,-116
123000029,708,604,104
123000030,115,914,-799
123000031,126,505,-379
123000032,181,313,-132
123000033,113,58,55
123000034,588,507,81
123000035,170,271,-101
123000036,238,539,-301
123000037,181,341,-160
123000038,79,252,-173
123000039,512,821,-309
123000040,1339,350,989
123000041,1061,523,538
123000042,840,479,361
123000043,4450,4323,127
123000044,7317,2115,5202
123000045,14000,1751,12249
123000046,1085,657,428
123000047,3525,1074,2451
123000048,77,286,-209
123000049,8771,3723,5048
123000050,819,1003,-184
123000051,106,151,-45
123000052,526,2103,-1577
123000053,2626,2633,-7
123000054,1243,1130,113
123000055,1015,1287,-272
123000056,1203,1992,-789
123000057,20654,4970,15684
123000058,626,572,54
123000059,372,438,-66
123000060,718,415,303
123000061,162,714,-552
123000063,842,637,205
123000064,758,216,542
123000065,8734,3728,5006
123000066,1339,837,502
123000067,387,719,-332
123000068,3295,3870,-575
123000069,10550,4103,6447
123000070,406,883,-477
123000071,562,1357,-795
123000072,909,1729,-820
123000073,689,944,-255
123000074,983,2513,-1530
123000075,379,771,-392
123000076,409,1420,-1011
123000077,2128,4312,-2184
123000078,937,1889,-952
123000079,918,2412,-1494
123000080,1823,3239,-1416
123000081,188,722,-534
123000082,500,1349,-849
123000083,913,123,790
123000084,280,897,-617
123000085,54,165,-111
123000086,146,512,-366
123000087,101,666,-565
123000088,830,1533,-703
123000089,382,1444,-1062
123000090,1111,1556,-445
123000091,1713,1392,321
123000092,1375,1213,162
123000094,315,302,13
123000095,327,674,-347
123000096,284,453,-169
123000097,268,1528,-1260
123000098,488,682,-194
123000099,438,1100,-662
123000100,449,587,-138
123000101,615,439,176
123000102,644,593,51
123000104,350,277,73
123000105,707,578,129
123000106,630,300,330
123000107,552,571,-19
123000108,1235,1374,-139
123000111,471,268,203
123000112,551,666,-115
123000113,514,2315,-1801
123000114,396,400,-4
123000115,146,335,-189
123000116,23,192,-169
123000117,1505,2598,-1093
123000118,409,1182,-773
123000119,219,1261,-1042
123000120,396,1111,-715
123000121,379,598,-219
123000122,349,297,52
123000123,429,594,-165
123000124,687,628,59
123000125,1361,791,570
123000126,2433,1777,656
123000127,1939,849,1090
123000128,338,465,-127
123000129,241,179,62
123000130,400,69,331
123000131,558,430,128
123000132,424,629,-205
123000133,651,417,234
123000134,691,199,492
123000135,1299,1399,-100
123000136,229,1821,-1592
123000137,76,578,-502
123000138,47,606,-559
123000139,237,85,152
123000140,176,961,-785
123000141,939,79,860
123000142,940,1215,-275
123000143,1075,2653,-1578
123000144,31,9,22
123000145,202,137,65
123000146,77,118,-41
123000147,67,144,-77
123000149,341,335,6
123000150,185,223,-38
123000151,341,423,-82
123000152,56,348,-292
123000153,164,444,-280
123000154,2423,1555,868
123000155,2869,895,1974
123000156,75,78,-3
123000157,607,883,-276
123000158,922,543,379
123000159,3053,1770,1283
123000160,587,472,115
123000161,1368,773,595
123000162,810,1320,-510
123000163,198,46,152
123000164,742,225,517
123000165,381,2380,-1999
123000166,39,183,-144
123000167,85,362,-277
123000168,152,389,-237
123000169,291,94,197
123000170,38,453,-415
123000171,162,57,105
123000172,314,748,-434
123000173,411,164,247
123000174,593,152,441
123000175,1068,1554,-486
123000176,799,89,710
123000177,419,1242,-823
123000178,469,71,398
123000179,33,881,-848
123000180,1105,284,821
123000181,371,1699,-1328
123000182,144,652,-508
123000183,161,191,-30
123000184,65,943,-878
123000185,281,420,-139
123000186,7,915,-908
123000187,291,4,287
123000188,117,0,117
123000189,107,234,-127
123000190,32,65,-33
123000192,20,487,-467
123000193,31,724,-693
123000194,592,315,277
123000195,196,10,186
123000196,191,5,186
123000197,16,128,-112
123000198,6,224,-218
123000199,4,590,-586
123000200,260,7,253
123000201,480,22,458
123000202,23,1685,-1662
123000203,402,40,362
123000204,68,1430,-1362
123000205,340,2409,-2069
123000206,1042,108,934
123000207,80,1250,-1170
123000208,167,79,88
123000209,940,213,727
123000210,341,1874,-1533
123000211,653,3534,-2881
123000212,1533,289,1244
123000213,270,62,208
123000215,144,97,47
123000216,219,795,-576
123000217,137,26,111
123000218,116,330,-214
123000219,1282,40,1242
123000220,458,60,398
123000221,111,206,-95
123000222,262,876,-614
123000223,91,814,-723
123000224,325,780,-455
123000225,256,106,150
123000226,118,507,-389
123000227,64,496,-432
123000228,137,69,68
123000229,1266,2135,-869
123000232,74,638,-564
123000233,563,149,414
123000234,110,831,-721
123000235,351,326,25
123000236,96,1083,-987
123000237,223,55,168
123000238,72,863,-791
123000239,455,2498,-2043
123000240,30,260,-230
123000241,1223,130,1093
123000242,91,248,-157
123000243,318,1116,-798
123000244,701,451,250
123000245,80,175,-95
123000249,377,747,-370
123000252,538,145,393
123000253,495,373,122
123000254,394,1337,-943
123000255,655,723,-68
123000256,21,329,-308
123000257,3920,2624,1296
123000258,1235,1327,-92
123000259,143,401,-258
123000260,334,807,-473
123000261,82,344,-262
123000262,111,325,-214
123000263,252,103,149
123000264,194,70,124
123000265,57,162,-105
123000266,446,799,-353
123000267,248,287,-39
123000268,19,76,-57
123000269,24,70,-46
123000270,19,54,-35
123000271,32,127,-95
123000272,745,196,549
123000273,180,451,-271
123000274,908,355,553
123000275,331,1236,-905
123000278,3665,2608,1057
123000279,38,100,-62
123000280,201,416,-215
123000281,140,96,44
123000282,50,296,-246
123000283,67,25,42
123000284,62,151,-89
123000286,286,242,44
123000287,654,257,397
123000288,867,543,324
123000289,398,746,-348
123000291,404,934,-530
123000294,151,260,-109
123000295,897,1269,-372
123000296,182,638,-456
123000297,177,1096,-919
123000298,227,1110,-883
123000299,18,383,-365
123000300,658,619,39
123000301,72,155,-83
123000302,108,260,-152
123000303,45,175,-130
123000305,980,886,94
123000306,44,351,-307
123000309,49,64,-15
123000310,74,27,47
123000311,0,153,-153
123000312,919,1297,-378
123000313,104,289,-185
123000315,198,471,-273
123000316,2226,45,2181
123000317,178,61,117
123000318,60,388,-328
123000329,5,11,-6
123000337,114,247,-133
123000338,448,114,334
123000339,69,262,-193
123000340,273,665,-392
123000342,0,5,-5
123000343,51,0,51
123000344,1172,449,723
123000345,440,705,-265
123000346,159,77,82
123000352,2608,932,1676
123000353,23,157,-134
123000354,102,1,101
123000355,1,467,-466
123000356,146,7,139
123000357,0,399,-399
123000359,5,335,-330
123000360,118,8,110
123000361,640,315,325
123000362,163,156,7
123000363,65,289,-224
123000364,471,334,137
123000365,24,256,-232
123000366,270,1308,-1038
123000367,281,1349,-1068
123000370,18,404,-386
123000371,289,22,267
123000372,156,10,146
123000373,5,566,-561
123000374,17,259,-242
123000375,234,25,209
123000376,595,589,6
123000377,198,11,187
123000378,9,594,-585
123000379,3,246,-243
123000380,66,216,-150
123000381,123,47,76
123000382,1585,40,1545
123000383,294,649,-355
123000384,530,114,416
123000385,483,757,-274
123000436,53,844,-791
123000507,146,358,-212
123000508,126,344,-218
123000517,289,17,272
123000518,33,294,-261
123000519,124,78,46
123000520,78,231,-153
123000521,288,84,204
123000522,139,612,-473
123000541,1,0,1
123000542,0,38,-38
123000565,152,20,132
123000566,45,941,-896
123000567,92,285,-193
123000573,44,1201,-1157
123000574,294,55,239
123000575,1101,1488,-387
123000576,539,2246,-1707
123000577,111,588,-477
123000578,863,135,728
123000579,6539,2691,3848
123000580,53,7,46
123000582,326,39,287
123000583,13,690,-677
123000584,111,243,-132
123000585,0,148,-148
123000586,23,0,23
123000596,112,161,-49
123000597,31,58,-27
123000602,7,2,5
123000603,244,951,-707
123000604,291,1328,-1037
123000605,681,113,568
123000606,0,243,-243
123000609,13,464,-451
123000610,101,93,8
123000613,28,115,-87
123000614,151,71,80
123000615,35,149,-114
123000616,260,54,206
123000617,56,877,-821
123000618,52,899,-847
123000619,615,23,592
123000620,22,779,-757
123000622,291,19,272
123000624,104,34,70
123000630,516,387,129
123000631,213,2338,-2125
123000632,1204,1435,-231
123000633,0,205,-205
123000634,69,43,26
123000635,362,116,246
123000636,11,951,-940
123000637,92,185,-93
123000638,286,139,147
123000639,1239,2053,-814
123000640,49,1304,-1255
123000648,76,50,26
123000649,33,692,-659
123900001,2053,55,1998
123900002,20,905,-885
123900003,356,785,-429
123900005,116,108,8
123900006,184,18,166
124000001,1545,129,1416
124000002,108,1930,-1822
124000003,371,127,244
124000004,53,894,-841
124000005,511,183,328
124000006,211,1857,-1646
124000007,588,105,483
124000008,9,480,-471
124000009,178,335,-157
124000010,78,569,-491
124000011,471,272,199
124000012,283,1026,-743
124000017,50,109,-59
124000018,75,165,-90
124000019,46,95,-49
124000020,69,331,-262
124000021,70,83,-13
124000022,122,367,-245
124000023,978,1244,-266
124000024,1051,662,389
124000025,1161,1163,-2
124000026,1289,1031,258
124000027,5491,3162,2329
124000028,3441,3990,-549
124000030,3966,1410,2556
124000031,574,831,-257
124000032,5250,1073,4177
124000033,261,199,62
124000034,2645,795,1850
124000035,77,71,6
124000036,78,488,-410
124000037,580,306,274
124000038,86,91,-5
124000039,1275,265,1010
124000040,809,531,278
124000041,194,56,138
124000042,52,372,-320
124000043,302,80,222
124000044,122,312,-190
124000045,502,558,-56
124000046,189,889,-700
124000047,790,849,-59
124000048,497,2363,-1866
124000049,758,692,66
124000050,551,2941,-2390
124000051,337,532,-195
124000052,416,1691,-1275
124000053,496,803,-307
124000054,689,871,-182
124000055,1026,1229,-203
124000056,4519,1539,2980
124000057,625,443,182
124000058,303,1720,-1417
124000059,376,492,-116
124000060,1058,1014,44
124000061,1298,2458,-1160
124000062,7035,1970,5065
124000063,1478,1841,-363
124000064,2983,2277,706
124000065,64,176,-112
124000066,277,59,218
124000067,30,296,-266
124000068,31,105,-74
124000069,255,306,-51
124000070,158,652,-494
124000071,88,63,25
124000072,152,676,-524
124000073,579,109,470
124000074,155,1212,-1057
124000075,69,35,34
124000076,5,386,-381
124000077,1775,858,917
124000078,2824,380,2444
124000079,828,1124,-296
124000080,256,185,71
124000081,170,1036,-866
124000082,12,99,-87
124000083,29,207,-178
124000084,112,247,-135
124000085,111,74,37
124000086,76,95,-19
124000087,63,80,-17
124000088,248,368,-120
124000089,365,359,6
124000090,89,465,-376
124000091,326,133,193
124000092,92,957,-865
124000093,100,54,46
124000094,225,427,-202
124000095,83,93,-10
124000096,74,363,-289
124000097,49,71,-22
124000098,64,128,-64
124000099,170,96,74
124000100,79,157,-78
124000101,37,138,-101
124000102,91,98,-7
124000103,39,96,-57
124000104,54,109,-55
124000105,33,60,-27
124000106,96,126,-30
124000107,9,91,-82
124000108,52,45,7
124000109,108,41,67
124000110,119,108,11
124000111,158,201,-43
124000112,480,828,-348
124000113,30,57,-27
124000114,171,785,-614
124000115,288,909,-621
124000116,57,55,2
124000117,68,73,-5
124000118,23,58,-35
124000119,1073,656,417
124000120,445,503,-58
124000121,1606,532,1074
124000122,741,1059,-318
124000123,684,302,382
124000124,608,1047,-439
124000125,344,336,8
124000126,399,599,-200
124000127,606,335,271
124000128,676,1123,-447
124000129,1581,1170,411
124000130,893,622,271
124000131,828,529,299
124000132,854,777,77
124000133,553,830,-277
124000134,819,838,-19
124000135,1436,1331,105
124000136,1061,1164,-103
124000137,1321,511,810
124000138,2145,1022,1123
124000139,402,11,391
124000140,34,392,-358
124000141,57,11,46
124000142,14,119,-105
124000143,12,13,-1
124000144,3,45,-42
124000145,38,36,2
124000146,10,153,-143
124000148,14,41,-27
124000149,855,265,590
124000150,318,570,-252
124000151,454,232,222
124000152,735,1181,-446
124000153,894,430,464
124000154,913,940,-27
124000155,1241,569,672
124000156,1551,1133,418
124000169,208,420,-212
124000170,725,419,306
124000171,200,234,-34
124000172,444,697,-253
124000173,261,265,-4
124000174,204,961,-757
124000175,7,195,-188
124000176,68,7,61
124000177,34,51,-17
124000178,26,16,10
124000190,272,48,224
124000191,478,133,345
124000192,2185,285,1900
124000193,432,1282,-850
124000194,407,602,-195
124000195,204,481,-277
124000196,816,1379,-563
124000197,54,57,-3
124000198,15,34,-19
124000201,279,1247,-968
124000202,482,196,286
124000203,87,1241,-1154
124000204,227,603,-376
124000205,51,647,-596
124000206,181,526,-345
124000207,0,54,-54
124000209,205,778,-573
124000210,137,216,-79
124000211,180,2,178
124000212,7,748,-741
124000213,118,445,-327
124000214,232,985,-753
124000215,71,7,64
124000216,2,705,-703
124000329,80,2915,-2835
124000338,28,1567,-1539
124000339,311,100,211
124000341,388,60,328
124000344,15,4,11
124000357,791,1344,-553
124000358,740,1040,-300
124000359,746,433,313
124000360,451,340,111
124000361,1385,750,635
124000362,1668,2360,-692
124000363,306,559,-253
124000364,493,1085,-592
124000365,635,1342,-707
124000366,2145,1113,1032
124000367,139,696,-557
124000368,181,114,67
124000369,109,89,20
124000370,85,819,-734
124000402,20,11,9
124000403,32,22,10
124000404,2,145,-143
124000405,1113,692,421
124000406,1229,936,293
124000407,5,18,-13
124000411,9,540,-531
124000412,115,16,99
124000413,275,67,208
124000414,21,131,-110
124000415,34,203,-169
124000416,91,338,-247
124000417,92,105,-13
124000418,77,169,-92
124000419,69,224,-155
124000420,23,81,-58
124000421,13,303,-290
124000422,19,8,11
124000423,119,44,75
124000424,0,137,-137
124000425,9,14,-5
124000426,1,54,-53
124000427,10,8,2
124000428,9,35,-26
124000429,14,69,-55
124000430,394,853,-459
124000431,483,885,-402
124000432,92,935,-843
124000439,2,6,-4
124000443,0,6,-6
124000445,195,489,-294
124000446,2938,126,2812
124900001,326,252,74
124900002,75,613,-538
124900003,383,548,-165
124900004,235,419,-184
124900005,197,317,-120
124900006,283,422,-139
124900008,1111,524,587
124900009,117,154,-37
124900010,151,33,118
124900011,186,122,64
124900012,336,65,271
124900013,218,112,106
124900014,131,63,68
124900015,163,160,3
124900016,27,45,-18
124900017,555,226,329
124900018,5,2,3
124900020,41,25,16
124900021,117,26,91
124900022,19,0,19
124900024,99,2,97
124900026,71,6,65
124900027,72,174,-102
124900028,837,150,687
124900029,10,338,-328
124900030,7,165,-158
124900031,26,501,-475
124900032,255,168,87
124900033,44,517,-473
124900034,6,138,-132
124900035,120,502,-382
124900036,1,52,-51
124900037,132,359,-227
124900038,317,484,-167
124900039,0,20,-20
124900040,27,81,-54
124900041,202,1582,-1380
124900042,23,3,20
124900043,318,1331,-1013
124900044,59,0,59
124900045,586,825,-239
124900046,1902,290,1612
124900047,115,235,-120
124900048,104,194,-90
124900050,167,370,-203
124900052,86,433,-347
124900053,26,494,-468
124900054,3903,353,3550
124900055,0,113,-113
124900057,10,102,-92
124900060,60,223,-163
124900061,16,4,12
124900062,23,17,6
124900066,0,28,-28
124900067,3,193,-190
124900068,181,265,-84
124900070,67,29,38
124900072,39,23,16
124900075,84,225,-141
124900076,22,419,-397
124900077,15,131,-116
124900078,43,10,33
124900079,743,66,677
124900080,167,848,-681
124900081,502,227,275
124900082,312,1184,-872
124900083,148,601,-453
124900084,2260,90,2170
124900085,1575,263,1312
124900086,86,541,-455
124900087,673,58,615
124900088,787,123,664
124900089,1570,32,1538
124900090,134,186,-52
124900091,205,701,-496
124900092,116,571,-455
124900093,136,170,-34
124900094,130,237,-107
124900095,55,301,-246
124900096,647,131,516
124900097,160,49,111
124900098,114,498,-384
124900099,611,362,249
124900100,166,19,147
124900101,19,622,-603
124900102,88,4,84
124900103,62,275,-213
124900104,55,214,-159
124900105,54,157,-103
124900106,217,22,195
124900107,41,14,27
124900108,150,21,129
124900111,1,65,-64
124900112,71,970,-899
124900113,117,97,20
124900114,280,57,223
124900115,47,44,3
124900116,70,145,-75
124900117,729,166,563
124900118,134,90,44
124900119,256,63,193
124900120,16,459,-443
124900121,85,142,-57
124900122,617,248,369
124900123,531,79,452
124900124,189,231,-42
204000001,30,28,2
204000002,5,21,-16
204000003,69,3,66
204000004,10,0,10
204000005,387,287,100
204000006,804,789,15
204000011,7,54,-47
204000012,53,147,-94
204000019,444,512,-68
204000020,490,762,-272
204000021,2182,841,1341
204000022,354,565,-211
204000023,322,1608,-1286
204000031,79,38,41
204000032,615,50,565
204000034,14,395,-381
204000035,1,3,-2
204000036,5,32,-27
204000037,2,8,-6
204000038,0,38,-38
204000039,11,86,-75
204000040,4,43,-39
204000041,4,61,-57
204000042,20,17,3
204000043,13,5,8
204000044,27,2,25
204000045,28,4,24
204000046,13,5,8
204000057,6,64,-58
204000062,9,177,-168
204000068,22,171,-149
204000069,15,173,-158
204000070,14,144,-130
204000080,16,80,-64
204000085,1255,1904,-649
204000086,3277,2382,895
204000087,36,14,22
204000088,10,109,-99
204000090,16,470,-454
204000093,172,44,128
204000096,509,585,-76
204000097,197,22,175
204000099,819,1240,-421
204000100,595,1081,-486
204000105,1946,1748,198
204000110,929,1629,-700
204000111,327,1017,-690
204000112,1182,1107,75
204000113,584,985,-401
204000114,778,519,259
204000115,337,378,-41
204000116,1433,522,911
204000119,1571,1427,144
204000132,326,286,40
204000133,386,277,109
204000134,363,152,211
204000135,298,162,136
204000136,180,225,-45
204000138,125,351,-226
204000140,110,75,35
204000141,72,41,31
204000144,2,24,-22
204000145,640,36,604
204000146,30,450,-420
204000147,25,177,-152
204000148,446,40,406
204000154,8,0,8
204000155,3,7,-4
204000177,111,72,39
204000179,12,8,4
204000180,0,34,-34
204000222,2,37,-35
204000235,10,8,2
204000236,109,363,-254
204000238,26,32,-6
204000240,373,59,314
204000263,409,1438,-1029
204000268,989,375,614
204000308,175,23,152
204000317,2,106,-104
204000322,2,31,-29
204000323,22,7,15
204000328,181,53,128
204000329,79,91,-12
204000330,147,27,120
204000331,27,162,-135
204010341,34,276,-242
205000001,1298,1449,-151
205000013,9,136,-127
205000014,15,143,-128
205000015,29,259,-230
205000016,30,228,-198
205000017,34,142,-108
205000022,303,525,-222
205000025,1391,949,442
205000029,185,5,180
205000045,60,206,-146
205000046,95,661,-566
205000047,85,642,-557
205000048,155,1042,-887
205000049,114,849,-735
205000050,1301,289,1012
205000059,1,298,-297
205000060,0,71,-71
205000061,3,29,-26
205000062,0,25,-25
205000063,12,94,-82
205000064,18,144,-126
205000065,64,851,-787
205000066,69,812,-743
205000067,71,1223,-1152
205000069,172,15,157
205000082,136,180,-44
205000110,65,237,-172
205000111,141,283,-142
205000112,99,163,-64
205000113,219,288,-69
205000121,156,38,118
205000123,69,225,-156
205000126,324,88,236
205000127,409,170,239
205000128,445,74,371
205000129,350,75,275
205000130,213,29,184
205000131,182,10,172
205000132,367,1,366
205000133,122,0,122
205000134,148,1,147
205000137,151,148,3
205000138,334,370,-36
205000139,23,126,-103
205000144,66,51,15
205000145,446,110,336
205000151,133,19,114
205000152,92,37,55
205000153,140,39,101
205000154,89,64,25
205000155,77,17,60
205000207,16,150,-134
205000233,10,3,7
205000234,0,0,0
205000243,0,0,0
205000244,0,7,-7
205000245,11,406,-395
205000249,0,30,-30
205000250,3,0,3
205000264,1,127,-126
206000027,2,6,-4
206000028,4,3,1
206000043,12,173,-161
206000053,5,28,-23
206000054,2,47,-45
206000055,4,46,-42
206000075,10,2,8
206000076,17,6,11
206000077,11,4,7
206000078,12,3,9
206000079,7,6,1
206000082,468,13,455
206000100,59,858,-799
206000103,0,23,-23
206000104,17,28,-11
206000105,17,18,-1
206000106,17,44,-27
206000108,644,30,614
206000125,41,0,41
206000157,113,984,-871
206000170,1,252,-251
206000171,2,244,-242
206000172,4,1160,-1156
206000173,2,481,-479
206000174,6,192,-186
206000175,1,293,-292
206000176,10,508,-498
206000177,1,336,-335
206000178,2,246,-244
206000179,8,161,-153
206000180,21,282,-261
206000181,11,423,-412
206000182,30,486,-456
206000183,34,1349,-1315
206000184,4,597,-593
206000185,6,523,-517
206000186,118,2014,-1896
206000223,4,354,-350
206000226,27,5,22
206000227,28,1,27
206000237,27,499,-472
206000238,46,829,-783
206000239,574,2771,-2197
206000240,0,57,-57
206000241,0,146,-146
206000242,6,698,-692
206000243,9,561,-552
206000244,64,1263,-1199
206000245,341,50,291
206000246,66,5,61
206000247,81,8,73
206000248,179,15,164
206000252,52,18,34
206000258,18,48,-30
206000315,23,7,16
206000317,236,94,142
206000318,106,44,62
206000319,442,66,376
206000320,56,21,35
206000321,58,9,49
206000322,190,10,180
206000323,100,9,91
206000324,43,14,29
206000325,141,18,123
206000326,90,6,84
206000327,134,7,127
206000328,52,1,51
206000329,66,9,57
206000330,24,7,17
206000331,52,4,48
206000332,12,1,11
206000333,227,2,225
206000334,139,1,138
206000335,0,27,-27
206000361,4,329,-325
206000392,4,64,-60
206000405,109,1,108
206000441,12,11,1
206000498,57,15,42
206000515,153,23,130
206000530,65,49,16
206000531,130,55,75
206000532,2166,91,2075
206000535,337,2171,-1834
206000536,27,308,-281
206000537,23,181,-158
206000613,1148,158,990
207000001,100,394,-294
207000002,45,349,-304
207000003,124,237,-113
207000007,470,205,265
207000008,32,16,16
207000009,81,54,27
207000010,476,717,-241
207000012,175,177,-2
207000015,365,2023,-1658
207000019,104,70,34
207000021,552,206,346
207000022,64,83,-19
207000023,95,61,34
207000024,2,7,-5
207000025,13,54,-41
207000026,96,66,30
207000027,27,74,-47
207000028,49,267,-218
207000029,286,469,-183
207000033,249,210,39
207000034,173,58,115
207000039,213,137,76
207000040,130,169,-39
207000041,40,59,-19
207000042,140,72,68
207000043,188,191,-3
207000051,110,440,-330
207000052,25,236,-211
207000053,350,800,-450
207000054,51,154,-103
207000055,62,211,-149
207000056,261,465,-204
207000057,137,343,-206
207000058,96,564,-468
207000059,41,1075,-1034
207000060,32,389,-357
207000061,89,144,-55
207000062,93,59,34
207000063,91,166,-75
207000064,302,179,123
207000065,270,260,10
207000066,75,176,-101
207000067,36,102,-66
207000068,120,84,36
207000069,628,423,205
207000082,47,372,-325
207000083,60,516,-456
207000084,108,196,-88
207000085,166,8,158
207000086,105,6,99
207000106,21,41,-20
207000107,34,18,16
207000108,17,10,7
207000109,25,18,7
207000110,41,31,10
207000111,52,56,-4
207000112,137,240,-103
207000114,20,38,-18
207000115,12,86,-74
207000116,16,302,-286
207000117,7,123,-116
207000118,2,109,-107
207000119,26,151,-125
207000123,157,22,135
207000124,50,20,30
207000125,56,20,36
207000126,86,35,51
207000134,23,282,-259
207000135,17,344,-327
207000148,49,160,-111
207000149,86,33,53
207000152,182,404,-222
207000153,1351,1036,315
207000154,331,126,205
207000159,88,381,-293
207000160,86,850,-764
207000238,0,82,-82
207000242,1,173,-172
207000248,26,29,-3
207000249,126,59,67
207000250,828,66,762
207000251,85,100,-15
207000252,80,70,10
207000278,57,70,-13
207000279,17,282,-265
207000280,152,67,85
207000281,56,1525,-1469
207000282,182,21,161
207000283,173,279,-106
207000284,89,116,-27
207000285,174,59,115
207000291,11,155,-144
207000304,97,70,27
207000306,45,450,-405
207000310,43,71,-28
207000353,192,6,186
207000356,12,27,-15
207000357,5,7,-2
207000358,45,8,37
207000415,4,255,-251
207000417,14,5,9
207000418,145,179,-34
207000438,0,2,-2
207000439,1332,299,1033
207000446,151,10,141
207000460,6,10,-4
207000466,241,219,22
207000467,110,106,4
207000468,23,740,-717
207000476,4,99,-95
207000477,245,137,108
207000478,6,27,-21
207000523,0,17,-17
207000524,8,0,8
207000527,79,135,-56
207000530,136,11,125
207000531,171,4,167
207000532,97,20,77
207000534,676,46,630
207000535,40,218,-178
207000537,24,137,-113
207000540,7,183,-176
207000541,1,359,-358
207000548,3,400,-397
207000549,155,10,145
207000561,83,104,-21
207000562,53,233,-180
207000567,172,338,-166
207000568,36,141,-105
207000569,134,1634,-1500
207000584,559,150,409
207000585,75,239,-164
207000616,1,244,-243
207000617,105,0,105
207900008,90,297,-207
208000001,442,694,-252
208000002,430,510,-80
208000003,722,608,114
208000004,1084,714,370
208000005,13,18,-5
208000019,465,958,-493
208000020,132,401,-269
208000021,87,555,-468
208000022,477,828,-351
208000028,1384,968,416
208000033,335,734,-399
208000034,1084,1641,-557
208000037,482,84,398
208000040,134,211,-77
208000041,1717,617,1100
208000042,829,541,288
208000047,74,402,-328
208000064,3155,1432,1723
208000066,1416,957,459
208000070,243,461,-218
208000071,296,880,-584
208000072,309,1292,-983
208000080,103,376,-273
208000081,176,194,-18
208000082,182,436,-254
208000083,95,438,-343
208000084,21,14,7
208000085,1020,683,337
208000086,392,898,-506
208000087,409,775,-366
208000089,530,733,-203
208000090,388,1217,-829
208000093,143,109,34
208000094,236,549,-313
208000095,580,437,143
208000104,732,1036,-304
208000105,653,1211,-558
208000114,47,170,-123
208000115,459,430,29
208000116,164,1076,-912
208000117,92,126,-34
208000118,61,83,-22
208000155,544,941,-397
208000158,1779,2439,-660
208000186,3480,1812,1668
208000204,385,935,-550
208000205,778,1411,-633
208000282,3930,1185,2745
209000004,123,173,-50
209000005,26,17,9
209000006,422,112,310
209000007,222,199,23
209000010,529,183,346
209000011,124,256,-132
209000012,193,238,-45
209000013,168,761,-593
209000014,799,1962,-1163
209000025,149,39,110
209000026,393,72,321
209000027,230,1215,-985
209000028,355,1255,-900
209000029,658,1153,-495
209000030,508,2084,-1576
209000031,4735,3379,1356
209000034,189,200,-11
209000035,112,117,-5
209000036,93,108,-15
209000037,158,247,-89
209000038,90,199,-109
209000039,64,157,-93
209000040,284,517,-233
209000041,163,471,-308
209000042,206,361,-155
209000043,862,735,127
209000044,195,619,-424
209000045,972,509,463
209000046,261,472,-211
209000047,278,197,81
209000048,294,354,-60
209000049,102,221,-119
209000050,232,285,-53
209000051,298,456,-158
209000052,129,478,-349
209000062,42,204,-162
209000063,28,163,-135
209000064,14,212,-198
209000065,23,34,-11
209000066,29,46,-17
209000067,36,75,-39
209000080,18,146,-128
209000082,58,48,10
209000091,50,104,-54
209000093,96,48,48
209000094,252,139,113
209000110,35,62,-27
209000111,535,974,-439
209000112,452,413,39
209000113,1233,428,805
209000114,245,288,-43
209000115,107,231,-124
209000116,1016,778,238
209000118,28,60,-32
209000119,22,7,15
209000121,136,773,-637
209000135,61,75,-14
209000142,840,787,53
209000143,126,110,16
209000144,25,69,-44
209000229,165,184,-19
209000240,37,510,-473
209000259,185,141,44
209000260,61,1106,-1045
209000261,10,730,-720
209000262,1,601,-600
209000263,1,121,-120
209000264,0,51,-51
209000265,607,3,604
209000266,93,6,87
209000267,273,8,265
209000268,732,41,691
210000037,46,24,22
210000047,39,18,21
210000048,50,30,20
210000049,44,20,24
210000052,31,162,-131
210000053,15,96,-81
210000054,34,79,-45
210000070,66,0,66
210000071,32,0,32
210000072,21,0,21
210000073,0,19,-19
210000074,1,124,-123
210000075,0,34,-34
210000076,4,185,-181
210000077,40,37,3
210000078,50,23,27
210000079,23,5,18
210000080,83,46,37
210000081,121,8,113
210000082,40,0,40
210000083,56,1,55
210000084,23,0,23
210000085,0,110,-110
210000086,4,164,-160
210000099,50,270,-220
210000100,33,262,-229
210000101,77,279,-202
210000105,47,182,-135
210000159,1,124,-123
210000163,218,265,-47
210000164,407,90,317
210000168,147,34,113
210000187,0,8,-8
210000188,0,14,-14
210000214,22,1,21
210000219,28,51,-23
210000220,43,119,-76
210000232,0,31,-31
210000233,22,61,-39
210000234,34,160,-126
210000235,42,160,-118
210000245,0,28,-28
210000246,34,2,32
210000258,9,142,-133
210000259,231,16,215
210000282,67,279,-212
210000285,2,103,-101
210000286,9,189,-180
210000290,0,8,-8
210000295,24,142,-118
210000296,45,36,9
210000320,126,143,-17
210000321,45,85,-40
210000338,69,94,-25
210000339,674,903,-229
210000340,140,218,-78
210000341,158,231,-73
210000342,147,215,-68
210000343,170,212,-42
210000344,216,103,113
210000345,178,161,17
210000346,86,86,0
210000347,190,31,159
210000348,104,14,90
210000349,109,30,79
210000350,58,52,6
210000351,92,98,-6
210000352,38,102,-64
210000353,15,132,-117
210000354,45,101,-56
210000355,43,70,-27
210000356,65,78,-13
210000357,62,47,15
210000358,361,147,214
210000359,111,61,50
210000360,150,114,36
210000361,107,198,-91
210000362,154,179,-25
210000363,970,173,797
210000364,109,114,-5
210000365,61,52,9
210000366,101,31,70
210000367,63,11,52
210000368,157,20,137
210000369,20,34,-14
210000370,41,58,-17
210000372,32,28,4
210000373,66,11,55
210000374,42,37,5
210000375,15,74,-59
210000376,31,162,-131
210000404,149,157,-8
210000439,14,63,-49
210000472,91,6,85
210000482,74,37,37
210000564,746,177,569
210000567,0,15,-15
210000568,511,3,508
211000092,33,88,-55
211000094,151,15,136
211000169,165,12,153
211000172,19,233,-214
211000209,0,17,-17
211000226,15,41,-26
211000270,7,14,-7
211000275,22,25,-3
211000276,60,38,22
211000279,16,62,-46
211000281,33,85,-52
211507980,2,19,-17
211977296,2,2,0
212000003,76,65,11
212000004,62,18,44
212000005,15,41,-26
212000006,27,77,-50
212000008,114,281,-167
212000009,20,171,-151
212000012,36,110,-74
212000013,24,52,-28
212000014,186,169,17
212000015,187,251,-64
212000016,398,573,-175
212000027,444,432,12
212000028,224,416,-192
212000029,106,230,-124
212000030,21,32,-11
212000031,26,84,-58
212000048,25,100,-75
212000049,14,84,-70
212000050,20,10,10
212000051,120,311,-191
212000052,93,513,-420
212000053,272,764,-492
212000054,106,164,-58
212000055,88,282,-194
212000056,9,49,-40
212000057,3,36,-33
212000058,261,36,225
212000070,50,382,-332
212000077,90,897,-807
212000099,174,214,-40
212000108,177,180,-3
212000111,114,156,-42
212000120,169,144,25
212000138,71,27,44
212000156,14,172,-158
212000158,3,8,-5
212000159,175,56,119
212000160,363,221,142
212000161,31,11,20
212000310,16,20,-4
212000311,1,63,-62
212000374,10,15,-5
213000001,22,770,-748
213000005,406,99,307
213000006,1252,106,1146
213000007,57,8,49
213000009,502,224,278
213000010,174,199,-25
213000011,197,133,64
213000012,109,504,-395
213000014,35,7,28
213000015,177,2,175
213000016,181,1,180
213000017,14,1,13
213000018,1,254,-253
213000019,3,181,-178
213000020,67,387,-320
213000021,2,126,-124
213000023,181,234,-53
213000033,192,800,-608
213000034,410,317,93
213000035,97,141,-44
213000045,108,274,-166
213000046,112,226,-114
213000047,442,719,-277
213000056,49,28,21
213000069,30,0,30
213000073,1,7,-6
213000074,215,574,-359
213000075,436,8,428
213000076,9,0,9
213000085,3,29,-26
213000086,19,300,-281
213000091,36,13,23
213000092,46,19,27
213000099,130,887,-757
213000100,1516,244,1272
213000101,113,196,-83
213000102,180,505,-325
213000103,640,774,-134
213000104,37,542,-505
213000105,1,60,-59
213000106,8,211,-203
213000107,83,833,-750
213000108,13,579,-566
213000109,9,279,-270
213000110,7,74,-67
213000111,22,50,-28
213000112,183,166,17
213000115,28,3,25
213000116,125,767,-642
213000117,2,954,-952
213000118,207,313,-106
213000119,41,1008,-967
213000120,68,981,-913
213000122,346,1177,-831
213000123,857,2409,-1552
213000124,66,2331,-2265
213000125,133,11,122
213000126,107,87,20
213000127,229,145,84
213000128,965,609,356
213000129,550,314,236
213000130,313,153,160
213000132,135,116,19
213000133,187,89,98
213000134,466,49,417
213000136,250,15,235
213000137,487,69,418
213000139,445,2,443
213000147,24,0,24
213000148,13,7,6
213000149,27,1,26
213000150,0,62,-62
213000151,0,73,-73
213000152,0,64,-64
213000153,0,38,-38
213000154,18,286,-268
213000155,24,499,-475
213000156,63,737,-674
213000157,810,731,79
213000158,251,789,-538
213000159,345,600,-255
213000163,314,83,231
213000165,684,141,543
213000171,0,169,-169
213000172,4,404,-400
213000173,6,407,-401
213000174,3,356,-353
213000175,9,173,-164
213000176,12,25,-13
213000177,12,2,10
213000178,31,0,31
213000179,128,0,128
213000180,46,0,46
213000184,90,504,-414
213000188,408,82,326
213000189,135,28,107
213000190,733,991,-258
213000191,149,735,-586
213000192,98,980,-882
213000193,1454,169,1285
213000194,0,41,-41
213000195,16,549,-533
213000196,182,1033,-851
213000197,291,292,-1
213000198,13,1,12
213000200,130,1230,-1100
213000201,110,65,45
213000202,10,818,-808
213000203,2900,341,2559
213000204,435,31,404
213000205,157,51,106
213000206,212,61,151
213000207,63,9,54
213000208,146,2,144
213000209,51,1,50
213000210,204,2,202
213000211,1,5,-4
213000212,22,17,5
213000213,4,38,-34
213000218,137,1154,-1017
213000219,399,28,371
213000220,301,9,292
213000223,275,99,176
213000224,95,38,57
213000225,26,3,23
213000226,30,6,24
213000227,462,175,287
213000228,102,52,50
213000229,775,12,763
213000230,177,16,161
213000232,78,344,-266
213000233,1,19,-18
213000234,5,35,-30
213000293,4,59,-55
213000294,67,12,55
213000295,13,63,-50
213000296,64,22,42
213000297,7,100,-93
213000298,17,122,-105
213000299,79,37,42
213000300,15,5,10
213000303,0,39,-39
213000304,1,8,-7
213000305,2,17,-15
213000306,86,26,60
213000307,305,86,219
213000308,130,319,-189
213000309,120,66,54
213000310,191,133,58
213000311,398,595,-197
213000315,54,140,-86
213000316,59,65,-6
213000322,56,200,-144
213000323,21,101,-80
213000324,28,70,-42
213000325,5,120,-115
213000326,10,35,-25
213000327,10,101,-91
213000328,5,131,-126
213000329,20,78,-58
213000340,115,1210,-1095
213000341,206,92,114
213000346,173,118,55
213000347,1203,154,1049
213000348,59,194,-135
213000349,164,21,143
213000350,204,1673,-1469
213000366,31,359,-328
213000367,102,39,63
213000379,190,303,-113
213000386,18,276,-258
213000406,105,520,-415
213000417,800,446,354
213000425,61,71,-10
213000426,71,113,-42
213000427,19,425,-406
213000428,18,326,-308
213000429,46,1,45
213000430,46,1482,-1436
213000431,103,0,103
213000432,2,4,-2
213000433,13,162,-149
213000434,37,140,-103
213000435,63,92,-29
213000436,4,91,-87
213000437,0,41,-41
213000438,95,110,-15
213000439,36,7,29
213000440,3,208,-205
213000441,0,2,-2
213000442,1,57,-56
213000443,472,342,130
213000444,11,79,-68
213000445,0,128,-128
213000446,0,9,-9
213000447,3,49,-46
213000448,4,53,-49
213000449,121,2,119
213000450,17,45,-28
213000451,89,70,19
213000452,4,13,-9
213000453,30,337,-307
213000455,710,31,679
213000456,2,414,-412
213000481,17,6,11
213000482,86,2,84
213000489,797,31,766
213000491,1,90,-89
213000492,124,3,121
213000493,0,36,-36
213000494,77,190,-113
213000495,0,174,-174
213000496,210,234,-24
213000497,25,471,-446
213000498,62,335,-273
213000499,113,965,-852
213000500,163,127,36
213000501,43,33,10
213000502,135,54,81
213000503,0,94,-94
213000504,21,327,-306
213000505,9,4,5
213000506,0,15,-15
213000507,4,188,-184
213900016,0,21,-21
213900244,9,0,9
213900245,0,47,-47
218000003,32,25,7
218000004,25,22,3
218000005,47,39,8
218000006,58,26,32
218000007,19,11,8
218000012,352,146,206
218000013,65,105,-40
218000014,517,362,155
218000019,1068,485,583
218000020,293,409,-116
218000021,23,140,-117
218000022,12,65,-53
218000023,0,56,-56
218000024,4,27,-23
218000025,9,51,-42
218000026,14,84,-70
218000027,2,30,-28
218000028,0,9,-9
218000029,5,6,-1
218000030,18,42,-24
218000031,5,82,-77
218000032,3,47,-44
218000040,7,3,4
218000046,21,189,-168
218000047,15,204,-189
218000048,69,214,-145
218000049,121,183,-62
218000050,359,311,48
218000051,73,355,-282
218000052,5,102,-97
218000053,11,8,3
218000054,34,32,2
218000055,3,12,-9
218000056,10,40,-30
218000057,3,31,-28
218000064,2,8,-6
218000065,25,58,-33
218000066,11,79,-68
218000067,22,111,-89
218000068,111,103,8
218000069,70,207,-137
218000070,62,353,-291
218000071,130,250,-120
218000072,453,260,193
218000078,507,1564,-1057
218000079,39,102,-63
218000080,68,66,2
218000081,227,389,-162
218000082,8,169,-161
218000083,19,73,-54
218000084,70,299,-229
218000085,138,616,-478
218000086,50,301,-251
218000087,182,348,-166
218000090,9,93,-84
218000091,764,494,270
218000092,43,183,-140
218000093,54,148,-94
218000094,564,898,-334
218000099,345,444,-99
218000100,200,296,-96
218000101,110,199,-89
218000102,197,347,-150
218000103,94,175,-81
218000104,39,66,-27
218000105,17,2,15
218000106,17,9,8
218000107,50,140,-90
218000108,23,107,-84
218000112,68,15,53
218000117,58,67,-9
218000134,561,1150,-589
218000135,19,117,-98
218000136,231,85,146
218000137,130,153,-23
218000138,22,111,-89
218000139,104,403,-299
218000140,164,290,-126
218000141,15,94,-79
218000142,111,302,-191
218000143,61,227,-166
218000144,33,69,-36
218000145,184,445,-261
218000146,56,167,-111
218000151,0,14,-14
218000152,31,47,-16
218000153,1,2,-1
218000154,5,1,4
218000155,5,4,1
218000156,22,19,3
218000157,8,12,-4
218000158,2,7,-5
218000159,6,9,-3
218000160,1,7,-6
218000161,6,4,2
218000162,16,14,2
218000163,0,4,-4
218000164,20,18,2
218000165,40,38,2
218000170,0,19,-19
218000171,32,6,26
218000172,12,8,4
218000173,72,58,14
218000174,6,3,3
218000176,76,12,64
218000177,254,105,149
218000178,61,124,-63
218000179,38,51,-13
218000180,31,26,5
218000181,67,36,31
218000187,5,9,-4
218000188,13,58,-45
218000189,13,60,-47
218000190,4,28,-24
218000191,51,107,-56
218000192,81,562,-481
218000193,383,702,-319
218000194,26,686,-660
218000195,113,99,14
218000196,272,244,28
218000197,134,378,-244
218000198,6,138,-132
218000199,28,25,3
218000200,60,34,26
218000201,15,8,7
218000202,127,183,-56
218000207,3,80,-77
218000208,24,89,-65
218000211,45,13,32
218000212,8,13,-5
218000213,103,44,59
218000214,6,15,-9
218000215,41,141,-100
218000217,3,105,-102
218000218,245,65,180
218000219,18,11,7
218000220,89,292,-203
218000221,608,183,425
218000222,49,16,33
218000223,21,91,-70
218000224,1,69,-68
218000225,176,12,164
218000226,46,57,-11
218000230,0,1,-1
218000232,43,62,-19
218000239,30,9,21
218000240,7,0,7
218000241,8,1,7
218000242,20,1,19
218000243,50,0,50
218000244,4,0,4
218000245,8,9,-1
218000246,0,1,-1
218000247,0,1,-1
218000248,0,49,-49
218000249,0,2,-2
218000250,4,22,-18
218000251,0,5,-5
218000252,3,11,-8
218000253,5,8,-3
218000254,0,26,-26
218000255,1,18,-17
218000256,1,48,-47
218000267,937,1311,-374
218000268,13,63,-50
218000269,9,7,2
218000270,49,96,-47
218000271,35,101,-66
218000273,4,9,-5
218000274,9,8,1
218000275,15,39,-24
218000276,7,53,-46
218000278,5,32,-27
218000279,24,100,-76
218000280,25,54,-29
218000281,38,17,21
218000282,433,198,235
218000284,120,18,102
218000301,31,131,-100
218000302,83,84,-1
218000303,41,63,-22
218000316,695,1433,-738
218000317,673,1613,-940
218000318,324,1271,-947
218000319,638,1803,-1165
218000320,546,893,-347
218000338,66,20,46
218000345,140,64,76
218000346,42,163,-121
218000459,50,324,-274
218000490,57,88,-31
218000501,40,26,14
218000502,36,128,-92
218000503,24,17,7
218000504,107,5,102
218000505,45,191,-146
218000506,34,221,-187
218000508,42,2,40
218000510,201,14,187
218000520,116,85,31
218000521,0,76,-76
218000522,3,193,-190
218000523,56,1,55
218000524,94,145,-51
218000525,165,10,155
218000526,118,91,27
218000529,17,271,-254
218000530,3,4,-1
218000531,1,35,-34
218000532,11,38,-27
218000534,63,8,55
218000537,10,63,-53
218000538,156,228,-72
218000540,502,99,403
218000543,67,48,19
218000544,56,145,-89
218000545,21,67,-46
218000546,39,119,-80
218000547,33,89,-56
218000548,66,226,-160
218000549,379,132,247
218000550,226,675,-449
218000551,190,300,-110
218000552,681,29,652
218000553,67,94,-27
218000554,27,33,-6
218000555,18,71,-53
218000556,64,621,-557
218000557,128,213,-85
218000558,70,2,68
218000559,0,24,-24
218000560,1,17,-16
218000561,18,0,18
218000562,22,195,-173
218000563,106,30,76
218000564,4,131,-127
218000565,356,17,339
218000566,1131,35,1096
218000567,14,56,-42
218000568,5,2,3
218000569,5,87,-82
218000570,168,3,165
218000571,0,84,-84
218000572,39,2,37
218000573,32,52,-20
218000574,199,71,128
218000575,90,0,90
218000576,0,86,-86
218000577,33,0,33
218000578,1,114,-113
218000579,85,2,83
218000581,1,130,-129
218000582,7,6,1
218000583,3,0,3
218000584,0,20,-20
218000585,9,6,3
218000586,3,40,-37
218000587,0,4,-4
218000588,1,5,-4
218000589,0,1,-1
218000590,0,0,0
218000591,1,11,-10
218000592,2,0,2
218000593,0,1,-1
218000594,0,0,0
218000595,0,0,0
218000596,0,0,0
218000597,0,0,0
218000598,0,0,0
218000599,0,1,-1
218000600,0,0,0
218000601,0,1,-1
218000602,0,0,0
218000603,0,4,-4
218000604,4,0,4
218000605,0,15,-15
218000606,33,0,33
218000607,13,33,-20
218000608,50,10,40
218000609,1,39,-38
218000610,22,0,22
218000611,15,6,9
218000612,1,34,-33
218000613,17,2,15
218000614,0,52,-52
218000615,35,0,35
218000616,6,145,-139
218000617,5,2,3
218000618,0,15,-15
218000619,10,19,-9
218000620,2,36,-34
218000621,0,3,-3
218000622,0,9,-9
218000623,4,0,4
218000624,0,30,-30
218000625,7,0,7
218000626,0,13,-13
218000628,63,37,26
218000631,21,12,9
218000632,0,56,-56
218000633,42,1,41
218000634,0,14,-14
218000635,1,7,-6
218000636,634,2049,-1415
218000637,794,816,-22
218000638,65,56,9
218000639,31,264,-233
218000640,83,28,55
218000641,55,526,-471
218000652,101,154,-53
218000653,133,67,66
218000663,3,103,-100
218000675,72,63,9
218000676,6,35,-29
218000677,1,21,-20
218000680,189,663,-474
218000681,275,109,166
218000691,85,500,-415
218000693,59,131,-72
218000703,10,89,-79
218000718,1219,330,889
218000719,1711,67,1644
218000720,4,52,-48
218000721,39,22,17
218000725,8,16,-8
218001147,1,101,-100
218001214,23,37,-14
218001258,11,3,8
218001329,110,102,8
218001330,233,96,137
218001351,15,15,0
218001352,5,22,-17
218001353,9,12,-3
218001354,1,24,-23
218001355,6,297,-291
218001356,128,4,124
218001357,4,168,-164
218001358,66,2,64
218001361,48,33,15
218001362,2,178,-176
219000001,32,68,-36
219000002,17,71,-54
219000003,45,25,20
219000004,37,44,-7
219000017,74,24,50
219000020,56,22,34
219000022,110,4,106
219000023,68,1,67
219000029,0,100,-100
219000034,15,5,10
219000039,19,67,-48
219000040,34,38,-4
219000041,84,31,53
219000051,0,83,-83
219000052,0,27,-27
219000053,2,250,-248
219000054,15,116,-101
219000055,38,0,38
219000056,2,0,2
219000057,33,0,33
219000062,4,250,-246
219000063,39,7,32
219000064,7,59,-52
219000110,294,34,260
219000111,88,21,67
219000112,154,45,109
219000113,125,31,94
219000114,313,32,281
219000116,69,26,43
219000117,176,86,90
219000118,69,47,22
219000123,226,90,136
219000124,55,45,10
219000125,10,27,-17
219000126,58,99,-41
219000127,0,3,-3
219000128,10,98,-88
219000129,26,148,-122
219000130,1109,805,304
219000131,1042,751,291
219000133,42,27,15
219000134,6,13,-7
219000135,20,57,-37
219000136,100,142,-42
219000138,65,11,54
219000139,16,44,-28
219000140,17,1,16
219000141,5,148,-143
219000142,6,116,-110
219000143,14,130,-116
219000145,10,31,-21
219000146,9,86,-77
219000147,2,69,-67
219000148,3,84,-81
219000149,41,224,-183
219000150,4,151,-147
219000151,2,104,-102
219000157,111,127,-16
219000158,68,256,-188
219000161,136,13,123
219000163,2047,443,1604
219000166,98,180,-82
219000167,97,292,-195
219000168,334,63,271
219000174,216,77,139
219000175,22,5,17
219000176,32,3,29
219000177,12,1,11
219000178,9,3,6
219000179,7,4,3
219000180,30,22,8
219000182,65,12,53
219000183,20,42,-22
219000184,27,4,23
219000185,1,125,-124
219000186,18,51,-33
219000187,22,186,-164
219000189,123,176,-53
219000190,126,275,-149
219000191,1716,855,861
219000192,141,86,55
219000193,535,182,353
219000195,0,63,-63
219000196,4,114,-110
219000198,34,163,-129
219000199,97,246,-149
219000200,36,216,-180
219000201,74,265,-191
219000203,17,108,-91
219000204,134,181,-47
219000205,45,239,-194
219000207,171,228,-57
219000209,15,93,-78
219000210,27,142,-115
219000213,11,299,-288
219000239,163,324,-161
219000240,235,296,-61
219000241,127,254,-127
219000242,68,278,-210
219000243,56,373,-317
219000244,12,126,-114
219000245,11,51,-40
219000246,21,10,11
219000247,53,34,19
219000248,416,188,228
219000249,144,57,87
219000250,138,65,73
219000251,415,123,292
219000252,160,130,30
219000253,149,42,107
219000255,47,73,-26
219000256,44,58,-14
219000257,55,1,54
219000262,57,305,-248
219000263,28,251,-223
219000267,5,162,-157
219000268,0,8,-8
219000269,1,2,-1
219000270,3,0,3
219000271,51,12,39
219000278,0,11,-11
219000279,2,5,-3
219000283,0,19,-19
219000295,7,107,-100
219000296,55,729,-674
219000297,24,162,-138
219000298,25,242,-217
219000299,393,31,362
219000300,20,382,-362
219000301,200,333,-133
219000302,14,182,-168
219000307,43,65,-22
219000308,43,25,18
219000311,70,32,38
219000312,265,33,232
219000313,136,20,116
219000314,98,634,-536
219000315,69,18,51
219000316,216,16,200
219000317,57,8,49
219000320,2,66,-64
219000321,1,27,-26
219000323,4,101,-97
219000325,0,53,-53
219000326,69,152,-83
219000327,33,30,3
219000328,23,47,-24
219000329,309,116,193
219000330,33,19,14
219000331,29,27,2
219000332,123,49,74
219000333,4,0,4
219000335,49,2,47
219000337,5,1,4
219000338,43,0,43
219000344,40,77,-37
219000345,66,137,-71
219000346,18,205,-187
219000348,77,170,-93
219000349,42,369,-327
219000350,35,115,-80
219000351,1,6,-5
219000352,189,70,119
219000353,63,55,8
219000354,106,123,-17
219000355,74,55,19
219000356,1907,331,1576
219000363,282,29,253
219000364,84,21,63
219000365,82,7,75
219000366,284,110,174
219000368,555,342,213
219000370,1257,177,1080
219000371,4,4,0
219000382,7,10,-3
219000383,765,787,-22
219000385,755,560,195
219000386,1131,1494,-363
219000387,1,4,-3
219000390,3,0,3
219000391,0,0,0
219000397,72,92,-20
219000398,72,29,43
219000401,9,121,-112
219000402,20,105,-85
219000403,59,206,-147
219000404,23,79,-56
219000407,6,28,-22
219000409,36,68,-32
219000410,52,31,21
219000411,40,12,28
219000446,286,570,-284
219000447,2,18,-16
219000448,6,8,-2
219000452,82,56,26
219000453,60,85,-25
219000454,333,187,146
219000556,102,56,46
219000558,101,372,-271
219000590,20,275,-255
219000591,26,36,-10
219000592,94,438,-344
219000595,2,36,-34
219000635,27,17,10
219000636,26,109,-83
219000657,21,20,1
219000658,11,50,-39
219000673,0,12,-12
219000676,17,2,15
219000679,9,12,-3
219000684,45,3,42
219000685,1,118,-117
219000686,2,1,1
219000688,1,93,-92
219000689,56,210,-154
219000690,221,29,192
219000691,81,140,-59
219000692,188,39,149
219000693,1,28,-27
219000694,6,0,6
219000695,7,5,2
219000698,1,0,1
219000699,0,25,-25
219000727,3,197,-194
219000728,122,2,120
219000770,10,2,8
219000771,0,62,-62
219000788,378,184,194
219001150,1,12,-11
219001151,0,1,-1
219001166,18,8,10
219001167,3,86,-83
219001178,25,35,-10
220000001,6,44,-38
220000002,5,237,-232
220000003,326,309,17
220000004,703,682,21
220000005,2062,1752,310
220000006,135,814,-679
220000007,223,917,-694
220000008,307,1391,-1084
220000009,197,895,-698
220000010,153,136,17
220000011,652,2026,-1374
220000012,229,209,20
220000014,32,61,-29
220000015,43,198,-155
220000017,32,433,-401
220000018,6020,1167,4853
220000019,58,271,-213
220000020,279,278,1
220000021,366,196,170
220000022,336,542,-206
220000023,165,127,38
220000024,1589,265,1324
220000025,1031,487,544
220000026,171,173,-2
220000027,4,95,-91
220000028,31,32,-1
220000029,56,208,-152
220000030,130,88,42
220000031,208,350,-142
220000064,16,1138,-1122
221000046,1,0,1
221000047,0,1,-1
221000048,0,1,-1
221000049,0,23,-23
221000050,13,0,13
221000055,35,41,-6
221000057,52,11,41
221000068,300,60,240
221000069,324,39,285
221000070,172,9,163
221000071,43,2,41
221000072,101,15,86
221000073,113,75,38
221000074,2,26,-24
221000075,55,13,42
221000076,13,41,-28
221000077,44,66,-22
221000081,12,5,7
221000082,18,6,12
221000083,66,4,62
221000084,5,3,2
221000085,12,62,-50
221000086,11,123,-112
221000087,5,181,-176
221000088,26,181,-155
221000089,26,192,-166
221000090,99,397,-298
221000098,98,9,89
221000099,92,10,82
221000100,46,12,34
221000101,186,3,183
221000102,108,9,99
221000109,10,98,-88
221000110,7,132,-125
221000111,21,141,-120
221000112,7,138,-131
221000113,14,218,-204
221000114,10,188,-178
221000120,8,31,-23
221000121,0,18,-18
221000122,6,21,-15
221000123,5,29,-24
221000124,20,328,-308
221000155,39,10,29
221000156,26,32,-6
221000175,1,6,-5
221000176,0,0,0
221000182,7,2,5
221000241,546,177,369
221000242,217,327,-110
221000243,345,127,218
221000244,231,427,-196
221000245,62,114,-52
221000246,18,249,-231
221000247,17,110,-93
221000248,44,189,-145
221000267,46,794,-748
221000325,69,39,30
221000331,0,91,-91
221000338,2,10,-8
221000378,96,37,59
221000381,57,83,-26
222000282,1,0,1
222000296,1,21,-20
222000568,228,10,218
222000569,90,17,73
222000570,91,6,85
222000571,122,12,110
222000577,12,287,-275
222000578,14,269,-255
222000579,29,162,-133
222000580,137,1032,-895
222000599,0,174,-174
222000600,4,329,-325
222000601,14,935,-921
222000603,19,15,4
222000604,79,29,50
222000605,16,22,-6
222000606,0,13,-13
222000607,1,6,-5
222000608,10,15,-5
222000609,31,360,-329
222000616,78,31,47
222000617,6,15,-9
222000618,14,2,12
222000620,50,12,38
222000621,81,8,73
222000623,374,6,368
222000624,205,2,203
222000625,241,53,188
222000636,26,1,25
222000686,7,12,-5
222000687,20,34,-14
222001066,222,2,220
222001067,4,4,0
222001068,14,40,-26
222001069,12,74,-62
222001082,7,49,-42
222001083,2,96,-94
222001084,1,28,-27
222001085,0,154,-154
222001111,15,259,-244
222001112,30,36,-6
222001313,6,2,4
222001314,2,133,-131
222001464,62,50,12
222001465,78,125,-47
222001484,58,79,-21
222001485,14,67,-53
222001494,126,119,7
222001495,124,422,-298
222001496,95,50,45
222001497,61,724,-663
222001502,27,144,-117
222001503,50,43,7
222001504,14,267,-253
222001505,182,3,179
222001506,32,261,-229
222001507,180,27,153
222001510,167,42,125
222001511,22,482,-460
222001514,648,141,507
222001515,296,728,-432
222001518,90,41,49
222001519,46,464,-418
222001527,148,47,101
222001528,76,208,-132
222001529,98,26,72
222001530,27,260,-233
222001533,121,541,-420
222001534,116,29,87
222001535,65,133,-68
222001536,93,436,-343
222001537,334,25,309
222001538,45,561,-516
222001563,172,126,46
222001564,42,963,-921
222001568,265,85,180
222001576,2,1,1
222001579,0,0,0
222001583,20,264,-244
222001584,37,14,23
222001596,624,1850,-1226
222001597,1770,294,1476
222001626,0,246,-246
222001650,120,85,35
222001651,134,104,30
222001914,346,58,288
222001915,76,226,-150
222001968,550,170,380
222001969,446,1019,-573
222001970,77,200,-123
222001971,4,30,-26
222001972,0,38,-38
225000001,287,114,173
225000002,235,78,157
225000003,178,68,110
225000004,192,239,-47
225000005,15,64,-49
225000006,0,123,-123
225000007,3723,1202,2521
225000010,109,6,103
225000011,445,591,-146
225000012,81,360,-279
225000013,95,200,-105
225000014,422,104,318
225000015,89,274,-185
225000021,591,124,467
225000027,251,496,-245
225000032,569,104,465
225000042,38,749,-711
225000049,30,96,-66
225000050,44,16,28
225000053,2,225,-223
225000058,435,113,322
225000067,206,234,-28
225000068,82,655,-573
225000069,179,584,-405
225000070,46,584,-538
225000071,12,428,-416
225000075,20,781,-761
225000076,87,138,-51
225000078,57,18,39
225000085,15,101,-86
225000086,86,34,52
225000087,135,22,113
225000088,6,166,-160
225000089,474,663,-189
225000090,20,405,-385
225000091,55,291,-236
225000092,11,102,-91
225000093,140,482,-342
225000094,11,556,-545
225000095,331,698,-367
225000096,113,465,-352
225000098,309,100,209
225000099,132,76,56
225000100,104,96,8
225000104,35,407,-372
225000110,8,442,-434
225000111,133,1168,-1035
225000112,224,960,-736
225000113,134,654,-520
225000114,37,296,-259
225000115,2721,612,2109
225000116,1130,61,1069
225000117,946,178,768
225000118,610,211,399
225000119,75,50,25
225000120,528,32,496
225000121,236,13,223
225000123,651,11,640
225000125,193,362,-169
225000126,990,202,788
225000127,1082,465,617
225000128,319,323,-4
225000132,184,15,169
225000133,193,21,172
225000134,370,52,318
225000135,23,3,20
225000136,91,9,82
225000137,54,31,23
225000138,205,29,176
225000143,90,197,-107
225000144,2,371,-369
225000145,27,23,4
225000146,22,115,-93
225000147,7,490,-483
225000148,2,282,-280
225000149,83,491,-408
225000151,26,287,-261
225000155,201,382,-181
225000156,142,699,-557
225000157,117,372,-255
225000158,37,442,-405
225000171,5,187,-182
225000180,11,0,11
225000181,0,40,-40
225000182,132,12,120
225000185,4,256,-252
225000187,42,400,-358
225000191,78,2,76
225000194,0,9,-9
225000208,1,47,-46
225000209,14,29,-15
225000210,1,204,-203
225000217,0,11,-11
225000218,4,1,3
225000223,0,34,-34
225000224,57,1,56
225000225,2,5,-3
225000226,18,1,17
225000227,51,76,-25
225000228,3,0,3
225000229,1,96,-95
225000230,21,1,20
225000231,0,96,-96
225000232,47,0,47
225000241,72,3,69
225000242,2,44,-42
225000249,10,6,4
225000250,23,1053,-1030
225000251,228,20,208
225000254,0,0,0
225000256,1,1,0
225000257,1,5,-4
226000042,387,424,-37
226000043,79,327,-248
226000044,142,828,-686
226000045,60,501,-441
226000046,285,50,235
226000047,231,61,170
226000048,247,44,203
226000049,191,83,108
226000070,1,44,-43
226000071,2,55,-53
226000072,0,13,-13
226000073,1,18,-17
226000074,0,9,-9
226000084,1,50,-49
226000085,3,5,-2
226000086,15,5,10
226000087,0,18,-18
226000088,90,8,82
226000090,134,30,104
226000091,15,4,11
226000092,0,4,-4
226000093,73,1,72
226000094,6,0,6
226000095,2,2,0
226000105,15,0,15
226000106,3,0,3
226000107,4,0,4
226000108,5,0,5
226000109,42,0,42
226000124,99,52,47
226000134,283,328,-45
226000135,739,562,177
226000136,162,272,-110
226000137,7,485,-478
226000138,14,232,-218
226000139,1,13,-12
226000156,42,8,34
226000157,72,9,63
226000163,37,53,-16
226000202,9,468,-459
226000231,129,4,125
226000232,36,12,24
227000033,276,39,237
227000036,125,13,112
227000037,80,15,65
227000038,148,20,128
227000084,3,50,-47
227000085,0,30,-30
227000088,29,2,27
227000089,70,1,69
227000090,19,0,19
227000091,9,1,8
227000092,7,0,7
227000093,17,0,17
227000094,17,9,8
227000130,20,73,-53
227000131,7,329,-322
227000132,16,280,-264
227000133,10,310,-300
227000134,20,492,-472
227000152,0,0,0
227000153,0,42,-42
227000154,0,19,-19
227000155,0,24,-24
227000156,1,19,-18
227000165,3,34,-31
227000196,106,410,-304
227000199,74,764,-690
227000230,34,651,-617
227000232,122,15,107
227000242,65,563,-498
227000243,423,38,385
227000245,23,388,-365
227000246,96,539,-443
227000247,215,82,133
227000248,62,22,40
227000249,7,264,-257
227000250,280,92,188
227000251,209,202,7
227000252,13,456,-443
227000253,43,29,14
227000262,319,18,301
227000266,282,18,264
227000267,21,2398,-2377
227000282,11,287,-276
227000284,142,12,130
227000286,3,123,-120
227000287,5,235,-230
227000291,11,700,-689
227000296,330,256,74
227000484,239,24,215
227000485,32,862,-830
227000655,47,22,25
227000656,474,14,460
227000657,24,17,7
227000661,117,19,98
227000680,104,42,62
229000265,4,46,-42
229000296,23,25,-2
229000297,1,44,-43
229000298,2,168,-166
229000320,6,3,3
229000321,40,3,37
229000412,10,85,-75
229000414,2,63,-61
229000415,8,1,7
229000416,0,1,-1
229000417,2,9,-7
229000419,127,274,-147
229000440,186,77,109
229000442,13,9,4
229000443,1,2,-1
229000444,1,46,-45
229000445,9,8,1
229000446,65,13,52
229000491,3,22,-19
229000492,16,189,-173
229000493,7,165,-158
229000494,23,8,15
229000495,79,10,69
229000496,29,7,22
229000507,0,32,-32
229000508,2,25,-23
229000509,0,62,-62
229000510,1,45,-44
229000511,1,100,-99
229000512,0,42,-42
229000513,0,8,-8
229000514,0,5,-5
229000517,2,8,-6
229000518,2,53,-51
229000519,1,14,-13
229000520,9,46,-37
229000521,16,22,-6
229000522,0,12,-12
229000523,4,14,-10
229000524,0,11,-11
229000527,4,0,4
229000528,2,0,2
229000529,4,0,4
229000530,62,4,58
229000531,21,3,18
229000532,33,4,29
229000533,81,0,81
229000534,57,0,57
229000564,49,0,49
229000565,7,1,6
229000566,0,33,-33
229000567,0,80,-80
229000582,122,0,122
229000583,4,1,3
229000584,0,50,-50
229000585,1,70,-69
229000718,0,2,-2
229000719,0,1,-1
229000720,0,32,-32
229000721,0,17,-17
229000722,0,36,-36
229000723,0,33,-33
229000724,0,1,-1
229000725,1,8,-7
229000738,1,0,1
229000739,0,0,0
229000740,0,1,-1
229000741,8,0,8
229000742,3,0,3
229000743,9,0,9
229000744,0,0,0
229000745,0,0,0
229000746,20,1,19
229000847,10,0,10
229000848,6,1,5
229000849,63,2,61
229000851,9,0,9
229000854,0,56,-56
229000856,6,130,-124
229000857,0,36,-36
229000858,0,111,-111
229000919,3,87,-84
229000930,7,193,-186
229000937,44,27,17
229000966,38,45,-7
229000981,15,50,-35
229000985,3,36,-33
229000986,1,2,-1
229000987,0,0,0
229000988,0,85,-85
229000989,0,8,-8
229000990,0,1,-1
229000991,1,0,1
229000992,8,11,-3
229000993,164,15,149
229000998,9,34,-25
229000999,43,6,37
229001034,0,9,-9
229001035,2,0,2
229001037,28,12,16
229001042,4,27,-23
229001047,2,54,-52
229001050,23,57,-34
229001168,0,3,-3
229001200,1,0,1
229001338,11,33,-22
229001394,221,0,221
229001422,73,36,37
229001423,29,150,-121
229001431,27,40,-13
229001432,40,73,-33
229001444,107,42,65
229001445,34,211,-177
229001479,5,5,0
229001503,101,59,42
229001504,72,212,-140
229001505,49,44,5
229001506,31,129,-98
229001509,16,27,-11
229001545,64,11,53
229001546,2,81,-79
229001553,29,17,12
229001554,17,66,-49
229001559,0,4,-4
229001560,2,2,0
229001630,42,12,30
229001631,3,47,-44
229001635,0,2,-2
229001636,0,1,-1
229001658,3,74,-71
229001659,82,4,78
229001660,0,0,0
229001661,2,33,-31
229001662,159,3,156
229001663,0,24,-24
229002584,173,103,70
229002831,233,141,92
229002841,5,31,-26
229002842,7,18,-11
229002843,31,31,0
229002844,16,65,-49
229002845,22,82,-60
229002846,49,64,-15
229002847,25,2,23
229002848,14,7,7
229002849,16,86,-70
229002850,2,2,0
229002851,28,93,-65
229002852,50,19,31
229002853,47,33,14
229002854,21,44,-23
229002855,1,36,-35
229002856,21,11,10
229002857,1,39,-38
229002858,4,5,-1
229002859,27,19,8
229002860,32,38,-6
229002861,20,22,-2
229002862,17,129,-112
229002863,4,27,-23
229002864,2,32,-30
229002865,3,2,1
229002866,4,25,-21
229002867,41,20,21
229002868,7,7,0
229002869,6,136,-130
229002870,15,15,0
235000066,386,76,310
235000067,113,87,26
235000072,30,42,-12
235000073,66,266,-200
235000074,11,93,-82
235000080,20,77,-57
235000081,64,247,-183
235000082,40,43,-3
235000083,57,96,-39
235000084,35,73,-38
235000085,48,90,-42
235000089,10,34,-24
235000092,2,168,-166
235000093,2,2,0
235000097,0,4,-4
235000098,26,18,8
235000099,14,32,-18
235000116,52,18,34
235000117,824,12,812
235000133,11,224,-213
235000134,14,87,-73
235000206,15,0,15
235000207,6,6,0
235000208,1,3,-2
235000209,5,1,4
235000210,5,3,2
235000212,0,21,-21
235000213,1,9,-8
235000220,0,2,-2
235000221,22,10,12
235000238,3,13,-10
235000239,0,1,-1
235000242,172,164,8
235000245,900,192,708
235000246,21,53,-32
235000284,3,100,-97
235000295,72,5,67
235000305,46,4,42
235000306,26,4,22
235000307,12,0,12
235000308,45,1,44
235000309,18,0,18
235000310,34,0,34
235000311,30,2,28
235000322,0,21,-21
235000323,2,70,-68
235000324,0,19,-19
235000325,2,19,-17
235000326,10,338,-328
235000351,7,58,-51
235000352,16,46,-30
235000353,1,30,-29
235000354,2,33,-31
235000355,1,125,-124
235000356,12,20,-8
235000357,14,8,6
235000358,26,5,21
235000359,4,2,2
235000360,56,4,52
235000361,14,9,5
235000381,36,300,-264
235000382,81,39,42
235000390,20,4,16
235000391,66,13,53
235000392,53,129,-76
235000393,65,98,-33
235000395,47,32,15
235000396,175,56,119
235000400,80,24,56
235000401,25,193,-168
235000405,87,366,-279
235000406,36,296,-260
235000407,48,119,-71
235000409,212,164,48
235000410,49,224,-175
235000411,4,76,-72
235000485,1,9,-8
235000486,2,0,2
235000549,39,74,-35
235000550,44,200,-156
235000599,37,109,-72
235000600,3,1,2
235000601,22,53,-31
235000602,41,217,-176
235000614,0,3,-3
235000648,0,27,-27
235000649,16,4,12
235000685,1,5,-4
235000815,7,15,-8
235000834,0,5,-5
235000855,14,64,-50
235000862,16,209,-193
235000891,0,12,-12
235000892,7,6,1
235000901,47,117,-70
235000907,3,18,-15
235001010,25,104,-79
235001029,590,393,197
235001030,305,142,163
235001078,59,104,-45
235001079,108,147,-39
235001147,82,40,42
235001166,9,95,-86
235001167,1,75,-74
235001169,16,288,-272
235001188,1,5,-4
235001189,1,0,1
235001197,46,16,30
235001200,50,29,21
235001207,127,12,115
235001210,105,131,-26
235001215,23,103,-80
235001239,0,27,-27
235001244,0,5,-5
235016267,0,19,-19
277101746,0,3,-3
277102712,0,0,0
277103813,0,0,0
277103898,0,2,-2
277104249,0,5,-5
277104250,0,9,-9
277104251,0,6,-6
277104252,0,4,-4
990011530,2,273,-271
990014944,3,543,-540
990015176,31,28,3
990015618,0,90,-90
990016032,0,410,-410
990032570,2,94,-92
990070001,40,3,37
990070103,0,3,-3
990070601,1,54,-53
990070751,138,3,135
990070766,1,1036,-1035
990071180,259,187,72
990071343,6,0,6
990071387,0,4,-4
990071823,228,3,225
990072600,1,658,-657
990072964,3,711,-708
990073285,0,3,-3
990074393,2,1206,-1204
990074870,342,7,335
990075106,264,3,261
990075746,129,0,129
990076437,270,5,265
990076458,1,1312,-1311
997000007,119,20,99
997000041,0,131,-131
997000058,20,0,20
997000062,7,1,6
997000069,0,7,-7
997000070,0,55,-55
997000100,6,2,4
997000141,6,720,-714
997000198,0,277,-277
998000475,1,5,-4
998000736,2,346,-344
998000965,0,3,-3
998001031,0,46,-46
998001700,0,23,-23
998001899,0,0,0
998001900,60,51,9
998003073,980,3,977
998101900,0,0,0
998102850,0,77,-77
998501927,388,336,52
998501929,96,3,93
998501930,60,0,60
998501931,26,3,23
998501932,11,7,4
998501933,18,1,17
998501937,42,36,6
998501944,11,2,9
998501950,0,0,0
998501970,209,143,66
998501971,0,62,-62
998501973,0,97,-97
998501974,2,333,-331
998501975,95,2,93
998501976,22,0,22
998501977,0,20,-20
998501978,80,46,34
998501979,0,6,-6
998501980,192,0,192
998501981,22,20,2
998501982,1,110,-109
998502006,0,0,0
998502024,0,2,-2
998502032,1,1,0
998502062,8,2,6
998502063,0,0,0
998502173,33,0,33
998502269,0,6,-6
998601159,1,358,-357
998601292,0,19,-19
999033574,3,939,-936
999800001,16,2,14
999800002,1,1,0
999800003,3,1,2
999800004,0,9,-9
999800005,0,1,-1
