ID,insum,outsum,diff
100000001,631,1167,-536
100000002,5763,1743,4020
100000003,8971,4809,4162
100000004,1822,1277,545
100000005,2943,5864,-2921
100000006,2174,279,1895
100000007,3815,1286,2529
100000008,1485,612,873
100000009,2285,812,1473
100000010,575,169,406
100000011,1427,106,1321
100000012,162,1065,-903
100000013,2268,344,1924
100000014,2126,388,1738
100000015,2096,4031,-1935
100000016,1658,1734,-76
100000017,2357,1111,1246
100000018,3203,885,2318
100000019,7440,2782,4658
100000020,3338,13503,-10165
100000021,7803,2809,4994
100000022,2759,2670,89
100000023,6906,2235,4671
100000025,2540,1300,1240
100000028,2471,1157,1314
100000029,306,305,1
100000030,395,123,272
100000031,7386,10803,-3417
100000032,4715,5161,-446
100000033,1334,3307,-1973
100000034,649,604,45
100000035,2685,1702,983
100000036,3857,1771,2086
100000037,809,603,206
100000038,2900,1345,1555
100000039,2590,322,2268
100000040,394,255,139
100000041,1330,717,613
100000042,1506,567,939
100000043,1470,429,1041
100000044,483,981,-498
100000045,711,1543,-832
100000046,840,1685,-845
100000047,776,1268,-492
100000048,2522,1019,1503
100000049,2513,3325,-812
100000051,760,1651,-891
100000053,317,6,311
100000054,673,67,606
100000055,1936,393,1543
100000056,748,675,73
100000057,2693,900,1793
100000058,1797,1865,-68
100000059,25,183,-158
100000060,450,552,-102
100000061,2932,705,2227
100000062,3865,791,3074
100000063,949,392,557
100000064,1782,533,1249
100000065,511,1497,-986
100000066,305,1136,-831
100000067,731,1068,-337
100000068,807,2927,-2120
100000069,466,2256,-1790
100000072,660,2271,-1611
100000073,1616,1776,-160
100000075,1048,460,588
100000076,4137,3660,477
100000077,391,293,98
100000078,67,66,1
100000079,44,89,-45
100000080,34,58,-24
100000081,222,276,-54
100000102,3330,2405,925
100000103,6424,1648,4776
100000104,7461,3108,4353
100000105,3312,1893,1419
100000106,3073,2956,117
100000107,1166,1117,49
100000108,1054,1296,-242
100000109,4323,1690,2633
100000116,2243,1400,843
100000117,111,171,-60
100000118,2328,1371,957
100000119,685,980,-295
100000121,406,583,-177
100000122,1074,1325,-251
100000123,5396,5683,-287
100000124,9572,8217,1355
100000125,4871,1826,3045
100000126,1217,561,656
100000127,2320,437,1883
100000128,2557,2475,82
100000129,664,805,-141
100000130,566,727,-161
100000131,4233,4657,-424
100000132,2349,4047,-1698
100000133,9416,3473,5943
100000135,766,1660,-894
100000139,630,338,292
100000140,678,475,203
100000142,612,820,-208
100000143,1312,598,714
100000144,5060,1330,3730
100000147,1289,3303,-2014
100000150,50,526,-476
100000151,1396,1231,165
100000153,338,592,-254
100000154,136,264,-128
100000155,32,57,-25
100000156,733,425,308
100000157,180,105,75
100000158,401,107,294
100000159,468,643,-175
100000165,2410,1083,1327
100000169,611,436,175
100000174,1511,574,937
100000179,101,665,-564
100000180,12108,2984,9124
100000181,843,351,492
100000188,155,567,-412
100000189,4053,569,3484
100000190,1217,982,235
100000191,885,624,261
100000192,73,181,-108
100000193,286,272,14
100000330,1753,1382,371
100000355,380,980,-600
100000362,8318,4802,3516
100000363,5124,6803,-1679
100000364,489,255,234
100000365,7134,6906,228
100000366,9632,3957,5675
100000367,7004,6434,570
100000368,4402,2208,2194
100000369,2265,2267,-2
100000370,637,867,-230
100000376,131,179,-48
100000379,4022,1720,2302
100000380,7301,4170,3131
100000384,7801,6777,1024
100000385,6432,4989,1443
100000386,10465,6062,4403
100000387,6727,6951,-224
100000388,9660,7920,1740
100000389,10095,8379,1716
100000390,12230,6990,5240
100000391,9348,9578,-230
100000392,5216,4201,1015
100000393,4154,5192,-1038
100000394,11185,8964,2221
100000395,7654,4159,3495
100000396,11915,4070,7845
100000397,7795,6315,1480
100000398,15519,10503,5016
100900002,8,45,-37
100900003,444,212,232
100900004,40,1097,-1057
100900005,275,30,245
100900006,38,244,-206
100900007,649,15,634
100900008,0,457,-457
100900009,90,173,-83
100900010,215,214,1
100900011,135,276,-141
100900012,2,301,-299
100900013,2481,25,2456
100900014,5,20,-15
100900015,186,172,14
100900016,0,63,-63
100900017,1412,135,1277
100900018,0,40,-40
100900019,67,335,-268
100900020,446,23,423
100900021,531,4,527
100900022,59,163,-104
100900023,7,191,-184
100900024,1189,2,1187
100900025,27,17,10
100900026,121,150,-29
100900027,1231,3879,-2648
100900028,168,342,-174
100900029,83,17,66
100900030,3,56,-53
100900031,1031,125,906
100900032,294,3,291
100900033,469,241,228
100900034,591,10,581
100900035,927,11,916
100900036,20,4,16
100900037,124,255,-131
100900038,143,52,91
100900039,369,667,-298
100900040,548,1072,-524
100900041,784,887,-103
100900042,2009,599,1410
100900043,0,39,-39
100900044,3408,839,2569
100900045,106,1,105
100900046,1650,17,1633
100900047,1441,848,593
100900048,238,99,139
100900049,99,256,-157
100900050,4,18,-14
100900051,91,95,-4
100900052,593,94,499
100900053,436,80,356
100900054,19,115,-96
100900055,526,690,-164
100900056,234,309,-75
100900057,816,1706,-890
100900058,287,110,177
100900059,164,8,156
100900060,200,45,155
100900061,469,382,87
100900062,16,81,-65
100900063,335,692,-357
100900064,962,25,937
100900065,146,105,41
100900066,89,262,-173
100900067,6,24,-18
100900068,380,120,260
100900069,1080,7,1073
100900070,450,10,440
100900071,1138,469,669
100900072,2,56,-54
100900073,166,744,-578
100900074,3,15,-12
100900075,2509,528,1981
100900076,39,42,-3
100900077,29,190,-161
100900078,139,497,-358
100900079,4,59,-55
100900080,31,247,-216
100900081,39,203,-164
100900082,125,817,-692
100900083,19,63,-44
100900085,12,141,-129
100900086,260,1526,-1266
100900088,140,778,-638
100900089,9,27,-18
100900090,194,966,-772
100900091,4,41,-37
100900092,544,352,192
100900093,187,939,-752
100900094,179,745,-566
100900095,4,44,-40
100900096,65,145,-80
100900097,1,10,-9
100900098,25,19,6
100900099,63,614,-551
100900100,34,499,-465
100900101,421,84,337
100900102,799,223,576
100900103,34,27,7
100900104,6,184,-178
100900105,29,370,-341
100900106,44,3,41
100900107,2259,957,1302
100900108,46,58,-12
100900109,22,41,-19
100900110,11,64,-53
100900111,64,177,-113
100900112,43,12,31
100900113,19,31,-12
100900114,11,16,-5
100900115,3,74,-71
100900116,867,1160,-293
100900117,348,1245,-897
100900118,212,242,-30
100900119,40,49,-9
100900120,6,27,-21
100900121,365,1030,-665
100900122,295,344,-49
100900123,81,456,-375
100900124,5,12,-7
100900125,21,109,-88
100900126,209,1209,-1000
100900127,7,21,-14
100900128,118,172,-54
100900129,4,171,-167
100900131,119,269,-150
100900133,77,163,-86
100900134,10,5,5
100900135,0,158,-158
100900137,443,305,138
100900138,841,593,248
100900139,7,13,-6
100900140,14,618,-604
100900141,4,492,-488
100900142,3,32,-29
100900143,2507,491,2016
100900144,64,14,50
100900145,840,312,528
100900146,6,89,-83
100900147,38,408,-370
100900148,50,853,-803
100900149,45,212,-167
100900150,6,70,-64
100900151,249,740,-491
100900152,371,18,353
100900153,9,238,-229
100900154,8,74,-66
100900155,20,21,-1
100900156,54,13,41
100900157,7,235,-228
100900158,1195,389,806
100900159,3,35,-32
100900160,16,15,1
100900161,192,13,179
100900162,36,390,-354
100900163,296,383,-87
100900164,36,118,-82
100900165,16,55,-39
100900166,51,6,45
100900167,18,100,-82
100900168,40,196,-156
100900169,232,1169,-937
100900170,100,21,79
100900171,24,892,-868
100900172,1,18,-17
100900173,13,573,-560
100900174,750,52,698
100900176,1564,214,1350
100900177,969,390,579
100900178,429,198,231
100900179,198,357,-159
100900180,12,9,3
100900181,181,200,-19
100900182,68,47,21
100900184,30,223,-193
100900186,1195,848,347
100900187,33,163,-130
100900188,35,18,17
100900189,1349,238,1111
100900191,1669,1560,109
100900192,421,359,62
100900195,174,161,13
100900197,19,160,-141
100900198,39,235,-196
100900199,27,55,-28
100900200,955,646,309
100900201,283,1154,-871
100900202,70,0,70
100900203,0,134,-134
100900204,1299,975,324
100900205,268,702,-434
100900206,141,173,-32
100900207,313,181,132
100900210,169,733,-564
100900211,569,255,314
100900213,150,68,82
100900214,1744,163,1581
100900215,19,116,-97
101000001,5888,3264,2624
101000002,6185,6533,-348
101000003,884,2953,-2069
101000004,12517,9755,2762
101000005,5941,6398,-457
101000006,9755,9583,172
101000007,3704,4836,-1132
101000008,4568,3479,1089
101000009,3511,1970,1541
101000010,1150,1526,-376
101000011,2654,860,1794
101000012,1943,1070,873
101000013,952,1441,-489
101000014,820,1010,-190
101000015,1426,1222,204
101000016,487,702,-215
101000017,785,538,247
101000018,4272,3621,651
101000020,6396,1559,4837
101000021,1019,528,491
101000022,448,143,305
101000023,2130,983,1147
101000025,212,548,-336
101000026,570,37,533
101000027,2532,3383,-851
101000028,191,121,70
101000029,346,1901,-1555
101000030,2741,130,2611
101000031,1506,975,531
101000032,13258,4999,8259
101000033,2776,3768,-992
101000034,3258,2005,1253
101000035,1141,800,341
101000036,1893,959,934
101000037,4125,1969,2156
101000039,2894,2765,129
101000040,3801,3865,-64
101000041,16064,9418,6646
101000042,989,1818,-829
101000043,11701,9058,2643
101000045,2636,1143,1493
101000046,6750,1763,4987
101000047,3976,3800,176
101000048,1241,1027,214
101000049,1155,2536,-1381
101000050,4159,3730,429
101000051,3922,3242,680
101000052,1888,1290,598
101000053,1487,2339,-852
101000054,3052,2039,1013
101000055,2045,1638,407
101000056,49,114,-65
101000057,2597,1313,1284
101000058,1674,1462,212
101000059,3266,2511,755
101000060,1836,637,1199
101000061,1176,1504,-328
101000062,838,725,113
101000063,694,1055,-361
101000064,1262,963,299
101000065,530,443,87
101000066,1198,875,323
101000067,1581,953,628
101000068,516,565,-49
101000069,510,107,403
101000070,1701,1098,603
101000071,2612,1156,1456
101000072,1155,4186,-3031
101000073,1401,1092,309
101000074,10405,4470,5935
101000075,8423,5286,3137
101000077,2337,1374,963
101000078,2299,2756,-457
101000079,1121,435,686
101000080,943,573,370
101000081,2012,1840,172
101000082,4382,4003,379
101000083,3287,2863,424
101000084,2052,1076,976
101000085,2004,1462,542
101000086,1299,1405,-106
101000087,1119,1522,-403
101000088,1545,1628,-83
101000089,1176,2093,-917
101000090,2793,1751,1042
101000091,498,1332,-834
101000092,1120,1369,-249
101000093,1950,1211,739
101000094,1156,1499,-343
101000095,601,937,-336
101000096,436,721,-285
101000097,577,445,132
101000098,731,736,-5
101000099,1714,1470,244
101000100,1663,1156,507
101000101,432,521,-89
101000102,1087,554,533
101000103,1441,660,781
101000104,546,661,-115
101000105,1059,441,618
101000106,1211,921,290
101000107,230,428,-198
101000108,1235,431,804
101000109,316,106,210
101000110,51,761,-710
101000111,175,579,-404
101000113,275,959,-684
101000114,11806,5895,5911
101000115,734,229,505
101000116,340,279,61
101000117,1562,499,1063
101000119,114,80,34
101000120,161,54,107
101000121,87,60,27
101000122,170,115,55
101000123,111,122,-11
101000124,973,245,728
101000125,396,524,-128
101000128,933,473,460
101000130,400,440,-40
101000131,842,763,79
101000132,703,1458,-755
101000135,68,48,20
101000136,658,177,481
101000137,44,427,-383
101000141,1934,3319,-1385
101000147,1143,539,604
101000148,1841,29,1812
101000149,257,201,56
101000150,90,966,-876
101000151,329,61,268
101000152,430,405,25
101000153,1868,553,1315
101000154,283,1409,-1126
101000155,384,183,201
101000156,76,358,-282
101000157,83,63,20
101000160,157,96,61
101000163,364,354,10
101000164,674,439,235
101000165,429,468,-39
101000166,352,579,-227
101000168,1065,395,670
101000252,1984,1071,913
101000254,757,132,625
101000258,52,6,46
101000261,243,55,188
101000262,1763,2103,-340
101000263,439,1819,-1380
101000265,185,1110,-925
101000266,451,387,64
101000269,69,18,51
101000290,2059,4789,-2730
101000293,49,109,-60
101000294,867,570,297
101000295,165,750,-585
101000301,901,515,386
101000304,2755,2921,-166
101000305,4455,2007,2448
101900001,17,99,-82
101900002,0,30,-30
101900003,84,85,-1
101900004,9,92,-83
101900005,5910,2347,3563
101900006,1048,65,983
101900007,821,295,526
101900008,88,419,-331
101900009,76,735,-659
101900010,1363,1010,353
101900011,476,1837,-1361
101900012,239,558,-319
101900013,1477,206,1271
101900017,17,231,-214
101900018,1690,386,1304
101900019,373,146,227
101900020,223,122,101
101900021,4,69,-65
101900022,269,1492,-1223
101900023,264,372,-108
102000001,4116,5498,-1382
102000002,5186,1605,3581
102000003,5534,9595,-4061
102000004,11611,4460,7151
102000005,1575,2936,-1361
102000006,1742,2481,-739
102000007,2130,6834,-4704
102000008,6989,2198,4791
102000009,9061,9780,-719
102000010,11308,4936,6372
102000011,3842,3648,194
102000012,4463,4614,-151
102000018,4923,3961,962
102000019,3717,2055,1662
102000026,256,781,-525
102000029,403,282,121
102000030,175,506,-331
102000031,153,263,-110
102000032,503,472,31
102000033,268,497,-229
102000034,1033,555,478
102000035,1857,942,915
102000036,33,299,-266
102000037,359,101,258
102000038,269,386,-117
102000039,361,101,260
102000040,742,303,439
102000041,281,371,-90
102000042,354,348,6
102000043,563,278,285
102000044,515,548,-33
102000045,1605,1324,281
102000046,1184,866,318
102000047,1153,1484,-331
102000048,468,1053,-585
102000049,1224,852,372
102000050,1548,1943,-395
102000051,519,754,-235
102000052,1790,1332,458
102000053,1092,1134,-42
102000054,780,1420,-640
102000055,1452,819,633
102000056,1133,1805,-672
102000057,2413,806,1607
102000058,1812,2399,-587
102000059,2130,2009,121
102000060,1630,1395,235
102000061,2059,2815,-756
102000062,1942,1647,295
102000063,1594,1944,-350
102000064,636,971,-335
102000065,50,142,-92
102000066,2105,1355,750
102000067,4001,4891,-890
102000068,10943,3666,7277
102000069,80,2052,-1972
102000070,2617,73,2544
102000071,9568,12539,-2971
102000072,4892,5599,-707
102000073,2533,1573,960
102000074,1321,1337,-16
102000075,195,442,-247
102000076,247,713,-466
102000077,902,1201,-299
102000078,2537,1095,1442
102000079,223,451,-228
102000080,399,274,125
102000081,589,1079,-490
102000082,859,470,389
102000083,632,507,125
102000084,288,509,-221
102000085,2718,1535,1183
102000086,1656,3408,-1752
102000087,1277,2227,-950
102000088,438,544,-106
102000089,1467,567,900
102000090,909,1753,-844
102000091,1970,638,1332
102000092,596,1200,-604
102000093,711,943,-232
102000094,1392,1149,243
102000095,1544,1834,-290
102000096,1264,1453,-189
102000097,1502,1348,154
102000098,759,1397,-638
102000099,1368,1001,367
102000100,1113,1693,-580
102000101,1658,1000,658
102000102,645,2557,-1912
102000103,2458,665,1793
102000104,798,432,366
102000105,237,692,-455
102000106,987,810,177
102000107,1188,822,366
102000108,1580,307,1273
102000109,754,735,19
102000110,1142,1554,-412
102000111,17,290,-273
102000112,652,165,487
102000113,26,57,-31
102000114,912,477,435
102000115,291,375,-84
102000116,2369,933,1436
102000117,956,2059,-1103
102000118,2755,1345,1410
102000119,2769,1696,1073
102000120,222,600,-378
102000121,1128,803,325
102000122,774,1072,-298
102000123,1825,1777,48
102000124,2190,1497,693
102000125,1383,1429,-46
102000126,1806,974,832
102000127,2164,1040,1124
102000128,1239,1359,-120
102000129,1690,1168,522
102000130,811,1163,-352
102000131,2133,1181,952
102000132,793,2271,-1478
102000133,2640,2477,163
102000134,863,995,-132
102000135,1239,1333,-94
102000136,1546,693,853
102000137,1898,1049,849
102000138,907,577,330
102000139,873,673,200
102000140,1364,541,823
102000141,2084,980,1104
102000142,592,528,64
102000143,175,593,-418
102000144,435,765,-330
102000145,639,810,-171
102000146,511,502,9
102000147,635,1037,-402
102000148,267,1298,-1031
102000149,192,816,-624
102000150,405,174,231
102000151,111,518,-407
102000152,191,177,14
102000153,1348,585,763
102000154,404,922,-518
102000155,144,397,-253
102000156,326,194,132
102000157,195,455,-260
102000158,464,430,34
102000159,1587,584,1003
102000161,5123,2755,2368
102000162,251,173,78
102000163,124,715,-591
102000164,1545,1646,-101
102000165,625,204,421
102000166,202,211,-9
102000167,426,309,117
102000168,314,159,155
102000169,181,647,-466
102000170,741,252,489
102000171,508,244,264
102000172,478,480,-2
102000173,645,456,189
102000174,107,130,-23
102000175,373,164,209
102000176,84,55,29
102000178,549,642,-93
102000179,394,328,66
102000180,1816,784,1032
102000181,864,860,4
102000182,1038,805,233
102000183,2699,2373,326
102000184,2664,1281,1383
102000185,3100,1998,1102
102000186,1498,2663,-1165
102000187,1567,2113,-546
102000188,1618,1916,-298
102000189,3427,1118,2309
102000190,976,3689,-2713
102000191,1813,779,1034
102000192,1593,1924,-331
102000193,52,200,-148
102000194,88,186,-98
102000195,528,690,-162
102000196,222,622,-400
102000197,760,749,11
102000198,287,1117,-830
102000199,1315,544,771
102000200,306,1493,-1187
102000201,1138,704,434
102000202,13,200,-187
102000203,400,388,12
102000204,473,990,-517
102000205,1355,638,717
102000206,734,1086,-352
102000207,1722,602,1120
102000208,822,799,23
102000209,409,110,299
102000210,583,485,98
102000211,897,556,341
102000212,608,16,592
102000213,10,439,-429
102000214,215,12,203
102000215,12,535,-523
102000216,41,80,-39
102000217,11,189,-178
102000218,297,179,118
102000219,532,489,43
102000225,879,882,-3
102000226,7578,1708,5870
102000227,204,6,198
102000228,1,165,-164
102000229,41,73,-32
102000230,300,621,-321
102000231,394,652,-258
102000232,27,216,-189
102000233,829,1188,-359
102000234,108,1714,-1606
102000236,824,95,729
102000237,668,174,494
102000238,223,431,-208
102000240,889,976,-87
102000241,540,184,356
102000243,58,86,-28
102000245,16,137,-121
102000246,18,37,-19
102000247,643,1094,-451
102000248,343,647,-304
102000249,207,180,27
102000250,172,521,-349
102000254,99,590,-491
102000266,250,388,-138
102000271,29,1,28
102000286,679,539,140
102000297,2307,1580,727
102000299,0,0,0
102000301,0,0,0
102000302,0,0,0
102000303,0,0,0
102000305,0,1,-1
102000307,0,4,-4
102000308,0,0,0
102900001,2886,1188,1698
102900002,652,62,590
102900003,77,249,-172
102900005,449,411,38
102900006,678,221,457
102900007,879,55,824
102900008,271,102,169
102900009,748,378,370
102900010,1161,715,446
102900011,2821,497,2324
102900012,583,130,453
102900013,36,86,-50
102900015,977,657,320
102900016,69,138,-69
102900017,180,709,-529
102900018,17,158,-141
102900019,533,784,-251
102900020,175,63,112
102900021,16,177,-161
102900022,843,221,622
102900023,43,79,-36
102900024,81,66,15
102900025,301,97,204
102900026,684,2750,-2066
102900027,103,81,22
102900028,252,1109,-857
102900029,191,236,-45
102900030,997,435,562
102900031,239,270,-31
102900032,149,154,-5
102900033,164,272,-108
102900034,836,133,703
102900035,157,505,-348
102900036,399,526,-127
102900037,939,777,162
102900038,1122,782,340
102900039,39,1023,-984
102900040,257,499,-242
102900041,92,282,-190
102900042,208,378,-170
102900043,264,496,-232
102900044,1709,2797,-1088
102900045,242,765,-523
102900046,154,316,-162
102900047,90,848,-758
102900048,1110,894,216
102900049,139,490,-351
102900050,616,505,111
102900051,274,291,-17
102900052,78,65,13
102900053,452,924,-472
102900054,1186,2170,-984
102900055,159,211,-52
102900056,141,607,-466
102900057,19,73,-54
102900058,485,112,373
102900059,13,73,-60
102900060,167,745,-578
102900061,210,679,-469
102900062,300,1284,-984
102900063,1368,768,600
102900064,270,727,-457
102900065,1982,910,1072
102900066,423,62,361
102900068,166,131,35
102900070,469,700,-231
102900072,111,73,38
102900073,445,22,423
102900074,455,361,94
102900075,26,78,-52
102900076,189,183,6
102900077,52,70,-18
102900078,49,100,-51
102900079,306,13,293
102900080,328,58,270
102900081,102,546,-444
102900082,10,300,-290
102900083,284,19,265
102900084,12,27,-15
102900085,500,174,326
102900086,20,63,-43
102900087,177,177,0
102900088,46,50,-4
102900089,384,165,219
102900090,0,430,-430
102900091,177,13,164
102900092,491,1497,-1006
102900093,305,405,-100
102900094,3,125,-122
102900095,147,3,144
102900096,91,37,54
102900097,27,189,-162
103000001,2994,3391,-397
103000002,2931,3523,-592
103000003,4935,3832,1103
103000004,1199,1023,176
103000005,2116,3405,-1289
103000006,743,1764,-1021
103000007,529,873,-344
103000008,1168,921,247
103000009,1205,1578,-373
103000010,210,129,81
103000011,2110,2034,76
103000012,1601,2023,-422
103000013,6227,2704,3523
103000014,1849,3297,-1448
103000015,2187,918,1269
103000016,680,1688,-1008
103000017,265,658,-393
103000018,1189,643,546
103000019,261,387,-126
103000020,3226,1942,1284
103000021,2161,1938,223
103000022,923,1525,-602
103000023,725,2003,-1278
103000024,149,235,-86
103000025,326,758,-432
103000026,2162,257,1905
103000027,726,731,-5
103000028,823,598,225
103000029,425,444,-19
103000030,3202,1356,1846
103000031,2892,2297,595
103000032,3397,2698,699
103000033,4816,3906,910
103000034,2467,1851,616
103000035,535,1784,-1249
103000036,582,781,-199
103000037,675,727,-52
103000038,740,1411,-671
103000039,468,583,-115
103000040,589,1492,-903
103000041,1809,3148,-1339
103000042,1476,812,664
103000043,912,1500,-588
103000044,481,276,205
103000046,367,714,-347
103000047,800,982,-182
103000048,262,364,-102
103000049,380,217,163
103000050,695,840,-145
103000051,686,732,-46
103000052,1010,559,451
103000053,207,790,-583
103000054,3176,2329,847
103000055,2525,3360,-835
103000056,785,2171,-1386
103000057,592,428,164
103000058,799,1529,-730
103000059,576,1499,-923
103000060,1129,1186,-57
103000061,564,1402,-838
103000062,1417,966,451
103000063,951,1364,-413
103000064,183,354,-171
103000065,11,537,-526
103000066,226,42,184
103000069,808,518,290
103000070,1669,1282,387
103000071,1386,867,519
103000072,190,1136,-946
103000073,678,192,486
103000074,752,91,661
103000075,201,986,-785
103000076,400,392,8
103000077,59,548,-489
103000078,1421,820,601
103000079,1390,900,490
103000080,1665,485,1180
103000081,877,1305,-428
103000082,984,255,729
103000083,198,484,-286
103000084,187,11,176
103000085,1,153,-152
103000086,1352,481,871
103000087,236,825,-589
103000088,400,407,-7
103000089,229,540,-311
103000090,2278,1014,1264
103000091,755,542,213
103000092,381,426,-45
103000093,386,511,-125
103000094,280,168,112
103000095,113,540,-427
103000096,708,166,542
103000097,79,934,-855
103000098,1226,251,975
103000099,431,875,-444
103000100,154,1073,-919
103000101,1173,207,966
103000102,148,972,-824
103000103,847,275,572
103000104,68,188,-120
103000105,173,110,63
103000106,17,159,-142
103000107,269,64,205
103000108,731,619,112
103000109,350,413,-63
103000110,529,486,43
103000111,525,565,-40
103000112,355,278,77
103000113,882,829,53
103000114,1532,565,967
103000115,761,540,221
103000116,698,602,96
103000117,316,588,-272
103000118,1215,1054,161
103000119,1923,865,1058
103000120,114,202,-88
103000121,1056,713,343
103000122,649,645,4
103000125,17,459,-442
103000126,705,14,691
103000127,8,221,-213
103000128,179,8,171
103000129,4,146,-142
103000130,93,62,31
103000131,300,153,147
103000132,147,281,-134
103000133,43,139,-96
103000134,996,1035,-39
103000135,977,305,672
103000136,898,573,325
103000137,730,740,-10
103000138,941,896,45
103000139,14,92,-78
103000140,139,32,107
103000141,126,173,-47
103000142,364,82,282
103000143,105,296,-191
103000144,368,75,293
103000145,279,115,164
103000150,160,42,118
103000152,188,330,-142
103000153,183,224,-41
103000156,15,537,-522
103000157,436,11,425
103000159,197,71,126
103000162,107,26,81
103000163,15,63,-48
103000164,50,14,36
103000165,156,404,-248
103000166,242,415,-173
103000167,193,126,67
103000168,132,402,-270
103000169,276,811,-535
103000170,833,647,186
103000171,230,106,124
103000172,831,1504,-673
103000173,568,740,-172
103000174,191,606,-415
103000175,329,610,-281
103000176,1056,866,190
103000177,895,647,248
103000178,662,470,192
103000179,925,77,848
103000183,155,29,126
103000185,97,61,36
103000186,153,269,-116
103000187,532,670,-138
103000188,16,142,-126
103000189,942,1002,-60
103000191,881,864,17
103000292,2636,2278,358
103000293,1473,2558,-1085
103000295,186,119,67
103000296,978,6,972
103000297,265,116,149
103000504,185,30,155
103000505,14,20,-6
103000506,4,297,-293
103000507,226,9,217
103000508,85,130,-45
103000509,245,726,-481
103900001,13,438,-425
103900002,1844,325,1519
103900003,2244,116,2128
103900004,70,1,69
103900005,6,283,-277
103900006,0,2,-2
103900007,52,4,48
103900008,11,3,8
103900009,279,786,-507
103900010,174,574,-400
103900011,331,331,0
103900012,9,30,-21
103900013,137,121,16
103900014,85,27,58
103900015,68,27,41
103900016,660,323,337
103900017,77,138,-61
103900018,788,279,509
103900019,135,309,-174
103900020,227,585,-358
103900021,958,73,885
103900022,1235,847,388
103900023,165,4,161
103900024,176,537,-361
103900025,19,50,-31
103900026,631,2,629
103900027,837,382,455
103900028,19,432,-413
103900029,1276,131,1145
103900030,633,106,527
103900031,36,19,17
103900032,83,73,10
103900033,130,15,115
103900034,32,217,-185
103900035,89,86,3
103900036,44,44,0
103900037,148,109,39
103900038,136,218,-82
103900039,71,501,-430
103900040,7,184,-177
103900041,100,64,36
103900042,91,505,-414
103900043,181,162,19
103900044,179,273,-94
103900045,433,223,210
103900047,74,32,42
103900048,469,20,449
103900049,466,1913,-1447
103900050,15,137,-122
103900051,0,43,-43
103900052,232,582,-350
103900053,155,1014,-859
103900054,104,592,-488
103900055,561,333,228
103900056,156,70,86
103900057,51,271,-220
103900058,314,1080,-766
103900059,0,28,-28
103900060,72,308,-236
103900061,120,83,37
103900062,379,108,271
103900063,106,3,103
103900064,89,12,77
103900065,1507,562,945
103900066,187,35,152
103900067,152,3,149
103900068,17,5,12
103900069,96,16,80
103900070,220,281,-61
103900071,17,190,-173
103900072,20,357,-337
103900073,39,32,7
103900074,101,125,-24
103900075,134,129,5
103900076,493,949,-456
103900077,62,111,-49
103900078,469,208,261
103900079,225,295,-70
103900080,9,54,-45
103900081,93,26,67
103900082,16,203,-187
103900083,2025,1203,822
103900084,141,269,-128
103900085,121,163,-42
103900086,622,537,85
103900087,34,131,-97
103900088,629,624,5
103900089,67,186,-119
103900090,152,475,-323
103900091,1496,384,1112
103900092,1292,658,634
103900093,150,505,-355
103900094,30,149,-119
103900095,524,292,232
103900096,57,316,-259
103900097,16,682,-666
103900098,297,170,127
103900099,92,305,-213
103900100,284,763,-479
103900101,129,1351,-1222
103900102,1,46,-45
103900104,2,38,-36
103900105,110,330,-220
103900106,1,54,-53
103900107,132,315,-183
103900108,34,545,-511
103900109,114,121,-7
103900110,225,60,165
103900111,101,927,-826
103900112,80,165,-85
103900113,140,277,-137
103900114,460,349,111
103900115,389,348,41
103900116,7511,2700,4811
103900117,189,119,70
103900119,63,90,-27
103900120,36,117,-81
103900122,116,390,-274
103900123,1883,971,912
103900124,54,16,38
103900125,69,73,-4
103900126,561,517,44
103900127,213,758,-545
103900128,272,248,24
103900131,50,133,-83
103900133,1416,321,1095
103900134,2,6,-4
103900135,15,16,-1
103900137,2,106,-104
103900138,87,353,-266
103900139,243,2140,-1897
103900140,10,103,-93
103900141,286,117,169
103900142,146,210,-64
103900143,49,3,46
103900144,0,68,-68
103900145,275,306,-31
103900146,413,425,-12
103900147,364,229,135
103900148,238,542,-304
103900149,235,806,-571
103900150,8968,4457,4511
103900151,95,224,-129
103900152,534,928,-394
103900153,4,6,-2
103900154,1528,1899,-371
103900155,65,347,-282
103900156,40,263,-223
103900157,74,326,-252
103900158,73,237,-164
103900159,142,158,-16
103900160,69,53,16
103900161,134,271,-137
103900162,68,385,-317
103900163,25,572,-547
103900164,320,43,277
103900167,33,174,-141
103900168,123,162,-39
103900169,55,65,-10
103900170,2,151,-149
103900171,0,77,-77
103900172,9,30,-21
103900173,7,22,-15
103900174,181,116,65
103900175,88,88,0
103900176,25,46,-21
103900177,23,136,-113
103900178,71,92,-21
103900179,60,194,-134
103900180,9,134,-125
103900181,73,67,6
103900182,102,22,80
103900184,646,105,541
103900185,251,340,-89
103900187,32,74,-42
103900188,41,25,16
103900189,134,3,131
103900190,89,101,-12
103900191,56,111,-55
103900192,32,159,-127
103900193,216,251,-35
103900194,55,424,-369
103900195,12,73,-61
103900196,98,49,49
103900197,40,81,-41
103900198,33,144,-111
103900199,178,72,106
103900200,145,288,-143
103900201,281,432,-151
103900202,92,161,-69
103900203,30,17,13
103900204,2,149,-147
103900207,1,205,-204
103900208,146,3,143
103900209,6,171,-165
103900210,67,57,10
103900211,578,536,42
103900212,123,568,-445
103900213,111,324,-213
103900214,233,190,43
103900215,603,477,126
103900216,27,1058,-1031
103900217,579,89,490
103900218,2,521,-519
103900219,178,518,-340
103900233,250,2,248
103900235,66,37,29
103900236,32,9,23
103900242,61,26,35
103900243,14,12,2
103900244,150,322,-172
103900245,102,285,-183
103900246,56,46,10
103900247,37,177,-140
103900248,19,43,-24
103900249,51,62,-11
103900250,39,17,22
103900251,2,27,-25
103900253,16,97,-81
103900254,10,37,-27
103900255,5,11,-6
103900256,21,42,-21
103900257,33,148,-115
103900258,85,10,75
103900259,126,15,111
103900261,8,5,3
103900262,30,4,26
103900263,23,39,-16
103900264,102,43,59
103900265,89,31,58
103900266,1,112,-111
103900267,8,52,-44
104000001,2483,2538,-55
104000002,1872,3309,-1437
104000003,2905,3469,-564
104000004,3737,3477,260
104000005,1674,2939,-1265
104000006,3778,3820,-42
104000007,5573,5316,257
104000008,294,386,-92
104000009,172,157,15
104000010,174,284,-110
104000011,616,463,153
104000012,146,497,-351
104000013,205,192,13
104000014,257,904,-647
104000015,352,215,137
104000016,718,610,108
104000018,809,192,617
104000019,622,194,428
104000020,148,765,-617
104000021,290,770,-480
104000022,169,315,-146
104000023,1297,445,852
104000024,322,532,-210
104000026,71,601,-530
104000027,306,410,-104
104000028,357,305,52
104000029,459,598,-139
104000030,318,292,26
104000031,1450,483,967
104000032,251,373,-122
104000033,677,620,57
104000034,421,418,3
104000035,889,564,325
104000036,767,698,69
104000037,339,303,36
104000038,452,349,103
104000039,197,360,-163
104000040,418,510,-92
104000041,2156,481,1675
104000042,304,508,-204
104000043,535,497,38
104000044,375,855,-480
104000045,1203,1567,-364
104000046,1671,2255,-584
104000047,1418,1639,-221
104000048,1165,2318,-1153
104000049,1020,423,597
104000050,367,972,-605
104000051,147,679,-532
104000052,2688,1897,791
104000053,2421,729,1692
104000054,1501,641,860
104000055,5370,3457,1913
104000056,1762,298,1464
104000057,171,609,-438
104000058,1065,873,192
104000059,687,1400,-713
104000060,1187,1453,-266
104000061,1696,1496,200
104000062,449,188,261
104000064,501,402,99
104000065,336,915,-579
104000069,1362,1148,214
104000070,78,626,-548
104000071,147,761,-614
104000072,722,215,507
104000075,112,385,-273
104000076,597,166,431
104000082,2789,3940,-1151
104000083,1069,221,848
104000084,176,638,-462
104000085,257,385,-128
104000086,198,473,-275
104000087,717,2397,-1680
104000090,805,1886,-1081
104000092,1397,3053,-1656
104000094,1650,2219,-569
104000095,2168,1859,309
104000096,1942,352,1590
104000097,1977,1163,814
104000098,2189,1487,702
104000100,2272,920,1352
104000101,1582,2346,-764
104000106,122,702,-580
104000107,824,597,227
104000108,398,790,-392
104000109,455,143,312
104000110,1124,1442,-318
104000111,5564,3291,2273
104000112,3280,826,2454
104000116,4,1472,-1468
104000117,156,818,-662
104000118,626,331,295
104000119,961,397,564
104000120,329,999,-670
104000121,254,927,-673
104000122,823,1043,-220
104000123,967,1227,-260
104000124,1258,2994,-1736
104000125,4893,4929,-36
104000126,601,656,-55
104000127,1761,3468,-1707
104000128,885,592,293
104000129,92,10,82
104000130,2,423,-421
104000131,665,591,74
104000132,643,700,-57
104000133,1588,1031,557
104000134,1298,1808,-510
104000135,568,2133,-1565
104000136,1184,4766,-3582
104000137,2024,463,1561
104000138,1462,443,1019
104000139,8902,3854,5048
104000141,1518,1710,-192
104000142,709,1039,-330
104000143,658,822,-164
104000144,82,203,-121
104000145,421,261,160
104000146,373,665,-292
104000147,192,437,-245
104000148,349,206,143
104000149,188,467,-279
104000150,1331,689,642
104000151,586,856,-270
104000152,686,990,-304
104000153,672,685,-13
104000154,1181,915,266
104000155,485,638,-153
104000157,1424,2144,-720
104000158,955,608,347
104000159,998,603,395
104000160,2020,2127,-107
104000161,181,293,-112
104000162,51,225,-174
104000165,1307,1571,-264
104000167,707,1172,-465
104000168,703,10,693
104000169,73,75,-2
104000170,741,640,101
104000248,375,818,-443
104000251,50,355,-305
104000272,0,0,0
104000273,0,0,0
104000274,0,0,0
104000275,0,0,0
104000279,1017,674,343
104000290,162,321,-159
104000291,771,1465,-694
104000293,691,834,-143
104000294,30,0,30
104000295,639,1152,-513
104000296,383,1162,-779
104000297,970,2379,-1409
104000298,3616,1216,2400
104000299,789,1948,-1159
104900001,177,759,-582
104900002,67,187,-120
104900003,72,587,-515
104900004,169,528,-359
104900005,324,285,39
104900006,382,180,202
104900007,288,408,-120
104900009,145,438,-293
104900010,81,76,5
104900011,151,20,131
104900012,390,28,362
104900013,225,17,208
104900014,3854,502,3352
104900015,132,6,126
104900016,297,274,23
104900017,168,266,-98
104900018,9,259,-250
104900019,440,3011,-2571
104900020,88,421,-333
104900021,7,326,-319
104900022,10,124,-114
104900023,2,135,-133
104900024,32,93,-61
104900025,103,394,-291
104900026,2,117,-115
104900027,555,421,134
104900028,59,149,-90
104900029,75,120,-45
104900030,612,350,262
104900031,126,288,-162
104900032,55,182,-127
104900033,147,298,-151
104900034,455,291,164
104900035,327,282,45
104900036,195,162,33
104900037,237,302,-65
104900038,805,1204,-399
104900039,1059,431,628
104900040,452,176,276
104900041,236,235,1
104900042,208,337,-129
104900043,24,136,-112
104900044,576,389,187
104900045,533,59,474
104900046,262,204,58
104900047,394,197,197
104900048,240,161,79
104900049,49,35,14
104900050,732,203,529
104900051,345,74,271
104900052,85,0,85
104900053,575,152,423
104900054,163,60,103
104900055,96,5,91
104900056,535,41,494
104900057,80,0,80
104900058,1678,554,1124
104900059,173,52,121
104900060,6,628,-622
104900061,324,939,-615
104900063,0,148,-148
104900064,1,120,-119
104900065,2,242,-240
104900066,7,278,-271
104900067,10,421,-411
104900068,38,385,-347
104900070,267,466,-199
104900071,2,716,-714
104900072,64,458,-394
104900073,103,302,-199
104900074,103,405,-302
104900075,78,125,-47
104900076,163,548,-385
104900077,1536,407,1129
104900078,261,900,-639
104900079,145,501,-356
104900080,108,789,-681
104900082,18,742,-724
104900085,10,362,-352
104900087,1249,11,1238
104900089,194,0,194
104900090,1768,826,942
104900091,3139,941,2198
104900093,300,925,-625
104900097,3586,2868,718
104900098,296,54,242
104900099,88,740,-652
104900100,656,402,254
104900102,83,249,-166
104900103,597,120,477
104900104,4622,3323,1299
104900106,164,160,4
104900107,261,292,-31
104900108,97,319,-222
104900109,131,368,-237
104900110,18,71,-53
104900111,206,240,-34
104900112,289,982,-693
104900113,720,512,208
104900114,442,750,-308
104900115,896,571,325
104900116,286,288,-2
104900118,52,123,-71
104900119,27,63,-36
104900120,41,182,-141
104900121,3,134,-131
104900122,5,101,-96
104900123,64,20,44
104900124,39,0,39
104900125,636,12,624
104900126,92,96,-4
104900127,33,113,-80
104900128,99,226,-127
104900129,3274,2333,941
105000001,2976,2092,884
105000002,2483,2043,440
105000003,4039,4450,-411
105000004,840,1425,-585
105000005,1113,1329,-216
105000006,1790,1914,-124
105000007,1300,1712,-412
105000008,2519,3206,-687
105000009,2414,3746,-1332
105000010,4304,3433,871
105000011,4106,3265,841
105000012,6464,4335,2129
105000013,1210,1313,-103
105000014,3791,3246,545
105000015,12983,18288,-5305
105000016,4709,3213,1496
105000017,2548,1312,1236
105000018,1833,1799,34
105000019,2218,1150,1068
105000020,222,531,-309
105000021,397,101,296
105000022,400,120,280
105000023,856,578,278
105000028,101,158,-57
105000029,691,1611,-920
105000030,5592,4031,1561
105000033,1677,2664,-987
105000034,251,1218,-967
105000037,853,625,228
105000038,3280,2034,1246
105000039,4633,2565,2068
105000040,1638,1280,358
105000041,2253,1956,297
105000042,5585,1985,3600
105000043,3368,3574,-206
105000044,1017,718,299
105000045,637,1685,-1048
105000046,1275,693,582
105000047,683,2585,-1902
105000048,864,315,549
105000049,314,977,-663
105000050,697,458,239
105000051,221,661,-440
105000052,986,1068,-82
105000053,154,235,-81
105000054,671,1303,-632
105000055,1700,516,1184
105000056,4301,3261,1040
105000057,3460,1231,2229
105000058,1720,1814,-94
105000059,893,812,81
105000060,592,848,-256
105000061,700,781,-81
105000062,805,1105,-300
105000063,395,735,-340
105000064,1498,1355,143
105000065,323,798,-475
105000066,1391,2066,-675
105000067,1510,1382,128
105000068,662,1192,-530
105000069,2552,1849,703
105000070,938,1102,-164
105000071,353,1004,-651
105000072,729,2146,-1417
105000073,1110,805,305
105000074,1598,1193,405
105000075,755,1099,-344
105000076,1432,1249,183
105000077,3513,1228,2285
105000078,1844,1717,127
105000079,1920,3477,-1557
105000080,2551,2091,460
105000081,4676,1562,3114
105000082,1467,1894,-427
105000083,5722,3590,2132
105000084,1607,1267,340
105000085,2936,2208,728
105000086,699,1366,-667
105000087,2047,2555,-508
105000088,2048,2060,-12
105000089,5108,3348,1760
105000090,1481,1076,405
105000091,1973,2051,-78
105000092,1318,1265,53
105000093,392,324,68
105000094,324,308,16
105000095,145,583,-438
105000096,1402,1290,112
105000097,1142,846,296
105000098,1080,1040,40
105000099,1104,929,175
105000100,1672,1598,74
105000101,3750,2647,1103
105000102,6194,1860,4334
105000103,3407,3032,375
105000104,4825,1141,3684
105000105,3038,2946,92
105000106,3219,2992,227
105000107,1629,1396,233
105000108,1792,2276,-484
105000109,1866,2740,-874
105000110,761,906,-145
105000111,628,1037,-409
105000112,1451,1016,435
105000113,507,990,-483
105000114,3883,1404,2479
105000115,409,1380,-971
105000116,884,798,86
105000117,995,1390,-395
105000118,883,817,66
105000119,1183,1939,-756
105000120,1274,975,299
105000121,1234,2061,-827
105000122,641,1004,-363
105000123,2093,2068,25
105000124,2229,1287,942
105000125,1038,2799,-1761
105000126,2278,2543,-265
105000127,3027,3061,-34
105000128,1591,1590,1
105000129,1398,480,918
105000130,526,2849,-2323
105000131,1287,518,769
105000132,1002,707,295
105000133,689,1308,-619
105000134,799,642,157
105000135,619,830,-211
105000136,79,153,-74
105000137,367,418,-51
105000138,54,176,-122
105000139,1312,1391,-79
105000140,265,566,-301
105000141,319,918,-599
105000142,216,513,-297
105000143,338,1054,-716
105000144,356,1157,-801
105000145,645,496,149
105000146,518,1222,-704
105000147,675,451,224
105000148,1651,722,929
105000149,2727,2580,147
105000150,2620,2376,244
105000151,567,603,-36
105000152,202,616,-414
105000153,717,1136,-419
105000154,809,725,84
105000155,509,1482,-973
105000156,1188,848,340
105000157,1166,2132,-966
105000158,2463,1192,1271
105000159,279,1415,-1136
105000160,2127,995,1132
105000161,828,1401,-573
105000162,574,2155,-1581
105000163,1324,1304,20
105000164,235,356,-121
105000165,1599,5829,-4230
105000166,7510,1026,6484
105000167,2996,1736,1260
105000168,418,938,-520
105000169,477,985,-508
105000170,252,2226,-1974
105000171,1475,407,1068
105000172,325,198,127
105000173,187,506,-319
105000174,72,222,-150
105000175,101,233,-132
105000176,350,202,148
105000177,243,306,-63
105000178,266,725,-459
105000179,538,470,68
105000180,175,213,-38
105000181,124,361,-237
105000182,138,76,62
105000183,3984,2204,1780
105000184,2406,1396,1010
105000185,2954,950,2004
105000186,1390,1010,380
105000187,1478,257,1221
105000188,653,194,459
105000189,547,610,-63
105000190,419,734,-315
105000191,528,478,50
105000192,371,91,280
105000193,119,167,-48
105000194,402,172,230
105000195,541,1154,-613
105000196,65,256,-191
105000197,273,738,-465
105000198,731,465,266
105000199,343,663,-320
105000200,344,325,19
105000201,280,38,242
105000203,9,212,-203
105000204,102,126,-24
105000205,153,269,-116
105000207,900,409,491
105000208,409,688,-279
105000209,229,521,-292
105000212,1615,2063,-448
105000213,224,363,-139
105000214,192,587,-395
105000215,278,325,-47
105000216,167,1107,-940
105000217,241,708,-467
105000218,1440,1610,-170
105000221,141,320,-179
105000222,1157,142,1015
105000223,804,258,546
105000226,99,374,-275
105000227,103,240,-137
105000228,368,2273,-1905
105000229,233,616,-383
105000231,415,368,47
105000233,1137,1000,137
105000234,1469,1671,-202
105000235,647,821,-174
105000237,745,112,633
105000243,61,300,-239
105000248,103,109,-6
105000262,434,1861,-1427
105000269,145,261,-116
105000270,474,103,371
105000271,0,281,-281
105000282,49,83,-34
105000287,458,167,291
105000288,1483,665,818
105000289,3653,2420,1233
105000290,74,11,63
105000402,5385,5491,-106
105000426,768,877,-109
105000438,5063,1883,3180
105000446,17664,7979,9685
105000447,11018,4137,6881
105000454,444,449,-5
105000455,444,376,68
105000474,44,8,36
105000477,453,716,-263
105000478,2067,5130,-3063
105000479,223,204,19
105000480,9959,6410,3549
105000481,5243,4084,1159
105000482,7625,8440,-815
105000483,1883,2200,-317
105000484,3126,4029,-903
105000485,2083,3160,-1077
105000486,6471,3206,3265
105000488,12094,7188,4906
105000489,1121,1305,-184
105000549,378,158,220
105000550,622,2111,-1489
105000551,38,239,-201
105000552,3353,2360,993
105900001,25,1658,-1633
105900002,1781,855,926
105900003,11,177,-166
105900004,728,167,561
105900005,22,452,-430
105900006,12,124,-112
105900007,475,33,442
105900008,78,767,-689
105900009,37,24,13
105900011,811,53,758
105900012,954,149,805
105900013,8,50,-42
105900014,12,102,-90
105900015,417,411,6
105900016,599,903,-304
105900017,2115,98,2017
105900018,260,240,20
105900019,95,566,-471
105900020,54,61,-7
105900021,82,518,-436
105900022,654,320,334
105900023,17,181,-164
105900024,87,290,-203
105900025,317,118,199
105900026,442,27,415
105900027,8658,14672,-6014
105900028,918,343,575
105900029,1957,531,1426
105900030,208,322,-114
105900031,445,263,182
105900032,65,171,-106
105900033,148,206,-58
105900034,633,394,239
105900035,406,297,109
105900036,82,238,-156
105900037,95,93,2
105900038,203,419,-216
105900039,90,169,-79
105900040,129,128,1
105900041,206,357,-151
105900042,81,161,-80
105900043,1740,93,1647
105900044,11,397,-386
105900045,7,1264,-1257
105900046,7,431,-424
105900047,5,62,-57
105900048,163,860,-697
105900050,12332,3489,8843
105900051,29,1472,-1443
105900052,779,548,231
105900053,5156,3672,1484
105900054,432,343,89
105900056,913,597,316
105900057,114,167,-53
105900058,13,29,-16
105900059,1,41,-40
106000001,5993,3392,2601
106000002,3424,6690,-3266
106000003,3283,4530,-1247
106000004,2054,3125,-1071
106000005,3727,7804,-4077
106000006,6607,5680,927
106000007,587,772,-185
106000008,473,395,78
106000009,572,513,59
106000010,686,698,-12
106000011,1064,1480,-416
106000012,1137,1825,-688
106000013,2229,2965,-736
106000014,2529,2265,264
106000015,1726,1842,-116
106000016,1435,2860,-1425
106000017,670,1016,-346
106000018,702,689,13
106000019,484,722,-238
106000020,400,496,-96
106000021,307,704,-397
106000022,401,378,23
106000023,683,538,145
106000024,786,759,27
106000025,118,264,-146
106000026,190,296,-106
106000027,1482,1844,-362
106000028,695,693,2
106000029,891,1517,-626
106000030,893,499,394
106000034,266,735,-469
106000035,1316,2346,-1030
106000036,300,580,-280
106000037,2499,1918,581
106000038,626,166,460
106000039,255,120,135
106000040,213,1348,-1135
106000041,971,709,262
106000043,778,256,522
106000046,566,118,448
106000047,106,542,-436
106000049,931,411,520
106000050,384,1109,-725
106000051,684,610,74
106000052,109,976,-867
106000053,402,254,148
106000054,444,728,-284
106000055,1331,1928,-597
106000056,336,608,-272
106000057,360,487,-127
106000058,169,230,-61
106000059,301,626,-325
106000060,447,631,-184
106000061,176,721,-545
106000062,170,630,-460
106000063,731,572,159
106000064,51,512,-461
106000065,413,440,-27
106000066,240,492,-252
106000067,1396,185,1211
106000068,85,755,-670
106000069,271,82,189
106000070,507,1027,-520
106000071,1123,473,650
106000072,4088,1819,2269
106000073,2026,3642,-1616
106000074,599,792,-193
106000075,366,1866,-1500
106000076,2204,2919,-715
106000077,4359,1730,2629
106000078,1109,1185,-76
106000079,765,1484,-719
106000080,1281,861,420
106000081,801,1484,-683
106000082,2806,1109,1697
106000083,495,1942,-1447
106000084,1281,812,469
106000085,1871,1887,-16
106000086,759,1101,-342
106000087,1033,701,332
106000088,444,1104,-660
106000089,1084,443,641
106000090,312,867,-555
106000091,293,591,-298
106000092,816,352,464
106000093,296,236,60
106000094,146,276,-130
106000095,739,990,-251
106000096,924,1007,-83
106000097,1265,1280,-15
106000098,1211,1617,-406
106000099,333,1540,-1207
106000100,2637,376,2261
106000101,5109,482,4627
106000102,1008,1185,-177
106000103,921,800,121
106000104,1896,611,1285
106000105,695,907,-212
106000106,683,705,-22
106000107,122,380,-258
106000108,368,425,-57
106000109,182,337,-155
106000110,256,466,-210
106000111,200,477,-277
106000112,187,747,-560
106000113,865,683,182
106000114,543,858,-315
106000115,253,623,-370
106000116,286,283,3
106000117,1464,888,576
106000118,1489,1915,-426
106000119,2038,1386,652
106000120,987,1588,-601
106000121,145,203,-58
106000122,148,372,-224
106000123,430,306,124
106000124,76,398,-322
106000125,46,435,-389
106000126,257,215,42
106000127,908,1347,-439
106000128,643,375,268
106000129,450,1040,-590
106000130,731,562,169
106000131,128,1062,-934
106000132,655,339,316
106000133,3213,1522,1691
106000134,810,4266,-3456
106000135,261,876,-615
106000136,766,1394,-628
106000137,101,1317,-1216
106000138,1548,176,1372
106000139,44,128,-84
106000140,35,71,-36
106000141,68,110,-42
106000142,66,88,-22
106000143,144,94,50
106000144,29,59,-30
106000145,223,366,-143
106000146,295,277,18
106000147,614,670,-56
106000148,980,1144,-164
106000149,567,564,3
106000150,530,2344,-1814
106000151,4779,1172,3607
106000152,1785,2557,-772
106000153,127,2379,-2252
106000154,1767,267,1500
106000155,145,329,-184
106000156,977,404,573
106000157,873,2259,-1386
106000158,2848,1261,1587
106000159,4326,2201,2125
106000160,520,3364,-2844
106000161,2163,613,1550
106000162,265,1124,-859
106000163,733,602,131
106000164,353,489,-136
106000165,267,793,-526
106000166,751,513,238
106000167,412,1501,-1089
106000168,481,501,-20
106000169,308,884,-576
106000170,1496,411,1085
106000171,574,1570,-996
106000172,3380,2400,980
106000173,1838,3682,-1844
106000174,1297,444,853
106000175,378,1178,-800
106000176,1980,1254,726
106000177,1108,3441,-2333
106000178,4254,2471,1783
106000179,1437,3500,-2063
106000180,1118,1815,-697
106000181,822,2320,-1498
106000182,1315,1238,77
106000183,1385,1042,343
106000184,2612,1112,1500
106000185,1562,1749,-187
106000186,1236,349,887
106000187,326,1704,-1378
106000188,2,0,2
106000189,18,98,-80
106000190,73,4,69
106000191,732,391,341
106000192,0,41,-41
106000193,604,302,302
106000194,231,644,-413
106000195,1888,300,1588
106000196,386,887,-501
106000197,1175,419,756
106000198,301,356,-55
106000199,2576,1123,1453
106000200,331,321,10
106000201,628,2981,-2353
106000202,5804,922,4882
106000203,108,256,-148
106000204,59,7,52
106000205,25,220,-195
106000206,76,21,55
106000207,71,1097,-1026
106000208,1471,201,1270
106000209,1782,418,1364
106000210,448,1386,-938
106000211,446,1530,-1084
106000212,1222,391,831
106000213,989,2531,-1542
106000214,3643,948,2695
106000215,728,597,131
106000216,924,482,442
106000217,300,578,-278
106000218,571,590,-19
106000219,214,428,-214
106000220,687,397,290
106000221,157,370,-213
106000222,78,133,-55
106000223,215,196,19
106000224,207,340,-133
106000225,72,138,-66
106000226,127,375,-248
106000228,56,94,-38
106000229,90,839,-749
106000231,977,208,769
106000232,155,504,-349
106000233,1021,111,910
106000234,633,261,372
106000235,4377,124,4253
106000236,1871,85,1786
106000237,33,42,-9
106000238,521,31,490
106000239,7,367,-360
106000240,89,4,85
106000241,36,971,-935
106000242,288,38,250
106000249,54,100,-46
106000250,100,815,-715
106000251,235,51,184
106000252,60,119,-59
106000253,59,69,-10
106000254,26,55,-29
106000255,35,197,-162
106000256,68,114,-46
106000257,188,459,-271
106000258,1725,29,1696
106000259,54,80,-26
106000260,64,7,57
106000261,2,70,-68
106000262,267,27,240
106000263,36,89,-53
106000264,264,20,244
106000265,18,191,-173
106000266,158,66,92
106000267,8,141,-133
106000268,689,138,551
106000269,80,76,4
106000270,177,696,-519
106000271,66,271,-205
106000272,453,88,365
106000273,22,357,-335
106000274,263,65,198
106000275,198,396,-198
106000276,268,69,199
106000277,164,299,-135
106000278,209,44,165
106000279,19,60,-41
106000280,70,140,-70
106000281,99,52,47
106000282,67,96,-29
106000283,128,94,34
106000284,82,151,-69
106000285,156,131,25
106000286,92,197,-105
106000287,205,119,86
106000288,105,214,-109
106000289,102,81,21
106000290,75,140,-65
106000291,145,152,-7
106000292,84,144,-60
106000293,145,140,5
106000294,153,196,-43
106000295,71,93,-22
106000296,114,126,-12
106000297,102,338,-236
106000298,191,79,112
106000299,76,183,-107
106000300,71,137,-66
106000301,97,157,-60
106000303,43,155,-112
106000304,26,54,-28
106000305,122,85,37
106000306,50,92,-42
106000307,52,50,2
106000308,49,199,-150
106000309,22,100,-78
106000310,388,643,-255
106000311,412,268,144
106000312,79,217,-138
106000313,180,350,-170
106000318,155,635,-480
106000319,1104,218,886
106000320,4,56,-52
106000321,840,136,704
106000322,157,256,-99
106000324,16,162,-146
106000325,1882,1393,489
106000326,1288,2502,-1214
106000327,132,127,5
106000328,123,171,-48
106000329,586,350,236
106000330,303,83,220
106000428,121,163,-42
106000429,151,435,-284
106000430,505,1445,-940
106000431,3145,525,2620
106000432,2317,3380,-1063
106000433,2439,1556,883
106000434,3825,2126,1699
106000435,2165,3161,-996
106000436,18,392,-374
106000437,356,43,313
106000438,433,200,233
106000439,118,566,-448
106000440,750,622,128
106000441,2,2,0
106000442,167,10,157
106000443,157,401,-244
106000450,3,265,-262
106000451,16,50,-34
106000454,8,888,-880
106000455,9,274,-265
106000456,105,83,22
106000457,17,1599,-1582
106000458,712,199,513
106000459,156,644,-488
106000460,1976,45,1931
106000461,99,2319,-2220
106000462,2,29,-27
106000463,5,46,-41
106000464,10,637,-627
106000465,581,1,580
106000466,9,839,-830
106000467,700,1076,-376
106000468,104,318,-214
106000469,348,1,347
106000470,369,2165,-1796
106000471,43,848,-805
106000472,189,40,149
106000473,47,16,31
106000474,408,635,-227
106000475,321,251,70
106000476,118,209,-91
106000477,17,43,-26
106900001,1,22,-21
106900002,0,543,-543
106900003,314,1545,-1231
106900004,1,81,-80
106900006,0,15,-15
106900007,0,10,-10
106900008,353,388,-35
106900009,365,559,-194
106900010,365,450,-85
106900012,2477,5065,-2588
106900013,2227,182,2045
106900014,10,2,8
106900015,36,0,36
106900016,313,4,309
106900017,3,0,3
106900018,2,0,2
106900019,37,3,34
106900020,4018,1749,2269
106900021,116,78,38
106900022,785,8,777
106900023,69,319,-250
106900024,2406,57,2349
106900025,86,1052,-966
106900026,2,789,-787
106900027,835,5,830
107000001,5488,4774,714
107000002,5139,7578,-2439
107000003,6801,8862,-2061
107000004,7769,8247,-478
107000005,5274,7322,-2048
107000006,8795,7532,1263
107000007,7292,14269,-6977
107000008,17991,13028,4963
107000009,8845,9920,-1075
107000010,18142,15146,2996
107000011,1688,2049,-361
107000012,6628,4797,1831
107000013,64,141,-77
107000014,61,319,-258
107000015,567,1001,-434
107000016,837,1199,-362
107000017,15131,2307,12824
107000018,176,1577,-1401
107000020,9990,1891,8099
107000021,3376,812,2564
107000022,3005,2435,570
107000023,4880,488,4392
107000024,890,2328,-1438
107000025,303,664,-361
107000026,403,808,-405
107000027,1416,2007,-591
107000028,1650,2283,-633
107000029,4186,4474,-288
107000030,4798,4771,27
107000031,4407,4517,-110
107000032,786,1293,-507
107000033,4649,11646,-6997
107000034,6010,2797,3213
107000035,503,349,154
107000036,509,1651,-1142
107000037,106,1296,-1190
107000038,350,439,-89
107000039,856,1040,-184
107000040,227,649,-422
107000041,2506,1189,1317
107000042,1057,2699,-1642
107000043,4494,1595,2899
107000044,898,479,419
107000045,203,403,-200
107000046,1199,582,617
107000047,597,1200,-603
107000048,835,446,389
107000049,655,1136,-481
107000050,1190,721,469
107000051,505,544,-39
107000052,1331,1301,30
107000053,472,277,195
107000054,85,367,-282
107000055,196,141,55
107000056,532,1109,-577
107000057,1543,357,1186
107000058,2881,2929,-48
107000059,3179,4545,-1366
107000060,5145,7637,-2492
107000061,6679,5526,1153
107000062,4542,3858,684
107000063,4900,7459,-2559
107000064,5605,3067,2538
107000065,8648,6719,1929
107000066,2841,4058,-1217
107000067,1419,1496,-77
107000068,1917,940,977
107000069,917,666,251
107000070,1370,58,1312
107000071,3429,49,3380
107000072,117,4454,-4337
107000073,834,352,482
107000074,252,1518,-1266
107000075,1762,612,1150
107000076,976,2312,-1336
107000077,4014,1424,2590
107000078,3959,4990,-1031
107000079,3389,1140,2249
107000080,1730,5184,-3454
107000081,2054,728,1326
107000082,732,3060,-2328
107000083,1660,667,993
107000084,762,3242,-2480
107000085,3577,4737,-1160
107000086,4893,4761,132
107000087,3445,2775,670
107000088,5412,4850,562
107000089,1566,2401,-835
107000090,1546,1451,95
107000091,1451,1160,291
107000092,887,1361,-474
107000093,1369,1186,183
107000094,1344,1519,-175
107000095,1190,965,225
107000096,839,1417,-578
107000097,1369,288,1081
107000098,1652,701,951
107000099,888,486,402
107000100,551,463,88
107000101,106,241,-135
107000102,439,563,-124
107000103,364,271,93
107000104,244,423,-179
107000105,469,230,239
107000106,745,372,373
107000107,512,295,217
107000108,273,849,-576
107000109,697,219,478
107000110,102,618,-516
107000111,373,59,314
107000112,68,428,-360
107000113,688,174,514
107000114,109,627,-518
107000115,631,206,425
107000116,150,1081,-931
107000117,186,594,-408
107000118,117,308,-191
107000119,1800,1855,-55
107000120,1712,612,1100
107000121,1036,892,144
107000122,1573,1450,123
107000123,514,767,-253
107000124,691,1301,-610
107000125,911,758,153
107000126,927,1132,-205
107000127,77,449,-372
107000129,852,236,616
107000130,755,401,354
107000131,605,430,175
107000132,895,608,287
107000133,1249,122,1127
107000134,683,3,680
107000135,7,352,-345
107000136,907,11,896
107000137,18,529,-511
107000138,703,38,665
107000139,34,557,-523
107000140,3552,168,3384
107000141,158,1107,-949
107000142,586,160,426
107000143,112,1010,-898
107000144,1393,804,589
107000145,229,771,-542
107000146,254,582,-328
107000147,3864,1163,2701
107000150,1147,5649,-4502
107000151,74,175,-101
107000152,656,1657,-1001
107000153,270,696,-426
107000154,351,338,13
107000155,1189,56,1133
107000156,1428,56,1372
107000157,80,2309,-2229
107000158,605,43,562
107000159,40,1111,-1071
107000160,890,309,581
107000161,131,2232,-2101
107000162,286,886,-600
107000163,455,7,448
107000164,745,0,745
107000165,1068,23,1045
107000166,86,1698,-1612
107000167,675,395,280
107000168,1054,665,389
107000169,897,1238,-341
107000170,2255,1320,935
107000171,1100,3048,-1948
107000172,1175,1622,-447
107000173,852,1542,-690
107000174,1143,6785,-5642
107000175,10576,2766,7810
107000176,3,0,3
107000177,30,5,25
107000178,16,106,-90
107000179,345,3164,-2819
107000180,1364,636,728
107000181,457,1557,-1100
107000182,1876,1521,355
107000183,145,1382,-1237
107000184,1092,1080,12
107000185,662,2325,-1663
107000186,1616,807,809
107000187,1848,1767,81
107000188,840,820,20
107000189,524,1424,-900
107000190,861,1004,-143
107000191,828,1323,-495
107000192,1937,1128,809
107000193,491,670,-179
107000194,978,1027,-49
107000197,1191,597,594
107000198,460,977,-517
107000199,974,1102,-128
107000200,898,960,-62
107000201,816,405,411
107000202,477,679,-202
107000203,2808,1127,1681
107000204,2695,1041,1654
107000205,3440,1598,1842
107000206,1586,1664,-78
107000207,940,1449,-509
107000208,1721,551,1170
107000209,2989,1449,1540
107000210,1174,558,616
107000211,8,43,-35
107000212,33,493,-460
107000213,11,23,-12
107000214,31,218,-187
107000215,624,581,43
107000216,479,439,40
107000217,518,196,322
107000219,145,188,-43
107000220,702,275,427
107000222,305,1207,-902
107000224,857,101,756
107000225,1325,927,398
107000226,576,103,473
107000227,272,486,-214
107000228,114,281,-167
107000229,152,232,-80
107000230,1437,688,749
107000231,2269,1899,370
107000232,122,81,41
107000233,2347,1173,1174
107000234,2,82,-80
107000235,105,11,94
107000236,20,1302,-1282
107000237,25,1,24
107000238,89,3,86
107000239,4650,738,3912
107000240,121,1559,-1438
107000241,145,32,113
107000242,558,91,467
107000243,1,100,-99
107000244,4,78,-74
107000246,1,1423,-1422
107000249,2,1344,-1342
107000251,1,426,-425
107000252,10,1842,-1832
107000255,776,156,620
107000257,3,554,-551
107000258,2,212,-210
107000259,6,293,-287
107000260,655,47,608
107000262,14,627,-613
107000263,235,33,202
107000266,5,35,-30
107000267,103,259,-156
107000268,179,258,-79
107000269,889,61,828
107000270,5,34,-29
107000271,29,972,-943
107000272,40,224,-184
107000273,18,316,-298
107000274,7813,462,7351
107000275,506,1486,-980
107000280,701,87,614
107000281,68,1259,-1191
107000282,61,1190,-1129
107000290,6,45,-39
107000291,33,27,6
107000292,5,81,-76
107000293,315,5,310
107000294,1,26,-25
107000295,410,1,409
107000296,1,22,-21
107000444,525,13,512
107000496,2,35,-33
107000497,1969,3530,-1561
107000500,385,423,-38
107000501,137,228,-91
107000502,248,479,-231
107000505,546,1088,-542
107000506,5,91,-86
107000508,21,971,-950
107000509,328,1457,-1129
107000510,271,35,236
107000514,64,397,-333
107000515,33,350,-317
107000516,272,441,-169
107000518,1154,1376,-222
107000519,2777,1565,1212
107000520,90,35,55
107900001,76,258,-182
107900002,79,9,70
107900003,739,40,699
107900004,85,7,78
107900005,1370,16,1354
107900006,132,5,127
107900007,402,47,355
107900008,327,50,277
107900009,253,5,248
107900010,48,2,46
107900012,372,25,347
107900013,366,61,305
107900014,49,27,22
107900015,1142,16,1126
107900016,664,153,511
107900017,44,5,39
107900018,68,142,-74
107900019,23,64,-41
107900020,149,15,134
107900021,60,200,-140
107900023,7,1,6
107900024,0,17,-17
107900025,246,383,-137
107900026,106,112,-6
107900027,122,96,26
107900028,100,119,-19
107900030,173,31,142
107900031,66,153,-87
107900032,27,10,17
107900033,23,17,6
107900034,460,30,430
107900035,873,103,770
107900036,55,20,35
107900037,0,11,-11
107900038,169,296,-127
107900039,43,75,-32
107900040,78,209,-131
107900041,1,4,-3
107900043,15,176,-161
107900044,26,23,3
107900045,138,73,65
107900046,161,247,-86
107900047,18,20,-2
107900048,205,3,202
107900049,431,3428,-2997
107900050,146,517,-371
107900051,90,87,3
107900052,32,22,10
107900053,48,123,-75
107900055,1091,509,582
107900056,352,75,277
107900057,0,0,0
107900058,76,707,-631
107900060,268,66,202
107900061,16,11,5
107900063,142,158,-16
107900064,469,203,266
107900065,208,20,188
107900066,35,7,28
107900067,0,0,0
107900068,310,463,-153
107900069,32,2061,-2029
107900070,172,71,101
107900071,35,938,-903
107900072,126,261,-135
107900073,518,150,368
107900074,1217,387,830
107900076,118,100,18
107900077,55,1,54
107900078,261,86,175
107900079,15,22,-7
107900080,371,489,-118
107900081,70,184,-114
107900082,19,29,-10
107900083,756,191,565
107900084,107,159,-52
107900086,235,224,11
107900087,1067,187,880
107900088,21,8,13
107900089,431,1541,-1110
107900090,1366,3407,-2041
107900091,378,802,-424
107900092,2963,800,2163
107900093,194,163,31
107900095,4944,3356,1588
107900097,32,117,-85
107900098,127,215,-88
107900100,1779,1432,347
107900101,1577,332,1245
107900102,22,7,15
107900103,81,360,-279
107900104,358,16,342
107900105,4,541,-537
107900106,4,1354,-1350
107900107,3069,765,2304
107900108,399,203,196
107900109,1091,13,1078
107900110,52,313,-261
107900111,8,1442,-1434
107900112,116,452,-336
107900113,220,199,21
107900114,187,323,-136
107900115,3,56,-53
107900116,159,330,-171
107900117,511,726,-215
107900118,97,307,-210
107900119,101,377,-276
107900120,38,20,18
107900121,6,689,-683
107900122,10,158,-148
107900123,17,39,-22
107900124,82,54,28
107900125,23,220,-197
107900126,9,75,-66
107900127,852,443,409
107900128,145,99,46
107900129,76,152,-76
107900130,116,60,56
107900131,1140,395,745
107900132,196,717,-521
107900133,0,101,-101
107900134,54,67,-13
107900135,6,230,-224
107900136,45,86,-41
107900137,336,144,192
107900138,55,147,-92
107900139,27,177,-150
107900140,124,91,33
107900141,61,64,-3
107900142,221,1239,-1018
107900143,503,43,460
107900144,4,188,-184
107900145,19,235,-216
107900146,96,161,-65
107900147,51,51,0
107900148,259,273,-14
107900149,1566,437,1129
107900150,109,1110,-1001
107900151,38,197,-159
107900152,20,381,-361
107900153,173,376,-203
107900154,68,44,24
107900155,66,136,-70
107900156,6,411,-405
107900157,86,61,25
107900158,960,45,915
107900159,68,1423,-1355
107900160,108,225,-117
107900161,17,214,-197
107900162,7,235,-228
107900163,317,138,179
107900164,8,68,-60
107900165,34,125,-91
107900166,18,278,-260
107900167,23,54,-31
107900168,36,37,-1
107900169,9,283,-274
107900171,27,2045,-2018
107900172,2,503,-501
107900173,17,234,-217
107900174,122,15,107
107900175,119,67,52
107900176,22,63,-41
107900177,8,550,-542
107900178,1,227,-226
107900179,23,197,-174
107900180,975,526,449
107900181,1193,384,809
107900182,5,1653,-1648
107900183,52,391,-339
107900184,525,348,177
107900185,108,4,104
107900186,19,57,-38
107900187,1,200,-199
107900188,1007,210,797
107900189,53,220,-167
107900190,107,120,-13
107900191,95,191,-96
107900193,7,61,-54
107900194,343,6,337
107900195,4159,662,3497
107900196,96,151,-55
107900197,1184,483,701
107900199,5,1111,-1106
107900201,100,164,-64
107900203,37,142,-105
107900204,263,400,-137
107900205,282,647,-365
107900206,1139,257,882
107900207,3,882,-879
107900208,17,865,-848
107900209,478,220,258
107900210,94,173,-79
107900213,1263,1269,-6
107900214,60,156,-96
107900215,182,460,-278
107900216,242,128,114
107900217,113,118,-5
107900218,32,2977,-2945
107900219,43,119,-76
107900220,356,418,-62
107900221,253,247,6
107900223,95,721,-626
107900224,169,566,-397
107900225,19,1115,-1096
107900226,118,182,-64
107900227,152,593,-441
107900228,29,220,-191
107900229,8,493,-485
107900230,19,197,-178
107900231,20,313,-293
107900232,59,197,-138
107900233,7,205,-198
107900234,117,263,-146
107900235,64,171,-107
107900236,107,146,-39
107900237,118,771,-653
107900238,44,160,-116
107900239,1137,631,506
107900240,42,212,-170
107900241,20,132,-112
107900242,47,340,-293
107900243,18,112,-94
107900244,349,2,347
107900245,570,78,492
107900246,1402,21,1381
107900248,198,749,-551
107900249,691,71,620
107900250,2,746,-744
107900251,107,1967,-1860
107900252,1035,51,984
107900253,200,7,193
107900254,94,1065,-971
107900255,429,128,301
107900256,4465,3312,1153
107900257,240,217,23
107900258,130,254,-124
107900259,135,1894,-1759
107900261,1,472,-471
107900262,60,159,-99
107900264,486,21,465
107900265,1011,216,795
107900267,207,40,167
107900268,14,0,14
107900269,0,2,-2
107900270,0,0,0
107900271,0,6,-6
107900272,94,13,81
107900273,28,140,-112
107900274,71,0,71
107900275,22,0,22
107900276,1,85,-84
107900277,1,242,-241
107900278,396,510,-114
107900279,127,207,-80
107900280,2534,3595,-1061
107900281,2826,2704,122
107900282,73,550,-477
107900283,1492,787,705
107900284,936,1000,-64
107900285,100,136,-36
107900286,193,134,59
107900287,194,287,-93
107900290,0,95,-95
107900291,530,17,513
107900292,269,350,-81
107900293,72,659,-587
107900295,35,75,-40
107900297,3,588,-585
107900298,999,1221,-222
107900299,4878,3066,1812
107900300,57,318,-261
107900301,1997,579,1418
107900302,120,64,56
107900303,378,467,-89
107900304,220,818,-598
107900305,307,26,281
107900306,27,33,-6
107900307,55,354,-299
107900308,200,157,43
107900309,153,3,150
107900310,730,9,721
107900311,5,331,-326
107900312,110,2,108
107900313,1,194,-193
107900314,3,76,-73
107900315,3,93,-90
107900316,65,2,63
107900317,182,28,154
107900318,18,252,-234
107900319,9,337,-328
107900320,23,240,-217
107900321,112,5,107
107900322,1,132,-131
107900323,109,240,-131
107900324,211,1,210
107900325,83,1,82
107900326,344,391,-47
107900327,3,76,-73
107900328,174,1,173
107900329,213,127,86
107900330,11,630,-619
107900331,163,52,111
107900332,357,34,323
107900333,56,22,34
107900334,42,261,-219
107900335,110,51,59
107900336,216,68,148
107900337,1781,1247,534
107900338,8,238,-230
107900339,2,33,-31
107900340,6,86,-80
107900341,69,2,67
107900342,123,155,-32
107900343,286,1,285
107900344,7,114,-107
107900345,143,34,109
107900346,47,3,44
107900347,46,1,45
107900348,78,0,78
107900349,15,14,1
107900350,38,346,-308
108000001,3416,4486,-1070
108000002,2351,3646,-1295
108000003,4230,3653,577
108000004,16910,21926,-5016
108000005,9700,7251,2449
108000006,11032,11454,-422
108000007,6093,5091,1002
108000008,5989,9462,-3473
108000009,4461,5186,-725
108000010,4734,6960,-2226
108000011,15673,14022,1651
108000012,26321,22868,3453
108000014,1115,943,172
108000015,778,484,294
108000016,402,771,-369
108000017,1195,587,608
108000018,2945,879,2066
108000019,4405,1110,3295
108000020,1778,780,998
108000021,518,2431,-1913
108000022,532,1670,-1138
108000023,1366,416,950
108000024,306,841,-535
108000025,392,438,-46
108000026,636,700,-64
108000027,962,766,196
108000028,711,318,393
108000029,746,964,-218
108000030,852,365,487
108000031,258,1077,-819
108000032,1560,988,572
108000033,868,1693,-825
108000034,1852,761,1091
108000035,1066,3445,-2379
108000036,349,1392,-1043
108000037,1724,770,954
108000038,2529,847,1682
108000039,768,3015,-2247
108000040,1949,1171,778
108000041,857,3674,-2817
108000042,254,351,-97
108000043,230,420,-190
108000044,507,231,276
108000045,339,754,-415
108000046,1528,525,1003
108000047,591,1558,-967
108000048,658,578,80
108000049,2176,485,1691
108000050,117,554,-437
108000051,352,172,180
108000052,296,920,-624
108000053,462,284,178
108000054,673,1434,-761
108000055,1387,637,750
108000056,1191,1548,-357
108000057,662,1546,-884
108000058,2150,4418,-2268
108000059,4054,2787,1267
108000060,216,436,-220
108000061,143,420,-277
108000062,919,748,171
108000063,602,751,-149
108000064,288,406,-118
108000065,619,1058,-439
108000066,2102,1072,1030
108000067,1986,761,1225
108000068,817,452,365
108000069,334,1556,-1222
108000070,2087,957,1130
108000071,813,2282,-1469
108000072,1945,1668,277
108000073,1802,2936,-1134
108000074,724,541,183
108000075,445,1388,-943
108000076,921,721,200
108000077,753,1029,-276
108000078,2261,2031,230
108000079,1141,2351,-1210
108000080,1786,929,857
108000081,1082,2451,-1369
108000082,1313,2678,-1365
108000083,2134,1261,873
108000084,721,1673,-952
108000085,1057,609,448
108000086,1362,1123,239
108000087,194,2279,-2085
108000088,228,12,216
108000089,428,758,-330
108000090,637,251,386
108000091,417,772,-355
108000092,148,96,52
108000093,175,1031,-856
108000094,676,121,555
108000095,155,695,-540
108000096,418,196,222
108000097,201,752,-551
108000098,1704,2134,-430
108000099,332,118,214
108000100,67,280,-213
108000101,2588,1853,735
108000102,2034,3930,-1896
108000106,1184,6,1178
108000107,4,1094,-1090
108000108,872,78,794
108000109,10,896,-886
108000110,189,413,-224
108000111,203,1082,-879
108000112,82,153,-71
108000113,530,352,178
108000115,497,452,45
108000117,926,449,477
108000118,97,258,-161
108000119,826,545,281
108000120,182,828,-646
108000121,266,683,-417
108000122,823,466,357
108000123,3143,380,2763
108000124,1475,1154,321
108000125,514,432,82
108000126,209,700,-491
108000127,589,688,-99
108000128,877,806,71
108000129,1601,1658,-57
108000130,1500,562,938
108000131,958,882,76
108000132,2670,2074,596
108000133,1024,939,85
108000134,641,720,-79
108000135,1150,1028,122
108000136,806,1523,-717
108000137,451,605,-154
108000138,435,1522,-1087
108000139,574,499,75
108000140,108,59,49
108000141,38,110,-72
108000142,112,137,-25
108000143,25,37,-12
108000144,45,19,26
108000145,29,28,1
108000146,58,23,35
108000147,72,54,18
108000148,93,26,67
108000149,25,22,3
108000150,29,14,15
108000151,56,34,22
108000152,115,588,-473
108000153,472,289,183
108000154,72,12,60
108000155,77,39,38
108000156,416,160,256
108000157,260,1152,-892
108000158,113,805,-692
108000159,689,213,476
108000160,4232,1688,2544
108000161,4060,3548,512
108000165,14,272,-258
108000172,8,411,-403
108000173,2678,2757,-79
108000175,248,131,117
108000178,550,465,85
108000179,258,1008,-750
108000181,58,63,-5
108000182,124,23,101
108000183,67,19,48
108000184,1242,2661,-1419
108000185,380,776,-396
108000186,205,97,108
108000187,242,903,-661
108000188,720,360,360
108000189,993,1594,-601
108000190,37,189,-152
108000192,224,731,-507
108000193,1074,50,1024
108000194,39,9,30
108000195,4,1485,-1481
108000196,1339,248,1091
108000198,466,465,1
108000199,0,157,-157
108000200,584,791,-207
108000202,1,301,-300
108000203,160,920,-760
108000204,232,119,113
108000205,478,686,-208
108000339,2070,510,1560
108000364,173,430,-257
108000365,122,390,-268
108000367,227,534,-307
108000368,19,86,-67
108000369,1384,296,1088
108000371,4,796,-792
108000372,678,10,668
108000373,209,240,-31
108000376,95,28,67
108000377,389,429,-40
108000378,11410,12385,-975
108000379,56,214,-158
108000381,67,46,21
108000382,95,2,93
108000383,1,83,-82
108900001,144,1415,-1271
108900002,236,68,168
108900003,346,1058,-712
108900004,307,491,-184
108900005,101,337,-236
108900006,865,213,652
108900007,267,278,-11
108900008,140,250,-110
108900009,74,185,-111
108900010,261,284,-23
108900011,465,588,-123
108900012,342,581,-239
108900013,157,311,-154
108900014,14,152,-138
108900015,8,49,-41
108900016,4,254,-250
108900017,468,474,-6
108900018,153,627,-474
108900019,58,1243,-1185
108900020,60,288,-228
108900021,141,372,-231
108900022,100,15,85
108900023,2,65,-63
108900024,67,144,-77
108900025,106,212,-106
108900026,48,130,-82
108900027,0,148,-148
108900028,88,484,-396
108900029,82,317,-235
108900030,0,146,-146
108900031,107,566,-459
108900032,33,305,-272
108900033,1,134,-133
108900034,0,280,-280
108900035,404,1859,-1455
108900036,281,377,-96
108900037,87,393,-306
108900038,3,408,-405
108900039,3,536,-533
108900040,13,159,-146
108900041,7208,3557,3651
108900042,13,606,-593
108900043,89,589,-500
108900044,4,701,-697
108900045,78,847,-769
108900046,71,1026,-955
108900047,0,80,-80
108900048,181,1417,-1236
108900049,5089,1905,3184
108900050,2,297,-295
108900051,0,264,-264
108900052,52,334,-282
108900053,157,255,-98
108900054,80,243,-163
108900055,120,488,-368
108900056,1,207,-206
108900057,2,253,-251
108900058,47,554,-507
108900059,470,34,436
108900060,116,188,-72
108900061,74,48,26
108900062,4,301,-297
108900063,26,458,-432
108900064,156,116,40
108900065,21,359,-338
108900066,430,230,200
108900067,67,198,-131
108900068,0,95,-95
108900069,56,152,-96
108900070,58,166,-108
108900071,92,120,-28
108900072,2866,850,2016
108900073,6,72,-66
108900074,156,536,-380
108900075,67,70,-3
108900076,324,101,223
108900077,216,155,61
108900078,20,241,-221
108900079,1240,333,907
108900080,43,1030,-987
108900081,55,337,-282
108900082,67,160,-93
108900083,31,350,-319
108900084,533,191,342
108900085,2722,277,2445
108900086,101,394,-293
108900087,148,291,-143
108900088,1240,595,645
108900089,42,149,-107
108900090,38,416,-378
108900091,147,132,15
108900092,554,539,15
108900093,120,122,-2
108900094,189,131,58
108900095,110,476,-366
108900096,455,40,415
108900097,278,385,-107
108900098,3594,937,2657
108900099,418,393,25
108900100,75,170,-95
108900101,224,158,66
108900102,124,1032,-908
108900103,230,134,96
108900104,216,508,-292
108900105,7,1239,-1232
108900106,404,607,-203
108900108,634,73,561
108900109,219,30,189
108900110,312,716,-404
108900111,454,846,-392
108900112,355,34,321
108900113,68,65,3
108900114,5,4,1
108900115,113,140,-27
108900116,120,21,99
108900117,208,18,190
108900118,576,16,560
108900119,265,55,210
108900120,503,260,243
108900121,339,199,140
108900122,92,47,45
108900123,152,209,-57
108900124,371,276,95
108900125,433,7,426
108900126,123,36,87
108900127,181,46,135
108900128,129,62,67
108900129,817,267,550
108900130,309,2,307
108900131,538,4,534
108900132,478,138,340
108900133,187,85,102
108900134,361,429,-68
108900135,145,19,126
108900136,68,0,68
108900137,131,0,131
108900138,683,50,633
108900139,669,179,490
108900140,265,444,-179
108900141,311,21,290
108900142,151,11,140
108900143,51,0,51
108900144,89,3,86
108900145,139,8,131
108900146,85,0,85
108900147,213,1,212
108900148,77,75,2
108900149,677,525,152
108900150,270,5,265
108900151,377,7,370
108900152,181,77,104
108900153,180,489,-309
108900154,6313,731,5582
108900155,250,160,90
108900156,110,7,103
108900157,34,659,-625
108900158,912,53,859
108900159,7,404,-397
108900160,29,368,-339
108900161,17,561,-544
108900162,77,0,77
108900163,5,308,-303
108900164,50,112,-62
108900165,247,116,131
108900167,2527,6509,-3982
108900168,10431,3220,7211
108900169,51,170,-119
108900171,11932,3363,8569
108900172,219,81,138
108900173,309,553,-244
108900174,786,827,-41
108900176,185,593,-408
108900177,8378,8007,371
108900178,5426,4034,1392
108900179,691,1705,-1014
108900180,134,345,-211
108900182,59,343,-284
108900183,266,295,-29
108900184,599,397,202
108900185,319,578,-259
108900186,84,534,-450
108900187,391,115,276
108900188,562,86,476
108900189,635,314,321
108900190,94,4057,-3963
108900191,366,51,315
108900192,105,301,-196
108900193,447,89,358
108900194,54,546,-492
108900195,154,444,-290
108900196,35,606,-571
108900198,3,559,-556
108900199,359,555,-196
108900200,616,341,275
108900201,582,1881,-1299
108900203,611,75,536
108900204,480,16,464
108900205,153,33,120
108900206,891,48,843
108900207,193,78,115
108900208,17,450,-433
108900209,331,789,-458
108900210,230,297,-67
108900211,167,581,-414
108900212,941,1756,-815
108900215,112,602,-490
108900216,530,215,315
108900217,131,3,128
108900218,198,59,139
108900219,111,7,104
108900220,72,21,51
108900221,43,164,-121
108900222,287,18,269
108900223,5,139,-134
108900224,51,233,-182
108900225,0,216,-216
108900226,250,15,235
108900227,133,264,-131
108900230,369,322,47
108900231,57,296,-239
108900232,3,368,-365
108900233,629,158,471
108900234,354,216,138
108900235,248,903,-655
108900236,88,435,-347
108900237,109,327,-218
108900240,232,147,85
108900241,41,37,4
108900245,19,1887,-1868
108900249,209,71,138
108900250,317,211,106
108900257,245,740,-495
108900258,16,288,-272
108900259,226,122,104
108900260,12,126,-114
108900261,127,191,-64
108900262,176,193,-17
108900263,31,214,-183
108900264,651,360,291
108900265,1465,412,1053
108900266,1164,580,584
108900267,3,106,-103
108900268,31,5,26
108900269,68,17,51
108900270,80,11,69
108900271,41,20,21
108900272,232,13,219
108900273,1412,778,634
108900274,57,54,3
109000001,4515,1465,3050
109000002,2147,1621,526
109000003,3053,673,2380
109000004,553,2743,-2190
109000005,2770,907,1863
109000006,810,2448,-1638
109000007,1688,790,898
109000008,653,2170,-1517
109000009,4823,1803,3020
109000010,1599,4726,-3127
109000011,3383,2628,755
109000012,2344,4219,-1875
109000013,4199,3810,389
109000014,2625,4200,-1575
109000015,4277,7797,-3520
109000016,8344,4801,3543
109000017,2330,1470,860
109000018,1117,3825,-2708
109000019,2857,1605,1252
109000020,1163,2399,-1236
109000023,397,48,349
109000024,8,210,-202
109000025,381,551,-170
109000026,965,459,506
109000027,118,405,-287
109000028,178,164,14
109000029,180,253,-73
109000030,137,677,-540
109000031,282,376,-94
109000032,137,650,-513
109000033,387,325,62
109000034,46,45,1
109000035,23,123,-100
109000036,442,504,-62
109000037,281,1393,-1112
109000038,834,577,257
109000039,1053,741,312
109000040,6377,9291,-2914
109000041,5002,2017,2985
109000042,788,1545,-757
109000044,463,114,349
109000045,144,515,-371
109000046,475,119,356
109000047,115,608,-493
109000048,1025,313,712
109000049,478,790,-312
109000050,583,438,145
109000051,406,533,-127
109000052,680,1488,-808
109000053,292,165,127
109000054,3181,872,2309
109000055,1058,555,503
109000056,626,808,-182
109000057,731,610,121
109000058,1644,538,1106
109000059,1314,1730,-416
109000060,544,378,166
109000061,1444,1465,-21
109000062,447,444,3
109000063,318,373,-55
109000064,576,318,258
109000065,184,406,-222
109000066,441,175,266
109000067,86,439,-353
109000068,3370,16,3354
109000069,2397,44,2353
109000070,9,1290,-1281
109000071,482,91,391
109000072,160,509,-349
109000073,66,118,-52
109000074,27,310,-283
109000075,117,425,-308
109000076,151,317,-166
109000077,481,388,93
109000078,51,238,-187
109000079,128,306,-178
109000080,77,145,-68
109000081,109,701,-592
109000082,529,327,202
109000083,297,1262,-965
109000088,258,696,-438
109000089,329,87,242
109000090,212,647,-435
109000091,419,213,206
109000092,458,735,-277
109000093,263,287,-24
109000094,511,6,505
109000095,120,604,-484
109000096,701,371,330
109000097,87,158,-71
109000098,47,192,-145
109000099,1004,422,582
109000100,292,644,-352
109000101,1995,1058,937
109000102,489,1271,-782
109000103,546,1118,-572
109000104,1885,808,1077
109000105,606,2043,-1437
109000106,2397,1115,1282
109000107,803,3534,-2731
109000108,1960,945,1015
109000109,554,2752,-2198
109000110,1403,814,589
109000111,1257,3104,-1847
109000112,890,249,641
109000113,789,279,510
109000114,423,529,-106
109000115,1819,51,1768
109000116,6,293,-287
109000117,221,116,105
109000118,16,412,-396
109000119,1653,347,1306
109000120,236,1228,-992
109000121,453,62,391
109000122,156,1218,-1062
109000123,36,80,-44
109000124,646,796,-150
109000125,1540,542,998
109000126,630,1264,-634
109000127,943,321,622
109000128,517,2197,-1680
109000129,2284,1112,1172
109000130,866,2892,-2026
109000131,951,685,266
109000132,926,2704,-1778
109000133,352,1373,-1021
109000134,1090,2082,-992
109000135,2110,2238,-128
109000136,414,482,-68
109000137,298,558,-260
109000138,586,656,-70
109000139,558,583,-25
109000140,623,508,115
109000141,711,572,139
109000142,154,704,-550
109000143,138,112,26
109000145,112,285,-173
109000146,35,122,-87
109000148,4764,3555,1209
109000149,40,50,-10
109000150,119,268,-149
109000155,879,784,95
109000156,1540,970,570
109000158,244,375,-131
109000159,244,774,-530
109000160,1092,493,599
109000161,324,1459,-1135
109000162,2296,1254,1042
109000163,1169,2612,-1443
109000164,1420,3458,-2038
109000165,1400,926,474
109000166,788,206,582
109000167,134,847,-713
109000170,86,62,24
109000171,92,63,29
109000172,56,78,-22
109000173,16,107,-91
109000174,95,81,14
109000175,59,135,-76
109000176,306,340,-34
109000177,45,185,-140
109000178,352,174,178
109000179,7454,6640,814
109000180,7404,4779,2625
109000181,6,58,-52
109000182,44,55,-11
109000183,40,51,-11
109000184,53,16,37
109000185,36,91,-55
109000188,1417,2999,-1582
109000189,6573,1581,4992
109000190,1308,596,712
109000191,479,706,-227
109000192,406,702,-296
109000193,219,428,-209
109000194,270,358,-88
109000195,214,568,-354
109000196,338,363,-25
109000197,245,536,-291
109000198,558,180,378
109000199,180,610,-430
109000206,288,49,239
109000207,121,69,52
109000208,125,108,17
109000209,203,152,51
109000210,146,772,-626
109000211,197,452,-255
109000214,438,516,-78
109000215,210,130,80
109000216,209,302,-93
109000217,1148,270,878
109000218,2133,386,1747
109000221,598,1423,-825
109000222,1169,388,781
109000223,320,386,-66
109000224,46,199,-153
109000225,92,80,12
109000226,60,309,-249
109000227,1075,1812,-737
109000228,1,858,-857
109000231,4,441,-437
109000232,338,447,-109
109000236,392,1103,-711
109000241,2448,2800,-352
109000242,2077,2246,-169
109000293,68,93,-25
109000361,140,420,-280
109000364,480,808,-328
109000396,6,687,-681
109000397,607,14,593
109000399,147,532,-385
109000400,78,325,-247
109000403,281,1029,-748
109000406,582,6,576
109000407,441,357,84
109000408,1,383,-382
109000410,1105,350,755
109000411,123,17,106
109900001,88,0,88
109900002,986,24,962
109900003,227,1,226
109900004,1423,251,1172
109900005,51,25,26
109900006,574,406,168
109900007,733,809,-76
109900008,1,95,-94
109900009,175,842,-667
109900010,723,17,706
109900011,123,95,28
109900012,802,377,425
109900013,518,385,133
109900014,465,97,368
109900015,657,295,362
109900016,222,42,180
109900017,244,293,-49
109900018,358,111,247
109900019,765,122,643
109900020,49,45,4
109900021,59,27,32
109900022,85,303,-218
109900023,17,15,2
109900024,14,4,10
109900025,31,105,-74
109900026,9,222,-213
109900027,34,31,3
109900028,2363,960,1403
109900029,10,508,-498
109900030,96,20,76
109900031,3,213,-210
109900032,16,732,-716
109900033,12,559,-547
109900034,30,2,28
109900035,33,56,-23
109900036,83,135,-52
109900037,28,745,-717
109900038,94,271,-177
109900039,9,0,9
109900040,39,649,-610
109900041,122,478,-356
109900042,464,782,-318
109900044,901,452,449
109900045,179,173,6
109900046,15,104,-89
109900047,808,522,286
109900048,3,120,-117
109900049,22,70,-48
109900050,2,212,-210
109900051,1,64,-63
109900052,202,508,-306
109900053,9,473,-464
109900054,622,336,286
109900055,68,476,-408
109900056,70,460,-390
109900057,6,254,-248
109900058,0,106,-106
109900059,695,211,484
109900060,423,272,151
109900061,76,419,-343
109900062,1,289,-288
109900063,16,548,-532
109900064,613,437,176
109900065,143,243,-100
109900066,434,1185,-751
109900067,0,377,-377
109900068,64,4,60
109900069,4,44,-40
109900070,60,503,-443
109900071,2,49,-47
109900072,61,193,-132
109900073,413,779,-366
109900074,16,82,-66
109900075,40,86,-46
109900076,49,265,-216
109900077,38,156,-118
109900078,119,256,-137
109900080,256,501,-245
109900081,37,296,-259
109900082,74,533,-459
109900083,25,122,-97
109900084,97,334,-237
109900085,271,1158,-887
109900086,198,638,-440
109900087,425,775,-350
109900089,826,500,326
109900090,703,1465,-762
109900091,383,95,288
109900092,4513,32,4481
109900093,1109,278,831
109900094,85,182,-97
109900095,805,286,519
109900096,60,4,56
109900097,108,1,107
109900098,407,68,339
109900099,173,3,170
109900100,31,0,31
109900101,525,19,506
109900102,451,28,423
109900103,58,56,2
109900104,539,1019,-480
109900105,603,24,579
109900106,929,79,850
109900107,950,161,789
109900108,144,663,-519
109900109,70,208,-138
109900110,145,595,-450
109900111,431,1240,-809
109900112,439,1000,-561
109900113,824,551,273
109900114,1341,848,493
109900115,283,219,64
109900117,1148,230,918
109900118,325,737,-412
109900119,806,501,305
109900120,111,32,79
109900121,599,539,60
109900122,486,5,481
109900123,17,218,-201
109900124,64,925,-861
109900125,4,219,-215
109900126,290,159,131
109900128,279,89,190
109900130,10259,2522,7737
109900131,50,308,-258
109900132,49,162,-113
109900133,114,452,-338
109900134,234,184,50
109900135,300,68,232
109900136,272,244,28
109900137,146,530,-384
109900138,335,574,-239
109900140,254,334,-80
109900141,507,357,150
109900142,1587,412,1175
109900145,9,628,-619
109900146,630,74,556
109900148,55,146,-91
109900149,75,102,-27
109900150,13,114,-101
109900151,6,87,-81
109900152,1,46,-45
109900153,5,55,-50
109900154,101,0,101
109900155,74,31,43
109900157,79,334,-255
109900158,90,188,-98
109900159,181,62,119
109900160,183,93,90
109900161,247,119,128
109900162,227,191,36
109900163,956,396,560
109900164,85,266,-181
109900165,851,12,839
109900166,9,218,-209
109900167,216,799,-583
109900168,233,1058,-825
109900169,266,197,69
109900170,368,875,-507
109900171,278,139,139
109900172,380,338,42
109900173,4127,2448,1679
109900174,71,190,-119
109900175,346,147,199
109900176,152,359,-207
109900177,63,355,-292
109900178,36,186,-150
109900179,429,25,404
109900180,16,22,-6
110000001,996,684,312
110000002,667,1016,-349
110000003,1167,984,183
110000004,565,904,-339
110000005,551,2711,-2160
110000006,531,478,53
110000007,131,143,-12
110000008,42,77,-35
110000009,44,46,-2
110000010,32,119,-87
110000011,54,125,-71
110000012,743,572,171
110000013,64,737,-673
110000014,872,516,356
110000015,338,1392,-1054
110000016,324,2049,-1725
110000017,3322,348,2974
110000018,3544,600,2944
110000019,3,123,-120
110000020,474,271,203
110000021,2039,792,1247
110000022,1799,367,1432
110000023,8,171,-163
110000024,854,486,368
110000025,310,13,297
110000026,11,368,-357
110000027,1560,648,912
110000028,903,1321,-418
110000029,582,958,-376
110000030,276,831,-555
110000031,259,703,-444
110000032,797,912,-115
110000033,376,123,253
110000034,693,1818,-1125
110000035,1569,853,716
110000036,1501,1982,-481
110000037,312,722,-410
110000038,361,1352,-991
110000039,1107,4787,-3680
110000040,483,489,-6
110000041,298,1817,-1519
110000042,208,465,-257
110000043,1091,438,653
110000044,666,329,337
110000045,2777,197,2580
110000046,20,36,-16
110000047,156,28,128
110000048,25,26,-1
110000049,102,15,87
110000050,9,117,-108
110000051,48,16,32
110000052,32,30,2
110000053,263,15,248
110000054,903,362,541
110000055,2152,87,2065
110000056,365,77,288
110000057,398,781,-383
110000058,1524,638,886
110000059,1731,707,1024
110000060,1318,1551,-233
110000061,1318,1042,276
110000062,936,1121,-185
110000063,38,130,-92
110000064,71,99,-28
110000065,105,175,-70
110000066,88,87,1
110000067,87,255,-168
110000068,379,352,27
110000069,284,194,90
110000071,174,208,-34
110000073,16,40,-24
110000075,19,253,-234
110000076,412,676,-264
110000077,586,3270,-2684
110000078,38,113,-75
110000080,339,895,-556
110000081,180,354,-174
110000082,34,531,-497
110000083,384,864,-480
110000084,1330,997,333
110000085,3039,2184,855
110000086,2679,2668,11
110000087,11,94,-83
110000088,77,395,-318
110000089,393,179,214
110000090,1258,533,725
110000091,1838,522,1316
110000092,41,114,-73
110000093,71,14,57
110000094,614,392,222
110000095,234,760,-526
110000096,2993,2532,461
110000097,1284,1691,-407
110000098,2464,899,1565
110000099,1069,2267,-1198
110000100,943,725,218
110000101,31,491,-460
110000102,57,14,43
110000104,1437,133,1304
110000105,217,360,-143
110000106,601,436,165
110000107,367,614,-247
110000108,160,85,75
110000109,409,373,36
110000110,3894,5817,-1923
110000111,8917,3753,5164
110000112,1701,1590,111
110000113,552,2746,-2194
110000114,176,824,-648
110000115,439,550,-111
110000116,57,103,-46
110000117,205,564,-359
110000118,415,347,68
110000119,253,565,-312
110000120,438,340,98
110000121,116,609,-493
110000122,496,799,-303
110000123,677,916,-239
110000124,3,1574,-1571
110000125,1171,10,1161
110000126,344,45,299
110000127,1379,76,1303
110000128,44,2426,-2382
110000129,2,670,-668
110000130,325,210,115
110000131,352,474,-122
110000132,7,1161,-1154
110000133,47,1023,-976
110000134,49,654,-605
110000135,182,58,124
110000136,114,398,-284
110000137,639,883,-244
110000138,854,1029,-175
110000139,778,1551,-773
110000140,1165,692,473
110000143,845,631,214
110000144,7313,2397,4916
110000145,2423,1383,1040
110000146,2921,1189,1732
110000147,622,999,-377
110000148,1152,474,678
110000151,1428,1191,237
110000152,1341,454,887
110000153,113,58,55
110000154,116,56,60
110000155,2775,5251,-2476
110000156,1457,3122,-1665
110000157,2594,2691,-97
110000160,451,427,24
110000161,222,412,-190
110000166,734,206,528
110000167,991,734,257
110000168,1202,521,681
110000169,963,423,540
110000170,528,112,416
110000171,817,196,621
110000172,158,1063,-905
110000173,1385,1634,-249
110000174,205,1592,-1387
110000175,710,97,613
110000176,862,443,419
110000177,233,962,-729
110000178,642,3069,-2427
110000179,1561,492,1069
110000180,236,318,-82
110000181,564,1175,-611
110000182,397,169,228
110000183,13531,10326,3205
110000184,648,4267,-3619
110000185,2990,1024,1966
110000186,1099,1569,-470
110000191,856,448,408
110000192,1268,22,1246
110000193,2706,19,2687
110000194,25,1699,-1674
110000195,440,696,-256
110000196,369,470,-101
110000197,110,350,-240
110000198,481,174,307
110000199,319,221,98
110000200,3903,849,3054
110000201,3529,1423,2106
110000202,1616,638,978
110000203,1342,1105,237
110000204,10,307,-297
110000205,147,67,80
110000206,1044,1919,-875
110000207,982,541,441
110000208,707,320,387
110000209,186,1424,-1238
110000210,1399,824,575
110000211,2225,1212,1013
110000212,457,1834,-1377
110000213,211,264,-53
110000214,306,306,0
110000215,226,539,-313
110000216,111,571,-460
110000217,317,258,59
110000218,156,510,-354
110000219,376,118,258
110000220,111,406,-295
110000221,412,148,264
110000222,64,330,-266
110000223,14,296,-282
110000224,136,19,117
110000225,465,1112,-647
110000226,375,109,266
110000227,1239,1342,-103
110000228,509,589,-80
110000229,3,341,-338
110000230,1490,871,619
110000231,243,384,-141
110000232,1397,287,1110
110000233,1027,422,605
110000234,1582,1013,569
110000235,1193,1546,-353
110000236,996,1054,-58
110000237,4781,1950,2831
110000238,2190,1945,245
110000239,2448,1676,772
110000240,0,96,-96
110000242,1,22,-21
110000243,121,234,-113
110000244,222,496,-274
110000245,55,529,-474
110000246,1766,1103,663
110000247,1948,6124,-4176
110000248,3474,2226,1248
110000249,122,18,104
110000250,345,303,42
110000251,437,795,-358
110000252,764,288,476
110000253,1530,1161,369
110000254,1100,2030,-930
110000255,402,1280,-878
110000256,582,543,39
110000257,962,637,325
110000258,14,566,-552
110000259,150,35,115
110000260,16,476,-460
110000263,885,153,732
110000264,446,752,-306
110000265,1848,3052,-1204
110000266,3169,4283,-1114
110000267,21,403,-382
110000268,401,713,-312
110000269,23,191,-168
110000270,106,6,100
110000271,2187,413,1774
110000272,1807,1465,342
110000273,5654,2288,3366
110000274,495,1867,-1372
110000275,3084,764,2320
110000276,1282,554,728
110000277,692,500,192
110000278,1143,951,192
110000279,1231,903,328
110000280,883,585,298
110000281,65,360,-295
110000282,420,60,360
110000283,80,195,-115
110000284,91,68,23
110000285,4,738,-734
110000286,31,0,31
110000287,142,2,140
110000288,27,127,-100
110000289,587,2166,-1579
110000290,1607,1006,601
110000291,6287,1685,4602
110000292,1717,5983,-4266
110000293,1636,967,669
110000294,1432,1574,-142
110000295,332,1143,-811
110000296,612,650,-38
110000297,3631,538,3093
110000298,218,744,-526
110000299,469,123,346
110000301,1503,42,1461
110000302,776,1390,-614
110000303,1536,17,1519
110000304,307,379,-72
110000305,2098,35,2063
110000306,185,1950,-1765
110000307,1949,14,1935
110000308,806,4,802
110000309,15,1211,-1196
110000310,1073,79,994
110000311,13,950,-937
110000312,432,128,304
110000313,4408,4547,-139
110000314,2,343,-341
110000315,5639,3848,1791
110000316,835,2115,-1280
110000317,1655,512,1143
110000318,8,97,-89
110000319,160,53,107
110000320,116,42,74
110000321,27,65,-38
110000322,531,548,-17
110000323,804,282,522
110000324,4511,2089,2422
110000325,4728,4388,340
110000327,915,663,252
110000328,267,551,-284
110000333,1716,1019,697
110000334,1336,1773,-437
110000335,1511,835,676
110000336,2009,1475,534
110000337,3441,878,2563
110000338,692,346,346
110000339,692,328,364
110000340,942,253,689
110000341,657,625,32
110000342,858,9,849
110000343,0,41,-41
110000344,3387,206,3181
110000345,3717,265,3452
110000346,3867,2675,1192
110000347,1405,1327,78
110000348,25,58,-33
110000349,24,67,-43
110000350,50,10,40
110000351,1125,1234,-109
110000352,660,2290,-1630
110000353,3959,1129,2830
110000354,1763,5370,-3607
110000355,138,148,-10
110000356,784,18,766
110000357,662,14,648
110000361,81,115,-34
110000362,65,145,-80
110000363,365,228,137
110000364,399,418,-19
110000365,271,4,267
110000366,3,147,-144
110000367,908,352,556
110000368,5,93,-88
110000369,372,4,368
110000373,9,398,-389
110000374,1331,38,1293
110000375,181,2481,-2300
110000376,54,162,-108
110000377,68,828,-760
110000378,37,530,-493
110000379,4287,2900,1387
110000380,160,17,143
110000383,7,1610,-1603
110000384,4492,1535,2957
110000385,2,326,-324
110000387,130,13,117
110000388,63,345,-282
110000389,794,10,784
110000391,1586,548,1038
110000396,200,212,-12
110000397,230,338,-108
110000398,7,69,-62
110000399,174,3,171
110000587,537,109,428
110000589,245,343,-98
110000640,308,83,225
110000652,49,254,-205
110000653,410,641,-231
110000654,50,106,-56
110000656,5,907,-902
110000674,47,44,3
110000675,30,13,17
110000676,16,74,-58
110000679,419,1351,-932
110000682,192,218,-26
110000683,857,1121,-264
110000684,13,70,-57
110000685,32,25,7
110000686,5,57,-52
110000687,178,9,169
110000688,76,924,-848
110000689,32,97,-65
110000692,212,279,-67
110000693,258,519,-261
110000694,1,337,-336
110000695,810,877,-67
110000696,106,124,-18
110900001,347,26,321
110900002,1069,299,770
110900003,853,852,1
110900004,501,292,209
110900005,4365,3041,1324
110900006,25,10,15
110900007,161,64,97
110900008,15,57,-42
110900009,499,125,374
110900010,11,86,-75
110900011,16,120,-104
110900012,6,117,-111
110900013,1405,267,1138
110900014,786,26,760
110900015,828,719,109
110900016,87,169,-82
110900017,454,67,387
110900018,549,85,464
110900019,202,57,145
110900020,108,392,-284
110900021,134,844,-710
110900022,148,393,-245
110900023,121,624,-503
110900024,19,568,-549
110900025,13,80,-67
110900027,43,312,-269
110900028,77,219,-142
110900029,33,491,-458
110900030,54,343,-289
110900031,1,217,-216
110900032,1,114,-113
110900033,87,330,-243
110900035,20,719,-699
110900036,75,31,44
110900037,65,45,20
110900038,1411,253,1158
110900039,16,350,-334
110900040,244,57,187
110900041,8,150,-142
110900042,142,66,76
110900043,7,132,-125
110900044,273,18,255
110900045,61,675,-614
110900046,70,331,-261
110900047,779,311,468
110900049,112,81,31
110900050,35,18,17
110900051,68,285,-217
110900052,14,228,-214
110900053,89,67,22
110900054,35,329,-294
110900055,38,11,27
110900056,54,147,-93
110900057,17,164,-147
110900058,294,338,-44
110900059,842,691,151
110900060,525,257,268
110900061,31,63,-32
110900062,166,437,-271
110900063,75,866,-791
110900064,23,0,23
110900065,381,157,224
110900066,15,191,-176
110900067,454,1014,-560
110900068,248,353,-105
110900069,16,37,-21
110900070,169,66,103
110900071,401,778,-377
110900073,1,31,-30
110900074,375,112,263
110900075,436,145,291
110900077,887,1025,-138
110900078,50,111,-61
110900079,3247,1804,1443
110900080,99,89,10
110900081,4,93,-89
110900082,131,281,-150
110900083,167,71,96
110900084,48,146,-98
110900085,60,408,-348
110900086,79,282,-203
110900087,469,148,321
110900088,29,6,23
110900090,34,54,-20
110900091,2,83,-81
110900093,901,164,737
110900095,61,95,-34
110900097,17,22,-5
110900098,12,86,-74
110900099,49,525,-476
110900100,0,20,-20
110900102,66,40,26
110900105,957,402,555
110900108,49,118,-69
110900111,600,1190,-590
110900112,1039,20,1019
110900113,605,57,548
110900115,10,110,-100
110900116,841,2583,-1742
110900118,116,2961,-2845
110900119,5024,486,4538
110900120,27,120,-93
110900121,139,0,139
110900122,471,223,248
110900125,393,475,-82
110900127,1154,1458,-304
110900128,253,290,-37
110900129,599,872,-273
110900130,1308,588,720
110900131,956,107,849
110900132,386,129,257
110900133,725,296,429
110900135,171,510,-339
110900136,414,21,393
110900137,166,2,164
110900138,2403,492,1911
110900139,70,86,-16
110900140,267,9,258
110900141,20,158,-138
110900142,96,272,-176
110900143,153,121,32
110900144,2,929,-927
110900145,512,67,445
110900146,1363,246,1117
110900147,195,510,-315
110900148,10,394,-384
110900149,1,127,-126
110900150,90,28,62
110900151,10,124,-114
110900152,31,345,-314
110900153,143,55,88
111000001,548,302,246
111000002,531,689,-158
111000003,1046,922,124
111000004,657,1427,-770
111000005,2099,1555,544
111000006,1450,2362,-912
111000007,5745,4203,1542
111000008,3507,4745,-1238
111000009,414,1625,-1211
111000010,975,325,650
111000011,334,1114,-780
111000012,713,417,296
111000013,696,1166,-470
111000014,2104,727,1377
111000017,134,1273,-1139
111000018,311,527,-216
111000020,1565,3135,-1570
111000021,95,155,-60
111000023,113,129,-16
111000025,6515,5636,879
111000029,224,159,65
111000030,65,155,-90
111000031,3082,2180,902
111000032,1319,610,709
111000033,393,481,-88
111000034,350,212,138
111000037,2642,1550,1092
111000038,5566,3760,1806
111000039,2301,3350,-1049
111000040,2190,3357,-1167
111000041,2358,2390,-32
111000042,5164,3692,1472
111000043,2187,4079,-1892
111000044,2144,1512,632
111000045,2529,3106,-577
111000046,1729,2260,-531
111000047,2794,5224,-2430
111000049,635,812,-177
111000050,1806,1894,-88
111000051,521,1378,-857
111000052,1003,2232,-1229
111000053,454,1213,-759
111000054,463,1116,-653
111000055,1421,2545,-1124
111000056,373,798,-425
111000057,81,856,-775
111000058,360,98,262
111000059,1978,372,1606
111000060,7092,891,6201
111000061,758,445,313
111000062,878,442,436
111000063,3763,1423,2340
111000064,672,990,-318
111000065,1175,1681,-506
111000066,581,943,-362
111000067,1133,917,216
111000068,974,1728,-754
111000069,3160,4256,-1096
111000070,1644,1378,266
111000071,449,1035,-586
111000072,948,503,445
111000073,342,889,-547
111000074,1894,2207,-313
111000075,1850,1008,842
111000076,819,904,-85
111000077,2077,2233,-156
111000078,3578,2222,1356
111000079,1724,1079,645
111000080,656,997,-341
111000081,2353,8402,-6049
111000082,810,967,-157
111000084,1179,868,311
111000085,1434,1955,-521
111000086,3675,1593,2082
111000087,863,937,-74
111000088,8340,2929,5411
111000089,991,1416,-425
111000090,1286,2203,-917
111000091,851,885,-34
111000092,1359,1268,91
111000093,1419,1394,25
111000094,3203,1404,1799
111000095,777,2870,-2093
111000096,3240,10012,-6772
111000097,6463,1885,4578
111000098,960,1634,-674
111000099,804,2746,-1942
111000100,556,2363,-1807
111000101,567,1076,-509
111000102,250,856,-606
111000104,1321,284,1037
111000107,190,966,-776
111000109,838,425,413
111000110,1576,1037,539
111000111,3016,991,2025
111000112,2529,938,1591
111000113,916,1743,-827
111000114,2066,3986,-1920
111000115,8996,1808,7188
111000116,1109,1395,-286
111000117,476,1190,-714
111000118,2754,1382,1372
111000119,1221,1741,-520
111000120,410,871,-461
111000121,315,892,-577
111000122,715,1983,-1268
111000123,1457,4217,-2760
111000124,640,3833,-3193
111000125,362,2038,-1676
111000126,123,1192,-1069
111000127,1103,293,810
111000128,3020,499,2521
111000129,3059,931,2128
111000130,2263,1295,968
111000131,1875,1082,793
111000132,1476,1083,393
111000133,150,240,-90
111000134,174,253,-79
111000135,91,244,-153
111000136,350,381,-31
111000138,21,14,7
111000140,0,14,-14
111000141,246,480,-234
111000142,15,160,-145
111000143,1,124,-123
111000144,42,244,-202
111000145,2112,33,2079
111000146,175,14,161
111000147,368,35,333
111000148,186,117,69
111000149,7,71,-64
111000150,36,7,29
111000151,12,22,-10
111000153,842,1073,-231
111000154,978,354,624
111000155,102,265,-163
111000156,489,843,-354
111000157,264,1321,-1057
111000158,1190,980,210
111000159,3244,927,2317
111000160,418,402,16
111000161,12,373,-361
111000162,79,343,-264
111000163,843,1592,-749
111000164,1007,5965,-4958
111000165,1483,739,744
111000166,2941,625,2316
111000167,201,709,-508
111000168,299,646,-347
111000169,336,844,-508
111000170,700,644,56
111000171,595,1117,-522
111000172,255,525,-270
111000173,457,938,-481
111000174,209,513,-304
111000175,71,441,-370
111000176,1127,223,904
111000177,375,325,50
111000178,1337,471,866
111000179,260,292,-32
111000180,233,705,-472
111000181,1468,397,1071
111000182,276,300,-24
111000183,1669,490,1179
111000184,563,320,243
111000185,870,686,184
111000186,1641,377,1264
111000187,155,254,-99
111000188,261,487,-226
111000189,1478,798,680
111000190,250,490,-240
111000191,180,509,-329
111000192,234,693,-459
111000193,329,420,-91
111000194,83,388,-305
111000195,259,442,-183
111000196,59,269,-210
111000197,553,258,295
111000198,1213,191,1022
111000199,242,248,-6
111000200,406,450,-44
111000201,611,374,237
111000202,240,353,-113
111000203,293,507,-214
111000204,451,1084,-633
111000213,228,664,-436
111000214,2298,1927,371
111000215,1223,1571,-348
111000217,1562,1496,66
111000218,2038,1678,360
111000219,502,287,215
111000220,2939,1983,956
111000221,1097,161,936
111000224,3,251,-248
111000225,297,73,224
111000226,192,1,191
111000227,37,5,32
111000228,40,468,-428
111000229,53,1150,-1097
111000230,565,679,-114
111000231,930,1233,-303
111000232,1848,1374,474
111000233,868,1273,-405
111000234,180,628,-448
111000239,203,277,-74
111000240,44,259,-215
111000241,56,412,-356
111000242,190,118,72
111000243,429,862,-433
111000244,1006,141,865
111000245,3703,820,2883
111000246,535,690,-155
111000247,283,1300,-1017
111000248,700,799,-99
111000249,632,1038,-406
111000250,76,193,-117
111000251,95,172,-77
111000253,10,34,-24
111000255,36,34,2
111000257,29,53,-24
111000260,81,1500,-1419
111000261,1380,256,1124
111000271,54,396,-342
111000273,5951,2191,3760
111000274,1559,3693,-2134
111000275,308,134,174
111000276,411,2698,-2287
111000277,278,680,-402
111000278,741,481,260
111000291,1026,6734,-5708
111000298,687,505,182
111000299,709,260,449
111000300,157,821,-664
111000302,323,197,126
111000303,87,371,-284
111000312,66,111,-45
111000315,0,53,-53
111000320,500,1111,-611
111000321,484,128,356
111000322,386,643,-257
111000323,190,44,146
111000324,462,401,61
111000325,35,117,-82
111000326,195,439,-244
111000327,978,593,385
111000328,342,715,-373
111000329,2,68,-66
111000330,72,8,64
111000331,189,8,181
111000332,641,1772,-1131
111000334,544,1867,-1323
111000335,2493,364,2129
111000337,1173,697,476
111000338,152,172,-20
111000339,575,600,-25
111000340,979,982,-3
111000341,1600,850,750
111000342,291,556,-265
111000344,1506,956,550
111000345,289,77,212
111000346,13,153,-140
111000347,166,18,148
111000350,594,168,426
111000351,121,312,-191
111000352,207,161,46
111000353,186,353,-167
111000354,1187,173,1014
111000355,695,827,-132
111000358,424,1677,-1253
111000360,204,949,-745
111000361,168,462,-294
111000546,1895,1000,895
111000547,789,877,-88
111000548,181,467,-286
111000549,438,581,-143
111000550,109,1153,-1044
111000551,834,264,570
111000552,2924,152,2772
111000907,637,31,606
111000908,19,3,16
111000916,1909,498,1411
111000917,77,586,-509
111000918,232,1148,-916
111000920,881,23,858
111000921,10,326,-316
111000922,714,469,245
111000924,88,1143,-1055
111000925,3372,2572,800
111000926,1390,2121,-731
111000927,4193,5930,-1737
111000928,5789,4566,1223
111000929,4589,2072,2517
111000930,1778,3016,-1238
111000931,2596,3328,-732
111000932,5106,3421,1685
111000933,4018,3122,896
111000934,2689,4670,-1981
111000935,1513,1818,-305
111000936,1167,2793,-1626
111000937,944,2561,-1617
111000938,2040,2176,-136
111000939,601,61,540
111000940,475,218,257
111000941,1087,677,410
111000943,442,522,-80
111000944,194,527,-333
111000945,121,2099,-1978
111001109,578,395,183
111001110,174,724,-550
111001111,87,16,71
111001112,166,12,154
111001113,0,231,-231
111001114,1267,81,1186
111001115,22,491,-469
111001116,6536,4982,1554
111001117,701,3394,-2693
111001120,121,420,-299
111001121,162,341,-179
111001122,22,423,-401
111001123,26,11,15
111900001,52,248,-196
111900002,19,900,-881
111900003,8,576,-568
111900004,100,191,-91
111900006,8,41,-33
111900007,93,8,85
111900008,207,6,201
111900009,167,225,-58
111900010,529,737,-208
111900012,83,176,-93
111900013,14,175,-161
111900014,7785,3896,3889
111900015,1,138,-137
111900016,0,205,-205
111900017,0,211,-211
111900018,239,4,235
111900019,8,189,-181
111900020,6,79,-73
111900021,35,197,-162
111900022,29,111,-82
111900023,142,107,35
111900024,0,101,-101
111900025,0,50,-50
111900026,1,153,-152
111900027,5,204,-199
111900028,3,523,-520
111900029,8,118,-110
111900030,78,470,-392
111900031,121,69,52
111900032,4,388,-384
111900033,16,145,-129
111900034,324,471,-147
111900035,315,257,58
111900036,4,351,-347
111900038,426,630,-204
111900039,71,513,-442
111900040,6,728,-722
111900042,69,124,-55
111900043,4,479,-475
111900044,415,296,119
111900046,72,222,-150
111900048,211,949,-738
111900049,56,275,-219
111900050,167,34,133
111900051,1,265,-264
111900052,533,644,-111
111900053,1858,1570,288
111900054,162,2,160
111900055,22,566,-544
111900056,415,362,53
111900057,178,61,117
111900058,411,790,-379
111900059,2178,681,1497
111900060,388,3,385
111900061,9,317,-308
111900062,62,97,-35
111900063,408,325,83
111900064,145,389,-244
111900065,126,47,79
111900066,159,190,-31
111900067,3,488,-485
111900068,61,63,-2
111900069,54,39,15
111900070,170,199,-29
111900071,1,333,-332
111900072,59,31,28
111900073,800,141,659
111900074,21,219,-198
111900075,125,16,109
111900076,168,57,111
111900077,56,4,52
111900078,317,27,290
111900079,35,63,-28
111900080,269,297,-28
111900081,820,299,521
111900082,123,31,92
111900083,132,24,108
111900084,128,21,107
111900085,85,163,-78
111900086,35,5,30
111900087,73,3,70
111900088,439,7,432
111900089,152,4,148
111900090,78,128,-50
111900091,206,2,204
111900092,103,1,102
111900093,383,13,370
111900094,115,1,114
111900095,239,52,187
111900096,157,2,155
111900097,72,0,72
111900098,219,6,213
111900099,104,0,104
111900100,390,14,376
111900101,124,16,108
111900102,999,639,360
111900103,121,104,17
111900104,207,120,87
111900105,563,505,58
111900106,2043,92,1951
111900107,124,214,-90
111900108,183,204,-21
111900109,763,521,242
111900110,2506,480,2026
111900111,332,262,70
111900112,894,3373,-2479
111900113,315,144,171
111900114,248,197,51
111900115,21,52,-31
111900118,337,131,206
111900119,366,199,167
111900122,183,101,82
111900123,24,42,-18
111900124,45,115,-70
111900125,640,30,610
111900126,352,10,342
111900127,1,812,-811
111900128,5,646,-641
111900129,356,56,300
111900130,376,34,342
111900131,522,9,513
111900132,33,1389,-1356
111900133,21,491,-470
111900134,22,275,-253
111900135,13,29,-16
111900136,131,183,-52
111900137,70,100,-30
111900138,27,87,-60
111900139,19,127,-108
111900140,96,49,47
111900141,62,24,38
111900142,104,34,70
111900143,48,401,-353
111900144,0,103,-103
111900145,5,573,-568
111900146,4,328,-324
111900147,196,668,-472
111900148,31,865,-834
111900149,10,399,-389
111900150,16,232,-216
111900151,6,33,-27
111900152,131,100,31
111900153,2150,482,1668
111900154,16,289,-273
111900155,92,78,14
111900156,58,78,-20
111900157,92,31,61
111900158,622,41,581
111900159,225,10,215
111900160,253,1,252
111900161,188,0,188
111900162,75,201,-126
111900163,45,274,-229
111900164,138,74,64
111901113,489,206,283
111901114,1689,475,1214
111901115,66,11,55
111901116,73,22,51
111901117,14,126,-112
111901118,101,1363,-1262
111901119,1165,275,890
111901120,158,450,-292
111901121,242,310,-68
111901122,12,637,-625
111901123,198,482,-284
111901124,133,3,130
111901125,336,216,120
111901126,122,64,58
111901127,951,470,481
111901128,15,126,-111
111901129,12,194,-182
111901130,19,264,-245
111901131,5,365,-360
111901132,131,26,105
111901133,38,5,33
111901134,92,10,82
111901135,32,18,14
111901136,38,59,-21
111901137,3,44,-41
111901138,241,46,195
111901139,25,52,-27
111901140,21,131,-110
111901141,10,218,-208
111901142,0,143,-143
111901143,2,137,-135
111901144,18,43,-25
112000001,2026,1029,997
112000002,908,3382,-2474
112000003,1622,1470,152
112000004,1024,1657,-633
112000005,3732,4525,-793
112000006,3174,3142,32
112000007,3024,2394,630
112000008,2754,4465,-1711
112000009,4819,4783,36
112000010,3095,3976,-881
112000011,2606,3044,-438
112000012,7692,4474,3218
112000013,8681,5156,3525
112000014,4893,1828,3065
112000015,7059,5313,1746
112000016,11831,1805,10026
112000017,6050,3465,2585
112000024,3576,1663,1913
112000026,5881,7283,-1402
112000027,1059,761,298
112000028,2260,2171,89
112000029,630,963,-333
112000030,275,239,36
112000031,2337,6467,-4130
112000032,758,106,652
112000033,4087,2040,2047
112000034,437,179,258
112000035,469,470,-1
112000036,1800,1344,456
112000037,5756,1109,4647
112000038,3284,1310,1974
112000039,66,91,-25
112000040,157,402,-245
112000041,682,773,-91
112000042,1682,686,996
112000050,1491,2573,-1082
112000051,1345,1469,-124
112000054,2032,2232,-200
112000057,694,588,106
112000058,729,1008,-279
112000059,804,1293,-489
112000061,4263,2782,1481
112000062,1955,1016,939
112000063,1313,2042,-729
112000064,5191,6796,-1605
112000065,2855,3262,-407
112000066,4193,1962,2231
112000067,983,951,32
112000068,4103,2752,1351
112000069,2000,2823,-823
112000070,5482,1219,4263
112000071,1438,3672,-2234
112000072,3263,1313,1950
112000073,2549,3072,-523
112000074,2263,1537,726
112000075,1763,1571,192
112000076,4595,3948,647
112000077,1143,940,203
112000078,2078,983,1095
112000079,1932,2074,-142
112000080,957,1282,-325
112000081,1789,3443,-1654
112000082,1624,1275,349
112000083,728,1851,-1123
112000084,1468,1364,104
112000085,1844,1539,305
112000086,2823,2805,18
112000087,438,542,-104
112000088,839,1070,-231
112000089,562,485,77
112000090,446,507,-61
112000091,706,1551,-845
112000092,2144,1681,463
112000093,2074,1417,657
112000094,727,1222,-495
112000095,803,1364,-561
112000096,612,923,-311
112000097,1443,970,473
112000098,1553,1890,-337
112000099,877,2154,-1277
112000100,2523,1262,1261
112000101,911,1541,-630
112000102,1308,677,631
112000103,508,1827,-1319
112000105,729,2478,-1749
112000106,2910,540,2370
112000107,38,479,-441
112000108,627,2325,-1698
112000109,164,177,-13
112000110,2059,927,1132
112000111,2508,5534,-3026
112000112,10994,1129,9865
112000113,1429,2696,-1267
112000114,6998,1552,5446
112000115,526,706,-180
112000116,1308,1586,-278
112000117,1379,1131,248
112000118,1527,1227,300
112000119,620,1151,-531
112000120,93,519,-426
112000121,133,705,-572
112000122,248,295,-47
112000123,738,214,524
112000124,328,128,200
112000125,202,329,-127
112000126,316,702,-386
112000127,3854,2814,1040
112000128,1606,923,683
112000129,161,200,-39
112000130,165,98,67
112000131,66,462,-396
112000132,133,356,-223
112000133,461,335,126
112000134,612,495,117
112000135,4939,1051,3888
112000136,3801,1990,1811
112000137,7099,2547,4552
112000138,8889,1911,6978
112000139,1358,703,655
112000140,1722,1400,322
112000141,1027,433,594
112000142,206,921,-715
112000143,1233,334,899
112000144,411,1699,-1288
112000145,2729,874,1855
112000146,816,2618,-1802
112000147,3682,2417,1265
112000148,2128,2895,-767
112000149,721,829,-108
112000150,592,1226,-634
112000151,300,613,-313
112000152,466,823,-357
112000153,220,461,-241
112000154,188,632,-444
112000155,145,160,-15
112000157,1120,773,347
112000158,444,774,-330
112000159,710,603,107
112000167,651,103,548
112000169,384,475,-91
112000173,909,357,552
112000175,1131,620,511
112000176,4405,3036,1369
112000177,780,258,522
112000178,138,694,-556
112000179,328,184,144
112000180,306,653,-347
112000181,1866,2846,-980
112000182,1260,2549,-1289
112000183,60,91,-31
112000184,421,657,-236
112000185,631,1000,-369
112000187,8372,4934,3438
112000195,271,37,234
112000196,309,2,307
112000197,252,206,46
112000198,40,385,-345
112000199,239,1833,-1594
112000202,466,6,460
112000216,73,346,-273
112000230,123,4,119
112000231,2,329,-327
112000256,103,417,-314
112000313,144,413,-269
112000314,149,41,108
112000337,487,925,-438
112000352,558,533,25
112000392,1734,1716,18
112000398,1349,1227,122
112000399,2521,3001,-480
112000400,2114,4947,-2833
112000401,4383,3968,415
112000402,4483,3765,718
112000403,3050,3880,-830
112000404,856,1102,-246
112000405,2100,3990,-1890
112000406,4412,3374,1038
112000407,7772,12555,-4783
112000408,10935,10768,167
112000409,2048,7182,-5134
112000410,795,322,473
112000411,6419,2969,3450
112000412,2068,868,1200
112000413,12552,6561,5991
112000414,119,131,-12
112000415,120,47,73
112000416,2587,2172,415
112000417,287,74,213
112000421,49,259,-210
112000422,405,632,-227
112000424,3037,3689,-652
112000425,693,1167,-474
112000426,137,559,-422
112000427,1,6,-5
112000428,359,456,-97
112000429,2806,3551,-745
112000430,2695,3592,-897
112000431,99,209,-110
112000432,781,1798,-1017
112000433,664,1327,-663
112000437,59,226,-167
112900001,53,5,48
112900002,394,1567,-1173
112900003,95,478,-383
112900004,58,396,-338
112900005,246,415,-169
112900006,13,567,-554
112900007,44,287,-243
112900008,1,33,-32
112900009,583,152,431
112900010,438,1117,-679
112900011,238,343,-105
112900012,0,89,-89
112900013,12,316,-304
112900014,11,610,-599
112900015,570,1155,-585
112900016,8,376,-368
112900017,52,286,-234
112900018,21,403,-382
112900019,78,339,-261
112900020,491,1523,-1032
112900021,9,287,-278
112900022,14,104,-90
112900023,2,285,-283
112900024,27,294,-267
112900025,122,334,-212
112900026,8,328,-320
112900027,17,1491,-1474
112900028,40,155,-115
112900029,13,729,-716
112900030,264,266,-2
112900031,19,753,-734
112900032,372,384,-12
112900034,5,77,-72
112900035,7,611,-604
112900036,224,192,32
112900037,221,308,-87
112900038,916,346,570
112900039,30,388,-358
112900040,6,645,-639
112900041,1455,1794,-339
112900042,93,566,-473
112900043,183,88,95
112900044,874,697,177
112900045,586,435,151
112900046,281,89,192
112900047,35,37,-2
112900049,242,133,109
112900050,74,815,-741
112900051,495,1045,-550
112900052,18,1412,-1394
112900053,985,179,806
112900054,229,59,170
112900055,239,50,189
112900056,557,341,216
112900057,21,839,-818
112900058,502,363,139
112900059,266,193,73
112900060,21,304,-283
112900061,124,207,-83
112900062,77,265,-188
112900063,149,15,134
112900064,311,302,9
112900065,56,43,13
112900066,437,248,189
112900067,804,300,504
112900068,61,36,25
112900069,2765,1075,1690
112900071,35,1,34
112900072,278,2727,-2449
112900073,1317,145,1172
112900074,130,240,-110
112900075,2081,1045,1036
112900076,123,37,86
112900078,348,806,-458
112900079,873,56,817
112900080,51,0,51
112900081,39,305,-266
112900082,682,38,644
112900083,159,90,69
112900084,234,181,53
112900085,1,14,-13
112900086,165,2,163
112900087,820,307,513
112900088,255,8,247
112900089,1198,35,1163
112900090,48,25,23
112900091,265,8,257
112900092,256,308,-52
112900093,3118,55,3063
112900094,607,10,597
112900095,53,0,53
112900096,823,356,467
112900097,130,490,-360
112900098,309,4,305
112900099,1075,37,1038
112900100,53,1,52
112900101,689,5,684
112900102,431,10,421
112900103,470,12,458
112900104,140,1,139
112900105,18,0,18
112900106,532,326,206
112900107,3,0,3
112900108,33,1,32
112900109,123,0,123
112900110,1297,6,1291
112900111,1303,29,1274
112900112,396,2,394
112900113,0,29,-29
112900114,132,186,-54
112900115,1244,7,1237
112900116,136,27,109
112900117,135,127,8
112900118,50,134,-84
112900119,218,6,212
112900120,1062,362,700
112900121,232,238,-6
112900122,37,197,-160
112900123,172,24,148
112900124,11,183,-172
112900125,151,748,-597
112900126,308,304,4
112900127,489,148,341
112900128,631,1243,-612
112900129,6,1298,-1292
112900130,408,127,281
112900131,92,345,-253
112900132,458,522,-64
112900133,67,1455,-1388
112900134,2,462,-460
112900135,206,75,131
112900136,3,40,-37
112900137,4,645,-641
112900138,9,519,-510
112900139,372,1960,-1588
112900140,1,78,-77
112900141,955,92,863
112900142,125,171,-46
112900143,36,762,-726
112900144,0,338,-338
112900145,57,817,-760
112900146,7,1613,-1606
112900147,8,2634,-2626
112900148,87,0,87
112900149,386,604,-218
112900151,20,80,-60
112900152,4873,1421,3452
112900153,2578,2868,-290
112900154,0,174,-174
112900155,370,30,340
112900156,396,1815,-1419
112900157,257,7,250
112900158,62,67,-5
112900159,379,156,223
112900160,95,378,-283
112900161,150,65,85
112900162,27,30,-3
112900163,131,50,81
112900164,35,371,-336
112900165,551,54,497
112900166,36,101,-65
112900167,9,72,-63
112900168,7,7,0
112900169,26,15,11
112900170,95,118,-23
112900172,75,28,47
112900173,344,150,194
112900174,436,66,370
112900175,198,182,16
112900176,10,41,-31
112900177,251,94,157
112900178,1174,4788,-3614
112900179,61,591,-530
112900180,3395,2334,1061
112900181,652,7,645
112900182,72,1566,-1494
112900183,218,488,-270
112900184,554,566,-12
112900185,539,975,-436
112900186,2204,1410,794
112900187,175,1002,-827
112900188,1289,497,792
112900189,26,65,-39
112900190,22,66,-44
112900192,911,928,-17
112900193,1685,557,1128
112900194,72,167,-95
112900195,1171,69,1102
112900196,385,440,-55
112900197,310,592,-282
112900199,666,895,-229
112900200,574,362,212
112900201,141,156,-15
112900202,405,1300,-895
112900203,307,485,-178
112900204,1373,846,527
112900205,18,22,-4
112900206,22,101,-79
112900207,8,1,7
112900208,106,283,-177
112900209,615,550,65
112900210,0,42,-42
112900211,98,244,-146
112900212,1,120,-119
112900213,71,19,52
112900214,56,19,37
112900215,10,256,-246
112900216,83,133,-50
112900217,6,102,-96
112900218,98,9,89
112900219,192,19,173
112900220,24,0,24
112900221,35,163,-128
112900222,0,37,-37
112900223,1296,40,1256
112900224,353,750,-397
112900225,645,611,34
112900226,361,611,-250
112900227,613,1738,-1125
112900228,58,53,5
112900229,195,62,133
112900230,10047,7347,2700
112900232,435,399,36
112900233,114,287,-173
112900234,12,172,-160
112900235,139,39,100
112900236,247,24,223
112900237,167,333,-166
112900238,7,55,-48
113000001,6189,6128,61
113000002,3967,5291,-1324
113000003,2299,2217,82
113000004,2292,3255,-963
113000005,1782,1170,612
113000006,1285,1916,-631
113000007,2328,1468,860
113000008,2224,2168,56
113000009,1326,1072,254
113000010,1968,1928,40
113000011,871,2128,-1257
113000012,2123,1185,938
113000013,2132,847,1285
113000014,2223,2013,210
113000015,1131,344,787
113000016,984,981,3
113000017,173,484,-311
113000018,563,89,474
113000019,306,390,-84
113000020,683,49,634
113000021,1479,767,712
113000022,837,1789,-952
113000025,157,503,-346
113000026,665,783,-118
113000027,975,829,146
113000028,1467,752,715
113000029,1087,771,316
113000030,685,927,-242
113000031,334,394,-60
113000032,422,363,59
113000033,411,520,-109
113000034,481,505,-24
113000035,69,59,10
113000036,47,81,-34
113000037,82,55,27
113000038,37,103,-66
113000039,109,644,-535
113000040,76,94,-18
113000042,977,1046,-69
113000051,1017,3193,-2176
113000052,2245,1351,894
113000053,441,626,-185
113000054,343,1196,-853
113000055,1528,903,625
113000056,920,1328,-408
113000058,900,1203,-303
113000059,1423,1117,306
113000060,238,678,-440
113000061,623,1522,-899
113000062,1409,407,1002
113000063,153,164,-11
113000064,46,500,-454
113000065,176,1402,-1226
113000066,828,168,660
113000067,2232,2176,56
113000068,430,2442,-2012
113000069,706,1885,-1179
113000070,3123,1902,1221
113000071,589,976,-387
113000072,786,851,-65
113000073,746,2227,-1481
113000074,1270,750,520
113000075,2306,1087,1219
113000076,1042,2448,-1406
113000077,1709,752,957
113000078,1168,3453,-2285
113000079,2082,1096,986
113000080,1207,804,403
113000081,1906,1244,662
113000082,3002,1120,1882
113000083,815,1178,-363
113000084,2417,1745,672
113000085,1342,1168,174
113000086,2810,1778,1032
113000087,2529,1243,1286
113000088,3015,1821,1194
113000089,1195,2279,-1084
113000090,284,763,-479
113000091,718,429,289
113000094,1666,244,1422
113000095,336,1047,-711
113000096,235,883,-648
113000097,1365,623,742
113000098,246,52,194
113000099,1500,501,999
113000100,318,610,-292
113000101,397,797,-400
113000102,612,442,170
113000103,2612,935,1677
113000104,612,2486,-1874
113000105,1198,638,560
113000106,607,1042,-435
113000107,949,948,1
113000108,1009,1885,-876
113000109,751,2753,-2002
113000110,1994,708,1286
113000111,172,644,-472
113000112,356,394,-38
113000113,2054,461,1593
113000114,412,2017,-1605
113000116,1125,449,676
113000117,1250,154,1096
113000118,157,1104,-947
113000119,590,512,78
113000120,204,447,-243
113000121,1759,1360,399
113000124,460,200,260
113000125,89,896,-807
113000127,4121,589,3532
113000128,580,852,-272
113000129,792,1214,-422
113000133,3269,2838,431
113000134,7,1358,-1351
113000135,4370,6202,-1832
113000137,2901,3972,-1071
113000139,580,290,290
113000140,216,321,-105
113000141,685,283,402
113000142,1323,1852,-529
113000143,381,249,132
113000144,431,882,-451
113000145,86,288,-202
113000146,142,128,14
113000147,258,190,68
113000148,208,213,-5
113000149,125,219,-94
113000150,815,486,329
113000151,86,87,-1
113000152,27,137,-110
113000153,1920,807,1113
113000154,1058,2103,-1045
113000155,472,820,-348
113000156,190,518,-328
113000157,389,1196,-807
113000158,924,419,505
113000159,1207,1009,198
113000160,695,1509,-814
113000161,358,673,-315
113000162,866,821,45
113000163,408,70,338
113000164,34,125,-91
113000166,209,165,44
113000167,65,208,-143
113000168,114,173,-59
113000169,188,159,29
113000170,94,163,-69
113000171,71,129,-58
113000172,259,102,157
113000173,77,31,46
113000174,140,647,-507
113000175,480,119,361
113000176,653,246,407
113000177,226,674,-448
113000178,242,515,-273
113000179,337,247,90
113000180,922,1571,-649
113000181,1459,1329,130
113000182,367,624,-257
113000183,219,777,-558
113000184,37,151,-114
113000189,653,1111,-458
113000190,1485,790,695
113000192,1984,2549,-565
113000193,5369,1310,4059
113000194,2716,1661,1055
113000195,3992,1037,2955
113000196,308,133,175
113000197,4982,1489,3493
113000198,112,480,-368
113000199,2827,474,2353
113000201,483,368,115
113000202,5208,2225,2983
113000203,365,255,110
113000204,2003,2579,-576
113000205,17,27,-10
113000206,5,52,-47
113000207,97,27,70
113000208,46,66,-20
113000209,18,33,-15
113000210,12,29,-17
113000211,143,208,-65
113000212,99,25,74
113000213,51,175,-124
113000214,180,274,-94
113000234,230,1399,-1169
113000410,533,356,177
113000411,4450,6242,-1792
113000412,9280,3468,5812
113000413,3930,3762,168
113000414,10556,22873,-12317
113000415,3223,4707,-1484
113000416,12852,6568,6284
113000417,4116,4656,-540
113000418,6725,4329,2396
113000419,2451,2748,-297
113000420,5669,7644,-1975
113000421,4843,8748,-3905
113000422,17923,14093,3830
113000423,2782,6404,-3622
113000424,4412,10586,-6174
113000425,4,127,-123
113000428,149,39,110
113000430,23,82,-59
113000432,2434,294,2140
113000433,172,1327,-1155
113000434,22,205,-183
113000435,68,1025,-957
113000436,40,1802,-1762
113000437,1102,37,1065
113000438,323,20,303
113000439,35,143,-108
113000440,105,30,75
113000441,194,259,-65
113000442,125,257,-132
113000443,189,319,-130
113000444,168,275,-107
113000445,105,134,-29
113000446,31,86,-55
113000448,180,251,-71
113000449,343,799,-456
113000450,787,2955,-2168
113000451,1548,247,1301
113000452,458,513,-55
113000453,51,366,-315
113000454,1474,27,1447
113000455,11,284,-273
113000456,5855,3555,2300
113000468,2335,427,1908
113000469,166,227,-61
113000470,498,58,440
113000471,20,457,-437
113000472,121,486,-365
113000474,665,766,-101
113000475,2157,2386,-229
113000476,1604,2502,-898
113000477,4003,2732,1271
113000478,6462,6936,-474
113000479,115,312,-197
113000480,152,158,-6
113000481,0,0,0
113000482,0,0,0
113000483,0,0,0
113000485,2,0,2
113000486,7,0,7
113000487,1,0,1
113000488,0,0,0
113000489,0,5,-5
113000490,0,0,0
113000491,6,18,-12
113000492,2,2,0
113000493,2,0,2
113000495,166,166,0
113000496,72,82,-10
113000497,0,1,-1
113000498,0,0,0
113000499,0,0,0
113000500,0,2,-2
113900001,6,298,-292
113900002,0,229,-229
113900003,1,152,-151
113900004,1,59,-58
113900005,0,91,-91
113900006,21,27,-6
113900007,164,32,132
113900008,147,2,145
113900009,229,0,229
113900010,214,4,210
113900011,107,4,103
113900012,33,2,31
113900013,537,12,525
113900014,674,0,674
113900015,0,62,-62
113900016,21,0,21
113900017,2,47,-45
113900018,589,313,276
113900019,171,121,50
113900020,181,3,178
113900022,22,0,22
113900023,32,0,32
113900024,159,81,78
113900025,472,61,411
113900026,66,0,66
113900027,4,68,-64
113900028,55,644,-589
113900029,71,242,-171
113900030,240,3,237
113900031,15,1,14
113900032,43,0,43
113900033,76,132,-56
113900035,73,0,73
113900036,9,95,-86
113900037,222,530,-308
113900038,35,135,-100
113900039,183,23,160
113900040,13,14,-1
113900041,9,3,6
113900042,71,68,3
113900043,219,232,-13
113900044,382,354,28
113900045,99,2,97
113900046,518,753,-235
113900047,34,78,-44
113900048,325,119,206
113900049,931,385,546
113900050,254,475,-221
113900051,287,626,-339
113900052,236,212,24
113900053,909,762,147
113900054,35,13,22
113900055,119,503,-384
113900056,38,91,-53
113900057,14,134,-120
113900058,109,202,-93
113900059,260,437,-177
113900060,475,335,140
113900061,1644,378,1266
113900062,90,21,69
113900063,58,96,-38
113900064,60,186,-126
113900065,550,44,506
113900066,413,437,-24
113900067,254,374,-120
113900068,563,554,9
113900069,52,33,19
113900070,245,734,-489
113900071,57,46,11
113900072,80,199,-119
113900073,238,486,-248
113900074,120,415,-295
113900075,1558,1233,325
113900076,227,21,206
113900077,116,228,-112
113900078,30,47,-17
113900079,2,51,-49
113900080,760,302,458
113900081,84,313,-229
113900082,111,362,-251
113900083,323,611,-288
113900084,338,119,219
113900085,59,349,-290
113900086,12,6,6
113900087,139,285,-146
113900088,69,122,-53
113900089,547,74,473
113900090,792,530,262
113900091,59,27,32
113900092,109,120,-11
113900093,134,902,-768
113900094,542,778,-236
113900095,121,159,-38
113900096,338,109,229
113900097,169,140,29
113900098,753,111,642
113900099,0,65,-65
113900100,1,8,-7
113900101,31,113,-82
113900102,165,208,-43
113900103,333,517,-184
113900104,149,241,-92
113900105,84,371,-287
113900106,2,101,-99
113900107,1,55,-54
113900108,307,380,-73
113900109,456,217,239
113900110,97,11,86
113900111,151,149,2
113900112,170,135,35
113900113,1730,680,1050
113900114,2,163,-161
113900115,5,150,-145
113900116,142,250,-108
113900117,156,39,117
113900118,308,423,-115
113900119,327,592,-265
113900120,48,45,3
113900121,72,171,-99
113900122,496,2163,-1667
113900123,570,250,320
113900124,3,96,-93
113900125,1356,167,1189
113900126,329,66,263
113900127,430,916,-486
113900128,129,136,-7
113900129,8,154,-146
113900130,20,33,-13
113900131,297,100,197
113900132,50,70,-20
113900133,26,85,-59
113900135,270,454,-184
113900136,197,91,106
113900137,366,307,59
113900138,82,245,-163
113900139,516,181,335
113900140,516,481,35
113900141,684,512,172
113900142,125,98,27
113900143,10,49,-39
113900144,500,310,190
113900145,524,237,287
113900146,223,74,149
113900148,172,482,-310
113900149,209,108,101
113900150,982,844,138
113900151,492,304,188
113900152,58,52,6
113900153,372,877,-505
113900154,5,169,-164
113900155,301,255,46
113900156,241,656,-415
113900157,58,382,-324
113900158,834,633,201
113900159,57,287,-230
113900160,1680,787,893
113900161,188,258,-70
113900162,1110,1183,-73
113900163,326,376,-50
113900164,308,62,246
113900165,1537,735,802
113900166,419,224,195
113900167,267,54,213
113900168,159,164,-5
113900169,427,563,-136
113900171,294,138,156
113900172,16,265,-249
113900173,76,750,-674
113900174,617,997,-380
113900175,401,186,215
113900176,634,1102,-468
113900177,457,227,230
113900178,1660,193,1467
113900179,17,642,-625
113900180,204,134,70
113900181,669,154,515
113900182,1166,1727,-561
113900183,74,92,-18
113900184,7,643,-636
113900185,153,128,25
113900186,70,64,6
113900187,34,208,-174
113900188,53,258,-205
113900189,319,135,184
113900190,338,181,157
113900191,136,369,-233
113900192,13,727,-714
113900193,35,322,-287
113900194,2074,1388,686
113900195,330,508,-178
113900196,16,192,-176
113900197,3,226,-223
113900198,48,225,-177
113900199,313,980,-667
113900200,29,388,-359
113900201,2,212,-210
113900202,52,410,-358
113900203,0,165,-165
113900204,50,671,-621
113900205,20,206,-186
113900206,10,198,-188
113900207,4,86,-82
113900208,2,77,-75
113900209,0,95,-95
113900210,760,1146,-386
113900211,269,92,177
113900212,269,635,-366
113900214,502,487,15
113900215,41,246,-205
113900216,76,1265,-1189
113900217,55,344,-289
113900218,250,118,132
113900219,112,401,-289
113900220,145,125,20
113900221,459,336,123
113900222,347,906,-559
113900223,179,1335,-1156
113900224,91,74,17
113900225,716,358,358
113900226,450,134,316
113900227,1112,291,821
113900228,376,613,-237
113900229,73,1149,-1076
113900230,6430,4331,2099
113900231,258,286,-28
113900232,136,112,24
113900233,123,123,0
113900234,416,718,-302
113900235,111,42,69
113900236,130,461,-331
113900237,215,25,190
113900238,326,690,-364
113900239,63,127,-64
113900240,10,203,-193
113900241,143,68,75
113900242,47,160,-113
113900243,131,562,-431
113900244,455,292,163
113900245,1447,360,1087
113900246,20,28,-8
113900247,202,561,-359
113900248,3812,2459,1353
113900249,1236,493,743
113900250,85,157,-72
113900251,703,269,434
113900252,589,19,570
113900253,789,66,723
113900254,1121,195,926
113900255,561,41,520
113900256,374,29,345
113900257,55,768,-713
113900258,22,599,-577
113900259,537,339,198
113900260,232,19,213
113900261,61,129,-68
113900262,150,722,-572
113900263,262,936,-674
113900264,21,604,-583
113900265,466,474,-8
113900266,24,299,-275
113900267,127,642,-515
113900268,427,585,-158
113900269,120,250,-130
113900270,484,1006,-522
113900271,875,1978,-1103
113900273,195,22,173
113900274,74,43,31
113900275,38,104,-66
113900276,3,238,-235
113900277,201,5,196
113900278,394,266,128
113900279,117,117,0
113900280,1856,675,1181
113900281,883,1718,-835
113900282,1124,749,375
113900283,493,681,-188
113900284,1056,187,869
113900285,262,61,201
113900286,93,164,-71
113900287,41,93,-52
113900288,5,202,-197
113900289,1304,141,1163
113900290,372,217,155
113900291,217,277,-60
113900292,18,7,11
113900293,3,407,-404
113900294,496,44,452
113900295,587,486,101
113900296,2666,527,2139
113900297,3920,75,3845
113900298,12,2264,-2252
113900299,77,225,-148
113900300,6739,5179,1560
113900301,916,292,624
113900302,3404,1044,2360
113900303,724,567,157
113900304,2,217,-215
113900305,106,0,106
113900306,35,0,35
113900307,110,1,109
113900308,151,192,-41
113900309,7,1103,-1096
113900310,1,17,-16
113900311,2,0,2
113900312,238,223,15
113900313,12,10,2
114000001,1362,3944,-2582
114000002,307,482,-175
114000003,61,578,-517
114000004,461,584,-123
114000005,303,511,-208
114000006,3282,3135,147
114000007,873,2049,-1176
114000008,1722,2662,-940
114000009,814,414,400
114000011,3013,3564,-551
114000012,3861,2852,1009
114000013,2216,2214,2
114000014,639,526,113
114000015,3637,700,2937
114000016,289,422,-133
114000017,113,380,-267
114000018,353,62,291
114000026,1926,1858,68
114000027,3222,2732,490
114000028,3497,3527,-30
114000038,333,302,31
114000039,112,72,40
114000040,87,369,-282
114000042,145,215,-70
114000043,69,167,-98
114000044,186,65,121
114000045,95,124,-29
114000046,6540,6614,-74
114000047,20,102,-82
114000048,94,48,46
114000049,1919,2654,-735
114000050,1903,3654,-1751
114000051,3691,2997,694
114000052,7216,1960,5256
114000053,211,654,-443
114000054,350,1177,-827
114000055,905,54,851
114000056,1615,1171,444
114000057,8165,2986,5179
114000058,893,1983,-1090
114000059,447,443,4
114000060,812,1424,-612
114000061,4929,3441,1488
114000062,3392,2010,1382
114000063,3483,2377,1106
114000064,8355,4835,3520
114000065,2117,3197,-1080
114000066,740,761,-21
114000067,40,854,-814
114000068,580,1150,-570
114000069,1186,1150,36
114000070,2589,2152,437
114000071,881,913,-32
114000072,1071,498,573
114000073,13,116,-103
114000074,62,26,36
114000075,46,213,-167
114000076,13,179,-166
114000077,10,64,-54
114000078,1136,1227,-91
114000079,246,66,180
114000080,173,110,63
114000081,124,109,15
114000082,66,694,-628
114000083,115,405,-290
114000084,517,120,397
114000085,157,947,-790
114000086,422,613,-191
114000087,176,269,-93
114000088,60,73,-13
114000089,1417,571,846
114000090,1186,1380,-194
114000091,1980,1379,601
114000092,1259,887,372
114000093,1833,1397,436
114000094,413,498,-85
114000095,303,173,130
114000096,244,542,-298
114000097,182,1008,-826
114000098,467,82,385
114000099,666,800,-134
114000100,1514,1074,440
114000101,537,1286,-749
114000102,926,509,417
114000103,298,500,-202
114000104,514,430,84
114000105,465,183,282
114000106,1264,1195,69
114000107,706,204,502
114000108,1897,1460,437
114000109,501,1401,-900
114000110,809,2033,-1224
114000111,1959,1712,247
114000112,636,2035,-1399
114000113,1559,487,1072
114000114,1873,1720,153
114000115,2750,1374,1376
114000116,1165,1680,-515
114000117,2827,673,2154
114000118,2572,706,1866
114000119,1758,678,1080
114000120,628,1338,-710
114000121,437,983,-546
114000122,515,394,121
114000123,2046,732,1314
114000124,870,527,343
114000125,1191,1886,-695
114000126,6295,412,5883
114000127,590,314,276
114000128,1094,647,447
114000130,737,807,-70
114000131,459,277,182
114000132,823,882,-59
114000133,1237,1966,-729
114000134,89,233,-144
114000138,79,309,-230
114000139,558,285,273
114000144,977,601,376
114000145,114,339,-225
114000146,136,365,-229
114000147,1633,1920,-287
114000148,2643,2626,17
114000149,526,578,-52
114000150,801,935,-134
114000151,926,1359,-433
114000152,252,47,205
114000153,986,2715,-1729
114000154,920,1116,-196
114000155,4568,2642,1926
114000156,1209,897,312
114000157,558,1287,-729
114000158,2099,1256,843
114000159,227,757,-530
114000160,120,543,-423
114000161,1520,3775,-2255
114000162,1186,2980,-1794
114000163,22,147,-125
114000165,682,352,330
114000166,1231,669,562
114000167,4591,2106,2485
114000168,1079,1035,44
114000169,1954,1346,608
114000170,1923,1461,462
114000171,1333,3406,-2073
114000174,283,696,-413
114000176,791,657,134
114000177,2668,1353,1315
114000178,167,90,77
114000179,1400,1125,275
114000180,668,1124,-456
114000181,2100,4601,-2501
114000182,4186,3270,916
114000183,1544,1598,-54
114000184,6261,1750,4511
114000185,1660,1473,187
114000189,1128,136,992
114000190,2900,329,2571
114000191,60,114,-54
114000192,449,2091,-1642
114000193,1039,4095,-3056
114000194,1483,1728,-245
114000195,179,55,124
114000196,3,352,-349
114000197,1327,74,1253
114000198,1135,498,637
114000199,2614,2223,391
114000200,748,2406,-1658
114000201,193,1134,-941
114000202,2653,775,1878
114000203,548,984,-436
114000204,246,585,-339
114000205,492,1979,-1487
114000206,788,1599,-811
114000207,829,2677,-1848
114000208,566,3873,-3307
114000209,784,3264,-2480
114000210,327,1850,-1523
114000211,1114,3321,-2207
114000212,1037,950,87
114000213,1692,787,905
114000214,121,244,-123
114000215,261,93,168
114000216,2605,1114,1491
114000217,338,626,-288
114000218,125,437,-312
114000219,1349,384,965
114000220,30,1123,-1093
114000221,1036,287,749
114000222,219,1340,-1121
114000223,601,186,415
114000224,141,851,-710
114000225,273,774,-501
114000226,151,318,-167
114000227,1361,625,736
114000228,1036,1130,-94
114000229,1358,1894,-536
114000230,2436,1752,684
114000231,1100,1627,-527
114000232,653,167,486
114000233,2385,163,2222
114000234,1156,1259,-103
114000235,1215,2253,-1038
114000236,1,549,-548
114000237,119,1286,-1167
114000238,439,198,241
114000239,375,1547,-1172
114000240,1392,1074,318
114000241,369,1127,-758
114000242,1163,1073,90
114000243,2527,1106,1421
114000244,2276,539,1737
114000245,527,806,-279
114000246,183,44,139
114000247,2897,1001,1896
114000248,2500,677,1823
114000249,553,914,-361
114000250,586,1060,-474
114000251,387,387,0
114000252,80,90,-10
114000253,217,228,-11
114000254,76,102,-26
114000255,734,322,412
114000256,2186,2284,-98
114000257,587,1895,-1308
114000258,1240,653,587
114000259,878,317,561
114000260,1,46,-45
114000261,72,44,28
114000262,987,224,763
114000263,25,3,22
114000264,1697,849,848
114000265,0,11,-11
114000267,6,4851,-4845
114000268,9,2106,-2097
114000270,203,56,147
114000271,1224,127,1097
114000283,2309,725,1584
114000285,45,320,-275
114000288,83,370,-287
114000289,1426,364,1062
114000293,225,578,-353
114000294,164,394,-230
114000395,3796,78,3718
114000396,602,591,11
114000402,446,402,44
114000403,306,509,-203
114000405,172,757,-585
114000423,342,606,-264
114000424,668,293,375
114000425,728,666,62
114000426,336,1231,-895
114000427,69,94,-25
114000428,217,178,39
114000429,18,263,-245
114000432,115,165,-50
114000434,38,165,-127
114000435,14,438,-424
114900001,984,1534,-550
114900002,2558,161,2397
114900003,708,2212,-1504
114900004,371,540,-169
114900005,709,1212,-503
114900006,323,109,214
114900007,475,18,457
114900008,233,155,78
114900010,3277,2129,1148
114900011,277,241,36
114900013,282,213,69
114900015,80,655,-575
114900018,1062,24,1038
114900020,281,133,148
114900021,414,421,-7
114900022,40,834,-794
114900024,318,354,-36
114900025,743,368,375
114900026,60,184,-124
114900027,395,336,59
114900029,21,36,-15
114900030,460,287,173
114900031,339,39,300
114900032,397,54,343
114900033,1649,788,861
114900034,84,264,-180
114900035,202,389,-187
114900036,307,925,-618
114900037,141,293,-152
114900038,242,907,-665
114900039,697,720,-23
114900040,116,241,-125
114900041,718,737,-19
114900042,803,1065,-262
114900043,830,408,422
114900044,289,46,243
114900045,196,471,-275
114900046,89,169,-80
114900047,251,1892,-1641
114900048,176,316,-140
114900049,12,242,-230
114900050,38,499,-461
114900051,45,499,-454
114900052,445,320,125
114900053,429,333,96
114900054,95,204,-109
114900057,250,7,243
114900058,0,149,-149
114900059,75,80,-5
114900060,1533,1066,467
114900061,148,242,-94
114900062,396,463,-67
114900063,74,342,-268
114900064,1375,867,508
114900065,404,870,-466
114900067,341,620,-279
114900068,99,228,-129
114900069,299,246,53
114900070,712,652,60
114900072,5,533,-528
114900073,1,346,-345
114900074,649,905,-256
114900075,307,10,297
114900076,14,617,-603
114900080,2424,602,1822
114900082,4818,2202,2616
114900083,2864,1627,1237
114900084,96,71,25
114900090,469,401,68
114900091,169,286,-117
114900095,465,178,287
114900096,635,968,-333
114900097,104,0,104
114900098,14,280,-266
114900099,354,20,334
115000001,7836,6108,1728
115000002,4022,4981,-959
115000003,6906,4933,1973
115000004,4250,8607,-4357
115000005,2436,3246,-810
115000006,1055,2289,-1234
115000007,98,248,-150
115000008,585,632,-47
115000009,209,319,-110
115000010,368,221,147
115000013,103,237,-134
115000015,64,336,-272
115000016,293,399,-106
115000019,147,746,-599
115000020,180,808,-628
115000021,351,751,-400
115000022,655,615,40
115000023,470,663,-193
115000024,1526,617,909
115000025,1064,885,179
115000026,192,621,-429
115000027,339,356,-17
115000028,290,1269,-979
115000029,640,160,480
115000030,1284,1408,-124
115000031,1440,659,781
115000032,10,317,-307
115000033,275,45,230
115000034,174,1353,-1179
115000035,1428,114,1314
115000036,2,540,-538
115000037,755,10,745
115000038,64,173,-109
115000039,4995,4352,643
115000040,11312,4200,7112
115000041,2387,4331,-1944
115000042,2307,974,1333
115000043,4505,2800,1705
115000044,4578,5268,-690
115000045,3232,2746,486
115000046,2482,3086,-604
115000047,2399,2018,381
115000048,1733,3810,-2077
115000049,2033,4826,-2793
115000050,3818,3150,668
115000051,1959,3735,-1776
115000052,2982,2413,569
115000053,1987,2065,-78
115000054,781,1698,-917
115000055,199,637,-438
115000056,312,761,-449
115000057,873,870,3
115000058,691,282,409
115000059,363,239,124
115000061,386,139,247
115000062,226,431,-205
115000063,501,497,4
115000064,345,170,175
115000065,52,509,-457
115000067,292,30,262
115000069,75,487,-412
115000070,44,1301,-1257
115000071,198,17,181
115000072,12,142,-130
115000073,1558,67,1491
115000075,152,73,79
115000076,5829,4277,1552
115000077,3968,3516,452
115000078,1567,2069,-502
115000079,3375,2804,571
115000080,4573,3482,1091
115000081,550,1478,-928
115000082,4552,4582,-30
115000083,2579,3523,-944
115000084,2375,1591,784
115000085,959,1486,-527
115000086,1171,1246,-75
115000087,520,1995,-1475
115000088,1998,1022,976
115000089,1681,1546,135
115000090,775,1367,-592
115000091,316,1259,-943
115000092,459,373,86
115000093,558,2,556
115000094,9150,6702,2448
115000095,6372,7289,-917
115000096,704,2194,-1490
115000097,909,1190,-281
115000098,1221,1141,80
115000099,2851,4050,-1199
115000100,1123,605,518
115000101,545,2210,-1665
115000102,488,377,111
115000103,351,877,-526
115000105,59,237,-178
115000106,606,406,200
115000107,255,703,-448
115000108,4258,3460,798
115000109,6141,5234,907
115000110,2002,1751,251
115000111,934,2857,-1923
115000112,939,919,20
115000113,878,1358,-480
115000114,3630,1177,2453
115000116,6298,3291,3007
115000117,6182,5028,1154
115000118,4064,2374,1690
115000119,3586,3614,-28
115000120,793,1510,-717
115000121,2051,1514,537
115000122,6380,3094,3286
115000123,2507,3144,-637
115000124,1457,1223,234
115000125,721,782,-61
115000126,217,412,-195
115000127,424,168,256
115000128,830,997,-167
115000129,468,516,-48
115000130,529,1362,-833
115000131,884,378,506
115000132,456,584,-128
115000133,981,472,509
115000134,1366,431,935
115000135,1349,333,1016
115000136,620,378,242
115000137,211,275,-64
115000138,307,367,-60
115000139,270,321,-51
115000140,321,276,45
115000141,207,393,-186
115000142,217,349,-132
115000143,792,724,68
115000144,574,108,466
115000145,244,490,-246
115000146,1617,400,1217
115000147,1118,619,499
115000148,309,1435,-1126
115000149,682,349,333
115000150,744,1368,-624
115000151,1227,1049,178
115000152,825,1732,-907
115000153,1269,1490,-221
115000154,823,685,138
115000155,743,1294,-551
115000156,1324,1120,204
115000157,972,1133,-161
115000158,963,547,416
115000159,1011,728,283
115000160,999,847,152
115000161,602,721,-119
115000162,901,993,-92
115000163,796,755,41
115000164,1020,706,314
115000165,513,624,-111
115000167,241,104,137
115000168,886,537,349
115000169,861,453,408
115000170,349,227,122
115000171,378,267,111
115000172,1807,900,907
115000173,651,655,-4
115000174,820,577,243
115000175,492,271,221
115000176,205,167,38
115000177,280,142,138
115000178,26,368,-342
115000179,91,35,56
115000180,194,914,-720
115000181,689,248,441
115000182,1181,469,712
115000183,390,1207,-817
115000186,711,364,347
115000187,265,1016,-751
115000188,414,640,-226
115000189,272,579,-307
115000190,882,514,368
115000191,394,709,-315
115000194,228,331,-103
115000195,420,368,52
115000196,623,157,466
115000197,1014,387,627
115000198,359,282,77
115000199,441,291,150
115000200,715,169,546
115000201,275,530,-255
115000206,883,134,749
115000207,143,449,-306
115000208,656,916,-260
115000209,1742,567,1175
115000210,268,262,6
115000211,427,328,99
115000212,1811,400,1411
115000218,141,120,21
115000219,57,75,-18
115000224,455,83,372
115000225,65,102,-37
115000229,254,224,30
115000230,138,593,-455
115000231,319,2395,-2076
115000232,1523,393,1130
115000233,243,279,-36
115000234,23,421,-398
115000241,105,394,-289
115000242,112,459,-347
115000243,65,335,-270
115000244,9,120,-111
115000246,50,25,25
115000247,78,18,60
115000248,29,47,-18
115000249,59,37,22
115000250,316,53,263
115000251,302,281,21
115000252,128,347,-219
115000253,25,562,-537
115000258,307,371,-64
115000259,505,285,220
115000261,25,43,-18
115000262,32,19,13
115000263,28,42,-14
115000264,24,56,-32
115000267,73,97,-24
115000268,43,152,-109
115000269,133,74,59
115000270,105,30,75
115000272,85,201,-116
115000273,414,70,344
115000274,326,367,-41
115000280,2068,216,1852
115000281,639,677,-38
115000282,1786,1053,733
115000284,363,235,128
115000296,1580,19,1561
115000297,252,158,94
115000298,133,458,-325
115000300,254,241,13
115000302,753,261,492
115000303,822,221,601
115000304,878,174,704
115000305,149,1084,-935
115000306,294,451,-157
115000307,238,214,24
115000308,26,15,11
115000310,1005,1307,-302
115000311,833,1616,-783
115000313,167,998,-831
115000314,479,221,258
115000315,1106,545,561
115000316,83,177,-94
115000317,340,692,-352
115000318,1076,599,477
115000319,71,396,-325
115000320,22,375,-353
115000321,537,31,506
115000322,42,311,-269
115000449,364,183,181
115000557,49,1114,-1065
115000558,508,101,407
115000587,523,777,-254
115000588,3093,3962,-869
115000589,4588,3125,1463
115000590,1673,1797,-124
115000591,2550,919,1631
115000592,863,2146,-1283
115000593,1812,777,1035
115000594,1400,2560,-1160
115000609,111,265,-154
115000617,2900,4330,-1430
115000624,198,47,151
115000633,611,3127,-2516
115000634,3384,1108,2276
115000635,673,178,495
115000638,1114,1028,86
115000641,69,127,-58
115000642,573,606,-33
115000643,157,885,-728
115000644,164,828,-664
115000646,1308,2160,-852
115000647,229,666,-437
115000648,1877,2855,-978
115000893,3979,1598,2381
115000894,252,1646,-1394
115000895,499,1042,-543
115000896,1478,331,1147
115000897,808,190,618
115000898,1032,277,755
115000899,770,1367,-597
115000900,176,416,-240
115000901,98,193,-95
115000912,374,147,227
115000913,3,22,-19
115000915,46,0,46
115000916,10,9,1
115000917,0,6,-6
115000918,113,765,-652
115000919,6,17,-11
115000920,67,81,-14
115000921,1121,240,881
115000922,1176,708,468
115000923,530,960,-430
115000925,96,106,-10
115000927,29,78,-49
115000933,184,234,-50
115900001,104,69,35
115900002,114,190,-76
115900003,287,188,99
115900004,2,88,-86
115900005,161,10,151
115900006,170,356,-186
115900008,41,12,29
115900009,99,362,-263
115900010,291,239,52
115900011,856,396,460
115900012,130,88,42
115900013,539,257,282
115900014,125,232,-107
115900015,226,108,118
115900016,125,45,80
115900017,22,8,14
115900018,207,96,111
115900019,1315,40,1275
115900020,70,0,70
115900021,2381,683,1698
115900022,1163,18,1145
115900023,41,6,35
115900025,71,248,-177
115900026,1139,416,723
115900027,4,455,-451
115900028,1176,116,1060
115900029,39,641,-602
115900030,32,34,-2
115900031,428,413,15
115900032,664,1065,-401
115900033,1,84,-83
115900034,27,663,-636
115900035,30,29,1
115900036,77,826,-749
115900037,105,607,-502
115900038,47,13,34
115900039,174,260,-86
115900041,645,778,-133
115900042,28,2,26
115900043,99,126,-27
115900044,480,353,127
115900046,317,464,-147
115900047,180,150,30
115900049,198,378,-180
115900051,4,43,-39
115900052,17,307,-290
115900053,269,354,-85
115900054,210,96,114
115900055,26,171,-145
115900056,287,489,-202
115900057,64,10,54
115900058,37,78,-41
115900060,347,306,41
115900061,292,4,288
115900062,37,384,-347
115900063,103,19,84
115900064,234,315,-81
115900065,168,266,-98
115900066,253,223,30
115900067,12,843,-831
115900068,4033,1273,2760
115900069,132,209,-77
115900070,230,345,-115
115900071,0,640,-640
115900072,61,248,-187
115900073,94,73,21
115900074,2,362,-360
115900075,67,337,-270
115900076,10,112,-102
115900077,7,356,-349
115900078,415,214,201
115900079,251,28,223
115900080,616,389,227
115900081,26,72,-46
115900082,263,263,0
115900084,438,31,407
115900085,64,88,-24
115900086,2227,912,1315
115900088,13,41,-28
115900089,367,942,-575
115900090,304,23,281
115900091,18,60,-42
115900092,66,244,-178
115900093,4,36,-32
115900094,13,494,-481
115900096,4,29,-25
115900097,11,506,-495
115900098,134,487,-353
115900099,664,88,576
115900100,26,842,-816
115900101,137,418,-281
115900102,162,80,82
115900103,359,272,87
115900104,126,150,-24
115900105,303,819,-516
115900106,62,45,17
115900107,228,236,-8
115900108,91,75,16
115900109,86,643,-557
115900110,2,41,-39
115900111,3,111,-108
115900112,71,1312,-1241
115900113,35,80,-45
115900114,5,190,-185
115900115,102,345,-243
115900116,165,1250,-1085
115900117,66,39,27
115900118,8,345,-337
115900119,136,236,-100
115900120,34,542,-508
115900121,162,514,-352
115900124,976,914,62
115900125,361,106,255
115900126,716,125,591
115900127,807,95,712
115900128,18,231,-213
115900129,1002,88,914
115900130,36,252,-216
115900131,1483,60,1423
115900132,721,11,710
115900134,394,14,380
115900135,568,1381,-813
115900137,38,3,35
115900139,205,183,22
115900140,327,47,280
115900141,30,164,-134
115900142,29,91,-62
115900143,251,337,-86
115900144,108,317,-209
115900146,31,192,-161
115900147,385,344,41
115900148,42,15,27
115900149,61,23,38
115900150,83,61,22
115900151,18,113,-95
115900152,102,456,-354
115900153,204,330,-126
115900154,693,460,233
115900155,0,98,-98
115900156,780,1534,-754
115900157,183,749,-566
115900158,20,18,2
115900159,140,390,-250
115900160,26,12,14
115900161,345,323,22
115900163,237,259,-22
115900164,571,43,528
115900165,0,163,-163
115900166,243,250,-7
115900168,98,303,-205
115900171,146,582,-436
115900172,65,197,-132
115900173,267,195,72
115900174,373,260,113
115900175,135,345,-210
115900178,17,989,-972
115900179,288,13,275
115900180,50,309,-259
115900181,174,334,-160
115900182,494,431,63
115900183,402,125,277
115900184,2335,30,2305
115900187,17,130,-113
115900189,17,388,-371
115900190,959,1480,-521
115900191,50,628,-578
115900192,11,159,-148
115900193,1221,289,932
115900194,909,93,816
115900195,1073,2450,-1377
115900198,260,519,-259
115900199,232,462,-230
115900200,307,819,-512
115900201,513,597,-84
115900202,2,60,-58
115900203,3,9,-6
115900204,1,1,0
115900205,183,8,175
115900206,218,291,-73
115900207,32,46,-14
115900208,241,264,-23
115900209,7,232,-225
115900210,22,214,-192
115900211,4,336,-332
115900212,117,548,-431
115900213,346,98,248
115900214,542,403,139
115900215,20,113,-93
115900216,35,144,-109
115900217,119,81,38
115900218,6,41,-35
115900219,63,16,47
115900220,138,50,88
115900221,92,24,68
115900222,74,31,43
115900223,9,352,-343
115900224,1868,1305,563
115900225,75,43,32
115900226,19,66,-47
115900227,17,73,-56
115900228,25,50,-25
115900229,11,91,-80
115900230,63,171,-108
115900231,143,5,138
115900232,69,8,61
115900233,127,37,90
115900234,74,43,31
115900235,61,47,14
115900236,466,51,415
115900237,114,39,75
115900238,325,35,290
115900239,60,49,11
115900240,16,72,-56
115900241,205,284,-79
115900242,261,473,-212
115900243,22,28,-6
115900244,46,40,6
115900245,7,45,-38
115900246,86,10,76
115900247,51,30,21
115900248,30,10,20
115900249,4,30,-26
115900250,6,54,-48
115900251,1,19,-18
115900252,7,13,-6
115900253,14,56,-42
115900254,20,30,-10
115900255,1,18,-17
115900256,21,23,-2
115900257,1,13,-12
115900258,1,4,-3
115900259,3,8,-5
115900260,9,3,6
115900261,12,4,8
115900262,7,1,6
115900263,13,6,7
115900264,20,5,15
115900265,1,12,-11
115900266,5,12,-7
115900267,8,8,0
115900268,4,8,-4
115900269,476,779,-303
115900270,508,584,-76
116000001,17266,6623,10643
116000002,6192,12903,-6711
116000003,2211,2365,-154
116000004,2791,4422,-1631
116000005,5837,4131,1706
116000006,3878,2961,917
116000007,7101,5483,1618
116000008,10078,2760,7318
116000009,3080,3695,-615
116000010,2378,2038,340
116000011,1286,2743,-1457
116000012,1780,1518,262
116000013,13082,5914,7168
116000014,16795,11970,4825
116000015,590,1968,-1378
116000016,8822,4125,4697
116000017,49,893,-844
116000018,1031,523,508
116000019,1494,432,1062
116000020,822,1256,-434
116000021,510,294,216
116000022,400,477,-77
116000023,1358,948,410
116000024,1167,1249,-82
116000025,941,881,60
116000026,2357,3309,-952
116000027,1026,784,242
116000028,534,962,-428
116000029,1176,1087,89
116000030,925,509,416
116000031,263,443,-180
116000032,189,301,-112
116000033,255,301,-46
116000034,977,717,260
116000035,257,1009,-752
116000036,2653,1787,866
116000037,1073,872,201
116000038,528,534,-6
116000039,654,511,143
116000040,1143,308,835
116000041,430,651,-221
116000042,975,302,673
116000043,223,979,-756
116000044,8,63,-55
116000045,2528,1719,809
116000046,1703,1980,-277
116000047,2280,2761,-481
116000048,2653,2091,562
116000049,1477,3005,-1528
116000050,1872,1951,-79
116000051,7087,2887,4200
116000052,7134,6583,551
116000053,2267,1223,1044
116000054,809,3427,-2618
116000055,818,1413,-595
116000056,1056,1428,-372
116000057,4378,2649,1729
116000058,4751,3874,877
116000059,4465,6202,-1737
116000060,3504,1284,2220
116000061,427,1032,-605
116000062,899,333,566
116000063,651,1248,-597
116000066,271,674,-403
116000067,514,652,-138
116000068,253,318,-65
116000069,311,518,-207
116000078,593,1367,-774
116000080,2383,1623,760
116000082,20,132,-112
116000083,1770,624,1146
116000084,3323,5336,-2013
116000085,2644,2425,219
116000086,2298,1661,637
116000087,2266,2151,115
116000088,916,1605,-689
116000089,193,153,40
116000090,166,207,-41
116000091,1149,528,621
116000093,1006,707,299
116000094,833,1086,-253
116000095,1014,751,263
116000096,1126,2827,-1701
116000097,3655,1095,2560
116000098,58,11443,-11385
116000099,9391,392,8999
116000100,290,34,256
116000101,1167,1472,-305
116000102,261,1863,-1602
116000103,717,524,193
116000104,473,2132,-1659
116000105,1379,255,1124
116000106,2529,1289,1240
116000107,7996,530,7466
116000108,3357,215,3142
116000111,189,62,127
116000113,176,178,-2
116000114,92,230,-138
116000115,436,179,257
116000116,437,939,-502
116000117,1708,2375,-667
116000118,1711,2214,-503
116000119,3512,2279,1233
116000120,3375,6759,-3384
116000121,1001,760,241
116000122,1729,2876,-1147
116000123,1102,752,350
116000124,589,1587,-998
116000125,3567,1164,2403
116000126,598,2248,-1650
116000127,1326,1901,-575
116000128,1849,1258,591
116000129,1208,306,902
116000130,538,489,49
116000133,1103,1250,-147
116000134,2187,3511,-1324
116000135,2564,1982,582
116000136,1665,3083,-1418
116000137,1225,960,265
116000138,1444,811,633
116000139,2468,2531,-63
116000140,207,260,-53
116000141,407,1012,-605
116000142,4628,3822,806
116000143,2064,2239,-175
116000144,1940,3257,-1317
116000145,1849,1648,201
116000146,639,351,288
116000147,319,188,131
116000148,477,806,-329
116000149,818,883,-65
116000151,1044,903,141
116000153,124,530,-406
116000155,256,336,-80
116000156,763,1502,-739
116000157,77,22,55
116000158,294,476,-182
116000159,15,17,-2
116000160,25,108,-83
116000161,5,138,-133
116000162,137,135,2
116000163,35,8,27
116000164,7,26,-19
116000177,3305,136,3169
116000194,131,722,-591
116000195,1918,906,1012
116000196,59,5,54
116000197,23,11,12
116000198,3343,1438,1905
116000200,956,516,440
116000201,803,876,-73
116000202,27,431,-404
116000203,6,130,-124
116000204,20,90,-70
116000205,0,250,-250
116000206,0,127,-127
116000207,28,48,-20
116000233,296,749,-453
116000287,203,705,-502
116000288,274,317,-43
116000292,68,186,-118
116000296,31,168,-137
116000297,154,44,110
116000304,788,20,768
116000305,12,285,-273
116000346,205,153,52
116000352,180,60,120
116000354,74,12,62
116000357,48,44,4
116000358,571,64,507
116000361,120,6,114
116000372,7871,4621,3250
116000381,136,2,134
116000388,8,81,-73
116000389,1256,727,529
116000445,396,858,-462
116000446,577,987,-410
116000447,8,649,-641
116000448,785,342,443
116000563,1540,1197,343
116000565,86,688,-602
116000568,67,409,-342
116000579,50,234,-184
116000584,13,18,-5
116000585,30,24,6
116000586,151,198,-47
116000587,483,620,-137
116000589,102,135,-33
116000590,166,234,-68
116000591,221,395,-174
116000592,29,187,-158
116000593,0,25,-25
116000594,708,767,-59
116000595,936,247,689
116000596,114,3,111
116000597,383,207,176
116000598,22,380,-358
116000602,102,633,-531
116000605,717,249,468
116000606,136,517,-381
116000607,7,79,-72
116000609,245,1026,-781
116000611,167,704,-537
116000612,887,2553,-1666
116000613,569,404,165
116000614,456,888,-432
116000615,49,429,-380
116000616,58,104,-46
116000617,96,72,24
116000618,5,163,-158
116000619,211,136,75
116000620,84,56,28
116000621,62,137,-75
116000622,38,180,-142
116000624,654,171,483
116000628,1,131,-130
116000629,5,206,-201
116000630,121,3,118
116000631,57,3,54
116000632,514,186,328
116000633,17,197,-180
116000634,400,19,381
116900001,287,216,71
116900002,274,1,273
116900003,31,122,-91
116900004,34,85,-51
116900005,332,104,228
116900006,165,339,-174
116900007,165,221,-56
116900008,506,521,-15
116900009,34,12,22
116900010,3,2204,-2201
116900011,36,73,-37
116900012,920,300,620
116900013,4,301,-297
116900014,97,416,-319
116900015,387,83,304
116900016,239,1,238
116900017,4,939,-935
116900018,59,64,-5
116900019,16,495,-479
116900020,1346,1274,72
116900023,190,19,171
116900024,817,98,719
116900025,1471,1339,132
116900026,258,949,-691
116900027,36,79,-43
116900028,4,186,-182
116900029,2,81,-79
116900031,12,9,3
116900032,6,485,-479
116900033,19,20,-1
116900034,37,91,-54
116900035,171,270,-99
116900036,0,136,-136
116900038,326,5,321
116900041,54,36,18
116900042,1054,368,686
116900043,48,87,-39
116900045,452,91,361
116900047,52,160,-108
116900049,54,494,-440
116900050,198,650,-452
116900051,113,322,-209
116900052,299,88,211
116900055,1,16,-15
116900057,30,410,-380
116900058,55,551,-496
116900059,2,304,-302
116900060,209,276,-67
116900062,5,22,-17
116900064,106,1090,-984
116900065,51,179,-128
116900067,120,140,-20
116900068,179,349,-170
116900070,21,10,11
116900072,43,617,-574
116900073,13,221,-208
116900074,8,65,-57
116900076,6,86,-80
116900077,16,247,-231
116900078,328,220,108
116900079,32,353,-321
116900080,8,40,-32
116900081,553,1610,-1057
116900082,674,1192,-518
116900083,89,63,26
116900084,167,52,115
116900085,56,213,-157
116900086,83,288,-205
116900088,580,194,386
116900090,221,95,126
116900091,382,57,325
116900092,86,880,-794
116900093,2101,2085,16
116900094,6501,4177,2324
116900095,223,127,96
116900096,133,435,-302
116900097,4684,3458,1226
116900098,944,399,545
116900099,1425,836,589
116900100,1018,59,959
116900101,498,789,-291
116900103,3,3,0
116900104,115,128,-13
116900105,348,215,133
116900106,2291,325,1966
116900107,5698,3026,2672
116900110,13,0,13
116900111,525,1220,-695
116900112,244,1531,-1287
116900113,2783,1957,826
116900116,163,524,-361
116900117,442,151,291
116900118,885,842,43
116900120,468,145,323
116900121,691,46,645
116900122,1275,1201,74
116900123,184,1150,-966
116900124,213,1378,-1165
116900125,462,288,174
116900126,239,699,-460
116900128,5,51,-46
116900129,2,533,-531
116900130,951,3931,-2980
116900131,137,498,-361
116900132,55,189,-134
116900133,128,199,-71
116900134,327,412,-85
116900136,719,251,468
116900137,426,195,231
116900138,299,243,56
116900139,147,511,-364
116900140,271,201,70
116900141,1117,576,541
116900142,2,72,-70
116900143,508,823,-315
116900144,54,116,-62
116900145,141,292,-151
116900147,736,523,213
116900148,24,61,-37
116900149,86,310,-224
116900150,17,14,3
116900151,22,12,10
116900153,144,146,-2
116900154,830,800,30
116900155,148,118,30
116900157,552,506,46
116900158,246,371,-125
116900159,85,349,-264
116900160,1264,701,563
116900161,9411,6715,2696
116900162,8,139,-131
116900163,155,275,-120
116900164,228,88,140
116900165,266,231,35
116900166,39,101,-62
116900167,513,132,381
116900168,397,150,247
116900169,605,479,126
116900170,341,822,-481
116900171,99,262,-163
116900172,330,375,-45
116900173,235,47,188
116900174,93,89,4
116900175,215,216,-1
116900178,32,235,-203
116900179,164,343,-179
116900180,113,33,80
116900182,675,675,0
116900183,146,191,-45
116900185,54,56,-2
116900186,115,451,-336
116900187,131,57,74
116900188,166,34,132
116900189,167,1,166
116900191,465,1123,-658
116900192,362,223,139
116900194,154,1199,-1045
116900195,40,23,17
116900196,21,129,-108
116900197,120,33,87
116900198,276,253,23
116900200,67,57,10
116900201,106,15,91
116900202,161,64,97
116900203,199,27,172
116900204,49,117,-68
116900206,5,22,-17
116900207,31,64,-33
116900208,7,152,-145
116900209,18,165,-147
116900210,658,457,201
116900211,490,17,473
116900212,71,130,-59
116900213,254,205,49
116900214,248,278,-30
116900215,44,90,-46
116900216,528,370,158
116900218,23,332,-309
116900219,1893,604,1289
116900220,109,296,-187
116900221,103,527,-424
116900222,427,566,-139
116900223,119,503,-384
116900226,117,108,9
116900227,194,99,95
116900228,423,355,68
116900230,86,346,-260
116900231,54,568,-514
116900232,12,599,-587
116900233,318,162,156
116900234,22,16,6
116900235,218,457,-239
116900238,2171,536,1635
116900239,99,1629,-1530
116900240,8253,4619,3634
116900241,268,376,-108
116900242,466,579,-113
116900243,10,147,-137
116900245,23,27,-4
116900246,175,21,154
116900247,1388,81,1307
116900248,118,64,54
116900249,447,163,284
116900250,867,91,776
116900251,711,656,55
116900252,224,1388,-1164
116900253,151,144,7
116900254,42,86,-44
116900255,106,84,22
116900256,495,136,359
116900257,127,784,-657
116900258,8,437,-429
116900259,619,25,594
116900260,6,193,-187
116900261,84,4,80
116900262,358,347,11
116900263,0,10,-10
116900264,0,8,-8
116900265,52,9,43
116900266,16,77,-61
116900267,9,0,9
116900268,224,113,111
116900269,425,853,-428
116900271,2573,219,2354
116900272,367,493,-126
116900273,204,74,130
116900274,112,156,-44
116900275,182,157,25
116900276,461,160,301
116900277,933,36,897
116900278,6,15,-9
116900279,4,56,-52
116900280,30,62,-32
116900281,9712,4961,4751
116900282,3,196,-193
116900283,41,175,-134
116900284,21,350,-329
116900285,377,201,176
116900286,292,38,254
116900287,15,76,-61
116900288,80,174,-94
116900289,17,28,-11
116900290,5,47,-42
116900291,11,7,4
116900292,1,14,-13
116900293,33,105,-72
116900294,68,205,-137
116900295,113,25,88
116900296,56,23,33
116900297,9,61,-52
116900298,62,30,32
116900299,32,26,6
116900300,11,66,-55
116900301,49,64,-15
116900302,1904,1124,780
116900303,293,98,195
116900304,1,163,-162
116900305,11,72,-61
116900306,436,183,253
117000001,2313,2233,80
117000002,2720,6550,-3830
117000003,7770,4176,3594
117000004,4968,6741,-1773
117000005,2549,2468,81
117000006,1620,4347,-2727
117000007,3997,1641,2356
117000008,1450,4986,-3536
117000009,6447,2564,3883
117000010,3795,5387,-1592
117000011,3846,2233,1613
117000012,2097,1760,337
117000013,2079,1201,878
117000014,1479,2819,-1340
117000015,4032,1665,2367
117000016,444,118,326
117000017,367,140,227
117000018,457,793,-336
117000019,216,3,213
117000020,457,1993,-1536
117000021,2718,453,2265
117000022,525,109,416
117000023,379,175,204
117000024,503,227,276
117000025,702,1075,-373
117000026,2941,1153,1788
117000027,2498,2674,-176
117000028,4204,857,3347
117000030,219,149,70
117000032,1985,1654,331
117000033,2122,1669,453
117000034,245,119,126
117000036,221,154,67
117000038,209,398,-189
117000039,80,89,-9
117000040,225,1388,-1163
117000041,882,222,660
117000044,18,1020,-1002
117000045,431,93,338
117000046,573,796,-223
117000047,966,710,256
117000048,2838,1607,1231
117000049,235,926,-691
117000050,216,2993,-2777
117000051,3050,263,2787
117000052,67,504,-437
117000053,603,97,506
117000054,2847,21,2826
117000055,20,4691,-4671
117000056,817,52,765
117000057,763,3318,-2555
117000060,720,2086,-1366
117000061,1870,1115,755
117000062,308,929,-621
117000063,2062,1004,1058
117000064,1104,1153,-49
117000066,1748,1217,531
117000067,165,514,-349
117000074,293,246,47
117000076,438,74,364
117000077,313,256,57
117000078,172,891,-719
117000079,946,251,695
117000080,1,328,-327
117000081,1717,154,1563
117000082,18,103,-85
117000083,183,10,173
117000084,307,4,303
117000085,597,1024,-427
117000086,1780,746,1034
117000087,125,720,-595
117000088,325,266,59
117000089,1806,465,1341
117000090,358,1751,-1393
117000091,1064,500,564
117000092,459,1830,-1371
117000093,1238,1131,107
117000094,1748,4089,-2341
117000095,3968,1531,2437
117000096,741,3194,-2453
117000097,1615,1704,-89
117000098,3276,6814,-3538
117000099,3761,1838,1923
117000100,180,504,-324
117000101,237,1604,-1367
117000102,1683,1035,648
117000103,844,2586,-1742
117000104,1372,941,431
117000105,1067,2320,-1253
117000106,1219,1271,-52
117000107,971,2752,-1781
117000108,1995,1205,790
117000109,2210,3654,-1444
117000110,1754,1237,517
117000111,4882,5584,-702
117000112,4247,2554,1693
117000113,727,429,298
117000114,358,212,146
117000115,303,219,84
117000116,143,346,-203
117000117,2543,1586,957
117000118,526,258,268
117000119,221,191,30
117000120,369,541,-172
117000121,309,1153,-844
117000122,348,947,-599
117000123,2061,109,1952
117000124,1239,167,1072
117000125,527,131,396
117000126,78,68,10
117000127,239,506,-267
117000128,686,1099,-413
117000129,253,80,173
117000130,248,2,246
117000131,0,55,-55
117000132,6623,57,6566
117000133,1530,59,1471
117000134,0,68,-68
117000135,2,54,-52
117000136,3,53,-50
117000137,114,106,8
117000138,1,925,-924
117000140,631,2238,-1607
117000141,1868,863,1005
117000181,1149,489,660
117000182,312,876,-564
117000195,265,1578,-1313
117000196,402,130,272
117000225,93,16,77
117000226,26,145,-119
117000276,313,17,296
117000277,0,439,-439
117000310,2225,3264,-1039
117000315,57,860,-803
117000320,54,0,54
117000906,348,27,321
117000907,22,376,-354
117000908,31,45,-14
117000909,57,57,0
117000910,238,228,10
117000911,111,217,-106
117000915,10,779,-769
117000916,49,24,25
117000917,1454,78,1376
117000918,123,113,10
117000919,29,147,-118
117000920,5,1938,-1933
117000921,5,1900,-1895
117000922,59,142,-83
117000924,738,980,-242
117000926,1380,97,1283
117000927,3033,1362,1671
117000928,0,191,-191
117000929,256,472,-216
117000930,240,11,229
117000931,1158,195,963
117900002,147,490,-343
117900003,1206,534,672
117900005,27,25,2
117900006,0,39,-39
117900007,255,162,93
117900008,1,53,-52
117900010,281,186,95
117900011,58,61,-3
117900012,77,142,-65
117900013,0,323,-323
117900014,346,164,182
117900015,15,82,-67
117900016,1894,1269,625
117900017,1061,368,693
117900018,157,95,62
117900019,488,362,126
117900020,159,442,-283
117900021,57,100,-43
117900022,30,39,-9
117900023,854,219,635
117900024,62,102,-40
117900025,29,18,11
117900026,530,331,199
117900028,39,7,32
117900029,390,823,-433
117900030,431,333,98
117900031,280,135,145
117900032,1876,558,1318
117900033,295,798,-503
117900034,25,28,-3
117900035,943,123,820
117900036,288,621,-333
117900037,175,419,-244
117900038,31,450,-419
117900039,9,99,-90
117900040,141,641,-500
117900041,19,83,-64
117900042,5679,590,5089
117900043,49,69,-20
117900044,12,3516,-3504
117900045,236,209,27
117900048,303,422,-119
117900049,316,586,-270
117900050,6,50,-44
117900051,133,5,128
117900052,88,445,-357
117900053,1575,1011,564
117900054,3,34,-31
117900055,239,202,37
117900056,507,16,491
117900057,1559,2160,-601
117900058,866,1279,-413
117900059,425,149,276
117900060,2857,8445,-5588
117900061,22,230,-208
117900063,386,240,146
117900065,2015,1891,124
117900066,10,74,-64
117900067,454,255,199
117900069,887,448,439
117900070,202,19,183
117900071,112,223,-111
117900073,566,415,151
117900074,196,39,157
117900075,64,147,-83
117900076,10,60,-50
117900077,470,422,48
117900078,416,914,-498
117900080,161,73,88
117900081,768,495,273
117900082,510,441,69
117900083,373,595,-222
117900086,115,45,70
117900087,220,270,-50
117900088,4695,2737,1958
117900089,2438,824,1614
117900090,620,703,-83
117900091,167,259,-92
117900092,76,83,-7
117900093,102,315,-213
117900094,41,12,29
117900095,230,394,-164
117900096,120,421,-301
117900097,248,323,-75
117900098,39,4,35
117900099,156,313,-157
117900100,236,8,228
117900101,579,2223,-1644
117900102,65,220,-155
117900103,200,4,196
117900104,15,122,-107
117900105,174,333,-159
117900106,98,137,-39
117900107,41,2,39
117900109,667,560,107
117900110,448,18,430
117900111,821,24,797
117900112,133,53,80
117900113,4936,2061,2875
117900114,41,1,40
117900115,408,112,296
117900116,1127,1251,-124
117900117,632,711,-79
117900118,174,0,174
117900119,142,285,-143
117900120,187,107,80
117900121,138,25,113
117900122,2076,4538,-2462
117900123,724,572,152
117900124,2204,1038,1166
117900125,2222,2226,-4
117900126,394,797,-403
117900127,525,703,-178
117900128,401,964,-563
117900129,161,4,157
117900130,3934,542,3392
117900131,3,253,-250
117900132,9,193,-184
117900133,15,194,-179
117900134,75,360,-285
117900135,31,311,-280
117900136,0,68,-68
117900137,130,442,-312
117900138,0,51,-51
117900139,86,212,-126
117900140,4685,274,4411
117900141,328,301,27
117900142,214,32,182
117900144,110,159,-49
117900145,38,27,11
117900146,279,199,80
117900147,50,106,-56
117900148,3408,2194,1214
117900149,163,245,-82
117900150,96,74,22
117900151,28,114,-86
117900152,106,66,40
117900153,42,141,-99
117900154,456,874,-418
117900156,1287,996,291
117900157,153,656,-503
117900158,277,386,-109
117900160,772,706,66
117900161,4119,3116,1003
117900162,417,579,-162
117900163,148,93,55
117900165,0,17,-17
117900166,132,552,-420
117900168,38,346,-308
117900169,2,211,-209
117900170,2,69,-67
117900171,0,25,-25
117900172,30,76,-46
117900173,228,139,89
117900174,107,110,-3
117900175,8,64,-56
117900176,27,41,-14
117900177,24,62,-38
117900178,301,73,228
117900180,369,83,286
117900181,211,651,-440
117900182,4,70,-66
117900183,69,273,-204
117900184,99,92,7
117900185,61,80,-19
117900186,58,15,43
117900187,28,9,19
117900188,464,70,394
117900189,117,100,17
117900190,75,5,70
117900191,118,3,115
117900192,334,6,328
117900193,31,154,-123
117900194,16,13,3
117900195,221,157,64
117900196,18,62,-44
117900207,236,160,76
117900208,44,69,-25
117900209,147,306,-159
117900210,215,284,-69
117900211,35,297,-262
117900212,158,247,-89
117900213,31,31,0
117900214,12,40,-28
117900216,6,65,-59
117900217,78,490,-412
117900218,126,181,-55
117900219,16,161,-145
117900220,130,68,62
117900221,28,10,18
118000001,1387,882,505
118000002,1459,2750,-1291
118000003,2394,2802,-408
118000004,3453,2818,635
118000005,7378,6074,1304
118000006,9644,11760,-2116
118000007,7834,4066,3768
118000008,6228,4762,1466
118000009,2934,4979,-2045
118000010,7214,6263,951
118000011,1950,3747,-1797
118000012,1740,3525,-1785
118000013,4816,3613,1203
118000014,4906,4200,706
118000016,293,620,-327
118000017,498,511,-13
118000018,660,715,-55
118000019,3397,1843,1554
118000020,2939,3986,-1047
118000021,1087,3452,-2365
118000022,2877,1030,1847
118000023,1501,294,1207
118000024,3016,1492,1524
118000025,1832,2031,-199
118000027,19780,12467,7313
118000029,1453,865,588
118000032,1919,4198,-2279
118000033,4320,5778,-1458
118000034,8366,3477,4889
118000035,2133,3125,-992
118000036,1535,1302,233
118000037,975,1329,-354
118000038,221,90,131
118000039,115,385,-270
118000040,2359,1726,633
118000041,2784,2082,702
118000045,518,183,335
118000046,1991,609,1382
118000047,1609,1004,605
118000048,3705,1650,2055
118000051,4478,1562,2916
118000052,3227,886,2341
118000053,713,1082,-369
118000054,3908,2482,1426
118000055,2610,2455,155
118000056,2024,545,1479
118000057,744,578,166
118000058,4679,2334,2345
118000059,2788,1153,1635
118000060,1298,779,519
118000061,3246,1881,1365
118000062,757,443,314
118000063,425,707,-282
118000064,928,1533,-605
118000065,5249,2410,2839
118000066,896,1781,-885
118000067,1293,1105,188
118000068,2306,5303,-2997
118000069,4999,1759,3240
118000070,6857,2342,4515
118000071,4075,8483,-4408
118000072,2111,1330,781
118000073,3679,774,2905
118000074,1035,516,519
118000075,2208,527,1681
118000076,1527,2501,-974
118000077,1780,1651,129
118000078,2073,2435,-362
118000079,513,652,-139
118000080,1516,1182,334
118000081,1949,1352,597
118000082,353,1429,-1076
118000083,2427,2142,285
118000084,3907,2340,1567
118000086,288,890,-602
118000087,5801,3182,2619
118000088,2280,2038,242
118000089,4389,2484,1905
118000090,2091,3558,-1467
118000091,1682,2633,-951
118000092,1402,639,763
118000093,145,964,-819
118000096,647,961,-314
118000097,1018,710,308
118000098,324,294,30
118000099,685,1097,-412
118000101,1270,419,851
118000102,453,1709,-1256
118000107,2887,704,2183
118000108,980,2609,-1629
118000110,0,31,-31
118000111,3,498,-495
118000112,719,6,713
118000113,7,1004,-997
118000114,470,14,456
118000115,29,8,21
118000116,70,1,69
118000117,1398,940,458
118000118,1089,854,235
118000119,1431,1299,132
118000120,2160,1761,399
118000121,100,699,-599
118000122,1664,496,1168
118000123,65,294,-229
118000125,2045,1359,686
118000126,781,1865,-1084
118000127,2697,837,1860
118000128,1056,1419,-363
118000129,1342,476,866
118000130,3960,5748,-1788
118000131,1003,999,4
118000132,2987,2190,797
118000133,992,498,494
118000135,757,528,229
118000136,150,541,-391
118000137,969,86,883
118000138,675,903,-228
118000139,390,111,279
118000140,5029,5299,-270
118000141,2680,2605,75
118000142,2221,2213,8
118000143,2608,1674,934
118000144,2768,1399,1369
118000145,2670,2904,-234
118000146,1519,1177,342
118000147,1172,2467,-1295
118000148,1107,1744,-637
118000149,1058,1121,-63
118000150,486,280,206
118000151,674,702,-28
118000153,1476,1574,-98
118000154,1785,2138,-353
118000155,1299,1696,-397
118000156,3284,3361,-77
118000157,721,432,289
118000158,253,545,-292
118000159,42,120,-78
118000160,609,473,136
118000161,644,1076,-432
118000162,2230,1003,1227
118000163,1011,1144,-133
118000164,2510,1933,577
118000168,1964,741,1223
118000169,1425,1709,-284
118000170,6108,8945,-2837
118000171,431,965,-534
118000172,116,458,-342
118000173,1266,1564,-298
118000175,398,447,-49
118000176,340,503,-163
118000177,303,659,-356
118000178,51,76,-25
118000179,1961,1330,631
118000180,1207,945,262
118000181,1082,449,633
118000182,366,331,35
118000183,250,354,-104
118000184,916,1067,-151
118000185,1624,1449,175
118000186,1012,1504,-492
118000187,1425,1093,332
118000188,752,334,418
118000189,705,1169,-464
118000190,20,17,3
118000191,29,47,-18
118000192,365,326,39
118000193,305,556,-251
118000194,2008,1323,685
118000195,919,967,-48
118000196,444,211,233
118000197,1124,200,924
118000198,748,782,-34
118000199,762,491,271
118000200,149,310,-161
118000201,522,582,-60
118000202,84,89,-5
118000203,1247,625,622
118000204,232,412,-180
118000205,301,411,-110
118000206,282,278,4
118000207,1,79,-78
118000208,1525,2259,-734
118000209,3144,2732,412
118000210,78,71,7
118000211,38,54,-16
118000213,1746,1578,168
118000214,786,683,103
118000215,276,293,-17
118000216,2431,4108,-1677
118000217,40,214,-174
118000218,97,221,-124
118000219,690,503,187
118000220,5,30,-25
118000221,196,404,-208
118000222,78,10,68
118000223,39,52,-13
118000224,257,134,123
118000225,172,921,-749
118000226,1328,258,1070
118000227,1233,518,715
118000228,300,285,15
118000229,208,89,119
118000230,167,298,-131
118000231,162,364,-202
118000232,907,1338,-431
118000233,1149,1092,57
118000234,474,354,120
118000236,483,445,38
118000237,181,661,-480
118000238,394,281,113
118000239,328,331,-3
118000240,569,184,385
118000241,234,282,-48
118000242,489,894,-405
118000243,330,331,-1
118000244,95,195,-100
118000246,0,29,-29
118000255,102,273,-171
118000256,119,241,-122
118000259,12,94,-82
118000260,290,136,154
118000261,47,133,-86
118000263,83,252,-169
118000266,127,365,-238
118000267,1,143,-142
118000268,397,3,394
118000270,116,54,62
118000271,174,355,-181
118000272,284,65,219
118000273,196,123,73
118000274,165,411,-246
118000276,514,390,124
118000295,5,154,-149
118000298,264,372,-108
118000299,72,198,-126
118000301,1,82,-81
118000302,160,172,-12
118000311,432,156,276
118000312,309,276,33
118000313,97,244,-147
118000314,98,75,23
118000315,64,98,-34
118000316,676,603,73
118000325,86,111,-25
118000326,56,51,5
118000331,33,93,-60
118000332,12,61,-49
118000333,55,111,-56
118000335,298,2,296
118000336,0,405,-405
118000407,170,129,41
118000457,11,62,-51
118000465,4995,5097,-102
118000480,21,153,-132
118000489,78,394,-316
118000490,73,398,-325
118000492,351,242,109
118000510,114,20,94
118000514,198,460,-262
118000515,831,896,-65
118000517,460,292,168
118000524,600,256,344
118000525,1371,1006,365
118000530,33,145,-112
118000531,362,272,90
118000532,290,490,-200
118000533,508,194,314
118000534,935,801,134
118000535,298,178,120
118000536,1285,1999,-714
118000537,30,181,-151
118000538,42,99,-57
118000539,45,171,-126
118000540,333,212,121
118000541,227,104,123
118000542,167,227,-60
118000543,226,330,-104
118000546,64,25,39
118000560,3893,2276,1617
118000562,43,305,-262
118000563,2668,1937,731
118000576,197,156,41
118000577,151,173,-22
118000578,139,101,38
118000579,597,1185,-588
118000595,243,125,118
118000596,1,85,-84
118000597,82,93,-11
118000598,33,6,27
118000599,52,46,6
118000600,5,49,-44
118000601,14,4,10
118000602,0,37,-37
118000603,1,23,-22
118900001,1064,1919,-855
118900002,1163,1079,84
118900003,660,37,623
118900004,89,86,3
118900005,75,13,62
118900006,186,14,172
118900007,9,7,2
118900008,2050,95,1955
118900009,61,67,-6
118900010,70,7,63
118900011,161,74,87
118900012,599,259,340
118900013,596,211,385
118900015,226,210,16
118900016,12,36,-24
118900017,324,310,14
118900018,1121,43,1078
118900019,87,33,54
118900020,300,196,104
118900021,212,482,-270
118900022,154,118,36
118900023,191,154,37
118900024,120,256,-136
118900025,48,51,-3
118900026,87,109,-22
118900027,557,329,228
118900028,159,228,-69
118900029,376,522,-146
118900030,359,138,221
118900031,196,109,87
118900032,215,277,-62
118900033,451,479,-28
118900034,329,23,306
118900035,169,262,-93
118900036,1361,886,475
118900037,618,327,291
118900038,524,215,309
118900039,679,314,365
118900040,203,278,-75
118900041,938,268,670
118900042,245,129,116
118900045,442,244,198
118900046,1138,263,875
118900047,732,304,428
118900048,281,211,70
118900049,93,71,22
118900050,19,161,-142
118900051,109,169,-60
118900052,422,242,180
118900053,85,130,-45
118900054,167,64,103
118900055,78,116,-38
118900056,35,414,-379
118900057,911,596,315
118900058,530,382,148
118900059,10,80,-70
118900060,280,108,172
118900062,736,247,489
118900064,954,699,255
118900065,81,200,-119
118900066,138,121,17
118900067,6726,3751,2975
118900068,18,338,-320
118900069,341,353,-12
118900071,8,137,-129
118900072,477,460,17
118900073,120,132,-12
118900074,138,270,-132
118900075,176,150,26
118900076,240,131,109
118900077,350,244,106
118900078,42,29,13
118900079,66,261,-195
118900080,34,226,-192
118900081,71,31,40
118900082,716,258,458
118900083,27,13,14
118900084,17,32,-15
118900085,835,1307,-472
118900086,35,127,-92
118900087,20,264,-244
118900088,0,13,-13
118900089,13,25,-12
118900090,550,582,-32
118900091,258,284,-26
118900092,134,176,-42
118900093,143,23,120
118900096,72,37,35
118900097,258,620,-362
118900099,101,308,-207
118900100,182,354,-172
118900101,169,1163,-994
118900102,89,173,-84
118900103,82,148,-66
118900104,321,283,38
118900105,410,158,252
118900107,369,194,175
118900108,237,173,64
118900109,1548,361,1187
118900110,1984,1224,760
118900111,1457,799,658
118900112,72,273,-201
118900113,195,682,-487
118900114,23,97,-74
118900115,207,550,-343
118900116,158,306,-148
118900117,96,220,-124
118900118,245,526,-281
118900119,111,355,-244
118900120,143,364,-221
118900121,17,289,-272
118900122,12,1046,-1034
118900123,299,347,-48
118900124,86,401,-315
118900126,16,458,-442
118900129,366,284,82
118900130,62,221,-159
118900131,207,312,-105
118900132,423,285,138
118900133,16,166,-150
118900135,252,349,-97
118900136,220,721,-501
118900137,33,67,-34
118900139,348,598,-250
118900140,333,675,-342
118900141,167,242,-75
118900144,112,538,-426
118900145,488,193,295
118900146,368,851,-483
118900147,304,164,140
118900148,102,101,1
118900150,169,797,-628
118900152,749,1139,-390
118900157,90,158,-68
118900158,108,110,-2
118900159,7,345,-338
118900161,109,11,98
118900163,207,260,-53
118900164,11,282,-271
118900165,84,396,-312
118900166,51,4,47
118900167,116,209,-93
118900168,15,234,-219
118900169,147,756,-609
118900170,173,252,-79
118900171,25,85,-60
118900174,121,79,42
118900175,421,623,-202
118900176,180,332,-152
118900177,53,85,-32
118900178,92,255,-163
118900179,3,54,-51
118900181,176,112,64
118900182,192,76,116
118900183,31,192,-161
118900184,374,280,94
118900185,121,170,-49
118900186,100,127,-27
118900187,241,338,-97
118900188,349,330,19
118900189,43,1007,-964
118900190,22,529,-507
118900191,152,62,90
118900192,218,28,190
118900193,469,13,456
118900195,377,1225,-848
118900196,24,219,-195
118900197,136,48,88
118900198,32,42,-10
118900199,58,89,-31
118900200,17,17,0
118900201,37,41,-4
118900202,11,72,-61
118900203,11,33,-22
118900204,21,48,-27
118900205,0,12,-12
118900206,2,35,-33
119000001,1543,2015,-472
119000002,5395,3910,1485
119000003,3017,1662,1355
119000004,5004,1715,3289
119000005,2093,2571,-478
119000006,3174,2039,1135
119000007,4597,4461,136
119000008,2550,2626,-76
119000009,5422,6186,-764
119000010,8773,5983,2790
119000011,6101,4556,1545
119000012,4667,4792,-125
119000013,2929,1960,969
119000014,3200,4851,-1651
119000019,471,229,242
119000020,2923,1769,1154
119000021,5121,3319,1802
119000022,4570,3645,925
119000023,278,332,-54
119000024,1957,11807,-9850
119000025,10741,2098,8643
119000026,186,438,-252
119000027,419,713,-294
119000028,2547,1588,959
119000029,130,382,-252
119000030,715,1390,-675
119000031,973,935,38
119000032,2811,3612,-801
119000033,2825,2222,603
119000034,1518,1522,-4
119000035,46,502,-456
119000036,1650,1299,351
119000037,1356,2712,-1356
119000038,183,1409,-1226
119000039,354,403,-49
119000040,1137,674,463
119000041,1123,1458,-335
119000048,4126,4350,-224
119000049,1902,3329,-1427
119000050,3180,2664,516
119000051,3878,1339,2539
119000052,2540,4125,-1585
119000053,2264,1574,690
119000054,3701,4585,-884
119000055,4307,4572,-265
119000056,2585,3017,-432
119000057,1961,2900,-939
119000058,2438,2636,-198
119000059,1846,2294,-448
119000060,1819,1666,153
119000061,1240,1179,61
119000062,1530,1963,-433
119000063,538,419,119
119000064,1481,1981,-500
119000065,3188,5288,-2100
119000066,3473,1497,1976
119000067,2231,3126,-895
119000068,1961,1708,253
119000069,1661,3390,-1729
119000070,2787,1499,1288
119000071,686,997,-311
119000072,8866,4896,3970
119000073,10681,9707,974
119000074,1599,3641,-2042
119000075,2404,3295,-891
119000076,1142,1337,-195
119000077,2432,714,1718
119000078,833,257,576
119000079,457,859,-402
119000080,897,350,547
119000081,709,826,-117
119000082,1892,388,1504
119000083,957,626,331
119000084,532,740,-208
119000085,769,313,456
119000086,366,691,-325
119000087,2195,1552,643
119000088,388,407,-19
119000089,69,286,-217
119000090,122,224,-102
119000091,145,638,-493
119000092,656,212,444
119000093,4686,3660,1026
119000094,3123,6894,-3771
119000095,2042,3526,-1484
119000097,2721,1988,733
119000098,1029,2971,-1942
119000099,3102,2535,567
119000100,4042,3633,409
119000101,7461,2935,4526
119000102,1205,1417,-212
119000103,2525,732,1793
119000104,3729,2522,1207
119000105,1433,2123,-690
119000106,428,2352,-1924
119000107,856,676,180
119000108,601,1241,-640
119000109,384,620,-236
119000110,1584,574,1010
119000111,255,921,-666
119000112,418,163,255
119000113,5384,572,4812
119000114,1085,1308,-223
119000115,215,248,-33
119000116,118,138,-20
119000117,140,556,-416
119000118,3,4,-1
119000123,5588,1402,4186
119000124,864,271,593
119000125,4014,1224,2790
119000126,577,890,-313
119000127,509,930,-421
119000128,94,11,83
119000131,1062,1187,-125
119000132,5,1,4
119000133,2,8,-6
119000134,2536,758,1778
119000135,100,290,-190
119000136,284,285,-1
119000137,202,581,-379
119000138,470,442,28
119000139,299,378,-79
119000140,239,638,-399
119000284,1611,3808,-2197
119000285,2725,3257,-532
119000286,10393,7924,2469
119000287,2352,3362,-1010
119000288,2359,2144,215
119000289,2353,4712,-2359
119000290,251,698,-447
119000291,16,322,-306
119000293,151,245,-94
119000294,73,46,27
119000295,2345,639,1706
119000296,201,185,16
119000302,3177,2048,1129
119000303,77,235,-158
119000314,1940,12520,-10580
119000315,0,759,-759
119000316,112,150,-38
119000317,75,489,-414
119900001,380,1757,-1377
119900002,305,462,-157
119900003,97,1775,-1678
119900004,403,1292,-889
119900005,236,183,53
119900006,349,693,-344
119900007,1467,304,1163
119900008,1287,97,1190
119900009,1203,1400,-197
119900010,3770,1962,1808
119900011,24,166,-142
119900012,33,170,-137
119900013,2427,1294,1133
119900014,1096,400,696
119900015,129,50,79
119900016,63,136,-73
119900017,32,102,-70
119900018,2548,1058,1490
119900019,48,14,34
119900020,272,302,-30
119900021,154,415,-261
119900022,185,703,-518
119900023,838,1511,-673
119900025,168,69,99
119900026,1149,170,979
119900027,77,61,16
119900028,911,192,719
119900029,2,14,-12
119900030,828,854,-26
119900031,120,450,-330
119900033,3271,426,2845
119900034,353,197,156
119900037,327,63,264
119900038,101,318,-217
119900039,67,16,51
119900040,878,35,843
119900041,166,60,106
119900042,1218,241,977
119900043,94,237,-143
119900044,236,811,-575
119900046,158,116,42
119900047,350,94,256
119900048,356,62,294
119900049,121,5,116
119900050,228,135,93
119900051,967,27,940
119900052,53,91,-38
119900053,242,266,-24
119900054,162,19,143
119900055,1464,573,891
119900057,233,133,100
119900058,267,3,264
119900059,275,89,186
119900060,327,36,291
119900061,520,6,514
119900062,89,43,46
119900063,26,133,-107
119900064,580,152,428
119900065,302,15,287
119900066,0,1,-1
119900067,687,56,631
119900068,453,4,449
119900069,90,19,71
119900070,1271,39,1232
119900071,708,25,683
119900072,480,937,-457
119900073,2499,1073,1426
119900074,128,41,87
119900075,7677,4284,3393
119900076,572,580,-8
119900077,841,1740,-899
119900078,771,1089,-318
119900079,262,464,-202
119900080,505,423,82
119900081,59,37,22
119900082,1314,367,947
119900083,519,261,258
119900084,911,476,435
119900085,96,113,-17
119900086,238,1074,-836
119900087,840,432,408
119900088,50,87,-37
119900089,40,845,-805
119900090,212,79,133
119900091,149,1463,-1314
119900092,472,763,-291
119900093,1444,497,947
119900094,121,313,-192
119900095,297,183,114
119900096,69,224,-155
119900097,942,264,678
119900098,98,85,13
119900099,51,368,-317
119900100,3463,4184,-721
119900101,441,1818,-1377
119900102,35,446,-411
119900103,46,670,-624
119900104,99,391,-292
119900105,2462,2494,-32
119900106,21,296,-275
119900107,535,4336,-3801
119900108,3124,911,2213
119900109,54,369,-315
119900110,875,846,29
119900111,159,456,-297
119900112,2503,770,1733
119900113,120,464,-344
119900114,266,1744,-1478
119900115,312,1468,-1156
119900116,395,805,-410
119900117,379,1252,-873
119900118,129,1267,-1138
119900119,343,483,-140
119900120,852,921,-69
119900121,465,1589,-1124
119900122,735,514,221
119900123,375,629,-254
119900124,294,1442,-1148
119900125,102,449,-347
119900126,6321,478,5843
119900127,3270,1490,1780
119900128,907,1336,-429
119900129,330,851,-521
119900130,62,363,-301
119900131,74,410,-336
119900132,3,413,-410
119900133,58,251,-193
119900134,2671,398,2273
119900135,4,671,-667
119900136,295,503,-208
119900138,542,696,-154
119900139,303,297,6
119900140,5,183,-178
119900141,169,1157,-988
119900142,27,85,-58
119900143,24,445,-421
119900144,2104,283,1821
119900145,121,278,-157
119900146,304,570,-266
119900147,11,290,-279
119900148,217,157,60
119900149,2036,5294,-3258
119900150,216,244,-28
119900151,2762,1050,1712
119900152,153,616,-463
119900153,179,124,55
119900154,15,372,-357
119900155,64,60,4
119900156,32,6,26
119900157,220,383,-163
119900158,176,125,51
119900159,8,2170,-2162
119900160,33,337,-304
119900161,211,309,-98
119900162,1036,1279,-243
119900163,199,306,-107
119900164,0,6,-6
119900165,334,368,-34
119900166,138,85,53
119900167,156,261,-105
119900168,900,824,76
119900169,235,443,-208
119900170,345,407,-62
119900171,3453,696,2757
119900172,288,68,220
119900173,12,682,-670
119900174,5,342,-337
119900175,1310,1218,92
119900177,52,307,-255
119900178,12,206,-194
119900179,90,571,-481
119900180,1143,1319,-176
119900181,70,167,-97
119900182,5,762,-757
119900183,218,974,-756
119900184,3992,899,3093
119900185,54,237,-183
119900186,116,1020,-904
119900187,44,864,-820
119900188,135,735,-600
119900189,986,718,268
119900190,53,423,-370
119900191,418,190,228
119900192,112,255,-143
119900193,349,367,-18
119900194,33,152,-119
119900195,163,392,-229
119900196,2290,731,1559
119900197,249,234,15
119900198,1357,426,931
119900199,211,42,169
119900200,1320,1080,240
119900201,613,386,227
119900202,324,222,102
119900203,266,815,-549
119900204,253,511,-258
119900205,783,802,-19
119900206,198,230,-32
119900208,286,442,-156
119900209,575,1470,-895
119900210,45,92,-47
119900211,182,28,154
119900212,228,475,-247
119900213,24,142,-118
119900214,54,122,-68
119900215,74,141,-67
119900216,12,138,-126
119900217,24,82,-58
119900218,245,105,140
119900219,45,208,-163
119900220,8,124,-116
119900221,70,411,-341
119900222,26,346,-320
119900223,14,145,-131
119900224,25,36,-11
119900225,1425,89,1336
119900226,874,2659,-1785
119900227,1705,528,1177
119900228,1445,587,858
119900229,454,570,-116
119900230,2297,1084,1213
119900231,291,376,-85
119900232,340,145,195
119900233,113,2,111
119900234,47,125,-78
119900235,31,150,-119
119900236,111,370,-259
119900237,94,840,-746
119900238,19,134,-115
119900240,176,269,-93
119900241,244,543,-299
119900242,2314,2206,108
119900244,1110,2749,-1639
119900245,265,309,-44
119900246,440,820,-380
119900247,39,170,-131
119900248,130,208,-78
119900249,334,148,186
119900253,4655,602,4053
119900254,91,710,-619
119900255,196,814,-618
119900256,637,1486,-849
119900257,74,3,71
119900258,167,38,129
119900259,9,231,-222
119900260,181,12,169
119900261,1063,269,794
119900262,1,400,-399
119900263,1388,642,746
119900264,119,368,-249
119900265,939,713,226
119900266,381,453,-72
119900267,349,815,-466
119900268,530,317,213
119900269,1416,2246,-830
119900271,34,191,-157
119900272,488,186,302
119900275,154,24,130
119900276,58,2,56
119900277,12,7,5
119900278,371,146,225
119900279,229,889,-660
119900280,1068,283,785
119900281,1,257,-256
119900282,124,126,-2
119900283,29,395,-366
119900284,45,481,-436
119900285,64,107,-43
119900286,9,63,-54
119900288,5,28,-23
119900289,1,63,-62
119900290,4,39,-35
119900291,5,128,-123
119900292,47,53,-6
119900293,19,156,-137
119900294,56,138,-82
119900295,14,55,-41
119900296,48,283,-235
119900297,1,19,-18
119900298,15,9,6
119900299,357,292,65
119900300,1535,315,1220
119900301,238,72,166
119900302,200,215,-15
119900303,742,721,21
119900304,605,151,454
119900305,25,198,-173
119900306,21,0,21
119900307,111,203,-92
119900308,8,35,-27
119900309,61,199,-138
119900310,382,519,-137
119900311,78,170,-92
119900312,111,151,-40
119900313,362,530,-168
119900314,181,629,-448
119900315,1546,3450,-1904
119900318,35,45,-10
119900319,49,448,-399
119900320,284,745,-461
119900321,85,4,81
120000001,8436,15924,-7488
120000002,3863,3916,-53
120000003,4592,2341,2251
120000004,3463,3039,424
120000005,6055,3052,3003
120000006,1533,1944,-411
120000007,5440,3959,1481
120000008,1246,1823,-577
120000009,4787,1355,3432
120000010,2407,3667,-1260
120000011,1941,2794,-853
120000012,1936,4059,-2123
120000013,3653,3979,-326
120000014,904,2111,-1207
120000015,3530,2031,1499
120000016,3949,2931,1018
120000017,6175,3255,2920
120000018,5042,12763,-7721
120000019,988,1701,-713
120000020,3981,4091,-110
120000021,2014,2998,-984
120000022,3802,4861,-1059
120000023,1097,2116,-1019
120000024,1849,3136,-1287
120000025,3464,2996,468
120000026,1895,2205,-310
120000027,2085,2830,-745
120000028,1221,892,329
120000029,8515,1045,7470
120000030,5615,1487,4128
120000031,3448,11057,-7609
120000032,11239,6353,4886
120000033,6019,2999,3020
120000034,2109,2878,-769
120000035,2047,2990,-943
120000036,3380,6685,-3305
120000037,921,1842,-921
120000038,9578,4914,4664
120000039,814,1267,-453
120000040,1222,430,792
120000041,2855,2268,587
120000042,5058,3582,1476
120000043,6966,2707,4259
120000044,5956,2582,3374
120000045,6219,1901,4318
120000046,3065,3900,-835
120000047,1802,6345,-4543
120000048,10121,5393,4728
120000049,4039,3928,111
120000050,4900,5519,-619
120000051,3993,5830,-1837
120000052,12928,3268,9660
120000053,1338,3763,-2425
120000054,1712,6050,-4338
120000055,2323,6827,-4504
120000056,5031,5309,-278
120000057,5116,970,4146
120000058,4326,662,3664
120000059,76,2134,-2058
120000061,178,822,-644
120000062,223,433,-210
120000063,2293,3626,-1333
120000064,295,1845,-1550
120000065,1934,2669,-735
120000066,659,838,-179
120000067,341,709,-368
120000068,236,1386,-1150
120000069,1146,2174,-1028
120000070,58,1268,-1210
120000071,450,304,146
120000072,797,714,83
120000073,829,130,699
120000074,664,173,491
120000075,1649,551,1098
120000076,4621,650,3971
120000077,3006,911,2095
120000078,4385,1491,2894
120000079,214,256,-42
120000080,154,298,-144
120000081,481,316,165
120000082,217,333,-116
120000083,87,727,-640
120000084,483,516,-33
120000085,571,395,176
120000086,466,634,-168
120000087,212,956,-744
120000088,1189,1798,-609
120000089,1307,1034,273
120000090,873,831,42
120000091,2085,1609,476
120000092,1650,979,671
120000093,485,745,-260
120000094,159,979,-820
120000095,1496,805,691
120000096,368,1256,-888
120000098,1961,1500,461
120000099,865,1101,-236
120000100,968,1398,-430
120000101,712,726,-14
120000102,663,1011,-348
120000103,1943,1148,795
120000104,1971,709,1262
120000105,3201,1037,2164
120000106,3318,997,2321
120000107,4240,858,3382
120000108,1483,218,1265
120000109,1451,96,1355
120000110,97,1229,-1132
120000111,411,1558,-1147
120000112,1053,4433,-3380
120000113,1137,3180,-2043
120000114,1245,4145,-2900
120000115,439,3393,-2954
120000116,1145,2922,-1777
120000117,1613,2125,-512
120000118,61,30,31
120000119,23,105,-82
120000120,70,62,8
120000121,53,101,-48
120000122,389,359,30
120000123,7659,5770,1889
120000124,581,516,65
120000125,691,941,-250
120000126,479,1053,-574
120000127,3868,1220,2648
120000128,4875,4485,390
120000129,357,386,-29
120000130,1236,851,385
120000131,366,854,-488
120000134,683,1797,-1114
120000135,560,941,-381
120000137,340,2362,-2022
120000138,896,824,72
120000139,432,1237,-805
120000140,973,887,86
120000141,2038,713,1325
120000142,1960,887,1073
120000143,2,189,-187
120000144,123,6,117
120000145,390,4,386
120000146,1891,1273,618
120000149,822,1877,-1055
120000150,4987,17520,-12533
120000151,527,711,-184
120000152,647,400,247
120000153,380,941,-561
120000154,517,629,-112
120000155,112,407,-295
120000156,1357,1547,-190
120000157,1565,1446,119
120000158,1201,1254,-53
120000159,2422,3604,-1182
120000160,2771,1867,904
120000161,2464,3185,-721
120000162,117,302,-185
120000163,667,2291,-1624
120000164,485,811,-326
120000165,638,1687,-1049
120000166,1516,1236,280
120000167,100,144,-44
120000168,46,450,-404
120000169,119,1169,-1050
120000170,107,687,-580
120000171,38,269,-231
120000172,49,132,-83
120000173,5132,1016,4116
120000174,1201,30,1171
120000175,668,34,634
120000176,624,50,574
120000177,3135,230,2905
120000178,488,30,458
120000179,936,58,878
120000180,1876,137,1739
120000181,389,842,-453
120000182,155,350,-195
120000183,35,386,-351
120000184,282,1334,-1052
120000186,93,292,-199
120000187,84,155,-71
120000188,309,224,85
120000190,2275,38,2237
120000191,2712,57,2655
120000192,2278,42,2236
120000193,855,15,840
120000195,234,11,223
120000196,778,117,661
120000197,221,223,-2
120000198,169,124,45
120000199,76,2,74
120000200,94,2,92
120000201,8,20,-12
120000202,4,76,-72
120000203,34,322,-288
120000207,4,120,-116
120000208,12,292,-280
120000209,6,98,-92
120000210,129,158,-29
120000211,111,1,110
120000212,144,1,143
120000213,257,426,-169
120000214,1,496,-495
120000215,8,239,-231
120000216,69,30,39
120000217,940,1508,-568
120000218,257,1059,-802
120000219,15,670,-655
120000220,14,2437,-2423
120000225,1833,4,1829
120000226,447,7,440
120000227,1031,54,977
120000228,9800,4396,5404
120000230,382,26,356
120000231,1588,3112,-1524
120000233,390,5,385
120000235,318,1046,-728
120000236,1482,0,1482
120000237,3,2028,-2025
120000238,4,874,-870
120000241,1371,4581,-3210
120000412,1433,28,1405
120000413,520,234,286
120000414,142,4,138
120000415,0,155,-155
120000416,479,13,466
120000417,16,121,-105
120000418,130,28,102
120000419,13,332,-319
120000420,49,38,11
120000421,15742,8370,7372
120000422,176,1273,-1097
120000423,2,66,-64
120000424,53,260,-207
120000436,140,832,-692
120000437,199,188,11
120000438,4391,383,4008
120000439,214,657,-443
120000443,225,0,225
120000444,1799,1023,776
120000445,2686,1468,1218
120000446,906,265,641
120000447,256,10,246
120000449,93,9,84
120000450,4,239,-235
120000451,251,327,-76
120000452,136,2,134
120000453,3,531,-528
120000454,66,72,-6
120000455,123,78,45
120000456,3155,5119,-1964
120000457,1884,866,1018
120000458,862,1213,-351
120000459,97,84,13
120000665,2587,335,2252
120000668,157,547,-390
120000669,87,308,-221
120000670,407,639,-232
120000671,1910,544,1366
120000672,121,796,-675
120900001,87,95,-8
120900002,586,637,-51
120900003,498,73,425
120900004,13,76,-63
120900005,38,1108,-1070
120900006,419,393,26
120900007,241,167,74
120900008,266,1844,-1578
120900009,739,57,682
120900010,569,115,454
120900011,456,233,223
120900012,715,1565,-850
120900013,443,126,317
120900014,4,972,-968
120900015,3094,139,2955
120900016,766,114,652
120900017,3587,161,3426
120900018,187,730,-543
120900019,870,316,554
120900020,959,1654,-695
120900021,792,243,549
120900022,44,485,-441
120900023,553,82,471
120900024,3018,741,2277
120900025,2472,1700,772
120900026,408,331,77
120900027,1312,75,1237
120900028,433,124,309
120900029,294,471,-177
120900030,1243,1033,210
120900031,257,134,123
120900032,1205,228,977
120900033,1434,118,1316
120900034,50,3497,-3447
120900035,60,260,-200
120900037,224,14,210
120900038,101,260,-159
120900039,98,69,29
120900040,349,4,345
120900041,191,56,135
120900042,464,98,366
120900043,176,44,132
120900044,16,648,-632
120900045,245,236,9
120900046,1270,14,1256
120900047,175,88,87
120900048,131,33,98
120900049,372,9,363
120900050,3425,1458,1967
120900051,395,188,207
120900052,728,6,722
120900053,328,201,127
120900054,2565,899,1666
120900055,385,0,385
120900056,553,21,532
120900057,151,17,134
120900058,506,1,505
120900059,90,2,88
120900060,65,48,17
120900061,368,408,-40
120900062,199,1,198
120900063,424,4,420
120900064,521,2,519
120900065,490,1,489
120900066,362,437,-75
120900067,160,58,102
120900068,266,2,264
120900069,198,78,120
120900071,49,5,44
120900072,657,5,652
120900073,486,292,194
120900074,780,23,757
120900076,368,1,367
120900077,4808,464,4344
120900078,885,1241,-356
120900079,720,157,563
120900080,772,2690,-1918
120900081,752,1370,-618
120900082,1005,1012,-7
120900083,64,5,59
120900084,280,507,-227
120900085,139,199,-60
120900086,208,355,-147
120900087,484,364,120
120900088,210,506,-296
120900089,5082,3598,1484
120900090,243,243,0
120900091,753,1182,-429
120900092,1928,837,1091
120900093,3553,327,3226
120900094,775,270,505
120900095,740,34,706
120900096,61,299,-238
120900097,1005,973,32
120900098,467,361,106
120900099,99,153,-54
120900100,191,361,-170
120900101,1051,493,558
120900102,43,155,-112
120900103,77,319,-242
120900104,55,110,-55
120900105,96,826,-730
120900106,1868,837,1031
120900107,384,243,141
120900108,8,887,-879
120900109,70,911,-841
120900110,16,1295,-1279
120900111,204,470,-266
120900112,8,1214,-1206
120900113,41,1175,-1134
120900114,76,239,-163
120900115,221,373,-152
120900116,425,675,-250
120900117,4,751,-747
120900118,20,1078,-1058
120900119,5047,9182,-4135
120900120,71,760,-689
120900121,403,837,-434
120900122,551,751,-200
120900123,4,578,-574
120900124,6,952,-946
120900125,24,1271,-1247
120900126,2459,1798,661
120900127,28,653,-625
120900128,1631,1975,-344
120900129,82,514,-432
120900130,6,555,-549
120900131,70,108,-38
120900132,889,475,414
120900133,340,1407,-1067
120900134,1126,617,509
120900135,18,830,-812
120900136,79,80,-1
120900137,256,183,73
120900138,31,273,-242
120900139,9,994,-985
120900140,10,165,-155
120900141,299,314,-15
120900142,43,864,-821
120900143,1,1335,-1334
120900144,1,285,-284
120900145,1760,1172,588
120900146,6,1633,-1627
120900147,1,674,-673
120900148,166,246,-80
120900149,0,510,-510
120900150,74,754,-680
120900151,3,926,-923
120900152,0,52,-52
120900153,42,205,-163
120900154,3,452,-449
120900155,213,1546,-1333
120900156,76,400,-324
120900157,103,312,-209
120900158,93,941,-848
120900159,93,276,-183
120900160,78,1280,-1202
120900161,97,720,-623
120900162,60,786,-726
120900163,75,656,-581
120900164,2,4,-2
120900165,14,24,-10
120900166,164,396,-232
120900167,609,252,357
120900169,79,593,-514
120900170,2147,3016,-869
120900171,1718,426,1292
120900172,3489,729,2760
120900173,0,91,-91
120900174,16,174,-158
120900175,359,285,74
120900176,22,515,-493
120900177,1,1281,-1280
120900178,1,683,-682
120900179,1491,790,701
120900180,154,187,-33
120900181,195,72,123
120900182,38,470,-432
120900183,416,174,242
120900184,234,114,120
120900185,23,645,-622
120900186,4,687,-683
120900187,573,1840,-1267
120900188,193,18,175
120900189,185,1120,-935
120900190,60,12,48
120900191,4,42,-38
120900192,14760,7776,6984
120900194,30,132,-102
120900195,210,404,-194
120900196,1185,79,1106
120900197,943,192,751
120900198,482,852,-370
120900199,859,2296,-1437
120900200,93,121,-28
120900201,772,294,478
120900202,7,277,-270
120900203,63,184,-121
120900204,170,352,-182
120900205,61,66,-5
120900206,24,107,-83
121000001,1070,1421,-351
121000002,2948,1902,1046
121000003,4449,2625,1824
121000004,3952,5360,-1408
121000005,2586,3606,-1020
121000006,5084,2110,2974
121000007,3327,3667,-340
121000008,6582,4202,2380
121000009,7491,7436,55
121000010,10535,7342,3193
121000011,12130,16766,-4636
121000012,21467,13271,8196
121000013,6167,9221,-3054
121000014,8235,7424,811
121000015,5450,9257,-3807
121000016,5782,4237,1545
121000017,2776,5091,-2315
121000018,3120,2741,379
121000019,26231,15278,10953
121000020,18508,22201,-3693
121000021,6252,4155,2097
121000022,6749,3793,2956
121000023,8170,4616,3554
121000024,8003,7156,847
121000025,871,1622,-751
121000026,380,173,207
121000027,1964,1435,529
121000028,946,731,215
121000029,1318,1111,207
121000030,885,730,155
121000031,863,886,-23
121000032,344,162,182
121000034,617,306,311
121000035,319,142,177
121000036,1106,1106,0
121000037,772,937,-165
121000038,744,1145,-401
121000039,676,693,-17
121000041,1013,659,354
121000042,592,462,130
121000043,879,735,144
121000044,1700,1122,578
121000045,770,431,339
121000046,1021,1424,-403
121000047,347,120,227
121000049,2691,764,1927
121000050,493,1437,-944
121000051,957,415,542
121000052,757,950,-193
121000053,608,111,497
121000054,54,428,-374
121000055,1573,1338,235
121000056,1163,1290,-127
121000057,431,751,-320
121000058,481,227,254
121000059,3056,1808,1248
121000060,809,1398,-589
121000061,238,365,-127
121000062,293,450,-157
121000063,1231,903,328
121000064,782,800,-18
121000065,501,576,-75
121000066,343,411,-68
121000067,1210,846,364
121000068,1061,630,431
121000069,1992,1162,830
121000070,3370,1768,1602
121000071,3027,1920,1107
121000072,5251,1142,4109
121000073,3251,1219,2032
121000074,1284,182,1102
121000075,116,585,-469
121000076,2257,749,1508
121000077,221,242,-21
121000078,289,218,71
121000080,3182,955,2227
121000081,6019,4747,1272
121000082,104,330,-226
121000083,213,165,48
121000084,218,200,18
121000085,349,581,-232
121000086,200,1026,-826
121000087,89,451,-362
121000088,549,841,-292
121000089,651,479,172
121000090,544,513,31
121000091,2016,1019,997
121000092,227,125,102
121000093,215,314,-99
121000094,633,1009,-376
121000095,380,1029,-649
121000096,2633,3150,-517
121000097,1539,2612,-1073
121000098,751,1507,-756
121000099,708,1016,-308
121000100,1130,786,344
121000101,441,381,60
121000102,336,610,-274
121000103,338,426,-88
121000104,415,437,-22
121000105,687,550,137
121000106,474,557,-83
121000107,2551,4187,-1636
121000109,1818,1460,358
121000110,429,954,-525
121000114,3209,2646,563
121000115,1216,1098,118
121000116,330,1165,-835
121000117,954,265,689
121000118,1555,299,1256
121000119,838,474,364
121000120,455,767,-312
121000121,791,1916,-1125
121000123,2912,868,2044
121000126,195,376,-181
121000127,271,136,135
121000128,1356,906,450
121000129,1015,1109,-94
121000130,665,1416,-751
121000131,3922,2906,1016
121000132,2423,2544,-121
121000135,733,1293,-560
121000136,2913,1053,1860
121000137,683,378,305
121000138,1867,1268,599
121000139,1079,310,769
121000141,302,489,-187
121000142,1049,1262,-213
121000143,203,61,142
121000144,1647,2623,-976
121000145,797,1778,-981
121000146,1701,1317,384
121000147,1270,1089,181
121000148,1257,1648,-391
121000149,2592,2113,479
121000152,949,846,103
121000153,2931,1121,1810
121000154,1216,1065,151
121000155,1856,1412,444
121000156,531,1302,-771
121000157,1713,2963,-1250
121000158,881,824,57
121000159,195,664,-469
121000160,439,663,-224
121000161,246,539,-293
121000162,159,338,-179
121000165,2706,2282,424
121000166,22,571,-549
121000168,558,551,7
121000169,79,256,-177
121000170,470,201,269
121000171,144,240,-96
121000172,1471,733,738
121000173,2441,1576,865
121000174,466,623,-157
121000175,1073,530,543
121000176,537,349,188
121000177,1377,868,509
121000178,168,85,83
121000179,261,77,184
121000181,593,709,-116
121000182,187,273,-86
121000183,517,105,412
121000184,501,175,326
121000185,59,237,-178
121000186,218,748,-530
121000187,329,317,12
121000188,251,313,-62
121000192,965,647,318
121000193,827,758,69
121000194,3849,2950,899
121000195,291,997,-706
121000196,559,237,322
121000197,301,1070,-769
121000198,309,149,160
121000199,236,515,-279
121000200,838,100,738
121000201,18,296,-278
121000202,210,13,197
121000203,1130,3234,-2104
121000204,2913,1128,1785
121000205,274,353,-79
121000206,312,54,258
121000207,3393,510,2883
121000208,17,477,-460
121000209,396,520,-124
121000210,658,577,81
121000211,322,279,43
121000212,460,932,-472
121000213,12974,3639,9335
121000214,1178,3340,-2162
121000215,1362,1233,129
121000216,605,952,-347
121000217,6789,3184,3605
121000218,633,2004,-1371
121000219,2273,514,1759
121000220,306,84,222
121000221,237,247,-10
121000222,3438,2941,497
121000223,834,466,368
121000224,487,218,269
121000225,2521,1796,725
121000226,6211,1490,4721
121000227,14,213,-199
121000228,23,718,-695
121000229,370,438,-68
121000230,71,1775,-1704
121000231,1260,39,1221
121000232,443,408,35
121000233,701,531,170
121000234,49,56,-7
121000235,88,94,-6
121000236,16,81,-65
121000237,104,24,80
121000238,8,103,-95
121000239,73,3,70
121000240,14,225,-211
121000241,132,23,109
121000242,52,334,-282
121000243,686,191,495
121000244,20,126,-106
121000245,117,34,83
121000246,5,118,-113
121000247,140,8,132
121000248,1792,575,1217
121000249,195,382,-187
121000250,942,232,710
121000251,29,598,-569
121000252,107,88,19
121000253,451,492,-41
121000254,1030,358,672
121000255,1178,246,932
121000256,1302,340,962
121000257,162,118,44
121000258,320,89,231
121000259,110,80,30
121000260,218,165,53
121000261,196,84,112
121000262,1154,1123,31
121000263,1514,649,865
121000271,399,1875,-1476
121000273,120,12,108
121000274,22,58,-36
121000275,5,21,-16
121000276,9,24,-15
121000278,89,52,37
121000279,111,9,102
121000280,213,60,153
121000289,329,60,269
121000290,1479,1259,220
121000294,174,260,-86
121000297,1115,1441,-326
121000299,330,469,-139
121000300,1275,976,299
121000302,117,1644,-1527
121000303,561,497,64
121000304,598,90,508
121000305,235,56,179
121000306,117,127,-10
121000308,231,563,-332
121000309,513,822,-309
121000310,147,549,-402
121000311,116,1367,-1251
121000312,549,328,221
121000313,543,805,-262
121000314,130,163,-33
121000315,72,149,-77
121000530,1750,2029,-279
121000531,4409,2216,2193
121000532,9368,9708,-340
121000533,3665,4124,-459
121000918,185,250,-65
121000919,97,81,16
121000938,305,363,-58
121000939,500,312,188
121000956,1614,1678,-64
121000957,6,18,-12
121000958,155,68,87
121000959,861,1329,-468
121000960,3912,3207,705
121000961,285,166,119
121000962,282,799,-517
121000973,1,176,-175
121000976,57,349,-292
121000979,634,280,354
121000981,433,398,35
121000982,346,225,121
121000983,486,672,-186
121000984,68,80,-12
121000985,747,695,52
121000986,615,280,335
121000987,403,1474,-1071
121000988,782,169,613
121001302,419,189,230
121001308,2,17,-15
121001309,112,167,-55
121001313,394,257,137
121001314,3263,4312,-1049
121001315,5379,2992,2387
121900001,361,271,90
121900002,106,46,60
121900003,479,18,461
121900004,199,592,-393
121900005,44,18,26
121900006,133,22,111
121900007,2713,3023,-310
121900008,3883,1122,2761
121900009,941,34,907
121900010,260,2,258
121900011,479,694,-215
121900012,19,2,17
121900013,1985,89,1896
121900014,1549,506,1043
121900015,219,351,-132
121900016,5,61,-56
121900017,3285,713,2572
121900018,395,12,383
121900019,503,459,44
121900020,33,1,32
121900021,941,25,916
121900022,291,306,-15
121900023,165,474,-309
121900024,467,129,338
121900025,807,487,320
121900026,548,82,466
121900027,498,257,241
121900028,311,22,289
121900029,172,270,-98
121900030,594,746,-152
121900031,1641,7235,-5594
121900032,218,170,48
121900033,180,245,-65
121900034,491,121,370
121900035,3588,3252,336
121900036,92,406,-314
121900037,276,931,-655
121900038,47,214,-167
121900039,564,57,507
121900040,111,122,-11
121900041,92,225,-133
121900042,427,160,267
121900043,22,7,15
121900044,255,66,189
121900046,507,635,-128
121900047,265,107,158
121900048,73,212,-139
121900050,36,68,-32
121900051,167,234,-67
121900052,215,101,114
121900053,1381,493,888
121900054,1056,1424,-368
121900055,11,19,-8
121900058,242,271,-29
121900059,526,241,285
121900060,221,431,-210
121900061,739,322,417
121900062,266,168,98
121900063,2319,513,1806
121900064,370,955,-585
121900066,78,52,26
121900067,255,100,155
121900069,286,170,116
121900070,353,166,187
121900071,423,587,-164
121900072,61,264,-203
121900073,261,287,-26
121900074,1078,1317,-239
121900075,545,526,19
121900076,471,856,-385
121900077,44,62,-18
121900078,362,72,290
121900079,0,1,-1
121900080,1314,937,377
121900082,69,140,-71
121900084,16,217,-201
121900085,5,27,-22
121900086,8,65,-57
121900087,246,132,114
121900088,2726,4374,-1648
121900089,212,502,-290
121900090,245,145,100
121900091,78,247,-169
121900092,112,131,-19
121900093,85,171,-86
121900094,27,4,23
121900095,281,183,98
121900096,1851,1338,513
121900097,604,481,123
121900098,9,6,3
121900099,200,146,54
121900100,433,715,-282
121900101,156,197,-41
121900102,13,224,-211
121900103,919,359,560
121900104,2409,403,2006
121900105,285,440,-155
121900106,2,11,-9
121900107,38,60,-22
121900108,9,63,-54
121900109,316,200,116
121900110,566,1308,-742
121900111,1293,185,1108
121900112,189,207,-18
121900113,89,383,-294
121900114,129,149,-20
121900115,162,417,-255
121900117,664,101,563
121900118,3267,1149,2118
121900119,634,130,504
121900120,65,1751,-1686
121900121,611,57,554
121900122,46,70,-24
121900123,580,535,45
121900124,347,257,90
121900125,2552,1676,876
121900127,10,133,-123
121900128,131,223,-92
121900129,1025,204,821
121900130,159,326,-167
121900131,958,142,816
121900132,58,185,-127
121900133,123,886,-763
121900134,39,216,-177
121900135,3306,745,2561
121900136,1615,538,1077
121900137,58,466,-408
121900138,304,448,-144
121900139,319,501,-182
121900140,89,411,-322
121900141,81,45,36
121900142,266,370,-104
121900143,43,240,-197
121900144,173,347,-174
121900145,611,417,194
121900146,809,1361,-552
121900147,101,204,-103
121900148,307,495,-188
121900149,448,1169,-721
121900150,96,168,-72
121900151,91,326,-235
121900152,113,194,-81
121900153,202,953,-751
121900154,15,288,-273
121900155,5,218,-213
121900156,274,158,116
121900157,4,614,-610
121900158,115,192,-77
121900159,3,372,-369
121900160,44,432,-388
121900161,465,610,-145
121900162,95,261,-166
121900163,408,1239,-831
121900164,622,286,336
121900165,541,260,281
121900166,266,243,23
121900167,141,175,-34
121900168,225,353,-128
121900169,4,320,-316
121900170,12,282,-270
121900171,1185,839,346
121900172,1159,407,752
121900173,1871,345,1526
121900174,31,116,-85
121900175,244,288,-44
121900176,944,1995,-1051
121900177,379,120,259
121900179,1454,290,1164
121900180,6683,5430,1253
121900182,780,363,417
121900183,1036,1146,-110
121900184,93,1119,-1026
121900186,8,386,-378
121900187,62,277,-215
121900188,574,787,-213
121900189,68,183,-115
121900190,270,613,-343
121900191,287,239,48
121900192,474,720,-246
121900194,6,212,-206
121900195,136,171,-35
121900196,1478,1731,-253
121900197,768,2218,-1450
121900198,1372,1069,303
121900199,4,37,-33
121900200,131,442,-311
121900201,1594,1009,585
121900202,313,886,-573
121900203,335,1182,-847
121900204,1184,1982,-798
121900205,167,326,-159
121900206,26,30,-4
121900207,144,54,90
121900208,259,362,-103
121900209,105,49,56
121900210,1344,1312,32
121900211,39,214,-175
121900212,764,148,616
121900213,179,117,62
121900214,11,673,-662
121900215,79,238,-159
121900216,56,278,-222
121900217,313,207,106
121900218,279,525,-246
121900219,315,89,226
121900220,183,10,173
121900221,316,788,-472
121900222,201,263,-62
121900223,206,108,98
121900224,133,81,52
121900225,149,128,21
121900226,395,1882,-1487
121900227,571,739,-168
121900228,403,589,-186
121900229,360,385,-25
121900230,250,536,-286
121900231,1111,3090,-1979
121900232,526,570,-44
121900233,282,309,-27
121900234,396,406,-10
121900235,644,278,366
121900236,902,312,590
121900237,237,356,-119
121900238,200,353,-153
121900239,670,61,609
121900240,289,162,127
121900241,64,119,-55
121900242,10,3,7
121900243,19,1,18
121900244,102,6,96
121900245,239,132,107
121900246,2399,356,2043
121900247,938,387,551
121900248,1984,1955,29
121900250,334,371,-37
121900251,439,93,346
121900252,921,201,720
121900253,212,928,-716
121900254,614,433,181
121900255,337,188,149
121900258,4344,2792,1552
121900259,580,743,-163
121900260,216,314,-98
121900261,211,866,-655
121900262,468,1356,-888
121900263,585,481,104
121900264,2785,2298,487
121900265,343,410,-67
121900266,657,212,445
121900267,98,85,13
121900269,355,1186,-831
121900270,31,306,-275
121900271,68,245,-177
121900273,542,2148,-1606
121900274,302,422,-120
121900276,764,182,582
121900277,875,1862,-987
121900278,161,1257,-1096
121900279,208,256,-48
121900280,241,464,-223
121900281,1269,730,539
121900284,223,12,211
121900286,908,275,633
121900287,17,44,-27
121900290,248,435,-187
121900291,449,734,-285
121900292,165,168,-3
121900293,1241,3435,-2194
121900294,362,8,354
121900295,181,325,-144
121900296,202,337,-135
121900298,294,771,-477
121900299,0,1,-1
121900300,159,7,152
121900301,105,4,101
121900302,1,50,-49
121900303,508,500,8
121900304,0,18,-18
121900305,6,18,-12
121900306,170,1,169
121900307,67,45,22
121900308,43,434,-391
121900309,38,427,-389
121900310,61,778,-717
121900311,424,35,389
121900312,467,26,441
121900313,522,45,477
121900314,4,97,-93
121900315,7,0,7
121900316,0,18,-18
121900317,17,14,3
121900318,2,30,-28
121900319,50,200,-150
121900320,69,93,-24
121900321,8,10,-2
121900322,1,50,-49
121900323,10,24,-14
121900324,2,77,-75
121900325,16,3,13
121900326,5,21,-16
121900327,10,119,-109
121900328,0,50,-50
121900329,4,301,-297
121900330,0,11,-11
121900331,137,27,110
121900332,111,31,80
122000001,3167,5261,-2094
122000002,6828,2516,4312
122000003,4419,3166,1253
122000004,5370,2264,3106
122000005,3655,2215,1440
122000006,2165,976,1189
122000007,1476,2133,-657
122000008,5723,6540,-817
122000009,531,456,75
122000010,2551,3164,-613
122000011,4026,1821,2205
122000012,1487,1736,-249
122000013,1626,1225,401
122000014,1970,1560,410
122000015,1592,1413,179
122000016,708,1204,-496
122000017,1256,1321,-65
122000018,1726,1439,287
122000019,984,1644,-660
122000020,268,257,11
122000021,435,578,-143
122000022,1537,1462,75
122000023,805,2467,-1662
122000024,1014,1528,-514
122000025,1565,1995,-430
122000026,1473,1147,326
122000027,762,3216,-2454
122000028,1097,502,595
122000029,613,587,26
122000030,360,167,193
122000031,614,344,270
122000032,1896,2329,-433
122000033,937,1280,-343
122000034,992,762,230
122000035,427,952,-525
122000036,776,809,-33
122000037,429,335,94
122000038,243,515,-272
122000039,808,529,279
122000040,452,317,135
122000041,616,798,-182
122000042,397,720,-323
122000043,155,166,-11
122000044,197,177,20
122000045,1382,579,803
122000046,876,911,-35
122000047,302,265,37
122000048,7251,6043,1208
122000049,8239,3957,4282
122000050,2048,1027,1021
122000051,423,355,68
122000052,728,434,294
122000053,330,944,-614
122000054,3004,2688,316
122000055,2979,3710,-731
122000056,6646,4483,2163
122000057,5162,4515,647
122000058,3767,1708,2059
122000059,3849,1905,1944
122000060,914,721,193
122000061,644,497,147
122000062,1428,457,971
122000063,2374,825,1549
122000064,3942,3232,710
122000065,5201,3146,2055
122000066,1393,1083,310
122000067,2091,1577,514
122000068,3153,1742,1411
122000069,1124,794,330
122000070,2011,2326,-315
122000071,1904,1606,298
122000072,423,433,-10
122000073,463,701,-238
122000074,3427,2000,1427
122000075,949,1594,-645
122000076,2627,1531,1096
122000077,1781,925,856
122000078,2944,3093,-149
122000079,3309,1450,1859
122000080,980,443,537
122000081,218,427,-209
122000082,1168,1046,122
122000083,1953,2769,-816
122000084,2695,1123,1572
122000085,553,1647,-1094
122000086,2677,5801,-3124
122000087,624,277,347
122000088,489,516,-27
122000089,6763,2950,3813
122000090,278,562,-284
122000091,320,78,242
122000092,159,28,131
122000093,1990,1703,287
122000094,8149,2649,5500
122000095,4414,4479,-65
122000096,3374,2035,1339
122000098,4571,2301,2270
122000099,2046,642,1404
122000100,1109,664,445
122000101,448,910,-462
122000102,2540,1574,966
122000103,2791,2240,551
122000104,937,270,667
122000105,2280,365,1915
122000106,804,786,18
122000107,1547,566,981
122000108,601,1009,-408
122000109,456,340,116
122000110,636,677,-41
122000111,3342,1673,1669
122000112,1008,1671,-663
122000113,735,845,-110
122000114,3565,1671,1894
122000115,2098,1628,470
122000116,1156,788,368
122000117,4026,730,3296
122000118,954,1424,-470
122000119,5025,3916,1109
122000120,2999,7728,-4729
122000121,3135,6089,-2954
122000122,1123,3529,-2406
122000123,2333,3367,-1034
122000124,1363,1241,122
122000125,1235,1145,90
122000126,940,2595,-1655
122000127,1504,2537,-1033
122000128,622,1398,-776
122000129,922,1604,-682
122000130,4353,2674,1679
122000131,1805,2633,-828
122000132,802,788,14
122000133,1207,2615,-1408
122000134,1102,1339,-237
122000135,880,1425,-545
122000136,1165,1301,-136
122000137,2226,1788,438
122000139,1651,3895,-2244
122000140,1167,697,470
122000141,5868,1274,4594
122000142,620,1134,-514
122000143,572,809,-237
122000144,1918,2532,-614
122000145,2715,1138,1577
122000146,3076,1804,1272
122000147,1201,660,541
122000148,2595,2371,224
122000149,2658,2597,61
122000150,1332,1383,-51
122000151,288,444,-156
122000152,411,648,-237
122000153,501,464,37
122000154,358,326,32
122000155,2734,3013,-279
122000156,3217,2748,469
122000157,1794,2183,-389
122000158,456,1220,-764
122000159,1189,3061,-1872
122000160,5067,4304,763
122000161,1489,1331,158
122000162,3513,2486,1027
122000163,334,113,221
122000164,39,77,-38
122000165,995,827,168
122000166,1035,1088,-53
122000167,301,283,18
122000168,293,714,-421
122000169,501,211,290
122000170,350,365,-15
122000171,67,111,-44
122000172,1883,1735,148
122000173,1874,2799,-925
122000174,3056,1090,1966
122000175,1371,450,921
122000176,300,893,-593
122000177,1864,1633,231
122000178,3128,2643,485
122000179,2230,2801,-571
122000180,2186,1542,644
122000181,2065,3892,-1827
122000182,2652,1991,661
122000183,2269,1262,1007
122000184,3768,2637,1131
122000185,1633,1611,22
122000186,539,937,-398
122000187,1967,1610,357
122000188,537,286,251
122000189,298,409,-111
122000190,1213,1291,-78
122000191,933,1017,-84
122000192,1266,472,794
122000193,580,927,-347
122000194,883,223,660
122000195,193,618,-425
122000196,1511,798,713
122000197,706,1118,-412
122000198,546,1146,-600
122000199,431,432,-1
122000200,1164,694,470
122000201,1450,1504,-54
122000202,1552,1509,43
122000203,7124,2239,4885
122000204,2554,2960,-406
122000205,2057,2139,-82
122000206,2917,1282,1635
122000207,2417,1927,490
122000208,2738,2240,498
122000209,2171,425,1746
122000210,2919,2401,518
122000211,1988,1410,578
122000212,934,794,140
122000213,1467,2003,-536
122000214,2664,2311,353
122000215,2734,2091,643
122000217,3592,1805,1787
122000218,808,71,737
122000219,1669,1087,582
122000220,479,976,-497
122000221,119,549,-430
122000222,738,153,585
122000223,2521,713,1808
122000225,1320,370,950
122000226,3144,2285,859
122000227,518,2933,-2415
122000228,984,672,312
122000229,229,813,-584
122000230,340,869,-529
122000231,1694,1122,572
122000232,1238,1124,114
122000233,2,90,-88
122000234,457,164,293
122000235,2163,242,1921
122000236,1318,199,1119
122000237,267,143,124
122000238,859,397,462
122000239,2422,292,2130
122000240,1800,1138,662
122000241,1124,509,615
122000242,1123,150,973
122000243,172,46,126
122000244,64,359,-295
122000245,85,101,-16
122000246,774,166,608
122000247,2237,316,1921
122000248,1361,2100,-739
122000249,4832,1644,3188
122000250,3612,2146,1466
122000251,396,744,-348
122000252,799,454,345
122000253,100,453,-353
122000254,512,303,209
122000255,1019,2705,-1686
122000256,580,1369,-789
122000257,290,408,-118
122000258,481,458,23
122000259,25,663,-638
122000260,8,111,-103
122000261,29,304,-275
122000262,1,49,-48
122000263,455,156,299
122000264,1353,721,632
122000265,3177,1222,1955
122000266,4848,886,3962
122000267,336,225,111
122000268,207,784,-577
122000269,1099,591,508
122000270,914,236,678
122000271,396,1360,-964
122000272,511,1381,-870
122000273,578,472,106
122000274,310,261,49
122000275,264,308,-44
122000276,1187,967,220
122000277,2195,2264,-69
122000278,3991,1720,2271
122000279,354,738,-384
122000280,1580,1186,394
122000281,1118,1209,-91
122000282,703,278,425
122000283,858,151,707
122000284,414,168,246
122000285,689,131,558
122000286,169,249,-80
122000287,1716,2198,-482
122000288,757,486,271
122000291,2437,1222,1215
122000293,579,355,224
122000294,159,342,-183
122000295,3156,265,2891
122000296,193,740,-547
122000297,4490,3658,832
122000299,547,563,-16
122000300,577,712,-135
122000301,16332,4269,12063
122000302,1075,2368,-1293
122000303,5199,1865,3334
122000304,110,472,-362
122000305,1350,426,924
122000306,34,1295,-1261
122000307,340,230,110
122000309,175,73,102
122000310,26,70,-44
122000311,371,220,151
122000312,180,183,-3
122000313,108,102,6
122000314,118,348,-230
122000315,401,41,360
122000316,946,280,666
122000317,1791,311,1480
122000318,359,1117,-758
122000319,311,535,-224
122000320,615,2448,-1833
122000321,222,235,-13
122000322,2921,2311,610
122000323,1805,2327,-522
122000324,1248,1424,-176
122000325,1311,1792,-481
122000326,81,165,-84
122000327,673,1064,-391
122000328,1194,970,224
122000330,2750,1092,1658
122000332,529,538,-9
122000333,11,122,-111
122000337,1511,2372,-861
122000338,549,695,-146
122000340,392,536,-144
122000342,2431,1331,1100
122000343,438,631,-193
122000344,75,43,32
122000345,255,59,196
122000346,889,711,178
122000348,990,1150,-160
122000349,185,950,-765
122000351,143,273,-130
122000352,542,203,339
122000353,114,130,-16
122000355,192,305,-113
122000356,1754,1314,440
122000357,174,23,151
122000358,0,63,-63
122000359,0,49,-49
122000360,0,90,-90
122000362,13,120,-107
122000364,195,510,-315
122000365,19,56,-37
122000366,44,11,33
122000368,514,881,-367
122000370,63,85,-22
122000371,23,0,23
122000372,27,3,24
122000381,93,473,-380
122000382,100,426,-326
122000384,4188,1829,2359
122000385,135,2,133
122000386,509,1530,-1021
122000387,606,675,-69
122000388,1529,1131,398
122000389,190,846,-656
122000390,372,358,14
122000391,460,232,228
122000392,466,417,49
122000393,427,235,192
122000394,857,606,251
122000395,325,287,38
122000396,353,238,115
122000397,59,97,-38
122000398,43,63,-20
122000399,178,93,85
122000400,129,563,-434
122000401,148,115,33
122000402,316,157,159
122000403,709,1431,-722
122000404,259,410,-151
122000408,1108,1490,-382
122000503,12,174,-162
122000524,591,184,407
122000544,145,3499,-3354
122000616,448,6,442
122000640,99,233,-134
122000641,120,499,-379
122000642,1820,1447,373
122000643,74,183,-109
122000644,359,38,321
122000645,174,208,-34
122000651,2093,967,1126
122000664,346,56,290
122000665,1673,815,858
122000666,866,1460,-594
122000673,49,382,-333
122000674,199,83,116
122000675,2100,1605,495
122000686,1757,1524,233
122000687,4105,441,3664
122000688,331,1284,-953
122000689,1180,830,350
122000690,2658,707,1951
122000691,1597,2765,-1168
122000692,2119,551,1568
122000693,694,2465,-1771
122000695,341,725,-384
122000696,427,490,-63
122000698,408,1303,-895
122000699,377,226,151
122000701,1586,506,1080
122000702,603,1723,-1120
122000703,174,55,119
122000717,192,52,140
122000718,433,937,-504
122000719,102,130,-28
122000720,363,418,-55
122900001,52,5,47
122900002,1922,5755,-3833
122900003,522,90,432
122900004,1223,57,1166
122900005,293,63,230
122900006,1848,497,1351
122900007,572,84,488
122900008,1198,105,1093
122900009,1216,584,632
122900010,285,139,146
122900012,293,539,-246
122900014,306,499,-193
122900015,3003,1173,1830
122900016,158,456,-298
122900017,475,1149,-674
122900018,249,22,227
122900019,30,254,-224
122900020,631,566,65
122900021,156,943,-787
122900022,1134,1053,81
122900023,609,449,160
122900024,226,166,60
122900025,19,363,-344
122900026,117,588,-471
122900027,77,1299,-1222
122900028,207,321,-114
122900029,6028,3761,2267
122900030,1536,841,695
122900031,112,355,-243
122900032,149,467,-318
122900033,262,200,62
122900034,6964,6430,534
122900035,35,14,21
122900036,61,127,-66
122900037,473,197,276
122900038,178,3665,-3487
122900039,159,596,-437
122900040,344,627,-283
122900041,490,341,149
122900042,238,458,-220
122900043,483,331,152
122900044,122,479,-357
122900045,135,154,-19
122900046,349,183,166
122900047,286,288,-2
122900048,47,366,-319
122900049,1825,254,1571
122900051,107,193,-86
122900052,60,207,-147
122900053,102,49,53
122900055,788,302,486
122900057,379,103,276
122900061,672,287,385
122900062,781,1045,-264
122900063,179,501,-322
122900064,1675,641,1034
122900065,607,300,307
122900066,885,553,332
122900067,2228,1186,1042
122900068,393,337,56
122900069,1503,2462,-959
122900070,538,106,432
122900071,143,612,-469
122900072,21,907,-886
122900073,62,453,-391
122900074,753,1043,-290
122900075,0,85,-85
122900076,13,303,-290
122900077,4,212,-208
122900078,359,192,167
122900080,54,42,12
122900081,351,313,38
122900082,1100,672,428
122900083,195,491,-296
122900084,21,391,-370
122900086,23,161,-138
122900087,522,866,-344
122900088,34,177,-143
122900089,165,285,-120
122900090,34,757,-723
122900091,207,2,205
122900092,1,228,-227
122900093,2,385,-383
122900094,2,266,-264
122900095,159,9,150
122900096,421,262,159
122900097,38,30,8
122900098,142,181,-39
122900099,39,10,29
122900100,914,327,587
122900101,597,295,302
122900102,24,41,-17
122900103,60,12,48
122900104,102,17,85
122900105,23,14,9
122900106,18,145,-127
122900107,13,249,-236
122900108,8,241,-233
123000001,2181,595,1586
123000002,5502,5915,-413
123000003,4664,4697,-33
123000004,3655,4978,-1323
123000005,3486,3400,86
123000006,2979,3636,-657
123000007,7110,3297,3813
123000008,6699,4212,2487
123000009,5890,3783,2107
123000010,4385,4951,-566
123000011,2971,1099,1872
123000012,1122,3042,-1920
123000013,4668,1064,3604
123000014,1676,4462,-2786
123000015,6810,1460,5350
123000016,8057,6173,1884
123000017,3831,2306,1525
123000018,68,187,-119
123000019,354,515,-161
123000020,237,276,-39
123000021,95,283,-188
123000022,452,2450,-1998
123000023,3344,1929,1415
123000024,1691,787,904
123000025,330,239,91
123000026,344,83,261
123000027,688,539,149
123000028,2584,339,2245
123000029,1976,831,1145
123000030,305,692,-387
123000031,288,453,-165
123000032,407,293,114
123000033,335,92,243
123000034,1347,1427,-80
123000035,633,708,-75
123000036,414,1294,-880
123000037,629,861,-232
123000038,166,297,-131
123000039,484,1549,-1065
123000040,1051,597,454
123000041,1486,1473,13
123000042,1589,867,722
123000043,4327,9976,-5649
123000044,6723,3545,3178
123000045,12262,3999,8263
123000046,1029,1866,-837
123000047,2858,1469,1389
123000048,129,789,-660
123000049,9838,11501,-1663
123000050,1580,1799,-219
123000051,143,261,-118
123000052,1202,4185,-2983
123000053,3741,4184,-443
123000054,2028,2201,-173
123000055,2514,2849,-335
123000056,2187,2864,-677
123000057,20258,9781,10477
123000058,1002,1229,-227
123000059,715,830,-115
123000060,1417,796,621
123000061,876,1129,-253
123000063,1124,1258,-134
123000064,1312,455,857
123000065,13892,4194,9698
123000066,1054,918,136
123000067,1536,1022,514
123000068,4125,3966,159
123000069,10000,5385,4615
123000070,415,1078,-663
123000071,1277,1364,-87
123000072,1301,1716,-415
123000073,1276,1150,126
123000074,1387,1746,-359
123000075,393,1370,-977
123000076,1432,1030,402
123000077,2171,4022,-1851
123000078,1882,2326,-444
123000079,1865,2666,-801
123000080,2839,3153,-314
123000081,196,744,-548
123000082,528,1712,-1184
123000083,1159,334,825
123000084,705,742,-37
123000085,397,162,235
123000086,569,358,211
123000087,482,532,-50
123000088,4026,1583,2443
123000089,654,1561,-907
123000090,1596,1190,406
123000091,1794,1848,-54
123000092,1053,1420,-367
123000094,750,407,343
123000095,1252,1034,218
123000096,909,676,233
123000097,611,1128,-517
123000098,937,737,200
123000099,855,932,-77
123000100,886,1067,-181
123000101,971,796,175
123000102,910,981,-71
123000104,521,487,34
123000105,648,577,71
123000106,492,511,-19
123000107,442,644,-202
123000108,964,1524,-560
123000111,1218,445,773
123000112,1209,943,266
123000113,587,2086,-1499
123000114,885,867,18
123000115,526,357,169
123000116,41,137,-96
123000117,4524,3278,1246
123000118,568,1525,-957
123000119,479,1207,-728
123000120,1655,1328,327
123000121,587,839,-252
123000122,362,315,47
123000123,525,828,-303
123000124,561,580,-19
123000125,1372,1331,41
123000126,1587,4516,-2929
123000127,1030,854,176
123000128,311,369,-58
123000129,775,321,454
123000130,797,144,653
123000131,957,785,172
123000132,454,815,-361
123000133,333,501,-168
123000134,416,279,137
123000135,2688,1762,926
123000136,354,1260,-906
123000137,171,496,-325
123000138,114,561,-447
123000139,518,170,348
123000140,227,1211,-984
123000141,983,189,794
123000142,1209,1382,-173
123000143,1723,2631,-908
123000144,153,55,98
123000145,817,145,672
123000146,61,129,-68
123000147,218,171,47
123000149,342,503,-161
123000150,202,353,-151
123000151,338,578,-240
123000152,417,571,-154
123000153,948,952,-4
123000154,2440,2229,211
123000155,3161,1536,1625
123000156,50,182,-132
123000157,622,1135,-513
123000158,836,938,-102
123000159,4713,3359,1354
123000160,1202,1009,193
123000161,2025,1469,556
123000162,1456,2427,-971
123000163,661,185,476
123000164,1799,453,1346
123000165,584,2660,-2076
123000166,58,244,-186
123000167,180,360,-180
123000168,318,311,7
123000169,877,184,693
123000170,92,301,-209
123000171,808,66,742
123000172,638,861,-223
123000173,866,347,519
123000174,1289,493,796
123000175,1234,1934,-700
123000176,1621,379,1242
123000177,693,1732,-1039
123000178,947,230,717
123000179,52,983,-931
123000180,2098,422,1676
123000181,441,2331,-1890
123000182,439,792,-353
123000183,167,506,-339
123000184,392,1140,-748
123000185,1004,650,354
123000186,14,1159,-1145
123000187,719,3,716
123000188,201,1,200
123000189,205,259,-54
123000190,76,89,-13
123000192,26,779,-753
123000193,113,1415,-1302
123000194,587,553,34
123000195,432,40,392
123000196,461,54,407
123000197,72,194,-122
123000198,48,450,-402
123000199,58,899,-841
123000200,639,25,614
123000201,1187,37,1150
123000202,19,1795,-1776
123000203,1136,105,1031
123000204,143,1982,-1839
123000205,718,3169,-2451
123000206,2327,278,2049
123000207,104,1502,-1398
123000208,719,193,526
123000209,2376,629,1747
123000210,781,3273,-2492
123000211,967,4646,-3679
123000212,3303,701,2602
123000213,880,133,747
123000215,167,300,-133
123000216,364,2021,-1657
123000217,318,45,273
123000218,102,895,-793
123000219,1592,196,1396
123000220,1030,188,842
123000221,992,240,752
123000222,593,789,-196
123000223,417,640,-223
123000224,536,768,-232
123000225,903,147,756
123000226,200,526,-326
123000227,127,487,-360
123000228,416,122,294
123000229,1439,2472,-1033
123000232,589,890,-301
123000233,1311,308,1003
123000234,205,1035,-830
123000235,1128,656,472
123000236,387,1383,-996
123000237,418,138,280
123000238,137,772,-635
123000239,680,2539,-1859
123000240,78,511,-433
123000241,749,170,579
123000242,276,251,25
123000243,995,1100,-105
123000244,1345,889,456
123000245,95,264,-169
123000249,513,903,-390
123000252,911,381,530
123000253,1343,686,657
123000254,1205,2113,-908
123000255,1610,1439,171
123000256,52,438,-386
123000257,4458,3425,1033
123000258,2153,1534,619
123000259,418,528,-110
123000260,439,686,-247
123000261,229,327,-98
123000262,112,272,-160
123000263,477,125,352
123000264,211,146,65
123000265,104,234,-130
123000266,957,1471,-514
123000267,725,458,267
123000268,45,105,-60
123000269,59,62,-3
123000270,26,65,-39
123000271,98,148,-50
123000272,973,324,649
123000273,302,804,-502
123000274,1371,830,541
123000275,479,1319,-840
123000278,7630,3699,3931
123000279,118,166,-48
123000280,846,538,308
123000281,450,163,287
123000282,158,409,-251
123000283,89,63,26
123000284,94,172,-78
123000286,348,389,-41
123000287,649,390,259
123000288,1666,980,686
123000289,524,1876,-1352
123000291,402,1111,-709
123000294,163,316,-153
123000295,1263,1346,-83
123000296,708,559,149
123000297,421,685,-264
123000298,583,468,115
123000299,40,176,-136
123000300,1098,967,131
123000301,164,276,-112
123000302,82,315,-233
123000303,133,138,-5
123000305,1266,1148,118
123000306,171,295,-124
123000309,44,99,-55
123000310,66,46,20
123000311,0,188,-188
123000312,639,1474,-835
123000313,601,519,82
123000315,126,536,-410
123000316,1749,142,1607
123000317,275,71,204
123000318,70,378,-308
123000329,22,21,1
123000337,950,336,614
123000338,1146,76,1070
123000339,238,302,-64
123000340,183,845,-662
123000342,195,21,174
123000343,75,8,67
123000344,1803,1093,710
123000345,473,1297,-824
123000346,341,71,270
123000352,2061,1140,921
123000353,29,174,-145
123000354,671,13,658
123000355,3,1149,-1146
123000356,721,17,704
123000357,3,245,-242
123000359,5,223,-218
123000360,183,191,-8
123000361,567,497,70
123000362,519,163,356
123000363,169,260,-91
123000364,938,619,319
123000365,41,493,-452
123000366,607,2514,-1907
123000367,423,1631,-1208
123000370,117,335,-218
123000371,2877,64,2813
123000372,642,28,614
123000373,17,610,-593
123000374,221,384,-163
123000375,939,58,881
123000376,1062,696,366
123000377,614,49,565
123000378,21,446,-425
123000379,10,341,-331
123000380,104,498,-394
123000381,194,70,124
123000382,1847,238,1609
123000383,318,1662,-1344
123000384,626,128,498
123000385,494,644,-150
123000436,56,1276,-1220
123000507,154,346,-192
123000508,181,1238,-1057
123000517,408,52,356
123000518,35,357,-322
123000519,182,115,67
123000520,71,317,-246
123000521,398,133,265
123000522,151,619,-468
123000541,6,11,-5
123000542,1,30,-29
123000565,644,71,573
123000566,272,1044,-772
123000567,128,372,-244
123000573,48,1331,-1283
123000574,1089,91,998
123000575,1528,1807,-279
123000576,1063,2424,-1361
123000577,89,906,-817
123000578,759,92,667
123000579,4096,6716,-2620
123000580,108,27,81
123000582,505,70,435
123000583,43,597,-554
123000584,196,383,-187
123000585,1,420,-419
123000586,98,0,98
123000596,140,173,-33
123000597,68,166,-98
123000602,30,14,16
123000603,735,870,-135
123000604,582,1397,-815
123000605,1220,180,1040
123000606,4,547,-543
123000609,45,421,-376
123000610,228,211,17
123000613,38,247,-209
123000614,370,71,299
123000615,62,213,-151
123000616,907,73,834
123000617,179,836,-657
123000618,120,1158,-1038
123000619,742,72,670
123000620,31,805,-774
123000622,548,38,510
123000624,175,48,127
123000630,992,566,426
123000631,376,1991,-1615
123000632,971,1183,-212
123000633,0,238,-238
123000634,78,153,-75
123000635,181,134,47
123000636,30,729,-699
123000637,191,172,19
123000638,772,74,698
123000639,1642,4588,-2946
123000640,24,1016,-992
123900001,1866,64,1802
123900002,85,1878,-1793
123900003,762,752,10
123900005,291,189,102
123900006,396,64,332
124000001,2483,174,2309
124000002,149,2486,-2337
124000003,976,256,720
124000004,83,874,-791
124000005,1514,652,862
124000006,326,1873,-1547
124000007,1015,192,823
124000008,20,945,-925
124000009,846,541,305
124000010,245,622,-377
124000011,2248,665,1583
124000012,524,710,-186
124000017,207,322,-115
124000018,129,140,-11
124000019,146,303,-157
124000020,84,238,-154
124000021,153,201,-48
124000022,106,284,-178
124000023,1940,1862,78
124000024,1517,632,885
124000025,1429,1978,-549
124000026,1319,1329,-10
124000027,6021,5985,36
124000028,3212,5730,-2518
124000030,3961,1691,2270
124000031,1767,3666,-1899
124000032,4201,1453,2748
124000033,389,615,-226
124000034,1705,888,817
124000035,73,231,-158
124000036,190,283,-93
124000037,1566,1537,29
124000038,111,80,31
124000039,2637,754,1883
124000040,1006,1600,-594
124000041,941,102,839
124000042,279,515,-236
124000043,355,122,233
124000044,152,328,-176
124000045,1081,888,193
124000046,432,829,-397
124000047,1555,1462,93
124000048,1291,1866,-575
124000049,2482,1153,1329
124000050,1190,2545,-1355
124000051,1149,1004,145
124000052,859,1588,-729
124000053,632,1944,-1312
124000054,1139,799,340
124000055,1558,3363,-1805
124000056,3519,2262,1257
124000057,1083,892,191
124000058,625,1847,-1222
124000059,710,1421,-711
124000060,1664,1092,572
124000061,1748,5411,-3663
124000062,5807,2269,3538
124000063,1773,2291,-518
124000064,3874,2214,1660
124000065,24,1187,-1163
124000066,237,91,146
124000067,291,379,-88
124000068,14,61,-47
124000069,354,25,329
124000070,272,233,39
124000071,3154,178,2976
124000072,1207,582,625
124000073,1145,272,873
124000074,333,986,-653
124000075,373,88,285
124000076,7,359,-352
124000077,2466,1042,1424
124000078,4171,1682,2489
124000079,882,1776,-894
124000080,1520,426,1094
124000081,448,763,-315
124000082,28,256,-228
124000083,79,161,-82
124000084,42,294,-252
124000085,230,30,200
124000086,155,115,40
124000087,930,124,806
124000088,353,605,-252
124000089,1452,779,673
124000090,169,441,-272
124000091,452,117,335
124000092,81,600,-519
124000093,166,261,-95
124000094,447,669,-222
124000095,122,207,-85
124000096,175,497,-322
124000097,115,267,-152
124000098,101,126,-25
124000099,123,131,-8
124000100,39,110,-71
124000101,80,196,-116
124000102,125,99,26
124000103,96,148,-52
124000104,133,98,35
124000105,99,104,-5
124000106,174,92,82
124000107,20,153,-133
124000108,117,41,76
124000109,120,193,-73
124000110,268,144,124
124000111,212,243,-31
124000112,805,900,-95
124000113,83,144,-61
124000114,302,635,-333
124000115,450,894,-444
124000116,106,229,-123
124000117,54,93,-39
124000118,36,111,-75
124000119,1208,767,441
124000120,765,549,216
124000121,1862,913,949
124000122,729,1694,-965
124000123,1923,792,1131
124000124,611,1440,-829
124000125,457,646,-189
124000126,331,910,-579
124000127,982,621,361
124000128,649,1524,-875
124000129,2420,2021,399
124000130,999,998,1
124000131,1043,726,317
124000132,1011,1022,-11
124000133,858,1231,-373
124000134,1181,923,258
124000135,2215,2382,-167
124000136,1323,1564,-241
124000137,1644,1057,587
124000138,2208,1847,361
124000139,2051,49,2002
124000140,114,734,-620
124000141,907,32,875
124000142,28,302,-274
124000143,75,63,12
124000144,26,69,-43
124000145,530,130,400
124000146,329,117,212
124000148,205,280,-75
124000149,2324,866,1458
124000150,644,905,-261
124000151,826,369,457
124000152,877,1384,-507
124000153,1040,831,209
124000154,518,889,-371
124000155,1312,1006,306
124000156,1624,1254,370
124000169,239,521,-282
124000170,854,571,283
124000171,301,309,-8
124000172,434,814,-380
124000173,591,276,315
124000174,402,875,-473
124000175,33,224,-191
124000176,159,64,95
124000177,33,56,-23
124000178,271,124,147
124000190,60,48,12
124000191,142,57,85
124000192,3888,612,3276
124000193,1820,1316,504
124000194,479,800,-321
124000195,262,721,-459
124000196,1301,1481,-180
124000197,111,104,7
124000198,62,87,-25
124000201,581,1390,-809
124000202,880,558,322
124000203,805,1156,-351
124000204,1093,595,498
124000205,453,721,-268
124000206,1569,574,995
124000207,0,98,-98
124000209,302,802,-500
124000210,625,283,342
124000211,654,1,653
124000212,5,663,-658
124000213,550,556,-6
124000214,454,953,-499
124000215,662,40,622
124000216,3,612,-609
124000329,241,2416,-2175
124000338,253,1264,-1011
124000339,1373,380,993
124000341,1529,415,1114
124000344,73,8,65
124000357,1076,2446,-1370
124000358,906,1638,-732
124000359,1611,1092,519
124000360,944,834,110
124000361,3068,953,2115
124000362,2019,2190,-171
124000363,317,602,-285
124000364,872,1422,-550
124000365,794,1378,-584
124000366,1924,1036,888
124000367,196,664,-468
124000368,656,561,95
124000369,183,246,-63
124000370,103,653,-550
124000402,46,49,-3
124000403,296,110,186
124000404,28,194,-166
124000405,1234,1181,53
124000406,1061,1378,-317
124000407,9,57,-48
124000411,10,493,-483
124000412,442,23,419
124000413,354,72,282
124000414,106,144,-38
124000415,87,180,-93
124000416,161,315,-154
124000417,185,139,46
124000418,187,192,-5
124000419,79,130,-51
124000420,53,114,-61
124000421,78,210,-132
124000422,23,25,-2
124000423,155,64,91
124000424,2,86,-84
124000425,52,71,-19
124000426,8,54,-46
124000427,97,18,79
124000428,17,62,-45
124000429,72,85,-13
124000430,940,864,76
124000431,772,1013,-241
124000432,353,1195,-842
124000439,4,6,-2
124000442,9,183,-174
124000443,1,8,-7
124000445,169,699,-530
124000446,1136,49,1087
124900001,462,613,-151
124900002,304,670,-366
124900003,1015,975,40
124900004,576,521,55
124900005,838,308,530
124900006,736,502,234
124900008,2420,885,1535
124900009,294,698,-404
124900010,368,294,74
124900011,866,822,44
124900012,1025,324,701
124900013,1263,212,1051
124900014,886,144,742
124900015,226,711,-485
124900016,129,201,-72
124900017,1135,1731,-596
124900018,92,6,86
124900019,578,54,524
124900020,284,149,135
124900021,1075,133,942
124900022,184,6,178
124900024,405,63,342
124900026,391,18,373
124900027,99,615,-516
124900028,1038,229,809
124900029,20,733,-713
124900030,24,235,-211
124900031,94,549,-455
124900032,223,352,-129
124900033,485,630,-145
124900034,15,151,-136
124900035,223,789,-566
124900036,4,58,-54
124900037,169,607,-438
124900038,440,364,76
124900039,0,81,-81
124900040,196,101,95
124900041,261,1127,-866
124900042,408,5,403
124900043,427,1062,-635
124900044,81,3,78
124900045,1200,1206,-6
124900046,2504,457,2047
124900047,179,260,-81
124900048,250,146,104
124900050,134,278,-144
124900052,225,936,-711
124900053,417,470,-53
124900054,2453,1060,1393
124900055,3,286,-283
124900057,5,74,-69
124900060,177,353,-176
124900061,126,15,111
124900062,408,58,350
124900066,2,44,-42
124900067,8,285,-277
124900068,476,1485,-1009
124900069,488,186,302
124900070,351,43,308
124900072,142,68,74
124900074,810,433,377
124900075,273,357,-84
124900076,59,1481,-1422
124900077,38,301,-263
124900078,151,41,110
124900079,879,414,465
124900080,243,695,-452
124900081,830,635,195
124900082,362,927,-565
124900083,215,585,-370
124900084,2183,156,2027
124900085,1336,487,849
124900086,188,1733,-1545
124900087,793,149,644
124900088,913,168,745
124900089,1724,49,1675
124900090,361,434,-73
124900091,356,703,-347
124900092,285,455,-170
124900093,431,434,-3
124900094,423,492,-69
124900095,106,663,-557
124900096,742,697,45
124900097,385,188,197
124900098,164,735,-571
124900099,1352,819,533
124900100,450,169,281
124900101,156,863,-707
124900102,261,79,182
124900103,174,481,-307
124900104,61,300,-239
124900105,81,266,-185
124900106,627,98,529
124900107,126,28,98
124900108,150,125,25
124900109,119,327,-208
124900110,1411,528,883
124900111,1,121,-120
124900112,109,1155,-1046
124900113,6,11,-5
124900114,6,4,2
124900115,8,2,6
124900116,14,18,-4
124900117,7,2,5
124900118,1,12,-11
124900119,17,4,13
124900120,2,10,-8
124900121,0,12,-12
124900122,9,13,-4
124900123,3,3,0
124900124,2,5,-3
129000186,202,50,152
204000001,73,3,70
204000002,30,1,29
204000003,34,4,30
204000004,7,1,6
204000005,624,500,124
204000006,1577,1315,262
204000008,1445,768,677
204000011,10,46,-36
204000012,69,80,-11
204000013,12,26,-14
204000019,613,627,-14
204000020,906,697,209
204000021,2739,858,1881
204000022,671,516,155
204000023,638,1054,-416
204000031,59,27,32
204000032,725,37,688
204000034,29,356,-327
204000035,1,10,-9
204000036,12,34,-22
204000037,1,24,-23
204000038,0,6,-6
204000039,85,32,53
204000040,5,30,-25
204000041,7,47,-40
204000042,62,13,49
204000043,29,4,25
204000044,80,8,72
204000045,62,2,60
204000046,34,4,30
204000057,10,39,-29
204000062,7,13,-6
204000068,53,310,-257
204000069,18,336,-318
204000070,156,197,-41
204000080,122,62,60
204000085,2419,2850,-431
204000086,2565,2656,-91
204000087,45,10,35
204000088,5,122,-117
204000090,44,463,-419
204000093,346,76,270
204000096,820,1060,-240
204000097,577,17,560
204000099,1215,1443,-228
204000100,1454,1966,-512
204000105,2566,2263,303
204000110,1807,1829,-22
204000111,469,1000,-531
204000112,2230,875,1355
204000113,700,935,-235
204000114,1055,897,158
204000115,845,375,470
204000116,5374,692,4682
204000119,2175,2806,-631
204000132,706,479,227
204000133,775,431,344
204000134,648,190,458
204000135,790,144,646
204000136,688,358,330
204000138,423,900,-477
204000140,182,169,13
204000141,162,79,83
204000144,6,40,-34
204000145,667,34,633
204000146,32,433,-401
204000147,31,191,-160
204000148,1450,38,1412
204000154,5,2,3
204000155,9,11,-2
204000177,110,79,31
204000179,27,11,16
204000180,0,43,-43
204000222,30,17,13
204000235,25,31,-6
204000236,92,310,-218
204000238,34,29,5
204000240,428,98,330
204000263,93,374,-281
204000308,188,31,157
204000317,8,122,-114
204000322,13,58,-45
204000323,31,11,20
204000328,322,61,261
204000329,50,259,-209
204000330,243,30,213
204000331,157,151,6
204010341,14,215,-201
205000001,1083,2153,-1070
205000013,3,65,-62
205000014,23,106,-83
205000015,31,195,-164
205000016,46,168,-122
205000017,19,106,-87
205000022,300,971,-671
205000025,1390,1296,94
205000029,224,18,206
205000045,136,345,-209
205000047,154,486,-332
205000048,354,1114,-760
205000049,145,925,-780
205000050,716,325,391
205000059,0,227,-227
205000060,1,107,-106
205000061,4,54,-50
205000062,1,52,-51
205000063,11,68,-57
205000064,16,93,-77
205000065,42,640,-598
205000066,84,753,-669
205000067,42,936,-894
205000069,199,17,182
205000082,140,205,-65
205000110,56,301,-245
205000111,188,258,-70
205000112,253,253,0
205000113,217,390,-173
205000121,282,77,205
205000123,41,235,-194
205000126,497,146,351
205000127,636,217,419
205000128,512,91,421
205000129,656,111,545
205000130,617,32,585
205000131,197,19,178
205000132,230,1,229
205000133,388,0,388
205000134,249,0,249
205000137,49,179,-130
205000138,239,341,-102
205000139,37,116,-79
205000144,160,88,72
205000145,614,179,435
205000151,208,31,177
205000152,360,30,330
205000153,210,42,168
205000154,118,60,58
205000155,78,17,61
205000207,10,208,-198
205000233,10,0,10
205000234,0,1,-1
205000243,0,0,0
205000244,0,4,-4
205000245,13,220,-207
205000249,1,24,-23
205000250,2,3,-1
205000251,198,453,-255
205000264,7,97,-90
206000027,17,4,13
206000028,2,2,0
206000043,14,75,-61
206000053,2,11,-9
206000054,1,26,-25
206000055,3,39,-36
206000075,13,12,1
206000076,33,12,21
206000077,32,5,27
206000078,16,7,9
206000079,22,5,17
206000082,458,48,410
206000100,52,721,-669
206000103,3,23,-20
206000104,12,18,-6
206000105,7,26,-19
206000106,21,31,-10
206000108,786,34,752
206000125,65,1,64
206000157,65,820,-755
206000170,1,250,-249
206000171,2,252,-250
206000172,7,659,-652
206000173,6,314,-308
206000174,24,119,-95
206000175,4,178,-174
206000176,10,289,-279
206000177,2,215,-213
206000178,2,207,-205
206000179,29,139,-110
206000180,13,206,-193
206000181,29,213,-184
206000182,5,185,-180
206000183,20,729,-709
206000184,3,450,-447
206000185,5,254,-249
206000186,82,1367,-1285
206000223,4,283,-279
206000226,18,5,13
206000227,26,4,22
206000237,30,459,-429
206000238,25,655,-630
206000239,321,2700,-2379
206000240,6,74,-68
206000241,0,123,-123
206000242,15,356,-341
206000243,19,298,-279
206000244,81,738,-657
206000245,811,56,755
206000246,174,18,156
206000247,250,16,234
206000248,313,11,302
206000252,78,22,56
206000258,30,37,-7
206000315,23,4,19
206000317,577,105,472
206000318,529,59,470
206000319,1271,123,1148
206000320,153,39,114
206000321,200,16,184
206000322,500,23,477
206000323,149,6,143
206000324,140,8,132
206000325,248,19,229
206000326,237,13,224
206000327,284,6,278
206000328,156,5,151
206000329,333,3,330
206000330,70,8,62
206000331,181,1,180
206000332,39,1,38
206000333,602,5,597
206000334,230,4,226
206000335,0,14,-14
206000361,4,278,-274
206000392,4,32,-28
206000405,120,0,120
206000441,46,15,31
206000498,46,1,45
206000515,146,24,122
206000530,269,53,216
206000531,229,206,23
206000532,1925,247,1678
206000535,353,2295,-1942
206000536,21,240,-219
206000537,25,210,-185
206000613,1595,211,1384
207000001,136,609,-473
207000002,102,362,-260
207000003,143,184,-41
207000007,818,269,549
207000008,73,12,61
207000009,91,20,71
207000010,487,543,-56
207000012,392,351,41
207000015,335,1477,-1142
207000019,289,89,200
207000021,763,180,583
207000022,175,127,48
207000023,252,53,199
207000024,9,11,-2
207000025,44,70,-26
207000026,131,78,53
207000027,27,104,-77
207000028,60,223,-163
207000029,378,471,-93
207000033,288,409,-121
207000034,330,113,217
207000039,401,159,242
207000040,271,101,170
207000041,241,60,181
207000042,316,102,214
207000043,363,222,141
207000051,171,323,-152
207000052,161,192,-31
207000053,465,624,-159
207000054,36,86,-50
207000055,174,136,38
207000056,373,409,-36
207000057,191,293,-102
207000058,247,371,-124
207000059,73,681,-608
207000060,58,193,-135
207000061,193,423,-230
207000062,262,46,216
207000063,271,150,121
207000064,763,271,492
207000065,610,315,295
207000066,217,189,28
207000067,80,109,-29
207000068,191,89,102
207000069,891,430,461
207000082,11,244,-233
207000083,126,338,-212
207000084,207,229,-22
207000085,220,15,205
207000086,133,9,124
207000106,20,59,-39
207000107,77,29,48
207000108,54,22,32
207000109,61,17,44
207000110,102,85,17
207000111,62,83,-21
207000112,196,489,-293
207000114,27,44,-17
207000115,25,109,-84
207000116,30,542,-512
207000117,12,116,-104
207000118,6,110,-104
207000119,44,135,-91
207000123,174,40,134
207000124,62,26,36
207000125,87,52,35
207000126,104,59,45
207000134,50,137,-87
207000135,17,229,-212
207000148,78,273,-195
207000149,92,62,30
207000152,138,410,-272
207000153,1212,1529,-317
207000154,424,157,267
207000159,115,270,-155
207000160,196,503,-307
207000238,1,197,-196
207000242,5,227,-222
207000248,85,31,54
207000249,149,53,96
207000250,845,102,743
207000251,102,95,7
207000252,195,80,115
207000278,113,69,44
207000279,26,225,-199
207000280,518,77,441
207000281,123,1088,-965
207000282,205,93,112
207000283,128,196,-68
207000284,56,162,-106
207000285,120,57,63
207000291,23,161,-138
207000304,154,52,102
207000306,111,509,-398
207000310,92,86,6
207000353,240,3,237
207000356,12,58,-46
207000357,35,8,27
207000358,11,14,-3
207000415,3,273,-270
207000417,49,5,44
207000437,0,1,-1
207000439,1287,819,468
207000446,170,2,168
207000460,33,5,28
207000466,224,178,46
207000467,69,106,-37
207000468,22,316,-294
207000476,5,78,-73
207000477,695,115,580
207000523,0,12,-12
207000524,114,16,98
207000527,134,247,-113
207000530,381,14,367
207000531,333,13,320
207000532,137,31,106
207000534,461,42,419
207000535,49,348,-299
207000537,310,182,128
207000540,17,279,-262
207000541,0,453,-453
207000548,17,367,-350
207000549,439,18,421
207000561,132,226,-94
207000562,61,252,-191
207000567,226,279,-53
207000568,207,121,86
207000569,467,1177,-710
207000584,442,273,169
207000585,118,345,-227
207000616,0,177,-177
207000617,216,3,213
207900008,221,114,107
208000001,766,1007,-241
208000002,1275,532,743
208000003,1105,453,652
208000004,1752,634,1118
208000005,18,20,-2
208000019,803,1387,-584
208000020,221,718,-497
208000021,239,512,-273
208000022,1119,638,481
208000028,2681,1260,1421
208000033,619,1032,-413
208000034,1338,1800,-462
208000040,270,247,23
208000041,1163,824,339
208000042,1719,961,758
208000047,145,329,-184
208000064,4003,1756,2247
208000066,2471,2443,28
208000070,354,447,-93
208000071,330,1158,-828
208000072,292,1624,-1332
208000080,277,356,-79
208000081,305,180,125
208000082,336,300,36
208000083,168,445,-277
208000084,23,11,12
208000085,1119,683,436
208000086,498,1134,-636
208000087,761,902,-141
208000089,882,550,332
208000090,862,988,-126
208000093,179,132,47
208000094,1483,551,932
208000095,801,509,292
208000104,1098,1287,-189
208000105,1224,1314,-90
208000114,110,347,-237
208000115,535,613,-78
208000116,692,1301,-609
208000117,164,148,16
208000118,107,128,-21
208000155,949,1127,-178
208000158,1738,3793,-2055
208000186,5248,4306,942
208000204,602,1137,-535
208000205,1098,1358,-260
208000282,7476,3295,4181
209000004,648,200,448
209000005,64,41,23
209000006,403,173,230
209000007,296,291,5
209000010,547,194,353
209000011,228,315,-87
209000012,841,224,617
209000013,584,613,-29
209000014,632,1591,-959
209000025,253,41,212
209000026,728,96,632
209000027,532,1147,-615
209000028,621,997,-376
209000029,638,940,-302
209000030,592,1898,-1306
209000031,3373,2819,554
209000034,193,209,-16
209000035,125,155,-30
209000036,157,120,37
209000037,225,241,-16
209000038,83,136,-53
209000039,64,127,-63
209000040,320,608,-288
209000041,165,459,-294
209000042,217,461,-244
209000043,898,979,-81
209000044,190,880,-690
209000045,1464,828,636
209000046,553,1524,-971
209000047,577,337,240
209000048,506,377,129
209000049,91,127,-36
209000050,202,158,44
209000051,312,396,-84
209000052,207,323,-116
209000062,41,145,-104
209000063,63,115,-52
209000064,54,153,-99
209000065,78,47,31
209000066,69,31,38
209000067,94,45,49
209000080,60,279,-219
209000082,86,30,56
209000091,40,162,-122
209000093,67,29,38
209000094,230,295,-65
209000110,35,101,-66
209000111,546,1696,-1150
209000112,922,1433,-511
209000113,1734,1302,432
209000114,755,675,80
209000115,62,165,-103
209000116,578,547,31
209000118,44,46,-2
209000119,30,20,10
209000121,136,664,-528
209000135,76,172,-96
209000142,623,1478,-855
209000143,98,104,-6
209000144,56,141,-85
209000229,324,433,-109
209000240,38,440,-402
209000259,110,117,-7
209000260,74,1223,-1149
209000261,9,842,-833
209000262,1,585,-584
209000263,0,190,-190
209000264,0,149,-149
209000265,1419,25,1394
209000266,694,9,685
209000267,2065,20,2045
209000268,689,92,597
210000037,48,14,34
210000047,101,34,67
210000048,86,31,55
210000049,60,14,46
210000052,50,88,-38
210000053,25,84,-59
210000054,67,94,-27
210000070,184,4,180
210000071,182,0,182
210000072,82,0,82
210000073,1,27,-26
210000074,2,122,-120
210000075,7,84,-77
210000076,42,195,-153
210000077,16,44,-28
210000078,46,35,11
210000079,49,24,25
210000080,89,53,36
210000081,294,41,253
210000082,211,1,210
210000083,103,2,101
210000084,33,0,33
210000085,1,109,-108
210000086,6,145,-139
210000099,44,269,-225
210000100,36,186,-150
210000101,113,200,-87
210000105,43,226,-183
210000159,0,178,-178
210000163,208,225,-17
210000164,217,160,57
210000168,156,35,121
210000187,0,16,-16
210000188,0,23,-23
210000214,81,0,81
210000219,30,43,-13
210000220,91,81,10
210000232,2,36,-34
210000233,29,76,-47
210000234,24,123,-99
210000235,62,90,-28
210000245,0,30,-30
210000246,49,4,45
210000258,14,136,-122
210000259,711,92,619
210000282,163,292,-129
210000285,1,128,-127
210000286,20,241,-221
210000295,41,147,-106
210000296,49,45,4
210000320,188,130,58
210000321,135,97,38
210000338,83,76,7
210000339,484,1181,-697
210000340,175,381,-206
210000341,220,277,-57
210000342,208,250,-42
210000343,226,195,31
210000344,223,121,102
210000345,188,185,3
210000346,55,111,-56
210000347,103,29,74
210000348,147,15,132
210000349,59,11,48
210000350,115,67,48
210000351,140,156,-16
210000352,86,95,-9
210000353,63,114,-51
210000354,256,103,153
210000355,63,121,-58
210000356,41,74,-33
210000357,76,37,39
210000358,286,109,177
210000359,93,69,24
210000360,180,101,79
210000361,170,154,16
210000362,339,270,69
210000363,1051,269,782
210000364,244,186,58
210000365,154,71,83
210000366,92,70,22
210000367,77,40,37
210000368,175,47,128
210000369,33,17,16
210000370,49,38,11
210000372,68,31,37
210000373,43,8,35
210000374,46,18,28
210000375,40,96,-56
210000376,119,133,-14
210000404,114,143,-29
210000439,20,68,-48
210000472,120,7,113
210000482,71,108,-37
210000564,553,312,241
210000568,398,0,398
211000092,70,65,5
211000094,28,5,23
211000169,256,20,236
211000172,19,202,-183
211000209,0,26,-26
211000275,27,26,1
211000276,98,33,65
211000279,21,54,-33
211000281,78,46,32
211507980,2,45,-43
211977296,75,4,71
212000003,135,43,92
212000004,48,23,25
212000005,15,23,-8
212000006,35,80,-45
212000008,173,231,-58
212000009,26,171,-145
212000012,80,111,-31
212000013,34,69,-35
212000014,297,227,70
212000015,344,306,38
212000016,611,742,-131
212000027,596,633,-37
212000028,310,545,-235
212000029,238,348,-110
212000030,65,37,28
212000031,96,75,21
212000048,57,209,-152
212000049,20,135,-115
212000050,24,12,12
212000051,233,256,-23
212000052,160,359,-199
212000053,390,705,-315
212000054,221,165,56
212000055,282,252,30
212000056,19,49,-30
212000057,6,30,-24
212000058,296,44,252
212000070,133,283,-150
212000077,174,798,-624
212000099,328,329,-1
212000108,196,153,43
212000111,250,110,140
212000120,124,114,10
212000138,133,22,111
212000156,8,173,-165
212000158,14,24,-10
212000159,467,52,415
212000160,543,302,241
212000161,59,24,35
212000310,59,14,45
212000311,18,85,-67
212000374,43,12,31
213000001,70,665,-595
213000005,559,147,412
213000006,1355,359,996
213000007,208,4,204
213000009,940,499,441
213000010,201,311,-110
213000011,350,147,203
213000012,124,419,-295
213000014,97,5,92
213000015,246,3,243
213000016,605,3,602
213000017,108,1,107
213000018,1,196,-195
213000019,0,181,-181
213000020,120,557,-437
213000021,8,146,-138
213000023,331,163,168
213000033,368,1873,-1505
213000034,929,409,520
213000035,142,304,-162
213000045,223,355,-132
213000046,260,276,-16
213000047,755,1434,-679
213000056,212,65,147
213000069,119,10,109
213000073,0,33,-33
213000074,117,515,-398
213000075,528,20,508
213000085,8,59,-51
213000086,15,182,-167
213000091,188,22,166
213000092,149,59,90
213000099,181,1262,-1081
213000100,1332,216,1116
213000101,340,176,164
213000102,448,346,102
213000103,1111,1203,-92
213000104,65,536,-471
213000105,6,146,-140
213000106,84,159,-75
213000107,133,712,-579
213000108,23,618,-595
213000109,12,293,-281
213000110,23,107,-84
213000111,12,89,-77
213000112,135,146,-11
213000115,59,14,45
213000116,91,635,-544
213000117,10,1009,-999
213000118,424,323,101
213000119,64,780,-716
213000120,130,632,-502
213000122,157,740,-583
213000123,496,1761,-1265
213000124,121,1660,-1539
213000125,134,23,111
213000126,140,141,-1
213000127,172,213,-41
213000128,698,1150,-452
213000129,453,541,-88
213000130,561,258,303
213000132,364,113,251
213000133,532,163,369
213000134,684,25,659
213000136,588,22,566
213000137,707,91,616
213000139,611,21,590
213000147,100,6,94
213000148,17,7,10
213000149,48,8,40
213000150,1,147,-146
213000151,7,111,-104
213000152,0,116,-116
213000153,3,89,-86
213000154,55,382,-327
213000155,80,374,-294
213000156,122,726,-604
213000157,613,563,50
213000158,428,1245,-817
213000159,653,634,19
213000163,895,120,775
213000165,944,315,629
213000171,1,114,-113
213000172,4,431,-427
213000173,4,351,-347
213000174,9,313,-304
213000175,21,298,-277
213000176,118,35,83
213000177,109,11,98
213000178,111,12,99
213000179,181,5,176
213000180,175,1,174
213000184,175,547,-372
213000188,571,110,461
213000189,395,47,348
213000190,1127,941,186
213000191,276,510,-234
213000192,239,515,-276
213000193,925,369,556
213000194,1,66,-65
213000195,18,524,-506
213000196,299,1569,-1270
213000197,387,833,-446
213000198,165,5,160
213000200,153,1071,-918
213000201,93,62,31
213000202,15,593,-578
213000203,3706,797,2909
213000204,632,109,523
213000205,539,123,416
213000206,717,77,640
213000207,309,11,298
213000208,136,0,136
213000209,238,3,235
213000210,722,4,718
213000211,6,15,-9
213000212,16,23,-7
213000213,19,56,-37
213000218,300,860,-560
213000219,588,8,580
213000220,532,7,525
213000223,313,195,118
213000224,62,34,28
213000225,105,11,94
213000226,134,10,124
213000227,950,266,684
213000228,682,109,573
213000229,562,33,529
213000230,598,22,576
213000232,138,730,-592
213000233,16,222,-206
213000234,5,42,-37
213000293,16,70,-54
213000294,200,13,187
213000295,14,76,-62
213000296,73,21,52
213000297,4,143,-139
213000298,30,106,-76
213000299,104,46,58
213000300,25,2,23
213000303,0,33,-33
213000304,2,10,-8
213000305,5,12,-7
213000306,95,26,69
213000307,239,135,104
213000308,245,308,-63
213000309,197,71,126
213000310,642,189,453
213000311,291,767,-476
213000315,77,158,-81
213000316,149,66,83
213000322,132,235,-103
213000323,80,87,-7
213000324,103,161,-58
213000325,119,218,-99
213000326,97,75,22
213000327,76,179,-103
213000328,64,188,-124
213000329,137,103,34
213000340,188,698,-510
213000341,518,122,396
213000347,912,514,398
213000348,25,208,-183
213000349,43,23,20
213000350,289,1357,-1068
213000366,79,435,-356
213000367,227,29,198
213000379,183,111,72
213000386,15,338,-323
213000406,111,453,-342
213000417,1302,521,781
213000425,147,51,96
213000426,172,87,85
213000427,52,332,-280
213000428,54,274,-220
213000429,35,1,34
213000430,118,1170,-1052
213000431,177,1,176
213000432,7,21,-14
213000433,53,243,-190
213000434,122,162,-40
213000435,124,95,29
213000436,21,80,-59
213000437,1,65,-64
213000438,179,199,-20
213000439,67,10,57
213000440,16,400,-384
213000441,1,3,-2
213000442,12,74,-62
213000443,550,489,61
213000444,24,104,-80
213000445,0,87,-87
213000446,2,36,-34
213000447,3,52,-49
213000448,12,185,-173
213000449,408,13,395
213000450,44,73,-29
213000451,267,109,158
213000452,37,32,5
213000453,32,397,-365
213000455,587,16,571
213000456,3,333,-330
213000481,14,4,10
213000484,30,2,28
213000489,481,87,394
213900002,1,99,-98
213900003,414,3,411
213900013,2,196,-194
213900015,0,12,-12
213900016,7,21,-14
213900020,7,167,-160
213900030,0,68,-68
213900032,291,230,61
213900033,105,41,64
213900034,510,126,384
213900035,215,754,-539
213900036,150,271,-121
213900037,33,388,-355
213900038,389,181,208
213900039,0,107,-107
213900041,1,166,-165
213900042,219,258,-39
213900043,241,212,29
213900244,22,0,22
213900245,0,42,-42
218000003,19,17,2
218000004,55,40,15
218000005,274,60,214
218000006,65,26,39
218000007,9,30,-21
218000012,237,179,58
218000013,90,187,-97
218000014,470,462,8
218000019,968,747,221
218000020,294,503,-209
218000021,37,77,-40
218000022,10,25,-15
218000023,0,30,-30
218000024,5,17,-12
218000025,10,22,-12
218000026,5,29,-24
218000027,4,11,-7
218000028,12,9,3
218000029,14,7,7
218000030,23,36,-13
218000031,7,21,-14
218000032,5,24,-19
218000040,12,8,4
218000046,86,112,-26
218000047,18,207,-189
218000048,80,206,-126
218000049,138,208,-70
218000050,446,439,7
218000051,122,414,-292
218000052,0,153,-153
218000053,9,22,-13
218000054,13,51,-38
218000055,13,12,1
218000056,20,50,-30
218000057,2,53,-51
218000064,0,53,-53
218000065,62,86,-24
218000066,10,84,-74
218000067,51,82,-31
218000068,102,113,-11
218000069,368,160,208
218000070,240,283,-43
218000071,215,223,-8
218000072,328,196,132
218000078,708,1251,-543
218000079,123,141,-18
218000080,132,136,-4
218000081,447,283,164
218000082,55,159,-104
218000083,61,95,-34
218000084,143,198,-55
218000085,157,488,-331
218000086,133,258,-125
218000087,193,291,-98
218000090,13,170,-157
218000091,772,599,173
218000092,81,183,-102
218000093,60,117,-57
218000094,414,658,-244
218000099,363,827,-464
218000100,287,340,-53
218000101,373,178,195
218000102,400,312,88
218000103,80,164,-84
218000104,94,65,29
218000105,25,17,8
218000106,11,9,2
218000107,63,108,-45
218000108,6,61,-55
218000112,94,47,47
218000117,81,76,5
218000134,734,967,-233
218000135,65,152,-87
218000136,337,93,244
218000137,272,164,108
218000138,44,142,-98
218000139,213,408,-195
218000140,489,255,234
218000141,141,112,29
218000142,243,297,-54
218000143,103,269,-166
218000144,107,94,13
218000145,414,400,14
218000146,104,266,-162
218000151,11,42,-31
218000152,163,68,95
218000153,16,6,10
218000154,22,2,20
218000155,34,3,31
218000156,79,17,62
218000157,34,15,19
218000158,13,9,4
218000159,3,5,-2
218000160,6,2,4
218000161,15,2,13
218000162,34,6,28
218000163,16,0,16
218000164,41,4,37
218000165,67,25,42
218000170,7,64,-57
218000171,72,5,67
218000172,24,10,14
218000173,82,17,65
218000174,35,7,28
218000176,224,51,173
218000177,388,381,7
218000178,122,345,-223
218000179,77,109,-32
218000180,89,35,54
218000181,161,113,48
218000187,4,27,-23
218000188,34,63,-29
218000189,29,78,-49
218000190,23,23,0
218000191,169,96,73
218000192,239,400,-161
218000193,440,481,-41
218000194,112,497,-385
218000195,122,83,39
218000196,366,353,13
218000197,404,418,-14
218000198,21,170,-149
218000199,47,37,10
218000200,88,48,40
218000201,19,21,-2
218000202,93,254,-161
218000207,17,38,-21
218000208,52,62,-10
218000211,54,12,42
218000212,3,9,-6
218000213,129,93,36
218000214,4,24,-20
218000215,98,101,-3
218000217,13,117,-104
218000218,306,100,206
218000219,59,42,17
218000220,110,392,-282
218000221,807,217,590
218000222,49,34,15
218000223,64,503,-439
218000224,7,172,-165
218000225,216,63,153
218000226,181,94,87
218000230,0,6,-6
218000232,61,74,-13
218000239,234,16,218
218000240,41,5,36
218000241,53,1,52
218000242,85,0,85
218000243,146,1,145
218000244,67,2,65
218000245,352,5,347
218000246,0,0,0
218000247,4,1,3
218000248,0,30,-30
218000249,0,3,-3
218000250,3,5,-2
218000251,4,20,-16
218000252,1,41,-40
218000253,3,29,-26
218000254,5,14,-9
218000255,3,10,-7
218000256,13,49,-36
218000267,592,1129,-537
218000268,5,55,-50
218000269,5,12,-7
218000270,26,23,3
218000271,6,31,-25
218000273,20,8,12
218000274,11,2,9
218000275,24,56,-32
218000276,17,94,-77
218000278,16,33,-17
218000279,35,30,5
218000280,46,10,36
218000281,21,6,15
218000282,442,369,73
218000284,104,5,99
218000301,136,148,-12
218000302,314,85,229
218000303,55,39,16
218000316,677,1236,-559
218000317,1083,1232,-149
218000318,538,920,-382
218000319,982,1506,-524
218000320,792,789,3
218000338,74,29,45
218000345,126,88,38
218000346,29,237,-208
218000459,53,332,-279
218000490,67,47,20
218000501,177,150,27
218000502,60,116,-56
218000503,87,31,56
218000504,106,42,64
218000505,69,161,-92
218000506,51,240,-189
218000508,33,8,25
218000510,136,35,101
218000520,149,101,48
218000521,7,63,-56
218000522,0,193,-193
218000523,200,3,197
218000524,45,207,-162
218000525,204,32,172
218000526,54,167,-113
218000529,31,179,-148
218000530,12,3,9
218000531,18,32,-14
218000532,48,36,12
218000534,130,18,112
218000537,18,106,-88
218000538,333,233,100
218000540,987,77,910
218000543,112,92,20
218000544,42,101,-59
218000545,58,91,-33
218000546,43,94,-51
218000547,129,146,-17
218000548,223,157,66
218000549,546,358,188
218000550,210,419,-209
218000551,193,782,-589
218000552,572,60,512
218000553,34,75,-41
218000554,34,30,4
218000555,38,33,5
218000556,136,302,-166
218000557,274,130,144
218000558,90,0,90
218000559,0,48,-48
218000560,0,35,-35
218000561,21,0,21
218000562,44,251,-207
218000563,304,32,272
218000564,8,153,-145
218000565,238,55,183
218000566,414,33,381
218000567,3,79,-76
218000568,56,0,56
218000569,11,130,-119
218000570,80,8,72
218000571,11,134,-123
218000572,173,4,169
218000573,15,125,-110
218000574,128,43,85
218000575,95,2,93
218000576,1,78,-77
218000577,136,1,135
218000578,0,98,-98
218000579,232,23,209
218000581,11,104,-93
218000582,81,8,73
218000583,41,0,41
218000584,3,20,-17
218000585,40,11,29
218000586,13,48,-35
218000587,14,4,10
218000588,1,3,-2
218000589,4,3,1
218000590,13,1,12
218000591,3,7,-4
218000592,38,0,38
218000593,0,2,-2
218000594,0,0,0
218000595,0,0,0
218000596,2,0,2
218000597,0,0,0
218000598,7,0,7
218000599,0,0,0
218000600,191,0,191
218000601,0,0,0
218000602,0,29,-29
218000603,0,5,-5
218000604,92,47,45
218000605,0,234,-234
218000606,353,7,346
218000607,12,41,-29
218000608,36,33,3
218000609,6,63,-57
218000610,93,5,88
218000611,17,8,9
218000612,6,29,-23
218000613,39,2,37
218000614,9,49,-40
218000615,239,2,237
218000616,2,179,-177
218000617,45,1,44
218000618,1,32,-31
218000619,66,53,13
218000620,22,27,-5
218000621,0,5,-5
218000622,0,21,-21
218000623,460,8,452
218000624,37,34,3
218000625,43,2,41
218000626,6,13,-7
218000628,103,50,53
218000631,21,19,2
218000632,7,113,-106
218000633,117,3,114
218000634,6,34,-28
218000635,14,15,-1
218000636,1065,1871,-806
218000637,1048,636,412
218000638,209,30,179
218000639,42,223,-181
218000640,344,35,309
218000641,121,408,-287
218000652,72,128,-56
218000653,157,93,64
218000663,1,97,-96
218000675,32,39,-7
218000676,1,20,-19
218000677,5,3,2
218000680,203,411,-208
218000681,365,95,270
218000691,137,191,-54
218000693,257,113,144
218000703,5,40,-35
218000718,805,999,-194
218000719,1519,480,1039
218000720,15,98,-83
218000721,238,8,230
218000725,11,10,1
218001214,43,63,-20
218001329,53,95,-42
218001330,114,52,62
218001359,0,0,0
218001360,1,0,1
218001361,0,1,-1
218001362,0,1,-1
219000001,66,59,7
219000002,45,101,-56
219000003,72,24,48
219000004,40,47,-7
219000017,136,25,111
219000020,217,446,-229
219000022,138,52,86
219000023,1325,15,1310
219000029,0,90,-90
219000034,43,30,13
219000039,92,109,-17
219000040,63,46,17
219000041,85,28,57
219000051,0,50,-50
219000052,0,22,-22
219000053,2,171,-169
219000054,939,352,587
219000055,170,1,169
219000056,24,2,22
219000057,76,0,76
219000062,13,103,-90
219000063,77,9,68
219000064,6,52,-46
219000110,551,84,467
219000111,250,57,193
219000112,255,133,122
219000113,164,368,-204
219000114,272,771,-499
219000116,82,97,-15
219000117,187,76,111
219000118,923,88,835
219000123,313,142,171
219000124,309,97,212
219000125,11,12,-1
219000126,123,96,27
219000127,0,9,-9
219000128,31,104,-73
219000129,33,127,-94
219000130,662,548,114
219000131,762,986,-224
219000133,93,41,52
219000134,20,17,3
219000135,55,89,-34
219000136,142,191,-49
219000138,170,28,142
219000139,67,43,24
219000140,68,0,68
219000141,26,115,-89
219000142,23,98,-75
219000143,27,127,-100
219000145,29,74,-45
219000146,6,42,-36
219000147,3,62,-59
219000148,5,49,-44
219000149,20,137,-117
219000150,3,76,-73
219000151,3,46,-43
219000157,319,207,112
219000158,393,278,115
219000161,140,7,133
219000163,1640,522,1118
219000166,261,251,10
219000167,305,275,30
219000168,329,194,135
219000174,414,131,283
219000175,102,9,93
219000176,108,11,97
219000177,47,4,43
219000178,65,8,57
219000179,36,4,32
219000180,78,41,37
219000182,147,33,114
219000183,90,31,59
219000184,93,15,78
219000185,0,71,-71
219000186,51,60,-9
219000187,33,115,-82
219000189,133,193,-60
219000190,186,225,-39
219000191,1114,1420,-306
219000192,207,184,23
219000193,416,175,241
219000195,15,40,-25
219000196,5,126,-121
219000198,15,177,-162
219000199,70,334,-264
219000200,57,321,-264
219000201,77,370,-293
219000203,58,175,-117
219000204,404,231,173
219000205,168,202,-34
219000207,137,296,-159
219000209,20,96,-76
219000210,38,94,-56
219000213,17,214,-197
219000239,243,297,-54
219000240,248,495,-247
219000241,120,210,-90
219000242,49,141,-92
219000243,117,250,-133
219000244,35,83,-48
219000245,33,58,-25
219000246,38,20,18
219000247,171,54,117
219000248,810,433,377
219000249,127,109,18
219000250,95,139,-44
219000251,657,317,340
219000252,238,233,5
219000253,644,107,537
219000255,118,106,12
219000256,323,86,237
219000257,92,0,92
219000262,239,177,62
219000263,62,189,-127
219000267,4,111,-107
219000268,1,8,-7
219000269,10,3,7
219000270,3,0,3
219000271,94,5,89
219000278,3,5,-2
219000279,5,0,5
219000283,0,29,-29
219000295,16,115,-99
219000296,107,573,-466
219000297,18,125,-107
219000298,20,161,-141
219000299,463,119,344
219000300,31,277,-246
219000301,223,376,-153
219000302,49,304,-255
219000307,84,42,42
219000308,46,131,-85
219000311,223,63,160
219000312,689,97,592
219000313,481,71,410
219000314,65,527,-462
219000315,252,86,166
219000316,554,83,471
219000317,92,28,64
219000320,3,53,-50
219000321,0,27,-27
219000323,7,86,-79
219000325,2,22,-20
219000326,51,80,-29
219000327,59,36,23
219000328,33,49,-16
219000329,330,89,241
219000330,79,51,28
219000331,47,46,1
219000332,117,101,16
219000333,17,5,12
219000335,75,3,72
219000337,19,1,18
219000338,118,2,116
219000344,121,89,32
219000345,62,109,-47
219000346,33,136,-103
219000348,115,143,-28
219000349,46,235,-189
219000350,123,197,-74
219000351,10,8,2
219000352,514,215,299
219000353,96,55,41
219000354,279,132,147
219000355,189,90,99
219000356,1624,1387,237
219000363,323,50,273
219000364,104,37,67
219000365,138,26,112
219000366,290,345,-55
219000368,443,639,-196
219000370,1387,479,908
219000371,14,26,-12
219000382,12,34,-22
219000383,756,1040,-284
219000385,789,561,228
219000386,835,1653,-818
219000387,16,16,0
219000390,16,0,16
219000391,5,10,-5
219000397,63,78,-15
219000398,63,91,-28
219000401,8,134,-126
219000402,103,183,-80
219000403,144,306,-162
219000404,19,177,-158
219000407,2,54,-52
219000409,77,70,7
219000410,259,55,204
219000411,77,32,45
219000446,252,417,-165
219000447,1,30,-29
219000448,66,16,50
219000452,132,69,63
219000453,73,166,-93
219000454,335,290,45
219000556,267,97,170
219000558,372,232,140
219000590,68,172,-104
219000591,100,135,-35
219000592,139,401,-262
219000595,1,39,-38
219000635,328,43,285
219000636,29,101,-72
219000657,41,53,-12
219000658,52,136,-84
219000673,0,16,-16
219000676,216,16,200
219000679,37,21,16
219000684,94,2,92
219000685,0,106,-106
219000686,1,1,0
219000688,0,111,-111
219000689,40,250,-210
219000690,143,35,108
219000691,42,233,-191
219000692,199,17,182
219000693,2,26,-24
219000694,36,3,33
219000695,39,5,34
219000698,31,0,31
219000699,0,36,-36
219000727,4,111,-107
219000728,265,3,262
219000770,36,0,36
219000771,0,37,-37
219001150,3,28,-25
219001151,0,3,-3
219001166,5,27,-22
219001167,1,104,-103
220000001,66,74,-8
220000002,19,116,-97
220000003,831,280,551
220000004,839,656,183
220000005,1584,2004,-420
220000006,401,985,-584
220000007,428,679,-251
220000008,352,1042,-690
220000009,382,428,-46
220000010,303,154,149
220000011,743,4657,-3914
220000012,116,466,-350
220000014,171,61,110
220000015,77,141,-64
220000017,43,319,-276
220000018,5864,1697,4167
220000019,146,300,-154
220000020,646,412,234
220000021,698,247,451
220000022,749,556,193
220000023,413,204,209
220000024,1919,338,1581
220000025,999,904,95
220000026,267,328,-61
220000027,82,122,-40
220000028,42,48,-6
220000029,81,218,-137
220000030,134,89,45
220000031,444,328,116
220000064,17,1222,-1205
221000046,5,6,-1
221000047,0,6,-6
221000048,0,2,-2
221000049,1,9,-8
221000050,40,1,39
221000055,56,73,-17
221000057,73,22,51
221000068,304,125,179
221000069,269,64,205
221000070,181,20,161
221000071,76,9,67
221000072,216,14,202
221000073,260,63,197
221000074,6,30,-24
221000075,23,22,1
221000076,14,60,-46
221000077,47,165,-118
221000081,18,19,-1
221000082,64,15,49
221000083,36,11,25
221000084,5,8,-3
221000085,110,79,31
221000086,17,138,-121
221000087,2,228,-226
221000088,15,190,-175
221000089,40,295,-255
221000090,167,536,-369
221000098,99,16,83
221000099,130,17,113
221000100,105,10,95
221000101,167,22,145
221000102,88,15,73
221000109,5,134,-129
221000110,16,144,-128
221000111,29,210,-181
221000112,10,155,-145
221000113,23,200,-177
221000114,11,200,-189
221000120,55,35,20
221000121,12,26,-14
221000122,69,24,45
221000123,23,33,-10
221000124,34,289,-255
221000155,109,9,100
221000156,56,27,29
221000175,0,6,-6
221000176,2,4,-2
221000182,49,16,33
221000241,532,324,208
221000242,226,529,-303
221000243,448,175,273
221000244,282,569,-287
221000245,158,88,70
221000246,66,261,-195
221000247,58,129,-71
221000248,92,145,-53
221000267,65,755,-690
221000325,169,61,108
221000331,3,157,-154
221000338,16,27,-11
221000378,126,29,97
221000381,26,20,6
222000282,11,1,10
222000296,5,53,-48
222000568,268,27,241
222000569,206,55,151
222000570,197,26,171
222000571,292,36,256
222000577,22,247,-225
222000578,42,221,-179
222000579,22,206,-184
222000580,134,1323,-1189
222000599,2,245,-243
222000600,3,472,-469
222000601,7,1544,-1537
222000603,22,40,-18
222000604,15,26,-11
222000605,14,31,-17
222000606,5,12,-7
222000607,5,3,2
222000608,42,20,22
222000609,98,277,-179
222000616,374,45,329
222000617,21,24,-3
222000618,12,1,11
222000620,43,10,33
222000621,95,12,83
222000623,571,3,568
222000624,412,3,409
222000625,626,55,571
222000636,47,8,39
222000686,32,21,11
222000687,60,41,19
222001066,328,3,325
222001067,18,10,8
222001068,41,20,21
222001069,28,51,-23
222001082,12,64,-52
222001083,14,101,-87
222001084,1,24,-23
222001085,1,230,-229
222001111,26,189,-163
222001112,100,43,57
222001313,41,9,32
222001314,10,209,-199
222001464,41,58,-17
222001465,36,108,-72
222001484,111,75,36
222001485,30,52,-22
222001494,427,160,267
222001495,153,414,-261
222001496,313,98,215
222001497,145,643,-498
222001502,28,145,-117
222001503,130,64,66
222001504,26,386,-360
222001505,446,28,418
222001506,38,417,-379
222001507,316,27,289
222001510,347,50,297
222001511,52,577,-525
222001514,653,275,378
222001515,317,753,-436
222001518,311,87,224
222001519,65,417,-352
222001527,180,96,84
222001528,56,201,-145
222001529,316,71,245
222001530,67,340,-273
222001533,321,410,-89
222001534,365,97,268
222001535,266,289,-23
222001536,185,350,-165
222001537,246,55,191
222001538,86,696,-610
222001563,595,112,483
222001564,92,765,-673
222001568,631,127,504
222001576,2,2,0
222001579,2,9,-7
222001583,20,316,-296
222001584,101,9,92
222001596,1781,1546,235
222001597,4420,373,4047
222001626,0,263,-263
222001650,281,91,190
222001651,156,144,12
222001914,205,116,89
222001915,65,287,-222
222900004,462,300,162
222900009,598,937,-339
222900019,209,270,-61
222900024,29,27,2
222900025,3,34,-31
225000001,557,222,335
225000002,1576,217,1359
225000003,864,145,719
225000004,391,270,121
225000005,147,67,80
225000006,0,208,-208
225000007,2033,1367,666
225000010,324,15,309
225000011,470,952,-482
225000012,199,529,-330
225000013,99,154,-55
225000014,1166,117,1049
225000015,80,192,-112
225000021,885,197,688
225000027,254,674,-420
225000032,588,141,447
225000042,82,740,-658
225000049,73,70,3
225000050,82,13,69
225000053,13,355,-342
225000058,682,164,518
225000067,487,169,318
225000068,148,342,-194
225000069,129,488,-359
225000070,77,424,-347
225000071,26,219,-193
225000075,25,1070,-1045
225000076,68,121,-53
225000078,79,62,17
225000085,86,112,-26
225000086,262,81,181
225000087,164,28,136
225000088,12,289,-277
225000089,298,940,-642
225000090,69,443,-374
225000091,144,191,-47
225000092,125,75,50
225000093,499,272,227
225000094,30,333,-303
225000095,327,452,-125
225000096,356,550,-194
225000098,605,355,250
225000099,391,247,144
225000100,314,214,100
225000104,112,415,-303
225000110,17,472,-455
225000111,316,1302,-986
225000112,366,1317,-951
225000113,229,596,-367
225000114,72,331,-259
225000115,1758,757,1001
225000116,1011,246,765
225000117,818,317,501
225000118,857,280,577
225000119,233,85,148
225000120,1278,64,1214
225000121,252,30,222
225000123,738,27,711
225000125,333,233,100
225000126,773,187,586
225000127,702,1619,-917
225000128,416,783,-367
225000132,282,76,206
225000133,262,52,210
225000134,593,203,390
225000135,58,32,26
225000136,254,26,228
225000137,375,64,311
225000138,367,63,304
225000143,82,385,-303
225000144,8,457,-449
225000145,256,61,195
225000146,87,109,-22
225000147,55,294,-239
225000148,26,242,-216
225000149,83,560,-477
225000151,30,290,-260
225000155,314,501,-187
225000156,153,933,-780
225000157,215,406,-191
225000158,51,331,-280
225000171,4,223,-219
225000180,36,1,35
225000181,0,55,-55
225000182,82,30,52
225000185,10,394,-384
225000187,144,380,-236
225000191,133,3,130
225000194,0,1,-1
225000208,4,70,-66
225000209,98,29,69
225000210,9,326,-317
225000217,0,20,-20
225000218,34,0,34
225000223,1,25,-24
225000224,58,0,58
225000225,0,12,-12
225000226,56,2,54
225000227,48,117,-69
225000228,12,19,-7
225000229,0,73,-73
225000230,248,0,248
225000231,0,59,-59
225000232,254,0,254
225000241,62,0,62
225000242,0,28,-28
225000249,70,58,12
225000250,54,954,-900
225000251,359,71,288
225000254,2,1,1
225000256,6,80,-74
225000257,0,80,-80
226000042,429,476,-47
226000043,80,297,-217
226000044,159,524,-365
226000045,79,442,-363
226000046,329,109,220
226000047,318,103,215
226000048,308,120,188
226000049,279,179,100
226000070,0,47,-47
226000071,0,59,-59
226000072,0,23,-23
226000073,0,14,-14
226000074,0,15,-15
226000084,1,79,-78
226000085,3,11,-8
226000086,1,8,-7
226000087,21,12,9
226000088,56,55,1
226000090,271,82,189
226000091,46,43,3
226000092,41,30,11
226000093,37,0,37
226000094,42,2,40
226000095,37,17,20
226000105,15,1,14
226000106,8,0,8
226000107,10,0,10
226000108,24,0,24
226000109,90,0,90
226000124,125,62,63
226000134,632,431,201
226000135,1559,518,1041
226000136,2254,411,1843
226000137,13,473,-460
226000138,22,264,-242
226000139,2,38,-36
226000156,135,6,129
226000157,327,13,314
226000163,128,150,-22
226000202,20,399,-379
226000231,292,9,283
226000232,89,9,80
227000033,243,67,176
227000036,271,18,253
227000037,266,19,247
227000038,217,36,181
227000084,3,93,-90
227000085,3,59,-56
227000088,45,7,38
227000089,101,3,98
227000090,59,1,58
227000091,16,0,16
227000092,37,1,36
227000093,130,2,128
227000094,15,0,15
227000130,51,53,-2
227000131,89,241,-152
227000132,18,252,-234
227000133,20,264,-244
227000134,22,412,-390
227000152,0,12,-12
227000153,1,72,-71
227000154,0,33,-33
227000155,1,18,-17
227000156,1,21,-20
227000165,6,38,-32
227000196,325,323,2
227000199,339,635,-296
227000230,25,488,-463
227000232,798,22,776
227000242,53,521,-468
227000243,377,64,313
227000245,7,523,-516
227000246,166,543,-377
227000247,390,70,320
227000248,150,14,136
227000249,23,174,-151
227000250,465,120,345
227000251,152,196,-44
227000252,30,403,-373
227000253,124,17,107
227000262,319,36,283
227000266,1491,35,1456
227000267,61,1782,-1721
227000282,10,227,-217
227000284,479,24,455
227000286,1,105,-104
227000291,10,650,-640
227000296,294,275,19
227000484,276,11,265
227000485,28,898,-870
227000655,150,19,131
227000656,704,30,674
227000657,109,8,101
227000704,156,5,151
229000265,19,14,5
229000266,0,0,0
229000267,4,0,4
229000268,28,0,28
229000269,236,0,236
229000274,0,60,-60
229000275,3,23,-20
229000276,1,16,-15
229000277,0,6,-6
229000278,4,11,-7
229000295,8,50,-42
229000296,149,9,140
229000297,7,31,-24
229000298,9,189,-180
229000320,38,27,11
229000321,91,9,82
229000412,15,95,-80
229000414,20,115,-95
229000415,40,2,38
229000416,1,13,-12
229000417,1,47,-46
229000419,203,374,-171
229000440,558,79,479
229000442,30,15,15
229000443,5,6,-1
229000444,6,62,-56
229000445,47,17,30
229000446,84,22,62
229000491,1,14,-13
229000492,6,117,-111
229000493,11,86,-75
229000494,31,1,30
229000495,97,10,87
229000496,64,5,59
229000507,0,71,-71
229000508,0,37,-37
229000509,0,64,-64
229000510,0,24,-24
229000511,3,69,-66
229000512,0,35,-35
229000513,0,5,-5
229000514,1,2,-1
229000517,3,5,-2
229000518,13,33,-20
229000519,2,11,-9
229000520,18,33,-15
229000521,34,17,17
229000522,17,7,10
229000523,11,5,6
229000524,5,3,2
229000527,0,0,0
229000528,0,0,0
229000529,11,0,11
229000530,43,3,40
229000531,37,2,35
229000532,62,0,62
229000533,83,1,82
229000534,76,0,76
229000564,44,0,44
229000565,17,0,17
229000566,0,11,-11
229000567,1,58,-57
229000582,99,4,95
229000583,7,1,6
229000584,0,39,-39
229000585,1,61,-60
229000718,0,3,-3
229000719,0,3,-3
229000720,0,4,-4
229000721,0,11,-11
229000722,0,13,-13
229000723,0,14,-14
229000724,0,6,-6
229000725,0,3,-3
229000738,0,0,0
229000739,1,0,1
229000740,6,0,6
229000741,9,0,9
229000742,9,0,9
229000743,17,0,17
229000744,4,0,4
229000745,1,0,1
229000746,12,0,12
229000847,78,0,78
229000848,21,0,21
229000849,120,1,119
229000851,27,0,27
229000854,0,45,-45
229000856,1,118,-117
229000857,0,37,-37
229000858,1,63,-62
229000919,39,120,-81
229000930,6,381,-375
229000937,115,24,91
229000966,65,9,56
229000981,25,29,-4
229000985,25,42,-17
229000986,6,7,-1
229000987,0,1,-1
229000988,0,17,-17
229000989,12,23,-11
229000990,2,0,2
229000991,4,6,-2
229000992,18,18,0
229000993,175,64,111
229000998,20,96,-76
229000999,60,30,30
229001034,5,46,-41
229001035,13,1,12
229001036,4,60,-56
229001037,54,1,53
229001038,0,2,-2
229001039,3,2,1
229001040,0,101,-101
229001041,83,1,82
229001042,17,29,-12
229001047,8,63,-55
229001050,48,53,-5
229001168,0,32,-32
229001200,11,5,6
229001338,9,67,-58
229001394,160,0,160
229001422,100,36,64
229001423,73,203,-130
229001431,64,62,2
229001432,102,114,-12
229001444,220,53,167
229001445,41,200,-159
229001479,14,3,11
229001503,145,109,36
229001504,113,261,-148
229001505,102,37,65
229001506,154,205,-51
229001509,66,40,26
229001510,8,48,-40
229001545,75,4,71
229001546,41,134,-93
229001553,94,19,75
229001554,122,147,-25
229001630,90,60,30
229001631,30,39,-9
229001635,0,16,-16
229001636,2,0,2
229001658,1,194,-193
229001659,65,7,58
229001660,6,3,3
229001661,17,15,2
229001662,18,1,17
229001663,2,62,-60
229002584,255,249,6
229002831,284,203,81
229002841,5,20,-15
229002842,16,39,-23
229002843,104,31,73
229002844,70,78,-8
229002845,12,90,-78
229002846,31,33,-2
229002847,9,11,-2
229002848,10,22,-12
229002849,6,88,-82
229002850,12,1,11
229002851,31,137,-106
229002852,263,36,227
229002853,167,38,129
229002854,36,76,-40
229002855,2,18,-16
229002856,51,22,29
229002857,11,83,-72
229002858,11,20,-9
229002859,51,36,15
229002860,228,38,190
229002861,274,22,252
229002862,69,32,37
229002863,71,16,55
229002864,26,46,-20
229002865,15,15,0
229002866,15,14,1
229002867,5,29,-24
229002868,20,32,-12
229002869,40,160,-120
229002870,57,12,45
235000066,442,72,370
235000067,152,121,31
235000072,26,90,-64
235000073,110,509,-399
235000074,78,76,2
235000080,14,102,-88
235000081,78,223,-145
235000082,179,122,57
235000083,181,136,45
235000084,63,81,-18
235000085,187,75,112
235000089,139,31,108
235000092,57,151,-94
235000093,5,8,-3
235000097,3,4,-1
235000098,78,23,55
235000099,82,28,54
235000116,52,21,31
235000117,849,19,830
235000133,18,453,-435
235000134,13,142,-129
235000206,16,4,12
235000207,1,3,-2
235000208,13,1,12
235000209,11,5,6
235000210,9,2,7
235000212,4,25,-21
235000213,1,12,-11
235000220,4,3,1
235000221,65,14,51
235000238,15,62,-47
235000239,5,14,-9
235000242,487,601,-114
235000245,853,209,644
235000246,43,84,-41
235000284,11,132,-121
235000295,154,24,130
235000305,256,23,233
235000306,197,9,188
235000307,49,0,49
235000308,19,2,17
235000309,48,0,48
235000310,67,0,67
235000311,146,19,127
235000322,0,37,-37
235000323,0,41,-41
235000324,2,33,-31
235000325,0,17,-17
235000326,5,281,-276
235000351,2,58,-56
235000352,24,43,-19
235000353,3,23,-20
235000354,12,49,-37
235000355,20,70,-50
235000356,1263,12,1251
235000357,184,13,171
235000358,80,4,76
235000359,16,1,15
235000360,86,35,51
235000361,79,21,58
235000381,85,356,-271
235000382,190,71,119
235000390,5,6,-1
235000391,112,40,72
235000392,197,340,-143
235000393,157,196,-39
235000395,116,65,51
235000396,418,165,253
235000400,332,62,270
235000401,33,249,-216
235000405,87,377,-290
235000406,45,354,-309
235000407,260,101,159
235000409,373,202,171
235000410,29,284,-255
235000411,2,88,-86
235000485,0,14,-14
235000486,13,0,13
235000549,260,173,87
235000550,67,211,-144
235000599,88,45,43
235000600,1,16,-15
235000601,5,27,-22
235000602,84,63,21
235000614,1,4,-3
235000648,0,22,-22
235000649,24,4,20
235000685,3,1,2
235000815,11,35,-24
235000834,0,15,-15
235000855,177,107,70
235000862,55,251,-196
235000891,0,14,-14
235000892,117,79,38
235000901,503,122,381
235000907,7,12,-5
235001010,88,119,-31
235001029,780,481,299
235001030,307,368,-61
235001078,71,144,-73
235001079,87,121,-34
235001147,9,91,-82
235001166,25,83,-58
235001167,28,43,-15
235001169,22,362,-340
235001188,3,10,-7
235001189,4,0,4
235001197,6,14,-8
235001200,39,48,-9
235001208,49,18,31
235001209,26,87,-61
235001210,26,235,-209
235001239,0,49,-49
235001244,0,7,-7
235016267,0,31,-31
241900007,60,1,59
277101746,0,0,0
277102712,7,0,7
277103813,0,0,0
277103814,0,0,0
277103898,0,2,-2
990011530,0,209,-209
990014944,1,947,-946
990015176,67,0,67
990015618,2,279,-277
990016032,3,562,-559
990032570,3,328,-325
990070001,45,0,45
990070103,0,5,-5
990070601,0,103,-103
990070751,813,1,812
990070766,2,665,-663
990071180,639,360,279
990071343,18,1,17
990071387,0,22,-22
990071823,696,3,693
990072600,5,876,-871
990072964,1,766,-765
990073285,0,1,-1
990074393,4,1173,-1169
990074870,1367,10,1357
990075106,1632,18,1614
990075746,535,7,528
990076437,1216,12,1204
990076458,1,1053,-1052
997000007,626,9,617
997000041,3,257,-254
997000058,81,2,79
997000062,78,2,76
997000069,0,3,-3
997000070,0,42,-42
997000100,42,1,41
997000141,14,2994,-2980
997000198,12,1879,-1867
998000475,12,71,-59
998000736,0,209,-209
998000965,0,24,-24
998001031,0,83,-83
998001700,0,35,-35
998001899,0,1,-1
998001900,8,0,8
998003073,3498,9,3489
998101900,0,0,0
998102850,5,196,-191
998501927,1224,573,651
998501929,82,2,80
998501930,64,1,63
998501931,118,8,110
998501932,4,1,3
998501933,37,2,35
998501937,10,0,10
998501944,5,0,5
998501970,199,9,190
998501971,0,96,-96
998501972,497,7,490
998501973,0,59,-59
998501974,3,303,-300
998501975,282,43,239
998501976,99,5,94
998501977,14,31,-17
998501978,75,2,73
998501979,0,20,-20
998501980,151,66,85
998501981,32,7,25
998501982,0,180,-180
998502006,0,2,-2
998502024,0,10,-10
998502032,0,5,-5
998502062,46,1,45
998502063,0,0,0
998502173,11,1,10
998502269,0,2,-2
998601159,6,231,-225
998601292,0,20,-20
999033574,2,209,-207
999800001,81,4,77
999800002,0,6,-6
999800003,5,1,4
999800004,0,6,-6
999800005,0,6,-6
