ID,insum,outsum,diff
100000001,758,1191,-433
100000002,3466,1063,2403
100000003,7009,3520,3489
100000004,1846,1162,684
100000005,2031,4791,-2760
100000006,742,130,612
100000007,2125,649,1476
100000008,256,869,-613
100000009,536,225,311
100000010,49,65,-16
100000011,730,129,601
100000012,147,1124,-977
100000013,41,264,-223
100000014,474,396,78
100000015,1722,1645,77
100000016,1334,2143,-809
100000017,1080,1439,-359
100000018,1866,740,1126
100000019,6298,2472,3826
100000020,2278,4989,-2711
100000021,8810,3495,5315
100000022,2405,1378,1027
100000023,8140,1866,6274
100000025,4274,877,3397
100000028,2154,1237,917
100000029,291,285,6
100000030,724,146,578
100000031,7737,7005,732
100000032,2879,3817,-938
100000033,964,2397,-1433
100000034,1030,430,600
100000035,2251,1165,1086
100000036,3404,1133,2271
100000037,535,562,-27
100000038,1631,1008,623
100000039,809,210,599
100000040,141,153,-12
100000041,856,431,425
100000042,805,433,372
100000043,952,414,538
100000044,493,1062,-569
100000045,618,1950,-1332
100000046,1040,2116,-1076
100000047,456,1018,-562
100000048,691,834,-143
100000049,2287,3464,-1177
100000051,550,1477,-927
100000053,67,8,59
100000054,267,36,231
100000055,720,246,474
100000056,245,756,-511
100000057,2018,1061,957
100000058,1061,1979,-918
100000059,9,165,-156
100000060,375,355,20
100000061,2138,636,1502
100000062,1680,671,1009
100000063,578,300,278
100000064,1009,379,630
100000065,406,1425,-1019
100000066,230,1269,-1039
100000067,494,1301,-807
100000068,622,2520,-1898
100000069,363,2604,-2241
100000072,571,1442,-871
100000073,1464,1812,-348
100000075,719,420,299
100000076,3138,2276,862
100000077,903,170,733
100000078,122,57,65
100000079,77,57,20
100000080,32,28,4
100000081,105,77,28
100000102,4856,1570,3286
100000103,4677,1407,3270
100000104,6247,2159,4088
100000105,4358,1242,3116
100000106,3665,2049,1616
100000107,1090,617,473
100000108,1220,1369,-149
100000109,5387,1562,3825
100000116,1868,1050,818
100000117,74,68,6
100000118,1706,1245,461
100000119,882,652,230
100000121,238,782,-544
100000122,1954,1072,882
100000123,4267,6652,-2385
100000124,7619,10127,-2508
100000125,4315,1553,2762
100000126,927,366,561
100000127,2174,391,1783
100000128,1579,2586,-1007
100000129,707,407,300
100000130,465,857,-392
100000131,3842,4460,-618
100000132,1912,3380,-1468
100000133,8880,3991,4889
100000135,589,980,-391
100000139,395,299,96
100000140,390,373,17
100000142,483,637,-154
100000143,956,810,146
100000144,6428,1212,5216
100000147,1265,2716,-1451
100000150,53,670,-617
100000151,1081,752,329
100000153,652,443,209
100000154,230,139,91
100000155,23,69,-46
100000156,134,106,28
100000157,65,267,-202
100000158,147,111,36
100000159,542,551,-9
100000165,1462,907,555
100000169,929,519,410
100000174,2175,642,1533
100000179,126,757,-631
100000180,1943,1645,298
100000181,195,359,-164
100000188,109,718,-609
100000189,798,310,488
100000190,715,562,153
100000191,838,512,326
100000192,116,170,-54
100000193,185,137,48
100000330,2497,937,1560
100000355,206,710,-504
100000362,6060,4596,1464
100000363,3068,4025,-957
100000364,719,187,532
100000365,4551,8097,-3546
100000366,6325,3131,3194
100000367,4636,5011,-375
100000368,2451,2194,257
100000369,1587,1769,-182
100000370,295,531,-236
100000376,95,101,-6
100000379,3870,1701,2169
100000380,5301,2835,2466
100000384,7691,4333,3358
100000385,7718,5002,2716
100000386,11423,5320,6103
100000387,9278,5678,3600
100000388,11190,7897,3293
100000389,12192,7328,4864
100000390,12841,5712,7129
100000391,9668,7553,2115
100000392,6361,2553,3808
100000393,3313,2897,416
100000394,10627,5843,4784
100000395,6095,2130,3965
100000396,6634,2581,4053
100000397,4112,2563,1549
100000398,14009,10053,3956
100900002,4,166,-162
100900003,303,136,167
100900004,32,1168,-1136
100900005,115,13,102
100900006,21,442,-421
100900007,863,17,846
100900008,7,548,-541
100900009,48,63,-15
100900010,80,275,-195
100900011,100,464,-364
100900012,3,323,-320
100900013,644,10,634
100900014,3,24,-21
100900015,166,176,-10
100900016,5,64,-59
100900017,1204,133,1071
100900018,0,12,-12
100900019,37,128,-91
100900020,458,5,453
100900021,430,1,429
100900022,14,28,-14
100900023,10,36,-26
100900024,1130,15,1115
100900025,18,11,7
100900026,110,248,-138
100900027,755,3477,-2722
100900028,142,230,-88
100900029,132,32,100
100900030,7,82,-75
100900031,465,126,339
100900032,213,2,211
100900033,334,209,125
100900034,450,0,450
100900035,832,0,832
100900036,32,1,31
100900037,123,392,-269
100900038,94,29,65
100900039,795,1190,-395
100900040,314,1015,-701
100900041,575,1483,-908
100900042,824,428,396
100900043,0,26,-26
100900044,3910,567,3343
100900045,96,3,93
100900046,1297,13,1284
100900047,942,183,759
100900048,174,35,139
100900049,55,250,-195
100900050,0,24,-24
100900051,83,80,3
100900052,514,43,471
100900053,375,39,336
100900054,15,164,-149
100900055,270,617,-347
100900056,112,391,-279
100900057,919,1185,-266
100900058,395,40,355
100900059,93,0,93
100900060,103,11,92
100900061,423,427,-4
100900062,2,106,-104
100900063,214,525,-311
100900064,862,27,835
100900065,117,108,9
100900066,95,116,-21
100900067,8,10,-2
100900068,142,266,-124
100900069,726,19,707
100900070,299,8,291
100900071,881,447,434
100900072,0,50,-50
100900073,159,969,-810
100900074,0,9,-9
100900075,3371,558,2813
100900076,35,102,-67
100900077,22,216,-194
100900078,113,437,-324
100900079,5,39,-34
100900080,24,291,-267
100900081,34,183,-149
100900082,91,1036,-945
100900083,3,42,-39
100900085,12,162,-150
100900086,208,911,-703
100900088,83,1140,-1057
100900089,3,20,-17
100900090,139,602,-463
100900091,1,26,-25
100900092,348,219,129
100900093,216,293,-77
100900094,143,908,-765
100900095,5,35,-30
100900096,72,165,-93
100900097,1,8,-7
100900098,16,23,-7
100900099,74,1031,-957
100900100,27,544,-517
100900101,519,52,467
100900102,121,124,-3
100900103,13,14,-1
100900104,13,326,-313
100900105,17,338,-321
100900106,79,12,67
100900107,2795,846,1949
100900108,15,33,-18
100900109,14,38,-24
100900110,11,88,-77
100900111,67,263,-196
100900112,6,6,0
100900113,15,43,-28
100900114,4,22,-18
100900115,1,42,-41
100900116,993,1045,-52
100900117,334,945,-611
100900118,18,57,-39
100900119,8,29,-21
100900120,4,26,-22
100900121,330,758,-428
100900122,173,275,-102
100900123,86,185,-99
100900124,5,12,-7
100900125,32,200,-168
100900126,122,303,-181
100900127,3,16,-13
100900128,107,215,-108
100900129,2,158,-156
100900131,107,290,-183
100900133,86,58,28
100900134,5,11,-6
100900135,0,152,-152
100900137,548,271,277
100900138,654,526,128
100900139,27,17,10
100900140,9,1184,-1175
100900141,1,627,-626
100900142,8,10,-2
100900143,1189,498,691
100900144,24,13,11
100900145,55,156,-101
100900146,6,51,-45
100900147,17,392,-375
100900148,45,1706,-1661
100900149,31,174,-143
100900150,8,45,-37
100900151,148,892,-744
100900152,183,9,174
100900153,10,221,-211
100900154,7,36,-29
100900155,5,18,-13
100900156,56,2,54
100900157,4,321,-317
100900158,1433,444,989
100900159,1,42,-41
100900160,24,25,-1
100900161,208,2,206
100900162,22,334,-312
100900163,223,277,-54
100900164,51,54,-3
100900165,40,65,-25
100900166,50,4,46
100900167,24,170,-146
100900168,70,243,-173
100900169,200,1480,-1280
100900170,51,31,20
100900171,25,907,-882
100900172,0,16,-16
100900173,15,1002,-987
100900174,663,73,590
100900176,1941,258,1683
100900177,1365,499,866
100900178,573,264,309
100900179,164,146,18
100900180,2,5,-3
100900181,107,67,40
100900182,54,23,31
100900184,13,223,-210
100900186,1308,847,461
100900187,6,121,-115
100900188,68,32,36
100900189,1386,264,1122
100900191,1810,1112,698
100900192,475,297,178
100900195,123,202,-79
100900197,35,211,-176
100900198,38,530,-492
100900199,33,34,-1
100900200,826,562,264
100900201,122,1428,-1306
100900202,19,0,19
100900203,1,123,-122
100900204,408,368,40
100900205,175,547,-372
100900206,157,41,116
100900207,220,103,117
100900210,122,1114,-992
100900211,511,177,334
100900213,56,50,6
100900214,1459,103,1356
100900215,27,52,-25
100900217,272,80,192
101000001,5690,2484,3206
101000002,5434,6590,-1156
101000003,1142,2274,-1132
101000004,12771,9601,3170
101000005,6558,6485,73
101000006,10446,9110,1336
101000007,3468,3850,-382
101000008,5571,3746,1825
101000009,2090,2866,-776
101000010,1245,2329,-1084
101000011,3544,1328,2216
101000012,2660,777,1883
101000013,703,1227,-524
101000014,840,1068,-228
101000015,1022,1001,21
101000016,879,537,342
101000017,827,776,51
101000018,5225,3584,1641
101000020,5120,1560,3560
101000021,2061,410,1651
101000022,590,158,432
101000023,2171,842,1329
101000025,306,517,-211
101000026,450,35,415
101000027,2543,1685,858
101000028,1180,168,1012
101000029,179,961,-782
101000030,1743,134,1609
101000031,906,604,302
101000032,8537,3101,5436
101000033,3858,2935,923
101000034,3857,1483,2374
101000035,1812,400,1412
101000036,2419,570,1849
101000037,5613,1583,4030
101000039,4476,2395,2081
101000040,6249,4264,1985
101000041,19654,6904,12750
101000042,1374,1157,217
101000043,13808,6297,7511
101000045,2386,808,1578
101000046,3042,856,2186
101000047,2208,2106,102
101000048,1468,1539,-71
101000049,1291,1503,-212
101000050,4668,2899,1769
101000051,3900,2268,1632
101000052,2137,971,1166
101000053,1770,1784,-14
101000054,3055,1716,1339
101000055,1926,1630,296
101000056,101,133,-32
101000057,3728,964,2764
101000058,2926,1272,1654
101000059,5205,2271,2934
101000060,2671,572,2099
101000061,1426,1474,-48
101000062,1460,875,585
101000063,806,801,5
101000064,1803,583,1220
101000065,370,427,-57
101000066,670,387,283
101000067,1335,697,638
101000068,505,357,148
101000069,601,106,495
101000070,2173,1535,638
101000071,3061,1092,1969
101000072,1550,4627,-3077
101000073,1104,852,252
101000074,6869,5286,1583
101000075,8734,4925,3809
101000077,1374,2329,-955
101000078,1399,2464,-1065
101000079,515,990,-475
101000080,611,586,25
101000081,1472,2050,-578
101000082,4528,3740,788
101000083,2589,2449,140
101000084,1853,1519,334
101000085,1896,1646,250
101000086,1504,1685,-181
101000087,1270,1889,-619
101000088,1442,1462,-20
101000089,1214,1918,-704
101000090,3330,2120,1210
101000091,485,2381,-1896
101000092,915,1481,-566
101000093,1875,1211,664
101000094,973,1979,-1006
101000095,356,1265,-909
101000096,329,831,-502
101000097,976,482,494
101000098,882,708,174
101000099,1350,1857,-507
101000100,1274,1054,220
101000101,596,516,80
101000102,1759,409,1350
101000103,1125,624,501
101000104,482,595,-113
101000105,1275,638,637
101000106,1880,1260,620
101000107,242,457,-215
101000108,2325,546,1779
101000109,276,105,171
101000110,45,1165,-1120
101000111,146,386,-240
101000113,308,975,-667
101000114,5564,2381,3183
101000115,306,217,89
101000116,337,198,139
101000117,2246,444,1802
101000119,238,84,154
101000120,308,34,274
101000121,114,40,74
101000122,205,54,151
101000123,78,65,13
101000124,229,245,-16
101000125,270,637,-367
101000128,1421,432,989
101000130,403,477,-74
101000131,722,1002,-280
101000132,635,2581,-1946
101000135,101,24,77
101000136,360,117,243
101000137,37,364,-327
101000141,2749,2753,-4
101000147,1034,778,256
101000148,2570,49,2521
101000149,278,356,-78
101000150,82,1839,-1757
101000151,168,107,61
101000152,397,427,-30
101000153,781,767,14
101000154,227,2885,-2658
101000155,223,256,-33
101000156,27,378,-351
101000157,85,46,39
101000160,129,61,68
101000163,260,130,130
101000164,564,619,-55
101000165,304,554,-250
101000166,464,572,-108
101000168,902,484,418
101000252,1752,1241,511
101000254,736,72,664
101000258,49,18,31
101000261,74,237,-163
101000262,1160,1226,-66
101000263,522,1556,-1034
101000265,108,726,-618
101000266,552,552,0
101000269,176,14,162
101000290,2631,2674,-43
101000293,127,119,8
101000294,760,700,60
101000295,173,763,-590
101000301,1137,453,684
101000304,2597,2845,-248
101000305,3136,2183,953
101900001,34,158,-124
101900002,1,37,-36
101900003,130,145,-15
101900004,5,23,-18
101900005,8472,1997,6475
101900006,1289,77,1212
101900007,763,121,642
101900008,214,473,-259
101900009,94,683,-589
101900010,1485,841,644
101900011,565,1969,-1404
101900012,190,632,-442
101900013,2023,260,1763
101900017,26,153,-127
101900018,2884,323,2561
101900019,462,171,291
101900020,378,277,101
101900021,0,91,-91
101900022,172,2317,-2145
101900023,110,369,-259
102000001,3673,4830,-1157
102000002,3441,1826,1615
102000003,4785,7271,-2486
102000004,11766,4185,7581
102000005,2004,2738,-734
102000006,2219,2530,-311
102000007,1792,5720,-3928
102000008,6869,2831,4038
102000009,6235,9455,-3220
102000010,7051,5283,1768
102000011,3351,2847,504
102000012,4574,4790,-216
102000018,4962,3750,1212
102000019,3867,2475,1392
102000026,364,1318,-954
102000029,496,347,149
102000030,117,502,-385
102000031,67,308,-241
102000032,369,572,-203
102000033,259,679,-420
102000034,706,894,-188
102000035,1572,1093,479
102000036,27,521,-494
102000037,213,166,47
102000038,481,153,328
102000039,512,85,427
102000040,949,203,746
102000041,422,375,47
102000042,519,217,302
102000043,816,379,437
102000044,783,834,-51
102000045,1022,1892,-870
102000046,1397,802,595
102000047,980,2058,-1078
102000048,328,1255,-927
102000049,1722,1223,499
102000050,1737,1791,-54
102000051,558,793,-235
102000052,2132,1397,735
102000053,1428,1246,182
102000054,505,1224,-719
102000055,1028,1832,-804
102000056,990,2622,-1632
102000057,1670,1014,656
102000058,1555,3448,-1893
102000059,1398,2758,-1360
102000060,1548,1515,33
102000061,1460,3531,-2071
102000062,1620,2300,-680
102000063,1776,2136,-360
102000064,663,834,-171
102000065,60,218,-158
102000066,1087,2225,-1138
102000067,3301,4360,-1059
102000068,14446,4181,10265
102000069,87,2680,-2593
102000070,2325,84,2241
102000071,10178,13151,-2973
102000072,4003,8304,-4301
102000073,1891,1630,261
102000074,1012,1708,-696
102000075,316,547,-231
102000076,271,1081,-810
102000077,479,1760,-1281
102000078,856,1462,-606
102000079,263,648,-385
102000080,339,456,-117
102000081,384,1199,-815
102000082,1059,524,535
102000083,443,665,-222
102000084,189,522,-333
102000085,1900,1789,111
102000086,1283,1568,-285
102000087,1079,2646,-1567
102000088,254,436,-182
102000089,1382,760,622
102000090,520,1493,-973
102000091,1894,768,1126
102000092,478,1332,-854
102000093,1031,868,163
102000094,1333,1015,318
102000095,1480,2137,-657
102000096,1272,1622,-350
102000097,1883,1963,-80
102000098,921,2045,-1124
102000099,1678,1195,483
102000100,1396,2137,-741
102000101,2173,1032,1141
102000102,587,4317,-3730
102000103,2081,635,1446
102000104,1640,558,1082
102000105,385,1336,-951
102000106,814,1498,-684
102000107,992,942,50
102000108,524,498,26
102000109,457,989,-532
102000110,795,2629,-1834
102000111,18,583,-565
102000112,176,144,32
102000113,12,45,-33
102000114,1699,603,1096
102000115,268,340,-72
102000116,1287,394,893
102000117,413,854,-441
102000118,2762,1385,1377
102000119,3461,986,2475
102000120,258,847,-589
102000121,1038,860,178
102000122,662,1383,-721
102000123,1918,1363,555
102000124,2090,1412,678
102000125,1025,1370,-345
102000126,940,980,-40
102000127,1202,1019,183
102000128,764,1774,-1010
102000129,1240,1452,-212
102000130,534,1323,-789
102000131,1851,1574,277
102000132,655,1932,-1277
102000133,1537,3145,-1608
102000134,666,1031,-365
102000135,1301,1460,-159
102000136,1621,945,676
102000137,1444,1459,-15
102000138,347,730,-383
102000139,80,490,-410
102000140,304,332,-28
102000141,286,707,-421
102000142,241,604,-363
102000143,131,812,-681
102000144,184,658,-474
102000145,379,714,-335
102000146,428,475,-47
102000147,504,458,46
102000148,353,414,-61
102000149,279,1008,-729
102000150,245,547,-302
102000151,205,612,-407
102000152,111,346,-235
102000153,1136,586,550
102000154,553,1000,-447
102000155,188,391,-203
102000156,556,95,461
102000157,258,258,0
102000158,682,484,198
102000159,2637,515,2122
102000161,6740,2539,4201
102000162,249,200,49
102000163,129,726,-597
102000164,1840,1424,416
102000165,285,162,123
102000166,34,185,-151
102000167,179,219,-40
102000168,239,161,78
102000169,195,694,-499
102000170,889,191,698
102000171,284,127,157
102000172,192,359,-167
102000173,576,299,277
102000174,98,106,-8
102000175,201,226,-25
102000176,44,60,-16
102000178,370,955,-585
102000179,338,386,-48
102000180,746,952,-206
102000181,536,1051,-515
102000182,633,1046,-413
102000183,1831,3248,-1417
102000184,1626,1305,321
102000185,2323,2651,-328
102000186,1051,3011,-1960
102000187,791,2845,-2054
102000188,863,2268,-1405
102000189,4512,1651,2861
102000190,984,3992,-3008
102000191,1682,902,780
102000192,945,1434,-489
102000193,99,290,-191
102000194,118,197,-79
102000195,626,900,-274
102000196,256,899,-643
102000197,482,866,-384
102000198,208,1544,-1336
102000199,651,599,52
102000200,300,2257,-1957
102000201,748,810,-62
102000202,11,246,-235
102000203,372,461,-89
102000204,427,1522,-1095
102000205,1114,1015,99
102000206,977,1220,-243
102000207,1379,676,703
102000208,705,966,-261
102000209,88,83,5
102000210,497,851,-354
102000211,802,874,-72
102000212,259,19,240
102000213,5,649,-644
102000214,192,22,170
102000215,20,976,-956
102000216,52,79,-27
102000217,18,378,-360
102000218,218,156,62
102000219,688,621,67
102000225,833,1150,-317
102000226,6467,2072,4395
102000227,198,4,194
102000228,3,168,-165
102000229,23,55,-32
102000230,419,973,-554
102000231,452,723,-271
102000232,19,385,-366
102000233,627,1110,-483
102000234,123,1557,-1434
102000236,298,120,178
102000237,905,282,623
102000238,207,546,-339
102000240,787,622,165
102000241,254,233,21
102000243,13,101,-88
102000245,65,119,-54
102000246,39,58,-19
102000247,760,1194,-434
102000248,258,633,-375
102000249,152,365,-213
102000250,90,733,-643
102000254,65,577,-512
102000266,55,262,-207
102000271,25,0,25
102000286,823,630,193
102000297,2323,1683,640
102000301,0,0,0
102000303,0,0,0
102000305,0,0,0
102000307,0,4,-4
102000308,0,3,-3
102900001,1542,1859,-317
102900002,515,60,455
102900003,60,432,-372
102900005,361,624,-263
102900006,666,409,257
102900007,474,72,402
102900008,304,193,111
102900009,796,407,389
102900010,886,725,161
102900011,2747,531,2216
102900012,453,135,318
102900013,26,90,-64
102900015,1118,476,642
102900016,38,195,-157
102900017,142,939,-797
102900018,35,192,-157
102900019,570,949,-379
102900020,125,82,43
102900021,29,227,-198
102900022,670,123,547
102900023,23,81,-58
102900024,32,72,-40
102900025,491,140,351
102900026,1076,1760,-684
102900027,53,80,-27
102900028,128,829,-701
102900029,257,221,36
102900030,374,376,-2
102900031,154,242,-88
102900032,100,217,-117
102900033,100,239,-139
102900034,335,194,141
102900035,134,748,-614
102900036,198,943,-745
102900037,228,1126,-898
102900038,524,994,-470
102900039,82,537,-455
102900040,214,375,-161
102900041,79,318,-239
102900042,240,544,-304
102900043,186,350,-164
102900044,824,2976,-2152
102900045,111,848,-737
102900046,126,455,-329
102900047,101,1251,-1150
102900048,812,931,-119
102900049,155,655,-500
102900050,366,548,-182
102900051,197,322,-125
102900052,76,57,19
102900053,522,1168,-646
102900054,1251,1388,-137
102900055,249,211,38
102900056,210,681,-471
102900057,5,46,-41
102900058,570,121,449
102900059,23,64,-41
102900060,122,714,-592
102900061,149,799,-650
102900062,212,1991,-1779
102900063,994,648,346
102900064,180,690,-510
102900065,2633,512,2121
102900066,545,96,449
102900068,136,105,31
102900070,216,1127,-911
102900072,27,38,-11
102900073,212,16,196
102900074,492,263,229
102900075,25,29,-4
102900076,451,87,364
102900077,38,28,10
102900078,79,125,-46
102900079,263,11,252
102900080,482,52,430
102900081,119,517,-398
102900082,11,361,-350
102900083,354,6,348
102900084,16,40,-24
102900085,288,119,169
102900086,8,90,-82
102900087,131,252,-121
102900088,68,54,14
102900089,385,211,174
102900090,3,797,-794
102900091,241,6,235
102900092,497,1418,-921
102900093,439,332,107
102900094,0,107,-107
102900095,134,1,133
102900096,45,20,25
102900097,182,454,-272
103000001,2898,3502,-604
103000002,3229,3228,1
103000003,7102,3856,3246
103000004,1360,962,398
103000005,3300,3580,-280
103000006,963,2072,-1109
103000007,435,1235,-800
103000008,1259,1533,-274
103000009,1475,1359,116
103000010,172,187,-15
103000011,2197,1799,398
103000012,1607,1913,-306
103000013,8389,2891,5498
103000014,1932,2881,-949
103000015,3582,1071,2511
103000016,677,1360,-683
103000017,254,428,-174
103000018,1779,600,1179
103000019,320,281,39
103000020,2618,2072,546
103000021,2055,1895,160
103000022,1340,1575,-235
103000023,667,1986,-1319
103000024,144,224,-80
103000025,131,541,-410
103000026,2316,252,2064
103000027,370,601,-231
103000028,786,647,139
103000029,543,380,163
103000030,2706,956,1750
103000031,1989,2150,-161
103000032,2291,2498,-207
103000033,3166,3566,-400
103000034,2031,1384,647
103000035,670,1524,-854
103000036,573,730,-157
103000037,705,738,-33
103000038,673,1424,-751
103000039,306,657,-351
103000040,447,1948,-1501
103000041,1919,3851,-1932
103000042,1033,1169,-136
103000043,476,1827,-1351
103000044,241,433,-192
103000046,369,673,-304
103000047,865,1068,-203
103000048,254,300,-46
103000049,163,291,-128
103000050,871,1141,-270
103000051,459,863,-404
103000052,1158,716,442
103000053,250,675,-425
103000054,2552,1908,644
103000055,2123,2970,-847
103000056,870,3465,-2595
103000057,429,450,-21
103000058,598,1535,-937
103000059,375,1245,-870
103000060,891,1329,-438
103000061,374,1262,-888
103000062,1281,1201,80
103000063,809,1089,-280
103000064,146,415,-269
103000065,4,508,-504
103000066,201,8,193
103000069,279,561,-282
103000070,1105,1852,-747
103000071,1206,531,675
103000072,169,1541,-1372
103000073,674,214,460
103000074,828,133,695
103000075,180,1566,-1386
103000076,394,375,19
103000077,79,674,-595
103000078,2004,710,1294
103000079,2622,659,1963
103000080,1651,480,1171
103000081,973,1243,-270
103000082,675,371,304
103000083,137,509,-372
103000084,227,4,223
103000085,0,126,-126
103000086,960,536,424
103000087,200,717,-517
103000088,675,502,173
103000089,339,530,-191
103000090,1940,1332,608
103000091,707,639,68
103000092,403,438,-35
103000093,449,836,-387
103000094,182,190,-8
103000095,53,651,-598
103000096,944,191,753
103000097,81,1052,-971
103000098,1285,313,972
103000099,506,1023,-517
103000100,131,1544,-1413
103000101,851,199,652
103000102,152,1206,-1054
103000103,678,470,208
103000104,103,201,-98
103000105,147,247,-100
103000106,27,128,-101
103000107,400,104,296
103000108,693,852,-159
103000109,554,422,132
103000110,490,620,-130
103000111,839,477,362
103000112,426,269,157
103000113,1091,908,183
103000114,1525,544,981
103000115,595,857,-262
103000116,614,902,-288
103000117,328,843,-515
103000118,2233,1412,821
103000119,2887,683,2204
103000120,84,129,-45
103000121,485,1070,-585
103000122,592,428,164
103000125,25,723,-698
103000126,566,15,551
103000127,4,377,-373
103000128,186,7,179
103000129,3,273,-270
103000130,53,35,18
103000131,335,136,199
103000132,97,230,-133
103000133,19,263,-244
103000134,894,1079,-185
103000135,1398,433,965
103000136,1301,519,782
103000137,879,899,-20
103000138,1230,1015,215
103000139,2,83,-81
103000140,300,38,262
103000141,54,166,-112
103000142,156,141,15
103000143,161,336,-175
103000144,245,155,90
103000145,92,49,43
103000150,74,92,-18
103000152,431,289,142
103000153,302,199,103
103000156,9,735,-726
103000157,428,1,427
103000159,191,200,-9
103000162,151,26,125
103000163,15,37,-22
103000164,44,20,24
103000165,366,647,-281
103000166,246,256,-10
103000167,286,125,161
103000168,107,232,-125
103000169,261,465,-204
103000170,570,762,-192
103000171,53,92,-39
103000172,501,532,-31
103000173,421,1352,-931
103000174,176,517,-341
103000175,193,592,-399
103000176,1332,617,715
103000177,1133,591,542
103000178,373,404,-31
103000179,240,51,189
103000183,150,72,78
103000185,80,152,-72
103000186,112,254,-142
103000187,468,1143,-675
103000188,14,95,-81
103000189,1183,1562,-379
103000191,732,1277,-545
103000292,3532,1636,1896
103000293,2077,2039,38
103000295,141,106,35
103000296,341,6,335
103000297,88,41,47
103000504,281,74,207
103000505,17,11,6
103000506,2,300,-298
103000507,157,3,154
103000508,64,32,32
103000509,322,773,-451
103900001,8,780,-772
103900002,2927,274,2653
103900003,2906,175,2731
103900004,94,4,90
103900005,0,378,-378
103900006,9,19,-10
103900007,82,75,7
103900008,46,0,46
103900009,223,525,-302
103900010,179,463,-284
103900011,215,369,-154
103900012,22,43,-21
103900013,44,153,-109
103900014,46,54,-8
103900015,50,37,13
103900016,371,397,-26
103900017,54,130,-76
103900018,1014,321,693
103900019,75,368,-293
103900020,292,569,-277
103900021,1269,79,1190
103900022,1486,928,558
103900023,124,4,120
103900024,144,1330,-1186
103900025,23,86,-63
103900026,16,0,16
103900027,663,491,172
103900028,37,332,-295
103900029,1295,236,1059
103900030,291,51,240
103900031,31,3,28
103900032,97,74,23
103900033,139,17,122
103900034,47,459,-412
103900035,71,124,-53
103900036,50,45,5
103900037,73,52,21
103900038,97,199,-102
103900039,33,672,-639
103900040,13,261,-248
103900041,48,58,-10
103900042,57,611,-554
103900043,183,253,-70
103900044,438,244,194
103900045,257,288,-31
103900047,67,63,4
103900048,52,32,20
103900049,348,2047,-1699
103900050,11,129,-118
103900051,0,69,-69
103900052,230,942,-712
103900053,201,1966,-1765
103900054,130,1015,-885
103900055,458,391,67
103900056,75,80,-5
103900057,25,429,-404
103900058,195,1206,-1011
103900059,0,8,-8
103900060,71,483,-412
103900061,82,116,-34
103900062,279,99,180
103900063,1,0,1
103900064,87,8,79
103900065,1139,698,441
103900066,112,15,97
103900067,179,10,169
103900068,5,0,5
103900069,111,9,102
103900070,158,521,-363
103900071,22,248,-226
103900072,12,453,-441
103900073,55,53,2
103900074,91,196,-105
103900075,271,241,30
103900076,391,1238,-847
103900077,129,141,-12
103900078,170,158,12
103900079,140,386,-246
103900080,13,46,-33
103900081,122,37,85
103900082,48,216,-168
103900083,2626,848,1778
103900084,79,269,-190
103900085,75,159,-84
103900086,657,448,209
103900087,30,151,-121
103900088,434,401,33
103900089,40,232,-192
103900090,18,381,-363
103900091,1426,410,1016
103900092,652,801,-149
103900093,150,550,-400
103900094,12,218,-206
103900095,329,250,79
103900096,37,458,-421
103900097,19,893,-874
103900098,282,146,136
103900099,88,432,-344
103900100,243,563,-320
103900101,110,1567,-1457
103900102,1,92,-91
103900104,7,58,-51
103900105,155,299,-144
103900106,0,20,-20
103900107,164,486,-322
103900108,59,707,-648
103900109,91,165,-74
103900110,319,104,215
103900111,81,1342,-1261
103900112,30,76,-46
103900113,191,338,-147
103900114,725,493,232
103900115,340,204,136
103900116,10171,2944,7227
103900117,317,217,100
103900119,49,70,-21
103900120,117,188,-71
103900122,115,540,-425
103900123,2773,810,1963
103900124,65,825,-760
103900125,136,127,9
103900126,530,934,-404
103900127,180,1513,-1333
103900128,84,334,-250
103900131,30,197,-167
103900133,1394,40,1354
103900134,7,17,-10
103900135,104,18,86
103900137,0,87,-87
103900138,60,612,-552
103900139,339,1532,-1193
103900140,13,93,-80
103900141,398,140,258
103900142,103,361,-258
103900143,41,10,31
103900144,1,140,-139
103900145,211,602,-391
103900146,326,612,-286
103900147,416,165,251
103900148,223,378,-155
103900149,214,1198,-984
103900150,11707,4037,7670
103900151,92,308,-216
103900152,403,1074,-671
103900153,16,3,13
103900154,1929,1690,239
103900155,47,425,-378
103900156,34,285,-251
103900157,50,522,-472
103900158,93,366,-273
103900159,115,136,-21
103900160,44,29,15
103900161,123,368,-245
103900162,89,517,-428
103900163,10,693,-683
103900167,24,150,-126
103900168,167,242,-75
103900169,40,101,-61
103900170,3,200,-197
103900171,8,119,-111
103900172,26,52,-26
103900173,3,19,-16
103900174,159,136,23
103900175,92,68,24
103900176,19,42,-23
103900177,9,65,-56
103900178,47,184,-137
103900179,66,448,-382
103900180,9,164,-155
103900181,83,90,-7
103900182,69,50,19
103900184,1092,100,992
103900185,603,281,322
103900187,170,135,35
103900188,53,30,23
103900189,115,13,102
103900190,134,97,37
103900191,49,81,-32
103900192,76,219,-143
103900193,279,287,-8
103900194,101,655,-554
103900195,8,59,-51
103900196,50,24,26
103900197,12,59,-47
103900198,17,78,-61
103900199,136,144,-8
103900200,158,198,-40
103900201,157,275,-118
103900202,4,67,-63
103900203,53,27,26
103900204,7,230,-223
103900207,3,340,-337
103900208,76,1,75
103900209,12,196,-184
103900210,52,42,10
103900211,552,1105,-553
103900212,134,735,-601
103900213,130,307,-177
103900214,463,203,260
103900215,761,282,479
103900216,7,743,-736
103900217,493,65,428
103900218,12,510,-498
103900219,132,496,-364
103900233,114,10,104
103900235,64,41,23
103900236,30,3,27
103900242,5,22,-17
103900243,8,21,-13
103900244,146,576,-430
103900245,156,380,-224
103900246,89,85,4
103900247,90,153,-63
103900248,17,54,-37
103900249,40,68,-28
103900250,97,35,62
103900251,2,62,-60
103900253,46,119,-73
103900254,22,50,-28
103900255,27,22,5
103900256,42,25,17
103900257,138,234,-96
103900258,50,10,40
103900259,103,8,95
103900261,30,4,26
103900262,21,7,14
103900263,74,88,-14
103900264,98,50,48
103900265,128,18,110
103900266,2,95,-93
103900267,14,92,-78
103900268,9,250,-241
103900269,210,412,-202
103900270,62,268,-206
103900271,8,74,-66
104000001,2562,3177,-615
104000002,2614,4561,-1947
104000003,3056,3157,-101
104000004,4347,4127,220
104000005,1577,2683,-1106
104000006,3417,4376,-959
104000007,5574,5822,-248
104000008,383,628,-245
104000009,125,159,-34
104000010,194,325,-131
104000011,1402,554,848
104000012,242,745,-503
104000013,220,217,3
104000014,339,1102,-763
104000015,323,308,15
104000016,857,673,184
104000018,816,280,536
104000019,594,194,400
104000020,306,1231,-925
104000021,404,1078,-674
104000022,178,461,-283
104000023,697,484,213
104000024,309,637,-328
104000026,74,451,-377
104000027,418,735,-317
104000028,478,428,50
104000029,582,934,-352
104000030,347,415,-68
104000031,1179,558,621
104000032,313,594,-281
104000033,621,774,-153
104000034,442,623,-181
104000035,909,700,209
104000036,807,1143,-336
104000037,385,508,-123
104000038,444,449,-5
104000039,212,600,-388
104000040,839,714,125
104000041,640,578,62
104000042,246,585,-339
104000043,425,630,-205
104000044,399,1285,-886
104000045,1340,2100,-760
104000046,2103,2522,-419
104000047,997,2084,-1087
104000048,1577,2964,-1387
104000049,464,460,4
104000050,180,855,-675
104000051,116,1111,-995
104000052,1437,2372,-935
104000053,842,911,-69
104000054,610,891,-281
104000055,4750,4303,447
104000056,2112,462,1650
104000057,168,804,-636
104000058,694,1146,-452
104000059,621,1859,-1238
104000060,961,1671,-710
104000061,1602,2139,-537
104000062,348,226,122
104000064,625,529,96
104000065,202,564,-362
104000069,2193,1044,1149
104000070,81,523,-442
104000071,191,625,-434
104000072,602,296,306
104000075,112,465,-353
104000076,606,164,442
104000082,2523,3800,-1277
104000083,939,302,637
104000084,154,713,-559
104000085,363,381,-18
104000086,273,654,-381
104000087,608,2110,-1502
104000090,970,2485,-1515
104000092,1110,4743,-3633
104000094,1188,3614,-2426
104000095,1911,2046,-135
104000096,1805,814,991
104000097,1611,1944,-333
104000098,1828,2256,-428
104000100,1621,1135,486
104000101,1059,3806,-2747
104000106,160,863,-703
104000107,746,837,-91
104000108,531,1003,-472
104000109,395,100,295
104000110,1064,1556,-492
104000111,8758,3386,5372
104000112,3681,969,2712
104000116,7,2197,-2190
104000117,139,1934,-1795
104000118,532,416,116
104000119,525,408,117
104000120,244,1771,-1527
104000121,337,1039,-702
104000122,627,1004,-377
104000123,1378,1878,-500
104000124,1969,4777,-2808
104000125,8439,4974,3465
104000126,535,758,-223
104000127,1902,4963,-3061
104000128,1168,793,375
104000129,750,65,685
104000130,13,576,-563
104000131,1430,762,668
104000132,818,1038,-220
104000133,1426,1460,-34
104000134,1085,2129,-1044
104000135,524,2132,-1608
104000136,1192,4892,-3700
104000137,1971,477,1494
104000138,1757,615,1142
104000139,12359,4949,7410
104000141,1590,2797,-1207
104000142,878,1542,-664
104000143,722,1148,-426
104000144,90,302,-212
104000145,505,296,209
104000146,557,941,-384
104000147,153,564,-411
104000148,397,245,152
104000149,246,650,-404
104000150,910,773,137
104000151,510,920,-410
104000152,615,1156,-541
104000153,547,709,-162
104000154,1365,1240,125
104000155,572,643,-71
104000157,1348,2768,-1420
104000158,427,475,-48
104000159,870,600,270
104000160,2140,2597,-457
104000161,449,312,137
104000162,89,198,-109
104000165,2151,1654,497
104000167,622,1077,-455
104000168,616,16,600
104000169,75,76,-1
104000170,1012,732,280
104000248,464,1980,-1516
104000251,104,519,-415
104000272,0,0,0
104000273,0,0,0
104000274,0,0,0
104000275,0,0,0
104000279,989,673,316
104000290,130,639,-509
104000291,721,1644,-923
104000293,827,1093,-266
104000294,21,0,21
104000295,637,1089,-452
104000296,374,1109,-735
104000297,1146,2323,-1177
104000298,2269,1325,944
104000299,876,2428,-1552
104900001,183,826,-643
104900002,74,152,-78
104900003,62,596,-534
104900004,99,562,-463
104900005,250,293,-43
104900006,208,122,86
104900007,294,383,-89
104900009,179,696,-517
104900010,54,48,6
104900011,17,7,10
104900012,230,18,212
104900013,115,13,102
104900014,5657,652,5005
104900015,145,6,139
104900016,254,621,-367
104900017,129,302,-173
104900018,13,352,-339
104900019,487,2313,-1826
104900020,87,467,-380
104900021,3,494,-491
104900022,24,222,-198
104900023,7,231,-224
104900024,32,195,-163
104900025,70,710,-640
104900026,8,255,-247
104900027,443,359,84
104900028,56,154,-98
104900029,49,183,-134
104900030,526,313,213
104900031,182,343,-161
104900032,58,310,-252
104900033,146,341,-195
104900034,383,190,193
104900035,277,250,27
104900036,179,131,48
104900037,145,657,-512
104900038,974,702,272
104900039,1593,350,1243
104900040,260,130,130
104900041,262,275,-13
104900042,183,719,-536
104900043,17,123,-106
104900044,406,383,23
104900045,445,100,345
104900046,181,204,-23
104900047,380,249,131
104900048,287,169,118
104900049,35,20,15
104900050,221,178,43
104900051,339,106,233
104900052,36,1,35
104900053,479,151,328
104900054,214,90,124
104900055,70,2,68
104900056,253,24,229
104900057,23,1,22
104900058,1108,361,747
104900059,157,90,67
104900060,5,703,-698
104900061,542,1033,-491
104900063,3,295,-292
104900064,0,241,-241
104900065,0,214,-214
104900066,4,491,-487
104900067,7,446,-439
104900068,26,369,-343
104900070,187,450,-263
104900071,7,1400,-1393
104900072,101,404,-303
104900073,86,686,-600
104900074,93,402,-309
104900075,75,181,-106
104900076,185,629,-444
104900077,2676,269,2407
104900078,239,1108,-869
104900079,203,325,-122
104900080,100,825,-725
104900082,21,567,-546
104900085,31,379,-348
104900087,588,7,581
104900089,129,2,127
104900090,686,760,-74
104900091,563,1711,-1148
104900093,361,896,-535
104900097,5586,2123,3463
104900098,106,56,50
104900099,144,582,-438
104900100,1272,430,842
104900102,33,457,-424
104900103,681,188,493
104900104,5578,2053,3525
104900106,114,271,-157
104900107,97,581,-484
104900108,47,602,-555
104900109,112,315,-203
104900110,26,78,-52
104900111,224,325,-101
104900112,233,1609,-1376
104900113,725,771,-46
104900114,318,1268,-950
104900115,686,1000,-314
104900116,250,419,-169
104900118,45,136,-91
104900119,2,71,-69
104900120,137,167,-30
104900121,4,197,-193
104900122,3,206,-203
104900123,32,5,27
104900124,52,0,52
104900125,708,37,671
104900126,95,108,-13
104900127,47,73,-26
104900128,88,159,-71
104900129,4371,1769,2602
105000001,3083,2628,455
105000002,3288,2696,592
105000003,4487,5367,-880
105000004,597,1721,-1124
105000005,850,1791,-941
105000006,1450,2331,-881
105000007,1430,2040,-610
105000008,1668,2829,-1161
105000009,1692,3706,-2014
105000010,4410,4357,53
105000011,2639,2918,-279
105000012,4623,4704,-81
105000013,868,1224,-356
105000014,1494,2578,-1084
105000015,12326,9591,2735
105000016,5859,2940,2919
105000017,2347,1645,702
105000018,1882,1319,563
105000019,1997,1175,822
105000020,276,425,-149
105000021,312,216,96
105000022,249,67,182
105000023,743,345,398
105000028,112,260,-148
105000029,518,1477,-959
105000030,5129,5373,-244
105000033,1067,3175,-2108
105000034,255,893,-638
105000037,891,1123,-232
105000038,1845,1918,-73
105000039,3564,3072,492
105000040,800,1212,-412
105000041,699,2065,-1366
105000042,2713,1808,905
105000043,2406,3341,-935
105000044,450,499,-49
105000045,423,1355,-932
105000046,945,491,454
105000047,626,2122,-1496
105000048,675,346,329
105000049,251,1095,-844
105000050,626,562,64
105000051,354,902,-548
105000052,577,1616,-1039
105000053,162,327,-165
105000054,419,1530,-1111
105000055,521,859,-338
105000056,1180,4282,-3102
105000057,1359,1588,-229
105000058,2125,2393,-268
105000059,753,886,-133
105000060,820,1242,-422
105000061,593,780,-187
105000062,1329,2101,-772
105000063,510,1196,-686
105000064,1333,1118,215
105000065,545,1742,-1197
105000066,1647,3663,-2016
105000067,1452,863,589
105000068,887,1515,-628
105000069,6354,1555,4799
105000070,1381,1174,207
105000071,538,806,-268
105000072,980,1816,-836
105000073,1053,880,173
105000074,1252,1332,-80
105000075,763,1261,-498
105000076,1861,1533,328
105000077,2495,1150,1345
105000078,2122,1721,401
105000079,2444,2389,55
105000080,2531,1614,917
105000081,2223,1042,1181
105000082,1049,783,266
105000083,2506,1541,965
105000084,748,1738,-990
105000085,1682,1348,334
105000086,691,1167,-476
105000087,4611,2881,1730
105000088,1569,1941,-372
105000089,3869,3340,529
105000090,1178,1218,-40
105000091,2191,3156,-965
105000092,910,1579,-669
105000093,474,247,227
105000094,391,329,62
105000095,103,522,-419
105000096,1428,947,481
105000097,1617,1029,588
105000098,1117,817,300
105000099,1334,1311,23
105000100,1082,1694,-612
105000101,2115,3607,-1492
105000102,1571,2315,-744
105000103,1698,4021,-2323
105000104,2196,1728,468
105000105,1314,3678,-2364
105000106,1570,2894,-1324
105000107,1076,1991,-915
105000108,1375,3633,-2258
105000109,1679,3169,-1490
105000110,949,1766,-817
105000111,751,1035,-284
105000112,1386,1753,-367
105000113,557,1000,-443
105000114,7523,1679,5844
105000115,418,1123,-705
105000116,672,638,34
105000117,1112,2418,-1306
105000118,380,590,-210
105000119,605,2233,-1628
105000120,837,912,-75
105000121,1084,2248,-1164
105000122,445,754,-309
105000123,1651,2753,-1102
105000124,1707,1621,86
105000125,930,3260,-2330
105000126,2580,4219,-1639
105000127,3261,3337,-76
105000128,665,2430,-1765
105000129,1087,512,575
105000130,300,1886,-1586
105000131,1088,694,394
105000132,770,634,136
105000133,478,1864,-1386
105000134,607,853,-246
105000135,486,1026,-540
105000136,152,555,-403
105000137,335,353,-18
105000138,239,565,-326
105000139,1481,1859,-378
105000140,267,703,-436
105000141,362,1238,-876
105000142,180,765,-585
105000143,337,1304,-967
105000144,376,1228,-852
105000145,755,841,-86
105000146,824,1274,-450
105000147,580,624,-44
105000148,1346,1002,344
105000149,2306,3277,-971
105000150,3051,2596,455
105000151,472,583,-111
105000152,289,1271,-982
105000153,857,838,19
105000154,971,1959,-988
105000155,409,1214,-805
105000156,1319,1722,-403
105000157,1421,4524,-3103
105000158,2451,1349,1102
105000159,386,2726,-2340
105000160,2025,957,1068
105000161,1212,3534,-2322
105000162,932,2050,-1118
105000163,3140,2174,966
105000164,286,538,-252
105000165,3596,5844,-2248
105000166,13185,761,12424
105000167,5941,1882,4059
105000168,354,1636,-1282
105000169,405,676,-271
105000170,170,1930,-1760
105000171,1546,650,896
105000172,82,99,-17
105000173,77,63,14
105000174,58,55,3
105000175,130,202,-72
105000176,227,115,112
105000177,246,208,38
105000178,120,1495,-1375
105000179,305,183,122
105000180,143,164,-21
105000181,104,1026,-922
105000182,57,77,-20
105000183,4366,2559,1807
105000184,1279,1177,102
105000185,1121,1047,74
105000186,360,1215,-855
105000187,827,343,484
105000188,352,174,178
105000189,201,720,-519
105000190,286,450,-164
105000191,452,467,-15
105000192,231,94,137
105000193,108,236,-128
105000194,230,84,146
105000195,385,1916,-1531
105000196,63,145,-82
105000197,319,1121,-802
105000198,854,512,342
105000199,462,432,30
105000200,198,347,-149
105000201,122,34,88
105000203,8,515,-507
105000204,81,107,-26
105000205,96,411,-315
105000207,699,347,352
105000208,375,670,-295
105000209,334,367,-33
105000212,1246,2806,-1560
105000213,285,248,37
105000214,145,429,-284
105000215,294,447,-153
105000216,144,479,-335
105000217,149,501,-352
105000218,1019,1796,-777
105000221,388,642,-254
105000222,146,114,32
105000223,191,361,-170
105000226,85,696,-611
105000227,62,413,-351
105000228,616,1483,-867
105000229,126,383,-257
105000231,320,475,-155
105000233,735,751,-16
105000234,640,2135,-1495
105000235,462,818,-356
105000237,1006,88,918
105000243,37,446,-409
105000248,127,100,27
105000262,349,3561,-3212
105000269,153,381,-228
105000270,468,146,322
105000271,4,441,-437
105000282,327,94,233
105000287,380,351,29
105000288,553,867,-314
105000289,2562,1301,1261
105000290,12,5,7
105000402,8382,3188,5194
105000426,593,698,-105
105000438,2566,1052,1514
105000446,23174,7461,15713
105000447,12897,4358,8539
105000454,374,1448,-1074
105000455,335,301,34
105000474,14,0,14
105000477,463,597,-134
105000478,1920,3136,-1216
105000479,184,189,-5
105000480,4546,2946,1600
105000481,3930,2966,964
105000482,7132,4194,2938
105000483,1678,1792,-114
105000484,3287,3575,-288
105000485,1552,2107,-555
105000486,4178,3303,875
105000488,6425,5146,1279
105000489,967,1290,-323
105000549,35,173,-138
105000550,592,2183,-1591
105000551,44,151,-107
105000552,5158,2996,2162
105900001,10,1826,-1816
105900002,2646,707,1939
105900003,21,119,-98
105900004,374,198,176
105900005,14,293,-279
105900006,14,85,-71
105900007,66,31,35
105900008,75,1374,-1299
105900009,14,21,-7
105900011,214,46,168
105900012,492,156,336
105900013,2,32,-30
105900014,6,128,-122
105900015,187,572,-385
105900016,333,1210,-877
105900017,852,107,745
105900018,293,503,-210
105900019,68,688,-620
105900020,60,76,-16
105900021,24,584,-560
105900022,336,670,-334
105900023,10,153,-143
105900024,5,251,-246
105900025,88,112,-24
105900026,356,80,276
105900027,8887,4933,3954
105900028,168,270,-102
105900029,3049,465,2584
105900030,230,371,-141
105900031,860,293,567
105900032,106,264,-158
105900033,111,221,-110
105900034,175,416,-241
105900035,247,364,-117
105900036,75,229,-154
105900037,90,112,-22
105900038,234,548,-314
105900039,156,287,-131
105900040,73,152,-79
105900041,298,983,-685
105900042,60,154,-94
105900043,3439,163,3276
105900044,5,265,-260
105900045,9,820,-811
105900046,7,279,-272
105900047,16,58,-42
105900048,96,780,-684
105900050,3013,1685,1328
105900051,32,2444,-2412
105900052,454,144,310
105900053,6123,2226,3897
105900054,395,590,-195
105900056,1222,358,864
105900057,34,250,-216
105900058,17,80,-63
105900059,4,62,-58
106000001,5522,2686,2836
106000002,4458,8067,-3609
106000003,3645,4013,-368
106000004,3420,3974,-554
106000005,3101,7504,-4403
106000006,8223,7490,733
106000007,501,659,-158
106000008,451,403,48
106000009,554,445,109
106000010,645,805,-160
106000011,896,1225,-329
106000012,1009,2436,-1427
106000013,2160,2369,-209
106000014,2589,2678,-89
106000015,1515,1558,-43
106000016,1578,3716,-2138
106000017,911,861,50
106000018,813,931,-118
106000019,339,606,-267
106000020,361,746,-385
106000021,350,657,-307
106000022,407,502,-95
106000023,789,534,255
106000024,1020,1272,-252
106000025,138,268,-130
106000026,139,425,-286
106000027,1320,2120,-800
106000028,769,1046,-277
106000029,1070,2072,-1002
106000030,1406,676,730
106000034,299,949,-650
106000035,1110,1852,-742
106000036,587,758,-171
106000037,2842,2800,42
106000038,853,134,719
106000039,337,100,237
106000040,255,1184,-929
106000041,1129,569,560
106000043,728,197,531
106000046,533,89,444
106000047,89,736,-647
106000049,772,250,522
106000050,400,1467,-1067
106000051,568,688,-120
106000052,161,1132,-971
106000053,167,171,-4
106000054,556,742,-186
106000055,1078,1898,-820
106000056,438,713,-275
106000057,251,405,-154
106000058,299,339,-40
106000059,373,380,-7
106000060,894,918,-24
106000061,342,820,-478
106000062,246,1006,-760
106000063,839,838,1
106000064,51,682,-631
106000065,515,359,156
106000066,226,661,-435
106000067,439,161,278
106000068,93,1163,-1070
106000069,240,165,75
106000070,617,1421,-804
106000071,1264,649,615
106000072,8042,2638,5404
106000073,2731,3483,-752
106000074,549,1222,-673
106000075,540,1852,-1312
106000076,2428,2921,-493
106000077,5822,2378,3444
106000078,1343,1715,-372
106000079,829,1723,-894
106000080,1573,1457,116
106000081,837,1788,-951
106000082,3477,1546,1931
106000083,465,2185,-1720
106000084,1418,1062,356
106000085,2456,2037,419
106000086,931,1390,-459
106000087,1058,954,104
106000088,550,1158,-608
106000089,1280,706,574
106000090,340,900,-560
106000091,403,1417,-1014
106000092,838,421,417
106000093,462,152,310
106000094,160,747,-587
106000095,682,2215,-1533
106000096,1136,1127,9
106000097,1079,2348,-1269
106000098,774,1531,-757
106000099,273,1493,-1220
106000100,1063,431,632
106000101,1430,475,955
106000102,224,1011,-787
106000103,426,1050,-624
106000104,820,689,131
106000105,537,1720,-1183
106000106,718,640,78
106000107,188,730,-542
106000108,204,495,-291
106000109,209,669,-460
106000110,161,519,-358
106000111,215,1065,-850
106000112,203,605,-402
106000113,1906,921,985
106000114,583,580,3
106000115,288,853,-565
106000116,220,415,-195
106000117,1229,1421,-192
106000118,1554,1581,-27
106000119,3860,2033,1827
106000120,869,1079,-210
106000121,211,331,-120
106000122,227,588,-361
106000123,382,509,-127
106000124,69,587,-518
106000125,23,505,-482
106000126,220,351,-131
106000127,1029,1691,-662
106000128,827,495,332
106000129,615,1194,-579
106000130,800,746,54
106000131,248,1372,-1124
106000132,1204,323,881
106000133,6470,1883,4587
106000134,1493,1742,-249
106000135,423,1627,-1204
106000136,1044,1115,-71
106000137,139,2772,-2633
106000138,1063,110,953
106000139,75,251,-176
106000140,62,175,-113
106000141,95,187,-92
106000142,113,141,-28
106000143,48,159,-111
106000144,32,144,-112
106000145,270,498,-228
106000146,380,359,21
106000147,692,934,-242
106000148,854,1381,-527
106000149,644,695,-51
106000150,777,2819,-2042
106000151,8020,1199,6821
106000152,2197,2553,-356
106000153,119,2242,-2123
106000154,2095,412,1683
106000155,107,396,-289
106000156,1001,630,371
106000157,987,3148,-2161
106000158,4828,1251,3577
106000159,7540,2076,5464
106000160,448,2838,-2390
106000161,2359,951,1408
106000162,301,1045,-744
106000163,398,909,-511
106000164,342,515,-173
106000165,326,1261,-935
106000166,1083,407,676
106000167,533,2205,-1672
106000168,410,405,5
106000169,236,1366,-1130
106000170,491,429,62
106000171,174,1868,-1694
106000172,2653,1611,1042
106000173,972,4800,-3828
106000174,1282,492,790
106000175,483,1960,-1477
106000176,1434,1239,195
106000177,964,4447,-3483
106000178,3313,3071,242
106000179,1518,3856,-2338
106000180,925,2835,-1910
106000181,623,3398,-2775
106000182,955,1413,-458
106000183,1102,1918,-816
106000184,1530,1941,-411
106000185,846,1634,-788
106000186,1407,247,1160
106000187,365,1188,-823
106000188,2,2,0
106000189,17,105,-88
106000190,20,5,15
106000191,674,321,353
106000192,0,47,-47
106000193,513,243,270
106000194,244,555,-311
106000195,817,255,562
106000196,242,878,-636
106000197,480,695,-215
106000198,165,445,-280
106000199,1415,620,795
106000200,1010,234,776
106000201,789,2296,-1507
106000202,12790,1009,11781
106000203,302,309,-7
106000204,33,5,28
106000205,27,266,-239
106000206,104,27,77
106000207,86,1441,-1355
106000208,1090,175,915
106000209,1506,597,909
106000210,323,2524,-2201
106000211,486,2453,-1967
106000212,878,384,494
106000213,1328,2353,-1025
106000214,4236,783,3453
106000215,420,788,-368
106000216,488,471,17
106000217,531,737,-206
106000218,662,515,147
106000219,202,510,-308
106000220,582,430,152
106000221,151,475,-324
106000222,56,214,-158
106000223,120,163,-43
106000224,265,490,-225
106000225,75,103,-28
106000226,228,536,-308
106000228,65,258,-193
106000229,113,1203,-1090
106000231,988,272,716
106000232,96,665,-569
106000233,490,249,241
106000234,87,303,-216
106000235,554,106,448
106000236,195,117,78
106000237,4,16,-12
106000238,26,17,9
106000239,7,189,-182
106000240,56,7,49
106000241,19,1249,-1230
106000242,220,29,191
106000249,109,143,-34
106000250,99,612,-513
106000251,52,42,10
106000252,42,156,-114
106000253,41,65,-24
106000254,38,102,-64
106000255,29,196,-167
106000256,67,146,-79
106000257,172,424,-252
106000258,297,16,281
106000259,7,34,-27
106000260,23,3,20
106000261,2,59,-57
106000262,66,15,51
106000263,12,141,-129
106000264,213,15,198
106000265,21,269,-248
106000266,154,30,124
106000267,8,147,-139
106000268,693,56,637
106000269,118,145,-27
106000270,235,586,-351
106000271,93,285,-192
106000272,161,115,46
106000273,13,246,-233
106000274,264,72,192
106000275,257,323,-66
106000276,239,107,132
106000277,227,245,-18
106000278,219,82,137
106000279,21,148,-127
106000280,76,283,-207
106000281,126,210,-84
106000282,120,114,6
106000283,159,191,-32
106000284,107,184,-77
106000285,207,274,-67
106000286,95,263,-168
106000287,155,159,-4
106000288,163,261,-98
106000289,121,157,-36
106000290,85,163,-78
106000291,128,217,-89
106000292,126,199,-73
106000293,176,245,-69
106000294,162,231,-69
106000295,86,110,-24
106000296,99,208,-109
106000297,110,422,-312
106000298,210,123,87
106000299,138,314,-176
106000300,80,163,-83
106000301,111,175,-64
106000303,26,132,-106
106000304,56,91,-35
106000305,33,91,-58
106000306,63,130,-67
106000307,47,44,3
106000308,43,294,-251
106000309,40,136,-96
106000310,272,1101,-829
106000311,364,242,122
106000312,89,350,-261
106000313,189,358,-169
106000318,383,444,-61
106000319,802,129,673
106000320,3,71,-68
106000321,693,142,551
106000322,140,296,-156
106000324,11,260,-249
106000325,1399,1044,355
106000326,1254,2823,-1569
106000327,86,255,-169
106000328,20,131,-111
106000329,59,485,-426
106000330,59,81,-22
106000428,57,265,-208
106000429,148,703,-555
106000430,536,2310,-1774
106000431,1876,505,1371
106000432,2421,4425,-2004
106000433,2027,1253,774
106000434,3719,1596,2123
106000435,3357,4697,-1340
106000436,16,500,-484
106000437,297,52,245
106000438,445,162,283
106000439,51,906,-855
106000440,295,808,-513
106000441,1,0,1
106000442,164,8,156
106000443,143,862,-719
106000450,7,411,-404
106000451,20,21,-1
106000454,6,130,-124
106000455,10,259,-249
106000456,129,30,99
106000457,15,1843,-1828
106000458,484,363,121
106000459,87,746,-659
106000460,945,80,865
106000461,57,3370,-3313
106000462,0,26,-26
106000463,3,52,-49
106000464,5,1016,-1011
106000465,353,2,351
106000466,5,1278,-1273
106000467,788,982,-194
106000468,79,422,-343
106000469,486,11,475
106000470,370,2228,-1858
106000471,73,1216,-1143
106000472,188,16,172
106000473,63,29,34
106000474,536,1095,-559
106000475,304,188,116
106000476,234,239,-5
106000477,34,80,-46
106900001,1,44,-43
106900002,9,1212,-1203
106900003,392,1727,-1335
106900004,4,166,-162
106900006,1,49,-48
106900007,1,59,-58
106900008,228,628,-400
106900009,322,833,-511
106900010,256,624,-368
106900012,4136,2743,1393
106900013,684,136,548
106900014,42,7,35
106900015,22,2,20
106900016,328,6,322
106900017,5,1,4
106900018,2,0,2
106900019,56,5,51
106900020,5263,1664,3599
106900021,73,156,-83
106900022,468,1,467
106900023,26,523,-497
106900024,659,32,627
106900025,66,1352,-1286
106900026,9,1418,-1409
106900027,446,6,440
107000001,4224,2747,1477
107000002,5863,5963,-100
107000003,5169,6513,-1344
107000004,7023,8636,-1613
107000005,3132,5498,-2366
107000006,5234,9904,-4670
107000007,5183,10505,-5322
107000008,20579,16534,4045
107000009,5528,7007,-1479
107000010,12259,16547,-4288
107000011,1406,1947,-541
107000012,6396,6136,260
107000013,63,195,-132
107000014,24,410,-386
107000015,487,1276,-789
107000016,523,1824,-1301
107000017,3257,1336,1921
107000018,28,443,-415
107000020,1431,616,815
107000021,1224,1031,193
107000022,812,1732,-920
107000023,1934,449,1485
107000024,593,2676,-2083
107000025,245,579,-334
107000026,206,1061,-855
107000027,1186,1192,-6
107000028,1464,2719,-1255
107000029,2375,2496,-121
107000030,3972,5154,-1182
107000031,3759,2706,1053
107000032,558,1350,-792
107000033,5256,5534,-278
107000034,7181,3203,3978
107000035,384,266,118
107000036,591,1722,-1131
107000037,76,870,-794
107000038,368,445,-77
107000039,725,868,-143
107000040,208,502,-294
107000041,2358,963,1395
107000042,1092,2504,-1412
107000043,4554,1320,3234
107000044,785,546,239
107000045,173,488,-315
107000046,864,583,281
107000047,646,1285,-639
107000048,806,454,352
107000049,746,1269,-523
107000050,1193,758,435
107000051,850,503,347
107000052,1501,1258,243
107000053,532,285,247
107000054,94,423,-329
107000055,106,103,3
107000056,530,1226,-696
107000057,2340,285,2055
107000058,2485,2947,-462
107000059,3486,5251,-1765
107000060,3849,6452,-2603
107000061,7751,6616,1135
107000062,3640,3936,-296
107000063,5323,10133,-4810
107000064,4011,2444,1567
107000065,5129,9078,-3949
107000066,1820,2608,-788
107000067,1106,1350,-244
107000068,1711,685,1026
107000069,1028,545,483
107000070,711,5,706
107000071,2373,35,2338
107000072,81,5681,-5600
107000073,513,238,275
107000074,199,1437,-1238
107000075,1544,642,902
107000076,1463,2718,-1255
107000077,3319,1448,1871
107000078,3017,5271,-2254
107000079,2421,929,1492
107000080,1926,5015,-3089
107000081,1240,749,491
107000082,745,4164,-3419
107000083,1275,468,807
107000084,675,3682,-3007
107000085,3130,4291,-1161
107000086,4510,4585,-75
107000087,2943,2496,447
107000088,3466,5187,-1721
107000089,1741,2195,-454
107000090,1357,1660,-303
107000091,1367,1185,182
107000092,945,1787,-842
107000093,1261,1052,209
107000094,1245,2201,-956
107000095,757,838,-81
107000096,799,1864,-1065
107000097,549,380,169
107000098,341,1034,-693
107000099,530,398,132
107000100,507,508,-1
107000101,84,275,-191
107000102,524,506,18
107000103,446,279,167
107000104,390,643,-253
107000105,498,176,322
107000106,267,536,-269
107000107,548,306,242
107000108,254,1431,-1177
107000109,631,230,401
107000110,124,1178,-1054
107000111,213,52,161
107000112,67,740,-673
107000113,689,186,503
107000114,164,1356,-1192
107000115,704,158,546
107000116,191,1574,-1383
107000117,165,563,-398
107000118,257,459,-202
107000119,3027,1766,1261
107000120,4327,489,3838
107000121,767,1058,-291
107000122,1607,1445,162
107000123,404,1380,-976
107000124,676,1470,-794
107000125,731,1467,-736
107000126,872,1464,-592
107000129,352,781,-429
107000130,546,648,-102
107000131,654,1003,-349
107000132,674,487,187
107000133,545,175,370
107000134,286,4,282
107000135,3,371,-368
107000136,553,7,546
107000137,22,631,-609
107000138,287,33,254
107000139,19,602,-583
107000140,1196,88,1108
107000141,176,1231,-1055
107000142,329,88,241
107000143,97,1360,-1263
107000144,366,435,-69
107000145,211,866,-655
107000146,239,249,-10
107000147,4149,958,3191
107000150,1321,2427,-1106
107000151,69,99,-30
107000152,839,930,-91
107000153,857,642,215
107000154,295,213,82
107000155,705,33,672
107000156,1145,39,1106
107000157,35,3333,-3298
107000158,443,21,422
107000159,58,2207,-2149
107000160,842,104,738
107000161,117,3383,-3266
107000162,262,458,-196
107000163,122,63,59
107000164,374,2,372
107000165,758,4,754
107000166,92,2419,-2327
107000167,605,399,206
107000168,784,418,366
107000169,1622,1496,126
107000170,1535,888,647
107000171,845,4473,-3628
107000172,923,1138,-215
107000173,875,2230,-1355
107000174,987,4091,-3104
107000175,14788,2556,12232
107000176,6,0,6
107000177,2,5,-3
107000178,7,64,-57
107000179,607,4761,-4154
107000180,1577,1654,-77
107000181,449,2299,-1850
107000182,1628,1589,39
107000183,163,1471,-1308
107000184,1098,1173,-75
107000185,740,2019,-1279
107000186,1388,573,815
107000187,1474,2149,-675
107000188,496,786,-290
107000189,448,1511,-1063
107000190,617,1359,-742
107000191,619,1394,-775
107000192,1881,1902,-21
107000193,432,506,-74
107000194,1117,1622,-505
107000197,945,340,605
107000198,498,1050,-552
107000199,911,882,29
107000200,1642,775,867
107000201,361,268,93
107000202,275,623,-348
107000203,987,657,330
107000204,1531,797,734
107000205,2586,1431,1155
107000206,1599,1779,-180
107000207,636,1068,-432
107000208,1079,397,682
107000209,3879,1719,2160
107000210,1737,683,1054
107000211,27,39,-12
107000212,30,497,-467
107000213,19,52,-33
107000214,28,288,-260
107000215,475,773,-298
107000216,419,669,-250
107000217,114,276,-162
107000219,95,131,-36
107000220,181,434,-253
107000222,267,1148,-881
107000224,406,104,302
107000225,381,1096,-715
107000226,269,116,153
107000227,136,597,-461
107000228,196,267,-71
107000229,521,301,220
107000230,1685,734,951
107000231,2260,1187,1073
107000232,164,138,26
107000233,1964,886,1078
107000234,7,53,-46
107000235,130,10,120
107000236,28,540,-512
107000237,5,0,5
107000238,37,3,34
107000239,7948,706,7242
107000240,125,1863,-1738
107000241,198,34,164
107000242,1187,104,1083
107000243,0,115,-115
107000244,5,124,-119
107000246,5,1811,-1806
107000249,7,1586,-1579
107000251,4,434,-430
107000252,11,2116,-2105
107000255,1483,215,1268
107000257,3,919,-916
107000258,4,292,-288
107000259,6,421,-415
107000260,469,19,450
107000262,15,1155,-1140
107000263,221,7,214
107000266,19,8,11
107000267,93,394,-301
107000268,176,343,-167
107000269,645,87,558
107000270,0,17,-17
107000271,7,1542,-1535
107000272,15,322,-307
107000273,2,280,-278
107000274,891,310,581
107000275,69,1183,-1114
107000280,697,35,662
107000281,71,2006,-1935
107000282,30,1791,-1761
107000290,9,41,-32
107000291,25,19,6
107000292,2,53,-51
107000293,128,5,123
107000294,0,27,-27
107000295,70,4,66
107000296,0,22,-22
107000444,132,3,129
107000496,3,33,-30
107000497,2016,4422,-2406
107000500,366,500,-134
107000501,103,315,-212
107000502,229,571,-342
107000505,1171,1279,-108
107000506,1,26,-25
107000508,11,1156,-1145
107000509,247,584,-337
107000510,32,23,9
107000514,35,490,-455
107000515,25,558,-533
107000516,324,322,2
107000518,1077,1025,52
107000519,6000,1737,4263
107000520,114,30,84
107900001,47,357,-310
107900002,47,4,43
107900003,332,24,308
107900004,93,0,93
107900005,822,4,818
107900006,177,0,177
107900007,247,40,207
107900008,80,58,22
107900009,226,3,223
107900010,36,1,35
107900012,233,18,215
107900013,417,176,241
107900014,20,20,0
107900015,774,5,769
107900016,608,176,432
107900017,32,0,32
107900018,106,98,8
107900019,24,160,-136
107900020,84,14,70
107900021,53,270,-217
107900023,5,3,2
107900024,0,49,-49
107900025,242,531,-289
107900026,48,196,-148
107900027,60,77,-17
107900028,46,120,-74
107900030,280,52,228
107900031,104,467,-363
107900032,17,7,10
107900033,17,5,12
107900034,441,17,424
107900035,665,45,620
107900036,39,14,25
107900037,0,80,-80
107900038,221,233,-12
107900039,22,108,-86
107900040,201,248,-47
107900041,0,1,-1
107900043,98,423,-325
107900044,6,7,-1
107900045,79,40,39
107900046,133,161,-28
107900047,29,138,-109
107900048,236,15,221
107900049,454,930,-476
107900050,165,606,-441
107900051,115,174,-59
107900052,34,78,-44
107900053,17,158,-141
107900055,1211,503,708
107900056,166,55,111
107900057,1,0,1
107900058,52,1261,-1209
107900060,18,49,-31
107900061,25,9,16
107900063,182,248,-66
107900064,515,129,386
107900065,189,22,167
107900066,16,22,-6
107900067,0,0,0
107900068,200,312,-112
107900069,51,1373,-1322
107900070,166,24,142
107900071,19,1638,-1619
107900072,49,414,-365
107900073,84,197,-113
107900074,1403,269,1134
107900076,236,156,80
107900077,88,4,84
107900078,310,51,259
107900079,12,21,-9
107900080,148,330,-182
107900081,29,162,-133
107900082,55,29,26
107900083,506,197,309
107900084,156,215,-59
107900086,67,167,-100
107900087,734,112,622
107900088,29,8,21
107900089,382,1319,-937
107900090,821,1862,-1041
107900091,257,837,-580
107900092,2940,845,2095
107900093,92,84,8
107900095,4658,2268,2390
107900097,37,72,-35
107900098,68,275,-207
107900100,1585,1350,235
107900101,1741,264,1477
107900102,18,14,4
107900103,44,221,-177
107900104,240,8,232
107900105,18,1041,-1023
107900106,4,1994,-1990
107900107,2300,412,1888
107900108,623,198,425
107900109,1060,13,1047
107900110,41,219,-178
107900111,11,1781,-1770
107900112,221,570,-349
107900113,233,166,67
107900114,142,378,-236
107900115,2,67,-65
107900116,129,395,-266
107900117,353,774,-421
107900118,97,222,-125
107900119,58,242,-184
107900120,43,31,12
107900121,2,183,-181
107900122,11,79,-68
107900123,8,26,-18
107900124,31,32,-1
107900125,39,347,-308
107900126,3,41,-38
107900127,757,218,539
107900128,150,121,29
107900129,38,63,-25
107900130,59,54,5
107900131,805,200,605
107900132,133,646,-513
107900133,1,150,-149
107900134,26,52,-26
107900135,10,310,-300
107900136,53,59,-6
107900137,151,166,-15
107900138,40,63,-23
107900139,30,72,-42
107900140,203,102,101
107900141,79,68,11
107900142,88,1959,-1871
107900143,71,77,-6
107900144,1,244,-243
107900145,10,194,-184
107900146,51,266,-215
107900147,68,42,26
107900148,296,309,-13
107900149,2681,316,2365
107900150,105,1568,-1463
107900151,27,130,-103
107900152,19,549,-530
107900153,190,394,-204
107900154,71,23,48
107900155,56,54,2
107900156,11,580,-569
107900157,40,130,-90
107900158,614,20,594
107900159,49,2315,-2266
107900160,60,282,-222
107900161,63,374,-311
107900162,2,300,-298
107900163,220,56,164
107900164,11,34,-23
107900165,50,100,-50
107900166,16,440,-424
107900167,47,74,-27
107900168,11,74,-63
107900169,5,288,-283
107900171,19,3446,-3427
107900172,4,543,-539
107900173,23,363,-340
107900174,81,8,73
107900175,16,58,-42
107900176,19,62,-43
107900177,1,374,-373
107900178,3,407,-404
107900179,13,238,-225
107900180,1470,460,1010
107900181,444,707,-263
107900182,13,2715,-2702
107900183,37,539,-502
107900184,57,515,-458
107900185,95,11,84
107900186,22,48,-26
107900187,0,199,-199
107900188,1205,181,1024
107900189,34,190,-156
107900190,174,83,91
107900191,94,281,-187
107900193,12,39,-27
107900194,171,10,161
107900195,6550,868,5682
107900196,59,122,-63
107900197,1305,308,997
107900199,1,1674,-1673
107900201,156,208,-52
107900203,78,114,-36
107900204,390,448,-58
107900205,262,710,-448
107900206,767,280,487
107900207,13,1086,-1073
107900208,8,1217,-1209
107900209,560,164,396
107900210,94,245,-151
107900213,1126,908,218
107900214,8,256,-248
107900215,299,413,-114
107900216,138,138,0
107900217,64,84,-20
107900218,26,2624,-2598
107900219,32,295,-263
107900220,330,259,71
107900221,301,301,0
107900223,99,1123,-1024
107900224,199,472,-273
107900225,10,1483,-1473
107900226,100,179,-79
107900227,174,728,-554
107900228,12,123,-111
107900229,0,201,-201
107900230,11,273,-262
107900231,20,373,-353
107900232,50,323,-273
107900233,4,188,-184
107900234,119,226,-107
107900235,39,174,-135
107900236,86,122,-36
107900237,55,307,-252
107900238,39,176,-137
107900239,2112,690,1422
107900240,19,230,-211
107900241,23,123,-100
107900242,20,535,-515
107900243,11,71,-60
107900244,256,5,251
107900245,398,61,337
107900246,223,24,199
107900248,317,816,-499
107900249,510,14,496
107900250,2,936,-934
107900251,80,2186,-2106
107900252,849,13,836
107900253,128,6,122
107900254,69,245,-176
107900255,507,115,392
107900256,783,712,71
107900257,214,95,119
107900258,109,358,-249
107900259,132,1450,-1318
107900261,13,871,-858
107900262,50,230,-180
107900264,180,8,172
107900265,106,377,-271
107900267,213,21,192
107900268,69,8,61
107900269,0,9,-9
107900270,0,0,0
107900271,4,18,-14
107900272,200,14,186
107900273,42,134,-92
107900274,38,0,38
107900275,19,0,19
107900276,1,101,-100
107900277,1,385,-384
107900278,195,577,-382
107900279,234,174,60
107900280,2569,2200,369
107900281,5924,1785,4139
107900282,190,372,-182
107900283,2315,564,1751
107900284,329,1217,-888
107900285,75,274,-199
107900286,185,175,10
107900287,146,267,-121
107900290,1,120,-119
107900291,496,11,485
107900292,151,444,-293
107900293,88,854,-766
107900295,91,231,-140
107900297,5,411,-406
107900298,1220,1516,-296
107900299,5825,3478,2347
107900300,53,301,-248
107900301,713,544,169
107900302,189,37,152
107900303,112,536,-424
107900304,252,803,-551
107900305,276,9,267
107900306,24,33,-9
107900307,64,420,-356
107900308,250,130,120
107900309,55,0,55
107900310,25,0,25
107900311,416,155,261
107900312,17,0,17
107900313,0,95,-95
107900314,1,74,-73
107900315,0,72,-72
107900316,76,1,75
107900317,123,13,110
107900318,6,203,-197
107900319,6,468,-462
107900320,3,328,-325
107900321,120,4,116
107900322,7,293,-286
107900323,18,263,-245
107900324,165,0,165
107900325,66,0,66
107900326,250,625,-375
107900327,0,2,-2
107900328,8,0,8
107900329,2,2,0
107900330,11,1121,-1110
107900331,208,42,166
107900332,205,62,143
107900333,51,26,25
107900334,21,466,-445
107900335,77,119,-42
107900336,27,74,-47
107900337,2163,804,1359
107900338,0,211,-211
107900339,3,19,-16
107900340,0,91,-91
107900341,38,0,38
107900342,198,248,-50
107900343,49,5,44
107900344,5,291,-286
107900345,108,32,76
107900346,59,0,59
107900347,41,2,39
107900348,6,10,-4
107900349,31,14,17
107900350,43,386,-343
108000001,3009,4786,-1777
108000002,2944,5054,-2110
108000003,3935,3066,869
108000004,23154,23544,-390
108000005,7273,5388,1885
108000006,9843,10285,-442
108000007,5033,4597,436
108000008,7099,8766,-1667
108000009,3653,4594,-941
108000010,4417,7518,-3101
108000011,12437,12595,-158
108000012,26125,23920,2205
108000014,1198,841,357
108000015,750,428,322
108000016,290,909,-619
108000017,964,491,473
108000018,1659,722,937
108000019,1876,928,948
108000020,1662,626,1036
108000021,547,2529,-1982
108000022,819,2668,-1849
108000023,1400,337,1063
108000024,240,1096,-856
108000025,284,418,-134
108000026,422,880,-458
108000027,588,648,-60
108000028,281,414,-133
108000029,402,701,-299
108000030,634,314,320
108000031,300,798,-498
108000032,1210,790,420
108000033,877,1996,-1119
108000034,1620,655,965
108000035,1440,3867,-2427
108000036,503,2248,-1745
108000037,1855,560,1295
108000038,2473,688,1785
108000039,749,4507,-3758
108000040,1840,1052,788
108000041,888,4413,-3525
108000042,249,349,-100
108000043,241,455,-214
108000044,360,231,129
108000045,419,937,-518
108000046,1266,435,831
108000047,623,1783,-1160
108000048,211,592,-381
108000049,726,324,402
108000050,121,716,-595
108000051,326,119,207
108000052,403,1149,-746
108000053,355,180,175
108000054,831,1658,-827
108000055,1382,609,773
108000056,1179,1830,-651
108000057,645,1189,-544
108000058,2552,3644,-1092
108000059,5353,3186,2167
108000060,210,549,-339
108000061,200,420,-220
108000062,829,755,74
108000063,468,1029,-561
108000064,217,325,-108
108000065,588,1033,-445
108000066,2632,1192,1440
108000067,2006,638,1368
108000068,783,439,344
108000069,397,1600,-1203
108000070,1824,888,936
108000071,809,2576,-1767
108000072,1470,1382,88
108000073,2170,2993,-823
108000074,394,476,-82
108000075,462,1238,-776
108000076,951,705,246
108000077,1177,1038,139
108000078,2076,2261,-185
108000079,1241,2874,-1633
108000080,919,896,23
108000081,596,3978,-3382
108000082,1425,3126,-1701
108000083,2003,1114,889
108000084,516,2194,-1678
108000085,631,519,112
108000086,1324,1531,-207
108000087,177,2037,-1860
108000088,137,14,123
108000089,411,414,-3
108000090,416,173,243
108000091,157,929,-772
108000092,85,170,-85
108000093,191,1455,-1264
108000094,771,161,610
108000095,254,1038,-784
108000096,294,240,54
108000097,156,1119,-963
108000098,1184,2089,-905
108000099,270,160,110
108000100,40,239,-199
108000101,860,1620,-760
108000102,1632,2958,-1326
108000106,1136,4,1132
108000107,4,1433,-1429
108000108,604,64,540
108000109,9,1454,-1445
108000110,209,403,-194
108000111,224,1423,-1199
108000112,67,141,-74
108000113,754,456,298
108000115,709,760,-51
108000117,1037,529,508
108000118,175,208,-33
108000119,931,720,211
108000120,120,992,-872
108000121,210,924,-714
108000122,401,531,-130
108000123,640,485,155
108000124,426,921,-495
108000125,257,580,-323
108000126,177,882,-705
108000127,428,486,-58
108000128,613,1099,-486
108000129,279,2130,-1851
108000130,328,335,-7
108000131,957,586,371
108000132,2837,2443,394
108000133,744,730,14
108000134,851,981,-130
108000135,1203,457,746
108000136,1483,1607,-124
108000137,385,617,-232
108000138,345,1655,-1310
108000139,362,490,-128
108000140,44,35,9
108000141,27,264,-237
108000142,56,293,-237
108000143,34,70,-36
108000144,32,23,9
108000145,52,82,-30
108000146,56,24,32
108000147,53,111,-58
108000148,48,20,28
108000149,54,71,-17
108000150,32,2,30
108000151,31,34,-3
108000152,126,1048,-922
108000153,348,125,223
108000154,70,36,34
108000155,12,18,-6
108000156,451,203,248
108000157,181,845,-664
108000158,113,950,-837
108000159,978,261,717
108000160,8131,1455,6676
108000161,8326,2382,5944
108000165,4,189,-185
108000172,1,276,-275
108000173,4046,2164,1882
108000175,187,124,63
108000178,496,537,-41
108000179,341,852,-511
108000181,86,57,29
108000182,220,30,190
108000183,87,56,31
108000184,1755,2214,-459
108000185,201,1013,-812
108000186,113,98,15
108000187,86,1393,-1307
108000188,436,356,80
108000189,924,1220,-296
108000190,54,173,-119
108000192,179,1094,-915
108000193,1495,113,1382
108000194,46,29,17
108000195,2,2154,-2152
108000196,187,211,-24
108000198,532,535,-3
108000199,1,161,-160
108000200,267,1219,-952
108000202,1,210,-209
108000203,112,1594,-1482
108000204,116,40,76
108000205,585,1106,-521
108000339,2056,474,1582
108000364,205,376,-171
108000365,58,589,-531
108000367,259,675,-416
108000368,11,66,-55
108000369,2628,191,2437
108000371,4,1020,-1016
108000372,521,2,519
108000373,144,225,-81
108000376,78,43,35
108000377,384,500,-116
108000378,10627,12100,-1473
108000379,47,283,-236
108000381,61,15,46
108000382,100,4,96
108000383,0,159,-159
108900001,208,1793,-1585
108900002,364,116,248
108900003,417,1692,-1275
108900004,133,258,-125
108900005,65,273,-208
108900006,868,263,605
108900007,154,246,-92
108900008,53,205,-152
108900009,71,133,-62
108900010,172,235,-63
108900011,419,539,-120
108900012,328,778,-450
108900013,173,425,-252
108900014,15,106,-91
108900015,0,51,-51
108900016,7,322,-315
108900017,224,355,-131
108900018,122,859,-737
108900019,69,2080,-2011
108900020,55,494,-439
108900021,130,485,-355
108900022,92,4,88
108900023,4,37,-33
108900024,26,182,-156
108900025,114,217,-103
108900026,36,126,-90
108900027,0,135,-135
108900028,80,733,-653
108900029,145,340,-195
108900030,1,207,-206
108900031,94,879,-785
108900032,17,447,-430
108900033,0,123,-123
108900034,0,499,-499
108900035,345,2404,-2059
108900036,253,614,-361
108900037,90,818,-728
108900038,0,773,-773
108900039,3,896,-893
108900040,6,204,-198
108900041,8547,3422,5125
108900042,2,435,-433
108900043,84,707,-623
108900044,4,1160,-1156
108900045,43,1026,-983
108900046,98,1991,-1893
108900047,0,65,-65
108900048,140,1893,-1753
108900049,8972,1425,7547
108900050,2,398,-396
108900051,1,441,-440
108900052,30,551,-521
108900053,206,269,-63
108900054,95,409,-314
108900055,125,784,-659
108900056,3,270,-267
108900057,2,409,-407
108900058,37,801,-764
108900059,457,47,410
108900060,64,205,-141
108900061,105,58,47
108900062,8,512,-504
108900063,13,752,-739
108900064,164,122,42
108900065,13,529,-516
108900066,225,148,77
108900067,76,268,-192
108900068,1,209,-208
108900069,48,220,-172
108900070,49,252,-203
108900071,50,100,-50
108900072,3954,620,3334
108900073,11,132,-121
108900074,172,857,-685
108900075,60,73,-13
108900076,269,127,142
108900077,124,202,-78
108900078,26,303,-277
108900079,1272,399,873
108900080,43,789,-746
108900081,81,489,-408
108900082,38,159,-121
108900083,26,353,-327
108900084,528,247,281
108900085,3494,281,3213
108900086,91,582,-491
108900087,190,388,-198
108900088,1008,423,585
108900089,27,193,-166
108900090,58,657,-599
108900091,210,220,-10
108900092,453,446,7
108900093,138,103,35
108900094,296,147,149
108900095,63,914,-851
108900096,633,67,566
108900097,465,327,138
108900098,4855,749,4106
108900099,350,514,-164
108900100,44,229,-185
108900101,324,131,193
108900102,253,1165,-912
108900103,87,95,-8
108900104,284,791,-507
108900105,12,1201,-1189
108900106,353,896,-543
108900108,391,107,284
108900109,19,33,-14
108900110,190,910,-720
108900111,351,1266,-915
108900112,214,35,179
108900113,107,40,67
108900114,1,4,-3
108900115,120,100,20
108900116,48,25,23
108900117,129,10,119
108900118,557,19,538
108900119,188,54,134
108900120,151,253,-102
108900121,421,110,311
108900122,98,53,45
108900123,140,102,38
108900124,369,233,136
108900125,258,3,255
108900126,137,42,95
108900127,166,27,139
108900128,113,28,85
108900129,841,190,651
108900130,264,1,263
108900131,310,6,304
108900132,462,138,324
108900133,283,83,200
108900134,247,366,-119
108900135,124,5,119
108900136,42,0,42
108900137,141,1,140
108900138,547,32,515
108900139,524,117,407
108900140,225,362,-137
108900141,303,22,281
108900142,173,7,166
108900143,32,0,32
108900144,90,1,89
108900145,131,5,126
108900146,66,0,66
108900147,210,1,209
108900148,75,45,30
108900149,720,587,133
108900150,311,18,293
108900151,116,5,111
108900152,85,64,21
108900153,103,858,-755
108900154,4553,625,3928
108900155,245,119,126
108900156,60,6,54
108900157,18,1089,-1071
108900158,352,48,304
108900159,7,528,-521
108900160,10,407,-397
108900161,47,768,-721
108900162,84,0,84
108900163,9,341,-332
108900164,58,99,-41
108900165,256,177,79
108900167,3431,4528,-1097
108900168,14159,3113,11046
108900169,44,230,-186
108900171,14632,2841,11791
108900172,248,77,171
108900173,232,621,-389
108900174,722,726,-4
108900176,188,997,-809
108900177,12953,4327,8626
108900178,8508,3777,4731
108900179,712,1464,-752
108900180,107,255,-148
108900182,65,385,-320
108900183,281,332,-51
108900184,687,324,363
108900185,48,578,-530
108900186,73,565,-492
108900187,268,107,161
108900188,470,66,404
108900189,287,219,68
108900190,105,6344,-6239
108900191,199,41,158
108900192,81,418,-337
108900193,268,70,198
108900194,30,612,-582
108900195,83,580,-497
108900196,105,997,-892
108900198,10,1176,-1166
108900199,256,517,-261
108900200,479,468,11
108900201,600,1806,-1206
108900203,679,61,618
108900204,576,18,558
108900205,366,37,329
108900206,479,49,430
108900207,281,95,186
108900208,45,646,-601
108900209,352,1087,-735
108900210,253,402,-149
108900211,165,508,-343
108900212,1175,1161,14
108900215,150,1089,-939
108900216,701,158,543
108900217,102,3,99
108900218,256,13,243
108900219,104,3,101
108900220,63,24,39
108900221,94,184,-90
108900222,240,15,225
108900223,26,133,-107
108900224,53,237,-184
108900225,1,263,-262
108900226,275,10,265
108900227,207,419,-212
108900230,825,551,274
108900231,89,465,-376
108900232,3,704,-701
108900233,456,121,335
108900234,367,211,156
108900235,418,1122,-704
108900236,84,570,-486
108900237,93,496,-403
108900240,118,134,-16
108900241,31,75,-44
108900245,13,1183,-1170
108900249,157,39,118
108900250,236,210,26
108900257,156,1071,-915
108900258,28,455,-427
108900259,49,138,-89
108900260,11,181,-170
108900261,204,263,-59
108900262,301,204,97
108900263,58,432,-374
108900264,643,462,181
108900265,2326,480,1846
108900266,2226,557,1669
108900267,2,116,-114
108900268,11,5,6
108900269,91,11,80
108900270,64,14,50
108900271,33,10,23
108900272,191,15,176
108900273,1418,790,628
108900274,17,149,-132
109000001,5293,1471,3822
109000002,4207,1936,2271
109000003,2689,892,1797
109000004,670,3854,-3184
109000005,2504,1315,1189
109000006,878,3170,-2292
109000007,1760,1138,622
109000008,647,2928,-2281
109000009,3879,1800,2079
109000010,1734,6992,-5258
109000011,3037,2351,686
109000012,2098,6482,-4384
109000013,3414,3110,304
109000014,2037,6094,-4057
109000015,3913,6345,-2432
109000016,16561,6604,9957
109000017,2432,1563,869
109000018,1217,5209,-3992
109000019,2550,1808,742
109000020,1403,3180,-1777
109000023,219,34,185
109000024,8,235,-227
109000025,502,513,-11
109000026,1210,457,753
109000027,104,446,-342
109000028,143,149,-6
109000029,202,264,-62
109000030,132,847,-715
109000031,155,183,-28
109000032,167,820,-653
109000033,408,157,251
109000034,45,84,-39
109000035,27,73,-46
109000036,97,490,-393
109000037,204,1125,-921
109000038,665,606,59
109000039,942,819,123
109000040,10167,6031,4136
109000041,7649,1654,5995
109000042,1662,1600,62
109000044,287,65,222
109000045,89,654,-565
109000046,347,131,216
109000047,75,622,-547
109000048,862,226,636
109000049,278,801,-523
109000050,392,340,52
109000051,444,373,71
109000052,600,3169,-2569
109000053,187,69,118
109000054,338,1386,-1048
109000055,268,278,-10
109000056,383,1251,-868
109000057,560,343,217
109000058,1202,413,789
109000059,925,1184,-259
109000060,718,329,389
109000061,2230,911,1319
109000062,172,357,-185
109000063,213,348,-135
109000064,206,285,-79
109000065,117,541,-424
109000066,380,229,151
109000067,72,709,-637
109000068,1567,26,1541
109000069,1009,63,946
109000070,9,1429,-1420
109000071,443,116,327
109000072,106,492,-386
109000073,50,178,-128
109000074,19,327,-308
109000075,99,481,-382
109000076,93,245,-152
109000077,451,421,30
109000078,56,169,-113
109000079,153,381,-228
109000080,131,179,-48
109000081,104,900,-796
109000082,534,385,149
109000083,281,1213,-932
109000088,142,954,-812
109000089,275,60,215
109000090,216,877,-661
109000091,255,174,81
109000092,459,1090,-631
109000093,259,229,30
109000094,394,4,390
109000095,122,1066,-944
109000096,654,276,378
109000097,103,229,-126
109000098,54,117,-63
109000099,944,742,202
109000100,308,830,-522
109000101,1226,1422,-196
109000102,305,1267,-962
109000103,425,928,-503
109000104,1324,1074,250
109000105,570,2259,-1689
109000106,1818,1120,698
109000107,775,3426,-2651
109000108,1525,853,672
109000109,635,3367,-2732
109000110,1477,706,771
109000111,1419,3518,-2099
109000112,410,253,157
109000113,278,252,26
109000114,190,530,-340
109000115,1542,70,1472
109000116,2,234,-232
109000117,139,180,-41
109000118,12,449,-437
109000119,864,676,188
109000120,174,1846,-1672
109000121,288,92,196
109000122,142,1727,-1585
109000123,30,114,-84
109000124,610,564,46
109000125,661,446,215
109000126,344,1364,-1020
109000127,664,257,407
109000128,583,3740,-3157
109000129,1648,983,665
109000130,718,4034,-3316
109000131,687,599,88
109000132,752,3118,-2366
109000133,462,1450,-988
109000134,942,2148,-1206
109000135,1333,2001,-668
109000136,364,672,-308
109000137,231,536,-305
109000138,518,803,-285
109000139,530,655,-125
109000140,186,837,-651
109000141,407,658,-251
109000142,97,1083,-986
109000143,126,95,31
109000145,82,195,-113
109000146,91,148,-57
109000148,6849,1772,5077
109000149,29,50,-21
109000150,102,292,-190
109000155,746,787,-41
109000156,2311,1264,1047
109000158,151,376,-225
109000159,174,1138,-964
109000160,869,372,497
109000161,366,2372,-2006
109000162,1997,1383,614
109000163,976,3048,-2072
109000164,1071,4051,-2980
109000165,1468,1006,462
109000166,780,247,533
109000167,125,1592,-1467
109000170,68,84,-16
109000171,59,64,-5
109000172,64,85,-21
109000173,39,88,-49
109000174,98,89,9
109000175,91,185,-94
109000176,283,427,-144
109000177,31,232,-201
109000178,464,158,306
109000179,12975,4401,8574
109000180,8006,4022,3984
109000181,7,65,-58
109000182,38,76,-38
109000183,40,54,-14
109000184,40,12,28
109000185,27,118,-91
109000188,447,4874,-4427
109000189,2112,1366,746
109000190,649,696,-47
109000191,248,949,-701
109000192,327,319,8
109000193,157,855,-698
109000194,190,190,0
109000195,79,814,-735
109000196,211,126,85
109000197,196,986,-790
109000198,264,94,170
109000199,152,949,-797
109000206,310,46,264
109000207,169,42,127
109000208,132,103,29
109000209,226,143,83
109000210,246,1021,-775
109000211,425,489,-64
109000214,328,980,-652
109000215,99,69,30
109000216,296,205,91
109000217,224,177,47
109000218,290,235,55
109000221,549,1955,-1406
109000222,931,239,692
109000223,270,414,-144
109000224,44,414,-370
109000225,79,75,4
109000226,57,493,-436
109000227,1017,2735,-1718
109000228,2,563,-561
109000231,5,676,-671
109000232,282,702,-420
109000236,286,1234,-948
109000241,2358,3156,-798
109000242,1950,2410,-460
109000293,18,90,-72
109000361,132,441,-309
109000364,223,997,-774
109000396,8,1402,-1394
109000397,440,9,431
109000399,151,1024,-873
109000400,82,383,-301
109000403,107,636,-529
109000406,323,9,314
109000407,360,342,18
109000408,4,1117,-1113
109000410,872,213,659
109000411,113,36,77
109900001,94,4,90
109900002,729,35,694
109900003,257,0,257
109900004,767,420,347
109900005,14,3,11
109900006,366,463,-97
109900007,659,1443,-784
109900008,0,55,-55
109900009,123,1164,-1041
109900010,461,24,437
109900011,58,75,-17
109900012,162,243,-81
109900013,341,201,140
109900014,462,82,380
109900015,469,250,219
109900016,140,93,47
109900017,150,229,-79
109900018,270,226,44
109900019,179,137,42
109900020,43,41,2
109900021,19,16,3
109900022,66,618,-552
109900023,29,2,27
109900024,38,2,36
109900025,13,148,-135
109900026,6,280,-274
109900027,45,35,10
109900028,4501,672,3829
109900029,11,1020,-1009
109900030,42,4,38
109900031,0,190,-190
109900032,14,547,-533
109900033,6,1055,-1049
109900034,20,3,17
109900035,10,16,-6
109900036,27,180,-153
109900037,58,930,-872
109900038,65,388,-323
109900039,10,3,7
109900040,68,1010,-942
109900041,67,846,-779
109900042,31,764,-733
109900044,73,476,-403
109900045,154,67,87
109900046,16,97,-81
109900047,513,546,-33
109900048,1,119,-118
109900049,8,47,-39
109900050,4,560,-556
109900051,0,56,-56
109900052,81,458,-377
109900053,4,886,-882
109900054,507,268,239
109900055,91,469,-378
109900056,54,186,-132
109900057,16,382,-366
109900058,3,201,-198
109900059,471,166,305
109900060,400,277,123
109900061,171,455,-284
109900062,2,521,-519
109900063,14,484,-470
109900064,538,556,-18
109900065,204,188,16
109900066,409,1580,-1171
109900067,1,778,-777
109900068,57,8,49
109900069,4,67,-63
109900070,54,444,-390
109900071,4,34,-30
109900072,31,214,-183
109900073,395,1385,-990
109900074,4,62,-58
109900075,26,53,-27
109900076,26,546,-520
109900077,40,91,-51
109900078,129,446,-317
109900080,188,694,-506
109900081,17,185,-168
109900082,57,873,-816
109900083,37,108,-71
109900084,75,315,-240
109900085,272,2141,-1869
109900086,141,426,-285
109900087,462,645,-183
109900089,654,188,466
109900090,591,2475,-1884
109900091,268,106,162
109900092,439,19,420
109900093,594,177,417
109900094,59,161,-102
109900095,155,460,-305
109900096,27,4,23
109900097,122,1,121
109900098,303,60,243
109900099,116,3,113
109900100,51,0,51
109900101,293,15,278
109900102,422,35,387
109900103,33,83,-50
109900104,519,1931,-1412
109900105,628,52,576
109900106,320,103,217
109900107,362,97,265
109900108,98,679,-581
109900109,29,293,-264
109900110,77,1035,-958
109900111,392,2637,-2245
109900112,508,1719,-1211
109900113,632,538,94
109900114,1099,768,331
109900115,145,114,31
109900117,860,182,678
109900118,325,708,-383
109900119,598,462,136
109900120,47,22,25
109900121,332,531,-199
109900122,346,7,339
109900123,29,348,-319
109900124,78,1234,-1156
109900125,5,381,-376
109900126,216,327,-111
109900128,258,100,158
109900130,20683,2207,18476
109900131,143,240,-97
109900132,56,272,-216
109900133,76,652,-576
109900134,62,118,-56
109900135,595,115,480
109900136,50,213,-163
109900137,97,877,-780
109900138,532,817,-285
109900140,187,698,-511
109900142,986,363,623
109900145,4,294,-290
109900146,454,50,404
109900148,45,96,-51
109900149,44,100,-56
109900150,13,91,-78
109900151,8,79,-71
109900152,0,25,-25
109900153,0,76,-76
109900154,22,0,22
109900155,34,22,12
109900157,85,523,-438
109900158,76,180,-104
109900159,175,56,119
109900160,142,111,31
109900161,257,163,94
109900162,206,126,80
109900163,972,635,337
109900164,55,356,-301
109900165,307,8,299
109900166,3,308,-305
109900167,139,1003,-864
109900168,177,800,-623
109900169,134,197,-63
109900170,390,649,-259
109900171,190,135,55
109900172,153,266,-113
109900173,6741,2278,4463
109900174,67,265,-198
109900175,58,73,-15
109900176,98,329,-231
109900177,43,527,-484
109900178,13,169,-156
109900179,21,36,-15
109900180,13,25,-12
110000001,944,880,64
110000002,651,677,-26
110000003,1178,824,354
110000004,667,724,-57
110000005,926,1592,-666
110000006,996,509,487
110000007,209,292,-83
110000008,17,64,-47
110000009,75,107,-32
110000010,23,76,-53
110000011,62,294,-232
110000012,1041,878,163
110000013,55,421,-366
110000014,789,514,275
110000015,327,614,-287
110000016,390,1219,-829
110000017,5754,376,5378
110000018,5651,717,4934
110000019,23,379,-356
110000020,1304,471,833
110000021,545,573,-28
110000022,934,304,630
110000023,9,471,-462
110000024,766,658,108
110000025,209,4,205
110000026,16,1365,-1349
110000027,909,821,88
110000028,768,946,-178
110000029,613,1693,-1080
110000030,219,314,-95
110000031,284,1077,-793
110000032,807,564,243
110000033,204,172,32
110000034,337,872,-535
110000035,674,1698,-1024
110000036,547,800,-253
110000037,180,1077,-897
110000038,240,722,-482
110000039,692,1933,-1241
110000040,391,730,-339
110000041,307,1054,-747
110000042,78,415,-337
110000043,431,237,194
110000044,39,86,-47
110000045,391,98,293
110000046,10,18,-8
110000047,14,33,-19
110000048,5,24,-19
110000049,23,3,20
110000050,8,25,-17
110000051,37,8,29
110000052,33,33,0
110000053,123,7,116
110000054,171,391,-220
110000055,271,44,227
110000056,197,97,100
110000057,332,1424,-1092
110000058,1076,953,123
110000059,846,640,206
110000060,538,1055,-517
110000061,1072,1097,-25
110000062,893,1100,-207
110000063,53,104,-51
110000064,117,284,-167
110000065,46,97,-51
110000066,86,48,38
110000067,77,926,-849
110000068,224,1166,-942
110000069,183,141,42
110000071,81,208,-127
110000073,3,33,-30
110000075,7,137,-130
110000076,309,379,-70
110000077,792,1086,-294
110000078,21,93,-72
110000080,326,885,-559
110000081,38,397,-359
110000082,17,415,-398
110000083,253,755,-502
110000084,872,850,22
110000085,3100,1938,1162
110000086,1502,1845,-343
110000087,6,77,-71
110000088,48,313,-265
110000089,286,298,-12
110000090,160,616,-456
110000091,3320,432,2888
110000092,34,189,-155
110000093,42,13,29
110000094,667,260,407
110000095,145,868,-723
110000096,5694,2121,3573
110000097,1087,1450,-363
110000098,2021,814,1207
110000099,1015,2159,-1144
110000100,714,1388,-674
110000101,12,890,-878
110000102,34,22,12
110000104,280,95,185
110000105,63,391,-328
110000106,584,295,289
110000107,464,576,-112
110000108,236,60,176
110000109,366,445,-79
110000110,5809,5499,310
110000111,12052,3057,8995
110000112,2061,805,1256
110000113,1003,1924,-921
110000114,157,596,-439
110000115,261,433,-172
110000116,35,76,-41
110000117,185,961,-776
110000118,340,503,-163
110000119,261,680,-419
110000120,334,360,-26
110000121,102,448,-346
110000122,429,835,-406
110000123,592,769,-177
110000124,5,1135,-1130
110000125,1019,12,1007
110000126,305,22,283
110000127,881,57,824
110000128,54,2233,-2179
110000129,4,766,-762
110000130,193,182,11
110000131,145,513,-368
110000132,4,928,-924
110000133,97,473,-376
110000134,59,511,-452
110000135,231,39,192
110000136,72,448,-376
110000137,487,1201,-714
110000138,845,1365,-520
110000139,700,2728,-2028
110000140,1237,710,527
110000143,926,591,335
110000144,5678,1783,3895
110000145,1522,1312,210
110000146,2434,1720,714
110000147,431,1068,-637
110000148,362,577,-215
110000151,855,688,167
110000152,826,406,420
110000153,81,82,-1
110000154,54,30,24
110000155,2980,3512,-532
110000156,906,2386,-1480
110000157,1681,2417,-736
110000160,281,649,-368
110000161,180,853,-673
110000166,499,290,209
110000167,800,603,197
110000168,850,400,450
110000169,880,388,492
110000170,122,98,24
110000171,760,304,456
110000172,189,1068,-879
110000173,1598,1563,35
110000174,184,2347,-2163
110000175,479,112,367
110000176,120,311,-191
110000177,220,867,-647
110000178,752,1160,-408
110000179,2313,617,1696
110000180,161,530,-369
110000181,287,726,-439
110000182,486,535,-49
110000183,19674,6898,12776
110000184,1814,2487,-673
110000185,1242,975,267
110000186,940,856,84
110000191,591,625,-34
110000192,360,5,355
110000193,772,5,767
110000194,11,2242,-2231
110000195,321,573,-252
110000196,265,889,-624
110000197,59,347,-288
110000198,103,139,-36
110000199,72,142,-70
110000200,1680,849,831
110000201,751,995,-244
110000202,1433,600,833
110000203,884,1430,-546
110000204,3,566,-563
110000205,150,90,60
110000206,969,2833,-1864
110000207,817,423,394
110000208,140,146,-6
110000209,186,1571,-1385
110000210,647,1072,-425
110000211,528,1214,-686
110000212,489,1196,-707
110000213,140,59,81
110000214,158,145,13
110000215,192,1076,-884
110000216,67,1180,-1113
110000217,306,445,-139
110000218,170,849,-679
110000219,287,95,192
110000220,75,745,-670
110000221,254,129,125
110000222,44,565,-521
110000223,1,188,-187
110000224,80,26,54
110000225,221,775,-554
110000226,230,74,156
110000227,1118,722,396
110000228,488,458,30
110000229,0,465,-465
110000230,469,743,-274
110000231,177,263,-86
110000232,207,256,-49
110000233,166,479,-313
110000234,718,535,183
110000235,1594,1277,317
110000236,437,1180,-743
110000237,1482,1390,92
110000238,1167,1884,-717
110000239,1583,1797,-214
110000240,0,164,-164
110000242,0,7,-7
110000243,108,378,-270
110000244,152,692,-540
110000245,32,801,-769
110000246,693,1055,-362
110000247,1661,7241,-5580
110000248,2705,2453,252
110000249,94,9,85
110000250,21,429,-408
110000251,215,937,-722
110000252,203,417,-214
110000253,1269,831,438
110000254,639,2485,-1846
110000255,270,2063,-1793
110000256,539,331,208
110000257,705,638,67
110000258,13,969,-956
110000259,95,15,80
110000260,36,844,-808
110000263,665,213,452
110000264,291,1138,-847
110000265,1204,2006,-802
110000266,2557,2717,-160
110000267,24,311,-287
110000268,377,1104,-727
110000269,3,149,-146
110000270,61,2,59
110000271,3039,477,2562
110000272,1120,1271,-151
110000273,3958,1917,2041
110000274,251,1195,-944
110000275,5716,808,4908
110000276,180,317,-137
110000277,239,902,-663
110000278,246,1457,-1211
110000279,688,952,-264
110000280,272,557,-285
110000281,20,348,-328
110000282,343,78,265
110000283,72,117,-45
110000284,66,99,-33
110000285,5,518,-513
110000286,24,0,24
110000287,61,3,58
110000288,2,147,-145
110000289,712,1848,-1136
110000290,1868,735,1133
110000291,10374,1993,8381
110000292,1606,4271,-2665
110000293,493,1586,-1093
110000294,848,1171,-323
110000295,225,1772,-1547
110000296,564,538,26
110000297,3011,519,2492
110000298,343,1013,-670
110000299,532,91,441
110000301,382,26,356
110000302,316,2638,-2322
110000303,356,18,338
110000304,117,480,-363
110000305,787,38,749
110000306,131,3440,-3309
110000307,1304,13,1291
110000308,572,10,562
110000309,16,2216,-2200
110000310,564,138,426
110000311,35,1561,-1526
110000312,512,96,416
110000313,3861,3484,377
110000314,4,529,-525
110000315,4815,2567,2248
110000316,885,1338,-453
110000317,533,421,112
110000318,11,178,-167
110000319,11,24,-13
110000320,54,89,-35
110000321,22,60,-38
110000322,287,852,-565
110000323,291,316,-25
110000324,8331,1632,6699
110000325,3287,2511,776
110000327,598,433,165
110000328,225,761,-536
110000333,652,539,113
110000334,721,2297,-1576
110000335,872,746,126
110000336,621,1841,-1220
110000337,1127,696,431
110000338,324,389,-65
110000339,197,349,-152
110000340,37,328,-291
110000341,395,845,-450
110000342,734,10,724
110000343,0,25,-25
110000344,107,294,-187
110000345,182,112,70
110000346,3186,1635,1551
110000347,1188,906,282
110000348,21,36,-15
110000349,4,18,-14
110000350,67,8,59
110000351,749,1195,-446
110000352,572,1864,-1292
110000353,4659,880,3779
110000354,1427,2434,-1007
110000355,93,120,-27
110000356,1069,12,1057
110000357,361,21,340
110000361,25,104,-79
110000362,58,387,-329
110000363,322,199,123
110000364,207,547,-340
110000365,234,1,233
110000366,1,129,-128
110000367,416,563,-147
110000368,5,104,-99
110000369,47,3,44
110000373,8,478,-470
110000374,81,18,63
110000375,252,1386,-1134
110000376,41,89,-48
110000377,76,444,-368
110000378,44,442,-398
110000379,6223,1621,4602
110000380,41,18,23
110000383,3,1395,-1392
110000384,2731,1492,1239
110000385,1,367,-366
110000387,76,11,65
110000388,50,329,-279
110000389,792,5,787
110000391,398,573,-175
110000396,100,221,-121
110000397,108,423,-315
110000398,4,45,-41
110000399,185,0,185
110000587,132,61,71
110000589,201,198,3
110000640,190,203,-13
110000652,31,204,-173
110000653,233,661,-428
110000654,47,49,-2
110000656,4,881,-877
110000674,29,40,-11
110000675,19,30,-11
110000676,1,150,-149
110000679,639,988,-349
110000682,95,185,-90
110000683,433,776,-343
110000684,8,111,-103
110000685,17,30,-13
110000686,2,49,-47
110000687,13,6,7
110000688,74,911,-837
110000689,31,64,-33
110000692,117,466,-349
110000693,195,312,-117
110000694,0,167,-167
110000695,224,1315,-1091
110000696,288,345,-57
110900001,314,79,235
110900002,180,326,-146
110900003,609,1623,-1014
110900004,420,407,13
110900005,8054,2167,5887
110900006,58,12,46
110900007,166,27,139
110900008,35,51,-16
110900009,429,81,348
110900010,4,146,-142
110900011,20,210,-190
110900012,9,188,-179
110900013,1012,296,716
110900014,162,20,142
110900015,1577,625,952
110900016,19,349,-330
110900017,305,68,237
110900018,522,66,456
110900019,144,41,103
110900020,109,967,-858
110900021,110,1027,-917
110900022,156,682,-526
110900023,110,1064,-954
110900024,29,814,-785
110900025,7,63,-56
110900027,67,534,-467
110900028,54,355,-301
110900029,48,715,-667
110900030,33,763,-730
110900031,3,325,-322
110900032,0,183,-183
110900033,20,534,-514
110900035,60,841,-781
110900036,141,33,108
110900037,53,41,12
110900038,2462,419,2043
110900039,25,381,-356
110900040,257,61,196
110900041,28,329,-301
110900042,80,114,-34
110900043,9,265,-256
110900044,318,50,268
110900045,76,1061,-985
110900046,289,455,-166
110900047,1403,221,1182
110900049,134,72,62
110900050,18,2,16
110900051,47,338,-291
110900052,5,325,-320
110900053,108,85,23
110900054,38,526,-488
110900055,27,1,26
110900056,54,186,-132
110900057,6,369,-363
110900058,164,463,-299
110900059,959,1516,-557
110900060,561,160,401
110900061,39,54,-15
110900062,142,609,-467
110900063,48,134,-86
110900064,5,0,5
110900065,499,192,307
110900066,22,114,-92
110900067,998,688,310
110900068,290,433,-143
110900069,6,43,-37
110900070,180,94,86
110900071,375,523,-148
110900073,0,42,-42
110900074,337,142,195
110900075,434,133,301
110900077,666,716,-50
110900078,32,240,-208
110900079,2572,967,1605
110900080,115,126,-11
110900081,7,199,-192
110900082,104,447,-343
110900083,103,41,62
110900084,46,438,-392
110900085,68,712,-644
110900086,66,375,-309
110900087,309,112,197
110900088,23,0,23
110900090,72,46,26
110900091,5,98,-93
110900093,327,85,242
110900095,55,86,-31
110900097,14,19,-5
110900098,56,241,-185
110900099,86,1141,-1055
110900100,1,37,-36
110900102,64,27,37
110900105,1262,731,531
110900108,7,240,-233
110900111,455,120,335
110900112,744,12,732
110900113,700,62,638
110900115,8,186,-178
110900116,500,4313,-3813
110900118,208,2584,-2376
110900119,8560,481,8079
110900120,32,231,-199
110900121,101,2,99
110900122,345,179,166
110900125,421,372,49
110900127,457,1068,-611
110900128,163,251,-88
110900129,507,720,-213
110900130,1878,551,1327
110900131,185,92,93
110900132,282,71,211
110900133,105,464,-359
110900135,161,890,-729
110900136,348,12,336
110900137,46,2,44
110900138,732,436,296
110900139,17,55,-38
110900140,37,2,35
110900141,3,112,-109
110900142,96,440,-344
110900143,90,136,-46
110900144,8,1184,-1176
110900145,133,27,106
110900146,461,133,328
110900147,412,373,39
110900148,3,601,-598
110900149,2,127,-125
110900150,31,26,5
110900151,7,112,-105
110900152,22,566,-544
110900153,91,69,22
111000001,382,339,43
111000002,555,892,-337
111000003,1072,849,223
111000004,631,1557,-926
111000005,1315,1136,179
111000006,1190,1850,-660
111000007,7722,3051,4671
111000008,4969,4383,586
111000009,474,1403,-929
111000010,920,353,567
111000011,459,1399,-940
111000012,762,507,255
111000013,433,1677,-1244
111000014,1058,802,256
111000017,160,837,-677
111000018,331,479,-148
111000020,3998,3088,910
111000021,178,171,7
111000023,174,222,-48
111000025,11487,3950,7537
111000029,68,142,-74
111000030,52,141,-89
111000031,2736,1370,1366
111000032,734,296,438
111000033,379,310,69
111000034,573,239,334
111000037,5449,1717,3732
111000038,3995,4091,-96
111000039,1680,4085,-2405
111000040,1877,4290,-2413
111000041,2094,2906,-812
111000042,9555,3959,5596
111000043,3047,2505,542
111000044,1555,1340,215
111000045,2016,3022,-1006
111000046,1138,1952,-814
111000047,1954,3284,-1330
111000049,407,842,-435
111000050,2588,2436,152
111000051,566,1737,-1171
111000052,803,2229,-1426
111000053,522,1841,-1319
111000054,298,1860,-1562
111000055,1725,2993,-1268
111000056,125,1090,-965
111000057,122,1418,-1296
111000058,225,159,66
111000059,400,441,-41
111000060,3454,922,2532
111000061,540,474,66
111000062,790,351,439
111000063,1911,1395,516
111000064,519,985,-466
111000065,1177,1151,26
111000066,346,400,-54
111000067,529,910,-381
111000068,395,1138,-743
111000069,2030,2610,-580
111000070,3567,1680,1887
111000071,173,820,-647
111000072,833,417,416
111000073,297,844,-547
111000074,1629,2064,-435
111000075,943,1296,-353
111000076,519,1324,-805
111000077,1389,1976,-587
111000078,2633,1750,883
111000079,1625,1069,556
111000080,527,952,-425
111000081,2916,4183,-1267
111000082,643,969,-326
111000084,688,758,-70
111000085,1118,2157,-1039
111000086,5810,1723,4087
111000087,848,1256,-408
111000088,11039,2750,8289
111000089,801,1191,-390
111000090,1467,1867,-400
111000091,874,1005,-131
111000092,1370,1646,-276
111000093,611,1064,-453
111000094,1916,1185,731
111000095,1043,2724,-1681
111000096,3922,8604,-4682
111000097,8600,1376,7224
111000098,851,1929,-1078
111000099,720,3621,-2901
111000100,446,3573,-3127
111000101,597,1337,-740
111000102,166,1425,-1259
111000104,466,340,126
111000107,102,1415,-1313
111000109,349,314,35
111000110,1100,893,207
111000111,1721,711,1010
111000112,1561,542,1019
111000113,735,1132,-397
111000114,1511,2713,-1202
111000115,11790,1611,10179
111000116,1069,1409,-340
111000117,631,1375,-744
111000118,1697,1558,139
111000119,960,2515,-1555
111000120,398,873,-475
111000121,302,739,-437
111000122,707,1242,-535
111000123,1202,4983,-3781
111000124,623,5328,-4705
111000125,288,3378,-3090
111000126,169,1526,-1357
111000127,729,224,505
111000128,1354,496,858
111000129,2146,640,1506
111000130,1681,926,755
111000131,1324,720,604
111000132,1007,598,409
111000133,151,236,-85
111000134,143,153,-10
111000135,78,179,-101
111000136,350,387,-37
111000138,9,12,-3
111000140,1,8,-7
111000141,257,563,-306
111000142,16,182,-166
111000143,4,117,-113
111000144,37,151,-114
111000145,962,16,946
111000146,59,16,43
111000147,276,46,230
111000148,232,159,73
111000149,0,47,-47
111000150,12,5,7
111000151,2,28,-26
111000153,776,877,-101
111000154,914,304,610
111000155,142,243,-101
111000156,458,656,-198
111000157,227,1010,-783
111000158,1105,809,296
111000159,3928,990,2938
111000160,238,537,-299
111000161,7,430,-423
111000162,55,198,-143
111000163,447,967,-520
111000164,1032,3343,-2311
111000165,1804,633,1171
111000166,2511,565,1946
111000167,249,772,-523
111000168,322,669,-347
111000169,374,830,-456
111000170,650,628,22
111000171,454,1538,-1084
111000172,138,854,-716
111000173,294,2159,-1865
111000174,171,1251,-1080
111000175,64,450,-386
111000176,239,281,-42
111000177,219,410,-191
111000178,919,386,533
111000179,125,306,-181
111000180,191,431,-240
111000181,1035,439,596
111000182,179,314,-135
111000183,388,392,-4
111000184,427,280,147
111000185,478,702,-224
111000186,345,440,-95
111000187,158,446,-288
111000188,183,795,-612
111000189,2317,663,1654
111000190,201,749,-548
111000191,178,701,-523
111000192,383,988,-605
111000193,686,582,104
111000194,63,604,-541
111000195,130,765,-635
111000196,71,510,-439
111000197,300,239,61
111000198,457,162,295
111000199,152,181,-29
111000200,250,435,-185
111000201,529,335,194
111000202,189,296,-107
111000203,224,308,-84
111000204,330,882,-552
111000213,238,561,-323
111000214,1712,2584,-872
111000215,1171,2042,-871
111000217,1299,1314,-15
111000218,1043,1403,-360
111000219,521,320,201
111000220,4691,827,3864
111000221,956,372,584
111000224,3,486,-483
111000225,355,131,224
111000226,270,1,269
111000227,60,4,56
111000228,17,255,-238
111000229,46,572,-526
111000230,305,998,-693
111000231,867,2407,-1540
111000232,446,1186,-740
111000233,459,864,-405
111000234,89,321,-232
111000239,176,275,-99
111000240,52,196,-144
111000241,39,607,-568
111000242,104,110,-6
111000243,123,1268,-1145
111000244,314,125,189
111000245,880,967,-87
111000246,412,910,-498
111000247,194,1650,-1456
111000248,657,690,-33
111000249,465,1265,-800
111000250,39,291,-252
111000251,89,295,-206
111000253,10,29,-19
111000255,21,25,-4
111000257,36,28,8
111000260,106,2040,-1934
111000261,798,127,671
111000271,56,376,-320
111000273,10990,2155,8835
111000274,1643,2391,-748
111000275,106,115,-9
111000276,346,3628,-3282
111000277,205,695,-490
111000278,713,363,350
111000291,584,3991,-3407
111000298,553,447,106
111000299,789,179,610
111000300,116,1067,-951
111000302,252,138,114
111000303,88,467,-379
111000312,54,115,-61
111000315,1,356,-355
111000320,497,1154,-657
111000321,306,119,187
111000322,332,1006,-674
111000323,199,21,178
111000324,441,481,-40
111000325,55,66,-11
111000326,178,385,-207
111000327,431,772,-341
111000328,209,605,-396
111000329,0,18,-18
111000330,36,19,17
111000331,11,5,6
111000332,543,2129,-1586
111000334,518,2449,-1931
111000335,602,193,409
111000337,828,637,191
111000338,40,223,-183
111000339,286,1052,-766
111000340,103,1538,-1435
111000341,918,579,339
111000342,243,471,-228
111000344,989,1222,-233
111000345,208,78,130
111000346,22,210,-188
111000347,61,2,59
111000350,200,226,-26
111000351,122,298,-176
111000352,220,399,-179
111000353,136,361,-225
111000354,374,475,-101
111000355,301,1122,-821
111000358,130,3209,-3079
111000360,150,1699,-1549
111000361,179,736,-557
111000546,543,1154,-611
111000547,316,1529,-1213
111000548,133,303,-170
111000549,319,981,-662
111000550,75,694,-619
111000551,948,350,598
111000552,1538,127,1411
111000907,355,150,205
111000908,30,0,30
111000916,1208,370,838
111000917,46,506,-460
111000918,183,2021,-1838
111000920,301,7,294
111000921,0,430,-430
111000922,371,448,-77
111000924,47,2010,-1963
111000925,1926,2582,-656
111000926,1026,3574,-2548
111000927,3069,5258,-2189
111000928,7813,5653,2160
111000929,1031,1322,-291
111000930,805,3632,-2827
111000931,2065,2523,-458
111000932,5489,3375,2114
111000933,3893,2149,1744
111000934,2960,4229,-1269
111000935,1047,1234,-187
111000936,1123,3041,-1918
111000937,757,1560,-803
111000938,2390,3073,-683
111000939,285,60,225
111000940,318,309,9
111000941,294,1147,-853
111000943,259,344,-85
111000944,135,877,-742
111000945,63,3930,-3867
111001109,473,277,196
111001110,277,780,-503
111001111,60,9,51
111001112,118,2,116
111001113,9,183,-174
111001114,1739,146,1593
111001115,79,508,-429
111001116,8817,3321,5496
111001117,912,1331,-419
111001120,108,716,-608
111001121,216,569,-353
111001122,220,988,-768
111001123,154,125,29
111001124,18,252,-234
111900001,11,229,-218
111900002,16,1419,-1403
111900003,6,860,-854
111900004,43,334,-291
111900006,11,18,-7
111900007,86,3,83
111900008,107,5,102
111900009,137,318,-181
111900010,407,958,-551
111900012,128,232,-104
111900013,13,89,-76
111900014,11795,3249,8546
111900015,2,148,-146
111900016,1,312,-311
111900017,4,350,-346
111900018,100,3,97
111900019,2,180,-178
111900020,9,98,-89
111900021,31,185,-154
111900022,29,126,-97
111900023,274,111,163
111900024,0,100,-100
111900025,0,77,-77
111900026,2,143,-141
111900027,14,315,-301
111900028,2,728,-726
111900029,4,194,-190
111900030,86,897,-811
111900031,14,95,-81
111900032,4,679,-675
111900033,11,215,-204
111900034,356,1070,-714
111900035,60,440,-380
111900036,3,628,-625
111900038,469,1051,-582
111900039,65,871,-806
111900040,5,1076,-1071
111900042,52,251,-199
111900043,9,747,-738
111900044,389,476,-87
111900046,66,394,-328
111900048,164,1517,-1353
111900049,40,436,-396
111900050,103,33,70
111900051,1,435,-434
111900052,605,988,-383
111900053,2158,889,1269
111900054,174,6,168
111900055,36,1053,-1017
111900056,373,186,187
111900057,62,74,-12
111900058,284,1252,-968
111900059,4756,518,4238
111900060,401,6,395
111900061,25,506,-481
111900062,22,37,-15
111900063,237,508,-271
111900064,208,521,-313
111900065,89,24,65
111900066,157,173,-16
111900067,5,615,-610
111900068,41,67,-26
111900069,47,49,-2
111900070,139,174,-35
111900071,2,616,-614
111900072,37,14,23
111900073,537,138,399
111900074,20,438,-418
111900075,71,13,58
111900076,140,65,75
111900077,49,4,45
111900078,208,7,201
111900079,49,27,22
111900080,278,257,21
111900081,1530,189,1341
111900082,160,23,137
111900083,90,16,74
111900084,72,6,66
111900085,45,106,-61
111900086,30,3,27
111900087,53,0,53
111900088,416,6,410
111900089,142,5,137
111900090,79,52,27
111900091,168,2,166
111900092,52,1,51
111900093,349,4,345
111900094,94,2,92
111900095,171,20,151
111900096,104,2,102
111900097,34,0,34
111900098,123,1,122
111900099,50,0,50
111900100,127,4,123
111900101,99,29,70
111900102,362,1482,-1120
111900103,93,82,11
111900104,121,72,49
111900105,364,163,201
111900106,2544,98,2446
111900107,164,218,-54
111900108,206,132,74
111900109,896,356,540
111900110,4777,539,4238
111900111,110,408,-298
111900112,1938,2081,-143
111900113,485,113,372
111900114,331,233,98
111900115,25,79,-54
111900118,281,62,219
111900119,242,179,63
111900122,99,74,25
111900123,20,29,-9
111900124,29,213,-184
111900125,428,23,405
111900126,282,6,276
111900127,8,1150,-1142
111900128,7,1077,-1070
111900129,286,70,216
111900130,238,27,211
111900131,413,4,409
111900132,52,2636,-2584
111900133,10,773,-763
111900134,39,547,-508
111900135,13,34,-21
111900136,88,197,-109
111900137,117,109,8
111900138,32,205,-173
111900139,42,391,-349
111900140,78,40,38
111900141,73,12,61
111900142,124,24,100
111900143,17,495,-478
111900144,2,181,-179
111900145,3,1212,-1209
111900146,5,641,-636
111900147,254,884,-630
111900148,42,1526,-1484
111900149,9,628,-619
111900150,17,330,-313
111900151,2,29,-27
111900152,175,115,60
111900153,2755,382,2373
111900154,9,227,-218
111900155,84,96,-12
111900156,54,73,-19
111900157,89,28,61
111900158,373,33,340
111900159,277,9,268
111900160,249,0,249
111900161,113,18,95
111900162,150,167,-17
111900163,84,441,-357
111900164,101,76,25
111901113,338,396,-58
111901114,143,608,-465
111901115,63,0,63
111901116,89,4,85
111901117,22,36,-14
111901118,241,190,51
111901119,2803,222,2581
111901120,184,603,-419
111901121,335,818,-483
111901122,10,1167,-1157
111901123,113,721,-608
111901124,112,2,110
111901125,291,303,-12
111901126,85,47,38
111901127,1859,442,1417
111901128,12,274,-262
111901129,13,391,-378
111901130,24,585,-561
111901131,2,458,-456
111901132,104,21,83
111901133,77,5,72
111901134,105,3,102
111901135,23,11,12
111901136,30,56,-26
111901137,1,48,-47
111901138,199,79,120
111901139,42,107,-65
111901140,10,292,-282
111901141,13,625,-612
111901142,13,428,-415
111901143,8,246,-238
111901144,30,48,-18
111901145,141,225,-84
111901146,698,38,660
112000001,1954,1376,578
112000002,868,3514,-2646
112000003,854,1529,-675
112000004,771,2550,-1779
112000005,2401,2591,-190
112000006,2278,3114,-836
112000007,2210,1691,519
112000008,2489,4421,-1932
112000009,5107,5694,-587
112000010,2622,3391,-769
112000011,2346,3749,-1403
112000012,5459,3292,2167
112000013,6425,4833,1592
112000014,3283,1234,2049
112000015,3670,4039,-369
112000016,5234,1083,4151
112000017,2284,2344,-60
112000024,3138,1210,1928
112000026,6394,7783,-1389
112000027,1220,652,568
112000028,2185,2671,-486
112000029,579,704,-125
112000030,264,149,115
112000031,1967,4425,-2458
112000032,594,90,504
112000033,2125,1635,490
112000034,246,68,178
112000035,96,468,-372
112000036,857,1135,-278
112000037,1040,1011,29
112000038,1508,1238,270
112000039,60,141,-81
112000040,196,360,-164
112000041,673,648,25
112000042,1590,432,1158
112000050,1030,1947,-917
112000051,937,1274,-337
112000054,2462,3777,-1315
112000057,797,547,250
112000058,466,894,-428
112000059,979,819,160
112000061,6301,2917,3384
112000062,2854,1177,1677
112000063,2330,1501,829
112000064,6137,9260,-3123
112000065,2800,4230,-1430
112000066,4150,1330,2820
112000067,877,1084,-207
112000068,2772,1903,869
112000069,716,3171,-2455
112000070,2023,872,1151
112000071,850,4559,-3709
112000072,1645,1189,456
112000073,1344,2553,-1209
112000074,978,1271,-293
112000075,1363,1475,-112
112000076,3915,3854,61
112000077,450,1017,-567
112000078,1343,923,420
112000079,1346,1754,-408
112000080,726,1360,-634
112000081,1691,2868,-1177
112000082,1517,1119,398
112000083,616,2016,-1400
112000084,1175,960,215
112000085,971,1838,-867
112000086,1363,2108,-745
112000087,324,698,-374
112000088,475,1056,-581
112000089,264,423,-159
112000090,193,527,-334
112000091,678,1655,-977
112000092,1528,1285,243
112000093,1692,1593,99
112000094,555,1060,-505
112000095,592,1129,-537
112000096,476,910,-434
112000097,901,650,251
112000098,1369,2636,-1267
112000099,723,1028,-305
112000100,1353,1630,-277
112000101,582,1553,-971
112000102,876,993,-117
112000103,416,1914,-1498
112000105,519,3007,-2488
112000106,1232,621,611
112000107,21,296,-275
112000108,184,2754,-2570
112000109,78,102,-24
112000110,1504,660,844
112000111,1658,6063,-4405
112000112,3125,954,2171
112000113,1275,3103,-1828
112000114,2360,1544,816
112000115,306,847,-541
112000116,747,1762,-1015
112000117,1038,1400,-362
112000118,1242,1291,-49
112000119,539,1524,-985
112000120,76,695,-619
112000121,98,1276,-1178
112000122,243,210,33
112000123,503,264,239
112000124,232,82,150
112000125,122,223,-101
112000126,183,1318,-1135
112000127,3200,2192,1008
112000128,1749,1149,600
112000129,113,136,-23
112000130,161,74,87
112000131,33,714,-681
112000132,123,468,-345
112000133,289,602,-313
112000134,420,554,-134
112000135,805,958,-153
112000136,1155,1618,-463
112000137,1416,2196,-780
112000138,1845,1634,211
112000139,1247,435,812
112000140,1149,1736,-587
112000141,605,327,278
112000142,188,1445,-1257
112000143,1011,319,692
112000144,405,2953,-2548
112000145,2027,932,1095
112000146,757,3618,-2861
112000147,1970,2463,-493
112000148,2124,3416,-1292
112000149,333,1373,-1040
112000150,136,959,-823
112000151,396,1298,-902
112000152,300,531,-231
112000153,241,529,-288
112000154,149,206,-57
112000155,187,197,-10
112000157,971,698,273
112000158,277,1595,-1318
112000159,375,488,-113
112000167,290,59,231
112000169,534,448,86
112000173,474,341,133
112000175,339,730,-391
112000176,5241,2895,2346
112000177,549,147,402
112000178,97,979,-882
112000179,188,221,-33
112000180,214,440,-226
112000181,1490,3077,-1587
112000182,979,3917,-2938
112000183,34,88,-54
112000184,301,1220,-919
112000185,451,838,-387
112000187,3934,3186,748
112000195,218,31,187
112000196,220,1,219
112000197,207,172,35
112000198,33,497,-464
112000199,1465,1318,147
112000202,282,2,280
112000216,66,268,-202
112000230,77,7,70
112000231,6,480,-474
112000256,53,206,-153
112000313,228,213,15
112000314,42,23,19
112000337,203,828,-625
112000352,329,306,23
112000392,2605,2140,465
112000398,978,1005,-27
112000399,3994,1891,2103
112000400,2658,5392,-2734
112000401,3298,3945,-647
112000402,2250,2791,-541
112000403,2552,2348,204
112000404,556,880,-324
112000405,1681,3122,-1441
112000406,4745,4669,76
112000407,5038,7373,-2335
112000408,11225,9662,1563
112000409,2205,7264,-5059
112000410,537,234,303
112000411,8499,1191,7308
112000412,1867,687,1180
112000413,15382,4354,11028
112000414,117,178,-61
112000415,104,88,16
112000416,2029,1710,319
112000417,287,92,195
112000421,60,292,-232
112000422,439,1076,-637
112000424,4220,2079,2141
112000425,557,1879,-1322
112000426,129,396,-267
112000427,3,14,-11
112000428,175,819,-644
112000429,2553,3892,-1339
112000430,2639,3779,-1140
112000431,102,188,-86
112000432,755,3507,-2752
112000433,712,1298,-586
112000437,62,396,-334
112900001,62,0,62
112900002,275,1769,-1494
112900003,51,510,-459
112900004,28,465,-437
112900005,175,363,-188
112900006,8,734,-726
112900007,38,329,-291
112900008,1,53,-52
112900009,409,94,315
112900010,269,1200,-931
112900011,544,510,34
112900012,0,76,-76
112900013,5,527,-522
112900014,2,503,-501
112900015,578,1639,-1061
112900016,3,424,-421
112900017,46,365,-319
112900018,2,508,-506
112900019,80,223,-143
112900020,703,2372,-1669
112900021,19,559,-540
112900022,28,111,-83
112900023,2,425,-423
112900024,31,457,-426
112900025,203,511,-308
112900026,7,563,-556
112900027,9,2079,-2070
112900028,22,273,-251
112900029,14,1137,-1123
112900030,308,364,-56
112900031,6,857,-851
112900032,156,372,-216
112900034,0,103,-103
112900035,7,838,-831
112900036,36,178,-142
112900037,231,217,14
112900038,452,247,205
112900039,18,520,-502
112900040,4,676,-672
112900041,2127,1257,870
112900042,48,817,-769
112900043,39,64,-25
112900044,1205,717,488
112900045,665,529,136
112900046,322,136,186
112900047,22,18,4
112900049,120,122,-2
112900050,115,910,-795
112900051,406,1430,-1024
112900052,10,2038,-2028
112900053,487,193,294
112900054,453,55,398
112900055,226,47,179
112900056,470,224,246
112900057,9,1197,-1188
112900058,341,268,73
112900059,182,155,27
112900060,19,523,-504
112900061,82,217,-135
112900062,69,266,-197
112900063,138,13,125
112900064,282,349,-67
112900065,76,29,47
112900066,258,119,139
112900067,750,333,417
112900068,55,39,16
112900069,3867,667,3200
112900071,25,3,22
112900072,639,1191,-552
112900073,223,72,151
112900074,87,188,-101
112900075,3221,721,2500
112900076,169,21,148
112900078,291,332,-41
112900079,272,19,253
112900080,24,6,18
112900081,39,152,-113
112900082,337,26,311
112900083,93,57,36
112900084,132,97,35
112900085,0,5,-5
112900086,63,0,63
112900087,468,122,346
112900088,128,9,119
112900089,713,36,677
112900090,42,22,20
112900091,150,2,148
112900092,214,260,-46
112900093,1320,17,1303
112900094,154,3,151
112900095,34,0,34
112900096,297,139,158
112900097,83,811,-728
112900098,120,0,120
112900099,576,21,555
112900100,55,0,55
112900101,294,2,292
112900102,85,17,68
112900103,133,0,133
112900104,42,1,41
112900105,16,0,16
112900106,349,127,222
112900107,7,0,7
112900108,24,0,24
112900109,74,2,72
112900110,779,9,770
112900111,433,4,429
112900112,299,2,297
112900113,0,25,-25
112900114,88,55,33
112900115,779,9,770
112900116,76,28,48
112900117,168,198,-30
112900118,43,116,-73
112900119,184,5,179
112900120,1146,354,792
112900121,496,295,201
112900122,14,211,-197
112900123,175,26,149
112900124,12,262,-250
112900125,111,676,-565
112900126,254,359,-105
112900127,336,85,251
112900128,624,1263,-639
112900129,2,1489,-1487
112900130,244,67,177
112900131,54,314,-260
112900132,99,586,-487
112900133,31,1808,-1777
112900134,1,491,-490
112900135,60,58,2
112900136,0,64,-64
112900137,6,1217,-1211
112900138,14,729,-715
112900139,339,2063,-1724
112900140,4,84,-80
112900141,668,54,614
112900142,97,203,-106
112900143,60,1157,-1097
112900144,2,534,-532
112900145,53,783,-730
112900146,26,2522,-2496
112900147,12,3678,-3666
112900148,58,0,58
112900149,222,915,-693
112900151,34,67,-33
112900152,6744,1367,5377
112900153,2729,1903,826
112900154,0,179,-179
112900155,230,20,210
112900156,367,2907,-2540
112900157,166,6,160
112900158,56,19,37
112900159,247,79,168
112900160,53,457,-404
112900161,114,26,88
112900162,49,32,17
112900163,207,36,171
112900164,38,152,-114
112900165,82,76,6
112900166,37,77,-40
112900167,6,53,-47
112900168,3,2,1
112900169,5,9,-4
112900170,49,211,-162
112900172,119,13,106
112900173,326,161,165
112900174,410,51,359
112900175,203,249,-46
112900176,13,34,-21
112900177,241,41,200
112900178,836,2099,-1263
112900179,67,688,-621
112900180,1682,3018,-1336
112900181,416,4,412
112900182,51,2401,-2350
112900183,184,395,-211
112900184,572,546,26
112900185,440,640,-200
112900186,2331,1044,1287
112900187,137,551,-414
112900188,901,523,378
112900189,94,68,26
112900190,4,102,-98
112900192,616,574,42
112900193,1556,390,1166
112900194,32,184,-152
112900195,659,43,616
112900196,342,797,-455
112900197,224,641,-417
112900199,444,930,-486
112900200,443,527,-84
112900201,74,143,-69
112900202,355,1479,-1124
112900203,190,570,-380
112900204,1442,673,769
112900205,2,29,-27
112900206,16,112,-96
112900207,6,0,6
112900208,93,266,-173
112900209,713,693,20
112900210,0,23,-23
112900211,89,49,40
112900212,2,130,-128
112900213,33,13,20
112900214,55,9,46
112900215,3,372,-369
112900216,48,109,-61
112900217,0,85,-85
112900218,25,41,-16
112900219,27,11,16
112900220,7,0,7
112900221,12,259,-247
112900222,0,42,-42
112900223,939,17,922
112900224,211,1450,-1239
112900225,322,966,-644
112900226,361,452,-91
112900227,360,2110,-1750
112900228,44,45,-1
112900229,139,101,38
112900230,11734,5122,6612
112900232,219,236,-17
112900233,62,370,-308
112900234,9,206,-197
112900235,103,36,67
112900236,169,24,145
112900237,101,589,-488
112900238,8,53,-45
112900239,612,489,123
113000001,5939,8677,-2738
113000002,4405,5685,-1280
113000003,2478,3369,-891
113000004,2420,3592,-1172
113000005,1523,1708,-185
113000006,1338,2135,-797
113000007,1659,1989,-330
113000008,1784,2687,-903
113000009,1210,1404,-194
113000010,1369,2453,-1084
113000011,1023,2335,-1312
113000012,1474,1359,115
113000013,1393,804,589
113000014,2271,2322,-51
113000015,917,404,513
113000016,653,927,-274
113000017,142,366,-224
113000018,413,97,316
113000019,230,284,-54
113000020,217,64,153
113000021,1816,771,1045
113000022,843,1978,-1135
113000025,106,495,-389
113000026,423,659,-236
113000027,1657,647,1010
113000028,2541,714,1827
113000029,1484,874,610
113000030,788,927,-139
113000031,496,464,32
113000032,357,505,-148
113000033,504,789,-285
113000034,638,656,-18
113000035,36,64,-28
113000036,36,102,-66
113000037,96,86,10
113000038,14,103,-89
113000039,92,824,-732
113000040,69,117,-48
113000042,1217,904,313
113000051,1076,3307,-2231
113000052,3014,1782,1232
113000053,429,980,-551
113000054,418,1422,-1004
113000055,1198,1472,-274
113000056,974,1861,-887
113000058,936,1016,-80
113000059,1677,935,742
113000060,206,687,-481
113000061,1383,1485,-102
113000062,1880,368,1512
113000063,139,566,-427
113000064,55,830,-775
113000065,194,1891,-1697
113000066,556,129,427
113000067,1819,2104,-285
113000068,436,3296,-2860
113000069,640,2326,-1686
113000070,2042,1533,509
113000071,486,1205,-719
113000072,750,802,-52
113000073,777,2597,-1820
113000074,1126,542,584
113000075,2552,902,1650
113000076,1653,2901,-1248
113000077,1869,715,1154
113000078,1092,3161,-2069
113000079,834,1010,-176
113000080,728,777,-49
113000081,973,1138,-165
113000082,1638,1014,624
113000083,661,1029,-368
113000084,1765,1467,298
113000085,1071,1013,58
113000086,1272,1923,-651
113000087,1129,1017,112
113000088,3216,2013,1203
113000089,1142,1800,-658
113000090,330,686,-356
113000091,1028,515,513
113000094,1362,300,1062
113000095,298,1872,-1574
113000096,183,1431,-1248
113000097,1391,496,895
113000098,168,51,117
113000099,1293,441,852
113000100,188,664,-476
113000101,572,932,-360
113000102,701,457,244
113000103,2975,725,2250
113000104,443,4215,-3772
113000105,760,721,39
113000106,480,638,-158
113000107,878,1265,-387
113000108,1207,2130,-923
113000109,786,5886,-5100
113000110,1956,636,1320
113000111,214,1176,-962
113000112,304,396,-92
113000113,2705,428,2277
113000114,358,2339,-1981
113000116,1111,361,750
113000117,1318,161,1157
113000118,318,582,-264
113000119,360,542,-182
113000120,70,285,-215
113000121,776,1454,-678
113000124,302,164,138
113000125,109,782,-673
113000127,5411,859,4552
113000128,738,951,-213
113000129,731,2485,-1754
113000133,6312,2468,3844
113000134,18,1526,-1508
113000135,4335,4227,108
113000137,2695,3494,-799
113000139,438,277,161
113000140,172,451,-279
113000141,501,255,246
113000142,664,1774,-1110
113000143,390,326,64
113000144,423,1141,-718
113000145,100,277,-177
113000146,210,123,87
113000147,218,237,-19
113000148,158,298,-140
113000149,107,276,-169
113000150,688,783,-95
113000151,101,153,-52
113000152,47,198,-151
113000153,2718,918,1800
113000154,989,2569,-1580
113000155,398,787,-389
113000156,199,665,-466
113000157,377,1454,-1077
113000158,876,406,470
113000159,1078,1087,-9
113000160,822,2070,-1248
113000161,297,979,-682
113000162,801,670,131
113000163,131,84,47
113000164,22,128,-106
113000166,130,123,7
113000167,35,299,-264
113000168,82,325,-243
113000169,207,106,101
113000170,133,165,-32
113000171,78,148,-70
113000172,265,122,143
113000173,60,34,26
113000174,152,853,-701
113000175,475,201,274
113000176,565,246,319
113000177,281,749,-468
113000178,281,639,-358
113000179,365,188,177
113000180,866,2166,-1300
113000181,1041,1536,-495
113000182,285,606,-321
113000183,252,802,-550
113000184,19,154,-135
113000189,733,1224,-491
113000190,1956,897,1059
113000192,3717,1951,1766
113000193,9049,1317,7732
113000194,2706,1503,1203
113000195,3487,834,2653
113000196,174,125,49
113000197,2289,1465,824
113000198,56,514,-458
113000199,1487,728,759
113000201,1036,232,804
113000202,6023,4527,1496
113000203,568,385,183
113000204,2757,2277,480
113000205,38,43,-5
113000206,21,74,-53
113000207,75,40,35
113000208,51,92,-41
113000209,33,45,-12
113000210,6,23,-17
113000211,373,313,60
113000212,350,39,311
113000213,43,265,-222
113000214,217,429,-212
113000234,218,1938,-1720
113000410,439,283,156
113000411,3816,5949,-2133
113000412,12349,3340,9009
113000413,4919,4030,889
113000414,12005,15857,-3852
113000415,3218,4516,-1298
113000416,13496,6253,7243
113000417,4480,4754,-274
113000418,4185,3659,526
113000419,2172,3058,-886
113000420,4806,6665,-1859
113000421,5613,7560,-1947
113000422,21028,14231,6797
113000423,3503,6323,-2820
113000424,5546,11958,-6412
113000425,22,110,-88
113000428,557,134,423
113000430,76,541,-465
113000432,2134,195,1939
113000433,139,1602,-1463
113000434,25,420,-395
113000435,33,1577,-1544
113000436,83,2471,-2388
113000437,814,18,796
113000438,267,20,247
113000439,16,273,-257
113000440,118,38,80
113000441,269,341,-72
113000442,147,511,-364
113000443,161,636,-475
113000444,207,550,-343
113000445,106,252,-146
113000446,29,128,-99
113000448,324,226,98
113000449,570,1561,-991
113000450,1353,5507,-4154
113000451,2436,269,2167
113000452,903,800,103
113000453,95,500,-405
113000454,2008,67,1941
113000455,24,210,-186
113000456,5387,3329,2058
113000468,4615,440,4175
113000469,610,354,256
113000470,1105,132,973
113000471,19,818,-799
113000472,133,493,-360
113000474,345,864,-519
113000475,1990,2858,-868
113000476,1108,2450,-1342
113000477,2413,2631,-218
113000478,4803,8564,-3761
113000479,131,372,-241
113000480,199,177,22
113000485,39,6,33
113000486,7,0,7
113000487,0,1,-1
113000488,0,1,-1
113000489,2,4,-2
113000490,0,5,-5
113000491,1,107,-106
113000492,5,5,0
113000493,0,2,-2
113000495,246,408,-162
113000496,176,124,52
113000497,0,0,0
113000499,0,0,0
113000500,0,5,-5
113900001,4,414,-410
113900002,5,390,-385
113900003,3,267,-264
113900004,3,113,-110
113900005,4,74,-70
113900006,0,48,-48
113900007,123,38,85
113900008,181,0,181
113900009,600,0,600
113900010,460,3,457
113900011,39,6,33
113900012,36,7,29
113900013,2050,27,2023
113900014,937,5,932
113900015,1,103,-102
113900016,45,2,43
113900017,6,99,-93
113900018,770,317,453
113900019,167,89,78
113900020,126,1,125
113900022,30,0,30
113900023,28,1,27
113900024,58,155,-97
113900025,448,47,401
113900026,75,0,75
113900027,4,130,-126
113900028,21,783,-762
113900029,55,510,-455
113900030,162,4,158
113900031,15,2,13
113900032,15,0,15
113900033,56,119,-63
113900035,113,3,110
113900036,20,177,-157
113900037,142,923,-781
113900038,42,154,-112
113900039,177,22,155
113900040,11,10,1
113900041,6,7,-1
113900042,104,87,17
113900043,324,200,124
113900044,295,126,169
113900045,66,4,62
113900046,282,878,-596
113900047,45,244,-199
113900048,370,104,266
113900049,1345,449,896
113900050,223,715,-492
113900051,321,650,-329
113900052,275,257,18
113900053,639,414,225
113900054,18,24,-6
113900055,110,972,-862
113900056,105,321,-216
113900057,28,335,-307
113900058,75,343,-268
113900059,289,512,-223
113900060,123,460,-337
113900061,1655,390,1265
113900062,120,29,91
113900063,146,257,-111
113900064,52,219,-167
113900065,631,42,589
113900066,386,713,-327
113900067,106,657,-551
113900068,585,577,8
113900069,104,71,33
113900070,249,688,-439
113900071,93,136,-43
113900072,68,272,-204
113900073,251,611,-360
113900074,53,653,-600
113900075,1487,1439,48
113900076,185,11,174
113900077,69,353,-284
113900078,107,112,-5
113900079,0,127,-127
113900080,484,230,254
113900081,71,369,-298
113900082,123,391,-268
113900083,292,1175,-883
113900084,321,193,128
113900085,69,566,-497
113900086,45,44,1
113900087,74,357,-283
113900088,57,95,-38
113900089,535,89,446
113900090,700,515,185
113900091,56,54,2
113900092,63,117,-54
113900093,159,970,-811
113900094,427,596,-169
113900095,167,159,8
113900096,265,86,179
113900097,15,253,-238
113900098,717,136,581
113900099,4,134,-130
113900100,0,7,-7
113900101,29,86,-57
113900102,185,142,43
113900103,349,308,41
113900104,205,266,-61
113900105,106,671,-565
113900106,2,216,-214
113900107,1,52,-51
113900108,323,233,90
113900109,432,187,245
113900110,69,38,31
113900111,139,171,-32
113900112,163,149,14
113900113,997,675,322
113900114,2,254,-252
113900115,2,212,-210
113900116,127,193,-66
113900117,111,48,63
113900118,305,394,-89
113900119,395,722,-327
113900120,103,44,59
113900121,60,137,-77
113900122,561,1971,-1410
113900123,622,218,404
113900124,3,149,-146
113900125,2094,219,1875
113900126,138,70,68
113900127,240,737,-497
113900128,134,89,45
113900129,21,196,-175
113900130,1,27,-26
113900131,247,143,104
113900132,81,54,27
113900133,19,35,-16
113900135,365,852,-487
113900136,151,136,15
113900137,596,324,272
113900138,125,256,-131
113900139,843,197,646
113900140,636,402,234
113900141,472,823,-351
113900142,135,141,-6
113900143,18,48,-30
113900144,413,253,160
113900145,392,324,68
113900146,99,61,38
113900148,258,381,-123
113900149,195,83,112
113900150,1328,1211,117
113900151,391,352,39
113900152,23,56,-33
113900153,679,873,-194
113900154,3,178,-175
113900155,273,222,51
113900156,358,876,-518
113900157,46,265,-219
113900158,645,381,264
113900159,13,332,-319
113900160,640,941,-301
113900161,53,303,-250
113900162,695,1036,-341
113900163,398,398,0
113900164,343,53,290
113900165,688,670,18
113900166,399,285,114
113900167,263,67,196
113900168,202,173,29
113900169,405,530,-125
113900171,190,102,88
113900172,15,426,-411
113900173,100,1226,-1126
113900174,651,931,-280
113900175,405,200,205
113900176,341,995,-654
113900177,399,331,68
113900178,299,147,152
113900179,31,1004,-973
113900180,249,193,56
113900181,699,101,598
113900182,728,1367,-639
113900183,73,120,-47
113900184,38,1256,-1218
113900185,262,117,145
113900186,47,77,-30
113900187,55,206,-151
113900188,86,288,-202
113900189,371,116,255
113900190,360,163,197
113900191,213,320,-107
113900192,18,576,-558
113900193,68,477,-409
113900194,3763,1369,2394
113900195,364,685,-321
113900196,7,143,-136
113900197,5,445,-440
113900198,49,204,-155
113900199,330,1110,-780
113900200,27,404,-377
113900201,2,475,-473
113900202,80,498,-418
113900203,3,273,-270
113900204,97,952,-855
113900205,26,315,-289
113900206,11,179,-168
113900207,1,103,-102
113900208,0,80,-80
113900209,3,160,-157
113900210,958,1091,-133
113900211,241,89,152
113900212,170,980,-810
113900214,678,679,-1
113900215,58,200,-142
113900216,155,2115,-1960
113900217,69,489,-420
113900218,123,52,71
113900219,185,933,-748
113900220,147,112,35
113900221,403,196,207
113900222,685,605,80
113900223,142,1633,-1491
113900224,180,142,38
113900225,1230,316,914
113900226,414,242,172
113900227,374,309,65
113900228,426,447,-21
113900229,72,706,-634
113900230,6940,3313,3627
113900231,234,391,-157
113900232,80,129,-49
113900233,74,93,-19
113900234,443,573,-130
113900235,114,64,50
113900236,129,689,-560
113900237,157,17,140
113900238,350,667,-317
113900239,102,102,0
113900240,27,196,-169
113900241,133,116,17
113900242,58,265,-207
113900243,245,609,-364
113900244,665,310,355
113900245,1928,439,1489
113900246,34,31,3
113900247,205,442,-237
113900248,5277,2443,2834
113900249,2137,444,1693
113900250,86,171,-85
113900251,685,375,310
113900252,526,27,499
113900253,683,78,605
113900254,874,247,627
113900255,480,41,439
113900256,370,49,321
113900257,80,1328,-1248
113900258,21,1037,-1016
113900259,530,373,157
113900260,180,33,147
113900261,51,208,-157
113900262,194,1161,-967
113900263,260,914,-654
113900264,13,935,-922
113900265,202,458,-256
113900266,50,367,-317
113900267,165,705,-540
113900268,282,512,-230
113900269,52,219,-167
113900270,452,504,-52
113900271,746,1961,-1215
113900273,327,13,314
113900274,44,16,28
113900275,21,73,-52
113900276,3,373,-370
113900277,112,5,107
113900278,341,219,122
113900279,197,159,38
113900280,1586,833,753
113900281,680,1699,-1019
113900282,1226,705,521
113900283,409,620,-211
113900284,1008,333,675
113900285,147,45,102
113900286,100,216,-116
113900287,31,221,-190
113900288,1,138,-137
113900289,1904,119,1785
113900290,686,223,463
113900291,191,277,-86
113900292,18,21,-3
113900293,8,441,-433
113900294,462,59,403
113900295,600,492,108
113900296,3895,566,3329
113900297,1285,60,1225
113900298,11,2426,-2415
113900299,64,340,-276
113900300,9192,3983,5209
113900301,1491,686,805
113900302,3888,1082,2806
113900303,968,519,449
113900304,0,245,-245
113900305,92,2,90
113900306,56,0,56
113900307,67,0,67
113900308,124,173,-49
113900309,6,1987,-1981
113900310,0,30,-30
113900311,4,0,4
113900312,187,231,-44
113900313,30,23,7
114000001,1501,6396,-4895
114000002,190,844,-654
114000003,39,541,-502
114000004,349,655,-306
114000005,212,325,-113
114000006,3632,3330,302
114000007,888,2329,-1441
114000008,1723,1903,-180
114000009,550,334,216
114000011,2918,5989,-3071
114000012,2015,4473,-2458
114000013,1607,3440,-1833
114000014,497,761,-264
114000015,1702,999,703
114000016,239,692,-453
114000017,178,222,-44
114000018,1087,114,973
114000026,1243,2626,-1383
114000027,2554,2923,-369
114000028,2590,3045,-455
114000038,226,197,29
114000039,125,231,-106
114000040,90,212,-122
114000042,126,266,-140
114000043,65,278,-213
114000044,113,86,27
114000045,69,173,-104
114000046,3230,7389,-4159
114000047,35,117,-82
114000048,105,75,30
114000049,1761,1888,-127
114000050,1732,2139,-407
114000051,4005,2504,1501
114000052,3634,1848,1786
114000053,84,813,-729
114000054,223,2389,-2166
114000055,320,36,284
114000056,1485,1041,444
114000057,15425,3655,11770
114000058,892,1659,-767
114000059,526,414,112
114000060,697,1069,-372
114000061,4817,2855,1962
114000062,3401,1830,1571
114000063,4050,2271,1779
114000064,10288,4173,6115
114000065,2794,3567,-773
114000066,429,918,-489
114000067,26,645,-619
114000068,456,714,-258
114000069,926,806,120
114000070,2609,2076,533
114000071,781,989,-208
114000072,338,948,-610
114000073,11,265,-254
114000074,34,20,14
114000075,39,406,-367
114000076,12,392,-380
114000077,23,131,-108
114000078,228,1692,-1464
114000079,96,23,73
114000080,81,116,-35
114000081,60,141,-81
114000082,50,912,-862
114000083,72,497,-425
114000084,306,101,205
114000085,122,1489,-1367
114000086,222,987,-765
114000087,68,407,-339
114000088,66,125,-59
114000089,2854,673,2181
114000090,751,767,-16
114000091,1511,718,793
114000092,1031,561,470
114000093,1209,1026,183
114000094,337,505,-168
114000095,153,124,29
114000096,144,804,-660
114000097,126,1449,-1323
114000098,391,102,289
114000099,408,1736,-1328
114000100,1071,1460,-389
114000101,447,1619,-1172
114000102,360,446,-86
114000103,134,798,-664
114000104,16,642,-626
114000105,79,68,11
114000106,2298,841,1457
114000107,205,204,1
114000108,4551,1918,2633
114000109,461,845,-384
114000110,769,3051,-2282
114000111,1290,838,452
114000112,557,3079,-2522
114000113,873,718,155
114000114,1671,2619,-948
114000115,1666,1106,560
114000116,633,716,-83
114000117,2335,555,1780
114000118,2047,618,1429
114000119,1248,499,749
114000120,579,1564,-985
114000121,547,1049,-502
114000122,421,370,51
114000123,1645,494,1151
114000124,988,482,506
114000125,1068,2967,-1899
114000126,1642,312,1330
114000127,197,274,-77
114000128,965,1014,-49
114000130,517,832,-315
114000131,189,123,66
114000132,747,995,-248
114000133,1127,2402,-1275
114000134,65,304,-239
114000138,53,313,-260
114000139,413,214,199
114000144,817,543,274
114000145,105,336,-231
114000146,147,527,-380
114000147,1277,1738,-461
114000148,2989,1950,1039
114000149,362,302,60
114000150,1016,865,151
114000151,1334,1222,112
114000152,130,29,101
114000153,924,1955,-1031
114000154,784,781,3
114000155,1580,2457,-877
114000156,859,598,261
114000157,338,1192,-854
114000158,3548,1179,2369
114000159,211,602,-391
114000160,127,316,-189
114000161,1844,2640,-796
114000162,994,1970,-976
114000163,9,190,-181
114000165,297,211,86
114000166,683,342,341
114000167,6754,1613,5141
114000168,956,1002,-46
114000169,2376,1146,1230
114000170,1020,792,228
114000171,1016,1616,-600
114000174,177,710,-533
114000176,946,549,397
114000177,3889,1265,2624
114000178,54,108,-54
114000179,1825,1086,739
114000180,847,888,-41
114000181,2162,3609,-1447
114000182,11865,3383,8482
114000183,1076,1119,-43
114000184,849,2734,-1885
114000185,1208,1342,-134
114000189,738,200,538
114000190,2019,364,1655
114000191,36,77,-41
114000192,487,3126,-2639
114000193,1299,5672,-4373
114000194,1633,1999,-366
114000195,151,29,122
114000196,3,765,-762
114000197,1083,99,984
114000198,2036,611,1425
114000199,2931,1803,1128
114000200,666,4168,-3502
114000201,208,1852,-1644
114000202,1192,1297,-105
114000203,570,1339,-769
114000204,150,873,-723
114000205,280,2838,-2558
114000206,746,2146,-1400
114000207,827,3891,-3064
114000208,653,6039,-5386
114000209,909,5664,-4755
114000210,498,2997,-2499
114000211,1131,2368,-1237
114000212,644,1219,-575
114000213,1205,912,293
114000214,112,350,-238
114000215,245,123,122
114000216,1413,481,932
114000217,230,589,-359
114000218,121,484,-363
114000219,1117,543,574
114000220,22,2687,-2665
114000221,704,261,443
114000222,313,2194,-1881
114000223,448,129,319
114000224,153,1413,-1260
114000225,230,960,-730
114000226,105,369,-264
114000227,693,644,49
114000228,739,1562,-823
114000229,1232,1935,-703
114000230,1835,2433,-598
114000231,930,1859,-929
114000232,588,202,386
114000233,1814,147,1667
114000234,1151,1626,-475
114000235,1149,2493,-1344
114000236,1,778,-777
114000237,135,1987,-1852
114000238,96,307,-211
114000239,183,2339,-2156
114000240,974,974,0
114000241,294,1575,-1281
114000242,1258,1433,-175
114000243,1514,1194,320
114000244,698,484,214
114000245,461,812,-351
114000246,163,58,105
114000247,776,1087,-311
114000248,870,852,18
114000249,549,731,-182
114000250,471,1118,-647
114000251,359,596,-237
114000252,86,203,-117
114000253,63,513,-450
114000254,34,165,-131
114000255,1341,374,967
114000256,2779,1975,804
114000257,761,2502,-1741
114000258,233,775,-542
114000259,85,480,-395
114000260,0,37,-37
114000261,57,64,-7
114000262,109,214,-105
114000263,12,7,5
114000264,967,1116,-149
114000265,0,23,-23
114000267,6,2047,-2041
114000268,14,3048,-3034
114000270,123,4,119
114000271,605,139,466
114000283,888,708,180
114000285,97,567,-470
114000288,70,761,-691
114000289,995,178,817
114000293,138,608,-470
114000294,245,333,-88
114000395,1478,80,1398
114000396,410,571,-161
114000402,406,664,-258
114000403,347,1130,-783
114000405,146,801,-655
114000423,247,787,-540
114000424,304,340,-36
114000425,553,905,-352
114000426,354,1012,-658
114000427,41,130,-89
114000428,316,181,135
114000429,22,284,-262
114000432,109,266,-157
114000434,14,181,-167
114000435,5,226,-221
114000436,8391,2093,6298
114000437,552,1979,-1427
114900001,517,2456,-1939
114900002,638,177,461
114900003,511,3832,-3321
114900004,242,445,-203
114900005,437,1611,-1174
114900006,59,78,-19
114900007,189,29,160
114900008,119,79,40
114900010,3352,2315,1037
114900011,155,192,-37
114900013,179,158,21
114900015,77,409,-332
114900018,1136,72,1064
114900020,305,106,199
114900022,13,1350,-1337
114900024,324,155,169
114900025,358,420,-62
114900026,38,110,-72
114900027,201,383,-182
114900029,23,32,-9
114900030,286,410,-124
114900031,287,46,241
114900032,272,49,223
114900033,2624,536,2088
114900034,80,332,-252
114900035,153,479,-326
114900036,314,1597,-1283
114900037,138,343,-205
114900038,176,1473,-1297
114900039,581,1093,-512
114900040,80,499,-419
114900041,563,974,-411
114900042,781,1211,-430
114900043,1535,515,1020
114900044,133,44,89
114900046,96,198,-102
114900047,349,1723,-1374
114900048,139,452,-313
114900049,15,334,-319
114900050,47,1080,-1033
114900051,25,942,-917
114900052,78,430,-352
114900053,127,366,-239
114900054,61,201,-140
114900057,175,8,167
114900058,0,73,-73
114900059,56,45,11
114900060,1802,782,1020
114900061,181,236,-55
114900062,279,505,-226
114900063,78,429,-351
114900064,1177,934,243
114900065,422,846,-424
114900067,53,571,-518
114900068,115,321,-206
114900069,320,346,-26
114900070,457,1181,-724
114900072,8,456,-448
114900073,1,258,-257
114900074,476,1807,-1331
114900075,233,10,223
114900076,13,539,-526
114900080,5615,630,4985
114900082,5361,2265,3096
114900083,1577,1431,146
114900090,277,253,24
114900091,194,312,-118
114900095,544,203,341
114900096,437,1007,-570
114900097,134,1,133
114900098,9,462,-453
114900099,121,7,114
115000001,12898,8128,4770
115000002,3639,3834,-195
115000003,5890,6537,-647
115000004,3503,5560,-2057
115000005,1966,4267,-2301
115000006,757,1793,-1036
115000007,74,270,-196
115000008,667,668,-1
115000009,175,710,-535
115000010,388,185,203
115000013,83,245,-162
115000015,77,345,-268
115000016,256,367,-111
115000019,40,559,-519
115000020,277,597,-320
115000021,357,535,-178
115000022,793,511,282
115000023,421,664,-243
115000024,1826,729,1097
115000025,1181,863,318
115000026,197,607,-410
115000027,306,423,-117
115000028,283,1153,-870
115000029,567,353,214
115000030,811,1447,-636
115000031,1256,591,665
115000032,14,309,-295
115000033,153,32,121
115000034,233,1506,-1273
115000035,1311,75,1236
115000036,0,611,-611
115000037,519,11,508
115000038,64,302,-238
115000039,4429,3470,959
115000040,10081,5210,4871
115000041,1179,3458,-2279
115000042,776,1110,-334
115000043,3037,3872,-835
115000044,3687,6490,-2803
115000045,2273,3543,-1270
115000046,1841,4217,-2376
115000047,1743,2970,-1227
115000048,1808,4104,-2296
115000049,2019,4344,-2325
115000050,3756,2963,793
115000051,2903,2714,189
115000052,4253,2850,1403
115000053,1705,1987,-282
115000054,1003,2007,-1004
115000055,138,564,-426
115000056,177,334,-157
115000057,373,760,-387
115000058,125,142,-17
115000059,170,180,-10
115000061,244,127,117
115000062,253,515,-262
115000063,289,568,-279
115000064,181,296,-115
115000065,54,372,-318
115000067,359,37,322
115000069,91,374,-283
115000070,42,1209,-1167
115000071,118,15,103
115000072,20,81,-61
115000073,2019,66,1953
115000075,118,85,33
115000076,5467,5355,112
115000077,1769,5732,-3963
115000078,1019,2938,-1919
115000079,1463,3421,-1958
115000080,2176,4259,-2083
115000081,591,1505,-914
115000082,3842,5018,-1176
115000083,2643,4968,-2325
115000084,1908,2100,-192
115000085,785,1590,-805
115000086,950,1662,-712
115000087,824,2324,-1500
115000088,2414,1081,1333
115000089,2069,2279,-210
115000090,1201,1110,91
115000091,622,1968,-1346
115000092,382,444,-62
115000093,522,1,521
115000094,14580,6996,7584
115000095,10979,6645,4334
115000096,804,3860,-3056
115000097,864,1041,-177
115000098,893,1199,-306
115000099,2459,6421,-3962
115000100,947,1058,-111
115000101,457,2288,-1831
115000102,486,298,188
115000103,517,1532,-1015
115000105,69,397,-328
115000106,391,439,-48
115000107,197,963,-766
115000108,6710,3824,2886
115000109,9317,4354,4963
115000110,1710,1440,270
115000111,1019,2341,-1322
115000112,877,979,-102
115000113,978,1313,-335
115000114,2211,1289,922
115000116,5659,2318,3341
115000117,6689,3258,3431
115000118,2284,2477,-193
115000119,2443,2808,-365
115000120,750,1408,-658
115000121,1982,1256,726
115000122,5114,2391,2723
115000123,2727,2513,214
115000124,915,1338,-423
115000125,496,820,-324
115000126,221,339,-118
115000127,473,203,270
115000128,1780,1028,752
115000129,356,307,49
115000130,393,1825,-1432
115000131,690,370,320
115000132,213,983,-770
115000133,489,569,-80
115000134,279,376,-97
115000135,357,447,-90
115000136,170,275,-105
115000137,74,289,-215
115000138,235,338,-103
115000139,292,344,-52
115000140,240,251,-11
115000141,240,558,-318
115000142,173,523,-350
115000143,488,756,-268
115000144,365,114,251
115000145,191,739,-548
115000146,399,396,3
115000147,513,892,-379
115000148,397,2527,-2130
115000149,656,367,289
115000150,914,2184,-1270
115000151,865,747,118
115000152,757,2570,-1813
115000153,963,813,150
115000154,709,521,188
115000155,862,2010,-1148
115000156,1573,857,716
115000157,1522,1448,74
115000158,1148,570,578
115000159,1110,788,322
115000160,1023,1237,-214
115000161,730,828,-98
115000162,824,748,76
115000163,1132,717,415
115000164,862,749,113
115000165,455,481,-26
115000167,162,88,74
115000168,747,356,391
115000169,994,375,619
115000170,164,156,8
115000171,274,154,120
115000172,3276,809,2467
115000173,471,536,-65
115000174,102,321,-219
115000175,184,202,-18
115000176,198,205,-7
115000177,234,249,-15
115000178,19,430,-411
115000179,27,68,-41
115000180,97,1375,-1278
115000181,529,229,300
115000182,714,769,-55
115000183,272,1662,-1390
115000186,645,452,193
115000187,232,1152,-920
115000188,526,875,-349
115000189,301,576,-275
115000190,1473,715,758
115000191,528,639,-111
115000194,249,204,45
115000195,354,425,-71
115000196,122,223,-101
115000197,215,720,-505
115000198,218,468,-250
115000199,285,567,-282
115000200,338,169,169
115000201,157,770,-613
115000206,299,221,78
115000207,94,691,-597
115000208,999,1116,-117
115000209,591,249,342
115000210,168,169,-1
115000211,291,500,-209
115000212,2346,410,1936
115000224,420,108,312
115000225,78,80,-2
115000229,416,252,164
115000230,106,1099,-993
115000231,440,4630,-4190
115000232,1368,592,776
115000233,156,247,-91
115000234,21,364,-343
115000241,70,450,-380
115000242,116,558,-442
115000243,34,439,-405
115000244,7,175,-168
115000246,101,16,85
115000247,22,27,-5
115000248,25,33,-8
115000249,44,31,13
115000250,300,98,202
115000251,227,231,-4
115000252,71,262,-191
115000253,34,400,-366
115000258,269,325,-56
115000259,563,253,310
115000261,22,35,-13
115000262,13,41,-28
115000263,13,49,-36
115000264,34,48,-14
115000267,83,146,-63
115000268,43,223,-180
115000269,159,109,50
115000270,5,41,-36
115000272,66,306,-240
115000273,384,40,344
115000280,3142,226,2916
115000281,964,393,571
115000282,2515,681,1834
115000284,405,132,273
115000296,865,9,856
115000297,334,103,231
115000298,111,275,-164
115000300,222,321,-99
115000302,404,384,20
115000303,741,257,484
115000304,696,142,554
115000305,86,2060,-1974
115000306,174,1171,-997
115000307,71,514,-443
115000308,97,35,62
115000309,20,16,4
115000310,991,1649,-658
115000311,697,2604,-1907
115000313,174,1364,-1190
115000314,398,117,281
115000315,1645,441,1204
115000316,77,112,-35
115000317,171,1159,-988
115000318,832,406,426
115000319,56,454,-398
115000320,11,396,-385
115000321,594,17,577
115000322,47,451,-404
115000449,748,301,447
115000557,8,1079,-1071
115000558,240,101,139
115000587,419,562,-143
115000588,2845,5875,-3030
115000589,3379,3693,-314
115000590,867,2461,-1594
115000591,1217,1130,87
115000592,800,2472,-1672
115000593,1341,994,347
115000594,1100,2425,-1325
115000609,73,171,-98
115000617,3433,2882,551
115000624,187,150,37
115000633,550,2389,-1839
115000634,3729,1255,2474
115000635,459,159,300
115000638,2445,1105,1340
115000641,84,178,-94
115000642,445,416,29
115000643,125,791,-666
115000644,162,556,-394
115000646,1052,1694,-642
115000647,262,789,-527
115000648,1451,2595,-1144
115000893,3853,1931,1922
115000894,116,1620,-1504
115000895,350,1057,-707
115000896,1299,493,806
115000897,616,171,445
115000898,1092,358,734
115000899,1328,1618,-290
115000900,220,554,-334
115000901,96,156,-60
115000912,354,170,184
115000913,0,101,-101
115000915,98,0,98
115000916,5,0,5
115000917,1,23,-22
115000918,139,382,-243
115000919,21,29,-8
115000920,45,74,-29
115000921,2324,194,2130
115000922,1285,885,400
115000923,520,1048,-528
115000925,109,104,5
115000927,45,61,-16
115000933,297,174,123
115000934,143,432,-289
115000935,144,238,-94
115000936,73,414,-341
115000937,943,170,773
115000938,64,232,-168
115000939,110,184,-74
115900001,60,154,-94
115900002,125,379,-254
115900003,141,225,-84
115900004,1,121,-120
115900005,167,17,150
115900006,123,858,-735
115900008,51,28,23
115900009,102,624,-522
115900010,275,380,-105
115900011,308,436,-128
115900012,127,189,-62
115900013,437,357,80
115900014,115,297,-182
115900015,77,212,-135
115900016,93,64,29
115900017,2,6,-4
115900018,232,136,96
115900019,1045,76,969
115900020,20,0,20
115900021,2404,173,2231
115900022,4085,20,4065
115900023,26,4,22
115900025,106,450,-344
115900026,1128,523,605
115900027,1,662,-661
115900028,915,119,796
115900029,20,885,-865
115900030,29,82,-53
115900031,492,345,147
115900032,561,1396,-835
115900033,1,65,-64
115900034,63,1016,-953
115900035,28,89,-61
115900036,463,685,-222
115900037,41,881,-840
115900038,43,20,23
115900039,202,596,-394
115900041,755,558,197
115900042,24,4,20
115900043,98,227,-129
115900044,527,256,271
115900046,247,430,-183
115900047,148,127,21
115900049,143,424,-281
115900051,3,64,-61
115900052,16,368,-352
115900053,193,528,-335
115900054,166,74,92
115900055,20,181,-161
115900056,209,614,-405
115900057,26,10,16
115900058,29,62,-33
115900060,59,274,-215
115900061,133,2,131
115900062,29,476,-447
115900063,31,18,13
115900064,226,397,-171
115900065,101,216,-115
115900066,363,309,54
115900067,23,1571,-1548
115900068,5132,506,4626
115900069,68,304,-236
115900070,175,414,-239
115900071,1,1126,-1125
115900072,89,427,-338
115900073,65,69,-4
115900074,6,648,-642
115900075,39,549,-510
115900076,5,158,-153
115900077,12,602,-590
115900078,49,220,-171
115900079,177,29,148
115900080,956,548,408
115900081,24,124,-100
115900082,224,200,24
115900084,335,24,311
115900085,65,79,-14
115900086,2913,856,2057
115900088,12,67,-55
115900089,288,1111,-823
115900090,254,25,229
115900091,8,54,-46
115900092,60,389,-329
115900093,4,33,-29
115900094,3,611,-608
115900096,4,12,-8
115900097,21,813,-792
115900098,180,1049,-869
115900099,41,109,-68
115900100,12,1075,-1063
115900101,172,858,-686
115900102,83,152,-69
115900103,315,479,-164
115900104,40,271,-231
115900105,163,1375,-1212
115900106,43,54,-11
115900107,60,346,-286
115900108,92,80,12
115900109,67,666,-599
115900110,3,47,-44
115900111,0,115,-115
115900112,64,1978,-1914
115900113,36,48,-12
115900114,7,260,-253
115900115,64,256,-192
115900116,95,1947,-1852
115900117,39,43,-4
115900118,8,496,-488
115900119,215,144,71
115900120,41,867,-826
115900121,152,426,-274
115900124,286,599,-313
115900125,336,53,283
115900126,643,105,538
115900127,580,66,514
115900128,15,106,-91
115900129,740,61,679
115900130,45,244,-199
115900131,240,32,208
115900132,458,21,437
115900134,288,10,278
115900135,761,1176,-415
115900137,34,6,28
115900139,59,72,-13
115900140,173,34,139
115900141,10,61,-51
115900142,7,29,-22
115900143,184,509,-325
115900144,84,403,-319
115900146,9,223,-214
115900147,335,283,52
115900148,9,11,-2
115900149,79,40,39
115900150,35,128,-93
115900151,8,136,-128
115900152,143,736,-593
115900153,104,513,-409
115900154,1324,406,918
115900155,0,181,-181
115900156,616,1136,-520
115900157,127,628,-501
115900158,71,19,52
115900159,135,422,-287
115900160,8,1,7
115900161,57,349,-292
115900163,189,196,-7
115900164,399,68,331
115900165,7,157,-150
115900166,263,534,-271
115900168,88,259,-171
115900171,170,824,-654
115900172,73,193,-120
115900173,222,205,17
115900174,612,240,372
115900175,97,310,-213
115900178,12,1150,-1138
115900179,197,17,180
115900180,62,711,-649
115900181,197,361,-164
115900182,321,473,-152
115900183,70,43,27
115900184,2303,25,2278
115900187,11,135,-124
115900189,1,244,-243
115900190,661,1602,-941
115900191,87,860,-773
115900192,14,92,-78
115900193,112,172,-60
115900194,470,46,424
115900195,861,1502,-641
115900198,316,423,-107
115900199,221,483,-262
115900200,379,598,-219
115900201,405,350,55
115900202,4,14,-10
115900203,5,6,-1
115900204,0,13,-13
115900205,74,15,59
115900206,112,247,-135
115900207,48,36,12
115900208,138,663,-525
115900209,4,210,-206
115900210,3,203,-200
115900211,3,427,-424
115900212,131,422,-291
115900213,88,50,38
115900214,310,500,-190
115900215,41,50,-9
115900216,8,132,-124
115900217,4,104,-100
115900218,2,82,-80
115900219,72,20,52
115900220,87,14,73
115900221,71,20,51
115900222,50,29,21
115900223,19,193,-174
115900224,2831,694,2137
115900225,68,66,2
115900226,15,148,-133
115900227,11,101,-90
115900228,6,84,-78
115900229,4,102,-98
115900230,65,214,-149
115900231,104,3,101
115900232,65,3,62
115900233,58,18,40
115900234,78,35,43
115900235,8,37,-29
115900236,43,22,21
115900237,19,40,-21
115900238,17,27,-10
115900239,18,38,-20
115900240,8,57,-49
115900241,155,146,9
115900242,349,303,46
115900243,39,12,27
115900244,5,37,-32
115900245,52,14,38
115900246,6,7,-1
115900247,23,26,-3
115900248,17,4,13
115900249,7,23,-16
115900250,9,20,-11
115900251,1,7,-6
115900252,2,2,0
115900253,3,22,-19
115900254,9,29,-20
115900255,6,12,-6
115900256,7,12,-5
115900257,0,1,-1
115900258,0,2,-2
115900259,7,0,7
115900260,6,0,6
115900261,6,1,5
115900262,0,0,0
115900263,3,11,-8
115900264,11,7,4
115900265,7,8,-1
115900266,8,19,-11
115900267,9,10,-1
115900268,14,2,12
115900269,377,634,-257
115900270,427,1394,-967
115900271,62,3,59
115900272,29,0,29
115900273,14,8,6
115900274,3,57,-54
115900275,2,66,-64
115900276,0,103,-103
115900277,0,256,-256
115900278,37,242,-205
115900279,28,276,-248
115900280,35,279,-244
115900281,666,198,468
115900282,14,4,10
116000001,22055,7133,14922
116000002,5546,9064,-3518
116000003,1930,2683,-753
116000004,3058,2918,140
116000005,4168,5227,-1059
116000006,2913,1689,1224
116000007,4811,7011,-2200
116000008,3183,2394,789
116000009,2548,3947,-1399
116000010,1706,1414,292
116000011,1123,2959,-1836
116000012,803,832,-29
116000013,25965,6798,19167
116000014,28443,12827,15616
116000015,973,1364,-391
116000016,13878,3928,9950
116000017,50,720,-670
116000018,1150,893,257
116000019,716,443,273
116000020,671,2305,-1634
116000021,437,491,-54
116000022,342,953,-611
116000023,1196,860,336
116000024,791,2158,-1367
116000025,852,754,98
116000026,1854,3400,-1546
116000027,971,876,95
116000028,578,983,-405
116000029,1182,827,355
116000030,802,589,213
116000031,162,279,-117
116000032,506,331,175
116000033,442,919,-477
116000034,793,1405,-612
116000035,547,808,-261
116000036,3099,907,2192
116000037,1030,1126,-96
116000038,1157,666,491
116000039,888,358,530
116000040,2016,388,1628
116000041,338,727,-389
116000042,698,297,401
116000043,93,693,-600
116000044,33,204,-171
116000045,2538,1583,955
116000046,1883,1578,305
116000047,2979,2754,225
116000048,2830,2293,537
116000049,1350,2719,-1369
116000050,1674,1888,-214
116000051,5006,2830,2176
116000052,4754,5548,-794
116000053,2201,1588,613
116000054,1031,3146,-2115
116000055,639,1848,-1209
116000056,951,1719,-768
116000057,4600,2650,1950
116000058,5162,2997,2165
116000059,4457,6489,-2032
116000060,3129,1355,1774
116000061,712,989,-277
116000062,1096,365,731
116000063,754,1412,-658
116000066,252,656,-404
116000067,262,826,-564
116000068,236,336,-100
116000069,409,655,-246
116000078,344,1439,-1095
116000080,1584,1525,59
116000082,12,243,-231
116000083,1222,510,712
116000084,3699,5630,-1931
116000085,2194,1768,426
116000086,3849,1827,2022
116000087,1398,1677,-279
116000088,1344,2517,-1173
116000089,182,254,-72
116000090,179,210,-31
116000091,205,176,29
116000093,738,2626,-1888
116000094,499,1094,-595
116000095,659,2041,-1382
116000096,753,1643,-890
116000097,600,1629,-1029
116000098,495,5441,-4946
116000099,18704,768,17936
116000100,180,16,164
116000101,603,2745,-2142
116000102,279,2465,-2186
116000103,467,372,95
116000104,186,2980,-2794
116000105,1036,282,754
116000106,401,2335,-1934
116000107,1703,689,1014
116000108,243,284,-41
116000111,130,28,102
116000113,101,124,-23
116000114,27,248,-221
116000115,226,141,85
116000116,287,867,-580
116000117,1412,3037,-1625
116000118,1469,2528,-1059
116000119,2682,2615,67
116000120,3399,7460,-4061
116000121,742,677,65
116000122,1718,4050,-2332
116000123,757,775,-18
116000124,429,1857,-1428
116000125,2367,1089,1278
116000126,410,2209,-1799
116000127,1575,2718,-1143
116000128,1632,1301,331
116000129,986,304,682
116000130,426,444,-18
116000133,660,1538,-878
116000134,1943,5161,-3218
116000135,1816,2052,-236
116000136,1148,3980,-2832
116000137,851,913,-62
116000138,1338,668,670
116000139,1804,3119,-1315
116000140,201,334,-133
116000141,556,1753,-1197
116000142,5497,5610,-113
116000143,2121,1924,197
116000144,1393,4411,-3018
116000145,1826,2379,-553
116000146,267,719,-452
116000147,355,154,201
116000148,538,576,-38
116000149,457,907,-450
116000151,675,1631,-956
116000153,126,911,-785
116000155,390,399,-9
116000156,723,3214,-2491
116000157,90,47,43
116000158,590,426,164
116000159,11,27,-16
116000160,31,316,-285
116000161,13,250,-237
116000162,173,154,19
116000163,29,18,11
116000164,24,47,-23
116000177,266,195,71
116000194,144,701,-557
116000195,2584,868,1716
116000196,23,17,6
116000197,19,12,7
116000198,2781,1534,1247
116000200,1262,379,883
116000201,909,1027,-118
116000202,15,623,-608
116000203,7,138,-131
116000204,18,77,-59
116000205,3,207,-204
116000206,1,97,-96
116000207,2,43,-41
116000233,213,1470,-1257
116000287,167,922,-755
116000288,185,456,-271
116000292,50,292,-242
116000296,34,462,-428
116000297,71,8,63
116000304,71,42,29
116000305,25,149,-124
116000346,213,372,-159
116000352,118,87,31
116000354,51,32,19
116000357,28,26,2
116000358,239,52,187
116000361,186,1,185
116000372,14832,4058,10774
116000381,87,2,85
116000388,2,55,-53
116000389,666,911,-245
116000445,377,960,-583
116000446,490,2262,-1772
116000447,17,637,-620
116000448,842,507,335
116000563,1517,1125,392
116000565,177,541,-364
116000568,93,286,-193
116000579,34,195,-161
116000584,22,23,-1
116000585,42,35,7
116000586,398,262,136
116000587,801,1079,-278
116000589,23,121,-98
116000590,76,123,-47
116000591,175,527,-352
116000592,22,233,-211
116000593,1,91,-90
116000594,442,914,-472
116000595,782,260,522
116000596,117,21,96
116000597,257,86,171
116000598,10,284,-274
116000602,71,476,-405
116000605,537,385,152
116000606,66,236,-170
116000607,9,165,-156
116000609,353,929,-576
116000611,142,778,-636
116000612,645,2381,-1736
116000613,537,594,-57
116000614,615,1294,-679
116000615,1,222,-221
116000616,81,253,-172
116000617,109,249,-140
116000618,11,338,-327
116000619,21,55,-34
116000620,100,95,5
116000621,26,169,-143
116000622,33,182,-149
116000624,112,94,18
116000627,16,85,-69
116000628,27,1611,-1584
116000629,21,1261,-1240
116000630,230,247,-17
116000631,69,139,-70
116000632,340,941,-601
116000633,43,1302,-1259
116000634,328,66,262
116000635,3318,2098,1220
116000636,1507,1217,290
116000637,120,8,112
116000638,15,844,-829
116900001,267,211,56
116900002,419,4,415
116900003,13,144,-131
116900004,34,87,-53
116900005,229,107,122
116900006,294,189,105
116900007,115,307,-192
116900008,338,816,-478
116900009,28,5,23
116900010,10,3472,-3462
116900011,16,79,-63
116900012,239,390,-151
116900013,10,410,-400
116900014,58,544,-486
116900015,294,129,165
116900016,139,1,138
116900017,11,1490,-1479
116900018,155,79,76
116900019,12,914,-902
116900020,3049,615,2434
116900023,54,19,35
116900024,411,139,272
116900025,734,1739,-1005
116900026,388,1482,-1094
116900027,42,105,-63
116900028,7,274,-267
116900029,23,43,-20
116900031,0,16,-16
116900032,10,812,-802
116900033,13,10,3
116900034,12,127,-115
116900035,132,429,-297
116900036,0,168,-168
116900038,11,3,8
116900041,34,23,11
116900042,1641,412,1229
116900043,17,188,-171
116900047,177,70,107
116900049,90,560,-470
116900050,110,922,-812
116900051,88,612,-524
116900052,232,114,118
116900055,1,6,-5
116900057,23,576,-553
116900058,37,874,-837
116900059,6,472,-466
116900060,393,419,-26
116900062,1,4,-3
116900064,81,1912,-1831
116900065,10,253,-243
116900067,95,273,-178
116900068,105,517,-412
116900070,5,12,-7
116900072,29,831,-802
116900073,9,416,-407
116900074,9,105,-96
116900076,12,54,-42
116900077,9,449,-440
116900078,413,259,154
116900079,32,817,-785
116900080,15,35,-20
116900081,557,3022,-2465
116900082,339,1263,-924
116900083,93,136,-43
116900084,332,107,225
116900085,27,225,-198
116900086,47,511,-464
116900088,701,151,550
116900090,172,111,61
116900091,248,92,156
116900092,120,1473,-1353
116900093,2247,3122,-875
116900094,8701,3603,5098
116900095,272,263,9
116900096,183,290,-107
116900097,7836,2938,4898
116900098,1087,405,682
116900099,933,902,31
116900100,714,51,663
116900101,359,1002,-643
116900103,3,3,0
116900104,59,131,-72
116900105,326,101,225
116900106,1307,662,645
116900107,7535,2125,5410
116900110,7,1,6
116900111,341,2145,-1804
116900112,198,2363,-2165
116900113,5876,1362,4514
116900116,213,504,-291
116900117,63,200,-137
116900118,1530,988,542
116900120,195,292,-97
116900121,65,102,-37
116900122,626,1767,-1141
116900123,173,1818,-1645
116900124,201,2084,-1883
116900125,293,468,-175
116900126,675,960,-285
116900128,5,84,-79
116900129,6,574,-568
116900130,1871,2938,-1067
116900131,115,258,-143
116900132,37,111,-74
116900133,108,164,-56
116900134,244,320,-76
116900136,195,231,-36
116900137,428,272,156
116900138,125,370,-245
116900139,94,667,-573
116900140,174,255,-81
116900141,715,415,300
116900142,13,76,-63
116900143,361,809,-448
116900144,22,65,-43
116900145,168,685,-517
116900147,977,387,590
116900148,11,42,-31
116900149,32,249,-217
116900150,17,13,4
116900151,100,46,54
116900153,129,108,21
116900154,700,527,173
116900155,127,88,39
116900157,447,554,-107
116900158,153,236,-83
116900159,55,377,-322
116900160,979,432,547
116900161,15242,6498,8744
116900162,36,236,-200
116900163,129,282,-153
116900164,58,76,-18
116900165,207,178,29
116900166,33,209,-176
116900167,489,101,388
116900168,232,162,70
116900169,1157,416,741
116900170,307,479,-172
116900171,48,493,-445
116900172,343,237,106
116900173,199,117,82
116900174,23,28,-5
116900175,334,163,171
116900178,35,335,-300
116900179,100,223,-123
116900180,114,73,41
116900182,480,297,183
116900183,157,147,10
116900185,32,41,-9
116900186,98,608,-510
116900187,30,41,-11
116900188,194,35,159
116900189,67,2,65
116900191,406,700,-294
116900192,232,451,-219
116900194,190,884,-694
116900195,32,18,14
116900196,31,166,-135
116900197,94,6,88
116900198,416,236,180
116900200,47,55,-8
116900201,76,8,68
116900202,171,62,109
116900203,166,9,157
116900204,75,126,-51
116900206,17,65,-48
116900207,41,57,-16
116900208,8,310,-302
116900209,20,262,-242
116900210,450,322,128
116900211,300,19,281
116900212,28,171,-143
116900213,181,370,-189
116900214,142,208,-66
116900215,68,157,-89
116900216,452,493,-41
116900218,16,644,-628
116900219,1171,498,673
116900220,116,300,-184
116900221,82,352,-270
116900222,512,459,53
116900223,153,340,-187
116900226,72,171,-99
116900227,161,199,-38
116900228,296,473,-177
116900230,61,756,-695
116900231,26,922,-896
116900232,23,1185,-1162
116900233,259,125,134
116900234,18,13,5
116900235,170,506,-336
116900238,2262,684,1578
116900239,99,1215,-1116
116900240,12284,3965,8319
116900241,68,333,-265
116900242,615,410,205
116900243,2,200,-198
116900245,48,32,16
116900246,97,7,90
116900247,579,33,546
116900248,86,64,22
116900249,208,231,-23
116900250,262,68,194
116900251,767,398,369
116900252,90,1865,-1775
116900253,138,177,-39
116900254,24,167,-143
116900255,135,67,68
116900256,283,195,88
116900257,25,1244,-1219
116900258,3,581,-578
116900259,146,11,135
116900260,1,223,-222
116900261,60,5,55
116900262,107,177,-70
116900263,0,23,-23
116900264,0,6,-6
116900265,18,0,18
116900266,18,121,-103
116900267,1,4,-3
116900268,38,8,30
116900269,378,819,-441
116900271,2552,157,2395
116900272,647,980,-333
116900273,585,112,473
116900274,152,174,-22
116900275,143,240,-97
116900276,2146,101,2045
116900277,1323,55,1268
116900278,15,31,-16
116900279,0,33,-33
116900280,45,90,-45
116900281,14374,3838,10536
116900282,6,362,-356
116900283,30,332,-302
116900284,14,425,-411
116900285,636,309,327
116900286,340,36,304
116900287,4,188,-184
116900288,50,198,-148
116900289,9,64,-55
116900290,5,93,-88
116900291,9,16,-7
116900292,0,12,-12
116900293,28,172,-144
116900294,42,264,-222
116900295,354,50,304
116900296,108,112,-4
116900297,12,127,-115
116900298,218,73,145
116900299,106,62,44
116900300,7,223,-216
116900301,145,120,25
116900302,115,93,22
116900303,830,99,731
116900304,0,179,-179
116900305,51,91,-40
116900306,77,186,-109
117000001,2204,1977,227
117000002,2900,7156,-4256
117000003,10838,4029,6809
117000004,7075,9642,-2567
117000005,2099,2141,-42
117000006,1759,7152,-5393
117000007,3568,1575,1993
117000008,2036,8640,-6604
117000009,5211,2256,2955
117000010,3986,8643,-4657
117000011,1987,2783,-796
117000012,1621,3065,-1444
117000013,1726,1686,40
117000014,1374,4191,-2817
117000015,4753,1669,3084
117000016,918,59,859
117000017,747,402,345
117000018,352,504,-152
117000019,475,3,472
117000020,1174,1707,-533
117000021,4954,824,4130
117000022,1095,86,1009
117000023,1220,230,990
117000024,1182,181,1001
117000025,2274,861,1413
117000026,6450,1149,5301
117000027,4447,2801,1646
117000028,5814,1588,4226
117000030,1080,1292,-212
117000031,462,357,105
117000032,2656,2157,499
117000033,1942,1403,539
117000034,490,749,-259
117000035,447,312,135
117000036,567,770,-203
117000037,465,302,163
117000038,609,1026,-417
117000039,590,459,131
117000040,187,2562,-2375
117000041,706,208,498
117000044,52,2485,-2433
117000045,443,70,373
117000046,814,1164,-350
117000047,973,663,310
117000048,3657,3191,466
117000049,257,730,-473
117000050,174,4135,-3961
117000051,1979,257,1722
117000052,28,1013,-985
117000053,309,156,153
117000054,1611,19,1592
117000055,40,6591,-6551
117000056,714,74,640
117000057,942,4065,-3123
117000060,591,2710,-2119
117000061,2109,1451,658
117000062,341,881,-540
117000063,2262,1186,1076
117000064,1473,1740,-267
117000066,2249,1518,731
117000067,351,598,-247
117000074,207,324,-117
117000076,150,91,59
117000077,171,205,-34
117000078,171,1279,-1108
117000079,408,316,92
117000080,3,607,-604
117000081,1154,197,957
117000082,41,97,-56
117000083,122,18,104
117000084,500,6,494
117000085,256,893,-637
117000086,1681,1040,641
117000087,145,998,-853
117000088,282,353,-71
117000089,1548,575,973
117000090,499,2680,-2181
117000091,738,508,230
117000092,546,3011,-2465
117000093,1293,1131,162
117000094,1403,5074,-3671
117000095,3319,1284,2035
117000096,893,4985,-4092
117000097,1338,1728,-390
117000098,4470,10261,-5791
117000099,3493,1565,1928
117000100,332,387,-55
117000101,394,2385,-1991
117000102,2066,975,1091
117000103,1307,3796,-2489
117000104,1606,838,768
117000105,1338,3419,-2081
117000106,1451,1258,193
117000107,826,3705,-2879
117000108,1927,1455,472
117000109,3434,5033,-1599
117000110,1749,1288,461
117000111,5766,8672,-2906
117000112,3602,3637,-35
117000113,174,708,-534
117000114,242,346,-104
117000115,136,360,-224
117000116,150,457,-307
117000117,2432,1062,1370
117000118,572,228,344
117000119,505,133,372
117000120,572,349,223
117000121,292,1165,-873
117000122,1025,1635,-610
117000123,3442,56,3386
117000124,1284,77,1207
117000125,973,133,840
117000126,135,80,55
117000127,309,694,-385
117000128,820,1338,-518
117000129,991,270,721
117000130,105,2,103
117000131,3,134,-131
117000132,2211,98,2113
117000133,1073,380,693
117000134,3,110,-107
117000135,12,40,-28
117000136,7,60,-53
117000137,78,96,-18
117000138,4,1189,-1185
117000140,946,3088,-2142
117000141,2185,935,1250
117000181,2172,853,1319
117000182,430,412,18
117000195,397,2424,-2027
117000196,159,107,52
117000225,426,11,415
117000226,12,287,-275
117000276,252,15,237
117000277,5,1234,-1229
117000310,3806,4485,-679
117000315,54,1614,-1560
117000320,110,0,110
117000906,181,24,157
117000907,20,772,-752
117000908,237,31,206
117000909,132,51,81
117000910,187,225,-38
117000911,197,335,-138
117000915,11,1264,-1253
117000916,25,17,8
117000917,1080,43,1037
117000918,68,88,-20
117000919,16,308,-292
117000920,6,2879,-2873
117000921,9,3141,-3132
117000922,87,259,-172
117000924,505,1115,-610
117000926,1854,139,1715
117000927,3021,860,2161
117000928,1,572,-571
117000929,173,1128,-955
117000930,162,23,139
117000931,783,194,589
117900002,336,686,-350
117900003,1321,855,466
117900005,9,71,-62
117900006,1,21,-20
117900007,198,317,-119
117900008,1,73,-72
117900010,487,220,267
117900011,82,19,63
117900012,110,303,-193
117900013,6,711,-705
117900014,765,396,369
117900015,89,466,-377
117900016,2964,783,2181
117900017,820,832,-12
117900018,485,82,403
117900019,492,914,-422
117900020,56,455,-399
117900021,74,167,-93
117900022,50,16,34
117900023,1099,546,553
117900024,117,304,-187
117900025,57,13,44
117900026,406,899,-493
117900028,148,3,145
117900029,308,2014,-1706
117900030,500,334,166
117900031,416,259,157
117900032,715,677,38
117900033,256,1543,-1287
117900034,100,114,-14
117900035,137,84,53
117900036,183,1163,-980
117900037,100,189,-89
117900038,57,758,-701
117900039,14,167,-153
117900040,206,1275,-1069
117900041,8,115,-107
117900042,8154,788,7366
117900043,55,129,-74
117900044,150,4474,-4324
117900045,205,245,-40
117900048,205,493,-288
117900049,154,1310,-1156
117900050,31,107,-76
117900051,74,11,63
117900052,84,406,-322
117900053,1240,1119,121
117900054,1,28,-27
117900055,248,314,-66
117900056,585,72,513
117900057,1061,1740,-679
117900058,277,16,261
117900059,747,153,594
117900060,1655,8929,-7274
117900061,18,372,-354
117900063,379,410,-31
117900065,1018,2025,-1007
117900066,19,72,-53
117900067,458,633,-175
117900069,729,867,-138
117900070,515,19,496
117900071,138,246,-108
117900073,388,950,-562
117900074,374,30,344
117900075,149,144,5
117900076,22,68,-46
117900077,277,239,38
117900078,356,764,-408
117900080,297,101,196
117900081,707,871,-164
117900082,468,470,-2
117900083,439,1435,-996
117900086,214,64,150
117900087,113,111,2
117900088,3965,4122,-157
117900089,1682,608,1074
117900090,504,1815,-1311
117900091,401,233,168
117900092,73,65,8
117900093,62,135,-73
117900094,65,26,39
117900095,512,1074,-562
117900096,75,368,-293
117900097,297,158,139
117900098,22,3,19
117900099,213,874,-661
117900100,150,2,148
117900101,625,1480,-855
117900102,65,101,-36
117900103,39,1,38
117900104,11,285,-274
117900105,147,456,-309
117900106,107,108,-1
117900107,32,0,32
117900109,512,440,72
117900110,48,0,48
117900111,345,13,332
117900112,107,21,86
117900113,9174,3059,6115
117900114,26,1,25
117900115,459,90,369
117900116,1334,1772,-438
117900117,462,597,-135
117900118,30,1,29
117900119,136,610,-474
117900120,117,367,-250
117900121,52,36,16
117900122,2071,2451,-380
117900123,1311,1378,-67
117900124,861,1171,-310
117900125,1879,1630,249
117900126,418,1183,-765
117900127,633,1404,-771
117900128,360,2021,-1661
117900129,48,0,48
117900130,1315,890,425
117900131,3,195,-192
117900132,22,173,-151
117900133,7,243,-236
117900134,136,628,-492
117900135,39,400,-361
117900136,0,105,-105
117900137,75,599,-524
117900138,0,96,-96
117900139,58,296,-238
117900140,8686,653,8033
117900141,574,546,28
117900142,142,34,108
117900144,184,178,6
117900145,60,27,33
117900146,432,151,281
117900147,138,143,-5
117900148,5756,1377,4379
117900149,70,343,-273
117900150,25,208,-183
117900151,70,256,-186
117900152,204,160,44
117900153,34,210,-176
117900154,579,1290,-711
117900156,1354,1819,-465
117900157,113,685,-572
117900158,212,186,26
117900160,537,541,-4
117900161,4249,4934,-685
117900162,387,755,-368
117900163,272,26,246
117900165,1,21,-20
117900166,155,500,-345
117900168,26,227,-201
117900169,1,215,-214
117900170,1,68,-67
117900171,7,34,-27
117900172,27,94,-67
117900173,243,118,125
117900174,31,93,-62
117900175,3,76,-73
117900176,14,119,-105
117900177,22,115,-93
117900178,133,74,59
117900180,460,36,424
117900181,331,344,-13
117900182,2,36,-34
117900183,58,219,-161
117900184,13,62,-49
117900185,24,64,-40
117900186,64,27,37
117900187,19,17,2
117900188,217,37,180
117900189,101,32,69
117900190,11,1,10
117900191,82,2,80
117900192,260,1,259
117900193,25,110,-85
117900194,21,3,18
117900195,22,59,-37
117900196,12,50,-38
117900207,218,143,75
117900208,40,44,-4
117900209,271,280,-9
117900210,191,366,-175
117900211,10,391,-381
117900212,105,291,-186
117900213,24,26,-2
117900214,5,74,-69
117900215,26,76,-50
117900216,81,53,28
117900217,193,202,-9
117900218,345,505,-160
117900219,15,116,-101
117900220,388,160,228
117900222,217,451,-234
117900223,164,354,-190
118000001,1114,839,275
118000002,1498,2701,-1203
118000003,3101,2149,952
118000004,3555,2385,1170
118000005,8008,5177,2831
118000006,9650,11860,-2210
118000007,9916,3569,6347
118000008,6990,4812,2178
118000009,3526,4226,-700
118000010,5376,6019,-643
118000011,1442,4845,-3403
118000012,1494,5166,-3672
118000013,5458,5072,386
118000014,2423,4861,-2438
118000016,302,576,-274
118000017,385,523,-138
118000018,380,723,-343
118000019,2802,1679,1123
118000020,2218,2419,-201
118000021,1032,3111,-2079
118000022,2671,1041,1630
118000023,1379,405,974
118000024,2702,1263,1439
118000027,24593,12495,12098
118000029,1630,926,704
118000032,1980,4234,-2254
118000033,3536,4171,-635
118000034,7319,2755,4564
118000035,1860,2645,-785
118000036,1594,1186,408
118000037,922,1364,-442
118000038,204,171,33
118000039,132,746,-614
118000040,1737,3088,-1351
118000041,2620,2201,419
118000045,853,180,673
118000046,3008,691,2317
118000047,2937,655,2282
118000048,5317,1863,3454
118000051,3328,2577,751
118000052,2529,1172,1357
118000053,1604,2036,-432
118000054,3552,3966,-414
118000055,2916,4168,-1252
118000056,343,766,-423
118000057,395,809,-414
118000058,4896,2397,2499
118000059,3414,1340,2074
118000060,1010,1171,-161
118000061,1015,2507,-1492
118000062,619,559,60
118000063,444,814,-370
118000064,1245,1815,-570
118000065,6124,2749,3375
118000066,1383,1892,-509
118000067,1425,976,449
118000068,2472,5337,-2865
118000069,4710,1814,2896
118000070,10166,2604,7562
118000071,5056,8283,-3227
118000072,3269,1386,1883
118000073,3572,631,2941
118000074,692,880,-188
118000075,931,442,489
118000076,1942,1760,182
118000077,1757,1720,37
118000078,2526,2208,318
118000079,431,559,-128
118000080,1646,1295,351
118000081,2810,1183,1627
118000082,391,1115,-724
118000083,3340,1571,1769
118000084,3613,2213,1400
118000086,325,634,-309
118000087,9544,3876,5668
118000088,2433,2832,-399
118000089,6289,3556,2733
118000090,3358,3785,-427
118000091,2656,3011,-355
118000092,1979,704,1275
118000093,177,1121,-944
118000096,752,823,-71
118000097,898,946,-48
118000098,312,328,-16
118000099,497,1368,-871
118000101,1112,447,665
118000102,380,1920,-1540
118000107,6564,781,5783
118000108,1029,2417,-1388
118000110,0,47,-47
118000111,3,1080,-1077
118000112,342,8,334
118000113,28,1988,-1960
118000114,311,12,299
118000115,21,10,11
118000116,78,1,77
118000117,1640,1556,84
118000118,1233,846,387
118000119,933,1497,-564
118000120,2236,2466,-230
118000121,107,794,-687
118000122,1976,471,1505
118000123,60,380,-320
118000125,2720,1709,1011
118000126,1321,1707,-386
118000127,2954,792,2162
118000128,1012,1809,-797
118000129,1575,469,1106
118000130,4059,6468,-2409
118000131,1050,1681,-631
118000132,2504,1791,713
118000133,1076,693,383
118000135,951,512,439
118000136,144,779,-635
118000137,1197,173,1024
118000138,367,1512,-1145
118000139,380,185,195
118000140,3053,4822,-1769
118000141,2131,2949,-818
118000142,1622,2954,-1332
118000143,1952,1488,464
118000144,2211,1536,675
118000145,1701,3833,-2132
118000146,1298,1730,-432
118000147,876,2582,-1706
118000148,414,2056,-1642
118000149,870,1937,-1067
118000150,455,449,6
118000151,329,629,-300
118000153,1128,1920,-792
118000154,1081,2810,-1729
118000155,1190,2181,-991
118000156,3905,3774,131
118000157,712,659,53
118000158,162,630,-468
118000159,20,110,-90
118000160,535,672,-137
118000161,488,1119,-631
118000162,1168,1306,-138
118000163,723,1045,-322
118000164,3755,2107,1648
118000168,2460,451,2009
118000169,1319,2327,-1008
118000170,5020,9550,-4530
118000171,325,1064,-739
118000172,141,510,-369
118000173,1173,1917,-744
118000175,296,519,-223
118000176,343,652,-309
118000177,258,761,-503
118000178,195,75,120
118000179,2386,1567,819
118000180,1205,1347,-142
118000181,1141,496,645
118000182,359,431,-72
118000183,323,355,-32
118000184,804,1734,-930
118000185,1749,1321,428
118000186,877,1188,-311
118000187,1456,1191,265
118000188,769,412,357
118000189,536,1612,-1076
118000190,18,29,-11
118000191,33,127,-94
118000192,300,481,-181
118000193,200,509,-309
118000194,3118,1568,1550
118000195,1583,811,772
118000196,705,156,549
118000197,418,160,258
118000198,932,695,237
118000199,1258,576,682
118000200,161,489,-328
118000201,661,655,6
118000202,94,85,9
118000203,1602,507,1095
118000204,176,431,-255
118000205,337,450,-113
118000206,292,348,-56
118000207,1,269,-268
118000208,1236,2164,-928
118000209,2298,3044,-746
118000210,67,63,4
118000211,32,47,-15
118000213,1349,1967,-618
118000214,946,748,198
118000215,254,423,-169
118000216,2668,5428,-2760
118000217,31,153,-122
118000218,95,203,-108
118000219,620,704,-84
118000220,7,34,-27
118000221,177,402,-225
118000222,104,45,59
118000223,40,50,-10
118000224,441,135,306
118000225,117,1842,-1725
118000226,1288,281,1007
118000227,1303,563,740
118000228,259,238,21
118000229,343,96,247
118000230,157,491,-334
118000231,93,435,-342
118000232,815,1608,-793
118000233,940,1428,-488
118000234,335,501,-166
118000236,479,789,-310
118000237,93,917,-824
118000238,257,614,-357
118000239,309,534,-225
118000240,1114,234,880
118000241,123,551,-428
118000242,421,1157,-736
118000243,216,378,-162
118000244,56,302,-246
118000246,0,18,-18
118000255,58,376,-318
118000256,117,337,-220
118000259,9,102,-93
118000260,152,227,-75
118000261,73,206,-133
118000263,120,423,-303
118000266,117,661,-544
118000267,0,145,-145
118000268,681,40,641
118000270,61,44,17
118000271,175,504,-329
118000272,120,55,65
118000273,133,159,-26
118000274,152,594,-442
118000276,410,639,-229
118000295,51,157,-106
118000298,277,726,-449
118000299,59,293,-234
118000301,0,133,-133
118000302,78,174,-96
118000311,316,195,121
118000312,294,286,8
118000313,73,465,-392
118000314,84,158,-74
118000315,59,151,-92
118000316,611,995,-384
118000325,54,178,-124
118000326,36,51,-15
118000331,49,126,-77
118000332,29,113,-84
118000333,47,148,-101
118000335,207,1,206
118000336,1,678,-677
118000407,125,88,37
118000457,13,30,-17
118000465,4609,4524,85
118000480,49,262,-213
118000489,84,323,-239
118000490,105,721,-616
118000492,208,356,-148
118000510,110,23,87
118000514,242,733,-491
118000515,1039,684,355
118000517,647,419,228
118000524,1061,311,750
118000525,1048,1198,-150
118000530,18,194,-176
118000531,268,373,-105
118000532,222,503,-281
118000533,479,221,258
118000534,616,617,-1
118000535,230,210,20
118000536,1535,1864,-329
118000537,44,197,-153
118000538,21,229,-208
118000539,87,197,-110
118000540,438,436,2
118000541,310,166,144
118000542,149,338,-189
118000543,402,354,48
118000546,56,59,-3
118000560,5103,1702,3401
118000562,51,837,-786
118000563,2998,1948,1050
118000576,157,358,-201
118000577,231,187,44
118000578,136,173,-37
118000579,1147,1515,-368
118000595,146,149,-3
118000596,0,117,-117
118000597,102,167,-65
118000598,25,0,25
118000599,39,78,-39
118000600,0,82,-82
118000601,25,2,23
118000602,1,63,-62
118000603,1,62,-61
118900001,2044,1583,461
118900002,1747,1034,713
118900003,242,26,216
118900004,82,164,-82
118900005,65,6,59
118900006,121,7,114
118900007,20,7,13
118900008,1745,66,1679
118900009,31,32,-1
118900010,60,3,57
118900011,213,50,163
118900012,499,366,133
118900013,1116,99,1017
118900015,266,95,171
118900016,5,38,-33
118900017,246,379,-133
118900018,1957,25,1932
118900019,74,18,56
118900020,196,151,45
118900021,212,596,-384
118900022,209,153,56
118900023,177,187,-10
118900024,100,329,-229
118900025,72,43,29
118900026,63,142,-79
118900027,811,453,358
118900028,150,305,-155
118900029,210,841,-631
118900030,292,119,173
118900031,166,253,-87
118900032,217,348,-131
118900033,612,1194,-582
118900034,132,17,115
118900035,187,459,-272
118900036,1064,1195,-131
118900037,631,506,125
118900038,414,556,-142
118900039,452,454,-2
118900040,232,313,-81
118900041,403,307,96
118900042,170,180,-10
118900045,317,231,86
118900046,1168,297,871
118900047,1221,387,834
118900048,349,206,143
118900049,121,62,59
118900050,11,239,-228
118900051,111,85,26
118900052,429,441,-12
118900053,29,145,-116
118900054,125,145,-20
118900055,34,166,-132
118900056,47,351,-304
118900057,612,427,185
118900058,419,737,-318
118900059,35,123,-88
118900060,72,181,-109
118900062,116,306,-190
118900064,938,825,113
118900065,61,274,-213
118900066,85,213,-128
118900067,7993,3363,4630
118900068,8,425,-417
118900069,365,480,-115
118900071,3,95,-92
118900072,558,630,-72
118900073,80,173,-93
118900074,100,289,-189
118900075,58,148,-90
118900076,326,151,175
118900077,246,360,-114
118900078,38,13,25
118900079,73,296,-223
118900080,15,168,-153
118900081,57,37,20
118900082,707,292,415
118900083,34,21,13
118900084,15,44,-29
118900085,664,1428,-764
118900086,35,107,-72
118900087,107,304,-197
118900088,0,23,-23
118900089,40,21,19
118900090,497,635,-138
118900091,262,239,23
118900092,64,166,-102
118900093,176,10,166
118900096,62,40,22
118900097,234,1204,-970
118900099,70,958,-888
118900100,197,441,-244
118900101,108,1093,-985
118900102,32,110,-78
118900103,101,83,18
118900104,163,335,-172
118900105,273,193,80
118900107,314,130,184
118900108,78,183,-105
118900110,2919,882,2037
118900111,428,1149,-721
118900112,70,220,-150
118900113,122,1320,-1198
118900114,27,222,-195
118900115,161,747,-586
118900116,157,261,-104
118900117,90,231,-141
118900118,263,703,-440
118900119,128,436,-308
118900120,98,428,-330
118900121,16,501,-485
118900122,12,937,-925
118900123,216,336,-120
118900124,115,268,-153
118900126,39,419,-380
118900129,531,279,252
118900130,47,190,-143
118900131,154,496,-342
118900132,555,305,250
118900133,33,144,-111
118900135,230,357,-127
118900136,226,1180,-954
118900137,7,34,-27
118900139,219,1202,-983
118900140,465,1130,-665
118900141,73,523,-450
118900144,195,915,-720
118900145,51,325,-274
118900146,327,1425,-1098
118900147,284,98,186
118900148,53,145,-92
118900150,155,739,-584
118900152,505,1378,-873
118900157,166,273,-107
118900158,77,182,-105
118900159,4,439,-435
118900161,176,17,159
118900163,496,152,344
118900164,7,161,-154
118900165,52,420,-368
118900166,75,12,63
118900167,67,265,-198
118900168,5,140,-135
118900169,109,808,-699
118900170,98,275,-177
118900171,26,32,-6
118900174,77,125,-48
118900175,363,599,-236
118900176,122,282,-160
118900177,57,106,-49
118900178,53,198,-145
118900179,8,46,-38
118900181,102,208,-106
118900182,170,57,113
118900183,9,138,-129
118900184,292,111,181
118900185,111,216,-105
118900186,115,123,-8
118900187,254,576,-322
118900188,264,454,-190
118900189,47,839,-792
118900190,16,1198,-1182
118900191,165,105,60
118900192,209,55,154
118900193,349,26,323
118900195,558,1842,-1284
118900196,48,289,-241
118900197,147,183,-36
118900198,8,57,-49
118900199,45,87,-42
118900200,14,18,-4
118900201,28,12,16
118900202,8,89,-81
118900203,8,95,-87
118900204,8,51,-43
118900205,18,30,-12
118900206,1,51,-50
119000001,1607,2419,-812
119000002,3380,5827,-2447
119000003,2194,2528,-334
119000004,2519,2345,174
119000005,2444,3054,-610
119000006,2291,2171,120
119000007,3790,4295,-505
119000008,1934,3105,-1171
119000009,4186,4031,155
119000010,11069,4867,6202
119000011,8394,3592,4802
119000012,6703,4648,2055
119000013,2817,1795,1022
119000014,3373,5006,-1633
119000019,310,350,-40
119000020,1474,1947,-473
119000021,3907,3104,803
119000022,5939,2855,3084
119000023,352,376,-24
119000024,2901,9638,-6737
119000025,19060,1939,17121
119000026,360,420,-60
119000027,861,580,281
119000028,3296,2034,1262
119000029,202,442,-240
119000030,660,2063,-1403
119000031,865,992,-127
119000032,3119,4047,-928
119000033,2420,2999,-579
119000034,1061,1509,-448
119000035,44,636,-592
119000036,1239,2075,-836
119000037,1137,3332,-2195
119000038,182,1979,-1797
119000039,262,529,-267
119000040,1700,698,1002
119000041,1558,1666,-108
119000048,4587,6164,-1577
119000049,1513,5809,-4296
119000050,2257,4417,-2160
119000051,2491,1482,1009
119000052,3331,5137,-1806
119000053,2337,1890,447
119000054,3497,6569,-3072
119000055,3625,5994,-2369
119000056,2339,3395,-1056
119000057,1901,4470,-2569
119000058,2494,3698,-1204
119000059,1314,3178,-1864
119000060,1323,1181,142
119000061,1163,1453,-290
119000062,1168,1770,-602
119000063,483,364,119
119000064,1865,2433,-568
119000065,2293,4377,-2084
119000066,1962,1355,607
119000067,2376,4582,-2206
119000068,1525,1512,13
119000069,1853,4930,-3077
119000070,2124,1690,434
119000071,737,1729,-992
119000072,10822,5896,4926
119000073,6896,7525,-629
119000074,1298,6902,-5604
119000075,1400,3413,-2013
119000076,569,1505,-936
119000077,714,841,-127
119000078,428,420,8
119000079,125,1155,-1030
119000080,315,429,-114
119000081,282,558,-276
119000082,934,415,519
119000083,567,478,89
119000084,381,969,-588
119000085,944,529,415
119000086,302,586,-284
119000087,2564,1672,892
119000088,303,326,-23
119000089,78,228,-150
119000090,195,309,-114
119000091,192,461,-269
119000092,889,378,511
119000093,6901,6277,624
119000094,2500,8569,-6069
119000095,1779,5453,-3674
119000097,3408,2763,645
119000098,765,2211,-1446
119000099,3383,3355,28
119000100,3305,3021,284
119000101,3641,3395,246
119000102,998,1095,-97
119000103,1849,743,1106
119000104,5833,2663,3170
119000105,1120,1793,-673
119000106,338,3717,-3379
119000107,713,821,-108
119000108,348,2240,-1892
119000109,132,399,-267
119000110,537,614,-77
119000111,67,683,-616
119000112,190,177,13
119000113,3148,487,2661
119000114,1347,1168,179
119000115,227,256,-29
119000116,142,174,-32
119000117,183,520,-337
119000118,7,9,-2
119000123,5293,1262,4031
119000124,582,408,174
119000125,2517,1848,669
119000126,338,1603,-1265
119000127,472,1699,-1227
119000128,33,13,20
119000131,858,1833,-975
119000132,4,6,-2
119000133,0,15,-15
119000134,4397,887,3510
119000135,130,322,-192
119000136,175,509,-334
119000137,223,917,-694
119000138,297,808,-511
119000139,295,553,-258
119000140,241,464,-223
119000284,1947,4465,-2518
119000285,3436,3589,-153
119000286,10113,7706,2407
119000287,1699,3434,-1735
119000288,2445,2620,-175
119000289,3501,6398,-2897
119000290,255,1059,-804
119000291,6,660,-654
119000293,98,285,-187
119000294,38,45,-7
119000295,3720,904,2816
119000296,150,172,-22
119000302,5900,1909,3991
119000303,51,466,-415
119000314,2033,8874,-6841
119000315,7,1147,-1140
119000316,94,284,-190
119000317,75,973,-898
119900001,320,1246,-926
119900002,109,439,-330
119900003,105,2260,-2155
119900004,579,864,-285
119900005,135,317,-182
119900006,280,519,-239
119900007,1149,180,969
119900008,61,42,19
119900009,562,727,-165
119900010,1174,1598,-424
119900011,26,87,-61
119900012,31,106,-75
119900013,2128,1006,1122
119900014,595,371,224
119900015,77,36,41
119900016,64,209,-145
119900017,32,80,-48
119900018,2535,626,1909
119900019,57,12,45
119900020,145,222,-77
119900021,164,150,14
119900022,281,524,-243
119900023,1525,992,533
119900025,120,48,72
119900026,1737,199,1538
119900027,33,50,-17
119900028,190,78,112
119900029,0,11,-11
119900030,738,798,-60
119900031,35,273,-238
119900033,2640,446,2194
119900034,335,314,21
119900037,125,102,23
119900038,47,348,-301
119900039,85,7,78
119900040,109,13,96
119900041,81,111,-30
119900042,92,291,-199
119900043,65,400,-335
119900044,313,708,-395
119900046,77,153,-76
119900047,282,80,202
119900048,33,77,-44
119900049,98,21,77
119900050,134,128,6
119900051,556,12,544
119900052,58,104,-46
119900053,158,413,-255
119900054,86,4,82
119900055,1206,484,722
119900057,173,178,-5
119900058,199,7,192
119900059,182,75,107
119900060,198,17,181
119900062,71,54,17
119900063,21,74,-53
119900064,388,93,295
119900065,225,11,214
119900066,5,1,4
119900067,70,50,20
119900068,354,0,354
119900069,85,53,32
119900070,696,28,668
119900071,547,30,517
119900073,2908,780,2128
119900074,72,49,23
119900075,10442,3295,7147
119900076,384,910,-526
119900077,617,2349,-1732
119900078,553,1620,-1067
119900079,222,651,-429
119900080,1310,2166,-856
119900081,111,107,4
119900082,822,190,632
119900083,480,141,339
119900084,1085,461,624
119900085,267,154,113
119900087,759,462,297
119900088,76,99,-23
119900089,32,1054,-1022
119900090,270,120,150
119900091,38,2494,-2456
119900092,36,801,-765
119900093,1442,261,1181
119900094,60,380,-320
119900095,230,201,29
119900096,73,131,-58
119900097,876,300,576
119900098,59,150,-91
119900099,52,538,-486
119900100,4877,2829,2048
119900101,275,1662,-1387
119900102,48,665,-617
119900103,31,1034,-1003
119900104,46,547,-501
119900105,922,2179,-1257
119900106,19,421,-402
119900107,649,7144,-6495
119900108,3413,1097,2316
119900109,30,636,-606
119900110,674,1314,-640
119900111,126,703,-577
119900112,5582,962,4620
119900113,92,806,-714
119900114,298,3200,-2902
119900115,265,2260,-1995
119900116,233,647,-414
119900117,281,1755,-1474
119900118,64,2439,-2375
119900119,254,447,-193
119900120,954,1323,-369
119900121,338,2639,-2301
119900122,574,733,-159
119900123,337,497,-160
119900124,232,2088,-1856
119900125,88,759,-671
119900126,9100,458,8642
119900127,5282,1738,3544
119900128,432,1474,-1042
119900129,205,1779,-1574
119900130,73,581,-508
119900131,45,574,-529
119900132,9,818,-809
119900133,92,75,17
119900134,4209,442,3767
119900135,3,1178,-1175
119900136,250,984,-734
119900138,705,1260,-555
119900139,24,163,-139
119900140,2,245,-243
119900141,265,726,-461
119900142,20,33,-13
119900143,14,296,-282
119900144,3839,494,3345
119900145,104,499,-395
119900146,252,277,-25
119900147,25,234,-209
119900148,143,116,27
119900149,3223,3260,-37
119900150,192,415,-223
119900151,2527,1253,1274
119900152,131,912,-781
119900153,162,109,53
119900154,9,676,-667
119900155,23,70,-47
119900156,9,4,5
119900157,83,487,-404
119900158,160,98,62
119900159,15,3252,-3237
119900160,37,606,-569
119900161,244,617,-373
119900162,880,1310,-430
119900163,211,263,-52
119900164,2,0,2
119900165,122,547,-425
119900166,99,52,47
119900167,226,321,-95
119900168,768,653,115
119900169,282,487,-205
119900170,263,284,-21
119900171,964,872,92
119900172,170,45,125
119900173,14,987,-973
119900174,18,611,-593
119900175,1095,1080,15
119900177,47,418,-371
119900178,28,444,-416
119900179,127,355,-228
119900180,1033,1072,-39
119900181,75,93,-18
119900182,13,1279,-1266
119900183,142,1320,-1178
119900184,5879,935,4944
119900185,43,135,-92
119900186,164,661,-497
119900187,26,1295,-1269
119900188,64,369,-305
119900189,643,471,172
119900190,57,222,-165
119900191,422,318,104
119900192,60,330,-270
119900193,333,313,20
119900194,30,73,-43
119900195,48,513,-465
119900196,3686,866,2820
119900197,192,144,48
119900198,199,686,-487
119900199,199,45,154
119900200,652,830,-178
119900201,657,401,256
119900202,369,216,153
119900203,226,502,-276
119900204,272,559,-287
119900205,506,1177,-671
119900206,103,241,-138
119900208,227,237,-10
119900209,534,1223,-689
119900210,48,97,-49
119900211,146,25,121
119900212,126,467,-341
119900213,5,68,-63
119900214,18,149,-131
119900215,40,117,-77
119900216,18,170,-152
119900217,14,118,-104
119900218,27,124,-97
119900219,4,296,-292
119900220,6,267,-261
119900221,35,885,-850
119900222,12,474,-462
119900223,27,214,-187
119900224,17,77,-60
119900225,2210,85,2125
119900226,1573,2144,-571
119900227,2096,743,1353
119900228,77,552,-475
119900229,464,959,-495
119900230,2299,1078,1221
119900231,211,309,-98
119900232,290,154,136
119900233,74,13,61
119900234,38,166,-128
119900235,48,68,-20
119900236,29,431,-402
119900237,86,1338,-1252
119900238,4,158,-154
119900240,98,252,-154
119900241,221,437,-216
119900242,3593,2552,1041
119900244,1333,1643,-310
119900245,134,249,-115
119900246,368,662,-294
119900247,51,103,-52
119900248,87,174,-87
119900249,247,160,87
119900253,7477,656,6821
119900254,115,481,-366
119900255,88,815,-727
119900256,414,2456,-2042
119900257,58,11,47
119900258,129,162,-33
119900259,13,482,-469
119900260,124,7,117
119900261,372,356,16
119900262,4,588,-584
119900263,1347,653,694
119900264,75,562,-487
119900265,381,603,-222
119900266,248,704,-456
119900267,315,755,-440
119900268,179,393,-214
119900269,893,2535,-1642
119900271,36,197,-161
119900272,287,111,176
119900275,139,17,122
119900276,35,3,32
119900277,10,8,2
119900278,569,116,453
119900279,156,409,-253
119900280,1705,383,1322
119900281,13,163,-150
119900282,88,74,14
119900283,7,770,-763
119900284,80,257,-177
119900285,52,103,-51
119900286,16,37,-21
119900288,6,102,-96
119900289,0,79,-79
119900290,3,82,-79
119900291,1,72,-71
119900292,33,27,6
119900293,25,5,20
119900294,28,1,27
119900295,2,1,1
119900296,96,82,14
119900299,77,538,-461
119900300,321,476,-155
119900301,174,147,27
119900302,145,163,-18
119900303,284,459,-175
119900304,164,52,112
119900305,23,202,-179
119900306,38,2,36
119900307,65,355,-290
119900308,2,32,-30
119900309,48,100,-52
119900310,416,592,-176
119900311,54,340,-286
119900312,99,231,-132
119900313,274,691,-417
119900314,115,444,-329
119900315,1358,5485,-4127
119900318,9,32,-23
119900319,20,652,-632
119900320,189,1240,-1051
119900321,88,7,81
119900322,96,97,-1
119900323,3,243,-240
119900324,0,95,-95
119900325,5,718,-713
119900326,265,90,175
120000001,13411,16502,-3091
120000002,2752,5103,-2351
120000003,4626,3153,1473
120000004,3551,3872,-321
120000005,6408,3143,3265
120000006,1513,1969,-456
120000007,5101,3702,1399
120000008,1396,2185,-789
120000009,7605,1411,6194
120000010,2397,5361,-2964
120000011,1906,4005,-2099
120000012,1891,5376,-3485
120000013,3267,4574,-1307
120000014,820,2757,-1937
120000015,3488,2446,1042
120000016,4272,4493,-221
120000017,3732,3889,-157
120000018,8692,13278,-4586
120000019,1052,2010,-958
120000020,5185,4368,817
120000021,2660,2939,-279
120000022,3572,5160,-1588
120000023,1040,2719,-1679
120000024,1811,3741,-1930
120000025,2711,3385,-674
120000026,1279,2701,-1422
120000027,1708,2687,-979
120000028,1263,923,340
120000029,4400,1046,3354
120000030,389,1176,-787
120000031,2577,10258,-7681
120000032,16764,5625,11139
120000033,4941,3379,1562
120000034,1771,4133,-2362
120000035,2393,4444,-2051
120000036,3809,7563,-3754
120000037,864,1956,-1092
120000038,17592,5502,12090
120000039,613,1664,-1051
120000040,118,333,-215
120000041,1217,3025,-1808
120000042,1988,6789,-4801
120000043,5741,5249,492
120000044,4539,2164,2375
120000045,4670,1599,3071
120000046,2543,2771,-228
120000047,3669,5173,-1504
120000048,14444,5971,8473
120000049,4364,4823,-459
120000050,4555,8721,-4166
120000051,5693,7918,-2225
120000052,23967,4657,19310
120000053,1404,7591,-6187
120000054,1988,11545,-9557
120000055,2114,10021,-7907
120000056,3980,9497,-5517
120000057,2217,1313,904
120000058,1767,433,1334
120000059,111,1375,-1264
120000061,156,1199,-1043
120000062,240,523,-283
120000063,2661,5529,-2868
120000064,301,3006,-2705
120000065,833,3660,-2827
120000066,247,890,-643
120000067,74,1048,-974
120000068,208,2061,-1853
120000069,779,2782,-2003
120000070,68,1709,-1641
120000071,266,322,-56
120000072,520,739,-219
120000073,584,181,403
120000074,100,132,-32
120000075,653,412,241
120000076,1559,625,934
120000077,1464,841,623
120000078,3694,1254,2440
120000079,218,155,63
120000080,107,237,-130
120000081,251,166,85
120000082,150,202,-52
120000083,76,427,-351
120000084,638,1080,-442
120000085,377,751,-374
120000086,400,1236,-836
120000087,213,2366,-2153
120000088,978,2599,-1621
120000089,1307,1264,43
120000090,689,960,-271
120000091,968,1693,-725
120000092,1635,996,639
120000093,497,958,-461
120000094,149,799,-650
120000095,1203,1319,-116
120000096,297,2151,-1854
120000098,934,1872,-938
120000099,407,1224,-817
120000100,930,1438,-508
120000101,628,818,-190
120000102,539,906,-367
120000103,1146,830,316
120000104,1645,539,1106
120000105,2409,621,1788
120000106,1962,656,1306
120000107,3039,737,2302
120000108,881,154,727
120000109,974,106,868
120000110,148,1923,-1775
120000111,219,2682,-2463
120000112,1113,7614,-6501
120000113,809,6034,-5225
120000114,1261,6131,-4870
120000115,510,4921,-4411
120000116,897,4092,-3195
120000117,2292,3062,-770
120000118,55,67,-12
120000119,78,153,-75
120000120,115,81,34
120000121,61,115,-54
120000122,473,468,5
120000123,11093,5116,5977
120000124,504,948,-444
120000125,580,1068,-488
120000126,414,1312,-898
120000127,3175,1460,1715
120000128,5611,4610,1001
120000129,482,545,-63
120000130,1070,1550,-480
120000131,319,769,-450
120000134,534,2798,-2264
120000135,377,530,-153
120000137,230,4330,-4100
120000138,621,1039,-418
120000139,242,2148,-1906
120000140,526,1313,-787
120000141,331,1121,-790
120000142,439,1125,-686
120000143,4,249,-245
120000144,109,1,108
120000145,301,2,299
120000146,3838,1402,2436
120000149,785,1775,-990
120000150,8156,11661,-3505
120000151,419,983,-564
120000152,417,507,-90
120000153,278,1823,-1545
120000154,645,749,-104
120000155,119,444,-325
120000156,3237,1056,2181
120000157,1071,1277,-206
120000158,848,1898,-1050
120000159,2473,3796,-1323
120000160,2768,2130,638
120000161,1693,4199,-2506
120000162,138,399,-261
120000163,510,3014,-2504
120000164,476,964,-488
120000165,428,1786,-1358
120000166,1020,1132,-112
120000167,77,97,-20
120000168,18,387,-369
120000169,119,847,-728
120000170,227,445,-218
120000171,74,111,-37
120000172,58,64,-6
120000173,3530,321,3209
120000174,752,13,739
120000175,870,19,851
120000176,627,62,565
120000177,1873,410,1463
120000178,184,13,171
120000179,548,79,469
120000180,821,159,662
120000181,153,529,-376
120000182,123,205,-82
120000183,22,246,-224
120000184,165,1217,-1052
120000186,78,137,-59
120000187,132,61,71
120000188,402,94,308
120000190,1875,22,1853
120000191,2790,28,2762
120000192,3046,31,3015
120000193,870,6,864
120000195,107,7,100
120000196,491,80,411
120000197,163,279,-116
120000198,226,236,-10
120000199,84,2,82
120000200,133,2,131
120000201,11,49,-38
120000202,1,123,-122
120000203,59,719,-660
120000207,6,217,-211
120000208,28,657,-629
120000209,4,177,-173
120000210,287,219,68
120000211,87,1,86
120000212,104,1,103
120000213,118,757,-639
120000214,6,812,-806
120000215,10,366,-356
120000216,72,13,59
120000217,1601,2337,-736
120000218,346,1909,-1563
120000219,18,1305,-1287
120000220,28,4471,-4443
120000225,1016,2,1014
120000226,194,0,194
120000227,664,32,632
120000228,10420,3540,6880
120000230,341,17,324
120000231,1074,4571,-3497
120000233,277,138,139
120000235,184,1372,-1188
120000236,780,3,777
120000237,5,4203,-4198
120000238,12,251,-239
120000241,1765,5909,-4144
120000412,3105,180,2925
120000413,258,810,-552
120000414,83,4,79
120000415,6,345,-339
120000416,73,15,58
120000417,3,187,-184
120000418,133,32,101
120000419,14,1040,-1026
120000420,119,106,13
120000421,24086,9212,14874
120000422,369,709,-340
120000423,6,78,-72
120000424,104,270,-166
120000436,183,563,-380
120000437,310,371,-61
120000438,8721,631,8090
120000439,204,508,-304
120000443,147,1,146
120000444,973,1352,-379
120000445,2412,2200,212
120000446,1752,485,1267
120000447,117,17,100
120000449,82,26,56
120000450,5,687,-682
120000451,153,483,-330
120000452,91,6,85
120000453,2,569,-567
120000454,170,60,110
120000455,143,116,27
120000456,5067,4507,560
120000457,3250,1662,1588
120000458,780,1377,-597
120000459,87,175,-88
120000665,1561,208,1353
120000668,165,444,-279
120000669,98,770,-672
120000670,295,738,-443
120000671,1145,351,794
120000672,139,833,-694
120900001,84,76,8
120900002,758,632,126
120900003,290,57,233
120900004,28,130,-102
120900005,47,2949,-2902
120900006,318,258,60
120900007,142,297,-155
120900008,221,2147,-1926
120900009,363,49,314
120900010,365,137,228
120900011,730,238,492
120900012,2324,1457,867
120900013,337,81,256
120900014,8,1734,-1726
120900015,492,108,384
120900016,696,75,621
120900017,5042,155,4887
120900018,96,994,-898
120900019,709,236,473
120900020,1389,1310,79
120900021,651,183,468
120900022,47,911,-864
120900023,188,58,130
120900024,2181,626,1555
120900025,2827,1744,1083
120900026,173,492,-319
120900027,875,110,765
120900028,351,88,263
120900029,236,381,-145
120900030,1092,692,400
120900031,196,110,86
120900032,677,305,372
120900033,1078,102,976
120900034,65,2954,-2889
120900035,111,462,-351
120900037,220,13,207
120900038,67,218,-151
120900039,86,36,50
120900040,205,4,201
120900041,221,61,160
120900042,314,139,175
120900043,51,31,20
120900044,20,797,-777
120900045,226,437,-211
120900046,344,8,336
120900047,235,89,146
120900048,81,32,49
120900049,343,0,343
120900050,7190,1915,5275
120900051,312,160,152
120900052,489,9,480
120900053,207,157,50
120900054,2131,1711,420
120900055,285,0,285
120900056,516,12,504
120900057,128,21,107
120900058,442,2,440
120900059,70,3,67
120900060,43,81,-38
120900061,383,972,-589
120900062,195,0,195
120900063,481,10,471
120900064,391,2,389
120900065,389,8,381
120900066,211,551,-340
120900067,212,43,169
120900068,242,2,240
120900069,159,137,22
120900071,25,1,24
120900072,530,5,525
120900073,346,547,-201
120900074,713,15,698
120900076,248,1,247
120900077,8017,511,7506
120900078,682,1439,-757
120900079,630,158,472
120900080,509,4241,-3732
120900081,718,2060,-1342
120900082,1060,449,611
120900083,60,5,55
120900084,257,451,-194
120900085,267,217,50
120900086,396,337,59
120900087,453,201,252
120900088,353,460,-107
120900089,8190,2448,5742
120900090,151,391,-240
120900091,678,617,61
120900092,1631,1313,318
120900093,6921,435,6486
120900094,682,511,171
120900095,428,38,390
120900096,52,340,-288
120900097,877,1957,-1080
120900098,369,323,46
120900099,95,129,-34
120900100,102,661,-559
120900101,963,578,385
120900102,22,188,-166
120900103,47,266,-219
120900104,28,89,-61
120900105,84,1444,-1360
120900106,1948,1121,827
120900107,502,264,238
120900108,9,1672,-1663
120900109,50,1391,-1341
120900110,17,1083,-1066
120900111,203,799,-596
120900112,15,2729,-2714
120900113,36,1645,-1609
120900114,51,317,-266
120900115,220,286,-66
120900116,235,1409,-1174
120900117,2,1086,-1084
120900118,18,1682,-1664
120900119,4785,5820,-1035
120900120,72,1310,-1238
120900121,119,802,-683
120900122,361,1576,-1215
120900123,13,1110,-1097
120900124,4,1406,-1402
120900125,6,2358,-2352
120900126,2477,1485,992
120900127,12,1268,-1256
120900128,1419,1897,-478
120900129,98,667,-569
120900130,14,787,-773
120900131,33,199,-166
120900132,815,926,-111
120900133,340,2124,-1784
120900134,861,710,151
120900135,9,1273,-1264
120900136,41,125,-84
120900137,180,214,-34
120900138,18,408,-390
120900139,10,1618,-1608
120900140,6,118,-112
120900141,180,250,-70
120900142,38,1800,-1762
120900143,6,1916,-1910
120900144,0,460,-460
120900145,93,1591,-1498
120900146,13,2104,-2091
120900147,3,747,-744
120900148,141,255,-114
120900149,1,813,-812
120900150,31,1230,-1199
120900151,7,1379,-1372
120900152,20,92,-72
120900153,22,105,-83
120900154,5,749,-744
120900155,147,2217,-2070
120900156,48,616,-568
120900157,43,359,-316
120900158,53,1036,-983
120900159,112,412,-300
120900160,42,609,-567
120900161,18,926,-908
120900162,30,1093,-1063
120900163,18,283,-265
120900164,1,1,0
120900165,0,16,-16
120900166,129,358,-229
120900167,686,287,399
120900169,76,1157,-1081
120900170,5598,2534,3064
120900171,2061,808,1253
120900172,1457,390,1067
120900173,27,127,-100
120900174,14,204,-190
120900175,429,570,-141
120900176,14,374,-360
120900177,2,989,-987
120900178,4,467,-463
120900179,1442,830,612
120900180,196,145,51
120900181,110,82,28
120900182,17,776,-759
120900183,380,199,181
120900184,155,220,-65
120900185,6,667,-661
120900186,3,988,-985
120900187,462,1461,-999
120900188,161,27,134
120900189,481,895,-414
120900190,44,36,8
120900191,0,43,-43
120900192,22624,4507,18117
120900194,34,176,-142
120900195,159,413,-254
120900196,654,54,600
120900197,475,131,344
120900198,363,1179,-816
120900199,517,2882,-2365
120900200,187,296,-109
120900201,937,259,678
120900202,1,448,-447
120900203,42,102,-60
120900204,277,849,-572
120900205,93,193,-100
120900206,18,40,-22
120900207,4,175,-171
121000001,1252,1873,-621
121000002,3605,2312,1293
121000003,5995,2990,3005
121000004,3880,6831,-2951
121000005,2711,4057,-1346
121000006,4821,2214,2607
121000007,4265,4442,-177
121000008,9423,4638,4785
121000009,9004,10093,-1089
121000010,13681,8584,5097
121000011,14216,23978,-9762
121000012,23384,17838,5546
121000013,8112,13789,-5677
121000014,10016,11340,-1324
121000015,8307,10191,-1884
121000016,6848,6259,589
121000017,2836,5744,-2908
121000018,3160,3031,129
121000019,30317,15760,14557
121000020,19912,15737,4175
121000021,4225,5398,-1173
121000022,2546,3265,-719
121000023,6444,5236,1208
121000024,5144,5676,-532
121000025,969,2047,-1078
121000026,455,222,233
121000027,2059,1517,542
121000028,1190,795,395
121000029,1342,1300,42
121000030,742,735,7
121000031,983,1002,-19
121000032,220,93,127
121000034,494,287,207
121000035,255,84,171
121000036,1623,1210,413
121000037,910,914,-4
121000038,880,1180,-300
121000039,597,751,-154
121000041,625,823,-198
121000042,316,508,-192
121000043,1220,1058,162
121000044,2432,1024,1408
121000045,621,649,-28
121000046,675,1402,-727
121000047,136,117,19
121000049,2698,906,1792
121000050,446,1608,-1162
121000051,919,493,426
121000052,424,949,-525
121000053,597,128,469
121000054,51,333,-282
121000055,2017,2211,-194
121000056,1162,1592,-430
121000057,224,511,-287
121000058,531,189,342
121000059,3156,1873,1283
121000060,526,1337,-811
121000061,240,266,-26
121000062,169,371,-202
121000063,965,810,155
121000064,810,1096,-286
121000065,747,664,83
121000066,859,764,95
121000067,1413,667,746
121000068,884,575,309
121000069,1365,801,564
121000070,2291,1920,371
121000071,1416,1381,35
121000072,1794,1357,437
121000073,1413,1212,201
121000074,157,161,-4
121000075,141,459,-318
121000076,2171,790,1381
121000077,212,275,-63
121000078,205,165,40
121000080,3822,1093,2729
121000081,5878,3617,2261
121000082,153,360,-207
121000083,321,211,110
121000084,200,150,50
121000085,447,682,-235
121000086,217,1193,-976
121000087,81,416,-335
121000088,568,1506,-938
121000089,746,528,218
121000090,699,636,63
121000091,2725,1632,1093
121000092,213,155,58
121000093,184,376,-192
121000094,734,965,-231
121000095,363,769,-406
121000096,3104,5315,-2211
121000097,1822,3427,-1605
121000098,669,2190,-1521
121000099,599,1519,-920
121000100,1037,906,131
121000101,327,478,-151
121000102,184,595,-411
121000103,217,640,-423
121000104,355,335,20
121000105,529,436,93
121000106,313,764,-451
121000107,3451,5778,-2327
121000109,2284,1675,609
121000110,750,935,-185
121000114,4040,3262,778
121000115,1439,1420,19
121000116,590,1770,-1180
121000117,1346,445,901
121000118,1591,584,1007
121000119,371,631,-260
121000120,274,694,-420
121000121,604,1581,-977
121000123,2172,957,1215
121000126,132,614,-482
121000127,280,222,58
121000128,1154,852,302
121000129,784,820,-36
121000130,546,1862,-1316
121000131,3312,2499,813
121000132,2266,2512,-246
121000135,752,971,-219
121000136,1618,794,824
121000137,675,445,230
121000138,1218,1145,73
121000139,742,224,518
121000141,354,213,141
121000142,1173,977,196
121000143,185,42,143
121000144,1927,2029,-102
121000145,690,2163,-1473
121000146,1349,1385,-36
121000147,1103,873,230
121000148,1282,1663,-381
121000149,2423,1857,566
121000152,659,1066,-407
121000153,2729,1096,1633
121000154,1232,1241,-9
121000155,2122,1661,461
121000156,522,1651,-1129
121000157,2068,3700,-1632
121000158,360,1256,-896
121000159,169,1107,-938
121000160,432,1194,-762
121000161,155,515,-360
121000162,97,513,-416
121000165,2780,2495,285
121000166,46,902,-856
121000168,314,436,-122
121000169,61,273,-212
121000170,323,184,139
121000171,96,284,-188
121000172,701,651,50
121000173,1526,1217,309
121000174,267,515,-248
121000175,787,734,53
121000176,380,344,36
121000177,1258,1062,196
121000178,166,89,77
121000179,250,123,127
121000181,476,618,-142
121000182,135,226,-91
121000183,92,128,-36
121000184,97,156,-59
121000185,30,211,-181
121000186,168,673,-505
121000187,198,458,-260
121000188,144,468,-324
121000192,911,649,262
121000193,786,661,125
121000194,3928,3151,777
121000195,522,1694,-1172
121000196,1423,377,1046
121000197,387,1296,-909
121000198,363,117,246
121000199,157,744,-587
121000200,393,154,239
121000201,7,383,-376
121000202,1533,172,1361
121000203,795,3924,-3129
121000204,2502,1128,1374
121000205,241,565,-324
121000206,302,67,235
121000207,1876,793,1083
121000208,7,651,-644
121000209,221,651,-430
121000210,464,1065,-601
121000211,274,244,30
121000212,369,1576,-1207
121000213,14755,4288,10467
121000214,1255,2869,-1614
121000215,1909,1614,295
121000216,581,797,-216
121000217,5742,4146,1596
121000218,641,2727,-2086
121000219,2285,650,1635
121000220,349,115,234
121000221,197,362,-165
121000222,3581,3619,-38
121000223,526,387,139
121000224,365,159,206
121000225,2705,1474,1231
121000226,6172,1137,5035
121000227,14,405,-391
121000228,39,1348,-1309
121000229,260,813,-553
121000230,83,3052,-2969
121000231,852,46,806
121000232,586,409,177
121000233,586,455,131
121000234,27,57,-30
121000235,102,42,60
121000236,8,85,-77
121000237,27,15,12
121000238,4,129,-125
121000239,33,6,27
121000240,9,346,-337
121000241,105,33,72
121000242,58,274,-216
121000243,519,91,428
121000244,4,79,-75
121000245,69,18,51
121000246,2,111,-109
121000247,71,3,68
121000248,935,820,115
121000249,163,284,-121
121000250,535,101,434
121000251,24,1009,-985
121000252,120,61,59
121000253,400,818,-418
121000254,981,434,547
121000255,225,246,-21
121000256,381,273,108
121000257,73,141,-68
121000258,126,56,70
121000259,72,33,39
121000260,149,277,-128
121000261,111,61,50
121000262,1409,1653,-244
121000263,522,715,-193
121000271,357,2814,-2457
121000273,171,6,165
121000274,25,46,-21
121000275,7,29,-22
121000276,8,11,-3
121000278,113,115,-2
121000279,83,40,43
121000280,60,90,-30
121000289,269,47,222
121000290,2155,1046,1109
121000294,132,307,-175
121000297,1384,1500,-116
121000299,404,372,32
121000300,1171,876,295
121000302,377,2823,-2446
121000303,796,1800,-1004
121000304,550,97,453
121000305,157,64,93
121000306,188,201,-13
121000308,232,679,-447
121000309,619,963,-344
121000310,135,683,-548
121000311,118,1437,-1319
121000312,524,433,91
121000313,884,856,28
121000314,214,223,-9
121000315,126,281,-155
121000530,1289,2371,-1082
121000531,1484,2253,-769
121000532,8239,7633,606
121000533,3395,4106,-711
121000918,37,192,-155
121000919,32,92,-60
121000938,740,1621,-881
121000939,1103,1859,-756
121000956,986,2649,-1663
121000957,7,12,-5
121000958,245,80,165
121000959,729,1678,-949
121000960,1871,3584,-1713
121000961,232,163,69
121000962,479,1301,-822
121000973,1,518,-517
121000976,26,237,-211
121000979,511,177,334
121000981,370,218,152
121000982,259,477,-218
121000983,595,680,-85
121000984,85,74,11
121000985,584,1471,-887
121000986,247,898,-651
121000987,337,2487,-2150
121000988,636,247,389
121001302,451,218,233
121001308,14,22,-8
121001309,160,89,71
121001313,183,327,-144
121001314,4170,5873,-1703
121001315,5858,2771,3087
121900001,90,248,-158
121900002,60,30,30
121900003,422,18,404
121900004,158,605,-447
121900005,24,2,22
121900006,116,51,65
121900007,3740,3110,630
121900008,2746,935,1811
121900009,893,22,871
121900010,308,4,304
121900011,343,708,-365
121900012,24,0,24
121900013,1705,110,1595
121900014,1847,541,1306
121900015,259,317,-58
121900016,5,45,-40
121900017,533,901,-368
121900018,283,10,273
121900019,397,445,-48
121900020,55,3,52
121900021,987,16,971
121900022,289,290,-1
121900023,135,728,-593
121900024,606,109,497
121900025,631,666,-35
121900026,555,76,479
121900027,391,188,203
121900028,355,22,333
121900029,180,325,-145
121900030,671,666,5
121900031,2234,8144,-5910
121900032,103,137,-34
121900033,222,298,-76
121900034,379,99,280
121900035,4220,2632,1588
121900036,104,671,-567
121900037,238,995,-757
121900038,42,289,-247
121900039,444,77,367
121900040,61,116,-55
121900041,147,260,-113
121900042,396,172,224
121900043,3,14,-11
121900044,416,75,341
121900046,378,414,-36
121900047,206,102,104
121900048,63,277,-214
121900050,36,63,-27
121900051,209,240,-31
121900052,210,77,133
121900053,506,358,148
121900054,698,1236,-538
121900055,17,33,-16
121900058,267,458,-191
121900059,386,221,165
121900060,159,437,-278
121900061,351,198,153
121900062,175,137,38
121900063,1086,405,681
121900064,201,1085,-884
121900066,57,66,-9
121900067,46,75,-29
121900069,221,250,-29
121900070,487,175,312
121900071,247,325,-78
121900072,37,264,-227
121900073,270,271,-1
121900074,1211,943,268
121900075,1093,432,661
121900076,516,983,-467
121900077,25,85,-60
121900078,83,99,-16
121900079,0,0,0
121900080,1021,638,383
121900082,33,217,-184
121900084,14,317,-303
121900085,0,21,-21
121900086,26,110,-84
121900087,195,161,34
121900088,3241,5266,-2025
121900089,197,619,-422
121900090,28,170,-142
121900091,42,187,-145
121900092,154,203,-49
121900093,58,101,-43
121900094,39,24,15
121900095,255,174,81
121900096,1758,1022,736
121900097,482,274,208
121900098,18,9,9
121900099,256,139,117
121900100,297,471,-174
121900101,200,157,43
121900102,21,193,-172
121900103,799,321,478
121900104,1286,397,889
121900105,227,180,47
121900106,14,8,6
121900107,51,59,-8
121900108,0,43,-43
121900109,341,189,152
121900110,392,1995,-1603
121900111,1099,168,931
121900112,173,170,3
121900113,120,415,-295
121900114,56,157,-101
121900117,321,46,275
121900118,3267,587,2680
121900119,156,222,-66
121900120,80,2023,-1943
121900121,948,105,843
121900122,21,66,-45
121900123,276,695,-419
121900124,92,264,-172
121900125,1839,1618,221
121900127,16,163,-147
121900128,79,198,-119
121900129,1147,269,878
121900130,162,400,-238
121900131,233,92,141
121900132,97,206,-109
121900133,110,649,-539
121900134,38,204,-166
121900135,3626,473,3153
121900136,397,755,-358
121900137,73,417,-344
121900138,112,382,-270
121900139,519,834,-315
121900140,117,259,-142
121900141,47,32,15
121900142,106,207,-101
121900143,7,220,-213
121900144,180,528,-348
121900145,344,371,-27
121900146,756,1237,-481
121900147,67,333,-266
121900148,224,361,-137
121900149,570,1070,-500
121900150,68,305,-237
121900151,94,241,-147
121900152,72,204,-132
121900153,145,926,-781
121900154,8,238,-230
121900155,6,250,-244
121900156,170,137,33
121900157,5,681,-676
121900158,97,81,16
121900159,4,323,-319
121900160,56,289,-233
121900161,484,635,-151
121900162,127,189,-62
121900163,160,993,-833
121900164,475,369,106
121900165,279,321,-42
121900166,232,294,-62
121900167,191,146,45
121900168,266,239,27
121900169,7,533,-526
121900170,8,293,-285
121900171,642,1060,-418
121900172,493,506,-13
121900173,1109,301,808
121900174,34,86,-52
121900175,184,192,-8
121900176,768,2805,-2037
121900177,229,87,142
121900178,38,88,-50
121900179,319,182,137
121900180,7699,4200,3499
121900182,1255,479,776
121900183,553,796,-243
121900184,61,889,-828
121900186,30,450,-420
121900187,39,228,-189
121900188,878,726,152
121900189,82,190,-108
121900190,385,787,-402
121900191,109,364,-255
121900192,543,1091,-548
121900193,68,354,-286
121900194,15,245,-230
121900195,193,168,25
121900196,1102,1348,-246
121900197,525,3351,-2826
121900198,1545,2090,-545
121900199,3,45,-42
121900200,175,328,-153
121900201,1762,959,803
121900202,177,610,-433
121900203,362,1922,-1560
121900204,1601,1308,293
121900205,13,137,-124
121900206,32,16,16
121900207,251,61,190
121900208,325,437,-112
121900209,57,55,2
121900210,2411,2168,243
121900211,32,135,-103
121900212,258,190,68
121900213,148,157,-9
121900214,15,936,-921
121900215,67,141,-74
121900216,47,150,-103
121900217,314,144,170
121900218,524,937,-413
121900220,246,19,227
121900221,358,907,-549
121900222,241,275,-34
121900223,231,131,100
121900224,136,118,18
121900225,165,79,86
121900226,484,1516,-1032
121900227,185,565,-380
121900228,262,419,-157
121900230,139,486,-347
121900231,734,2887,-2153
121900232,359,498,-139
121900233,476,438,38
121900234,341,559,-218
121900235,504,419,85
121900236,371,259,112
121900237,237,371,-134
121900238,188,297,-109
121900239,165,68,97
121900240,232,231,1
121900241,49,84,-35
121900242,13,0,13
121900243,21,0,21
121900244,18,3,15
121900245,264,220,44
121900246,2628,686,1942
121900247,392,366,26
121900248,2246,1481,765
121900250,353,414,-61
121900251,498,51,447
121900252,706,222,484
121900253,149,1273,-1124
121900254,666,438,228
121900255,262,163,99
121900258,4431,2581,1850
121900259,487,784,-297
121900260,177,341,-164
121900261,195,686,-491
121900262,580,1225,-645
121900263,205,501,-296
121900264,3101,2208,893
121900265,226,496,-270
121900266,288,260,28
121900267,82,45,37
121900269,253,582,-329
121900270,46,270,-224
121900271,54,294,-240
121900273,716,2160,-1444
121900274,254,396,-142
121900277,392,2110,-1718
121900278,211,1343,-1132
121900279,206,384,-178
121900280,254,603,-349
121900281,792,600,192
121900284,197,18,179
121900286,166,281,-115
121900287,9,29,-20
121900288,7,3,4
121900290,288,558,-270
121900291,569,1053,-484
121900292,498,193,305
121900293,1269,5148,-3879
121900294,334,5,329
121900295,82,400,-318
121900296,113,350,-237
121900298,585,684,-99
121900299,0,0,0
121900300,24,1,23
121900301,12,3,9
121900302,1,9,-8
121900303,602,678,-76
121900304,13,8,5
121900305,3,5,-2
121900306,85,5,80
121900307,43,36,7
121900308,24,508,-484
121900309,19,385,-366
121900310,53,647,-594
121900311,300,13,287
121900312,200,11,189
121900313,432,24,408
121900314,4,133,-129
121900315,18,0,18
121900316,0,18,-18
121900317,11,3,8
121900318,4,30,-26
121900319,14,124,-110
121900320,134,143,-9
121900321,8,0,8
121900322,3,38,-35
121900323,65,23,42
121900324,5,83,-78
121900325,10,3,7
121900326,0,37,-37
121900327,11,110,-99
121900328,0,28,-28
121900329,5,425,-420
121900330,1,25,-24
121900331,59,126,-67
121900332,97,25,72
121900333,25,0,25
122000001,3363,6564,-3201
122000002,7262,2980,4282
122000003,2832,2870,-38
122000004,4653,2604,2049
122000005,4140,1751,2389
122000006,3984,883,3101
122000007,2225,2760,-535
122000008,9460,8843,617
122000009,793,618,175
122000010,3197,4475,-1278
122000011,4763,2242,2521
122000012,2120,1767,353
122000013,4616,1765,2851
122000014,2319,3624,-1305
122000015,2805,1656,1149
122000016,851,1688,-837
122000017,1481,1540,-59
122000018,2184,1586,598
122000019,1242,2340,-1098
122000020,316,378,-62
122000021,717,1199,-482
122000022,2466,2520,-54
122000023,815,4596,-3781
122000024,1464,1369,95
122000025,2680,1996,684
122000026,2612,1256,1356
122000027,842,7781,-6939
122000028,1307,685,622
122000029,869,506,363
122000030,406,217,189
122000031,275,382,-107
122000032,2687,5699,-3012
122000033,1811,1477,334
122000034,1149,967,182
122000035,431,1417,-986
122000036,760,811,-51
122000037,487,405,82
122000038,455,542,-87
122000039,738,701,37
122000040,446,586,-140
122000041,929,751,178
122000042,650,671,-21
122000043,306,190,116
122000044,241,352,-111
122000045,2154,749,1405
122000046,1241,1722,-481
122000047,506,310,196
122000048,4480,7417,-2937
122000049,7629,3511,4118
122000050,2991,1087,1904
122000051,694,482,212
122000052,905,332,573
122000053,226,543,-317
122000054,3284,2854,430
122000055,3372,3783,-411
122000056,7809,5807,2002
122000057,5670,4698,972
122000058,6455,1540,4915
122000059,5586,2193,3393
122000060,1235,833,402
122000061,869,625,244
122000062,1643,499,1144
122000063,2681,836,1845
122000064,6009,3780,2229
122000065,7989,3951,4038
122000066,1753,1403,350
122000067,2849,1823,1026
122000068,1796,2097,-301
122000069,733,1129,-396
122000070,944,6436,-5492
122000071,1414,2869,-1455
122000072,725,628,97
122000073,888,684,204
122000074,2970,2181,789
122000075,869,2214,-1345
122000076,2533,1623,910
122000077,2250,856,1394
122000078,4264,3076,1188
122000079,3381,1233,2148
122000080,2173,585,1588
122000081,454,664,-210
122000082,1609,1093,516
122000083,1862,6135,-4273
122000084,1480,1204,276
122000085,347,3023,-2676
122000086,3339,7487,-4148
122000087,737,238,499
122000088,481,561,-80
122000089,9657,4791,4866
122000090,433,631,-198
122000091,407,102,305
122000092,287,32,255
122000093,3308,1074,2234
122000094,11966,2596,9370
122000095,5261,4234,1027
122000096,4415,2791,1624
122000098,5859,2174,3685
122000099,4856,802,4054
122000100,1920,1023,897
122000101,347,1620,-1273
122000102,2468,1664,804
122000103,1787,1868,-81
122000104,381,270,111
122000105,407,386,21
122000106,749,731,18
122000107,1446,916,530
122000108,495,1159,-664
122000109,605,487,118
122000110,551,685,-134
122000111,3388,1476,1912
122000112,1143,1987,-844
122000113,875,931,-56
122000114,7105,2464,4641
122000115,2273,3231,-958
122000116,617,693,-76
122000117,1760,549,1211
122000118,558,902,-344
122000119,4037,2515,1522
122000120,3419,4193,-774
122000121,4041,3441,600
122000122,1080,2154,-1074
122000123,3384,2580,804
122000124,1960,862,1098
122000125,699,916,-217
122000126,1140,1556,-416
122000127,2459,1495,964
122000128,852,1305,-453
122000129,578,1310,-732
122000130,3777,1021,2756
122000131,2125,1158,967
122000132,1037,707,330
122000133,1621,3044,-1423
122000134,834,819,15
122000135,910,1092,-182
122000136,680,579,101
122000137,1693,1038,655
122000139,2878,4670,-1792
122000140,2363,830,1533
122000141,7667,1726,5941
122000142,913,1134,-221
122000143,770,439,331
122000144,2253,1505,748
122000145,2494,1113,1381
122000146,950,1585,-635
122000147,1538,621,917
122000148,4051,2220,1831
122000149,2784,1902,882
122000150,1332,1603,-271
122000151,275,487,-212
122000152,604,472,132
122000153,607,457,150
122000154,434,377,57
122000155,1863,3168,-1305
122000156,2553,2815,-262
122000157,3030,2082,948
122000158,593,848,-255
122000159,1636,2250,-614
122000160,6207,1965,4242
122000161,1391,1077,314
122000162,3080,2249,831
122000163,370,120,250
122000164,29,119,-90
122000165,1215,1223,-8
122000166,1669,1780,-111
122000167,277,291,-14
122000168,299,759,-460
122000169,758,309,449
122000170,406,414,-8
122000171,61,95,-34
122000172,2182,2519,-337
122000173,2060,3952,-1892
122000174,3222,1334,1888
122000175,1706,442,1264
122000176,464,1159,-695
122000177,2746,2462,284
122000178,4013,4461,-448
122000179,3010,4852,-1842
122000180,2506,2023,483
122000181,2307,5413,-3106
122000182,2944,2393,551
122000183,2698,2059,639
122000184,3576,3036,540
122000185,1651,1852,-201
122000186,975,1534,-559
122000187,3139,1555,1584
122000188,614,365,249
122000189,412,631,-219
122000190,1511,1492,19
122000191,1562,957,605
122000192,984,520,464
122000193,444,1006,-562
122000194,898,268,630
122000195,234,783,-549
122000196,1507,895,612
122000197,730,1119,-389
122000198,755,1670,-915
122000199,651,588,63
122000200,2273,981,1292
122000201,1744,2126,-382
122000202,1718,1707,11
122000203,3500,2223,1277
122000204,2023,3060,-1037
122000205,2139,1896,243
122000206,3023,1382,1641
122000207,1741,2014,-273
122000208,3540,2352,1188
122000209,3783,623,3160
122000210,2462,2895,-433
122000211,2105,1785,320
122000212,958,682,276
122000213,1455,1735,-280
122000214,2432,2371,61
122000215,3007,1991,1016
122000217,2732,2102,630
122000218,1164,88,1076
122000219,2089,1484,605
122000220,444,1022,-578
122000221,189,652,-463
122000222,741,148,593
122000223,1473,616,857
122000225,1104,384,720
122000226,1828,2626,-798
122000227,395,3573,-3178
122000228,484,566,-82
122000229,36,648,-612
122000230,72,1063,-991
122000231,379,1327,-948
122000232,1035,1922,-887
122000233,0,196,-196
122000234,275,351,-76
122000235,688,300,388
122000236,806,266,540
122000237,167,101,66
122000238,257,323,-66
122000239,630,189,441
122000240,1457,697,760
122000241,1317,791,526
122000242,764,154,610
122000243,44,39,5
122000244,11,416,-405
122000245,32,131,-99
122000246,53,98,-45
122000247,1027,417,610
122000248,1626,3072,-1446
122000249,810,971,-161
122000250,2015,1200,815
122000251,296,675,-379
122000252,850,216,634
122000253,60,405,-345
122000254,250,147,103
122000255,1016,2544,-1528
122000256,482,2146,-1664
122000257,208,615,-407
122000258,188,316,-128
122000259,12,1252,-1240
122000260,23,190,-167
122000261,12,372,-360
122000262,3,128,-125
122000263,187,200,-13
122000264,1278,713,565
122000265,3221,1235,1986
122000266,6599,880,5719
122000267,112,202,-90
122000268,165,655,-490
122000269,1316,445,871
122000270,1467,171,1296
122000271,459,1826,-1367
122000272,527,1906,-1379
122000273,438,753,-315
122000274,175,299,-124
122000275,56,304,-248
122000276,646,988,-342
122000277,1018,1852,-834
122000278,1215,1393,-178
122000279,284,804,-520
122000280,1184,1137,47
122000281,816,1322,-506
122000282,227,218,9
122000283,402,110,292
122000284,170,142,28
122000285,459,177,282
122000286,111,238,-127
122000287,1115,1934,-819
122000288,410,355,55
122000291,1370,733,637
122000293,568,428,140
122000294,145,225,-80
122000295,1656,354,1302
122000296,66,778,-712
122000297,5051,3133,1918
122000299,520,777,-257
122000300,731,977,-246
122000301,23017,4027,18990
122000302,1660,1468,192
122000303,6388,1871,4517
122000304,72,317,-245
122000305,1000,511,489
122000306,37,1312,-1275
122000307,199,217,-18
122000309,135,75,60
122000310,46,79,-33
122000311,184,175,9
122000312,174,90,84
122000313,81,63,18
122000314,202,322,-120
122000315,357,31,326
122000316,710,358,352
122000317,1062,343,719
122000318,359,801,-442
122000319,315,1084,-769
122000320,410,4011,-3601
122000321,166,489,-323
122000322,3520,5323,-1803
122000323,2427,3589,-1162
122000324,2326,2357,-31
122000325,1419,2008,-589
122000326,43,246,-203
122000327,574,671,-97
122000328,1798,1267,531
122000330,3361,1068,2293
122000332,310,536,-226
122000333,13,283,-270
122000337,1232,2650,-1418
122000338,678,843,-165
122000340,756,480,276
122000342,4789,1669,3120
122000343,748,2688,-1940
122000344,101,36,65
122000345,28,99,-71
122000346,429,953,-524
122000348,595,1282,-687
122000349,210,1177,-967
122000351,130,451,-321
122000352,334,151,183
122000353,67,209,-142
122000355,208,245,-37
122000356,4053,1286,2767
122000357,85,29,56
122000358,1,115,-114
122000359,1,66,-65
122000360,1,93,-92
122000362,13,197,-184
122000364,164,721,-557
122000365,2,52,-50
122000366,18,22,-4
122000368,667,1272,-605
122000370,34,135,-101
122000371,27,0,27
122000372,8,3,5
122000381,95,666,-571
122000382,79,397,-318
122000384,7532,3139,4393
122000385,42,4,38
122000386,1036,1414,-378
122000387,877,855,22
122000388,3040,673,2367
122000389,320,1311,-991
122000390,751,432,319
122000391,496,212,284
122000392,256,351,-95
122000393,20,310,-290
122000394,525,527,-2
122000395,159,277,-118
122000396,303,181,122
122000397,64,134,-70
122000398,15,67,-52
122000399,155,108,47
122000400,245,516,-271
122000401,108,155,-47
122000402,308,193,115
122000403,737,1830,-1093
122000404,174,536,-362
122000408,1364,2287,-923
122000503,22,144,-122
122000524,235,217,18
122000544,69,4127,-4058
122000616,624,3,621
122000640,71,240,-169
122000641,59,692,-633
122000642,1114,1975,-861
122000643,44,164,-120
122000644,320,43,277
122000645,106,418,-312
122000651,3588,1021,2567
122000664,198,73,125
122000665,1275,806,469
122000666,855,1611,-756
122000673,32,599,-567
122000674,76,59,17
122000675,1795,1927,-132
122000686,390,2130,-1740
122000687,1523,551,972
122000688,172,1337,-1165
122000689,667,894,-227
122000690,1021,960,61
122000691,511,4528,-4017
122000692,1606,601,1005
122000693,772,3363,-2591
122000695,245,967,-722
122000696,252,635,-383
122000698,285,1716,-1431
122000699,206,228,-22
122000701,1359,549,810
122000702,710,3362,-2652
122000703,203,130,73
122000717,239,118,121
122000718,398,811,-413
122000719,86,97,-11
122000720,250,456,-206
122000724,168,47,121
122900001,44,23,21
122900002,1726,4302,-2576
122900003,360,67,293
122900004,1656,38,1618
122900005,73,93,-20
122900006,1094,713,381
122900007,201,84,117
122900008,1002,154,848
122900009,1406,697,709
122900010,335,294,41
122900012,275,601,-326
122900014,184,532,-348
122900015,3669,975,2694
122900016,160,564,-404
122900017,564,1373,-809
122900018,312,13,299
122900019,10,214,-204
122900020,531,657,-126
122900021,69,1131,-1062
122900022,620,1273,-653
122900023,523,513,10
122900024,155,202,-47
122900025,14,293,-279
122900026,250,463,-213
122900027,194,930,-736
122900028,153,314,-161
122900029,7394,3465,3929
122900030,2544,589,1955
122900031,190,195,-5
122900032,159,317,-158
122900033,238,214,24
122900034,6165,6806,-641
122900035,114,45,69
122900036,64,406,-342
122900037,482,208,274
122900038,247,3346,-3099
122900039,101,674,-573
122900040,380,688,-308
122900041,324,328,-4
122900042,256,415,-159
122900043,649,392,257
122900044,127,522,-395
122900045,100,186,-86
122900046,185,182,3
122900047,520,262,258
122900048,72,273,-201
122900049,2673,211,2462
122900051,122,220,-98
122900052,75,233,-158
122900053,33,28,5
122900055,329,200,129
122900057,376,40,336
122900061,520,284,236
122900062,537,697,-160
122900063,224,668,-444
122900064,1409,979,430
122900065,509,178,331
122900066,631,308,323
122900067,2643,1202,1441
122900068,248,597,-349
122900069,363,2033,-1670
122900070,268,64,204
122900071,183,668,-485
122900072,20,1015,-995
122900073,50,466,-416
122900074,605,1304,-699
122900075,3,118,-115
122900076,7,341,-334
122900077,1,298,-297
122900078,142,242,-100
122900080,147,26,121
122900081,202,269,-67
122900082,712,361,351
122900083,209,201,8
122900084,11,410,-399
122900086,17,64,-47
122900087,200,827,-627
122900088,88,151,-63
122900089,90,264,-174
122900090,18,1140,-1122
122900091,133,0,133
122900092,5,437,-432
122900093,2,701,-699
122900094,5,434,-429
122900095,188,9,179
122900096,204,506,-302
122900097,48,23,25
122900098,132,215,-83
122900099,21,14,7
122900100,736,709,27
122900101,1306,426,880
122900102,21,15,6
122900103,81,10,71
122900104,94,6,88
122900105,14,33,-19
122900106,11,162,-151
122900107,5,371,-366
122900108,11,353,-342
123000001,3123,590,2533
123000002,8885,4283,4602
123000003,4550,4009,541
123000004,3879,7488,-3609
123000005,3321,3498,-177
123000006,4181,5128,-947
123000007,3862,3345,517
123000008,3403,5794,-2391
123000009,5414,3854,1560
123000010,4497,5461,-964
123000011,5028,972,4056
123000012,1372,3664,-2292
123000013,4063,1079,2984
123000014,1572,6016,-4444
123000015,6763,1121,5642
123000016,10828,4764,6064
123000017,4627,1830,2797
123000018,59,166,-107
123000019,192,501,-309
123000020,180,213,-33
123000021,73,225,-152
123000022,739,1576,-837
123000023,1587,1796,-209
123000024,1376,729,647
123000025,32,143,-111
123000026,2,116,-114
123000027,302,761,-459
123000028,1437,258,1179
123000029,1068,913,155
123000030,342,1026,-684
123000031,129,789,-660
123000032,300,601,-301
123000033,235,85,150
123000034,1154,907,247
123000035,318,396,-78
123000036,329,931,-602
123000037,288,457,-169
123000038,116,247,-131
123000039,553,1205,-652
123000040,1522,466,1056
123000041,1874,1034,840
123000042,1267,664,603
123000043,6231,7719,-1488
123000044,8610,3518,5092
123000045,16773,3639,13134
123000046,1167,1346,-179
123000047,2797,2145,652
123000048,144,559,-415
123000049,11869,7970,3899
123000050,1347,1874,-527
123000051,97,246,-149
123000052,743,4346,-3603
123000053,2822,5361,-2539
123000054,1422,1998,-576
123000055,1880,2286,-406
123000056,1833,3048,-1215
123000057,27374,9157,18217
123000058,1058,1066,-8
123000059,659,775,-116
123000060,919,555,364
123000061,290,1338,-1048
123000063,1013,1094,-81
123000064,1080,354,726
123000065,12538,5825,6713
123000066,1330,1450,-120
123000067,668,870,-202
123000068,4359,6308,-1949
123000069,11312,6372,4940
123000070,424,1588,-1164
123000071,933,1775,-842
123000072,1278,2676,-1398
123000073,1068,1236,-168
123000074,1089,3418,-2329
123000075,415,1392,-977
123000076,817,1694,-877
123000077,2998,6149,-3151
123000078,1537,2471,-934
123000079,1371,2929,-1558
123000080,2506,4312,-1806
123000081,224,1191,-967
123000082,576,2318,-1742
123000083,1228,310,918
123000084,656,1401,-745
123000085,197,217,-20
123000086,450,848,-398
123000087,225,823,-598
123000088,1412,2095,-683
123000089,564,1971,-1407
123000090,1345,1918,-573
123000091,2229,2152,77
123000092,1576,1788,-212
123000094,553,457,96
123000095,593,870,-277
123000096,591,681,-90
123000097,467,1844,-1377
123000098,720,911,-191
123000099,765,1586,-821
123000100,655,822,-167
123000101,881,819,62
123000102,894,925,-31
123000104,385,486,-101
123000105,688,822,-134
123000106,545,539,6
123000107,484,881,-397
123000108,899,2532,-1633
123000111,755,366,389
123000112,1041,960,81
123000113,687,3357,-2670
123000114,538,628,-90
123000115,313,349,-36
123000116,22,255,-233
123000117,1741,3708,-1967
123000118,539,1674,-1135
123000119,282,1968,-1686
123000120,496,1639,-1143
123000121,566,998,-432
123000122,490,323,167
123000123,554,901,-347
123000124,556,808,-252
123000125,1654,1404,250
123000126,1894,4035,-2141
123000127,1289,1305,-16
123000128,371,561,-190
123000129,575,413,162
123000130,591,153,438
123000131,903,819,84
123000132,527,936,-409
123000133,369,632,-263
123000134,588,266,322
123000135,1819,2164,-345
123000136,321,2232,-1911
123000137,220,701,-481
123000138,96,836,-740
123000139,486,216,270
123000140,190,1168,-978
123000141,1057,241,816
123000142,1301,1497,-196
123000143,1425,3583,-2158
123000144,41,37,4
123000145,363,291,72
123000146,78,205,-127
123000147,147,203,-56
123000149,415,495,-80
123000150,263,294,-31
123000151,350,533,-183
123000152,84,579,-495
123000153,166,714,-548
123000154,2859,2167,692
123000155,3895,1270,2625
123000156,41,167,-126
123000157,700,1124,-424
123000158,911,923,-12
123000159,5201,2785,2416
123000160,993,746,247
123000161,1637,1246,391
123000162,705,2017,-1312
123000163,533,124,409
123000164,1340,417,923
123000165,490,3282,-2792
123000166,42,319,-277
123000167,114,582,-468
123000168,273,526,-253
123000169,689,163,526
123000170,73,830,-757
123000171,477,129,348
123000172,227,1066,-839
123000173,601,332,269
123000174,1211,458,753
123000175,1461,1999,-538
123000176,1187,245,942
123000177,577,1767,-1190
123000178,772,156,616
123000179,66,1332,-1266
123000180,1437,473,964
123000181,532,2330,-1798
123000182,188,1075,-887
123000183,209,476,-267
123000184,141,1561,-1420
123000185,583,774,-191
123000186,2,825,-823
123000187,501,12,489
123000188,163,1,162
123000189,242,245,-3
123000190,63,99,-36
123000192,38,579,-541
123000193,55,928,-873
123000194,743,428,315
123000195,260,32,228
123000196,297,8,289
123000197,77,122,-45
123000198,34,376,-342
123000199,3,914,-911
123000200,457,15,442
123000201,928,20,908
123000202,47,1939,-1892
123000203,939,97,842
123000204,117,1810,-1693
123000205,779,3368,-2589
123000206,1950,267,1683
123000207,170,1551,-1381
123000208,486,178,308
123000209,2060,599,1461
123000210,571,2833,-2262
123000211,854,4888,-4034
123000212,2688,597,2091
123000213,605,97,508
123000215,223,148,75
123000216,433,647,-214
123000217,239,58,181
123000218,143,646,-503
123000219,1701,94,1607
123000220,629,150,479
123000221,197,336,-139
123000222,476,1175,-699
123000223,264,1115,-851
123000224,519,1053,-534
123000225,291,170,121
123000226,76,746,-670
123000227,124,673,-549
123000228,237,100,137
123000229,1687,3219,-1532
123000232,157,943,-786
123000233,769,249,520
123000234,177,1079,-902
123000235,683,517,166
123000236,294,1425,-1131
123000237,370,201,169
123000238,104,1277,-1173
123000239,614,3310,-2696
123000240,75,511,-436
123000241,1456,234,1222
123000242,204,372,-168
123000243,748,1420,-672
123000244,1181,809,372
123000245,153,214,-61
123000249,605,1034,-429
123000252,969,325,644
123000253,856,562,294
123000254,682,1723,-1041
123000255,980,1054,-74
123000256,32,425,-393
123000257,5934,3916,2018
123000258,1263,1965,-702
123000259,343,697,-354
123000260,472,1084,-612
123000261,215,524,-309
123000262,149,410,-261
123000263,447,156,291
123000264,212,70,142
123000265,81,248,-167
123000266,561,1109,-548
123000267,530,601,-71
123000268,48,134,-86
123000269,79,61,18
123000270,49,52,-3
123000271,63,120,-57
123000272,1079,282,797
123000273,300,583,-283
123000274,1167,615,552
123000275,382,1643,-1261
123000278,5097,3492,1605
123000279,103,175,-72
123000280,397,596,-199
123000281,321,179,142
123000282,169,422,-253
123000283,89,81,8
123000284,73,236,-163
123000286,383,404,-21
123000287,673,420,253
123000288,1218,808,410
123000289,730,1038,-308
123000291,508,1164,-656
123000294,226,268,-42
123000295,947,1027,-80
123000296,400,456,-56
123000297,438,1445,-1007
123000298,405,1339,-934
123000299,36,493,-457
123000300,1029,1134,-105
123000301,114,331,-217
123000302,89,404,-315
123000303,151,161,-10
123000305,1276,1303,-27
123000306,77,497,-420
123000309,66,85,-19
123000310,129,49,80
123000311,0,218,-218
123000312,1353,1630,-277
123000313,323,517,-194
123000315,78,704,-626
123000316,3008,74,2934
123000317,351,76,275
123000318,95,501,-406
123000329,12,30,-18
123000337,482,384,98
123000338,905,73,832
123000339,169,579,-410
123000340,216,760,-544
123000342,12,8,4
123000343,114,1,113
123000344,1952,762,1190
123000345,455,1082,-627
123000346,292,106,186
123000352,3811,1131,2680
123000353,17,154,-137
123000354,289,14,275
123000355,0,840,-840
123000356,256,2,254
123000357,5,474,-469
123000359,2,370,-368
123000360,264,62,202
123000361,1017,450,567
123000362,361,294,67
123000363,118,433,-315
123000364,772,441,331
123000365,27,448,-421
123000366,465,2394,-1929
123000367,352,1840,-1488
123000370,29,584,-555
123000371,350,35,315
123000372,378,28,350
123000373,22,762,-740
123000374,21,407,-386
123000375,374,39,335
123000376,911,718,193
123000377,351,35,316
123000378,23,887,-864
123000379,3,351,-348
123000380,94,386,-292
123000381,231,61,170
123000382,1828,103,1725
123000383,485,1237,-752
123000384,671,105,566
123000385,459,1210,-751
123000436,141,1305,-1164
123000507,208,751,-543
123000508,253,742,-489
123000517,431,54,377
123000518,30,595,-565
123000519,192,124,68
123000520,103,414,-311
123000521,423,172,251
123000522,288,1066,-778
123000541,5,0,5
123000542,0,56,-56
123000565,1,0,1
123000566,642,1349,-707
123000567,156,424,-268
123000573,43,1616,-1573
123000574,500,124,376
123000575,1124,2164,-1040
123000576,840,4530,-3690
123000577,142,1145,-1003
123000578,951,97,854
123000579,6873,5131,1742
123000580,73,32,41
123000582,349,41,308
123000583,24,1062,-1038
123000584,102,305,-203
123000585,0,245,-245
123000586,88,1,87
123000596,107,237,-130
123000597,62,179,-117
123000602,42,4,38
123000603,488,1254,-766
123000604,508,2113,-1605
123000605,1122,190,932
123000606,4,254,-250
123000609,20,362,-342
123000610,224,121,103
123000613,23,264,-241
123000614,156,127,29
123000615,55,247,-192
123000616,338,97,241
123000617,143,922,-779
123000618,122,1207,-1085
123000619,684,47,637
123000620,31,1193,-1162
123000622,326,28,298
123000624,96,116,-20
123000630,537,500,37
123000631,387,3415,-3028
123000632,1502,2219,-717
123000633,2,421,-419
123000634,176,93,83
123000635,494,103,391
123000636,26,1261,-1235
123000637,105,363,-258
123000638,516,204,312
123000639,1456,3182,-1726
123000640,26,1831,-1805
123900001,2181,113,2068
123900002,31,1397,-1366
123900003,484,1110,-626
123900005,238,145,93
123900006,196,39,157
124000001,1871,141,1730
124000002,199,3690,-3491
124000003,758,199,559
124000004,105,1424,-1319
124000005,978,284,694
124000006,384,2347,-1963
124000007,1219,171,1048
124000008,31,725,-694
124000009,403,605,-202
124000010,185,654,-469
124000011,1183,702,481
124000012,431,1304,-873
124000017,144,110,34
124000018,119,136,-17
124000019,121,124,-3
124000020,85,303,-218
124000021,102,74,28
124000022,92,322,-230
124000023,1507,1747,-240
124000024,1321,998,323
124000025,1520,2058,-538
124000026,1770,1519,251
124000027,6303,5796,507
124000028,4067,6098,-2031
124000030,4614,1665,2949
124000031,1124,1773,-649
124000032,9383,1526,7857
124000033,9,229,-220
124000034,6807,808,5999
124000035,44,179,-135
124000036,183,264,-81
124000037,613,899,-286
124000038,98,99,-1
124000039,1240,405,835
124000040,1001,1183,-182
124000041,407,108,299
124000042,91,598,-507
124000043,84,101,-17
124000044,89,460,-371
124000045,580,955,-375
124000046,369,1260,-891
124000047,1301,1446,-145
124000048,997,3508,-2511
124000049,1429,977,452
124000050,852,4482,-3630
124000051,716,676,40
124000052,756,2368,-1612
124000053,606,1359,-753
124000054,1081,1258,-177
124000055,1465,2097,-632
124000056,6670,2348,4322
124000057,966,664,302
124000058,557,2406,-1849
124000059,720,1078,-358
124000060,1704,1532,172
124000061,1849,4481,-2632
124000062,8371,2627,5744
124000063,1729,2321,-592
124000064,3535,2489,1046
124000065,267,244,23
124000066,929,298,631
124000067,129,526,-397
124000068,13,21,-8
124000069,114,86,28
124000070,28,156,-128
124000071,171,122,49
124000072,231,907,-676
124000073,1130,152,978
124000074,283,1418,-1135
124000075,260,55,205
124000076,13,363,-350
124000077,2795,973,1822
124000078,2713,917,1796
124000079,666,1606,-940
124000080,420,182,238
124000081,203,1139,-936
124000082,23,133,-110
124000083,48,246,-198
124000084,86,398,-312
124000085,95,107,-12
124000086,93,186,-93
124000087,139,138,1
124000088,185,842,-657
124000089,716,701,15
124000090,91,631,-540
124000091,823,236,587
124000092,220,1185,-965
124000093,106,124,-18
124000094,132,733,-601
124000095,72,150,-78
124000096,173,551,-378
124000097,84,158,-74
124000098,69,199,-130
124000099,250,223,27
124000100,47,187,-140
124000101,77,142,-65
124000102,125,96,29
124000103,69,137,-68
124000104,102,129,-27
124000105,72,106,-34
124000106,148,206,-58
124000107,23,170,-147
124000108,111,107,4
124000109,142,141,1
124000110,252,228,24
124000111,235,186,49
124000112,697,1231,-534
124000113,83,92,-9
124000114,322,971,-649
124000115,457,1284,-827
124000116,134,96,38
124000117,89,149,-60
124000118,49,84,-35
124000119,1284,1016,268
124000120,643,889,-246
124000121,2801,749,2052
124000122,869,1739,-870
124000123,1236,493,743
124000124,629,1353,-724
124000125,405,554,-149
124000126,418,898,-480
124000127,882,481,401
124000128,846,1385,-539
124000129,2659,2050,609
124000130,963,952,11
124000131,1128,818,310
124000132,1098,1105,-7
124000133,881,1123,-242
124000134,1093,1090,3
124000135,2188,2278,-90
124000136,1343,1624,-281
124000137,1450,901,549
124000138,1874,1798,76
124000139,671,41,630
124000140,38,847,-809
124000141,111,31,80
124000142,30,223,-193
124000143,54,25,29
124000144,12,88,-76
124000145,131,69,62
124000146,44,115,-71
124000148,17,73,-56
124000149,1155,440,715
124000150,447,915,-468
124000151,803,516,287
124000152,1014,1959,-945
124000153,670,1029,-359
124000154,410,1478,-1068
124000155,1499,928,571
124000156,2260,1609,651
124000169,297,510,-213
124000170,1127,685,442
124000171,309,384,-75
124000172,415,962,-547
124000173,363,427,-64
124000174,328,1227,-899
124000175,17,170,-153
124000176,38,15,23
124000177,17,37,-20
124000178,21,49,-28
124000190,238,72,166
124000191,1226,108,1118
124000192,2710,459,2251
124000193,685,1833,-1148
124000194,427,745,-318
124000195,391,752,-361
124000196,1146,1623,-477
124000197,63,107,-44
124000198,46,53,-7
124000201,512,1865,-1353
124000202,655,325,330
124000203,191,1952,-1761
124000204,443,1134,-691
124000205,62,1386,-1324
124000206,487,705,-218
124000207,0,91,-91
124000209,461,1391,-930
124000210,347,412,-65
124000211,379,5,374
124000212,6,1228,-1222
124000213,271,650,-379
124000214,220,1564,-1344
124000215,229,17,212
124000216,3,1007,-1004
124000329,161,4642,-4481
124000338,74,2718,-2644
124000339,619,170,449
124000341,817,171,646
124000344,55,7,48
124000357,1164,2226,-1062
124000358,745,1397,-652
124000359,895,637,258
124000360,496,516,-20
124000361,1858,795,1063
124000362,2302,3494,-1192
124000363,295,538,-243
124000364,588,1231,-643
124000365,658,1465,-807
124000366,2468,1147,1321
124000367,199,1319,-1120
124000368,351,220,131
124000369,200,138,62
124000370,118,1206,-1088
124000402,43,9,34
124000403,113,18,95
124000404,12,155,-143
124000405,1352,1102,250
124000406,1349,1117,232
124000407,11,67,-56
124000411,6,723,-717
124000412,293,19,274
124000413,424,61,363
124000414,55,125,-70
124000415,53,401,-348
124000416,189,604,-415
124000417,156,155,1
124000418,181,169,12
124000419,103,286,-183
124000420,67,134,-67
124000421,53,469,-416
124000422,29,25,4
124000423,148,50,98
124000424,4,167,-163
124000425,33,24,9
124000426,15,83,-68
124000427,49,42,7
124000428,28,41,-13
124000429,46,92,-46
124000430,802,1512,-710
124000431,313,1238,-925
124000432,251,1342,-1091
124000439,2,31,-29
124000443,0,8,-8
124000445,308,627,-319
124000446,2995,160,2835
124900001,375,342,33
124900002,220,773,-553
124900003,828,777,51
124900004,548,495,53
124900005,362,495,-133
124900006,531,632,-101
124900008,1643,768,875
124900009,158,261,-103
124900010,148,65,83
124900011,568,246,322
124900012,451,93,358
124900013,478,147,331
124900014,252,125,127
124900015,194,357,-163
124900016,107,166,-59
124900017,775,752,23
124900018,30,7,23
124900020,95,81,14
124900021,212,50,162
124900022,81,54,27
124900024,212,53,159
124900026,121,37,84
124900027,80,355,-275
124900028,1292,221,1071
124900029,13,495,-482
124900030,8,315,-307
124900031,77,697,-620
124900032,357,320,37
124900033,125,761,-636
124900034,10,180,-170
124900035,337,898,-561
124900036,3,79,-76
124900037,249,805,-556
124900038,393,590,-197
124900039,1,47,-46
124900040,138,118,20
124900041,300,1759,-1459
124900042,84,1,83
124900043,498,1909,-1411
124900044,88,4,84
124900045,1011,1260,-249
124900046,2890,348,2542
124900047,160,344,-184
124900048,226,332,-106
124900050,218,599,-381
124900052,102,632,-530
124900053,98,632,-534
124900054,5899,565,5334
124900055,2,174,-172
124900057,16,193,-177
124900060,111,358,-247
124900061,34,7,27
124900062,116,23,93
124900066,0,5,-5
124900067,15,388,-373
124900068,281,505,-224
124900070,48,23,25
124900072,63,27,36
124900074,460,600,-140
124900075,172,295,-123
124900076,22,799,-777
124900077,37,213,-176
124900078,106,28,78
124900079,1334,164,1170
124900080,394,1255,-861
124900081,798,337,461
124900082,462,1445,-983
124900083,286,987,-701
124900084,3777,161,3616
124900085,1567,391,1176
124900086,157,1264,-1107
124900087,667,109,558
124900088,843,180,663
124900089,2239,47,2192
124900090,324,314,10
124900091,337,1097,-760
124900092,328,653,-325
124900093,330,286,44
124900094,316,357,-41
124900095,134,562,-428
124900096,790,408,382
124900097,286,99,187
124900098,195,662,-467
124900099,1172,628,544
124900100,298,74,224
124900101,31,376,-345
124900102,206,54,152
124900103,185,500,-315
124900104,67,341,-274
124900105,132,261,-129
124900106,547,64,483
124900107,75,40,35
124900108,357,66,291
124900109,46,159,-113
124900110,198,507,-309
124900111,1,83,-82
124900112,84,1555,-1471
124900113,101,334,-233
124900114,216,131,85
124900115,70,47,23
124900116,230,192,38
124900117,1091,224,867
124900118,209,166,43
124900119,386,149,237
124900120,44,674,-630
124900121,173,320,-147
124900122,908,363,545
124900123,463,122,341
124900124,253,317,-64
129000186,335,54,281
204000001,53,6,47
204000002,13,5,8
204000003,39,2,37
204000004,6,3,3
204000005,550,547,3
204000006,1202,2023,-821
204000011,22,112,-90
204000012,69,121,-52
204000013,0,50,-50
204000019,576,764,-188
204000020,573,1111,-538
204000021,2342,1077,1265
204000022,520,651,-131
204000023,653,1374,-721
204000031,92,32,60
204000032,651,44,607
204000034,20,369,-349
204000035,0,7,-7
204000036,9,31,-22
204000037,4,16,-12
204000038,0,27,-27
204000039,5,54,-49
204000040,6,39,-33
204000041,14,91,-77
204000042,66,14,52
204000043,30,2,28
204000044,26,1,25
204000045,61,6,55
204000046,38,4,34
204000057,9,54,-45
204000062,15,52,-37
204000068,16,248,-232
204000069,24,279,-255
204000070,61,155,-94
204000080,30,76,-46
204000085,1774,2322,-548
204000086,3394,2835,559
204000087,36,11,25
204000088,7,147,-140
204000090,9,529,-520
204000093,215,86,129
204000096,679,1155,-476
204000097,338,48,290
204000099,921,1730,-809
204000100,1169,1759,-590
204000105,2246,2511,-265
204000110,837,1458,-621
204000111,432,971,-539
204000112,567,1176,-609
204000113,413,1225,-812
204000114,643,693,-50
204000115,442,480,-38
204000116,739,756,-17
204000119,1905,2969,-1064
204000132,479,215,264
204000133,576,360,216
204000134,177,173,4
204000135,364,151,213
204000136,290,358,-68
204000138,310,226,84
204000140,186,140,46
204000141,149,93,56
204000144,4,42,-38
204000145,664,76,588
204000146,30,685,-655
204000147,19,130,-111
204000148,357,57,300
204000154,10,1,9
204000155,11,8,3
204000177,114,119,-5
204000179,20,12,8
204000180,0,33,-33
204000222,8,14,-6
204000235,15,17,-2
204000236,112,463,-351
204000238,25,75,-50
204000240,370,133,237
204000263,542,1655,-1113
204000268,1428,907,521
204000308,358,37,321
204000317,19,94,-75
204000322,2,63,-61
204000323,38,18,20
204000328,259,140,119
204000329,64,282,-218
204000330,238,86,152
204000331,35,189,-154
204010341,14,602,-588
205000001,1323,2051,-728
205000013,21,87,-66
205000014,24,113,-89
205000015,27,263,-236
205000016,24,218,-194
205000017,20,111,-91
205000022,306,832,-526
205000025,1781,1356,425
205000029,233,5,228
205000045,123,363,-240
205000046,81,638,-557
205000047,64,577,-513
205000048,299,1287,-988
205000049,201,920,-719
205000050,1324,360,964
205000059,0,311,-311
205000060,0,81,-81
205000061,4,44,-40
205000062,8,40,-32
205000063,26,84,-58
205000064,11,162,-151
205000065,54,903,-849
205000066,133,1146,-1013
205000067,47,1338,-1291
205000069,137,25,112
205000082,184,464,-280
205000110,109,250,-141
205000111,170,288,-118
205000112,251,315,-64
205000113,191,348,-157
205000121,254,174,80
205000123,37,252,-215
205000126,488,213,275
205000127,712,339,373
205000128,606,164,442
205000129,932,157,775
205000130,783,48,735
205000131,510,6,504
205000132,689,1,688
205000133,415,0,415
205000134,240,1,239
205000137,112,185,-73
205000138,215,401,-186
205000139,35,165,-130
205000144,83,129,-46
205000145,338,337,1
205000151,310,91,219
205000152,255,70,185
205000153,192,97,95
205000154,84,103,-19
205000155,151,34,117
205000207,10,236,-226
205000233,19,0,19
205000234,0,1,-1
205000243,0,1,-1
205000244,1,6,-5
205000245,23,532,-509
205000249,1,41,-40
205000250,1,0,1
205000264,12,101,-89
206000027,9,2,7
206000028,3,1,2
206000043,5,186,-181
206000053,1,23,-22
206000054,4,39,-35
206000055,1,28,-27
206000075,12,14,-2
206000076,10,11,-1
206000077,15,4,11
206000078,7,4,3
206000079,13,7,6
206000082,529,17,512
206000100,111,1384,-1273
206000103,5,23,-18
206000104,10,39,-29
206000105,18,39,-21
206000106,11,42,-31
206000108,706,63,643
206000125,47,0,47
206000157,85,1303,-1218
206000170,1,377,-376
206000171,3,344,-341
206000172,14,1267,-1253
206000173,1,418,-417
206000174,10,183,-173
206000175,2,268,-266
206000176,16,465,-449
206000177,0,285,-285
206000178,3,268,-265
206000179,9,181,-172
206000180,20,357,-337
206000181,5,596,-591
206000182,8,574,-566
206000183,31,1767,-1736
206000184,6,595,-589
206000185,8,523,-515
206000186,111,2663,-2552
206000223,9,331,-322
206000226,10,5,5
206000227,27,2,25
206000237,35,716,-681
206000238,57,1147,-1090
206000239,866,4475,-3609
206000240,1,68,-67
206000241,0,214,-214
206000242,5,537,-532
206000243,6,561,-555
206000244,75,1391,-1316
206000245,405,57,348
206000246,73,9,64
206000247,101,6,95
206000248,211,10,201
206000252,81,41,40
206000258,25,100,-75
206000315,27,1,26
206000317,252,96,156
206000318,228,76,152
206000319,546,88,458
206000320,62,37,25
206000321,62,12,50
206000322,230,9,221
206000323,84,11,73
206000324,84,4,80
206000325,178,8,170
206000326,133,10,123
206000327,208,7,201
206000328,76,2,74
206000329,112,12,100
206000330,32,9,23
206000331,51,4,47
206000332,15,13,2
206000333,297,3,294
206000334,172,4,168
206000335,0,22,-22
206000361,5,357,-352
206000392,5,70,-65
206000405,114,1,113
206000441,18,18,0
206000498,35,1,34
206000515,130,43,87
206000530,108,45,63
206000531,172,122,50
206000532,3771,163,3608
206000535,562,3942,-3380
206000536,33,445,-412
206000537,11,388,-377
206000613,1496,162,1334
207000001,158,608,-450
207000002,123,427,-304
207000003,146,298,-152
207000007,591,354,237
207000008,61,14,47
207000009,32,27,5
207000010,442,884,-442
207000012,262,329,-67
207000015,410,2558,-2148
207000019,212,93,119
207000021,584,162,422
207000022,144,88,56
207000023,203,64,139
207000024,1,26,-25
207000025,12,57,-45
207000026,121,51,70
207000027,27,95,-68
207000028,88,266,-178
207000029,376,595,-219
207000033,262,392,-130
207000034,273,86,187
207000039,389,123,266
207000040,228,171,57
207000041,95,58,37
207000042,257,114,143
207000043,272,235,37
207000051,170,459,-289
207000052,22,267,-245
207000053,467,968,-501
207000054,32,181,-149
207000055,174,257,-83
207000056,318,586,-268
207000057,180,472,-292
207000058,109,715,-606
207000059,105,1183,-1078
207000060,71,396,-325
207000061,196,284,-88
207000062,209,89,120
207000063,214,138,76
207000064,353,167,186
207000065,313,223,90
207000066,178,197,-19
207000067,40,146,-106
207000068,119,96,23
207000069,621,475,146
207000082,41,491,-450
207000083,75,595,-520
207000084,195,310,-115
207000085,139,5,134
207000086,117,7,110
207000106,22,41,-19
207000107,62,31,31
207000108,34,15,19
207000109,46,14,32
207000110,59,66,-7
207000111,92,86,6
207000112,255,493,-238
207000114,22,76,-54
207000115,23,107,-84
207000116,27,453,-426
207000117,26,197,-171
207000118,7,137,-130
207000119,43,160,-117
207000123,211,26,185
207000124,84,34,50
207000125,79,59,20
207000126,72,78,-6
207000134,36,284,-248
207000135,10,413,-403
207000148,42,310,-268
207000149,74,64,10
207000152,201,483,-282
207000153,1222,1522,-300
207000154,432,164,268
207000159,100,410,-310
207000160,132,951,-819
207000238,0,153,-153
207000242,3,370,-367
207000248,44,69,-25
207000249,147,78,69
207000250,1317,113,1204
207000251,106,99,7
207000252,56,119,-63
207000278,52,121,-69
207000279,11,365,-354
207000280,269,89,180
207000281,106,1915,-1809
207000282,269,65,204
207000283,172,395,-223
207000284,71,96,-25
207000285,234,38,196
207000291,14,145,-131
207000304,191,116,75
207000306,97,592,-495
207000310,79,84,-5
207000353,368,2,366
207000356,14,41,-27
207000357,146,12,134
207000358,264,16,248
207000415,7,272,-265
207000417,57,3,54
207000418,91,167,-76
207000438,1,10,-9
207000439,1155,494,661
207000446,137,5,132
207000460,10,4,6
207000466,257,256,1
207000467,153,100,53
207000468,38,861,-823
207000476,6,155,-149
207000477,559,175,384
207000478,34,33,1
207000523,0,13,-13
207000524,40,0,40
207000527,81,176,-95
207000530,412,8,404
207000531,339,15,324
207000532,135,30,105
207000534,658,93,565
207000535,71,440,-369
207000537,37,181,-144
207000540,8,267,-259
207000541,1,491,-490
207000548,16,434,-418
207000549,288,18,270
207000561,102,255,-153
207000562,58,274,-216
207000567,224,373,-149
207000568,105,197,-92
207000569,393,1876,-1483
207000584,466,338,128
207000585,104,464,-360
207000616,0,299,-299
207000617,119,0,119
207900008,102,339,-237
208000001,526,956,-430
208000002,464,621,-157
208000003,1031,712,319
208000004,1150,937,213
208000005,31,16,15
208000019,554,1158,-604
208000020,149,570,-421
208000021,237,959,-722
208000022,895,1138,-243
208000028,1911,1203,708
208000033,533,1172,-639
208000034,1594,2893,-1299
208000040,112,189,-77
208000041,856,698,158
208000042,1184,667,517
208000047,198,707,-509
208000064,3076,2019,1057
208000066,1871,1843,28
208000070,303,560,-257
208000071,381,1208,-827
208000072,341,1896,-1555
208000080,245,409,-164
208000081,316,234,82
208000082,323,461,-138
208000083,162,562,-400
208000084,23,24,-1
208000085,945,679,266
208000086,511,1171,-660
208000087,274,997,-723
208000089,934,1176,-242
208000090,852,1745,-893
208000093,125,169,-44
208000094,558,940,-382
208000095,746,673,73
208000104,963,1425,-462
208000105,687,1502,-815
208000114,80,283,-203
208000115,551,572,-21
208000116,391,1107,-716
208000117,99,172,-73
208000118,106,126,-20
208000155,613,1382,-769
208000158,1948,4756,-2808
208000186,4043,3987,56
208000204,598,1679,-1081
208000205,1184,2240,-1056
208000282,5440,3275,2165
209000004,240,321,-81
209000005,41,33,8
209000006,615,119,496
209000007,438,315,123
209000010,631,164,467
209000011,231,258,-27
209000012,163,273,-110
209000013,249,797,-548
209000014,656,2243,-1587
209000025,259,38,221
209000026,732,114,618
209000027,365,1450,-1085
209000028,310,1373,-1063
209000029,755,1485,-730
209000030,536,2633,-2097
209000031,5624,3683,1941
209000034,148,209,-61
209000035,137,192,-55
209000036,154,129,25
209000037,159,264,-105
209000038,94,194,-100
209000039,47,223,-176
209000040,466,701,-235
209000041,265,522,-257
209000042,312,513,-201
209000043,1219,840,379
209000044,245,843,-598
209000045,1176,535,641
209000046,479,620,-141
209000047,331,327,4
209000048,442,367,75
209000049,68,189,-121
209000050,186,279,-93
209000051,202,515,-313
209000052,153,475,-322
209000062,62,252,-190
209000063,33,200,-167
209000064,49,211,-162
209000065,71,52,19
209000066,48,70,-22
209000067,53,107,-54
209000080,50,252,-202
209000082,50,79,-29
209000091,40,190,-150
209000093,81,61,20
209000094,300,294,6
209000110,57,124,-67
209000111,368,1604,-1236
209000112,685,743,-58
209000113,1770,573,1197
209000114,339,558,-219
209000115,69,196,-127
209000116,796,1083,-287
209000118,42,65,-23
209000119,66,7,59
209000121,170,976,-806
209000135,77,171,-94
209000142,699,1454,-755
209000143,132,133,-1
209000144,83,94,-11
209000229,189,274,-85
209000240,34,637,-603
209000259,76,156,-80
209000260,99,1858,-1759
209000261,8,1239,-1231
209000262,3,922,-919
209000263,0,264,-264
209000264,0,139,-139
209000265,407,1,406
209000266,108,1,107
209000267,1090,20,1070
209000268,755,72,683
210000037,55,25,30
210000047,55,49,6
210000048,89,57,32
210000049,49,64,-15
210000052,50,194,-144
210000053,26,140,-114
210000054,53,141,-88
210000070,151,5,146
210000071,67,0,67
210000072,21,0,21
210000073,1,40,-39
210000074,0,173,-173
210000075,1,84,-83
210000076,16,180,-164
210000077,41,35,6
210000078,41,39,2
210000079,120,19,101
210000080,259,83,176
210000081,201,28,173
210000082,60,4,56
210000083,46,0,46
210000084,41,0,41
210000085,1,91,-90
210000086,1,143,-142
210000099,45,291,-246
210000100,84,325,-241
210000101,72,316,-244
210000105,57,353,-296
210000159,0,175,-175
210000163,263,433,-170
210000164,337,157,180
210000168,225,24,201
210000187,1,56,-55
210000188,0,35,-35
210000214,23,0,23
210000219,18,86,-68
210000220,54,190,-136
210000232,11,34,-23
210000233,41,90,-49
210000234,28,175,-147
210000235,74,215,-141
210000245,1,110,-109
210000246,35,0,35
210000258,19,117,-98
210000259,382,44,338
210000282,75,294,-219
210000285,0,149,-149
210000286,18,177,-159
210000290,5,6,-1
210000295,38,262,-224
210000296,58,126,-68
210000320,186,230,-44
210000321,110,185,-75
210000338,65,154,-89
210000339,652,1343,-691
210000340,125,429,-304
210000341,143,322,-179
210000342,216,266,-50
210000343,149,272,-123
210000344,314,161,153
210000345,311,256,55
210000346,103,161,-58
210000347,239,64,175
210000348,192,22,170
210000349,112,23,89
210000350,87,81,6
210000351,100,88,12
210000352,65,151,-86
210000353,42,165,-123
210000354,102,139,-37
210000355,75,149,-74
210000356,139,69,70
210000357,95,73,22
210000358,571,142,429
210000359,165,76,89
210000360,198,125,73
210000361,156,203,-47
210000362,199,248,-49
210000363,1099,259,840
210000364,119,247,-128
210000365,136,69,67
210000366,136,64,72
210000367,97,33,64
210000368,243,50,193
210000369,24,21,3
210000370,56,69,-13
210000372,76,50,26
210000373,122,26,96
210000374,52,10,42
210000375,28,134,-106
210000376,91,207,-116
210000404,76,242,-166
210000439,21,109,-88
210000472,117,10,107
210000482,78,137,-59
210000564,697,397,300
210000567,1,14,-13
210000568,836,3,833
211000092,18,133,-115
211000094,58,22,36
211000169,265,27,238
211000172,19,385,-366
211000209,5,36,-31
211000226,18,28,-10
211000270,12,12,0
211000275,34,55,-21
211000276,66,54,12
211000279,10,117,-107
211000281,33,102,-69
211507980,4,55,-51
211977296,100,10,90
212000003,124,80,44
212000004,65,37,28
212000005,27,44,-17
212000006,32,140,-108
212000008,123,314,-191
212000009,29,228,-199
212000012,48,94,-46
212000013,17,73,-56
212000014,252,212,40
212000015,208,361,-153
212000016,403,830,-427
212000027,596,841,-245
212000028,313,652,-339
212000029,195,507,-312
212000030,41,33,8
212000031,63,92,-29
212000048,43,122,-79
212000049,25,83,-58
212000050,21,10,11
212000051,152,273,-121
212000052,165,540,-375
212000053,308,840,-532
212000054,180,240,-60
212000055,237,449,-212
212000056,19,61,-42
212000057,7,55,-48
212000058,670,54,616
212000070,104,533,-429
212000077,117,985,-868
212000099,261,447,-186
212000108,298,289,9
212000111,168,191,-23
212000120,227,167,60
212000138,101,30,71
212000156,10,214,-204
212000158,11,21,-10
212000159,273,70,203
212000160,505,325,180
212000161,32,3,29
212000310,19,24,-5
212000311,8,156,-148
212000374,23,16,7
213000001,37,1358,-1321
213000005,467,163,304
213000006,1269,260,1009
213000007,183,11,172
213000009,780,435,345
213000010,230,309,-79
213000011,230,191,39
213000012,224,526,-302
213000014,66,17,49
213000015,277,5,272
213000016,400,3,397
213000017,53,0,53
213000018,0,296,-296
213000019,2,275,-273
213000020,133,628,-495
213000021,4,166,-162
213000023,318,248,70
213000033,347,1569,-1222
213000034,780,510,270
213000035,120,321,-201
213000045,178,340,-162
213000046,228,304,-76
213000047,806,1178,-372
213000056,75,65,10
213000069,120,2,118
213000073,10,42,-32
213000074,256,960,-704
213000075,530,6,524
213000076,44,1,43
213000085,4,58,-54
213000086,25,386,-361
213000091,128,17,111
213000092,103,26,77
213000099,214,1272,-1058
213000100,1529,315,1214
213000101,256,231,25
213000102,348,577,-229
213000103,904,1432,-528
213000104,78,895,-817
213000105,7,121,-114
213000106,46,251,-205
213000107,141,1205,-1064
213000108,31,899,-868
213000109,3,463,-460
213000110,10,129,-119
213000111,8,147,-139
213000112,151,188,-37
213000115,52,0,52
213000116,123,1566,-1443
213000117,22,2013,-1991
213000118,331,513,-182
213000119,110,1442,-1332
213000120,168,1322,-1154
213000122,315,1328,-1013
213000123,1137,2528,-1391
213000124,119,2356,-2237
213000125,174,13,161
213000126,148,150,-2
213000127,254,262,-8
213000128,1181,1264,-83
213000129,643,591,52
213000130,352,262,90
213000132,246,81,165
213000133,411,148,263
213000134,754,33,721
213000136,313,21,292
213000137,581,102,479
213000139,323,25,298
213000147,142,8,134
213000148,27,11,16
213000149,62,5,57
213000150,1,119,-118
213000151,1,126,-125
213000152,10,122,-112
213000153,2,65,-63
213000154,43,367,-324
213000155,59,633,-574
213000156,110,1081,-971
213000157,1110,708,402
213000158,371,1203,-832
213000159,521,1033,-512
213000163,539,134,405
213000165,803,323,480
213000171,1,245,-244
213000172,2,564,-562
213000173,4,422,-418
213000174,5,314,-309
213000175,11,216,-205
213000176,37,22,15
213000177,51,6,45
213000178,106,5,101
213000179,165,3,162
213000180,87,0,87
213000184,147,952,-805
213000188,393,117,276
213000189,293,45,248
213000190,905,1519,-614
213000191,309,938,-629
213000192,207,1094,-887
213000193,3009,365,2644
213000194,3,56,-53
213000195,22,733,-711
213000196,318,1592,-1274
213000197,302,666,-364
213000198,95,1,94
213000200,130,1621,-1491
213000201,84,104,-20
213000202,28,1530,-1502
213000203,4633,813,3820
213000204,515,109,406
213000205,300,146,154
213000206,1014,81,933
213000207,204,10,194
213000208,90,2,88
213000209,172,6,166
213000210,398,5,393
213000211,6,25,-19
213000212,11,19,-8
213000213,5,55,-50
213000218,253,1290,-1037
213000219,513,16,497
213000220,400,10,390
213000223,273,214,59
213000224,48,41,7
213000225,35,26,9
213000226,73,28,45
213000227,774,316,458
213000228,239,110,129
213000229,623,31,592
213000230,344,32,312
213000232,104,685,-581
213000233,12,65,-53
213000234,9,61,-52
213000293,35,103,-68
213000294,230,7,223
213000295,7,100,-93
213000296,96,49,47
213000297,19,210,-191
213000298,24,187,-163
213000299,82,83,-1
213000300,10,12,-2
213000303,7,54,-47
213000304,2,9,-7
213000305,1,14,-13
213000306,92,69,23
213000307,472,91,381
213000308,135,530,-395
213000309,218,97,121
213000310,436,117,319
213000311,366,1276,-910
213000315,115,306,-191
213000316,109,71,38
213000322,128,304,-176
213000323,67,171,-104
213000324,59,146,-87
213000325,21,228,-207
213000326,36,54,-18
213000327,29,144,-115
213000328,28,144,-116
213000329,64,105,-41
213000340,203,1410,-1207
213000341,294,143,151
213000346,212,244,-32
213000347,1075,350,725
213000348,11,211,-200
213000349,52,9,43
213000350,326,2295,-1969
213000366,101,706,-605
213000367,192,59,133
213000379,79,232,-153
213000386,82,257,-175
213000406,137,479,-342
213000417,1365,481,884
213000425,106,75,31
213000426,77,113,-36
213000427,59,728,-669
213000428,53,428,-375
213000429,7,4,3
213000430,119,2115,-1996
213000431,29,4,25
213000432,0,33,-33
213000433,22,279,-257
213000434,100,202,-102
213000435,98,170,-72
213000436,13,133,-120
213000437,2,64,-62
213000438,118,172,-54
213000439,78,20,58
213000440,40,377,-337
213000441,2,2,0
213000442,2,59,-57
213000443,604,791,-187
213000444,40,139,-99
213000445,1,176,-175
213000446,0,32,-32
213000447,15,58,-43
213000448,6,147,-141
213000449,270,3,267
213000450,37,87,-50
213000451,275,156,119
213000452,11,35,-24
213000453,65,698,-633
213000455,645,91,554
213000456,1,271,-270
213000481,7,7,0
213000482,59,5,54
213000489,788,117,671
213000491,1,142,-141
213000492,467,74,393
213000493,1,100,-99
213000494,203,249,-46
213000495,0,165,-165
213000496,374,351,23
213000497,41,563,-522
213000498,141,376,-235
213000499,199,1189,-990
213000500,323,163,160
213000501,128,41,87
213000502,325,153,172
213000503,4,135,-131
213000504,10,296,-286
213000505,13,2,11
213000506,0,12,-12
213000507,10,259,-249
213900016,0,13,-13
213900244,29,0,29
213900245,0,31,-31
218000003,37,13,24
218000004,40,27,13
218000005,40,80,-40
218000006,49,42,7
218000007,18,13,5
218000012,552,191,361
218000013,73,175,-102
218000014,497,584,-87
218000019,889,829,60
218000020,366,695,-329
218000021,54,130,-76
218000022,14,72,-58
218000023,2,55,-53
218000024,1,28,-27
218000025,11,44,-33
218000026,9,83,-74
218000027,2,29,-27
218000028,2,6,-4
218000029,4,5,-1
218000030,20,73,-53
218000031,4,82,-78
218000032,1,63,-62
218000040,5,5,0
218000046,53,146,-93
218000047,19,211,-192
218000048,73,258,-185
218000049,140,237,-97
218000050,405,438,-33
218000051,91,387,-296
218000052,2,175,-173
218000053,1,19,-18
218000054,16,47,-31
218000055,12,24,-12
218000056,36,24,12
218000057,1,45,-44
218000064,0,10,-10
218000065,48,92,-44
218000066,14,80,-66
218000067,75,125,-50
218000068,121,166,-45
218000069,169,299,-130
218000070,135,378,-243
218000071,143,348,-205
218000072,309,439,-130
218000078,771,1725,-954
218000079,67,101,-34
218000080,73,131,-58
218000081,293,478,-185
218000082,47,206,-159
218000083,71,90,-19
218000084,112,270,-158
218000085,104,672,-568
218000086,51,243,-192
218000087,180,302,-122
218000090,12,86,-74
218000091,858,646,212
218000092,70,220,-150
218000093,77,110,-33
218000094,472,1172,-700
218000099,295,747,-452
218000100,229,484,-255
218000101,219,249,-30
218000102,244,490,-246
218000103,89,275,-186
218000104,58,62,-4
218000105,20,13,7
218000106,18,9,9
218000107,50,106,-56
218000108,15,78,-63
218000112,62,26,36
218000117,55,66,-11
218000134,728,1395,-667
218000135,58,192,-134
218000136,272,103,169
218000137,198,188,10
218000138,32,127,-95
218000139,110,455,-345
218000140,328,268,60
218000141,94,106,-12
218000142,138,430,-292
218000143,168,345,-177
218000144,85,91,-6
218000145,293,485,-192
218000146,90,228,-138
218000151,12,47,-35
218000152,61,68,-7
218000153,6,7,-1
218000154,22,3,19
218000155,10,4,6
218000156,57,46,11
218000157,18,18,0
218000158,8,22,-14
218000159,4,9,-5
218000160,3,15,-12
218000161,11,18,-7
218000162,21,10,11
218000163,6,2,4
218000164,28,14,14
218000165,47,58,-11
218000170,8,49,-41
218000171,54,10,44
218000172,19,13,6
218000173,37,30,7
218000174,21,14,7
218000176,116,36,80
218000177,239,211,28
218000178,55,251,-196
218000179,56,105,-49
218000180,59,44,15
218000181,146,75,71
218000187,5,26,-21
218000188,24,75,-51
218000189,23,102,-79
218000190,8,38,-30
218000191,88,124,-36
218000192,154,707,-553
218000193,388,810,-422
218000194,78,826,-748
218000195,129,145,-16
218000196,291,482,-191
218000197,225,600,-375
218000198,18,262,-244
218000199,53,65,-12
218000200,114,106,8
218000201,28,26,2
218000202,315,252,63
218000207,16,134,-118
218000208,57,119,-62
218000211,50,19,31
218000212,1,13,-12
218000213,114,87,27
218000214,6,51,-45
218000215,40,143,-103
218000217,10,209,-199
218000218,369,120,249
218000219,87,25,62
218000220,246,514,-268
218000221,1315,231,1084
218000222,67,30,37
218000223,28,270,-242
218000224,6,174,-168
218000225,130,31,99
218000226,72,109,-37
218000230,0,9,-9
218000232,52,106,-54
218000239,179,11,168
218000240,19,2,17
218000241,36,2,34
218000242,82,1,81
218000243,89,7,82
218000244,38,5,33
218000245,21,1,20
218000246,0,2,-2
218000247,0,1,-1
218000248,1,36,-35
218000249,2,2,0
218000250,16,44,-28
218000251,8,52,-44
218000252,4,27,-23
218000253,4,20,-16
218000254,0,16,-16
218000255,1,15,-14
218000256,7,76,-69
218000267,1223,1706,-483
218000268,21,104,-83
218000269,11,20,-9
218000270,39,72,-33
218000271,35,96,-61
218000273,10,21,-11
218000274,19,18,1
218000275,14,36,-22
218000276,8,47,-39
218000278,16,36,-20
218000279,38,66,-28
218000280,17,23,-6
218000281,16,19,-3
218000282,690,334,356
218000284,257,29,228
218000301,78,109,-31
218000302,98,100,-2
218000303,36,111,-75
218000316,581,1439,-858
218000317,650,1354,-704
218000318,321,1098,-777
218000319,901,2444,-1543
218000320,696,1034,-338
218000338,99,38,61
218000345,88,70,18
218000346,29,204,-175
218000459,59,425,-366
218000490,74,100,-26
218000501,75,54,21
218000502,55,124,-69
218000503,82,21,61
218000504,156,25,131
218000505,63,231,-168
218000506,30,255,-225
218000508,0,2,-2
218000510,161,11,150
218000520,154,130,24
218000521,8,129,-121
218000522,2,179,-177
218000523,156,9,147
218000524,46,334,-288
218000525,80,14,66
218000526,30,158,-128
218000529,40,645,-605
218000530,8,6,2
218000531,7,29,-22
218000532,13,33,-20
218000534,116,13,103
218000537,31,90,-59
218000538,166,161,5
218000540,233,74,159
218000543,102,48,54
218000544,66,230,-164
218000545,51,79,-28
218000546,42,201,-159
218000547,152,148,4
218000548,84,373,-289
218000549,395,286,109
218000550,264,728,-464
218000551,229,829,-600
218000552,684,76,608
218000553,41,116,-75
218000554,19,33,-14
218000555,29,42,-13
218000556,119,739,-620
218000557,235,185,50
218000558,81,1,80
218000559,0,51,-51
218000560,0,19,-19
218000561,16,0,16
218000562,34,254,-220
218000563,255,33,222
218000564,20,177,-157
218000565,191,37,154
218000566,446,39,407
218000567,3,91,-88
218000568,50,5,45
218000569,12,279,-267
218000570,224,6,218
218000571,1,126,-125
218000572,169,10,159
218000573,14,120,-106
218000574,146,70,76
218000575,91,0,91
218000576,1,71,-70
218000577,117,0,117
218000578,0,90,-90
218000579,55,12,43
218000581,11,96,-85
218000582,54,9,45
218000583,20,0,20
218000584,0,40,-40
218000585,19,6,13
218000586,8,59,-51
218000587,3,4,-1
218000588,1,5,-4
218000589,0,1,-1
218000590,2,0,2
218000591,0,10,-10
218000592,2,3,-1
218000593,0,0,0
218000594,0,0,0
218000595,0,0,0
218000596,0,0,0
218000597,0,2,-2
218000598,0,2,-2
218000599,2,1,1
218000600,1,0,1
218000601,0,1,-1
218000602,0,7,-7
218000603,0,9,-9
218000604,13,2,11
218000605,0,25,-25
218000606,96,0,96
218000607,12,71,-59
218000608,97,14,83
218000609,5,61,-56
218000610,109,5,104
218000611,48,11,37
218000612,0,40,-40
218000613,49,0,49
218000614,1,50,-49
218000615,87,2,85
218000616,11,234,-223
218000617,26,4,22
218000618,1,19,-18
218000619,24,68,-44
218000620,15,31,-16
218000621,0,10,-10
218000622,0,8,-8
218000623,17,2,15
218000624,5,7,-2
218000625,36,1,35
218000626,1,7,-6
218000628,81,55,26
218000631,24,26,-2
218000632,1,141,-140
218000633,48,0,48
218000634,7,18,-11
218000635,10,24,-14
218000636,830,2219,-1389
218000637,1129,729,400
218000638,127,153,-26
218000639,10,293,-283
218000640,141,54,87
218000641,37,479,-442
218000652,74,201,-127
218000653,131,94,37
218000663,5,234,-229
218000675,84,53,31
218000676,5,46,-41
218000677,10,9,1
218000680,195,957,-762
218000681,328,128,200
218000691,88,718,-630
218000693,144,139,5
218000703,12,111,-99
218000718,1614,1019,595
218000719,2151,314,1837
218000720,13,106,-93
218000721,99,23,76
218000725,2,16,-14
218001214,23,28,-5
218001258,5,6,-1
218001329,130,152,-22
218001330,105,173,-68
218001351,27,29,-2
218001352,37,25,12
218001353,15,19,-4
218001354,6,17,-11
218001355,53,13,40
218001356,91,3,88
218001357,22,3,19
218001358,36,5,31
218001361,51,29,22
219000001,35,94,-59
219000002,35,106,-71
219000003,21,25,-4
219000004,50,66,-16
219000017,197,31,166
219000020,85,39,46
219000022,124,8,116
219000023,95,2,93
219000029,0,79,-79
219000034,51,21,30
219000039,41,95,-54
219000040,80,44,36
219000041,108,29,79
219000051,0,72,-72
219000052,0,27,-27
219000053,2,283,-281
219000054,47,236,-189
219000055,95,2,93
219000056,22,2,20
219000057,55,1,54
219000062,11,443,-432
219000063,62,11,51
219000064,1,80,-79
219000110,279,61,218
219000111,71,35,36
219000112,169,50,119
219000113,105,65,40
219000114,274,68,206
219000116,88,48,40
219000117,219,209,10
219000118,123,137,-14
219000123,464,120,344
219000124,79,78,1
219000125,11,25,-14
219000126,62,176,-114
219000127,2,6,-4
219000128,11,128,-117
219000129,26,203,-177
219000130,837,1000,-163
219000131,603,1031,-428
219000133,80,25,55
219000134,12,14,-2
219000135,42,55,-13
219000136,187,160,27
219000138,44,32,12
219000139,29,95,-66
219000140,78,3,75
219000141,12,148,-136
219000142,25,125,-100
219000143,32,137,-105
219000145,23,86,-63
219000146,2,92,-90
219000147,0,91,-91
219000148,1,80,-79
219000149,26,235,-209
219000150,4,219,-215
219000151,6,154,-148
219000157,161,180,-19
219000158,198,353,-155
219000161,169,17,152
219000163,1966,514,1452
219000166,84,223,-139
219000167,65,347,-282
219000168,261,87,174
219000174,318,163,155
219000175,55,2,53
219000176,41,7,34
219000177,35,6,29
219000178,17,6,11
219000179,12,16,-4
219000180,27,44,-17
219000182,101,20,81
219000183,53,56,-3
219000184,71,27,44
219000185,0,105,-105
219000186,61,73,-12
219000187,21,169,-148
219000189,168,262,-94
219000190,192,367,-175
219000191,1406,1611,-205
219000192,172,164,8
219000193,679,258,421
219000195,1,104,-103
219000196,13,186,-173
219000198,27,215,-188
219000199,128,293,-165
219000200,47,224,-177
219000201,84,327,-243
219000203,26,212,-186
219000204,154,298,-144
219000205,73,225,-152
219000207,161,416,-255
219000209,29,95,-66
219000210,99,149,-50
219000213,16,596,-580
219000239,218,276,-58
219000240,187,604,-417
219000241,118,361,-243
219000242,53,304,-251
219000243,134,511,-377
219000244,28,176,-148
219000245,31,88,-57
219000246,50,32,18
219000247,116,43,73
219000248,488,313,175
219000249,108,60,48
219000250,107,118,-11
219000251,473,286,187
219000252,244,189,55
219000253,274,50,224
219000255,77,113,-36
219000256,123,110,13
219000257,120,41,79
219000262,100,288,-188
219000263,49,338,-289
219000267,6,229,-223
219000268,6,4,2
219000269,4,2,2
219000270,14,0,14
219000271,82,1,81
219000278,0,6,-6
219000279,1,7,-6
219000283,0,15,-15
219000295,7,130,-123
219000296,112,801,-689
219000297,20,192,-172
219000298,10,267,-257
219000299,415,132,283
219000300,26,393,-367
219000301,310,446,-136
219000302,41,253,-212
219000307,38,67,-29
219000308,46,38,8
219000311,166,49,117
219000312,462,68,394
219000313,267,39,228
219000314,83,780,-697
219000315,185,63,122
219000316,466,65,401
219000317,82,44,38
219000320,1,52,-51
219000321,0,8,-8
219000323,1,158,-157
219000325,5,59,-54
219000326,57,151,-94
219000327,62,53,9
219000328,22,78,-56
219000329,338,164,174
219000330,96,77,19
219000331,30,61,-31
219000332,69,109,-40
219000333,10,2,8
219000335,72,6,66
219000337,17,2,15
219000338,76,14,62
219000344,28,69,-41
219000345,85,219,-134
219000346,50,213,-163
219000348,144,252,-108
219000349,62,449,-387
219000350,53,127,-74
219000351,11,5,6
219000352,280,48,232
219000353,157,47,110
219000354,107,151,-44
219000355,120,34,86
219000356,1641,937,704
219000363,325,42,283
219000364,87,41,46
219000365,99,10,89
219000366,226,262,-36
219000368,431,475,-44
219000370,1222,271,951
219000371,9,33,-24
219000382,8,26,-18
219000383,813,1097,-284
219000385,748,612,136
219000386,1397,2027,-630
219000387,17,7,10
219000390,9,3,6
219000391,2,0,2
219000397,80,91,-11
219000398,84,51,33
219000401,27,177,-150
219000402,26,97,-71
219000403,160,230,-70
219000404,16,101,-85
219000407,3,53,-50
219000409,35,72,-37
219000410,76,33,43
219000411,70,21,49
219000446,292,744,-452
219000447,2,22,-20
219000448,25,7,18
219000452,95,71,24
219000453,95,162,-67
219000454,331,217,114
219000556,188,98,90
219000558,124,444,-320
219000590,20,258,-238
219000591,57,136,-79
219000592,150,492,-342
219000595,2,67,-65
219000635,93,48,45
219000636,31,137,-106
219000657,37,16,21
219000658,28,95,-67
219000673,1,17,-16
219000676,61,3,58
219000679,57,11,46
219000684,59,0,59
219000685,2,153,-151
219000686,0,2,-2
219000688,1,104,-103
219000689,105,384,-279
219000690,255,48,207
219000691,69,194,-125
219000692,210,52,158
219000693,1,27,-26
219000694,13,1,12
219000695,11,8,3
219000698,100,0,100
219000699,0,17,-17
219000727,2,259,-257
219000728,72,1,71
219000770,25,1,24
219000771,1,50,-49
219000788,225,216,9
219001150,0,14,-14
219001151,0,5,-5
219001166,49,23,26
219001167,3,106,-103
219001178,32,2,30
220000001,79,51,28
220000002,23,245,-222
220000003,501,367,134
220000004,624,715,-91
220000005,1609,2241,-632
220000006,188,1162,-974
220000007,405,734,-329
220000008,465,1430,-965
220000009,233,780,-547
220000010,229,241,-12
220000011,1033,3368,-2335
220000012,198,441,-243
220000014,96,62,34
220000015,87,271,-184
220000017,80,663,-583
220000018,9470,2927,6543
220000019,105,309,-204
220000020,480,257,223
220000021,470,288,182
220000022,423,580,-157
220000023,231,194,37
220000024,1841,411,1430
220000025,843,926,-83
220000026,260,239,21
220000027,13,115,-102
220000028,22,31,-9
220000029,81,337,-256
220000030,133,111,22
220000031,302,387,-85
220000064,56,1531,-1475
221000046,2,1,1
221000047,0,3,-3
221000048,0,2,-2
221000049,0,28,-28
221000050,13,0,13
221000055,59,53,6
221000057,48,17,31
221000068,426,195,231
221000069,374,87,287
221000070,261,41,220
221000071,102,14,88
221000072,239,16,223
221000073,193,54,139
221000074,1,26,-25
221000075,29,24,5
221000076,12,43,-31
221000077,60,95,-35
221000081,54,6,48
221000082,55,8,47
221000083,36,2,34
221000084,6,2,4
221000085,22,95,-73
221000086,15,149,-134
221000087,14,294,-280
221000088,16,326,-310
221000089,28,472,-444
221000090,118,711,-593
221000098,88,18,70
221000099,127,13,114
221000100,56,9,47
221000101,202,29,173
221000102,141,27,114
221000109,6,132,-126
221000110,11,141,-130
221000111,26,195,-169
221000112,16,213,-197
221000113,15,242,-227
221000114,20,253,-233
221000120,63,55,8
221000121,7,25,-18
221000122,45,39,6
221000123,18,43,-25
221000124,45,583,-538
221000155,97,8,89
221000156,27,21,6
221000175,0,9,-9
221000176,0,3,-3
221000182,38,14,24
221000241,591,289,302
221000242,314,582,-268
221000243,416,150,266
221000244,291,597,-306
221000245,37,123,-86
221000246,60,341,-281
221000247,84,146,-62
221000248,133,197,-64
221000267,60,1178,-1118
221000325,71,99,-28
221000331,11,182,-171
221000338,24,26,-2
221000378,111,37,74
221000381,102,159,-57
222000282,13,2,11
222000296,5,40,-35
222000568,281,20,261
222000569,102,31,71
222000570,109,24,85
222000571,253,27,226
222000577,27,398,-371
222000578,32,340,-308
222000579,42,218,-176
222000580,207,1365,-1158
222000599,0,199,-199
222000600,1,390,-389
222000601,10,1220,-1210
222000603,18,27,-9
222000604,9,27,-18
222000605,31,25,6
222000606,5,11,-6
222000607,9,3,6
222000608,17,20,-3
222000609,37,517,-480
222000616,238,42,196
222000617,9,21,-12
222000618,7,4,3
222000620,73,11,62
222000621,52,11,41
222000623,416,6,410
222000624,235,8,227
222000625,391,39,352
222000636,51,3,48
222000686,32,13,19
222000687,16,44,-28
222001066,617,1,616
222001067,12,22,-10
222001068,61,160,-99
222001069,21,144,-123
222001082,10,79,-69
222001083,18,90,-72
222001084,0,26,-26
222001085,1,274,-273
222001111,46,312,-266
222001112,57,58,-1
222001313,46,6,40
222001314,4,107,-103
222001464,97,51,46
222001465,19,196,-177
222001484,60,56,4
222001485,27,66,-39
222001494,221,151,70
222001495,142,703,-561
222001496,234,92,142
222001497,87,1051,-964
222001502,21,154,-133
222001503,78,65,13
222001504,33,370,-337
222001505,284,24,260
222001506,38,395,-357
222001507,268,30,238
222001510,271,38,233
222001511,59,598,-539
222001514,540,204,336
222001515,278,893,-615
222001518,159,70,89
222001519,70,542,-472
222001527,182,116,66
222001528,63,230,-167
222001529,169,44,125
222001530,99,354,-255
222001533,155,554,-399
222001534,245,51,194
222001535,162,207,-45
222001536,112,624,-512
222001537,207,34,173
222001538,75,971,-896
222001563,291,89,202
222001564,60,1093,-1033
222001568,256,150,106
222001576,2,5,-3
222001579,9,3,6
222001583,12,361,-349
222001584,60,17,43
222001596,725,2287,-1562
222001597,1112,266,846
222001626,1,241,-240
222001650,49,72,-23
222001651,148,302,-154
222001914,189,118,71
222001915,124,356,-232
222001968,376,208,168
222001969,438,1540,-1102
222001970,177,513,-336
222001971,24,110,-86
222001972,1,49,-48
225000001,378,180,198
225000002,317,134,183
225000003,321,80,241
225000004,222,248,-26
225000005,30,55,-25
225000006,0,166,-166
225000007,4013,1374,2639
225000010,172,4,168
225000011,588,1057,-469
225000012,193,612,-419
225000013,132,228,-96
225000014,867,77,790
225000015,117,343,-226
225000021,566,231,335
225000027,289,638,-349
225000032,518,174,344
225000042,113,1077,-964
225000049,68,74,-6
225000050,43,16,27
225000053,5,402,-397
225000058,682,141,541
225000067,150,241,-91
225000068,107,671,-564
225000069,140,662,-522
225000070,78,644,-566
225000071,22,391,-369
225000075,34,1386,-1352
225000076,80,164,-84
225000078,102,41,61
225000085,34,92,-58
225000086,279,52,227
225000087,169,39,130
225000088,17,216,-199
225000089,325,1136,-811
225000090,19,515,-496
225000091,209,322,-113
225000092,44,75,-31
225000093,132,534,-402
225000094,15,602,-587
225000095,316,798,-482
225000096,303,743,-440
225000098,558,175,383
225000099,244,157,87
225000100,197,128,69
225000104,96,541,-445
225000110,15,649,-634
225000111,283,1718,-1435
225000112,550,1372,-822
225000113,169,814,-645
225000114,61,397,-336
225000115,3500,804,2696
225000116,999,188,811
225000117,1070,380,690
225000118,974,335,639
225000119,201,121,80
225000120,558,67,491
225000121,237,21,216
225000123,1298,33,1265
225000125,356,324,32
225000126,1071,207,864
225000127,921,779,142
225000128,368,545,-177
225000132,224,40,184
225000133,310,32,278
225000134,591,141,450
225000135,57,8,49
225000136,227,15,212
225000137,143,72,71
225000138,316,35,281
225000143,119,170,-51
225000144,3,316,-313
225000145,29,43,-14
225000146,58,167,-109
225000147,24,411,-387
225000148,12,349,-337
225000149,83,611,-528
225000151,28,348,-320
225000155,359,510,-151
225000156,318,1065,-747
225000157,226,526,-300
225000158,105,581,-476
225000171,3,208,-205
225000180,58,20,38
225000181,0,80,-80
225000182,101,13,88
225000185,10,518,-508
225000187,54,680,-626
225000191,93,1,92
225000194,0,6,-6
225000208,3,54,-51
225000209,87,16,71
225000210,3,325,-322
225000217,0,13,-13
225000218,17,1,16
225000223,1,109,-108
225000224,358,2,356
225000225,5,73,-68
225000226,105,3,102
225000227,44,98,-54
225000228,18,9,9
225000229,0,81,-81
225000230,16,0,16
225000231,0,93,-93
225000232,132,0,132
225000241,79,1,78
225000242,0,39,-39
225000249,5,3,2
225000250,57,1016,-959
225000251,361,43,318
225000254,21,5,16
225000256,30,160,-130
225000257,5,94,-89
226000042,510,680,-170
226000043,71,367,-296
226000044,151,1034,-883
226000045,49,609,-560
226000046,497,70,427
226000047,287,109,178
226000048,329,99,230
226000049,274,114,160
226000070,0,106,-106
226000071,0,109,-109
226000072,0,17,-17
226000073,0,12,-12
226000074,0,13,-13
226000084,3,64,-61
226000085,2,8,-6
226000086,23,13,10
226000087,3,19,-16
226000088,53,31,22
226000090,140,38,102
226000091,25,9,16
226000092,5,9,-4
226000093,52,0,52
226000094,38,4,34
226000095,26,0,26
226000105,10,1,9
226000106,12,1,11
226000107,5,1,4
226000108,16,0,16
226000109,79,2,77
226000124,118,85,33
226000134,331,677,-346
226000135,844,662,182
226000136,250,492,-242
226000137,13,604,-591
226000138,11,432,-421
226000139,2,30,-28
226000156,101,11,90
226000157,113,10,103
226000163,70,53,17
226000202,17,734,-717
226000231,170,11,159
226000232,22,4,18
227000033,228,52,176
227000036,180,46,134
227000037,136,37,99
227000038,125,33,92
227000084,1,46,-45
227000085,0,30,-30
227000088,76,7,69
227000089,73,0,73
227000090,53,0,53
227000091,8,0,8
227000092,19,0,19
227000093,115,1,114
227000094,30,10,20
227000130,25,71,-46
227000131,14,224,-210
227000132,15,254,-239
227000133,9,256,-247
227000134,8,421,-413
227000152,0,3,-3
227000153,0,46,-46
227000154,0,23,-23
227000155,2,17,-15
227000156,0,26,-26
227000165,1,22,-21
227000196,197,690,-493
227000199,141,1243,-1102
227000230,38,1180,-1142
227000232,220,36,184
227000242,59,514,-455
227000243,258,68,190
227000245,13,451,-438
227000246,82,505,-423
227000247,210,82,128
227000248,73,24,49
227000249,13,231,-218
227000250,442,98,344
227000251,117,276,-159
227000252,8,366,-358
227000253,64,26,38
227000262,215,41,174
227000266,684,17,667
227000267,57,4812,-4755
227000282,9,451,-442
227000284,254,37,217
227000286,3,144,-141
227000287,7,306,-299
227000291,34,1233,-1199
227000296,291,561,-270
227000484,267,17,250
227000485,37,1614,-1577
227000655,82,79,3
227000656,618,67,551
227000657,54,21,33
227000661,160,11,149
229000265,19,46,-27
229000266,0,1,-1
229000267,0,0,0
229000268,1,0,1
229000269,12,0,12
229000274,0,3,-3
229000275,0,1,-1
229000276,0,2,-2
229000277,0,0,0
229000278,0,0,0
229000295,1,3,-2
229000296,0,36,-36
229000297,9,75,-66
229000298,7,233,-226
229000320,11,1,10
229000321,40,7,33
229000412,27,111,-84
229000414,5,93,-88
229000415,10,0,10
229000416,3,5,-2
229000417,9,12,-3
229000419,140,326,-186
229000440,320,75,245
229000442,28,23,5
229000443,1,3,-2
229000444,0,31,-31
229000445,41,13,28
229000446,100,32,68
229000491,3,34,-31
229000492,15,196,-181
229000493,2,170,-168
229000494,22,9,13
229000495,103,13,90
229000496,27,14,13
229000507,0,75,-75
229000508,2,51,-49
229000509,0,65,-65
229000510,4,57,-53
229000511,3,97,-94
229000512,0,43,-43
229000513,0,12,-12
229000514,0,2,-2
229000517,4,15,-11
229000518,8,49,-41
229000519,0,23,-23
229000520,6,39,-33
229000521,41,27,14
229000522,5,29,-24
229000523,11,20,-9
229000524,1,14,-13
229000527,2,0,2
229000528,0,0,0
229000529,10,0,10
229000530,66,1,65
229000531,14,1,13
229000532,22,1,21
229000533,68,0,68
229000534,95,3,92
229000564,60,0,60
229000565,17,2,15
229000566,0,15,-15
229000567,0,82,-82
229000582,126,4,122
229000583,3,1,2
229000584,0,69,-69
229000585,0,79,-79
229000718,0,4,-4
229000719,0,2,-2
229000720,0,9,-9
229000721,0,18,-18
229000722,0,36,-36
229000723,0,20,-20
229000724,0,2,-2
229000725,0,14,-14
229000738,1,0,1
229000739,1,0,1
229000740,3,0,3
229000741,11,0,11
229000742,6,0,6
229000743,10,0,10
229000744,1,0,1
229000745,2,0,2
229000746,26,0,26
229000847,22,0,22
229000848,14,0,14
229000849,70,1,69
229000851,25,0,25
229000854,0,73,-73
229000856,3,226,-223
229000857,1,57,-56
229000858,0,127,-127
229000919,21,117,-96
229000930,6,442,-436
229000937,42,26,16
229000966,50,30,20
229000981,16,84,-68
229000985,14,52,-38
229000986,3,8,-5
229000987,0,2,-2
229000988,0,3,-3
229000989,14,8,6
229000990,0,4,-4
229000991,3,6,-3
229000992,17,16,1
229000993,258,24,234
229000998,8,88,-80
229000999,79,17,62
229001034,2,31,-29
229001035,24,0,24
229001036,0,7,-7
229001037,49,9,40
229001038,0,0,0
229001039,1,0,1
229001040,0,10,-10
229001041,2,0,2
229001042,20,30,-10
229001047,5,106,-101
229001050,39,63,-24
229001168,0,11,-11
229001200,10,6,4
229001338,9,23,-14
229001394,246,3,243
229001422,58,44,14
229001423,51,181,-130
229001431,33,38,-5
229001432,62,103,-41
229001444,194,88,106
229001445,46,269,-223
229001479,8,7,1
229001503,137,62,75
229001504,129,292,-163
229001505,69,55,14
229001506,63,263,-200
229001509,40,19,21
229001510,0,6,-6
229001545,74,7,67
229001546,9,135,-126
229001553,49,18,31
229001554,39,110,-71
229001630,58,3,55
229001631,12,82,-70
229001635,0,7,-7
229001636,3,1,2
229001658,1,153,-152
229001659,67,0,67
229001660,0,3,-3
229001661,3,30,-27
229001662,74,4,70
229001663,0,21,-21
229002584,243,258,-15
229002831,329,168,161
229002841,15,23,-8
229002842,5,25,-20
229002843,84,35,49
229002844,43,84,-41
229002845,17,91,-74
229002846,27,21,6
229002847,5,9,-4
229002848,3,20,-17
229002849,1,93,-92
229002850,4,1,3
229002851,26,150,-124
229002852,87,29,58
229002853,108,28,80
229002854,84,57,27
229002855,18,28,-10
229002856,42,24,18
229002857,3,66,-63
229002858,12,8,4
229002859,61,33,28
229002860,92,19,73
229002861,67,42,25
229002862,44,92,-48
229002863,12,27,-15
229002864,12,48,-36
229002865,31,12,19
229002866,24,22,2
229002867,4,30,-26
229002868,13,17,-4
229002869,1,157,-156
229002870,47,10,37
235000066,314,100,214
235000067,97,160,-63
235000072,35,78,-43
235000073,64,394,-330
235000074,28,117,-89
235000080,32,91,-59
235000081,118,213,-95
235000082,67,61,6
235000083,138,143,-5
235000084,36,63,-27
235000085,57,81,-24
235000089,19,35,-16
235000092,8,145,-137
235000093,21,3,18
235000097,5,13,-8
235000098,35,9,26
235000099,24,38,-14
235000116,52,32,20
235000117,955,18,937
235000133,19,386,-367
235000134,9,153,-144
235000206,4,0,4
235000207,1,1,0
235000208,11,1,10
235000209,7,1,6
235000210,8,1,7
235000212,5,44,-39
235000213,2,7,-5
235000220,0,7,-7
235000221,33,7,26
235000238,8,28,-20
235000239,0,15,-15
235000242,284,317,-33
235000245,872,194,678
235000246,3,70,-67
235000284,5,158,-153
235000295,172,14,158
235000305,233,25,208
235000306,104,11,93
235000307,18,15,3
235000308,39,4,35
235000309,53,0,53
235000310,18,0,18
235000311,88,7,81
235000322,0,29,-29
235000323,3,102,-99
235000324,1,28,-27
235000325,0,10,-10
235000326,6,359,-353
235000351,2,75,-73
235000352,19,66,-47
235000353,2,57,-55
235000354,8,102,-94
235000355,8,151,-143
235000356,44,26,18
235000357,25,17,8
235000358,49,18,31
235000359,16,2,14
235000360,81,8,73
235000361,57,13,44
235000381,40,310,-270
235000382,74,43,31
235000390,19,3,16
235000391,50,21,29
235000392,65,177,-112
235000393,44,96,-52
235000395,81,18,63
235000396,222,49,173
235000400,153,35,118
235000401,73,225,-152
235000405,100,306,-206
235000406,42,315,-273
235000407,47,148,-101
235000409,150,199,-49
235000410,34,342,-308
235000411,3,119,-116
235000485,0,14,-14
235000486,11,1,10
235000549,55,106,-51
235000550,60,295,-235
235000599,63,77,-14
235000600,5,15,-10
235000601,36,42,-6
235000602,76,149,-73
235000614,0,6,-6
235000648,2,27,-25
235000649,39,8,31
235000685,1,6,-5
235000815,6,44,-38
235000834,0,7,-7
235000855,47,63,-16
235000862,28,239,-211
235000891,0,12,-12
235000892,24,3,21
235000901,57,121,-64
235000907,7,17,-10
235001010,41,93,-52
235001029,611,565,46
235001030,271,246,25
235001078,64,57,7
235001079,52,153,-101
235001147,16,34,-18
235001166,6,89,-83
235001167,29,62,-33
235001169,35,481,-446
235001188,1,8,-7
235001189,0,0,0
235001197,45,24,21
235001200,34,40,-6
235001207,118,27,91
235001210,30,122,-92
235001215,32,170,-138
235001239,0,61,-61
235001244,0,6,-6
235016267,1,39,-38
277101746,0,1,-1
277102712,0,0,0
277103813,0,0,0
277103898,0,6,-6
277104249,0,7,-7
277104250,0,11,-11
277104251,0,11,-11
277104252,0,4,-4
990011530,1,338,-337
990014944,1,637,-636
990015176,6,3,3
990015618,0,181,-181
990016032,3,961,-958
990032570,1,289,-288
990070001,60,5,55
990070103,1,2,-1
990070601,0,145,-145
990070751,373,4,369
990070766,8,1266,-1258
990071180,952,312,640
990071343,45,1,44
990071387,0,19,-19
990071823,399,2,397
990072600,2,871,-869
990072964,2,758,-756
990073285,0,1,-1
990074393,5,2011,-2006
990074870,894,8,886
990075106,905,6,899
990075746,335,4,331
990076437,691,7,684
990076458,4,1881,-1877
997000007,225,36,189
997000041,0,159,-159
997000058,70,0,70
997000062,79,3,76
997000069,0,7,-7
997000070,0,216,-216
997000100,32,0,32
997000141,10,4500,-4490
997000198,10,2210,-2200
998000475,1,31,-30
998000736,2,437,-435
998000965,0,12,-12
998001031,0,75,-75
998001700,0,34,-34
998001899,0,2,-2
998001900,3,3,0
998003073,1016,3,1013
998101900,0,0,0
998102850,3,103,-100
998501927,772,493,279
998501929,83,5,78
998501930,109,0,109
998501931,138,5,133
998501932,8,0,8
998501933,71,3,68
998501937,25,4,21
998501944,2,3,-1
998501950,0,0,0
998501970,54,8,46
998501971,0,138,-138
998501973,0,148,-148
998501974,2,337,-335
998501975,267,1,266
998501976,46,1,45
998501977,0,26,-26
998501978,17,0,17
998501979,0,7,-7
998501980,194,2,192
998501981,24,27,-3
998501982,0,149,-149
998502006,0,0,0
998502024,0,8,-8
998502032,0,3,-3
998502062,15,0,15
998502063,0,0,0
998502173,35,0,35
998502269,0,1,-1
998601159,2,384,-382
998601292,0,22,-22
999033574,3,1079,-1076
999800001,45,2,43
999800002,0,2,-2
999800003,0,3,-3
999800004,0,1,-1
999800005,0,5,-5
