ID,insum,outsum,diff
100000001,632,466,166
100000002,1698,626,1072
100000003,7465,1848,5617
100000004,1986,658,1328
100000005,1819,2036,-217
100000006,210,94,116
100000007,850,306,544
100000008,179,611,-432
100000009,248,134,114
100000010,12,39,-27
100000011,315,53,262
100000012,21,754,-733
100000013,22,202,-180
100000014,242,301,-59
100000015,1352,813,539
100000016,1104,1503,-399
100000017,667,1221,-554
100000018,1222,481,741
100000019,5368,1468,3900
100000020,1954,2463,-509
100000021,7784,1972,5812
100000022,1625,639,986
100000023,7997,794,7203
100000025,3856,396,3460
100000028,2325,801,1524
100000029,279,133,146
100000030,968,47,921
100000031,6776,4049,2727
100000032,3169,2320,849
100000033,671,1541,-870
100000034,1086,253,833
100000035,1374,556,818
100000036,3158,934,2224
100000037,354,392,-38
100000038,976,645,331
100000039,524,142,382
100000040,147,62,85
100000041,522,301,221
100000042,479,248,231
100000043,615,198,417
100000044,417,703,-286
100000045,399,1574,-1175
100000046,645,1423,-778
100000047,291,858,-567
100000048,406,707,-301
100000049,1690,2762,-1072
100000051,314,1182,-868
100000053,35,10,25
100000054,124,35,89
100000055,352,209,143
100000056,127,474,-347
100000057,1225,641,584
100000058,727,1484,-757
100000059,3,105,-102
100000060,288,257,31
100000061,1173,441,732
100000062,1017,385,632
100000063,333,197,136
100000064,658,277,381
100000065,211,1130,-919
100000066,152,1001,-849
100000067,504,891,-387
100000068,535,1802,-1267
100000069,210,1741,-1531
100000072,371,1353,-982
100000073,1127,1444,-317
100000075,369,272,97
100000076,1804,1539,265
100000077,823,124,699
100000078,115,22,93
100000079,33,20,13
100000080,8,7,1
100000081,39,26,13
100000102,2419,1036,1383
100000103,3650,574,3076
100000104,5480,1085,4395
100000105,4980,411,4569
100000106,3027,1126,1901
100000107,521,280,241
100000108,1170,1138,32
100000109,4035,1113,2922
100000116,1344,432,912
100000117,26,21,5
100000118,1103,718,385
100000119,445,488,-43
100000121,125,580,-455
100000122,929,724,205
100000123,4178,3975,203
100000124,9576,5014,4562
100000125,3992,634,3358
100000126,789,194,595
100000127,1729,298,1431
100000128,1213,1020,193
100000129,675,368,307
100000130,325,518,-193
100000131,5218,2597,2621
100000132,2300,1284,1016
100000133,11947,3031,8916
100000135,378,398,-20
100000139,148,153,-5
100000140,265,286,-21
100000142,329,406,-77
100000143,597,716,-119
100000144,4384,988,3396
100000147,837,1529,-692
100000150,28,411,-383
100000151,528,374,154
100000153,334,223,111
100000154,110,53,57
100000155,0,8,-8
100000156,55,89,-34
100000157,56,151,-95
100000158,39,70,-31
100000159,229,416,-187
100000165,947,660,287
100000169,861,290,571
100000174,2540,383,2157
100000179,62,516,-454
100000180,1107,930,177
100000181,147,322,-175
100000188,48,318,-270
100000189,500,271,229
100000190,345,359,-14
100000191,408,282,126
100000192,150,72,78
100000193,98,120,-22
100000330,2729,461,2268
100000355,117,488,-371
100000362,4812,3705,1107
100000363,1866,2774,-908
100000364,380,163,217
100000365,3097,4313,-1216
100000366,4156,2385,1771
100000367,2240,2630,-390
100000368,2217,1951,266
100000369,989,1094,-105
100000370,170,268,-98
100000376,48,86,-38
100000379,2997,1114,1883
100000380,3953,1370,2583
100000384,6740,1987,4753
100000385,7295,2979,4316
100000386,11618,2269,9349
100000387,9247,3191,6056
100000388,16651,2994,13657
100000389,14912,3114,11798
100000390,15883,2229,13654
100000391,9235,3208,6027
100000392,3176,1119,2057
100000393,1258,1002,256
100000394,7100,2669,4431
100000395,3719,754,2965
100000396,4232,1499,2733
100000397,2317,1465,852
100000398,11267,8090,3177
100900002,0,66,-66
100900003,197,99,98
100900004,27,1010,-983
100900005,137,8,129
100900006,13,253,-240
100900007,523,10,513
100900008,2,526,-524
100900009,45,34,11
100900010,27,211,-184
100900011,45,406,-361
100900012,1,327,-326
100900013,332,11,321
100900014,0,13,-13
100900015,154,109,45
100900016,0,42,-42
100900017,705,59,646
100900018,0,7,-7
100900019,20,63,-43
100900020,144,2,142
100900021,517,0,517
100900022,3,14,-11
100900023,0,20,-20
100900024,836,2,834
100900025,16,16,0
100900026,44,174,-130
100900027,615,1974,-1359
100900028,108,188,-80
100900029,84,7,77
100900030,2,18,-16
100900031,204,79,125
100900032,133,1,132
100900033,222,60,162
100900034,284,0,284
100900035,1096,1,1095
100900036,14,1,13
100900037,37,401,-364
100900038,47,24,23
100900039,288,698,-410
100900040,199,1056,-857
100900041,256,1119,-863
100900042,364,207,157
100900043,0,11,-11
100900044,3357,327,3030
100900045,57,0,57
100900046,713,7,706
100900047,798,73,725
100900048,47,6,41
100900049,22,344,-322
100900050,0,16,-16
100900051,56,44,12
100900052,138,22,116
100900053,150,45,105
100900054,1,110,-109
100900055,155,283,-128
100900056,64,297,-233
100900057,595,505,90
100900058,161,22,139
100900059,31,1,30
100900060,77,9,68
100900061,257,293,-36
100900062,8,73,-65
100900063,137,287,-150
100900064,459,10,449
100900065,49,47,2
100900066,14,55,-41
100900067,0,1,-1
100900068,33,162,-129
100900069,292,2,290
100900070,137,2,135
100900071,693,277,416
100900072,0,88,-88
100900073,99,671,-572
100900074,0,11,-11
100900075,2881,225,2656
100900076,37,43,-6
100900077,2,126,-124
100900078,35,142,-107
100900079,1,29,-28
100900080,15,151,-136
100900081,10,43,-33
100900082,9,846,-837
100900083,9,58,-49
100900085,5,71,-66
100900086,91,460,-369
100900088,30,881,-851
100900089,0,38,-38
100900090,169,490,-321
100900091,4,28,-24
100900092,133,148,-15
100900093,67,134,-67
100900094,48,889,-841
100900095,0,20,-20
100900096,30,116,-86
100900097,1,7,-6
100900098,3,18,-15
100900099,26,628,-602
100900100,6,238,-232
100900101,413,25,388
100900102,164,35,129
100900103,5,8,-3
100900104,12,167,-155
100900105,6,56,-50
100900106,46,1,45
100900107,1758,406,1352
100900108,0,2,-2
100900109,9,14,-5
100900110,7,34,-27
100900111,53,137,-84
100900112,0,3,-3
100900113,2,15,-13
100900114,0,15,-15
100900115,0,21,-21
100900116,686,298,388
100900117,195,488,-293
100900118,159,57,102
100900119,3,19,-16
100900120,0,24,-24
100900121,295,264,31
100900122,125,154,-29
100900123,61,83,-22
100900124,1,4,-3
100900125,20,114,-94
100900126,60,252,-192
100900127,3,4,-1
100900128,106,133,-27
100900129,0,118,-118
100900131,38,125,-87
100900133,18,53,-35
100900134,3,1,2
100900135,0,121,-121
100900137,281,175,106
100900138,297,250,47
100900139,1,2,-1
100900140,3,906,-903
100900141,0,284,-284
100900142,0,5,-5
100900143,1141,285,856
100900144,21,15,6
100900145,21,132,-111
100900146,2,24,-22
100900147,1,191,-190
100900148,25,1202,-1177
100900149,10,79,-69
100900150,3,18,-15
100900151,92,598,-506
100900152,105,5,100
100900153,0,169,-169
100900154,6,18,-12
100900155,3,2,1
100900156,31,1,30
100900157,4,92,-88
100900158,1004,372,632
100900159,0,15,-15
100900160,3,26,-23
100900161,186,1,185
100900162,8,195,-187
100900163,148,220,-72
100900164,9,30,-21
100900165,37,38,-1
100900166,30,1,29
100900167,22,133,-111
100900168,13,121,-108
100900169,196,1303,-1107
100900170,8,3,5
100900171,19,846,-827
100900172,0,3,-3
100900173,8,637,-629
100900174,213,87,126
100900176,1351,45,1306
100900177,1098,226,872
100900178,184,151,33
100900179,106,37,69
100900180,2,0,2
100900181,67,18,49
100900182,13,7,6
100900184,2,138,-136
100900186,1066,568,498
100900187,16,218,-202
100900188,53,17,36
100900189,806,167,639
100900191,1244,794,450
100900192,243,132,111
100900195,66,174,-108
100900197,5,125,-120
100900198,16,212,-196
100900199,32,12,20
100900200,597,323,274
100900201,62,934,-872
100900202,5,0,5
100900203,0,50,-50
100900204,232,148,84
100900205,72,263,-191
100900206,37,22,15
100900207,157,46,111
100900210,61,886,-825
100900211,323,49,274
100900213,31,7,24
100900214,1516,46,1470
100900215,1,34,-33
101000001,5183,1946,3237
101000002,3661,2581,1080
101000003,852,1535,-683
101000004,10930,6305,4625
101000005,6450,4564,1886
101000006,9706,6083,3623
101000007,2599,2649,-50
101000008,3541,2622,919
101000009,1333,2443,-1110
101000010,674,1734,-1060
101000011,2011,735,1276
101000012,2294,410,1884
101000013,475,734,-259
101000014,523,582,-59
101000015,857,851,6
101000016,340,335,5
101000017,480,483,-3
101000018,4376,2325,2051
101000020,4408,1194,3214
101000021,1183,205,978
101000022,618,90,528
101000023,1841,781,1060
101000025,76,311,-235
101000026,456,36,420
101000027,1690,1416,274
101000028,29,54,-25
101000029,20,648,-628
101000030,880,54,826
101000031,442,319,123
101000032,5237,1990,3247
101000033,2496,1346,1150
101000034,2823,954,1869
101000035,1291,222,1069
101000036,1475,272,1203
101000037,5423,819,4604
101000039,4617,845,3772
101000040,5311,1852,3459
101000041,14997,2610,12387
101000042,1016,432,584
101000043,11921,1927,9994
101000045,1325,244,1081
101000046,2081,780,1301
101000047,1160,892,268
101000048,848,823,25
101000049,853,602,251
101000050,2871,1710,1161
101000051,4222,876,3346
101000052,1600,521,1079
101000053,963,1363,-400
101000054,1823,1896,-73
101000055,1603,798,805
101000056,47,45,2
101000057,3654,431,3223
101000058,2453,554,1899
101000059,4598,1219,3379
101000060,2272,179,2093
101000061,1444,538,906
101000062,1358,237,1121
101000063,378,216,162
101000064,1035,288,747
101000065,111,247,-136
101000066,312,140,172
101000067,684,275,409
101000068,224,144,80
101000069,308,43,265
101000070,1825,750,1075
101000071,1985,595,1390
101000072,1043,2997,-1954
101000073,592,442,150
101000074,4542,2247,2295
101000075,6831,3006,3825
101000077,1161,942,219
101000078,1156,1609,-453
101000079,324,547,-223
101000080,469,542,-73
101000081,1078,965,113
101000082,3450,2400,1050
101000083,1385,1312,73
101000084,1292,1146,146
101000085,1506,868,638
101000086,1194,1048,146
101000087,875,1373,-498
101000088,775,815,-40
101000089,745,1284,-539
101000090,2642,1615,1027
101000091,326,1743,-1417
101000092,830,1159,-329
101000093,1459,715,744
101000094,494,1192,-698
101000095,252,910,-658
101000096,242,627,-385
101000097,653,245,408
101000098,507,541,-34
101000099,1117,1149,-32
101000100,927,526,401
101000101,358,340,18
101000102,1022,250,772
101000103,795,402,393
101000104,171,344,-173
101000105,1129,146,983
101000106,716,493,223
101000107,78,272,-194
101000108,1635,444,1191
101000109,126,59,67
101000110,40,997,-957
101000111,78,181,-103
101000113,113,550,-437
101000114,2378,1097,1281
101000115,34,76,-42
101000116,84,132,-48
101000117,313,262,51
101000119,197,35,162
101000120,247,15,232
101000121,60,6,54
101000122,110,36,74
101000123,32,27,5
101000124,190,222,-32
101000125,93,401,-308
101000128,1106,432,674
101000130,300,242,58
101000131,399,697,-298
101000132,287,1738,-1451
101000135,38,11,27
101000136,247,118,129
101000137,25,131,-106
101000141,3040,1429,1611
101000147,568,505,63
101000148,3491,41,3450
101000149,18,15,3
101000150,23,1256,-1233
101000151,83,39,44
101000152,280,265,15
101000153,458,572,-114
101000154,95,2066,-1971
101000155,151,91,60
101000156,10,180,-170
101000157,44,34,10
101000160,36,40,-4
101000163,112,64,48
101000164,531,346,185
101000165,198,277,-79
101000166,276,476,-200
101000168,644,275,369
101000252,1012,595,417
101000254,517,15,502
101000258,18,6,12
101000261,117,130,-13
101000262,698,900,-202
101000263,186,1294,-1108
101000265,20,545,-525
101000266,249,179,70
101000269,128,8,120
101000290,2176,1720,456
101000293,9,74,-65
101000294,392,450,-58
101000295,99,449,-350
101000301,870,163,707
101000304,2120,1969,151
101000305,2279,1975,304
101900001,3,81,-78
101900002,0,17,-17
101900003,80,108,-28
101900004,3,29,-26
101900005,6680,990,5690
101900006,880,12,868
101900007,321,34,287
101900008,102,220,-118
101900009,71,416,-345
101900010,1034,320,714
101900011,341,1243,-902
101900012,134,331,-197
101900013,1476,111,1365
101900017,13,98,-85
101900018,1223,88,1135
101900019,215,176,39
101900020,1147,178,969
101900021,0,28,-28
101900022,41,1649,-1608
101900023,43,240,-197
102000001,2041,3767,-1726
102000002,2994,1279,1715
102000003,4129,3674,455
102000004,11574,2315,9259
102000005,1290,1732,-442
102000006,2075,1465,610
102000007,1438,3453,-2015
102000008,7383,1797,5586
102000009,5746,6587,-841
102000010,7048,3464,3584
102000011,2225,2075,150
102000012,3264,3394,-130
102000018,4199,2452,1747
102000019,2983,1500,1483
102000026,213,406,-193
102000029,445,162,283
102000030,49,227,-178
102000031,24,221,-197
102000032,236,342,-106
102000033,161,436,-275
102000034,535,415,120
102000035,1026,635,391
102000036,1,210,-209
102000037,131,76,55
102000038,95,85,10
102000039,128,48,80
102000040,509,94,415
102000041,170,152,18
102000042,192,65,127
102000043,291,112,179
102000044,202,569,-367
102000045,556,1100,-544
102000046,763,407,356
102000047,556,1172,-616
102000048,206,635,-429
102000049,773,535,238
102000050,1010,1136,-126
102000051,323,475,-152
102000052,1103,955,148
102000053,694,859,-165
102000054,170,731,-561
102000055,721,1067,-346
102000056,479,1534,-1055
102000057,1448,632,816
102000058,1157,2029,-872
102000059,1121,1378,-257
102000060,896,1056,-160
102000061,892,2594,-1702
102000062,710,1442,-732
102000063,1033,1450,-417
102000064,322,477,-155
102000065,22,106,-84
102000066,1372,1097,275
102000067,2766,2551,215
102000068,8286,2353,5933
102000069,38,1941,-1903
102000070,2078,63,2015
102000071,6643,8881,-2238
102000072,3078,4513,-1435
102000073,1530,951,579
102000074,738,1045,-307
102000075,85,235,-150
102000076,230,477,-247
102000077,223,1395,-1172
102000078,566,1107,-541
102000079,87,300,-213
102000080,199,177,22
102000081,272,885,-613
102000082,566,379,187
102000083,242,748,-506
102000084,130,531,-401
102000085,1349,1369,-20
102000086,892,1344,-452
102000087,559,1871,-1312
102000088,218,274,-56
102000089,953,569,384
102000090,288,1085,-797
102000091,1383,405,978
102000092,503,714,-211
102000093,516,438,78
102000094,1225,396,829
102000095,961,1228,-267
102000096,1475,747,728
102000097,1563,1244,319
102000098,606,917,-311
102000099,1083,462,621
102000100,1169,553,616
102000101,1544,280,1264
102000102,331,1471,-1140
102000103,1062,393,669
102000104,1146,310,836
102000105,124,869,-745
102000106,562,940,-378
102000107,589,594,-5
102000108,415,260,155
102000109,239,653,-414
102000110,333,1721,-1388
102000111,11,357,-346
102000112,165,59,106
102000113,27,22,5
102000114,1045,339,706
102000115,152,180,-28
102000116,336,210,126
102000117,257,420,-163
102000118,1940,895,1045
102000119,2620,411,2209
102000120,104,412,-308
102000121,991,497,494
102000122,455,636,-181
102000123,1465,985,480
102000124,1063,789,274
102000125,1149,861,288
102000126,529,611,-82
102000127,945,644,301
102000128,423,1124,-701
102000129,1180,844,336
102000130,323,757,-434
102000131,2031,662,1369
102000132,699,555,144
102000133,875,2777,-1902
102000134,341,652,-311
102000135,1128,638,490
102000136,1314,348,966
102000137,1224,778,446
102000138,231,458,-227
102000139,66,355,-289
102000140,228,200,28
102000141,189,543,-354
102000142,146,356,-210
102000143,52,484,-432
102000144,85,537,-452
102000145,168,471,-303
102000146,297,335,-38
102000147,340,316,24
102000148,142,232,-90
102000149,100,717,-617
102000150,139,258,-119
102000151,78,449,-371
102000152,76,124,-48
102000153,856,253,603
102000154,431,661,-230
102000155,73,290,-217
102000156,392,31,361
102000157,82,138,-56
102000158,179,150,29
102000159,1831,242,1589
102000161,5564,1253,4311
102000162,230,97,133
102000163,110,440,-330
102000164,1210,650,560
102000165,210,137,73
102000166,18,84,-66
102000167,234,170,64
102000168,159,73,86
102000169,63,347,-284
102000170,776,106,670
102000171,64,57,7
102000172,47,163,-116
102000173,259,153,106
102000174,21,78,-57
102000175,96,160,-64
102000176,21,47,-26
102000178,144,672,-528
102000179,173,191,-18
102000180,423,675,-252
102000181,292,748,-456
102000182,317,719,-402
102000183,948,2210,-1262
102000184,865,984,-119
102000185,1381,1881,-500
102000186,617,2276,-1659
102000187,439,2085,-1646
102000188,493,1460,-967
102000189,3413,975,2438
102000190,849,2335,-1486
102000191,1316,570,746
102000192,578,1011,-433
102000193,51,227,-176
102000194,67,144,-77
102000195,307,618,-311
102000196,77,738,-661
102000197,295,638,-343
102000198,89,1005,-916
102000199,361,514,-153
102000200,211,1495,-1284
102000201,385,593,-208
102000202,2,156,-154
102000203,115,357,-242
102000204,199,1182,-983
102000205,575,858,-283
102000206,476,831,-355
102000207,550,497,53
102000208,198,602,-404
102000209,27,47,-20
102000210,160,662,-502
102000211,174,585,-411
102000212,93,21,72
102000213,5,373,-368
102000214,87,8,79
102000215,4,655,-651
102000216,16,26,-10
102000217,7,278,-271
102000218,110,38,72
102000219,307,475,-168
102000225,735,729,6
102000226,6335,414,5921
102000227,95,3,92
102000228,0,150,-150
102000229,39,32,7
102000230,272,739,-467
102000231,173,360,-187
102000232,6,134,-128
102000233,325,658,-333
102000234,111,1544,-1433
102000236,348,63,285
102000237,369,190,179
102000238,168,343,-175
102000240,647,437,210
102000241,207,111,96
102000243,5,37,-32
102000245,10,74,-64
102000246,7,29,-22
102000247,192,838,-646
102000248,99,308,-209
102000249,97,144,-47
102000250,18,460,-442
102000254,24,579,-555
102000266,55,163,-108
102000271,13,0,13
102000286,424,292,132
102000297,1624,904,720
102000300,0,0,0
102000301,0,0,0
102000305,0,0,0
102000306,0,0,0
102000307,0,5,-5
102000308,0,2,-2
102900001,994,955,39
102900002,288,34,254
102900003,11,352,-341
102900005,202,382,-180
102900006,437,251,186
102900007,684,45,639
102900008,155,102,53
102900009,540,106,434
102900010,640,460,180
102900011,2658,333,2325
102900012,304,33,271
102900013,25,63,-38
102900015,757,189,568
102900016,55,142,-87
102900017,101,641,-540
102900018,9,166,-157
102900019,409,533,-124
102900020,77,45,32
102900021,5,106,-101
102900022,328,31,297
102900023,12,49,-37
102900024,14,52,-38
102900025,295,88,207
102900026,570,1070,-500
102900027,51,65,-14
102900028,114,372,-258
102900029,104,125,-21
102900030,346,150,196
102900031,62,180,-118
102900032,34,144,-110
102900033,106,195,-89
102900034,134,129,5
102900035,55,508,-453
102900036,118,645,-527
102900037,172,808,-636
102900038,317,663,-346
102900039,13,396,-383
102900040,151,208,-57
102900041,34,139,-105
102900042,138,315,-177
102900043,115,241,-126
102900044,454,2217,-1763
102900045,64,605,-541
102900046,80,370,-290
102900047,49,725,-676
102900048,392,964,-572
102900049,53,383,-330
102900050,244,438,-194
102900051,145,207,-62
102900052,29,19,10
102900053,336,915,-579
102900054,904,695,209
102900055,64,145,-81
102900056,127,625,-498
102900057,4,46,-42
102900058,262,52,210
102900059,9,53,-44
102900060,65,376,-311
102900061,67,526,-459
102900062,104,1709,-1605
102900063,474,372,102
102900064,184,483,-299
102900065,1845,762,1083
102900066,326,36,290
102900068,52,77,-25
102900070,124,785,-661
102900072,15,38,-23
102900073,96,15,81
102900074,206,156,50
102900075,16,29,-13
102900076,249,75,174
102900077,28,36,-8
102900078,68,59,9
102900079,239,14,225
102900080,331,40,291
102900081,62,217,-155
102900082,4,279,-275
102900083,333,10,323
102900084,3,10,-7
102900085,141,62,79
102900086,5,33,-28
102900087,36,189,-153
102900088,18,43,-25
102900089,284,169,115
102900090,2,470,-468
102900091,96,3,93
102900092,132,1193,-1061
102900093,150,200,-50
102900094,0,56,-56
102900095,62,3,59
102900096,12,9,3
102900097,11,232,-221
103000001,1971,2465,-494
103000002,1844,1889,-45
103000003,3473,2362,1111
103000004,991,579,412
103000005,1952,1984,-32
103000006,454,1101,-647
103000007,435,805,-370
103000008,887,1116,-229
103000009,631,886,-255
103000010,57,104,-47
103000011,1867,1042,825
103000012,941,1168,-227
103000013,7708,1952,5756
103000014,1422,1449,-27
103000015,2913,825,2088
103000016,555,832,-277
103000017,102,335,-233
103000018,1111,389,722
103000019,131,141,-10
103000020,1874,1339,535
103000021,1295,1230,65
103000022,908,1439,-531
103000023,328,1216,-888
103000024,114,161,-47
103000025,57,257,-200
103000026,2019,124,1895
103000027,300,316,-16
103000028,853,323,530
103000029,577,112,465
103000030,2310,597,1713
103000031,1509,1132,377
103000032,1898,1626,272
103000033,2506,2220,286
103000034,2140,947,1193
103000035,436,868,-432
103000036,491,410,81
103000037,782,427,355
103000038,566,736,-170
103000039,281,494,-213
103000040,211,1400,-1189
103000041,1398,3077,-1679
103000042,515,825,-310
103000043,258,1331,-1073
103000044,144,351,-207
103000046,189,373,-184
103000047,376,838,-462
103000048,91,173,-82
103000049,54,213,-159
103000050,521,826,-305
103000051,203,609,-406
103000052,662,491,171
103000053,138,413,-275
103000054,1643,1117,526
103000055,1265,1640,-375
103000056,397,2525,-2128
103000057,389,328,61
103000058,345,1109,-764
103000059,314,846,-532
103000060,693,836,-143
103000061,270,758,-488
103000062,1098,833,265
103000063,551,642,-91
103000064,76,300,-224
103000065,5,397,-392
103000066,64,6,58
103000069,94,365,-271
103000070,597,1219,-622
103000071,662,334,328
103000072,122,1230,-1108
103000073,384,111,273
103000074,320,70,250
103000075,67,1153,-1086
103000076,205,217,-12
103000077,25,455,-430
103000078,1007,326,681
103000079,1781,459,1322
103000080,1082,217,865
103000081,570,697,-127
103000082,364,216,148
103000083,82,418,-336
103000084,59,3,56
103000085,2,81,-79
103000086,453,308,145
103000087,153,457,-304
103000088,292,361,-69
103000089,200,252,-52
103000090,1438,994,444
103000091,495,431,64
103000092,202,337,-135
103000093,218,673,-455
103000094,122,144,-22
103000095,27,552,-525
103000096,736,122,614
103000097,65,849,-784
103000098,1196,173,1023
103000099,454,737,-283
103000100,54,980,-926
103000101,538,170,368
103000102,120,788,-668
103000103,368,254,114
103000104,31,187,-156
103000105,32,86,-54
103000106,11,99,-88
103000107,235,55,180
103000108,472,507,-35
103000109,306,353,-47
103000110,333,382,-49
103000111,711,357,354
103000112,341,285,56
103000113,805,643,162
103000114,871,355,516
103000115,379,456,-77
103000116,380,466,-86
103000117,116,560,-444
103000118,1327,1109,218
103000119,2183,706,1477
103000120,45,117,-72
103000121,141,537,-396
103000122,190,215,-25
103000125,10,586,-576
103000126,242,8,234
103000127,3,331,-328
103000128,63,0,63
103000129,3,154,-151
103000130,32,24,8
103000131,215,77,138
103000132,76,83,-7
103000133,2,214,-212
103000134,607,565,42
103000135,1027,245,782
103000136,877,309,568
103000137,666,613,53
103000138,892,580,312
103000139,0,46,-46
103000140,107,20,87
103000141,18,69,-51
103000142,115,77,38
103000143,37,256,-219
103000144,93,100,-7
103000145,19,28,-9
103000150,80,59,21
103000152,194,232,-38
103000153,131,177,-46
103000156,5,597,-592
103000157,174,0,174
103000159,108,64,44
103000162,66,31,35
103000163,0,6,-6
103000164,5,14,-9
103000165,149,487,-338
103000166,102,153,-51
103000167,148,125,23
103000168,32,175,-143
103000169,171,296,-125
103000170,449,471,-22
103000171,27,62,-35
103000172,276,1057,-781
103000173,169,817,-648
103000174,75,254,-179
103000175,131,566,-435
103000176,768,196,572
103000177,917,401,516
103000178,394,308,86
103000179,70,25,45
103000183,40,35,5
103000185,37,58,-21
103000186,33,173,-140
103000187,178,759,-581
103000188,5,74,-69
103000189,727,1049,-322
103000191,666,718,-52
103000292,3296,708,2588
103000293,1548,914,634
103000295,80,52,28
103000296,121,5,116
103000297,51,9,42
103000504,14,11,3
103000505,6,2,4
103000506,4,190,-186
103000507,74,2,72
103000508,56,21,35
103000509,204,556,-352
103900001,3,398,-395
103900002,2106,176,1930
103900003,2232,73,2159
103900004,30,1,29
103900005,5,323,-318
103900006,0,0,0
103900007,8,65,-57
103900008,1,1,0
103900009,146,249,-103
103900010,70,276,-206
103900011,64,293,-229
103900012,4,12,-8
103900013,17,88,-71
103900014,33,29,4
103900015,35,12,23
103900016,176,346,-170
103900017,19,90,-71
103900018,524,136,388
103900019,13,140,-127
103900020,95,255,-160
103900021,895,30,865
103900022,694,535,159
103900023,85,1,84
103900024,85,865,-780
103900025,3,59,-56
103900026,0,0,0
103900027,356,342,14
103900028,13,226,-213
103900029,646,66,580
103900030,130,24,106
103900031,6,1,5
103900032,32,18,14
103900033,64,13,51
103900034,22,315,-293
103900035,38,62,-24
103900036,21,18,3
103900037,47,46,1
103900038,38,62,-24
103900039,36,528,-492
103900040,1,201,-200
103900041,8,26,-18
103900042,22,501,-479
103900043,41,118,-77
103900044,299,123,176
103900045,125,143,-18
103900047,13,41,-28
103900048,51,12,39
103900049,167,1385,-1218
103900050,2,63,-61
103900051,0,26,-26
103900052,102,689,-587
103900053,40,1282,-1242
103900054,30,636,-606
103900055,317,255,62
103900056,5,35,-30
103900057,12,362,-350
103900058,55,996,-941
103900059,0,0,0
103900060,13,304,-291
103900061,45,44,1
103900062,97,32,65
103900063,0,0,0
103900064,31,1,30
103900065,793,324,469
103900066,41,12,29
103900067,61,4,57
103900068,0,0,0
103900069,68,5,63
103900070,102,318,-216
103900071,18,241,-223
103900072,4,336,-332
103900073,25,15,10
103900074,34,101,-67
103900075,39,82,-43
103900076,179,911,-732
103900077,81,47,34
103900078,44,143,-99
103900079,87,324,-237
103900080,5,16,-11
103900081,136,14,122
103900082,3,101,-98
103900083,2551,434,2117
103900084,72,162,-90
103900085,80,104,-24
103900086,236,313,-77
103900087,13,117,-104
103900088,294,159,135
103900089,25,195,-170
103900090,12,327,-315
103900091,777,220,557
103900092,257,464,-207
103900093,99,565,-466
103900094,3,182,-179
103900095,135,163,-28
103900096,12,447,-435
103900097,11,519,-508
103900098,121,84,37
103900099,39,387,-348
103900100,93,434,-341
103900101,51,998,-947
103900102,1,43,-42
103900104,2,42,-40
103900105,56,177,-121
103900106,0,12,-12
103900107,42,256,-214
103900108,20,458,-438
103900109,22,83,-61
103900110,212,48,164
103900111,20,1043,-1023
103900112,13,70,-57
103900113,127,184,-57
103900114,489,343,146
103900115,311,69,242
103900116,7385,1166,6219
103900117,273,161,112
103900119,28,33,-5
103900120,4,109,-105
103900122,35,439,-404
103900123,1487,438,1049
103900124,18,17,1
103900125,36,50,-14
103900126,193,605,-412
103900127,93,924,-831
103900128,34,292,-258
103900131,3,109,-106
103900133,828,12,816
103900134,0,0,0
103900135,29,7,22
103900137,0,105,-105
103900138,46,431,-385
103900139,90,865,-775
103900140,6,47,-41
103900141,190,94,96
103900142,77,272,-195
103900143,22,0,22
103900144,1,86,-85
103900145,117,358,-241
103900146,212,397,-185
103900147,249,109,140
103900148,63,214,-151
103900149,48,787,-739
103900150,9082,1795,7287
103900151,39,194,-155
103900152,221,893,-672
103900153,4,2,2
103900154,1495,666,829
103900155,10,252,-242
103900156,5,214,-209
103900157,18,304,-286
103900158,19,222,-203
103900159,20,94,-74
103900160,16,18,-2
103900161,71,245,-174
103900162,37,298,-261
103900163,7,378,-371
103900164,131,56,75
103900167,3,52,-49
103900168,25,121,-96
103900169,23,25,-2
103900170,1,132,-131
103900171,2,88,-86
103900172,8,40,-32
103900173,5,15,-10
103900174,52,58,-6
103900175,49,25,24
103900176,10,21,-11
103900177,1,36,-35
103900178,36,87,-51
103900179,15,236,-221
103900180,3,134,-131
103900181,39,44,-5
103900182,35,12,23
103900184,659,35,624
103900185,255,117,138
103900187,71,33,38
103900188,20,13,7
103900189,62,10,52
103900190,23,44,-21
103900191,8,59,-51
103900192,27,111,-84
103900193,195,137,58
103900194,25,376,-351
103900195,2,14,-12
103900196,10,7,3
103900197,12,18,-6
103900198,11,51,-40
103900199,74,83,-9
103900200,110,174,-64
103900201,87,207,-120
103900202,6,67,-61
103900203,18,10,8
103900204,3,123,-120
103900207,1,151,-150
103900208,26,2,24
103900209,7,108,-101
103900210,19,28,-9
103900211,288,875,-587
103900212,38,535,-497
103900213,159,326,-167
103900214,206,58,148
103900215,692,181,511
103900216,8,1068,-1060
103900217,337,10,327
103900218,2,233,-231
103900219,76,346,-270
103900233,98,1,97
103900235,34,29,5
103900236,27,2,25
103900242,2,4,-2
103900243,3,4,-1
103900244,43,383,-340
103900245,44,270,-226
103900246,36,29,7
103900247,25,93,-68
103900248,1,6,-5
103900249,9,31,-22
103900250,21,25,-4
103900251,1,21,-20
103900253,28,30,-2
103900254,7,9,-2
103900255,10,4,6
103900256,19,12,7
103900257,8,57,-49
103900258,16,6,10
103900259,56,6,50
103900261,4,2,2
103900262,12,1,11
103900263,46,10,36
103900264,32,7,25
103900265,22,12,10
103900266,0,35,-35
103900267,1,33,-32
104000001,1818,2350,-532
104000002,1300,2579,-1279
104000003,2719,2276,443
104000004,4006,2564,1442
104000005,732,1987,-1255
104000006,2582,2966,-384
104000007,3964,3743,221
104000008,276,487,-211
104000009,77,150,-73
104000010,97,174,-77
104000011,964,545,419
104000012,129,594,-465
104000013,93,128,-35
104000014,180,876,-696
104000015,180,158,22
104000016,523,606,-83
104000018,495,149,346
104000019,309,101,208
104000020,211,1091,-880
104000021,240,892,-652
104000022,86,375,-289
104000023,318,277,41
104000024,180,404,-224
104000026,32,279,-247
104000027,258,575,-317
104000028,212,294,-82
104000029,368,682,-314
104000030,154,242,-88
104000031,634,284,350
104000032,182,499,-317
104000033,391,359,32
104000034,330,551,-221
104000035,506,522,-16
104000036,482,786,-304
104000037,240,398,-158
104000038,273,271,2
104000039,155,514,-359
104000040,545,610,-65
104000041,272,325,-53
104000042,195,386,-191
104000043,204,465,-261
104000044,174,831,-657
104000045,750,1420,-670
104000046,1458,1756,-298
104000047,432,1403,-971
104000048,1113,2316,-1203
104000049,302,268,34
104000050,152,581,-429
104000051,96,731,-635
104000052,716,1469,-753
104000053,550,721,-171
104000054,373,764,-391
104000055,4262,3484,778
104000056,1683,217,1466
104000057,82,573,-491
104000058,483,759,-276
104000059,355,1340,-985
104000060,575,1061,-486
104000061,914,1597,-683
104000062,167,158,9
104000064,703,306,397
104000065,71,338,-267
104000069,1580,541,1039
104000070,52,356,-304
104000071,121,430,-309
104000072,455,220,235
104000075,36,308,-272
104000076,362,112,250
104000082,2223,2272,-49
104000083,724,224,500
104000084,134,556,-422
104000085,155,190,-35
104000086,100,494,-394
104000087,459,907,-448
104000090,532,1820,-1288
104000092,551,3318,-2767
104000094,764,2746,-1982
104000095,1269,1366,-97
104000096,674,522,152
104000097,1076,1429,-353
104000098,995,1648,-653
104000100,884,765,119
104000101,702,2616,-1914
104000106,92,569,-477
104000107,554,550,4
104000108,291,723,-432
104000109,223,38,185
104000110,739,959,-220
104000111,6984,1658,5326
104000112,3244,536,2708
104000116,8,1512,-1504
104000117,67,1181,-1114
104000118,302,251,51
104000119,365,206,159
104000120,188,1382,-1194
104000121,179,619,-440
104000122,500,792,-292
104000123,1148,1681,-533
104000124,2262,3184,-922
104000125,6608,2767,3841
104000126,300,573,-273
104000127,1637,5062,-3425
104000128,977,531,446
104000129,69,4,65
104000130,1,194,-193
104000131,1196,734,462
104000132,781,1122,-341
104000133,971,917,54
104000134,933,1423,-490
104000135,403,858,-455
104000136,1033,1943,-910
104000137,2118,270,1848
104000138,1381,430,951
104000139,11906,3227,8679
104000141,1455,1827,-372
104000142,476,1301,-825
104000143,370,976,-606
104000144,39,154,-115
104000145,352,196,156
104000146,511,642,-131
104000147,101,448,-347
104000148,148,192,-44
104000149,128,514,-386
104000150,469,350,119
104000151,350,890,-540
104000152,588,1050,-462
104000153,251,376,-125
104000154,1208,992,216
104000155,219,381,-162
104000157,1112,1877,-765
104000158,176,232,-56
104000159,484,289,195
104000160,1531,1295,236
104000161,221,147,74
104000162,33,104,-71
104000165,1143,1007,136
104000167,400,463,-63
104000168,421,6,415
104000169,24,35,-11
104000170,1137,293,844
104000248,168,828,-660
104000251,50,420,-370
104000272,0,0,0
104000273,0,0,0
104000274,0,0,0
104000275,0,0,0
104000279,780,610,170
104000290,31,398,-367
104000291,554,992,-438
104000293,487,765,-278
104000294,9,0,9
104000295,429,817,-388
104000296,283,859,-576
104000297,830,1455,-625
104000298,2040,899,1141
104000299,597,1329,-732
104900001,72,390,-318
104900002,27,70,-43
104900003,14,463,-449
104900004,67,447,-380
104900005,95,150,-55
104900006,117,61,56
104900007,131,264,-133
104900009,78,640,-562
104900010,8,5,3
104900011,7,5,2
104900012,102,4,98
104900013,58,0,58
104900014,5104,406,4698
104900015,106,5,101
104900016,114,467,-353
104900017,38,168,-130
104900018,6,233,-227
104900019,276,997,-721
104900020,27,344,-317
104900021,3,474,-471
104900022,17,146,-129
104900023,0,220,-220
104900024,27,139,-112
104900025,33,385,-352
104900026,0,212,-212
104900027,171,219,-48
104900028,56,121,-65
104900029,68,141,-73
104900030,239,184,55
104900031,193,254,-61
104900032,22,221,-199
104900033,54,236,-182
104900034,171,83,88
104900035,103,87,16
104900036,75,52,23
104900037,68,383,-315
104900038,742,551,191
104900039,1402,217,1185
104900040,152,56,96
104900041,103,137,-34
104900042,82,478,-396
104900043,10,26,-16
104900044,251,196,55
104900045,238,47,191
104900046,47,149,-102
104900047,154,149,5
104900048,150,105,45
104900049,9,5,4
104900050,77,87,-10
104900051,126,48,78
104900052,38,2,36
104900053,275,68,207
104900054,316,66,250
104900055,37,0,37
104900056,59,14,45
104900057,55,1,54
104900058,1186,129,1057
104900059,6,39,-33
104900060,1,401,-400
104900061,242,706,-464
104900063,1,106,-105
104900064,0,108,-108
104900065,0,104,-104
104900066,3,234,-231
104900067,0,254,-254
104900068,7,259,-252
104900070,107,433,-326
104900071,3,1034,-1031
104900072,42,275,-233
104900073,15,288,-273
104900074,49,246,-197
104900075,21,109,-88
104900076,78,431,-353
104900077,1387,105,1282
104900078,80,917,-837
104900079,128,170,-42
104900080,33,645,-612
104900082,13,304,-291
104900085,1,265,-264
104900087,247,3,244
104900089,101,0,101
104900090,322,431,-109
104900091,370,1311,-941
104900093,199,684,-485
104900097,3974,1238,2736
104900098,72,60,12
104900099,117,386,-269
104900100,761,271,490
104900102,18,312,-294
104900103,549,153,396
104900104,4205,1041,3164
104900106,18,121,-103
104900107,49,392,-343
104900108,15,407,-392
104900109,63,287,-224
104900110,6,43,-37
104900111,85,81,4
104900112,152,1185,-1033
104900113,395,607,-212
104900114,166,1127,-961
104900115,315,647,-332
104900116,95,344,-249
104900118,12,65,-53
104900119,0,32,-32
104900120,47,60,-13
104900121,2,188,-186
104900122,1,120,-119
104900123,11,2,9
104900124,24,0,24
104900125,532,9,523
104900126,75,41,34
104900127,12,48,-36
104900128,74,190,-116
104900129,3684,1018,2666
105000001,2153,1900,253
105000002,1604,1899,-295
105000003,2557,4155,-1598
105000004,435,1091,-656
105000005,598,1265,-667
105000006,838,1568,-730
105000007,779,1143,-364
105000008,804,1460,-656
105000009,1106,2247,-1141
105000010,3136,2648,488
105000011,1811,1819,-8
105000012,4327,3518,809
105000013,517,827,-310
105000014,915,1681,-766
105000015,8168,5320,2848
105000016,4120,2063,2057
105000017,1635,1156,479
105000018,1220,811,409
105000019,1458,947,511
105000020,220,287,-67
105000021,218,119,99
105000022,131,37,94
105000023,420,244,176
105000028,46,190,-144
105000029,264,775,-511
105000030,4029,3914,115
105000033,780,2470,-1690
105000034,108,456,-348
105000037,614,571,43
105000038,1635,965,670
105000039,3753,2048,1705
105000040,733,612,121
105000041,915,1547,-632
105000042,2298,961,1337
105000043,2235,3002,-767
105000044,387,510,-123
105000045,458,1574,-1116
105000046,510,445,65
105000047,374,1627,-1253
105000048,371,177,194
105000049,184,798,-614
105000050,263,307,-44
105000051,220,514,-294
105000052,384,927,-543
105000053,103,131,-28
105000054,143,962,-819
105000055,317,470,-153
105000056,649,2783,-2134
105000057,834,1156,-322
105000058,1289,1623,-334
105000059,490,507,-17
105000060,395,684,-289
105000061,340,392,-52
105000062,720,1120,-400
105000063,267,727,-460
105000064,621,730,-109
105000065,332,1215,-883
105000066,968,2545,-1577
105000067,771,510,261
105000068,363,1047,-684
105000069,3153,679,2474
105000070,861,837,24
105000071,180,378,-198
105000072,465,813,-348
105000073,584,561,23
105000074,858,1055,-197
105000075,448,925,-477
105000076,1101,1227,-126
105000077,1810,728,1082
105000078,1619,1152,467
105000079,1908,1718,190
105000080,1841,1154,687
105000081,1170,701,469
105000082,436,478,-42
105000083,1247,911,336
105000084,430,1185,-755
105000085,1032,1011,21
105000086,439,826,-387
105000087,2402,1825,577
105000088,1327,1276,51
105000089,3187,2380,807
105000090,1143,905,238
105000091,2035,1904,131
105000092,654,1300,-646
105000093,338,214,124
105000094,265,238,27
105000095,42,382,-340
105000096,910,716,194
105000097,961,634,327
105000098,498,498,0
105000099,708,1048,-340
105000100,717,1095,-378
105000101,1343,2355,-1012
105000102,1327,1473,-146
105000103,1200,2362,-1162
105000104,1212,1027,185
105000105,834,1997,-1163
105000106,1027,1828,-801
105000107,805,1111,-306
105000108,907,2165,-1258
105000109,1038,1948,-910
105000110,426,1021,-595
105000111,321,467,-146
105000112,779,923,-144
105000113,293,388,-95
105000114,4117,981,3136
105000115,243,578,-335
105000116,420,533,-113
105000117,627,1477,-850
105000118,234,362,-128
105000119,464,1639,-1175
105000120,525,743,-218
105000121,742,1324,-582
105000122,225,398,-173
105000123,986,1800,-814
105000124,1143,1098,45
105000125,551,1977,-1426
105000126,1577,2404,-827
105000127,1887,2090,-203
105000128,219,1494,-1275
105000129,418,342,76
105000130,110,783,-673
105000131,738,379,359
105000132,511,384,127
105000133,281,1239,-958
105000134,377,538,-161
105000135,319,741,-422
105000136,33,152,-119
105000137,224,274,-50
105000138,50,137,-87
105000139,1000,1144,-144
105000140,134,393,-259
105000141,135,650,-515
105000142,82,460,-378
105000143,191,645,-454
105000144,188,653,-465
105000145,325,478,-153
105000146,485,660,-175
105000147,346,348,-2
105000148,977,592,385
105000149,1602,1454,148
105000150,2591,1236,1355
105000151,190,338,-148
105000152,108,740,-632
105000153,451,396,55
105000154,812,955,-143
105000155,253,555,-302
105000156,977,881,96
105000157,1205,2170,-965
105000158,1849,839,1010
105000159,354,1666,-1312
105000160,1091,549,542
105000161,648,2252,-1604
105000162,375,1201,-826
105000163,1304,1447,-143
105000164,219,369,-150
105000165,1873,3163,-1290
105000166,9269,346,8923
105000167,3343,1071,2272
105000168,123,937,-814
105000169,222,504,-282
105000170,96,1213,-1117
105000171,949,348,601
105000172,29,38,-9
105000173,28,21,7
105000174,29,24,5
105000175,88,142,-54
105000176,176,72,104
105000177,71,131,-60
105000178,125,836,-711
105000179,85,114,-29
105000180,88,104,-16
105000181,81,552,-471
105000182,23,59,-36
105000183,3080,1287,1793
105000184,1443,755,688
105000185,1339,560,779
105000186,433,1030,-597
105000187,524,278,246
105000188,205,89,116
105000189,147,607,-460
105000190,179,363,-184
105000191,263,522,-259
105000192,115,98,17
105000193,73,166,-93
105000194,142,105,37
105000195,218,1431,-1213
105000196,22,56,-34
105000197,236,876,-640
105000198,545,368,177
105000199,210,209,1
105000200,104,229,-125
105000201,73,33,40
105000203,5,293,-288
105000204,52,74,-22
105000205,70,233,-163
105000207,760,320,440
105000208,254,379,-125
105000209,160,390,-230
105000212,887,1706,-819
105000213,226,124,102
105000214,48,193,-145
105000215,137,316,-179
105000216,45,463,-418
105000217,180,432,-252
105000218,521,1080,-559
105000221,96,315,-219
105000222,59,35,24
105000223,84,219,-135
105000226,28,512,-484
105000227,24,296,-272
105000228,132,698,-566
105000229,62,180,-118
105000231,98,242,-144
105000233,466,511,-45
105000234,464,1467,-1003
105000235,225,473,-248
105000237,456,52,404
105000243,13,254,-241
105000248,57,33,24
105000262,161,2259,-2098
105000269,74,207,-133
105000270,238,106,132
105000271,1,313,-312
105000282,104,42,62
105000287,306,177,129
105000288,284,392,-108
105000289,918,674,244
105000290,7,3,4
105000402,6072,1677,4395
105000426,315,457,-142
105000438,718,582,136
105000446,15337,5139,10198
105000447,9083,3109,5974
105000454,129,624,-495
105000455,170,260,-90
105000474,11,0,11
105000477,217,384,-167
105000478,1101,1699,-598
105000479,50,190,-140
105000480,1700,1838,-138
105000481,1958,1920,38
105000482,4455,2707,1748
105000483,942,1192,-250
105000484,2372,2494,-122
105000485,960,1221,-261
105000486,3017,2194,823
105000488,2968,3103,-135
105000489,416,734,-318
105000549,10,146,-136
105000550,395,1109,-714
105000551,17,96,-79
105000552,3217,2099,1118
105900001,10,887,-877
105900002,1859,275,1584
105900003,2,100,-98
105900004,352,139,213
105900005,7,220,-213
105900006,7,28,-21
105900007,25,7,18
105900008,54,893,-839
105900009,11,16,-5
105900011,81,47,34
105900012,503,180,323
105900013,2,22,-20
105900014,5,119,-114
105900015,87,307,-220
105900016,173,1056,-883
105900017,562,68,494
105900018,212,299,-87
105900019,113,671,-558
105900020,10,72,-62
105900021,18,376,-358
105900022,239,403,-164
105900023,2,138,-136
105900024,2,173,-171
105900025,42,67,-25
105900026,252,33,219
105900027,5336,3989,1347
105900028,47,148,-101
105900029,2250,415,1835
105900030,167,300,-133
105900031,413,165,248
105900032,33,133,-100
105900033,121,113,8
105900034,116,253,-137
105900035,219,182,37
105900036,14,136,-122
105900037,43,66,-23
105900038,100,254,-154
105900039,58,166,-108
105900040,53,90,-37
105900041,182,497,-315
105900042,25,99,-74
105900043,2028,75,1953
105900044,0,147,-147
105900045,2,628,-626
105900046,4,171,-167
105900047,36,18,18
105900048,59,469,-410
105900050,2851,742,2109
105900051,7,1400,-1393
105900052,287,90,197
105900053,4231,1067,3164
105900054,254,256,-2
105900056,1057,174,883
105900057,21,169,-148
105900058,7,37,-30
105900059,0,38,-38
106000001,4043,1205,2838
106000002,3355,4160,-805
106000003,2568,2241,327
106000004,2342,2379,-37
106000005,2247,4970,-2723
106000006,6067,4939,1128
106000007,389,489,-100
106000008,467,296,171
106000009,430,313,117
106000010,493,560,-67
106000011,593,1004,-411
106000012,635,1907,-1272
106000013,1447,2054,-607
106000014,2126,2248,-122
106000015,1003,1126,-123
106000016,1159,2804,-1645
106000017,611,657,-46
106000018,464,719,-255
106000019,316,417,-101
106000020,226,529,-303
106000021,230,532,-302
106000022,244,422,-178
106000023,400,380,20
106000024,529,1012,-483
106000025,83,220,-137
106000026,211,369,-158
106000027,664,1208,-544
106000028,462,830,-368
106000029,752,1667,-915
106000030,1145,295,850
106000034,205,589,-384
106000035,672,896,-224
106000036,361,386,-25
106000037,1615,1625,-10
106000038,598,64,534
106000039,175,54,121
106000040,205,634,-429
106000041,857,240,617
106000043,464,87,377
106000046,241,27,214
106000047,35,269,-234
106000049,342,128,214
106000050,221,889,-668
106000051,368,306,62
106000052,59,797,-738
106000053,159,100,59
106000054,340,533,-193
106000055,580,782,-202
106000056,244,558,-314
106000057,149,203,-54
106000058,158,215,-57
106000059,199,245,-46
106000060,614,579,35
106000061,181,445,-264
106000062,129,670,-541
106000063,334,383,-49
106000064,37,462,-425
106000065,181,161,20
106000066,57,450,-393
106000067,181,92,89
106000068,35,774,-739
106000069,95,92,3
106000070,301,944,-643
106000071,565,280,285
106000072,5026,1304,3722
106000073,1694,2036,-342
106000074,199,652,-453
106000075,215,1061,-846
106000076,1102,1711,-609
106000077,3066,1319,1747
106000078,644,906,-262
106000079,468,1112,-644
106000080,886,938,-52
106000081,389,1053,-664
106000082,2305,1067,1238
106000083,255,1224,-969
106000084,851,683,168
106000085,1391,1002,389
106000086,503,635,-132
106000087,712,680,32
106000088,313,738,-425
106000089,705,564,141
106000090,179,609,-430
106000091,227,756,-529
106000092,485,275,210
106000093,165,73,92
106000094,62,328,-266
106000095,317,1217,-900
106000096,453,797,-344
106000097,497,1605,-1108
106000098,384,1044,-660
106000099,149,940,-791
106000100,562,289,273
106000101,491,288,203
106000102,139,582,-443
106000103,200,622,-422
106000104,382,371,11
106000105,294,1025,-731
106000106,306,498,-192
106000107,64,479,-415
106000108,120,339,-219
106000109,59,402,-343
106000110,109,276,-167
106000111,97,692,-595
106000112,65,372,-307
106000113,1132,688,444
106000114,368,397,-29
106000115,117,594,-477
106000116,75,249,-174
106000117,954,903,51
106000118,917,934,-17
106000119,2895,1306,1589
106000120,776,723,53
106000121,96,195,-99
106000122,50,366,-316
106000123,128,302,-174
106000124,23,421,-398
106000125,4,456,-452
106000126,111,229,-118
106000127,337,911,-574
106000128,368,349,19
106000129,300,788,-488
106000130,392,459,-67
106000131,88,658,-570
106000132,871,158,713
106000133,4217,927,3290
106000134,831,586,245
106000135,168,887,-719
106000136,423,318,105
106000137,55,1797,-1742
106000138,363,42,321
106000139,27,134,-107
106000140,20,129,-109
106000141,34,159,-125
106000142,55,76,-21
106000143,11,175,-164
106000144,33,61,-28
106000145,133,440,-307
106000146,143,168,-25
106000147,355,510,-155
106000148,633,932,-299
106000149,353,438,-85
106000150,438,1625,-1187
106000151,5047,845,4202
106000152,1657,974,683
106000153,65,1320,-1255
106000154,1380,203,1177
106000155,42,159,-117
106000156,475,456,19
106000157,611,2050,-1439
106000158,3391,730,2661
106000159,5428,1313,4115
106000160,178,1717,-1539
106000161,1441,675,766
106000162,106,762,-656
106000163,144,652,-508
106000164,175,398,-223
106000165,183,941,-758
106000166,357,362,-5
106000167,233,1774,-1541
106000168,175,303,-128
106000169,116,1095,-979
106000170,258,264,-6
106000171,66,1046,-980
106000172,2174,894,1280
106000173,887,2888,-2001
106000174,861,333,528
106000175,306,1114,-808
106000176,803,640,163
106000177,635,2779,-2144
106000178,2741,1283,1458
106000179,1173,2516,-1343
106000180,770,2124,-1354
106000181,358,2445,-2087
106000182,474,735,-261
106000183,490,1137,-647
106000184,671,1293,-622
106000185,416,1105,-689
106000186,905,231,674
106000187,261,873,-612
106000188,0,0,0
106000189,6,56,-50
106000190,16,2,14
106000191,544,189,355
106000192,0,33,-33
106000193,246,155,91
106000194,120,379,-259
106000195,923,104,819
106000196,282,404,-122
106000197,185,309,-124
106000198,91,319,-228
106000199,910,400,510
106000200,481,160,321
106000201,443,1020,-577
106000202,7974,663,7311
106000203,168,177,-9
106000204,17,5,12
106000205,12,155,-143
106000206,30,6,24
106000207,50,1024,-974
106000208,500,67,433
106000209,911,238,673
106000210,231,1547,-1316
106000211,360,1772,-1412
106000212,446,210,236
106000213,721,1217,-496
106000214,2743,458,2285
106000215,198,524,-326
106000216,268,367,-99
106000217,244,470,-226
106000218,407,327,80
106000219,71,295,-224
106000220,323,229,94
106000221,76,310,-234
106000222,13,179,-166
106000223,44,135,-91
106000224,101,449,-348
106000225,42,55,-13
106000226,114,375,-261
106000228,35,137,-102
106000229,52,900,-848
106000231,390,136,254
106000232,77,478,-401
106000233,205,125,80
106000234,29,252,-223
106000235,200,70,130
106000236,97,59,38
106000237,0,8,-8
106000238,8,10,-2
106000239,13,77,-64
106000240,28,1,27
106000241,18,788,-770
106000242,155,14,141
106000249,48,70,-22
106000250,42,488,-446
106000251,27,18,9
106000252,16,121,-105
106000253,16,34,-18
106000254,27,84,-57
106000255,6,70,-64
106000256,84,148,-64
106000257,111,418,-307
106000258,76,11,65
106000259,5,39,-34
106000260,11,3,8
106000261,3,55,-52
106000262,29,21,8
106000263,1,78,-77
106000264,271,12,259
106000265,15,116,-101
106000266,123,13,110
106000267,4,131,-127
106000268,384,21,363
106000269,62,79,-17
106000270,110,399,-289
106000271,23,168,-145
106000272,61,51,10
106000273,9,178,-169
106000274,143,37,106
106000275,76,162,-86
106000276,202,71,131
106000277,97,169,-72
106000278,155,49,106
106000279,4,56,-52
106000280,29,202,-173
106000281,57,62,-5
106000282,58,40,18
106000283,55,105,-50
106000284,37,97,-60
106000285,91,156,-65
106000286,60,176,-116
106000287,88,115,-27
106000288,55,157,-102
106000289,48,86,-38
106000290,29,127,-98
106000291,72,98,-26
106000292,47,161,-114
106000293,53,78,-25
106000294,105,154,-49
106000295,34,33,1
106000296,51,125,-74
106000297,41,198,-157
106000298,122,68,54
106000299,45,142,-97
106000300,41,103,-62
106000301,49,96,-47
106000303,12,62,-50
106000304,44,37,7
106000305,40,52,-12
106000306,60,75,-15
106000307,46,16,30
106000308,30,241,-211
106000309,10,93,-83
106000310,142,691,-549
106000311,150,125,25
106000312,57,252,-195
106000313,67,212,-145
106000318,171,193,-22
106000319,408,82,326
106000320,0,36,-36
106000321,258,43,215
106000322,61,271,-210
106000324,3,161,-158
106000325,930,911,19
106000326,794,2290,-1496
106000327,41,217,-176
106000328,12,114,-102
106000329,21,307,-286
106000330,28,45,-17
106000428,30,165,-135
106000429,61,522,-461
106000430,372,1504,-1132
106000431,967,237,730
106000432,1305,2604,-1299
106000433,1236,724,512
106000434,2731,848,1883
106000435,2357,2640,-283
106000436,30,383,-353
106000437,196,39,157
106000438,266,101,165
106000439,55,779,-724
106000440,79,402,-323
106000441,1,0,1
106000442,123,4,119
106000443,50,729,-679
106000450,1,257,-256
106000451,38,26,12
106000454,4,48,-44
106000455,12,164,-152
106000456,100,11,89
106000457,4,1408,-1404
106000458,237,151,86
106000459,45,426,-381
106000460,377,40,337
106000461,28,2263,-2235
106000462,0,12,-12
106000463,3,19,-16
106000464,4,645,-641
106000465,173,1,172
106000466,6,904,-898
106000467,512,576,-64
106000468,47,167,-120
106000469,209,5,204
106000470,218,1363,-1145
106000471,27,807,-780
106000472,77,7,70
106000473,10,19,-9
106000474,167,757,-590
106000475,122,140,-18
106000476,132,119,13
106000477,8,50,-42
106900001,1,25,-24
106900002,4,648,-644
106900003,193,944,-751
106900004,0,134,-134
106900006,0,27,-27
106900007,0,14,-14
106900008,103,318,-215
106900009,172,518,-346
106900010,133,380,-247
106900012,2174,1146,1028
106900013,249,45,204
106900014,25,0,25
106900015,13,0,13
106900016,78,0,78
106900017,3,0,3
106900018,3,0,3
106900019,16,1,15
106900020,3280,653,2627
106900021,19,27,-8
106900022,228,1,227
106900023,10,323,-313
106900024,218,13,205
106900025,67,732,-665
106900026,3,950,-947
106900027,264,3,261
107000001,1615,1348,267
107000002,2928,3592,-664
107000003,3530,4372,-842
107000004,5467,6894,-1427
107000005,1536,3366,-1830
107000006,3262,7797,-4535
107000007,4502,4926,-424
107000008,21185,13068,8117
107000009,3915,4122,-207
107000010,11410,14476,-3066
107000011,1188,1321,-133
107000012,4760,4302,458
107000013,35,213,-178
107000014,12,303,-291
107000015,270,1000,-730
107000016,359,1416,-1057
107000017,2293,740,1553
107000018,10,219,-209
107000020,1234,322,912
107000021,627,806,-179
107000022,593,1482,-889
107000023,1080,279,801
107000024,361,2220,-1859
107000025,77,377,-300
107000026,127,861,-734
107000027,906,820,86
107000028,1184,1992,-808
107000029,1234,1330,-96
107000030,3208,3667,-459
107000031,2155,1624,531
107000032,302,934,-632
107000033,3753,3945,-192
107000034,5384,2281,3103
107000035,252,137,115
107000036,268,981,-713
107000037,26,558,-532
107000038,176,265,-89
107000039,529,473,56
107000040,163,385,-222
107000041,1306,670,636
107000042,660,1803,-1143
107000043,3049,865,2184
107000044,634,417,217
107000045,48,284,-236
107000046,316,304,12
107000047,235,810,-575
107000048,423,317,106
107000049,502,650,-148
107000050,722,371,351
107000051,394,256,138
107000052,1073,577,496
107000053,242,102,140
107000054,53,262,-209
107000055,125,61,64
107000056,374,853,-479
107000057,1604,160,1444
107000058,1475,1796,-321
107000059,2537,3052,-515
107000060,2814,4200,-1386
107000061,5545,4260,1285
107000062,2341,2716,-375
107000063,3697,6923,-3226
107000064,2014,1734,280
107000065,2973,6112,-3139
107000066,1355,1758,-403
107000067,540,867,-327
107000068,1350,620,730
107000069,389,320,69
107000070,217,2,215
107000071,1228,20,1208
107000072,47,4438,-4391
107000073,251,104,147
107000074,132,1035,-903
107000075,869,253,616
107000076,781,1982,-1201
107000077,1633,508,1125
107000078,1654,3738,-2084
107000079,1342,412,930
107000080,1100,3611,-2511
107000081,704,414,290
107000082,442,3303,-2861
107000083,789,265,524
107000084,573,3168,-2595
107000085,2417,2873,-456
107000086,3536,2946,590
107000087,2120,1990,130
107000088,2714,3343,-629
107000089,1011,1702,-691
107000090,855,1121,-266
107000091,677,964,-287
107000092,653,1274,-621
107000093,650,748,-98
107000094,752,1560,-808
107000095,334,447,-113
107000096,460,915,-455
107000097,303,152,151
107000098,314,522,-208
107000099,315,302,13
107000100,344,210,134
107000101,47,140,-93
107000102,275,289,-14
107000103,240,125,115
107000104,216,301,-85
107000105,199,91,108
107000106,99,298,-199
107000107,265,174,91
107000108,80,829,-749
107000109,266,121,145
107000110,43,616,-573
107000111,85,17,68
107000112,14,446,-432
107000113,203,81,122
107000114,69,680,-611
107000115,191,59,132
107000116,79,1118,-1039
107000117,91,190,-99
107000118,183,330,-147
107000119,1716,811,905
107000120,2203,421,1782
107000121,394,672,-278
107000122,922,970,-48
107000123,201,633,-432
107000124,283,955,-672
107000125,214,611,-397
107000126,310,830,-520
107000127,11,345,-334
107000129,106,168,-62
107000130,78,193,-115
107000131,307,346,-39
107000132,404,326,78
107000133,824,169,655
107000134,337,1,336
107000135,4,224,-220
107000136,630,4,626
107000137,12,369,-357
107000138,318,12,306
107000139,5,306,-301
107000140,787,28,759
107000141,85,852,-767
107000142,158,42,116
107000143,40,1099,-1059
107000144,269,328,-59
107000145,109,613,-504
107000146,99,338,-239
107000147,2945,626,2319
107000150,1026,1307,-281
107000151,51,62,-11
107000152,473,376,97
107000153,378,325,53
107000154,158,77,81
107000155,359,20,339
107000156,599,14,585
107000157,21,3010,-2989
107000158,151,7,144
107000159,27,1169,-1142
107000160,349,72,277
107000161,102,2503,-2401
107000162,98,150,-52
107000163,26,1,25
107000164,113,0,113
107000165,303,0,303
107000166,72,1828,-1756
107000167,232,223,9
107000168,422,189,233
107000169,989,1135,-146
107000170,883,485,398
107000171,582,3743,-3161
107000172,509,596,-87
107000173,674,1552,-878
107000174,943,1769,-826
107000175,13097,1855,11242
107000176,0,0,0
107000177,0,0,0
107000178,3,93,-90
107000179,171,3492,-3321
107000180,644,382,262
107000181,220,1663,-1443
107000182,787,1024,-237
107000183,95,1113,-1018
107000184,351,806,-455
107000185,345,1565,-1220
107000186,643,339,304
107000187,916,1233,-317
107000188,421,404,17
107000189,286,897,-611
107000190,354,895,-541
107000191,419,898,-479
107000192,1100,1160,-60
107000193,354,389,-35
107000194,920,1043,-123
107000197,382,213,169
107000198,201,772,-571
107000199,601,845,-244
107000200,910,451,459
107000201,238,252,-14
107000202,158,447,-289
107000203,595,512,83
107000204,661,672,-11
107000205,2958,1283,1675
107000206,769,796,-27
107000207,871,1081,-210
107000208,1476,338,1138
107000209,2887,551,2336
107000210,1828,262,1566
107000211,6,11,-5
107000212,15,218,-203
107000213,25,14,11
107000214,9,148,-139
107000215,232,620,-388
107000216,134,496,-362
107000217,61,193,-132
107000219,38,169,-131
107000220,65,378,-313
107000222,247,856,-609
107000224,215,38,177
107000225,154,888,-734
107000226,149,62,87
107000227,81,637,-556
107000228,88,121,-33
107000229,187,93,94
107000230,976,489,487
107000231,886,393,493
107000232,30,44,-14
107000233,700,285,415
107000234,0,14,-14
107000235,44,8,36
107000236,19,573,-554
107000237,3,0,3
107000238,57,3,54
107000239,5865,505,5360
107000240,63,1418,-1355
107000241,111,24,87
107000242,839,51,788
107000243,1,46,-45
107000244,10,76,-66
107000246,3,1392,-1389
107000249,2,1096,-1094
107000251,1,339,-338
107000252,4,1591,-1587
107000255,760,74,686
107000257,1,592,-591
107000258,2,187,-185
107000259,7,278,-271
107000260,226,4,222
107000262,12,1162,-1150
107000263,80,3,77
107000266,1,5,-4
107000267,50,197,-147
107000268,139,270,-131
107000269,192,53,139
107000270,0,9,-9
107000271,9,1247,-1238
107000272,13,239,-226
107000273,0,229,-229
107000274,662,251,411
107000275,29,713,-684
107000280,268,20,248
107000281,9,1194,-1185
107000282,12,1603,-1591
107000290,1,20,-19
107000291,6,8,-2
107000292,0,18,-18
107000293,29,6,23
107000294,0,39,-39
107000295,12,2,10
107000296,0,20,-20
107000444,81,3,78
107000496,0,20,-20
107000497,1240,3813,-2573
107000500,362,303,59
107000501,43,177,-134
107000502,184,432,-248
107000505,526,775,-249
107000506,1,25,-24
107000508,4,872,-868
107000509,180,690,-510
107000510,14,6,8
107000514,13,264,-251
107000515,24,376,-352
107000516,97,206,-109
107000518,446,341,105
107000519,4362,1193,3169
107000520,28,9,19
107900001,14,304,-290
107900002,22,1,21
107900003,172,11,161
107900004,35,1,34
107900005,276,0,276
107900006,77,0,77
107900007,137,17,120
107900008,22,48,-26
107900009,104,5,99
107900010,7,0,7
107900012,191,12,179
107900013,214,90,124
107900014,6,4,2
107900015,276,3,273
107900016,621,104,517
107900017,16,2,14
107900018,24,49,-25
107900019,8,143,-135
107900020,48,4,44
107900021,15,198,-183
107900023,1,1,0
107900024,0,23,-23
107900025,215,459,-244
107900026,10,130,-120
107900027,39,81,-42
107900028,15,98,-83
107900030,122,7,115
107900031,35,283,-248
107900032,8,7,1
107900033,24,9,15
107900034,169,3,166
107900035,421,10,411
107900036,33,8,25
107900037,0,34,-34
107900038,160,111,49
107900039,1,71,-70
107900040,22,37,-15
107900041,1,1,0
107900043,28,157,-129
107900044,0,5,-5
107900045,40,32,8
107900046,76,38,38
107900047,11,95,-84
107900048,52,3,49
107900049,325,352,-27
107900050,56,396,-340
107900051,40,112,-72
107900052,13,13,0
107900053,7,95,-88
107900055,535,174,361
107900056,62,19,43
107900057,2,0,2
107900058,22,936,-914
107900060,5,44,-39
107900061,16,1,15
107900063,86,119,-33
107900064,318,46,272
107900065,70,12,58
107900066,4,6,-2
107900067,0,0,0
107900068,110,321,-211
107900069,12,581,-569
107900070,69,18,51
107900071,14,1180,-1166
107900072,32,265,-233
107900073,34,125,-91
107900074,999,93,906
107900076,49,87,-38
107900077,52,43,9
107900078,256,18,238
107900079,2,1,1
107900080,105,199,-94
107900081,0,98,-98
107900082,17,24,-7
107900083,170,85,85
107900084,49,92,-43
107900086,17,60,-43
107900087,519,46,473
107900088,6,27,-21
107900089,276,1120,-844
107900090,358,869,-511
107900091,169,567,-398
107900092,2298,490,1808
107900093,45,36,9
107900095,3044,1033,2011
107900097,39,52,-13
107900098,73,107,-34
107900100,1297,583,714
107900101,1379,139,1240
107900102,19,2,17
107900103,21,185,-164
107900104,90,4,86
107900105,1,516,-515
107900106,3,1788,-1785
107900107,1684,216,1468
107900108,378,79,299
107900109,375,2,373
107900110,5,96,-91
107900111,7,1606,-1599
107900112,198,206,-8
107900113,44,80,-36
107900114,63,282,-219
107900115,0,63,-63
107900116,36,208,-172
107900117,215,464,-249
107900118,62,160,-98
107900119,26,63,-37
107900120,32,9,23
107900121,2,149,-147
107900122,1,48,-47
107900123,0,13,-13
107900124,2,77,-75
107900125,28,204,-176
107900126,4,25,-21
107900127,582,92,490
107900128,90,44,46
107900129,27,41,-14
107900130,34,29,5
107900131,309,38,271
107900132,112,581,-469
107900133,2,90,-88
107900134,13,8,5
107900135,5,226,-221
107900136,51,21,30
107900137,80,143,-63
107900138,5,25,-20
107900139,10,44,-34
107900140,102,73,29
107900141,48,11,37
107900142,53,1431,-1378
107900143,25,66,-41
107900144,3,149,-146
107900145,12,110,-98
107900146,31,138,-107
107900147,35,9,26
107900148,109,217,-108
107900149,2228,143,2085
107900150,61,985,-924
107900151,4,104,-100
107900152,19,389,-370
107900153,145,143,2
107900154,15,7,8
107900155,20,37,-17
107900156,2,412,-410
107900157,38,60,-22
107900158,267,9,258
107900159,45,1455,-1410
107900160,15,213,-198
107900161,9,298,-289
107900162,4,260,-256
107900163,45,28,17
107900164,2,17,-15
107900165,15,41,-26
107900166,8,336,-328
107900167,32,7,25
107900168,7,25,-18
107900169,1,185,-184
107900171,10,2126,-2116
107900172,0,374,-374
107900173,6,245,-239
107900174,33,8,25
107900175,0,7,-7
107900176,4,50,-46
107900177,5,282,-277
107900178,2,287,-285
107900179,5,145,-140
107900180,1210,179,1031
107900181,374,435,-61
107900182,7,1733,-1726
107900183,19,470,-451
107900184,38,352,-314
107900185,37,0,37
107900186,16,21,-5
107900187,0,154,-154
107900188,808,87,721
107900189,9,161,-152
107900190,97,39,58
107900191,39,146,-107
107900193,0,21,-21
107900194,250,3,247
107900195,4966,578,4388
107900196,36,65,-29
107900197,492,56,436
107900199,2,1268,-1266
107900201,38,164,-126
107900203,22,152,-130
107900204,239,272,-33
107900205,147,461,-314
107900206,286,164,122
107900207,3,816,-813
107900208,7,1005,-998
107900209,410,149,261
107900210,81,111,-30
107900213,537,484,53
107900214,6,212,-206
107900215,194,283,-89
107900216,55,42,13
107900217,26,48,-22
107900218,6,1798,-1792
107900219,6,175,-169
107900220,222,113,109
107900221,168,222,-54
107900223,51,602,-551
107900224,185,287,-102
107900225,4,1070,-1066
107900226,37,155,-118
107900227,83,559,-476
107900228,3,122,-119
107900229,2,364,-362
107900230,2,205,-203
107900231,2,239,-237
107900232,15,279,-264
107900233,4,200,-196
107900234,25,180,-155
107900235,34,106,-72
107900236,42,103,-61
107900237,114,578,-464
107900238,4,150,-146
107900239,1418,393,1025
107900240,4,231,-227
107900241,8,149,-141
107900242,8,469,-461
107900243,2,33,-31
107900244,83,11,72
107900245,154,17,137
107900246,64,6,58
107900248,91,677,-586
107900249,215,7,208
107900250,0,644,-644
107900251,42,1412,-1370
107900252,304,7,297
107900253,33,4,29
107900254,62,110,-48
107900255,367,69,298
107900256,360,415,-55
107900257,57,43,14
107900258,51,197,-146
107900259,90,625,-535
107900261,3,601,-598
107900262,23,161,-138
107900264,92,1,91
107900265,54,246,-192
107900267,57,22,35
107900268,61,6,55
107900269,0,7,-7
107900270,0,0,0
107900271,0,3,-3
107900272,113,11,102
107900273,14,89,-75
107900274,17,0,17
107900275,5,0,5
107900276,1,70,-69
107900277,3,241,-238
107900278,131,432,-301
107900279,174,83,91
107900280,2417,1151,1266
107900281,3825,868,2957
107900282,53,191,-138
107900283,1518,357,1161
107900284,130,1065,-935
107900285,40,189,-149
107900286,109,52,57
107900287,78,171,-93
107900290,0,38,-38
107900291,203,22,181
107900292,60,354,-294
107900293,25,595,-570
107900295,45,173,-128
107900297,2,291,-289
107900298,711,922,-211
107900299,4074,1382,2692
107900300,22,193,-171
107900301,321,183,138
107900302,70,18,52
107900303,67,342,-275
107900304,88,722,-634
107900305,121,7,114
107900306,15,3,12
107900307,48,294,-246
107900308,121,47,74
107900309,11,0,11
107900310,0,0,0
107900311,124,68,56
107900312,0,0,0
107900313,1,38,-37
107900314,3,54,-51
107900315,0,56,-56
107900316,14,0,14
107900317,35,0,35
107900318,0,155,-155
107900319,4,343,-339
107900320,2,221,-219
107900321,55,2,53
107900322,4,185,-181
107900323,19,166,-147
107900324,87,1,86
107900325,60,0,60
107900326,114,460,-346
107900327,0,1,-1
107900328,0,0,0
107900329,0,0,0
107900330,9,810,-801
107900331,87,35,52
107900332,64,27,37
107900333,23,10,13
107900334,14,301,-287
107900335,49,53,-4
107900336,7,28,-21
107900337,1505,387,1118
107900338,3,153,-150
107900339,2,31,-29
107900340,0,46,-46
107900341,14,0,14
107900342,55,78,-23
107900343,27,0,27
107900344,1,99,-98
107900345,66,23,43
107900346,33,1,32
107900347,6,1,5
107900348,5,4,1
107900349,12,2,10
107900350,44,301,-257
108000001,1893,2358,-465
108000002,2274,3562,-1288
108000003,2885,1485,1400
108000004,19040,17764,1276
108000005,3863,2488,1375
108000006,6087,6617,-530
108000007,3442,2990,452
108000008,5219,6282,-1063
108000009,2112,2719,-607
108000010,2560,5595,-3035
108000011,9567,6536,3031
108000012,19906,16967,2939
108000014,548,480,68
108000015,328,300,28
108000016,165,696,-531
108000017,463,431,32
108000018,840,387,453
108000019,1143,461,682
108000020,865,368,497
108000021,468,1721,-1253
108000022,567,1720,-1153
108000023,838,173,665
108000024,99,776,-677
108000025,114,225,-111
108000026,204,709,-505
108000027,250,554,-304
108000028,160,285,-125
108000029,188,671,-483
108000030,329,202,127
108000031,255,644,-389
108000032,636,464,172
108000033,412,1492,-1080
108000034,1062,371,691
108000035,958,2779,-1821
108000036,284,1609,-1325
108000037,1213,305,908
108000038,1369,357,1012
108000039,415,3058,-2643
108000040,967,559,408
108000041,573,3416,-2843
108000042,62,225,-163
108000043,92,308,-216
108000044,151,155,-4
108000045,138,933,-795
108000046,703,237,466
108000047,389,1383,-994
108000048,97,529,-432
108000049,292,155,137
108000050,106,544,-438
108000051,122,57,65
108000052,314,830,-516
108000053,201,97,104
108000054,521,1205,-684
108000055,802,284,518
108000056,796,1128,-332
108000057,424,674,-250
108000058,1784,2129,-345
108000059,3668,1758,1910
108000060,107,398,-291
108000061,105,309,-204
108000062,343,386,-43
108000063,283,769,-486
108000064,90,271,-181
108000065,308,756,-448
108000066,1361,675,686
108000067,1048,339,709
108000068,422,259,163
108000069,130,1231,-1101
108000070,918,529,389
108000071,503,2293,-1790
108000072,887,782,105
108000073,1551,2442,-891
108000074,240,281,-41
108000075,245,831,-586
108000076,348,317,31
108000077,600,979,-379
108000078,1291,1082,209
108000079,953,2138,-1185
108000080,465,457,8
108000081,575,3229,-2654
108000082,1162,2098,-936
108000083,1425,540,885
108000084,373,1706,-1333
108000085,297,235,62
108000086,1019,1077,-58
108000087,129,1239,-1110
108000088,68,5,63
108000089,216,318,-102
108000090,196,112,84
108000091,87,572,-485
108000092,57,89,-32
108000093,61,967,-906
108000094,337,96,241
108000095,94,612,-518
108000096,102,144,-42
108000097,94,689,-595
108000098,579,1299,-720
108000099,89,82,7
108000100,18,162,-144
108000101,646,652,-6
108000102,1029,1377,-348
108000106,678,2,676
108000107,0,746,-746
108000108,422,43,379
108000109,3,899,-896
108000110,69,195,-126
108000111,104,672,-568
108000112,35,64,-29
108000113,527,423,104
108000115,592,373,219
108000117,827,333,494
108000118,57,101,-44
108000119,671,562,109
108000120,73,364,-291
108000121,151,560,-409
108000122,207,254,-47
108000123,393,402,-9
108000124,132,605,-473
108000125,128,497,-369
108000126,57,736,-679
108000127,185,462,-277
108000128,240,917,-677
108000129,127,1711,-1584
108000130,135,371,-236
108000131,462,197,265
108000132,1561,1535,26
108000133,470,365,105
108000134,697,810,-113
108000135,461,287,174
108000136,775,1143,-368
108000137,173,397,-224
108000138,105,593,-488
108000139,105,460,-355
108000140,15,17,-2
108000141,13,218,-205
108000142,35,132,-97
108000143,28,29,-1
108000144,20,16,4
108000145,29,30,-1
108000146,19,12,7
108000147,24,66,-42
108000148,27,4,23
108000149,25,26,-1
108000150,22,3,19
108000151,28,13,15
108000152,53,651,-598
108000153,174,110,64
108000154,15,13,2
108000155,9,13,-4
108000156,289,98,191
108000157,104,338,-234
108000158,54,314,-260
108000159,685,118,567
108000160,6039,517,5522
108000161,5659,1323,4336
108000165,8,79,-71
108000172,1,167,-166
108000173,3467,1011,2456
108000175,79,55,24
108000178,416,380,36
108000179,181,556,-375
108000181,13,23,-10
108000182,118,11,107
108000183,27,11,16
108000184,1282,1135,147
108000185,60,780,-720
108000186,28,43,-15
108000187,35,925,-890
108000188,149,362,-213
108000189,446,581,-135
108000190,27,97,-70
108000192,49,767,-718
108000193,666,34,632
108000194,13,14,-1
108000195,3,1406,-1403
108000196,68,105,-37
108000197,70,523,-453
108000198,247,419,-172
108000199,0,89,-89
108000200,177,910,-733
108000202,0,124,-124
108000203,50,1136,-1086
108000204,33,19,14
108000205,449,675,-226
108000339,1816,231,1585
108000364,216,126,90
108000365,46,482,-436
108000367,143,472,-329
108000368,9,47,-38
108000369,1264,54,1210
108000371,2,734,-732
108000372,314,5,309
108000373,63,124,-61
108000376,78,18,60
108000377,196,357,-161
108000378,8813,6589,2224
108000379,36,155,-119
108000381,15,8,7
108000382,26,5,21
108000383,0,49,-49
108900001,142,1333,-1191
108900002,247,53,194
108900003,330,1229,-899
108900004,44,122,-78
108900005,52,99,-47
108900006,232,206,26
108900007,46,203,-157
108900008,26,169,-143
108900009,6,128,-122
108900010,60,195,-135
108900011,156,402,-246
108900012,169,499,-330
108900013,61,257,-196
108900014,1,79,-78
108900015,0,6,-6
108900016,1,225,-224
108900017,110,180,-70
108900018,57,622,-565
108900019,27,1432,-1405
108900020,44,370,-326
108900021,83,392,-309
108900022,38,3,35
108900023,1,43,-42
108900024,7,163,-156
108900025,27,146,-119
108900026,21,129,-108
108900027,1,197,-196
108900028,41,607,-566
108900029,24,209,-185
108900030,0,89,-89
108900031,48,754,-706
108900032,3,307,-304
108900033,0,183,-183
108900034,0,289,-289
108900035,193,2198,-2005
108900036,229,442,-213
108900037,12,606,-594
108900038,0,542,-542
108900039,2,637,-635
108900040,4,156,-152
108900041,6667,1960,4707
108900042,4,270,-266
108900043,38,581,-543
108900044,2,923,-921
108900045,17,794,-777
108900046,61,1380,-1319
108900047,0,65,-65
108900048,76,1266,-1190
108900049,6494,651,5843
108900050,0,359,-359
108900051,1,241,-240
108900052,14,430,-416
108900053,120,143,-23
108900054,36,278,-242
108900055,99,612,-513
108900056,1,202,-201
108900057,0,310,-310
108900058,12,655,-643
108900059,145,6,139
108900060,96,108,-12
108900061,33,28,5
108900062,5,358,-353
108900063,10,465,-455
108900064,65,51,14
108900065,6,349,-343
108900066,126,98,28
108900067,77,219,-142
108900068,0,201,-201
108900069,29,154,-125
108900070,41,237,-196
108900071,24,63,-39
108900072,3077,305,2772
108900073,1,87,-86
108900074,35,531,-496
108900075,51,100,-49
108900076,125,64,61
108900077,137,179,-42
108900078,11,293,-282
108900079,949,309,640
108900080,18,370,-352
108900081,54,292,-238
108900082,14,117,-103
108900083,21,162,-141
108900084,338,134,204
108900085,2252,151,2101
108900086,26,466,-440
108900087,128,278,-150
108900088,604,179,425
108900089,9,68,-59
108900090,31,611,-580
108900091,184,191,-7
108900092,286,199,87
108900093,59,42,17
108900094,173,114,59
108900095,51,853,-802
108900096,530,53,477
108900097,266,243,23
108900098,4000,457,3543
108900099,213,472,-259
108900100,25,178,-153
108900101,101,41,60
108900102,294,387,-93
108900103,18,48,-30
108900104,226,271,-45
108900105,2,364,-362
108900106,119,730,-611
108900108,177,26,151
108900109,3,24,-21
108900110,70,629,-559
108900111,138,831,-693
108900112,57,18,39
108900113,23,13,10
108900114,0,8,-8
108900115,76,56,20
108900116,27,19,8
108900117,54,34,20
108900118,205,3,202
108900119,100,42,58
108900120,72,95,-23
108900121,220,35,185
108900122,31,39,-8
108900123,39,49,-10
108900124,192,74,118
108900125,116,1,115
108900126,33,9,24
108900127,64,24,40
108900128,55,13,42
108900129,366,63,303
108900130,98,1,97
108900131,110,0,110
108900132,164,73,91
108900133,123,37,86
108900134,69,211,-142
108900135,58,1,57
108900136,16,0,16
108900137,36,0,36
108900138,228,52,176
108900139,232,49,183
108900140,58,303,-245
108900141,66,14,52
108900142,21,0,21
108900143,14,0,14
108900144,20,0,20
108900145,55,6,49
108900146,30,0,30
108900147,67,1,66
108900148,88,32,56
108900149,506,397,109
108900150,119,5,114
108900151,23,1,22
108900152,24,55,-31
108900153,105,704,-599
108900154,2716,374,2342
108900155,114,82,32
108900156,27,0,27
108900157,3,845,-842
108900158,100,20,80
108900159,11,492,-481
108900160,11,312,-301
108900161,4,585,-581
108900162,37,1,36
108900163,16,122,-106
108900164,19,102,-83
108900165,248,70,178
108900167,1694,1992,-298
108900168,11721,1735,9986
108900169,21,146,-125
108900171,11483,1308,10175
108900172,121,32,89
108900173,182,441,-259
108900174,263,408,-145
108900176,128,773,-645
108900177,10601,1811,8790
108900178,6445,1452,4993
108900179,396,729,-333
108900180,67,132,-65
108900182,16,119,-103
108900183,163,215,-52
108900184,246,161,85
108900185,44,317,-273
108900186,56,394,-338
108900187,120,62,58
108900188,221,54,167
108900189,206,173,33
108900190,33,3774,-3741
108900191,102,19,83
108900192,92,428,-336
108900193,158,20,138
108900194,19,352,-333
108900195,38,414,-376
108900196,9,778,-769
108900198,2,684,-682
108900199,127,358,-231
108900200,218,307,-89
108900201,257,1293,-1036
108900203,253,12,241
108900204,136,4,132
108900205,90,5,85
108900206,100,5,95
108900207,124,31,93
108900208,20,401,-381
108900209,165,675,-510
108900210,165,217,-52
108900211,92,241,-149
108900212,692,580,112
108900215,89,666,-577
108900216,413,64,349
108900217,28,0,28
108900218,93,6,87
108900219,65,3,62
108900220,23,10,13
108900221,34,62,-28
108900222,77,11,66
108900223,12,53,-41
108900224,42,104,-62
108900225,0,176,-176
108900226,100,4,96
108900227,94,61,33
108900230,506,358,148
108900231,66,311,-245
108900232,1,519,-518
108900233,294,46,248
108900234,206,49,157
108900235,163,747,-584
108900236,43,444,-401
108900237,35,350,-315
108900240,59,85,-26
108900241,18,8,10
108900245,1,651,-650
108900249,62,19,43
108900250,159,114,45
108900257,57,846,-789
108900258,14,297,-283
108900259,15,97,-82
108900260,5,116,-111
108900261,110,146,-36
108900262,388,119,269
108900263,41,388,-347
108900264,317,297,20
108900265,1852,269,1583
108900266,1343,222,1121
108900267,2,44,-42
108900268,1,0,1
108900269,46,7,39
108900270,15,2,13
108900271,8,3,5
108900272,66,2,64
108900273,1023,385,638
108900274,16,77,-61
109000001,2112,776,1336
109000002,3217,1213,2004
109000003,1693,463,1230
109000004,499,2970,-2471
109000005,1256,748,508
109000006,617,2402,-1785
109000007,698,603,95
109000008,322,2229,-1907
109000009,2798,902,1896
109000010,1152,4199,-3047
109000011,1864,1220,644
109000012,1388,4238,-2850
109000013,2307,1518,789
109000014,1417,4429,-3012
109000015,2707,3133,-426
109000016,10731,4677,6054
109000017,1358,961,397
109000018,540,3688,-3148
109000019,1712,751,961
109000020,1009,2554,-1545
109000023,170,23,147
109000024,6,163,-157
109000025,322,268,54
109000026,669,280,389
109000027,48,190,-142
109000028,94,96,-2
109000029,167,103,64
109000030,108,771,-663
109000031,114,46,68
109000032,51,658,-607
109000033,183,90,93
109000034,27,15,12
109000035,12,25,-13
109000036,83,395,-312
109000037,128,595,-467
109000038,544,327,217
109000039,569,367,202
109000040,6521,2697,3824
109000041,6549,1059,5490
109000042,874,1030,-156
109000044,229,55,174
109000045,53,497,-444
109000046,157,76,81
109000047,62,524,-462
109000048,784,118,666
109000049,205,656,-451
109000050,294,206,88
109000051,291,406,-115
109000052,421,2261,-1840
109000053,106,81,25
109000054,294,954,-660
109000055,94,174,-80
109000056,218,794,-576
109000057,306,186,120
109000058,825,289,536
109000059,516,934,-418
109000060,504,188,316
109000061,1920,481,1439
109000062,117,186,-69
109000063,165,268,-103
109000064,139,168,-29
109000065,45,536,-491
109000066,226,142,84
109000067,28,446,-418
109000068,176,3,173
109000069,399,18,381
109000070,4,880,-876
109000071,214,84,130
109000072,58,336,-278
109000073,43,67,-24
109000074,5,238,-233
109000075,76,548,-472
109000076,53,103,-50
109000077,425,263,162
109000078,12,95,-83
109000079,76,292,-216
109000080,48,143,-95
109000081,44,676,-632
109000082,185,301,-116
109000083,136,788,-652
109000088,81,555,-474
109000089,183,19,164
109000090,153,520,-367
109000091,160,83,77
109000092,306,720,-414
109000093,168,106,62
109000094,131,2,129
109000095,74,851,-777
109000096,318,103,215
109000097,48,94,-46
109000098,24,46,-22
109000099,530,343,187
109000100,124,523,-399
109000101,724,806,-82
109000102,185,980,-795
109000103,219,748,-529
109000104,798,671,127
109000105,307,1808,-1501
109000106,1185,608,577
109000107,482,2368,-1886
109000108,913,479,434
109000109,347,2231,-1884
109000110,1042,366,676
109000111,945,2839,-1894
109000112,235,169,66
109000113,102,193,-91
109000114,105,262,-157
109000115,955,31,924
109000116,7,186,-179
109000117,61,113,-52
109000118,11,370,-359
109000119,393,341,52
109000120,84,1421,-1337
109000121,181,46,135
109000122,57,1518,-1461
109000123,12,82,-70
109000124,293,349,-56
109000125,383,397,-14
109000126,204,1139,-935
109000127,307,170,137
109000128,302,3031,-2729
109000129,1039,339,700
109000130,509,3357,-2848
109000131,489,220,269
109000132,630,2050,-1420
109000133,199,1062,-863
109000134,520,1719,-1199
109000135,830,1173,-343
109000136,170,523,-353
109000137,145,249,-104
109000138,259,578,-319
109000139,270,461,-191
109000140,78,667,-589
109000141,222,424,-202
109000142,107,566,-459
109000143,44,45,-1
109000145,63,119,-56
109000146,26,70,-44
109000148,5007,868,4139
109000149,23,18,5
109000150,53,121,-68
109000155,320,502,-182
109000156,1079,1152,-73
109000158,128,295,-167
109000159,124,791,-667
109000160,456,309,147
109000161,165,1785,-1620
109000162,1352,1119,233
109000163,616,2057,-1441
109000164,776,2805,-2029
109000165,710,668,42
109000166,261,158,103
109000167,51,1152,-1101
109000170,35,56,-21
109000171,23,33,-10
109000172,28,42,-14
109000173,9,40,-31
109000174,27,67,-40
109000175,12,125,-113
109000176,120,263,-143
109000177,4,164,-160
109000178,136,104,32
109000179,9166,2220,6946
109000180,6327,3409,2918
109000181,3,48,-45
109000182,17,62,-45
109000183,23,24,-1
109000184,12,17,-5
109000185,22,76,-54
109000188,497,3199,-2702
109000189,1328,853,475
109000190,389,560,-171
109000191,211,733,-522
109000192,130,273,-143
109000193,99,466,-367
109000194,46,141,-95
109000195,60,519,-459
109000196,134,115,19
109000197,113,609,-496
109000198,132,55,77
109000199,53,614,-561
109000206,125,27,98
109000207,75,42,33
109000208,107,44,63
109000209,153,62,91
109000210,141,524,-383
109000211,56,210,-154
109000214,185,681,-496
109000215,45,62,-17
109000216,126,106,20
109000217,126,70,56
109000218,81,78,3
109000221,194,1250,-1056
109000222,402,93,309
109000223,160,212,-52
109000224,40,415,-375
109000225,14,60,-46
109000226,32,397,-365
109000227,571,1964,-1393
109000228,0,262,-262
109000231,1,581,-580
109000232,135,553,-418
109000236,181,982,-801
109000241,1052,1943,-891
109000242,829,1349,-520
109000293,10,38,-28
109000361,62,264,-202
109000364,171,668,-497
109000396,4,1214,-1210
109000397,184,8,176
109000399,108,614,-506
109000400,27,267,-240
109000403,55,164,-109
109000406,99,6,93
109000407,125,329,-204
109000408,2,411,-409
109000410,559,197,362
109000411,36,20,16
109900001,33,0,33
109900002,381,12,369
109900003,74,0,74
109900004,615,314,301
109900005,12,5,7
109900006,147,287,-140
109900007,228,1062,-834
109900008,0,34,-34
109900009,71,1105,-1034
109900010,196,7,189
109900011,47,47,0
109900012,130,138,-8
109900013,290,123,167
109900014,144,48,96
109900015,304,93,211
109900016,68,53,15
109900017,58,70,-12
109900018,138,141,-3
109900019,55,91,-36
109900020,16,9,7
109900021,6,6,0
109900022,34,369,-335
109900023,12,16,-4
109900024,6,0,6
109900025,4,108,-104
109900026,2,166,-164
109900027,47,3,44
109900028,3135,356,2779
109900029,10,623,-613
109900030,10,8,2
109900031,12,118,-106
109900032,7,317,-310
109900033,1,543,-542
109900034,8,2,6
109900035,10,35,-25
109900036,4,110,-106
109900037,18,683,-665
109900038,42,259,-217
109900039,1,0,1
109900040,11,862,-851
109900041,47,622,-575
109900042,15,534,-519
109900044,52,365,-313
109900045,22,25,-3
109900046,5,41,-36
109900047,281,395,-114
109900048,0,60,-60
109900049,2,23,-21
109900050,1,328,-327
109900051,0,38,-38
109900052,35,272,-237
109900053,5,708,-703
109900054,273,95,178
109900055,12,319,-307
109900056,14,79,-65
109900057,9,315,-306
109900058,0,151,-151
109900059,184,89,95
109900060,202,195,7
109900061,59,300,-241
109900062,0,359,-359
109900063,1,324,-323
109900064,234,316,-82
109900065,82,128,-46
109900066,212,1226,-1014
109900067,1,552,-551
109900068,12,2,10
109900069,3,37,-34
109900070,40,337,-297
109900071,0,36,-36
109900072,12,180,-168
109900073,90,951,-861
109900074,5,47,-42
109900075,7,19,-12
109900076,16,341,-325
109900077,16,58,-42
109900078,83,326,-243
109900080,104,395,-291
109900081,22,112,-90
109900082,23,525,-502
109900083,14,44,-30
109900084,27,163,-136
109900085,123,1391,-1268
109900086,100,140,-40
109900087,251,462,-211
109900089,289,92,197
109900090,417,1397,-980
109900091,117,55,62
109900092,221,8,213
109900093,320,104,216
109900094,16,85,-69
109900095,121,233,-112
109900096,7,0,7
109900097,89,1,88
109900098,106,6,100
109900099,53,0,53
109900100,24,0,24
109900101,113,1,112
109900102,175,11,164
109900103,2,40,-38
109900104,157,1346,-1189
109900105,283,19,264
109900106,125,45,80
109900107,165,58,107
109900108,46,729,-683
109900109,6,197,-191
109900110,50,566,-516
109900111,270,1360,-1090
109900112,477,1161,-684
109900113,369,225,144
109900114,727,344,383
109900115,99,55,44
109900117,334,102,232
109900118,182,533,-351
109900119,626,315,311
109900120,13,5,8
109900121,318,138,180
109900122,203,5,198
109900123,3,235,-232
109900124,12,885,-873
109900125,3,256,-253
109900126,80,208,-128
109900128,78,47,31
109900130,13397,1113,12284
109900131,56,132,-76
109900132,36,201,-165
109900133,21,484,-463
109900134,56,32,24
109900135,422,56,366
109900136,73,142,-69
109900137,63,426,-363
109900138,112,484,-372
109900140,85,458,-373
109900141,138,195,-57
109900142,474,255,219
109900145,3,112,-109
109900146,328,26,302
109900148,23,84,-61
109900149,33,40,-7
109900150,2,64,-62
109900151,1,55,-54
109900152,0,25,-25
109900153,0,32,-32
109900154,5,0,5
109900155,10,3,7
109900157,39,253,-214
109900158,79,115,-36
109900159,64,14,50
109900160,75,28,47
109900161,97,43,54
109900162,90,45,45
109900163,780,278,502
109900164,33,170,-137
109900165,75,2,73
109900166,2,279,-277
109900167,69,804,-735
109900168,71,750,-679
109900169,70,140,-70
109900170,206,421,-215
109900171,89,83,6
109900172,50,154,-104
109900173,5127,997,4130
109900174,21,215,-194
109900175,27,64,-37
109900176,61,273,-212
109900177,22,334,-312
109900178,0,105,-105
109900179,2,24,-22
109900180,1,8,-7
110000001,631,600,31
110000002,447,405,42
110000003,873,643,230
110000004,459,487,-28
110000005,610,906,-296
110000006,606,316,290
110000007,92,212,-120
110000008,8,38,-30
110000009,10,60,-50
110000010,8,50,-42
110000011,21,96,-75
110000012,606,520,86
110000013,24,276,-252
110000014,611,364,247
110000015,421,443,-22
110000016,245,764,-519
110000017,4464,218,4246
110000018,4056,465,3591
110000019,11,201,-190
110000020,567,234,333
110000021,460,357,103
110000022,574,130,444
110000023,15,185,-170
110000024,664,377,287
110000025,112,1,111
110000026,6,628,-622
110000027,499,312,187
110000028,549,561,-12
110000029,485,1124,-639
110000030,133,293,-160
110000031,156,762,-606
110000032,404,341,63
110000033,79,90,-11
110000034,157,773,-616
110000035,234,1220,-986
110000036,300,759,-459
110000037,83,803,-720
110000038,138,622,-484
110000039,458,1164,-706
110000040,248,607,-359
110000041,112,685,-573
110000042,62,281,-219
110000043,343,141,202
110000044,51,62,-11
110000045,299,37,262
110000046,1,10,-9
110000047,6,9,-3
110000048,4,15,-11
110000049,2,2,0
110000050,18,11,7
110000051,5,3,2
110000052,13,35,-22
110000053,23,5,18
110000054,53,206,-153
110000055,113,15,98
110000056,230,31,199
110000057,302,870,-568
110000058,453,587,-134
110000059,547,697,-150
110000060,401,779,-378
110000061,907,894,13
110000062,736,770,-34
110000063,20,72,-52
110000064,85,157,-72
110000065,21,88,-67
110000066,33,43,-10
110000067,36,406,-370
110000068,72,663,-591
110000069,88,85,3
110000071,55,151,-96
110000073,0,22,-22
110000075,11,127,-116
110000076,233,175,58
110000077,501,466,35
110000078,9,88,-79
110000080,145,693,-548
110000081,15,303,-288
110000082,10,214,-204
110000083,143,607,-464
110000084,487,345,142
110000085,3199,1352,1847
110000086,1537,739,798
110000087,3,56,-53
110000088,27,201,-174
110000089,163,204,-41
110000090,37,314,-277
110000091,1912,282,1630
110000092,23,102,-79
110000093,21,5,16
110000094,365,252,113
110000095,132,400,-268
110000096,4401,1802,2599
110000097,862,962,-100
110000098,1446,493,953
110000099,843,1563,-720
110000100,314,1034,-720
110000101,14,761,-747
110000102,18,24,-6
110000104,72,52,20
110000105,37,352,-315
110000106,307,182,125
110000107,355,401,-46
110000108,160,54,106
110000109,347,317,30
110000110,5585,2661,2924
110000111,10593,1778,8815
110000112,1335,301,1034
110000113,848,833,15
110000114,55,266,-211
110000115,171,239,-68
110000116,31,34,-3
110000117,66,717,-651
110000118,254,292,-38
110000119,86,403,-317
110000120,173,192,-19
110000121,52,267,-215
110000122,214,543,-329
110000123,302,394,-92
110000124,5,902,-897
110000125,626,1,625
110000126,156,25,131
110000127,384,31,353
110000128,38,1907,-1869
110000129,2,598,-596
110000130,82,85,-3
110000131,105,358,-253
110000132,5,870,-865
110000133,50,252,-202
110000134,17,292,-275
110000135,172,20,152
110000136,25,331,-306
110000137,252,931,-679
110000138,374,992,-618
110000139,531,1835,-1304
110000140,579,297,282
110000143,631,343,288
110000144,4867,1030,3837
110000145,1391,847,544
110000146,4131,956,3175
110000147,167,732,-565
110000148,355,467,-112
110000151,1368,545,823
110000152,1034,255,779
110000153,19,89,-70
110000154,29,14,15
110000155,2397,1943,454
110000156,767,1055,-288
110000157,2379,1583,796
110000160,212,418,-206
110000161,65,540,-475
110000166,185,160,25
110000167,456,464,-8
110000168,591,263,328
110000169,336,271,65
110000170,70,78,-8
110000171,437,120,317
110000172,128,1000,-872
110000173,1224,1420,-196
110000174,73,1490,-1417
110000175,234,84,150
110000176,19,210,-191
110000177,108,679,-571
110000178,566,662,-96
110000179,1500,380,1120
110000180,70,336,-266
110000181,136,412,-276
110000182,433,275,158
110000183,14626,3776,10850
110000184,611,1232,-621
110000185,752,648,104
110000186,603,607,-4
110000191,245,401,-156
110000192,148,5,143
110000193,253,16,237
110000194,10,1442,-1432
110000195,150,527,-377
110000196,107,521,-414
110000197,10,273,-263
110000198,106,95,11
110000199,32,105,-73
110000200,1587,760,827
110000201,414,465,-51
110000202,703,318,385
110000203,638,932,-294
110000204,5,413,-408
110000205,36,77,-41
110000206,593,2034,-1441
110000207,395,305,90
110000208,64,120,-56
110000209,82,919,-837
110000210,408,580,-172
110000211,287,669,-382
110000212,229,706,-477
110000213,46,48,-2
110000214,67,116,-49
110000215,60,743,-683
110000216,51,731,-680
110000217,130,260,-130
110000218,63,604,-541
110000219,147,85,62
110000220,30,605,-575
110000221,138,91,47
110000222,25,490,-465
110000223,2,63,-61
110000224,67,10,57
110000225,124,513,-389
110000226,142,69,73
110000227,555,372,183
110000228,252,377,-125
110000229,3,253,-250
110000230,344,397,-53
110000231,81,155,-74
110000232,95,179,-84
110000233,130,366,-236
110000234,482,374,108
110000235,838,970,-132
110000236,283,1051,-768
110000237,1138,1164,-26
110000238,693,1325,-632
110000239,813,1395,-582
110000240,1,160,-159
110000242,0,9,-9
110000243,44,189,-145
110000244,94,335,-241
110000245,50,406,-356
110000246,356,645,-289
110000247,1995,4095,-2100
110000248,3150,1602,1548
110000249,123,9,114
110000250,6,225,-219
110000251,103,478,-375
110000252,111,275,-164
110000253,778,377,401
110000254,712,1591,-879
110000255,229,1458,-1229
110000256,278,199,79
110000257,683,432,251
110000258,11,679,-668
110000259,40,16,24
110000260,8,545,-537
110000263,580,61,519
110000264,161,656,-495
110000265,959,1458,-499
110000266,2076,1992,84
110000267,13,194,-181
110000268,223,602,-379
110000269,5,75,-70
110000270,31,2,29
110000271,2542,275,2267
110000272,771,806,-35
110000273,3499,1251,2248
110000274,179,794,-615
110000275,3416,488,2928
110000276,107,219,-112
110000277,104,461,-357
110000278,170,996,-826
110000279,581,776,-195
110000280,172,467,-295
110000281,22,159,-137
110000282,270,48,222
110000283,26,67,-41
110000284,27,30,-3
110000285,4,199,-195
110000286,25,0,25
110000287,31,1,30
110000288,0,91,-91
110000289,358,1230,-872
110000290,1466,603,863
110000291,7131,1523,5608
110000292,1007,3185,-2178
110000293,255,1290,-1035
110000294,486,915,-429
110000295,171,1059,-888
110000296,250,405,-155
110000297,2882,262,2620
110000298,248,431,-183
110000299,945,29,916
110000301,150,15,135
110000302,124,1526,-1402
110000303,238,18,220
110000304,48,335,-287
110000305,469,14,455
110000306,85,2320,-2235
110000307,644,3,641
110000308,316,48,268
110000309,4,1766,-1762
110000310,336,70,266
110000311,19,1013,-994
110000312,360,47,313
110000313,4124,1680,2444
110000314,0,183,-183
110000315,3361,1652,1709
110000316,425,1115,-690
110000317,544,236,308
110000318,2,76,-74
110000319,6,16,-10
110000320,19,51,-32
110000321,6,51,-45
110000322,106,653,-547
110000323,178,323,-145
110000324,5080,1174,3906
110000325,1959,1887,72
110000327,565,199,366
110000328,169,607,-438
110000333,577,421,156
110000334,590,1448,-858
110000335,880,543,337
110000336,456,1422,-966
110000337,704,607,97
110000338,147,281,-134
110000339,69,252,-183
110000340,18,204,-186
110000341,205,662,-457
110000342,554,1,553
110000343,0,16,-16
110000344,74,233,-159
110000345,81,72,9
110000346,2097,1231,866
110000347,905,724,181
110000348,3,17,-14
110000349,6,29,-23
110000350,29,9,20
110000351,453,973,-520
110000352,315,1647,-1332
110000353,3235,927,2308
110000354,744,1624,-880
110000355,53,98,-45
110000356,503,4,499
110000357,209,23,186
110000361,10,105,-95
110000362,31,261,-230
110000363,150,124,26
110000364,105,338,-233
110000365,116,0,116
110000366,0,91,-91
110000367,351,395,-44
110000368,0,79,-79
110000369,48,1,47
110000373,3,332,-329
110000374,30,5,25
110000375,154,668,-514
110000376,46,98,-52
110000377,32,229,-197
110000378,30,263,-233
110000379,3875,854,3021
110000380,33,18,15
110000383,3,692,-689
110000384,1800,463,1337
110000385,2,250,-248
110000387,29,12,17
110000388,18,228,-210
110000389,340,6,334
110000391,175,437,-262
110000396,58,146,-88
110000397,45,257,-212
110000398,2,52,-50
110000399,131,0,131
110000587,31,53,-22
110000589,85,132,-47
110000640,78,86,-8
110000652,7,169,-162
110000653,71,450,-379
110000654,2,20,-18
110000656,3,832,-829
110000674,21,16,5
110000675,31,7,24
110000676,11,43,-32
110000679,642,376,266
110000682,97,100,-3
110000683,379,541,-162
110000684,1,108,-107
110000685,21,10,11
110000686,1,20,-19
110000687,58,0,58
110000688,69,418,-349
110000689,14,96,-82
110000692,55,301,-246
110000693,89,193,-104
110000694,0,127,-127
110000695,84,749,-665
110000696,153,196,-43
110900001,198,10,188
110900002,544,238,306
110900003,146,1388,-1242
110900004,129,311,-182
110900005,5849,1156,4693
110900006,20,18,2
110900007,42,15,27
110900008,3,40,-37
110900009,224,20,204
110900010,6,101,-95
110900011,5,89,-84
110900012,3,170,-167
110900013,491,192,299
110900014,102,18,84
110900015,869,271,598
110900016,11,221,-210
110900017,161,88,73
110900018,344,50,294
110900019,41,10,31
110900020,65,650,-585
110900021,58,838,-780
110900022,33,527,-494
110900023,71,644,-573
110900024,22,653,-631
110900025,4,52,-48
110900027,21,339,-318
110900028,40,236,-196
110900029,43,726,-683
110900030,17,483,-466
110900031,2,167,-165
110900032,1,143,-142
110900033,22,366,-344
110900035,29,356,-327
110900036,35,21,14
110900037,28,18,10
110900038,1744,221,1523
110900039,6,238,-232
110900040,118,20,98
110900041,10,215,-205
110900042,41,38,3
110900043,6,274,-268
110900044,191,13,178
110900045,24,979,-955
110900046,134,458,-324
110900047,802,69,733
110900049,68,17,51
110900050,3,1,2
110900051,23,197,-174
110900052,1,251,-250
110900053,52,49,3
110900054,20,394,-374
110900055,8,0,8
110900056,65,136,-71
110900057,5,261,-256
110900058,44,347,-303
110900059,475,1131,-656
110900060,206,85,121
110900061,22,45,-23
110900062,28,371,-343
110900063,10,129,-119
110900064,3,0,3
110900065,323,69,254
110900066,5,90,-85
110900067,647,385,262
110900068,224,344,-120
110900069,0,38,-38
110900070,82,52,30
110900071,246,347,-101
110900073,0,19,-19
110900074,197,89,108
110900075,186,68,118
110900077,198,413,-215
110900078,7,155,-148
110900079,2592,485,2107
110900080,37,78,-41
110900081,0,157,-157
110900082,56,280,-224
110900083,45,25,20
110900084,15,227,-212
110900085,32,472,-440
110900086,73,147,-74
110900087,101,85,16
110900088,2,0,2
110900090,5,30,-25
110900091,0,115,-115
110900093,183,61,122
110900095,22,57,-35
110900097,5,19,-14
110900098,12,91,-79
110900099,50,620,-570
110900100,0,13,-13
110900102,14,13,1
110900105,716,442,274
110900108,3,170,-167
110900111,258,80,178
110900112,353,9,344
110900113,622,53,569
110900115,20,109,-89
110900116,265,3113,-2848
110900118,165,940,-775
110900119,7607,317,7290
110900120,4,163,-159
110900121,80,0,80
110900122,166,215,-49
110900125,201,233,-32
110900127,648,566,82
110900128,185,139,46
110900129,255,216,39
110900130,1207,205,1002
110900131,55,61,-6
110900132,150,31,119
110900133,39,394,-355
110900135,106,716,-610
110900136,133,3,130
110900137,69,3,66
110900138,269,370,-101
110900139,7,25,-18
110900140,18,1,17
110900141,1,40,-39
110900142,51,241,-190
110900143,62,48,14
110900144,3,728,-725
110900145,40,8,32
110900146,280,23,257
110900147,170,176,-6
110900148,2,299,-297
110900149,0,95,-95
110900150,39,10,29
110900151,5,143,-138
110900152,4,370,-366
110900153,46,13,33
111000001,146,119,27
111000002,364,535,-171
111000003,458,477,-19
111000004,399,1225,-826
111000005,718,695,23
111000006,804,1756,-952
111000007,4085,1645,2440
111000008,3970,3790,180
111000009,242,857,-615
111000010,502,232,270
111000011,288,641,-353
111000012,369,277,92
111000013,239,917,-678
111000014,486,508,-22
111000017,158,457,-299
111000018,238,381,-143
111000020,2460,2104,356
111000021,38,146,-108
111000023,91,128,-37
111000025,9002,1790,7212
111000029,33,139,-106
111000030,30,116,-86
111000031,2220,687,1533
111000032,521,196,325
111000033,257,145,112
111000034,350,126,224
111000037,3728,1461,2267
111000038,3663,2611,1052
111000039,1329,2425,-1096
111000040,1646,2806,-1160
111000041,1860,1846,14
111000042,7641,3251,4390
111000043,1747,1359,388
111000044,1028,528,500
111000045,1227,1562,-335
111000046,1033,1039,-6
111000047,1417,1630,-213
111000049,337,697,-360
111000050,1874,1921,-47
111000051,407,1224,-817
111000052,544,1530,-986
111000053,318,1141,-823
111000054,299,1110,-811
111000055,1075,2199,-1124
111000056,61,863,-802
111000057,47,966,-919
111000058,112,153,-41
111000059,176,356,-180
111000060,2254,1045,1209
111000061,299,356,-57
111000062,540,290,250
111000063,1430,758,672
111000064,335,560,-225
111000065,607,667,-60
111000066,153,182,-29
111000067,323,709,-386
111000068,278,589,-311
111000069,1756,1993,-237
111000070,1888,1039,849
111000071,101,810,-709
111000072,351,215,136
111000073,100,228,-128
111000074,1143,1052,91
111000075,466,708,-242
111000076,237,865,-628
111000077,1054,1169,-115
111000078,1833,1152,681
111000079,1264,770,494
111000080,345,617,-272
111000081,2656,2849,-193
111000082,530,738,-208
111000084,440,519,-79
111000085,624,1688,-1064
111000086,2953,1309,1644
111000087,522,880,-358
111000088,7183,1857,5326
111000089,533,901,-368
111000090,1171,1508,-337
111000091,657,905,-248
111000092,745,1508,-763
111000093,349,709,-360
111000094,1227,784,443
111000095,747,1615,-868
111000096,3336,5399,-2063
111000097,7017,1066,5951
111000098,424,1700,-1276
111000099,314,3070,-2756
111000100,246,2796,-2550
111000101,323,907,-584
111000102,74,1095,-1021
111000104,197,198,-1
111000107,22,1035,-1013
111000109,212,248,-36
111000110,680,554,126
111000111,767,426,341
111000112,995,230,765
111000113,553,407,146
111000114,978,1075,-97
111000115,9330,861,8469
111000116,852,727,125
111000117,322,741,-419
111000118,1242,1061,181
111000119,774,1982,-1208
111000120,253,605,-352
111000121,151,579,-428
111000122,370,1262,-892
111000123,664,4320,-3656
111000124,328,4413,-4085
111000125,129,2476,-2347
111000126,56,976,-920
111000127,283,183,100
111000128,583,309,274
111000129,1247,369,878
111000130,951,722,229
111000131,708,581,127
111000132,523,309,214
111000133,55,167,-112
111000134,109,189,-80
111000135,31,121,-90
111000136,177,294,-117
111000138,0,9,-9
111000140,0,5,-5
111000141,159,300,-141
111000142,44,132,-88
111000143,0,68,-68
111000144,6,101,-95
111000145,97,1,96
111000146,9,5,4
111000147,255,13,242
111000148,127,99,28
111000149,8,35,-27
111000150,8,12,-4
111000151,1,17,-16
111000153,568,615,-47
111000154,698,179,519
111000155,61,174,-113
111000156,377,327,50
111000157,124,430,-306
111000158,950,542,408
111000159,2933,634,2299
111000160,169,415,-246
111000161,6,284,-278
111000162,4,204,-200
111000163,213,819,-606
111000164,889,1909,-1020
111000165,1661,427,1234
111000166,1516,377,1139
111000167,178,605,-427
111000168,158,501,-343
111000169,256,522,-266
111000170,471,360,111
111000171,355,1111,-756
111000172,89,548,-459
111000173,107,1127,-1020
111000174,70,714,-644
111000175,34,276,-242
111000176,109,182,-73
111000177,65,222,-157
111000178,433,288,145
111000179,48,188,-140
111000180,133,224,-91
111000181,392,344,48
111000182,73,162,-89
111000183,149,355,-206
111000184,252,216,36
111000185,342,538,-196
111000186,177,322,-145
111000187,57,348,-291
111000188,85,535,-450
111000189,1799,543,1256
111000190,153,651,-498
111000191,128,580,-452
111000192,168,689,-521
111000193,293,471,-178
111000194,15,416,-401
111000195,59,525,-466
111000196,22,321,-299
111000197,107,201,-94
111000198,186,97,89
111000199,74,156,-82
111000200,88,291,-203
111000201,243,197,46
111000202,112,168,-56
111000203,194,122,72
111000204,188,266,-78
111000213,109,337,-228
111000214,1222,1738,-516
111000215,569,1399,-830
111000217,689,860,-171
111000218,762,925,-163
111000219,323,207,116
111000220,3734,692,3042
111000221,615,310,305
111000224,0,218,-218
111000225,139,24,115
111000226,108,0,108
111000227,34,1,33
111000228,8,179,-171
111000229,19,275,-256
111000230,257,637,-380
111000231,375,1622,-1247
111000232,181,1054,-873
111000233,208,855,-647
111000234,55,271,-216
111000239,262,332,-70
111000240,45,83,-38
111000241,26,578,-552
111000242,76,59,17
111000243,50,1085,-1035
111000244,113,99,14
111000245,317,675,-358
111000246,128,709,-581
111000247,115,1353,-1238
111000248,240,455,-215
111000249,330,1011,-681
111000250,29,228,-199
111000251,35,197,-162
111000253,2,11,-9
111000255,3,4,-1
111000257,16,8,8
111000260,59,1481,-1422
111000261,456,47,409
111000271,21,336,-315
111000273,7620,1421,6199
111000274,1114,1551,-437
111000275,80,99,-19
111000276,238,3059,-2821
111000277,124,553,-429
111000278,464,231,233
111000291,350,2198,-1848
111000298,231,266,-35
111000299,582,68,514
111000300,83,699,-616
111000302,129,60,69
111000303,58,302,-244
111000312,79,47,32
111000315,0,12,-12
111000320,362,756,-394
111000321,202,49,153
111000322,100,662,-562
111000323,54,17,37
111000324,274,350,-76
111000325,9,70,-61
111000326,69,384,-315
111000327,294,640,-346
111000328,146,318,-172
111000329,3,12,-9
111000330,17,9,8
111000331,2,3,-1
111000332,543,1119,-576
111000334,347,1757,-1410
111000335,176,154,22
111000337,266,423,-157
111000338,12,176,-164
111000339,144,935,-791
111000340,55,1032,-977
111000341,531,182,349
111000342,50,242,-192
111000344,606,803,-197
111000345,285,23,262
111000346,12,104,-92
111000347,41,2,39
111000350,117,96,21
111000351,32,195,-163
111000352,107,83,24
111000353,106,214,-108
111000354,321,112,209
111000355,290,781,-491
111000358,67,2321,-2254
111000360,107,1257,-1150
111000361,103,522,-419
111000546,213,825,-612
111000547,165,894,-729
111000548,40,180,-140
111000549,100,533,-433
111000550,52,274,-222
111000551,592,111,481
111000552,266,40,226
111000907,94,40,54
111000908,2,0,2
111000916,393,259,134
111000917,18,380,-362
111000918,62,1340,-1278
111000920,142,7,135
111000921,1,316,-315
111000922,141,383,-242
111000924,20,1259,-1239
111000925,1180,1344,-164
111000926,775,2384,-1609
111000927,3042,2749,293
111000928,6081,3673,2408
111000929,598,712,-114
111000930,575,2630,-2055
111000931,1293,1401,-108
111000932,4025,2673,1352
111000933,2772,1474,1298
111000934,2308,2819,-511
111000935,551,875,-324
111000936,500,2211,-1711
111000937,347,1014,-667
111000938,1421,2265,-844
111000939,167,52,115
111000940,169,232,-63
111000941,112,685,-573
111000943,105,282,-177
111000944,34,760,-726
111000945,15,2657,-2642
111001109,216,120,96
111001110,99,716,-617
111001111,18,5,13
111001112,59,3,56
111001113,6,71,-65
111001114,1289,43,1246
111001115,25,302,-277
111001116,6176,1259,4917
111001117,681,611,70
111001120,79,356,-277
111001121,70,448,-378
111001122,33,444,-411
111900001,12,231,-219
111900002,7,999,-992
111900003,6,587,-581
111900004,13,256,-243
111900006,7,6,1
111900007,46,1,45
111900008,49,5,44
111900009,44,173,-129
111900010,241,661,-420
111900012,109,136,-27
111900013,1,96,-95
111900014,9745,1713,8032
111900015,0,71,-71
111900016,0,213,-213
111900017,0,245,-245
111900018,70,0,70
111900019,1,85,-84
111900020,3,51,-48
111900021,15,89,-74
111900022,5,53,-48
111900023,117,60,57
111900024,0,92,-92
111900025,0,78,-78
111900026,0,128,-128
111900027,1,219,-218
111900028,2,641,-639
111900029,10,126,-116
111900030,74,437,-363
111900031,5,93,-88
111900032,0,488,-488
111900033,13,142,-129
111900034,151,383,-232
111900035,10,269,-259
111900036,0,426,-426
111900038,297,558,-261
111900039,26,482,-456
111900040,6,887,-881
111900042,34,52,-18
111900043,2,615,-613
111900044,190,286,-96
111900046,37,313,-276
111900048,70,1169,-1099
111900049,54,417,-363
111900050,42,12,30
111900051,1,299,-298
111900052,462,828,-366
111900053,1672,334,1338
111900054,62,0,62
111900055,27,909,-882
111900056,150,70,80
111900057,27,19,8
111900058,125,993,-868
111900059,2237,151,2086
111900060,144,2,142
111900061,15,396,-381
111900062,5,27,-22
111900063,81,290,-209
111900064,106,310,-204
111900065,32,15,17
111900066,77,113,-36
111900067,1,392,-391
111900068,15,10,5
111900069,28,8,20
111900070,67,189,-122
111900071,1,367,-366
111900072,20,5,15
111900073,265,58,207
111900074,8,244,-236
111900075,14,4,10
111900076,48,18,30
111900077,6,0,6
111900078,115,3,112
111900079,7,6,1
111900080,179,78,101
111900081,1011,68,943
111900082,44,2,42
111900083,22,5,17
111900084,36,1,35
111900085,36,53,-17
111900086,16,2,14
111900087,16,0,16
111900088,201,2,199
111900089,30,2,28
111900090,48,21,27
111900091,58,1,57
111900092,14,0,14
111900093,131,0,131
111900094,18,1,17
111900095,70,11,59
111900096,49,1,48
111900097,12,0,12
111900098,50,4,46
111900099,7,0,7
111900100,50,2,48
111900101,45,5,40
111900102,133,983,-850
111900103,79,22,57
111900104,64,58,6
111900105,249,205,44
111900106,2153,85,2068
111900107,58,143,-85
111900108,70,53,17
111900109,472,93,379
111900110,4112,226,3886
111900111,22,251,-229
111900112,1006,833,173
111900113,370,43,327
111900114,199,142,57
111900115,19,43,-24
111900118,110,21,89
111900119,136,42,94
111900122,60,27,33
111900123,6,6,0
111900124,23,135,-112
111900125,173,8,165
111900126,76,0,76
111900127,0,761,-761
111900128,1,739,-738
111900129,66,2,64
111900130,117,9,108
111900131,90,1,89
111900132,28,1533,-1505
111900133,3,397,-394
111900134,34,468,-434
111900135,2,11,-9
111900136,55,86,-31
111900137,42,41,1
111900138,8,77,-69
111900139,9,209,-200
111900140,12,9,3
111900141,17,5,12
111900142,24,10,14
111900143,16,402,-386
111900144,3,160,-157
111900145,3,898,-895
111900146,1,427,-426
111900147,286,740,-454
111900148,61,1270,-1209
111900149,6,590,-584
111900150,17,256,-239
111900151,3,52,-49
111900152,149,58,91
111900153,2118,192,1926
111900154,2,108,-106
111900155,65,17,48
111900156,17,21,-4
111900157,23,11,12
111900158,187,9,178
111900159,71,3,68
111900160,73,0,73
111900161,40,3,37
111900162,118,94,24
111900163,53,226,-173
111900164,55,30,25
111901113,80,264,-184
111901114,40,534,-494
111901115,19,0,19
111901116,25,2,23
111901117,13,11,2
111901118,116,56,60
111901119,1665,102,1563
111901120,88,282,-194
111901121,165,494,-329
111901122,4,735,-731
111901123,89,588,-499
111901124,74,1,73
111901125,63,8,55
111901126,46,11,35
111901127,1151,273,878
111901128,11,164,-153
111901129,2,214,-212
111901130,6,410,-404
111901131,1,230,-229
111901132,52,5,47
111901133,23,1,22
111901134,31,4,27
111901135,6,8,-2
111901136,13,11,2
111901137,0,10,-10
111901138,26,52,-26
111901139,12,60,-48
111901140,7,194,-187
111901141,3,340,-337
111901142,0,197,-197
111901143,0,132,-132
111901144,10,28,-18
112000001,1100,709,391
112000002,651,2841,-2190
112000003,452,691,-239
112000004,562,1985,-1423
112000005,1450,1155,295
112000006,1369,2291,-922
112000007,1230,1165,65
112000008,1669,2768,-1099
112000009,4253,3819,434
112000010,1682,2130,-448
112000011,1809,2515,-706
112000012,5912,1846,4066
112000013,6924,3264,3660
112000014,2802,861,1941
112000015,3171,2405,766
112000016,3948,987,2961
112000017,1937,1360,577
112000024,1975,738,1237
112000026,5228,5965,-737
112000027,539,332,207
112000028,1659,1995,-336
112000029,282,472,-190
112000030,185,147,38
112000031,1513,2275,-762
112000032,654,78,576
112000033,2133,914,1219
112000034,242,53,189
112000035,69,278,-209
112000036,850,585,265
112000037,723,982,-259
112000038,744,987,-243
112000039,13,85,-72
112000040,120,392,-272
112000041,359,604,-245
112000042,1118,250,868
112000050,334,1283,-949
112000051,513,688,-175
112000054,1569,2814,-1245
112000057,652,364,288
112000058,452,400,52
112000059,1077,417,660
112000061,6622,1345,5277
112000062,3704,601,3103
112000063,2401,748,1653
112000064,6259,6255,4
112000065,2822,3158,-336
112000066,2869,677,2192
112000067,820,706,114
112000068,1549,842,707
112000069,719,2896,-2177
112000070,1433,456,977
112000071,639,3552,-2913
112000072,816,776,40
112000073,1249,1780,-531
112000074,753,703,50
112000075,721,801,-80
112000076,3216,2863,353
112000077,259,809,-550
112000078,785,705,80
112000079,1030,1562,-532
112000080,311,1091,-780
112000081,955,2068,-1113
112000082,893,636,257
112000083,421,1844,-1423
112000084,775,665,110
112000085,691,1608,-917
112000086,975,1749,-774
112000087,140,588,-448
112000088,196,773,-577
112000089,117,366,-249
112000090,79,496,-417
112000091,595,1480,-885
112000092,1035,865,170
112000093,1426,1304,122
112000094,320,842,-522
112000095,454,841,-387
112000096,275,720,-445
112000097,396,433,-37
112000098,737,2114,-1377
112000099,416,461,-45
112000100,797,918,-121
112000101,242,1153,-911
112000102,455,480,-25
112000103,178,1634,-1456
112000105,284,2314,-2030
112000106,540,368,172
112000107,8,184,-176
112000108,111,1581,-1470
112000109,39,59,-20
112000110,474,341,133
112000111,1117,4919,-3802
112000112,2373,493,1880
112000113,883,2472,-1589
112000114,1371,861,510
112000115,95,520,-425
112000116,435,1090,-655
112000117,490,664,-174
112000118,753,933,-180
112000119,377,1115,-738
112000120,92,407,-315
112000121,79,849,-770
112000122,115,164,-49
112000123,215,139,76
112000124,122,65,57
112000125,44,108,-64
112000126,114,848,-734
112000127,2721,1026,1695
112000128,1412,486,926
112000129,46,100,-54
112000130,53,54,-1
112000131,22,443,-421
112000132,38,345,-307
112000133,142,320,-178
112000134,361,406,-45
112000135,404,528,-124
112000136,760,1297,-537
112000137,552,1178,-626
112000138,1027,1439,-412
112000139,625,169,456
112000140,948,1121,-173
112000141,268,132,136
112000142,99,1066,-967
112000143,380,160,220
112000144,190,1835,-1645
112000145,1309,754,555
112000146,496,2365,-1869
112000147,928,1440,-512
112000148,1339,2141,-802
112000149,146,675,-529
112000150,53,737,-684
112000151,245,740,-495
112000152,149,373,-224
112000153,144,279,-135
112000154,45,87,-42
112000155,100,59,41
112000157,566,406,160
112000158,164,819,-655
112000159,204,354,-150
112000167,135,25,110
112000169,335,287,48
112000173,321,299,22
112000175,171,428,-257
112000176,6113,1734,4379
112000177,215,93,122
112000178,38,676,-638
112000179,93,189,-96
112000180,209,211,-2
112000181,956,2239,-1283
112000182,472,2652,-2180
112000183,46,59,-13
112000184,130,764,-634
112000185,210,709,-499
112000187,3369,3006,363
112000195,74,22,52
112000196,219,0,219
112000197,124,115,9
112000198,27,518,-491
112000199,84,1014,-930
112000202,137,0,137
112000216,51,164,-113
112000230,38,10,28
112000231,2,529,-527
112000256,8,143,-135
112000313,115,280,-165
112000314,8,7,1
112000337,151,641,-490
112000352,236,158,78
112000392,2334,1150,1184
112000398,644,699,-55
112000399,2536,1397,1139
112000400,1650,4609,-2959
112000401,2713,3309,-596
112000402,1190,1664,-474
112000403,2463,1422,1041
112000404,223,622,-399
112000405,1270,2202,-932
112000406,3621,3706,-85
112000407,3396,5262,-1866
112000408,9848,7838,2010
112000409,1468,5242,-3774
112000410,189,82,107
112000411,6127,649,5478
112000412,1146,306,840
112000413,11650,1889,9761
112000414,31,99,-68
112000415,48,40,8
112000416,1220,1123,97
112000417,117,67,50
112000421,9,144,-135
112000422,257,644,-387
112000424,2405,1218,1187
112000425,292,1117,-825
112000426,55,250,-195
112000427,0,10,-10
112000428,40,449,-409
112000429,1868,3050,-1182
112000430,1851,3062,-1211
112000431,28,84,-56
112000432,567,2594,-2027
112000433,587,557,30
112000437,20,335,-315
112900001,34,0,34
112900002,90,1621,-1531
112900003,21,284,-263
112900004,24,596,-572
112900005,63,256,-193
112900006,6,608,-602
112900007,29,323,-294
112900008,2,12,-10
112900009,520,90,430
112900010,169,970,-801
112900011,314,309,5
112900012,0,32,-32
112900013,2,213,-211
112900014,3,376,-373
112900015,399,1192,-793
112900016,0,283,-283
112900017,31,263,-232
112900018,2,399,-397
112900019,69,148,-79
112900020,555,1906,-1351
112900021,2,339,-337
112900022,5,98,-93
112900023,1,366,-365
112900024,12,235,-223
112900025,83,282,-199
112900026,5,362,-357
112900027,6,1603,-1597
112900028,25,138,-113
112900029,11,860,-849
112900030,266,217,49
112900031,2,769,-767
112900032,96,265,-169
112900034,1,91,-90
112900035,4,640,-636
112900036,26,190,-164
112900037,151,73,78
112900038,268,146,122
112900039,4,425,-421
112900040,2,475,-473
112900041,1752,749,1003
112900042,32,511,-479
112900043,5,57,-52
112900044,613,424,189
112900045,596,352,244
112900046,308,76,232
112900047,15,11,4
112900049,59,100,-41
112900050,80,767,-687
112900051,379,914,-535
112900052,11,1390,-1379
112900053,353,138,215
112900054,299,28,271
112900055,158,18,140
112900056,250,103,147
112900057,2,972,-970
112900058,296,163,133
112900059,76,135,-59
112900060,24,273,-249
112900061,63,137,-74
112900062,45,192,-147
112900063,44,2,42
112900064,209,137,72
112900065,50,8,42
112900066,135,109,26
112900067,716,152,564
112900068,9,17,-8
112900069,2958,439,2519
112900071,15,3,12
112900072,198,481,-283
112900073,162,39,123
112900074,46,53,-7
112900075,2708,377,2331
112900076,54,2,52
112900078,94,135,-41
112900079,97,11,86
112900080,21,1,20
112900081,33,89,-56
112900082,294,3,291
112900083,49,29,20
112900084,80,36,44
112900085,0,0,0
112900086,11,1,10
112900087,279,73,206
112900088,34,0,34
112900089,570,14,556
112900090,4,15,-11
112900091,54,3,51
112900092,111,102,9
112900093,546,10,536
112900094,13,1,12
112900095,19,0,19
112900096,263,47,216
112900097,25,503,-478
112900098,145,0,145
112900099,355,6,349
112900100,7,0,7
112900101,100,0,100
112900102,55,6,49
112900103,85,0,85
112900104,9,0,9
112900105,4,0,4
112900106,206,73,133
112900107,1,0,1
112900108,41,0,41
112900109,16,0,16
112900110,305,8,297
112900111,169,1,168
112900112,78,1,77
112900113,0,3,-3
112900114,24,43,-19
112900115,231,0,231
112900116,22,16,6
112900117,77,129,-52
112900118,27,96,-69
112900119,78,3,75
112900120,785,200,585
112900121,356,218,138
112900122,17,204,-187
112900123,153,16,137
112900124,5,172,-167
112900125,66,327,-261
112900126,167,288,-121
112900127,137,41,96
112900128,589,824,-235
112900129,8,1185,-1177
112900130,108,72,36
112900131,47,255,-208
112900132,52,384,-332
112900133,34,1593,-1559
112900134,1,282,-281
112900135,45,15,30
112900136,1,48,-47
112900137,2,821,-819
112900138,13,585,-572
112900139,212,1848,-1636
112900140,0,104,-104
112900141,280,35,245
112900142,88,32,56
112900143,32,890,-858
112900144,1,292,-291
112900145,31,684,-653
112900146,7,1802,-1795
112900147,6,2919,-2913
112900148,17,0,17
112900149,137,395,-258
112900151,26,26,0
112900152,5646,1333,4313
112900153,1526,791,735
112900154,0,62,-62
112900155,68,10,58
112900156,116,2107,-1991
112900157,63,13,50
112900158,22,23,-1
112900159,115,47,68
112900160,27,243,-216
112900161,24,44,-20
112900162,37,9,28
112900163,138,19,119
112900164,27,56,-29
112900165,97,34,63
112900166,14,21,-7
112900167,2,20,-18
112900168,0,3,-3
112900169,8,3,5
112900170,28,106,-78
112900172,55,4,51
112900173,334,100,234
112900174,171,30,141
112900175,156,55,101
112900176,4,4,0
112900177,79,16,63
112900178,352,756,-404
112900179,25,626,-601
112900180,685,2760,-2075
112900181,231,0,231
112900182,22,1896,-1874
112900183,114,150,-36
112900184,440,269,171
112900185,348,301,47
112900186,2044,544,1500
112900187,43,195,-152
112900188,787,319,468
112900189,31,31,0
112900190,3,33,-30
112900192,356,203,153
112900193,1099,212,887
112900194,36,78,-42
112900195,469,15,454
112900196,250,705,-455
112900197,153,536,-383
112900199,177,734,-557
112900200,208,396,-188
112900201,48,71,-23
112900202,90,1102,-1012
112900203,72,332,-260
112900204,818,254,564
112900205,0,12,-12
112900206,2,62,-60
112900207,2,1,1
112900208,55,60,-5
112900209,305,500,-195
112900210,0,5,-5
112900211,32,36,-4
112900212,0,36,-36
112900213,5,6,-1
112900214,12,4,8
112900215,5,247,-242
112900216,23,47,-24
112900217,9,95,-86
112900218,7,9,-2
112900219,17,0,17
112900220,0,0,0
112900221,4,133,-129
112900222,0,9,-9
112900223,384,3,381
112900224,98,935,-837
112900225,209,679,-470
112900226,339,257,82
112900227,193,1833,-1640
112900228,21,23,-2
112900229,62,53,9
112900230,9797,3007,6790
112900232,117,167,-50
112900233,31,260,-229
112900234,9,90,-81
112900235,31,10,21
112900236,48,13,35
112900237,34,414,-380
112900238,4,31,-27
113000001,4607,5036,-429
113000002,3624,3832,-208
113000003,2007,1966,41
113000004,2076,2308,-232
113000005,1394,1112,282
113000006,1008,1333,-325
113000007,1204,1503,-299
113000008,1412,1955,-543
113000009,599,910,-311
113000010,805,1915,-1110
113000011,706,1865,-1159
113000012,872,782,90
113000013,849,420,429
113000014,1930,1559,371
113000015,750,239,511
113000016,215,299,-84
113000017,90,247,-157
113000018,139,37,102
113000019,78,252,-174
113000020,28,26,2
113000021,835,569,266
113000022,415,1338,-923
113000025,51,315,-264
113000026,157,421,-264
113000027,742,411,331
113000028,1100,499,601
113000029,843,543,300
113000030,515,620,-105
113000031,384,240,144
113000032,274,181,93
113000033,422,287,135
113000034,642,374,268
113000035,15,47,-32
113000036,29,71,-42
113000037,65,38,27
113000038,19,60,-41
113000039,99,501,-402
113000040,48,85,-37
113000042,837,754,83
113000051,690,1776,-1086
113000052,2575,1353,1222
113000053,195,671,-476
113000054,187,842,-655
113000055,635,1131,-496
113000056,465,1654,-1189
113000058,728,1000,-272
113000059,1188,856,332
113000060,95,606,-511
113000061,581,871,-290
113000062,1456,158,1298
113000063,90,348,-258
113000064,41,483,-442
113000065,122,1390,-1268
113000066,310,93,217
113000067,998,1329,-331
113000068,301,2548,-2247
113000069,311,1739,-1428
113000070,898,769,129
113000071,225,859,-634
113000072,327,462,-135
113000073,654,1751,-1097
113000074,1009,321,688
113000075,2071,498,1573
113000076,1289,1625,-336
113000077,2037,393,1644
113000078,1498,1520,-22
113000079,695,538,157
113000080,585,463,122
113000081,953,902,51
113000082,1283,719,564
113000083,568,764,-196
113000084,1509,1071,438
113000085,794,546,248
113000086,939,1063,-124
113000087,989,707,282
113000088,2215,1123,1092
113000089,905,1362,-457
113000090,239,330,-91
113000091,865,285,580
113000094,710,144,566
113000095,252,1257,-1005
113000096,134,1345,-1211
113000097,802,354,448
113000098,107,35,72
113000099,985,205,780
113000100,127,493,-366
113000101,401,721,-320
113000102,433,177,256
113000103,2675,644,2031
113000104,312,2146,-1834
113000105,703,493,210
113000106,365,616,-251
113000107,503,831,-328
113000108,806,1586,-780
113000109,407,2956,-2549
113000110,1543,367,1176
113000111,66,435,-369
113000112,238,285,-47
113000113,2269,247,2022
113000114,385,1159,-774
113000116,673,213,460
113000117,866,219,647
113000118,175,303,-128
113000119,189,463,-274
113000120,55,210,-155
113000121,424,906,-482
113000124,112,149,-37
113000125,23,485,-462
113000127,4222,663,3559
113000128,475,487,-12
113000129,661,1241,-580
113000133,5157,914,4243
113000134,4,600,-596
113000135,2848,1825,1023
113000137,2910,1448,1462
113000139,419,111,308
113000140,237,218,19
113000141,448,89,359
113000142,746,825,-79
113000143,348,171,177
113000144,363,597,-234
113000145,50,176,-126
113000146,99,120,-21
113000147,193,275,-82
113000148,107,208,-101
113000149,67,245,-178
113000150,468,502,-34
113000151,153,86,67
113000152,36,171,-135
113000153,2108,554,1554
113000154,769,1227,-458
113000155,215,396,-181
113000156,159,433,-274
113000157,241,879,-638
113000158,464,192,272
113000159,752,398,354
113000160,485,1283,-798
113000161,215,904,-689
113000162,562,374,188
113000163,47,44,3
113000164,9,122,-113
113000166,77,55,22
113000167,14,229,-215
113000168,52,338,-286
113000169,92,35,57
113000170,85,69,16
113000171,78,101,-23
113000172,190,52,138
113000173,27,7,20
113000174,131,702,-571
113000175,333,111,222
113000176,350,119,231
113000177,116,552,-436
113000178,171,482,-311
113000179,233,101,132
113000180,401,1338,-937
113000181,592,1104,-512
113000182,166,320,-154
113000183,149,611,-462
113000184,29,150,-121
113000189,666,560,106
113000190,1679,437,1242
113000192,2794,1153,1641
113000193,5576,858,4718
113000194,2232,1222,1010
113000195,2879,515,2364
113000196,56,101,-45
113000197,1304,907,397
113000198,24,337,-313
113000199,963,446,517
113000201,286,115,171
113000202,3526,2045,1481
113000203,496,130,366
113000204,1887,1119,768
113000205,22,36,-14
113000206,3,35,-32
113000207,66,29,37
113000208,30,54,-24
113000209,19,37,-18
113000210,11,27,-16
113000211,294,74,220
113000212,275,25,250
113000213,17,107,-90
113000214,46,178,-132
113000234,178,1834,-1656
113000410,35,113,-78
113000411,3185,3960,-775
113000412,12002,1734,10268
113000413,4737,1962,2775
113000414,14234,7920,6314
113000415,3190,2302,888
113000416,11710,3310,8400
113000417,4826,2868,1958
113000418,3631,2377,1254
113000419,2654,1571,1083
113000420,4366,3250,1116
113000421,3990,4002,-12
113000422,20102,7169,12933
113000423,2943,3276,-333
113000424,5043,5443,-400
113000425,1,68,-67
113000428,21,5,16
113000430,2,1,1
113000432,854,71,783
113000433,176,1308,-1132
113000434,11,445,-434
113000435,10,1150,-1140
113000436,40,1763,-1723
113000437,263,23,240
113000438,109,6,103
113000439,10,184,-174
113000440,30,43,-13
113000441,78,237,-159
113000442,83,325,-242
113000443,69,347,-278
113000444,64,375,-311
113000445,21,162,-141
113000446,9,95,-86
113000448,96,179,-83
113000449,305,626,-321
113000450,796,2347,-1551
113000451,1362,116,1246
113000452,424,278,146
113000453,51,246,-195
113000454,1019,10,1009
113000455,2,95,-93
113000456,4554,1995,2559
113000468,3381,430,2951
113000469,358,159,199
113000470,638,94,544
113000471,6,300,-294
113000472,65,252,-187
113000474,155,645,-490
113000475,1240,2116,-876
113000476,796,1938,-1142
113000477,1546,2202,-656
113000478,3365,6874,-3509
113000479,60,280,-220
113000480,172,90,82
113000482,0,0,0
113000483,0,0,0
113000485,0,0,0
113000486,0,0,0
113000487,0,0,0
113000488,0,0,0
113000489,0,0,0
113000490,0,0,0
113000491,0,0,0
113000492,0,0,0
113000493,0,0,0
113000495,87,171,-84
113000496,42,57,-15
113000497,0,0,0
113000500,0,3,-3
113900001,1,92,-91
113900002,0,158,-158
113900003,2,105,-103
113900004,0,22,-22
113900005,0,14,-14
113900006,3,17,-14
113900007,50,2,48
113900008,65,0,65
113900009,359,1,358
113900010,104,0,104
113900011,11,0,11
113900012,13,0,13
113900013,555,6,549
113900014,397,1,396
113900015,0,78,-78
113900016,14,1,13
113900017,4,55,-51
113900018,554,73,481
113900019,28,63,-35
113900020,53,0,53
113900022,3,0,3
113900023,13,2,11
113900024,36,151,-115
113900025,350,28,322
113900026,19,0,19
113900027,1,86,-85
113900028,14,537,-523
113900029,9,314,-305
113900030,70,2,68
113900031,2,0,2
113900032,3,1,2
113900033,29,103,-74
113900035,9,1,8
113900036,10,146,-136
113900037,48,656,-608
113900038,21,52,-31
113900039,57,16,41
113900040,1,3,-2
113900041,0,4,-4
113900042,18,52,-34
113900043,173,107,66
113900044,151,27,124
113900045,15,2,13
113900046,298,925,-627
113900047,25,178,-153
113900048,366,43,323
113900049,1017,145,872
113900050,176,386,-210
113900051,103,535,-432
113900052,240,115,125
113900053,557,130,427
113900054,8,1,7
113900055,136,744,-608
113900056,49,205,-156
113900057,14,172,-158
113900058,33,253,-220
113900059,66,361,-295
113900060,108,291,-183
113900061,1084,72,1012
113900062,33,7,26
113900063,72,164,-92
113900064,23,168,-145
113900065,277,17,260
113900066,125,525,-400
113900067,48,498,-450
113900068,269,378,-109
113900069,103,11,92
113900070,365,510,-145
113900071,41,108,-67
113900072,39,276,-237
113900073,81,292,-211
113900074,11,506,-495
113900075,651,786,-135
113900076,136,5,131
113900077,25,312,-287
113900078,45,71,-26
113900079,0,75,-75
113900080,383,179,204
113900081,13,337,-324
113900082,58,184,-126
113900083,106,888,-782
113900084,160,68,92
113900085,21,399,-378
113900086,12,11,1
113900087,30,283,-253
113900088,26,30,-4
113900089,309,41,268
113900090,302,330,-28
113900091,10,27,-17
113900092,16,73,-57
113900093,61,337,-276
113900094,163,615,-452
113900095,78,73,5
113900096,101,21,80
113900097,1,138,-137
113900098,375,61,314
113900099,1,77,-76
113900100,0,4,-4
113900101,10,47,-37
113900102,63,60,3
113900103,220,277,-57
113900104,52,105,-53
113900105,19,335,-316
113900106,1,139,-138
113900107,0,46,-46
113900108,165,155,10
113900109,434,137,297
113900110,24,3,21
113900111,40,94,-54
113900112,44,68,-24
113900113,485,349,136
113900114,2,131,-129
113900115,1,212,-211
113900116,88,91,-3
113900117,72,5,67
113900118,191,183,8
113900119,312,265,47
113900120,11,34,-23
113900121,34,110,-76
113900122,256,964,-708
113900123,315,150,165
113900124,1,92,-91
113900125,1706,170,1536
113900126,91,25,66
113900127,194,304,-110
113900128,49,54,-5
113900129,7,96,-89
113900130,0,24,-24
113900131,74,63,11
113900132,36,41,-5
113900133,25,26,-1
113900135,89,489,-400
113900136,63,75,-12
113900137,215,115,100
113900138,68,129,-61
113900139,562,54,508
113900140,614,168,446
113900141,153,567,-414
113900142,81,95,-14
113900143,6,14,-8
113900144,367,104,263
113900145,111,211,-100
113900146,74,83,-9
113900148,117,192,-75
113900149,129,34,95
113900150,1803,593,1210
113900151,158,214,-56
113900152,35,71,-36
113900153,538,449,89
113900154,2,114,-112
113900155,256,76,180
113900156,206,869,-663
113900157,36,239,-203
113900158,544,132,412
113900159,13,242,-229
113900160,356,836,-480
113900161,21,153,-132
113900162,778,483,295
113900163,274,202,72
113900164,122,40,82
113900165,577,1357,-780
113900166,403,126,277
113900167,181,32,149
113900168,100,117,-17
113900169,264,537,-273
113900171,99,41,58
113900172,9,226,-217
113900173,44,816,-772
113900174,390,833,-443
113900175,211,78,133
113900176,150,897,-747
113900177,219,257,-38
113900178,199,165,34
113900179,11,889,-878
113900180,131,118,13
113900181,526,267,259
113900182,348,1048,-700
113900183,58,68,-10
113900184,9,626,-617
113900185,129,98,31
113900186,18,39,-21
113900187,21,158,-137
113900188,20,212,-192
113900189,181,41,140
113900190,370,94,276
113900191,127,280,-153
113900192,5,300,-295
113900193,27,356,-329
113900194,2165,980,1185
113900195,313,562,-249
113900196,0,125,-125
113900197,5,398,-393
113900198,11,134,-123
113900199,183,824,-641
113900200,10,292,-282
113900201,1,305,-304
113900202,41,266,-225
113900203,1,260,-259
113900204,26,662,-636
113900205,20,130,-110
113900206,6,126,-120
113900207,0,69,-69
113900208,0,84,-84
113900209,2,119,-117
113900210,521,472,49
113900211,184,25,159
113900212,121,648,-527
113900214,501,341,160
113900215,36,140,-104
113900216,39,1518,-1479
113900217,25,353,-328
113900218,81,23,58
113900219,120,599,-479
113900220,105,45,60
113900221,260,108,152
113900222,248,238,10
113900223,40,1202,-1162
113900224,152,65,87
113900225,937,344,593
113900226,214,154,60
113900227,222,159,63
113900228,469,286,183
113900229,34,510,-476
113900230,6153,1238,4915
113900231,104,306,-202
113900232,48,116,-68
113900233,46,71,-25
113900234,114,245,-131
113900235,66,19,47
113900236,37,406,-369
113900237,86,4,82
113900238,139,250,-111
113900239,71,35,36
113900240,6,75,-69
113900241,116,57,59
113900242,23,138,-115
113900243,130,420,-290
113900244,680,185,495
113900245,1451,301,1150
113900246,20,5,15
113900247,134,136,-2
113900248,5661,1099,4562
113900249,1534,230,1304
113900250,65,74,-9
113900251,288,219,69
113900252,335,6,329
113900253,385,23,362
113900254,390,84,306
113900255,222,17,205
113900256,167,12,155
113900257,44,762,-718
113900258,9,720,-711
113900259,231,275,-44
113900260,71,7,64
113900261,23,168,-145
113900262,108,948,-840
113900263,74,537,-463
113900264,3,638,-635
113900265,134,321,-187
113900266,14,376,-362
113900267,104,604,-500
113900268,171,280,-109
113900269,37,137,-100
113900270,258,311,-53
113900271,444,1840,-1396
113900273,10,1,9
113900274,12,4,8
113900275,14,62,-48
113900276,2,442,-440
113900277,46,2,44
113900278,295,198,97
113900279,91,84,7
113900280,1161,490,671
113900281,268,852,-584
113900282,874,440,434
113900283,218,412,-194
113900284,460,89,371
113900285,44,33,11
113900286,44,183,-139
113900287,17,104,-87
113900288,1,78,-77
113900289,1767,77,1690
113900290,597,72,525
113900291,166,229,-63
113900292,9,10,-1
113900293,3,212,-209
113900294,214,8,206
113900295,429,301,128
113900296,2918,367,2551
113900297,501,29,472
113900298,5,1748,-1743
113900299,25,251,-226
113900300,8595,2252,6343
113900301,1159,304,855
113900302,2960,590,2370
113900303,656,98,558
113900304,0,202,-202
113900305,41,1,40
113900306,31,0,31
113900307,35,0,35
113900308,86,119,-33
113900309,2,916,-914
113900310,0,11,-11
113900311,2,1,1
113900312,29,90,-61
113900313,23,21,2
114000001,1168,4235,-3067
114000002,114,560,-446
114000003,30,348,-318
114000004,62,157,-95
114000005,137,255,-118
114000006,3771,2303,1468
114000007,668,1652,-984
114000008,1524,1064,460
114000009,289,212,77
114000011,2262,4030,-1768
114000012,1237,3378,-2141
114000013,1114,2486,-1372
114000014,343,470,-127
114000015,728,660,68
114000016,136,437,-301
114000017,83,134,-51
114000018,455,75,380
114000026,762,1940,-1178
114000027,1351,2280,-929
114000028,1712,1934,-222
114000038,118,138,-20
114000039,52,127,-75
114000040,65,255,-190
114000042,47,193,-146
114000043,16,184,-168
114000044,75,106,-31
114000045,25,119,-94
114000046,2550,5111,-2561
114000047,2,64,-62
114000048,68,80,-12
114000049,1378,1039,339
114000050,1626,1058,568
114000051,3434,1404,2030
114000052,2923,1194,1729
114000053,31,518,-487
114000054,81,1739,-1658
114000055,148,14,134
114000056,1651,587,1064
114000057,10233,2622,7611
114000058,688,567,121
114000059,375,163,212
114000060,413,733,-320
114000061,3600,1162,2438
114000062,2860,674,2186
114000063,4004,1713,2291
114000064,11183,2541,8642
114000065,2010,2076,-66
114000066,176,635,-459
114000067,31,328,-297
114000068,398,375,23
114000069,1034,475,559
114000070,2606,1268,1338
114000071,360,815,-455
114000072,132,513,-381
114000073,21,165,-144
114000074,4,26,-22
114000075,37,183,-146
114000076,13,258,-245
114000077,8,84,-76
114000078,134,1796,-1662
114000079,47,37,10
114000080,87,92,-5
114000081,34,105,-71
114000082,36,749,-713
114000083,19,415,-396
114000084,80,95,-15
114000085,132,1114,-982
114000086,92,793,-701
114000087,26,406,-380
114000088,18,95,-77
114000089,1586,561,1025
114000090,584,390,194
114000091,1797,359,1438
114000092,1066,278,788
114000093,707,511,196
114000094,251,318,-67
114000095,53,56,-3
114000096,73,667,-594
114000097,87,1306,-1219
114000098,207,39,168
114000099,218,1129,-911
114000100,554,858,-304
114000101,221,1751,-1530
114000102,167,298,-131
114000103,88,566,-478
114000104,4,382,-378
114000105,22,41,-19
114000106,1075,364,711
114000107,92,163,-71
114000108,2124,1458,666
114000109,205,366,-161
114000110,412,2154,-1742
114000111,646,424,222
114000112,150,1733,-1583
114000113,310,278,32
114000114,1188,1743,-555
114000115,947,544,403
114000116,277,723,-446
114000117,1120,334,786
114000118,938,257,681
114000119,718,222,496
114000120,463,1172,-709
114000121,285,630,-345
114000122,227,262,-35
114000123,765,277,488
114000124,326,344,-18
114000125,685,2109,-1424
114000126,695,175,520
114000127,68,203,-135
114000128,517,638,-121
114000130,258,492,-234
114000131,110,27,83
114000132,582,908,-326
114000133,1316,1567,-251
114000134,68,267,-199
114000138,28,216,-188
114000139,219,87,132
114000144,556,249,307
114000145,71,229,-158
114000146,100,413,-313
114000147,749,687,62
114000148,2276,1146,1130
114000149,219,155,64
114000150,942,451,491
114000151,697,702,-5
114000152,83,14,69
114000153,915,1078,-163
114000154,660,502,158
114000155,1127,1247,-120
114000156,585,443,142
114000157,138,638,-500
114000158,3057,733,2324
114000159,220,391,-171
114000160,190,186,4
114000161,1591,1154,437
114000162,868,863,5
114000163,9,203,-194
114000165,165,119,46
114000166,659,198,461
114000167,4916,1197,3719
114000168,884,688,196
114000169,1604,522,1082
114000170,1254,509,745
114000171,586,1081,-495
114000174,150,483,-333
114000176,510,338,172
114000177,2743,989,1754
114000178,35,58,-23
114000179,1245,581,664
114000180,445,599,-154
114000181,1631,1987,-356
114000182,5389,2341,3048
114000183,1241,1054,187
114000184,8370,1740,6630
114000185,609,857,-248
114000189,374,60,314
114000190,1115,154,961
114000191,13,36,-23
114000192,329,1918,-1589
114000193,1202,4027,-2825
114000194,1162,1356,-194
114000195,43,14,29
114000196,3,392,-389
114000197,448,8,440
114000198,1447,429,1018
114000199,2012,1162,850
114000200,434,2865,-2431
114000201,128,1314,-1186
114000202,744,893,-149
114000203,346,976,-630
114000204,99,541,-442
114000205,218,2037,-1819
114000206,311,1388,-1077
114000207,604,2842,-2238
114000208,484,4112,-3628
114000209,650,3953,-3303
114000210,383,2007,-1624
114000211,759,1580,-821
114000212,572,869,-297
114000213,784,680,104
114000214,66,250,-184
114000215,95,66,29
114000216,713,225,488
114000217,86,397,-311
114000218,55,391,-336
114000219,472,337,135
114000220,8,1246,-1238
114000221,299,129,170
114000222,132,1300,-1168
114000223,275,82,193
114000224,106,780,-674
114000225,129,603,-474
114000226,48,248,-200
114000227,446,462,-16
114000228,566,1019,-453
114000229,697,1305,-608
114000230,1289,1598,-309
114000231,769,1238,-469
114000232,321,134,187
114000233,1172,90,1082
114000234,764,1138,-374
114000235,543,1711,-1168
114000236,2,572,-570
114000237,58,1471,-1413
114000238,24,185,-161
114000239,167,1703,-1536
114000240,557,768,-211
114000241,230,1224,-994
114000242,1119,1123,-4
114000243,957,766,191
114000244,434,412,22
114000245,267,681,-414
114000246,114,42,72
114000247,442,762,-320
114000248,595,475,120
114000249,402,411,-9
114000250,291,616,-325
114000251,205,413,-208
114000252,46,118,-72
114000253,25,287,-262
114000254,17,128,-111
114000255,544,207,337
114000256,2424,595,1829
114000257,539,2383,-1844
114000258,103,511,-408
114000259,48,393,-345
114000260,0,30,-30
114000261,28,20,8
114000262,37,188,-151
114000263,5,3,2
114000264,310,978,-668
114000265,0,1,-1
114000267,4,1114,-1110
114000268,5,2541,-2536
114000270,44,0,44
114000271,259,119,140
114000283,414,474,-60
114000285,45,424,-379
114000288,14,407,-393
114000289,697,94,603
114000293,81,430,-349
114000294,167,252,-85
114000395,779,107,672
114000396,220,252,-32
114000402,155,364,-209
114000403,190,734,-544
114000405,83,646,-563
114000423,130,721,-591
114000424,245,295,-50
114000425,221,792,-571
114000426,232,514,-282
114000427,41,110,-69
114000428,187,76,111
114000429,5,248,-243
114000432,56,185,-129
114000434,9,90,-81
114900001,286,1694,-1408
114900002,344,84,260
114900003,327,2804,-2477
114900004,106,266,-160
114900005,275,1288,-1013
114900006,17,30,-13
114900007,113,4,109
114900008,69,15,54
114900010,3405,1620,1785
114900011,62,95,-33
114900013,72,59,13
114900015,25,148,-123
114900018,722,47,675
114900020,50,37,13
114900021,120,126,-6
114900022,2,768,-766
114900024,87,156,-69
114900025,163,241,-78
114900026,31,85,-54
114900027,148,219,-71
114900029,7,18,-11
114900030,113,222,-109
114900031,120,25,95
114900032,105,37,68
114900033,1635,211,1424
114900034,47,341,-294
114900035,116,267,-151
114900036,220,1418,-1198
114900037,38,300,-262
114900038,118,1330,-1212
114900039,297,882,-585
114900040,34,290,-256
114900041,207,864,-657
114900042,365,1080,-715
114900043,779,389,390
114900044,58,12,46
114900045,89,279,-190
114900046,46,159,-113
114900047,155,992,-837
114900048,67,239,-172
114900049,15,307,-292
114900050,23,703,-680
114900051,18,663,-645
114900052,135,225,-90
114900053,52,219,-167
114900054,46,146,-100
114900057,208,3,205
114900058,0,184,-184
114900059,25,38,-13
114900060,1652,359,1293
114900061,94,254,-160
114900062,216,287,-71
114900063,36,327,-291
114900064,694,995,-301
114900065,175,730,-555
114900067,23,400,-377
114900068,69,222,-153
114900069,197,212,-15
114900070,175,744,-569
114900072,7,246,-239
114900073,0,232,-232
114900074,126,1250,-1124
114900075,75,1,74
114900076,5,395,-390
114900080,3858,507,3351
114900082,4356,1352,3004
114900083,627,725,-98
114900084,200,290,-90
114900090,132,107,25
114900091,94,237,-143
114900095,449,109,340
114900096,444,625,-181
114900097,25,68,-43
114900098,5,230,-225
114900099,51,4,47
115000001,10164,7009,3155
115000002,2303,2762,-459
115000003,4177,5105,-928
115000004,2026,3939,-1913
115000005,1244,3343,-2099
115000006,401,1261,-860
115000007,26,148,-122
115000008,324,410,-86
115000009,106,287,-181
115000010,205,142,63
115000013,90,119,-29
115000015,62,125,-63
115000016,191,187,4
115000019,11,407,-396
115000020,146,323,-177
115000021,281,400,-119
115000022,461,434,27
115000023,331,392,-61
115000024,1219,602,617
115000025,725,415,310
115000026,158,437,-279
115000027,197,278,-81
115000028,197,698,-501
115000029,352,170,182
115000030,337,897,-560
115000031,766,350,416
115000032,11,233,-222
115000033,70,11,59
115000034,123,1127,-1004
115000035,954,56,898
115000036,1,414,-413
115000037,236,7,229
115000038,33,213,-180
115000039,3062,1878,1184
115000040,7269,3008,4261
115000041,720,1806,-1086
115000042,652,707,-55
115000043,2945,2705,240
115000044,3713,5089,-1376
115000045,1800,2815,-1015
115000046,1205,2412,-1207
115000047,1192,2053,-861
115000048,1048,3314,-2266
115000049,1588,3192,-1604
115000050,2432,1850,582
115000051,2328,1567,761
115000052,3943,2160,1783
115000053,1235,1280,-45
115000054,991,1505,-514
115000055,63,345,-282
115000056,117,252,-135
115000057,313,535,-222
115000058,174,117,57
115000059,118,260,-142
115000061,97,78,19
115000062,114,308,-194
115000063,121,323,-202
115000064,172,207,-35
115000065,7,228,-221
115000067,183,26,157
115000069,32,279,-247
115000070,43,733,-690
115000071,65,4,61
115000072,13,58,-45
115000073,1417,33,1384
115000075,86,68,18
115000076,3837,4117,-280
115000077,1093,4526,-3433
115000078,534,2261,-1727
115000079,922,2672,-1750
115000080,1358,3257,-1899
115000081,334,985,-651
115000082,2613,2960,-347
115000083,1676,4159,-2483
115000084,1022,1240,-218
115000085,464,1343,-879
115000086,466,1217,-751
115000087,495,1635,-1140
115000088,1474,590,884
115000089,1598,1547,51
115000090,764,476,288
115000091,281,1564,-1283
115000092,231,301,-70
115000093,383,0,383
115000094,9805,4529,5276
115000095,7741,4401,3340
115000096,533,2648,-2115
115000097,345,854,-509
115000098,483,919,-436
115000099,1464,4098,-2634
115000100,618,524,94
115000101,381,1894,-1513
115000102,265,173,92
115000103,383,1165,-782
115000105,37,227,-190
115000106,194,231,-37
115000107,135,705,-570
115000108,4686,3199,1487
115000109,6402,2308,4094
115000110,1265,742,523
115000111,814,1666,-852
115000112,852,452,400
115000113,1238,935,303
115000114,2061,933,1128
115000116,3474,1340,2134
115000117,4527,1795,2732
115000118,1533,1298,235
115000119,1636,1686,-50
115000120,416,651,-235
115000121,1764,771,993
115000122,5200,998,4202
115000123,2505,1192,1313
115000124,710,534,176
115000125,321,624,-303
115000126,131,370,-239
115000127,321,194,127
115000128,1210,804,406
115000129,225,153,72
115000130,258,1348,-1090
115000131,318,255,63
115000132,110,622,-512
115000133,227,466,-239
115000134,149,224,-75
115000135,110,335,-225
115000136,77,224,-147
115000137,43,205,-162
115000138,118,251,-133
115000139,161,321,-160
115000140,101,218,-117
115000141,74,424,-350
115000142,81,433,-352
115000143,246,549,-303
115000144,251,103,148
115000145,156,624,-468
115000146,187,176,11
115000147,306,622,-316
115000148,368,1803,-1435
115000149,317,189,128
115000150,694,1475,-781
115000151,472,414,58
115000152,487,2073,-1586
115000153,396,475,-79
115000154,394,339,55
115000155,396,1417,-1021
115000156,893,586,307
115000157,1133,980,153
115000158,788,379,409
115000159,756,503,253
115000160,699,505,194
115000161,556,649,-93
115000162,782,475,307
115000163,754,610,144
115000164,540,479,61
115000165,455,323,132
115000167,91,49,42
115000168,668,261,407
115000169,858,344,514
115000170,70,127,-57
115000171,207,156,51
115000172,2377,506,1871
115000173,213,243,-30
115000174,26,158,-132
115000175,41,92,-51
115000176,204,38,166
115000177,271,66,205
115000178,6,334,-328
115000179,39,14,25
115000180,73,956,-883
115000181,182,141,41
115000182,408,472,-64
115000183,151,1339,-1188
115000186,461,304,157
115000187,132,672,-540
115000188,446,476,-30
115000189,281,468,-187
115000190,756,480,276
115000191,289,501,-212
115000194,165,100,65
115000195,356,200,156
115000196,42,129,-87
115000197,70,569,-499
115000198,171,320,-149
115000199,123,425,-302
115000200,166,127,39
115000201,50,455,-405
115000206,172,100,72
115000207,37,445,-408
115000208,664,765,-101
115000209,293,209,84
115000210,83,107,-24
115000211,172,285,-113
115000212,1665,334,1331
115000218,92,56,36
115000219,2,87,-85
115000224,84,74,10
115000225,76,65,11
115000229,370,171,199
115000230,82,587,-505
115000231,280,3258,-2978
115000232,602,360,242
115000233,89,220,-131
115000234,12,252,-240
115000241,34,336,-302
115000242,35,342,-307
115000243,22,256,-234
115000244,0,78,-78
115000246,24,6,18
115000247,47,15,32
115000248,3,6,-3
115000249,35,16,19
115000250,136,52,84
115000251,56,134,-78
115000252,29,143,-114
115000253,6,140,-134
115000258,95,203,-108
115000259,342,168,174
115000261,5,16,-11
115000262,16,13,3
115000263,9,35,-26
115000264,7,29,-22
115000267,18,79,-61
115000268,43,104,-61
115000269,96,65,31
115000270,2,21,-19
115000272,37,166,-129
115000273,219,39,180
115000274,139,438,-299
115000280,3494,81,3413
115000281,1075,131,944
115000282,1254,476,778
115000284,325,88,237
115000296,440,17,423
115000297,110,44,66
115000298,23,105,-82
115000300,25,263,-238
115000302,165,265,-100
115000303,244,200,44
115000304,363,99,264
115000305,55,1257,-1202
115000306,75,601,-526
115000307,45,280,-235
115000308,27,8,19
115000310,566,1546,-980
115000311,331,1508,-1177
115000313,116,928,-812
115000314,179,52,127
115000315,1472,218,1254
115000316,23,63,-40
115000317,187,939,-752
115000318,578,261,317
115000319,47,317,-270
115000320,6,181,-175
115000321,352,12,340
115000322,41,328,-287
115000449,504,118,386
115000557,14,402,-388
115000558,237,59,178
115000587,254,398,-144
115000588,2124,4116,-1992
115000589,2285,2609,-324
115000590,984,1650,-666
115000591,1076,752,324
115000592,774,1426,-652
115000593,1415,532,883
115000594,1102,1139,-37
115000609,50,143,-93
115000617,2313,1185,1128
115000624,73,42,31
115000633,412,1894,-1482
115000634,2615,968,1647
115000635,232,146,86
115000638,1588,846,742
115000641,104,108,-4
115000642,415,236,179
115000643,96,430,-334
115000644,120,487,-367
115000646,691,1020,-329
115000647,132,487,-355
115000648,887,1962,-1075
115000893,3743,983,2760
115000894,71,1286,-1215
115000895,226,1006,-780
115000896,738,316,422
115000897,439,79,360
115000898,1061,185,876
115000899,815,960,-145
115000900,135,279,-144
115000901,60,105,-45
115000912,161,86,75
115000913,3,30,-27
115000915,8,0,8
115000916,4,1,3
115000917,0,5,-5
115000918,50,224,-174
115000919,15,2,13
115000920,19,35,-16
115000921,1472,87,1385
115000922,826,427,399
115000923,458,749,-291
115000925,33,66,-33
115000927,10,11,-1
115000933,177,102,75
115900001,16,86,-70
115900002,72,211,-139
115900003,49,186,-137
115900004,1,56,-55
115900005,48,9,39
115900006,97,500,-403
115900008,11,10,1
115900009,43,344,-301
115900010,150,280,-130
115900011,168,421,-253
115900012,43,94,-51
115900013,430,169,261
115900014,68,216,-148
115900015,23,187,-164
115900016,53,37,16
115900017,10,2,8
115900018,145,119,26
115900019,1803,41,1762
115900020,13,2,11
115900021,2583,230,2353
115900022,1522,10,1512
115900023,1,0,1
115900025,69,129,-60
115900026,1104,447,657
115900027,1,508,-507
115900028,669,91,578
115900029,5,656,-651
115900030,24,1,23
115900031,428,122,306
115900032,371,939,-568
115900033,1,50,-49
115900034,13,710,-697
115900035,24,168,-144
115900036,103,250,-147
115900037,24,741,-717
115900038,11,2,9
115900039,57,410,-353
115900041,281,272,9
115900042,12,23,-11
115900043,16,176,-160
115900044,182,220,-38
115900046,132,321,-189
115900047,54,42,12
115900049,60,236,-176
115900051,0,67,-67
115900052,11,361,-350
115900053,56,347,-291
115900054,61,74,-13
115900055,19,190,-171
115900056,146,506,-360
115900057,6,2,4
115900058,29,78,-49
115900060,47,176,-129
115900061,68,0,68
115900062,34,324,-290
115900063,27,11,16
115900064,169,262,-93
115900065,17,151,-134
115900066,134,234,-100
115900067,5,984,-979
115900068,4552,102,4450
115900069,34,220,-186
115900070,76,302,-226
115900071,1,877,-876
115900072,77,306,-229
115900073,27,21,6
115900074,5,469,-464
115900075,19,467,-448
115900076,1,108,-107
115900077,11,434,-423
115900078,38,207,-169
115900079,98,17,81
115900080,494,196,298
115900081,4,129,-125
115900082,126,139,-13
115900084,105,49,56
115900085,37,35,2
115900086,2235,519,1716
115900088,6,29,-23
115900089,157,1008,-851
115900090,95,19,76
115900091,1,22,-21
115900092,35,310,-275
115900093,5,25,-20
115900094,7,521,-514
115900096,1,30,-29
115900097,15,690,-675
115900098,52,555,-503
115900099,6,94,-88
115900100,10,860,-850
115900101,85,532,-447
115900102,18,143,-125
115900103,112,349,-237
115900104,24,241,-217
115900105,60,922,-862
115900106,32,28,4
115900107,22,283,-261
115900108,34,52,-18
115900109,69,557,-488
115900110,0,13,-13
115900111,0,100,-100
115900112,33,1189,-1156
115900113,17,26,-9
115900114,1,177,-176
115900115,36,110,-74
115900116,88,1483,-1395
115900117,23,16,7
115900118,6,455,-449
115900119,50,101,-51
115900120,14,637,-623
115900121,63,341,-278
115900124,141,372,-231
115900125,144,37,107
115900126,527,79,448
115900127,466,33,433
115900128,6,46,-40
115900129,685,26,659
115900130,33,192,-159
115900131,262,33,229
115900132,191,12,179
115900134,131,16,115
115900135,567,416,151
115900137,10,2,8
115900139,256,154,102
115900140,108,14,94
115900141,22,185,-163
115900142,13,38,-25
115900143,86,215,-129
115900144,24,263,-239
115900146,2,243,-241
115900147,177,232,-55
115900148,4,22,-18
115900149,26,31,-5
115900150,14,115,-101
115900151,6,53,-47
115900152,37,518,-481
115900153,54,266,-212
115900154,641,334,307
115900155,0,77,-77
115900156,501,853,-352
115900157,35,425,-390
115900158,30,8,22
115900159,53,255,-202
115900160,3,3,0
115900161,51,248,-197
115900163,114,182,-68
115900164,135,26,109
115900165,2,66,-64
115900166,144,267,-123
115900168,11,168,-157
115900171,50,459,-409
115900172,17,145,-128
115900173,133,212,-79
115900174,276,265,11
115900175,58,229,-171
115900178,5,994,-989
115900179,59,15,44
115900180,39,358,-319
115900181,52,318,-266
115900182,174,407,-233
115900183,269,68,201
115900184,1925,28,1897
115900187,10,85,-75
115900189,0,88,-88
115900190,635,416,219
115900191,34,645,-611
115900192,7,61,-54
115900193,46,86,-40
115900194,350,33,317
115900195,587,1024,-437
115900198,163,194,-31
115900199,112,335,-223
115900200,248,384,-136
115900201,321,272,49
115900202,0,6,-6
115900203,1,2,-1
115900204,1,0,1
115900205,28,11,17
115900206,41,155,-114
115900207,6,30,-24
115900208,24,440,-416
115900209,0,165,-165
115900210,4,217,-213
115900211,3,239,-236
115900212,53,254,-201
115900213,25,19,6
115900214,99,275,-176
115900215,21,17,4
115900216,3,82,-79
115900217,1,68,-67
115900218,3,70,-67
115900219,26,9,17
115900220,44,4,40
115900221,32,10,22
115900222,14,11,3
115900223,16,46,-30
115900224,1948,248,1700
115900225,84,28,56
115900226,18,34,-16
115900227,11,41,-30
115900228,2,48,-46
115900229,4,52,-48
115900230,58,96,-38
115900231,79,3,76
115900232,18,2,16
115900233,41,12,29
115900234,18,23,-5
115900235,7,19,-12
115900236,12,11,1
115900237,2,33,-31
115900238,4,21,-17
115900239,7,18,-11
115900240,14,68,-54
115900241,83,60,23
115900242,130,171,-41
115900243,8,14,-6
115900244,8,13,-5
115900245,1,41,-40
115900246,4,1,3
115900247,6,3,3
115900248,5,2,3
115900249,1,7,-6
115900250,8,9,-1
115900251,0,4,-4
115900252,1,2,-1
115900253,8,8,0
115900254,19,13,6
115900255,5,13,-8
115900256,13,12,1
115900257,2,6,-4
115900258,0,1,-1
115900259,5,4,1
115900260,7,2,5
115900261,4,1,3
115900262,1,0,1
115900263,9,2,7
115900264,28,7,21
115900265,1,7,-6
115900266,4,3,1
115900267,2,7,-5
115900268,5,16,-11
115900269,155,457,-302
115900270,124,850,-726
116000001,23146,5338,17808
116000002,4519,4968,-449
116000003,1584,1907,-323
116000004,1391,1834,-443
116000005,2715,3249,-534
116000006,1459,1081,378
116000007,4009,4536,-527
116000008,5222,1384,3838
116000009,1906,3053,-1147
116000010,1636,861,775
116000011,657,1935,-1278
116000012,670,548,122
116000013,20709,4928,15781
116000014,24611,6149,18462
116000015,660,1241,-581
116000016,10371,2473,7898
116000017,20,486,-466
116000018,892,494,398
116000019,1837,294,1543
116000020,477,1541,-1064
116000021,249,202,47
116000022,328,576,-248
116000023,554,443,111
116000024,858,2132,-1274
116000025,529,470,59
116000026,1818,2773,-955
116000027,435,620,-185
116000028,318,443,-125
116000029,1254,616,638
116000030,419,285,134
116000031,215,284,-69
116000032,127,318,-191
116000033,138,310,-172
116000034,508,550,-42
116000035,142,626,-484
116000036,2932,875,2057
116000037,740,579,161
116000038,655,386,269
116000039,756,417,339
116000040,980,373,607
116000041,408,779,-371
116000042,384,324,60
116000043,84,419,-335
116000045,1249,1138,111
116000046,1316,1127,189
116000047,1892,1652,240
116000048,2113,1584,529
116000049,715,2004,-1289
116000050,1077,1502,-425
116000051,2501,1775,726
116000052,2862,3522,-660
116000053,1209,953,256
116000054,521,2722,-2201
116000055,275,1625,-1350
116000056,415,988,-573
116000057,3243,2354,889
116000058,3169,2101,1068
116000059,2860,3578,-718
116000060,3212,990,2222
116000061,247,651,-404
116000062,579,250,329
116000063,416,1044,-628
116000066,126,324,-198
116000067,223,628,-405
116000068,127,214,-87
116000069,211,559,-348
116000078,192,849,-657
116000080,937,1091,-154
116000082,12,122,-110
116000083,865,370,495
116000084,2288,3914,-1626
116000085,1499,919,580
116000086,1885,1264,621
116000087,760,869,-109
116000088,827,1351,-524
116000089,89,96,-7
116000090,101,149,-48
116000091,87,22,65
116000093,1401,817,584
116000094,273,681,-408
116000095,386,827,-441
116000096,445,1334,-889
116000097,422,2074,-1652
116000098,27,3724,-3697
116000099,11004,464,10540
116000100,87,16,71
116000101,256,2026,-1770
116000102,22,297,-275
116000103,303,179,124
116000104,154,2117,-1963
116000105,469,227,242
116000106,209,1186,-977
116000107,828,443,385
116000108,16,176,-160
116000111,38,14,24
116000113,121,42,79
116000114,44,175,-131
116000115,120,54,66
116000116,224,719,-495
116000117,873,1717,-844
116000118,826,1740,-914
116000119,1554,1458,96
116000120,2706,5868,-3162
116000121,549,378,171
116000122,1316,2865,-1549
116000123,391,382,9
116000124,284,1453,-1169
116000125,1109,490,619
116000126,227,1897,-1670
116000127,926,1853,-927
116000128,957,693,264
116000129,514,188,326
116000130,215,231,-16
116000133,336,958,-622
116000134,1104,3404,-2300
116000135,1044,1290,-246
116000136,852,2792,-1940
116000137,597,457,140
116000138,1878,458,1420
116000139,1881,2416,-535
116000140,126,216,-90
116000141,363,1233,-870
116000142,4111,5117,-1006
116000143,1882,1425,457
116000144,927,3382,-2455
116000145,1212,1365,-153
116000146,247,547,-300
116000147,188,113,75
116000148,303,446,-143
116000149,289,531,-242
116000151,413,1134,-721
116000153,41,489,-448
116000155,154,248,-94
116000156,1734,1534,200
116000157,0,1,-1
116000158,170,480,-310
116000159,0,0,0
116000160,10,214,-204
116000161,4,163,-159
116000162,75,40,35
116000163,12,15,-3
116000164,3,27,-24
116000177,25,102,-77
116000194,41,587,-546
116000195,1214,571,643
116000196,31,21,10
116000197,8,7,1
116000198,2311,1017,1294
116000200,821,187,634
116000201,550,722,-172
116000202,5,352,-347
116000203,4,76,-72
116000204,6,50,-44
116000205,0,167,-167
116000206,6,104,-98
116000207,1,25,-24
116000233,161,1066,-905
116000287,53,727,-674
116000288,96,436,-340
116000292,51,255,-204
116000296,5,122,-117
116000297,22,6,16
116000304,46,2,44
116000305,2,241,-239
116000346,149,240,-91
116000352,90,80,10
116000354,29,21,8
116000357,1,18,-17
116000358,138,16,122
116000361,89,0,89
116000372,10177,1845,8332
116000381,66,0,66
116000388,0,37,-37
116000389,512,602,-90
116000445,162,941,-779
116000446,152,1197,-1045
116000447,9,466,-457
116000448,502,316,186
116000563,1105,633,472
116000565,76,506,-430
116000568,54,179,-125
116000579,19,128,-109
116000584,4,15,-11
116000585,8,16,-8
116000586,280,81,199
116000587,174,443,-269
116000589,19,130,-111
116000590,39,49,-10
116000591,84,334,-250
116000592,16,239,-223
116000593,0,34,-34
116000594,220,861,-641
116000595,340,259,81
116000596,43,7,36
116000597,115,40,75
116000598,11,295,-284
116000602,105,325,-220
116000605,276,254,22
116000606,35,97,-62
116000607,6,73,-67
116000609,206,542,-336
116000611,34,738,-704
116000612,445,1716,-1271
116000613,224,278,-54
116000614,447,1030,-583
116000615,29,124,-95
116000616,44,222,-178
116000617,18,105,-87
116000618,14,294,-280
116000619,9,38,-29
116000620,51,55,-4
116000621,16,90,-74
116000622,22,135,-113
116000624,36,64,-28
116900001,164,145,19
116900002,318,4,314
116900003,25,97,-72
116900004,19,29,-10
116900005,185,47,138
116900006,110,128,-18
116900007,108,233,-125
116900008,171,593,-422
116900009,10,3,7
116900010,13,2625,-2612
116900011,9,36,-27
116900012,109,262,-153
116900013,6,357,-351
116900014,30,435,-405
116900015,90,64,26
116900016,69,0,69
116900017,8,910,-902
116900018,38,24,14
116900019,6,502,-496
116900020,990,128,862
116900023,18,6,12
116900024,221,89,132
116900025,364,1459,-1095
116900026,289,981,-692
116900027,8,35,-27
116900028,2,174,-172
116900029,0,5,-5
116900031,0,16,-16
116900032,1,377,-376
116900033,3,9,-6
116900034,11,81,-70
116900035,63,218,-155
116900036,1,85,-84
116900038,2,6,-4
116900041,54,27,27
116900042,1093,195,898
116900043,6,70,-64
116900045,182,56,126
116900047,121,40,81
116900049,45,300,-255
116900050,71,462,-391
116900051,20,398,-378
116900052,140,80,60
116900055,0,5,-5
116900057,13,382,-369
116900058,21,474,-453
116900059,1,313,-312
116900060,128,321,-193
116900062,1,8,-7
116900064,26,1250,-1224
116900065,8,87,-79
116900067,51,121,-70
116900068,72,586,-514
116900070,1,2,-1
116900072,12,651,-639
116900073,7,237,-230
116900074,2,64,-62
116900076,4,20,-16
116900077,9,275,-266
116900078,274,233,41
116900079,18,473,-455
116900080,13,36,-23
116900081,286,1816,-1530
116900082,245,1194,-949
116900083,63,79,-16
116900084,187,73,114
116900085,15,184,-169
116900086,39,306,-267
116900088,501,71,430
116900090,138,85,53
116900091,94,113,-19
116900092,54,994,-940
116900093,2253,1973,280
116900094,9350,2200,7150
116900095,189,202,-13
116900096,114,87,27
116900097,4685,1505,3180
116900098,575,101,474
116900099,604,392,212
116900100,382,18,364
116900101,307,984,-677
116900103,3,1,2
116900104,23,85,-62
116900105,245,47,198
116900106,658,268,390
116900107,5485,1092,4393
116900110,10,1,9
116900111,118,1714,-1596
116900112,119,1242,-1123
116900113,4259,674,3585
116900116,104,230,-126
116900117,10,95,-85
116900118,1298,390,908
116900120,106,141,-35
116900121,20,45,-25
116900122,322,1150,-828
116900123,71,1306,-1235
116900124,113,955,-842
116900125,85,268,-183
116900126,361,487,-126
116900128,22,46,-24
116900129,2,422,-420
116900130,1310,1744,-434
116900131,42,233,-191
116900132,40,94,-54
116900133,29,106,-77
116900134,170,336,-166
116900136,155,182,-27
116900137,233,272,-39
116900138,135,335,-200
116900139,66,502,-436
116900140,99,231,-132
116900141,374,450,-76
116900142,4,10,-6
116900143,240,936,-696
116900144,27,63,-36
116900145,96,435,-339
116900147,733,270,463
116900148,4,36,-32
116900149,40,140,-100
116900150,2,5,-3
116900151,659,117,542
116900153,34,59,-25
116900154,583,166,417
116900155,63,38,25
116900157,144,274,-130
116900158,51,83,-32
116900159,26,205,-179
116900160,543,253,290
116900161,12817,4001,8816
116900162,5,216,-211
116900163,37,167,-130
116900164,62,30,32
116900165,87,114,-27
116900166,6,110,-104
116900167,144,59,85
116900168,102,134,-32
116900169,755,183,572
116900170,143,239,-96
116900171,24,278,-254
116900172,216,46,170
116900173,67,75,-8
116900174,20,6,14
116900175,143,131,12
116900178,12,219,-207
116900179,74,86,-12
116900180,49,41,8
116900182,385,229,156
116900183,77,65,12
116900185,8,11,-3
116900186,58,471,-413
116900187,16,14,2
116900188,61,12,49
116900189,14,0,14
116900191,261,385,-124
116900192,162,250,-88
116900194,26,362,-336
116900195,19,9,10
116900196,39,142,-103
116900197,25,3,22
116900198,379,107,272
116900200,27,63,-36
116900201,43,4,39
116900202,151,72,79
116900203,82,4,78
116900204,57,58,-1
116900206,2,39,-37
116900207,10,29,-19
116900208,8,251,-243
116900209,9,199,-190
116900210,246,171,75
116900211,181,20,161
116900212,11,87,-76
116900213,178,227,-49
116900214,57,174,-117
116900215,59,122,-63
116900216,119,504,-385
116900218,16,359,-343
116900219,879,401,478
116900220,56,237,-181
116900221,47,278,-231
116900222,410,283,127
116900223,85,186,-101
116900226,19,102,-83
116900227,151,93,58
116900228,109,289,-180
116900230,27,471,-444
116900231,17,620,-603
116900232,9,665,-656
116900233,75,67,8
116900234,5,7,-2
116900235,127,555,-428
116900238,1383,377,1006
116900239,107,754,-647
116900240,7650,2217,5433
116900241,34,305,-271
116900242,626,202,424
116900243,5,211,-206
116900245,25,25,0
116900246,11,2,9
116900247,151,12,139
116900248,43,34,9
116900249,139,244,-105
116900250,104,52,52
116900251,526,180,346
116900252,35,1305,-1270
116900253,37,74,-37
116900254,7,114,-107
116900255,78,28,50
116900256,123,109,14
116900257,10,806,-796
116900258,3,458,-455
116900259,46,10,36
116900260,1,212,-211
116900261,22,0,22
116900262,63,145,-82
116900263,0,5,-5
116900264,0,4,-4
116900265,9,0,9
116900266,5,54,-49
116900267,0,2,-2
116900268,23,21,2
116900269,235,457,-222
116900271,3658,113,3545
116900272,578,813,-235
116900273,383,42,341
116900274,47,72,-25
116900275,64,268,-204
116900276,233,27,206
116900277,792,10,782
116900278,6,23,-17
116900279,1,35,-34
116900280,5,56,-51
116900281,10807,1968,8839
116900282,5,179,-174
116900283,10,140,-130
116900284,36,301,-265
116900285,323,160,163
116900286,272,9,263
116900287,3,103,-100
116900288,21,158,-137
116900289,1,50,-49
116900290,0,60,-60
116900291,0,7,-7
116900292,0,2,-2
116900293,8,84,-76
116900294,21,99,-78
116900295,53,43,10
116900296,18,23,-5
116900297,1,40,-39
116900298,31,12,19
116900299,36,55,-19
116900300,8,224,-216
116900301,38,53,-15
116900302,2127,246,1881
116900303,500,55,445
116900304,0,108,-108
116900305,4,33,-29
116900306,34,170,-136
117000001,1079,1129,-50
117000002,1495,4476,-2981
117000003,6479,2683,3796
117000004,5121,5293,-172
117000005,987,1433,-446
117000006,921,4418,-3497
117000007,1864,1214,650
117000008,1337,4550,-3213
117000009,3944,1719,2225
117000010,2834,4924,-2090
117000011,1047,2136,-1089
117000012,956,2005,-1049
117000013,749,1430,-681
117000014,780,2799,-2019
117000015,3340,1329,2011
117000016,582,68,514
117000017,394,244,150
117000018,231,444,-213
117000019,269,2,267
117000020,998,1247,-249
117000021,4581,380,4201
117000022,586,67,519
117000023,646,126,520
117000024,676,104,572
117000025,1158,904,254
117000026,3144,725,2419
117000027,4367,548,3819
117000028,4222,408,3814
117000030,473,194,279
117000032,2265,1665,600
117000033,1446,1544,-98
117000034,191,151,40
117000036,138,173,-35
117000038,173,369,-196
117000039,25,182,-157
117000040,83,1715,-1632
117000041,428,160,268
117000044,10,1417,-1407
117000045,172,52,120
117000046,445,893,-448
117000047,605,554,51
117000048,2101,1537,564
117000049,175,670,-495
117000050,130,3498,-3368
117000051,1270,152,1118
117000052,17,805,-788
117000053,115,76,39
117000054,1354,7,1347
117000055,26,4890,-4864
117000056,368,21,347
117000057,648,2513,-1865
117000060,427,2539,-2112
117000061,1107,750,357
117000062,166,601,-435
117000063,1089,713,376
117000064,930,1021,-91
117000066,1688,1100,588
117000067,106,293,-187
117000074,138,142,-4
117000076,52,40,12
117000077,112,86,26
117000078,96,649,-553
117000079,133,191,-58
117000080,1,454,-453
117000081,569,140,429
117000082,7,67,-60
117000083,72,3,69
117000084,286,1,285
117000085,97,528,-431
117000086,1461,621,840
117000087,83,564,-481
117000088,206,167,39
117000089,1053,396,657
117000090,231,1862,-1631
117000091,381,404,-23
117000092,347,2290,-1943
117000093,715,719,-4
117000094,637,3312,-2675
117000095,1712,820,892
117000096,531,3105,-2574
117000097,839,1135,-296
117000098,3049,7204,-4155
117000099,1788,836,952
117000100,131,139,-8
117000101,167,1545,-1378
117000102,945,593,352
117000103,870,2347,-1477
117000104,894,575,319
117000105,921,2465,-1544
117000106,750,868,-118
117000107,441,3152,-2711
117000108,925,777,148
117000109,2147,3770,-1623
117000110,1124,682,442
117000111,3788,5547,-1759
117000112,2187,2180,7
117000113,68,609,-541
117000114,98,165,-67
117000115,36,251,-215
117000116,59,288,-229
117000117,1774,587,1187
117000118,325,120,205
117000119,301,64,237
117000120,781,86,695
117000121,590,371,219
117000122,716,883,-167
117000123,2284,41,2243
117000124,1632,44,1588
117000125,675,73,602
117000126,73,78,-5
117000127,234,585,-351
117000128,609,938,-329
117000129,425,37,388
117000130,110,1,109
117000131,0,22,-22
117000132,954,11,943
117000133,576,50,526
117000134,1,50,-49
117000135,12,74,-62
117000136,2,67,-65
117000137,67,48,19
117000138,0,952,-952
117000140,488,2156,-1668
117000141,1167,548,619
117000181,1524,483,1041
117000182,249,206,43
117000195,230,1806,-1576
117000196,114,38,76
117000225,152,3,149
117000226,6,102,-96
117000276,70,12,58
117000277,0,585,-585
117000310,2403,2708,-305
117000315,28,697,-669
117000320,48,0,48
117000906,95,13,82
117000907,9,516,-507
117000908,178,45,133
117000909,96,40,56
117000910,148,123,25
117000911,105,230,-125
117000915,13,807,-794
117000916,11,5,6
117000917,583,19,564
117000918,20,44,-24
117000919,23,260,-237
117000920,6,2205,-2199
117000921,12,2779,-2767
117000922,22,189,-167
117000924,425,613,-188
117000926,1805,112,1693
117000927,3567,399,3168
117000928,0,349,-349
117000929,83,549,-466
117000930,40,12,28
117000931,1790,48,1742
117900002,173,414,-241
117900003,1171,314,857
117900005,9,7,2
117900006,0,64,-64
117900007,65,193,-128
117900008,0,47,-47
117900010,146,206,-60
117900011,24,20,4
117900012,72,286,-214
117900013,1,474,-473
117900014,141,341,-200
117900015,31,280,-249
117900016,1680,396,1284
117900017,362,568,-206
117900018,317,30,287
117900019,295,750,-455
117900020,74,230,-156
117900021,28,177,-149
117900022,10,9,1
117900023,1001,92,909
117900024,77,178,-101
117900025,19,10,9
117900026,268,585,-317
117900028,27,2,25
117900029,175,1433,-1258
117900030,172,193,-21
117900031,114,144,-30
117900032,387,286,101
117900033,139,1222,-1083
117900034,14,24,-10
117900035,44,53,-9
117900036,148,1021,-873
117900037,41,184,-143
117900038,20,575,-555
117900039,3,109,-106
117900040,80,777,-697
117900041,8,65,-57
117900042,5941,578,5363
117900043,27,60,-33
117900044,26,2325,-2299
117900045,97,76,21
117900048,126,394,-268
117900049,82,849,-767
117900050,9,122,-113
117900051,52,3,49
117900052,215,320,-105
117900053,647,844,-197
117900054,0,21,-21
117900055,142,187,-45
117900056,907,15,892
117900057,798,1433,-635
117900058,1464,250,1214
117900059,283,75,208
117900060,563,6692,-6129
117900061,21,204,-183
117900063,182,317,-135
117900065,675,1380,-705
117900066,4,46,-42
117900067,247,529,-282
117900069,457,815,-358
117900070,261,9,252
117900071,52,186,-134
117900073,208,683,-475
117900074,255,8,247
117900075,85,116,-31
117900076,7,35,-28
117900077,152,174,-22
117900078,194,315,-121
117900080,131,65,66
117900081,670,514,156
117900082,193,148,45
117900083,283,1074,-791
117900086,109,36,73
117900087,69,71,-2
117900088,3036,2211,825
117900089,1308,296,1012
117900090,201,1381,-1180
117900091,152,131,21
117900092,16,41,-25
117900093,29,79,-50
117900094,20,5,15
117900095,75,828,-753
117900096,42,284,-242
117900097,268,42,226
117900098,8,5,3
117900099,61,702,-641
117900100,67,2,65
117900101,370,798,-428
117900102,24,42,-18
117900103,10,0,10
117900104,7,233,-226
117900105,172,283,-111
117900106,63,77,-14
117900107,5,0,5
117900109,256,395,-139
117900110,45,1,44
117900111,127,12,115
117900112,28,21,7
117900113,5532,1719,3813
117900114,4,0,4
117900115,511,39,472
117900116,869,955,-86
117900117,373,527,-154
117900118,5,0,5
117900119,38,333,-295
117900120,120,151,-31
117900121,74,44,30
117900122,1188,1564,-376
117900123,599,984,-385
117900124,738,715,23
117900125,1248,724,524
117900126,274,730,-456
117900127,283,851,-568
117900128,136,1325,-1189
117900129,16,0,16
117900130,674,436,238
117900131,0,168,-168
117900132,18,149,-131
117900133,4,167,-163
117900134,57,244,-187
117900135,16,293,-277
117900136,0,102,-102
117900137,47,449,-402
117900138,0,89,-89
117900139,34,203,-169
117900140,7572,206,7366
117900141,326,256,70
117900142,64,9,55
117900144,57,120,-63
117900145,64,7,57
117900146,136,60,76
117900147,40,73,-33
117900148,3493,982,2511
117900149,27,287,-260
117900150,21,178,-157
117900151,32,199,-167
117900152,85,100,-15
117900153,12,167,-155
117900154,243,867,-624
117900156,814,836,-22
117900157,30,491,-461
117900158,125,87,38
117900160,342,262,80
117900161,3351,3027,324
117900162,148,536,-388
117900163,71,10,61
117900165,0,9,-9
117900166,91,236,-145
117900168,59,148,-89
117900169,0,142,-142
117900170,1,24,-23
117900171,1,23,-22
117900172,10,46,-36
117900173,194,76,118
117900174,24,48,-24
117900175,7,41,-34
117900176,10,53,-43
117900177,8,48,-40
117900178,92,49,43
117900180,300,30,270
117900181,212,179,33
117900182,5,35,-30
117900183,35,143,-108
117900184,1,53,-52
117900185,9,26,-17
117900186,12,17,-5
117900187,21,7,14
117900188,184,28,156
117900189,41,17,24
117900190,13,1,12
117900191,43,0,43
117900192,82,2,80
117900193,17,87,-70
117900194,2,4,-2
117900195,2,22,-20
117900196,5,13,-8
117900207,95,66,29
117900208,37,61,-24
117900209,139,140,-1
117900210,139,133,6
117900211,18,304,-286
117900212,64,186,-122
117900213,3,10,-7
117900214,4,54,-50
117900216,5,19,-14
117900217,133,89,44
117900218,110,118,-8
117900219,7,50,-43
117900220,112,86,26
117900221,28,3,25
118000001,710,405,305
118000002,1565,2028,-463
118000003,1561,1020,541
118000004,2847,2043,804
118000005,6621,1967,4654
118000006,9780,7342,2438
118000007,7903,2128,5775
118000008,6053,3134,2919
118000009,2228,3502,-1274
118000010,4907,4513,394
118000011,755,3275,-2520
118000012,1062,3417,-2355
118000013,3830,3444,386
118000014,2311,3680,-1369
118000016,234,665,-431
118000017,158,416,-258
118000018,314,900,-586
118000019,1902,1255,647
118000020,1262,1275,-13
118000021,709,1686,-977
118000022,2075,512,1563
118000023,1024,210,814
118000024,2000,577,1423
118000025,1284,628,656
118000027,19142,4655,14487
118000029,1227,508,719
118000032,1822,1404,418
118000033,3394,2157,1237
118000034,5970,2008,3962
118000035,1416,1396,20
118000036,1149,917,232
118000037,548,969,-421
118000038,101,131,-30
118000039,69,427,-358
118000040,1627,2467,-840
118000041,1897,1561,336
118000045,986,112,874
118000046,2252,588,1664
118000047,2354,644,1710
118000048,4829,995,3834
118000051,2990,693,2297
118000052,1785,463,1322
118000053,375,475,-100
118000054,1337,1222,115
118000055,974,1464,-490
118000056,236,280,-44
118000057,225,345,-120
118000058,4833,1399,3434
118000059,2486,839,1647
118000060,532,822,-290
118000061,549,1178,-629
118000062,409,214,195
118000063,346,438,-92
118000064,1073,1248,-175
118000065,6804,1573,5231
118000066,775,826,-51
118000067,1820,977,843
118000068,2374,3010,-636
118000069,4413,1415,2998
118000070,10121,1711,8410
118000071,4751,4263,488
118000072,2442,999,1443
118000073,3592,474,3118
118000074,267,332,-65
118000075,709,304,405
118000076,1190,1100,90
118000077,1598,1085,513
118000078,1856,1833,23
118000079,305,328,-23
118000080,1100,844,256
118000081,1314,984,330
118000082,311,757,-446
118000083,2994,1152,1842
118000084,2976,1377,1599
118000086,153,554,-401
118000087,7410,2543,4867
118000088,1959,1609,350
118000089,4654,2107,2547
118000090,2508,2320,188
118000091,1993,1483,510
118000092,1452,293,1159
118000093,180,704,-524
118000096,504,485,19
118000097,581,488,93
118000098,216,228,-12
118000099,315,1166,-851
118000101,591,280,311
118000102,295,1880,-1585
118000107,4809,584,4225
118000108,597,1003,-406
118000110,2,29,-27
118000111,2,801,-799
118000112,160,1,159
118000113,9,1412,-1403
118000114,99,4,95
118000115,34,9,25
118000116,44,1,43
118000117,1193,968,225
118000118,763,604,159
118000119,869,1088,-219
118000120,1554,1870,-316
118000121,56,461,-405
118000122,986,159,827
118000123,45,252,-207
118000125,1955,1368,587
118000126,590,1511,-921
118000127,1942,535,1407
118000128,905,1259,-354
118000129,443,234,209
118000130,3116,4816,-1700
118000131,330,1150,-820
118000132,1618,1289,329
118000133,303,434,-131
118000135,371,307,64
118000136,106,545,-439
118000137,451,84,367
118000138,235,1013,-778
118000139,93,79,14
118000140,2024,3155,-1131
118000141,1533,2197,-664
118000142,1092,2448,-1356
118000143,1119,914,205
118000144,1745,1229,516
118000145,1494,3764,-2270
118000146,924,1940,-1016
118000147,555,2161,-1606
118000148,184,1363,-1179
118000149,588,1114,-526
118000150,310,146,164
118000151,281,461,-180
118000153,581,1145,-564
118000154,651,1673,-1022
118000155,662,1354,-692
118000156,2736,2235,501
118000157,332,311,21
118000158,121,634,-513
118000159,33,52,-19
118000160,238,586,-348
118000161,333,1368,-1035
118000162,939,944,-5
118000163,315,786,-471
118000164,2270,1406,864
118000168,2192,296,1896
118000169,1032,2254,-1222
118000170,4514,8019,-3505
118000171,153,664,-511
118000172,107,288,-181
118000173,662,1193,-531
118000175,218,382,-164
118000176,140,417,-277
118000177,106,518,-412
118000178,43,24,19
118000179,1922,544,1378
118000180,740,842,-102
118000181,679,401,278
118000182,226,362,-136
118000183,143,206,-63
118000184,319,1179,-860
118000185,1106,776,330
118000186,496,832,-336
118000187,616,1043,-427
118000188,443,264,179
118000189,280,1035,-755
118000190,11,8,3
118000191,11,38,-27
118000192,23,66,-43
118000193,42,216,-174
118000194,2050,1243,807
118000195,1495,406,1089
118000196,742,103,639
118000197,155,78,77
118000198,467,344,123
118000199,548,228,320
118000200,59,262,-203
118000201,606,291,315
118000202,27,69,-42
118000203,1931,332,1599
118000204,142,194,-52
118000205,290,294,-4
118000206,158,239,-81
118000207,1,154,-153
118000208,1062,1568,-506
118000209,1610,2143,-533
118000210,38,61,-23
118000211,10,49,-39
118000213,992,682,310
118000214,635,301,334
118000215,169,352,-183
118000216,1312,4960,-3648
118000217,9,144,-135
118000218,72,121,-49
118000219,475,427,48
118000220,1,17,-16
118000221,42,241,-199
118000222,62,15,47
118000223,18,38,-20
118000224,265,213,52
118000225,129,1138,-1009
118000226,501,96,405
118000227,1101,310,791
118000228,177,146,31
118000229,336,37,299
118000230,42,339,-297
118000231,87,269,-182
118000232,549,1143,-594
118000233,503,983,-480
118000234,115,512,-397
118000236,328,566,-238
118000237,40,958,-918
118000238,107,384,-277
118000239,179,374,-195
118000240,658,66,592
118000241,75,355,-280
118000242,288,782,-494
118000243,92,227,-135
118000244,14,177,-163
118000246,0,9,-9
118000255,28,169,-141
118000256,68,190,-122
118000259,3,27,-24
118000260,79,135,-56
118000261,12,163,-151
118000263,71,273,-202
118000266,102,595,-493
118000267,0,109,-109
118000268,260,1,259
118000270,43,75,-32
118000271,78,274,-196
118000272,57,40,17
118000273,40,93,-53
118000274,100,450,-350
118000276,244,358,-114
118000295,0,55,-55
118000298,162,453,-291
118000299,51,247,-196
118000301,0,66,-66
118000302,48,95,-47
118000311,109,147,-38
118000312,89,300,-211
118000313,45,218,-173
118000314,41,91,-50
118000315,26,53,-27
118000316,411,662,-251
118000325,16,145,-129
118000326,21,57,-36
118000331,10,103,-93
118000332,21,90,-69
118000333,14,78,-64
118000335,63,0,63
118000336,1,527,-526
118000407,41,72,-31
118000457,1,20,-19
118000465,4493,2378,2115
118000480,9,211,-202
118000489,9,114,-105
118000490,18,448,-430
118000492,97,172,-75
118000510,49,15,34
118000514,166,402,-236
118000515,507,379,128
118000517,453,154,299
118000524,874,118,756
118000525,982,1075,-93
118000530,7,155,-148
118000531,117,280,-163
118000532,136,352,-216
118000533,346,160,186
118000534,420,461,-41
118000535,120,103,17
118000536,1221,496,725
118000537,34,73,-39
118000538,23,141,-118
118000539,13,87,-74
118000540,272,397,-125
118000541,129,160,-31
118000542,71,217,-146
118000543,264,246,18
118000546,16,39,-23
118000560,4272,658,3614
118000562,16,528,-512
118000563,2080,1593,487
118000576,100,236,-136
118000577,107,90,17
118000578,107,90,17
118000579,748,1015,-267
118000595,96,57,39
118000596,0,71,-71
118000597,45,125,-80
118000598,4,0,4
118000599,13,32,-19
118000600,1,50,-49
118000601,5,1,4
118000602,0,35,-35
118000603,0,19,-19
118900001,1516,718,798
118900002,1279,750,529
118900003,126,32,94
118900004,28,100,-72
118900005,25,2,23
118900006,42,6,36
118900007,5,5,0
118900008,1140,37,1103
118900009,19,12,7
118900010,51,4,47
118900011,84,9,75
118900012,343,230,113
118900013,661,53,608
118900015,74,11,63
118900016,1,19,-18
118900017,153,143,10
118900018,1347,13,1334
118900019,53,10,43
118900020,106,102,4
118900021,102,401,-299
118900022,61,187,-126
118900023,49,121,-72
118900024,39,244,-205
118900025,40,22,18
118900026,25,146,-121
118900027,371,251,120
118900028,52,188,-136
118900029,104,534,-430
118900030,84,66,18
118900031,79,127,-48
118900032,89,275,-186
118900033,173,808,-635
118900034,63,6,57
118900035,44,316,-272
118900036,686,685,1
118900037,222,387,-165
118900038,169,448,-279
118900039,256,334,-78
118900040,127,194,-67
118900041,150,204,-54
118900042,162,109,53
118900045,152,210,-58
118900046,742,98,644
118900047,972,219,753
118900048,111,145,-34
118900049,45,43,2
118900050,11,170,-159
118900051,30,43,-13
118900052,125,359,-234
118900053,37,90,-53
118900054,55,48,7
118900055,34,189,-155
118900056,29,144,-115
118900057,238,320,-82
118900058,193,546,-353
118900059,12,63,-51
118900060,20,90,-70
118900062,81,281,-200
118900064,709,268,441
118900065,19,143,-124
118900066,62,130,-68
118900067,8583,2130,6453
118900068,1,110,-109
118900069,233,320,-87
118900071,2,53,-51
118900072,291,403,-112
118900073,30,97,-67
118900074,51,173,-122
118900075,25,98,-73
118900076,223,77,146
118900077,235,239,-4
118900078,49,4,45
118900079,40,198,-158
118900080,11,77,-66
118900081,41,20,21
118900082,387,165,222
118900083,13,30,-17
118900084,10,22,-12
118900085,531,1163,-632
118900086,15,41,-26
118900087,10,104,-94
118900088,0,21,-21
118900089,37,8,29
118900090,435,579,-144
118900091,188,119,69
118900092,72,87,-15
118900093,83,13,70
118900096,21,14,7
118900097,105,941,-836
118900099,30,351,-321
118900100,135,314,-179
118900101,48,939,-891
118900102,18,63,-45
118900103,28,53,-25
118900104,57,243,-186
118900105,171,81,90
118900107,222,111,111
118900108,50,120,-70
118900109,1242,80,1162
118900110,2090,412,1678
118900111,185,926,-741
118900112,25,130,-105
118900113,62,929,-867
118900114,13,129,-116
118900115,69,392,-323
118900116,43,170,-127
118900117,55,151,-96
118900118,103,606,-503
118900119,62,336,-274
118900120,60,291,-231
118900121,5,333,-328
118900122,6,521,-515
118900123,88,274,-186
118900124,31,215,-184
118900126,11,239,-228
118900129,176,163,13
118900130,21,59,-38
118900131,57,322,-265
118900132,333,158,175
118900133,21,56,-35
118900135,134,288,-154
118900136,167,1121,-954
118900137,2,16,-14
118900139,63,748,-685
118900140,292,1171,-879
118900141,61,401,-340
118900144,83,884,-801
118900145,52,212,-160
118900146,193,1010,-817
118900147,64,65,-1
118900148,33,66,-33
118900150,90,304,-214
118900152,366,1284,-918
118900157,74,112,-38
118900158,38,137,-99
118900159,2,328,-326
118900161,99,3,96
118900163,303,126,177
118900164,6,164,-158
118900165,30,393,-363
118900166,20,4,16
118900167,34,245,-211
118900168,2,69,-67
118900169,77,582,-505
118900170,64,150,-86
118900171,4,15,-11
118900174,41,53,-12
118900175,167,413,-246
118900176,84,203,-119
118900177,11,69,-58
118900178,17,141,-124
118900179,0,67,-67
118900181,29,71,-42
118900182,91,28,63
118900183,19,53,-34
118900184,169,25,144
118900185,57,160,-103
118900186,66,107,-41
118900187,115,302,-187
118900188,180,320,-140
118900189,64,409,-345
118900190,12,900,-888
118900191,60,57,3
118900192,81,43,38
118900193,131,9,122
118900195,449,1194,-745
118900196,12,289,-277
118900197,76,150,-74
118900198,7,104,-97
118900199,20,81,-61
118900200,2,8,-6
118900201,9,12,-3
118900202,13,72,-59
118900203,4,76,-72
118900204,2,46,-44
118900205,7,10,-3
118900206,0,37,-37
119000001,967,1399,-432
119000002,3108,3219,-111
119000003,1484,1908,-424
119000004,1559,1434,125
119000005,1489,1621,-132
119000006,1261,1500,-239
119000007,2389,3010,-621
119000008,1584,2473,-889
119000009,4035,2445,1590
119000010,10483,4028,6455
119000011,7477,2034,5443
119000012,7209,3483,3726
119000013,2475,1230,1245
119000014,2871,4171,-1300
119000019,177,205,-28
119000020,885,1393,-508
119000021,2432,2173,259
119000022,4594,1499,3095
119000023,269,211,58
119000024,2757,5811,-3054
119000025,16059,1499,14560
119000026,271,225,46
119000027,746,469,277
119000028,2344,1526,818
119000029,146,261,-115
119000030,356,1055,-699
119000031,448,703,-255
119000032,2545,2302,243
119000033,1730,1970,-240
119000034,984,1146,-162
119000035,33,370,-337
119000036,828,1357,-529
119000037,1134,2994,-1860
119000038,71,1503,-1432
119000039,139,349,-210
119000040,1015,421,594
119000041,871,971,-100
119000048,4484,4759,-275
119000049,1007,4247,-3240
119000050,1584,2665,-1081
119000051,1684,1025,659
119000052,2317,3281,-964
119000053,1671,1106,565
119000054,2490,4768,-2278
119000055,2242,4830,-2588
119000056,1616,2292,-676
119000057,1237,3217,-1980
119000058,1690,2756,-1066
119000059,850,1688,-838
119000060,807,803,4
119000061,755,847,-92
119000062,770,1167,-397
119000063,223,240,-17
119000064,1134,1643,-509
119000065,1938,3437,-1499
119000066,1136,946,190
119000067,1632,3245,-1613
119000068,913,1028,-115
119000069,1137,3340,-2203
119000070,1316,1226,90
119000071,487,992,-505
119000072,7103,4248,2855
119000073,4652,5412,-760
119000074,605,4415,-3810
119000075,718,2750,-2032
119000076,407,853,-446
119000077,537,598,-61
119000078,229,327,-98
119000079,51,833,-782
119000080,115,267,-152
119000081,123,406,-283
119000082,365,282,83
119000083,223,286,-63
119000084,223,667,-444
119000085,605,371,234
119000086,233,338,-105
119000087,1751,1335,416
119000088,177,262,-85
119000089,72,127,-55
119000090,129,194,-65
119000091,111,254,-143
119000092,729,269,460
119000093,4568,4270,298
119000094,1903,6043,-4140
119000095,979,3524,-2545
119000097,2983,2056,927
119000098,590,1380,-790
119000099,2126,2203,-77
119000100,2135,2266,-131
119000101,2317,2630,-313
119000102,690,471,219
119000103,1327,484,843
119000104,3784,1676,2108
119000105,587,835,-248
119000106,207,2698,-2491
119000107,307,572,-265
119000108,192,1745,-1553
119000109,64,407,-343
119000110,396,473,-77
119000111,49,515,-466
119000112,164,123,41
119000113,3020,342,2678
119000114,652,426,226
119000115,191,140,51
119000116,105,60,45
119000117,86,324,-238
119000118,2,2,0
119000123,2770,722,2048
119000124,337,287,50
119000125,1524,1386,138
119000126,194,1237,-1043
119000127,216,1173,-957
119000128,50,6,44
119000131,506,1365,-859
119000132,3,6,-3
119000133,1,12,-11
119000134,3408,592,2816
119000135,28,291,-263
119000136,82,426,-344
119000137,97,883,-786
119000138,135,558,-423
119000139,78,454,-376
119000140,111,274,-163
119000284,1758,2981,-1223
119000285,2986,2349,637
119000286,7551,5448,2103
119000287,1177,2349,-1172
119000288,1755,2347,-592
119000289,2299,5191,-2892
119000290,125,546,-421
119000291,2,363,-361
119000293,47,140,-93
119000294,23,45,-22
119000295,2685,821,1864
119000296,71,97,-26
119000302,4568,1416,3152
119000303,27,193,-166
119000314,1841,5278,-3437
119000315,3,827,-824
119000316,17,108,-91
119000317,17,540,-523
119900001,149,640,-491
119900002,50,327,-277
119900003,67,1956,-1889
119900004,344,418,-74
119900005,60,196,-136
119900006,163,385,-222
119900007,608,71,537
119900008,32,41,-9
119900009,305,652,-347
119900010,1019,1272,-253
119900011,16,42,-26
119900012,18,30,-12
119900013,1382,655,727
119900014,543,271,272
119900015,53,20,33
119900016,18,148,-130
119900017,4,45,-41
119900018,1351,231,1120
119900019,20,3,17
119900020,67,172,-105
119900021,87,55,32
119900022,140,280,-140
119900023,1017,454,563
119900025,82,24,58
119900026,1338,77,1261
119900027,6,16,-10
119900028,179,46,133
119900029,4,5,-1
119900030,490,454,36
119900031,26,249,-223
119900033,2607,139,2468
119900034,92,190,-98
119900037,76,41,35
119900038,21,133,-112
119900039,31,6,25
119900040,87,10,77
119900041,46,80,-34
119900042,31,173,-142
119900043,40,206,-166
119900044,133,293,-160
119900046,47,137,-90
119900047,167,78,89
119900048,6,44,-38
119900049,14,6,8
119900050,66,50,16
119900051,305,13,292
119900052,12,89,-77
119900053,30,254,-224
119900054,17,3,14
119900055,524,308,216
119900057,74,121,-47
119900058,60,4,56
119900059,103,48,55
119900060,93,8,85
119900061,75,11,64
119900062,28,59,-31
119900063,9,45,-36
119900064,181,44,137
119900065,140,4,136
119900066,1,1,0
119900067,41,40,1
119900068,129,3,126
119900069,20,15,5
119900070,292,23,269
119900071,237,6,231
119900072,88,553,-465
119900073,2217,483,1734
119900074,27,23,4
119900075,7960,1989,5971
119900076,235,776,-541
119900077,334,1931,-1597
119900078,153,897,-744
119900079,56,487,-431
119900080,124,276,-152
119900081,5,71,-66
119900082,392,153,239
119900083,433,108,325
119900084,639,165,474
119900085,161,65,96
119900086,75,820,-745
119900087,312,137,175
119900088,44,72,-28
119900089,9,736,-727
119900090,205,77,128
119900091,40,1529,-1489
119900092,9,636,-627
119900093,704,85,619
119900094,3,158,-155
119900095,190,52,138
119900096,28,146,-118
119900097,429,113,316
119900098,23,69,-46
119900099,48,412,-364
119900100,3552,1438,2114
119900101,227,845,-618
119900102,25,446,-421
119900103,26,729,-703
119900104,34,395,-361
119900105,521,1588,-1067
119900106,10,331,-321
119900107,474,4561,-4087
119900108,2074,743,1331
119900109,33,326,-293
119900110,346,854,-508
119900111,44,536,-492
119900112,3627,513,3114
119900113,63,648,-585
119900114,114,2121,-2007
119900115,125,1754,-1629
119900116,135,199,-64
119900117,111,1399,-1288
119900118,28,1707,-1679
119900119,72,312,-240
119900120,693,1007,-314
119900121,116,2141,-2025
119900122,196,456,-260
119900123,179,283,-104
119900124,61,1510,-1449
119900125,74,555,-481
119900126,7634,258,7376
119900127,3915,1206,2709
119900128,222,1047,-825
119900129,92,1276,-1184
119900130,56,363,-307
119900131,22,483,-461
119900132,5,569,-564
119900133,24,35,-11
119900134,2900,329,2571
119900135,1,630,-629
119900136,194,729,-535
119900138,531,874,-343
119900139,9,79,-70
119900140,3,188,-185
119900141,160,313,-153
119900142,17,22,-5
119900143,6,265,-259
119900144,2831,311,2520
119900145,80,384,-304
119900146,135,144,-9
119900147,3,144,-141
119900148,77,62,15
119900149,2169,1939,230
119900150,226,272,-46
119900151,1606,931,675
119900152,52,627,-575
119900153,53,52,1
119900154,0,398,-398
119900155,17,21,-4
119900156,4,10,-6
119900157,27,415,-388
119900158,58,48,10
119900159,8,2337,-2329
119900160,16,421,-405
119900161,120,394,-274
119900162,708,640,68
119900163,124,101,23
119900164,0,2,-2
119900165,38,383,-345
119900166,56,29,27
119900167,81,168,-87
119900168,347,456,-109
119900169,112,199,-87
119900170,136,179,-43
119900171,496,621,-125
119900172,100,20,80
119900173,7,837,-830
119900174,3,393,-390
119900175,535,751,-216
119900177,12,338,-326
119900178,9,362,-353
119900179,39,150,-111
119900180,523,589,-66
119900181,15,51,-36
119900182,8,902,-894
119900183,138,1234,-1096
119900184,4680,713,3967
119900185,18,82,-64
119900186,46,268,-222
119900187,6,964,-958
119900188,23,381,-358
119900189,355,217,138
119900190,60,114,-54
119900191,320,81,239
119900192,33,254,-221
119900193,89,248,-159
119900194,10,36,-26
119900195,18,395,-377
119900196,2980,634,2346
119900197,148,125,23
119900198,55,536,-481
119900199,157,11,146
119900200,241,559,-318
119900201,564,348,216
119900202,212,75,137
119900203,124,311,-187
119900204,115,521,-406
119900205,198,901,-703
119900206,42,150,-108
119900208,76,143,-67
119900209,216,654,-438
119900210,8,48,-40
119900211,100,18,82
119900212,73,209,-136
119900213,5,65,-60
119900214,12,149,-137
119900215,8,168,-160
119900216,6,142,-136
119900217,8,98,-90
119900218,9,81,-72
119900219,6,149,-143
119900220,3,213,-210
119900221,25,639,-614
119900222,9,414,-405
119900223,17,167,-150
119900224,14,56,-42
119900225,1938,58,1880
119900226,1404,1090,314
119900227,1914,503,1411
119900228,36,413,-377
119900229,357,555,-198
119900230,1541,758,783
119900231,64,239,-175
119900232,175,47,128
119900233,27,2,25
119900234,9,125,-116
119900235,7,12,-5
119900236,8,321,-313
119900237,53,623,-570
119900238,1,119,-118
119900240,40,177,-137
119900241,118,303,-185
119900242,2199,1193,1006
119900244,837,1328,-491
119900245,52,137,-85
119900246,308,237,71
119900247,16,36,-20
119900248,43,50,-7
119900249,123,57,66
119900253,5444,416,5028
119900254,34,180,-146
119900255,47,667,-620
119900256,233,2102,-1869
119900257,13,0,13
119900258,21,5,16
119900259,6,335,-329
119900260,35,6,29
119900261,109,229,-120
119900262,1,431,-430
119900263,985,499,486
119900264,33,370,-337
119900265,133,524,-391
119900266,89,437,-348
119900267,83,500,-417
119900268,53,339,-286
119900269,209,1893,-1684
119900271,30,99,-69
119900272,75,37,38
119900275,41,1,40
119900276,23,1,22
119900277,23,26,-3
119900278,200,17,183
119900279,131,153,-22
119900280,1210,258,952
119900281,0,69,-69
119900282,83,17,66
119900283,9,522,-513
119900284,23,190,-167
119900285,15,67,-52
119900286,15,16,-1
119900288,3,62,-59
119900289,0,32,-32
119900290,2,48,-46
119900291,29,67,-38
119900292,12,10,2
119900293,14,32,-18
119900294,11,84,-73
119900295,4,18,-14
119900296,8,267,-259
119900297,0,25,-25
119900298,2,5,-3
119900299,20,342,-322
119900300,82,321,-239
119900301,109,22,87
119900302,95,63,32
119900303,120,282,-162
119900304,45,4,41
119900305,36,122,-86
119900306,19,6,13
119900307,29,204,-175
119900308,2,6,-4
119900309,8,30,-22
119900310,239,395,-156
119900311,28,217,-189
119900312,37,113,-76
119900313,124,535,-411
119900314,59,298,-239
119900315,613,4140,-3527
119900318,2,20,-18
119900319,12,536,-524
119900320,142,840,-698
119900321,24,1,23
120000001,10341,9157,1184
120000002,2325,3779,-1454
120000003,4271,2288,1983
120000004,3373,3092,281
120000005,5746,2466,3280
120000006,1289,1423,-134
120000007,4291,2584,1707
120000008,1093,1773,-680
120000009,6290,1193,5097
120000010,1669,4296,-2627
120000011,1303,2797,-1494
120000012,1849,4097,-2248
120000013,2262,3661,-1399
120000014,508,2065,-1557
120000015,2670,2095,575
120000016,3238,2621,617
120000017,2092,1803,289
120000018,6438,7056,-618
120000019,738,1038,-300
120000020,3216,2474,742
120000021,1868,1733,135
120000022,3160,3225,-65
120000023,862,1847,-985
120000024,1310,2344,-1034
120000025,1739,2512,-773
120000026,718,2068,-1350
120000027,1211,1728,-517
120000028,630,333,297
120000029,3050,459,2591
120000030,102,643,-541
120000031,2371,4969,-2598
120000032,13559,4252,9307
120000033,2555,2163,392
120000034,1117,2913,-1796
120000035,1377,2975,-1598
120000036,2420,4202,-1782
120000037,475,935,-460
120000038,14379,3724,10655
120000039,372,1182,-810
120000040,60,156,-96
120000041,453,2501,-2048
120000042,1513,6487,-4974
120000043,4985,3722,1263
120000044,2988,1276,1712
120000045,2992,1117,1875
120000046,1631,2018,-387
120000047,2854,2984,-130
120000048,11982,4018,7964
120000049,2763,3314,-551
120000050,2965,5552,-2587
120000051,5080,4798,282
120000052,19514,2897,16617
120000053,820,5726,-4906
120000054,1593,8310,-6717
120000055,991,5840,-4849
120000056,3420,6989,-3569
120000057,1489,1307,182
120000058,298,213,85
120000059,200,1232,-1032
120000061,55,891,-836
120000062,316,317,-1
120000063,2217,4160,-1943
120000064,201,2194,-1993
120000065,335,2381,-2046
120000066,92,768,-676
120000067,37,802,-765
120000068,149,1526,-1377
120000069,408,2007,-1599
120000070,37,1302,-1265
120000071,143,172,-29
120000072,217,537,-320
120000073,213,93,120
120000074,51,99,-48
120000075,226,222,4
120000076,771,341,430
120000077,859,387,472
120000078,3460,509,2951
120000079,91,70,21
120000080,33,88,-55
120000081,126,115,11
120000082,106,146,-40
120000083,45,237,-192
120000084,503,685,-182
120000085,449,453,-4
120000086,188,921,-733
120000087,134,1679,-1545
120000088,651,1920,-1269
120000089,845,718,127
120000090,333,576,-243
120000091,425,1013,-588
120000092,786,637,149
120000093,208,570,-362
120000094,114,495,-381
120000095,744,885,-141
120000096,200,1635,-1435
120000098,543,1474,-931
120000099,279,915,-636
120000100,543,1288,-745
120000101,357,616,-259
120000102,365,501,-136
120000103,862,403,459
120000104,1018,258,760
120000105,1501,275,1226
120000106,1116,326,790
120000107,1308,382,926
120000108,423,122,301
120000109,643,57,586
120000110,81,1271,-1190
120000111,110,1854,-1744
120000112,620,5774,-5154
120000113,481,4240,-3759
120000114,557,3711,-3154
120000115,363,2971,-2608
120000116,593,2644,-2051
120000117,1602,2038,-436
120000118,30,34,-4
120000119,38,69,-31
120000120,49,48,1
120000121,58,46,12
120000122,275,301,-26
120000123,8290,2732,5558
120000124,326,593,-267
120000125,217,778,-561
120000126,163,702,-539
120000127,1403,591,812
120000128,3235,1813,1422
120000129,329,241,88
120000130,771,922,-151
120000131,163,382,-219
120000134,270,1939,-1669
120000135,156,318,-162
120000137,102,3051,-2949
120000138,227,650,-423
120000139,123,1489,-1366
120000140,238,854,-616
120000141,86,722,-636
120000142,161,788,-627
120000143,1,148,-147
120000144,27,1,26
120000145,150,1,149
120000146,3045,838,2207
120000149,426,1330,-904
120000150,7371,8621,-1250
120000151,315,583,-268
120000152,292,367,-75
120000153,176,1084,-908
120000154,388,394,-6
120000155,100,202,-102
120000156,2089,502,1587
120000157,891,892,-1
120000158,598,1216,-618
120000159,2015,2748,-733
120000160,2191,1407,784
120000161,1021,3539,-2518
120000162,54,232,-178
120000163,240,2086,-1846
120000164,152,653,-501
120000165,176,1195,-1019
120000166,410,787,-377
120000167,7,41,-34
120000168,7,79,-72
120000169,94,185,-91
120000170,134,136,-2
120000171,20,49,-29
120000172,11,20,-9
120000173,2463,90,2373
120000174,258,6,252
120000175,681,9,672
120000176,233,52,181
120000177,1712,449,1263
120000178,117,0,117
120000179,430,23,407
120000180,646,76,570
120000181,136,90,46
120000182,70,76,-6
120000183,4,112,-108
120000184,94,1578,-1484
120000186,55,82,-27
120000187,82,39,43
120000188,244,42,202
120000190,1272,12,1260
120000191,2197,8,2189
120000192,2602,6,2596
120000193,854,3,851
120000195,54,3,51
120000196,251,44,207
120000197,78,116,-38
120000198,101,227,-126
120000199,19,0,19
120000200,39,1,38
120000201,5,14,-9
120000202,1,99,-98
120000203,23,591,-568
120000207,4,131,-127
120000208,6,463,-457
120000209,4,151,-147
120000210,215,137,78
120000211,43,3,40
120000212,37,0,37
120000213,59,527,-468
120000214,2,646,-644
120000215,6,253,-247
120000216,36,2,34
120000217,1039,2023,-984
120000218,303,1828,-1525
120000219,15,1235,-1220
120000220,22,4243,-4221
120000225,542,1,541
120000226,202,1,201
120000227,679,26,653
120000228,10074,1950,8124
120000230,140,17,123
120000231,572,3448,-2876
120000233,134,12,122
120000235,101,1060,-959
120000236,700,2,698
120000237,4,3353,-3349
120000238,1,74,-73
120000241,1234,3531,-2297
120000412,2545,13,2532
120000413,103,617,-514
120000414,31,3,28
120000415,2,323,-321
120000416,13,6,7
120000417,2,187,-185
120000418,64,16,48
120000419,9,677,-668
120000420,68,64,4
120000421,21184,7531,13653
120000422,292,369,-77
120000423,2,64,-62
120000424,44,253,-209
120000436,124,306,-182
120000437,205,278,-73
120000438,6325,421,5904
120000439,132,243,-111
120000443,85,1,84
120000444,537,718,-181
120000445,1556,1268,288
120000446,1187,435,752
120000447,77,4,73
120000449,62,12,50
120000450,5,644,-639
120000451,211,248,-37
120000452,70,3,67
120000453,0,595,-595
120000454,54,26,28
120000455,66,81,-15
120000456,4165,2553,1612
120000457,2500,1294,1206
120000458,549,932,-383
120000459,47,87,-40
120000665,1079,169,910
120000668,93,174,-81
120000669,97,654,-557
120000670,275,402,-127
120000671,480,288,192
120000672,79,590,-511
120900001,27,26,1
120900002,116,220,-104
120900003,177,36,141
120900004,16,18,-2
120900005,9,1313,-1304
120900006,128,221,-93
120900007,71,210,-139
120900008,91,1721,-1630
120900009,105,52,53
120900010,246,42,204
120900011,389,106,283
120900012,1486,658,828
120900013,222,29,193
120900014,4,1061,-1057
120900015,197,63,134
120900016,356,50,306
120900017,4194,149,4045
120900018,37,720,-683
120900019,340,104,236
120900020,692,574,118
120900021,359,53,306
120900022,14,542,-528
120900023,79,26,53
120900024,1734,532,1202
120900025,2664,880,1784
120900026,57,287,-230
120900027,515,116,399
120900028,143,37,106
120900029,133,196,-63
120900030,690,432,258
120900031,93,35,58
120900032,381,187,194
120900033,475,39,436
120900034,28,1581,-1553
120900035,42,361,-319
120900037,58,2,56
120900038,33,134,-101
120900039,44,37,7
120900040,129,2,127
120900041,105,21,84
120900042,107,89,18
120900043,13,10,3
120900044,6,577,-571
120900045,104,255,-151
120900046,128,5,123
120900047,59,38,21
120900048,55,14,41
120900049,132,2,130
120900050,5491,1044,4447
120900051,158,135,23
120900052,215,4,211
120900053,93,76,17
120900054,1500,1054,446
120900055,102,0,102
120900056,190,5,185
120900057,46,20,26
120900058,148,0,148
120900059,35,2,33
120900060,43,21,22
120900061,249,427,-178
120900062,74,0,74
120900063,185,2,183
120900064,139,1,138
120900065,130,11,119
120900066,87,390,-303
120900067,145,26,119
120900068,86,0,86
120900069,71,99,-28
120900071,21,0,21
120900072,265,1,264
120900073,177,353,-176
120900074,250,3,247
120900076,87,1,86
120900077,5868,405,5463
120900078,346,1236,-890
120900079,235,131,104
120900080,190,3370,-3180
120900081,301,2302,-2001
120900082,665,242,423
120900083,61,32,29
120900084,141,174,-33
120900085,146,89,57
120900086,194,192,2
120900087,206,83,123
120900088,152,178,-26
120900089,7184,1208,5976
120900090,44,252,-208
120900091,328,264,64
120900092,967,948,19
120900093,6057,420,5637
120900094,542,361,181
120900095,206,40,166
120900096,16,125,-109
120900097,682,1578,-896
120900098,277,273,4
120900099,87,110,-23
120900100,57,473,-416
120900101,495,435,60
120900102,14,83,-69
120900103,18,140,-122
120900104,127,66,61
120900105,35,1168,-1133
120900106,1633,892,741
120900107,477,253,224
120900108,4,1422,-1418
120900109,31,1104,-1073
120900110,10,691,-681
120900111,114,467,-353
120900112,9,1950,-1941
120900113,24,1339,-1315
120900114,18,329,-311
120900115,127,139,-12
120900116,90,938,-848
120900117,1,856,-855
120900118,8,1393,-1385
120900119,4351,3747,604
120900120,66,1093,-1027
120900121,91,608,-517
120900122,134,1079,-945
120900123,1,818,-817
120900124,4,1076,-1072
120900125,16,1672,-1656
120900126,1510,1068,442
120900127,8,838,-830
120900128,1068,1122,-54
120900129,80,629,-549
120900130,1,374,-373
120900131,22,73,-51
120900132,332,579,-247
120900133,224,1654,-1430
120900134,239,651,-412
120900135,3,974,-971
120900136,23,17,6
120900137,82,153,-71
120900138,20,329,-309
120900139,3,1203,-1200
120900140,1,64,-63
120900141,68,107,-39
120900142,23,1223,-1200
120900143,2,1562,-1560
120900144,0,340,-340
120900145,39,1168,-1129
120900146,2,1606,-1604
120900147,2,488,-486
120900148,63,121,-58
120900149,2,597,-595
120900150,19,853,-834
120900151,4,1041,-1037
120900152,0,72,-72
120900153,3,92,-89
120900154,0,452,-452
120900155,109,1702,-1593
120900156,13,567,-554
120900157,34,328,-294
120900158,12,742,-730
120900159,17,326,-309
120900160,12,478,-466
120900161,6,1216,-1210
120900162,9,1147,-1138
120900163,5,110,-105
120900164,0,0,0
120900165,0,1,-1
120900166,31,113,-82
120900167,155,124,31
120900169,22,801,-779
120900170,3460,1303,2157
120900171,1683,467,1216
120900172,1437,99,1338
120900173,2,104,-102
120900174,4,182,-178
120900175,314,330,-16
120900176,4,223,-219
120900177,0,373,-373
120900178,1,211,-210
120900179,882,588,294
120900180,116,81,35
120900181,93,118,-25
120900182,9,387,-378
120900183,319,101,218
120900184,126,76,50
120900185,3,490,-487
120900186,1,722,-721
120900187,240,616,-376
120900188,93,15,78
120900189,143,328,-185
120900190,29,9,20
120900191,4,30,-26
120900192,19090,2389,16701
120900194,14,79,-65
120900195,139,455,-316
120900196,471,45,426
120900197,363,79,284
120900198,207,907,-700
120900199,271,2014,-1743
120900200,144,105,39
120900201,958,241,717
120900202,2,314,-312
120900203,14,42,-28
120900204,458,575,-117
120900205,67,133,-66
120900206,3,12,-9
121000001,1172,1325,-153
121000002,2104,1185,919
121000003,5364,2447,2917
121000004,3149,3335,-186
121000005,2638,2933,-295
121000006,3686,1318,2368
121000007,3722,3043,679
121000008,6044,2754,3290
121000009,10592,5583,5009
121000010,12577,4379,8198
121000011,19079,11078,8001
121000012,24241,7936,16305
121000013,6689,6444,245
121000014,8511,6594,1917
121000015,5216,5655,-439
121000016,5330,3960,1370
121000017,1809,3890,-2081
121000018,2199,2008,191
121000019,22573,8292,14281
121000020,13666,7803,5863
121000021,3285,3368,-83
121000022,1591,1437,154
121000023,5199,3206,1993
121000024,2710,2929,-219
121000025,690,863,-173
121000026,257,103,154
121000027,1552,948,604
121000028,803,446,357
121000029,1020,700,320
121000030,153,114,39
121000031,488,658,-170
121000032,191,134,57
121000034,307,152,155
121000035,93,54,39
121000036,1112,909,203
121000037,502,579,-77
121000038,641,445,196
121000039,468,304,164
121000041,523,496,27
121000042,240,256,-16
121000043,1007,618,389
121000044,2281,621,1660
121000045,464,398,66
121000046,447,881,-434
121000047,41,112,-71
121000049,2265,715,1550
121000050,291,1014,-723
121000051,582,422,160
121000052,267,569,-302
121000053,375,52,323
121000054,44,177,-133
121000055,1880,1071,809
121000056,1094,1031,63
121000057,181,368,-187
121000058,438,101,337
121000059,2302,992,1310
121000060,418,606,-188
121000061,66,160,-94
121000062,128,193,-65
121000063,630,458,172
121000064,376,343,33
121000065,415,338,77
121000066,490,332,158
121000067,1367,287,1080
121000068,575,350,225
121000069,944,220,724
121000070,2172,1444,728
121000071,820,843,-23
121000072,1523,828,695
121000073,881,761,120
121000074,77,110,-33
121000075,78,27,51
121000076,1580,304,1276
121000077,222,51,171
121000078,87,97,-10
121000080,3387,677,2710
121000081,2827,1740,1087
121000082,127,251,-124
121000083,318,108,210
121000084,244,129,115
121000085,350,583,-233
121000086,162,916,-754
121000087,58,223,-165
121000088,382,922,-540
121000089,758,227,531
121000090,441,395,46
121000091,2358,586,1772
121000092,116,123,-7
121000093,133,203,-70
121000094,519,434,85
121000095,288,570,-282
121000096,2896,2465,431
121000097,2088,1736,352
121000098,239,1488,-1249
121000099,263,785,-522
121000100,291,686,-395
121000101,154,323,-169
121000102,90,483,-393
121000103,92,417,-325
121000104,90,225,-135
121000105,269,311,-42
121000106,147,432,-285
121000107,2439,4550,-2111
121000109,1869,1193,676
121000110,481,553,-72
121000114,2984,2543,441
121000115,812,831,-19
121000116,493,816,-323
121000117,1340,293,1047
121000118,1100,318,782
121000119,212,295,-83
121000120,156,498,-342
121000121,441,1103,-662
121000123,1453,774,679
121000126,101,291,-190
121000127,151,107,44
121000128,276,544,-268
121000129,365,442,-77
121000130,291,1284,-993
121000131,2867,1017,1850
121000132,1346,1130,216
121000135,627,518,109
121000136,1227,487,740
121000137,532,181,351
121000138,758,855,-97
121000139,582,154,428
121000141,244,115,129
121000142,949,472,477
121000143,180,18,162
121000144,1335,820,515
121000145,449,1299,-850
121000146,1035,796,239
121000147,520,417,103
121000148,662,1054,-392
121000149,1558,1091,467
121000152,461,744,-283
121000153,1736,651,1085
121000154,755,534,221
121000155,1073,1154,-81
121000156,353,888,-535
121000157,1742,2454,-712
121000158,408,598,-190
121000159,184,678,-494
121000160,230,845,-615
121000161,71,450,-379
121000162,40,479,-439
121000165,2424,1559,865
121000166,38,386,-348
121000168,172,262,-90
121000169,30,204,-174
121000170,164,58,106
121000171,39,199,-160
121000172,391,396,-5
121000173,1238,708,530
121000174,239,422,-183
121000175,479,649,-170
121000176,311,241,70
121000177,453,418,35
121000178,73,61,12
121000179,66,73,-7
121000181,269,382,-113
121000182,40,136,-96
121000183,38,64,-26
121000184,41,82,-41
121000185,9,119,-110
121000186,102,246,-144
121000187,136,379,-243
121000188,71,356,-285
121000192,559,367,192
121000193,709,425,284
121000194,3207,2498,709
121000195,535,1129,-594
121000196,652,162,490
121000197,248,964,-716
121000198,213,58,155
121000199,126,571,-445
121000200,245,72,173
121000201,7,262,-255
121000202,95,4,91
121000203,478,3103,-2625
121000204,1304,629,675
121000205,135,344,-209
121000206,124,40,84
121000207,1121,564,557
121000208,9,498,-489
121000209,125,516,-391
121000210,192,655,-463
121000211,105,112,-7
121000212,235,1024,-789
121000213,11344,3071,8273
121000214,979,1759,-780
121000215,1448,837,611
121000216,436,474,-38
121000217,5129,2292,2837
121000218,437,1927,-1490
121000219,1324,355,969
121000220,411,88,323
121000221,182,199,-17
121000222,2876,2615,261
121000223,560,282,278
121000224,385,146,239
121000225,1118,1005,113
121000226,2130,646,1484
121000227,5,286,-281
121000228,15,1057,-1042
121000229,69,580,-511
121000230,90,2247,-2157
121000231,363,16,347
121000232,428,208,220
121000233,443,381,62
121000234,24,70,-46
121000235,57,66,-9
121000236,2,60,-58
121000237,31,22,9
121000238,2,93,-91
121000239,24,17,7
121000240,3,201,-198
121000241,55,37,18
121000242,12,124,-112
121000243,314,31,283
121000244,0,66,-66
121000245,14,10,4
121000246,2,64,-62
121000247,17,5,12
121000248,592,535,57
121000249,37,243,-206
121000250,172,94,78
121000251,9,705,-696
121000252,39,37,2
121000253,125,613,-488
121000254,260,251,9
121000255,179,100,79
121000256,311,138,173
121000257,57,54,3
121000258,79,58,21
121000259,21,24,-3
121000260,27,132,-105
121000261,30,38,-8
121000262,1586,712,874
121000263,326,462,-136
121000271,237,1686,-1449
121000273,67,6,61
121000274,0,44,-44
121000275,1,32,-31
121000276,0,20,-20
121000278,11,66,-55
121000279,33,16,17
121000280,31,33,-2
121000289,159,22,137
121000290,1178,650,528
121000294,45,173,-128
121000297,1239,657,582
121000299,104,243,-139
121000300,974,568,406
121000302,84,640,-556
121000303,429,423,6
121000304,387,62,325
121000305,81,51,30
121000306,87,158,-71
121000308,203,427,-224
121000309,429,888,-459
121000310,86,533,-447
121000311,88,953,-865
121000312,343,226,117
121000313,787,779,8
121000314,105,78,27
121000315,31,69,-38
121000530,775,1679,-904
121000531,785,1582,-797
121000532,5479,4359,1120
121000533,2345,2457,-112
121000918,9,285,-276
121000919,10,72,-62
121000938,291,165,126
121000939,362,70,292
121000956,447,1727,-1280
121000957,5,7,-2
121000958,103,48,55
121000959,198,1227,-1029
121000960,1146,2735,-1589
121000961,96,31,65
121000962,306,655,-349
121000973,1,278,-277
121000976,7,156,-149
121000979,202,60,142
121000981,301,60,241
121000982,191,290,-99
121000983,239,493,-254
121000984,20,38,-18
121000985,258,919,-661
121000986,60,444,-384
121000987,181,2148,-1967
121000988,322,126,196
121001302,519,139,380
121001308,15,10,5
121001309,151,236,-85
121001313,45,412,-367
121001314,4854,5003,-149
121001315,4392,1726,2666
121900001,44,132,-88
121900002,43,24,19
121900003,361,16,345
121900004,125,449,-324
121900005,14,17,-3
121900006,88,12,76
121900007,2407,2663,-256
121900008,2820,130,2690
121900009,540,21,519
121900010,257,1,256
121900011,326,349,-23
121900012,3,1,2
121900013,961,29,932
121900014,1157,551,606
121900015,119,144,-25
121900016,7,32,-25
121900017,243,578,-335
121900018,272,9,263
121900019,164,258,-94
121900020,22,2,20
121900021,550,8,542
121900022,106,179,-73
121900023,53,478,-425
121900024,471,62,409
121900025,536,348,188
121900026,229,44,185
121900027,300,126,174
121900028,200,6,194
121900029,190,188,2
121900030,486,431,55
121900031,1127,3885,-2758
121900032,108,92,16
121900033,144,128,16
121900034,152,98,54
121900035,2844,1585,1259
121900036,41,439,-398
121900037,110,607,-497
121900038,28,136,-108
121900039,560,18,542
121900040,18,82,-64
121900041,88,133,-45
121900042,291,133,158
121900043,1,3,-2
121900044,275,25,250
121900045,348,325,23
121900046,212,191,21
121900047,118,26,92
121900048,23,189,-166
121900050,12,29,-17
121900051,87,189,-102
121900052,82,39,43
121900053,216,226,-10
121900054,431,811,-380
121900055,0,10,-10
121900058,74,345,-271
121900059,222,98,124
121900060,88,301,-213
121900061,131,122,9
121900062,52,58,-6
121900063,633,255,378
121900064,134,903,-769
121900066,23,29,-6
121900067,10,26,-16
121900069,203,154,49
121900070,248,116,132
121900071,92,274,-182
121900072,25,195,-170
121900073,248,189,59
121900074,648,509,139
121900075,548,250,298
121900076,224,621,-397
121900077,5,90,-85
121900078,21,76,-55
121900079,0,1,-1
121900080,527,469,58
121900082,22,113,-91
121900083,196,236,-40
121900084,0,222,-222
121900085,1,21,-20
121900086,4,69,-65
121900087,360,101,259
121900088,3571,1958,1613
121900089,49,396,-347
121900090,14,142,-128
121900091,11,145,-134
121900092,33,134,-101
121900093,83,55,28
121900094,15,9,6
121900095,183,118,65
121900096,1788,424,1364
121900097,177,102,75
121900098,0,5,-5
121900099,68,102,-34
121900100,142,127,15
121900101,62,89,-27
121900102,8,116,-108
121900103,511,164,347
121900104,878,271,607
121900105,87,61,26
121900106,6,2,4
121900107,18,32,-14
121900108,1,25,-24
121900109,491,92,399
121900110,145,1565,-1420
121900111,789,92,697
121900112,194,101,93
121900113,45,191,-146
121900114,15,34,-19
121900115,105,327,-222
121900117,272,28,244
121900118,2499,333,2166
121900119,67,126,-59
121900120,22,1472,-1450
121900121,476,84,392
121900122,13,19,-6
121900123,268,514,-246
121900124,102,174,-72
121900125,1138,1277,-139
121900127,6,85,-79
121900128,61,185,-124
121900129,1444,62,1382
121900130,98,230,-132
121900131,165,107,58
121900132,40,182,-142
121900133,65,153,-88
121900134,7,105,-98
121900135,2761,296,2465
121900136,101,487,-386
121900137,35,285,-250
121900138,65,319,-254
121900139,352,389,-37
121900140,35,171,-136
121900141,11,21,-10
121900142,40,129,-89
121900143,3,125,-122
121900144,204,329,-125
121900145,124,169,-45
121900146,712,803,-91
121900147,57,235,-178
121900148,105,212,-107
121900149,367,773,-406
121900150,61,208,-147
121900151,55,200,-145
121900152,64,126,-62
121900153,74,406,-332
121900154,15,109,-94
121900155,0,85,-85
121900156,145,133,12
121900157,0,434,-434
121900158,83,82,1
121900159,4,199,-195
121900160,15,181,-166
121900161,539,334,205
121900162,135,103,32
121900163,39,842,-803
121900164,466,220,246
121900165,157,173,-16
121900166,59,152,-93
121900167,139,91,48
121900168,295,113,182
121900169,4,354,-350
121900170,14,182,-168
121900171,500,664,-164
121900172,178,307,-129
121900173,986,151,835
121900174,9,41,-32
121900175,70,176,-106
121900176,474,1906,-1432
121900177,93,41,52
121900178,5,5,0
121900179,160,105,55
121900180,7496,2419,5077
121900182,607,367,240
121900183,372,546,-174
121900184,37,624,-587
121900185,131,137,-6
121900186,5,430,-425
121900187,10,118,-108
121900188,580,323,257
121900189,25,90,-65
121900190,152,498,-346
121900191,92,142,-50
121900192,565,448,117
121900193,6,33,-27
121900194,2,159,-157
121900195,98,90,8
121900196,716,863,-147
121900197,317,2248,-1931
121900198,1067,961,106
121900199,2,23,-21
121900200,41,184,-143
121900201,1119,471,648
121900202,204,404,-200
121900203,389,789,-400
121900204,1334,702,632
121900205,50,282,-232
121900206,8,12,-4
121900207,193,39,154
121900208,124,279,-155
121900209,38,31,7
121900210,811,1161,-350
121900211,1,123,-122
121900212,125,119,6
121900213,57,126,-69
121900214,2,376,-374
121900215,37,77,-40
121900216,19,83,-64
121900217,211,67,144
121900218,303,466,-163
121900219,294,56,238
121900220,104,8,96
121900221,227,795,-568
121900222,68,184,-116
121900223,115,80,35
121900224,44,75,-31
121900225,79,45,34
121900226,257,1578,-1321
121900227,86,359,-273
121900228,213,307,-94
121900229,153,225,-72
121900230,81,81,0
121900231,620,283,337
121900232,320,380,-60
121900233,314,333,-19
121900234,164,380,-216
121900235,240,231,9
121900236,291,133,158
121900237,178,209,-31
121900238,86,261,-175
121900239,95,48,47
121900240,124,166,-42
121900241,47,97,-50
121900242,1,0,1
121900243,0,0,0
121900244,3,0,3
121900245,165,203,-38
121900246,1155,481,674
121900247,268,257,11
121900248,1289,941,348
121900250,535,247,288
121900251,264,15,249
121900252,1013,132,881
121900253,106,851,-745
121900254,674,249,425
121900255,104,72,32
121900258,2745,1943,802
121900259,389,486,-97
121900260,52,263,-211
121900261,75,409,-334
121900262,329,604,-275
121900263,113,261,-148
121900264,2710,1428,1282
121900265,139,357,-218
121900266,149,185,-36
121900267,22,14,8
121900269,144,251,-107
121900270,12,152,-140
121900271,23,190,-167
121900273,467,1214,-747
121900274,140,210,-70
121900276,404,86,318
121900277,262,1629,-1367
121900278,93,970,-877
121900279,145,342,-197
121900280,206,280,-74
121900281,646,77,569
121900284,89,10,79
121900286,72,140,-68
121900287,7,16,-9
121900290,202,232,-30
121900291,430,628,-198
121900292,124,91,33
121900293,951,3310,-2359
121900294,295,1,294
121900295,52,246,-194
121900296,89,22,67
121900298,393,397,-4
121900299,0,0,0
121900300,1,0,1
121900301,13,0,13
121900302,1,98,-97
121900303,175,548,-373
121900304,1,1,0
121900305,0,0,0
121900306,29,0,29
121900307,13,32,-19
121900308,5,365,-360
121900309,9,298,-289
121900310,17,581,-564
121900311,119,14,105
121900312,80,0,80
121900313,140,13,127
121900314,0,79,-79
121900315,2,1,1
121900316,0,13,-13
121900317,1,2,-1
121900318,0,25,-25
121900319,15,3,12
121900320,67,71,-4
121900321,0,0,0
121900322,0,26,-26
121900323,12,12,0
121900324,0,32,-32
121900325,5,1,4
121900326,4,18,-14
121900327,0,55,-55
121900328,0,22,-22
121900329,4,154,-150
121900330,3,57,-54
121900331,281,24,257
121900332,32,12,20
122000001,3116,2751,365
122000002,6022,1117,4905
122000003,2739,1351,1388
122000004,3159,879,2280
122000005,2881,872,2009
122000006,2384,430,1954
122000007,1245,1051,194
122000008,7843,3772,4071
122000009,655,183,472
122000010,2408,2276,132
122000011,3969,907,3062
122000012,1235,966,269
122000013,2078,1202,876
122000014,1558,1874,-316
122000015,1392,941,451
122000016,350,777,-427
122000017,1132,1161,-29
122000018,1370,1124,246
122000019,734,1621,-887
122000020,221,167,54
122000021,715,423,292
122000022,1487,1708,-221
122000023,443,3335,-2892
122000024,1224,791,433
122000025,2283,919,1364
122000026,2261,734,1527
122000027,740,4554,-3814
122000028,773,358,415
122000029,460,208,252
122000030,453,91,362
122000031,127,159,-32
122000032,1531,3297,-1766
122000033,834,681,153
122000034,610,605,5
122000035,394,736,-342
122000036,359,618,-259
122000037,418,273,145
122000038,290,380,-90
122000039,672,447,225
122000040,400,300,100
122000041,430,510,-80
122000042,220,386,-166
122000043,189,86,103
122000044,210,123,87
122000045,1356,605,751
122000046,653,1121,-468
122000047,211,138,73
122000048,2987,3467,-480
122000049,5130,2245,2885
122000050,1658,569,1089
122000051,343,402,-59
122000052,436,185,251
122000053,98,424,-326
122000054,2258,1710,548
122000055,2188,2155,33
122000056,4855,2698,2157
122000057,3759,2255,1504
122000058,4196,969,3227
122000059,3822,1231,2591
122000060,1163,478,685
122000061,595,169,426
122000062,1061,236,825
122000063,1106,457,649
122000064,3569,2954,615
122000065,5502,3132,2370
122000066,1196,1191,5
122000067,1237,1475,-238
122000068,834,1196,-362
122000069,571,850,-279
122000070,608,3545,-2937
122000071,963,2041,-1078
122000072,305,286,19
122000073,413,389,24
122000074,2233,1383,850
122000075,404,1411,-1007
122000076,1580,1058,522
122000077,1190,526,664
122000078,2921,1510,1411
122000079,1466,625,841
122000080,804,315,489
122000081,163,222,-59
122000082,1362,813,549
122000083,1315,4242,-2927
122000084,952,690,262
122000085,197,2106,-1909
122000086,2419,3565,-1146
122000087,514,170,344
122000088,560,259,301
122000089,8144,3194,4950
122000090,339,344,-5
122000091,466,75,391
122000092,187,20,167
122000093,1748,1085,663
122000094,8294,1410,6884
122000095,4958,1682,3276
122000096,3905,1108,2797
122000098,3769,1378,2391
122000099,2924,671,2253
122000100,1863,615,1248
122000101,222,1003,-781
122000102,1664,1249,415
122000103,1619,1456,163
122000104,246,173,73
122000105,259,239,20
122000106,770,455,315
122000107,920,520,400
122000108,357,829,-472
122000109,219,308,-89
122000110,330,553,-223
122000111,2753,1024,1729
122000112,608,1215,-607
122000113,511,650,-139
122000114,3745,1641,2104
122000115,1878,1430,448
122000116,440,547,-107
122000117,905,336,569
122000118,374,495,-121
122000119,3195,1603,1592
122000120,4603,2688,1915
122000121,5136,2591,2545
122000122,628,1335,-707
122000123,2706,1331,1375
122000124,1341,453,888
122000125,516,674,-158
122000126,906,748,158
122000127,1846,888,958
122000128,536,1058,-522
122000129,353,416,-63
122000130,2359,478,1881
122000131,2800,575,2225
122000132,1304,584,720
122000133,1173,2538,-1365
122000134,451,477,-26
122000135,543,1003,-460
122000136,344,191,153
122000137,957,665,292
122000139,1535,2968,-1433
122000140,1197,504,693
122000141,7032,999,6033
122000142,520,632,-112
122000143,790,172,618
122000144,2624,853,1771
122000145,2851,794,2057
122000146,1503,1109,394
122000147,1118,309,809
122000148,3139,1331,1808
122000149,2184,1022,1162
122000150,1421,850,571
122000151,451,337,114
122000152,604,368,236
122000153,535,305,230
122000154,381,166,215
122000155,1887,1735,152
122000156,3011,1795,1216
122000157,2483,1191,1292
122000158,392,522,-130
122000159,1645,1639,6
122000160,8196,819,7377
122000161,1578,669,909
122000162,2213,1485,728
122000163,342,50,292
122000164,41,82,-41
122000165,861,783,78
122000166,1012,1046,-34
122000167,222,227,-5
122000168,251,469,-218
122000169,723,148,575
122000170,281,299,-18
122000171,50,92,-42
122000172,1506,1448,58
122000173,1667,2131,-464
122000174,1971,671,1300
122000175,1432,343,1089
122000176,361,577,-216
122000177,1776,1185,591
122000178,3790,2551,1239
122000179,2365,2367,-2
122000180,2403,949,1454
122000181,2357,2364,-7
122000182,3359,896,2463
122000183,2130,837,1293
122000184,4068,1544,2524
122000185,1629,996,633
122000186,694,767,-73
122000187,1789,1275,514
122000188,522,187,335
122000189,302,324,-22
122000190,1001,954,47
122000191,1249,490,759
122000192,1038,343,695
122000193,360,779,-419
122000194,530,168,362
122000195,112,452,-340
122000196,866,614,252
122000197,427,783,-356
122000198,536,994,-458
122000199,295,342,-47
122000200,1364,616,748
122000201,1367,1496,-129
122000202,1387,1211,176
122000203,3031,1442,1589
122000204,1496,1936,-440
122000205,1318,1010,308
122000206,2064,1144,920
122000207,1125,1483,-358
122000208,2100,1437,663
122000209,2815,342,2473
122000210,1592,2207,-615
122000211,1347,1419,-72
122000212,549,440,109
122000213,1139,909,230
122000214,1632,1479,153
122000215,2119,1286,833
122000217,2124,1517,607
122000218,731,71,660
122000219,1987,1111,876
122000220,494,894,-400
122000221,157,397,-240
122000222,707,70,637
122000223,1179,445,734
122000225,660,329,331
122000226,1196,2111,-915
122000227,260,1946,-1686
122000228,264,454,-190
122000229,13,373,-360
122000230,46,925,-879
122000231,158,811,-653
122000232,684,441,243
122000233,0,64,-64
122000234,140,226,-86
122000235,377,266,111
122000236,398,222,176
122000237,58,57,1
122000238,87,156,-69
122000239,386,103,283
122000240,747,371,376
122000241,92,194,-102
122000242,424,55,369
122000243,29,25,4
122000244,8,286,-278
122000245,16,80,-64
122000246,10,59,-49
122000247,473,489,-16
122000248,1067,2374,-1307
122000249,253,498,-245
122000250,1284,507,777
122000251,290,329,-39
122000252,791,104,687
122000253,26,319,-293
122000254,168,72,96
122000255,574,2453,-1879
122000256,348,1685,-1337
122000257,109,518,-409
122000258,53,199,-146
122000259,10,869,-859
122000260,8,186,-178
122000261,1,162,-161
122000262,0,62,-62
122000263,91,170,-79
122000264,546,494,52
122000265,1773,727,1046
122000266,5005,560,4445
122000267,73,111,-38
122000268,156,388,-232
122000269,676,278,398
122000270,705,127,578
122000271,255,1382,-1127
122000272,333,1284,-951
122000273,259,543,-284
122000274,68,226,-158
122000275,35,196,-161
122000276,293,736,-443
122000277,544,1439,-895
122000278,582,1236,-654
122000279,170,724,-554
122000280,632,942,-310
122000281,599,782,-183
122000282,104,269,-165
122000283,193,105,88
122000284,91,77,14
122000285,356,131,225
122000286,98,194,-96
122000287,607,1524,-917
122000288,256,217,39
122000291,680,426,254
122000293,329,348,-19
122000294,71,136,-65
122000295,1027,135,892
122000296,60,561,-501
122000297,3663,1987,1676
122000299,398,424,-26
122000300,787,537,250
122000301,16915,2402,14513
122000302,663,645,18
122000303,5008,1409,3599
122000304,29,179,-150
122000305,636,320,316
122000306,14,907,-893
122000307,268,100,168
122000309,36,55,-19
122000310,4,21,-17
122000311,52,44,8
122000312,46,35,11
122000313,13,39,-26
122000314,68,270,-202
122000315,109,27,82
122000316,298,254,44
122000317,715,194,521
122000318,366,432,-66
122000319,334,720,-386
122000320,302,3050,-2748
122000321,89,360,-271
122000322,2589,2150,439
122000323,1808,1333,475
122000324,1564,1098,466
122000325,1035,922,113
122000326,26,163,-137
122000327,276,494,-218
122000328,1462,1359,103
122000330,2516,609,1907
122000332,191,349,-158
122000333,2,203,-201
122000337,608,2605,-1997
122000338,333,611,-278
122000340,524,245,279
122000342,2075,1226,849
122000343,248,355,-107
122000344,15,36,-21
122000345,16,61,-45
122000346,222,43,179
122000348,599,910,-311
122000349,113,476,-363
122000351,36,250,-214
122000352,322,57,265
122000353,42,140,-98
122000355,131,202,-71
122000356,2011,942,1069
122000357,23,16,7
122000358,0,82,-82
122000359,0,52,-52
122000360,0,84,-84
122000362,12,99,-87
122000364,136,586,-450
122000365,0,28,-28
122000366,4,13,-9
122000368,360,1013,-653
122000370,18,98,-80
122000371,2,0,2
122000372,6,1,5
122000381,70,410,-340
122000382,52,228,-176
122000384,5067,2315,2752
122000385,13,0,13
122000386,555,878,-323
122000387,365,573,-208
122000388,1554,324,1230
122000389,198,889,-691
122000390,334,240,94
122000391,289,111,178
122000392,180,269,-89
122000393,10,211,-201
122000394,241,335,-94
122000395,98,176,-78
122000396,249,142,107
122000397,47,114,-67
122000398,12,27,-15
122000399,62,83,-21
122000400,194,282,-88
122000401,127,111,16
122000402,158,77,81
122000403,292,1567,-1275
122000404,98,410,-312
122000408,717,1165,-448
122000503,10,97,-87
122000524,270,136,134
122000544,54,1851,-1797
122000616,1027,1,1026
122000640,24,275,-251
122000641,29,641,-612
122000642,648,1684,-1036
122000643,7,88,-81
122000644,197,24,173
122000645,102,258,-156
122000651,2177,697,1480
122000664,85,40,45
122000665,1126,588,538
122000666,571,1091,-520
122000673,16,401,-385
122000674,67,53,14
122000675,1005,1286,-281
122000686,158,1564,-1406
122000687,381,434,-53
122000688,132,1009,-877
122000689,334,795,-461
122000690,496,795,-299
122000691,264,3098,-2834
122000692,728,393,335
122000693,414,2090,-1676
122000695,151,685,-534
122000696,116,486,-370
122000698,86,1309,-1223
122000699,157,139,18
122000701,884,438,446
122000702,416,2500,-2084
122000703,200,41,159
122000717,143,54,89
122000718,322,333,-11
122000719,62,81,-19
122000720,78,361,-283
122900001,20,1,19
122900002,993,1716,-723
122900003,258,33,225
122900004,961,20,941
122900005,46,100,-54
122900006,487,497,-10
122900007,163,10,153
122900008,613,56,557
122900009,1290,287,1003
122900010,192,160,32
122900012,352,439,-87
122900014,131,396,-265
122900015,3245,405,2840
122900016,42,430,-388
122900017,523,1077,-554
122900018,226,6,220
122900019,20,184,-164
122900020,369,539,-170
122900021,40,797,-757
122900022,311,1117,-806
122900023,209,348,-139
122900024,147,82,65
122900025,13,202,-189
122900026,164,379,-215
122900027,70,722,-652
122900028,266,740,-474
122900029,5817,2025,3792
122900030,1544,559,985
122900031,134,120,14
122900032,130,283,-153
122900033,134,175,-41
122900034,3866,3767,99
122900035,8,6,2
122900036,10,145,-135
122900037,350,131,219
122900038,206,1825,-1619
122900039,103,345,-242
122900040,202,445,-243
122900041,148,306,-158
122900042,126,338,-212
122900043,330,216,114
122900044,78,347,-269
122900045,21,88,-67
122900046,104,126,-22
122900047,190,111,79
122900048,34,157,-123
122900049,1725,125,1600
122900051,119,118,1
122900052,41,98,-57
122900053,13,18,-5
122900055,221,106,115
122900057,338,33,305
122900061,520,149,371
122900062,381,348,33
122900063,106,544,-438
122900064,1105,793,312
122900065,253,151,102
122900066,338,238,100
122900067,1930,1035,895
122900068,202,454,-252
122900069,169,1037,-868
122900070,221,50,171
122900071,60,549,-489
122900072,17,703,-686
122900073,42,297,-255
122900074,119,858,-739
122900075,1,62,-61
122900076,8,213,-205
122900077,0,235,-235
122900078,49,206,-157
122900080,55,15,40
122900081,174,132,42
122900082,612,213,399
122900083,151,78,73
122900084,3,223,-220
122900086,3,25,-22
122900087,84,727,-643
122900088,100,66,34
122900089,8,268,-260
122900090,13,812,-799
122900091,77,0,77
122900092,2,247,-245
122900093,3,446,-443
122900094,2,314,-312
122900095,77,5,72
122900096,57,275,-218
122900097,58,5,53
122900098,63,137,-74
122900099,1,2,-1
122900100,373,160,213
122900101,630,173,457
123000001,2284,346,1938
123000002,7372,2424,4948
123000003,4088,2474,1614
123000004,3816,5404,-1588
123000005,2389,2350,39
123000006,3141,3396,-255
123000007,2418,2020,398
123000008,2285,3381,-1096
123000009,4859,3385,1474
123000010,4372,4723,-351
123000011,3405,995,2410
123000012,1068,2775,-1707
123000013,3318,993,2325
123000014,1440,4305,-2865
123000015,6542,721,5821
123000016,8178,2785,5393
123000017,3835,1591,2244
123000018,68,94,-26
123000019,102,627,-525
123000020,59,167,-108
123000021,59,200,-141
123000022,433,1044,-611
123000023,1232,1284,-52
123000024,895,533,362
123000025,15,112,-97
123000026,3,98,-95
123000027,379,504,-125
123000028,796,652,144
123000029,809,693,116
123000030,95,1028,-933
123000031,207,547,-340
123000032,225,358,-133
123000033,166,52,114
123000034,578,542,36
123000035,240,290,-50
123000036,275,530,-255
123000037,215,501,-286
123000038,115,297,-182
123000039,578,931,-353
123000040,1183,521,662
123000041,1214,572,642
123000042,898,500,398
123000043,4754,4363,391
123000044,8190,2285,5905
123000045,14264,1734,12530
123000046,1023,776,247
123000047,3271,1040,2231
123000048,94,311,-217
123000049,9325,4407,4918
123000050,782,1111,-329
123000051,78,103,-25
123000052,614,2336,-1722
123000053,2703,2708,-5
123000054,1228,1122,106
123000055,978,1282,-304
123000056,1135,1961,-826
123000057,22518,5763,16755
123000058,645,602,43
123000059,373,538,-165
123000060,719,393,326
123000061,141,750,-609
123000063,769,703,66
123000064,924,214,710
123000065,9119,3893,5226
123000066,1508,906,602
123000067,370,691,-321
123000068,3701,3631,70
123000069,12407,4265,8142
123000070,376,1023,-647
123000071,712,1458,-746
123000072,1004,2103,-1099
123000073,708,790,-82
123000074,837,2463,-1626
123000075,419,745,-326
123000076,399,1368,-969
123000077,1994,4848,-2854
123000078,931,1891,-960
123000079,950,2484,-1534
123000080,2007,3672,-1665
123000081,248,1013,-765
123000082,488,1562,-1074
123000083,896,118,778
123000084,229,783,-554
123000085,71,129,-58
123000086,158,573,-415
123000087,87,676,-589
123000088,719,1684,-965
123000089,358,1553,-1195
123000090,1104,1580,-476
123000091,1710,1411,299
123000092,1030,1282,-252
123000094,434,291,143
123000095,323,670,-347
123000096,279,543,-264
123000097,254,1068,-814
123000098,319,625,-306
123000099,402,644,-242
123000100,466,474,-8
123000101,758,359,399
123000102,499,509,-10
123000104,404,236,168
123000105,692,684,8
123000106,632,286,346
123000107,621,544,77
123000108,1190,1627,-437
123000111,532,303,229
123000112,468,625,-157
123000113,514,2273,-1759
123000114,412,285,127
123000115,200,343,-143
123000116,22,128,-106
123000117,1379,2802,-1423
123000118,443,1152,-709
123000119,204,1439,-1235
123000120,426,1153,-727
123000121,322,735,-413
123000122,416,311,105
123000123,392,611,-219
123000124,677,670,7
123000125,1058,657,401
123000126,2282,1855,427
123000127,1703,939,764
123000128,279,529,-250
123000129,327,188,139
123000130,370,72,298
123000131,556,491,65
123000132,424,604,-180
123000133,585,435,150
123000134,679,181,498
123000135,1212,1397,-185
123000136,252,1908,-1656
123000137,132,603,-471
123000138,78,635,-557
123000139,264,99,165
123000140,202,939,-737
123000141,871,70,801
123000142,971,1239,-268
123000143,1183,2739,-1556
123000144,18,12,6
123000145,220,173,47
123000146,122,101,21
123000147,102,114,-12
123000149,292,325,-33
123000150,247,214,33
123000151,251,488,-237
123000152,37,388,-351
123000153,135,477,-342
123000154,2467,1410,1057
123000155,2578,790,1788
123000156,28,86,-58
123000157,466,902,-436
123000158,877,475,402
123000159,3174,1784,1390
123000160,595,445,150
123000161,1188,852,336
123000162,464,1311,-847
123000163,218,48,170
123000164,750,183,567
123000165,408,2418,-2010
123000166,30,168,-138
123000167,59,348,-289
123000168,188,458,-270
123000169,360,81,279
123000170,22,789,-767
123000171,193,138,55
123000172,263,828,-565
123000173,557,145,412
123000174,736,191,545
123000175,1231,1864,-633
123000176,873,157,716
123000177,452,1426,-974
123000178,526,65,461
123000179,53,955,-902
123000180,1195,234,961
123000181,351,1764,-1413
123000182,115,707,-592
123000183,157,154,3
123000184,73,984,-911
123000185,253,363,-110
123000186,3,934,-931
123000187,359,3,356
123000188,119,2,117
123000189,119,228,-109
123000190,15,58,-43
123000192,7,461,-454
123000193,35,800,-765
123000194,517,290,227
123000195,218,6,212
123000196,223,3,220
123000197,13,142,-129
123000198,5,234,-229
123000199,3,503,-500
123000200,187,6,181
123000201,509,15,494
123000202,20,1834,-1814
123000203,520,43,477
123000204,64,1460,-1396
123000205,324,2582,-2258
123000206,1099,82,1017
123000207,97,1154,-1057
123000208,164,67,97
123000209,977,236,741
123000210,391,2039,-1648
123000211,720,3977,-3257
123000212,1484,367,1117
123000213,288,42,246
123000215,149,98,51
123000216,225,368,-143
123000217,197,34,163
123000218,127,395,-268
123000219,1417,34,1383
123000220,453,78,375
123000221,94,223,-129
123000222,279,1007,-728
123000223,142,834,-692
123000224,322,726,-404
123000225,264,95,169
123000226,154,545,-391
123000227,80,506,-426
123000228,228,55,173
123000229,1393,2204,-811
123000232,99,705,-606
123000233,497,175,322
123000234,126,830,-704
123000235,446,385,61
123000236,166,1109,-943
123000237,210,54,156
123000238,70,794,-724
123000239,553,2619,-2066
123000240,42,291,-249
123000241,1209,169,1040
123000242,91,232,-141
123000243,447,1225,-778
123000244,832,516,316
123000245,78,160,-82
123000249,385,673,-288
123000252,721,172,549
123000253,563,404,159
123000254,397,1280,-883
123000255,733,788,-55
123000256,24,356,-332
123000257,4468,3363,1105
123000258,993,1533,-540
123000259,125,450,-325
123000260,327,890,-563
123000261,80,356,-276
123000262,160,332,-172
123000263,280,120,160
123000264,241,58,183
123000265,81,173,-92
123000266,422,732,-310
123000267,238,329,-91
123000268,25,59,-34
123000269,10,39,-29
123000270,15,60,-45
123000271,28,103,-75
123000272,718,172,546
123000273,176,408,-232
123000274,905,356,549
123000275,366,1289,-923
123000278,4061,2640,1421
123000279,33,83,-50
123000280,199,392,-193
123000281,136,65,71
123000282,72,252,-180
123000283,75,26,49
123000284,32,166,-134
123000286,349,237,112
123000287,593,249,344
123000288,813,576,237
123000289,452,593,-141
123000291,422,997,-575
123000294,207,271,-64
123000295,888,1393,-505
123000296,202,726,-524
123000297,42,174,-132
123000298,49,157,-108
123000299,6,83,-77
123000300,438,730,-292
123000301,57,155,-98
123000302,148,297,-149
123000303,33,182,-149
123000305,1108,921,187
123000306,40,357,-317
123000309,37,61,-24
123000310,52,40,12
123000311,0,158,-158
123000312,637,1242,-605
123000313,170,259,-89
123000315,198,529,-331
123000316,1649,37,1612
123000317,274,62,212
123000318,35,332,-297
123000329,16,22,-6
123000337,89,246,-157
123000338,571,80,491
123000339,89,343,-254
123000340,180,595,-415
123000342,0,7,-7
123000343,64,2,62
123000344,1243,507,736
123000345,418,752,-334
123000346,127,77,50
123000352,2889,928,1961
123000353,29,141,-112
123000354,115,5,110
123000355,1,400,-399
123000356,103,8,95
123000357,2,393,-391
123000359,4,415,-411
123000360,133,15,118
123000361,643,293,350
123000362,209,151,58
123000363,81,341,-260
123000364,446,280,166
123000365,38,282,-244
123000366,323,1359,-1036
123000367,214,1156,-942
123000370,5,391,-386
123000371,85,11,74
123000372,166,9,157
123000373,4,503,-499
123000374,5,226,-221
123000375,197,20,177
123000376,576,557,19
123000377,362,13,349
123000378,3,706,-703
123000379,2,294,-292
123000380,75,224,-149
123000381,128,43,85
123000382,1768,49,1719
123000383,262,690,-428
123000384,501,103,398
123000385,521,767,-246
123000436,45,901,-856
123000507,125,349,-224
123000508,129,321,-192
123000517,254,14,240
123000518,72,323,-251
123000519,111,71,40
123000520,66,283,-217
123000521,288,105,183
123000522,264,781,-517
123000541,5,2,3
123000542,0,47,-47
123000565,177,23,154
123000566,49,901,-852
123000567,97,317,-220
123000573,30,1273,-1243
123000574,423,104,319
123000575,1034,1533,-499
123000576,662,2384,-1722
123000577,87,435,-348
123000578,829,148,681
123000579,6409,2600,3809
123000580,52,13,39
123000582,262,44,218
123000583,10,678,-668
123000584,109,229,-120
123000585,1,134,-133
123000586,46,4,42
123000596,140,180,-40
123000597,34,81,-47
123000602,16,2,14
123000603,216,663,-447
123000604,300,1532,-1232
123000605,532,83,449
123000606,0,202,-202
123000609,8,432,-424
123000610,78,120,-42
123000613,41,165,-124
123000614,188,67,121
123000615,67,201,-134
123000616,347,70,277
123000617,53,679,-626
123000618,64,892,-828
123000619,509,43,466
123000620,16,770,-754
123000622,356,31,325
123000624,147,39,108
123000630,379,340,39
123000631,178,2219,-2041
123000632,1159,1481,-322
123000633,0,140,-140
123000634,68,47,21
123000635,282,90,192
123000636,5,594,-589
123000637,100,97,3
123000638,265,82,183
123000639,1276,1953,-677
123000640,31,919,-888
123900001,1537,44,1493
123900002,9,795,-786
123900003,466,898,-432
123900005,161,104,57
123900006,197,28,169
124000001,1593,103,1490
124000002,116,1877,-1761
124000003,311,126,185
124000004,62,902,-840
124000005,537,187,350
124000006,310,1945,-1635
124000007,689,129,560
124000008,10,507,-497
124000009,179,388,-209
124000010,74,576,-502
124000011,690,376,314
124000012,332,996,-664
124000017,52,88,-36
124000018,82,166,-84
124000019,54,102,-48
124000020,43,334,-291
124000021,63,43,20
124000022,135,350,-215
124000023,783,1135,-352
124000024,1150,718,432
124000025,863,1116,-253
124000026,1280,956,324
124000027,5726,3195,2531
124000028,3531,3741,-210
124000030,4137,1212,2925
124000031,654,835,-181
124000032,6203,1449,4754
124000033,125,166,-41
124000034,2214,678,1536
124000035,12,48,-36
124000036,44,179,-135
124000037,300,277,23
124000038,62,23,39
124000039,1468,283,1185
124000040,794,519,275
124000041,212,52,160
124000042,60,306,-246
124000043,319,85,234
124000044,73,334,-261
124000045,360,588,-228
124000046,137,781,-644
124000047,748,891,-143
124000048,631,2377,-1746
124000049,794,704,90
124000050,562,3131,-2569
124000051,329,593,-264
124000052,346,1935,-1589
124000053,552,832,-280
124000054,655,949,-294
124000055,1082,1206,-124
124000056,4814,1664,3150
124000057,583,399,184
124000058,302,1654,-1352
124000059,366,488,-122
124000060,1082,949,133
124000061,1391,2247,-856
124000062,6364,1989,4375
124000063,1445,1838,-393
124000064,3175,2319,856
124000065,14,168,-154
124000066,177,50,127
124000067,40,433,-393
124000068,6,28,-22
124000069,55,15,40
124000070,22,236,-214
124000071,51,83,-32
124000072,101,708,-607
124000073,425,102,323
124000074,185,1247,-1062
124000075,74,22,52
124000076,4,353,-349
124000077,1784,640,1144
124000078,3180,355,2825
124000079,712,1019,-307
124000080,146,192,-46
124000081,163,910,-747
124000082,5,123,-118
124000083,16,170,-154
124000084,69,106,-37
124000085,129,40,89
124000086,116,105,11
124000087,79,51,28
124000088,309,309,0
124000089,523,655,-132
124000090,49,508,-459
124000091,247,59,188
124000092,62,651,-589
124000093,135,57,78
124000094,313,377,-64
124000095,28,53,-25
124000096,74,343,-269
124000097,25,49,-24
124000098,31,93,-62
124000099,57,66,-9
124000100,60,186,-126
124000101,18,117,-99
124000102,93,92,1
124000103,50,90,-40
124000104,61,77,-16
124000105,27,33,-6
124000106,97,76,21
124000107,7,73,-66
124000108,77,26,51
124000109,66,30,36
124000110,97,85,12
124000111,141,129,12
124000112,343,788,-445
124000113,24,60,-36
124000114,167,709,-542
124000115,248,830,-582
124000116,60,60,0
124000117,63,97,-34
124000118,30,60,-30
124000119,1078,804,274
124000120,578,528,50
124000121,1609,502,1107
124000122,614,1097,-483
124000123,784,363,421
124000124,598,946,-348
124000125,357,366,-9
124000126,366,617,-251
124000127,498,332,166
124000128,532,1044,-512
124000129,1700,1270,430
124000130,945,701,244
124000131,866,477,389
124000132,856,790,66
124000133,546,796,-250
124000134,731,888,-157
124000135,1499,1352,147
124000136,1176,1245,-69
124000137,1369,509,860
124000138,2430,1184,1246
124000139,283,18,265
124000140,32,417,-385
124000141,44,7,37
124000142,28,109,-81
124000143,14,6,8
124000144,11,54,-43
124000145,57,31,26
124000146,21,178,-157
124000148,25,54,-29
124000149,806,256,550
124000150,402,621,-219
124000151,351,122,229
124000152,594,1079,-485
124000153,968,351,617
124000154,884,734,150
124000155,969,427,542
124000156,1053,904,149
124000169,207,392,-185
124000170,847,481,366
124000171,173,282,-109
124000172,412,743,-331
124000173,246,305,-59
124000174,159,1039,-880
124000175,11,196,-185
124000176,21,14,7
124000177,46,55,-9
124000178,20,18,2
124000190,71,15,56
124000191,162,53,109
124000192,2483,326,2157
124000193,575,1463,-888
124000194,387,675,-288
124000195,167,482,-315
124000196,926,1415,-489
124000197,89,51,38
124000198,32,32,0
124000201,300,1276,-976
124000202,451,150,301
124000203,85,1240,-1155
124000204,232,573,-341
124000205,46,909,-863
124000206,154,400,-246
124000207,0,75,-75
124000209,177,745,-568
124000210,153,234,-81
124000211,257,2,255
124000212,1,788,-787
124000213,141,471,-330
124000214,161,952,-791
124000215,62,12,50
124000216,3,748,-745
124000329,92,2839,-2747
124000338,39,1547,-1508
124000339,337,96,241
124000341,462,80,382
124000344,22,3,19
124000357,784,1664,-880
124000358,792,1083,-291
124000359,965,488,477
124000360,514,307,207
124000361,1255,684,571
124000362,1865,2092,-227
124000363,441,562,-121
124000364,739,1446,-707
124000365,731,1412,-681
124000366,2207,1095,1112
124000367,110,765,-655
124000368,152,142,10
124000369,81,65,16
124000370,56,677,-621
124000402,5,3,2
124000403,15,9,6
124000404,8,141,-133
124000405,1212,617,595
124000406,1000,903,97
124000407,5,30,-25
124000411,8,417,-409
124000412,82,14,68
124000413,172,47,125
124000414,21,130,-109
124000415,24,251,-227
124000416,65,382,-317
124000417,52,90,-38
124000418,30,167,-137
124000419,26,236,-210
124000420,34,81,-47
124000421,11,283,-272
124000422,17,12,5
124000423,128,53,75
124000424,1,134,-133
124000425,13,10,3
124000426,3,61,-58
124000427,8,11,-3
124000428,27,24,3
124000429,25,76,-51
124000430,425,1089,-664
124000431,440,1178,-738
124000432,158,860,-702
124000439,4,6,-2
124000442,3,251,-248
124000443,0,3,-3
124000445,83,138,-55
124000446,1481,47,1434
124900001,209,189,20
124900002,104,559,-455
124900003,410,388,22
124900004,155,231,-76
124900005,261,320,-59
124900006,265,283,-18
124900008,1017,301,716
124900009,195,242,-47
124900010,91,52,39
124900011,252,126,126
124900012,478,74,404
124900013,173,111,62
124900014,74,103,-29
124900015,206,245,-39
124900016,38,61,-23
124900017,1065,296,769
124900018,15,2,13
124900019,256,33,223
124900020,69,69,0
124900021,136,41,95
124900022,21,5,16
124900024,118,6,112
124900026,40,2,38
124900027,77,150,-73
124900028,894,156,738
124900029,7,296,-289
124900030,2,228,-226
124900031,98,632,-534
124900032,292,136,156
124900033,41,539,-498
124900034,27,143,-116
124900035,151,637,-486
124900036,0,48,-48
124900037,145,348,-203
124900038,323,357,-34
124900039,0,38,-38
124900040,26,116,-90
124900041,155,1237,-1082
124900042,17,3,14
124900043,244,1213,-969
124900044,36,0,36
124900045,720,594,126
124900046,2868,272,2596
124900047,130,273,-143
124900048,113,195,-82
124900050,104,306,-202
124900052,129,825,-696
124900053,54,479,-425
124900054,3367,329,3038
124900055,0,127,-127
124900057,3,86,-83
124900060,72,190,-118
124900061,29,7,22
124900062,36,10,26
124900066,0,14,-14
124900067,1,205,-204
124900068,329,419,-90
124900069,135,135,0
124900070,47,31,16
124900072,35,15,20
124900074,125,409,-284
124900075,93,153,-60
124900076,27,318,-291
124900077,25,117,-92
124900078,49,11,38
124900079,989,33,956
124900080,173,735,-562
124900081,330,154,176
124900082,205,975,-770
124900083,103,489,-386
124900084,2713,129,2584
124900085,1413,195,1218
124900086,90,527,-437
124900087,463,55,408
124900088,665,108,557
124900089,1696,23,1673
124900090,121,215,-94
124900091,258,784,-526
124900092,161,618,-457
124900093,144,259,-115
124900094,193,300,-107
124900095,74,401,-327
124900096,674,178,496
124900097,171,72,99
124900098,148,479,-331
124900099,1252,357,895
124900100,230,19,211
124900101,14,402,-388
124900102,117,13,104
124900103,66,304,-238
124900104,30,324,-294
124900105,47,215,-168
124900106,262,16,246
124900107,79,23,56
124900108,111,13,98
124900109,33,84,-51
124900110,104,400,-296
124900111,0,54,-54
124900112,72,1338,-1266
129000186,150,35,115
204000001,12,6,6
204000002,7,3,4
204000003,68,0,68
204000004,20,2,18
204000005,354,325,29
204000006,869,841,28
204000008,946,318,628
204000011,2,69,-67
204000012,38,87,-49
204000013,0,18,-18
204000019,404,535,-131
204000020,338,846,-508
204000021,1904,803,1101
204000022,331,497,-166
204000023,325,1286,-961
204000031,28,20,8
204000032,493,41,452
204000034,28,450,-422
204000035,2,6,-4
204000036,8,23,-15
204000037,3,13,-10
204000038,0,12,-12
204000039,3,82,-79
204000040,5,69,-64
204000041,9,57,-48
204000042,31,16,15
204000043,12,11,1
204000044,22,5,17
204000045,20,5,15
204000046,4,2,2
204000057,6,80,-74
204000062,3,24,-21
204000068,31,129,-98
204000069,22,134,-112
204000070,21,165,-144
204000080,5,30,-25
204000085,1259,2362,-1103
204000086,2784,2393,391
204000087,27,19,8
204000088,3,100,-97
204000090,8,483,-475
204000093,208,34,174
204000096,474,617,-143
204000097,229,11,218
204000099,704,1060,-356
204000100,764,882,-118
204000105,2001,1965,36
204000110,506,1430,-924
204000111,302,880,-578
204000112,668,1033,-365
204000113,672,997,-325
204000114,856,363,493
204000115,311,325,-14
204000116,409,556,-147
204000119,1585,1428,157
204000132,237,139,98
204000133,327,191,136
204000134,124,157,-33
204000135,142,81,61
204000136,129,139,-10
204000138,191,122,69
204000140,86,93,-7
204000141,68,49,19
204000144,3,18,-15
204000145,494,38,456
204000146,31,505,-474
204000147,24,134,-110
204000148,438,16,422
204000154,9,3,6
204000155,3,12,-9
204000177,118,54,64
204000179,9,6,3
204000180,1,35,-34
204000222,2,7,-5
204000235,13,16,-3
204000236,75,285,-210
204000238,52,22,30
204000240,358,72,286
204000308,159,17,142
204000317,10,104,-94
204000322,2,47,-45
204000323,22,13,9
204000328,248,38,210
204000329,36,125,-89
204000330,181,17,164
204000331,23,144,-121
204010341,13,236,-223
205000001,1211,1328,-117
205000013,9,121,-112
205000014,18,152,-134
205000015,22,310,-288
205000016,18,244,-226
205000017,35,116,-81
205000022,290,522,-232
205000025,1430,912,518
205000029,191,4,187
205000045,42,190,-148
205000047,41,567,-526
205000048,158,1013,-855
205000049,115,871,-756
205000050,1153,302,851
205000059,1,283,-282
205000060,1,52,-51
205000061,1,29,-28
205000062,3,38,-35
205000063,7,142,-135
205000064,12,115,-103
205000065,60,719,-659
205000066,76,777,-701
205000067,62,1089,-1027
205000069,215,25,190
205000082,160,189,-29
205000110,38,184,-146
205000111,127,209,-82
205000112,60,132,-72
205000113,308,255,53
205000121,114,24,90
205000123,68,219,-151
205000126,332,93,239
205000127,440,136,304
205000128,408,72,336
205000129,356,92,264
205000130,209,34,175
205000131,289,3,286
205000132,268,3,265
205000133,200,1,199
205000134,103,0,103
205000137,157,134,23
205000138,331,313,18
205000139,24,88,-64
205000144,54,45,9
205000145,577,92,485
205000151,158,15,143
205000152,104,28,76
205000153,129,30,99
205000154,44,36,8
205000155,48,11,37
205000207,9,138,-129
205000233,10,7,3
205000234,0,1,-1
205000243,0,2,-2
205000244,0,9,-9
205000245,14,285,-271
205000249,0,38,-38
205000250,1,0,1
205000251,49,478,-429
205000264,2,138,-136
206000027,11,2,9
206000028,3,1,2
206000043,12,173,-161
206000053,1,23,-22
206000054,9,43,-34
206000055,1,55,-54
206000075,2,3,-1
206000076,12,6,6
206000077,35,5,30
206000078,5,3,2
206000079,13,4,9
206000082,406,26,380
206000100,77,812,-735
206000103,7,17,-10
206000104,10,23,-13
206000105,9,28,-19
206000106,8,34,-26
206000108,595,46,549
206000125,55,0,55
206000157,113,923,-810
206000170,0,254,-254
206000171,4,347,-343
206000172,10,1237,-1227
206000173,1,438,-437
206000174,15,198,-183
206000175,3,317,-314
206000176,8,524,-516
206000177,3,323,-320
206000178,2,253,-251
206000179,10,190,-180
206000180,28,318,-290
206000181,8,453,-445
206000182,19,428,-409
206000183,15,1570,-1555
206000184,5,682,-677
206000185,6,563,-557
206000186,113,2138,-2025
206000223,7,338,-331
206000226,39,4,35
206000227,16,0,16
206000237,34,617,-583
206000238,46,880,-834
206000239,647,3385,-2738
206000240,0,55,-55
206000241,0,177,-177
206000242,1,677,-676
206000243,13,538,-525
206000244,70,1327,-1257
206000245,279,33,246
206000246,48,6,42
206000247,70,4,66
206000248,147,20,127
206000252,79,24,55
206000258,11,54,-43
206000315,37,11,26
206000317,257,65,192
206000318,86,37,49
206000319,419,79,340
206000320,43,22,21
206000321,81,7,74
206000322,196,8,188
206000323,88,1,87
206000324,70,5,65
206000325,148,11,137
206000326,87,6,81
206000327,82,22,60
206000328,49,3,46
206000329,74,6,68
206000330,12,4,8
206000331,74,2,72
206000332,10,7,3
206000333,177,6,171
206000334,141,2,139
206000335,0,22,-22
206000361,4,310,-306
206000392,3,64,-61
206000405,78,0,78
206000441,18,16,2
206000498,22,3,19
206000515,126,16,110
206000530,52,58,-6
206000531,113,73,40
206000532,2593,78,2515
206000535,534,2465,-1931
206000536,28,284,-256
206000537,14,184,-170
206000613,1329,128,1201
207000001,94,351,-257
207000002,69,266,-197
207000003,118,231,-113
207000007,455,211,244
207000008,42,22,20
207000009,61,34,27
207000010,433,635,-202
207000012,165,233,-68
207000015,324,1841,-1517
207000019,170,69,101
207000021,631,159,472
207000022,94,128,-34
207000023,93,49,44
207000024,5,7,-2
207000025,11,32,-21
207000026,70,69,1
207000027,11,109,-98
207000028,44,296,-252
207000029,209,492,-283
207000033,206,178,28
207000034,210,60,150
207000039,198,160,38
207000040,124,133,-9
207000041,44,45,-1
207000042,201,76,125
207000043,173,184,-11
207000051,90,484,-394
207000052,13,240,-227
207000053,519,739,-220
207000054,40,156,-116
207000055,66,218,-152
207000056,247,498,-251
207000057,123,279,-156
207000058,68,527,-459
207000059,25,942,-917
207000060,29,234,-205
207000061,72,129,-57
207000062,97,34,63
207000063,108,172,-64
207000064,304,287,17
207000065,248,335,-87
207000066,76,224,-148
207000067,65,95,-30
207000068,96,75,21
207000069,522,485,37
207000082,37,358,-321
207000083,73,502,-429
207000084,118,221,-103
207000085,173,6,167
207000086,85,8,77
207000106,3,40,-37
207000107,37,15,22
207000108,22,12,10
207000109,28,8,20
207000110,49,24,25
207000111,49,46,3
207000112,117,168,-51
207000114,18,40,-22
207000115,19,89,-70
207000116,11,259,-248
207000117,3,121,-118
207000118,2,119,-117
207000119,20,138,-118
207000123,236,23,213
207000124,77,31,46
207000125,44,41,3
207000126,78,23,55
207000134,25,232,-207
207000135,29,323,-294
207000148,41,108,-67
207000149,77,47,30
207000152,138,428,-290
207000153,1176,996,180
207000154,364,128,236
207000159,56,621,-565
207000160,78,696,-618
207000238,0,62,-62
207000242,0,180,-180
207000248,22,16,6
207000249,95,59,36
207000250,614,48,566
207000251,103,74,29
207000252,45,51,-6
207000278,33,76,-43
207000279,15,239,-224
207000280,192,52,140
207000281,40,1536,-1496
207000282,125,51,74
207000283,124,212,-88
207000284,89,47,42
207000285,180,49,131
207000291,7,137,-130
207000304,81,71,10
207000306,74,479,-405
207000310,36,92,-56
207000353,177,0,177
207000356,4,35,-31
207000357,25,11,14
207000415,3,160,-157
207000417,27,4,23
207000437,1,3,-2
207000439,1494,251,1243
207000446,132,5,127
207000460,6,8,-2
207000466,154,228,-74
207000476,2,84,-82
207000477,215,124,91
207000523,0,7,-7
207000524,4,0,4
207000527,67,166,-99
207000530,155,6,149
207000531,128,8,120
207000532,46,10,36
207000534,564,33,531
207000535,22,147,-125
207000537,26,155,-129
207000540,7,220,-213
207000541,4,295,-291
207000548,2,234,-232
207000549,54,6,48
207000561,48,71,-23
207000562,15,163,-148
207000567,118,267,-149
207000568,59,115,-56
207000569,120,1595,-1475
207000584,437,127,310
207000585,74,167,-93
207000616,0,183,-183
207000617,49,0,49
207900008,73,242,-169
208000001,322,588,-266
208000002,363,452,-89
208000003,574,440,134
208000004,835,560,275
208000005,13,25,-12
208000019,380,985,-605
208000020,162,443,-281
208000021,120,623,-503
208000022,591,842,-251
208000028,903,858,45
208000033,364,736,-372
208000034,1417,1718,-301
208000040,139,174,-35
208000041,1405,519,886
208000042,654,563,91
208000047,72,405,-333
208000064,2771,1537,1234
208000066,1431,943,488
208000070,195,443,-248
208000071,256,825,-569
208000072,352,1211,-859
208000080,111,304,-193
208000081,132,188,-56
208000082,182,394,-212
208000083,80,515,-435
208000084,38,25,13
208000085,796,564,232
208000086,403,1022,-619
208000087,338,699,-361
208000089,582,717,-135
208000090,371,1094,-723
208000093,147,120,27
208000094,312,545,-233
208000095,528,404,124
208000104,805,935,-130
208000105,471,1083,-612
208000114,50,275,-225
208000115,457,436,21
208000116,155,967,-812
208000117,146,119,27
208000118,44,74,-30
208000155,521,932,-411
208000158,1614,2404,-790
208000186,3601,1780,1821
208000204,372,1008,-636
208000205,783,1526,-743
208000282,3694,1293,2401
209000004,94,210,-116
209000005,23,28,-5
209000006,399,89,310
209000007,290,248,42
209000010,519,183,336
209000011,127,229,-102
209000012,140,273,-133
209000013,190,768,-578
209000014,797,2130,-1333
209000025,149,31,118
209000026,411,101,310
209000027,270,1253,-983
209000028,348,1221,-873
209000029,801,1074,-273
209000030,454,2003,-1549
209000031,4332,3140,1192
209000034,144,152,-8
209000035,97,115,-18
209000036,75,95,-20
209000037,103,168,-65
209000038,61,149,-88
209000039,44,106,-62
209000040,333,469,-136
209000041,141,339,-198
209000042,197,305,-108
209000043,764,626,138
209000044,173,593,-420
209000045,936,527,409
209000046,266,509,-243
209000047,234,189,45
209000048,311,334,-23
209000049,97,130,-33
209000050,168,214,-46
209000051,230,421,-191
209000052,154,417,-263
209000062,41,249,-208
209000063,15,144,-129
209000064,8,168,-160
209000065,13,30,-17
209000066,19,27,-8
209000067,37,46,-9
209000080,25,188,-163
209000082,47,48,-1
209000091,44,126,-82
209000093,92,32,60
209000094,236,161,75
209000110,24,44,-20
209000111,561,963,-402
209000112,580,421,159
209000113,1228,366,862
209000114,231,289,-58
209000115,62,174,-112
209000116,749,658,91
209000118,16,49,-33
209000119,33,8,25
209000121,138,865,-727
209000135,54,62,-8
209000142,775,807,-32
209000143,104,115,-11
209000144,38,108,-70
209000229,147,202,-55
209000240,30,503,-473
209000259,95,106,-11
209000260,54,1049,-995
209000261,9,737,-728
209000262,0,624,-624
209000263,0,97,-97
209000264,3,55,-52
209000265,800,11,789
209000266,90,15,75
209000267,751,22,729
209000268,828,56,772
210000037,53,33,20
210000047,48,28,20
210000048,43,31,12
210000049,52,20,32
210000052,39,160,-121
210000053,15,93,-78
210000054,103,77,26
210000070,54,1,53
210000071,29,1,28
210000072,6,0,6
210000073,0,30,-30
210000074,0,142,-142
210000075,0,59,-59
210000076,8,168,-160
210000077,50,24,26
210000078,73,26,47
210000079,50,8,42
210000080,128,52,76
210000081,117,5,112
210000082,41,1,40
210000083,45,0,45
210000084,16,0,16
210000085,0,109,-109
210000086,3,158,-155
210000099,49,338,-289
210000100,35,304,-269
210000101,73,363,-290
210000105,45,240,-195
210000159,1,104,-103
210000163,201,221,-20
210000164,335,90,245
210000168,206,55,151
210000187,0,8,-8
210000188,0,20,-20
210000214,10,1,9
210000219,30,55,-25
210000220,47,90,-43
210000232,1,23,-22
210000233,8,58,-50
210000234,25,201,-176
210000235,32,201,-169
210000245,0,25,-25
210000246,32,2,30
210000258,16,168,-152
210000259,197,21,176
210000282,70,319,-249
210000285,0,95,-95
210000286,15,224,-209
210000295,43,152,-109
210000296,39,69,-30
210000320,146,180,-34
210000321,46,103,-57
210000338,87,89,-2
210000339,868,830,38
210000340,184,253,-69
210000341,159,227,-68
210000342,127,198,-71
210000343,124,247,-123
210000344,257,141,116
210000345,184,190,-6
210000346,82,114,-32
210000347,230,32,198
210000348,198,27,171
210000349,169,35,134
210000350,66,51,15
210000351,74,115,-41
210000352,57,108,-51
210000353,26,105,-79
210000354,23,98,-75
210000355,36,93,-57
210000356,42,67,-25
210000357,32,34,-2
210000358,296,65,231
210000359,97,49,48
210000360,135,93,42
210000361,120,146,-26
210000362,152,167,-15
210000363,939,130,809
210000364,126,117,9
210000365,88,39,49
210000366,63,35,28
210000367,68,15,53
210000368,96,29,67
210000369,24,42,-18
210000370,63,62,1
210000372,48,28,20
210000373,88,13,75
210000374,32,37,-5
210000375,27,86,-59
210000376,48,132,-84
210000404,128,209,-81
210000439,44,73,-29
210000472,137,10,127
210000482,75,59,16
210000564,751,156,595
210000568,588,8,580
211000092,4,70,-66
211000094,92,2,90
211000169,116,10,106
211000172,3,183,-180
211000209,1,21,-20
211000275,23,29,-6
211000276,27,61,-34
211000279,2,60,-58
211000281,29,74,-45
211507980,1,20,-19
211977296,4,0,4
212000003,115,44,71
212000004,115,31,84
212000005,33,27,6
212000006,28,86,-58
212000008,112,242,-130
212000009,15,182,-167
212000012,54,91,-37
212000013,20,53,-33
212000014,196,189,7
212000015,182,306,-124
212000016,451,591,-140
212000027,416,561,-145
212000028,161,411,-250
212000029,139,288,-149
212000030,19,20,-1
212000031,33,44,-11
212000048,24,89,-65
212000049,7,79,-72
212000050,10,11,-1
212000051,136,271,-135
212000052,128,522,-394
212000053,293,611,-318
212000054,122,184,-62
212000055,118,299,-181
212000056,10,44,-34
212000057,5,50,-45
212000058,378,44,334
212000070,82,368,-286
212000077,71,803,-732
212000099,152,220,-68
212000108,179,181,-2
212000111,108,170,-62
212000120,149,132,17
212000138,93,22,71
212000156,21,140,-119
212000158,8,9,-1
212000159,165,51,114
212000160,325,222,103
212000161,28,6,22
212000310,36,18,18
212000311,6,103,-97
212000374,17,9,8
213000001,21,807,-786
213000005,416,78,338
213000006,1226,154,1072
213000007,55,7,48
213000009,471,158,313
213000010,225,129,96
213000011,197,87,110
213000012,132,558,-426
213000014,19,9,10
213000015,92,3,89
213000016,146,0,146
213000017,15,0,15
213000018,1,346,-345
213000019,1,179,-178
213000020,99,349,-250
213000021,9,107,-98
213000023,273,194,79
213000033,227,740,-513
213000034,359,345,14
213000035,94,84,10
213000045,98,281,-183
213000046,90,210,-120
213000047,462,640,-178
213000056,35,38,-3
213000069,34,1,33
213000073,0,13,-13
213000074,219,605,-386
213000075,620,24,596
213000085,2,38,-36
213000086,7,288,-281
213000091,100,32,68
213000092,11,5,6
213000099,113,914,-801
213000100,1234,213,1021
213000101,83,180,-97
213000102,161,526,-365
213000103,703,861,-158
213000104,44,570,-526
213000105,2,71,-69
213000106,6,196,-190
213000107,93,903,-810
213000108,13,694,-681
213000109,2,277,-275
213000110,7,73,-66
213000111,13,62,-49
213000112,194,113,81
213000115,28,12,16
213000116,118,916,-798
213000117,4,1104,-1100
213000118,255,308,-53
213000119,58,1029,-971
213000120,81,928,-847
213000122,219,1316,-1097
213000123,814,2524,-1710
213000124,87,2465,-2378
213000125,106,8,98
213000126,103,86,17
213000127,232,131,101
213000128,939,629,310
213000129,721,361,360
213000130,299,137,162
213000132,149,96,53
213000133,151,70,81
213000134,471,59,412
213000136,270,24,246
213000137,393,52,341
213000139,252,7,245
213000147,15,1,14
213000148,34,4,30
213000149,14,3,11
213000150,0,69,-69
213000151,0,96,-96
213000152,3,80,-77
213000153,0,48,-48
213000154,14,200,-186
213000155,33,409,-376
213000156,87,661,-574
213000157,538,677,-139
213000158,348,1016,-668
213000159,361,620,-259
213000163,407,112,295
213000165,644,133,511
213000171,0,196,-196
213000172,2,521,-519
213000173,1,470,-469
213000174,6,526,-520
213000175,9,449,-440
213000176,71,24,47
213000177,44,4,40
213000178,31,6,25
213000179,114,1,113
213000180,58,2,56
213000184,94,476,-382
213000188,536,66,470
213000189,163,40,123
213000190,799,799,0
213000191,144,649,-505
213000192,110,770,-660
213000193,1155,289,866
213000194,0,49,-49
213000195,4,469,-465
213000196,117,1000,-883
213000197,296,187,109
213000198,40,5,35
213000200,134,1339,-1205
213000201,97,57,40
213000202,13,799,-786
213000203,2960,368,2592
213000204,352,32,320
213000205,144,34,110
213000206,116,33,83
213000207,27,6,21
213000208,72,1,71
213000209,151,5,146
213000210,156,0,156
213000211,0,8,-8
213000212,4,20,-16
213000213,11,28,-17
213000218,122,1103,-981
213000219,419,18,401
213000220,285,18,267
213000223,211,83,128
213000224,71,13,58
213000225,36,6,30
213000226,18,3,15
213000227,433,136,297
213000228,112,62,50
213000229,1031,13,1018
213000230,152,27,125
213000232,67,327,-260
213000233,2,15,-13
213000234,0,6,-6
213000293,19,35,-16
213000294,77,4,73
213000295,4,69,-65
213000296,77,21,56
213000297,6,90,-84
213000298,13,99,-86
213000299,57,32,25
213000300,3,3,0
213000303,6,29,-23
213000304,0,10,-10
213000305,0,14,-14
213000306,45,38,7
213000307,291,98,193
213000308,120,263,-143
213000309,122,56,66
213000310,184,121,63
213000311,373,629,-256
213000315,75,171,-96
213000316,59,63,-4
213000322,45,179,-134
213000323,24,63,-39
213000324,81,345,-264
213000325,30,291,-261
213000326,42,159,-117
213000327,54,285,-231
213000328,35,130,-95
213000329,45,152,-107
213000340,95,1017,-922
213000341,169,103,66
213000347,917,100,817
213000348,47,227,-180
213000349,95,25,70
213000350,186,1789,-1603
213000366,30,331,-301
213000367,72,24,48
213000379,243,256,-13
213000386,8,182,-174
213000406,68,367,-299
213000417,743,345,398
213000425,76,52,24
213000426,48,97,-49
213000427,26,489,-463
213000428,27,325,-298
213000429,57,13,44
213000430,72,1463,-1391
213000431,91,4,87
213000432,1,14,-13
213000433,10,175,-165
213000434,47,135,-88
213000435,41,68,-27
213000436,11,78,-67
213000437,1,113,-112
213000438,90,214,-124
213000439,72,5,67
213000440,4,249,-245
213000441,0,0,0
213000442,4,92,-88
213000443,541,356,185
213000444,25,174,-149
213000445,0,118,-118
213000446,0,9,-9
213000447,2,28,-26
213000448,5,64,-59
213000449,124,3,121
213000450,39,45,-6
213000451,104,84,20
213000452,9,11,-2
213000453,34,356,-322
213000455,685,6,679
213000456,1,410,-409
213000481,11,3,8
213000484,60,4,56
213000489,577,25,552
213900002,0,45,-45
213900003,133,6,127
213900013,4,216,-212
213900015,0,12,-12
213900016,4,21,-17
213900020,5,313,-308
213900030,1,65,-64
213900032,150,38,112
213900033,38,29,9
213900034,178,143,35
213900035,106,945,-839
213900036,49,398,-349
213900037,40,595,-555
213900038,195,299,-104
213900039,0,138,-138
213900041,1,62,-61
213900042,187,75,112
213900043,85,193,-108
213900244,2,0,2
213900245,0,34,-34
218000003,26,15,11
218000004,10,19,-9
218000005,13,26,-13
218000006,69,27,42
218000007,5,7,-2
218000012,209,92,117
218000013,69,161,-92
218000014,729,546,183
218000019,1740,630,1110
218000020,513,428,85
218000021,36,138,-102
218000022,7,64,-57
218000023,3,61,-58
218000024,5,25,-20
218000025,0,43,-43
218000026,12,83,-71
218000027,1,22,-21
218000028,1,8,-7
218000029,0,6,-6
218000030,24,41,-17
218000031,2,62,-60
218000032,1,31,-30
218000039,13,61,-48
218000040,4,0,4
218000046,31,195,-164
218000047,6,272,-266
218000048,114,261,-147
218000049,126,200,-74
218000050,344,418,-74
218000051,50,396,-346
218000052,1,111,-110
218000053,16,12,4
218000054,54,34,20
218000055,12,23,-11
218000056,12,38,-26
218000057,2,45,-43
218000064,2,30,-28
218000065,52,110,-58
218000066,19,185,-166
218000067,30,137,-107
218000068,209,140,69
218000069,138,260,-122
218000070,128,463,-335
218000071,233,376,-143
218000072,663,386,277
218000078,483,1322,-839
218000079,48,135,-87
218000080,59,123,-64
218000081,366,388,-22
218000082,19,231,-212
218000083,36,96,-60
218000084,116,314,-198
218000085,184,890,-706
218000086,47,410,-363
218000087,236,594,-358
218000090,5,92,-87
218000091,423,210,213
218000092,64,202,-138
218000093,90,121,-31
218000094,234,681,-447
218000099,400,642,-242
218000100,206,400,-194
218000101,159,309,-150
218000102,268,432,-164
218000103,187,198,-11
218000104,43,73,-30
218000105,110,29,81
218000107,56,280,-224
218000108,32,187,-155
218000112,231,127,104
218000117,132,190,-58
218000134,612,1014,-402
218000135,27,136,-109
218000136,231,70,161
218000137,85,143,-58
218000138,32,105,-73
218000139,132,330,-198
218000140,206,127,79
218000141,44,109,-65
218000142,108,162,-54
218000143,61,190,-129
218000144,24,61,-37
218000145,181,526,-345
218000146,64,231,-167
218000151,10,34,-24
218000152,37,42,-5
218000153,6,9,-3
218000154,1,1,0
218000155,10,2,8
218000156,34,32,2
218000157,14,28,-14
218000158,3,6,-3
218000159,2,6,-4
218000160,2,0,2
218000161,12,7,5
218000162,18,12,6
218000163,7,3,4
218000164,20,13,7
218000165,48,46,2
218000170,3,35,-32
218000171,27,6,21
218000172,14,5,9
218000173,110,7,103
218000174,5,6,-1
218000176,59,17,42
218000177,181,95,86
218000178,61,146,-85
218000179,32,60,-28
218000180,20,20,0
218000181,78,21,57
218000187,2,20,-18
218000188,23,30,-7
218000189,19,78,-59
218000190,10,40,-30
218000191,53,55,-2
218000192,215,694,-479
218000193,651,698,-47
218000194,51,720,-669
218000195,97,134,-37
218000196,250,373,-123
218000197,225,640,-415
218000198,3,144,-141
218000199,45,29,16
218000200,112,39,73
218000201,10,8,2
218000202,119,160,-41
218000207,4,51,-47
218000208,30,66,-36
218000211,26,6,20
218000212,4,10,-6
218000213,77,62,15
218000214,7,18,-11
218000215,42,123,-81
218000217,1,105,-104
218000218,305,86,219
218000219,21,13,8
218000220,101,275,-174
218000221,690,145,545
218000222,23,16,7
218000223,38,126,-88
218000224,5,47,-42
218000225,191,28,163
218000226,40,51,-11
218000230,0,4,-4
218000232,111,59,52
218000234,21,15,6
218000239,28,3,25
218000240,3,2,1
218000241,23,0,23
218000242,40,1,39
218000243,10,2,8
218000244,6,0,6
218000245,3,4,-1
218000246,0,0,0
218000247,0,0,0
218000248,0,36,-36
218000249,0,1,-1
218000250,3,11,-8
218000251,0,17,-17
218000252,12,26,-14
218000253,2,8,-6
218000254,0,10,-10
218000255,0,12,-12
218000256,3,27,-24
218000267,378,917,-539
218000268,29,87,-58
218000269,4,9,-5
218000270,20,41,-21
218000271,72,56,16
218000273,9,6,3
218000274,23,1,22
218000275,13,42,-29
218000276,8,59,-51
218000278,9,23,-14
218000279,17,41,-24
218000280,22,14,8
218000281,44,20,24
218000282,138,90,48
218000284,68,4,64
218000301,79,148,-69
218000302,80,63,17
218000303,27,50,-23
218000316,527,1222,-695
218000317,517,1373,-856
218000318,243,1021,-778
218000319,582,1760,-1178
218000320,478,794,-316
218000338,44,21,23
218000339,6,26,-20
218000342,26,90,-64
218000343,85,151,-66
218000345,18,25,-7
218000346,7,32,-25
218000353,18,62,-44
218000354,32,108,-76
218000459,78,373,-295
218000490,32,86,-54
218000501,41,94,-53
218000502,64,212,-148
218000503,62,33,29
218000504,154,33,121
218000505,76,408,-332
218000506,85,370,-285
218000508,27,6,21
218000510,333,23,310
218000520,163,201,-38
218000522,2,158,-156
218000523,91,1,90
218000524,32,133,-101
218000525,187,20,167
218000526,63,108,-45
218000530,5,22,-17
218000531,17,67,-50
218000532,21,76,-55
218000537,4,8,-4
218000538,76,141,-65
218000539,14,97,-83
218000540,304,83,221
218000543,63,66,-3
218000544,43,124,-81
218000545,10,56,-46
218000546,41,146,-105
218000547,58,109,-51
218000548,116,239,-123
218000549,283,107,176
218000550,199,649,-450
218000551,252,239,13
218000552,651,16,635
218000553,5,54,-49
218000554,4,8,-4
218000555,15,23,-8
218000556,46,521,-475
218000557,134,46,88
218000558,61,0,61
218000559,0,36,-36
218000560,0,6,-6
218000561,6,0,6
218000562,16,173,-157
218000563,91,20,71
218000564,16,140,-124
218000565,403,33,370
218000566,717,21,696
218000567,4,46,-42
218000568,11,3,8
218000569,2,53,-51
218000570,415,2,413
218000571,0,65,-65
218000572,28,0,28
218000573,22,47,-25
218000574,56,54,2
218000575,135,0,135
218000576,2,42,-40
218000577,28,0,28
218000578,2,86,-84
218000579,27,5,22
218000581,4,85,-81
218000582,10,3,7
218000583,1,0,1
218000584,0,16,-16
218000585,11,2,9
218000586,4,55,-51
218000587,1,1,0
218000588,0,1,-1
218000589,0,3,-3
218000590,1,0,1
218000591,0,1,-1
218000592,4,0,4
218000593,0,1,-1
218000594,1,0,1
218000595,0,0,0
218000596,0,0,0
218000597,0,0,0
218000598,0,0,0
218000599,0,0,0
218000600,0,0,0
218000601,0,0,0
218000602,0,2,-2
218000603,0,4,-4
218000604,13,3,10
218000605,0,11,-11
218000606,34,0,34
218000607,34,26,8
218000608,32,4,28
218000609,3,34,-31
218000610,12,2,10
218000611,2,0,2
218000612,1,32,-31
218000613,25,0,25
218000614,1,51,-50
218000615,34,0,34
218000616,4,191,-187
218000617,3,0,3
218000618,0,29,-29
218000619,15,21,-6
218000620,2,45,-43
218000621,0,1,-1
218000622,0,4,-4
218000623,1,0,1
218000624,4,6,-2
218000625,0,0,0
218000626,0,5,-5
218000628,92,21,71
218000632,0,80,-80
218000633,48,1,47
218000634,1,19,-18
218000635,3,3,0
218000636,665,1918,-1253
218000637,604,651,-47
218000638,75,37,38
218000639,34,359,-325
218000640,79,31,48
218000641,45,565,-520
218000652,173,156,17
218000653,136,53,83
218000675,7,10,-3
218000676,1,43,-42
218000677,1,24,-23
218000703,5,61,-56
218000718,1403,324,1079
218000719,1660,38,1622
218000720,0,32,-32
218000721,62,19,43
218000725,6,12,-6
218001214,12,15,-3
219000001,11,66,-55
219000002,32,59,-27
219000003,76,31,45
219000004,47,32,15
219000017,75,22,53
219000020,58,17,41
219000022,70,2,68
219000023,75,5,70
219000029,1,131,-130
219000034,20,14,6
219000039,26,74,-48
219000040,23,15,8
219000041,63,29,34
219000051,0,77,-77
219000052,0,29,-29
219000053,3,252,-249
219000054,398,364,34
219000055,40,0,40
219000056,7,0,7
219000057,41,2,39
219000062,13,253,-240
219000063,32,2,30
219000110,243,47,196
219000111,70,32,38
219000112,129,31,98
219000113,74,38,36
219000114,344,34,310
219000116,60,27,33
219000117,177,100,77
219000118,84,76,8
219000123,231,71,160
219000124,100,69,31
219000125,8,25,-17
219000126,61,100,-39
219000127,1,9,-8
219000128,15,87,-72
219000129,20,149,-129
219000130,1298,723,575
219000131,921,769,152
219000133,64,28,36
219000134,18,31,-13
219000135,37,58,-21
219000136,115,186,-71
219000138,47,19,28
219000139,27,83,-56
219000140,18,0,18
219000141,26,135,-109
219000142,21,111,-90
219000143,9,98,-89
219000145,15,50,-35
219000146,7,101,-94
219000147,1,78,-77
219000148,5,70,-65
219000149,35,267,-232
219000150,6,201,-195
219000151,4,133,-129
219000157,73,185,-112
219000158,83,225,-142
219000161,153,10,143
219000163,1972,302,1670
219000166,28,125,-97
219000167,73,273,-200
219000168,341,65,276
219000174,226,91,135
219000175,51,0,51
219000176,46,4,42
219000177,9,3,6
219000178,3,4,-1
219000179,6,5,1
219000180,58,19,39
219000182,70,9,61
219000183,17,80,-63
219000184,56,1,55
219000185,0,161,-161
219000186,15,74,-59
219000187,15,187,-172
219000189,168,105,63
219000190,144,190,-46
219000191,1978,797,1181
219000192,114,139,-25
219000193,615,137,478
219000195,0,58,-58
219000196,2,143,-141
219000198,32,167,-135
219000199,123,215,-92
219000200,42,189,-147
219000201,73,230,-157
219000203,19,114,-95
219000204,76,177,-101
219000205,37,214,-177
219000207,158,260,-102
219000209,15,103,-88
219000210,27,133,-106
219000213,20,328,-308
219000239,148,285,-137
219000240,156,315,-159
219000241,140,287,-147
219000242,51,233,-182
219000243,39,264,-225
219000244,17,103,-86
219000245,57,32,25
219000246,20,3,17
219000247,70,28,42
219000248,418,157,261
219000249,132,43,89
219000250,200,80,120
219000251,362,115,247
219000252,148,82,66
219000253,203,33,170
219000255,58,48,10
219000256,74,58,16
219000257,52,0,52
219000262,63,362,-299
219000263,34,314,-280
219000267,2,148,-146
219000268,0,7,-7
219000269,5,1,4
219000270,3,1,2
219000271,33,2,31
219000278,1,12,-11
219000279,1,6,-5
219000283,0,3,-3
219000295,13,101,-88
219000296,64,675,-611
219000297,19,214,-195
219000298,19,302,-283
219000299,314,88,226
219000300,30,378,-348
219000301,135,382,-247
219000302,29,221,-192
219000307,21,77,-56
219000308,28,47,-19
219000311,51,50,1
219000312,320,43,277
219000313,139,21,118
219000314,140,681,-541
219000315,131,26,105
219000316,255,25,230
219000317,41,18,23
219000320,0,45,-45
219000321,0,16,-16
219000323,4,89,-85
219000325,0,62,-62
219000326,71,204,-133
219000327,43,48,-5
219000328,25,49,-24
219000329,284,69,215
219000330,48,29,19
219000331,23,33,-10
219000332,32,61,-29
219000333,6,2,4
219000335,38,3,35
219000337,17,0,17
219000338,48,1,47
219000344,25,97,-72
219000345,83,197,-114
219000346,26,234,-208
219000348,63,162,-99
219000349,25,315,-290
219000350,23,86,-63
219000351,4,7,-3
219000352,269,48,221
219000353,117,45,72
219000354,90,173,-83
219000355,78,38,40
219000356,1811,354,1457
219000363,279,14,265
219000364,65,16,49
219000365,75,15,60
219000366,315,111,204
219000368,410,350,60
219000370,1117,178,939
219000371,4,10,-6
219000382,8,20,-12
219000383,836,644,192
219000385,844,503,341
219000386,1285,1321,-36
219000387,3,7,-4
219000390,4,0,4
219000391,3,1,2
219000397,66,135,-69
219000398,71,35,36
219000401,12,113,-101
219000402,13,91,-78
219000403,49,182,-133
219000404,7,101,-94
219000409,30,35,-5
219000410,47,13,34
219000411,36,8,28
219000446,240,433,-193
219000447,2,16,-14
219000448,12,11,1
219000452,67,61,6
219000453,28,77,-49
219000454,324,154,170
219000556,93,49,44
219000558,91,325,-234
219000590,16,233,-217
219000591,23,35,-12
219000592,115,456,-341
219000595,3,60,-57
219000635,72,14,58
219000636,14,110,-96
219000657,41,7,34
219000658,15,68,-53
219000673,0,3,-3
219000676,8,0,8
219000679,14,15,-1
219000684,41,0,41
219000685,0,112,-112
219000686,1,1,0
219000688,0,97,-97
219000689,94,306,-212
219000690,436,45,391
219000693,1,38,-37
219000694,28,1,27
219000695,9,6,3
219000698,5,0,5
219000699,0,12,-12
219000727,9,222,-213
219000728,49,2,47
219000770,6,3,3
219000771,0,33,-33
219001150,1,13,-12
219001151,0,4,-4
220000001,11,53,-42
220000002,7,177,-170
220000003,234,271,-37
220000004,701,678,23
220000005,1939,1587,352
220000006,115,798,-683
220000007,222,776,-554
220000008,229,1061,-832
220000009,145,544,-399
220000010,116,101,15
220000011,592,2338,-1746
220000012,200,249,-49
220000014,20,41,-21
220000015,18,165,-147
220000017,56,439,-383
220000018,6045,810,5235
220000019,70,245,-175
220000020,251,204,47
220000021,358,159,199
220000022,292,518,-226
220000023,137,146,-9
220000024,1818,260,1558
220000025,1359,478,881
220000026,149,177,-28
220000027,7,101,-94
220000028,22,36,-14
220000029,49,170,-121
220000030,116,94,22
220000031,159,316,-157
220000064,13,1268,-1255
221000046,4,0,4
221000047,0,3,-3
221000048,0,1,-1
221000049,1,2,-1
221000050,6,1,5
221000055,39,37,2
221000057,39,5,34
221000068,268,95,173
221000069,270,53,217
221000070,126,17,109
221000071,33,7,26
221000072,123,8,115
221000073,174,71,103
221000074,2,32,-30
221000075,59,17,42
221000076,7,36,-29
221000077,23,72,-49
221000081,31,3,28
221000082,36,8,28
221000083,46,4,42
221000084,4,1,3
221000085,16,72,-56
221000086,9,118,-109
221000087,14,179,-165
221000088,28,172,-144
221000089,32,239,-207
221000090,129,490,-361
221000098,126,14,112
221000099,144,13,131
221000100,20,6,14
221000101,178,7,171
221000102,81,14,67
221000109,6,83,-77
221000110,8,122,-114
221000111,14,145,-131
221000112,3,153,-150
221000113,26,182,-156
221000114,19,195,-176
221000120,16,47,-31
221000121,1,15,-14
221000122,27,21,6
221000123,0,6,-6
221000124,35,381,-346
221000155,90,9,81
221000156,46,39,7
221000175,1,2,-1
221000176,8,1,7
221000182,17,2,15
221000241,562,184,378
221000242,238,279,-41
221000243,365,112,253
221000244,176,307,-131
221000245,30,109,-79
221000246,13,194,-181
221000247,25,128,-103
221000248,40,135,-95
221000267,59,847,-788
221000325,66,54,12
221000331,4,111,-107
221000338,4,12,-8
221000378,74,21,53
221000381,63,58,5
222000282,3,1,2
222000296,0,25,-25
222000568,213,14,199
222000569,104,41,63
222000570,107,10,97
222000571,160,7,153
222000577,6,277,-271
222000578,19,229,-210
222000579,45,149,-104
222000580,118,920,-802
222000599,1,178,-177
222000600,4,282,-278
222000601,11,835,-824
222000603,39,12,27
222000604,20,31,-11
222000605,19,11,8
222000606,2,6,-4
222000607,0,5,-5
222000608,2,17,-15
222000609,31,334,-303
222000616,127,36,91
222000617,5,2,3
222000618,2,1,1
222000620,60,24,36
222000621,65,10,55
222000623,383,2,381
222000624,188,0,188
222000625,237,53,184
222000636,32,7,25
222000686,19,14,5
222000687,14,16,-2
222001066,173,2,171
222001067,3,5,-2
222001068,10,28,-18
222001069,13,44,-31
222001082,5,81,-76
222001083,5,97,-92
222001084,0,28,-28
222001085,1,219,-218
222001111,23,252,-229
222001112,15,20,-5
222001313,9,1,8
222001314,4,137,-133
222001464,20,50,-30
222001465,10,144,-134
222001484,56,62,-6
222001485,19,81,-62
222001494,123,129,-6
222001495,91,493,-402
222001496,94,59,35
222001497,65,816,-751
222001502,27,159,-132
222001503,46,60,-14
222001504,22,282,-260
222001505,165,14,151
222001506,52,221,-169
222001507,241,24,217
222001510,170,33,137
222001511,34,524,-490
222001514,542,109,433
222001515,272,754,-482
222001518,90,54,36
222001519,27,484,-457
222001527,141,48,93
222001528,63,217,-154
222001529,145,43,102
222001530,41,324,-283
222001533,111,547,-436
222001534,142,38,104
222001535,41,83,-42
222001536,71,445,-374
222001537,126,28,98
222001538,86,570,-484
222001563,152,66,86
222001564,31,1046,-1015
222001568,344,106,238
222001576,0,2,-2
222001579,2,4,-2
222001583,10,372,-362
222001584,68,14,54
222001596,480,1787,-1307
222001597,1140,286,854
222001626,1,175,-174
222001650,112,88,24
222001651,104,115,-11
222001914,216,46,170
222001915,61,236,-175
222900004,458,138,320
222900009,494,872,-378
222900019,160,189,-29
222900024,8,30,-22
222900025,0,34,-34
225000001,272,81,191
225000002,208,76,132
225000003,180,57,123
225000004,124,188,-64
225000005,15,44,-29
225000006,0,99,-99
225000007,3259,1145,2114
225000010,178,3,175
225000011,366,590,-224
225000012,92,313,-221
225000013,90,140,-50
225000014,434,65,369
225000015,79,229,-150
225000021,662,169,493
225000027,256,505,-249
225000032,509,127,382
225000042,77,628,-551
225000049,10,56,-46
225000050,35,10,25
225000053,4,197,-193
225000058,355,137,218
225000067,167,229,-62
225000068,91,535,-444
225000069,183,547,-364
225000070,50,527,-477
225000071,10,369,-359
225000075,14,833,-819
225000076,75,184,-109
225000078,39,23,16
225000085,12,82,-70
225000086,88,33,55
225000087,125,15,110
225000088,19,159,-140
225000089,392,597,-205
225000090,24,313,-289
225000091,77,277,-200
225000092,14,96,-82
225000093,124,410,-286
225000094,6,500,-494
225000095,236,605,-369
225000096,110,384,-274
225000098,259,73,186
225000099,159,91,68
225000100,102,108,-6
225000104,37,345,-308
225000110,6,516,-510
225000111,163,1369,-1206
225000112,230,1071,-841
225000113,109,661,-552
225000114,45,349,-304
225000115,2962,538,2424
225000116,969,65,904
225000117,766,276,490
225000118,662,240,422
225000119,84,66,18
225000120,510,47,463
225000121,175,19,156
225000123,991,14,977
225000125,177,308,-131
225000126,693,175,518
225000127,945,412,533
225000128,238,301,-63
225000132,189,26,163
225000133,184,29,155
225000134,449,69,380
225000135,46,8,38
225000136,101,12,89
225000137,62,40,22
225000138,172,16,156
225000143,73,158,-85
225000144,0,386,-386
225000145,12,39,-27
225000146,28,115,-87
225000147,8,399,-391
225000148,11,306,-295
225000149,74,495,-421
225000151,28,294,-266
225000155,171,327,-156
225000156,133,645,-512
225000157,121,357,-236
225000158,30,443,-413
225000171,4,197,-193
225000180,14,1,13
225000181,0,42,-42
225000182,33,4,29
225000185,11,251,-240
225000187,51,411,-360
225000191,60,0,60
225000194,0,7,-7
225000208,1,70,-69
225000209,13,4,9
225000210,2,201,-199
225000217,0,11,-11
225000218,10,1,9
225000223,0,23,-23
225000224,91,0,91
225000225,1,8,-7
225000226,53,0,53
225000227,43,54,-11
225000228,9,4,5
225000229,0,85,-85
225000230,4,0,4
225000231,1,85,-84
225000232,31,0,31
225000241,42,0,42
225000242,0,15,-15
225000249,2,0,2
225000250,40,1105,-1065
225000251,250,24,226
225000254,2,0,2
225000256,0,0,0
225000257,2,22,-20
226000042,341,362,-21
226000043,74,248,-174
226000044,117,688,-571
226000045,44,513,-469
226000046,328,32,296
226000047,261,38,223
226000048,271,35,236
226000049,149,73,76
226000070,0,55,-55
226000071,0,77,-77
226000072,0,6,-6
226000073,0,7,-7
226000074,0,4,-4
226000084,0,83,-83
226000085,0,2,-2
226000086,0,3,-3
226000087,1,20,-19
226000088,59,31,28
226000090,154,28,126
226000091,5,2,3
226000092,2,0,2
226000093,4,0,4
226000094,6,13,-7
226000095,6,2,4
226000105,1,0,1
226000106,6,0,6
226000107,4,0,4
226000108,22,0,22
226000109,24,0,24
226000124,93,40,53
226000134,290,419,-129
226000135,607,453,154
226000136,147,237,-90
226000137,2,317,-315
226000138,4,137,-133
226000139,2,23,-21
226000156,46,0,46
226000157,82,5,77
226000163,111,68,43
226000202,3,475,-472
226000231,70,7,63
226000232,36,4,32
227000033,260,38,222
227000036,135,22,113
227000037,99,17,82
227000038,126,15,111
227000084,2,46,-44
227000085,1,48,-47
227000088,11,0,11
227000089,109,2,107
227000090,40,0,40
227000091,5,0,5
227000092,10,1,9
227000093,36,0,36
227000094,2,0,2
227000130,24,94,-70
227000131,5,369,-364
227000132,24,281,-257
227000133,11,338,-327
227000134,21,511,-490
227000152,0,1,-1
227000153,0,46,-46
227000154,0,26,-26
227000155,4,24,-20
227000156,0,26,-26
227000165,8,25,-17
227000196,123,500,-377
227000199,67,789,-722
227000230,44,513,-469
227000232,129,14,115
227000242,74,541,-467
227000243,350,44,306
227000245,25,413,-388
227000246,61,558,-497
227000247,162,73,89
227000248,47,12,35
227000249,13,272,-259
227000250,196,73,123
227000251,145,211,-66
227000252,21,434,-413
227000253,40,35,5
227000262,239,28,211
227000266,301,29,272
227000267,31,2377,-2346
227000282,4,256,-252
227000284,130,19,111
227000286,2,135,-133
227000291,23,615,-592
227000296,582,202,380
227000484,175,12,163
227000485,14,677,-663
227000655,34,12,22
227000656,591,24,567
227000657,10,15,-5
229000265,4,11,-7
229000266,0,1,-1
229000267,31,0,31
229000268,6,0,6
229000269,25,0,25
229000274,0,15,-15
229000275,0,7,-7
229000276,0,27,-27
229000277,0,5,-5
229000278,0,5,-5
229000295,22,17,5
229000296,3,5,-2
229000297,10,41,-31
229000298,11,130,-119
229000320,7,15,-8
229000321,7,7,0
229000412,34,56,-22
229000414,9,47,-38
229000415,3,0,3
229000416,0,5,-5
229000417,3,8,-5
229000419,79,227,-148
229000440,163,33,130
229000442,9,7,2
229000443,1,1,0
229000444,5,47,-42
229000445,11,10,1
229000446,72,25,47
229000491,4,39,-35
229000492,14,171,-157
229000493,3,140,-137
229000494,40,7,33
229000495,106,19,87
229000496,40,12,28
229000507,1,30,-29
229000508,0,29,-29
229000509,0,54,-54
229000510,2,30,-28
229000511,1,65,-64
229000512,0,38,-38
229000513,0,6,-6
229000514,1,2,-1
229000517,0,12,-12
229000518,1,41,-40
229000519,0,27,-27
229000520,5,40,-35
229000521,21,20,1
229000522,6,21,-15
229000523,6,13,-7
229000524,2,14,-12
229000527,2,1,1
229000528,0,0,0
229000529,0,0,0
229000530,59,7,52
229000531,36,9,27
229000532,52,8,44
229000533,112,2,110
229000534,79,4,75
229000564,38,0,38
229000565,11,1,10
229000566,0,34,-34
229000567,0,80,-80
229000582,183,4,179
229000583,2,4,-2
229000584,2,49,-47
229000585,3,36,-33
229000718,0,1,-1
229000719,0,3,-3
229000720,0,36,-36
229000721,0,17,-17
229000722,0,40,-40
229000723,0,30,-30
229000724,0,1,-1
229000725,0,4,-4
229000738,0,0,0
229000739,4,0,4
229000740,0,0,0
229000741,12,0,12
229000742,2,0,2
229000743,15,0,15
229000744,4,0,4
229000745,2,0,2
229000746,22,0,22
229000847,10,1,9
229000848,7,0,7
229000849,62,1,61
229000851,7,0,7
229000854,0,73,-73
229000856,2,184,-182
229000857,0,56,-56
229000858,0,137,-137
229000919,11,75,-64
229000930,4,211,-207
229000937,54,33,21
229000966,42,14,28
229000981,38,29,9
229000985,6,34,-28
229000986,0,2,-2
229000987,0,0,0
229000988,0,5,-5
229000989,1,10,-9
229000990,0,3,-3
229000991,0,1,-1
229000992,8,9,-1
229000993,90,24,66
229000998,23,52,-29
229000999,62,27,35
229001034,1,24,-23
229001035,2,5,-3
229001036,0,52,-52
229001037,20,0,20
229001038,0,5,-5
229001039,4,0,4
229001040,0,76,-76
229001041,80,0,80
229001042,5,25,-20
229001047,1,55,-54
229001050,50,21,29
229001168,0,9,-9
229001200,1,2,-1
229001338,13,28,-15
229001394,246,3,243
229001422,73,37,36
229001423,18,128,-110
229001431,32,42,-10
229001432,35,79,-44
229001444,70,36,34
229001445,35,164,-129
229001479,4,12,-8
229001503,100,79,21
229001504,83,195,-112
229001505,64,51,13
229001506,39,142,-103
229001509,68,10,58
229001510,3,40,-37
229001545,51,7,44
229001546,7,100,-93
229001553,24,16,8
229001554,16,116,-100
229001630,48,17,31
229001631,29,30,-1
229001635,0,8,-8
229001636,0,1,-1
229001658,0,81,-81
229001659,103,1,102
229001660,0,2,-2
229001661,1,8,-7
229001662,40,0,40
229001663,0,35,-35
229002584,114,116,-2
229002831,156,154,2
229002841,3,20,-17
229002842,8,16,-8
229002843,30,10,20
229002844,11,62,-51
229002845,0,81,-81
229002846,6,7,-1
229002847,1,7,-6
229002848,5,12,-7
229002849,0,70,-70
229002850,2,0,2
229002851,30,112,-82
229002852,45,17,28
229002853,24,26,-2
229002854,14,37,-23
229002855,11,45,-34
229002856,19,6,13
229002857,5,58,-53
229002858,8,8,0
229002859,15,21,-6
229002860,18,7,11
229002861,22,17,5
229002862,11,69,-58
229002863,4,17,-13
229002864,7,24,-17
229002865,2,17,-15
229002866,18,19,-1
229002867,1,35,-34
229002868,14,12,2
229002869,1,129,-128
229002870,10,7,3
235000067,325,42,283
235000072,85,224,-139
235000080,4,67,-63
235000081,50,207,-157
235000082,38,40,-2
235000083,107,77,30
235000084,14,53,-39
235000085,74,40,34
235000093,0,2,-2
235000097,2,4,-2
235000098,27,10,17
235000115,101,75,26
235000116,36,7,29
235000117,597,3,594
235000133,18,205,-187
235000134,11,56,-45
235000206,7,0,7
235000207,2,0,2
235000210,2,0,2
235000212,2,5,-3
235000220,0,2,-2
235000221,12,4,8
235000238,10,12,-2
235000239,1,1,0
235000242,147,173,-26
235000245,1008,160,848
235000246,5,58,-53
235000284,5,130,-125
235000295,101,1,100
235000305,63,14,49
235000306,29,8,21
235000307,10,7,3
235000308,13,0,13
235000309,9,0,9
235000310,51,0,51
235000311,57,34,23
235000322,0,31,-31
235000323,0,65,-65
235000324,0,12,-12
235000325,0,8,-8
235000326,3,370,-367
235000351,8,41,-33
235000352,16,48,-32
235000353,1,29,-28
235000354,3,35,-32
235000355,10,91,-81
235000356,27,22,5
235000357,6,19,-13
235000358,45,20,25
235000359,1,16,-15
235000360,79,15,64
235000361,31,3,28
235000381,7,245,-238
235000382,33,23,10
235000390,5,5,0
235000391,55,32,23
235000392,63,106,-43
235000393,51,79,-28
235000395,72,11,61
235000396,143,37,106
235000399,112,10,102
235000400,49,27,22
235000401,27,209,-182
235000402,27,84,-57
235000405,59,371,-312
235000406,40,335,-295
235000407,56,154,-98
235000409,157,127,30
235000411,6,79,-73
235000485,0,7,-7
235000486,2,0,2
235000549,29,112,-83
235000550,32,239,-207
235000599,32,87,-55
235000600,7,7,0
235000601,13,42,-29
235000602,31,86,-55
235000614,0,3,-3
235000648,0,27,-27
235000649,14,3,11
235000815,6,19,-13
235000834,0,5,-5
235000855,10,45,-35
235000862,14,287,-273
235000891,0,10,-10
235000892,9,4,5
235000901,17,89,-72
235000907,8,6,2
235001010,18,58,-40
235001030,230,124,106
235001078,47,67,-20
235001079,65,125,-60
235001147,28,44,-16
235001166,12,54,-42
235001167,23,45,-22
235001169,15,319,-304
235001200,42,24,18
235001239,0,29,-29
235016266,75,13,62
235016267,0,19,-19
235900013,0,2,-2
235900014,0,1,-1
241900007,19,0,19
277101746,0,4,-4
277102712,16,0,16
277103813,0,1,-1
277103814,0,0,0
277103898,0,8,-8
990010990,42,173,-131
990011530,0,263,-263
990014944,3,608,-605
990015176,9,1,8
990015618,1,112,-111
990015888,16,47,-31
990016032,0,307,-307
990032570,4,110,-106
990070001,51,2,49
990070103,0,6,-6
990070601,0,61,-61
990070751,185,0,185
990070766,1,929,-928
990071180,322,166,156
990071343,7,2,5
990071387,0,8,-8
990071823,254,3,251
990072600,5,632,-627
990072964,2,670,-668
990073285,0,0,0
990074393,1,1455,-1454
990074714,8,30,-22
990074870,335,22,313
990075106,265,2,263
990075746,140,1,139
990076437,294,1,293
990076458,2,1415,-1413
997000007,77,3,74
997000041,0,140,-140
997000058,23,1,22
997000062,19,1,18
997000069,0,2,-2
997000070,0,52,-52
997000100,4,0,4
997000141,6,773,-767
997000198,1,223,-222
998000475,0,11,-11
998000736,1,340,-339
998000965,0,1,-1
998001031,0,66,-66
998001072,583,318,265
998001091,4,0,4
998001093,0,1,-1
998001103,1,6,-5
998001105,8,15,-7
998001700,0,38,-38
998001899,0,3,-3
998001900,5,1,4
998003073,435,3,432
998003124,8,19,-11
998003125,6,75,-69
998101900,0,0,0
998102850,1,84,-83
998501819,2,0,2
998501820,0,1,-1
998501832,52,135,-83
998501927,401,349,52
998501929,71,2,69
998501930,85,2,83
998501931,80,51,29
998501932,7,8,-1
998501933,13,0,13
998501937,0,0,0
998501944,0,0,0
998501950,0,0,0
998501970,24,7,17
998501971,0,99,-99
998501972,317,0,317
998501973,0,172,-172
998501974,0,331,-331
998501975,127,2,125
998501976,25,1,24
998501977,0,26,-26
998501978,30,0,30
998501979,0,16,-16
998501980,198,23,175
998501981,20,7,13
998501982,0,196,-196
998501983,0,0,0
998502006,0,0,0
998502024,0,2,-2
998502032,0,0,0
998502062,32,19,13
998502063,0,0,0
998502173,6,1,5
998502269,0,1,-1
998601159,2,373,-371
998601292,0,16,-16
999033574,0,39,-39
999800001,10,1,9
999800002,0,0,0
999800003,1,4,-3
999800004,0,7,-7
999800005,0,14,-14
