ID,insum,outsum,diff
100000001,707,511,196
100000002,2649,696,1953
100000003,10683,2146,8537
100000004,2212,687,1525
100000005,2614,2515,99
100000006,338,102,236
100000007,1046,428,618
100000008,262,742,-480
100000009,417,205,212
100000010,26,52,-26
100000011,624,77,547
100000012,47,868,-821
100000013,36,250,-214
100000014,493,325,168
100000015,1328,1122,206
100000016,1320,1410,-90
100000017,992,1162,-170
100000018,1568,618,950
100000019,6939,1827,5112
100000020,2335,4213,-1878
100000021,9037,2166,6871
100000022,2453,878,1575
100000023,9113,966,8147
100000025,4417,498,3919
100000028,2358,881,1477
100000029,338,200,138
100000030,985,60,925
100000031,8854,5682,3172
100000032,3399,3626,-227
100000033,763,2128,-1365
100000034,1167,285,882
100000035,2043,730,1313
100000036,3726,981,2745
100000037,408,450,-42
100000038,1203,904,299
100000039,1014,241,773
100000040,197,188,9
100000041,536,366,170
100000042,474,360,114
100000043,651,316,335
100000044,556,864,-308
100000045,449,1639,-1190
100000046,663,1570,-907
100000047,434,1083,-649
100000048,1296,817,479
100000049,1849,3169,-1320
100000051,362,1233,-871
100000053,37,8,29
100000054,136,40,96
100000055,455,322,133
100000056,245,605,-360
100000057,1643,772,871
100000058,1126,1668,-542
100000059,0,139,-139
100000060,259,355,-96
100000061,1288,590,698
100000062,1437,455,982
100000063,351,258,93
100000064,721,348,373
100000065,281,1606,-1325
100000066,182,1162,-980
100000067,544,951,-407
100000068,633,2147,-1514
100000069,300,1988,-1688
100000072,434,1559,-1125
100000073,1245,1533,-288
100000075,424,362,62
100000076,2229,1731,498
100000077,793,133,660
100000078,134,32,102
100000079,77,47,30
100000080,10,9,1
100000081,71,54,17
100000102,2544,1286,1258
100000103,4406,766,3640
100000104,7083,1145,5938
100000105,5272,657,4615
100000106,3471,1394,2077
100000107,760,350,410
100000108,1217,1212,5
100000109,4194,1170,3024
100000116,1635,529,1106
100000117,36,67,-31
100000118,1321,863,458
100000119,633,627,6
100000121,226,686,-460
100000122,934,771,163
100000123,4990,4711,279
100000124,10835,5760,5075
100000125,4475,844,3631
100000126,797,211,586
100000127,1783,323,1460
100000128,1632,1315,317
100000129,924,437,487
100000130,443,680,-237
100000131,5607,3266,2341
100000132,2860,1818,1042
100000133,13617,3186,10431
100000135,447,744,-297
100000139,190,193,-3
100000140,267,350,-83
100000142,349,443,-94
100000143,977,878,99
100000144,4826,1105,3721
100000147,873,1812,-939
100000150,31,495,-464
100000151,634,387,247
100000153,264,268,-4
100000154,144,75,69
100000155,17,35,-18
100000156,78,80,-2
100000157,99,197,-98
100000158,55,108,-53
100000159,317,486,-169
100000165,1290,711,579
100000169,1043,242,801
100000174,2785,386,2399
100000179,61,660,-599
100000180,4678,1369,3309
100000181,186,443,-257
100000188,55,454,-399
100000189,1276,342,934
100000190,553,399,154
100000191,478,363,115
100000192,119,56,63
100000193,137,168,-31
100000330,2941,531,2410
100000355,114,583,-469
100000362,5609,4085,1524
100000363,2122,3237,-1115
100000364,424,155,269
100000365,3411,5269,-1858
100000366,4723,2592,2131
100000367,2726,3476,-750
100000368,2512,2244,268
100000369,1049,1500,-451
100000370,196,319,-123
100000376,51,115,-64
100000379,2809,1159,1650
100000380,3921,1455,2466
100000384,7613,2205,5408
100000385,8184,3277,4907
100000386,11667,2536,9131
100000387,9485,3118,6367
100000388,16335,3620,12715
100000389,14550,3288,11262
100000390,15734,2751,12983
100000391,9359,3509,5850
100000392,4026,1279,2747
100000393,1655,1245,410
100000394,7166,2959,4207
100000395,3555,894,2661
100000396,5026,1781,3245
100000397,2737,1717,1020
100000398,12930,8458,4472
100900002,3,78,-75
100900003,215,95,120
100900004,39,1107,-1068
100900005,85,9,76
100900006,8,322,-314
100900007,615,13,602
100900008,3,664,-661
100900009,7,34,-27
100900010,94,176,-82
100900011,40,376,-336
100900012,1,354,-353
100900013,918,13,905
100900014,1,16,-15
100900015,155,122,33
100900016,0,59,-59
100900017,743,61,682
100900018,0,16,-16
100900019,24,147,-123
100900020,198,1,197
100900021,663,0,663
100900022,2,20,-18
100900023,0,44,-44
100900024,1046,2,1044
100900025,6,15,-9
100900026,33,203,-170
100900027,646,2414,-1768
100900028,92,169,-77
100900029,99,18,81
100900030,5,11,-6
100900031,259,101,158
100900032,141,1,140
100900033,217,81,136
100900034,290,2,288
100900035,1077,2,1075
100900036,33,1,32
100900037,20,368,-348
100900038,53,24,29
100900039,632,766,-134
100900040,138,1230,-1092
100900041,221,1160,-939
100900042,429,192,237
100900043,0,17,-17
100900044,3563,351,3212
100900045,60,2,58
100900046,1162,14,1148
100900047,1040,125,915
100900048,61,12,49
100900049,64,296,-232
100900050,9,23,-14
100900051,56,42,14
100900052,95,22,73
100900053,160,39,121
100900054,15,163,-148
100900055,194,262,-68
100900056,165,348,-183
100900057,651,558,93
100900058,148,24,124
100900059,38,4,34
100900060,61,11,50
100900061,301,312,-11
100900062,2,103,-101
100900063,125,347,-222
100900064,544,11,533
100900065,74,46,28
100900066,28,66,-38
100900067,6,9,-3
100900068,91,196,-105
100900069,356,6,350
100900070,142,3,139
100900071,689,211,478
100900072,0,79,-79
100900073,89,648,-559
100900074,1,9,-8
100900075,3250,323,2927
100900076,67,31,36
100900077,5,176,-171
100900078,88,220,-132
100900079,2,12,-10
100900080,14,202,-188
100900081,10,96,-86
100900082,40,903,-863
100900083,2,52,-50
100900085,7,84,-77
100900086,135,1222,-1087
100900088,31,1021,-990
100900089,0,22,-22
100900090,204,495,-291
100900091,2,32,-30
100900092,135,169,-34
100900093,89,382,-293
100900094,57,891,-834
100900095,2,30,-28
100900096,34,106,-72
100900097,0,4,-4
100900098,3,19,-16
100900099,28,620,-592
100900100,12,257,-245
100900101,396,20,376
100900102,118,37,81
100900103,1,20,-19
100900104,14,177,-163
100900105,11,86,-75
100900106,36,1,35
100900107,1904,561,1343
100900108,0,7,-7
100900109,12,53,-41
100900110,7,37,-30
100900111,66,124,-58
100900112,1,14,-13
100900113,10,22,-12
100900114,0,25,-25
100900115,0,28,-28
100900116,726,686,40
100900117,230,732,-502
100900118,23,74,-51
100900119,0,25,-25
100900120,2,31,-29
100900121,259,438,-179
100900122,113,190,-77
100900123,64,107,-43
100900124,0,6,-6
100900125,30,115,-85
100900126,59,240,-181
100900127,2,10,-8
100900128,91,128,-37
100900129,0,120,-120
100900131,58,119,-61
100900133,20,70,-50
100900134,1,9,-8
100900135,1,161,-160
100900137,292,265,27
100900138,497,262,235
100900139,2,10,-8
100900140,4,920,-916
100900141,0,316,-316
100900142,1,13,-12
100900143,1090,269,821
100900144,12,4,8
100900145,40,129,-89
100900146,21,9,12
100900147,14,230,-216
100900148,37,1217,-1180
100900149,20,92,-72
100900150,4,17,-13
100900151,91,543,-452
100900152,153,5,148
100900153,4,135,-131
100900154,17,39,-22
100900155,1,4,-3
100900156,21,4,17
100900157,5,124,-119
100900158,1155,376,779
100900159,3,19,-16
100900160,3,18,-15
100900161,185,3,182
100900162,7,175,-168
100900163,169,230,-61
100900164,16,39,-23
100900165,27,68,-41
100900166,44,2,42
100900167,27,142,-115
100900168,35,104,-69
100900169,172,1491,-1319
100900170,23,9,14
100900171,21,948,-927
100900172,0,3,-3
100900173,3,685,-682
100900174,314,84,230
100900176,1371,60,1311
100900177,1084,242,842
100900178,264,214,50
100900179,107,41,66
100900180,1,5,-4
100900181,104,49,55
100900182,7,19,-12
100900184,2,166,-164
100900186,1092,615,477
100900187,11,258,-247
100900188,45,19,26
100900189,807,158,649
100900191,1235,854,381
100900192,221,158,63
100900195,83,182,-99
100900197,7,149,-142
100900198,17,256,-239
100900199,15,13,2
100900200,627,376,251
100900201,74,907,-833
100900202,13,0,13
100900203,3,44,-41
100900204,1624,282,1342
100900205,107,427,-320
100900206,45,71,-26
100900207,171,72,99
100900210,107,1501,-1394
100900211,289,94,195
100900213,33,7,26
100900214,1368,57,1311
100900215,2,33,-31
101000001,6018,2364,3654
101000002,4351,3113,1238
101000003,1008,2393,-1385
101000004,13108,8227,4881
101000005,7217,5275,1942
101000006,11074,7660,3414
101000007,3321,3318,3
101000008,3879,3123,756
101000009,1529,2641,-1112
101000010,813,1808,-995
101000011,2547,796,1751
101000012,2184,562,1622
101000013,603,966,-363
101000014,590,682,-92
101000015,913,900,13
101000016,336,390,-54
101000017,440,495,-55
101000018,4558,2832,1726
101000020,4540,1272,3268
101000021,1205,248,957
101000022,729,77,652
101000023,2026,974,1052
101000025,141,411,-270
101000026,476,52,424
101000027,1849,1796,53
101000028,301,87,214
101000029,33,1065,-1032
101000030,949,75,874
101000031,526,577,-51
101000032,5862,2388,3474
101000033,2773,1969,804
101000034,3016,1368,1648
101000035,1487,507,980
101000036,1705,324,1381
101000037,5907,922,4985
101000039,4996,1133,3863
101000040,5498,2225,3273
101000041,16484,3146,13338
101000042,1135,506,629
101000043,12837,2756,10081
101000045,1530,347,1183
101000046,2364,906,1458
101000047,1268,1294,-26
101000048,925,897,28
101000049,1090,1077,13
101000050,3885,2813,1072
101000051,5520,1193,4327
101000052,1902,580,1322
101000053,1258,2469,-1211
101000054,2305,2717,-412
101000055,2110,816,1294
101000056,66,55,11
101000057,4106,543,3563
101000058,2788,634,2154
101000059,4810,1483,3327
101000060,2330,265,2065
101000061,1738,743,995
101000062,1484,401,1083
101000063,386,347,39
101000064,1235,353,882
101000065,147,303,-156
101000066,289,180,109
101000067,640,374,266
101000068,273,179,94
101000069,328,54,274
101000070,1929,897,1032
101000071,2371,776,1595
101000072,1280,3590,-2310
101000073,838,443,395
101000074,6016,2909,3107
101000075,8237,3720,4517
101000077,1288,1225,63
101000078,1382,2082,-700
101000079,471,659,-188
101000080,716,667,49
101000081,1209,1105,104
101000082,3847,2776,1071
101000083,1537,1562,-25
101000084,1427,1466,-39
101000085,1724,976,748
101000086,1358,1068,290
101000087,958,1371,-413
101000088,831,993,-162
101000089,902,1378,-476
101000090,2907,1658,1249
101000091,400,2029,-1629
101000092,1040,1368,-328
101000093,1739,960,779
101000094,582,1290,-708
101000095,263,951,-688
101000096,257,719,-462
101000097,649,245,404
101000098,658,590,68
101000099,1577,1348,229
101000100,1400,634,766
101000101,460,446,14
101000102,902,332,570
101000103,1041,571,470
101000104,293,376,-83
101000105,1307,192,1115
101000106,1045,617,428
101000107,140,281,-141
101000108,1757,462,1295
101000109,124,41,83
101000110,41,912,-871
101000111,190,246,-56
101000113,148,928,-780
101000114,2875,1371,1504
101000115,113,115,-2
101000116,194,276,-82
101000117,479,382,97
101000119,212,35,177
101000120,255,26,229
101000121,68,16,52
101000122,107,31,76
101000123,49,47,2
101000124,275,337,-62
101000125,119,429,-310
101000128,1209,458,751
101000130,425,279,146
101000131,553,860,-307
101000132,372,1846,-1474
101000135,58,13,45
101000136,277,126,151
101000137,41,191,-150
101000141,3331,1543,1788
101000147,635,543,92
101000148,3620,55,3565
101000149,137,67,70
101000150,32,1328,-1296
101000151,92,82,10
101000152,353,321,32
101000153,675,581,94
101000154,103,2227,-2124
101000155,130,150,-20
101000156,14,231,-217
101000157,48,39,9
101000160,29,68,-39
101000163,190,92,98
101000164,507,401,106
101000165,244,360,-116
101000166,383,600,-217
101000168,687,338,349
101000252,1109,730,379
101000254,688,30,658
101000258,36,6,30
101000261,130,165,-35
101000262,722,978,-256
101000263,321,1742,-1421
101000265,43,721,-678
101000266,301,284,17
101000269,137,9,128
101000290,2800,2797,3
101000293,22,152,-130
101000294,513,522,-9
101000295,121,628,-507
101000301,975,219,756
101000304,2157,2495,-338
101000305,2604,1908,696
101900001,8,119,-111
101900002,0,28,-28
101900003,90,122,-32
101900004,3,20,-17
101900005,6845,988,5857
101900006,889,23,866
101900007,456,55,401
101900008,122,329,-207
101900009,103,463,-360
101900010,1219,395,824
101900011,318,1579,-1261
101900012,154,442,-288
101900013,1727,136,1591
101900017,23,98,-75
101900018,2206,240,1966
101900019,155,66,89
101900020,578,153,425
101900021,0,31,-31
101900022,83,1813,-1730
101900023,119,283,-164
102000001,2276,4334,-2058
102000002,3287,1588,1699
102000003,4736,5090,-354
102000004,13117,2876,10241
102000005,1533,2169,-636
102000006,2186,1748,438
102000007,1647,4777,-3130
102000008,8774,1970,6804
102000009,6633,7533,-900
102000010,8151,3866,4285
102000011,2669,2437,232
102000012,4006,4097,-91
102000018,4180,2967,1213
102000019,3379,1378,2001
102000026,271,514,-243
102000029,482,196,286
102000030,98,281,-183
102000031,26,255,-229
102000032,269,406,-137
102000033,163,509,-346
102000034,734,474,260
102000035,1203,631,572
102000036,12,200,-188
102000037,170,86,84
102000038,105,90,15
102000039,87,41,46
102000040,517,108,409
102000041,223,199,24
102000042,192,124,68
102000043,298,206,92
102000044,221,492,-271
102000045,711,1243,-532
102000046,803,457,346
102000047,717,1289,-572
102000048,196,754,-558
102000049,907,582,325
102000050,1012,1152,-140
102000051,339,622,-283
102000052,1177,982,195
102000053,633,924,-291
102000054,255,936,-681
102000055,791,1165,-374
102000056,716,1770,-1054
102000057,1705,747,958
102000058,1375,2477,-1102
102000059,1378,1830,-452
102000060,1240,1269,-29
102000061,1293,3189,-1896
102000062,1013,1720,-707
102000063,1207,1641,-434
102000064,468,680,-212
102000065,35,145,-110
102000066,1821,1179,642
102000067,3391,3269,122
102000068,9555,2487,7068
102000069,28,1846,-1818
102000070,2605,72,2533
102000071,7711,10842,-3131
102000072,3450,5200,-1750
102000073,1937,1411,526
102000074,1029,1123,-94
102000075,277,311,-34
102000076,438,658,-220
102000077,355,1471,-1116
102000078,901,1232,-331
102000079,123,281,-158
102000080,313,279,34
102000081,377,1000,-623
102000082,827,515,312
102000083,260,805,-545
102000084,137,496,-359
102000085,1681,1488,193
102000086,1178,2049,-871
102000087,634,2253,-1619
102000088,212,318,-106
102000089,1025,684,341
102000090,474,1461,-987
102000091,1672,602,1070
102000092,751,1288,-537
102000093,886,623,263
102000094,1496,482,1014
102000095,1196,1563,-367
102000096,1838,792,1046
102000097,1765,1530,235
102000098,653,1198,-545
102000099,1161,611,550
102000100,1242,773,469
102000101,1563,328,1235
102000102,561,1709,-1148
102000103,1530,357,1173
102000104,1271,366,905
102000105,168,949,-781
102000106,651,1146,-495
102000107,566,669,-103
102000108,487,377,110
102000109,309,662,-353
102000110,473,1952,-1479
102000111,11,367,-356
102000112,153,72,81
102000113,5,31,-26
102000114,1004,356,648
102000115,201,167,34
102000116,497,268,229
102000117,322,529,-207
102000118,1881,1084,797
102000119,2884,460,2424
102000120,109,519,-410
102000121,1279,527,752
102000122,487,777,-290
102000123,1703,1303,400
102000124,1136,915,221
102000125,1153,991,162
102000126,623,664,-41
102000127,1134,764,370
102000128,504,1266,-762
102000129,1318,965,353
102000130,426,795,-369
102000131,3175,795,2380
102000132,1239,699,540
102000133,1065,2984,-1919
102000134,430,948,-518
102000135,1144,669,475
102000136,1279,398,881
102000137,1578,840,738
102000138,430,510,-80
102000139,193,488,-295
102000140,582,237,345
102000141,673,675,-2
102000142,172,483,-311
102000143,73,569,-496
102000144,101,583,-482
102000145,240,518,-278
102000146,296,382,-86
102000147,327,410,-83
102000148,186,259,-73
102000149,116,757,-641
102000150,236,258,-22
102000151,85,468,-383
102000152,74,140,-66
102000153,744,248,496
102000154,381,706,-325
102000155,94,286,-192
102000156,457,71,386
102000157,69,163,-94
102000158,314,191,123
102000159,2172,274,1898
102000161,5844,1547,4297
102000162,220,142,78
102000163,206,561,-355
102000164,1514,851,663
102000165,320,147,173
102000166,28,94,-66
102000167,297,215,82
102000168,169,118,51
102000169,81,433,-352
102000170,866,147,719
102000171,157,114,43
102000172,65,237,-172
102000173,261,178,83
102000174,44,51,-7
102000175,161,200,-39
102000176,32,45,-13
102000178,235,651,-416
102000179,253,211,42
102000180,471,729,-258
102000181,374,869,-495
102000182,415,717,-302
102000183,1213,2279,-1066
102000184,992,1054,-62
102000185,1701,1969,-268
102000186,826,2410,-1584
102000187,761,2210,-1449
102000188,861,1873,-1012
102000189,3393,1094,2299
102000190,896,3032,-2136
102000191,1519,691,828
102000192,746,1199,-453
102000193,58,214,-156
102000194,66,193,-127
102000195,244,729,-485
102000196,107,728,-621
102000197,338,660,-322
102000198,162,1192,-1030
102000199,350,545,-195
102000200,286,1496,-1210
102000201,475,580,-105
102000202,6,192,-186
102000203,144,411,-267
102000204,207,1251,-1044
102000205,587,915,-328
102000206,497,948,-451
102000207,595,654,-59
102000208,247,658,-411
102000209,31,47,-16
102000210,148,693,-545
102000211,201,596,-395
102000212,107,20,87
102000213,4,388,-384
102000214,138,17,121
102000215,6,778,-772
102000216,22,35,-13
102000217,8,307,-299
102000218,129,69,60
102000219,400,485,-85
102000225,892,866,26
102000226,11578,889,10689
102000227,109,8,101
102000228,0,127,-127
102000229,24,18,6
102000230,315,776,-461
102000231,225,542,-317
102000232,8,146,-138
102000233,382,843,-461
102000234,115,2003,-1888
102000236,546,70,476
102000237,458,217,241
102000238,162,357,-195
102000240,711,552,159
102000241,264,137,127
102000243,31,72,-41
102000245,14,110,-96
102000246,16,37,-21
102000247,366,1074,-708
102000248,148,417,-269
102000249,101,179,-78
102000250,36,485,-449
102000254,42,582,-540
102000266,89,272,-183
102000271,13,0,13
102000286,633,364,269
102000297,1615,956,659
102000299,0,0,0
102000301,0,0,0
102000303,0,0,0
102000305,0,0,0
102000307,0,9,-9
102000308,0,0,0
102900001,1349,1052,297
102900002,544,23,521
102900003,28,372,-344
102900005,290,409,-119
102900006,452,265,187
102900007,692,52,640
102900008,168,83,85
102900009,545,123,422
102900010,939,670,269
102900011,2691,296,2395
102900012,368,59,309
102900013,14,94,-80
102900015,999,264,735
102900016,46,137,-91
102900017,91,736,-645
102900018,4,130,-126
102900019,337,599,-262
102900020,86,56,30
102900021,8,129,-121
102900022,256,61,195
102900023,17,49,-32
102900024,25,66,-41
102900025,309,111,198
102900026,657,1408,-751
102900027,36,64,-28
102900028,117,412,-295
102900029,126,129,-3
102900030,383,183,200
102900031,81,176,-95
102900032,25,178,-153
102900033,117,244,-127
102900034,178,167,11
102900035,47,540,-493
102900036,147,703,-556
102900037,205,901,-696
102900038,392,736,-344
102900039,13,432,-419
102900040,111,224,-113
102900041,58,204,-146
102900042,155,382,-227
102900043,104,312,-208
102900044,679,2338,-1659
102900045,80,666,-586
102900046,71,409,-338
102900047,50,835,-785
102900048,499,898,-399
102900049,63,410,-347
102900050,329,467,-138
102900051,203,237,-34
102900052,53,25,28
102900053,336,902,-566
102900054,1108,910,198
102900055,64,129,-65
102900056,190,686,-496
102900057,3,29,-26
102900058,385,73,312
102900059,10,63,-53
102900060,61,487,-426
102900061,79,602,-523
102900062,116,1706,-1590
102900063,586,496,90
102900064,227,533,-306
102900065,1979,879,1100
102900066,351,35,316
102900068,81,95,-14
102900070,204,862,-658
102900072,7,31,-24
102900073,115,6,109
102900074,167,131,36
102900075,34,64,-30
102900076,309,82,227
102900077,51,33,18
102900078,38,67,-29
102900079,389,27,362
102900080,352,35,317
102900081,68,261,-193
102900082,12,317,-305
102900083,338,5,333
102900084,6,17,-11
102900085,156,65,91
102900086,4,25,-21
102900087,37,166,-129
102900088,10,62,-52
102900089,276,153,123
102900090,2,539,-537
102900091,77,0,77
102900092,273,980,-707
102900093,197,192,5
102900094,1,63,-62
102900095,79,7,72
102900096,23,6,17
102900097,32,127,-95
103000001,2219,2849,-630
103000002,2116,2380,-264
103000003,3483,2676,807
103000004,1147,824,323
103000005,2203,2349,-146
103000006,523,1350,-827
103000007,413,967,-554
103000008,926,1130,-204
103000009,769,1155,-386
103000010,114,148,-34
103000011,2177,1200,977
103000012,1114,1354,-240
103000013,8145,2317,5828
103000014,1566,1712,-146
103000015,3007,877,2130
103000016,624,1005,-381
103000017,151,380,-229
103000018,1145,431,714
103000019,158,204,-46
103000020,1777,1460,317
103000021,1202,1522,-320
103000022,1043,1386,-343
103000023,400,1275,-875
103000024,125,199,-74
103000025,60,435,-375
103000026,2136,167,1969
103000027,321,401,-80
103000028,1091,360,731
103000029,698,230,468
103000030,2800,626,2174
103000031,2186,1340,846
103000032,2072,1834,238
103000033,2665,2492,173
103000034,2178,1052,1126
103000035,503,1109,-606
103000036,548,529,19
103000037,798,524,274
103000038,662,876,-214
103000039,337,474,-137
103000040,228,1528,-1300
103000041,1450,3387,-1937
103000042,688,794,-106
103000043,327,1488,-1161
103000044,130,341,-211
103000046,282,377,-95
103000047,434,1012,-578
103000048,111,159,-48
103000049,116,282,-166
103000050,551,849,-298
103000051,307,669,-362
103000052,625,503,122
103000053,118,453,-335
103000054,1822,1320,502
103000055,1437,1917,-480
103000056,498,2983,-2485
103000057,487,413,74
103000058,355,1247,-892
103000059,295,933,-638
103000060,554,880,-326
103000061,296,891,-595
103000062,1107,1028,79
103000063,633,793,-160
103000064,83,332,-249
103000065,2,439,-437
103000066,121,13,108
103000069,151,439,-288
103000070,603,1477,-874
103000071,687,367,320
103000072,130,1204,-1074
103000073,353,173,180
103000074,403,68,335
103000075,94,1154,-1060
103000076,198,213,-15
103000077,20,438,-418
103000078,1223,373,850
103000079,1630,451,1179
103000080,1393,256,1137
103000081,608,755,-147
103000082,353,170,183
103000083,80,462,-382
103000084,84,5,79
103000085,4,103,-99
103000086,678,313,365
103000087,137,554,-417
103000088,289,399,-110
103000089,165,298,-133
103000090,1632,1155,477
103000091,552,464,88
103000092,225,327,-102
103000093,343,681,-338
103000094,109,125,-16
103000095,24,527,-503
103000096,787,130,657
103000097,77,886,-809
103000098,1122,139,983
103000099,459,838,-379
103000100,81,1168,-1087
103000101,514,156,358
103000102,105,774,-669
103000103,465,204,261
103000104,31,226,-195
103000105,65,155,-90
103000106,49,153,-104
103000107,319,89,230
103000108,484,607,-123
103000109,409,317,92
103000110,382,441,-59
103000111,686,463,223
103000112,343,279,64
103000113,758,752,6
103000114,849,342,507
103000115,435,538,-103
103000116,472,562,-90
103000117,151,573,-422
103000118,1415,1281,134
103000119,2243,782,1461
103000120,50,110,-60
103000121,298,575,-277
103000122,322,299,23
103000125,8,601,-593
103000126,288,7,281
103000127,3,280,-277
103000128,112,0,112
103000129,0,203,-203
103000130,20,31,-11
103000131,236,80,156
103000132,101,204,-103
103000133,6,252,-246
103000134,853,602,251
103000135,1055,222,833
103000136,836,308,528
103000137,660,610,50
103000138,947,614,333
103000139,0,64,-64
103000140,100,26,74
103000141,15,103,-88
103000142,125,59,66
103000143,41,242,-201
103000144,79,76,3
103000145,25,29,-4
103000150,81,77,4
103000152,164,288,-124
103000153,92,207,-115
103000156,5,608,-603
103000157,203,8,195
103000159,120,128,-8
103000162,64,36,28
103000163,12,30,-18
103000164,19,21,-2
103000165,152,577,-425
103000166,141,175,-34
103000167,141,120,21
103000168,35,168,-133
103000169,175,447,-272
103000170,521,553,-32
103000171,47,89,-42
103000172,265,1294,-1029
103000173,158,813,-655
103000174,107,407,-300
103000175,146,548,-402
103000176,753,215,538
103000177,898,465,433
103000178,504,351,153
103000179,69,34,35
103000183,82,56,26
103000185,39,108,-69
103000186,42,186,-144
103000187,170,772,-602
103000188,8,93,-85
103000189,780,1076,-296
103000191,770,807,-37
103000292,3206,1000,2206
103000293,1857,1137,720
103000295,91,76,15
103000296,317,2,315
103000297,242,35,207
103000504,57,10,47
103000505,4,8,-4
103000506,7,190,-183
103000507,71,5,66
103000508,79,37,42
103000509,206,668,-462
103900001,5,627,-622
103900002,2151,171,1980
103900003,2159,100,2059
103900004,31,1,30
103900005,1,319,-318
103900006,0,0,0
103900007,24,16,8
103900008,10,4,6
103900009,139,370,-231
103900010,107,338,-231
103900011,82,352,-270
103900012,5,11,-6
103900013,27,95,-68
103900014,17,41,-24
103900015,33,22,11
103900016,252,338,-86
103900017,10,93,-83
103900018,633,147,486
103900019,31,142,-111
103900020,126,321,-195
103900021,1061,50,1011
103900022,770,682,88
103900023,78,2,76
103900024,126,809,-683
103900025,9,37,-28
103900026,50,0,50
103900027,375,316,59
103900028,6,186,-180
103900029,650,55,595
103900030,145,41,104
103900031,4,0,4
103900032,31,25,6
103900033,76,7,69
103900034,18,277,-259
103900035,26,53,-27
103900036,41,17,24
103900037,38,29,9
103900038,43,90,-47
103900039,32,578,-546
103900040,2,296,-294
103900041,14,39,-25
103900042,29,571,-542
103900043,28,119,-91
103900044,342,177,165
103900045,157,128,29
103900047,16,41,-25
103900048,66,13,53
103900049,235,1502,-1267
103900050,4,92,-88
103900051,0,40,-40
103900052,94,750,-656
103900053,45,1193,-1148
103900054,45,728,-683
103900055,311,253,58
103900056,16,53,-37
103900057,12,333,-321
103900058,102,1075,-973
103900059,0,2,-2
103900060,9,248,-239
103900061,70,44,26
103900062,88,59,29
103900063,1,0,1
103900064,42,4,38
103900065,908,338,570
103900066,55,28,27
103900067,59,9,50
103900068,0,0,0
103900069,71,4,67
103900070,113,304,-191
103900071,38,202,-164
103900072,5,415,-410
103900073,17,26,-9
103900074,26,96,-70
103900075,81,93,-12
103900076,213,902,-689
103900077,59,54,5
103900078,64,166,-102
103900079,142,303,-161
103900080,1,10,-9
103900081,54,4,50
103900082,5,100,-95
103900083,2420,423,1997
103900084,73,157,-84
103900085,120,99,21
103900086,250,252,-2
103900087,36,103,-67
103900088,368,198,170
103900089,35,189,-154
103900090,8,265,-257
103900091,971,267,704
103900092,264,553,-289
103900093,83,534,-451
103900094,7,216,-209
103900095,141,163,-22
103900096,11,445,-434
103900097,5,666,-661
103900098,152,82,70
103900099,21,319,-298
103900100,109,526,-417
103900101,66,1026,-960
103900102,3,45,-42
103900104,3,21,-18
103900105,74,192,-118
103900106,0,19,-19
103900107,54,271,-217
103900108,27,464,-437
103900109,37,90,-53
103900110,181,47,134
103900111,26,946,-920
103900112,8,42,-34
103900113,117,185,-68
103900114,507,333,174
103900115,274,70,204
103900116,7702,1201,6501
103900117,304,155,149
103900119,28,33,-5
103900120,2,107,-105
103900122,48,392,-344
103900123,1579,532,1047
103900124,10,27,-17
103900125,39,81,-42
103900126,269,669,-400
103900127,115,1013,-898
103900128,28,238,-210
103900131,9,152,-143
103900133,766,61,705
103900134,0,0,0
103900135,4,10,-6
103900137,1,59,-58
103900138,26,433,-407
103900139,153,987,-834
103900140,13,42,-29
103900141,236,81,155
103900142,62,229,-167
103900143,43,4,39
103900144,0,77,-77
103900145,124,348,-224
103900146,192,408,-216
103900147,213,134,79
103900148,71,221,-150
103900149,119,906,-787
103900150,9110,1958,7152
103900151,42,187,-145
103900152,354,1032,-678
103900153,8,0,8
103900154,1613,718,895
103900155,17,272,-255
103900156,11,221,-210
103900157,17,328,-311
103900158,36,279,-243
103900159,36,81,-45
103900160,21,8,13
103900161,53,211,-158
103900162,46,289,-243
103900163,5,439,-434
103900164,144,48,96
103900167,8,84,-76
103900168,55,184,-129
103900169,32,41,-9
103900170,2,114,-112
103900171,2,89,-87
103900172,15,24,-9
103900173,5,6,-1
103900174,77,56,21
103900175,57,43,14
103900176,11,23,-12
103900177,11,40,-29
103900178,28,97,-69
103900179,29,217,-188
103900180,15,137,-122
103900181,73,39,34
103900182,25,20,5
103900184,630,52,578
103900185,260,102,158
103900187,94,47,47
103900188,16,16,0
103900189,70,6,64
103900190,34,55,-21
103900191,18,58,-40
103900192,38,79,-41
103900193,210,164,46
103900194,34,488,-454
103900195,0,20,-20
103900196,4,17,-13
103900197,16,33,-17
103900198,10,53,-43
103900199,86,104,-18
103900200,112,192,-80
103900201,72,251,-179
103900202,15,61,-46
103900203,11,13,-2
103900204,1,155,-154
103900207,0,191,-191
103900208,31,0,31
103900209,5,129,-124
103900210,10,44,-34
103900211,291,748,-457
103900212,54,588,-534
103900213,141,301,-160
103900214,199,73,126
103900215,712,229,483
103900216,9,1190,-1181
103900217,317,48,269
103900218,2,216,-214
103900219,55,341,-286
103900233,110,6,104
103900235,44,29,15
103900236,19,1,18
103900242,2,8,-6
103900243,6,1,5
103900244,43,465,-422
103900245,54,307,-253
103900246,21,12,9
103900247,17,100,-83
103900248,0,8,-8
103900249,7,43,-36
103900250,30,23,7
103900251,1,19,-18
103900253,31,43,-12
103900254,4,7,-3
103900255,4,8,-4
103900256,27,5,22
103900257,31,83,-52
103900258,15,2,13
103900259,54,11,43
103900261,4,2,2
103900262,7,0,7
103900263,39,24,15
103900264,60,3,57
103900265,42,9,33
103900266,8,52,-44
103900267,3,32,-29
104000001,1982,2466,-484
104000002,1492,2881,-1389
104000003,2765,2437,328
104000004,3907,2738,1169
104000005,996,2098,-1102
104000006,2974,3439,-465
104000007,4309,4018,291
104000008,319,530,-211
104000009,79,200,-121
104000010,156,224,-68
104000011,830,587,243
104000012,119,569,-450
104000013,115,139,-24
104000014,220,905,-685
104000015,202,159,43
104000016,504,522,-18
104000018,504,164,340
104000019,370,114,256
104000020,223,1094,-871
104000021,277,845,-568
104000022,107,401,-294
104000023,386,356,30
104000024,163,462,-299
104000026,30,369,-339
104000027,265,586,-321
104000028,247,315,-68
104000029,405,682,-277
104000030,184,307,-123
104000031,687,306,381
104000032,207,489,-282
104000033,473,449,24
104000034,305,481,-176
104000035,481,573,-92
104000036,426,766,-340
104000037,245,405,-160
104000038,239,254,-15
104000039,206,560,-354
104000040,506,665,-159
104000041,575,347,228
104000042,216,551,-335
104000043,271,500,-229
104000044,214,869,-655
104000045,861,1438,-577
104000046,1698,1922,-224
104000047,899,1688,-789
104000048,1268,2487,-1219
104000049,302,362,-60
104000050,270,682,-412
104000051,66,822,-756
104000052,1072,1652,-580
104000053,741,763,-22
104000054,498,785,-287
104000055,4321,3864,457
104000056,1845,204,1641
104000057,92,650,-558
104000058,569,781,-212
104000059,397,1434,-1037
104000060,562,1190,-628
104000061,956,1651,-695
104000062,217,190,27
104000064,686,299,387
104000065,100,384,-284
104000069,1814,592,1222
104000070,74,370,-296
104000071,125,437,-312
104000072,665,254,411
104000075,63,328,-265
104000076,371,91,280
104000082,2233,2536,-303
104000083,764,201,563
104000084,132,554,-422
104000085,209,254,-45
104000086,152,459,-307
104000087,557,1151,-594
104000090,561,2201,-1640
104000092,628,3609,-2981
104000094,791,2887,-2096
104000095,1515,1593,-78
104000096,1072,520,552
104000097,1212,1445,-233
104000098,1222,1696,-474
104000100,1092,760,332
104000101,913,3018,-2105
104000106,99,697,-598
104000107,650,751,-101
104000108,462,734,-272
104000109,352,70,282
104000110,1274,1090,184
104000111,7062,1803,5259
104000112,3333,574,2759
104000116,4,1522,-1518
104000117,54,1153,-1099
104000118,338,299,39
104000119,439,290,149
104000120,174,1201,-1027
104000121,235,743,-508
104000122,550,849,-299
104000123,1092,1744,-652
104000124,2298,3565,-1267
104000125,6224,2999,3225
104000126,351,623,-272
104000127,1936,5403,-3467
104000128,996,570,426
104000129,523,46,477
104000130,117,214,-97
104000131,1255,872,383
104000132,755,1066,-311
104000133,1142,938,204
104000134,990,1472,-482
104000135,495,1086,-591
104000136,1122,2334,-1212
104000137,2309,279,2030
104000138,1843,531,1312
104000139,12526,3521,9005
104000141,1743,2408,-665
104000142,654,1332,-678
104000143,497,1025,-528
104000144,42,222,-180
104000145,319,197,122
104000146,521,713,-192
104000147,98,544,-446
104000148,188,208,-20
104000149,159,550,-391
104000150,610,462,148
104000151,421,783,-362
104000152,517,1022,-505
104000153,210,422,-212
104000154,1427,986,441
104000155,305,430,-125
104000157,1362,2137,-775
104000158,423,332,91
104000159,523,377,146
104000160,1755,1375,380
104000161,244,170,74
104000162,66,129,-63
104000165,1432,1237,195
104000167,453,610,-157
104000168,573,3,570
104000169,48,49,-1
104000170,1074,370,704
104000248,200,845,-645
104000251,56,473,-417
104000272,0,0,0
104000273,0,0,0
104000274,0,0,0
104000275,0,0,0
104000279,887,652,235
104000290,55,494,-439
104000291,603,1313,-710
104000293,472,783,-311
104000294,9,0,9
104000295,482,903,-421
104000296,260,952,-692
104000297,936,1806,-870
104000298,2528,1094,1434
104000299,623,1384,-761
104900001,62,461,-399
104900002,20,97,-77
104900003,25,481,-456
104900004,81,498,-417
104900005,115,173,-58
104900006,103,96,7
104900007,170,294,-124
104900009,76,605,-529
104900010,18,11,7
104900011,20,9,11
104900012,102,3,99
104900013,91,3,88
104900014,4916,403,4513
104900015,72,1,71
104900016,125,505,-380
104900017,52,180,-128
104900018,3,324,-321
104900019,322,1178,-856
104900020,32,353,-321
104900021,4,466,-462
104900022,18,149,-131
104900023,1,223,-222
104900024,10,124,-114
104900025,40,418,-378
104900026,1,187,-186
104900027,234,246,-12
104900028,66,128,-62
104900029,73,172,-99
104900030,373,178,195
104900031,210,250,-40
104900032,44,221,-177
104900033,101,269,-168
104900034,220,89,131
104900035,130,100,30
104900036,153,70,83
104900037,95,334,-239
104900038,732,345,387
104900039,1444,166,1278
104900040,174,68,106
104900041,140,160,-20
104900042,153,419,-266
104900043,2,36,-34
104900044,252,210,42
104900045,278,50,228
104900046,72,143,-71
104900047,188,176,12
104900048,155,127,28
104900049,14,9,5
104900050,89,57,32
104900051,151,55,96
104900052,59,0,59
104900053,270,65,205
104900054,156,56,100
104900055,32,0,32
104900056,100,11,89
104900057,49,5,44
104900058,890,141,749
104900059,22,40,-18
104900060,2,392,-390
104900061,225,881,-656
104900063,0,146,-146
104900064,0,127,-127
104900065,1,104,-103
104900066,1,263,-262
104900067,1,314,-313
104900068,10,323,-313
104900070,118,369,-251
104900071,4,932,-928
104900072,45,193,-148
104900073,25,348,-323
104900074,25,219,-194
104900075,67,83,-16
104900076,45,501,-456
104900077,1506,89,1417
104900078,124,974,-850
104900079,128,183,-55
104900080,35,677,-642
104900082,7,358,-351
104900085,5,264,-259
104900087,305,2,303
104900089,101,0,101
104900090,374,562,-188
104900091,533,1298,-765
104900093,221,746,-525
104900097,4105,1415,2690
104900098,65,39,26
104900099,216,476,-260
104900100,825,248,577
104900102,23,278,-255
104900103,516,135,381
104900104,4983,1240,3743
104900106,27,165,-138
104900107,32,376,-344
104900108,17,399,-382
104900109,76,253,-177
104900110,10,65,-55
104900111,115,88,27
104900112,141,1179,-1038
104900113,507,676,-169
104900114,153,1003,-850
104900115,300,673,-373
104900116,106,412,-306
104900118,6,76,-70
104900119,1,25,-24
104900120,39,99,-60
104900121,1,184,-183
104900122,3,125,-122
104900123,13,4,9
104900124,15,1,14
104900125,473,4,469
104900126,86,59,27
104900127,13,27,-14
104900128,99,256,-157
104900129,3840,999,2841
105000001,2129,2087,42
105000002,1721,2071,-350
105000003,2577,4745,-2168
105000004,502,1253,-751
105000005,696,1509,-813
105000006,977,1668,-691
105000007,806,1259,-453
105000008,924,1714,-790
105000009,1240,2769,-1529
105000010,3406,3104,302
105000011,1950,2081,-131
105000012,4833,3846,987
105000013,622,997,-375
105000014,1372,2238,-866
105000015,9415,7332,2083
105000016,4072,2405,1667
105000017,1732,1296,436
105000018,1417,1097,320
105000019,1770,1078,692
105000020,260,370,-110
105000021,315,129,186
105000022,183,35,148
105000023,524,230,294
105000028,38,144,-106
105000029,296,994,-698
105000030,4658,4447,211
105000033,1159,2598,-1439
105000034,164,545,-381
105000037,699,600,99
105000038,2070,1394,676
105000039,4296,2520,1776
105000040,873,710,163
105000041,988,1773,-785
105000042,3861,1310,2551
105000043,2904,3233,-329
105000044,281,441,-160
105000045,441,1151,-710
105000046,554,397,157
105000047,475,1818,-1343
105000048,370,202,168
105000049,232,907,-675
105000050,375,383,-8
105000051,198,553,-355
105000052,532,968,-436
105000053,145,182,-37
105000054,152,1143,-991
105000055,367,526,-159
105000056,769,3175,-2406
105000057,1080,1255,-175
105000058,1411,1702,-291
105000059,489,588,-99
105000060,415,834,-419
105000061,305,468,-163
105000062,785,1312,-527
105000063,284,843,-559
105000064,689,719,-30
105000065,296,1147,-851
105000066,982,2647,-1665
105000067,704,656,48
105000068,456,1183,-727
105000069,3370,748,2622
105000070,945,901,44
105000071,204,428,-224
105000072,489,894,-405
105000073,720,566,154
105000074,909,1186,-277
105000075,509,926,-417
105000076,1299,1242,57
105000077,1956,804,1152
105000078,1600,1254,346
105000079,2084,1777,307
105000080,1999,1286,713
105000081,1198,761,437
105000082,558,579,-21
105000083,1315,993,322
105000084,499,1339,-840
105000085,1225,1204,21
105000086,546,1012,-466
105000087,2770,2299,471
105000088,2086,1518,568
105000089,4674,2996,1678
105000090,1374,1132,242
105000091,2346,2343,3
105000092,784,1335,-551
105000093,393,225,168
105000094,286,277,9
105000095,45,508,-463
105000096,1029,797,232
105000097,1149,746,403
105000098,502,629,-127
105000099,825,1076,-251
105000100,1098,1410,-312
105000101,1789,2540,-751
105000102,3399,1830,1569
105000103,2340,2683,-343
105000104,1543,1203,340
105000105,970,2074,-1104
105000106,1202,1956,-754
105000107,787,1253,-466
105000108,936,2297,-1361
105000109,1165,2059,-894
105000110,536,1089,-553
105000111,428,590,-162
105000112,1040,1075,-35
105000113,405,529,-124
105000114,4345,1164,3181
105000115,294,693,-399
105000116,507,675,-168
105000117,778,1767,-989
105000118,220,467,-247
105000119,543,1715,-1172
105000120,636,800,-164
105000121,805,1501,-696
105000122,220,516,-296
105000123,1066,1899,-833
105000124,1220,1239,-19
105000125,533,2243,-1710
105000126,1579,2544,-965
105000127,2144,2456,-312
105000128,388,1615,-1227
105000129,599,378,221
105000130,141,899,-758
105000131,568,425,143
105000132,694,416,278
105000133,296,1366,-1070
105000134,405,531,-126
105000135,397,815,-418
105000136,30,184,-154
105000137,236,350,-114
105000138,62,128,-66
105000139,1137,1177,-40
105000140,146,528,-382
105000141,187,877,-690
105000142,73,584,-511
105000143,275,764,-489
105000144,236,728,-492
105000145,464,611,-147
105000146,521,671,-150
105000147,346,405,-59
105000148,1122,667,455
105000149,1767,1702,65
105000150,2577,1373,1204
105000151,286,400,-114
105000152,132,746,-614
105000153,396,509,-113
105000154,866,1055,-189
105000155,246,575,-329
105000156,1110,987,123
105000157,1260,2497,-1237
105000158,1919,892,1027
105000159,370,1679,-1309
105000160,1206,661,545
105000161,716,2314,-1598
105000162,382,1312,-930
105000163,1345,1486,-141
105000164,246,472,-226
105000165,1725,3307,-1582
105000166,9625,345,9280
105000167,3597,1265,2332
105000168,363,1131,-768
105000169,262,623,-361
105000170,102,1392,-1290
105000171,1201,402,799
105000172,59,66,-7
105000173,55,37,18
105000174,38,32,6
105000175,103,144,-41
105000176,109,69,40
105000177,64,156,-92
105000178,115,846,-731
105000179,127,173,-46
105000180,73,112,-39
105000181,75,547,-472
105000182,23,72,-49
105000183,3269,1373,1896
105000184,1697,1142,555
105000185,2106,845,1261
105000186,543,1140,-597
105000187,717,336,381
105000188,310,127,183
105000189,216,696,-480
105000190,165,445,-280
105000191,303,533,-230
105000192,73,77,-4
105000193,63,146,-83
105000194,162,144,18
105000195,264,1389,-1125
105000196,23,72,-49
105000197,260,925,-665
105000198,511,391,120
105000199,226,189,37
105000200,115,304,-189
105000201,79,30,49
105000203,9,342,-333
105000204,62,134,-72
105000205,92,292,-200
105000207,1150,284,866
105000208,403,521,-118
105000209,148,397,-249
105000212,920,1971,-1051
105000213,222,200,22
105000214,76,260,-184
105000215,170,365,-195
105000216,51,538,-487
105000217,198,419,-221
105000218,673,1088,-415
105000221,131,284,-153
105000222,71,61,10
105000223,140,227,-87
105000226,25,506,-481
105000227,17,280,-263
105000228,222,919,-697
105000229,51,220,-169
105000231,105,313,-208
105000233,660,673,-13
105000234,587,1546,-959
105000235,238,567,-329
105000237,482,63,419
105000243,19,310,-291
105000248,65,56,9
105000262,210,2353,-2143
105000269,119,154,-35
105000270,225,128,97
105000271,0,317,-317
105000282,109,60,49
105000287,322,150,172
105000288,390,491,-101
105000289,1068,910,158
105000290,6,5,1
105000402,6129,2186,3943
105000426,378,532,-154
105000438,874,602,272
105000446,16099,5816,10283
105000447,9220,3120,6100
105000454,140,620,-480
105000455,222,275,-53
105000474,15,0,15
105000477,176,431,-255
105000478,1320,2209,-889
105000479,109,142,-33
105000480,1825,2143,-318
105000481,2190,2307,-117
105000482,5245,3211,2034
105000483,1036,1287,-251
105000484,2911,3015,-104
105000485,1061,1418,-357
105000486,4001,2751,1250
105000488,3284,3298,-14
105000489,567,842,-275
105000549,25,171,-146
105000550,447,1335,-888
105000551,26,112,-86
105000552,3853,2412,1441
105900001,4,958,-954
105900002,1920,478,1442
105900003,4,111,-107
105900004,667,135,532
105900005,5,262,-257
105900006,10,46,-36
105900007,102,17,85
105900008,36,923,-887
105900009,11,11,0
105900011,292,42,250
105900012,626,146,480
105900013,4,33,-29
105900014,6,95,-89
105900015,201,383,-182
105900016,212,965,-753
105900017,590,52,538
105900018,240,297,-57
105900019,95,676,-581
105900020,25,62,-37
105900021,40,479,-439
105900022,221,374,-153
105900023,4,211,-207
105900024,12,296,-284
105900025,98,49,49
105900026,205,47,158
105900027,6089,6742,-653
105900028,49,180,-131
105900029,2434,460,1974
105900030,240,369,-129
105900031,453,190,263
105900032,40,155,-115
105900033,107,138,-31
105900034,130,302,-172
105900035,239,259,-20
105900036,35,112,-77
105900037,37,88,-51
105900038,99,339,-240
105900039,50,159,-109
105900040,52,111,-59
105900041,188,442,-254
105900042,28,115,-87
105900043,2016,109,1907
105900044,3,228,-225
105900045,4,867,-863
105900046,5,227,-222
105900047,47,39,8
105900048,67,557,-490
105900050,5609,1151,4458
105900051,18,1411,-1393
105900052,272,197,75
105900053,4876,1315,3561
105900054,297,304,-7
105900056,900,256,644
105900057,9,173,-164
105900058,10,46,-36
105900059,0,49,-49
106000001,4122,1322,2800
106000002,3338,4628,-1290
106000003,2845,2319,526
106000004,2307,2582,-275
106000005,2538,5218,-2680
106000006,6711,5486,1225
106000007,538,617,-79
106000008,576,347,229
106000009,469,439,30
106000010,617,669,-52
106000011,811,1127,-316
106000012,858,2044,-1186
106000013,1717,2306,-589
106000014,2438,2270,168
106000015,1115,1287,-172
106000016,1178,3016,-1838
106000017,687,746,-59
106000018,532,743,-211
106000019,284,538,-254
106000020,263,598,-335
106000021,193,591,-398
106000022,262,415,-153
106000023,439,493,-54
106000024,563,966,-403
106000025,93,250,-157
106000026,217,413,-196
106000027,734,1442,-708
106000028,441,887,-446
106000029,951,1906,-955
106000030,1050,399,651
106000034,181,664,-483
106000035,709,1082,-373
106000036,435,389,46
106000037,1777,1755,22
106000038,681,98,583
106000039,199,71,128
106000040,154,823,-669
106000041,841,269,572
106000043,541,91,450
106000046,314,23,291
106000047,24,364,-340
106000049,422,138,284
106000050,366,1007,-641
106000051,426,369,57
106000052,76,823,-747
106000053,127,110,17
106000054,420,594,-174
106000055,568,871,-303
106000056,237,636,-399
106000057,196,194,2
106000058,130,242,-112
106000059,160,259,-99
106000060,554,701,-147
106000061,219,446,-227
106000062,186,679,-493
106000063,412,464,-52
106000064,34,506,-472
106000065,199,220,-21
106000066,103,513,-410
106000067,236,141,95
106000068,49,749,-700
106000069,95,123,-28
106000070,322,978,-656
106000071,579,341,238
106000072,5308,1508,3800
106000073,1931,2185,-254
106000074,260,626,-366
106000075,282,1163,-881
106000076,1249,1828,-579
106000077,3462,1346,2116
106000078,682,1019,-337
106000079,494,1272,-778
106000080,920,937,-17
106000081,419,1251,-832
106000082,2310,1077,1233
106000083,312,1346,-1034
106000084,1022,725,297
106000085,1661,1258,403
106000086,641,706,-65
106000087,775,682,93
106000088,369,782,-413
106000089,681,595,86
106000090,208,672,-464
106000091,236,762,-526
106000092,555,240,315
106000093,190,76,114
106000094,120,372,-252
106000095,363,1311,-948
106000096,551,891,-340
106000097,574,1635,-1061
106000098,431,1250,-819
106000099,193,1162,-969
106000100,1475,373,1102
106000101,3227,342,2885
106000102,401,701,-300
106000103,265,718,-453
106000104,789,511,278
106000105,361,1057,-696
106000106,373,494,-121
106000107,45,472,-427
106000108,128,430,-302
106000109,56,417,-361
106000110,98,410,-312
106000111,84,742,-658
106000112,91,422,-331
106000113,1099,842,257
106000114,398,440,-42
106000115,220,657,-437
106000116,117,251,-134
106000117,1093,857,236
106000118,996,1160,-164
106000119,2851,1340,1511
106000120,803,886,-83
106000121,112,194,-82
106000122,43,363,-320
106000123,148,342,-194
106000124,27,521,-494
106000125,17,529,-512
106000126,99,258,-159
106000127,443,1129,-686
106000128,404,376,28
106000129,336,927,-591
106000130,453,444,9
106000131,106,724,-618
106000132,880,152,728
106000133,4490,1117,3373
106000134,932,2088,-1156
106000135,222,1024,-802
106000136,432,473,-41
106000137,82,1880,-1798
106000138,503,63,440
106000139,52,154,-102
106000140,23,151,-128
106000141,38,187,-149
106000142,63,85,-22
106000143,15,172,-157
106000144,24,81,-57
106000145,85,502,-417
106000146,157,228,-71
106000147,418,567,-149
106000148,738,1071,-333
106000149,368,461,-93
106000150,462,1834,-1372
106000151,5516,1049,4467
106000152,1905,1387,518
106000153,88,1677,-1589
106000154,1922,273,1649
106000155,51,187,-136
106000156,781,484,297
106000157,1127,2223,-1096
106000158,3833,902,2931
106000159,5842,1731,4111
106000160,187,1751,-1564
106000161,1520,631,889
106000162,136,681,-545
106000163,152,709,-557
106000164,205,407,-202
106000165,161,880,-719
106000166,280,341,-61
106000167,201,1916,-1715
106000168,223,280,-57
106000169,152,1116,-964
106000170,288,288,0
106000171,94,1203,-1109
106000172,2278,958,1320
106000173,836,3322,-2486
106000174,1026,355,671
106000175,290,1278,-988
106000176,897,669,228
106000177,610,3002,-2392
106000178,2895,1461,1434
106000179,1196,2644,-1448
106000180,776,2395,-1619
106000181,406,2474,-2068
106000182,559,787,-228
106000183,624,1157,-533
106000184,899,1218,-319
106000185,518,1244,-726
106000186,827,278,549
106000187,236,853,-617
106000188,0,1,-1
106000189,9,65,-56
106000190,11,3,8
106000191,499,214,285
106000192,0,27,-27
106000193,282,202,80
106000194,130,402,-272
106000195,737,115,622
106000196,225,439,-214
106000197,207,302,-95
106000198,129,384,-255
106000199,946,532,414
106000200,541,176,365
106000201,467,1105,-638
106000202,8301,746,7555
106000203,217,186,31
106000204,25,12,13
106000205,13,158,-145
106000206,38,14,24
106000207,63,1154,-1091
106000208,543,72,471
106000209,1076,228,848
106000210,268,1567,-1299
106000211,407,1876,-1469
106000212,482,164,318
106000213,850,1384,-534
106000214,2969,503,2466
106000215,177,514,-337
106000216,312,328,-16
106000217,240,496,-256
106000218,362,353,9
106000219,95,271,-176
106000220,412,299,113
106000221,141,398,-257
106000222,46,148,-102
106000223,108,131,-23
106000224,128,427,-299
106000225,48,99,-51
106000226,152,480,-328
106000228,42,159,-117
106000229,65,931,-866
106000231,405,134,271
106000232,78,527,-449
106000233,275,107,168
106000234,44,297,-253
106000235,353,85,268
106000236,259,48,211
106000237,0,9,-9
106000238,2,6,-4
106000239,6,113,-107
106000240,51,1,50
106000241,13,884,-871
106000242,137,15,122
106000249,34,91,-57
106000250,46,499,-453
106000251,26,25,1
106000252,31,116,-85
106000253,15,51,-36
106000254,63,68,-5
106000255,8,70,-62
106000256,86,143,-57
106000257,98,433,-335
106000258,200,15,185
106000259,1,32,-31
106000260,5,3,2
106000261,1,67,-66
106000262,51,17,34
106000263,2,93,-91
106000264,267,14,253
106000265,17,137,-120
106000266,118,16,102
106000267,9,116,-107
106000268,457,14,443
106000269,60,73,-13
106000270,129,448,-319
106000271,25,217,-192
106000272,95,75,20
106000273,14,248,-234
106000274,242,56,186
106000275,86,195,-109
106000276,211,67,144
106000277,134,161,-27
106000278,358,50,308
106000279,31,64,-33
106000280,34,141,-107
106000281,88,77,11
106000282,85,82,3
106000283,97,128,-31
106000284,49,146,-97
106000285,119,161,-42
106000286,67,164,-97
106000287,109,109,0
106000288,84,141,-57
106000289,52,103,-51
106000290,58,89,-31
106000291,79,121,-42
106000292,75,139,-64
106000293,78,110,-32
106000294,153,161,-8
106000295,45,62,-17
106000296,55,153,-98
106000297,81,203,-122
106000298,163,95,68
106000299,36,152,-116
106000300,49,128,-79
106000301,47,126,-79
106000303,17,71,-54
106000304,35,45,-10
106000305,20,41,-21
106000306,35,75,-40
106000307,30,7,23
106000308,25,236,-211
106000309,6,107,-101
106000310,154,766,-612
106000311,179,136,43
106000312,53,217,-164
106000313,82,237,-155
106000318,193,264,-71
106000319,414,69,345
106000320,5,51,-46
106000321,332,77,255
106000322,78,277,-199
106000324,11,195,-184
106000325,1341,1177,164
106000326,960,2170,-1210
106000327,188,239,-51
106000328,8,97,-89
106000329,90,318,-228
106000330,42,52,-10
106000428,23,181,-158
106000429,74,526,-452
106000430,381,1612,-1231
106000431,1046,292,754
106000432,1468,2782,-1314
106000433,1385,743,642
106000434,2675,935,1740
106000435,2512,2804,-292
106000436,8,386,-378
106000437,172,46,126
106000438,316,123,193
106000439,46,754,-708
106000440,224,564,-340
106000441,1,1,0
106000442,77,8,69
106000443,76,702,-626
106000450,3,280,-277
106000451,39,20,19
106000454,3,131,-128
106000455,22,197,-175
106000456,115,26,89
106000457,4,1539,-1535
106000458,191,179,12
106000459,36,492,-456
106000460,443,25,418
106000461,28,2576,-2548
106000462,0,10,-10
106000463,2,26,-24
106000464,1,666,-665
106000465,189,1,188
106000466,4,1034,-1030
106000467,486,723,-237
106000468,81,238,-157
106000469,245,8,237
106000470,260,1328,-1068
106000471,15,868,-853
106000472,79,4,75
106000473,33,41,-8
106000474,283,806,-523
106000475,188,162,26
106000476,183,125,58
106000477,14,69,-55
106900001,0,14,-14
106900002,2,691,-689
106900003,252,970,-718
106900004,1,104,-103
106900006,0,21,-21
106900007,0,17,-17
106900008,139,337,-198
106900009,174,479,-305
106900010,146,323,-177
106900012,2227,1845,382
106900013,510,64,446
106900014,26,3,23
106900015,36,0,36
106900016,96,1,95
106900017,2,1,1
106900018,3,0,3
106900019,25,0,25
106900020,3280,721,2559
106900021,13,49,-36
106900022,301,1,300
106900023,15,361,-346
106900024,616,23,593
106900025,63,766,-703
106900026,3,1005,-1002
106900027,283,1,282
107000001,1935,1712,223
107000002,3213,4654,-1441
107000003,3808,4904,-1096
107000004,5896,7367,-1471
107000005,1688,3920,-2232
107000006,3982,8479,-4497
107000007,5225,6406,-1181
107000008,22919,14191,8728
107000009,5287,4825,462
107000010,13832,16086,-2254
107000011,1375,1622,-247
107000012,5015,4868,147
107000013,32,219,-187
107000014,23,325,-302
107000015,396,1150,-754
107000016,385,1509,-1124
107000017,7977,1288,6689
107000018,37,483,-446
107000020,5079,642,4437
107000021,1817,1170,647
107000022,1698,2030,-332
107000023,1892,445,1447
107000024,608,2611,-2003
107000025,146,477,-331
107000026,128,932,-804
107000027,998,1216,-218
107000028,1415,2265,-850
107000029,1878,2126,-248
107000030,3893,4220,-327
107000031,2390,2321,69
107000032,346,1115,-769
107000033,4309,6827,-2518
107000034,6134,2580,3554
107000035,276,229,47
107000036,322,1184,-862
107000037,63,748,-685
107000038,248,294,-46
107000039,601,601,0
107000040,161,383,-222
107000041,1357,660,697
107000042,707,1895,-1188
107000043,3364,1015,2349
107000044,838,497,341
107000045,73,359,-286
107000046,544,375,169
107000047,398,907,-509
107000048,509,355,154
107000049,710,876,-166
107000050,877,579,298
107000051,497,335,162
107000052,1166,657,509
107000053,315,133,182
107000054,60,293,-233
107000055,94,77,17
107000056,473,1054,-581
107000057,1788,222,1566
107000058,1709,1993,-284
107000059,2697,3658,-961
107000060,3498,5491,-1993
107000061,6079,4629,1450
107000062,2445,3147,-702
107000063,3826,7418,-3592
107000064,2630,2225,405
107000065,3943,6973,-3030
107000066,2117,2660,-543
107000067,869,1067,-198
107000068,1910,727,1183
107000069,490,364,126
107000070,311,2,309
107000071,1435,32,1403
107000072,51,4691,-4640
107000073,332,143,189
107000074,148,1164,-1016
107000075,980,294,686
107000076,956,2158,-1202
107000077,2058,616,1442
107000078,1916,4111,-2195
107000079,1517,506,1011
107000080,1285,3931,-2646
107000081,833,510,323
107000082,492,3448,-2956
107000083,908,279,629
107000084,542,3162,-2620
107000085,2968,3504,-536
107000086,4565,3377,1188
107000087,2331,2253,78
107000088,3008,3914,-906
107000089,1197,2028,-831
107000090,1039,1317,-278
107000091,772,1045,-273
107000092,674,1400,-726
107000093,733,843,-110
107000094,895,1578,-683
107000095,415,554,-139
107000096,612,1195,-583
107000097,371,183,188
107000098,405,571,-166
107000099,411,287,124
107000100,379,241,138
107000101,70,173,-103
107000102,369,290,79
107000103,296,192,104
107000104,317,336,-19
107000105,242,113,129
107000106,189,342,-153
107000107,412,210,202
107000108,128,939,-811
107000109,336,181,155
107000110,76,696,-620
107000111,99,48,51
107000112,26,467,-441
107000113,288,126,162
107000114,72,737,-665
107000115,256,76,180
107000116,99,1166,-1067
107000117,75,252,-177
107000118,161,308,-147
107000119,1973,1045,928
107000120,2252,434,1818
107000121,461,748,-287
107000122,974,1026,-52
107000123,248,948,-700
107000124,427,1056,-629
107000125,446,932,-486
107000126,484,1464,-980
107000127,13,404,-391
107000129,101,167,-66
107000130,141,231,-90
107000131,418,382,36
107000132,465,435,30
107000133,1158,183,975
107000134,258,1,257
107000135,2,265,-263
107000136,677,5,672
107000137,12,424,-412
107000138,517,15,502
107000139,11,384,-373
107000140,879,52,827
107000141,90,892,-802
107000142,232,76,156
107000143,57,1097,-1040
107000144,282,405,-123
107000145,134,676,-542
107000146,155,300,-145
107000147,3104,722,2382
107000150,1111,2936,-1825
107000151,65,49,16
107000152,588,599,-11
107000153,320,333,-13
107000154,159,72,87
107000155,586,40,546
107000156,1067,46,1021
107000157,59,3324,-3265
107000158,255,18,237
107000159,34,1722,-1688
107000160,448,111,337
107000161,83,2610,-2527
107000162,109,320,-211
107000163,17,0,17
107000164,110,1,109
107000165,380,1,379
107000166,68,1841,-1773
107000167,296,294,2
107000168,492,278,214
107000169,1057,1264,-207
107000170,940,510,430
107000171,630,3835,-3205
107000172,487,699,-212
107000173,757,1596,-839
107000174,1108,3141,-2033
107000175,13068,2044,11024
107000176,0,0,0
107000177,2,0,2
107000178,3,97,-94
107000179,196,3938,-3742
107000180,655,447,208
107000181,340,1727,-1387
107000182,1003,1277,-274
107000183,120,1233,-1113
107000184,425,1020,-595
107000185,418,1705,-1287
107000186,692,416,276
107000187,1093,1361,-268
107000188,494,508,-14
107000189,348,965,-617
107000190,406,952,-546
107000191,407,866,-459
107000192,1137,1160,-23
107000193,337,414,-77
107000194,1011,945,66
107000197,469,242,227
107000198,218,860,-642
107000199,648,993,-345
107000200,1146,653,493
107000201,334,298,36
107000202,169,558,-389
107000203,734,718,16
107000204,1001,850,151
107000205,3469,1706,1763
107000206,1148,1222,-74
107000207,909,1227,-318
107000208,1846,454,1392
107000209,2818,671,2147
107000210,1816,313,1503
107000211,5,15,-10
107000212,26,286,-260
107000213,22,16,6
107000214,13,160,-147
107000215,318,579,-261
107000216,190,577,-387
107000217,87,185,-98
107000219,63,162,-99
107000220,87,439,-352
107000222,258,946,-688
107000224,367,43,324
107000225,192,1063,-871
107000226,200,73,127
107000227,95,624,-529
107000228,110,145,-35
107000229,245,128,117
107000230,1014,636,378
107000231,984,508,476
107000232,47,52,-5
107000233,667,338,329
107000234,4,20,-16
107000235,49,11,38
107000236,36,934,-898
107000237,12,0,12
107000238,50,0,50
107000239,6629,473,6156
107000240,58,1641,-1583
107000241,152,24,128
107000242,787,62,725
107000243,0,59,-59
107000244,10,95,-85
107000246,4,1527,-1523
107000249,4,1207,-1203
107000251,0,325,-325
107000252,11,1745,-1734
107000255,764,100,664
107000257,6,726,-720
107000258,2,218,-216
107000259,7,361,-354
107000260,206,2,204
107000262,12,1123,-1111
107000263,117,3,114
107000266,6,1,5
107000267,51,204,-153
107000268,167,252,-85
107000269,176,36,140
107000270,1,8,-7
107000271,9,1345,-1336
107000272,12,322,-310
107000273,7,333,-326
107000274,2963,378,2585
107000275,352,1146,-794
107000280,275,18,257
107000281,33,1392,-1359
107000282,59,1966,-1907
107000290,0,59,-59
107000291,15,16,-1
107000292,2,58,-56
107000293,99,1,98
107000294,1,65,-64
107000295,68,3,65
107000296,0,15,-15
107000444,237,11,226
107000496,0,33,-33
107000497,1427,3942,-2515
107000500,312,436,-124
107000501,52,153,-101
107000502,164,497,-333
107000505,625,959,-334
107000506,0,23,-23
107000508,7,872,-865
107000509,257,964,-707
107000510,14,26,-12
107000514,36,326,-290
107000515,27,479,-452
107000516,126,188,-62
107000518,552,500,52
107000519,4362,1354,3008
107000520,47,12,35
107900001,21,343,-322
107900002,28,2,26
107900003,80,1,79
107900004,26,0,26
107900005,314,1,313
107900006,93,2,91
107900007,118,17,101
107900008,42,50,-8
107900009,168,7,161
107900010,12,8,4
107900012,200,11,189
107900013,194,111,83
107900014,16,13,3
107900015,301,1,300
107900016,693,114,579
107900017,14,3,11
107900018,37,33,4
107900019,9,111,-102
107900020,95,26,69
107900021,16,208,-192
107900023,0,0,0
107900024,0,31,-31
107900025,193,407,-214
107900026,25,110,-85
107900027,38,94,-56
107900028,20,131,-111
107900030,121,7,114
107900031,44,274,-230
107900032,9,5,4
107900033,42,13,29
107900034,248,3,245
107900035,410,13,397
107900036,32,4,28
107900037,1,48,-47
107900038,183,109,74
107900039,5,60,-55
107900040,162,71,91
107900041,0,1,-1
107900043,58,150,-92
107900044,6,4,2
107900045,25,13,12
107900046,50,20,30
107900047,11,102,-91
107900048,61,5,56
107900049,342,1656,-1314
107900050,104,445,-341
107900051,54,106,-52
107900052,21,19,2
107900053,16,88,-72
107900055,545,201,344
107900056,88,14,74
107900057,1,0,1
107900058,36,850,-814
107900060,5,45,-40
107900061,17,12,5
107900063,98,121,-23
107900064,239,33,206
107900065,81,15,66
107900066,3,5,-2
107900067,0,0,0
107900068,99,318,-219
107900069,13,667,-654
107900070,56,14,42
107900071,18,1353,-1335
107900072,51,313,-262
107900073,61,161,-100
107900074,1248,105,1143
107900076,69,89,-20
107900077,25,7,18
107900078,194,12,182
107900079,5,15,-10
107900080,116,186,-70
107900081,10,175,-165
107900082,12,24,-12
107900083,168,136,32
107900084,85,110,-25
107900086,17,78,-61
107900087,437,73,364
107900088,13,14,-1
107900089,417,1349,-932
107900090,464,1068,-604
107900091,145,616,-471
107900092,2610,573,2037
107900093,34,68,-34
107900095,3698,1234,2464
107900097,22,71,-49
107900098,31,112,-81
107900100,1256,616,640
107900101,1275,108,1167
107900102,12,5,7
107900103,44,209,-165
107900104,190,3,187
107900105,4,524,-520
107900106,5,1918,-1913
107900107,2013,238,1775
107900108,332,96,236
107900109,439,5,434
107900110,12,130,-118
107900111,5,1715,-1710
107900112,106,244,-138
107900113,75,121,-46
107900114,63,274,-211
107900115,2,72,-70
107900116,41,265,-224
107900117,254,466,-212
107900118,56,152,-96
107900119,36,158,-122
107900120,40,8,32
107900121,2,181,-179
107900122,3,85,-82
107900123,2,33,-31
107900124,15,63,-48
107900125,39,190,-151
107900126,4,28,-24
107900127,738,101,637
107900128,143,48,95
107900129,17,50,-33
107900130,29,23,6
107900131,288,28,260
107900132,77,551,-474
107900133,1,86,-85
107900134,17,5,12
107900135,1,221,-220
107900136,57,34,23
107900137,80,92,-12
107900138,14,33,-19
107900139,16,48,-32
107900140,95,63,32
107900141,58,13,45
107900142,66,1154,-1088
107900143,59,59,0
107900144,0,221,-221
107900145,14,135,-121
107900146,55,126,-71
107900147,27,16,11
107900148,133,246,-113
107900149,2071,160,1911
107900150,58,871,-813
107900151,11,122,-111
107900152,27,360,-333
107900153,178,173,5
107900154,21,2,19
107900155,28,42,-14
107900156,4,580,-576
107900157,34,89,-55
107900158,239,10,229
107900159,34,1296,-1262
107900160,30,225,-195
107900161,8,290,-282
107900162,0,350,-350
107900163,189,45,144
107900164,6,11,-5
107900165,7,44,-37
107900166,10,293,-283
107900167,52,22,30
107900168,5,36,-31
107900169,0,202,-202
107900171,12,2275,-2263
107900172,2,363,-361
107900173,11,270,-259
107900174,44,4,40
107900175,5,9,-4
107900176,9,46,-37
107900177,1,433,-432
107900178,0,308,-308
107900179,4,141,-137
107900180,1141,179,962
107900181,408,438,-30
107900182,6,1799,-1793
107900183,21,511,-490
107900184,43,305,-262
107900185,21,4,17
107900186,15,32,-17
107900187,0,194,-194
107900188,937,100,837
107900189,9,156,-147
107900190,107,60,47
107900191,33,181,-148
107900193,13,30,-17
107900194,215,3,212
107900195,5241,568,4673
107900196,36,76,-40
107900197,511,64,447
107900199,6,1380,-1374
107900201,59,148,-89
107900203,26,123,-97
107900204,270,236,34
107900205,134,576,-442
107900206,365,177,188
107900207,5,904,-899
107900208,7,1106,-1099
107900209,397,154,243
107900210,94,145,-51
107900213,604,575,29
107900214,4,193,-189
107900215,242,322,-80
107900216,84,56,28
107900217,24,47,-23
107900218,19,1750,-1731
107900219,21,201,-180
107900220,206,117,89
107900221,214,256,-42
107900223,46,702,-656
107900224,181,374,-193
107900225,10,901,-891
107900226,61,177,-116
107900227,99,576,-477
107900228,8,182,-174
107900229,5,399,-394
107900230,4,193,-189
107900231,5,237,-232
107900232,37,274,-237
107900233,2,198,-196
107900234,50,235,-185
107900235,32,125,-93
107900236,35,133,-98
107900237,113,688,-575
107900238,11,122,-111
107900239,1401,461,940
107900240,16,231,-215
107900241,4,139,-135
107900242,18,525,-507
107900243,4,52,-48
107900244,85,5,80
107900245,141,32,109
107900246,114,5,109
107900248,187,720,-533
107900249,225,6,219
107900250,2,690,-688
107900251,51,1561,-1510
107900252,407,10,397
107900253,25,7,18
107900254,61,412,-351
107900255,425,72,353
107900256,1948,794,1154
107900257,82,79,3
107900258,59,298,-239
107900259,115,760,-645
107900261,0,785,-785
107900262,18,120,-102
107900264,77,0,77
107900265,32,237,-205
107900267,71,16,55
107900268,58,7,51
107900269,1,3,-2
107900270,0,0,0
107900271,1,10,-9
107900272,123,4,119
107900273,22,81,-59
107900274,30,0,30
107900275,5,1,4
107900276,0,73,-73
107900277,0,254,-254
107900278,103,445,-342
107900279,175,89,86
107900280,2356,1251,1105
107900281,3723,921,2802
107900282,48,140,-92
107900283,1602,454,1148
107900284,192,1077,-885
107900285,54,176,-122
107900286,145,73,72
107900287,130,159,-29
107900290,1,43,-42
107900291,276,25,251
107900292,100,344,-244
107900293,32,654,-622
107900295,67,177,-110
107900297,5,403,-398
107900298,873,1073,-200
107900299,4826,1542,3284
107900300,24,192,-168
107900301,459,275,184
107900302,70,13,57
107900303,37,324,-287
107900304,113,789,-676
107900305,169,12,157
107900306,19,5,14
107900307,53,325,-272
107900308,180,34,146
107900309,12,1,11
107900310,91,0,91
107900311,200,104,96
107900312,2,0,2
107900313,0,93,-93
107900314,1,63,-62
107900315,0,67,-67
107900316,23,0,23
107900317,36,4,32
107900318,2,149,-147
107900319,6,343,-337
107900320,2,189,-187
107900321,60,5,55
107900322,4,233,-229
107900323,8,167,-159
107900324,105,1,104
107900325,50,3,47
107900326,120,437,-317
107900327,26,3,23
107900328,0,0,0
107900329,0,0,0
107900330,9,663,-654
107900331,103,45,58
107900332,64,29,35
107900333,32,9,23
107900334,14,328,-314
107900335,61,63,-2
107900336,15,33,-18
107900337,1833,442,1391
107900338,1,175,-174
107900339,0,29,-29
107900340,0,62,-62
107900341,19,1,18
107900342,58,254,-196
107900343,39,3,36
107900344,3,123,-120
107900345,58,31,27
107900346,29,3,26
107900347,22,2,20
107900348,7,2,5
107900349,14,5,9
107900350,35,350,-315
108000001,2337,3071,-734
108000002,2859,4010,-1151
108000003,3025,1695,1330
108000004,19485,19274,211
108000005,4514,2843,1671
108000006,6149,7438,-1289
108000007,3923,3208,715
108000008,5872,7299,-1427
108000009,2423,2993,-570
108000010,3123,6289,-3166
108000011,10578,7521,3057
108000012,21279,19438,1841
108000014,796,624,172
108000015,427,343,84
108000016,172,746,-574
108000017,560,453,107
108000018,1115,532,583
108000019,1952,579,1373
108000020,1087,467,620
108000021,487,1982,-1495
108000022,513,1757,-1244
108000023,946,197,749
108000024,166,837,-671
108000025,191,272,-81
108000026,294,736,-442
108000027,278,597,-319
108000028,204,311,-107
108000029,185,727,-542
108000030,352,248,104
108000031,246,660,-414
108000032,682,546,136
108000033,487,1629,-1142
108000034,1021,460,561
108000035,940,3136,-2196
108000036,365,1683,-1318
108000037,1200,405,795
108000038,1399,385,1014
108000039,345,3192,-2847
108000040,1034,632,402
108000041,769,3587,-2818
108000042,114,306,-192
108000043,127,512,-385
108000044,527,232,295
108000045,190,2360,-2170
108000046,760,286,474
108000047,433,1512,-1079
108000048,130,697,-567
108000049,363,229,134
108000050,111,574,-463
108000051,131,73,58
108000052,421,928,-507
108000053,206,135,71
108000054,555,1171,-616
108000055,861,315,546
108000056,959,1081,-122
108000057,499,625,-126
108000058,2046,2413,-367
108000059,4209,2133,2076
108000060,105,359,-254
108000061,198,329,-131
108000062,382,410,-28
108000063,314,856,-542
108000064,101,275,-174
108000065,415,914,-499
108000066,1593,655,938
108000067,1233,477,756
108000068,475,310,165
108000069,196,1411,-1215
108000070,992,613,379
108000071,579,2380,-1801
108000072,949,857,92
108000073,1524,2583,-1059
108000074,278,321,-43
108000075,262,990,-728
108000076,467,362,105
108000077,669,996,-327
108000078,1389,1168,221
108000079,1021,2437,-1416
108000080,515,513,2
108000081,479,3478,-2999
108000082,1088,2003,-915
108000083,1412,614,798
108000084,397,1811,-1414
108000085,333,266,67
108000086,986,1112,-126
108000087,149,1352,-1203
108000088,100,12,88
108000089,249,346,-97
108000090,207,114,93
108000091,93,731,-638
108000092,71,76,-5
108000093,94,1172,-1078
108000094,392,124,268
108000095,110,639,-529
108000096,143,176,-33
108000097,78,744,-666
108000098,644,1757,-1113
108000099,193,99,94
108000100,31,196,-165
108000101,922,944,-22
108000102,1089,1860,-771
108000106,846,0,846
108000107,3,791,-788
108000108,514,51,463
108000109,6,1034,-1028
108000110,87,214,-127
108000111,134,824,-690
108000112,25,79,-54
108000113,732,424,308
108000115,587,371,216
108000117,864,366,498
108000118,90,106,-16
108000119,803,578,225
108000120,119,591,-472
108000121,178,688,-510
108000122,228,315,-87
108000123,460,357,103
108000124,192,682,-490
108000125,115,449,-334
108000126,89,749,-660
108000127,199,503,-304
108000128,226,1057,-831
108000129,162,1787,-1625
108000130,162,412,-250
108000131,529,206,323
108000132,1838,1573,265
108000133,443,457,-14
108000134,709,912,-203
108000135,551,288,263
108000136,887,1207,-320
108000137,150,490,-340
108000138,199,1271,-1072
108000139,144,509,-365
108000140,16,29,-13
108000141,15,225,-210
108000142,36,154,-118
108000143,21,23,-2
108000144,13,19,-6
108000145,20,41,-21
108000146,20,9,11
108000147,27,54,-27
108000148,20,6,14
108000149,39,28,11
108000150,16,4,12
108000151,34,13,21
108000152,66,698,-632
108000153,162,78,84
108000154,18,6,12
108000155,9,9,0
108000156,382,121,261
108000157,130,375,-245
108000158,69,425,-356
108000159,650,146,504
108000160,6231,764,5467
108000161,5946,1538,4408
108000165,0,87,-87
108000172,4,133,-129
108000173,3536,1312,2224
108000175,63,86,-23
108000178,415,429,-14
108000179,208,631,-423
108000181,26,30,-4
108000182,164,8,156
108000183,42,14,28
108000184,1402,1311,91
108000185,89,873,-784
108000186,56,66,-10
108000187,53,1020,-967
108000188,229,321,-92
108000189,441,698,-257
108000190,46,130,-84
108000192,67,874,-807
108000193,875,46,829
108000194,21,10,11
108000195,1,1504,-1503
108000196,148,152,-4
108000198,336,391,-55
108000199,1,115,-114
108000200,187,945,-758
108000202,4,201,-197
108000203,51,1224,-1173
108000204,37,28,9
108000205,531,679,-148
108000339,1887,276,1611
108000364,174,170,4
108000365,56,454,-398
108000367,146,493,-347
108000368,19,44,-25
108000369,1469,102,1367
108000371,0,792,-792
108000372,335,2,333
108000373,76,171,-95
108000376,49,33,16
108000377,209,348,-139
108000378,9468,7440,2028
108000379,41,161,-120
108000381,15,12,3
108000382,53,0,53
108000383,0,72,-72
108900001,137,1391,-1254
108900002,203,60,143
108900003,434,1188,-754
108900004,180,243,-63
108900005,25,122,-97
108900006,420,243,177
108900007,99,154,-55
108900008,44,170,-126
108900009,19,118,-99
108900010,70,172,-102
108900011,202,390,-188
108900012,163,548,-385
108900013,82,356,-274
108900014,0,69,-69
108900015,0,15,-15
108900016,1,223,-222
108900017,169,176,-7
108900018,53,718,-665
108900019,31,1543,-1512
108900020,15,340,-325
108900021,75,334,-259
108900022,6,404,-398
108900023,94,38,56
108900024,6,217,-211
108900025,32,173,-141
108900026,17,107,-90
108900028,42,686,-644
108900029,37,256,-219
108900031,30,795,-765
108900032,6,301,-295
108900034,0,398,-398
108900035,176,2169,-1993
108900036,271,501,-230
108900037,23,687,-664
108900039,3,757,-754
108900040,1,153,-152
108900041,6711,2065,4646
108900042,2,287,-285
108900043,42,584,-542
108900045,12,840,-828
108900046,4,168,-164
108900047,1,75,-74
108900048,94,1451,-1357
108900049,6590,748,5842
108900050,2,401,-399
108900051,2,320,-318
108900052,22,455,-433
108900053,121,123,-2
108900054,35,261,-226
108900055,50,762,-712
108900056,2,251,-249
108900057,1,284,-283
108900058,12,718,-706
108900059,173,10,163
108900060,85,126,-41
108900061,38,24,14
108900062,4,420,-416
108900063,6,606,-600
108900064,50,50,0
108900065,5,386,-381
108900066,123,132,-9
108900067,58,274,-216
108900068,0,196,-196
108900069,16,141,-125
108900070,16,212,-196
108900071,71,59,12
108900072,3184,337,2847
108900073,1,93,-92
108900074,58,620,-562
108900075,70,79,-9
108900076,120,83,37
108900077,157,147,10
108900078,13,280,-267
108900079,1060,303,757
108900080,15,339,-324
108900081,52,326,-274
108900082,18,166,-148
108900083,17,141,-124
108900084,365,129,236
108900085,2286,148,2138
108900086,36,505,-469
108900087,133,295,-162
108900088,608,239,369
108900089,25,84,-59
108900090,18,569,-551
108900091,178,139,39
108900092,274,286,-12
108900093,80,39,41
108900094,158,89,69
108900095,73,789,-716
108900096,543,47,496
108900097,228,271,-43
108900098,4102,385,3717
108900099,229,465,-236
108900100,15,109,-94
108900101,91,60,31
108900102,235,467,-232
108900103,21,63,-42
108900104,253,317,-64
108900105,2,483,-481
108900106,166,657,-491
108900108,129,43,86
108900109,1,17,-16
108900110,88,667,-579
108900111,180,866,-686
108900112,50,23,27
108900113,25,17,8
108900114,0,3,-3
108900115,71,36,35
108900116,14,18,-4
108900117,35,31,4
108900119,140,54,86
108900120,64,109,-45
108900121,259,36,223
108900122,39,42,-3
108900123,63,48,15
108900124,204,79,125
108900126,27,14,13
108900127,74,32,42
108900128,39,8,31
108900129,387,73,314
108900131,175,1,174
108900132,202,75,127
108900133,115,30,85
108900134,83,261,-178
108900135,64,5,59
108900137,53,0,53
108900138,228,31,197
108900139,238,66,172
108900140,80,282,-202
108900141,82,21,61
108900142,44,3,41
108900143,0,0,0
108900144,16,0,16
108900145,40,5,35
108900146,23,1,22
108900147,77,15,62
108900148,106,44,62
108900149,633,383,250
108900150,145,5,140
108900151,42,2,40
108900152,38,51,-13
108900153,82,697,-615
108900154,3041,452,2589
108900155,113,88,25
108900156,17,4,13
108900157,7,873,-866
108900158,100,24,76
108900159,3,478,-475
108900160,4,269,-265
108900161,6,688,-682
108900162,49,0,49
108900163,16,167,-151
108900164,26,71,-45
108900165,252,66,186
108900167,1940,2314,-374
108900168,12339,1925,10414
108900169,27,149,-122
108900171,11241,1443,9798
108900172,143,37,106
108900173,262,484,-222
108900174,255,564,-309
108900176,106,658,-552
108900177,11316,2986,8330
108900178,6381,1494,4887
108900179,390,783,-393
108900180,52,156,-104
108900182,6,147,-141
108900183,226,287,-61
108900184,358,199,159
108900185,72,313,-241
108900186,97,415,-318
108900187,155,46,109
108900188,245,43,202
108900189,262,149,113
108900190,36,4025,-3989
108900191,130,17,113
108900192,66,366,-300
108900193,415,35,380
108900194,39,489,-450
108900195,45,390,-345
108900196,13,750,-737
108900198,4,687,-683
108900199,132,393,-261
108900200,264,347,-83
108900201,281,1289,-1008
108900203,303,7,296
108900204,172,5,167
108900205,143,8,135
108900206,160,11,149
108900207,124,21,103
108900208,22,395,-373
108900209,221,698,-477
108900210,200,286,-86
108900211,82,243,-161
108900212,793,787,6
108900215,116,710,-594
108900216,482,100,382
108900217,26,2,24
108900218,84,3,81
108900219,61,1,60
108900220,17,8,9
108900221,49,77,-28
108900222,80,13,67
108900223,8,53,-45
108900224,39,115,-76
108900225,0,213,-213
108900226,130,2,128
108900227,59,99,-40
108900230,367,408,-41
108900231,59,299,-240
108900232,4,1135,-1131
108900233,211,35,176
108900234,233,40,193
108900235,155,753,-598
108900236,46,487,-441
108900237,37,338,-301
108900240,106,98,8
108900241,21,25,-4
108900245,2,609,-607
108900249,42,15,27
108900250,73,118,-45
108900257,57,801,-744
108900258,10,369,-359
108900259,17,107,-90
108900260,12,115,-103
108900261,135,152,-17
108900262,407,127,280
108900263,60,389,-329
108900264,439,337,102
108900265,1973,242,1731
108900266,1535,250,1285
108900267,2,60,-58
108900268,6,4,2
108900269,12,8,4
108900270,19,3,16
108900271,15,8,7
108900272,70,5,65
108900273,1104,364,740
108900274,9,74,-65
108900275,31,7,24
108900276,2,64,-62
109000001,3214,955,2259
109000002,3278,1625,1653
109000003,1836,526,1310
109000004,510,3423,-2913
109000005,1378,799,579
109000006,683,2604,-1921
109000007,852,757,95
109000008,360,2259,-1899
109000009,2937,1122,1815
109000010,1559,4532,-2973
109000011,1855,1441,414
109000012,1759,4729,-2970
109000013,2313,1728,585
109000014,1502,4702,-3200
109000015,2875,3760,-885
109000016,11779,5156,6623
109000017,1454,1253,201
109000018,885,4197,-3312
109000019,1734,937,797
109000020,1075,2669,-1594
109000023,187,10,177
109000024,12,172,-160
109000025,430,310,120
109000026,839,361,478
109000027,71,226,-155
109000028,86,123,-37
109000029,182,108,74
109000030,133,862,-729
109000031,124,62,62
109000032,65,660,-595
109000033,237,114,123
109000034,42,21,21
109000035,21,37,-16
109000036,104,386,-282
109000037,211,730,-519
109000038,550,321,229
109000039,624,355,269
109000040,6078,3437,2641
109000041,6492,1125,5367
109000042,1177,1130,47
109000044,217,96,121
109000045,72,553,-481
109000046,175,100,75
109000047,58,565,-507
109000048,790,163,627
109000049,261,706,-445
109000050,276,230,46
109000051,344,397,-53
109000052,387,2061,-1674
109000053,97,93,4
109000054,310,923,-613
109000055,96,183,-87
109000056,207,640,-433
109000057,296,190,106
109000058,836,240,596
109000059,493,887,-394
109000060,494,175,319
109000061,1802,526,1276
109000062,128,220,-92
109000063,167,257,-90
109000064,123,226,-103
109000065,68,459,-391
109000066,219,198,21
109000067,28,450,-422
109000068,307,7,300
109000069,515,17,498
109000070,7,963,-956
109000071,316,79,237
109000072,77,377,-300
109000073,36,87,-51
109000074,16,294,-278
109000075,64,561,-497
109000076,51,150,-99
109000077,412,317,95
109000078,20,107,-87
109000079,87,251,-164
109000080,44,149,-105
109000081,61,715,-654
109000082,210,387,-177
109000083,156,999,-843
109000088,115,610,-495
109000089,247,17,230
109000090,163,541,-378
109000091,183,82,101
109000092,479,779,-300
109000093,161,132,29
109000094,185,0,185
109000095,75,872,-797
109000096,330,92,238
109000097,56,121,-65
109000098,28,65,-37
109000099,589,389,200
109000100,146,587,-441
109000101,866,963,-97
109000102,248,1064,-816
109000103,319,777,-458
109000104,943,768,175
109000105,333,1903,-1570
109000106,1225,749,476
109000107,496,2486,-1990
109000108,1050,519,531
109000109,421,2461,-2040
109000110,1198,452,746
109000111,1099,2970,-1871
109000112,240,173,67
109000113,132,214,-82
109000114,135,379,-244
109000115,979,41,938
109000116,4,232,-228
109000117,72,136,-64
109000118,8,428,-420
109000119,473,437,36
109000120,155,1525,-1370
109000121,205,74,131
109000122,85,1429,-1344
109000123,15,114,-99
109000124,288,407,-119
109000125,456,417,39
109000126,226,1348,-1122
109000127,395,213,182
109000128,361,3116,-2755
109000129,1135,416,719
109000130,528,3283,-2755
109000131,643,243,400
109000132,624,2119,-1495
109000133,298,1192,-894
109000134,621,1872,-1251
109000135,1161,1519,-358
109000136,237,596,-359
109000137,146,344,-198
109000138,315,670,-355
109000139,301,509,-208
109000140,78,654,-576
109000141,173,513,-340
109000142,75,553,-478
109000143,62,56,6
109000145,53,117,-64
109000146,42,125,-83
109000148,5252,1271,3981
109000149,41,56,-15
109000150,61,117,-56
109000155,340,554,-214
109000156,1411,1190,221
109000158,136,300,-164
109000159,90,806,-716
109000160,502,381,121
109000161,180,1837,-1657
109000162,1353,1177,176
109000163,676,2217,-1541
109000164,833,3072,-2239
109000165,879,778,101
109000166,311,169,142
109000167,81,1154,-1073
109000170,49,76,-27
109000171,44,37,7
109000172,34,45,-11
109000173,12,43,-31
109000174,34,66,-32
109000175,30,117,-87
109000176,133,294,-161
109000177,20,161,-141
109000178,150,92,58
109000179,8839,2504,6335
109000180,6550,2923,3627
109000181,1,29,-28
109000182,16,43,-27
109000183,19,69,-50
109000184,14,22,-8
109000185,22,102,-80
109000188,449,3580,-3131
109000189,2031,1018,1013
109000190,402,678,-276
109000191,230,814,-584
109000192,141,313,-172
109000193,133,509,-376
109000194,69,158,-89
109000195,60,561,-501
109000196,134,130,4
109000197,135,710,-575
109000198,164,62,102
109000199,83,614,-531
109000206,160,23,137
109000207,51,39,12
109000208,89,56,33
109000209,173,77,96
109000210,178,533,-355
109000211,63,194,-131
109000214,214,728,-514
109000215,82,71,11
109000216,176,148,28
109000217,179,77,102
109000218,125,90,35
109000221,195,1251,-1056
109000222,544,87,457
109000223,190,209,-19
109000224,38,472,-434
109000225,54,53,1
109000226,44,339,-295
109000227,613,1692,-1079
109000228,1,333,-332
109000231,3,623,-620
109000232,122,542,-420
109000236,195,1004,-809
109000241,1301,2058,-757
109000242,1140,1537,-397
109000293,18,37,-19
109000361,50,280,-230
109000364,162,747,-585
109000396,3,1090,-1087
109000397,267,10,257
109000399,163,658,-495
109000400,23,262,-239
109000403,86,308,-222
109000406,152,9,143
109000407,135,279,-144
109000408,1,882,-881
109000410,519,155,364
109000411,44,11,33
109900001,57,0,57
109900002,616,13,603
109900003,58,0,58
109900004,523,240,283
109900005,8,2,6
109900006,267,322,-55
109900007,308,1050,-742
109900008,0,35,-35
109900009,73,1379,-1306
109900010,225,14,211
109900011,32,36,-4
109900012,134,159,-25
109900013,221,100,121
109900014,154,44,110
109900015,295,97,198
109900016,62,43,19
109900017,67,91,-24
109900018,138,137,1
109900019,84,77,7
109900020,10,12,-2
109900021,24,4,20
109900022,77,366,-289
109900023,9,2,7
109900024,3,2,1
109900025,8,84,-76
109900026,3,199,-196
109900027,31,15,16
109900028,3061,384,2677
109900029,5,642,-637
109900030,16,1,15
109900031,0,127,-127
109900032,1,334,-333
109900033,2,677,-675
109900034,6,2,4
109900035,10,20,-10
109900036,5,129,-124
109900037,29,619,-590
109900038,45,322,-277
109900039,2,0,2
109900040,19,831,-812
109900041,29,577,-548
109900042,28,583,-555
109900044,60,312,-252
109900045,48,41,7
109900046,7,57,-50
109900047,321,331,-10
109900048,0,70,-70
109900049,3,27,-24
109900050,1,377,-376
109900051,0,54,-54
109900052,36,285,-249
109900053,8,623,-615
109900054,298,111,187
109900055,30,326,-296
109900056,12,73,-61
109900057,9,273,-264
109900058,1,106,-105
109900059,243,70,173
109900060,262,141,121
109900061,84,308,-224
109900062,0,333,-333
109900063,4,475,-471
109900064,220,255,-35
109900065,83,132,-49
109900066,271,1162,-891
109900067,1,617,-616
109900068,17,4,13
109900069,5,40,-35
109900070,75,344,-269
109900071,0,34,-34
109900072,12,160,-148
109900073,111,1001,-890
109900074,9,48,-39
109900075,12,26,-14
109900076,18,364,-346
109900077,25,54,-29
109900078,59,317,-258
109900080,129,456,-327
109900081,10,80,-70
109900082,32,591,-559
109900083,15,35,-20
109900084,34,156,-122
109900085,147,1449,-1302
109900086,105,194,-89
109900087,274,388,-114
109900089,283,124,159
109900090,503,1462,-959
109900091,126,65,61
109900092,978,10,968
109900093,330,99,231
109900094,19,76,-57
109900095,138,267,-129
109900096,13,2,11
109900097,71,0,71
109900098,136,15,121
109900099,51,0,51
109900100,14,1,13
109900101,96,6,90
109900102,240,16,224
109900103,11,40,-29
109900104,176,1534,-1358
109900105,295,20,275
109900106,314,81,233
109900107,327,81,246
109900108,52,1245,-1193
109900109,19,289,-270
109900110,36,600,-564
109900111,312,1528,-1216
109900112,480,1132,-652
109900113,440,234,206
109900114,858,427,431
109900115,83,62,21
109900117,328,135,193
109900118,217,491,-274
109900119,584,299,285
109900120,13,6,7
109900121,260,142,118
109900122,203,6,197
109900123,3,222,-219
109900124,32,950,-918
109900125,2,277,-275
109900126,81,205,-124
109900128,104,59,45
109900130,13895,1293,12602
109900131,51,142,-91
109900132,39,205,-166
109900133,33,436,-403
109900134,35,22,13
109900135,409,57,352
109900136,63,158,-95
109900137,36,428,-392
109900138,137,460,-323
109900140,68,415,-347
109900141,103,170,-67
109900142,428,211,217
109900145,0,107,-107
109900146,283,23,260
109900148,20,53,-33
109900149,37,65,-28
109900150,2,64,-62
109900151,0,58,-58
109900152,2,27,-25
109900153,0,48,-48
109900154,5,0,5
109900155,14,2,12
109900157,34,274,-240
109900158,63,109,-46
109900159,62,13,49
109900160,66,35,31
109900161,98,54,44
109900162,64,69,-5
109900163,815,345,470
109900164,58,216,-158
109900165,175,4,171
109900166,1,277,-276
109900167,103,753,-650
109900168,94,695,-601
109900169,68,129,-61
109900170,262,536,-274
109900171,76,110,-34
109900172,85,176,-91
109900173,5252,1029,4223
109900174,23,178,-155
109900175,18,59,-41
109900176,44,234,-190
109900177,39,307,-268
109900178,2,142,-140
109900179,8,24,-16
109900180,0,4,-4
110000001,677,610,67
110000002,399,526,-127
110000003,1301,674,627
110000004,599,706,-107
110000005,864,1493,-629
110000006,883,517,366
110000007,167,179,-12
110000008,10,64,-54
110000009,39,37,2
110000010,13,67,-54
110000011,21,98,-77
110000012,769,552,217
110000013,22,369,-347
110000014,726,490,236
110000015,451,544,-93
110000016,308,1267,-959
110000017,5673,336,5337
110000018,4539,619,3920
110000019,8,199,-191
110000020,613,310,303
110000021,970,500,470
110000022,971,183,788
110000023,7,188,-181
110000024,629,441,188
110000025,96,4,92
110000026,4,645,-641
110000027,662,339,323
110000028,579,655,-76
110000029,478,1122,-644
110000030,161,423,-262
110000031,169,797,-628
110000032,470,472,-2
110000033,111,139,-28
110000034,208,961,-753
110000035,362,1204,-842
110000036,494,989,-495
110000037,121,1096,-975
110000038,186,763,-577
110000039,665,2002,-1337
110000040,286,669,-383
110000041,158,990,-832
110000042,72,431,-359
110000043,486,193,293
110000044,133,110,23
110000045,1070,109,961
110000046,9,11,-2
110000047,2,11,-9
110000048,3,15,-12
110000049,12,4,8
110000050,11,18,-7
110000051,21,8,13
110000052,39,36,3
110000053,30,2,28
110000054,170,444,-274
110000055,522,38,484
110000056,376,72,304
110000057,267,894,-627
110000058,623,863,-240
110000059,653,747,-94
110000060,480,967,-487
110000061,1168,1109,59
110000062,917,839,78
110000063,22,107,-85
110000064,72,143,-71
110000065,29,77,-48
110000066,66,48,18
110000067,98,440,-342
110000068,96,653,-557
110000069,99,117,-18
110000071,57,200,-143
110000073,0,31,-31
110000075,7,127,-120
110000076,309,263,46
110000077,590,1013,-423
110000078,11,77,-66
110000080,202,851,-649
110000081,20,316,-296
110000082,4,267,-263
110000083,207,757,-550
110000084,598,429,169
110000085,3448,1686,1762
110000086,1760,845,915
110000087,4,85,-81
110000088,31,257,-226
110000089,173,160,13
110000090,81,402,-321
110000091,2119,390,1729
110000092,28,99,-71
110000093,24,10,14
110000094,473,303,170
110000095,149,502,-353
110000096,4647,1909,2738
110000097,990,1157,-167
110000098,1586,509,1077
110000099,894,1674,-780
110000100,268,955,-687
110000101,19,714,-695
110000102,28,23,5
110000104,64,69,-5
110000105,35,340,-305
110000106,320,170,150
110000107,415,510,-95
110000108,204,54,150
110000109,352,309,43
110000110,6005,2849,3156
110000111,10105,1919,8186
110000112,1152,321,831
110000113,822,833,-11
110000114,359,395,-36
110000115,205,311,-106
110000116,24,35,-11
110000117,150,793,-643
110000118,264,342,-78
110000119,130,488,-358
110000120,247,209,38
110000121,84,312,-228
110000122,264,604,-340
110000123,322,451,-129
110000124,2,1040,-1038
110000125,776,3,773
110000126,164,24,140
110000127,472,45,427
110000128,29,2078,-2049
110000129,4,618,-614
110000130,107,123,-16
110000131,169,371,-202
110000132,2,1088,-1086
110000133,59,329,-270
110000134,24,394,-370
110000135,113,39,74
110000136,44,408,-364
110000137,263,802,-539
110000138,385,1134,-749
110000139,637,1930,-1293
110000140,709,364,345
110000143,755,340,415
110000144,5110,1112,3998
110000145,1317,890,427
110000146,3901,1277,2624
110000147,272,960,-688
110000148,540,519,21
110000151,1044,563,481
110000152,903,309,594
110000153,36,46,-10
110000154,79,20,59
110000155,2531,2085,446
110000156,792,1314,-522
110000157,2527,1896,631
110000160,329,422,-93
110000161,138,507,-369
110000166,193,146,47
110000167,528,486,42
110000168,639,345,294
110000169,406,289,117
110000170,106,68,38
110000171,499,154,345
110000172,121,1045,-924
110000173,1195,1744,-549
110000174,81,1760,-1679
110000175,250,84,166
110000176,74,235,-161
110000177,163,735,-572
110000178,599,928,-329
110000179,1810,419,1391
110000180,122,392,-270
110000181,250,471,-221
110000182,442,282,160
110000183,16247,5541,10706
110000184,739,2133,-1394
110000185,1822,889,933
110000186,938,693,245
110000191,326,528,-202
110000192,192,4,188
110000193,370,5,365
110000194,10,1768,-1758
110000195,129,525,-396
110000196,174,568,-394
110000197,13,297,-284
110000198,87,121,-34
110000199,47,119,-72
110000200,1658,821,837
110000201,596,552,44
110000202,854,396,458
110000203,664,986,-322
110000204,2,437,-435
110000205,32,90,-58
110000206,614,2035,-1421
110000207,431,345,86
110000208,285,126,159
110000209,89,980,-891
110000210,513,765,-252
110000211,1159,920,239
110000212,259,992,-733
110000213,49,75,-26
110000214,78,101,-23
110000215,71,756,-685
110000216,38,765,-727
110000217,128,309,-181
110000218,128,610,-482
110000219,177,84,93
110000220,28,629,-601
110000221,160,116,44
110000222,20,426,-406
110000223,7,109,-102
110000224,105,18,87
110000225,154,607,-453
110000226,157,88,69
110000227,658,474,184
110000228,384,688,-304
110000229,3,317,-314
110000230,724,539,185
110000231,118,201,-83
110000232,139,255,-116
110000233,181,339,-158
110000234,941,498,443
110000235,1099,1148,-49
110000236,303,1228,-925
110000237,2203,1260,943
110000238,819,1525,-706
110000239,974,1665,-691
110000240,0,160,-160
110000242,0,14,-14
110000243,36,228,-192
110000244,113,367,-254
110000245,29,499,-470
110000246,565,793,-228
110000247,1924,4471,-2547
110000248,3294,1690,1604
110000249,52,6,46
110000250,19,296,-277
110000251,104,546,-442
110000252,164,370,-206
110000253,985,405,580
110000254,782,1567,-785
110000255,253,1398,-1145
110000256,334,195,139
110000257,842,460,382
110000258,6,654,-648
110000259,40,22,18
110000260,12,641,-629
110000263,768,83,685
110000264,160,828,-668
110000265,1283,1837,-554
110000266,2365,1925,440
110000267,12,234,-222
110000268,284,620,-336
110000269,2,107,-105
110000270,36,3,33
110000271,2733,358,2375
110000272,811,1121,-310
110000273,3878,1508,2370
110000274,247,889,-642
110000275,3768,609,3159
110000276,256,239,17
110000277,186,497,-311
110000278,332,1012,-680
110000279,575,764,-189
110000280,202,533,-331
110000281,29,189,-160
110000282,363,58,305
110000283,46,50,-4
110000284,49,36,13
110000285,1,226,-225
110000286,19,0,19
110000287,51,3,48
110000288,5,132,-127
110000289,470,1514,-1044
110000290,1637,615,1022
110000291,7235,1476,5759
110000292,1130,3663,-2533
110000293,363,1288,-925
110000294,446,937,-491
110000295,122,1010,-888
110000296,262,488,-226
110000297,2755,285,2470
110000298,288,469,-181
110000299,815,43,772
110000301,277,11,266
110000302,151,1674,-1523
110000303,283,4,279
110000304,89,346,-257
110000305,491,10,481
110000306,110,2313,-2203
110000307,615,4,611
110000308,323,23,300
110000309,4,1832,-1828
110000310,407,77,330
110000311,7,1152,-1145
110000312,577,50,527
110000313,4698,1905,2793
110000314,0,292,-292
110000315,3990,2029,1961
110000316,531,1354,-823
110000317,845,388,457
110000318,1,111,-110
110000319,5,16,-11
110000320,19,56,-37
110000321,9,44,-35
110000322,154,700,-546
110000323,294,307,-13
110000324,5401,1340,4061
110000325,2617,2096,521
110000327,655,234,421
110000328,249,596,-347
110000333,740,440,300
110000334,631,1539,-908
110000335,980,555,425
110000336,383,1546,-1163
110000337,912,599,313
110000338,128,345,-217
110000339,91,333,-242
110000340,57,234,-177
110000341,224,692,-468
110000342,701,10,691
110000343,2,17,-15
110000344,200,246,-46
110000345,285,126,159
110000346,2501,1401,1100
110000347,1040,824,216
110000348,9,21,-12
110000349,10,32,-22
110000350,47,6,41
110000351,442,1043,-601
110000352,335,1965,-1630
110000353,3541,987,2554
110000354,805,2449,-1644
110000355,83,105,-22
110000356,511,3,508
110000357,282,20,262
110000361,12,104,-92
110000362,25,243,-218
110000363,166,178,-12
110000364,137,397,-260
110000365,131,2,129
110000366,0,104,-104
110000367,363,399,-36
110000368,0,94,-94
110000369,51,2,49
110000373,2,424,-422
110000374,52,3,49
110000375,187,892,-705
110000376,29,102,-73
110000377,39,469,-430
110000378,41,349,-308
110000379,4131,1397,2734
110000380,26,10,16
110000383,0,834,-834
110000384,3157,713,2444
110000385,0,254,-254
110000387,34,13,21
110000388,18,276,-258
110000389,410,3,407
110000391,274,525,-251
110000396,78,167,-89
110000397,52,234,-182
110000398,2,28,-26
110000399,184,1,183
110000587,28,54,-26
110000589,142,164,-22
110000640,102,113,-11
110000652,12,249,-237
110000653,116,535,-419
110000654,3,28,-25
110000656,3,923,-920
110000674,17,13,4
110000675,37,10,27
110000676,14,23,-9
110000679,542,457,85
110000682,105,120,-15
110000683,639,606,33
110000684,0,81,-81
110000685,19,20,-1
110000686,1,26,-25
110000687,81,2,79
110000688,65,491,-426
110000689,20,102,-82
110000692,88,383,-295
110000693,180,352,-172
110000694,0,154,-154
110000695,158,801,-643
110000696,118,187,-69
110900001,182,20,162
110900002,713,257,456
110900003,219,1231,-1012
110900004,124,267,-143
110900005,5658,1265,4393
110900006,20,7,13
110900007,33,6,27
110900008,18,43,-25
110900009,214,35,179
110900010,8,107,-99
110900011,2,92,-90
110900012,7,175,-168
110900013,580,178,402
110900014,118,11,107
110900015,865,240,625
110900016,13,217,-204
110900017,188,60,128
110900018,304,57,247
110900019,54,13,41
110900020,49,638,-589
110900021,68,845,-777
110900022,56,592,-536
110900023,64,711,-647
110900024,31,660,-629
110900025,3,66,-63
110900027,26,348,-322
110900028,48,234,-186
110900029,35,638,-603
110900030,23,460,-437
110900031,3,191,-188
110900032,0,119,-119
110900033,30,333,-303
110900035,32,415,-383
110900036,100,19,81
110900037,49,25,24
110900038,1700,226,1474
110900039,12,300,-288
110900040,132,35,97
110900041,5,224,-219
110900042,50,44,6
110900043,8,253,-245
110900044,267,16,251
110900045,34,951,-917
110900046,105,433,-328
110900047,876,95,781
110900049,55,28,27
110900050,2,4,-2
110900051,45,209,-164
110900052,3,250,-247
110900053,50,68,-18
110900054,18,372,-354
110900055,13,2,11
110900056,85,134,-49
110900057,5,231,-226
110900058,83,312,-229
110900059,548,1048,-500
110900060,259,87,172
110900061,21,30,-9
110900062,41,410,-369
110900063,16,149,-133
110900064,4,1,3
110900065,335,99,236
110900066,5,116,-111
110900067,694,518,176
110900068,212,333,-121
110900069,2,44,-42
110900070,106,37,69
110900071,270,394,-124
110900073,0,10,-10
110900074,180,81,99
110900075,199,84,115
110900077,219,471,-252
110900078,8,160,-152
110900079,2363,509,1854
110900080,29,46,-17
110900081,3,109,-106
110900082,56,289,-233
110900083,61,39,22
110900084,16,286,-270
110900085,32,432,-400
110900086,55,172,-117
110900087,140,106,34
110900088,6,0,6
110900090,18,24,-6
110900091,0,82,-82
110900093,365,39,326
110900095,36,67,-31
110900097,7,25,-18
110900098,18,110,-92
110900099,66,724,-658
110900100,0,30,-30
110900102,13,22,-9
110900105,841,568,273
110900108,3,145,-142
110900111,289,107,182
110900112,420,8,412
110900113,658,23,635
110900115,28,101,-73
110900116,336,3121,-2785
110900118,175,1065,-890
110900119,6905,318,6587
110900120,4,161,-157
110900121,66,0,66
110900122,239,178,61
110900125,210,259,-49
110900127,538,628,-90
110900128,195,160,35
110900129,206,226,-20
110900130,994,180,814
110900131,94,59,35
110900132,160,36,124
110900133,63,390,-327
110900135,129,653,-524
110900136,154,15,139
110900137,178,6,172
110900138,884,456,428
110900139,12,63,-51
110900140,92,8,84
110900141,3,86,-83
110900142,42,277,-235
110900143,91,76,15
110900144,3,868,-865
110900145,61,12,49
110900146,675,33,642
110900147,200,269,-69
110900148,3,344,-341
110900149,1,112,-111
110900150,51,15,36
110900151,2,67,-65
110900152,7,422,-415
110900153,48,46,2
111000001,165,141,24
111000002,365,586,-221
111000003,536,512,24
111000004,419,1168,-749
111000005,863,761,102
111000006,864,1558,-694
111000007,4503,1670,2833
111000008,3615,3927,-312
111000009,282,946,-664
111000010,571,262,309
111000011,494,814,-320
111000012,618,338,280
111000013,339,1342,-1003
111000014,1082,577,505
111000017,132,623,-491
111000018,225,508,-283
111000020,2652,2468,184
111000021,75,178,-103
111000023,80,170,-90
111000025,8913,2092,6821
111000029,47,164,-117
111000030,35,136,-101
111000031,2443,878,1565
111000032,586,188,398
111000033,385,153,232
111000034,393,154,239
111000037,3920,1586,2334
111000038,3400,3036,364
111000039,1458,2602,-1144
111000040,1587,2941,-1354
111000041,1907,1946,-39
111000042,7588,3333,4255
111000043,1972,1567,405
111000044,1182,640,542
111000045,1153,1716,-563
111000046,971,1082,-111
111000047,1373,1914,-541
111000049,378,714,-336
111000050,1909,1961,-52
111000051,477,1279,-802
111000052,651,1533,-882
111000053,433,1301,-868
111000054,284,1260,-976
111000055,1180,2445,-1265
111000056,102,899,-797
111000057,66,1058,-992
111000058,130,197,-67
111000059,278,351,-73
111000060,2552,1034,1518
111000061,312,388,-76
111000062,594,297,297
111000063,1634,751,883
111000064,404,565,-161
111000065,957,797,160
111000066,222,232,-10
111000067,456,852,-396
111000068,274,730,-456
111000069,1981,2499,-518
111000070,2709,1418,1291
111000071,156,778,-622
111000072,516,247,269
111000073,165,463,-298
111000074,1346,1346,0
111000075,560,726,-166
111000076,262,874,-612
111000077,1059,1261,-202
111000078,1692,1181,511
111000079,1428,808,620
111000080,339,765,-426
111000081,2792,5646,-2854
111000082,598,880,-282
111000084,522,571,-49
111000085,813,2054,-1241
111000086,3848,1474,2374
111000087,789,1192,-403
111000088,7499,1962,5537
111000089,668,1094,-426
111000090,1335,1757,-422
111000091,594,991,-397
111000092,876,1538,-662
111000093,550,875,-325
111000094,1446,873,573
111000095,917,1752,-835
111000096,3644,6237,-2593
111000097,6844,1157,5687
111000098,439,1547,-1108
111000099,409,3080,-2671
111000100,253,2872,-2619
111000101,379,1073,-694
111000102,99,1005,-906
111000104,187,265,-78
111000107,61,1073,-1012
111000109,241,228,13
111000110,1458,601,857
111000111,902,505,397
111000112,976,294,682
111000113,630,523,107
111000114,1138,1479,-341
111000115,9397,992,8405
111000116,1028,772,256
111000117,475,839,-364
111000118,1659,1111,548
111000119,892,1959,-1067
111000120,323,664,-341
111000121,155,634,-479
111000122,411,1362,-951
111000123,799,4396,-3597
111000124,415,4703,-4288
111000125,188,2682,-2494
111000126,79,1119,-1040
111000127,357,204,153
111000128,859,362,497
111000129,1382,419,963
111000130,969,798,171
111000131,772,698,74
111000132,449,433,16
111000133,75,165,-90
111000134,129,161,-32
111000135,25,128,-103
111000136,196,358,-162
111000138,5,14,-9
111000140,0,4,-4
111000141,227,357,-130
111000142,41,135,-94
111000143,0,91,-91
111000144,18,138,-120
111000145,233,0,233
111000146,15,6,9
111000147,313,11,302
111000148,221,136,85
111000149,1,31,-30
111000150,1,9,-8
111000151,0,17,-17
111000153,556,522,34
111000154,770,216,554
111000155,49,191,-142
111000156,400,344,56
111000157,154,482,-328
111000158,1086,506,580
111000159,3535,679,2856
111000160,214,480,-266
111000161,7,304,-297
111000162,7,197,-190
111000163,289,1024,-735
111000164,918,3144,-2226
111000165,1705,597,1108
111000166,1904,424,1480
111000167,193,638,-445
111000168,249,572,-323
111000169,271,642,-371
111000170,587,508,79
111000171,396,1270,-874
111000172,61,712,-651
111000173,189,1466,-1277
111000174,68,721,-653
111000175,30,302,-272
111000176,188,207,-19
111000177,89,296,-207
111000178,594,316,278
111000179,49,175,-126
111000180,140,307,-167
111000181,404,335,69
111000182,106,176,-70
111000183,267,349,-82
111000184,265,255,10
111000185,338,554,-216
111000186,237,360,-123
111000187,71,384,-313
111000188,100,638,-538
111000189,1889,679,1210
111000190,183,747,-564
111000191,164,682,-518
111000192,185,856,-671
111000193,334,507,-173
111000194,27,499,-472
111000195,82,678,-596
111000196,28,317,-289
111000197,183,218,-35
111000198,179,113,66
111000199,59,169,-110
111000200,116,332,-216
111000201,249,293,-44
111000202,143,224,-81
111000203,148,171,-23
111000204,180,298,-118
111000213,136,343,-207
111000214,1335,1903,-568
111000215,607,1559,-952
111000217,788,887,-99
111000218,744,908,-164
111000219,376,169,207
111000220,3819,1246,2573
111000221,697,297,400
111000224,1,253,-252
111000225,162,48,114
111000226,147,1,146
111000227,62,2,60
111000228,14,151,-137
111000229,37,298,-261
111000230,217,670,-453
111000231,517,1890,-1373
111000232,220,1172,-952
111000233,247,935,-688
111000234,47,250,-203
111000239,218,347,-129
111000240,26,100,-74
111000241,31,547,-516
111000242,66,50,16
111000243,70,1161,-1091
111000244,121,104,17
111000245,385,773,-388
111000246,174,790,-616
111000247,93,1495,-1402
111000248,256,479,-223
111000249,376,1068,-692
111000250,22,261,-239
111000251,29,193,-164
111000253,1,6,-5
111000255,5,12,-7
111000257,14,10,4
111000260,59,1441,-1382
111000261,453,77,376
111000271,29,336,-307
111000273,8065,1583,6482
111000274,1248,2254,-1006
111000275,96,92,4
111000276,236,3144,-2908
111000277,141,570,-429
111000278,578,259,319
111000291,404,2708,-2304
111000298,262,252,10
111000299,601,88,513
111000300,75,643,-568
111000302,215,65,150
111000303,51,381,-330
111000312,91,57,34
111000315,0,115,-115
111000320,366,927,-561
111000321,197,38,159
111000322,100,697,-597
111000323,73,17,56
111000324,319,272,47
111000325,15,81,-66
111000326,51,520,-469
111000327,395,716,-321
111000328,157,459,-302
111000329,1,16,-15
111000330,16,9,7
111000331,2,17,-15
111000332,576,1327,-751
111000334,360,1871,-1511
111000335,251,154,97
111000337,284,500,-216
111000338,14,139,-125
111000339,125,921,-796
111000340,60,1045,-985
111000341,528,229,299
111000342,57,267,-210
111000344,674,660,14
111000345,399,34,365
111000346,22,118,-96
111000347,38,5,33
111000350,129,140,-11
111000351,83,295,-212
111000352,170,96,74
111000353,107,299,-192
111000354,467,121,346
111000355,544,890,-346
111000358,66,2370,-2304
111000360,112,1368,-1256
111000361,93,558,-465
111000546,253,916,-663
111000547,189,862,-673
111000548,42,187,-145
111000549,155,492,-337
111000550,41,326,-285
111000551,584,123,461
111000552,477,55,422
111000907,116,13,103
111000908,5,1,4
111000916,473,243,230
111000917,35,443,-408
111000918,96,1405,-1309
111000920,177,1,176
111000921,1,297,-296
111000922,171,421,-250
111000924,18,1493,-1475
111000925,1258,1628,-370
111000926,955,2698,-1743
111000927,2938,3178,-240
111000928,6815,4089,2726
111000929,762,839,-77
111000930,576,2737,-2161
111000931,1540,1662,-122
111000932,4383,2677,1706
111000933,3145,1767,1378
111000934,2695,3278,-583
111000935,698,1007,-309
111000936,662,2510,-1848
111000937,477,1079,-602
111000938,1631,2862,-1231
111000939,173,48,125
111000940,206,232,-26
111000941,131,730,-599
111000943,138,263,-125
111000944,72,774,-702
111000945,37,3253,-3216
111001109,222,141,81
111001110,142,794,-652
111001111,5,2,3
111001112,52,2,50
111001113,5,100,-95
111001114,1102,28,1074
111001115,15,358,-343
111001116,6593,1500,5093
111001117,768,683,85
111001120,58,389,-331
111001121,76,467,-391
111001122,170,675,-505
111001123,26,84,-58
111900001,1,171,-170
111900002,14,1064,-1050
111900003,4,520,-516
111900004,18,243,-225
111900006,2,4,-2
111900007,56,1,55
111900008,47,1,46
111900009,70,234,-164
111900010,244,658,-414
111900012,75,147,-72
111900013,3,116,-113
111900014,9778,1771,8007
111900015,1,110,-109
111900016,1,243,-242
111900017,0,189,-189
111900018,68,3,65
111900019,2,101,-99
111900020,3,58,-55
111900021,20,76,-56
111900022,17,68,-51
111900023,141,69,72
111900024,0,124,-124
111900025,0,64,-64
111900026,0,168,-168
111900027,7,239,-232
111900028,7,576,-569
111900029,4,147,-143
111900030,70,516,-446
111900031,7,104,-97
111900032,1,566,-565
111900033,11,153,-142
111900034,179,620,-441
111900035,14,266,-252
111900036,2,454,-452
111900038,379,725,-346
111900039,42,507,-465
111900040,5,866,-861
111900042,66,75,-9
111900043,1,610,-609
111900044,288,298,-10
111900046,63,332,-269
111900048,75,1319,-1244
111900049,46,384,-338
111900050,58,19,39
111900051,1,365,-364
111900052,509,780,-271
111900053,1810,395,1415
111900054,81,3,78
111900055,22,849,-827
111900056,217,92,125
111900057,41,53,-12
111900058,100,1043,-943
111900059,2474,211,2263
111900060,160,3,157
111900061,22,405,-383
111900062,5,31,-26
111900063,89,345,-256
111900064,161,322,-161
111900065,35,27,8
111900066,65,97,-32
111900067,1,475,-474
111900068,33,21,12
111900069,45,19,26
111900070,72,188,-116
111900071,0,414,-414
111900072,28,15,13
111900073,212,78,134
111900074,5,262,-257
111900075,19,5,14
111900076,38,27,11
111900077,10,2,8
111900078,124,9,115
111900079,14,3,11
111900080,242,106,136
111900081,1106,98,1008
111900082,53,4,49
111900083,31,8,23
111900084,39,2,37
111900085,12,40,-28
111900086,20,1,19
111900087,13,0,13
111900088,186,3,183
111900089,44,3,41
111900090,76,16,60
111900091,66,4,62
111900092,16,1,15
111900093,151,1,150
111900094,19,0,19
111900095,129,9,120
111900096,88,0,88
111900097,21,0,21
111900098,67,0,67
111900099,9,0,9
111900100,61,1,60
111900101,43,3,40
111900102,180,1014,-834
111900103,66,25,41
111900104,61,66,-5
111900105,254,134,120
111900106,2169,74,2095
111900107,62,134,-72
111900108,76,65,11
111900109,496,141,355
111900110,4019,213,3806
111900111,40,213,-173
111900112,1098,1023,75
111900113,312,54,258
111900114,182,158,24
111900115,10,46,-36
111900118,143,32,111
111900119,131,33,98
111900122,39,34,5
111900123,9,11,-2
111900124,40,131,-91
111900125,145,10,135
111900126,98,1,97
111900127,3,974,-971
111900128,2,766,-764
111900129,56,7,49
111900130,120,5,115
111900131,124,0,124
111900132,25,1660,-1635
111900133,3,549,-546
111900134,33,426,-393
111900135,2,10,-8
111900136,41,107,-66
111900137,46,54,-8
111900138,4,98,-94
111900139,8,184,-176
111900140,36,6,30
111900141,20,9,11
111900142,30,15,15
111900143,18,377,-359
111900144,0,225,-225
111900145,5,882,-877
111900146,3,472,-469
111900147,233,690,-457
111900148,65,1176,-1111
111900149,6,532,-526
111900150,20,251,-231
111900151,2,44,-42
111900152,109,50,59
111900153,2101,196,1905
111900154,3,109,-106
111900155,49,24,25
111900156,28,25,3
111900157,26,14,12
111900158,261,10,251
111900159,94,6,88
111900160,71,0,71
111900161,38,8,30
111900162,128,84,44
111900163,51,216,-165
111900164,45,28,17
111901113,91,261,-170
111901114,106,558,-452
111901115,29,1,28
111901116,22,0,22
111901117,9,12,-3
111901118,101,86,15
111901119,1639,107,1532
111901120,125,282,-157
111901121,248,483,-235
111901122,8,796,-788
111901123,78,661,-583
111901124,68,1,67
111901125,108,151,-43
111901126,47,15,32
111901127,1187,244,943
111901128,13,124,-111
111901129,2,187,-185
111901130,25,345,-320
111901131,2,223,-221
111901132,56,4,52
111901133,21,1,20
111901134,28,1,27
111901135,8,4,4
111901136,16,16,0
111901137,1,15,-14
111901138,61,41,20
111901139,18,74,-56
111901140,4,211,-207
111901141,8,313,-305
111901142,1,175,-174
111901143,4,144,-140
111901144,17,22,-5
111901145,112,124,-12
112000001,1228,806,422
112000002,713,3196,-2483
112000003,547,739,-192
112000004,593,2065,-1472
112000005,1697,1606,91
112000006,1579,2567,-988
112000007,1416,1278,138
112000008,1899,3082,-1183
112000009,4523,4139,384
112000010,2044,2569,-525
112000011,2347,2777,-430
112000012,8962,2289,6673
112000013,8798,4359,4439
112000014,3249,999,2250
112000015,3694,3190,504
112000016,6929,1248,5681
112000017,3097,1786,1311
112000024,2216,806,1410
112000026,5436,6492,-1056
112000027,624,457,167
112000028,1801,1930,-129
112000029,298,505,-207
112000030,250,151,99
112000031,1867,2804,-937
112000032,824,90,734
112000033,3021,966,2055
112000034,292,78,214
112000035,146,293,-147
112000036,1186,887,299
112000037,1827,1197,630
112000038,1025,1240,-215
112000039,16,117,-101
112000040,176,367,-191
112000041,561,660,-99
112000042,1172,358,814
112000050,500,1820,-1320
112000051,594,879,-285
112000054,1684,3042,-1358
112000057,811,389,422
112000058,418,507,-89
112000059,1183,544,639
112000061,7577,1911,5666
112000062,3594,695,2899
112000063,2382,775,1607
112000064,6636,6582,54
112000065,2896,3181,-285
112000066,2988,952,2036
112000067,791,770,21
112000068,1777,1107,670
112000069,920,3137,-2217
112000070,1663,580,1083
112000071,616,3842,-3226
112000072,1012,844,168
112000073,1344,2006,-662
112000074,742,799,-57
112000075,828,938,-110
112000076,3415,3156,259
112000077,319,956,-637
112000078,884,927,-43
112000079,1325,1710,-385
112000080,494,1372,-878
112000081,1169,2211,-1042
112000082,889,819,70
112000083,437,1867,-1430
112000084,916,878,38
112000085,1034,1694,-660
112000086,1179,2103,-924
112000087,190,642,-452
112000088,293,916,-623
112000089,268,459,-191
112000090,251,614,-363
112000091,705,1573,-868
112000092,1076,930,146
112000093,1355,1329,26
112000094,324,846,-522
112000095,454,907,-453
112000096,268,749,-481
112000097,498,553,-55
112000098,714,2063,-1349
112000099,463,664,-201
112000100,809,1051,-242
112000101,324,1265,-941
112000102,496,515,-19
112000103,235,1811,-1576
112000105,282,2429,-2147
112000106,556,459,97
112000107,7,235,-228
112000108,144,1991,-1847
112000109,46,61,-15
112000110,1068,411,657
112000111,1896,5943,-4047
112000112,6876,556,6320
112000113,1357,2692,-1335
112000114,3336,972,2364
112000115,180,672,-492
112000116,459,1188,-729
112000117,549,771,-222
112000118,789,1109,-320
112000119,414,1246,-832
112000120,134,500,-366
112000121,63,909,-846
112000122,184,190,-6
112000123,257,162,95
112000124,125,129,-4
112000125,65,140,-75
112000126,127,973,-846
112000127,4048,1288,2760
112000128,1987,844,1143
112000129,41,110,-69
112000130,65,46,19
112000131,21,508,-487
112000132,73,464,-391
112000133,152,382,-230
112000134,493,450,43
112000135,1144,680,464
112000136,1442,1414,28
112000137,2580,1483,1097
112000138,4708,1565,3143
112000139,779,196,583
112000140,1053,1220,-167
112000141,329,215,114
112000142,148,1139,-991
112000143,529,239,290
112000144,209,2159,-1950
112000145,1383,738,645
112000146,604,2666,-2062
112000147,1315,1664,-349
112000148,1480,2550,-1070
112000149,185,970,-785
112000150,93,771,-678
112000151,266,905,-639
112000152,149,430,-281
112000153,182,348,-166
112000154,86,157,-71
112000155,99,53,46
112000157,732,528,204
112000158,212,782,-570
112000159,185,377,-192
112000167,147,47,100
112000169,355,354,1
112000173,412,296,116
112000175,298,429,-131
112000176,6744,2140,4604
112000177,265,106,159
112000178,59,787,-728
112000179,120,223,-103
112000180,183,306,-123
112000181,1219,2351,-1132
112000182,438,2812,-2374
112000183,57,67,-10
112000184,166,1017,-851
112000185,194,741,-547
112000187,3055,3116,-61
112000195,90,4,86
112000196,114,1,113
112000197,79,95,-16
112000198,31,550,-519
112000199,777,1231,-454
112000202,163,2,161
112000216,56,146,-90
112000230,22,3,19
112000231,5,542,-537
112000256,22,139,-117
112000313,157,260,-103
112000314,9,24,-15
112000337,195,725,-530
112000352,279,174,105
112000392,2308,1270,1038
112000398,683,745,-62
112000399,2486,1644,842
112000400,1848,5127,-3279
112000401,3265,3689,-424
112000402,1228,1995,-767
112000403,2320,1889,431
112000404,225,647,-422
112000405,1319,2603,-1284
112000406,3959,3931,28
112000407,3724,5941,-2217
112000408,9732,8701,1031
112000409,1724,6065,-4341
112000410,280,180,100
112000411,6577,1249,5328
112000412,1014,390,624
112000413,12299,2310,9989
112000414,46,99,-53
112000415,51,46,5
112000416,1451,1354,97
112000417,128,91,37
112000421,23,195,-172
112000422,252,712,-460
112000424,2860,1541,1319
112000425,333,1214,-881
112000426,67,260,-193
112000427,0,17,-17
112000428,100,516,-416
112000429,2000,3301,-1301
112000430,1992,3515,-1523
112000431,28,105,-77
112000432,629,2567,-1938
112000433,1040,794,246
112000437,33,406,-373
112900001,41,3,38
112900002,189,1688,-1499
112900003,11,319,-308
112900004,37,504,-467
112900005,63,356,-293
112900006,7,608,-601
112900007,44,317,-273
112900008,6,13,-7
112900009,443,64,379
112900010,174,1104,-930
112900011,381,330,51
112900012,2,64,-62
112900013,0,180,-180
112900014,1,415,-414
112900015,407,1090,-683
112900016,2,349,-347
112900017,16,268,-252
112900018,0,482,-482
112900019,86,154,-68
112900020,585,1755,-1170
112900021,0,335,-335
112900022,6,109,-103
112900023,0,426,-426
112900024,12,274,-262
112900025,84,243,-159
112900026,8,343,-335
112900027,8,1656,-1648
112900028,19,153,-134
112900029,8,971,-963
112900030,362,242,120
112900031,8,747,-739
112900032,94,291,-197
112900034,0,79,-79
112900035,4,653,-649
112900036,36,170,-134
112900037,188,98,90
112900038,280,148,132
112900039,16,394,-378
112900040,3,448,-445
112900041,1822,946,876
112900042,32,493,-461
112900043,20,56,-36
112900044,601,480,121
112900045,690,404,286
112900046,268,65,203
112900047,15,11,4
112900049,77,98,-21
112900050,68,802,-734
112900051,312,986,-674
112900052,6,1238,-1232
112900053,413,124,289
112900054,307,26,281
112900055,225,23,202
112900056,282,119,163
112900057,10,903,-893
112900058,382,118,264
112900059,95,149,-54
112900060,35,419,-384
112900061,71,156,-85
112900062,77,182,-105
112900063,72,1,71
112900064,191,163,28
112900065,58,11,47
112900066,175,57,118
112900067,697,190,507
112900068,51,26,25
112900069,3170,418,2752
112900071,17,3,14
112900072,224,774,-550
112900073,286,36,250
112900074,47,87,-40
112900075,2873,459,2414
112900076,50,8,42
112900078,108,193,-85
112900079,166,6,160
112900080,20,1,19
112900081,18,114,-96
112900082,264,4,260
112900083,31,41,-10
112900084,91,35,56
112900085,0,3,-3
112900086,17,0,17
112900087,288,101,187
112900088,40,3,37
112900089,461,13,448
112900090,22,25,-3
112900091,74,3,71
112900092,137,122,15
112900093,1093,7,1086
112900094,20,0,20
112900095,12,0,12
112900096,266,120,146
112900097,34,524,-490
112900098,131,0,131
112900099,360,10,350
112900100,11,2,9
112900101,103,0,103
112900102,160,8,152
112900103,82,1,81
112900104,7,0,7
112900105,8,1,7
112900106,279,108,171
112900107,2,2,0
112900108,134,0,134
112900109,14,0,14
112900110,344,11,333
112900111,243,2,241
112900112,115,0,115
112900113,0,19,-19
112900114,43,68,-25
112900115,303,1,302
112900116,20,52,-32
112900117,101,155,-54
112900118,31,98,-67
112900119,56,1,55
112900120,855,255,600
112900121,354,253,101
112900122,16,220,-204
112900123,198,18,180
112900124,2,217,-215
112900125,81,374,-293
112900126,185,316,-131
112900127,183,46,137
112900128,629,828,-199
112900129,6,1308,-1302
112900130,98,64,34
112900131,47,213,-166
112900132,78,403,-325
112900133,32,1819,-1787
112900134,0,387,-387
112900135,34,10,24
112900136,0,39,-39
112900137,3,949,-946
112900138,6,642,-636
112900139,269,1592,-1323
112900140,0,99,-99
112900141,294,37,257
112900142,80,55,25
112900143,69,781,-712
112900144,2,329,-327
112900145,50,566,-516
112900146,5,2009,-2004
112900147,10,3340,-3330
112900148,23,0,23
112900149,160,576,-416
112900151,31,51,-20
112900152,6196,1512,4684
112900153,1762,953,809
112900154,0,99,-99
112900155,84,8,76
112900156,109,2385,-2276
112900157,71,2,69
112900158,8,33,-25
112900159,125,49,76
112900160,35,282,-247
112900161,31,41,-10
112900162,38,9,29
112900163,108,17,91
112900164,33,135,-102
112900165,139,54,85
112900166,7,49,-42
112900167,4,26,-22
112900168,3,0,3
112900169,8,3,5
112900170,41,95,-54
112900172,89,7,82
112900173,393,110,283
112900174,154,39,115
112900175,150,67,83
112900176,1,9,-8
112900177,136,15,121
112900178,532,1152,-620
112900179,30,664,-634
112900180,1021,3528,-2507
112900181,266,1,265
112900182,36,1921,-1885
112900183,106,208,-102
112900184,461,346,115
112900185,445,433,12
112900186,2414,687,1727
112900187,42,292,-250
112900188,857,320,537
112900189,77,31,46
112900190,3,72,-69
112900192,479,222,257
112900193,1199,273,926
112900194,21,104,-83
112900195,429,18,411
112900196,227,602,-375
112900197,156,520,-364
112900199,188,781,-593
112900200,220,291,-71
112900201,61,104,-43
112900202,127,1365,-1238
112900203,72,385,-313
112900204,821,320,501
112900205,0,10,-10
112900206,5,59,-54
112900207,1,0,1
112900208,76,81,-5
112900209,394,547,-153
112900210,0,20,-20
112900211,49,146,-97
112900212,0,73,-73
112900213,5,10,-5
112900214,21,5,16
112900215,8,325,-317
112900216,35,49,-14
112900217,3,58,-55
112900218,35,10,25
112900219,13,16,-3
112900220,3,0,3
112900221,4,135,-131
112900222,0,22,-22
112900223,438,9,429
112900224,133,942,-809
112900225,231,595,-364
112900226,335,305,30
112900227,195,1921,-1726
112900228,29,25,4
112900229,68,59,9
112900230,10543,3621,6922
112900232,158,162,-4
112900233,37,222,-185
112900234,5,129,-124
112900235,39,11,28
112900236,58,9,49
112900237,45,384,-339
112900238,5,43,-38
112900239,334,111,223
113000001,5120,5619,-499
113000002,4082,4219,-137
113000003,2208,2276,-68
113000004,2319,2756,-437
113000005,1343,1371,-28
113000006,977,1573,-596
113000007,1194,1549,-355
113000008,1348,2246,-898
113000009,807,995,-188
113000010,1003,2101,-1098
113000011,736,2438,-1702
113000012,1132,831,301
113000013,1604,493,1111
113000014,2294,1699,595
113000015,1291,313,978
113000016,1016,437,579
113000017,137,347,-210
113000018,262,40,222
113000019,97,326,-229
113000020,120,28,92
113000021,764,647,117
113000022,445,1403,-958
113000025,87,314,-227
113000026,142,474,-332
113000027,767,464,303
113000028,1333,565,768
113000029,932,539,393
113000030,489,716,-227
113000031,309,274,35
113000032,307,168,139
113000033,497,339,158
113000034,581,375,206
113000035,31,45,-14
113000036,19,73,-54
113000037,70,44,26
113000038,12,80,-68
113000039,117,601,-484
113000040,58,101,-43
113000042,964,912,52
113000051,682,1896,-1214
113000052,2550,1565,985
113000053,284,737,-453
113000054,196,946,-750
113000055,800,1216,-416
113000056,489,1827,-1338
113000058,762,1170,-408
113000059,1320,911,409
113000060,89,683,-594
113000061,779,1143,-364
113000062,1470,130,1340
113000063,97,297,-200
113000064,38,511,-473
113000065,106,1457,-1351
113000066,401,101,300
113000067,1097,1412,-315
113000068,316,2599,-2283
113000069,403,1955,-1552
113000070,1044,833,211
113000071,304,992,-688
113000072,365,492,-127
113000073,631,1921,-1290
113000074,1150,365,785
113000075,2154,512,1642
113000076,1442,1865,-423
113000077,2127,380,1747
113000078,1679,1971,-292
113000079,1315,633,682
113000080,982,551,431
113000081,1063,974,89
113000082,1647,857,790
113000083,665,818,-153
113000084,1667,1202,465
113000085,925,670,255
113000086,1159,1186,-27
113000087,1307,893,414
113000088,2431,1372,1059
113000089,966,1471,-505
113000090,222,306,-84
113000091,1016,312,704
113000094,718,170,548
113000095,260,1384,-1124
113000096,140,1336,-1196
113000097,707,375,332
113000098,76,40,36
113000099,1081,255,826
113000100,142,516,-374
113000101,341,583,-242
113000102,447,204,243
113000103,3161,751,2410
113000104,320,2512,-2192
113000105,728,488,240
113000106,448,772,-324
113000107,618,825,-207
113000108,900,1856,-956
113000109,523,3158,-2635
113000110,1742,397,1345
113000111,132,551,-419
113000112,253,303,-50
113000113,2906,297,2609
113000114,434,1447,-1013
113000116,1008,246,762
113000117,1019,237,782
113000118,183,414,-231
113000119,201,551,-350
113000120,42,252,-210
113000121,687,1075,-388
113000124,153,181,-28
113000125,33,581,-548
113000127,3956,588,3368
113000128,532,530,2
113000129,665,1452,-787
113000133,5228,1235,3993
113000134,6,573,-567
113000135,3064,2619,445
113000137,3581,1605,1976
113000139,509,179,330
113000140,211,306,-95
113000141,694,126,568
113000142,1127,1116,11
113000143,358,178,180
113000144,362,670,-308
113000145,35,197,-162
113000146,98,79,19
113000147,181,180,1
113000148,77,196,-119
113000149,70,196,-126
113000150,534,475,59
113000151,177,69,108
113000152,37,181,-144
113000153,2244,570,1674
113000154,957,1456,-499
113000155,201,373,-172
113000156,206,470,-264
113000157,232,850,-618
113000158,523,230,293
113000159,805,412,393
113000160,563,1385,-822
113000161,265,800,-535
113000162,653,418,235
113000163,57,44,13
113000164,14,115,-101
113000166,66,58,8
113000167,22,249,-227
113000168,59,269,-210
113000169,106,45,61
113000170,87,86,1
113000171,106,126,-20
113000172,191,95,96
113000173,57,13,44
113000174,125,606,-481
113000175,345,103,242
113000176,349,152,197
113000177,107,533,-426
113000178,216,440,-224
113000179,225,110,115
113000180,487,1500,-1013
113000181,704,1246,-542
113000182,309,330,-21
113000183,286,710,-424
113000184,17,157,-140
113000189,594,690,-96
113000190,1978,504,1474
113000192,3006,1530,1476
113000193,5755,933,4822
113000194,2264,1243,1021
113000195,2748,623,2125
113000196,66,108,-42
113000197,1579,1014,565
113000198,20,312,-292
113000199,1379,490,889
113000201,227,162,65
113000202,4043,2069,1974
113000203,616,166,450
113000204,2007,1380,627
113000205,38,45,-7
113000206,8,38,-30
113000207,47,27,20
113000208,33,67,-34
113000209,20,25,-5
113000210,17,37,-20
113000211,289,144,145
113000212,278,13,265
113000213,56,113,-57
113000214,58,235,-177
113000234,138,1604,-1466
113000410,187,149,38
113000411,4149,5045,-896
113000412,13486,1983,11503
113000413,5206,2133,3073
113000414,16001,12258,3743
113000415,3888,2788,1100
113000416,13119,3726,9393
113000417,5018,3321,1697
113000418,5096,2814,2282
113000419,2948,2124,824
113000420,4897,3709,1188
113000421,4923,5155,-232
113000422,21838,8329,13509
113000423,3015,3577,-562
113000424,5464,6108,-644
113000425,24,98,-74
113000428,1603,99,1504
113000430,484,126,358
113000432,975,102,873
113000433,139,1325,-1186
113000434,8,415,-407
113000435,6,1196,-1190
113000436,20,1795,-1775
113000437,288,19,269
113000438,111,11,100
113000439,12,182,-170
113000440,35,39,-4
113000441,82,267,-185
113000442,101,295,-194
113000443,71,368,-297
113000444,67,397,-330
113000445,67,160,-93
113000446,15,119,-104
113000448,139,168,-29
113000449,331,590,-259
113000450,859,1923,-1064
113000451,1379,126,1253
113000452,458,265,193
113000453,63,284,-221
113000454,884,8,876
113000455,3,110,-107
113000456,4744,2034,2710
113000468,3248,431,2817
113000469,383,156,227
113000470,566,96,470
113000471,9,314,-305
113000472,73,353,-280
113000474,278,834,-556
113000475,1464,2258,-794
113000476,876,2258,-1382
113000477,1946,2511,-565
113000478,3645,7916,-4271
113000479,40,348,-308
113000480,128,109,19
113000482,0,0,0
113000485,0,0,0
113000486,0,0,0
113000487,0,0,0
113000488,0,0,0
113000489,0,0,0
113000490,0,0,0
113000491,0,0,0
113000492,0,0,0
113000493,0,0,0
113000495,134,184,-50
113000496,41,67,-26
113000497,0,0,0
113000499,0,0,0
113000500,0,9,-9
113900001,3,108,-105
113900002,1,158,-157
113900003,2,103,-101
113900004,1,24,-23
113900005,0,21,-21
113900006,0,10,-10
113900007,30,7,23
113900008,29,0,29
113900009,274,2,272
113900010,111,0,111
113900011,8,1,7
113900012,13,1,12
113900013,535,4,531
113900014,997,1,996
113900015,0,55,-55
113900016,24,0,24
113900017,1,60,-59
113900018,556,78,478
113900019,35,50,-15
113900020,59,1,58
113900022,7,1,6
113900023,2,0,2
113900024,27,125,-98
113900025,549,29,520
113900026,34,1,33
113900027,8,92,-84
113900028,13,525,-512
113900029,32,380,-348
113900030,84,3,81
113900031,2,0,2
113900032,2,0,2
113900033,52,100,-48
113900035,31,0,31
113900036,8,132,-124
113900037,37,670,-633
113900038,24,40,-16
113900039,101,6,95
113900040,5,6,-1
113900041,2,2,0
113900042,9,25,-16
113900043,172,127,45
113900044,208,53,155
113900045,25,1,24
113900046,280,810,-530
113900047,22,179,-157
113900048,329,38,291
113900049,909,143,766
113900050,162,373,-211
113900051,143,561,-418
113900052,241,156,85
113900053,502,180,322
113900054,5,3,2
113900055,118,626,-508
113900056,57,193,-136
113900057,18,377,-359
113900058,34,257,-223
113900059,85,414,-329
113900060,95,351,-256
113900061,1443,106,1337
113900062,45,12,33
113900063,73,139,-66
113900064,42,184,-142
113900065,753,16,737
113900066,196,483,-287
113900067,37,491,-454
113900068,280,401,-121
113900069,114,13,101
113900070,244,449,-205
113900071,31,105,-74
113900072,41,184,-143
113900073,81,433,-352
113900074,28,597,-569
113900075,829,1224,-395
113900076,172,9,163
113900077,25,286,-261
113900078,38,57,-19
113900079,4,91,-87
113900080,356,120,236
113900081,15,270,-255
113900082,122,215,-93
113900083,124,935,-811
113900084,179,76,103
113900085,27,339,-312
113900086,3,18,-15
113900087,30,241,-211
113900088,26,54,-28
113900089,357,60,297
113900090,327,373,-46
113900091,25,21,4
113900092,23,65,-42
113900093,57,510,-453
113900094,152,589,-437
113900095,92,74,18
113900096,116,43,73
113900097,2,146,-144
113900098,360,64,296
113900099,1,53,-52
113900100,0,1,-1
113900101,13,60,-47
113900102,92,81,11
113900103,166,232,-66
113900104,93,163,-70
113900105,29,400,-371
113900106,0,114,-114
113900107,1,27,-26
113900108,193,145,48
113900109,368,70,298
113900110,26,12,14
113900111,54,101,-47
113900112,58,108,-50
113900113,498,408,90
113900114,1,104,-103
113900115,0,89,-89
113900116,68,82,-14
113900117,68,14,54
113900118,151,181,-30
113900119,332,291,41
113900120,28,37,-9
113900121,33,95,-62
113900122,286,1406,-1120
113900123,279,136,143
113900124,0,54,-54
113900125,1522,155,1367
113900126,106,49,57
113900127,138,415,-277
113900128,85,30,55
113900129,13,143,-130
113900130,0,19,-19
113900131,67,76,-9
113900132,38,34,4
113900133,41,35,6
113900135,157,457,-300
113900136,74,70,4
113900137,240,110,130
113900138,83,171,-88
113900139,624,75,549
113900140,570,240,330
113900141,176,522,-346
113900142,68,108,-40
113900143,9,21,-12
113900144,528,175,353
113900145,184,214,-30
113900146,77,77,0
113900148,121,163,-42
113900149,119,29,90
113900150,1397,536,861
113900151,195,220,-25
113900152,14,57,-43
113900153,523,534,-11
113900154,1,107,-106
113900155,227,91,136
113900156,220,764,-544
113900157,37,288,-251
113900158,730,172,558
113900159,17,305,-288
113900160,457,849,-392
113900161,31,147,-116
113900162,1042,640,402
113900163,231,189,42
113900164,118,49,69
113900165,497,942,-445
113900166,328,126,202
113900167,287,28,259
113900168,143,136,7
113900169,230,481,-251
113900171,89,35,54
113900172,11,249,-238
113900173,47,717,-670
113900174,375,892,-517
113900175,246,87,159
113900176,202,887,-685
113900177,238,216,22
113900178,235,158,77
113900179,17,749,-732
113900180,103,135,-32
113900181,348,190,158
113900182,498,1119,-621
113900183,53,105,-52
113900184,9,701,-692
113900185,126,96,30
113900186,41,59,-18
113900187,22,181,-159
113900188,50,260,-210
113900189,203,64,139
113900190,319,90,229
113900191,100,302,-202
113900192,8,309,-301
113900193,27,319,-292
113900194,2244,1081,1163
113900195,328,513,-185
113900196,0,178,-178
113900197,2,342,-340
113900198,30,143,-113
113900199,175,827,-652
113900200,21,342,-321
113900201,1,304,-303
113900202,32,300,-268
113900203,1,255,-254
113900204,41,760,-719
113900205,13,151,-138
113900206,5,127,-122
113900207,1,70,-69
113900208,0,71,-71
113900209,1,115,-114
113900210,568,601,-33
113900211,167,30,137
113900212,116,691,-575
113900214,495,329,166
113900215,37,157,-120
113900216,73,1625,-1552
113900217,18,380,-362
113900218,101,46,55
113900219,128,585,-457
113900220,107,49,58
113900221,292,152,140
113900222,351,394,-43
113900223,64,1136,-1072
113900224,154,43,111
113900225,994,317,677
113900226,299,152,147
113900227,345,136,209
113900228,498,388,110
113900229,39,701,-662
113900230,6060,1406,4654
113900231,114,323,-209
113900232,34,117,-83
113900233,27,46,-19
113900234,162,352,-190
113900235,53,25,28
113900236,26,531,-505
113900237,77,10,67
113900238,152,321,-169
113900239,83,47,36
113900240,13,98,-85
113900241,119,94,25
113900242,46,162,-116
113900243,150,398,-248
113900244,525,153,372
113900245,1589,260,1329
113900246,13,10,3
113900247,123,148,-25
113900248,5238,1035,4203
113900249,1551,225,1326
113900250,52,105,-53
113900251,361,207,154
113900252,332,25,307
113900253,446,34,412
113900254,381,83,298
113900255,258,26,232
113900256,284,22,262
113900257,36,784,-748
113900258,11,665,-654
113900259,342,298,44
113900260,120,32,88
113900261,13,102,-89
113900262,157,900,-743
113900263,87,579,-492
113900264,5,673,-668
113900265,162,240,-78
113900266,28,310,-282
113900267,100,440,-340
113900268,168,285,-117
113900269,61,160,-99
113900270,301,384,-83
113900271,462,1635,-1173
113900273,51,4,47
113900274,34,7,27
113900275,18,54,-36
113900276,4,363,-359
113900277,45,2,43
113900278,479,186,293
113900279,130,114,16
113900280,1504,777,727
113900281,270,1075,-805
113900282,1105,504,601
113900283,283,430,-147
113900284,928,130,798
113900285,104,46,58
113900286,81,176,-95
113900287,28,207,-179
113900288,0,77,-77
113900289,1838,79,1759
113900290,412,67,345
113900291,179,231,-52
113900292,10,7,3
113900293,2,259,-257
113900294,282,22,260
113900295,467,288,179
113900296,3149,385,2764
113900297,629,32,597
113900298,10,1910,-1900
113900299,9,131,-122
113900300,7433,2284,5149
113900301,1092,294,798
113900302,2807,597,2210
113900303,695,154,541
113900304,3,194,-191
113900305,35,0,35
113900306,8,0,8
113900307,41,0,41
113900308,124,117,7
113900309,2,1137,-1135
113900310,2,21,-19
113900311,5,0,5
113900312,82,99,-17
113900313,15,8,7
114000001,1216,4051,-2835
114000002,130,548,-418
114000003,45,373,-328
114000004,269,480,-211
114000005,152,315,-163
114000006,3644,2492,1152
114000007,610,1673,-1063
114000008,1404,1083,321
114000009,274,190,84
114000011,2170,3974,-1804
114000012,1581,3337,-1756
114000013,1060,2512,-1452
114000014,285,514,-229
114000015,823,553,270
114000016,205,463,-258
114000017,98,243,-145
114000018,473,137,336
114000026,740,1944,-1204
114000027,1312,2263,-951
114000028,1742,2086,-344
114000038,110,199,-89
114000039,61,114,-53
114000040,56,201,-145
114000042,58,276,-218
114000043,27,303,-276
114000044,80,94,-14
114000045,23,128,-105
114000046,2612,5842,-3230
114000047,8,100,-92
114000048,48,88,-40
114000049,1464,1060,404
114000050,1652,1056,596
114000051,3674,1441,2233
114000052,3533,1234,2299
114000053,43,597,-554
114000054,55,1943,-1888
114000055,238,21,217
114000056,1732,583,1149
114000057,10133,2789,7344
114000058,613,510,103
114000059,335,121,214
114000060,396,859,-463
114000061,3501,1109,2392
114000062,2668,690,1978
114000063,3917,1988,1929
114000064,10365,2895,7470
114000065,2226,2351,-125
114000066,251,782,-531
114000067,38,336,-298
114000068,430,418,12
114000069,955,513,442
114000070,2531,1312,1219
114000071,441,893,-452
114000072,183,466,-283
114000073,25,172,-147
114000074,13,32,-19
114000075,25,197,-172
114000076,16,289,-273
114000077,5,71,-66
114000078,130,1937,-1807
114000079,62,27,35
114000080,119,114,5
114000081,41,113,-72
114000082,45,744,-699
114000083,27,356,-329
114000084,79,75,4
114000085,135,930,-795
114000086,138,778,-640
114000087,37,367,-330
114000088,64,109,-45
114000089,1881,587,1294
114000090,604,509,95
114000091,1756,352,1404
114000092,992,299,693
114000093,743,607,136
114000094,286,416,-130
114000095,57,105,-48
114000096,83,733,-650
114000097,88,1455,-1367
114000098,298,46,252
114000099,197,1158,-961
114000100,487,958,-471
114000101,248,1783,-1535
114000102,187,395,-208
114000103,101,629,-528
114000104,17,342,-325
114000105,27,76,-49
114000106,898,369,529
114000107,92,145,-53
114000108,2529,1482,1047
114000109,264,466,-202
114000110,477,2013,-1536
114000111,773,587,186
114000112,254,2054,-1800
114000113,585,511,74
114000114,1150,1769,-619
114000115,993,562,431
114000116,344,468,-124
114000117,1356,374,982
114000118,1017,314,703
114000119,744,284,460
114000120,562,1222,-660
114000121,335,698,-363
114000122,295,259,36
114000123,808,342,466
114000124,361,371,-10
114000125,823,2358,-1535
114000126,1263,213,1050
114000127,103,273,-170
114000128,697,753,-56
114000130,305,599,-294
114000131,111,78,33
114000132,523,936,-413
114000133,1316,1538,-222
114000134,68,247,-179
114000138,32,235,-203
114000139,312,97,215
114000144,601,320,281
114000145,83,234,-151
114000146,83,383,-300
114000147,874,857,17
114000148,2482,1364,1118
114000149,333,210,123
114000150,803,502,301
114000151,760,754,6
114000152,107,19,88
114000153,1005,1249,-244
114000154,671,571,100
114000155,1528,1474,54
114000156,718,487,231
114000157,200,809,-609
114000158,2401,654,1747
114000159,206,333,-127
114000160,131,188,-57
114000161,1531,1118,413
114000162,779,847,-68
114000163,8,185,-177
114000165,162,149,13
114000166,748,231,517
114000167,5138,1223,3915
114000168,930,691,239
114000169,2067,631,1436
114000170,1456,431,1025
114000171,605,882,-277
114000174,174,446,-272
114000176,608,379,229
114000177,2743,937,1806
114000178,41,70,-29
114000179,1378,795,583
114000180,461,606,-145
114000181,1737,2100,-363
114000182,7789,2294,5495
114000183,1156,806,350
114000184,739,2048,-1309
114000185,943,1157,-214
114000189,421,58,363
114000190,1239,141,1098
114000191,12,31,-19
114000192,377,1850,-1473
114000193,1152,4099,-2947
114000194,1133,1509,-376
114000195,49,5,44
114000196,3,373,-370
114000197,566,50,516
114000198,1361,502,859
114000199,2178,1240,938
114000200,540,3054,-2514
114000201,128,1474,-1346
114000202,938,1091,-153
114000203,422,1159,-737
114000204,107,512,-405
114000205,260,2157,-1897
114000206,384,1632,-1248
114000207,622,2910,-2288
114000208,391,4194,-3803
114000209,651,4061,-3410
114000210,396,2033,-1637
114000211,898,1802,-904
114000212,692,967,-275
114000213,1023,787,236
114000214,69,228,-159
114000215,86,63,23
114000216,899,490,409
114000217,77,470,-393
114000218,79,436,-357
114000219,593,405,188
114000220,9,1662,-1653
114000221,331,154,177
114000222,190,1549,-1359
114000223,317,64,253
114000224,93,891,-798
114000225,110,602,-492
114000226,55,278,-223
114000227,545,589,-44
114000228,610,1058,-448
114000229,572,1318,-746
114000230,1432,1720,-288
114000231,641,1402,-761
114000232,378,119,259
114000233,1407,106,1301
114000234,877,1263,-386
114000235,640,1898,-1258
114000236,3,636,-633
114000237,65,1437,-1372
114000238,54,179,-125
114000239,201,1950,-1749
114000240,599,792,-193
114000241,284,1315,-1031
114000242,1010,999,11
114000243,1178,812,366
114000244,853,408,445
114000245,270,678,-408
114000246,110,39,71
114000247,816,871,-55
114000248,640,546,94
114000249,476,539,-63
114000250,393,662,-269
114000251,160,351,-191
114000252,47,143,-96
114000253,40,290,-250
114000254,13,133,-120
114000255,501,171,330
114000256,2433,572,1861
114000257,634,2461,-1827
114000258,161,647,-486
114000259,119,319,-200
114000260,0,22,-22
114000261,31,21,10
114000262,55,224,-169
114000263,13,7,6
114000264,404,1010,-606
114000265,0,5,-5
114000267,3,1527,-1524
114000268,4,2682,-2678
114000270,106,5,101
114000271,327,129,198
114000283,687,639,48
114000285,61,360,-299
114000288,38,420,-382
114000289,900,100,800
114000293,110,467,-357
114000294,163,297,-134
114000395,1035,36,999
114000396,260,275,-15
114000402,192,308,-116
114000403,180,704,-524
114000405,89,761,-672
114000423,152,722,-570
114000424,270,327,-57
114000425,257,834,-577
114000426,297,669,-372
114000427,52,116,-64
114000428,232,74,158
114000429,3,222,-219
114000432,33,174,-141
114000434,17,120,-103
114000435,1,194,-193
114000436,6156,1653,4503
114000437,257,853,-596
114900001,268,1830,-1562
114900002,444,97,347
114900003,273,2770,-2497
114900004,171,243,-72
114900005,221,1178,-957
114900006,19,31,-12
114900007,116,6,110
114900008,65,29,36
114900010,2975,1506,1469
114900011,52,111,-59
114900013,67,72,-5
114900015,38,172,-134
114900018,684,48,636
114900020,65,38,27
114900022,7,836,-829
114900024,91,143,-52
114900025,207,272,-65
114900026,45,55,-10
114900027,160,238,-78
114900029,17,27,-10
114900030,153,224,-71
114900031,73,15,58
114900032,142,43,99
114900033,1699,272,1427
114900034,45,354,-309
114900035,179,254,-75
114900036,222,1404,-1182
114900037,46,306,-260
114900038,130,1314,-1184
114900039,388,915,-527
114900040,44,259,-215
114900041,204,791,-587
114900042,408,1041,-633
114900043,917,374,543
114900044,53,11,42
114900046,59,212,-153
114900047,168,975,-807
114900048,42,255,-213
114900049,10,267,-257
114900050,20,756,-736
114900051,28,761,-733
114900052,146,255,-109
114900053,120,239,-119
114900054,56,139,-83
114900057,182,5,177
114900058,0,85,-85
114900059,24,49,-25
114900060,1544,396,1148
114900061,88,226,-138
114900062,264,297,-33
114900063,43,304,-261
114900064,661,909,-248
114900065,191,748,-557
114900067,19,390,-371
114900068,79,230,-151
114900069,171,192,-21
114900070,183,673,-490
114900072,4,352,-348
114900073,1,275,-274
114900074,150,1140,-990
114900075,92,2,90
114900076,5,454,-449
114900080,3708,456,3252
114900082,4523,1405,3118
114900083,691,757,-66
114900090,152,142,10
114900091,128,198,-70
114900095,460,144,316
114900096,484,709,-225
114900097,36,0,36
114900098,2,267,-265
114900099,62,2,60
115000001,10811,8519,2292
115000002,2727,3027,-300
115000003,3905,5756,-1851
115000004,2374,4397,-2023
115000005,1428,3556,-2128
115000006,546,1408,-862
115000007,40,180,-140
115000008,404,397,7
115000009,99,358,-259
115000010,262,124,138
115000013,89,129,-40
115000015,70,153,-83
115000016,222,199,23
115000019,19,455,-436
115000020,145,412,-267
115000021,275,437,-162
115000022,538,401,137
115000023,238,411,-173
115000024,1265,604,661
115000025,806,483,323
115000026,168,519,-351
115000027,141,339,-198
115000028,134,779,-645
115000029,339,158,181
115000030,366,888,-522
115000031,784,319,465
115000032,7,266,-259
115000033,85,25,60
115000034,122,1316,-1194
115000035,924,35,889
115000036,1,459,-458
115000037,336,2,334
115000038,23,143,-120
115000039,3192,1848,1344
115000040,8404,3399,5005
115000041,1221,2503,-1282
115000042,1080,776,304
115000043,2903,2906,-3
115000044,3712,5230,-1518
115000045,1960,2980,-1020
115000046,1271,2488,-1217
115000047,1377,2159,-782
115000048,1307,3692,-2385
115000049,1538,3623,-2085
115000050,2561,2132,429
115000051,2380,1726,654
115000052,3644,2339,1305
115000053,1380,1346,34
115000054,990,1699,-709
115000055,83,436,-353
115000056,170,348,-178
115000057,286,704,-418
115000058,230,173,57
115000059,140,160,-20
115000061,143,90,53
115000062,141,327,-186
115000063,212,322,-110
115000064,274,211,63
115000065,13,217,-204
115000067,265,37,228
115000069,43,452,-409
115000070,39,850,-811
115000071,65,10,55
115000072,24,76,-52
115000073,1683,59,1624
115000075,26,64,-38
115000076,3849,4263,-414
115000077,1115,4712,-3597
115000078,551,2422,-1871
115000079,846,2790,-1944
115000080,1731,3429,-1698
115000081,399,1189,-790
115000082,2498,3033,-535
115000083,1795,4371,-2576
115000084,1050,1337,-287
115000085,485,1430,-945
115000086,580,1186,-606
115000087,583,1821,-1238
115000088,1482,722,760
115000089,1693,1831,-138
115000090,880,864,16
115000091,274,1568,-1294
115000092,280,299,-19
115000093,421,4,417
115000094,9946,5156,4790
115000095,7613,5164,2449
115000096,527,2652,-2125
115000097,427,946,-519
115000098,580,1083,-503
115000099,1437,4230,-2793
115000100,632,612,20
115000101,369,1997,-1628
115000102,357,210,147
115000103,371,1005,-634
115000105,61,210,-149
115000106,276,254,22
115000107,174,742,-568
115000108,4901,3664,1237
115000109,6740,2844,3896
115000110,1374,795,579
115000111,881,1863,-982
115000112,861,541,320
115000113,1236,1031,205
115000114,2142,990,1152
115000116,3416,1291,2125
115000117,4298,1984,2314
115000118,1866,1449,417
115000119,1975,1942,33
115000120,501,634,-133
115000121,2086,1103,983
115000122,5916,940,4976
115000123,2580,1381,1199
115000124,901,537,364
115000125,471,659,-188
115000126,143,344,-201
115000127,344,169,175
115000128,1056,806,250
115000129,252,152,100
115000130,253,1245,-992
115000131,310,264,46
115000132,175,628,-453
115000133,310,426,-116
115000134,275,224,51
115000135,137,317,-180
115000136,83,214,-131
115000137,59,218,-159
115000138,118,270,-152
115000139,182,312,-130
115000140,95,237,-142
115000141,88,435,-347
115000142,52,360,-308
115000143,292,551,-259
115000144,286,85,201
115000145,144,692,-548
115000146,212,217,-5
115000147,362,689,-327
115000148,356,1955,-1599
115000149,338,215,123
115000150,621,1636,-1015
115000151,548,475,73
115000152,490,2328,-1838
115000153,489,547,-58
115000154,435,400,35
115000155,454,1610,-1156
115000156,1007,617,390
115000157,1305,1144,161
115000158,865,383,482
115000159,724,427,297
115000160,683,626,57
115000161,635,684,-49
115000162,664,469,195
115000163,755,591,164
115000164,618,543,75
115000165,468,411,57
115000167,69,31,38
115000168,683,279,404
115000169,819,434,385
115000170,58,142,-84
115000171,199,151,48
115000172,2250,698,1552
115000173,294,296,-2
115000174,53,230,-177
115000175,60,71,-11
115000176,207,66,141
115000177,309,83,226
115000178,11,353,-342
115000179,11,12,-1
115000180,66,967,-901
115000181,277,130,147
115000182,390,485,-95
115000183,190,1407,-1217
115000186,480,335,145
115000187,166,759,-593
115000188,416,489,-73
115000189,302,469,-167
115000190,746,546,200
115000191,306,468,-162
115000194,150,129,21
115000195,261,183,78
115000196,71,148,-77
115000197,94,593,-499
115000198,139,258,-119
115000199,146,442,-296
115000200,217,110,107
115000201,91,468,-377
115000206,190,86,104
115000207,46,409,-363
115000208,602,894,-292
115000209,466,228,238
115000210,102,124,-22
115000211,206,274,-68
115000212,1578,331,1247
115000224,136,88,48
115000225,87,62,25
115000229,316,186,130
115000230,100,576,-476
115000231,300,3320,-3020
115000232,751,393,358
115000233,86,262,-176
115000234,5,254,-249
115000241,35,355,-320
115000242,58,327,-269
115000243,26,326,-300
115000244,8,108,-100
115000246,27,6,21
115000247,14,4,10
115000248,14,2,12
115000249,36,14,22
115000250,145,64,81
115000251,62,173,-111
115000252,30,186,-156
115000253,8,156,-148
115000258,127,196,-69
115000259,315,172,143
115000261,0,19,-19
115000262,6,33,-27
115000263,12,46,-34
115000264,4,47,-43
115000267,33,71,-38
115000268,53,127,-74
115000269,73,71,2
115000270,11,29,-18
115000272,52,153,-101
115000273,299,44,255
115000280,3596,78,3518
115000281,1001,164,837
115000282,1584,569,1015
115000284,399,84,315
115000296,473,9,464
115000297,176,57,119
115000298,29,143,-114
115000300,60,251,-191
115000302,197,331,-134
115000303,306,204,102
115000304,378,143,235
115000305,71,1561,-1490
115000306,77,761,-684
115000307,91,303,-212
115000308,61,19,42
115000309,5,6,-1
115000310,611,1614,-1003
115000311,339,1665,-1326
115000313,81,945,-864
115000314,190,88,102
115000315,1503,207,1296
115000316,21,57,-36
115000317,176,832,-656
115000318,778,309,469
115000319,51,329,-278
115000320,14,211,-197
115000321,541,30,511
115000322,27,288,-261
115000449,508,135,373
115000557,23,522,-499
115000558,178,71,107
115000587,268,417,-149
115000588,2497,4700,-2203
115000589,2609,2854,-245
115000590,920,1959,-1039
115000591,1283,734,549
115000592,899,1615,-716
115000593,1413,550,863
115000594,1229,1563,-334
115000609,56,125,-69
115000617,2609,1487,1122
115000624,156,114,42
115000633,453,2096,-1643
115000634,2812,916,1896
115000635,265,140,125
115000638,1566,928,638
115000641,92,142,-50
115000642,429,229,200
115000643,133,490,-357
115000644,104,502,-398
115000646,708,1115,-407
115000647,155,550,-395
115000648,970,2226,-1256
115000893,4022,1021,3001
115000894,77,1308,-1231
115000895,248,1050,-802
115000896,797,368,429
115000897,420,73,347
115000898,1173,188,985
115000899,1013,988,25
115000900,127,347,-220
115000901,60,117,-57
115000912,152,102,50
115000913,0,45,-45
115000915,20,0,20
115000916,3,0,3
115000917,0,5,-5
115000918,73,336,-263
115000919,25,2,23
115000920,27,66,-39
115000921,1956,152,1804
115000922,922,415,507
115000923,443,857,-414
115000925,20,60,-40
115000927,12,23,-11
115000933,189,96,93
115000934,91,311,-220
115000935,66,153,-87
115900001,25,85,-60
115900002,68,214,-146
115900003,75,176,-101
115900004,0,68,-68
115900005,62,1,61
115900006,106,464,-358
115900008,11,20,-9
115900009,37,279,-242
115900010,151,316,-165
115900011,313,374,-61
115900012,41,80,-39
115900013,399,172,227
115900014,84,183,-99
115900015,50,148,-98
115900016,78,31,47
115900017,1,1,0
115900018,183,77,106
115900019,1628,50,1578
115900020,21,0,21
115900021,2410,104,2306
115900022,1438,12,1426
115900023,11,2,9
115900025,83,143,-60
115900026,1054,470,584
115900027,3,544,-541
115900028,751,82,669
115900029,19,672,-653
115900030,25,7,18
115900031,490,124,366
115900032,364,931,-567
115900033,0,59,-59
115900034,17,781,-764
115900035,31,308,-277
115900036,150,286,-136
115900037,32,687,-655
115900038,18,7,11
115900039,83,390,-307
115900041,250,285,-35
115900042,5,4,1
115900043,37,156,-119
115900044,214,246,-32
115900046,150,336,-186
115900047,55,38,17
115900049,149,261,-112
115900051,1,99,-98
115900052,14,381,-367
115900053,67,324,-257
115900054,62,94,-32
115900055,14,163,-149
115900056,113,478,-365
115900057,11,1,10
115900058,31,85,-54
115900060,89,158,-69
115900061,96,0,96
115900062,24,454,-430
115900063,39,13,26
115900064,165,298,-133
115900065,27,195,-168
115900066,240,246,-6
115900067,6,1081,-1075
115900068,4541,101,4440
115900069,66,234,-168
115900070,89,327,-238
115900071,5,884,-879
115900072,102,330,-228
115900073,24,42,-18
115900074,5,412,-407
115900075,21,444,-423
115900076,0,134,-134
115900077,13,425,-412
115900078,36,203,-167
115900079,75,20,55
115900080,477,170,307
115900081,11,93,-82
115900082,149,169,-20
115900084,136,103,33
115900085,51,79,-28
115900086,1983,438,1545
115900088,31,34,-3
115900089,118,974,-856
115900090,115,28,87
115900091,6,28,-22
115900092,29,319,-290
115900093,0,33,-33
115900094,2,579,-577
115900096,3,41,-38
115900097,6,823,-817
115900098,62,527,-465
115900099,69,93,-24
115900100,11,733,-722
115900101,102,524,-422
115900102,13,112,-99
115900103,192,380,-188
115900104,28,200,-172
115900105,55,986,-931
115900106,25,43,-18
115900107,37,260,-223
115900108,18,55,-37
115900109,38,530,-492
115900110,0,13,-13
115900111,5,97,-92
115900112,33,1364,-1331
115900113,13,39,-26
115900114,3,152,-149
115900115,35,150,-115
115900116,123,1295,-1172
115900117,22,21,1
115900118,6,461,-455
115900119,70,83,-13
115900120,21,621,-600
115900121,101,274,-173
115900124,141,416,-275
115900125,140,34,106
115900126,346,77,269
115900127,417,28,389
115900128,10,45,-35
115900129,577,16,561
115900130,39,197,-158
115900131,234,26,208
115900132,197,10,187
115900134,124,15,109
115900135,569,512,57
115900137,6,5,1
115900139,83,68,15
115900140,184,28,156
115900141,19,57,-38
115900142,12,11,1
115900143,161,280,-119
115900144,26,252,-226
115900146,6,205,-199
115900147,220,257,-37
115900148,7,10,-3
115900149,9,44,-35
115900150,24,83,-59
115900151,7,61,-54
115900152,31,386,-355
115900153,51,326,-275
115900154,718,390,328
115900155,2,89,-87
115900156,551,840,-289
115900157,32,458,-426
115900158,40,8,32
115900159,22,292,-270
115900160,7,1,6
115900161,72,279,-207
115900163,68,163,-95
115900164,163,54,109
115900165,3,94,-91
115900166,138,254,-116
115900168,33,202,-169
115900171,57,440,-383
115900172,26,160,-134
115900173,136,187,-51
115900174,243,251,-8
115900175,65,208,-143
115900178,6,1059,-1053
115900179,104,31,73
115900180,24,453,-429
115900181,43,321,-278
115900182,156,410,-254
115900183,215,28,187
115900184,1771,37,1734
115900187,5,79,-74
115900189,0,100,-100
115900190,792,508,284
115900191,53,586,-533
115900192,8,60,-52
115900193,124,59,65
115900194,309,55,254
115900195,598,981,-383
115900198,125,270,-145
115900199,142,275,-133
115900200,302,306,-4
115900201,396,293,103
115900202,2,26,-24
115900203,3,2,1
115900204,0,2,-2
115900205,30,7,23
115900206,61,176,-115
115900207,9,27,-18
115900208,26,370,-344
115900209,2,145,-143
115900210,5,161,-156
115900211,7,253,-246
115900212,55,277,-222
115900213,22,49,-27
115900214,155,270,-115
115900215,13,47,-34
115900216,3,88,-85
115900217,2,66,-64
115900218,0,64,-64
115900219,70,12,58
115900220,37,5,32
115900221,20,11,9
115900222,37,5,32
115900223,20,61,-41
115900224,1857,356,1501
115900225,87,28,59
115900226,10,41,-31
115900227,18,50,-32
115900228,1,40,-39
115900229,6,43,-37
115900230,67,82,-15
115900231,77,1,76
115900232,33,1,32
115900233,61,5,56
115900234,27,14,13
115900235,8,39,-31
115900236,66,15,51
115900237,7,32,-25
115900238,38,24,14
115900239,6,26,-20
115900240,18,67,-49
115900241,75,85,-10
115900242,172,180,-8
115900243,17,6,11
115900244,1,19,-18
115900245,3,18,-15
115900246,6,1,5
115900247,10,3,7
115900248,11,2,9
115900249,3,21,-18
115900250,4,14,-10
115900251,0,2,-2
115900252,2,0,2
115900253,5,12,-7
115900254,17,20,-3
115900255,4,16,-12
115900256,16,15,1
115900257,0,5,-5
115900258,0,5,-5
115900259,7,6,1
115900260,8,1,7
115900261,13,0,13
115900262,1,0,1
115900263,2,2,0
115900264,18,7,11
115900265,0,5,-5
115900266,6,1,5
115900267,0,0,0
115900268,0,8,-8
115900269,209,495,-286
115900270,145,839,-694
115900271,19,0,19
115900272,11,1,10
115900273,3,6,-3
115900274,5,24,-19
115900275,0,55,-55
115900276,0,83,-83
115900277,0,100,-100
115900278,6,114,-108
115900279,8,151,-143
115900280,13,186,-173
115900281,426,85,341
116000001,22896,5788,17108
116000002,4852,5936,-1084
116000003,1598,1952,-354
116000004,1480,2105,-625
116000005,3164,3568,-404
116000006,1583,1323,260
116000007,6542,4892,1650
116000008,6737,1515,5222
116000009,2109,3387,-1278
116000010,1444,959,485
116000011,777,2111,-1334
116000012,690,594,96
116000013,20292,5280,15012
116000014,23980,6222,17758
116000015,731,898,-167
116000016,10468,2128,8340
116000017,22,412,-390
116000018,1041,459,582
116000019,898,271,627
116000020,496,1474,-978
116000021,222,258,-36
116000022,308,559,-251
116000023,582,468,114
116000024,772,1953,-1181
116000025,587,553,34
116000026,1797,2956,-1159
116000027,443,587,-144
116000028,398,597,-199
116000029,1290,666,624
116000030,391,351,40
116000031,183,194,-11
116000032,292,335,-43
116000033,222,705,-483
116000034,499,960,-461
116000035,278,755,-477
116000036,2254,541,1713
116000037,699,586,113
116000038,561,406,155
116000039,796,382,414
116000040,936,478,458
116000041,359,744,-385
116000042,364,318,46
116000043,92,390,-298
116000044,6,36,-30
116000045,1405,1223,182
116000046,1506,1014,492
116000047,2134,2018,116
116000048,2153,1645,508
116000049,719,2005,-1286
116000050,1210,1593,-383
116000051,2696,1961,735
116000052,3061,3871,-810
116000053,1409,1102,307
116000054,591,2911,-2320
116000055,279,1789,-1510
116000056,494,1037,-543
116000057,3512,2689,823
116000058,3362,2075,1287
116000059,3116,3703,-587
116000060,3907,1113,2794
116000061,280,833,-553
116000062,644,352,292
116000063,490,1121,-631
116000066,116,326,-210
116000067,227,663,-436
116000068,139,204,-65
116000069,280,560,-280
116000078,224,978,-754
116000080,1097,1251,-154
116000082,11,158,-147
116000083,930,394,536
116000084,2673,4595,-1922
116000085,1696,1002,694
116000086,2369,1427,942
116000087,918,993,-75
116000088,866,1698,-832
116000089,148,103,45
116000090,113,170,-57
116000091,254,81,173
116000093,2198,970,1228
116000094,405,843,-438
116000095,474,818,-344
116000096,454,1812,-1358
116000097,444,937,-493
116000098,135,6676,-6541
116000099,11622,391,11231
116000100,77,9,68
116000101,291,2049,-1758
116000102,322,1658,-1336
116000103,299,253,46
116000104,168,2120,-1952
116000105,551,257,294
116000106,648,1371,-723
116000107,2803,465,2338
116000108,342,200,142
116000111,35,13,22
116000113,124,46,78
116000114,29,176,-147
116000115,135,54,81
116000116,189,782,-593
116000117,954,1998,-1044
116000118,818,1895,-1077
116000119,1712,1688,24
116000120,2636,6241,-3605
116000121,525,444,81
116000122,1259,3058,-1799
116000123,456,345,111
116000124,316,1537,-1221
116000125,1255,497,758
116000126,310,1805,-1495
116000127,985,2058,-1073
116000128,1046,704,342
116000129,526,203,323
116000130,217,259,-42
116000133,421,1103,-682
116000134,1189,3588,-2399
116000135,1159,1365,-206
116000136,1101,2876,-1775
116000137,660,603,57
116000138,1826,470,1356
116000139,1803,2630,-827
116000140,58,310,-252
116000141,409,1480,-1071
116000142,4772,4726,46
116000143,2028,1535,493
116000144,1115,3998,-2883
116000145,1477,1828,-351
116000146,276,555,-279
116000147,196,172,24
116000148,270,380,-110
116000149,389,567,-178
116000151,461,1126,-665
116000153,51,393,-342
116000155,164,228,-64
116000156,2931,1609,1322
116000157,16,17,-1
116000158,334,431,-97
116000159,12,9,3
116000160,8,188,-180
116000161,6,140,-134
116000162,114,45,69
116000163,15,13,2
116000164,2,15,-13
116000177,529,120,409
116000194,58,542,-484
116000195,1281,635,646
116000196,15,2,13
116000197,3,10,-7
116000198,2583,1101,1482
116000200,820,219,601
116000201,596,743,-147
116000202,1,328,-327
116000203,1,102,-101
116000204,10,35,-25
116000205,1,189,-188
116000206,0,137,-137
116000207,18,38,-20
116000233,144,1059,-915
116000287,86,751,-665
116000288,74,371,-297
116000292,63,252,-189
116000296,15,270,-255
116000297,30,9,21
116000304,38,17,21
116000305,6,227,-221
116000346,132,231,-99
116000352,102,78,24
116000354,46,23,23
116000357,3,4,-1
116000358,139,31,108
116000361,103,15,88
116000372,11458,2341,9117
116000381,57,0,57
116000388,0,44,-44
116000389,592,622,-30
116000445,171,960,-789
116000446,187,1365,-1178
116000447,9,537,-528
116000448,530,295,235
116000563,1251,699,552
116000565,64,560,-496
116000568,53,159,-106
116000579,14,180,-166
116000584,6,21,-15
116000585,15,15,0
116000586,291,127,164
116000587,311,670,-359
116000589,17,102,-85
116000590,50,54,-4
116000591,80,368,-288
116000592,15,248,-233
116000593,0,29,-29
116000594,205,870,-665
116000595,355,239,116
116000596,37,14,23
116000597,104,52,52
116000598,6,308,-302
116000602,143,321,-178
116000605,227,175,52
116000606,27,112,-85
116000607,12,80,-68
116000609,253,646,-393
116000611,63,739,-676
116000612,470,1857,-1387
116000613,220,397,-177
116000614,427,1004,-577
116000615,1,108,-107
116000616,23,210,-187
116000617,36,152,-116
116000618,2,222,-220
116000619,10,65,-55
116000620,65,69,-4
116000621,15,99,-84
116000622,20,158,-138
116000624,91,88,3
116000627,2,41,-39
116000628,28,693,-665
116000629,7,859,-852
116000630,83,44,39
116000631,20,43,-23
116000632,113,506,-393
116000633,13,1104,-1091
116000634,150,22,128
116000635,1851,1098,753
116900001,159,133,26
116900002,348,13,335
116900003,27,108,-81
116900004,36,26,10
116900005,124,39,85
116900006,211,174,37
116900007,115,228,-113
116900008,184,580,-396
116900009,24,3,21
116900010,4,2220,-2216
116900011,11,52,-41
116900012,128,247,-119
116900013,5,378,-373
116900014,34,459,-425
116900015,109,95,14
116900016,59,0,59
116900017,1,912,-911
116900018,19,43,-24
116900019,5,567,-562
116900020,1945,254,1691
116900023,46,5,41
116900024,246,82,164
116900025,354,1341,-987
116900026,243,1002,-759
116900027,18,53,-35
116900028,2,206,-204
116900029,0,13,-13
116900031,0,13,-13
116900032,2,506,-504
116900033,8,5,3
116900034,5,76,-71
116900035,120,274,-154
116900036,1,136,-135
116900038,12,1,11
116900041,68,16,52
116900042,1233,247,986
116900043,5,76,-71
116900045,172,49,123
116900047,104,41,63
116900049,54,287,-233
116900050,76,480,-404
116900051,21,390,-369
116900052,129,67,62
116900055,0,0,0
116900057,16,408,-392
116900058,16,489,-473
116900059,3,265,-262
116900060,126,310,-184
116900062,0,1,-1
116900064,44,1383,-1339
116900065,12,105,-93
116900067,59,143,-84
116900068,130,555,-425
116900070,0,4,-4
116900072,11,668,-657
116900073,8,288,-280
116900074,2,87,-85
116900076,5,35,-30
116900077,8,265,-257
116900078,232,170,62
116900079,9,491,-482
116900080,22,35,-13
116900081,392,1824,-1432
116900082,285,1206,-921
116900083,53,65,-12
116900084,167,74,93
116900085,21,171,-150
116900086,32,312,-280
116900088,468,66,402
116900090,153,55,98
116900091,91,63,28
116900092,56,937,-881
116900093,2124,1851,273
116900094,8993,2217,6776
116900095,117,199,-82
116900096,101,112,-11
116900097,4834,1634,3200
116900098,1189,222,967
116900099,666,335,331
116900100,379,21,358
116900101,313,1051,-738
116900103,4,2,2
116900104,49,64,-15
116900105,292,47,245
116900106,789,675,114
116900107,5794,1132,4662
116900110,11,0,11
116900111,140,1733,-1593
116900112,133,1190,-1057
116900113,3875,853,3022
116900116,145,317,-172
116900117,20,101,-81
116900118,1428,481,947
116900120,107,185,-78
116900121,32,63,-31
116900122,324,1267,-943
116900123,80,1266,-1186
116900124,131,984,-853
116900125,128,335,-207
116900126,412,605,-193
116900128,3,42,-39
116900129,3,501,-498
116900130,1391,1878,-487
116900131,48,193,-145
116900132,23,79,-56
116900133,31,136,-105
116900134,171,262,-91
116900136,166,202,-36
116900137,259,246,13
116900138,128,229,-101
116900139,85,449,-364
116900140,130,222,-92
116900141,418,397,21
116900142,4,19,-15
116900143,184,613,-429
116900144,7,59,-52
116900145,105,412,-307
116900147,636,316,320
116900148,5,27,-22
116900149,16,119,-103
116900150,7,8,-1
116900151,72,6,66
116900153,44,63,-19
116900154,788,186,602
116900155,60,50,10
116900157,162,305,-143
116900158,114,87,27
116900159,35,198,-163
116900160,536,295,241
116900161,11590,3879,7711
116900162,14,267,-253
116900163,56,202,-146
116900164,48,20,28
116900165,76,107,-31
116900166,9,123,-114
116900167,173,75,98
116900168,107,137,-30
116900169,653,193,460
116900170,162,252,-90
116900171,34,345,-311
116900172,269,122,147
116900173,66,64,2
116900174,12,15,-3
116900175,125,127,-2
116900178,8,274,-266
116900179,74,91,-17
116900180,47,36,11
116900182,322,204,118
116900183,87,68,19
116900185,14,29,-15
116900186,56,466,-410
116900187,19,23,-4
116900188,99,15,84
116900189,20,0,20
116900191,243,438,-195
116900192,138,230,-92
116900194,52,472,-420
116900195,16,10,6
116900196,20,122,-102
116900197,34,0,34
116900198,392,146,246
116900200,5,61,-56
116900201,29,2,27
116900202,181,80,101
116900203,75,7,68
116900204,40,58,-18
116900206,0,58,-58
116900207,16,21,-5
116900208,11,217,-206
116900209,15,218,-203
116900210,363,199,164
116900211,183,11,172
116900212,15,87,-72
116900213,146,253,-107
116900214,43,206,-163
116900215,58,95,-37
116900216,117,472,-355
116900218,17,429,-412
116900219,915,430,485
116900220,61,248,-187
116900221,50,335,-285
116900222,399,414,-15
116900223,94,240,-146
116900226,31,90,-59
116900227,105,58,47
116900228,147,374,-227
116900230,38,525,-487
116900231,23,635,-612
116900232,13,623,-610
116900233,119,69,50
116900234,19,3,16
116900235,111,517,-406
116900238,1514,382,1132
116900239,2,894,-892
116900240,8030,2439,5591
116900241,39,271,-232
116900242,579,150,429
116900243,25,198,-173
116900245,37,17,20
116900246,25,11,14
116900247,268,18,250
116900248,46,39,7
116900249,158,207,-49
116900250,135,57,78
116900251,607,236,371
116900252,50,1226,-1176
116900253,29,91,-62
116900254,6,112,-106
116900255,102,29,73
116900256,160,86,74
116900257,3,888,-885
116900258,0,514,-514
116900259,64,10,54
116900260,0,213,-213
116900261,15,6,9
116900262,92,176,-84
116900263,0,8,-8
116900264,0,4,-4
116900265,7,1,6
116900266,7,74,-67
116900267,0,1,-1
116900268,21,22,-1
116900269,292,603,-311
116900271,3710,66,3644
116900272,540,733,-193
116900273,287,35,252
116900274,27,97,-70
116900275,78,279,-201
116900276,998,41,957
116900277,903,21,882
116900278,8,12,-4
116900279,0,27,-27
116900280,13,38,-25
116900281,10605,2066,8539
116900282,8,227,-219
116900283,11,189,-178
116900284,16,261,-245
116900285,396,104,292
116900286,230,14,216
116900287,2,89,-87
116900288,34,149,-115
116900289,3,38,-35
116900290,0,67,-67
116900291,3,16,-13
116900292,2,3,-1
116900293,9,83,-74
116900294,31,117,-86
116900295,64,62,2
116900296,34,28,6
116900297,4,34,-30
116900298,76,19,57
116900299,38,50,-12
116900300,14,278,-264
116900301,61,35,26
116900302,24,36,-12
116900303,605,30,575
116900304,0,110,-110
116900305,4,28,-24
116900306,22,80,-58
117000001,1162,1219,-57
117000002,1560,4979,-3419
117000003,6482,2830,3652
117000004,4877,6401,-1524
117000005,992,1454,-462
117000006,1076,5342,-4266
117000007,2162,1286,876
117000008,1435,5278,-3843
117000009,4442,1863,2579
117000010,2980,5262,-2282
117000011,1304,2494,-1190
117000012,1331,2260,-929
117000013,942,1696,-754
117000014,797,3114,-2317
117000015,3847,1466,2381
117000016,495,47,448
117000017,394,207,187
117000018,207,332,-125
117000019,313,3,310
117000020,740,1129,-389
117000021,4756,461,4295
117000022,545,48,497
117000023,499,112,387
117000024,529,101,428
117000025,943,819,124
117000026,3068,731,2337
117000027,6124,1218,4906
117000028,6407,623,5784
117000030,1200,603,597
117000031,415,151,264
117000032,2177,1576,601
117000033,1642,1596,46
117000034,338,430,-92
117000035,208,178,30
117000036,339,360,-21
117000037,206,164,42
117000038,287,537,-250
117000039,308,365,-57
117000040,105,1870,-1765
117000041,430,124,306
117000044,21,1538,-1517
117000045,281,66,215
117000046,423,935,-512
117000047,553,545,8
117000048,2468,1835,633
117000049,146,748,-602
117000050,130,3742,-3612
117000051,1573,271,1302
117000052,19,854,-835
117000053,136,115,21
117000054,1279,3,1276
117000055,21,4873,-4852
117000056,466,19,447
117000057,753,2694,-1941
117000060,422,2689,-2267
117000061,1185,712,473
117000062,179,605,-426
117000063,1223,649,574
117000064,1049,945,104
117000066,1776,1072,704
117000067,111,386,-275
117000074,180,199,-19
117000076,89,60,29
117000077,111,92,19
117000078,99,752,-653
117000079,232,158,74
117000080,2,446,-444
117000081,648,127,521
117000082,25,57,-32
117000083,68,11,57
117000084,374,3,371
117000085,212,589,-377
117000086,1524,932,592
117000087,85,579,-494
117000088,182,212,-30
117000089,1186,377,809
117000090,225,1992,-1767
117000091,467,409,58
117000092,318,2230,-1912
117000093,694,779,-85
117000094,701,3347,-2646
117000095,1887,891,996
117000096,668,3290,-2622
117000097,1052,1255,-203
117000098,3243,7698,-4455
117000099,1906,884,1022
117000100,118,153,-35
117000101,221,1721,-1500
117000102,990,573,417
117000103,961,2540,-1579
117000104,1104,567,537
117000105,856,2638,-1782
117000106,895,971,-76
117000107,521,3262,-2741
117000108,1093,925,168
117000109,2200,4025,-1825
117000110,1222,745,477
117000111,4009,5770,-1761
117000112,2367,2473,-106
117000113,101,560,-459
117000114,129,225,-96
117000115,56,267,-211
117000116,78,400,-322
117000117,1562,496,1066
117000118,223,186,37
117000119,149,42,107
117000120,680,88,592
117000121,485,383,102
117000122,803,802,1
117000123,2240,29,2211
117000124,1448,30,1418
117000125,727,55,672
117000126,43,57,-14
117000127,209,457,-248
117000128,541,744,-203
117000129,553,37,516
117000130,111,0,111
117000131,0,33,-33
117000132,1391,12,1379
117000133,548,194,354
117000134,0,57,-57
117000135,16,25,-9
117000136,1,59,-58
117000137,50,47,3
117000138,4,877,-873
117000140,496,2337,-1841
117000141,1226,626,600
117000181,1590,435,1155
117000182,168,246,-78
117000195,253,1823,-1570
117000196,124,43,81
117000225,128,6,122
117000226,8,91,-83
117000276,90,8,82
117000277,2,729,-727
117000310,2808,3225,-417
117000315,20,547,-527
117000320,50,0,50
117000906,92,9,83
117000907,8,580,-572
117000908,125,18,107
117000909,65,31,34
117000910,195,129,66
117000911,147,241,-94
117000915,14,857,-843
117000916,12,6,6
117000917,597,15,582
117000918,36,62,-26
117000919,20,221,-201
117000920,3,2285,-2282
117000921,3,2679,-2676
117000922,38,175,-137
117000924,459,737,-278
117000926,1981,103,1878
117000927,4099,368,3731
117000928,0,388,-388
117000929,77,735,-658
117000930,60,20,40
117000931,1673,44,1629
117900002,168,392,-224
117900003,1182,385,797
117900005,4,7,-3
117900006,1,49,-48
117900007,79,209,-130
117900008,1,55,-54
117900010,147,189,-42
117900011,21,34,-13
117900012,55,261,-206
117900013,2,520,-518
117900014,223,348,-125
117900015,8,240,-232
117900016,1829,440,1389
117900017,273,596,-323
117900018,304,19,285
117900019,322,751,-429
117900020,54,268,-214
117900021,22,147,-125
117900022,12,28,-16
117900023,1017,96,921
117900024,62,168,-106
117900025,19,11,8
117900026,214,556,-342
117900028,31,1,30
117900029,166,1225,-1059
117900030,195,209,-14
117900031,96,59,37
117900032,580,433,147
117900033,151,1126,-975
117900034,34,48,-14
117900035,129,60,69
117900036,137,959,-822
117900037,36,178,-142
117900038,38,609,-571
117900039,5,131,-126
117900040,137,889,-752
117900041,4,77,-73
117900042,6338,564,5774
117900043,35,66,-31
117900044,115,2108,-1993
117900045,140,86,54
117900048,103,429,-326
117900049,78,789,-711
117900050,3,14,-11
117900051,21,6,15
117900052,80,244,-164
117900053,814,881,-67
117900054,1,14,-13
117900055,118,143,-25
117900056,828,23,805
117900057,983,1707,-724
117900058,126,2,124
117900059,272,55,217
117900060,655,7729,-7074
117900061,8,202,-194
117900063,173,308,-135
117900065,969,1540,-571
117900066,5,44,-39
117900067,291,509,-218
117900069,402,672,-270
117900070,205,6,199
117900071,64,149,-85
117900073,200,637,-437
117900074,95,4,91
117900075,43,88,-45
117900076,10,68,-58
117900077,163,210,-47
117900078,269,377,-108
117900080,134,80,54
117900081,708,625,83
117900082,259,233,26
117900083,249,1007,-758
117900086,112,61,51
117900087,86,97,-11
117900088,3393,2268,1125
117900089,1124,337,787
117900090,209,1203,-994
117900091,230,182,48
117900092,15,48,-33
117900093,41,94,-53
117900094,31,6,25
117900095,133,877,-744
117900096,37,294,-257
117900097,268,94,174
117900098,6,4,2
117900099,87,733,-646
117900100,95,2,93
117900101,368,1003,-635
117900102,50,77,-27
117900103,15,0,15
117900104,3,176,-173
117900105,185,276,-91
117900106,87,72,15
117900107,8,0,8
117900109,269,379,-110
117900110,49,0,49
117900111,121,7,114
117900112,37,17,20
117900113,5380,1656,3724
117900114,4,0,4
117900115,471,38,433
117900116,1091,945,146
117900117,382,553,-171
117900118,8,0,8
117900119,53,438,-385
117900120,134,132,2
117900121,90,32,58
117900122,1438,1798,-360
117900123,576,993,-417
117900124,911,717,194
117900125,1356,778,578
117900126,345,805,-460
117900127,300,934,-634
117900128,170,1202,-1032
117900129,17,1,16
117900130,898,475,423
117900131,2,172,-170
117900132,17,141,-124
117900133,5,176,-171
117900134,62,286,-224
117900135,6,282,-276
117900136,0,108,-108
117900137,65,494,-429
117900138,0,78,-78
117900139,38,149,-111
117900140,6979,196,6783
117900141,267,288,-21
117900142,38,3,35
117900144,48,74,-26
117900145,40,2,38
117900146,136,87,49
117900147,23,66,-43
117900148,3780,1133,2647
117900149,24,238,-214
117900150,30,167,-137
117900151,16,210,-194
117900152,66,127,-61
117900153,6,122,-116
117900154,263,908,-645
117900156,904,740,164
117900157,47,509,-462
117900158,195,109,86
117900160,402,384,18
117900161,3510,3007,503
117900162,155,483,-328
117900163,59,12,47
117900165,0,6,-6
117900166,83,225,-142
117900168,54,234,-180
117900169,0,172,-172
117900170,2,38,-36
117900171,1,26,-25
117900172,19,50,-31
117900173,182,95,87
117900174,28,128,-100
117900175,2,41,-39
117900176,10,68,-58
117900177,5,63,-58
117900178,149,47,102
117900180,378,28,350
117900181,241,233,8
117900182,3,16,-13
117900183,30,191,-161
117900184,7,72,-65
117900185,18,46,-28
117900186,14,43,-29
117900187,19,3,16
117900188,224,38,186
117900189,48,11,37
117900190,5,1,4
117900191,63,1,62
117900192,93,0,93
117900193,49,64,-15
117900194,4,3,1
117900195,31,30,1
117900196,7,16,-9
117900207,145,90,55
117900208,24,45,-21
117900209,144,127,17
117900210,174,202,-28
117900211,13,290,-277
117900212,91,183,-92
117900213,9,9,0
117900214,1,59,-58
117900215,5,20,-15
117900216,49,5,44
117900217,151,53,98
117900218,145,132,13
117900219,3,46,-43
117900220,86,90,-4
118000001,871,471,400
118000002,1678,2244,-566
118000003,1573,1246,327
118000004,3130,2458,672
118000005,7368,2051,5317
118000006,10921,8761,2160
118000007,9217,2368,6849
118000008,7147,3413,3734
118000009,2583,3775,-1192
118000010,5018,4788,230
118000011,738,3603,-2865
118000012,1124,3732,-2608
118000013,4209,3693,516
118000014,2299,3831,-1532
118000016,247,735,-488
118000017,185,463,-278
118000018,354,1087,-733
118000019,1924,1359,565
118000020,1207,1487,-280
118000021,670,1908,-1238
118000022,2004,587,1417
118000023,1172,230,942
118000024,2231,719,1512
118000025,92,61,31
118000027,22183,5813,16370
118000029,1457,630,827
118000032,1992,1730,262
118000033,3421,2250,1171
118000034,6799,2230,4569
118000035,1860,1887,-27
118000036,1237,956,281
118000037,640,1014,-374
118000038,121,140,-19
118000039,64,494,-430
118000040,1953,2541,-588
118000041,2025,1738,287
118000045,1119,140,979
118000046,2272,636,1636
118000047,2196,553,1643
118000048,5163,1373,3790
118000051,3821,1024,2797
118000052,2928,630,2298
118000053,1354,916,438
118000054,5269,2264,3005
118000055,5014,2010,3004
118000056,545,336,209
118000057,803,452,351
118000058,4576,1477,3099
118000059,2367,998,1369
118000060,808,997,-189
118000061,735,1572,-837
118000062,490,232,258
118000063,439,505,-66
118000064,1059,1199,-140
118000065,6532,1726,4806
118000066,843,974,-131
118000067,1806,955,851
118000068,2399,3412,-1013
118000069,4320,1544,2776
118000070,10471,1888,8583
118000071,5067,5054,13
118000072,2506,971,1535
118000073,4092,618,3474
118000074,360,395,-35
118000075,1471,414,1057
118000076,1224,1219,5
118000077,1443,1229,214
118000078,1963,1836,127
118000079,320,371,-51
118000080,1107,856,251
118000081,1488,1123,365
118000082,329,747,-418
118000083,2927,1215,1712
118000084,2959,1553,1406
118000086,204,528,-324
118000087,7748,2829,4919
118000088,2126,2089,37
118000089,4525,3250,1275
118000090,2688,2640,48
118000091,2218,1772,446
118000092,1448,339,1109
118000093,124,674,-550
118000096,437,530,-93
118000097,575,495,80
118000098,207,254,-47
118000099,356,1234,-878
118000101,606,429,177
118000102,323,2113,-1790
118000107,4246,518,3728
118000108,622,1146,-524
118000110,0,25,-25
118000111,1,757,-756
118000112,161,0,161
118000113,4,1318,-1314
118000114,174,3,171
118000115,25,2,23
118000116,49,0,49
118000117,1274,970,304
118000118,710,589,121
118000119,1024,1131,-107
118000120,1798,1856,-58
118000121,53,537,-484
118000122,1112,195,917
118000123,57,290,-233
118000125,2069,1488,581
118000126,664,1490,-826
118000127,1931,633,1298
118000128,948,1324,-376
118000129,675,312,363
118000130,3730,5670,-1940
118000131,743,1360,-617
118000132,2057,1503,554
118000133,346,470,-124
118000135,434,304,130
118000136,116,634,-518
118000137,592,80,512
118000138,239,1091,-852
118000139,136,112,24
118000140,2428,3395,-967
118000141,1722,2344,-622
118000142,1280,2729,-1449
118000143,1290,1029,261
118000144,1946,1203,743
118000145,1784,4017,-2233
118000146,1170,1909,-739
118000147,661,2314,-1653
118000148,280,1396,-1116
118000149,651,1482,-831
118000150,330,232,98
118000151,246,616,-370
118000153,620,1353,-733
118000154,688,1752,-1064
118000155,782,1705,-923
118000156,2914,2363,551
118000157,426,361,65
118000158,146,600,-454
118000159,44,83,-39
118000160,317,609,-292
118000161,315,1374,-1059
118000162,1083,1009,74
118000163,411,796,-385
118000164,2541,1386,1155
118000168,2173,255,1918
118000169,1133,2342,-1209
118000170,4477,8685,-4208
118000171,170,786,-616
118000172,132,345,-213
118000173,887,1307,-420
118000175,248,387,-139
118000176,181,464,-283
118000177,168,525,-357
118000178,65,41,24
118000179,1904,740,1164
118000180,950,834,116
118000181,730,455,275
118000182,243,361,-118
118000183,209,272,-63
118000184,385,1257,-872
118000185,1200,848,352
118000186,660,1018,-358
118000187,617,1079,-462
118000188,407,254,153
118000189,284,1153,-869
118000190,9,10,-1
118000191,19,60,-41
118000192,205,189,16
118000193,170,265,-95
118000194,2000,1244,756
118000195,1634,540,1094
118000196,562,91,471
118000197,254,126,128
118000198,681,456,225
118000199,845,315,530
118000200,78,270,-192
118000201,601,385,216
118000202,33,49,-16
118000203,2069,422,1647
118000204,150,205,-55
118000205,347,285,62
118000206,178,245,-67
118000207,0,152,-152
118000208,1094,1776,-682
118000209,1365,2293,-928
118000210,26,33,-7
118000211,11,27,-16
118000213,1039,1019,20
118000214,724,344,380
118000215,212,319,-107
118000216,1391,4763,-3372
118000217,27,217,-190
118000218,44,184,-140
118000219,606,450,156
118000220,1,14,-13
118000221,72,260,-188
118000222,68,24,44
118000223,15,49,-34
118000224,268,182,86
118000225,110,1073,-963
118000226,579,124,455
118000227,1229,299,930
118000228,227,135,92
118000229,313,63,250
118000230,55,377,-322
118000231,74,277,-203
118000232,647,1363,-716
118000233,619,1215,-596
118000234,204,345,-141
118000236,339,550,-211
118000237,28,867,-839
118000238,108,328,-220
118000239,292,405,-113
118000240,670,73,597
118000241,84,341,-257
118000242,223,860,-637
118000243,105,235,-130
118000244,24,213,-189
118000246,0,12,-12
118000255,41,227,-186
118000256,56,198,-142
118000259,2,56,-54
118000260,91,132,-41
118000261,16,187,-171
118000263,85,273,-188
118000266,137,493,-356
118000267,1,103,-102
118000268,194,11,183
118000270,32,55,-23
118000271,103,309,-206
118000272,64,61,3
118000273,124,103,21
118000274,102,473,-371
118000276,239,426,-187
118000295,2,55,-53
118000298,181,557,-376
118000299,60,275,-215
118000301,0,74,-74
118000302,121,118,3
118000311,121,160,-39
118000312,126,261,-135
118000313,41,225,-184
118000314,44,87,-43
118000315,35,80,-45
118000316,416,698,-282
118000325,11,161,-150
118000326,41,75,-34
118000331,10,114,-104
118000332,18,77,-59
118000333,17,106,-89
118000335,115,0,115
118000336,2,521,-519
118000407,64,110,-46
118000457,6,26,-20
118000465,4728,2590,2138
118000480,10,180,-170
118000489,57,137,-80
118000490,116,531,-415
118000492,163,176,-13
118000510,73,10,63
118000514,152,331,-179
118000515,663,405,258
118000517,487,224,263
118000524,783,241,542
118000525,988,1164,-176
118000530,9,160,-151
118000531,83,312,-229
118000532,172,365,-193
118000533,335,161,174
118000534,497,537,-40
118000535,138,112,26
118000536,1190,512,678
118000537,18,72,-54
118000538,10,112,-102
118000539,16,75,-59
118000540,232,322,-90
118000541,82,117,-35
118000542,59,218,-159
118000543,216,234,-18
118000546,20,24,-4
118000560,4648,882,3766
118000562,33,437,-404
118000563,2339,1765,574
118000576,104,269,-165
118000577,166,134,32
118000578,123,106,17
118000579,726,1058,-332
118000595,104,87,17
118000596,0,68,-68
118000597,70,144,-74
118000598,4,0,4
118000599,28,48,-20
118000600,0,42,-42
118000601,5,0,5
118000602,0,42,-42
118000603,0,35,-35
118900001,1422,707,715
118900002,1461,717,744
118900003,97,13,84
118900004,50,91,-41
118900005,34,1,33
118900006,56,1,55
118900007,6,3,3
118900008,1479,39,1440
118900009,16,18,-2
118900010,38,9,29
118900011,99,27,72
118900012,383,238,145
118900013,682,41,641
118900015,92,42,50
118900016,4,29,-25
118900017,147,157,-10
118900018,1370,8,1362
118900019,48,12,36
118900020,98,120,-22
118900021,112,430,-318
118900022,90,182,-92
118900023,59,108,-49
118900024,29,184,-155
118900025,17,23,-6
118900026,37,137,-100
118900027,354,213,141
118900028,61,221,-160
118900029,100,520,-420
118900030,92,62,30
118900031,56,147,-91
118900032,67,271,-204
118900033,277,868,-591
118900034,87,7,80
118900035,76,420,-344
118900036,572,836,-264
118900037,209,395,-186
118900038,215,410,-195
118900039,234,297,-63
118900040,156,227,-71
118900041,239,223,16
118900042,151,128,23
118900045,184,166,18
118900046,854,176,678
118900047,959,194,765
118900048,101,200,-99
118900049,56,50,6
118900050,14,182,-168
118900051,28,50,-22
118900052,170,314,-144
118900053,36,81,-45
118900054,39,53,-14
118900055,20,216,-196
118900056,27,148,-121
118900057,330,293,37
118900058,226,520,-294
118900059,7,56,-49
118900060,27,126,-99
118900062,55,264,-209
118900064,743,354,389
118900065,38,134,-96
118900066,37,115,-78
118900067,8897,2384,6513
118900068,3,109,-106
118900069,208,303,-95
118900071,5,41,-36
118900072,253,422,-169
118900073,43,81,-38
118900074,39,161,-122
118900075,19,94,-75
118900076,186,70,116
118900077,221,220,1
118900078,54,4,50
118900079,39,183,-144
118900080,12,79,-67
118900081,34,17,17
118900082,319,169,150
118900083,7,35,-28
118900084,6,27,-21
118900085,645,1223,-578
118900086,15,29,-14
118900087,7,118,-111
118900088,0,35,-35
118900089,36,13,23
118900090,432,536,-104
118900091,222,77,145
118900092,54,140,-86
118900093,104,8,96
118900096,42,17,25
118900097,93,802,-709
118900099,43,297,-254
118900100,94,254,-160
118900101,31,993,-962
118900102,19,98,-79
118900103,40,83,-43
118900104,51,202,-151
118900105,150,111,39
118900107,224,126,98
118900108,42,92,-50
118900109,81,18,63
118900110,1956,444,1512
118900111,216,782,-566
118900112,15,130,-115
118900113,73,816,-743
118900114,15,110,-95
118900115,59,319,-260
118900116,56,204,-148
118900117,47,192,-145
118900118,87,583,-496
118900119,56,369,-313
118900120,66,309,-243
118900121,7,336,-329
118900122,9,582,-573
118900123,90,277,-187
118900124,57,225,-168
118900126,10,321,-311
118900129,130,202,-72
118900130,14,81,-67
118900131,60,335,-275
118900132,373,194,179
118900133,16,64,-48
118900135,131,258,-127
118900136,157,1049,-892
118900137,3,22,-19
118900139,82,702,-620
118900140,365,1028,-663
118900141,41,353,-312
118900144,88,771,-683
118900145,57,194,-137
118900146,231,1096,-865
118900147,67,92,-25
118900148,28,76,-48
118900150,104,338,-234
118900152,515,1258,-743
118900157,65,114,-49
118900158,59,134,-75
118900159,1,257,-256
118900161,81,5,76
118900163,272,131,141
118900164,5,180,-175
118900165,19,458,-439
118900166,49,2,47
118900167,26,255,-229
118900168,4,57,-53
118900169,47,557,-510
118900170,83,169,-86
118900171,7,22,-15
118900174,32,57,-25
118900175,209,494,-285
118900176,99,241,-142
118900177,20,69,-49
118900178,21,121,-100
118900179,1,83,-82
118900181,64,110,-46
118900182,102,38,64
118900183,5,60,-55
118900184,176,67,109
118900185,37,147,-110
118900186,73,91,-18
118900187,149,337,-188
118900188,208,376,-168
118900189,20,479,-459
118900190,16,942,-926
118900191,86,44,42
118900192,70,26,44
118900193,150,6,144
118900195,427,1249,-822
118900196,28,243,-215
118900197,91,115,-24
118900198,5,84,-79
118900199,22,88,-66
118900200,8,4,4
118900201,6,9,-3
118900202,5,77,-72
118900203,7,70,-63
118900204,5,66,-61
118900205,8,22,-14
118900206,0,44,-44
119000001,1061,1408,-347
119000002,3235,3482,-247
119000003,1522,2088,-566
119000004,1607,1604,3
119000005,1482,1727,-245
119000006,1365,1654,-289
119000007,2849,3324,-475
119000008,1797,2825,-1028
119000009,4207,2865,1342
119000010,10943,4395,6548
119000011,7730,2454,5276
119000012,7490,3564,3926
119000013,2741,1433,1308
119000014,2920,4719,-1799
119000019,280,219,61
119000020,1132,1629,-497
119000021,2577,2483,94
119000022,5423,1524,3899
119000023,302,209,93
119000024,2827,6667,-3840
119000025,16105,1709,14396
119000026,365,267,98
119000027,966,522,444
119000028,2504,1606,898
119000029,149,313,-164
119000030,387,1536,-1149
119000031,784,892,-108
119000032,3111,3179,-68
119000033,2285,2211,74
119000034,1113,1240,-127
119000035,22,525,-503
119000036,839,1412,-573
119000037,854,2974,-2120
119000038,97,1531,-1434
119000039,150,393,-243
119000040,1262,550,712
119000041,1150,1208,-58
119000048,4624,4986,-362
119000049,1150,4414,-3264
119000050,1782,3063,-1281
119000051,2216,1067,1149
119000052,2446,3800,-1354
119000053,1896,1283,613
119000054,2610,5109,-2499
119000055,2541,4947,-2406
119000056,1804,2527,-723
119000057,1407,3438,-2031
119000058,1733,2859,-1126
119000059,936,2044,-1108
119000060,842,937,-95
119000061,813,1022,-209
119000062,1094,1603,-509
119000063,327,308,19
119000064,1327,2179,-852
119000065,2482,4778,-2296
119000066,2242,1176,1066
119000067,1924,3356,-1432
119000068,1176,1279,-103
119000069,1219,3529,-2310
119000070,1448,1319,129
119000071,653,1173,-520
119000072,9148,4939,4209
119000073,7917,6443,1474
119000074,709,5032,-4323
119000075,775,2976,-2201
119000076,751,1005,-254
119000077,1078,677,401
119000078,355,379,-24
119000079,74,958,-884
119000080,127,323,-196
119000081,385,571,-186
119000082,940,381,559
119000083,238,396,-158
119000084,356,724,-368
119000085,745,412,333
119000086,294,474,-180
119000087,1875,1360,515
119000088,259,291,-32
119000089,75,159,-84
119000090,144,208,-64
119000091,165,413,-248
119000092,924,265,659
119000093,4751,4558,193
119000094,1904,5775,-3871
119000095,1139,3819,-2680
119000097,3323,2237,1086
119000098,643,1634,-991
119000099,2066,2267,-201
119000100,2419,2701,-282
119000101,4208,3251,957
119000102,860,837,23
119000103,2137,668,1469
119000104,3750,1853,1897
119000105,663,983,-320
119000106,232,2764,-2532
119000107,341,550,-209
119000108,195,1711,-1516
119000109,232,513,-281
119000110,1230,720,510
119000111,109,697,-588
119000112,294,213,81
119000113,5189,381,4808
119000114,655,489,166
119000115,222,158,64
119000116,111,105,6
119000117,97,317,-220
119000118,2,5,-3
119000123,3007,752,2255
119000124,317,299,18
119000125,1604,1610,-6
119000126,213,1348,-1135
119000127,279,1334,-1055
119000128,73,4,69
119000131,567,1412,-845
119000132,3,6,-3
119000133,1,6,-5
119000134,3523,563,2960
119000135,53,272,-219
119000136,76,480,-404
119000137,155,792,-637
119000138,145,697,-552
119000139,155,515,-360
119000140,90,326,-236
119000284,1882,3492,-1610
119000285,3339,2841,498
119000286,7830,6131,1699
119000287,1468,2851,-1383
119000288,1821,2301,-480
119000289,2759,5866,-3107
119000290,175,780,-605
119000291,4,532,-528
119000293,57,218,-161
119000294,25,32,-7
119000295,2743,800,1943
119000296,97,147,-50
119000302,5224,1971,3253
119000303,38,166,-128
119000314,1717,5962,-4245
119000315,3,945,-942
119000316,28,155,-127
119000317,22,744,-722
119900001,171,875,-704
119900002,35,356,-321
119900003,64,1814,-1750
119900004,369,347,22
119900005,65,225,-160
119900006,160,417,-257
119900007,695,99,596
119900008,44,37,7
119900009,404,752,-348
119900010,3789,1704,2085
119900011,5,44,-39
119900012,11,48,-37
119900013,1690,735,955
119900014,1057,319,738
119900015,57,20,37
119900016,14,117,-103
119900017,18,40,-22
119900018,1537,242,1295
119900019,17,6,11
119900020,81,194,-113
119900021,85,77,8
119900022,166,291,-125
119900023,1040,516,524
119900025,54,37,17
119900026,1160,71,1089
119900027,13,48,-35
119900028,182,38,144
119900029,1,14,-13
119900030,532,564,-32
119900031,17,211,-194
119900033,3433,206,3227
119900034,107,179,-72
119900037,52,60,-8
119900038,36,117,-81
119900039,32,7,25
119900040,49,9,40
119900041,50,69,-19
119900042,75,178,-103
119900043,37,257,-220
119900044,179,321,-142
119900046,30,101,-71
119900047,143,105,38
119900048,8,51,-43
119900049,27,17,10
119900050,75,51,24
119900051,171,9,162
119900052,17,87,-70
119900053,61,301,-240
119900054,36,2,34
119900055,624,274,350
119900057,66,123,-57
119900058,69,3,66
119900059,207,85,122
119900060,110,11,99
119900061,3,0,3
119900062,32,46,-14
119900063,15,43,-28
119900064,166,45,121
119900065,146,3,143
119900066,0,1,-1
119900067,49,43,6
119900068,135,2,133
119900069,38,18,20
119900070,347,38,309
119900071,231,7,224
119900072,1,17,-16
119900073,2499,529,1970
119900074,36,18,18
119900075,7902,2271,5631
119900076,283,748,-465
119900077,364,1926,-1562
119900078,190,1025,-835
119900079,63,524,-461
119900080,714,1513,-799
119900081,21,87,-66
119900082,632,996,-364
119900083,445,118,327
119900084,576,168,408
119900085,163,68,95
119900086,66,198,-132
119900087,249,214,35
119900088,47,77,-30
119900089,22,796,-774
119900090,241,98,143
119900091,24,1460,-1436
119900092,18,565,-547
119900093,711,118,593
119900094,28,247,-219
119900095,223,75,148
119900096,58,132,-74
119900097,488,174,314
119900098,21,45,-24
119900099,51,451,-400
119900100,3672,2845,827
119900101,283,1448,-1165
119900102,23,444,-421
119900103,25,660,-635
119900104,43,403,-360
119900105,1875,2041,-166
119900106,16,333,-317
119900107,497,5154,-4657
119900108,2717,884,1833
119900109,17,395,-378
119900110,440,989,-549
119900111,57,519,-462
119900112,4019,568,3451
119900113,71,676,-605
119900114,139,2421,-2282
119900115,75,1875,-1800
119900116,166,303,-137
119900117,156,1242,-1086
119900118,26,1646,-1620
119900119,60,398,-338
119900120,822,939,-117
119900121,135,2071,-1936
119900122,223,444,-221
119900123,196,262,-66
119900124,63,1491,-1428
119900125,49,571,-522
119900126,7861,310,7551
119900127,3919,1104,2815
119900128,253,1084,-831
119900129,82,1251,-1169
119900130,38,382,-344
119900131,18,533,-515
119900132,2,518,-516
119900133,18,43,-25
119900134,2919,367,2552
119900135,10,714,-704
119900136,234,793,-559
119900138,488,836,-348
119900139,20,114,-94
119900140,1,250,-249
119900141,168,474,-306
119900142,19,20,-1
119900143,10,259,-249
119900144,2939,265,2674
119900145,126,332,-206
119900146,199,197,2
119900147,0,123,-123
119900148,66,60,6
119900149,2299,3887,-1588
119900150,240,298,-58
119900151,1937,1030,907
119900152,45,707,-662
119900153,67,89,-22
119900154,5,327,-322
119900155,22,37,-15
119900156,6,10,-4
119900157,41,460,-419
119900158,84,69,15
119900159,8,2453,-2445
119900160,15,355,-340
119900161,157,471,-314
119900162,641,752,-111
119900163,221,84,137
119900164,0,1,-1
119900165,69,415,-346
119900166,41,30,11
119900167,83,243,-160
119900168,333,531,-198
119900169,177,179,-2
119900170,163,195,-32
119900171,713,719,-6
119900172,117,16,101
119900173,9,841,-832
119900174,2,366,-364
119900175,531,846,-315
119900177,19,329,-310
119900178,6,265,-259
119900179,22,238,-216
119900180,753,853,-100
119900181,32,37,-5
119900182,5,853,-848
119900183,115,1305,-1190
119900184,4550,786,3764
119900185,38,83,-45
119900186,55,266,-211
119900187,7,808,-801
119900188,31,527,-496
119900189,443,289,154
119900190,54,144,-90
119900191,205,80,125
119900192,17,310,-293
119900193,136,247,-111
119900194,18,55,-37
119900195,18,347,-329
119900196,2949,723,2226
119900197,189,101,88
119900198,107,629,-522
119900199,176,28,148
119900200,333,711,-378
119900201,563,284,279
119900202,216,104,112
119900203,120,248,-128
119900204,111,582,-471
119900205,188,910,-722
119900206,34,130,-96
119900208,106,148,-42
119900209,248,736,-488
119900210,4,61,-57
119900211,108,17,91
119900212,85,402,-317
119900213,6,84,-78
119900214,14,159,-145
119900215,22,185,-163
119900216,10,164,-154
119900217,8,114,-106
119900218,11,82,-71
119900219,4,175,-171
119900220,5,200,-195
119900221,29,589,-560
119900222,26,469,-443
119900223,38,161,-123
119900224,15,39,-24
119900225,1819,65,1754
119900226,1237,1414,-177
119900227,2033,466,1567
119900228,80,525,-445
119900229,297,549,-252
119900230,1696,824,872
119900231,63,273,-210
119900232,145,51,94
119900233,12,0,12
119900234,12,52,-40
119900235,12,35,-23
119900236,17,290,-273
119900237,72,782,-710
119900238,1,122,-121
119900240,58,202,-144
119900241,140,353,-213
119900242,2180,1054,1126
119900244,957,2574,-1617
119900245,58,155,-97
119900246,302,271,31
119900247,31,56,-25
119900248,23,51,-28
119900249,148,60,88
119900253,6037,482,5555
119900254,29,216,-187
119900255,113,838,-725
119900256,164,1997,-1833
119900257,12,4,8
119900258,38,55,-17
119900259,9,303,-294
119900260,41,5,36
119900261,153,268,-115
119900262,2,442,-440
119900263,1134,589,545
119900264,38,447,-409
119900265,179,679,-500
119900266,96,400,-304
119900267,116,572,-456
119900268,172,385,-213
119900269,308,2591,-2283
119900271,26,112,-86
119900272,106,47,59
119900275,113,31,82
119900276,22,0,22
119900277,53,23,30
119900278,280,40,240
119900279,174,221,-47
119900280,1325,266,1059
119900281,0,72,-72
119900282,106,17,89
119900283,5,567,-562
119900284,46,397,-351
119900285,39,79,-40
119900286,20,32,-12
119900288,7,54,-47
119900289,0,65,-65
119900290,0,60,-60
119900291,2,39,-37
119900292,9,8,1
119900293,10,42,-32
119900294,5,77,-72
119900295,3,40,-37
119900296,17,475,-458
119900297,0,38,-38
119900298,4,14,-10
119900299,22,366,-344
119900300,136,268,-132
119900301,102,22,80
119900302,36,42,-6
119900303,310,555,-245
119900304,83,5,78
119900305,18,139,-121
119900306,14,1,13
119900307,36,197,-161
119900308,4,16,-12
119900309,18,39,-21
119900310,249,501,-252
119900311,35,250,-215
119900312,71,123,-52
119900313,131,475,-344
119900314,59,346,-287
119900315,418,3357,-2939
119900318,5,24,-19
119900319,22,560,-538
119900320,166,993,-827
119900321,22,1,21
120000001,10351,9712,639
120000002,2662,4249,-1587
120000003,4774,2447,2327
120000004,3720,3305,415
120000005,6316,2760,3556
120000006,1248,1489,-241
120000007,4394,2910,1484
120000008,1256,1704,-448
120000009,6418,1239,5179
120000010,1769,4381,-2612
120000011,1318,2876,-1558
120000012,1772,4220,-2448
120000013,2251,3557,-1306
120000014,572,2175,-1603
120000015,2867,2142,725
120000016,3687,2882,805
120000017,2766,2016,750
120000018,6272,7642,-1370
120000019,821,1202,-381
120000020,3489,2813,676
120000021,2057,1966,91
120000022,3576,3750,-174
120000023,835,2158,-1323
120000024,1789,2683,-894
120000025,1984,2848,-864
120000026,709,2300,-1591
120000027,1305,2034,-729
120000028,870,544,326
120000029,7350,708,6642
120000030,831,1021,-190
120000031,2690,9869,-7179
120000032,13964,4626,9338
120000033,2898,2265,633
120000034,1290,3295,-2005
120000035,1418,3485,-2067
120000036,2389,4902,-2513
120000037,544,1006,-462
120000038,14486,4016,10470
120000039,555,1284,-729
120000040,181,186,-5
120000041,657,2809,-2152
120000042,1695,6784,-5089
120000043,5027,4058,969
120000044,3181,1454,1727
120000045,3258,1168,2090
120000046,1669,2218,-549
120000047,3050,3213,-163
120000048,11220,4037,7183
120000049,2863,3261,-398
120000050,3032,5913,-2881
120000051,4987,5104,-117
120000052,18775,3189,15586
120000053,883,5559,-4676
120000054,1645,8620,-6975
120000055,1091,5999,-4908
120000056,3524,7041,-3517
120000057,1899,1281,618
120000058,578,225,353
120000059,161,1391,-1230
120000061,75,1104,-1029
120000062,355,413,-58
120000063,2342,4223,-1881
120000064,284,2268,-1984
120000065,569,2263,-1694
120000066,165,691,-526
120000067,72,913,-841
120000068,160,1720,-1560
120000069,532,2203,-1671
120000070,29,1268,-1239
120000071,148,258,-110
120000072,219,679,-460
120000073,265,143,122
120000074,101,130,-29
120000075,302,300,2
120000076,1026,419,607
120000077,1117,481,636
120000078,3457,680,2777
120000079,98,130,-32
120000080,50,111,-61
120000081,165,126,39
120000082,107,167,-60
120000083,58,237,-179
120000084,546,733,-187
120000085,422,459,-37
120000086,224,895,-671
120000087,120,1611,-1491
120000088,710,1873,-1163
120000089,877,737,140
120000090,412,577,-165
120000091,601,1092,-491
120000092,825,740,85
120000093,211,683,-472
120000094,103,565,-462
120000095,900,936,-36
120000096,228,1647,-1419
120000098,763,1575,-812
120000099,302,1067,-765
120000100,557,1411,-854
120000101,384,654,-270
120000102,369,562,-193
120000103,958,457,501
120000104,1201,237,964
120000105,1528,316,1212
120000106,1125,396,729
120000107,1602,497,1105
120000108,535,137,398
120000109,650,50,600
120000110,67,1287,-1220
120000111,104,1943,-1839
120000112,621,6223,-5602
120000113,480,4402,-3922
120000114,609,3702,-3093
120000115,297,3065,-2768
120000116,696,2736,-2040
120000117,1588,2230,-642
120000118,44,23,21
120000119,56,74,-18
120000120,67,36,31
120000121,66,59,7
120000122,306,260,46
120000123,8942,3249,5693
120000124,353,622,-269
120000125,328,715,-387
120000126,254,762,-508
120000127,1518,696,822
120000128,3274,2098,1176
120000129,354,341,13
120000130,873,909,-36
120000131,174,500,-326
120000134,439,2217,-1778
120000135,135,344,-209
120000137,91,3330,-3239
120000138,244,741,-497
120000139,100,1477,-1377
120000140,292,801,-509
120000141,107,863,-756
120000142,160,917,-757
120000143,2,153,-151
120000144,43,4,39
120000145,174,5,169
120000146,2857,824,2033
120000149,475,1364,-889
120000150,7537,12582,-5045
120000151,415,634,-219
120000152,362,411,-49
120000153,133,1186,-1053
120000154,515,508,7
120000155,127,269,-142
120000156,2241,503,1738
120000157,1019,1031,-12
120000158,730,1227,-497
120000159,2205,3048,-843
120000160,2404,1509,895
120000161,958,3240,-2282
120000162,85,255,-170
120000163,242,2052,-1810
120000164,204,689,-485
120000165,233,1235,-1002
120000166,536,872,-336
120000167,22,64,-42
120000168,15,164,-149
120000169,106,475,-369
120000170,155,215,-60
120000171,37,74,-37
120000172,7,21,-14
120000173,4329,213,4116
120000174,421,13,408
120000175,679,9,670
120000176,312,62,250
120000177,2916,472,2444
120000178,302,5,297
120000179,1255,44,1211
120000180,1400,120,1280
120000181,208,244,-36
120000182,126,134,-8
120000183,24,268,-244
120000184,163,2249,-2086
120000186,99,95,4
120000187,86,52,34
120000188,287,70,217
120000190,2121,11,2110
120000191,2927,29,2898
120000192,3217,38,3179
120000193,1227,7,1220
120000195,255,3,252
120000196,533,62,471
120000197,188,224,-36
120000198,96,206,-110
120000199,48,0,48
120000200,52,1,51
120000201,11,9,2
120000202,1,102,-101
120000203,22,600,-578
120000207,5,198,-193
120000208,4,407,-403
120000209,2,134,-132
120000210,254,250,4
120000211,30,0,30
120000212,41,1,40
120000213,55,585,-530
120000214,2,595,-593
120000215,4,220,-216
120000216,32,8,24
120000217,1212,2010,-798
120000218,292,1841,-1549
120000219,14,1206,-1192
120000220,12,4135,-4123
120000225,680,1,679
120000226,177,2,175
120000227,777,42,735
120000228,11368,2566,8802
120000230,134,27,107
120000231,578,3490,-2912
120000233,144,25,119
120000235,129,1070,-941
120000236,635,8,627
120000237,10,3408,-3398
120000238,0,173,-173
120000241,1300,3723,-2423
120000412,2442,25,2417
120000413,116,685,-569
120000414,32,4,28
120000415,1,264,-263
120000416,31,9,22
120000417,1,157,-156
120000418,38,22,16
120000419,7,725,-718
120000420,103,57,46
120000421,20331,7758,12573
120000422,301,429,-128
120000423,4,51,-47
120000424,21,230,-209
120000436,98,368,-270
120000437,232,254,-22
120000438,6507,483,6024
120000439,132,276,-144
120000443,122,1,121
120000444,640,820,-180
120000445,1596,1472,124
120000446,1157,443,714
120000447,109,3,106
120000449,42,9,33
120000450,9,531,-522
120000451,174,289,-115
120000452,119,2,117
120000453,0,739,-739
120000454,90,23,67
120000455,63,52,11
120000456,4330,3036,1294
120000457,2383,1296,1087
120000458,570,897,-327
120000459,66,90,-24
120000665,2040,175,1865
120000668,83,168,-85
120000669,107,577,-470
120000670,376,513,-137
120000671,560,290,270
120000672,97,714,-617
120900001,26,35,-9
120900002,236,262,-26
120900003,172,44,128
120900004,28,32,-4
120900005,16,1876,-1860
120900006,105,229,-124
120900007,84,200,-116
120900008,139,1987,-1848
120900009,99,36,63
120900010,210,43,167
120900011,408,119,289
120900012,1545,675,870
120900013,250,27,223
120900014,4,1121,-1117
120900015,383,105,278
120900016,367,58,309
120900017,4378,142,4236
120900018,57,731,-674
120900019,365,129,236
120900020,665,578,87
120900021,382,48,334
120900022,36,508,-472
120900023,65,47,18
120900024,1793,614,1179
120900025,3038,977,2061
120900026,87,236,-149
120900027,860,177,683
120900028,150,32,118
120900029,107,208,-101
120900030,607,502,105
120900031,95,36,59
120900032,336,194,142
120900033,498,25,473
120900034,22,2023,-2001
120900035,35,299,-264
120900037,69,7,62
120900038,35,121,-86
120900039,40,16,24
120900040,90,0,90
120900041,78,39,39
120900042,97,123,-26
120900043,25,10,15
120900044,8,562,-554
120900045,162,236,-74
120900046,231,4,227
120900047,78,26,52
120900048,40,14,26
120900049,146,1,145
120900050,5415,1010,4405
120900051,167,136,31
120900052,209,6,203
120900053,102,96,6
120900054,1743,1131,612
120900055,108,1,107
120900056,234,5,229
120900057,58,19,39
120900058,219,1,218
120900059,35,2,33
120900060,53,47,6
120900061,260,419,-159
120900062,80,2,78
120900063,190,2,188
120900064,154,0,154
120900065,139,29,110
120900066,108,464,-356
120900067,98,28,70
120900068,88,0,88
120900069,74,87,-13
120900071,34,7,27
120900072,247,0,247
120900073,178,289,-111
120900074,237,2,235
120900076,95,2,93
120900077,5865,423,5442
120900078,425,580,-155
120900079,241,136,105
120900080,231,3528,-3297
120900081,381,1792,-1411
120900082,725,300,425
120900083,26,1,25
120900084,125,194,-69
120900085,133,72,61
120900086,201,170,31
120900087,215,89,126
120900088,184,181,3
120900089,6731,1366,5365
120900090,49,273,-224
120900091,371,269,102
120900092,919,860,59
120900093,6174,417,5757
120900094,638,314,324
120900095,309,36,273
120900096,22,124,-102
120900097,618,1473,-855
120900098,320,268,52
120900099,33,111,-78
120900100,52,526,-474
120900101,536,484,52
120900102,15,194,-179
120900103,18,144,-126
120900104,108,60,48
120900105,24,1193,-1169
120900106,1725,849,876
120900107,562,255,307
120900108,6,1489,-1483
120900109,29,1191,-1162
120900110,15,1113,-1098
120900111,121,514,-393
120900112,11,2210,-2199
120900113,15,1501,-1486
120900114,25,269,-244
120900115,177,220,-43
120900116,86,932,-846
120900117,3,819,-816
120900118,5,1388,-1383
120900119,5281,5630,-349
120900120,61,1101,-1040
120900121,96,645,-549
120900122,146,883,-737
120900123,2,795,-793
120900124,3,1065,-1062
120900125,8,1669,-1661
120900126,1593,1064,529
120900127,8,837,-829
120900128,1023,1191,-168
120900129,61,637,-576
120900130,7,1020,-1013
120900131,16,62,-46
120900132,340,708,-368
120900133,201,1669,-1468
120900134,350,744,-394
120900135,10,1060,-1050
120900136,11,31,-20
120900137,88,210,-122
120900138,12,321,-309
120900139,4,1132,-1128
120900140,2,99,-97
120900141,93,141,-48
120900142,25,1285,-1260
120900143,4,1556,-1552
120900144,1,344,-343
120900145,153,1309,-1156
120900146,10,1624,-1614
120900147,1,422,-421
120900148,103,154,-51
120900149,2,645,-643
120900150,29,901,-872
120900151,4,1094,-1090
120900152,1,103,-102
120900153,25,113,-88
120900154,2,491,-489
120900155,126,1627,-1501
120900156,28,647,-619
120900157,25,307,-282
120900158,21,756,-735
120900159,26,471,-445
120900160,24,524,-500
120900161,18,1716,-1698
120900162,20,1496,-1476
120900163,17,194,-177
120900164,0,0,0
120900165,0,9,-9
120900166,38,117,-79
120900167,154,89,65
120900169,25,894,-869
120900170,3823,1303,2520
120900171,1694,511,1183
120900172,2472,196,2276
120900173,2,61,-59
120900174,7,184,-177
120900175,322,262,60
120900176,11,283,-272
120900177,1,463,-462
120900178,0,264,-264
120900179,959,570,389
120900180,131,107,24
120900181,85,96,-11
120900182,21,705,-684
120900183,585,112,473
120900184,180,103,77
120900185,6,583,-577
120900186,1,741,-740
120900187,260,683,-423
120900188,58,15,43
120900189,163,367,-204
120900190,9,33,-24
120900191,5,38,-33
120900192,19227,2555,16672
120900194,34,64,-30
120900195,136,404,-268
120900196,653,59,594
120900197,406,60,346
120900198,239,842,-603
120900199,293,1932,-1639
120900200,221,148,73
120900201,1005,218,787
120900202,1,318,-317
120900203,17,38,-21
120900204,422,558,-136
120900205,51,137,-86
120900206,13,7,6
121000001,1236,1458,-222
121000002,2203,1152,1051
121000003,5438,2341,3097
121000004,3183,3123,60
121000005,2714,3134,-420
121000006,3605,1367,2238
121000007,3906,3452,454
121000008,5856,3015,2841
121000009,10547,6356,4191
121000010,12153,3926,8227
121000011,17175,12858,4317
121000012,23480,8178,15302
121000013,6646,7557,-911
121000014,8424,6267,2157
121000015,5254,6723,-1469
121000016,5677,3990,1687
121000017,2165,4278,-2113
121000018,2476,2229,247
121000019,26473,9290,17183
121000020,16820,9241,7579
121000021,4220,3740,480
121000022,2308,1741,567
121000023,5569,3633,1936
121000024,3076,3291,-215
121000025,742,827,-85
121000026,264,122,142
121000027,1827,1178,649
121000028,859,569,290
121000029,984,919,65
121000030,571,505,66
121000031,541,761,-220
121000032,267,79,188
121000034,333,150,183
121000035,134,88,46
121000036,1108,841,267
121000037,507,635,-128
121000038,669,625,44
121000039,351,391,-40
121000041,497,513,-16
121000042,264,369,-105
121000043,931,656,275
121000044,2462,791,1671
121000045,432,451,-19
121000046,427,890,-463
121000047,26,147,-121
121000049,2305,748,1557
121000050,354,1134,-780
121000051,567,386,181
121000052,221,585,-364
121000053,414,58,356
121000054,42,277,-235
121000055,1991,1135,856
121000056,1238,1158,80
121000057,173,473,-300
121000058,517,126,391
121000059,2310,1012,1298
121000060,429,1257,-828
121000061,73,221,-148
121000062,140,325,-185
121000063,746,482,264
121000064,452,423,29
121000065,466,374,92
121000066,498,423,75
121000067,1272,400,872
121000068,597,490,107
121000069,880,261,619
121000070,2195,1484,711
121000071,1031,896,135
121000072,1702,896,806
121000073,1013,753,260
121000074,132,103,29
121000075,180,48,132
121000076,1738,310,1428
121000077,244,76,168
121000078,117,158,-41
121000080,3695,675,3020
121000081,3101,2125,976
121000082,172,297,-125
121000083,324,117,207
121000084,244,113,131
121000085,451,541,-90
121000086,183,1155,-972
121000087,66,269,-203
121000088,374,754,-380
121000089,758,329,429
121000090,452,441,11
121000091,2259,900,1359
121000092,116,102,14
121000093,92,244,-152
121000094,543,475,68
121000095,332,572,-240
121000096,2644,2600,44
121000097,2181,1935,246
121000098,382,1558,-1176
121000099,311,986,-675
121000100,475,701,-226
121000101,136,354,-218
121000102,115,551,-436
121000103,89,434,-345
121000104,97,250,-153
121000105,319,391,-72
121000106,176,495,-319
121000107,2501,4651,-2150
121000109,1959,1283,676
121000110,433,562,-129
121000114,2718,2901,-183
121000115,880,956,-76
121000116,529,886,-357
121000117,1432,265,1167
121000118,1249,327,922
121000119,262,326,-64
121000120,191,674,-483
121000121,504,1129,-625
121000123,1500,750,750
121000126,102,312,-210
121000127,219,111,108
121000128,476,713,-237
121000129,458,555,-97
121000130,441,1279,-838
121000131,3412,1215,2197
121000132,1774,1238,536
121000135,897,640,257
121000136,1480,755,725
121000137,601,160,441
121000138,1017,980,37
121000139,650,182,468
121000141,247,138,109
121000142,1024,538,486
121000143,194,24,170
121000144,1594,960,634
121000145,415,1585,-1170
121000146,1008,857,151
121000147,580,484,96
121000148,738,1266,-528
121000149,1645,1110,535
121000152,500,762,-262
121000153,1863,688,1175
121000154,854,646,208
121000155,1049,1147,-98
121000156,381,951,-570
121000157,1997,2533,-536
121000158,415,650,-235
121000159,152,742,-590
121000160,282,832,-550
121000161,66,505,-439
121000162,23,473,-450
121000165,2449,1795,654
121000166,42,513,-471
121000168,187,356,-169
121000169,28,216,-188
121000170,196,71,125
121000171,44,240,-196
121000172,476,512,-36
121000173,1330,892,438
121000174,205,473,-268
121000175,422,575,-153
121000176,337,233,104
121000177,1026,765,261
121000178,78,83,-5
121000179,102,78,24
121000181,389,452,-63
121000182,71,159,-88
121000183,38,87,-49
121000184,24,105,-81
121000185,19,186,-167
121000186,223,318,-95
121000187,151,439,-288
121000188,56,389,-333
121000192,541,340,201
121000193,671,473,198
121000194,3334,2729,605
121000195,546,1151,-605
121000196,974,240,734
121000197,254,1049,-795
121000198,220,71,149
121000199,183,606,-423
121000200,332,72,260
121000201,4,262,-258
121000202,424,87,337
121000203,587,3048,-2461
121000204,1380,686,694
121000205,219,370,-151
121000206,155,52,103
121000207,1158,559,599
121000208,10,596,-586
121000209,124,575,-451
121000210,220,768,-548
121000211,136,140,-4
121000212,309,1138,-829
121000213,11704,3090,8614
121000214,994,1859,-865
121000215,1492,914,578
121000216,511,504,7
121000217,4812,2362,2450
121000218,615,2126,-1511
121000219,1544,384,1160
121000220,363,64,299
121000221,225,226,-1
121000222,3093,2733,360
121000223,596,376,220
121000224,302,143,159
121000225,1312,1081,231
121000226,1861,762,1099
121000227,10,264,-254
121000228,14,1132,-1118
121000229,99,617,-518
121000230,79,2345,-2266
121000231,381,25,356
121000232,390,221,169
121000233,424,358,66
121000234,12,59,-47
121000235,61,97,-36
121000236,6,48,-42
121000237,35,29,6
121000238,3,90,-87
121000239,33,4,29
121000240,7,271,-264
121000241,96,24,72
121000242,26,156,-130
121000243,486,48,438
121000244,4,89,-85
121000245,12,17,-5
121000246,3,90,-87
121000247,24,4,20
121000248,932,607,325
121000249,64,292,-228
121000250,246,115,131
121000251,17,706,-689
121000252,44,41,3
121000253,141,645,-504
121000254,240,321,-81
121000255,134,193,-59
121000256,298,191,107
121000257,92,68,24
121000258,99,73,26
121000259,22,41,-19
121000260,47,154,-107
121000261,24,58,-34
121000262,1356,580,776
121000263,336,560,-224
121000271,263,1884,-1621
121000273,82,10,72
121000274,3,77,-74
121000275,3,24,-21
121000276,3,21,-18
121000278,14,85,-71
121000279,31,11,20
121000280,39,46,-7
121000289,174,30,144
121000290,1214,779,435
121000294,50,269,-219
121000297,1244,689,555
121000299,110,245,-135
121000300,981,973,8
121000302,467,1115,-648
121000303,1140,536,604
121000304,420,63,357
121000305,87,49,38
121000306,59,146,-87
121000308,182,447,-265
121000309,561,879,-318
121000310,61,535,-474
121000311,71,1061,-990
121000312,374,175,199
121000313,704,744,-40
121000314,288,161,127
121000315,67,84,-17
121000530,770,1608,-838
121000531,1030,1744,-714
121000532,6128,4963,1165
121000533,2836,2575,261
121000918,16,284,-268
121000919,16,59,-43
121000938,2091,589,1502
121000939,3110,518,2592
121000956,421,1859,-1438
121000957,5,5,0
121000958,113,53,60
121000959,275,1367,-1092
121000960,1291,2938,-1647
121000961,138,60,78
121000962,406,830,-424
121000973,2,316,-314
121000976,13,200,-187
121000979,331,61,270
121000981,430,110,320
121000982,161,346,-185
121000983,291,565,-274
121000984,9,38,-29
121000985,287,1023,-736
121000986,71,444,-373
121000987,291,2210,-1919
121000988,323,136,187
121001302,571,139,432
121001308,1,16,-15
121001309,89,65,24
121001313,80,491,-411
121001314,5086,5292,-206
121001315,5066,1828,3238
121900001,46,173,-127
121900002,32,29,3
121900003,361,3,358
121900004,130,468,-338
121900005,9,24,-15
121900006,117,23,94
121900007,2382,2655,-273
121900008,2956,161,2795
121900009,586,22,564
121900010,254,6,248
121900011,411,406,5
121900012,5,0,5
121900013,1007,39,968
121900014,1328,513,815
121900015,83,167,-84
121900016,2,21,-19
121900017,314,565,-251
121900018,246,5,241
121900019,203,248,-45
121900020,23,1,22
121900021,763,10,753
121900022,126,182,-56
121900023,81,476,-395
121900024,477,82,395
121900025,534,337,197
121900026,257,63,194
121900027,277,124,153
121900028,400,9,391
121900029,146,194,-48
121900030,477,505,-28
121900031,1169,3929,-2760
121900032,72,77,-5
121900033,157,146,11
121900034,195,95,100
121900035,2845,1810,1035
121900036,35,350,-315
121900037,126,674,-548
121900038,16,140,-124
121900039,520,27,493
121900040,26,96,-70
121900041,136,131,5
121900042,285,130,155
121900043,8,3,5
121900044,310,22,288
121900046,275,195,80
121900047,153,46,107
121900048,17,160,-143
121900050,13,39,-26
121900051,113,186,-73
121900052,75,48,27
121900053,328,243,85
121900054,451,802,-351
121900055,5,30,-25
121900058,67,325,-258
121900059,232,90,142
121900060,110,339,-229
121900061,124,164,-40
121900062,112,52,60
121900063,970,260,710
121900064,186,910,-724
121900066,15,36,-21
121900067,6,27,-21
121900069,213,167,46
121900070,218,111,107
121900071,109,317,-208
121900072,16,217,-201
121900073,201,173,28
121900074,780,475,305
121900075,558,253,305
121900076,278,716,-438
121900077,3,51,-48
121900078,35,78,-43
121900079,0,0,0
121900080,575,505,70
121900082,11,137,-126
121900084,4,275,-271
121900085,0,20,-20
121900086,5,53,-48
121900087,345,115,230
121900088,3375,2035,1340
121900089,52,431,-379
121900090,9,148,-139
121900091,13,103,-90
121900092,25,118,-93
121900093,49,75,-26
121900094,23,8,15
121900095,195,125,70
121900096,1972,524,1448
121900097,223,125,98
121900098,2,6,-4
121900099,74,114,-40
121900100,173,191,-18
121900101,69,80,-11
121900102,8,110,-102
121900103,488,264,224
121900104,921,255,666
121900105,78,81,-3
121900106,4,1,3
121900107,29,36,-7
121900108,2,7,-5
121900109,464,167,297
121900110,167,1610,-1443
121900111,1101,120,981
121900112,217,102,115
121900113,47,207,-160
121900114,15,44,-29
121900115,141,413,-272
121900117,300,36,264
121900118,2419,327,2092
121900119,106,164,-58
121900120,41,1626,-1585
121900121,642,91,551
121900122,11,34,-23
121900123,300,528,-228
121900124,118,166,-48
121900125,1118,1443,-325
121900127,21,77,-56
121900128,49,175,-126
121900129,1573,89,1484
121900130,97,249,-152
121900131,142,86,56
121900132,30,208,-178
121900133,87,228,-141
121900134,9,106,-97
121900135,2762,304,2458
121900136,148,565,-417
121900137,29,283,-254
121900138,244,297,-53
121900139,354,408,-54
121900140,29,184,-155
121900141,37,25,12
121900142,52,178,-126
121900143,9,156,-147
121900144,200,348,-148
121900145,174,210,-36
121900146,657,879,-222
121900147,41,217,-176
121900148,130,240,-110
121900149,317,917,-600
121900150,66,194,-128
121900151,61,210,-149
121900152,43,151,-108
121900153,117,466,-349
121900154,22,128,-106
121900155,0,84,-84
121900156,220,146,74
121900157,3,500,-497
121900158,83,122,-39
121900159,4,188,-184
121900160,23,183,-160
121900161,589,336,253
121900162,136,147,-11
121900163,61,870,-809
121900164,418,209,209
121900165,196,293,-97
121900166,74,233,-159
121900167,198,92,106
121900168,307,139,168
121900169,6,353,-347
121900170,15,251,-236
121900171,577,660,-83
121900172,240,342,-102
121900173,1047,221,826
121900174,24,31,-7
121900175,101,128,-27
121900176,504,1960,-1456
121900177,127,61,66
121900178,21,44,-23
121900179,223,137,86
121900180,7221,2651,4570
121900182,509,308,201
121900183,523,635,-112
121900184,28,677,-649
121900186,8,372,-364
121900187,30,103,-73
121900188,546,354,192
121900189,44,104,-60
121900190,120,498,-378
121900191,145,127,18
121900192,510,530,-20
121900193,29,172,-143
121900194,4,159,-155
121900195,134,98,36
121900196,741,1009,-268
121900197,328,2301,-1973
121900198,1136,1016,120
121900199,2,39,-37
121900200,53,230,-177
121900201,1302,520,782
121900202,195,443,-248
121900203,349,921,-572
121900204,1369,869,500
121900205,11,131,-120
121900206,6,10,-4
121900207,193,34,159
121900208,138,333,-195
121900209,68,47,21
121900210,896,1292,-396
121900211,7,83,-76
121900212,142,148,-6
121900213,52,109,-57
121900214,2,477,-475
121900215,47,71,-24
121900216,20,89,-69
121900217,260,104,156
121900218,323,459,-136
121900220,127,22,105
121900221,236,870,-634
121900222,50,237,-187
121900223,108,75,33
121900224,52,66,-14
121900225,89,69,20
121900226,255,1563,-1308
121900227,152,399,-247
121900228,220,340,-120
121900229,261,279,-18
121900230,115,51,64
121900231,616,295,321
121900232,382,370,12
121900233,268,280,-12
121900234,226,471,-245
121900235,245,242,3
121900236,278,132,146
121900237,212,265,-53
121900238,131,277,-146
121900239,107,44,63
121900240,192,164,28
121900241,34,82,-48
121900242,0,0,0
121900243,5,0,5
121900244,8,7,1
121900245,156,173,-17
121900246,1234,494,740
121900247,305,269,36
121900248,1684,843,841
121900250,420,268,152
121900251,354,27,327
121900252,995,146,849
121900253,127,833,-706
121900254,693,267,426
121900255,135,92,43
121900258,2767,2086,681
121900259,362,476,-114
121900260,37,200,-163
121900261,65,408,-343
121900262,397,665,-268
121900263,96,300,-204
121900264,2751,1516,1235
121900265,161,360,-199
121900266,195,192,3
121900267,18,21,-3
121900269,135,323,-188
121900270,31,190,-159
121900271,43,181,-138
121900273,438,1311,-873
121900274,160,279,-119
121900276,13,4,9
121900277,323,1744,-1421
121900278,94,1055,-961
121900279,138,313,-175
121900280,166,355,-189
121900281,676,75,601
121900284,228,14,214
121900286,94,203,-109
121900287,26,8,18
121900290,194,242,-48
121900291,380,606,-226
121900292,155,67,88
121900293,981,3644,-2663
121900294,296,6,290
121900295,44,266,-222
121900296,238,37,201
121900298,347,454,-107
121900299,0,0,0
121900300,1,0,1
121900301,12,2,10
121900302,0,76,-76
121900303,191,582,-391
121900304,0,3,-3
121900305,1,2,-1
121900306,33,1,32
121900307,15,14,1
121900308,12,406,-394
121900309,23,314,-291
121900310,21,551,-530
121900311,193,19,174
121900312,102,7,95
121900313,143,26,117
121900314,1,74,-73
121900315,0,0,0
121900316,0,1,-1
121900317,3,0,3
121900318,0,9,-9
121900319,7,7,0
121900320,56,75,-19
121900321,1,0,1
121900322,1,27,-26
121900323,20,18,2
121900324,5,21,-16
121900325,5,0,5
121900326,1,21,-20
121900327,2,67,-65
121900328,1,33,-32
121900329,3,223,-220
121900330,0,48,-48
121900331,118,13,105
121900332,72,18,54
121900333,2,3,-1
122000001,3433,3583,-150
122000002,7105,1405,5700
122000003,2680,1725,955
122000004,3569,1115,2454
122000005,3159,1132,2027
122000006,2443,504,1939
122000007,1199,1049,150
122000008,8828,3850,4978
122000009,710,200,510
122000010,2313,2371,-58
122000011,4283,948,3335
122000012,1318,890,428
122000013,2112,1274,838
122000014,1837,2046,-209
122000015,1595,1046,549
122000016,452,981,-529
122000017,1161,1243,-82
122000018,1436,1256,180
122000019,803,1580,-777
122000020,231,161,70
122000021,718,418,300
122000022,1368,1561,-193
122000023,470,2940,-2470
122000024,1157,772,385
122000025,2284,1065,1219
122000026,2130,667,1463
122000027,701,4211,-3510
122000028,874,356,518
122000029,475,287,188
122000030,443,93,350
122000031,163,166,-3
122000032,1623,3107,-1484
122000033,790,675,115
122000034,571,569,2
122000035,413,686,-273
122000036,359,685,-326
122000037,321,251,70
122000038,312,460,-148
122000039,695,499,196
122000040,480,233,247
122000041,500,599,-99
122000042,221,434,-213
122000043,162,109,53
122000044,175,172,3
122000045,1254,630,624
122000046,657,1236,-579
122000047,259,160,99
122000048,3452,3608,-156
122000049,5784,2552,3232
122000050,1590,659,931
122000051,313,318,-5
122000052,521,196,325
122000053,129,492,-363
122000054,2324,1864,460
122000055,2215,2413,-198
122000056,5619,3056,2563
122000057,3991,2366,1625
122000058,4409,1102,3307
122000059,3924,1245,2679
122000060,1213,526,687
122000061,787,234,553
122000062,1435,308,1127
122000063,1130,474,656
122000064,3618,3179,439
122000065,5596,3265,2331
122000066,1446,1234,212
122000067,1333,1475,-142
122000068,959,1237,-278
122000069,670,859,-189
122000070,624,3701,-3077
122000071,1034,2171,-1137
122000072,395,303,92
122000073,420,427,-7
122000074,2104,1449,655
122000075,563,1337,-774
122000076,1761,1105,656
122000077,1258,593,665
122000078,3515,1557,1958
122000079,1355,654,701
122000080,895,340,555
122000081,193,251,-58
122000082,1394,732,662
122000083,1418,4435,-3017
122000084,1021,818,203
122000085,277,2177,-1900
122000086,2571,4094,-1523
122000087,651,196,455
122000088,551,271,280
122000089,8369,3506,4863
122000090,366,373,-7
122000091,359,82,277
122000092,218,15,203
122000093,1836,1363,473
122000094,9219,2073,7146
122000095,5405,1919,3486
122000096,4146,1070,3076
122000098,4406,1648,2758
122000099,2732,690,2042
122000100,1998,633,1365
122000101,323,967,-644
122000102,1789,1351,438
122000103,1659,1572,87
122000104,284,183,101
122000105,241,288,-47
122000106,727,501,226
122000107,941,606,335
122000108,425,914,-489
122000109,261,351,-90
122000110,357,602,-245
122000111,2767,1100,1667
122000112,665,1286,-621
122000113,489,702,-213
122000114,3483,1642,1841
122000115,2071,1332,739
122000116,438,535,-97
122000117,1007,319,688
122000118,381,518,-137
122000119,3361,1630,1731
122000120,4187,2544,1643
122000121,5119,2490,2629
122000122,848,1288,-440
122000123,2722,1378,1344
122000124,1533,508,1025
122000125,553,725,-172
122000126,1008,842,166
122000127,1946,958,988
122000128,613,1015,-402
122000129,350,633,-283
122000130,2618,543,2075
122000131,2782,597,2185
122000132,1321,540,781
122000133,1338,2770,-1432
122000134,464,539,-75
122000135,630,1012,-382
122000136,419,232,187
122000137,984,652,332
122000139,1646,2986,-1340
122000140,1302,481,821
122000141,6949,988,5961
122000142,707,697,10
122000143,800,247,553
122000144,2609,958,1651
122000145,3174,810,2364
122000146,1407,1140,267
122000147,1116,369,747
122000148,3346,1331,2015
122000149,2356,1160,1196
122000150,1543,845,698
122000151,359,368,-9
122000152,664,372,292
122000153,498,312,186
122000154,464,242,222
122000155,1747,1940,-193
122000156,3009,1931,1078
122000157,2335,1295,1040
122000158,343,567,-224
122000159,1570,1621,-51
122000160,7657,903,6754
122000161,1516,666,850
122000162,2461,1325,1136
122000163,380,69,311
122000164,51,81,-30
122000165,729,769,-40
122000166,966,972,-6
122000167,222,247,-25
122000168,255,449,-194
122000169,677,180,497
122000170,288,276,12
122000171,45,111,-66
122000172,1635,1500,135
122000173,1857,2216,-359
122000174,1981,777,1204
122000175,1317,292,1025
122000176,300,615,-315
122000177,1683,1214,469
122000178,3520,2397,1123
122000179,2297,2559,-262
122000180,2159,1113,1046
122000181,2235,2989,-754
122000182,3492,1043,2449
122000183,1979,892,1087
122000184,4262,2158,2104
122000185,1822,1120,702
122000186,658,864,-206
122000187,1614,1386,228
122000188,534,252,282
122000189,318,306,12
122000190,1093,1022,71
122000191,1104,457,647
122000192,1047,376,671
122000193,434,863,-429
122000194,576,161,415
122000195,107,489,-382
122000196,945,718,227
122000197,509,765,-256
122000198,643,1061,-418
122000199,341,343,-2
122000200,1380,552,828
122000201,1392,1497,-105
122000202,1300,1147,153
122000203,3175,1770,1405
122000204,1808,2137,-329
122000205,1575,1205,370
122000206,2262,1083,1179
122000207,1321,1463,-142
122000208,2218,1640,578
122000209,2709,342,2367
122000210,1594,2193,-599
122000211,1231,1459,-228
122000212,560,519,41
122000213,1154,1155,-1
122000214,1856,1776,80
122000215,2091,1503,588
122000217,2070,1539,531
122000218,600,65,535
122000219,1644,1165,479
122000220,530,970,-440
122000221,133,476,-343
122000222,705,72,633
122000223,1206,551,655
122000225,664,319,345
122000226,1248,2219,-971
122000227,298,1922,-1624
122000228,314,553,-239
122000229,9,389,-380
122000230,70,975,-905
122000231,266,978,-712
122000232,674,1092,-418
122000233,1,132,-131
122000234,139,258,-119
122000235,370,277,93
122000236,396,255,141
122000237,77,81,-4
122000238,93,193,-100
122000239,531,123,408
122000240,957,389,568
122000241,525,491,34
122000242,612,74,538
122000243,88,24,64
122000244,26,385,-359
122000245,13,90,-77
122000246,7,64,-57
122000247,599,452,147
122000248,1265,2563,-1298
122000249,294,588,-294
122000250,1446,543,903
122000251,308,385,-77
122000252,807,102,705
122000253,22,335,-313
122000254,118,100,18
122000255,592,2801,-2209
122000256,421,1861,-1440
122000257,104,476,-372
122000258,126,312,-186
122000259,18,873,-855
122000260,2,116,-114
122000261,14,176,-162
122000262,1,82,-81
122000263,150,130,20
122000264,607,537,70
122000265,2174,770,1404
122000266,4447,541,3906
122000267,73,132,-59
122000268,112,467,-355
122000269,676,337,339
122000270,644,115,529
122000271,314,1316,-1002
122000272,296,1290,-994
122000273,217,534,-317
122000274,84,223,-139
122000275,21,156,-135
122000276,327,762,-435
122000277,691,1722,-1031
122000278,634,1169,-535
122000279,183,793,-610
122000280,719,1022,-303
122000281,723,852,-129
122000282,157,295,-138
122000283,230,82,148
122000284,125,87,38
122000285,398,123,275
122000286,79,208,-129
122000287,616,1518,-902
122000288,283,290,-7
122000291,823,562,261
122000293,383,468,-85
122000294,82,185,-103
122000295,1278,208,1070
122000296,52,584,-532
122000297,3820,2163,1657
122000299,461,499,-38
122000300,906,542,364
122000301,17848,2862,14986
122000302,1109,706,403
122000303,5184,1500,3684
122000304,37,208,-171
122000305,695,338,357
122000306,21,907,-886
122000307,276,107,169
122000309,49,73,-24
122000310,4,12,-8
122000311,68,66,2
122000312,49,21,28
122000313,12,37,-25
122000314,95,262,-167
122000315,183,29,154
122000316,364,305,59
122000317,786,212,574
122000318,447,477,-30
122000319,412,748,-336
122000320,412,3010,-2598
122000321,107,299,-192
122000322,2813,1985,828
122000323,1998,1355,643
122000324,1601,1152,449
122000325,1125,1080,45
122000326,20,166,-146
122000327,249,465,-216
122000328,1502,1262,240
122000330,2381,802,1579
122000332,239,438,-199
122000333,3,175,-172
122000337,719,2586,-1867
122000338,338,567,-229
122000340,384,236,148
122000342,2982,1350,1632
122000343,396,1387,-991
122000344,47,34,13
122000345,27,58,-31
122000346,367,835,-468
122000348,659,903,-244
122000349,204,789,-585
122000351,47,284,-237
122000352,260,96,164
122000353,37,150,-113
122000355,126,216,-90
122000356,1889,974,915
122000357,34,25,9
122000358,0,99,-99
122000359,0,50,-50
122000360,1,76,-75
122000362,27,124,-97
122000364,106,641,-535
122000365,2,17,-15
122000366,14,9,5
122000368,452,1024,-572
122000370,31,86,-55
122000371,17,0,17
122000372,4,0,4
122000381,39,443,-404
122000382,55,281,-226
122000384,4779,2317,2462
122000385,14,0,14
122000386,599,860,-261
122000387,320,718,-398
122000388,1594,385,1209
122000389,233,982,-749
122000390,326,224,102
122000391,269,92,177
122000392,206,311,-105
122000393,20,251,-231
122000394,293,367,-74
122000395,126,202,-76
122000396,247,120,127
122000397,31,130,-99
122000398,8,37,-29
122000399,72,92,-20
122000400,195,294,-99
122000401,108,113,-5
122000402,196,96,100
122000403,350,1787,-1437
122000404,109,423,-314
122000408,1173,1444,-271
122000503,22,87,-65
122000524,253,113,140
122000544,65,1837,-1772
122000616,977,0,977
122000640,34,264,-230
122000641,32,618,-586
122000642,808,1704,-896
122000643,13,115,-102
122000644,211,30,181
122000645,94,217,-123
122000651,2292,710,1582
122000664,111,71,40
122000665,1193,637,556
122000666,549,1252,-703
122000673,27,463,-436
122000674,59,74,-15
122000675,971,1210,-239
122000686,266,1720,-1454
122000687,564,413,151
122000688,134,1125,-991
122000689,336,851,-515
122000690,513,884,-371
122000691,271,3437,-3166
122000692,1033,423,610
122000693,415,2611,-2196
122000695,139,698,-559
122000696,150,488,-338
122000698,142,1425,-1283
122000699,181,181,0
122000701,1013,422,591
122000702,472,2576,-2104
122000703,246,73,173
122000717,202,73,129
122000718,354,399,-45
122000719,43,42,1
122000720,110,392,-282
122000724,40,18,22
122900001,17,0,17
122900002,1203,2078,-875
122900003,294,26,268
122900004,944,29,915
122900005,51,74,-23
122900006,477,427,50
122900007,148,22,126
122900008,550,107,443
122900009,1008,349,659
122900010,274,147,127
122900012,374,479,-105
122900014,199,358,-159
122900015,3581,454,3127
122900016,71,369,-298
122900017,591,965,-374
122900018,204,13,191
122900019,8,187,-179
122900020,388,532,-144
122900021,55,808,-753
122900022,344,1297,-953
122900023,230,445,-215
122900024,141,91,50
122900025,17,202,-185
122900026,153,399,-246
122900027,136,877,-741
122900028,122,163,-41
122900029,5673,2403,3270
122900030,1561,607,954
122900031,168,126,42
122900032,140,232,-92
122900033,189,209,-20
122900034,4628,4056,572
122900035,13,16,-3
122900036,16,100,-84
122900037,333,163,170
122900038,160,1701,-1541
122900039,166,456,-290
122900040,153,437,-284
122900041,157,379,-222
122900042,140,418,-278
122900043,429,223,206
122900044,133,314,-181
122900045,98,126,-28
122900046,97,137,-40
122900047,193,131,62
122900048,56,129,-73
122900049,1885,115,1770
122900051,91,119,-28
122900052,23,183,-160
122900053,9,21,-12
122900055,343,159,184
122900057,334,26,308
122900061,441,149,292
122900062,293,371,-78
122900063,140,512,-372
122900064,1052,935,117
122900065,237,148,89
122900066,321,234,87
122900067,1924,1138,786
122900068,219,540,-321
122900069,186,913,-727
122900070,326,26,300
122900071,94,486,-392
122900072,14,818,-804
122900073,76,313,-237
122900074,163,922,-759
122900075,1,82,-81
122900076,15,222,-207
122900077,2,246,-244
122900078,39,195,-156
122900080,82,24,58
122900081,123,134,-11
122900082,555,198,357
122900083,138,106,32
122900084,9,265,-256
122900086,14,16,-2
122900087,90,717,-627
122900088,88,47,41
122900089,14,253,-239
122900090,9,811,-802
122900091,61,0,61
122900092,2,379,-377
122900093,1,468,-467
122900094,4,343,-339
122900095,65,2,63
122900096,72,298,-226
122900097,63,6,57
122900098,67,141,-74
122900099,14,3,11
122900100,358,223,135
122900101,814,163,651
122900102,16,7,9
122900103,24,8,16
122900104,28,2,26
122900105,3,6,-3
122900106,1,99,-98
122900107,4,262,-258
122900108,5,240,-235
123000001,2810,493,2317
123000002,8312,2913,5399
123000003,4912,2676,2236
123000004,5087,5739,-652
123000005,2457,2335,122
123000006,4163,4297,-134
123000007,3113,2543,570
123000008,3246,5182,-1936
123000009,4829,3480,1349
123000010,4618,5460,-842
123000011,3537,1017,2520
123000012,1268,3224,-1956
123000013,3576,969,2607
123000014,1561,4962,-3401
123000015,6733,874,5859
123000016,8941,3339,5602
123000017,3893,1575,2318
123000018,65,86,-21
123000019,144,570,-426
123000020,92,169,-77
123000021,52,157,-105
123000022,473,878,-405
123000023,1289,1292,-3
123000024,1041,529,512
123000025,26,102,-76
123000026,1,95,-94
123000027,266,595,-329
123000028,631,673,-42
123000029,565,611,-46
123000030,122,997,-875
123000031,149,570,-421
123000032,251,433,-182
123000033,223,47,176
123000034,704,664,40
123000035,262,322,-60
123000036,300,610,-310
123000037,285,447,-162
123000038,128,247,-119
123000039,599,863,-264
123000040,1570,514,1056
123000041,1278,565,713
123000042,946,540,406
123000043,5306,4247,1059
123000044,8359,2696,5663
123000045,15218,1956,13262
123000046,1273,818,455
123000047,3456,1195,2261
123000048,155,424,-269
123000049,11382,4653,6729
123000050,1191,1266,-75
123000051,138,137,1
123000052,820,2777,-1957
123000053,3149,3074,75
123000054,1650,1459,191
123000055,4868,1735,3133
123000056,1521,2129,-608
123000057,23126,5806,17320
123000058,714,632,82
123000059,484,586,-102
123000060,858,448,410
123000061,160,801,-641
123000063,841,700,141
123000064,901,211,690
123000065,12592,4114,8478
123000066,1389,921,468
123000067,450,759,-309
123000068,4081,3892,189
123000069,12173,4538,7635
123000070,364,924,-560
123000071,658,1444,-786
123000072,1076,2119,-1043
123000073,687,1009,-322
123000074,1040,2537,-1497
123000075,470,900,-430
123000076,414,1374,-960
123000077,2131,4702,-2571
123000078,968,2010,-1042
123000079,1015,2654,-1639
123000080,2154,3563,-1409
123000081,291,811,-520
123000082,428,1369,-941
123000083,874,116,758
123000084,276,874,-598
123000085,110,159,-49
123000086,154,564,-410
123000087,85,657,-572
123000088,927,1723,-796
123000089,434,1566,-1132
123000090,1277,1525,-248
123000091,1943,1535,408
123000092,1506,1365,141
123000094,414,299,115
123000095,399,709,-310
123000096,304,493,-189
123000097,342,1387,-1045
123000098,479,620,-141
123000099,537,1087,-550
123000100,580,668,-88
123000101,713,464,249
123000102,688,710,-22
123000104,460,284,176
123000105,830,662,168
123000106,685,319,366
123000107,644,646,-2
123000108,1439,1433,6
123000111,442,300,142
123000112,589,659,-70
123000113,616,2506,-1890
123000114,452,433,19
123000115,182,350,-168
123000116,27,162,-135
123000117,1629,2953,-1324
123000118,363,1129,-766
123000119,276,1435,-1159
123000120,465,1228,-763
123000121,452,650,-198
123000122,305,313,-8
123000123,446,594,-148
123000124,850,698,152
123000125,1464,797,667
123000126,2300,1978,322
123000127,1949,950,999
123000128,372,466,-94
123000129,363,180,183
123000130,347,65,282
123000131,623,491,132
123000132,423,649,-226
123000133,578,398,180
123000134,655,201,454
123000135,1380,1271,109
123000136,206,1839,-1633
123000137,100,555,-455
123000138,63,551,-488
123000139,310,111,199
123000140,193,938,-745
123000141,856,81,775
123000142,1262,1398,-136
123000143,1361,3185,-1824
123000144,40,12,28
123000145,285,139,146
123000146,121,141,-20
123000147,97,149,-52
123000149,319,337,-18
123000150,283,214,69
123000151,364,517,-153
123000152,68,416,-348
123000153,169,535,-366
123000154,3097,1598,1499
123000155,3402,906,2496
123000156,67,91,-24
123000157,563,970,-407
123000158,921,544,377
123000159,3198,1701,1497
123000160,722,504,218
123000161,1204,845,359
123000162,505,1405,-900
123000163,309,66,243
123000164,858,222,636
123000165,329,2561,-2232
123000166,28,181,-153
123000167,90,353,-263
123000168,211,469,-258
123000169,454,103,351
123000170,23,457,-434
123000171,198,24,174
123000172,291,875,-584
123000173,629,199,430
123000174,698,180,518
123000175,1107,1804,-697
123000176,890,131,759
123000177,357,1446,-1089
123000178,540,78,462
123000179,55,1037,-982
123000180,1242,323,919
123000181,426,1931,-1505
123000182,223,702,-479
123000183,104,194,-90
123000184,115,1126,-1011
123000185,290,437,-147
123000186,10,943,-933
123000187,323,3,320
123000188,114,0,114
123000189,119,265,-146
123000190,27,82,-55
123000192,26,584,-558
123000193,39,811,-772
123000194,563,342,221
123000195,197,7,190
123000196,212,5,207
123000197,23,130,-107
123000198,5,267,-262
123000199,5,611,-606
123000200,230,8,222
123000201,498,18,480
123000202,24,1818,-1794
123000203,495,27,468
123000204,78,1549,-1471
123000205,380,2601,-2221
123000206,1163,123,1040
123000207,89,1218,-1129
123000208,198,99,99
123000209,1128,278,850
123000210,409,2037,-1628
123000211,740,3955,-3215
123000212,1562,381,1181
123000213,364,62,302
123000215,160,113,47
123000216,260,1085,-825
123000217,152,37,115
123000218,142,458,-316
123000219,1476,40,1436
123000220,435,83,352
123000221,138,262,-124
123000222,268,1006,-738
123000223,122,906,-784
123000224,361,868,-507
123000225,393,120,273
123000226,191,538,-347
123000227,76,557,-481
123000228,208,67,141
123000229,1431,2423,-992
123000232,94,691,-597
123000233,538,186,352
123000234,164,858,-694
123000235,422,394,28
123000236,153,1168,-1015
123000237,172,67,105
123000238,68,992,-924
123000239,485,2822,-2337
123000240,42,269,-227
123000241,1221,157,1064
123000242,104,256,-152
123000243,423,1232,-809
123000244,769,530,239
123000245,81,182,-101
123000249,464,736,-272
123000252,742,164,578
123000253,637,442,195
123000254,540,1602,-1062
123000255,789,823,-34
123000256,29,333,-304
123000257,4211,3043,1168
123000258,1082,1639,-557
123000259,183,473,-290
123000260,379,841,-462
123000261,62,381,-319
123000262,120,289,-169
123000263,284,134,150
123000264,221,54,167
123000265,72,169,-97
123000266,445,870,-425
123000267,292,322,-30
123000268,27,71,-44
123000269,30,56,-26
123000270,36,49,-13
123000271,35,103,-68
123000272,782,195,587
123000273,190,566,-376
123000274,862,400,462
123000275,326,1397,-1071
123000278,4079,2842,1237
123000279,46,88,-42
123000280,240,439,-199
123000281,176,93,83
123000282,103,311,-208
123000283,84,44,40
123000284,53,138,-85
123000286,245,287,-42
123000287,618,275,343
123000288,921,610,311
123000289,432,826,-394
123000291,433,1164,-731
123000294,173,322,-149
123000295,849,1359,-510
123000296,214,685,-471
123000297,192,885,-693
123000298,242,930,-688
123000299,37,384,-347
123000300,503,660,-157
123000301,67,193,-126
123000302,142,318,-176
123000303,50,166,-116
123000305,1087,974,113
123000306,45,323,-278
123000309,76,68,8
123000310,77,26,51
123000311,0,153,-153
123000312,825,1403,-578
123000313,168,283,-115
123000315,199,489,-290
123000316,2002,33,1969
123000317,212,66,146
123000318,59,361,-302
123000329,16,22,-6
123000337,116,293,-177
123000338,558,94,464
123000339,108,273,-165
123000340,205,577,-372
123000342,3,9,-6
123000343,78,2,76
123000344,1379,490,889
123000345,480,742,-262
123000346,167,87,80
123000352,2930,1064,1866
123000353,25,187,-162
123000354,134,4,130
123000355,0,509,-509
123000356,127,9,118
123000357,1,405,-404
123000359,3,345,-342
123000360,167,12,155
123000361,645,387,258
123000362,193,138,55
123000363,75,336,-261
123000364,468,330,138
123000365,36,290,-254
123000366,308,1461,-1153
123000367,275,1651,-1376
123000370,24,390,-366
123000371,498,15,483
123000372,200,10,190
123000373,7,580,-573
123000374,14,246,-232
123000375,223,13,210
123000376,627,578,49
123000377,359,22,337
123000378,8,717,-709
123000379,0,273,-273
123000380,89,272,-183
123000381,191,57,134
123000382,1953,43,1910
123000383,283,714,-431
123000384,521,100,421
123000385,507,743,-236
123000436,57,1019,-962
123000507,322,482,-160
123000508,414,441,-27
123000517,395,16,379
123000518,40,289,-249
123000519,188,81,107
123000520,61,282,-221
123000521,360,118,242
123000522,227,708,-481
123000541,0,0,0
123000542,0,51,-51
123000565,180,23,157
123000566,50,1168,-1118
123000567,112,376,-264
123000573,64,1358,-1294
123000574,349,79,270
123000575,1028,1583,-555
123000576,603,2540,-1937
123000577,89,551,-462
123000578,893,126,767
123000579,7495,2933,4562
123000580,75,10,65
123000582,278,34,244
123000583,15,753,-738
123000584,150,246,-96
123000585,0,161,-161
123000586,64,15,49
123000596,137,169,-32
123000597,64,85,-21
123000602,8,1,7
123000603,291,1023,-732
123000604,359,1485,-1126
123000605,632,127,505
123000606,0,216,-216
123000609,13,510,-497
123000610,134,100,34
123000613,36,141,-105
123000614,186,58,128
123000615,38,169,-131
123000616,315,75,240
123000617,46,868,-822
123000618,52,937,-885
123000619,585,34,551
123000620,12,842,-830
123000622,335,31,304
123000624,117,58,59
123000630,471,410,61
123000631,184,2445,-2261
123000632,1476,1432,44
123000633,1,217,-216
123000634,69,41,28
123000635,259,112,147
123000636,16,848,-832
123000637,114,152,-38
123000638,327,106,221
123000639,1455,2058,-603
123000640,31,1302,-1271
123900001,2095,99,1996
123900002,17,1079,-1062
123900003,494,891,-397
123900005,170,109,61
123900006,190,21,169
124000001,1621,110,1511
124000002,108,2155,-2047
124000003,339,142,197
124000004,61,967,-906
124000005,571,217,354
124000006,272,2044,-1772
124000007,642,126,516
124000008,16,544,-528
124000009,224,377,-153
124000010,108,654,-546
124000011,581,355,226
124000012,290,1179,-889
124000017,43,89,-46
124000018,77,169,-92
124000019,53,117,-64
124000020,73,333,-260
124000021,79,87,-8
124000022,147,371,-224
124000023,1019,1272,-253
124000024,1148,857,291
124000025,969,1178,-209
124000026,1348,1238,110
124000027,6125,3224,2901
124000028,3914,4599,-685
124000030,4370,1455,2915
124000031,700,896,-196
124000032,6262,1326,4936
124000033,132,146,-14
124000034,2527,741,1786
124000035,16,64,-48
124000036,66,183,-117
124000037,402,325,77
124000038,78,37,41
124000039,1282,317,965
124000040,863,576,287
124000041,263,57,206
124000042,76,398,-322
124000043,382,53,329
124000044,115,371,-256
124000045,510,565,-55
124000046,182,834,-652
124000047,707,949,-242
124000048,491,2531,-2040
124000049,708,722,-14
124000050,536,3043,-2507
124000051,393,540,-147
124000052,488,1901,-1413
124000053,485,864,-379
124000054,762,938,-176
124000055,1065,1345,-280
124000056,4704,1761,2943
124000057,603,411,192
124000058,455,1702,-1247
124000059,425,551,-126
124000060,1327,1072,255
124000061,1458,2597,-1139
124000062,6167,2074,4093
124000063,1591,2161,-570
124000064,3034,2516,518
124000065,21,145,-124
124000066,161,61,100
124000067,35,406,-371
124000068,2,18,-16
124000069,40,28,12
124000070,12,169,-157
124000071,119,66,53
124000072,164,866,-702
124000073,553,122,431
124000074,196,1291,-1095
124000075,98,20,78
124000076,15,365,-350
124000077,2074,666,1408
124000078,3140,385,2755
124000079,839,1172,-333
124000080,335,193,142
124000081,179,1110,-931
124000082,19,123,-104
124000083,102,194,-92
124000084,62,137,-75
124000085,114,38,76
124000086,72,94,-22
124000087,90,63,27
124000088,258,345,-87
124000089,337,356,-19
124000090,46,472,-426
124000091,259,95,164
124000092,53,644,-591
124000093,139,73,66
124000094,284,376,-92
124000095,59,97,-38
124000096,75,389,-314
124000097,39,130,-91
124000098,40,128,-88
124000099,122,108,14
124000100,73,175,-102
124000101,33,118,-85
124000102,81,113,-32
124000103,37,117,-80
124000104,68,102,-34
124000105,27,73,-46
124000106,106,112,-6
124000107,11,100,-89
124000108,66,45,21
124000109,84,71,13
124000110,115,112,3
124000111,226,157,69
124000112,439,948,-509
124000113,45,84,-39
124000114,162,827,-665
124000115,277,969,-692
124000116,80,75,5
124000117,77,92,-15
124000118,22,48,-26
124000119,1000,740,260
124000120,491,563,-72
124000121,1707,511,1196
124000122,664,1284,-620
124000123,1005,385,620
124000124,584,1043,-459
124000125,395,404,-9
124000126,411,661,-250
124000127,606,376,230
124000128,513,1308,-795
124000129,1844,1352,492
124000130,1015,738,277
124000131,1036,593,443
124000132,932,991,-59
124000133,609,908,-299
124000134,832,967,-135
124000135,1627,1509,118
124000136,1191,1248,-57
124000137,1348,527,821
124000138,2191,1233,958
124000139,454,16,438
124000140,25,537,-512
124000141,39,13,26
124000142,14,109,-95
124000143,26,8,18
124000144,10,57,-47
124000145,45,46,-1
124000146,22,167,-145
124000148,76,65,11
124000149,1057,311,746
124000150,431,646,-215
124000151,521,214,307
124000152,733,1294,-561
124000153,830,449,381
124000154,863,852,11
124000155,1204,557,647
124000156,1479,998,481
124000169,287,409,-122
124000170,749,542,207
124000171,169,282,-113
124000172,450,704,-254
124000173,272,331,-59
124000174,251,970,-719
124000175,12,218,-206
124000176,21,8,13
124000177,27,57,-30
124000178,28,22,6
124000190,122,18,104
124000191,257,60,197
124000192,2363,329,2034
124000193,589,1442,-853
124000194,446,745,-299
124000195,317,474,-157
124000196,1056,1605,-549
124000197,84,71,13
124000198,18,47,-29
124000201,235,1435,-1200
124000202,416,120,296
124000203,123,1285,-1162
124000204,291,678,-387
124000205,61,839,-778
124000206,198,483,-285
124000207,0,57,-57
124000209,187,908,-721
124000210,138,222,-84
124000211,193,1,192
124000212,8,846,-838
124000213,168,515,-347
124000214,143,1139,-996
124000215,109,7,102
124000216,5,773,-768
124000329,70,3267,-3197
124000338,36,1677,-1641
124000339,300,98,202
124000341,417,52,365
124000344,8,1,7
124000357,791,1648,-857
124000358,813,993,-180
124000359,1056,517,539
124000360,681,418,263
124000361,1550,783,767
124000362,1933,2351,-418
124000363,471,645,-174
124000364,743,1440,-697
124000365,697,1472,-775
124000366,2335,1150,1185
124000367,152,811,-659
124000368,176,121,55
124000369,119,109,10
124000370,113,718,-605
124000402,28,13,15
124000403,43,15,28
124000404,11,166,-155
124000405,1307,736,571
124000406,1152,1064,88
124000407,0,46,-46
124000411,3,538,-535
124000412,144,21,123
124000413,249,54,195
124000414,25,131,-106
124000415,45,230,-185
124000416,130,390,-260
124000417,123,116,7
124000418,55,189,-134
124000419,49,190,-141
124000420,35,64,-29
124000421,28,340,-312
124000422,44,16,28
124000423,118,44,74
124000424,0,150,-150
124000425,7,11,-4
124000426,3,60,-57
124000427,13,19,-6
124000428,18,24,-6
124000429,24,77,-53
124000430,489,917,-428
124000431,449,1052,-603
124000432,129,1047,-918
124000439,0,8,-8
124000442,1,239,-238
124000443,1,4,-3
124000445,70,218,-148
124000446,1747,56,1691
124900001,233,264,-31
124900002,140,630,-490
124900003,447,536,-89
124900004,186,397,-211
124900005,254,325,-71
124900006,339,399,-60
124900008,1090,470,620
124900009,164,180,-16
124900010,71,34,37
124900011,198,123,75
124900012,317,71,246
124900013,292,134,158
124900014,156,95,61
124900015,128,222,-94
124900016,40,57,-17
124900017,1132,325,807
124900018,6,9,-3
124900020,75,66,9
124900021,158,48,110
124900022,10,13,-3
124900024,148,12,136
124900026,119,11,108
124900027,52,152,-100
124900028,970,185,785
124900029,13,367,-354
124900030,6,228,-222
124900031,91,555,-464
124900032,272,161,111
124900033,45,576,-531
124900034,6,150,-144
124900035,113,560,-447
124900036,1,52,-51
124900037,142,409,-267
124900038,349,402,-53
124900039,1,23,-22
124900040,41,106,-65
124900041,205,1508,-1303
124900042,26,4,22
124900043,307,1415,-1108
124900044,105,3,102
124900045,751,843,-92
124900046,2161,234,1927
124900047,92,238,-146
124900048,108,171,-63
124900050,131,300,-169
124900052,68,584,-516
124900053,63,574,-511
124900054,3971,345,3626
124900055,1,127,-126
124900057,6,104,-98
124900060,126,266,-140
124900061,19,3,16
124900062,60,19,41
124900066,0,14,-14
124900067,7,229,-222
124900068,234,245,-11
124900070,46,32,14
124900072,58,22,36
124900074,191,495,-304
124900075,103,254,-151
124900076,31,375,-344
124900077,27,128,-101
124900078,37,6,31
124900079,844,77,767
124900080,165,857,-692
124900081,397,249,148
124900082,276,1119,-843
124900083,149,662,-513
124900084,3153,130,3023
124900085,1442,251,1191
124900086,89,652,-563
124900087,668,75,593
124900088,811,103,708
124900089,1704,19,1685
124900090,158,198,-40
124900091,227,834,-607
124900092,173,625,-452
124900093,164,233,-69
124900094,144,317,-173
124900095,72,406,-334
124900096,707,200,507
124900097,206,75,131
124900098,167,467,-300
124900099,835,429,406
124900100,260,32,228
124900101,32,659,-627
124900102,121,19,102
124900103,79,342,-263
124900104,41,321,-280
124900105,67,195,-128
124900106,319,43,276
124900107,61,13,48
124900108,179,37,142
124900109,24,117,-93
124900110,101,559,-458
124900111,3,72,-69
124900112,87,1113,-1026
124900113,222,113,109
124900114,253,57,196
124900115,109,56,53
124900116,99,142,-43
124900117,551,162,389
124900118,116,82,34
124900119,179,60,119
124900120,29,499,-470
124900121,72,162,-90
124900122,498,263,235
124900123,402,40,362
124900124,214,193,21
129000186,110,47,63
204000001,9,2,7
204000002,10,5,5
204000003,68,0,68
204000004,20,0,20
204000005,407,284,123
204000006,865,854,11
204000011,5,48,-43
204000012,65,91,-26
204000013,3,37,-34
204000019,437,611,-174
204000020,440,738,-298
204000021,2066,762,1304
204000022,356,605,-249
204000023,370,1547,-1177
204000031,78,37,41
204000032,658,54,604
204000034,27,468,-441
204000035,0,5,-5
204000036,15,20,-5
204000037,2,15,-13
204000038,0,11,-11
204000039,2,75,-73
204000040,9,48,-39
204000041,7,58,-51
204000042,32,10,22
204000043,34,10,24
204000044,16,9,7
204000045,26,6,20
204000046,13,3,10
204000057,6,110,-104
204000062,6,30,-24
204000068,20,180,-160
204000069,14,164,-150
204000070,42,176,-134
204000080,20,58,-38
204000085,1360,1919,-559
204000086,3012,2412,600
204000087,44,15,29
204000088,4,92,-88
204000090,11,539,-528
204000093,177,35,142
204000096,461,628,-167
204000097,197,18,179
204000099,873,1190,-317
204000100,749,1080,-331
204000105,2191,1673,518
204000110,852,1770,-918
204000111,323,948,-625
204000112,1299,1081,218
204000113,491,1023,-532
204000114,543,542,1
204000115,403,347,56
204000116,2223,486,1737
204000119,1782,1668,114
204000132,266,235,31
204000133,472,301,171
204000134,317,140,177
204000135,277,114,163
204000136,196,260,-64
204000138,188,382,-194
204000140,106,76,30
204000141,71,47,24
204000144,1,23,-22
204000145,541,32,509
204000146,22,572,-550
204000147,18,220,-202
204000148,467,25,442
204000154,3,1,2
204000155,2,14,-12
204000177,132,52,80
204000179,10,6,4
204000180,0,55,-55
204000222,6,31,-25
204000235,20,17,3
204000236,93,404,-311
204000238,36,17,19
204000240,380,73,307
204000263,304,1110,-806
204000268,1039,398,641
204000308,246,15,231
204000317,13,84,-71
204000322,5,37,-32
204000323,23,9,14
204000328,190,60,130
204000329,66,96,-30
204000330,178,31,147
204000331,22,164,-142
204010341,12,323,-311
205000001,1406,1530,-124
205000013,17,112,-95
205000014,19,147,-128
205000015,27,295,-268
205000016,41,278,-237
205000017,45,112,-67
205000022,346,666,-320
205000025,1492,1111,381
205000029,184,3,181
205000045,59,179,-120
205000046,101,588,-487
205000047,92,628,-536
205000048,148,1195,-1047
205000049,112,813,-701
205000050,1257,353,904
205000059,1,361,-360
205000060,0,40,-40
205000061,4,27,-23
205000062,2,50,-48
205000063,11,109,-98
205000064,8,151,-143
205000065,52,975,-923
205000066,116,934,-818
205000067,44,1234,-1190
205000069,186,16,170
205000082,167,167,0
205000110,75,222,-147
205000111,161,282,-121
205000112,121,168,-47
205000113,256,307,-51
205000121,214,36,178
205000123,84,234,-150
205000126,371,86,285
205000127,450,166,284
205000128,444,57,387
205000129,350,103,247
205000130,200,22,178
205000131,294,4,290
205000132,278,1,277
205000133,117,0,117
205000134,117,1,116
205000137,166,158,8
205000138,310,384,-74
205000139,32,102,-70
205000144,95,56,39
205000145,581,170,411
205000151,124,22,102
205000152,91,23,68
205000153,121,34,87
205000154,81,56,25
205000155,78,16,62
205000207,5,198,-193
205000233,11,0,11
205000234,0,2,-2
205000243,0,1,-1
205000244,0,8,-8
205000245,25,380,-355
205000249,1,51,-50
205000250,0,0,0
205000264,5,139,-134
206000027,13,0,13
206000028,12,4,8
206000043,16,156,-140
206000053,2,27,-25
206000054,5,30,-25
206000055,9,48,-39
206000075,8,4,4
206000076,12,2,10
206000077,25,3,22
206000078,6,5,1
206000079,14,2,12
206000082,478,18,460
206000100,85,973,-888
206000103,2,20,-18
206000104,16,38,-22
206000105,18,33,-15
206000106,6,31,-25
206000108,648,33,615
206000125,63,0,63
206000157,111,947,-836
206000170,0,343,-343
206000171,2,315,-313
206000172,16,1325,-1309
206000173,1,414,-413
206000174,7,164,-157
206000175,3,280,-277
206000176,16,532,-516
206000177,3,323,-320
206000178,1,254,-253
206000179,8,194,-186
206000180,17,354,-337
206000181,12,473,-461
206000182,20,453,-433
206000183,21,1411,-1390
206000184,3,614,-611
206000185,5,479,-474
206000186,118,2073,-1955
206000223,5,403,-398
206000226,44,1,43
206000227,22,0,22
206000237,39,609,-570
206000238,56,821,-765
206000239,585,3162,-2577
206000240,2,50,-48
206000241,1,158,-157
206000242,4,750,-746
206000243,18,550,-532
206000244,70,1319,-1249
206000245,294,33,261
206000246,54,6,48
206000247,101,9,92
206000248,236,14,222
206000252,66,15,51
206000258,12,57,-45
206000315,34,3,31
206000317,274,98,176
206000318,169,42,127
206000319,513,52,461
206000320,44,29,15
206000321,74,10,64
206000322,160,13,147
206000323,91,4,87
206000324,79,2,77
206000325,140,13,127
206000326,104,9,95
206000327,110,8,102
206000328,54,7,47
206000329,98,6,92
206000330,18,2,16
206000331,56,3,53
206000332,13,3,10
206000333,188,2,186
206000334,123,2,121
206000335,1,14,-13
206000361,9,310,-301
206000392,4,62,-58
206000405,88,1,87
206000441,19,14,5
206000498,16,2,14
206000515,152,32,120
206000530,67,47,20
206000531,151,88,63
206000532,2535,82,2453
206000535,409,2649,-2240
206000536,23,303,-280
206000537,17,199,-182
206000613,1371,129,1242
207000001,127,401,-274
207000002,55,308,-253
207000003,134,251,-117
207000007,526,245,281
207000008,42,13,29
207000009,76,39,37
207000010,487,716,-229
207000012,234,251,-17
207000015,327,2186,-1859
207000019,187,93,94
207000021,542,242,300
207000022,68,122,-54
207000023,138,79,59
207000024,4,16,-12
207000025,20,55,-35
207000026,120,60,60
207000027,21,94,-73
207000028,47,240,-193
207000029,274,512,-238
207000033,282,233,49
207000034,246,83,163
207000039,228,132,96
207000040,133,139,-6
207000041,49,64,-15
207000042,231,88,143
207000043,217,222,-5
207000051,80,534,-454
207000052,20,246,-226
207000053,401,679,-278
207000054,24,156,-132
207000055,56,185,-129
207000056,269,487,-218
207000057,153,327,-174
207000058,93,479,-386
207000059,45,965,-920
207000060,44,363,-319
207000061,119,171,-52
207000062,120,42,78
207000063,110,137,-27
207000064,418,175,243
207000065,348,249,99
207000066,92,200,-108
207000067,40,140,-100
207000068,120,78,42
207000069,639,411,228
207000082,28,448,-420
207000083,73,560,-487
207000084,131,222,-91
207000085,175,12,163
207000086,89,9,80
207000106,17,42,-25
207000107,44,19,25
207000108,32,3,29
207000109,26,8,18
207000110,46,47,-1
207000111,56,56,0
207000112,133,244,-111
207000114,13,34,-21
207000115,5,110,-105
207000116,14,309,-295
207000117,8,112,-104
207000118,1,153,-152
207000119,15,189,-174
207000123,152,22,130
207000124,83,26,57
207000125,34,39,-5
207000126,76,50,26
207000134,30,339,-309
207000135,30,381,-351
207000148,68,164,-96
207000149,86,57,29
207000152,146,395,-249
207000153,1387,1075,312
207000154,427,166,261
207000159,64,373,-309
207000160,66,790,-724
207000238,0,67,-67
207000242,3,210,-207
207000248,39,27,12
207000249,145,69,76
207000250,862,72,790
207000251,95,68,27
207000252,47,97,-50
207000278,44,79,-35
207000279,8,326,-318
207000280,192,74,118
207000281,70,1683,-1613
207000282,162,57,105
207000283,136,250,-114
207000284,90,89,1
207000285,236,60,176
207000291,7,184,-177
207000304,79,84,-5
207000306,81,504,-423
207000310,54,76,-22
207000353,201,9,192
207000356,5,23,-18
207000357,4,6,-2
207000358,42,15,27
207000415,1,233,-232
207000417,16,5,11
207000418,37,185,-148
207000438,0,1,-1
207000439,1491,294,1197
207000446,160,11,149
207000460,3,5,-2
207000466,183,277,-94
207000467,115,129,-14
207000468,20,608,-588
207000476,2,121,-119
207000477,256,144,112
207000478,0,4,-4
207000523,0,11,-11
207000524,25,10,15
207000527,46,192,-146
207000530,152,10,142
207000531,176,7,169
207000532,72,18,54
207000534,811,37,774
207000535,39,222,-183
207000537,29,156,-127
207000540,2,208,-206
207000541,1,328,-327
207000548,2,434,-432
207000549,162,19,143
207000561,104,91,13
207000562,39,242,-203
207000567,209,295,-86
207000568,44,147,-103
207000569,147,1630,-1483
207000584,479,127,352
207000585,77,190,-113
207000616,0,227,-227
207000617,86,0,86
207900008,85,339,-254
208000001,419,663,-244
208000002,450,516,-66
208000003,695,458,237
208000004,1112,723,389
208000005,7,27,-20
208000019,463,1077,-614
208000020,157,455,-298
208000021,125,617,-492
208000022,656,931,-275
208000028,1791,1216,575
208000033,424,802,-378
208000034,1263,1902,-639
208000040,220,208,12
208000041,1586,555,1031
208000042,1181,635,546
208000047,80,431,-351
208000064,3400,1600,1800
208000066,1545,1024,521
208000070,227,515,-288
208000071,297,907,-610
208000072,390,1359,-969
208000080,123,343,-220
208000081,142,165,-23
208000082,188,415,-227
208000083,94,536,-442
208000084,16,20,-4
208000085,853,601,252
208000086,416,893,-477
208000087,402,830,-428
208000089,621,730,-109
208000090,405,1115,-710
208000093,141,135,6
208000094,293,618,-325
208000095,557,431,126
208000104,823,957,-134
208000105,634,1102,-468
208000114,51,255,-204
208000115,495,502,-7
208000116,187,1214,-1027
208000117,63,146,-83
208000118,54,94,-40
208000155,689,1013,-324
208000158,1832,2568,-736
208000186,3923,2035,1888
208000204,330,1031,-701
208000205,755,1576,-821
208000282,3985,1443,2542
209000004,153,247,-94
209000005,34,23,11
209000006,459,123,336
209000007,268,244,24
209000010,623,180,443
209000011,151,244,-93
209000012,198,274,-76
209000013,199,774,-575
209000014,879,2211,-1332
209000025,143,34,109
209000026,475,86,389
209000027,299,1338,-1039
209000028,404,1364,-960
209000029,760,1043,-283
209000030,579,2141,-1562
209000031,4866,3415,1451
209000034,133,134,-1
209000035,94,94,0
209000036,82,96,-14
209000037,114,163,-49
209000038,80,159,-79
209000039,31,126,-95
209000040,306,464,-158
209000041,159,409,-250
209000042,180,384,-204
209000043,805,618,187
209000044,192,599,-407
209000045,1040,514,526
209000046,275,487,-212
209000047,306,196,110
209000048,402,307,95
209000049,108,192,-84
209000050,185,242,-57
209000051,265,408,-143
209000052,98,437,-339
209000062,29,231,-202
209000063,21,212,-191
209000064,20,180,-160
209000065,17,23,-6
209000066,19,23,-4
209000067,25,76,-51
209000080,21,175,-154
209000082,59,42,17
209000091,59,112,-53
209000093,100,32,68
209000094,312,152,160
209000110,44,50,-6
209000111,560,1054,-494
209000112,648,484,164
209000113,1160,424,736
209000114,352,288,64
209000115,85,188,-103
209000116,760,613,147
209000118,28,45,-17
209000119,33,17,16
209000121,181,840,-659
209000135,46,60,-14
209000142,828,849,-21
209000143,80,99,-19
209000144,23,100,-77
209000229,195,186,9
209000240,26,542,-516
209000259,119,97,22
209000260,67,1195,-1128
209000261,8,820,-812
209000262,4,696,-692
209000263,0,129,-129
209000264,0,65,-65
209000265,751,1,750
209000266,98,2,96
209000267,697,11,686
209000268,817,42,775
210000037,51,25,26
210000047,41,31,10
210000048,55,27,28
210000049,58,18,40
210000052,30,165,-135
210000053,20,137,-117
210000054,63,104,-41
210000070,62,2,60
210000071,43,0,43
210000072,6,0,6
210000073,0,44,-44
210000074,0,173,-173
210000075,0,99,-99
210000076,8,190,-182
210000077,81,39,42
210000078,57,33,24
210000079,51,12,39
210000080,119,56,63
210000081,159,7,152
210000082,63,2,61
210000083,46,0,46
210000084,33,0,33
210000085,0,104,-104
210000086,6,172,-166
210000099,44,311,-267
210000100,36,288,-252
210000101,66,276,-210
210000105,31,203,-172
210000159,0,153,-153
210000163,193,249,-56
210000164,359,114,245
210000168,181,19,162
210000187,0,11,-11
210000188,0,43,-43
210000214,72,0,72
210000219,34,62,-28
210000220,57,108,-51
210000232,4,24,-20
210000233,16,44,-28
210000234,39,193,-154
210000235,49,153,-104
210000245,0,37,-37
210000246,36,1,35
210000258,27,150,-123
210000259,351,16,335
210000282,74,245,-171
210000285,0,112,-112
210000286,6,229,-223
210000290,2,5,-3
210000295,45,192,-147
210000296,34,44,-10
210000320,146,212,-66
210000321,47,99,-52
210000338,67,83,-16
210000339,756,880,-124
210000340,191,269,-78
210000341,167,230,-63
210000342,119,216,-97
210000343,154,249,-95
210000344,234,139,95
210000345,193,164,29
210000346,95,131,-36
210000347,237,25,212
210000348,135,17,118
210000349,116,22,94
210000350,90,71,19
210000351,93,124,-31
210000352,57,112,-55
210000353,21,134,-113
210000354,49,166,-117
210000355,54,124,-70
210000356,80,113,-33
210000357,39,66,-27
210000358,508,120,388
210000359,125,71,54
210000360,167,142,25
210000361,132,194,-62
210000362,245,194,51
210000363,1066,144,922
210000364,152,144,8
210000365,92,86,6
210000366,81,66,15
210000367,96,43,53
210000368,180,36,144
210000369,23,58,-35
210000370,75,49,26
210000372,34,31,3
210000373,79,7,72
210000374,47,17,30
210000375,20,97,-77
210000376,48,178,-130
210000404,128,148,-20
210000439,40,71,-31
210000472,91,5,86
210000482,77,63,14
210000564,907,219,688
210000567,0,4,-4
210000568,629,8,621
211000092,7,91,-84
211000094,104,4,100
211000169,153,7,146
211000172,9,269,-260
211000209,1,22,-21
211000226,6,4,2
211000270,3,2,1
211000275,6,42,-36
211000276,25,38,-13
211000279,10,77,-67
211000281,49,77,-28
211507980,0,25,-25
211977296,14,7,7
212000003,111,48,63
212000004,93,20,73
212000005,15,24,-9
212000006,29,90,-61
212000008,101,254,-153
212000009,9,202,-193
212000012,76,89,-13
212000013,11,62,-51
212000014,204,206,-2
212000015,201,287,-86
212000016,456,590,-134
212000027,448,641,-193
212000028,246,503,-257
212000029,136,284,-148
212000030,18,33,-15
212000031,32,65,-33
212000048,60,107,-47
212000049,8,76,-68
212000050,24,5,19
212000051,147,303,-156
212000052,92,510,-418
212000053,290,699,-409
212000054,122,181,-59
212000055,168,329,-161
212000056,15,73,-58
212000057,9,46,-37
212000058,340,59,281
212000070,96,395,-299
212000077,85,750,-665
212000099,248,277,-29
212000108,131,178,-47
212000111,116,192,-76
212000120,123,134,-11
212000138,82,26,56
212000156,2,162,-160
212000158,10,16,-6
212000159,189,43,146
212000160,384,252,132
212000161,32,8,24
212000310,42,20,22
212000311,6,99,-93
212000374,8,15,-7
213000001,30,958,-928
213000005,366,88,278
213000006,1365,153,1212
213000007,74,8,66
213000009,584,186,398
213000010,226,166,60
213000011,240,117,123
213000012,134,562,-428
213000014,29,6,23
213000015,135,5,130
213000016,228,0,228
213000017,17,0,17
213000018,4,281,-277
213000019,1,218,-217
213000020,89,360,-271
213000021,7,121,-114
213000023,310,195,115
213000033,212,809,-597
213000034,467,348,119
213000035,118,141,-23
213000045,70,274,-204
213000046,89,228,-139
213000047,424,736,-312
213000056,43,33,10
213000069,51,1,50
213000073,1,21,-20
213000074,239,618,-379
213000075,620,15,605
213000076,12,0,12
213000085,6,33,-27
213000086,7,277,-270
213000091,77,15,62
213000092,55,13,42
213000099,114,826,-712
213000100,1511,217,1294
213000101,137,150,-13
213000102,164,463,-299
213000103,668,902,-234
213000104,41,586,-545
213000105,2,49,-47
213000106,19,243,-224
213000107,97,785,-688
213000108,9,650,-641
213000109,2,285,-283
213000110,8,76,-68
213000111,15,77,-62
213000112,137,148,-11
213000115,22,11,11
213000116,116,903,-787
213000117,2,1067,-1065
213000118,279,317,-38
213000119,36,1055,-1019
213000120,78,861,-783
213000122,189,1373,-1184
213000123,789,2695,-1906
213000124,90,2415,-2325
213000125,135,16,119
213000126,109,79,30
213000127,226,132,94
213000128,881,612,269
213000129,599,409,190
213000130,373,181,192
213000132,177,109,68
213000133,199,91,108
213000134,520,39,481
213000136,304,13,291
213000137,510,64,446
213000139,343,11,332
213000147,49,1,48
213000148,28,7,21
213000149,22,3,19
213000150,0,87,-87
213000151,0,71,-71
213000152,2,86,-84
213000153,0,48,-48
213000154,16,209,-193
213000155,35,442,-407
213000156,66,712,-646
213000157,521,725,-204
213000158,256,971,-715
213000159,434,662,-228
213000163,347,111,236
213000165,830,146,684
213000171,1,165,-164
213000172,4,461,-457
213000173,8,459,-451
213000174,1,417,-416
213000175,10,339,-329
213000176,36,13,23
213000177,43,4,39
213000178,62,3,59
213000179,130,1,129
213000180,48,1,47
213000184,83,518,-435
213000188,396,69,327
213000189,225,57,168
213000190,760,1039,-279
213000191,160,778,-618
213000192,131,827,-696
213000193,1256,191,1065
213000194,0,23,-23
213000195,15,462,-447
213000196,106,1031,-925
213000197,273,259,14
213000198,55,1,54
213000200,130,1218,-1088
213000201,85,38,47
213000202,21,827,-806
213000203,3285,350,2935
213000204,374,32,342
213000205,205,44,161
213000206,209,39,170
213000207,41,4,37
213000208,79,4,75
213000209,69,4,65
213000210,232,1,231
213000211,5,6,-1
213000212,16,18,-2
213000213,7,44,-37
213000218,196,1220,-1024
213000219,454,24,430
213000220,423,20,403
213000223,186,99,87
213000224,81,31,50
213000225,48,5,43
213000226,20,9,11
213000227,555,168,387
213000228,114,47,67
213000229,961,15,946
213000230,187,35,152
213000232,61,320,-259
213000233,6,23,-17
213000234,2,21,-19
213000293,10,58,-48
213000294,102,10,92
213000295,13,78,-65
213000296,104,15,89
213000297,10,63,-53
213000298,9,106,-97
213000299,57,34,23
213000300,22,4,18
213000303,2,48,-46
213000304,1,3,-2
213000305,2,6,-4
213000306,53,21,32
213000307,304,146,158
213000308,83,331,-248
213000309,119,57,62
213000310,243,127,116
213000311,313,640,-327
213000315,51,163,-112
213000316,82,81,1
213000322,65,182,-117
213000323,51,84,-33
213000324,24,196,-172
213000325,18,181,-163
213000326,22,112,-90
213000327,28,179,-151
213000328,13,135,-122
213000329,51,117,-66
213000340,100,1134,-1034
213000341,191,86,105
213000347,1136,152,984
213000348,31,159,-128
213000349,158,35,123
213000350,244,1762,-1518
213000366,26,371,-345
213000367,91,38,53
213000379,331,314,17
213000386,13,238,-225
213000406,99,447,-348
213000417,850,475,375
213000425,73,71,2
213000426,70,96,-26
213000427,30,457,-427
213000428,25,315,-290
213000429,66,8,58
213000430,93,1525,-1432
213000431,75,6,69
213000432,1,13,-12
213000433,11,191,-180
213000434,43,142,-99
213000435,75,131,-56
213000436,6,83,-77
213000437,5,76,-71
213000438,89,169,-80
213000439,41,7,34
213000440,3,260,-257
213000441,0,1,-1
213000442,0,83,-83
213000443,513,384,129
213000444,14,146,-132
213000445,1,145,-144
213000446,0,8,-8
213000447,2,93,-91
213000448,4,65,-61
213000449,145,1,144
213000450,26,37,-11
213000451,110,113,-3
213000452,8,16,-8
213000453,40,379,-339
213000455,805,22,783
213000456,0,492,-492
213000481,4,0,4
213000484,70,4,66
213000489,709,48,661
213900002,0,77,-77
213900003,177,21,156
213900013,3,224,-221
213900015,0,8,-8
213900016,2,26,-24
213900020,10,349,-339
213900030,3,101,-98
213900032,192,82,110
213900033,44,28,16
213900034,241,149,92
213900035,129,882,-753
213900036,71,378,-307
213900037,34,592,-558
213900038,205,206,-1
213900039,1,177,-176
213900041,0,69,-69
213900042,192,95,97
213900043,101,211,-110
213900244,23,0,23
213900245,0,33,-33
218000003,41,10,31
218000004,23,33,-10
218000005,28,47,-19
218000006,66,29,37
218000007,11,17,-6
218000012,303,158,145
218000013,48,161,-113
218000014,460,450,10
218000019,1052,534,518
218000020,285,412,-127
218000021,35,174,-139
218000022,6,86,-80
218000023,4,67,-63
218000024,0,27,-27
218000025,12,49,-37
218000026,20,82,-62
218000027,6,44,-38
218000028,4,10,-6
218000029,4,5,-1
218000030,40,49,-9
218000031,3,81,-78
218000032,1,57,-56
218000040,1,8,-7
218000046,32,278,-246
218000047,8,326,-318
218000048,82,311,-229
218000049,164,243,-79
218000050,462,487,-25
218000051,84,523,-439
218000052,10,159,-149
218000053,26,15,11
218000054,81,45,36
218000055,10,36,-26
218000056,17,47,-30
218000057,2,41,-39
218000064,10,32,-22
218000065,23,75,-52
218000066,11,59,-48
218000067,24,100,-76
218000068,107,121,-14
218000069,96,198,-102
218000070,88,367,-279
218000071,154,299,-145
218000072,358,282,76
218000078,530,1566,-1036
218000079,41,88,-47
218000080,56,91,-35
218000081,217,425,-208
218000082,14,182,-168
218000083,18,68,-50
218000084,48,293,-245
218000085,114,662,-548
218000086,28,273,-245
218000087,219,341,-122
218000090,9,81,-72
218000091,693,463,230
218000092,45,168,-123
218000093,55,116,-61
218000094,523,900,-377
218000099,362,456,-94
218000100,201,264,-63
218000101,105,250,-145
218000102,177,376,-199
218000103,87,162,-75
218000104,28,49,-21
218000105,29,10,19
218000106,20,8,12
218000107,39,130,-91
218000108,27,74,-47
218000112,90,14,76
218000117,51,84,-33
218000134,625,1118,-493
218000135,24,117,-93
218000136,254,85,169
218000137,135,159,-24
218000138,41,108,-67
218000139,136,400,-264
218000140,182,222,-40
218000141,32,98,-66
218000142,133,372,-239
218000143,91,260,-169
218000144,26,78,-52
218000145,182,482,-300
218000146,48,172,-124
218000151,9,26,-17
218000152,49,84,-35
218000153,3,6,-3
218000154,1,1,0
218000155,12,1,11
218000156,27,28,-1
218000157,18,21,-3
218000158,0,10,-10
218000159,3,7,-4
218000160,0,7,-7
218000161,23,7,16
218000162,18,15,3
218000163,1,6,-5
218000164,25,22,3
218000165,41,49,-8
218000170,1,70,-69
218000171,35,24,11
218000172,11,37,-26
218000173,126,42,84
218000174,10,10,0
218000176,111,27,84
218000177,424,122,302
218000178,97,154,-57
218000179,48,60,-12
218000180,42,16,26
218000181,82,69,13
218000187,2,19,-17
218000188,48,62,-14
218000189,19,93,-74
218000190,13,33,-20
218000191,72,96,-24
218000192,141,659,-518
218000193,391,691,-300
218000194,51,712,-661
218000195,119,100,19
218000196,255,377,-122
218000197,197,561,-364
218000198,4,192,-188
218000199,48,33,15
218000200,120,50,70
218000201,7,7,0
218000202,128,205,-77
218000207,14,88,-74
218000208,42,105,-63
218000211,48,18,30
218000212,4,13,-9
218000213,165,79,86
218000214,6,24,-18
218000215,42,188,-146
218000217,4,130,-126
218000218,395,98,297
218000219,36,21,15
218000220,116,366,-250
218000221,612,197,415
218000222,48,26,22
218000223,26,216,-190
218000224,2,65,-63
218000225,164,20,144
218000226,49,80,-31
218000230,0,8,-8
218000232,49,72,-23
218000239,51,3,48
218000240,18,5,13
218000241,6,1,5
218000242,55,0,55
218000243,68,3,65
218000244,5,2,3
218000245,13,0,13
218000246,0,0,0
218000247,0,0,0
218000248,0,41,-41
218000249,0,4,-4
218000250,1,19,-18
218000251,3,20,-17
218000252,15,15,0
218000253,21,15,6
218000254,0,15,-15
218000255,2,15,-13
218000256,7,56,-49
218000267,903,1262,-359
218000268,22,69,-47
218000269,20,16,4
218000270,18,55,-37
218000271,36,64,-28
218000273,8,3,5
218000274,14,2,12
218000275,13,39,-26
218000276,8,67,-59
218000278,7,42,-35
218000279,16,53,-37
218000280,32,16,16
218000281,51,13,38
218000282,366,187,179
218000284,107,7,100
218000301,55,96,-41
218000302,106,58,48
218000303,66,95,-29
218000316,588,1416,-828
218000317,570,1467,-897
218000318,316,1049,-733
218000319,565,1803,-1238
218000320,594,840,-246
218000338,94,26,68
218000345,94,73,21
218000346,28,161,-133
218000459,87,489,-402
218000490,33,78,-45
218000501,35,37,-2
218000502,48,121,-73
218000503,56,12,44
218000504,81,18,63
218000505,34,157,-123
218000506,27,201,-174
218000508,94,3,91
218000510,170,11,159
218000520,132,167,-35
218000521,5,74,-69
218000522,1,141,-140
218000523,104,1,103
218000524,81,177,-96
218000525,198,21,177
218000526,96,122,-26
218000529,17,327,-310
218000530,4,9,-5
218000531,3,24,-21
218000532,10,44,-34
218000534,56,8,48
218000537,8,51,-43
218000538,135,210,-75
218000540,428,99,329
218000543,68,59,9
218000544,33,120,-87
218000545,22,91,-69
218000546,29,127,-98
218000547,57,109,-52
218000548,118,231,-113
218000549,291,101,190
218000550,200,693,-493
218000551,206,358,-152
218000552,702,40,662
218000553,51,89,-38
218000554,11,28,-17
218000555,11,60,-49
218000556,79,542,-463
218000557,128,110,18
218000558,113,50,63
218000559,0,26,-26
218000560,0,13,-13
218000561,12,0,12
218000562,10,232,-222
218000563,102,26,76
218000564,2,117,-115
218000565,413,28,385
218000566,1169,37,1132
218000567,12,64,-52
218000568,11,1,10
218000569,16,108,-92
218000570,306,1,305
218000571,1,82,-81
218000572,65,3,62
218000573,29,62,-33
218000574,173,93,80
218000575,103,0,103
218000576,1,45,-44
218000577,20,1,19
218000578,0,85,-85
218000579,86,3,83
218000581,0,97,-97
218000582,8,2,6
218000583,18,0,18
218000584,1,28,-27
218000585,19,2,17
218000586,6,45,-39
218000587,0,1,-1
218000588,0,5,-5
218000589,0,1,-1
218000590,0,0,0
218000591,9,3,6
218000592,0,1,-1
218000593,0,0,0
218000594,2,2,0
218000595,0,0,0
218000596,0,0,0
218000597,0,0,0
218000598,0,0,0
218000599,0,0,0
218000600,0,0,0
218000601,0,0,0
218000602,0,2,-2
218000603,0,7,-7
218000604,5,0,5
218000605,0,17,-17
218000606,16,0,16
218000607,11,29,-18
218000608,58,23,35
218000609,1,45,-44
218000610,20,0,20
218000611,5,1,4
218000612,1,25,-24
218000613,9,6,3
218000614,0,51,-51
218000615,42,0,42
218000616,5,185,-180
218000617,4,0,4
218000618,0,16,-16
218000619,25,32,-7
218000620,2,45,-43
218000621,0,2,-2
218000622,0,12,-12
218000623,4,0,4
218000624,2,14,-12
218000625,8,4,4
218000626,2,6,-4
218000628,74,47,27
218000631,13,11,2
218000632,0,67,-67
218000633,44,3,41
218000634,3,15,-12
218000635,5,3,2
218000636,674,1955,-1281
218000637,755,780,-25
218000638,96,61,35
218000639,35,374,-339
218000640,101,43,58
218000641,36,574,-538
218000652,185,184,1
218000653,206,59,147
218000663,1,102,-101
218000675,63,55,8
218000676,4,60,-56
218000677,1,24,-23
218000680,158,603,-445
218000681,201,59,142
218000691,73,529,-456
218000693,59,90,-31
218000703,4,98,-94
218000718,1308,377,931
218000719,1632,55,1577
218000720,5,66,-61
218000721,30,24,6
218000725,5,14,-9
218001214,8,32,-24
218001329,49,88,-39
218001330,106,92,14
218001351,5,20,-15
218001352,9,13,-4
218001353,8,4,4
218001354,6,15,-9
219000001,50,83,-33
219000002,32,96,-64
219000003,46,23,23
219000004,39,29,10
219000017,126,16,110
219000020,78,22,56
219000022,89,4,85
219000023,99,2,97
219000029,1,115,-114
219000034,9,20,-11
219000039,26,82,-56
219000040,34,24,10
219000041,85,44,41
219000051,0,88,-88
219000052,0,36,-36
219000053,1,300,-299
219000054,482,475,7
219000055,45,0,45
219000056,3,0,3
219000057,36,0,36
219000062,7,257,-250
219000063,54,10,44
219000064,3,52,-49
219000110,291,42,249
219000111,119,33,86
219000112,161,60,101
219000113,121,32,89
219000114,325,36,289
219000116,64,21,43
219000117,161,71,90
219000118,88,50,38
219000123,259,95,164
219000124,70,70,0
219000125,7,27,-20
219000126,58,141,-83
219000127,0,0,0
219000128,29,86,-57
219000129,40,130,-90
219000130,1288,719,569
219000131,894,788,106
219000133,38,23,15
219000134,14,16,-2
219000135,27,56,-29
219000136,92,141,-49
219000138,70,19,51
219000139,24,58,-34
219000140,7,0,7
219000141,14,139,-125
219000142,15,98,-83
219000143,17,139,-122
219000145,9,53,-44
219000146,7,91,-84
219000147,7,82,-75
219000148,5,68,-63
219000149,39,280,-241
219000150,6,181,-175
219000151,6,130,-124
219000157,87,164,-77
219000158,130,249,-119
219000161,135,15,120
219000163,1887,369,1518
219000166,64,204,-140
219000167,95,288,-193
219000168,247,54,193
219000174,198,78,120
219000175,41,1,40
219000176,55,2,53
219000177,6,2,4
219000178,10,1,9
219000179,10,9,1
219000180,54,23,31
219000182,82,11,71
219000183,14,47,-33
219000184,37,2,35
219000185,1,117,-116
219000186,17,90,-73
219000187,8,230,-222
219000189,162,114,48
219000190,182,192,-10
219000191,2125,785,1340
219000192,160,110,50
219000193,601,109,492
219000195,0,60,-60
219000196,2,131,-129
219000198,45,181,-136
219000199,86,218,-132
219000200,42,249,-207
219000201,88,291,-203
219000203,22,120,-98
219000204,126,221,-95
219000205,53,259,-206
219000207,182,295,-113
219000209,16,132,-116
219000210,41,160,-119
219000213,6,317,-311
219000239,164,309,-145
219000240,249,432,-183
219000241,159,303,-144
219000242,57,277,-220
219000243,40,370,-330
219000244,6,107,-101
219000245,38,49,-11
219000246,15,15,0
219000247,50,26,24
219000248,478,205,273
219000249,103,59,44
219000250,207,78,129
219000251,458,171,287
219000252,127,78,49
219000253,162,36,126
219000255,44,62,-18
219000256,83,62,21
219000257,49,0,49
219000262,68,301,-233
219000263,39,265,-226
219000267,11,171,-160
219000268,4,11,-7
219000269,3,1,2
219000270,3,0,3
219000271,48,9,39
219000278,1,14,-13
219000279,4,3,1
219000283,0,9,-9
219000295,11,112,-101
219000296,64,753,-689
219000297,25,211,-186
219000298,16,271,-255
219000299,309,41,268
219000300,17,425,-408
219000301,169,392,-223
219000302,27,242,-215
219000307,17,70,-53
219000308,33,36,-3
219000311,127,30,97
219000312,289,32,257
219000313,182,22,160
219000314,87,700,-613
219000315,94,26,68
219000316,219,19,200
219000317,51,12,39
219000320,1,65,-64
219000321,0,26,-26
219000323,12,120,-108
219000325,1,49,-48
219000326,72,151,-79
219000327,43,41,2
219000328,17,47,-30
219000329,246,86,160
219000330,66,29,37
219000331,32,43,-11
219000332,51,76,-25
219000333,12,2,10
219000335,41,1,40
219000337,16,0,16
219000338,42,1,41
219000344,27,72,-45
219000345,71,168,-97
219000346,28,206,-178
219000348,54,198,-144
219000349,19,345,-326
219000350,29,97,-68
219000351,6,1,5
219000352,209,55,154
219000353,118,42,76
219000354,140,207,-67
219000355,91,27,64
219000356,2054,371,1683
219000363,304,25,279
219000364,91,24,67
219000365,82,7,75
219000366,231,114,117
219000368,360,322,38
219000370,1147,176,971
219000371,8,10,-2
219000382,6,15,-9
219000383,775,708,67
219000385,687,470,217
219000386,1249,1472,-223
219000387,1,5,-4
219000390,3,1,2
219000391,2,0,2
219000397,81,96,-15
219000398,76,25,51
219000401,4,102,-98
219000402,14,120,-106
219000403,62,207,-145
219000404,10,117,-107
219000407,0,43,-43
219000409,18,31,-13
219000410,37,37,0
219000411,46,12,34
219000446,240,494,-254
219000447,5,12,-7
219000448,5,14,-9
219000452,67,44,23
219000453,73,126,-53
219000454,293,192,101
219000556,109,69,40
219000558,149,371,-222
219000590,20,240,-220
219000591,22,49,-27
219000592,124,425,-301
219000595,1,37,-36
219000635,38,12,26
219000636,16,120,-104
219000657,41,17,24
219000658,27,62,-35
219000673,0,4,-4
219000676,14,6,8
219000679,32,23,9
219000684,42,3,39
219000685,1,128,-127
219000686,2,4,-2
219000688,1,107,-106
219000689,58,188,-130
219000690,237,29,208
219000691,44,124,-80
219000692,188,34,154
219000693,0,41,-41
219000694,11,1,10
219000695,10,5,5
219000698,1,0,1
219000699,0,10,-10
219000727,2,224,-222
219000728,202,5,197
219000770,20,0,20
219000771,0,46,-46
219001150,0,17,-17
219001151,0,5,-5
219001166,5,4,1
219001167,0,65,-65
220000001,13,35,-22
220000002,11,236,-225
220000003,268,265,3
220000004,767,697,70
220000005,1961,1824,137
220000006,131,907,-776
220000007,203,843,-640
220000008,284,1303,-1019
220000009,138,726,-588
220000010,186,154,32
220000011,706,2279,-1573
220000012,238,265,-27
220000014,38,78,-40
220000015,15,156,-141
220000017,58,460,-402
220000018,6645,1271,5374
220000019,68,237,-169
220000020,284,212,72
220000021,386,132,254
220000022,308,520,-212
220000023,198,185,13
220000024,1691,270,1421
220000025,1234,454,780
220000026,101,196,-95
220000027,28,99,-71
220000028,27,45,-18
220000029,62,199,-137
220000030,180,89,91
220000031,180,324,-144
220000064,30,1306,-1276
221000046,8,8,0
221000047,0,2,-2
221000048,0,1,-1
221000049,0,19,-19
221000050,5,0,5
221000055,41,43,-2
221000057,35,12,23
221000068,327,86,241
221000069,358,71,287
221000070,159,24,135
221000071,27,11,16
221000072,162,11,151
221000073,168,79,89
221000074,2,33,-31
221000075,46,16,30
221000076,13,40,-27
221000077,58,78,-20
221000081,24,9,15
221000082,34,6,28
221000083,67,7,60
221000084,5,3,2
221000085,16,66,-50
221000086,17,126,-109
221000087,2,183,-181
221000088,24,200,-176
221000089,35,239,-204
221000090,119,446,-327
221000098,128,13,115
221000099,126,8,118
221000100,59,4,55
221000101,176,9,167
221000102,163,24,139
221000109,4,83,-79
221000110,5,129,-124
221000111,20,161,-141
221000112,7,166,-159
221000113,19,201,-182
221000114,21,174,-153
221000120,21,57,-36
221000121,3,31,-28
221000122,11,24,-13
221000123,1,6,-5
221000124,35,332,-297
221000155,60,6,54
221000156,37,45,-8
221000175,1,3,-2
221000176,6,4,2
221000182,19,3,16
221000241,403,189,214
221000242,213,340,-127
221000243,314,128,186
221000244,215,360,-145
221000245,56,127,-71
221000246,17,207,-190
221000247,19,117,-98
221000248,44,146,-102
221000267,68,966,-898
221000325,112,65,47
221000331,5,117,-112
221000338,3,16,-13
221000378,86,26,60
221000381,57,60,-3
222000282,1,1,0
222000296,5,29,-24
222000568,286,14,272
222000569,102,12,90
222000570,114,8,106
222000571,158,20,138
222000577,9,299,-290
222000578,15,246,-231
222000579,30,139,-109
222000580,147,1221,-1074
222000599,0,165,-165
222000600,2,373,-371
222000601,6,1130,-1124
222000603,34,17,17
222000604,33,40,-7
222000605,8,11,-3
222000606,3,12,-9
222000607,1,3,-2
222000608,9,15,-6
222000609,31,338,-307
222000616,82,37,45
222000617,16,6,10
222000618,2,4,-2
222000620,113,14,99
222000621,84,7,77
222000623,429,7,422
222000624,286,3,283
222000625,289,47,242
222000636,49,1,48
222000686,21,4,17
222000687,46,41,5
222001066,269,0,269
222001067,3,5,-2
222001068,21,60,-39
222001069,15,71,-56
222001082,2,83,-81
222001083,10,127,-117
222001084,0,25,-25
222001085,2,257,-255
222001111,14,254,-240
222001112,25,44,-19
222001313,29,1,28
222001314,10,211,-201
222001464,34,54,-20
222001465,15,146,-131
222001484,92,70,22
222001485,23,74,-51
222001494,141,133,8
222001495,135,528,-393
222001496,119,58,61
222001497,59,853,-794
222001502,31,119,-88
222001503,71,33,38
222001504,18,293,-275
222001505,180,14,166
222001506,51,245,-194
222001507,238,25,213
222001510,191,39,152
222001511,47,605,-558
222001514,632,131,501
222001515,275,823,-548
222001518,116,51,65
222001519,36,523,-487
222001527,172,61,111
222001528,68,254,-186
222001529,126,39,87
222001530,25,325,-300
222001533,126,571,-445
222001534,187,41,146
222001535,53,130,-77
222001536,65,513,-448
222001537,124,26,98
222001538,67,587,-520
222001563,247,87,160
222001564,37,1096,-1059
222001568,448,127,321
222001576,1,0,1
222001579,0,4,-4
222001583,17,324,-307
222001584,54,14,40
222001596,759,2160,-1401
222001597,2383,391,1992
222001626,0,336,-336
222001650,122,77,45
222001651,128,148,-20
222001914,276,73,203
222001915,68,332,-264
222900004,583,237,346
222900009,556,1013,-457
222900019,142,266,-124
222900024,7,28,-21
222900025,0,61,-61
225000001,238,80,158
225000002,283,90,193
225000003,169,82,87
225000004,127,238,-111
225000005,36,51,-15
225000006,1,157,-156
225000007,3525,1218,2307
225000010,160,6,154
225000011,540,710,-170
225000012,102,388,-286
225000013,82,187,-105
225000014,566,68,498
225000015,97,255,-158
225000021,731,119,612
225000027,247,482,-235
225000032,514,130,384
225000042,80,773,-693
225000049,12,81,-69
225000050,27,10,17
225000053,6,241,-235
225000058,312,121,191
225000067,167,249,-82
225000068,97,636,-539
225000069,156,645,-489
225000070,75,614,-539
225000071,14,353,-339
225000075,22,853,-831
225000076,48,137,-89
225000078,60,27,33
225000085,21,60,-39
225000086,81,30,51
225000087,125,24,101
225000088,8,159,-151
225000089,444,663,-219
225000090,25,313,-288
225000091,69,311,-242
225000092,33,113,-80
225000093,142,437,-295
225000094,14,549,-535
225000095,281,692,-411
225000096,146,462,-316
225000098,298,86,212
225000099,155,90,65
225000100,114,83,31
225000104,47,379,-332
225000110,16,463,-447
225000111,170,1333,-1163
225000112,280,1174,-894
225000113,121,722,-601
225000114,45,360,-315
225000115,2784,725,2059
225000116,968,76,892
225000117,910,264,646
225000118,672,197,475
225000119,102,86,16
225000120,662,46,616
225000121,206,19,187
225000123,1048,15,1033
225000125,203,285,-82
225000126,853,166,687
225000127,992,396,596
225000128,266,327,-61
225000132,229,24,205
225000133,250,20,230
225000134,492,83,409
225000135,41,16,25
225000136,76,17,59
225000137,87,29,58
225000138,216,26,190
225000143,105,171,-66
225000144,2,346,-344
225000145,20,37,-17
225000146,35,122,-87
225000147,8,418,-410
225000148,4,340,-336
225000149,69,576,-507
225000151,28,310,-282
225000155,218,378,-160
225000156,145,732,-587
225000157,155,431,-276
225000158,47,418,-371
225000171,2,221,-219
225000180,27,29,-2
225000181,0,53,-53
225000182,19,4,15
225000185,10,286,-276
225000187,51,413,-362
225000191,100,0,100
225000194,0,6,-6
225000208,2,53,-51
225000209,23,29,-6
225000210,2,201,-199
225000217,0,7,-7
225000218,2,2,0
225000223,0,34,-34
225000224,38,1,37
225000225,0,14,-14
225000226,32,0,32
225000227,38,89,-51
225000228,12,2,10
225000229,1,93,-92
225000230,3,3,0
225000231,0,105,-105
225000232,67,0,67
225000241,28,1,27
225000242,1,30,-29
225000249,1,0,1
225000250,47,1178,-1131
225000251,288,29,259
225000254,0,1,-1
225000256,3,6,-3
225000257,1,9,-8
226000042,426,451,-25
226000043,86,336,-250
226000044,166,813,-647
226000045,45,596,-551
226000046,349,47,302
226000047,227,68,159
226000048,318,44,274
226000049,201,106,95
226000070,0,50,-50
226000071,0,59,-59
226000072,0,7,-7
226000073,1,10,-9
226000074,0,13,-13
226000084,1,74,-73
226000085,4,7,-3
226000086,7,4,3
226000087,1,30,-29
226000088,84,14,70
226000090,112,33,79
226000091,3,5,-2
226000092,4,1,3
226000093,66,0,66
226000094,14,5,9
226000095,8,3,5
226000105,10,0,10
226000106,2,0,2
226000107,2,1,1
226000108,30,0,30
226000109,95,74,21
226000124,100,51,49
226000134,314,383,-69
226000135,769,537,232
226000136,203,312,-109
226000137,13,396,-383
226000138,4,273,-269
226000139,0,16,-16
226000156,51,6,45
226000157,91,28,63
226000163,36,28,8
226000202,1,526,-525
226000231,135,14,121
226000232,57,5,52
227000033,341,49,292
227000036,147,24,123
227000037,86,12,74
227000038,98,36,62
227000084,1,42,-41
227000085,0,44,-44
227000088,23,1,22
227000089,123,0,123
227000090,40,1,39
227000091,4,2,2
227000092,14,0,14
227000093,37,0,37
227000094,1,0,1
227000130,37,98,-61
227000131,21,357,-336
227000132,23,296,-273
227000133,12,293,-281
227000134,12,505,-493
227000152,0,0,0
227000153,0,55,-55
227000154,0,36,-36
227000155,0,27,-27
227000156,1,10,-9
227000165,9,28,-19
227000196,124,483,-359
227000199,71,859,-788
227000230,36,544,-508
227000232,130,6,124
227000242,71,614,-543
227000243,377,48,329
227000245,22,442,-420
227000246,107,584,-477
227000247,169,65,104
227000248,52,20,32
227000249,22,264,-242
227000250,268,96,172
227000251,137,247,-110
227000252,19,469,-450
227000253,57,22,35
227000262,347,16,331
227000266,303,14,289
227000267,27,2677,-2650
227000282,10,310,-300
227000284,194,22,172
227000286,3,131,-128
227000291,17,704,-687
227000296,347,267,80
227000484,235,30,205
227000485,23,862,-839
227000655,66,14,52
227000656,565,16,549
227000657,19,14,5
227000704,79,10,69
229000265,2,6,-4
229000266,2,1,1
229000267,5,0,5
229000268,13,0,13
229000269,24,0,24
229000274,1,21,-20
229000275,2,18,-16
229000276,1,27,-26
229000277,0,7,-7
229000278,1,5,-4
229000295,13,32,-19
229000296,53,5,48
229000297,16,37,-21
229000298,9,189,-180
229000320,14,12,2
229000321,55,10,45
229000412,13,112,-99
229000414,18,52,-34
229000415,1,3,-2
229000416,0,2,-2
229000417,0,20,-20
229000419,130,324,-194
229000440,211,95,116
229000442,4,9,-5
229000443,0,3,-3
229000444,4,42,-38
229000445,30,16,14
229000446,77,16,61
229000491,10,44,-34
229000492,15,202,-187
229000493,5,162,-157
229000494,21,4,17
229000495,89,16,73
229000496,27,10,17
229000507,0,35,-35
229000508,0,34,-34
229000509,0,75,-75
229000510,0,30,-30
229000511,1,84,-83
229000512,0,46,-46
229000513,0,10,-10
229000514,0,6,-6
229000517,2,13,-11
229000518,5,43,-38
229000519,3,11,-8
229000520,9,47,-38
229000521,20,18,2
229000522,1,17,-16
229000523,1,9,-8
229000524,2,11,-9
229000527,8,0,8
229000528,0,1,-1
229000529,5,1,4
229000530,79,6,73
229000531,25,7,18
229000532,35,3,32
229000533,146,2,144
229000534,78,2,76
229000564,40,1,39
229000565,7,0,7
229000566,0,40,-40
229000567,0,85,-85
229000582,124,1,123
229000583,3,1,2
229000584,1,59,-58
229000585,1,59,-58
229000718,0,4,-4
229000719,0,5,-5
229000720,0,25,-25
229000721,0,17,-17
229000722,0,35,-35
229000723,0,35,-35
229000724,0,1,-1
229000725,0,3,-3
229000738,1,0,1
229000739,1,0,1
229000740,1,0,1
229000741,8,0,8
229000742,4,0,4
229000743,13,0,13
229000744,2,0,2
229000745,2,0,2
229000746,17,1,16
229000847,8,0,8
229000848,14,0,14
229000849,35,1,34
229000851,9,0,9
229000854,0,69,-69
229000856,2,190,-188
229000857,0,49,-49
229000858,0,129,-129
229000919,2,85,-83
229000930,7,207,-200
229000937,38,19,19
229000966,34,30,4
229000981,19,60,-41
229000985,4,55,-51
229000986,1,4,-3
229000987,0,6,-6
229000988,1,56,-55
229000989,2,11,-9
229000990,0,5,-5
229000991,0,0,0
229000992,5,10,-5
229000993,174,18,156
229000998,18,76,-58
229000999,58,17,41
229001034,3,26,-23
229001035,8,4,4
229001036,5,78,-73
229001037,50,1,49
229001038,0,5,-5
229001039,1,0,1
229001040,0,120,-120
229001041,73,0,73
229001042,9,38,-29
229001047,8,73,-65
229001050,20,7,13
229001168,0,10,-10
229001200,9,3,6
229001338,25,31,-6
229001394,240,1,239
229001422,69,29,40
229001423,26,174,-148
229001431,39,50,-11
229001432,45,75,-30
229001444,90,53,37
229001445,58,232,-174
229001479,10,9,1
229001503,98,84,14
229001504,81,228,-147
229001505,59,38,21
229001506,37,208,-171
229001509,36,11,25
229001510,5,60,-55
229001545,73,14,59
229001546,7,82,-75
229001553,20,12,8
229001554,14,104,-90
229001630,91,15,76
229001631,29,34,-5
229001635,0,5,-5
229001636,3,3,0
229001658,0,67,-67
229001659,61,9,52
229001660,0,3,-3
229001661,0,21,-21
229001662,14,1,13
229001663,0,25,-25
229002584,190,186,4
229002831,241,157,84
229002841,53,25,28
229002842,65,15,50
229002843,29,55,-26
229002844,26,67,-41
229002845,3,87,-84
229002846,7,14,-7
229002847,16,5,11
229002848,4,11,-7
229002849,2,85,-83
229002850,5,4,1
229002851,18,94,-76
229002852,35,23,12
229002853,37,24,13
229002854,11,50,-39
229002855,0,51,-51
229002856,19,20,-1
229002857,6,68,-62
229002858,5,5,0
229002859,12,27,-15
229002860,45,67,-22
229002861,24,27,-3
229002862,16,64,-48
229002863,4,21,-17
229002864,4,59,-55
229002865,15,6,9
229002866,24,24,0
229002867,10,53,-43
229002868,5,11,-6
229002869,1,167,-166
229002870,9,13,-4
235000066,450,82,368
235000067,149,134,15
235000072,19,40,-21
235000073,83,236,-153
235000074,20,130,-110
235000080,26,92,-66
235000081,78,227,-149
235000082,48,95,-47
235000083,77,141,-64
235000084,25,66,-41
235000085,86,168,-82
235000089,19,52,-33
235000092,6,162,-156
235000093,2,1,1
235000097,5,6,-1
235000098,29,13,16
235000099,31,34,-3
235000116,44,26,18
235000117,1096,18,1078
235000133,23,202,-179
235000134,7,92,-85
235000206,6,2,4
235000207,2,3,-1
235000208,2,0,2
235000209,3,2,1
235000210,2,1,1
235000212,10,19,-9
235000213,2,14,-12
235000220,0,6,-6
235000221,19,14,5
235000238,6,22,-16
235000239,1,3,-2
235000242,172,212,-40
235000245,910,188,722
235000246,20,61,-41
235000284,2,108,-106
235000295,77,7,70
235000305,105,12,93
235000306,37,3,34
235000307,8,0,8
235000308,51,0,51
235000309,16,0,16
235000310,42,0,42
235000311,26,9,17
235000322,0,27,-27
235000323,0,77,-77
235000324,0,21,-21
235000325,1,15,-14
235000326,7,385,-378
235000351,9,72,-63
235000352,20,62,-42
235000353,3,41,-38
235000354,2,55,-53
235000355,3,96,-93
235000356,23,20,3
235000357,5,16,-11
235000358,44,8,36
235000359,4,11,-7
235000360,77,9,68
235000361,15,6,9
235000381,44,308,-264
235000382,85,72,13
235000390,23,1,22
235000391,78,23,55
235000392,79,171,-92
235000393,51,133,-82
235000395,62,26,36
235000396,205,43,162
235000400,214,42,172
235000401,15,221,-206
235000405,80,360,-280
235000406,44,284,-240
235000407,53,156,-103
235000409,200,225,-25
235000410,47,255,-208
235000411,4,107,-103
235000485,0,15,-15
235000486,3,0,3
235000549,39,105,-66
235000550,41,255,-214
235000599,49,116,-67
235000600,4,8,-4
235000601,18,51,-33
235000602,34,199,-165
235000614,0,1,-1
235000648,0,26,-26
235000649,9,4,5
235000685,0,8,-8
235000815,9,16,-7
235000834,0,7,-7
235000855,39,91,-52
235000862,28,254,-226
235000891,0,9,-9
235000892,15,3,12
235000901,43,133,-90
235000907,4,3,1
235001010,27,121,-94
235001029,701,479,222
235001030,364,214,150
235001078,102,92,10
235001079,69,113,-44
235001147,44,31,13
235001166,16,94,-78
235001167,9,87,-78
235001169,41,344,-303
235001188,4,15,-11
235001189,0,2,-2
235001197,27,11,16
235001200,38,21,17
235001208,75,12,63
235001209,19,31,-12
235001210,47,211,-164
235001239,3,43,-40
235001244,0,8,-8
235016267,0,23,-23
241900007,25,0,25
277101746,0,3,-3
277102712,0,0,0
277103813,0,0,0
277103814,0,0,0
277103898,0,4,-4
277104249,0,3,-3
277104250,0,4,-4
277104251,0,9,-9
277104252,0,1,-1
990011530,1,236,-235
990014944,1,698,-697
990015176,31,17,14
990015618,1,103,-102
990016032,0,464,-464
990032570,3,123,-120
990070001,28,1,27
990070103,0,7,-7
990070601,0,68,-68
990070751,219,1,218
990070766,5,1126,-1121
990071180,340,217,123
990071343,17,1,16
990071387,0,6,-6
990071823,280,7,273
990072600,3,757,-754
990072964,1,830,-829
990073285,0,1,-1
990074393,4,1476,-1472
990074870,498,26,472
990075106,332,28,304
990075746,198,23,175
990076437,300,4,296
990076458,6,1490,-1484
997000007,112,2,110
997000041,1,153,-152
997000058,33,1,32
997000062,6,1,5
997000069,0,6,-6
997000070,0,76,-76
997000100,8,1,7
997000141,11,1758,-1747
997000198,1,499,-498
998000475,0,16,-16
998000736,0,404,-404
998000965,0,8,-8
998001031,0,47,-47
998001700,0,23,-23
998001899,0,2,-2
998001900,7,2,5
998003073,1224,20,1204
998101900,0,0,0
998102850,3,128,-125
998501927,515,410,105
998501929,84,3,81
998501930,79,0,79
998501931,73,7,66
998501932,14,0,14
998501933,73,25,48
998501937,8,5,3
998501944,4,2,2
998501950,0,0,0
998501970,68,9,59
998501971,0,79,-79
998501973,0,122,-122
998501974,2,310,-308
998501975,103,19,84
998501976,15,1,14
998501977,5,18,-13
998501978,29,0,29
998501979,0,21,-21
998501980,175,1,174
998501981,15,1,14
998501982,2,138,-136
998502006,0,1,-1
998502024,0,1,-1
998502032,0,1,-1
998502062,14,0,14
998502063,0,0,0
998502173,17,0,17
998502269,0,1,-1
998601159,1,325,-324
998601292,1,29,-28
999033574,1,311,-310
999800001,42,3,39
999800002,0,2,-2
999800003,1,4,-3
999800004,0,8,-8
999800005,0,13,-13
