ID,insum,outsum,diff
100000001,371,269,102
100000002,840,267,573
100000003,4725,1011,3714
100000004,687,197,490
100000005,706,1047,-341
100000006,100,45,55
100000007,167,130,37
100000008,66,381,-315
100000009,52,63,-11
100000010,3,19,-16
100000011,75,28,47
100000012,22,566,-544
100000013,2,98,-96
100000014,118,276,-158
100000015,186,283,-97
100000016,382,964,-582
100000017,273,809,-536
100000018,426,321,105
100000019,2672,901,1771
100000020,638,1279,-641
100000021,5207,1250,3957
100000022,486,410,76
100000023,3766,537,3229
100000025,1817,282,1535
100000028,792,509,283
100000029,129,111,18
100000030,427,21,406
100000031,2046,2009,37
100000032,1398,1856,-458
100000033,250,1106,-856
100000034,651,256,395
100000035,578,338,240
100000036,1088,525,563
100000037,134,206,-72
100000038,384,323,61
100000039,296,80,216
100000040,181,62,119
100000041,168,145,23
100000042,95,149,-54
100000043,118,99,19
100000044,165,466,-301
100000045,163,1015,-852
100000046,245,967,-722
100000047,260,745,-485
100000048,756,714,42
100000049,1041,2150,-1109
100000051,165,1085,-920
100000053,7,9,-2
100000054,35,8,27
100000055,151,267,-116
100000056,101,288,-187
100000057,513,311,202
100000058,484,1251,-767
100000059,1,119,-118
100000060,98,222,-124
100000061,434,248,186
100000062,226,224,2
100000063,143,137,6
100000064,240,272,-32
100000065,161,1419,-1258
100000066,112,841,-729
100000067,97,629,-532
100000068,263,1055,-792
100000069,139,1101,-962
100000072,210,1249,-1039
100000073,584,1073,-489
100000075,214,213,1
100000076,656,922,-266
100000077,385,32,353
100000078,92,15,77
100000079,25,14,11
100000080,4,5,-1
100000081,8,8,0
100000102,694,541,153
100000103,1439,449,990
100000104,2168,638,1530
100000105,2175,304,1871
100000106,923,640,283
100000107,146,160,-14
100000108,458,1008,-550
100000109,2263,764,1499
100000116,762,273,489
100000117,17,7,10
100000118,824,609,215
100000119,327,532,-205
100000121,108,441,-333
100000122,340,445,-105
100000123,2711,2492,219
100000124,7184,2790,4394
100000125,1903,287,1616
100000126,287,114,173
100000127,833,183,650
100000128,756,594,162
100000129,286,318,-32
100000130,173,400,-227
100000131,4329,1844,2485
100000132,1615,688,927
100000133,8777,2167,6610
100000135,154,328,-174
100000139,76,420,-344
100000140,187,183,4
100000142,85,160,-75
100000143,400,541,-141
100000144,2788,759,2029
100000147,508,956,-448
100000150,15,314,-299
100000151,173,296,-123
100000153,211,116,95
100000154,30,62,-32
100000155,4,8,-4
100000156,26,15,11
100000157,23,131,-108
100000158,22,96,-74
100000159,126,226,-100
100000165,648,493,155
100000169,228,109,119
100000174,900,200,700
100000179,28,400,-372
100000180,1665,1165,500
100000181,48,338,-290
100000188,80,269,-189
100000189,248,166,82
100000190,162,160,2
100000191,301,209,92
100000192,34,23,11
100000193,32,64,-32
100000330,1312,388,924
100000355,32,385,-353
100000362,2851,2326,525
100000363,743,1435,-692
100000364,294,368,-74
100000365,2308,4723,-2415
100000366,3248,2050,1198
100000367,1359,2008,-649
100000368,1062,1360,-298
100000369,222,607,-385
100000370,38,183,-145
100000376,28,66,-38
100000379,724,509,215
100000380,948,804,144
100000384,3175,1175,2000
100000385,2584,1897,687
100000386,4241,1056,3185
100000387,4054,1832,2222
100000388,10483,1672,8811
100000389,8310,1443,6867
100000390,8889,1622,7267
100000391,4820,1484,3336
100000392,1968,583,1385
100000393,666,476,190
100000394,3680,1535,2145
100000395,1536,482,1054
100000396,2637,964,1673
100000397,1317,582,735
100000398,9210,6160,3050
100900002,0,0,0
100900003,34,73,-39
100900004,37,1185,-1148
100900005,11,1,10
100900006,0,1,-1
100900007,18,0,18
100900008,6,571,-565
100900009,5,5,0
100900010,0,0,0
100900011,8,247,-239
100900012,2,289,-287
100900013,226,3,223
100900014,0,0,0
100900015,76,51,25
100900016,1,24,-23
100900017,121,37,84
100900018,0,0,0
100900019,0,0,0
100900020,35,0,35
100900021,761,0,761
100900022,0,0,0
100900023,0,0,0
100900024,8,0,8
100900025,0,0,0
100900026,4,97,-93
100900027,246,1306,-1060
100900028,9,73,-64
100900029,35,8,27
100900030,0,5,-5
100900031,70,14,56
100900032,24,1,23
100900033,111,32,79
100900034,47,0,47
100900035,20,0,20
100900036,0,0,0
100900037,8,210,-202
100900038,1,4,-3
100900039,117,491,-374
100900040,62,968,-906
100900041,42,843,-801
100900042,93,13,80
100900043,0,0,0
100900044,1233,135,1098
100900045,0,2,-2
100900046,507,5,502
100900047,0,0,0
100900048,1,5,-4
100900049,10,121,-111
100900050,0,2,-2
100900051,8,14,-6
100900052,26,4,22
100900053,51,22,29
100900054,0,110,-110
100900055,55,57,-2
100900056,0,9,-9
100900057,165,165,0
100900058,14,20,-6
100900059,6,0,6
100900060,50,9,41
100900061,84,134,-50
100900062,2,35,-33
100900063,32,165,-133
100900064,316,10,306
100900065,10,13,-3
100900066,8,6,2
100900067,0,0,0
100900068,6,91,-85
100900069,16,0,16
100900070,43,2,41
100900071,216,127,89
100900072,0,26,-26
100900073,8,279,-271
100900074,0,3,-3
100900075,2778,134,2644
100900076,22,6,16
100900077,0,0,0
100900078,16,31,-15
100900079,0,21,-21
100900080,0,0,0
100900081,0,16,-16
100900082,5,540,-535
100900083,1,17,-16
100900085,0,30,-30
100900086,14,239,-225
100900088,6,370,-364
100900089,0,15,-15
100900090,66,310,-244
100900091,0,0,0
100900092,27,51,-24
100900093,24,89,-65
100900094,22,446,-424
100900095,0,9,-9
100900096,5,67,-62
100900097,0,0,0
100900098,0,33,-33
100900099,3,352,-349
100900100,2,61,-59
100900101,150,4,146
100900102,2,4,-2
100900103,0,10,-10
100900104,5,120,-115
100900105,2,12,-10
100900106,7,0,7
100900107,1090,225,865
100900108,0,0,0
100900109,1,11,-10
100900110,0,0,0
100900111,30,53,-23
100900112,0,0,0
100900113,0,19,-19
100900114,0,3,-3
100900115,0,0,0
100900116,207,80,127
100900117,77,137,-60
100900118,1,24,-23
100900119,2,13,-11
100900120,0,0,0
100900121,145,64,81
100900122,85,150,-65
100900123,1,12,-11
100900124,0,6,-6
100900125,7,32,-25
100900126,0,48,-48
100900127,0,1,-1
100900128,58,86,-28
100900129,1,19,-18
100900131,25,44,-19
100900133,1,9,-8
100900134,0,2,-2
100900135,0,25,-25
100900137,238,118,120
100900138,62,73,-11
100900139,0,5,-5
100900140,0,777,-777
100900141,0,89,-89
100900142,0,0,0
100900143,594,139,455
100900144,12,1,11
100900145,5,38,-33
100900146,0,4,-4
100900147,0,113,-113
100900148,16,830,-814
100900149,1,9,-8
100900150,0,1,-1
100900151,50,387,-337
100900152,0,0,0
100900153,2,82,-80
100900154,0,2,-2
100900155,0,4,-4
100900156,0,0,0
100900157,0,44,-44
100900158,889,246,643
100900159,0,2,-2
100900160,0,5,-5
100900161,0,0,0
100900162,9,80,-71
100900163,31,128,-97
100900164,2,7,-5
100900165,9,22,-13
100900166,0,0,0
100900167,3,65,-62
100900168,1,27,-26
100900169,140,1430,-1290
100900170,0,0,0
100900171,11,841,-830
100900172,0,2,-2
100900173,3,438,-435
100900174,7,2,5
100900176,549,11,538
100900177,727,77,650
100900178,0,87,-87
100900179,26,12,14
100900180,0,0,0
100900181,0,0,0
100900182,0,0,0
100900184,0,0,0
100900186,478,193,285
100900187,1,114,-113
100900188,46,5,41
100900189,287,45,242
100900191,826,298,528
100900192,68,82,-14
100900195,20,157,-137
100900197,0,0,0
100900198,4,82,-78
100900199,0,0,0
100900200,374,188,186
100900201,20,740,-720
100900202,0,0,0
100900203,0,26,-26
100900204,193,76,117
100900205,57,117,-60
100900206,30,9,21
100900207,48,31,17
100900210,50,792,-742
100900211,62,16,46
100900213,3,10,-7
100900214,792,22,770
100900215,0,4,-4
101000001,2919,1056,1863
101000002,1977,1169,808
101000003,560,874,-314
101000004,7118,2323,4795
101000005,4728,2757,1971
101000006,6044,3864,2180
101000007,1974,1705,269
101000008,1904,1318,586
101000009,1000,1884,-884
101000010,441,1048,-607
101000011,1419,377,1042
101000012,611,243,368
101000013,341,400,-59
101000014,216,201,15
101000015,387,620,-233
101000016,100,223,-123
101000017,199,330,-131
101000018,1885,1733,152
101000020,2336,670,1666
101000021,372,155,217
101000022,539,46,493
101000023,1062,590,472
101000025,73,138,-65
101000026,257,18,239
101000027,953,1092,-139
101000028,178,57,121
101000029,6,204,-198
101000030,485,66,419
101000031,256,69,187
101000032,2296,1159,1137
101000033,1603,807,796
101000034,1232,558,674
101000035,1005,308,697
101000036,732,206,526
101000037,2059,440,1619
101000039,1823,378,1445
101000040,2858,986,1872
101000041,4987,861,4126
101000042,471,163,308
101000043,7070,1135,5935
101000045,559,83,476
101000046,1483,635,848
101000047,589,729,-140
101000048,389,221,168
101000049,524,285,239
101000050,1901,667,1234
101000051,3521,659,2862
101000052,1175,328,847
101000053,442,698,-256
101000054,1298,840,458
101000055,1263,500,763
101000056,78,36,42
101000057,2448,327,2121
101000058,1236,236,1000
101000059,1453,482,971
101000060,1368,122,1246
101000061,372,168,204
101000062,1085,191,894
101000063,129,67,62
101000064,747,244,503
101000065,54,152,-98
101000066,76,28,48
101000067,376,183,193
101000068,156,89,67
101000069,221,66,155
101000070,1580,606,974
101000071,1374,399,975
101000072,1087,1714,-627
101000073,187,92,95
101000074,3700,1054,2646
101000075,6748,2175,4573
101000077,845,613,232
101000078,806,925,-119
101000079,277,1611,-1334
101000080,554,1550,-996
101000081,474,615,-141
101000082,2643,1534,1109
101000083,864,777,87
101000084,912,959,-47
101000085,760,494,266
101000086,920,716,204
101000087,628,747,-119
101000088,413,444,-31
101000089,344,690,-346
101000090,1708,908,800
101000091,159,799,-640
101000092,616,706,-90
101000093,870,513,357
101000094,362,668,-306
101000095,125,584,-459
101000096,122,395,-273
101000097,163,150,13
101000098,257,323,-66
101000099,812,544,268
101000100,696,366,330
101000101,124,233,-109
101000102,364,168,196
101000103,491,375,116
101000104,79,183,-104
101000105,250,52,198
101000106,168,158,10
101000107,49,110,-61
101000108,921,186,735
101000109,50,45,5
101000110,8,479,-471
101000111,67,117,-50
101000113,86,190,-104
101000114,1495,750,745
101000115,25,16,9
101000116,11,58,-47
101000117,20,120,-100
101000119,133,26,107
101000120,124,28,96
101000121,36,2,34
101000122,33,19,14
101000123,21,49,-28
101000124,398,822,-424
101000125,112,211,-99
101000128,497,182,315
101000130,365,191,174
101000131,384,519,-135
101000132,166,1355,-1189
101000135,39,7,32
101000136,189,168,21
101000137,32,149,-117
101000141,1567,604,963
101000147,379,400,-21
101000148,2122,31,2091
101000149,7,7,0
101000150,13,777,-764
101000151,31,59,-28
101000152,203,178,25
101000153,376,405,-29
101000154,56,1736,-1680
101000155,59,88,-29
101000156,10,140,-130
101000157,12,7,5
101000160,6,17,-11
101000163,1,0,1
101000164,313,214,99
101000165,175,118,57
101000166,161,293,-132
101000168,254,177,77
101000252,318,335,-17
101000254,221,16,205
101000258,59,15,44
101000261,181,204,-23
101000262,213,549,-336
101000263,69,397,-328
101000265,22,199,-177
101000266,139,121,18
101000269,92,10,82
101000290,649,903,-254
101000293,3,46,-43
101000294,244,346,-102
101000295,76,351,-275
101000301,348,69,279
101000304,1145,1440,-295
101000305,1313,1020,293
101900001,7,49,-42
101900002,1,11,-10
101900003,28,86,-58
101900004,0,25,-25
101900005,4386,521,3865
101900006,327,2,325
101900007,244,13,231
101900008,40,23,17
101900009,13,39,-26
101900010,488,144,344
101900011,118,84,34
101900012,6,11,-5
101900013,858,33,825
101900017,14,32,-18
101900018,845,36,809
101900019,37,12,25
101900020,247,57,190
101900021,0,15,-15
101900022,23,902,-879
101900023,5,148,-143
102000001,965,2373,-1408
102000002,1327,809,518
102000003,2201,2331,-130
102000004,5243,1227,4016
102000005,833,1427,-594
102000006,1073,632,441
102000007,1291,3017,-1726
102000008,5247,954,4293
102000009,4351,4027,324
102000010,5142,1818,3324
102000011,1393,1439,-46
102000012,1771,1995,-224
102000018,2347,884,1463
102000019,1628,510,1118
102000026,140,135,5
102000029,339,84,255
102000030,56,107,-51
102000031,7,154,-147
102000032,112,271,-159
102000033,61,300,-239
102000034,317,190,127
102000035,616,251,365
102000036,7,76,-69
102000037,118,68,50
102000038,54,73,-19
102000039,7,17,-10
102000040,207,53,154
102000041,34,76,-42
102000042,30,33,-3
102000043,71,138,-67
102000044,53,312,-259
102000045,441,588,-147
102000046,468,225,243
102000047,404,682,-278
102000048,68,287,-219
102000049,330,251,79
102000050,427,715,-288
102000051,188,212,-24
102000052,576,646,-70
102000053,206,409,-203
102000054,137,439,-302
102000055,382,529,-147
102000056,218,517,-299
102000057,597,148,449
102000058,630,978,-348
102000059,479,864,-385
102000060,296,282,14
102000061,488,1879,-1391
102000062,311,633,-322
102000063,659,818,-159
102000064,287,371,-84
102000065,16,74,-58
102000066,681,838,-157
102000067,1817,1616,201
102000068,4628,1416,3212
102000069,12,642,-630
102000070,2306,45,2261
102000071,4300,6844,-2544
102000072,2267,3806,-1539
102000073,165,584,-419
102000074,246,870,-624
102000075,31,201,-170
102000076,50,491,-441
102000077,135,937,-802
102000078,343,1052,-709
102000079,33,235,-202
102000080,158,161,-3
102000081,109,507,-398
102000082,264,239,25
102000083,104,535,-431
102000084,34,197,-163
102000085,1214,944,270
102000086,668,884,-216
102000087,447,1435,-988
102000088,108,184,-76
102000089,253,338,-85
102000090,169,675,-506
102000091,656,261,395
102000092,356,596,-240
102000093,320,387,-67
102000094,352,64,288
102000095,413,835,-422
102000096,763,260,503
102000097,1550,1176,374
102000098,283,715,-432
102000099,799,334,465
102000100,208,293,-85
102000101,479,157,322
102000102,258,391,-133
102000103,800,170,630
102000104,886,294,592
102000105,87,710,-623
102000106,224,910,-686
102000107,185,309,-124
102000108,250,321,-71
102000109,156,435,-279
102000110,148,800,-652
102000111,1,123,-122
102000112,84,60,24
102000113,1,25,-24
102000114,488,137,351
102000115,157,93,64
102000116,44,140,-96
102000117,41,353,-312
102000118,678,600,78
102000119,1468,268,1200
102000120,42,241,-199
102000121,349,316,33
102000122,109,357,-248
102000123,894,510,384
102000124,527,434,93
102000125,379,251,128
102000126,289,407,-118
102000127,485,367,118
102000128,272,671,-399
102000129,335,557,-222
102000130,159,413,-254
102000131,363,321,42
102000132,156,227,-71
102000133,791,2193,-1402
102000134,269,516,-247
102000135,774,344,430
102000136,633,136,497
102000137,777,476,301
102000138,247,286,-39
102000139,35,329,-294
102000140,215,193,22
102000141,157,503,-346
102000142,99,292,-193
102000143,19,392,-373
102000144,25,393,-368
102000145,57,220,-163
102000146,189,182,7
102000147,162,131,31
102000148,62,173,-111
102000149,56,401,-345
102000150,46,155,-109
102000151,40,244,-204
102000152,39,114,-75
102000153,278,113,165
102000154,196,288,-92
102000155,37,146,-109
102000156,151,39,112
102000157,22,85,-63
102000158,142,80,62
102000159,1331,43,1288
102000161,2731,491,2240
102000162,116,63,53
102000163,46,146,-100
102000164,524,183,341
102000165,195,66,129
102000166,8,43,-35
102000167,63,153,-90
102000168,59,70,-11
102000169,45,128,-83
102000170,582,51,531
102000171,47,32,15
102000172,6,59,-53
102000173,129,76,53
102000174,15,84,-69
102000175,52,41,11
102000176,5,6,-1
102000178,77,449,-372
102000179,50,145,-95
102000180,197,515,-318
102000181,82,560,-478
102000182,155,667,-512
102000183,435,761,-326
102000184,390,960,-570
102000185,403,558,-155
102000186,254,1760,-1506
102000187,179,1722,-1543
102000188,115,567,-452
102000189,2742,748,1994
102000190,298,788,-490
102000191,711,168,543
102000192,340,663,-323
102000193,4,121,-117
102000194,17,90,-73
102000195,142,450,-308
102000196,36,446,-410
102000197,99,484,-385
102000198,33,720,-687
102000199,138,393,-255
102000200,93,796,-703
102000201,152,392,-240
102000202,3,79,-76
102000203,69,276,-207
102000204,106,449,-343
102000205,197,313,-116
102000206,180,629,-449
102000207,140,293,-153
102000208,88,407,-319
102000209,10,55,-45
102000210,32,532,-500
102000211,72,477,-405
102000212,30,8,22
102000213,6,340,-334
102000214,51,9,42
102000215,4,520,-516
102000216,3,5,-2
102000217,4,182,-178
102000218,30,9,21
102000219,234,367,-133
102000225,116,52,64
102000226,1720,95,1625
102000227,12,3,9
102000228,0,104,-104
102000229,10,30,-20
102000230,72,296,-224
102000231,87,237,-150
102000232,2,51,-49
102000233,177,407,-230
102000234,22,245,-223
102000236,314,47,267
102000237,152,147,5
102000238,91,133,-42
102000240,320,387,-67
102000241,170,91,79
102000243,3,10,-7
102000245,15,41,-26
102000246,10,10,0
102000247,146,436,-290
102000248,78,238,-160
102000249,54,135,-81
102000250,10,281,-271
102000254,11,287,-276
102000266,38,161,-123
102000271,6,0,6
102000286,300,192,108
102000297,631,329,302
102000301,0,0,0
102000303,0,1,-1
102000305,0,0,0
102000306,0,0,0
102000307,0,7,-7
102000308,0,7,-7
102900001,232,227,5
102900002,85,0,85
102900003,4,253,-249
102900005,76,88,-12
102900006,132,57,75
102900007,86,12,74
102900008,20,16,4
102900009,0,0,0
102900010,81,214,-133
102900011,1612,135,1477
102900012,114,63,51
102900013,0,0,0
102900015,265,67,198
102900016,0,0,0
102900017,0,0,0
102900018,0,0,0
102900019,32,208,-176
102900020,9,13,-4
102900021,0,0,0
102900022,179,53,126
102900023,0,0,0
102900024,10,32,-22
102900025,0,0,0
102900026,194,361,-167
102900027,14,18,-4
102900028,28,118,-90
102900029,26,37,-11
102900030,59,63,-4
102900031,30,60,-30
102900032,3,119,-116
102900033,0,0,0
102900034,58,34,24
102900035,12,449,-437
102900036,48,371,-323
102900037,211,455,-244
102900038,152,280,-128
102900039,7,172,-165
102900040,70,107,-37
102900041,31,97,-66
102900042,52,332,-280
102900043,43,210,-167
102900044,196,1525,-1329
102900045,42,418,-376
102900046,23,266,-243
102900047,28,530,-502
102900048,262,628,-366
102900049,28,236,-208
102900050,90,261,-171
102900051,80,126,-46
102900052,0,0,0
102900053,95,463,-368
102900054,253,322,-69
102900055,0,0,0
102900056,59,273,-214
102900057,0,0,0
102900058,149,19,130
102900059,0,0,0
102900060,71,211,-140
102900061,46,293,-247
102900062,23,1358,-1335
102900063,146,122,24
102900064,31,90,-59
102900065,361,248,113
102900066,79,16,63
102900068,27,41,-14
102900070,60,529,-469
102900072,12,16,-4
102900073,40,5,35
102900074,59,19,40
102900075,0,0,0
102900076,0,0,0
102900077,0,0,0
102900078,0,0,0
102900079,75,2,73
102900080,23,4,19
102900081,37,115,-78
102900082,7,157,-150
102900083,0,0,0
102900084,1,1,0
102900085,0,0,0
102900086,0,0,0
102900087,7,51,-44
102900088,0,28,-28
102900089,144,67,77
102900090,0,495,-495
102900091,19,2,17
102900092,112,686,-574
102900093,102,53,49
102900094,0,20,-20
102900095,3,1,2
102900096,8,4,4
102900097,24,116,-92
103000001,1219,1696,-477
103000002,991,1268,-277
103000003,1942,1690,252
103000004,632,526,106
103000005,1189,1006,183
103000006,233,659,-426
103000007,154,475,-321
103000008,306,840,-534
103000009,279,627,-348
103000010,59,89,-30
103000011,1132,705,427
103000012,591,464,127
103000013,5503,1421,4082
103000014,814,656,158
103000015,1738,715,1023
103000016,192,412,-220
103000017,27,85,-58
103000018,652,238,414
103000019,59,44,15
103000020,656,833,-177
103000021,395,517,-122
103000022,509,935,-426
103000023,185,539,-354
103000024,94,76,18
103000025,38,52,-14
103000026,1355,70,1285
103000027,129,80,49
103000028,691,157,534
103000029,523,100,423
103000030,1976,390,1586
103000031,969,490,479
103000032,940,973,-33
103000033,1438,1170,268
103000034,1301,560,741
103000035,276,467,-191
103000036,332,191,141
103000037,545,334,211
103000038,365,424,-59
103000039,77,322,-245
103000040,112,818,-706
103000041,721,2045,-1324
103000042,278,506,-228
103000043,150,996,-846
103000044,79,131,-52
103000046,139,193,-54
103000047,141,379,-238
103000048,87,104,-17
103000049,58,121,-63
103000050,219,466,-247
103000051,147,295,-148
103000052,469,379,90
103000053,60,220,-160
103000054,944,586,358
103000055,714,889,-175
103000056,287,1240,-953
103000057,304,208,96
103000058,140,639,-499
103000059,193,524,-331
103000060,429,594,-165
103000061,184,419,-235
103000062,382,619,-237
103000063,311,486,-175
103000064,46,223,-177
103000065,5,247,-242
103000066,20,11,9
103000069,40,322,-282
103000070,299,972,-673
103000071,355,167,188
103000072,53,1011,-958
103000073,104,109,-5
103000074,129,40,89
103000075,67,1007,-940
103000076,59,47,12
103000077,10,316,-306
103000078,455,97,358
103000079,1043,236,807
103000080,390,91,299
103000081,244,377,-133
103000082,147,80,67
103000083,34,348,-314
103000084,0,0,0
103000085,3,67,-64
103000086,169,114,55
103000087,58,263,-205
103000088,112,250,-138
103000089,84,154,-70
103000090,687,801,-114
103000091,198,268,-70
103000092,97,140,-43
103000093,176,499,-323
103000094,62,86,-24
103000095,11,337,-326
103000096,263,67,196
103000097,13,514,-501
103000098,417,25,392
103000099,105,403,-298
103000100,37,791,-754
103000101,154,111,43
103000102,52,522,-470
103000103,163,127,36
103000104,5,110,-105
103000105,48,60,-12
103000106,3,85,-82
103000107,178,34,144
103000108,245,405,-160
103000109,205,273,-68
103000110,231,267,-36
103000111,303,293,10
103000112,186,199,-13
103000113,190,422,-232
103000114,228,304,-76
103000115,189,371,-182
103000116,167,421,-254
103000117,89,375,-286
103000118,881,802,79
103000119,1967,555,1412
103000120,24,111,-87
103000121,107,223,-116
103000122,57,100,-43
103000125,5,427,-422
103000126,122,1,121
103000127,1,242,-241
103000128,42,2,40
103000129,2,124,-122
103000130,16,8,8
103000131,162,59,103
103000132,74,72,2
103000133,5,236,-231
103000134,300,245,55
103000135,731,79,652
103000136,375,161,214
103000137,275,268,7
103000138,335,201,134
103000139,8,27,-19
103000140,38,24,14
103000141,9,76,-67
103000142,63,35,28
103000143,4,184,-180
103000144,61,69,-8
103000145,24,27,-3
103000150,25,69,-44
103000152,60,133,-73
103000153,24,116,-92
103000156,3,467,-464
103000157,79,3,76
103000159,55,101,-46
103000162,5,2,3
103000163,3,8,-5
103000164,1,3,-2
103000165,107,380,-273
103000166,11,32,-21
103000167,56,112,-56
103000168,39,145,-106
103000169,34,86,-52
103000170,354,402,-48
103000171,21,66,-45
103000172,147,748,-601
103000173,82,494,-412
103000174,88,237,-149
103000175,62,492,-430
103000176,405,95,310
103000177,495,274,221
103000178,278,154,124
103000179,43,19,24
103000183,6,48,-42
103000185,33,47,-14
103000186,38,105,-67
103000187,106,495,-389
103000188,3,46,-43
103000189,263,795,-532
103000191,242,509,-267
103000292,2084,471,1613
103000293,1089,431,658
103000295,60,53,7
103000296,138,1,137
103000297,126,17,109
103000504,24,6,18
103000505,8,4,4
103000506,3,120,-117
103000507,78,1,77
103000508,26,29,-3
103000509,99,470,-371
103900001,1,198,-197
103900002,1107,69,1038
103900003,993,40,953
103900004,0,4,-4
103900005,5,197,-192
103900006,0,0,0
103900007,0,0,0
103900008,15,9,6
103900009,33,105,-72
103900010,29,153,-124
103900011,24,202,-178
103900012,5,6,-1
103900013,3,68,-65
103900014,11,9,2
103900015,5,12,-7
103900016,96,273,-177
103900017,9,61,-52
103900018,377,68,309
103900019,9,51,-42
103900020,38,112,-74
103900021,8,2,6
103900022,299,313,-14
103900023,20,2,18
103900024,44,650,-606
103900025,3,18,-15
103900026,5,0,5
103900027,77,150,-73
103900028,10,146,-136
103900029,330,110,220
103900030,35,7,28
103900031,3,1,2
103900032,8,5,3
103900033,9,7,2
103900034,2,164,-162
103900035,37,57,-20
103900036,4,7,-3
103900037,3,10,-7
103900038,19,24,-5
103900039,5,341,-336
103900040,4,210,-206
103900041,3,11,-8
103900042,2,380,-378
103900043,15,68,-53
103900044,130,44,86
103900045,42,82,-40
103900047,3,30,-27
103900048,25,6,19
103900049,154,916,-762
103900050,3,45,-42
103900051,1,18,-17
103900052,55,352,-297
103900053,22,971,-949
103900054,22,545,-523
103900055,114,131,-17
103900056,13,24,-11
103900057,5,244,-239
103900058,35,580,-545
103900059,0,3,-3
103900060,2,146,-144
103900061,10,40,-30
103900062,33,31,2
103900063,1,0,1
103900064,8,0,8
103900065,466,174,292
103900066,11,4,7
103900067,12,1,11
103900068,0,0,0
103900069,1,2,-1
103900070,23,201,-178
103900071,6,157,-151
103900072,0,293,-293
103900073,4,5,-1
103900074,11,57,-46
103900075,17,50,-33
103900076,116,536,-420
103900077,71,16,55
103900078,13,84,-71
103900079,30,191,-161
103900080,3,4,-1
103900081,0,0,0
103900082,1,64,-63
103900083,1390,59,1331
103900084,9,97,-88
103900085,44,40,4
103900086,91,186,-95
103900087,21,54,-33
103900088,253,85,168
103900089,25,103,-78
103900090,3,106,-103
103900091,374,110,264
103900092,59,281,-222
103900093,55,311,-256
103900094,8,135,-127
103900095,32,100,-68
103900096,9,263,-254
103900097,1,333,-332
103900098,96,33,63
103900099,8,305,-297
103900100,41,249,-208
103900101,40,528,-488
103900102,0,20,-20
103900104,5,10,-5
103900105,51,80,-29
103900106,0,9,-9
103900107,7,135,-128
103900108,11,355,-344
103900109,4,44,-40
103900110,97,32,65
103900111,9,724,-715
103900112,8,47,-39
103900113,56,82,-26
103900114,318,178,140
103900115,180,34,146
103900116,3407,257,3150
103900117,163,117,46
103900119,11,7,4
103900120,1,38,-37
103900122,11,257,-246
103900123,710,227,483
103900124,10,8,2
103900125,29,66,-37
103900126,50,310,-260
103900127,44,573,-529
103900128,18,187,-169
103900131,6,71,-65
103900133,349,15,334
103900134,0,0,0
103900135,0,4,-4
103900137,0,15,-15
103900138,2,88,-86
103900139,109,365,-256
103900140,0,0,0
103900141,82,38,44
103900142,1,44,-43
103900143,5,0,5
103900144,0,6,-6
103900145,60,269,-209
103900146,93,208,-115
103900147,59,93,-34
103900148,39,136,-97
103900149,23,526,-503
103900150,4661,583,4078
103900151,10,68,-58
103900152,33,644,-611
103900153,6,0,6
103900154,905,218,687
103900155,8,123,-115
103900156,8,113,-105
103900157,0,181,-181
103900158,10,154,-144
103900159,16,37,-21
103900160,17,4,13
103900161,14,82,-68
103900162,23,174,-151
103900163,0,228,-228
103900164,25,15,10
103900167,3,13,-10
103900168,5,80,-75
103900169,1,8,-7
103900170,1,62,-61
103900171,1,44,-43
103900172,10,16,-6
103900173,2,5,-3
103900174,17,28,-11
103900175,27,15,12
103900176,2,18,-16
103900177,3,39,-36
103900178,8,46,-38
103900179,1,157,-156
103900180,4,89,-85
103900181,46,19,27
103900182,32,8,24
103900184,424,11,413
103900185,127,29,98
103900187,30,11,19
103900188,6,3,3
103900189,56,5,51
103900190,1,16,-15
103900191,0,33,-33
103900192,9,34,-25
103900193,104,66,38
103900194,9,211,-202
103900195,1,16,-15
103900196,8,10,-2
103900197,1,18,-17
103900198,4,27,-23
103900199,14,75,-61
103900200,25,82,-57
103900201,36,148,-112
103900202,13,23,-10
103900203,3,5,-2
103900204,0,101,-101
103900207,1,99,-98
103900208,5,1,4
103900209,1,99,-98
103900210,6,27,-21
103900211,98,443,-345
103900212,27,363,-336
103900213,25,122,-97
103900214,5,2,3
103900215,457,186,271
103900216,7,804,-797
103900217,44,24,20
103900218,0,79,-79
103900219,8,133,-125
103900233,48,5,43
103900235,8,10,-2
103900236,18,3,15
103900242,0,2,-2
103900243,0,0,0
103900244,14,167,-153
103900245,9,134,-125
103900246,13,5,8
103900247,18,48,-30
103900248,0,1,-1
103900249,0,1,-1
103900250,3,7,-4
103900251,1,6,-5
103900253,2,8,-6
103900254,3,11,-8
103900255,0,5,-5
103900256,7,3,4
103900257,21,20,1
103900258,1,0,1
103900259,42,1,41
103900261,2,2,0
103900262,4,2,2
103900263,3,4,-1
103900264,5,0,5
103900265,3,1,2
103900266,0,12,-12
103900267,1,27,-26
104000001,1018,1461,-443
104000002,990,1711,-721
104000003,1405,1437,-32
104000004,2484,1722,762
104000005,476,1096,-620
104000006,1538,1934,-396
104000007,2334,2129,205
104000008,204,470,-266
104000009,77,102,-25
104000010,23,93,-70
104000011,548,496,52
104000012,61,474,-413
104000013,18,39,-21
104000014,124,634,-510
104000015,60,59,1
104000016,117,352,-235
104000018,234,71,163
104000019,150,43,107
104000020,60,861,-801
104000021,157,789,-632
104000022,55,213,-158
104000023,227,188,39
104000024,30,145,-115
104000026,18,78,-60
104000027,86,399,-313
104000028,106,153,-47
104000029,170,562,-392
104000030,60,146,-86
104000031,200,123,77
104000032,68,390,-322
104000033,145,173,-28
104000034,107,408,-301
104000035,165,273,-108
104000036,197,482,-285
104000037,104,286,-182
104000038,177,151,26
104000039,94,390,-296
104000040,325,407,-82
104000041,271,205,66
104000042,119,390,-271
104000043,143,250,-107
104000044,118,603,-485
104000045,359,991,-632
104000046,820,1020,-200
104000047,392,921,-529
104000048,852,1418,-566
104000049,125,219,-94
104000050,129,381,-252
104000051,51,602,-551
104000052,395,1054,-659
104000053,336,343,-7
104000054,213,528,-315
104000055,2618,1797,821
104000056,843,84,759
104000057,42,430,-388
104000058,408,636,-228
104000059,128,726,-598
104000060,196,675,-479
104000061,433,804,-371
104000062,34,26,8
104000064,380,137,243
104000065,28,196,-168
104000069,1189,302,887
104000070,35,232,-197
104000071,66,287,-221
104000072,116,24,92
104000075,15,81,-66
104000076,166,39,127
104000082,916,1296,-380
104000083,339,114,225
104000084,91,403,-312
104000085,63,91,-28
104000086,106,345,-239
104000087,224,351,-127
104000090,293,1185,-892
104000092,306,2111,-1805
104000094,347,1611,-1264
104000095,922,1014,-92
104000096,240,355,-115
104000097,439,513,-74
104000098,275,756,-481
104000100,274,387,-113
104000101,508,1190,-682
104000106,130,223,-93
104000107,182,413,-231
104000108,159,485,-326
104000109,109,26,83
104000110,463,546,-83
104000111,3304,720,2584
104000112,1332,338,994
104000116,4,1449,-1445
104000117,12,911,-899
104000118,97,201,-104
104000119,155,158,-3
104000120,14,977,-963
104000121,137,483,-346
104000122,288,559,-271
104000123,524,686,-162
104000124,1379,1488,-109
104000125,4824,1546,3278
104000126,177,348,-171
104000127,1080,2300,-1220
104000128,231,283,-52
104000129,98,2,96
104000130,5,101,-96
104000131,920,555,365
104000132,534,860,-326
104000133,725,565,160
104000134,575,882,-307
104000135,288,524,-236
104000136,576,1053,-477
104000137,1279,107,1172
104000138,1370,199,1171
104000139,8279,1755,6524
104000141,1213,1384,-171
104000142,339,874,-535
104000143,233,743,-510
104000144,19,89,-70
104000145,140,54,86
104000146,383,445,-62
104000147,64,338,-274
104000148,74,53,21
104000149,115,395,-280
104000150,228,151,77
104000151,268,745,-477
104000152,175,998,-823
104000153,59,177,-118
104000154,965,763,202
104000155,98,218,-120
104000157,966,1588,-622
104000158,179,197,-18
104000159,203,226,-23
104000160,1068,807,261
104000161,82,61,21
104000162,20,25,-5
104000165,500,346,154
104000167,100,275,-175
104000168,157,4,153
104000169,0,0,0
104000170,881,154,727
104000248,8,517,-509
104000251,36,279,-243
104000272,4,0,4
104000273,2,0,2
104000274,0,0,0
104000275,4,1,3
104000279,498,356,142
104000290,41,282,-241
104000291,538,563,-25
104000293,291,547,-256
104000294,0,0,0
104000295,225,555,-330
104000296,133,474,-341
104000297,550,1043,-493
104000298,1183,438,745
104000299,299,818,-519
104900001,11,94,-83
104900002,10,16,-6
104900003,10,332,-322
104900004,21,326,-305
104900005,30,80,-50
104900006,21,16,5
104900007,108,142,-34
104900009,31,352,-321
104900010,1,0,1
104900011,0,0,0
104900012,13,0,13
104900013,12,0,12
104900014,2294,107,2187
104900015,17,0,17
104900016,23,248,-225
104900017,2,139,-137
104900018,1,134,-133
104900019,90,235,-145
104900020,7,156,-149
104900021,0,0,0
104900022,6,104,-98
104900023,0,0,0
104900024,4,61,-57
104900025,30,262,-232
104900026,0,0,0
104900027,44,11,33
104900028,13,83,-70
104900029,0,0,0
104900030,74,13,61
104900031,88,124,-36
104900032,12,103,-91
104900033,0,0,0
104900034,47,15,32
104900035,13,18,-5
104900036,24,18,6
104900037,32,168,-136
104900038,256,136,120
104900039,0,0,0
104900040,16,40,-24
104900041,0,0,0
104900042,35,205,-170
104900043,0,0,0
104900044,55,42,13
104900045,0,0,0
104900046,12,57,-45
104900047,28,32,-4
104900048,13,37,-24
104900049,0,0,0
104900050,19,50,-31
104900051,11,7,4
104900052,0,0,0
104900053,38,11,27
104900054,12,16,-4
104900055,0,0,0
104900056,18,2,16
104900057,23,0,23
104900058,64,48,16
104900059,0,0,0
104900060,1,223,-222
104900061,140,424,-284
104900063,0,62,-62
104900064,2,81,-79
104900065,1,61,-60
104900066,1,121,-120
104900067,1,148,-147
104900068,4,141,-137
104900070,42,272,-230
104900071,1,717,-716
104900072,14,162,-148
104900073,3,75,-72
104900074,20,187,-167
104900075,11,27,-16
104900076,54,476,-422
104900077,400,17,383
104900078,34,718,-684
104900079,32,55,-23
104900080,10,379,-369
104900082,1,57,-56
104900085,1,94,-93
104900087,63,1,62
104900089,0,0,0
104900090,97,54,43
104900091,167,591,-424
104900093,91,278,-187
104900097,1868,575,1293
104900098,7,5,2
104900099,100,249,-149
104900100,484,135,349
104900102,13,168,-155
104900103,185,62,123
104900104,1313,374,939
104900106,2,66,-64
104900107,14,255,-241
104900108,2,99,-97
104900109,12,82,-70
104900110,4,23,-19
104900111,41,34,7
104900112,92,726,-634
104900113,161,277,-116
104900114,76,592,-516
104900115,153,349,-196
104900116,36,276,-240
104900118,2,57,-55
104900119,0,20,-20
104900120,0,0,0
104900121,0,0,0
104900122,0,0,0
104900123,0,0,0
104900124,0,0,0
104900125,82,2,80
104900126,15,26,-11
104900127,3,4,-1
104900128,0,3,-3
104900129,1266,220,1046
105000001,1174,1469,-295
105000002,803,1272,-469
105000003,1227,2541,-1314
105000004,222,798,-576
105000005,424,802,-378
105000006,400,697,-297
105000007,387,631,-244
105000008,316,1059,-743
105000009,514,1149,-635
105000010,1956,2156,-200
105000011,981,859,122
105000012,3271,2968,303
105000013,387,431,-44
105000014,673,1079,-406
105000015,4400,2716,1684
105000016,2628,1267,1361
105000017,841,827,14
105000018,598,637,-39
105000019,867,553,314
105000020,87,336,-249
105000021,160,132,28
105000022,43,21,22
105000023,217,121,96
105000028,35,124,-89
105000029,236,495,-259
105000030,2835,3234,-399
105000033,797,1989,-1192
105000034,61,219,-158
105000037,435,549,-114
105000038,629,574,55
105000039,3203,2004,1199
105000040,193,261,-68
105000041,477,1550,-1073
105000042,1296,453,843
105000043,2272,2632,-360
105000044,103,211,-108
105000045,209,1106,-897
105000046,239,236,3
105000047,261,1541,-1280
105000048,112,88,24
105000049,174,757,-583
105000050,60,24,36
105000051,103,417,-314
105000052,99,696,-597
105000053,63,155,-92
105000054,60,768,-708
105000055,178,422,-244
105000056,514,2284,-1770
105000057,540,859,-319
105000058,572,1114,-542
105000059,82,252,-170
105000060,128,522,-394
105000061,53,209,-156
105000062,388,960,-572
105000063,118,604,-486
105000064,190,446,-256
105000065,132,902,-770
105000066,443,1917,-1474
105000067,218,332,-114
105000068,297,680,-383
105000069,1712,272,1440
105000070,515,495,20
105000071,23,108,-85
105000072,119,177,-58
105000073,315,259,56
105000074,477,751,-274
105000075,322,519,-197
105000076,633,963,-330
105000077,1241,623,618
105000078,725,591,134
105000079,1026,1083,-57
105000080,647,717,-70
105000081,597,573,24
105000082,150,320,-170
105000083,392,453,-61
105000084,231,841,-610
105000085,454,500,-46
105000086,282,637,-355
105000087,1987,1354,633
105000088,806,509,297
105000089,3213,2351,862
105000090,870,1105,-235
105000091,1755,1946,-191
105000092,357,1159,-802
105000093,284,217,67
105000094,108,107,1
105000095,62,351,-289
105000096,455,405,50
105000097,558,456,102
105000098,163,284,-121
105000099,351,606,-255
105000100,899,835,64
105000101,1123,1776,-653
105000102,1790,1074,716
105000103,1055,1872,-817
105000104,468,688,-220
105000105,374,1361,-987
105000106,580,1511,-931
105000107,345,537,-192
105000108,442,1146,-704
105000109,650,1542,-892
105000110,192,610,-418
105000111,163,321,-158
105000112,460,547,-87
105000113,110,290,-180
105000114,2655,542,2113
105000115,123,356,-233
105000116,133,180,-47
105000117,287,1086,-799
105000118,67,194,-127
105000119,342,1170,-828
105000120,139,286,-147
105000121,416,924,-508
105000122,106,217,-111
105000123,504,1048,-544
105000124,348,649,-301
105000125,213,1365,-1152
105000126,727,1687,-960
105000127,1118,1530,-412
105000128,260,967,-707
105000129,196,229,-33
105000130,32,267,-235
105000131,281,219,62
105000132,297,173,124
105000133,161,872,-711
105000134,175,252,-77
105000135,199,569,-370
105000136,14,69,-55
105000137,87,190,-103
105000138,39,143,-104
105000139,508,1067,-559
105000140,20,97,-77
105000141,83,462,-379
105000142,13,124,-111
105000143,107,509,-402
105000144,132,517,-385
105000145,171,253,-82
105000146,206,493,-287
105000147,95,67,28
105000148,158,97,61
105000149,205,172,33
105000150,1116,1112,4
105000151,160,239,-79
105000152,26,511,-485
105000153,188,291,-103
105000154,172,751,-579
105000155,63,340,-277
105000156,370,805,-435
105000157,648,1633,-985
105000158,766,638,128
105000159,179,1200,-1021
105000160,565,453,112
105000161,293,1794,-1501
105000162,151,608,-457
105000163,714,951,-237
105000164,146,208,-62
105000165,1046,1341,-295
105000166,5972,142,5830
105000167,2219,705,1514
105000168,20,653,-633
105000169,85,501,-416
105000170,28,699,-671
105000171,773,280,493
105000172,0,0,0
105000173,0,0,0
105000174,1,1,0
105000175,35,142,-107
105000176,36,47,-11
105000177,30,92,-62
105000178,19,184,-165
105000179,74,68,6
105000180,37,88,-51
105000181,23,114,-91
105000182,36,54,-18
105000183,2217,584,1633
105000184,1094,714,380
105000185,362,163,199
105000186,227,1126,-899
105000187,128,80,48
105000188,40,35,5
105000189,74,687,-613
105000190,15,44,-29
105000191,157,491,-334
105000192,28,50,-22
105000193,24,157,-133
105000194,53,46,7
105000195,126,932,-806
105000196,16,32,-16
105000197,81,630,-549
105000198,388,200,188
105000199,86,80,6
105000200,33,263,-230
105000201,27,7,20
105000203,3,219,-216
105000204,32,115,-83
105000205,68,200,-132
105000207,731,175,556
105000208,0,0,0
105000209,60,279,-219
105000212,333,1227,-894
105000213,124,173,-49
105000214,11,138,-127
105000215,8,168,-160
105000216,68,406,-338
105000217,92,395,-303
105000218,177,573,-396
105000221,50,240,-190
105000222,9,21,-12
105000223,33,147,-114
105000226,4,146,-142
105000227,10,95,-85
105000228,71,657,-586
105000229,18,92,-74
105000231,0,0,0
105000233,287,372,-85
105000234,409,993,-584
105000235,95,298,-203
105000237,137,18,119
105000243,12,236,-224
105000248,100,50,50
105000262,95,1788,-1693
105000269,41,110,-69
105000270,74,138,-64
105000271,1,241,-240
105000282,27,45,-18
105000287,218,76,142
105000288,96,222,-126
105000289,375,533,-158
105000290,0,0,0
105000402,4358,1486,2872
105000426,186,315,-129
105000438,322,312,10
105000446,9266,3508,5758
105000447,5985,1797,4188
105000454,61,385,-324
105000455,72,168,-96
105000474,0,0,0
105000477,37,220,-183
105000478,471,604,-133
105000479,34,157,-123
105000480,781,877,-96
105000481,857,1027,-170
105000482,2709,2077,632
105000483,393,697,-304
105000484,1470,1966,-496
105000485,685,976,-291
105000486,1899,1913,-14
105000488,1889,1854,35
105000489,166,454,-288
105000549,1,29,-28
105000550,224,843,-619
105000551,1,54,-53
105000552,2583,1269,1314
105900001,1,435,-434
105900002,1220,126,1094
105900003,1,33,-32
105900004,409,100,309
105900005,3,188,-185
105900006,3,34,-31
105900007,16,4,12
105900008,29,704,-675
105900009,1,9,-8
105900011,81,46,35
105900012,123,146,-23
105900013,1,7,-6
105900014,6,50,-44
105900015,90,257,-167
105900016,65,628,-563
105900017,210,44,166
105900018,109,194,-85
105900019,33,472,-439
105900020,12,30,-18
105900021,12,402,-390
105900022,116,244,-128
105900023,2,108,-106
105900024,3,188,-185
105900025,23,31,-8
105900026,163,49,114
105900027,2539,1805,734
105900028,10,116,-106
105900029,1529,331,1198
105900030,99,253,-154
105900031,206,178,28
105900032,28,117,-89
105900033,12,121,-109
105900034,39,171,-132
105900035,57,116,-59
105900036,14,89,-75
105900037,36,49,-13
105900038,38,179,-141
105900039,13,102,-89
105900040,18,59,-41
105900041,137,286,-149
105900042,22,57,-35
105900043,1157,36,1121
105900044,1,69,-68
105900045,1,386,-385
105900046,0,122,-122
105900047,3,15,-12
105900048,15,348,-333
105900050,622,398,224
105900051,3,823,-820
105900052,58,12,46
105900053,3147,322,2825
105900054,182,169,13
105900056,565,76,489
105900057,2,154,-152
105900058,1,24,-23
105900059,0,6,-6
106000001,1069,466,603
106000002,1313,2477,-1164
106000003,1581,875,706
106000004,1719,1570,149
106000005,1221,1967,-746
106000006,4070,3417,653
106000007,253,250,3
106000008,294,214,80
106000009,164,226,-62
106000010,319,372,-53
106000011,277,569,-292
106000012,451,1293,-842
106000013,773,953,-180
106000014,1217,1413,-196
106000015,447,600,-153
106000016,612,2056,-1444
106000017,386,445,-59
106000018,264,588,-324
106000019,113,322,-209
106000020,80,430,-350
106000021,178,296,-118
106000022,148,324,-176
106000023,190,210,-20
106000024,242,693,-451
106000025,102,111,-9
106000026,87,233,-146
106000027,176,276,-100
106000028,280,779,-499
106000029,502,1398,-896
106000030,653,198,455
106000034,175,395,-220
106000035,161,414,-253
106000036,250,225,25
106000037,740,1107,-367
106000038,151,59,92
106000039,76,31,45
106000040,77,518,-441
106000041,395,219,176
106000043,174,40,134
106000046,145,23,122
106000047,23,251,-228
106000049,90,51,39
106000050,144,771,-627
106000051,132,160,-28
106000052,49,555,-506
106000053,2,2,0
106000054,259,399,-140
106000055,130,285,-155
106000056,205,535,-330
106000057,1,1,0
106000058,96,229,-133
106000059,34,105,-71
106000060,365,541,-176
106000061,38,148,-110
106000062,120,537,-417
106000063,95,160,-65
106000064,23,422,-399
106000065,11,62,-51
106000066,36,399,-363
106000067,15,47,-32
106000068,18,511,-493
106000069,15,66,-51
106000070,96,593,-497
106000071,76,158,-82
106000072,2992,713,2279
106000073,802,785,17
106000074,99,395,-296
106000075,107,495,-388
106000076,434,1015,-581
106000077,1273,648,625
106000078,184,496,-312
106000079,189,780,-591
106000080,304,598,-294
106000081,232,606,-374
106000082,1089,617,472
106000083,147,702,-555
106000084,169,381,-212
106000085,545,623,-78
106000086,163,409,-246
106000087,199,319,-120
106000088,87,567,-480
106000089,157,266,-109
106000090,50,437,-387
106000091,136,364,-228
106000092,127,102,25
106000093,35,17,18
106000094,60,403,-343
106000095,101,920,-819
106000096,165,538,-373
106000097,155,1217,-1062
106000098,127,745,-618
106000099,39,848,-809
106000100,196,197,-1
106000101,180,207,-27
106000102,44,415,-371
106000103,131,527,-396
106000104,261,183,78
106000105,140,805,-665
106000106,121,194,-73
106000107,52,354,-302
106000108,52,230,-178
106000109,31,327,-296
106000110,64,204,-140
106000111,85,529,-444
106000112,62,207,-145
106000113,820,549,271
106000114,316,191,125
106000115,120,405,-285
106000116,93,147,-54
106000117,602,690,-88
106000118,470,548,-78
106000119,2259,837,1422
106000120,462,260,202
106000121,84,104,-20
106000122,19,191,-172
106000123,89,214,-125
106000124,7,278,-271
106000125,9,329,-320
106000126,42,158,-116
106000127,186,736,-550
106000128,84,165,-81
106000129,171,643,-472
106000130,111,164,-53
106000131,38,462,-424
106000132,329,62,267
106000133,3436,585,2851
106000134,183,191,-8
106000135,96,678,-582
106000136,123,104,19
106000137,36,1352,-1316
106000138,123,17,106
106000139,0,0,0
106000140,5,122,-117
106000141,23,115,-92
106000142,0,0,0
106000143,9,131,-122
106000144,0,0,0
106000145,56,410,-354
106000146,1,2,-1
106000147,163,384,-221
106000148,292,468,-176
106000149,165,223,-58
106000150,230,906,-676
106000151,2748,438,2310
106000152,926,457,469
106000153,53,568,-515
106000154,1011,170,841
106000155,12,61,-49
106000156,183,166,17
106000157,293,1637,-1344
106000158,1918,401,1517
106000159,3784,1012,2772
106000160,47,628,-581
106000161,897,537,360
106000162,76,247,-171
106000163,86,535,-449
106000164,63,156,-93
106000165,71,662,-591
106000166,94,192,-98
106000167,108,1307,-1199
106000168,33,161,-128
106000169,44,753,-709
106000170,116,171,-55
106000171,52,774,-722
106000172,810,576,234
106000173,301,2003,-1702
106000174,105,169,-64
106000175,91,884,-793
106000176,276,286,-10
106000177,333,1891,-1558
106000178,1048,673,375
106000179,573,1451,-878
106000180,429,1779,-1350
106000181,116,1539,-1423
106000182,220,589,-369
106000183,179,955,-776
106000184,444,872,-428
106000185,413,634,-221
106000186,390,113,277
106000187,94,444,-350
106000188,0,4,-4
106000189,2,36,-34
106000190,1,0,1
106000191,131,138,-7
106000192,0,33,-33
106000193,132,81,51
106000194,79,190,-111
106000195,199,51,148
106000196,39,208,-169
106000197,114,227,-113
106000198,61,213,-152
106000199,497,289,208
106000200,357,92,265
106000201,273,474,-201
106000202,5950,262,5688
106000203,128,136,-8
106000204,6,3,3
106000205,24,114,-90
106000206,13,5,8
106000207,24,830,-806
106000208,91,15,76
106000209,104,104,0
106000210,112,1401,-1289
106000211,224,1374,-1150
106000212,110,47,63
106000213,343,677,-334
106000214,871,164,707
106000215,86,354,-268
106000216,141,171,-30
106000217,70,295,-225
106000218,150,155,-5
106000219,29,197,-168
106000220,182,130,52
106000221,34,262,-228
106000222,23,74,-51
106000223,14,88,-74
106000224,74,338,-264
106000225,19,29,-10
106000226,79,308,-229
106000228,11,117,-106
106000229,40,574,-534
106000231,131,67,64
106000232,13,326,-313
106000233,53,58,-5
106000234,6,154,-148
106000235,40,25,15
106000236,34,23,11
106000237,0,3,-3
106000238,3,1,2
106000239,1,54,-53
106000240,1,0,1
106000241,18,451,-433
106000242,8,6,2
106000249,0,0,0
106000250,13,279,-266
106000251,9,23,-14
106000252,10,107,-97
106000253,4,70,-66
106000254,15,63,-48
106000255,2,48,-46
106000256,23,108,-85
106000257,32,268,-236
106000258,13,2,11
106000259,2,11,-9
106000260,0,1,-1
106000261,0,47,-47
106000262,11,2,9
106000263,2,34,-32
106000264,55,0,55
106000265,3,98,-95
106000266,46,9,37
106000267,8,69,-61
106000268,129,1,128
106000269,27,55,-28
106000270,65,288,-223
106000271,19,97,-78
106000272,23,51,-28
106000273,3,81,-78
106000274,81,27,54
106000275,48,105,-57
106000276,74,32,42
106000277,69,92,-23
106000278,114,32,82
106000279,1,64,-63
106000280,13,138,-125
106000281,53,69,-16
106000282,24,30,-6
106000283,36,102,-66
106000284,36,69,-33
106000285,60,151,-91
106000286,38,106,-68
106000287,41,99,-58
106000288,27,113,-86
106000289,17,74,-57
106000290,33,111,-78
106000291,15,57,-42
106000292,47,149,-102
106000293,35,55,-20
106000294,47,93,-46
106000295,22,36,-14
106000296,23,80,-57
106000297,81,94,-13
106000298,114,37,77
106000299,63,76,-13
106000300,15,54,-39
106000301,43,62,-19
106000303,9,19,-10
106000304,12,37,-25
106000305,26,19,7
106000306,38,60,-22
106000307,9,3,6
106000308,25,185,-160
106000309,8,75,-67
106000310,96,363,-267
106000311,147,69,78
106000312,23,132,-109
106000313,21,158,-137
106000318,103,124,-21
106000319,85,6,79
106000320,6,24,-18
106000321,152,32,120
106000322,26,170,-144
106000324,5,112,-107
106000325,405,561,-156
106000326,552,1617,-1065
106000327,11,88,-77
106000328,13,76,-63
106000329,39,231,-192
106000330,22,38,-16
106000428,52,160,-108
106000429,47,396,-349
106000430,150,1191,-1041
106000431,278,157,121
106000432,598,1731,-1133
106000433,390,287,103
106000434,865,261,604
106000435,1572,1789,-217
106000436,10,353,-343
106000437,44,9,35
106000438,162,46,116
106000439,76,336,-260
106000440,106,337,-231
106000441,0,0,0
106000442,11,7,4
106000443,37,543,-506
106000450,1,146,-145
106000451,8,1,7
106000454,1,15,-14
106000455,4,109,-105
106000456,25,4,21
106000457,4,1064,-1060
106000458,63,42,21
106000459,25,405,-380
106000460,116,5,111
106000461,18,1922,-1904
106000462,0,6,-6
106000463,1,3,-2
106000464,7,493,-486
106000465,35,0,35
106000466,2,655,-653
106000467,353,346,7
106000468,13,152,-139
106000469,45,2,43
106000470,125,600,-475
106000471,1,483,-482
106000472,12,1,11
106000473,10,20,-10
106000474,145,650,-505
106000475,87,89,-2
106000476,172,125,47
106000477,9,32,-23
106900001,0,2,-2
106900002,2,482,-480
106900003,103,442,-339
106900004,0,30,-30
106900006,0,11,-11
106900007,0,4,-4
106900008,33,161,-128
106900009,38,234,-196
106900010,32,191,-159
106900012,757,386,371
106900013,57,3,54
106900014,3,0,3
106900015,6,2,4
106900016,10,0,10
106900017,2,0,2
106900018,0,0,0
106900019,2,6,-4
106900020,1866,272,1594
106900021,2,21,-19
106900022,20,1,19
106900023,4,172,-168
106900024,113,1,112
106900025,39,485,-446
106900026,3,822,-819
106900027,55,0,55
107000001,474,814,-340
107000002,1715,2962,-1247
107000003,1572,2733,-1161
107000004,4145,5041,-896
107000005,710,1411,-701
107000006,2091,5943,-3852
107000007,2405,2175,230
107000008,16625,10321,6304
107000009,2215,2234,-19
107000010,8207,10486,-2279
107000011,736,1105,-369
107000012,2544,2816,-272
107000013,22,171,-149
107000014,24,235,-211
107000015,149,728,-579
107000016,151,1086,-935
107000017,3953,753,3200
107000018,3,292,-289
107000020,1338,270,1068
107000021,1450,1035,415
107000022,685,1815,-1130
107000023,1705,409,1296
107000024,363,2364,-2001
107000025,94,284,-190
107000026,47,721,-674
107000027,560,700,-140
107000028,679,1123,-444
107000029,582,898,-316
107000030,2172,2404,-232
107000031,648,1116,-468
107000032,79,239,-160
107000033,3247,5314,-2067
107000034,5594,1745,3849
107000035,149,94,55
107000036,281,685,-404
107000037,45,329,-284
107000038,181,201,-20
107000039,288,336,-48
107000040,70,292,-222
107000041,709,383,326
107000042,299,1111,-812
107000043,1910,450,1460
107000044,469,417,52
107000045,34,244,-210
107000046,262,188,74
107000047,205,642,-437
107000048,214,259,-45
107000049,118,534,-416
107000050,316,336,-20
107000051,399,240,159
107000052,503,326,177
107000053,85,58,27
107000054,52,204,-152
107000055,12,24,-12
107000056,327,633,-306
107000057,1065,169,896
107000058,435,541,-106
107000059,1142,2239,-1097
107000060,1183,2336,-1153
107000061,3585,3490,95
107000062,875,1236,-361
107000063,2006,4956,-2950
107000064,860,995,-135
107000065,2133,5158,-3025
107000066,1033,958,75
107000067,353,567,-214
107000068,974,305,669
107000069,200,198,2
107000070,22,0,22
107000071,253,5,248
107000072,23,3147,-3124
107000073,80,59,21
107000074,90,801,-711
107000075,286,21,265
107000076,535,1585,-1050
107000077,485,72,413
107000078,680,2813,-2133
107000079,431,159,272
107000080,599,2841,-2242
107000081,242,169,73
107000082,178,2615,-2437
107000083,181,94,87
107000084,226,2537,-2311
107000085,1342,1896,-554
107000086,2202,1900,302
107000087,1302,1302,0
107000088,1272,2245,-973
107000089,678,926,-248
107000090,581,643,-62
107000091,364,612,-248
107000092,303,833,-530
107000093,331,531,-200
107000094,373,894,-521
107000095,113,65,48
107000096,290,802,-512
107000097,70,59,11
107000098,242,304,-62
107000099,152,131,21
107000100,219,227,-8
107000101,12,39,-27
107000102,256,216,40
107000103,93,54,39
107000104,173,233,-60
107000105,107,56,51
107000106,93,221,-128
107000107,99,60,39
107000108,61,689,-628
107000109,0,0,0
107000110,21,484,-463
107000111,0,0,0
107000112,7,354,-347
107000113,0,0,0
107000114,25,606,-581
107000115,2,0,2
107000116,33,931,-898
107000117,2,0,2
107000118,53,248,-195
107000119,1011,235,776
107000120,1821,362,1459
107000121,118,328,-210
107000122,353,666,-313
107000123,72,405,-333
107000124,261,778,-517
107000125,146,431,-285
107000126,355,1092,-737
107000127,9,281,-272
107000129,42,128,-86
107000130,17,91,-74
107000131,177,339,-162
107000132,76,196,-120
107000133,78,131,-53
107000134,48,1,47
107000135,2,205,-203
107000136,107,1,106
107000137,4,300,-296
107000138,84,3,81
107000139,7,343,-336
107000140,230,9,221
107000141,81,723,-642
107000142,103,10,93
107000143,16,878,-862
107000144,144,76,68
107000145,54,477,-423
107000146,92,47,45
107000147,2325,556,1769
107000150,650,1286,-636
107000151,17,40,-23
107000152,182,255,-73
107000153,190,219,-29
107000154,30,40,-10
107000155,303,19,284
107000156,671,22,649
107000157,21,2813,-2792
107000158,118,9,109
107000159,8,1212,-1204
107000160,157,53,104
107000161,41,1827,-1786
107000162,40,165,-125
107000163,6,0,6
107000164,58,0,58
107000165,106,0,106
107000166,32,1143,-1111
107000167,192,167,25
107000168,309,119,190
107000169,530,941,-411
107000170,363,254,109
107000171,284,3119,-2835
107000172,200,284,-84
107000173,319,1213,-894
107000174,515,1587,-1072
107000175,10156,1358,8798
107000176,0,0,0
107000177,0,0,0
107000178,3,19,-16
107000179,125,2888,-2763
107000180,285,223,62
107000181,91,1159,-1068
107000182,304,518,-214
107000183,73,918,-845
107000184,167,500,-333
107000185,125,1211,-1086
107000186,130,172,-42
107000187,548,815,-267
107000188,247,237,10
107000189,138,522,-384
107000190,187,529,-342
107000191,203,428,-225
107000192,511,811,-300
107000193,153,251,-98
107000194,422,632,-210
107000197,135,83,52
107000198,91,706,-615
107000199,491,677,-186
107000200,774,327,447
107000201,195,209,-14
107000202,154,310,-156
107000203,643,386,257
107000204,733,379,354
107000205,2620,1007,1613
107000206,382,242,140
107000207,650,692,-42
107000208,1427,194,1233
107000209,1398,273,1125
107000210,1258,183,1075
107000211,3,5,-2
107000212,10,231,-221
107000213,22,7,15
107000214,7,146,-139
107000215,161,391,-230
107000216,69,518,-449
107000217,14,104,-90
107000219,22,104,-82
107000220,49,324,-275
107000222,111,637,-526
107000224,120,21,99
107000225,90,906,-816
107000226,92,65,27
107000227,87,561,-474
107000228,89,101,-12
107000229,106,123,-17
107000230,857,313,544
107000231,181,179,2
107000232,45,35,10
107000233,158,148,10
107000234,0,7,-7
107000235,1,0,1
107000236,12,726,-714
107000237,0,0,0
107000238,0,2,-2
107000239,5427,286,5141
107000240,18,1128,-1110
107000241,61,8,53
107000242,496,52,444
107000243,1,38,-37
107000244,4,64,-60
107000246,2,1091,-1089
107000249,3,713,-710
107000251,0,269,-269
107000252,9,1453,-1444
107000255,592,73,519
107000257,4,600,-596
107000258,0,184,-184
107000259,2,283,-281
107000260,53,9,44
107000262,6,866,-860
107000263,43,5,38
107000266,3,2,1
107000267,32,156,-124
107000268,97,174,-77
107000269,61,18,43
107000270,2,16,-14
107000271,4,1115,-1111
107000272,6,287,-281
107000273,3,217,-214
107000274,1145,182,963
107000275,80,723,-643
107000280,119,11,108
107000281,15,1025,-1010
107000282,23,1767,-1744
107000290,0,67,-67
107000291,3,17,-14
107000292,2,91,-89
107000293,102,1,101
107000294,0,38,-38
107000295,52,1,51
107000296,0,2,-2
107000444,147,12,135
107000496,0,7,-7
107000497,670,3178,-2508
107000500,196,219,-23
107000501,34,98,-64
107000502,58,237,-179
107000505,389,546,-157
107000506,0,16,-16
107000508,3,688,-685
107000509,108,147,-39
107000510,13,6,7
107000514,5,237,-232
107000515,15,275,-260
107000516,36,93,-57
107000518,100,81,19
107000519,2671,997,1674
107000520,8,7,1
107900001,38,334,-296
107900002,31,2,29
107900003,71,3,68
107900004,20,0,20
107900005,182,0,182
107900006,6,0,6
107900007,52,17,35
107900008,47,33,14
107900009,55,4,51
107900010,1,0,1
107900012,104,1,103
107900013,85,75,10
107900014,3,6,-3
107900015,144,2,142
107900016,259,98,161
107900017,3,0,3
107900018,19,14,5
107900019,8,69,-61
107900020,72,13,59
107900021,6,109,-103
107900023,1,0,1
107900024,0,12,-12
107900025,133,313,-180
107900026,12,123,-111
107900027,10,72,-62
107900028,2,127,-125
107900030,60,1,59
107900031,21,226,-205
107900032,0,2,-2
107900033,10,1,9
107900034,62,2,60
107900035,198,6,192
107900036,27,1,26
107900037,0,12,-12
107900038,102,49,53
107900039,3,61,-58
107900040,1,39,-38
107900041,3,0,3
107900043,19,94,-75
107900044,0,3,-3
107900045,12,7,5
107900046,46,13,33
107900047,2,29,-27
107900048,42,1,41
107900049,139,455,-316
107900050,39,289,-250
107900051,20,77,-57
107900052,1,3,-2
107900053,20,74,-54
107900055,129,68,61
107900056,24,3,21
107900057,0,0,0
107900058,20,710,-690
107900060,1,31,-30
107900061,1,3,-2
107900063,34,51,-17
107900064,144,7,137
107900065,31,4,27
107900066,2,16,-14
107900067,0,0,0
107900068,89,110,-21
107900069,13,139,-126
107900070,21,8,13
107900071,4,968,-964
107900072,8,211,-203
107900073,4,84,-80
107900074,722,52,670
107900076,21,85,-64
107900077,9,4,5
107900078,87,3,84
107900079,3,7,-4
107900080,129,113,16
107900081,1,11,-10
107900082,12,12,0
107900083,103,62,41
107900084,10,72,-62
107900086,7,49,-42
107900087,259,45,214
107900088,12,2,10
107900089,260,652,-392
107900090,172,222,-50
107900091,51,383,-332
107900092,2051,446,1605
107900093,13,18,-5
107900095,2180,735,1445
107900097,12,36,-24
107900098,27,67,-40
107900100,587,190,397
107900101,733,61,672
107900102,2,1,1
107900103,43,130,-87
107900104,20,2,18
107900105,0,453,-453
107900106,2,1493,-1491
107900107,1376,66,1310
107900108,186,21,165
107900109,98,0,98
107900110,1,84,-83
107900111,7,1325,-1318
107900112,63,155,-92
107900113,16,46,-30
107900114,22,201,-179
107900115,18,49,-31
107900116,13,239,-226
107900117,127,274,-147
107900118,24,134,-110
107900119,32,50,-18
107900120,10,7,3
107900121,0,86,-86
107900122,1,32,-31
107900123,0,18,-18
107900124,9,56,-47
107900125,6,150,-144
107900126,0,18,-18
107900127,463,34,429
107900128,53,17,36
107900129,5,29,-24
107900130,3,11,-8
107900131,39,16,23
107900132,35,420,-385
107900133,1,41,-40
107900134,14,8,6
107900135,1,185,-184
107900136,44,21,23
107900137,45,66,-21
107900138,7,17,-10
107900139,0,14,-14
107900140,38,87,-49
107900141,13,3,10
107900142,29,898,-869
107900143,33,51,-18
107900144,1,110,-109
107900145,14,66,-52
107900146,14,79,-65
107900147,3,22,-19
107900148,91,144,-53
107900149,1908,43,1865
107900150,39,615,-576
107900151,5,103,-98
107900152,6,282,-276
107900153,65,78,-13
107900154,16,3,13
107900155,11,25,-14
107900156,3,275,-272
107900157,27,42,-15
107900158,120,2,118
107900159,21,1026,-1005
107900160,9,178,-169
107900161,0,222,-222
107900162,2,169,-167
107900163,25,21,4
107900164,1,16,-15
107900165,25,13,12
107900166,7,288,-281
107900167,8,0,8
107900168,6,36,-30
107900169,1,182,-181
107900171,3,1671,-1668
107900172,1,277,-276
107900173,6,210,-204
107900174,7,2,5
107900175,2,3,-1
107900176,0,23,-23
107900177,1,210,-209
107900178,0,224,-224
107900179,3,103,-100
107900180,990,71,919
107900181,210,277,-67
107900182,6,1348,-1342
107900183,5,381,-376
107900184,8,249,-241
107900185,14,1,13
107900186,8,25,-17
107900187,0,118,-118
107900188,581,64,517
107900189,3,124,-121
107900190,96,13,83
107900191,3,104,-101
107900193,1,40,-39
107900194,31,0,31
107900195,3648,256,3392
107900196,15,33,-18
107900197,107,41,66
107900199,5,1140,-1135
107900201,40,115,-75
107900203,14,54,-40
107900204,188,198,-10
107900205,73,427,-354
107900206,224,95,129
107900207,1,577,-576
107900208,3,740,-737
107900209,218,76,142
107900210,37,70,-33
107900213,137,252,-115
107900214,1,141,-140
107900215,93,265,-172
107900216,20,42,-22
107900217,4,22,-18
107900218,6,1308,-1302
107900219,5,127,-122
107900220,91,42,49
107900221,138,183,-45
107900223,15,338,-323
107900224,129,224,-95
107900225,4,589,-585
107900226,14,178,-164
107900227,39,394,-355
107900228,3,85,-82
107900229,0,288,-288
107900230,2,157,-155
107900231,8,131,-123
107900232,6,213,-207
107900233,1,156,-155
107900234,39,158,-119
107900235,49,93,-44
107900236,11,74,-63
107900237,115,418,-303
107900238,11,87,-76
107900239,962,297,665
107900240,0,125,-125
107900241,2,111,-109
107900242,2,334,-332
107900243,0,25,-25
107900244,45,0,45
107900245,55,17,38
107900246,10,5,5
107900248,76,487,-411
107900249,78,1,77
107900250,0,544,-544
107900251,12,1077,-1065
107900252,63,1,62
107900253,5,1,4
107900254,25,137,-112
107900255,260,32,228
107900256,475,524,-49
107900257,41,25,16
107900258,33,202,-169
107900259,29,235,-206
107900261,6,607,-601
107900262,11,89,-78
107900264,47,1,46
107900265,23,209,-186
107900267,17,6,11
107900268,15,2,13
107900269,0,5,-5
107900270,1,0,1
107900271,0,0,0
107900272,2,1,1
107900273,6,68,-62
107900274,18,0,18
107900275,34,1,33
107900276,2,57,-55
107900277,0,204,-204
107900278,37,268,-231
107900279,107,57,50
107900280,1399,851,548
107900281,2519,468,2051
107900282,13,102,-89
107900283,1445,226,1219
107900284,41,693,-652
107900285,33,135,-102
107900286,52,41,11
107900287,29,23,6
107900290,0,23,-23
107900291,96,2,94
107900292,51,209,-158
107900293,13,360,-347
107900295,6,106,-100
107900297,1,188,-187
107900298,324,660,-336
107900299,2850,586,2264
107900300,13,129,-116
107900301,121,113,8
107900302,17,5,12
107900303,11,201,-190
107900304,27,502,-475
107900305,50,0,50
107900306,44,11,33
107900307,26,213,-187
107900308,131,11,120
107900309,3,0,3
107900310,0,0,0
107900311,50,37,13
107900312,0,0,0
107900313,0,37,-37
107900314,0,39,-39
107900315,0,31,-31
107900316,4,1,3
107900317,10,0,10
107900318,1,63,-62
107900319,1,293,-292
107900320,5,157,-152
107900321,7,0,7
107900322,0,144,-144
107900323,4,125,-121
107900324,37,0,37
107900325,12,0,12
107900326,36,354,-318
107900327,0,0,0
107900328,0,0,0
107900329,0,0,0
107900330,1,524,-523
107900331,34,9,25
107900332,43,7,36
107900333,20,5,15
107900334,8,224,-216
107900335,27,81,-54
107900336,7,15,-8
107900337,948,167,781
107900338,0,123,-123
107900339,0,26,-26
107900340,0,62,-62
107900341,2,0,2
107900342,24,91,-67
107900343,1,0,1
107900344,0,49,-49
107900345,28,23,5
107900346,25,1,24
107900347,9,3,6
107900348,1,5,-4
107900349,9,3,6
107900350,31,245,-214
108000001,1156,1141,15
108000002,1705,2984,-1279
108000003,1329,708,621
108000004,14877,13144,1733
108000005,1593,1256,337
108000006,2861,5257,-2396
108000007,1549,1611,-62
108000008,3005,4791,-1786
108000009,698,1628,-930
108000010,1293,4628,-3335
108000011,3893,3172,721
108000012,14289,12745,1544
108000014,113,286,-173
108000015,113,194,-81
108000016,114,529,-415
108000017,83,178,-95
108000018,180,204,-24
108000019,312,277,35
108000020,196,155,41
108000021,317,1410,-1093
108000022,340,1341,-1001
108000023,429,54,375
108000024,40,512,-472
108000025,64,149,-85
108000026,48,458,-410
108000027,77,476,-399
108000028,25,253,-228
108000029,61,583,-522
108000030,25,132,-107
108000031,69,619,-550
108000032,314,184,130
108000033,224,1106,-882
108000034,298,167,131
108000035,525,2509,-1984
108000036,148,1534,-1386
108000037,390,168,222
108000038,401,119,282
108000039,158,2216,-2058
108000040,380,165,215
108000041,479,2371,-1892
108000042,3,181,-178
108000043,39,294,-255
108000044,14,88,-74
108000045,63,853,-790
108000046,218,133,85
108000047,180,1096,-916
108000048,71,434,-363
108000049,49,59,-10
108000050,58,399,-341
108000051,52,16,36
108000052,244,622,-378
108000053,57,21,36
108000054,297,746,-449
108000055,249,173,76
108000056,515,796,-281
108000057,185,324,-139
108000058,773,874,-101
108000059,2282,1120,1162
108000060,30,147,-117
108000061,77,234,-157
108000062,156,244,-88
108000063,115,659,-544
108000064,52,131,-79
108000065,148,628,-480
108000066,540,322,218
108000067,369,224,145
108000068,114,125,-11
108000069,93,1041,-948
108000070,207,172,35
108000071,262,1698,-1436
108000072,280,239,41
108000073,633,1632,-999
108000074,49,110,-61
108000075,156,713,-557
108000076,127,126,1
108000077,354,885,-531
108000078,542,549,-7
108000079,668,1617,-949
108000080,188,280,-92
108000081,264,2619,-2355
108000082,679,1231,-552
108000083,517,288,229
108000084,161,1009,-848
108000085,84,90,-6
108000086,607,684,-77
108000087,46,472,-426
108000088,31,5,26
108000089,95,155,-60
108000090,49,29,20
108000091,40,451,-411
108000092,33,28,5
108000093,55,708,-653
108000094,81,41,40
108000095,97,477,-380
108000096,27,22,5
108000097,57,521,-464
108000098,110,454,-344
108000099,1,1,0
108000100,0,8,-8
108000101,135,246,-111
108000102,363,774,-411
108000106,147,0,147
108000107,1,629,-628
108000108,115,11,104
108000109,4,677,-673
108000110,35,109,-74
108000111,88,521,-433
108000112,10,7,3
108000113,300,332,-32
108000115,317,252,65
108000117,868,255,613
108000118,36,67,-31
108000119,323,394,-71
108000120,8,269,-261
108000121,62,444,-382
108000122,39,165,-126
108000123,93,204,-111
108000124,45,535,-490
108000125,55,276,-221
108000126,52,563,-511
108000127,60,318,-258
108000128,99,745,-646
108000129,59,1323,-1264
108000130,40,269,-229
108000131,166,113,53
108000132,490,866,-376
108000133,146,224,-78
108000134,360,813,-453
108000135,215,134,81
108000136,599,969,-370
108000137,122,351,-229
108000138,113,917,-804
108000139,33,254,-221
108000140,16,15,1
108000141,5,187,-182
108000142,21,88,-67
108000143,19,26,-7
108000144,11,6,5
108000145,13,28,-15
108000146,17,6,11
108000147,24,37,-13
108000148,25,1,24
108000149,2,28,-26
108000150,24,1,23
108000151,7,9,-2
108000152,30,511,-481
108000153,58,45,13
108000154,14,2,12
108000155,5,14,-9
108000156,226,57,169
108000157,40,184,-144
108000158,58,199,-141
108000159,465,70,395
108000160,4244,378,3866
108000161,4098,601,3497
108000165,0,90,-90
108000172,1,78,-77
108000173,2308,924,1384
108000175,4,38,-34
108000178,346,319,27
108000179,166,273,-107
108000181,10,31,-21
108000182,74,8,66
108000183,4,13,-9
108000184,657,631,26
108000185,32,638,-606
108000186,33,51,-18
108000187,28,750,-722
108000188,101,189,-88
108000189,160,358,-198
108000190,14,100,-86
108000192,39,536,-497
108000193,395,36,359
108000194,0,5,-5
108000195,3,1020,-1017
108000196,23,76,-53
108000198,138,328,-190
108000199,0,101,-101
108000200,86,672,-586
108000202,4,184,-180
108000203,12,900,-888
108000204,72,22,50
108000205,420,499,-79
108000339,779,116,663
108000364,71,78,-7
108000365,19,322,-303
108000367,50,278,-228
108000368,7,50,-43
108000369,1445,71,1374
108000371,5,516,-511
108000372,51,0,51
108000373,0,0,0
108000376,79,12,67
108000377,77,326,-249
108000378,4623,2552,2071
108000379,11,109,-98
108000381,15,6,9
108000382,13,1,12
108000383,0,17,-17
108900001,111,894,-783
108900002,126,31,95
108900003,208,779,-571
108900004,322,109,213
108900005,15,52,-37
108900006,179,137,42
108900007,30,113,-83
108900008,15,111,-96
108900009,3,65,-62
108900010,21,123,-102
108900011,77,285,-208
108900012,55,460,-405
108900013,27,221,-194
108900014,3,49,-46
108900015,0,5,-5
108900016,0,133,-133
108900017,67,77,-10
108900018,31,505,-474
108900019,6,1259,-1253
108900020,8,288,-280
108900021,62,250,-188
108900022,4,5,-1
108900023,0,27,-27
108900024,2,97,-95
108900025,15,53,-38
108900026,13,62,-49
108900027,0,135,-135
108900028,7,576,-569
108900029,21,164,-143
108900030,0,99,-99
108900031,10,720,-710
108900032,3,235,-232
108900033,1,116,-115
108900034,2,295,-293
108900035,55,1786,-1731
108900036,118,383,-265
108900037,14,402,-388
108900038,2,387,-385
108900039,1,548,-547
108900040,3,98,-95
108900041,4840,814,4026
108900042,1,167,-166
108900043,23,405,-382
108900044,0,767,-767
108900045,13,539,-526
108900046,40,988,-948
108900047,0,37,-37
108900048,16,773,-757
108900049,4541,339,4202
108900050,2,235,-233
108900051,1,204,-203
108900052,0,277,-277
108900053,59,57,2
108900054,23,201,-178
108900055,31,427,-396
108900056,0,180,-180
108900057,2,249,-247
108900058,8,648,-640
108900059,107,15,92
108900060,38,29,9
108900061,35,22,13
108900062,2,311,-309
108900063,4,516,-512
108900064,15,41,-26
108900065,4,337,-333
108900066,74,46,28
108900067,18,220,-202
108900068,0,152,-152
108900069,11,135,-124
108900070,16,179,-163
108900071,41,38,3
108900072,1834,95,1739
108900073,2,80,-78
108900074,19,471,-452
108900075,28,96,-68
108900076,65,44,21
108900077,49,120,-71
108900078,5,248,-243
108900079,418,216,202
108900080,15,107,-92
108900081,23,195,-172
108900082,6,93,-87
108900083,4,67,-63
108900084,238,81,157
108900085,1526,69,1457
108900086,10,354,-344
108900087,102,155,-53
108900088,229,100,129
108900089,5,45,-40
108900090,4,425,-421
108900091,79,61,18
108900092,83,102,-19
108900093,14,12,2
108900094,90,46,44
108900095,39,594,-555
108900096,330,17,313
108900097,70,164,-94
108900098,2652,87,2565
108900099,73,307,-234
108900100,13,71,-58
108900101,67,9,58
108900102,95,217,-122
108900103,5,31,-26
108900104,214,201,13
108900105,4,189,-185
108900106,78,500,-422
108900108,30,8,22
108900109,1,5,-4
108900110,51,486,-435
108900111,52,700,-648
108900112,62,3,59
108900113,19,11,8
108900114,63,62,1
108900115,6,16,-10
108900116,9,4,5
108900117,16,9,7
108900118,71,2,69
108900119,45,18,27
108900120,14,39,-25
108900121,71,13,58
108900122,15,12,3
108900123,14,9,5
108900124,63,46,17
108900125,46,1,45
108900126,9,4,5
108900127,23,6,17
108900128,18,1,17
108900129,108,44,64
108900130,23,0,23
108900131,58,1,57
108900132,49,35,14
108900133,80,43,37
108900134,51,120,-69
108900135,24,1,23
108900136,0,1,-1
108900137,20,0,20
108900138,102,8,94
108900139,76,36,40
108900140,19,130,-111
108900141,31,1,30
108900142,14,0,14
108900143,0,0,0
108900144,9,0,9
108900145,25,1,24
108900146,8,0,8
108900147,28,0,28
108900148,34,9,25
108900149,197,219,-22
108900150,90,3,87
108900151,11,3,8
108900152,14,26,-12
108900153,22,534,-512
108900154,938,88,850
108900155,35,51,-16
108900156,19,11,8
108900157,4,683,-679
108900158,32,17,15
108900159,2,265,-263
108900160,1,120,-119
108900161,3,420,-417
108900162,8,0,8
108900163,2,36,-34
108900164,7,44,-37
108900165,115,54,61
108900167,993,727,266
108900168,9764,975,8789
108900169,8,74,-66
108900171,5826,579,5247
108900172,16,8,8
108900173,144,250,-106
108900174,115,226,-111
108900176,56,587,-531
108900177,8892,1227,7665
108900178,4976,570,4406
108900179,178,340,-162
108900180,23,59,-36
108900182,6,83,-77
108900183,72,191,-119
108900184,46,90,-44
108900185,9,205,-196
108900186,14,279,-265
108900187,38,36,2
108900188,51,15,36
108900189,35,93,-58
108900190,10,2640,-2630
108900191,45,1,44
108900192,25,292,-267
108900193,27,21,6
108900194,5,290,-285
108900195,16,298,-282
108900196,6,652,-646
108900198,3,541,-538
108900199,36,241,-205
108900200,161,187,-26
108900201,65,693,-628
108900203,46,1,45
108900204,48,1,47
108900205,37,2,35
108900206,52,5,47
108900207,51,10,41
108900208,20,246,-226
108900209,130,583,-453
108900210,98,161,-63
108900211,29,95,-66
108900212,456,274,182
108900215,47,530,-483
108900216,173,66,107
108900217,15,0,15
108900218,16,0,16
108900219,9,0,9
108900220,8,2,6
108900221,5,39,-34
108900222,37,1,36
108900223,5,19,-14
108900224,25,56,-31
108900225,0,106,-106
108900226,32,1,31
108900227,27,22,5
108900230,344,316,28
108900231,36,240,-204
108900232,1,372,-371
108900233,73,13,60
108900234,69,25,44
108900235,111,545,-434
108900236,14,302,-288
108900237,17,221,-204
108900240,20,58,-38
108900241,9,31,-22
108900245,2,174,-172
108900249,16,2,14
108900250,215,299,-84
108900257,19,564,-545
108900258,11,217,-206
108900259,4,60,-56
108900260,1,109,-108
108900261,77,135,-58
108900262,295,66,229
108900263,11,340,-329
108900264,154,148,6
108900265,1310,151,1159
108900266,750,118,632
108900267,2,23,-21
108900268,0,1,-1
108900269,4,4,0
108900270,18,4,14
108900271,3,1,2
108900272,36,0,36
108900273,737,161,576
108900274,5,29,-24
109000001,1367,367,1000
109000002,3699,1069,2630
109000003,647,262,385
109000004,370,2652,-2282
109000005,466,389,77
109000006,470,1920,-1450
109000007,265,301,-36
109000008,248,1859,-1611
109000009,924,494,430
109000010,845,3256,-2411
109000011,527,599,-72
109000012,912,3927,-3015
109000013,1026,502,524
109000014,895,3410,-2515
109000015,1081,1067,14
109000016,9457,3634,5823
109000017,652,502,150
109000018,549,3075,-2526
109000019,595,423,172
109000020,734,1985,-1251
109000023,4,1,3
109000024,6,89,-83
109000025,282,176,106
109000026,417,258,159
109000027,49,147,-98
109000028,37,86,-49
109000029,146,82,64
109000030,26,371,-345
109000031,0,0,0
109000032,15,374,-359
109000033,34,8,26
109000034,19,14,5
109000035,2,6,-4
109000036,42,310,-268
109000037,70,304,-234
109000038,520,270,250
109000039,273,159,114
109000040,4017,1191,2826
109000041,6009,665,5344
109000042,598,618,-20
109000044,30,37,-7
109000045,24,440,-416
109000046,20,39,-19
109000047,14,412,-398
109000048,133,36,97
109000049,137,485,-348
109000050,27,38,-11
109000051,177,280,-103
109000052,163,1605,-1442
109000053,49,60,-11
109000054,31,592,-561
109000055,42,85,-43
109000056,70,559,-489
109000057,84,83,1
109000058,588,201,387
109000059,217,679,-462
109000060,142,27,115
109000061,1320,311,1009
109000062,57,51,6
109000063,99,272,-173
109000064,45,82,-37
109000065,18,370,-352
109000066,69,83,-14
109000067,37,353,-316
109000068,4,0,4
109000069,5,0,5
109000070,4,568,-564
109000071,204,46,158
109000072,42,328,-286
109000073,33,67,-34
109000074,10,299,-289
109000075,27,358,-331
109000076,15,108,-93
109000077,151,202,-51
109000078,11,69,-58
109000079,20,183,-163
109000080,7,108,-101
109000081,6,419,-413
109000082,104,253,-149
109000083,43,665,-622
109000088,51,389,-338
109000089,37,13,24
109000090,134,460,-326
109000091,71,24,47
109000092,217,686,-469
109000093,113,27,86
109000094,68,1,67
109000095,44,916,-872
109000096,146,17,129
109000097,49,91,-42
109000098,0,5,-5
109000099,114,248,-134
109000100,54,428,-374
109000101,207,601,-394
109000102,107,763,-656
109000103,105,508,-403
109000104,277,394,-117
109000105,180,1503,-1323
109000106,369,302,67
109000107,180,1640,-1460
109000108,204,263,-59
109000109,268,1642,-1374
109000110,312,221,91
109000111,506,2198,-1692
109000112,114,126,-12
109000113,65,186,-121
109000114,24,177,-153
109000115,368,19,349
109000116,1,155,-154
109000117,29,55,-26
109000118,11,276,-265
109000119,140,166,-26
109000120,21,1350,-1329
109000121,14,30,-16
109000122,33,1308,-1275
109000123,20,72,-52
109000124,189,280,-91
109000125,137,232,-95
109000126,103,1104,-1001
109000127,129,85,44
109000128,182,2398,-2216
109000129,402,107,295
109000130,260,2697,-2437
109000131,206,87,119
109000132,442,1504,-1062
109000133,107,682,-575
109000134,264,1243,-979
109000135,444,877,-433
109000136,85,473,-388
109000137,75,176,-101
109000138,120,531,-411
109000139,151,291,-140
109000140,39,459,-420
109000141,71,318,-247
109000142,57,465,-408
109000143,18,17,1
109000145,38,59,-21
109000146,18,36,-18
109000148,3559,511,3048
109000149,11,14,-3
109000150,29,97,-68
109000155,125,284,-159
109000156,705,817,-112
109000158,46,183,-137
109000159,20,487,-467
109000160,176,297,-121
109000161,60,1114,-1054
109000162,690,890,-200
109000163,275,1128,-853
109000164,446,1913,-1467
109000165,326,497,-171
109000166,147,125,22
109000167,42,795,-753
109000170,13,48,-35
109000171,11,29,-18
109000172,24,27,-3
109000173,6,17,-11
109000174,11,66,-55
109000175,0,96,-96
109000176,61,322,-261
109000177,26,95,-69
109000178,76,59,17
109000179,6857,1234,5623
109000180,4279,1636,2643
109000181,4,31,-27
109000182,8,50,-42
109000183,11,38,-27
109000184,19,23,-4
109000185,4,70,-66
109000188,147,2464,-2317
109000189,542,599,-57
109000190,202,464,-262
109000191,52,358,-306
109000192,45,258,-213
109000193,61,380,-319
109000194,21,105,-84
109000195,20,391,-371
109000196,57,67,-10
109000197,49,535,-486
109000198,22,19,3
109000199,74,431,-357
109000206,52,36,16
109000207,18,32,-14
109000208,83,44,39
109000209,82,18,64
109000210,121,346,-225
109000211,29,87,-58
109000214,105,588,-483
109000215,13,26,-13
109000216,13,19,-6
109000217,92,71,21
109000218,261,52,209
109000221,98,1014,-916
109000222,148,14,134
109000223,111,144,-33
109000224,37,374,-337
109000225,18,50,-32
109000226,25,274,-249
109000227,231,1282,-1051
109000228,2,267,-265
109000231,3,508,-505
109000232,35,491,-456
109000236,75,730,-655
109000241,518,1302,-784
109000242,264,709,-445
109000293,4,13,-9
109000361,25,127,-102
109000364,77,591,-514
109000396,3,961,-958
109000397,112,1,111
109000399,67,457,-390
109000400,19,301,-282
109000403,19,124,-105
109000406,0,2,-2
109000407,71,247,-176
109000408,4,333,-329
109000410,345,111,234
109000411,22,4,18
109900001,17,2,15
109900002,150,1,149
109900003,47,0,47
109900004,223,193,30
109900005,6,1,5
109900006,73,234,-161
109900007,98,964,-866
109900008,1,28,-27
109900009,35,1344,-1309
109900010,118,4,114
109900011,21,13,8
109900012,60,58,2
109900013,104,35,69
109900014,52,26,26
109900015,57,40,17
109900016,18,45,-27
109900017,17,45,-28
109900018,40,133,-93
109900019,31,89,-58
109900020,3,0,3
109900021,1,3,-2
109900022,11,343,-332
109900023,1,0,1
109900024,1,0,1
109900025,5,66,-61
109900026,0,129,-129
109900027,3,0,3
109900028,2334,203,2131
109900029,3,592,-589
109900030,2,0,2
109900031,0,76,-76
109900032,4,191,-187
109900033,2,347,-345
109900034,2,0,2
109900035,7,11,-4
109900036,43,59,-16
109900037,7,477,-470
109900038,10,190,-180
109900039,1,0,1
109900040,1,661,-660
109900041,20,440,-420
109900042,19,444,-425
109900044,122,240,-118
109900045,0,45,-45
109900046,4,37,-33
109900047,210,207,3
109900048,9,64,-55
109900049,4,16,-12
109900050,2,252,-250
109900051,0,19,-19
109900052,17,204,-187
109900053,4,424,-420
109900054,97,30,67
109900055,5,212,-207
109900056,21,42,-21
109900057,1,239,-238
109900058,0,97,-97
109900059,73,20,53
109900060,80,65,15
109900061,89,258,-169
109900062,0,228,-228
109900063,3,164,-161
109900064,45,128,-83
109900065,66,99,-33
109900066,169,940,-771
109900067,0,468,-468
109900068,3,1,2
109900069,0,13,-13
109900070,37,209,-172
109900071,1,19,-18
109900072,12,119,-107
109900073,32,611,-579
109900074,2,30,-28
109900075,6,11,-5
109900076,3,250,-247
109900077,3,73,-70
109900078,39,213,-174
109900080,44,361,-317
109900081,3,64,-61
109900082,29,432,-403
109900083,4,26,-22
109900084,8,111,-103
109900085,42,970,-928
109900086,36,65,-29
109900087,49,215,-166
109900089,88,42,46
109900090,256,723,-467
109900091,20,28,-8
109900092,421,3,418
109900093,165,56,109
109900094,6,42,-36
109900095,53,126,-73
109900096,7,0,7
109900097,9,0,9
109900098,51,4,47
109900099,12,0,12
109900100,8,0,8
109900101,43,2,41
109900102,120,12,108
109900103,11,22,-11
109900104,68,1132,-1064
109900105,93,6,87
109900106,173,51,122
109900107,173,48,125
109900108,42,1570,-1528
109900109,15,335,-320
109900110,12,442,-430
109900111,119,775,-656
109900112,155,809,-654
109900113,134,120,14
109900114,265,53,212
109900115,15,52,-37
109900117,153,42,111
109900118,102,377,-275
109900119,251,217,34
109900120,8,0,8
109900121,125,68,57
109900122,47,3,44
109900123,2,172,-170
109900124,10,818,-808
109900125,1,203,-202
109900126,11,132,-121
109900128,17,37,-20
109900130,9377,398,8979
109900131,32,72,-40
109900132,13,132,-119
109900133,5,333,-328
109900134,4,12,-8
109900135,167,30,137
109900136,17,91,-74
109900137,13,320,-307
109900138,50,228,-178
109900140,50,424,-374
109900141,39,92,-53
109900142,199,121,78
109900145,0,42,-42
109900146,106,11,95
109900148,6,46,-40
109900149,58,21,37
109900150,3,29,-26
109900151,3,30,-27
109900152,0,8,-8
109900153,0,26,-26
109900154,0,0,0
109900155,9,0,9
109900157,32,175,-143
109900158,14,56,-42
109900159,38,11,27
109900160,35,14,21
109900161,26,38,-12
109900162,40,36,4
109900163,489,139,350
109900164,15,139,-124
109900165,49,5,44
109900166,2,166,-164
109900167,33,628,-595
109900168,28,447,-419
109900169,34,90,-56
109900170,142,137,5
109900171,18,46,-28
109900172,51,76,-25
109900173,3446,380,3066
109900174,14,96,-82
109900175,8,93,-85
109900176,21,174,-153
109900177,9,291,-282
109900178,2,93,-91
109900179,3,17,-14
109900180,2,3,-1
110000001,258,445,-187
110000002,253,284,-31
110000003,586,562,24
110000004,308,373,-65
110000005,597,855,-258
110000006,419,329,90
110000007,57,138,-81
110000008,0,57,-57
110000009,3,32,-29
110000010,7,67,-60
110000011,11,63,-52
110000012,441,433,8
110000013,13,227,-214
110000014,548,302,246
110000015,273,333,-60
110000016,168,497,-329
110000017,4181,244,3937
110000018,3599,475,3124
110000019,6,132,-126
110000020,372,147,225
110000021,531,256,275
110000022,435,122,313
110000023,2,119,-117
110000024,441,284,157
110000025,41,1,40
110000026,3,536,-533
110000027,328,135,193
110000028,448,451,-3
110000029,202,790,-588
110000030,83,219,-136
110000031,111,541,-430
110000032,303,236,67
110000033,65,103,-38
110000034,130,620,-490
110000035,215,1071,-856
110000036,273,594,-321
110000037,44,1026,-982
110000038,136,432,-296
110000039,200,640,-440
110000040,215,577,-362
110000041,29,202,-173
110000042,43,492,-449
110000043,131,21,110
110000044,57,99,-42
110000045,282,5,277
110000046,2,10,-8
110000047,0,1,-1
110000048,5,2,3
110000049,1,4,-3
110000050,3,12,-9
110000051,0,3,-3
110000052,15,29,-14
110000053,1,0,1
110000054,109,193,-84
110000055,71,11,60
110000056,16,24,-8
110000057,154,608,-454
110000058,319,527,-208
110000059,269,491,-222
110000060,196,407,-211
110000061,710,877,-167
110000062,457,432,25
110000063,18,68,-50
110000064,50,136,-86
110000065,19,57,-38
110000066,5,22,-17
110000067,33,297,-264
110000068,39,573,-534
110000069,32,78,-46
110000071,17,128,-111
110000073,0,14,-14
110000075,2,90,-88
110000076,178,185,-7
110000077,291,518,-227
110000078,6,55,-49
110000080,97,487,-390
110000081,5,209,-204
110000082,6,158,-152
110000083,157,415,-258
110000084,209,241,-32
110000085,2512,846,1666
110000086,822,457,365
110000087,3,53,-50
110000088,7,171,-164
110000089,56,135,-79
110000090,81,285,-204
110000091,1486,242,1244
110000092,4,109,-105
110000093,20,4,16
110000094,292,162,130
110000095,32,215,-183
110000096,3697,1105,2592
110000097,521,426,95
110000098,596,184,412
110000099,464,975,-511
110000100,65,863,-798
110000101,6,600,-594
110000102,16,12,4
110000104,38,43,-5
110000105,15,171,-156
110000106,113,87,26
110000107,224,326,-102
110000108,17,24,-7
110000109,158,254,-96
110000110,3216,1347,1869
110000111,8524,1216,7308
110000112,697,164,533
110000113,475,285,190
110000114,20,176,-156
110000115,60,175,-115
110000116,16,21,-5
110000117,48,582,-534
110000118,110,190,-80
110000119,56,426,-370
110000120,104,112,-8
110000121,28,243,-215
110000122,128,389,-261
110000123,119,203,-84
110000124,4,642,-638
110000125,303,2,301
110000126,83,6,77
110000127,150,5,145
110000128,17,1566,-1549
110000129,1,452,-451
110000130,37,48,-11
110000131,81,306,-225
110000132,0,628,-628
110000133,50,189,-139
110000134,20,194,-174
110000135,69,16,53
110000136,27,253,-226
110000137,113,598,-485
110000138,162,786,-624
110000139,222,1247,-1025
110000140,361,120,241
110000143,299,179,120
110000144,1904,447,1457
110000145,585,399,186
110000146,1778,425,1353
110000147,127,509,-382
110000148,61,145,-84
110000151,435,253,182
110000152,331,193,138
110000153,29,59,-30
110000154,5,1,4
110000155,1036,982,54
110000156,429,581,-152
110000157,1663,853,810
110000160,174,321,-147
110000161,44,458,-414
110000166,66,93,-27
110000167,154,255,-101
110000168,331,138,193
110000169,81,131,-50
110000170,33,46,-13
110000171,125,71,54
110000172,52,660,-608
110000173,655,907,-252
110000174,62,1205,-1143
110000175,77,50,27
110000176,50,85,-35
110000177,52,332,-280
110000178,512,436,76
110000179,921,211,710
110000180,33,297,-264
110000181,238,230,8
110000182,265,240,25
110000183,10076,2385,7691
110000184,250,1104,-854
110000185,1421,526,895
110000186,600,409,191
110000191,121,426,-305
110000192,95,0,95
110000193,83,3,80
110000194,6,1169,-1163
110000195,53,383,-330
110000196,91,414,-323
110000197,16,193,-177
110000198,52,91,-39
110000199,41,83,-42
110000200,1038,682,356
110000201,332,348,-16
110000202,341,192,149
110000203,312,789,-477
110000204,1,331,-330
110000205,13,62,-49
110000206,376,1736,-1360
110000207,173,156,17
110000208,33,69,-36
110000209,51,728,-677
110000210,0,0,0
110000211,0,0,0
110000212,88,571,-483
110000213,19,16,3
110000214,51,46,5
110000215,20,670,-650
110000216,8,663,-655
110000217,74,157,-83
110000218,27,455,-428
110000219,73,24,49
110000220,16,459,-443
110000221,75,41,34
110000222,14,294,-280
110000223,1,13,-12
110000224,48,7,41
110000225,82,409,-327
110000226,6,7,-1
110000227,305,217,88
110000228,59,30,29
110000229,0,230,-230
110000230,258,383,-125
110000231,55,101,-46
110000232,51,154,-103
110000233,31,146,-115
110000234,467,269,198
110000235,457,610,-153
110000236,131,770,-639
110000237,839,689,150
110000238,384,869,-485
110000239,642,1070,-428
110000240,1,97,-96
110000242,0,28,-28
110000243,41,202,-161
110000244,61,210,-149
110000245,8,270,-262
110000246,194,517,-323
110000247,735,3155,-2420
110000248,1132,937,195
110000249,15,4,11
110000250,8,214,-206
110000251,36,469,-433
110000252,51,243,-192
110000253,343,262,81
110000254,354,1166,-812
110000255,146,1114,-968
110000256,174,89,85
110000257,239,264,-25
110000258,2,491,-489
110000259,26,14,12
110000260,10,404,-394
110000263,252,141,111
110000264,71,578,-507
110000265,535,640,-105
110000266,1050,1130,-80
110000267,6,231,-225
110000268,30,440,-410
110000269,1,84,-83
110000270,3,1,2
110000271,1150,142,1008
110000272,284,647,-363
110000273,1144,994,150
110000274,197,473,-276
110000275,2817,390,2427
110000276,102,178,-76
110000277,71,283,-212
110000278,189,823,-634
110000279,165,383,-218
110000280,84,352,-268
110000281,10,100,-90
110000282,45,22,23
110000283,5,32,-27
110000284,4,12,-8
110000285,0,137,-137
110000286,0,0,0
110000287,15,1,14
110000288,1,78,-77
110000289,265,825,-560
110000290,1253,433,820
110000291,5591,890,4701
110000292,809,1584,-775
110000293,170,924,-754
110000294,283,420,-137
110000295,36,742,-706
110000296,103,264,-161
110000297,1380,205,1175
110000298,89,306,-217
110000299,167,11,156
110000301,94,3,91
110000302,39,1176,-1137
110000303,123,9,114
110000304,60,237,-177
110000305,198,10,188
110000306,51,2216,-2165
110000307,353,1,352
110000308,105,5,100
110000309,6,1615,-1609
110000310,163,42,121
110000311,9,1001,-992
110000312,176,16,160
110000313,1302,1136,166
110000314,3,211,-208
110000315,2012,1189,823
110000316,457,878,-421
110000317,455,327,128
110000318,0,97,-97
110000319,10,5,5
110000320,9,64,-55
110000321,6,6,0
110000322,55,534,-479
110000323,108,315,-207
110000324,4404,950,3454
110000325,369,796,-427
110000327,110,152,-42
110000328,92,486,-394
110000333,161,220,-59
110000334,229,1191,-962
110000335,301,364,-63
110000336,145,1302,-1157
110000337,277,333,-56
110000338,52,247,-195
110000339,23,237,-214
110000340,38,164,-126
110000341,78,512,-434
110000342,71,2,69
110000343,0,13,-13
110000344,19,130,-111
110000345,32,64,-32
110000346,1592,751,841
110000347,588,424,164
110000348,1,28,-27
110000349,0,16,-16
110000350,5,1,4
110000351,141,600,-459
110000352,139,1298,-1159
110000353,2097,567,1530
110000354,612,1698,-1086
110000355,48,81,-33
110000356,1,0,1
110000357,105,3,102
110000361,20,64,-44
110000362,17,77,-60
110000363,67,93,-26
110000364,32,222,-190
110000365,33,1,32
110000366,0,73,-73
110000367,224,246,-22
110000368,14,123,-109
110000369,17,1,16
110000373,8,302,-294
110000374,9,2,7
110000375,53,620,-567
110000376,31,76,-45
110000377,0,0,0
110000378,19,199,-180
110000379,2602,723,1879
110000380,12,7,5
110000383,0,343,-343
110000384,574,76,498
110000385,0,261,-261
110000387,0,9,-9
110000388,8,157,-149
110000389,65,2,63
110000391,8,350,-342
110000396,11,112,-101
110000397,14,183,-169
110000398,0,13,-13
110000399,10,0,10
110000587,8,51,-43
110000589,62,146,-84
110000640,65,65,0
110000652,5,90,-85
110000653,21,276,-255
110000654,1,12,-11
110000656,3,502,-499
110000674,2,11,-9
110000675,3,3,0
110000676,0,33,-33
110000679,414,192,222
110000682,20,15,5
110000683,354,342,12
110000684,0,58,-58
110000685,0,2,-2
110000686,0,13,-13
110000687,1,0,1
110000688,29,152,-123
110000689,15,44,-29
110000692,67,256,-189
110000693,70,110,-40
110000694,0,84,-84
110000695,72,625,-553
110000696,102,106,-4
110900001,43,6,37
110900002,13,208,-195
110900003,67,987,-920
110900004,69,302,-233
110900005,4397,489,3908
110900006,13,3,10
110900007,6,2,4
110900008,10,18,-8
110900009,46,20,26
110900010,6,82,-76
110900011,8,75,-67
110900012,2,181,-179
110900013,214,134,80
110900014,17,4,13
110900015,513,87,426
110900016,4,261,-257
110900017,31,33,-2
110900018,116,19,97
110900019,15,4,11
110900020,5,667,-662
110900021,24,677,-653
110900022,31,368,-337
110900023,68,550,-482
110900024,14,542,-528
110900025,6,62,-56
110900027,16,281,-265
110900028,16,221,-205
110900029,60,550,-490
110900030,9,367,-358
110900031,0,154,-154
110900032,0,108,-108
110900033,29,317,-288
110900035,20,271,-251
110900036,12,12,0
110900037,6,15,-9
110900038,1124,149,975
110900039,3,163,-160
110900040,75,14,61
110900041,4,177,-173
110900042,23,62,-39
110900043,1,214,-213
110900044,176,26,150
110900045,23,801,-778
110900046,118,313,-195
110900047,600,58,542
110900049,20,9,11
110900050,1,1,0
110900051,8,171,-163
110900052,2,191,-189
110900053,31,68,-37
110900054,24,260,-236
110900055,12,1,11
110900056,39,90,-51
110900057,2,187,-185
110900058,46,303,-257
110900059,276,750,-474
110900060,89,30,59
110900061,9,26,-17
110900062,18,297,-279
110900063,2,110,-108
110900064,3,0,3
110900065,262,43,219
110900066,1,98,-97
110900067,588,308,280
110900068,131,239,-108
110900069,0,28,-28
110900070,60,31,29
110900071,147,120,27
110900073,0,19,-19
110900074,81,23,58
110900075,58,29,29
110900077,78,205,-127
110900078,1,120,-119
110900079,1309,226,1083
110900080,27,33,-6
110900081,0,132,-132
110900082,3,160,-157
110900083,29,10,19
110900084,4,280,-276
110900085,14,278,-264
110900086,24,45,-21
110900087,47,79,-32
110900088,1,0,1
110900090,15,8,7
110900091,0,50,-50
110900093,118,17,101
110900095,9,60,-51
110900097,2,21,-19
110900098,5,105,-100
110900099,71,595,-524
110900100,1,19,-18
110900102,6,12,-6
110900105,837,378,459
110900108,1,104,-103
110900111,139,43,96
110900112,139,1,138
110900113,358,12,346
110900115,2,57,-55
110900116,123,2443,-2320
110900118,97,282,-185
110900119,5343,182,5161
110900120,1,90,-89
110900121,26,2,24
110900122,65,77,-12
110900125,78,74,4
110900127,278,323,-45
110900128,38,81,-43
110900129,130,121,9
110900130,671,99,572
110900131,22,56,-34
110900132,45,11,34
110900133,18,260,-242
110900135,72,529,-457
110900136,32,3,29
110900137,41,1,40
110900138,486,576,-90
110900139,14,44,-30
110900140,23,6,17
110900141,0,50,-50
110900142,16,210,-194
110900143,11,30,-19
110900144,3,539,-536
110900145,59,1,58
110900146,303,9,294
110900147,113,156,-43
110900148,2,241,-239
110900149,0,81,-81
110900150,1,7,-6
110900151,0,78,-78
110900152,9,290,-281
110900153,25,12,13
111000001,119,91,28
111000002,261,353,-92
111000003,167,149,18
111000004,265,904,-639
111000005,324,279,45
111000006,581,1056,-475
111000007,1912,660,1252
111000008,2758,1994,764
111000009,213,688,-475
111000010,243,111,132
111000011,350,556,-206
111000012,285,156,129
111000013,221,790,-569
111000014,301,244,57
111000017,80,384,-304
111000018,117,342,-225
111000020,1987,1700,287
111000021,36,25,11
111000023,25,25,0
111000025,5993,1057,4936
111000029,30,69,-39
111000030,31,43,-12
111000031,1195,250,945
111000032,219,142,77
111000033,114,50,64
111000034,209,126,83
111000037,2434,905,1529
111000038,1231,1681,-450
111000039,566,1536,-970
111000040,787,1736,-949
111000041,817,921,-104
111000042,6004,1881,4123
111000043,353,280,73
111000044,248,61,187
111000045,463,423,40
111000046,343,418,-75
111000047,604,769,-165
111000049,165,402,-237
111000050,1277,1546,-269
111000051,215,863,-648
111000052,347,949,-602
111000053,164,821,-657
111000054,141,787,-646
111000055,701,1781,-1080
111000056,57,674,-617
111000057,33,797,-764
111000058,29,72,-43
111000059,52,113,-61
111000060,212,133,79
111000061,115,186,-71
111000062,88,133,-45
111000063,425,332,93
111000064,97,276,-179
111000065,214,377,-163
111000066,42,84,-42
111000067,146,492,-346
111000068,165,466,-301
111000069,1102,1369,-267
111000070,1864,933,931
111000071,179,722,-543
111000072,49,13,36
111000073,0,27,-27
111000074,299,228,71
111000075,105,243,-138
111000076,53,234,-181
111000077,447,621,-174
111000078,824,963,-139
111000079,647,483,164
111000080,207,342,-135
111000081,1772,2261,-489
111000082,269,474,-205
111000084,267,341,-74
111000085,279,880,-601
111000086,1194,655,539
111000087,415,457,-42
111000088,2813,755,2058
111000089,310,637,-327
111000090,767,910,-143
111000091,294,647,-353
111000092,410,1053,-643
111000093,193,519,-326
111000094,571,593,-22
111000095,183,901,-718
111000096,1929,3375,-1446
111000097,5221,751,4470
111000098,220,1123,-903
111000099,153,2126,-1973
111000100,137,2010,-1873
111000101,235,812,-577
111000102,42,911,-869
111000104,28,69,-41
111000107,17,718,-701
111000109,36,43,-7
111000110,196,117,79
111000111,279,107,172
111000112,315,70,245
111000113,162,137,25
111000114,355,307,48
111000115,5967,446,5521
111000116,304,445,-141
111000117,234,503,-269
111000118,975,660,315
111000119,382,1276,-894
111000120,178,334,-156
111000121,76,287,-211
111000122,174,783,-609
111000123,327,3219,-2892
111000124,196,3652,-3456
111000125,63,2066,-2003
111000126,31,942,-911
111000127,46,16,30
111000128,90,18,72
111000129,219,41,178
111000130,186,317,-131
111000131,169,262,-93
111000132,77,50,27
111000133,42,68,-26
111000134,59,56,3
111000135,7,67,-60
111000136,82,107,-25
111000138,3,5,-2
111000140,0,3,-3
111000141,26,214,-188
111000142,0,105,-105
111000143,3,68,-65
111000144,3,96,-93
111000145,0,0,0
111000146,0,0,0
111000147,0,0,0
111000148,20,89,-69
111000149,1,27,-26
111000150,4,3,1
111000151,1,21,-20
111000153,256,253,3
111000154,278,111,167
111000155,45,104,-59
111000156,80,59,21
111000157,25,77,-52
111000158,288,130,158
111000159,1124,244,880
111000160,90,199,-109
111000161,3,135,-132
111000162,2,143,-141
111000163,145,588,-443
111000164,639,1872,-1233
111000165,737,285,452
111000166,617,281,336
111000167,57,406,-349
111000168,68,249,-181
111000169,73,174,-101
111000170,150,220,-70
111000171,219,705,-486
111000172,50,414,-364
111000173,79,916,-837
111000174,30,449,-419
111000175,17,240,-223
111000176,30,134,-104
111000177,57,203,-146
111000178,131,228,-97
111000179,13,123,-110
111000180,43,164,-121
111000181,212,155,57
111000182,22,68,-46
111000183,41,71,-30
111000184,60,95,-35
111000185,128,482,-354
111000186,53,253,-200
111000187,22,243,-221
111000188,37,306,-269
111000189,1204,547,657
111000190,113,491,-378
111000191,84,482,-398
111000192,100,663,-563
111000193,236,308,-72
111000194,4,324,-320
111000195,23,414,-391
111000196,10,252,-242
111000197,29,49,-20
111000198,56,46,10
111000199,17,67,-50
111000200,35,118,-83
111000201,95,97,-2
111000202,39,79,-40
111000203,52,47,5
111000204,72,67,5
111000213,34,187,-153
111000214,532,1024,-492
111000215,458,908,-450
111000217,342,477,-135
111000218,281,471,-190
111000219,170,211,-41
111000220,2224,683,1541
111000221,359,110,249
111000224,0,124,-124
111000225,28,9,19
111000226,7,0,7
111000227,3,0,3
111000228,11,116,-105
111000229,12,195,-183
111000230,81,343,-262
111000231,104,1270,-1166
111000232,129,791,-662
111000233,107,481,-374
111000234,34,139,-105
111000239,123,254,-131
111000240,4,7,-3
111000241,17,545,-528
111000242,6,5,1
111000243,24,886,-862
111000244,15,12,3
111000245,116,499,-383
111000246,48,454,-406
111000247,79,1077,-998
111000248,178,272,-94
111000249,164,852,-688
111000250,29,189,-160
111000251,15,157,-142
111000253,0,0,0
111000255,0,0,0
111000257,0,0,0
111000260,19,1101,-1082
111000261,151,19,132
111000271,12,271,-259
111000273,4855,810,4045
111000274,631,1297,-666
111000275,28,8,20
111000276,177,2250,-2073
111000277,141,380,-239
111000278,194,142,52
111000291,168,1009,-841
111000298,177,178,-1
111000299,98,6,92
111000300,45,456,-411
111000302,85,54,31
111000303,56,254,-198
111000312,41,34,7
111000315,1,36,-35
111000320,232,452,-220
111000321,69,41,28
111000322,55,434,-379
111000323,24,14,10
111000324,121,191,-70
111000325,6,49,-43
111000326,27,286,-259
111000327,110,312,-202
111000328,115,262,-147
111000329,3,15,-12
111000330,4,1,3
111000331,3,3,0
111000332,201,673,-472
111000334,221,1326,-1105
111000335,105,91,14
111000337,115,421,-306
111000338,4,158,-154
111000339,69,911,-842
111000340,25,733,-708
111000341,304,83,221
111000342,27,208,-181
111000344,288,407,-119
111000345,7,12,-5
111000346,4,85,-81
111000347,18,1,17
111000350,46,25,21
111000351,29,167,-138
111000352,30,38,-8
111000353,29,217,-188
111000354,60,44,16
111000355,72,610,-538
111000358,27,1654,-1627
111000360,19,968,-949
111000361,21,355,-334
111000546,103,630,-527
111000547,39,408,-369
111000548,68,157,-89
111000549,35,257,-222
111000550,42,152,-110
111000551,273,57,216
111000552,54,11,43
111000907,15,5,10
111000908,0,0,0
111000916,212,221,-9
111000917,5,299,-294
111000918,30,1052,-1022
111000920,60,1,59
111000921,3,290,-287
111000922,77,313,-236
111000924,4,1069,-1065
111000925,452,663,-211
111000926,463,2167,-1704
111000927,1917,1280,637
111000928,6397,2720,3677
111000929,291,463,-172
111000930,337,2038,-1701
111000931,660,790,-130
111000932,2537,1991,546
111000933,1402,702,700
111000934,1656,2142,-486
111000935,334,470,-136
111000936,277,1675,-1398
111000937,255,484,-229
111000938,973,1937,-964
111000939,11,2,9
111000940,83,190,-107
111000941,83,334,-251
111000943,49,170,-121
111000944,14,494,-480
111000945,6,2037,-2031
111001109,36,31,5
111001110,48,678,-630
111001111,4,1,3
111001112,52,44,8
111001113,38,64,-26
111001114,222,13,209
111001115,20,256,-236
111001116,2504,274,2230
111001117,630,417,213
111001120,40,272,-232
111001121,43,235,-192
111001122,69,373,-304
111001123,9,60,-51
111900001,1,185,-184
111900002,5,850,-845
111900003,0,403,-403
111900004,9,157,-148
111900006,3,0,3
111900007,11,1,10
111900008,26,2,24
111900009,11,149,-138
111900010,124,492,-368
111900012,82,91,-9
111900013,2,61,-59
111900014,7478,694,6784
111900015,0,59,-59
111900016,0,156,-156
111900017,3,200,-197
111900018,3,1,2
111900019,0,52,-52
111900020,1,18,-17
111900021,19,69,-50
111900022,6,30,-24
111900023,98,28,70
111900024,0,55,-55
111900025,0,49,-49
111900026,0,104,-104
111900027,1,98,-97
111900028,2,454,-452
111900029,1,79,-78
111900030,48,231,-183
111900031,8,86,-78
111900032,3,446,-443
111900033,3,80,-77
111900034,24,215,-191
111900035,2,225,-223
111900036,0,457,-457
111900038,143,274,-131
111900039,27,333,-306
111900040,2,743,-741
111900042,37,50,-13
111900043,3,484,-481
111900044,69,155,-86
111900046,41,239,-198
111900048,28,949,-921
111900049,15,352,-337
111900050,20,1,19
111900051,4,281,-277
111900052,278,626,-348
111900053,1101,166,935
111900054,40,1,39
111900055,19,760,-741
111900056,96,60,36
111900057,22,28,-6
111900058,48,962,-914
111900059,926,47,879
111900060,40,0,40
111900061,7,339,-332
111900062,2,10,-8
111900063,24,183,-159
111900064,36,239,-203
111900065,26,2,24
111900066,13,45,-32
111900067,0,252,-252
111900068,10,8,2
111900069,23,6,17
111900070,11,69,-58
111900071,2,233,-231
111900072,11,2,9
111900073,106,12,94
111900074,3,156,-153
111900075,24,1,23
111900076,11,9,2
111900077,0,0,0
111900078,31,1,30
111900079,2,2,0
111900080,92,6,86
111900081,541,27,514
111900082,19,2,17
111900083,8,0,8
111900084,7,0,7
111900085,3,2,1
111900086,3,0,3
111900087,9,0,9
111900088,30,1,29
111900089,2,3,-1
111900090,27,18,9
111900091,24,1,23
111900092,11,0,11
111900093,52,1,51
111900094,12,0,12
111900095,50,2,48
111900096,17,0,17
111900097,12,0,12
111900098,11,5,6
111900099,5,0,5
111900100,16,2,14
111900101,7,1,6
111900102,49,714,-665
111900103,25,13,12
111900104,12,28,-16
111900105,57,76,-19
111900106,1606,55,1551
111900107,24,52,-28
111900108,40,8,32
111900109,184,38,146
111900110,3449,104,3345
111900111,21,226,-205
111900112,586,316,270
111900113,146,29,117
111900114,230,78,152
111900115,9,19,-10
111900118,11,3,8
111900119,36,22,14
111900122,21,7,14
111900123,4,5,-1
111900124,23,84,-61
111900125,28,1,27
111900126,22,0,22
111900127,3,589,-586
111900128,2,409,-407
111900129,25,2,23
111900130,10,1,9
111900131,46,5,41
111900132,21,864,-843
111900133,2,293,-291
111900134,24,375,-351
111900135,0,1,-1
111900136,19,21,-2
111900137,30,37,-7
111900138,5,59,-54
111900139,13,150,-137
111900140,1,14,-13
111900141,6,6,0
111900142,28,6,22
111900143,4,230,-226
111900144,0,199,-199
111900145,7,863,-856
111900146,2,396,-394
111900147,118,547,-429
111900148,19,915,-896
111900149,10,532,-522
111900150,8,216,-208
111900151,2,42,-40
111900152,66,17,49
111900153,1191,50,1141
111900154,2,48,-46
111900155,3,8,-5
111900156,0,3,-3
111900157,7,1,6
111900158,51,0,51
111900159,18,2,16
111900160,13,0,13
111900161,7,11,-4
111900162,64,22,42
111900163,33,113,-80
111900164,6,12,-6
111901113,19,206,-187
111901114,9,396,-387
111901115,2,1,1
111901116,10,0,10
111901117,4,1,3
111901118,39,10,29
111901119,1495,106,1389
111901120,74,257,-183
111901121,89,348,-259
111901122,1,571,-570
111901123,13,402,-389
111901124,23,1,22
111901125,23,72,-49
111901126,42,4,38
111901127,884,100,784
111901128,7,107,-100
111901129,1,151,-150
111901130,12,300,-288
111901131,3,188,-185
111901132,8,1,7
111901133,1,0,1
111901134,2,0,2
111901135,2,1,1
111901136,2,1,1
111901137,0,3,-3
111901138,8,55,-47
111901139,18,77,-59
111901140,13,150,-137
111901141,0,219,-219
111901142,1,151,-150
111901143,2,94,-92
111901144,10,5,5
112000001,435,369,66
112000002,481,1874,-1393
112000003,212,391,-179
112000004,264,1476,-1212
112000005,606,627,-21
112000006,930,1664,-734
112000007,483,547,-64
112000008,889,1710,-821
112000009,2314,2427,-113
112000010,1044,1363,-319
112000011,1322,2011,-689
112000012,5014,907,4107
112000013,6402,2861,3541
112000014,1338,364,974
112000015,1746,1446,300
112000016,1953,703,1250
112000017,908,896,12
112000024,1402,447,955
112000026,3571,4294,-723
112000027,116,172,-56
112000028,1017,1618,-601
112000029,190,242,-52
112000030,199,97,102
112000031,1254,1185,69
112000032,728,40,688
112000033,2474,451,2023
112000034,262,24,238
112000035,66,243,-177
112000036,360,311,49
112000037,471,967,-496
112000038,388,619,-231
112000039,9,63,-54
112000040,82,361,-279
112000041,220,485,-265
112000042,515,202,313
112000050,118,553,-435
112000051,230,308,-78
112000054,1209,1806,-597
112000057,507,214,293
112000058,276,331,-55
112000059,610,252,358
112000061,5614,1152,4462
112000062,3913,335,3578
112000063,1536,383,1153
112000064,4909,4893,16
112000065,2131,2494,-363
112000066,1133,404,729
112000067,416,566,-150
112000068,511,415,96
112000069,235,2968,-2733
112000070,491,251,240
112000071,316,3336,-3020
112000072,338,509,-171
112000073,531,1373,-842
112000074,141,379,-238
112000075,263,389,-126
112000076,1976,2245,-269
112000077,188,700,-512
112000078,383,571,-188
112000079,597,1266,-669
112000080,191,776,-585
112000081,655,1449,-794
112000082,404,290,114
112000083,265,1453,-1188
112000084,398,279,119
112000085,402,1119,-717
112000086,410,831,-421
112000087,82,439,-357
112000088,114,476,-362
112000089,116,334,-218
112000090,142,254,-112
112000091,292,1169,-877
112000092,350,437,-87
112000093,770,1135,-365
112000094,132,358,-226
112000095,286,705,-419
112000096,86,421,-335
112000097,168,248,-80
112000098,340,1535,-1195
112000099,153,158,-5
112000100,342,464,-122
112000101,199,934,-735
112000102,187,224,-37
112000103,114,1366,-1252
112000105,152,1792,-1640
112000106,211,209,2
112000107,1,87,-86
112000108,69,1214,-1145
112000109,5,21,-16
112000110,294,151,143
112000111,1099,5277,-4178
112000112,3098,204,2894
112000113,950,2691,-1741
112000114,1240,436,804
112000115,43,438,-395
112000116,208,812,-604
112000117,117,313,-196
112000118,336,825,-489
112000119,225,924,-699
112000120,27,355,-328
112000121,24,461,-437
112000122,67,68,-1
112000123,70,61,9
112000124,38,46,-8
112000125,32,69,-37
112000126,20,466,-446
112000127,1897,602,1295
112000128,1075,374,701
112000129,17,62,-45
112000130,27,18,9
112000131,6,253,-247
112000132,19,344,-325
112000133,66,161,-95
112000134,129,343,-214
112000135,314,243,71
112000136,401,1217,-816
112000137,440,356,84
112000138,815,1194,-379
112000139,225,116,109
112000140,365,954,-589
112000141,168,137,31
112000142,77,983,-906
112000143,220,120,100
112000144,125,1624,-1499
112000145,590,448,142
112000146,381,2003,-1622
112000147,639,804,-165
112000148,807,1825,-1018
112000149,32,245,-213
112000150,27,513,-486
112000151,91,276,-185
112000152,56,222,-166
112000153,48,88,-40
112000154,17,60,-43
112000155,69,65,4
112000157,276,200,76
112000158,45,489,-444
112000159,118,256,-138
112000167,66,9,57
112000169,102,194,-92
112000173,128,235,-107
112000175,104,296,-192
112000176,4260,1369,2891
112000177,117,75,42
112000178,30,417,-387
112000179,48,164,-116
112000180,83,202,-119
112000181,406,1512,-1106
112000182,197,1849,-1652
112000183,17,46,-29
112000184,59,329,-270
112000185,119,414,-295
112000187,1669,1931,-262
112000195,12,2,10
112000196,37,0,37
112000197,26,55,-29
112000198,34,522,-488
112000199,47,847,-800
112000202,1,2,-1
112000216,18,65,-47
112000230,10,4,6
112000231,1,435,-434
112000256,2,26,-24
112000313,111,229,-118
112000314,20,6,14
112000337,73,560,-487
112000352,50,94,-44
112000392,1586,866,720
112000398,301,343,-42
112000399,522,586,-64
112000400,1316,3168,-1852
112000401,1317,2004,-687
112000402,488,858,-370
112000403,680,780,-100
112000404,143,260,-117
112000405,435,999,-564
112000406,2060,2645,-585
112000407,1568,2903,-1335
112000408,7285,4876,2409
112000409,1082,3684,-2602
112000410,103,49,54
112000411,4107,477,3630
112000412,668,133,535
112000413,7463,615,6848
112000414,14,47,-33
112000415,27,27,0
112000416,538,597,-59
112000417,50,37,13
112000421,5,120,-115
112000422,115,403,-288
112000424,1322,651,671
112000425,139,690,-551
112000426,26,158,-132
112000427,1,12,-11
112000428,22,353,-331
112000429,907,1913,-1006
112000430,724,2178,-1454
112000431,11,15,-4
112000432,261,2051,-1790
112000433,454,314,140
112000437,18,337,-319
112900001,4,0,4
112900002,27,1359,-1332
112900003,5,172,-167
112900004,10,409,-399
112900005,16,259,-243
112900006,3,473,-470
112900007,4,132,-128
112900008,0,4,-4
112900009,77,14,63
112900010,29,591,-562
112900011,254,215,39
112900012,0,37,-37
112900013,0,88,-88
112900014,0,209,-209
112900015,230,874,-644
112900016,0,198,-198
112900017,23,92,-69
112900018,1,380,-379
112900019,50,81,-31
112900020,430,1484,-1054
112900021,3,232,-229
112900022,4,41,-37
112900023,2,284,-282
112900024,11,182,-171
112900025,30,117,-87
112900026,6,287,-281
112900027,3,1141,-1138
112900028,10,77,-67
112900029,1,433,-432
112900030,196,176,20
112900031,3,582,-579
112900032,58,211,-153
112900034,1,28,-27
112900035,1,388,-387
112900036,24,126,-102
112900037,70,26,44
112900038,67,145,-78
112900039,13,230,-217
112900040,2,317,-315
112900041,805,345,460
112900042,17,365,-348
112900043,5,42,-37
112900044,322,251,71
112900045,442,240,202
112900046,200,49,151
112900047,11,5,6
112900049,5,68,-63
112900050,65,708,-643
112900051,248,735,-487
112900052,5,934,-929
112900053,136,100,36
112900054,241,20,221
112900055,82,15,67
112900056,124,69,55
112900057,5,839,-834
112900058,157,34,123
112900059,20,98,-78
112900060,6,245,-239
112900061,21,81,-60
112900062,25,210,-185
112900063,20,0,20
112900064,81,67,14
112900065,3,3,0
112900066,43,28,15
112900067,430,69,361
112900068,7,4,3
112900069,2240,193,2047
112900071,1,0,1
112900072,119,343,-224
112900073,133,14,119
112900074,7,17,-10
112900075,1841,150,1691
112900076,15,2,13
112900078,40,96,-56
112900079,35,6,29
112900080,2,0,2
112900081,20,33,-13
112900082,93,3,90
112900083,18,15,3
112900084,6,13,-7
112900085,0,1,-1
112900086,3,0,3
112900087,141,40,101
112900088,6,0,6
112900089,184,3,181
112900090,3,1,2
112900091,9,0,9
112900092,69,35,34
112900093,213,1,212
112900094,2,0,2
112900095,0,0,0
112900096,58,30,28
112900097,8,330,-322
112900098,0,0,0
112900099,75,3,72
112900100,5,0,5
112900101,20,0,20
112900102,46,4,42
112900103,33,0,33
112900104,4,0,4
112900105,1,0,1
112900106,72,44,28
112900107,0,2,-2
112900108,0,1,-1
112900109,5,0,5
112900110,74,3,71
112900111,118,1,117
112900112,31,0,31
112900113,0,4,-4
112900114,6,34,-28
112900115,141,0,141
112900116,21,44,-23
112900117,57,85,-28
112900118,19,64,-45
112900119,9,2,7
112900120,406,106,300
112900121,137,98,39
112900122,4,159,-155
112900123,56,4,52
112900124,0,132,-132
112900125,41,125,-84
112900126,49,238,-189
112900127,65,13,52
112900128,314,520,-206
112900129,3,1033,-1030
112900130,49,21,28
112900131,37,174,-137
112900132,51,432,-381
112900133,15,1352,-1337
112900134,1,310,-309
112900135,43,7,36
112900136,1,31,-30
112900137,7,1014,-1007
112900138,3,451,-448
112900139,108,1295,-1187
112900140,1,96,-95
112900141,64,24,40
112900142,38,19,19
112900143,23,588,-565
112900144,0,256,-256
112900145,28,400,-372
112900146,4,1275,-1271
112900147,5,2354,-2349
112900148,4,0,4
112900149,71,321,-250
112900151,17,7,10
112900152,5103,773,4330
112900153,634,238,396
112900154,0,49,-49
112900155,6,0,6
112900156,39,1675,-1636
112900157,25,13,12
112900158,5,10,-5
112900159,39,23,16
112900160,12,256,-244
112900161,7,6,1
112900162,16,5,11
112900163,20,9,11
112900164,7,44,-37
112900165,20,27,-7
112900166,4,21,-17
112900167,16,13,3
112900168,0,1,-1
112900169,0,0,0
112900170,5,74,-69
112900172,86,0,86
112900173,181,93,88
112900174,56,3,53
112900175,56,13,43
112900176,4,4,0
112900177,46,6,40
112900178,233,350,-117
112900179,14,615,-601
112900180,348,3104,-2756
112900181,54,2,52
112900182,27,1381,-1354
112900183,61,107,-46
112900184,247,213,34
112900185,135,189,-54
112900186,1355,355,1000
112900187,7,103,-96
112900188,873,260,613
112900189,1,14,-13
112900190,0,58,-58
112900192,139,78,61
112900193,437,110,327
112900194,9,115,-106
112900195,108,14,94
112900196,175,730,-555
112900197,44,389,-345
112900199,57,472,-415
112900200,60,148,-88
112900201,22,40,-18
112900202,28,910,-882
112900203,32,177,-145
112900204,315,163,152
112900205,1,9,-8
112900206,0,38,-38
112900207,0,0,0
112900208,10,24,-14
112900209,154,360,-206
112900210,0,16,-16
112900211,21,93,-72
112900212,0,49,-49
112900213,0,4,-4
112900214,5,1,4
112900215,3,214,-211
112900216,33,24,9
112900217,5,54,-49
112900218,0,5,-5
112900219,0,24,-24
112900220,1,0,1
112900221,1,120,-119
112900222,0,14,-14
112900223,232,3,229
112900224,33,708,-675
112900225,52,517,-465
112900226,176,153,23
112900227,50,1399,-1349
112900228,9,13,-4
112900229,9,27,-18
112900230,7722,1335,6387
112900232,134,51,83
112900233,6,171,-165
112900234,5,92,-87
112900235,10,0,10
112900236,14,21,-7
112900237,13,308,-295
112900238,2,39,-37
113000001,2791,2832,-41
113000002,1900,2326,-426
113000003,1206,972,234
113000004,1372,1138,234
113000005,592,729,-137
113000006,344,753,-409
113000007,929,855,74
113000008,652,1060,-408
113000009,379,597,-218
113000010,449,908,-459
113000011,397,1629,-1232
113000012,343,341,2
113000013,350,255,95
113000014,963,835,128
113000015,209,108,101
113000016,135,214,-79
113000017,45,215,-170
113000018,34,22,12
113000019,51,207,-156
113000020,9,2,7
113000021,105,425,-320
113000022,155,1166,-1011
113000025,33,237,-204
113000026,65,228,-163
113000027,191,237,-46
113000028,561,325,236
113000029,539,217,322
113000030,555,429,126
113000031,276,185,91
113000032,123,111,12
113000033,303,176,127
113000034,446,244,202
113000035,17,32,-15
113000036,9,30,-21
113000037,55,38,17
113000038,15,32,-17
113000039,52,303,-251
113000040,19,70,-51
113000042,367,179,188
113000051,329,1109,-780
113000052,1760,884,876
113000053,130,524,-394
113000054,107,430,-323
113000055,361,697,-336
113000056,372,1356,-984
113000058,505,805,-300
113000059,373,348,25
113000060,40,414,-374
113000061,539,904,-365
113000062,734,64,670
113000063,34,190,-156
113000064,14,304,-290
113000065,73,1081,-1008
113000066,102,88,14
113000067,415,516,-101
113000068,136,1690,-1554
113000069,144,1249,-1105
113000070,319,407,-88
113000071,111,613,-502
113000072,127,278,-151
113000073,396,1165,-769
113000074,507,172,335
113000075,960,246,714
113000076,782,1303,-521
113000077,732,177,555
113000078,646,1185,-539
113000079,1010,458,552
113000080,560,198,362
113000081,676,455,221
113000082,856,579,277
113000083,209,382,-173
113000084,850,978,-128
113000085,331,287,44
113000086,460,869,-409
113000087,394,425,-31
113000088,1229,952,277
113000089,309,782,-473
113000090,49,147,-98
113000091,675,183,492
113000094,162,55,107
113000095,148,1083,-935
113000096,134,770,-636
113000097,206,151,55
113000098,70,9,61
113000099,849,94,755
113000100,109,376,-267
113000101,236,485,-249
113000102,128,63,65
113000103,1529,535,994
113000104,233,1389,-1156
113000105,136,273,-137
113000106,121,512,-391
113000107,209,505,-296
113000108,492,1145,-653
113000109,301,1403,-1102
113000110,843,221,622
113000111,56,233,-177
113000112,89,155,-66
113000113,1727,135,1592
113000114,252,738,-486
113000116,449,188,261
113000117,560,163,397
113000118,69,279,-210
113000119,85,371,-286
113000120,10,149,-139
113000121,440,662,-222
113000124,32,121,-89
113000125,9,219,-210
113000127,3190,500,2690
113000128,357,380,-23
113000129,578,691,-113
113000133,3796,572,3224
113000134,5,301,-296
113000135,1002,956,46
113000137,939,471,468
113000139,339,68,271
113000140,221,221,0
113000141,365,33,332
113000142,726,703,23
113000143,170,60,110
113000144,271,470,-199
113000145,46,95,-49
113000146,73,50,23
113000147,61,123,-62
113000148,43,153,-110
113000149,77,156,-79
113000150,414,278,136
113000151,82,75,7
113000152,49,147,-98
113000153,1185,432,753
113000154,411,629,-218
113000155,153,169,-16
113000156,121,428,-307
113000157,145,720,-575
113000158,273,135,138
113000159,480,256,224
113000160,266,1050,-784
113000161,98,662,-564
113000162,406,186,220
113000163,44,16,28
113000164,8,102,-94
113000166,13,8,5
113000167,25,214,-189
113000168,33,259,-226
113000169,34,10,24
113000170,15,17,-2
113000171,61,99,-38
113000172,68,18,50
113000173,16,3,13
113000174,63,589,-526
113000175,84,29,55
113000176,87,30,57
113000177,59,422,-363
113000178,78,439,-361
113000179,41,49,-8
113000180,198,837,-639
113000181,303,799,-496
113000182,124,113,11
113000183,144,438,-294
113000184,16,89,-73
113000189,331,394,-63
113000190,1516,255,1261
113000192,1476,942,534
113000193,2485,548,1937
113000194,887,873,14
113000195,802,369,433
113000196,18,46,-28
113000197,385,426,-41
113000198,6,194,-188
113000199,613,331,282
113000201,58,145,-87
113000202,2522,574,1948
113000203,33,22,11
113000204,664,1007,-343
113000205,10,15,-5
113000206,9,22,-13
113000207,21,17,4
113000208,25,52,-27
113000209,6,14,-8
113000210,4,15,-11
113000211,128,73,55
113000212,183,1,182
113000213,3,45,-42
113000214,47,163,-116
113000234,83,1449,-1366
113000410,27,54,-27
113000411,2200,2863,-663
113000412,9504,1387,8117
113000413,4340,1419,2921
113000414,10618,6826,3792
113000415,2027,1689,338
113000416,8336,2385,5951
113000417,2593,1903,690
113000418,2227,1768,459
113000419,1120,1204,-84
113000420,2958,1676,1282
113000421,2045,2159,-114
113000422,16871,3150,13721
113000423,2680,2001,679
113000424,4061,3054,1007
113000425,5,64,-59
113000428,390,45,345
113000430,10,30,-20
113000432,293,65,228
113000433,87,845,-758
113000434,17,384,-367
113000435,10,964,-954
113000436,21,1329,-1308
113000437,47,2,45
113000438,17,1,16
113000439,7,164,-157
113000440,14,12,2
113000441,23,97,-74
113000442,53,326,-273
113000443,13,148,-135
113000444,33,347,-314
113000445,9,68,-59
113000446,7,87,-80
113000448,91,90,1
113000449,127,81,46
113000450,372,397,-25
113000451,821,54,767
113000452,117,75,42
113000453,68,191,-123
113000454,118,3,115
113000455,4,93,-89
113000456,2506,1305,1201
113000468,2389,244,2145
113000469,162,79,83
113000470,395,56,339
113000471,5,168,-163
113000472,43,180,-137
113000474,127,500,-373
113000475,1023,1342,-319
113000476,522,1503,-981
113000477,995,1741,-746
113000478,2309,4240,-1931
113000479,22,208,-186
113000480,58,66,-8
113000481,0,0,0
113000483,0,0,0
113000485,0,0,0
113000486,0,0,0
113000487,0,0,0
113000488,0,0,0
113000489,0,0,0
113000490,0,0,0
113000491,0,0,0
113000492,0,0,0
113000493,0,0,0
113000495,80,193,-113
113000496,9,57,-48
113000497,0,1,-1
113000500,0,3,-3
113900001,0,11,-11
113900002,0,22,-22
113900003,0,13,-13
113900004,0,3,-3
113900005,0,2,-2
113900006,1,2,-1
113900007,2,1,1
113900008,4,0,4
113900009,5,0,5
113900010,2,0,2
113900011,0,0,0
113900012,0,0,0
113900013,33,0,33
113900014,284,1,283
113900015,0,38,-38
113900016,13,1,12
113900017,0,33,-33
113900018,358,18,340
113900019,11,14,-3
113900020,21,0,21
113900022,0,0,0
113900023,3,0,3
113900024,32,65,-33
113900025,161,11,150
113900026,10,1,9
113900027,2,42,-40
113900028,9,282,-273
113900029,6,265,-259
113900030,22,0,22
113900031,0,0,0
113900032,1,0,1
113900033,12,46,-34
113900035,13,1,12
113900036,2,50,-48
113900037,35,439,-404
113900038,17,20,-3
113900039,18,0,18
113900040,9,5,4
113900041,0,0,0
113900042,3,15,-12
113900043,96,66,30
113900044,42,10,32
113900045,7,4,3
113900046,350,732,-382
113900047,12,97,-85
113900048,336,15,321
113900049,746,50,696
113900050,78,273,-195
113900051,66,339,-273
113900052,71,53,18
113900053,136,30,106
113900054,1,0,1
113900055,60,728,-668
113900056,3,110,-107
113900057,24,334,-310
113900058,11,175,-164
113900059,41,285,-244
113900060,65,209,-144
113900061,463,30,433
113900062,13,3,10
113900063,3,88,-85
113900064,21,124,-103
113900065,175,5,170
113900066,69,426,-357
113900067,7,328,-321
113900068,86,153,-67
113900069,62,5,57
113900070,130,415,-285
113900071,10,57,-47
113900072,10,120,-110
113900073,84,387,-303
113900074,10,378,-368
113900075,285,330,-45
113900076,60,1,59
113900077,8,243,-235
113900078,1,45,-44
113900079,1,61,-60
113900080,121,61,60
113900081,16,183,-167
113900082,16,176,-160
113900083,30,640,-610
113900084,68,26,42
113900085,14,311,-297
113900086,4,11,-7
113900087,19,251,-232
113900088,12,37,-25
113900089,96,13,83
113900090,158,138,20
113900091,19,18,1
113900092,8,38,-30
113900093,22,228,-206
113900094,41,356,-315
113900095,45,39,6
113900096,37,18,19
113900097,0,84,-84
113900098,115,18,97
113900099,1,53,-52
113900100,0,2,-2
113900101,4,34,-30
113900102,9,50,-41
113900103,116,115,1
113900104,33,66,-33
113900105,5,296,-291
113900106,1,92,-91
113900107,1,28,-27
113900108,69,111,-42
113900109,191,67,124
113900110,13,5,8
113900111,8,92,-84
113900112,31,68,-37
113900113,184,125,59
113900114,0,116,-116
113900115,1,68,-67
113900116,21,38,-17
113900117,15,6,9
113900118,47,76,-29
113900119,193,94,99
113900120,9,14,-5
113900121,15,72,-57
113900122,118,387,-269
113900123,94,45,49
113900124,0,54,-54
113900125,1018,157,861
113900126,67,17,50
113900127,72,176,-104
113900128,21,25,-4
113900129,3,46,-43
113900130,1,8,-7
113900131,36,27,9
113900132,7,16,-9
113900133,28,18,10
113900135,100,390,-290
113900136,36,30,6
113900137,113,71,42
113900138,22,75,-53
113900139,522,42,480
113900140,354,100,254
113900141,56,323,-267
113900142,10,50,-40
113900143,15,6,9
113900144,234,66,168
113900145,55,98,-43
113900146,25,27,-2
113900148,68,98,-30
113900149,83,19,64
113900150,1565,369,1196
113900151,76,106,-30
113900152,18,61,-43
113900153,434,231,203
113900154,2,54,-52
113900155,157,36,121
113900156,92,608,-516
113900157,18,197,-179
113900158,501,63,438
113900159,6,96,-90
113900160,250,791,-541
113900161,11,74,-63
113900162,694,274,420
113900163,63,90,-27
113900164,69,13,56
113900165,536,420,116
113900166,171,38,133
113900167,59,34,25
113900168,67,100,-33
113900169,57,430,-373
113900171,15,9,6
113900172,11,177,-166
113900173,50,590,-540
113900174,136,897,-761
113900175,66,27,39
113900176,59,699,-640
113900177,85,126,-41
113900178,30,36,-6
113900179,6,636,-630
113900180,52,117,-65
113900181,115,38,77
113900182,100,683,-583
113900183,36,71,-35
113900184,8,557,-549
113900185,67,67,0
113900186,18,27,-9
113900187,9,143,-134
113900188,13,142,-129
113900189,42,20,22
113900190,239,85,154
113900191,94,166,-72
113900192,3,167,-164
113900193,18,329,-311
113900194,1781,693,1088
113900195,172,388,-216
113900196,2,117,-115
113900197,3,293,-290
113900198,7,111,-104
113900199,160,543,-383
113900200,19,182,-163
113900201,3,256,-253
113900202,23,147,-124
113900203,3,302,-299
113900204,16,686,-670
113900205,17,76,-59
113900206,0,98,-98
113900207,0,61,-61
113900208,0,48,-48
113900209,2,116,-114
113900210,315,197,118
113900211,79,17,62
113900212,26,509,-483
113900214,341,248,93
113900215,13,90,-77
113900216,2,1063,-1061
113900217,12,355,-343
113900218,62,14,48
113900219,61,394,-333
113900220,58,34,24
113900221,124,40,84
113900222,33,106,-73
113900223,22,983,-961
113900224,75,39,36
113900225,573,114,459
113900226,100,70,30
113900227,113,72,41
113900228,270,183,87
113900229,11,385,-374
113900230,3374,585,2789
113900231,58,166,-108
113900232,13,85,-72
113900233,14,34,-20
113900234,40,174,-134
113900235,13,14,-1
113900236,9,235,-226
113900237,15,5,10
113900238,83,170,-87
113900239,12,31,-19
113900240,1,60,-59
113900241,65,50,15
113900242,19,82,-63
113900243,82,254,-172
113900244,443,102,341
113900245,1262,155,1107
113900246,4,3,1
113900247,108,123,-15
113900248,3309,398,2911
113900249,679,94,585
113900250,43,27,16
113900251,141,209,-68
113900252,143,18,125
113900253,199,13,186
113900254,101,29,72
113900255,82,8,74
113900256,52,10,42
113900257,35,631,-596
113900258,8,585,-577
113900259,106,242,-136
113900260,22,46,-24
113900261,1,102,-101
113900262,20,721,-701
113900263,21,420,-399
113900264,6,662,-656
113900265,55,365,-310
113900266,11,256,-245
113900267,52,386,-334
113900268,106,127,-21
113900269,24,109,-85
113900270,114,180,-66
113900271,134,1147,-1013
113900273,15,0,15
113900274,3,2,1
113900275,3,29,-26
113900276,2,251,-249
113900277,21,1,20
113900278,188,118,70
113900279,92,80,12
113900280,541,292,249
113900281,137,611,-474
113900282,553,202,351
113900283,196,363,-167
113900284,205,48,157
113900285,33,5,28
113900286,40,125,-85
113900287,12,118,-106
113900288,0,65,-65
113900289,1298,24,1274
113900290,277,15,262
113900291,109,169,-60
113900292,4,3,1
113900293,1,119,-118
113900294,73,6,67
113900295,177,106,71
113900296,2185,279,1906
113900297,102,11,91
113900298,4,1323,-1319
113900299,10,172,-162
113900300,5725,1090,4635
113900301,319,41,278
113900302,1652,414,1238
113900303,417,54,363
113900304,0,169,-169
113900305,17,0,17
113900306,1,0,1
113900307,54,0,54
113900308,66,65,1
113900309,3,862,-859
113900310,0,11,-11
113900311,2,0,2
113900312,40,68,-28
113900313,50,10,40
114000001,922,2774,-1852
114000002,119,430,-311
114000003,22,233,-211
114000004,141,503,-362
114000005,112,215,-103
114000006,2397,1944,453
114000007,355,1319,-964
114000008,1301,747,554
114000009,100,87,13
114000011,1271,2178,-907
114000012,555,2009,-1454
114000013,459,1698,-1239
114000014,186,292,-106
114000015,773,457,316
114000016,194,373,-179
114000017,67,117,-50
114000018,264,65,199
114000026,334,1299,-965
114000027,660,1289,-629
114000028,747,1186,-439
114000038,65,95,-30
114000039,63,88,-25
114000040,72,139,-67
114000042,40,178,-138
114000043,10,310,-300
114000044,38,28,10
114000045,18,127,-109
114000046,1737,4235,-2498
114000047,4,72,-68
114000048,9,27,-18
114000049,803,675,128
114000050,634,537,97
114000051,2017,746,1271
114000052,1846,524,1322
114000053,21,272,-251
114000054,30,1202,-1172
114000055,83,9,74
114000056,378,333,45
114000057,7291,1826,5465
114000058,205,248,-43
114000059,97,145,-48
114000060,129,735,-606
114000061,1538,483,1055
114000062,812,300,512
114000063,2153,1292,861
114000064,5809,1663,4146
114000065,1001,1420,-419
114000066,79,415,-336
114000067,14,125,-111
114000068,257,280,-23
114000069,374,323,51
114000070,1064,562,502
114000071,180,754,-574
114000072,64,381,-317
114000073,2,42,-40
114000074,9,26,-17
114000075,5,84,-79
114000076,0,51,-51
114000077,0,22,-22
114000078,85,1664,-1579
114000079,35,28,7
114000080,43,27,16
114000081,4,13,-9
114000082,28,542,-514
114000083,8,239,-231
114000084,39,47,-8
114000085,54,697,-643
114000086,57,670,-613
114000087,17,307,-290
114000088,4,29,-25
114000089,1103,290,813
114000090,128,151,-23
114000091,745,242,503
114000092,420,164,256
114000093,346,418,-72
114000094,134,165,-31
114000095,23,25,-2
114000096,50,451,-401
114000097,29,923,-894
114000098,60,22,38
114000099,91,1286,-1195
114000100,198,646,-448
114000101,169,1378,-1209
114000102,51,127,-76
114000103,45,428,-383
114000104,14,306,-292
114000105,16,76,-60
114000106,789,233,556
114000107,48,119,-71
114000108,1578,1038,540
114000109,30,84,-54
114000110,291,1489,-1198
114000111,142,142,0
114000112,138,1368,-1230
114000113,109,107,2
114000114,716,1143,-427
114000115,284,122,162
114000116,90,207,-117
114000117,304,110,194
114000118,296,134,162
114000119,233,89,144
114000120,308,932,-624
114000121,184,380,-196
114000122,154,196,-42
114000123,181,104,77
114000124,87,107,-20
114000125,515,1420,-905
114000126,305,75,230
114000127,16,68,-52
114000128,84,160,-76
114000130,28,43,-15
114000131,25,24,1
114000132,346,738,-392
114000133,753,1064,-311
114000134,26,227,-201
114000138,37,144,-107
114000139,113,79,34
114000144,188,153,35
114000145,47,158,-111
114000146,45,275,-230
114000147,470,382,88
114000148,1083,167,916
114000149,69,73,-4
114000150,536,427,109
114000151,505,350,155
114000152,64,7,57
114000153,608,827,-219
114000154,396,442,-46
114000155,676,845,-169
114000156,188,207,-19
114000157,72,411,-339
114000158,1738,536,1202
114000159,156,234,-78
114000160,81,128,-47
114000161,579,407,172
114000162,356,309,47
114000163,11,142,-131
114000165,93,79,14
114000166,251,58,193
114000167,2734,722,2012
114000168,385,517,-132
114000169,375,217,158
114000170,191,142,49
114000171,139,213,-74
114000174,75,330,-255
114000176,308,290,18
114000177,1741,486,1255
114000178,9,49,-40
114000179,360,68,292
114000180,202,443,-241
114000181,698,994,-296
114000182,5374,1426,3948
114000183,719,554,165
114000184,741,1631,-890
114000185,165,168,-3
114000189,65,17,48
114000190,337,35,302
114000191,15,10,5
114000192,297,1351,-1054
114000193,772,3225,-2453
114000194,524,1038,-514
114000195,14,12,2
114000196,5,255,-250
114000197,170,51,119
114000198,877,359,518
114000199,1467,723,744
114000200,306,2177,-1871
114000201,31,919,-888
114000202,531,646,-115
114000203,127,729,-602
114000204,64,350,-286
114000205,112,1484,-1372
114000206,218,980,-762
114000207,353,2185,-1832
114000208,206,2956,-2750
114000209,344,2803,-2459
114000210,197,1522,-1325
114000211,338,1036,-698
114000212,376,426,-50
114000213,411,308,103
114000214,9,223,-214
114000215,26,47,-21
114000216,104,17,87
114000217,8,252,-244
114000218,53,213,-160
114000219,201,269,-68
114000220,2,1043,-1041
114000221,83,51,32
114000222,94,1007,-913
114000223,105,18,87
114000224,70,575,-505
114000225,40,435,-395
114000226,15,191,-176
114000227,215,200,15
114000228,209,782,-573
114000229,239,1030,-791
114000230,488,1207,-719
114000231,289,887,-598
114000232,78,57,21
114000233,439,47,392
114000234,330,778,-448
114000235,327,1231,-904
114000236,0,514,-514
114000237,41,1052,-1011
114000238,21,117,-96
114000239,130,1346,-1216
114000240,264,459,-195
114000241,111,741,-630
114000242,619,690,-71
114000243,331,407,-76
114000244,192,72,120
114000245,171,549,-378
114000246,80,52,28
114000247,285,382,-97
114000248,191,280,-89
114000249,186,245,-59
114000250,49,414,-365
114000251,41,247,-206
114000252,31,124,-93
114000253,3,58,-55
114000254,5,108,-103
114000255,283,92,191
114000256,612,279,333
114000257,386,1952,-1566
114000258,55,535,-480
114000259,8,278,-270
114000260,0,17,-17
114000261,3,1,2
114000262,34,153,-119
114000263,0,0,0
114000264,185,742,-557
114000265,1,21,-20
114000267,6,697,-691
114000268,4,1794,-1790
114000270,1,0,1
114000271,108,85,23
114000283,116,375,-259
114000285,56,300,-244
114000288,13,317,-304
114000289,444,68,376
114000293,46,294,-248
114000294,110,104,6
114000395,87,8,79
114000396,68,125,-57
114000402,129,300,-171
114000403,122,488,-366
114000405,39,543,-504
114000423,66,550,-484
114000424,59,236,-177
114000425,96,657,-561
114000426,16,41,-25
114000427,22,112,-90
114000428,101,36,65
114000429,4,157,-153
114000432,32,100,-68
114000434,11,102,-91
114000435,1,200,-199
114000436,4590,1094,3496
114000437,63,138,-75
114900001,113,1183,-1070
114900002,220,24,196
114900003,66,1653,-1587
114900004,60,55,5
114900005,88,709,-621
114900006,9,10,-1
114900007,27,2,25
114900008,7,39,-32
114900010,1849,762,1087
114900011,31,47,-16
114900013,33,56,-23
114900015,23,89,-66
114900018,305,20,285
114900020,21,31,-10
114900022,5,379,-374
114900024,24,71,-47
114900025,92,179,-87
114900026,36,15,21
114900027,49,142,-93
114900029,14,9,5
114900030,59,146,-87
114900031,36,8,28
114900032,15,15,0
114900033,940,122,818
114900034,41,224,-183
114900035,55,191,-136
114900036,114,1316,-1202
114900037,26,145,-119
114900038,113,1365,-1252
114900039,180,857,-677
114900040,20,179,-159
114900041,159,806,-647
114900042,204,977,-773
114900043,574,222,352
114900044,23,10,13
114900046,18,110,-92
114900047,67,553,-486
114900048,14,134,-120
114900049,6,191,-185
114900050,11,586,-575
114900051,18,521,-503
114900052,146,75,71
114900053,84,149,-65
114900054,32,130,-98
114900057,36,0,36
114900058,0,86,-86
114900059,12,22,-10
114900060,624,236,388
114900061,58,151,-93
114900062,203,192,11
114900063,34,193,-159
114900064,192,813,-621
114900065,64,497,-433
114900067,8,238,-230
114900068,40,188,-148
114900069,180,152,28
114900070,102,479,-377
114900072,9,199,-190
114900073,2,230,-228
114900074,44,784,-740
114900075,21,1,20
114900076,1,450,-449
114900080,2056,203,1853
114900082,2340,675,1665
114900083,129,407,-278
114900090,50,66,-16
114900091,61,90,-29
114900095,352,93,259
114900096,460,367,93
114900097,19,2,17
114900098,3,106,-103
114900099,31,1,30
115000001,7822,5940,1882
115000002,1355,1220,135
115000003,2714,4088,-1374
115000004,767,1757,-990
115000005,833,2681,-1848
115000006,236,623,-387
115000007,21,108,-87
115000008,162,145,17
115000009,40,211,-171
115000010,115,65,50
115000013,53,76,-23
115000015,46,93,-47
115000016,207,157,50
115000019,6,188,-182
115000020,118,62,56
115000021,189,268,-79
115000022,384,228,156
115000023,55,64,-9
115000024,911,432,479
115000025,128,83,45
115000026,100,277,-177
115000027,21,43,-22
115000028,44,501,-457
115000029,23,38,-15
115000030,117,671,-554
115000031,82,78,4
115000032,9,167,-158
115000033,62,7,55
115000034,63,602,-539
115000035,114,2,112
115000036,2,265,-263
115000037,30,0,30
115000038,28,107,-79
115000039,1389,936,453
115000040,4137,1394,2743
115000041,373,1177,-804
115000042,308,348,-40
115000043,1585,1349,236
115000044,2656,3575,-919
115000045,864,2185,-1321
115000046,500,1089,-589
115000047,481,990,-509
115000048,894,3034,-2140
115000049,935,2385,-1450
115000050,1098,777,321
115000051,1266,609,657
115000052,2779,1428,1351
115000053,662,609,53
115000054,548,967,-419
115000055,29,329,-300
115000056,13,70,-57
115000057,114,319,-205
115000058,28,52,-24
115000059,11,187,-176
115000061,7,16,-9
115000062,21,252,-231
115000063,39,260,-221
115000064,10,13,-3
115000065,8,137,-129
115000067,0,0,0
115000069,14,154,-140
115000070,14,332,-318
115000071,9,1,8
115000072,55,25,30
115000073,379,3,376
115000075,6,32,-26
115000076,2064,2792,-728
115000077,594,3734,-3140
115000078,246,1820,-1574
115000079,399,2251,-1852
115000080,715,2615,-1900
115000081,203,911,-708
115000082,1418,1676,-258
115000083,911,3241,-2330
115000084,263,537,-274
115000085,237,942,-705
115000086,133,514,-381
115000087,272,1120,-848
115000088,555,243,312
115000089,1317,1394,-77
115000090,410,82,328
115000091,190,992,-802
115000092,96,205,-109
115000093,2,0,2
115000094,5444,2093,3351
115000095,4658,2354,2304
115000096,181,1689,-1508
115000097,144,533,-389
115000098,182,746,-564
115000099,373,2444,-2071
115000100,121,256,-135
115000101,168,1318,-1150
115000102,118,95,23
115000103,242,811,-569
115000105,34,180,-146
115000106,55,121,-66
115000107,56,538,-482
115000108,3048,2280,768
115000109,3776,768,3008
115000110,668,423,245
115000111,418,814,-396
115000112,231,299,-68
115000113,468,464,4
115000114,1023,474,549
115000116,1941,694,1247
115000117,2212,754,1458
115000118,719,832,-113
115000119,795,873,-78
115000120,357,345,12
115000121,1163,487,676
115000122,2153,491,1662
115000123,1274,604,670
115000124,236,354,-118
115000125,174,367,-193
115000126,84,194,-110
115000127,106,90,16
115000128,746,453,293
115000129,44,90,-46
115000130,80,805,-725
115000131,79,209,-130
115000132,203,433,-230
115000133,262,298,-36
115000134,300,154,146
115000135,33,213,-180
115000136,43,126,-83
115000137,39,191,-152
115000138,52,103,-51
115000139,119,303,-184
115000140,30,105,-75
115000141,56,346,-290
115000142,38,260,-222
115000143,73,275,-202
115000144,112,51,61
115000145,70,579,-509
115000146,45,165,-120
115000147,98,508,-410
115000148,210,1285,-1075
115000149,204,134,70
115000150,346,1236,-890
115000151,244,332,-88
115000152,212,1866,-1654
115000153,202,356,-154
115000154,176,201,-25
115000155,321,1169,-848
115000156,356,395,-39
115000157,587,600,-13
115000158,306,176,130
115000159,261,225,36
115000160,372,271,101
115000161,314,409,-95
115000162,291,217,74
115000163,483,428,55
115000164,303,322,-19
115000165,113,147,-34
115000167,9,14,-5
115000168,201,117,84
115000169,303,386,-83
115000170,56,113,-57
115000171,123,70,53
115000172,1527,381,1146
115000173,28,63,-35
115000174,4,33,-29
115000175,24,47,-23
115000176,4,11,-7
115000177,5,40,-35
115000178,4,274,-270
115000179,2,6,-4
115000180,21,634,-613
115000181,65,82,-17
115000182,107,209,-102
115000183,77,906,-829
115000186,207,234,-27
115000187,50,563,-513
115000188,112,176,-64
115000189,165,320,-155
115000190,146,120,26
115000191,130,214,-84
115000194,85,87,-2
115000195,112,33,79
115000196,17,50,-33
115000197,67,476,-409
115000198,44,130,-86
115000199,93,361,-268
115000200,59,31,28
115000201,45,376,-331
115000206,0,0,0
115000207,13,320,-307
115000208,450,571,-121
115000209,106,84,22
115000210,14,51,-37
115000211,125,152,-27
115000212,793,234,559
115000218,2,12,-10
115000219,0,25,-25
115000224,14,29,-15
115000225,17,26,-9
115000229,127,35,92
115000230,12,250,-238
115000231,185,2254,-2069
115000232,150,303,-153
115000233,29,210,-181
115000234,3,159,-156
115000241,17,159,-142
115000242,33,110,-77
115000243,4,100,-96
115000244,1,72,-71
115000246,4,8,-4
115000247,3,0,3
115000248,3,2,1
115000249,19,6,13
115000250,50,34,16
115000251,18,33,-15
115000252,4,59,-55
115000253,4,65,-61
115000258,27,62,-35
115000259,85,56,29
115000261,0,1,-1
115000262,0,3,-3
115000263,1,14,-13
115000264,1,5,-4
115000267,9,18,-9
115000268,16,62,-46
115000269,9,30,-21
115000270,4,6,-2
115000272,7,71,-64
115000273,62,9,53
115000274,10,186,-176
115000280,678,22,656
115000281,570,60,510
115000282,555,111,444
115000284,55,21,34
115000296,33,1,32
115000297,6,3,3
115000298,48,35,13
115000300,9,187,-178
115000302,35,75,-40
115000303,36,40,-4
115000304,70,20,50
115000305,43,1218,-1175
115000306,29,572,-543
115000307,9,202,-193
115000308,34,16,18
115000309,0,2,-2
115000310,331,1095,-764
115000311,100,814,-714
115000313,106,655,-549
115000314,18,22,-4
115000315,883,183,700
115000316,8,12,-4
115000317,69,542,-473
115000318,201,157,44
115000319,25,328,-303
115000320,1,91,-90
115000321,35,1,34
115000322,16,223,-207
115000449,148,36,112
115000557,17,110,-93
115000558,11,27,-16
115000587,82,278,-196
115000588,1451,3563,-2112
115000589,1246,1162,84
115000590,333,1331,-998
115000591,243,222,21
115000592,371,1168,-797
115000593,276,146,130
115000594,478,863,-385
115000609,28,64,-36
115000617,329,319,10
115000624,19,26,-7
115000633,124,1024,-900
115000634,912,347,565
115000635,46,48,-2
115000638,769,263,506
115000641,58,46,12
115000642,124,124,0
115000643,37,315,-278
115000644,79,311,-232
115000646,392,556,-164
115000647,40,305,-265
115000648,236,1257,-1021
115000893,919,208,711
115000894,38,995,-957
115000895,97,764,-667
115000896,178,75,103
115000897,181,30,151
115000898,454,91,363
115000899,576,476,100
115000900,60,169,-109
115000901,51,33,18
115000912,43,25,18
115000913,1,39,-38
115000915,2,0,2
115000916,1,0,1
115000917,0,1,-1
115000918,0,0,0
115000919,0,0,0
115000920,3,11,-8
115000921,1527,61,1466
115000922,138,65,73
115000923,170,586,-416
115000925,24,41,-17
115000927,3,19,-16
115000933,65,45,20
115000934,0,17,-17
115000935,2,18,-16
115900001,2,90,-88
115900002,77,156,-79
115900003,39,75,-36
115900004,1,31,-30
115900005,6,4,2
115900006,20,291,-271
115900008,0,4,-4
115900009,19,167,-148
115900010,42,111,-69
115900011,76,191,-115
115900012,4,49,-45
115900013,149,86,63
115900014,75,150,-75
115900015,9,58,-49
115900016,13,18,-5
115900017,2,1,1
115900018,80,52,28
115900019,704,22,682
115900020,3,0,3
115900021,1448,73,1375
115900022,888,7,881
115900023,0,0,0
115900025,66,71,-5
115900026,871,324,547
115900027,1,323,-322
115900028,449,30,419
115900029,4,443,-439
115900030,5,22,-17
115900031,145,56,89
115900032,154,444,-290
115900033,1,22,-21
115900034,3,488,-485
115900035,10,28,-18
115900036,101,111,-10
115900037,9,461,-452
115900038,0,3,-3
115900039,44,196,-152
115900041,80,119,-39
115900042,1,0,1
115900043,9,101,-92
115900044,84,72,12
115900046,57,192,-135
115900047,6,8,-2
115900049,41,141,-100
115900051,0,35,-35
115900052,9,287,-278
115900053,34,267,-233
115900054,6,50,-44
115900055,7,177,-170
115900056,31,423,-392
115900057,2,0,2
115900058,23,78,-55
115900060,16,111,-95
115900061,14,0,14
115900062,2,219,-217
115900063,24,16,8
115900064,67,75,-8
115900065,16,119,-103
115900066,126,165,-39
115900067,4,793,-789
115900068,3932,47,3885
115900069,46,103,-57
115900070,35,209,-174
115900071,3,641,-638
115900072,87,261,-174
115900073,9,12,-3
115900074,2,378,-376
115900075,11,347,-336
115900076,0,67,-67
115900077,6,343,-337
115900078,21,189,-168
115900079,14,0,14
115900080,164,50,114
115900081,3,91,-88
115900082,63,142,-79
115900084,22,11,11
115900085,15,20,-5
115900086,1429,259,1170
115900088,6,11,-5
115900089,46,729,-683
115900090,9,5,4
115900091,1,13,-12
115900092,0,233,-233
115900093,0,25,-25
115900094,5,455,-450
115900096,0,14,-14
115900097,7,580,-573
115900098,25,368,-343
115900099,3,55,-52
115900100,2,619,-617
115900101,38,365,-327
115900102,1,46,-45
115900103,67,213,-146
115900104,7,90,-83
115900105,11,452,-441
115900106,11,6,5
115900107,4,156,-152
115900108,8,12,-4
115900109,24,429,-405
115900110,0,5,-5
115900111,0,129,-129
115900112,16,812,-796
115900113,6,3,3
115900114,2,146,-144
115900115,13,51,-38
115900116,65,1003,-938
115900117,7,7,0
115900118,2,458,-456
115900119,11,52,-41
115900120,7,375,-368
115900121,47,211,-164
115900124,70,153,-83
115900125,71,2,69
115900126,194,34,160
115900127,182,16,166
115900128,9,28,-19
115900129,221,12,209
115900130,43,82,-39
115900131,55,6,49
115900132,39,12,27
115900134,69,9,60
115900135,301,220,81
115900137,4,1,3
115900139,116,33,83
115900140,29,21,8
115900141,15,52,-37
115900142,5,27,-22
115900143,14,131,-117
115900144,7,152,-145
115900146,2,108,-106
115900147,66,72,-6
115900148,2,7,-5
115900149,3,25,-22
115900150,3,48,-45
115900151,5,34,-29
115900152,2,324,-322
115900153,9,213,-204
115900154,381,213,168
115900155,0,42,-42
115900156,315,388,-73
115900157,10,256,-246
115900158,17,4,13
115900159,9,192,-183
115900160,9,2,7
115900161,14,119,-105
115900163,30,88,-58
115900164,19,70,-51
115900165,1,44,-43
115900166,68,184,-116
115900168,8,92,-84
115900171,14,219,-205
115900172,10,133,-123
115900173,58,73,-15
115900174,174,85,89
115900175,26,118,-92
115900178,6,660,-654
115900179,26,3,23
115900180,11,228,-217
115900181,29,220,-191
115900182,68,251,-183
115900183,99,14,85
115900184,601,9,592
115900187,0,64,-64
115900189,0,59,-59
115900190,84,158,-74
115900191,45,466,-421
115900192,3,42,-39
115900193,24,30,-6
115900194,146,14,132
115900195,272,209,63
115900198,54,173,-119
115900199,64,245,-181
115900200,199,233,-34
115900201,73,214,-141
115900202,0,1,-1
115900203,3,3,0
115900204,0,0,0
115900205,12,1,11
115900206,12,87,-75
115900207,4,9,-5
115900208,5,259,-254
115900209,1,121,-120
115900210,2,148,-146
115900211,2,157,-155
115900212,24,170,-146
115900213,0,3,-3
115900214,56,234,-178
115900215,7,8,-1
115900216,4,105,-101
115900217,2,92,-90
115900218,1,66,-65
115900219,7,1,6
115900220,10,0,10
115900221,5,3,2
115900222,9,3,6
115900223,0,12,-12
115900224,569,50,519
115900225,57,6,51
115900226,8,10,-2
115900227,0,21,-21
115900228,0,28,-28
115900229,2,12,-10
115900230,11,26,-15
115900231,13,1,12
115900232,10,0,10
115900233,18,4,14
115900234,12,12,0
115900235,2,9,-7
115900236,12,12,0
115900237,0,57,-57
115900238,3,24,-21
115900239,1,55,-54
115900240,5,104,-99
115900241,10,34,-24
115900242,69,33,36
115900243,7,7,0
115900244,9,9,0
115900245,3,11,-8
115900246,10,0,10
115900247,0,0,0
115900248,17,2,15
115900249,2,4,-2
115900250,0,9,-9
115900251,0,12,-12
115900252,0,0,0
115900253,1,3,-2
115900254,0,1,-1
115900255,1,3,-2
115900256,19,2,17
115900257,1,13,-12
115900258,0,4,-4
115900259,0,2,-2
115900260,8,0,8
115900261,4,1,3
115900262,0,0,0
115900263,0,2,-2
115900264,1,0,1
115900265,0,2,-2
115900266,0,0,0
115900267,0,2,-2
115900268,1,1,0
115900269,51,209,-158
115900270,40,582,-542
115900271,1,0,1
115900272,2,0,2
115900273,0,2,-2
115900274,1,16,-15
115900275,0,7,-7
115900276,0,16,-16
115900277,0,36,-36
115900278,0,5,-5
115900279,0,14,-14
115900280,5,14,-9
115900281,38,4,34
116000001,17185,3429,13756
116000002,1580,1894,-314
116000003,1019,1391,-372
116000004,514,682,-168
116000005,1186,1646,-460
116000006,716,528,188
116000007,2427,2989,-562
116000008,1776,757,1019
116000009,1082,2092,-1010
116000010,454,383,71
116000011,347,1112,-765
116000012,237,270,-33
116000013,13547,3185,10362
116000014,17313,2327,14986
116000015,383,299,84
116000016,6557,789,5768
116000017,14,344,-330
116000018,429,283,146
116000019,162,176,-14
116000020,226,1049,-823
116000021,59,161,-102
116000022,99,264,-165
116000023,248,257,-9
116000024,408,1293,-885
116000025,202,272,-70
116000026,830,1816,-986
116000027,386,307,79
116000028,102,201,-99
116000029,736,378,358
116000030,57,36,21
116000031,112,136,-24
116000032,32,230,-198
116000033,38,185,-147
116000034,71,279,-208
116000035,46,504,-458
116000036,888,238,650
116000037,181,164,17
116000038,186,115,71
116000039,377,273,104
116000040,260,67,193
116000041,194,464,-270
116000042,215,75,140
116000043,30,337,-307
116000044,5,46,-41
116000045,239,200,39
116000046,692,572,120
116000047,1204,1117,87
116000048,459,473,-14
116000049,177,587,-410
116000050,637,1031,-394
116000051,543,497,46
116000052,1555,2031,-476
116000053,365,225,140
116000054,281,1609,-1328
116000055,148,964,-816
116000056,52,255,-203
116000057,1920,1525,395
116000058,1822,969,853
116000059,1190,1327,-137
116000060,2734,571,2163
116000061,130,366,-236
116000062,295,136,159
116000063,203,514,-311
116000066,8,53,-45
116000067,155,508,-353
116000068,16,23,-7
116000069,134,374,-240
116000078,62,295,-233
116000080,482,655,-173
116000082,1,79,-78
116000083,360,232,128
116000084,1112,2038,-926
116000085,945,542,403
116000086,1140,731,409
116000087,545,501,44
116000088,465,903,-438
116000089,83,57,26
116000090,30,51,-21
116000091,164,40,124
116000093,1100,475,625
116000094,163,588,-425
116000095,210,409,-199
116000096,217,741,-524
116000097,171,639,-468
116000098,8,2180,-2172
116000099,5853,244,5609
116000100,44,13,31
116000101,222,1170,-948
116000102,32,973,-941
116000103,119,157,-38
116000104,23,1219,-1196
116000105,165,193,-28
116000106,35,920,-885
116000107,381,425,-44
116000108,3,166,-163
116000111,9,14,-5
116000113,34,48,-14
116000114,15,119,-104
116000115,49,19,30
116000116,145,599,-454
116000117,373,582,-209
116000118,481,1429,-948
116000119,517,531,-14
116000120,1295,4026,-2731
116000121,272,198,74
116000122,784,2613,-1829
116000123,115,210,-95
116000124,124,1124,-1000
116000125,363,261,102
116000126,184,1260,-1076
116000127,612,1327,-715
116000128,512,404,108
116000129,140,133,7
116000130,39,113,-74
116000133,200,730,-530
116000134,343,2478,-2135
116000135,429,846,-417
116000136,287,1667,-1380
116000137,226,325,-99
116000138,1322,213,1109
116000139,710,1485,-775
116000140,55,193,-138
116000141,217,781,-564
116000142,2972,2856,116
116000143,961,765,196
116000144,695,2829,-2134
116000145,590,908,-318
116000146,43,157,-114
116000147,152,49,103
116000148,120,240,-120
116000149,126,332,-206
116000151,296,925,-629
116000153,19,96,-77
116000155,27,62,-35
116000156,931,801,130
116000157,3,3,0
116000158,33,318,-285
116000159,0,0,0
116000160,8,120,-112
116000161,12,113,-101
116000162,46,49,-3
116000163,2,6,-4
116000164,1,10,-9
116000177,4,90,-86
116000194,33,358,-325
116000195,476,409,67
116000196,3,2,1
116000197,1,2,-1
116000198,603,408,195
116000200,479,133,346
116000201,287,442,-155
116000202,4,230,-226
116000203,1,88,-87
116000204,12,24,-12
116000205,1,139,-138
116000206,1,94,-93
116000207,0,43,-43
116000233,50,817,-767
116000287,34,534,-500
116000288,20,180,-160
116000292,8,282,-274
116000296,3,77,-74
116000297,17,0,17
116000304,19,4,15
116000305,0,104,-104
116000346,53,216,-163
116000352,4,48,-44
116000354,14,13,1
116000357,0,12,-12
116000358,42,11,31
116000361,69,6,63
116000372,7029,1151,5878
116000381,18,0,18
116000388,0,32,-32
116000389,192,360,-168
116000445,80,802,-722
116000446,75,649,-574
116000447,1,298,-297
116000448,258,143,115
116000563,192,154,38
116000565,117,431,-314
116000568,17,72,-55
116000579,14,142,-128
116000584,0,12,-12
116000585,5,10,-5
116000586,169,71,98
116000587,2,306,-304
116000589,21,111,-90
116000590,10,48,-38
116000591,31,171,-140
116000592,4,84,-80
116000593,0,8,-8
116000594,124,732,-608
116000595,135,194,-59
116000596,13,9,4
116000597,35,30,5
116000598,5,258,-253
116000602,51,64,-13
116000605,64,122,-58
116000606,16,44,-28
116000607,2,53,-51
116000609,102,340,-238
116000611,11,539,-528
116000612,230,984,-754
116000613,97,224,-127
116000614,260,872,-612
116000615,17,83,-66
116000616,17,120,-103
116000617,49,112,-63
116000618,0,224,-224
116000619,8,59,-51
116000620,0,0,0
116000621,3,20,-17
116000622,2,28,-26
116000624,2,45,-43
116000627,1,7,-6
116000628,2,335,-333
116000629,8,461,-453
116000630,27,3,24
116000631,0,1,-1
116000632,48,539,-491
116000633,0,403,-403
116000634,39,2,37
116000635,325,169,156
116900001,48,49,-1
116900002,134,5,129
116900003,4,108,-104
116900004,7,3,4
116900005,17,41,-24
116900006,103,87,16
116900007,32,110,-78
116900008,69,516,-447
116900009,6,0,6
116900010,4,1794,-1790
116900011,11,44,-33
116900012,62,120,-58
116900013,6,254,-248
116900014,4,388,-384
116900015,15,35,-20
116900016,16,0,16
116900017,1,810,-809
116900018,13,20,-7
116900019,0,411,-411
116900020,1046,57,989
116900023,6,6,0
116900024,28,42,-14
116900025,50,1010,-960
116900026,109,580,-471
116900027,4,25,-21
116900028,4,104,-100
116900029,14,2,12
116900031,0,11,-11
116900032,2,336,-334
116900033,0,2,-2
116900034,4,53,-49
116900035,36,137,-101
116900036,0,65,-65
116900038,2,5,-3
116900041,15,0,15
116900042,990,166,824
116900043,5,49,-44
116900045,72,14,58
116900047,64,19,45
116900049,25,224,-199
116900050,32,234,-202
116900051,4,244,-240
116900052,36,16,20
116900055,2,4,-2
116900057,19,278,-259
116900058,16,255,-239
116900059,1,139,-138
116900060,47,274,-227
116900062,0,1,-1
116900064,35,1070,-1035
116900065,3,66,-63
116900067,16,62,-46
116900068,60,405,-345
116900070,0,0,0
116900072,3,446,-443
116900073,5,193,-188
116900074,4,44,-40
116900076,2,5,-3
116900077,8,154,-146
116900078,162,157,5
116900079,3,292,-289
116900080,1,23,-22
116900081,99,1013,-914
116900082,147,756,-609
116900083,8,45,-37
116900084,50,19,31
116900085,15,123,-108
116900086,13,156,-143
116900088,158,14,144
116900090,127,37,90
116900091,23,53,-30
116900092,22,667,-645
116900093,1549,792,757
116900094,5601,1040,4561
116900095,17,174,-157
116900096,82,36,46
116900097,2303,506,1797
116900098,866,62,804
116900099,298,236,62
116900100,171,7,164
116900101,138,632,-494
116900103,1,0,1
116900104,9,60,-51
116900105,92,13,79
116900106,169,425,-256
116900107,3558,448,3110
116900110,11,0,11
116900111,47,1231,-1184
116900112,14,641,-627
116900113,2308,308,2000
116900116,21,66,-45
116900117,9,77,-68
116900118,824,267,557
116900120,64,51,13
116900121,44,25,19
116900122,165,881,-716
116900123,49,759,-710
116900124,24,625,-601
116900125,62,187,-125
116900126,164,319,-155
116900128,0,39,-39
116900129,2,348,-346
116900130,1081,964,117
116900131,39,107,-68
116900132,6,40,-34
116900133,16,97,-81
116900134,73,183,-110
116900136,74,95,-21
116900137,106,135,-29
116900138,49,166,-117
116900139,42,280,-238
116900140,74,158,-84
116900141,254,300,-46
116900142,2,5,-3
116900143,82,394,-312
116900144,1,14,-13
116900145,35,336,-301
116900147,298,190,108
116900148,0,19,-19
116900149,0,45,-45
116900150,2,2,0
116900151,5,2,3
116900153,7,24,-17
116900154,57,101,-44
116900155,10,30,-20
116900157,72,179,-107
116900158,9,35,-26
116900159,15,154,-139
116900160,344,122,222
116900161,7433,1324,6109
116900162,0,99,-99
116900163,23,110,-87
116900164,5,24,-19
116900165,29,70,-41
116900166,3,62,-59
116900167,76,46,30
116900168,74,44,30
116900169,229,68,161
116900170,39,165,-126
116900171,6,205,-199
116900172,88,24,64
116900173,20,62,-42
116900174,9,10,-1
116900175,39,49,-10
116900178,4,191,-187
116900179,45,28,17
116900180,14,21,-7
116900182,138,141,-3
116900183,53,51,2
116900185,7,3,4
116900186,25,358,-333
116900187,3,8,-5
116900188,18,15,3
116900189,4,0,4
116900191,117,241,-124
116900192,78,96,-18
116900194,9,178,-169
116900195,13,4,9
116900196,13,108,-95
116900197,26,1,25
116900198,190,62,128
116900200,4,46,-42
116900201,13,2,11
116900202,49,47,2
116900203,20,0,20
116900204,12,33,-21
116900206,0,43,-43
116900207,5,30,-25
116900208,2,65,-63
116900209,5,102,-97
116900210,142,100,42
116900211,90,4,86
116900212,1,80,-79
116900213,20,91,-71
116900214,21,125,-104
116900215,6,35,-29
116900216,73,305,-232
116900218,4,350,-346
116900219,579,325,254
116900220,25,82,-57
116900221,27,170,-143
116900222,107,197,-90
116900223,35,133,-98
116900226,18,75,-57
116900227,26,48,-22
116900228,75,277,-202
116900230,8,328,-320
116900231,11,398,-387
116900232,0,302,-302
116900233,20,29,-9
116900234,5,1,4
116900235,63,357,-294
116900238,958,255,703
116900239,34,251,-217
116900240,5007,837,4170
116900241,10,123,-113
116900242,305,108,197
116900243,11,141,-130
116900245,21,1,20
116900246,6,2,4
116900247,55,13,42
116900248,5,16,-11
116900249,31,28,3
116900250,45,28,17
116900251,166,39,127
116900252,10,820,-810
116900253,8,40,-32
116900254,2,65,-63
116900255,40,13,27
116900256,48,27,21
116900257,9,590,-581
116900258,1,444,-443
116900259,13,2,11
116900260,0,176,-176
116900261,10,0,10
116900262,39,125,-86
116900263,0,6,-6
116900264,0,2,-2
116900265,1,0,1
116900266,0,30,-30
116900267,0,1,-1
116900268,0,10,-10
116900269,80,267,-187
116900271,2666,49,2617
116900272,273,478,-205
116900273,110,18,92
116900274,10,34,-24
116900275,14,99,-85
116900276,431,23,408
116900277,334,4,330
116900278,0,10,-10
116900279,2,14,-12
116900280,1,22,-21
116900281,6642,812,5830
116900282,6,138,-132
116900283,2,101,-99
116900284,5,180,-175
116900285,120,26,94
116900286,49,2,47
116900287,1,61,-60
116900288,8,114,-106
116900289,3,19,-16
116900290,0,24,-24
116900291,0,8,-8
116900292,0,0,0
116900293,0,90,-90
116900294,6,64,-58
116900295,6,3,3
116900296,2,3,-1
116900297,0,4,-4
116900298,4,4,0
116900299,2,13,-11
116900300,13,42,-29
116900301,9,14,-5
116900302,3,27,-24
116900303,310,31,279
116900304,0,65,-65
116900305,1,4,-3
116900306,4,55,-51
117000001,425,556,-131
117000002,659,3096,-2437
117000003,1979,1095,884
117000004,2616,3683,-1067
117000005,453,599,-146
117000006,399,3134,-2735
117000007,729,394,335
117000008,796,3087,-2291
117000009,1387,517,870
117000010,1469,2895,-1426
117000011,347,772,-425
117000012,488,1431,-943
117000013,249,555,-306
117000014,321,1746,-1425
117000015,1313,481,832
117000016,129,31,98
117000017,79,125,-46
117000018,23,235,-212
117000019,0,0,0
117000020,341,681,-340
117000021,2154,137,2017
117000022,158,20,138
117000023,89,53,36
117000024,261,107,154
117000025,408,565,-157
117000026,500,192,308
117000027,996,654,342
117000028,101,103,-2
117000030,129,250,-121
117000031,26,16,10
117000032,866,1035,-169
117000033,683,698,-15
117000034,67,131,-64
117000035,25,15,10
117000036,108,114,-6
117000037,6,10,-4
117000038,23,155,-132
117000039,31,189,-158
117000040,43,1479,-1436
117000041,182,42,140
117000044,20,1068,-1048
117000045,74,19,55
117000046,218,675,-457
117000047,78,172,-94
117000048,1472,928,544
117000049,85,360,-275
117000050,62,2947,-2885
117000051,563,83,480
117000052,10,763,-753
117000053,66,74,-8
117000054,286,2,284
117000055,9,3460,-3451
117000056,175,1,174
117000057,472,1525,-1053
117000060,186,1711,-1525
117000061,218,223,-5
117000062,89,343,-254
117000063,299,190,109
117000064,549,531,18
117000066,862,447,415
117000067,32,157,-125
117000074,27,28,-1
117000076,57,10,47
117000077,99,34,65
117000078,36,277,-241
117000079,60,48,12
117000080,0,328,-328
117000081,106,51,55
117000082,9,34,-25
117000083,4,0,4
117000084,7,0,7
117000085,37,235,-198
117000086,327,590,-263
117000087,43,321,-278
117000088,67,33,34
117000089,412,120,292
117000090,104,1599,-1495
117000091,159,122,37
117000092,131,1914,-1783
117000093,228,228,0
117000094,334,2270,-1936
117000095,456,286,170
117000096,307,2429,-2122
117000097,304,435,-131
117000098,1901,5273,-3372
117000099,652,264,388
117000100,38,78,-40
117000101,120,1162,-1042
117000102,264,232,32
117000103,597,1726,-1129
117000104,296,250,46
117000105,371,1920,-1549
117000106,153,163,-10
117000107,284,2452,-2168
117000108,202,236,-34
117000109,1080,2768,-1688
117000110,312,204,108
117000111,1195,2138,-943
117000112,826,980,-154
117000113,59,366,-307
117000114,9,45,-36
117000115,34,164,-130
117000116,14,123,-109
117000117,602,159,443
117000118,57,75,-18
117000119,32,13,19
117000120,34,28,6
117000121,38,113,-75
117000122,273,178,95
117000123,741,7,734
117000124,105,13,92
117000125,70,43,27
117000126,27,20,7
117000127,53,235,-182
117000128,113,313,-200
117000129,25,5,20
117000130,3,2,1
117000131,0,8,-8
117000132,252,67,185
117000133,225,395,-170
117000134,1,91,-90
117000135,2,46,-44
117000136,1,51,-50
117000137,10,14,-4
117000138,0,275,-275
117000140,246,1633,-1387
117000141,285,149,136
117000181,778,155,623
117000182,51,43,8
117000195,99,1189,-1090
117000196,37,21,16
117000225,27,1,26
117000226,2,20,-18
117000276,36,4,32
117000277,3,479,-476
117000310,1853,1499,354
117000315,5,165,-160
117000320,1,1,0
117000906,25,4,21
117000907,1,450,-449
117000908,22,12,10
117000909,21,23,-2
117000910,89,68,21
117000911,86,79,7
117000915,6,643,-637
117000916,2,0,2
117000917,140,6,134
117000918,5,6,-1
117000919,4,108,-104
117000920,3,1653,-1650
117000921,4,2231,-2227
117000922,0,0,0
117000924,217,41,176
117000926,1021,54,967
117000927,105,147,-42
117000928,0,222,-222
117000929,43,520,-477
117000930,24,19,5
117000931,256,34,222
117900002,100,243,-143
117900003,661,134,527
117900005,3,13,-10
117900006,0,36,-36
117900007,36,176,-140
117900008,0,43,-43
117900010,32,178,-146
117900011,7,10,-3
117900012,21,217,-196
117900013,1,256,-255
117900014,38,337,-299
117900015,2,213,-211
117900016,755,130,625
117900017,78,466,-388
117900018,109,11,98
117900019,73,610,-537
117900020,22,39,-17
117900021,8,136,-128
117900022,3,11,-8
117900023,508,43,465
117900024,11,180,-169
117900025,15,9,6
117900026,83,457,-374
117900028,12,0,12
117900029,78,921,-843
117900030,35,74,-39
117900031,13,17,-4
117900032,126,141,-15
117900033,41,808,-767
117900034,24,13,11
117900035,24,23,1
117900036,57,699,-642
117900037,5,64,-59
117900038,10,416,-406
117900039,0,72,-72
117900040,99,622,-523
117900041,3,45,-42
117900042,4029,329,3700
117900043,22,45,-23
117900044,137,407,-270
117900045,34,27,7
117900048,81,281,-200
117900049,21,574,-553
117900050,5,8,-3
117900051,2,0,2
117900052,24,61,-37
117900053,380,658,-278
117900054,2,31,-29
117900055,81,24,57
117900056,111,4,107
117900057,527,842,-315
117900058,85,43,42
117900059,47,17,30
117900060,251,4984,-4733
117900061,12,57,-45
117900063,32,150,-118
117900065,458,843,-385
117900066,2,12,-10
117900067,60,324,-264
117900069,95,417,-322
117900070,61,2,59
117900071,14,78,-64
117900073,87,389,-302
117900074,7,0,7
117900075,10,35,-25
117900076,1,19,-18
117900077,29,37,-8
117900078,117,206,-89
117900080,30,40,-10
117900081,273,297,-24
117900082,147,82,65
117900083,40,708,-668
117900086,20,27,-7
117900087,5,38,-33
117900088,1885,1111,774
117900089,389,107,282
117900090,61,894,-833
117900091,116,63,53
117900092,6,32,-26
117900093,7,42,-35
117900094,8,1,7
117900095,43,555,-512
117900096,14,133,-119
117900097,11,31,-20
117900098,1,0,1
117900099,23,420,-397
117900100,23,0,23
117900101,230,425,-195
117900102,3,22,-19
117900103,3,2,1
117900104,2,72,-70
117900105,45,82,-37
117900106,7,21,-14
117900107,6,1,5
117900109,71,171,-100
117900110,4,0,4
117900111,39,0,39
117900112,12,16,-4
117900113,2348,562,1786
117900114,2,0,2
117900115,30,11,19
117900116,485,421,64
117900117,251,312,-61
117900118,7,0,7
117900119,25,356,-331
117900120,44,105,-61
117900121,5,25,-20
117900122,551,432,119
117900123,149,918,-769
117900124,365,364,1
117900125,436,438,-2
117900126,193,422,-229
117900127,113,528,-415
117900128,55,874,-819
117900129,11,0,11
117900130,256,241,15
117900131,0,84,-84
117900132,8,106,-98
117900133,0,137,-137
117900134,10,196,-186
117900135,22,290,-268
117900136,0,38,-38
117900137,16,323,-307
117900138,1,44,-43
117900139,3,62,-59
117900140,4408,98,4310
117900141,70,172,-102
117900142,4,4,0
117900144,23,23,0
117900145,18,7,11
117900146,42,40,2
117900147,15,33,-18
117900148,1894,531,1363
117900149,25,119,-94
117900150,17,181,-164
117900151,3,215,-212
117900152,45,60,-15
117900153,2,75,-73
117900154,58,431,-373
117900156,310,209,101
117900157,7,157,-150
117900158,13,11,2
117900160,198,197,1
117900161,2004,1724,280
117900162,24,177,-153
117900163,41,11,30
117900165,0,6,-6
117900166,36,69,-33
117900168,55,143,-88
117900169,0,111,-111
117900170,1,25,-24
117900171,3,17,-14
117900172,12,46,-34
117900173,143,32,111
117900174,12,37,-25
117900175,1,25,-24
117900176,7,40,-33
117900177,10,66,-56
117900178,45,26,19
117900180,245,20,225
117900181,143,51,92
117900182,2,9,-7
117900183,7,120,-113
117900184,2,12,-10
117900185,2,22,-20
117900186,2,4,-2
117900187,9,3,6
117900188,55,4,51
117900189,29,4,25
117900190,2,1,1
117900191,8,0,8
117900192,11,1,10
117900193,7,37,-30
117900194,0,3,-3
117900195,3,4,-1
117900196,3,7,-4
117900207,63,22,41
117900208,13,37,-24
117900209,44,50,-6
117900210,74,85,-11
117900211,4,162,-158
117900212,32,91,-59
117900213,1,2,-1
117900214,0,64,-64
117900215,2,5,-3
117900216,1,1,0
117900217,24,24,0
117900218,47,21,26
117900219,0,23,-23
117900220,1,3,-2
117900221,0,0,0
118000001,170,176,-6
118000002,789,1293,-504
118000003,371,459,-88
118000004,1242,1200,42
118000005,1862,807,1055
118000006,5767,3298,2469
118000007,2992,1329,1663
118000008,2648,1847,801
118000009,1269,2117,-848
118000010,1997,2533,-536
118000011,257,2371,-2114
118000012,447,2278,-1831
118000013,2317,2289,28
118000014,995,2770,-1775
118000016,188,410,-222
118000017,51,158,-107
118000018,172,565,-393
118000019,1043,610,433
118000020,1268,800,468
118000021,549,990,-441
118000022,1369,303,1066
118000023,845,174,671
118000024,909,359,550
118000025,643,379,264
118000027,10078,1862,8216
118000029,935,309,626
118000032,654,655,-1
118000033,1083,1049,34
118000034,3008,1320,1688
118000035,607,925,-318
118000036,401,730,-329
118000037,241,552,-311
118000038,49,183,-134
118000039,44,228,-184
118000040,550,1956,-1406
118000041,632,1001,-369
118000045,277,60,217
118000046,986,407,579
118000047,999,269,730
118000048,1880,688,1192
118000051,1262,440,822
118000052,974,382,592
118000053,501,246,255
118000054,2127,642,1485
118000055,1797,543,1254
118000056,127,118,9
118000057,173,165,8
118000058,942,515,427
118000059,659,474,185
118000060,246,559,-313
118000061,363,772,-409
118000062,147,144,3
118000063,122,290,-168
118000064,436,606,-170
118000065,2626,637,1989
118000066,415,468,-53
118000067,706,403,303
118000068,1048,1673,-625
118000069,1673,743,930
118000070,5540,835,4705
118000071,2475,2198,277
118000072,1015,766,249
118000073,1120,242,878
118000074,131,178,-47
118000075,499,266,233
118000076,427,626,-199
118000077,749,820,-71
118000078,720,1095,-375
118000079,164,274,-110
118000080,714,609,105
118000081,590,659,-69
118000082,184,406,-222
118000083,1726,573,1153
118000084,1646,762,884
118000086,75,342,-267
118000087,5076,1499,3577
118000088,1041,1135,-94
118000089,3032,2025,1007
118000090,1878,1111,767
118000091,1680,834,846
118000092,1124,242,882
118000093,76,319,-243
118000096,208,253,-45
118000097,135,298,-163
118000098,80,166,-86
118000099,152,841,-689
118000101,252,224,28
118000102,105,915,-810
118000107,2727,208,2519
118000108,45,158,-113
118000110,0,16,-16
118000111,4,659,-655
118000112,0,0,0
118000113,6,1083,-1077
118000114,0,0,0
118000115,4,2,2
118000116,2,0,2
118000117,587,600,-13
118000118,244,367,-123
118000119,326,590,-264
118000120,769,1245,-476
118000121,12,336,-324
118000122,314,84,230
118000123,8,250,-242
118000125,950,1040,-90
118000126,263,1005,-742
118000127,705,321,384
118000128,431,918,-487
118000129,223,150,73
118000130,2447,3653,-1206
118000131,345,928,-583
118000132,699,535,164
118000133,161,305,-144
118000135,69,91,-22
118000136,53,470,-417
118000137,309,53,256
118000138,93,623,-530
118000139,90,111,-21
118000140,1837,1407,430
118000141,634,980,-346
118000142,659,1661,-1002
118000143,499,411,88
118000144,1005,573,432
118000145,1178,2069,-891
118000146,414,1188,-774
118000147,378,1564,-1186
118000148,133,830,-697
118000149,275,805,-530
118000150,96,50,46
118000151,55,237,-182
118000153,201,613,-412
118000154,251,965,-714
118000155,266,611,-345
118000156,1564,1349,215
118000157,156,187,-31
118000158,44,317,-273
118000159,1,15,-14
118000160,96,143,-47
118000161,145,753,-608
118000162,295,448,-153
118000163,179,419,-240
118000164,958,775,183
118000168,1767,129,1638
118000169,601,1469,-868
118000170,2387,5339,-2952
118000171,22,206,-184
118000172,22,79,-57
118000173,291,740,-449
118000175,98,126,-28
118000176,65,141,-76
118000177,84,212,-128
118000178,14,27,-13
118000179,585,148,437
118000180,191,236,-45
118000181,325,209,116
118000182,179,177,2
118000183,95,100,-5
118000184,89,449,-360
118000185,947,420,527
118000186,342,462,-120
118000187,354,749,-395
118000188,134,167,-33
118000189,96,680,-584
118000190,4,3,1
118000191,4,25,-21
118000192,35,65,-30
118000193,28,115,-87
118000194,1092,412,680
118000195,575,294,281
118000196,93,18,75
118000197,108,63,45
118000198,236,196,40
118000199,275,183,92
118000200,3,30,-27
118000201,192,223,-31
118000202,4,3,1
118000203,681,164,517
118000204,139,90,49
118000205,192,105,87
118000206,53,69,-16
118000207,1,87,-86
118000208,370,791,-421
118000209,700,1430,-730
118000210,8,19,-11
118000211,1,30,-29
118000213,232,309,-77
118000214,328,183,145
118000215,113,232,-119
118000216,15,616,-601
118000217,10,71,-61
118000218,19,68,-49
118000219,157,234,-77
118000220,0,6,-6
118000221,33,136,-103
118000222,82,17,65
118000223,0,9,-9
118000224,143,89,54
118000225,42,787,-745
118000226,42,22,20
118000227,409,106,303
118000228,74,88,-14
118000229,12,7,5
118000230,25,207,-182
118000231,11,126,-115
118000232,231,820,-589
118000233,218,374,-156
118000234,63,290,-227
118000236,137,461,-324
118000237,14,562,-548
118000238,56,341,-285
118000239,88,154,-66
118000240,434,70,364
118000241,29,232,-203
118000242,125,634,-509
118000243,17,174,-157
118000244,11,145,-134
118000246,0,5,-5
118000255,16,133,-117
118000256,17,150,-133
118000259,1,31,-30
118000260,13,63,-50
118000261,3,117,-114
118000263,25,141,-116
118000266,46,405,-359
118000267,0,106,-106
118000268,3,2,1
118000270,12,32,-20
118000271,30,203,-173
118000272,20,13,7
118000273,25,104,-79
118000274,62,285,-223
118000276,67,302,-235
118000295,3,31,-28
118000298,65,360,-295
118000299,35,170,-135
118000301,0,45,-45
118000302,31,61,-30
118000311,61,94,-33
118000312,22,276,-254
118000313,9,169,-160
118000314,13,80,-67
118000315,14,50,-36
118000316,116,319,-203
118000325,6,73,-67
118000326,9,33,-24
118000331,2,61,-59
118000332,9,53,-44
118000333,7,67,-60
118000335,0,0,0
118000336,1,378,-377
118000407,14,51,-37
118000457,2,17,-15
118000465,1568,1090,478
118000480,3,109,-106
118000489,27,48,-21
118000490,52,347,-295
118000492,63,107,-44
118000510,72,22,50
118000514,41,278,-237
118000515,102,70,32
118000517,384,206,178
118000524,547,126,421
118000525,464,581,-117
118000530,6,73,-67
118000531,61,132,-71
118000532,55,290,-235
118000533,136,124,12
118000534,138,350,-212
118000535,31,88,-57
118000536,143,107,36
118000537,5,36,-31
118000538,12,114,-102
118000539,4,36,-32
118000540,80,228,-148
118000541,36,88,-52
118000542,15,89,-74
118000543,84,93,-9
118000546,6,27,-21
118000560,2682,283,2399
118000562,5,219,-214
118000563,922,619,303
118000576,57,181,-124
118000577,108,110,-2
118000578,64,94,-30
118000579,404,513,-109
118000595,62,35,27
118000596,0,30,-30
118000597,30,112,-82
118000598,3,0,3
118000599,8,21,-13
118000600,0,38,-38
118000601,1,0,1
118000602,0,20,-20
118000603,0,23,-23
118900001,710,177,533
118900002,801,215,586
118900003,37,1,36
118900004,1,34,-33
118900005,10,1,9
118900006,2,0,2
118900007,7,2,5
118900008,598,26,572
118900009,1,2,-1
118900010,0,0,0
118900011,14,7,7
118900012,126,148,-22
118900013,84,2,82
118900015,51,18,33
118900016,5,13,-8
118900017,4,19,-15
118900018,358,5,353
118900019,32,2,30
118900020,17,21,-4
118900021,54,265,-211
118900022,73,72,1
118900023,19,21,-2
118900024,13,64,-51
118900025,0,1,-1
118900026,18,74,-56
118900027,79,63,16
118900028,23,104,-81
118900029,47,148,-101
118900030,1,6,-5
118900031,48,77,-29
118900032,9,39,-30
118900033,74,362,-288
118900034,2,1,1
118900035,33,239,-206
118900036,269,476,-207
118900037,46,105,-59
118900038,57,343,-286
118900039,44,127,-83
118900040,64,91,-27
118900041,59,50,9
118900042,23,67,-44
118900045,71,71,0
118900046,714,80,634
118900047,468,79,389
118900048,13,46,-33
118900049,14,7,7
118900050,7,148,-141
118900051,4,17,-13
118900052,28,108,-80
118900053,6,9,-3
118900054,15,28,-13
118900055,18,101,-83
118900056,2,33,-31
118900057,37,180,-143
118900058,48,168,-120
118900059,0,8,-8
118900060,22,72,-50
118900062,13,127,-114
118900064,281,102,179
118900065,17,58,-41
118900066,11,27,-16
118900067,7287,1179,6108
118900068,0,22,-22
118900069,37,191,-154
118900071,0,18,-18
118900072,84,151,-67
118900073,13,69,-56
118900074,7,25,-18
118900075,3,32,-29
118900076,27,37,-10
118900077,36,98,-62
118900078,4,2,2
118900079,14,61,-47
118900080,1,29,-28
118900081,4,20,-16
118900082,82,83,-1
118900083,6,24,-18
118900084,6,13,-7
118900085,263,580,-317
118900086,6,7,-1
118900087,10,47,-37
118900088,0,18,-18
118900089,3,2,1
118900090,174,317,-143
118900091,64,22,42
118900092,33,99,-66
118900093,19,6,13
118900096,6,4,2
118900097,51,750,-699
118900099,1,227,-226
118900100,84,86,-2
118900101,11,746,-735
118900102,8,77,-69
118900103,17,40,-23
118900104,41,199,-158
118900105,159,71,88
118900107,138,85,53
118900108,18,113,-95
118900109,344,45,299
118900110,211,96,115
118900111,83,325,-242
118900112,3,50,-47
118900113,9,454,-445
118900114,11,42,-31
118900115,54,239,-185
118900116,19,109,-90
118900117,16,124,-108
118900118,53,438,-385
118900119,27,264,-237
118900120,23,233,-210
118900121,0,193,-193
118900122,4,182,-178
118900123,66,206,-140
118900124,14,84,-70
118900126,4,91,-87
118900129,28,92,-64
118900130,2,32,-30
118900131,24,258,-234
118900132,53,107,-54
118900133,9,16,-7
118900135,21,160,-139
118900136,96,764,-668
118900137,1,10,-9
118900139,35,399,-364
118900140,97,765,-668
118900141,10,205,-195
118900144,23,828,-805
118900145,3,152,-149
118900146,85,582,-497
118900147,11,32,-21
118900148,3,37,-34
118900150,5,101,-96
118900152,84,682,-598
118900157,18,27,-9
118900158,2,27,-25
118900159,1,116,-115
118900161,5,0,5
118900163,115,24,91
118900164,0,61,-61
118900165,16,546,-530
118900166,7,0,7
118900167,14,230,-216
118900168,0,39,-39
118900169,38,497,-459
118900170,15,96,-81
118900171,1,35,-34
118900174,9,43,-34
118900175,25,263,-238
118900176,9,105,-96
118900177,8,38,-30
118900178,7,73,-66
118900179,3,37,-34
118900181,38,80,-42
118900182,36,22,14
118900183,6,25,-19
118900184,75,23,52
118900185,10,77,-67
118900186,40,70,-30
118900187,50,177,-127
118900188,52,176,-124
118900189,7,119,-112
118900190,5,375,-370
118900191,9,6,3
118900192,13,5,8
118900193,16,7,9
118900195,37,518,-481
118900196,14,128,-114
118900197,12,16,-4
118900198,8,42,-34
118900199,8,49,-41
118900200,1,3,-2
118900201,2,2,0
118900202,10,45,-35
118900203,3,74,-71
118900204,2,17,-15
118900205,1,8,-7
118900206,0,37,-37
119000001,421,504,-83
119000002,1646,1573,73
119000003,606,1360,-754
119000004,658,773,-115
119000005,629,885,-256
119000006,572,1063,-491
119000007,1023,1572,-549
119000008,847,1946,-1099
119000009,2395,1563,832
119000010,7595,3824,3771
119000011,5145,1075,4070
119000012,4754,1881,2873
119000013,1708,916,792
119000014,1504,2392,-888
119000019,79,162,-83
119000020,410,1164,-754
119000021,1503,1426,77
119000022,2629,664,1965
119000023,35,61,-26
119000024,1551,2833,-1282
119000025,11615,804,10811
119000026,207,130,77
119000027,381,197,184
119000028,1202,884,318
119000029,110,169,-59
119000030,310,877,-567
119000031,333,513,-180
119000032,1845,1695,150
119000033,1258,1045,213
119000034,569,890,-321
119000035,15,299,-284
119000036,325,969,-644
119000037,327,1947,-1620
119000038,46,1014,-968
119000039,114,229,-115
119000040,641,250,391
119000041,756,557,199
119000048,3323,3250,73
119000049,644,3446,-2802
119000050,725,1409,-684
119000051,895,763,132
119000052,1015,1923,-908
119000053,1023,884,139
119000054,1070,2897,-1827
119000055,978,2606,-1628
119000056,628,1583,-955
119000057,626,1997,-1371
119000058,879,1724,-845
119000059,460,924,-464
119000060,406,619,-213
119000061,306,546,-240
119000062,697,1272,-575
119000063,91,136,-45
119000064,679,1167,-488
119000065,1271,3287,-2016
119000066,1169,511,658
119000067,1054,2372,-1318
119000068,576,782,-206
119000069,606,2147,-1541
119000070,688,917,-229
119000071,362,732,-370
119000072,5368,3319,2049
119000073,4718,3579,1139
119000074,399,3498,-3099
119000075,384,2255,-1871
119000076,506,752,-246
119000077,720,370,350
119000078,173,269,-96
119000079,45,369,-324
119000080,39,228,-189
119000081,99,287,-188
119000082,296,254,42
119000083,157,271,-114
119000084,94,371,-277
119000085,223,117,106
119000086,138,391,-253
119000087,871,549,322
119000088,164,189,-25
119000089,41,94,-53
119000090,60,45,15
119000091,110,224,-114
119000092,239,83,156
119000093,2839,3026,-187
119000094,1047,3290,-2243
119000095,455,2528,-2073
119000097,2449,1203,1246
119000098,355,944,-589
119000099,1266,1258,8
119000100,1121,1496,-375
119000101,3359,2454,905
119000102,516,368,148
119000103,1121,356,765
119000104,2471,1224,1247
119000105,254,449,-195
119000106,104,1991,-1887
119000107,189,279,-90
119000108,80,1400,-1320
119000109,88,478,-390
119000110,795,608,187
119000111,59,404,-345
119000112,318,180,138
119000113,3414,249,3165
119000114,498,218,280
119000115,100,57,43
119000116,70,44,26
119000117,76,225,-149
119000118,1,2,-1
119000123,1030,335,695
119000124,116,109,7
119000125,637,800,-163
119000126,95,710,-615
119000127,120,1005,-885
119000128,111,8,103
119000131,237,1173,-936
119000132,7,15,-8
119000133,0,1,-1
119000134,912,316,596
119000135,23,237,-214
119000136,44,347,-303
119000137,46,614,-568
119000138,83,476,-393
119000139,40,370,-330
119000140,47,221,-174
119000284,1245,1945,-700
119000285,2199,1836,363
119000286,4119,2916,1203
119000287,995,1632,-637
119000288,695,1282,-587
119000289,1186,2877,-1691
119000290,98,514,-416
119000291,17,253,-236
119000293,32,174,-142
119000294,26,18,8
119000295,1908,525,1383
119000296,45,114,-69
119000302,4081,1072,3009
119000303,7,42,-35
119000314,1167,3254,-2087
119000315,1,663,-662
119000316,21,96,-75
119000317,13,550,-537
119900001,68,348,-280
119900002,13,135,-122
119900003,19,1178,-1159
119900004,232,132,100
119900005,29,124,-95
119900006,32,245,-213
119900007,77,30,47
119900008,31,15,16
119900009,205,546,-341
119900010,1802,1255,547
119900011,6,12,-6
119900012,8,28,-20
119900013,894,543,351
119900014,822,196,626
119900015,25,13,12
119900016,2,91,-89
119900017,0,9,-9
119900018,637,71,566
119900019,4,4,0
119900020,39,97,-58
119900021,19,29,-10
119900022,43,109,-66
119900023,421,193,228
119900025,14,22,-8
119900026,649,46,603
119900027,2,20,-18
119900028,34,8,26
119900029,0,9,-9
119900030,67,242,-175
119900031,9,77,-68
119900033,2263,58,2205
119900034,29,157,-128
119900037,15,22,-7
119900038,9,30,-21
119900039,5,1,4
119900040,21,3,18
119900041,13,94,-81
119900042,34,105,-71
119900043,8,137,-129
119900044,90,95,-5
119900046,11,101,-90
119900047,41,13,28
119900048,2,26,-24
119900049,8,10,-2
119900050,31,29,2
119900051,85,3,82
119900052,2,106,-104
119900053,60,153,-93
119900054,8,6,2
119900055,168,133,35
119900057,25,87,-62
119900058,42,0,42
119900059,64,32,32
119900060,28,4,24
119900061,22,7,15
119900062,7,54,-47
119900063,9,29,-20
119900064,38,35,3
119900065,28,0,28
119900066,0,0,0
119900067,12,88,-76
119900068,66,0,66
119900069,9,3,6
119900070,133,11,122
119900071,53,4,49
119900072,27,579,-552
119900073,1260,267,993
119900074,7,13,-6
119900075,5132,1305,3827
119900076,91,426,-335
119900077,86,1331,-1245
119900078,33,538,-505
119900079,18,236,-218
119900080,92,161,-69
119900081,5,85,-80
119900082,191,494,-303
119900083,0,17,-17
119900084,111,77,34
119900085,131,54,77
119900086,10,534,-524
119900087,39,105,-66
119900088,20,73,-53
119900089,2,570,-568
119900090,153,64,89
119900091,12,1085,-1073
119900092,4,464,-460
119900093,364,48,316
119900094,10,197,-187
119900095,98,80,18
119900096,18,102,-84
119900097,247,127,120
119900098,7,59,-52
119900099,7,395,-388
119900100,2501,1169,1332
119900101,184,629,-445
119900102,6,379,-373
119900103,8,529,-521
119900104,14,276,-262
119900105,542,1776,-1234
119900106,7,283,-276
119900107,232,3104,-2872
119900108,1694,690,1004
119900109,10,150,-140
119900110,157,626,-469
119900111,12,352,-340
119900112,2387,352,2035
119900113,45,549,-504
119900114,50,1792,-1742
119900115,40,1306,-1266
119900116,32,170,-138
119900117,89,1104,-1015
119900118,1,1244,-1243
119900119,41,363,-322
119900120,382,679,-297
119900121,72,1496,-1424
119900122,107,338,-231
119900123,83,142,-59
119900124,12,1093,-1081
119900125,21,343,-322
119900126,6498,133,6365
119900127,2103,570,1533
119900128,63,838,-775
119900129,28,867,-839
119900130,63,211,-148
119900131,18,344,-326
119900132,1,311,-310
119900133,3,22,-19
119900134,1768,214,1554
119900135,0,453,-453
119900136,101,526,-425
119900138,253,608,-355
119900139,7,58,-51
119900140,0,88,-88
119900141,71,165,-94
119900142,3,9,-6
119900143,0,220,-220
119900144,1844,122,1722
119900145,24,225,-201
119900146,72,79,-7
119900147,0,71,-71
119900148,33,24,9
119900149,1365,1959,-594
119900150,78,174,-96
119900151,816,672,144
119900152,21,353,-332
119900153,11,17,-6
119900154,2,306,-304
119900155,5,72,-67
119900156,6,1,5
119900157,13,282,-269
119900158,29,41,-12
119900159,4,1933,-1929
119900160,1,312,-311
119900161,139,239,-100
119900162,277,254,23
119900163,47,78,-31
119900164,0,0,0
119900165,12,273,-261
119900166,21,19,2
119900167,31,170,-139
119900168,235,277,-42
119900169,118,78,40
119900170,60,79,-19
119900171,269,527,-258
119900172,46,10,36
119900173,1,616,-615
119900174,3,351,-348
119900175,191,385,-194
119900177,15,235,-220
119900178,5,282,-277
119900179,15,110,-95
119900180,229,431,-202
119900181,36,7,29
119900182,2,558,-556
119900183,86,1065,-979
119900184,2887,379,2508
119900185,8,31,-23
119900186,15,104,-89
119900187,7,671,-664
119900188,16,343,-327
119900189,157,70,87
119900190,24,89,-65
119900191,76,75,1
119900192,4,213,-209
119900193,64,145,-81
119900194,3,8,-5
119900195,11,290,-279
119900196,1865,300,1565
119900197,48,42,6
119900198,71,476,-405
119900199,101,13,88
119900200,72,259,-187
119900201,325,224,101
119900202,84,13,71
119900203,22,106,-84
119900204,39,183,-144
119900205,89,385,-296
119900206,8,123,-115
119900208,32,69,-37
119900209,115,222,-107
119900210,1,14,-13
119900211,27,5,22
119900212,34,265,-231
119900213,0,34,-34
119900214,4,97,-93
119900215,5,107,-102
119900216,7,136,-129
119900217,7,111,-104
119900218,7,78,-71
119900219,3,178,-175
119900220,4,189,-185
119900221,4,474,-470
119900222,7,327,-320
119900223,21,104,-83
119900224,43,39,4
119900225,1446,53,1393
119900226,783,594,189
119900227,1549,289,1260
119900228,58,378,-320
119900229,127,299,-172
119900230,900,446,454
119900231,12,102,-90
119900232,47,19,28
119900233,4,1,3
119900234,0,22,-22
119900235,1,8,-7
119900236,1,181,-180
119900237,27,501,-474
119900238,1,103,-102
119900240,20,179,-159
119900241,49,244,-195
119900242,1383,332,1051
119900244,462,1662,-1200
119900245,23,98,-75
119900246,44,57,-13
119900247,8,8,0
119900248,5,7,-2
119900249,54,9,45
119900253,3286,182,3104
119900254,16,56,-40
119900255,44,632,-588
119900256,33,1536,-1503
119900257,3,0,3
119900258,10,34,-24
119900259,1,187,-186
119900260,4,0,4
119900261,70,166,-96
119900262,0,362,-362
119900263,689,356,333
119900264,10,256,-246
119900265,72,454,-382
119900266,62,234,-172
119900267,31,284,-253
119900268,38,282,-244
119900269,113,2039,-1926
119900271,27,74,-47
119900272,17,26,-9
119900275,13,1,12
119900276,9,1,8
119900277,2,1,1
119900278,145,20,125
119900279,38,93,-55
119900280,846,195,651
119900281,2,35,-33
119900282,6,5,1
119900283,4,316,-312
119900284,49,264,-215
119900285,11,39,-28
119900286,3,21,-18
119900288,3,26,-23
119900289,0,31,-31
119900290,0,20,-20
119900291,0,25,-25
119900292,6,6,0
119900293,2,24,-22
119900294,2,51,-49
119900295,1,32,-31
119900296,4,216,-212
119900297,0,32,-32
119900298,5,31,-26
119900299,4,378,-374
119900300,83,294,-211
119900301,12,15,-3
119900302,4,28,-24
119900303,31,175,-144
119900304,13,13,0
119900305,9,84,-75
119900306,7,2,5
119900307,12,95,-83
119900308,4,7,-3
119900309,4,15,-11
119900310,134,273,-139
119900311,4,142,-138
119900312,6,58,-52
119900313,65,356,-291
119900314,11,111,-100
119900315,141,2732,-2591
119900318,6,4,2
119900319,4,423,-419
119900320,22,730,-708
119900321,8,1,7
120000001,5447,3507,1940
120000002,1380,2703,-1323
120000003,2631,1837,794
120000004,2208,2250,-42
120000005,4237,1947,2290
120000006,916,1112,-196
120000007,2130,1666,464
120000008,560,1094,-534
120000009,4888,936,3952
120000010,803,3395,-2592
120000011,462,2093,-1631
120000012,1365,2916,-1551
120000013,819,2474,-1655
120000014,300,1168,-868
120000015,1061,1221,-160
120000016,1149,910,239
120000017,476,737,-261
120000018,2735,3004,-269
120000019,271,540,-269
120000020,1120,1228,-108
120000021,990,1069,-79
120000022,2500,2189,311
120000023,341,1059,-718
120000024,882,1430,-548
120000025,841,1662,-821
120000026,284,1474,-1190
120000027,583,1131,-548
120000028,552,360,192
120000029,4381,467,3914
120000030,71,710,-639
120000031,1348,5287,-3939
120000032,9748,2363,7385
120000033,1104,1414,-310
120000034,560,1908,-1348
120000035,828,2089,-1261
120000036,1187,2748,-1561
120000037,199,419,-220
120000038,9866,2741,7125
120000039,239,1086,-847
120000040,39,126,-87
120000041,244,2302,-2058
120000042,1080,6405,-5325
120000043,2819,3082,-263
120000044,1400,1179,221
120000045,1499,946,553
120000046,832,1341,-509
120000047,1663,1721,-58
120000048,7913,2100,5813
120000049,1216,2224,-1008
120000050,1580,3621,-2041
120000051,3851,3002,849
120000052,16379,1870,14509
120000053,464,4207,-3743
120000054,1082,7392,-6310
120000055,526,4191,-3665
120000056,2315,5091,-2776
120000057,1006,1274,-268
120000058,173,133,40
120000059,116,1465,-1349
120000061,50,540,-490
120000062,161,411,-250
120000063,1823,3981,-2158
120000064,158,2051,-1893
120000065,356,2076,-1720
120000066,75,468,-393
120000067,21,577,-556
120000068,77,1305,-1228
120000069,294,1842,-1548
120000070,21,1139,-1118
120000071,62,168,-106
120000072,111,430,-319
120000073,110,91,19
120000074,35,72,-37
120000075,67,141,-74
120000076,406,224,182
120000077,500,281,219
120000078,2645,329,2316
120000079,13,25,-12
120000080,5,22,-17
120000081,22,27,-5
120000082,25,56,-31
120000083,16,48,-32
120000084,273,482,-209
120000085,169,307,-138
120000086,95,680,-585
120000087,50,1241,-1191
120000088,300,1018,-718
120000089,248,158,90
120000090,90,191,-101
120000091,112,412,-300
120000092,204,216,-12
120000093,57,207,-150
120000094,24,127,-103
120000095,396,794,-398
120000096,113,1363,-1250
120000098,345,1006,-661
120000099,91,603,-512
120000100,271,758,-487
120000101,142,491,-349
120000102,125,228,-103
120000103,202,196,6
120000104,300,112,188
120000105,364,120,244
120000106,342,147,195
120000107,490,182,308
120000108,116,42,74
120000109,197,41,156
120000110,57,922,-865
120000111,60,1374,-1314
120000112,290,4574,-4284
120000113,236,3152,-2916
120000114,194,2392,-2198
120000115,140,2057,-1917
120000116,328,1876,-1548
120000117,1044,1856,-812
120000118,9,5,4
120000119,16,16,0
120000120,8,14,-6
120000121,18,15,3
120000122,29,27,2
120000123,6179,858,5321
120000124,153,279,-126
120000125,112,569,-457
120000126,67,273,-206
120000127,494,207,287
120000128,1160,1363,-203
120000129,103,81,22
120000130,249,340,-91
120000131,98,383,-285
120000134,197,1161,-964
120000135,47,288,-241
120000137,30,2297,-2267
120000138,118,496,-378
120000139,51,1092,-1041
120000140,125,650,-525
120000141,60,560,-500
120000142,79,648,-569
120000143,7,124,-117
120000144,8,0,8
120000145,30,0,30
120000146,1015,342,673
120000149,218,928,-710
120000150,4090,6364,-2274
120000151,201,212,-11
120000152,80,244,-164
120000153,91,743,-652
120000154,191,296,-105
120000155,40,95,-55
120000156,838,160,678
120000157,285,467,-182
120000158,261,809,-548
120000159,1085,1944,-859
120000160,1036,871,165
120000161,565,2425,-1860
120000162,20,107,-87
120000163,127,1351,-1224
120000164,134,500,-366
120000165,120,961,-841
120000166,191,555,-364
120000167,5,23,-18
120000168,7,51,-44
120000169,164,140,24
120000170,273,86,187
120000171,95,34,61
120000172,22,9,13
120000173,3083,78,3005
120000174,227,2,225
120000175,531,5,526
120000176,115,92,23
120000177,1630,568,1062
120000178,127,5,122
120000179,410,20,390
120000180,779,103,676
120000181,181,64,117
120000182,65,44,21
120000183,9,173,-164
120000184,74,2427,-2353
120000186,6,18,-12
120000187,15,24,-9
120000188,116,21,95
120000190,1020,1,1019
120000191,1463,2,1461
120000192,1752,13,1739
120000193,695,19,676
120000195,123,1,122
120000196,245,34,211
120000197,51,152,-101
120000198,23,292,-269
120000199,6,0,6
120000200,3,1,2
120000201,10,5,5
120000202,1,79,-78
120000203,3,454,-451
120000207,2,153,-151
120000208,10,275,-265
120000209,1,101,-100
120000210,146,80,66
120000211,29,1,28
120000212,21,0,21
120000213,19,454,-435
120000214,2,556,-554
120000215,2,146,-144
120000216,57,2,55
120000217,911,1732,-821
120000218,231,1984,-1753
120000219,18,1332,-1314
120000220,9,4436,-4427
120000225,175,1,174
120000226,34,0,34
120000227,266,8,258
120000228,10596,1639,8957
120000230,50,3,47
120000231,236,2453,-2217
120000233,35,7,28
120000235,97,691,-594
120000236,0,2,-2
120000237,5,3221,-3216
120000238,0,97,-97
120000241,466,745,-279
120000412,901,2,899
120000413,24,344,-320
120000414,9,3,6
120000415,2,153,-151
120000416,6,7,-1
120000417,2,104,-102
120000418,10,3,7
120000419,9,439,-430
120000420,17,16,1
120000421,14995,5379,9616
120000422,274,315,-41
120000423,4,38,-34
120000424,10,189,-179
120000436,55,123,-68
120000437,142,148,-6
120000438,5381,394,4987
120000439,36,103,-67
120000443,48,0,48
120000444,101,471,-370
120000445,353,481,-128
120000446,601,135,466
120000447,0,0,0
120000449,4,1,3
120000450,5,376,-371
120000451,19,149,-130
120000452,11,2,9
120000453,4,737,-733
120000454,14,6,8
120000455,11,52,-41
120000456,3304,2069,1235
120000457,1220,886,334
120000458,362,560,-198
120000459,20,37,-17
120000665,808,170,638
120000668,56,130,-74
120000669,30,377,-347
120000670,243,367,-124
120000671,135,134,1
120000672,51,371,-320
120900001,6,13,-7
120900002,52,165,-113
120900003,112,23,89
120900004,11,19,-8
120900005,5,1499,-1494
120900006,48,111,-63
120900007,25,133,-108
120900008,44,1247,-1203
120900009,50,18,32
120900010,70,14,56
120900011,201,66,135
120900012,788,315,473
120900013,58,10,48
120900014,2,856,-854
120900015,111,60,51
120900016,103,38,65
120900017,3027,105,2922
120900018,14,486,-472
120900019,119,32,87
120900020,233,205,28
120900021,68,27,41
120900022,16,357,-341
120900023,13,31,-18
120900024,1060,385,675
120900025,1741,620,1121
120900026,18,204,-186
120900027,412,118,294
120900028,49,12,37
120900029,11,70,-59
120900030,265,313,-48
120900031,31,5,26
120900032,168,89,79
120900033,165,12,153
120900034,80,868,-788
120900035,18,295,-277
120900037,40,1,39
120900038,25,30,-5
120900039,6,12,-6
120900040,22,2,20
120900041,44,19,25
120900042,33,37,-4
120900043,7,2,5
120900044,3,312,-309
120900045,100,237,-137
120900046,39,1,38
120900047,16,17,-1
120900048,12,2,10
120900049,50,0,50
120900050,3423,399,3024
120900051,64,79,-15
120900052,77,3,74
120900053,30,37,-7
120900054,886,608,278
120900055,37,1,36
120900056,48,0,48
120900057,30,7,23
120900058,61,0,61
120900059,17,0,17
120900060,22,26,-4
120900061,100,231,-131
120900062,55,0,55
120900063,64,0,64
120900064,50,1,49
120900065,33,8,25
120900066,27,364,-337
120900067,32,6,26
120900068,18,0,18
120900069,22,82,-60
120900071,4,0,4
120900072,93,2,91
120900073,62,250,-188
120900074,81,6,75
120900076,19,1,18
120900077,3205,238,2967
120900078,86,636,-550
120900079,92,102,-10
120900080,75,3208,-3133
120900081,89,1187,-1098
120900082,361,138,223
120900083,7,4,3
120900084,36,60,-24
120900085,51,31,20
120900086,80,69,11
120900087,71,38,33
120900088,92,91,1
120900089,5380,456,4924
120900090,20,217,-197
120900091,144,89,55
120900092,312,652,-340
120900093,4763,287,4476
120900094,397,228,169
120900095,56,34,22
120900096,19,97,-78
120900097,569,1501,-932
120900098,212,179,33
120900099,18,106,-88
120900100,23,496,-473
120900101,126,325,-199
120900102,6,154,-148
120900103,15,127,-112
120900104,6,74,-68
120900105,17,995,-978
120900106,864,638,226
120900107,445,176,269
120900108,2,1181,-1179
120900109,12,987,-975
120900110,9,873,-864
120900111,94,400,-306
120900112,9,1631,-1622
120900113,8,1095,-1087
120900114,12,314,-302
120900115,59,76,-17
120900116,36,734,-698
120900117,1,647,-646
120900118,7,1007,-1000
120900119,4423,4060,363
120900120,17,825,-808
120900121,54,497,-443
120900122,61,755,-694
120900123,4,623,-619
120900124,5,862,-857
120900125,9,1166,-1157
120900126,815,666,149
120900127,6,732,-726
120900128,705,841,-136
120900129,39,519,-480
120900130,4,618,-614
120900131,6,50,-44
120900132,108,483,-375
120900133,189,1113,-924
120900134,133,596,-463
120900135,1,885,-884
120900136,5,9,-4
120900137,20,151,-131
120900138,3,248,-245
120900139,7,1032,-1025
120900140,0,34,-34
120900141,16,93,-77
120900142,26,1045,-1019
120900143,6,1367,-1361
120900144,0,341,-341
120900145,90,1015,-925
120900146,5,1316,-1311
120900147,0,225,-225
120900148,18,86,-68
120900149,1,481,-480
120900150,14,587,-573
120900151,2,846,-844
120900152,0,75,-75
120900153,1,94,-93
120900154,2,338,-336
120900155,39,1313,-1274
120900156,5,422,-417
120900157,7,221,-214
120900158,8,598,-590
120900159,2,341,-339
120900160,39,350,-311
120900161,13,2565,-2552
120900162,2,2113,-2111
120900163,3,44,-41
120900164,0,1,-1
120900165,0,0,0
120900166,6,32,-26
120900167,29,67,-38
120900169,9,681,-672
120900170,1912,614,1298
120900171,1254,232,1022
120900172,1438,70,1368
120900173,0,58,-58
120900174,1,129,-128
120900175,302,159,143
120900176,2,96,-94
120900177,0,152,-152
120900178,0,114,-114
120900179,261,363,-102
120900180,84,50,34
120900181,10,128,-118
120900182,14,468,-454
120900183,643,71,572
120900184,112,69,43
120900185,1,433,-432
120900186,2,569,-567
120900187,90,333,-243
120900188,18,11,7
120900189,61,104,-43
120900190,5,19,-14
120900191,0,23,-23
120900192,15103,999,14104
120900194,7,87,-80
120900195,42,330,-288
120900196,378,54,324
120900197,134,6,128
120900198,94,588,-494
120900199,134,1311,-1177
120900200,88,48,40
120900201,679,174,505
120900202,1,265,-264
120900203,9,36,-27
120900204,323,525,-202
120900205,39,86,-47
120900206,3,0,3
121000001,738,1044,-306
121000002,927,726,201
121000003,4131,1852,2279
121000004,1922,1411,511
121000005,1566,2094,-528
121000006,1856,776,1080
121000007,2496,2812,-316
121000008,2439,1365,1074
121000009,7726,3888,3838
121000010,6418,1855,4563
121000011,12332,7058,5274
121000012,13474,3488,9986
121000013,5658,4941,717
121000014,6393,3958,2435
121000015,3384,4428,-1044
121000016,3342,2642,700
121000017,1114,2720,-1606
121000018,1333,1261,72
121000019,11248,4447,6801
121000020,8014,3791,4223
121000021,1486,2165,-679
121000022,1149,1107,42
121000023,2474,2112,362
121000024,1562,2073,-511
121000025,593,484,109
121000026,111,45,66
121000027,1539,768,771
121000028,360,380,-20
121000029,294,533,-239
121000030,64,148,-84
121000031,301,517,-216
121000032,105,77,28
121000034,11,19,-8
121000035,58,47,11
121000036,282,341,-59
121000037,186,467,-281
121000038,261,425,-164
121000039,162,124,38
121000041,139,277,-138
121000042,78,190,-112
121000043,465,363,102
121000044,878,269,609
121000045,205,433,-228
121000046,69,202,-133
121000047,7,48,-41
121000049,1337,586,751
121000050,166,690,-524
121000051,153,226,-73
121000052,160,466,-306
121000053,157,7,150
121000054,17,148,-131
121000055,1516,849,667
121000056,595,673,-78
121000057,81,145,-64
121000058,278,102,176
121000059,789,322,467
121000060,258,484,-226
121000061,28,61,-33
121000062,58,100,-42
121000063,292,337,-45
121000064,135,156,-21
121000065,197,280,-83
121000066,207,286,-79
121000067,666,194,472
121000068,136,100,36
121000069,145,104,41
121000070,570,861,-291
121000071,280,442,-162
121000072,866,455,411
121000073,428,566,-138
121000074,105,183,-78
121000075,48,31,17
121000076,647,265,382
121000077,30,11,19
121000078,29,76,-47
121000080,2216,458,1758
121000081,790,719,71
121000082,120,216,-96
121000083,99,37,62
121000084,146,79,67
121000085,368,442,-74
121000086,119,451,-332
121000087,27,156,-129
121000088,161,345,-184
121000089,147,142,5
121000090,167,204,-37
121000091,1945,514,1431
121000092,131,62,69
121000093,64,168,-104
121000094,238,172,66
121000095,132,202,-70
121000096,2208,1534,674
121000097,1400,1108,292
121000098,197,924,-727
121000099,178,836,-658
121000100,140,508,-368
121000101,15,61,-46
121000102,49,402,-353
121000103,8,56,-48
121000104,53,157,-104
121000105,94,246,-152
121000106,15,47,-32
121000107,1514,2955,-1441
121000109,1504,799,705
121000110,189,294,-105
121000114,1980,1749,231
121000115,792,541,251
121000116,383,552,-169
121000117,1023,143,880
121000118,702,221,481
121000119,105,232,-127
121000120,156,315,-159
121000121,133,299,-166
121000123,384,232,152
121000126,80,261,-181
121000127,80,88,-8
121000128,151,567,-416
121000129,217,311,-94
121000130,236,714,-478
121000131,527,415,112
121000132,342,586,-244
121000135,286,269,17
121000136,1013,344,669
121000137,276,64,212
121000138,352,260,92
121000139,350,60,290
121000141,98,95,3
121000142,673,338,335
121000143,99,3,96
121000144,591,488,103
121000145,191,959,-768
121000146,398,597,-199
121000147,313,362,-49
121000148,301,720,-419
121000149,756,834,-78
121000152,157,302,-145
121000153,1498,373,1125
121000154,592,320,272
121000155,786,589,197
121000156,396,625,-229
121000157,1687,933,754
121000158,287,437,-150
121000159,99,610,-511
121000160,179,743,-564
121000161,64,337,-273
121000162,22,245,-223
121000165,1091,627,464
121000166,67,232,-165
121000168,82,189,-107
121000169,10,180,-170
121000170,64,62,2
121000171,72,188,-116
121000172,276,467,-191
121000173,1105,568,537
121000174,106,412,-306
121000175,209,376,-167
121000176,220,192,28
121000177,351,551,-200
121000178,20,47,-27
121000179,33,77,-44
121000181,192,213,-21
121000182,42,130,-88
121000183,36,38,-2
121000184,6,55,-49
121000185,10,117,-107
121000186,88,325,-237
121000187,124,266,-142
121000188,92,219,-127
121000192,279,296,-17
121000193,280,291,-11
121000194,1997,1541,456
121000195,213,649,-436
121000196,277,119,158
121000197,76,620,-544
121000198,61,91,-30
121000199,30,566,-536
121000200,112,82,30
121000201,7,300,-293
121000202,45,5,40
121000203,177,2010,-1833
121000204,426,222,204
121000205,56,324,-268
121000206,68,75,-7
121000207,353,357,-4
121000208,3,475,-472
121000209,50,481,-431
121000210,119,714,-595
121000211,29,100,-71
121000212,166,726,-560
121000213,5876,1240,4636
121000214,445,542,-97
121000215,1070,536,534
121000216,281,312,-31
121000217,1835,1000,835
121000218,379,1629,-1250
121000219,535,252,283
121000220,258,91,167
121000221,82,190,-108
121000222,1648,2237,-589
121000223,146,315,-169
121000224,60,55,5
121000225,588,517,71
121000226,692,320,372
121000227,5,198,-193
121000228,12,1030,-1018
121000229,18,520,-502
121000230,76,1939,-1863
121000231,0,0,0
121000232,156,38,118
121000233,142,207,-65
121000234,4,38,-34
121000235,23,11,12
121000236,0,37,-37
121000237,4,2,2
121000238,1,78,-77
121000239,7,1,6
121000240,4,162,-158
121000241,17,8,9
121000242,4,138,-134
121000243,14,3,11
121000244,0,57,-57
121000245,4,0,4
121000246,0,81,-81
121000247,6,0,6
121000248,77,326,-249
121000249,26,215,-189
121000250,97,52,45
121000251,9,456,-447
121000252,22,24,-2
121000253,63,551,-488
121000254,185,198,-13
121000255,54,118,-64
121000256,35,98,-63
121000257,12,75,-63
121000258,22,31,-9
121000259,7,51,-44
121000260,30,129,-99
121000261,28,28,0
121000262,859,368,491
121000263,362,457,-95
121000271,225,1164,-939
121000273,31,11,20
121000274,1,36,-35
121000275,2,25,-23
121000276,0,7,-7
121000278,2,22,-20
121000279,5,12,-7
121000280,5,24,-19
121000289,29,6,23
121000290,633,436,197
121000294,12,257,-245
121000297,437,273,164
121000299,102,171,-69
121000300,685,423,262
121000302,104,209,-105
121000303,204,166,38
121000304,55,6,49
121000305,14,4,10
121000306,7,37,-30
121000308,89,279,-190
121000309,192,485,-293
121000310,25,394,-369
121000311,64,560,-496
121000312,68,50,18
121000313,496,247,249
121000314,69,40,29
121000315,29,24,5
121000530,401,1156,-755
121000531,674,1209,-535
121000532,3514,2252,1262
121000533,1208,1214,-6
121000918,3,249,-246
121000919,2,11,-9
121000938,509,115,394
121000939,584,58,526
121000956,209,1223,-1014
121000957,1,17,-16
121000958,12,72,-60
121000959,115,930,-815
121000960,311,1884,-1573
121000961,73,2,71
121000962,185,436,-251
121000973,0,149,-149
121000976,2,56,-54
121000979,5,4,1
121000981,101,8,93
121000982,36,55,-19
121000983,77,340,-263
121000984,4,15,-11
121000985,86,555,-469
121000986,14,438,-424
121000987,88,1804,-1716
121000988,244,96,148
121001302,200,112,88
121001308,6,13,-7
121001309,25,39,-14
121001313,24,379,-355
121001314,4373,3003,1370
121001315,3397,1032,2365
121900001,47,111,-64
121900002,3,21,-18
121900003,8,0,8
121900004,13,138,-125
121900005,1,7,-6
121900006,2,1,1
121900007,19,245,-226
121900008,1,2,-1
121900009,5,1,4
121900010,20,0,20
121900011,62,101,-39
121900012,1,0,1
121900013,85,1,84
121900014,169,27,142
121900015,3,18,-15
121900016,0,0,0
121900017,22,54,-32
121900018,41,0,41
121900019,51,88,-37
121900020,4,0,4
121900021,77,0,77
121900022,22,15,7
121900023,2,22,-20
121900024,126,12,114
121900025,62,63,-1
121900026,0,0,0
121900027,60,12,48
121900028,76,0,76
121900029,2,19,-17
121900030,118,114,4
121900031,194,587,-393
121900032,43,29,14
121900033,32,30,2
121900034,24,16,8
121900035,389,167,222
121900036,1,27,-26
121900037,16,122,-106
121900038,5,41,-36
121900039,25,4,21
121900040,6,11,-5
121900041,8,24,-16
121900042,20,24,-4
121900043,0,3,-3
121900044,214,19,195
121900046,4,20,-16
121900047,20,10,10
121900048,5,54,-49
121900050,1,4,-3
121900051,14,45,-31
121900052,1,3,-2
121900053,51,48,3
121900054,88,140,-52
121900055,0,2,-2
121900058,21,102,-81
121900059,12,10,2
121900060,8,94,-86
121900061,11,26,-15
121900062,1,0,1
121900063,69,79,-10
121900064,11,131,-120
121900066,3,3,0
121900067,0,0,0
121900069,135,76,59
121900070,17,24,-7
121900071,25,52,-27
121900072,4,43,-39
121900073,29,40,-11
121900074,24,34,-10
121900075,41,52,-11
121900076,11,140,-129
121900077,0,14,-14
121900078,2,1,1
121900079,0,0,0
121900080,69,113,-44
121900082,3,63,-60
121900084,2,161,-159
121900085,1,2,-1
121900086,0,5,-5
121900087,38,20,18
121900088,525,595,-70
121900089,4,100,-96
121900090,0,87,-87
121900091,0,21,-21
121900092,0,10,-10
121900093,4,30,-26
121900094,5,1,4
121900095,46,32,14
121900096,196,18,178
121900097,16,14,2
121900098,0,0,0
121900099,10,8,2
121900100,3,16,-13
121900101,11,41,-30
121900102,0,11,-11
121900103,33,10,23
121900104,218,83,135
121900105,6,8,-2
121900106,0,0,0
121900107,0,5,-5
121900108,0,0,0
121900109,73,22,51
121900110,27,456,-429
121900111,372,105,267
121900112,10,8,2
121900113,4,18,-14
121900114,0,0,0
121900115,26,84,-58
121900117,18,7,11
121900118,665,93,572
121900119,13,131,-118
121900120,7,557,-550
121900121,0,0,0
121900122,0,0,0
121900123,39,73,-34
121900124,11,57,-46
121900125,331,452,-121
121900127,1,23,-22
121900128,17,85,-68
121900129,590,42,548
121900130,3,32,-29
121900131,40,31,9
121900132,7,55,-48
121900133,9,5,4
121900134,0,29,-29
121900135,519,92,427
121900136,4,165,-161
121900137,18,64,-46
121900138,12,57,-45
121900139,143,91,52
121900140,3,14,-11
121900141,4,1,3
121900142,6,11,-5
121900143,1,19,-18
121900144,302,201,101
121900145,25,40,-15
121900146,72,276,-204
121900147,26,123,-97
121900148,18,81,-63
121900149,85,236,-151
121900150,29,134,-105
121900151,5,64,-59
121900152,20,33,-13
121900153,14,89,-75
121900154,1,50,-49
121900155,0,27,-27
121900156,75,79,-4
121900157,4,175,-171
121900158,31,40,-9
121900159,0,53,-53
121900160,0,71,-71
121900161,79,70,9
121900162,26,33,-7
121900163,19,457,-438
121900164,73,54,19
121900165,13,66,-53
121900166,18,50,-32
121900167,35,14,21
121900168,31,46,-15
121900169,0,267,-267
121900170,0,60,-60
121900171,76,132,-56
121900172,48,124,-76
121900173,101,24,77
121900174,0,2,-2
121900175,0,64,-64
121900176,171,1168,-997
121900177,20,23,-3
121900178,0,4,-4
121900179,39,33,6
121900180,4781,1079,3702
121900182,56,59,-3
121900183,76,83,-7
121900184,7,144,-137
121900186,2,215,-213
121900187,4,59,-55
121900188,202,70,132
121900189,2,52,-50
121900190,52,119,-67
121900191,4,6,-2
121900192,269,85,184
121900193,0,3,-3
121900194,0,70,-70
121900195,11,40,-29
121900196,47,48,-1
121900197,171,1174,-1003
121900198,363,70,293
121900199,0,7,-7
121900200,15,47,-32
121900201,146,121,25
121900202,23,59,-36
121900203,18,55,-37
121900204,328,133,195
121900205,1,16,-15
121900206,1,2,-1
121900207,36,8,28
121900208,13,67,-54
121900209,4,2,2
121900210,31,60,-29
121900211,0,88,-88
121900212,16,36,-20
121900213,5,16,-11
121900214,4,111,-107
121900215,0,5,-5
121900216,8,23,-15
121900217,25,15,10
121900218,16,15,1
121900219,56,41,15
121900220,21,0,21
121900221,42,144,-102
121900222,3,34,-31
121900223,0,2,-2
121900224,1,4,-3
121900225,2,6,-4
121900226,0,0,0
121900227,21,66,-45
121900228,32,32,0
121900229,44,180,-136
121900230,30,5,25
121900231,64,18,46
121900232,27,57,-30
121900233,103,97,6
121900234,24,104,-80
121900235,22,52,-30
121900236,55,17,38
121900237,81,182,-101
121900238,52,62,-10
121900239,17,12,5
121900240,22,30,-8
121900241,0,16,-16
121900242,0,0,0
121900243,0,0,0
121900244,0,0,0
121900245,44,41,3
121900246,2,3,-1
121900247,73,73,0
121900248,223,154,69
121900250,47,42,5
121900251,11,0,11
121900252,379,30,349
121900253,16,275,-259
121900254,129,65,64
121900255,15,9,6
121900258,256,37,219
121900259,46,49,-3
121900260,5,84,-79
121900261,21,87,-66
121900262,64,122,-58
121900263,8,61,-53
121900264,726,324,402
121900265,18,116,-98
121900266,13,53,-40
121900267,0,0,0
121900269,12,46,-34
121900270,4,52,-48
121900271,11,55,-44
121900273,91,282,-191
121900274,10,69,-59
121900276,33,28,5
121900277,50,842,-792
121900278,8,410,-402
121900279,31,166,-135
121900280,38,143,-105
121900281,36,2,34
121900284,23,3,20
121900286,7,138,-131
121900287,3,9,-6
121900290,74,102,-28
121900291,116,218,-102
121900292,22,43,-21
121900293,438,1897,-1459
121900294,70,0,70
121900295,8,54,-46
121900296,2,2,0
121900298,36,98,-62
121900299,0,0,0
121900300,0,0,0
121900301,10,0,10
121900302,0,14,-14
121900303,52,108,-56
121900304,0,0,0
121900305,0,0,0
121900306,1,0,1
121900307,0,7,-7
121900308,4,243,-239
121900309,5,180,-175
121900310,5,355,-350
121900311,19,6,13
121900312,11,1,10
121900313,21,2,19
121900314,0,63,-63
121900315,0,0,0
121900316,0,3,-3
121900317,0,0,0
121900318,0,8,-8
121900319,0,0,0
121900320,17,36,-19
121900321,0,0,0
121900322,0,11,-11
121900323,6,4,2
121900324,0,0,0
121900325,0,0,0
121900326,0,7,-7
121900327,1,8,-7
121900328,0,18,-18
121900329,1,108,-107
121900330,0,2,-2
121900331,30,3,27
121900332,0,0,0
121900333,0,0,0
122000001,1353,1759,-406
122000002,2716,700,2016
122000003,1263,745,518
122000004,1836,540,1296
122000005,1366,565,801
122000006,1141,265,876
122000007,538,439,99
122000008,3273,1375,1898
122000009,434,85,349
122000010,1425,1466,-41
122000011,1946,539,1407
122000012,593,711,-118
122000013,675,666,9
122000014,901,837,64
122000015,654,529,125
122000016,204,524,-320
122000017,790,698,92
122000018,740,944,-204
122000019,412,1188,-776
122000020,126,126,0
122000021,439,229,210
122000022,482,413,69
122000023,192,723,-531
122000024,552,538,14
122000025,652,705,-53
122000026,1003,466,537
122000027,400,1683,-1283
122000028,428,179,249
122000029,120,136,-16
122000030,211,66,145
122000031,60,78,-18
122000032,581,966,-385
122000033,244,346,-102
122000034,299,330,-31
122000035,206,376,-170
122000036,178,431,-253
122000037,215,153,62
122000038,151,217,-66
122000039,263,295,-32
122000040,244,118,126
122000041,251,316,-65
122000042,87,251,-164
122000043,70,42,28
122000044,39,60,-21
122000045,576,338,238
122000046,292,523,-231
122000047,182,101,81
122000048,1548,1436,112
122000049,2970,1472,1498
122000050,639,388,251
122000051,120,171,-51
122000052,186,123,63
122000053,38,279,-241
122000054,1225,1006,219
122000055,907,1281,-374
122000056,2135,1472,663
122000057,2222,1443,779
122000058,1988,942,1046
122000059,1884,1201,683
122000060,618,314,304
122000061,315,127,188
122000062,675,156,519
122000063,249,217,32
122000064,1993,2165,-172
122000065,2488,1888,600
122000066,563,636,-73
122000067,627,711,-84
122000068,422,608,-186
122000069,331,481,-150
122000070,193,809,-616
122000071,453,642,-189
122000072,185,202,-17
122000073,195,233,-38
122000074,537,389,148
122000075,212,325,-113
122000076,628,546,82
122000077,555,441,114
122000078,1585,1499,86
122000079,421,418,3
122000080,237,189,48
122000081,80,77,3
122000082,425,347,78
122000083,652,1433,-781
122000084,495,538,-43
122000085,141,1069,-928
122000086,1229,1536,-307
122000087,183,85,98
122000088,159,157,2
122000089,2823,1354,1469
122000090,167,235,-68
122000091,115,72,43
122000092,57,3,54
122000093,799,1043,-244
122000094,3429,991,2438
122000095,1600,732,868
122000096,888,340,548
122000098,1441,1097,344
122000099,759,516,243
122000100,488,337,151
122000101,104,298,-194
122000102,1062,758,304
122000103,451,849,-398
122000104,173,119,54
122000105,96,187,-91
122000106,257,308,-51
122000107,265,318,-53
122000108,228,437,-209
122000109,91,106,-15
122000110,133,283,-150
122000111,1582,645,937
122000112,311,580,-269
122000113,203,430,-227
122000114,1489,1264,225
122000115,1195,616,579
122000116,237,226,11
122000117,493,137,356
122000118,260,224,36
122000119,1763,1039,724
122000120,1609,1602,7
122000121,2168,1342,826
122000122,443,729,-286
122000123,954,419,535
122000124,348,178,170
122000125,297,430,-133
122000126,340,448,-108
122000127,746,545,201
122000128,248,499,-251
122000129,135,138,-3
122000130,1046,260,786
122000131,1004,248,756
122000132,723,329,394
122000133,492,1527,-1035
122000134,206,277,-71
122000135,332,692,-360
122000136,143,71,72
122000137,364,389,-25
122000139,647,1289,-642
122000140,651,264,387
122000141,3535,544,2991
122000142,114,469,-355
122000143,288,127,161
122000144,964,509,455
122000145,510,375,135
122000146,129,388,-259
122000147,297,169,128
122000148,1302,589,713
122000149,1101,430,671
122000150,597,353,244
122000151,134,223,-89
122000152,214,208,6
122000153,70,43,27
122000154,96,20,76
122000155,753,759,-6
122000156,2110,1585,525
122000157,1109,1073,36
122000158,140,381,-241
122000159,493,973,-480
122000160,1938,378,1560
122000161,508,210,298
122000162,935,498,437
122000163,291,61,230
122000164,29,93,-64
122000165,389,379,10
122000166,346,436,-90
122000167,134,215,-81
122000168,134,330,-196
122000169,268,124,144
122000170,126,214,-88
122000171,29,64,-35
122000172,739,754,-15
122000173,778,1039,-261
122000174,796,596,200
122000175,723,278,445
122000176,160,378,-218
122000177,900,1241,-341
122000178,1677,656,1021
122000179,1568,1258,310
122000180,981,677,304
122000181,1196,1409,-213
122000182,1815,334,1481
122000183,778,181,597
122000184,3533,1221,2312
122000185,1222,952,270
122000186,399,502,-103
122000187,512,735,-223
122000188,234,122,112
122000189,101,84,17
122000190,175,674,-499
122000191,419,184,235
122000192,337,99,238
122000193,73,262,-189
122000194,256,81,175
122000195,69,358,-289
122000196,509,264,245
122000197,161,105,56
122000198,272,725,-453
122000199,184,112,72
122000200,626,187,439
122000201,1043,1439,-396
122000202,620,787,-167
122000203,1162,912,250
122000204,675,1488,-813
122000205,698,666,32
122000206,1128,357,771
122000207,536,596,-60
122000208,635,998,-363
122000209,894,101,793
122000210,654,1784,-1130
122000211,464,1086,-622
122000212,192,250,-58
122000213,521,568,-47
122000214,636,670,-34
122000215,717,629,88
122000217,998,1100,-102
122000218,32,8,24
122000219,1399,879,520
122000220,155,639,-484
122000221,128,298,-170
122000222,365,59,306
122000223,505,403,102
122000225,327,142,185
122000226,476,1526,-1050
122000227,127,940,-813
122000228,154,371,-217
122000229,16,243,-227
122000230,32,668,-636
122000231,116,468,-352
122000232,193,620,-427
122000233,0,56,-56
122000234,42,191,-149
122000235,191,151,40
122000236,253,149,104
122000237,32,37,-5
122000238,41,52,-11
122000239,139,61,78
122000240,228,108,120
122000241,183,118,65
122000242,126,26,100
122000243,5,20,-15
122000244,4,267,-263
122000245,10,53,-43
122000246,3,20,-17
122000247,314,262,52
122000248,828,1265,-437
122000249,134,206,-72
122000250,564,168,396
122000251,193,230,-37
122000252,245,20,225
122000253,11,248,-237
122000254,36,42,-6
122000255,317,1176,-859
122000256,290,1277,-987
122000257,81,306,-225
122000258,59,203,-144
122000259,11,716,-705
122000260,7,118,-111
122000261,1,78,-77
122000262,1,54,-53
122000263,29,78,-49
122000264,51,84,-33
122000265,357,231,126
122000266,1001,145,856
122000267,28,58,-30
122000268,61,207,-146
122000269,218,173,45
122000270,146,91,55
122000271,125,927,-802
122000272,138,957,-819
122000273,98,488,-390
122000274,34,132,-98
122000275,16,113,-97
122000276,82,375,-293
122000277,270,645,-375
122000278,222,739,-517
122000279,47,396,-349
122000280,452,622,-170
122000281,250,629,-379
122000282,51,87,-36
122000283,334,38,296
122000284,63,45,18
122000285,227,82,145
122000286,73,137,-64
122000287,260,450,-190
122000288,98,112,-14
122000291,344,248,96
122000293,349,260,89
122000294,37,36,1
122000295,423,81,342
122000296,20,283,-263
122000297,2146,983,1163
122000299,101,373,-272
122000300,93,274,-181
122000301,11060,1081,9979
122000302,668,451,217
122000303,3910,674,3236
122000304,1,97,-96
122000305,517,141,376
122000306,16,836,-820
122000307,47,92,-45
122000309,12,52,-40
122000310,4,10,-6
122000311,31,20,11
122000312,27,21,6
122000313,2,21,-19
122000314,35,120,-85
122000315,38,6,32
122000316,121,104,17
122000317,298,103,195
122000318,91,127,-36
122000319,198,407,-209
122000320,180,2480,-2300
122000321,21,320,-299
122000322,1383,646,737
122000323,1007,620,387
122000324,740,760,-20
122000325,394,533,-139
122000326,1,44,-43
122000327,78,234,-156
122000328,469,842,-373
122000330,878,295,583
122000332,137,270,-133
122000333,6,185,-179
122000337,246,1909,-1663
122000338,76,403,-327
122000340,169,150,19
122000342,1778,822,956
122000343,112,649,-537
122000344,7,3,4
122000345,17,37,-20
122000346,313,343,-30
122000348,207,608,-401
122000349,63,441,-378
122000351,8,72,-64
122000352,133,30,103
122000353,9,107,-98
122000355,51,117,-66
122000356,851,503,348
122000357,7,6,1
122000358,1,47,-46
122000359,0,40,-40
122000360,1,30,-29
122000362,6,72,-66
122000364,25,295,-270
122000365,0,4,-4
122000366,12,6,6
122000368,212,453,-241
122000370,1,70,-69
122000371,1,0,1
122000372,1,0,1
122000381,9,213,-204
122000382,34,185,-151
122000384,1868,1070,798
122000385,1,0,1
122000386,56,323,-267
122000387,108,431,-323
122000388,297,196,101
122000389,148,555,-407
122000390,115,142,-27
122000391,23,12,11
122000392,125,249,-124
122000393,7,250,-243
122000394,82,310,-228
122000395,56,183,-127
122000396,98,104,-6
122000397,12,83,-71
122000398,3,8,-5
122000399,34,74,-40
122000400,53,91,-38
122000401,62,79,-17
122000402,12,3,9
122000403,212,1450,-1238
122000404,26,126,-100
122000408,295,731,-436
122000503,8,38,-30
122000524,130,72,58
122000544,4,360,-356
122000616,707,5,702
122000640,24,212,-188
122000641,21,463,-442
122000642,550,1097,-547
122000643,5,28,-23
122000644,119,17,102
122000645,63,128,-65
122000651,690,437,253
122000664,80,30,50
122000665,778,399,379
122000666,298,618,-320
122000673,10,385,-375
122000674,93,52,41
122000675,534,1095,-561
122000686,67,953,-886
122000687,100,373,-273
122000688,80,480,-400
122000689,199,663,-464
122000690,169,816,-647
122000691,116,1728,-1612
122000692,286,473,-187
122000693,129,1850,-1721
122000695,79,532,-453
122000696,35,236,-201
122000698,41,1029,-988
122000699,126,44,82
122000701,406,292,114
122000702,213,1065,-852
122000703,14,11,3
122000717,209,43,166
122000718,327,60,267
122000719,15,41,-26
122000720,25,92,-67
122900001,1,1,0
122900002,254,261,-7
122900003,39,19,20
122900004,104,2,102
122900005,42,1,41
122900006,147,24,123
122900007,32,3,29
122900008,278,7,271
122900009,94,14,80
122900010,0,1,-1
122900012,7,15,-8
122900013,0,0,0
122900014,44,156,-112
122900015,785,112,673
122900016,24,220,-196
122900017,130,454,-324
122900018,52,3,49
122900019,5,124,-119
122900020,333,216,117
122900021,17,225,-208
122900022,89,827,-738
122900023,85,318,-233
122900024,46,46,0
122900025,1,68,-67
122900026,113,253,-140
122900027,18,459,-441
122900028,46,72,-26
122900029,1812,371,1441
122900030,1411,177,1234
122900031,25,63,-38
122900032,64,123,-59
122900033,31,34,-3
122900034,811,813,-2
122900035,0,1,-1
122900036,4,12,-8
122900037,100,48,52
122900038,40,675,-635
122900039,27,138,-111
122900040,4,26,-22
122900041,10,29,-19
122900042,3,23,-20
122900043,50,40,10
122900044,3,26,-23
122900045,8,18,-10
122900046,6,19,-13
122900047,23,40,-17
122900048,4,46,-42
122900049,1091,51,1040
122900051,55,78,-23
122900052,12,34,-22
122900053,16,3,13
122900055,58,42,16
122900057,43,6,37
122900061,285,32,253
122900062,174,160,14
122900063,36,303,-267
122900064,479,366,113
122900065,141,87,54
122900066,169,151,18
122900067,1129,379,750
122900068,126,232,-106
122900069,149,330,-181
122900070,14,8,6
122900071,23,405,-382
122900072,9,573,-564
122900073,22,150,-128
122900074,34,433,-399
122900075,1,68,-67
122900076,4,137,-133
122900077,2,246,-244
122900078,5,183,-178
122900080,8,4,4
122900081,45,2,43
122900082,49,1,48
122900083,2,0,2
122900084,2,127,-125
122900086,0,2,-2
122900087,36,626,-590
122900088,8,23,-15
122900089,0,62,-62
122900090,9,647,-638
122900091,0,0,0
122900092,0,126,-126
122900093,0,171,-171
122900094,2,109,-107
122900095,0,0,0
122900096,0,100,-100
122900097,0,0,0
122900098,18,41,-23
122900099,1,1,0
122900100,104,30,74
122900101,81,24,57
122900102,3,4,-1
122900103,0,1,-1
122900104,3,1,2
122900105,0,1,-1
122900106,0,62,-62
122900107,1,93,-92
122900108,1,101,-100
123000001,1206,287,919
123000002,3916,1153,2763
123000003,2304,1339,965
123000004,3162,3517,-355
123000005,869,1078,-209
123000006,2499,2570,-71
123000007,725,1033,-308
123000008,1510,3510,-2000
123000009,1952,1505,447
123000010,3215,3537,-322
123000011,746,419,327
123000012,570,2127,-1557
123000013,1286,358,928
123000014,1206,3422,-2216
123000015,902,350,552
123000016,6910,2345,4565
123000017,2130,921,1209
123000018,44,97,-53
123000019,35,347,-312
123000020,48,121,-73
123000021,8,72,-64
123000022,227,430,-203
123000023,793,843,-50
123000024,473,319,154
123000025,4,40,-36
123000026,0,44,-44
123000027,78,274,-196
123000028,325,39,286
123000029,563,271,292
123000030,21,919,-898
123000031,46,351,-305
123000032,63,222,-159
123000033,46,38,8
123000034,359,333,26
123000035,143,123,20
123000036,128,216,-88
123000037,100,319,-219
123000038,68,197,-129
123000039,746,693,53
123000040,885,373,512
123000041,369,207,162
123000042,355,450,-95
123000043,1870,1890,-20
123000044,3864,1310,2554
123000045,8391,1183,7208
123000046,510,493,17
123000047,2487,708,1779
123000048,40,150,-110
123000049,5189,1732,3457
123000050,423,546,-123
123000051,19,28,-9
123000052,336,901,-565
123000053,1964,1313,651
123000054,836,686,150
123000055,557,563,-6
123000056,796,1332,-536
123000057,14111,2991,11120
123000058,305,357,-52
123000059,173,350,-177
123000060,313,224,89
123000061,118,413,-295
123000063,362,353,9
123000064,361,110,251
123000065,6604,2133,4471
123000066,951,575,376
123000067,202,374,-172
123000068,2349,2108,241
123000069,10600,2417,8183
123000070,137,600,-463
123000071,329,710,-381
123000072,637,1477,-840
123000073,285,527,-242
123000074,522,1874,-1352
123000075,99,371,-272
123000076,287,835,-548
123000077,1110,3169,-2059
123000078,451,1000,-549
123000079,443,1316,-873
123000080,1081,2314,-1233
123000081,164,715,-551
123000082,242,1018,-776
123000083,299,81,218
123000084,135,475,-340
123000085,49,138,-89
123000086,87,437,-350
123000087,35,523,-488
123000088,510,1332,-822
123000089,136,637,-501
123000090,696,912,-216
123000091,983,697,286
123000092,754,787,-33
123000094,225,194,31
123000095,123,372,-249
123000096,121,336,-215
123000097,163,1121,-958
123000098,145,368,-223
123000099,263,600,-337
123000100,331,320,11
123000101,493,211,282
123000102,238,321,-83
123000104,205,240,-35
123000105,446,383,63
123000106,373,253,120
123000107,247,363,-116
123000108,885,1073,-188
123000111,211,152,59
123000112,324,410,-86
123000113,341,1574,-1233
123000114,358,221,137
123000115,88,174,-86
123000116,14,110,-96
123000117,750,2006,-1256
123000118,232,988,-756
123000119,143,989,-846
123000120,230,827,-597
123000121,257,557,-300
123000122,187,188,-1
123000123,293,447,-154
123000124,312,402,-90
123000125,473,363,110
123000126,1399,1000,399
123000127,1746,759,987
123000128,127,341,-214
123000129,19,39,-20
123000130,63,13,50
123000131,167,218,-51
123000132,193,419,-226
123000133,142,300,-158
123000134,296,107,189
123000135,519,877,-358
123000136,142,1425,-1283
123000137,48,444,-396
123000138,38,505,-467
123000139,11,34,-23
123000140,123,707,-584
123000141,72,22,50
123000142,492,746,-254
123000143,775,2258,-1483
123000144,17,5,12
123000145,134,78,56
123000146,22,76,-54
123000147,32,67,-35
123000149,95,167,-72
123000150,101,115,-14
123000151,171,261,-90
123000152,97,256,-159
123000153,156,200,-44
123000154,1601,669,932
123000155,1961,529,1432
123000156,20,62,-42
123000157,246,658,-412
123000158,401,336,65
123000159,1809,988,821
123000160,377,178,199
123000161,660,288,372
123000162,214,570,-356
123000163,75,9,66
123000164,307,72,235
123000165,151,1829,-1678
123000166,15,118,-103
123000167,27,277,-250
123000168,90,387,-297
123000169,109,41,68
123000170,1,334,-333
123000171,13,31,-18
123000172,114,700,-586
123000173,153,33,120
123000174,125,63,62
123000175,696,1313,-617
123000176,525,34,491
123000177,353,1027,-674
123000178,155,26,129
123000179,8,870,-862
123000180,583,124,459
123000181,178,1205,-1027
123000182,44,465,-421
123000183,96,54,42
123000184,38,786,-748
123000185,81,202,-121
123000186,2,620,-618
123000187,98,3,95
123000188,13,0,13
123000189,81,241,-160
123000190,4,56,-52
123000192,6,334,-328
123000193,16,491,-475
123000194,297,198,99
123000195,50,0,50
123000196,57,6,51
123000197,31,77,-46
123000198,6,170,-164
123000199,3,401,-398
123000200,74,5,69
123000201,217,2,215
123000202,23,1298,-1275
123000203,160,20,140
123000204,39,1364,-1325
123000205,178,2046,-1868
123000206,428,28,400
123000207,33,922,-889
123000208,49,28,21
123000209,478,97,381
123000210,288,1352,-1064
123000211,587,2959,-2372
123000212,486,70,416
123000213,89,18,71
123000215,25,30,-5
123000216,111,134,-23
123000217,45,6,39
123000218,93,203,-110
123000219,236,6,230
123000220,113,5,108
123000221,97,82,15
123000222,113,549,-436
123000223,82,445,-363
123000224,120,381,-261
123000225,49,59,-10
123000226,8,453,-445
123000227,27,368,-341
123000228,6,27,-21
123000229,697,1776,-1079
123000232,67,469,-402
123000233,139,30,109
123000234,91,619,-528
123000235,47,125,-78
123000236,93,975,-882
123000237,62,11,51
123000238,20,747,-727
123000239,235,2120,-1885
123000240,49,148,-99
123000241,463,68,395
123000242,61,182,-121
123000243,242,894,-652
123000244,665,311,354
123000245,29,131,-102
123000249,367,433,-66
123000252,182,46,136
123000253,157,134,23
123000254,218,1006,-788
123000255,344,385,-41
123000256,27,237,-210
123000257,3082,2146,936
123000258,590,1184,-594
123000259,84,316,-232
123000260,146,628,-482
123000261,36,363,-327
123000262,44,286,-242
123000263,180,77,103
123000264,94,28,66
123000265,34,166,-132
123000266,259,565,-306
123000267,90,112,-22
123000268,10,47,-37
123000269,8,18,-10
123000270,6,22,-16
123000271,34,69,-35
123000272,367,35,332
123000273,35,180,-145
123000274,190,120,70
123000275,212,873,-661
123000278,2867,1815,1052
123000279,11,49,-38
123000280,100,333,-233
123000281,105,45,60
123000282,60,211,-151
123000283,29,17,12
123000284,21,154,-133
123000286,225,136,89
123000287,389,219,170
123000288,133,126,7
123000289,192,215,-23
123000291,285,725,-440
123000294,144,227,-83
123000295,327,497,-170
123000296,80,238,-158
123000297,83,587,-504
123000298,89,595,-506
123000299,5,78,-73
123000300,234,315,-81
123000301,33,119,-86
123000302,38,202,-164
123000303,19,46,-27
123000305,731,670,61
123000306,14,356,-342
123000309,42,73,-31
123000310,51,19,32
123000311,1,167,-166
123000312,536,906,-370
123000313,61,149,-88
123000315,35,321,-286
123000316,482,13,469
123000317,51,26,25
123000318,16,253,-237
123000329,59,33,26
123000337,22,214,-192
123000338,185,29,156
123000339,47,440,-393
123000340,60,245,-185
123000342,0,6,-6
123000343,0,0,0
123000344,639,278,361
123000345,147,511,-364
123000346,21,9,12
123000352,2068,642,1426
123000353,17,104,-87
123000354,90,34,56
123000355,0,286,-286
123000356,21,5,16
123000357,2,229,-227
123000359,1,219,-218
123000360,0,0,0
123000361,409,182,227
123000362,47,132,-85
123000363,15,307,-292
123000364,255,121,134
123000365,17,170,-153
123000366,158,602,-444
123000367,120,1012,-892
123000370,29,355,-326
123000371,15,1,14
123000372,25,6,19
123000373,6,381,-375
123000374,5,169,-164
123000375,70,6,64
123000376,231,306,-75
123000377,55,7,48
123000378,3,579,-576
123000379,2,161,-159
123000380,12,149,-137
123000381,21,7,14
123000382,220,12,208
123000383,112,408,-296
123000384,102,22,80
123000385,333,497,-164
123000436,55,700,-645
123000507,63,114,-51
123000508,99,194,-95
123000517,196,29,167
123000518,33,217,-184
123000519,121,68,53
123000520,54,220,-166
123000521,240,85,155
123000522,191,662,-471
123000541,0,0,0
123000542,0,27,-27
123000565,85,6,79
123000566,22,1007,-985
123000567,76,299,-223
123000573,22,1219,-1197
123000574,86,17,69
123000575,437,1172,-735
123000576,99,2064,-1965
123000577,64,399,-335
123000578,225,47,178
123000579,3086,1213,1873
123000580,49,8,41
123000582,38,3,35
123000583,15,574,-559
123000584,33,102,-69
123000585,0,85,-85
123000586,0,0,0
123000596,74,104,-30
123000597,13,43,-30
123000602,0,0,0
123000603,63,533,-470
123000604,130,1213,-1083
123000605,200,63,137
123000606,1,452,-451
123000609,18,326,-308
123000610,25,15,10
123000613,91,169,-78
123000614,52,17,35
123000615,66,210,-144
123000616,39,6,33
123000617,59,1162,-1103
123000618,18,841,-823
123000619,73,6,67
123000620,36,705,-669
123000622,71,3,68
123000624,29,3,26
123000630,156,220,-64
123000631,81,1808,-1727
123000632,830,1101,-271
123000633,0,115,-115
123000634,2,8,-6
123000635,169,81,88
123000636,7,657,-650
123000637,82,93,-11
123000638,145,68,77
123000639,235,509,-274
123000640,5,1139,-1134
123900001,1277,70,1207
123900002,18,442,-424
123900003,171,391,-220
123900005,34,19,15
123900006,17,10,7
124000001,541,14,527
124000002,105,1391,-1286
124000003,94,27,67
124000004,32,688,-656
124000005,117,60,57
124000006,126,1456,-1330
124000007,174,26,148
124000008,3,263,-260
124000009,44,78,-34
124000010,39,487,-448
124000011,107,91,16
124000012,90,944,-854
124000017,0,0,0
124000018,55,126,-71
124000019,0,0,0
124000020,35,153,-118
124000021,0,0,0
124000022,97,201,-104
124000023,748,794,-46
124000024,747,520,227
124000025,573,655,-82
124000026,1066,888,178
124000027,3473,1435,2038
124000028,2608,3019,-411
124000030,2463,776,1687
124000031,171,159,12
124000032,5423,897,4526
124000033,44,26,18
124000034,2178,455,1723
124000035,6,15,-9
124000036,36,121,-85
124000037,57,68,-11
124000038,17,15,2
124000039,442,117,325
124000040,320,266,54
124000041,127,22,105
124000042,57,259,-202
124000043,17,16,1
124000044,12,299,-287
124000045,161,229,-68
124000046,87,669,-582
124000047,276,385,-109
124000048,223,1947,-1724
124000049,409,309,100
124000050,286,2334,-2048
124000051,132,205,-73
124000052,139,1424,-1285
124000053,188,371,-183
124000054,404,710,-306
124000055,533,532,1
124000056,3419,1101,2318
124000057,258,242,16
124000058,251,1072,-821
124000059,146,283,-137
124000060,438,726,-288
124000061,687,1197,-510
124000062,5318,1248,4070
124000063,1137,1198,-61
124000064,1867,1564,303
124000065,10,75,-65
124000066,61,28,33
124000067,36,166,-130
124000068,2,19,-17
124000069,0,0,0
124000070,14,202,-188
124000071,42,38,4
124000072,81,573,-492
124000073,172,33,139
124000074,102,897,-795
124000075,0,0,0
124000076,4,244,-240
124000077,1021,293,728
124000078,1707,108,1599
124000079,471,572,-101
124000080,30,51,-21
124000081,66,685,-619
124000082,3,7,-4
124000083,11,159,-148
124000084,1,51,-50
124000085,37,46,-9
124000086,11,34,-23
124000087,30,22,8
124000088,72,104,-32
124000089,173,191,-18
124000090,37,398,-361
124000091,36,46,-10
124000092,31,502,-471
124000093,54,25,29
124000094,39,219,-180
124000095,14,68,-54
124000096,55,329,-274
124000097,15,65,-50
124000098,33,136,-103
124000099,4,35,-31
124000100,17,89,-72
124000101,25,93,-68
124000102,60,76,-16
124000103,30,69,-39
124000104,17,65,-48
124000105,10,28,-18
124000106,34,108,-74
124000107,5,48,-43
124000108,30,51,-21
124000109,50,28,22
124000110,60,90,-30
124000111,61,160,-99
124000112,239,681,-442
124000113,26,40,-14
124000114,62,589,-527
124000115,278,728,-450
124000116,42,44,-2
124000117,66,47,19
124000118,18,51,-33
124000119,269,585,-316
124000120,86,292,-206
124000121,840,310,530
124000122,494,688,-194
124000123,457,244,213
124000124,235,622,-387
124000125,168,237,-69
124000126,192,479,-287
124000127,276,269,7
124000128,269,952,-683
124000129,1027,786,241
124000130,630,519,111
124000131,549,366,183
124000132,680,681,-1
124000133,180,375,-195
124000134,374,620,-246
124000135,884,740,144
124000136,736,797,-61
124000137,659,314,345
124000138,1148,747,401
124000139,90,17,73
124000140,9,335,-326
124000141,5,3,2
124000142,3,85,-82
124000143,12,4,8
124000144,10,35,-25
124000145,50,13,37
124000146,15,150,-135
124000148,36,18,18
124000149,468,145,323
124000150,237,428,-191
124000151,223,81,142
124000152,306,837,-531
124000153,177,140,37
124000154,221,748,-527
124000155,440,254,186
124000156,800,685,115
124000169,41,120,-79
124000170,457,342,115
124000171,48,109,-61
124000172,200,580,-380
124000173,59,184,-125
124000174,98,658,-560
124000175,5,148,-143
124000176,0,0,0
124000177,15,35,-20
124000178,0,0,0
124000190,24,7,17
124000191,96,23,73
124000192,238,60,178
124000193,144,1038,-894
124000194,179,531,-352
124000195,67,256,-189
124000196,430,1063,-633
124000197,25,42,-17
124000198,11,22,-11
124000201,67,906,-839
124000202,0,43,-43
124000203,64,1044,-980
124000204,13,395,-382
124000205,40,686,-646
124000206,22,267,-245
124000207,0,69,-69
124000209,87,537,-450
124000210,58,158,-100
124000211,29,0,29
124000212,3,629,-626
124000213,34,357,-323
124000214,8,682,-674
124000215,0,0,0
124000216,4,576,-572
124000329,43,2175,-2132
124000338,21,1100,-1079
124000339,110,12,98
124000341,166,21,145
124000344,4,5,-1
124000357,259,336,-77
124000358,527,347,180
124000359,421,179,242
124000360,203,119,84
124000361,360,222,138
124000362,961,1714,-753
124000363,188,600,-412
124000364,412,1358,-946
124000365,586,1156,-570
124000366,1796,937,859
124000367,65,600,-535
124000368,50,51,-1
124000369,14,23,-9
124000370,34,445,-411
124000402,1,1,0
124000403,21,0,21
124000404,5,95,-90
124000405,600,361,239
124000406,632,724,-92
124000407,1,21,-20
124000411,1,397,-396
124000412,44,12,32
124000413,52,54,-2
124000414,27,88,-61
124000415,41,196,-155
124000416,41,304,-263
124000417,47,78,-31
124000418,20,162,-142
124000419,22,162,-140
124000420,9,88,-79
124000421,24,285,-261
124000422,9,7,2
124000423,50,22,28
124000424,1,85,-84
124000425,4,5,-1
124000426,5,36,-31
124000427,21,5,16
124000428,4,13,-9
124000429,3,82,-79
124000430,278,648,-370
124000431,98,908,-810
124000432,113,793,-680
124000439,1,3,-2
124000442,11,221,-210
124000443,2,9,-7
124000445,52,33,19
124000446,1151,44,1107
124900001,76,94,-18
124900002,47,369,-322
124900003,149,236,-87
124900004,80,151,-71
124900005,91,187,-96
124900006,100,220,-120
124900008,552,253,299
124900009,14,30,-16
124900010,19,11,8
124900011,79,57,22
124900012,89,15,74
124900013,108,45,63
124900014,17,44,-27
124900015,31,27,4
124900016,5,11,-6
124900017,313,82,231
124900018,1,0,1
124900020,5,13,-8
124900021,15,4,11
124900022,4,0,4
124900024,12,0,12
124900026,1,9,-8
124900027,22,86,-64
124900028,571,125,446
124900029,38,145,-107
124900030,3,140,-137
124900031,12,301,-289
124900032,156,71,85
124900033,67,386,-319
124900034,2,82,-80
124900035,73,313,-240
124900036,0,35,-35
124900037,64,239,-175
124900038,252,225,27
124900039,12,22,-10
124900040,11,82,-71
124900041,111,1010,-899
124900042,13,4,9
124900043,192,864,-672
124900044,11,0,11
124900045,497,416,81
124900046,1649,157,1492
124900047,50,146,-96
124900048,56,82,-26
124900050,78,195,-117
124900052,42,353,-311
124900053,23,305,-282
124900054,2704,242,2462
124900055,0,94,-94
124900057,2,46,-44
124900060,31,155,-124
124900061,15,3,12
124900062,8,1,7
124900066,0,26,-26
124900067,2,95,-93
124900068,145,90,55
124900070,3,0,3
124900072,10,7,3
124900074,36,155,-119
124900075,24,98,-74
124900076,16,81,-65
124900077,8,97,-89
124900078,4,4,0
124900079,318,14,304
124900080,38,571,-533
124900081,165,105,60
124900082,148,708,-560
124900083,72,463,-391
124900084,2232,57,2175
124900085,1035,72,963
124900086,14,203,-189
124900087,201,42,159
124900088,490,55,435
124900089,874,17,857
124900090,19,57,-38
124900091,86,492,-406
124900092,61,346,-285
124900093,37,49,-12
124900094,53,93,-40
124900095,21,110,-89
124900096,142,38,104
124900097,48,26,22
124900098,32,229,-197
124900099,315,155,160
124900100,33,6,27
124900101,5,38,-33
124900102,32,2,30
124900103,24,191,-167
124900104,10,171,-161
124900105,8,144,-136
124900106,33,5,28
124900107,19,7,12
124900108,60,8,52
124900109,6,64,-58
124900110,42,392,-350
124900111,0,28,-28
124900112,24,762,-738
124900113,2,54,-52
124900114,5,31,-26
124900115,4,4,0
124900116,19,39,-20
124900117,245,61,184
124900118,26,9,17
124900119,99,23,76
124900120,16,284,-268
124900121,32,38,-6
124900122,333,114,219
124900123,97,32,65
124900124,85,48,37
129000186,20,8,12
204000001,1,1,0
204000002,1,0,1
204000003,0,0,0
204000004,0,1,-1
204000005,110,106,4
204000006,266,204,62
204000008,315,149,166
204000011,8,56,-48
204000012,8,140,-132
204000013,0,51,-51
204000019,243,268,-25
204000020,219,398,-179
204000021,1144,378,766
204000022,135,266,-131
204000023,225,1004,-779
204000031,5,3,2
204000032,117,17,100
204000034,39,531,-492
204000035,8,6,2
204000036,11,16,-5
204000037,1,12,-11
204000038,0,15,-15
204000039,4,57,-53
204000040,5,39,-34
204000041,7,75,-68
204000042,4,1,3
204000043,1,2,-1
204000044,3,2,1
204000045,5,1,4
204000046,0,2,-2
204000057,2,101,-99
204000062,2,36,-34
204000068,27,163,-136
204000069,0,45,-45
204000070,25,40,-15
204000080,26,34,-8
204000085,536,1179,-643
204000086,1827,1312,515
204000087,37,43,-6
204000088,18,65,-47
204000090,42,629,-587
204000093,10,3,7
204000096,187,173,14
204000097,15,0,15
204000099,357,312,45
204000100,224,243,-19
204000105,895,1208,-313
204000110,673,1090,-417
204000111,263,759,-496
204000112,433,865,-432
204000113,190,711,-521
204000114,166,175,-9
204000115,104,189,-85
204000116,515,259,256
204000119,328,325,3
204000132,213,140,73
204000133,236,95,141
204000134,226,68,158
204000135,182,32,150
204000136,88,68,20
204000138,143,260,-117
204000140,56,100,-44
204000141,42,48,-6
204000144,3,11,-8
204000145,36,10,26
204000146,58,519,-461
204000147,24,156,-132
204000148,179,5,174
204000154,0,0,0
204000155,2,10,-8
204000177,17,15,2
204000179,0,0,0
204000180,0,59,-59
204000222,6,16,-10
204000235,32,28,4
204000236,39,330,-291
204000238,4,4,0
204000240,54,63,-9
204000263,181,919,-738
204000308,15,3,12
204000317,25,65,-40
204000322,13,31,-18
204000323,2,4,-2
204000328,38,4,34
204000329,41,158,-117
204000330,3,1,2
204000331,66,166,-100
204010341,11,161,-150
205000001,808,1000,-192
205000013,5,99,-94
205000014,27,172,-145
205000015,29,314,-285
205000016,18,229,-211
205000017,118,82,36
205000022,183,537,-354
205000025,1794,730,1064
205000029,58,12,46
205000045,45,120,-75
205000047,71,443,-372
205000048,71,630,-559
205000049,47,555,-508
205000050,952,235,717
205000059,1,331,-330
205000060,1,38,-37
205000061,0,17,-17
205000062,0,32,-32
205000063,6,32,-26
205000064,14,134,-120
205000065,58,699,-641
205000066,57,822,-765
205000067,56,1122,-1066
205000069,278,51,227
205000082,15,20,-5
205000110,21,161,-140
205000111,62,169,-107
205000112,8,22,-14
205000113,248,162,86
205000121,5,0,5
205000123,94,184,-90
205000126,0,0,0
205000127,0,0,0
205000128,0,0,0
205000129,0,0,0
205000130,0,0,0
205000131,0,0,0
205000132,0,0,0
205000133,0,0,0
205000134,0,0,0
205000137,105,123,-18
205000138,240,229,11
205000139,33,41,-8
205000144,5,3,2
205000145,55,7,48
205000151,0,0,0
205000152,0,0,0
205000153,0,0,0
205000154,0,0,0
205000155,0,0,0
205000207,110,134,-24
205000233,0,3,-3
205000234,0,1,-1
205000243,0,0,0
205000244,0,8,-8
205000245,21,338,-317
205000249,1,19,-18
205000250,1,0,1
205000251,41,342,-301
205000264,2,125,-123
206000027,0,0,0
206000028,0,0,0
206000043,20,210,-190
206000053,27,34,-7
206000054,19,60,-41
206000055,5,103,-98
206000075,14,9,5
206000076,13,18,-5
206000077,13,19,-6
206000078,8,21,-13
206000079,16,8,8
206000082,293,39,254
206000100,106,772,-666
206000103,6,33,-27
206000104,10,30,-20
206000105,3,38,-35
206000106,16,61,-45
206000108,421,52,369
206000125,16,0,16
206000157,373,1057,-684
206000170,2,489,-487
206000171,14,398,-384
206000172,11,1666,-1655
206000173,2,451,-449
206000174,7,363,-356
206000175,2,422,-420
206000176,35,790,-755
206000177,1,457,-456
206000178,0,304,-304
206000179,20,225,-205
206000180,96,393,-297
206000181,34,520,-486
206000182,67,468,-401
206000183,63,1518,-1455
206000184,9,808,-799
206000185,14,610,-596
206000186,207,2609,-2402
206000223,9,524,-515
206000226,0,0,0
206000227,0,0,0
206000237,77,732,-655
206000238,115,1022,-907
206000239,1053,3106,-2053
206000240,0,82,-82
206000241,3,257,-254
206000242,12,945,-933
206000243,1,789,-788
206000244,64,1791,-1727
206000245,149,21,128
206000246,24,3,21
206000247,44,3,41
206000248,68,18,50
206000252,70,26,44
206000258,17,63,-46
206000315,32,6,26
206000317,117,35,82
206000318,51,23,28
206000319,176,48,128
206000320,33,18,15
206000321,28,5,23
206000322,115,21,94
206000323,47,19,28
206000324,39,2,37
206000325,48,13,35
206000326,73,5,68
206000327,29,5,24
206000328,58,6,52
206000329,68,3,65
206000330,22,6,16
206000331,29,2,27
206000332,12,5,7
206000333,74,1,73
206000334,45,1,44
206000335,1,47,-46
206000361,9,394,-385
206000392,7,113,-106
206000405,66,1,65
206000441,0,0,0
206000498,10,4,6
206000515,315,60,255
206000530,16,8,8
206000531,13,31,-18
206000532,402,36,366
206000535,419,2314,-1895
206000536,27,342,-315
206000537,6,252,-246
206000613,302,28,274
207000001,84,367,-283
207000002,31,293,-262
207000003,81,292,-211
207000007,187,53,134
207000008,27,26,1
207000009,55,54,1
207000010,432,655,-223
207000012,31,26,5
207000015,367,1862,-1495
207000019,138,80,58
207000021,332,149,183
207000022,49,69,-20
207000023,52,38,14
207000024,4,14,-10
207000025,38,65,-27
207000026,75,78,-3
207000027,9,114,-105
207000028,20,298,-278
207000029,210,470,-260
207000033,184,202,-18
207000034,145,36,109
207000039,1,5,-4
207000040,2,1,1
207000041,0,1,-1
207000042,0,2,-2
207000043,0,0,0
207000051,61,491,-430
207000052,6,275,-269
207000053,432,760,-328
207000054,15,166,-151
207000055,42,254,-212
207000056,123,434,-311
207000057,126,327,-201
207000058,67,481,-414
207000059,47,854,-807
207000060,28,220,-192
207000061,29,69,-40
207000062,64,58,6
207000063,55,142,-87
207000064,406,258,148
207000065,208,224,-16
207000066,56,158,-102
207000067,18,120,-102
207000068,52,39,13
207000069,517,403,114
207000082,32,484,-452
207000083,94,549,-455
207000084,33,39,-6
207000085,90,8,82
207000086,75,11,64
207000106,0,0,0
207000107,0,0,0
207000108,0,0,0
207000109,0,0,0
207000110,0,0,0
207000111,0,0,0
207000112,0,0,0
207000114,13,30,-17
207000115,7,87,-80
207000116,28,289,-261
207000117,6,185,-179
207000118,0,175,-175
207000119,14,236,-222
207000123,0,0,0
207000124,0,0,0
207000125,0,0,0
207000126,0,0,0
207000134,25,293,-268
207000135,37,338,-301
207000148,0,0,0
207000149,78,63,15
207000152,109,390,-281
207000153,1040,861,179
207000154,259,114,145
207000159,43,347,-304
207000160,51,734,-683
207000238,0,68,-68
207000242,3,165,-162
207000248,30,32,-2
207000249,88,74,14
207000250,457,69,388
207000251,87,91,-4
207000252,33,111,-78
207000278,1,9,-8
207000279,8,309,-301
207000280,63,22,41
207000281,52,1313,-1261
207000282,6,4,2
207000283,36,192,-156
207000284,15,18,-3
207000285,126,16,110
207000291,13,188,-175
207000304,144,106,38
207000306,15,469,-454
207000310,0,0,0
207000353,0,0,0
207000356,0,29,-29
207000357,1,0,1
207000358,0,1,-1
207000415,4,164,-160
207000417,0,0,0
207000418,1,14,-13
207000437,0,2,-2
207000439,1354,325,1029
207000446,0,0,0
207000460,4,12,-8
207000466,80,285,-205
207000467,2,3,-1
207000468,7,490,-483
207000476,3,38,-35
207000477,56,88,-32
207000523,0,13,-13
207000524,0,0,0
207000527,49,105,-56
207000530,0,0,0
207000531,0,0,0
207000532,0,0,0
207000534,0,0,0
207000535,75,167,-92
207000537,27,103,-76
207000540,10,164,-154
207000541,3,297,-294
207000548,6,275,-269
207000549,0,0,0
207000561,0,0,0
207000562,21,167,-146
207000567,124,278,-154
207000568,24,91,-67
207000569,81,1184,-1103
207000584,347,126,221
207000585,0,0,0
207000616,2,263,-261
207000617,12,0,12
207900008,56,361,-305
208000001,147,189,-42
208000002,77,131,-54
208000003,191,139,52
208000004,352,225,127
208000005,3,31,-28
208000019,73,268,-195
208000020,13,123,-110
208000021,50,438,-388
208000022,287,640,-353
208000028,943,763,180
208000033,187,541,-354
208000034,787,1104,-317
208000040,4,59,-55
208000041,106,179,-73
208000042,108,167,-59
208000047,30,296,-266
208000064,877,247,630
208000066,368,99,269
208000070,60,246,-186
208000071,77,387,-310
208000072,132,488,-356
208000080,63,70,-7
208000081,39,81,-42
208000082,101,273,-172
208000083,71,303,-232
208000084,2,5,-3
208000085,442,422,20
208000086,215,804,-589
208000087,89,549,-460
208000089,332,509,-177
208000090,268,1035,-767
208000093,27,88,-61
208000094,238,447,-209
208000095,473,292,181
208000104,211,313,-102
208000105,155,269,-114
208000114,0,0,0
208000115,106,208,-102
208000116,52,458,-406
208000117,18,88,-70
208000118,19,65,-46
208000155,241,673,-432
208000158,1380,1780,-400
208000186,1166,270,896
208000204,149,672,-523
208000205,442,1034,-592
208000282,3171,691,2480
209000004,38,110,-72
209000005,7,15,-8
209000006,128,71,57
209000007,103,124,-21
209000010,249,113,136
209000011,54,138,-84
209000012,70,225,-155
209000013,114,846,-732
209000014,443,1985,-1542
209000025,58,28,30
209000026,323,106,217
209000027,177,1424,-1247
209000028,252,1544,-1292
209000029,315,1256,-941
209000030,221,1986,-1765
209000031,4350,2583,1767
209000034,154,186,-32
209000035,80,111,-31
209000036,64,105,-41
209000037,69,174,-105
209000038,60,109,-49
209000039,38,109,-71
209000040,277,580,-303
209000041,178,440,-262
209000042,201,480,-279
209000043,347,531,-184
209000044,296,390,-94
209000045,135,198,-63
209000046,30,229,-199
209000047,40,124,-84
209000048,26,129,-103
209000049,40,147,-107
209000050,81,151,-70
209000051,103,322,-219
209000052,42,308,-266
209000062,18,155,-137
209000063,14,128,-114
209000064,5,157,-152
209000065,18,54,-36
209000066,15,58,-43
209000067,14,47,-33
209000080,19,129,-110
209000082,34,23,11
209000091,19,69,-50
209000093,60,45,15
209000094,151,88,63
209000110,23,42,-19
209000111,263,513,-250
209000112,176,162,14
209000113,331,193,138
209000114,106,137,-31
209000115,34,130,-96
209000116,634,473,161
209000118,14,26,-12
209000119,11,14,-3
209000121,95,656,-561
209000135,66,55,11
209000142,604,365,239
209000143,20,58,-38
209000144,12,36,-24
209000229,22,120,-98
209000240,14,456,-442
209000259,43,120,-77
209000260,37,843,-806
209000261,3,578,-575
209000262,1,524,-523
209000263,0,93,-93
209000264,0,30,-30
209000265,0,0,0
209000266,0,0,0
209000267,0,0,0
209000268,2,0,2
210000037,26,12,14
210000047,4,7,-3
210000048,7,6,1
210000049,9,5,4
210000052,3,194,-191
210000053,12,72,-60
210000054,62,76,-14
210000070,32,0,32
210000071,2,0,2
210000072,2,0,2
210000073,0,45,-45
210000074,0,77,-77
210000075,0,52,-52
210000076,2,152,-150
210000077,6,33,-27
210000078,18,29,-11
210000079,12,2,10
210000080,12,8,4
210000081,13,2,11
210000082,15,1,14
210000083,38,0,38
210000084,5,0,5
210000085,1,83,-82
210000086,2,130,-128
210000099,33,222,-189
210000100,14,234,-220
210000101,71,201,-130
210000105,48,108,-60
210000159,0,66,-66
210000163,259,192,67
210000164,134,21,113
210000168,64,7,57
210000187,1,8,-7
210000188,0,18,-18
210000214,1,0,1
210000219,6,20,-14
210000220,9,16,-7
210000232,1,18,-17
210000233,2,28,-26
210000234,23,124,-101
210000235,13,164,-151
210000245,0,29,-29
210000246,1,1,0
210000258,8,134,-126
210000259,56,2,54
210000282,22,172,-150
210000285,0,78,-78
210000286,11,157,-146
210000290,0,0,0
210000295,10,111,-101
210000296,21,44,-23
210000320,63,28,35
210000321,8,18,-10
210000338,21,117,-96
210000339,718,506,212
210000340,70,193,-123
210000341,77,168,-91
210000342,64,122,-58
210000343,86,161,-75
210000344,93,77,16
210000345,130,55,75
210000346,15,29,-14
210000347,3,23,-20
210000348,20,9,11
210000349,13,12,1
210000350,27,42,-15
210000351,28,80,-52
210000352,34,100,-66
210000353,23,111,-88
210000354,51,130,-79
210000355,23,91,-68
210000356,3,34,-31
210000357,29,14,15
210000358,266,73,193
210000359,29,33,-4
210000360,97,74,23
210000361,55,60,-5
210000362,56,82,-26
210000363,616,50,566
210000364,35,50,-15
210000365,25,7,18
210000366,28,10,18
210000367,10,8,2
210000368,27,9,18
210000369,8,3,5
210000370,5,34,-29
210000372,9,17,-8
210000373,4,3,1
210000374,12,2,10
210000375,14,91,-77
210000376,24,159,-135
210000404,93,142,-49
210000439,5,9,-4
210000472,39,0,39
210000482,38,18,20
210000564,438,46,392
210000567,0,1,-1
210000568,82,0,82
211000092,3,69,-66
211000094,3,3,0
211000169,63,1,62
211000172,11,122,-111
211000209,0,7,-7
211000226,0,0,0
211000270,0,1,-1
211000275,9,22,-13
211000276,21,17,4
211000279,2,44,-42
211000281,8,61,-53
211507980,0,10,-10
211977296,2,2,0
212000003,19,14,5
212000004,2,16,-14
212000005,10,11,-1
212000006,6,112,-106
212000008,54,270,-216
212000009,8,148,-140
212000012,11,79,-68
212000013,8,50,-42
212000014,162,163,-1
212000015,101,250,-149
212000016,272,507,-235
212000027,343,280,63
212000028,129,208,-79
212000029,78,172,-94
212000030,24,22,2
212000031,27,77,-50
212000048,28,49,-21
212000049,11,37,-26
212000050,10,8,2
212000051,93,202,-109
212000052,80,433,-353
212000053,234,678,-444
212000054,58,131,-73
212000055,74,174,-100
212000056,5,50,-45
212000057,0,17,-17
212000058,161,19,142
212000070,68,342,-274
212000077,87,647,-560
212000099,110,132,-22
212000108,40,128,-88
212000111,41,62,-21
212000120,46,117,-71
212000138,22,17,5
212000156,11,118,-107
212000158,8,14,-6
212000159,104,41,63
212000160,192,155,37
212000161,4,5,-1
212000310,15,30,-15
212000311,5,36,-31
212000374,4,21,-17
213000001,20,646,-626
213000005,106,35,71
213000006,317,25,292
213000007,7,1,6
213000009,76,32,44
213000010,35,24,11
213000011,33,33,0
213000012,47,292,-245
213000014,13,0,13
213000015,13,0,13
213000016,15,0,15
213000017,1,0,1
213000018,1,201,-200
213000019,4,131,-127
213000020,51,280,-229
213000021,4,84,-80
213000023,0,0,0
213000033,112,371,-259
213000034,133,157,-24
213000035,15,22,-7
213000045,55,209,-154
213000046,60,114,-54
213000047,315,424,-109
213000056,7,1,6
213000069,7,0,7
213000073,1,16,-15
213000074,116,450,-334
213000075,97,0,97
213000085,0,29,-29
213000086,11,165,-154
213000091,0,0,0
213000092,0,0,0
213000099,76,468,-392
213000100,147,11,136
213000101,5,162,-157
213000102,5,443,-438
213000103,127,539,-412
213000104,33,455,-422
213000105,0,34,-34
213000106,2,202,-200
213000107,45,784,-739
213000108,10,519,-509
213000109,2,224,-222
213000110,15,42,-27
213000111,9,70,-61
213000112,118,151,-33
213000115,0,0,0
213000116,60,632,-572
213000117,4,888,-884
213000118,92,219,-127
213000119,45,630,-585
213000120,43,666,-623
213000122,124,659,-535
213000123,535,978,-443
213000124,33,1473,-1440
213000125,0,0,0
213000126,50,65,-15
213000127,129,105,24
213000128,746,331,415
213000129,0,0,0
213000130,26,2,24
213000132,14,5,9
213000133,21,2,19
213000134,37,13,24
213000136,59,7,52
213000137,98,8,90
213000139,21,0,21
213000147,1,0,1
213000148,0,1,-1
213000149,4,0,4
213000150,0,56,-56
213000151,0,42,-42
213000152,0,61,-61
213000153,1,12,-11
213000154,11,166,-155
213000155,30,390,-360
213000156,16,449,-433
213000157,422,498,-76
213000158,181,639,-458
213000159,143,177,-34
213000163,63,9,54
213000165,173,13,160
213000171,1,113,-112
213000172,2,302,-300
213000173,2,372,-370
213000174,2,425,-423
213000175,3,268,-265
213000176,0,0,0
213000177,0,0,0
213000178,0,0,0
213000179,0,0,0
213000180,0,0,0
213000184,67,357,-290
213000188,96,21,75
213000189,80,7,73
213000190,261,462,-201
213000191,48,452,-404
213000192,32,463,-431
213000193,1285,152,1133
213000194,1,23,-22
213000195,9,329,-320
213000196,75,575,-500
213000197,76,29,47
213000198,1,0,1
213000200,65,928,-863
213000201,59,61,-2
213000202,10,585,-575
213000203,781,89,692
213000204,89,2,87
213000205,36,4,32
213000206,27,2,25
213000207,5,0,5
213000208,4,0,4
213000209,4,1,3
213000210,10,2,8
213000211,0,6,-6
213000212,2,17,-15
213000213,1,33,-32
213000218,66,753,-687
213000219,46,1,45
213000220,55,3,52
213000223,45,18,27
213000224,3,5,-2
213000225,17,0,17
213000226,1,4,-3
213000227,115,25,90
213000228,27,6,21
213000229,59,6,53
213000230,31,1,30
213000232,20,253,-233
213000233,2,11,-9
213000234,0,28,-28
213000293,1,31,-30
213000294,6,4,2
213000295,3,28,-25
213000296,25,7,18
213000297,9,56,-47
213000298,5,50,-45
213000299,16,6,10
213000300,2,4,-2
213000303,3,32,-29
213000304,1,3,-2
213000305,0,3,-3
213000306,29,35,-6
213000307,33,23,10
213000308,43,226,-183
213000309,33,16,17
213000310,77,11,66
213000311,140,502,-362
213000315,33,171,-138
213000316,23,15,8
213000322,9,121,-112
213000323,12,53,-41
213000324,21,155,-134
213000325,12,131,-119
213000326,30,75,-45
213000327,19,160,-141
213000328,20,74,-54
213000329,23,87,-64
213000340,58,854,-796
213000341,22,3,19
213000347,321,19,302
213000348,2,144,-142
213000349,2,3,-1
213000350,90,1460,-1370
213000366,9,259,-250
213000367,18,7,11
213000379,36,114,-78
213000386,6,176,-170
213000406,28,280,-252
213000417,221,135,86
213000425,31,15,16
213000426,28,68,-40
213000427,11,416,-405
213000428,10,240,-230
213000429,4,1,3
213000430,17,890,-873
213000431,50,1,49
213000432,0,7,-7
213000433,7,122,-115
213000434,24,30,-6
213000435,18,46,-28
213000436,1,46,-45
213000437,4,67,-63
213000438,27,90,-63
213000439,5,6,-1
213000440,3,152,-149
213000441,0,0,0
213000442,1,57,-56
213000443,140,159,-19
213000444,13,130,-117
213000445,0,90,-90
213000446,0,2,-2
213000447,0,10,-10
213000448,0,33,-33
213000449,18,0,18
213000450,0,17,-17
213000451,13,27,-14
213000452,1,9,-8
213000453,28,190,-162
213000455,30,17,13
213000456,2,62,-60
213000481,1,4,-3
213000484,14,0,14
213000489,241,11,230
213900002,0,19,-19
213900003,9,0,9
213900013,2,174,-172
213900015,0,14,-14
213900016,0,11,-11
213900020,5,197,-192
213900030,1,45,-44
213900032,60,4,56
213900033,2,4,-2
213900034,24,10,14
213900035,70,808,-738
213900036,64,298,-234
213900037,5,361,-356
213900038,12,1,11
213900039,0,103,-103
213900041,4,39,-35
213900042,35,9,26
213900043,2,5,-3
213900244,0,0,0
213900245,0,30,-30
218000003,3,13,-10
218000004,19,14,5
218000005,2,7,-5
218000006,18,33,-15
218000007,2,18,-16
218000012,215,75,140
218000013,34,98,-64
218000014,386,256,130
218000019,684,300,384
218000020,203,346,-143
218000021,26,169,-143
218000022,4,90,-86
218000023,3,79,-76
218000024,0,33,-33
218000025,8,56,-48
218000026,8,111,-103
218000027,3,42,-39
218000028,2,3,-1
218000029,0,5,-5
218000030,26,84,-58
218000031,1,57,-56
218000032,6,65,-59
218000040,5,1,4
218000046,12,232,-220
218000047,6,269,-263
218000048,27,382,-355
218000049,60,198,-138
218000050,210,433,-223
218000051,15,468,-453
218000052,1,94,-93
218000053,0,11,-11
218000054,16,38,-22
218000055,2,22,-20
218000056,7,35,-28
218000057,3,48,-45
218000064,1,2,-1
218000065,34,29,5
218000066,12,37,-25
218000067,5,68,-63
218000068,41,74,-33
218000069,58,175,-117
218000070,89,242,-153
218000071,114,192,-78
218000072,342,217,125
218000078,328,1327,-999
218000079,26,79,-53
218000080,49,73,-24
218000081,115,189,-74
218000082,8,94,-86
218000083,10,91,-81
218000084,64,309,-245
218000085,115,613,-498
218000086,27,259,-232
218000087,135,387,-252
218000090,10,35,-25
218000091,346,158,188
218000092,41,122,-81
218000093,60,102,-42
218000094,312,651,-339
218000099,258,283,-25
218000100,118,211,-93
218000101,114,150,-36
218000102,86,273,-187
218000103,28,131,-103
218000104,23,43,-20
218000105,10,6,4
218000106,6,16,-10
218000107,14,150,-136
218000108,2,71,-69
218000112,37,14,23
218000117,35,60,-25
218000134,375,825,-450
218000135,13,66,-53
218000136,80,57,23
218000137,49,210,-161
218000138,3,97,-94
218000139,34,288,-254
218000140,46,80,-34
218000141,24,36,-12
218000142,63,134,-71
218000143,17,132,-115
218000144,8,59,-51
218000145,126,407,-281
218000146,43,101,-58
218000151,5,17,-12
218000152,50,125,-75
218000153,4,5,-1
218000154,4,0,4
218000155,7,3,4
218000156,45,39,6
218000157,8,24,-16
218000158,1,11,-10
218000159,7,7,0
218000160,6,7,-1
218000161,17,11,6
218000162,38,25,13
218000163,7,4,3
218000164,24,15,9
218000165,53,63,-10
218000170,1,47,-46
218000171,22,19,3
218000172,1,11,-10
218000173,55,7,48
218000174,7,9,-2
218000176,87,16,71
218000177,394,79,315
218000178,104,66,38
218000179,96,29,67
218000180,74,6,68
218000181,139,12,127
218000187,3,16,-13
218000188,26,32,-6
218000189,6,50,-44
218000190,4,22,-18
218000191,26,116,-90
218000192,55,608,-553
218000193,294,552,-258
218000194,31,453,-422
218000195,57,78,-21
218000196,176,256,-80
218000197,156,277,-121
218000198,2,126,-124
218000199,21,31,-10
218000200,16,27,-11
218000201,4,25,-21
218000202,155,146,9
218000207,7,41,-34
218000208,28,58,-30
218000211,10,19,-9
218000212,3,7,-4
218000213,64,56,8
218000214,1,20,-19
218000215,72,185,-113
218000217,1,101,-100
218000218,395,101,294
218000219,25,12,13
218000220,43,236,-193
218000221,149,86,63
218000222,27,27,0
218000223,53,230,-177
218000224,4,82,-78
218000225,188,34,154
218000226,68,86,-18
218000230,0,3,-3
218000232,25,52,-27
218000239,0,0,0
218000240,0,0,0
218000241,0,0,0
218000242,0,0,0
218000243,0,0,0
218000244,0,0,0
218000245,0,0,0
218000246,0,0,0
218000247,0,0,0
218000248,1,41,-40
218000249,0,0,0
218000250,2,10,-8
218000251,0,10,-10
218000252,0,20,-20
218000253,2,4,-2
218000254,0,6,-6
218000255,0,7,-7
218000256,1,45,-44
218000267,544,808,-264
218000268,2,38,-36
218000269,1,10,-9
218000270,10,47,-37
218000271,11,45,-34
218000273,1,2,-1
218000274,1,1,0
218000275,14,25,-11
218000276,3,67,-64
218000278,7,22,-15
218000279,17,49,-32
218000280,0,16,-16
218000281,5,19,-14
218000282,150,53,97
218000284,29,0,29
218000301,15,89,-74
218000302,24,32,-8
218000303,8,22,-14
218000316,458,928,-470
218000317,421,912,-491
218000318,205,769,-564
218000319,491,1532,-1041
218000320,301,729,-428
218000338,6,19,-13
218000345,64,73,-9
218000346,1,36,-35
218000459,83,417,-334
218000490,6,50,-44
218000501,21,12,9
218000502,12,123,-111
218000503,36,9,27
218000504,65,9,56
218000505,51,143,-92
218000506,31,110,-79
218000508,1,3,-2
218000510,110,15,95
218000520,48,60,-12
218000521,1,39,-38
218000522,1,112,-111
218000523,4,0,4
218000524,10,69,-59
218000525,12,10,2
218000526,14,63,-49
218000529,14,197,-183
218000530,6,6,0
218000531,3,16,-13
218000532,9,39,-30
218000534,10,3,7
218000537,2,9,-7
218000538,93,112,-19
218000540,436,94,342
218000543,46,66,-20
218000544,22,133,-111
218000545,21,49,-28
218000546,21,121,-100
218000547,32,78,-46
218000548,36,212,-176
218000549,232,75,157
218000550,270,754,-484
218000551,131,133,-2
218000552,118,27,91
218000553,5,41,-36
218000554,5,12,-7
218000555,5,24,-19
218000556,36,416,-380
218000557,136,76,60
218000558,0,0,0
218000559,1,12,-11
218000560,0,6,-6
218000561,0,0,0
218000562,4,150,-146
218000563,21,16,5
218000564,1,95,-94
218000565,8,13,-5
218000566,41,7,34
218000567,0,48,-48
218000568,0,0,0
218000569,1,49,-48
218000570,5,1,4
218000571,0,97,-97
218000572,0,0,0
218000573,2,15,-13
218000574,1,40,-39
218000575,0,0,0
218000576,1,42,-41
218000577,0,0,0
218000578,0,73,-73
218000579,124,4,120
218000581,1,78,-77
218000582,11,3,8
218000583,2,0,2
218000584,0,20,-20
218000585,2,5,-3
218000586,6,32,-26
218000587,1,1,0
218000588,0,11,-11
218000589,0,12,-12
218000590,0,0,0
218000591,0,20,-20
218000592,0,1,-1
218000593,0,1,-1
218000594,0,6,-6
218000595,0,0,0
218000596,0,0,0
218000597,0,0,0
218000598,0,0,0
218000599,0,0,0
218000600,0,1,-1
218000601,0,0,0
218000602,0,1,-1
218000603,0,1,-1
218000604,0,0,0
218000605,0,19,-19
218000606,12,0,12
218000607,3,34,-31
218000608,1,8,-7
218000609,0,35,-35
218000610,6,4,2
218000611,2,3,-1
218000612,0,45,-45
218000613,5,5,0
218000614,0,51,-51
218000615,11,0,11
218000616,0,116,-116
218000617,0,0,0
218000618,0,16,-16
218000619,23,10,13
218000620,1,20,-19
218000621,0,0,0
218000622,0,7,-7
218000623,4,3,1
218000624,0,3,-3
218000625,1,0,1
218000626,0,5,-5
218000628,24,18,6
218000631,0,10,-10
218000632,0,49,-49
218000633,0,0,0
218000634,1,13,-12
218000635,2,3,-1
218000636,533,1501,-968
218000637,354,494,-140
218000638,18,23,-5
218000639,11,325,-314
218000640,26,25,1
218000641,13,478,-465
218000652,133,196,-63
218000653,174,101,73
218000663,6,87,-81
218000675,5,14,-9
218000676,0,56,-56
218000677,3,17,-14
218000680,64,477,-413
218000681,18,18,0
218000691,72,350,-278
218000693,11,9,2
218000703,6,87,-81
218000718,100,203,-103
218000719,105,28,77
218000720,1,3,-2
218000721,2,3,-1
218000725,1,9,-8
218001214,44,50,-6
218001329,7,7,0
218001330,31,38,-7
218001351,3,7,-4
218001352,2,4,-2
218001353,0,1,-1
218001354,0,4,-4
219000001,16,45,-29
219000002,31,83,-52
219000003,81,26,55
219000004,70,47,23
219000017,65,14,51
219000020,50,4,46
219000022,38,1,37
219000023,36,0,36
219000029,0,99,-99
219000034,3,4,-1
219000039,18,62,-44
219000040,13,11,2
219000041,45,26,19
219000051,2,76,-74
219000052,1,32,-31
219000053,1,188,-187
219000054,220,259,-39
219000055,59,2,57
219000056,1,1,0
219000057,17,0,17
219000062,1,224,-223
219000063,8,13,-5
219000064,2,25,-23
219000110,132,21,111
219000111,53,15,38
219000112,166,36,130
219000113,51,32,19
219000114,187,21,166
219000116,49,25,24
219000117,167,81,86
219000118,38,53,-15
219000123,166,63,103
219000124,23,28,-5
219000125,11,20,-9
219000126,25,79,-54
219000127,3,11,-8
219000128,16,87,-71
219000129,16,104,-88
219000130,1171,684,487
219000131,1428,848,580
219000133,36,15,21
219000134,2,17,-15
219000135,38,50,-12
219000136,99,125,-26
219000138,49,9,40
219000139,10,73,-63
219000140,20,1,19
219000141,6,117,-111
219000142,4,82,-78
219000143,10,112,-102
219000145,5,33,-28
219000146,10,59,-49
219000147,1,51,-50
219000148,0,65,-65
219000149,27,233,-206
219000150,5,154,-149
219000151,3,127,-124
219000157,114,103,11
219000158,96,251,-155
219000161,116,13,103
219000163,1137,272,865
219000166,32,111,-79
219000167,49,299,-250
219000168,220,44,176
219000174,138,85,53
219000175,48,2,46
219000176,50,3,47
219000177,1,0,1
219000178,5,3,2
219000179,12,2,10
219000180,13,43,-30
219000182,28,2,26
219000183,8,69,-61
219000184,10,0,10
219000185,1,171,-170
219000186,6,51,-45
219000187,3,156,-153
219000189,110,131,-21
219000190,150,206,-56
219000191,1211,599,612
219000192,122,172,-50
219000193,650,174,476
219000195,2,59,-57
219000196,7,90,-83
219000198,15,203,-188
219000199,73,206,-133
219000200,24,222,-198
219000201,84,285,-201
219000203,11,109,-98
219000204,50,156,-106
219000205,24,203,-179
219000207,78,227,-149
219000209,18,86,-68
219000210,18,115,-97
219000213,13,250,-237
219000239,99,89,10
219000240,85,274,-189
219000241,25,220,-195
219000242,16,167,-151
219000243,21,216,-195
219000244,3,79,-76
219000245,7,31,-24
219000246,8,8,0
219000247,21,6,15
219000248,222,44,178
219000249,16,7,9
219000250,17,5,12
219000251,110,8,102
219000252,0,0,0
219000253,0,0,0
219000255,24,22,2
219000256,48,31,17
219000257,7,0,7
219000262,60,338,-278
219000263,39,252,-213
219000267,2,183,-181
219000268,0,8,-8
219000269,10,2,8
219000270,5,0,5
219000271,109,2,107
219000278,1,9,-8
219000279,3,5,-2
219000283,0,3,-3
219000295,12,103,-91
219000296,52,517,-465
219000297,13,170,-157
219000298,25,240,-215
219000299,169,18,151
219000300,14,356,-342
219000301,73,283,-210
219000302,11,202,-191
219000307,19,61,-42
219000308,68,36,32
219000311,51,37,14
219000312,121,22,99
219000313,54,10,44
219000314,134,557,-423
219000315,37,12,25
219000316,70,8,62
219000317,6,0,6
219000320,0,73,-73
219000321,1,34,-33
219000323,4,88,-84
219000325,0,42,-42
219000326,46,143,-97
219000327,38,35,3
219000328,31,47,-16
219000329,335,90,245
219000330,19,25,-6
219000331,16,41,-25
219000332,32,48,-16
219000333,6,15,-9
219000335,12,0,12
219000337,0,0,0
219000338,2,1,1
219000344,29,81,-52
219000345,85,144,-59
219000346,15,202,-187
219000348,51,177,-126
219000349,17,290,-273
219000350,46,55,-9
219000351,0,1,-1
219000352,131,44,87
219000353,39,43,-4
219000354,113,83,30
219000355,44,25,19
219000356,1444,329,1115
219000363,309,55,254
219000364,87,37,50
219000365,89,13,76
219000366,428,95,333
219000368,392,227,165
219000370,744,149,595
219000371,6,12,-6
219000382,4,14,-10
219000383,635,537,98
219000385,605,470,135
219000386,1020,1092,-72
219000387,0,2,-2
219000390,14,0,14
219000391,7,2,5
219000397,52,121,-69
219000398,105,29,76
219000401,6,57,-51
219000402,21,46,-25
219000403,29,76,-47
219000404,19,29,-10
219000407,2,19,-17
219000409,0,0,0
219000410,0,0,0
219000411,0,0,0
219000446,163,377,-214
219000447,2,39,-37
219000448,3,0,3
219000452,25,26,-1
219000453,35,93,-58
219000454,203,141,62
219000556,36,10,26
219000558,54,325,-271
219000590,13,141,-128
219000591,11,5,6
219000592,86,349,-263
219000595,2,39,-37
219000635,10,1,9
219000636,5,130,-125
219000657,9,11,-2
219000658,13,29,-16
219000673,0,4,-4
219000676,2,5,-3
219000679,12,25,-13
219000684,15,1,14
219000685,2,112,-110
219000686,1,0,1
219000688,0,136,-136
219000689,69,108,-39
219000690,0,0,0
219000691,29,65,-36
219000692,0,6,-6
219000693,0,47,-47
219000694,18,0,18
219000695,4,0,4
219000698,0,0,0
219000699,0,13,-13
219000727,16,194,-178
219000728,39,4,35
219000770,3,0,3
219000771,0,43,-43
219001150,0,6,-6
219001151,1,2,-1
219001166,0,0,0
219001167,1,49,-48
220000001,4,24,-20
220000002,6,102,-96
220000003,215,276,-61
220000004,380,577,-197
220000005,961,1174,-213
220000006,86,709,-623
220000007,141,771,-630
220000008,80,954,-874
220000009,129,377,-248
220000010,28,118,-90
220000011,423,789,-366
220000012,38,116,-78
220000014,14,87,-73
220000015,4,28,-24
220000017,53,318,-265
220000018,3344,317,3027
220000019,30,124,-94
220000020,57,183,-126
220000021,185,123,62
220000022,280,360,-80
220000023,64,121,-57
220000024,1047,198,849
220000025,662,245,417
220000026,135,103,32
220000027,7,63,-56
220000028,9,23,-14
220000029,39,112,-73
220000030,25,77,-52
220000031,136,187,-51
220000064,5,694,-689
221000046,2,0,2
221000047,0,0,0
221000048,0,1,-1
221000049,0,20,-20
221000050,7,0,7
221000055,27,65,-38
221000057,23,4,19
221000068,252,61,191
221000069,151,35,116
221000070,76,20,56
221000071,16,5,11
221000072,88,13,75
221000073,89,40,49
221000074,1,8,-7
221000075,8,21,-13
221000076,15,49,-34
221000077,31,97,-66
221000081,16,6,10
221000082,22,6,16
221000083,30,0,30
221000084,0,2,-2
221000085,19,73,-54
221000086,9,198,-189
221000087,3,226,-223
221000088,15,160,-145
221000089,23,179,-156
221000090,165,295,-130
221000098,113,8,105
221000099,110,19,91
221000100,47,3,44
221000101,165,6,159
221000102,65,5,60
221000109,4,105,-101
221000110,2,175,-173
221000111,19,137,-118
221000112,6,130,-124
221000113,17,215,-198
221000114,15,182,-167
221000120,3,35,-32
221000121,1,12,-11
221000122,20,7,13
221000123,0,3,-3
221000124,12,429,-417
221000155,67,1,66
221000156,1,6,-5
221000175,1,0,1
221000176,0,1,-1
221000182,10,2,8
221000241,428,109,319
221000242,301,231,70
221000243,266,94,172
221000244,160,215,-55
221000245,33,102,-69
221000246,11,163,-152
221000247,23,105,-82
221000248,11,116,-105
221000267,18,673,-655
221000325,22,39,-17
221000331,2,91,-89
221000338,5,9,-4
221000378,37,1,36
221000381,38,73,-35
222000282,0,0,0
222000296,1,16,-15
222000568,86,3,83
222000569,27,8,19
222000570,11,2,9
222000571,25,5,20
222000577,9,262,-253
222000578,9,185,-176
222000579,25,107,-82
222000580,144,707,-563
222000599,1,131,-130
222000600,1,271,-270
222000601,9,681,-672
222000603,10,6,4
222000604,4,8,-4
222000605,1,1,0
222000606,0,4,-4
222000607,0,6,-6
222000608,2,20,-18
222000609,28,337,-309
222000616,13,5,8
222000617,0,0,0
222000618,0,0,0
222000620,0,0,0
222000621,0,0,0
222000623,51,1,50
222000624,20,0,20
222000625,34,83,-49
222000636,23,1,22
222000686,0,0,0
222000687,0,5,-5
222001066,69,0,69
222001067,0,2,-2
222001068,6,14,-8
222001069,6,23,-17
222001082,6,105,-99
222001083,10,94,-84
222001084,0,22,-22
222001085,1,259,-258
222001111,5,334,-329
222001112,12,6,6
222001313,1,2,-1
222001314,0,60,-60
222001464,3,10,-7
222001465,9,120,-111
222001484,3,7,-4
222001485,15,95,-80
222001494,29,13,16
222001495,26,484,-458
222001496,25,19,6
222001497,40,705,-665
222001502,25,124,-99
222001503,0,0,0
222001504,16,224,-208
222001505,0,0,0
222001506,35,183,-148
222001507,0,0,0
222001510,0,0,0
222001511,36,478,-442
222001514,0,0,0
222001515,156,754,-598
222001518,0,0,0
222001519,20,560,-540
222001527,0,0,0
222001528,107,141,-34
222001529,0,0,0
222001530,31,275,-244
222001533,104,533,-429
222001534,0,0,0
222001535,16,23,-7
222001536,28,452,-424
222001537,0,0,0
222001538,53,450,-397
222001563,0,0,0
222001564,23,849,-826
222001568,33,48,-15
222001576,0,0,0
222001579,1,0,1
222001583,5,351,-346
222001584,1,2,-1
222001596,324,1486,-1162
222001597,245,37,208
222001626,1,173,-172
222001650,1,50,-49
222001651,4,88,-84
222001914,0,0,0
222001915,17,208,-191
222900004,62,19,43
222900009,242,829,-587
222900019,10,154,-144
222900024,3,12,-9
222900025,0,39,-39
225000001,59,19,40
225000002,67,14,53
225000003,60,10,50
225000004,54,14,40
225000005,14,3,11
225000006,0,99,-99
225000007,3225,690,2535
225000010,55,4,51
225000011,135,129,6
225000012,26,77,-51
225000013,1,41,-40
225000014,63,7,56
225000015,68,205,-137
225000021,62,28,34
225000027,135,346,-211
225000032,66,17,49
225000042,44,490,-446
225000049,10,35,-25
225000050,25,5,20
225000053,3,120,-117
225000058,25,9,16
225000067,59,196,-137
225000068,28,488,-460
225000069,69,408,-339
225000070,39,405,-366
225000071,8,239,-231
225000075,13,626,-613
225000076,18,71,-53
225000078,13,16,-3
225000085,0,0,0
225000086,0,0,0
225000087,0,0,0
225000088,10,79,-69
225000089,281,294,-13
225000090,8,268,-260
225000091,6,216,-210
225000092,18,71,-53
225000093,44,363,-319
225000094,8,463,-455
225000095,161,458,-297
225000096,53,328,-275
225000098,92,38,54
225000099,64,22,42
225000100,53,25,28
225000104,25,295,-270
225000110,7,377,-370
225000111,99,786,-687
225000112,120,675,-555
225000113,35,450,-415
225000114,18,216,-198
225000115,2306,395,1911
225000116,135,12,123
225000117,83,44,39
225000118,122,28,94
225000119,9,8,1
225000120,40,4,36
225000121,109,2,107
225000123,45,2,43
225000125,57,95,-38
225000126,370,50,320
225000127,492,135,357
225000128,70,87,-17
225000132,120,17,103
225000133,89,16,73
225000134,238,45,193
225000135,11,10,1
225000136,51,2,49
225000137,53,24,29
225000138,136,8,128
225000143,85,120,-35
225000144,2,272,-270
225000145,0,0,0
225000146,9,86,-77
225000147,9,286,-277
225000148,2,166,-164
225000149,28,345,-317
225000151,24,253,-229
225000155,87,278,-191
225000156,70,334,-264
225000157,51,253,-202
225000158,39,460,-421
225000171,3,135,-132
225000180,9,0,9
225000181,0,25,-25
225000182,4,1,3
225000185,4,199,-195
225000187,42,325,-283
225000191,1,0,1
225000194,0,4,-4
225000208,1,30,-29
225000209,0,0,0
225000210,7,105,-98
225000217,0,10,-10
225000218,1,0,1
225000223,0,33,-33
225000224,2,0,2
225000225,2,3,-1
225000226,12,0,12
225000227,30,47,-17
225000228,1,1,0
225000229,0,65,-65
225000230,1,1,0
225000231,1,73,-72
225000232,12,0,12
225000241,3,0,3
225000242,0,34,-34
225000249,4,0,4
225000250,29,751,-722
225000251,142,24,118
225000254,1,1,0
225000256,0,1,-1
225000257,0,2,-2
226000042,292,351,-59
226000043,19,228,-209
226000044,52,722,-670
226000045,71,552,-481
226000046,117,45,72
226000047,82,31,51
226000048,181,47,134
226000049,69,69,0
226000070,0,53,-53
226000071,0,58,-58
226000072,0,6,-6
226000073,0,6,-6
226000074,0,7,-7
226000084,0,42,-42
226000085,0,8,-8
226000086,0,8,-8
226000087,1,12,-11
226000088,46,10,36
226000090,101,17,84
226000091,6,3,3
226000092,5,1,4
226000093,6,0,6
226000094,4,2,2
226000095,9,1,8
226000105,1,0,1
226000106,7,0,7
226000107,7,0,7
226000108,9,0,9
226000109,59,11,48
226000124,109,46,63
226000134,181,146,35
226000135,496,267,229
226000136,65,132,-67
226000137,25,411,-386
226000138,5,235,-230
226000139,0,17,-17
226000156,43,1,42
226000157,137,4,133
226000163,30,37,-7
226000202,3,359,-356
226000231,77,8,69
226000232,27,3,24
227000033,132,18,114
227000036,91,13,78
227000037,62,10,52
227000038,56,2,54
227000084,0,16,-16
227000085,0,24,-24
227000088,8,3,5
227000089,34,0,34
227000090,10,0,10
227000091,3,0,3
227000092,6,0,6
227000093,14,0,14
227000094,4,0,4
227000130,7,78,-71
227000131,6,257,-251
227000132,7,259,-252
227000133,5,335,-330
227000134,4,351,-347
227000152,0,0,0
227000153,0,77,-77
227000154,0,20,-20
227000155,0,18,-18
227000156,1,10,-9
227000165,0,28,-28
227000196,72,370,-298
227000199,14,611,-597
227000230,26,552,-526
227000232,7,0,7
227000242,37,359,-322
227000243,209,55,154
227000245,22,334,-312
227000246,59,488,-429
227000247,102,71,31
227000248,34,17,17
227000249,14,255,-241
227000250,213,77,136
227000251,103,228,-125
227000252,23,393,-370
227000253,25,20,5
227000262,103,21,82
227000266,37,2,35
227000267,20,2638,-2618
227000282,8,300,-292
227000284,35,3,32
227000286,10,117,-107
227000291,19,666,-647
227000296,86,139,-53
227000484,76,6,70
227000485,22,660,-638
227000655,9,8,1
227000656,135,4,131
227000657,5,4,1
227000704,1,0,1
229000265,0,0,0
229000266,1,0,1
229000267,0,0,0
229000268,1,0,1
229000269,5,0,5
229000274,2,3,-1
229000275,0,17,-17
229000276,0,12,-12
229000277,0,3,-3
229000278,1,10,-9
229000295,10,22,-12
229000296,3,2,1
229000297,3,21,-18
229000298,12,73,-61
229000320,4,1,3
229000321,5,0,5
229000412,6,37,-31
229000414,0,81,-81
229000415,0,1,-1
229000416,0,1,-1
229000417,0,7,-7
229000419,66,190,-124
229000440,120,38,82
229000442,2,3,-1
229000443,1,1,0
229000444,0,18,-18
229000445,5,4,1
229000446,2,8,-6
229000491,2,45,-43
229000492,21,170,-149
229000493,7,134,-127
229000494,32,26,6
229000495,107,154,-47
229000496,13,105,-92
229000507,0,26,-26
229000508,5,30,-25
229000509,0,78,-78
229000510,5,45,-40
229000511,10,114,-104
229000512,0,62,-62
229000513,0,12,-12
229000514,1,9,-8
229000517,1,15,-14
229000518,8,43,-35
229000519,2,9,-7
229000520,3,54,-51
229000521,16,36,-20
229000522,2,45,-43
229000523,5,46,-41
229000524,1,23,-22
229000527,4,10,-6
229000528,1,6,-5
229000529,16,2,14
229000530,105,38,67
229000531,25,20,5
229000532,23,15,8
229000533,245,50,195
229000534,90,22,68
229000564,80,22,58
229000565,15,8,7
229000566,0,41,-41
229000567,2,147,-145
229000582,391,22,369
229000583,5,27,-22
229000584,1,68,-67
229000585,13,63,-50
229000718,0,6,-6
229000719,0,2,-2
229000720,0,18,-18
229000721,0,20,-20
229000722,0,33,-33
229000723,0,15,-15
229000724,0,0,0
229000725,0,10,-10
229000738,10,2,8
229000739,2,0,2
229000740,3,2,1
229000741,47,3,44
229000742,18,1,17
229000743,43,3,40
229000744,4,0,4
229000745,3,0,3
229000746,83,0,83
229000847,20,1,19
229000848,12,0,12
229000849,103,4,99
229000851,11,0,11
229000854,0,60,-60
229000856,0,168,-168
229000857,0,66,-66
229000858,0,194,-194
229000919,6,89,-83
229000930,0,133,-133
229000937,164,20,144
229000966,48,16,32
229000981,2,26,-24
229000985,3,29,-26
229000986,0,2,-2
229000987,0,1,-1
229000988,0,2,-2
229000989,0,5,-5
229000990,0,1,-1
229000991,1,0,1
229000992,1,4,-3
229000993,52,7,45
229000998,18,20,-2
229000999,21,9,12
229001034,0,11,-11
229001035,1,0,1
229001036,3,30,-27
229001037,7,0,7
229001038,0,2,-2
229001039,0,0,0
229001040,0,50,-50
229001041,7,1,6
229001042,7,9,-2
229001047,5,33,-28
229001050,2,0,2
229001168,0,9,-9
229001200,1,1,0
229001338,1,27,-26
229001394,311,6,305
229001422,230,29,201
229001423,16,134,-118
229001431,99,57,42
229001432,26,54,-28
229001444,75,6,69
229001445,25,182,-157
229001479,8,25,-17
229001503,146,77,69
229001504,51,172,-121
229001505,158,37,121
229001506,22,168,-146
229001509,13,1,12
229001510,2,6,-4
229001545,68,12,56
229001546,7,83,-76
229001553,34,25,9
229001554,3,85,-82
229001630,22,4,18
229001631,9,26,-17
229001635,0,9,-9
229001636,1,0,1
229001658,1,62,-61
229001659,152,6,146
229001660,0,2,-2
229001661,0,13,-13
229001662,24,2,22
229001663,0,15,-15
229002584,65,44,21
229002831,81,53,28
229002841,1,28,-27
229002842,2,12,-10
229002843,8,14,-6
229002844,7,47,-40
229002845,2,92,-90
229002846,3,15,-12
229002847,2,3,-1
229002848,0,5,-5
229002849,1,37,-36
229002850,1,1,0
229002851,5,74,-69
229002852,15,31,-16
229002853,11,7,4
229002854,8,46,-38
229002855,1,78,-77
229002856,7,8,-1
229002857,0,49,-49
229002858,3,0,3
229002859,10,19,-9
229002860,4,1,3
229002861,6,12,-6
229002862,2,25,-23
229002863,3,12,-9
229002864,1,15,-14
229002865,2,6,-4
229002866,0,17,-17
229002867,0,12,-12
229002868,0,7,-7
229002869,2,113,-111
229002870,4,1,3
235000066,151,78,73
235000067,70,105,-35
235000072,59,53,6
235000073,78,252,-174
235000074,31,85,-54
235000080,6,60,-54
235000081,48,148,-100
235000082,37,58,-21
235000083,40,52,-12
235000084,5,19,-14
235000085,52,38,14
235000089,12,52,-40
235000092,6,182,-176
235000093,1,2,-1
235000097,0,2,-2
235000098,34,23,11
235000099,15,15,0
235000116,13,13,0
235000117,445,6,439
235000133,21,211,-190
235000134,2,102,-100
235000206,11,3,8
235000207,2,1,1
235000208,1,0,1
235000209,3,2,1
235000210,1,8,-7
235000212,1,19,-18
235000213,10,7,3
235000220,0,6,-6
235000221,4,7,-3
235000238,1,10,-9
235000239,1,2,-1
235000242,189,164,25
235000245,1040,195,845
235000246,5,50,-45
235000284,0,69,-69
235000295,0,0,0
235000305,0,0,0
235000306,0,0,0
235000307,0,0,0
235000308,0,0,0
235000309,0,0,0
235000310,0,0,0
235000311,1,4,-3
235000322,0,13,-13
235000323,0,50,-50
235000324,0,17,-17
235000325,0,3,-3
235000326,2,264,-262
235000351,0,25,-25
235000352,7,54,-47
235000353,0,49,-49
235000354,2,36,-34
235000355,7,66,-59
235000356,0,0,0
235000357,0,0,0
235000358,0,0,0
235000359,0,0,0
235000360,0,0,0
235000361,0,0,0
235000381,17,285,-268
235000382,40,25,15
235000390,17,3,14
235000391,59,30,29
235000392,38,102,-64
235000393,65,65,0
235000395,51,15,36
235000396,112,61,51
235000400,42,20,22
235000401,14,191,-177
235000405,31,373,-342
235000406,26,276,-250
235000407,54,134,-80
235000409,191,177,14
235000410,29,197,-168
235000411,0,57,-57
235000485,0,14,-14
235000486,2,0,2
235000549,22,45,-23
235000550,60,209,-149
235000599,55,115,-60
235000600,3,8,-5
235000601,4,18,-14
235000602,23,73,-50
235000614,1,3,-2
235000648,0,20,-20
235000649,15,0,15
235000685,1,4,-3
235000815,3,33,-30
235000834,0,4,-4
235000855,15,31,-16
235000862,18,179,-161
235000891,0,12,-12
235000892,17,37,-20
235000901,73,148,-75
235000907,0,13,-13
235001010,20,40,-20
235001029,606,330,276
235001030,693,114,579
235001078,44,63,-19
235001079,23,123,-100
235001147,0,38,-38
235001166,33,37,-4
235001167,10,60,-50
235001169,6,270,-264
235001188,0,9,-9
235001189,0,0,0
235001197,0,5,-5
235001200,29,30,-1
235001208,6,5,1
235001209,25,37,-12
235001210,4,144,-140
235001239,3,52,-49
235001244,0,4,-4
235016267,0,13,-13
241900007,24,0,24
277101746,0,40,-40
277102712,49,39,10
277103813,1,0,1
277103814,0,0,0
277103898,0,4,-4
277104249,0,0,0
277104250,0,3,-3
277104251,0,2,-2
277104252,0,0,0
990011530,3,234,-231
990014944,2,454,-452
990015176,3,4,-1
990015618,1,76,-75
990016032,0,320,-320
990032570,19,107,-88
990070001,0,3,-3
990070103,0,3,-3
990070601,0,52,-52
990070751,48,0,48
990070766,3,1001,-998
990071180,0,126,-126
990071343,0,0,0
990071387,0,5,-5
990071823,26,0,26
990072600,4,520,-516
990072964,2,581,-579
990073285,0,1,-1
990074393,0,1040,-1040
990074870,88,0,88
990075106,41,1,40
990075746,23,2,21
990076437,37,2,35
990076458,8,1227,-1219
997000007,44,2,42
997000041,0,151,-151
997000058,0,0,0
997000062,4,0,4
997000069,0,0,0
997000070,0,38,-38
997000100,0,0,0
997000141,0,26,-26
997000198,0,7,-7
998000475,0,20,-20
998000736,3,275,-272
998000965,0,1,-1
998001031,1,20,-19
998001700,1,23,-22
998001899,0,0,0
998001900,5,2,3
998003073,29,20,9
998101900,0,0,0
998102850,0,95,-95
998501927,0,182,-182
998501929,34,4,30
998501930,38,1,37
998501931,10,0,10
998501932,29,0,29
998501933,0,0,0
998501937,2,2,0
998501944,1,1,0
998501950,0,0,0
998501970,0,9,-9
998501971,0,72,-72
998501972,118,0,118
998501973,0,102,-102
998501974,2,201,-199
998501975,13,0,13
998501976,0,1,-1
998501977,0,19,-19
998501978,0,0,0
998501979,0,9,-9
998501980,9,2,7
998501981,0,1,-1
998501982,0,100,-100
998502006,0,0,0
998502024,0,1,-1
998502032,0,1,-1
998502062,3,2,1
998502063,0,0,0
998502173,13,0,13
998502269,0,1,-1
998601159,0,260,-260
998601292,0,13,-13
999033574,0,141,-141
999800001,1,1,0
999800002,0,1,-1
999800003,1,4,-3
999800004,0,10,-10
999800005,0,13,-13
