ID,insum,outsum,diff
100000001,686,480,206
100000002,1708,707,1001
100000003,9924,2110,7814
100000004,2035,856,1179
100000005,2342,2235,107
100000006,367,64,303
100000007,928,283,645
100000008,169,595,-426
100000009,249,125,124
100000010,24,37,-13
100000011,429,55,374
100000012,32,871,-839
100000013,25,214,-189
100000014,248,312,-64
100000015,1650,1033,617
100000016,1141,1494,-353
100000017,689,1216,-527
100000018,1333,509,824
100000019,6380,1694,4686
100000020,2305,3399,-1094
100000021,8123,2143,5980
100000022,1635,791,844
100000023,8125,899,7226
100000025,4169,550,3619
100000028,2418,783,1635
100000029,362,207,155
100000030,1039,89,950
100000031,7117,5325,1792
100000032,3382,2931,451
100000033,720,1625,-905
100000034,1100,296,804
100000035,1838,672,1166
100000036,3308,927,2381
100000037,402,452,-50
100000038,1024,856,168
100000039,705,201,504
100000040,180,101,79
100000041,862,363,499
100000042,538,261,277
100000043,559,239,320
100000044,418,754,-336
100000045,540,1510,-970
100000046,885,1555,-670
100000047,383,1010,-627
100000048,870,689,181
100000049,1812,2810,-998
100000051,329,1203,-874
100000053,28,13,15
100000054,83,28,55
100000055,394,275,119
100000056,175,507,-332
100000057,1548,714,834
100000058,953,1508,-555
100000059,8,129,-121
100000060,262,317,-55
100000061,1144,500,644
100000062,1358,483,875
100000063,353,250,103
100000064,741,422,319
100000065,296,1391,-1095
100000066,194,1008,-814
100000067,542,990,-448
100000068,547,1860,-1313
100000069,212,1755,-1543
100000072,447,1336,-889
100000073,1278,1368,-90
100000075,335,283,52
100000076,1898,1523,375
100000077,757,93,664
100000078,136,49,87
100000079,65,43,22
100000080,10,4,6
100000081,66,33,33
100000102,2113,1041,1072
100000103,3714,802,2912
100000104,6371,1229,5142
100000105,5006,545,4461
100000106,2980,1251,1729
100000107,761,235,526
100000108,1097,1152,-55
100000109,3913,1247,2666
100000116,1404,467,937
100000117,60,44,16
100000118,1269,788,481
100000119,403,644,-241
100000121,137,625,-488
100000122,818,782,36
100000123,4131,3964,167
100000124,9901,5067,4834
100000125,4452,769,3683
100000126,689,257,432
100000127,1763,371,1392
100000128,1103,991,112
100000129,583,391,192
100000130,440,611,-171
100000131,5653,2603,3050
100000132,2840,1504,1336
100000133,13133,3108,10025
100000135,473,649,-176
100000139,182,189,-7
100000140,255,290,-35
100000142,279,475,-196
100000143,1772,1110,662
100000144,4310,1162,3148
100000147,814,1734,-920
100000150,12,481,-469
100000151,614,321,293
100000153,306,267,39
100000154,140,65,75
100000155,15,47,-32
100000156,88,126,-38
100000157,83,179,-96
100000158,67,100,-33
100000159,340,516,-176
100000165,1073,683,390
100000169,894,246,648
100000174,2553,355,2198
100000179,71,561,-490
100000180,3101,1263,1838
100000181,200,350,-150
100000188,72,403,-331
100000189,795,283,512
100000190,321,358,-37
100000191,436,411,25
100000192,87,112,-25
100000193,138,150,-12
100000330,2969,524,2445
100000355,155,538,-383
100000362,5397,3998,1399
100000363,1983,3146,-1163
100000364,332,136,196
100000365,3197,4541,-1344
100000366,4133,2786,1347
100000367,2387,2881,-494
100000368,2137,2112,25
100000369,1076,1215,-139
100000370,173,254,-81
100000376,106,88,18
100000379,2769,1093,1676
100000380,3989,1501,2488
100000384,7613,2512,5101
100000385,9304,3656,5648
100000386,12604,2696,9908
100000387,9475,3376,6099
100000388,17352,3548,13804
100000389,14596,3766,10830
100000390,15372,2701,12671
100000391,8931,3561,5370
100000392,3467,1161,2306
100000393,1213,1105,108
100000394,6905,3260,3645
100000395,3891,887,3004
100000396,4938,1859,3079
100000397,2759,1584,1175
100000398,11681,8066,3615
100900002,4,54,-50
100900003,225,76,149
100900004,27,1147,-1120
100900005,112,5,107
100900006,10,243,-233
100900007,396,4,392
100900008,2,548,-546
100900009,22,40,-18
100900010,68,164,-96
100900011,34,355,-321
100900012,3,302,-299
100900013,606,2,604
100900014,1,18,-17
100900015,123,103,20
100900016,1,43,-42
100900017,729,66,663
100900018,0,17,-17
100900019,28,118,-90
100900020,216,1,215
100900021,611,1,610
100900022,9,20,-11
100900023,0,14,-14
100900024,1090,2,1088
100900025,10,14,-4
100900026,28,152,-124
100900027,744,2376,-1632
100900028,105,126,-21
100900029,89,16,73
100900030,2,18,-16
100900031,239,88,151
100900032,145,0,145
100900033,259,92,167
100900034,321,0,321
100900035,992,2,990
100900036,17,3,14
100900037,22,274,-252
100900038,41,28,13
100900039,298,682,-384
100900040,216,1045,-829
100900041,204,1138,-934
100900042,389,156,233
100900043,0,14,-14
100900044,3452,309,3143
100900045,54,0,54
100900046,1141,6,1135
100900047,920,97,823
100900048,38,13,25
100900049,46,262,-216
100900050,0,25,-25
100900051,49,40,9
100900052,98,18,80
100900053,130,11,119
100900054,3,109,-106
100900055,165,279,-114
100900056,110,308,-198
100900057,502,466,36
100900058,159,27,132
100900059,34,0,34
100900060,67,5,62
100900061,285,254,31
100900062,1,71,-70
100900063,115,402,-287
100900064,538,8,530
100900065,87,58,29
100900066,15,50,-35
100900067,5,17,-12
100900068,40,123,-83
100900069,242,3,239
100900070,107,4,103
100900071,692,263,429
100900072,0,66,-66
100900073,80,671,-591
100900074,1,6,-5
100900075,3087,319,2768
100900076,51,22,29
100900077,8,165,-157
100900078,67,158,-91
100900079,2,23,-21
100900080,45,140,-95
100900081,7,55,-48
100900082,33,972,-939
100900083,1,40,-39
100900085,4,63,-59
100900086,136,742,-606
100900088,49,966,-917
100900089,0,20,-20
100900090,147,531,-384
100900091,0,18,-18
100900092,136,138,-2
100900093,93,282,-189
100900094,39,861,-822
100900095,1,44,-43
100900096,17,101,-84
100900097,0,8,-8
100900098,3,9,-6
100900099,16,579,-563
100900100,11,269,-258
100900101,353,24,329
100900102,108,42,66
100900103,1,6,-5
100900104,10,146,-136
100900105,8,73,-65
100900106,68,2,66
100900107,1901,530,1371
100900108,0,10,-10
100900109,7,33,-26
100900110,1,37,-36
100900111,64,137,-73
100900112,1,6,-5
100900113,9,8,1
100900114,2,19,-17
100900115,0,27,-27
100900116,645,426,219
100900117,155,379,-224
100900118,50,45,5
100900119,2,15,-13
100900120,1,6,-5
100900121,240,321,-81
100900122,102,178,-76
100900123,66,80,-14
100900124,0,6,-6
100900125,17,82,-65
100900126,74,181,-107
100900127,0,8,-8
100900128,80,106,-26
100900129,1,131,-130
100900131,52,129,-77
100900133,27,53,-26
100900134,1,3,-2
100900135,1,119,-118
100900137,254,263,-9
100900138,361,246,115
100900139,0,3,-3
100900140,4,1024,-1020
100900141,1,346,-345
100900142,1,14,-13
100900143,1153,243,910
100900144,2,3,-1
100900145,15,111,-96
100900146,18,8,10
100900147,3,306,-303
100900148,28,1184,-1156
100900149,9,79,-70
100900150,5,12,-7
100900151,83,526,-443
100900152,94,2,92
100900153,1,159,-158
100900154,2,45,-43
100900155,4,3,1
100900156,36,1,35
100900157,3,113,-110
100900159,1,12,-11
100900160,2,7,-5
100900161,178,0,178
100900162,7,148,-141
100900163,137,195,-58
100900164,23,38,-15
100900165,21,51,-30
100900166,33,4,29
100900167,16,88,-72
100900168,16,107,-91
100900169,185,1343,-1158
100900170,25,5,20
100900171,13,836,-823
100900172,0,8,-8
100900173,10,723,-713
100900174,294,52,242
100900176,1374,62,1312
100900177,1113,213,900
100900178,235,156,79
100900179,74,33,41
100900180,1,3,-2
100900181,66,21,45
100900182,13,14,-1
100900184,2,172,-170
100900186,1161,665,496
100900187,6,241,-235
100900188,65,10,55
100900189,735,127,608
100900191,1150,860,290
100900192,244,157,87
100900195,65,245,-180
100900197,4,157,-153
100900198,31,226,-195
100900199,18,14,4
100900200,625,366,259
100900201,97,881,-784
100900202,4,0,4
100900203,0,37,-37
100900204,842,160,682
100900205,75,253,-178
100900206,59,43,16
100900207,103,65,38
100900210,70,875,-805
100900211,309,98,211
100900213,47,12,35
100900214,1105,79,1026
100900215,11,27,-16
100900217,105,46,59
101000001,5344,2364,2980
101000002,4113,2669,1444
101000003,913,2105,-1192
101000004,11592,7273,4319
101000005,6036,4921,1115
101000006,10364,6758,3606
101000007,2539,2671,-132
101000008,3535,3016,519
101000009,1295,2431,-1136
101000010,689,1707,-1018
101000011,2556,753,1803
101000012,2092,451,1641
101000013,529,799,-270
101000014,567,670,-103
101000015,792,796,-4
101000016,429,353,76
101000017,501,535,-34
101000018,4515,2836,1679
101000020,4401,1286,3115
101000021,1134,249,885
101000022,576,80,496
101000023,1746,767,979
101000025,121,363,-242
101000026,396,36,360
101000027,1465,1502,-37
101000028,713,134,579
101000029,39,659,-620
101000030,699,76,623
101000031,432,400,32
101000032,5954,2173,3781
101000033,2844,1774,1070
101000034,2993,1120,1873
101000035,1385,450,935
101000036,1498,339,1159
101000037,5684,951,4733
101000039,5732,1167,4565
101000040,5726,2198,3528
101000041,17237,2995,14242
101000042,1204,558,646
101000043,13402,2651,10751
101000045,1681,314,1367
101000046,2071,917,1154
101000047,1151,1173,-22
101000048,917,971,-54
101000049,1017,696,321
101000050,3599,2027,1572
101000051,5007,1261,3746
101000052,1752,506,1246
101000053,1075,1668,-593
101000054,2027,1947,80
101000055,1924,819,1105
101000056,70,49,21
101000057,4250,542,3708
101000058,2872,657,2215
101000059,4326,1592,2734
101000060,2364,279,2085
101000061,1559,760,799
101000062,1428,316,1112
101000063,412,341,71
101000064,1213,395,818
101000065,157,306,-149
101000066,336,213,123
101000067,590,374,216
101000068,222,162,60
101000069,229,61,168
101000070,2014,941,1073
101000071,2374,717,1657
101000072,1109,3037,-1928
101000073,817,463,354
101000074,5527,2639,2888
101000075,8287,3395,4892
101000077,1146,1143,3
101000078,1056,1939,-883
101000079,356,501,-145
101000080,582,527,55
101000081,1122,1019,103
101000082,3427,2477,950
101000083,1515,1271,244
101000084,1259,1403,-144
101000085,1577,908,669
101000086,1166,1042,124
101000087,819,1227,-408
101000088,754,873,-119
101000089,835,1247,-412
101000090,2868,1704,1164
101000091,358,1594,-1236
101000092,934,1302,-368
101000093,1476,794,682
101000094,485,1123,-638
101000095,207,788,-581
101000096,209,657,-448
101000097,582,265,317
101000098,714,630,84
101000099,1317,1063,254
101000100,1114,584,530
101000101,339,394,-55
101000102,855,377,478
101000103,877,490,387
101000104,265,351,-86
101000105,1018,167,851
101000106,587,597,-10
101000107,118,206,-88
101000108,1463,392,1071
101000109,113,46,67
101000110,27,927,-900
101000111,114,196,-82
101000113,120,718,-598
101000114,2816,1487,1329
101000115,79,118,-39
101000116,105,190,-85
101000117,302,312,-10
101000119,216,51,165
101000120,238,10,228
101000121,48,22,26
101000122,58,43,15
101000123,48,45,3
101000124,255,250,5
101000125,121,408,-287
101000128,1145,407,738
101000130,369,278,91
101000131,411,811,-400
101000132,268,1748,-1480
101000135,52,24,28
101000136,254,135,119
101000137,22,200,-178
101000141,3265,1568,1697
101000147,720,632,88
101000148,3153,34,3119
101000149,20,14,6
101000150,30,1261,-1231
101000151,76,56,20
101000152,313,320,-7
101000153,500,528,-28
101000154,122,1894,-1772
101000155,145,115,30
101000156,34,250,-216
101000157,46,28,18
101000160,28,42,-14
101000163,186,96,90
101000164,597,427,170
101000165,197,359,-162
101000166,310,589,-279
101000168,571,344,227
101000252,1208,633,575
101000254,620,22,598
101000258,45,5,40
101000261,124,112,12
101000262,727,1058,-331
101000263,229,1387,-1158
101000265,53,449,-396
101000266,288,265,23
101000269,137,1,136
101000290,2670,2578,92
101000293,17,104,-87
101000294,469,465,4
101000295,109,556,-447
101000301,1030,232,798
101000304,2041,2397,-356
101000305,2766,1938,828
101000328,55,329,-274
101900001,10,80,-70
101900002,0,32,-32
101900003,81,94,-13
101900004,2,30,-28
101900005,6210,889,5321
101900006,983,22,961
101900007,391,42,349
101900008,125,272,-147
101900009,73,404,-331
101900010,1161,376,785
101900011,336,1323,-987
101900012,143,305,-162
101900013,1510,120,1390
101900017,20,78,-58
101900018,2365,198,2167
101900019,131,39,92
101900020,257,232,25
101900021,0,28,-28
101900022,53,1602,-1549
101900023,57,289,-232
101900026,46,45,1
101900027,5,128,-123
102000001,1904,3699,-1795
102000002,3078,1395,1683
102000003,4521,4416,105
102000004,12898,2681,10217
102000005,1480,1960,-480
102000006,2296,1616,680
102000007,1593,4075,-2482
102000008,7813,1866,5947
102000009,6179,6974,-795
102000010,7604,3590,4014
102000011,2289,2308,-19
102000012,3461,3848,-387
102000018,3952,2506,1446
102000019,2982,1429,1553
102000026,292,518,-226
102000029,485,244,241
102000030,74,240,-166
102000031,15,264,-249
102000032,208,400,-192
102000033,142,458,-316
102000034,582,406,176
102000035,1095,588,507
102000036,6,189,-183
102000037,173,68,105
102000038,113,81,32
102000039,96,36,60
102000040,505,110,395
102000041,247,209,38
102000042,255,74,181
102000043,409,166,243
102000044,201,424,-223
102000045,658,1176,-518
102000046,831,457,374
102000047,688,1328,-640
102000048,197,652,-455
102000049,756,565,191
102000050,976,1152,-176
102000051,302,502,-200
102000052,1107,995,112
102000053,640,791,-151
102000054,250,798,-548
102000055,591,1080,-489
102000056,490,1592,-1102
102000057,1456,651,805
102000058,1134,2001,-867
102000059,1163,1492,-329
102000060,1074,1102,-28
102000061,928,2867,-1939
102000062,839,1493,-654
102000063,1197,1628,-431
102000064,375,524,-149
102000065,27,136,-109
102000066,1440,1004,436
102000067,2900,2861,39
102000068,8732,2457,6275
102000069,45,1616,-1571
102000070,2282,47,2235
102000071,6711,10037,-3326
102000072,3076,4627,-1551
102000073,1212,1107,105
102000074,792,967,-175
102000075,136,282,-146
102000076,193,511,-318
102000077,255,1334,-1079
102000078,602,1116,-514
102000079,69,303,-234
102000080,165,283,-118
102000081,428,956,-528
102000082,991,430,561
102000083,229,753,-524
102000084,123,398,-275
102000085,1546,1320,226
102000086,1057,1599,-542
102000087,601,2241,-1640
102000088,248,327,-79
102000089,893,559,334
102000090,468,1251,-783
102000091,1641,487,1154
102000092,489,647,-158
102000093,518,500,18
102000094,1373,433,940
102000095,972,1224,-252
102000096,1750,895,855
102000097,1856,1473,383
102000098,633,1135,-502
102000099,1111,601,510
102000100,1341,714,627
102000101,1671,279,1392
102000102,414,1713,-1299
102000103,1676,372,1304
102000104,1200,438,762
102000105,124,1011,-887
102000106,584,1048,-464
102000107,589,627,-38
102000108,458,282,176
102000109,382,723,-341
102000110,443,1950,-1507
102000111,5,352,-347
102000112,105,71,34
102000113,7,20,-13
102000114,1166,372,794
102000115,199,173,26
102000116,526,281,245
102000117,369,467,-98
102000118,1872,1025,847
102000119,2695,511,2184
102000120,97,529,-432
102000121,1136,543,593
102000122,464,724,-260
102000123,1514,1064,450
102000124,1130,789,341
102000125,1228,953,275
102000126,572,705,-133
102000127,1166,709,457
102000128,521,1209,-688
102000129,1127,973,154
102000130,403,807,-404
102000131,2337,732,1605
102000132,874,696,178
102000133,1013,2921,-1908
102000134,363,766,-403
102000135,1143,665,478
102000136,1319,348,971
102000137,1502,972,530
102000138,343,470,-127
102000139,98,372,-274
102000140,340,245,95
102000141,395,641,-246
102000142,141,412,-271
102000143,52,507,-455
102000144,72,567,-495
102000145,237,574,-337
102000146,232,345,-113
102000147,355,308,47
102000148,222,211,11
102000149,151,748,-597
102000150,184,277,-93
102000151,83,420,-337
102000152,112,208,-96
102000153,834,268,566
102000154,452,623,-171
102000155,92,255,-163
102000156,356,55,301
102000157,74,155,-81
102000158,477,356,121
102000159,1944,220,1724
102000161,6027,1427,4600
102000162,219,103,116
102000163,128,383,-255
102000164,1483,767,716
102000165,296,160,136
102000166,21,80,-59
102000167,172,181,-9
102000168,157,109,48
102000169,70,359,-289
102000170,812,95,717
102000171,94,85,9
102000172,41,163,-122
102000173,193,201,-8
102000174,32,88,-56
102000175,99,142,-43
102000176,25,51,-26
102000178,142,631,-489
102000179,179,201,-22
102000180,445,616,-171
102000181,377,806,-429
102000182,353,705,-352
102000183,1043,2129,-1086
102000184,884,960,-76
102000185,1463,1930,-467
102000186,673,2231,-1558
102000187,528,2210,-1682
102000188,506,1543,-1037
102000189,3505,1141,2364
102000190,815,2837,-2022
102000191,1362,615,747
102000192,640,1041,-401
102000193,42,232,-190
102000194,49,144,-95
102000195,280,631,-351
102000196,101,718,-617
102000197,261,609,-348
102000198,108,1105,-997
102000199,378,512,-134
102000200,219,1633,-1414
102000201,441,577,-136
102000202,0,204,-204
102000203,150,370,-220
102000204,216,1234,-1018
102000205,561,845,-284
102000206,445,875,-430
102000207,531,529,2
102000208,179,678,-499
102000209,26,70,-44
102000210,125,656,-531
102000211,223,544,-321
102000212,87,12,75
102000213,3,427,-424
102000214,105,9,96
102000215,4,801,-797
102000216,16,35,-19
102000217,10,274,-264
102000218,129,54,75
102000219,383,493,-110
102000225,873,828,45
102000226,7059,509,6550
102000227,85,1,84
102000228,2,122,-120
102000229,24,25,-1
102000230,207,677,-470
102000231,263,428,-165
102000232,4,122,-118
102000233,377,702,-325
102000234,112,1767,-1655
102000236,510,100,410
102000237,380,190,190
102000238,181,327,-146
102000240,690,539,151
102000241,252,112,140
102000243,7,64,-57
102000245,19,109,-90
102000246,11,11,0
102000247,1415,967,448
102000248,830,521,309
102000249,90,159,-69
102000250,17,461,-444
102000254,36,552,-516
102000266,71,173,-102
102000271,22,0,22
102000286,529,326,203
102000297,1737,881,856
102000299,0,0,0
102000301,0,0,0
102000303,0,0,0
102000305,0,0,0
102000307,0,3,-3
102900001,972,824,148
102900002,309,27,282
102900003,37,312,-275
102900005,209,330,-121
102900006,379,277,102
102900007,556,48,508
102900008,224,83,141
102900009,584,167,417
102900010,969,550,419
102900011,2497,306,2191
102900012,404,56,348
102900013,17,91,-74
102900015,879,179,700
102900016,31,117,-86
102900017,66,747,-681
102900018,16,190,-174
102900019,430,572,-142
102900020,84,40,44
102900021,9,130,-121
102900022,309,56,253
102900023,25,48,-23
102900024,19,44,-25
102900025,312,86,226
102900026,610,1146,-536
102900027,45,69,-24
102900028,86,353,-267
102900029,114,114,0
102900030,301,180,121
102900031,67,164,-97
102900032,22,133,-111
102900033,118,222,-104
102900034,144,107,37
102900035,51,530,-479
102900036,148,767,-619
102900037,172,936,-764
102900038,294,722,-428
102900039,24,414,-390
102900040,138,253,-115
102900041,57,232,-175
102900042,140,356,-216
102900043,93,302,-209
102900044,610,2114,-1504
102900045,105,637,-532
102900046,83,383,-300
102900047,126,795,-669
102900048,428,915,-487
102900049,58,378,-320
102900050,241,446,-205
102900051,162,212,-50
102900052,40,14,26
102900053,280,818,-538
102900054,1043,875,168
102900055,74,115,-41
102900056,179,553,-374
102900057,2,34,-32
102900058,330,54,276
102900059,14,71,-57
102900060,64,516,-452
102900061,70,462,-392
102900062,96,1746,-1650
102900063,543,430,113
102900064,171,527,-356
102900065,1601,848,753
102900066,313,40,273
102900068,40,87,-47
102900070,160,825,-665
102900072,13,26,-13
102900073,146,6,140
102900075,20,10,10
102900076,339,54,285
102900077,40,19,21
102900078,45,87,-42
102900079,218,16,202
102900080,291,30,261
102900081,86,284,-198
102900082,20,248,-228
102900083,339,10,329
102900084,13,16,-3
102900085,124,70,54
102900086,7,31,-24
102900087,36,135,-99
102900088,19,26,-7
102900089,273,142,131
102900090,4,538,-534
102900091,66,2,64
102900092,123,1116,-993
102900093,219,174,45
102900094,7,65,-58
102900095,54,7,47
102900096,33,9,24
102900097,25,169,-144
103000001,2163,2582,-419
103000002,1862,2075,-213
103000003,3201,2691,510
103000004,972,679,293
103000005,2217,2215,2
103000006,528,1396,-868
103000007,407,929,-522
103000008,920,1149,-229
103000009,715,852,-137
103000010,84,122,-38
103000011,1887,945,942
103000012,1030,1090,-60
103000013,7799,1938,5861
103000014,1279,1599,-320
103000015,2893,934,1959
103000016,627,859,-232
103000017,132,324,-192
103000018,1175,428,747
103000019,146,163,-17
103000020,2043,1428,615
103000021,1474,1406,68
103000022,850,1301,-451
103000023,345,1091,-746
103000024,102,172,-70
103000025,51,293,-242
103000026,2180,139,2041
103000027,308,370,-62
103000028,1031,351,680
103000029,567,208,359
103000030,2336,617,1719
103000031,1663,1167,496
103000032,2085,1623,462
103000033,2418,2292,126
103000034,2068,990,1078
103000035,494,920,-426
103000036,468,447,21
103000037,851,461,390
103000038,557,754,-197
103000039,292,545,-253
103000040,230,1322,-1092
103000041,1418,3052,-1634
103000042,600,737,-137
103000043,299,1379,-1080
103000044,136,361,-225
103000046,171,339,-168
103000047,365,754,-389
103000048,84,127,-43
103000049,116,206,-90
103000050,475,831,-356
103000051,202,543,-341
103000052,737,501,236
103000053,126,360,-234
103000054,1668,1056,612
103000055,1342,1600,-258
103000056,427,2363,-1936
103000057,434,364,70
103000058,300,956,-656
103000059,315,787,-472
103000060,641,792,-151
103000061,320,811,-491
103000062,980,880,100
103000063,552,648,-96
103000064,71,302,-231
103000065,5,359,-354
103000066,94,7,87
103000069,151,371,-220
103000070,559,1264,-705
103000071,599,388,211
103000072,108,1147,-1039
103000073,212,97,115
103000074,428,61,367
103000075,107,1074,-967
103000076,221,196,25
103000077,60,430,-370
103000078,1242,308,934
103000079,1588,453,1135
103000080,1220,177,1043
103000081,606,651,-45
103000082,347,218,129
103000083,95,394,-299
103000084,180,9,171
103000085,0,99,-99
103000086,482,263,219
103000087,110,388,-278
103000088,293,310,-17
103000089,138,271,-133
103000090,1409,1049,360
103000091,486,437,49
103000092,190,316,-126
103000093,281,639,-358
103000094,129,156,-27
103000095,18,438,-420
103000096,703,87,616
103000097,52,714,-662
103000098,906,146,760
103000099,392,700,-308
103000100,77,1166,-1089
103000101,544,135,409
103000102,100,727,-627
103000103,363,259,104
103000104,41,224,-183
103000105,57,164,-107
103000106,3,94,-91
103000107,220,86,134
103000108,396,576,-180
103000109,368,277,91
103000110,356,393,-37
103000111,487,374,113
103000112,277,222,55
103000113,575,648,-73
103000114,733,374,359
103000115,346,433,-87
103000116,377,482,-105
103000117,148,479,-331
103000118,1345,1194,151
103000119,2163,691,1472
103000120,49,79,-30
103000121,151,500,-349
103000122,232,196,36
103000125,10,691,-681
103000126,283,13,270
103000127,1,380,-379
103000128,93,2,91
103000129,4,223,-219
103000130,22,24,-2
103000131,319,97,222
103000132,51,116,-65
103000133,7,291,-284
103000134,817,558,259
103000135,1066,230,836
103000136,789,373,416
103000137,658,580,78
103000138,932,608,324
103000139,2,33,-31
103000140,109,20,89
103000141,27,81,-54
103000142,132,84,48
103000143,24,223,-199
103000144,144,84,60
103000145,30,61,-31
103000150,54,53,1
103000152,213,252,-39
103000153,90,138,-48
103000156,2,663,-661
103000157,202,3,199
103000159,123,138,-15
103000162,76,39,37
103000163,7,24,-17
103000164,12,7,5
103000165,116,519,-403
103000166,122,178,-56
103000167,115,115,0
103000168,45,180,-135
103000169,147,331,-184
103000170,443,543,-100
103000171,45,78,-33
103000172,188,363,-175
103000173,177,918,-741
103000174,103,309,-206
103000175,110,583,-473
103000176,722,225,497
103000177,805,366,439
103000178,362,238,124
103000179,63,38,25
103000183,41,34,7
103000185,40,85,-45
103000186,59,222,-163
103000187,158,903,-745
103000188,14,115,-101
103000189,677,1054,-377
103000191,728,838,-110
103000292,3015,901,2114
103000293,1915,942,973
103000295,77,43,34
103000296,197,6,191
103000297,164,21,143
103000504,57,13,44
103000505,19,13,6
103000506,2,251,-249
103000507,101,2,99
103000508,75,42,33
103000509,223,601,-378
103900001,22,556,-534
103900002,1984,179,1805
103900003,2026,46,1980
103900004,20,0,20
103900005,0,234,-234
103900006,1,6,-5
103900007,18,17,1
103900008,2,1,1
103900009,130,287,-157
103900010,109,274,-165
103900011,86,258,-172
103900012,9,17,-8
103900013,15,88,-73
103900014,31,28,3
103900015,21,22,-1
103900016,162,325,-163
103900017,18,85,-67
103900018,846,210,636
103900019,51,173,-122
103900020,99,223,-124
103900021,1023,51,972
103900022,891,737,154
103900023,71,2,69
103900024,93,767,-674
103900025,3,58,-55
103900026,8,0,8
103900027,347,341,6
103900028,15,235,-220
103900029,632,145,487
103900030,119,35,84
103900031,3,0,3
103900032,23,24,-1
103900033,64,4,60
103900034,20,291,-271
103900035,32,73,-41
103900036,20,31,-11
103900037,40,35,5
103900038,64,86,-22
103900039,15,526,-511
103900040,3,207,-204
103900041,6,21,-15
103900042,19,503,-484
103900043,56,120,-64
103900044,307,131,176
103900045,149,162,-13
103900047,28,26,2
103900048,44,15,29
103900049,186,1290,-1104
103900050,3,81,-78
103900051,0,22,-22
103900052,113,792,-679
103900053,87,1389,-1302
103900054,59,712,-653
103900055,394,233,161
103900056,27,73,-46
103900057,9,383,-374
103900058,69,861,-792
103900059,0,0,0
103900060,16,227,-211
103900061,52,61,-9
103900062,112,48,64
103900063,2,0,2
103900064,25,4,21
103900065,887,331,556
103900066,48,11,37
103900067,25,6,19
103900068,0,0,0
103900069,125,18,107
103900070,83,287,-204
103900071,14,194,-180
103900072,4,369,-365
103900073,31,7,24
103900074,37,142,-105
103900075,132,122,10
103900076,202,909,-707
103900077,67,44,23
103900078,71,145,-74
103900079,90,287,-197
103900080,7,27,-20
103900081,66,8,58
103900082,4,72,-68
103900083,2676,334,2342
103900084,16,128,-112
103900085,74,97,-23
103900086,261,266,-5
103900088,393,157,236
103900089,56,228,-172
103900090,43,624,-581
103900091,816,283,533
103900092,230,496,-266
103900093,128,605,-477
103900094,4,194,-190
103900095,154,175,-21
103900096,13,469,-456
103900097,6,573,-567
103900098,120,78,42
103900099,24,376,-352
103900100,67,384,-317
103900101,49,1020,-971
103900102,0,33,-33
103900104,3,38,-35
103900105,90,198,-108
103900106,0,22,-22
103900107,48,216,-168
103900108,32,560,-528
103900109,35,93,-58
103900110,214,49,165
103900111,25,1033,-1008
103900112,12,61,-49
103900113,120,178,-58
103900114,609,402,207
103900115,202,86,116
103900116,9176,1338,7838
103900117,264,150,114
103900119,27,41,-14
103900120,15,110,-95
103900122,54,493,-439
103900123,1649,534,1115
103900124,38,736,-698
103900125,61,111,-50
103900126,208,553,-345
103900127,88,826,-738
103900128,25,258,-233
103900131,23,143,-120
103900133,668,21,647
103900134,0,0,0
103900135,18,6,12
103900137,3,165,-162
103900138,27,331,-304
103900139,286,938,-652
103900140,1,31,-30
103900141,217,104,113
103900142,81,211,-130
103900143,19,0,19
103900144,0,65,-65
103900145,131,374,-243
103900146,205,380,-175
103900147,241,116,125
103900148,93,219,-126
103900149,54,671,-617
103900150,8985,1803,7182
103900151,32,169,-137
103900152,208,928,-720
103900153,1,0,1
103900154,1420,853,567
103900155,28,239,-211
103900156,9,232,-223
103900157,16,356,-340
103900158,22,227,-205
103900159,55,88,-33
103900160,19,11,8
103900161,46,209,-163
103900162,67,378,-311
103900163,2,436,-434
103900167,24,66,-42
103900168,47,147,-100
103900169,36,30,6
103900170,2,101,-99
103900171,0,93,-93
103900172,11,27,-16
103900173,6,5,1
103900174,66,65,1
103900175,56,26,30
103900176,12,8,4
103900177,7,56,-49
103900178,24,106,-82
103900179,14,217,-203
103900180,11,135,-124
103900181,59,30,29
103900182,36,8,28
103900184,570,32,538
103900185,273,94,179
103900187,120,26,94
103900188,22,20,2
103900189,92,10,82
103900190,33,47,-14
103900191,21,41,-20
103900192,44,94,-50
103900193,215,157,58
103900194,42,437,-395
103900195,5,41,-36
103900196,19,11,8
103900197,2,51,-49
103900198,9,68,-59
103900199,93,84,9
103900200,100,177,-77
103900201,50,207,-157
103900202,4,69,-65
103900203,17,32,-15
103900204,5,142,-137
103900207,1,164,-163
103900208,27,1,26
103900209,14,137,-123
103900210,9,22,-13
103900211,417,784,-367
103900212,35,554,-519
103900213,105,241,-136
103900214,217,79,138
103900215,669,277,392
103900216,4,547,-543
103900217,395,31,364
103900218,0,216,-216
103900219,52,363,-311
103900233,58,2,56
103900235,24,15,9
103900236,19,4,15
103900242,3,9,-6
103900243,0,2,-2
103900244,46,385,-339
103900245,26,332,-306
103900246,34,82,-48
103900247,31,109,-78
103900248,4,19,-15
103900249,24,39,-15
103900250,21,14,7
103900251,0,30,-30
103900253,19,37,-18
103900254,6,13,-7
103900255,5,1,4
103900256,12,10,2
103900257,73,59,14
103900258,31,1,30
103900259,77,2,75
103900261,14,1,13
103900262,25,5,20
103900263,43,56,-13
103900264,88,14,74
103900265,46,10,36
103900266,0,32,-32
103900267,11,57,-46
103900268,4,137,-133
103900269,83,56,27
103900270,11,140,-129
103900271,38,303,-265
103900272,62,107,-45
103900273,9,95,-86
103900274,29,21,8
103900275,32,8,24
103900276,1,242,-241
103900277,7,266,-259
103900278,6,74,-68
103900279,0,19,-19
104000001,1888,2195,-307
104000002,1415,2731,-1316
104000003,2418,2290,128
104000004,3635,2577,1058
104000005,853,1992,-1139
104000006,2525,3064,-539
104000007,4121,3944,177
104000008,240,632,-392
104000009,78,139,-61
104000010,133,192,-59
104000011,798,553,245
104000012,176,594,-418
104000013,96,113,-17
104000014,195,846,-651
104000015,236,173,63
104000016,431,511,-80
104000018,463,160,303
104000019,344,128,216
104000020,182,1071,-889
104000021,269,861,-592
104000022,99,354,-255
104000023,328,355,-27
104000024,182,412,-230
104000026,36,287,-251
104000027,244,452,-208
104000028,221,254,-33
104000029,341,668,-327
104000030,207,285,-78
104000031,602,281,321
104000032,223,469,-246
104000033,411,395,16
104000034,256,508,-252
104000035,523,491,32
104000036,381,797,-416
104000037,171,404,-233
104000038,265,287,-22
104000039,164,530,-366
104000040,546,594,-48
104000041,329,355,-26
104000042,201,518,-317
104000043,234,407,-173
104000044,167,904,-737
104000045,648,1275,-627
104000046,1583,1811,-228
104000047,840,1525,-685
104000048,1189,2525,-1336
104000049,263,267,-4
104000050,155,605,-450
104000051,70,882,-812
104000052,855,1520,-665
104000053,634,639,-5
104000054,455,743,-288
104000055,4463,3527,936
104000056,1893,211,1682
104000057,85,591,-506
104000058,464,760,-296
104000059,401,1252,-851
104000060,637,1076,-439
104000061,945,1629,-684
104000062,201,154,47
104000064,651,281,370
104000065,125,382,-257
104000069,1625,470,1155
104000070,31,409,-378
104000071,133,435,-302
104000072,678,212,466
104000075,37,298,-261
104000076,440,111,329
104000082,2137,2473,-336
104000083,706,217,489
104000084,109,548,-439
104000085,207,246,-39
104000086,143,499,-356
104000087,545,988,-443
104000090,602,1899,-1297
104000092,590,3219,-2629
104000094,828,2789,-1961
104000095,1320,1516,-196
104000096,815,555,260
104000097,1203,1490,-287
104000098,1129,1589,-460
104000100,1015,935,80
104000101,841,2615,-1774
104000106,114,561,-447
104000107,593,622,-29
104000108,327,700,-373
104000109,224,62,162
104000110,744,920,-176
104000111,6715,1800,4915
104000112,3148,562,2586
104000116,6,1560,-1554
104000117,90,1270,-1180
104000118,323,242,81
104000119,369,244,125
104000120,165,1354,-1189
104000121,158,727,-569
104000122,457,794,-337
104000123,916,1726,-810
104000124,1961,3186,-1225
104000125,6268,2910,3358
104000126,268,472,-204
104000127,1710,4800,-3090
104000128,896,520,376
104000129,413,20,393
104000130,10,165,-155
104000131,1179,760,419
104000132,687,1026,-339
104000133,1149,881,268
104000134,925,1313,-388
104000135,395,963,-568
104000136,1004,2348,-1344
104000137,2133,232,1901
104000138,1646,415,1231
104000139,12131,3250,8881
104000141,1525,1958,-433
104000142,656,1310,-654
104000143,411,992,-581
104000144,62,190,-128
104000145,373,169,204
104000146,496,715,-219
104000147,96,472,-376
104000148,189,151,38
104000149,249,556,-307
104000150,622,443,179
104000151,369,877,-508
104000152,431,1008,-577
104000153,268,373,-105
104000154,1284,852,432
104000155,313,437,-124
104000157,1181,2240,-1059
104000158,448,276,172
104000159,483,382,101
104000160,1722,1430,292
104000161,209,168,41
104000162,33,108,-75
104000165,1531,1204,327
104000167,411,602,-191
104000168,514,9,505
104000169,37,72,-35
104000170,1131,368,763
104000248,174,991,-817
104000251,39,400,-361
104000272,0,0,0
104000273,0,0,0
104000274,0,0,0
104000275,0,0,0
104000279,760,576,184
104000290,59,435,-376
104000291,556,1076,-520
104000293,585,783,-198
104000294,6,0,6
104000295,419,863,-444
104000296,275,842,-567
104000297,928,1562,-634
104000298,2201,975,1226
104000299,557,1368,-811
104900001,80,471,-391
104900002,24,103,-79
104900003,24,475,-451
104900004,71,465,-394
104900005,130,194,-64
104900006,119,66,53
104900007,183,286,-103
104900009,94,632,-538
104900010,17,15,2
104900011,2,6,-4
104900012,139,8,131
104900013,55,3,52
104900014,4989,473,4516
104900015,82,3,79
104900016,134,398,-264
104900017,57,208,-151
104900018,6,216,-210
104900019,293,1107,-814
104900020,38,306,-268
104900021,3,365,-362
104900022,23,187,-164
104900023,0,197,-197
104900024,13,149,-136
104900025,65,448,-383
104900026,1,159,-158
104900027,145,237,-92
104900028,33,117,-84
104900029,51,95,-44
104900030,294,174,120
104900031,188,216,-28
104900032,18,200,-182
104900033,85,198,-113
104900034,210,86,124
104900035,116,89,27
104900036,86,49,37
104900037,79,387,-308
104900038,670,455,215
104900039,969,179,790
104900040,205,80,125
104900041,156,126,30
104900042,112,509,-397
104900043,13,28,-15
104900044,256,155,101
104900045,255,52,203
104900046,43,132,-89
104900047,150,169,-19
104900048,190,104,86
104900049,17,4,13
104900050,67,86,-19
104900051,109,37,72
104900052,38,2,36
104900053,247,61,186
104900054,228,55,173
104900055,31,1,30
104900056,73,12,61
104900057,10,3,7
104900058,1101,150,951
104900059,13,41,-28
104900060,1,317,-316
104900061,264,811,-547
104900063,0,178,-178
104900064,1,152,-151
104900065,0,88,-88
104900066,2,244,-242
104900067,4,231,-227
104900068,4,260,-256
104900070,83,343,-260
104900071,7,886,-879
104900072,31,243,-212
104900073,27,362,-335
104900074,33,326,-293
104900075,22,96,-74
104900076,53,492,-439
104900077,1452,93,1359
104900078,110,1039,-929
104900079,115,190,-75
104900080,22,652,-630
104900082,19,400,-381
104900085,2,309,-307
104900087,284,5,279
104900089,113,0,113
104900090,384,470,-86
104900091,441,1281,-840
104900093,255,717,-462
104900097,3953,1280,2673
104900098,39,37,2
104900099,118,368,-250
104900100,863,277,586
104900102,12,303,-291
104900103,507,113,394
104900104,4418,1170,3248
104900106,39,148,-109
104900107,42,394,-352
104900108,18,387,-369
104900109,84,266,-182
104900110,9,39,-30
104900111,153,85,68
104900112,132,1217,-1085
104900113,437,573,-136
104900114,173,978,-805
104900115,429,647,-218
104900116,92,466,-374
104900118,10,90,-80
104900119,0,29,-29
104900120,118,83,35
104900121,1,174,-173
104900122,2,94,-92
104900123,20,3,17
104900124,11,1,10
104900125,427,1,426
104900126,76,68,8
104900127,11,33,-22
104900128,54,206,-152
104900129,3170,830,2340
105000001,1950,1802,148
105000002,1786,1997,-211
105000003,2498,4201,-1703
105000004,459,1165,-706
105000005,646,1340,-694
105000006,880,1562,-682
105000007,636,1115,-479
105000008,678,1560,-882
105000009,1034,2592,-1558
105000010,3406,2982,424
105000011,1886,2004,-118
105000012,4773,3696,1077
105000013,678,986,-308
105000014,1132,1914,-782
105000015,8230,5987,2243
105000016,4088,2287,1801
105000017,1597,1205,392
105000018,1412,934,478
105000019,1676,1074,602
105000020,170,294,-124
105000021,258,150,108
105000022,141,37,104
105000023,332,237,95
105000028,45,159,-114
105000029,310,733,-423
105000030,4090,4179,-89
105000033,1105,2521,-1416
105000034,159,484,-325
105000037,660,730,-70
105000038,1715,1174,541
105000039,4046,2249,1797
105000040,705,681,24
105000041,989,1466,-477
105000042,3221,1103,2118
105000043,2843,2761,82
105000044,275,361,-86
105000045,283,1085,-802
105000046,512,372,140
105000047,389,1858,-1469
105000048,354,186,168
105000049,214,730,-516
105000050,317,418,-101
105000051,231,564,-333
105000052,372,1037,-665
105000053,112,215,-103
105000054,164,1170,-1006
105000055,261,460,-199
105000056,648,2859,-2211
105000057,887,1096,-209
105000058,1366,1635,-269
105000059,432,456,-24
105000060,359,761,-402
105000061,291,436,-145
105000062,712,1177,-465
105000063,333,778,-445
105000064,565,674,-109
105000065,283,1248,-965
105000066,916,2627,-1711
105000067,706,544,162
105000068,408,1203,-795
105000069,3044,589,2455
105000070,897,864,33
105000071,161,434,-273
105000072,723,912,-189
105000073,596,547,49
105000074,820,1002,-182
105000075,489,942,-453
105000076,1174,1176,-2
105000077,1880,857,1023
105000078,1504,1135,369
105000079,1944,1914,30
105000080,1565,909,656
105000081,997,659,338
105000082,502,491,11
105000083,1083,694,389
105000084,484,1250,-766
105000085,1053,891,162
105000086,465,843,-378
105000087,2499,1899,600
105000088,1595,1316,279
105000089,3999,2920,1079
105000090,1233,1029,204
105000091,2319,2266,53
105000092,650,1415,-765
105000093,327,225,102
105000094,258,239,19
105000095,81,425,-344
105000096,804,732,72
105000097,1014,673,341
105000098,499,551,-52
105000099,672,1020,-348
105000100,884,1246,-362
105000101,1635,2383,-748
105000102,2173,1584,589
105000103,1718,2607,-889
105000104,1234,1103,131
105000105,901,1994,-1093
105000106,772,1569,-797
105000107,661,991,-330
105000108,811,1975,-1164
105000109,857,1812,-955
105000110,472,1019,-547
105000111,388,642,-254
105000112,1023,1065,-42
105000113,398,509,-111
105000114,4198,1095,3103
105000115,272,693,-421
105000116,385,495,-110
105000117,712,1826,-1114
105000118,202,432,-230
105000119,370,1493,-1123
105000120,496,613,-117
105000121,675,1296,-621
105000122,192,430,-238
105000123,1028,1834,-806
105000124,1018,1034,-16
105000125,500,1995,-1495
105000126,1560,2272,-712
105000127,1736,2146,-410
105000128,355,1637,-1282
105000129,616,374,242
105000130,80,854,-774
105000131,503,378,125
105000132,612,371,241
105000133,294,1252,-958
105000134,371,605,-234
105000135,401,893,-492
105000136,78,396,-318
105000137,233,249,-16
105000138,354,442,-88
105000139,780,1235,-455
105000140,170,545,-375
105000141,156,723,-567
105000142,96,608,-512
105000143,220,735,-515
105000144,233,700,-467
105000145,436,562,-126
105000146,431,720,-289
105000147,312,364,-52
105000148,1079,674,405
105000149,1457,1683,-226
105000150,2735,1551,1184
105000151,314,398,-84
105000152,182,724,-542
105000153,426,453,-27
105000154,767,938,-171
105000155,285,629,-344
105000156,971,954,17
105000157,1324,2349,-1025
105000158,1971,791,1180
105000159,472,1651,-1179
105000160,1358,684,674
105000161,675,2438,-1763
105000162,395,1329,-934
105000163,1497,1523,-26
105000164,225,370,-145
105000165,1947,3434,-1487
105000166,9545,329,9216
105000167,3361,1225,2136
105000168,174,991,-817
105000169,239,620,-381
105000170,115,1314,-1199
105000171,1008,373,635
105000172,61,62,-1
105000173,41,35,6
105000174,32,40,-8
105000175,78,123,-45
105000176,66,86,-20
105000177,91,140,-49
105000178,82,788,-706
105000179,112,113,-1
105000180,71,113,-42
105000181,52,535,-483
105000182,24,57,-33
105000183,3251,1348,1903
105000184,1678,957,721
105000185,1636,657,979
105000186,416,1177,-761
105000187,704,286,418
105000188,247,121,126
105000189,186,659,-473
105000190,163,399,-236
105000191,301,554,-253
105000192,122,74,48
105000193,55,130,-75
105000194,160,182,-22
105000195,230,1272,-1042
105000196,28,65,-37
105000197,230,944,-714
105000198,511,304,207
105000199,187,228,-41
105000200,115,303,-188
105000201,76,11,65
105000203,4,314,-310
105000204,48,103,-55
105000205,97,268,-171
105000207,983,298,685
105000208,308,337,-29
105000209,153,483,-330
105000212,807,1722,-915
105000213,260,162,98
105000214,67,256,-189
105000215,107,330,-223
105000216,64,474,-410
105000217,147,408,-261
105000218,584,1081,-497
105000221,75,358,-283
105000222,55,42,13
105000223,80,193,-113
105000226,15,423,-408
105000227,27,223,-196
105000228,206,665,-459
105000229,58,192,-134
105000231,142,217,-75
105000233,552,581,-29
105000234,550,1394,-844
105000235,223,454,-231
105000237,561,53,508
105000243,10,219,-209
105000248,83,49,34
105000262,201,2161,-1960
105000269,91,171,-80
105000270,166,128,38
105000271,0,314,-314
105000282,126,51,75
105000287,381,151,230
105000288,372,412,-40
105000289,950,804,146
105000290,11,3,8
105000402,5710,1797,3913
105000426,344,546,-202
105000438,761,541,220
105000446,15401,5092,10309
105000447,8820,2940,5880
105000454,149,1103,-954
105000455,259,270,-11
105000474,12,0,12
105000477,206,321,-115
105000478,1032,1814,-782
105000479,61,139,-78
105000480,1637,1859,-222
105000481,2040,2119,-79
105000482,4738,2983,1755
105000483,934,1117,-183
105000484,2298,2649,-351
105000485,1019,1271,-252
105000486,3883,2461,1422
105000488,2952,2905,47
105000489,498,801,-303
105000549,15,118,-103
105000550,522,1300,-778
105000551,29,134,-105
105000552,3916,2291,1625
105000555,323,521,-198
105900001,10,936,-926
105900002,1871,518,1353
105900003,4,77,-73
105900004,435,115,320
105900005,3,244,-241
105900006,7,50,-43
105900007,63,15,48
105900008,46,834,-788
105900009,10,11,-1
105900011,176,54,122
105900012,645,266,379
105900013,4,33,-29
105900014,6,116,-110
105900015,210,358,-148
105900016,206,1104,-898
105900017,478,70,408
105900018,238,277,-39
105900019,183,750,-567
105900020,25,73,-48
105900021,28,404,-376
105900022,191,392,-201
105900023,4,140,-136
105900024,1,202,-201
105900025,40,47,-7
105900026,180,52,128
105900027,5824,5523,301
105900028,41,175,-134
105900029,2406,421,1985
105900030,134,338,-204
105900031,471,210,261
105900032,40,175,-135
105900033,106,155,-49
105900034,129,242,-113
105900035,184,225,-41
105900036,29,160,-131
105900037,46,76,-30
105900038,104,264,-160
105900039,62,177,-115
105900040,78,98,-20
105900041,155,471,-316
105900042,25,122,-97
105900043,1961,82,1879
105900044,2,170,-168
105900045,3,648,-645
105900046,14,218,-204
105900047,39,22,17
105900048,43,493,-450
105900050,4035,980,3055
105900051,10,1493,-1483
105900052,289,159,130
105900053,4642,1098,3544
105900054,270,328,-58
105900056,1181,310,871
105900057,29,232,-203
105900058,6,24,-18
105900059,1,14,-13
106000001,4710,1365,3345
106000002,3727,4131,-404
106000003,2841,2572,269
106000004,2431,2657,-226
106000005,2094,5029,-2935
106000006,6308,5264,1044
106000007,413,549,-136
106000008,405,351,54
106000009,417,326,91
106000010,516,614,-98
106000011,548,1021,-473
106000012,691,1831,-1140
106000013,1345,2001,-656
106000014,2056,2230,-174
106000015,971,1067,-96
106000016,1116,2697,-1581
106000017,625,706,-81
106000018,498,664,-166
106000019,243,405,-162
106000020,196,488,-292
106000021,174,482,-308
106000022,193,353,-160
106000023,429,421,8
106000024,523,940,-417
106000025,102,183,-81
106000026,174,428,-254
106000027,685,1295,-610
106000028,387,907,-520
106000029,819,1696,-877
106000030,975,318,657
106000034,190,691,-501
106000035,731,880,-149
106000036,427,324,103
106000037,1663,1560,103
106000038,649,96,553
106000039,176,46,130
106000040,184,659,-475
106000041,782,271,511
106000043,451,71,380
106000046,343,30,313
106000047,47,323,-276
106000049,453,134,319
106000050,237,1008,-771
106000051,416,333,83
106000052,73,785,-712
106000053,133,112,21
106000054,343,519,-176
106000055,533,826,-293
106000056,246,604,-358
106000057,192,189,3
106000058,130,273,-143
106000059,136,236,-100
106000060,494,666,-172
106000061,207,369,-162
106000062,125,665,-540
106000063,399,415,-16
106000064,39,439,-400
106000065,188,225,-37
106000066,83,412,-329
106000067,148,95,53
106000068,77,692,-615
106000069,157,85,72
106000070,264,917,-653
106000071,598,273,325
106000072,4877,1443,3434
106000073,1933,2178,-245
106000074,210,609,-399
106000075,228,1117,-889
106000076,1154,1721,-567
106000077,3040,1219,1821
106000078,566,899,-333
106000079,461,1234,-773
106000080,824,951,-127
106000081,452,1139,-687
106000082,2301,1018,1283
106000083,285,1260,-975
106000084,978,694,284
106000085,1483,1120,363
106000086,618,624,-6
106000087,752,597,155
106000088,384,774,-390
106000089,636,505,131
106000090,198,701,-503
106000091,244,794,-550
106000092,575,257,318
106000093,243,73,170
106000094,129,334,-205
106000095,326,1349,-1023
106000096,501,856,-355
106000097,637,1619,-982
106000098,391,1206,-815
106000099,135,1049,-914
106000100,642,286,356
106000101,1214,328,886
106000102,209,622,-413
106000103,187,710,-523
106000104,626,463,163
106000105,320,1115,-795
106000106,355,467,-112
106000107,74,538,-464
106000108,132,400,-268
106000109,47,450,-403
106000110,102,328,-226
106000111,119,632,-513
106000112,108,373,-265
106000113,1093,737,356
106000114,371,387,-16
106000115,128,613,-485
106000116,133,248,-115
106000117,980,956,24
106000118,897,1063,-166
106000119,2609,1399,1210
106000120,870,807,63
106000121,141,201,-60
106000122,108,377,-269
106000123,160,299,-139
106000124,43,437,-394
106000125,11,453,-442
106000126,84,264,-180
106000127,387,1173,-786
106000128,373,402,-29
106000129,303,825,-522
106000130,441,459,-18
106000131,90,743,-653
106000132,922,138,784
106000133,4290,1070,3220
106000134,810,1161,-351
106000135,189,982,-793
106000136,467,431,36
106000137,69,1592,-1523
106000138,539,60,479
106000139,32,158,-126
106000140,34,101,-67
106000141,58,159,-101
106000142,47,117,-70
106000143,7,139,-132
106000144,32,87,-55
106000145,129,507,-378
106000146,141,228,-87
106000147,358,554,-196
106000148,684,861,-177
106000149,334,449,-115
106000150,372,1692,-1320
106000151,5231,845,4386
106000152,1592,1116,476
106000153,74,1464,-1390
106000154,1606,284,1322
106000155,59,180,-121
106000156,493,384,109
106000157,525,2137,-1612
106000158,3644,715,2929
106000159,5184,1530,3654
106000160,188,1701,-1513
106000161,1348,610,738
106000162,153,656,-503
106000163,189,633,-444
106000164,164,388,-224
106000165,146,829,-683
106000166,311,348,-37
106000167,204,1780,-1576
106000168,206,268,-62
106000169,113,1033,-920
106000170,307,266,41
106000171,96,999,-903
106000172,2292,819,1473
106000173,841,2791,-1950
106000174,935,312,623
106000175,308,1120,-812
106000176,997,578,419
106000177,549,2544,-1995
106000178,2693,1423,1270
106000179,1188,2332,-1144
106000180,819,2119,-1300
106000181,329,2427,-2098
106000182,543,735,-192
106000183,553,1157,-604
106000184,717,1306,-589
106000185,447,1164,-717
106000186,802,217,585
106000187,240,924,-684
106000188,0,1,-1
106000189,6,54,-48
106000190,11,0,11
106000191,442,206,236
106000192,0,23,-23
106000193,196,182,14
106000194,125,301,-176
106000195,455,102,353
106000196,125,406,-281
106000197,187,307,-120
106000198,89,371,-282
106000199,923,440,483
106000200,486,176,310
106000201,475,1165,-690
106000202,7905,627,7278
106000203,297,180,117
106000204,20,5,15
106000205,14,163,-149
106000206,36,29,7
106000207,41,948,-907
106000208,495,103,392
106000209,954,263,691
106000210,251,1598,-1347
106000211,376,1782,-1406
106000212,441,134,307
106000213,850,1249,-399
106000214,3166,522,2644
106000215,148,478,-330
106000216,224,356,-132
106000217,200,472,-272
106000218,279,353,-74
106000219,87,251,-164
106000220,290,297,-7
106000221,56,369,-313
106000222,16,189,-173
106000223,79,163,-84
106000224,100,464,-364
106000225,36,75,-39
106000226,116,375,-259
106000228,28,140,-112
106000229,84,933,-849
106000231,434,126,308
106000232,74,535,-461
106000233,282,129,153
106000234,38,293,-255
106000235,196,57,139
106000236,121,46,75
106000237,0,6,-6
106000238,2,10,-8
106000239,9,69,-60
106000240,56,2,54
106000241,10,794,-784
106000242,98,22,76
106000249,37,86,-49
106000250,47,441,-394
106000251,30,19,11
106000252,15,113,-98
106000253,18,39,-21
106000254,48,65,-17
106000255,11,82,-71
106000256,77,125,-48
106000257,80,349,-269
106000258,119,14,105
106000259,0,23,-23
106000260,10,5,5
106000261,1,41,-40
106000262,24,16,8
106000263,3,99,-96
106000264,190,14,176
106000265,10,158,-148
106000266,163,12,151
106000267,10,92,-82
106000268,473,21,452
106000269,65,63,2
106000270,138,448,-310
106000271,32,204,-172
106000272,91,93,-2
106000273,6,227,-221
106000274,199,34,165
106000275,93,152,-59
106000276,177,60,117
106000277,136,148,-12
106000278,168,48,120
106000279,3,59,-56
106000280,20,180,-160
106000281,64,99,-35
106000282,59,37,22
106000283,47,105,-58
106000284,44,89,-45
106000285,135,127,8
106000286,78,169,-91
106000287,76,102,-26
106000288,79,175,-96
106000289,52,80,-28
106000290,47,127,-80
106000291,65,103,-38
106000292,71,164,-93
106000293,77,108,-31
106000294,97,172,-75
106000295,40,66,-26
106000296,64,138,-74
106000297,70,202,-132
106000298,159,69,90
106000299,51,124,-73
106000300,71,118,-47
106000301,40,110,-70
106000303,13,51,-38
106000304,55,40,15
106000305,29,49,-20
106000306,44,90,-46
106000307,34,15,19
106000308,19,163,-144
106000309,13,64,-51
106000310,163,680,-517
106000311,190,94,96
106000312,64,218,-154
106000313,86,244,-158
106000318,221,198,23
106000319,433,56,377
106000320,4,39,-35
106000321,310,65,245
106000322,73,298,-225
106000324,5,193,-188
106000325,963,910,53
106000326,706,2000,-1294
106000327,84,217,-133
106000328,16,120,-104
106000329,31,297,-266
106000330,38,53,-15
106000428,41,244,-203
106000429,67,655,-588
106000430,307,1744,-1437
106000431,1065,333,732
106000432,1462,2714,-1252
106000433,1317,753,564
106000434,2466,921,1545
106000435,2302,2673,-371
106000436,28,384,-356
106000437,138,50,88
106000438,301,119,182
106000439,45,754,-709
106000440,190,491,-301
106000441,0,0,0
106000442,74,5,69
106000443,73,649,-576
106000450,2,246,-244
106000451,24,13,11
106000454,2,78,-76
106000455,22,197,-175
106000456,165,37,128
106000457,1,1382,-1381
106000458,176,172,4
106000459,47,482,-435
106000460,450,30,420
106000461,28,2436,-2408
106000462,1,10,-9
106000463,3,22,-19
106000464,4,633,-629
106000465,143,0,143
106000466,5,841,-836
106000467,532,642,-110
106000468,39,228,-189
106000469,240,10,230
106000470,217,1317,-1100
106000471,29,743,-714
106000472,91,8,83
106000473,24,34,-10
106000474,206,765,-559
106000475,188,117,71
106000476,194,156,38
106000477,8,99,-91
106000480,1,77,-76
106900001,1,8,-7
106900002,6,722,-716
106900003,267,926,-659
106900004,0,61,-61
106900006,0,18,-18
106900007,0,16,-16
106900008,101,372,-271
106900009,209,520,-311
106900010,136,374,-238
106900012,2320,1358,962
106900013,355,59,296
106900014,6,1,5
106900015,7,0,7
106900016,132,3,129
106900017,2,0,2
106900018,0,0,0
106900019,14,2,12
106900020,3140,641,2499
106900021,11,38,-27
106900022,200,1,199
106900023,8,364,-356
106900024,278,16,262
106900025,34,675,-641
106900026,3,970,-967
106900027,218,4,214
107000001,1877,1426,451
107000002,3154,4129,-975
107000003,3295,4272,-977
107000004,5063,6919,-1856
107000005,1775,3516,-1741
107000006,3333,7791,-4458
107000007,4800,5748,-948
107000008,22473,13369,9104
107000009,4310,4487,-177
107000010,12021,14645,-2624
107000011,1293,1449,-156
107000012,4638,4364,274
107000013,33,190,-157
107000014,19,259,-240
107000015,341,889,-548
107000016,303,1217,-914
107000017,5623,1069,4554
107000018,11,407,-396
107000020,3171,462,2709
107000021,1074,1051,23
107000022,1083,1836,-753
107000023,1319,425,894
107000024,471,2375,-1904
107000025,108,366,-258
107000026,133,836,-703
107000027,880,981,-101
107000028,1248,1912,-664
107000029,1582,1875,-293
107000030,3414,3990,-576
107000031,2109,1913,196
107000032,286,1048,-762
107000033,4050,5187,-1137
107000034,5723,2435,3288
107000035,262,165,97
107000036,382,911,-529
107000037,59,644,-585
107000038,236,303,-67
107000039,520,576,-56
107000040,97,382,-285
107000041,1317,630,687
107000042,789,1794,-1005
107000043,3228,870,2358
107000044,927,414,513
107000045,95,348,-253
107000046,410,343,67
107000047,354,1012,-658
107000048,487,334,153
107000049,604,863,-259
107000050,719,490,229
107000051,466,373,93
107000052,979,721,258
107000053,256,128,128
107000054,70,360,-290
107000055,139,98,41
107000056,428,958,-530
107000057,1630,215,1415
107000058,1565,1996,-431
107000059,2448,3357,-909
107000060,3069,4694,-1625
107000061,5622,4447,1175
107000062,2358,2816,-458
107000063,3610,6767,-3157
107000064,2443,1905,538
107000065,3214,6406,-3192
107000066,1734,2214,-480
107000067,720,989,-269
107000068,1692,623,1069
107000069,441,369,72
107000070,298,38,260
107000071,1301,20,1281
107000072,38,4477,-4439
107000073,234,148,86
107000074,166,1105,-939
107000075,942,272,670
107000076,822,2171,-1349
107000077,1994,564,1430
107000078,1677,4044,-2367
107000079,1490,459,1031
107000080,1099,3719,-2620
107000081,752,452,300
107000082,482,3457,-2975
107000083,705,227,478
107000084,532,3058,-2526
107000085,2789,3157,-368
107000086,4024,3142,882
107000087,2173,2107,66
107000088,2584,3465,-881
107000089,1082,1851,-769
107000090,895,1313,-418
107000091,825,1179,-354
107000092,633,1330,-697
107000093,764,811,-47
107000094,795,1585,-790
107000095,348,653,-305
107000096,543,1171,-628
107000097,362,341,21
107000098,305,919,-614
107000099,364,219,145
107000100,340,397,-57
107000101,80,178,-98
107000102,381,391,-10
107000103,294,155,139
107000104,191,300,-109
107000105,241,95,146
107000106,150,325,-175
107000107,280,188,92
107000108,95,979,-884
107000109,270,135,135
107000110,51,627,-576
107000111,82,35,47
107000112,24,399,-375
107000113,261,91,170
107000114,63,848,-785
107000115,237,73,164
107000116,68,1240,-1172
107000117,58,222,-164
107000118,138,362,-224
107000119,2144,920,1224
107000120,2923,456,2467
107000121,391,737,-346
107000122,849,1057,-208
107000123,188,961,-773
107000124,350,937,-587
107000125,419,1076,-657
107000126,502,1394,-892
107000129,116,1248,-1132
107000130,185,186,-1
107000131,285,802,-517
107000132,403,379,24
107000133,909,150,759
107000134,266,3,263
107000135,3,211,-208
107000136,576,8,568
107000137,11,332,-321
107000138,508,15,493
107000139,14,339,-325
107000140,742,44,698
107000141,106,987,-881
107000142,237,82,155
107000143,44,1156,-1112
107000144,220,370,-150
107000145,111,761,-650
107000146,145,280,-135
107000147,3045,699,2346
107000150,948,1873,-925
107000151,32,33,-1
107000152,630,448,182
107000153,388,301,87
107000154,207,60,147
107000155,469,31,438
107000156,744,43,701
107000157,34,3119,-3085
107000158,303,17,286
107000159,34,1624,-1590
107000160,392,61,331
107000161,70,2508,-2438
107000162,105,240,-135
107000163,35,33,2
107000164,118,0,118
107000165,288,1,287
107000166,68,1712,-1644
107000167,324,274,50
107000168,517,289,228
107000169,1030,1275,-245
107000170,896,467,429
107000171,647,3733,-3086
107000172,553,593,-40
107000173,747,1514,-767
107000174,1045,2620,-1575
107000175,13347,2035,11312
107000176,1,0,1
107000177,0,2,-2
107000178,6,47,-41
107000179,198,3634,-3436
107000180,614,360,254
107000181,204,1567,-1363
107000182,821,959,-138
107000183,88,1147,-1059
107000184,411,851,-440
107000185,277,1581,-1304
107000186,403,342,61
107000187,1075,1286,-211
107000188,397,448,-51
107000189,267,952,-685
107000190,408,826,-418
107000191,354,926,-572
107000192,1341,1052,289
107000193,406,359,47
107000194,1024,874,150
107000197,344,276,68
107000198,163,879,-716
107000199,731,917,-186
107000200,1029,581,448
107000201,312,256,56
107000202,189,501,-312
107000203,794,615,179
107000204,767,772,-5
107000205,3320,1304,2016
107000206,1055,1026,29
107000207,870,1218,-348
107000208,1706,340,1366
107000209,2825,590,2235
107000210,1829,262,1567
107000211,4,15,-11
107000212,30,288,-258
107000213,21,28,-7
107000214,12,163,-151
107000215,268,642,-374
107000216,141,518,-377
107000217,90,180,-90
107000219,61,157,-96
107000220,88,402,-314
107000222,235,902,-667
107000224,327,48,279
107000225,183,1025,-842
107000226,192,59,133
107000227,97,695,-598
107000228,84,146,-62
107000229,260,109,151
107000230,1000,523,477
107000231,940,442,498
107000232,68,71,-3
107000233,710,264,446
107000234,7,24,-17
107000235,61,6,55
107000236,15,512,-497
107000237,7,0,7
107000238,26,1,25
107000239,6612,484,6128
107000240,61,1381,-1320
107000241,120,26,94
107000242,714,77,637
107000243,1,48,-47
107000244,9,62,-53
107000246,3,1364,-1361
107000249,2,1142,-1140
107000251,1,300,-299
107000252,4,1629,-1625
107000255,729,84,645
107000257,4,749,-745
107000258,1,139,-138
107000259,3,290,-287
107000260,219,7,212
107000262,13,1132,-1119
107000263,129,1,128
107000266,4,4,0
107000267,51,192,-141
107000268,153,264,-111
107000269,209,36,173
107000270,1,8,-7
107000271,14,1115,-1101
107000272,8,281,-273
107000273,4,312,-308
107000274,1711,326,1385
107000275,182,924,-742
107000280,225,21,204
107000281,22,1336,-1314
107000282,32,1713,-1681
107000290,3,42,-39
107000291,9,21,-12
107000292,2,37,-35
107000293,72,3,69
107000294,1,60,-59
107000295,43,5,38
107000296,0,7,-7
107000444,168,24,144
107000496,0,9,-9
107000497,1303,4100,-2797
107000500,267,408,-141
107000501,67,249,-182
107000502,140,469,-329
107000505,687,938,-251
107000506,0,25,-25
107000508,5,987,-982
107000509,197,936,-739
107000510,18,25,-7
107000514,35,290,-255
107000515,13,422,-409
107000516,115,182,-67
107000518,547,438,109
107000519,4383,1364,3019
107000520,32,11,21
107000521,259,573,-314
107000522,379,893,-514
107900001,17,328,-311
107900002,16,1,15
107900003,193,11,182
107900004,26,2,24
107900005,281,3,278
107900006,39,0,39
107900007,115,19,96
107900008,36,40,-4
107900009,120,1,119
107900010,14,0,14
107900012,197,15,182
107900013,236,68,168
107900014,19,9,10
107900015,289,2,287
107900016,640,124,516
107900017,18,1,17
107900018,19,47,-28
107900019,10,90,-80
107900020,81,12,69
107900021,22,188,-166
107900023,5,5,0
107900024,0,26,-26
107900025,235,433,-198
107900026,15,163,-148
107900027,46,125,-79
107900028,21,107,-86
107900030,121,10,111
107900031,43,264,-221
107900032,1,0,1
107900033,11,3,8
107900034,152,13,139
107900035,393,8,385
107900036,16,2,14
107900037,0,42,-42
107900038,151,96,55
107900039,2,55,-53
107900040,331,95,236
107900041,0,0,0
107900043,56,171,-115
107900044,7,4,3
107900045,27,33,-6
107900046,80,34,46
107900047,5,108,-103
107900048,77,2,75
107900049,300,1148,-848
107900050,78,395,-317
107900051,36,93,-57
107900052,21,11,10
107900053,7,71,-64
107900055,408,197,211
107900056,88,13,75
107900057,1,0,1
107900058,14,942,-928
107900060,13,45,-32
107900061,34,3,31
107900063,43,84,-41
107900064,326,38,288
107900065,87,11,76
107900066,4,2,2
107900067,0,0,0
107900068,89,362,-273
107900069,19,519,-500
107900070,35,24,11
107900071,15,1204,-1189
107900072,38,254,-216
107900073,30,164,-134
107900074,1165,110,1055
107900076,42,80,-38
107900077,26,0,26
107900078,232,17,215
107900079,2,9,-7
107900080,105,225,-120
107900081,6,147,-141
107900082,15,14,1
107900083,176,85,91
107900084,41,100,-59
107900086,45,88,-43
107900087,340,55,285
107900088,14,4,10
107900089,360,1205,-845
107900090,465,916,-451
107900091,124,610,-486
107900092,2269,510,1759
107900093,39,46,-7
107900095,3501,1065,2436
107900097,14,57,-43
107900098,77,126,-49
107900100,1114,529,585
107900101,1237,144,1093
107900102,26,0,26
107900103,45,226,-181
107900104,91,20,71
107900105,2,491,-489
107900106,5,1821,-1816
107900107,1739,149,1590
107900108,350,68,282
107900109,415,5,410
107900110,22,104,-82
107900111,2,1556,-1554
107900112,102,267,-165
107900113,54,77,-23
107900114,56,281,-225
107900115,3,67,-64
107900116,35,293,-258
107900117,189,483,-294
107900118,62,180,-118
107900119,51,131,-80
107900120,23,8,15
107900121,1,153,-152
107900122,2,60,-58
107900123,2,29,-27
107900124,9,78,-69
107900125,15,173,-158
107900126,3,46,-43
107900127,581,119,462
107900128,157,35,122
107900129,16,40,-24
107900130,15,26,-11
107900131,258,28,230
107900132,94,490,-396
107900133,2,84,-82
107900134,23,16,7
107900135,3,220,-217
107900136,57,17,40
107900137,79,86,-7
107900138,23,20,3
107900139,6,40,-34
107900140,79,85,-6
107900141,58,5,53
107900142,59,1203,-1144
107900143,39,41,-2
107900144,1,157,-156
107900145,19,126,-107
107900146,32,150,-118
107900147,22,16,6
107900148,145,162,-17
107900149,1926,131,1795
107900150,37,865,-828
107900151,3,117,-114
107900152,9,340,-331
107900153,141,174,-33
107900154,22,7,15
107900155,35,23,12
107900156,4,529,-525
107900157,32,97,-65
107900158,255,9,246
107900159,34,1483,-1449
107900160,29,189,-160
107900161,3,224,-221
107900162,2,212,-210
107900163,373,59,314
107900164,2,38,-36
107900165,30,42,-12
107900166,6,319,-313
107900167,41,13,28
107900168,5,46,-41
107900169,2,182,-180
107900171,9,2018,-2009
107900172,0,386,-386
107900173,15,218,-203
107900174,27,8,19
107900175,19,9,10
107900176,8,37,-29
107900177,0,244,-244
107900178,1,289,-288
107900179,9,138,-129
107900180,1084,169,915
107900181,413,497,-84
107900182,7,1807,-1800
107900183,9,503,-494
107900184,37,317,-280
107900185,24,1,23
107900186,9,35,-26
107900187,0,134,-134
107900188,827,80,747
107900189,13,162,-149
107900190,118,43,75
107900191,41,204,-163
107900193,5,29,-24
107900194,161,1,160
107900195,4860,558,4302
107900196,48,50,-2
107900197,507,74,433
107900199,8,1344,-1336
107900201,33,155,-122
107900203,18,110,-92
107900204,226,218,8
107900205,214,526,-312
107900206,288,156,132
107900207,0,843,-843
107900208,6,1161,-1155
107900209,398,109,289
107900210,88,128,-40
107900213,343,407,-64
107900214,1,190,-189
107900215,181,314,-133
107900216,86,61,25
107900217,16,28,-12
107900218,14,1867,-1853
107900219,21,171,-150
107900220,188,121,67
107900221,193,237,-44
107900223,52,734,-682
107900224,164,336,-172
107900225,3,930,-927
107900226,33,154,-121
107900227,86,627,-541
107900228,7,136,-129
107900229,3,365,-362
107900230,9,200,-191
107900231,8,242,-234
107900232,20,290,-270
107900233,7,167,-160
107900234,50,195,-145
107900235,56,104,-48
107900236,44,116,-72
107900237,128,531,-403
107900238,10,117,-107
107900239,1485,404,1081
107900240,5,222,-217
107900241,6,136,-130
107900242,11,445,-434
107900243,3,47,-44
107900244,77,0,77
107900245,153,44,109
107900246,30,5,25
107900248,29,712,-683
107900249,252,2,250
107900250,0,609,-609
107900251,48,1381,-1333
107900252,301,4,297
107900253,59,2,57
107900254,44,435,-391
107900255,400,55,345
107900256,1360,712,648
107900257,58,46,12
107900258,46,289,-243
107900259,141,818,-677
107900261,1,522,-521
107900262,20,135,-115
107900264,80,5,75
107900265,44,264,-220
107900267,70,26,44
107900268,60,4,56
107900269,0,5,-5
107900270,0,0,0
107900271,7,2,5
107900272,123,10,113
107900273,30,60,-30
107900274,6,0,6
107900275,6,0,6
107900276,0,54,-54
107900277,0,191,-191
107900278,118,337,-219
107900279,108,54,54
107900280,2596,1114,1482
107900281,3892,875,3017
107900282,45,168,-123
107900283,1362,386,976
107900284,147,989,-842
107900285,30,139,-109
107900286,126,60,66
107900287,101,131,-30
107900290,0,56,-56
107900291,224,6,218
107900292,88,330,-242
107900293,23,708,-685
107900295,20,147,-127
107900297,4,293,-289
107900298,708,950,-242
107900299,4549,1322,3227
107900300,26,165,-139
107900301,367,216,151
107900302,103,12,91
107900303,45,307,-262
107900304,85,584,-499
107900305,151,13,138
107900306,11,13,-2
107900307,43,313,-270
107900308,190,34,156
107900309,6,1,5
107900310,0,0,0
107900311,155,90,65
107900312,0,0,0
107900313,1,59,-58
107900314,1,54,-53
107900315,0,59,-59
107900316,51,2,49
107900317,41,4,37
107900318,1,174,-173
107900319,3,259,-256
107900320,5,211,-206
107900321,35,3,32
107900322,0,189,-189
107900323,33,215,-182
107900324,74,0,74
107900325,40,0,40
107900326,94,453,-359
107900327,1,0,1
107900328,0,0,0
107900329,0,0,0
107900330,1,805,-804
107900331,93,35,58
107900332,64,28,36
107900333,21,6,15
107900334,4,313,-309
107900335,70,61,9
107900336,11,31,-20
107900337,1478,364,1114
107900338,1,159,-158
107900339,1,30,-29
107900340,2,58,-56
107900341,10,0,10
107900342,66,229,-163
107900343,14,3,11
107900344,1,93,-92
107900345,61,18,43
107900346,23,0,23
107900347,29,0,29
107900348,1,0,1
107900349,4,4,0
107900350,38,380,-342
107900351,3,67,-64
108000001,2053,2808,-755
108000002,2517,3550,-1033
108000003,2742,1616,1126
108000004,18480,17500,980
108000005,4192,2534,1658
108000006,5280,6423,-1143
108000007,3601,2890,711
108000008,4870,6392,-1522
108000009,2183,2666,-483
108000010,2520,5525,-3005
108000011,10092,7141,2951
108000012,20634,18217,2417
108000014,642,473,169
108000015,372,340,32
108000016,166,714,-548
108000017,504,325,179
108000018,1040,448,592
108000019,1377,493,884
108000020,954,414,540
108000021,421,1634,-1213
108000022,421,1596,-1175
108000023,769,186,583
108000024,156,866,-710
108000025,147,178,-31
108000026,236,696,-460
108000027,248,567,-319
108000028,158,286,-128
108000029,229,641,-412
108000030,262,242,20
108000031,154,606,-452
108000032,614,494,120
108000033,429,1441,-1012
108000034,936,371,565
108000035,829,2847,-2018
108000036,330,1779,-1449
108000037,1214,345,869
108000038,1349,363,986
108000039,388,2923,-2535
108000040,892,649,243
108000041,699,3348,-2649
108000042,83,294,-211
108000043,104,335,-231
108000044,183,170,13
108000045,133,894,-761
108000046,693,268,425
108000047,324,1380,-1056
108000048,134,547,-413
108000049,296,207,89
108000050,123,528,-405
108000051,130,61,69
108000052,368,884,-516
108000053,201,98,103
108000054,499,1107,-608
108000055,816,298,518
108000056,926,1033,-107
108000057,443,642,-199
108000058,2035,2137,-102
108000059,4064,1912,2152
108000060,88,292,-204
108000061,149,293,-144
108000062,393,381,12
108000063,363,751,-388
108000064,71,267,-196
108000065,339,700,-361
108000066,1559,739,820
108000067,1154,403,751
108000068,457,345,112
108000069,140,1329,-1189
108000070,787,576,211
108000071,565,2205,-1640
108000072,931,758,173
108000073,1315,2357,-1042
108000074,201,273,-72
108000075,264,982,-718
108000076,484,387,97
108000077,571,1033,-462
108000078,1367,1254,113
108000079,1009,1992,-983
108000080,426,522,-96
108000081,457,3239,-2782
108000082,1156,1959,-803
108000083,1258,641,617
108000084,342,1523,-1181
108000085,297,246,51
108000086,1168,1119,49
108000087,213,1131,-918
108000088,89,4,85
108000089,248,284,-36
108000090,232,99,133
108000091,124,590,-466
108000092,110,106,4
108000093,90,981,-891
108000094,382,111,271
108000095,117,551,-434
108000096,120,197,-77
108000097,90,618,-528
108000098,613,1416,-803
108000099,98,77,21
108000100,26,172,-146
108000101,634,745,-111
108000102,1007,1615,-608
108000106,819,0,819
108000107,1,701,-700
108000108,460,35,425
108000109,3,868,-865
108000110,98,202,-104
108000111,125,719,-594
108000112,35,85,-50
108000113,513,305,208
108000115,525,374,151
108000117,801,325,476
108000118,97,127,-30
108000119,805,489,316
108000120,99,529,-430
108000121,211,562,-351
108000122,166,231,-65
108000123,341,341,0
108000124,183,645,-462
108000125,135,454,-319
108000126,86,710,-624
108000127,154,471,-317
108000128,219,931,-712
108000129,112,1747,-1635
108000130,142,370,-228
108000131,511,227,284
108000132,1675,1479,196
108000133,464,359,105
108000134,632,847,-215
108000135,540,246,294
108000136,878,1238,-360
108000137,151,508,-357
108000138,173,1177,-1004
108000139,110,383,-273
108000140,17,19,-2
108000141,18,197,-179
108000142,36,121,-85
108000143,18,22,-4
108000144,14,11,3
108000145,21,39,-18
108000146,17,14,3
108000147,33,62,-29
108000148,20,8,12
108000149,26,28,-2
108000150,13,2,11
108000151,40,12,28
108000152,64,808,-744
108000153,145,95,50
108000154,30,8,22
108000155,8,4,4
108000156,343,104,239
108000157,88,331,-243
108000158,92,438,-346
108000159,783,122,661
108000160,6206,659,5547
108000161,5443,1288,4155
108000165,2,98,-96
108000172,3,144,-141
108000173,3493,1136,2357
108000175,78,64,14
108000178,412,371,41
108000179,192,558,-366
108000181,31,56,-25
108000182,155,23,132
108000183,48,13,35
108000184,1356,1204,152
108000185,73,815,-742
108000186,58,57,1
108000187,43,993,-950
108000188,173,241,-68
108000189,495,592,-97
108000190,32,116,-84
108000192,80,746,-666
108000193,653,49,604
108000194,13,4,9
108000195,4,1360,-1356
108000196,114,90,24
108000198,325,413,-88
108000199,1,133,-132
108000200,201,869,-668
108000202,0,155,-155
108000203,74,1303,-1229
108000204,46,28,18
108000205,530,605,-75
108000339,1864,210,1654
108000364,218,161,57
108000365,35,489,-454
108000367,123,495,-372
108000368,6,48,-42
108000369,1743,102,1641
108000371,4,670,-666
108000372,379,4,375
108000373,83,136,-53
108000376,52,9,43
108000377,163,363,-200
108000378,8960,7139,1821
108000379,32,140,-108
108000381,37,10,27
108000382,55,2,53
108000383,1,105,-104
108900001,119,1217,-1098
108900002,205,56,149
108900003,405,1266,-861
108900004,70,129,-59
108900005,40,123,-83
108900006,322,164,158
108900007,73,180,-107
108900008,31,161,-130
108900009,12,123,-111
108900010,73,161,-88
108900011,220,412,-192
108900012,128,571,-443
108900013,63,337,-274
108900014,5,83,-78
108900015,1,13,-12
108900016,3,213,-210
108900017,133,172,-39
108900018,38,694,-656
108900019,10,1453,-1443
108900020,30,396,-366
108900021,61,369,-308
108900022,58,2,56
108900023,12,33,-21
108900024,6,186,-180
108900025,25,131,-106
108900026,11,90,-79
108900027,0,163,-163
108900028,32,684,-652
108900029,37,251,-214
108900030,0,151,-151
108900031,55,683,-628
108900032,4,303,-299
108900033,0,70,-70
108900034,1,309,-308
108900035,196,2100,-1904
108900036,181,465,-284
108900037,24,563,-539
108900038,0,468,-468
108900039,0,656,-656
108900040,6,119,-113
108900041,6907,1906,5001
108900042,2,283,-281
108900043,22,619,-597
108900044,3,922,-919
108900045,29,821,-792
108900046,78,1259,-1181
108900047,0,106,-106
108900048,89,1270,-1181
108900049,6384,635,5749
108900050,1,376,-375
108900051,2,272,-270
108900052,7,395,-388
108900053,124,101,23
108900054,34,267,-233
108900055,81,570,-489
108900056,1,244,-243
108900057,0,222,-222
108900058,12,586,-574
108900059,163,10,153
108900060,41,71,-30
108900061,47,15,32
108900062,1,425,-424
108900063,3,483,-480
108900064,70,77,-7
108900065,7,381,-374
108900066,133,114,19
108900067,16,281,-265
108900068,11,257,-246
108900069,20,142,-122
108900070,28,190,-162
108900071,51,48,3
108900072,2908,248,2660
108900073,26,682,-656
108900074,60,537,-477
108900075,58,102,-44
108900076,141,71,70
108900077,112,736,-624
108900078,9,262,-253
108900079,945,264,681
108900080,18,340,-322
108900081,80,309,-229
108900082,19,114,-95
108900083,4,137,-133
108900084,317,110,207
108900085,2655,172,2483
108900086,28,484,-456
108900087,114,227,-113
108900088,488,189,299
108900089,10,70,-60
108900090,13,584,-571
108900091,183,143,40
108900092,236,240,-4
108900093,60,48,12
108900094,160,74,86
108900095,41,844,-803
108900096,551,36,515
108900097,199,234,-35
108900098,3673,288,3385
108900099,258,415,-157
108900100,28,154,-126
108900101,116,61,55
108900102,213,441,-228
108900103,61,37,24
108900104,209,278,-69
108900105,6,504,-498
108900106,122,752,-630
108900108,184,36,148
108900109,134,35,99
108900110,74,588,-514
108900111,161,865,-704
108900112,54,20,34
108900113,17,20,-3
108900114,28,25,3
108900115,51,35,16
108900116,41,15,26
108900117,31,26,5
108900118,233,2,231
108900119,80,53,27
108900120,106,81,25
108900121,178,22,156
108900122,43,30,13
108900123,42,37,5
108900124,210,99,111
108900125,133,1,132
108900126,40,5,35
108900127,56,15,41
108900128,48,17,31
108900129,355,66,289
108900130,100,0,100
108900131,139,0,139
108900132,193,44,149
108900133,145,33,112
108900134,112,326,-214
108900135,72,3,69
108900136,7,0,7
108900137,37,0,37
108900138,242,14,228
108900139,98,66,32
108900140,63,266,-203
108900141,120,10,110
108900142,46,0,46
108900143,9,0,9
108900144,12,1,11
108900145,56,1,55
108900146,8,0,8
108900147,70,2,68
108900148,74,37,37
108900149,511,392,119
108900150,136,10,126
108900151,21,1,20
108900152,32,3,29
108900153,43,559,-516
108900154,2738,366,2372
108900155,98,94,4
108900156,30,4,26
108900157,9,720,-711
108900158,80,22,58
108900159,7,476,-469
108900160,8,320,-312
108900161,3,533,-530
108900162,34,0,34
108900163,19,163,-144
108900164,17,85,-68
108900165,247,67,180
108900167,1846,2243,-397
108900168,12709,1776,10933
108900169,33,163,-130
108900171,10761,1226,9535
108900172,171,27,144
108900173,207,434,-227
108900174,342,471,-129
108900176,100,958,-858
108900177,10607,2275,8332
108900178,6158,1508,4650
108900179,336,721,-385
108900180,99,123,-24
108900182,35,133,-98
108900183,256,242,14
108900184,273,150,123
108900185,28,332,-304
108900186,60,376,-316
108900187,125,63,62
108900188,170,43,127
108900189,290,151,139
108900190,21,3661,-3640
108900191,143,10,133
108900192,71,332,-261
108900193,343,26,317
108900194,13,381,-368
108900195,43,401,-358
108900196,17,726,-709
108900198,2,707,-705
108900199,108,371,-263
108900200,201,367,-166
108900201,249,1396,-1147
108900203,238,38,200
108900204,240,3,237
108900205,71,11,60
108900206,127,20,107
108900207,122,35,87
108900208,14,399,-385
108900209,244,605,-361
108900210,133,256,-123
108900211,123,242,-119
108900212,832,672,160
108900215,50,728,-678
108900216,471,51,420
108900217,22,0,22
108900218,85,6,79
108900219,69,3,66
108900220,15,5,10
108900221,31,42,-11
108900222,66,8,58
108900223,10,41,-31
108900224,30,98,-68
108900225,1,190,-189
108900226,99,8,91
108900227,77,72,5
108900230,520,361,159
108900231,60,293,-233
108900232,1,552,-551
108900233,203,41,162
108900234,183,48,135
108900235,194,708,-514
108900236,27,430,-403
108900237,36,329,-293
108900240,63,112,-49
108900241,9,17,-8
108900245,4,581,-577
108900249,55,18,37
108900250,81,105,-24
108900257,66,821,-755
108900258,5,293,-288
108900259,16,92,-76
108900260,10,105,-95
108900261,124,162,-38
108900262,306,92,214
108900263,36,333,-297
108900264,356,253,103
108900265,1665,213,1452
108900266,1287,242,1045
108900267,2,62,-60
108900268,2,3,-1
108900269,17,8,9
108900270,19,5,14
108900271,8,0,8
108900272,53,4,49
108900273,965,358,607
108900274,10,43,-33
109000001,2827,997,1830
109000002,3225,1500,1725
109000003,1756,496,1260
109000004,540,3066,-2526
109000005,1432,700,732
109000006,701,2538,-1837
109000007,722,666,56
109000008,344,2265,-1921
109000009,2868,968,1900
109000010,1483,4389,-2906
109000011,1846,1370,476
109000012,1623,4576,-2953
109000013,2338,1698,640
109000014,1533,4309,-2776
109000015,2908,3381,-473
109000016,11594,4607,6987
109000017,1511,968,543
109000018,588,3691,-3103
109000019,1787,898,889
109000020,1260,2530,-1270
109000023,168,14,154
109000024,13,166,-153
109000025,320,275,45
109000026,644,232,412
109000027,53,206,-153
109000028,81,106,-25
109000029,99,93,6
109000030,123,717,-594
109000031,125,77,48
109000032,67,545,-478
109000033,235,92,143
109000034,70,31,39
109000035,14,35,-21
109000036,108,312,-204
109000037,154,623,-469
109000038,617,321,296
109000039,572,383,189
109000040,6463,2944,3519
109000041,5886,1079,4807
109000042,938,963,-25
109000044,190,83,107
109000045,66,509,-443
109000046,175,78,97
109000047,51,498,-447
109000048,792,114,678
109000049,233,658,-425
109000050,285,184,101
109000051,275,359,-84
109000052,285,2130,-1845
109000053,92,57,35
109000054,293,887,-594
109000055,120,135,-15
109000056,192,774,-582
109000057,301,161,140
109000058,654,256,398
109000059,414,772,-358
109000060,500,177,323
109000061,1738,471,1267
109000062,120,239,-119
109000063,171,246,-75
109000064,114,185,-71
109000065,36,478,-442
109000066,232,139,93
109000067,27,468,-441
109000068,239,19,220
109000069,504,5,499
109000070,5,885,-880
109000071,258,74,184
109000072,87,368,-281
109000073,49,65,-16
109000074,30,259,-229
109000075,58,529,-471
109000076,46,145,-99
109000077,294,326,-32
109000078,28,115,-87
109000079,102,323,-221
109000080,72,127,-55
109000081,58,710,-652
109000082,214,357,-143
109000083,122,1018,-896
109000088,144,560,-416
109000089,204,17,187
109000090,163,596,-433
109000091,217,56,161
109000092,403,753,-350
109000093,133,94,39
109000094,153,1,152
109000095,85,805,-720
109000096,276,118,158
109000097,66,106,-40
109000098,28,51,-23
109000099,600,387,213
109000100,120,582,-462
109000101,672,852,-180
109000102,195,1027,-832
109000103,197,691,-494
109000104,862,656,206
109000105,385,1947,-1562
109000106,1266,591,675
109000107,499,2365,-1866
109000108,917,434,483
109000109,371,2325,-1954
109000110,1123,352,771
109000111,944,2606,-1662
109000112,238,185,53
109000113,144,198,-54
109000114,103,399,-296
109000115,967,72,895
109000116,4,241,-237
109000117,64,91,-27
109000118,4,358,-354
109000119,396,395,1
109000120,93,1474,-1381
109000121,153,57,96
109000122,75,1363,-1288
109000123,7,78,-71
109000124,266,371,-105
109000125,304,317,-13
109000126,203,1328,-1125
109000127,312,164,148
109000128,396,3063,-2667
109000129,993,304,689
109000130,502,3090,-2588
109000131,443,208,235
109000132,683,2093,-1410
109000133,280,1157,-877
109000134,664,1720,-1056
109000135,922,1339,-417
109000136,183,516,-333
109000137,147,273,-126
109000138,244,544,-300
109000139,238,399,-161
109000140,71,598,-527
109000141,176,456,-280
109000142,81,721,-640
109000143,53,43,10
109000145,40,79,-39
109000146,48,114,-66
109000148,4955,893,4062
109000149,30,16,14
109000150,43,133,-90
109000155,360,512,-152
109000156,1153,1009,144
109000158,128,270,-142
109000159,127,740,-613
109000160,402,319,83
109000161,188,1688,-1500
109000162,1231,1105,126
109000163,538,2000,-1462
109000164,838,2957,-2119
109000165,778,709,69
109000166,334,138,196
109000167,81,1097,-1016
109000170,41,62,-21
109000171,50,46,4
109000172,47,50,-3
109000173,13,51,-38
109000174,41,76,-35
109000175,43,173,-130
109000176,144,375,-231
109000177,15,178,-163
109000178,360,559,-199
109000179,9543,2335,7208
109000180,6397,2813,3584
109000181,7,49,-42
109000182,17,56,-39
109000183,16,52,-36
109000184,24,21,3
109000185,7,66,-59
109000188,377,3412,-3035
109000189,1181,868,313
109000190,339,666,-327
109000191,202,763,-561
109000192,144,336,-192
109000193,96,575,-479
109000194,74,141,-67
109000195,59,598,-539
109000196,146,97,49
109000197,123,642,-519
109000198,167,63,104
109000199,83,628,-545
109000206,88,40,48
109000207,47,31,16
109000208,95,32,63
109000209,138,78,60
109000210,137,625,-488
109000211,173,380,-207
109000214,165,756,-591
109000215,58,66,-8
109000216,143,158,-15
109000217,184,60,124
109000218,157,83,74
109000221,261,1254,-993
109000222,508,89,419
109000223,172,179,-7
109000224,39,426,-387
109000225,28,69,-41
109000226,27,344,-317
109000227,599,1832,-1233
109000228,1,334,-333
109000231,2,583,-581
109000232,98,565,-467
109000236,186,873,-687
109000241,1080,2053,-973
109000242,922,1316,-394
109000293,27,33,-6
109000361,46,306,-260
109000364,207,738,-531
109000396,8,1031,-1023
109000397,174,6,168
109000399,125,614,-489
109000400,39,294,-255
109000403,33,226,-193
109000406,149,12,137
109000407,178,312,-134
109000408,0,831,-831
109000410,545,179,366
109000411,51,30,21
109900001,52,0,52
109900002,307,12,295
109900003,66,0,66
109900004,392,259,133
109900005,16,7,9
109900006,195,281,-86
109900007,279,1085,-806
109900008,0,33,-33
109900009,65,1171,-1106
109900010,218,18,200
109900011,31,24,7
109900012,100,127,-27
109900013,214,102,112
109900014,115,46,69
109900015,284,78,206
109900016,51,58,-7
109900017,68,59,9
109900018,117,166,-49
109900019,48,82,-34
109900020,5,18,-13
109900021,7,8,-1
109900022,86,389,-303
109900023,5,2,3
109900024,1,2,-1
109900025,3,97,-94
109900026,4,189,-185
109900027,31,6,25
109900028,3240,364,2876
109900029,8,633,-625
109900030,11,1,10
109900031,1,42,-41
109900032,4,355,-351
109900033,2,563,-561
109900034,5,0,5
109900035,8,24,-16
109900036,8,105,-97
109900037,24,676,-652
109900038,30,281,-251
109900039,1,1,0
109900040,18,805,-787
109900041,34,593,-559
109900042,12,566,-554
109900044,67,351,-284
109900045,41,41,0
109900046,8,46,-38
109900047,343,383,-40
109900048,0,71,-71
109900049,3,24,-21
109900050,2,348,-346
109900051,0,76,-76
109900052,49,269,-220
109900053,5,708,-703
109900054,329,104,225
109900055,32,266,-234
109900056,8,90,-82
109900057,2,318,-316
109900058,0,108,-108
109900059,266,90,176
109900060,177,162,15
109900061,89,323,-234
109900062,1,326,-325
109900063,5,358,-353
109900064,210,280,-70
109900065,102,111,-9
109900066,226,1170,-944
109900067,1,596,-595
109900068,18,4,14
109900069,2,36,-34
109900070,46,335,-289
109900071,2,48,-46
109900072,13,147,-134
109900073,103,915,-812
109900074,3,55,-52
109900075,8,24,-16
109900076,10,351,-341
109900077,17,54,-37
109900078,93,332,-239
109900080,121,469,-348
109900081,12,73,-61
109900082,43,627,-584
109900083,15,39,-24
109900084,45,166,-121
109900085,166,1397,-1231
109900086,78,159,-81
109900087,241,364,-123
109900089,236,95,141
109900090,451,1375,-924
109900091,101,74,27
109900092,469,14,455
109900093,367,99,268
109900094,26,61,-35
109900095,181,267,-86
109900096,9,1,8
109900097,80,2,78
109900098,107,19,88
109900099,52,0,52
109900100,21,0,21
109900101,129,2,127
109900102,226,19,207
109900103,5,45,-40
109900104,161,1379,-1218
109900105,296,25,271
109900106,172,85,87
109900107,248,89,159
109900108,69,856,-787
109900109,13,238,-225
109900110,23,535,-512
109900111,265,1464,-1199
109900112,352,1200,-848
109900113,347,232,115
109900114,601,386,215
109900115,72,57,15
109900117,319,122,197
109900118,203,451,-248
109900119,560,305,255
109900120,35,4,31
109900121,278,129,149
109900122,205,3,202
109900123,2,214,-212
109900124,30,887,-857
109900125,2,246,-244
109900126,80,184,-104
109900128,67,77,-10
109900130,14058,1137,12921
109900131,51,137,-86
109900132,37,212,-175
109900133,32,477,-445
109900134,42,43,-1
109900135,446,40,406
109900136,28,120,-92
109900137,42,443,-401
109900140,113,460,-347
109900142,391,234,157
109900145,1,96,-95
109900146,293,30,263
109900148,23,67,-44
109900149,45,45,0
109900150,4,70,-66
109900151,5,74,-69
109900152,0,33,-33
109900153,0,33,-33
109900154,2,0,2
109900155,10,5,5
109900157,29,290,-261
109900158,41,114,-73
109900159,57,21,36
109900160,74,34,40
109900161,117,46,71
109900162,89,52,37
109900163,907,394,513
109900164,79,205,-126
109900165,108,8,100
109900166,1,229,-228
109900167,71,860,-789
109900168,65,640,-575
109900169,89,116,-27
109900170,235,435,-200
109900171,71,62,9
109900172,76,180,-104
109900173,5212,981,4231
109900174,30,211,-181
109900175,18,60,-42
109900176,63,244,-181
109900177,26,366,-340
109900178,2,96,-94
109900179,10,25,-15
109900180,2,8,-6
110000001,658,579,79
110000002,486,481,5
110000003,865,645,220
110000004,499,506,-7
110000005,708,1142,-434
110000006,680,355,325
110000007,76,181,-105
110000008,5,37,-32
110000009,17,63,-46
110000010,12,60,-48
110000011,18,80,-62
110000012,659,491,168
110000013,37,333,-296
110000014,622,394,228
110000015,361,499,-138
110000016,323,970,-647
110000017,4519,301,4218
110000018,3768,539,3229
110000019,21,202,-181
110000020,606,254,352
110000021,580,408,172
110000022,816,157,659
110000023,10,179,-169
110000024,640,429,211
110000025,85,1,84
110000026,7,625,-618
110000027,513,345,168
110000028,610,725,-115
110000029,452,992,-540
110000030,136,299,-163
110000031,171,653,-482
110000032,526,412,114
110000033,78,118,-40
110000034,148,913,-765
110000035,339,1186,-847
110000036,409,928,-519
110000037,94,981,-887
110000038,193,689,-496
110000039,571,1503,-932
110000040,269,614,-345
110000041,153,767,-614
110000042,90,402,-312
110000043,584,174,410
110000044,83,87,-4
110000045,670,76,594
110000046,8,3,5
110000047,4,4,0
110000048,5,10,-5
110000049,8,2,6
110000050,3,10,-7
110000051,12,1,11
110000052,21,33,-12
110000053,35,5,30
110000054,116,258,-142
110000055,207,25,182
110000056,258,85,173
110000057,309,908,-599
110000058,657,749,-92
110000059,617,737,-120
110000060,446,875,-429
110000061,1003,941,62
110000062,814,816,-2
110000063,23,104,-81
110000064,49,147,-98
110000065,25,100,-75
110000066,61,55,6
110000067,51,360,-309
110000068,100,651,-551
110000069,68,144,-76
110000071,58,210,-152
110000073,2,30,-28
110000075,20,122,-102
110000076,314,270,44
110000077,538,688,-150
110000078,32,71,-39
110000080,231,743,-512
110000081,15,258,-243
110000082,19,242,-223
110000083,161,605,-444
110000084,552,438,114
110000085,3514,1564,1950
110000086,1499,877,622
110000087,5,56,-51
110000088,22,227,-205
110000089,128,167,-39
110000090,39,359,-320
110000091,1957,317,1640
110000092,23,90,-67
110000093,26,5,21
110000094,395,251,144
110000095,95,380,-285
110000096,4493,1825,2668
110000097,868,958,-90
110000098,1537,488,1049
110000099,923,1544,-621
110000100,217,1108,-891
110000101,14,726,-712
110000102,45,34,11
110000104,88,74,14
110000105,39,318,-279
110000106,346,266,80
110000107,383,411,-28
110000108,134,31,103
110000109,391,338,53
110000110,6174,2903,3271
110000111,10499,1939,8560
110000112,1515,370,1145
110000113,1063,931,132
110000114,108,339,-231
110000115,245,302,-57
110000116,30,22,8
110000117,128,655,-527
110000118,245,310,-65
110000119,113,444,-331
110000120,197,185,12
110000121,87,262,-175
110000122,229,588,-359
110000123,290,397,-107
110000124,5,954,-949
110000125,613,12,601
110000126,132,19,113
110000127,458,40,418
110000128,28,2016,-1988
110000129,7,620,-613
110000130,94,114,-20
110000131,111,419,-308
110000132,3,939,-936
110000133,72,312,-240
110000134,27,343,-316
110000135,148,50,98
110000136,40,343,-303
110000137,252,872,-620
110000138,347,1037,-690
110000139,573,1706,-1133
110000140,621,311,310
110000143,700,353,347
110000144,4754,1004,3750
110000145,1403,702,701
110000146,3099,1055,2044
110000147,222,763,-541
110000148,374,428,-54
110000151,1003,506,497
110000152,811,255,556
110000153,26,50,-24
110000154,57,16,41
110000155,2128,1957,171
110000156,708,1080,-372
110000157,1941,1529,412
110000160,304,563,-259
110000161,136,591,-455
110000166,155,182,-27
110000167,442,485,-43
110000168,615,282,333
110000169,252,246,6
110000170,87,96,-9
110000171,418,203,215
110000172,126,1062,-936
110000173,1262,1579,-317
110000174,82,1557,-1475
110000175,213,62,151
110000176,29,217,-188
110000177,119,745,-626
110000178,509,787,-278
110000179,1617,368,1249
110000180,88,371,-283
110000181,210,415,-205
110000182,369,287,82
110000183,14519,4563,9956
110000184,675,1518,-843
110000185,1334,754,580
110000186,760,571,189
110000191,238,435,-197
110000192,173,2,171
110000193,246,4,242
110000194,11,1528,-1517
110000195,158,435,-277
110000196,144,551,-407
110000197,22,227,-205
110000198,61,100,-39
110000199,30,113,-83
110000200,1510,676,834
110000201,481,525,-44
110000202,797,385,412
110000203,534,949,-415
110000204,11,380,-369
110000205,49,79,-30
110000206,512,1898,-1386
110000207,396,286,110
110000208,190,141,49
110000209,94,826,-732
110000210,403,683,-280
110000211,682,790,-108
110000212,234,834,-600
110000213,52,63,-11
110000214,59,93,-34
110000215,61,710,-649
110000216,40,773,-733
110000217,131,272,-141
110000218,76,581,-505
110000219,151,96,55
110000220,26,566,-540
110000221,155,122,33
110000222,24,406,-382
110000223,9,49,-40
110000224,41,11,30
110000225,146,520,-374
110000226,150,33,117
110000227,529,373,156
110000228,320,390,-70
110000229,1,291,-290
110000230,543,570,-27
110000231,116,195,-79
110000232,99,214,-115
110000233,136,296,-160
110000234,651,419,232
110000235,1107,1011,96
110000236,244,897,-653
110000237,1679,1165,514
110000238,743,1421,-678
110000239,916,1287,-371
110000240,1,189,-188
110000242,0,12,-12
110000243,41,239,-198
110000244,101,313,-212
110000245,41,467,-426
110000246,417,745,-328
110000247,2017,4165,-2148
110000248,3163,1505,1658
110000249,63,7,56
110000250,12,257,-245
110000251,116,510,-394
110000252,113,339,-226
110000253,929,410,519
110000254,685,1691,-1006
110000255,249,1386,-1137
110000256,510,200,310
110000257,703,404,299
110000258,2,581,-579
110000259,33,21,12
110000260,9,536,-527
110000263,764,74,690
110000264,110,750,-640
110000265,920,1569,-649
110000266,2388,2000,388
110000267,21,227,-206
110000268,259,597,-338
110000269,3,97,-94
110000270,44,2,42
110000271,2540,359,2181
110000272,707,917,-210
110000273,3623,1279,2344
110000274,190,911,-721
110000275,3531,482,3049
110000276,135,192,-57
110000277,103,461,-358
110000278,214,950,-736
110000279,577,703,-126
110000280,175,488,-313
110000281,16,154,-138
110000282,251,40,211
110000283,56,63,-7
110000284,56,22,34
110000285,3,197,-194
110000286,39,1,38
110000287,21,7,14
110000288,0,96,-96
110000289,399,1183,-784
110000290,1571,680,891
110000291,6972,1521,5451
110000292,1195,3404,-2209
110000293,359,1232,-873
110000294,444,940,-496
110000295,65,1053,-988
110000296,205,373,-168
110000297,3099,311,2788
110000298,412,495,-83
110000299,924,36,888
110000301,206,10,196
110000302,220,1513,-1293
110000303,246,3,243
110000304,73,302,-229
110000305,478,16,462
110000306,98,2333,-2235
110000307,591,2,589
110000308,337,43,294
110000309,11,1771,-1760
110000310,356,67,289
110000311,23,1031,-1008
110000312,492,42,450
110000313,4049,1994,2055
110000314,4,219,-215
110000315,3260,1705,1555
110000316,588,1168,-580
110000317,633,320,313
110000318,1,104,-103
110000319,9,41,-32
110000320,33,58,-25
110000321,21,45,-24
110000322,126,630,-504
110000323,201,375,-174
110000324,5871,1149,4722
110000325,2323,2158,165
110000327,649,219,430
110000328,209,543,-334
110000333,819,479,340
110000334,663,1521,-858
110000335,1062,642,420
110000336,467,1402,-935
110000337,790,581,209
110000338,125,245,-120
110000339,93,265,-172
110000340,39,193,-154
110000341,237,577,-340
110000342,608,9,599
110000343,0,14,-14
110000344,37,216,-179
110000345,108,67,41
110000346,2400,1385,1015
110000347,1033,793,240
110000348,1,28,-27
110000349,8,19,-11
110000350,28,7,21
110000351,446,975,-529
110000352,274,1480,-1206
110000353,3498,988,2510
110000354,580,1958,-1378
110000355,66,81,-15
110000356,618,7,611
110000357,241,12,229
110000361,11,86,-75
110000362,41,235,-194
110000363,163,133,30
110000364,89,426,-337
110000365,136,3,133
110000366,1,99,-98
110000367,265,310,-45
110000368,2,89,-87
110000369,35,0,35
110000373,8,388,-380
110000374,46,2,44
110000375,131,851,-720
110000376,29,125,-96
110000377,46,404,-358
110000378,23,276,-253
110000379,3969,1119,2850
110000380,25,10,15
110000383,1,696,-695
110000384,1963,527,1436
110000385,3,217,-214
110000387,48,5,43
110000388,22,244,-222
110000389,361,0,361
110000391,192,419,-227
110000396,65,163,-98
110000397,43,250,-207
110000398,9,60,-51
110000399,123,0,123
110000587,30,33,-3
110000589,120,128,-8
110000640,129,123,6
110000652,18,136,-118
110000653,120,496,-376
110000654,0,29,-29
110000656,2,746,-744
110000674,16,14,2
110000675,37,16,21
110000676,5,29,-24
110000679,548,480,68
110000682,138,116,22
110000683,420,597,-177
110000684,3,59,-56
110000685,13,8,5
110000686,2,28,-26
110000687,29,1,28
110000688,72,449,-377
110000689,8,75,-67
110000692,75,302,-227
110000693,133,269,-136
110000694,0,105,-105
110000695,122,878,-756
110000696,139,172,-33
110900001,127,11,116
110900002,522,241,281
110900003,246,1340,-1094
110900004,144,291,-147
110900005,5281,1004,4277
110900006,36,5,31
110900007,33,14,19
110900008,12,27,-15
110900009,250,46,204
110900010,4,104,-100
110900011,6,82,-76
110900012,6,168,-162
110900013,503,225,278
110900014,67,12,55
110900015,896,229,667
110900016,8,225,-217
110900017,135,82,53
110900018,380,43,337
110900019,53,15,38
110900020,50,624,-574
110900021,57,856,-799
110900022,44,528,-484
110900023,92,486,-394
110900024,23,686,-663
110900025,0,37,-37
110900027,17,329,-312
110900028,13,239,-226
110900029,53,662,-609
110900030,23,426,-403
110900031,1,212,-211
110900032,1,126,-125
110900033,41,390,-349
110900035,26,381,-355
110900036,65,24,41
110900037,20,16,4
110900038,1555,208,1347
110900039,5,242,-237
110900040,130,27,103
110900041,25,196,-171
110900042,28,39,-11
110900043,3,216,-213
110900044,267,21,246
110900045,18,910,-892
110900046,113,426,-313
110900047,853,104,749
110900049,36,31,5
110900050,3,2,1
110900051,35,198,-163
110900052,1,261,-260
110900053,35,84,-49
110900054,8,447,-439
110900055,9,2,7
110900056,97,104,-7
110900057,3,326,-323
110900058,85,311,-226
110900059,500,1020,-520
110900060,280,76,204
110900061,39,28,11
110900062,26,323,-297
110900063,5,139,-134
110900064,4,0,4
110900065,491,100,391
110900066,8,80,-72
110900067,688,445,243
110900068,169,320,-151
110900069,1,37,-36
110900070,69,27,42
110900071,332,311,21
110900073,0,15,-15
110900074,175,88,87
110900075,174,74,100
110900077,310,453,-143
110900078,3,168,-165
110900079,2248,408,1840
110900080,35,43,-8
110900081,2,146,-144
110900082,35,215,-180
110900083,60,62,-2
110900084,7,268,-261
110900085,31,327,-296
110900086,68,152,-84
110900087,105,87,18
110900088,17,0,17
110900090,16,19,-3
110900091,0,76,-76
110900093,193,69,124
110900095,16,71,-55
110900097,6,17,-11
110900098,12,107,-95
110900099,63,633,-570
110900100,0,20,-20
110900102,8,12,-4
110900105,625,412,213
110900108,2,124,-122
110900111,237,102,135
110900112,286,2,284
110900113,681,50,631
110900115,7,99,-92
110900116,242,3221,-2979
110900118,171,1138,-967
110900119,7315,326,6989
110900120,3,126,-123
110900121,49,0,49
110900122,186,163,23
110900125,185,227,-42
110900127,598,572,26
110900128,182,152,30
110900129,267,288,-21
110900130,1143,250,893
110900131,85,82,3
110900132,194,36,158
110900133,33,413,-380
110900135,111,674,-563
110900136,141,10,131
110900137,122,1,121
110900138,596,412,184
110900139,15,31,-16
110900140,42,1,41
110900141,4,51,-47
110900142,48,219,-171
110900143,103,66,37
110900144,6,756,-750
110900145,67,7,60
110900146,498,62,436
110900147,170,220,-50
110900148,1,320,-319
110900149,6,84,-78
110900150,30,18,12
110900151,1,65,-64
110900152,12,484,-472
110900153,76,22,54
111000001,217,322,-105
111000002,505,693,-188
111000003,437,413,24
111000004,433,1348,-915
111000005,746,721,25
111000006,845,1338,-493
111000007,4394,1620,2774
111000008,3837,4025,-188
111000009,285,855,-570
111000010,404,237,167
111000011,357,893,-536
111000012,605,340,265
111000013,281,1492,-1211
111000014,1072,633,439
111000017,161,537,-376
111000018,178,361,-183
111000020,2680,2438,242
111000021,80,141,-61
111000023,107,201,-94
111000025,8926,1947,6979
111000029,82,106,-24
111000030,30,113,-83
111000031,2262,691,1571
111000032,468,201,267
111000033,272,148,124
111000034,301,191,110
111000037,3488,1479,2009
111000038,3310,2763,547
111000039,1519,2560,-1041
111000040,1640,2893,-1253
111000041,1859,1906,-47
111000042,7396,3197,4199
111000043,1863,1471,392
111000044,1086,600,486
111000045,1198,1544,-346
111000046,1033,1098,-65
111000047,1322,1895,-573
111000049,410,595,-185
111000050,2094,2069,25
111000051,397,1316,-919
111000052,514,1607,-1093
111000053,341,1226,-885
111000054,235,1159,-924
111000055,1122,2375,-1253
111000056,69,869,-800
111000057,59,1052,-993
111000058,132,104,28
111000059,184,332,-148
111000060,2114,993,1121
111000061,320,387,-67
111000062,534,292,242
111000063,1583,707,876
111000064,327,490,-163
111000065,745,706,39
111000066,274,251,23
111000067,283,729,-446
111000068,251,701,-450
111000069,1943,2153,-210
111000070,2661,1405,1256
111000071,240,1001,-761
111000072,580,278,302
111000073,171,448,-277
111000074,1411,1288,123
111000075,464,747,-283
111000076,245,865,-620
111000077,980,1214,-234
111000078,1649,1087,562
111000079,1354,812,542
111000080,371,728,-357
111000081,2742,4220,-1478
111000082,516,775,-259
111000084,526,537,-11
111000085,620,1816,-1196
111000086,3700,1498,2202
111000087,739,938,-199
111000088,7281,1820,5461
111000089,542,932,-390
111000090,1169,1545,-376
111000091,672,899,-227
111000092,753,1386,-633
111000093,402,800,-398
111000094,1304,819,485
111000095,730,1691,-961
111000096,3315,5614,-2299
111000097,7530,1205,6325
111000098,398,1662,-1264
111000099,381,3054,-2673
111000100,242,2869,-2627
111000101,385,1078,-693
111000102,87,1121,-1034
111000104,205,224,-19
111000107,40,877,-837
111000109,175,219,-44
111000110,752,565,187
111000111,884,481,403
111000112,1055,257,798
111000113,667,508,159
111000114,1384,1277,107
111000115,9712,899,8813
111000116,943,831,112
111000117,523,816,-293
111000118,1499,1108,391
111000119,865,2044,-1179
111000120,268,782,-514
111000121,154,630,-476
111000122,369,1227,-858
111000123,675,3927,-3252
111000124,495,4743,-4248
111000125,191,2481,-2290
111000126,74,1157,-1083
111000127,400,172,228
111000128,709,322,387
111000129,1340,405,935
111000130,828,605,223
111000131,645,625,20
111000132,551,384,167
111000133,53,140,-87
111000134,111,141,-30
111000135,27,125,-98
111000136,161,251,-90
111000138,6,12,-6
111000140,2,4,-2
111000141,135,319,-184
111000142,16,163,-147
111000143,0,105,-105
111000144,3,83,-80
111000145,80,2,78
111000146,18,2,16
111000147,294,15,279
111000148,129,176,-47
111000149,0,22,-22
111000150,2,5,-3
111000151,0,12,-12
111000153,522,574,-52
111000154,801,204,597
111000155,122,184,-62
111000156,391,342,49
111000157,136,460,-324
111000158,990,504,486
111000159,2930,581,2349
111000160,151,451,-300
111000161,10,273,-263
111000162,9,213,-204
111000163,284,855,-571
111000164,921,2658,-1737
111000165,1605,501,1104
111000166,1735,383,1352
111000167,193,689,-496
111000168,235,484,-249
111000169,339,629,-290
111000170,456,442,14
111000171,427,1238,-811
111000172,67,685,-618
111000173,165,1653,-1488
111000174,88,695,-607
111000175,27,280,-253
111000176,153,169,-16
111000177,66,224,-158
111000178,485,393,92
111000179,59,205,-146
111000180,151,265,-114
111000181,398,296,102
111000182,79,198,-119
111000183,151,260,-109
111000184,241,210,31
111000185,305,520,-215
111000186,171,408,-237
111000187,92,390,-298
111000188,103,564,-461
111000189,2037,655,1382
111000190,176,632,-456
111000191,142,621,-479
111000192,150,881,-731
111000193,385,479,-94
111000194,22,488,-466
111000195,85,570,-485
111000196,20,330,-310
111000197,150,214,-64
111000198,203,135,68
111000199,42,138,-96
111000200,112,300,-188
111000201,220,207,13
111000202,103,212,-109
111000203,194,184,10
111000204,260,390,-130
111000213,155,398,-243
111000214,1142,1916,-774
111000215,798,1667,-869
111000217,789,1060,-271
111000218,790,939,-149
111000219,372,208,164
111000220,3429,774,2655
111000221,668,273,395
111000224,65,321,-256
111000225,142,142,0
111000226,109,0,109
111000227,41,2,39
111000228,24,156,-132
111000229,17,305,-288
111000230,159,605,-446
111000231,377,1622,-1245
111000232,224,992,-768
111000233,258,800,-542
111000234,25,158,-133
111000239,187,301,-114
111000240,27,73,-46
111000241,22,579,-557
111000242,73,48,25
111000243,64,1142,-1078
111000244,166,72,94
111000245,569,745,-176
111000246,176,695,-519
111000247,93,1387,-1294
111000248,258,361,-103
111000249,372,1009,-637
111000250,23,165,-142
111000251,26,188,-162
111000253,5,7,-2
111000255,23,5,18
111000257,15,20,-5
111000260,85,1500,-1415
111000261,498,81,417
111000271,26,331,-305
111000273,7375,1533,5842
111000274,1118,1997,-879
111000275,79,84,-5
111000276,265,3124,-2859
111000277,102,559,-457
111000278,520,257,263
111000291,385,2521,-2136
111000298,276,320,-44
111000299,538,87,451
111000300,109,695,-586
111000302,185,61,124
111000303,63,300,-237
111000312,46,73,-27
111000315,14,245,-231
111000320,364,756,-392
111000321,169,57,112
111000322,109,701,-592
111000323,70,22,48
111000324,347,374,-27
111000325,17,86,-69
111000326,58,439,-381
111000327,441,633,-192
111000328,138,418,-280
111000329,2,12,-10
111000330,7,13,-6
111000331,6,6,0
111000332,521,1213,-692
111000334,523,1940,-1417
111000335,226,120,106
111000337,299,435,-136
111000338,5,184,-179
111000339,135,964,-829
111000340,42,1077,-1035
111000341,568,194,374
111000342,72,248,-176
111000344,633,851,-218
111000345,263,34,229
111000346,15,110,-95
111000347,54,4,50
111000350,136,142,-6
111000351,59,299,-240
111000352,101,106,-5
111000353,76,224,-148
111000354,297,102,195
111000355,373,730,-357
111000358,80,2243,-2163
111000360,117,1227,-1110
111000361,82,542,-460
111000546,232,822,-590
111000547,164,948,-784
111000548,52,209,-157
111000549,140,546,-406
111000550,72,297,-225
111000551,740,140,600
111000552,407,65,342
111000907,179,82,97
111000908,19,13,6
111000916,488,217,271
111000917,29,407,-378
111000918,95,1380,-1285
111000920,146,7,139
111000921,0,436,-436
111000922,177,413,-236
111000924,15,1304,-1289
111000925,1359,1692,-333
111000926,922,3064,-2142
111000927,3303,3166,137
111000928,6976,4265,2711
111000929,593,836,-243
111000930,518,2660,-2142
111000931,1261,1485,-224
111000932,4040,2544,1496
111000933,3213,1544,1669
111000934,2516,3022,-506
111000935,650,1061,-411
111000936,687,2470,-1783
111000937,539,1051,-512
111000938,1587,2764,-1177
111000939,146,71,75
111000940,209,208,1
111000941,141,846,-705
111000943,142,237,-95
111000944,75,737,-662
111000945,54,2874,-2820
111001109,238,133,105
111001110,120,736,-616
111001111,16,11,5
111001112,53,1,52
111001113,13,103,-90
111001114,1127,64,1063
111001115,227,318,-91
111001116,6914,1322,5592
111001117,731,669,62
111001120,75,386,-311
111001121,127,420,-293
111001122,163,811,-648
111001123,71,112,-41
111001124,33,373,-340
111001125,0,18,-18
111900001,13,228,-215
111900002,12,1027,-1015
111900003,8,594,-586
111900004,36,246,-210
111900006,4,20,-16
111900007,46,13,33
111900008,54,3,51
111900009,76,196,-120
111900010,190,621,-431
111900012,88,99,-11
111900013,13,125,-112
111900014,9552,1659,7893
111900015,1,49,-48
111900016,0,198,-198
111900017,1,200,-199
111900018,81,0,81
111900019,4,64,-60
111900020,3,51,-48
111900021,19,86,-67
111900022,3,60,-57
111900023,140,65,75
111900024,0,114,-114
111900025,0,66,-66
111900026,0,101,-101
111900027,4,246,-242
111900028,3,521,-518
111900029,10,115,-105
111900030,68,502,-434
111900031,6,84,-78
111900032,2,481,-479
111900033,3,136,-133
111900034,168,813,-645
111900035,10,225,-215
111900036,1,422,-421
111900038,362,758,-396
111900039,51,474,-423
111900040,4,882,-878
111900042,53,92,-39
111900043,6,645,-639
111900044,263,278,-15
111900046,44,312,-268
111900048,68,1140,-1072
111900049,43,384,-341
111900050,46,9,37
111900051,0,318,-318
111900052,470,800,-330
111900053,1573,340,1233
111900054,59,1,58
111900055,23,753,-730
111900056,183,83,100
111900057,50,35,15
111900058,126,996,-870
111900059,2821,240,2581
111900060,123,0,123
111900061,8,370,-362
111900062,3,34,-31
111900063,124,241,-117
111900064,112,357,-245
111900065,20,13,7
111900066,83,105,-22
111900067,4,423,-419
111900068,32,36,-4
111900069,41,7,34
111900070,76,152,-76
111900071,2,467,-465
111900072,12,10,2
111900073,242,44,198
111900074,9,286,-277
111900075,20,6,14
111900076,34,26,8
111900077,8,0,8
111900078,81,5,76
111900079,12,8,4
111900080,193,84,109
111900082,38,14,24
111900083,33,4,29
111900084,35,1,34
111900085,12,55,-43
111900086,20,2,18
111900087,24,0,24
111900088,151,1,150
111900089,31,0,31
111900090,65,21,44
111900091,52,1,51
111900092,19,1,18
111900093,115,2,113
111900094,19,1,18
111900095,71,8,63
111900096,93,0,93
111900097,19,0,19
111900098,53,0,53
111900099,18,0,18
111900100,36,2,34
111900101,34,14,20
111900102,141,945,-804
111900103,41,25,16
111900104,69,55,14
111900105,164,114,50
111900106,1878,71,1807
111900110,4368,234,4134
111900111,38,267,-229
111900112,1005,792,213
111900113,412,80,332
111900118,183,24,159
111900119,189,42,147
111900122,48,28,20
111900123,14,17,-3
111900124,18,119,-101
111900125,148,4,144
111900126,80,2,78
111900127,3,832,-829
111900128,5,802,-797
111900129,86,8,78
111900130,95,15,80
111900131,136,3,133
111900132,18,1808,-1790
111900133,3,342,-339
111900134,18,432,-414
111900135,4,10,-6
111900136,65,99,-34
111900137,64,46,18
111900138,11,101,-90
111900139,23,199,-176
111900140,18,18,0
111900141,27,6,21
111900142,35,13,22
111900143,28,402,-374
111900144,0,126,-126
111900145,4,940,-936
111900146,7,553,-546
111900147,211,696,-485
111900148,37,1150,-1113
111900149,4,617,-613
111900150,15,296,-281
111900151,0,30,-30
111900152,140,41,99
111900153,1898,213,1685
111900154,1,99,-98
111900155,44,20,24
111900156,15,24,-9
111900157,29,9,20
111900158,191,19,172
111900159,77,1,76
111900160,42,0,42
111900161,47,3,44
111900162,101,90,11
111900163,44,274,-230
111900164,115,35,80
111901113,130,289,-159
111901114,125,654,-529
111901115,22,7,15
111901116,30,5,25
111901117,9,19,-10
111901118,127,113,14
111901119,1485,98,1387
111901121,207,448,-241
111901122,5,839,-834
111901123,81,529,-448
111901124,87,0,87
111901125,103,191,-88
111901127,1108,237,871
111901128,11,125,-114
111901129,3,168,-165
111901130,15,329,-314
111901131,1,264,-263
111901132,47,6,41
111901133,28,1,27
111901134,30,4,26
111901135,4,3,1
111901136,24,13,11
111901137,0,9,-9
111901138,50,63,-13
111901139,22,69,-47
111901140,6,209,-203
111901141,8,322,-314
111901142,5,218,-213
111901143,2,133,-131
111901144,36,28,8
111901145,202,130,72
111901146,283,11,272
112000001,1274,762,512
112000002,754,2884,-2130
112000003,443,765,-322
112000004,496,1901,-1405
112000005,1387,1454,-67
112000006,1341,2394,-1053
112000007,1337,1169,168
112000008,1844,2976,-1132
112000009,4533,4143,390
112000010,1641,2267,-626
112000011,1814,2696,-882
112000012,6670,1992,4678
112000013,7569,3638,3931
112000014,2753,880,1873
112000015,3121,2630,491
112000016,5019,1158,3861
112000017,2346,1584,762
112000024,2138,757,1381
112000026,5462,6274,-812
112000027,657,395,262
112000028,1865,1994,-129
112000029,262,497,-235
112000030,258,143,115
112000031,1768,2527,-759
112000032,870,80,790
112000033,2307,838,1469
112000034,285,65,220
112000035,87,277,-190
112000036,998,784,214
112000037,1164,1120,44
112000038,867,1016,-149
112000039,27,101,-74
112000040,163,331,-168
112000041,487,612,-125
112000042,1100,327,773
112000050,493,1545,-1052
112000051,528,711,-183
112000054,1635,2826,-1191
112000057,646,303,343
112000058,364,498,-134
112000059,911,527,384
112000061,7254,1611,5643
112000062,3003,452,2551
112000063,1866,639,1227
112000064,6487,6675,-188
112000065,3040,3131,-91
112000066,3156,951,2205
112000067,705,754,-49
112000068,1843,1042,801
112000069,779,2765,-1986
112000070,1532,466,1066
112000071,686,3777,-3091
112000072,868,905,-37
112000073,1256,1936,-680
112000074,696,760,-64
112000075,811,987,-176
112000076,3330,3057,273
112000077,268,861,-593
112000078,1045,870,175
112000079,1370,1631,-261
112000080,394,1174,-780
112000081,995,1960,-965
112000082,894,750,144
112000083,444,1738,-1294
112000084,783,639,144
112000085,789,1373,-584
112000086,1057,1648,-591
112000087,165,577,-412
112000088,290,778,-488
112000089,189,389,-200
112000090,173,479,-306
112000091,691,1591,-900
112000092,1039,911,128
112000093,1302,1219,83
112000094,313,773,-460
112000095,354,907,-553
112000096,238,715,-477
112000097,366,504,-138
112000098,745,2033,-1288
112000099,414,549,-135
112000100,909,870,39
112000101,300,1242,-942
112000102,460,489,-29
112000103,193,1708,-1515
112000105,374,2468,-2094
112000106,550,373,177
112000107,5,179,-174
112000108,116,1961,-1845
112000109,39,54,-15
112000110,1007,386,621
112000111,1659,5228,-3569
112000112,4358,464,3894
112000113,1017,2645,-1628
112000114,2373,872,1501
112000115,164,690,-526
112000116,434,1175,-741
112000117,540,783,-243
112000118,821,1056,-235
112000119,423,1244,-821
112000120,70,516,-446
112000121,42,884,-842
112000122,117,142,-25
112000123,312,182,130
112000124,104,80,24
112000125,86,110,-24
112000126,130,954,-824
112000127,3322,1090,2232
112000128,1613,544,1069
112000129,65,116,-51
112000130,53,51,2
112000131,21,419,-398
112000132,59,347,-288
112000133,165,335,-170
112000134,307,466,-159
112000135,800,666,134
112000136,927,1421,-494
112000137,1644,1360,284
112000138,2605,1602,1003
112000139,772,196,576
112000140,1036,1167,-131
112000141,324,199,125
112000142,129,1130,-1001
112000143,543,211,332
112000144,225,2124,-1899
112000145,1406,786,620
112000146,659,2567,-1908
112000147,1209,1549,-340
112000148,1511,2486,-975
112000149,173,866,-693
112000150,105,768,-663
112000151,178,825,-647
112000152,187,375,-188
112000153,198,352,-154
112000154,71,131,-60
112000155,115,76,39
112000157,712,490,222
112000158,144,813,-669
112000159,190,344,-154
112000167,116,43,73
112000169,298,385,-87
112000173,414,292,122
112000175,176,442,-266
112000176,6232,1737,4495
112000177,246,116,130
112000178,47,676,-629
112000179,100,150,-50
112000180,208,278,-70
112000181,1075,2224,-1149
112000182,442,2700,-2258
112000183,32,58,-26
112000184,167,753,-586
112000185,175,683,-508
112000187,2385,2424,-39
112000195,68,14,54
112000196,144,1,143
112000197,115,96,19
112000198,28,535,-507
112000199,931,1153,-222
112000202,127,3,124
112000216,43,154,-111
112000230,46,2,44
112000231,2,485,-483
112000256,33,123,-90
112000313,132,197,-65
112000314,10,23,-13
112000337,183,673,-490
112000352,300,176,124
112000392,1732,887,845
112000398,618,700,-82
112000399,2571,1465,1106
112000400,1908,5024,-3116
112000401,2768,3540,-772
112000402,1142,1803,-661
112000403,2104,1701,403
112000404,215,504,-289
112000405,1077,2164,-1087
112000406,3487,3876,-389
112000407,3566,5068,-1502
112000408,9545,8411,1134
112000409,1685,5654,-3969
112000410,157,122,35
112000411,6378,980,5398
112000412,1107,344,763
112000413,11518,2160,9358
112000414,50,112,-62
112000415,64,55,9
112000416,1234,1237,-3
112000417,149,73,76
112000421,18,129,-111
112000422,251,647,-396
112000424,2693,1403,1290
112000425,271,1155,-884
112000426,61,261,-200
112000427,1,9,-8
112000428,99,556,-457
112000429,1930,3169,-1239
112000430,1709,3212,-1503
112000431,25,91,-66
112000432,588,2498,-1910
112000433,790,671,119
112000437,28,398,-370
112900001,23,1,22
112900002,122,1560,-1438
112900003,20,313,-293
112900004,23,519,-496
112900005,70,322,-252
112900006,5,585,-580
112900007,17,296,-279
112900008,0,6,-6
112900009,398,95,303
112900010,159,1023,-864
112900011,403,378,25
112900012,0,21,-21
112900013,1,162,-161
112900014,0,442,-442
112900015,362,1166,-804
112900016,2,229,-227
112900017,18,247,-229
112900018,2,458,-456
112900019,88,212,-124
112900020,492,1814,-1322
112900021,3,422,-419
112900022,3,87,-84
112900023,2,391,-389
112900024,14,266,-252
112900025,61,278,-217
112900026,5,338,-333
112900027,9,1635,-1626
112900028,16,153,-137
112900029,3,822,-819
112900030,279,221,58
112900031,3,654,-651
112900032,91,237,-146
112900034,1,55,-54
112900035,4,603,-599
112900036,32,170,-138
112900037,151,100,51
112900038,289,138,151
112900039,5,382,-377
112900040,5,426,-421
112900041,1641,728,913
112900042,40,561,-521
112900043,14,56,-42
112900044,575,433,142
112900045,565,363,202
112900046,268,66,202
112900047,22,18,4
112900049,72,86,-14
112900050,90,827,-737
112900051,278,857,-579
112900052,5,1313,-1308
112900053,318,109,209
112900054,272,24,248
112900055,128,9,119
112900056,174,87,87
112900057,6,963,-957
112900058,223,108,115
112900059,97,118,-21
112900060,15,296,-281
112900061,57,129,-72
112900062,47,189,-142
112900063,54,0,54
112900064,156,125,31
112900065,56,4,52
112900066,103,61,42
112900067,669,151,518
112900068,27,17,10
112900069,3237,466,2771
112900071,17,4,13
112900072,198,703,-505
112900073,179,25,154
112900074,49,73,-24
112900075,2749,364,2385
112900076,52,10,42
112900078,130,192,-62
112900079,89,9,80
112900080,21,1,20
112900081,33,107,-74
112900082,257,9,248
112900083,31,34,-3
112900084,112,44,68
112900086,15,0,15
112900087,319,84,235
112900088,48,10,38
112900089,396,12,384
112900090,9,13,-4
112900091,53,0,53
112900092,131,107,24
112900093,759,3,756
112900095,6,0,6
112900096,200,62,138
112900097,31,469,-438
112900098,252,2,250
112900099,280,17,263
112900100,21,0,21
112900101,115,2,113
112900102,105,2,103
112900103,76,0,76
112900104,17,1,16
112900105,2,0,2
112900106,202,53,149
112900107,0,0,0
112900108,40,0,40
112900109,25,0,25
112900110,323,8,315
112900111,210,0,210
112900112,129,2,127
112900113,0,11,-11
112900114,27,28,-1
112900115,327,2,325
112900116,18,28,-10
112900117,111,114,-3
112900118,28,90,-62
112900119,48,0,48
112900120,746,198,548
112900121,268,249,19
112900122,12,189,-177
112900123,122,9,113
112900124,4,197,-193
112900125,90,285,-195
112900126,144,286,-142
112900127,165,47,118
112900128,565,911,-346
112900129,3,1295,-1292
112900130,132,72,60
112900131,27,253,-226
112900132,50,424,-374
112900133,21,1517,-1496
112900134,0,304,-304
112900135,42,25,17
112900137,4,983,-979
112900138,4,537,-533
112900139,198,1480,-1282
112900141,329,31,298
112900142,56,46,10
112900143,30,780,-750
112900144,3,380,-377
112900145,26,637,-611
112900146,9,1816,-1807
112900147,6,2819,-2813
112900148,34,0,34
112900149,168,586,-418
112900151,14,36,-22
112900152,5918,1204,4714
112900153,1665,955,710
112900154,1,99,-98
112900155,63,21,42
112900156,130,2208,-2078
112900157,59,155,-96
112900158,14,21,-7
112900159,127,64,63
112900160,15,315,-300
112900161,39,28,11
112900162,42,7,35
112900163,111,16,95
112900164,39,70,-31
112900165,90,39,51
112900166,12,23,-11
112900167,7,15,-8
112900168,2,3,-1
112900169,5,3,2
112900170,30,99,-69
112900172,70,6,64
112900173,336,96,240
112900174,155,31,124
112900175,144,54,90
112900176,7,9,-2
112900177,96,13,83
112900178,419,953,-534
112900179,26,704,-678
112900180,795,3061,-2266
112900181,212,0,212
112900182,21,1908,-1887
112900183,141,204,-63
112900184,334,312,22
112900185,318,414,-96
112900186,2095,688,1407
112900187,43,211,-168
112900188,654,262,392
112900189,10,20,-10
112900190,4,50,-46
112900192,495,241,254
112900193,1199,238,961
112900194,16,89,-73
112900195,417,22,395
112900196,163,510,-347
112900197,118,503,-385
112900199,235,773,-538
112900200,249,324,-75
112900201,52,108,-56
112900202,133,1220,-1087
112900203,66,408,-342
112900204,795,278,517
112900205,9,7,2
112900206,1,54,-53
112900207,1,0,1
112900208,75,80,-5
112900209,289,465,-176
112900210,1,21,-20
112900211,35,109,-74
112900212,0,51,-51
112900213,5,12,-7
112900214,22,9,13
112900215,13,273,-260
112900216,35,45,-10
112900217,0,84,-84
112900218,6,27,-21
112900219,1,0,1
112900220,29,0,29
112900221,3,115,-112
112900222,0,11,-11
112900223,417,8,409
112900224,130,938,-808
112900225,252,654,-402
112900226,319,250,69
112900227,153,1787,-1634
112900228,33,32,1
112900229,47,53,-6
112900230,10340,3316,7024
112900232,142,141,1
112900233,30,223,-193
112900234,5,127,-122
112900235,33,17,16
112900236,55,18,37
112900237,26,349,-323
112900238,4,42,-38
112900239,553,223,330
113000001,5047,5024,23
113000002,3836,3854,-18
113000003,2109,1869,240
113000004,2202,2369,-167
113000005,1279,1188,91
113000006,1034,1410,-376
113000007,1161,1521,-360
113000008,1276,2066,-790
113000009,603,929,-326
113000010,829,1965,-1136
113000011,703,2155,-1452
113000012,1010,698,312
113000013,849,404,445
113000014,1978,1500,478
113000015,843,235,608
113000016,315,326,-11
113000017,67,327,-260
113000018,151,50,101
113000019,47,246,-199
113000020,40,19,21
113000021,708,628,80
113000022,384,1424,-1040
113000025,50,244,-194
113000026,167,453,-286
113000027,662,380,282
113000028,1257,446,811
113000029,896,533,363
113000030,559,569,-10
113000031,347,231,116
113000032,257,221,36
113000033,441,298,143
113000034,538,275,263
113000035,11,28,-17
113000036,20,40,-20
113000037,42,26,16
113000038,14,59,-45
113000039,93,525,-432
113000040,48,69,-21
113000042,786,746,40
113000051,631,1842,-1211
113000052,2540,1257,1283
113000053,258,789,-531
113000054,179,890,-711
113000055,738,1120,-382
113000056,506,1705,-1199
113000058,755,918,-163
113000059,1282,923,359
113000060,104,662,-558
113000061,982,1182,-200
113000062,1439,187,1252
113000063,114,304,-190
113000064,27,533,-506
113000065,129,1419,-1290
113000066,283,103,180
113000067,1007,1193,-186
113000068,311,2479,-2168
113000069,374,1663,-1289
113000070,1005,877,128
113000071,264,869,-605
113000072,300,438,-138
113000073,584,1711,-1127
113000074,1009,296,713
113000075,2189,457,1732
113000076,1333,1715,-382
113000077,1960,431,1529
113000078,1528,1612,-84
113000079,1048,695,353
113000080,1019,532,487
113000081,1084,920,164
113000082,1335,774,561
113000083,623,866,-243
113000084,1441,1133,308
113000085,1010,592,418
113000086,1060,1121,-61
113000087,1289,907,382
113000088,2288,1114,1174
113000089,834,1481,-647
113000090,312,352,-40
113000091,1163,266,897
113000094,700,148,552
113000095,255,1342,-1087
113000096,200,1165,-965
113000097,668,334,334
113000098,66,37,29
113000099,1025,252,773
113000100,167,564,-397
113000101,389,605,-216
113000102,475,203,272
113000103,2550,649,1901
113000104,295,2191,-1896
113000105,668,411,257
113000106,420,685,-265
113000107,427,762,-335
113000108,793,1673,-880
113000109,492,3000,-2508
113000110,1360,342,1018
113000111,107,531,-424
113000112,245,308,-63
113000113,2450,272,2178
113000114,317,970,-653
113000116,844,234,610
113000117,787,171,616
113000118,168,391,-223
113000119,126,481,-355
113000120,40,215,-175
113000121,640,1036,-396
113000124,120,149,-29
113000125,33,468,-435
113000127,4015,637,3378
113000128,498,583,-85
113000129,735,1154,-419
113000133,4982,1057,3925
113000134,7,680,-673
113000135,3444,2461,983
113000137,2810,1582,1228
113000139,519,140,379
113000140,220,283,-63
113000141,647,143,504
113000142,1080,985,95
113000143,367,177,190
113000144,431,600,-169
113000145,45,153,-108
113000146,67,67,0
113000147,83,132,-49
113000148,88,150,-62
113000149,99,144,-45
113000150,514,443,71
113000151,97,35,62
113000152,39,211,-172
113000153,2241,647,1594
113000154,838,1241,-403
113000155,231,367,-136
113000156,181,391,-210
113000157,305,901,-596
113000158,477,223,254
113000159,756,478,278
113000160,594,1299,-705
113000161,248,893,-645
113000162,615,406,209
113000163,63,32,31
113000164,33,84,-51
113000166,47,55,-8
113000167,37,251,-214
113000168,70,264,-194
113000169,106,57,49
113000170,55,89,-34
113000171,67,115,-48
113000172,155,59,96
113000173,29,5,24
113000174,126,632,-506
113000175,343,91,252
113000176,278,96,182
113000177,120,432,-312
113000178,182,439,-257
113000179,210,123,87
113000180,534,1315,-781
113000181,634,1142,-508
113000182,189,285,-96
113000183,192,608,-416
113000184,18,120,-102
113000189,542,645,-103
113000190,2102,460,1642
113000192,2662,1302,1360
113000193,5036,870,4166
113000194,2017,1195,822
113000195,2683,498,2185
113000196,75,119,-44
113000197,1327,877,450
113000198,21,332,-311
113000199,1153,422,731
113000201,262,262,0
113000202,3744,1697,2047
113000203,500,156,344
113000204,1873,1206,667
113000205,13,16,-3
113000206,8,38,-30
113000207,28,18,10
113000208,24,81,-57
113000209,11,17,-6
113000210,8,31,-23
113000211,340,162,178
113000212,283,20,263
113000213,22,111,-89
113000214,75,213,-138
113000234,140,1654,-1514
113000410,42,109,-67
113000411,3124,4365,-1241
113000412,12175,1831,10344
113000413,5483,2312,3171
113000414,14927,10360,4567
113000415,3283,2500,783
113000416,11548,3401,8147
113000417,4432,2993,1439
113000418,4072,2598,1474
113000419,2248,1712,536
113000420,4655,3394,1261
113000421,4681,4545,136
113000422,21610,7441,14169
113000423,3330,3480,-150
113000424,5082,6075,-993
113000425,7,61,-54
113000428,39,6,33
113000430,16,17,-1
113000432,985,91,894
113000433,174,1184,-1010
113000434,22,440,-418
113000435,19,1185,-1166
113000436,43,1691,-1648
113000437,326,12,314
113000438,113,15,98
113000439,21,226,-205
113000440,57,30,27
113000441,143,287,-144
113000442,132,422,-290
113000443,88,381,-293
113000444,83,428,-345
113000445,63,216,-153
113000446,15,114,-99
113000448,176,111,65
113000449,348,798,-450
113000450,868,2248,-1380
113000451,1820,109,1711
113000452,502,328,174
113000453,223,244,-21
113000454,827,37,790
113000455,85,123,-38
113000456,4406,1923,2483
113000468,3227,464,2763
113000469,397,136,261
113000470,631,91,540
113000471,10,359,-349
113000472,79,276,-197
113000474,262,719,-457
113000475,1248,1815,-567
113000476,717,2034,-1317
113000477,1612,2215,-603
113000478,3109,6891,-3782
113000479,83,302,-219
113000480,88,113,-25
113000484,0,0,0
113000485,0,0,0
113000486,0,0,0
113000487,0,0,0
113000488,0,0,0
113000489,0,0,0
113000490,0,0,0
113000491,0,0,0
113000492,0,0,0
113000493,0,0,0
113000495,183,291,-108
113000496,92,78,14
113000499,0,0,0
113900001,0,72,-72
113900002,1,138,-137
113900003,0,118,-118
113900004,0,34,-34
113900005,0,21,-21
113900006,12,14,-2
113900007,46,7,39
113900008,62,0,62
113900009,314,0,314
113900010,190,3,187
113900011,10,0,10
113900012,7,0,7
113900013,531,3,528
113900014,351,2,349
113900015,0,57,-57
113900016,12,0,12
113900017,0,45,-45
113900018,523,71,452
113900019,44,66,-22
113900020,60,4,56
113900022,8,0,8
113900023,22,0,22
113900024,32,124,-92
113900025,334,17,317
113900026,47,0,47
113900027,5,54,-49
113900028,8,461,-453
113900029,27,308,-281
113900030,106,4,102
113900031,2,0,2
113900032,4,0,4
113900033,58,102,-44
113900035,24,0,24
113900036,29,140,-111
113900037,46,649,-603
113900038,118,41,77
113900039,56,4,52
113900040,3,6,-3
113900041,0,0,0
113900042,27,44,-17
113900043,167,167,0
113900044,116,41,75
113900045,32,3,29
113900046,277,888,-611
113900047,29,204,-175
113900048,334,35,299
113900049,911,158,753
113900050,98,406,-308
113900051,190,598,-408
113900052,190,143,47
113900053,499,121,378
113900054,3,2,1
113900055,106,695,-589
113900056,51,190,-139
113900057,27,119,-92
113900058,38,266,-228
113900059,71,392,-321
113900060,138,330,-192
113900061,1075,62,1013
113900062,69,14,55
113900063,82,153,-71
113900064,24,184,-160
113900065,296,17,279
113900066,123,616,-493
113900067,48,498,-450
113900068,327,413,-86
113900069,157,12,145
113900070,283,580,-297
113900071,47,93,-46
113900072,32,232,-200
113900073,102,454,-352
113900074,25,576,-551
113900075,803,704,99
113900076,158,5,153
113900077,24,363,-339
113900078,87,62,25
113900079,4,63,-59
113900080,281,133,148
113900081,16,327,-311
113900082,121,232,-111
113900083,105,963,-858
113900084,166,53,113
113900085,40,411,-371
113900086,22,30,-8
113900087,29,183,-154
113900088,18,73,-55
113900089,286,44,242
113900090,285,293,-8
113900091,17,41,-24
113900092,40,55,-15
113900093,64,439,-375
113900094,145,558,-413
113900095,87,73,14
113900096,139,59,80
113900097,4,140,-136
113900098,366,42,324
113900099,0,71,-71
113900100,1,2,-1
113900101,10,46,-36
113900102,120,102,18
113900103,196,219,-23
113900104,87,128,-41
113900105,28,458,-430
113900106,1,91,-90
113900107,0,24,-24
113900108,239,134,105
113900109,386,83,303
113900110,27,21,6
113900111,44,109,-65
113900112,39,84,-45
113900113,529,360,169
113900114,0,151,-151
113900115,0,89,-89
113900116,74,95,-21
113900117,66,17,49
113900118,150,220,-70
113900119,325,266,59
113900120,29,47,-18
113900121,24,78,-54
113900122,213,1012,-799
113900123,286,161,125
113900124,0,57,-57
113900125,1658,174,1484
113900126,90,43,47
113900127,197,381,-184
113900128,147,42,105
113900129,6,83,-77
113900130,2,14,-12
113900131,73,91,-18
113900132,27,42,-15
113900133,14,38,-24
113900135,136,493,-357
113900136,86,75,11
113900137,248,135,113
113900138,66,142,-76
113900139,651,89,562
113900140,631,136,495
113900141,206,536,-330
113900142,58,109,-51
113900143,10,16,-6
113900144,490,104,386
113900145,166,249,-83
113900146,36,85,-49
113900148,134,185,-51
113900149,121,42,79
113900150,1653,627,1026
113900151,161,217,-56
113900152,21,59,-38
113900153,570,465,105
113900154,2,112,-110
113900155,298,93,205
113900156,199,673,-474
113900157,21,242,-221
113900158,613,147,466
113900159,15,233,-218
113900160,439,936,-497
113900161,25,179,-154
113900162,796,475,321
113900163,262,211,51
113900164,176,33,143
113900165,479,1029,-550
113900166,349,110,239
113900167,206,44,162
113900168,110,136,-26
113900169,245,561,-316
113900171,96,44,52
113900172,1,229,-228
113900173,45,782,-737
113900174,377,810,-433
113900175,238,114,124
113900176,149,881,-732
113900177,234,219,15
113900178,270,108,162
113900179,18,813,-795
113900180,167,142,25
113900181,428,167,261
113900182,377,1101,-724
113900183,33,94,-61
113900184,14,539,-525
113900185,148,120,28
113900186,14,55,-41
113900187,27,192,-165
113900188,39,174,-135
113900189,265,49,216
113900190,397,108,289
113900191,84,257,-173
113900192,4,310,-306
113900193,38,301,-263
113900194,2377,1072,1305
113900195,312,505,-193
113900196,3,134,-131
113900197,7,411,-404
113900198,15,139,-124
113900199,242,742,-500
113900200,18,313,-295
113900201,3,355,-352
113900202,51,326,-275
113900203,2,289,-287
113900204,25,741,-716
113900205,8,149,-141
113900206,6,128,-122
113900207,0,65,-65
113900208,0,58,-58
113900209,0,102,-102
113900210,517,519,-2
113900211,145,23,122
113900212,80,789,-709
113900214,571,396,175
113900215,19,132,-113
113900216,107,1576,-1469
113900217,27,410,-383
113900218,62,41,21
113900219,103,565,-462
113900220,118,61,57
113900221,275,114,161
113900222,378,342,36
113900223,50,1292,-1242
113900224,177,88,89
113900225,889,262,627
113900226,229,128,101
113900227,285,150,135
113900228,435,296,139
113900229,47,477,-430
113900230,5828,1327,4501
113900231,127,222,-95
113900232,48,126,-78
113900233,20,72,-52
113900234,151,319,-168
113900235,84,28,56
113900236,46,485,-439
113900237,58,9,49
113900238,163,226,-63
113900239,55,54,1
113900240,3,69,-66
113900241,89,93,-4
113900242,48,173,-125
113900243,159,534,-375
113900244,558,161,397
113900245,1722,317,1405
113900246,39,40,-1
113900247,122,168,-46
113900248,5106,953,4153
113900249,1538,223,1315
113900250,41,61,-20
113900251,252,183,69
113900252,327,10,317
113900253,416,32,384
113900254,331,79,252
113900255,293,18,275
113900256,202,26,176
113900257,41,858,-817
113900258,15,637,-622
113900259,284,258,26
113900260,94,10,84
113900261,31,149,-118
113900262,100,974,-874
113900263,78,562,-484
113900264,2,742,-740
113900265,153,358,-205
113900266,30,333,-303
113900267,78,587,-509
113900268,186,256,-70
113900269,70,141,-71
113900270,254,344,-90
113900271,455,1636,-1181
113900273,5,5,0
113900274,31,7,24
113900275,20,54,-34
113900276,2,350,-348
113900277,59,3,56
113900278,341,179,162
113900279,87,90,-3
113900280,1164,730,434
113900281,226,934,-708
113900282,913,392,521
113900283,289,418,-129
113900284,511,135,376
113900285,45,27,18
113900286,3,165,-162
113900287,22,80,-58
113900288,1,68,-67
113900289,1745,63,1682
113900290,495,95,400
113900291,134,198,-64
113900292,6,4,2
113900293,0,272,-272
113900294,223,22,201
113900295,539,238,301
113900296,2814,282,2532
113900297,483,19,464
113900298,5,1536,-1531
113900299,6,160,-154
113900300,8147,2423,5724
113900301,1017,403,614
113900302,2925,655,2270
113900303,738,195,543
113900304,2,180,-178
113900305,44,1,43
113900306,11,0,11
113900307,20,0,20
113900308,118,109,9
113900309,2,1049,-1047
113900310,0,19,-19
113900311,3,0,3
113900312,54,102,-48
113900313,13,18,-5
114000001,1115,4041,-2926
114000002,130,491,-361
114000003,47,383,-336
114000004,191,459,-268
114000005,176,308,-132
114000006,3662,2258,1404
114000007,557,1722,-1165
114000008,1399,995,404
114000009,240,188,52
114000011,2153,3845,-1692
114000012,1281,3097,-1816
114000013,1061,2404,-1343
114000014,372,561,-189
114000015,720,654,66
114000016,209,449,-240
114000017,86,251,-165
114000018,495,88,407
114000026,694,1946,-1252
114000027,1405,2347,-942
114000028,1549,1920,-371
114000038,103,181,-78
114000039,44,135,-91
114000040,93,196,-103
114000042,53,185,-132
114000043,22,254,-232
114000044,80,107,-27
114000045,25,115,-90
114000046,2884,5206,-2322
114000047,10,74,-64
114000048,56,84,-28
114000049,1531,1085,446
114000050,1459,1081,378
114000051,3808,1549,2259
114000052,2859,1332,1527
114000053,53,558,-505
114000054,80,1887,-1807
114000055,169,30,139
114000056,1684,635,1049
114000057,10249,2786,7463
114000058,718,556,162
114000059,351,168,183
114000060,427,814,-387
114000061,3692,1300,2392
114000062,2770,710,2060
114000063,4161,1723,2438
114000064,10791,2677,8114
114000065,2045,2227,-182
114000066,223,637,-414
114000067,17,313,-296
114000068,490,396,94
114000069,1152,499,653
114000070,2686,1284,1402
114000071,437,804,-367
114000072,159,488,-329
114000073,9,142,-133
114000074,7,29,-22
114000075,20,244,-224
114000076,17,270,-253
114000077,5,80,-75
114000078,142,1791,-1649
114000079,66,20,46
114000080,64,106,-42
114000081,29,88,-59
114000082,47,699,-652
114000083,25,399,-374
114000084,90,67,23
114000085,174,1155,-981
114000086,117,847,-730
114000087,22,358,-336
114000088,74,80,-6
114000089,1962,602,1360
114000090,532,493,39
114000091,1602,362,1240
114000092,950,319,631
114000093,799,561,238
114000094,268,424,-156
114000095,107,75,32
114000096,108,835,-727
114000097,105,1400,-1295
114000098,220,61,159
114000099,195,1188,-993
114000100,501,966,-465
114000101,219,1776,-1557
114000102,143,319,-176
114000103,68,644,-576
114000104,7,420,-413
114000105,19,46,-27
114000106,1023,362,661
114000107,80,150,-70
114000108,2598,1482,1116
114000109,196,396,-200
114000110,487,2065,-1578
114000111,695,459,236
114000112,310,2027,-1717
114000113,446,430,16
114000114,1111,1805,-694
114000115,980,644,336
114000116,316,740,-424
114000117,1191,358,833
114000118,1105,292,813
114000119,755,239,516
114000120,568,1048,-480
114000121,335,599,-264
114000122,227,273,-46
114000123,776,242,534
114000124,389,327,62
114000125,646,2116,-1470
114000126,696,179,517
114000127,59,176,-117
114000128,566,623,-57
114000130,343,471,-128
114000131,93,43,50
114000132,573,872,-299
114000133,1408,1627,-219
114000134,32,331,-299
114000138,32,262,-230
114000139,283,88,195
114000144,531,277,254
114000145,81,269,-188
114000146,73,475,-402
114000147,868,814,54
114000148,2489,1211,1278
114000149,273,170,103
114000150,996,465,531
114000151,715,751,-36
114000152,125,22,103
114000153,1056,1103,-47
114000154,674,477,197
114000155,1109,1412,-303
114000156,660,412,248
114000157,200,729,-529
114000158,3134,741,2393
114000159,243,426,-183
114000160,158,171,-13
114000161,1451,1046,405
114000162,834,839,-5
114000163,8,185,-177
114000165,173,124,49
114000166,577,186,391
114000167,4794,1277,3517
114000168,894,729,165
114000169,1653,622,1031
114000170,930,520,410
114000171,572,1286,-714
114000174,169,519,-350
114000176,571,346,225
114000177,2327,946,1381
114000178,30,76,-46
114000179,1124,622,502
114000180,328,657,-329
114000181,1552,1977,-425
114000182,5843,2360,3483
114000183,1276,1084,192
114000184,7494,1842,5652
114000185,808,898,-90
114000189,353,43,310
114000190,1197,176,1021
114000191,19,42,-23
114000192,300,1809,-1509
114000193,1033,3642,-2609
114000194,1192,1396,-204
114000195,62,15,47
114000196,3,321,-318
114000197,543,71,472
114000198,1313,403,910
114000199,2069,1088,981
114000200,519,3087,-2568
114000201,160,1301,-1141
114000202,737,972,-235
114000203,341,1003,-662
114000204,71,450,-379
114000205,178,2144,-1966
114000206,338,1403,-1065
114000207,593,2847,-2254
114000208,386,4103,-3717
114000209,687,4029,-3342
114000210,344,2007,-1663
114000211,856,1689,-833
114000212,515,958,-443
114000213,849,686,163
114000214,91,260,-169
114000215,70,66,4
114000216,762,257,505
114000217,97,370,-273
114000218,54,387,-333
114000219,607,385,222
114000220,13,1658,-1645
114000221,323,129,194
114000222,200,1438,-1238
114000223,301,60,241
114000224,143,794,-651
114000225,135,633,-498
114000226,62,266,-204
114000227,500,530,-30
114000228,525,1163,-638
114000229,662,1289,-627
114000230,1371,1778,-407
114000231,730,1299,-569
114000232,290,121,169
114000233,1165,111,1054
114000234,751,1178,-427
114000235,584,1799,-1215
114000236,1,570,-569
114000237,71,1241,-1170
114000238,28,154,-126
114000239,150,1683,-1533
114000240,523,766,-243
114000241,259,1440,-1181
114000242,1002,1133,-131
114000243,907,734,173
114000244,473,467,6
114000245,332,687,-355
114000246,140,32,108
114000247,479,800,-321
114000248,691,535,156
114000249,359,564,-205
114000250,417,558,-141
114000251,193,416,-223
114000252,73,180,-107
114000253,26,258,-232
114000254,9,121,-112
114000255,513,154,359
114000256,2603,493,2110
114000257,510,2359,-1849
114000258,128,641,-513
114000259,62,334,-272
114000260,0,32,-32
114000261,25,23,2
114000262,41,200,-159
114000263,10,3,7
114000264,374,1029,-655
114000265,0,19,-19
114000267,1,1227,-1226
114000268,8,2218,-2210
114000270,79,1,78
114000271,294,119,175
114000283,553,488,65
114000285,52,344,-292
114000288,43,464,-421
114000289,773,78,695
114000293,72,436,-364
114000294,179,316,-137
114000395,949,58,891
114000396,200,257,-57
114000402,212,402,-190
114000403,163,657,-494
114000405,125,691,-566
114000423,95,673,-578
114000424,206,250,-44
114000425,186,785,-599
114000426,264,510,-246
114000427,60,115,-55
114000428,284,77,207
114000429,13,269,-256
114000432,44,167,-123
114000434,19,125,-106
114000435,9,179,-170
114900001,308,1764,-1456
114900002,351,111,240
114900003,265,2611,-2346
114900004,131,220,-89
114900005,221,1253,-1032
114900006,17,28,-11
114900007,86,8,78
114900008,94,41,53
114900010,3374,1522,1852
114900011,65,86,-21
114900013,59,55,4
114900015,22,181,-159
114900018,677,32,645
114900020,88,30,58
114900022,2,810,-808
114900024,100,182,-82
114900025,231,289,-58
114900026,32,63,-31
114900027,153,218,-65
114900029,17,32,-15
114900030,95,192,-97
114900031,91,33,58
114900032,113,39,74
114900033,1669,264,1405
114900034,42,320,-278
114900035,180,283,-103
114900036,182,1455,-1273
114900037,49,305,-256
114900038,155,1348,-1193
114900039,368,911,-543
114900040,55,300,-245
114900041,233,983,-750
114900042,343,1133,-790
114900043,833,372,461
114900044,64,30,34
114900046,50,183,-133
114900047,172,1041,-869
114900048,39,223,-184
114900049,7,293,-286
114900050,28,675,-647
114900051,27,695,-668
114900052,76,233,-157
114900053,49,223,-174
114900054,33,150,-117
114900057,226,7,219
114900058,0,83,-83
114900059,26,17,9
114900060,1727,415,1312
114900061,73,284,-211
114900062,235,264,-29
114900063,45,326,-281
114900064,654,872,-218
114900065,222,711,-489
114900067,19,413,-394
114900068,70,235,-165
114900069,202,213,-11
114900070,217,727,-510
114900072,7,278,-271
114900073,0,239,-239
114900074,174,1167,-993
114900075,110,0,110
114900076,4,409,-405
114900080,3843,429,3414
114900082,4374,1367,3007
114900083,569,855,-286
114900090,152,108,44
114900091,120,231,-111
114900095,525,132,393
114900096,571,676,-105
114900097,37,0,37
114900098,3,264,-261
114900099,69,6,63
115000001,10736,7638,3098
115000002,2628,3136,-508
115000003,4030,5431,-1401
115000004,2117,4272,-2155
115000005,1134,3620,-2486
115000006,381,1492,-1111
115000007,43,148,-105
115000008,380,484,-104
115000009,108,307,-199
115000010,163,136,27
115000013,129,157,-28
115000015,88,132,-44
115000016,254,234,20
115000019,10,426,-416
115000020,124,260,-136
115000021,238,372,-134
115000022,468,433,35
115000023,254,384,-130
115000024,1310,585,725
115000025,667,429,238
115000026,173,460,-287
115000027,161,325,-164
115000028,149,830,-681
115000029,374,146,228
115000030,360,918,-558
115000031,719,330,389
115000032,8,281,-273
115000033,83,13,70
115000034,151,1095,-944
115000035,796,27,769
115000036,3,509,-506
115000037,192,0,192
115000038,38,192,-154
115000039,3165,1993,1172
115000040,7585,3147,4438
115000041,784,2031,-1247
115000042,738,680,58
115000043,2929,2903,26
115000044,3628,4979,-1351
115000045,1896,3053,-1157
115000046,1231,2699,-1468
115000047,1279,2167,-888
115000048,1207,3455,-2248
115000049,1474,3364,-1890
115000050,2495,1931,564
115000051,2585,1547,1038
115000052,4493,2158,2335
115000053,1440,1321,119
115000054,1037,1703,-666
115000055,99,485,-386
115000056,222,292,-70
115000057,283,667,-384
115000058,205,182,23
115000059,172,240,-68
115000061,143,96,47
115000062,139,372,-233
115000063,200,360,-160
115000064,183,226,-43
115000065,22,192,-170
115000067,241,57,184
115000069,34,364,-330
115000070,42,610,-568
115000071,75,16,59
115000072,18,60,-42
115000073,1425,46,1379
115000075,46,64,-18
115000076,3623,3973,-350
115000077,1142,4536,-3394
115000078,574,2361,-1787
115000079,1097,2704,-1607
115000080,1438,2923,-1485
115000081,393,969,-576
115000082,2408,2795,-387
115000083,1525,4240,-2715
115000084,954,1173,-219
115000085,452,1286,-834
115000086,558,1178,-620
115000087,478,1625,-1147
115000088,1454,720,734
115000089,1661,1571,90
115000090,911,692,219
115000091,242,1573,-1331
115000092,276,324,-48
115000093,401,2,399
115000094,9100,4418,4682
115000095,7931,4331,3600
115000096,472,2626,-2154
115000097,341,817,-476
115000098,463,1023,-560
115000099,1320,4068,-2748
115000100,536,597,-61
115000101,365,1974,-1609
115000102,284,175,109
115000103,390,1007,-617
115000105,42,231,-189
115000106,320,243,77
115000107,116,792,-676
115000108,4861,3515,1346
115000109,6510,2464,4046
115000110,1267,705,562
115000111,818,1785,-967
115000112,645,492,153
115000113,1108,1037,71
115000114,1885,977,908
115000116,3257,1412,1845
115000117,4392,1840,2552
115000118,1611,1407,204
115000119,1675,1769,-94
115000120,540,608,-68
115000121,2189,884,1305
115000122,5411,938,4473
115000123,2823,1233,1590
115000124,671,678,-7
115000125,398,676,-278
115000126,138,376,-238
115000127,287,194,93
115000128,1353,826,527
115000129,288,165,123
115000130,286,1428,-1142
115000131,318,276,42
115000132,107,673,-566
115000133,213,389,-176
115000134,227,240,-13
115000135,111,244,-133
115000136,74,245,-171
115000137,52,223,-171
115000138,101,240,-139
115000139,149,290,-141
115000140,116,229,-113
115000141,100,484,-384
115000142,80,424,-344
115000143,253,514,-261
115000144,252,93,159
115000145,170,656,-486
115000146,237,211,26
115000147,326,580,-254
115000148,375,1937,-1562
115000149,305,211,94
115000150,680,1674,-994
115000151,447,459,-12
115000152,464,2059,-1595
115000153,418,515,-97
115000154,405,372,33
115000155,395,1431,-1036
115000156,907,678,229
115000157,1035,1033,2
115000158,740,366,374
115000159,717,402,315
115000160,744,596,148
115000161,579,708,-129
115000162,703,487,216
115000163,623,502,121
115000164,570,514,56
115000165,266,313,-47
115000167,61,53,8
115000168,730,246,484
115000169,626,358,268
115000170,70,135,-65
115000171,194,151,43
115000172,2105,569,1536
115000173,241,297,-56
115000174,64,188,-124
115000175,97,51,46
115000176,188,45,143
115000177,252,53,199
115000178,10,347,-337
115000179,22,16,6
115000180,53,896,-843
115000181,252,107,145
115000182,356,404,-48
115000183,161,1329,-1168
115000186,492,319,173
115000187,149,750,-601
115000188,374,554,-180
115000189,239,465,-226
115000190,689,466,223
115000191,170,422,-252
115000194,159,137,22
115000195,264,188,76
115000196,58,149,-91
115000197,96,539,-443
115000198,102,274,-172
115000199,119,418,-299
115000200,220,147,73
115000201,67,482,-415
115000206,183,92,91
115000207,52,414,-362
115000208,599,756,-157
115000209,421,180,241
115000210,67,113,-46
115000211,146,229,-83
115000212,1806,378,1428
115000224,101,58,43
115000225,78,52,26
115000229,310,193,117
115000230,72,448,-376
115000231,278,3486,-3208
115000232,752,396,356
115000233,69,249,-180
115000234,16,270,-254
115000241,51,347,-296
115000242,46,329,-283
115000243,29,322,-293
115000244,6,80,-74
115000246,33,18,15
115000247,5,6,-1
115000248,16,6,10
115000249,24,11,13
115000250,229,56,173
115000251,93,162,-69
115000252,18,166,-148
115000253,2,168,-166
115000258,110,213,-103
115000259,255,202,53
115000261,7,24,-17
115000262,5,30,-25
115000263,9,47,-38
115000264,10,31,-21
115000267,42,66,-24
115000268,29,116,-87
115000269,53,62,-9
115000270,0,15,-15
115000272,55,164,-109
115000273,226,20,206
115000280,3646,75,3571
115000281,1045,158,887
115000282,1466,513,953
115000284,449,85,364
115000296,522,8,514
115000297,92,64,28
115000298,27,121,-94
115000300,48,237,-189
115000302,180,277,-97
115000303,354,194,160
115000304,358,129,229
115000305,51,1524,-1473
115000306,62,716,-654
115000307,39,396,-357
115000308,76,23,53
115000309,21,15,6
115000310,576,1735,-1159
115000311,340,1630,-1290
115000313,104,1013,-909
115000314,185,49,136
115000315,1666,253,1413
115000316,20,57,-37
115000317,179,743,-564
115000318,557,273,284
115000319,65,319,-254
115000320,7,166,-159
115000321,429,11,418
115000322,45,299,-254
115000449,390,105,285
115000557,1,521,-520
115000558,188,62,126
115000587,206,363,-157
115000588,2372,4644,-2272
115000589,2620,2791,-171
115000590,930,1801,-871
115000591,1751,897,854
115000592,830,1612,-782
115000593,1394,650,744
115000594,1121,1561,-440
115000609,95,108,-13
115000617,2329,1384,945
115000624,76,144,-68
115000633,352,1848,-1496
115000634,2559,853,1706
115000635,190,148,42
115000638,1597,919,678
115000641,94,113,-19
115000642,370,266,104
115000643,81,475,-394
115000644,149,443,-294
115000646,626,1009,-383
115000647,156,473,-317
115000648,868,1883,-1015
115000893,4551,1006,3545
115000894,78,1223,-1145
115000895,287,899,-612
115000896,823,379,444
115000897,496,85,411
115000898,879,172,707
115000899,1300,1016,284
115000900,81,334,-253
115000901,63,66,-3
115000912,146,58,88
115000913,1,56,-55
115000915,24,0,24
115000916,6,0,6
115000917,1,6,-5
115000918,97,174,-77
115000919,23,5,18
115000920,6,45,-39
115000921,1515,105,1410
115000922,1178,450,728
115000923,535,652,-117
115000925,41,77,-36
115000927,14,27,-13
115000933,383,120,263
115000934,107,268,-161
115000935,53,132,-79
115000936,39,192,-153
115000937,1197,136,1061
115000938,149,105,44
115000939,135,82,53
115900001,42,84,-42
115900002,112,256,-144
115900003,83,163,-80
115900004,1,86,-85
115900005,76,0,76
115900006,64,507,-443
115900008,36,11,25
115900009,56,321,-265
115900010,101,319,-218
115900011,242,342,-100
115900012,37,135,-98
115900013,421,236,185
115900014,114,185,-71
115900015,22,163,-141
115900016,86,32,54
115900017,2,3,-1
115900018,217,104,113
115900019,584,43,541
115900020,22,0,22
115900021,2241,122,2119
115900022,3017,23,2994
115900023,3,0,3
115900025,146,205,-59
115900026,1032,471,561
115900027,2,533,-531
115900028,668,74,594
115900029,1,694,-693
115900030,43,9,34
115900031,449,162,287
115900032,361,992,-631
115900033,1,46,-45
115900034,24,744,-720
115900035,29,169,-140
115900036,267,311,-44
115900037,19,654,-635
115900038,39,7,32
115900039,108,454,-346
115900041,250,294,-44
115900042,12,5,7
115900043,23,197,-174
115900044,207,280,-73
115900046,159,400,-241
115900047,79,48,31
115900049,106,246,-140
115900051,1,96,-95
115900052,8,368,-360
115900053,70,356,-286
115900054,67,63,4
115900055,15,194,-179
115900056,106,485,-379
115900057,22,5,17
115900058,27,87,-60
115900060,102,152,-50
115900061,85,1,84
115900062,18,338,-320
115900063,39,6,33
115900064,174,254,-80
115900065,21,176,-155
115900066,183,254,-71
115900067,15,1016,-1001
115900068,4630,141,4489
115900069,81,250,-169
115900070,74,329,-255
115900071,4,838,-834
115900072,81,265,-184
115900073,21,34,-13
115900074,4,469,-465
115900075,23,445,-422
115900076,1,124,-123
115900077,5,411,-406
115900078,39,173,-134
115900079,69,13,56
115900080,422,175,247
115900081,7,116,-109
115900082,169,166,3
115900084,168,77,91
115900085,52,42,10
115900086,1853,478,1375
115900088,40,21,19
115900089,135,951,-816
115900090,149,34,115
115900091,1,29,-28
115900092,35,300,-265
115900093,2,69,-67
115900094,3,574,-571
115900096,3,21,-18
115900097,15,729,-714
115900098,58,565,-507
115900099,23,125,-102
115900100,7,710,-703
115900101,103,566,-463
115900102,21,110,-89
115900103,137,324,-187
115900104,27,201,-174
115900105,47,886,-839
115900106,20,42,-22
115900107,15,214,-199
115900108,56,43,13
115900109,42,512,-470
115900110,0,11,-11
115900111,0,79,-79
115900112,37,1195,-1158
115900113,12,14,-2
115900114,4,147,-143
115900115,30,158,-128
115900116,88,1281,-1193
115900117,31,10,21
115900118,2,500,-498
115900119,70,73,-3
115900120,15,500,-485
115900121,73,296,-223
115900124,136,363,-227
115900125,158,43,115
115900126,419,77,342
115900127,430,44,386
115900128,3,32,-29
115900129,488,21,467
115900130,44,187,-143
115900131,140,38,102
115900132,193,9,184
115900134,142,9,133
115900135,663,521,142
115900137,3,2,1
115900139,84,85,-1
115900140,162,13,149
115900141,12,63,-51
115900142,6,13,-7
115900143,174,297,-123
115900144,41,232,-191
115900146,7,211,-204
115900147,212,252,-40
115900148,16,15,1
115900149,20,26,-6
115900150,14,58,-44
115900151,9,59,-50
115900152,28,477,-449
115900153,46,291,-245
115900154,609,299,310
115900155,1,125,-124
115900156,482,817,-335
115900157,57,442,-385
115900158,31,9,22
115900159,30,325,-295
115900160,10,6,4
115900161,90,225,-135
115900163,104,167,-63
115900164,185,29,156
115900165,0,118,-118
115900166,184,269,-85
115900168,32,242,-210
115900171,57,452,-395
115900172,20,154,-134
115900173,153,179,-26
115900174,356,269,87
115900175,49,180,-131
115900178,7,894,-887
115900179,96,27,69
115900180,50,368,-318
115900181,56,375,-319
115900182,174,410,-236
115900183,170,28,142
115900184,1942,9,1933
115900187,5,103,-98
115900189,0,76,-76
115900190,617,518,99
115900191,57,577,-520
115900192,14,52,-38
115900193,96,49,47
115900194,287,29,258
115900195,475,910,-435
115900198,238,275,-37
115900199,152,310,-158
115900200,286,368,-82
115900201,610,229,381
115900202,1,4,-3
115900203,4,13,-9
115900204,0,0,0
115900205,41,11,30
115900206,51,169,-118
115900207,15,31,-16
115900208,43,437,-394
115900209,1,122,-121
115900210,2,218,-216
115900211,3,230,-227
115900212,51,304,-253
115900213,55,33,22
115900214,209,391,-182
115900215,12,35,-23
115900216,6,74,-68
115900217,6,69,-63
115900218,0,53,-53
115900219,25,0,25
115900220,36,11,25
115900221,24,16,8
115900222,20,13,7
115900223,9,56,-47
115900224,1783,308,1475
115900225,82,27,55
115900226,18,56,-38
115900227,6,40,-34
115900228,3,42,-39
115900229,3,65,-62
115900230,70,96,-26
115900231,65,3,62
115900232,11,0,11
115900233,64,7,57
115900234,21,19,2
115900235,5,21,-16
115900236,6,12,-6
115900237,10,33,-23
115900238,8,14,-6
115900239,5,30,-25
115900240,10,52,-42
115900241,98,91,7
115900242,143,179,-36
115900243,8,7,1
115900244,2,24,-22
115900245,19,29,-10
115900246,6,0,6
115900247,10,2,8
115900248,6,3,3
115900249,0,4,-4
115900250,2,9,-7
115900251,0,3,-3
115900252,0,1,-1
115900253,2,6,-4
115900254,6,8,-2
115900255,6,21,-15
115900256,36,2,34
115900257,0,3,-3
115900258,0,5,-5
115900259,0,1,-1
115900260,17,3,14
115900261,3,0,3
115900262,1,0,1
115900263,5,2,3
115900264,18,6,12
115900265,0,4,-4
115900266,4,2,2
115900267,7,0,7
115900268,3,11,-8
115900269,216,438,-222
115900270,176,972,-796
115900271,36,0,36
115900272,6,1,5
115900273,3,7,-4
115900274,0,24,-24
115900275,0,43,-43
115900276,1,105,-104
115900277,0,208,-208
115900278,19,96,-77
115900279,9,141,-132
115900280,28,219,-191
115900281,593,139,454
115900282,21,7,14
115900283,2,7,-5
115900284,4,7,-3
116000001,23934,5725,18209
116000002,4624,5648,-1024
116000003,1575,2352,-777
116000004,1397,1836,-439
116000005,2671,3830,-1159
116000006,1550,1124,426
116000007,4625,4867,-242
116000008,5575,1470,4105
116000009,1942,3184,-1242
116000010,1449,907,542
116000011,812,2033,-1221
116000012,609,622,-13
116000013,19642,4744,14898
116000014,25010,6043,18967
116000015,626,875,-249
116000016,10363,1931,8432
116000017,33,512,-479
116000018,928,472,456
116000019,753,255,498
116000020,448,1457,-1009
116000021,216,251,-35
116000022,333,624,-291
116000023,705,494,211
116000024,827,2044,-1217
116000025,727,568,159
116000026,1966,3036,-1070
116000027,492,606,-114
116000028,331,523,-192
116000029,1162,518,644
116000030,312,336,-24
116000031,135,187,-52
116000032,298,308,-10
116000033,194,565,-371
116000034,448,1023,-575
116000035,298,546,-248
116000036,2072,484,1588
116000037,630,480,150
116000038,534,331,203
116000039,667,255,412
116000040,800,361,439
116000041,313,651,-338
116000042,395,286,109
116000043,81,546,-465
116000044,11,88,-77
116000045,1206,1040,166
116000046,1012,790,222
116000047,1912,1752,160
116000048,1998,1608,390
116000049,713,2054,-1341
116000050,1003,1447,-444
116000051,2277,1841,436
116000052,2824,3645,-821
116000053,1404,1232,172
116000054,580,2753,-2173
116000055,296,1754,-1458
116000056,524,1095,-571
116000057,3291,2662,629
116000058,3013,2019,994
116000059,2730,3995,-1265
116000060,3628,1052,2576
116000061,496,786,-290
116000062,576,289,287
116000063,509,1157,-648
116000066,144,303,-159
116000067,305,759,-454
116000068,108,199,-91
116000069,264,625,-361
116000078,218,946,-728
116000080,1002,1135,-133
116000082,5,145,-140
116000083,974,349,625
116000084,2671,4652,-1981
116000085,1656,1014,642
116000086,2211,1528,683
116000087,998,1033,-35
116000088,806,1711,-905
116000089,120,103,17
116000090,109,148,-39
116000091,208,91,117
116000093,1467,866,601
116000094,370,766,-396
116000095,453,862,-409
116000096,457,1401,-944
116000097,316,852,-536
116000098,357,4414,-4057
116000099,10955,353,10602
116000100,63,11,52
116000101,295,1978,-1683
116000102,211,1595,-1384
116000103,351,221,130
116000104,159,1973,-1814
116000105,479,184,295
116000106,307,1417,-1110
116000107,1129,435,694
116000108,190,159,31
116000111,57,21,36
116000113,130,56,74
116000114,43,188,-145
116000115,196,71,125
116000116,252,809,-557
116000117,821,2074,-1253
116000118,1136,1887,-751
116000119,1504,1631,-127
116000120,2522,5702,-3180
116000121,517,383,134
116000122,1453,2978,-1525
116000123,350,429,-79
116000124,323,1464,-1141
116000125,1206,489,717
116000126,288,1908,-1620
116000127,1014,1923,-909
116000128,1032,778,254
116000129,544,196,348
116000130,168,195,-27
116000133,408,1042,-634
116000134,1170,3393,-2223
116000135,1088,1211,-123
116000136,1100,2842,-1742
116000137,544,536,8
116000138,1659,430,1229
116000139,1636,2585,-949
116000140,69,248,-179
116000141,392,1240,-848
116000142,4384,4938,-554
116000143,2001,1407,594
116000144,1040,3531,-2491
116000145,1272,1468,-196
116000146,238,571,-333
116000147,167,127,40
116000148,240,368,-128
116000149,319,505,-186
116000151,410,1170,-760
116000153,54,388,-334
116000155,184,213,-29
116000156,1940,1566,374
116000157,25,33,-8
116000158,341,471,-130
116000159,14,11,3
116000160,12,141,-129
116000161,4,133,-129
116000162,49,45,4
116000163,15,1,14
116000164,8,8,0
116000177,208,101,107
116000194,43,506,-463
116000195,1359,631,728
116000196,11,16,-5
116000197,3,18,-15
116000198,2739,1092,1647
116000200,879,202,677
116000201,518,667,-149
116000202,6,392,-386
116000203,6,97,-91
116000204,20,51,-31
116000205,1,167,-166
116000206,1,84,-83
116000207,3,31,-28
116000233,122,1120,-998
116000287,79,673,-594
116000288,52,310,-258
116000292,58,228,-170
116000296,6,318,-312
116000297,62,7,55
116000304,48,46,2
116000305,8,151,-143
116000346,146,269,-123
116000352,92,63,29
116000354,28,18,10
116000357,4,27,-23
116000358,124,37,87
116000361,110,0,110
116000372,11182,2200,8982
116000381,53,0,53
116000388,0,36,-36
116000389,503,517,-14
116000445,139,1049,-910
116000446,206,1162,-956
116000447,7,535,-528
116000448,535,259,276
116000563,976,636,340
116000565,106,483,-377
116000568,40,157,-117
116000579,23,125,-102
116000584,7,20,-13
116000585,13,16,-3
116000586,236,94,142
116000587,283,554,-271
116000589,19,80,-61
116000590,49,39,10
116000591,69,320,-251
116000592,10,210,-200
116000593,0,53,-53
116000594,187,766,-579
116000595,316,205,111
116000596,26,8,18
116000597,121,44,77
116000598,13,301,-288
116000602,135,248,-113
116000605,217,181,36
116000606,34,123,-89
116000607,5,90,-85
116000609,222,635,-413
116000611,82,717,-635
116000612,478,1760,-1282
116000613,193,370,-177
116000614,399,1093,-694
116000615,2,100,-98
116000616,24,204,-180
116000617,52,129,-77
116000618,4,198,-194
116000619,12,36,-24
116000620,27,46,-19
116000621,28,68,-40
116000622,28,113,-85
116000624,42,82,-40
116000627,14,44,-30
116000628,19,1165,-1146
116000629,41,726,-685
116000630,147,138,9
116000631,43,117,-74
116000632,180,656,-476
116000633,20,981,-961
116000634,132,34,98
116000635,3247,1365,1882
116000636,1716,842,874
116000637,92,10,82
116000638,13,660,-647
116900001,173,126,47
116900002,285,2,283
116900003,15,96,-81
116900004,29,41,-12
116900005,102,52,50
116900006,158,173,-15
116900007,107,161,-54
116900008,190,721,-531
116900009,9,5,4
116900010,5,2466,-2461
116900011,22,48,-26
116900012,114,236,-122
116900013,8,280,-272
116900014,36,506,-470
116900015,103,71,32
116900016,60,0,60
116900017,4,908,-904
116900018,24,28,-4
116900019,4,518,-514
116900020,2393,357,2036
116900023,21,6,15
116900024,242,109,133
116900025,383,1424,-1041
116900026,231,895,-664
116900027,12,56,-44
116900028,0,179,-179
116900029,3,13,-10
116900031,0,9,-9
116900032,7,535,-528
116900033,6,7,-1
116900034,5,97,-92
116900035,80,223,-143
116900036,0,149,-149
116900038,4,4,0
116900041,47,17,30
116900042,1259,255,1004
116900043,10,100,-90
116900047,95,37,58
116900049,69,342,-273
116900050,45,508,-463
116900051,43,388,-345
116900052,119,96,23
116900055,1,4,-3
116900057,17,399,-382
116900058,35,436,-401
116900059,0,259,-259
116900060,127,304,-177
116900062,0,8,-8
116900064,55,1429,-1374
116900065,2,116,-114
116900067,48,158,-110
116900068,100,460,-360
116900070,0,2,-2
116900072,16,690,-674
116900073,7,260,-253
116900074,3,66,-63
116900076,4,15,-11
116900077,5,316,-311
116900078,214,195,19
116900079,9,495,-486
116900080,5,41,-36
116900081,331,1728,-1397
116900082,198,1228,-1030
116900083,32,77,-45
116900084,173,81,92
116900085,16,187,-171
116900086,28,310,-282
116900088,513,74,439
116900090,112,65,47
116900091,104,160,-56
116900092,50,998,-948
116900093,2214,1503,711
116900094,9127,2258,6869
116900095,182,236,-54
116900096,75,107,-32
116900097,4736,1500,3236
116900098,1209,212,997
116900099,618,411,207
116900100,369,28,341
116900101,325,978,-653
116900103,6,1,5
116900104,39,121,-82
116900105,235,38,197
116900106,752,253,499
116900107,5718,981,4737
116900110,16,1,15
116900111,113,1735,-1622
116900112,143,1090,-947
116900113,3976,862,3114
116900116,111,285,-174
116900117,12,97,-85
116900118,1515,669,846
116900120,126,181,-55
116900121,26,50,-24
116900122,336,1231,-895
116900123,82,1265,-1183
116900124,134,909,-775
116900125,87,246,-159
116900126,330,560,-230
116900128,0,65,-65
116900129,1,392,-391
116900130,1366,1791,-425
116900131,59,172,-113
116900132,31,85,-54
116900133,53,114,-61
116900134,162,280,-118
116900136,122,151,-29
116900137,288,214,74
116900138,172,250,-78
116900139,64,520,-456
116900140,133,243,-110
116900141,347,412,-65
116900142,3,10,-7
116900143,190,680,-490
116900144,18,46,-28
116900145,83,444,-361
116900147,622,251,371
116900148,3,42,-39
116900149,28,140,-112
116900150,11,5,6
116900151,137,15,122
116900153,38,61,-23
116900154,710,171,539
116900155,47,49,-2
116900157,156,285,-129
116900158,47,61,-14
116900159,44,181,-137
116900160,536,272,264
116900161,12254,4052,8202
116900162,6,210,-204
116900163,48,194,-146
116900164,27,17,10
116900165,100,82,18
116900166,11,120,-109
116900167,212,75,137
116900168,77,96,-19
116900169,450,195,255
116900170,147,177,-30
116900171,37,266,-229
116900172,212,67,145
116900173,81,44,37
116900174,14,17,-3
116900175,122,99,23
116900178,12,222,-210
116900179,74,97,-23
116900180,81,21,60
116900182,230,231,-1
116900183,76,82,-6
116900185,21,22,-1
116900186,54,444,-390
116900187,18,21,-3
116900188,78,10,68
116900189,29,0,29
116900191,204,433,-229
116900192,162,267,-105
116900194,51,433,-382
116900195,27,7,20
116900196,35,186,-151
116900197,29,7,22
116900198,310,121,189
116900200,11,24,-13
116900201,35,25,10
116900202,206,98,108
116900203,95,7,88
116900204,22,54,-32
116900206,1,38,-37
116900207,11,28,-17
116900208,6,222,-216
116900209,17,182,-165
116900210,305,174,131
116900211,245,20,225
116900212,20,78,-58
116900213,188,236,-48
116900214,67,199,-132
116900215,22,124,-102
116900216,133,490,-357
116900218,6,412,-406
116900219,872,427,445
116900220,60,216,-156
116900221,51,330,-279
116900222,352,285,67
116900223,94,188,-94
116900226,22,76,-54
116900227,84,77,7
116900228,157,339,-182
116900230,44,449,-405
116900231,25,646,-621
116900232,6,728,-722
116900233,113,73,40
116900234,5,5,0
116900235,140,441,-301
116900238,1482,448,1034
116900239,84,785,-701
116900240,7991,2384,5607
116900241,27,392,-365
116900242,471,178,293
116900243,0,48,-48
116900245,37,13,24
116900246,30,1,29
116900247,186,9,177
116900248,44,31,13
116900249,105,174,-69
116900250,105,32,73
116900251,532,155,377
116900252,42,1306,-1264
116900253,33,77,-44
116900254,4,86,-82
116900255,60,27,33
116900256,169,110,59
116900257,11,813,-802
116900258,3,442,-439
116900259,44,2,42
116900260,2,188,-186
116900261,10,2,8
116900262,59,184,-125
116900263,0,3,-3
116900264,0,2,-2
116900265,13,0,13
116900266,8,76,-68
116900267,1,4,-3
116900268,41,16,25
116900269,272,484,-212
116900271,3351,87,3264
116900272,528,825,-297
116900273,264,27,237
116900274,69,120,-51
116900275,56,197,-141
116900276,1690,48,1642
116900277,960,22,938
116900278,3,27,-24
116900279,0,21,-21
116900280,13,52,-39
116900281,10104,2027,8077
116900282,3,170,-167
116900283,25,181,-156
116900284,27,231,-204
116900285,477,167,310
116900286,252,15,237
116900287,3,120,-117
116900288,23,149,-126
116900289,5,49,-44
116900290,4,43,-39
116900291,1,8,-7
116900292,2,6,-4
116900293,11,102,-91
116900294,29,129,-100
116900295,108,93,15
116900296,56,89,-33
116900297,5,70,-65
116900298,147,39,108
116900299,44,88,-44
116900300,20,416,-396
116900301,67,92,-25
116900302,74,28,46
116900303,521,55,466
116900304,0,125,-125
116900305,16,53,-37
116900306,30,146,-116
117000001,1071,1145,-74
117000002,1410,4588,-3178
117000003,6427,2745,3682
117000004,5277,6065,-788
117000005,1023,1462,-439
117000006,955,5059,-4104
117000007,2060,1406,654
117000008,1331,5094,-3763
117000009,4441,1667,2774
117000010,3046,5100,-2054
117000011,1165,2286,-1121
117000012,1337,2343,-1006
117000013,883,1572,-689
117000014,781,3124,-2343
117000015,3251,1395,1856
117000016,552,66,486
117000017,359,168,191
117000018,194,453,-259
117000019,266,2,264
117000020,911,1001,-90
117000021,4223,463,3760
117000022,555,74,481
117000023,529,119,410
117000024,575,74,501
117000025,1055,731,324
117000026,2803,643,2160
117000027,6176,1157,5019
117000028,5856,570,5286
117000030,1257,756,501
117000031,528,173,355
117000032,2303,1560,743
117000033,979,824,155
117000034,301,386,-85
117000035,201,195,6
117000036,321,378,-57
117000037,222,183,39
117000038,247,481,-234
117000039,325,336,-11
117000040,119,1746,-1627
117000041,470,135,335
117000044,19,1501,-1482
117000045,234,51,183
117000046,455,1015,-560
117000047,484,459,25
117000048,2257,1723,534
117000049,169,536,-367
117000050,129,3116,-2987
117000051,1235,259,976
117000052,10,862,-852
117000053,133,93,40
117000054,1256,6,1250
117000055,17,4505,-4488
117000056,421,15,406
117000057,774,2556,-1782
117000060,399,2677,-2278
117000061,1097,698,399
117000062,185,698,-513
117000063,1280,710,570
117000064,1012,961,51
117000066,1387,750,637
117000067,115,296,-181
117000074,213,179,34
117000076,90,75,15
117000077,143,74,69
117000078,98,741,-643
117000079,194,166,28
117000080,2,419,-417
117000081,505,115,390
117000082,23,54,-31
117000083,67,12,55
117000084,350,4,346
117000085,158,579,-421
117000086,1287,822,465
117000087,72,576,-504
117000088,200,206,-6
117000089,953,296,657
117000090,226,1654,-1428
117000091,390,435,-45
117000092,334,2197,-1863
117000093,670,704,-34
117000094,639,3197,-2558
117000095,1611,884,727
117000096,544,3069,-2525
117000097,827,1285,-458
117000098,3013,7220,-4207
117000099,1802,842,960
117000100,129,168,-39
117000101,234,1745,-1511
117000102,970,476,494
117000103,929,2477,-1548
117000104,1131,475,656
117000105,797,2498,-1701
117000106,712,883,-171
117000107,495,3046,-2551
117000108,978,847,131
117000109,1885,3938,-2053
117000110,1032,644,388
117000111,3812,5332,-1520
117000112,2402,2298,104
117000113,107,487,-380
117000114,92,197,-105
117000115,46,220,-174
117000116,59,334,-275
117000117,1583,464,1119
117000118,209,169,40
117000119,229,31,198
117000120,547,58,489
117000121,425,351,74
117000122,696,797,-101
117000123,2040,23,2017
117000124,1258,22,1236
117000125,533,52,481
117000126,48,45,3
117000127,176,394,-218
117000128,465,654,-189
117000129,681,287,394
117000130,74,0,74
117000131,1,307,-306
117000132,1021,64,957
117000133,452,119,333
117000134,0,67,-67
117000135,5,40,-35
117000136,1,50,-49
117000137,51,33,18
117000138,3,748,-745
117000140,371,2223,-1852
117000141,1087,563,524
117000181,1538,389,1149
117000182,262,170,92
117000195,207,1662,-1455
117000196,69,51,18
117000225,155,4,151
117000226,8,110,-102
117000276,72,13,59
117000277,1,745,-744
117000310,2807,3025,-218
117000315,37,581,-544
117000320,95,0,95
117000906,106,8,98
117000907,8,534,-526
117000908,105,18,87
117000909,82,37,45
117000910,206,114,92
117000911,90,271,-181
117000915,11,772,-761
117000916,22,3,19
117000917,518,12,506
117000918,16,45,-29
117000919,19,198,-179
117000920,8,2028,-2020
117000921,8,2705,-2697
117000922,53,169,-116
117000924,289,802,-513
117000926,1826,99,1727
117000927,3151,297,2854
117000928,2,366,-364
117000929,140,630,-490
117000930,63,26,37
117000931,1209,65,1144
117900002,141,370,-229
117900003,1200,381,819
117900005,23,17,6
117900006,0,68,-68
117900007,95,160,-65
117900008,0,69,-69
117900010,260,194,66
117900011,22,35,-13
117900012,35,255,-220
117900013,1,503,-502
117900014,305,369,-64
117900015,25,377,-352
117900016,1717,400,1317
117900017,252,644,-392
117900018,336,33,303
117900019,291,749,-458
117900020,48,219,-171
117900021,17,137,-120
117900022,22,23,-1
117900023,912,95,817
117900024,77,194,-117
117900025,28,12,16
117900026,206,507,-301
117900028,27,5,22
117900029,125,1176,-1051
117900030,188,141,47
117900031,114,87,27
117900032,404,331,73
117900033,122,1143,-1021
117900034,36,62,-26
117900035,57,58,-1
117900036,139,861,-722
117900037,51,191,-140
117900038,28,448,-420
117900039,5,108,-103
117900040,98,791,-693
117900041,5,58,-53
117900042,6010,531,5479
117900043,17,55,-38
117900044,136,2068,-1932
117900045,114,95,19
117900048,122,400,-278
117900049,71,854,-783
117900050,9,34,-25
117900051,19,1,18
117900052,115,280,-165
117900053,657,804,-147
117900054,3,18,-15
117900055,111,134,-23
117900056,705,35,670
117900057,782,1483,-701
117900058,104,7,97
117900059,217,69,148
117900060,640,6892,-6252
117900061,24,162,-138
117900063,124,260,-136
117900065,857,1428,-571
117900066,20,34,-14
117900067,313,527,-214
117900069,413,653,-240
117900070,218,3,215
117900071,65,173,-108
117900073,202,562,-360
117900074,92,4,88
117900075,30,101,-71
117900076,26,71,-45
117900077,140,134,6
117900078,202,378,-176
117900080,137,71,66
117900081,618,526,92
117900082,185,194,-9
117900083,181,837,-656
117900086,50,79,-29
117900087,24,56,-32
117900088,3149,2175,974
117900089,1082,306,776
117900090,169,1220,-1051
117900091,162,162,0
117900092,11,51,-40
117900093,37,80,-43
117900094,16,4,12
117900095,161,948,-787
117900096,38,239,-201
117900097,225,68,157
117900098,13,5,8
117900099,83,620,-537
117900100,99,2,97
117900101,342,842,-500
117900102,41,46,-5
117900103,31,1,30
117900104,3,238,-235
117900105,183,253,-70
117900106,59,64,-5
117900107,9,0,9
117900109,259,296,-37
117900110,52,0,52
117900111,126,10,116
117900112,28,16,12
117900113,5217,1646,3571
117900114,3,0,3
117900115,375,36,339
117900116,989,909,80
117900117,315,349,-34
117900118,10,0,10
117900119,49,368,-319
117900120,55,141,-86
117900121,76,39,37
117900122,1305,1531,-226
117900123,489,1021,-532
117900124,577,729,-152
117900125,1140,722,418
117900126,316,696,-380
117900127,240,848,-608
117900128,177,1234,-1057
117900129,18,1,17
117900130,699,393,306
117900131,1,153,-152
117900132,9,179,-170
117900133,8,152,-144
117900134,58,228,-170
117900135,10,343,-333
117900136,1,107,-106
117900137,11,426,-415
117900138,1,79,-78
117900139,28,133,-105
117900140,6876,186,6690
117900141,216,341,-125
117900142,28,2,26
117900144,61,92,-31
117900145,62,5,57
117900146,166,97,69
117900147,44,91,-47
117900148,3646,939,2707
117900149,24,232,-208
117900150,42,140,-98
117900151,25,192,-167
117900152,92,111,-19
117900153,13,130,-117
117900154,252,806,-554
117900156,756,795,-39
117900157,55,449,-394
117900158,151,55,96
117900160,324,260,64
117900161,3021,2853,168
117900162,150,442,-292
117900163,54,18,36
117900165,0,6,-6
117900166,74,212,-138
117900168,35,237,-202
117900169,0,156,-156
117900170,2,53,-51
117900171,0,16,-16
117900172,17,52,-35
117900173,221,75,146
117900174,39,85,-46
117900175,9,36,-27
117900176,7,69,-62
117900177,11,64,-53
117900178,114,41,73
117900180,363,39,324
117900181,225,175,50
117900182,0,29,-29
117900183,25,158,-133
117900184,3,75,-72
117900185,14,28,-14
117900186,33,38,-5
117900187,17,16,1
117900188,214,21,193
117900189,36,11,25
117900190,14,0,14
117900191,35,0,35
117900192,98,2,96
117900193,19,51,-32
117900194,5,9,-4
117900195,44,30,14
117900196,13,29,-16
117900207,112,76,36
117900208,9,42,-33
117900209,165,107,58
117900210,174,169,5
117900211,8,309,-301
117900212,77,220,-143
117900213,6,7,-1
117900214,4,69,-65
117900215,10,73,-63
117900216,84,17,67
117900217,268,42,226
117900218,331,187,144
117900219,2,41,-39
117900220,70,74,-4
117900222,120,293,-173
117900223,74,171,-97
118000001,836,447,389
118000002,1551,2128,-577
118000003,1669,1227,442
118000004,3091,2206,885
118000005,7397,2228,5169
118000006,10634,7950,2684
118000007,7630,2216,5414
118000008,6310,2933,3377
118000009,2316,3592,-1276
118000010,4670,4744,-74
118000011,661,3437,-2776
118000012,1040,3625,-2585
118000013,3595,3472,123
118000014,2235,3673,-1438
118000016,234,734,-500
118000017,152,414,-262
118000018,216,1034,-818
118000019,2017,1273,744
118000020,1377,1465,-88
118000021,673,1739,-1066
118000022,2138,533,1605
118000023,1181,225,956
118000024,2238,656,1582
118000027,24854,5304,19550
118000029,1651,640,1011
118000032,2360,1850,510
118000033,3394,2338,1056
118000034,6352,2123,4229
118000035,1906,1509,397
118000036,1422,1091,331
118000037,574,974,-400
118000038,107,138,-31
118000039,82,427,-345
118000040,1673,2499,-826
118000041,1770,1712,58
118000045,1183,131,1052
118000046,2326,617,1709
118000047,2025,541,1484
118000048,5134,1279,3855
118000051,2720,753,1967
118000052,1668,533,1135
118000053,503,489,14
118000054,1628,1314,314
118000055,1273,1566,-293
118000056,394,287,107
118000057,602,337,265
118000058,4731,1410,3321
118000059,2478,880,1598
118000060,609,855,-246
118000061,555,1413,-858
118000062,464,249,215
118000063,398,460,-62
118000064,956,1268,-312
118000065,6904,1725,5179
118000066,934,1092,-158
118000067,1717,953,764
118000068,2119,2960,-841
118000069,3913,1576,2337
118000070,10486,1595,8891
118000071,5058,4637,421
118000072,2294,1070,1224
118000073,3905,574,3331
118000074,258,362,-104
118000075,745,303,442
118000076,1250,1291,-41
118000077,1365,1151,214
118000078,1667,1830,-163
118000079,298,341,-43
118000080,1212,940,272
118000081,1234,997,237
118000082,344,766,-422
118000083,3045,1172,1873
118000084,3399,1427,1972
118000086,162,644,-482
118000087,7965,2652,5313
118000088,2189,1826,363
118000089,4924,2359,2565
118000090,2617,2474,143
118000091,1957,1601,356
118000092,1433,353,1080
118000093,142,747,-605
118000096,520,556,-36
118000097,484,501,-17
118000098,242,279,-37
118000099,316,1232,-916
118000101,652,393,259
118000102,300,2059,-1759
118000107,4497,541,3956
118000108,677,1043,-366
118000110,0,34,-34
118000111,4,767,-763
118000112,140,0,140
118000113,7,1410,-1403
118000114,134,2,132
118000115,25,5,20
118000116,29,0,29
118000117,1287,979,308
118000118,733,672,61
118000119,1005,1110,-105
118000120,1739,1695,44
118000121,77,445,-368
118000122,1013,247,766
118000123,69,259,-190
118000125,1896,1461,435
118000126,684,1579,-895
118000127,1751,657,1094
118000128,793,1316,-523
118000129,438,248,190
118000130,3300,5047,-1747
118000131,424,1189,-765
118000132,1850,1442,408
118000133,413,452,-39
118000135,339,324,15
118000136,103,653,-550
118000137,651,66,585
118000138,262,1075,-813
118000139,142,111,31
118000140,2209,3111,-902
118000141,1554,2404,-850
118000142,1118,2461,-1343
118000143,1266,984,282
118000144,1749,1348,401
118000145,1495,3957,-2462
118000146,990,2125,-1135
118000147,611,2214,-1603
118000148,274,1344,-1070
118000149,639,1427,-788
118000150,208,255,-47
118000151,222,511,-289
118000153,618,1373,-755
118000154,548,1675,-1127
118000155,681,1399,-718
118000156,2734,2308,426
118000157,389,359,30
118000158,186,589,-403
118000159,16,67,-51
118000160,297,556,-259
118000161,306,1155,-849
118000162,862,917,-55
118000163,371,714,-343
118000164,2599,1510,1089
118000168,1898,251,1647
118000169,1075,2227,-1152
118000170,4730,8585,-3855
118000171,202,831,-629
118000172,109,388,-279
118000173,723,1324,-601
118000175,211,319,-108
118000176,174,458,-284
118000177,154,560,-406
118000178,47,29,18
118000179,1919,771,1148
118000180,797,821,-24
118000181,693,444,249
118000182,243,408,-165
118000183,196,233,-37
118000184,363,1273,-910
118000185,1191,802,389
118000186,557,959,-402
118000187,691,1201,-510
118000188,393,285,108
118000189,243,1134,-891
118000190,24,7,17
118000191,23,33,-10
118000192,38,97,-59
118000193,25,236,-211
118000194,1883,1097,786
118000195,1481,510,971
118000196,435,120,315
118000197,182,81,101
118000198,721,334,387
118000199,420,286,134
118000200,125,242,-117
118000201,517,349,168
118000202,59,76,-17
118000203,1888,374,1514
118000204,186,170,16
118000205,414,365,49
118000206,129,230,-101
118000207,0,101,-101
118000208,1096,1782,-686
118000209,1320,1945,-625
118000210,37,31,6
118000211,20,22,-2
118000213,1001,850,151
118000214,668,278,390
118000215,188,332,-144
118000216,1359,4803,-3444
118000217,18,263,-245
118000218,38,184,-146
118000219,590,441,149
118000220,3,21,-18
118000221,77,287,-210
118000222,114,18,96
118000223,16,28,-12
118000224,233,200,33
118000225,101,1096,-995
118000226,617,98,519
118000227,1171,304,867
118000228,231,133,98
118000229,301,48,253
118000230,60,371,-311
118000231,100,265,-165
118000232,632,1326,-694
118000233,663,1145,-482
118000234,155,442,-287
118000236,342,508,-166
118000237,55,974,-919
118000238,93,413,-320
118000239,217,343,-126
118000240,700,68,632
118000241,101,379,-278
118000242,250,898,-648
118000243,118,295,-177
118000244,21,278,-257
118000246,1,10,-9
118000255,32,203,-171
118000256,72,234,-162
118000259,13,53,-40
118000260,120,122,-2
118000261,10,146,-136
118000263,82,314,-232
118000266,93,575,-482
118000267,0,111,-111
118000268,210,6,204
118000270,56,34,22
118000271,118,286,-168
118000272,46,66,-20
118000273,74,118,-44
118000274,117,501,-384
118000276,171,342,-171
118000295,5,52,-47
118000298,182,596,-414
118000299,57,269,-212
118000301,0,76,-76
118000302,80,103,-23
118000311,119,146,-27
118000312,91,285,-194
118000313,53,236,-183
118000314,37,92,-55
118000315,34,101,-67
118000316,430,785,-355
118000325,22,114,-92
118000326,45,51,-6
118000331,6,87,-81
118000332,14,67,-53
118000333,14,81,-67
118000335,104,0,104
118000336,1,574,-573
118000407,50,95,-45
118000457,7,33,-26
118000465,5322,2676,2646
118000480,25,248,-223
118000489,11,82,-71
118000490,31,497,-466
118000492,190,197,-7
118000510,58,8,50
118000514,146,363,-217
118000515,623,400,223
118000517,535,198,337
118000524,954,155,799
118000525,921,1125,-204
118000530,5,137,-132
118000531,88,261,-173
118000532,133,383,-250
118000533,321,190,131
118000534,510,511,-1
118000535,110,108,2
118000536,1417,566,851
118000537,20,65,-45
118000538,8,106,-98
118000539,51,142,-91
118000540,267,362,-95
118000541,140,157,-17
118000542,82,196,-114
118000543,207,278,-71
118000546,41,50,-9
118000553,0,2,-2
118000557,0,0,0
118000560,4849,759,4090
118000562,11,545,-534
118000563,2295,1750,545
118000576,104,237,-133
118000577,146,117,29
118000578,112,94,18
118000579,834,909,-75
118000583,0,0,0
118000595,104,63,41
118000596,0,87,-87
118000597,74,147,-73
118000598,3,0,3
118000599,23,62,-39
118000600,0,20,-20
118000601,2,0,2
118000602,0,9,-9
118000603,0,48,-48
118900001,1467,668,799
118900002,1567,554,1013
118900003,120,26,94
118900004,23,102,-79
118900005,66,8,58
118900006,73,7,66
118900007,4,4,0
118900008,1152,48,1104
118900009,17,16,1
118900010,28,0,28
118900011,144,19,125
118900012,319,248,71
118900013,844,55,789
118900015,114,43,71
118900016,6,39,-33
118900017,129,138,-9
118900018,1480,21,1459
118900019,50,10,40
118900020,153,110,43
118900021,136,449,-313
118900022,83,163,-80
118900023,54,99,-45
118900024,30,259,-229
118900025,20,26,-6
118900026,45,120,-75
118900027,379,224,155
118900028,54,213,-159
118900029,129,571,-442
118900030,75,102,-27
118900031,66,170,-104
118900032,62,231,-169
118900033,298,1037,-739
118900034,60,8,52
118900035,91,348,-257
118900036,541,756,-215
118900037,148,370,-222
118900038,162,435,-273
118900039,213,284,-71
118900040,105,192,-87
118900041,164,196,-32
118900042,138,106,32
118900045,183,145,38
118900046,940,140,800
118900047,1102,200,902
118900048,112,199,-87
118900049,78,36,42
118900050,14,206,-192
118900051,36,72,-36
118900052,89,327,-238
118900053,45,103,-58
118900054,49,83,-34
118900055,39,161,-122
118900056,20,147,-127
118900057,204,319,-115
118900058,263,719,-456
118900059,11,65,-54
118900060,36,128,-92
118900062,65,270,-205
118900064,739,346,393
118900065,17,142,-125
118900066,44,121,-77
118900067,8827,2099,6728
118900068,1,145,-144
118900069,225,320,-95
118900071,2,62,-60
118900072,273,468,-195
118900073,20,76,-56
118900074,40,195,-155
118900075,20,105,-85
118900076,168,75,93
118900077,571,199,372
118900078,38,4,34
118900079,45,208,-163
118900080,20,103,-83
118900081,40,18,22
118900082,392,229,163
118900083,12,49,-37
118900084,12,18,-6
118900085,553,1271,-718
118900086,14,38,-24
118900087,9,181,-172
118900088,0,30,-30
118900089,39,17,22
118900090,350,600,-250
118900091,248,101,147
118900092,76,128,-52
118900093,136,18,118
118900096,30,29,1
118900097,134,912,-778
118900099,62,330,-268
118900100,110,269,-159
118900101,31,867,-836
118900102,10,66,-56
118900103,58,46,12
118900104,97,226,-129
118900105,122,101,21
118900107,239,100,139
118900108,49,78,-29
118900110,1925,369,1556
118900111,193,872,-679
118900112,19,114,-95
118900113,82,819,-737
118900114,10,99,-89
118900115,82,336,-254
118900116,66,166,-100
118900117,77,250,-173
118900118,192,712,-520
118900119,54,361,-307
118900120,72,289,-217
118900121,8,409,-401
118900122,6,525,-519
118900123,134,269,-135
118900124,45,256,-211
118900126,13,293,-280
118900129,109,142,-33
118900130,49,81,-32
118900131,104,332,-228
118900132,267,220,47
118900133,28,72,-44
118900135,98,281,-183
118900136,187,1029,-842
118900137,2,20,-18
118900139,74,735,-661
118900140,337,1154,-817
118900141,57,407,-350
118900144,79,913,-834
118900145,28,232,-204
118900146,216,1056,-840
118900147,106,121,-15
118900148,23,82,-59
118900150,145,343,-198
118900152,370,1130,-760
118900157,104,109,-5
118900158,34,133,-99
118900159,3,299,-296
118900161,107,7,100
118900163,307,91,216
118900164,3,126,-123
118900165,18,450,-432
118900166,30,13,17
118900167,27,222,-195
118900168,2,75,-73
118900169,59,548,-489
118900170,44,160,-116
118900171,5,27,-22
118900174,48,50,-2
118900175,158,381,-223
118900176,51,176,-125
118900177,12,71,-59
118900178,8,99,-91
118900179,1,44,-43
118900181,55,121,-66
118900182,114,35,79
118900183,9,45,-36
118900184,191,20,171
118900185,57,137,-80
118900186,70,93,-23
118900187,113,313,-200
118900188,189,411,-222
118900189,33,475,-442
118900190,5,888,-883
118900191,69,68,1
118900192,90,34,56
118900193,130,13,117
118900195,489,1164,-675
118900196,17,315,-298
118900197,58,164,-106
118900198,12,79,-67
118900199,12,70,-58
118900200,6,3,3
118900201,18,16,2
118900202,6,102,-96
118900203,1,74,-73
118900204,8,76,-68
118900205,3,33,-30
118900206,0,40,-40
119000001,932,1435,-503
119000002,3270,3411,-141
119000003,1219,1923,-704
119000004,1619,1440,179
119000005,1432,1660,-228
119000006,1447,1590,-143
119000007,2637,3204,-567
119000008,1661,2549,-888
119000009,4036,2704,1332
119000010,10963,4365,6598
119000011,7319,2041,5278
119000012,6864,3427,3437
119000013,2251,1347,904
119000014,2835,4330,-1495
119000019,210,221,-11
119000020,1027,1471,-444
119000021,2700,2375,325
119000022,4898,1606,3292
119000023,256,218,38
119000024,2691,6343,-3652
119000025,15657,1773,13884
119000026,450,269,181
119000027,777,523,254
119000028,2310,1487,823
119000029,141,287,-146
119000030,432,1461,-1029
119000031,579,914,-335
119000032,2745,2630,115
119000033,1846,2047,-201
119000034,971,981,-10
119000035,23,495,-472
119000036,743,1605,-862
119000037,850,3036,-2186
119000038,79,1383,-1304
119000039,155,456,-301
119000040,1091,456,635
119000041,965,1016,-51
119000048,4270,4879,-609
119000049,1124,4714,-3590
119000050,1614,2779,-1165
119000051,1860,991,869
119000052,2292,3321,-1029
119000053,1601,1285,316
119000054,2714,5013,-2299
119000055,2468,4291,-1823
119000056,1790,2360,-570
119000057,1477,3133,-1656
119000058,1659,2713,-1054
119000059,985,1832,-847
119000060,964,901,63
119000061,690,896,-206
119000062,1046,1605,-559
119000063,258,284,-26
119000064,1155,1957,-802
119000065,2175,4152,-1977
119000066,1814,1111,703
119000067,1800,3274,-1474
119000068,1077,1175,-98
119000069,1179,3131,-1952
119000070,1431,1387,44
119000071,530,1032,-502
119000072,7982,4743,3239
119000073,6603,5325,1278
119000074,633,4486,-3853
119000075,686,2788,-2102
119000076,644,984,-340
119000077,1001,618,383
119000078,266,314,-48
119000079,64,943,-879
119000080,113,250,-137
119000081,184,512,-328
119000082,430,311,119
119000083,291,348,-57
119000084,232,736,-504
119000085,696,409,287
119000086,210,327,-117
119000087,1780,1213,567
119000088,190,280,-90
119000089,52,198,-146
119000090,194,158,36
119000091,138,325,-187
119000092,898,265,633
119000093,4544,4424,120
119000094,1899,5543,-3644
119000095,1071,3720,-2649
119000097,2973,2111,862
119000098,624,1597,-973
119000099,2262,2187,75
119000100,2255,2402,-147
119000101,3380,2856,524
119000102,781,677,104
119000103,1726,574,1152
119000104,4023,1897,2126
119000105,594,899,-305
119000106,189,2751,-2562
119000107,337,556,-219
119000108,207,1719,-1512
119000109,172,436,-264
119000110,735,613,122
119000111,73,636,-563
119000112,255,172,83
119000113,4031,331,3700
119000114,690,572,118
119000115,183,125,58
119000116,118,83,35
119000117,111,385,-274
119000118,4,1,3
119000123,2754,765,1989
119000124,339,326,13
119000125,1496,1475,21
119000126,409,1287,-878
119000127,243,1182,-939
119000128,58,13,45
119000131,528,1435,-907
119000132,0,12,-12
119000133,0,4,-4
119000134,3300,645,2655
119000135,57,268,-211
119000136,80,438,-358
119000137,125,739,-614
119000138,151,628,-477
119000139,134,467,-333
119000140,132,326,-194
119000284,1894,3181,-1287
119000285,3361,2526,835
119000286,7856,5345,2511
119000287,1318,2550,-1232
119000288,1592,2344,-752
119000289,2599,5224,-2625
119000290,130,700,-570
119000291,4,424,-420
119000293,58,164,-106
119000294,33,25,8
119000295,2554,747,1807
119000296,122,149,-27
119000302,5603,1552,4051
119000303,28,154,-126
119000304,0,0,0
119000310,0,0,0
119000314,1747,5162,-3415
119000315,1,804,-803
119000316,36,150,-114
119000317,27,699,-672
119900001,127,641,-514
119900002,45,388,-343
119900003,48,1740,-1692
119900004,346,334,12
119900005,73,193,-120
119900006,128,281,-153
119900007,652,73,579
119900008,37,36,1
119900009,365,644,-279
119900010,2235,1294,941
119900011,22,30,-8
119900012,4,35,-31
119900013,1599,624,975
119900014,849,268,581
119900015,42,19,23
119900016,18,125,-107
119900017,7,41,-34
119900018,1190,219,971
119900019,11,11,0
119900020,47,170,-123
119900021,87,88,-1
119900022,139,322,-183
119900023,870,480,390
119900025,51,43,8
119900026,1135,64,1071
119900027,6,13,-7
119900028,175,68,107
119900029,4,7,-3
119900030,465,497,-32
119900031,20,193,-173
119900033,2730,155,2575
119900034,111,188,-77
119900037,42,45,-3
119900038,67,160,-93
119900039,72,10,62
119900040,17,7,10
119900041,62,73,-11
119900042,45,188,-143
119900043,33,252,-219
119900044,173,412,-239
119900046,23,119,-96
119900047,120,66,54
119900048,3,50,-47
119900049,30,14,16
119900050,97,59,38
119900051,150,12,138
119900052,30,76,-46
119900053,50,283,-233
119900054,31,3,28
119900055,594,231,363
119900057,77,106,-29
119900058,68,2,66
119900059,172,64,108
119900060,158,6,152
119900062,23,32,-9
119900063,18,30,-12
119900065,155,12,143
119900066,0,2,-2
119900067,24,30,-6
119900068,116,2,114
119900069,29,50,-21
119900070,271,46,225
119900071,216,3,213
119900073,2333,460,1873
119900074,31,13,18
119900075,7865,1994,5871
119900076,214,664,-450
119900077,284,2053,-1769
119900078,195,998,-803
119900079,80,448,-368
119900080,668,1539,-871
119900081,91,42,49
119900082,496,288,208
119900083,413,100,313
119900084,728,137,591
119900085,168,56,112
119900087,237,173,64
119900088,65,70,-5
119900089,13,755,-742
119900090,218,72,146
119900091,19,1445,-1426
119900092,10,526,-516
119900093,776,102,674
119900094,15,275,-260
119900095,193,73,120
119900096,30,132,-102
119900097,394,198,196
119900098,22,62,-40
119900099,28,436,-408
119900100,3396,2096,1300
119900101,225,1041,-816
119900102,34,357,-323
119900103,19,671,-652
119900104,33,403,-370
119900105,1251,1717,-466
119900106,8,319,-311
119900107,398,4586,-4188
119900108,2248,806,1442
119900109,12,373,-361
119900110,355,956,-601
119900111,32,452,-420
119900112,3729,436,3293
119900113,42,710,-668
119900114,97,2222,-2125
119900115,81,1552,-1471
119900116,188,224,-36
119900117,142,1502,-1360
119900118,75,1745,-1670
119900119,61,311,-250
119900120,648,942,-294
119900121,130,2002,-1872
119900122,257,472,-215
119900123,226,282,-56
119900124,73,1476,-1403
119900125,65,541,-476
119900126,7630,313,7317
119900127,3510,1056,2454
119900128,179,1158,-979
119900129,57,1240,-1183
119900130,32,347,-315
119900131,20,587,-567
119900132,2,530,-528
119900133,13,50,-37
119900134,2730,365,2365
119900135,1,754,-753
119900136,217,746,-529
119900138,433,874,-441
119900139,22,95,-73
119900140,6,236,-230
119900141,168,413,-245
119900142,4,24,-20
119900143,10,249,-239
119900144,3113,342,2771
119900145,78,360,-282
119900146,241,134,107
119900147,1,144,-143
119900148,67,77,-10
119900149,2271,2861,-590
119900150,200,271,-71
119900151,1664,759,905
119900152,55,524,-469
119900153,76,70,6
119900154,48,491,-443
119900155,14,36,-22
119900156,4,2,2
119900157,30,346,-316
119900158,72,55,17
119900159,9,2063,-2054
119900160,39,337,-298
119900161,181,503,-322
119900162,588,796,-208
119900163,159,108,51
119900164,0,1,-1
119900165,46,367,-321
119900166,27,31,-4
119900167,77,150,-73
119900168,333,581,-248
119900169,127,253,-126
119900170,122,171,-49
119900171,471,616,-145
119900172,84,13,71
119900173,4,734,-730
119900174,7,363,-356
119900175,534,796,-262
119900177,18,341,-323
119900178,12,291,-279
119900179,26,216,-190
119900180,709,714,-5
119900181,33,50,-17
119900182,8,761,-753
119900183,130,1136,-1006
119900184,4238,635,3603
119900185,14,96,-82
119900186,45,313,-268
119900187,15,887,-872
119900188,24,383,-359
119900189,403,230,173
119900190,56,158,-102
119900191,282,100,182
119900192,21,256,-235
119900193,117,224,-107
119900194,8,54,-46
119900195,21,320,-299
119900196,2827,626,2201
119900197,108,139,-31
119900198,49,480,-431
119900199,160,20,140
119900200,309,680,-371
119900201,472,196,276
119900202,241,87,154
119900203,157,266,-109
119900204,77,533,-456
119900205,230,836,-606
119900206,51,149,-98
119900208,97,158,-61
119900209,246,600,-354
119900210,7,44,-37
119900211,78,26,52
119900212,69,331,-262
119900213,0,50,-50
119900214,16,123,-107
119900215,27,137,-110
119900216,5,116,-111
119900217,5,76,-71
119900218,10,71,-61
119900219,4,177,-173
119900220,2,199,-197
119900221,12,637,-625
119900222,13,419,-406
119900223,18,184,-166
119900224,30,67,-37
119900225,1835,43,1792
119900226,1257,1276,-19
119900227,1902,557,1345
119900228,37,415,-378
119900229,260,523,-263
119900230,1753,779,974
119900231,100,278,-178
119900232,175,50,125
119900233,6,2,4
119900234,12,38,-26
119900235,1,30,-29
119900236,8,339,-331
119900237,61,793,-732
119900238,1,127,-126
119900240,37,141,-104
119900241,101,301,-200
119900242,2294,1059,1235
119900244,909,1772,-863
119900245,42,125,-83
119900246,256,243,13
119900247,16,39,-23
119900248,39,58,-19
119900249,122,50,72
119900253,5236,383,4853
119900254,27,249,-222
119900255,93,705,-612
119900256,193,2075,-1882
119900257,20,0,20
119900258,42,65,-23
119900259,12,454,-442
119900260,43,2,41
119900261,118,246,-128
119900262,38,429,-391
119900263,1141,567,574
119900264,34,378,-344
119900265,220,530,-310
119900266,96,412,-316
119900267,80,625,-545
119900268,100,366,-266
119900269,328,2441,-2113
119900271,21,126,-105
119900272,158,45,113
119900275,28,1,27
119900276,8,0,8
119900277,9,4,5
119900278,239,52,187
119900279,96,166,-70
119900280,1197,310,887
119900281,4,60,-56
119900282,64,18,46
119900283,9,505,-496
119900284,56,306,-250
119900285,15,48,-33
119900286,14,32,-18
119900288,4,47,-43
119900289,0,54,-54
119900290,3,38,-35
119900291,0,48,-48
119900292,16,10,6
119900293,18,1,17
119900294,14,0,14
119900295,0,0,0
119900296,0,0,0
119900299,19,391,-372
119900300,78,269,-191
119900301,62,17,45
119900302,31,54,-23
119900303,254,434,-180
119900304,111,15,96
119900305,33,158,-125
119900306,10,0,10
119900307,17,288,-271
119900308,11,14,-3
119900309,9,38,-29
119900310,219,463,-244
119900311,29,232,-203
119900312,82,172,-90
119900313,129,433,-304
119900314,75,266,-191
119900315,602,3686,-3084
119900318,7,20,-13
119900319,8,713,-705
119900320,146,973,-827
119900321,18,0,18
119900322,43,56,-13
119900323,2,170,-168
119900324,0,61,-61
119900325,42,674,-632
119900326,281,82,199
120000001,10131,9069,1062
120000002,2332,3899,-1567
120000003,4282,2242,2040
120000004,3334,2840,494
120000005,6098,2479,3619
120000006,1306,1484,-178
120000007,4002,2558,1444
120000008,1127,1715,-588
120000009,6230,1181,5049
120000010,1654,4220,-2566
120000011,1099,2817,-1718
120000012,1758,4294,-2536
120000013,2325,3600,-1275
120000014,594,2127,-1533
120000015,2962,1992,970
120000016,3567,2735,832
120000017,1870,1896,-26
120000018,6153,7663,-1510
120000019,981,1118,-137
120000020,3032,2685,347
120000021,1902,1915,-13
120000022,3270,3433,-163
120000023,872,1831,-959
120000024,1564,2524,-960
120000025,1788,2802,-1014
120000026,899,2258,-1359
120000027,1474,1884,-410
120000028,540,343,197
120000029,3578,506,3072
120000030,256,686,-430
120000031,2273,5850,-3577
120000032,13441,3889,9552
120000033,2713,2052,661
120000034,1020,3007,-1987
120000035,1298,3100,-1802
120000036,2378,4547,-2169
120000037,565,984,-419
120000038,13595,3787,9808
120000039,465,1217,-752
120000040,66,111,-45
120000041,465,2431,-1966
120000042,1415,5746,-4331
120000043,4507,3332,1175
120000044,2750,1242,1508
120000045,2970,1157,1813
120000046,1527,1706,-179
120000047,2735,3259,-524
120000048,11061,3553,7508
120000049,2532,3258,-726
120000050,3107,5395,-2288
120000051,4687,4539,148
120000052,19200,2989,16211
120000053,894,5279,-4385
120000054,1477,8790,-7313
120000055,997,5607,-4610
120000056,2987,6223,-3236
120000057,1461,1032,429
120000058,421,201,220
120000059,92,1184,-1092
120000061,88,1362,-1274
120000062,355,316,39
120000063,1963,3844,-1881
120000064,149,2216,-2067
120000065,439,2439,-2000
120000066,120,625,-505
120000067,54,749,-695
120000068,134,1419,-1285
120000069,459,2018,-1559
120000070,16,1357,-1341
120000071,127,244,-117
120000072,181,617,-436
120000073,308,105,203
120000074,89,99,-10
120000075,244,261,-17
120000076,805,329,476
120000077,810,416,394
120000078,3168,593,2575
120000079,76,87,-11
120000080,59,112,-53
120000081,203,114,89
120000082,115,105,10
120000083,44,204,-160
120000084,467,818,-351
120000085,409,679,-270
120000086,246,983,-737
120000087,141,1589,-1448
120000088,703,1681,-978
120000089,745,668,77
120000090,357,538,-181
120000091,489,986,-497
120000092,833,610,223
120000093,188,676,-488
120000094,152,510,-358
120000095,757,907,-150
120000096,191,1495,-1304
120000098,655,1360,-705
120000099,229,912,-683
120000100,579,1309,-730
120000101,389,591,-202
120000102,400,526,-126
120000103,907,418,489
120000104,1205,250,955
120000105,1257,268,989
120000106,1154,337,817
120000107,1472,369,1103
120000108,498,108,390
120000109,566,79,487
120000110,85,1134,-1049
120000111,103,1868,-1765
120000112,661,5844,-5183
120000113,443,4070,-3627
120000114,578,3520,-2942
120000115,295,2936,-2641
120000116,687,2716,-2029
120000117,1617,2166,-549
120000118,20,26,-6
120000119,37,34,3
120000120,54,46,8
120000121,34,50,-16
120000122,285,249,36
120000123,8290,2825,5465
120000124,336,677,-341
120000125,216,799,-583
120000126,232,706,-474
120000127,1593,674,919
120000128,3339,1878,1461
120000129,206,321,-115
120000130,819,898,-79
120000131,344,524,-180
120000134,346,1926,-1580
120000135,136,363,-227
120000137,142,3223,-3081
120000138,217,620,-403
120000139,131,1445,-1314
120000140,274,855,-581
120000141,121,756,-635
120000142,181,796,-615
120000143,2,142,-140
120000144,31,0,31
120000145,166,4,162
120000146,2863,824,2039
120000149,476,1290,-814
120000150,7365,8688,-1323
120000151,454,517,-63
120000152,215,320,-105
120000153,128,1078,-950
120000154,532,466,66
120000155,124,196,-72
120000156,2018,491,1527
120000157,950,847,103
120000158,639,1285,-646
120000159,2200,2922,-722
120000160,2277,1440,837
120000161,1079,3152,-2073
120000162,96,215,-119
120000163,217,1887,-1670
120000164,189,630,-441
120000165,209,1267,-1058
120000166,520,800,-280
120000167,14,37,-23
120000168,6,107,-101
120000169,162,257,-95
120000170,171,194,-23
120000171,36,48,-12
120000172,21,24,-3
120000173,2977,171,2806
120000174,415,10,405
120000175,505,13,492
120000176,209,78,131
120000177,1872,542,1330
120000178,282,13,269
120000179,568,39,529
120000180,904,78,826
120000181,213,136,77
120000182,86,101,-15
120000183,12,167,-155
120000184,121,2084,-1963
120000186,47,55,-8
120000187,97,40,57
120000188,239,68,171
120000190,1286,9,1277
120000191,2078,20,2058
120000192,2192,13,2179
120000193,760,7,753
120000195,109,0,109
120000196,472,34,438
120000197,94,149,-55
120000198,132,234,-102
120000199,46,0,46
120000200,49,0,49
120000201,16,15,1
120000202,0,83,-83
120000203,20,656,-636
120000207,2,137,-135
120000208,16,431,-415
120000209,4,154,-150
120000210,208,115,93
120000211,57,3,54
120000212,52,0,52
120000213,60,641,-581
120000214,3,677,-674
120000215,7,223,-216
120000216,32,12,20
120000217,1100,1768,-668
120000218,299,1713,-1414
120000219,12,1141,-1129
120000220,17,3942,-3925
120000225,576,1,575
120000226,173,11,162
120000227,659,37,622
120000228,9946,2161,7785
120000230,135,22,113
120000231,452,3387,-2935
120000233,65,12,53
120000235,95,1049,-954
120000236,573,3,570
120000237,6,2936,-2930
120000238,0,145,-145
120000241,1215,3471,-2256
120000412,2477,27,2450
120000413,81,673,-592
120000414,25,4,21
120000415,4,229,-225
120000416,35,2,33
120000417,3,139,-136
120000418,54,10,44
120000419,18,746,-728
120000420,129,41,88
120000421,20720,7609,13111
120000422,338,441,-103
120000423,3,52,-49
120000424,32,274,-242
120000436,147,336,-189
120000437,215,271,-56
120000438,6405,438,5967
120000439,154,239,-85
120000443,86,1,85
120000444,521,766,-245
120000445,1544,1303,241
120000446,1244,415,829
120000447,107,9,98
120000449,42,5,37
120000450,4,556,-552
120000451,109,270,-161
120000452,84,2,82
120000453,0,542,-542
120000454,63,26,37
120000455,44,70,-26
120000456,3850,2692,1158
120000457,1766,1423,343
120000458,592,967,-375
120000459,63,87,-24
120000665,1225,165,1060
120000668,83,173,-90
120000669,65,562,-497
120000670,292,446,-154
120000671,490,287,203
120000672,77,681,-604
120900001,27,34,-7
120900002,201,281,-80
120900003,126,33,93
120900004,26,45,-19
120900005,8,1640,-1632
120900006,102,210,-108
120900007,46,198,-152
120900008,157,1553,-1396
120900009,371,109,262
120900010,286,37,249
120900011,417,133,284
120900012,1404,652,752
120900013,169,19,150
120900014,3,1150,-1147
120900015,276,89,187
120900016,308,53,255
120900017,3687,146,3541
120900018,36,668,-632
120900019,391,110,281
120900020,676,564,112
120900021,307,46,261
120900022,17,566,-549
120900023,79,47,32
120900024,1621,480,1141
120900025,2627,838,1789
120900026,79,178,-99
120900027,604,122,482
120900028,146,36,110
120900029,97,208,-111
120900030,680,439,241
120900031,100,38,62
120900032,362,168,194
120900033,409,25,384
120900034,150,1787,-1637
120900035,57,148,-91
120900037,77,6,71
120900038,34,116,-82
120900039,36,23,13
120900040,116,1,115
120900041,100,27,73
120900042,120,71,49
120900043,19,13,6
120900044,103,631,-528
120900045,165,177,-12
120900046,178,1,177
120900047,89,15,74
120900048,53,21,32
120900049,150,1,149
120900050,5335,900,4435
120900051,134,139,-5
120900052,317,3,314
120900053,93,95,-2
120900054,1437,1034,403
120900055,109,1,108
120900056,169,6,163
120900057,54,17,37
120900058,223,0,223
120900059,14,0,14
120900060,48,39,9
120900061,243,417,-174
120900062,54,0,54
120900063,176,3,173
120900064,141,0,141
120900065,106,1,105
120900066,90,557,-467
120900067,109,21,88
120900068,70,0,70
120900069,91,131,-40
120900071,32,0,32
120900072,258,2,256
120900073,198,412,-214
120900074,315,7,308
120900076,104,2,102
120900077,5111,342,4769
120900078,351,852,-501
120900079,285,90,195
120900080,222,3419,-3197
120900081,233,1866,-1633
120900082,661,259,402
120900083,22,1,21
120900084,112,154,-42
120900085,193,73,120
120900086,232,129,103
120900087,260,80,180
120900088,152,181,-29
120900089,6580,1331,5249
120900090,47,266,-219
120900091,380,265,115
120900092,955,1082,-127
120900093,6247,384,5863
120900094,604,281,323
120900095,390,34,356
120900096,23,155,-132
120900097,615,1584,-969
120900098,320,258,62
120900099,55,129,-74
120900100,69,606,-537
120900101,515,500,15
120900102,20,131,-111
120900103,30,125,-95
120900104,127,58,69
120900105,28,1412,-1384
120900106,1546,922,624
120900107,538,257,281
120900108,6,1634,-1628
120900109,22,1134,-1112
120900110,8,936,-928
120900111,99,435,-336
120900112,8,1776,-1768
120900113,10,1420,-1410
120900114,29,352,-323
120900115,163,144,19
120900116,110,845,-735
120900117,2,833,-831
120900118,8,1302,-1294
120900119,5277,4313,964
120900120,45,1096,-1051
120900121,58,595,-537
120900122,127,883,-756
120900123,2,805,-803
120900124,2,969,-967
120900125,7,1672,-1665
120900126,1516,955,561
120900127,8,877,-869
120900128,982,1188,-206
120900129,65,593,-528
120900130,8,661,-653
120900131,18,76,-58
120900132,397,493,-96
120900133,219,1722,-1503
120900134,284,671,-387
120900135,3,983,-980
120900136,8,16,-8
120900137,91,112,-21
120900138,10,354,-344
120900139,6,1211,-1205
120900140,1,79,-78
120900141,66,96,-30
120900142,20,1317,-1297
120900143,0,1481,-1481
120900144,0,348,-348
120900145,76,1149,-1073
120900146,5,1533,-1528
120900147,1,486,-485
120900148,77,160,-83
120900149,2,564,-562
120900150,23,844,-821
120900151,1,1046,-1045
120900152,0,80,-80
120900153,4,113,-109
120900154,1,454,-453
120900155,99,1596,-1497
120900156,15,462,-447
120900157,34,393,-359
120900158,12,748,-736
120900159,49,927,-878
120900160,29,501,-472
120900161,22,1297,-1275
120900162,16,1453,-1437
120900163,10,156,-146
120900164,1,5,-4
120900165,0,6,-6
120900166,45,133,-88
120900167,160,81,79
120900169,32,832,-800
120900170,3653,1382,2271
120900171,1644,467,1177
120900172,1630,130,1500
120900173,1,75,-74
120900174,6,138,-132
120900175,274,269,5
120900176,12,206,-194
120900177,1,446,-445
120900178,1,263,-262
120900179,798,534,264
120900180,128,105,23
120900181,40,55,-15
120900182,11,477,-466
120900183,548,87,461
120900184,195,90,105
120900185,6,570,-564
120900186,2,661,-659
120900187,259,653,-394
120900188,63,16,47
120900189,129,378,-249
120900190,30,11,19
120900191,2,64,-62
120900192,19753,2350,17403
120900194,57,71,-14
120900195,177,446,-269
120900196,515,98,417
120900197,320,56,264
120900198,248,873,-625
120900199,216,159,57
120900200,145,103,42
120900201,1003,213,790
120900202,0,341,-341
120900203,22,48,-26
120900204,429,558,-129
120900205,87,159,-72
120900206,9,18,-9
120900207,61,1728,-1667
121000001,1151,1421,-270
121000002,1873,1067,806
121000003,5848,2360,3488
121000004,3105,3126,-21
121000005,2655,2835,-180
121000006,3656,1320,2336
121000007,3537,3327,210
121000008,5221,2581,2640
121000009,10152,6034,4118
121000010,11784,3828,7956
121000011,17206,11567,5639
121000012,23275,7955,15320
121000013,6408,7152,-744
121000014,8410,6421,1989
121000015,4955,6111,-1156
121000016,5186,3835,1351
121000017,1994,3803,-1809
121000018,2247,2063,184
121000019,23514,8368,15146
121000020,14241,8357,5884
121000021,3060,3168,-108
121000022,1628,1624,4
121000023,4788,3396,1392
121000024,2774,3194,-420
121000025,598,844,-246
121000026,273,120,153
121000027,1463,891,572
121000028,664,524,140
121000029,1042,849,193
121000030,486,451,35
121000031,530,655,-125
121000032,213,90,123
121000034,355,154,201
121000035,124,63,61
121000036,1138,831,307
121000037,548,635,-87
121000038,516,506,10
121000039,308,444,-136
121000041,416,524,-108
121000042,229,286,-57
121000043,908,589,319
121000044,1938,760,1178
121000045,396,359,37
121000046,286,898,-612
121000047,35,84,-49
121000049,2188,691,1497
121000050,339,1141,-802
121000051,636,478,158
121000052,186,577,-391
121000053,460,81,379
121000054,32,210,-178
121000055,1739,1019,720
121000056,1006,1103,-97
121000057,133,424,-291
121000058,444,118,326
121000059,2371,1113,1258
121000060,472,748,-276
121000061,99,186,-87
121000062,130,221,-91
121000063,725,469,256
121000064,505,758,-253
121000065,539,389,150
121000066,624,545,79
121000067,1350,384,966
121000068,624,591,33
121000069,1151,203,948
121000070,2156,1470,686
121000071,753,882,-129
121000072,1093,882,211
121000073,849,723,126
121000074,103,125,-22
121000075,156,45,111
121000076,1956,347,1609
121000077,121,88,33
121000078,90,110,-20
121000080,3435,633,2802
121000081,3127,1949,1178
121000082,189,327,-138
121000083,287,118,169
121000084,235,122,113
121000085,428,531,-103
121000086,173,1011,-838
121000087,67,277,-210
121000088,338,693,-355
121000089,708,245,463
121000090,419,367,52
121000091,2325,723,1602
121000092,97,90,7
121000093,127,227,-100
121000094,461,466,-5
121000095,328,624,-296
121000096,2952,2484,468
121000097,2082,1782,300
121000098,263,1627,-1364
121000099,401,1052,-651
121000100,405,693,-288
121000101,137,361,-224
121000102,102,553,-451
121000103,70,436,-366
121000104,93,248,-155
121000105,246,360,-114
121000106,185,451,-266
121000107,2322,4411,-2089
121000109,1977,1196,781
121000110,540,384,156
121000114,2651,2557,94
121000115,847,873,-26
121000116,587,898,-311
121000117,1444,277,1167
121000118,1059,313,746
121000119,164,333,-169
121000120,160,550,-390
121000121,450,1068,-618
121000123,1646,763,883
121000126,107,263,-156
121000127,194,97,97
121000128,343,661,-318
121000129,426,561,-135
121000130,423,1465,-1042
121000131,2906,1105,1801
121000132,1527,1134,393
121000135,595,525,70
121000136,1112,615,497
121000137,660,162,498
121000138,851,931,-80
121000139,699,177,522
121000141,236,109,127
121000142,1059,548,511
121000143,186,17,169
121000144,1413,981,432
121000145,330,1521,-1191
121000146,998,905,93
121000147,540,524,16
121000148,809,1172,-363
121000149,1653,1170,483
121000152,391,741,-350
121000153,1832,642,1190
121000154,753,622,131
121000155,1168,1129,39
121000156,510,983,-473
121000157,1835,2137,-302
121000158,400,619,-219
121000159,200,650,-450
121000160,214,848,-634
121000161,67,456,-389
121000162,30,514,-484
121000165,2407,1673,734
121000166,38,423,-385
121000168,231,309,-78
121000169,51,226,-175
121000170,206,55,151
121000171,36,191,-155
121000172,459,500,-41
121000173,1274,720,554
121000174,187,470,-283
121000175,507,670,-163
121000176,321,250,71
121000177,973,671,302
121000178,98,85,13
121000179,51,80,-29
121000181,330,442,-112
121000182,55,145,-90
121000183,25,80,-55
121000184,10,97,-87
121000185,14,161,-147
121000186,166,300,-134
121000187,132,334,-202
121000188,71,346,-275
121000192,517,393,124
121000193,670,394,276
121000194,3343,2516,827
121000195,519,1057,-538
121000196,870,223,647
121000197,221,888,-667
121000198,150,67,83
121000199,137,529,-392
121000200,238,91,147
121000201,5,221,-216
121000202,385,93,292
121000203,598,3244,-2646
121000204,1269,644,625
121000205,228,331,-103
121000206,116,29,87
121000207,1070,545,525
121000208,9,488,-479
121000209,99,564,-465
121000210,157,685,-528
121000211,103,173,-70
121000212,314,1067,-753
121000213,11592,2590,9002
121000214,945,1448,-503
121000215,1457,832,625
121000216,417,411,6
121000217,4767,2308,2459
121000218,484,1986,-1502
121000219,1234,335,899
121000220,395,91,304
121000221,169,249,-80
121000222,3036,2586,450
121000223,518,354,164
121000224,251,160,91
121000225,1069,1083,-14
121000226,1746,668,1078
121000227,3,252,-249
121000228,15,1053,-1038
121000229,71,671,-600
121000230,91,2212,-2121
121000231,412,41,371
121000232,526,201,325
121000233,444,331,113
121000234,5,36,-31
121000235,41,60,-19
121000236,3,39,-36
121000237,30,37,-7
121000238,1,107,-106
121000239,18,8,10
121000240,9,194,-185
121000241,115,15,100
121000242,35,143,-108
121000243,253,65,188
121000244,0,73,-73
121000245,9,12,-3
121000246,5,73,-68
121000247,27,5,22
121000248,783,580,203
121000249,53,285,-232
121000250,188,92,96
121000251,20,756,-736
121000252,42,35,7
121000253,221,746,-525
121000254,400,258,142
121000255,130,214,-84
121000256,210,223,-13
121000257,60,69,-9
121000258,100,110,-10
121000259,12,40,-28
121000260,31,117,-86
121000261,18,37,-19
121000262,1390,590,800
121000263,361,610,-249
121000271,283,1730,-1447
121000273,52,15,37
121000274,2,45,-43
121000275,0,23,-23
121000276,1,9,-8
121000278,51,84,-33
121000279,31,24,7
121000280,27,33,-6
121000289,164,34,130
121000290,1246,740,506
121000294,54,260,-206
121000297,984,677,307
121000299,126,217,-91
121000300,909,577,332
121000302,105,786,-681
121000303,442,345,97
121000304,444,60,384
121000305,106,44,62
121000306,43,116,-73
121000308,149,363,-214
121000309,386,719,-333
121000310,45,472,-427
121000311,92,892,-800
121000312,424,201,223
121000313,671,673,-2
121000314,122,125,-3
121000315,56,67,-11
121000530,757,1640,-883
121000531,983,1565,-582
121000532,5954,4464,1490
121000533,2655,2714,-59
121000918,14,332,-318
121000919,15,45,-30
121000938,391,122,269
121000939,430,109,321
121000956,431,1705,-1274
121000957,2,8,-6
121000958,105,43,62
121000959,216,1237,-1021
121000960,1173,2707,-1534
121000961,125,35,90
121000962,338,719,-381
121000973,0,250,-250
121000976,7,151,-144
121000979,288,69,219
121000981,417,126,291
121000982,148,270,-122
121000983,263,542,-279
121000984,18,44,-26
121000985,282,1004,-722
121000986,158,462,-304
121000987,209,1859,-1650
121000988,359,105,254
121001302,466,140,326
121001308,7,13,-6
121001309,81,42,39
121001311,0,0,0
121001313,58,474,-416
121001314,5541,4559,982
121001315,4493,1869,2624
121001318,0,0,0
121900001,61,185,-124
121900002,20,18,2
121900003,316,39,277
121900004,101,367,-266
121900005,6,6,0
121900006,98,22,76
121900007,2397,2637,-240
121900008,3413,157,3256
121900009,553,17,536
121900010,291,3,288
121900011,445,510,-65
121900012,1,0,1
121900013,974,43,931
121900014,1013,492,521
121900015,153,162,-9
121900016,7,19,-12
121900017,281,602,-321
121900018,300,6,294
121900019,168,245,-77
121900020,21,1,20
121900021,671,9,662
121900022,163,158,5
121900023,78,426,-348
121900024,483,56,427
121900025,490,350,140
121900026,219,53,166
121900027,330,120,210
121900028,324,30,294
121900029,161,218,-57
121900030,504,511,-7
121900031,1174,3470,-2296
121900032,90,75,15
121900033,140,147,-7
121900034,205,106,99
121900035,2937,1576,1361
121900036,38,379,-341
121900037,159,701,-542
121900038,24,136,-112
121900039,382,38,344
121900040,46,116,-70
121900041,162,132,30
121900042,274,138,136
121900043,8,3,5
121900044,349,38,311
121900046,274,215,59
121900047,147,42,105
121900048,19,171,-152
121900050,17,29,-12
121900051,87,208,-121
121900052,64,41,23
121900053,186,188,-2
121900054,461,829,-368
121900055,1,12,-11
121900058,91,385,-294
121900059,220,147,73
121900060,54,370,-316
121900061,126,123,3
121900062,83,66,17
121900063,594,249,345
121900064,144,972,-828
121900066,22,38,-16
121900067,12,22,-10
121900069,248,155,93
121900070,198,94,104
121900071,94,294,-200
121900072,16,173,-157
121900073,215,232,-17
121900074,648,505,143
121900075,416,218,198
121900076,205,604,-399
121900077,2,22,-20
121900078,33,54,-21
121900079,0,0,0
121900080,506,552,-46
121900082,19,101,-82
121900084,4,269,-265
121900085,1,14,-13
121900086,14,52,-38
121900087,275,108,167
121900088,3636,1994,1642
121900089,51,471,-420
121900090,2,161,-159
121900091,11,136,-125
121900092,34,171,-137
121900093,57,81,-24
121900094,13,7,6
121900095,164,150,14
121900096,1899,406,1493
121900097,210,139,71
121900098,0,6,-6
121900099,94,119,-25
121900100,169,159,10
121900101,70,102,-32
121900102,9,115,-106
121900103,536,207,329
121900104,782,230,552
121900105,101,72,29
121900106,4,2,2
121900107,8,40,-32
121900108,1,15,-14
121900109,398,102,296
121900110,142,1691,-1549
121900111,795,102,693
121900112,328,119,209
121900113,47,186,-139
121900114,14,61,-47
121900117,220,16,204
121900118,2566,340,2226
121900119,84,144,-60
121900120,27,1681,-1654
121900121,730,79,651
121900122,12,43,-31
121900123,263,470,-207
121900124,98,228,-130
121900125,1202,1228,-26
121900127,13,84,-71
121900128,51,189,-138
121900129,1342,88,1254
121900130,104,228,-124
121900131,136,82,54
121900132,20,236,-216
121900133,52,160,-108
121900134,10,120,-110
121900135,2921,329,2592
121900136,92,539,-447
121900137,33,286,-253
121900138,211,261,-50
121900139,357,445,-88
121900140,22,179,-157
121900141,35,27,8
121900142,35,160,-125
121900143,2,124,-122
121900144,216,393,-177
121900145,156,233,-77
121900146,667,846,-179
121900147,64,225,-161
121900148,133,247,-114
121900149,357,820,-463
121900150,58,172,-114
121900151,48,216,-168
121900152,64,176,-112
121900153,81,492,-411
121900154,11,166,-155
121900155,0,89,-89
121900156,146,92,54
121900157,6,522,-516
121900158,39,109,-70
121900159,1,234,-233
121900160,49,239,-190
121900161,612,358,254
121900162,108,108,0
121900163,60,801,-741
121900164,365,226,139
121900165,154,211,-57
121900166,82,194,-112
121900167,162,79,83
121900168,216,101,115
121900169,6,384,-378
121900170,4,228,-224
121900171,554,572,-18
121900172,220,360,-140
121900173,966,158,808
121900174,13,35,-22
121900175,63,186,-123
121900176,540,1957,-1417
121900177,146,55,91
121900178,20,86,-66
121900179,168,140,28
121900180,7340,2571,4769
121900182,494,365,129
121900183,370,665,-295
121900184,42,631,-589
121900186,29,409,-380
121900187,19,114,-95
121900188,651,311,340
121900189,28,127,-99
121900190,167,558,-391
121900191,139,162,-23
121900192,513,579,-66
121900193,24,252,-228
121900194,3,162,-159
121900195,108,97,11
121900196,783,1168,-385
121900197,308,2356,-2048
121900198,1093,989,104
121900199,1,39,-38
121900200,38,230,-192
121900201,1190,518,672
121900202,144,450,-306
121900203,365,785,-420
121900204,1509,813,696
121900205,6,113,-107
121900206,7,9,-2
121900207,210,35,175
121900208,153,306,-153
121900209,28,24,4
121900210,1070,1080,-10
121900211,26,103,-77
121900212,122,138,-16
121900213,53,129,-76
121900214,4,424,-420
121900215,55,115,-60
121900216,23,84,-61
121900217,234,72,162
121900218,279,451,-172
121900220,189,10,179
121900221,254,638,-384
121900222,75,216,-141
121900223,76,59,17
121900224,60,59,1
121900225,85,65,20
121900226,261,1777,-1516
121900227,124,328,-204
121900228,209,289,-80
121900230,93,60,33
121900231,721,253,468
121900232,455,354,101
121900233,293,263,30
121900234,220,406,-186
121900235,293,297,-4
121900236,222,189,33
121900237,125,242,-117
121900238,131,232,-101
121900239,130,55,75
121900240,186,176,10
121900241,19,76,-57
121900242,1,0,1
121900243,1,0,1
121900244,7,1,6
121900245,143,163,-20
121900246,1254,471,783
121900247,225,261,-36
121900248,1381,751,630
121900250,379,288,91
121900251,348,20,328
121900252,923,139,784
121900253,135,794,-659
121900254,827,287,540
121900255,118,78,40
121900258,2706,1787,919
121900259,379,397,-18
121900260,43,207,-164
121900261,148,356,-208
121900262,423,708,-285
121900263,98,306,-208
121900264,2777,1467,1310
121900265,196,355,-159
121900266,224,213,11
121900267,25,23,2
121900269,151,329,-178
121900270,13,165,-152
121900271,27,204,-177
121900273,399,1263,-864
121900274,159,227,-68
121900277,316,1694,-1378
121900278,92,916,-824
121900279,164,339,-175
121900280,168,296,-128
121900281,999,81,918
121900284,419,18,401
121900286,73,242,-169
121900287,10,24,-14
121900288,1,2,-1
121900290,219,239,-20
121900291,430,520,-90
121900292,142,72,70
121900293,1070,3515,-2445
121900294,337,5,332
121900295,50,272,-222
121900296,227,34,193
121900298,398,406,-8
121900299,0,0,0
121900300,14,0,14
121900301,12,1,11
121900302,0,57,-57
121900303,208,559,-351
121900304,1,3,-2
121900305,0,1,-1
121900306,41,1,40
121900307,12,27,-15
121900308,13,358,-345
121900309,19,321,-302
121900310,54,544,-490
121900311,134,7,127
121900312,101,6,95
121900313,214,28,186
121900314,1,58,-57
121900315,7,0,7
121900316,0,14,-14
121900317,7,2,5
121900318,4,15,-11
121900319,4,43,-39
121900320,63,50,13
121900321,1,3,-2
121900322,1,23,-22
121900323,10,14,-4
121900324,5,32,-27
121900325,0,1,-1
121900326,0,27,-27
121900327,2,59,-57
121900328,0,38,-38
121900329,2,211,-209
121900330,0,45,-45
121900331,96,5,91
121900332,66,28,38
121900333,5,4,1
121900334,1,2,-1
122000001,2788,3162,-374
122000002,6011,1317,4694
122000003,2498,1412,1086
122000004,3280,1039,2241
122000005,3359,973,2386
122000006,2483,443,2040
122000007,1135,955,180
122000008,7430,3800,3630
122000009,711,215,496
122000010,2291,2376,-85
122000011,4043,918,3125
122000012,1236,939,297
122000013,2034,1314,720
122000014,1406,1933,-527
122000015,1245,946,299
122000016,370,764,-394
122000017,1109,1082,27
122000018,1259,1191,68
122000019,738,1518,-780
122000020,253,178,75
122000021,666,377,289
122000022,1406,1591,-185
122000023,533,2881,-2348
122000024,1159,829,330
122000025,2545,1107,1438
122000026,2263,727,1536
122000027,698,4545,-3847
122000028,809,307,502
122000029,419,251,168
122000030,459,85,374
122000031,128,157,-29
122000032,1432,2843,-1411
122000033,894,819,75
122000034,579,563,16
122000035,373,642,-269
122000036,401,576,-175
122000037,318,218,100
122000038,261,375,-114
122000039,646,451,195
122000040,426,276,150
122000041,449,470,-21
122000042,202,352,-150
122000043,151,96,55
122000044,143,126,17
122000045,1524,616,908
122000046,708,1029,-321
122000047,292,171,121
122000048,3119,3485,-366
122000049,5548,2373,3175
122000050,1443,566,877
122000051,360,347,13
122000052,549,197,352
122000053,101,532,-431
122000054,2264,1629,635
122000055,2270,2359,-89
122000056,5083,3215,1868
122000057,3799,2324,1475
122000058,4620,1166,3454
122000059,4064,1339,2725
122000060,1192,522,670
122000061,865,209,656
122000062,1192,285,907
122000063,1302,492,810
122000064,3964,3344,620
122000065,6011,3504,2507
122000066,1495,1183,312
122000067,1507,1501,6
122000068,858,1286,-428
122000069,602,839,-237
122000070,527,3474,-2947
122000071,884,1908,-1024
122000072,372,293,79
122000073,406,382,24
122000074,1908,1292,616
122000075,417,1246,-829
122000076,1624,1077,547
122000077,1274,693,581
122000078,3282,1741,1541
122000079,1419,734,685
122000080,814,350,464
122000081,162,222,-60
122000082,1313,762,551
122000083,1342,3700,-2358
122000084,927,845,82
122000085,194,2005,-1811
122000086,2266,4139,-1873
122000087,616,164,452
122000088,408,266,142
122000089,8346,2968,5378
122000090,333,338,-5
122000091,348,91,257
122000092,133,20,113
122000093,1562,1142,420
122000094,9017,1665,7352
122000095,5388,1946,3442
122000096,4848,1145,3703
122000098,4637,1450,3187
122000099,2315,563,1752
122000100,1855,633,1222
122000101,211,862,-651
122000102,1659,1194,465
122000103,1520,1442,78
122000104,252,202,50
122000105,234,249,-15
122000106,652,515,137
122000107,816,528,288
122000108,350,861,-511
122000109,228,317,-89
122000110,376,581,-205
122000111,2665,1089,1576
122000112,641,1151,-510
122000113,395,602,-207
122000114,3211,1468,1743
122000115,1962,1262,700
122000116,491,556,-65
122000117,1044,370,674
122000118,339,561,-222
122000119,3077,1508,1569
122000120,4148,2527,1621
122000121,4920,2617,2303
122000122,830,1366,-536
122000123,2355,1365,990
122000124,1330,501,829
122000125,636,707,-71
122000126,864,709,155
122000127,1594,912,682
122000128,683,1061,-378
122000129,322,606,-284
122000130,2245,529,1716
122000131,2232,553,1679
122000132,1234,461,773
122000133,1179,2595,-1416
122000134,453,553,-100
122000135,569,1010,-441
122000136,336,230,106
122000137,1036,646,390
122000139,1561,2657,-1096
122000140,1223,436,787
122000141,6791,954,5837
122000142,663,726,-63
122000143,711,227,484
122000144,2547,834,1713
122000145,1437,746,691
122000146,1180,965,215
122000147,865,292,573
122000148,3152,1378,1774
122000149,2139,990,1149
122000150,1198,820,378
122000151,419,357,62
122000152,582,336,246
122000153,492,306,186
122000154,408,157,251
122000155,1696,2004,-308
122000156,2886,1869,1017
122000157,2258,1228,1030
122000158,323,450,-127
122000159,1561,1874,-313
122000160,6647,864,5783
122000161,1667,551,1116
122000162,2234,1391,843
122000163,299,54,245
122000164,60,62,-2
122000165,793,754,39
122000166,912,1051,-139
122000167,255,255,0
122000168,218,466,-248
122000169,548,196,352
122000170,205,257,-52
122000171,42,86,-44
122000172,1641,1549,92
122000173,1585,1980,-395
122000174,1786,822,964
122000175,1358,322,1036
122000176,324,629,-305
122000177,1669,1341,328
122000178,3306,2434,872
122000179,2344,2584,-240
122000180,2150,909,1241
122000181,2007,2451,-444
122000182,3104,980,2124
122000183,2057,953,1104
122000184,4063,1579,2484
122000185,1708,1139,569
122000186,627,803,-176
122000187,1546,1350,196
122000188,500,235,265
122000189,308,329,-21
122000190,1029,1020,9
122000191,1017,487,530
122000192,989,368,621
122000193,425,827,-402
122000194,524,141,383
122000195,126,509,-383
122000196,919,603,316
122000197,451,783,-332
122000198,479,941,-462
122000199,287,331,-44
122000200,1173,544,629
122000201,1423,1706,-283
122000202,1059,1207,-148
122000203,3241,1467,1774
122000204,1475,1847,-372
122000205,1536,1036,500
122000206,2048,1024,1024
122000207,1099,1459,-360
122000208,2076,1589,487
122000209,2485,344,2141
122000210,1509,2405,-896
122000211,1160,1541,-381
122000212,542,438,104
122000213,1082,1062,20
122000214,1736,1607,129
122000215,2139,1394,745
122000217,1783,1534,249
122000218,625,76,549
122000219,1811,1164,647
122000220,419,919,-500
122000221,163,411,-248
122000222,645,61,584
122000223,1031,544,487
122000225,708,311,397
122000226,1164,2100,-936
122000227,226,1838,-1612
122000228,340,505,-165
122000229,22,394,-372
122000230,44,887,-843
122000231,248,822,-574
122000232,593,1158,-565
122000233,0,165,-165
122000234,119,250,-131
122000235,324,238,86
122000236,462,265,197
122000237,56,53,3
122000238,97,187,-90
122000239,419,88,331
122000240,807,393,414
122000241,660,392,268
122000242,488,121,367
122000243,105,59,46
122000244,27,606,-579
122000245,58,363,-305
122000246,157,155,2
122000247,488,1200,-712
122000248,1639,2530,-891
122000249,404,580,-176
122000250,1440,607,833
122000251,267,346,-79
122000252,678,113,565
122000253,18,295,-277
122000254,129,90,39
122000255,669,2445,-1776
122000256,349,1796,-1447
122000257,83,479,-396
122000258,74,234,-160
122000259,12,800,-788
122000260,5,142,-137
122000261,4,207,-203
122000262,2,88,-86
122000263,110,138,-28
122000264,471,487,-16
122000265,1915,847,1068
122000266,4736,614,4122
122000267,58,122,-64
122000268,126,384,-258
122000269,730,260,470
122000270,658,142,516
122000271,336,1318,-982
122000272,276,1330,-1054
122000273,252,580,-328
122000274,95,208,-113
122000275,14,138,-124
122000276,374,748,-374
122000277,636,1559,-923
122000278,529,1277,-748
122000279,154,776,-622
122000280,652,972,-320
122000281,796,821,-25
122000282,79,292,-213
122000283,164,43,121
122000284,72,90,-18
122000285,394,84,310
122000286,77,215,-138
122000287,584,1433,-849
122000288,231,247,-16
122000291,706,503,203
122000293,377,470,-93
122000294,95,195,-100
122000295,1098,146,952
122000296,49,535,-486
122000297,3506,2013,1493
122000299,477,486,-9
122000300,968,632,336
122000301,16790,2727,14063
122000302,1160,716,444
122000303,5085,1295,3790
122000304,26,175,-149
122000305,639,382,257
122000306,11,876,-865
122000307,275,114,161
122000309,49,95,-46
122000310,10,11,-1
122000311,42,54,-12
122000312,71,32,39
122000313,12,43,-31
122000314,89,237,-148
122000315,141,10,131
122000316,258,212,46
122000317,692,187,505
122000318,454,465,-11
122000319,452,577,-125
122000320,339,2574,-2235
122000321,98,388,-290
122000322,2898,2130,768
122000323,1885,1345,540
122000324,1613,1244,369
122000325,936,1062,-126
122000326,16,188,-172
122000327,258,477,-219
122000328,1282,1232,50
122000330,2545,707,1838
122000332,214,385,-171
122000333,6,244,-238
122000337,542,2503,-1961
122000338,335,517,-182
122000340,422,254,168
122000342,3459,1329,2130
122000343,387,1936,-1549
122000344,22,38,-16
122000345,14,51,-37
122000346,312,805,-493
122000348,589,917,-328
122000349,122,861,-739
122000351,73,216,-143
122000352,308,64,244
122000353,53,142,-89
122000355,109,181,-72
122000356,1827,800,1027
122000357,28,31,-3
122000358,0,97,-97
122000359,0,64,-64
122000360,1,79,-78
122000362,16,108,-92
122000364,92,545,-453
122000365,0,25,-25
122000366,4,13,-9
122000368,430,991,-561
122000370,13,79,-66
122000371,8,0,8
122000372,3,0,3
122000381,45,372,-327
122000382,52,288,-236
122000384,4941,2347,2594
122000385,16,0,16
122000386,530,765,-235
122000387,355,583,-228
122000388,1579,347,1232
122000389,203,939,-736
122000390,387,234,153
122000391,305,132,173
122000392,203,292,-89
122000393,13,224,-211
122000394,302,311,-9
122000395,100,190,-90
122000396,213,155,58
122000397,18,114,-96
122000398,6,52,-46
122000399,46,105,-59
122000400,216,298,-82
122000401,82,117,-35
122000402,175,61,114
122000403,330,1392,-1062
122000404,88,372,-284
122000408,843,1193,-350
122000503,9,90,-81
122000524,280,96,184
122000544,69,1908,-1839
122000616,793,3,790
122000640,28,234,-206
122000641,58,569,-511
122000642,745,1570,-825
122000643,12,101,-89
122000644,177,20,157
122000645,74,171,-97
122000651,2250,700,1550
122000664,127,34,93
122000665,1037,562,475
122000666,590,1117,-527
122000673,17,466,-449
122000674,64,47,17
122000675,1051,1191,-140
122000686,278,1668,-1390
122000687,597,443,154
122000688,147,992,-845
122000689,321,779,-458
122000690,526,851,-325
122000691,248,3348,-3100
122000692,1079,464,615
122000693,567,2420,-1853
122000695,147,671,-524
122000696,170,480,-310
122000698,128,1334,-1206
122000699,140,153,-13
122000701,1020,401,619
122000702,548,2461,-1913
122000703,156,48,108
122000717,197,62,135
122000718,336,373,-37
122000719,46,35,11
122000720,147,392,-245
122000724,146,28,118
122900001,24,2,22
122900002,1193,1844,-651
122900003,238,28,210
122900004,1054,24,1030
122900005,40,74,-34
122900006,457,500,-43
122900007,128,13,115
122900008,441,111,330
122900009,918,284,634
122900010,181,159,22
122900012,303,445,-142
122900014,149,337,-188
122900015,3657,403,3254
122900016,51,374,-323
122900017,540,1085,-545
122900018,230,4,226
122900019,9,196,-187
122900020,260,506,-246
122900021,40,654,-614
122900022,336,1235,-899
122900023,212,400,-188
122900024,118,87,31
122900025,13,215,-202
122900026,174,431,-257
122900027,71,662,-591
122900028,135,195,-60
122900029,5680,2314,3366
122900030,1762,452,1310
122900031,84,161,-77
122900032,129,274,-145
122900033,135,203,-68
122900034,4227,4165,62
122900035,24,16,8
122900036,9,116,-107
122900037,248,182,66
122900038,140,1705,-1565
122900039,91,455,-364
122900040,240,546,-306
122900041,205,272,-67
122900042,95,354,-259
122900043,455,235,220
122900044,80,288,-208
122900045,70,108,-38
122900046,95,163,-68
122900047,223,131,92
122900048,52,168,-116
122900049,2003,161,1842
122900051,95,130,-35
122900052,39,155,-116
122900053,8,13,-5
122900055,298,152,146
122900057,255,23,232
122900061,577,133,444
122900062,340,369,-29
122900063,125,505,-380
122900064,955,803,152
122900065,285,146,139
122900066,324,206,118
122900067,2297,1139,1158
122900068,236,545,-309
122900069,194,931,-737
122900070,196,52,144
122900071,102,481,-379
122900072,19,704,-685
122900073,66,256,-190
122900074,142,965,-823
122900075,0,77,-77
122900076,6,190,-184
122900077,1,212,-211
122900078,43,162,-119
122900080,60,18,42
122900081,126,160,-34
122900082,697,262,435
122900083,249,121,128
122900084,4,274,-270
122900086,4,33,-29
122900087,71,716,-645
122900088,66,83,-17
122900089,3,330,-327
122900090,15,754,-739
122900091,59,2,57
122900092,1,313,-312
122900093,1,535,-534
122900094,5,289,-284
122900095,88,3,85
122900096,88,357,-269
122900097,48,0,48
122900098,72,104,-32
122900099,7,4,3
122900100,349,166,183
122900101,1014,240,774
122900102,7,10,-3
122900103,18,7,11
122900104,36,3,33
122900105,6,0,6
122900106,4,113,-109
122900107,7,273,-266
122900108,14,235,-221
123000001,2233,322,1911
123000002,7302,2573,4729
123000003,4091,2494,1597
123000004,4065,4951,-886
123000005,2223,2286,-63
123000006,3530,3544,-14
123000007,2829,2594,235
123000008,2908,4668,-1760
123000009,4910,3507,1403
123000010,4317,4437,-120
123000011,3039,1025,2014
123000012,1312,2565,-1253
123000013,3725,954,2771
123000014,1671,4296,-2625
123000015,5566,792,4774
123000016,8748,2697,6051
123000017,3744,1829,1915
123000018,83,87,-4
123000019,110,526,-416
123000020,61,170,-109
123000021,69,171,-102
123000022,562,1024,-462
123000023,1240,1316,-76
123000024,885,481,404
123000025,41,95,-54
123000026,5,48,-43
123000027,362,530,-168
123000028,636,774,-138
123000029,636,642,-6
123000030,131,967,-836
123000031,149,566,-417
123000032,227,398,-171
123000033,145,56,89
123000034,616,566,50
123000035,173,279,-106
123000036,202,571,-369
123000037,146,365,-219
123000038,69,291,-222
123000039,628,962,-334
123000040,1332,375,957
123000041,923,566,357
123000042,837,441,396
123000043,4605,4435,170
123000044,8318,2367,5951
123000045,15263,1865,13398
123000046,1198,818,380
123000047,3648,1232,2416
123000048,108,345,-237
123000049,9384,3939,5445
123000050,800,989,-189
123000051,110,152,-42
123000052,564,2279,-1715
123000053,2765,2885,-120
123000054,1470,1142,328
123000055,1054,1177,-123
123000056,1217,2041,-824
123000057,22235,5163,17072
123000058,681,637,44
123000059,465,449,16
123000060,644,366,278
123000061,143,786,-643
123000063,865,652,213
123000064,874,230,644
123000065,8279,3536,4743
123000066,1489,884,605
123000067,389,762,-373
123000068,3567,3571,-4
123000069,11048,3911,7137
123000070,337,1015,-678
123000071,608,1381,-773
123000072,950,1674,-724
123000073,645,946,-301
123000074,913,2529,-1616
123000075,494,750,-256
123000076,374,1399,-1025
123000077,2213,4457,-2244
123000078,884,1938,-1054
123000079,895,2437,-1542
123000080,1766,3253,-1487
123000081,218,776,-558
123000082,442,1398,-956
123000083,826,119,707
123000084,308,834,-526
123000085,87,172,-85
123000086,151,597,-446
123000087,111,709,-598
123000088,847,1638,-791
123000089,429,1477,-1048
123000090,1122,1420,-298
123000091,1869,1514,355
123000092,1295,1210,85
123000094,330,289,41
123000095,331,677,-346
123000096,356,546,-190
123000097,268,1478,-1210
123000098,499,673,-174
123000099,507,1075,-568
123000100,566,600,-34
123000101,682,448,234
123000102,676,627,49
123000104,380,279,101
123000105,791,616,175
123000106,684,292,392
123000107,532,600,-68
123000108,1347,1375,-28
123000111,486,242,244
123000112,530,592,-62
123000113,539,2422,-1883
123000114,383,381,2
123000115,166,352,-186
123000116,29,219,-190
123000117,1578,2875,-1297
123000118,463,1265,-802
123000119,223,1333,-1110
123000120,386,1104,-718
123000121,376,679,-303
123000122,392,298,94
123000123,362,626,-264
123000124,749,618,131
123000125,1265,834,431
123000126,2470,2041,429
123000127,1998,959,1039
123000128,366,456,-90
123000129,283,205,78
123000130,440,64,376
123000131,616,487,129
123000132,423,623,-200
123000133,628,480,148
123000134,671,230,441
123000135,1286,1407,-121
123000136,213,1834,-1621
123000137,98,528,-430
123000138,60,598,-538
123000139,281,112,169
123000140,202,904,-702
123000141,906,107,799
123000142,1069,1310,-241
123000143,1175,2831,-1656
123000144,41,23,18
123000145,222,178,44
123000146,65,114,-49
123000147,67,113,-46
123000149,395,323,72
123000150,335,246,89
123000151,323,476,-153
123000152,87,376,-289
123000153,155,470,-315
123000154,3101,1697,1404
123000155,3243,1111,2132
123000156,46,93,-47
123000157,631,1047,-416
123000158,975,525,450
123000159,3057,1769,1288
123000160,545,528,17
123000161,1332,805,527
123000162,598,1413,-815
123000163,225,38,187
123000164,806,246,560
123000165,382,2384,-2002
123000166,34,177,-143
123000167,116,367,-251
123000168,222,392,-170
123000169,336,81,255
123000170,41,409,-368
123000171,145,58,87
123000172,284,857,-573
123000173,457,191,266
123000174,715,209,506
123000175,1047,1758,-711
123000176,751,118,633
123000177,435,1356,-921
123000178,533,85,448
123000179,44,948,-904
123000180,1137,275,862
123000181,360,1700,-1340
123000182,125,650,-525
123000183,190,214,-24
123000184,66,959,-893
123000185,319,413,-94
123000186,5,888,-883
123000187,339,0,339
123000188,128,0,128
123000189,150,254,-104
123000190,32,70,-38
123000192,29,509,-480
123000193,45,679,-634
123000194,589,296,293
123000195,203,14,189
123000196,169,5,164
123000197,27,117,-90
123000198,9,230,-221
123000199,7,576,-569
123000200,226,4,222
123000201,510,15,495
123000202,16,1679,-1663
123000203,506,28,478
123000204,64,1517,-1453
123000205,317,2757,-2440
123000206,1259,100,1159
123000207,90,1236,-1146
123000208,169,78,91
123000209,1066,275,791
123000210,455,2017,-1562
123000211,697,3374,-2677
123000212,1683,321,1362
123000213,291,42,249
123000215,143,111,32
123000216,192,580,-388
123000217,160,33,127
123000218,113,367,-254
123000219,1225,30,1195
123000220,392,88,304
123000221,121,208,-87
123000222,263,854,-591
123000223,113,856,-743
123000224,324,862,-538
123000225,305,136,169
123000226,156,476,-320
123000227,81,542,-461
123000228,180,74,106
123000229,1357,2171,-814
123000232,75,649,-574
123000233,574,136,438
123000234,122,822,-700
123000235,332,306,26
123000236,126,1170,-1044
123000237,198,64,134
123000238,77,835,-758
123000239,488,2557,-2069
123000240,36,280,-244
123000241,1248,143,1105
123000242,95,226,-131
123000243,360,1117,-757
123000244,782,516,266
123000245,86,159,-73
123000249,408,774,-366
123000252,663,175,488
123000253,527,355,172
123000254,384,1296,-912
123000255,719,765,-46
123000256,34,319,-285
123000257,4166,2768,1398
123000258,1214,1493,-279
123000259,135,426,-291
123000260,350,808,-458
123000261,97,282,-185
123000262,112,382,-270
123000263,283,111,172
123000264,182,65,117
123000265,72,197,-125
123000266,499,814,-315
123000267,286,308,-22
123000268,19,90,-71
123000269,24,38,-14
123000270,19,44,-25
123000271,41,105,-64
123000272,776,213,563
123000273,211,521,-310
123000274,993,396,597
123000275,380,1247,-867
123000278,3747,2788,959
123000279,47,75,-28
123000280,202,401,-199
123000281,149,104,45
123000282,73,273,-200
123000283,79,27,52
123000284,93,194,-101
123000286,309,266,43
123000287,688,283,405
123000288,896,553,343
123000289,369,799,-430
123000291,450,977,-527
123000294,158,253,-95
123000295,959,1326,-367
123000296,218,698,-480
123000297,214,1089,-875
123000298,234,1080,-846
123000299,25,395,-370
123000300,639,655,-16
123000301,104,199,-95
123000302,144,282,-138
123000303,29,196,-167
123000305,1072,897,175
123000306,41,363,-322
123000309,76,87,-11
123000310,95,18,77
123000311,0,199,-199
123000312,946,1241,-295
123000313,143,269,-126
123000315,238,498,-260
123000316,2079,35,2044
123000317,228,71,157
123000318,60,312,-252
123000329,9,17,-8
123000337,138,272,-134
123000338,521,116,405
123000339,63,296,-233
123000340,237,624,-387
123000342,8,81,-73
123000343,63,0,63
123000344,1200,385,815
123000345,412,685,-273
123000346,205,75,130
123000352,2831,954,1877
123000353,29,157,-128
123000354,119,3,116
123000355,1,507,-506
123000356,131,7,124
123000357,2,466,-464
123000359,1,323,-322
123000360,138,11,127
123000361,759,341,418
123000362,148,127,21
123000363,83,272,-189
123000364,506,334,172
123000365,36,278,-242
123000366,261,1481,-1220
123000367,275,1372,-1097
123000370,20,401,-381
123000371,326,23,303
123000372,148,18,130
123000373,9,627,-618
123000374,14,243,-229
123000375,270,18,252
123000376,599,603,-4
123000377,205,17,188
123000378,12,530,-518
123000379,3,290,-287
123000380,68,207,-139
123000381,159,62,97
123000382,1669,53,1616
123000383,330,640,-310
123000384,569,122,447
123000385,430,749,-319
123000436,48,795,-747
123000507,151,337,-186
123000508,103,340,-237
123000517,357,23,334
123000518,34,241,-207
123000519,169,68,101
123000520,69,246,-177
123000521,267,108,159
123000522,201,635,-434
123000541,1,1,0
123000542,0,27,-27
123000565,184,33,151
123000566,49,1019,-970
123000567,111,270,-159
123000573,27,1113,-1086
123000574,309,102,207
123000575,1161,1585,-424
123000576,584,2173,-1589
123000577,120,582,-462
123000578,875,139,736
123000579,6532,2633,3899
123000580,51,16,35
123000582,276,36,240
123000583,11,677,-666
123000584,122,258,-136
123000585,0,113,-113
123000586,37,0,37
123000596,150,196,-46
123000597,35,62,-27
123000602,10,2,8
123000603,239,883,-644
123000604,321,1345,-1024
123000605,695,157,538
123000606,0,227,-227
123000609,21,449,-428
123000610,110,103,7
123000613,38,115,-77
123000614,149,49,100
123000615,35,178,-143
123000616,334,60,274
123000617,53,797,-744
123000618,50,949,-899
123000619,632,28,604
123000620,11,710,-699
123000622,288,25,263
123000624,135,47,88
123000630,536,443,93
123000631,227,2461,-2234
123000632,1257,1471,-214
123000633,0,182,-182
123000634,89,37,52
123000635,315,118,197
123000636,11,893,-882
123000637,82,152,-70
123000638,346,127,219
123000639,1325,2177,-852
123000640,80,1392,-1312
123000648,121,66,55
123000649,32,741,-709
123900001,2101,85,2016
123900002,13,903,-890
123900003,379,785,-406
123900005,146,102,44
123900006,183,29,154
124000001,1396,151,1245
124000002,129,2075,-1946
124000003,396,155,241
124000004,62,915,-853
124000005,545,229,316
124000006,252,1898,-1646
124000007,579,84,495
124000008,14,496,-482
124000009,204,317,-113
124000010,103,574,-471
124000011,522,293,229
124000012,318,1120,-802
124000017,55,111,-56
124000018,84,163,-79
124000019,72,67,5
124000020,70,310,-240
124000021,70,61,9
124000022,129,352,-223
124000023,1029,1356,-327
124000024,1133,788,345
124000025,1086,1240,-154
124000026,1271,1035,236
124000027,5830,3428,2402
124000028,3668,4175,-507
124000030,4502,1377,3125
124000031,634,809,-175
124000032,5273,1177,4096
124000033,306,225,81
124000034,2545,860,1685
124000035,119,64,55
124000036,105,711,-606
124000037,529,374,155
124000038,61,119,-58
124000039,1211,270,941
124000040,832,546,286
124000041,169,45,124
124000042,76,369,-293
124000043,213,80,133
124000044,81,316,-235
124000045,452,601,-149
124000046,216,928,-712
124000047,742,920,-178
124000048,554,2430,-1876
124000049,767,638,129
124000050,511,3137,-2626
124000051,376,550,-174
124000052,434,1870,-1436
124000053,497,788,-291
124000054,802,954,-152
124000055,1138,1122,16
124000056,4762,1518,3244
124000057,633,452,181
124000058,349,1858,-1509
124000059,386,534,-148
124000060,1271,1152,119
124000061,1424,2631,-1207
124000062,10495,2107,8388
124000063,1485,1834,-349
124000064,3216,2267,949
124000065,92,243,-151
124000066,323,52,271
124000067,40,241,-201
124000068,35,115,-80
124000069,284,298,-14
124000070,174,710,-536
124000071,58,65,-7
124000072,147,717,-570
124000073,617,118,499
124000074,183,1350,-1167
124000075,91,20,71
124000076,11,359,-348
124000077,1710,921,789
124000078,3039,379,2660
124000079,819,1029,-210
124000080,192,163,29
124000081,185,1052,-867
124000082,19,118,-99
124000083,24,169,-145
124000084,119,264,-145
124000085,134,65,69
124000086,74,85,-11
124000087,73,70,3
124000088,192,359,-167
124000089,430,374,56
124000090,95,572,-477
124000091,321,141,180
124000092,111,956,-845
124000093,86,60,26
124000094,200,478,-278
124000095,76,61,15
124000096,75,404,-329
124000097,39,77,-38
124000098,62,137,-75
124000099,236,109,127
124000100,77,175,-98
124000101,25,114,-89
124000102,84,102,-18
124000103,35,78,-43
124000104,56,120,-64
124000105,29,55,-26
124000106,98,134,-36
124000107,6,75,-69
124000108,79,44,35
124000109,91,54,37
124000110,128,106,22
124000111,173,176,-3
124000112,451,871,-420
124000113,41,59,-18
124000114,196,761,-565
124000115,324,975,-651
124000116,57,76,-19
124000117,66,75,-9
124000118,36,59,-23
124000119,1077,720,357
124000120,531,572,-41
124000121,1751,622,1129
124000122,784,1171,-387
124000123,776,348,428
124000124,636,1069,-433
124000125,391,368,23
124000126,408,632,-224
124000127,574,381,193
124000128,587,1077,-490
124000129,1734,1167,567
124000130,910,736,174
124000131,919,476,443
124000132,856,772,84
124000133,560,821,-261
124000134,888,898,-10
124000135,1421,1455,-34
124000136,1093,1266,-173
124000137,1325,560,765
124000138,2350,1031,1319
124000139,385,14,371
124000140,29,378,-349
124000141,60,8,52
124000142,9,122,-113
124000143,8,11,-3
124000144,9,59,-50
124000145,34,23,11
124000146,11,145,-134
124000148,13,41,-28
124000149,756,285,471
124000150,353,597,-244
124000151,483,263,220
124000152,736,1320,-584
124000153,838,484,354
124000154,823,1019,-196
124000155,1289,615,674
124000156,1685,1131,554
124000169,229,406,-177
124000170,786,469,317
124000171,226,269,-43
124000172,471,722,-251
124000173,226,282,-56
124000174,211,921,-710
124000175,9,223,-214
124000176,39,9,30
124000177,12,50,-38
124000178,19,21,-2
124000190,255,44,211
124000191,419,124,295
124000192,1995,297,1698
124000193,444,1358,-914
124000194,451,649,-198
124000195,177,516,-339
124000196,998,1444,-446
124000197,60,74,-14
124000198,11,37,-26
124000201,367,1318,-951
124000202,450,149,301
124000203,108,1300,-1192
124000204,255,665,-410
124000205,39,682,-643
124000206,153,455,-302
124000207,1,72,-71
124000209,199,818,-619
124000210,129,241,-112
124000211,206,1,205
124000212,2,786,-784
124000213,150,434,-284
124000214,177,982,-805
124000215,89,4,85
124000216,0,711,-711
124000329,81,3228,-3147
124000338,36,1536,-1500
124000339,317,125,192
124000341,399,79,320
124000344,25,3,22
124000357,811,1399,-588
124000358,812,1022,-210
124000359,700,469,231
124000360,390,381,9
124000361,1363,705,658
124000362,1778,2461,-683
124000363,358,633,-275
124000364,532,1213,-681
124000365,711,1331,-620
124000366,2313,1051,1262
124000367,112,711,-599
124000368,204,171,33
124000369,158,103,55
124000370,89,765,-676
124000402,25,8,17
124000403,32,29,3
124000404,8,144,-136
124000405,1182,742,440
124000406,1162,901,261
124000407,4,30,-26
124000411,14,547,-533
124000412,141,16,125
124000413,303,61,242
124000414,21,105,-84
124000415,23,200,-177
124000416,79,374,-295
124000417,71,121,-50
124000418,38,183,-145
124000419,65,225,-160
124000420,26,89,-63
124000421,13,411,-398
124000422,19,7,12
124000423,127,34,93
124000424,2,150,-148
124000425,13,22,-9
124000426,6,71,-65
124000427,20,8,12
124000428,10,36,-26
124000429,28,67,-39
124000430,358,914,-556
124000431,395,943,-548
124000432,109,922,-813
124000439,6,9,-3
124000443,0,6,-6
124000445,183,474,-291
124000446,2968,132,2836
124900001,337,219,118
124900002,84,676,-592
124900003,515,591,-76
124900004,271,436,-165
124900005,244,299,-55
124900006,269,423,-154
124900008,1227,554,673
124900009,125,181,-56
124900010,96,40,56
124900011,173,120,53
124900012,377,73,304
124900013,203,69,134
124900014,134,54,80
124900015,151,159,-8
124900016,33,65,-32
124900017,502,322,180
124900018,17,5,12
124900020,66,48,18
124900021,101,23,78
124900022,23,0,23
124900024,151,3,148
124900026,73,3,70
124900027,62,180,-118
124900028,802,145,657
124900029,16,377,-361
124900030,4,165,-161
124900031,29,525,-496
124900032,286,172,114
124900033,53,554,-501
124900034,8,146,-138
124900035,135,555,-420
124900036,0,64,-64
124900037,155,389,-234
124900038,349,505,-156
124900039,0,39,-39
124900040,34,104,-70
124900041,250,1799,-1549
124900042,22,1,21
124900043,353,1532,-1179
124900044,70,1,69
124900045,663,857,-194
124900046,2125,311,1814
124900047,128,274,-146
124900048,124,206,-82
124900050,152,426,-274
124900052,99,464,-365
124900053,45,477,-432
124900054,3937,351,3586
124900055,1,125,-124
124900057,3,132,-129
124900060,76,277,-201
124900061,11,3,8
124900062,37,19,18
124900066,0,15,-15
124900067,3,215,-212
124900068,236,279,-43
124900070,32,40,-8
124900072,29,12,17
124900075,103,262,-159
124900076,29,448,-419
124900077,32,102,-70
124900078,65,4,61
124900079,794,54,740
124900080,141,975,-834
124900081,556,269,287
124900082,314,1397,-1083
124900083,147,685,-538
124900085,1672,261,1411
124900086,72,702,-630
124900087,700,93,607
124900088,884,104,780
124900089,1684,31,1653
124900090,149,229,-80
124900091,215,766,-551
124900092,150,656,-506
124900093,127,193,-66
124900094,162,265,-103
124900095,58,372,-314
124900096,727,136,591
124900097,177,53,124
124900098,122,496,-374
124900099,624,368,256
124900100,157,20,137
124900101,15,583,-568
124900102,84,8,76
124900103,92,292,-200
124900104,45,237,-192
124900105,58,206,-148
124900106,272,13,259
124900107,45,24,21
124900108,168,40,128
124900111,13,53,-40
124900112,55,1048,-993
124900113,111,116,-5
124900114,257,74,183
124900115,30,44,-14
124900116,87,92,-5
124900117,775,189,586
124900118,127,104,23
124900119,296,75,221
124900120,33,489,-456
124900121,70,141,-71
124900122,673,273,400
124900123,509,58,451
124900124,227,229,-2
204000001,27,28,-1
204000002,5,25,-20
204000003,56,5,51
204000004,10,0,10
204000005,422,304,118
204000006,878,853,25
204000011,4,75,-71
204000012,65,158,-93
204000019,469,539,-70
204000020,398,804,-406
204000021,2081,851,1230
204000022,350,578,-228
204000023,362,1601,-1239
204000031,109,34,75
204000032,639,61,578
204000034,27,400,-373
204000035,0,2,-2
204000036,6,34,-28
204000037,3,12,-9
204000038,1,42,-41
204000039,23,84,-61
204000040,6,52,-46
204000041,7,58,-51
204000042,20,22,-2
204000043,8,4,4
204000044,37,2,35
204000045,31,4,27
204000046,10,8,2
204000057,3,70,-67
204000062,17,182,-165
204000068,26,143,-117
204000069,22,198,-176
204000070,22,130,-108
204000080,17,58,-41
204000085,1320,1958,-638
204000086,3431,2560,871
204000087,51,13,38
204000088,5,108,-103
204000090,8,507,-499
204000093,165,47,118
204000096,492,604,-112
204000097,229,22,207
204000099,870,1284,-414
204000100,653,1085,-432
204000105,2080,1709,371
204000110,723,1541,-818
204000111,323,988,-665
204000112,843,1110,-267
204000113,710,1022,-312
204000114,934,501,433
204000115,320,367,-47
204000116,985,535,450
204000119,1597,1473,124
204000132,357,239,118
204000133,468,320,148
204000134,311,156,155
204000135,270,146,124
204000136,193,245,-52
204000138,151,356,-205
204000140,99,104,-5
204000141,92,63,29
204000144,6,25,-19
204000145,662,46,616
204000146,40,428,-388
204000147,21,142,-121
204000148,382,27,355
204000154,1,1,0
204000155,0,9,-9
204000177,150,69,81
204000179,7,5,2
204000180,0,44,-44
204000222,4,34,-30
204000235,8,12,-4
204000236,140,369,-229
204000238,33,43,-10
204000240,345,69,276
204000263,502,1449,-947
204000268,1074,436,638
204000308,212,29,183
204000317,8,110,-102
204000322,3,33,-30
204000323,28,10,18
204000328,213,52,161
204000329,72,60,12
204000330,177,25,152
204000331,21,177,-156
204010341,16,323,-307
205000001,1401,1412,-11
205000013,11,114,-103
205000014,16,179,-163
205000015,19,281,-262
205000016,25,214,-189
205000017,41,121,-80
205000022,363,634,-271
205000025,1606,1059,547
205000029,215,5,210
205000045,59,260,-201
205000046,67,685,-618
205000047,82,671,-589
205000048,154,1239,-1085
205000049,161,868,-707
205000050,1452,345,1107
205000059,1,393,-392
205000060,1,76,-75
205000061,5,38,-33
205000062,0,53,-53
205000063,12,78,-66
205000064,19,167,-148
205000065,76,825,-749
205000066,82,928,-846
205000067,63,1302,-1239
205000069,170,20,150
205000082,161,181,-20
205000110,62,273,-211
205000111,139,318,-179
205000112,94,191,-97
205000113,239,241,-2
205000121,160,38,122
205000123,70,213,-143
205000126,353,81,272
205000127,515,155,360
205000128,473,72,401
205000129,310,84,226
205000130,203,11,192
205000131,214,2,212
205000132,297,1,296
205000133,121,0,121
205000134,115,1,114
205000137,163,179,-16
205000138,279,357,-78
205000139,23,113,-90
205000144,73,44,29
205000145,435,143,292
205000151,126,25,101
205000152,92,26,66
205000153,146,37,109
205000154,70,49,21
205000155,58,16,42
205000207,13,210,-197
205000233,45,38,7
205000234,1,1,0
205000243,0,0,0
205000244,1,10,-9
205000245,20,366,-346
205000249,0,38,-38
205000250,2,1,1
205000264,6,120,-114
206000027,2,3,-1
206000028,2,2,0
206000043,15,168,-153
206000053,3,13,-10
206000054,6,42,-36
206000055,0,38,-38
206000075,1,5,-4
206000076,25,9,16
206000077,14,8,6
206000078,7,4,3
206000079,9,10,-1
206000082,467,23,444
206000100,79,692,-613
206000103,2,25,-23
206000104,19,32,-13
206000105,21,34,-13
206000106,16,30,-14
206000108,608,38,570
206000125,39,0,39
206000157,113,952,-839
206000170,2,295,-293
206000171,3,262,-259
206000172,7,1221,-1214
206000173,1,424,-423
206000174,7,232,-225
206000175,0,281,-281
206000176,16,444,-428
206000177,5,309,-304
206000178,3,220,-217
206000179,6,149,-143
206000180,29,282,-253
206000181,11,448,-437
206000182,14,441,-427
206000183,33,1358,-1325
206000184,6,525,-519
206000185,13,418,-405
206000186,147,2041,-1894
206000223,2,375,-373
206000226,63,3,60
206000227,20,5,15
206000237,37,489,-452
206000238,66,820,-754
206000239,654,2607,-1953
206000240,0,59,-59
206000241,0,161,-161
206000242,7,630,-623
206000243,15,509,-494
206000244,59,1321,-1262
206000245,347,52,295
206000246,56,5,51
206000247,93,7,86
206000248,144,14,130
206000252,72,19,53
206000258,22,53,-31
206000315,21,5,16
206000317,282,80,202
206000318,106,54,52
206000319,518,74,444
206000320,49,35,14
206000321,67,21,46
206000322,176,13,163
206000323,85,8,77
206000324,60,10,50
206000325,117,11,106
206000326,88,7,81
206000327,159,7,152
206000328,50,7,43
206000329,91,6,85
206000330,31,11,20
206000331,79,6,73
206000332,7,4,3
206000333,224,3,221
206000334,123,3,120
206000335,0,18,-18
206000361,6,299,-293
206000392,2,57,-55
206000405,150,0,150
206000441,16,29,-13
206000498,26,9,17
206000515,145,23,122
206000530,79,45,34
206000531,121,56,65
206000532,2203,92,2111
206000535,441,2389,-1948
206000536,13,294,-281
206000537,14,200,-186
206000613,1163,160,1003
207000001,141,378,-237
207000002,51,324,-273
207000003,119,232,-113
207000007,488,218,270
207000008,35,7,28
207000009,108,42,66
207000010,531,694,-163
207000012,221,237,-16
207000015,364,2205,-1841
207000019,159,60,99
207000021,526,141,385
207000022,44,62,-18
207000023,95,52,43
207000024,0,12,-12
207000025,18,47,-29
207000026,103,50,53
207000027,18,84,-66
207000028,58,284,-226
207000029,260,496,-236
207000033,210,202,8
207000034,205,54,151
207000039,230,165,65
207000040,132,182,-50
207000041,41,78,-37
207000042,158,60,98
207000043,170,195,-25
207000051,110,441,-331
207000052,10,247,-237
207000053,459,775,-316
207000054,20,158,-138
207000055,100,225,-125
207000056,252,488,-236
207000057,126,333,-207
207000058,71,556,-485
207000059,34,1117,-1083
207000060,28,402,-374
207000061,79,139,-60
207000062,87,38,49
207000063,135,165,-30
207000064,290,227,63
207000065,251,308,-57
207000066,78,186,-108
207000067,45,123,-78
207000068,103,59,44
207000069,683,366,317
207000082,30,427,-397
207000083,67,465,-398
207000084,133,179,-46
207000085,169,11,158
207000086,102,5,97
207000106,15,42,-27
207000107,18,23,-5
207000108,32,14,18
207000109,33,18,15
207000110,42,38,4
207000111,66,86,-20
207000112,128,299,-171
207000114,11,32,-21
207000115,7,85,-78
207000116,12,281,-269
207000117,12,103,-91
207000118,0,111,-111
207000119,12,140,-128
207000123,179,14,165
207000124,54,17,37
207000125,33,19,14
207000126,87,40,47
207000134,29,298,-269
207000135,16,359,-343
207000148,59,156,-97
207000149,64,26,38
207000152,138,419,-281
207000153,1379,987,392
207000154,372,117,255
207000159,74,385,-311
207000160,69,828,-759
207000238,2,92,-90
207000242,3,186,-183
207000248,35,24,11
207000249,125,72,53
207000250,789,59,730
207000251,92,74,18
207000252,64,60,4
207000278,52,72,-20
207000279,6,287,-281
207000280,149,85,64
207000281,56,1567,-1511
207000282,247,52,195
207000283,181,282,-101
207000284,72,117,-45
207000285,199,57,142
207000291,7,117,-110
207000304,73,63,10
207000306,63,410,-347
207000310,54,64,-10
207000353,231,5,226
207000356,8,33,-25
207000357,6,5,1
207000358,59,10,49
207000415,2,212,-210
207000417,31,2,29
207000418,114,232,-118
207000438,0,3,-3
207000439,1400,253,1147
207000446,150,3,147
207000460,5,7,-2
207000466,206,190,16
207000467,104,102,2
207000468,21,738,-717
207000476,2,91,-89
207000477,253,112,141
207000478,8,22,-14
207000523,0,8,-8
207000524,15,0,15
207000527,93,174,-81
207000530,163,8,155
207000531,199,18,181
207000532,107,16,91
207000534,792,39,753
207000535,54,206,-152
207000537,26,121,-95
207000540,14,256,-242
207000541,1,368,-367
207000548,7,427,-420
207000549,146,19,127
207000561,86,84,2
207000562,38,222,-184
207000567,172,342,-170
207000568,44,114,-70
207000569,123,1641,-1518
207000584,639,167,472
207000585,93,217,-124
207000587,2,5,-3
207000616,1,252,-251
207000617,113,0,113
207900008,99,300,-201
208000001,382,697,-315
208000002,455,512,-57
208000003,713,559,154
208000004,1028,699,329
208000005,16,16,0
208000019,475,978,-503
208000020,154,473,-319
208000021,90,549,-459
208000022,617,812,-195
208000028,1457,1013,444
208000033,345,802,-457
208000034,1113,1671,-558
208000037,497,65,432
208000040,152,188,-36
208000041,1745,481,1264
208000042,736,557,179
208000047,64,435,-371
208000064,3198,1383,1815
208000066,1424,949,475
208000070,217,530,-313
208000071,242,1010,-768
208000072,323,1339,-1016
208000080,135,343,-208
208000081,146,225,-79
208000082,185,405,-220
208000083,92,492,-400
208000084,18,22,-4
208000085,972,608,364
208000086,429,926,-497
208000087,423,907,-484
208000089,650,760,-110
208000090,461,1245,-784
208000093,101,119,-18
208000094,298,629,-331
208000095,657,399,258
208000104,794,1082,-288
208000105,503,1270,-767
208000114,54,175,-121
208000115,427,463,-36
208000116,218,1040,-822
208000117,91,152,-61
208000118,48,90,-42
208000155,549,1133,-584
208000158,1837,2526,-689
208000186,3646,1922,1724
208000204,367,1070,-703
208000205,851,1614,-763
208000282,4306,1333,2973
209000004,152,200,-48
209000005,16,22,-6
209000006,430,96,334
209000007,228,158,70
209000010,572,182,390
209000011,134,225,-91
209000012,225,274,-49
209000013,187,740,-553
209000014,824,2065,-1241
209000025,206,45,161
209000026,427,98,329
209000027,290,1244,-954
209000028,383,1316,-933
209000029,645,1261,-616
209000030,463,2173,-1710
209000031,5252,3464,1788
209000034,172,240,-68
209000035,101,133,-32
209000036,117,125,-8
209000037,187,237,-50
209000038,89,186,-97
209000039,99,171,-72
209000040,335,547,-212
209000041,156,465,-309
209000042,193,393,-200
209000043,876,812,64
209000044,205,635,-430
209000045,1004,547,457
209000046,257,517,-260
209000047,320,243,77
209000048,350,305,45
209000049,146,253,-107
209000050,234,284,-50
209000051,313,425,-112
209000052,127,440,-313
209000062,18,210,-192
209000063,19,150,-131
209000064,17,175,-158
209000065,24,38,-14
209000066,36,46,-10
209000067,29,61,-32
209000080,14,168,-154
209000082,44,50,-6
209000091,58,101,-43
209000093,95,40,55
209000094,252,134,118
209000110,47,60,-13
209000111,536,981,-445
209000112,494,459,35
209000113,1113,470,643
209000114,244,308,-64
209000115,115,246,-131
209000116,1054,702,352
209000118,38,44,-6
209000119,24,7,17
209000121,170,857,-687
209000135,65,102,-37
209000142,972,842,130
209000143,96,121,-25
209000144,57,80,-23
209000229,153,211,-58
209000240,41,504,-463
209000259,237,153,84
209000260,78,1229,-1151
209000261,13,793,-780
209000262,1,659,-658
209000263,1,126,-125
209000264,3,51,-48
209000265,604,4,600
209000266,74,13,61
209000267,323,17,306
209000268,1087,44,1043
210000037,47,21,26
210000047,44,27,17
210000048,60,33,27
210000049,59,30,29
210000052,29,196,-167
210000053,11,118,-107
210000054,41,96,-55
210000070,62,3,59
210000071,32,0,32
210000072,12,0,12
210000073,0,36,-36
210000074,1,142,-141
210000075,0,62,-62
210000076,9,158,-149
210000077,54,28,26
210000078,41,26,15
210000079,27,10,17
210000080,111,40,71
210000081,98,17,81
210000082,51,0,51
210000083,54,0,54
210000084,16,0,16
210000085,0,104,-104
210000086,6,162,-156
210000099,39,250,-211
210000100,37,297,-260
210000101,75,262,-187
210000105,71,235,-164
210000159,0,101,-101
210000163,214,213,1
210000164,378,111,267
210000168,160,34,126
210000187,0,11,-11
210000188,0,18,-18
210000214,35,0,35
210000219,30,64,-34
210000220,56,127,-71
210000232,0,26,-26
210000233,23,67,-44
210000234,32,158,-126
210000235,28,170,-142
210000245,0,40,-40
210000246,33,5,28
210000258,16,137,-121
210000259,182,12,170
210000282,62,270,-208
210000285,3,107,-104
210000286,9,231,-222
210000290,0,4,-4
210000295,47,160,-113
210000296,53,38,15
210000320,131,182,-51
210000321,46,89,-43
210000338,94,92,2
210000339,796,950,-154
210000340,163,237,-74
210000341,165,235,-70
210000342,151,214,-63
210000343,162,199,-37
210000344,213,106,107
210000345,218,123,95
210000346,65,117,-52
210000347,149,36,113
210000348,113,25,88
210000349,98,25,73
210000350,60,66,-6
210000351,103,173,-70
210000352,39,110,-71
210000353,30,120,-90
210000354,27,105,-78
210000355,56,100,-44
210000356,69,79,-10
210000357,32,50,-18
210000358,329,128,201
210000359,96,77,19
210000360,165,145,20
210000361,117,198,-81
210000362,187,202,-15
210000363,1136,165,971
210000364,114,113,1
210000365,68,49,19
210000366,92,45,47
210000367,66,20,46
210000368,102,31,71
210000369,18,29,-11
210000370,43,79,-36
210000372,31,23,8
210000373,66,11,55
210000374,41,27,14
210000375,20,89,-69
210000376,46,155,-109
210000404,154,152,2
210000439,14,77,-63
210000472,102,3,99
210000482,88,49,39
210000564,773,145,628
210000567,3,18,-15
210000568,607,7,600
211000092,29,76,-47
211000094,90,21,69
211000169,187,10,177
211000172,7,196,-189
211000209,2,22,-20
211000226,9,19,-10
211000270,20,18,2
211000275,16,31,-15
211000276,56,43,13
211000279,2,68,-66
211000281,32,88,-56
211507980,0,28,-28
211977296,5,5,0
212000003,113,59,54
212000004,85,28,57
212000005,15,19,-4
212000006,22,95,-73
212000008,126,261,-135
212000009,14,183,-169
212000012,58,90,-32
212000013,27,76,-49
212000014,190,202,-12
212000015,213,250,-37
212000016,433,676,-243
212000027,380,497,-117
212000028,227,390,-163
212000029,102,239,-137
212000030,25,32,-7
212000031,28,62,-34
212000048,29,107,-78
212000049,11,73,-62
212000050,17,8,9
212000051,153,337,-184
212000052,117,488,-371
212000053,262,696,-434
212000054,111,139,-28
212000055,123,301,-178
212000056,7,55,-48
212000057,5,45,-40
212000058,304,56,248
212000070,85,356,-271
212000077,76,845,-769
212000099,165,206,-41
212000108,129,187,-58
212000111,99,149,-50
212000120,171,129,42
212000138,91,36,55
212000156,3,147,-144
212000158,4,17,-13
212000159,187,67,120
212000160,315,218,97
212000161,34,15,19
212000310,25,20,5
212000311,7,61,-54
212000374,12,9,3
213000001,33,901,-868
213000005,343,94,249
213000006,1266,142,1124
213000007,55,7,48
213000009,511,175,336
213000010,146,199,-53
213000011,283,148,135
213000012,118,511,-393
213000014,38,6,32
213000015,192,4,188
213000016,236,0,236
213000017,24,0,24
213000018,0,283,-283
213000019,0,233,-233
213000020,44,416,-372
213000021,9,119,-110
213000023,203,199,4
213000033,251,837,-586
213000034,404,340,64
213000035,80,155,-75
213000045,110,265,-155
213000046,137,213,-76
213000047,464,788,-324
213000056,47,28,19
213000069,37,4,33
213000073,0,36,-36
213000074,259,716,-457
213000075,463,14,449
213000076,6,1,5
213000085,6,42,-36
213000086,9,320,-311
213000091,53,9,44
213000092,54,12,42
213000099,128,898,-770
213000100,1590,282,1308
213000101,127,180,-53
213000102,216,519,-303
213000103,725,890,-165
213000104,53,560,-507
213000105,1,70,-69
213000106,16,239,-223
213000107,92,822,-730
213000108,11,607,-596
213000109,2,318,-316
213000110,12,94,-82
213000111,20,50,-30
213000112,181,177,4
213000115,27,3,24
213000116,135,899,-764
213000117,3,1031,-1028
213000118,216,332,-116
213000119,47,1008,-961
213000120,85,1070,-985
213000122,338,1283,-945
213000123,1028,2493,-1465
213000124,88,2557,-2469
213000125,119,15,104
213000126,79,80,-1
213000127,289,155,134
213000128,986,632,354
213000129,674,410,264
213000130,314,160,154
213000132,133,97,36
213000133,191,106,85
213000134,499,71,428
213000136,297,23,274
213000137,419,71,348
213000139,521,13,508
213000147,19,4,15
213000148,6,6,0
213000149,30,2,28
213000150,0,75,-75
213000151,0,84,-84
213000152,1,68,-67
213000153,1,47,-46
213000154,14,290,-276
213000155,19,451,-432
213000156,70,795,-725
213000157,902,783,119
213000158,263,840,-577
213000159,348,697,-349
213000163,349,84,265
213000165,649,168,481
213000171,0,204,-204
213000172,2,437,-435
213000173,3,405,-402
213000174,1,319,-318
213000175,10,192,-182
213000176,17,20,-3
213000177,19,2,17
213000178,33,0,33
213000179,100,0,100
213000180,59,0,59
213000184,76,484,-408
213000188,406,87,319
213000189,140,47,93
213000190,736,1072,-336
213000191,175,796,-621
213000192,106,1024,-918
213000193,1625,213,1412
213000194,5,33,-28
213000195,12,594,-582
213000196,185,1148,-963
213000197,262,313,-51
213000198,25,3,22
213000200,112,1227,-1115
213000201,127,61,66
213000202,15,848,-833
213000203,3264,405,2859
213000204,475,41,434
213000205,193,55,138
213000206,203,57,146
213000207,75,12,63
213000208,169,0,169
213000209,79,1,78
213000210,171,0,171
213000211,1,5,-4
213000212,20,33,-13
213000213,5,36,-31
213000218,154,1121,-967
213000219,400,19,381
213000220,357,13,344
213000223,276,114,162
213000224,106,36,70
213000225,32,5,27
213000226,27,3,24
213000227,496,187,309
213000228,135,66,69
213000229,831,21,810
213000230,223,18,205
213000232,95,331,-236
213000233,2,30,-28
213000234,3,28,-25
213000293,14,70,-56
213000294,75,12,63
213000295,13,83,-70
213000296,81,14,67
213000297,9,128,-119
213000298,21,132,-111
213000299,67,41,26
213000300,54,4,50
213000303,13,39,-26
213000304,4,9,-5
213000305,0,10,-10
213000306,78,20,58
213000307,293,114,179
213000308,147,359,-212
213000309,140,58,82
213000310,209,146,63
213000311,349,586,-237
213000315,72,170,-98
213000316,53,58,-5
213000322,60,191,-131
213000323,41,134,-93
213000324,20,83,-63
213000325,9,141,-132
213000326,13,44,-31
213000327,7,89,-82
213000328,11,82,-71
213000329,28,72,-44
213000340,134,1251,-1117
213000341,199,87,112
213000346,159,119,40
213000347,1170,208,962
213000348,59,241,-182
213000349,222,13,209
213000350,218,1619,-1401
213000366,33,335,-302
213000367,104,35,69
213000379,200,355,-155
213000386,5,253,-248
213000406,127,475,-348
213000417,875,402,473
213000425,68,80,-12
213000426,57,103,-46
213000427,12,470,-458
213000428,25,310,-285
213000429,46,1,45
213000430,46,1502,-1456
213000431,92,3,89
213000432,0,7,-7
213000433,8,162,-154
213000434,41,116,-75
213000435,58,111,-53
213000436,10,100,-90
213000437,1,31,-30
213000438,117,108,9
213000439,15,12,3
213000440,5,222,-217
213000441,0,0,0
213000442,1,48,-47
213000443,469,328,141
213000444,16,110,-94
213000445,0,129,-129
213000446,0,5,-5
213000447,9,47,-38
213000448,1,66,-65
213000449,106,2,104
213000450,19,46,-27
213000451,114,89,25
213000452,6,11,-5
213000453,30,443,-413
213000455,892,3,889
213000456,0,498,-498
213000481,8,1,7
213000482,120,0,120
213000489,790,43,747
213000491,1,101,-100
213000492,191,2,189
213000493,0,52,-52
213000494,75,180,-105
213000495,0,194,-194
213000496,214,277,-63
213000497,22,495,-473
213000498,55,365,-310
213000499,116,940,-824
213000500,171,100,71
213000501,45,35,10
213000502,119,51,68
213000503,0,98,-98
213000504,12,334,-322
213000505,2,1,1
213000506,0,8,-8
213000507,2,180,-178
213900016,0,12,-12
213900244,16,0,16
213900245,0,47,-47
218000003,41,21,20
218000004,19,20,-1
218000005,29,30,-1
218000006,59,27,32
218000007,1,11,-10
218000012,290,108,182
218000013,68,136,-68
218000014,542,428,114
218000019,1057,488,569
218000020,260,391,-131
218000021,19,133,-114
218000022,8,70,-62
218000023,2,68,-66
218000024,6,30,-24
218000025,10,46,-36
218000026,12,91,-79
218000027,0,33,-33
218000028,7,13,-6
218000029,1,7,-6
218000030,12,43,-31
218000031,1,80,-79
218000032,2,38,-36
218000040,6,4,2
218000046,35,162,-127
218000047,16,204,-188
218000048,96,223,-127
218000049,89,165,-76
218000050,344,310,34
218000051,68,320,-252
218000052,5,125,-120
218000053,18,19,-1
218000054,50,41,9
218000055,14,7,7
218000056,6,34,-28
218000057,3,35,-32
218000064,4,5,-1
218000065,25,82,-57
218000066,13,87,-74
218000067,31,105,-74
218000068,91,110,-19
218000069,98,194,-96
218000070,74,342,-268
218000071,137,276,-139
218000072,403,281,122
218000078,518,1362,-844
218000079,41,80,-39
218000080,50,80,-30
218000081,236,365,-129
218000082,13,131,-118
218000083,13,62,-49
218000084,80,244,-164
218000085,121,611,-490
218000086,37,203,-166
218000087,157,309,-152
218000090,6,109,-103
218000091,819,456,363
218000092,27,158,-131
218000093,67,157,-90
218000094,560,975,-415
218000099,337,462,-125
218000100,184,308,-124
218000101,117,212,-95
218000102,184,360,-176
218000103,129,175,-46
218000104,29,72,-43
218000105,20,12,8
218000106,21,17,4
218000107,47,136,-89
218000108,14,70,-56
218000112,79,16,63
218000117,44,58,-14
218000134,495,932,-437
218000135,15,117,-102
218000136,186,40,146
218000137,131,152,-21
218000138,29,117,-88
218000139,102,439,-337
218000140,196,212,-16
218000141,22,78,-56
218000142,113,281,-168
218000143,33,265,-232
218000144,17,80,-63
218000145,195,435,-240
218000146,49,142,-93
218000151,7,26,-19
218000152,33,57,-24
218000153,3,4,-1
218000154,2,2,0
218000155,7,3,4
218000156,48,35,13
218000157,7,27,-20
218000158,1,8,-7
218000159,4,5,-1
218000160,2,2,0
218000161,16,5,11
218000162,22,11,11
218000163,4,2,2
218000164,24,8,16
218000165,42,32,10
218000170,2,29,-27
218000171,20,7,13
218000172,10,4,6
218000173,65,56,9
218000174,6,5,1
218000176,72,14,58
218000177,286,107,179
218000178,60,117,-57
218000179,33,39,-6
218000180,43,19,24
218000181,64,39,25
218000187,7,13,-6
218000188,24,50,-26
218000189,11,80,-69
218000190,2,24,-22
218000191,47,106,-59
218000192,84,615,-531
218000193,354,624,-270
218000194,61,579,-518
218000195,73,98,-25
218000196,181,266,-85
218000197,118,453,-335
218000198,2,148,-146
218000199,21,33,-12
218000200,51,41,10
218000201,3,3,0
218000202,112,143,-31
218000207,3,49,-46
218000208,27,74,-47
218000211,43,9,34
218000212,10,4,6
218000213,110,45,65
218000214,0,16,-16
218000215,36,132,-96
218000217,3,100,-97
218000218,231,80,151
218000219,28,8,20
218000220,89,347,-258
218000221,655,158,497
218000222,62,20,42
218000223,27,87,-60
218000224,4,78,-74
218000225,179,18,161
218000226,49,57,-8
218000230,0,3,-3
218000232,64,61,3
218000239,72,2,70
218000240,5,0,5
218000241,12,0,12
218000242,13,0,13
218000243,60,1,59
218000244,6,3,3
218000245,9,10,-1
218000246,0,1,-1
218000247,0,0,0
218000248,1,63,-62
218000249,0,2,-2
218000250,11,36,-25
218000251,0,13,-13
218000252,1,19,-18
218000253,11,5,6
218000254,0,22,-22
218000255,0,5,-5
218000256,0,41,-41
218000267,863,1308,-445
218000268,4,58,-54
218000269,7,12,-5
218000270,39,110,-71
218000271,68,91,-23
218000273,11,5,6
218000274,7,5,2
218000275,6,34,-28
218000276,10,49,-39
218000278,8,31,-23
218000279,24,112,-88
218000280,22,24,-2
218000281,49,21,28
218000282,471,211,260
218000284,85,7,78
218000301,28,66,-38
218000302,59,87,-28
218000303,26,64,-38
218000316,654,1365,-711
218000317,634,1509,-875
218000318,304,1180,-876
218000319,595,1612,-1017
218000320,484,771,-287
218000338,56,36,20
218000345,138,38,100
218000346,37,166,-129
218000459,73,341,-268
218000490,57,81,-24
218000501,32,26,6
218000502,20,134,-114
218000503,32,16,16
218000504,104,5,99
218000505,33,191,-158
218000506,25,229,-204
218000508,33,2,31
218000510,215,12,203
218000520,101,92,9
218000521,4,73,-69
218000522,2,175,-173
218000523,59,2,57
218000524,66,151,-85
218000525,192,13,179
218000526,121,120,1
218000529,35,261,-226
218000530,3,4,-1
218000531,9,28,-19
218000532,11,31,-20
218000534,48,11,37
218000537,10,55,-45
218000538,148,200,-52
218000540,358,67,291
218000543,87,52,35
218000544,43,138,-95
218000545,15,88,-73
218000546,35,132,-97
218000547,46,113,-67
218000548,78,225,-147
218000549,429,97,332
218000550,276,618,-342
218000551,248,321,-73
218000552,735,30,705
218000553,55,107,-52
218000554,12,25,-13
218000555,16,63,-47
218000556,53,592,-539
218000557,160,168,-8
218000558,77,2,75
218000559,0,18,-18
218000560,0,19,-19
218000561,31,0,31
218000562,13,182,-169
218000563,147,41,106
218000564,1,115,-114
218000565,323,24,299
218000566,1171,38,1133
218000567,10,55,-45
218000568,11,1,10
218000569,3,89,-86
218000570,220,11,209
218000571,1,80,-79
218000572,40,0,40
218000573,33,57,-24
218000574,190,69,121
218000575,53,0,53
218000576,0,96,-96
218000577,38,0,38
218000578,0,122,-122
218000579,48,2,46
218000581,5,109,-104
218000582,14,3,11
218000583,5,0,5
218000584,0,43,-43
218000585,5,0,5
218000586,7,45,-38
218000587,4,4,0
218000588,0,5,-5
218000589,0,3,-3
218000590,0,0,0
218000591,1,3,-2
218000592,1,1,0
218000593,0,0,0
218000594,0,0,0
218000597,0,0,0
218000598,0,0,0
218000599,0,0,0
218000600,0,0,0
218000601,0,0,0
218000602,0,1,-1
218000603,0,10,-10
218000604,32,14,18
218000605,0,22,-22
218000606,46,1,45
218000607,10,27,-17
218000608,53,7,46
218000609,0,32,-32
218000610,32,3,29
218000611,10,1,9
218000612,5,35,-30
218000613,19,0,19
218000614,0,67,-67
218000615,29,3,26
218000616,2,166,-164
218000617,2,0,2
218000618,1,17,-16
218000619,6,21,-15
218000620,2,25,-23
218000621,0,2,-2
218000622,0,9,-9
218000623,25,0,25
218000624,0,21,-21
218000625,0,0,0
218000626,0,8,-8
218000628,74,44,30
218000631,26,19,7
218000632,1,47,-46
218000633,43,0,43
218000634,2,27,-25
218000635,6,3,3
218000636,556,1831,-1275
218000637,773,804,-31
218000638,72,56,16
218000639,36,339,-303
218000640,84,26,58
218000641,63,489,-426
218000652,103,143,-40
218000653,144,57,87
218000663,4,91,-87
218000675,79,50,29
218000676,5,51,-46
218000677,2,11,-9
218000680,179,594,-415
218000681,282,132,150
218000691,88,525,-437
218000693,60,104,-44
218000703,13,76,-63
218000718,1382,322,1060
218000719,1771,59,1712
218000720,3,45,-42
218000721,17,19,-2
218000725,7,15,-8
218001147,2,178,-176
218001214,20,43,-23
218001258,29,2,27
218001329,97,91,6
218001330,239,117,122
218001351,36,20,16
218001352,3,15,-12
218001353,3,10,-7
218001354,0,36,-36
218001355,12,472,-460
218001356,144,3,141
218001357,5,243,-238
218001358,90,2,88
218001361,50,12,38
218001362,1,266,-265
219000001,39,85,-46
219000002,31,83,-52
219000003,42,28,14
219000004,24,28,-4
219000017,87,11,76
219000020,36,15,21
219000022,99,4,95
219000023,73,5,68
219000029,1,109,-108
219000034,10,3,7
219000039,36,94,-58
219000040,41,29,12
219000041,62,41,21
219000051,0,77,-77
219000052,0,29,-29
219000053,0,290,-290
219000054,21,169,-148
219000055,68,2,66
219000056,4,0,4
219000057,51,0,51
219000062,6,230,-224
219000063,32,4,28
219000064,6,56,-50
219000110,216,36,180
219000111,79,31,48
219000112,165,36,129
219000113,86,39,47
219000114,277,31,246
219000116,72,30,42
219000117,175,95,80
219000118,74,59,15
219000123,262,87,175
219000124,52,48,4
219000125,10,27,-17
219000126,59,107,-48
219000127,1,5,-4
219000128,13,79,-66
219000129,29,122,-93
219000130,1120,761,359
219000131,964,826,138
219000133,63,20,43
219000134,5,15,-10
219000135,19,36,-17
219000136,92,136,-44
219000138,70,22,48
219000139,14,52,-38
219000140,20,2,18
219000141,5,143,-138
219000142,11,113,-102
219000143,12,117,-105
219000145,5,47,-42
219000146,9,90,-81
219000147,3,87,-84
219000148,3,85,-82
219000149,34,233,-199
219000150,1,156,-155
219000151,6,86,-80
219000157,104,151,-47
219000158,83,217,-134
219000161,122,7,115
219000163,1874,425,1449
219000166,67,142,-75
219000167,87,291,-204
219000168,299,52,247
219000174,247,105,142
219000175,29,2,27
219000176,48,3,45
219000177,11,1,10
219000178,11,2,9
219000179,6,6,0
219000180,30,23,7
219000182,43,22,21
219000183,27,35,-8
219000184,35,3,32
219000185,0,116,-116
219000186,9,45,-36
219000187,18,183,-165
219000189,146,98,48
219000190,124,221,-97
219000191,1903,802,1101
219000192,124,116,8
219000193,576,139,437
219000195,2,58,-56
219000196,3,142,-139
219000198,46,189,-143
219000199,82,194,-112
219000200,30,239,-209
219000201,84,255,-171
219000203,28,94,-66
219000204,84,188,-104
219000205,49,267,-218
219000207,223,251,-28
219000209,15,101,-86
219000210,43,129,-86
219000213,6,297,-291
219000239,149,268,-119
219000240,197,358,-161
219000241,181,279,-98
219000242,81,285,-204
219000243,78,309,-231
219000244,18,127,-109
219000245,18,46,-28
219000246,23,13,10
219000247,49,47,2
219000248,404,227,177
219000249,191,62,129
219000250,149,79,70
219000251,377,130,247
219000252,181,144,37
219000253,147,41,106
219000255,53,71,-18
219000256,56,58,-2
219000257,51,0,51
219000262,64,324,-260
219000263,34,296,-262
219000267,2,148,-146
219000268,4,4,0
219000269,5,0,5
219000270,4,0,4
219000271,56,18,38
219000278,0,16,-16
219000279,1,2,-1
219000283,0,17,-17
219000295,10,139,-129
219000296,71,720,-649
219000297,14,164,-150
219000298,12,233,-221
219000299,399,39,360
219000300,19,414,-395
219000301,151,347,-196
219000302,23,212,-189
219000307,44,86,-42
219000308,46,30,16
219000311,83,30,53
219000312,254,35,219
219000313,165,17,148
219000314,80,627,-547
219000315,82,21,61
219000316,253,24,229
219000317,64,19,45
219000320,1,66,-65
219000321,1,19,-18
219000323,1,79,-78
219000325,2,52,-50
219000326,53,133,-80
219000327,47,40,7
219000328,21,64,-43
219000329,291,98,193
219000330,40,29,11
219000331,23,40,-17
219000332,109,64,45
219000333,1,1,0
219000335,55,4,51
219000337,1,0,1
219000338,45,2,43
219000344,25,82,-57
219000345,74,160,-86
219000346,27,245,-218
219000348,87,151,-64
219000349,43,335,-292
219000350,25,127,-102
219000351,3,1,2
219000352,204,56,148
219000353,84,40,44
219000354,102,108,-6
219000355,94,26,68
219000356,1926,474,1452
219000363,273,30,243
219000364,75,20,55
219000365,83,13,70
219000366,310,142,168
219000368,517,294,223
219000370,1168,167,1001
219000371,9,13,-4
219000382,4,24,-20
219000383,812,620,192
219000385,752,497,255
219000386,1280,1398,-118
219000387,0,15,-15
219000390,0,0,0
219000391,0,0,0
219000397,87,106,-19
219000398,70,49,21
219000401,6,135,-129
219000402,18,89,-71
219000403,72,181,-109
219000404,12,75,-63
219000407,5,33,-28
219000409,47,72,-25
219000410,46,23,23
219000411,26,16,10
219000446,286,443,-157
219000447,1,24,-23
219000448,5,4,1
219000452,106,65,41
219000453,72,76,-4
219000454,341,174,167
219000556,118,73,45
219000558,116,356,-240
219000590,10,193,-183
219000591,33,56,-23
219000592,67,445,-378
219000595,1,33,-32
219000635,36,18,18
219000636,24,111,-87
219000657,35,21,14
219000658,28,34,-6
219000673,1,12,-11
219000676,68,1,67
219000679,15,7,8
219000684,51,0,51
219000685,1,114,-113
219000686,1,2,-1
219000688,0,99,-99
219000689,80,217,-137
219000690,179,33,146
219000691,61,134,-73
219000692,219,37,182
219000693,0,17,-17
219000694,6,0,6
219000695,12,2,10
219000698,4,0,4
219000699,0,20,-20
219000727,3,187,-184
219000728,141,1,140
219000770,16,1,15
219000771,0,44,-44
219000788,363,187,176
219001150,0,14,-14
219001151,1,4,-3
219001166,18,6,12
219001167,2,70,-68
219001178,13,1,12
220000001,16,61,-45
220000002,12,256,-244
220000003,291,331,-40
220000004,745,730,15
220000005,2096,1871,225
220000006,170,909,-739
220000007,258,901,-643
220000008,336,1373,-1037
220000009,188,872,-684
220000010,185,176,9
220000011,646,2104,-1458
220000012,271,264,7
220000014,39,46,-7
220000015,36,197,-161
220000017,49,406,-357
220000018,6412,1259,5153
220000019,65,283,-218
220000020,313,266,47
220000021,436,227,209
220000022,353,598,-245
220000023,154,183,-29
220000024,1920,276,1644
220000025,1109,511,598
220000026,209,191,18
220000027,8,91,-83
220000028,34,33,1
220000029,68,187,-119
220000030,174,101,73
220000031,206,356,-150
220000064,26,1109,-1083
221000046,5,0,5
221000047,0,2,-2
221000048,0,0,0
221000049,0,16,-16
221000050,10,0,10
221000055,47,43,4
221000057,55,6,49
221000068,335,121,214
221000069,243,55,188
221000070,159,31,128
221000071,46,4,42
221000072,134,8,126
221000073,134,83,51
221000074,0,18,-18
221000075,55,13,42
221000076,3,35,-32
221000077,41,82,-41
221000081,16,5,11
221000082,43,6,37
221000083,47,3,44
221000084,3,3,0
221000085,13,63,-50
221000086,16,127,-111
221000087,3,227,-224
221000088,21,180,-159
221000089,28,243,-215
221000090,144,420,-276
221000098,82,15,67
221000099,106,16,90
221000100,55,7,48
221000101,209,12,197
221000102,147,12,135
221000109,4,108,-104
221000110,4,134,-130
221000111,19,149,-130
221000112,4,126,-122
221000113,22,229,-207
221000114,24,198,-174
221000120,11,24,-13
221000121,1,42,-41
221000122,13,25,-12
221000123,10,21,-11
221000124,15,301,-286
221000155,63,8,55
221000156,18,42,-24
221000175,0,3,-3
221000176,1,2,-1
221000182,29,4,25
221000241,715,217,498
221000242,217,342,-125
221000243,417,87,330
221000244,241,371,-130
221000245,52,132,-80
221000246,26,240,-214
221000247,52,116,-64
221000248,59,175,-116
221000267,55,828,-773
221000325,87,48,39
221000331,3,83,-80
221000338,11,7,4
221000378,83,24,59
221000381,85,92,-7
222000282,3,0,3
222000296,1,15,-14
222000568,228,11,217
222000569,96,20,76
222000570,84,7,77
222000571,125,18,107
222000577,11,267,-256
222000578,10,302,-292
222000579,51,158,-107
222000580,162,1037,-875
222000599,0,173,-173
222000600,2,328,-326
222000601,12,936,-924
222000603,10,15,-5
222000604,61,33,28
222000605,17,26,-9
222000606,0,15,-15
222000607,1,5,-4
222000608,5,10,-5
222000609,32,426,-394
222000616,70,43,27
222000617,6,22,-16
222000618,6,1,5
222000620,54,8,46
222000621,94,6,88
222000623,369,4,365
222000624,178,1,177
222000625,241,55,186
222000636,28,1,27
222000686,13,14,-1
222000687,14,32,-18
222001066,236,1,235
222001067,5,3,2
222001068,19,49,-30
222001069,4,73,-69
222001082,7,51,-44
222001083,9,91,-82
222001084,1,93,-92
222001085,1,85,-84
222001111,16,304,-288
222001112,26,30,-4
222001313,9,1,8
222001314,0,155,-155
222001464,68,36,32
222001465,72,105,-33
222001484,48,62,-14
222001485,10,76,-66
222001494,138,98,40
222001495,141,494,-353
222001496,88,56,32
222001497,75,660,-585
222001502,25,136,-111
222001503,50,38,12
222001504,21,301,-280
222001505,172,9,163
222001506,46,261,-215
222001507,212,24,188
222001510,199,37,162
222001511,30,469,-439
222001514,573,130,443
222001515,306,798,-492
222001518,109,36,73
222001519,48,482,-434
222001527,150,65,85
222001528,70,240,-170
222001529,117,24,93
222001530,27,276,-249
222001533,117,492,-375
222001534,116,53,63
222001535,50,106,-56
222001536,88,419,-331
222001537,302,23,279
222001538,36,527,-491
222001563,202,116,86
222001564,37,922,-885
222001568,272,93,179
222001576,0,0,0
222001579,0,0,0
222001583,28,263,-235
222001584,45,11,34
222001596,625,1734,-1109
222001597,1509,266,1243
222001626,0,259,-259
222001650,87,90,-3
222001651,134,132,2
222001914,320,62,258
222001915,114,217,-103
222001968,513,172,341
222001969,471,967,-496
222001970,120,248,-128
222001971,4,34,-30
222001972,1,35,-34
225000001,251,108,143
225000002,216,72,144
225000003,213,84,129
225000004,150,240,-90
225000005,17,59,-42
225000006,0,127,-127
225000007,3805,1124,2681
225000010,140,4,136
225000011,466,588,-122
225000012,99,393,-294
225000013,90,209,-119
225000014,431,95,336
225000015,86,263,-177
225000021,702,142,560
225000027,207,557,-350
225000032,633,113,520
225000042,55,774,-719
225000049,18,70,-52
225000050,31,15,16
225000053,2,264,-262
225000058,454,145,309
225000067,190,235,-45
225000068,99,625,-526
225000069,174,660,-486
225000070,45,663,-618
225000071,20,367,-347
225000075,20,777,-757
225000076,88,145,-57
225000078,51,34,17
225000085,11,87,-76
225000086,90,35,55
225000087,158,20,138
225000088,11,187,-176
225000089,476,604,-128
225000090,41,340,-299
225000091,56,277,-221
225000092,18,100,-82
225000093,144,521,-377
225000094,17,559,-542
225000095,333,767,-434
225000096,153,439,-286
225000098,340,106,234
225000099,132,88,44
225000100,111,100,11
225000104,50,397,-347
225000110,6,491,-485
225000111,158,1304,-1146
225000112,187,1019,-832
225000113,119,669,-550
225000114,50,331,-281
225000115,2942,549,2393
225000116,1189,65,1124
225000117,924,234,690
225000118,656,189,467
225000119,91,54,37
225000120,590,31,559
225000121,278,15,263
225000123,608,10,598
225000125,270,360,-90
225000126,997,179,818
225000127,1038,483,555
225000128,375,401,-26
225000132,194,28,166
225000133,176,10,166
225000134,420,86,334
225000135,20,11,9
225000136,101,10,91
225000137,64,54,10
225000138,267,19,248
225000143,80,177,-97
225000144,1,404,-403
225000145,30,29,1
225000146,43,136,-93
225000147,6,408,-402
225000148,5,296,-291
225000149,73,472,-399
225000151,47,312,-265
225000155,247,365,-118
225000156,166,690,-524
225000157,90,472,-382
225000158,49,445,-396
225000171,3,185,-182
225000180,19,0,19
225000181,0,41,-41
225000182,125,6,119
225000185,7,242,-235
225000187,37,423,-386
225000191,69,3,66
225000194,0,9,-9
225000208,0,58,-58
225000209,19,33,-14
225000210,2,172,-170
225000217,0,18,-18
225000218,12,1,11
225000223,1,28,-27
225000224,51,2,49
225000225,1,4,-3
225000226,29,1,28
225000227,41,65,-24
225000228,9,2,7
225000229,0,93,-93
225000230,6,0,6
225000231,0,94,-94
225000232,34,0,34
225000241,57,1,56
225000242,0,22,-22
225000249,8,1,7
225000250,81,1033,-952
225000251,207,15,192
225000254,1,1,0
225000256,0,8,-8
225000257,0,4,-4
226000042,376,455,-79
226000043,75,323,-248
226000044,173,900,-727
226000045,70,473,-403
226000046,335,54,281
226000047,233,51,182
226000048,239,64,175
226000049,202,95,107
226000070,0,58,-58
226000071,0,76,-76
226000072,0,8,-8
226000073,0,7,-7
226000074,1,8,-7
226000084,2,56,-54
226000085,5,12,-7
226000086,16,4,12
226000087,0,26,-26
226000088,99,8,91
226000090,126,31,95
226000091,27,4,23
226000092,0,3,-3
226000093,87,0,87
226000094,10,2,8
226000095,5,6,-1
226000105,10,0,10
226000106,11,0,11
226000107,2,0,2
226000108,8,0,8
226000109,31,0,31
226000124,110,54,56
226000134,390,428,-38
226000135,675,589,86
226000136,146,285,-139
226000137,3,538,-535
226000138,13,283,-270
226000139,3,15,-12
226000156,37,2,35
226000157,94,9,85
226000163,37,52,-15
226000202,8,488,-480
226000231,151,10,141
226000232,25,5,20
227000033,339,34,305
227000036,171,19,152
227000037,104,12,92
227000038,155,19,136
227000084,1,53,-52
227000085,0,33,-33
227000088,30,2,28
227000089,108,0,108
227000090,22,0,22
227000091,8,0,8
227000092,8,0,8
227000093,29,0,29
227000094,0,0,0
227000130,26,95,-69
227000131,8,361,-353
227000132,20,308,-288
227000133,10,314,-304
227000134,27,461,-434
227000152,0,5,-5
227000153,1,42,-41
227000154,0,45,-45
227000155,1,19,-18
227000156,0,23,-23
227000165,3,44,-41
227000196,109,398,-289
227000199,77,767,-690
227000230,30,563,-533
227000232,133,13,120
227000242,83,540,-457
227000243,474,46,428
227000245,21,410,-389
227000246,117,522,-405
227000247,208,53,155
227000248,78,19,59
227000249,24,280,-256
227000250,282,123,159
227000251,178,256,-78
227000252,18,479,-461
227000253,65,24,41
227000262,333,19,314
227000266,325,13,312
227000267,50,2352,-2302
227000282,5,310,-305
227000284,175,12,163
227000286,3,135,-132
227000287,8,210,-202
227000291,14,652,-638
227000296,380,284,96
227000484,286,21,265
227000485,30,799,-769
227000655,58,12,46
227000656,553,18,535
227000657,24,17,7
227000661,134,10,124
227000680,97,36,61
229000265,5,33,-28
229000296,26,17,9
229000297,5,66,-61
229000298,4,159,-155
229000320,4,1,3
229000321,26,8,18
229000412,11,58,-47
229000414,6,70,-64
229000415,35,1,34
229000416,0,3,-3
229000417,9,9,0
229000419,100,265,-165
229000440,170,77,93
229000442,6,2,4
229000443,0,0,0
229000444,0,43,-43
229000445,10,6,4
229000446,78,3,75
229000491,5,27,-22
229000492,18,155,-137
229000493,8,168,-160
229000494,23,7,16
229000495,90,16,74
229000496,28,5,23
229000507,0,45,-45
229000508,1,27,-26
229000509,0,50,-50
229000510,1,41,-40
229000511,4,76,-72
229000512,0,44,-44
229000513,0,8,-8
229000514,1,3,-2
229000517,1,12,-11
229000518,3,47,-44
229000519,1,14,-13
229000520,3,33,-30
229000521,32,29,3
229000522,2,12,-10
229000523,12,18,-6
229000524,1,9,-8
229000527,11,0,11
229000528,2,0,2
229000529,2,0,2
229000530,68,7,61
229000531,29,4,25
229000532,23,0,23
229000533,129,0,129
229000534,79,2,77
229000564,40,1,39
229000565,4,0,4
229000566,0,20,-20
229000567,0,95,-95
229000582,148,0,148
229000583,3,0,3
229000584,0,43,-43
229000585,2,82,-80
229000718,0,1,-1
229000719,0,3,-3
229000720,1,13,-12
229000721,0,12,-12
229000722,2,27,-25
229000723,0,24,-24
229000724,0,0,0
229000725,0,7,-7
229000738,2,0,2
229000739,0,0,0
229000740,1,0,1
229000741,1,0,1
229000742,4,0,4
229000743,1,1,0
229000744,0,0,0
229000745,2,0,2
229000746,11,0,11
229000847,5,0,5
229000848,3,0,3
229000849,45,1,44
229000851,5,0,5
229000854,1,85,-84
229000856,2,142,-140
229000857,0,50,-50
229000858,0,115,-115
229000919,2,76,-74
229000930,4,161,-157
229000937,47,35,12
229000966,33,28,5
229000981,11,58,-47
229000985,0,36,-36
229000986,0,5,-5
229000987,0,4,-4
229000988,0,78,-78
229000989,0,5,-5
229000990,0,1,-1
229000991,0,0,0
229000992,1,9,-8
229000993,134,15,119
229000998,14,42,-28
229000999,63,8,55
229001034,1,8,-7
229001035,2,1,1
229001037,31,21,10
229001042,4,21,-17
229001047,4,55,-51
229001050,23,64,-41
229001168,0,3,-3
229001200,2,2,0
229001338,17,33,-16
229001394,241,3,238
229001422,119,37,82
229001423,39,139,-100
229001431,19,42,-23
229001432,37,69,-32
229001444,63,62,1
229001445,19,204,-185
229001479,1,11,-10
229001503,96,94,2
229001504,82,229,-147
229001505,69,42,27
229001506,27,190,-163
229001509,27,38,-11
229001545,55,6,49
229001546,8,84,-76
229001553,24,18,6
229001554,14,88,-74
229001559,0,17,-17
229001560,5,15,-10
229001630,61,10,51
229001631,8,26,-18
229001635,0,3,-3
229001636,0,0,0
229001658,1,107,-106
229001659,82,2,80
229001660,0,0,0
229001661,0,34,-34
229001662,134,1,133
229001663,0,22,-22
229002584,167,97,70
229002831,233,132,101
229002841,13,38,-25
229002842,4,12,-8
229002843,14,26,-12
229002844,25,97,-72
229002845,7,74,-67
229002846,16,15,1
229002847,18,5,13
229002848,1,6,-5
229002849,13,74,-61
229002850,3,2,1
229002851,20,61,-41
229002852,49,25,24
229002853,21,14,7
229002854,21,56,-35
229002855,3,28,-25
229002856,20,7,13
229002857,4,34,-30
229002858,6,7,-1
229002859,28,14,14
229002860,10,41,-31
229002861,12,11,1
229002862,7,81,-74
229002863,9,21,-12
229002864,7,34,-27
229002865,1,10,-9
229002866,5,29,-24
229002867,12,42,-30
229002868,2,8,-6
229002869,5,131,-126
229002870,14,10,4
235000066,367,76,291
235000067,117,110,7
235000072,27,44,-17
235000073,61,238,-177
235000074,11,107,-96
235000080,23,87,-64
235000081,53,216,-163
235000082,48,69,-21
235000083,63,102,-39
235000084,36,38,-2
235000085,57,104,-47
235000089,14,46,-32
235000092,8,140,-132
235000093,1,2,-1
235000097,1,2,-1
235000098,18,19,-1
235000099,14,30,-16
235000116,57,14,43
235000117,812,15,797
235000133,10,262,-252
235000134,12,75,-63
235000206,5,2,3
235000207,10,2,8
235000208,1,0,1
235000209,5,1,4
235000210,5,2,3
235000212,2,14,-12
235000213,1,5,-4
235000220,0,2,-2
235000221,22,12,10
235000238,4,10,-6
235000239,0,1,-1
235000242,147,165,-18
235000245,783,164,619
235000246,6,46,-40
235000284,4,96,-92
235000295,71,9,62
235000305,62,7,55
235000306,45,7,38
235000307,13,0,13
235000308,44,0,44
235000309,23,0,23
235000310,28,0,28
235000311,26,5,21
235000322,0,22,-22
235000323,3,56,-53
235000324,1,18,-17
235000325,0,12,-12
235000326,8,368,-360
235000351,5,66,-61
235000352,22,45,-23
235000353,1,17,-16
235000354,2,40,-38
235000355,3,157,-154
235000356,11,23,-12
235000357,6,4,2
235000358,29,4,25
235000359,3,1,2
235000360,42,8,34
235000361,33,8,25
235000381,29,281,-252
235000382,63,33,30
235000390,10,6,4
235000391,54,33,21
235000392,66,103,-37
235000393,76,87,-11
235000395,66,29,37
235000396,162,48,114
235000400,65,14,51
235000401,24,178,-154
235000405,69,366,-297
235000406,42,286,-244
235000407,30,90,-60
235000409,166,176,-10
235000410,32,195,-163
235000411,2,88,-86
235000485,0,5,-5
235000486,58,33,25
235000549,35,94,-59
235000550,27,218,-191
235000599,50,131,-81
235000600,6,5,1
235000601,20,49,-29
235000602,36,205,-169
235000614,4,4,0
235000648,0,32,-32
235000649,26,24,2
235000685,0,4,-4
235000815,5,9,-4
235000834,0,4,-4
235000855,22,62,-40
235000862,6,177,-171
235000891,0,6,-6
235000892,15,0,15
235000901,50,128,-78
235000907,8,12,-4
235001010,21,95,-74
235001029,539,345,194
235001030,282,157,125
235001078,57,88,-31
235001079,88,141,-53
235001147,54,38,16
235001166,5,87,-82
235001167,7,62,-55
235001169,12,354,-342
235001188,0,6,-6
235001189,1,0,1
235001197,49,6,43
235001200,44,27,17
235001207,131,16,115
235001210,103,110,-7
235001215,35,116,-81
235001239,0,32,-32
235001244,0,10,-10
235016267,0,17,-17
277101746,0,0,0
277102712,0,0,0
277103813,0,0,0
277103814,0,0,0
277103898,0,0,0
277104249,0,4,-4
277104250,0,7,-7
277104251,0,9,-9
277104252,0,3,-3
990011530,0,313,-313
990014944,6,552,-546
990015176,11,0,11
990015618,0,101,-101
990016032,1,363,-362
990032570,1,52,-51
990070001,28,2,26
990070103,0,4,-4
990070601,1,50,-49
990070751,145,0,145
990070766,2,990,-988
990071180,303,115,188
990071343,3,1,2
990071387,0,5,-5
990071823,209,2,207
990072600,2,706,-704
990072964,2,614,-612
990073285,0,4,-4
990074393,1,1398,-1397
990074870,412,48,364
990075106,299,8,291
990075746,140,4,136
990076437,291,7,284
990076458,6,1336,-1330
997000007,92,7,85
997000041,0,118,-118
997000058,16,0,16
997000062,10,1,9
997000069,0,6,-6
997000070,0,51,-51
997000100,2,3,-1
997000141,4,873,-869
997000198,335,333,2
998000475,0,17,-17
998000736,2,390,-388
998000965,0,9,-9
998001031,1,55,-54
998001700,4,19,-15
998001899,0,2,-2
998001900,3,2,1
998003073,781,13,768
998101900,0,0,0
998102850,3,103,-100
998501927,406,314,92
998501929,92,3,89
998501930,68,0,68
998501931,79,5,74
998501932,1,1,0
998501933,38,2,36
998501937,11,0,11
998501944,4,1,3
998501950,0,0,0
998501970,12,3,9
998501971,1,63,-62
998501973,1,71,-70
998501974,0,372,-372
998501975,101,1,100
998501976,50,1,49
998501977,0,26,-26
998501978,28,1,27
998501979,0,5,-5
998501980,98,0,98
998501981,21,0,21
998501982,0,111,-111
998501983,0,0,0
998502006,0,0,0
998502024,0,2,-2
998502032,0,2,-2
998502062,8,0,8
998502063,0,0,0
998502173,12,0,12
998502269,0,1,-1
998502546,0,151,-151
998601159,1,336,-335
998601292,0,17,-17
999033574,0,792,-792
999800001,22,12,10
999800002,0,1,-1
999800003,0,2,-2
999800004,0,4,-4
999800005,0,4,-4
