ID,insum,outsum,diff
100000001,874,1521,-647
100000002,6515,1438,5077
100000003,8634,4832,3802
100000004,2105,1765,340
100000005,3032,6405,-3373
100000006,1169,188,981
100000007,5032,845,4187
100000008,376,900,-524
100000009,949,563,386
100000010,84,79,5
100000011,1160,120,1040
100000012,183,1098,-915
100000013,65,346,-281
100000014,637,387,250
100000015,3309,3012,297
100000016,1551,2158,-607
100000017,1423,1379,44
100000018,2626,915,1711
100000019,8844,3211,5633
100000020,3372,9510,-6138
100000021,8881,4668,4213
100000022,5592,2551,3041
100000023,11182,2606,8576
100000025,5827,1649,4178
100000028,4662,1694,2968
100000029,550,397,153
100000030,1002,188,814
100000031,14647,11741,2906
100000032,4750,6419,-1669
100000033,1869,4123,-2254
100000034,1711,769,942
100000035,3603,1596,2007
100000036,4560,1803,2757
100000037,739,657,82
100000038,2343,1374,969
100000039,1247,243,1004
100000040,338,287,51
100000041,1730,616,1114
100000042,1576,585,991
100000043,1373,576,797
100000044,535,893,-358
100000045,862,1858,-996
100000046,1112,1879,-767
100000047,649,1082,-433
100000048,986,980,6
100000049,2503,3266,-763
100000051,780,1432,-652
100000053,167,10,157
100000054,580,57,523
100000055,1300,312,988
100000056,651,768,-117
100000057,2697,1188,1509
100000058,1421,1731,-310
100000059,18,170,-152
100000060,600,566,34
100000061,3210,759,2451
100000062,2687,748,1939
100000063,876,381,495
100000064,2166,505,1661
100000065,735,1320,-585
100000066,333,1129,-796
100000067,856,1215,-359
100000068,856,2351,-1495
100000069,426,2375,-1949
100000072,569,1514,-945
100000073,2552,1852,700
100000075,955,435,520
100000076,5669,4530,1139
100000077,1420,229,1191
100000078,168,98,70
100000079,91,136,-45
100000080,40,59,-19
100000081,181,99,82
100000102,10276,2429,7847
100000103,8157,1897,6260
100000104,8520,3664,4856
100000105,6462,1989,4473
100000106,6016,3252,2764
100000107,1784,1093,691
100000108,2425,1620,805
100000109,8857,2127,6730
100000116,2556,1412,1144
100000117,91,106,-15
100000118,2918,1642,1276
100000119,1316,848,468
100000121,469,818,-349
100000122,4666,1503,3163
100000123,5847,10110,-4263
100000124,8637,14876,-6239
100000125,4875,1962,2913
100000126,2386,425,1961
100000127,4382,427,3955
100000128,2396,3279,-883
100000129,1048,614,434
100000130,483,877,-394
100000131,4101,6016,-1915
100000132,2302,4622,-2320
100000133,9481,4876,4605
100000135,783,1133,-350
100000139,681,269,412
100000140,690,408,282
100000142,633,819,-186
100000143,1328,843,485
100000144,6193,1301,4892
100000147,1815,3819,-2004
100000150,77,548,-471
100000151,1406,1548,-142
100000153,1512,693,819
100000154,752,254,498
100000155,61,113,-52
100000156,327,137,190
100000157,84,82,2
100000158,223,111,112
100000159,1219,799,420
100000165,2016,1296,720
100000169,1626,490,1136
100000174,3584,737,2847
100000179,153,883,-730
100000180,2434,1638,796
100000181,373,312,61
100000188,122,673,-551
100000189,1345,486,859
100000190,1348,840,508
100000191,1229,692,537
100000192,163,235,-72
100000193,216,213,3
100000330,3255,1314,1941
100000355,429,831,-402
100000362,7762,4967,2795
100000363,4798,6216,-1418
100000364,785,211,574
100000365,6147,6547,-400
100000366,8895,4193,4702
100000367,6977,5805,1172
100000368,3479,2628,851
100000369,2258,2926,-668
100000370,485,900,-415
100000376,202,234,-32
100000379,9108,2715,6393
100000380,15230,4770,10460
100000384,12948,8344,4604
100000385,11628,6851,4777
100000386,17450,10162,7288
100000387,14842,8785,6057
100000388,13891,12945,946
100000389,14758,10573,4185
100000390,14504,8401,6103
100000391,10257,11872,-1615
100000392,7870,4386,3484
100000393,4345,5128,-783
100000394,15096,8879,6217
100000395,8882,3300,5582
100000396,9497,3768,5729
100000397,6836,4041,2795
100000398,16799,12188,4611
100900002,69,80,-11
100900003,442,185,257
100900004,31,1137,-1106
100900005,231,39,192
100900006,22,253,-231
100900007,864,22,842
100900008,15,653,-638
100900009,146,126,20
100900010,89,143,-54
100900011,179,508,-329
100900012,3,328,-325
100900013,1060,5,1055
100900014,3,20,-17
100900015,204,274,-70
100900016,8,63,-55
100900017,1690,148,1542
100900018,0,12,-12
100900019,44,211,-167
100900020,651,22,629
100900021,614,12,602
100900022,20,38,-18
100900023,0,51,-51
100900024,1542,9,1533
100900025,19,27,-8
100900026,209,235,-26
100900027,959,4474,-3515
100900028,329,295,34
100900029,106,28,78
100900030,35,109,-74
100900031,866,133,733
100900032,229,3,226
100900033,459,335,124
100900034,681,0,681
100900035,1379,5,1374
100900036,22,1,21
100900037,130,384,-254
100900038,382,35,347
100900039,379,941,-562
100900040,417,1082,-665
100900041,813,1322,-509
100900042,1385,562,823
100900043,0,36,-36
100900044,5269,870,4399
100900045,289,1,288
100900046,1311,16,1295
100900047,1104,259,845
100900048,309,65,244
100900049,87,272,-185
100900050,7,43,-36
100900051,164,100,64
100900052,774,58,716
100900053,465,24,441
100900054,26,134,-108
100900055,589,847,-258
100900056,244,453,-209
100900057,1134,1864,-730
100900058,683,101,582
100900059,167,5,162
100900060,133,9,124
100900061,556,573,-17
100900062,8,76,-68
100900063,237,803,-566
100900064,1226,33,1193
100900065,254,152,102
100900066,151,280,-129
100900067,3,18,-15
100900068,259,266,-7
100900069,2879,22,2857
100900070,367,5,362
100900071,1021,560,461
100900072,2,61,-59
100900073,186,785,-599
100900074,5,32,-27
100900075,3130,771,2359
100900076,38,72,-34
100900077,23,193,-170
100900078,175,977,-802
100900079,8,49,-41
100900080,43,216,-173
100900081,154,351,-197
100900082,132,987,-855
100900083,8,77,-69
100900085,16,168,-152
100900086,537,2314,-1777
100900088,176,1081,-905
100900089,17,28,-11
100900090,305,653,-348
100900091,2,31,-29
100900092,623,349,274
100900093,272,568,-296
100900094,174,1040,-866
100900095,11,37,-26
100900096,65,141,-76
100900097,0,7,-7
100900098,21,39,-18
100900099,55,927,-872
100900100,50,539,-489
100900101,613,95,518
100900102,156,151,5
100900103,13,13,0
100900104,14,271,-257
100900105,49,515,-466
100900106,106,15,91
100900107,3215,1143,2072
100900108,21,51,-30
100900109,39,45,-6
100900110,10,93,-83
100900111,94,301,-207
100900112,2,9,-7
100900113,27,38,-11
100900114,13,32,-19
100900115,20,38,-18
100900116,1277,2294,-1017
100900117,494,1101,-607
100900118,55,84,-29
100900119,31,47,-16
100900120,11,14,-3
100900121,487,1316,-829
100900122,156,325,-169
100900123,181,217,-36
100900124,12,15,-3
100900125,56,206,-150
100900126,174,336,-162
100900127,7,18,-11
100900128,225,248,-23
100900129,1,192,-191
100900131,161,424,-263
100900133,95,76,19
100900134,1,6,-5
100900135,1,212,-211
100900137,592,299,293
100900138,814,773,41
100900139,13,21,-8
100900140,8,1221,-1213
100900141,0,633,-633
100900142,0,43,-43
100900143,1589,573,1016
100900144,31,33,-2
100900145,101,195,-94
100900146,15,104,-89
100900147,32,427,-395
100900148,35,1442,-1407
100900149,30,235,-205
100900150,5,51,-46
100900151,210,905,-695
100900152,148,6,142
100900153,9,222,-213
100900154,45,112,-67
100900155,7,32,-25
100900156,34,7,27
100900157,28,491,-463
100900158,1448,404,1044
100900159,5,32,-27
100900160,23,22,1
100900161,160,7,153
100900162,21,414,-393
100900163,253,401,-148
100900164,81,88,-7
100900165,48,89,-41
100900166,50,12,38
100900167,61,138,-77
100900168,80,199,-119
100900169,246,1391,-1145
100900170,24,4,20
100900171,21,951,-930
100900172,0,16,-16
100900173,23,924,-901
100900174,993,64,929
100900176,2585,506,2079
100900177,1286,798,488
100900178,1044,260,784
100900179,245,256,-11
100900180,1,4,-3
100900181,109,31,78
100900182,46,36,10
100900184,17,224,-207
100900186,1307,1267,40
100900187,12,113,-101
100900188,48,42,6
100900189,1622,378,1244
100900191,2331,1919,412
100900192,459,437,22
100900195,297,244,53
100900197,43,258,-215
100900198,41,506,-465
100900199,24,39,-15
100900200,905,652,253
100900201,144,1442,-1298
100900202,30,0,30
100900203,1,120,-119
100900204,682,546,136
100900205,301,565,-264
100900206,161,90,71
100900207,290,119,171
100900210,123,1044,-921
100900211,771,336,435
100900213,96,71,25
100900214,1383,219,1164
100900215,23,90,-67
100900217,289,108,181
101000001,7152,3101,4051
101000002,6262,7605,-1343
101000003,1470,3500,-2030
101000004,15109,15211,-102
101000005,7018,9824,-2806
101000006,12160,15594,-3434
101000007,4808,5245,-437
101000008,9840,5731,4109
101000009,2716,2661,55
101000010,1640,2115,-475
101000011,3931,1287,2644
101000012,3120,1067,2053
101000013,1026,1804,-778
101000014,1312,1175,137
101000015,2016,1244,772
101000016,2470,813,1657
101000017,2024,1078,946
101000018,11051,4168,6883
101000020,9422,1499,7923
101000021,4469,617,3852
101000022,897,138,759
101000023,3636,1239,2397
101000025,498,685,-187
101000026,588,50,538
101000027,5367,2427,2940
101000028,2307,264,2043
101000029,384,1464,-1080
101000030,2343,123,2220
101000031,1445,661,784
101000032,12727,4282,8445
101000033,6701,4659,2042
101000034,8730,2345,6385
101000035,3284,822,2462
101000036,4809,1046,3763
101000037,9847,2548,7299
101000039,6826,4037,2789
101000040,8680,5013,3667
101000041,22681,9722,12959
101000042,2325,1660,665
101000043,16156,9846,6310
101000045,2994,1051,1943
101000046,4766,1197,3569
101000047,3782,2606,1176
101000048,2004,1609,395
101000049,1969,2104,-135
101000050,5037,3522,1515
101000051,3902,3342,560
101000052,3368,1418,1950
101000053,2600,2283,317
101000054,3725,2048,1677
101000055,2427,3031,-604
101000056,160,188,-28
101000057,5277,1626,3651
101000058,4809,1973,2836
101000059,8806,2207,6599
101000060,3395,1080,2315
101000061,1899,2083,-184
101000062,1808,1419,389
101000063,964,1347,-383
101000064,2542,1052,1490
101000065,671,605,66
101000066,871,604,267
101000067,1695,937,758
101000068,798,545,253
101000069,842,103,739
101000070,2396,1631,765
101000071,3821,1629,2192
101000072,1976,6524,-4548
101000073,1154,1104,50
101000074,9312,6199,3113
101000075,10170,4700,5470
101000077,1998,1651,347
101000078,1532,2949,-1417
101000079,776,605,171
101000080,809,489,320
101000081,1780,2340,-560
101000082,5363,4093,1270
101000083,3096,3389,-293
101000084,2188,1463,725
101000085,2374,1927,447
101000086,1766,1633,133
101000087,1280,1953,-673
101000088,1477,1664,-187
101000089,1368,2375,-1007
101000090,3553,2101,1452
101000091,583,2077,-1494
101000092,985,1785,-800
101000093,2402,1431,971
101000094,1052,2259,-1207
101000095,392,1412,-1020
101000096,453,1038,-585
101000097,1782,568,1214
101000098,1462,884,578
101000099,2225,2465,-240
101000100,1794,1454,340
101000101,1005,572,433
101000102,3877,585,3292
101000103,1453,759,694
101000104,754,963,-209
101000105,2586,650,1936
101000106,2099,1048,1051
101000107,266,613,-347
101000108,2486,584,1902
101000109,359,127,232
101000110,52,1211,-1159
101000111,209,328,-119
101000113,533,1500,-967
101000114,9621,4287,5334
101000115,261,170,91
101000116,392,205,187
101000117,2251,421,1830
101000119,441,153,288
101000120,421,82,339
101000121,152,54,98
101000122,237,113,124
101000123,149,110,39
101000124,430,246,184
101000125,291,785,-494
101000128,2584,465,2119
101000130,484,480,4
101000131,1002,1007,-5
101000132,786,2945,-2159
101000135,162,64,98
101000136,716,152,564
101000137,52,452,-400
101000141,4759,5602,-843
101000147,1430,708,722
101000148,2679,44,2635
101000149,247,295,-48
101000150,97,1692,-1595
101000151,222,135,87
101000152,623,601,22
101000153,979,726,253
101000154,303,2748,-2445
101000155,335,234,101
101000156,29,438,-409
101000157,131,64,67
101000160,179,41,138
101000163,325,221,104
101000164,697,716,-19
101000165,367,535,-168
101000166,452,636,-184
101000168,1262,591,671
101000252,2337,1279,1058
101000254,839,92,747
101000258,46,17,29
101000261,108,56,52
101000262,4586,2021,2565
101000263,899,1711,-812
101000265,187,939,-752
101000266,766,634,132
101000269,372,7,365
101000290,4474,5088,-614
101000293,96,120,-24
101000294,1040,731,309
101000295,255,919,-664
101000301,1904,606,1298
101000304,6735,4378,2357
101000305,5560,3442,2118
101900001,25,98,-73
101900002,0,30,-30
101900003,268,177,91
101900004,39,76,-37
101900005,8882,2634,6248
101900006,1753,186,1567
101900007,1441,194,1247
101900008,460,647,-187
101900009,212,1046,-834
101900010,1634,1098,536
101900011,724,2889,-2165
101900012,297,882,-585
101900013,1978,258,1720
101900017,53,311,-258
101900018,3155,503,2652
101900019,497,254,243
101900020,369,261,108
101900021,2,88,-86
101900022,204,2232,-2028
101900023,208,396,-188
102000001,10559,6748,3811
102000002,6771,2161,4610
102000003,6361,12238,-5877
102000004,13638,5929,7709
102000005,3421,4102,-681
102000006,3801,4082,-281
102000007,2934,9261,-6327
102000008,9303,3944,5359
102000009,8647,11986,-3339
102000010,8606,8242,364
102000011,6404,4121,2283
102000012,7679,6681,998
102000018,6500,5034,1466
102000019,4518,4016,502
102000026,642,2232,-1590
102000029,565,302,263
102000030,219,709,-490
102000031,92,331,-239
102000032,524,700,-176
102000033,412,784,-372
102000034,821,1113,-292
102000035,1860,1166,694
102000036,14,998,-984
102000037,360,207,153
102000038,836,314,522
102000039,1014,163,851
102000040,1229,306,923
102000041,579,579,0
102000042,738,391,347
102000043,972,448,524
102000044,2121,1058,1063
102000045,1673,2302,-629
102000046,2509,1160,1349
102000047,1291,2566,-1275
102000048,553,1613,-1060
102000049,2712,1583,1129
102000050,2551,1931,620
102000051,897,1309,-412
102000052,2917,1399,1518
102000053,2746,1624,1122
102000054,724,1439,-715
102000055,1220,1545,-325
102000056,1017,2945,-1928
102000057,2087,1310,777
102000058,1633,3312,-1679
102000059,2585,2763,-178
102000060,2189,1809,380
102000061,1990,3447,-1457
102000062,2248,2446,-198
102000063,1883,2804,-921
102000064,900,1189,-289
102000065,77,247,-170
102000066,1474,3140,-1666
102000067,4424,5860,-1436
102000068,20024,5804,14220
102000069,117,2586,-2469
102000070,2481,89,2392
102000071,14074,15252,-1178
102000072,5400,8858,-3458
102000073,2633,1456,1177
102000074,1333,1721,-388
102000075,344,638,-294
102000076,298,1025,-727
102000077,644,1660,-1016
102000078,847,1334,-487
102000079,200,511,-311
102000080,353,368,-15
102000081,537,1107,-570
102000082,1409,487,922
102000083,656,625,31
102000084,247,631,-384
102000085,2383,2108,275
102000086,1663,2117,-454
102000087,1791,2625,-834
102000088,428,531,-103
102000089,1939,816,1123
102000090,943,1579,-636
102000091,3179,893,2286
102000092,493,1640,-1147
102000093,1014,1129,-115
102000094,1608,1181,427
102000095,1769,2491,-722
102000096,1270,1798,-528
102000097,1912,2045,-133
102000098,1041,1906,-865
102000099,1933,1196,737
102000100,1472,2307,-835
102000101,2338,1431,907
102000102,748,6111,-5363
102000103,2488,957,1531
102000104,2079,659,1420
102000105,507,1320,-813
102000106,1098,1573,-475
102000107,1600,911,689
102000108,1036,751,285
102000109,1084,1001,83
102000110,985,2389,-1404
102000111,20,606,-586
102000112,234,181,53
102000113,22,50,-28
102000114,1786,647,1139
102000115,364,433,-69
102000116,2412,600,1812
102000117,781,1010,-229
102000118,4060,1621,2439
102000119,4006,1187,2819
102000120,376,819,-443
102000121,1364,837,527
102000122,763,1349,-586
102000123,2019,1887,132
102000124,2270,1684,586
102000125,997,1952,-955
102000126,956,1137,-181
102000127,1534,1172,362
102000128,979,1651,-672
102000129,1990,1348,642
102000130,845,1263,-418
102000131,3208,1358,1850
102000132,1304,1447,-143
102000133,1864,3468,-1604
102000134,1066,1489,-423
102000135,1462,2292,-830
102000136,1942,1337,605
102000137,1641,1648,-7
102000138,356,739,-383
102000139,212,559,-347
102000140,569,419,150
102000141,505,791,-286
102000142,459,610,-151
102000143,285,725,-440
102000144,379,664,-285
102000145,495,727,-232
102000146,654,520,134
102000147,727,614,113
102000148,398,760,-362
102000149,303,978,-675
102000150,343,565,-222
102000151,237,526,-289
102000152,211,366,-155
102000153,1452,702,750
102000154,841,1128,-287
102000155,220,529,-309
102000156,1175,195,980
102000157,360,375,-15
102000158,885,794,91
102000159,2406,815,1591
102000161,6709,3575,3134
102000162,347,221,126
102000163,225,934,-709
102000164,1934,1622,312
102000165,478,181,297
102000166,64,245,-181
102000167,391,318,73
102000168,417,172,245
102000169,250,1387,-1137
102000170,1030,365,665
102000171,659,203,456
102000172,761,656,105
102000173,1286,464,822
102000174,136,90,46
102000175,215,330,-115
102000176,67,87,-20
102000178,561,752,-191
102000179,783,375,408
102000180,988,867,121
102000181,714,1066,-352
102000182,760,975,-215
102000183,2016,2747,-731
102000184,2114,1347,767
102000185,3190,2229,961
102000186,1455,3265,-1810
102000187,1028,2895,-1867
102000188,1298,2282,-984
102000189,4855,1681,3174
102000190,983,4892,-3909
102000191,2095,1104,991
102000192,1581,1942,-361
102000193,110,267,-157
102000194,178,270,-92
102000195,1055,781,274
102000196,278,805,-527
102000197,680,656,24
102000198,331,1375,-1044
102000199,1089,531,558
102000200,560,1921,-1361
102000201,1036,797,239
102000202,10,218,-208
102000203,642,596,46
102000204,622,1675,-1053
102000205,1639,1059,580
102000206,1405,1325,80
102000207,2164,765,1399
102000208,1010,959,51
102000209,93,104,-11
102000210,585,869,-284
102000211,972,705,267
102000212,338,33,305
102000213,5,556,-551
102000214,304,28,276
102000215,13,759,-746
102000216,56,101,-45
102000217,12,287,-275
102000218,277,309,-32
102000219,755,511,244
102000225,903,1217,-314
102000226,5716,1976,3740
102000227,484,5,479
102000228,0,205,-205
102000229,79,53,26
102000230,429,888,-459
102000231,464,859,-395
102000232,30,552,-522
102000233,823,1652,-829
102000234,184,1700,-1516
102000236,367,206,161
102000237,1561,337,1224
102000238,295,683,-388
102000240,1148,874,274
102000241,315,212,103
102000243,19,188,-169
102000245,60,111,-51
102000246,20,52,-32
102000247,455,1782,-1327
102000248,386,870,-484
102000249,121,285,-164
102000250,68,653,-585
102000254,111,686,-575
102000266,69,322,-253
102000271,91,1,90
102000286,797,704,93
102000297,3410,2130,1280
102000301,0,0,0
102000303,0,0,0
102000305,0,0,0
102000307,0,7,-7
102000308,0,0,0
102900001,1584,1836,-252
102900002,517,65,452
102900003,75,370,-295
102900005,449,637,-188
102900006,734,414,320
102900007,584,57,527
102900008,321,176,145
102900009,874,502,372
102900010,1266,658,608
102900011,2993,953,2040
102900012,609,131,478
102900013,38,98,-60
102900015,1157,777,380
102900016,95,208,-113
102900017,284,1112,-828
102900018,55,215,-160
102900019,1008,1128,-120
102900020,200,66,134
102900021,35,258,-223
102900022,721,176,545
102900023,37,108,-71
102900024,40,109,-69
102900025,530,229,301
102900026,1405,2144,-739
102900027,88,139,-51
102900028,239,1189,-950
102900029,331,380,-49
102900030,862,440,422
102900031,208,220,-12
102900032,142,173,-31
102900033,184,328,-144
102900034,590,166,424
102900035,220,592,-372
102900036,349,966,-617
102900037,306,1194,-888
102900038,593,1164,-571
102900039,62,688,-626
102900040,218,413,-195
102900041,116,350,-234
102900042,282,637,-355
102900043,206,416,-210
102900044,926,2932,-2006
102900045,173,847,-674
102900046,139,425,-286
102900047,93,1145,-1052
102900048,858,1092,-234
102900049,161,603,-442
102900050,467,617,-150
102900051,265,434,-169
102900052,68,67,1
102900053,552,1127,-575
102900054,1436,1520,-84
102900055,271,329,-58
102900056,254,820,-566
102900057,10,54,-44
102900058,509,188,321
102900059,24,97,-73
102900060,229,773,-544
102900061,245,866,-621
102900062,265,1923,-1658
102900063,1454,771,683
102900064,297,1141,-844
102900065,2901,657,2244
102900066,504,91,413
102900068,230,137,93
102900070,438,989,-551
102900072,12,48,-36
102900073,299,11,288
102900074,510,362,148
102900075,37,46,-9
102900076,448,155,293
102900077,90,64,26
102900078,100,206,-106
102900079,383,23,360
102900080,572,73,499
102900081,152,483,-331
102900082,15,356,-341
102900083,452,25,427
102900084,22,41,-19
102900085,445,201,244
102900086,19,89,-70
102900087,308,193,115
102900088,112,54,58
102900089,506,283,223
102900090,4,748,-744
102900091,292,16,276
102900092,730,1513,-783
102900093,475,450,25
102900094,1,133,-132
102900095,390,1,389
102900096,59,18,41
102900097,246,493,-247
103000001,3567,4159,-592
103000002,5003,4051,952
103000003,9384,4665,4719
103000004,1437,1239,198
103000005,3681,5626,-1945
103000006,1106,2467,-1361
103000007,760,1369,-609
103000008,2169,1422,747
103000009,2229,1757,472
103000010,241,184,57
103000011,2467,2150,317
103000012,1849,2362,-513
103000013,9611,3621,5990
103000014,2274,4656,-2382
103000015,4077,1243,2834
103000016,828,2349,-1521
103000017,290,636,-346
103000018,1830,739,1091
103000019,371,403,-32
103000020,4259,2393,1866
103000021,3508,2292,1216
103000022,1480,1856,-376
103000023,932,2720,-1788
103000024,147,329,-182
103000025,100,873,-773
103000026,2322,262,2060
103000027,438,909,-471
103000028,853,621,232
103000029,612,597,15
103000030,2985,1273,1712
103000031,2542,3997,-1455
103000032,2896,3050,-154
103000033,3882,4358,-476
103000034,2426,1840,586
103000035,627,2577,-1950
103000036,765,965,-200
103000037,914,846,68
103000038,862,2058,-1196
103000039,538,725,-187
103000040,594,2220,-1626
103000041,2365,4283,-1918
103000042,1392,969,423
103000043,668,2120,-1452
103000044,246,415,-169
103000046,424,924,-500
103000047,1052,1119,-67
103000048,235,326,-91
103000049,148,339,-191
103000050,1232,1125,107
103000051,843,1000,-157
103000052,1194,774,420
103000053,252,957,-705
103000054,3469,2080,1389
103000055,2430,3465,-1035
103000056,848,3212,-2364
103000057,488,533,-45
103000058,852,1481,-629
103000059,539,1297,-758
103000060,1088,1256,-168
103000061,524,1596,-1072
103000062,1626,1204,422
103000063,1036,1316,-280
103000064,203,427,-224
103000065,3,586,-583
103000066,348,15,333
103000069,441,629,-188
103000070,1489,1616,-127
103000071,1699,640,1059
103000072,201,1490,-1289
103000073,902,223,679
103000074,1292,171,1121
103000075,194,1543,-1349
103000076,548,580,-32
103000077,101,697,-596
103000078,2879,1076,1803
103000079,2441,947,1494
103000080,1998,713,1285
103000081,912,1460,-548
103000082,956,406,550
103000083,255,522,-267
103000084,266,14,252
103000085,12,136,-124
103000086,1598,787,811
103000087,410,919,-509
103000088,750,581,169
103000089,573,1026,-453
103000090,2629,1230,1399
103000091,776,681,95
103000092,611,471,140
103000093,406,705,-299
103000094,272,179,93
103000095,108,671,-563
103000096,1031,195,836
103000097,127,1162,-1035
103000098,1592,311,1281
103000099,656,844,-188
103000100,191,1342,-1151
103000101,1312,285,1027
103000102,175,1119,-944
103000103,889,468,421
103000104,108,188,-80
103000105,213,323,-110
103000106,34,114,-80
103000107,529,135,394
103000108,1085,902,183
103000109,931,580,351
103000110,782,646,136
103000111,1508,658,850
103000112,1008,322,686
103000113,2529,1073,1456
103000114,4265,641,3624
103000115,705,847,-142
103000116,693,896,-203
103000117,479,812,-333
103000118,3111,1602,1509
103000119,2897,1024,1873
103000120,250,175,75
103000121,572,1198,-626
103000122,797,609,188
103000125,26,595,-569
103000126,724,20,704
103000127,3,345,-342
103000128,219,10,209
103000129,2,240,-238
103000130,92,61,31
103000131,283,175,108
103000132,104,291,-187
103000133,30,210,-180
103000134,1066,1604,-538
103000135,1500,467,1033
103000136,1771,773,998
103000137,1478,1057,421
103000138,1629,1314,315
103000139,30,104,-74
103000140,341,30,311
103000141,82,197,-115
103000142,252,160,92
103000143,198,269,-71
103000144,280,174,106
103000145,188,72,116
103000150,123,108,15
103000152,742,432,310
103000153,612,239,373
103000156,11,732,-721
103000157,600,10,590
103000159,317,171,146
103000162,259,29,230
103000163,26,47,-21
103000164,65,41,24
103000165,392,631,-239
103000166,313,336,-23
103000167,695,141,554
103000168,128,257,-129
103000169,315,722,-407
103000170,745,906,-161
103000171,35,90,-55
103000172,591,576,15
103000173,657,1399,-742
103000174,275,583,-308
103000175,218,641,-423
103000176,1717,759,958
103000177,1452,724,728
103000178,463,478,-15
103000179,274,39,235
103000183,205,45,160
103000185,126,171,-45
103000186,111,316,-205
103000187,722,1090,-368
103000188,13,80,-67
103000189,2981,1432,1549
103000191,1060,1214,-154
103000292,4007,2568,1439
103000293,2310,2727,-417
103000295,169,101,68
103000296,635,3,632
103000297,198,31,167
103000504,388,61,327
103000505,24,23,1
103000506,2,332,-330
103000507,252,0,252
103000508,64,61,3
103000509,342,900,-558
103900001,12,607,-595
103900002,3627,282,3345
103900003,3634,202,3432
103900004,157,1,156
103900005,4,507,-503
103900006,6,21,-15
103900007,84,88,-4
103900008,35,2,33
103900009,403,529,-126
103900010,236,479,-243
103900011,296,334,-38
103900012,21,31,-10
103900013,49,118,-69
103900014,65,46,19
103900015,63,35,28
103900016,446,343,103
103900017,37,149,-112
103900018,1057,366,691
103900019,78,487,-409
103900020,372,679,-307
103900021,1478,125,1353
103900022,1759,1190,569
103900023,163,3,160
103900024,199,1236,-1037
103900025,21,101,-80
103900026,30,0,30
103900027,894,608,286
103900028,41,420,-379
103900029,1515,231,1284
103900030,736,99,637
103900031,28,3,25
103900032,119,92,27
103900033,676,18,658
103900034,50,523,-473
103900035,98,153,-55
103900036,155,47,108
103900037,224,66,158
103900038,147,257,-110
103900039,77,586,-509
103900040,32,327,-295
103900041,80,69,11
103900042,72,569,-497
103900043,205,245,-40
103900044,402,476,-74
103900045,368,306,62
103900047,69,44,25
103900048,62,41,21
103900049,386,2393,-2007
103900050,13,173,-160
103900051,2,70,-68
103900052,313,889,-576
103900053,264,1823,-1559
103900054,155,922,-767
103900055,681,369,312
103900056,75,54,21
103900057,59,376,-317
103900058,305,1236,-931
103900059,1,23,-22
103900060,50,359,-309
103900061,157,84,73
103900062,496,152,344
103900063,1,0,1
103900064,96,13,83
103900065,1171,711,460
103900066,186,39,147
103900067,262,8,254
103900068,13,0,13
103900069,190,29,161
103900070,219,479,-260
103900071,46,308,-262
103900072,15,367,-352
103900073,60,54,6
103900074,96,151,-55
103900075,225,186,39
103900076,559,1216,-657
103900077,129,154,-25
103900078,221,224,-3
103900079,172,390,-218
103900080,29,75,-46
103900081,127,21,106
103900082,29,145,-116
103900083,2707,2007,700
103900084,113,287,-174
103900085,126,168,-42
103900086,928,614,314
103900087,40,206,-166
103900088,495,578,-83
103900089,54,269,-215
103900090,8,366,-358
103900091,1399,417,982
103900092,1857,740,1117
103900093,131,489,-358
103900094,15,226,-211
103900095,1446,291,1155
103900096,38,364,-326
103900097,21,883,-862
103900098,276,206,70
103900099,96,348,-252
103900100,253,574,-321
103900101,128,1729,-1601
103900102,3,49,-46
103900104,11,55,-44
103900105,184,333,-149
103900106,0,70,-70
103900107,275,463,-188
103900108,53,559,-506
103900109,126,131,-5
103900110,355,93,262
103900111,132,1326,-1194
103900112,57,91,-34
103900113,225,396,-171
103900114,831,574,257
103900115,379,491,-112
103900116,10059,3758,6301
103900117,278,243,35
103900119,52,61,-9
103900120,97,210,-113
103900122,127,455,-328
103900123,3300,947,2353
103900124,83,751,-668
103900125,165,142,23
103900126,683,843,-160
103900127,174,1240,-1066
103900128,112,265,-153
103900131,45,173,-128
103900133,1592,32,1560
103900134,2,8,-6
103900135,62,24,38
103900137,7,143,-136
103900138,97,533,-436
103900139,464,2378,-1914
103900140,6,150,-144
103900141,406,150,256
103900142,310,590,-280
103900143,71,7,64
103900144,0,230,-230
103900145,248,629,-381
103900146,449,608,-159
103900147,563,238,325
103900148,278,388,-110
103900149,336,1290,-954
103900150,13587,5981,7606
103900151,82,299,-217
103900152,566,953,-387
103900153,14,9,5
103900154,2279,3983,-1704
103900155,50,479,-429
103900156,37,369,-332
103900157,43,528,-485
103900158,108,418,-310
103900159,161,180,-19
103900160,83,44,39
103900161,116,425,-309
103900162,91,473,-382
103900163,11,782,-771
103900167,38,126,-88
103900168,237,387,-150
103900169,43,92,-49
103900170,7,175,-168
103900171,1,125,-124
103900172,22,55,-33
103900173,24,26,-2
103900174,307,133,174
103900175,120,116,4
103900176,13,34,-21
103900177,20,77,-57
103900178,73,173,-100
103900179,95,425,-330
103900180,31,217,-186
103900181,114,96,18
103900182,59,36,23
103900184,1071,155,916
103900185,618,360,258
103900187,126,103,23
103900188,73,37,36
103900189,151,27,124
103900190,165,71,94
103900191,67,107,-40
103900192,47,210,-163
103900193,282,308,-26
103900194,180,554,-374
103900195,10,68,-58
103900196,38,43,-5
103900197,41,47,-6
103900198,33,107,-74
103900199,261,87,174
103900200,182,257,-75
103900201,177,343,-166
103900202,7,81,-74
103900203,67,47,20
103900204,2,213,-211
103900207,2,235,-233
103900208,167,16,151
103900209,32,149,-117
103900210,88,34,54
103900211,795,1029,-234
103900212,177,616,-439
103900213,446,420,26
103900214,993,243,750
103900215,945,439,506
103900216,17,694,-677
103900217,643,202,441
103900218,0,577,-577
103900219,202,636,-434
103900233,184,14,170
103900235,148,40,108
103900236,85,10,75
103900242,7,35,-28
103900243,15,38,-23
103900244,149,661,-512
103900245,214,394,-180
103900246,100,85,15
103900247,88,184,-96
103900248,41,54,-13
103900249,66,123,-57
103900250,138,64,74
103900251,8,62,-54
103900253,110,125,-15
103900254,40,90,-50
103900255,131,35,96
103900256,222,61,161
103900257,242,513,-271
103900258,167,17,150
103900259,159,24,135
103900261,20,16,4
103900262,78,8,70
103900263,123,186,-63
103900264,145,95,50
103900265,165,28,137
103900266,2,111,-109
103900267,22,98,-76
103900268,10,178,-168
103900269,223,344,-121
103900270,83,276,-193
103900271,18,50,-32
104000001,3386,3578,-192
104000002,2826,5300,-2474
104000003,3756,4018,-262
104000004,4845,4926,-81
104000005,2140,3259,-1119
104000006,3859,5306,-1447
104000007,6224,6446,-222
104000008,602,661,-59
104000009,329,173,156
104000010,271,431,-160
104000011,1485,610,875
104000012,273,773,-500
104000013,293,243,50
104000014,456,1347,-891
104000015,384,271,113
104000016,845,843,2
104000018,991,236,755
104000019,837,248,589
104000020,320,1106,-786
104000021,475,1006,-531
104000022,234,437,-203
104000023,823,588,235
104000024,370,630,-260
104000026,70,515,-445
104000027,577,714,-137
104000028,502,412,90
104000029,553,871,-318
104000030,407,368,39
104000031,1315,503,812
104000032,360,646,-286
104000033,801,642,159
104000034,432,639,-207
104000035,1139,699,440
104000036,924,1004,-80
104000037,429,466,-37
104000038,440,519,-79
104000039,309,564,-255
104000040,804,683,121
104000041,632,608,24
104000042,334,625,-291
104000043,433,694,-261
104000044,378,1215,-837
104000045,1568,2012,-444
104000046,2238,2587,-349
104000047,1394,2186,-792
104000048,1743,3036,-1293
104000049,813,625,188
104000050,414,1210,-796
104000051,233,1074,-841
104000052,1992,2744,-752
104000053,1386,1047,339
104000054,865,958,-93
104000055,7354,4421,2933
104000056,2494,427,2067
104000057,258,789,-531
104000058,995,1173,-178
104000059,1017,2218,-1201
104000060,1614,1832,-218
104000061,2424,2260,164
104000062,510,329,181
104000064,865,624,241
104000065,432,766,-334
104000069,2537,1524,1013
104000070,104,773,-669
104000071,225,722,-497
104000072,968,471,497
104000075,132,506,-374
104000076,831,225,606
104000082,4223,4785,-562
104000083,1298,416,882
104000084,216,836,-620
104000085,494,528,-34
104000086,290,710,-420
104000087,649,2728,-2079
104000090,1011,2737,-1726
104000092,1502,4597,-3095
104000094,1559,3362,-1803
104000095,2448,2330,118
104000096,2189,868,1321
104000097,2174,1795,379
104000098,2374,2082,292
104000100,2427,1099,1328
104000101,1679,4643,-2964
104000106,291,989,-698
104000107,997,922,75
104000108,520,1175,-655
104000109,443,135,308
104000110,1291,1763,-472
104000111,8362,3986,4376
104000112,3763,1039,2724
104000116,7,2166,-2159
104000117,206,1853,-1647
104000118,714,468,246
104000119,726,478,248
104000120,302,1877,-1575
104000121,343,1431,-1088
104000122,743,1191,-448
104000123,1933,2016,-83
104000124,2001,5226,-3225
104000125,9014,6232,2782
104000126,603,838,-235
104000127,2549,5565,-3016
104000128,1349,748,601
104000129,977,57,920
104000130,16,556,-540
104000131,2382,700,1682
104000132,1398,1005,393
104000133,1813,1687,126
104000134,1275,3199,-1924
104000135,531,2856,-2325
104000136,1116,5987,-4871
104000137,2094,626,1468
104000138,1747,1006,741
104000139,12824,5490,7334
104000141,1453,2765,-1312
104000142,918,1518,-600
104000143,873,999,-126
104000144,172,363,-191
104000145,744,327,417
104000146,622,1122,-500
104000147,236,613,-377
104000148,426,255,171
104000149,239,560,-321
104000150,1330,859,471
104000151,612,895,-283
104000152,842,1076,-234
104000153,809,758,51
104000154,1714,1302,412
104000155,583,745,-162
104000157,1555,2721,-1166
104000158,706,675,31
104000159,1625,727,898
104000160,2618,2950,-332
104000161,459,352,107
104000162,63,237,-174
104000165,2149,1854,295
104000167,852,1282,-430
104000168,948,10,938
104000169,162,62,100
104000170,996,841,155
104000248,581,1601,-1020
104000251,110,526,-416
104000272,0,0,0
104000273,0,0,0
104000274,0,0,0
104000275,0,0,0
104000279,1306,781,525
104000290,218,591,-373
104000291,1167,2029,-862
104000293,1420,1130,290
104000294,33,0,33
104000295,871,1447,-576
104000296,627,1486,-859
104000297,1415,2803,-1388
104000298,3143,1732,1411
104000299,1296,2869,-1573
104900001,215,706,-491
104900002,72,238,-166
104900003,54,573,-519
104900004,80,559,-479
104900005,403,361,42
104900006,477,175,302
104900007,406,491,-85
104900009,218,774,-556
104900010,84,58,26
104900011,25,6,19
104900012,261,48,213
104900013,141,18,123
104900014,5988,606,5382
104900015,221,11,210
104900016,267,580,-313
104900017,238,325,-87
104900018,31,337,-306
104900019,698,3570,-2872
104900020,110,505,-395
104900021,4,425,-421
104900022,32,200,-168
104900023,3,198,-195
104900024,38,181,-143
104900025,118,800,-682
104900026,9,238,-229
104900027,700,420,280
104900028,34,126,-92
104900029,67,156,-89
104900030,758,386,372
104900031,213,330,-117
104900032,78,281,-203
104900033,282,409,-127
104900034,481,260,221
104900035,365,247,118
104900036,193,116,77
104900037,188,548,-360
104900038,1219,1125,94
104900039,1545,457,1088
104900040,431,151,280
104900041,319,305,14
104900042,233,670,-437
104900043,14,117,-103
104900044,604,398,206
104900045,543,132,411
104900046,253,281,-28
104900047,355,240,115
104900048,410,121,289
104900049,45,33,12
104900050,262,213,49
104900051,377,92,285
104900052,76,2,74
104900053,628,153,475
104900054,187,150,37
104900055,77,1,76
104900056,238,19,219
104900057,36,0,36
104900058,2187,460,1727
104900059,301,74,227
104900060,1,571,-570
104900061,499,931,-432
104900063,3,225,-222
104900064,1,145,-144
104900065,0,262,-262
104900066,6,390,-384
104900067,10,474,-464
104900068,24,367,-343
104900070,225,393,-168
104900071,11,1348,-1337
104900072,80,365,-285
104900073,111,535,-424
104900074,96,346,-250
104900075,88,166,-78
104900076,119,557,-438
104900077,2396,362,2034
104900078,225,1019,-794
104900079,253,721,-468
104900080,107,813,-706
104900082,21,621,-600
104900085,10,340,-330
104900087,462,9,453
104900089,172,1,171
104900090,1094,917,177
104900091,883,1592,-709
104900093,340,1010,-670
104900097,5907,2826,3081
104900098,161,101,60
104900099,396,905,-509
104900100,1477,526,951
104900102,44,525,-481
104900103,711,208,503
104900104,6610,2892,3718
104900106,119,214,-95
104900107,159,548,-389
104900108,62,574,-512
104900109,177,772,-595
104900110,25,104,-79
104900111,234,268,-34
104900112,365,1551,-1186
104900113,841,830,11
104900114,467,1081,-614
104900115,861,925,-64
104900116,366,473,-107
104900118,42,142,-100
104900119,2,48,-46
104900120,95,196,-101
104900121,1,173,-172
104900122,3,165,-162
104900123,55,10,45
104900124,25,1,24
104900125,747,7,740
104900126,126,138,-12
104900127,68,86,-18
104900128,168,246,-78
104900129,4823,2950,1873
105000001,3683,2742,941
105000002,4333,2816,1517
105000003,6913,5777,1136
105000004,802,2075,-1273
105000005,1107,2032,-925
105000006,2370,2926,-556
105000007,2382,2499,-117
105000008,3600,4391,-791
105000009,2599,4298,-1699
105000010,5325,4579,746
105000011,3468,3621,-153
105000012,5673,4986,687
105000013,1193,1481,-288
105000014,2154,3240,-1086
105000015,12331,14199,-1868
105000016,6557,4022,2535
105000017,3782,1575,2207
105000018,2940,2116,824
105000019,2923,1795,1128
105000020,623,557,66
105000021,728,215,513
105000022,413,107,306
105000023,838,404,434
105000028,126,246,-120
105000029,724,1750,-1026
105000030,6337,5860,477
105000033,1510,3441,-1931
105000034,410,1374,-964
105000037,1058,905,153
105000038,2606,2412,194
105000039,4007,3335,672
105000040,1302,1586,-284
105000041,822,2376,-1554
105000042,3899,2040,1859
105000043,2819,3585,-766
105000044,649,598,51
105000045,521,1509,-988
105000046,1110,573,537
105000047,581,2216,-1635
105000048,1015,427,588
105000049,463,1316,-853
105000050,777,598,179
105000051,385,1011,-626
105000052,776,1634,-858
105000053,236,340,-104
105000054,568,1543,-975
105000055,1612,678,934
105000056,1777,4451,-2674
105000057,1655,1679,-24
105000058,2494,2435,59
105000059,979,972,7
105000060,920,1295,-375
105000061,1026,917,109
105000062,1464,2047,-583
105000063,632,1214,-582
105000064,1874,1201,673
105000065,718,1471,-753
105000066,2287,3596,-1309
105000067,2163,1077,1086
105000068,1592,1618,-26
105000069,6548,2095,4453
105000070,1660,1309,351
105000071,1146,1225,-79
105000072,1347,3093,-1746
105000073,1616,1114,502
105000074,2126,1538,588
105000075,1467,1248,219
105000076,2671,1668,1003
105000077,3756,1523,2233
105000078,2930,1999,931
105000079,3220,2763,457
105000080,3967,2055,1912
105000081,3933,1232,2701
105000082,2260,1305,955
105000083,4514,2337,2177
105000084,1479,1644,-165
105000085,2551,1917,634
105000086,853,1618,-765
105000087,4467,3286,1181
105000088,2029,2544,-515
105000089,4164,3481,683
105000090,1541,1238,303
105000091,2903,3219,-316
105000092,1561,1911,-350
105000093,804,328,476
105000094,450,415,35
105000095,179,687,-508
105000096,2028,1212,816
105000097,2032,1146,886
105000098,2474,1008,1466
105000099,2746,1284,1462
105000100,1483,2130,-647
105000101,2788,3801,-1013
105000102,3174,2500,674
105000103,2582,4119,-1537
105000104,3209,1769,1440
105000105,1793,3919,-2126
105000106,2130,2990,-860
105000107,1645,1952,-307
105000108,1753,3344,-1591
105000109,2020,3171,-1151
105000110,927,1735,-808
105000111,1027,1215,-188
105000112,1768,1769,-1
105000113,655,1165,-510
105000114,7705,2055,5650
105000115,668,1445,-777
105000116,1188,820,368
105000117,1414,2339,-925
105000118,654,688,-34
105000119,891,2120,-1229
105000120,1227,1062,165
105000121,1409,2517,-1108
105000122,617,987,-370
105000123,2196,2589,-393
105000124,2420,1441,979
105000125,1453,3511,-2058
105000126,3277,3698,-421
105000127,3800,3689,111
105000128,1080,2317,-1237
105000129,1713,627,1086
105000130,459,3188,-2729
105000131,1104,954,150
105000132,1249,879,370
105000133,706,2145,-1439
105000134,1136,921,215
105000135,840,1272,-432
105000136,188,644,-456
105000137,437,420,17
105000138,277,663,-386
105000139,1616,1896,-280
105000140,352,815,-463
105000141,367,1267,-900
105000142,224,776,-552
105000143,498,1410,-912
105000144,617,1271,-654
105000145,997,763,234
105000146,881,1327,-446
105000147,812,688,124
105000148,1634,1038,596
105000149,3339,3512,-173
105000150,3337,2687,650
105000151,820,658,162
105000152,321,1141,-820
105000153,1074,978,96
105000154,1519,1477,42
105000155,534,1367,-833
105000156,1606,1540,66
105000157,1554,3935,-2381
105000158,3349,1373,1976
105000159,380,2479,-2099
105000160,2900,1042,1858
105000161,1434,2923,-1489
105000162,1397,2812,-1415
105000163,3349,2122,1227
105000164,335,618,-283
105000165,4087,8852,-4765
105000166,13182,1021,12161
105000167,6029,2606,3423
105000168,536,1450,-914
105000169,704,651,53
105000170,338,2686,-2348
105000171,1775,687,1088
105000172,195,85,110
105000173,174,89,85
105000174,95,91,4
105000175,101,233,-132
105000176,610,211,399
105000177,457,269,188
105000178,203,1400,-1197
105000179,444,264,180
105000180,152,203,-51
105000181,163,853,-690
105000182,91,72,19
105000183,5243,3383,1860
105000184,1393,1471,-78
105000185,1647,1305,342
105000186,684,1288,-604
105000187,1148,351,797
105000188,913,206,707
105000189,499,749,-250
105000190,835,592,243
105000191,561,462,99
105000192,773,98,675
105000193,327,222,105
105000194,291,158,133
105000195,514,1825,-1311
105000196,41,205,-164
105000197,422,1244,-822
105000198,934,643,291
105000199,658,934,-276
105000200,353,349,4
105000201,272,53,219
105000203,17,472,-455
105000204,123,161,-38
105000205,127,375,-248
105000207,791,375,416
105000208,405,668,-263
105000209,373,457,-84
105000212,1605,2777,-1172
105000213,416,275,141
105000214,171,438,-267
105000215,389,465,-76
105000216,194,539,-345
105000217,232,462,-230
105000218,1323,1803,-480
105000221,347,509,-162
105000222,554,89,465
105000223,353,328,25
105000226,129,658,-529
105000227,79,402,-323
105000228,639,2049,-1410
105000229,268,523,-255
105000231,430,490,-60
105000233,1035,930,105
105000234,869,2422,-1553
105000235,669,865,-196
105000237,1107,159,948
105000243,43,463,-420
105000248,258,119,139
105000262,340,3076,-2736
105000269,201,461,-260
105000270,526,151,375
105000271,3,423,-420
105000282,397,85,312
105000287,463,318,145
105000288,702,1021,-319
105000289,4529,2251,2278
105000290,23,12,11
105000402,8284,4400,3884
105000426,1028,899,129
105000438,4461,1311,3150
105000446,24069,9214,14855
105000447,13001,5432,7569
105000454,524,1510,-986
105000455,408,355,53
105000474,21,6,15
105000477,537,828,-291
105000478,2702,4608,-1906
105000479,411,221,190
105000480,7392,4735,2657
105000481,5354,3942,1412
105000482,9735,6984,2751
105000483,2230,2335,-105
105000484,4842,4701,141
105000485,2669,2804,-135
105000486,8044,4619,3425
105000488,10428,7589,2839
105000489,1533,1419,114
105000549,97,239,-142
105000550,1079,2192,-1113
105000551,57,157,-100
105000552,6195,3410,2785
105900001,21,2097,-2076
105900002,3029,920,2109
105900003,22,192,-170
105900004,533,264,269
105900005,4,342,-338
105900006,30,140,-110
105900007,291,30,261
105900008,88,1245,-1157
105900009,28,31,-3
105900011,428,85,343
105900012,756,182,574
105900013,7,48,-41
105900014,12,171,-159
105900015,381,687,-306
105900016,541,1180,-639
105900017,1487,122,1365
105900018,292,541,-249
105900019,114,673,-559
105900020,85,93,-8
105900021,61,568,-507
105900022,357,593,-236
105900023,8,216,-208
105900024,20,269,-249
105900025,210,67,143
105900026,584,100,484
105900027,10560,9616,944
105900028,580,248,332
105900029,3628,641,2987
105900030,465,395,70
105900031,684,278,406
105900032,134,220,-86
105900033,212,196,16
105900034,317,394,-77
105900035,340,352,-12
105900036,77,325,-248
105900037,119,121,-2
105900038,249,679,-430
105900039,174,300,-126
105900040,103,157,-54
105900041,308,833,-525
105900042,143,227,-84
105900043,4059,109,3950
105900044,6,432,-426
105900045,10,1234,-1224
105900046,28,390,-362
105900047,16,72,-56
105900048,159,943,-784
105900050,5871,2314,3557
105900051,34,2740,-2706
105900052,786,296,490
105900053,7057,4138,2919
105900054,496,689,-193
105900056,1570,564,1006
105900057,32,303,-271
105900058,29,56,-27
105900059,0,76,-76
106000001,6131,3508,2623
106000002,4109,8176,-4067
106000003,4401,5331,-930
106000004,3458,4638,-1180
106000005,3557,8893,-5336
106000006,8893,7883,1010
106000007,603,822,-219
106000008,524,495,29
106000009,713,560,153
106000010,763,968,-205
106000011,1192,1645,-453
106000012,1293,2412,-1119
106000013,2253,2859,-606
106000014,3070,2885,185
106000015,1684,1861,-177
106000016,1793,4014,-2221
106000017,984,1071,-87
106000018,1082,961,121
106000019,555,653,-98
106000020,402,708,-306
106000021,347,721,-374
106000022,499,422,77
106000023,887,567,320
106000024,1334,1208,126
106000025,161,341,-180
106000026,167,420,-253
106000027,1511,2226,-715
106000028,837,981,-144
106000029,1261,1788,-527
106000030,1334,659,675
106000034,315,1019,-704
106000035,1433,2578,-1145
106000036,522,683,-161
106000037,3087,2510,577
106000038,807,213,594
106000039,369,137,232
106000040,258,1252,-994
106000041,1249,765,484
106000043,1038,252,786
106000046,555,89,466
106000047,60,736,-676
106000049,1055,357,698
106000050,543,1513,-970
106000051,1175,709,466
106000052,146,1075,-929
106000053,318,218,100
106000054,491,758,-267
106000055,1462,2068,-606
106000056,484,678,-194
106000057,278,468,-190
106000058,268,329,-61
106000059,377,415,-38
106000060,812,925,-113
106000061,251,855,-604
106000062,218,995,-777
106000063,835,928,-93
106000064,55,704,-649
106000065,551,395,156
106000066,220,708,-488
106000067,526,172,354
106000068,91,1078,-987
106000069,320,165,155
106000070,560,1334,-774
106000071,1433,557,876
106000072,8034,2790,5244
106000073,2892,4332,-1440
106000074,745,1288,-543
106000075,522,2034,-1512
106000076,2350,3102,-752
106000077,6074,2236,3838
106000078,1294,1506,-212
106000079,910,1614,-704
106000080,1562,1186,376
106000081,717,1804,-1087
106000082,3416,1526,1890
106000083,437,2312,-1875
106000084,1881,1217,664
106000085,2412,2279,133
106000086,946,1425,-479
106000087,1369,1083,286
106000088,527,1202,-675
106000089,1358,716,642
106000090,330,914,-584
106000091,415,1381,-966
106000092,1034,413,621
106000093,412,244,168
106000094,191,633,-442
106000095,829,1753,-924
106000096,1366,1151,215
106000097,1242,2069,-827
106000098,931,1683,-752
106000099,306,1316,-1010
106000100,1338,380,958
106000101,1545,416,1129
106000102,238,956,-718
106000103,376,940,-564
106000104,950,711,239
106000105,603,1360,-757
106000106,709,732,-23
106000107,141,699,-558
106000108,293,525,-232
106000109,141,495,-354
106000110,193,432,-239
106000111,267,968,-701
106000112,242,686,-444
106000113,1861,1152,709
106000114,772,686,86
106000115,365,883,-518
106000116,255,342,-87
106000117,1317,1265,52
106000118,1586,2032,-446
106000119,3027,1955,1072
106000120,1227,1501,-274
106000121,254,283,-29
106000122,162,560,-398
106000123,401,391,10
106000124,50,519,-469
106000125,42,538,-496
106000126,267,232,35
106000127,1311,1352,-41
106000128,894,430,464
106000129,734,976,-242
106000130,1030,611,419
106000131,199,1303,-1104
106000132,1114,252,862
106000133,5551,2029,3522
106000134,1186,2309,-1123
106000135,340,1442,-1102
106000136,839,1103,-264
106000137,143,2054,-1911
106000138,1352,138,1214
106000139,73,231,-158
106000140,58,139,-81
106000141,168,175,-7
106000142,113,127,-14
106000143,45,134,-89
106000144,29,132,-103
106000145,302,582,-280
106000146,371,333,38
106000147,836,1032,-196
106000148,1157,1465,-308
106000149,663,693,-30
106000150,881,3261,-2380
106000151,7698,1310,6388
106000152,2260,3512,-1252
106000153,130,2517,-2387
106000154,2346,462,1884
106000155,137,418,-281
106000156,1036,612,424
106000157,1030,3216,-2186
106000158,4708,1473,3235
106000159,7430,2546,4884
106000160,530,4477,-3947
106000161,2307,790,1517
106000162,278,1532,-1254
106000163,479,941,-462
106000164,465,572,-107
106000165,288,1235,-947
106000166,1526,485,1041
106000167,682,2197,-1515
106000168,517,502,15
106000169,300,1255,-955
106000170,1056,417,639
106000171,260,1766,-1506
106000172,5188,1828,3360
106000173,2008,4452,-2444
106000174,1598,512,1086
106000175,573,1737,-1164
106000176,2319,1189,1130
106000177,1252,4163,-2911
106000178,4606,2798,1808
106000179,1739,3875,-2136
106000180,1427,2574,-1147
106000181,906,2952,-2046
106000182,1381,1356,25
106000183,1432,1599,-167
106000184,2316,1642,674
106000185,1234,1680,-446
106000186,1678,256,1422
106000187,376,1551,-1175
106000188,1,0,1
106000189,5,86,-81
106000190,12,2,10
106000191,888,321,567
106000192,5,49,-44
106000193,642,365,277
106000194,297,706,-409
106000195,1195,297,898
106000196,340,836,-496
106000197,689,598,91
106000198,218,496,-278
106000199,1393,1183,210
106000200,824,349,475
106000201,896,3601,-2705
106000202,10537,1172,9365
106000203,171,275,-104
106000204,89,8,81
106000205,33,213,-180
106000206,140,36,104
106000207,89,1285,-1196
106000208,1481,152,1329
106000209,1827,524,1303
106000210,363,2084,-1721
106000211,590,2131,-1541
106000212,1277,514,763
106000213,1556,2390,-834
106000214,4688,1096,3592
106000215,503,856,-353
106000216,470,566,-96
106000217,490,786,-296
106000218,510,661,-151
106000219,183,467,-284
106000220,442,460,-18
106000221,153,431,-278
106000222,65,220,-155
106000223,161,209,-48
106000224,303,485,-182
106000225,153,161,-8
106000226,263,511,-248
106000228,87,205,-118
106000229,144,1127,-983
106000231,1156,302,854
106000232,80,625,-545
106000233,681,210,471
106000234,102,326,-224
106000235,722,164,558
106000236,310,140,170
106000237,2,11,-9
106000238,37,19,18
106000239,4,156,-152
106000240,131,29,102
106000241,24,1163,-1139
106000242,337,24,313
106000249,119,161,-42
106000250,118,802,-684
106000251,138,63,75
106000252,37,152,-115
106000253,72,139,-67
106000254,51,91,-40
106000255,28,243,-215
106000256,104,144,-40
106000257,343,445,-102
106000258,438,33,405
106000259,7,78,-71
106000260,46,16,30
106000261,17,69,-52
106000262,117,35,82
106000263,23,100,-77
106000264,291,15,276
106000265,18,228,-210
106000266,207,42,165
106000267,14,143,-129
106000268,788,62,726
106000269,71,129,-58
106000270,303,728,-425
106000271,115,338,-223
106000272,265,89,176
106000273,13,358,-345
106000274,284,82,202
106000275,250,374,-124
106000276,236,106,130
106000277,224,264,-40
106000278,309,64,245
106000279,22,132,-110
106000280,82,269,-187
106000281,115,181,-66
106000282,104,96,8
106000283,204,192,12
106000284,73,160,-87
106000285,201,244,-43
106000286,95,278,-183
106000287,182,201,-19
106000288,122,271,-149
106000289,127,146,-19
106000290,95,209,-114
106000291,116,164,-48
106000292,119,245,-126
106000293,199,153,46
106000294,261,279,-18
106000295,83,83,0
106000296,104,205,-101
106000297,109,395,-286
106000298,206,117,89
106000299,125,219,-94
106000300,129,186,-57
106000301,132,182,-50
106000303,39,155,-116
106000304,40,81,-41
106000305,32,102,-70
106000306,40,141,-101
106000307,55,33,22
106000308,40,314,-274
106000309,35,153,-118
106000310,438,993,-555
106000311,501,311,190
106000312,139,333,-194
106000313,216,360,-144
106000318,281,554,-273
106000319,1274,230,1044
106000320,7,73,-66
106000321,738,114,624
106000322,143,288,-145
106000324,15,225,-210
106000325,1988,1475,513
106000326,1530,3080,-1550
106000327,161,236,-75
106000328,36,193,-157
106000329,210,589,-379
106000330,62,96,-34
106000428,73,270,-197
106000429,179,656,-477
106000430,548,2122,-1574
106000431,2429,575,1854
106000432,2622,4353,-1731
106000433,2711,1581,1130
106000434,4770,2248,2522
106000435,3140,4516,-1376
106000436,34,496,-462
106000437,471,55,416
106000438,757,215,542
106000439,89,859,-770
106000440,318,782,-464
106000441,1,0,1
106000442,257,17,240
106000443,155,710,-555
106000450,3,351,-348
106000451,36,67,-31
106000454,11,204,-193
106000455,12,237,-225
106000456,205,41,164
106000457,14,1641,-1627
106000458,694,285,409
106000459,212,624,-412
106000460,1282,90,1192
106000461,123,2450,-2327
106000462,0,40,-40
106000463,4,43,-39
106000464,8,722,-714
106000465,569,1,568
106000466,5,1032,-1027
106000467,619,967,-348
106000468,118,374,-256
106000469,420,6,414
106000470,453,2784,-2331
106000471,67,1067,-1000
106000472,237,30,207
106000473,46,44,2
106000474,544,1094,-550
106000475,311,228,83
106000476,237,240,-3
106000477,20,83,-63
106900001,1,24,-23
106900002,1,854,-853
106900003,435,1572,-1137
106900004,2,142,-140
106900006,0,25,-25
106900007,2,50,-48
106900008,320,547,-227
106900009,493,757,-264
106900010,259,569,-310
106900012,3972,2755,1217
106900013,748,164,584
106900014,41,5,36
106900015,22,1,21
106900016,347,7,340
106900017,8,0,8
106900018,2,0,2
106900019,38,6,32
106900020,4969,2207,2762
106900021,95,115,-20
106900022,616,2,614
106900023,60,414,-354
106900024,723,42,681
106900025,103,1166,-1063
106900026,3,1294,-1291
106900027,799,7,792
107000001,5574,4030,1544
107000002,7658,8057,-399
107000003,6813,8272,-1459
107000004,8678,9325,-647
107000005,4594,6976,-2382
107000006,6134,10606,-4472
107000007,6696,13512,-6816
107000008,21738,17024,4714
107000009,7876,9246,-1370
107000010,16181,19127,-2946
107000011,1589,2290,-701
107000012,6839,6404,435
107000013,89,174,-85
107000014,43,382,-339
107000015,620,1218,-598
107000016,902,1643,-741
107000017,4622,1558,3064
107000018,54,658,-604
107000020,2440,747,1693
107000021,1835,1056,779
107000022,1276,1826,-550
107000023,2510,564,1946
107000024,688,2657,-1969
107000025,259,664,-405
107000026,277,982,-705
107000027,1796,1590,206
107000028,1574,2731,-1157
107000029,3515,3338,177
107000030,4302,5284,-982
107000031,4684,3394,1290
107000032,664,1590,-926
107000033,6253,7818,-1565
107000034,7914,3624,4290
107000035,667,376,291
107000036,795,2602,-1807
107000037,131,1141,-1010
107000038,434,333,101
107000039,1360,1140,220
107000040,258,466,-208
107000041,2718,1111,1607
107000042,1136,2821,-1685
107000043,4757,1471,3286
107000044,864,481,383
107000045,181,465,-284
107000046,1072,585,487
107000047,697,1248,-551
107000048,998,482,516
107000049,846,1228,-382
107000050,1360,814,546
107000051,950,627,323
107000052,1795,1470,325
107000053,572,370,202
107000054,122,525,-403
107000055,134,156,-22
107000056,527,1311,-784
107000057,2369,374,1995
107000058,3256,3465,-209
107000059,3813,5946,-2133
107000060,5891,8238,-2347
107000061,9409,6545,2864
107000062,5150,4571,579
107000063,6032,9225,-3193
107000064,5682,3419,2263
107000065,6056,8801,-2745
107000066,2705,3854,-1149
107000067,1451,1511,-60
107000068,2665,980,1685
107000069,1284,802,482
107000070,1025,10,1015
107000071,3204,60,3144
107000072,95,5270,-5175
107000073,743,349,394
107000074,209,1473,-1264
107000075,1828,754,1074
107000076,1359,2525,-1166
107000077,4184,1732,2452
107000078,3224,5364,-2140
107000079,3402,1205,2197
107000080,1790,5075,-3285
107000081,1869,862,1007
107000082,754,3777,-3023
107000083,1778,689,1089
107000084,731,3475,-2744
107000085,4147,5128,-981
107000086,5523,5995,-472
107000087,4761,3362,1399
107000088,5460,6573,-1113
107000089,2020,3275,-1255
107000090,1714,2235,-521
107000091,1777,1363,414
107000092,1398,2179,-781
107000093,1827,1289,538
107000094,2160,2189,-29
107000095,1054,975,79
107000096,968,1713,-745
107000097,654,382,272
107000098,498,975,-477
107000099,623,478,145
107000100,504,545,-41
107000101,107,329,-222
107000102,651,546,105
107000103,466,366,100
107000104,443,718,-275
107000105,423,220,203
107000106,374,588,-214
107000107,701,309,392
107000108,369,1255,-886
107000109,686,268,418
107000110,175,900,-725
107000111,310,77,233
107000112,48,637,-589
107000113,721,172,549
107000114,149,1160,-1011
107000115,675,217,458
107000116,153,1539,-1386
107000117,149,650,-501
107000118,144,423,-279
107000119,3035,1945,1090
107000120,4001,679,3322
107000121,937,1069,-132
107000122,1561,1582,-21
107000123,511,1406,-895
107000124,714,1570,-856
107000125,997,1373,-376
107000126,1183,1428,-245
107000129,431,757,-326
107000130,799,631,168
107000131,715,1011,-296
107000132,708,520,188
107000133,969,168,801
107000134,374,1,373
107000135,7,442,-435
107000136,1068,8,1060
107000137,29,712,-683
107000138,650,40,610
107000139,24,752,-728
107000140,2131,135,1996
107000141,227,1390,-1163
107000142,585,166,419
107000143,98,1460,-1362
107000144,790,705,85
107000145,216,972,-756
107000146,228,538,-310
107000147,4530,1333,3197
107000150,1675,3564,-1889
107000151,87,170,-83
107000152,1007,1328,-321
107000153,770,747,23
107000154,329,273,56
107000155,1216,42,1174
107000156,1518,33,1485
107000157,63,3190,-3127
107000158,781,32,749
107000159,64,1916,-1852
107000160,1133,140,993
107000161,108,2757,-2649
107000162,335,639,-304
107000163,227,40,187
107000164,686,3,683
107000165,1045,9,1036
107000166,104,2185,-2081
107000167,726,444,282
107000168,1103,662,441
107000169,1654,1325,329
107000170,2899,1194,1705
107000171,1058,3747,-2689
107000172,1192,1882,-690
107000173,862,2143,-1281
107000174,1335,6335,-5000
107000175,14195,2916,11279
107000176,1,1,0
107000177,5,7,-2
107000178,14,72,-58
107000179,565,4222,-3657
107000180,1673,1460,213
107000181,482,2064,-1582
107000182,1873,1323,550
107000183,140,1479,-1339
107000184,1094,1039,55
107000185,673,2076,-1403
107000186,1569,546,1023
107000187,1817,2250,-433
107000188,802,901,-99
107000189,554,1680,-1126
107000190,803,1276,-473
107000191,929,1560,-631
107000192,2178,1666,512
107000193,628,737,-109
107000194,1467,1257,210
107000197,1156,354,802
107000198,353,1073,-720
107000199,1104,1338,-234
107000200,1897,1143,754
107000201,447,392,55
107000202,437,860,-423
107000203,1413,938,475
107000204,2254,1002,1252
107000205,2914,1643,1271
107000206,2083,2325,-242
107000207,846,1200,-354
107000208,1400,528,872
107000209,3980,2046,1934
107000210,1370,737,633
107000211,24,84,-60
107000212,26,620,-594
107000213,39,66,-27
107000214,23,328,-305
107000215,588,838,-250
107000216,611,705,-94
107000217,159,309,-150
107000219,127,208,-81
107000220,244,415,-171
107000222,408,1308,-900
107000224,471,126,345
107000225,310,941,-631
107000226,414,142,272
107000227,143,581,-438
107000228,118,294,-176
107000229,685,324,361
107000230,1971,979,992
107000231,2759,1624,1135
107000232,151,102,49
107000233,1994,1128,866
107000234,10,74,-64
107000235,116,14,102
107000236,32,992,-960
107000237,25,2,23
107000238,31,2,29
107000239,7504,1196,6308
107000240,114,1594,-1480
107000241,215,34,181
107000242,1262,77,1185
107000243,0,191,-191
107000244,8,102,-94
107000246,6,1698,-1692
107000249,4,1634,-1630
107000251,6,363,-357
107000252,12,1834,-1822
107000255,1303,202,1101
107000257,8,742,-734
107000258,3,223,-220
107000259,8,342,-334
107000260,666,14,652
107000262,11,923,-912
107000263,326,5,321
107000266,26,17,9
107000267,123,313,-190
107000268,204,306,-102
107000269,859,103,756
107000270,1,16,-15
107000271,18,1149,-1131
107000272,15,234,-219
107000273,2,295,-293
107000274,1745,340,1405
107000275,251,1174,-923
107000280,988,51,937
107000281,55,1743,-1688
107000282,64,1554,-1490
107000290,5,40,-35
107000291,13,20,-7
107000292,4,39,-35
107000293,214,2,212
107000294,0,62,-62
107000295,32,0,32
107000296,0,29,-29
107000444,359,9,350
107000496,4,49,-45
107000497,2070,4356,-2286
107000500,624,524,100
107000501,148,289,-141
107000502,746,596,150
107000505,918,1271,-353
107000506,6,34,-28
107000508,21,1017,-996
107000509,395,1239,-844
107000510,42,32,10
107000514,87,450,-363
107000515,37,431,-394
107000516,313,379,-66
107000518,1413,1364,49
107000519,5300,1536,3764
107000520,170,48,122
107900001,69,236,-167
107900002,82,12,70
107900003,580,24,556
107900004,144,3,141
107900005,1264,4,1260
107900006,333,2,331
107900007,469,74,395
107900008,79,77,2
107900009,279,17,262
107900010,32,3,29
107900012,117,13,104
107900013,361,98,263
107900014,40,6,34
107900015,1162,22,1140
107900016,695,205,490
107900017,72,3,69
107900018,87,187,-100
107900019,11,120,-109
107900020,141,19,122
107900021,73,271,-198
107900023,4,5,-1
107900024,0,62,-62
107900025,245,540,-295
107900026,46,182,-136
107900027,81,110,-29
107900028,76,144,-68
107900030,198,30,168
107900031,83,292,-209
107900032,9,4,5
107900033,44,5,39
107900034,539,15,524
107900035,1213,65,1148
107900036,66,25,41
107900037,2,54,-52
107900038,220,381,-161
107900039,39,106,-67
107900040,188,410,-222
107900041,4,1,3
107900043,38,313,-275
107900044,8,18,-10
107900045,160,40,120
107900046,208,210,-2
107900047,43,127,-84
107900048,199,7,192
107900049,544,1888,-1344
107900050,141,719,-578
107900051,158,155,3
107900052,26,40,-14
107900053,49,139,-90
107900055,1099,481,618
107900056,224,60,164
107900057,3,0,3
107900058,59,1277,-1218
107900060,36,74,-38
107900061,52,17,35
107900063,149,201,-52
107900064,582,126,456
107900065,273,10,263
107900066,16,17,-1
107900067,1,0,1
107900068,331,386,-55
107900069,53,2277,-2224
107900070,135,66,69
107900071,59,1507,-1448
107900072,135,344,-209
107900073,128,193,-65
107900074,1310,287,1023
107900076,156,102,54
107900077,77,5,72
107900078,523,49,474
107900079,14,49,-35
107900080,264,416,-152
107900081,44,130,-86
107900082,49,30,19
107900083,534,211,323
107900084,192,183,9
107900086,34,239,-205
107900087,958,201,757
107900088,41,38,3
107900089,436,1690,-1254
107900090,1033,3571,-2538
107900091,378,802,-424
107900092,2811,739,2072
107900093,163,119,44
107900095,5134,2925,2209
107900097,28,94,-66
107900098,51,223,-172
107900100,1594,1747,-153
107900101,1602,317,1285
107900102,31,10,21
107900103,46,219,-173
107900104,279,16,263
107900105,2,848,-846
107900106,8,1964,-1956
107900107,2241,603,1638
107900108,620,257,363
107900109,1357,8,1349
107900110,35,180,-145
107900111,11,1480,-1469
107900112,162,502,-340
107900113,310,263,47
107900114,164,290,-126
107900115,4,87,-83
107900116,182,374,-192
107900117,476,757,-281
107900118,103,286,-183
107900119,178,312,-134
107900120,47,29,18
107900121,3,285,-282
107900122,9,89,-80
107900123,5,61,-56
107900124,64,22,42
107900125,54,311,-257
107900126,10,50,-40
107900127,772,345,427
107900128,161,141,20
107900129,42,95,-53
107900130,116,74,42
107900131,923,250,673
107900132,143,773,-630
107900133,5,139,-134
107900134,41,53,-12
107900135,12,279,-267
107900136,72,75,-3
107900137,159,171,-12
107900138,70,81,-11
107900139,35,95,-60
107900140,151,104,47
107900141,76,145,-69
107900142,113,1853,-1740
107900143,71,81,-10
107900144,0,215,-215
107900145,18,189,-171
107900146,57,255,-198
107900147,98,43,55
107900148,251,286,-35
107900149,2959,404,2555
107900150,130,1629,-1499
107900151,53,159,-106
107900152,18,571,-553
107900153,248,501,-253
107900154,67,21,46
107900155,105,76,29
107900156,7,581,-574
107900157,95,133,-38
107900158,979,51,928
107900159,55,1895,-1840
107900160,116,234,-118
107900161,32,318,-286
107900162,1,295,-294
107900163,288,235,53
107900164,11,58,-47
107900165,49,165,-116
107900166,39,406,-367
107900167,42,68,-26
107900168,51,56,-5
107900169,8,304,-296
107900171,25,3057,-3032
107900172,3,637,-634
107900173,13,329,-316
107900174,145,20,125
107900175,23,33,-10
107900176,27,60,-33
107900177,5,331,-326
107900178,21,338,-317
107900179,39,230,-191
107900180,1564,652,912
107900181,505,588,-83
107900182,3,2165,-2162
107900183,56,554,-498
107900184,92,373,-281
107900185,135,8,127
107900186,21,66,-45
107900187,0,194,-194
107900188,1122,216,906
107900189,20,189,-169
107900190,156,136,20
107900191,92,162,-70
107900193,6,51,-45
107900194,321,12,309
107900195,6243,916,5327
107900196,120,142,-22
107900197,1785,422,1363
107900199,5,1500,-1495
107900201,151,191,-40
107900203,57,102,-45
107900204,263,411,-148
107900205,300,743,-443
107900206,1083,256,827
107900207,4,928,-924
107900208,9,1108,-1099
107900209,579,233,346
107900210,126,255,-129
107900213,1235,1021,214
107900214,9,273,-264
107900215,236,403,-167
107900216,190,131,59
107900217,67,123,-56
107900218,34,2237,-2203
107900219,32,260,-228
107900220,341,388,-47
107900221,307,300,7
107900223,133,1003,-870
107900224,193,517,-324
107900225,12,1329,-1317
107900226,130,247,-117
107900227,205,751,-546
107900228,29,185,-156
107900229,12,223,-211
107900230,20,259,-239
107900231,15,342,-327
107900232,55,266,-211
107900233,9,192,-183
107900234,184,194,-10
107900235,64,160,-96
107900236,92,111,-19
107900237,51,280,-229
107900238,30,213,-183
107900239,1929,700,1229
107900240,28,223,-195
107900241,15,122,-107
107900242,24,509,-485
107900243,4,81,-77
107900244,486,4,482
107900245,784,57,727
107900246,303,12,291
107900248,384,846,-462
107900249,862,31,831
107900250,3,935,-932
107900251,76,2190,-2114
107900252,1411,18,1393
107900253,270,6,264
107900254,92,487,-395
107900255,607,138,469
107900256,1532,836,696
107900257,268,161,107
107900258,134,475,-341
107900259,201,2417,-2216
107900261,10,865,-855
107900262,51,261,-210
107900264,466,9,457
107900265,153,309,-156
107900267,297,42,255
107900268,87,22,65
107900269,0,11,-11
107900270,0,1,-1
107900271,3,19,-16
107900272,219,30,189
107900273,56,157,-101
107900274,114,46,68
107900275,13,0,13
107900276,3,104,-101
107900277,0,391,-391
107900278,304,509,-205
107900279,167,144,23
107900280,2958,3116,-158
107900281,5927,2963,2964
107900282,168,571,-403
107900283,2302,704,1598
107900284,427,1125,-698
107900285,119,189,-70
107900286,220,171,49
107900287,213,321,-108
107900290,0,139,-139
107900291,740,24,716
107900292,120,414,-294
107900293,109,914,-805
107900295,56,158,-102
107900297,3,474,-471
107900298,1078,1331,-253
107900299,5780,3130,2650
107900300,69,367,-298
107900301,866,686,180
107900302,159,71,88
107900303,190,526,-336
107900304,262,690,-428
107900305,334,15,319
107900306,38,25,13
107900307,67,329,-262
107900308,254,131,123
107900309,226,7,219
107900310,304,1,303
107900311,18,132,-114
107900312,171,1,170
107900313,3,130,-127
107900314,1,54,-53
107900315,0,71,-71
107900316,61,3,58
107900317,204,9,195
107900318,9,245,-236
107900319,9,389,-380
107900320,3,288,-285
107900321,193,6,187
107900322,3,293,-290
107900323,23,306,-283
107900324,242,2,240
107900325,124,0,124
107900326,335,564,-229
107900327,7,73,-66
107900328,160,1,159
107900329,258,75,183
107900330,20,991,-971
107900331,314,67,247
107900332,250,63,187
107900333,67,25,42
107900334,18,376,-358
107900335,81,138,-57
107900336,37,64,-27
107900337,2089,1039,1050
107900338,5,199,-194
107900339,2,47,-45
107900340,0,82,-82
107900341,63,0,63
107900342,148,215,-67
107900343,113,9,104
107900344,9,281,-272
107900345,216,50,166
107900346,43,4,39
107900347,52,7,45
107900348,6,6,0
107900349,26,17,9
107900350,43,403,-360
108000001,3417,5941,-2524
108000002,3484,5053,-1569
108000003,5756,3903,1853
108000004,24454,26003,-1549
108000005,9064,6495,2569
108000006,11798,11449,349
108000007,6618,5500,1118
108000008,8180,9994,-1814
108000009,4834,5707,-873
108000010,5547,7953,-2406
108000011,14377,16227,-1850
108000012,26785,27243,-458
108000014,1515,936,579
108000015,769,417,352
108000016,340,942,-602
108000017,1297,567,730
108000018,2202,884,1318
108000019,2660,1238,1422
108000020,1869,837,1032
108000021,615,2533,-1918
108000022,840,2558,-1718
108000023,1561,362,1199
108000024,285,1070,-785
108000025,334,403,-69
108000026,573,811,-238
108000027,795,690,105
108000028,521,388,133
108000029,528,647,-119
108000030,889,318,571
108000031,456,827,-371
108000032,1666,855,811
108000033,1146,1916,-770
108000034,2115,739,1376
108000035,1576,3888,-2312
108000036,514,2242,-1728
108000037,1935,606,1329
108000038,3115,736,2379
108000039,755,3901,-3146
108000040,2387,1354,1033
108000041,968,4358,-3390
108000042,331,285,46
108000043,356,374,-18
108000044,421,275,146
108000045,365,778,-413
108000046,1680,512,1168
108000047,652,1669,-1017
108000048,204,611,-407
108000049,811,429,382
108000050,116,724,-608
108000051,339,192,147
108000052,334,1224,-890
108000053,403,268,135
108000054,765,1747,-982
108000055,1604,729,875
108000056,1506,1698,-192
108000057,980,1395,-415
108000058,2958,5025,-2067
108000059,5685,3231,2454
108000060,295,586,-291
108000061,235,438,-203
108000062,985,792,193
108000063,596,1034,-438
108000064,216,337,-121
108000065,855,1024,-169
108000066,2856,1143,1713
108000067,2583,824,1759
108000068,877,563,314
108000069,328,1531,-1203
108000070,2124,1045,1079
108000071,1058,2573,-1515
108000072,1946,1648,298
108000073,2188,3008,-820
108000074,523,561,-38
108000075,421,1238,-817
108000076,1215,818,397
108000077,1128,1115,13
108000078,2542,2212,330
108000079,1390,2740,-1350
108000080,1158,889,269
108000081,689,3546,-2857
108000082,1632,3141,-1509
108000083,2693,1292,1401
108000084,545,2109,-1564
108000085,755,603,152
108000086,1393,1501,-108
108000087,222,2495,-2273
108000088,297,10,287
108000089,679,552,127
108000090,718,195,523
108000091,330,957,-627
108000092,226,168,58
108000093,239,1522,-1283
108000094,830,221,609
108000095,237,806,-569
108000096,334,273,61
108000097,221,1014,-793
108000098,1718,2306,-588
108000099,303,137,166
108000100,55,315,-260
108000101,1345,1788,-443
108000102,1986,3555,-1569
108000106,1334,4,1330
108000107,5,1362,-1357
108000108,940,92,848
108000109,14,1511,-1497
108000110,208,478,-270
108000111,325,1417,-1092
108000112,103,197,-94
108000113,829,464,365
108000115,627,784,-157
108000117,1366,618,748
108000118,324,405,-81
108000119,1091,640,451
108000120,185,1180,-995
108000121,241,974,-733
108000122,557,551,6
108000123,918,521,397
108000124,481,1000,-519
108000125,386,490,-104
108000126,225,796,-571
108000127,569,483,86
108000128,714,928,-214
108000129,367,1769,-1402
108000130,469,435,34
108000131,1196,668,528
108000132,3192,2415,777
108000133,1017,787,230
108000134,827,1021,-194
108000135,1365,534,831
108000136,1422,1570,-148
108000137,415,678,-263
108000138,480,1601,-1121
108000139,388,590,-202
108000140,92,37,55
108000141,83,239,-156
108000142,105,212,-107
108000143,41,75,-34
108000144,38,19,19
108000145,82,56,26
108000146,59,22,37
108000147,96,107,-11
108000148,83,20,63
108000149,47,61,-14
108000150,35,12,23
108000151,80,26,54
108000152,148,838,-690
108000153,487,173,314
108000154,78,30,48
108000155,26,42,-16
108000156,555,218,337
108000157,231,1101,-870
108000158,157,927,-770
108000159,1136,265,871
108000160,7637,1617,6020
108000161,7501,3107,4394
108000165,7,245,-238
108000172,5,359,-354
108000173,4158,2669,1489
108000175,238,132,106
108000178,626,521,105
108000179,326,994,-668
108000181,90,36,54
108000182,224,25,199
108000183,74,43,31
108000184,2047,2785,-738
108000185,385,921,-536
108000186,177,74,103
108000187,86,1150,-1064
108000188,601,362,239
108000189,1105,1931,-826
108000190,58,180,-122
108000192,268,900,-632
108000193,1527,82,1445
108000194,103,36,67
108000195,7,2196,-2189
108000196,304,276,28
108000198,646,459,187
108000199,0,244,-244
108000200,394,1067,-673
108000202,5,287,-282
108000203,127,1338,-1211
108000204,150,58,92
108000205,510,850,-340
108000339,2227,589,1638
108000364,234,439,-205
108000365,114,637,-523
108000367,293,570,-277
108000368,8,80,-72
108000369,1923,282,1641
108000371,1,946,-945
108000372,610,7,603
108000373,218,232,-14
108000376,93,50,43
108000377,455,498,-43
108000378,12447,14883,-2436
108000379,43,308,-265
108000381,63,19,44
108000382,174,0,174
108000383,0,201,-201
108900001,194,1681,-1487
108900002,373,87,286
108900003,493,1553,-1060
108900004,185,366,-181
108900005,104,474,-370
108900006,907,262,645
108900007,234,322,-88
108900008,98,205,-107
108900009,96,181,-85
108900010,189,264,-75
108900011,481,552,-71
108900012,401,653,-252
108900013,122,395,-273
108900014,3,143,-140
108900015,0,74,-74
108900016,4,415,-411
108900017,239,349,-110
108900018,134,782,-648
108900019,86,1770,-1684
108900020,64,403,-339
108900021,200,430,-230
108900022,139,10,129
108900023,7,38,-31
108900024,21,223,-202
108900025,110,233,-123
108900026,54,169,-115
108900027,1,168,-167
108900028,79,676,-597
108900029,113,347,-234
108900030,2,184,-182
108900031,72,665,-593
108900032,20,459,-439
108900033,2,111,-109
108900034,0,318,-318
108900035,463,2157,-1694
108900036,302,550,-248
108900037,124,734,-610
108900038,1,635,-634
108900039,2,830,-828
108900040,9,202,-193
108900041,8374,4091,4283
108900042,31,511,-480
108900043,189,771,-582
108900044,2,1043,-1041
108900045,85,836,-751
108900046,77,1727,-1650
108900047,0,74,-74
108900048,166,1603,-1437
108900049,8406,1663,6743
108900050,3,384,-381
108900051,1,349,-348
108900052,26,445,-419
108900053,183,272,-89
108900054,134,432,-298
108900055,129,784,-655
108900056,0,278,-278
108900057,5,328,-323
108900058,55,666,-611
108900059,432,51,381
108900060,184,202,-18
108900061,116,76,40
108900062,4,490,-486
108900063,12,556,-544
108900064,214,141,73
108900065,11,444,-433
108900066,303,176,127
108900067,66,279,-213
108900068,0,180,-180
108900069,91,195,-104
108900070,59,230,-171
108900071,99,85,14
108900072,4030,856,3174
108900073,15,127,-112
108900074,209,802,-593
108900075,69,94,-25
108900076,331,133,198
108900077,151,184,-33
108900078,33,238,-205
108900079,1241,510,731
108900080,32,1033,-1001
108900081,68,478,-410
108900082,70,140,-70
108900083,41,404,-363
108900084,679,224,455
108900085,3256,307,2949
108900086,134,419,-285
108900087,167,425,-258
108900088,1300,519,781
108900089,28,196,-168
108900090,69,620,-551
108900091,176,204,-28
108900092,538,516,22
108900093,167,116,51
108900094,291,162,129
108900095,78,894,-816
108900096,629,59,570
108900097,619,342,277
108900098,4966,921,4045
108900099,383,437,-54
108900100,102,227,-125
108900101,338,177,161
108900102,264,1371,-1107
108900103,126,146,-20
108900104,213,665,-452
108900105,11,1481,-1470
108900106,389,611,-222
108900108,537,69,468
108900109,32,41,-9
108900110,287,703,-416
108900111,499,935,-436
108900112,227,46,181
108900113,60,65,-5
108900114,0,6,-6
108900115,140,108,32
108900116,92,41,51
108900117,201,16,185
108900118,690,24,666
108900119,259,66,193
108900120,164,242,-78
108900121,547,122,425
108900122,130,68,62
108900123,176,149,27
108900124,445,256,189
108900125,459,10,449
108900126,120,43,77
108900127,210,37,173
108900128,139,44,95
108900129,858,202,656
108900130,366,5,361
108900131,379,6,373
108900132,559,127,432
108900133,262,103,159
108900134,361,354,7
108900135,152,16,136
108900136,48,1,47
108900137,206,2,204
108900138,748,44,704
108900139,775,125,650
108900140,242,377,-135
108900141,415,20,395
108900142,162,8,154
108900143,37,1,36
108900144,134,1,133
108900145,187,19,168
108900146,92,0,92
108900147,246,1,245
108900148,106,70,36
108900149,737,594,143
108900150,332,21,311
108900151,299,13,286
108900152,121,67,54
108900153,197,691,-494
108900154,6001,632,5369
108900155,411,128,283
108900156,79,19,60
108900157,18,876,-858
108900158,442,68,374
108900159,23,521,-498
108900160,10,392,-382
108900161,12,678,-666
108900162,124,2,122
108900163,9,343,-334
108900164,77,124,-47
108900165,225,146,79
108900167,3704,6918,-3214
108900168,13488,3449,10039
108900169,73,209,-136
108900171,14702,3699,11003
108900172,322,83,239
108900173,236,713,-477
108900174,860,738,122
108900176,190,750,-560
108900177,12092,5406,6686
108900178,8561,4286,4275
108900179,1031,2427,-1396
108900180,231,354,-123
108900182,46,384,-338
108900183,302,325,-23
108900184,613,306,307
108900185,102,573,-471
108900186,99,607,-508
108900187,297,121,176
108900188,592,112,480
108900189,462,200,262
108900190,89,5376,-5287
108900191,279,52,227
108900192,131,349,-218
108900193,457,81,376
108900194,78,491,-413
108900195,137,541,-404
108900196,60,896,-836
108900198,7,924,-917
108900199,408,485,-77
108900200,712,498,214
108900201,619,2053,-1434
108900203,676,95,581
108900204,584,29,555
108900205,344,58,286
108900206,648,67,581
108900207,312,89,223
108900208,31,665,-634
108900209,334,1123,-789
108900210,223,404,-181
108900211,248,605,-357
108900212,1232,1467,-235
108900215,123,1012,-889
108900216,839,230,609
108900217,193,2,191
108900218,234,35,199
108900219,94,11,83
108900220,57,63,-6
108900221,93,235,-142
108900222,291,45,246
108900223,25,194,-169
108900224,60,267,-207
108900225,2,376,-374
108900226,387,22,365
108900227,194,427,-233
108900230,755,516,239
108900231,72,428,-356
108900232,3,696,-693
108900233,685,116,569
108900234,389,228,161
108900235,368,1024,-656
108900236,86,638,-552
108900237,122,395,-273
108900240,175,178,-3
108900241,54,65,-11
108900245,13,1947,-1934
108900249,267,66,201
108900250,337,233,104
108900257,299,843,-544
108900258,16,358,-342
108900259,86,147,-61
108900260,12,176,-164
108900261,144,242,-98
108900262,363,257,106
108900263,61,369,-308
108900264,649,455,194
108900265,2124,556,1568
108900266,2081,649,1432
108900267,6,123,-117
108900268,28,5,23
108900269,127,21,106
108900270,73,12,61
108900271,54,19,35
108900272,245,12,233
108900273,1467,1041,426
108900274,41,137,-96
109000001,5752,1681,4071
109000002,3227,2493,734
109000003,3427,871,2556
109000004,848,3977,-3129
109000005,3646,1215,2431
109000006,1286,3194,-1908
109000007,2012,1160,852
109000008,725,2905,-2180
109000009,4823,2065,2758
109000010,2075,6270,-4195
109000011,4270,2900,1370
109000012,2773,6123,-3350
109000013,4653,4558,95
109000014,2490,5968,-3478
109000015,4475,8979,-4504
109000016,15670,7311,8359
109000017,3029,1943,1086
109000018,1552,5881,-4329
109000019,4131,1892,2239
109000020,1771,3080,-1309
109000023,361,57,304
109000024,11,319,-308
109000025,581,652,-71
109000026,1473,512,961
109000027,119,375,-256
109000028,188,166,22
109000029,190,277,-87
109000030,107,807,-700
109000031,289,231,58
109000032,231,713,-482
109000033,619,211,408
109000034,52,49,3
109000035,47,98,-51
109000036,113,545,-432
109000037,284,1591,-1307
109000038,847,618,229
109000039,1289,1044,245
109000040,10363,9098,1265
109000041,7126,2005,5121
109000042,1731,1799,-68
109000044,786,108,678
109000045,197,651,-454
109000046,436,121,315
109000047,127,604,-477
109000048,1510,269,1241
109000049,669,859,-190
109000050,536,376,160
109000051,609,518,91
109000052,697,2506,-1809
109000053,276,164,112
109000054,486,1460,-974
109000055,445,442,3
109000056,369,1238,-869
109000057,1036,546,490
109000058,1387,441,946
109000059,1322,1676,-354
109000060,792,274,518
109000061,2333,1460,873
109000062,217,386,-169
109000063,415,398,17
109000064,301,308,-7
109000065,162,539,-377
109000066,499,236,263
109000067,59,642,-583
109000068,2408,65,2343
109000069,1320,64,1256
109000070,21,1667,-1646
109000071,611,121,490
109000072,192,470,-278
109000073,94,156,-62
109000074,43,286,-243
109000075,116,611,-495
109000076,146,269,-123
109000077,418,388,30
109000078,85,234,-149
109000079,180,321,-141
109000080,146,182,-36
109000081,158,875,-717
109000082,704,429,275
109000083,403,1273,-870
109000088,152,788,-636
109000089,342,68,274
109000090,264,702,-438
109000091,406,258,148
109000092,566,982,-416
109000093,315,258,57
109000094,507,1,506
109000095,137,844,-707
109000096,682,374,308
109000097,109,212,-103
109000098,119,151,-32
109000099,999,727,272
109000100,273,914,-641
109000101,1762,1394,368
109000102,544,1397,-853
109000103,448,1068,-620
109000104,1842,1082,760
109000105,607,2258,-1651
109000106,2572,1269,1303
109000107,837,3263,-2426
109000108,2373,988,1385
109000109,676,3194,-2518
109000110,2346,797,1549
109000111,1776,3715,-1939
109000112,569,305,264
109000113,467,357,110
109000114,264,565,-301
109000115,1987,79,1908
109000116,5,311,-306
109000117,200,150,50
109000118,19,431,-412
109000119,1349,660,689
109000120,214,1560,-1346
109000121,359,93,266
109000122,162,1528,-1366
109000123,38,98,-60
109000124,728,625,103
109000125,977,529,448
109000126,491,1521,-1030
109000127,963,319,644
109000128,700,3166,-2466
109000129,2716,1191,1525
109000130,711,4035,-3324
109000131,989,590,399
109000132,924,3054,-2130
109000133,630,1669,-1039
109000134,1177,2273,-1096
109000135,1629,2160,-531
109000136,389,612,-223
109000137,458,573,-115
109000138,768,733,35
109000139,640,674,-34
109000140,275,806,-531
109000141,588,748,-160
109000142,120,898,-778
109000143,144,134,10
109000145,172,361,-189
109000146,112,216,-104
109000148,6840,2627,4213
109000149,74,77,-3
109000150,158,369,-211
109000155,939,925,14
109000156,2187,1258,929
109000158,304,431,-127
109000159,255,1036,-781
109000160,1360,378,982
109000161,486,2099,-1613
109000162,2723,1253,1470
109000163,1346,2894,-1548
109000164,1505,4262,-2757
109000165,1375,882,493
109000166,740,222,518
109000167,180,1474,-1294
109000170,75,104,-29
109000171,56,52,4
109000172,66,144,-78
109000173,13,107,-94
109000174,121,82,39
109000175,126,228,-102
109000176,279,384,-105
109000177,29,227,-198
109000178,418,203,215
109000179,12705,6259,6446
109000180,10061,5582,4479
109000181,23,106,-83
109000182,74,94,-20
109000183,43,75,-32
109000184,49,53,-4
109000185,28,128,-100
109000188,824,3992,-3168
109000189,3413,1548,1865
109000190,852,725,127
109000191,519,859,-340
109000192,458,362,96
109000193,199,713,-514
109000194,314,173,141
109000195,145,712,-567
109000196,457,171,286
109000197,206,780,-574
109000198,371,122,249
109000199,180,859,-679
109000206,376,45,331
109000207,152,70,82
109000208,162,116,46
109000209,183,198,-15
109000210,296,896,-600
109000211,628,741,-113
109000214,543,879,-336
109000215,311,114,197
109000216,407,266,141
109000217,239,148,91
109000218,409,263,146
109000221,668,1603,-935
109000222,1126,300,826
109000223,324,502,-178
109000224,53,327,-274
109000225,93,86,7
109000226,73,468,-395
109000227,1310,2207,-897
109000228,6,614,-608
109000231,3,599,-596
109000232,286,692,-406
109000236,393,1126,-733
109000241,2898,3395,-497
109000242,2231,2286,-55
109000293,49,125,-76
109000361,122,371,-249
109000364,303,989,-686
109000396,16,1113,-1097
109000397,680,14,666
109000399,217,1001,-784
109000400,104,425,-321
109000403,156,865,-709
109000406,615,6,609
109000407,414,381,33
109000408,3,1304,-1301
109000410,1560,367,1193
109000411,167,55,112
109900001,107,0,107
109900002,938,12,926
109900003,239,0,239
109900004,1049,377,672
109900005,51,8,43
109900006,475,410,65
109900007,909,1214,-305
109900008,0,83,-83
109900009,179,991,-812
109900010,563,23,540
109900011,196,60,136
109900012,312,342,-30
109900013,499,259,240
109900014,475,114,361
109900015,705,308,397
109900016,160,83,77
109900017,170,240,-70
109900018,387,196,191
109900019,203,118,85
109900020,42,69,-27
109900021,26,32,-6
109900022,78,473,-395
109900023,29,8,21
109900024,26,1,25
109900025,23,123,-100
109900026,6,274,-268
109900027,48,65,-17
109900028,3704,1019,2685
109900029,8,713,-705
109900030,64,9,55
109900031,0,242,-242
109900032,16,543,-527
109900033,3,1042,-1039
109900034,34,3,31
109900035,14,30,-16
109900036,39,144,-105
109900037,37,928,-891
109900038,55,448,-393
109900039,8,1,7
109900040,39,953,-914
109900041,71,722,-651
109900042,40,594,-554
109900044,158,430,-272
109900045,310,104,206
109900046,15,110,-95
109900047,498,606,-108
109900048,4,126,-122
109900049,12,43,-31
109900050,4,356,-352
109900051,0,55,-55
109900052,156,439,-283
109900053,4,658,-654
109900054,691,424,267
109900055,62,448,-386
109900056,37,205,-168
109900057,11,366,-355
109900058,0,174,-174
109900059,770,193,577
109900060,561,265,296
109900061,127,495,-368
109900062,0,394,-394
109900063,16,580,-564
109900064,610,537,73
109900065,197,205,-8
109900066,463,1556,-1093
109900067,3,575,-572
109900068,92,4,88
109900069,1,60,-59
109900070,62,452,-390
109900071,3,67,-64
109900072,27,220,-193
109900073,489,1150,-661
109900074,12,73,-61
109900075,28,56,-28
109900076,36,392,-356
109900077,24,89,-65
109900078,122,351,-229
109900080,194,632,-438
109900081,48,221,-173
109900082,62,795,-733
109900083,22,85,-63
109900084,118,269,-151
109900085,362,1637,-1275
109900086,163,568,-405
109900087,422,643,-221
109900089,817,194,623
109900090,741,2210,-1469
109900091,410,174,236
109900092,832,30,802
109900093,882,205,677
109900094,116,170,-54
109900095,170,503,-333
109900096,38,7,31
109900097,130,5,125
109900098,466,69,397
109900099,196,3,193
109900100,79,1,78
109900101,481,19,462
109900102,530,41,489
109900103,39,78,-39
109900104,543,1443,-900
109900105,709,34,675
109900106,595,101,494
109900107,481,116,365
109900108,122,623,-501
109900109,53,322,-269
109900110,103,761,-658
109900111,486,2087,-1601
109900112,590,1452,-862
109900113,1042,673,369
109900114,1206,846,360
109900115,185,157,28
109900117,1183,234,949
109900118,285,773,-488
109900119,863,470,393
109900120,66,33,33
109900121,774,460,314
109900122,504,11,493
109900123,32,278,-246
109900124,65,973,-908
109900125,1,304,-303
109900126,215,318,-103
109900128,341,120,221
109900130,18732,2875,15857
109900131,102,251,-149
109900132,36,336,-300
109900133,96,671,-575
109900134,94,147,-53
109900135,564,131,433
109900136,101,278,-177
109900137,132,638,-506
109900138,493,900,-407
109900140,254,523,-269
109900142,1436,516,920
109900145,10,474,-464
109900146,771,59,712
109900148,41,136,-95
109900149,71,104,-33
109900150,9,91,-82
109900151,8,56,-48
109900152,2,27,-25
109900153,0,34,-34
109900154,24,0,24
109900155,70,28,42
109900157,109,430,-321
109900158,88,179,-91
109900159,275,28,247
109900160,194,106,88
109900161,310,138,172
109900162,254,133,121
109900163,1343,702,641
109900164,95,405,-310
109900165,363,26,337
109900166,5,238,-233
109900167,271,860,-589
109900168,323,896,-573
109900169,198,248,-50
109900170,517,1202,-685
109900171,232,139,93
109900172,217,363,-146
109900173,6620,3231,3389
109900174,42,278,-236
109900175,111,95,16
109900176,129,297,-168
109900177,55,487,-432
109900178,11,173,-162
109900179,42,40,2
109900180,9,19,-10
110000001,1258,920,338
110000002,1035,983,52
110000003,1505,959,546
110000004,844,918,-74
110000005,853,2208,-1355
110000006,942,545,397
110000007,254,341,-87
110000008,24,59,-35
110000009,74,66,8
110000010,47,104,-57
110000011,55,200,-145
110000012,1145,819,326
110000013,46,770,-724
110000014,757,558,199
110000015,469,803,-334
110000016,468,1800,-1332
110000017,4867,422,4445
110000018,5253,737,4516
110000019,14,223,-209
110000020,958,388,570
110000021,1445,739,706
110000022,1533,423,1110
110000023,11,316,-305
110000024,1026,621,405
110000025,303,4,299
110000026,7,895,-888
110000027,1296,738,558
110000028,1109,1070,39
110000029,762,1441,-679
110000030,295,504,-209
110000031,324,991,-667
110000032,999,612,387
110000033,386,176,210
110000034,867,1092,-225
110000035,929,1272,-343
110000036,1104,1130,-26
110000037,283,882,-599
110000038,305,1131,-826
110000039,1118,3622,-2504
110000040,528,644,-116
110000041,388,1710,-1322
110000042,110,396,-286
110000043,732,434,298
110000044,101,96,5
110000045,793,162,631
110000046,9,17,-8
110000047,34,24,10
110000048,10,12,-2
110000049,117,6,111
110000050,10,31,-21
110000051,85,10,75
110000052,52,21,31
110000053,358,6,352
110000054,240,382,-142
110000055,527,42,485
110000056,423,89,334
110000057,571,1163,-592
110000058,1385,1008,377
110000059,1188,759,429
110000060,934,1396,-462
110000061,1364,1207,157
110000062,897,1206,-309
110000063,43,151,-108
110000064,114,249,-135
110000065,127,165,-38
110000066,145,40,105
110000067,212,652,-440
110000068,359,755,-396
110000069,253,223,30
110000071,150,254,-104
110000073,6,51,-45
110000075,12,161,-149
110000076,401,648,-247
110000077,649,2447,-1798
110000078,34,119,-85
110000080,446,957,-511
110000081,66,532,-466
110000082,75,659,-584
110000083,310,848,-538
110000084,1242,1065,177
110000085,3359,2297,1062
110000086,1906,2583,-677
110000087,10,153,-143
110000088,82,407,-325
110000089,392,279,113
110000090,193,538,-345
110000091,2880,476,2404
110000092,34,146,-112
110000093,90,12,78
110000094,887,377,510
110000095,248,1020,-772
110000096,4986,2840,2146
110000097,1375,1840,-465
110000098,2707,1020,1687
110000099,1248,2573,-1325
110000100,971,1161,-190
110000101,19,661,-642
110000102,52,39,13
110000104,451,144,307
110000105,124,427,-303
110000106,801,428,373
110000107,595,689,-94
110000108,295,58,237
110000109,432,517,-85
110000110,6283,7059,-776
110000111,11447,3905,7542
110000112,2346,1466,880
110000113,1108,2927,-1819
110000114,189,866,-677
110000115,331,534,-203
110000116,42,75,-33
110000117,250,775,-525
110000118,557,464,93
110000119,239,606,-367
110000120,599,394,205
110000121,207,583,-376
110000122,484,998,-514
110000123,745,1084,-339
110000124,3,1329,-1326
110000125,1222,18,1204
110000126,373,37,336
110000127,1436,107,1329
110000128,63,2303,-2240
110000129,5,772,-767
110000130,271,260,11
110000131,111,564,-453
110000132,1,936,-935
110000133,107,570,-463
110000134,35,556,-521
110000135,249,46,203
110000136,113,549,-436
110000137,913,1174,-261
110000138,1027,1272,-245
110000139,1026,2440,-1414
110000140,1721,909,812
110000143,1142,661,481
110000144,7054,2243,4811
110000145,1861,1518,343
110000146,2889,1819,1070
110000147,663,1232,-569
110000148,513,463,50
110000151,2230,1043,1187
110000152,1536,567,969
110000153,134,102,32
110000154,73,59,14
110000155,3037,4868,-1831
110000156,1217,2921,-1704
110000157,2361,2764,-403
110000160,488,587,-99
110000161,186,690,-504
110000166,579,240,339
110000167,1071,796,275
110000168,1101,585,516
110000169,997,472,525
110000170,178,149,29
110000171,795,315,480
110000172,264,1341,-1077
110000173,1665,1928,-263
110000174,297,2203,-1906
110000175,685,139,546
110000176,140,519,-379
110000177,260,1301,-1041
110000178,897,1693,-796
110000179,2294,596,1698
110000180,167,474,-307
110000181,553,709,-156
110000182,482,372,110
110000183,20302,8883,11419
110000184,1804,3332,-1528
110000185,1823,1055,768
110000186,1180,1092,88
110000191,886,574,312
110000192,597,5,592
110000193,1120,7,1113
110000194,39,1882,-1843
110000195,435,582,-147
110000196,358,740,-382
110000197,157,345,-188
110000198,158,158,0
110000199,88,149,-61
110000200,1823,754,1069
110000201,1007,1086,-79
110000202,1768,625,1143
110000203,1157,1413,-256
110000204,7,412,-405
110000205,171,63,108
110000206,972,2511,-1539
110000207,914,459,455
110000208,212,195,17
110000209,251,1390,-1139
110000210,1038,1100,-62
110000211,789,1298,-509
110000212,663,1517,-854
110000213,235,122,113
110000214,256,159,97
110000215,177,931,-754
110000216,125,997,-872
110000217,366,308,58
110000218,180,757,-577
110000219,372,127,245
110000220,73,595,-522
110000221,366,126,240
110000222,75,396,-321
110000223,14,198,-184
110000224,129,22,107
110000225,289,943,-654
110000226,306,70,236
110000227,1398,1071,327
110000228,691,530,161
110000229,1,458,-457
110000230,694,769,-75
110000231,241,296,-55
110000232,228,300,-72
110000233,236,450,-214
110000234,1055,840,215
110000235,1553,1455,98
110000236,702,1287,-585
110000237,2225,1691,534
110000238,1588,2044,-456
110000239,2559,1811,748
110000240,1,140,-139
110000242,0,30,-30
110000243,99,243,-144
110000244,198,663,-465
110000245,45,724,-679
110000246,968,927,41
110000247,2154,8891,-6737
110000248,3591,2949,642
110000249,108,23,85
110000250,74,431,-357
110000251,362,1044,-682
110000252,239,334,-95
110000253,1846,866,980
110000254,939,2425,-1486
110000255,356,1847,-1491
110000256,768,408,360
110000257,1042,613,429
110000258,12,822,-810
110000259,138,40,98
110000260,39,663,-624
110000263,919,220,699
110000264,374,964,-590
110000265,1526,3094,-1568
110000266,3242,3884,-642
110000267,29,379,-350
110000268,457,855,-398
110000269,6,180,-174
110000270,64,5,59
110000271,2899,462,2437
110000272,1512,1497,15
110000273,5609,2365,3244
110000274,341,2081,-1740
110000275,4594,785,3809
110000276,234,481,-247
110000277,347,679,-332
110000278,364,1375,-1011
110000279,942,922,20
110000280,547,609,-62
110000281,38,364,-326
110000282,541,88,453
110000283,97,176,-79
110000284,107,82,25
110000285,5,683,-678
110000286,56,0,56
110000287,89,3,86
110000288,8,139,-131
110000289,732,2371,-1639
110000290,1582,837,745
110000291,9875,2226,7649
110000292,2165,6598,-4433
110000293,618,1283,-665
110000294,1089,1569,-480
110000295,186,1704,-1518
110000296,590,581,9
110000297,3880,487,3393
110000298,440,1086,-646
110000299,792,127,665
110000301,482,37,445
110000302,475,1990,-1515
110000303,653,11,642
110000304,212,471,-259
110000305,1543,33,1510
110000306,230,2651,-2421
110000307,1884,13,1871
110000308,892,17,875
110000309,15,1747,-1732
110000310,898,147,751
110000311,37,1342,-1305
110000312,1011,161,850
110000313,5275,5252,23
110000314,2,473,-471
110000315,5021,3276,1745
110000316,917,1769,-852
110000317,1117,445,672
110000318,12,139,-127
110000319,27,45,-18
110000320,87,92,-5
110000321,69,73,-4
110000322,406,872,-466
110000323,449,386,63
110000324,6674,1910,4764
110000325,3741,4324,-583
110000327,945,563,382
110000328,282,741,-459
110000333,1454,983,471
110000334,1205,2147,-942
110000335,1245,867,378
110000336,1358,1652,-294
110000337,2478,901,1577
110000338,505,297,208
110000339,353,392,-39
110000340,58,271,-213
110000341,748,742,6
110000342,999,5,994
110000343,0,21,-21
110000344,195,295,-100
110000345,229,132,97
110000346,3527,2361,1166
110000347,1401,1134,267
110000348,40,41,-1
110000349,4,40,-36
110000350,58,17,41
110000351,1171,1171,0
110000352,738,2314,-1576
110000353,4467,1086,3381
110000354,1807,3963,-2156
110000355,142,171,-29
110000356,1116,17,1099
110000357,486,24,462
110000361,34,77,-43
110000362,87,253,-166
110000363,460,172,288
110000364,219,552,-333
110000365,288,1,287
110000366,2,156,-154
110000367,465,388,77
110000368,5,130,-125
110000369,82,2,80
110000373,10,460,-450
110000374,269,19,250
110000375,272,1349,-1077
110000376,66,103,-37
110000377,100,711,-611
110000378,29,498,-469
110000379,4747,1981,2766
110000380,64,19,45
110000383,2,1359,-1357
110000384,3394,1360,2034
110000385,2,343,-341
110000387,140,72,68
110000388,47,330,-283
110000389,1175,9,1166
110000391,532,528,4
110000396,196,184,12
110000397,159,315,-156
110000398,5,56,-51
110000399,267,1,266
110000587,144,80,64
110000589,210,258,-48
110000640,217,172,45
110000652,32,198,-166
110000653,324,669,-345
110000654,66,90,-24
110000656,5,1014,-1009
110000674,30,38,-8
110000675,45,51,-6
110000676,10,109,-99
110000679,636,1572,-936
110000682,151,301,-150
110000683,634,859,-225
110000684,19,126,-107
110000685,24,22,2
110000686,9,79,-70
110000687,30,13,17
110000688,83,1089,-1006
110000689,38,113,-75
110000692,362,416,-54
110000693,476,339,137
110000694,0,239,-239
110000695,297,1237,-940
110000696,195,218,-23
110900001,506,39,467
110900002,677,456,221
110900003,947,1631,-684
110900004,492,350,142
110900005,6793,2837,3956
110900006,58,31,27
110900007,245,43,202
110900008,16,42,-26
110900009,663,164,499
110900010,7,152,-145
110900011,38,219,-181
110900012,17,217,-200
110900013,1316,304,1012
110900014,220,18,202
110900015,1464,846,618
110900016,79,267,-188
110900017,524,67,457
110900018,607,95,512
110900019,168,39,129
110900020,136,662,-526
110900021,160,1095,-935
110900022,142,607,-465
110900023,190,1096,-906
110900024,44,850,-806
110900025,43,130,-87
110900027,59,382,-323
110900028,45,343,-298
110900029,42,753,-711
110900030,64,541,-477
110900031,0,276,-276
110900032,2,156,-154
110900033,53,503,-450
110900035,62,944,-882
110900036,139,36,103
110900037,106,45,61
110900038,2279,415,1864
110900039,30,448,-418
110900040,267,63,204
110900041,46,349,-303
110900042,173,89,84
110900043,7,270,-263
110900044,399,50,349
110900045,59,983,-924
110900046,184,650,-466
110900047,1260,327,933
110900049,162,122,40
110900050,18,4,14
110900051,58,366,-308
110900052,16,381,-365
110900053,132,106,26
110900054,38,455,-417
110900055,42,6,36
110900056,93,221,-128
110900057,12,379,-367
110900058,274,472,-198
110900059,981,1251,-270
110900060,658,199,459
110900061,35,89,-54
110900062,214,468,-254
110900063,61,291,-230
110900064,19,0,19
110900065,579,263,316
110900066,23,185,-162
110900067,875,1014,-139
110900068,314,443,-129
110900069,3,51,-48
110900070,185,76,109
110900071,450,762,-312
110900073,0,45,-45
110900074,359,154,205
110900075,527,165,362
110900077,915,842,73
110900078,44,158,-114
110900079,2993,1375,1618
110900080,168,124,44
110900081,12,153,-141
110900082,151,390,-239
110900083,178,63,115
110900084,56,179,-123
110900085,101,609,-508
110900086,128,455,-327
110900087,367,153,214
110900088,19,0,19
110900090,68,65,3
110900091,6,93,-87
110900093,458,150,308
110900095,62,81,-19
110900097,11,29,-18
110900098,60,167,-107
110900099,74,957,-883
110900100,0,43,-43
110900102,75,27,48
110900105,1352,680,672
110900108,11,198,-187
110900111,570,207,363
110900112,933,8,925
110900113,839,120,719
110900115,34,181,-147
110900116,769,3801,-3032
110900118,267,3507,-3240
110900119,8377,784,7593
110900120,21,160,-139
110900121,142,2,140
110900122,583,253,330
110900125,475,473,2
110900127,1232,1693,-461
110900128,369,362,7
110900129,648,1033,-385
110900130,1751,817,934
110900131,282,98,184
110900132,395,69,326
110900133,144,399,-255
110900135,237,747,-510
110900136,411,47,364
110900137,173,2,171
110900138,1524,359,1165
110900139,80,56,24
110900140,117,6,111
110900141,7,141,-134
110900142,96,371,-275
110900143,176,185,-9
110900144,6,1141,-1135
110900145,159,62,97
110900146,488,173,315
110900147,264,349,-85
110900148,11,503,-492
110900149,5,128,-123
110900150,95,25,70
110900151,7,134,-127
110900152,55,547,-492
110900153,241,86,155
111000001,709,446,263
111000002,883,1054,-171
111000003,1762,1541,221
111000004,1053,1670,-617
111000005,2374,1967,407
111000006,1536,1985,-449
111000007,8455,5740,2715
111000008,5430,5570,-140
111000009,436,1338,-902
111000010,1260,465,795
111000011,524,1374,-850
111000012,939,626,313
111000013,449,1631,-1182
111000014,1477,926,551
111000017,166,1006,-840
111000018,344,394,-50
111000020,3399,3634,-235
111000021,179,200,-21
111000023,130,264,-134
111000025,11043,4893,6150
111000029,95,147,-52
111000030,45,156,-111
111000031,2998,2143,855
111000032,777,377,400
111000033,499,404,95
111000034,682,321,361
111000037,4402,1870,2532
111000038,5800,4605,1195
111000039,2797,4159,-1362
111000040,2387,4397,-2010
111000041,2135,2810,-675
111000042,8648,3882,4766
111000043,3513,4085,-572
111000044,1948,1587,361
111000045,2863,3179,-316
111000046,2509,2195,314
111000047,3252,4682,-1430
111000049,716,887,-171
111000050,2654,2484,170
111000051,702,1847,-1145
111000052,958,2584,-1626
111000053,541,1760,-1219
111000054,487,1685,-1198
111000055,1515,2716,-1201
111000056,145,882,-737
111000057,116,1159,-1043
111000058,351,176,175
111000059,467,464,3
111000060,4419,1279,3140
111000061,725,543,182
111000062,1113,424,689
111000063,2303,1527,776
111000064,706,941,-235
111000065,1507,1346,161
111000066,612,503,109
111000067,718,1071,-353
111000068,618,1404,-786
111000069,2296,3016,-720
111000070,3696,1890,1806
111000071,201,883,-682
111000072,1197,708,489
111000073,335,1258,-923
111000074,2049,2543,-494
111000075,1196,1463,-267
111000076,633,1318,-685
111000077,1838,2470,-632
111000078,3474,1851,1623
111000079,1927,1313,614
111000080,658,1277,-619
111000081,3346,5929,-2583
111000082,844,1154,-310
111000084,1183,911,272
111000085,1677,2460,-783
111000086,6227,2119,4108
111000087,911,1323,-412
111000088,12045,3272,8773
111000089,1040,1235,-195
111000090,1588,1933,-345
111000091,1033,1030,3
111000092,1816,1478,338
111000093,850,1277,-427
111000094,2751,1412,1339
111000095,1124,3229,-2105
111000096,3662,10305,-6643
111000097,8112,1570,6542
111000098,900,2069,-1169
111000099,788,3655,-2867
111000100,471,3273,-2802
111000101,724,1376,-652
111000102,296,1177,-881
111000104,565,350,215
111000107,153,1194,-1041
111000109,778,425,353
111000110,2248,1231,1017
111000111,2400,806,1594
111000112,2300,810,1490
111000113,895,1704,-809
111000114,1998,4316,-2318
111000115,11200,2044,9156
111000116,1328,1802,-474
111000117,648,1341,-693
111000118,2144,1654,490
111000119,1434,2361,-927
111000120,533,906,-373
111000121,328,1050,-722
111000122,994,1528,-534
111000123,1398,4387,-2989
111000124,688,4608,-3920
111000125,383,2780,-2397
111000126,140,1399,-1259
111000127,988,254,734
111000128,1959,595,1364
111000129,3481,768,2713
111000130,2287,980,1307
111000131,1861,792,1069
111000132,1518,926,592
111000133,220,284,-64
111000134,171,196,-25
111000135,75,223,-148
111000136,518,555,-37
111000138,12,31,-19
111000140,2,10,-8
111000141,418,648,-230
111000142,15,168,-153
111000143,8,124,-116
111000144,37,187,-150
111000145,1401,20,1381
111000146,77,19,58
111000147,264,72,192
111000148,322,202,120
111000149,1,50,-49
111000150,11,16,-5
111000151,4,29,-25
111000153,895,1046,-151
111000154,1163,323,840
111000155,140,279,-139
111000156,688,778,-90
111000157,273,1352,-1079
111000158,1361,1178,183
111000159,4440,1215,3225
111000160,389,572,-183
111000161,10,361,-351
111000162,94,281,-187
111000163,744,1232,-488
111000164,1428,4667,-3239
111000165,1946,632,1314
111000166,2689,661,2028
111000167,258,752,-494
111000168,407,751,-344
111000169,415,934,-519
111000170,710,735,-25
111000171,618,1373,-755
111000172,151,773,-622
111000173,479,1796,-1317
111000174,261,1106,-845
111000175,64,446,-382
111000176,348,223,125
111000177,351,364,-13
111000178,1428,437,991
111000179,186,363,-177
111000180,351,507,-156
111000181,1162,499,663
111000182,209,384,-175
111000183,473,597,-124
111000184,503,401,102
111000185,482,764,-282
111000186,450,458,-8
111000187,148,411,-263
111000188,241,758,-517
111000189,2252,860,1392
111000190,253,722,-469
111000191,179,690,-511
111000192,400,896,-496
111000193,609,513,96
111000194,82,569,-487
111000195,178,696,-518
111000196,53,474,-421
111000197,362,306,56
111000198,533,205,328
111000199,229,233,-4
111000200,334,485,-151
111000201,641,443,198
111000202,260,334,-74
111000203,327,318,9
111000204,488,1129,-641
111000213,296,578,-282
111000214,1974,2629,-655
111000215,1367,2146,-779
111000217,1731,1522,209
111000218,1401,1595,-194
111000219,817,418,399
111000220,4368,1024,3344
111000221,1536,245,1291
111000224,4,930,-926
111000225,452,236,216
111000226,340,3,337
111000227,105,10,95
111000228,40,329,-289
111000229,79,861,-782
111000230,350,862,-512
111000231,1100,1837,-737
111000232,579,1249,-670
111000233,775,1059,-284
111000234,137,462,-325
111000239,125,333,-208
111000240,64,262,-198
111000241,48,640,-592
111000242,190,100,90
111000243,136,1154,-1018
111000244,518,209,309
111000245,1201,927,274
111000246,514,941,-427
111000247,285,1336,-1051
111000248,794,841,-47
111000249,554,1287,-733
111000250,55,253,-198
111000251,78,252,-174
111000253,43,14,29
111000255,25,13,12
111000257,48,27,21
111000260,141,1653,-1512
111000261,1374,119,1255
111000271,71,417,-346
111000273,10892,2460,8432
111000274,1777,2950,-1173
111000275,152,119,33
111000276,389,3370,-2981
111000277,266,671,-405
111000278,929,421,508
111000291,762,7652,-6890
111000298,787,426,361
111000299,1038,214,824
111000300,163,944,-781
111000302,314,180,134
111000303,127,408,-281
111000312,66,91,-25
111000315,0,240,-240
111000320,574,1076,-502
111000321,472,159,313
111000322,409,895,-486
111000323,219,50,169
111000324,494,513,-19
111000325,61,96,-35
111000326,254,490,-236
111000327,487,811,-324
111000328,320,891,-571
111000329,0,37,-37
111000330,41,34,7
111000331,10,23,-13
111000332,642,2115,-1473
111000334,544,2455,-1911
111000335,900,289,611
111000337,1192,593,599
111000338,35,187,-152
111000339,539,786,-247
111000340,146,1255,-1109
111000341,1245,836,409
111000342,393,550,-157
111000344,1261,1212,49
111000345,284,62,222
111000346,42,147,-105
111000347,164,14,150
111000350,309,249,60
111000351,135,360,-225
111000352,235,235,0
111000353,155,418,-263
111000354,624,275,349
111000355,424,1005,-581
111000358,205,2667,-2462
111000360,198,1470,-1272
111000361,102,724,-622
111000546,794,1010,-216
111000547,367,1188,-821
111000548,156,304,-148
111000549,327,785,-458
111000550,128,962,-834
111000551,1044,343,701
111000552,3193,196,2997
111000907,695,181,514
111000908,18,3,15
111000916,1716,404,1312
111000917,53,599,-546
111000918,235,1752,-1517
111000920,535,26,509
111000921,1,413,-412
111000922,499,472,27
111000924,59,1605,-1546
111000925,2159,3251,-1092
111000926,1047,3195,-2148
111000927,3632,7348,-3716
111000928,6920,5692,1228
111000929,1207,1687,-480
111000930,1048,3958,-2910
111000931,2601,3363,-762
111000932,6055,3818,2237
111000933,4820,2954,1866
111000934,3868,5021,-1153
111000935,1836,1360,476
111000936,1733,3409,-1676
111000937,966,1777,-811
111000938,2702,3246,-544
111000939,556,70,486
111000940,455,230,225
111000941,331,1088,-757
111000943,391,421,-30
111000944,196,673,-477
111000945,95,3156,-3061
111001109,789,429,360
111001110,284,867,-583
111001111,62,8,54
111001112,323,4,319
111001113,25,217,-192
111001114,2604,159,2445
111001115,68,593,-525
111001116,9019,5285,3734
111001117,842,2349,-1507
111001120,133,577,-444
111001121,246,511,-265
111001122,285,1124,-839
111001123,229,192,37
111001124,43,211,-168
111900001,8,222,-214
111900002,31,1431,-1400
111900003,3,866,-863
111900004,53,336,-283
111900006,19,42,-23
111900007,136,9,127
111900008,184,12,172
111900009,220,342,-122
111900010,429,917,-488
111900012,346,192,154
111900013,8,127,-119
111900014,10795,4075,6720
111900015,2,132,-130
111900016,1,190,-189
111900017,2,218,-216
111900018,229,3,226
111900019,7,159,-152
111900020,7,79,-72
111900021,30,182,-152
111900022,16,89,-73
111900023,181,99,82
111900024,5,97,-92
111900025,0,71,-71
111900026,1,113,-112
111900027,10,255,-245
111900028,3,629,-626
111900029,2,174,-172
111900030,91,677,-586
111900031,13,63,-50
111900032,4,577,-573
111900033,11,137,-126
111900034,362,1017,-655
111900035,70,498,-428
111900036,4,552,-548
111900038,466,1001,-535
111900039,99,740,-641
111900040,9,987,-978
111900042,66,281,-215
111900043,5,687,-682
111900044,433,537,-104
111900046,67,392,-325
111900048,212,1393,-1181
111900049,54,476,-422
111900050,167,49,118
111900051,3,388,-385
111900052,596,853,-257
111900053,2327,1494,833
111900054,190,9,181
111900055,53,1005,-952
111900056,517,329,188
111900057,87,75,12
111900058,431,1147,-716
111900059,4904,720,4184
111900060,516,7,509
111900061,36,518,-482
111900062,21,50,-29
111900063,315,487,-172
111900064,216,481,-265
111900065,151,58,93
111900066,187,239,-52
111900067,7,529,-522
111900068,40,85,-45
111900069,76,58,18
111900070,181,183,-2
111900071,4,549,-545
111900072,63,19,44
111900073,901,172,729
111900074,31,447,-416
111900075,88,12,76
111900076,161,71,90
111900077,76,2,74
111900078,291,20,271
111900079,39,25,14
111900080,327,320,7
111900081,1486,269,1217
111900082,178,33,145
111900083,114,24,90
111900084,75,8,67
111900085,51,128,-77
111900086,54,1,53
111900087,37,2,35
111900088,530,4,526
111900089,69,3,66
111900090,100,60,40
111900091,199,0,199
111900092,120,3,117
111900093,366,8,358
111900094,112,0,112
111900095,230,28,202
111900096,124,2,122
111900097,33,0,33
111900098,199,0,199
111900099,65,0,65
111900100,179,7,172
111900101,154,39,115
111900102,609,1222,-613
111900103,129,73,56
111900104,268,124,144
111900105,513,187,326
111900106,2483,111,2372
111900107,159,235,-76
111900108,291,203,88
111900109,976,475,501
111900110,4351,598,3753
111900111,119,208,-89
111900112,1629,2731,-1102
111900113,470,141,329
111900114,202,166,36
111900115,16,67,-51
111900118,382,114,268
111900119,372,214,158
111900122,134,56,78
111900123,35,52,-17
111900124,30,105,-75
111900125,593,36,557
111900126,333,8,325
111900127,1,1162,-1161
111900128,10,913,-903
111900129,437,87,350
111900130,377,43,334
111900131,420,1,419
111900132,56,2163,-2107
111900133,19,643,-624
111900134,34,510,-476
111900135,20,48,-28
111900136,121,173,-52
111900137,82,105,-23
111900138,21,100,-79
111900139,22,175,-153
111900140,126,47,79
111900141,108,32,76
111900142,131,59,72
111900143,79,418,-339
111900144,1,180,-179
111900145,2,786,-784
111900146,6,536,-530
111900147,269,825,-556
111900148,52,1318,-1266
111900149,6,577,-571
111900150,16,304,-288
111900151,2,56,-54
111900152,133,130,3
111900153,2232,460,1772
111900154,23,330,-307
111900155,86,150,-64
111900156,40,86,-46
111900157,103,23,80
111900158,550,61,489
111900159,278,15,263
111900160,317,1,316
111900161,185,0,185
111900162,149,239,-90
111900163,68,450,-382
111900164,132,114,18
111901113,424,274,150
111901114,179,577,-398
111901115,95,2,93
111901116,78,3,75
111901117,24,32,-8
111901118,167,223,-56
111901119,2007,152,1855
111901120,147,456,-309
111901121,340,559,-219
111901122,8,959,-951
111901123,185,666,-481
111901124,198,2,196
111901125,393,354,39
111901126,143,89,54
111901127,1461,603,858
111901128,13,216,-203
111901129,18,280,-262
111901130,28,393,-365
111901131,6,332,-326
111901132,169,14,155
111901133,77,3,74
111901134,91,3,88
111901135,25,18,7
111901136,60,86,-26
111901137,0,33,-33
111901138,179,77,102
111901139,25,112,-87
111901140,11,318,-307
111901141,20,652,-632
111901142,8,289,-281
111901143,2,135,-133
111901144,58,60,-2
111901145,265,375,-110
111901146,694,57,637
112000001,2588,1564,1024
112000002,1096,4087,-2991
112000003,1581,1687,-106
112000004,1089,2538,-1449
112000005,3375,3492,-117
112000006,2936,3627,-691
112000007,3220,2433,787
112000008,3644,5992,-2348
112000009,5843,6412,-569
112000010,4118,4879,-761
112000011,3115,4034,-919
112000012,7852,4684,3168
112000013,7750,5242,2508
112000014,4479,1503,2976
112000015,4763,5049,-286
112000016,9273,1438,7835
112000017,4284,3032,1252
112000024,3033,1286,1747
112000026,6749,8033,-1284
112000027,1674,930,744
112000028,2834,2686,148
112000029,665,1197,-532
112000030,286,182,104
112000031,3004,6712,-3708
112000032,715,129,586
112000033,3017,2133,884
112000034,367,118,249
112000035,133,452,-319
112000036,1357,1325,32
112000037,1877,1090,787
112000038,1978,1367,611
112000039,100,167,-67
112000040,186,356,-170
112000041,931,733,198
112000042,2118,546,1572
112000050,1596,2568,-972
112000051,1393,1727,-334
112000054,3795,4963,-1168
112000057,794,594,200
112000058,520,1069,-549
112000059,1122,1277,-155
112000061,6030,3436,2594
112000062,2746,1378,1368
112000063,2655,2535,120
112000064,6533,9667,-3134
112000065,2840,3979,-1139
112000066,5213,2001,3212
112000067,1036,1021,15
112000068,4374,2576,1798
112000069,1055,3040,-1985
112000070,2983,1225,1758
112000071,1403,4106,-2703
112000072,2694,1440,1254
112000073,3013,2751,262
112000074,2599,1337,1262
112000075,2016,1862,154
112000076,4864,3968,896
112000077,562,966,-404
112000078,2021,1021,1000
112000079,1907,1863,44
112000080,919,1263,-344
112000081,1997,3394,-1397
112000082,1995,1201,794
112000083,722,2197,-1475
112000084,1632,1296,336
112000085,1644,1875,-231
112000086,2252,2160,92
112000087,408,688,-280
112000088,672,989,-317
112000089,496,493,3
112000090,390,515,-125
112000091,830,1795,-965
112000092,1967,1616,351
112000093,2188,1611,577
112000094,697,1321,-624
112000095,751,1230,-479
112000096,583,1007,-424
112000097,1588,850,738
112000098,1584,2346,-762
112000099,1126,1408,-282
112000100,1876,1428,448
112000101,692,1557,-865
112000102,1289,983,306
112000103,472,1763,-1291
112000105,649,2573,-1924
112000106,1608,649,959
112000107,30,375,-345
112000108,265,2439,-2174
112000109,163,121,42
112000110,2153,846,1307
112000111,1952,5384,-3432
112000112,4807,1032,3775
112000113,1294,2715,-1421
112000114,3533,1729,1804
112000115,534,878,-344
112000116,1069,1901,-832
112000117,1737,1493,244
112000118,1485,1244,241
112000119,686,1323,-637
112000120,133,561,-428
112000121,143,998,-855
112000122,317,211,106
112000123,825,266,559
112000124,349,94,255
112000125,195,248,-53
112000126,203,1072,-869
112000127,3863,2820,1043
112000128,1650,1447,203
112000129,175,203,-28
112000130,156,86,70
112000131,57,763,-706
112000132,162,447,-285
112000133,520,597,-77
112000134,611,620,-9
112000135,1218,1080,138
112000136,1748,1833,-85
112000137,1950,2689,-739
112000138,2300,1815,485
112000139,1609,616,993
112000140,1514,1762,-248
112000141,1113,488,625
112000142,298,1287,-989
112000143,1235,433,802
112000144,528,2448,-1920
112000145,2426,1054,1372
112000146,915,3275,-2360
112000147,2562,2664,-102
112000148,2580,3523,-943
112000149,545,1242,-697
112000150,213,1164,-951
112000151,349,1063,-714
112000152,369,781,-412
112000153,262,563,-301
112000154,159,285,-126
112000155,402,153,249
112000157,2109,1104,1005
112000158,363,1461,-1098
112000159,519,611,-92
112000167,636,94,542
112000169,1674,786,888
112000173,869,358,511
112000175,558,731,-173
112000176,5776,3706,2070
112000177,1009,229,780
112000178,127,831,-704
112000179,279,243,36
112000180,364,453,-89
112000181,1874,2961,-1087
112000182,1464,3380,-1916
112000183,88,110,-22
112000184,373,1108,-735
112000185,584,1012,-428
112000187,5423,3695,1728
112000195,311,45,266
112000196,249,1,248
112000197,282,168,114
112000198,44,454,-410
112000199,2033,1537,496
112000202,420,0,420
112000216,88,411,-323
112000230,140,9,131
112000231,5,385,-380
112000256,87,279,-192
112000313,249,243,6
112000314,50,42,8
112000337,362,868,-506
112000352,541,504,37
112000392,2873,2602,271
112000398,1566,1224,342
112000399,13292,4112,9180
112000400,2855,6281,-3426
112000401,3988,4593,-605
112000402,3602,3606,-4
112000403,7036,3875,3161
112000404,765,961,-196
112000405,2316,3721,-1405
112000406,5373,4797,576
112000407,6845,10144,-3299
112000408,11936,10986,950
112000409,2587,8109,-5522
112000410,740,318,422
112000411,8431,1862,6569
112000412,2076,908,1168
112000413,15864,6611,9253
112000414,123,213,-90
112000415,181,81,100
112000416,2822,1926,896
112000417,310,97,213
112000421,64,269,-205
112000422,598,1051,-453
112000424,5207,3933,1274
112000425,689,1616,-927
112000426,200,511,-311
112000427,2,8,-6
112000428,238,825,-587
112000429,4474,5454,-980
112000430,5552,5626,-74
112000431,117,237,-120
112000432,936,2750,-1814
112000433,812,1647,-835
112000437,72,374,-302
112900001,98,2,96
112900002,479,1630,-1151
112900003,73,607,-534
112900004,79,477,-398
112900005,289,363,-74
112900006,15,678,-663
112900007,54,386,-332
112900008,0,60,-60
112900009,550,176,374
112900010,493,1297,-804
112900011,513,489,24
112900012,1,97,-96
112900013,4,438,-434
112900014,6,485,-479
112900015,631,1594,-963
112900016,5,373,-368
112900017,75,445,-370
112900018,4,431,-427
112900019,137,353,-216
112900020,618,2370,-1752
112900021,6,414,-408
112900022,36,129,-93
112900023,2,325,-323
112900024,42,400,-358
112900025,158,543,-385
112900026,8,459,-451
112900027,16,1862,-1846
112900028,47,229,-182
112900029,4,1190,-1186
112900030,289,326,-37
112900031,10,905,-895
112900032,233,523,-290
112900034,2,117,-115
112900035,12,767,-755
112900036,61,263,-202
112900037,388,213,175
112900038,802,301,501
112900039,17,470,-453
112900040,7,695,-688
112900041,2662,1920,742
112900042,57,664,-607
112900043,108,57,51
112900044,1150,730,420
112900045,650,571,79
112900046,384,138,246
112900047,21,23,-2
112900049,243,143,100
112900050,157,1021,-864
112900051,402,1354,-952
112900052,25,1641,-1616
112900053,588,211,377
112900054,419,74,345
112900055,265,65,200
112900056,673,295,378
112900057,19,1085,-1066
112900058,438,487,-49
112900059,191,200,-9
112900060,30,437,-407
112900061,130,279,-149
112900062,134,263,-129
112900063,201,16,185
112900064,309,356,-47
112900065,75,33,42
112900066,301,173,128
112900067,757,329,428
112900068,73,62,11
112900069,4440,1069,3371
112900071,58,13,45
112900072,584,2049,-1465
112900073,568,113,455
112900074,137,333,-196
112900075,3527,1180,2347
112900076,204,41,163
112900078,452,585,-133
112900079,277,34,243
112900080,51,6,45
112900081,49,239,-190
112900082,665,32,633
112900083,150,138,12
112900084,373,136,237
112900085,0,13,-13
112900086,91,0,91
112900087,853,194,659
112900088,157,25,132
112900089,1061,47,1014
112900090,76,17,59
112900091,250,3,247
112900092,283,432,-149
112900093,1903,36,1867
112900094,308,1,307
112900095,39,1,38
112900096,503,201,302
112900097,99,747,-648
112900098,228,5,223
112900099,944,22,922
112900100,52,0,52
112900101,254,2,252
112900102,176,12,164
112900103,192,6,186
112900104,45,1,44
112900105,13,1,12
112900106,560,173,387
112900107,8,2,6
112900108,56,1,55
112900109,120,1,119
112900110,1189,10,1179
112900111,825,4,821
112900112,416,5,411
112900113,0,20,-20
112900114,132,60,72
112900115,1093,6,1087
112900116,87,37,50
112900117,244,163,81
112900118,63,137,-74
112900119,231,12,219
112900120,1273,450,823
112900121,528,336,192
112900122,21,242,-221
112900123,271,35,236
112900124,15,222,-207
112900125,155,966,-811
112900126,230,382,-152
112900127,595,120,475
112900128,598,1343,-745
112900129,9,1623,-1614
112900130,393,97,296
112900131,71,342,-271
112900132,136,659,-523
112900133,45,1895,-1850
112900134,2,408,-406
112900135,117,64,53
112900136,0,54,-54
112900137,2,1090,-1088
112900138,15,794,-779
112900139,407,2038,-1631
112900140,0,92,-92
112900141,1172,67,1105
112900142,128,243,-115
112900143,72,911,-839
112900144,6,574,-568
112900145,37,728,-691
112900146,19,2267,-2248
112900147,6,3382,-3376
112900148,82,0,82
112900149,310,1077,-767
112900151,23,84,-61
112900152,6615,1700,4915
112900153,3179,2870,309
112900154,2,213,-211
112900155,374,26,348
112900156,459,2846,-2387
112900157,269,5,264
112900158,73,23,50
112900159,366,138,228
112900160,69,566,-497
112900161,167,55,112
112900162,66,32,34
112900163,244,71,173
112900164,40,202,-162
112900165,173,52,121
112900166,67,79,-12
112900167,6,64,-58
112900168,5,0,5
112900169,9,24,-15
112900170,115,199,-84
112900172,105,41,64
112900173,386,247,139
112900174,421,67,354
112900175,275,356,-81
112900176,25,54,-29
112900177,298,47,251
112900178,1132,4080,-2948
112900179,63,812,-749
112900180,3158,2744,414
112900181,597,6,591
112900182,64,2222,-2158
112900183,284,510,-226
112900184,820,739,81
112900185,548,924,-376
112900186,2866,1737,1129
112900187,184,784,-600
112900188,1209,721,488
112900189,49,73,-24
112900190,183,110,73
112900192,865,981,-116
112900193,1977,632,1345
112900194,99,178,-79
112900195,1892,74,1818
112900196,413,918,-505
112900197,233,700,-467
112900199,711,943,-232
112900200,769,543,226
112900201,66,178,-112
112900202,465,1464,-999
112900203,269,624,-355
112900204,1676,897,779
112900205,8,23,-15
112900206,19,119,-100
112900207,16,0,16
112900208,130,392,-262
112900209,728,729,-1
112900210,1,34,-33
112900211,169,64,105
112900212,1,164,-163
112900213,54,8,46
112900214,76,12,64
112900215,13,372,-359
112900216,42,168,-126
112900217,3,80,-77
112900218,55,59,-4
112900219,34,0,34
112900220,16,0,16
112900221,12,260,-248
112900222,0,53,-53
112900223,1570,29,1541
112900224,299,1259,-960
112900225,481,786,-305
112900226,490,556,-66
112900227,582,1983,-1401
112900228,50,44,6
112900229,205,95,110
112900230,13153,7070,6083
112900232,341,373,-32
112900233,91,300,-209
112900234,13,215,-202
112900235,146,55,91
112900236,236,24,212
112900237,192,402,-210
112900238,0,63,-63
112900239,942,511,431
113000001,8596,14082,-5486
113000002,6400,6955,-555
113000003,3334,5872,-2538
113000004,3571,5369,-1798
113000005,3227,2364,863
113000006,2740,3328,-588
113000007,3219,2575,644
113000008,3468,3709,-241
113000009,1756,2035,-279
113000010,1860,3185,-1325
113000011,1403,2398,-995
113000012,2415,1989,426
113000013,1992,1246,746
113000014,2258,2247,11
113000015,923,470,453
113000016,1108,1305,-197
113000017,108,414,-306
113000018,720,146,574
113000019,281,327,-46
113000020,251,62,189
113000021,4637,1078,3559
113000022,1208,1965,-757
113000025,106,654,-548
113000026,979,682,297
113000027,4758,659,4099
113000028,3708,653,3055
113000029,1589,1099,490
113000030,812,1177,-365
113000031,439,546,-107
113000032,517,648,-131
113000033,630,847,-217
113000034,776,827,-51
113000035,74,91,-17
113000036,58,87,-29
113000037,187,53,134
113000038,31,95,-64
113000039,119,1621,-1502
113000040,119,170,-51
113000042,1682,1272,410
113000051,1300,4115,-2815
113000052,3649,2648,1001
113000053,671,1092,-421
113000054,526,1779,-1253
113000055,1648,1604,44
113000056,1255,1914,-659
113000058,1462,1236,226
113000059,1950,1092,858
113000060,304,827,-523
113000061,1579,1565,14
113000062,2319,460,1859
113000063,158,615,-457
113000064,91,833,-742
113000065,251,1825,-1574
113000066,934,268,666
113000067,2391,2643,-252
113000068,600,3227,-2627
113000069,880,2204,-1324
113000070,3088,1907,1181
113000071,618,1217,-599
113000072,897,1075,-178
113000073,1169,2803,-1634
113000074,1633,959,674
113000075,3845,1199,2646
113000076,2326,2945,-619
113000077,2226,899,1327
113000078,1676,4269,-2593
113000079,1075,1532,-457
113000080,1105,1019,86
113000081,1451,1575,-124
113000082,2609,1255,1354
113000083,935,1526,-591
113000084,2725,1900,825
113000085,1375,1231,144
113000086,1848,2094,-246
113000087,1497,1628,-131
113000088,5493,2668,2825
113000089,1663,2931,-1268
113000090,578,1174,-596
113000091,1071,686,385
113000094,2681,427,2254
113000095,638,1538,-900
113000096,372,1459,-1087
113000097,2336,590,1746
113000098,285,59,226
113000099,2582,529,2053
113000100,286,660,-374
113000101,863,1002,-139
113000102,1382,656,726
113000103,4536,882,3654
113000104,656,5590,-4934
113000105,1326,828,498
113000106,748,879,-131
113000107,1429,1521,-92
113000108,1855,2360,-505
113000109,1262,10411,-9149
113000110,2699,939,1760
113000111,455,2298,-1843
113000112,416,513,-97
113000113,2979,521,2458
113000114,533,3557,-3024
113000116,1213,371,842
113000117,1503,184,1319
113000118,383,860,-477
113000119,429,624,-195
113000120,123,449,-326
113000121,924,1552,-628
113000124,444,243,201
113000125,150,1033,-883
113000127,5433,915,4518
113000128,1022,1241,-219
113000129,1072,2489,-1417
113000133,6270,3339,2931
113000134,23,2573,-2550
113000135,5649,6138,-489
113000137,3456,4666,-1210
113000139,776,343,433
113000140,220,540,-320
113000141,592,330,262
113000142,951,2030,-1079
113000143,478,397,81
113000144,559,1323,-764
113000145,115,244,-129
113000146,190,194,-4
113000147,294,268,26
113000148,223,240,-17
113000149,139,307,-168
113000150,1011,839,172
113000151,220,160,60
113000152,64,338,-274
113000153,3007,1068,1939
113000154,1155,2931,-1776
113000155,485,992,-507
113000156,241,781,-540
113000157,427,1705,-1278
113000158,1067,515,552
113000159,1224,1291,-67
113000160,867,2293,-1426
113000161,320,1024,-704
113000162,1017,790,227
113000163,166,119,47
113000164,34,188,-154
113000166,266,153,113
113000167,42,238,-196
113000168,87,236,-149
113000169,264,151,113
113000170,177,181,-4
113000171,83,151,-68
113000172,319,160,159
113000173,77,44,33
113000174,190,867,-677
113000175,578,280,298
113000176,626,353,273
113000177,240,742,-502
113000178,255,565,-310
113000179,467,325,142
113000180,1523,2724,-1201
113000181,1436,1382,54
113000182,337,1230,-893
113000183,372,877,-505
113000184,43,186,-143
113000189,917,1499,-582
113000190,2052,1053,999
113000192,4396,2463,1933
113000193,12848,1488,11360
113000194,5273,1461,3812
113000195,6924,1162,5762
113000196,362,238,124
113000197,4837,1823,3014
113000198,83,504,-421
113000199,2333,783,1550
113000201,2904,319,2585
113000202,7153,8903,-1750
113000203,1113,472,641
113000204,3995,2641,1354
113000205,77,56,21
113000206,34,85,-51
113000207,153,40,113
113000208,113,86,27
113000209,60,33,27
113000210,4,40,-36
113000211,690,353,337
113000212,627,47,580
113000213,80,532,-452
113000214,371,703,-332
113000234,266,2020,-1754
113000410,421,445,-24
113000411,4467,7824,-3357
113000412,14400,4148,10252
113000413,6971,4947,2024
113000414,13333,21522,-8189
113000415,4362,6256,-1894
113000416,15047,8199,6848
113000417,5639,7372,-1733
113000418,5731,4630,1101
113000419,2906,3871,-965
113000420,6121,9019,-2898
113000421,6986,10282,-3296
113000422,23104,19635,3469
113000423,4824,7933,-3109
113000424,6452,17402,-10950
113000425,30,292,-262
113000428,750,183,567
113000430,115,699,-584
113000432,3407,238,3169
113000433,109,1375,-1266
113000434,47,341,-294
113000435,28,1078,-1050
113000436,106,1831,-1725
113000437,1131,24,1107
113000438,381,14,367
113000439,34,282,-248
113000440,190,45,145
113000441,331,502,-171
113000442,249,400,-151
113000443,265,665,-400
113000444,267,456,-189
113000445,158,356,-198
113000446,45,174,-129
113000448,419,449,-30
113000449,779,2630,-1851
113000450,1878,12695,-10817
113000451,2731,416,2315
113000452,977,1372,-395
113000453,94,545,-451
113000454,4563,77,4486
113000455,65,258,-193
113000456,6544,4430,2114
113000468,5108,553,4555
113000469,1541,553,988
113000470,1248,188,1060
113000471,29,1116,-1087
113000472,228,527,-299
113000474,558,1306,-748
113000475,2407,3472,-1065
113000476,1445,2991,-1546
113000477,3528,3159,369
113000478,6120,9838,-3718
113000479,137,357,-220
113000480,441,167,274
113000485,38,0,38
113000486,20,2,18
113000487,1,1,0
113000488,4,0,4
113000489,1,1,0
113000490,0,24,-24
113000491,34,43,-9
113000492,0,3,-3
113000493,0,0,0
113000495,376,464,-88
113000496,221,223,-2
113000497,0,0,0
113000499,0,0,0
113000500,0,7,-7
113900001,6,627,-621
113900002,5,349,-344
113900003,2,265,-263
113900004,5,187,-182
113900005,3,166,-163
113900006,38,59,-21
113900007,692,66,626
113900008,1098,7,1091
113900009,1812,6,1806
113900010,1218,17,1201
113900011,103,8,95
113900012,44,24,20
113900013,3236,68,3168
113900014,863,6,857
113900015,0,63,-63
113900016,71,0,71
113900017,3,96,-93
113900018,782,263,519
113900019,179,107,72
113900020,198,2,196
113900022,47,0,47
113900023,35,1,34
113900024,54,144,-90
113900025,568,56,512
113900026,108,1,107
113900027,6,149,-143
113900028,49,796,-747
113900029,97,401,-304
113900030,245,4,241
113900031,29,2,27
113900032,36,1,35
113900033,95,153,-58
113900035,98,1,97
113900036,45,198,-153
113900037,130,915,-785
113900038,108,194,-86
113900039,180,27,153
113900040,7,23,-16
113900041,34,9,25
113900042,144,79,65
113900043,369,285,84
113900044,317,285,32
113900045,92,6,86
113900046,411,963,-552
113900047,70,263,-193
113900048,352,141,211
113900049,1266,574,692
113900050,372,845,-473
113900051,491,816,-325
113900052,220,236,-16
113900053,1081,885,196
113900054,79,8,71
113900055,196,850,-654
113900056,90,377,-287
113900057,25,396,-371
113900058,111,371,-260
113900059,496,649,-153
113900060,172,412,-240
113900061,1784,399,1385
113900062,147,47,100
113900063,226,254,-28
113900064,70,319,-249
113900065,806,59,747
113900066,530,713,-183
113900067,156,553,-397
113900068,721,756,-35
113900069,122,66,56
113900070,290,694,-404
113900071,129,118,11
113900072,122,307,-185
113900073,532,647,-115
113900074,115,646,-531
113900075,1970,1729,241
113900076,256,22,234
113900077,102,344,-242
113900078,140,86,54
113900079,0,102,-102
113900080,655,340,315
113900081,94,435,-341
113900082,276,464,-188
113900083,328,958,-630
113900084,439,204,235
113900085,76,463,-387
113900086,43,42,1
113900087,92,347,-255
113900088,79,122,-43
113900089,634,92,542
113900090,1136,631,505
113900091,47,67,-20
113900092,88,147,-59
113900093,249,1561,-1312
113900094,612,815,-203
113900095,317,200,117
113900096,362,97,265
113900097,16,234,-218
113900098,1044,127,917
113900099,1,166,-165
113900100,0,9,-9
113900101,30,134,-104
113900102,246,181,65
113900103,750,396,354
113900104,254,341,-87
113900105,135,461,-326
113900106,2,223,-221
113900107,4,58,-54
113900108,548,406,142
113900109,669,254,415
113900110,155,22,133
113900111,203,189,14
113900112,174,148,26
113900113,1360,813,547
113900114,5,247,-242
113900115,1,166,-165
113900116,259,298,-39
113900117,240,48,192
113900118,428,536,-108
113900119,377,780,-403
113900120,211,47,164
113900121,72,141,-69
113900122,748,2505,-1757
113900123,925,361,564
113900124,4,104,-100
113900125,2631,305,2326
113900126,297,105,192
113900127,340,1138,-798
113900128,237,104,133
113900129,33,250,-217
113900130,7,33,-26
113900131,317,137,180
113900132,123,84,39
113900133,28,50,-22
113900135,623,962,-339
113900136,168,169,-1
113900137,760,450,310
113900138,117,367,-250
113900139,798,212,586
113900140,618,484,134
113900141,665,880,-215
113900142,225,147,78
113900143,32,67,-35
113900144,476,359,117
113900145,682,380,302
113900146,172,94,78
113900148,354,597,-243
113900149,378,187,191
113900150,1524,1283,241
113900151,600,442,158
113900152,56,90,-34
113900153,767,1056,-289
113900154,3,230,-227
113900155,330,294,36
113900156,387,960,-573
113900157,43,465,-422
113900158,662,570,92
113900159,61,377,-316
113900160,730,1034,-304
113900161,141,360,-219
113900162,857,1262,-405
113900163,659,454,205
113900164,403,81,322
113900165,1196,780,416
113900166,501,293,208
113900167,311,78,233
113900168,260,161,99
113900169,456,644,-188
113900171,317,123,194
113900172,16,309,-293
113900173,114,1174,-1060
113900174,830,1055,-225
113900175,575,276,299
113900176,334,1035,-701
113900177,716,399,317
113900178,682,244,438
113900179,27,1097,-1070
113900180,270,207,63
113900181,1485,218,1267
113900182,1003,1462,-459
113900183,163,138,25
113900184,34,1209,-1175
113900185,372,126,246
113900186,71,96,-25
113900187,82,225,-143
113900188,71,301,-230
113900189,495,149,346
113900190,586,181,405
113900191,267,402,-135
113900192,9,987,-978
113900193,40,367,-327
113900194,3763,2000,1763
113900195,549,791,-242
113900196,2,186,-184
113900197,6,421,-415
113900198,47,245,-198
113900199,335,1290,-955
113900200,29,409,-380
113900201,2,365,-363
113900202,83,638,-555
113900203,1,273,-272
113900204,94,984,-890
113900205,25,317,-292
113900206,9,230,-221
113900207,1,104,-103
113900208,1,89,-88
113900209,1,150,-149
113900210,932,1375,-443
113900211,290,159,131
113900212,251,981,-730
113900214,850,741,109
113900215,76,249,-173
113900216,112,1964,-1852
113900217,58,429,-371
113900218,190,106,84
113900219,209,787,-578
113900220,377,184,193
113900221,804,272,532
113900222,540,855,-315
113900223,147,1477,-1330
113900224,202,113,89
113900225,1253,393,860
113900226,578,264,314
113900227,662,393,269
113900228,536,677,-141
113900229,79,1274,-1195
113900230,8087,5585,2502
113900231,287,441,-154
113900232,194,162,32
113900233,174,128,46
113900234,604,791,-187
113900235,119,51,68
113900236,234,628,-394
113900237,265,16,249
113900238,543,906,-363
113900239,310,135,175
113900240,23,237,-214
113900241,258,129,129
113900242,96,333,-237
113900243,214,824,-610
113900244,866,362,504
113900245,2306,501,1805
113900246,42,48,-6
113900247,320,563,-243
113900248,5244,3312,1932
113900249,1908,617,1291
113900250,124,205,-81
113900251,923,357,566
113900252,645,17,628
113900253,1049,87,962
113900254,1136,246,890
113900255,516,53,463
113900256,458,55,403
113900257,60,1246,-1186
113900258,20,1004,-984
113900259,694,418,276
113900260,297,47,250
113900261,61,123,-62
113900262,188,1106,-918
113900263,335,978,-643
113900264,8,898,-890
113900265,248,510,-262
113900266,39,358,-319
113900267,238,781,-543
113900268,628,650,-22
113900269,77,262,-185
113900270,549,714,-165
113900271,989,1835,-846
113900273,191,23,168
113900274,72,28,44
113900275,57,87,-30
113900276,6,353,-347
113900277,152,6,146
113900278,390,291,99
113900279,149,152,-3
113900280,1953,795,1158
113900281,951,2181,-1230
113900282,1313,796,517
113900283,588,733,-145
113900284,1264,337,927
113900285,179,50,129
113900286,172,208,-36
113900287,63,280,-217
113900288,8,163,-155
113900289,1997,172,1825
113900290,611,247,364
113900291,231,315,-84
113900292,18,20,-2
113900293,17,508,-491
113900294,558,52,506
113900295,809,674,135
113900296,3850,638,3212
113900297,2543,67,2476
113900298,16,2081,-2065
113900299,89,321,-232
113900300,9648,6072,3576
113900301,1827,827,1000
113900302,3895,1467,2428
113900303,1118,604,514
113900304,1,262,-261
113900305,134,0,134
113900306,60,0,60
113900307,125,0,125
113900308,163,234,-71
113900309,4,1749,-1745
113900310,3,30,-27
113900311,24,5,19
113900312,255,283,-28
113900313,27,26,1
114000001,1590,6689,-5099
114000002,335,718,-383
114000003,48,595,-547
114000004,461,603,-142
114000005,284,446,-162
114000006,4613,4035,578
114000007,1221,2574,-1353
114000008,2495,2363,132
114000009,1018,324,694
114000011,3795,5759,-1964
114000012,3130,4386,-1256
114000013,2224,3478,-1254
114000014,565,599,-34
114000015,2260,845,1415
114000016,301,600,-299
114000017,254,477,-223
114000018,916,123,793
114000026,2136,2791,-655
114000027,3982,3518,464
114000028,3612,4196,-584
114000038,356,289,67
114000039,104,167,-63
114000040,136,325,-189
114000042,332,352,-20
114000043,117,327,-210
114000044,205,74,131
114000045,100,150,-50
114000046,4599,8209,-3610
114000047,40,112,-72
114000048,336,78,258
114000049,2441,2437,4
114000050,2909,3421,-512
114000051,4726,3113,1613
114000052,5364,2289,3075
114000053,137,928,-791
114000054,318,2019,-1701
114000055,417,66,351
114000056,1907,1168,739
114000057,16188,4078,12110
114000058,1188,2201,-1013
114000059,562,540,22
114000060,1529,1307,222
114000061,6732,3679,3053
114000062,4645,2366,2279
114000063,4818,2712,2106
114000064,11204,5990,5214
114000065,3114,4454,-1340
114000066,720,1057,-337
114000067,63,1102,-1039
114000068,558,1012,-454
114000069,2141,860,1281
114000070,3799,2786,1013
114000071,1268,956,312
114000072,519,804,-285
114000073,23,182,-159
114000074,52,32,20
114000075,84,297,-213
114000076,30,296,-266
114000077,16,134,-118
114000078,308,1389,-1081
114000079,159,51,108
114000080,146,209,-63
114000081,86,107,-21
114000082,60,898,-838
114000083,96,420,-324
114000084,433,153,280
114000085,157,1391,-1234
114000086,372,1008,-636
114000087,117,392,-275
114000088,73,96,-23
114000089,3084,884,2200
114000090,1280,1171,109
114000091,3258,1213,2045
114000092,1823,797,1026
114000093,1553,1197,356
114000094,599,780,-181
114000095,427,175,252
114000096,182,671,-489
114000097,200,1175,-975
114000098,636,114,522
114000099,757,1468,-711
114000100,1701,1525,176
114000101,480,1532,-1052
114000102,561,548,13
114000103,194,784,-590
114000104,45,659,-614
114000105,173,111,62
114000106,2305,1292,1013
114000107,402,194,208
114000108,4381,1885,2496
114000109,650,1358,-708
114000110,884,2829,-1945
114000111,2078,1035,1043
114000112,538,2914,-2376
114000113,1348,718,630
114000114,1798,2425,-627
114000115,2571,1280,1291
114000116,912,971,-59
114000117,3384,664,2720
114000118,2978,796,2182
114000119,2188,729,1459
114000120,896,1321,-425
114000121,651,1205,-554
114000122,511,420,91
114000123,2122,446,1676
114000124,1817,488,1329
114000125,1111,2597,-1486
114000126,2258,362,1896
114000127,237,299,-62
114000128,1291,795,496
114000130,671,943,-272
114000131,339,137,202
114000132,901,1142,-241
114000133,1564,2717,-1153
114000134,97,308,-211
114000138,116,359,-243
114000139,795,296,499
114000144,1223,741,482
114000145,133,299,-166
114000146,188,552,-364
114000147,1862,2482,-620
114000148,3494,2706,788
114000149,536,380,156
114000150,1285,1183,102
114000151,1757,1728,29
114000152,261,66,195
114000153,1326,2702,-1376
114000154,1571,1185,386
114000155,2210,3708,-1498
114000156,1981,781,1200
114000157,507,1848,-1341
114000158,3655,1272,2383
114000159,298,743,-445
114000160,165,394,-229
114000161,3162,3936,-774
114000162,1628,3007,-1379
114000163,19,205,-186
114000165,832,294,538
114000166,1241,494,747
114000167,7745,2161,5584
114000168,1302,1117,185
114000169,3510,1489,2021
114000170,1555,1137,418
114000171,1539,2590,-1051
114000174,421,882,-461
114000176,1422,668,754
114000177,3599,1435,2164
114000178,43,112,-69
114000179,2057,1292,765
114000180,820,1064,-244
114000181,2609,4811,-2202
114000182,12356,3723,8633
114000183,1279,1204,75
114000184,798,2672,-1874
114000185,1592,1440,152
114000189,1038,184,854
114000190,2894,461,2433
114000191,60,117,-57
114000192,562,2874,-2312
114000193,1197,4924,-3727
114000194,1961,1786,175
114000195,271,40,231
114000196,4,547,-543
114000197,1547,70,1477
114000198,2044,665,1379
114000199,3233,2082,1151
114000200,957,3494,-2537
114000201,491,1573,-1082
114000202,1680,1064,616
114000203,720,1256,-536
114000204,202,812,-610
114000205,358,2647,-2289
114000206,910,2310,-1400
114000207,919,3769,-2850
114000208,789,5467,-4678
114000209,964,4681,-3717
114000210,500,2543,-2043
114000211,1334,2549,-1215
114000212,1250,1188,62
114000213,1781,954,827
114000214,145,332,-187
114000215,280,175,105
114000216,2064,677,1387
114000217,297,526,-229
114000218,157,422,-265
114000219,1642,420,1222
114000220,36,1927,-1891
114000221,942,314,628
114000222,317,1942,-1625
114000223,699,185,514
114000224,159,1309,-1150
114000225,287,929,-642
114000226,165,395,-230
114000227,1015,684,331
114000228,1166,1509,-343
114000229,1523,1990,-467
114000230,2375,2118,257
114000231,1294,2045,-751
114000232,738,223,515
114000233,2774,212,2562
114000234,1534,1530,4
114000235,1421,2322,-901
114000236,1,851,-850
114000237,162,1674,-1512
114000238,193,372,-179
114000239,287,2155,-1868
114000240,1036,1041,-5
114000241,336,1530,-1194
114000242,1324,1487,-163
114000243,2607,1238,1369
114000244,1260,554,706
114000245,506,846,-340
114000246,269,53,216
114000247,1128,1079,49
114000248,1466,931,535
114000249,745,780,-35
114000250,679,1084,-405
114000251,494,544,-50
114000252,104,176,-72
114000253,66,499,-433
114000254,29,163,-134
114000255,1723,421,1302
114000256,4044,2445,1599
114000257,668,2513,-1845
114000258,420,609,-189
114000259,116,466,-350
114000260,0,24,-24
114000261,80,73,7
114000262,194,300,-106
114000263,37,2,35
114000264,1442,1007,435
114000265,0,18,-18
114000267,8,2418,-2410
114000268,5,2464,-2459
114000270,125,0,125
114000271,742,122,620
114000283,1401,649,752
114000285,60,413,-353
114000288,99,564,-465
114000289,1568,186,1382
114000293,197,731,-534
114000294,286,454,-168
114000395,2205,57,2148
114000396,554,716,-162
114000402,523,493,30
114000403,417,1097,-680
114000405,141,831,-690
114000423,404,754,-350
114000424,493,325,168
114000425,730,806,-76
114000426,450,1263,-813
114000427,71,176,-105
114000428,359,189,170
114000429,51,343,-292
114000432,143,209,-66
114000434,43,161,-118
114000435,9,286,-277
114000436,7759,2006,5753
114000437,868,3405,-2537
114900001,818,2164,-1346
114900002,925,112,813
114900003,675,3357,-2682
114900004,282,544,-262
114900005,656,1516,-860
114900006,106,112,-6
114900007,279,40,239
114900008,230,138,92
114900010,4084,2898,1186
114900011,242,257,-15
114900013,316,205,111
114900015,88,571,-483
114900018,1280,42,1238
114900020,335,132,203
114900022,22,1163,-1141
114900024,478,215,263
114900025,519,427,92
114900026,56,193,-137
114900027,354,383,-29
114900029,25,47,-22
114900030,455,399,56
114900031,447,57,390
114900032,381,55,326
114900033,2866,834,2032
114900034,99,304,-205
114900035,162,583,-421
114900036,373,1333,-960
114900037,149,295,-146
114900038,273,1216,-943
114900039,649,943,-294
114900040,117,513,-396
114900041,753,809,-56
114900042,947,1109,-162
114900043,1469,606,863
114900044,232,64,168
114900046,153,249,-96
114900047,392,2210,-1818
114900048,131,461,-330
114900049,15,322,-307
114900050,49,944,-895
114900051,29,807,-778
114900052,86,375,-289
114900053,133,446,-313
114900054,107,231,-124
114900057,292,27,265
114900058,0,112,-112
114900059,117,70,47
114900060,2199,990,1209
114900061,177,236,-59
114900062,569,556,13
114900063,84,383,-299
114900064,1488,958,530
114900065,511,1004,-493
114900067,75,609,-534
114900068,147,333,-186
114900069,417,331,86
114900070,645,1006,-361
114900072,5,491,-486
114900073,1,324,-323
114900074,776,1356,-580
114900075,345,8,337
114900076,22,560,-538
114900080,4852,790,4062
114900082,6155,2740,3415
114900083,1933,1772,161
114900090,486,389,97
114900091,299,464,-165
114900095,615,205,410
114900096,761,1174,-413
114900097,154,1,153
114900098,5,422,-417
114900099,287,10,277
115000001,13018,8556,4462
115000002,5828,6019,-191
115000003,8188,6746,1442
115000004,6141,8253,-2112
115000005,3116,4585,-1469
115000006,1841,2679,-838
115000007,149,410,-261
115000008,1047,783,264
115000009,388,662,-274
115000010,718,256,462
115000013,166,386,-220
115000015,107,606,-499
115000016,295,350,-55
115000019,59,779,-720
115000020,324,974,-650
115000021,373,875,-502
115000022,859,649,210
115000023,502,931,-429
115000024,1970,931,1039
115000025,1335,1130,205
115000026,223,631,-408
115000027,307,463,-156
115000028,344,1227,-883
115000029,949,317,632
115000030,1004,1722,-718
115000031,1760,745,1015
115000032,12,364,-352
115000033,242,53,189
115000034,255,1698,-1443
115000035,1715,102,1613
115000036,2,615,-613
115000037,961,16,945
115000038,95,298,-203
115000039,5258,4481,777
115000040,10619,5741,4878
115000041,1938,4327,-2389
115000042,1347,1273,74
115000043,4967,3901,1066
115000044,5126,6685,-1559
115000045,4535,3855,680
115000046,2978,4214,-1236
115000047,2391,3059,-668
115000048,2216,4585,-2369
115000049,2390,5649,-3259
115000050,4527,3218,1309
115000051,3310,4036,-726
115000052,4224,3464,760
115000053,2442,2540,-98
115000054,945,2299,-1354
115000055,201,671,-470
115000056,285,483,-198
115000057,843,812,31
115000058,206,239,-33
115000059,216,162,54
115000061,442,157,285
115000062,441,435,6
115000063,382,520,-138
115000064,348,225,123
115000065,220,547,-327
115000067,402,40,362
115000069,123,670,-547
115000070,83,2004,-1921
115000071,166,17,149
115000072,11,112,-101
115000073,2734,113,2621
115000075,137,98,39
115000076,7273,5196,2077
115000077,2639,5011,-2372
115000078,1612,2646,-1034
115000079,1832,3584,-1752
115000080,3287,4487,-1200
115000081,718,1575,-857
115000082,5222,5725,-503
115000083,2794,4343,-1549
115000084,2622,2078,544
115000085,1087,1530,-443
115000086,1352,1907,-555
115000087,718,2577,-1859
115000088,2665,1230,1435
115000089,2279,2302,-23
115000090,1179,1477,-298
115000091,516,1948,-1432
115000092,586,490,96
115000093,830,3,827
115000094,14245,7649,6596
115000095,11178,7527,3651
115000096,1060,3444,-2384
115000097,1003,1307,-304
115000098,1509,1316,193
115000099,2950,5516,-2566
115000100,1333,907,426
115000101,660,2513,-1853
115000102,712,408,304
115000103,500,1226,-726
115000105,79,308,-229
115000106,610,482,128
115000107,273,1026,-753
115000108,6727,4249,2478
115000109,9459,5393,4066
115000110,2059,1973,86
115000111,1180,2956,-1776
115000112,1046,1029,17
115000113,984,1621,-637
115000114,2585,1575,1010
115000116,6130,3159,2971
115000117,6708,4319,2389
115000118,3131,2718,413
115000119,3215,3494,-279
115000120,839,1810,-971
115000121,2209,1472,737
115000122,6469,4027,2442
115000123,3154,3369,-215
115000124,1601,1907,-306
115000125,964,934,30
115000126,390,401,-11
115000127,955,257,698
115000128,1793,1196,597
115000129,700,409,291
115000130,573,1615,-1042
115000131,1071,502,569
115000132,264,864,-600
115000133,684,543,141
115000134,435,351,84
115000135,484,336,148
115000136,390,337,53
115000137,229,276,-47
115000138,286,422,-136
115000139,380,393,-13
115000140,361,323,38
115000141,279,448,-169
115000142,259,545,-286
115000143,768,975,-207
115000144,800,162,638
115000145,411,651,-240
115000146,876,430,446
115000147,1348,813,535
115000148,538,2299,-1761
115000149,1104,427,677
115000150,1131,2028,-897
115000151,1245,886,359
115000152,1425,2320,-895
115000153,2680,936,1744
115000154,1191,656,535
115000155,1372,1976,-604
115000156,3010,1150,1860
115000157,2477,1538,939
115000158,1815,726,1089
115000159,1954,970,984
115000160,1134,1368,-234
115000161,944,997,-53
115000162,1104,1199,-95
115000163,1134,762,372
115000164,1057,871,186
115000165,908,691,217
115000167,377,122,255
115000168,1816,558,1258
115000169,2313,509,1804
115000170,384,199,185
115000171,740,325,415
115000172,3331,1143,2188
115000173,890,882,8
115000174,248,362,-114
115000175,443,172,271
115000176,390,169,221
115000177,443,212,231
115000178,63,501,-438
115000179,79,49,30
115000180,194,1385,-1191
115000181,755,247,508
115000182,914,873,41
115000183,418,1726,-1308
115000186,927,559,368
115000187,307,1423,-1116
115000188,789,1124,-335
115000189,457,810,-353
115000190,1864,1011,853
115000191,880,905,-25
115000194,334,215,119
115000195,524,536,-12
115000196,209,278,-69
115000197,309,574,-265
115000198,403,436,-33
115000199,497,403,94
115000200,445,263,182
115000201,266,675,-409
115000206,559,158,401
115000207,185,724,-539
115000208,918,1252,-334
115000209,954,488,466
115000210,197,215,-18
115000211,344,458,-114
115000212,3984,479,3505
115000224,709,146,563
115000225,97,115,-18
115000229,422,316,106
115000230,112,957,-845
115000231,418,4097,-3679
115000232,1998,494,1504
115000233,364,338,26
115000234,64,447,-383
115000241,121,453,-332
115000242,137,574,-437
115000243,74,465,-391
115000244,4,175,-171
115000246,78,34,44
115000247,50,26,24
115000248,39,23,16
115000249,88,48,40
115000250,819,70,749
115000251,286,321,-35
115000252,157,349,-192
115000253,29,664,-635
115000258,388,445,-57
115000259,565,266,299
115000261,18,41,-23
115000262,12,53,-41
115000263,11,92,-81
115000264,31,64,-33
115000267,100,140,-40
115000268,62,231,-169
115000269,237,123,114
115000270,12,33,-21
115000272,152,320,-168
115000273,527,57,470
115000280,3512,278,3234
115000281,1154,744,410
115000282,3152,959,2193
115000284,507,258,249
115000296,1245,15,1230
115000297,881,164,717
115000298,376,438,-62
115000300,356,300,56
115000302,526,415,111
115000303,1027,313,714
115000304,942,174,768
115000305,155,1729,-1574
115000306,292,975,-683
115000307,135,384,-249
115000308,117,71,46
115000309,39,80,-41
115000310,1360,1420,-60
115000311,949,2450,-1501
115000313,170,1514,-1344
115000314,552,211,341
115000315,1675,579,1096
115000316,91,153,-62
115000317,211,1073,-862
115000318,1306,588,718
115000319,139,518,-379
115000320,16,558,-542
115000321,869,19,850
115000322,81,444,-363
115000449,547,416,131
115000557,8,1933,-1925
115000558,762,107,655
115000587,823,643,180
115000588,4702,5647,-945
115000589,5600,4439,1161
115000590,1743,2423,-680
115000591,2509,1418,1091
115000592,1400,2850,-1450
115000593,2497,1292,1205
115000594,1393,3624,-2231
115000609,184,244,-60
115000617,3492,5021,-1529
115000624,385,171,214
115000633,693,3726,-3033
115000634,5195,1679,3516
115000635,789,193,596
115000638,2170,1437,733
115000641,159,196,-37
115000642,692,526,166
115000643,184,905,-721
115000644,258,607,-349
115000646,1238,2088,-850
115000647,295,927,-632
115000648,2060,3268,-1208
115000893,4955,2525,2430
115000894,173,1922,-1749
115000895,689,1255,-566
115000896,2045,667,1378
115000897,833,224,609
115000898,1733,475,1258
115000899,1587,2250,-663
115000900,263,739,-476
115000901,149,221,-72
115000912,429,198,231
115000913,1,89,-88
115000915,89,1,88
115000916,17,0,17
115000917,0,13,-13
115000918,186,452,-266
115000919,42,37,5
115000920,258,143,115
115000921,1961,543,1418
115000922,2852,1458,1394
115000923,1143,1258,-115
115000925,134,157,-23
115000927,63,66,-3
115000933,799,235,564
115000934,230,356,-126
115000935,121,237,-116
115000936,73,739,-666
115000937,1278,296,982
115000938,134,241,-107
115000939,159,233,-74
115900001,105,98,7
115900002,169,370,-201
115900003,257,221,36
115900004,3,124,-121
115900005,209,22,187
115900006,324,694,-370
115900008,83,29,54
115900009,142,552,-410
115900010,347,393,-46
115900011,587,449,138
115900012,201,170,31
115900013,721,362,359
115900014,141,260,-119
115900015,109,190,-81
115900016,91,75,16
115900017,14,6,8
115900018,252,122,130
115900019,1011,52,959
115900020,55,1,54
115900021,2619,243,2376
115900022,4053,29,4024
115900023,48,10,38
115900025,133,544,-411
115900026,1248,455,793
115900027,2,548,-546
115900028,936,133,803
115900029,22,795,-773
115900030,110,30,80
115900031,783,472,311
115900032,650,1422,-772
115900033,0,41,-41
115900034,41,876,-835
115900035,75,49,26
115900036,359,927,-568
115900037,72,824,-752
115900038,182,27,155
115900039,297,543,-246
115900041,710,703,7
115900042,96,7,89
115900043,181,254,-73
115900044,519,427,92
115900046,286,442,-156
115900047,171,143,28
115900049,206,380,-174
115900051,1,136,-135
115900052,17,388,-371
115900053,232,443,-211
115900054,244,108,136
115900055,28,219,-191
115900056,298,586,-288
115900057,162,14,148
115900058,37,88,-51
115900060,211,247,-36
115900061,290,3,287
115900062,74,405,-331
115900063,59,21,38
115900064,339,633,-294
115900065,141,193,-52
115900066,346,327,19
115900067,18,1166,-1148
115900068,4935,1061,3874
115900069,96,412,-316
115900070,262,340,-78
115900071,3,876,-873
115900072,77,419,-342
115900073,80,112,-32
115900074,6,522,-516
115900075,27,466,-439
115900076,6,129,-123
115900077,18,448,-430
115900078,62,172,-110
115900079,245,20,225
115900080,850,442,408
115900081,22,134,-112
115900082,224,235,-11
115900084,431,43,388
115900085,127,111,16
115900086,2898,873,2025
115900088,58,109,-51
115900089,340,939,-599
115900090,297,34,263
115900091,52,44,8
115900092,38,302,-264
115900093,12,102,-90
115900094,13,611,-598
115900096,6,34,-28
115900097,15,786,-771
115900098,184,823,-639
115900099,118,86,32
115900100,19,925,-906
115900101,186,790,-604
115900102,76,104,-28
115900103,381,465,-84
115900104,61,231,-170
115900105,280,1372,-1092
115900106,68,69,-1
115900107,66,287,-221
115900108,115,73,42
115900109,81,722,-641
115900110,3,54,-51
115900111,1,125,-124
115900112,69,1797,-1728
115900113,53,51,2
115900114,3,213,-210
115900115,97,354,-257
115900116,136,1643,-1507
115900117,60,59,1
115900118,4,392,-388
115900119,635,221,414
115900120,35,836,-801
115900121,233,462,-229
115900124,306,854,-548
115900125,374,74,300
115900126,934,128,806
115900127,868,102,766
115900128,8,112,-104
115900129,961,75,886
115900130,34,342,-308
115900131,515,33,482
115900132,617,10,607
115900134,355,21,334
115900135,795,1361,-566
115900137,31,5,26
115900139,105,117,-12
115900140,255,25,230
115900141,44,96,-52
115900142,45,46,-1
115900143,304,549,-245
115900144,112,373,-261
115900146,13,214,-201
115900147,462,356,106
115900148,33,15,18
115900149,73,36,37
115900150,74,119,-45
115900151,20,132,-112
115900152,175,667,-492
115900153,229,409,-180
115900154,1222,493,729
115900155,0,150,-150
115900156,842,1231,-389
115900157,227,747,-520
115900158,54,21,33
115900159,135,398,-263
115900160,21,11,10
115900161,129,287,-158
115900163,228,199,29
115900164,658,55,603
115900165,1,222,-221
115900166,320,469,-149
115900168,156,251,-95
115900171,263,775,-512
115900172,77,184,-107
115900173,293,213,80
115900174,629,232,397
115900175,138,329,-191
115900178,12,1093,-1081
115900179,247,28,219
115900180,55,506,-451
115900181,224,439,-215
115900182,460,443,17
115900183,177,71,106
115900184,2407,26,2381
115900187,18,141,-123
115900189,3,301,-298
115900190,1063,2009,-946
115900191,79,675,-596
115900192,29,127,-98
115900193,106,186,-80
115900194,763,73,690
115900195,989,2382,-1393
115900198,263,592,-329
115900199,210,400,-190
115900200,376,536,-160
115900201,525,368,157
115900202,3,44,-41
115900203,5,11,-6
115900204,2,14,-12
115900205,142,17,125
115900206,200,225,-25
115900207,45,36,9
115900208,201,502,-301
115900209,3,222,-219
115900210,6,179,-173
115900211,4,389,-385
115900212,195,493,-298
115900213,206,107,99
115900214,406,409,-3
115900215,32,120,-88
115900216,3,122,-119
115900217,12,72,-60
115900218,0,68,-68
115900219,96,20,76
115900220,186,28,158
115900221,138,19,119
115900222,55,35,20
115900223,24,358,-334
115900224,2748,1158,1590
115900225,118,58,60
115900226,18,76,-58
115900227,38,89,-51
115900228,12,80,-68
115900229,8,121,-113
115900230,92,205,-113
115900231,183,3,180
115900232,100,0,100
115900233,100,24,76
115900234,67,53,14
115900235,21,46,-25
115900236,100,29,71
115900237,19,43,-24
115900238,37,43,-6
115900239,16,33,-17
115900240,7,78,-71
115900241,267,166,101
115900242,467,520,-53
115900243,42,23,19
115900244,37,16,21
115900245,113,28,85
115900246,20,13,7
115900247,46,15,31
115900248,24,13,11
115900249,13,29,-16
115900250,44,66,-22
115900251,1,15,-14
115900252,1,11,-10
115900253,17,22,-5
115900254,76,45,31
115900255,6,48,-42
115900256,40,72,-32
115900257,1,4,-3
115900258,0,8,-8
115900259,12,4,8
115900260,22,4,18
115900261,11,2,9
115900262,6,3,3
115900263,5,5,0
115900264,47,17,30
115900265,2,7,-5
115900266,8,23,-15
115900267,11,21,-10
115900268,17,12,5
115900269,514,676,-162
115900270,518,1290,-772
115900271,145,1,144
115900272,51,2,49
115900273,25,19,6
115900274,2,31,-29
115900275,1,70,-69
115900276,0,121,-121
115900277,1,231,-230
115900278,33,198,-165
115900279,20,289,-269
115900280,32,420,-388
115900281,724,215,509
115900282,21,16,5
116000001,20044,9986,10058
116000002,7240,15702,-8462
116000003,2412,3017,-605
116000004,5182,4793,389
116000005,8091,5662,2429
116000006,7451,2581,4870
116000007,5236,6665,-1429
116000008,4933,3318,1615
116000009,2781,4147,-1366
116000010,2560,1902,658
116000011,1247,2875,-1628
116000012,1343,1112,231
116000013,30878,8639,22239
116000014,29754,20437,9317
116000015,1086,2734,-1648
116000016,14599,7490,7109
116000017,58,1262,-1204
116000018,1150,947,203
116000019,1721,641,1080
116000020,928,2282,-1354
116000021,935,542,393
116000022,571,839,-268
116000023,2346,1380,966
116000024,1046,1976,-930
116000025,2012,984,1028
116000026,2915,3732,-817
116000027,1851,985,866
116000028,753,1488,-735
116000029,1661,1140,521
116000030,1163,734,429
116000031,244,418,-174
116000032,986,384,602
116000033,699,962,-263
116000034,1385,1716,-331
116000035,1037,1377,-340
116000036,3615,1213,2402
116000037,1234,1237,-3
116000038,1603,721,882
116000039,1475,450,1025
116000040,3418,471,2947
116000041,592,703,-111
116000042,974,355,619
116000043,109,806,-697
116000044,25,99,-74
116000045,3360,2075,1285
116000046,2435,2152,283
116000047,3946,4697,-751
116000048,3906,2760,1146
116000049,1677,3678,-2001
116000050,2042,2800,-758
116000051,7121,3406,3715
116000052,6633,7203,-570
116000053,3608,1774,1834
116000054,1669,4017,-2348
116000055,780,2214,-1434
116000056,1222,2224,-1002
116000057,6422,3508,2914
116000058,6317,4159,2158
116000059,5076,11241,-6165
116000060,3476,1458,2018
116000061,1682,2163,-481
116000062,1973,298,1675
116000063,1545,2140,-595
116000066,406,999,-593
116000067,345,935,-590
116000068,582,607,-25
116000069,450,731,-281
116000078,518,1517,-999
116000080,2323,1662,661
116000082,13,107,-94
116000083,1799,574,1225
116000084,3656,5866,-2210
116000085,2790,2161,629
116000086,3293,1873,1420
116000087,1768,1907,-139
116000088,1573,2107,-534
116000089,299,190,109
116000090,242,259,-17
116000091,274,198,76
116000093,1080,1344,-264
116000094,1068,1104,-36
116000095,1006,1699,-693
116000096,1193,2222,-1029
116000097,938,1842,-904
116000098,423,8611,-8188
116000099,18322,682,17640
116000100,168,18,150
116000101,844,2383,-1539
116000102,381,2800,-2419
116000103,513,448,65
116000104,246,3104,-2858
116000105,1370,336,1034
116000106,614,1933,-1319
116000107,2605,728,1877
116000108,487,277,210
116000111,217,31,186
116000113,180,116,64
116000114,36,232,-196
116000115,369,190,179
116000116,408,888,-480
116000117,2002,3473,-1471
116000118,1624,2444,-820
116000119,3394,2844,550
116000120,3778,7648,-3870
116000121,962,984,-22
116000122,2060,3024,-964
116000123,1115,792,323
116000124,538,1784,-1246
116000125,3090,1155,1935
116000126,494,2189,-1695
116000127,1699,2217,-518
116000128,2044,1597,447
116000129,1421,315,1106
116000130,674,558,116
116000133,1025,1714,-689
116000134,2524,4080,-1556
116000135,2768,2108,660
116000136,1612,3555,-1943
116000137,1485,1265,220
116000138,1344,929,415
116000139,2740,3151,-411
116000140,295,463,-168
116000141,581,1508,-927
116000142,5632,5399,233
116000143,2629,2688,-59
116000144,1837,4251,-2414
116000145,2090,2336,-246
116000146,428,558,-130
116000147,808,207,601
116000148,829,603,226
116000149,889,968,-79
116000151,1168,1305,-137
116000153,142,1229,-1087
116000155,594,570,24
116000156,991,2121,-1130
116000157,64,46,18
116000158,883,698,185
116000159,22,21,1
116000160,47,277,-230
116000161,11,287,-276
116000162,310,219,91
116000163,61,22,39
116000164,33,42,-9
116000177,329,198,131
116000194,169,782,-613
116000195,3273,1070,2203
116000196,39,26,13
116000197,28,46,-18
116000198,6987,2384,4603
116000200,1375,671,704
116000201,1192,1268,-76
116000202,6,544,-538
116000203,3,135,-132
116000204,20,78,-58
116000205,1,233,-232
116000206,1,143,-142
116000207,11,67,-56
116000233,324,1302,-978
116000287,253,929,-676
116000288,261,508,-247
116000292,161,302,-141
116000296,16,268,-252
116000297,92,17,75
116000304,107,59,48
116000305,11,114,-103
116000346,340,324,16
116000352,290,77,213
116000354,353,33,320
116000357,119,31,88
116000358,324,105,219
116000361,191,5,186
116000372,16056,5506,10550
116000381,190,6,184
116000388,1,49,-48
116000389,1272,955,317
116000445,389,906,-517
116000446,672,1781,-1109
116000447,18,696,-678
116000448,1238,608,630
116000563,1669,1662,7
116000565,136,583,-447
116000568,100,384,-284
116000579,52,180,-128
116000584,47,24,23
116000585,50,45,5
116000586,462,305,157
116000587,814,1029,-215
116000589,35,93,-58
116000590,66,56,10
116000591,231,485,-254
116000592,19,166,-147
116000593,1,91,-90
116000594,750,782,-32
116000595,1046,302,744
116000596,147,16,131
116000597,369,86,283
116000598,22,261,-239
116000602,133,1212,-1079
116000605,616,345,271
116000606,76,322,-246
116000607,7,123,-116
116000609,452,1256,-804
116000611,173,869,-696
116000612,833,2911,-2078
116000613,665,590,75
116000614,683,1024,-341
116000615,0,329,-329
116000616,141,275,-134
116000617,124,183,-59
116000618,8,275,-267
116000619,43,74,-31
116000620,122,115,7
116000621,57,267,-210
116000622,48,333,-285
116000624,218,106,112
116000627,34,69,-35
116000628,69,861,-792
116000629,15,745,-730
116000630,409,105,304
116000631,125,124,1
116000632,412,579,-167
116000633,55,806,-751
116000634,365,46,319
116000635,4800,2600,2200
116000636,2641,1477,1164
116000637,219,4,215
116000638,10,761,-751
116900001,334,262,72
116900002,386,7,379
116900003,34,172,-138
116900004,53,90,-37
116900005,312,88,224
116900006,214,201,13
116900007,264,393,-129
116900008,440,704,-264
116900009,28,10,18
116900010,9,2875,-2866
116900011,21,93,-72
116900012,267,357,-90
116900013,8,354,-346
116900014,143,530,-387
116900015,426,119,307
116900016,225,5,220
116900017,13,1209,-1196
116900018,135,67,68
116900019,28,762,-734
116900020,2843,1195,1648
116900023,83,11,72
116900024,532,94,438
116900025,1383,1418,-35
116900026,395,1437,-1042
116900027,38,109,-71
116900028,9,269,-260
116900029,6,90,-84
116900031,0,12,-12
116900032,10,586,-576
116900033,32,24,8
116900034,11,162,-151
116900035,276,480,-204
116900036,8,175,-167
116900038,15,2,13
116900041,70,38,32
116900042,1268,363,905
116900043,29,189,-160
116900047,141,125,16
116900049,72,567,-495
116900050,212,966,-754
116900051,151,431,-280
116900052,441,111,330
116900055,1,13,-12
116900057,62,529,-467
116900058,63,868,-805
116900059,6,315,-309
116900060,655,307,348
116900062,0,8,-8
116900064,111,1579,-1468
116900065,33,293,-260
116900067,149,211,-62
116900068,138,501,-363
116900070,4,7,-3
116900072,49,703,-654
116900073,10,371,-361
116900074,21,84,-63
116900076,18,39,-21
116900077,22,363,-341
116900078,323,234,89
116900079,67,779,-712
116900080,18,49,-31
116900081,536,2681,-2145
116900082,551,1426,-875
116900083,83,142,-59
116900084,687,91,596
116900085,48,266,-218
116900086,47,440,-393
116900088,659,183,476
116900090,217,128,89
116900091,309,181,128
116900092,139,1425,-1286
116900093,2574,4866,-2292
116900094,9545,7059,2486
116900095,898,198,700
116900096,167,504,-337
116900097,8014,3982,4032
116900098,1388,556,832
116900099,1157,1058,99
116900100,1026,38,988
116900101,448,1126,-678
116900103,10,1,9
116900104,78,164,-86
116900105,502,129,373
116900106,1880,900,980
116900107,7547,3340,4207
116900110,20,1,19
116900111,440,1980,-1540
116900112,305,2149,-1844
116900113,5692,1903,3789
116900116,323,542,-219
116900117,122,189,-67
116900118,1419,1282,137
116900120,255,242,13
116900121,78,80,-2
116900122,865,1303,-438
116900123,268,1430,-1162
116900124,199,1984,-1785
116900125,398,519,-121
116900126,557,1098,-541
116900128,7,70,-63
116900129,2,614,-612
116900130,1842,5009,-3167
116900131,161,281,-120
116900132,63,91,-28
116900133,124,139,-15
116900134,419,302,117
116900136,372,253,119
116900137,927,265,662
116900138,226,362,-136
116900139,104,675,-571
116900140,206,250,-44
116900141,875,498,377
116900142,3,64,-61
116900143,405,764,-359
116900144,29,71,-42
116900145,279,502,-223
116900147,1545,414,1131
116900148,7,37,-30
116900149,54,288,-234
116900150,18,10,8
116900151,102,51,51
116900153,145,139,6
116900154,1272,610,662
116900155,116,94,22
116900157,694,678,16
116900158,712,340,372
116900159,109,599,-490
116900160,2068,662,1406
116900161,16230,9046,7184
116900162,72,205,-133
116900163,183,314,-131
116900164,92,54,38
116900165,354,261,93
116900166,38,171,-133
116900167,564,116,448
116900168,448,174,274
116900169,2137,569,1568
116900170,388,518,-130
116900171,50,476,-426
116900172,466,312,154
116900173,253,132,121
116900174,43,50,-7
116900175,874,330,544
116900178,43,280,-237
116900179,197,333,-136
116900180,201,45,156
116900182,743,562,181
116900183,243,174,69
116900185,42,54,-12
116900186,171,492,-321
116900187,44,52,-8
116900188,218,48,170
116900189,105,2,103
116900191,536,952,-416
116900192,308,322,-14
116900194,186,1204,-1018
116900195,63,19,44
116900196,12,169,-157
116900197,110,15,95
116900198,452,343,109
116900200,54,63,-9
116900201,122,16,106
116900202,207,79,128
116900203,206,10,196
116900204,59,150,-91
116900206,15,45,-30
116900207,55,92,-37
116900208,7,218,-211
116900209,56,210,-154
116900210,755,501,254
116900211,322,20,302
116900212,60,172,-112
116900213,272,348,-76
116900214,247,179,68
116900215,84,140,-56
116900216,748,384,364
116900218,12,597,-585
116900219,1442,598,844
116900220,144,381,-237
116900221,104,567,-463
116900222,612,710,-98
116900223,154,498,-344
116900226,102,151,-49
116900227,272,186,86
116900228,553,424,129
116900230,65,629,-564
116900231,37,786,-749
116900232,21,844,-823
116900233,309,169,140
116900234,41,21,20
116900235,205,494,-289
116900238,2179,745,1434
116900239,9,2394,-2385
116900240,13051,5319,7732
116900241,100,280,-180
116900242,603,703,-100
116900243,5,229,-224
116900245,41,33,8
116900246,114,11,103
116900247,706,27,679
116900248,145,82,63
116900249,374,258,116
116900250,408,87,321
116900251,817,754,63
116900252,106,1748,-1642
116900253,211,200,11
116900254,41,178,-137
116900255,172,90,82
116900256,436,279,157
116900257,34,959,-925
116900258,4,483,-479
116900259,177,15,162
116900260,5,265,-260
116900261,74,8,66
116900262,225,213,12
116900263,0,38,-38
116900264,1,20,-19
116900265,47,0,47
116900266,12,138,-126
116900267,6,3,3
116900268,299,14,285
116900269,630,1021,-391
116900271,2322,310,2012
116900272,730,997,-267
116900273,813,139,674
116900274,123,151,-28
116900275,217,275,-58
116900276,1595,132,1463
116900277,1105,37,1068
116900278,20,30,-10
116900279,1,38,-37
116900280,52,50,2
116900281,15100,5917,9183
116900282,14,256,-242
116900283,25,286,-261
116900284,14,430,-416
116900285,648,827,-179
116900286,333,37,296
116900287,7,164,-157
116900288,44,221,-177
116900289,19,52,-33
116900290,8,83,-75
116900291,26,20,6
116900292,1,10,-9
116900293,56,103,-47
116900294,83,267,-184
116900295,1199,42,1157
116900296,379,86,293
116900297,27,205,-178
116900298,461,93,368
116900299,285,66,219
116900300,9,218,-209
116900301,262,163,99
116900302,198,104,94
116900303,1234,160,1074
116900304,1,226,-225
116900305,37,186,-149
116900306,141,165,-24
117000001,3173,2942,231
117000002,3695,8554,-4859
117000003,14955,5160,9795
117000004,8509,9722,-1213
117000005,3123,2875,248
117000006,2031,7700,-5669
117000007,5675,2214,3461
117000008,2358,9036,-6678
117000009,7333,3013,4320
117000010,4425,8631,-4206
117000011,2886,3304,-418
117000012,2105,3010,-905
117000013,3126,1946,1180
117000014,2672,4523,-1851
117000015,6988,2132,4856
117000016,2614,75,2539
117000017,1583,312,1271
117000018,753,701,52
117000019,701,10,691
117000020,932,3125,-2193
117000021,4446,1443,3003
117000022,1557,115,1442
117000023,1959,313,1646
117000024,1997,144,1853
117000025,5420,792,4628
117000026,11720,1284,10436
117000027,4768,3271,1497
117000028,7426,2285,5141
117000030,1628,1203,425
117000031,614,354,260
117000032,4855,2426,2429
117000033,2419,1892,527
117000034,758,795,-37
117000035,457,527,-70
117000036,640,852,-212
117000037,460,372,88
117000038,624,1243,-619
117000039,666,511,155
117000040,244,1852,-1608
117000041,998,290,708
117000044,45,1905,-1860
117000045,845,126,719
117000046,929,1016,-87
117000047,1366,905,461
117000048,3761,2889,872
117000049,248,980,-732
117000050,251,3732,-3481
117000051,2735,250,2485
117000052,40,732,-692
117000053,483,126,357
117000054,2099,9,2090
117000055,31,6215,-6184
117000056,1058,91,967
117000057,1040,4121,-3081
117000060,645,3161,-2516
117000061,3377,1821,1556
117000062,554,981,-427
117000063,3332,1537,1795
117000064,1546,1578,-32
117000066,2384,1631,753
117000067,418,724,-306
117000074,258,534,-276
117000076,146,116,30
117000077,203,252,-49
117000078,191,1305,-1114
117000079,575,418,157
117000080,1,638,-637
117000081,1859,226,1633
117000082,44,131,-87
117000083,309,11,298
117000084,830,5,825
117000085,292,957,-665
117000086,1717,1045,672
117000087,133,842,-709
117000088,356,501,-145
117000089,1984,586,1398
117000090,390,2389,-1999
117000091,925,577,348
117000092,562,2688,-2126
117000093,1455,1242,213
117000094,1690,4923,-3233
117000095,4307,1530,2777
117000096,943,4219,-3276
117000097,1651,2088,-437
117000098,4324,9376,-5052
117000099,3930,1887,2043
117000100,240,437,-197
117000101,334,2382,-2048
117000102,2018,1026,992
117000103,1308,3293,-1985
117000104,1791,1043,748
117000105,1436,3138,-1702
117000106,1563,1509,54
117000107,846,3469,-2623
117000108,2012,1699,313
117000109,3176,4734,-1558
117000110,1983,1382,601
117000111,6142,8857,-2715
117000112,4676,3834,842
117000113,158,606,-448
117000114,269,314,-45
117000115,102,257,-155
117000116,174,464,-290
117000117,3848,1431,2417
117000118,984,250,734
117000119,1001,220,781
117000120,1504,687,817
117000121,382,2224,-1842
117000122,1326,2815,-1489
117000123,4759,50,4709
117000124,1707,87,1620
117000125,1972,120,1852
117000126,199,67,132
117000127,518,742,-224
117000128,864,1479,-615
117000129,1543,450,1093
117000130,229,0,229
117000131,3,92,-89
117000132,3496,95,3401
117000133,1548,183,1365
117000134,2,85,-83
117000135,9,34,-25
117000136,2,54,-52
117000137,149,104,45
117000138,5,1198,-1193
117000140,704,2853,-2149
117000141,1981,1043,938
117000181,1494,452,1042
117000182,409,639,-230
117000195,279,2257,-1978
117000196,306,149,157
117000225,377,11,366
117000226,25,367,-342
117000276,313,27,286
117000277,0,885,-885
117000310,4398,5528,-1130
117000315,95,3099,-3004
117000320,226,0,226
117000906,371,23,348
117000907,22,660,-638
117000908,406,20,386
117000909,255,82,173
117000910,328,254,74
117000911,192,422,-230
117000915,23,1174,-1151
117000916,67,23,44
117000917,1313,35,1278
117000918,114,156,-42
117000919,24,233,-209
117000920,14,2541,-2527
117000921,8,2602,-2594
117000922,76,312,-236
117000924,1555,1612,-57
117000926,1471,133,1338
117000927,3103,970,2133
117000928,1,288,-287
117000929,289,1081,-792
117000930,293,34,259
117000931,684,225,459
117900002,562,739,-177
117900003,1303,1006,297
117900005,13,298,-285
117900006,0,31,-31
117900007,339,274,65
117900008,0,73,-73
117900010,926,164,762
117900011,101,46,55
117900012,97,269,-172
117900013,2,760,-758
117900014,1627,324,1303
117900015,78,357,-279
117900016,3451,1079,2372
117900017,1050,674,376
117900018,537,85,452
117900019,595,667,-72
117900020,114,616,-502
117900021,54,142,-88
117900022,39,21,18
117900023,981,1253,-272
117900024,107,183,-76
117900025,98,15,83
117900026,470,637,-167
117900028,489,21,468
117900029,309,1680,-1371
117900030,631,433,198
117900031,983,223,760
117900032,1106,864,242
117900033,279,1315,-1036
117900034,64,103,-39
117900035,211,92,119
117900036,298,963,-665
117900037,158,168,-10
117900038,33,693,-660
117900039,12,183,-171
117900040,190,1080,-890
117900041,8,127,-119
117900042,9001,1103,7898
117900043,78,120,-42
117900044,118,6571,-6453
117900045,368,363,5
117900048,320,433,-113
117900049,248,974,-726
117900050,29,90,-61
117900051,252,9,243
117900052,99,569,-470
117900053,1705,1068,637
117900054,8,49,-41
117900055,242,816,-574
117900056,771,70,701
117900057,1643,2343,-700
117900058,362,20,342
117900059,1396,149,1247
117900060,2352,8685,-6333
117900061,72,490,-418
117900063,574,532,42
117900065,1077,2068,-991
117900066,23,105,-82
117900067,467,564,-97
117900069,1175,757,418
117900070,761,17,744
117900071,238,302,-64
117900073,598,763,-165
117900074,768,52,716
117900075,182,170,12
117900076,50,62,-12
117900077,457,229,228
117900078,360,979,-619
117900080,698,96,602
117900081,804,869,-65
117900082,455,562,-107
117900083,552,1152,-600
117900086,256,96,160
117900087,188,99,89
117900088,4294,4599,-305
117900089,2284,876,1408
117900090,825,1284,-459
117900091,476,260,216
117900092,87,55,32
117900093,75,111,-36
117900094,55,31,24
117900095,920,817,103
117900096,81,437,-356
117900097,352,208,144
117900098,34,15,19
117900099,320,587,-267
117900100,256,3,253
117900101,975,2146,-1171
117900102,92,121,-29
117900103,41,7,34
117900104,34,252,-218
117900105,176,500,-324
117900106,110,86,24
117900107,48,0,48
117900109,724,532,192
117900110,72,1,71
117900111,471,15,456
117900112,93,30,63
117900113,10804,3854,6950
117900114,15,0,15
117900115,464,96,368
117900116,1509,2147,-638
117900117,627,629,-2
117900118,77,0,77
117900119,166,452,-286
117900120,183,297,-114
117900121,218,55,163
117900122,2724,4099,-1375
117900123,1471,1166,305
117900124,1087,1208,-121
117900125,2346,2039,307
117900126,393,1211,-818
117900127,767,1099,-332
117900128,420,1561,-1141
117900129,102,2,100
117900130,1434,794,640
117900131,14,195,-181
117900132,28,199,-171
117900133,10,226,-216
117900134,73,450,-377
117900135,24,359,-335
117900136,1,118,-117
117900137,67,567,-500
117900138,2,88,-86
117900139,113,210,-97
117900140,9816,673,9143
117900141,942,404,538
117900142,167,68,99
117900144,295,167,128
117900145,46,107,-61
117900146,897,167,730
117900147,155,189,-34
117900148,7208,1863,5345
117900149,113,301,-188
117900150,65,120,-55
117900151,113,195,-82
117900152,209,161,48
117900153,79,168,-89
117900154,770,1335,-565
117900156,1432,1924,-492
117900157,204,765,-561
117900158,272,254,18
117900160,801,820,-19
117900161,4209,4343,-134
117900162,548,860,-312
117900163,384,44,340
117900165,1,31,-30
117900166,219,633,-414
117900168,39,333,-294
117900169,0,276,-276
117900170,1,74,-73
117900171,2,46,-44
117900172,38,73,-35
117900173,326,113,213
117900174,56,96,-40
117900175,5,113,-108
117900176,17,126,-109
117900177,20,99,-79
117900178,210,66,144
117900180,477,77,400
117900181,456,461,-5
117900182,5,56,-51
117900183,131,293,-162
117900184,10,95,-85
117900185,49,72,-23
117900186,62,29,33
117900187,25,38,-13
117900188,329,67,262
117900189,129,31,98
117900190,26,6,20
117900191,162,14,148
117900192,296,3,293
117900193,40,185,-145
117900194,18,10,8
117900195,39,86,-47
117900196,14,47,-33
117900207,314,230,84
117900208,85,81,4
117900209,272,395,-123
117900210,219,459,-240
117900211,30,433,-403
117900212,179,307,-128
117900213,31,29,2
117900214,19,99,-80
117900215,55,51,4
117900216,153,30,123
117900217,356,294,62
117900218,398,652,-254
117900219,16,99,-83
117900220,527,185,342
117900222,178,473,-295
117900223,174,466,-292
118000001,1912,1164,748
118000002,2437,4326,-1889
118000003,9004,3609,5395
118000004,8348,3346,5002
118000005,9060,8297,763
118000006,11766,18628,-6862
118000007,16742,5150,11592
118000008,13218,6926,6292
118000009,4234,6345,-2111
118000010,7413,7328,85
118000011,1808,4885,-3077
118000012,2937,4924,-1987
118000013,6611,5931,680
118000014,3052,5553,-2501
118000016,313,656,-343
118000017,509,655,-146
118000018,547,767,-220
118000019,4191,2461,1730
118000020,3115,3565,-450
118000021,2601,4605,-2004
118000022,4586,1538,3048
118000023,2430,520,1910
118000024,3680,1720,1960
118000027,29220,19783,9437
118000029,1979,1397,582
118000032,2489,7915,-5426
118000033,5260,7002,-1742
118000034,9446,3694,5752
118000035,2745,3924,-1179
118000036,4254,1826,2428
118000037,2073,1737,336
118000038,329,178,151
118000039,259,1077,-818
118000040,3324,3198,126
118000041,4925,2822,2103
118000045,1860,288,1572
118000046,4123,1129,2994
118000047,8065,1023,7042
118000048,14129,2833,11296
118000051,7273,2631,4642
118000052,5782,1224,4558
118000053,4714,2812,1902
118000054,4698,8421,-3723
118000055,3208,8180,-4972
118000056,399,856,-457
118000057,292,1522,-1230
118000058,13846,2772,11074
118000059,11118,1676,9442
118000060,2511,1281,1230
118000061,1603,2708,-1105
118000062,924,940,-16
118000063,993,943,50
118000064,2261,2271,-10
118000065,9937,5271,4666
118000066,2270,2576,-306
118000067,2711,1409,1302
118000068,5257,7849,-2592
118000069,7503,2530,4973
118000070,13515,4277,9238
118000071,7352,14612,-7260
118000072,7333,1722,5611
118000073,6308,1014,5294
118000074,1251,910,341
118000075,1116,556,560
118000076,4892,2651,2241
118000077,3212,2279,933
118000078,4841,3120,1721
118000079,669,901,-232
118000080,2509,1553,956
118000081,3885,1683,2202
118000082,629,1898,-1269
118000083,3866,2550,1316
118000084,5367,3139,2228
118000086,672,949,-277
118000087,10794,4493,6301
118000088,4044,4003,41
118000089,6955,4348,2607
118000090,4068,6488,-2420
118000091,3403,5136,-1733
118000092,2320,977,1343
118000093,230,1388,-1158
118000096,1500,1136,364
118000097,2021,1286,735
118000098,560,357,203
118000099,871,1595,-724
118000101,1306,628,678
118000102,493,2595,-2102
118000107,6002,1101,4901
118000108,1389,5256,-3867
118000110,0,58,-58
118000111,4,918,-914
118000112,615,8,607
118000113,9,1783,-1774
118000114,570,33,537
118000115,40,50,-10
118000116,117,4,113
118000117,3342,1868,1474
118000118,3217,1170,2047
118000119,1870,1876,-6
118000120,3207,2337,870
118000121,186,777,-591
118000122,2733,504,2229
118000123,114,377,-263
118000125,4281,1969,2312
118000126,3393,2715,678
118000127,5438,1322,4116
118000128,1693,2244,-551
118000129,2783,710,2073
118000130,5060,7793,-2733
118000131,1569,1854,-285
118000132,3467,2642,825
118000133,2570,915,1655
118000135,1632,674,958
118000136,292,784,-492
118000137,3075,198,2877
118000138,743,1459,-716
118000139,895,224,671
118000140,4373,7507,-3134
118000141,3013,3868,-855
118000142,2704,3581,-877
118000143,2836,2108,728
118000144,2693,2036,657
118000145,2509,4244,-1735
118000146,1774,2083,-309
118000147,1411,2772,-1361
118000148,656,2569,-1913
118000149,1348,1938,-590
118000150,575,513,62
118000151,489,799,-310
118000153,1717,2359,-642
118000154,1640,2998,-1358
118000155,1554,2564,-1010
118000156,5329,4531,798
118000157,1074,739,335
118000158,317,906,-589
118000159,94,180,-86
118000160,640,872,-232
118000161,593,1518,-925
118000162,2016,1539,477
118000163,1255,1568,-313
118000164,4822,2688,2134
118000168,2946,923,2023
118000169,2075,2761,-686
118000170,6903,11151,-4248
118000171,577,1267,-690
118000172,157,675,-518
118000173,1553,2277,-724
118000175,397,599,-202
118000176,479,807,-328
118000177,405,904,-499
118000178,253,139,114
118000179,2687,2053,634
118000180,1534,1629,-95
118000181,1562,689,873
118000182,497,499,-2
118000183,349,572,-223
118000184,1010,1836,-826
118000185,1860,1591,269
118000186,1284,1681,-397
118000187,1975,1309,666
118000188,1385,454,931
118000189,1007,1681,-674
118000190,36,20,16
118000191,46,73,-27
118000192,268,478,-210
118000193,183,932,-749
118000194,5723,2777,2946
118000195,3405,1294,2111
118000196,2290,289,2001
118000197,923,235,688
118000198,1523,1126,397
118000199,2906,912,1994
118000200,325,473,-148
118000201,1625,882,743
118000202,202,106,96
118000203,3454,821,2633
118000204,481,549,-68
118000205,485,637,-152
118000206,553,358,195
118000207,1,194,-193
118000208,1835,2990,-1155
118000209,2695,3158,-463
118000210,90,84,6
118000211,44,43,1
118000213,4127,2254,1873
118000214,1466,1465,1
118000215,445,1172,-727
118000216,3482,10213,-6731
118000217,60,222,-162
118000218,111,179,-68
118000219,1142,1014,128
118000220,14,52,-38
118000221,218,633,-415
118000222,184,18,166
118000223,56,70,-14
118000224,705,214,491
118000225,292,1669,-1377
118000226,3717,322,3395
118000227,1549,764,785
118000228,305,412,-107
118000229,1053,145,908
118000230,197,419,-222
118000231,136,382,-246
118000232,1227,1773,-546
118000233,1289,1557,-268
118000234,651,585,66
118000236,1060,606,454
118000237,101,1006,-905
118000238,566,464,102
118000239,530,705,-175
118000240,955,241,714
118000241,375,607,-232
118000242,596,1324,-728
118000243,336,374,-38
118000244,63,277,-214
118000246,0,9,-9
118000255,86,475,-389
118000256,176,453,-277
118000259,6,125,-119
118000260,487,246,241
118000261,69,218,-149
118000263,177,419,-242
118000266,173,804,-631
118000267,0,117,-117
118000268,2077,19,2058
118000270,143,102,41
118000271,247,614,-367
118000272,191,70,121
118000273,212,206,6
118000274,182,608,-426
118000276,571,538,33
118000295,21,187,-166
118000298,270,723,-453
118000299,131,330,-199
118000301,1,171,-170
118000302,204,132,72
118000311,503,219,284
118000312,345,355,-10
118000313,105,341,-236
118000314,117,191,-74
118000315,102,164,-62
118000316,1044,1087,-43
118000325,94,158,-64
118000326,47,115,-68
118000331,69,112,-43
118000332,29,115,-86
118000333,85,130,-45
118000335,402,0,402
118000336,1,586,-585
118000407,281,155,126
118000457,18,69,-51
118000465,5037,8522,-3485
118000480,75,271,-196
118000489,96,695,-599
118000490,61,861,-800
118000492,313,401,-88
118000510,198,39,159
118000514,350,730,-380
118000515,1679,1475,204
118000517,851,444,407
118000524,1391,311,1080
118000525,1588,1490,98
118000530,37,310,-273
118000531,370,498,-128
118000532,370,473,-103
118000533,895,238,657
118000534,1298,677,621
118000535,377,268,109
118000536,1646,2881,-1235
118000537,182,242,-60
118000538,75,274,-199
118000539,117,377,-260
118000540,759,428,331
118000541,886,190,696
118000542,368,387,-19
118000543,874,363,511
118000546,46,43,3
118000560,5991,2880,3111
118000562,48,678,-630
118000563,4413,2858,1555
118000576,244,370,-126
118000577,252,220,32
118000578,297,210,87
118000579,1299,2213,-914
118000595,288,164,124
118000596,0,133,-133
118000597,115,216,-101
118000598,37,1,36
118000599,49,96,-47
118000600,6,111,-105
118000601,27,0,27
118000602,0,71,-71
118000603,0,106,-106
118900001,2132,2470,-338
118900002,1921,1696,225
118900003,349,56,293
118900004,216,155,61
118900005,116,7,109
118900006,166,10,156
118900007,19,4,15
118900008,2209,90,2119
118900009,57,44,13
118900010,91,15,76
118900011,314,84,230
118900012,652,524,128
118900013,1107,155,952
118900015,332,133,199
118900016,10,31,-21
118900017,340,333,7
118900018,1862,37,1825
118900019,56,34,22
118900020,365,187,178
118900021,293,681,-388
118900022,208,129,79
118900023,436,253,183
118900024,191,317,-126
118900025,189,48,141
118900026,91,147,-56
118900027,880,636,244
118900028,237,305,-68
118900029,461,733,-272
118900030,456,217,239
118900031,244,233,11
118900032,399,321,78
118900033,1646,992,654
118900034,338,31,307
118900035,222,442,-220
118900036,1413,1425,-12
118900037,1027,452,575
118900038,495,462,33
118900039,615,369,246
118900040,282,335,-53
118900041,809,286,523
118900042,240,218,22
118900045,400,328,72
118900046,1578,459,1119
118900047,1293,549,744
118900048,1588,251,1337
118900049,189,87,102
118900050,23,219,-196
118900051,125,104,21
118900052,755,465,290
118900053,72,180,-108
118900054,161,163,-2
118900055,101,162,-61
118900056,68,459,-391
118900057,905,541,364
118900058,1095,691,404
118900059,72,212,-140
118900060,51,196,-145
118900062,308,307,1
118900064,1073,1033,40
118900065,62,485,-423
118900066,186,198,-12
118900067,8895,5729,3166
118900068,15,1302,-1287
118900069,539,503,36
118900071,12,102,-90
118900072,846,1072,-226
118900073,118,218,-100
118900074,204,375,-171
118900075,71,191,-120
118900076,964,142,822
118900077,349,353,-4
118900078,35,3,32
118900079,95,447,-352
118900080,32,233,-201
118900081,163,89,74
118900082,1111,261,850
118900083,43,30,13
118900084,20,56,-36
118900085,843,1717,-874
118900086,46,196,-150
118900087,31,382,-351
118900088,0,40,-40
118900089,89,28,61
118900090,743,788,-45
118900091,277,475,-198
118900092,134,151,-17
118900093,296,32,264
118900096,94,28,66
118900097,295,1193,-898
118900099,70,789,-719
118900100,283,427,-144
118900101,121,1266,-1145
118900102,100,131,-31
118900103,84,223,-139
118900104,247,387,-140
118900105,398,220,178
118900107,325,210,115
118900108,107,153,-46
118900110,2907,1457,1450
118900111,660,1122,-462
118900112,187,247,-60
118900113,237,1383,-1146
118900114,68,155,-87
118900115,194,823,-629
118900116,206,313,-107
118900117,148,304,-156
118900118,359,807,-448
118900119,215,481,-266
118900120,201,539,-338
118900121,38,462,-424
118900122,17,1593,-1576
118900123,207,371,-164
118900124,207,462,-255
118900126,43,596,-553
118900129,549,371,178
118900130,98,249,-151
118900131,164,527,-363
118900132,1360,327,1033
118900133,44,166,-122
118900135,339,422,-83
118900136,398,1171,-773
118900137,16,46,-30
118900139,427,1048,-621
118900140,705,1231,-526
118900141,92,347,-255
118900144,317,909,-592
118900145,63,309,-246
118900146,496,1355,-859
118900147,987,240,747
118900148,95,120,-25
118900150,294,1077,-783
118900152,700,1514,-814
118900157,354,354,0
118900158,78,128,-50
118900159,4,390,-386
118900161,346,31,315
118900163,418,123,295
118900164,17,185,-168
118900165,74,399,-325
118900166,36,8,28
118900167,142,262,-120
118900168,33,177,-144
118900169,190,787,-597
118900170,258,304,-46
118900171,28,74,-46
118900174,101,130,-29
118900175,499,701,-202
118900176,172,353,-181
118900177,58,109,-51
118900178,75,189,-114
118900179,5,58,-53
118900181,132,219,-87
118900182,242,73,169
118900183,39,197,-158
118900184,430,187,243
118900185,125,250,-125
118900186,136,140,-4
118900187,297,648,-351
118900188,454,512,-58
118900189,58,1333,-1275
118900190,19,931,-912
118900191,237,117,120
118900192,301,70,231
118900193,606,24,582
118900195,626,1686,-1060
118900196,41,313,-272
118900197,222,162,60
118900198,31,64,-33
118900199,100,127,-27
118900200,24,35,-11
118900201,50,39,11
118900202,25,124,-99
118900203,10,76,-66
118900204,17,53,-36
118900205,5,20,-15
118900206,4,42,-38
119000001,2153,3039,-886
119000002,4809,6284,-1475
119000003,3149,2526,623
119000004,4884,3064,1820
119000005,5351,4300,1051
119000006,3417,2726,691
119000007,5890,6095,-205
119000008,3489,3512,-23
119000009,5980,6375,-395
119000010,12696,6240,6456
119000011,9493,5088,4405
119000012,7692,5611,2081
119000013,3485,2221,1264
119000014,4850,6093,-1243
119000019,479,395,84
119000020,2884,2508,376
119000021,5829,4141,1688
119000022,7288,5427,1861
119000023,767,441,326
119000024,4136,14975,-10839
119000025,23143,2329,20814
119000026,356,538,-182
119000027,1105,787,318
119000028,3840,2925,915
119000029,219,546,-327
119000030,912,2615,-1703
119000031,1199,1192,7
119000032,3190,4283,-1093
119000033,3338,3494,-156
119000034,1434,1675,-241
119000035,52,649,-597
119000036,2007,1912,95
119000037,1487,3395,-1908
119000038,264,1832,-1568
119000039,382,600,-218
119000040,2389,1002,1387
119000041,1825,2384,-559
119000048,5130,5891,-761
119000049,2640,5222,-2582
119000050,3183,4887,-1704
119000051,3934,1646,2288
119000052,3566,5772,-2206
119000053,2666,1934,732
119000054,4410,6886,-2476
119000055,4565,5954,-1389
119000056,2837,3434,-597
119000057,2125,4540,-2415
119000058,2973,4205,-1232
119000059,1789,3310,-1521
119000060,2224,1586,638
119000061,1485,1560,-75
119000062,1606,2129,-523
119000063,566,602,-36
119000064,2674,2813,-139
119000065,2830,5098,-2268
119000066,3050,1829,1221
119000067,2862,4525,-1663
119000068,2100,1806,294
119000069,2236,4874,-2638
119000070,2828,1861,967
119000071,817,1571,-754
119000072,12365,6016,6349
119000073,8723,10311,-1588
119000074,1671,5794,-4123
119000075,1960,4140,-2180
119000076,601,1375,-774
119000077,1215,893,322
119000078,535,347,188
119000079,224,1150,-926
119000080,489,367,122
119000081,711,714,-3
119000082,1860,429,1431
119000083,729,575,154
119000084,496,932,-436
119000085,982,575,407
119000086,363,677,-314
119000087,2635,1763,872
119000088,374,306,68
119000089,117,355,-238
119000090,181,314,-133
119000091,195,603,-408
119000092,851,399,452
119000093,7229,5941,1288
119000094,3399,13617,-10218
119000095,2102,5319,-3217
119000097,5115,2884,2231
119000098,1136,3383,-2247
119000099,3709,3986,-277
119000100,4848,3703,1145
119000101,5110,3196,1914
119000102,1157,1536,-379
119000103,2287,889,1398
119000104,5620,2575,3045
119000105,1675,2463,-788
119000106,524,3401,-2877
119000107,1000,781,219
119000108,510,1958,-1448
119000109,266,517,-251
119000110,957,617,340
119000111,120,859,-739
119000112,320,139,181
119000113,3681,455,3226
119000114,1451,1848,-397
119000115,252,646,-394
119000116,253,192,61
119000117,301,630,-329
119000118,0,11,-11
119000123,11097,1222,9875
119000124,958,388,570
119000125,3831,1805,2026
119000126,588,1516,-928
119000127,681,1456,-775
119000128,42,15,27
119000131,1140,1540,-400
119000132,5,3,2
119000133,3,13,-10
119000134,5746,1097,4649
119000135,278,251,27
119000136,221,391,-170
119000137,259,763,-504
119000138,470,560,-90
119000139,313,501,-188
119000140,227,425,-198
119000284,1999,5260,-3261
119000285,4077,4067,10
119000286,10653,9716,937
119000287,2145,4085,-1940
119000288,3840,2663,1177
119000289,5443,6581,-1138
119000290,318,1182,-864
119000291,14,722,-708
119000293,125,377,-252
119000294,46,56,-10
119000295,4391,1124,3267
119000296,198,215,-17
119000302,5883,2417,3466
119000303,89,401,-312
119000314,2542,13705,-11163
119000315,1,814,-813
119000316,128,218,-90
119000317,85,745,-660
119900001,429,1785,-1356
119900002,283,481,-198
119900003,112,2076,-1964
119900004,617,1168,-551
119900005,256,203,53
119900006,383,675,-292
119900007,1430,277,1153
119900008,142,45,97
119900009,882,874,8
119900010,2524,1717,807
119900011,47,101,-54
119900012,58,177,-119
119900013,2687,1120,1567
119900014,963,374,589
119900015,151,44,107
119900016,59,220,-161
119900017,28,76,-48
119900018,2929,987,1942
119900019,62,11,51
119900020,165,279,-114
119900021,279,187,92
119900022,262,792,-530
119900023,1556,1596,-40
119900025,193,67,126
119900026,1718,255,1463
119900027,41,48,-7
119900028,251,130,121
119900029,0,13,-13
119900030,655,930,-275
119900031,48,411,-363
119900033,2679,407,2272
119900034,432,237,195
119900037,207,99,108
119900038,86,457,-371
119900039,73,11,62
119900040,125,25,100
119900041,187,81,106
119900042,111,279,-168
119900043,115,307,-192
119900044,456,1218,-762
119900046,116,115,1
119900047,344,92,252
119900048,45,45,0
119900049,133,25,108
119900050,195,169,26
119900051,740,14,726
119900052,89,83,6
119900053,168,397,-229
119900054,125,10,115
119900055,1863,719,1144
119900057,262,171,91
119900058,304,6,298
119900059,327,60,267
119900060,378,34,344
119900062,68,59,9
119900063,35,121,-86
119900064,553,100,453
119900065,351,8,343
119900066,2,1,1
119900067,90,58,32
119900068,459,4,455
119900069,121,42,79
119900070,1079,13,1066
119900071,777,29,748
119900073,3242,924,2318
119900074,145,38,107
119900075,10836,4121,6715
119900076,525,835,-310
119900077,1077,2314,-1237
119900078,620,1607,-987
119900079,245,521,-276
119900080,1895,2316,-421
119900081,282,77,205
119900082,1666,701,965
119900083,556,209,347
119900084,1936,461,1475
119900085,266,150,116
119900087,2839,625,2214
119900088,86,125,-39
119900089,52,858,-806
119900090,253,137,116
119900091,84,2164,-2080
119900092,60,751,-691
119900093,1783,368,1415
119900094,59,383,-324
119900095,373,185,188
119900096,100,173,-73
119900097,999,301,698
119900098,117,110,7
119900099,42,462,-420
119900100,4792,4013,779
119900101,289,2223,-1934
119900102,50,553,-503
119900103,51,934,-883
119900104,65,479,-414
119900105,1738,2315,-577
119900106,49,429,-380
119900107,751,6344,-5593
119900108,3939,1290,2649
119900109,50,586,-536
119900110,814,1700,-886
119900111,127,660,-533
119900112,5153,1212,3941
119900113,140,680,-540
119900114,374,3524,-3150
119900115,322,2076,-1754
119900116,236,722,-486
119900117,378,1796,-1418
119900118,119,1968,-1849
119900119,337,508,-171
119900120,1059,1417,-358
119900121,401,2374,-1973
119900122,688,690,-2
119900123,359,536,-177
119900124,284,1959,-1675
119900125,98,762,-664
119900126,10710,671,10039
119900127,4890,1742,3148
119900128,547,1548,-1001
119900129,349,1772,-1423
119900130,42,720,-678
119900131,56,616,-560
119900132,13,717,-704
119900133,71,68,3
119900134,4635,600,4035
119900135,8,991,-983
119900136,288,919,-631
119900138,657,1404,-747
119900139,48,192,-144
119900140,14,280,-266
119900141,292,1151,-859
119900142,24,46,-22
119900143,21,360,-339
119900144,4412,619,3793
119900145,194,385,-191
119900146,250,429,-179
119900147,9,331,-322
119900148,269,91,178
119900149,3988,5103,-1115
119900150,300,301,-1
119900151,3999,1660,2339
119900152,134,944,-810
119900153,247,128,119
119900154,19,559,-540
119900155,78,94,-16
119900156,55,37,18
119900157,154,493,-339
119900158,216,121,95
119900159,16,2886,-2870
119900160,51,521,-470
119900161,311,676,-365
119900162,1343,1489,-146
119900163,276,263,13
119900164,0,3,-3
119900165,148,427,-279
119900166,121,45,76
119900167,210,270,-60
119900168,1001,777,224
119900169,179,884,-705
119900170,371,423,-52
119900171,1227,934,293
119900172,274,34,240
119900173,9,884,-875
119900174,12,463,-451
119900175,1288,1187,101
119900177,51,406,-355
119900178,18,436,-418
119900179,152,449,-297
119900180,1444,1267,177
119900181,102,139,-37
119900182,14,1132,-1118
119900183,251,1478,-1227
119900184,5718,1147,4571
119900185,87,243,-156
119900186,225,1025,-800
119900187,39,1177,-1138
119900188,128,493,-365
119900189,680,501,179
119900190,127,334,-207
119900191,683,242,441
119900192,102,399,-297
119900193,447,394,53
119900194,44,116,-72
119900195,43,519,-476
119900196,3235,852,2383
119900197,596,156,440
119900198,278,779,-501
119900199,224,36,188
119900200,727,940,-213
119900201,545,389,156
119900202,315,265,50
119900203,317,616,-299
119900204,338,568,-230
119900205,674,1207,-533
119900206,161,269,-108
119900208,286,312,-26
119900209,824,1785,-961
119900210,53,66,-13
119900211,184,25,159
119900212,236,548,-312
119900213,21,113,-92
119900214,51,163,-112
119900215,70,154,-84
119900216,27,169,-142
119900217,24,100,-76
119900218,50,147,-97
119900219,11,241,-230
119900220,7,226,-219
119900221,33,680,-647
119900222,41,563,-522
119900223,34,229,-195
119900224,33,78,-45
119900225,2210,126,2084
119900226,1515,2903,-1388
119900227,2209,832,1377
119900228,125,560,-435
119900229,503,1037,-534
119900230,3104,1221,1883
119900231,266,408,-142
119900232,371,219,152
119900233,81,13,68
119900234,71,126,-55
119900235,100,102,-2
119900236,26,465,-439
119900237,108,1243,-1135
119900238,4,163,-159
119900240,117,208,-91
119900241,286,421,-135
119900242,3563,5422,-1859
119900244,1701,2348,-647
119900245,219,344,-125
119900246,452,777,-325
119900247,48,148,-100
119900248,126,252,-126
119900249,278,192,86
119900253,7318,793,6525
119900254,143,835,-692
119900255,141,954,-813
119900256,585,1870,-1285
119900257,113,4,109
119900258,230,164,66
119900259,7,340,-333
119900260,202,7,195
119900261,437,422,15
119900262,1,539,-538
119900263,1712,669,1043
119900264,107,495,-388
119900265,601,612,-11
119900266,367,706,-339
119900267,428,808,-380
119900268,170,429,-259
119900269,1343,2654,-1311
119900271,45,208,-163
119900272,808,186,622
119900275,243,18,225
119900276,103,4,99
119900277,6,5,1
119900278,798,181,617
119900279,238,812,-574
119900280,1753,401,1352
119900281,1,235,-234
119900282,102,99,3
119900283,27,628,-601
119900284,67,394,-327
119900285,55,113,-58
119900286,4,63,-59
119900288,7,67,-60
119900289,0,80,-80
119900290,1,75,-74
119900291,3,108,-105
119900292,35,48,-13
119900293,33,5,28
119900294,22,0,22
119900295,24,4,20
119900296,93,47,46
119900299,103,480,-377
119900300,470,424,46
119900301,625,121,504
119900302,303,241,62
119900303,409,465,-56
119900304,267,61,206
119900305,72,201,-129
119900306,26,0,26
119900307,56,383,-327
119900308,11,38,-27
119900309,46,149,-103
119900310,547,584,-37
119900311,73,339,-266
119900312,211,163,48
119900313,325,744,-419
119900314,203,586,-383
119900315,1540,4200,-2660
119900318,32,38,-6
119900319,20,625,-605
119900320,304,1149,-845
119900321,90,8,82
119900322,81,128,-47
119900323,4,218,-214
119900324,1,89,-88
119900325,20,529,-509
119900326,203,123,80
120000001,17988,22234,-4246
120000002,3433,5438,-2005
120000003,5157,2893,2264
120000004,4207,3632,575
120000005,7406,3247,4159
120000006,2051,2165,-114
120000007,6254,4373,1881
120000008,1459,2524,-1065
120000009,7282,1485,5797
120000010,2276,5450,-3174
120000011,1785,3835,-2050
120000012,2317,5024,-2707
120000013,3534,4571,-1037
120000014,995,2768,-1773
120000015,3823,2830,993
120000016,5230,4838,392
120000017,4325,4291,34
120000018,8267,16066,-7799
120000019,1342,2391,-1049
120000020,5629,5042,587
120000021,3098,3730,-632
120000022,4251,6122,-1871
120000023,1237,2761,-1524
120000024,2161,3611,-1450
120000025,3234,3768,-534
120000026,2037,3282,-1245
120000027,2265,3065,-800
120000028,1977,991,986
120000029,9375,1306,8069
120000030,418,2220,-1802
120000031,3591,18470,-14879
120000032,17350,6280,11070
120000033,6366,3671,2695
120000034,2587,4197,-1610
120000035,2912,4484,-1572
120000036,4608,8598,-3990
120000037,996,2521,-1525
120000038,16962,5867,11095
120000039,815,1675,-860
120000040,173,324,-151
120000041,2273,3177,-904
120000042,2835,6218,-3383
120000043,7477,4990,2487
120000044,5994,2326,3668
120000045,6191,1802,4389
120000046,3109,3997,-888
120000047,3636,6838,-3202
120000048,14627,6671,7956
120000049,8301,4846,3455
120000050,9022,8864,158
120000051,5803,10044,-4241
120000052,21130,4551,16579
120000053,1327,6139,-4812
120000054,2000,9964,-7964
120000055,2258,8856,-6598
120000056,5003,7688,-2685
120000057,3371,1102,2269
120000058,3922,542,3380
120000059,122,1769,-1647
120000061,239,1064,-825
120000062,296,633,-337
120000063,3000,4797,-1797
120000064,343,2510,-2167
120000065,907,3051,-2144
120000066,254,771,-517
120000067,111,880,-769
120000068,275,1773,-1498
120000069,1020,2552,-1532
120000070,74,1543,-1469
120000071,399,307,92
120000072,649,831,-182
120000073,854,195,659
120000074,229,121,108
120000075,783,441,342
120000076,2204,816,1388
120000077,2131,949,1182
120000078,5417,1467,3950
120000079,346,252,94
120000080,189,349,-160
120000081,629,236,393
120000082,249,280,-31
120000083,134,710,-576
120000084,773,940,-167
120000085,493,792,-299
120000086,508,1075,-567
120000087,278,1890,-1612
120000088,1100,2562,-1462
120000089,1669,1307,362
120000090,945,1017,-72
120000091,1062,1983,-921
120000092,1998,1142,856
120000093,564,895,-331
120000094,234,1113,-879
120000095,1378,1121,257
120000096,356,1965,-1609
120000098,1231,1811,-580
120000099,615,1247,-632
120000100,999,1503,-504
120000101,688,767,-79
120000102,695,1126,-431
120000103,1635,952,683
120000104,2136,670,1466
120000105,3605,814,2791
120000106,2390,817,1573
120000107,3971,993,2978
120000108,1285,210,1075
120000109,1527,156,1371
120000110,102,1658,-1556
120000111,210,2160,-1950
120000112,1192,6650,-5458
120000113,787,5095,-4308
120000114,1292,5709,-4417
120000115,491,4595,-4104
120000116,1049,3550,-2501
120000117,2389,2794,-405
120000118,98,85,13
120000119,55,141,-86
120000120,121,82,39
120000121,60,124,-64
120000122,571,605,-34
120000123,10736,7874,2862
120000124,603,931,-328
120000125,713,1748,-1035
120000126,664,1430,-766
120000127,4806,1716,3090
120000128,10469,4863,5606
120000129,576,621,-45
120000130,1295,1372,-77
120000131,419,798,-379
120000134,640,2463,-1823
120000135,563,599,-36
120000137,325,3808,-3483
120000138,984,1009,-25
120000139,359,1693,-1334
120000140,794,1238,-444
120000141,418,931,-513
120000142,600,1166,-566
120000143,2,213,-211
120000144,143,4,139
120000145,367,4,363
120000146,5187,1995,3192
120000149,824,1910,-1086
120000150,7837,13614,-5777
120000151,542,988,-446
120000152,591,484,107
120000153,380,1757,-1377
120000154,832,880,-48
120000155,153,502,-349
120000156,3282,1389,1893
120000157,1311,1134,177
120000158,1383,1896,-513
120000159,2754,4070,-1316
120000160,3066,2583,483
120000161,3238,5435,-2197
120000162,299,528,-229
120000163,796,2290,-1494
120000164,533,718,-185
120000165,576,1566,-990
120000166,1498,1221,277
120000167,82,160,-78
120000168,29,441,-412
120000169,214,1015,-801
120000170,365,424,-59
120000171,108,134,-26
120000172,134,93,41
120000173,6755,585,6170
120000174,1113,36,1077
120000175,2231,35,2196
120000176,1324,55,1269
120000177,3141,410,2731
120000178,245,21,224
120000179,951,169,782
120000180,1127,200,927
120000181,241,674,-433
120000182,219,272,-53
120000183,9,264,-255
120000184,272,1351,-1079
120000186,196,189,7
120000187,228,119,109
120000188,1316,156,1160
120000190,3567,40,3527
120000191,3683,77,3606
120000192,2293,46,2247
120000193,1266,40,1226
120000195,105,22,83
120000196,458,190,268
120000197,134,645,-511
120000198,226,250,-24
120000199,159,5,154
120000200,145,4,141
120000201,14,25,-11
120000202,6,138,-132
120000203,73,568,-495
120000207,1,163,-162
120000208,22,483,-461
120000209,7,163,-156
120000210,212,164,48
120000211,116,0,116
120000212,155,1,154
120000213,108,584,-476
120000214,1,624,-623
120000215,3,329,-326
120000216,86,8,78
120000217,1264,1875,-611
120000218,317,1486,-1169
120000219,21,931,-910
120000220,17,3281,-3264
120000225,1338,3,1335
120000226,311,11,300
120000227,902,50,852
120000228,9696,4323,5373
120000230,408,14,394
120000231,1573,4322,-2749
120000233,328,24,304
120000235,198,1296,-1098
120000236,1207,4,1203
120000237,13,3651,-3638
120000238,38,454,-416
120000241,1950,6901,-4951
120000412,3009,120,2889
120000413,358,713,-355
120000414,96,5,91
120000415,1,300,-299
120000416,115,16,99
120000417,4,192,-188
120000418,157,42,115
120000419,25,807,-782
120000420,120,87,33
120000421,23852,9804,14048
120000422,386,1099,-713
120000423,4,107,-103
120000424,111,274,-163
120000436,178,732,-554
120000437,272,272,0
120000438,7739,871,6868
120000439,223,620,-397
120000443,185,4,181
120000444,1428,1411,17
120000445,2725,2184,541
120000446,1740,516,1224
120000447,178,19,159
120000449,120,20,100
120000450,10,593,-583
120000451,181,466,-285
120000452,225,5,220
120000453,2,938,-936
120000454,191,70,121
120000455,134,110,24
120000456,5066,5912,-846
120000457,2889,1550,1339
120000458,981,1051,-70
120000459,154,187,-33
120000665,3975,348,3627
120000668,218,571,-353
120000669,108,617,-509
120000670,463,721,-258
120000671,2595,665,1930
120000672,167,827,-660
120900001,75,100,-25
120900002,1725,858,867
120900003,511,57,454
120900004,20,140,-120
120900005,138,2574,-2436
120900006,381,322,59
120900007,181,328,-147
120900008,325,2184,-1859
120900009,604,57,547
120900010,565,133,432
120900011,915,314,601
120900012,1913,1707,206
120900013,374,107,267
120900014,11,1629,-1618
120900015,696,189,507
120900016,897,82,815
120900017,5911,177,5734
120900018,128,1029,-901
120900019,894,329,565
120900020,1526,1691,-165
120900021,834,218,616
120900022,47,897,-850
120900023,268,83,185
120900024,2714,675,2039
120900025,3276,1905,1371
120900026,349,421,-72
120900027,1369,149,1220
120900028,412,100,312
120900029,339,542,-203
120900030,1571,934,637
120900031,280,117,163
120900032,1003,270,733
120900033,1269,92,1177
120900034,113,4283,-4170
120900035,77,401,-324
120900037,284,10,274
120900038,103,312,-209
120900039,147,69,78
120900040,297,4,293
120900041,246,88,158
120900042,495,132,363
120900043,48,36,12
120900044,27,937,-910
120900045,212,362,-150
120900046,426,5,421
120900047,227,105,122
120900048,128,32,96
120900049,337,1,336
120900050,7001,2402,4599
120900051,373,216,157
120900052,621,7,614
120900053,290,215,75
120900054,2476,1584,892
120900055,393,7,386
120900056,606,16,590
120900057,151,22,129
120900058,499,5,494
120900059,82,3,79
120900060,112,72,40
120900061,355,1014,-659
120900062,264,2,262
120900063,595,11,584
120900064,542,2,540
120900065,459,9,450
120900066,256,333,-77
120900067,265,73,192
120900068,224,1,223
120900069,228,114,114
120900071,41,1,40
120900072,695,1,694
120900073,524,523,1
120900074,940,13,927
120900076,293,2,291
120900077,8191,526,7665
120900078,735,1259,-524
120900079,809,263,546
120900080,635,3497,-2862
120900081,1134,1897,-763
120900082,1046,560,486
120900083,78,3,75
120900084,394,537,-143
120900085,230,303,-73
120900086,286,370,-84
120900087,530,327,203
120900088,364,532,-168
120900089,7905,3147,4758
120900090,186,450,-264
120900091,850,766,84
120900092,1884,1276,608
120900093,6636,513,6123
120900094,761,481,280
120900095,1023,90,933
120900096,96,512,-416
120900097,1027,1613,-586
120900098,411,336,75
120900099,82,144,-62
120900100,136,618,-482
120900101,973,524,449
120900102,54,315,-261
120900103,76,304,-228
120900104,53,107,-54
120900105,57,1239,-1182
120900106,2053,1155,898
120900107,393,238,155
120900108,10,1555,-1545
120900109,65,1296,-1231
120900110,25,1889,-1864
120900111,273,695,-422
120900112,16,2384,-2368
120900113,27,1642,-1615
120900114,43,284,-241
120900115,251,362,-111
120900116,405,1088,-683
120900117,7,1131,-1124
120900118,18,1505,-1487
120900119,5135,11885,-6750
120900120,84,1186,-1102
120900121,172,835,-663
120900122,599,1195,-596
120900123,5,891,-886
120900124,4,1173,-1169
120900125,8,2146,-2138
120900126,2568,1640,928
120900127,17,985,-968
120900128,1437,2172,-735
120900129,78,610,-532
120900130,8,759,-751
120900131,53,227,-174
120900132,1058,713,345
120900133,306,2129,-1823
120900134,938,706,232
120900135,9,1083,-1074
120900136,90,158,-68
120900137,356,202,154
120900138,39,358,-319
120900139,9,1341,-1332
120900140,6,136,-130
120900141,394,261,133
120900142,29,1605,-1576
120900143,5,1514,-1509
120900144,1,335,-334
120900145,134,1289,-1155
120900146,6,1904,-1898
120900147,1,838,-837
120900148,195,308,-113
120900149,1,647,-646
120900150,55,1028,-973
120900151,5,1255,-1250
120900152,10,110,-100
120900153,29,106,-77
120900154,2,629,-627
120900155,205,1838,-1633
120900156,89,606,-517
120900157,128,267,-139
120900158,64,795,-731
120900159,97,297,-200
120900160,60,766,-706
120900161,36,970,-934
120900162,38,1023,-985
120900163,36,470,-434
120900164,0,3,-3
120900165,4,24,-20
120900166,657,445,212
120900167,832,205,627
120900169,93,1032,-939
120900170,4612,3120,1492
120900171,1939,840,1099
120900172,3059,526,2533
120900173,3,83,-80
120900174,14,235,-221
120900175,512,555,-43
120900176,29,550,-521
120900177,4,1463,-1459
120900178,1,762,-761
120900179,1450,877,573
120900180,356,186,170
120900181,211,113,98
120900182,37,1629,-1592
120900183,364,264,100
120900184,179,211,-32
120900185,7,672,-665
120900186,0,797,-797
120900187,703,1581,-878
120900188,247,51,196
120900189,449,1337,-888
120900190,87,54,33
120900191,11,76,-65
120900192,22627,6787,15840
120900194,62,170,-108
120900195,182,452,-270
120900196,1093,59,1034
120900197,654,177,477
120900198,309,1059,-750
120900199,570,2987,-2417
120900200,167,261,-94
120900201,940,243,697
120900202,2,392,-390
120900203,52,112,-60
120900204,209,600,-391
120900205,114,167,-53
120900206,25,54,-29
120900207,4,148,-144
121000001,2546,1904,642
121000002,9633,4571,5062
121000003,6410,3605,2805
121000004,6157,16566,-10409
121000005,3947,5559,-1612
121000006,7581,3366,4215
121000007,6968,4494,2474
121000008,18020,7514,10506
121000009,12781,11357,1424
121000010,20774,16534,4240
121000011,16100,26386,-10286
121000012,28944,23646,5298
121000013,9085,14301,-5216
121000014,11987,14843,-2856
121000015,12161,12993,-832
121000016,9016,9757,-741
121000017,3690,6480,-2790
121000018,3943,3275,668
121000019,31329,19050,12279
121000020,20929,21581,-652
121000021,5004,5499,-495
121000022,3662,3916,-254
121000023,6469,5600,869
121000024,6212,7223,-1011
121000025,1433,3021,-1588
121000026,722,343,379
121000027,2857,1760,1097
121000028,1761,869,892
121000029,1960,1405,555
121000030,1222,883,339
121000031,1734,1186,548
121000032,442,108,334
121000034,2081,333,1748
121000035,1012,130,882
121000036,3537,1790,1747
121000037,1734,1000,734
121000038,1763,1523,240
121000039,1379,1103,276
121000041,987,899,88
121000042,518,551,-33
121000043,1893,1329,564
121000044,4427,1521,2906
121000045,827,559,268
121000046,1101,1531,-430
121000047,200,158,42
121000049,4135,1215,2920
121000050,681,1953,-1272
121000051,1548,563,985
121000052,668,1074,-406
121000053,1170,184,986
121000054,92,753,-661
121000055,3080,1989,1091
121000056,1588,1920,-332
121000057,577,837,-260
121000058,702,250,452
121000059,4428,2960,1468
121000060,806,1587,-781
121000061,1074,440,634
121000062,413,468,-55
121000063,1483,999,484
121000064,1495,1652,-157
121000065,1277,755,522
121000066,1235,933,302
121000067,2227,777,1450
121000068,1486,845,641
121000069,2558,1106,1452
121000070,4257,2065,2192
121000071,2747,2394,353
121000072,3332,1423,1909
121000073,4287,1261,3026
121000074,323,243,80
121000075,180,469,-289
121000076,2905,879,2026
121000077,406,407,-1
121000078,275,172,103
121000080,4744,1397,3347
121000081,7716,7868,-152
121000082,282,461,-179
121000083,581,256,325
121000084,415,181,234
121000085,550,1080,-530
121000086,282,1301,-1019
121000087,161,426,-265
121000088,614,1447,-833
121000089,797,528,269
121000090,1333,687,646
121000091,3133,1672,1461
121000092,311,140,171
121000093,192,455,-263
121000094,737,1520,-783
121000095,624,933,-309
121000096,3193,4873,-1680
121000097,2337,3479,-1142
121000098,840,1970,-1130
121000099,805,1367,-562
121000100,1255,840,415
121000101,514,434,80
121000102,319,577,-258
121000103,251,437,-186
121000104,442,284,158
121000105,577,412,165
121000106,358,620,-262
121000107,5134,6372,-1238
121000109,2809,1944,865
121000110,675,1314,-639
121000114,5999,3403,2596
121000115,2131,1297,834
121000116,526,1783,-1257
121000117,1437,459,978
121000118,2264,545,1719
121000119,501,755,-254
121000120,436,647,-211
121000121,961,1856,-895
121000123,3199,926,2273
121000126,193,616,-423
121000127,629,172,457
121000128,1508,788,720
121000129,1198,862,336
121000130,719,1741,-1022
121000131,3717,2840,877
121000132,2273,2464,-191
121000135,758,1149,-391
121000136,3030,732,2298
121000137,702,470,232
121000138,2277,1741,536
121000139,1120,238,882
121000141,646,296,350
121000142,1730,1093,637
121000143,155,38,117
121000144,1723,3508,-1785
121000145,1143,1755,-612
121000146,2655,1680,975
121000147,1675,965,710
121000148,1953,1722,231
121000149,5095,2207,2888
121000152,1103,1527,-424
121000153,3601,1735,1866
121000154,1629,2526,-897
121000155,2961,2436,525
121000156,772,2281,-1509
121000157,2126,5014,-2888
121000158,526,1555,-1029
121000159,313,1260,-947
121000160,410,1125,-715
121000161,294,567,-273
121000162,140,416,-276
121000165,3272,2803,469
121000166,30,1366,-1336
121000168,914,645,269
121000169,150,272,-122
121000170,613,653,-40
121000171,151,347,-196
121000172,1274,855,419
121000173,1978,1734,244
121000174,426,597,-171
121000175,1805,666,1139
121000176,653,337,316
121000177,2958,1170,1788
121000178,249,60,189
121000179,133,78,55
121000181,489,1182,-693
121000182,210,268,-58
121000183,91,121,-30
121000184,434,172,262
121000185,139,305,-166
121000186,334,729,-395
121000187,304,410,-106
121000188,308,448,-140
121000192,1381,861,520
121000193,1173,925,248
121000194,4760,4273,487
121000195,1050,1727,-677
121000196,2873,522,2351
121000197,832,1306,-474
121000198,1285,201,1084
121000199,434,734,-300
121000200,1546,137,1409
121000201,26,385,-359
121000202,4790,181,4609
121000203,1572,3515,-1943
121000204,4140,1067,3073
121000205,651,542,109
121000206,595,55,540
121000207,2748,641,2107
121000208,29,639,-610
121000209,419,625,-206
121000210,584,981,-397
121000211,486,303,183
121000212,422,1378,-956
121000213,14902,6305,8597
121000214,1457,6233,-4776
121000215,2410,1726,684
121000216,1403,1588,-185
121000217,11465,5965,5500
121000218,1134,3060,-1926
121000219,5167,824,4343
121000220,661,78,583
121000221,360,521,-161
121000222,4587,3769,818
121000223,1343,407,936
121000224,709,164,545
121000225,4915,1922,2993
121000226,15846,1830,14016
121000227,19,444,-425
121000228,30,1120,-1090
121000229,498,696,-198
121000230,103,2901,-2798
121000231,1244,95,1149
121000232,580,649,-69
121000233,1122,537,585
121000234,33,28,5
121000235,102,55,47
121000236,17,87,-70
121000237,45,24,21
121000238,4,148,-144
121000239,36,6,30
121000240,22,500,-478
121000241,85,17,68
121000242,59,313,-254
121000243,371,133,238
121000244,12,91,-79
121000245,79,25,54
121000246,2,132,-130
121000247,112,6,106
121000248,1209,839,370
121000249,243,454,-211
121000250,1127,172,955
121000251,28,848,-820
121000252,149,122,27
121000253,870,912,-42
121000254,2224,478,1746
121000255,609,257,352
121000256,962,309,653
121000257,126,135,-9
121000258,406,73,333
121000259,151,65,86
121000260,421,314,107
121000261,398,84,314
121000262,1810,2416,-606
121000263,441,622,-181
121000271,499,2709,-2210
121000273,446,8,438
121000274,101,43,58
121000275,1,25,-24
121000276,8,39,-31
121000278,275,128,147
121000279,189,24,165
121000280,449,99,350
121000289,328,55,273
121000290,2663,1088,1575
121000294,152,273,-121
121000297,2314,2714,-400
121000299,1070,352,718
121000300,1397,1133,264
121000302,203,2665,-2462
121000303,947,1681,-734
121000304,773,130,643
121000305,282,111,171
121000306,256,244,12
121000308,414,1056,-642
121000309,971,1358,-387
121000310,397,698,-301
121000311,194,1681,-1487
121000312,689,651,38
121000313,932,1310,-378
121000314,180,218,-38
121000315,72,222,-150
121000530,2144,2530,-386
121000531,2123,2420,-297
121000532,9874,9255,619
121000533,4335,5353,-1018
121000918,129,249,-120
121000919,97,88,9
121000938,394,1201,-807
121000939,588,1274,-686
121000956,1305,2443,-1138
121000957,21,9,12
121000958,1028,83,945
121000959,892,1371,-479
121000960,2829,3079,-250
121000961,384,189,195
121000962,449,1948,-1499
121000973,2,223,-221
121000976,38,308,-270
121000979,662,233,429
121000981,479,261,218
121000982,435,391,44
121000983,904,653,251
121000984,434,59,375
121000985,813,1405,-592
121000986,465,704,-239
121000987,308,2222,-1914
121000988,1246,210,1036
121001302,656,285,371
121001308,221,14,207
121001309,309,88,221
121001313,349,425,-76
121001314,4390,6525,-2135
121001315,6726,4523,2203
121900001,113,242,-129
121900002,249,26,223
121900003,690,14,676
121900004,417,646,-229
121900005,43,5,38
121900006,232,62,170
121900007,4030,4645,-615
121900008,3624,1027,2597
121900009,948,31,917
121900010,367,6,361
121900011,541,719,-178
121900012,64,0,64
121900013,2825,113,2712
121900014,2392,601,1791
121900015,362,337,25
121900016,14,58,-44
121900017,608,848,-240
121900018,520,21,499
121900019,561,403,158
121900020,121,4,117
121900021,1192,23,1169
121900022,346,418,-72
121900023,201,589,-388
121900024,724,136,588
121900025,1020,771,249
121900026,843,75,768
121900027,609,194,415
121900028,504,33,471
121900029,286,320,-34
121900030,1189,1391,-202
121900031,2391,14951,-12560
121900032,153,166,-13
121900033,298,285,13
121900034,1318,147,1171
121900035,4719,4300,419
121900036,187,507,-320
121900037,352,991,-639
121900038,80,298,-218
121900039,798,87,711
121900040,81,121,-40
121900041,112,327,-215
121900042,731,234,497
121900043,5,3,2
121900044,465,150,315
121900046,596,431,165
121900047,392,111,281
121900048,119,259,-140
121900050,43,59,-16
121900051,295,252,43
121900052,261,49,212
121900053,707,920,-213
121900054,1208,1391,-183
121900055,19,21,-2
121900058,893,425,468
121900059,768,308,460
121900060,143,407,-264
121900061,404,317,87
121900062,270,212,58
121900063,2380,466,1914
121900064,445,1106,-661
121900066,81,31,50
121900067,82,95,-13
121900069,246,297,-51
121900070,1021,219,802
121900071,383,468,-85
121900072,62,257,-195
121900073,413,316,97
121900074,1244,1920,-676
121900075,1900,552,1348
121900076,1546,1021,525
121900077,47,81,-34
121900078,85,52,33
121900079,0,0,0
121900080,1539,833,706
121900082,86,211,-125
121900084,14,351,-337
121900085,2,19,-17
121900086,20,71,-51
121900087,294,182,112
121900088,3745,6480,-2735
121900089,292,699,-407
121900090,43,187,-144
121900091,85,192,-107
121900092,246,170,76
121900093,105,177,-72
121900094,43,11,32
121900095,378,234,144
121900096,2927,1233,1694
121900097,873,255,618
121900098,17,14,3
121900099,240,91,149
121900100,343,648,-305
121900101,239,197,42
121900102,13,179,-166
121900103,1432,363,1069
121900104,1735,595,1140
121900105,363,361,2
121900106,20,15,5
121900107,98,54,44
121900108,4,82,-78
121900109,829,242,587
121900110,587,1848,-1261
121900111,1838,213,1625
121900112,288,189,99
121900113,178,1156,-978
121900114,76,183,-107
121900117,1087,101,986
121900118,4060,961,3099
121900119,230,194,36
121900120,80,2961,-2881
121900121,1456,132,1324
121900122,54,119,-65
121900123,418,971,-553
121900124,156,184,-28
121900125,2294,2662,-368
121900127,23,200,-177
121900128,138,179,-41
121900129,1105,370,735
121900130,308,459,-151
121900131,459,79,380
121900132,161,155,6
121900133,185,621,-436
121900134,54,243,-189
121900135,4156,581,3575
121900136,336,723,-387
121900137,101,687,-586
121900138,262,403,-141
121900139,745,887,-142
121900140,128,334,-206
121900141,92,34,58
121900142,192,254,-62
121900143,41,362,-321
121900144,232,511,-279
121900145,434,566,-132
121900146,1321,1282,39
121900147,103,271,-168
121900148,318,473,-155
121900149,1016,1197,-181
121900150,114,270,-156
121900151,112,300,-188
121900152,195,220,-25
121900153,168,1047,-879
121900154,20,286,-266
121900155,10,276,-266
121900156,267,208,59
121900157,4,642,-638
121900158,120,122,-2
121900159,3,331,-328
121900160,63,421,-358
121900161,766,683,83
121900162,185,240,-55
121900163,330,930,-600
121900164,676,343,333
121900165,338,322,16
121900166,310,339,-29
121900167,230,197,33
121900168,340,294,46
121900169,15,426,-411
121900170,8,527,-519
121900171,1060,1143,-83
121900172,744,512,232
121900173,1748,458,1290
121900174,55,112,-57
121900175,730,222,508
121900176,1280,2429,-1149
121900177,283,101,182
121900178,90,96,-6
121900179,753,234,519
121900180,8774,6394,2380
121900182,2271,481,1790
121900183,1131,1503,-372
121900184,100,1001,-901
121900186,26,503,-477
121900187,59,282,-223
121900188,929,1189,-260
121900189,77,214,-137
121900190,830,867,-37
121900191,133,815,-682
121900192,723,1280,-557
121900193,154,337,-183
121900194,5,255,-250
121900195,195,179,16
121900196,1632,2482,-850
121900197,828,3049,-2221
121900198,1992,2896,-904
121900199,5,33,-28
121900200,573,359,214
121900201,1991,1218,773
121900202,298,1160,-862
121900203,377,2474,-2097
121900204,1692,2453,-761
121900205,37,156,-119
121900206,23,18,5
121900207,430,73,357
121900208,346,431,-85
121900209,57,56,1
121900210,3374,2625,749
121900211,56,141,-85
121900212,241,229,12
121900213,252,144,108
121900214,21,1650,-1629
121900215,150,208,-58
121900216,333,239,94
121900217,431,243,188
121900218,430,1156,-726
121900220,218,30,188
121900221,438,1234,-796
121900222,426,252,174
121900223,463,115,348
121900224,203,113,90
121900225,666,105,561
121900226,565,1995,-1430
121900227,280,777,-497
121900228,405,769,-364
121900230,344,632,-288
121900231,1050,3175,-2125
121900232,920,716,204
121900233,427,384,43
121900234,830,566,264
121900235,710,382,328
121900236,411,253,158
121900237,365,419,-54
121900238,322,598,-276
121900239,335,69,266
121900240,361,308,53
121900241,62,116,-54
121900242,2,0,2
121900243,17,1,16
121900244,44,8,36
121900245,330,164,166
121900246,4569,890,3679
121900247,401,408,-7
121900248,2491,2019,472
121900250,391,452,-61
121900251,535,69,466
121900252,901,275,626
121900253,216,1320,-1104
121900254,915,454,461
121900255,344,171,173
121900258,4840,3637,1203
121900259,518,1142,-624
121900260,308,347,-39
121900261,204,1118,-914
121900262,726,2513,-1787
121900263,281,701,-420
121900264,3534,3182,352
121900265,576,533,43
121900266,397,316,81
121900267,129,77,52
121900269,285,945,-660
121900270,51,274,-223
121900271,59,299,-240
121900273,1315,3608,-2293
121900274,462,456,6
121900277,690,1802,-1112
121900278,609,1251,-642
121900279,249,246,3
121900280,615,511,104
121900281,1495,691,804
121900284,201,13,188
121900286,221,258,-37
121900287,18,31,-13
121900288,6,5,1
121900290,345,527,-182
121900291,808,1063,-255
121900292,925,246,679
121900293,1748,4842,-3094
121900294,419,5,414
121900295,209,431,-222
121900296,274,324,-50
121900298,855,956,-101
121900299,0,0,0
121900300,36,0,36
121900301,97,1,96
121900302,0,30,-30
121900303,1593,760,833
121900304,0,7,-7
121900305,2,9,-7
121900306,142,3,139
121900307,22,20,2
121900308,24,415,-391
121900309,32,411,-379
121900310,37,636,-599
121900311,385,48,337
121900312,271,24,247
121900313,835,38,797
121900314,8,128,-120
121900315,10,0,10
121900316,1,14,-13
121900317,14,4,10
121900318,1,39,-38
121900319,26,312,-286
121900320,102,167,-65
121900321,12,3,9
121900322,3,33,-30
121900323,38,37,1
121900324,30,169,-139
121900325,15,0,15
121900326,3,29,-26
121900327,3,23,-20
121900328,0,12,-12
121900329,1,109,-108
121900330,0,14,-14
121900331,41,56,-15
121900332,172,90,82
121900333,28,6,22
122000001,4188,6604,-2416
122000002,8285,3006,5279
122000003,3347,3147,200
122000004,5144,2602,2542
122000005,5068,2266,2802
122000006,4699,1194,3505
122000007,2767,3173,-406
122000008,10279,9859,420
122000009,748,660,88
122000010,3449,5983,-2534
122000011,5633,2560,3073
122000012,2634,2196,438
122000013,6529,2306,4223
122000014,3271,4894,-1623
122000015,3310,1934,1376
122000016,1211,1443,-232
122000017,1893,1700,193
122000018,2715,1636,1079
122000019,1803,2370,-567
122000020,389,361,28
122000021,969,897,72
122000022,3020,2827,193
122000023,1157,6819,-5662
122000024,2192,1696,496
122000025,4600,2287,2313
122000026,2481,1382,1099
122000027,956,10209,-9253
122000028,1363,833,530
122000029,1349,689,660
122000030,837,249,588
122000031,531,554,-23
122000032,4126,6925,-2799
122000033,2581,1615,966
122000034,2494,1114,1380
122000035,559,2084,-1525
122000036,1249,902,347
122000037,649,526,123
122000038,490,558,-68
122000039,1121,1076,45
122000040,614,2015,-1401
122000041,1292,829,463
122000042,877,669,208
122000043,293,252,41
122000044,276,353,-77
122000045,3107,813,2294
122000046,1784,1999,-215
122000047,787,314,473
122000048,6517,8906,-2389
122000049,10488,3758,6730
122000050,3824,1223,2601
122000051,1160,555,605
122000052,1204,452,752
122000053,453,758,-305
122000054,4684,3233,1451
122000055,6074,4333,1741
122000056,8316,7516,800
122000057,5799,5812,-13
122000058,7024,1617,5407
122000059,6108,2651,3457
122000060,1563,1086,477
122000061,1076,723,353
122000062,2573,465,2108
122000063,2977,1368,1609
122000064,8782,3560,5222
122000065,12458,4183,8275
122000066,3212,1654,1558
122000067,6062,2162,3900
122000068,2924,3655,-731
122000069,1167,1291,-124
122000070,1370,10905,-9535
122000071,2083,4385,-2302
122000072,877,647,230
122000073,911,865,46
122000074,5663,2716,2947
122000075,1187,3986,-2799
122000076,3448,1977,1471
122000077,2735,1038,1697
122000078,4673,3449,1224
122000079,3557,1446,2111
122000080,2268,671,1597
122000081,587,687,-100
122000082,1450,1144,306
122000083,2534,6486,-3952
122000084,2151,1581,570
122000085,540,5418,-4878
122000086,4344,10978,-6634
122000087,965,354,611
122000088,620,645,-25
122000089,15997,7480,8517
122000090,674,881,-207
122000091,1146,125,1021
122000092,644,45,599
122000093,5328,1512,3816
122000094,17153,3544,13609
122000095,7372,6014,1358
122000096,5262,3851,1411
122000098,6408,2647,3761
122000099,9244,1116,8128
122000100,2354,1463,891
122000101,539,3051,-2512
122000102,3104,1626,1478
122000103,3872,2289,1583
122000104,577,283,294
122000105,693,438,255
122000106,877,830,47
122000107,1769,1090,679
122000108,708,1143,-435
122000109,624,846,-222
122000110,769,729,40
122000111,4812,1843,2969
122000112,1469,2746,-1277
122000113,1462,1242,220
122000114,11719,3079,8640
122000115,2729,5149,-2420
122000116,768,932,-164
122000117,2144,701,1443
122000118,711,1227,-516
122000119,5504,3883,1621
122000120,3798,7873,-4075
122000121,4868,5428,-560
122000122,1183,2838,-1655
122000123,3603,3458,145
122000124,1742,1036,706
122000125,1003,1087,-84
122000126,1007,1712,-705
122000127,2328,1896,432
122000128,989,1589,-600
122000129,822,2482,-1660
122000130,5518,1938,3580
122000131,2916,2553,363
122000132,1201,1048,153
122000133,2026,3465,-1439
122000134,1360,1164,196
122000135,1144,1154,-10
122000136,1277,826,451
122000137,2817,1417,1400
122000139,4501,8270,-3769
122000140,3501,1162,2339
122000141,9384,2293,7091
122000142,1380,1420,-40
122000143,1016,909,107
122000144,3913,2460,1453
122000145,4906,1580,3326
122000146,1602,1871,-269
122000147,2387,809,1578
122000148,5329,2613,2716
122000149,3458,2613,845
122000150,2332,1855,477
122000151,511,699,-188
122000152,897,740,157
122000153,877,622,255
122000154,577,407,170
122000155,2452,4683,-2231
122000156,2817,3434,-617
122000157,3925,2061,1864
122000158,1121,1009,112
122000159,2574,3198,-624
122000160,7632,4282,3350
122000161,1806,1866,-60
122000162,3530,3225,305
122000163,362,131,231
122000164,41,111,-70
122000165,1714,1309,405
122000166,2572,2291,281
122000167,321,311,10
122000168,465,848,-383
122000169,1293,403,890
122000170,548,443,105
122000171,67,128,-61
122000172,2376,2845,-469
122000173,2403,3979,-1576
122000174,5320,1511,3809
122000175,2637,603,2034
122000176,564,1135,-571
122000177,3396,2328,1068
122000178,6044,8146,-2102
122000179,3607,5168,-1561
122000180,3037,2306,731
122000181,3537,6038,-2501
122000182,3687,3384,303
122000183,3574,2653,921
122000184,3663,3440,223
122000185,2044,1996,48
122000186,1420,1243,177
122000187,5308,1627,3681
122000188,942,420,522
122000189,569,747,-178
122000190,2763,1711,1052
122000191,2894,1815,1079
122000192,2345,656,1689
122000193,793,935,-142
122000194,2433,421,2012
122000195,616,666,-50
122000196,1705,1065,640
122000197,844,1152,-308
122000198,1439,1385,54
122000199,1164,653,511
122000200,2948,1715,1233
122000201,2254,2260,-6
122000202,2218,1833,385
122000203,5254,2145,3109
122000204,2763,3377,-614
122000205,2236,3151,-915
122000206,3683,1473,2210
122000207,2824,2178,646
122000208,7296,2403,4893
122000209,6845,787,6058
122000210,4799,3056,1743
122000211,4506,1812,2694
122000212,1848,921,927
122000213,2570,2280,290
122000214,3897,3619,278
122000215,4012,2643,1369
122000217,4900,2219,2681
122000218,1992,246,1746
122000219,2706,1704,1002
122000220,588,1086,-498
122000221,168,907,-739
122000222,979,267,712
122000223,2568,760,1808
122000225,1968,508,1460
122000226,3080,3987,-907
122000227,677,6798,-6121
122000228,617,690,-73
122000229,47,822,-775
122000230,91,1185,-1094
122000231,545,1347,-802
122000232,1171,1940,-769
122000233,1,198,-197
122000234,507,339,168
122000235,998,383,615
122000236,1497,286,1211
122000237,193,210,-17
122000238,359,531,-172
122000239,928,286,642
122000240,2065,861,1204
122000241,1989,906,1083
122000242,1309,182,1127
122000243,66,60,6
122000244,33,484,-451
122000245,45,121,-76
122000246,124,112,12
122000247,1157,493,664
122000248,2005,3638,-1633
122000249,1613,1507,106
122000250,3453,1988,1465
122000251,417,836,-419
122000252,892,264,628
122000253,69,500,-431
122000254,333,174,159
122000255,1267,2898,-1631
122000256,570,2643,-2073
122000257,236,678,-442
122000258,306,451,-145
122000259,22,1098,-1076
122000260,12,185,-173
122000261,16,359,-343
122000262,3,136,-133
122000263,415,207,208
122000264,2637,803,1834
122000265,6991,1395,5596
122000266,15525,1136,14389
122000267,211,184,27
122000268,353,661,-308
122000269,2483,484,1999
122000270,4939,214,4725
122000271,1090,1746,-656
122000272,595,1792,-1197
122000273,858,752,106
122000274,406,312,94
122000275,80,381,-301
122000276,1128,1038,90
122000277,1551,2392,-841
122000278,1707,1477,230
122000279,420,828,-408
122000280,1473,1257,216
122000281,1441,1470,-29
122000282,249,326,-77
122000283,506,114,392
122000284,280,156,124
122000285,793,222,571
122000286,162,331,-169
122000287,1806,2320,-514
122000288,711,461,250
122000291,2230,1110,1120
122000293,634,455,179
122000294,229,379,-150
122000295,2334,393,1941
122000296,75,977,-902
122000297,5397,4002,1395
122000299,555,850,-295
122000300,805,1069,-264
122000301,23010,4813,18197
122000302,1680,2166,-486
122000303,7791,2310,5481
122000304,128,372,-244
122000305,1442,583,859
122000306,67,1246,-1179
122000307,244,223,21
122000309,143,101,42
122000310,79,94,-15
122000311,524,304,220
122000312,296,125,171
122000313,126,67,59
122000314,206,391,-185
122000315,410,37,373
122000316,884,367,517
122000317,1659,475,1184
122000318,552,1437,-885
122000319,421,1073,-652
122000320,575,3837,-3262
122000321,233,466,-233
122000322,3905,6488,-2583
122000323,2597,4530,-1933
122000324,2899,2555,344
122000325,1773,2590,-817
122000326,77,237,-160
122000327,970,1180,-210
122000328,2907,1289,1618
122000330,4126,1281,2845
122000332,323,565,-242
122000333,14,210,-196
122000337,1317,2883,-1566
122000338,628,794,-166
122000340,1155,487,668
122000342,4695,1843,2852
122000343,724,2262,-1538
122000344,97,45,52
122000345,54,81,-27
122000346,543,1023,-480
122000348,871,1260,-389
122000349,199,1569,-1370
122000351,187,340,-153
122000352,461,266,195
122000353,152,166,-14
122000355,232,291,-59
122000356,5125,1608,3517
122000357,111,43,68
122000358,1,120,-119
122000359,1,63,-62
122000360,1,76,-75
122000362,17,120,-103
122000364,233,708,-475
122000365,6,61,-55
122000366,25,16,9
122000368,975,1124,-149
122000370,27,101,-74
122000371,23,0,23
122000372,8,3,5
122000381,103,717,-614
122000382,117,356,-239
122000384,10815,4008,6807
122000385,72,1,71
122000386,2438,2427,11
122000387,2611,847,1764
122000388,7674,1046,6628
122000389,531,1084,-553
122000390,1673,443,1230
122000391,1026,276,750
122000392,270,352,-82
122000393,65,296,-231
122000394,835,644,191
122000395,286,300,-14
122000396,761,179,582
122000397,142,154,-12
122000398,140,130,10
122000399,234,125,109
122000400,468,740,-272
122000401,274,178,96
122000402,397,255,142
122000403,863,1704,-841
122000404,249,635,-386
122000408,1384,2721,-1337
122000503,31,301,-270
122000524,248,185,63
122000544,155,9119,-8964
122000616,575,20,555
122000640,98,242,-144
122000641,91,628,-537
122000642,1826,1989,-163
122000643,84,334,-250
122000644,426,37,389
122000645,194,783,-589
122000651,5437,1197,4240
122000664,548,69,479
122000665,1779,867,912
122000666,1027,1986,-959
122000673,59,547,-488
122000674,167,74,93
122000675,2549,2160,389
122000686,644,1983,-1339
122000687,4216,575,3641
122000688,345,1279,-934
122000689,1409,1110,299
122000690,1543,1103,440
122000691,651,3883,-3232
122000692,2230,686,1544
122000693,928,3136,-2208
122000695,382,968,-586
122000696,484,607,-123
122000698,408,1625,-1217
122000699,284,279,5
122000701,1921,653,1268
122000702,696,2847,-2151
122000703,260,169,91
122000717,351,138,213
122000718,638,1662,-1024
122000719,325,100,225
122000720,410,566,-156
122000724,177,33,144
122900001,56,12,44
122900002,2319,7550,-5231
122900003,614,78,536
122900004,2457,107,2350
122900005,130,140,-10
122900006,1536,1048,488
122900007,291,82,209
122900008,1308,215,1093
122900009,1920,1036,884
122900010,471,373,98
122900012,345,556,-211
122900014,282,578,-296
122900015,4531,1512,3019
122900016,291,486,-195
122900017,1108,1629,-521
122900018,579,21,558
122900019,18,223,-205
122900020,599,693,-94
122900021,127,1292,-1165
122900022,1046,1497,-451
122900023,801,547,254
122900024,198,173,25
122900025,14,318,-304
122900026,233,545,-312
122900027,149,1090,-941
122900028,242,367,-125
122900029,7575,4986,2589
122900030,2305,841,1464
122900031,430,354,76
122900032,215,531,-316
122900033,400,199,201
122900034,6788,14361,-7573
122900035,169,42,127
122900036,107,560,-453
122900037,1009,216,793
122900038,335,5825,-5490
122900039,131,973,-842
122900040,831,570,261
122900041,406,326,80
122900042,291,465,-174
122900043,1327,280,1047
122900044,170,664,-494
122900045,201,191,10
122900046,289,199,90
122900047,959,384,575
122900048,85,623,-538
122900049,2673,213,2460
122900051,177,193,-16
122900052,94,218,-124
122900053,38,45,-7
122900055,700,235,465
122900057,804,71,733
122900061,780,355,425
122900062,632,1050,-418
122900063,284,604,-320
122900064,1851,982,869
122900065,1182,271,911
122900066,1020,461,559
122900067,2671,1518,1153
122900068,285,568,-283
122900069,499,2934,-2435
122900070,434,93,341
122900071,238,636,-398
122900072,35,996,-961
122900073,42,415,-373
122900074,1021,1176,-155
122900075,1,117,-116
122900076,8,420,-412
122900077,0,280,-280
122900078,280,285,-5
122900080,124,50,74
122900081,792,277,515
122900082,1242,374,868
122900083,246,262,-16
122900084,13,399,-386
122900086,25,92,-67
122900087,325,668,-343
122900088,94,154,-60
122900089,147,250,-103
122900090,20,1008,-988
122900091,226,0,226
122900092,1,330,-329
122900093,3,572,-569
122900094,5,443,-438
122900095,312,13,299
122900096,393,475,-82
122900097,46,43,3
122900098,141,248,-107
122900099,48,19,29
122900100,1063,815,248
122900101,1935,748,1187
122900102,34,31,3
122900103,149,28,121
122900104,143,13,130
122900105,13,16,-3
122900106,16,190,-174
122900107,10,382,-372
122900108,8,317,-309
123000001,4317,812,3505
123000002,10758,5859,4899
123000003,6359,6605,-246
123000004,4634,7787,-3153
123000005,4567,5252,-685
123000006,4454,5173,-719
123000007,5383,4989,394
123000008,4304,6229,-1925
123000009,8515,5231,3284
123000010,6016,5380,636
123000011,11825,1434,10391
123000012,2509,3900,-1391
123000013,6733,1315,5418
123000014,2570,6566,-3996
123000015,8918,1428,7490
123000016,11137,6508,4629
123000017,5061,2191,2870
123000018,95,224,-129
123000019,309,411,-102
123000020,212,195,17
123000021,158,349,-191
123000022,795,2767,-1972
123000023,2398,2200,198
123000024,2536,748,1788
123000025,236,240,-4
123000026,2,120,-118
123000027,377,613,-236
123000028,1892,376,1516
123000029,1402,784,618
123000030,787,885,-98
123000031,245,710,-465
123000032,539,488,51
123000033,570,109,461
123000034,1586,1290,296
123000035,426,685,-259
123000036,392,1567,-1175
123000037,329,518,-189
123000038,186,380,-194
123000039,750,1754,-1004
123000040,1836,465,1371
123000041,2892,1398,1494
123000042,2222,739,1483
123000043,7327,12947,-5620
123000044,9379,4142,5237
123000045,17621,4615,13006
123000046,1801,2177,-376
123000047,4027,2365,1662
123000048,169,828,-659
123000049,13925,12930,995
123000050,1721,2658,-937
123000051,156,383,-227
123000052,1148,5702,-4554
123000053,3721,6469,-2748
123000054,2254,3289,-1035
123000055,1919,4760,-2841
123000056,2388,3353,-965
123000057,29704,12274,17430
123000058,1223,1573,-350
123000059,717,996,-279
123000060,1431,620,811
123000061,336,1333,-997
123000063,1514,1390,124
123000064,1710,476,1234
123000065,13469,8054,5415
123000066,1549,1866,-317
123000067,1328,982,346
123000068,6095,7068,-973
123000069,11720,7422,4298
123000070,430,1594,-1164
123000071,1444,1996,-552
123000072,1513,2561,-1048
123000073,1873,1568,305
123000074,1694,3376,-1682
123000075,736,2009,-1273
123000076,1190,1758,-568
123000077,3663,5726,-2063
123000078,2207,3154,-947
123000079,2235,3532,-1297
123000080,3755,4106,-351
123000081,262,1058,-796
123000082,570,2204,-1634
123000083,1781,433,1348
123000084,807,1482,-675
123000085,385,224,161
123000086,939,590,349
123000087,578,736,-158
123000088,2031,1797,234
123000089,726,2591,-1865
123000090,2220,1839,381
123000091,2449,2623,-174
123000092,1611,2523,-912
123000094,1051,536,515
123000095,869,1254,-385
123000096,1067,771,296
123000097,946,1651,-705
123000098,1011,1183,-172
123000099,1048,1438,-390
123000100,863,1149,-286
123000101,1030,1105,-75
123000102,891,1251,-360
123000104,588,713,-125
123000105,946,904,42
123000106,678,712,-34
123000107,734,919,-185
123000108,1046,2646,-1600
123000111,1256,597,659
123000112,1569,1168,401
123000113,1120,3138,-2018
123000114,836,1098,-262
123000115,535,555,-20
123000116,51,358,-307
123000117,2996,4399,-1403
123000118,832,1597,-765
123000119,374,1744,-1370
123000120,744,1648,-904
123000121,897,1029,-132
123000122,672,340,332
123000123,766,993,-227
123000124,1028,856,172
123000125,2465,1960,505
123000126,3200,5394,-2194
123000127,1768,1179,589
123000128,575,717,-142
123000129,960,534,426
123000130,874,161,713
123000131,1638,1250,388
123000132,823,1082,-259
123000133,569,739,-170
123000134,813,363,450
123000135,3072,2412,660
123000136,426,1891,-1465
123000137,228,677,-449
123000138,230,786,-556
123000139,971,329,642
123000140,225,1374,-1149
123000141,1563,226,1337
123000142,1526,1816,-290
123000143,2745,4213,-1468
123000144,70,78,-8
123000145,466,380,86
123000146,142,162,-20
123000147,228,203,25
123000149,573,683,-110
123000150,490,406,84
123000151,508,680,-172
123000152,203,731,-528
123000153,287,1104,-817
123000154,3121,3789,-668
123000155,3927,1735,2192
123000156,69,253,-184
123000157,1002,1638,-636
123000158,1106,1479,-373
123000159,8081,4063,4018
123000160,1771,1252,519
123000161,2337,2151,186
123000162,1196,2651,-1455
123000163,1038,230,808
123000164,2095,488,1607
123000165,574,3054,-2480
123000166,56,233,-177
123000167,261,560,-299
123000168,325,415,-90
123000169,1189,214,975
123000170,102,595,-493
123000171,916,53,863
123000172,312,1091,-779
123000173,1108,449,659
123000174,1578,618,960
123000175,1318,2232,-914
123000176,1754,445,1309
123000177,657,1802,-1145
123000178,1482,222,1260
123000179,45,1210,-1165
123000180,2168,576,1592
123000181,611,2720,-2109
123000182,281,833,-552
123000183,319,749,-430
123000184,178,1728,-1550
123000185,819,804,15
123000186,8,1080,-1072
123000187,743,19,724
123000188,471,5,466
123000189,326,368,-42
123000190,101,110,-9
123000192,29,611,-582
123000193,92,1088,-996
123000194,763,618,145
123000195,412,55,357
123000196,349,33,316
123000197,63,163,-100
123000198,63,376,-313
123000199,10,908,-898
123000200,741,19,722
123000201,1254,45,1209
123000202,40,1965,-1925
123000203,1018,139,879
123000204,119,1815,-1696
123000205,770,3215,-2445
123000206,2231,336,1895
123000207,178,1525,-1347
123000208,1008,202,806
123000209,3133,672,2461
123000210,683,2683,-2000
123000211,927,4620,-3693
123000212,4131,711,3420
123000213,942,116,826
123000215,385,245,140
123000216,482,1145,-663
123000217,343,56,287
123000218,218,929,-711
123000219,1822,190,1632
123000220,947,162,785
123000221,348,325,23
123000222,817,1043,-226
123000223,444,1035,-591
123000224,649,1052,-403
123000225,489,160,329
123000226,78,633,-555
123000227,162,587,-425
123000228,350,107,243
123000229,2368,3042,-674
123000232,178,1139,-961
123000233,1361,296,1065
123000234,308,1219,-911
123000235,1152,607,545
123000236,359,1531,-1172
123000237,481,152,329
123000238,150,1095,-945
123000239,908,3066,-2158
123000240,98,827,-729
123000241,1895,249,1646
123000242,315,347,-32
123000243,997,1357,-360
123000244,1448,1054,394
123000245,140,239,-99
123000249,759,1430,-671
123000252,1650,461,1189
123000253,1470,699,771
123000254,941,1752,-811
123000255,1588,1459,129
123000256,49,511,-462
123000257,6182,4549,1633
123000258,1471,2167,-696
123000259,470,671,-201
123000260,692,1150,-458
123000261,330,512,-182
123000262,187,424,-237
123000263,643,202,441
123000264,323,114,209
123000265,121,348,-227
123000266,915,1319,-404
123000267,804,584,220
123000268,104,108,-4
123000269,50,107,-57
123000270,100,84,16
123000271,239,105,134
123000272,1272,430,842
123000273,559,922,-363
123000274,1943,781,1162
123000275,597,1807,-1210
123000278,6017,4623,1394
123000279,196,215,-19
123000280,723,676,47
123000281,604,191,413
123000282,287,490,-203
123000283,129,117,12
123000284,65,215,-150
123000286,562,507,55
123000287,1019,503,516
123000288,2539,1463,1076
123000289,1142,1811,-669
123000291,712,1368,-656
123000294,251,360,-109
123000295,1236,1313,-77
123000296,571,429,142
123000297,755,1438,-683
123000298,792,1305,-513
123000299,64,466,-402
123000300,1611,1531,80
123000301,339,457,-118
123000302,147,419,-272
123000303,399,121,278
123000305,1894,1522,372
123000306,206,400,-194
123000309,80,107,-27
123000310,328,66,262
123000311,4,201,-197
123000312,1169,1585,-416
123000313,558,640,-82
123000315,107,627,-520
123000316,3652,75,3577
123000317,397,88,309
123000318,91,447,-356
123000329,16,30,-14
123000337,615,365,250
123000338,1088,81,1007
123000339,273,336,-63
123000340,270,978,-708
123000342,7,14,-7
123000343,193,8,185
123000344,1939,886,1053
123000345,564,1212,-648
123000346,514,186,328
123000352,3726,1356,2370
123000353,30,153,-123
123000354,534,6,528
123000355,5,1111,-1106
123000356,492,11,481
123000357,7,476,-469
123000359,10,306,-296
123000360,271,144,127
123000361,1067,531,536
123000362,609,234,375
123000363,167,347,-180
123000364,1221,844,377
123000365,32,636,-604
123000366,539,3507,-2968
123000367,567,2493,-1926
123000370,45,524,-479
123000371,543,38,505
123000372,586,17,569
123000373,19,777,-758
123000374,6,384,-378
123000375,430,47,383
123000376,1418,904,514
123000377,652,49,603
123000378,34,643,-609
123000379,4,406,-402
123000380,133,490,-357
123000381,484,65,419
123000382,2087,251,1836
123000383,539,1769,-1230
123000384,1096,153,943
123000385,744,886,-142
123000436,109,1615,-1506
123000507,228,939,-711
123000508,264,1218,-954
123000517,535,68,467
123000518,28,461,-433
123000519,207,161,46
123000520,69,407,-338
123000521,554,216,338
123000522,231,887,-656
123000541,2,1,1
123000542,0,34,-34
123000565,0,0,0
123000566,944,1197,-253
123000567,146,442,-296
123000573,63,1398,-1335
123000574,840,132,708
123000575,1621,2003,-382
123000576,1160,3741,-2581
123000577,363,1565,-1202
123000578,1599,122,1477
123000579,7256,7814,-558
123000580,91,31,60
123000582,750,54,696
123000583,36,912,-876
123000584,325,541,-216
123000585,2,286,-284
123000586,98,0,98
123000596,231,266,-35
123000597,110,224,-114
123000602,33,9,24
123000603,639,1335,-696
123000604,686,1751,-1065
123000605,1382,262,1120
123000606,2,414,-412
123000609,58,581,-523
123000610,326,181,145
123000613,41,295,-254
123000614,224,110,114
123000615,42,278,-236
123000616,678,118,560
123000617,178,892,-714
123000618,137,1101,-964
123000619,1091,75,1016
123000620,39,1169,-1130
123000622,497,42,455
123000624,134,85,49
123000630,882,625,257
123000631,547,3258,-2711
123000632,1862,2019,-157
123000633,0,462,-462
123000634,183,246,-63
123000635,539,186,353
123000636,66,1080,-1014
123000637,135,242,-107
123000638,808,182,626
123000639,1923,5112,-3189
123000640,22,1674,-1652
123900001,2583,130,2453
123900002,46,2165,-2119
123900003,720,1118,-398
123900005,517,220,297
123900006,700,67,633
124000001,3108,203,2905
124000002,196,2931,-2735
124000003,1078,275,803
124000004,99,1185,-1086
124000005,1216,508,708
124000006,398,2310,-1912
124000007,1116,292,824
124000008,37,1124,-1087
124000009,877,548,329
124000010,210,774,-564
124000011,2717,605,2112
124000012,869,1207,-338
124000017,306,226,80
124000018,160,154,6
124000019,173,159,14
124000020,91,311,-220
124000021,222,120,102
124000022,130,438,-308
124000023,2441,2198,243
124000024,1628,1116,512
124000025,1783,2452,-669
124000026,1908,1682,226
124000027,7110,7377,-267
124000028,4097,6277,-2180
124000030,4968,2000,2968
124000031,1746,3442,-1696
124000032,7693,1384,6309
124000033,16,798,-782
124000034,5200,802,4398
124000035,67,282,-215
124000036,154,272,-118
124000037,1223,1332,-109
124000038,105,99,6
124000039,1779,634,1145
124000040,895,1350,-455
124000041,591,243,348
124000042,96,595,-499
124000043,200,228,-28
124000044,109,465,-356
124000045,889,1066,-177
124000046,361,1396,-1035
124000047,1779,1580,199
124000048,1341,3106,-1765
124000049,2061,1197,864
124000050,1023,3890,-2867
124000051,1156,897,259
124000052,846,2104,-1258
124000053,758,1823,-1065
124000054,1222,1242,-20
124000055,1666,3140,-1474
124000056,6707,2483,4224
124000057,1129,774,355
124000058,744,2262,-1518
124000059,809,1433,-624
124000060,1983,1462,521
124000061,2361,5809,-3448
124000062,7735,2970,4765
124000063,2121,3232,-1111
124000064,4794,2806,1988
124000065,227,355,-128
124000066,700,589,111
124000067,237,411,-174
124000068,21,11,10
124000069,110,47,63
124000070,50,222,-172
124000071,269,137,132
124000072,299,823,-524
124000073,1361,224,1137
124000074,263,1349,-1086
124000075,382,75,307
124000076,13,384,-371
124000077,2989,1147,1842
124000078,3897,1621,2276
124000079,803,2125,-1322
124000080,640,285,355
124000081,295,1359,-1064
124000082,63,225,-162
124000083,69,317,-248
124000084,82,684,-602
124000085,120,135,-15
124000086,141,192,-51
124000087,249,140,109
124000088,447,748,-301
124000089,1148,627,521
124000090,196,632,-436
124000091,1240,271,969
124000092,257,1317,-1060
124000093,158,175,-17
124000094,266,1016,-750
124000095,108,217,-109
124000096,189,561,-372
124000097,101,282,-181
124000098,64,195,-131
124000099,267,223,44
124000100,86,179,-93
124000101,106,229,-123
124000102,191,168,23
124000103,102,145,-43
124000104,237,125,112
124000105,89,121,-32
124000106,277,148,129
124000107,41,231,-190
124000108,120,77,43
124000109,121,139,-18
124000110,300,244,56
124000111,361,209,152
124000112,1022,1257,-235
124000113,84,105,-21
124000114,442,883,-441
124000115,657,1291,-634
124000116,231,146,85
124000117,149,170,-21
124000118,64,93,-29
124000119,3078,1220,1858
124000120,1600,884,716
124000121,2602,1001,1601
124000122,981,2046,-1065
124000123,1552,787,765
124000124,763,1839,-1076
124000125,697,811,-114
124000126,453,1063,-610
124000127,1327,758,569
124000128,1219,1877,-658
124000129,3021,2361,660
124000130,1385,1118,267
124000131,1930,847,1083
124000132,1386,1172,214
124000133,1240,1599,-359
124000134,1225,1355,-130
124000135,2408,2916,-508
124000136,1695,1891,-196
124000137,2265,1178,1087
124000138,3069,2027,1042
124000139,1052,41,1011
124000140,39,631,-592
124000141,283,13,270
124000142,20,215,-195
124000143,97,37,60
124000144,9,90,-81
124000145,166,58,108
124000146,61,149,-88
124000148,29,137,-108
124000149,1526,646,880
124000150,415,967,-552
124000151,1141,583,558
124000152,1255,2292,-1037
124000153,973,1060,-87
124000154,593,1426,-833
124000155,2120,1284,836
124000156,2530,1643,887
124000169,571,1033,-462
124000170,1562,756,806
124000171,658,553,105
124000172,855,1014,-159
124000173,685,475,210
124000174,602,1314,-712
124000175,17,235,-218
124000176,98,23,75
124000177,24,54,-30
124000178,44,63,-19
124000190,274,96,178
124000191,1419,188,1231
124000192,4312,631,3681
124000193,1206,1526,-320
124000194,587,873,-286
124000195,463,837,-374
124000196,1972,1865,107
124000197,129,150,-21
124000198,70,60,10
124000201,562,1693,-1131
124000202,1042,353,689
124000203,335,1670,-1335
124000204,721,778,-57
124000205,109,884,-775
124000206,720,637,83
124000207,1,79,-78
124000209,513,1086,-573
124000210,411,333,78
124000211,593,3,590
124000212,4,837,-833
124000213,389,616,-227
124000214,344,1071,-727
124000215,499,33,466
124000216,2,876,-874
124000329,173,3622,-3449
124000338,131,1824,-1693
124000339,796,223,573
124000341,1371,139,1232
124000344,67,29,38
124000357,1498,3718,-2220
124000358,1022,2107,-1085
124000359,1408,944,464
124000360,843,784,59
124000361,3291,1078,2213
124000362,2399,2838,-439
124000363,379,463,-84
124000364,717,1172,-455
124000365,1014,1451,-437
124000366,2479,1206,1273
124000367,277,1063,-786
124000368,576,382,194
124000369,245,214,31
124000370,139,1173,-1034
124000402,67,22,45
124000403,226,31,195
124000404,14,176,-162
124000405,1712,1323,389
124000406,1577,1374,203
124000407,11,39,-28
124000411,24,675,-651
124000412,607,21,586
124000413,1148,77,1071
124000414,148,219,-71
124000415,105,367,-262
124000416,182,541,-359
124000417,163,201,-38
124000418,189,223,-34
124000419,135,285,-150
124000420,105,193,-88
124000421,77,456,-379
124000422,72,34,38
124000423,311,67,244
124000424,0,147,-147
124000425,48,75,-27
124000426,11,80,-69
124000427,60,35,25
124000428,88,56,32
124000429,66,85,-19
124000430,886,1151,-265
124000431,446,1099,-653
124000432,301,1406,-1105
124000439,8,28,-20
124000443,0,6,-6
124000445,370,1426,-1056
124000446,3574,171,3403
124900001,516,448,68
124900002,345,816,-471
124900003,1189,856,333
124900004,682,601,81
124900005,503,426,77
124900006,668,613,55
124900008,1762,864,898
124900009,262,418,-156
124900010,199,102,97
124900011,700,284,416
124900012,667,180,487
124900013,689,213,476
124900014,408,138,270
124900015,333,523,-190
124900016,87,209,-122
124900017,1114,1191,-77
124900018,47,18,29
124900020,113,91,22
124900021,276,87,189
124900022,92,29,63
124900024,318,109,209
124900026,292,87,205
124900027,114,447,-333
124900028,1344,251,1093
124900029,25,646,-621
124900030,15,380,-365
124900031,57,660,-603
124900032,389,328,61
124900033,163,732,-569
124900034,7,195,-188
124900035,362,795,-433
124900036,5,103,-98
124900037,308,645,-337
124900038,360,541,-181
124900039,2,29,-27
124900040,223,125,98
124900041,371,1636,-1265
124900042,127,0,127
124900043,608,1679,-1071
124900044,254,6,248
124900045,1185,1365,-180
124900046,2087,395,1692
124900047,188,355,-167
124900048,215,333,-118
124900050,215,545,-330
124900052,141,545,-404
124900053,177,570,-393
124900054,4192,600,3592
124900055,3,145,-142
124900057,25,127,-102
124900060,126,365,-239
124900061,75,18,57
124900062,142,37,105
124900066,2,13,-11
124900067,7,264,-257
124900068,282,721,-439
124900070,102,39,63
124900072,135,57,78
124900074,642,472,170
124900075,301,324,-23
124900076,40,1136,-1096
124900077,33,215,-182
124900078,146,31,115
124900079,1464,421,1043
124900080,415,1057,-642
124900081,1018,359,659
124900082,441,1284,-843
124900083,239,872,-633
124900084,3359,138,3221
124900085,1497,489,1008
124900086,183,1436,-1253
124900087,751,160,591
124900088,890,182,708
124900089,2350,54,2296
124900090,371,418,-47
124900091,585,984,-399
124900092,473,658,-185
124900093,460,400,60
124900094,474,506,-32
124900095,173,703,-530
124900096,1095,415,680
124900097,391,176,215
124900098,142,763,-621
124900099,1152,848,304
124900100,391,138,253
124900101,79,429,-350
124900102,319,98,221
124900103,236,444,-208
124900104,93,331,-238
124900105,147,207,-60
124900106,633,96,537
124900107,169,40,129
124900108,389,132,257
124900109,86,134,-48
124900110,299,567,-268
124900111,2,128,-126
124900112,96,1086,-990
124900113,161,368,-207
124900114,360,206,154
124900115,99,86,13
124900116,362,364,-2
124900117,1152,235,917
124900118,348,306,42
124900119,546,249,297
124900120,65,710,-645
124900121,175,463,-288
124900122,915,459,456
124900123,507,154,353
124900124,185,360,-175
129000186,559,72,487
204000001,58,5,53
204000002,21,5,16
204000003,77,5,72
204000004,6,4,2
204000005,847,905,-58
204000006,1737,3598,-1861
204000011,11,101,-90
204000012,75,127,-52
204000013,0,54,-54
204000019,712,805,-93
204000020,882,1054,-172
204000021,2580,1162,1418
204000022,591,707,-116
204000023,793,1508,-715
204000031,138,38,100
204000032,1022,45,977
204000034,28,395,-367
204000035,3,10,-7
204000036,33,40,-7
204000037,0,39,-39
204000038,5,17,-12
204000039,6,84,-78
204000040,3,53,-50
204000041,9,69,-60
204000042,110,26,84
204000043,58,5,53
204000044,69,5,64
204000045,191,22,169
204000046,36,5,31
204000057,32,60,-28
204000062,44,24,20
204000068,62,290,-228
204000069,41,446,-405
204000070,85,213,-128
204000080,46,89,-43
204000085,2668,3136,-468
204000086,4300,3707,593
204000087,73,18,55
204000088,6,156,-150
204000090,28,545,-517
204000093,309,137,172
204000096,1276,1595,-319
204000097,572,34,538
204000099,1236,2371,-1135
204000100,1383,2802,-1419
204000105,3075,2523,552
204000110,1023,1825,-802
204000111,770,1149,-379
204000112,1242,1279,-37
204000113,840,1356,-516
204000114,1161,914,247
204000115,850,570,280
204000116,1129,817,312
204000119,2465,4284,-1819
204000132,703,413,290
204000133,883,468,415
204000134,311,261,50
204000135,665,213,452
204000136,654,380,274
204000138,490,508,-18
204000140,259,186,73
204000141,209,147,62
204000144,12,48,-36
204000145,704,78,626
204000146,36,628,-592
204000147,71,238,-167
204000148,559,41,518
204000154,11,5,6
204000155,10,10,0
204000177,111,137,-26
204000179,46,17,29
204000180,0,30,-30
204000222,20,24,-4
204000235,14,27,-13
204000236,107,535,-428
204000238,24,77,-53
204000240,509,127,382
204000263,788,1872,-1084
204000268,1834,1458,376
204000308,553,37,516
204000317,13,158,-145
204000322,7,84,-77
204000323,72,25,47
204000328,326,152,174
204000329,65,331,-266
204000330,359,59,300
204000331,31,186,-155
204010341,25,414,-389
205000001,1435,2749,-1314
205000013,12,113,-101
205000014,38,121,-83
205000015,46,288,-242
205000016,39,244,-205
205000017,70,107,-37
205000022,406,1108,-702
205000025,1972,1594,378
205000029,363,22,341
205000045,311,345,-34
205000046,78,721,-643
205000047,87,679,-592
205000048,327,1560,-1233
205000049,179,1160,-981
205000050,1484,452,1032
205000059,4,320,-316
205000060,1,89,-88
205000061,3,50,-47
205000062,10,52,-42
205000063,32,242,-210
205000064,18,273,-255
205000065,79,823,-744
205000066,111,1113,-1002
205000067,53,1332,-1279
205000069,185,32,153
205000082,266,718,-452
205000110,96,325,-229
205000111,245,366,-121
205000112,209,336,-127
205000113,255,457,-202
205000121,413,253,160
205000123,105,349,-244
205000126,560,522,38
205000127,1003,729,274
205000128,942,556,386
205000129,1106,506,600
205000130,1681,137,1544
205000131,1809,29,1780
205000132,2082,8,2074
205000133,1985,11,1974
205000134,1015,2,1013
205000137,128,196,-68
205000138,277,583,-306
205000139,41,201,-160
205000144,118,160,-42
205000145,478,535,-57
205000151,339,207,132
205000152,279,145,134
205000153,259,214,45
205000154,134,259,-125
205000155,250,86,164
205000207,15,300,-285
205000233,74,1,73
205000234,0,0,0
205000243,0,0,0
205000244,0,7,-7
205000245,27,489,-462
205000249,0,62,-62
205000250,1,0,1
205000264,18,126,-108
206000027,13,9,4
206000028,2,4,-2
206000043,11,165,-154
206000053,3,34,-31
206000054,10,34,-24
206000055,5,54,-49
206000075,11,10,1
206000076,45,18,27
206000077,22,9,13
206000078,27,6,21
206000079,26,5,21
206000082,1122,44,1078
206000100,110,1327,-1217
206000103,4,29,-25
206000104,44,23,21
206000105,29,24,5
206000106,12,45,-33
206000108,974,64,910
206000125,71,1,70
206000157,100,1164,-1064
206000170,0,335,-335
206000171,2,279,-277
206000172,17,977,-960
206000173,1,364,-363
206000174,19,152,-133
206000175,4,220,-216
206000176,37,395,-358
206000177,1,247,-246
206000178,15,244,-229
206000179,21,165,-144
206000180,28,307,-279
206000181,7,468,-461
206000182,11,458,-447
206000183,27,1578,-1551
206000184,6,534,-528
206000185,4,353,-349
206000186,179,1876,-1697
206000223,15,295,-280
206000226,13,7,6
206000227,30,1,29
206000237,52,519,-467
206000238,56,759,-703
206000239,707,2920,-2213
206000240,5,70,-65
206000241,0,195,-195
206000242,18,434,-416
206000243,8,429,-421
206000244,104,993,-889
206000245,662,74,588
206000246,109,7,102
206000247,108,5,103
206000248,614,37,577
206000252,117,32,85
206000258,35,65,-30
206000315,53,7,46
206000317,594,141,453
206000318,349,95,254
206000319,941,178,763
206000320,118,78,40
206000321,115,22,93
206000322,497,23,474
206000323,153,11,142
206000324,133,14,119
206000325,326,12,314
206000326,460,12,448
206000327,675,11,664
206000328,101,5,96
206000329,215,10,205
206000330,46,11,35
206000331,116,5,111
206000332,36,9,27
206000333,456,4,452
206000334,244,3,241
206000335,0,22,-22
206000361,5,358,-353
206000392,7,53,-46
206000405,188,2,186
206000441,23,22,1
206000498,64,3,61
206000515,153,35,118
206000530,181,80,101
206000531,216,256,-40
206000532,4136,355,3781
206000535,445,3357,-2912
206000536,25,279,-254
206000537,24,296,-272
206000613,1984,277,1707
207000001,270,648,-378
207000002,214,450,-236
207000003,219,275,-56
207000007,681,334,347
207000008,65,12,53
207000009,62,25,37
207000010,661,759,-98
207000012,403,382,21
207000015,479,2103,-1624
207000019,370,134,236
207000021,915,159,756
207000022,210,147,63
207000023,291,80,211
207000024,2,16,-14
207000025,41,86,-45
207000026,206,88,118
207000027,51,138,-87
207000028,78,314,-236
207000029,394,610,-216
207000033,398,540,-142
207000034,462,112,350
207000039,408,200,208
207000040,281,153,128
207000041,155,67,88
207000042,360,120,240
207000043,332,273,59
207000051,217,414,-197
207000052,59,216,-157
207000053,697,1058,-361
207000054,92,208,-116
207000055,211,285,-74
207000056,504,591,-87
207000057,239,470,-231
207000058,219,572,-353
207000059,175,1072,-897
207000060,139,385,-246
207000061,406,460,-54
207000062,296,54,242
207000063,248,170,78
207000064,482,215,267
207000065,305,274,31
207000066,210,259,-49
207000067,62,155,-93
207000068,163,123,40
207000069,814,577,237
207000082,20,368,-348
207000083,102,513,-411
207000084,289,436,-147
207000085,128,13,115
207000086,124,7,117
207000106,28,35,-7
207000107,88,37,51
207000108,84,20,64
207000109,72,17,55
207000110,96,110,-14
207000111,118,83,35
207000112,454,645,-191
207000114,34,63,-29
207000115,34,108,-74
207000116,37,469,-432
207000117,16,139,-123
207000118,6,133,-127
207000119,74,149,-75
207000123,222,53,169
207000124,89,46,43
207000125,92,83,9
207000126,92,114,-22
207000134,91,202,-111
207000135,30,370,-340
207000148,75,288,-213
207000149,137,95,42
207000152,291,615,-324
207000153,1400,1973,-573
207000154,564,214,350
207000159,142,348,-206
207000160,177,823,-646
207000238,2,257,-255
207000242,3,357,-354
207000248,39,71,-32
207000249,280,58,222
207000250,1911,132,1779
207000251,174,154,20
207000252,111,109,2
207000278,137,166,-29
207000279,24,291,-267
207000280,373,107,266
207000281,131,1490,-1359
207000282,293,84,209
207000283,245,393,-148
207000284,76,130,-54
207000285,228,63,165
207000291,19,171,-152
207000304,202,105,97
207000306,108,692,-584
207000310,130,102,28
207000353,310,1,309
207000356,22,43,-21
207000357,257,9,248
207000358,295,21,274
207000415,1,346,-345
207000417,46,2,44
207000418,114,213,-99
207000438,0,2,-2
207000439,1325,849,476
207000446,182,7,175
207000460,10,6,4
207000466,243,230,13
207000467,280,176,104
207000468,91,601,-510
207000476,7,138,-131
207000477,839,217,622
207000478,24,63,-39
207000523,0,11,-11
207000524,36,0,36
207000527,131,288,-157
207000530,426,5,421
207000531,382,8,374
207000532,113,24,89
207000534,1013,120,893
207000535,104,487,-383
207000537,25,221,-196
207000540,19,393,-374
207000541,0,593,-593
207000548,20,611,-591
207000549,331,18,313
207000561,183,254,-71
207000562,57,441,-384
207000567,305,372,-67
207000568,187,172,15
207000569,502,1646,-1144
207000584,619,478,141
207000585,225,415,-190
207000616,0,278,-278
207000617,153,0,153
207900008,161,227,-66
208000001,816,1500,-684
208000002,973,847,126
208000003,1677,866,811
208000004,2248,1310,938
208000005,63,23,40
208000019,765,1526,-761
208000020,238,730,-492
208000021,303,895,-592
208000022,1237,1062,175
208000028,2225,1638,587
208000033,734,1169,-435
208000034,1914,3435,-1521
208000040,206,293,-87
208000041,1227,838,389
208000042,1859,1045,814
208000047,294,690,-396
208000064,3694,2932,762
208000066,2674,3484,-810
208000070,471,624,-153
208000071,636,1313,-677
208000072,654,2058,-1404
208000080,344,687,-343
208000081,405,298,107
208000082,429,441,-12
208000083,214,542,-328
208000084,153,42,111
208000085,1930,816,1114
208000086,944,1231,-287
208000087,537,1074,-537
208000089,1381,1161,220
208000090,1226,1715,-489
208000093,188,255,-67
208000094,726,1069,-343
208000095,1207,720,487
208000104,1426,1850,-424
208000105,896,2005,-1109
208000114,185,498,-313
208000115,843,577,266
208000116,788,1549,-761
208000117,168,245,-77
208000118,180,209,-29
208000155,1048,1380,-332
208000158,2504,5398,-2894
208000186,4909,6057,-1148
208000204,940,1829,-889
208000205,1562,2362,-800
208000282,6710,3922,2788
209000004,342,465,-123
209000005,41,82,-41
209000006,1030,213,817
209000007,810,489,321
209000010,1137,210,927
209000011,309,393,-84
209000012,289,366,-77
209000013,327,902,-575
209000014,875,2156,-1281
209000025,463,102,361
209000026,1150,277,873
209000027,470,1550,-1080
209000028,667,1362,-695
209000029,2073,1415,658
209000030,1192,2589,-1397
209000031,5743,4465,1278
209000034,357,363,-6
209000035,178,274,-96
209000036,293,210,83
209000037,258,356,-98
209000038,136,289,-153
209000039,92,261,-169
209000040,482,742,-260
209000041,271,613,-342
209000042,299,592,-293
209000043,1295,1231,64
209000044,334,990,-656
209000045,1960,750,1210
209000046,689,780,-91
209000047,708,302,406
209000048,1033,475,558
209000049,106,136,-30
209000050,227,283,-56
209000051,352,543,-191
209000052,299,535,-236
209000062,73,227,-154
209000063,64,180,-116
209000064,27,227,-200
209000065,98,90,8
209000066,98,81,17
209000067,101,131,-30
209000080,36,349,-313
209000082,113,104,9
209000091,70,197,-127
209000093,186,55,131
209000094,342,342,0
209000110,91,209,-118
209000111,622,2747,-2125
209000112,1318,1095,223
209000113,4989,1042,3947
209000114,663,664,-1
209000115,177,286,-109
209000116,1239,1101,138
209000118,122,87,35
209000119,222,26,196
209000121,247,1057,-810
209000135,136,353,-217
209000142,1191,3553,-2362
209000143,485,193,292
209000144,363,175,188
209000229,297,268,29
209000240,83,626,-543
209000259,122,178,-56
209000260,100,1950,-1850
209000261,12,1136,-1124
209000262,5,913,-908
209000263,0,306,-306
209000264,1,222,-221
209000265,609,2,607
209000266,121,2,119
209000267,1386,30,1356
209000268,1246,153,1093
210000037,159,36,123
210000047,145,60,85
210000048,137,87,50
210000049,108,88,20
210000052,47,180,-133
210000053,47,105,-58
210000054,63,148,-85
210000070,224,5,219
210000071,111,1,110
210000072,65,0,65
210000073,0,47,-47
210000074,0,166,-166
210000075,1,94,-93
210000076,35,218,-183
210000077,141,55,86
210000078,88,35,53
210000079,196,34,162
210000080,629,98,531
210000081,417,31,386
210000082,462,7,455
210000083,195,3,192
210000084,70,0,70
210000085,1,168,-167
210000086,6,228,-222
210000099,68,489,-421
210000100,76,410,-334
210000101,94,496,-402
210000105,49,525,-476
210000159,1,286,-285
210000163,223,352,-129
210000164,450,273,177
210000168,315,56,259
210000187,0,22,-22
210000188,0,43,-43
210000214,60,0,60
210000219,33,81,-48
210000220,113,141,-28
210000232,5,30,-25
210000233,55,111,-56
210000234,44,303,-259
210000235,72,281,-209
210000245,3,89,-86
210000246,31,4,27
210000258,15,143,-128
210000259,468,70,398
210000282,124,390,-266
210000285,3,179,-176
210000286,22,247,-225
210000290,4,9,-5
210000295,75,304,-229
210000296,146,104,42
210000320,246,155,91
210000321,105,179,-74
210000338,272,142,130
210000339,676,2089,-1413
210000340,248,892,-644
210000341,286,586,-300
210000342,266,362,-96
210000343,434,346,88
210000344,857,251,606
210000345,480,535,-55
210000346,212,254,-42
210000347,661,80,581
210000348,426,25,401
210000349,482,30,452
210000350,202,96,106
210000351,202,174,28
210000352,101,209,-108
210000353,67,232,-165
210000354,95,184,-89
210000355,120,210,-90
210000356,238,91,147
210000357,145,81,64
210000358,550,258,292
210000359,346,112,234
210000360,384,177,207
210000361,274,211,63
210000362,340,363,-23
210000363,1154,393,761
210000364,212,294,-82
210000365,211,114,97
210000366,191,147,44
210000367,127,87,40
210000368,249,73,176
210000369,101,20,81
210000370,124,72,52
210000372,148,72,76
210000373,293,54,239
210000374,138,36,102
210000375,45,129,-84
210000376,160,224,-64
210000404,95,348,-253
210000439,81,156,-75
210000472,399,15,384
210000482,142,172,-30
210000564,701,570,131
210000567,0,23,-23
210000568,1036,8,1028
211000092,25,70,-45
211000094,17,6,11
211000169,277,23,254
211000172,14,339,-325
211000209,7,17,-10
211000226,27,31,-4
211000270,15,10,5
211000275,30,40,-10
211000276,97,35,62
211000279,21,62,-41
211000281,36,80,-44
211507980,3,61,-58
211977296,117,12,105
212000003,346,131,215
212000004,276,48,228
212000005,65,55,10
212000006,115,121,-6
212000008,181,205,-24
212000009,36,171,-135
212000012,98,131,-33
212000013,26,111,-85
212000014,358,227,131
212000015,348,332,16
212000016,684,784,-100
212000027,609,857,-248
212000028,349,747,-398
212000029,230,587,-357
212000030,44,67,-23
212000031,64,105,-41
212000048,60,216,-156
212000049,21,145,-124
212000050,31,14,17
212000051,212,293,-81
212000052,222,518,-296
212000053,473,930,-457
212000054,199,232,-33
212000055,227,435,-208
212000056,21,97,-76
212000057,12,61,-49
212000058,612,72,540
212000070,150,438,-288
212000077,183,1066,-883
212000099,303,482,-179
212000108,413,451,-38
212000111,255,216,39
212000120,245,114,131
212000138,356,46,310
212000156,33,197,-164
212000158,12,12,0
212000159,341,104,237
212000160,577,427,150
212000161,88,20,68
212000310,54,25,29
212000311,8,137,-129
212000374,49,18,31
213000001,62,887,-825
213000005,684,258,426
213000006,1655,378,1277
213000007,438,16,422
213000009,935,635,300
213000010,241,408,-167
213000011,458,239,219
213000012,256,653,-397
213000014,94,12,82
213000015,263,15,248
213000016,474,11,463
213000017,125,1,124
213000018,4,278,-274
213000019,2,264,-262
213000020,175,724,-549
213000021,6,158,-152
213000023,383,357,26
213000033,459,2215,-1756
213000034,969,559,410
213000035,94,554,-460
213000045,230,424,-194
213000046,245,318,-73
213000047,903,1373,-470
213000056,105,142,-37
213000069,196,5,191
213000073,8,44,-36
213000074,148,850,-702
213000075,1058,20,1038
213000076,57,7,50
213000085,8,58,-50
213000086,36,341,-305
213000091,182,24,158
213000092,64,17,47
213000099,258,1421,-1163
213000100,1733,445,1288
213000101,338,276,62
213000102,434,557,-123
213000103,1285,1451,-166
213000104,66,719,-653
213000105,8,93,-85
213000106,25,286,-261
213000107,191,1101,-910
213000108,35,900,-865
213000109,10,366,-356
213000110,7,110,-103
213000111,19,90,-71
213000112,202,177,25
213000115,52,16,36
213000116,90,1277,-1187
213000117,15,1843,-1828
213000118,639,525,114
213000119,136,1451,-1315
213000120,136,1126,-990
213000122,348,1224,-876
213000123,1000,2783,-1783
213000124,201,2297,-2096
213000125,195,14,181
213000126,172,149,23
213000127,268,254,14
213000128,1160,1464,-304
213000129,761,1122,-361
213000130,464,495,-31
213000132,355,199,156
213000133,597,193,404
213000134,1484,40,1444
213000136,464,38,426
213000137,761,178,583
213000139,588,64,524
213000147,279,4,275
213000148,49,6,43
213000149,334,17,317
213000150,0,173,-173
213000151,20,133,-113
213000152,5,111,-106
213000153,3,79,-76
213000154,37,339,-302
213000155,45,580,-535
213000156,132,1034,-902
213000157,1210,717,493
213000158,473,1402,-929
213000159,614,1141,-527
213000163,755,171,584
213000165,950,456,494
213000171,2,187,-185
213000172,2,565,-563
213000173,0,401,-401
213000174,2,311,-309
213000175,6,180,-174
213000176,45,36,9
213000177,76,17,59
213000178,128,13,115
213000179,179,3,176
213000180,149,0,149
213000184,157,1001,-844
213000188,569,130,439
213000189,448,76,372
213000190,1282,1390,-108
213000191,369,939,-570
213000192,247,955,-708
213000193,2575,385,2190
213000194,3,43,-40
213000195,24,631,-607
213000196,318,1756,-1438
213000197,407,1466,-1059
213000198,206,1,205
213000200,160,1698,-1538
213000201,121,69,52
213000202,29,1506,-1477
213000203,5062,1199,3863
213000204,669,202,467
213000205,336,313,23
213000206,1004,190,814
213000207,287,30,257
213000208,283,4,279
213000209,375,5,370
213000210,1202,14,1188
213000211,54,12,42
213000212,67,27,40
213000213,55,36,19
213000218,402,1329,-927
213000219,778,26,752
213000220,741,9,732
213000223,514,325,189
213000224,139,80,59
213000225,106,12,94
213000226,122,22,100
213000227,1248,478,770
213000228,368,172,196
213000229,516,46,470
213000230,494,79,415
213000232,209,717,-508
213000233,26,114,-88
213000234,2,86,-84
213000293,51,60,-9
213000294,376,22,354
213000295,51,64,-13
213000296,67,68,-1
213000297,10,235,-225
213000298,49,209,-160
213000299,98,73,25
213000300,10,6,4
213000303,9,54,-45
213000304,9,9,0
213000305,3,15,-12
213000306,452,37,415
213000307,1347,96,1251
213000308,181,368,-187
213000309,292,90,202
213000310,834,164,670
213000311,381,1244,-863
213000315,91,196,-105
213000316,161,110,51
213000322,150,215,-65
213000323,81,126,-45
213000324,79,114,-35
213000325,45,245,-200
213000326,57,69,-12
213000327,49,141,-92
213000328,34,194,-160
213000329,129,83,46
213000340,192,1325,-1133
213000341,450,213,237
213000346,363,275,88
213000347,1347,568,779
213000348,18,185,-167
213000349,32,13,19
213000350,447,2249,-1802
213000366,92,635,-543
213000367,245,57,188
213000379,136,159,-23
213000386,32,339,-307
213000406,81,722,-641
213000417,2148,788,1360
213000425,151,55,96
213000426,159,121,38
213000427,59,608,-549
213000428,109,346,-237
213000429,13,6,7
213000430,134,1347,-1213
213000431,48,4,44
213000432,3,31,-28
213000433,31,336,-305
213000434,86,205,-119
213000435,96,155,-59
213000436,26,122,-96
213000437,5,53,-48
213000438,179,128,51
213000439,119,17,102
213000440,8,487,-479
213000441,1,5,-4
213000442,2,67,-65
213000443,787,798,-11
213000444,39,90,-51
213000445,0,156,-156
213000446,0,39,-39
213000447,13,157,-144
213000448,14,167,-153
213000449,311,5,306
213000450,36,90,-54
213000451,396,133,263
213000452,39,30,9
213000453,57,501,-444
213000455,653,79,574
213000456,4,388,-384
213000481,9,22,-13
213000482,79,5,74
213000489,576,258,318
213000491,0,208,-208
213000492,1362,73,1289
213000493,1,285,-284
213000494,279,317,-38
213000495,0,234,-234
213000496,390,417,-27
213000497,60,540,-480
213000498,158,402,-244
213000499,224,1017,-793
213000500,474,179,295
213000501,137,47,90
213000502,615,152,463
213000503,13,150,-137
213000504,16,273,-257
213000505,31,5,26
213000506,0,13,-13
213000507,3,192,-189
213900016,0,22,-22
213900244,58,1,57
213900245,0,40,-40
218000003,62,35,27
218000004,60,50,10
218000005,65,42,23
218000006,127,63,64
218000007,13,26,-13
218000012,613,367,246
218000013,170,284,-114
218000014,650,628,22
218000019,1082,1028,54
218000020,420,1043,-623
218000021,63,100,-37
218000022,19,53,-34
218000023,6,73,-67
218000024,5,41,-36
218000025,23,29,-6
218000026,17,89,-72
218000027,1,28,-27
218000028,2,6,-4
218000029,7,5,2
218000030,32,56,-24
218000031,7,71,-64
218000032,26,60,-34
218000040,5,5,0
218000046,59,95,-36
218000047,16,155,-139
218000048,86,171,-85
218000049,160,158,2
218000050,441,319,122
218000051,107,339,-232
218000052,3,178,-175
218000053,1,13,-12
218000054,21,36,-15
218000055,3,19,-16
218000056,18,21,-3
218000057,2,22,-20
218000064,4,10,-6
218000065,59,106,-47
218000066,13,124,-111
218000067,61,139,-78
218000068,147,190,-43
218000069,169,239,-70
218000070,191,438,-247
218000071,209,336,-127
218000072,388,401,-13
218000078,1078,1767,-689
218000079,110,137,-27
218000080,114,149,-35
218000081,350,475,-125
218000082,77,248,-171
218000083,113,110,3
218000084,159,247,-88
218000085,176,648,-472
218000086,77,279,-202
218000087,219,276,-57
218000090,14,173,-159
218000091,1191,921,270
218000092,130,216,-86
218000093,112,108,4
218000094,657,1062,-405
218000099,433,932,-499
218000100,364,502,-138
218000101,349,212,137
218000102,383,345,38
218000103,161,303,-142
218000104,105,82,23
218000105,55,14,41
218000106,20,17,3
218000107,58,100,-42
218000108,6,68,-62
218000112,113,21,92
218000117,56,100,-44
218000134,925,1368,-443
218000135,145,189,-44
218000136,310,115,195
218000137,278,164,114
218000138,49,127,-78
218000139,254,401,-147
218000140,646,329,317
218000141,183,87,96
218000142,197,283,-86
218000143,164,345,-181
218000144,138,124,14
218000145,359,592,-233
218000146,56,228,-172
218000151,77,39,38
218000152,132,56,76
218000153,10,11,-1
218000154,22,4,18
218000155,19,5,14
218000156,54,22,32
218000157,47,25,22
218000158,4,17,-13
218000159,10,8,2
218000160,8,3,5
218000161,29,7,22
218000162,46,13,33
218000163,15,4,11
218000164,42,13,29
218000165,89,70,19
218000170,7,64,-57
218000171,81,16,65
218000172,47,24,23
218000173,50,22,28
218000174,67,6,61
218000176,128,53,75
218000177,329,325,4
218000178,96,373,-277
218000179,87,157,-70
218000180,80,69,11
218000181,207,74,133
218000187,14,39,-25
218000188,68,84,-16
218000189,40,105,-65
218000190,26,45,-19
218000191,126,114,12
218000192,230,541,-311
218000193,554,725,-171
218000194,102,640,-538
218000195,171,162,9
218000196,402,466,-64
218000197,302,474,-172
218000198,11,219,-208
218000199,66,29,37
218000200,106,53,53
218000201,8,3,5
218000202,354,440,-86
218000207,7,78,-71
218000208,104,105,-1
218000211,84,23,61
218000212,2,5,-3
218000213,133,74,59
218000214,6,30,-24
218000215,61,104,-43
218000217,1,147,-146
218000218,345,150,195
218000219,168,47,121
218000220,609,432,177
218000221,4689,335,4354
218000222,135,46,89
218000223,62,340,-278
218000224,10,198,-188
218000225,244,39,205
218000226,125,108,17
218000230,1,5,-4
218000232,64,163,-99
218000239,248,17,231
218000240,38,3,35
218000241,93,0,93
218000242,138,3,135
218000243,201,8,193
218000244,238,2,236
218000245,43,0,43
218000246,0,1,-1
218000247,0,0,0
218000248,0,37,-37
218000249,2,1,1
218000250,7,32,-25
218000251,8,106,-98
218000252,4,65,-61
218000253,5,23,-18
218000254,1,46,-45
218000255,4,20,-16
218000256,20,80,-60
218000267,1214,1830,-616
218000268,40,108,-68
218000269,12,24,-12
218000270,97,61,36
218000271,27,101,-74
218000273,9,16,-7
218000274,11,14,-3
218000275,21,61,-40
218000276,18,56,-38
218000278,42,55,-13
218000279,79,70,9
218000280,40,49,-9
218000281,31,17,14
218000282,799,560,239
218000284,161,61,100
218000301,138,182,-44
218000302,145,87,58
218000303,55,91,-36
218000316,890,2178,-1288
218000317,1066,2184,-1118
218000318,571,1440,-869
218000319,1352,2343,-991
218000320,1041,1285,-244
218000338,143,40,103
218000345,270,62,208
218000346,141,345,-204
218000459,65,348,-283
218000490,134,72,62
218000501,96,62,34
218000502,48,128,-80
218000503,133,32,101
218000504,249,34,215
218000505,82,211,-129
218000506,37,286,-249
218000508,0,2,-2
218000510,292,19,273
218000520,214,134,80
218000521,18,137,-119
218000522,0,162,-162
218000523,280,10,270
218000524,82,274,-192
218000525,241,19,222
218000526,46,168,-122
218000529,58,479,-421
218000530,9,6,3
218000531,13,38,-25
218000532,66,30,36
218000534,139,16,123
218000537,50,95,-45
218000538,148,178,-30
218000540,310,74,236
218000543,239,94,145
218000544,114,160,-46
218000545,79,104,-25
218000546,123,190,-67
218000547,129,176,-47
218000548,161,259,-98
218000549,609,387,222
218000550,221,553,-332
218000551,305,852,-547
218000552,824,57,767
218000553,38,131,-93
218000554,73,34,39
218000555,39,49,-10
218000556,144,572,-428
218000557,299,244,55
218000558,158,1,157
218000559,0,47,-47
218000560,0,31,-31
218000561,40,0,40
218000562,60,240,-180
218000563,306,29,277
218000564,26,148,-122
218000565,252,48,204
218000566,446,61,385
218000567,4,75,-71
218000568,21,3,18
218000569,15,208,-193
218000570,194,14,180
218000571,0,122,-122
218000572,217,3,214
218000573,21,136,-115
218000574,127,94,33
218000575,176,4,172
218000576,0,65,-65
218000577,499,2,497
218000578,0,74,-74
218000579,97,33,64
218000581,6,88,-82
218000582,99,6,93
218000583,12,0,12
218000584,0,25,-25
218000585,134,2,132
218000586,16,50,-34
218000587,1,1,0
218000588,5,3,2
218000589,1,7,-6
218000590,9,1,8
218000591,3,13,-10
218000592,2,0,2
218000593,0,0,0
218000594,0,1,-1
218000595,0,0,0
218000596,0,0,0
218000597,0,0,0
218000598,0,0,0
218000599,0,0,0
218000600,7,8,-1
218000601,0,1,-1
218000602,1,7,-6
218000603,0,6,-6
218000604,38,0,38
218000605,0,39,-39
218000606,101,2,99
218000607,16,54,-38
218000608,132,39,93
218000609,7,58,-51
218000610,230,7,223
218000611,156,9,147
218000612,0,41,-41
218000613,49,2,47
218000614,23,49,-26
218000615,334,0,334
218000616,15,134,-119
218000617,39,3,36
218000618,3,20,-17
218000619,67,50,17
218000620,13,18,-5
218000621,0,6,-6
218000622,0,10,-10
218000623,67,3,64
218000624,13,43,-30
218000625,49,6,43
218000626,1,4,-3
218000628,151,66,85
218000631,27,16,11
218000632,2,113,-111
218000633,124,3,121
218000634,6,24,-18
218000635,29,10,19
218000636,1125,2367,-1242
218000637,992,1076,-84
218000638,182,98,84
218000639,12,281,-269
218000640,298,51,247
218000641,92,490,-398
218000652,86,122,-36
218000653,192,163,29
218000663,12,213,-201
218000675,73,61,12
218000676,7,46,-39
218000677,3,13,-10
218000680,238,758,-520
218000681,464,207,257
218000691,136,533,-397
218000693,210,254,-44
218000703,12,110,-98
218000718,1525,1006,519
218000719,2369,474,1895
218000720,34,146,-112
218000721,166,29,137
218000725,8,9,-1
218001214,12,65,-53
218001258,18,3,15
218001329,173,185,-12
218001330,178,136,42
218001351,40,21,19
218001352,28,19,9
218001353,13,15,-2
218001354,14,13,1
218001355,63,4,59
218001356,97,6,91
218001357,57,3,54
218001358,61,2,59
218001361,60,21,39
219000001,37,68,-31
219000002,70,83,-13
219000003,37,33,4
219000004,104,42,62
219000017,699,32,667
219000020,157,66,91
219000022,224,15,209
219000023,157,0,157
219000029,1,117,-116
219000034,128,19,109
219000039,68,140,-72
219000040,119,49,70
219000041,265,53,212
219000051,1,48,-47
219000052,0,30,-30
219000053,2,235,-233
219000054,54,210,-156
219000055,158,5,153
219000056,105,0,105
219000057,255,1,254
219000062,20,267,-247
219000063,81,8,73
219000064,0,87,-87
219000110,500,71,429
219000111,115,57,58
219000112,252,70,182
219000113,192,91,101
219000114,379,172,207
219000116,103,62,41
219000117,208,130,78
219000118,176,86,90
219000123,330,189,141
219000124,123,93,30
219000125,16,38,-22
219000126,103,168,-65
219000127,0,10,-10
219000128,18,153,-135
219000129,41,162,-121
219000130,1076,942,134
219000131,1145,1263,-118
219000133,83,62,21
219000134,10,17,-7
219000135,51,82,-31
219000136,180,208,-28
219000138,100,35,65
219000139,25,80,-55
219000140,46,25,21
219000141,18,138,-120
219000142,26,196,-170
219000143,29,162,-133
219000145,36,105,-69
219000146,8,95,-87
219000147,3,97,-94
219000148,5,87,-82
219000149,25,196,-171
219000150,5,189,-184
219000151,7,92,-85
219000157,273,259,14
219000158,267,394,-127
219000161,230,12,218
219000163,2533,744,1789
219000166,218,252,-34
219000167,126,337,-211
219000168,451,159,292
219000174,524,156,368
219000175,89,6,83
219000176,76,15,61
219000177,25,4,21
219000178,40,2,38
219000179,12,10,2
219000180,48,49,-1
219000182,143,45,98
219000183,68,68,0
219000184,129,24,105
219000185,4,114,-110
219000186,40,67,-27
219000187,41,156,-115
219000189,184,219,-35
219000190,182,316,-134
219000191,2112,1921,191
219000192,253,186,67
219000193,494,202,292
219000195,1,118,-117
219000196,7,211,-204
219000198,43,230,-187
219000199,169,446,-277
219000200,82,323,-241
219000201,107,390,-283
219000203,50,193,-143
219000204,211,262,-51
219000205,73,266,-193
219000207,275,410,-135
219000209,40,143,-103
219000210,309,186,123
219000213,8,405,-397
219000239,308,370,-62
219000240,339,530,-191
219000241,195,336,-141
219000242,142,288,-146
219000243,163,450,-287
219000244,45,135,-90
219000245,51,78,-27
219000246,69,29,40
219000247,132,73,59
219000248,977,460,517
219000249,297,91,206
219000250,220,158,62
219000251,897,327,570
219000252,389,209,180
219000253,492,93,399
219000255,153,163,-10
219000256,188,112,76
219000257,269,14,255
219000262,131,314,-183
219000263,54,369,-315
219000267,5,177,-172
219000268,9,8,1
219000269,23,2,21
219000270,14,2,12
219000271,151,33,118
219000278,0,14,-14
219000279,0,1,-1
219000283,0,11,-11
219000295,9,161,-152
219000296,94,783,-689
219000297,27,261,-234
219000298,28,337,-309
219000299,598,219,379
219000300,41,409,-368
219000301,315,495,-180
219000302,71,361,-290
219000307,86,83,3
219000308,47,33,14
219000311,243,75,168
219000312,738,150,588
219000313,399,83,316
219000314,100,910,-810
219000315,269,92,177
219000316,632,96,536
219000317,114,52,62
219000320,0,78,-78
219000321,0,29,-29
219000323,12,143,-131
219000325,4,53,-49
219000326,81,153,-72
219000327,175,61,114
219000328,87,103,-16
219000329,387,216,171
219000330,86,59,27
219000331,94,56,38
219000332,108,124,-16
219000333,22,10,12
219000335,139,4,135
219000337,45,3,42
219000338,214,2,212
219000344,38,124,-86
219000345,75,174,-99
219000346,56,224,-168
219000348,179,291,-112
219000349,48,313,-265
219000350,91,206,-115
219000351,10,9,1
219000352,389,126,263
219000353,169,73,96
219000354,154,188,-34
219000355,162,68,94
219000356,2724,1463,1261
219000363,399,72,327
219000364,97,62,35
219000365,175,34,141
219000366,431,622,-191
219000368,746,622,124
219000370,2041,529,1512
219000371,22,40,-18
219000382,13,18,-5
219000383,1097,1237,-140
219000385,914,829,85
219000386,1354,2358,-1004
219000387,18,6,12
219000390,21,14,7
219000391,7,0,7
219000397,140,138,2
219000398,101,44,57
219000401,12,138,-126
219000402,34,128,-94
219000403,190,314,-124
219000404,20,122,-102
219000407,4,61,-57
219000409,87,69,18
219000410,112,56,56
219000411,84,16,68
219000446,261,718,-457
219000447,1,29,-28
219000448,23,6,17
219000452,156,72,84
219000453,84,209,-125
219000454,483,321,162
219000556,259,153,106
219000558,232,318,-86
219000590,41,257,-216
219000591,93,121,-28
219000592,221,609,-388
219000595,7,46,-39
219000635,142,108,34
219000636,31,125,-94
219000657,38,24,14
219000658,72,99,-27
219000673,0,24,-24
219000676,316,7,309
219000679,135,12,123
219000684,233,0,233
219000685,1,83,-82
219000686,1,3,-2
219000688,0,108,-108
219000689,42,339,-297
219000690,267,55,212
219000691,80,310,-230
219000692,209,45,164
219000693,0,28,-28
219000694,11,1,10
219000695,28,6,22
219000698,145,0,145
219000699,0,17,-17
219000727,3,214,-211
219000728,112,15,97
219000770,85,2,83
219000771,0,48,-48
219000788,457,257,200
219001150,0,50,-50
219001151,5,7,-2
219001166,54,32,22
219001167,3,117,-114
219001178,32,0,32
220000001,129,89,40
220000002,19,256,-237
220000003,933,366,567
220000004,1599,846,753
220000005,2460,2648,-188
220000006,330,1236,-906
220000007,473,780,-307
220000008,507,1387,-880
220000009,370,693,-323
220000010,311,289,22
220000011,1446,5781,-4335
220000012,141,929,-788
220000014,172,50,122
220000015,143,249,-106
220000017,56,651,-595
220000018,9882,4692,5190
220000019,182,434,-252
220000020,690,408,282
220000021,613,302,311
220000022,756,708,48
220000023,317,261,56
220000024,2874,471,2403
220000025,1954,1387,567
220000026,397,339,58
220000027,32,145,-113
220000028,74,70,4
220000029,111,361,-250
220000030,198,123,75
220000031,629,532,97
220000064,57,1226,-1169
221000046,10,0,10
221000047,0,4,-4
221000048,0,0,0
221000049,0,14,-14
221000050,30,0,30
221000055,89,88,1
221000057,72,15,57
221000068,472,212,260
221000069,433,127,306
221000070,271,56,215
221000071,110,18,92
221000072,442,24,418
221000073,269,103,166
221000074,1,45,-44
221000075,62,33,29
221000076,19,53,-34
221000077,61,141,-80
221000081,59,16,43
221000082,73,21,52
221000083,84,9,75
221000084,1,7,-6
221000085,34,102,-68
221000086,24,203,-179
221000087,9,260,-251
221000088,18,254,-236
221000089,60,406,-346
221000090,216,811,-595
221000098,186,27,159
221000099,220,21,199
221000100,105,14,91
221000101,251,23,228
221000102,170,31,139
221000109,20,143,-123
221000110,14,151,-137
221000111,28,263,-235
221000112,7,198,-191
221000113,27,243,-216
221000114,20,244,-224
221000120,80,34,46
221000121,22,60,-38
221000122,126,61,65
221000123,22,16,6
221000124,62,316,-254
221000155,134,27,107
221000156,146,42,104
221000175,1,11,-10
221000176,1,1,0
221000182,81,18,63
221000241,644,402,242
221000242,367,654,-287
221000243,784,259,525
221000244,361,632,-271
221000245,119,117,2
221000246,77,329,-252
221000247,101,145,-44
221000248,249,183,66
221000267,144,1134,-990
221000325,68,82,-14
221000331,81,154,-73
221000338,143,38,105
221000378,240,43,197
221000381,108,67,41
222000282,19,3,16
222000296,8,51,-43
222000568,414,30,384
222000569,156,45,111
222000570,144,28,116
222000571,470,33,437
222000577,25,334,-309
222000578,42,255,-213
222000579,67,191,-124
222000580,194,1304,-1110
222000599,2,213,-211
222000600,6,364,-358
222000601,9,1373,-1364
222000603,29,59,-30
222000604,10,59,-49
222000605,65,24,41
222000606,11,9,2
222000607,19,3,16
222000608,48,16,32
222000609,64,345,-281
222000616,238,67,171
222000617,19,15,4
222000618,9,12,-3
222000620,92,28,64
222000621,128,10,118
222000623,623,5,618
222000624,309,6,303
222000625,508,49,459
222000636,98,7,91
222000686,74,18,56
222000687,56,46,10
222001066,675,2,673
222001067,18,17,1
222001068,37,117,-80
222001069,37,137,-100
222001082,28,52,-24
222001083,18,96,-78
222001084,0,23,-23
222001085,0,289,-289
222001111,73,276,-203
222001112,114,110,4
222001313,74,6,68
222001314,5,153,-148
222001464,204,98,106
222001465,34,150,-116
222001484,133,112,21
222001485,28,63,-35
222001494,388,206,182
222001495,150,449,-299
222001496,292,115,177
222001497,100,800,-700
222001502,20,148,-128
222001503,106,70,36
222001504,34,435,-401
222001505,341,32,309
222001506,36,349,-313
222001507,369,71,298
222001510,409,65,344
222001511,57,568,-511
222001514,753,258,495
222001515,350,944,-594
222001518,283,74,209
222001519,50,434,-384
222001527,369,147,222
222001528,75,207,-132
222001529,192,53,139
222001530,55,330,-275
222001533,185,493,-308
222001534,365,133,232
222001535,166,247,-81
222001536,144,419,-275
222001537,291,49,242
222001538,122,883,-761
222001563,532,112,420
222001564,77,846,-769
222001568,380,177,203
222001576,5,4,1
222001579,6,16,-10
222001583,79,253,-174
222001584,105,16,89
222001596,972,2076,-1104
222001597,1812,351,1461
222001626,0,236,-236
222001650,111,132,-21
222001651,202,439,-237
222001914,251,104,147
222001915,90,345,-255
222001968,528,249,279
222001969,477,1073,-596
222001970,427,445,-18
222001971,15,75,-60
222001972,2,39,-37
225000001,687,269,418
225000002,637,237,400
225000003,601,180,421
225000004,388,538,-150
225000005,53,124,-71
225000006,1,227,-226
225000007,4281,1925,2356
225000010,433,11,422
225000011,820,2142,-1322
225000012,271,996,-725
225000013,276,332,-56
225000014,2254,165,2089
225000015,172,448,-276
225000021,1140,463,677
225000027,398,876,-478
225000032,998,265,733
225000042,149,1312,-1163
225000049,58,80,-22
225000050,81,23,58
225000053,4,671,-667
225000058,1199,234,965
225000067,242,278,-36
225000068,182,753,-571
225000069,158,878,-720
225000070,81,699,-618
225000071,64,363,-299
225000075,61,1564,-1503
225000076,166,248,-82
225000078,266,122,144
225000085,67,214,-147
225000086,947,89,858
225000087,291,100,191
225000088,11,281,-270
225000089,477,1367,-890
225000090,49,619,-570
225000091,183,297,-114
225000092,47,98,-51
225000093,203,493,-290
225000094,13,657,-644
225000095,458,804,-346
225000096,432,785,-353
225000098,929,336,593
225000099,457,202,255
225000100,273,216,57
225000104,170,650,-480
225000110,24,787,-763
225000111,407,2008,-1601
225000112,942,1596,-654
225000113,320,873,-553
225000114,186,480,-294
225000115,3537,987,2550
225000116,1505,341,1164
225000117,1277,697,580
225000118,1365,560,805
225000119,328,193,135
225000120,964,136,828
225000121,352,50,302
225000123,3041,38,3003
225000125,627,444,183
225000126,1657,418,1239
225000127,1249,1619,-370
225000128,512,1050,-538
225000132,235,63,172
225000133,425,60,365
225000134,835,166,669
225000135,68,13,55
225000136,266,31,235
225000137,211,92,119
225000138,517,113,404
225000143,165,275,-110
225000144,12,565,-553
225000145,76,161,-85
225000146,42,195,-153
225000147,26,538,-512
225000148,21,377,-356
225000149,108,693,-585
225000151,35,526,-491
225000155,430,768,-338
225000156,552,1350,-798
225000157,433,606,-173
225000158,113,546,-433
225000171,5,239,-234
225000180,76,40,36
225000181,0,106,-106
225000182,106,25,81
225000185,13,562,-549
225000187,81,751,-670
225000191,117,0,117
225000194,1,25,-24
225000208,2,69,-67
225000209,108,36,72
225000210,7,593,-586
225000217,1,23,-22
225000218,22,1,21
225000223,1,98,-97
225000224,342,0,342
225000225,16,97,-81
225000226,450,1,449
225000227,85,153,-68
225000228,15,18,-3
225000229,0,99,-99
225000230,58,0,58
225000231,0,135,-135
225000232,155,0,155
225000241,110,2,108
225000242,2,53,-51
225000249,10,1,9
225000250,51,1439,-1388
225000251,445,46,399
225000254,46,2,44
225000256,82,115,-33
225000257,2,390,-388
226000042,779,714,65
226000043,143,345,-202
226000044,422,914,-492
226000045,118,630,-512
226000046,667,259,408
226000047,679,167,512
226000048,589,142,447
226000049,496,297,199
226000070,0,156,-156
226000071,0,136,-136
226000072,0,27,-27
226000073,3,38,-35
226000074,0,38,-38
226000084,2,75,-73
226000085,2,11,-9
226000086,7,20,-13
226000087,2,21,-19
226000088,124,74,50
226000090,493,113,380
226000091,48,24,24
226000092,5,7,-2
226000093,53,3,50
226000094,51,9,42
226000095,58,4,54
226000105,58,0,58
226000106,44,1,43
226000107,18,0,18
226000108,89,0,89
226000109,91,0,91
226000124,329,138,191
226000134,547,745,-198
226000135,1241,1143,98
226000136,423,738,-315
226000137,17,761,-744
226000138,50,488,-438
226000139,6,25,-19
226000156,128,2,126
226000157,209,13,196
226000163,138,86,52
226000202,6,891,-885
226000231,269,3,266
226000232,119,9,110
227000033,306,78,228
227000036,264,69,195
227000037,239,38,201
227000038,255,85,170
227000084,0,68,-68
227000085,0,66,-66
227000088,200,8,192
227000089,187,4,183
227000090,138,0,138
227000091,26,0,26
227000092,54,2,52
227000093,268,1,267
227000094,13,0,13
227000130,26,99,-73
227000131,22,301,-279
227000132,10,290,-280
227000133,20,306,-286
227000134,25,440,-415
227000152,0,7,-7
227000153,1,51,-50
227000154,1,26,-25
227000155,0,23,-23
227000156,1,19,-18
227000165,15,37,-22
227000196,304,568,-264
227000199,281,956,-675
227000230,61,858,-797
227000232,494,23,471
227000242,74,605,-531
227000243,548,124,424
227000245,17,451,-434
227000246,127,621,-494
227000247,327,123,204
227000248,143,35,108
227000249,33,229,-196
227000250,811,164,647
227000251,232,242,-10
227000252,28,437,-409
227000253,73,37,36
227000262,263,80,183
227000266,983,17,966
227000267,42,3400,-3358
227000282,5,433,-428
227000284,452,39,413
227000286,2,131,-129
227000287,11,202,-191
227000291,29,961,-932
227000296,498,433,65
227000484,392,39,353
227000485,32,1334,-1302
227000655,106,35,71
227000656,685,66,619
227000657,93,33,60
227000661,408,30,378
229000265,32,102,-70
229000266,0,0,0
229000267,0,0,0
229000268,4,0,4
229000269,7,0,7
229000274,0,3,-3
229000275,0,3,-3
229000276,1,3,-2
229000277,1,0,1
229000278,0,1,-1
229000295,2,6,-4
229000296,2,32,-30
229000297,9,110,-101
229000298,14,325,-311
229000320,29,10,19
229000321,34,8,26
229000412,73,117,-44
229000414,11,99,-88
229000415,11,0,11
229000416,2,4,-2
229000417,4,18,-14
229000419,210,578,-368
229000440,372,135,237
229000442,16,14,2
229000443,2,5,-3
229000444,3,46,-43
229000445,81,21,60
229000446,147,15,132
229000491,3,36,-33
229000492,18,221,-203
229000493,5,140,-135
229000494,24,2,22
229000495,99,9,90
229000496,68,7,61
229000507,1,92,-91
229000508,0,61,-61
229000509,1,88,-87
229000510,7,46,-39
229000511,6,75,-69
229000512,1,41,-40
229000513,0,7,-7
229000514,1,11,-10
229000517,0,15,-15
229000518,15,41,-26
229000519,0,10,-10
229000520,13,47,-34
229000521,40,24,16
229000522,11,10,1
229000523,17,9,8
229000524,2,7,-5
229000527,6,1,5
229000528,0,0,0
229000529,10,0,10
229000530,99,1,98
229000531,74,2,72
229000532,73,1,72
229000533,111,1,110
229000534,42,0,42
229000564,29,0,29
229000565,14,1,13
229000566,1,25,-24
229000567,3,80,-77
229000582,107,2,105
229000583,17,3,14
229000584,0,46,-46
229000585,7,108,-101
229000718,0,2,-2
229000719,0,1,-1
229000720,0,6,-6
229000721,0,6,-6
229000722,0,28,-28
229000723,1,17,-16
229000724,0,4,-4
229000725,0,14,-14
229000738,1,0,1
229000739,1,0,1
229000740,0,0,0
229000741,10,0,10
229000742,8,0,8
229000743,42,0,42
229000744,5,0,5
229000745,3,0,3
229000746,45,0,45
229000847,51,0,51
229000848,22,0,22
229000849,167,1,166
229000851,32,0,32
229000854,0,50,-50
229000856,4,164,-160
229000857,0,41,-41
229000858,0,133,-133
229000919,22,155,-133
229000930,2,384,-382
229000937,83,35,48
229000966,75,35,40
229000981,24,56,-32
229000985,15,82,-67
229000986,5,8,-3
229000987,0,7,-7
229000988,3,6,-3
229000989,36,32,4
229000990,1,1,0
229000991,2,3,-1
229000992,21,18,3
229000993,398,30,368
229000998,10,145,-135
229000999,96,18,78
229001034,0,39,-39
229001035,20,1,19
229001036,0,4,-4
229001037,69,22,47
229001038,0,1,-1
229001039,5,0,5
229001040,0,16,-16
229001041,20,0,20
229001042,15,36,-21
229001047,3,121,-118
229001050,39,89,-50
229001168,0,14,-14
229001200,13,1,12
229001338,4,34,-30
229001394,324,5,319
229001422,139,30,109
229001423,75,217,-142
229001431,63,69,-6
229001432,85,120,-35
229001444,156,98,58
229001445,95,335,-240
229001479,10,8,2
229001503,221,128,93
229001504,127,256,-129
229001505,99,65,34
229001506,79,200,-121
229001509,66,62,4
229001510,0,7,-7
229001545,77,11,66
229001546,12,124,-112
229001553,93,17,76
229001554,43,146,-103
229001630,114,11,103
229001631,8,114,-106
229001635,0,16,-16
229001636,3,0,3
229001658,1,166,-165
229001659,82,6,76
229001660,3,5,-2
229001661,8,41,-33
229001662,36,2,34
229001663,0,26,-26
229002584,294,333,-39
229002831,415,363,52
229002841,42,30,12
229002842,22,33,-11
229002843,137,33,104
229002844,185,94,91
229002845,43,57,-14
229002846,19,32,-13
229002847,42,14,28
229002848,38,24,14
229002849,22,83,-61
229002850,6,1,5
229002851,138,120,18
229002852,207,33,174
229002853,173,32,141
229002854,242,61,181
229002855,22,20,2
229002856,75,30,45
229002857,13,41,-28
229002858,23,21,2
229002859,180,12,168
229002860,170,16,154
229002861,139,75,64
229002862,104,108,-4
229002863,24,19,5
229002864,26,55,-29
229002865,13,27,-14
229002866,15,31,-16
229002867,7,78,-71
229002868,27,7,20
229002869,38,195,-157
229002870,69,23,46
235000066,551,149,402
235000067,190,228,-38
235000072,28,90,-62
235000073,74,523,-449
235000074,35,109,-74
235000080,80,108,-28
235000081,157,167,-10
235000082,146,122,24
235000083,191,180,11
235000084,56,95,-39
235000085,57,111,-54
235000089,35,79,-44
235000092,7,208,-201
235000093,17,10,7
235000097,10,8,2
235000098,53,27,26
235000099,38,56,-18
235000116,86,31,55
235000117,1273,39,1234
235000133,16,408,-392
235000134,23,171,-148
235000206,12,18,-6
235000207,2,6,-4
235000208,3,1,2
235000209,10,2,8
235000210,10,1,9
235000212,2,29,-27
235000213,0,19,-19
235000220,3,3,0
235000221,118,15,103
235000238,20,54,-34
235000239,2,1,1
235000242,323,521,-198
235000245,907,256,651
235000246,15,76,-61
235000284,9,128,-119
235000295,131,31,100
235000305,319,33,286
235000306,158,13,145
235000307,21,7,14
235000308,44,6,38
235000309,49,0,49
235000310,135,0,135
235000311,403,7,396
235000322,0,40,-40
235000323,0,78,-78
235000324,4,27,-23
235000325,0,10,-10
235000326,12,314,-302
235000351,8,93,-85
235000352,40,58,-18
235000353,3,26,-23
235000354,7,57,-50
235000355,19,95,-76
235000356,100,12,88
235000357,37,16,21
235000358,70,14,56
235000359,14,6,8
235000360,198,46,152
235000361,98,3,95
235000381,110,289,-179
235000382,137,78,59
235000390,13,5,8
235000391,115,37,78
235000392,92,247,-155
235000393,65,170,-105
235000395,114,50,64
235000396,360,111,249
235000400,225,25,200
235000401,176,196,-20
235000405,171,361,-190
235000406,79,320,-241
235000407,82,104,-22
235000409,207,218,-11
235000410,59,285,-226
235000411,1,97,-96
235000485,0,9,-9
235000486,9,0,9
235000549,88,144,-56
235000550,83,275,-192
235000599,86,120,-34
235000600,8,36,-28
235000601,39,45,-6
235000602,65,222,-157
235000614,1,4,-3
235000648,0,43,-43
235000649,35,9,26
235000685,0,5,-5
235000815,11,27,-16
235000834,0,17,-17
235000855,46,74,-28
235000862,67,240,-173
235000891,0,11,-11
235000892,73,2,71
235000901,76,155,-79
235000907,13,12,1
235001010,55,141,-86
235001029,777,561,216
235001030,457,386,71
235001078,79,122,-43
235001079,99,130,-31
235001147,21,81,-60
235001166,26,128,-102
235001167,29,80,-51
235001169,51,483,-432
235001188,9,6,3
235001189,5,2,3
235001197,35,23,12
235001200,38,41,-3
235001207,237,14,223
235001210,67,132,-65
235001215,61,173,-112
235001239,1,60,-59
235001244,1,4,-3
235016267,0,66,-66
277101746,0,2,-2
277102712,0,0,0
277103813,0,0,0
277103898,0,6,-6
277104249,0,4,-4
277104250,0,28,-28
277104251,0,8,-8
277104252,0,4,-4
990011530,0,308,-308
990014944,4,716,-712
990015176,82,10,72
990015618,2,181,-179
990016032,3,744,-741
990032570,0,404,-404
990070001,91,3,88
990070103,0,4,-4
990070601,0,107,-107
990070751,509,1,508
990070766,2,907,-905
990071180,1039,350,689
990071343,57,4,53
990071387,0,12,-12
990071823,883,5,878
990072600,1,928,-927
990072964,2,693,-691
990073285,0,5,-5
990074393,1,1567,-1566
990074870,1180,15,1165
990075106,1296,8,1288
990075746,539,11,528
990076437,1220,12,1208
990076458,6,1398,-1392
997000007,515,80,435
997000041,0,202,-202
997000058,76,0,76
997000062,212,1,211
997000069,0,9,-9
997000070,1,123,-122
997000100,37,2,35
997000141,15,3909,-3894
997000198,6,1897,-1891
998000475,2,47,-45
998000736,1,328,-327
998000965,2,18,-16
998001031,0,94,-94
998001700,0,44,-44
998001899,0,0,0
998001900,18,3,15
998003073,1515,14,1501
998101900,0,0,0
998102850,1,148,-147
998501927,1063,689,374
998501929,146,4,142
998501930,68,0,68
998501931,123,5,118
998501932,15,3,12
998501933,154,28,126
998501937,43,22,21
998501944,13,0,13
998501950,0,0,0
998501970,74,8,66
998501971,1,127,-126
998501973,0,75,-75
998501974,1,344,-343
998501975,745,3,742
998501976,143,1,142
998501977,4,23,-19
998501978,65,0,65
998501979,0,16,-16
998501980,80,0,80
998501981,21,18,3
998501982,1,200,-199
998502006,0,0,0
998502024,0,3,-3
998502032,0,2,-2
998502062,31,4,27
998502063,0,0,0
998502173,12,0,12
998502269,0,2,-2
998601159,1,272,-271
998601292,0,29,-29
999033574,1,938,-937
999800001,93,29,64
999800002,0,9,-9
999800003,2,1,1
999800004,0,2,-2
999800005,0,11,-11
