ID,insum,outsum,diff
100000001,888,1244,-356
100000002,3974,3643,331
100000003,7516,6162,1354
100000004,1556,1568,-12
100000005,3104,5811,-2707
100000006,1118,302,816
100000007,2180,1000,1180
100000008,424,1070,-646
100000009,755,538,217
100000010,161,104,57
100000011,1631,206,1425
100000012,124,1280,-1156
100000013,107,425,-318
100000014,470,425,45
100000015,2213,3004,-791
100000016,1148,1819,-671
100000017,615,1313,-698
100000018,1776,951,825
100000019,5325,2822,2503
100000020,2807,8875,-6068
100000021,7405,3006,4399
100000022,1913,3930,-2017
100000023,5834,2330,3504
100000025,1177,1822,-645
100000028,1797,1769,28
100000029,347,531,-184
100000030,177,79,98
100000031,4989,8030,-3041
100000032,3064,5296,-2232
100000033,1178,3340,-2162
100000034,430,913,-483
100000035,2121,2559,-438
100000036,2263,2027,236
100000037,823,528,295
100000038,2756,1376,1380
100000039,876,641,235
100000040,321,236,85
100000041,1620,783,837
100000042,1763,779,984
100000043,1310,687,623
100000044,474,1107,-633
100000045,634,2178,-1544
100000046,786,1015,-229
100000047,419,695,-276
100000048,802,667,135
100000049,1840,1793,47
100000051,663,940,-277
100000053,297,15,282
100000054,659,69,590
100000055,1320,257,1063
100000056,632,527,105
100000057,2439,847,1592
100000058,1202,1219,-17
100000059,18,165,-147
100000060,480,437,43
100000061,2759,677,2082
100000062,2563,712,1851
100000063,925,283,642
100000064,1478,384,1094
100000065,518,899,-381
100000066,193,649,-456
100000067,622,750,-128
100000068,564,1654,-1090
100000069,371,1302,-931
100000072,307,897,-590
100000073,1428,1155,273
100000075,853,377,476
100000076,2936,4082,-1146
100000077,277,309,-32
100000078,55,46,9
100000079,50,59,-9
100000080,39,61,-22
100000081,179,231,-52
100000102,3146,3092,54
100000103,3240,2970,270
100000104,4958,4013,945
100000105,2752,2395,357
100000106,2746,2975,-229
100000107,672,1406,-734
100000108,827,1490,-663
100000109,2268,1583,685
100000116,1370,1323,47
100000117,102,135,-33
100000118,1474,1887,-413
100000119,719,982,-263
100000121,508,547,-39
100000122,936,1746,-810
100000123,3555,5298,-1743
100000124,4764,7818,-3054
100000125,4434,2179,2255
100000126,973,748,225
100000127,1859,562,1297
100000128,1399,3805,-2406
100000129,672,586,86
100000130,591,675,-84
100000131,2638,3615,-977
100000132,1582,4086,-2504
100000133,5044,2623,2421
100000135,760,1359,-599
100000139,445,466,-21
100000140,451,476,-25
100000142,563,603,-40
100000143,2252,642,1610
100000144,4019,926,3093
100000147,1439,3883,-2444
100000150,61,463,-402
100000151,1514,1579,-65
100000153,271,528,-257
100000154,67,392,-325
100000155,16,65,-49
100000156,460,509,-49
100000157,206,190,16
100000158,322,126,196
100000159,228,836,-608
100000165,1774,1057,717
100000169,281,1000,-719
100000174,751,858,-107
100000179,115,859,-744
100000180,4152,5722,-1570
100000181,1329,590,739
100000188,154,358,-204
100000189,1435,579,856
100000190,813,1307,-494
100000191,910,754,156
100000192,109,119,-10
100000193,319,200,119
100000330,1222,1034,188
100000355,256,1179,-923
100000362,4456,2987,1469
100000363,5496,5609,-113
100000364,259,377,-118
100000365,6690,8392,-1702
100000366,6382,3482,2900
100000367,6392,8321,-1929
100000368,2566,1648,918
100000369,1536,2944,-1408
100000370,327,1120,-793
100000376,78,290,-212
100000379,2560,2375,185
100000380,4782,6231,-1449
100000384,6174,6746,-572
100000385,4356,5973,-1617
100000386,7648,6521,1127
100000387,5623,7316,-1693
100000388,7139,7948,-809
100000389,8722,8221,501
100000390,9475,8129,1346
100000391,7329,10904,-3575
100000392,3442,4829,-1387
100000393,3337,6228,-2891
100000394,8041,10676,-2635
100000395,6506,5338,1168
100000396,7648,4631,3017
100000397,5830,8443,-2613
100000398,11486,8873,2613
100900002,10,30,-20
100900003,419,271,148
100900004,20,1400,-1380
100900005,174,26,148
100900006,23,101,-78
100900007,409,16,393
100900008,1,446,-445
100900009,114,184,-70
100900010,104,80,24
100900011,194,191,3
100900012,2,164,-162
100900013,1353,8,1345
100900014,3,7,-4
100900015,107,65,42
100900016,2,33,-31
100900017,1073,96,977
100900018,0,11,-11
100900019,43,237,-194
100900020,372,7,365
100900021,620,2,618
100900022,33,35,-2
100900023,0,66,-66
100900024,828,6,822
100900025,39,21,18
100900026,201,105,96
100900027,724,3455,-2731
100900028,120,298,-178
100900029,46,8,38
100900030,1,141,-140
100900031,764,57,707
100900032,309,6,303
100900033,361,309,52
100900034,784,4,780
100900035,568,2,566
100900036,22,0,22
100900037,95,188,-93
100900038,134,79,55
100900039,269,559,-290
100900040,469,602,-133
100900041,865,557,308
100900042,1414,1811,-397
100900043,0,22,-22
100900044,1731,616,1115
100900045,9,2,7
100900046,1687,7,1680
100900047,858,254,604
100900048,186,65,121
100900049,93,180,-87
100900050,5,15,-10
100900051,80,213,-133
100900052,476,64,412
100900053,469,41,428
100900054,6,59,-53
100900055,430,828,-398
100900056,160,213,-53
100900057,1854,1153,701
100900058,452,92,360
100900059,176,4,172
100900060,251,11,240
100900061,335,221,114
100900062,12,33,-21
100900063,359,814,-455
100900064,907,20,887
100900065,118,124,-6
100900066,235,136,99
100900067,13,12,1
100900068,149,93,56
100900069,413,15,398
100900070,483,8,475
100900071,672,217,455
100900072,3,23,-20
100900073,177,267,-90
100900074,8,7,1
100900075,2107,422,1685
100900076,20,32,-12
100900077,53,69,-16
100900078,103,389,-286
100900079,11,16,-5
100900080,49,222,-173
100900081,60,189,-129
100900082,147,387,-240
100900083,15,33,-18
100900085,13,470,-457
100900086,214,930,-716
100900088,127,461,-334
100900089,5,8,-3
100900090,188,747,-559
100900091,7,27,-20
100900092,285,238,47
100900093,319,462,-143
100900094,153,353,-200
100900095,5,34,-29
100900096,92,157,-65
100900097,7,5,2
100900098,38,14,24
100900099,31,565,-534
100900100,16,700,-684
100900101,309,86,223
100900102,129,163,-34
100900103,20,17,3
100900104,2,200,-198
100900105,51,769,-718
100900106,64,4,60
100900107,2330,937,1393
100900108,11,74,-63
100900109,22,40,-18
100900110,2,30,-28
100900111,71,203,-132
100900112,3,33,-30
100900113,7,31,-24
100900114,12,18,-6
100900115,6,29,-23
100900116,1164,953,211
100900117,331,1212,-881
100900118,13,31,-18
100900119,35,14,21
100900120,11,8,3
100900121,582,689,-107
100900122,182,184,-2
100900123,133,173,-40
100900124,8,11,-3
100900125,22,103,-81
100900126,220,214,6
100900127,3,6,-3
100900128,102,235,-133
100900129,0,216,-216
100900131,154,316,-162
100900133,90,42,48
100900134,2,12,-10
100900135,4,315,-311
100900137,408,207,201
100900138,566,452,114
100900139,11,6,5
100900140,9,461,-452
100900141,4,778,-774
100900142,1,17,-16
100900143,976,623,353
100900144,22,9,13
100900145,158,226,-68
100900146,9,77,-68
100900147,57,1138,-1081
100900148,34,501,-467
100900149,26,306,-280
100900150,6,44,-38
100900151,144,526,-382
100900152,431,12,419
100900153,23,310,-287
100900154,22,130,-108
100900155,12,11,1
100900156,77,3,74
100900157,15,254,-239
100900159,20,37,-17
100900160,46,7,39
100900161,78,14,64
100900162,69,481,-412
100900163,181,184,-3
100900164,54,37,17
100900165,13,24,-11
100900166,67,10,57
100900167,44,111,-67
100900168,64,157,-93
100900169,109,1081,-972
100900170,40,10,30
100900171,15,572,-557
100900172,0,53,-53
100900173,3,349,-346
100900174,462,88,374
100900176,1719,267,1452
100900177,684,391,293
100900178,325,176,149
100900179,383,610,-227
100900180,3,6,-3
100900181,157,118,39
100900182,141,55,86
100900184,29,254,-225
100900186,592,491,101
100900187,12,80,-68
100900188,46,4,42
100900189,2391,310,2081
100900191,1165,1315,-150
100900192,303,405,-102
100900195,144,198,-54
100900197,85,140,-55
100900198,47,178,-131
100900199,4,9,-5
100900200,819,470,349
100900201,101,863,-762
100900202,84,1,83
100900203,0,216,-216
100900204,667,2107,-1440
100900205,217,579,-362
100900206,190,116,74
100900207,302,157,145
100900210,129,551,-422
100900211,826,200,626
100900213,235,93,142
100900214,553,160,393
100900215,36,67,-31
100900217,128,108,20
101000001,4520,3038,1482
101000002,7362,8265,-903
101000003,598,1922,-1324
101000004,8721,7439,1282
101000005,4927,5896,-969
101000006,7691,7838,-147
101000007,4125,4946,-821
101000008,2842,2881,-39
101000009,2146,1133,1013
101000010,946,909,37
101000011,1709,635,1074
101000012,1170,872,298
101000013,809,1545,-736
101000014,644,672,-28
101000015,1565,1098,467
101000016,488,693,-205
101000017,785,695,90
101000018,2713,3394,-681
101000020,2804,1427,1377
101000021,906,600,306
101000022,257,158,99
101000023,1433,879,554
101000025,312,499,-187
101000026,305,47,258
101000027,2314,3182,-868
101000028,1136,281,855
101000029,332,2571,-2239
101000030,2292,207,2085
101000031,1437,1520,-83
101000032,9436,6252,3184
101000033,2979,5304,-2325
101000034,2235,2264,-29
101000035,1129,720,409
101000036,1801,1246,555
101000037,2693,2409,284
101000039,2979,3871,-892
101000040,3609,4875,-1266
101000041,10434,10444,-10
101000042,710,1713,-1003
101000043,7983,10697,-2714
101000045,2062,1311,751
101000046,4374,2744,1630
101000047,2975,5791,-2816
101000048,990,754,236
101000049,955,2730,-1775
101000050,2921,3645,-724
101000051,2131,3890,-1759
101000052,1920,1612,308
101000053,1747,2218,-471
101000054,2952,1728,1224
101000055,1726,1825,-99
101000056,45,120,-75
101000057,2249,1693,556
101000058,1452,1717,-265
101000059,2542,2757,-215
101000060,2174,870,1304
101000061,992,1821,-829
101000062,762,911,-149
101000063,608,1169,-561
101000064,1162,1209,-47
101000065,541,626,-85
101000066,1228,1037,191
101000067,1188,1364,-176
101000068,342,595,-253
101000069,321,115,206
101000070,1091,1365,-274
101000071,2405,1175,1230
101000072,1020,4084,-3064
101000073,995,1476,-481
101000074,6604,5342,1262
101000075,5224,7258,-2034
101000077,2095,1556,539
101000078,1224,2165,-941
101000079,1072,472,600
101000080,931,702,229
101000081,2039,1866,173
101000082,3431,3111,320
101000083,3115,2326,789
101000084,1423,923,500
101000085,1886,1260,626
101000086,1230,1314,-84
101000087,871,983,-112
101000088,1674,1393,281
101000089,1393,1775,-382
101000090,2148,1234,914
101000091,585,887,-302
101000092,1424,1007,417
101000093,1712,850,862
101000094,1247,1174,73
101000095,550,658,-108
101000096,485,517,-32
101000097,561,723,-162
101000098,616,648,-32
101000099,1447,1558,-111
101000100,1201,1381,-180
101000101,338,587,-249
101000102,917,750,167
101000103,961,708,253
101000104,456,784,-328
101000105,595,655,-60
101000106,791,1235,-444
101000107,417,434,-17
101000108,813,253,560
101000109,487,108,379
101000110,43,375,-332
101000111,196,311,-115
101000113,273,812,-539
101000114,10587,10328,259
101000115,231,207,24
101000116,288,167,121
101000117,2125,472,1653
101000119,80,89,-9
101000120,185,90,95
101000121,84,69,15
101000122,164,156,8
101000123,66,156,-90
101000124,771,306,465
101000125,229,443,-214
101000128,616,697,-81
101000130,278,427,-149
101000131,1111,573,538
101000132,880,1085,-205
101000135,54,42,12
101000136,505,206,299
101000137,46,438,-392
101000141,1328,3919,-2591
101000147,966,415,551
101000148,1110,58,1052
101000149,336,562,-226
101000150,114,640,-526
101000151,423,60,363
101000152,445,386,59
101000153,497,294,203
101000154,255,945,-690
101000155,370,201,169
101000156,74,421,-347
101000157,64,60,4
101000160,79,69,10
101000163,250,383,-133
101000164,407,279,128
101000165,343,408,-65
101000166,314,461,-147
101000168,1021,450,571
101000252,2438,1030,1408
101000254,420,157,263
101000258,55,1,54
101000261,119,48,71
101000262,1600,3486,-1886
101000263,633,1885,-1252
101000265,105,945,-840
101000266,423,547,-124
101000269,43,25,18
101000290,1630,3666,-2036
101000293,41,120,-79
101000294,1090,585,505
101000295,216,490,-274
101000301,962,714,248
101000304,2428,3282,-854
101000305,3665,1683,1982
101000328,6,53,-47
101900001,20,46,-26
101900002,0,15,-15
101900003,33,123,-90
101900004,6,61,-55
101900005,3019,2840,179
101900006,1574,76,1498
101900007,1176,300,876
101900008,136,472,-336
101900009,104,458,-354
101900010,1080,882,198
101900011,315,1378,-1063
101900012,455,358,97
101900013,819,181,638
101900017,15,143,-128
101900018,1264,356,908
101900019,224,185,39
101900020,142,68,74
101900021,2,61,-59
101900022,215,1060,-845
101900023,186,175,11
101900026,127,44,83
101900027,19,117,-98
102000001,3162,5477,-2315
102000002,3216,1270,1946
102000003,3829,8501,-4672
102000004,6651,3603,3048
102000005,1627,2693,-1066
102000006,1257,2145,-888
102000007,2060,5826,-3766
102000008,5017,1771,3246
102000009,8201,9676,-1475
102000010,5786,3653,2133
102000011,4225,3624,601
102000012,3505,3406,99
102000018,3131,3016,115
102000019,2551,1854,697
102000026,299,628,-329
102000029,266,243,23
102000030,149,465,-316
102000031,78,159,-81
102000032,617,418,199
102000033,303,436,-133
102000034,765,597,168
102000035,2179,856,1323
102000036,17,330,-313
102000037,140,59,81
102000038,228,422,-194
102000039,268,94,174
102000040,406,326,80
102000041,273,440,-167
102000042,316,430,-114
102000043,291,296,-5
102000044,366,475,-109
102000045,728,978,-250
102000046,1323,628,695
102000047,919,1061,-142
102000048,663,833,-170
102000049,1213,920,293
102000050,1302,1350,-48
102000051,485,688,-203
102000052,1307,834,473
102000053,1107,1023,84
102000054,785,1384,-599
102000055,1637,653,984
102000056,1351,1084,267
102000057,1856,728,1128
102000058,1312,1321,-9
102000059,1734,1530,204
102000060,1435,1250,185
102000061,1925,1940,-15
102000062,2149,1328,821
102000063,1338,1685,-347
102000064,699,832,-133
102000065,98,212,-114
102000066,879,1091,-212
102000067,2428,3291,-863
102000068,10663,3010,7653
102000069,129,2467,-2338
102000070,1576,53,1523
102000071,7112,9857,-2745
102000072,3332,4266,-934
102000073,1798,1477,321
102000074,919,1536,-617
102000075,164,400,-236
102000076,257,412,-155
102000077,873,669,204
102000078,1041,729,312
102000079,258,243,15
102000080,285,271,14
102000081,442,930,-488
102000082,829,450,379
102000083,659,283,376
102000084,414,357,57
102000085,3347,1043,2304
102000086,1596,1594,2
102000087,1191,2022,-831
102000088,506,433,73
102000089,1628,521,1107
102000090,656,1298,-642
102000091,1637,785,852
102000092,465,842,-377
102000093,613,810,-197
102000094,1088,756,332
102000095,1158,1566,-408
102000096,941,953,-12
102000097,987,1073,-86
102000098,658,977,-319
102000099,1094,1007,87
102000100,627,1412,-785
102000101,1079,922,157
102000102,361,1529,-1168
102000103,1815,480,1335
102000104,634,341,293
102000105,346,526,-180
102000106,948,566,382
102000107,1518,482,1036
102000108,703,184,519
102000109,540,547,-7
102000110,1253,920,333
102000111,15,287,-272
102000112,141,158,-17
102000113,28,29,-1
102000114,767,310,457
102000115,302,320,-18
102000116,413,467,-54
102000117,170,523,-353
102000118,1262,1544,-282
102000119,1381,928,453
102000120,224,536,-312
102000121,1362,607,755
102000122,989,1091,-102
102000123,1326,1440,-114
102000124,1657,1303,354
102000125,1024,1127,-103
102000126,1004,860,144
102000127,1390,801,589
102000128,846,976,-130
102000129,1527,831,696
102000130,897,1162,-265
102000131,2820,1298,1522
102000132,1209,1725,-516
102000133,2332,1530,802
102000134,936,865,71
102000135,1265,1214,51
102000136,1672,621,1051
102000137,1068,1543,-475
102000138,483,683,-200
102000139,253,1462,-1209
102000140,436,1348,-912
102000141,723,2477,-1754
102000142,497,493,4
102000143,192,389,-197
102000144,378,434,-56
102000145,459,443,16
102000146,553,412,141
102000147,664,487,177
102000148,253,612,-359
102000149,188,359,-171
102000150,509,148,361
102000151,101,252,-151
102000152,228,179,49
102000153,1213,572,641
102000154,265,591,-326
102000155,107,365,-258
102000156,326,164,162
102000157,107,384,-277
102000158,659,734,-75
102000159,949,537,412
102000161,3667,2474,1193
102000162,189,159,30
102000163,167,712,-545
102000164,1221,1365,-144
102000165,455,216,239
102000166,129,185,-56
102000167,350,310,40
102000168,458,221,237
102000169,152,586,-434
102000170,630,340,290
102000171,253,466,-213
102000172,284,640,-356
102000173,561,382,179
102000174,111,111,0
102000175,188,129,59
102000176,74,36,38
102000178,272,523,-251
102000179,415,297,118
102000180,904,511,393
102000181,808,517,291
102000182,692,550,142
102000183,1941,1508,433
102000184,2065,714,1351
102000185,3102,1230,1872
102000186,1467,1569,-102
102000187,1170,1335,-165
102000188,1306,1448,-142
102000189,2325,876,1449
102000190,706,2959,-2253
102000191,1461,511,950
102000192,1347,1635,-288
102000193,64,134,-70
102000194,59,126,-67
102000195,474,449,25
102000196,203,306,-103
102000197,750,348,402
102000198,228,676,-448
102000199,1157,268,889
102000200,346,931,-585
102000201,1153,456,697
102000202,6,121,-115
102000203,421,165,256
102000204,601,661,-60
102000205,1294,414,880
102000206,808,563,245
102000207,778,492,286
102000208,446,448,-2
102000209,99,83,16
102000210,499,438,61
102000211,577,242,335
102000212,466,10,456
102000213,9,268,-259
102000214,358,6,352
102000215,9,381,-372
102000216,70,91,-21
102000217,5,109,-104
102000218,362,269,93
102000219,384,248,136
102000225,516,812,-296
102000226,4839,2314,2525
102000227,170,1,169
102000228,2,93,-91
102000229,40,66,-26
102000230,343,417,-74
102000231,402,392,10
102000232,51,221,-170
102000233,561,846,-285
102000234,160,1179,-1019
102000236,459,106,353
102000237,477,136,341
102000238,167,272,-105
102000240,503,726,-223
102000241,509,141,368
102000243,39,77,-38
102000245,22,140,-118
102000246,12,46,-34
102000247,630,898,-268
102000248,621,1111,-490
102000249,125,155,-30
102000250,108,317,-209
102000254,182,306,-124
102000266,48,596,-548
102000271,37,1,36
102000286,497,366,131
102000297,2216,1043,1173
102000299,0,0,0
102000301,0,0,0
102000305,0,0,0
102000307,0,8,-8
102000308,0,2,-2
102900001,1351,783,568
102900002,490,45,445
102900003,95,217,-122
102900005,473,301,172
102900006,598,151,447
102900007,519,23,496
102900008,261,66,195
102900009,489,441,48
102900010,343,800,-457
102900011,1614,396,1218
102900012,441,97,344
102900013,48,73,-25
102900015,666,492,174
102900016,96,104,-8
102900017,255,473,-218
102900018,52,104,-52
102900019,457,561,-104
102900020,171,32,139
102900021,28,73,-45
102900022,492,177,315
102900023,40,58,-18
102900024,61,83,-22
102900025,218,110,108
102900026,511,2249,-1738
102900027,94,76,18
102900028,225,890,-665
102900029,207,261,-54
102900030,424,298,126
102900031,196,162,34
102900032,126,115,11
102900033,145,177,-32
102900034,688,79,609
102900035,172,299,-127
102900036,361,448,-87
102900037,428,434,-6
102900038,417,422,-5
102900039,53,612,-559
102900040,184,334,-150
102900041,118,196,-78
102900042,261,302,-41
102900043,181,221,-40
102900044,536,1611,-1075
102900045,192,476,-284
102900046,245,209,36
102900047,149,537,-388
102900048,620,428,192
102900049,133,336,-203
102900050,263,271,-8
102900051,227,218,9
102900052,57,87,-30
102900053,343,661,-318
102900054,612,1224,-612
102900055,162,294,-132
102900056,109,400,-291
102900057,6,81,-75
102900058,340,84,256
102900059,32,93,-61
102900060,154,507,-353
102900061,151,377,-226
102900062,381,745,-364
102900063,1360,428,932
102900064,140,440,-300
102900065,1226,449,777
102900066,432,34,398
102900068,115,90,25
102900070,400,883,-483
102900072,5,45,-40
102900073,147,18,129
102900075,26,68,-42
102900076,150,188,-38
102900077,48,29,19
102900078,41,76,-35
102900079,309,5,304
102900080,374,45,329
102900081,101,302,-201
102900082,17,200,-183
102900083,184,15,169
102900084,8,48,-40
102900085,406,179,227
102900086,27,76,-49
102900087,179,109,70
102900088,56,43,13
102900089,260,113,147
102900090,1,266,-265
102900091,182,1,181
102900092,434,599,-165
102900093,394,254,140
102900094,2,167,-165
102900095,195,1,194
102900096,57,8,49
102900097,118,227,-109
103000001,2408,2385,23
103000002,2137,2617,-480
103000003,3642,2996,646
103000004,923,789,134
103000005,1937,3160,-1223
103000006,977,1482,-505
103000007,490,731,-241
103000008,1146,801,345
103000009,1562,1347,215
103000010,174,91,83
103000011,1568,1404,164
103000012,1798,1564,234
103000013,4033,2292,1741
103000014,1695,3072,-1377
103000015,1748,704,1044
103000016,546,1499,-953
103000017,193,425,-232
103000018,938,328,610
103000019,386,379,7
103000020,2271,1458,813
103000021,1839,2119,-280
103000022,755,925,-170
103000023,760,1944,-1184
103000024,83,135,-52
103000025,134,779,-645
103000026,933,108,825
103000027,292,809,-517
103000028,552,421,131
103000029,256,380,-124
103000030,1817,1372,445
103000031,1569,2321,-752
103000032,2643,1749,894
103000033,3576,3099,477
103000034,1537,1161,376
103000035,507,1540,-1033
103000036,447,569,-122
103000037,617,643,-26
103000038,629,1179,-550
103000039,544,340,204
103000040,486,835,-349
103000041,1780,1918,-138
103000042,1427,408,1019
103000043,670,855,-185
103000044,401,177,224
103000046,488,510,-22
103000047,600,683,-83
103000048,288,180,108
103000049,117,176,-59
103000050,842,446,396
103000051,602,563,39
103000052,823,383,440
103000053,230,540,-310
103000054,2769,1287,1482
103000055,2041,2018,23
103000056,912,1413,-501
103000057,819,263,556
103000058,758,832,-74
103000059,621,814,-193
103000060,885,567,318
103000061,484,877,-393
103000062,1181,516,665
103000063,962,940,22
103000064,180,179,1
103000065,8,374,-366
103000066,285,9,276
103000069,527,327,200
103000070,947,797,150
103000071,1428,484,944
103000072,143,594,-451
103000073,756,93,663
103000074,755,75,680
103000075,147,643,-496
103000076,390,538,-148
103000077,47,340,-293
103000078,1076,853,223
103000079,744,795,-51
103000080,1187,447,740
103000081,505,1456,-951
103000082,577,209,368
103000083,143,332,-189
103000084,120,13,107
103000085,1,175,-174
103000086,611,524,87
103000087,136,648,-512
103000088,343,263,80
103000089,320,586,-266
103000090,2604,903,1701
103000091,690,406,284
103000092,285,269,16
103000093,281,396,-115
103000094,279,112,167
103000095,101,274,-173
103000096,641,89,552
103000097,122,631,-509
103000098,839,164,675
103000099,315,664,-349
103000100,130,691,-561
103000101,995,106,889
103000102,131,508,-377
103000103,770,142,628
103000104,110,103,7
103000105,174,61,113
103000106,12,175,-163
103000107,248,53,195
103000108,913,579,334
103000109,540,372,168
103000110,580,585,-5
103000111,479,473,6
103000112,464,224,240
103000113,513,676,-163
103000114,1284,484,800
103000115,632,482,150
103000116,732,430,302
103000117,477,457,20
103000118,663,564,99
103000119,1042,444,598
103000120,43,123,-80
103000121,373,841,-468
103000122,633,811,-178
103000125,37,261,-224
103000126,814,4,810
103000127,6,178,-172
103000128,263,3,260
103000129,8,143,-135
103000130,91,63,28
103000131,267,156,111
103000132,72,296,-224
103000133,26,213,-187
103000134,472,1013,-541
103000135,680,366,314
103000136,597,464,133
103000137,486,657,-171
103000138,791,815,-24
103000139,2,83,-81
103000140,131,32,99
103000141,93,165,-72
103000142,135,89,46
103000143,51,194,-143
103000144,199,76,123
103000145,52,354,-302
103000150,111,52,59
103000152,176,232,-56
103000153,225,179,46
103000156,10,279,-269
103000157,606,3,603
103000159,170,68,102
103000162,94,30,64
103000163,27,64,-37
103000164,20,22,-2
103000165,100,241,-141
103000166,304,344,-40
103000167,243,120,123
103000168,158,146,12
103000169,241,545,-304
103000170,1078,395,683
103000171,45,111,-66
103000172,632,259,373
103000173,813,452,361
103000174,233,379,-146
103000175,457,237,220
103000176,909,630,279
103000177,498,394,104
103000178,238,288,-50
103000179,239,28,211
103000183,180,38,142
103000185,118,42,76
103000186,171,130,41
103000187,683,335,348
103000188,14,115,-101
103000189,715,743,-28
103000191,661,628,33
103000292,1375,2355,-980
103000293,1218,2625,-1407
103000295,72,155,-83
103000296,608,10,598
103000297,124,229,-105
103000504,213,26,187
103000505,10,44,-34
103000506,0,228,-228
103000507,237,2,235
103000508,76,100,-24
103000509,280,497,-217
103900001,16,168,-152
103900002,1127,200,927
103900003,1358,138,1220
103900004,147,2,145
103900005,11,155,-144
103900006,4,4,0
103900007,121,30,91
103900008,8,1,7
103900009,293,495,-202
103900010,207,328,-121
103900011,373,174,199
103900012,27,15,12
103900013,78,52,26
103900014,64,14,50
103900015,83,7,76
103900016,228,198,30
103900017,49,82,-33
103900018,646,263,383
103900019,102,432,-330
103900020,254,542,-288
103900021,417,57,360
103900022,1308,688,620
103900023,152,3,149
103900024,144,456,-312
103900025,17,71,-54
103900026,203,1,202
103900027,783,204,579
103900028,18,248,-230
103900029,1188,144,1044
103900030,302,141,161
103900031,47,3,44
103900032,85,71,14
103900033,80,19,61
103900034,40,140,-100
103900035,68,54,14
103900036,37,33,4
103900037,78,120,-42
103900038,146,246,-100
103900039,83,282,-199
103900040,8,165,-157
103900041,69,70,-1
103900042,100,258,-158
103900043,255,55,200
103900044,89,305,-216
103900045,294,189,105
103900047,113,27,86
103900048,62,40,22
103900049,188,1193,-1005
103900050,17,149,-132
103900051,0,35,-35
103900052,216,345,-129
103900053,294,471,-177
103900054,143,356,-213
103900055,503,296,207
103900056,103,53,50
103900057,43,113,-70
103900058,350,495,-145
103900059,0,54,-54
103900060,62,192,-130
103900061,191,27,164
103900062,391,129,262
103900063,25,0,25
103900064,146,9,137
103900065,872,436,436
103900066,249,35,214
103900067,205,10,195
103900068,9,1,8
103900069,82,16,66
103900070,185,249,-64
103900071,28,126,-98
103900072,23,173,-150
103900073,26,26,0
103900074,82,70,12
103900075,343,56,287
103900076,565,481,84
103900077,48,102,-54
103900078,421,127,294
103900079,200,195,5
103900080,9,40,-31
103900081,75,20,55
103900082,23,126,-103
103900083,1122,1061,61
103900084,89,173,-84
103900085,80,128,-48
103900086,847,397,450
103900087,15,26,-11
103900088,401,515,-114
103900089,63,182,-119
103900090,8,137,-129
103900091,1137,303,834
103900092,710,558,152
103900093,78,277,-199
103900094,13,107,-94
103900095,355,240,115
103900096,39,141,-102
103900097,24,424,-400
103900098,289,123,166
103900099,90,100,-10
103900100,264,332,-68
103900101,220,998,-778
103900102,1,47,-46
103900104,1,28,-27
103900105,120,189,-69
103900106,0,203,-203
103900107,180,159,21
103900108,72,269,-197
103900109,148,84,64
103900110,277,54,223
103900111,126,459,-333
103900112,69,150,-81
103900113,147,278,-131
103900114,444,284,160
103900115,318,224,94
103900116,4832,3145,1687
103900117,139,67,72
103900119,54,107,-53
103900120,76,94,-18
103900122,116,209,-93
103900123,1118,675,443
103900124,57,353,-296
103900125,120,81,39
103900126,585,383,202
103900127,161,419,-258
103900128,150,139,11
103900131,33,91,-58
103900133,1024,144,880
103900134,0,5,-5
103900135,14,3,11
103900137,4,30,-26
103900138,91,226,-135
103900139,215,2314,-2099
103900140,4,190,-186
103900141,256,55,201
103900142,202,113,89
103900143,60,1,59
103900144,0,33,-33
103900145,197,289,-92
103900146,353,271,82
103900147,445,113,332
103900148,269,283,-14
103900149,364,534,-170
103900150,5423,4589,834
103900151,43,181,-138
103900152,670,433,237
103900153,6,5,1
103900154,712,1958,-1246
103900155,46,170,-124
103900156,44,152,-108
103900157,71,165,-94
103900158,162,111,51
103900159,188,66,122
103900160,54,30,24
103900161,119,136,-17
103900162,68,184,-116
103900163,24,470,-446
103900167,23,133,-110
103900168,133,116,17
103900169,60,39,21
103900170,1,64,-63
103900171,2,43,-41
103900172,2,21,-19
103900173,17,17,0
103900174,190,70,120
103900175,54,60,-6
103900176,8,42,-34
103900177,8,56,-48
103900178,59,43,16
103900179,49,68,-19
103900180,26,59,-33
103900181,57,52,5
103900182,39,21,18
103900184,319,100,219
103900185,128,445,-317
103900187,27,103,-76
103900188,56,37,19
103900189,107,6,101
103900190,120,57,63
103900191,46,70,-24
103900192,56,105,-49
103900193,118,135,-17
103900194,93,260,-167
103900195,5,104,-99
103900196,65,48,17
103900197,25,37,-12
103900198,20,32,-12
103900199,168,65,103
103900200,198,99,99
103900201,125,190,-65
103900202,21,50,-29
103900203,65,38,27
103900204,0,66,-66
103900207,1,71,-70
103900208,102,0,102
103900209,6,80,-74
103900210,52,33,19
103900211,751,336,415
103900212,130,329,-199
103900213,58,215,-157
103900214,243,212,31
103900215,272,303,-31
103900216,4,351,-347
103900217,582,60,522
103900218,0,346,-346
103900219,217,310,-93
103900233,73,2,71
103900235,34,26,8
103900236,40,7,33
103900242,8,8,0
103900243,7,7,0
103900244,143,227,-84
103900245,128,160,-32
103900246,49,57,-8
103900247,26,89,-63
103900248,20,114,-94
103900249,29,95,-66
103900250,33,36,-3
103900251,2,26,-24
103900253,25,89,-64
103900254,1,46,-45
103900255,8,20,-12
103900256,23,22,1
103900257,118,134,-16
103900258,47,8,39
103900259,67,12,55
103900261,12,0,12
103900262,25,2,23
103900263,27,41,-14
103900264,57,48,9
103900265,50,18,32
103900266,4,139,-135
103900267,13,70,-57
103900268,17,36,-19
103900269,179,23,156
103900270,61,96,-35
103900271,35,86,-51
103900272,60,69,-9
103900273,46,46,0
103900274,149,17,132
103900275,72,23,49
103900276,6,93,-87
103900277,3,105,-102
103900278,0,3,-3
103900279,1,4,-3
104000001,2575,2271,304
104000002,2038,2323,-285
104000003,2451,2176,275
104000004,2787,2663,124
104000005,1811,1872,-61
104000006,3416,2667,749
104000007,4375,4230,145
104000008,213,223,-10
104000009,222,111,111
104000010,161,300,-139
104000011,339,198,141
104000012,167,241,-74
104000013,274,209,65
104000014,177,503,-326
104000015,503,140,363
104000016,560,325,235
104000018,997,188,809
104000019,657,227,430
104000020,170,459,-289
104000021,267,435,-168
104000022,142,254,-112
104000023,914,360,554
104000024,233,302,-69
104000026,58,334,-276
104000027,301,221,80
104000028,414,221,193
104000029,368,292,76
104000030,285,180,105
104000031,1489,393,1096
104000032,242,240,2
104000033,712,497,215
104000034,424,256,168
104000035,1010,407,603
104000036,909,487,422
104000037,306,223,83
104000038,567,311,256
104000039,218,196,22
104000040,239,365,-126
104000041,683,329,354
104000042,194,283,-89
104000043,240,328,-88
104000044,264,445,-181
104000045,888,828,60
104000046,1093,1254,-161
104000047,983,1139,-156
104000048,1179,1171,8
104000049,520,406,114
104000050,235,791,-556
104000051,116,508,-392
104000052,1767,1754,13
104000053,991,407,584
104000054,642,307,335
104000055,3696,2387,1309
104000056,975,229,746
104000057,214,360,-146
104000058,830,683,147
104000059,600,987,-387
104000060,1064,1212,-148
104000061,1312,1022,290
104000062,430,134,296
104000064,542,416,126
104000065,305,853,-548
104000069,912,1079,-167
104000070,60,596,-536
104000071,138,369,-231
104000072,648,240,408
104000075,109,286,-177
104000076,615,108,507
104000082,2464,3650,-1186
104000083,870,281,589
104000084,146,469,-323
104000085,346,398,-52
104000086,225,414,-189
104000087,483,2179,-1696
104000090,799,970,-171
104000092,1414,1552,-138
104000094,937,1249,-312
104000095,2142,1288,854
104000096,1833,183,1650
104000097,2074,767,1307
104000098,2675,849,1826
104000100,1971,645,1326
104000101,1322,1491,-169
104000106,61,649,-588
104000107,657,364,293
104000108,261,493,-232
104000109,397,115,282
104000110,809,1046,-237
104000111,3556,2862,694
104000112,1841,574,1267
104000116,0,846,-846
104000117,217,526,-309
104000118,761,214,547
104000119,764,369,395
104000120,305,672,-367
104000121,204,622,-418
104000122,863,734,129
104000123,700,831,-131
104000124,809,1642,-833
104000125,3096,4919,-1823
104000126,503,411,92
104000127,1168,1899,-731
104000128,646,369,277
104000129,372,20,352
104000130,11,262,-251
104000131,395,326,69
104000132,386,461,-75
104000133,1381,917,464
104000134,1104,1782,-678
104000135,504,2230,-1726
104000136,864,4390,-3526
104000137,1928,519,1409
104000138,1002,417,585
104000139,4957,2935,2022
104000141,1141,1280,-139
104000142,612,565,47
104000143,618,448,170
104000144,105,217,-112
104000145,452,221,231
104000146,255,509,-254
104000147,154,260,-106
104000148,446,220,226
104000149,157,259,-102
104000150,1339,616,723
104000151,401,364,37
104000152,694,580,114
104000153,882,631,251
104000154,786,514,272
104000155,562,502,60
104000157,1208,1402,-194
104000158,644,1112,-468
104000159,969,838,131
104000160,2080,2011,69
104000161,209,173,36
104000162,81,124,-43
104000165,942,1000,-58
104000167,737,1146,-409
104000168,732,14,718
104000169,179,39,140
104000170,417,620,-203
104000248,370,546,-176
104000251,61,208,-147
104000272,0,0,0
104000273,0,0,0
104000274,0,0,0
104000275,0,0,0
104000279,678,487,191
104000290,132,305,-173
104000291,479,1053,-574
104000293,867,651,216
104000294,45,0,45
104000295,656,807,-151
104000296,407,722,-315
104000297,858,2033,-1175
104000298,2117,968,1149
104000299,829,1348,-519
104900001,179,337,-158
104900002,113,191,-78
104900003,40,300,-260
104900004,110,245,-135
104900005,431,324,107
104900006,348,127,221
104900007,402,193,209
104900009,159,294,-135
104900010,123,61,62
104900011,16,18,-2
104900012,337,49,288
104900013,229,32,197
104900014,2227,336,1891
104900015,98,7,91
104900016,292,226,66
104900017,209,174,35
104900018,7,206,-199
104900019,242,3154,-2912
104900020,44,272,-228
104900021,3,111,-108
104900022,12,92,-80
104900023,1,40,-39
104900024,24,64,-40
104900025,83,247,-164
104900026,2,70,-68
104900027,610,306,304
104900028,26,80,-54
104900029,31,63,-32
104900030,622,255,367
104900031,91,157,-66
104900032,59,98,-39
104900033,226,289,-63
104900034,438,235,203
104900035,428,199,229
104900036,257,73,184
104900037,162,232,-70
104900038,421,1073,-652
104900039,610,572,38
104900040,520,118,402
104900041,342,185,157
104900042,178,264,-86
104900043,30,240,-210
104900044,756,228,528
104900045,467,54,413
104900046,283,148,135
104900047,357,121,236
104900048,340,51,289
104900049,36,31,5
104900050,448,127,321
104900051,331,51,280
104900052,76,4,72
104900053,429,124,305
104900054,217,33,184
104900055,117,4,113
104900056,235,23,212
104900057,58,1,57
104900058,849,778,71
104900059,211,51,160
104900060,1,431,-430
104900061,202,461,-259
104900063,0,145,-145
104900064,0,82,-82
104900065,0,216,-216
104900066,1,119,-118
104900067,14,344,-330
104900068,30,157,-127
104900070,152,214,-62
104900071,1,422,-421
104900072,44,284,-240
104900073,116,189,-73
104900074,71,194,-123
104900075,71,54,17
104900076,97,261,-164
104900077,924,372,552
104900078,232,409,-177
104900079,133,575,-442
104900080,117,524,-407
104900082,16,393,-377
104900085,3,185,-182
104900087,444,8,436
104900089,235,2,233
104900090,1042,949,93
104900091,651,544,107
104900093,257,467,-210
104900097,2149,2397,-248
104900098,144,55,89
104900099,132,694,-562
104900100,431,263,168
104900102,54,142,-88
104900103,462,77,385
104900104,2935,2374,561
104900106,103,105,-2
104900107,147,206,-59
104900108,88,198,-110
104900109,135,195,-60
104900110,8,62,-54
104900111,280,147,133
104900112,317,587,-270
104900113,746,298,448
104900114,457,450,7
104900115,857,333,524
104900116,324,135,189
104900118,25,62,-37
104900119,8,43,-35
104900120,27,298,-271
104900121,0,66,-66
104900122,6,60,-54
104900123,69,18,51
104900124,59,2,57
104900125,523,3,520
104900126,69,31,38
104900127,33,66,-33
104900128,114,173,-59
104900129,1681,2452,-771
105000001,2956,1446,1510
105000002,2607,1703,904
105000003,3469,4014,-545
105000004,693,930,-237
105000005,1041,1264,-223
105000006,1660,1901,-241
105000007,1413,1882,-469
105000008,1735,3863,-2128
105000009,2875,3908,-1033
105000010,2857,1934,923
105000011,4224,3897,327
105000012,3906,2802,1104
105000013,1360,1371,-11
105000014,2385,3167,-782
105000015,10832,17689,-6857
105000016,2668,2469,199
105000017,1859,906,953
105000018,1317,1719,-402
105000019,1290,965,325
105000020,263,486,-223
105000021,339,120,219
105000022,310,154,156
105000023,671,487,184
105000028,81,105,-24
105000029,701,1614,-913
105000030,4288,2648,1640
105000033,1226,1914,-688
105000034,135,1073,-938
105000037,673,288,385
105000038,2372,2216,156
105000039,2318,1987,331
105000040,1259,1621,-362
105000041,760,1473,-713
105000042,4661,2225,2436
105000043,1879,2500,-621
105000044,800,637,163
105000045,366,662,-296
105000046,1304,373,931
105000047,530,1123,-593
105000048,643,219,424
105000049,230,429,-199
105000050,818,399,419
105000051,220,367,-147
105000052,740,916,-176
105000053,114,116,-2
105000054,479,944,-465
105000055,812,350,462
105000056,1559,1896,-337
105000057,1238,784,454
105000058,1372,1000,372
105000059,809,648,161
105000060,502,507,-5
105000061,814,578,236
105000062,567,711,-144
105000063,305,504,-199
105000064,1833,829,1004
105000065,376,513,-137
105000066,1090,1299,-209
105000067,1619,819,800
105000068,438,938,-500
105000069,1774,2091,-317
105000070,524,1046,-522
105000071,237,1043,-806
105000072,1228,2722,-1494
105000073,1068,728,340
105000074,1277,707,570
105000075,573,829,-256
105000076,1190,1016,174
105000077,2560,1307,1253
105000078,1319,1579,-260
105000079,1339,3627,-2288
105000080,2169,1603,566
105000081,3549,1503,2046
105000082,1215,2236,-1021
105000083,5040,4263,777
105000084,881,799,82
105000085,2191,2586,-395
105000086,711,1021,-310
105000087,1636,2178,-542
105000088,1758,1836,-78
105000089,3577,2592,985
105000090,1092,1162,-70
105000091,1471,1630,-159
105000092,670,830,-160
105000093,365,364,1
105000094,471,384,87
105000095,121,522,-401
105000096,1221,1258,-37
105000097,930,863,67
105000098,1057,772,285
105000099,887,803,84
105000100,1702,1197,505
105000101,2112,2751,-639
105000102,3141,2097,1044
105000103,2176,3918,-1742
105000104,3070,1261,1809
105000105,1504,1646,-142
105000106,1532,1401,131
105000107,1852,842,1010
105000108,1881,1183,698
105000109,1897,1467,430
105000110,1041,573,468
105000111,1053,691,362
105000112,1444,636,808
105000113,507,722,-215
105000114,2534,1246,1288
105000115,353,1253,-900
105000116,963,641,322
105000117,997,859,138
105000118,709,457,252
105000119,793,822,-29
105000120,1247,557,690
105000121,822,862,-40
105000122,482,720,-238
105000123,1239,1188,51
105000124,2365,832,1533
105000125,804,1632,-828
105000126,2420,1647,773
105000127,2664,1866,798
105000128,790,971,-181
105000129,991,449,542
105000130,430,3654,-3224
105000131,704,311,393
105000132,1167,802,365
105000133,543,924,-381
105000134,983,710,273
105000135,484,642,-158
105000136,167,303,-136
105000137,643,251,392
105000138,230,315,-85
105000139,1110,868,242
105000140,548,526,22
105000141,426,587,-161
105000142,281,501,-220
105000143,298,738,-440
105000144,297,763,-466
105000145,821,358,463
105000146,474,920,-446
105000147,806,365,441
105000148,1248,657,591
105000149,2778,2484,294
105000150,1945,1497,448
105000151,563,372,191
105000152,251,506,-255
105000153,612,714,-102
105000154,667,519,148
105000155,395,857,-462
105000156,838,694,144
105000157,897,1573,-676
105000158,2132,749,1383
105000159,294,963,-669
105000160,2123,613,1510
105000161,741,841,-100
105000162,677,1823,-1146
105000163,985,816,169
105000164,237,245,-8
105000165,880,5742,-4862
105000166,5108,1090,4018
105000167,1561,2039,-478
105000168,486,540,-54
105000169,603,296,307
105000170,265,1249,-984
105000171,1154,247,907
105000172,230,26,204
105000173,213,52,161
105000174,76,84,-8
105000175,102,158,-56
105000176,598,131,467
105000177,428,195,233
105000178,225,489,-264
105000179,774,201,573
105000180,196,129,67
105000181,184,261,-77
105000182,96,37,59
105000183,2101,2198,-97
105000184,974,1523,-549
105000185,1797,1584,213
105000186,569,1069,-500
105000187,1224,287,937
105000188,329,270,59
105000189,192,703,-511
105000190,337,515,-178
105000191,434,382,52
105000192,433,99,334
105000193,95,232,-137
105000194,417,119,298
105000195,383,766,-383
105000196,74,265,-191
105000197,308,554,-246
105000198,632,315,317
105000199,244,567,-323
105000200,207,340,-133
105000201,205,48,157
105000203,10,157,-147
105000204,93,107,-14
105000205,129,252,-123
105000207,607,234,373
105000208,351,718,-367
105000209,183,337,-154
105000212,1416,1120,296
105000213,175,242,-67
105000214,243,345,-102
105000215,399,182,217
105000216,193,300,-107
105000217,165,288,-123
105000218,1487,1142,345
105000221,165,191,-26
105000222,498,195,303
105000223,443,311,132
105000226,124,238,-114
105000227,85,198,-113
105000228,227,2373,-2146
105000229,186,721,-535
105000231,441,355,86
105000233,933,838,95
105000234,571,1354,-783
105000235,345,599,-254
105000237,804,83,721
105000243,33,142,-109
105000248,81,101,-20
105000262,451,1058,-607
105000269,201,209,-8
105000270,480,98,382
105000271,2,212,-210
105000282,78,30,48
105000287,495,103,392
105000288,702,418,284
105000289,2740,2331,409
105000290,49,18,31
105000402,3133,4696,-1563
105000426,514,693,-179
105000438,4045,1845,2200
105000446,12527,5965,6562
105000447,6202,2852,3350
105000454,635,614,21
105000455,267,163,104
105000474,96,3,93
105000477,531,599,-68
105000478,2205,5687,-3482
105000479,128,166,-38
105000480,9506,8237,1269
105000481,5314,4318,996
105000482,4974,7739,-2765
105000483,1948,2337,-389
105000484,2619,3276,-657
105000485,1803,3965,-2162
105000486,3511,2440,1071
105000488,9513,5316,4197
105000489,1136,897,239
105000549,101,160,-59
105000550,388,1652,-1264
105000551,38,158,-120
105000552,2506,1546,960
105000555,311,639,-328
105900001,12,3051,-3039
105900002,1177,632,545
105900003,17,101,-84
105900004,328,131,197
105900005,6,251,-245
105900006,25,158,-133
105900007,111,41,70
105900008,99,450,-351
105900009,24,23,1
105900011,425,117,308
105900012,779,213,566
105900013,6,34,-28
105900014,8,78,-70
105900015,253,502,-249
105900016,635,640,-5
105900017,1452,48,1404
105900018,207,173,34
105900019,86,527,-441
105900020,80,102,-22
105900021,69,1523,-1454
105900022,309,203,106
105900023,11,245,-234
105900024,24,564,-540
105900025,194,43,151
105900026,265,18,247
105900027,15892,8219,7673
105900028,687,500,187
105900029,2008,354,1654
105900030,190,255,-65
105900031,405,203,202
105900032,91,141,-50
105900033,100,123,-23
105900034,213,280,-67
105900035,243,234,9
105900036,105,144,-39
105900037,99,66,33
105900038,197,326,-129
105900039,154,85,69
105900040,64,110,-46
105900041,176,228,-52
105900042,63,175,-112
105900043,1500,49,1451
105900044,4,262,-258
105900045,4,835,-831
105900046,13,260,-247
105900047,16,42,-26
105900048,118,387,-269
105900050,6105,8533,-2428
105900051,66,1419,-1353
105900052,765,223,542
105900053,2720,3096,-376
105900054,357,225,132
105900056,911,472,439
105900057,25,207,-182
105900058,13,10,3
105900059,0,26,-26
106000001,4547,2904,1643
106000002,2240,5646,-3406
106000003,3558,4004,-446
106000004,1697,2833,-1136
106000005,4073,5484,-1411
106000006,5804,3329,2475
106000007,573,621,-48
106000008,548,363,185
106000009,690,460,230
106000010,743,598,145
106000011,1212,1109,103
106000012,953,1309,-356
106000013,1969,2071,-102
106000014,1825,1341,484
106000015,2063,1466,597
106000016,1369,1680,-311
106000017,570,831,-261
106000018,600,517,83
106000019,415,472,-57
106000020,368,329,39
106000021,325,408,-83
106000022,446,220,226
106000023,724,310,414
106000024,541,392,149
106000025,140,185,-45
106000026,112,197,-85
106000027,1653,1228,425
106000028,606,370,236
106000029,667,892,-225
106000030,475,632,-157
106000034,216,540,-324
106000035,1026,2062,-1036
106000036,222,480,-258
106000037,1800,1247,553
106000038,389,122,267
106000039,110,100,10
106000040,163,1023,-860
106000041,743,670,73
106000043,606,264,342
106000046,465,69,396
106000047,47,532,-485
106000049,1071,235,836
106000050,251,579,-328
106000051,837,526,311
106000052,121,495,-374
106000053,457,144,313
106000054,379,365,14
106000055,1361,989,372
106000056,272,308,-36
106000057,418,292,126
106000058,143,146,-3
106000059,359,306,53
106000060,332,425,-93
106000061,239,545,-306
106000062,120,531,-411
106000063,758,536,222
106000064,51,359,-308
106000065,393,403,-10
106000066,109,300,-191
106000067,454,136,318
106000068,93,582,-489
106000069,298,64,234
106000070,493,704,-211
106000071,1200,340,860
106000072,2804,1553,1251
106000073,1479,3176,-1697
106000074,687,624,63
106000075,325,1297,-972
106000076,1704,2082,-378
106000077,3487,1218,2269
106000078,1290,823,467
106000079,722,872,-150
106000080,1377,588,789
106000081,681,1067,-386
106000082,2375,858,1517
106000083,459,1391,-932
106000084,1345,640,705
106000085,1543,1369,174
106000086,645,775,-130
106000087,1048,486,562
106000088,387,697,-310
106000089,1113,349,764
106000090,355,640,-285
106000091,294,447,-153
106000092,760,337,423
106000093,328,125,203
106000094,106,207,-101
106000095,942,653,289
106000096,1040,587,453
106000097,1507,765,742
106000098,806,895,-89
106000099,297,1239,-942
106000100,1809,274,1535
106000101,1494,592,902
106000102,283,1449,-1166
106000103,384,702,-318
106000104,993,435,558
106000105,516,625,-109
106000106,708,416,292
106000107,115,198,-83
106000108,340,258,82
106000109,200,196,4
106000110,266,289,-23
106000111,249,324,-75
106000112,247,546,-299
106000113,682,530,152
106000114,462,648,-186
106000115,231,339,-108
106000116,366,223,143
106000117,1192,640,552
106000118,1372,1451,-79
106000119,1293,922,371
106000120,1011,1292,-281
106000121,233,196,37
106000122,161,157,4
106000123,585,163,422
106000124,82,181,-99
106000125,20,235,-215
106000126,315,100,215
106000127,925,807,118
106000128,907,156,751
106000129,435,516,-81
106000130,908,254,654
106000131,161,613,-452
106000132,568,192,376
106000133,2228,1051,1177
106000134,531,1988,-1457
106000135,215,500,-285
106000136,684,1059,-375
106000137,79,655,-576
106000138,1109,119,990
106000139,52,141,-89
106000140,45,42,3
106000141,119,42,77
106000142,124,78,46
106000143,36,34,2
106000144,29,83,-54
106000145,217,196,21
106000146,450,141,309
106000147,396,406,-10
106000148,537,744,-207
106000149,681,338,343
106000150,535,1815,-1280
106000151,3806,817,2989
106000152,1348,1992,-644
106000153,100,1922,-1822
106000154,1548,182,1366
106000155,155,290,-135
106000156,1039,293,746
106000157,684,1467,-783
106000158,2268,912,1356
106000159,2761,1916,845
106000160,477,2887,-2410
106000161,1403,331,1072
106000162,310,940,-630
106000163,499,277,222
106000164,518,251,267
106000165,277,367,-90
106000166,866,296,570
106000167,377,825,-448
106000168,679,272,407
106000169,339,515,-176
106000170,965,241,724
106000171,290,1026,-736
106000172,3048,1436,1612
106000173,1143,2602,-1459
106000174,1208,359,849
106000175,327,777,-450
106000176,1796,815,981
106000177,843,2150,-1307
106000178,3549,1637,1912
106000179,1044,2032,-988
106000180,942,1186,-244
106000181,1050,2034,-984
106000182,1512,640,872
106000183,1564,587,977
106000184,1582,722,860
106000185,1141,1751,-610
106000186,895,164,731
106000187,248,1105,-857
106000188,1,1,0
106000189,26,45,-19
106000190,30,1,29
106000191,662,210,452
106000192,8,28,-20
106000193,463,196,267
106000194,202,552,-350
106000195,922,333,589
106000196,303,783,-480
106000197,719,345,374
106000198,197,221,-24
106000199,731,784,-53
106000200,347,283,64
106000201,456,2939,-2483
106000202,3714,607,3107
106000203,60,197,-137
106000204,100,7,93
106000205,14,166,-152
106000206,106,17,89
106000207,42,627,-585
106000208,1511,141,1370
106000209,1817,334,1483
106000210,462,870,-408
106000211,395,1130,-735
106000212,1063,449,614
106000213,689,2280,-1591
106000214,2341,895,1446
106000215,308,512,-204
106000216,298,298,0
106000217,310,309,1
106000218,401,399,2
106000219,159,214,-55
106000220,495,348,147
106000221,163,190,-27
106000222,101,102,-1
106000223,314,117,197
106000224,231,161,70
106000225,109,127,-18
106000226,89,227,-138
106000228,68,69,-1
106000229,93,617,-524
106000231,926,130,796
106000232,99,342,-243
106000233,692,151,541
106000234,75,341,-266
106000235,712,126,586
106000236,272,117,155
106000237,2,15,-13
106000238,14,27,-13
106000239,7,89,-82
106000240,133,10,123
106000241,28,564,-536
106000242,272,38,234
106000249,89,72,17
106000250,67,512,-445
106000251,119,25,94
106000252,16,74,-58
106000253,50,83,-33
106000254,132,46,86
106000255,35,176,-141
106000256,66,41,25
106000257,174,224,-50
106000258,296,35,261
106000259,5,87,-82
106000260,47,5,42
106000261,9,50,-41
106000262,129,11,118
106000263,19,58,-39
106000264,395,21,374
106000265,7,117,-110
106000266,152,28,124
106000267,9,84,-75
106000268,449,54,395
106000269,56,40,16
106000270,148,409,-261
106000271,127,209,-82
106000272,233,78,155
106000273,14,320,-306
106000274,197,38,159
106000275,180,296,-116
106000276,202,72,130
106000277,133,323,-190
106000278,206,32,174
106000279,13,45,-32
106000280,73,64,9
106000281,98,60,38
106000282,72,62,10
106000283,145,51,94
106000284,86,103,-17
106000285,127,67,60
106000286,104,129,-25
106000287,131,81,50
106000288,74,157,-83
106000289,105,47,58
106000290,57,65,-8
106000291,135,80,55
106000292,110,99,11
106000293,178,87,91
106000294,146,81,65
106000295,60,67,-7
106000296,48,86,-38
106000297,79,228,-149
106000298,128,74,54
106000299,89,128,-39
106000300,60,118,-58
106000301,65,124,-59
106000303,46,102,-56
106000304,29,32,-3
106000305,57,56,1
106000306,28,40,-12
106000307,42,25,17
106000308,41,95,-54
106000309,23,57,-34
106000310,337,411,-74
106000311,349,213,136
106000312,127,165,-38
106000313,235,195,40
106000318,79,501,-422
106000319,1076,225,851
106000320,4,139,-135
106000321,310,164,146
106000322,203,145,58
106000324,21,173,-152
106000325,1953,983,970
106000326,1066,1546,-480
106000327,279,90,189
106000328,20,136,-116
106000329,98,262,-164
106000330,48,88,-40
106000428,91,166,-75
106000429,127,417,-290
106000430,443,1130,-687
106000431,2815,361,2454
106000432,1593,2393,-800
106000433,2692,1403,1289
106000434,3571,1833,1738
106000435,1396,2397,-1001
106000436,28,169,-141
106000437,313,92,221
106000438,347,254,93
106000439,50,724,-674
106000440,270,699,-429
106000441,0,0,0
106000442,169,9,160
106000443,151,210,-59
106000450,1,123,-122
106000451,28,49,-21
106000454,6,141,-135
106000455,18,172,-154
106000456,101,24,77
106000457,37,809,-772
106000458,984,72,912
106000459,153,271,-118
106000460,1732,26,1706
106000461,111,944,-833
106000462,1,22,-21
106000463,8,12,-4
106000464,2,408,-406
106000465,798,2,796
106000466,5,401,-396
106000467,332,471,-139
106000468,117,173,-56
106000469,120,0,120
106000470,326,1763,-1437
106000471,18,543,-525
106000472,185,14,171
106000473,53,17,36
106000474,292,345,-53
106000475,294,132,162
106000476,161,259,-98
106000477,20,33,-13
106000480,0,97,-97
106900001,0,10,-10
106900002,0,311,-311
106900003,194,2154,-1960
106900004,1,20,-19
106900006,0,10,-10
106900007,0,6,-6
106900008,454,162,292
106900009,355,235,120
106900010,231,233,-2
106900012,1299,2506,-1207
106900013,765,189,576
106900014,12,3,9
106900015,8,1,7
106900016,320,11,309
106900017,3,0,3
106900018,2,0,2
106900019,70,1,69
106900020,3816,1630,2186
106900021,156,101,55
106900022,894,5,889
106900023,58,265,-207
106900024,904,68,836
106900025,72,1184,-1112
106900026,4,356,-352
106900027,804,4,800
107000001,4683,5060,-377
107000002,2977,4533,-1556
107000003,7242,7907,-665
107000004,4889,4511,378
107000005,5485,6261,-776
107000006,3854,3502,352
107000007,7006,11429,-4423
107000008,10886,7580,3306
107000009,9307,8829,478
107000010,10274,8697,1577
107000011,1178,1291,-113
107000012,3993,2748,1245
107000013,89,75,14
107000014,71,161,-90
107000015,544,689,-145
107000016,899,690,209
107000017,6258,5711,547
107000018,116,4688,-4572
107000020,4133,6266,-2133
107000021,1865,525,1340
107000022,1493,3110,-1617
107000023,2016,292,1724
107000024,1043,1492,-449
107000025,246,408,-162
107000026,497,446,51
107000027,1572,1189,383
107000028,1738,1245,493
107000029,4183,3450,733
107000030,3374,3003,371
107000031,4948,3316,1632
107000032,579,955,-376
107000033,3308,5754,-2446
107000034,5975,1618,4357
107000035,392,302,90
107000036,926,1450,-524
107000037,82,926,-844
107000038,240,246,-6
107000039,1067,1027,40
107000040,191,349,-158
107000041,1875,1053,822
107000042,906,2237,-1331
107000043,2798,1371,1427
107000044,654,548,106
107000045,107,322,-215
107000046,990,498,492
107000047,604,875,-271
107000048,789,322,467
107000049,769,819,-50
107000050,1240,620,620
107000051,342,363,-21
107000052,1310,1143,167
107000053,446,310,136
107000054,71,271,-200
107000055,261,142,119
107000056,475,899,-424
107000057,1624,272,1352
107000058,2517,2728,-211
107000059,2177,3220,-1043
107000060,5693,6188,-495
107000061,5377,3470,1907
107000062,5917,3471,2446
107000063,4211,4403,-192
107000064,5907,3409,2498
107000065,4122,4541,-419
107000066,2955,4417,-1462
107000067,1578,1705,-127
107000068,1899,956,943
107000069,978,739,239
107000070,1296,13,1283
107000071,3736,45,3691
107000072,50,2332,-2282
107000073,1075,469,606
107000074,149,783,-634
107000075,2123,554,1569
107000076,690,1288,-598
107000077,4680,1475,3205
107000078,2375,2865,-490
107000079,3354,1183,2171
107000080,1068,2851,-1783
107000081,2309,706,1603
107000082,552,1812,-1260
107000083,1614,630,984
107000084,347,1705,-1358
107000085,3637,3522,115
107000086,3665,3442,223
107000087,3383,2316,1067
107000088,3642,3710,-68
107000089,1670,1949,-279
107000090,1277,1082,195
107000091,1661,875,786
107000092,1146,954,192
107000093,1406,951,455
107000094,1061,1025,36
107000095,1058,771,287
107000096,594,732,-138
107000097,759,427,332
107000098,758,516,242
107000099,583,307,276
107000100,396,398,-2
107000101,70,173,-103
107000102,259,401,-142
107000103,329,195,134
107000104,159,283,-124
107000105,425,144,281
107000106,185,248,-63
107000107,697,187,510
107000108,165,466,-301
107000109,704,166,538
107000110,55,460,-405
107000111,426,70,356
107000112,43,302,-259
107000113,763,112,651
107000114,106,510,-404
107000115,727,159,568
107000116,139,565,-426
107000117,178,737,-559
107000118,129,158,-29
107000119,1684,1675,9
107000120,1100,589,511
107000121,1100,746,354
107000122,1352,883,469
107000123,568,627,-59
107000124,606,808,-202
107000125,1281,670,611
107000126,1153,682,471
107000129,286,583,-297
107000130,704,222,482
107000131,536,501,35
107000132,642,377,265
107000133,590,95,495
107000134,366,1,365
107000135,4,299,-295
107000136,931,14,917
107000137,8,529,-521
107000138,422,35,387
107000139,19,638,-619
107000140,1757,159,1598
107000141,200,870,-670
107000142,561,155,406
107000143,70,615,-545
107000144,635,583,52
107000145,207,558,-351
107000146,298,507,-209
107000147,3690,922,2768
107000150,720,4623,-3903
107000151,17,121,-104
107000152,505,1973,-1468
107000153,188,387,-199
107000154,251,265,-14
107000155,1081,48,1033
107000156,1441,57,1384
107000157,188,1335,-1147
107000158,790,45,745
107000159,37,709,-672
107000160,1265,194,1071
107000161,90,1131,-1041
107000162,402,741,-339
107000163,242,1,241
107000164,978,5,973
107000165,1250,20,1230
107000166,39,971,-932
107000167,839,255,584
107000168,1344,581,763
107000169,907,959,-52
107000170,2851,1046,1805
107000171,823,1839,-1016
107000172,1266,1645,-379
107000173,673,937,-264
107000174,1290,6532,-5242
107000175,6811,1626,5185
107000176,0,4,-4
107000177,17,0,17
107000178,24,39,-15
107000179,429,1883,-1454
107000180,1778,308,1470
107000181,506,971,-465
107000182,2188,921,1267
107000183,224,757,-533
107000184,1213,707,506
107000185,636,1268,-632
107000186,1490,549,941
107000187,1488,1499,-11
107000188,777,618,159
107000189,649,1076,-427
107000190,794,765,29
107000191,884,921,-37
107000192,1936,725,1211
107000193,476,614,-138
107000194,863,612,251
107000197,1131,355,776
107000198,381,744,-363
107000199,1101,641,460
107000200,707,736,-29
107000201,548,458,90
107000202,415,569,-154
107000203,1017,1524,-507
107000204,1150,1861,-711
107000205,2259,1334,925
107000206,1316,2045,-729
107000207,790,1331,-541
107000208,1288,817,471
107000209,2235,1544,691
107000210,690,326,364
107000211,10,53,-43
107000212,17,331,-314
107000213,6,17,-11
107000214,26,158,-132
107000215,575,346,229
107000216,446,408,38
107000217,246,147,99
107000219,127,309,-182
107000220,195,179,16
107000222,282,663,-381
107000224,1155,81,1074
107000225,237,502,-265
107000226,722,87,635
107000227,103,341,-238
107000228,323,281,42
107000229,186,143,43
107000230,1081,457,624
107000231,1674,2067,-393
107000232,123,41,82
107000233,1183,1069,114
107000234,5,58,-53
107000235,156,12,144
107000236,7,674,-667
107000237,32,0,32
107000238,28,1,27
107000239,4278,634,3644
107000240,118,907,-789
107000241,107,28,79
107000242,312,42,270
107000243,0,25,-25
107000244,2,60,-58
107000246,3,910,-907
107000249,5,1061,-1056
107000251,2,281,-279
107000252,3,945,-942
107000255,389,125,264
107000257,6,338,-332
107000258,1,132,-131
107000259,7,164,-157
107000260,889,1,888
107000262,8,353,-345
107000263,391,5,386
107000266,11,12,-1
107000267,92,147,-55
107000268,146,117,29
107000269,751,115,636
107000270,2,40,-38
107000271,41,525,-484
107000272,52,125,-73
107000273,21,315,-294
107000274,4128,1068,3060
107000275,253,3846,-3593
107000280,994,52,942
107000281,40,698,-658
107000282,142,702,-560
107000290,27,73,-46
107000291,9,12,-3
107000292,3,362,-359
107000293,100,4,96
107000294,0,38,-38
107000295,30,1,29
107000296,0,32,-32
107000444,345,3,342
107000496,3,12,-9
107000497,1495,2044,-549
107000500,454,368,86
107000501,180,158,22
107000502,213,316,-103
107000505,351,746,-395
107000506,8,166,-158
107000508,5,546,-541
107000509,289,737,-448
107000510,32,30,2
107000514,70,403,-333
107000515,18,135,-117
107000516,450,293,157
107000518,1357,1677,-320
107000519,1534,917,617
107000520,109,30,79
107000521,694,392,302
107000522,799,505,294
107900001,76,106,-30
107900002,67,12,55
107900003,530,17,513
107900004,119,3,116
107900005,1598,5,1593
107900006,228,3,225
107900007,373,49,324
107900008,178,17,161
107900009,476,24,452
107900010,58,6,52
107900012,364,65,299
107900013,302,31,271
107900014,35,12,23
107900015,1175,14,1161
107900016,724,113,611
107900017,26,7,19
107900018,81,204,-123
107900019,30,52,-22
107900020,175,44,131
107900021,96,126,-30
107900023,13,1,12
107900024,1,25,-24
107900025,309,275,34
107900026,82,48,34
107900027,62,67,-5
107900028,136,62,74
107900030,243,38,205
107900031,83,97,-14
107900032,28,7,21
107900033,27,9,18
107900034,460,16,444
107900035,1002,56,946
107900036,97,28,69
107900037,0,15,-15
107900038,133,225,-92
107900039,36,40,-4
107900040,39,327,-288
107900041,3,5,-2
107900043,48,116,-68
107900044,7,13,-6
107900045,91,45,46
107900046,164,178,-14
107900047,46,33,13
107900048,226,15,211
107900049,402,1819,-1417
107900050,101,338,-237
107900051,96,49,47
107900052,56,66,-10
107900053,41,103,-62
107900055,961,340,621
107900056,180,69,111
107900057,1,0,1
107900058,29,574,-545
107900060,62,255,-193
107900061,10,13,-3
107900063,112,147,-35
107900064,294,164,130
107900065,269,13,256
107900066,34,15,19
107900067,0,0,0
107900068,152,1024,-872
107900069,43,2214,-2171
107900070,170,67,103
107900071,34,489,-455
107900072,149,134,15
107900073,192,135,57
107900074,547,297,250
107900076,165,69,96
107900077,96,1,95
107900078,240,50,190
107900079,15,16,-1
107900080,206,872,-666
107900081,78,72,6
107900082,29,10,19
107900083,354,213,141
107900084,101,194,-93
107900086,51,191,-140
107900087,615,210,405
107900088,65,11,54
107900089,328,1292,-964
107900090,1625,3092,-1467
107900091,210,306,-96
107900092,1951,433,1518
107900093,106,62,44
107900095,3053,2279,774
107900097,26,74,-48
107900098,49,285,-236
107900100,956,1420,-464
107900101,845,231,614
107900102,59,6,53
107900103,52,186,-134
107900104,277,16,261
107900105,1,318,-317
107900106,2,746,-744
107900107,2533,552,1981
107900108,271,134,137
107900109,1693,26,1667
107900110,93,89,4
107900111,8,751,-743
107900112,79,407,-328
107900113,242,68,174
107900114,199,155,44
107900115,1,33,-32
107900116,184,120,64
107900117,277,315,-38
107900118,84,178,-94
107900119,110,285,-175
107900120,38,40,-2
107900121,3,155,-152
107900122,4,196,-192
107900123,3,78,-75
107900124,18,73,-55
107900125,41,185,-144
107900126,9,105,-96
107900127,727,418,309
107900128,91,114,-23
107900129,77,19,58
107900130,96,32,64
107900131,812,310,502
107900132,140,365,-225
107900133,3,72,-69
107900134,43,81,-38
107900135,4,102,-98
107900136,41,54,-13
107900137,118,122,-4
107900138,41,35,6
107900139,59,47,12
107900140,146,44,102
107900141,65,47,18
107900142,38,787,-749
107900143,70,29,41
107900144,0,139,-139
107900145,30,109,-79
107900146,51,126,-75
107900147,68,48,20
107900148,215,96,119
107900149,1076,246,830
107900150,39,556,-517
107900151,57,89,-32
107900152,24,205,-181
107900153,158,331,-173
107900154,60,30,30
107900155,106,61,45
107900156,3,250,-247
107900157,64,65,-1
107900158,1067,28,1039
107900159,67,756,-689
107900160,157,196,-39
107900161,50,134,-84
107900162,3,166,-163
107900163,64,135,-71
107900164,17,59,-42
107900165,47,140,-93
107900166,30,178,-148
107900167,37,53,-16
107900168,35,65,-30
107900169,4,225,-221
107900171,9,1150,-1141
107900172,5,331,-326
107900173,27,111,-84
107900174,222,7,215
107900175,30,49,-19
107900176,48,32,16
107900177,1,401,-400
107900178,0,152,-152
107900179,21,158,-137
107900180,495,694,-199
107900181,403,316,87
107900182,6,1053,-1047
107900183,44,181,-137
107900184,124,236,-112
107900185,120,8,112
107900186,61,50,11
107900187,0,180,-180
107900188,525,158,367
107900189,28,115,-87
107900190,58,143,-85
107900191,107,97,10
107900193,6,64,-58
107900194,273,25,248
107900195,2031,401,1630
107900196,115,119,-4
107900197,587,462,125
107900199,3,789,-786
107900201,98,71,27
107900203,34,54,-20
107900204,163,258,-95
107900205,221,308,-87
107900206,739,514,225
107900207,2,488,-486
107900208,14,501,-487
107900209,357,143,214
107900210,60,93,-33
107900213,913,779,134
107900214,43,116,-73
107900215,160,377,-217
107900216,139,54,85
107900217,37,107,-70
107900218,27,3060,-3033
107900219,30,75,-45
107900220,176,304,-128
107900221,191,195,-4
107900223,129,469,-340
107900224,132,476,-344
107900225,12,768,-756
107900226,82,79,3
107900227,116,335,-219
107900228,11,79,-68
107900229,4,163,-159
107900230,23,89,-66
107900231,23,182,-159
107900232,89,98,-9
107900233,29,116,-87
107900234,132,94,38
107900235,33,181,-148
107900236,127,53,74
107900237,57,370,-313
107900238,55,111,-56
107900239,663,663,0
107900240,43,67,-24
107900241,32,46,-14
107900242,37,198,-161
107900243,3,68,-65
107900244,320,5,315
107900245,742,58,684
107900246,430,25,405
107900248,281,336,-55
107900249,964,44,920
107900250,1,398,-397
107900251,56,1182,-1126
107900252,1049,38,1011
107900253,220,7,213
107900254,63,456,-393
107900255,253,103,150
107900256,1844,3076,-1232
107900257,250,111,139
107900258,108,214,-106
107900259,63,2330,-2267
107900261,2,282,-280
107900262,48,114,-66
107900264,297,8,289
107900265,140,145,-5
107900267,232,16,216
107900268,19,8,11
107900269,0,11,-11
107900270,0,2,-2
107900271,2,26,-24
107900272,87,28,59
107900273,52,114,-62
107900274,133,1,132
107900275,34,0,34
107900276,0,88,-88
107900277,0,146,-146
107900278,312,391,-79
107900279,79,263,-184
107900280,2630,1900,730
107900281,1279,3358,-2079
107900282,53,506,-453
107900283,963,799,164
107900284,594,613,-19
107900285,121,65,56
107900286,120,83,37
107900287,296,196,100
107900290,0,197,-197
107900291,639,25,614
107900292,130,154,-24
107900293,82,333,-251
107900295,47,29,18
107900297,1,297,-296
107900298,745,745,0
107900299,2609,2523,86
107900300,98,326,-228
107900301,675,732,-57
107900302,120,40,80
107900303,256,325,-69
107900304,382,483,-101
107900305,379,14,365
107900306,17,33,-16
107900307,58,240,-182
107900308,172,156,16
107900309,89,0,89
107900310,901,10,891
107900311,22,978,-956
107900312,102,4,98
107900313,2,190,-188
107900314,0,66,-66
107900315,1,58,-57
107900316,77,5,72
107900317,112,22,90
107900318,24,154,-130
107900319,22,163,-141
107900320,5,116,-111
107900321,119,6,113
107900322,7,103,-96
107900323,17,162,-145
107900324,194,7,187
107900325,131,0,131
107900326,362,232,130
107900327,4,148,-144
107900328,104,1,103
107900329,106,125,-19
107900330,10,313,-303
107900331,272,29,243
107900332,279,27,252
107900333,63,17,46
107900334,11,141,-130
107900335,181,59,122
107900336,61,67,-6
107900337,843,934,-91
107900338,5,152,-147
107900339,0,10,-10
107900340,4,60,-56
107900341,64,0,64
107900342,136,135,1
107900343,76,5,71
107900344,5,26,-21
107900345,166,27,139
107900346,37,1,36
107900347,21,6,15
107900348,17,6,11
107900349,43,12,31
107900350,31,253,-222
108000001,3352,4183,-831
108000002,1976,2284,-308
108000003,3992,3839,153
108000004,11563,13664,-2101
108000005,9522,7368,2154
108000006,7920,7067,853
108000007,5857,4128,1729
108000008,4402,5638,-1236
108000009,4423,4899,-476
108000010,2893,4043,-1150
108000011,14316,13478,838
108000012,15614,14734,880
108000014,1022,883,139
108000015,787,316,471
108000016,324,573,-249
108000017,1214,456,758
108000018,2132,791,1341
108000019,2532,1138,1394
108000020,1397,533,864
108000021,413,1655,-1242
108000022,482,1156,-674
108000023,1418,255,1163
108000024,349,466,-117
108000025,394,281,113
108000026,732,371,361
108000027,823,396,427
108000028,729,224,505
108000029,537,426,111
108000030,795,240,555
108000031,244,644,-400
108000032,1963,727,1236
108000033,745,1012,-267
108000034,1966,569,1397
108000035,809,2017,-1208
108000036,369,856,-487
108000037,2067,503,1564
108000038,2984,572,2412
108000039,498,1663,-1165
108000040,2114,1004,1110
108000041,632,1969,-1337
108000042,408,192,216
108000043,217,331,-114
108000044,667,182,485
108000045,375,396,-21
108000046,1771,338,1433
108000047,470,872,-402
108000048,217,329,-112
108000049,1168,334,834
108000050,95,358,-263
108000051,434,156,278
108000052,240,539,-299
108000053,507,241,266
108000054,536,1056,-520
108000055,1216,596,620
108000056,839,1225,-386
108000057,635,1450,-815
108000058,2351,4308,-1957
108000059,2893,1953,940
108000060,244,456,-212
108000061,149,292,-143
108000062,1049,678,371
108000063,614,521,93
108000064,284,256,28
108000065,570,508,62
108000066,1611,860,751
108000067,2220,779,1441
108000068,885,434,451
108000069,159,861,-702
108000070,2216,828,1388
108000071,656,1199,-543
108000072,1914,1114,800
108000073,1256,1449,-193
108000074,841,451,390
108000075,355,697,-342
108000076,983,612,371
108000077,668,642,26
108000078,2750,1440,1310
108000079,833,1262,-429
108000080,1691,550,1141
108000081,618,1433,-815
108000082,974,1582,-608
108000083,2285,1067,1218
108000084,336,923,-587
108000085,903,478,425
108000086,886,630,256
108000087,201,2395,-2194
108000088,152,7,145
108000089,402,411,-9
108000090,403,204,199
108000091,322,424,-102
108000092,170,88,82
108000093,245,380,-135
108000094,663,113,550
108000095,151,326,-175
108000096,398,198,200
108000097,178,380,-202
108000098,2071,1415,656
108000099,305,110,195
108000100,71,239,-168
108000101,1626,1614,12
108000102,1855,3724,-1869
108000106,934,1,933
108000107,3,982,-979
108000108,994,59,935
108000109,11,830,-819
108000110,212,317,-105
108000111,204,558,-354
108000112,54,152,-98
108000113,469,242,227
108000115,409,263,146
108000117,774,380,394
108000118,80,230,-150
108000119,693,320,373
108000120,201,791,-590
108000121,255,405,-150
108000122,706,356,350
108000123,905,189,716
108000124,373,427,-54
108000125,495,244,251
108000126,176,371,-195
108000127,568,295,273
108000128,639,381,258
108000129,360,751,-391
108000130,494,246,248
108000131,1068,500,568
108000132,1753,1129,624
108000133,995,496,499
108000134,509,495,14
108000135,1264,450,814
108000136,372,712,-340
108000137,533,341,192
108000138,470,901,-431
108000139,582,321,261
108000140,147,25,122
108000141,41,78,-37
108000142,53,71,-18
108000143,30,24,6
108000144,67,18,49
108000145,39,13,26
108000146,95,9,86
108000147,40,13,27
108000148,88,10,78
108000149,32,13,19
108000150,45,11,34
108000151,22,21,1
108000152,112,453,-341
108000153,587,160,427
108000154,96,11,85
108000155,41,17,24
108000156,307,134,173
108000157,242,1248,-1006
108000158,87,866,-779
108000159,484,210,274
108000160,2398,1177,1221
108000161,2251,3080,-829
108000165,7,286,-279
108000172,9,291,-282
108000173,1501,2298,-797
108000175,352,143,209
108000178,471,333,138
108000179,243,976,-733
108000181,94,28,66
108000182,119,16,103
108000183,25,23,2
108000184,804,2407,-1603
108000185,297,483,-186
108000186,218,58,160
108000187,119,481,-362
108000188,748,232,516
108000189,592,1596,-1004
108000190,37,185,-148
108000192,233,497,-264
108000193,933,56,877
108000194,47,15,32
108000195,2,857,-855
108000196,290,225,65
108000198,500,233,267
108000199,1,217,-216
108000200,608,394,214
108000202,0,268,-268
108000203,120,573,-453
108000204,204,93,111
108000205,266,346,-80
108000339,1364,349,1015
108000364,117,280,-163
108000365,83,312,-229
108000367,268,342,-74
108000368,7,54,-47
108000369,832,238,594
108000371,4,599,-595
108000372,754,7,747
108000373,235,189,46
108000376,156,65,91
108000377,558,221,337
108000378,10107,11369,-1262
108000379,22,323,-301
108000381,80,5,75
108000382,172,2,170
108000383,1,150,-149
108900001,90,730,-640
108900002,206,83,123
108900003,287,570,-283
108900004,265,428,-163
108900005,93,429,-336
108900006,830,210,620
108900007,364,237,127
108900008,154,139,15
108900009,107,105,2
108900010,307,160,147
108900011,669,377,292
108900012,416,432,-16
108900013,217,242,-25
108900014,24,126,-102
108900015,0,152,-152
108900016,6,253,-247
108900017,224,491,-267
108900018,150,429,-279
108900019,40,549,-509
108900020,68,174,-106
108900021,171,215,-44
108900022,208,18,190
108900023,5,44,-39
108900024,40,101,-61
108900025,157,88,69
108900026,29,100,-71
108900027,0,55,-55
108900028,92,204,-112
108900029,53,201,-148
108900030,0,58,-58
108900031,142,318,-176
108900032,14,174,-160
108900033,0,91,-91
108900034,0,163,-163
108900035,276,972,-696
108900036,230,228,2
108900037,53,284,-231
108900038,2,259,-257
108900039,1,240,-239
108900040,11,88,-77
108900041,4739,3530,1209
108900042,12,356,-344
108900043,72,455,-383
108900044,6,317,-311
108900045,73,333,-260
108900046,25,532,-507
108900047,1,132,-131
108900048,103,670,-567
108900049,2299,1489,810
108900050,1,182,-181
108900051,0,112,-112
108900052,18,175,-157
108900053,78,210,-132
108900054,92,202,-110
108900055,63,325,-262
108900056,0,117,-117
108900057,0,103,-103
108900058,40,258,-218
108900059,525,58,467
108900060,127,144,-17
108900061,98,31,67
108900062,4,203,-199
108900063,12,176,-164
108900064,306,48,258
108900065,16,141,-125
108900066,521,154,367
108900067,11,150,-139
108900068,8,97,-89
108900069,82,100,-18
108900070,31,67,-36
108900071,125,71,54
108900072,1950,691,1259
108900073,28,256,-228
108900074,223,285,-62
108900075,48,60,-12
108900076,440,81,359
108900077,109,335,-226
108900078,47,102,-55
108900079,592,186,406
108900080,39,853,-814
108900081,63,247,-184
108900082,128,92,36
108900083,29,289,-260
108900084,338,165,173
108900085,1997,183,1814
108900086,164,188,-24
108900087,101,158,-57
108900088,1122,376,746
108900089,29,185,-156
108900090,44,198,-154
108900091,126,57,69
108900092,638,361,277
108900093,116,82,34
108900094,294,88,206
108900095,52,270,-218
108900096,284,17,267
108900097,351,195,156
108900098,1776,853,923
108900099,417,219,198
108900100,116,149,-33
108900101,223,237,-14
108900102,106,1202,-1096
108900103,177,128,49
108900104,145,327,-182
108900105,5,1330,-1325
108900106,521,291,230
108900108,427,68,359
108900109,347,67,280
108900110,248,279,-31
108900111,446,439,7
108900112,295,37,258
108900113,57,74,-17
108900114,61,11,50
108900115,85,76,9
108900116,128,17,111
108900117,211,24,187
108900118,777,27,750
108900119,320,25,295
108900120,267,166,101
108900121,310,113,197
108900122,150,24,126
108900123,158,101,57
108900124,499,205,294
108900125,513,14,499
108900126,119,26,93
108900127,192,39,153
108900128,144,44,100
108900129,944,149,795
108900130,481,3,478
108900131,412,6,406
108900132,539,75,464
108900133,301,92,209
108900134,411,234,177
108900135,175,8,167
108900136,199,1,198
108900137,186,1,185
108900138,792,89,703
108900139,581,51,530
108900140,306,177,129
108900141,424,16,408
108900142,155,3,152
108900143,68,0,68
108900144,147,1,146
108900145,250,17,233
108900146,91,0,91
108900147,283,3,280
108900148,106,56,50
108900149,592,274,318
108900150,308,22,286
108900151,189,9,180
108900152,258,16,242
108900153,196,281,-85
108900154,5284,460,4824
108900155,245,87,158
108900156,87,15,72
108900157,32,336,-304
108900158,430,31,399
108900159,6,161,-155
108900160,14,167,-153
108900161,11,316,-305
108900162,138,9,129
108900163,12,304,-292
108900164,51,101,-50
108900165,132,102,30
108900167,1344,7861,-6517
108900168,6477,2809,3668
108900169,87,131,-44
108900171,5778,3248,2530
108900172,203,40,163
108900173,136,364,-228
108900174,931,578,353
108900176,129,432,-303
108900177,4872,7034,-2162
108900178,3166,4123,-957
108900179,615,1961,-1346
108900180,175,342,-167
108900182,48,370,-322
108900183,222,212,10
108900184,468,220,248
108900185,139,535,-396
108900186,81,352,-271
108900187,462,55,407
108900188,681,47,634
108900189,525,175,350
108900190,90,2100,-2010
108900191,264,35,229
108900192,90,187,-97
108900193,232,83,149
108900194,56,430,-374
108900195,159,232,-73
108900196,36,297,-261
108900198,4,321,-317
108900199,321,383,-62
108900200,660,427,233
108900201,429,1299,-870
108900203,536,134,402
108900204,491,16,475
108900205,193,37,156
108900206,575,116,459
108900207,225,119,106
108900208,22,319,-297
108900209,162,529,-367
108900210,258,196,62
108900211,208,633,-425
108900212,532,1733,-1201
108900215,78,342,-264
108900216,673,290,383
108900217,122,0,122
108900218,138,22,116
108900219,111,10,101
108900220,65,26,39
108900221,52,204,-152
108900222,299,17,282
108900223,13,140,-127
108900224,28,209,-181
108900225,2,193,-191
108900226,312,43,269
108900227,142,394,-252
108900230,165,200,-35
108900231,43,153,-110
108900232,2,164,-162
108900233,502,121,381
108900234,340,165,175
108900235,233,612,-379
108900236,58,456,-398
108900237,90,187,-97
108900240,157,137,20
108900241,35,43,-8
108900245,23,1627,-1604
108900249,194,44,150
108900250,441,132,309
108900257,216,383,-167
108900258,29,168,-139
108900259,90,66,24
108900260,8,70,-62
108900261,73,84,-11
108900262,136,137,-1
108900263,43,165,-122
108900264,511,257,254
108900265,932,496,436
108900266,583,693,-110
108900267,6,136,-130
108900268,12,11,1
108900269,112,27,85
108900270,83,10,73
108900271,98,13,85
108900272,280,14,266
108900273,657,979,-322
108900274,70,28,42
109000001,2937,1955,982
109000002,1345,2026,-681
109000003,2908,467,2441
109000004,586,1970,-1384
109000005,2634,640,1994
109000006,762,1961,-1199
109000007,1846,631,1215
109000008,642,1549,-907
109000009,4137,1349,2788
109000010,1336,3244,-1908
109000011,3747,2589,1158
109000012,1896,2926,-1030
109000013,4471,3849,622
109000014,2165,3116,-951
109000015,4142,8324,-4182
109000016,5685,3204,2481
109000017,2873,1369,1504
109000018,977,2471,-1494
109000019,2795,1391,1404
109000020,1006,1789,-783
109000023,307,41,266
109000024,12,210,-198
109000025,372,545,-173
109000026,702,319,383
109000027,119,304,-185
109000028,177,87,90
109000029,153,215,-62
109000030,72,531,-459
109000031,267,190,77
109000032,123,493,-370
109000033,395,276,119
109000034,75,41,34
109000035,11,78,-67
109000036,90,325,-235
109000037,302,1614,-1312
109000038,512,427,85
109000039,1133,1034,99
109000040,4715,10482,-5767
109000041,2351,1876,475
109000042,517,1266,-749
109000044,419,74,345
109000045,138,408,-270
109000046,402,92,310
109000047,92,453,-361
109000048,884,279,605
109000049,335,650,-315
109000050,474,320,154
109000051,311,271,40
109000052,556,796,-240
109000053,293,83,210
109000054,302,501,-199
109000055,266,399,-133
109000056,426,480,-54
109000057,884,528,356
109000058,889,284,605
109000059,694,1491,-797
109000060,418,356,62
109000061,807,1414,-607
109000062,149,452,-303
109000063,266,175,91
109000064,364,180,184
109000065,237,206,31
109000066,502,76,426
109000067,85,287,-202
109000068,2398,11,2387
109000069,947,37,910
109000070,16,1486,-1470
109000071,367,104,263
109000072,86,261,-175
109000073,52,105,-53
109000074,29,205,-176
109000075,50,326,-276
109000076,115,234,-119
109000077,347,259,88
109000078,121,172,-51
109000079,148,157,-9
109000080,192,101,91
109000081,140,393,-253
109000082,876,227,649
109000083,215,601,-386
109000088,132,428,-296
109000089,287,66,221
109000090,155,338,-183
109000091,354,232,122
109000092,350,458,-108
109000093,266,211,55
109000094,692,5,687
109000095,101,334,-233
109000096,707,292,415
109000097,97,164,-67
109000098,52,164,-112
109000099,1168,373,795
109000100,357,575,-218
109000101,2011,715,1296
109000102,495,738,-243
109000103,545,649,-104
109000104,2398,575,1823
109000105,554,1163,-609
109000106,2265,912,1353
109000107,649,1941,-1292
109000108,2064,676,1388
109000109,497,1627,-1130
109000110,1503,608,895
109000111,1005,1745,-740
109000112,555,129,426
109000113,593,250,343
109000114,269,453,-184
109000115,1156,45,1111
109000116,2,260,-258
109000117,286,54,232
109000118,10,316,-306
109000119,1651,216,1435
109000120,244,698,-454
109000121,560,38,522
109000122,128,644,-516
109000123,41,56,-15
109000124,739,413,326
109000125,929,276,653
109000126,457,781,-324
109000127,1109,187,922
109000128,564,1179,-615
109000129,2767,846,1921
109000130,561,1392,-831
109000131,1146,695,451
109000132,792,1615,-823
109000133,339,879,-540
109000134,880,1208,-328
109000135,1295,1781,-486
109000136,372,327,45
109000137,376,412,-36
109000138,469,283,186
109000139,639,450,189
109000140,211,335,-124
109000141,707,586,121
109000142,151,534,-383
109000143,130,91,39
109000145,154,249,-95
109000146,48,120,-72
109000148,3426,2377,1049
109000149,34,64,-30
109000150,82,312,-230
109000155,907,735,172
109000156,1040,686,354
109000158,187,297,-110
109000159,188,621,-433
109000160,1146,299,847
109000161,429,1004,-575
109000162,2341,700,1641
109000163,1288,1601,-313
109000164,1348,2154,-806
109000165,1581,544,1037
109000166,820,112,708
109000167,134,458,-324
109000170,36,58,-22
109000171,63,62,1
109000172,44,84,-40
109000173,40,89,-49
109000174,104,64,40
109000175,44,80,-36
109000176,379,261,118
109000177,21,113,-92
109000178,886,902,-16
109000179,4573,5552,-979
109000180,5560,4120,1440
109000181,12,17,-5
109000182,34,30,4
109000183,51,38,13
109000184,33,29,4
109000185,33,39,-6
109000188,659,1550,-891
109000189,3352,1011,2341
109000190,742,552,190
109000191,410,472,-62
109000192,469,174,295
109000193,263,224,39
109000194,305,98,207
109000195,180,301,-121
109000196,360,119,241
109000197,271,313,-42
109000198,458,58,400
109000199,183,415,-232
109000206,234,32,202
109000207,124,38,86
109000208,107,101,6
109000209,196,146,50
109000210,207,548,-341
109000211,689,465,224
109000214,418,309,109
109000215,158,99,59
109000216,361,356,5
109000217,284,141,143
109000218,463,288,175
109000221,464,894,-430
109000222,1020,291,729
109000223,382,358,24
109000224,42,84,-42
109000225,70,40,30
109000226,69,172,-103
109000227,1299,1409,-110
109000228,3,1409,-1406
109000231,1,229,-228
109000232,477,250,227
109000236,357,599,-242
109000241,2323,1936,387
109000242,2062,1134,928
109000293,39,86,-47
109000361,78,221,-143
109000364,367,607,-240
109000396,2,417,-415
109000397,694,13,681
109000399,124,389,-265
109000400,102,260,-158
109000403,130,1101,-971
109000406,419,3,416
109000407,335,171,164
109000408,1,378,-377
109000410,1322,284,1038
109000411,277,26,251
109900001,105,0,105
109900002,777,26,751
109900003,253,1,252
109900004,748,102,646
109900005,25,3,22
109900006,756,189,567
109900007,1008,406,602
109900008,0,30,-30
109900009,170,525,-355
109900010,761,28,733
109900011,119,60,59
109900012,415,244,171
109900013,434,195,239
109900014,455,54,401
109900015,438,227,211
109900016,181,26,155
109900017,164,233,-69
109900018,298,49,249
109900019,310,47,263
109900020,58,55,3
109900021,46,26,20
109900022,184,222,-38
109900023,14,12,2
109900024,26,3,23
109900025,17,64,-47
109900026,2,158,-156
109900027,43,107,-64
109900028,990,1142,-152
109900029,7,239,-232
109900030,63,22,41
109900031,1,183,-182
109900032,11,266,-255
109900033,5,497,-492
109900034,51,8,43
109900035,14,31,-17
109900036,31,53,-22
109900037,30,390,-360
109900038,133,261,-128
109900039,14,0,14
109900040,34,448,-414
109900041,68,314,-246
109900042,50,1404,-1354
109900044,182,221,-39
109900045,227,69,158
109900046,40,47,-7
109900047,309,286,23
109900048,12,111,-99
109900049,21,39,-18
109900050,1,83,-82
109900051,0,60,-60
109900052,105,310,-205
109900053,2,154,-152
109900054,784,281,503
109900055,91,282,-191
109900056,27,223,-196
109900057,12,110,-98
109900058,0,97,-97
109900059,973,143,830
109900060,501,124,377
109900061,81,233,-152
109900062,0,126,-126
109900063,25,479,-454
109900064,565,238,327
109900065,73,125,-52
109900066,382,723,-341
109900067,1,181,-180
109900068,116,8,108
109900069,5,28,-23
109900070,55,293,-238
109900071,4,23,-19
109900072,25,178,-153
109900073,540,436,104
109900074,6,37,-31
109900075,33,58,-25
109900076,15,130,-115
109900077,46,38,8
109900078,102,182,-80
109900080,134,270,-136
109900081,13,260,-247
109900082,40,323,-283
109900083,19,53,-34
109900084,77,118,-41
109900085,194,519,-325
109900086,174,520,-346
109900087,261,517,-256
109900089,749,219,530
109900090,485,994,-509
109900091,457,75,382
109900092,1774,46,1728
109900093,1074,199,875
109900094,84,101,-17
109900095,139,210,-71
109900096,35,9,26
109900097,130,2,128
109900098,452,42,410
109900099,233,0,233
109900100,54,1,53
109900101,613,8,605
109900102,577,31,546
109900103,27,30,-3
109900104,685,578,107
109900105,594,27,567
109900106,561,74,487
109900107,967,122,845
109900108,164,356,-192
109900109,32,216,-184
109900110,83,294,-211
109900111,298,718,-420
109900112,324,428,-104
109900113,1019,698,321
109900114,897,1493,-596
109900115,193,123,70
109900117,1128,148,980
109900118,249,441,-192
109900119,553,478,75
109900120,77,15,62
109900121,397,486,-89
109900122,486,13,473
109900123,31,119,-88
109900124,47,345,-298
109900125,0,130,-130
109900126,309,78,231
109900128,319,43,276
109900130,5593,2435,3158
109900131,55,148,-93
109900132,36,132,-96
109900133,102,235,-133
109900134,114,111,3
109900135,350,89,261
109900136,62,146,-84
109900137,206,295,-89
109900140,224,140,84
109900142,1616,327,1289
109900145,7,573,-566
109900146,415,59,356
109900148,35,78,-43
109900149,39,54,-15
109900150,4,94,-90
109900151,11,71,-60
109900152,0,36,-36
109900153,0,73,-73
109900154,118,2,116
109900155,84,26,58
109900157,58,197,-139
109900158,93,128,-35
109900159,139,39,100
109900160,121,68,53
109900161,243,70,173
109900162,233,99,134
109900163,719,376,343
109900164,86,223,-137
109900165,327,3,324
109900166,0,125,-125
109900167,183,439,-256
109900168,245,620,-375
109900169,269,159,110
109900170,223,1041,-818
109900171,193,73,120
109900172,193,249,-56
109900173,2643,2535,108
109900174,79,112,-33
109900175,101,64,37
109900176,140,165,-25
109900177,45,195,-150
109900178,7,262,-255
109900179,61,10,51
109900180,3,19,-16
110000001,957,494,463
110000002,632,807,-175
110000003,935,741,194
110000004,514,787,-273
110000005,434,1944,-1510
110000006,356,379,-23
110000007,188,103,85
110000008,22,101,-79
110000009,32,13,19
110000010,37,64,-27
110000011,48,65,-17
110000012,715,337,378
110000013,51,659,-608
110000014,656,424,232
110000015,297,811,-514
110000016,263,1642,-1379
110000017,2966,321,2645
110000018,2887,484,2403
110000019,22,121,-99
110000020,818,242,576
110000021,749,603,146
110000022,1239,285,954
110000023,18,177,-159
110000024,787,588,199
110000025,365,10,355
110000026,2,278,-276
110000027,834,1319,-485
110000028,998,756,242
110000029,649,613,36
110000030,307,442,-135
110000031,298,365,-67
110000032,850,411,439
110000033,314,269,45
110000034,538,780,-242
110000035,1228,691,537
110000036,1108,788,320
110000037,296,551,-255
110000038,324,701,-377
110000039,768,3980,-3212
110000040,274,424,-150
110000041,328,1751,-1423
110000042,106,611,-505
110000043,1005,386,619
110000044,218,866,-648
110000045,1644,212,1432
110000046,10,59,-49
110000047,147,93,54
110000048,11,76,-65
110000049,40,19,21
110000050,18,105,-87
110000051,46,25,21
110000052,41,27,14
110000053,159,22,137
110000054,270,588,-318
110000055,800,95,705
110000056,209,152,57
110000057,482,716,-234
110000058,1422,525,897
110000059,1256,535,721
110000060,1053,1143,-90
110000061,948,786,162
110000062,817,921,-104
110000063,42,110,-68
110000064,94,75,19
110000065,80,69,11
110000066,85,34,51
110000067,113,192,-79
110000068,360,119,241
110000069,320,84,236
110000071,201,98,103
110000073,9,21,-12
110000075,14,68,-54
110000076,302,480,-178
110000077,454,1634,-1180
110000078,30,37,-7
110000080,238,581,-343
110000081,96,296,-200
110000082,49,464,-415
110000083,216,551,-335
110000084,1570,1054,516
110000085,1636,1674,-38
110000086,1557,2660,-1103
110000087,16,76,-60
110000088,107,242,-135
110000089,284,116,168
110000090,203,254,-51
110000091,1008,258,750
110000092,41,72,-31
110000093,58,12,46
110000094,547,273,274
110000095,307,710,-403
110000096,1851,1952,-101
110000097,1166,1381,-215
110000098,2368,674,1694
110000099,901,1576,-675
110000100,1063,417,646
110000101,17,286,-269
110000102,78,29,49
110000104,358,171,187
110000105,90,326,-236
110000106,735,463,272
110000107,272,342,-70
110000108,140,91,49
110000109,352,274,78
110000110,3041,5659,-2618
110000111,6178,3457,2721
110000112,1258,1680,-422
110000113,317,2518,-2201
110000114,270,755,-485
110000115,449,320,129
110000116,45,58,-13
110000117,330,330,0
110000118,551,152,399
110000119,310,345,-35
110000120,447,200,247
110000121,99,469,-370
110000122,476,643,-167
110000123,737,766,-29
110000124,4,831,-827
110000125,1108,7,1101
110000126,361,23,338
110000127,1199,68,1131
110000128,54,1377,-1323
110000129,2,527,-525
110000130,302,235,67
110000131,91,279,-188
110000132,4,672,-668
110000133,45,503,-458
110000134,26,354,-328
110000135,196,40,156
110000136,69,261,-192
110000137,667,537,130
110000138,891,577,314
110000139,973,927,46
110000140,1077,682,395
110000143,721,440,281
110000144,5529,2140,3389
110000145,2030,1540,490
110000146,2640,1049,1591
110000147,707,794,-87
110000148,728,265,463
110000151,1020,1516,-496
110000152,880,486,394
110000153,177,28,149
110000154,55,58,-3
110000155,1811,4664,-2853
110000156,968,2773,-1805
110000157,2128,2633,-505
110000160,536,322,214
110000161,267,249,18
110000166,733,161,572
110000167,1128,514,614
110000168,1199,496,703
110000169,1088,418,670
110000170,111,90,21
110000171,744,179,565
110000172,203,741,-538
110000173,991,1006,-15
110000174,192,841,-649
110000175,854,89,765
110000176,164,406,-242
110000177,255,897,-642
110000178,436,1883,-1447
110000179,1460,407,1053
110000180,245,330,-85
110000181,597,449,148
110000182,372,193,179
110000183,9368,8905,463
110000184,359,2955,-2596
110000185,1736,1044,692
110000186,869,806,63
110000191,1115,283,832
110000192,763,11,752
110000193,1331,7,1324
110000194,23,913,-890
110000195,552,294,258
110000196,462,268,194
110000197,142,169,-27
110000198,131,65,66
110000199,106,162,-56
110000200,1032,539,493
110000201,1043,1226,-183
110000202,1542,656,886
110000203,629,642,-13
110000204,1,198,-197
110000205,183,55,128
110000206,663,1210,-547
110000207,1330,497,833
110000208,370,297,73
110000209,154,1890,-1736
110000210,1500,510,990
110000211,1243,1301,-58
110000212,553,1225,-672
110000213,339,84,255
110000214,326,105,221
110000215,193,343,-150
110000216,124,261,-137
110000217,418,119,299
110000218,193,261,-68
110000219,330,85,245
110000220,85,251,-166
110000221,404,86,318
110000222,88,204,-116
110000223,3,165,-162
110000224,50,6,44
110000225,302,783,-481
110000226,263,54,209
110000227,967,1013,-46
110000228,391,162,229
110000229,1,170,-169
110000230,973,1028,-55
110000231,264,241,23
110000232,452,399,53
110000233,361,379,-18
110000234,1063,2276,-1213
110000235,1389,1459,-70
110000236,668,682,-14
110000237,2844,2007,837
110000238,1308,1578,-270
110000239,2098,1205,893
110000240,2,109,-107
110000242,0,34,-34
110000243,168,142,26
110000244,147,914,-767
110000245,73,461,-388
110000246,1014,542,472
110000247,1411,5429,-4018
110000248,2423,1868,555
110000249,90,12,78
110000250,125,213,-88
110000251,434,513,-79
110000252,308,184,124
110000253,1593,737,856
110000254,764,1222,-458
110000255,264,987,-723
110000256,554,331,223
110000257,647,490,157
110000258,5,658,-653
110000259,185,31,154
110000260,35,247,-212
110000263,827,102,725
110000264,341,410,-69
110000265,1524,2282,-758
110000266,2444,3689,-1245
110000267,29,207,-178
110000268,377,527,-150
110000269,4,106,-102
110000270,116,15,101
110000271,1416,313,1103
110000272,1500,1243,257
110000273,3733,2285,1448
110000274,232,1913,-1681
110000275,2107,699,1408
110000276,287,442,-155
110000277,325,405,-80
110000278,345,694,-349
110000279,988,783,205
110000280,515,469,46
110000281,65,480,-415
110000282,316,25,291
110000283,98,176,-78
110000284,68,38,30
110000285,7,934,-927
110000286,42,1,41
110000287,88,7,81
110000288,9,124,-115
110000289,513,2091,-1578
110000290,839,576,263
110000291,5295,1396,3899
110000292,1510,5350,-3840
110000293,624,630,-6
110000294,1181,1214,-33
110000295,199,941,-742
110000296,611,359,252
110000297,2940,357,2583
110000298,251,543,-292
110000299,272,91,181
110000301,484,40,444
110000302,707,829,-122
110000303,762,2,760
110000304,245,187,58
110000305,1501,24,1477
110000306,223,1172,-949
110000307,1771,15,1756
110000308,691,7,684
110000309,6,766,-760
110000310,895,82,813
110000311,26,736,-710
110000312,499,143,356
110000313,3137,3349,-212
110000314,0,202,-202
110000315,3198,3516,-318
110000316,622,1734,-1112
110000317,650,1479,-829
110000318,13,57,-44
110000319,29,37,-8
110000320,31,83,-52
110000321,24,63,-39
110000322,327,420,-93
110000323,534,293,241
110000324,3365,2095,1270
110000325,2726,3322,-596
110000327,582,433,149
110000328,219,509,-290
110000333,1065,898,167
110000334,911,1471,-560
110000335,1038,532,506
110000336,849,1004,-155
110000337,1637,615,1022
110000338,552,204,348
110000339,356,271,85
110000340,171,243,-72
110000341,490,486,4
110000342,583,6,577
110000343,1,26,-25
110000344,1191,293,898
110000345,1004,330,674
110000346,2563,2451,112
110000347,1483,988,495
110000348,0,1,-1
110000349,0,1,-1
110000350,65,5,60
110000351,1345,804,541
110000352,719,1733,-1014
110000353,3950,704,3246
110000354,1155,4036,-2881
110000355,111,74,37
110000356,1536,11,1525
110000357,586,25,561
110000361,54,44,10
110000362,89,68,21
110000363,555,109,446
110000364,322,440,-118
110000365,209,2,207
110000366,0,102,-102
110000367,519,223,296
110000368,11,77,-66
110000369,150,2,148
110000373,6,304,-298
110000374,168,14,154
110000375,130,1028,-898
110000376,61,161,-100
110000377,106,680,-574
110000378,13,379,-366
110000379,3178,2288,890
110000380,92,20,72
110000383,1,1089,-1088
110000384,1562,1044,518
110000385,0,216,-216
110000387,96,13,83
110000388,67,219,-152
110000389,833,8,825
110000391,884,305,579
110000396,184,129,55
110000397,143,165,-22
110000398,4,51,-47
110000399,165,2,163
110000587,223,116,107
110000589,200,164,36
110000640,183,53,130
110000652,13,431,-418
110000653,348,544,-196
110000654,155,427,-272
110000656,1,474,-473
110000674,36,38,-2
110000675,21,22,-1
110000676,7,64,-57
110000679,329,1469,-1140
110000682,124,216,-92
110000683,383,601,-218
110000684,18,64,-46
110000685,7,19,-12
110000686,1,58,-57
110000687,122,5,117
110000688,71,1107,-1036
110000689,2,5,-3
110000692,60,270,-210
110000693,81,520,-439
110000694,0,194,-194
110000695,197,833,-636
110000696,78,62,16
110900001,341,17,324
110900002,411,267,144
110900003,960,566,394
110900004,583,180,403
110900005,1592,2569,-977
110900006,47,24,23
110900007,172,50,122
110900008,16,38,-22
110900009,561,191,370
110900010,11,56,-45
110900011,51,67,-16
110900012,19,76,-57
110900013,1141,128,1013
110900014,333,28,305
110900015,492,686,-194
110900016,65,117,-52
110900017,580,28,552
110900018,521,79,442
110900019,216,33,183
110900020,134,157,-23
110900021,124,456,-332
110900022,128,224,-96
110900023,171,700,-529
110900024,28,384,-356
110900025,10,67,-57
110900027,89,246,-157
110900028,32,153,-121
110900029,52,315,-263
110900030,43,251,-208
110900031,5,150,-145
110900032,0,63,-63
110900033,58,227,-169
110900035,22,448,-426
110900036,104,26,78
110900037,91,25,66
110900038,1116,175,941
110900039,10,246,-236
110900040,280,49,231
110900041,17,99,-82
110900042,196,44,152
110900043,1,96,-95
110900044,212,20,192
110900045,50,293,-243
110900046,35,202,-167
110900047,591,349,242
110900049,126,118,8
110900050,23,5,18
110900051,40,193,-153
110900052,8,153,-145
110900053,125,43,82
110900054,41,179,-138
110900055,56,5,51
110900056,66,119,-53
110900057,6,132,-126
110900058,325,286,39
110900059,531,504,27
110900060,529,149,380
110900061,22,50,-28
110900062,183,240,-57
110900063,36,287,-251
110900064,19,2,17
110900065,375,163,212
110900066,20,135,-115
110900067,432,741,-309
110900068,497,188,309
110900069,7,17,-10
110900071,283,841,-558
110900073,0,24,-24
110900074,419,102,317
110900075,448,74,374
110900077,1002,518,484
110900078,45,41,4
110900079,1822,1893,-71
110900080,174,91,83
110900081,4,43,-39
110900082,190,108,82
110900083,141,55,86
110900084,50,70,-20
110900085,120,237,-117
110900086,119,375,-256
110900087,512,68,444
110900088,8,1,7
110900090,63,58,5
110900091,2,61,-59
110900093,330,127,203
110900095,86,70,16
110900097,9,25,-16
110900098,46,77,-31
110900099,117,412,-295
110900100,0,11,-11
110900102,37,18,19
110900105,1964,266,1698
110900108,21,58,-37
110900111,633,325,308
110900112,887,12,875
110900113,409,53,356
110900115,61,79,-18
110900116,775,1418,-643
110900118,126,3406,-3280
110900119,3241,305,2936
110900120,32,44,-12
110900121,168,2,166
110900122,525,197,328
110900125,492,582,-90
110900127,699,1606,-907
110900128,310,268,42
110900129,437,1041,-604
110900130,993,750,243
110900131,293,50,243
110900132,430,109,321
110900133,90,166,-76
110900135,83,327,-244
110900136,360,24,336
110900137,89,1,88
110900138,1608,1148,460
110900139,22,337,-315
110900140,88,8,80
110900141,53,488,-435
110900142,73,163,-90
110900143,282,106,176
110900144,1,549,-548
110900145,182,75,107
110900146,674,201,473
110900147,133,680,-547
110900148,4,268,-264
110900149,4,73,-69
110900150,119,24,95
110900151,16,148,-132
110900152,29,179,-150
110900153,230,72,158
111000001,740,418,322
111000002,670,486,184
111000003,1239,696,543
111000004,381,915,-534
111000005,1377,1231,146
111000006,923,1538,-615
111000007,5163,3038,2125
111000008,2114,3333,-1219
111000009,454,929,-475
111000010,822,334,488
111000011,355,1313,-958
111000012,648,473,175
111000013,401,1265,-864
111000014,1375,470,905
111000017,116,1036,-920
111000018,281,393,-112
111000020,1007,2225,-1218
111000021,105,122,-17
111000023,112,153,-41
111000025,4356,4213,143
111000029,101,108,-7
111000030,35,105,-70
111000031,2303,1416,887
111000032,504,384,120
111000033,292,311,-19
111000034,119,239,-120
111000037,1321,850,471
111000038,3846,2380,1466
111000039,1924,2028,-104
111000040,1796,2030,-234
111000041,1571,1507,64
111000042,2493,2283,210
111000043,2279,3441,-1162
111000044,2300,1182,1118
111000045,2770,2610,160
111000046,1992,2065,-73
111000047,3197,4586,-1389
111000049,568,547,21
111000050,1541,1215,326
111000051,573,952,-379
111000052,544,1548,-1004
111000053,413,860,-447
111000054,432,711,-279
111000055,1032,1442,-410
111000056,135,403,-268
111000057,114,482,-368
111000058,484,93,391
111000059,557,324,233
111000060,4296,973,3323
111000061,621,368,253
111000062,1016,360,656
111000063,2011,1011,1000
111000064,888,566,322
111000065,1356,852,504
111000066,663,498,165
111000067,625,647,-22
111000068,743,1002,-259
111000069,1849,2013,-164
111000070,1169,932,237
111000071,292,505,-213
111000072,1392,611,781
111000073,348,1011,-663
111000074,1848,1742,106
111000075,1095,621,474
111000076,677,762,-85
111000077,1801,1600,201
111000078,3137,1438,1699
111000079,1366,780,586
111000080,653,654,-1
111000081,1814,4970,-3156
111000082,947,611,336
111000084,880,664,216
111000085,1075,1103,-28
111000086,3124,937,2187
111000087,795,598,197
111000088,6913,2650,4263
111000089,830,776,54
111000090,968,1288,-320
111000091,893,502,391
111000092,1602,840,762
111000093,889,1097,-208
111000094,2014,1110,904
111000095,741,2368,-1627
111000096,1728,7912,-6184
111000097,4601,1587,3014
111000098,969,1181,-212
111000099,721,1563,-842
111000100,470,1257,-787
111000101,463,981,-518
111000102,283,706,-423
111000104,829,254,575
111000107,144,887,-743
111000109,950,276,674
111000110,1847,856,991
111000111,2528,539,1989
111000112,2027,670,1357
111000113,1154,1801,-647
111000114,2209,4015,-1806
111000115,5300,1108,4192
111000116,875,844,31
111000117,429,932,-503
111000118,1388,782,606
111000119,1134,975,159
111000120,515,682,-167
111000121,391,700,-309
111000122,568,995,-427
111000123,1169,2491,-1322
111000124,422,2317,-1895
111000125,285,1229,-944
111000126,96,717,-621
111000127,1153,168,985
111000128,2240,317,1923
111000129,3258,526,2732
111000130,2648,632,2016
111000131,2007,553,1454
111000132,1921,989,932
111000133,243,153,90
111000134,156,91,65
111000135,56,161,-105
111000136,402,339,63
111000138,22,7,15
111000140,2,7,-5
111000141,208,429,-221
111000142,26,146,-120
111000143,3,199,-196
111000144,32,873,-841
111000145,980,25,955
111000146,115,14,101
111000147,324,52,272
111000148,163,82,81
111000149,5,36,-31
111000150,43,7,36
111000151,17,28,-11
111000153,683,813,-130
111000154,808,215,593
111000155,132,171,-39
111000156,592,778,-186
111000157,256,1235,-979
111000158,1066,792,274
111000159,3455,752,2703
111000160,468,299,169
111000161,13,348,-335
111000162,94,175,-81
111000163,798,917,-119
111000164,673,3790,-3117
111000165,1002,498,504
111000166,1807,389,1418
111000167,201,383,-182
111000168,224,466,-242
111000169,376,744,-368
111000170,380,423,-43
111000171,520,604,-84
111000172,180,436,-256
111000173,465,808,-343
111000174,252,292,-40
111000175,61,516,-455
111000176,405,81,324
111000177,393,194,199
111000178,1639,400,1239
111000179,262,137,125
111000180,299,451,-152
111000181,1373,227,1146
111000182,331,220,111
111000183,401,336,65
111000184,344,237,107
111000185,401,355,46
111000186,343,232,111
111000187,167,161,6
111000188,291,296,-5
111000189,974,640,334
111000190,224,297,-73
111000191,231,268,-37
111000192,189,454,-265
111000193,308,267,41
111000194,61,324,-263
111000195,225,290,-65
111000196,68,195,-127
111000197,557,120,437
111000198,862,104,758
111000199,269,177,92
111000200,467,339,128
111000201,758,229,529
111000202,394,184,210
111000203,361,313,48
111000204,527,1501,-974
111000213,235,505,-270
111000214,1770,1321,449
111000215,1154,1172,-18
111000217,1718,897,821
111000218,1453,1090,363
111000219,436,209,227
111000220,1345,795,550
111000221,576,115,461
111000224,19,240,-221
111000225,399,352,47
111000226,104,3,101
111000227,50,6,44
111000228,36,449,-413
111000229,97,933,-836
111000230,274,296,-22
111000231,1070,567,503
111000232,729,882,-153
111000233,1076,603,473
111000234,136,457,-321
111000239,106,164,-58
111000240,75,230,-155
111000241,36,275,-239
111000242,269,102,167
111000243,140,478,-338
111000244,657,95,562
111000245,1168,399,769
111000246,703,310,393
111000247,434,679,-245
111000248,814,410,404
111000249,451,509,-58
111000250,44,70,-26
111000251,30,81,-51
111000253,22,26,-4
111000255,74,9,65
111000257,48,56,-8
111000260,75,1137,-1062
111000261,1435,112,1323
111000271,49,300,-251
111000273,3305,1213,2092
111000274,1432,2625,-1193
111000275,172,59,113
111000276,276,1443,-1167
111000277,213,362,-149
111000278,647,268,379
111000291,862,7094,-6232
111000298,651,237,414
111000299,746,179,567
111000300,125,528,-403
111000302,315,72,243
111000303,89,211,-122
111000312,44,71,-27
111000315,3,76,-73
111000320,264,639,-375
111000321,523,127,396
111000322,416,417,-1
111000323,346,28,318
111000324,430,223,207
111000325,41,57,-16
111000326,232,268,-36
111000327,516,366,150
111000328,317,537,-220
111000329,0,42,-42
111000330,92,8,84
111000331,21,8,13
111000332,630,1268,-638
111000334,397,1174,-777
111000335,1011,267,744
111000337,1420,404,1016
111000338,93,110,-17
111000339,788,315,473
111000340,110,477,-367
111000341,1300,686,614
111000342,198,1224,-1026
111000344,1133,636,497
111000345,230,113,117
111000346,30,108,-78
111000347,175,20,155
111000350,186,131,55
111000351,97,367,-270
111000352,240,173,67
111000353,190,272,-82
111000354,665,151,514
111000355,288,734,-446
111000358,149,977,-828
111000360,252,537,-285
111000361,214,193,21
111000546,1059,663,396
111000547,535,435,100
111000548,142,337,-195
111000549,354,285,69
111000550,69,1005,-936
111000551,764,160,604
111000552,1473,225,1248
111000907,454,23,431
111000908,25,2,23
111000916,1875,306,1569
111000917,36,407,-371
111000918,299,783,-484
111000920,619,30,589
111000921,4,205,-201
111000922,630,286,344
111000924,60,657,-597
111000925,3123,1940,1183
111000926,1251,1405,-154
111000927,3214,4221,-1007
111000928,4103,2668,1435
111000929,1510,1173,337
111000930,776,1851,-1075
111000931,2249,2854,-605
111000932,3885,1955,1930
111000933,4320,2847,1473
111000934,2120,3480,-1360
111000935,1888,1020,868
111000936,1132,1939,-807
111000937,1246,1446,-200
111000938,1495,1414,81
111000939,652,56,596
111000940,583,118,465
111000941,487,481,6
111000943,616,290,326
111000944,158,279,-121
111000945,129,1044,-915
111001109,571,448,123
111001110,171,477,-306
111001111,84,16,68
111001112,170,42,128
111001113,0,175,-175
111001114,864,166,698
111001115,45,758,-713
111001116,4453,4447,6
111001117,679,2449,-1770
111001120,134,304,-170
111001121,231,198,33
111001122,262,386,-124
111001123,286,68,218
111001124,99,156,-57
111001125,1,42,-41
111900001,16,95,-79
111900002,38,555,-517
111900003,12,277,-265
111900004,43,114,-71
111900006,15,54,-39
111900007,134,3,131
111900008,228,2,226
111900009,222,180,42
111900010,316,412,-96
111900012,59,76,-17
111900013,24,65,-41
111900014,4056,4581,-525
111900015,0,36,-36
111900016,0,97,-97
111900017,1,100,-99
111900018,164,7,157
111900019,8,149,-141
111900020,4,68,-64
111900021,50,107,-57
111900022,15,63,-48
111900023,102,109,-7
111900024,6,68,-62
111900025,0,24,-24
111900026,6,55,-49
111900027,1,79,-78
111900028,2,250,-248
111900029,6,50,-44
111900030,51,373,-322
111900031,62,44,18
111900032,3,244,-241
111900033,4,64,-60
111900034,191,416,-225
111900035,70,239,-169
111900036,0,202,-202
111900038,236,523,-287
111900039,37,322,-285
111900040,5,387,-382
111900042,56,111,-55
111900043,4,270,-266
111900044,317,193,124
111900046,23,125,-102
111900048,336,428,-92
111900049,23,164,-141
111900050,142,31,111
111900051,2,214,-212
111900052,300,377,-77
111900053,989,1903,-914
111900054,185,6,179
111900055,9,298,-289
111900056,189,287,-98
111900057,199,33,166
111900058,477,494,-17
111900059,1552,779,773
111900060,418,4,414
111900061,8,165,-157
111900062,22,88,-66
111900063,383,221,162
111900064,77,161,-84
111900065,81,23,58
111900066,148,154,-6
111900067,1,282,-281
111900068,67,41,26
111900069,92,31,61
111900070,200,114,86
111900071,2,193,-191
111900072,68,28,40
111900073,1014,183,831
111900074,15,178,-163
111900075,110,9,101
111900076,249,63,186
111900077,56,3,53
111900078,378,23,355
111900079,55,39,16
111900080,232,322,-90
111900082,189,48,141
111900083,196,17,179
111900084,149,24,125
111900085,60,110,-50
111900086,37,5,32
111900087,69,2,67
111900088,617,9,608
111900089,126,8,118
111900090,80,26,54
111900091,279,1,278
111900092,103,0,103
111900093,447,9,438
111900094,124,4,120
111900095,265,47,218
111900096,223,1,222
111900097,111,0,111
111900098,294,6,288
111900099,47,0,47
111900100,161,8,153
111900101,169,16,153
111900102,611,411,200
111900103,112,121,-9
111900104,220,125,95
111900105,357,282,75
111900106,816,45,771
111900110,1637,474,1163
111900111,399,229,170
111900112,532,3140,-2608
111900113,258,81,177
111900118,449,82,367
111900119,359,172,187
111900122,148,101,47
111900123,25,35,-10
111900124,40,107,-67
111900125,625,53,572
111900126,310,7,303
111900127,4,474,-470
111900128,3,412,-409
111900129,410,50,360
111900130,227,59,168
111900131,574,6,568
111900132,21,898,-877
111900133,17,221,-204
111900134,21,178,-157
111900135,10,34,-24
111900136,94,141,-47
111900137,84,56,28
111900138,15,61,-46
111900139,19,103,-84
111900140,163,26,137
111900141,63,13,50
111900142,109,29,80
111900143,20,176,-156
111900144,6,58,-52
111900145,0,321,-321
111900146,2,174,-172
111900147,121,363,-242
111900148,27,464,-437
111900149,6,219,-213
111900150,9,134,-125
111900151,3,28,-25
111900152,77,90,-13
111900153,1047,604,443
111900154,13,334,-321
111900155,50,98,-48
111900156,89,74,15
111900157,133,23,110
111900158,645,110,535
111900159,326,38,288
111900160,359,3,356
111900161,191,3,188
111900162,97,202,-105
111900163,75,213,-138
111900164,120,83,37
111901113,726,184,542
111901114,240,254,-14
111901115,95,4,91
111901116,42,2,40
111901117,36,44,-8
111901118,57,319,-262
111901119,546,67,479
111901121,137,183,-46
111901122,4,350,-346
111901123,243,271,-28
111901124,268,5,263
111901125,488,179,309
111901127,504,692,-188
111901128,21,84,-63
111901129,9,141,-132
111901130,8,153,-145
111901131,4,260,-256
111901132,70,30,40
111901133,49,3,46
111901134,146,6,140
111901135,38,9,29
111901136,57,76,-19
111901137,1,31,-30
111901138,239,54,185
111901139,20,30,-10
111901140,2,93,-91
111901141,11,136,-125
111901142,1,77,-76
111901143,0,105,-105
111901144,45,51,-6
111901145,230,344,-114
111901146,341,23,318
112000001,2068,679,1389
112000002,719,1978,-1259
112000003,1869,1191,678
112000004,793,807,-14
112000005,4074,4088,-14
112000006,2104,1633,471
112000007,4350,2690,1660
112000008,3211,4136,-925
112000009,3057,2574,483
112000010,4016,4756,-740
112000011,1644,1661,-17
112000012,6028,6859,-831
112000013,3928,3937,-9
112000014,2630,3886,-1256
112000015,2445,4496,-2051
112000016,6763,3246,3517
112000017,2878,5163,-2285
112000024,2209,820,1389
112000026,2880,3464,-584
112000027,984,671,313
112000028,1122,1503,-381
112000029,748,903,-155
112000030,134,74,60
112000031,1638,5952,-4314
112000032,239,64,175
112000033,2396,3407,-1011
112000034,170,56,114
112000035,120,873,-753
112000036,875,1814,-939
112000037,1334,1359,-25
112000038,1731,2036,-305
112000039,89,107,-18
112000040,91,242,-151
112000041,431,476,-45
112000042,1129,533,596
112000050,1393,1752,-359
112000051,1240,1981,-741
112000054,1735,1741,-6
112000057,991,498,493
112000058,489,696,-207
112000059,602,875,-273
112000061,3289,2226,1063
112000062,1785,1421,364
112000063,1207,2309,-1102
112000064,4113,5041,-928
112000065,1764,2151,-387
112000066,4287,1703,2584
112000067,736,726,10
112000068,3752,2992,760
112000069,777,1675,-898
112000070,2328,1092,1236
112000071,1240,2622,-1382
112000072,3122,969,2153
112000073,2301,2577,-276
112000074,1944,1405,539
112000075,1581,1525,56
112000076,3840,2674,1166
112000077,814,562,252
112000078,2347,824,1523
112000079,1764,1576,188
112000080,1096,1026,70
112000081,1565,2644,-1079
112000082,1802,989,813
112000083,663,1161,-498
112000084,1506,817,689
112000085,1615,947,668
112000086,2316,1204,1112
112000087,564,432,132
112000088,959,438,521
112000089,542,411,131
112000090,442,385,57
112000091,675,862,-187
112000092,2181,1083,1098
112000093,1565,769,796
112000094,811,888,-77
112000095,761,702,59
112000096,718,584,134
112000097,1510,843,667
112000098,1000,902,98
112000099,970,2067,-1097
112000100,2264,864,1400
112000101,755,752,3
112000102,1658,505,1153
112000103,374,844,-470
112000105,519,1119,-600
112000106,2028,414,1614
112000107,9,287,-278
112000108,248,1669,-1421
112000109,65,68,-3
112000110,2301,638,1663
112000111,1561,6989,-5428
112000112,6022,902,5120
112000113,1204,1843,-639
112000114,3532,1146,2386
112000115,426,490,-64
112000116,724,1111,-387
112000117,1172,828,344
112000118,1005,934,71
112000119,418,662,-244
112000120,89,336,-247
112000121,168,420,-252
112000122,390,145,245
112000123,873,171,702
112000124,436,74,362
112000125,336,288,48
112000126,323,339,-16
112000127,2919,3102,-183
112000128,1117,1032,85
112000129,167,90,77
112000130,228,105,123
112000131,46,214,-168
112000132,148,214,-66
112000133,431,199,232
112000134,527,339,188
112000135,1730,970,760
112000136,1290,1985,-695
112000137,2628,4613,-1985
112000138,2474,2708,-234
112000139,1043,715,328
112000140,837,1057,-220
112000141,1055,405,650
112000142,158,499,-341
112000143,1209,219,990
112000144,322,901,-579
112000145,3100,599,2501
112000146,574,1496,-922
112000147,3004,1878,1126
112000148,1677,2305,-628
112000149,598,533,65
112000150,393,582,-189
112000151,376,363,13
112000152,502,381,121
112000153,186,280,-94
112000154,164,292,-128
112000155,115,164,-49
112000157,783,694,89
112000158,356,391,-35
112000159,671,376,295
112000167,488,77,411
112000169,303,547,-244
112000173,984,313,671
112000175,457,417,40
112000176,2640,2191,449
112000177,923,263,660
112000178,116,304,-188
112000179,343,83,260
112000180,266,358,-92
112000181,1567,1597,-30
112000182,1500,1206,294
112000183,44,57,-13
112000184,445,339,106
112000185,667,426,241
112000187,4745,3036,1709
112000195,215,19,196
112000196,241,2,239
112000197,278,285,-7
112000198,55,286,-231
112000199,1124,914,210
112000202,555,3,552
112000216,67,240,-173
112000230,106,5,101
112000231,2,240,-238
112000256,82,311,-229
112000313,82,108,-26
112000314,79,47,32
112000337,540,664,-124
112000352,419,464,-45
112000392,1889,1511,378
112000398,1858,1015,843
112000399,1749,2888,-1139
112000400,2042,2532,-490
112000401,2361,2277,84
112000402,4053,4351,-298
112000403,1947,3871,-1924
112000404,1131,1178,-47
112000405,2323,3231,-908
112000406,2822,1933,889
112000407,8798,9238,-440
112000408,7712,5456,2256
112000409,1644,3543,-1899
112000410,537,393,144
112000411,3527,1978,1549
112000412,1429,668,761
112000413,6878,6922,-44
112000414,117,58,59
112000415,126,41,85
112000416,3042,1474,1568
112000417,367,105,262
112000421,44,116,-72
112000422,403,308,95
112000424,1944,3192,-1248
112000425,567,649,-82
112000426,163,362,-199
112000427,1,8,-7
112000428,254,301,-47
112000429,2465,2445,20
112000430,2766,3257,-491
112000431,105,186,-81
112000432,670,1028,-358
112000433,481,1039,-558
112000437,59,137,-78
112900001,72,0,72
112900002,579,707,-128
112900003,110,298,-188
112900004,87,229,-142
112900005,314,182,132
112900006,20,296,-276
112900007,71,185,-114
112900008,1,46,-45
112900009,470,142,328
112900010,371,765,-394
112900011,136,187,-51
112900012,1,47,-46
112900013,3,431,-428
112900014,9,266,-257
112900015,400,685,-285
112900016,6,197,-191
112900017,57,246,-189
112900018,0,191,-191
112900019,56,155,-99
112900020,460,1042,-582
112900021,5,201,-196
112900022,19,86,-67
112900023,1,124,-123
112900024,17,186,-169
112900025,133,357,-224
112900026,7,183,-176
112900027,5,880,-875
112900028,19,134,-115
112900029,11,477,-466
112900030,96,129,-33
112900031,6,328,-322
112900032,271,300,-29
112900034,1,41,-40
112900035,3,338,-335
112900036,80,171,-91
112900037,145,275,-130
112900038,750,144,606
112900039,6,265,-259
112900040,6,940,-934
112900041,807,1238,-431
112900042,144,276,-132
112900043,42,73,-31
112900044,502,471,31
112900045,266,372,-106
112900046,190,71,119
112900047,13,48,-35
112900049,224,84,140
112900050,81,585,-504
112900051,296,551,-255
112900052,11,695,-684
112900053,354,192,162
112900054,280,67,213
112900055,163,42,121
112900056,430,312,118
112900057,35,402,-367
112900058,347,348,-1
112900059,124,215,-91
112900060,32,155,-123
112900061,107,119,-12
112900062,93,126,-33
112900063,106,12,94
112900064,186,234,-48
112900065,42,23,19
112900066,392,226,166
112900067,359,174,185
112900068,73,61,12
112900069,2090,1045,1045
112900071,49,13,36
112900072,191,2446,-2255
112900073,723,155,568
112900074,133,351,-218
112900075,1186,1171,15
112900076,63,45,18
112900078,379,480,-101
112900079,337,37,300
112900080,94,5,89
112900081,57,245,-188
112900082,608,16,592
112900083,143,125,18
112900084,280,125,155
112900086,103,0,103
112900087,904,153,751
112900088,221,71,150
112900089,1032,36,996
112900090,74,38,36
112900091,340,10,330
112900092,186,424,-238
112900093,1828,28,1800
112900095,60,0,60
112900096,578,182,396
112900097,72,335,-263
112900098,314,8,306
112900099,941,31,910
112900100,73,1,72
112900101,424,4,420
112900102,256,15,241
112900103,241,5,236
112900104,155,6,149
112900105,21,0,21
112900106,528,146,382
112900107,7,1,6
112900108,24,4,20
112900109,127,0,127
112900110,1414,14,1400
112900111,740,5,735
112900112,364,2,362
112900113,0,14,-14
112900114,234,44,190
112900115,1611,4,1607
112900116,169,34,135
112900117,102,59,43
112900118,30,99,-69
112900119,242,8,234
112900120,839,323,516
112900121,111,155,-44
112900122,13,108,-95
112900123,140,18,122
112900124,29,84,-55
112900125,105,677,-572
112900126,158,247,-89
112900127,430,97,333
112900128,207,716,-509
112900129,1,814,-813
112900130,289,89,200
112900131,44,459,-415
112900132,123,556,-433
112900133,25,1426,-1401
112900134,4,422,-418
112900135,100,60,40
112900137,3,418,-415
112900138,10,261,-251
112900139,189,962,-773
112900141,1009,42,967
112900142,85,204,-119
112900143,19,392,-373
112900144,3,265,-262
112900145,13,347,-334
112900146,5,948,-943
112900147,3,1180,-1177
112900148,73,7,66
112900149,294,640,-346
112900151,25,75,-50
112900152,4140,840,3300
112900153,1674,2713,-1039
112900154,0,114,-114
112900155,242,71,171
112900156,395,857,-462
112900157,589,133,456
112900158,86,33,53
112900159,296,162,134
112900160,77,274,-197
112900161,123,51,72
112900162,27,30,-3
112900163,72,56,16
112900164,32,211,-179
112900165,185,28,157
112900166,20,99,-79
112900167,7,83,-76
112900168,4,1,3
112900169,11,27,-16
112900170,247,132,115
112900172,50,7,43
112900173,191,96,95
112900174,284,58,226
112900175,189,204,-15
112900176,16,91,-75
112900177,272,61,211
112900178,828,3053,-2225
112900179,47,508,-461
112900180,2433,1895,538
112900181,794,7,787
112900182,71,739,-668
112900183,203,363,-160
112900184,474,542,-68
112900185,347,952,-605
112900186,1595,1466,129
112900187,110,759,-649
112900188,730,1619,-889
112900189,12,30,-18
112900190,2,98,-96
112900192,859,787,72
112900193,1571,418,1153
112900194,69,76,-7
112900195,1272,54,1218
112900196,308,411,-103
112900197,236,475,-239
112900199,719,435,284
112900200,715,252,463
112900201,175,118,57
112900202,452,708,-256
112900203,302,229,73
112900204,968,572,396
112900205,32,19,13
112900206,30,77,-47
112900207,19,1,18
112900208,133,354,-221
112900209,468,287,181
112900210,1,29,-28
112900211,101,81,20
112900212,2,95,-93
112900213,64,7,57
112900214,22,12,10
112900215,11,153,-142
112900216,33,61,-28
112900217,0,54,-54
112900218,171,24,147
112900219,90,14,76
112900220,2,0,2
112900221,161,86,75
112900222,0,53,-53
112900223,1277,27,1250
112900224,426,437,-11
112900225,527,316,211
112900226,361,439,-78
112900227,760,788,-28
112900228,84,35,49
112900229,308,44,264
112900230,8242,4743,3499
112900232,458,281,177
112900233,41,161,-120
112900234,26,87,-61
112900235,140,28,112
112900236,426,18,408
112900237,285,198,87
112900238,10,20,-10
112900239,644,597,47
113000001,6998,5001,1997
113000002,4532,3865,667
113000003,2293,1703,590
113000004,1864,2598,-734
113000005,2233,1113,1120
113000006,1316,1443,-127
113000007,2649,1221,1428
113000008,1844,1900,-56
113000009,1573,894,679
113000010,1384,1427,-43
113000011,1006,1890,-884
113000012,2210,833,1377
113000013,1677,727,950
113000014,1775,2480,-705
113000015,602,511,91
113000016,676,1545,-869
113000017,109,464,-355
113000018,464,80,384
113000019,262,376,-114
113000020,443,107,336
113000021,1221,522,699
113000022,820,1349,-529
113000025,264,1092,-828
113000026,725,723,2
113000027,655,925,-270
113000028,1086,966,120
113000029,1145,807,338
113000030,392,699,-307
113000031,269,315,-46
113000032,284,351,-67
113000033,331,608,-277
113000034,455,378,77
113000035,28,48,-20
113000036,60,93,-33
113000037,68,24,44
113000038,21,72,-51
113000039,178,351,-173
113000040,61,96,-35
113000042,922,694,228
113000051,959,2469,-1510
113000052,2180,811,1369
113000053,598,414,184
113000054,442,752,-310
113000055,1399,592,807
113000056,1280,896,384
113000058,766,846,-80
113000059,1366,621,745
113000060,286,612,-326
113000061,721,1007,-286
113000062,889,313,576
113000063,224,85,139
113000064,65,273,-208
113000065,130,630,-500
113000066,937,111,826
113000067,2536,1090,1446
113000068,364,1014,-650
113000069,590,1036,-446
113000070,2970,994,1976
113000071,574,593,-19
113000072,1006,483,523
113000073,455,1415,-960
113000074,1098,418,680
113000075,2069,725,1344
113000076,631,2361,-1730
113000077,1427,951,476
113000078,786,2749,-1963
113000079,1371,1230,141
113000080,969,1262,-293
113000081,1265,1349,-84
113000082,1650,1364,286
113000083,665,1141,-476
113000084,1911,1418,493
113000085,1032,836,196
113000086,1594,1255,339
113000087,1194,1215,-21
113000088,2717,1515,1202
113000089,1142,1840,-698
113000090,369,692,-323
113000091,639,393,246
113000094,1513,289,1224
113000095,218,770,-552
113000096,175,857,-682
113000097,1227,436,791
113000098,155,39,116
113000099,1265,390,875
113000100,136,507,-371
113000101,326,659,-333
113000102,803,553,250
113000103,1965,392,1573
113000104,709,2182,-1473
113000105,933,611,322
113000106,384,469,-85
113000107,1208,829,379
113000108,793,1165,-372
113000109,637,1792,-1155
113000110,2207,501,1706
113000111,159,678,-519
113000112,405,397,8
113000113,1535,470,1065
113000114,367,1604,-1237
113000116,1152,426,726
113000117,1687,173,1514
113000118,144,794,-650
113000119,570,626,-56
113000120,72,362,-290
113000121,1050,2085,-1035
113000124,309,189,120
113000125,93,876,-783
113000127,2222,352,1870
113000128,952,716,236
113000129,667,915,-248
113000133,2367,2066,301
113000134,3,1227,-1224
113000135,4859,5022,-163
113000137,2090,4110,-2020
113000139,555,425,130
113000140,177,313,-136
113000141,444,331,113
113000142,873,1959,-1086
113000143,397,250,147
113000144,323,722,-399
113000145,123,165,-42
113000146,145,61,84
113000147,199,101,98
113000148,220,147,73
113000149,158,138,20
113000150,693,362,331
113000151,121,40,81
113000152,54,132,-78
113000153,1710,617,1093
113000154,1079,1838,-759
113000155,497,725,-228
113000156,253,469,-216
113000157,349,849,-500
113000158,823,292,531
113000159,1314,785,529
113000160,853,1101,-248
113000161,368,531,-163
113000162,1060,371,689
113000163,124,59,65
113000164,20,104,-84
113000166,198,130,68
113000167,81,76,5
113000168,126,119,7
113000169,242,67,175
113000170,128,115,13
113000171,58,98,-40
113000172,382,78,304
113000173,91,25,66
113000174,165,386,-221
113000175,520,134,386
113000176,642,162,480
113000177,260,403,-143
113000178,232,311,-79
113000179,354,212,142
113000180,867,1460,-593
113000181,1236,942,294
113000182,232,443,-211
113000183,146,742,-596
113000184,12,128,-116
113000189,451,1238,-787
113000190,896,581,315
113000192,1103,3470,-2367
113000193,3455,2163,1292
113000194,1138,1429,-291
113000195,2028,1576,452
113000196,219,84,135
113000197,1753,1892,-139
113000198,115,463,-348
113000199,2321,682,1639
113000201,262,368,-106
113000202,4569,1245,3324
113000203,129,140,-11
113000204,998,2991,-1993
113000205,15,15,0
113000206,16,52,-36
113000207,61,16,45
113000208,54,73,-19
113000209,15,23,-8
113000210,10,18,-8
113000211,159,242,-83
113000212,96,20,76
113000213,55,228,-173
113000214,163,283,-120
113000234,194,722,-528
113000410,1169,316,853
113000411,3341,5435,-2094
113000412,6133,2642,3491
113000413,2631,3705,-1074
113000414,5956,16748,-10792
113000415,2563,3310,-747
113000416,8292,4588,3704
113000417,2787,3492,-705
113000418,5802,4477,1325
113000419,2359,2650,-291
113000420,5171,7369,-2198
113000421,4924,7867,-2943
113000422,13880,12672,1208
113000423,2617,6534,-3917
113000424,3276,10353,-7077
113000425,1,85,-84
113000428,98,80,18
113000430,31,568,-537
113000432,2183,186,1997
113000433,142,639,-497
113000434,22,186,-164
113000435,39,484,-445
113000436,22,1065,-1043
113000437,1255,44,1211
113000438,278,12,266
113000439,17,133,-116
113000440,171,48,123
113000441,265,208,57
113000442,137,173,-36
113000443,350,180,170
113000444,231,150,81
113000445,158,140,18
113000446,24,97,-73
113000448,269,202,67
113000449,199,841,-642
113000450,830,2167,-1337
113000451,1475,201,1274
113000452,383,417,-34
113000453,73,487,-414
113000454,559,107,452
113000455,24,476,-452
113000456,4000,3191,809
113000468,1464,235,1229
113000469,160,243,-83
113000470,380,21,359
113000471,15,378,-363
113000472,144,337,-193
113000474,773,645,128
113000475,1778,1922,-144
113000476,1748,2112,-364
113000477,4311,2254,2057
113000478,4139,4839,-700
113000479,99,192,-93
113000480,124,366,-242
113000484,0,0,0
113000485,0,0,0
113000486,17,0,17
113000487,0,0,0
113000488,0,3,-3
113000489,0,7,-7
113000490,0,0,0
113000491,5,15,-10
113000492,1,0,1
113000493,2,0,2
113000495,231,170,61
113000496,232,140,92
113000497,0,0,0
113000499,0,0,0
113000500,0,3,-3
113900001,2,302,-300
113900002,0,78,-78
113900003,8,59,-51
113900004,2,57,-55
113900005,1,85,-84
113900006,9,22,-13
113900007,51,21,30
113900008,30,1,29
113900009,80,0,80
113900010,99,2,97
113900011,63,1,62
113900012,25,0,25
113900013,239,4,235
113900014,621,1,620
113900015,2,88,-86
113900016,50,2,48
113900017,6,56,-50
113900018,381,261,120
113900019,152,57,95
113900020,183,0,183
113900022,40,1,39
113900023,24,0,24
113900024,50,41,9
113900025,409,40,369
113900026,118,1,117
113900027,5,60,-55
113900028,39,366,-327
113900029,73,153,-80
113900030,313,1,312
113900031,13,2,11
113900032,34,0,34
113900033,81,102,-21
113900035,78,1,77
113900036,28,94,-66
113900037,202,420,-218
113900038,82,132,-50
113900039,168,20,148
113900040,10,25,-15
113900041,6,0,6
113900042,105,38,67
113900043,129,105,24
113900044,322,393,-71
113900045,104,7,97
113900046,388,689,-301
113900047,39,104,-65
113900048,206,138,68
113900049,588,307,281
113900050,251,350,-99
113900051,230,350,-120
113900052,160,125,35
113900053,760,595,165
113900054,44,3,41
113900055,137,395,-258
113900056,75,207,-132
113900057,14,108,-94
113900058,82,106,-24
113900059,251,381,-130
113900060,99,351,-252
113900061,940,260,680
113900062,131,25,106
113900063,109,115,-6
113900064,52,121,-69
113900065,524,24,500
113900066,406,300,106
113900067,237,666,-429
113900068,661,510,151
113900069,110,41,69
113900070,162,451,-289
113900071,79,60,19
113900072,85,162,-77
113900073,287,358,-71
113900074,328,878,-550
113900075,1296,1350,-54
113900076,235,25,210
113900077,61,155,-94
113900078,53,68,-15
113900079,1,46,-45
113900080,515,223,292
113900081,65,208,-143
113900082,151,200,-49
113900083,360,269,91
113900084,309,80,229
113900085,53,286,-233
113900086,91,21,70
113900087,131,111,20
113900088,72,76,-4
113900089,455,52,403
113900090,749,395,354
113900091,14,15,-1
113900092,40,82,-42
113900093,83,844,-761
113900094,480,342,138
113900095,174,134,40
113900096,451,68,383
113900097,33,131,-98
113900098,699,111,588
113900099,0,33,-33
113900100,1,4,-3
113900101,18,86,-68
113900102,146,155,-9
113900103,277,288,-11
113900104,147,213,-66
113900105,167,171,-4
113900106,0,54,-54
113900107,4,11,-7
113900108,249,255,-6
113900109,402,190,212
113900110,72,26,46
113900111,164,118,46
113900112,167,71,96
113900113,1324,432,892
113900114,0,78,-78
113900115,0,59,-59
113900116,150,162,-12
113900117,118,52,66
113900118,262,358,-96
113900119,227,545,-318
113900120,78,76,2
113900121,88,88,0
113900122,574,2325,-1751
113900123,629,190,439
113900124,1,81,-80
113900125,985,127,858
113900126,132,70,62
113900127,386,843,-457
113900128,144,80,64
113900129,9,148,-139
113900130,12,187,-175
113900131,279,67,212
113900132,89,72,17
113900133,16,62,-46
113900135,358,372,-14
113900136,132,75,57
113900137,376,311,65
113900138,79,314,-235
113900139,296,152,144
113900140,197,500,-303
113900141,718,310,408
113900142,147,68,79
113900143,11,42,-31
113900144,294,491,-197
113900145,567,195,372
113900146,169,69,100
113900148,155,324,-169
113900149,229,123,106
113900150,650,493,157
113900151,545,223,322
113900152,40,63,-23
113900153,268,660,-392
113900154,1,163,-162
113900155,180,187,-7
113900156,256,393,-137
113900157,60,309,-249
113900158,399,854,-455
113900159,37,302,-265
113900160,590,496,94
113900161,70,285,-215
113900162,597,1488,-891
113900163,322,264,58
113900164,323,56,267
113900165,894,435,459
113900166,168,150,18
113900167,360,44,316
113900168,112,105,7
113900169,238,400,-162
113900171,219,73,146
113900172,16,148,-132
113900173,60,493,-433
113900174,550,700,-150
113900175,365,148,217
113900176,454,472,-18
113900177,290,154,136
113900178,369,155,214
113900179,25,355,-330
113900180,204,136,68
113900181,858,141,717
113900182,751,1003,-252
113900183,49,77,-28
113900184,19,397,-378
113900185,176,87,89
113900186,42,28,14
113900187,41,127,-86
113900188,50,178,-128
113900189,296,130,166
113900190,293,150,143
113900191,135,233,-98
113900192,10,689,-679
113900193,13,163,-150
113900194,1492,851,641
113900195,291,420,-129
113900196,30,266,-236
113900197,0,154,-154
113900198,22,296,-274
113900199,245,633,-388
113900200,28,321,-293
113900201,0,143,-143
113900202,40,297,-257
113900203,0,78,-78
113900204,27,475,-448
113900205,17,166,-149
113900206,11,145,-134
113900207,5,54,-49
113900208,0,56,-56
113900209,0,119,-119
113900210,671,916,-245
113900211,220,73,147
113900212,225,381,-156
113900214,450,439,11
113900215,224,152,72
113900216,174,903,-729
113900217,87,174,-87
113900218,174,79,95
113900219,153,563,-410
113900220,226,159,67
113900221,421,245,176
113900222,261,690,-429
113900223,174,681,-507
113900224,65,66,-1
113900225,978,262,716
113900226,478,131,347
113900227,489,225,264
113900228,353,706,-353
113900229,65,1049,-984
113900230,4144,4040,104
113900231,145,185,-40
113900232,92,92,0
113900233,117,93,24
113900234,407,485,-78
113900235,151,37,114
113900236,234,237,-3
113900237,288,12,276
113900238,356,675,-319
113900239,40,119,-79
113900240,5,215,-210
113900241,118,57,61
113900242,48,164,-116
113900243,120,347,-227
113900244,408,237,171
113900245,1020,286,734
113900246,9,31,-22
113900247,154,458,-304
113900248,2567,1918,649
113900249,759,373,386
113900250,79,215,-136
113900251,714,155,559
113900252,567,18,549
113900253,776,72,704
113900254,978,196,782
113900255,579,16,563
113900256,377,35,342
113900257,39,467,-428
113900258,21,368,-347
113900259,664,146,518
113900260,212,7,205
113900261,27,97,-70
113900262,142,426,-284
113900263,163,530,-367
113900264,8,365,-357
113900265,196,359,-163
113900266,69,159,-90
113900267,108,573,-465
113900268,339,396,-57
113900269,106,130,-24
113900270,321,787,-466
113900271,717,959,-242
113900273,75,10,65
113900274,133,36,97
113900275,36,78,-42
113900276,3,121,-118
113900277,185,6,179
113900278,349,207,142
113900279,99,101,-2
113900280,1611,577,1034
113900281,630,1410,-780
113900282,855,674,181
113900283,489,570,-81
113900284,908,443,465
113900285,158,57,101
113900286,22,83,-61
113900287,64,68,-4
113900288,1,178,-177
113900289,743,109,634
113900290,212,225,-13
113900291,135,177,-42
113900292,15,9,6
113900293,3,277,-274
113900294,574,31,543
113900295,563,489,74
113900296,2193,392,1801
113900297,2166,59,2107
113900298,17,1590,-1573
113900299,166,194,-28
113900300,4478,3897,581
113900301,829,496,333
113900302,2019,1003,1016
113900303,459,613,-154
113900304,3,107,-104
113900305,137,0,137
113900306,60,5,55
113900307,37,1,36
113900308,102,114,-12
113900309,5,535,-530
113900310,4,10,-6
113900311,13,1,12
113900312,195,223,-28
113900313,15,5,10
114000001,1036,2194,-1158
114000002,360,350,10
114000003,78,392,-314
114000004,377,560,-183
114000005,324,255,69
114000006,2714,2429,285
114000007,735,1397,-662
114000008,1567,2163,-596
114000009,901,369,532
114000011,3068,2313,755
114000012,2844,1504,1340
114000013,2047,1353,694
114000014,556,301,255
114000015,2132,388,1744
114000016,271,249,22
114000017,100,474,-374
114000018,274,54,220
114000026,2086,1260,826
114000027,3614,2160,1454
114000028,2908,2826,82
114000038,309,204,105
114000039,163,47,116
114000040,150,307,-157
114000042,263,186,77
114000043,52,99,-47
114000044,338,46,292
114000045,54,92,-38
114000046,3044,5480,-2436
114000047,12,124,-112
114000048,85,72,13
114000049,1798,1865,-67
114000050,2024,2388,-364
114000051,3421,2422,999
114000052,4319,2506,1813
114000053,87,895,-808
114000054,207,988,-781
114000055,297,52,245
114000056,1018,1224,-206
114000057,4646,2364,2282
114000058,519,1609,-1090
114000059,325,388,-63
114000060,649,924,-275
114000061,3303,3408,-105
114000062,2143,2201,-58
114000063,2271,1726,545
114000064,5100,3967,1133
114000065,1409,2432,-1023
114000066,576,779,-203
114000067,21,966,-945
114000068,617,755,-138
114000069,1192,665,527
114000070,2465,1975,490
114000071,811,660,151
114000072,525,256,269
114000073,18,79,-61
114000074,86,13,73
114000075,58,76,-18
114000076,36,116,-80
114000077,12,20,-8
114000078,279,611,-332
114000079,152,32,120
114000080,50,86,-36
114000081,85,107,-22
114000082,42,367,-325
114000083,105,262,-157
114000084,437,101,336
114000085,100,545,-445
114000086,273,398,-125
114000087,151,201,-50
114000088,54,32,22
114000089,761,392,369
114000090,1072,1112,-40
114000091,1648,948,700
114000092,1167,593,574
114000093,1712,715,997
114000094,412,470,-58
114000095,323,199,124
114000096,153,417,-264
114000097,110,516,-406
114000098,668,133,535
114000099,789,435,354
114000100,1882,562,1320
114000101,484,602,-118
114000102,695,383,312
114000103,225,358,-133
114000104,48,222,-174
114000105,232,117,115
114000106,938,1470,-532
114000107,474,155,319
114000108,1232,894,338
114000109,669,1186,-517
114000110,743,1201,-458
114000111,2154,958,1196
114000112,475,1422,-947
114000113,1384,677,707
114000114,1244,1107,137
114000115,2464,1293,1171
114000116,1128,1828,-700
114000117,3750,506,3244
114000118,2922,518,2404
114000119,2201,500,1701
114000120,643,652,-9
114000121,503,643,-140
114000122,466,359,107
114000123,2408,397,2011
114000124,1225,370,855
114000125,876,1196,-320
114000126,2049,278,1771
114000127,296,193,103
114000128,916,381,535
114000130,487,516,-29
114000131,355,127,228
114000132,748,516,232
114000133,975,1504,-529
114000134,109,139,-30
114000138,37,170,-133
114000139,508,371,137
114000144,1044,615,429
114000145,89,141,-52
114000146,143,232,-89
114000147,1678,2119,-441
114000148,1702,1949,-247
114000149,450,344,106
114000150,481,739,-258
114000151,869,1724,-855
114000152,167,49,118
114000153,754,2765,-2011
114000154,768,728,40
114000155,1348,2620,-1272
114000156,840,777,63
114000157,311,1283,-972
114000158,1366,781,585
114000159,162,537,-375
114000160,105,490,-385
114000161,1348,3476,-2128
114000162,1388,3108,-1720
114000163,16,118,-102
114000165,616,441,175
114000166,808,528,280
114000167,3129,1655,1474
114000168,684,592,92
114000169,1598,1529,69
114000170,1463,1457,6
114000171,1396,4451,-3055
114000174,266,476,-210
114000176,421,601,-180
114000177,1488,701,787
114000178,55,49,6
114000179,1207,761,446
114000180,419,657,-238
114000181,1718,4461,-2743
114000182,2457,2462,-5
114000183,965,923,42
114000184,2978,1017,1961
114000185,1326,900,426
114000189,1349,163,1186
114000190,3293,456,2837
114000191,92,102,-10
114000192,187,1171,-984
114000193,508,1969,-1461
114000194,1443,814,629
114000195,190,55,135
114000196,0,175,-175
114000197,1409,28,1381
114000198,811,413,398
114000199,1982,1609,373
114000200,701,1507,-806
114000201,156,723,-567
114000202,1309,527,782
114000203,469,517,-48
114000204,150,445,-295
114000205,248,1410,-1162
114000206,758,1227,-469
114000207,594,1465,-871
114000208,562,2109,-1547
114000209,613,1821,-1208
114000210,250,1021,-771
114000211,1136,1364,-228
114000212,1000,964,36
114000213,1604,674,930
114000214,107,202,-95
114000215,240,94,146
114000216,1732,578,1154
114000217,381,208,173
114000218,178,230,-52
114000219,1404,243,1161
114000220,28,950,-922
114000221,1061,207,854
114000222,204,1010,-806
114000223,533,182,351
114000224,118,527,-409
114000225,277,499,-222
114000226,257,216,41
114000227,844,570,274
114000228,967,699,268
114000229,1388,1371,17
114000230,2116,1141,975
114000231,1353,1509,-156
114000232,935,134,801
114000233,2503,123,2380
114000234,1212,835,377
114000235,1055,1223,-168
114000236,0,355,-355
114000237,133,750,-617
114000238,164,198,-34
114000239,194,1011,-817
114000240,861,804,57
114000241,369,861,-492
114000242,813,691,122
114000243,1664,844,820
114000244,584,351,233
114000245,445,694,-249
114000246,128,66,62
114000247,657,629,28
114000248,1455,500,955
114000249,551,470,81
114000250,584,631,-47
114000251,525,214,311
114000252,102,56,46
114000253,58,144,-86
114000254,66,76,-10
114000255,863,321,542
114000256,1325,2595,-1270
114000257,443,1146,-703
114000258,634,377,257
114000259,307,230,77
114000260,0,40,-40
114000261,58,45,13
114000262,278,155,123
114000263,10,2,8
114000264,1252,543,709
114000265,0,0,0
114000267,3,2174,-2171
114000268,3,1027,-1024
114000270,146,4,142
114000271,457,54,403
114000283,1780,455,1325
114000285,36,180,-144
114000288,108,326,-218
114000289,1484,139,1345
114000293,229,493,-264
114000294,262,487,-225
114000395,1951,38,1913
114000396,728,613,115
114000402,681,298,383
114000403,314,307,7
114000405,239,405,-166
114000423,443,286,157
114000424,543,246,297
114000425,942,338,604
114000426,310,775,-465
114000427,94,64,30
114000428,196,221,-25
114000429,18,210,-192
114000432,115,91,24
114000434,61,122,-61
114000435,11,182,-171
114900001,844,661,183
114900002,697,106,591
114900003,872,1024,-152
114900004,255,553,-298
114900005,629,589,40
114900006,124,73,51
114900007,493,27,466
114900008,221,94,127
114900010,1725,1881,-156
114900011,260,149,111
114900013,306,170,136
114900015,108,470,-362
114900018,931,32,899
114900020,201,105,96
114900022,5,609,-604
114900024,288,154,134
114900025,650,200,450
114900026,48,177,-129
114900027,283,258,25
114900029,35,24,11
114900030,376,242,134
114900031,437,19,418
114900032,397,11,386
114900033,957,1045,-88
114900034,46,216,-170
114900035,148,336,-188
114900036,180,531,-351
114900037,161,128,33
114900038,211,571,-360
114900039,573,424,149
114900040,77,112,-35
114900041,879,375,504
114900042,970,500,470
114900043,479,254,225
114900044,175,47,128
114900046,42,128,-86
114900047,217,1998,-1781
114900048,131,238,-107
114900049,4,112,-108
114900050,56,333,-277
114900051,59,353,-294
114900052,135,234,-99
114900053,137,258,-121
114900054,68,125,-57
114900057,261,12,249
114900058,0,83,-83
114900059,85,67,18
114900060,991,897,94
114900061,108,143,-35
114900062,249,406,-157
114900063,88,168,-80
114900064,1496,366,1130
114900065,495,787,-292
114900067,106,394,-288
114900068,58,121,-63
114900069,200,103,97
114900070,689,319,370
114900072,7,331,-324
114900073,3,171,-168
114900074,781,493,288
114900075,422,17,405
114900076,15,470,-455
114900080,1652,339,1313
114900082,3244,2249,995
114900083,1112,1127,-15
114900090,471,242,229
114900091,115,160,-45
114900095,372,139,233
114900096,529,900,-371
114900097,169,0,169
114900098,3,185,-182
114900099,299,6,293
115000001,5552,3488,2064
115000002,4615,4831,-216
115000003,4980,2784,2196
115000004,5173,6458,-1285
115000005,1702,2110,-408
115000006,1263,1717,-454
115000007,184,200,-16
115000008,472,580,-108
115000009,278,251,27
115000010,380,265,115
115000013,82,169,-87
115000015,72,295,-223
115000016,251,384,-133
115000019,50,540,-490
115000020,145,738,-593
115000021,244,422,-178
115000022,494,375,119
115000023,480,696,-216
115000024,1008,456,552
115000025,1018,697,321
115000026,160,424,-264
115000027,354,320,34
115000028,306,819,-513
115000029,664,125,539
115000030,989,1090,-101
115000031,1428,432,996
115000032,9,225,-216
115000033,161,40,121
115000034,80,1092,-1012
115000035,1240,102,1138
115000036,1,418,-417
115000037,619,22,597
115000038,84,193,-109
115000039,3771,4133,-362
115000040,5320,3225,2095
115000041,1571,3987,-2416
115000042,1051,692,359
115000043,4326,2502,1824
115000044,3742,3496,246
115000045,2681,1484,1197
115000046,2800,2527,273
115000047,2690,1423,1267
115000048,1684,1857,-173
115000049,1543,2825,-1282
115000050,3588,1811,1777
115000051,1880,3331,-1451
115000052,2055,1768,287
115000053,2039,1903,136
115000054,629,1106,-477
115000055,175,777,-602
115000056,200,448,-248
115000057,600,1199,-599
115000058,349,331,18
115000059,179,145,34
115000061,134,246,-112
115000062,196,267,-71
115000063,442,271,171
115000064,212,147,65
115000065,66,505,-439
115000067,195,12,183
115000069,106,330,-224
115000070,38,802,-764
115000071,117,23,94
115000072,39,79,-40
115000073,1330,54,1276
115000075,102,59,43
115000076,3106,2709,397
115000077,1987,2037,-50
115000078,1573,1277,296
115000079,1527,1524,3
115000080,2823,2022,801
115000081,433,780,-347
115000082,4722,3953,769
115000083,2312,1673,639
115000084,2957,1112,1845
115000085,833,774,59
115000086,1458,791,667
115000087,390,1248,-858
115000088,2126,755,1371
115000089,1503,1231,272
115000090,587,1023,-436
115000091,229,708,-479
115000092,760,437,323
115000093,536,3,533
115000094,6073,5782,291
115000095,4431,6276,-1845
115000096,925,1213,-288
115000097,1251,984,267
115000098,1345,703,642
115000099,2708,2253,455
115000100,1217,385,832
115000101,470,1294,-824
115000102,521,209,312
115000103,321,602,-281
115000105,65,99,-34
115000106,737,326,411
115000107,246,418,-172
115000108,2883,2162,721
115000109,4200,4808,-608
115000110,1480,1817,-337
115000111,620,1438,-818
115000112,801,812,-11
115000113,808,774,34
115000114,1892,702,1190
115000116,4594,2605,1989
115000117,3797,3280,517
115000118,2405,1988,417
115000119,1650,2445,-795
115000120,676,1676,-1000
115000121,1277,978,299
115000122,3496,2174,1322
115000123,1672,2788,-1116
115000124,956,1110,-154
115000125,492,777,-285
115000126,148,360,-212
115000127,344,163,181
115000128,481,744,-263
115000129,253,381,-128
115000130,509,773,-264
115000131,869,286,583
115000132,397,374,23
115000133,627,255,372
115000134,541,303,238
115000135,535,216,319
115000136,310,310,0
115000137,161,224,-63
115000138,434,278,156
115000139,248,255,-7
115000140,445,235,210
115000141,210,195,15
115000142,217,211,6
115000143,875,635,240
115000144,530,73,457
115000145,329,275,54
115000146,517,354,163
115000147,457,421,36
115000148,318,824,-506
115000149,697,306,391
115000150,745,779,-34
115000151,1356,483,873
115000152,790,972,-182
115000153,1246,615,631
115000154,1022,301,721
115000155,747,784,-37
115000156,1220,751,469
115000157,708,779,-71
115000158,614,394,220
115000159,722,706,16
115000160,686,682,4
115000161,653,555,98
115000162,782,931,-149
115000163,589,679,-90
115000164,656,607,49
115000165,373,588,-215
115000167,192,87,105
115000168,541,311,230
115000169,525,374,151
115000170,120,156,-36
115000171,355,286,69
115000172,1146,682,464
115000173,389,753,-364
115000174,113,392,-279
115000175,158,163,-5
115000176,190,154,36
115000177,170,249,-79
115000178,22,202,-180
115000179,42,39,3
115000180,173,471,-298
115000181,817,146,671
115000182,1019,345,674
115000183,507,790,-283
115000186,796,290,506
115000187,226,796,-570
115000188,430,421,9
115000189,186,455,-269
115000190,680,350,330
115000191,156,538,-382
115000194,115,140,-25
115000195,343,326,17
115000196,199,105,94
115000197,212,229,-17
115000198,469,146,323
115000199,385,181,204
115000200,428,113,315
115000201,140,309,-169
115000206,488,85,403
115000207,179,372,-193
115000208,446,671,-225
115000209,947,359,588
115000210,278,161,117
115000211,249,236,13
115000212,1370,388,982
115000224,424,50,374
115000225,49,102,-53
115000229,149,152,-3
115000230,91,362,-271
115000231,297,1334,-1037
115000232,1954,246,1708
115000233,167,209,-42
115000234,32,354,-322
115000241,123,228,-105
115000242,190,239,-49
115000243,70,184,-114
115000244,20,169,-149
115000246,67,37,30
115000247,27,49,-22
115000248,21,22,-1
115000249,37,21,16
115000250,291,29,262
115000251,307,130,177
115000252,99,247,-148
115000253,36,460,-424
115000258,407,140,267
115000259,322,141,181
115000261,26,21,5
115000262,14,27,-13
115000263,17,45,-28
115000264,26,36,-10
115000267,67,72,-5
115000268,38,103,-65
115000269,111,60,51
115000270,5,19,-14
115000272,82,226,-144
115000273,463,41,422
115000280,2900,395,2505
115000281,797,1117,-320
115000282,1152,1090,62
115000284,294,218,76
115000296,897,13,884
115000297,115,397,-282
115000298,51,656,-605
115000300,236,182,54
115000302,610,142,468
115000303,755,106,649
115000304,870,67,803
115000305,123,655,-532
115000306,210,248,-38
115000307,130,188,-58
115000308,32,24,8
115000309,34,64,-30
115000310,1078,773,305
115000311,1157,1055,102
115000313,131,531,-400
115000314,520,134,386
115000315,771,526,245
115000316,56,138,-82
115000317,184,479,-295
115000318,899,321,578
115000319,59,252,-193
115000320,13,338,-325
115000321,244,8,236
115000322,45,212,-167
115000449,239,180,59
115000557,3,1467,-1464
115000558,358,135,223
115000587,569,397,172
115000588,2086,2525,-439
115000589,4014,2391,1623
115000590,1257,1573,-316
115000591,1935,955,980
115000592,672,1888,-1216
115000593,1856,714,1142
115000594,711,2676,-1965
115000609,215,135,80
115000617,1617,3816,-2199
115000624,314,59,255
115000633,540,1935,-1395
115000634,2898,891,2007
115000635,596,167,429
115000638,704,570,134
115000641,61,103,-42
115000642,375,264,111
115000643,122,462,-340
115000644,160,411,-251
115000646,1007,1692,-685
115000647,210,538,-328
115000648,2343,1470,873
115000893,2916,1435,1481
115000894,202,1027,-825
115000895,318,739,-421
115000896,1069,394,675
115000897,578,143,435
115000898,634,296,338
115000899,484,1209,-725
115000900,78,316,-238
115000901,47,110,-63
115000912,454,99,355
115000913,3,21,-18
115000915,41,2,39
115000916,7,0,7
115000917,0,6,-6
115000918,60,385,-325
115000919,5,20,-15
115000920,29,45,-16
115000921,495,93,402
115000922,670,803,-133
115000923,287,947,-660
115000925,103,83,20
115000927,35,75,-40
115000933,201,195,6
115000934,107,155,-48
115000935,134,59,75
115000936,55,732,-677
115000937,739,188,551
115000938,102,201,-99
115000939,47,172,-125
115900001,144,29,115
115900002,95,120,-25
115900003,177,101,76
115900004,0,40,-40
115900005,228,13,215
115900006,165,275,-110
115900008,64,11,53
115900009,108,247,-139
115900010,467,146,321
115900011,656,297,359
115900012,229,68,161
115900013,456,141,315
115900014,174,143,31
115900015,128,63,65
115900016,150,35,115
115900017,15,5,10
115900018,204,68,136
115900019,154,11,143
115900020,121,4,117
115900021,957,172,785
115900022,1334,6,1328
115900023,25,6,19
115900025,49,318,-269
115900026,967,173,794
115900027,1,191,-190
115900028,549,56,493
115900029,32,346,-314
115900030,33,17,16
115900031,260,346,-86
115900032,635,692,-57
115900033,1,68,-67
115900034,33,362,-329
115900035,47,9,38
115900036,53,790,-737
115900037,36,290,-254
115900038,72,12,60
115900039,179,174,5
115900041,370,654,-284
115900042,34,11,23
115900043,114,62,52
115900044,230,354,-124
115900046,307,204,103
115900047,234,206,28
115900049,176,220,-44
115900051,2,33,-31
115900052,12,202,-190
115900053,217,174,43
115900054,340,55,285
115900055,25,133,-108
115900056,205,235,-30
115900057,55,14,41
115900058,35,53,-18
115900060,107,392,-285
115900061,250,2,248
115900062,21,214,-193
115900063,66,13,53
115900064,150,216,-66
115900065,155,195,-40
115900066,200,139,61
115900067,7,473,-466
115900068,2454,1224,1230
115900069,57,161,-104
115900070,202,130,72
115900071,1,357,-356
115900072,27,154,-127
115900073,91,98,-7
115900074,4,223,-219
115900075,37,211,-174
115900076,2,65,-63
115900077,5,166,-161
115900078,70,132,-62
115900079,242,21,221
115900080,400,226,174
115900081,22,67,-45
115900082,161,127,34
115900084,595,28,567
115900085,48,54,-6
115900086,1485,521,964
115900088,12,53,-41
115900089,431,649,-218
115900090,463,16,447
115900091,14,30,-16
115900092,26,130,-104
115900093,9,23,-14
115900094,8,244,-236
115900096,8,8,0
115900097,17,344,-327
115900098,211,240,-29
115900099,130,91,39
115900100,12,363,-351
115900101,167,198,-31
115900102,102,88,14
115900103,370,147,223
115900104,103,99,4
115900105,321,525,-204
115900106,104,33,71
115900107,139,73,66
115900108,162,59,103
115900109,32,422,-390
115900110,3,18,-15
115900111,4,87,-83
115900112,31,799,-768
115900113,57,48,9
115900114,1,108,-107
115900115,84,201,-117
115900116,73,769,-696
115900117,99,31,68
115900118,5,219,-214
115900119,147,146,1
115900120,29,242,-213
115900121,206,207,-1
115900124,456,718,-262
115900125,386,70,316
115900126,820,95,725
115900127,785,63,722
115900128,14,130,-116
115900129,720,55,665
115900130,25,244,-219
115900131,334,31,303
115900132,635,8,627
115900134,288,2,286
115900135,392,1253,-861
115900137,34,8,26
115900139,38,79,-41
115900140,286,41,245
115900141,3,41,-38
115900142,4,26,-22
115900143,323,400,-77
115900144,76,190,-114
115900146,16,81,-65
115900147,254,255,-1
115900148,46,13,33
115900149,113,23,90
115900150,74,35,39
115900151,20,101,-81
115900152,139,281,-142
115900153,130,190,-60
115900154,471,354,117
115900155,0,62,-62
115900156,818,882,-64
115900157,220,515,-295
115900158,13,13,0
115900159,176,239,-63
115900160,24,5,19
115900161,91,438,-347
115900163,222,206,16
115900164,644,54,590
115900165,7,141,-134
115900166,215,187,28
115900168,144,154,-10
115900171,120,360,-240
115900172,55,122,-67
115900173,278,110,168
115900174,260,279,-19
115900175,130,165,-35
115900178,19,429,-410
115900179,321,19,302
115900180,40,109,-69
115900181,195,113,82
115900182,435,164,271
115900183,39,62,-23
115900184,1495,6,1489
115900187,17,120,-103
115900189,0,303,-303
115900190,158,1479,-1321
115900191,36,325,-289
115900192,20,103,-83
115900193,355,126,229
115900194,911,58,853
115900195,675,2254,-1579
115900198,252,329,-77
115900199,239,233,6
115900200,288,329,-41
115900201,572,351,221
115900202,4,63,-59
115900203,6,23,-17
115900204,0,1,-1
115900205,78,20,58
115900206,225,206,19
115900207,44,29,15
115900208,175,126,49
115900209,5,133,-128
115900210,5,192,-187
115900211,4,219,-215
115900212,144,237,-93
115900213,98,99,-1
115900214,531,229,302
115900215,28,181,-153
115900216,9,111,-102
115900217,24,41,-17
115900218,8,21,-13
115900219,116,8,108
115900220,231,3,228
115900221,88,11,77
115900222,72,49,23
115900223,14,463,-449
115900224,858,1369,-511
115900225,105,82,23
115900226,14,45,-31
115900227,7,63,-56
115900228,13,42,-29
115900229,23,43,-20
115900230,42,104,-62
115900231,152,10,142
115900232,75,4,71
115900233,92,20,72
115900234,99,40,59
115900235,72,24,48
115900236,104,51,53
115900237,59,31,28
115900238,69,15,54
115900239,20,41,-21
115900240,17,45,-28
115900241,280,101,179
115900242,270,333,-63
115900243,8,6,2
115900244,7,10,-3
115900245,74,5,69
115900246,17,6,11
115900247,48,11,37
115900248,12,6,6
115900249,4,2,2
115900250,14,30,-16
115900251,0,14,-14
115900252,2,3,-1
115900253,10,17,-7
115900254,4,19,-15
115900255,2,17,-15
115900256,15,24,-9
115900257,6,6,0
115900258,0,0,0
115900259,6,4,2
115900260,9,6,3
115900261,8,4,4
115900262,3,4,-1
115900263,12,1,11
115900264,8,3,5
115900265,1,2,-1
115900266,4,20,-16
115900267,12,17,-5
115900268,6,12,-6
115900269,578,400,178
115900270,390,376,14
115900271,141,0,141
115900272,30,3,27
115900273,9,41,-32
115900274,2,7,-5
115900275,1,20,-19
115900276,0,33,-33
115900277,0,64,-64
115900278,69,94,-25
115900279,25,188,-163
115900280,19,464,-445
115900281,278,305,-27
115900282,11,19,-8
115900283,13,26,-13
115900284,25,5,20
116000001,11757,4390,7367
116000002,5681,13046,-7365
116000003,1899,1898,1
116000004,3111,4501,-1390
116000005,2187,3516,-1329
116000006,2888,3105,-217
116000007,2536,4574,-2038
116000008,5131,3155,1976
116000009,1537,1948,-411
116000010,2864,2058,806
116000011,983,1860,-877
116000012,1938,1256,682
116000013,7219,3779,3440
116000014,10237,13261,-3024
116000015,333,1631,-1298
116000016,6645,4565,2080
116000017,30,872,-842
116000018,733,424,309
116000019,1032,381,651
116000020,807,1047,-240
116000021,575,397,178
116000022,485,394,91
116000023,1283,885,398
116000024,628,924,-296
116000025,961,952,9
116000026,1729,3073,-1344
116000027,752,781,-29
116000028,501,954,-453
116000029,755,698,57
116000030,802,539,263
116000031,167,364,-197
116000032,463,175,288
116000033,443,493,-50
116000034,735,758,-23
116000035,486,778,-292
116000036,1755,1383,372
116000037,614,531,83
116000038,475,656,-181
116000039,594,511,83
116000040,859,451,408
116000041,223,600,-377
116000042,750,397,353
116000043,111,861,-750
116000044,19,57,-38
116000045,2016,1452,564
116000046,1124,1890,-766
116000047,1872,2306,-434
116000048,2199,1868,331
116000049,1389,3530,-2141
116000050,1567,1339,228
116000051,6067,3143,2924
116000052,5614,5178,436
116000053,2169,817,1352
116000054,900,2844,-1944
116000055,817,998,-181
116000056,1159,1151,8
116000057,2996,1587,1409
116000058,3249,3027,222
116000059,3324,4816,-1492
116000060,2544,1157,1387
116000061,627,1188,-561
116000062,684,255,429
116000063,665,1247,-582
116000066,370,649,-279
116000067,237,507,-270
116000068,260,322,-62
116000069,336,358,-22
116000078,657,1198,-541
116000080,1935,856,1079
116000082,14,59,-45
116000083,1888,474,1414
116000084,2191,3955,-1764
116000085,2656,2223,433
116000086,1456,959,497
116000087,2716,1751,965
116000088,835,1066,-231
116000089,244,111,133
116000090,79,182,-103
116000091,479,363,116
116000093,1018,570,448
116000094,774,577,197
116000095,939,719,220
116000096,781,1466,-685
116000097,1050,793,257
116000098,122,7270,-7148
116000099,6592,324,6268
116000100,315,18,297
116000101,1030,791,239
116000102,269,1163,-894
116000103,517,330,187
116000104,267,1295,-1028
116000105,1237,181,1056
116000106,558,1133,-575
116000107,2824,372,2452
116000108,749,300,449
116000111,168,58,110
116000113,188,130,58
116000114,58,159,-101
116000115,430,151,279
116000116,293,428,-135
116000117,1858,1876,-18
116000118,1792,1216,576
116000119,4155,1884,2271
116000120,3072,3520,-448
116000121,968,621,347
116000122,1280,1587,-307
116000123,1289,467,822
116000124,482,862,-380
116000125,3396,849,2547
116000126,279,1383,-1104
116000127,1016,1114,-98
116000128,2132,930,1202
116000129,1819,412,1407
116000130,631,552,79
116000133,1368,730,638
116000134,1588,1738,-150
116000135,3220,1580,1640
116000136,1105,1811,-706
116000137,1405,913,492
116000138,1099,752,347
116000139,1828,2932,-1104
116000140,195,216,-21
116000141,332,566,-234
116000142,2958,2339,619
116000143,2008,1839,169
116000144,1655,2064,-409
116000145,2159,1317,842
116000146,665,247,418
116000147,219,137,82
116000148,617,602,15
116000149,811,878,-67
116000151,498,519,-21
116000153,89,374,-285
116000155,225,285,-60
116000156,697,983,-286
116000157,113,10,103
116000158,426,356,70
116000159,26,28,-2
116000160,32,78,-46
116000161,6,95,-89
116000162,89,117,-28
116000163,35,16,19
116000164,16,14,2
116000177,939,201,738
116000194,106,366,-260
116000195,1506,662,844
116000196,4,2,2
116000197,3,3,0
116000198,2703,1091,1612
116000200,726,618,108
116000201,664,764,-100
116000202,8,231,-223
116000203,5,74,-69
116000204,15,42,-27
116000205,0,149,-149
116000206,3,125,-122
116000207,9,39,-30
116000233,198,432,-234
116000287,146,341,-195
116000288,289,186,103
116000292,88,75,13
116000296,20,179,-159
116000297,150,21,129
116000304,202,36,166
116000305,35,103,-68
116000346,194,121,73
116000352,79,67,12
116000354,31,35,-4
116000357,14,56,-42
116000358,476,97,379
116000361,91,3,88
116000372,4448,4917,-469
116000381,134,0,134
116000388,5,43,-38
116000389,1046,579,467
116000445,538,488,50
116000446,688,489,199
116000447,19,591,-572
116000448,612,160,452
116000563,1070,854,216
116000565,32,387,-355
116000568,50,323,-273
116000579,31,118,-87
116000584,24,16,8
116000585,39,15,24
116000586,64,95,-31
116000587,594,689,-95
116000589,32,53,-21
116000590,104,55,49
116000591,311,209,102
116000592,27,102,-75
116000593,0,40,-40
116000594,708,392,316
116000595,659,141,518
116000596,125,5,120
116000597,503,131,372
116000598,20,176,-156
116000602,74,358,-284
116000605,293,123,170
116000606,106,271,-165
116000607,1,24,-23
116000609,199,897,-698
116000611,193,421,-228
116000612,837,1900,-1063
116000613,676,284,392
116000614,473,416,57
116000615,0,450,-450
116000616,78,71,7
116000617,101,39,62
116000618,5,51,-46
116000619,55,91,-36
116000620,190,121,69
116000621,82,136,-54
116000622,82,140,-58
116000624,250,150,100
116000627,56,22,34
116000628,110,268,-158
116000629,58,269,-211
116000630,541,38,503
116000631,222,30,192
116000632,641,219,422
116000633,80,353,-273
116000634,571,44,527
116000635,2650,2659,-9
116000636,672,1317,-645
116000637,363,21,342
116000638,34,345,-311
116900001,254,194,60
116900002,292,7,285
116900003,29,29,0
116900004,52,67,-15
116900005,324,71,253
116900006,140,412,-272
116900007,145,182,-37
116900008,465,324,141
116900009,13,8,5
116900010,1,1080,-1079
116900011,16,40,-24
116900012,249,188,61
116900013,2,153,-151
116900014,187,168,19
116900015,470,51,419
116900016,263,1,262
116900017,0,438,-438
116900018,102,66,36
116900019,4,254,-250
116900020,913,1165,-252
116900023,71,6,65
116900024,623,42,581
116900025,1348,814,534
116900026,146,551,-405
116900027,39,57,-18
116900028,12,115,-103
116900029,0,64,-64
116900031,1,3,-2
116900032,9,262,-253
116900033,25,13,12
116900034,14,71,-57
116900035,172,149,23
116900036,2,113,-111
116900038,29,4,25
116900041,38,19,19
116900042,474,278,196
116900043,29,53,-24
116900047,24,133,-109
116900049,21,283,-262
116900050,157,430,-273
116900051,180,165,15
116900052,180,68,112
116900055,3,9,-6
116900057,21,217,-196
116900058,50,343,-293
116900059,2,137,-135
116900060,227,193,34
116900062,1,8,-7
116900064,72,519,-447
116900065,24,97,-73
116900067,158,105,53
116900068,138,193,-55
116900070,4,4,0
116900072,25,342,-317
116900073,13,130,-117
116900074,30,70,-40
116900076,9,56,-47
116900077,2,106,-104
116900078,226,107,119
116900079,44,217,-173
116900080,13,34,-21
116900081,354,905,-551
116900082,363,1054,-691
116900083,48,41,7
116900084,128,73,55
116900085,49,175,-126
116900086,66,186,-120
116900088,427,129,298
116900090,95,73,22
116900091,576,42,534
116900092,86,646,-560
116900093,1776,1970,-194
116900094,4341,4176,165
116900095,224,110,114
116900096,147,439,-292
116900097,2348,3076,-728
116900098,743,434,309
116900099,752,745,7
116900100,952,46,906
116900101,302,543,-241
116900103,2,0,2
116900104,73,91,-18
116900105,314,173,141
116900106,2072,187,1885
116900107,3159,2821,338
116900110,17,1,16
116900111,697,594,103
116900112,336,971,-635
116900113,1836,1635,201
116900116,100,697,-597
116900117,145,116,29
116900118,718,841,-123
116900120,455,59,396
116900121,181,34,147
116900122,907,625,282
116900123,296,616,-320
116900124,211,1013,-802
116900125,431,149,282
116900126,136,643,-507
116900128,3,37,-34
116900129,2,341,-339
116900130,650,4092,-3442
116900131,141,315,-174
116900132,74,126,-52
116900133,211,182,29
116900134,254,217,37
116900136,304,211,93
116900137,359,169,190
116900138,204,196,8
116900139,169,456,-287
116900140,182,151,31
116900141,854,423,431
116900142,4,61,-57
116900143,403,321,82
116900144,31,71,-40
116900145,97,171,-74
116900147,451,550,-99
116900148,7,40,-33
116900149,39,264,-225
116900150,17,16,1
116900151,66,17,49
116900153,117,96,21
116900154,535,579,-44
116900155,101,88,13
116900157,650,211,439
116900158,108,303,-195
116900159,84,319,-235
116900160,935,991,-56
116900161,5179,7385,-2206
116900162,11,79,-68
116900163,168,98,70
116900164,114,72,42
116900165,271,380,-109
116900166,45,60,-15
116900167,471,51,420
116900168,381,62,319
116900169,602,690,-88
116900170,402,575,-173
116900171,58,137,-79
116900172,159,370,-211
116900173,243,36,207
116900174,45,66,-21
116900175,215,237,-22
116900178,43,98,-55
116900179,102,362,-260
116900180,115,30,85
116900182,510,275,235
116900183,236,88,148
116900185,53,67,-14
116900186,71,179,-108
116900187,99,55,44
116900188,156,36,120
116900189,106,2,104
116900191,472,612,-140
116900192,311,132,179
116900194,139,1478,-1339
116900195,55,32,23
116900196,15,69,-54
116900197,95,13,82
116900198,159,344,-185
116900200,49,29,20
116900201,155,8,147
116900202,101,53,48
116900203,195,5,190
116900204,32,189,-157
116900206,17,10,7
116900207,35,30,5
116900208,6,98,-92
116900209,38,102,-64
116900210,615,294,321
116900211,264,7,257
116900212,72,40,32
116900213,256,126,130
116900214,255,130,125
116900215,76,73,3
116900216,282,239,43
116900218,3,212,-209
116900219,1210,361,849
116900220,127,311,-184
116900221,141,363,-222
116900222,457,379,78
116900223,164,340,-176
116900226,131,55,76
116900227,277,65,212
116900228,312,215,97
116900230,77,220,-143
116900231,29,274,-245
116900232,21,305,-284
116900233,324,136,188
116900234,22,10,12
116900235,168,225,-57
116900238,1282,329,953
116900239,42,1113,-1071
116900240,4743,3395,1348
116900241,83,149,-66
116900242,402,724,-322
116900243,6,71,-65
116900245,37,40,-3
116900246,132,13,119
116900247,837,33,804
116900248,77,44,33
116900249,385,109,276
116900250,362,57,305
116900251,474,619,-145
116900252,223,697,-474
116900253,144,49,95
116900254,31,70,-39
116900255,124,92,32
116900256,486,112,374
116900257,16,317,-301
116900258,1,161,-160
116900259,335,15,320
116900260,4,81,-77
116900261,70,4,66
116900262,279,205,74
116900263,0,10,-10
116900264,2,2,0
116900265,51,0,51
116900266,16,33,-17
116900267,2,0,2
116900268,368,285,83
116900269,253,521,-268
116900271,1497,352,1145
116900272,304,245,59
116900273,185,99,86
116900274,112,41,71
116900275,163,90,73
116900276,705,185,520
116900277,582,72,510
116900278,6,19,-13
116900279,0,22,-22
116900280,26,21,5
116900281,4882,4799,83
116900282,1,65,-64
116900283,22,107,-85
116900284,11,161,-150
116900285,288,223,65
116900286,168,24,144
116900287,10,36,-26
116900288,81,119,-38
116900289,15,17,-2
116900290,5,37,-32
116900291,25,5,20
116900292,0,16,-16
116900293,61,30,31
116900294,32,170,-138
116900295,167,101,66
116900296,79,73,6
116900297,7,116,-109
116900298,96,84,12
116900299,24,79,-55
116900300,3,74,-71
116900301,61,122,-61
116900302,38,55,-17
116900303,184,81,103
116900304,0,151,-151
116900305,20,23,-3
116900306,174,76,98
117000001,2372,1838,534
117000002,1786,3798,-2012
117000003,8117,3770,4347
117000004,3853,4703,-850
117000005,2472,2020,452
117000006,1173,2930,-1757
117000007,4786,1273,3513
117000008,1176,3217,-2041
117000009,5516,2119,3397
117000010,2593,3553,-960
117000011,2441,1713,728
117000012,1392,1243,149
117000013,1878,868,1010
117000014,1339,2088,-749
117000015,2697,1324,1373
117000016,320,145,175
117000017,197,134,63
117000018,147,742,-595
117000019,102,3,99
117000020,436,1732,-1296
117000021,1433,349,1084
117000022,306,149,157
117000023,217,204,13
117000024,265,297,-32
117000025,421,1159,-738
117000026,1958,1569,389
117000027,2249,5803,-3554
117000028,3709,2406,1303
117000030,482,471,11
117000031,418,345,73
117000032,1683,1186,497
117000033,1249,715,534
117000034,341,293,48
117000035,449,358,91
117000036,420,334,86
117000037,337,281,56
117000038,175,509,-334
117000039,802,265,537
117000040,272,881,-609
117000041,1314,184,1130
117000044,14,756,-742
117000045,503,110,393
117000046,391,773,-382
117000047,979,645,334
117000048,1837,982,855
117000049,91,601,-510
117000050,188,1579,-1391
117000051,2342,142,2200
117000052,38,294,-256
117000053,649,52,597
117000054,2054,14,2040
117000055,14,2439,-2425
117000056,840,35,805
117000057,635,2155,-1520
117000060,436,1224,-788
117000061,1975,944,1031
117000062,269,591,-322
117000063,2132,1011,1121
117000064,715,699,16
117000066,1006,842,164
117000067,207,790,-583
117000074,151,189,-38
117000076,103,40,63
117000077,175,170,5
117000078,176,681,-505
117000079,491,249,242
117000080,0,297,-297
117000081,1091,113,978
117000082,13,89,-76
117000083,144,11,133
117000084,220,1,219
117000085,347,956,-609
117000086,983,484,499
117000087,109,510,-401
117000088,253,177,76
117000089,1889,278,1611
117000090,288,1118,-830
117000091,929,286,643
117000092,400,1134,-734
117000093,1503,870,633
117000094,1319,2485,-1166
117000095,4037,1063,2974
117000096,824,2032,-1208
117000097,1972,1231,741
117000098,2550,3984,-1434
117000099,4390,1341,3049
117000100,330,367,-37
117000101,237,1018,-781
117000102,2272,660,1612
117000103,764,1347,-583
117000104,1647,615,1032
117000105,826,1477,-651
117000106,1342,798,544
117000107,556,1564,-1008
117000108,2216,1017,1199
117000109,1548,2243,-695
117000110,2015,1363,652
117000111,3976,4220,-244
117000112,4055,1978,2077
117000113,131,219,-88
117000114,342,158,184
117000115,129,110,19
117000116,154,229,-75
117000117,1822,1216,606
117000118,321,137,184
117000119,199,234,-35
117000120,216,625,-409
117000121,118,1280,-1162
117000122,448,834,-386
117000123,1557,47,1510
117000124,561,105,456
117000125,223,171,52
117000126,43,20,23
117000127,168,325,-157
117000128,433,826,-393
117000129,347,741,-394
117000130,100,5,95
117000131,0,106,-106
117000132,3674,84,3590
117000133,2029,87,1942
117000134,0,92,-92
117000135,3,55,-52
117000136,2,35,-33
117000137,135,134,1
117000138,8,726,-718
117000140,502,1365,-863
117000141,2059,626,1433
117000181,565,234,331
117000182,576,681,-105
117000195,254,1041,-787
117000196,360,188,172
117000225,112,47,65
117000226,8,134,-126
117000276,415,29,386
117000277,1,280,-279
117000310,1556,2125,-569
117000315,60,571,-511
117000320,54,0,54
117000906,381,35,346
117000907,16,274,-258
117000908,12,60,-48
117000909,68,36,32
117000910,236,183,53
117000911,113,210,-97
117000915,9,469,-460
117000916,56,5,51
117000917,1532,51,1481
117000918,60,73,-13
117000919,5,69,-64
117000920,3,1110,-1107
117000921,2,953,-951
117000922,40,84,-44
117000924,406,863,-457
117000926,761,126,635
117000927,1477,1221,256
117000928,0,108,-108
117000929,292,264,28
117000930,227,13,214
117000931,348,242,106
117900002,79,432,-353
117900003,738,493,245
117900005,5,60,-55
117900006,0,122,-122
117900007,148,102,46
117900008,0,27,-27
117900010,276,65,211
117900011,30,153,-123
117900012,75,65,10
117900013,0,178,-178
117900014,405,101,304
117900015,22,65,-43
117900016,1221,1085,136
117900017,507,286,221
117900018,149,165,-16
117900019,495,185,310
117900020,84,450,-366
117900021,36,64,-28
117900022,60,23,37
117900023,849,108,741
117900024,56,53,3
117900025,64,12,52
117900026,460,190,270
117900028,49,4,45
117900029,274,472,-198
117900030,496,194,302
117900031,137,141,-4
117900032,1087,655,432
117900033,263,488,-225
117900034,46,28,18
117900035,227,100,127
117900036,267,334,-67
117900037,192,87,105
117900038,31,282,-251
117900039,2,67,-65
117900040,170,403,-233
117900041,1,48,-47
117900042,3457,324,3133
117900043,15,57,-42
117900044,40,3005,-2965
117900045,236,147,89
117900048,416,236,180
117900049,235,404,-169
117900050,13,188,-175
117900051,14,2,12
117900052,72,447,-375
117900053,1849,595,1254
117900054,2,45,-43
117900055,345,179,166
117900056,283,79,204
117900057,1192,1120,72
117900058,95,36,59
117900059,337,95,242
117900060,2720,4458,-1738
117900061,38,178,-140
117900063,420,216,204
117900065,709,1358,-649
117900066,15,81,-66
117900067,551,135,416
117900069,782,266,516
117900070,174,59,115
117900071,111,107,4
117900073,647,245,402
117900074,72,83,-11
117900075,102,73,29
117900076,23,101,-78
117900077,501,157,344
117900078,425,895,-470
117900080,144,51,93
117900081,533,381,152
117900082,508,419,89
117900083,388,337,51
117900086,201,35,166
117900087,170,56,114
117900088,2983,1892,1091
117900089,2485,895,1590
117900090,443,351,92
117900091,142,177,-35
117900092,78,20,58
117900093,108,55,53
117900094,42,24,18
117900095,303,370,-67
117900096,123,224,-101
117900097,346,102,244
117900098,58,9,49
117900099,140,195,-55
117900100,301,3,298
117900101,494,2050,-1556
117900102,84,36,48
117900103,64,1,63
117900104,20,134,-114
117900105,152,222,-70
117900106,110,30,80
117900107,60,3,57
117900109,775,463,312
117900110,131,1,130
117900111,420,45,375
117900112,93,16,77
117900113,2408,2103,305
117900114,31,0,31
117900115,249,102,147
117900116,800,802,-2
117900117,726,310,416
117900118,157,0,157
117900119,270,117,153
117900120,234,35,199
117900121,274,113,161
117900122,1643,4833,-3190
117900123,664,309,355
117900124,756,708,48
117900125,2054,2077,-23
117900126,256,506,-250
117900127,481,378,103
117900128,404,570,-166
117900129,83,1,82
117900130,926,382,544
117900131,16,114,-98
117900132,20,72,-52
117900133,10,130,-120
117900134,69,337,-268
117900135,16,212,-196
117900136,0,32,-32
117900137,56,328,-272
117900138,0,39,-39
117900139,137,116,21
117900140,2829,328,2501
117900141,180,202,-22
117900142,40,97,-57
117900144,51,198,-147
117900145,25,47,-22
117900146,204,221,-17
117900147,52,50,2
117900148,2543,1778,765
117900149,135,171,-36
117900150,49,45,4
117900151,39,74,-35
117900152,61,51,10
117900153,30,93,-63
117900154,462,495,-33
117900156,918,762,156
117900157,93,470,-377
117900158,399,144,255
117900160,816,816,0
117900161,2439,1964,475
117900162,454,387,67
117900163,45,153,-108
117900165,0,22,-22
117900166,116,544,-428
117900168,93,217,-124
117900169,1,141,-140
117900170,0,43,-43
117900171,1,28,-27
117900172,16,30,-14
117900173,169,70,99
117900174,41,69,-28
117900175,16,29,-13
117900176,26,17,9
117900177,19,37,-18
117900178,122,42,80
117900180,236,58,178
117900181,95,453,-358
117900182,10,47,-37
117900183,75,196,-121
117900184,18,75,-57
117900185,48,35,13
117900186,72,19,53
117900187,42,6,36
117900188,195,55,140
117900189,61,53,8
117900190,43,1,42
117900191,97,2,95
117900192,306,0,306
117900193,6,71,-65
117900194,14,10,4
117900195,23,87,-64
117900196,24,36,-12
117900207,179,203,-24
117900208,36,28,8
117900209,196,154,42
117900210,162,243,-81
117900211,7,176,-169
117900212,147,155,-8
117900213,26,12,14
117900214,19,56,-37
117900215,30,72,-42
117900216,48,34,14
117900217,89,427,-338
117900218,130,120,10
117900219,7,154,-147
117900220,78,95,-17
117900222,231,254,-23
117900223,128,354,-226
118000001,817,1072,-255
118000002,904,1788,-884
118000003,2253,3678,-1425
118000004,2156,2294,-138
118000005,4816,6411,-1595
118000006,5145,9785,-4640
118000007,5837,4409,1428
118000008,3498,4824,-1326
118000009,1749,3669,-1920
118000010,6608,4500,2108
118000011,1699,2070,-371
118000012,1124,2334,-1210
118000013,2592,2317,275
118000014,2052,2180,-128
118000016,237,291,-54
118000017,517,494,23
118000018,436,437,-1
118000019,2291,1810,481
118000020,1311,4510,-3199
118000021,760,4021,-3261
118000022,1684,978,706
118000023,780,288,492
118000024,1461,1726,-265
118000027,13675,14933,-1258
118000029,1080,918,162
118000032,990,4200,-3210
118000033,2793,7929,-5136
118000034,4886,3092,1794
118000035,1938,4022,-2084
118000036,1049,1638,-589
118000037,900,1100,-200
118000038,292,122,170
118000039,105,204,-99
118000040,1802,1504,298
118000041,2767,1317,1450
118000045,401,220,181
118000046,1377,740,637
118000047,755,1091,-336
118000048,2357,2522,-165
118000051,2472,1835,637
118000052,1690,1034,656
118000053,376,740,-364
118000054,1631,1410,221
118000055,1430,1512,-82
118000056,292,520,-228
118000057,275,394,-119
118000058,2620,2404,216
118000059,1964,1569,395
118000060,1239,605,634
118000061,1382,1600,-218
118000062,706,322,384
118000063,438,878,-440
118000064,945,1229,-284
118000065,3365,1850,1515
118000066,980,1687,-707
118000067,911,916,-5
118000068,1657,5212,-3555
118000069,2563,1133,1430
118000070,5218,1895,3323
118000071,3525,7401,-3876
118000072,1332,1480,-148
118000073,1240,797,443
118000074,535,422,113
118000075,592,315,277
118000076,1601,3496,-1895
118000077,1404,1324,80
118000078,2011,2832,-821
118000079,263,543,-280
118000080,964,869,95
118000081,1800,1422,378
118000082,362,1349,-987
118000083,1861,1817,44
118000084,3332,1945,1387
118000086,352,623,-271
118000087,4607,2660,1947
118000088,1864,1730,134
118000089,3834,2726,1108
118000090,2091,3184,-1093
118000091,1418,2722,-1304
118000092,983,562,421
118000093,98,659,-561
118000096,473,632,-159
118000097,897,691,206
118000098,308,223,85
118000099,699,723,-24
118000101,1270,359,911
118000102,425,1061,-636
118000107,1784,552,1232
118000108,796,2535,-1739
118000110,2,20,-18
118000111,1,242,-241
118000112,543,3,540
118000113,4,458,-454
118000114,637,3,634
118000115,9,19,-10
118000116,51,1,50
118000117,933,736,197
118000118,1090,1037,53
118000119,975,1251,-276
118000120,1643,1354,289
118000121,97,639,-542
118000122,1268,431,837
118000123,50,304,-254
118000125,1864,897,967
118000126,738,1762,-1024
118000127,1810,717,1093
118000128,633,1096,-463
118000129,932,551,381
118000130,2253,2996,-743
118000131,481,778,-297
118000132,3301,2428,873
118000133,1093,497,596
118000135,627,448,179
118000136,155,424,-269
118000137,704,114,590
118000138,506,589,-83
118000139,513,134,379
118000140,2988,5426,-2438
118000141,2338,1830,508
118000142,2050,1516,534
118000143,2566,1328,1238
118000144,1023,754,269
118000145,1643,1579,64
118000146,1284,701,583
118000147,932,1157,-225
118000148,575,1191,-616
118000149,1064,830,234
118000150,519,252,267
118000151,548,462,86
118000153,1740,1315,425
118000154,1559,1388,171
118000155,1651,1392,259
118000156,2236,2599,-363
118000157,777,433,344
118000158,199,437,-238
118000159,50,103,-53
118000160,610,413,197
118000161,506,601,-95
118000162,2120,1029,1091
118000163,1094,990,104
118000164,2236,1406,830
118000168,977,811,166
118000169,1016,1148,-132
118000170,3503,4743,-1240
118000171,369,705,-336
118000172,131,250,-119
118000173,909,1467,-558
118000175,349,382,-33
118000176,346,497,-151
118000177,279,640,-361
118000178,55,37,18
118000179,1323,1535,-212
118000180,911,710,201
118000181,839,295,544
118000182,359,257,102
118000183,208,306,-98
118000184,1080,610,470
118000185,1334,1390,-56
118000186,816,1173,-357
118000187,1533,558,975
118000188,823,171,652
118000189,888,642,246
118000190,18,11,7
118000191,45,34,11
118000192,167,308,-141
118000193,141,430,-289
118000194,1445,1019,426
118000195,562,1529,-967
118000196,345,273,72
118000197,163,173,-10
118000198,417,839,-422
118000199,511,460,51
118000200,78,335,-257
118000201,524,544,-20
118000202,47,84,-37
118000203,610,677,-67
118000204,97,445,-348
118000205,187,365,-178
118000206,249,209,40
118000207,1,58,-57
118000208,1761,1749,12
118000209,1991,1244,747
118000210,66,31,35
118000211,36,29,7
118000213,1189,2010,-821
118000214,580,618,-38
118000215,404,117,287
118000216,2401,2129,272
118000217,30,79,-49
118000218,103,93,10
118000219,398,250,148
118000220,1,34,-33
118000221,278,414,-136
118000222,114,9,105
118000223,58,34,24
118000224,184,72,112
118000225,162,659,-497
118000226,1116,232,884
118000227,761,493,268
118000228,156,255,-99
118000229,117,94,23
118000230,158,206,-48
118000231,124,286,-162
118000232,918,800,118
118000233,1224,806,418
118000234,553,245,308
118000236,404,314,90
118000237,130,410,-280
118000238,326,157,169
118000239,315,276,39
118000240,335,177,158
118000241,185,214,-29
118000242,474,426,48
118000243,325,182,143
118000244,74,75,-1
118000246,0,21,-21
118000255,67,277,-210
118000256,184,195,-11
118000259,14,67,-53
118000260,235,107,128
118000261,27,33,-6
118000263,89,165,-76
118000266,128,227,-99
118000267,0,147,-147
118000268,314,1,313
118000270,87,19,68
118000271,177,268,-91
118000272,119,38,81
118000273,207,82,125
118000274,94,259,-165
118000276,558,460,98
118000295,13,157,-144
118000298,191,223,-32
118000299,54,117,-63
118000301,0,54,-54
118000302,104,40,64
118000311,669,83,586
118000312,338,183,155
118000313,92,123,-31
118000314,109,62,47
118000315,80,34,46
118000316,732,453,279
118000325,107,70,37
118000326,44,30,14
118000331,34,45,-11
118000332,6,22,-16
118000333,27,83,-56
118000335,435,1,434
118000336,0,172,-172
118000407,259,51,208
118000457,7,34,-27
118000465,2864,4219,-1355
118000480,51,77,-26
118000489,45,417,-372
118000490,28,186,-158
118000492,364,203,161
118000510,42,20,22
118000514,164,271,-107
118000515,833,702,131
118000517,421,205,216
118000524,484,471,13
118000525,860,846,14
118000530,37,161,-124
118000531,354,299,55
118000532,270,283,-13
118000533,301,143,158
118000534,560,375,185
118000535,366,141,225
118000536,680,1885,-1205
118000537,17,234,-217
118000538,20,76,-56
118000539,37,140,-103
118000540,397,187,210
118000541,242,95,147
118000542,134,222,-88
118000543,241,251,-10
118000546,63,46,17
118000553,0,1,-1
118000560,2315,2676,-361
118000562,35,124,-89
118000563,1547,1275,272
118000576,210,122,88
118000577,120,98,22
118000578,133,80,53
118000579,538,1396,-858
118000583,0,0,0
118000595,241,124,117
118000596,0,63,-63
118000597,106,77,29
118000598,29,0,29
118000599,98,55,43
118000600,0,43,-43
118000601,21,0,21
118000602,0,27,-27
118000603,0,15,-15
118900001,612,1378,-766
118900002,1025,963,62
118900003,492,19,473
118900004,35,35,0
118900005,71,7,64
118900006,233,11,222
118900007,17,2,15
118900008,1696,64,1632
118900009,83,39,44
118900010,57,8,49
118900011,208,26,182
118900012,455,247,208
118900013,579,190,389
118900015,271,77,194
118900016,17,13,4
118900017,212,330,-118
118900018,1071,32,1039
118900019,42,33,9
118900020,294,178,116
118900021,228,457,-229
118900022,187,112,75
118900023,176,109,67
118900024,110,182,-72
118900025,54,26,28
118900026,57,74,-17
118900027,454,195,259
118900028,210,161,49
118900029,445,479,-34
118900030,511,67,444
118900031,203,108,95
118900032,217,141,76
118900033,427,513,-86
118900034,183,49,134
118900035,141,163,-22
118900036,1413,796,617
118900037,383,300,83
118900038,513,137,376
118900039,612,205,407
118900040,209,211,-2
118900041,758,189,569
118900042,192,133,59
118900045,338,151,187
118900046,812,441,371
118900047,493,259,234
118900048,140,261,-121
118900049,77,68,9
118900050,44,94,-50
118900051,86,112,-26
118900052,259,262,-3
118900053,53,115,-62
118900054,118,51,67
118900055,109,60,49
118900056,18,414,-396
118900057,819,489,330
118900058,485,316,169
118900059,17,86,-69
118900060,78,115,-37
118900062,579,270,309
118900064,616,631,-15
118900065,57,131,-74
118900066,89,120,-31
118900067,4612,4096,516
118900068,9,235,-226
118900069,478,202,276
118900071,8,79,-71
118900072,462,411,51
118900073,197,112,85
118900074,144,112,32
118900075,48,65,-17
118900076,240,147,93
118900077,220,160,60
118900078,37,10,27
118900079,67,197,-130
118900080,35,131,-96
118900081,104,41,63
118900082,908,156,752
118900083,49,6,43
118900084,25,22,3
118900085,589,755,-166
118900086,42,113,-71
118900087,35,271,-236
118900088,0,11,-11
118900089,36,32,4
118900090,563,368,195
118900091,204,235,-31
118900092,176,77,99
118900093,138,52,86
118900096,46,22,24
118900097,240,353,-113
118900099,91,208,-117
118900100,145,244,-99
118900101,158,373,-215
118900102,55,123,-68
118900103,48,135,-87
118900104,239,113,126
118900105,223,91,132
118900107,170,53,117
118900108,100,150,-50
118900110,1334,920,414
118900111,596,458,138
118900112,112,181,-69
118900113,99,425,-326
118900114,23,83,-60
118900115,122,481,-359
118900116,115,177,-62
118900117,128,187,-59
118900118,280,293,-13
118900119,156,234,-78
118900120,97,297,-200
118900121,17,127,-110
118900122,50,987,-937
118900123,121,254,-133
118900124,92,226,-134
118900126,39,410,-371
118900129,274,198,76
118900130,58,257,-199
118900131,216,173,43
118900132,364,202,162
118900133,16,111,-95
118900135,227,226,1
118900136,185,460,-275
118900137,3,38,-35
118900139,225,340,-115
118900140,478,576,-98
118900141,80,125,-45
118900144,164,391,-227
118900145,35,134,-99
118900146,340,618,-278
118900147,191,169,22
118900148,58,58,0
118900150,188,554,-366
118900152,583,657,-74
118900157,77,219,-142
118900158,145,60,85
118900159,1,119,-118
118900161,102,20,82
118900163,78,70,8
118900164,3,73,-70
118900165,71,141,-70
118900166,47,4,43
118900167,128,77,51
118900168,10,183,-173
118900169,197,290,-93
118900170,250,136,114
118900171,35,40,-5
118900174,69,57,12
118900175,493,505,-12
118900176,222,269,-47
118900177,70,35,35
118900178,61,142,-81
118900179,3,20,-17
118900181,108,104,4
118900182,91,50,41
118900183,39,118,-79
118900184,439,145,294
118900185,156,84,72
118900186,132,86,46
118900187,273,373,-100
118900188,292,345,-53
118900189,36,874,-838
118900190,21,300,-279
118900191,188,39,149
118900192,234,11,223
118900193,659,9,650
118900195,275,594,-319
118900196,56,140,-84
118900197,169,45,124
118900198,31,19,12
118900199,109,29,80
118900200,36,14,22
118900201,34,50,-16
118900202,8,61,-53
118900203,26,24,2
118900204,15,19,-4
118900205,4,11,-7
118900206,0,12,-12
119000001,1529,2274,-745
119000002,4840,4437,403
119000003,3195,1071,2124
119000004,2695,1430,1265
119000005,1910,1991,-81
119000006,3135,1581,1554
119000007,4040,3339,701
119000008,2369,1929,440
119000009,3963,5440,-1477
119000010,6384,4859,1525
119000011,4472,3418,1054
119000012,3251,4119,-868
119000013,3322,2084,1238
119000014,1897,2883,-986
119000019,332,202,130
119000020,2354,1720,634
119000021,5362,3142,2220
119000022,2740,3373,-633
119000023,301,298,3
119000024,2556,14222,-11666
119000025,6338,1559,4779
119000026,234,718,-484
119000027,311,518,-207
119000028,1843,945,898
119000029,127,388,-261
119000030,672,1109,-437
119000031,1054,726,328
119000032,3117,2837,280
119000033,2733,1423,1310
119000034,1262,1101,161
119000035,33,299,-266
119000036,2047,666,1381
119000037,1395,1492,-97
119000038,198,723,-525
119000039,382,379,3
119000040,883,727,156
119000041,834,1419,-585
119000048,2917,2306,611
119000049,1793,1851,-58
119000050,1679,1789,-110
119000051,2342,1015,1327
119000052,2056,2939,-883
119000053,1982,1193,789
119000054,3561,2632,929
119000055,5487,3153,2334
119000056,3367,2059,1308
119000057,1833,1786,47
119000058,2417,1666,751
119000059,1567,1780,-213
119000060,2067,1272,795
119000061,1206,801,405
119000062,1376,1384,-8
119000063,718,464,254
119000064,1064,1297,-233
119000065,2032,4201,-2169
119000066,2844,1333,1511
119000067,2208,1978,230
119000068,1961,1130,831
119000069,1780,2482,-702
119000070,3147,990,2157
119000071,564,863,-299
119000072,5699,4238,1461
119000073,6460,8347,-1887
119000074,1532,1944,-412
119000075,2875,2462,413
119000076,629,1887,-1258
119000077,1133,931,202
119000078,580,344,236
119000079,218,1058,-840
119000080,464,285,179
119000081,535,1407,-872
119000082,1261,368,893
119000083,675,438,237
119000084,387,813,-426
119000085,1237,227,1010
119000086,394,513,-119
119000087,1630,732,898
119000088,395,328,67
119000089,85,253,-168
119000090,166,124,42
119000091,131,532,-401
119000092,637,161,476
119000093,3554,2543,1011
119000094,3494,5039,-1545
119000095,2043,3036,-993
119000097,2427,1274,1153
119000098,1135,3582,-2447
119000099,2361,1552,809
119000100,4792,3358,1434
119000101,5421,2588,2833
119000102,890,1579,-689
119000103,1481,825,656
119000104,2314,1298,1016
119000105,1434,2372,-938
119000106,480,1135,-655
119000107,1148,571,577
119000108,435,842,-407
119000109,194,1170,-976
119000110,687,1104,-417
119000111,52,1041,-989
119000112,279,245,34
119000113,3187,398,2789
119000114,1370,1164,206
119000115,159,164,-5
119000116,105,97,8
119000117,149,471,-322
119000118,2,0,2
119000123,3379,2420,959
119000124,830,229,601
119000125,4284,691,3593
119000126,1443,708,735
119000127,627,475,152
119000128,38,4,34
119000131,957,526,431
119000132,3,2,1
119000133,1,6,-5
119000134,2191,679,1512
119000135,178,316,-138
119000136,305,175,130
119000137,282,278,4
119000138,554,260,294
119000139,369,186,183
119000140,265,405,-140
119000284,1246,2570,-1324
119000285,2217,1899,318
119000286,7127,5560,1567
119000287,1170,2070,-900
119000288,1963,1205,758
119000289,1502,2619,-1117
119000290,244,435,-191
119000291,16,259,-243
119000293,183,195,-12
119000294,55,36,19
119000295,1695,380,1315
119000296,308,231,77
119000299,0,1,-1
119000302,2118,1346,772
119000303,53,156,-103
119000314,1883,11892,-10009
119000315,0,311,-311
119000316,202,121,81
119000317,130,267,-137
119900001,280,1328,-1048
119900002,179,280,-101
119900003,67,860,-793
119900004,274,1173,-899
119900005,211,111,100
119900006,282,408,-126
119900007,1317,250,1067
119900008,116,72,44
119900009,690,604,86
119900010,1776,2313,-537
119900011,25,102,-77
119900012,30,117,-87
119900013,2592,1823,769
119900014,683,434,249
119900015,105,27,78
119900016,41,62,-21
119900017,69,38,31
119900018,1990,877,1113
119900019,59,11,48
119900020,219,172,47
119900021,275,107,168
119900022,123,1037,-914
119900023,523,1786,-1263
119900025,186,22,164
119900026,721,163,558
119900027,31,11,20
119900028,241,153,88
119900029,2,11,-9
119900030,712,454,258
119900031,85,482,-397
119900033,2365,399,1966
119900034,497,119,378
119900037,210,27,183
119900038,59,349,-290
119900039,80,27,53
119900040,91,22,69
119900041,144,27,117
119900042,164,166,-2
119900043,112,135,-23
119900044,220,990,-770
119900046,127,70,57
119900047,407,105,302
119900048,41,18,23
119900049,115,4,111
119900050,172,155,17
119900051,618,6,612
119900052,74,50,24
119900053,240,162,78
119900054,225,19,206
119900055,1524,491,1033
119900057,256,74,182
119900058,333,4,329
119900059,194,68,126
119900060,335,50,285
119900062,79,25,54
119900063,17,63,-46
119900065,227,8,219
119900066,3,0,3
119900067,111,48,63
119900068,628,2,626
119900069,199,72,127
119900070,1084,13,1071
119900071,914,36,878
119900073,1604,641,963
119900074,45,57,-12
119900075,4228,2574,1654
119900076,669,312,357
119900077,910,866,44
119900078,555,876,-321
119900079,330,186,144
119900080,1869,1251,618
119900081,321,26,295
119900082,1542,164,1378
119900083,557,220,337
119900084,818,398,420
119900085,62,55,7
119900087,511,482,29
119900088,42,52,-10
119900089,44,412,-368
119900090,145,63,82
119900091,41,770,-729
119900092,148,469,-321
119900093,1600,275,1325
119900094,61,268,-207
119900095,188,101,87
119900096,27,143,-116
119900097,522,274,248
119900098,44,64,-20
119900099,36,215,-179
119900100,1793,3442,-1649
119900101,205,2053,-1848
119900102,41,243,-202
119900103,59,353,-294
119900104,47,177,-130
119900105,1290,6533,-5243
119900106,13,157,-144
119900107,303,2012,-1709
119900108,5342,765,4577
119900109,14,183,-169
119900110,1119,526,593
119900111,139,239,-100
119900112,1178,619,559
119900113,64,255,-191
119900114,350,1031,-681
119900115,366,854,-488
119900116,197,473,-276
119900117,323,723,-400
119900118,80,683,-603
119900119,293,225,68
119900120,842,599,243
119900121,452,860,-408
119900122,381,335,46
119900123,273,279,-6
119900124,225,818,-593
119900125,66,309,-243
119900126,4664,395,4269
119900127,1886,1028,858
119900128,511,549,-38
119900129,274,514,-240
119900130,25,236,-211
119900131,52,229,-177
119900132,2,195,-193
119900133,78,131,-53
119900134,1540,234,1306
119900135,4,382,-378
119900136,196,345,-149
119900138,379,561,-182
119900139,53,122,-69
119900140,15,128,-113
119900141,104,837,-733
119900142,17,46,-29
119900143,24,306,-282
119900144,1699,302,1397
119900145,98,158,-60
119900146,214,175,39
119900147,5,141,-136
119900148,291,72,219
119900149,1057,5294,-4237
119900150,150,169,-19
119900151,1948,1129,819
119900152,136,325,-189
119900153,176,80,96
119900154,29,211,-182
119900155,50,35,15
119900156,18,4,14
119900157,159,255,-96
119900158,235,69,166
119900159,4,1166,-1162
119900160,27,122,-95
119900161,186,193,-7
119900162,1071,1142,-71
119900163,129,220,-91
119900164,0,1,-1
119900165,162,197,-35
119900166,127,52,75
119900167,74,87,-13
119900168,1039,543,496
119900169,158,303,-145
119900170,267,294,-27
119900171,1212,460,752
119900172,180,22,158
119900173,5,359,-354
119900174,15,205,-190
119900175,1610,714,896
119900177,16,188,-172
119900178,19,156,-137
119900179,170,680,-510
119900180,1118,1074,44
119900181,68,136,-68
119900182,8,334,-326
119900183,183,655,-472
119900184,1897,478,1419
119900185,72,218,-146
119900186,63,1218,-1155
119900187,36,479,-443
119900188,132,390,-258
119900189,489,504,-15
119900190,78,456,-378
119900191,322,351,-29
119900192,58,218,-160
119900193,512,169,343
119900194,41,78,-37
119900195,132,236,-104
119900196,1274,455,819
119900197,299,195,104
119900198,185,350,-165
119900199,195,29,166
119900200,905,678,227
119900201,411,220,191
119900202,108,307,-199
119900203,168,647,-479
119900204,367,284,83
119900205,934,477,457
119900206,247,128,119
119900208,229,202,27
119900209,641,1519,-878
119900210,45,24,21
119900211,106,11,95
119900212,257,291,-34
119900213,11,74,-63
119900214,29,69,-40
119900215,48,65,-17
119900216,16,57,-41
119900217,27,71,-44
119900218,28,59,-31
119900219,11,101,-90
119900220,7,62,-55
119900221,33,203,-170
119900222,10,186,-176
119900223,21,69,-48
119900224,15,13,2
119900225,743,36,707
119900226,610,2399,-1789
119900227,1185,401,784
119900228,65,245,-180
119900229,342,466,-124
119900230,1369,581,788
119900231,377,162,215
119900232,289,123,166
119900233,145,31,114
119900234,27,155,-128
119900235,35,59,-24
119900236,26,205,-179
119900237,86,529,-443
119900238,5,111,-106
119900240,74,156,-82
119900241,186,262,-76
119900242,1772,1663,109
119900244,777,1606,-829
119900245,133,225,-92
119900246,376,585,-209
119900247,46,110,-64
119900248,104,240,-136
119900249,339,136,203
119900253,2647,408,2239
119900254,115,885,-770
119900255,164,888,-724
119900256,864,850,14
119900257,86,6,80
119900258,183,15,168
119900259,5,118,-113
119900260,170,6,164
119900261,280,218,62
119900262,0,198,-198
119900263,1233,415,818
119900264,105,120,-15
119900265,861,396,465
119900266,464,268,196
119900267,267,474,-207
119900268,222,204,18
119900269,1600,1088,512
119900271,42,107,-65
119900272,346,388,-42
119900275,176,41,135
119900276,67,1,66
119900277,11,3,8
119900278,324,131,193
119900279,139,288,-149
119900280,729,156,573
119900281,1,272,-271
119900282,74,150,-76
119900283,20,173,-153
119900284,66,204,-138
119900285,36,123,-87
119900286,5,36,-31
119900288,5,16,-11
119900289,0,40,-40
119900290,1,28,-27
119900291,8,96,-88
119900292,33,28,5
119900293,18,3,15
119900294,23,1,22
119900295,0,0,0
119900296,1,0,1
119900299,55,170,-115
119900300,220,205,15
119900301,109,231,-122
119900302,232,123,109
119900303,258,174,84
119900304,194,42,152
119900305,19,123,-104
119900306,28,3,25
119900307,53,135,-82
119900308,3,22,-19
119900309,68,207,-139
119900310,312,272,40
119900311,129,107,22
119900312,151,75,76
119900313,287,357,-70
119900314,214,394,-180
119900315,2269,1985,284
119900318,8,31,-23
119900319,1,276,-275
119900320,394,632,-238
119900321,107,3,104
119900322,21,74,-53
119900323,7,124,-117
119900324,2,51,-49
119900325,100,223,-123
119900326,59,111,-52
120000001,7191,16871,-9680
120000002,2911,2350,561
120000003,3249,1633,1616
120000004,2772,1853,919
120000005,4460,2079,2381
120000006,1331,1161,170
120000007,3996,3276,720
120000008,1050,1339,-289
120000009,2278,1104,1174
120000010,2196,2694,-498
120000011,1120,1719,-599
120000012,1776,2698,-922
120000013,3550,2987,563
120000014,834,1636,-802
120000015,2988,1650,1338
120000016,4367,2373,1994
120000017,3516,2975,541
120000018,4090,13261,-9171
120000019,1252,1709,-457
120000020,3537,3653,-116
120000021,2042,2461,-419
120000022,3152,4226,-1074
120000023,1239,1799,-560
120000024,1650,2602,-952
120000025,2932,2005,927
120000026,2444,1932,512
120000027,2739,2343,396
120000028,918,1723,-805
120000029,4052,2032,2020
120000030,742,1621,-879
120000031,2577,8423,-5846
120000032,8313,3898,4415
120000033,4972,1841,3131
120000034,2465,1681,784
120000035,2460,1989,471
120000036,3175,5391,-2216
120000037,763,1842,-1079
120000038,6859,4595,2264
120000039,923,1102,-179
120000040,188,941,-753
120000041,1557,1814,-257
120000042,2134,2423,-289
120000043,5713,1765,3948
120000044,6288,1573,4715
120000045,6728,1119,5609
120000046,3623,3266,357
120000047,1082,6001,-4919
120000048,7623,4628,2995
120000049,3983,3506,477
120000050,3976,3803,173
120000051,2885,4583,-1698
120000052,8286,2229,6057
120000053,1341,1907,-566
120000054,1514,3768,-2254
120000055,1947,4443,-2496
120000056,5357,3939,1418
120000057,4041,1122,2919
120000058,3713,1451,2262
120000059,24,1909,-1885
120000061,177,611,-434
120000062,279,368,-89
120000063,1448,2692,-1244
120000064,287,1045,-758
120000065,577,1285,-708
120000066,492,588,-96
120000067,79,546,-467
120000068,244,743,-499
120000069,708,968,-260
120000070,100,611,-511
120000071,664,145,519
120000072,996,466,530
120000073,987,138,849
120000074,244,147,97
120000075,1204,417,787
120000076,2662,419,2243
120000077,2254,722,1532
120000078,4146,1369,2777
120000079,296,191,105
120000080,176,205,-29
120000081,425,149,276
120000082,241,253,-12
120000083,98,695,-597
120000084,404,433,-29
120000085,457,497,-40
120000086,281,506,-225
120000087,253,594,-341
120000088,917,1133,-216
120000089,1367,721,646
120000090,999,576,423
120000091,1247,1125,122
120000092,1544,675,869
120000093,583,499,84
120000094,202,819,-617
120000095,1292,502,790
120000096,343,739,-396
120000098,1255,874,381
120000099,579,768,-189
120000100,1143,796,347
120000101,745,505,240
120000102,769,1019,-250
120000103,1741,984,757
120000104,2215,512,1703
120000105,3598,686,2912
120000106,2646,623,2023
120000107,4872,647,4225
120000108,1697,153,1544
120000109,1286,119,1167
120000110,87,871,-784
120000111,136,965,-829
120000112,855,2189,-1334
120000113,577,1645,-1068
120000114,886,2171,-1285
120000115,375,1814,-1439
120000116,644,1755,-1111
120000117,921,1307,-386
120000118,66,71,-5
120000119,24,70,-46
120000120,110,86,24
120000121,32,99,-67
120000122,311,407,-96
120000123,4198,6995,-2797
120000124,519,392,127
120000125,591,642,-51
120000126,361,1221,-860
120000127,2534,1277,1257
120000128,3237,5001,-1764
120000129,364,291,73
120000130,942,513,429
120000131,379,863,-484
120000134,436,1001,-565
120000135,727,602,125
120000137,348,1215,-867
120000138,1237,444,793
120000139,369,630,-261
120000140,1134,598,536
120000141,444,477,-33
120000142,1047,697,350
120000143,0,119,-119
120000144,152,4,148
120000145,441,3,438
120000146,986,940,46
120000149,784,1063,-279
120000150,3245,12007,-8762
120000151,522,423,99
120000152,719,192,527
120000153,338,621,-283
120000154,661,505,156
120000155,175,232,-57
120000156,816,1141,-325
120000157,1123,689,434
120000158,1000,879,121
120000159,2109,2458,-349
120000160,2760,1805,955
120000161,2519,2206,313
120000162,102,318,-216
120000163,877,1098,-221
120000164,808,367,441
120000165,718,764,-46
120000166,1795,592,1203
120000167,258,410,-152
120000168,42,1185,-1143
120000169,71,2311,-2240
120000170,68,1815,-1747
120000171,41,683,-642
120000172,45,346,-301
120000173,2292,2486,-194
120000174,383,41,342
120000175,201,44,157
120000176,216,57,159
120000177,1616,163,1453
120000178,161,29,132
120000179,262,74,188
120000180,1035,141,894
120000181,337,2618,-2281
120000182,112,1049,-937
120000183,33,1017,-984
120000184,201,2037,-1836
120000186,47,774,-727
120000187,32,395,-363
120000188,98,912,-814
120000190,725,115,610
120000191,962,136,826
120000192,1121,37,1084
120000193,381,15,366
120000195,86,6,80
120000196,534,72,462
120000197,237,147,90
120000198,191,74,117
120000199,139,3,136
120000200,155,3,152
120000201,31,16,15
120000202,4,47,-43
120000203,66,173,-107
120000207,2,44,-42
120000208,8,180,-172
120000209,4,67,-63
120000210,52,60,-8
120000211,205,4,201
120000212,272,1,271
120000213,227,289,-62
120000214,3,203,-200
120000215,5,107,-102
120000216,144,32,112
120000217,674,1382,-708
120000218,160,686,-526
120000219,7,451,-444
120000220,10,1266,-1256
120000225,1970,3,1967
120000226,442,10,432
120000227,1114,96,1018
120000228,14042,4001,10041
120000230,466,18,448
120000231,1537,1921,-384
120000233,464,11,453
120000235,289,524,-235
120000236,1298,2,1296
120000237,0,1077,-1077
120000238,27,1567,-1540
120000241,1348,4122,-2774
120000412,886,13,873
120000413,313,273,40
120000414,174,8,166
120000415,3,89,-86
120000416,137,5,132
120000417,15,126,-111
120000418,218,11,207
120000419,15,243,-228
120000420,63,23,40
120000421,9670,5780,3890
120000422,166,1851,-1685
120000423,2,65,-63
120000424,122,140,-18
120000436,134,792,-658
120000437,140,127,13
120000438,2032,206,1826
120000439,283,582,-299
120000443,245,2,243
120000444,1684,447,1237
120000445,1887,1203,684
120000446,810,222,588
120000447,266,2,264
120000449,133,5,128
120000450,12,208,-196
120000451,134,436,-302
120000452,538,1,537
120000453,1,327,-326
120000454,85,84,1
120000455,85,31,54
120000456,3085,4164,-1079
120000457,1035,426,609
120000458,548,629,-81
120000459,114,63,51
120000665,1347,400,947
120000668,126,2247,-2121
120000669,126,188,-62
120000670,271,1430,-1159
120000671,1909,625,1284
120000672,102,516,-414
120900001,80,97,-17
120900002,439,697,-258
120900003,247,26,221
120900004,23,107,-84
120900005,39,934,-895
120900006,443,261,182
120900007,258,98,160
120900008,403,1080,-677
120900009,821,57,764
120900010,602,160,442
120900011,329,165,164
120900012,287,1524,-1237
120900013,433,142,291
120900014,1,456,-455
120900015,1164,105,1059
120900016,1068,74,994
120900017,2507,98,2409
120900018,161,499,-338
120900019,831,368,463
120900020,672,1526,-854
120900021,973,280,693
120900022,13,255,-242
120900023,426,53,373
120900024,2085,581,1504
120900025,1788,1157,631
120900026,400,226,174
120900027,1124,31,1093
120900028,514,138,376
120900029,159,582,-423
120900030,1521,942,579
120900031,284,145,139
120900032,1273,101,1172
120900033,1348,87,1261
120900034,41,3084,-3043
120900035,70,142,-72
120900037,311,13,298
120900038,61,348,-287
120900039,155,49,106
120900040,341,9,332
120900041,124,33,91
120900042,661,72,589
120900043,172,53,119
120900044,13,375,-362
120900045,189,133,56
120900046,564,8,556
120900047,157,170,-13
120900048,152,24,128
120900049,596,3,593
120900050,1855,1736,119
120900051,391,114,277
120900052,657,9,648
120900053,386,81,305
120900054,1674,671,1003
120900055,494,3,491
120900056,613,12,601
120900057,214,25,189
120900058,643,1,642
120900059,130,4,126
120900060,88,31,57
120900061,296,291,5
120900062,283,9,274
120900063,701,7,694
120900064,737,0,737
120900065,698,0,698
120900066,500,268,232
120900067,266,65,201
120900068,366,1,365
120900069,293,38,255
120900071,31,1,30
120900072,870,1,869
120900073,656,129,527
120900074,937,36,901
120900076,356,1,355
120900077,3092,380,2712
120900078,904,613,291
120900079,937,105,832
120900080,1039,1376,-337
120900081,1115,647,468
120900082,531,427,104
120900083,175,11,164
120900084,381,489,-108
120900085,93,114,-21
120900086,98,417,-319
120900087,587,453,134
120900088,212,587,-375
120900089,2666,3350,-684
120900090,357,112,245
120900091,759,987,-228
120900092,1180,519,661
120900093,1894,140,1754
120900094,462,165,297
120900095,497,30,467
120900096,50,282,-232
120900097,923,734,189
120900098,241,145,96
120900099,94,74,20
120900100,107,215,-108
120900101,535,237,298
120900102,58,83,-25
120900103,75,203,-128
120900104,15,57,-42
120900105,53,484,-431
120900106,1008,484,524
120900107,286,150,136
120900108,8,485,-477
120900109,46,522,-476
120900110,6,738,-732
120900111,188,341,-153
120900112,18,741,-723
120900113,12,633,-621
120900114,40,130,-90
120900115,182,280,-98
120900116,499,342,157
120900117,0,365,-365
120900118,23,649,-626
120900119,9067,5187,3880
120900120,70,423,-353
120900121,298,548,-250
120900122,620,419,201
120900123,11,319,-308
120900124,2,444,-442
120900125,8,549,-541
120900126,1489,925,564
120900127,16,419,-403
120900128,1114,1378,-264
120900129,45,231,-186
120900130,15,338,-323
120900131,133,96,37
120900132,1295,329,966
120900133,228,720,-492
120900134,739,403,336
120900135,12,480,-468
120900136,66,154,-88
120900137,337,160,177
120900138,36,209,-173
120900139,4,562,-558
120900140,4,240,-236
120900141,195,281,-86
120900142,17,473,-456
120900143,2,653,-651
120900144,1,146,-145
120900145,221,703,-482
120900146,2,758,-756
120900147,2,431,-429
120900148,168,160,8
120900149,1,256,-255
120900150,42,408,-366
120900151,2,526,-524
120900152,10,41,-31
120900153,95,124,-29
120900154,2,538,-536
120900155,209,785,-576
120900156,69,279,-210
120900157,142,312,-170
120900158,79,572,-493
120900159,482,554,-72
120900160,29,647,-618
120900161,188,566,-378
120900162,150,1058,-908
120900163,180,2039,-1859
120900164,4,50,-46
120900165,42,206,-164
120900166,187,828,-641
120900167,448,173,275
120900169,84,251,-167
120900170,1006,3448,-2442
120900171,1152,246,906
120900172,1188,2342,-1154
120900173,1,385,-384
120900174,17,111,-94
120900175,320,167,153
120900176,21,460,-439
120900177,4,1548,-1544
120900178,0,548,-548
120900179,786,450,336
120900180,83,165,-82
120900181,133,41,92
120900182,34,367,-333
120900183,912,125,787
120900184,445,72,373
120900185,14,544,-530
120900186,0,331,-331
120900187,684,1236,-552
120900188,230,8,222
120900189,101,1596,-1495
120900190,102,16,86
120900191,16,19,-3
120900192,8564,8933,-369
120900194,72,100,-28
120900195,145,390,-245
120900196,946,41,905
120900197,828,178,650
120900198,322,599,-277
120900199,531,566,-35
120900200,101,116,-15
120900201,441,179,262
120900202,1,164,-163
120900203,62,104,-42
120900204,153,250,-97
120900205,60,52,8
120900206,22,49,-27
120900207,97,1125,-1028
121000001,914,1335,-421
121000002,2811,1525,1286
121000003,3431,2527,904
121000004,3099,3802,-703
121000005,2022,3195,-1173
121000006,4015,2095,1920
121000007,2791,3277,-486
121000008,5621,4516,1105
121000009,6117,6746,-629
121000010,9726,7092,2634
121000011,10104,13614,-3510
121000012,17901,11329,6572
121000013,5628,7791,-2163
121000014,6587,5986,601
121000015,4636,7961,-3325
121000016,4533,3956,577
121000017,2644,4156,-1512
121000018,3223,2113,1110
121000019,17102,12883,4219
121000020,15974,19569,-3595
121000021,3188,3328,-140
121000022,3493,4125,-632
121000023,4056,2935,1121
121000024,6018,5788,230
121000025,855,1558,-703
121000026,474,187,287
121000027,1867,1421,446
121000028,1164,602,562
121000029,1108,806,302
121000030,880,525,355
121000031,759,777,-18
121000032,315,159,156
121000034,409,287,122
121000035,170,224,-54
121000036,1064,967,97
121000037,658,734,-76
121000038,591,1228,-637
121000039,330,560,-230
121000041,668,632,36
121000042,386,419,-33
121000043,746,595,151
121000044,1531,1026,505
121000045,607,374,233
121000046,870,1118,-248
121000047,88,138,-50
121000049,1414,695,719
121000050,383,1333,-950
121000051,696,417,279
121000052,472,784,-312
121000053,432,175,257
121000054,68,499,-431
121000055,1267,1463,-196
121000056,938,1253,-315
121000057,338,722,-384
121000058,458,293,165
121000059,2935,1472,1463
121000060,786,1169,-383
121000061,108,604,-496
121000062,229,525,-296
121000063,1022,867,155
121000064,1023,1025,-2
121000065,477,585,-108
121000066,801,685,116
121000067,705,669,36
121000068,941,438,503
121000069,472,885,-413
121000070,1945,1443,502
121000071,1664,1520,144
121000072,1590,790,800
121000073,1571,1040,531
121000074,115,145,-30
121000075,59,407,-348
121000076,755,448,307
121000077,143,185,-42
121000078,138,233,-95
121000080,2108,752,1356
121000081,4525,3572,953
121000082,109,302,-193
121000083,203,124,79
121000084,192,168,24
121000085,362,536,-174
121000086,365,766,-401
121000087,58,389,-331
121000088,527,602,-75
121000089,446,527,-81
121000090,588,429,159
121000091,1735,1280,455
121000092,232,94,138
121000093,208,272,-64
121000094,618,952,-334
121000095,448,974,-526
121000096,2797,2397,400
121000097,1056,2745,-1689
121000098,749,1271,-522
121000099,801,894,-93
121000100,1038,467,571
121000101,386,318,68
121000102,331,332,-1
121000103,221,345,-124
121000104,286,165,121
121000105,529,257,272
121000106,421,465,-44
121000107,2178,3391,-1213
121000109,1270,1130,140
121000110,414,782,-368
121000114,3361,2419,942
121000115,1163,672,491
121000116,283,911,-628
121000117,699,235,464
121000118,1699,220,1479
121000119,285,538,-253
121000120,328,586,-258
121000121,670,1671,-1001
121000123,1625,878,747
121000126,109,382,-273
121000127,195,123,72
121000128,1109,465,644
121000129,1044,599,445
121000130,714,964,-250
121000131,2665,2258,407
121000132,1929,2452,-523
121000135,614,1111,-497
121000136,1389,1391,-2
121000137,582,402,180
121000138,1076,1935,-859
121000139,489,681,-192
121000141,257,234,23
121000142,888,1123,-235
121000143,240,45,195
121000144,1083,2096,-1013
121000145,670,1058,-388
121000146,1527,1209,318
121000147,1275,711,564
121000148,1006,1149,-143
121000149,2637,1614,1023
121000152,596,525,71
121000153,2311,691,1620
121000154,1410,671,739
121000155,2000,1123,877
121000156,554,1088,-534
121000157,1023,1800,-777
121000158,438,438,0
121000159,237,396,-159
121000160,324,393,-69
121000161,266,326,-60
121000162,149,222,-73
121000165,1855,2255,-400
121000166,27,516,-489
121000168,490,290,200
121000169,110,173,-63
121000170,486,98,388
121000171,114,232,-118
121000172,1056,662,394
121000173,1697,1342,355
121000174,479,496,-17
121000175,1110,415,695
121000176,484,324,160
121000177,907,684,223
121000178,117,74,43
121000179,93,81,12
121000181,421,478,-57
121000182,222,327,-105
121000183,127,178,-51
121000184,159,293,-134
121000185,60,254,-194
121000186,267,741,-474
121000187,275,190,85
121000188,256,203,53
121000192,1154,451,703
121000193,710,582,128
121000194,2237,2447,-210
121000195,253,929,-676
121000196,704,406,298
121000197,323,908,-585
121000198,241,200,41
121000199,211,466,-255
121000200,711,120,591
121000201,6,204,-198
121000202,1193,150,1043
121000203,889,1847,-958
121000204,3379,734,2645
121000205,192,334,-142
121000206,269,70,199
121000207,2613,462,2151
121000208,12,291,-279
121000209,509,228,281
121000210,857,332,525
121000211,368,151,217
121000212,529,628,-99
121000213,11445,3305,8140
121000214,1030,2392,-1362
121000215,1141,1274,-133
121000216,653,729,-76
121000217,4666,2792,1874
121000218,427,1816,-1389
121000219,1725,513,1212
121000220,229,108,121
121000221,150,277,-127
121000222,2533,3198,-665
121000223,421,441,-20
121000224,343,297,46
121000225,904,2261,-1357
121000226,2338,1203,1135
121000227,19,143,-124
121000228,21,530,-509
121000229,359,285,74
121000230,71,1460,-1389
121000231,1301,33,1268
121000232,427,339,88
121000233,611,392,219
121000234,33,40,-7
121000235,68,67,1
121000236,11,55,-44
121000237,49,18,31
121000238,13,103,-90
121000239,73,7,66
121000240,15,183,-168
121000241,105,25,80
121000242,63,385,-322
121000243,590,189,401
121000244,19,85,-66
121000245,106,26,80
121000246,4,115,-111
121000247,123,4,119
121000248,1200,590,610
121000249,111,383,-272
121000250,673,268,405
121000251,33,407,-374
121000252,168,91,77
121000253,340,422,-82
121000254,684,235,449
121000255,167,250,-83
121000256,359,242,117
121000257,39,115,-76
121000258,146,108,38
121000259,56,63,-7
121000260,76,159,-83
121000261,96,73,23
121000262,1203,760,443
121000263,503,501,2
121000271,365,1446,-1081
121000273,49,10,39
121000274,22,63,-41
121000275,1,4,-3
121000276,7,24,-17
121000278,69,49,20
121000279,22,32,-10
121000280,54,72,-18
121000289,305,29,276
121000290,1339,1096,243
121000294,176,173,3
121000297,856,1249,-393
121000299,76,850,-774
121000300,1027,660,367
121000302,55,1416,-1361
121000303,499,414,85
121000304,506,77,429
121000305,219,62,157
121000306,139,144,-5
121000308,172,370,-198
121000309,389,543,-154
121000310,95,379,-284
121000311,92,734,-642
121000312,522,334,188
121000313,414,419,-5
121000314,98,142,-44
121000315,63,145,-82
121000530,1801,1433,368
121000531,1852,1541,311
121000532,7156,8444,-1288
121000533,3721,4218,-497
121000918,44,145,-101
121000919,56,68,-12
121000938,139,220,-81
121000939,140,304,-164
121000956,1657,1215,442
121000957,12,33,-21
121000958,40,107,-67
121000959,942,699,243
121000960,1765,1868,-103
121000961,303,157,146
121000962,369,504,-135
121000963,0,0,0
121000973,1,185,-184
121000976,22,262,-240
121000979,706,245,461
121000981,467,210,257
121000982,364,219,145
121000983,455,403,52
121000984,24,72,-48
121000985,862,536,326
121000986,447,207,240
121000987,209,815,-606
121000988,961,153,808
121001302,352,127,225
121001308,8,26,-18
121001309,63,156,-93
121001313,199,169,30
121001314,2335,2596,-261
121001315,5547,3752,1795
121900001,113,199,-86
121900002,55,43,12
121900003,426,39,387
121900004,107,521,-414
121900005,14,19,-5
121900006,153,47,106
121900007,2435,2247,188
121900008,791,637,154
121900009,786,34,752
121900010,255,4,251
121900011,365,510,-145
121900012,12,1,11
121900013,1253,107,1146
121900014,1572,353,1219
121900015,209,253,-44
121900016,3,35,-32
121900017,526,466,60
121900018,386,6,380
121900019,557,306,251
121900020,29,2,27
121900021,996,21,975
121900022,316,235,81
121900023,224,533,-309
121900024,444,106,338
121900025,734,482,252
121900026,431,50,381
121900027,548,292,256
121900028,334,33,301
121900029,129,242,-113
121900030,571,540,31
121900031,994,7046,-6052
121900032,104,85,19
121900033,208,278,-70
121900034,266,104,162
121900035,3257,2623,634
121900036,78,354,-276
121900037,217,1407,-1190
121900038,50,161,-111
121900039,408,57,351
121900040,100,170,-70
121900041,130,231,-101
121900042,448,193,255
121900043,21,9,12
121900044,169,78,91
121900046,281,506,-225
121900047,266,66,200
121900048,80,126,-46
121900050,37,69,-32
121900051,188,214,-26
121900052,212,65,147
121900053,642,348,294
121900054,564,946,-382
121900055,5,20,-15
121900058,281,225,56
121900059,481,221,260
121900060,178,406,-228
121900061,287,211,76
121900062,220,174,46
121900063,1750,431,1319
121900064,326,638,-312
121900066,66,54,12
121900067,53,89,-36
121900069,222,163,59
121900070,306,182,124
121900071,461,268,193
121900072,72,171,-99
121900073,307,333,-26
121900074,1089,1095,-6
121900075,514,629,-115
121900076,496,683,-187
121900077,18,26,-8
121900078,108,62,46
121900079,0,0,0
121900080,1082,442,640
121900082,79,88,-9
121900084,38,134,-96
121900085,1,14,-13
121900086,20,99,-79
121900087,188,165,23
121900088,2354,3509,-1155
121900089,274,288,-14
121900090,49,83,-34
121900091,78,85,-7
121900092,115,208,-93
121900093,94,106,-12
121900094,23,16,7
121900095,306,146,160
121900096,1391,1022,369
121900097,685,196,489
121900098,6,10,-4
121900099,318,77,241
121900100,280,597,-317
121900101,204,166,38
121900102,1,173,-172
121900103,556,394,162
121900104,1862,333,1529
121900105,364,244,120
121900106,9,9,0
121900107,58,37,21
121900108,0,15,-15
121900109,308,163,145
121900110,602,776,-174
121900111,871,329,542
121900112,175,244,-69
121900113,99,470,-371
121900114,114,58,56
121900117,299,196,103
121900118,2043,526,1517
121900119,202,126,76
121900120,93,1345,-1252
121900121,568,57,511
121900122,35,53,-18
121900123,329,489,-160
121900124,134,163,-29
121900125,2044,1040,1004
121900127,25,120,-95
121900128,120,128,-8
121900129,545,190,355
121900130,113,261,-148
121900131,261,108,153
121900132,63,119,-56
121900133,85,1082,-997
121900134,36,199,-163
121900135,4142,608,3534
121900136,393,404,-11
121900137,97,367,-270
121900138,117,210,-93
121900139,367,737,-370
121900140,102,184,-82
121900141,94,90,4
121900142,230,145,85
121900143,30,180,-150
121900144,151,263,-112
121900145,274,354,-80
121900146,702,877,-175
121900147,71,190,-119
121900148,209,371,-162
121900149,461,519,-58
121900150,66,149,-83
121900151,84,229,-145
121900152,127,152,-25
121900153,168,894,-726
121900154,20,320,-300
121900155,4,201,-197
121900156,232,191,41
121900157,2,405,-403
121900158,109,133,-24
121900159,3,204,-201
121900160,64,286,-222
121900161,322,366,-44
121900162,98,226,-128
121900163,324,450,-126
121900164,411,258,153
121900165,248,171,77
121900166,203,175,28
121900167,83,161,-78
121900168,177,201,-24
121900169,4,196,-192
121900170,13,228,-215
121900171,970,658,312
121900172,608,224,384
121900173,972,291,681
121900174,69,74,-5
121900175,225,406,-181
121900176,669,1371,-702
121900177,282,109,173
121900178,33,56,-23
121900179,481,218,263
121900180,3605,5111,-1506
121900182,675,353,322
121900183,622,1722,-1100
121900184,63,822,-759
121900186,8,471,-463
121900187,29,209,-180
121900188,890,376,514
121900189,35,159,-124
121900190,251,456,-205
121900191,182,216,-34
121900192,372,1083,-711
121900193,57,147,-90
121900194,8,406,-398
121900195,86,91,-5
121900196,981,1148,-167
121900197,279,1354,-1075
121900198,1396,1192,204
121900199,6,64,-58
121900200,95,303,-208
121900201,1100,936,164
121900202,167,993,-826
121900203,247,1142,-895
121900204,1052,1341,-289
121900205,19,79,-60
121900206,29,69,-40
121900207,151,33,118
121900208,168,369,-201
121900209,78,51,27
121900210,1688,1111,577
121900211,18,83,-65
121900212,153,157,-4
121900213,221,89,132
121900214,15,568,-553
121900215,53,125,-72
121900216,36,361,-325
121900217,331,164,167
121900218,218,444,-226
121900220,145,17,128
121900221,372,667,-295
121900222,165,170,-5
121900223,353,65,288
121900224,147,98,49
121900225,143,167,-24
121900226,344,446,-102
121900227,415,634,-219
121900228,226,300,-74
121900230,103,345,-242
121900231,235,1799,-1564
121900232,250,498,-248
121900233,261,252,9
121900234,371,277,94
121900235,550,165,385
121900236,420,186,234
121900237,211,359,-148
121900238,198,342,-144
121900239,238,52,186
121900240,339,164,175
121900241,76,77,-1
121900242,11,0,11
121900243,40,0,40
121900244,35,2,33
121900245,226,83,143
121900246,2903,495,2408
121900247,385,294,91
121900248,1514,1516,-2
121900250,275,403,-128
121900251,622,59,563
121900252,700,164,536
121900253,151,794,-643
121900254,441,351,90
121900255,462,116,346
121900258,4287,2272,2015
121900259,398,632,-234
121900260,191,180,11
121900261,215,619,-404
121900262,451,1126,-675
121900263,353,296,57
121900264,1743,1332,411
121900265,393,259,134
121900266,525,146,379
121900267,109,48,61
121900269,300,816,-516
121900270,42,221,-179
121900271,75,197,-122
121900273,477,2133,-1656
121900274,379,270,109
121900277,545,1657,-1112
121900278,165,1084,-919
121900279,172,267,-95
121900280,149,539,-390
121900281,398,484,-86
121900284,180,12,168
121900286,170,110,60
121900287,23,36,-13
121900288,2,0,2
121900290,371,547,-176
121900291,415,801,-386
121900292,178,172,6
121900293,976,2789,-1813
121900294,302,10,292
121900295,166,231,-65
121900296,87,333,-246
121900298,271,927,-656
121900299,0,10,-10
121900300,175,13,162
121900301,60,11,49
121900302,5,29,-24
121900303,295,639,-344
121900304,2,7,-5
121900305,4,10,-6
121900306,227,1,226
121900307,73,6,67
121900308,71,260,-189
121900309,17,210,-193
121900310,18,400,-382
121900311,528,24,504
121900312,511,15,496
121900313,432,15,417
121900314,5,61,-56
121900315,36,1,35
121900316,2,7,-5
121900317,28,6,22
121900318,2,16,-14
121900319,75,204,-129
121900320,39,51,-12
121900321,25,1,24
121900322,3,15,-12
121900323,24,25,-1
121900324,7,46,-39
121900325,25,12,13
121900326,2,26,-24
121900327,2,61,-59
121900328,0,36,-36
121900329,1,106,-105
121900330,0,25,-25
121900331,131,130,1
121900332,117,50,67
121900333,25,1,24
122000001,2268,5274,-3006
122000002,3891,1667,2224
122000003,2069,2948,-879
122000004,2998,1668,1330
122000005,2958,2250,708
122000006,1579,1222,357
122000007,1074,1903,-829
122000008,3143,4861,-1718
122000009,514,439,75
122000010,2325,3078,-753
122000011,3459,1736,1723
122000012,996,1813,-817
122000013,1287,1159,128
122000014,2060,1167,893
122000015,1553,1202,351
122000016,665,910,-245
122000017,1440,1193,247
122000018,1745,1724,21
122000019,850,1130,-280
122000020,264,263,1
122000021,279,460,-181
122000022,1246,1068,178
122000023,813,1863,-1050
122000024,700,1435,-735
122000025,961,1951,-990
122000026,843,1401,-558
122000027,718,1886,-1168
122000028,1058,527,531
122000029,502,591,-89
122000030,310,217,93
122000031,155,403,-248
122000032,2034,1984,50
122000033,749,1710,-961
122000034,647,747,-100
122000035,399,780,-381
122000036,728,527,201
122000037,443,289,154
122000038,275,356,-81
122000039,570,430,140
122000040,290,360,-70
122000041,601,618,-17
122000042,377,414,-37
122000043,114,90,24
122000044,135,161,-26
122000045,1408,560,848
122000046,978,801,177
122000047,246,274,-28
122000048,3639,4738,-1099
122000049,6441,3847,2594
122000050,1402,929,473
122000051,328,398,-70
122000052,595,474,121
122000053,184,1038,-854
122000054,2440,2138,302
122000055,2370,3365,-995
122000056,4591,3495,1096
122000057,3431,3978,-547
122000058,2019,1794,225
122000059,2449,2325,124
122000060,618,860,-242
122000061,503,598,-95
122000062,818,335,483
122000063,1108,790,318
122000064,3245,3544,-299
122000065,3481,2709,772
122000066,1047,1253,-206
122000067,1701,1420,281
122000068,1841,1254,587
122000069,838,785,53
122000070,1024,1431,-407
122000071,2271,1310,961
122000072,372,492,-120
122000073,362,897,-535
122000074,3195,1920,1275
122000075,908,1286,-378
122000076,3274,1487,1787
122000077,1098,1193,-95
122000078,1695,2930,-1235
122000079,893,1595,-702
122000080,728,478,250
122000081,207,283,-76
122000082,611,1152,-541
122000083,2177,1716,461
122000084,1903,1114,789
122000085,323,1115,-792
122000086,2814,6308,-3494
122000087,496,396,100
122000088,373,677,-304
122000089,5512,2856,2656
122000090,305,625,-320
122000091,181,150,31
122000092,118,51,67
122000093,1845,2510,-665
122000094,6139,3611,2528
122000095,2572,5189,-2617
122000096,2289,2197,92
122000098,3622,3287,335
122000099,1585,872,713
122000100,890,663,227
122000101,490,783,-293
122000102,2361,1365,996
122000103,2202,1939,263
122000104,535,215,320
122000105,638,285,353
122000106,578,746,-168
122000107,1210,521,689
122000108,551,957,-406
122000109,493,379,114
122000110,635,690,-55
122000111,2999,1466,1533
122000112,1224,1501,-277
122000113,780,649,131
122000114,3121,1683,1438
122000115,2301,1453,848
122000116,663,718,-55
122000117,1856,527,1329
122000118,762,1004,-242
122000119,4756,3673,1083
122000120,2761,6913,-4152
122000121,2615,4470,-1855
122000122,771,1851,-1080
122000123,1953,2040,-87
122000124,1240,749,491
122000125,807,957,-150
122000126,669,1283,-614
122000127,1161,1503,-342
122000128,568,933,-365
122000129,580,1807,-1227
122000130,3805,1948,1857
122000131,2226,1768,458
122000132,764,832,-68
122000133,1173,1609,-436
122000134,1124,982,142
122000135,702,787,-85
122000136,1008,869,139
122000137,2331,1123,1208
122000139,1282,4216,-2934
122000140,716,700,16
122000141,4559,1347,3212
122000142,325,1250,-925
122000143,544,963,-419
122000144,1913,1448,465
122000145,1444,1042,402
122000146,1049,1764,-715
122000147,777,539,238
122000148,1783,2767,-984
122000149,2423,1747,676
122000150,1252,1229,23
122000151,170,433,-263
122000152,404,427,-23
122000153,405,387,18
122000154,326,286,40
122000155,1734,2749,-1015
122000156,2738,3129,-391
122000157,1275,2914,-1639
122000158,401,762,-361
122000159,886,2246,-1360
122000160,5059,3599,1460
122000161,1490,1558,-68
122000162,2537,2216,321
122000163,324,144,180
122000164,51,127,-76
122000165,788,782,6
122000166,869,1260,-391
122000167,336,300,36
122000168,220,603,-383
122000169,382,180,202
122000170,398,268,130
122000171,61,106,-45
122000172,2340,1563,777
122000173,1726,2589,-863
122000174,2421,1173,1248
122000175,939,289,650
122000176,406,886,-480
122000177,1594,1646,-52
122000178,3286,2531,755
122000179,1906,2570,-664
122000180,1914,1581,333
122000181,1711,3333,-1622
122000182,2092,1959,133
122000183,2467,1148,1319
122000184,3434,2890,544
122000185,1758,2280,-522
122000186,475,878,-403
122000187,2014,1219,795
122000188,488,209,279
122000189,345,331,14
122000190,1007,1428,-421
122000191,973,916,57
122000192,1288,418,870
122000193,502,851,-349
122000194,488,215,273
122000195,195,527,-332
122000196,1247,670,577
122000197,472,794,-322
122000198,528,955,-427
122000199,317,394,-77
122000200,1038,677,361
122000201,1395,1878,-483
122000202,1445,1897,-452
122000203,3527,1640,1887
122000204,1670,2161,-491
122000205,1439,1753,-314
122000206,2622,1245,1377
122000207,2007,1750,257
122000208,2473,1633,840
122000209,2093,358,1735
122000210,2625,1808,817
122000211,1659,1736,-77
122000212,885,605,280
122000213,1258,1437,-179
122000214,2300,1792,508
122000215,2614,1767,847
122000217,2139,1606,533
122000218,832,79,753
122000219,1408,1009,399
122000220,447,793,-346
122000221,81,447,-366
122000222,610,135,475
122000223,1436,641,795
122000225,832,343,489
122000226,1981,2226,-245
122000227,347,2656,-2309
122000228,404,470,-66
122000229,86,607,-521
122000230,286,557,-271
122000231,527,775,-248
122000232,600,1043,-443
122000233,0,127,-127
122000234,417,61,356
122000235,588,118,470
122000236,1431,90,1341
122000237,142,88,54
122000238,678,395,283
122000239,803,239,564
122000240,1353,685,668
122000241,2334,664,1670
122000242,969,208,761
122000243,319,54,265
122000244,60,483,-423
122000245,121,204,-83
122000246,371,216,155
122000247,626,654,-28
122000248,1271,1614,-343
122000249,1338,1042,296
122000250,2924,1183,1741
122000251,297,453,-156
122000252,473,139,334
122000253,63,325,-262
122000254,313,112,201
122000255,747,1489,-742
122000256,362,862,-500
122000257,167,270,-103
122000258,330,300,30
122000259,17,534,-517
122000260,6,76,-70
122000261,15,257,-242
122000262,1,66,-65
122000263,457,175,282
122000264,1492,361,1131
122000265,2858,947,1911
122000266,4666,710,3956
122000267,164,136,28
122000268,184,376,-192
122000269,1047,357,690
122000270,599,196,403
122000271,376,1066,-690
122000272,437,801,-364
122000273,473,366,107
122000274,276,236,40
122000275,75,225,-150
122000276,939,675,264
122000277,1602,1832,-230
122000278,1907,682,1225
122000279,259,512,-253
122000280,1006,660,346
122000281,1105,782,323
122000282,240,527,-287
122000283,293,201,92
122000284,197,114,83
122000285,333,93,240
122000286,76,198,-122
122000287,1383,1393,-10
122000288,637,228,409
122000291,2463,902,1561
122000293,280,278,2
122000294,176,279,-103
122000295,1456,212,1244
122000296,38,570,-532
122000297,2804,3509,-705
122000299,708,440,268
122000300,650,592,58
122000301,9349,3496,5853
122000302,785,1649,-864
122000303,3200,1457,1743
122000304,74,223,-149
122000305,1307,279,1028
122000306,51,496,-445
122000307,142,126,16
122000309,85,52,33
122000310,22,128,-106
122000311,154,153,1
122000312,112,165,-53
122000313,83,92,-9
122000314,181,254,-73
122000315,374,64,310
122000316,1026,255,771
122000317,1666,329,1337
122000318,366,963,-597
122000319,275,344,-69
122000320,268,1053,-785
122000321,123,182,-59
122000322,2373,2616,-243
122000323,1375,2553,-1178
122000324,1295,1417,-122
122000325,1013,2107,-1094
122000326,119,89,30
122000327,721,1138,-417
122000328,1047,704,343
122000330,2612,1207,1405
122000332,198,395,-197
122000333,11,76,-65
122000337,1092,1218,-126
122000338,546,406,140
122000340,427,739,-312
122000342,1770,1130,640
122000343,626,1199,-573
122000344,59,25,34
122000345,60,34,26
122000346,390,460,-70
122000348,962,814,148
122000349,180,865,-685
122000351,176,250,-74
122000352,305,187,118
122000353,139,65,74
122000355,161,438,-277
122000356,1105,1209,-104
122000357,117,27,90
122000358,1,44,-43
122000359,0,36,-36
122000360,0,42,-42
122000362,13,89,-76
122000364,213,344,-131
122000365,7,50,-43
122000366,14,13,1
122000368,474,774,-300
122000370,28,49,-21
122000371,25,2,23
122000372,8,0,8
122000381,117,347,-230
122000382,110,226,-116
122000384,2410,1242,1168
122000385,84,1,83
122000386,332,1491,-1159
122000387,542,726,-184
122000388,1663,846,817
122000389,191,746,-555
122000390,334,273,61
122000391,421,325,96
122000392,260,234,26
122000393,34,152,-118
122000394,602,226,376
122000395,167,118,49
122000396,245,115,130
122000397,34,52,-18
122000398,31,82,-51
122000399,161,85,76
122000400,146,721,-575
122000401,169,81,88
122000402,360,133,227
122000403,544,769,-225
122000404,235,199,36
122000408,1019,1320,-301
122000503,20,120,-100
122000524,205,165,40
122000544,98,2159,-2061
122000616,349,4,345
122000640,103,123,-20
122000641,189,310,-121
122000642,1360,925,435
122000643,62,256,-194
122000644,216,81,135
122000645,124,164,-40
122000651,1262,1113,149
122000664,176,50,126
122000665,1563,558,1005
122000666,860,1261,-401
122000673,45,202,-157
122000674,255,76,179
122000675,1902,741,1161
122000686,480,1155,-675
122000687,1554,277,1277
122000688,399,500,-101
122000689,972,407,565
122000690,2426,381,2045
122000691,960,1392,-432
122000692,1967,457,1510
122000693,480,1842,-1362
122000695,305,341,-36
122000696,495,241,254
122000698,431,555,-124
122000699,243,110,133
122000701,1500,329,1171
122000702,511,1124,-613
122000703,222,73,149
122000717,110,87,23
122000718,410,1076,-666
122000719,97,104,-7
122000720,552,204,348
122000724,124,31,93
122900001,41,8,33
122900002,1179,5813,-4634
122900003,470,32,438
122900004,1911,81,1830
122900005,147,143,4
122900006,590,1095,-505
122900007,234,129,105
122900008,457,272,185
122900009,839,586,253
122900010,362,168,194
122900012,242,532,-290
122900014,171,210,-39
122900015,1761,1496,265
122900016,136,272,-136
122900017,354,1085,-731
122900018,201,36,165
122900019,19,135,-116
122900020,191,433,-242
122900021,39,463,-424
122900022,1009,904,105
122900023,611,236,375
122900024,148,112,36
122900025,8,400,-392
122900026,69,285,-216
122900027,70,664,-594
122900028,108,189,-81
122900029,4379,3000,1379
122900030,996,663,333
122900031,73,374,-301
122900032,202,493,-291
122900033,195,153,42
122900034,4283,5374,-1091
122900035,91,62,29
122900036,67,77,-10
122900037,429,190,239
122900038,110,3204,-3094
122900039,114,606,-492
122900040,292,611,-319
122900041,321,404,-83
122900042,254,330,-76
122900043,362,244,118
122900044,163,384,-221
122900045,128,118,10
122900046,167,444,-277
122900047,127,206,-79
122900048,55,237,-182
122900049,1357,142,1215
122900051,103,147,-44
122900052,117,142,-25
122900053,29,76,-47
122900055,432,94,338
122900057,281,62,219
122900061,552,172,380
122900062,703,709,-6
122900063,167,227,-60
122900064,877,459,418
122900065,647,215,432
122900066,788,367,421
122900067,1151,705,446
122900068,139,389,-250
122900069,418,1422,-1004
122900070,377,63,314
122900071,121,383,-262
122900072,27,461,-434
122900073,45,218,-173
122900074,1085,524,561
122900075,1,76,-75
122900076,11,202,-191
122900077,2,105,-103
122900078,239,73,166
122900080,43,45,-2
122900081,315,209,106
122900082,970,348,622
122900083,169,197,-28
122900084,17,242,-225
122900086,13,133,-120
122900087,329,476,-147
122900088,48,312,-264
122900089,74,292,-218
122900090,7,402,-395
122900091,304,2,302
122900092,0,159,-159
122900093,1,207,-206
122900094,8,227,-219
122900095,236,11,225
122900096,400,158,242
122900097,34,42,-8
122900098,78,171,-93
122900099,70,14,56
122900100,223,410,-187
122900101,638,303,335
122900102,16,36,-20
122900103,177,8,169
122900104,293,13,280
122900105,23,16,7
122900106,7,77,-70
122900107,7,181,-174
122900108,4,148,-144
123000001,1205,424,781
123000002,3576,5759,-2183
123000003,4244,4451,-207
123000004,3241,4003,-762
123000005,2987,3028,-41
123000006,2501,2406,95
123000007,4889,2936,1953
123000008,3175,3216,-41
123000009,4851,3013,1838
123000010,3337,3384,-47
123000011,2278,913,1365
123000012,830,2121,-1291
123000013,3928,1110,2818
123000014,814,3607,-2793
123000015,3332,1281,2051
123000016,4457,4767,-310
123000017,3950,1976,1974
123000018,143,76,67
123000019,509,191,318
123000020,282,50,232
123000021,165,192,-27
123000022,458,1634,-1176
123000023,2017,2090,-73
123000024,1765,809,956
123000025,102,117,-15
123000026,3,70,-67
123000027,131,849,-718
123000028,1251,1363,-112
123000029,667,1870,-1203
123000030,262,257,5
123000031,439,280,159
123000032,553,142,411
123000033,268,72,196
123000034,1118,851,267
123000035,446,444,2
123000036,288,965,-677
123000037,260,360,-100
123000038,89,242,-153
123000039,539,1715,-1176
123000040,828,357,471
123000041,1206,1293,-87
123000042,725,672,53
123000043,3059,11296,-8237
123000044,4532,2688,1844
123000045,7064,3365,3699
123000046,797,1751,-954
123000047,2071,1260,811
123000048,76,1016,-940
123000049,6676,10783,-4107
123000050,1783,1840,-57
123000051,162,247,-85
123000052,967,3762,-2795
123000053,3059,3340,-281
123000054,2030,1752,278
123000055,1763,2923,-1160
123000056,1338,1889,-551
123000057,10177,7775,2402
123000058,700,1156,-456
123000059,506,582,-76
123000060,1226,424,802
123000061,318,743,-425
123000063,961,899,62
123000064,1143,342,801
123000065,4385,2881,1504
123000066,842,618,224
123000067,1289,724,565
123000068,2953,2974,-21
123000069,6585,2964,3621
123000070,294,596,-302
123000071,1431,944,487
123000072,1162,766,396
123000073,1554,768,786
123000074,1237,1123,114
123000075,500,1260,-760
123000076,901,782,119
123000077,2250,2375,-125
123000078,1939,1502,437
123000079,1999,2057,-58
123000080,2446,1680,766
123000081,228,384,-156
123000082,395,1056,-661
123000083,1050,278,772
123000084,762,538,224
123000085,368,75,293
123000086,663,164,499
123000087,479,365,114
123000088,1313,697,616
123000089,710,1110,-400
123000090,1203,848,355
123000091,1576,1412,164
123000092,992,1192,-200
123000094,615,248,367
123000095,610,721,-111
123000096,920,401,519
123000097,567,697,-130
123000098,969,579,390
123000099,633,703,-70
123000100,487,697,-210
123000101,579,696,-117
123000102,621,787,-166
123000104,509,570,-61
123000105,717,554,163
123000106,560,486,74
123000107,427,523,-96
123000108,714,1164,-450
123000111,951,350,601
123000112,1509,519,990
123000113,635,1191,-556
123000114,401,700,-299
123000115,314,332,-18
123000116,52,150,-98
123000117,1973,1839,134
123000118,560,803,-243
123000119,263,744,-481
123000120,424,752,-328
123000121,572,519,53
123000122,388,285,103
123000123,525,441,84
123000124,518,433,85
123000125,1374,1491,-117
123000126,1323,4806,-3483
123000127,752,670,82
123000128,352,389,-37
123000129,879,266,613
123000130,780,110,670
123000131,1019,803,216
123000132,347,888,-541
123000133,312,362,-50
123000134,421,184,237
123000135,2851,1185,1666
123000136,231,647,-416
123000137,133,281,-148
123000138,128,426,-298
123000139,699,105,594
123000140,127,710,-583
123000141,970,136,834
123000142,1186,1095,91
123000143,944,1785,-841
123000144,44,41,3
123000145,242,187,55
123000146,30,98,-68
123000147,79,130,-51
123000149,408,573,-165
123000150,205,332,-127
123000151,323,598,-275
123000152,124,416,-292
123000153,345,1015,-670
123000154,1895,2487,-592
123000155,2347,1522,825
123000156,49,174,-125
123000157,665,922,-257
123000158,726,809,-83
123000159,3640,3165,475
123000160,1076,920,156
123000161,2138,1263,875
123000162,1241,1676,-435
123000163,644,141,503
123000164,1746,330,1416
123000165,432,1447,-1015
123000166,31,126,-95
123000167,209,276,-67
123000168,297,242,55
123000169,979,184,795
123000170,116,131,-15
123000171,844,28,816
123000172,206,559,-353
123000173,720,342,378
123000174,1248,457,791
123000175,627,1200,-573
123000176,1269,293,976
123000177,308,873,-565
123000178,832,177,655
123000179,63,525,-462
123000180,1986,382,1604
123000181,391,1142,-751
123000182,372,438,-66
123000183,208,540,-332
123000184,86,506,-420
123000185,1182,358,824
123000186,5,550,-545
123000187,604,4,600
123000188,204,0,204
123000189,197,186,11
123000190,75,100,-25
123000192,30,420,-390
123000193,78,733,-655
123000194,479,323,156
123000195,472,36,436
123000196,371,33,338
123000197,63,116,-53
123000198,39,604,-565
123000199,22,659,-637
123000200,706,14,692
123000201,1173,33,1140
123000202,30,953,-923
123000203,1039,75,964
123000204,85,961,-876
123000205,623,1474,-851
123000206,2476,324,2152
123000207,81,766,-685
123000208,641,235,406
123000209,2525,592,1933
123000210,446,1724,-1278
123000211,596,2192,-1596
123000212,3525,554,2971
123000213,826,90,736
123000215,122,248,-126
123000216,207,1276,-1069
123000217,260,37,223
123000218,57,886,-829
123000219,848,97,751
123000220,551,104,447
123000221,174,100,74
123000222,543,396,147
123000223,437,294,143
123000224,491,408,83
123000225,307,85,222
123000226,119,364,-245
123000227,68,312,-244
123000228,346,59,287
123000229,859,1481,-622
123000232,87,544,-457
123000233,796,181,615
123000234,175,596,-421
123000235,1209,312,897
123000236,403,766,-363
123000237,372,98,274
123000238,66,527,-461
123000239,487,1346,-859
123000240,59,532,-473
123000241,406,117,289
123000242,222,211,11
123000243,802,945,-143
123000244,966,787,179
123000245,55,154,-99
123000249,1197,558,639
123000252,1150,332,818
123000253,1562,619,943
123000254,816,978,-162
123000255,1328,1045,283
123000256,37,255,-218
123000257,2666,2048,618
123000258,1097,842,255
123000259,469,445,24
123000260,558,407,151
123000261,287,159,128
123000262,105,178,-73
123000263,458,98,360
123000264,210,91,119
123000265,102,152,-50
123000266,653,702,-49
123000267,857,433,424
123000268,65,108,-43
123000269,47,112,-65
123000270,33,79,-46
123000271,66,67,-1
123000272,844,300,544
123000273,373,741,-368
123000274,1277,653,624
123000275,293,857,-564
123000278,2822,2700,122
123000279,182,102,80
123000280,319,312,7
123000281,326,113,213
123000282,140,285,-145
123000283,207,56,151
123000284,78,74,4
123000286,232,437,-205
123000287,542,333,209
123000288,1599,1075,524
123000289,440,1289,-849
123000291,286,1047,-761
123000294,174,272,-98
123000295,1014,1007,7
123000296,692,428,264
123000297,817,542,275
123000298,883,454,429
123000299,75,187,-112
123000300,1166,951,215
123000301,167,323,-156
123000302,148,168,-20
123000303,153,277,-124
123000305,880,945,-65
123000306,175,104,71
123000309,71,60,11
123000310,77,50,27
123000311,0,67,-67
123000312,547,654,-107
123000313,634,419,215
123000315,345,294,51
123000316,990,100,890
123000317,235,61,174
123000318,68,227,-159
123000329,20,17,3
123000337,895,352,543
123000338,303,141,162
123000339,285,143,142
123000340,110,354,-244
123000342,14,22,-8
123000343,73,16,57
123000344,1101,446,655
123000345,342,576,-234
123000346,452,41,411
123000352,1320,944,376
123000353,46,90,-44
123000354,294,7,287
123000355,0,244,-244
123000356,437,31,406
123000357,2,131,-129
123000359,3,134,-131
123000360,238,98,140
123000361,222,339,-117
123000362,469,89,380
123000363,124,181,-57
123000364,608,595,13
123000365,19,457,-438
123000366,480,2256,-1776
123000367,306,975,-669
123000370,44,350,-306
123000371,523,80,443
123000372,483,55,428
123000373,23,397,-374
123000374,9,190,-181
123000375,337,49,288
123000376,1135,845,290
123000377,496,18,478
123000378,12,252,-240
123000379,2,209,-207
123000380,57,455,-398
123000381,145,69,76
123000382,1008,143,865
123000383,214,1367,-1153
123000384,467,104,363
123000385,157,590,-433
123000436,63,1306,-1243
123000507,122,232,-110
123000508,189,1162,-973
123000517,302,56,246
123000518,25,244,-219
123000519,206,70,136
123000520,60,202,-142
123000521,342,103,239
123000522,149,312,-163
123000541,12,7,5
123000542,0,6,-6
123000565,797,34,763
123000566,287,435,-148
123000567,82,148,-66
123000573,49,731,-682
123000574,902,96,806
123000575,1727,1124,603
123000576,1097,1327,-230
123000577,75,683,-608
123000578,557,103,454
123000579,1894,6118,-4224
123000580,113,64,49
123000582,637,39,598
123000583,37,386,-349
123000584,204,425,-221
123000585,0,69,-69
123000586,125,0,125
123000596,72,90,-18
123000597,69,173,-104
123000602,75,11,64
123000603,1043,686,357
123000604,585,648,-63
123000605,846,158,688
123000606,2,422,-420
123000609,21,366,-345
123000610,197,128,69
123000613,41,163,-122
123000614,262,56,206
123000615,34,81,-47
123000616,911,74,837
123000617,104,306,-202
123000618,75,637,-562
123000619,624,65,559
123000620,28,440,-412
123000622,488,12,476
123000624,175,46,129
123000630,1327,526,801
123000631,250,882,-632
123000632,788,724,64
123000633,0,154,-154
123000634,80,158,-78
123000635,104,120,-16
123000636,40,717,-677
123000637,267,98,169
123000638,569,44,525
123000639,1113,5059,-3946
123000640,15,548,-533
123000648,309,91,218
123000649,38,394,-356
123900001,1379,102,1277
123900002,31,1399,-1368
123900003,197,505,-308
123900005,308,175,133
123900006,328,42,286
124000001,2149,184,1965
124000002,111,1752,-1641
124000003,1090,207,883
124000004,102,549,-447
124000005,1231,484,747
124000006,221,945,-724
124000007,387,125,262
124000008,12,479,-467
124000009,672,280,392
124000010,251,350,-99
124000011,953,281,672
124000012,316,451,-135
124000017,246,176,70
124000018,132,85,47
124000019,139,120,19
124000020,65,167,-102
124000021,135,103,32
124000022,112,228,-116
124000023,1624,1674,-50
124000024,1045,474,571
124000025,1249,2068,-819
124000026,1100,1048,52
124000027,5458,5217,241
124000028,1864,4153,-2289
124000030,2712,1464,1248
124000031,1336,3756,-2420
124000032,2086,773,1313
124000033,590,413,177
124000034,990,658,332
124000035,245,262,-17
124000036,122,418,-296
124000037,711,1283,-572
124000038,49,157,-108
124000039,1004,544,460
124000040,563,1340,-777
124000041,518,138,380
124000042,109,453,-344
124000043,139,76,63
124000044,69,217,-148
124000045,945,536,409
124000046,366,697,-331
124000047,1863,868,995
124000048,1023,1344,-321
124000049,1829,657,1172
124000050,915,1494,-579
124000051,1179,590,589
124000052,773,910,-137
124000053,680,1584,-904
124000054,922,505,417
124000055,1592,2965,-1373
124000056,2214,1202,1012
124000057,1167,639,528
124000058,459,1040,-581
124000059,923,1518,-595
124000060,1261,610,651
124000061,1631,6128,-4497
124000062,4011,1875,2136
124000063,1175,1468,-293
124000064,2066,1210,856
124000065,71,418,-347
124000066,121,78,43
124000067,229,156,73
124000068,100,166,-66
124000069,804,127,677
124000070,320,497,-177
124000071,694,103,591
124000072,345,464,-119
124000073,1124,189,935
124000074,241,802,-561
124000075,372,33,339
124000076,14,182,-168
124000077,1366,1318,48
124000078,2738,1325,1413
124000079,363,1736,-1373
124000080,692,191,501
124000081,287,594,-307
124000082,92,176,-84
124000083,78,98,-20
124000084,87,602,-515
124000085,91,49,42
124000086,62,141,-79
124000087,252,128,124
124000088,380,610,-230
124000089,1000,300,700
124000090,186,426,-240
124000091,575,125,450
124000092,132,599,-467
124000093,133,87,46
124000094,183,649,-466
124000095,142,84,58
124000096,186,263,-77
124000097,179,153,26
124000098,47,90,-43
124000099,335,151,184
124000100,64,162,-98
124000101,103,156,-53
124000102,70,41,29
124000103,122,115,7
124000104,85,44,41
124000105,98,115,-17
124000106,193,32,161
124000107,17,198,-181
124000108,60,25,35
124000109,143,130,13
124000110,248,97,151
124000111,277,157,120
124000112,773,654,119
124000113,111,99,12
124000114,322,405,-83
124000115,399,692,-293
124000116,155,171,-16
124000117,58,107,-49
124000118,54,101,-47
124000119,1000,590,410
124000120,718,493,225
124000121,1448,687,761
124000122,635,1483,-848
124000123,1070,497,573
124000124,521,1154,-633
124000125,557,551,6
124000126,422,633,-211
124000127,995,393,602
124000128,626,927,-301
124000129,2602,1649,953
124000130,982,635,347
124000131,1008,728,280
124000132,932,754,178
124000133,1115,916,199
124000134,1184,636,548
124000135,2065,1883,182
124000136,971,1023,-52
124000137,1612,1190,422
124000138,2132,1317,815
124000139,552,35,517
124000140,31,427,-396
124000141,185,31,154
124000142,15,187,-172
124000143,75,14,61
124000144,15,47,-32
124000145,129,45,84
124000146,19,79,-60
124000148,23,77,-54
124000149,1123,401,722
124000150,383,715,-332
124000151,1033,440,593
124000152,907,1200,-293
124000153,948,888,60
124000154,620,798,-178
124000155,1740,1032,708
124000156,1837,1165,672
124000169,286,648,-362
124000170,471,540,-69
124000171,337,302,35
124000172,422,510,-88
124000173,629,225,404
124000174,432,552,-120
124000175,19,159,-140
124000176,75,22,53
124000177,11,47,-36
124000178,65,78,-13
124000190,122,106,16
124000191,187,184,3
124000192,1451,403,1048
124000193,361,987,-626
124000194,458,396,62
124000195,345,667,-322
124000196,984,908,76
124000197,42,46,-4
124000198,32,98,-66
124000201,320,912,-592
124000202,664,345,319
124000203,581,419,162
124000204,1034,323,711
124000205,105,335,-230
124000206,830,360,470
124000207,0,53,-53
124000209,238,367,-129
124000210,708,221,487
124000211,824,0,824
124000212,1,319,-318
124000213,623,199,424
124000214,470,583,-113
124000215,424,15,409
124000216,5,341,-336
124000329,137,1332,-1195
124000338,152,677,-525
124000339,1305,174,1131
124000341,1664,152,1512
124000344,95,46,49
124000357,1301,2431,-1130
124000358,988,1506,-518
124000359,1248,709,539
124000360,971,442,529
124000361,1894,953,941
124000362,994,1680,-686
124000363,250,356,-106
124000364,523,699,-176
124000365,590,1019,-429
124000366,1344,854,490
124000367,114,454,-340
124000368,432,486,-54
124000369,210,111,99
124000370,65,576,-511
124000402,46,12,34
124000403,149,29,120
124000404,23,109,-86
124000405,1258,873,385
124000406,844,865,-21
124000407,4,24,-20
124000411,11,349,-338
124000412,508,4,504
124000413,140,35,105
124000414,76,79,-3
124000415,113,108,5
124000416,145,205,-60
124000417,215,120,95
124000418,202,93,109
124000419,111,80,31
124000420,128,77,51
124000421,60,148,-88
124000422,37,19,18
124000423,129,39,90
124000424,4,79,-75
124000425,82,17,65
124000426,15,59,-44
124000427,69,12,57
124000428,15,46,-31
124000429,94,49,45
124000430,839,448,391
124000431,301,506,-205
124000432,304,753,-449
124000439,8,11,-3
124000443,0,7,-7
124000445,159,1214,-1055
124000446,1280,152,1128
124900001,658,437,221
124900002,167,277,-110
124900003,1286,656,630
124900004,844,408,436
124900005,243,129,114
124900006,851,334,517
124900008,1199,610,589
124900009,246,385,-139
124900010,275,163,112
124900011,714,367,347
124900012,507,97,410
124900013,695,120,575
124900014,303,55,248
124900015,246,398,-152
124900016,86,98,-12
124900017,461,1807,-1346
124900018,69,5,64
124900020,98,79,19
124900021,318,53,265
124900022,48,8,40
124900024,303,9,294
124900026,90,80,10
124900027,157,608,-451
124900028,525,100,425
124900029,26,558,-532
124900030,8,124,-116
124900031,32,284,-252
124900032,306,270,36
124900033,145,266,-121
124900034,13,159,-146
124900035,252,449,-197
124900036,2,116,-114
124900037,249,294,-45
124900038,268,303,-35
124900039,2,150,-148
124900040,147,108,39
124900041,355,934,-579
124900042,124,2,122
124900043,583,788,-205
124900044,88,4,84
124900045,766,1238,-472
124900046,928,299,629
124900047,214,230,-16
124900048,204,77,127
124900050,175,200,-25
124900052,84,422,-338
124900053,142,350,-208
124900054,1493,502,991
124900055,5,202,-197
124900057,7,65,-58
124900060,80,203,-123
124900061,131,8,123
124900062,253,30,223
124900066,0,20,-20
124900067,13,151,-138
124900068,273,657,-384
124900070,66,34,32
124900072,155,29,126
124900075,299,227,72
124900076,27,1320,-1293
124900077,44,117,-73
124900078,110,15,95
124900079,445,196,249
124900080,331,488,-157
124900081,1137,315,822
124900082,428,699,-271
124900083,290,466,-176
124900084,1255,92,1163
124900085,919,657,262
124900086,94,1755,-1661
124900087,625,143,482
124900088,649,113,536
124900089,1207,21,1186
124900090,440,284,156
124900091,345,269,76
124900092,264,228,36
124900093,448,246,202
124900094,524,308,216
124900095,112,548,-436
124900096,594,244,350
124900097,512,72,440
124900098,204,280,-76
124900099,626,486,140
124900100,408,67,341
124900101,94,533,-439
124900102,286,30,256
124900103,175,227,-52
124900104,75,192,-117
124900105,124,103,21
124900106,446,82,364
124900107,129,16,113
124900108,144,119,25
124900111,3,154,-151
124900112,85,550,-465
124900113,155,310,-155
124900114,188,221,-33
124900115,93,48,45
124900116,268,239,29
124900117,386,261,125
124900118,189,413,-224
124900119,471,163,308
124900120,50,378,-328
124900121,143,465,-322
124900122,328,271,57
124900123,282,146,136
124900124,175,338,-163
204000001,72,9,63
204000002,12,5,7
204000003,27,3,24
204000004,7,6,1
204000005,608,431,177
204000006,1345,1083,262
204000011,12,50,-38
204000012,73,72,1
204000019,679,419,260
204000020,829,856,-27
204000021,2438,976,1462
204000022,590,499,91
204000023,588,572,16
204000031,97,16,81
204000032,407,39,368
204000034,13,144,-131
204000035,1,7,-6
204000036,7,26,-19
204000037,0,17,-17
204000038,0,11,-11
204000039,15,17,-2
204000040,5,19,-14
204000041,14,23,-9
204000042,52,18,34
204000043,41,14,27
204000044,56,6,50
204000045,74,1,73
204000046,19,1,18
204000057,4,23,-19
204000062,38,37,1
204000068,35,201,-166
204000069,75,441,-366
204000070,105,122,-17
204000080,70,69,1
204000085,2025,1434,591
204000086,2219,1660,559
204000087,38,13,25
204000088,9,52,-43
204000090,22,292,-270
204000093,450,69,381
204000096,962,1041,-79
204000097,538,13,525
204000099,1122,1502,-380
204000100,1540,1923,-383
204000105,2014,1284,730
204000110,753,1235,-482
204000111,516,688,-172
204000112,1083,1962,-879
204000113,448,1134,-686
204000114,949,887,62
204000115,749,385,364
204000116,2055,1387,668
204000119,2055,2683,-628
204000132,858,416,442
204000133,1034,231,803
204000134,443,107,336
204000135,791,154,637
204000136,751,238,513
204000138,406,758,-352
204000140,263,150,113
204000141,192,96,96
204000144,1,26,-25
204000145,698,55,643
204000146,26,345,-319
204000147,42,162,-120
204000148,447,24,423
204000154,6,5,1
204000155,2,6,-4
204000177,87,88,-1
204000179,24,3,21
204000180,0,24,-24
204000222,8,18,-10
204000235,23,16,7
204000236,81,238,-157
204000238,21,28,-7
204000240,410,73,337
204000263,555,879,-324
204000268,991,677,314
204000308,213,18,195
204000317,11,107,-96
204000322,7,34,-27
204000323,22,8,14
204000328,252,71,181
204000329,52,137,-85
204000330,248,14,234
204000331,28,121,-93
204010341,19,185,-166
205000001,766,1602,-836
205000013,4,55,-51
205000014,40,84,-44
205000015,23,154,-131
205000016,24,120,-96
205000017,21,77,-56
205000022,268,752,-484
205000025,953,1105,-152
205000029,265,9,256
205000045,149,589,-440
205000046,116,570,-454
205000047,92,762,-670
205000048,328,755,-427
205000049,198,654,-456
205000050,986,340,646
205000059,0,216,-216
205000060,0,85,-85
205000061,4,94,-90
205000062,2,99,-97
205000063,21,103,-82
205000064,22,92,-70
205000065,68,481,-413
205000066,120,521,-401
205000067,27,674,-647
205000069,197,21,176
205000082,185,145,40
205000110,101,255,-154
205000111,181,224,-43
205000112,202,205,-3
205000113,190,364,-174
205000121,271,49,222
205000123,50,209,-159
205000126,422,95,327
205000127,725,112,613
205000128,371,60,311
205000129,682,55,627
205000130,182,24,158
205000131,93,9,84
205000132,116,0,116
205000133,98,1,97
205000134,362,2,360
205000137,67,179,-112
205000138,149,306,-157
205000139,41,111,-70
205000144,97,76,21
205000145,493,150,343
205000151,156,38,118
205000152,249,24,225
205000153,245,30,215
205000154,143,41,102
205000155,114,7,107
205000207,11,120,-109
205000233,24,0,24
205000234,0,0,0
205000243,0,1,-1
205000244,0,6,-6
205000245,8,132,-124
205000249,1,21,-20
205000250,4,1,3
205000264,4,113,-109
206000027,10,6,4
206000028,5,0,5
206000043,17,54,-37
206000053,0,4,-4
206000054,2,19,-17
206000055,2,20,-18
206000075,13,58,-45
206000076,20,27,-7
206000077,34,13,21
206000078,23,13,10
206000079,27,11,16
206000082,487,62,425
206000100,27,486,-459
206000103,3,6,-3
206000104,17,19,-2
206000105,7,20,-13
206000106,14,19,-5
206000108,655,58,597
206000125,56,0,56
206000157,60,547,-487
206000170,1,128,-127
206000171,5,165,-160
206000172,9,329,-320
206000173,4,157,-153
206000174,14,62,-48
206000175,1,105,-104
206000176,17,135,-118
206000177,1,108,-107
206000178,5,220,-215
206000179,4,150,-146
206000180,19,124,-105
206000181,7,101,-94
206000182,6,117,-111
206000183,10,389,-379
206000184,2,240,-238
206000185,7,131,-124
206000186,125,661,-536
206000223,15,230,-215
206000226,14,1,13
206000227,22,2,20
206000237,28,220,-192
206000238,31,389,-358
206000239,229,1441,-1212
206000240,6,56,-50
206000241,2,61,-59
206000242,6,193,-187
206000243,5,131,-126
206000244,57,390,-333
206000245,898,74,824
206000246,261,11,250
206000247,279,5,274
206000248,493,13,480
206000252,50,61,-11
206000258,24,65,-41
206000315,38,5,33
206000317,656,143,513
206000318,643,63,580
206000319,1870,125,1745
206000320,276,45,231
206000321,303,17,286
206000322,586,39,547
206000323,202,15,187
206000324,222,9,213
206000325,271,19,252
206000326,206,17,189
206000327,193,12,181
206000328,209,3,206
206000329,354,13,341
206000330,61,8,53
206000331,267,4,263
206000332,69,0,69
206000333,769,3,766
206000334,340,3,337
206000335,0,20,-20
206000361,4,158,-154
206000392,1,11,-10
206000405,171,0,171
206000441,29,20,9
206000498,67,8,59
206000515,106,46,60
206000530,329,62,267
206000531,261,211,50
206000532,1917,356,1561
206000535,177,1504,-1327
206000536,5,151,-146
206000537,15,155,-140
206000613,1783,300,1483
207000001,162,625,-463
207000002,130,374,-244
207000003,113,158,-45
207000007,1180,287,893
207000008,129,5,124
207000009,59,48,11
207000010,350,330,20
207000012,422,263,159
207000015,209,995,-786
207000019,295,73,222
207000021,582,194,388
207000022,190,152,38
207000023,220,46,174
207000024,7,18,-11
207000025,36,85,-49
207000026,109,57,52
207000027,39,90,-51
207000028,42,159,-117
207000029,201,443,-242
207000033,191,469,-278
207000034,324,170,154
207000039,532,121,411
207000040,501,100,401
207000041,317,53,264
207000042,267,73,194
207000043,227,189,38
207000051,132,192,-60
207000052,123,107,16
207000053,479,454,25
207000054,50,98,-48
207000055,157,83,74
207000056,346,297,49
207000057,157,314,-157
207000058,171,321,-150
207000059,76,374,-298
207000060,65,163,-98
207000061,174,694,-520
207000062,376,42,334
207000063,409,118,291
207000064,577,149,428
207000065,419,301,118
207000066,288,199,89
207000067,76,83,-7
207000068,163,70,93
207000069,791,307,484
207000082,12,172,-160
207000083,78,203,-125
207000084,263,276,-13
207000085,234,26,208
207000086,209,9,200
207000106,56,36,20
207000107,98,22,76
207000108,78,14,64
207000109,66,15,51
207000110,67,82,-15
207000111,95,114,-19
207000112,169,762,-593
207000114,32,38,-6
207000115,29,73,-44
207000116,23,391,-368
207000117,9,86,-77
207000118,1,53,-52
207000119,37,72,-35
207000123,211,23,188
207000124,98,32,66
207000125,65,52,13
207000126,65,61,4
207000134,101,138,-37
207000135,23,171,-148
207000148,68,377,-309
207000149,72,31,41
207000152,209,352,-143
207000153,779,1134,-355
207000154,385,164,221
207000159,115,110,5
207000160,126,294,-168
207000238,0,217,-217
207000242,2,139,-137
207000248,38,28,10
207000249,93,20,73
207000250,525,63,462
207000251,97,87,10
207000252,97,84,13
207000278,99,92,7
207000279,24,108,-84
207000280,757,57,700
207000281,109,648,-539
207000282,149,106,43
207000283,78,175,-97
207000284,55,303,-248
207000285,114,54,60
207000291,9,107,-98
207000304,111,75,36
207000306,92,298,-206
207000310,112,71,41
207000353,243,2,241
207000356,11,66,-55
207000357,16,16,0
207000358,18,25,-7
207000415,12,151,-139
207000417,40,1,39
207000418,160,181,-21
207000438,0,3,-3
207000439,862,927,-65
207000446,157,4,153
207000460,31,4,27
207000466,184,125,59
207000467,305,104,201
207000468,62,238,-176
207000476,10,40,-30
207000477,736,74,662
207000478,3,63,-60
207000523,0,10,-10
207000524,53,0,53
207000527,176,146,30
207000530,570,9,561
207000531,359,4,355
207000532,132,39,93
207000534,420,57,363
207000535,23,410,-387
207000537,97,81,16
207000540,3,141,-138
207000541,3,296,-293
207000548,15,196,-181
207000549,608,17,591
207000561,152,245,-93
207000562,43,151,-108
207000567,192,234,-42
207000568,240,56,184
207000569,530,529,1
207000584,274,209,65
207000585,90,386,-296
207000616,1,85,-84
207000617,256,3,253
207900008,257,101,156
208000001,621,1344,-723
208000002,709,662,47
208000003,1330,454,876
208000004,1414,791,623
208000005,4,13,-9
208000019,706,821,-115
208000020,183,397,-214
208000021,253,308,-55
208000022,1073,388,685
208000028,1469,1530,-61
208000033,606,643,-37
208000034,1235,1255,-20
208000037,271,14,257
208000040,293,141,152
208000041,930,596,334
208000042,1263,598,665
208000047,153,185,-32
208000064,2411,1422,989
208000066,1588,2887,-1299
208000070,390,306,84
208000071,455,647,-192
208000072,435,1001,-566
208000080,340,441,-101
208000081,400,142,258
208000082,280,217,63
208000083,152,313,-161
208000084,13,21,-8
208000085,900,659,241
208000086,522,1037,-515
208000087,409,748,-339
208000089,1124,338,786
208000090,1067,548,519
208000093,124,172,-48
208000094,840,411,429
208000095,753,462,291
208000104,1118,760,358
208000105,713,871,-158
208000114,109,387,-278
208000115,602,353,249
208000116,680,1135,-455
208000117,89,173,-84
208000118,100,147,-47
208000155,655,1125,-470
208000158,1497,3796,-2299
208000186,3304,4336,-1032
208000204,737,1027,-290
208000205,1228,909,319
208000282,4874,3302,1572
209000004,450,178,272
209000005,33,30,3
209000006,459,212,247
209000007,326,315,11
209000010,420,152,268
209000011,171,268,-97
209000012,128,155,-27
209000013,271,243,28
209000014,479,904,-425
209000025,435,51,384
209000026,803,136,667
209000027,393,742,-349
209000028,412,577,-165
209000029,523,687,-164
209000030,383,1059,-676
209000031,2307,1899,408
209000034,255,309,-54
209000035,197,213,-16
209000036,288,110,178
209000037,447,245,202
209000038,178,149,29
209000039,93,214,-121
209000040,365,504,-139
209000041,174,413,-239
209000042,260,407,-147
209000043,672,885,-213
209000044,247,929,-682
209000045,1318,426,892
209000046,593,451,142
209000047,470,215,255
209000048,583,342,241
209000049,80,96,-16
209000050,202,106,96
209000051,376,269,107
209000052,214,198,16
209000062,57,86,-29
209000063,55,45,10
209000064,40,79,-39
209000065,97,31,66
209000066,103,33,70
209000067,134,43,91
209000080,18,169,-151
209000082,83,25,58
209000091,48,110,-62
209000093,43,26,17
209000094,158,204,-46
209000110,33,169,-136
209000111,791,1823,-1032
209000112,1207,546,661
209000113,1928,550,1378
209000114,908,551,357
209000115,80,84,-4
209000116,510,377,133
209000118,17,39,-22
209000119,25,11,14
209000121,129,411,-282
209000135,113,237,-124
209000142,944,1883,-939
209000143,74,82,-8
209000144,64,130,-66
209000229,291,163,128
209000240,43,252,-209
209000259,81,106,-25
209000260,42,835,-793
209000261,3,459,-456
209000262,3,322,-319
209000263,0,161,-161
209000264,1,158,-157
209000265,381,5,376
209000266,151,2,149
209000267,1110,7,1103
209000268,684,52,632
210000037,83,30,53
210000047,77,20,57
210000048,89,25,64
210000049,83,18,65
210000052,61,64,-3
210000053,30,54,-24
210000054,46,62,-16
210000070,204,5,199
210000071,170,1,169
210000072,146,1,145
210000073,0,47,-47
210000074,2,119,-117
210000075,11,115,-104
210000076,33,169,-136
210000077,9,41,-32
210000078,16,54,-38
210000079,24,9,15
210000080,98,87,11
210000081,200,28,172
210000082,100,6,94
210000083,106,2,104
210000084,55,0,55
210000085,0,52,-52
210000086,4,162,-158
210000099,44,169,-125
210000100,61,134,-73
210000101,81,146,-65
210000105,36,188,-152
210000159,1,135,-134
210000163,119,254,-135
210000164,308,197,111
210000168,168,48,120
210000187,0,26,-26
210000188,0,12,-12
210000214,26,0,26
210000219,37,51,-14
210000220,119,47,72
210000232,8,16,-8
210000233,33,74,-41
210000234,35,100,-65
210000235,49,68,-19
210000245,0,71,-71
210000246,44,19,25
210000258,21,103,-82
210000259,400,78,322
210000282,115,169,-54
210000285,0,117,-117
210000286,39,195,-156
210000290,11,13,-2
210000295,52,97,-45
210000296,51,37,14
210000320,173,67,106
210000321,123,51,72
210000338,62,44,18
210000339,267,1095,-828
210000340,126,410,-284
210000341,201,300,-99
210000342,231,153,78
210000343,199,152,47
210000344,137,99,38
210000345,178,214,-36
210000346,92,97,-5
210000347,42,39,3
210000348,90,34,56
210000349,54,29,25
210000350,137,50,87
210000351,184,92,92
210000352,69,72,-3
210000353,56,110,-54
210000354,128,115,13
210000355,62,95,-33
210000356,30,88,-58
210000357,66,75,-9
210000358,314,174,140
210000359,103,101,2
210000360,196,178,18
210000361,196,151,45
210000362,295,193,102
210000363,725,304,421
210000364,115,174,-59
210000365,167,73,94
210000366,171,43,128
210000367,117,50,67
210000368,166,42,124
210000369,23,73,-50
210000370,65,36,29
210000372,14,47,-33
210000373,43,16,27
210000374,69,46,23
210000375,39,74,-35
210000376,78,162,-84
210000404,41,89,-48
210000439,42,35,7
210000472,94,4,90
210000482,66,87,-21
210000564,342,365,-23
210000567,0,38,-38
210000568,288,3,285
211000092,39,70,-31
211000094,36,14,22
211000169,247,17,230
211000172,15,226,-211
211000209,1,18,-17
211000226,10,27,-17
211000270,23,9,14
211000275,17,25,-8
211000276,100,28,72
211000279,35,29,6
211000281,71,43,28
211507980,1,63,-62
211977296,46,2,44
212000003,161,54,107
212000004,26,36,-10
212000005,11,28,-17
212000006,26,44,-18
212000008,179,118,61
212000009,60,90,-30
212000012,82,54,28
212000013,41,63,-22
212000014,234,124,110
212000015,246,186,60
212000016,473,489,-16
212000027,569,416,153
212000028,326,315,11
212000029,272,215,57
212000030,41,29,12
212000031,60,45,15
212000048,25,155,-130
212000049,16,137,-121
212000050,17,6,11
212000051,225,179,46
212000052,206,193,13
212000053,367,408,-41
212000054,370,110,260
212000055,293,206,87
212000056,16,25,-9
212000057,8,20,-12
212000058,218,35,183
212000070,108,175,-67
212000077,120,464,-344
212000099,296,266,30
212000108,159,175,-16
212000111,257,110,147
212000120,105,48,57
212000138,133,17,116
212000156,4,77,-73
212000158,21,31,-10
212000159,504,45,459
212000160,870,256,614
212000161,87,9,78
212000310,55,10,45
212000311,32,60,-28
212000374,44,10,34
213000001,39,366,-327
213000005,519,183,336
213000006,1137,350,787
213000007,69,12,57
213000009,767,463,304
213000010,265,307,-42
213000011,214,118,96
213000012,157,303,-146
213000014,96,15,81
213000015,251,6,245
213000016,549,3,546
213000017,86,0,86
213000018,2,152,-150
213000019,3,128,-125
213000020,102,264,-162
213000021,4,114,-110
213000023,420,218,202
213000033,428,1642,-1214
213000034,921,256,665
213000035,142,192,-50
213000045,165,259,-94
213000046,245,164,81
213000047,600,1450,-850
213000056,111,28,83
213000069,123,4,119
213000073,2,42,-40
213000074,38,306,-268
213000075,589,10,579
213000076,20,0,20
213000085,7,36,-29
213000086,29,145,-116
213000091,264,27,237
213000092,130,16,114
213000099,131,1233,-1102
213000100,1187,363,824
213000101,515,135,380
213000102,678,267,411
213000103,1147,829,318
213000104,68,386,-318
213000105,0,172,-172
213000106,43,96,-53
213000107,141,445,-304
213000108,59,407,-348
213000109,17,182,-165
213000110,21,69,-48
213000111,14,81,-67
213000112,141,111,30
213000115,66,19,47
213000116,40,380,-340
213000117,6,647,-641
213000118,543,238,305
213000119,77,491,-414
213000120,94,418,-324
213000122,138,494,-356
213000123,345,1061,-716
213000124,117,1397,-1280
213000125,165,29,136
213000126,59,155,-96
213000127,136,271,-135
213000128,370,1156,-786
213000129,355,879,-524
213000130,720,394,326
213000132,500,133,367
213000133,714,111,603
213000134,985,26,959
213000136,678,40,638
213000137,774,104,670
213000139,232,18,214
213000147,68,12,56
213000148,17,15,2
213000149,53,6,47
213000150,0,166,-166
213000151,4,112,-108
213000152,0,97,-97
213000153,1,111,-110
213000154,34,372,-338
213000155,50,235,-185
213000156,108,382,-274
213000157,716,411,305
213000158,381,922,-541
213000159,714,556,158
213000163,1227,106,1121
213000165,1165,352,813
213000171,1,65,-64
213000172,0,210,-210
213000173,2,192,-190
213000174,6,140,-134
213000175,12,51,-39
213000176,43,44,-1
213000177,117,4,113
213000178,210,6,204
213000179,307,1,306
213000180,259,0,259
213000184,116,432,-316
213000188,510,94,416
213000189,471,53,418
213000190,856,714,142
213000191,363,325,38
213000192,251,319,-68
213000193,685,273,412
213000194,1,62,-61
213000195,35,351,-316
213000196,303,1140,-837
213000197,567,543,24
213000198,59,2,57
213000200,134,824,-690
213000201,57,51,6
213000202,13,437,-424
213000203,3266,650,2616
213000204,852,54,798
213000205,466,70,396
213000206,579,49,530
213000207,143,11,132
213000208,70,5,65
213000209,153,4,149
213000210,318,4,314
213000211,6,22,-16
213000212,14,39,-25
213000213,20,57,-37
213000218,307,474,-167
213000219,643,14,629
213000220,523,10,513
213000223,197,254,-57
213000224,48,81,-33
213000225,118,23,95
213000226,103,10,93
213000227,1127,182,945
213000228,471,102,369
213000229,183,18,165
213000230,403,23,380
213000232,47,995,-948
213000233,12,514,-502
213000234,4,52,-48
213000293,12,96,-84
213000294,160,26,134
213000295,11,85,-74
213000296,85,24,61
213000297,11,72,-61
213000298,24,95,-71
213000299,53,32,21
213000300,10,8,2
213000303,5,36,-31
213000304,2,23,-21
213000305,3,12,-9
213000306,75,34,41
213000307,144,62,82
213000308,169,160,9
213000309,184,66,118
213000310,484,238,246
213000311,232,932,-700
213000315,132,89,43
213000316,175,69,106
213000322,104,144,-40
213000323,140,87,53
213000324,83,58,25
213000325,48,74,-26
213000326,44,21,23
213000327,43,33,10
213000328,32,139,-107
213000329,152,20,132
213000340,128,463,-335
213000341,665,113,552
213000346,386,295,91
213000347,646,491,155
213000348,10,114,-104
213000349,26,6,20
213000350,288,881,-593
213000366,50,293,-243
213000367,278,14,264
213000379,83,52,31
213000386,4,382,-378
213000406,80,433,-353
213000417,1431,470,961
213000425,301,49,252
213000426,185,69,116
213000427,57,209,-152
213000428,73,153,-80
213000429,19,6,13
213000430,144,578,-434
213000431,59,1,58
213000432,3,73,-70
213000433,17,114,-97
213000434,108,158,-50
213000435,165,77,88
213000436,57,70,-13
213000437,0,10,-10
213000438,228,82,146
213000439,40,8,32
213000440,16,245,-229
213000441,3,4,-1
213000442,3,34,-31
213000443,499,431,68
213000444,49,30,19
213000445,0,76,-76
213000446,0,60,-60
213000447,1,59,-58
213000448,16,169,-153
213000449,474,9,465
213000450,29,37,-8
213000451,321,74,247
213000452,26,14,12
213000453,50,248,-198
213000455,500,4,496
213000456,1,339,-338
213000481,4,3,1
213000482,23,0,23
213000489,287,55,232
213000491,4,156,-152
213000492,214,31,183
213000493,1,90,-89
213000494,331,129,202
213000495,0,73,-73
213000496,419,121,298
213000497,37,258,-221
213000498,138,157,-19
213000499,218,359,-141
213000500,651,77,574
213000501,128,45,83
213000502,187,151,36
213000503,1,54,-53
213000504,10,60,-50
213000505,9,3,6
213000506,0,7,-7
213000507,1,138,-137
213900016,0,10,-10
213900244,76,0,76
213900245,0,18,-18
218000003,25,24,1
218000004,37,35,2
218000005,99,49,50
218000006,79,16,63
218000007,34,15,19
218000012,228,130,98
218000013,144,166,-22
218000014,456,413,43
218000019,762,604,158
218000020,311,416,-105
218000021,21,49,-28
218000022,6,20,-14
218000023,3,21,-18
218000024,0,11,-11
218000025,4,15,-11
218000026,10,27,-17
218000027,1,9,-8
218000028,7,3,4
218000029,10,3,7
218000030,14,23,-9
218000031,5,19,-14
218000032,3,20,-17
218000040,10,0,10
218000046,43,79,-36
218000047,14,100,-86
218000048,60,73,-13
218000049,76,83,-7
218000050,275,193,82
218000051,90,176,-86
218000052,2,97,-95
218000053,3,12,-9
218000054,15,52,-37
218000055,8,18,-10
218000056,23,32,-9
218000057,6,29,-23
218000064,5,11,-6
218000065,94,23,71
218000066,34,33,1
218000067,54,62,-8
218000068,177,108,69
218000069,281,124,157
218000070,156,220,-64
218000071,192,172,20
218000072,289,185,104
218000078,1076,666,410
218000079,165,97,68
218000080,229,76,153
218000081,540,225,315
218000082,63,116,-53
218000083,107,51,56
218000084,199,106,93
218000085,173,333,-160
218000086,138,163,-25
218000087,191,157,34
218000090,15,122,-107
218000091,1057,572,485
218000092,134,117,17
218000093,91,63,28
218000094,502,642,-140
218000099,416,733,-317
218000100,296,308,-12
218000101,318,173,145
218000102,510,240,270
218000103,165,225,-60
218000104,113,49,64
218000105,19,25,-6
218000106,6,5,1
218000107,70,44,26
218000108,4,42,-38
218000112,45,25,20
218000117,81,55,26
218000134,587,573,14
218000135,35,92,-57
218000136,240,99,141
218000137,243,145,98
218000138,50,91,-41
218000139,256,258,-2
218000140,551,320,231
218000141,86,79,7
218000142,260,198,62
218000143,99,433,-334
218000144,51,108,-57
218000145,460,366,94
218000146,143,185,-42
218000151,6,19,-13
218000152,108,57,51
218000153,7,2,5
218000154,16,0,16
218000155,36,1,35
218000156,78,13,65
218000157,51,15,36
218000158,17,5,12
218000159,2,9,-7
218000160,7,3,4
218000161,27,7,20
218000162,24,2,22
218000163,8,3,5
218000164,43,4,39
218000165,69,18,51
218000170,5,48,-43
218000171,27,4,23
218000172,8,10,-2
218000173,61,5,56
218000174,22,4,18
218000176,125,25,100
218000177,221,209,12
218000178,60,180,-120
218000179,58,71,-13
218000180,93,33,60
218000181,113,45,68
218000187,10,35,-25
218000188,23,42,-19
218000189,35,58,-23
218000190,13,21,-8
218000191,124,48,76
218000192,242,192,50
218000193,464,271,193
218000194,112,298,-186
218000195,191,51,140
218000196,400,223,177
218000197,494,287,207
218000198,22,79,-57
218000199,44,24,20
218000200,95,28,67
218000201,15,4,11
218000202,101,321,-220
218000207,4,41,-37
218000208,65,51,14
218000211,62,26,36
218000212,1,11,-10
218000213,84,88,-4
218000214,3,21,-18
218000215,51,64,-13
218000217,7,85,-78
218000218,195,45,150
218000219,14,22,-8
218000220,64,431,-367
218000221,652,163,489
218000222,8,50,-42
218000223,38,399,-361
218000224,10,233,-223
218000225,140,25,115
218000226,94,47,47
218000230,0,7,-7
218000232,57,65,-8
218000239,123,20,103
218000240,54,13,41
218000241,29,5,24
218000242,74,0,74
218000243,86,4,82
218000244,52,3,49
218000245,37,2,35
218000246,0,0,0
218000247,1,0,1
218000248,0,21,-21
218000249,0,2,-2
218000250,1,19,-18
218000251,4,28,-24
218000252,2,61,-59
218000253,4,67,-63
218000254,0,23,-23
218000255,2,27,-25
218000256,9,75,-66
218000267,508,1033,-525
218000268,9,52,-43
218000269,4,13,-9
218000270,105,43,62
218000271,11,33,-22
218000273,24,4,20
218000274,27,7,20
218000275,25,41,-16
218000276,17,54,-37
218000278,12,34,-22
218000279,119,63,56
218000280,3,31,-28
218000281,22,20,2
218000282,552,633,-81
218000284,74,10,64
218000301,107,141,-34
218000302,140,74,66
218000303,94,49,45
218000316,900,1002,-102
218000317,1551,930,621
218000318,975,677,298
218000319,1257,947,310
218000320,1093,680,413
218000338,54,23,31
218000345,128,54,74
218000346,45,166,-121
218000459,23,220,-197
218000490,29,45,-16
218000501,116,59,57
218000502,70,57,13
218000503,93,29,64
218000504,163,18,145
218000505,62,110,-48
218000506,35,214,-179
218000508,5,5,0
218000510,157,12,145
218000520,138,80,58
218000521,3,32,-29
218000522,6,86,-80
218000523,120,5,115
218000524,36,217,-181
218000525,122,23,99
218000526,32,139,-107
218000529,39,124,-85
218000530,16,7,9
218000531,22,22,0
218000532,17,15,2
218000534,142,20,122
218000537,24,61,-37
218000538,245,525,-280
218000540,442,153,289
218000543,181,61,120
218000544,61,74,-13
218000545,55,62,-7
218000546,72,63,9
218000547,105,172,-67
218000548,194,107,87
218000549,516,533,-17
218000550,219,286,-67
218000551,104,986,-882
218000552,330,54,276
218000553,54,91,-37
218000554,28,36,-8
218000555,29,68,-39
218000556,175,187,-12
218000557,288,135,153
218000558,59,0,59
218000559,0,32,-32
218000560,0,30,-30
218000561,17,0,17
218000562,33,169,-136
218000563,231,23,208
218000564,7,119,-112
218000565,143,45,98
218000566,456,44,412
218000567,7,84,-77
218000568,38,4,34
218000569,20,186,-166
218000570,193,11,182
218000571,2,98,-96
218000572,126,2,124
218000573,14,171,-157
218000574,106,27,79
218000575,114,1,113
218000576,2,69,-67
218000577,136,2,134
218000578,1,82,-81
218000579,119,63,56
218000581,6,28,-22
218000582,46,4,42
218000583,17,0,17
218000584,0,27,-27
218000585,45,8,37
218000586,15,50,-35
218000587,4,1,3
218000588,6,3,3
218000589,2,5,-3
218000590,6,1,5
218000591,6,28,-22
218000592,8,1,7
218000593,1,1,0
218000594,0,1,-1
218000595,0,0,0
218000596,0,1,-1
218000597,0,0,0
218000598,0,0,0
218000599,2,0,2
218000600,0,0,0
218000601,0,0,0
218000602,0,1,-1
218000603,0,7,-7
218000604,7,0,7
218000605,0,44,-44
218000606,99,0,99
218000607,20,31,-11
218000608,58,25,33
218000609,9,31,-22
218000610,84,7,77
218000611,14,5,9
218000612,3,16,-13
218000613,42,1,41
218000614,3,43,-40
218000615,152,1,151
218000616,10,102,-92
218000617,18,0,18
218000618,0,20,-20
218000619,33,18,15
218000620,18,54,-36
218000621,0,2,-2
218000622,0,26,-26
218000623,151,1,150
218000624,1,21,-20
218000625,4,1,3
218000626,0,4,-4
218000628,172,48,124
218000631,24,26,-2
218000632,1,87,-86
218000633,223,2,221
218000634,3,20,-17
218000635,7,10,-3
218000636,1076,1063,13
218000637,1065,481,584
218000638,242,43,199
218000639,42,157,-115
218000640,354,28,326
218000641,74,311,-237
218000652,27,59,-32
218000653,107,35,72
218000663,4,136,-132
218000675,68,55,13
218000676,3,19,-16
218000677,10,9,1
218000680,368,386,-18
218000681,430,162,268
218000691,246,191,55
218000693,246,153,93
218000703,5,27,-22
218000718,344,1259,-915
218000719,864,734,130
218000720,28,288,-260
218000721,204,35,169
218000725,12,5,7
218001147,0,40,-40
218001214,15,180,-165
218001258,102,0,102
218001329,89,157,-68
218001330,87,77,10
218001351,21,18,3
218001352,17,17,0
218001353,19,7,12
218001354,6,32,-26
218001355,3,111,-108
218001356,518,10,508
218001357,2,47,-45
218001358,296,6,290
218001361,264,13,251
218001362,0,30,-30
219000001,51,47,4
219000002,49,58,-9
219000003,117,43,74
219000004,79,57,22
219000017,96,56,40
219000020,141,48,93
219000022,165,6,159
219000023,157,1,156
219000029,0,57,-57
219000034,34,41,-7
219000039,46,171,-125
219000040,36,109,-73
219000041,139,26,113
219000051,0,42,-42
219000052,0,27,-27
219000053,6,80,-74
219000054,17,85,-68
219000055,220,4,216
219000056,10,0,10
219000057,80,2,78
219000062,13,56,-43
219000063,70,12,58
219000064,5,64,-59
219000110,368,114,254
219000111,124,46,78
219000112,228,43,185
219000113,174,58,116
219000114,209,106,103
219000116,97,63,34
219000117,145,52,93
219000118,191,52,139
219000123,182,84,98
219000124,70,53,17
219000125,12,7,5
219000126,77,97,-20
219000127,0,9,-9
219000128,6,163,-157
219000129,15,161,-146
219000130,353,563,-210
219000131,665,851,-186
219000133,46,59,-13
219000134,12,23,-11
219000135,21,99,-78
219000136,109,233,-124
219000138,103,12,91
219000139,60,35,25
219000140,82,6,76
219000141,30,86,-56
219000142,21,69,-48
219000143,12,84,-72
219000145,19,48,-29
219000146,8,26,-18
219000147,5,21,-16
219000148,2,19,-17
219000149,20,71,-51
219000150,3,47,-44
219000151,2,25,-23
219000157,285,128,157
219000158,226,231,-5
219000161,129,6,123
219000163,1376,559,817
219000166,132,198,-66
219000167,133,204,-71
219000168,279,107,172
219000174,407,177,230
219000175,85,3,82
219000176,126,10,116
219000177,43,1,42
219000178,55,0,55
219000179,34,7,27
219000180,47,33,14
219000182,146,12,134
219000183,102,28,74
219000184,148,20,128
219000185,0,40,-40
219000186,69,43,26
219000187,20,106,-86
219000189,57,207,-150
219000190,73,243,-170
219000191,569,1538,-969
219000192,199,131,68
219000193,194,198,-4
219000195,1,44,-43
219000196,4,93,-89
219000198,18,100,-82
219000199,45,274,-229
219000200,32,178,-146
219000201,72,172,-100
219000203,31,120,-89
219000204,89,293,-204
219000205,101,186,-85
219000207,102,222,-120
219000209,33,63,-30
219000210,27,73,-46
219000213,3,155,-152
219000239,212,184,28
219000240,201,319,-118
219000241,152,123,29
219000242,66,119,-53
219000243,87,184,-97
219000244,13,67,-54
219000245,27,50,-23
219000246,47,29,18
219000247,184,41,143
219000248,569,553,16
219000249,134,117,17
219000250,189,92,97
219000251,603,265,338
219000252,288,230,58
219000253,553,94,459
219000255,119,124,-5
219000256,195,79,116
219000257,128,1,127
219000262,79,107,-28
219000263,71,177,-106
219000267,3,44,-41
219000268,3,3,0
219000269,4,2,2
219000270,9,0,9
219000271,139,4,135
219000278,0,5,-5
219000279,2,5,-3
219000283,0,9,-9
219000295,12,72,-60
219000296,65,336,-271
219000297,17,107,-90
219000298,10,101,-91
219000299,479,66,413
219000300,33,149,-116
219000301,185,265,-80
219000302,35,257,-222
219000307,37,41,-4
219000308,36,50,-14
219000311,217,45,172
219000312,747,125,622
219000313,427,44,383
219000314,51,291,-240
219000315,285,33,252
219000316,602,57,545
219000317,126,15,111
219000320,1,62,-61
219000321,1,25,-24
219000323,3,51,-48
219000325,0,14,-14
219000326,88,76,12
219000327,77,40,37
219000328,46,46,0
219000329,287,152,135
219000330,67,30,37
219000331,81,55,26
219000332,116,77,39
219000333,26,2,24
219000335,100,1,99
219000337,28,1,27
219000338,52,2,50
219000344,31,48,-17
219000345,52,46,6
219000346,43,99,-56
219000348,151,83,68
219000349,31,138,-107
219000350,76,427,-351
219000351,6,10,-4
219000352,285,145,140
219000353,111,56,55
219000354,197,61,136
219000355,170,48,122
219000356,1125,1445,-320
219000363,272,75,197
219000364,137,64,73
219000365,99,17,82
219000366,319,311,8
219000368,371,652,-281
219000370,1086,583,503
219000371,12,36,-24
219000382,10,27,-17
219000383,520,1443,-923
219000385,426,470,-44
219000386,696,1828,-1132
219000387,4,5,-1
219000390,4,0,4
219000391,1,2,-1
219000397,65,56,9
219000398,60,71,-11
219000401,7,101,-94
219000402,49,93,-44
219000403,161,346,-185
219000404,26,145,-119
219000407,7,37,-30
219000409,70,59,11
219000410,186,44,142
219000411,72,11,61
219000446,139,450,-311
219000447,2,26,-24
219000448,20,4,16
219000452,145,94,51
219000453,69,253,-184
219000454,248,301,-53
219000556,321,86,235
219000558,199,135,64
219000590,46,193,-147
219000591,94,90,4
219000592,95,325,-230
219000595,2,10,-8
219000635,222,49,173
219000636,20,62,-42
219000657,28,35,-7
219000658,67,171,-104
219000673,0,52,-52
219000676,43,4,39
219000679,54,5,49
219000684,83,2,81
219000685,3,45,-42
219000686,1,4,-3
219000688,1,55,-54
219000689,10,166,-156
219000690,166,11,155
219000691,64,223,-159
219000692,239,37,202
219000693,0,10,-10
219000694,19,2,17
219000695,27,7,20
219000698,10,0,10
219000699,0,19,-19
219000727,1,79,-78
219000728,132,4,128
219000770,96,0,96
219000771,0,44,-44
219000788,337,253,84
219001150,0,29,-29
219001151,1,0,1
219001166,37,42,-5
219001167,3,68,-65
219001178,72,0,72
220000001,61,97,-36
220000002,24,97,-73
220000003,405,228,177
220000004,614,422,192
220000005,1287,1604,-317
220000006,223,712,-489
220000007,422,417,5
220000008,323,692,-369
220000009,296,337,-41
220000010,167,101,66
220000011,407,2783,-2376
220000012,136,300,-164
220000014,123,66,57
220000015,46,277,-231
220000017,76,307,-231
220000018,4605,2126,2479
220000019,102,398,-296
220000020,500,289,211
220000021,781,190,591
220000022,1081,441,640
220000023,368,159,209
220000024,2093,470,1623
220000025,1381,1489,-108
220000026,271,504,-233
220000027,34,184,-150
220000028,60,49,11
220000029,51,111,-60
220000030,63,54,9
220000031,638,446,192
220000064,39,896,-857
221000046,4,0,4
221000047,0,1,-1
221000048,0,2,-2
221000049,0,10,-10
221000050,33,0,33
221000055,21,48,-27
221000057,82,7,75
221000068,349,134,215
221000069,388,71,317
221000070,255,30,225
221000071,133,11,122
221000072,289,6,283
221000073,242,47,195
221000074,4,23,-19
221000075,27,27,0
221000076,5,37,-32
221000077,22,83,-61
221000081,15,16,-1
221000082,73,4,69
221000083,26,3,23
221000084,4,6,-2
221000085,18,46,-28
221000086,10,113,-103
221000087,5,108,-103
221000088,10,147,-137
221000089,32,205,-173
221000090,72,422,-350
221000098,130,16,114
221000099,185,13,172
221000100,105,10,95
221000101,176,18,158
221000102,131,18,113
221000109,7,70,-63
221000110,6,85,-79
221000111,15,126,-111
221000112,11,102,-91
221000113,7,98,-91
221000114,8,107,-99
221000120,54,33,21
221000121,15,45,-30
221000122,51,44,7
221000123,10,12,-2
221000124,23,169,-146
221000155,117,18,99
221000156,50,51,-1
221000175,3,6,-3
221000176,1,2,-1
221000182,42,11,31
221000241,573,336,237
221000242,127,338,-211
221000243,489,259,230
221000244,211,439,-228
221000245,111,109,2
221000246,38,213,-175
221000247,80,118,-38
221000248,125,112,13
221000267,50,526,-476
221000325,125,56,69
221000331,16,46,-30
221000338,11,15,-4
221000378,242,38,204
221000381,37,52,-15
222000282,6,13,-7
222000296,2,22,-20
222000568,370,17,353
222000569,185,50,135
222000570,144,25,119
222000571,407,37,370
222000577,17,92,-75
222000578,29,157,-128
222000579,37,121,-84
222000580,62,883,-821
222000599,0,114,-114
222000600,5,308,-303
222000601,10,918,-908
222000603,45,41,4
222000604,6,46,-40
222000605,21,30,-9
222000606,9,11,-2
222000607,2,10,-8
222000608,44,11,33
222000609,73,153,-80
222000616,394,45,349
222000617,10,21,-11
222000618,20,1,19
222000620,25,9,16
222000621,61,16,45
222000623,768,5,763
222000624,331,8,323
222000625,658,27,631
222000636,82,2,80
222000686,21,15,6
222000687,40,32,8
222001066,311,3,308
222001067,42,1,41
222001068,62,33,29
222001069,40,58,-18
222001082,15,34,-19
222001083,27,35,-8
222001084,0,66,-66
222001085,0,158,-158
222001111,67,99,-32
222001112,165,37,128
222001313,30,9,21
222001314,8,114,-106
222001464,39,42,-3
222001465,11,53,-42
222001484,150,73,77
222001485,20,50,-30
222001494,505,167,338
222001495,124,177,-53
222001496,338,79,259
222001497,112,324,-212
222001502,19,91,-72
222001503,98,33,65
222001504,30,269,-239
222001505,454,8,446
222001506,41,307,-266
222001507,328,27,301
222001510,558,31,527
222001511,57,273,-216
222001514,717,212,505
222001515,195,434,-239
222001518,373,87,286
222001519,34,199,-165
222001527,246,78,168
222001528,56,139,-83
222001529,302,44,258
222001530,59,186,-127
222001533,154,207,-53
222001534,342,63,279
222001535,215,203,12
222001536,108,167,-59
222001537,383,57,326
222001538,66,425,-359
222001563,764,112,652
222001564,86,361,-275
222001568,317,140,177
222001576,2,2,0
222001579,0,13,-13
222001583,8,87,-79
222001584,99,15,84
222001596,760,1052,-292
222001597,2810,526,2284
222001626,1,124,-123
222001650,73,168,-95
222001651,84,238,-154
222001914,190,95,95
222001915,65,234,-169
222001968,505,199,306
222001969,454,531,-77
222001970,151,139,12
222001971,29,12,17
222001972,1,27,-26
225000001,528,136,392
225000002,647,189,458
225000003,750,96,654
225000004,470,232,238
225000005,78,52,26
225000006,1,174,-173
225000007,1159,1137,22
225000010,298,14,284
225000011,482,855,-373
225000012,239,518,-279
225000013,86,142,-56
225000014,664,106,558
225000015,101,170,-69
225000021,882,180,702
225000027,160,431,-271
225000032,656,119,537
225000042,41,440,-399
225000049,28,77,-49
225000050,95,17,78
225000053,9,355,-346
225000058,661,145,516
225000067,217,154,63
225000068,104,232,-128
225000069,136,382,-246
225000070,94,374,-280
225000071,23,131,-108
225000075,13,407,-394
225000076,44,109,-65
225000078,80,67,13
225000085,80,146,-66
225000086,366,90,276
225000087,202,14,188
225000088,6,171,-165
225000089,160,948,-788
225000090,58,407,-349
225000091,189,125,64
225000092,78,63,15
225000093,228,237,-9
225000094,14,230,-216
225000095,236,326,-90
225000096,272,359,-87
225000098,861,320,541
225000099,410,173,237
225000100,441,121,320
225000104,72,363,-291
225000110,14,302,-288
225000111,138,809,-671
225000112,187,812,-625
225000113,172,509,-337
225000114,47,235,-188
225000115,995,581,414
225000116,1027,178,849
225000117,909,222,687
225000118,1024,237,787
225000119,241,73,168
225000120,721,38,683
225000121,260,28,232
225000123,525,36,489
225000125,438,160,278
225000126,795,166,629
225000127,734,1293,-559
225000128,540,805,-265
225000132,291,20,271
225000133,221,17,204
225000134,718,152,566
225000135,88,12,76
225000136,352,22,330
225000137,203,36,167
225000138,446,87,359
225000143,51,218,-167
225000144,4,266,-262
225000145,71,32,39
225000146,50,57,-7
225000147,26,175,-149
225000148,5,154,-149
225000149,43,415,-372
225000151,26,166,-140
225000155,276,362,-86
225000156,163,727,-564
225000157,229,287,-58
225000158,62,200,-138
225000171,8,127,-119
225000180,29,2,27
225000181,1,51,-50
225000182,81,7,74
225000185,1,260,-259
225000187,33,246,-213
225000191,95,5,90
225000194,0,2,-2
225000208,1,31,-30
225000209,84,22,62
225000210,11,238,-227
225000217,0,20,-20
225000218,8,1,7
225000223,0,29,-29
225000224,40,1,39
225000225,3,17,-14
225000226,23,2,21
225000227,25,77,-52
225000228,17,10,7
225000229,0,53,-53
225000230,43,1,42
225000231,0,41,-41
225000232,160,1,159
225000241,89,0,89
225000242,1,36,-35
225000249,15,0,15
225000250,46,533,-487
225000251,328,16,312
225000254,4,7,-3
225000256,3,23,-20
225000257,1,18,-17
226000042,266,347,-81
226000043,45,222,-177
226000044,125,330,-205
226000045,76,238,-162
226000046,460,118,342
226000047,417,108,309
226000048,483,94,389
226000049,326,186,140
226000070,0,29,-29
226000071,1,53,-52
226000072,0,11,-11
226000073,0,12,-12
226000074,0,7,-7
226000084,4,35,-31
226000085,3,6,-3
226000086,5,23,-18
226000087,0,16,-16
226000088,45,45,0
226000090,228,122,106
226000091,30,80,-50
226000092,16,31,-15
226000093,32,7,25
226000094,8,2,6
226000095,7,1,6
226000105,17,2,15
226000106,9,0,9
226000107,14,0,14
226000108,11,0,11
226000109,83,2,81
226000124,109,73,36
226000134,850,549,301
226000135,1613,595,1018
226000136,687,387,300
226000137,10,296,-286
226000138,13,199,-186
226000139,1,28,-27
226000156,218,7,211
226000157,315,7,308
226000163,103,164,-61
226000202,16,268,-252
226000231,446,6,440
226000232,47,13,34
227000033,373,56,317
227000036,421,17,404
227000037,414,35,379
227000038,223,30,193
227000084,2,63,-61
227000085,1,46,-45
227000088,42,4,38
227000089,113,1,112
227000090,43,0,43
227000091,28,0,28
227000092,36,0,36
227000093,131,0,131
227000094,10,0,10
227000130,20,57,-37
227000131,15,148,-133
227000132,3,143,-140
227000133,10,118,-108
227000134,22,215,-193
227000152,0,5,-5
227000153,0,56,-56
227000154,1,21,-20
227000155,0,16,-16
227000156,0,5,-5
227000165,9,28,-19
227000196,385,187,198
227000199,415,371,44
227000230,14,319,-305
227000232,489,22,467
227000242,41,336,-295
227000243,500,79,421
227000245,7,250,-243
227000246,114,358,-244
227000247,565,68,497
227000248,168,37,131
227000249,30,124,-94
227000250,331,199,132
227000251,90,188,-98
227000252,15,221,-206
227000253,207,18,189
227000262,512,46,466
227000266,1144,19,1125
227000267,25,1249,-1224
227000282,7,120,-113
227000284,527,17,510
227000286,2,67,-65
227000287,4,75,-71
227000291,10,411,-401
227000296,178,244,-66
227000484,218,21,197
227000485,18,758,-740
227000655,188,7,181
227000656,643,36,607
227000657,105,11,94
227000661,235,12,223
227000680,148,44,104
229000265,17,37,-20
229000296,4,22,-18
229000297,2,30,-28
229000298,4,124,-120
229000320,7,3,4
229000321,36,1,35
229000412,11,41,-30
229000414,6,44,-38
229000415,23,1,22
229000416,1,9,-8
229000417,1,11,-10
229000419,65,260,-195
229000440,364,56,308
229000442,25,0,25
229000443,3,5,-2
229000444,1,18,-17
229000445,57,6,51
229000446,68,12,56
229000491,2,11,-9
229000492,6,47,-41
229000493,9,76,-67
229000494,31,2,29
229000495,117,6,111
229000496,56,1,55
229000507,0,55,-55
229000508,1,29,-28
229000509,1,60,-59
229000510,3,23,-20
229000511,5,41,-36
229000512,0,19,-19
229000513,0,11,-11
229000514,0,1,-1
229000517,2,7,-5
229000518,14,24,-10
229000519,1,8,-7
229000520,15,28,-13
229000521,61,14,47
229000522,6,6,0
229000523,3,4,-1
229000524,3,6,-3
229000527,2,0,2
229000528,0,0,0
229000529,16,0,16
229000530,42,3,39
229000531,33,0,33
229000532,22,0,22
229000533,76,0,76
229000534,46,1,45
229000564,64,1,63
229000565,16,0,16
229000566,0,1,-1
229000567,0,17,-17
229000582,87,0,87
229000583,3,3,0
229000584,0,25,-25
229000585,4,29,-25
229000718,0,2,-2
229000719,0,5,-5
229000720,0,3,-3
229000721,0,2,-2
229000722,0,6,-6
229000723,0,5,-5
229000724,0,0,0
229000725,0,5,-5
229000738,2,0,2
229000739,0,0,0
229000740,3,0,3
229000741,16,0,16
229000742,5,0,5
229000743,12,0,12
229000744,1,0,1
229000745,2,0,2
229000746,26,0,26
229000847,22,0,22
229000848,21,0,21
229000849,73,0,73
229000851,22,1,21
229000854,1,20,-19
229000856,1,54,-53
229000857,0,18,-18
229000858,0,20,-20
229000919,14,73,-59
229000930,6,190,-184
229000937,120,24,96
229000966,73,30,43
229000981,26,11,15
229000985,8,57,-49
229000986,4,7,-3
229000987,0,2,-2
229000988,1,3,-2
229000989,6,7,-1
229000990,0,0,0
229000991,2,1,1
229000992,13,7,6
229000993,99,6,93
229000998,19,43,-24
229000999,74,5,69
229001034,0,4,-4
229001035,4,1,3
229001037,23,9,14
229001042,10,6,4
229001047,7,34,-27
229001050,27,35,-8
229001168,0,19,-19
229001200,27,5,22
229001338,4,21,-17
229001394,235,7,228
229001422,132,27,105
229001423,41,126,-85
229001431,56,89,-33
229001432,57,49,8
229001444,156,27,129
229001445,27,124,-97
229001479,18,0,18
229001503,275,91,184
229001504,132,133,-1
229001505,168,54,114
229001506,58,74,-16
229001509,23,21,2
229001545,119,6,113
229001546,7,80,-73
229001553,96,35,61
229001554,22,74,-52
229001559,1,3,-2
229001560,1,12,-11
229001630,53,5,48
229001631,8,26,-18
229001635,0,11,-11
229001636,10,0,10
229001658,0,114,-114
229001659,65,2,63
229001660,31,6,25
229001661,7,24,-17
229001662,14,0,14
229001663,0,8,-8
229002584,157,128,29
229002831,115,135,-20
229002841,12,10,2
229002842,23,18,5
229002843,83,22,61
229002844,33,55,-22
229002845,9,63,-54
229002846,26,9,17
229002847,0,5,-5
229002848,12,11,1
229002849,1,53,-52
229002850,23,3,20
229002851,32,127,-95
229002852,179,32,147
229002853,144,26,118
229002854,46,60,-14
229002855,10,26,-16
229002856,33,17,16
229002857,12,123,-111
229002858,17,12,5
229002859,25,65,-40
229002860,235,12,223
229002861,88,26,62
229002862,43,25,18
229002863,28,16,12
229002864,17,37,-20
229002865,23,9,14
229002866,26,32,-6
229002867,2,17,-15
229002868,6,11,-5
229002869,21,85,-64
229002870,51,12,39
235000066,370,74,296
235000067,126,107,19
235000072,31,76,-45
235000073,82,365,-283
235000074,55,63,-8
235000080,23,80,-57
235000081,139,101,38
235000082,120,38,82
235000083,239,70,169
235000084,44,53,-9
235000085,207,88,119
235000089,37,27,10
235000092,37,162,-125
235000093,18,5,13
235000097,2,9,-7
235000098,71,14,57
235000099,42,23,19
235000116,89,22,67
235000117,536,16,520
235000133,15,462,-447
235000134,9,177,-168
235000206,9,8,1
235000207,8,4,4
235000208,4,4,0
235000209,10,6,4
235000210,10,3,7
235000212,7,12,-5
235000213,5,6,-1
235000220,0,4,-4
235000221,51,19,32
235000238,9,123,-114
235000239,2,42,-40
235000242,383,814,-431
235000245,562,188,374
235000246,28,64,-36
235000284,8,119,-111
235000295,164,20,144
235000305,261,15,246
235000306,259,8,251
235000307,20,1,19
235000308,34,0,34
235000309,51,1,50
235000310,29,0,29
235000311,99,30,69
235000322,0,30,-30
235000323,0,37,-37
235000324,2,20,-18
235000325,0,9,-9
235000326,3,129,-126
235000351,5,59,-54
235000352,15,35,-20
235000353,1,33,-32
235000354,8,33,-25
235000355,8,56,-48
235000356,111,10,101
235000357,53,2,51
235000358,240,10,230
235000359,9,13,-4
235000360,54,42,12
235000361,40,20,20
235000381,64,112,-48
235000382,226,35,191
235000390,17,4,13
235000391,191,15,176
235000392,275,329,-54
235000393,230,154,76
235000395,139,45,94
235000396,442,47,395
235000400,89,44,45
235000401,23,132,-109
235000405,112,208,-96
235000406,77,209,-132
235000407,133,80,53
235000409,197,117,80
235000410,36,220,-184
235000411,3,55,-52
235000485,1,10,-9
235000486,15,0,15
235000549,173,118,55
235000550,107,189,-82
235000599,154,69,85
235000600,10,17,-7
235000601,14,34,-20
235000602,124,69,55
235000614,1,3,-2
235000648,0,20,-20
235000649,40,5,35
235000685,4,4,0
235000815,43,66,-23
235000834,0,11,-11
235000855,87,41,46
235000862,31,110,-79
235000891,0,12,-12
235000892,10,0,10
235000901,111,108,3
235000907,14,12,2
235001010,87,77,10
235001029,476,403,73
235001030,540,318,222
235001078,115,101,14
235001079,67,85,-18
235001147,2,39,-37
235001166,12,44,-32
235001167,46,41,5
235001169,25,238,-213
235001188,1,7,-6
235001189,8,1,7
235001197,7,12,-5
235001200,40,37,3
235001207,133,20,113
235001210,22,76,-54
235001215,40,114,-74
235001239,0,42,-42
235001244,0,7,-7
235016267,0,82,-82
277101746,0,1,-1
277102712,5,0,5
277103813,0,0,0
277103898,0,0,0
277104249,0,1,-1
277104250,0,5,-5
277104251,0,5,-5
277104252,0,0,0
990011530,0,191,-191
990014944,4,405,-401
990015176,70,20,50
990015618,1,117,-116
990016032,1,298,-297
990032570,25,213,-188
990070001,79,6,73
990070103,0,3,-3
990070601,0,31,-31
990070751,1063,67,996
990070766,1,328,-327
990071180,550,225,325
990071343,41,2,39
990071387,0,14,-14
990071823,528,11,517
990072600,3,962,-959
990072964,1,331,-330
990073285,0,6,-6
990074393,3,642,-639
990074870,1580,13,1567
990075106,1435,2,1433
990075746,659,39,620
990076437,1409,4,1405
990076458,2,519,-517
997000007,540,9,531
997000041,2,242,-240
997000058,73,1,72
997000062,24,1,23
997000069,0,4,-4
997000070,0,40,-40
997000100,44,0,44
997000141,15,2861,-2846
997000198,3,1208,-1205
998000475,4,64,-60
998000736,1,155,-154
998000965,0,11,-11
998001031,0,63,-63
998001700,0,0,0
998001899,0,1,-1
998001900,11,1,10
998003073,1684,25,1659
998101900,0,0,0
998102850,1,347,-346
998501927,924,786,138
998501929,157,10,147
998501930,73,0,73
998501931,152,47,105
998501932,5,2,3
998501933,48,5,43
998501937,34,3,31
998501944,12,0,12
998501950,0,0,0
998501970,115,27,88
998501971,0,68,-68
998501973,0,46,-46
998501974,1,183,-182
998501975,112,2,110
998501976,77,0,77
998501977,2,29,-27
998501978,7,0,7
998501979,0,11,-11
998501980,79,0,79
998501981,41,0,41
998501982,0,96,-96
998502006,0,0,0
998502024,0,2,-2
998502032,0,4,-4
998502062,51,24,27
998502063,0,0,0
998502173,16,0,16
998502269,0,3,-3
998601159,6,124,-118
998601292,0,18,-18
999033574,0,323,-323
999800001,65,19,46
999800002,0,8,-8
999800003,6,0,6
999800004,0,5,-5
999800005,0,7,-7
