ID,insum,outsum,diff
100000001,390,231,159
100000002,1697,3648,-1951
100000003,2916,3728,-812
100000004,199,840,-641
100000005,1981,2768,-787
100000006,396,423,-27
100000007,1192,1977,-785
100000008,45,315,-270
100000009,140,817,-677
100000010,23,182,-159
100000011,175,32,143
100000012,30,211,-181
100000013,11,88,-77
100000014,37,234,-197
100000015,660,1171,-511
100000016,174,999,-825
100000017,146,1383,-1237
100000018,328,271,57
100000019,1273,1409,-136
100000020,719,2917,-2198
100000021,2935,755,2180
100000022,285,1788,-1503
100000023,1640,933,707
100000025,224,1193,-969
100000028,345,1004,-659
100000029,7,516,-509
100000030,56,7,49
100000031,1117,4191,-3074
100000032,1032,2772,-1740
100000033,578,1995,-1417
100000034,56,775,-719
100000035,266,664,-398
100000036,228,1036,-808
100000037,512,288,224
100000038,2002,956,1046
100000039,147,219,-72
100000040,291,182,109
100000041,1187,454,733
100000042,808,294,514
100000043,365,152,213
100000044,74,116,-42
100000045,97,349,-252
100000046,234,293,-59
100000047,96,287,-191
100000048,136,317,-181
100000049,751,728,23
100000051,284,232,52
100000053,61,5,56
100000054,105,22,83
100000055,256,189,67
100000056,235,399,-164
100000057,1699,327,1372
100000058,519,370,149
100000059,31,183,-152
100000060,484,254,230
100000061,2003,520,1483
100000062,1081,469,612
100000063,785,348,437
100000064,1218,389,829
100000065,232,400,-168
100000066,97,244,-147
100000067,145,278,-133
100000068,196,623,-427
100000069,154,656,-502
100000072,88,246,-158
100000073,533,438,95
100000075,494,102,392
100000076,616,4137,-3521
100000077,77,399,-322
100000078,6,30,-24
100000079,10,43,-33
100000080,0,43,-43
100000081,4,34,-30
100000102,1443,3199,-1756
100000103,928,1907,-979
100000104,1901,1661,240
100000105,659,957,-298
100000106,490,2058,-1568
100000107,49,1037,-988
100000108,158,356,-198
100000109,303,780,-477
100000116,247,341,-94
100000117,11,115,-104
100000118,549,581,-32
100000119,483,611,-128
100000121,92,421,-329
100000122,259,1186,-927
100000123,773,1253,-480
100000124,1082,1535,-453
100000125,2983,1699,1284
100000126,283,272,11
100000127,536,439,97
100000128,146,2075,-1929
100000129,79,502,-423
100000130,400,162,238
100000131,546,802,-256
100000132,397,1093,-696
100000133,925,424,501
100000135,412,889,-477
100000139,118,385,-267
100000140,102,101,1
100000142,429,312,117
100000143,375,152,223
100000144,929,285,644
100000147,857,3232,-2375
100000150,36,287,-251
100000151,70,1062,-992
100000153,46,263,-217
100000154,6,546,-540
100000155,4,19,-15
100000156,28,210,-182
100000157,226,247,-21
100000158,120,130,-10
100000159,62,801,-739
100000165,489,237,252
100000169,32,1121,-1089
100000174,245,586,-341
100000179,17,428,-411
100000180,588,1151,-563
100000181,137,273,-136
100000188,19,109,-90
100000189,452,236,216
100000190,269,817,-548
100000191,371,281,90
100000192,5,104,-99
100000193,131,88,43
100000330,269,536,-267
100000355,101,328,-227
100000362,1343,549,794
100000363,5570,5205,365
100000364,76,158,-82
100000365,4097,5705,-1608
100000366,1296,662,634
100000367,3546,4053,-507
100000368,639,712,-73
100000369,274,1425,-1151
100000370,41,884,-843
100000376,26,309,-283
100000379,333,1983,-1650
100000380,1708,4141,-2433
100000384,2887,3865,-978
100000385,503,2969,-2466
100000386,932,3460,-2528
100000387,1297,4188,-2891
100000388,1248,2319,-1071
100000389,2229,3608,-1379
100000390,1647,1309,338
100000391,1765,4497,-2732
100000392,275,1204,-929
100000393,233,2383,-2150
100000394,853,2761,-1908
100000395,429,2441,-2012
100000396,744,1223,-479
100000397,752,4071,-3319
100000398,5427,2564,2863
100900002,15,7,8
100900003,357,256,101
100900004,8,255,-247
100900005,119,2,117
100900006,47,35,12
100900007,60,0,60
100900008,0,101,-101
100900009,29,17,12
100900010,48,41,7
100900011,187,94,93
100900012,0,42,-42
100900013,828,15,813
100900014,0,3,-3
100900015,25,4,21
100900016,0,27,-27
100900017,734,56,678
100900018,0,9,-9
100900019,6,42,-36
100900020,214,1,213
100900021,475,3,472
100900022,1,7,-6
100900023,0,7,-7
100900024,171,1,170
100900025,3,0,3
100900026,102,10,92
100900027,164,1608,-1444
100900028,43,116,-73
100900029,49,0,49
100900030,0,38,-38
100900031,710,36,674
100900032,249,0,249
100900033,48,250,-202
100900034,692,1,691
100900035,119,0,119
100900036,19,0,19
100900037,128,35,93
100900038,8,25,-17
100900039,249,50,199
100900040,494,154,340
100900041,1228,52,1176
100900042,54,1490,-1436
100900043,0,17,-17
100900044,366,325,41
100900045,0,0,0
100900046,738,4,734
100900047,631,68,563
100900048,51,2,49
100900049,9,27,-18
100900050,3,0,3
100900051,68,75,-7
100900052,115,2,113
100900053,787,16,771
100900054,1,7,-6
100900055,87,659,-572
100900056,6,25,-19
100900057,990,145,845
100900058,168,39,129
100900059,76,0,76
100900060,236,5,231
100900061,34,51,-17
100900062,0,1,-1
100900063,202,568,-366
100900064,389,8,381
100900065,23,133,-110
100900066,58,16,42
100900067,14,3,11
100900068,78,59,19
100900069,16,0,16
100900070,408,25,383
100900071,91,28,63
100900072,0,3,-3
100900073,84,106,-22
100900074,5,28,-23
100900075,826,22,804
100900076,2,12,-10
100900077,45,7,38
100900078,32,75,-43
100900079,1,1,0
100900080,72,138,-66
100900081,2,101,-99
100900082,198,97,101
100900083,4,46,-42
100900085,1,174,-173
100900086,13,243,-230
100900088,114,66,48
100900089,2,53,-51
100900090,25,327,-302
100900091,1,7,-6
100900092,29,125,-96
100900093,277,259,18
100900094,166,50,116
100900095,0,9,-9
100900096,5,47,-42
100900097,2,1,1
100900098,21,26,-5
100900099,1,49,-48
100900100,0,59,-59
100900101,107,2,105
100900102,0,66,-66
100900103,1,2,-1
100900104,0,37,-37
100900105,1,43,-42
100900106,4,3,1
100900107,709,366,343
100900108,2,15,-13
100900109,18,1,17
100900110,0,14,-14
100900111,8,33,-25
100900112,0,8,-8
100900113,5,26,-21
100900114,12,23,-11
100900115,7,7,0
100900116,332,189,143
100900117,175,832,-657
100900118,8,5,3
100900119,4,25,-21
100900120,5,1,4
100900121,217,150,67
100900122,16,30,-14
100900123,156,8,148
100900124,3,6,-3
100900125,0,5,-5
100900126,206,52,154
100900127,4,20,-16
100900128,26,98,-72
100900129,1,167,-166
100900131,4,60,-56
100900133,21,14,7
100900134,2,10,-8
100900135,1,133,-132
100900137,106,24,82
100900138,95,129,-34
100900139,0,0,0
100900140,1,17,-16
100900141,1,198,-197
100900142,0,2,-2
100900143,119,204,-85
100900144,1,8,-7
100900145,5,139,-134
100900146,0,16,-16
100900147,2,515,-513
100900148,36,101,-65
100900149,4,287,-283
100900150,0,34,-34
100900151,8,134,-126
100900152,106,2,104
100900153,1,178,-177
100900154,3,47,-44
100900155,25,14,11
100900156,1,1,0
100900157,5,161,-156
100900158,297,12,285
100900159,0,1,-1
100900160,21,0,21
100900161,33,0,33
100900162,5,133,-128
100900163,12,19,-7
100900164,99,1,98
100900165,15,17,-2
100900166,3,0,3
100900167,5,4,1
100900168,2,60,-58
100900169,20,440,-420
100900170,2,0,2
100900171,3,230,-227
100900172,1,165,-164
100900173,0,35,-35
100900174,11,10,1
100900176,438,29,409
100900177,70,10,60
100900178,135,234,-99
100900179,73,51,22
100900180,1,0,1
100900181,7,10,-3
100900182,14,7,7
100900184,12,99,-87
100900186,264,116,148
100900187,14,37,-23
100900188,7,5,2
100900189,1005,146,859
100900191,150,749,-599
100900192,64,203,-139
100900195,48,105,-57
100900197,23,59,-36
100900198,7,13,-6
100900199,3,7,-4
100900200,569,129,440
100900201,20,549,-529
100900202,23,0,23
100900203,0,23,-23
100900204,33,130,-97
100900205,63,503,-440
100900206,113,147,-34
100900207,108,128,-20
100900210,10,80,-70
100900211,76,54,22
100900213,84,28,56
100900214,116,13,103
100900215,12,2,10
101000001,1204,2187,-983
101000002,3171,3962,-791
101000003,71,1066,-995
101000004,3114,5975,-2861
101000005,3189,5048,-1859
101000006,2679,8363,-5684
101000007,1128,3646,-2518
101000008,1227,1860,-633
101000009,1430,386,1044
101000010,565,398,167
101000011,335,158,177
101000012,167,264,-97
101000013,355,899,-544
101000014,273,370,-97
101000015,2295,839,1456
101000016,165,513,-348
101000017,138,219,-81
101000018,879,2177,-1298
101000020,579,600,-21
101000021,264,213,51
101000022,102,442,-340
101000023,483,439,44
101000025,219,316,-97
101000026,244,20,224
101000027,1091,2632,-1541
101000028,147,66,81
101000029,10,828,-818
101000030,453,163,290
101000031,51,483,-432
101000032,1450,2912,-1462
101000033,430,2349,-1919
101000034,248,1718,-1470
101000035,225,264,-39
101000036,192,1123,-931
101000037,265,1672,-1407
101000039,733,1498,-765
101000040,1165,3059,-1894
101000041,1010,4154,-3144
101000042,36,680,-644
101000043,1676,3233,-1557
101000045,106,519,-413
101000046,577,2368,-1791
101000047,764,4001,-3237
101000048,208,225,-17
101000049,282,582,-300
101000050,273,957,-684
101000051,479,1783,-1304
101000052,468,1381,-913
101000053,150,576,-426
101000054,395,215,180
101000055,567,915,-348
101000056,6,149,-143
101000057,300,1505,-1205
101000058,248,1165,-917
101000059,771,2238,-1467
101000060,554,503,51
101000061,150,1529,-1379
101000062,120,280,-160
101000063,66,747,-681
101000064,153,493,-340
101000065,46,475,-429
101000066,168,914,-746
101000067,165,382,-217
101000068,117,364,-247
101000069,129,36,93
101000070,345,306,39
101000071,1793,764,1029
101000072,322,1556,-1234
101000073,271,938,-667
101000074,1419,2058,-639
101000075,1988,1422,566
101000077,1342,1194,148
101000078,569,587,-18
101000079,872,738,134
101000080,787,450,337
101000081,815,957,-142
101000082,1097,874,223
101000083,1894,1157,737
101000084,621,290,331
101000085,1208,841,367
101000086,555,405,150
101000087,423,526,-103
101000088,1014,744,270
101000089,434,930,-496
101000090,824,317,507
101000091,325,258,67
101000092,1423,434,989
101000093,729,295,434
101000094,425,334,91
101000095,389,272,117
101000096,478,253,225
101000097,232,235,-3
101000098,239,307,-68
101000099,390,577,-187
101000100,487,757,-270
101000101,113,436,-323
101000102,264,584,-320
101000103,199,265,-66
101000104,106,478,-372
101000105,435,337,98
101000106,42,1122,-1080
101000107,128,214,-86
101000108,200,50,150
101000109,468,51,417
101000110,4,135,-131
101000111,8,76,-68
101000113,47,532,-485
101000114,1343,3773,-2430
101000115,0,0,0
101000116,0,0,0
101000117,0,0,0
101000119,29,81,-52
101000120,38,58,-20
101000121,12,45,-33
101000122,45,167,-122
101000123,33,106,-73
101000124,1031,439,592
101000125,61,62,-1
101000128,99,1007,-908
101000130,100,168,-68
101000131,997,248,749
101000132,522,333,189
101000135,0,34,-34
101000136,26,144,-118
101000137,8,312,-304
101000141,340,2552,-2212
101000147,371,167,204
101000148,473,4,469
101000149,0,0,0
101000150,67,169,-102
101000151,396,19,377
101000152,246,203,43
101000153,179,98,81
101000154,487,187,300
101000155,570,78,492
101000156,18,205,-187
101000157,22,57,-35
101000160,0,0,0
101000163,58,588,-530
101000164,111,65,46
101000165,170,196,-26
101000166,59,173,-114
101000168,682,123,559
101000252,1686,519,1167
101000254,37,4,33
101000258,102,5,97
101000261,177,65,112
101000262,601,3245,-2644
101000263,130,1107,-977
101000265,20,504,-484
101000266,147,159,-12
101000269,6,13,-7
101000290,127,2056,-1929
101000293,0,0,0
101000294,129,194,-65
101000295,135,163,-28
101000301,108,538,-430
101000304,1164,1704,-540
101000305,1255,788,467
101900001,1,28,-27
101900002,0,0,0
101900003,41,36,5
101900004,0,55,-55
101900005,741,2240,-1499
101900006,467,41,426
101900007,113,141,-28
101900008,10,109,-99
101900009,6,223,-217
101900010,298,418,-120
101900011,41,645,-604
101900012,128,38,90
101900013,84,33,51
101900017,16,68,-52
101900018,271,61,210
101900019,31,18,13
101900020,129,23,106
101900021,0,12,-12
101900022,61,286,-225
101900023,27,36,-9
102000001,1957,5215,-3258
102000002,1701,897,804
102000003,1130,4924,-3794
102000004,1702,2032,-330
102000005,687,2839,-2152
102000006,332,969,-637
102000007,778,3310,-2532
102000008,2905,1050,1855
102000009,4906,5537,-631
102000010,2069,1398,671
102000011,2959,3244,-285
102000012,2463,1775,688
102000018,1314,2228,-914
102000019,1116,978,138
102000026,218,222,-4
102000029,173,105,68
102000030,75,248,-173
102000031,47,79,-32
102000032,498,236,262
102000033,164,189,-25
102000034,192,234,-42
102000035,456,179,277
102000036,16,167,-151
102000037,57,16,41
102000038,63,68,-5
102000039,10,66,-56
102000040,65,149,-84
102000041,14,207,-193
102000042,26,142,-116
102000043,11,171,-160
102000044,145,488,-343
102000045,251,413,-162
102000046,834,212,622
102000047,376,284,92
102000048,433,296,137
102000049,561,446,115
102000050,491,456,35
102000051,146,253,-107
102000052,623,462,161
102000053,627,609,18
102000054,613,376,237
102000055,645,168,477
102000056,748,98,650
102000057,902,244,658
102000058,446,307,139
102000059,372,457,-85
102000060,531,758,-227
102000061,1381,681,700
102000062,1690,728,962
102000063,712,821,-109
102000064,354,470,-116
102000065,25,140,-115
102000066,282,224,58
102000067,1524,2578,-1054
102000068,4075,2218,1857
102000069,60,1220,-1160
102000070,953,37,916
102000071,3730,7835,-4105
102000072,1544,2072,-528
102000073,232,182,50
102000074,397,298,99
102000075,115,56,59
102000076,187,122,65
102000077,513,198,315
102000078,983,248,735
102000079,88,25,63
102000080,234,78,156
102000081,204,545,-341
102000082,332,393,-61
102000083,402,107,295
102000084,853,78,775
102000085,662,345,317
102000086,1109,463,646
102000087,297,627,-330
102000088,231,124,107
102000089,1114,185,929
102000090,204,828,-624
102000091,731,418,313
102000092,146,422,-276
102000093,388,514,-126
102000094,390,114,276
102000095,251,534,-283
102000096,704,194,510
102000097,415,186,229
102000098,235,284,-49
102000099,602,297,305
102000100,120,400,-280
102000101,108,295,-187
102000102,116,532,-416
102000103,979,463,516
102000104,337,147,190
102000105,155,245,-90
102000106,464,166,298
102000107,1241,90,1151
102000108,505,240,265
102000109,390,175,215
102000110,815,269,546
102000111,4,205,-201
102000112,86,144,-58
102000113,4,15,-11
102000114,431,241,190
102000115,98,161,-63
102000116,209,590,-381
102000117,24,306,-282
102000118,494,1644,-1150
102000119,396,679,-283
102000120,186,419,-233
102000121,638,277,361
102000122,428,681,-253
102000123,534,383,151
102000124,886,692,194
102000125,329,335,-6
102000126,327,302,25
102000127,760,203,557
102000128,452,415,37
102000129,607,180,427
102000130,421,689,-268
102000131,581,732,-151
102000132,354,1347,-993
102000133,2765,717,2048
102000134,856,353,503
102000135,238,496,-258
102000136,396,270,126
102000137,306,171,135
102000138,65,46,19
102000139,54,85,-31
102000140,67,148,-81
102000141,50,208,-158
102000142,161,77,84
102000143,133,143,-10
102000144,232,90,142
102000145,211,80,131
102000146,243,100,143
102000147,219,240,-21
102000148,67,171,-104
102000149,234,39,195
102000150,558,26,532
102000151,43,25,18
102000152,193,87,106
102000153,368,248,120
102000154,99,161,-62
102000155,11,188,-177
102000156,168,62,106
102000157,3,154,-151
102000158,98,293,-195
102000159,454,677,-223
102000161,964,1265,-301
102000162,71,118,-47
102000163,38,223,-185
102000164,229,416,-187
102000165,118,96,22
102000166,11,108,-97
102000167,56,91,-35
102000168,69,117,-48
102000169,36,440,-404
102000170,205,30,175
102000171,4,42,-38
102000172,2,197,-195
102000173,289,215,74
102000174,124,31,93
102000175,74,17,57
102000176,20,7,13
102000178,107,187,-80
102000179,230,103,127
102000180,568,140,428
102000181,881,224,657
102000182,511,255,256
102000183,1267,527,740
102000184,1089,480,609
102000185,1918,286,1632
102000186,897,449,448
102000187,534,315,219
102000188,800,569,231
102000189,1151,168,983
102000190,381,1368,-987
102000191,541,191,350
102000192,551,706,-155
102000193,65,108,-43
102000194,61,80,-19
102000195,442,206,236
102000196,264,211,53
102000197,926,79,847
102000198,181,264,-83
102000199,1153,77,1076
102000200,146,299,-153
102000201,1448,241,1207
102000202,0,22,-22
102000203,308,67,241
102000204,577,176,401
102000205,977,169,808
102000206,292,149,143
102000207,479,353,126
102000208,207,212,-5
102000209,67,54,13
102000210,375,71,304
102000211,409,86,323
102000212,459,5,454
102000213,15,44,-29
102000214,387,2,385
102000215,3,115,-112
102000216,111,80,31
102000217,5,91,-86
102000218,172,82,90
102000219,46,38,8
102000225,199,527,-328
102000226,13,0,13
102000227,69,1,68
102000228,1,12,-11
102000229,95,39,56
102000230,189,169,20
102000231,229,258,-29
102000232,20,139,-119
102000233,332,208,124
102000234,40,923,-883
102000236,75,22,53
102000237,344,111,233
102000238,83,132,-49
102000240,57,210,-153
102000241,97,16,81
102000243,3,41,-38
102000245,0,21,-21
102000246,17,92,-75
102000247,49,240,-191
102000248,199,845,-646
102000249,76,21,55
102000250,23,95,-72
102000254,395,52,343
102000266,9,54,-45
102000271,18,0,18
102000286,165,223,-58
102000297,1067,289,778
102000299,0,0,0
102000301,0,0,0
102000303,0,0,0
102000305,0,0,0
102000307,1,3,-2
102000308,0,0,0
102900001,741,216,525
102900002,147,17,130
102900003,63,47,16
102900005,273,136,137
102900006,404,30,374
102900007,441,6,435
102900008,175,7,168
102900009,115,127,-12
102900010,261,599,-338
102900011,387,136,251
102900012,280,26,254
102900013,30,6,24
102900015,538,179,359
102900016,89,7,82
102900017,185,87,98
102900018,14,26,-12
102900019,147,201,-54
102900020,50,6,44
102900021,25,11,14
102900022,18,14,4
102900023,1,3,-2
102900024,4,19,-15
102900025,40,11,29
102900026,101,1369,-1268
102900027,36,5,31
102900028,80,610,-530
102900029,4,84,-80
102900030,276,234,42
102900031,265,19,246
102900032,52,6,46
102900033,56,17,39
102900034,569,25,544
102900035,106,63,43
102900036,171,134,37
102900037,76,78,-2
102900038,170,90,80
102900039,46,332,-286
102900040,66,103,-37
102900041,84,14,70
102900042,106,15,91
102900043,168,42,126
102900044,153,405,-252
102900045,105,188,-83
102900046,213,60,153
102900047,36,145,-109
102900048,272,59,213
102900049,38,119,-81
102900050,88,91,-3
102900051,61,43,18
102900052,14,20,-6
102900053,108,81,27
102900054,120,456,-336
102900055,34,226,-192
102900056,46,54,-8
102900057,1,23,-22
102900058,309,48,261
102900059,2,5,-3
102900060,20,129,-109
102900061,90,108,-18
102900062,178,209,-31
102900063,1198,82,1116
102900064,16,289,-273
102900065,418,162,256
102900066,102,2,100
102900068,21,70,-49
102900070,66,100,-34
102900072,1,29,-28
102900073,4,0,4
102900074,21,100,-79
102900075,1,3,-2
102900076,20,29,-9
102900077,11,1,10
102900078,17,6,11
102900079,146,1,145
102900080,342,2,340
102900081,9,87,-78
102900082,3,20,-17
102900083,38,15,23
102900084,1,3,-2
102900085,19,16,3
102900086,1,2,-1
102900087,177,51,126
102900088,16,11,5
102900089,74,66,8
102900090,0,26,-26
102900091,167,1,166
102900092,267,82,185
102900093,135,72,63
102900094,2,23,-21
102900095,51,0,51
102900096,21,2,19
102900097,0,25,-25
103000001,1816,1425,391
103000002,2088,1911,177
103000003,1977,1639,338
103000004,517,242,275
103000005,1078,2022,-944
103000006,739,970,-231
103000007,276,189,87
103000008,699,474,225
103000009,1103,703,400
103000010,109,29,80
103000011,790,342,448
103000012,836,1020,-184
103000013,1498,1111,387
103000014,1000,2029,-1029
103000015,879,407,472
103000016,337,851,-514
103000017,170,637,-467
103000018,305,174,131
103000019,153,410,-257
103000020,979,736,243
103000021,1584,2501,-917
103000022,395,733,-338
103000023,755,1862,-1107
103000024,64,41,23
103000025,24,910,-886
103000026,147,95,52
103000027,81,543,-462
103000028,250,191,59
103000029,62,135,-73
103000030,982,967,15
103000031,546,1561,-1015
103000032,1454,680,774
103000033,2858,2473,385
103000034,848,465,383
103000035,108,700,-592
103000036,131,156,-25
103000037,339,306,33
103000038,336,585,-249
103000039,356,108,248
103000040,636,252,384
103000041,1252,923,329
103000042,914,124,790
103000043,571,320,251
103000044,245,94,151
103000046,135,228,-93
103000047,414,96,318
103000048,237,83,154
103000049,92,45,47
103000050,458,124,334
103000051,461,248,213
103000052,416,75,341
103000053,156,156,0
103000054,1145,318,827
103000055,1323,578,745
103000056,550,582,-32
103000057,1020,99,921
103000058,493,151,342
103000059,600,231,369
103000060,508,183,325
103000061,583,377,206
103000062,428,112,316
103000063,827,372,455
103000064,55,61,-6
103000065,0,74,-74
103000066,121,5,116
103000069,168,124,44
103000070,415,169,246
103000071,991,402,589
103000072,148,280,-132
103000073,686,35,651
103000074,824,44,780
103000075,76,219,-143
103000076,232,632,-400
103000077,34,168,-134
103000078,485,774,-289
103000079,279,570,-291
103000080,229,304,-75
103000081,87,1019,-932
103000082,379,83,296
103000083,33,169,-136
103000084,13,4,9
103000085,0,97,-97
103000086,423,358,65
103000087,171,571,-400
103000088,197,182,15
103000089,255,460,-205
103000090,3169,1298,1871
103000091,613,477,136
103000092,283,81,202
103000093,184,234,-50
103000094,219,58,161
103000095,43,180,-137
103000096,364,20,344
103000097,14,262,-248
103000098,358,18,340
103000099,20,258,-238
103000100,152,186,-34
103000101,1099,26,1073
103000102,140,150,-10
103000103,636,51,585
103000104,110,52,58
103000105,199,24,175
103000106,24,82,-58
103000107,179,41,138
103000108,765,966,-201
103000109,283,505,-222
103000110,439,707,-268
103000111,212,359,-147
103000112,177,288,-111
103000113,115,651,-536
103000114,815,322,493
103000115,683,681,2
103000116,917,329,588
103000117,534,362,172
103000118,260,290,-30
103000119,586,221,365
103000120,91,195,-104
103000121,13,217,-204
103000122,354,722,-368
103000125,9,52,-43
103000126,464,2,462
103000127,0,121,-121
103000128,128,0,128
103000129,0,68,-68
103000130,72,37,35
103000131,118,113,5
103000132,5,85,-80
103000133,7,127,-120
103000134,173,606,-433
103000135,244,128,116
103000136,151,130,21
103000137,156,388,-232
103000138,264,460,-196
103000139,0,12,-12
103000140,71,1,70
103000141,1,67,-66
103000142,13,38,-25
103000143,8,67,-59
103000144,163,45,118
103000145,1,199,-198
103000150,31,41,-10
103000152,94,132,-38
103000153,135,171,-36
103000156,1,133,-132
103000157,384,2,382
103000159,102,35,67
103000162,36,31,5
103000163,4,37,-33
103000164,1,16,-15
103000165,22,130,-108
103000166,216,448,-232
103000167,143,103,40
103000168,99,46,53
103000169,218,480,-262
103000170,1424,194,1230
103000171,35,57,-22
103000172,787,142,645
103000173,592,111,481
103000174,392,181,211
103000175,249,109,140
103000176,412,527,-115
103000177,127,304,-177
103000178,64,209,-145
103000179,65,7,58
103000183,318,51,267
103000185,113,51,62
103000186,275,40,235
103000187,764,85,679
103000188,25,94,-69
103000189,528,600,-72
103000191,282,153,129
103000292,269,1227,-958
103000293,477,2356,-1879
103000295,48,35,13
103000296,66,1,65
103000297,13,36,-23
103000504,94,12,82
103000505,4,3,1
103000506,0,35,-35
103000507,102,3,99
103000508,52,30,22
103000509,130,178,-48
103900001,9,20,-11
103900002,230,49,181
103900003,336,120,216
103900004,72,2,70
103900005,0,14,-14
103900006,0,0,0
103900007,149,2,147
103900008,3,1,2
103900009,244,39,205
103900010,138,28,110
103900011,343,13,330
103900012,2,36,-34
103900013,18,5,13
103900014,22,1,21
103900015,67,0,67
103900016,27,38,-11
103900017,59,31,28
103900018,85,47,38
103900019,5,270,-265
103900020,120,303,-183
103900021,66,7,59
103900022,281,131,150
103900023,203,0,203
103900024,31,106,-75
103900025,6,1,5
103900026,0,0,0
103900027,179,54,125
103900028,26,163,-137
103900029,797,81,716
103900030,174,59,115
103900031,107,0,107
103900032,66,67,-1
103900033,34,5,29
103900034,3,8,-5
103900035,54,41,13
103900036,36,40,-4
103900037,50,4,46
103900038,30,119,-89
103900039,134,59,75
103900040,3,147,-144
103900041,78,12,66
103900042,143,63,80
103900043,248,9,239
103900044,43,225,-182
103900045,201,157,44
103900047,100,4,96
103900048,12,5,7
103900049,59,488,-429
103900050,5,126,-121
103900051,0,42,-42
103900052,103,93,10
103900053,300,82,218
103900054,100,62,38
103900055,230,81,149
103900056,14,1,13
103900057,118,30,88
103900058,374,102,272
103900059,0,29,-29
103900060,71,77,-6
103900061,255,4,251
103900062,457,166,291
103900063,18,2,16
103900064,166,1,165
103900065,116,77,39
103900066,172,36,136
103900067,224,11,213
103900068,0,0,0
103900069,25,5,20
103900070,98,43,55
103900071,6,15,-9
103900072,5,70,-65
103900073,24,16,8
103900074,75,13,62
103900075,90,7,83
103900076,567,168,399
103900077,27,80,-53
103900078,165,61,104
103900079,62,23,39
103900080,1,6,-5
103900081,1,3,-2
103900082,12,32,-20
103900083,1238,1292,-54
103900084,24,31,-7
103900085,8,37,-29
103900086,920,136,784
103900087,8,39,-31
103900088,84,251,-167
103900089,20,41,-21
103900090,1,15,-14
103900091,312,19,293
103900092,379,292,87
103900093,25,155,-130
103900094,2,28,-26
103900095,19,169,-150
103900096,51,11,40
103900097,2,76,-74
103900098,128,43,85
103900099,182,34,148
103900100,379,36,343
103900101,139,221,-82
103900102,11,7,4
103900104,0,3,-3
103900105,43,15,28
103900106,0,113,-113
103900107,145,45,100
103900108,12,35,-23
103900109,108,14,94
103900110,134,16,118
103900111,234,107,127
103900112,7,10,-3
103900113,35,86,-51
103900114,320,97,223
103900115,88,74,14
103900116,329,611,-282
103900117,71,11,60
103900119,32,196,-164
103900120,8,20,-12
103900122,122,55,67
103900123,139,304,-165
103900124,24,5,19
103900125,79,18,61
103900126,503,34,469
103900127,123,39,84
103900128,99,34,65
103900131,6,11,-5
103900133,424,7,417
103900134,0,6,-6
103900135,2,0,2
103900137,2,16,-14
103900138,146,43,103
103900139,75,2180,-2105
103900140,3,274,-271
103900141,76,30,46
103900142,328,23,305
103900143,242,3,239
103900144,1,6,-5
103900145,52,73,-21
103900146,243,21,222
103900147,334,42,292
103900148,282,29,253
103900149,243,123,120
103900150,1451,3223,-1772
103900151,15,17,-2
103900152,729,158,571
103900153,7,2,5
103900154,98,1012,-914
103900155,8,36,-28
103900156,11,28,-17
103900157,84,14,70
103900158,145,17,128
103900159,205,2,203
103900160,12,14,-2
103900161,11,68,-57
103900162,53,14,39
103900163,1,86,-85
103900164,199,21,178
103900167,5,30,-25
103900168,55,4,51
103900169,5,46,-41
103900170,1,9,-8
103900171,1,1,0
103900172,2,1,1
103900173,14,5,9
103900174,194,5,189
103900175,6,129,-123
103900176,0,13,-13
103900177,6,2,4
103900178,47,3,44
103900179,43,8,35
103900180,4,3,1
103900181,13,6,7
103900182,6,0,6
103900184,43,17,26
103900185,22,319,-297
103900187,3,127,-124
103900188,65,46,19
103900189,65,3,62
103900190,52,15,37
103900191,4,9,-5
103900192,13,19,-6
103900193,11,5,6
103900194,12,15,-3
103900195,0,64,-64
103900196,34,4,30
103900197,4,9,-5
103900198,1,3,-2
103900199,128,6,122
103900200,147,15,132
103900201,19,38,-19
103900202,2,21,-19
103900203,54,32,22
103900204,0,6,-6
103900207,0,4,-4
103900208,170,0,170
103900209,3,21,-18
103900210,59,14,45
103900211,501,82,419
103900212,50,36,14
103900213,0,119,-119
103900214,127,197,-70
103900215,42,116,-74
103900216,7,108,-101
103900217,206,16,190
103900218,1,125,-124
103900219,131,27,104
103900233,55,3,52
103900235,7,15,-8
103900236,5,20,-15
103900242,1,0,1
103900243,0,0,0
103900244,79,26,53
103900245,34,27,7
103900246,9,22,-13
103900247,0,4,-4
103900248,0,23,-23
103900249,1,41,-40
103900250,4,6,-2
103900251,0,4,-4
103900253,2,27,-25
103900254,0,19,-19
103900255,0,7,-7
103900256,0,49,-49
103900257,27,61,-34
103900258,0,4,-4
103900259,4,4,0
103900261,21,0,21
103900262,11,0,11
103900263,11,11,0
103900264,4,0,4
103900265,1,2,-1
103900266,0,39,-39
103900267,0,4,-4
104000001,1829,895,934
104000002,1487,1580,-93
104000003,1364,931,433
104000004,2070,1584,486
104000005,1327,1106,221
104000006,1704,1345,359
104000007,3835,2523,1312
104000008,211,180,31
104000009,315,132,183
104000010,148,321,-173
104000011,129,94,35
104000012,98,140,-42
104000013,232,395,-163
104000014,168,173,-5
104000015,385,96,289
104000016,128,147,-19
104000018,654,72,582
104000019,702,125,577
104000020,66,144,-78
104000021,216,171,45
104000022,112,205,-93
104000023,1051,211,840
104000024,171,125,46
104000026,40,46,-6
104000027,263,114,149
104000028,625,168,457
104000029,180,192,-12
104000030,437,281,156
104000031,767,97,670
104000032,69,119,-50
104000033,867,114,753
104000034,240,121,119
104000035,1053,87,966
104000036,807,220,587
104000037,152,60,92
104000038,399,172,227
104000039,126,110,16
104000040,49,301,-252
104000041,476,226,250
104000042,176,152,24
104000043,64,147,-83
104000044,178,283,-105
104000045,475,287,188
104000046,387,382,5
104000047,368,319,49
104000048,435,441,-6
104000049,494,161,333
104000050,36,295,-259
104000051,93,360,-267
104000052,1583,1019,564
104000053,725,179,546
104000054,397,79,318
104000055,1451,921,530
104000056,287,92,195
104000057,136,74,62
104000058,639,444,195
104000059,422,579,-157
104000060,898,809,89
104000061,809,389,420
104000062,159,32,127
104000064,396,117,279
104000065,48,324,-276
104000069,362,1165,-803
104000070,6,358,-352
104000071,55,25,30
104000072,333,51,282
104000075,17,64,-47
104000076,225,12,213
104000082,1558,2017,-459
104000083,270,69,201
104000084,43,190,-147
104000085,228,110,118
104000086,198,212,-14
104000087,145,361,-216
104000090,627,301,326
104000092,1193,457,736
104000094,297,379,-82
104000095,1773,869,904
104000096,1829,22,1807
104000097,1918,255,1663
104000098,3164,257,2907
104000100,2117,263,1854
104000101,932,744,188
104000106,51,357,-306
104000107,382,171,211
104000108,129,128,1
104000109,166,49,117
104000110,312,832,-520
104000111,1049,2112,-1063
104000112,292,160,132
104000116,1,419,-418
104000117,251,148,103
104000118,920,71,849
104000119,494,119,375
104000120,302,173,129
104000121,119,181,-62
104000122,451,399,52
104000123,561,278,283
104000124,181,691,-510
104000125,836,2037,-1201
104000126,424,375,49
104000127,1225,965,260
104000128,561,140,421
104000129,213,7,206
104000130,1,341,-340
104000131,227,226,1
104000132,335,264,71
104000133,1109,613,496
104000134,642,1334,-692
104000135,243,768,-525
104000136,395,1436,-1041
104000137,1109,173,936
104000138,503,214,289
104000139,1411,1297,114
104000141,476,378,98
104000142,413,223,190
104000143,625,181,444
104000144,55,123,-68
104000145,173,132,41
104000146,122,310,-188
104000147,90,225,-135
104000148,282,107,175
104000149,94,79,15
104000150,699,284,415
104000151,238,203,35
104000152,462,184,278
104000153,567,406,161
104000154,458,196,262
104000155,317,492,-175
104000157,825,616,209
104000158,97,292,-195
104000159,529,209,320
104000160,1080,1538,-458
104000161,63,56,7
104000162,98,34,64
104000165,447,385,62
104000167,476,1164,-688
104000168,576,2,574
104000169,200,50,150
104000170,83,235,-152
104000248,270,276,-6
104000251,19,69,-50
104000272,0,0,0
104000273,0,0,0
104000274,0,0,0
104000275,0,0,0
104000279,446,558,-112
104000290,22,178,-156
104000291,380,709,-329
104000293,616,521,95
104000294,47,0,47
104000295,817,1038,-221
104000296,330,361,-31
104000297,757,1798,-1041
104000298,1272,571,701
104000299,613,645,-32
104900001,55,26,29
104900002,70,144,-74
104900003,24,103,-79
104900004,18,48,-30
104900005,228,125,103
104900006,317,24,293
104900007,194,102,92
104900009,98,71,27
104900010,45,1,44
104900011,1,3,-2
104900012,71,3,68
104900013,9,2,7
104900014,762,109,653
104900015,18,3,15
104900016,88,56,32
104900017,37,59,-22
104900018,1,23,-22
104900019,92,3808,-3716
104900020,31,45,-14
104900021,0,11,-11
104900022,1,151,-150
104900023,0,13,-13
104900024,17,567,-550
104900025,39,30,9
104900026,0,26,-26
104900027,669,186,483
104900028,3,123,-120
104900029,1,36,-35
104900030,351,145,206
104900031,7,46,-39
104900032,22,15,7
104900033,193,105,88
104900034,310,114,196
104900035,421,190,231
104900036,517,12,505
104900037,105,71,34
104900038,35,802,-767
104900039,184,1028,-844
104900040,725,53,672
104900041,254,90,164
104900042,158,72,86
104900043,23,343,-320
104900044,945,29,916
104900045,184,30,154
104900046,381,12,369
104900047,556,36,520
104900048,414,74,340
104900049,139,81,58
104900050,446,19,427
104900051,224,11,213
104900052,255,2,253
104900053,389,38,351
104900054,255,22,233
104900055,355,0,355
104900056,296,8,288
104900057,20,0,20
104900058,195,87,108
104900059,70,17,53
104900060,0,121,-121
104900061,72,50,22
104900063,1,50,-49
104900064,0,65,-65
104900065,0,78,-78
104900066,0,45,-45
104900067,3,92,-89
104900068,22,63,-41
104900070,19,46,-27
104900071,1,73,-72
104900072,22,63,-41
104900073,30,9,21
104900074,35,42,-7
104900075,25,3,22
104900076,46,40,6
104900077,91,53,38
104900078,52,91,-39
104900079,100,469,-369
104900080,44,90,-46
104900082,0,106,-106
104900085,2,50,-48
104900087,241,5,236
104900089,688,1,687
104900090,1053,552,501
104900091,204,127,77
104900093,41,79,-38
104900097,547,1697,-1150
104900098,121,10,111
104900099,30,295,-265
104900100,96,63,33
104900102,24,26,-2
104900103,44,25,19
104900104,590,1471,-881
104900106,98,25,73
104900107,62,66,-4
104900108,2,34,-32
104900109,42,45,-3
104900110,2,31,-29
104900111,143,58,85
104900112,249,95,154
104900113,401,40,361
104900114,421,144,277
104900115,509,29,480
104900116,244,24,220
104900118,1,15,-14
104900119,0,21,-21
104900120,9,292,-283
104900121,0,12,-12
104900122,2,16,-14
104900123,129,3,126
104900124,158,0,158
104900125,157,2,155
104900126,1,13,-12
104900127,1,1,0
104900128,89,49,40
104900129,671,2318,-1647
105000001,1880,757,1123
105000002,1491,948,543
105000003,1441,1919,-478
105000004,855,590,265
105000005,983,851,132
105000006,724,1286,-562
105000007,770,1216,-446
105000008,459,1432,-973
105000009,2507,2339,168
105000010,1379,736,643
105000011,2322,2341,-19
105000012,1158,1024,134
105000013,665,706,-41
105000014,2212,1971,241
105000015,4998,9273,-4275
105000016,706,924,-218
105000017,1143,796,347
105000018,433,622,-189
105000019,584,665,-81
105000020,34,305,-271
105000021,130,81,49
105000022,52,71,-19
105000023,597,99,498
105000028,7,52,-45
105000029,346,649,-303
105000030,2009,1484,525
105000033,501,686,-185
105000034,80,813,-733
105000037,368,104,264
105000038,572,863,-291
105000039,398,621,-223
105000040,667,754,-87
105000041,211,375,-164
105000042,1124,933,191
105000043,502,398,104
105000044,524,155,369
105000045,133,261,-128
105000046,576,174,402
105000047,309,309,0
105000048,859,183,676
105000049,140,224,-84
105000050,1002,373,629
105000051,117,229,-112
105000052,487,582,-95
105000053,48,46,2
105000054,317,465,-148
105000055,440,142,298
105000056,1706,1036,670
105000057,1247,399,848
105000058,753,557,196
105000059,1035,470,565
105000060,478,238,240
105000061,1229,251,978
105000062,427,356,71
105000063,203,238,-35
105000064,2319,278,2041
105000065,349,180,169
105000066,616,401,215
105000067,1445,442,1003
105000068,180,319,-139
105000069,878,1627,-749
105000070,373,963,-590
105000071,137,1503,-1366
105000072,697,3088,-2391
105000073,857,620,237
105000074,269,303,-34
105000075,397,352,45
105000076,834,544,290
105000077,1141,359,782
105000078,399,593,-194
105000079,600,1245,-645
105000080,1599,1506,93
105000081,794,689,105
105000082,603,1231,-628
105000083,1684,2349,-665
105000084,311,562,-251
105000085,2198,1535,663
105000086,348,565,-217
105000087,711,964,-253
105000088,1234,1508,-274
105000089,1142,708,434
105000090,191,267,-76
105000091,336,288,48
105000092,297,340,-43
105000093,189,258,-69
105000094,70,76,-6
105000095,100,345,-245
105000096,626,1125,-499
105000097,367,276,91
105000098,875,890,-15
105000099,422,476,-54
105000100,1424,485,939
105000101,1447,586,861
105000102,1487,665,822
105000103,830,720,110
105000104,1594,669,925
105000105,774,710,64
105000106,1292,373,919
105000107,1738,409,1329
105000108,1743,516,1227
105000109,1884,398,1486
105000110,1042,156,886
105000111,1222,208,1014
105000112,677,234,443
105000113,545,426,119
105000114,551,948,-397
105000115,247,1179,-932
105000116,1093,457,636
105000117,446,253,193
105000118,949,261,688
105000119,428,236,192
105000120,1656,342,1314
105000121,599,243,356
105000122,314,407,-93
105000123,396,392,4
105000124,1726,342,1384
105000125,844,490,354
105000126,1595,557,1038
105000127,2036,650,1386
105000128,446,653,-207
105000129,1006,247,759
105000130,139,2343,-2204
105000131,194,152,42
105000132,1115,583,532
105000133,209,395,-186
105000134,1143,182,961
105000135,150,128,22
105000136,8,20,-12
105000137,277,54,223
105000138,8,20,-12
105000139,424,161,263
105000140,361,128,233
105000141,190,129,61
105000142,241,126,115
105000143,87,252,-165
105000144,241,174,67
105000145,650,108,542
105000146,150,315,-165
105000147,633,147,486
105000148,467,662,-195
105000149,2246,1190,1056
105000150,693,277,416
105000151,484,232,252
105000152,129,242,-113
105000153,735,298,437
105000154,412,228,184
105000155,235,356,-121
105000156,165,304,-139
105000157,457,757,-300
105000158,1612,387,1225
105000159,258,516,-258
105000160,2600,285,2315
105000161,467,433,34
105000162,630,1678,-1048
105000163,650,334,316
105000164,69,108,-39
105000165,238,6069,-5831
105000166,2512,1399,1113
105000167,620,2626,-2006
105000168,309,181,128
105000169,651,68,583
105000170,306,690,-384
105000171,847,134,713
105000172,263,4,259
105000173,511,6,505
105000174,90,42,48
105000175,78,30,48
105000176,532,44,488
105000177,340,145,195
105000178,266,148,118
105000179,1294,29,1265
105000180,209,27,182
105000181,126,115,11
105000182,63,25,38
105000183,1164,2053,-889
105000184,78,211,-133
105000185,199,661,-462
105000186,281,328,-47
105000187,324,315,9
105000188,126,285,-159
105000189,52,236,-184
105000190,164,179,-15
105000191,182,85,97
105000192,242,46,196
105000193,55,135,-80
105000194,451,30,421
105000195,181,215,-34
105000196,41,129,-88
105000197,79,153,-74
105000198,147,76,71
105000199,73,225,-152
105000200,104,357,-253
105000201,66,15,51
105000203,11,90,-79
105000204,41,32,9
105000205,71,93,-22
105000207,44,33,11
105000208,122,211,-89
105000209,48,30,18
105000212,799,367,432
105000213,32,94,-62
105000214,167,62,105
105000215,176,72,104
105000216,109,52,57
105000217,68,15,53
105000218,2196,492,1704
105000221,106,95,11
105000222,229,109,120
105000223,269,72,197
105000226,46,63,-17
105000227,19,55,-36
105000228,17,923,-906
105000229,65,435,-370
105000231,228,130,98
105000233,530,405,125
105000234,287,517,-230
105000235,502,308,194
105000237,748,49,699
105000243,59,61,-2
105000248,8,27,-19
105000262,347,131,216
105000269,134,25,109
105000270,638,2,636
105000271,0,125,-125
105000282,8,25,-17
105000287,90,72,18
105000288,832,296,536
105000289,676,1175,-499
105000290,48,1,47
105000402,731,2268,-1537
105000426,105,185,-80
105000438,781,769,12
105000446,2805,2915,-110
105000447,1217,1026,191
105000454,647,65,582
105000455,148,53,95
105000474,102,0,102
105000477,831,375,456
105000478,1452,3454,-2002
105000479,75,42,33
105000480,3873,4969,-1096
105000481,2833,2345,488
105000482,1336,2169,-833
105000483,1032,1240,-208
105000484,768,1003,-235
105000485,744,1433,-689
105000486,857,933,-76
105000488,1678,1496,182
105000489,994,314,680
105000549,106,72,34
105000550,134,728,-594
105000551,3,57,-54
105000552,1039,427,612
105900001,6,880,-874
105900002,908,639,269
105900003,2,60,-58
105900004,67,31,36
105900005,22,107,-85
105900006,26,56,-30
105900007,14,7,7
105900008,39,93,-54
105900009,53,10,43
105900011,98,24,74
105900012,259,74,185
105900013,5,6,-1
105900014,0,14,-14
105900015,55,131,-76
105900016,416,103,313
105900017,1625,36,1589
105900018,69,74,-5
105900019,31,81,-50
105900020,15,27,-12
105900021,13,225,-212
105900022,193,96,97
105900023,5,77,-72
105900024,8,150,-142
105900025,229,1,228
105900026,104,3,101
105900027,4171,1340,2831
105900028,168,125,43
105900029,793,162,631
105900030,89,100,-11
105900031,207,50,157
105900032,36,24,12
105900033,45,54,-9
105900034,119,43,76
105900035,125,69,56
105900036,67,30,37
105900037,176,19,157
105900038,99,137,-38
105900039,79,40,39
105900040,54,16,38
105900041,70,60,10
105900042,28,36,-8
105900043,438,15,423
105900044,1,151,-150
105900045,1,576,-575
105900046,0,33,-33
105900047,1,2,-1
105900048,115,92,23
105900050,319,1231,-912
105900051,12,410,-398
105900052,285,17,268
105900053,970,2362,-1392
105900054,62,86,-24
105900056,228,261,-33
105900057,1,56,-55
105900058,4,12,-8
105900059,0,88,-88
106000001,1570,1146,424
106000002,384,1379,-995
106000003,2332,2310,22
106000004,1099,1913,-814
106000005,3404,2577,827
106000006,2612,1254,1358
106000007,531,108,423
106000008,256,215,41
106000009,384,99,285
106000010,214,286,-72
106000011,1189,473,716
106000012,595,417,178
106000013,1631,917,714
106000014,705,647,58
106000015,2083,563,1520
106000016,935,921,14
106000017,1064,414,650
106000018,315,348,-33
106000019,534,220,314
106000020,184,168,16
106000021,482,208,274
106000022,194,135,59
106000023,1014,287,727
106000024,427,289,138
106000025,189,114,75
106000026,77,150,-73
106000027,1924,836,1088
106000028,258,115,143
106000029,343,248,95
106000030,66,335,-269
106000034,35,140,-105
106000035,745,1010,-265
106000036,24,310,-286
106000037,433,510,-77
106000038,18,63,-45
106000039,30,106,-76
106000040,78,934,-856
106000041,564,381,183
106000043,189,141,48
106000046,227,36,191
106000047,46,269,-223
106000049,1012,71,941
106000050,78,212,-134
106000051,1039,434,605
106000052,0,0,0
106000053,682,136,546
106000054,0,0,0
106000055,914,235,679
106000056,0,0,0
106000057,526,123,403
106000058,0,0,0
106000059,445,185,260
106000060,10,63,-53
106000061,172,555,-383
106000062,50,110,-60
106000063,641,608,33
106000064,0,0,0
106000065,471,157,314
106000066,66,24,42
106000067,502,47,455
106000068,77,33,44
106000069,484,38,446
106000070,159,31,128
106000071,665,134,531
106000072,1119,824,295
106000073,1014,3391,-2377
106000074,548,491,57
106000075,344,444,-100
106000076,859,478,381
106000077,1289,321,968
106000078,1018,248,770
106000079,741,252,489
106000080,854,232,622
106000081,694,308,386
106000082,1126,336,790
106000083,321,555,-234
106000084,591,255,336
106000085,830,589,241
106000086,244,169,75
106000087,621,248,373
106000088,244,210,34
106000089,866,144,722
106000090,338,221,117
106000091,308,278,30
106000092,397,133,264
106000093,387,31,356
106000094,62,57,5
106000095,1446,393,1053
106000096,1497,145,1352
106000097,1369,406,963
106000098,967,114,853
106000099,72,174,-102
106000100,1249,84,1165
106000101,712,80,632
106000102,69,166,-97
106000103,175,252,-77
106000104,816,247,569
106000105,362,478,-116
106000106,912,225,687
106000107,74,263,-189
106000108,399,114,285
106000109,129,184,-55
106000110,365,52,313
106000111,132,105,27
106000112,258,488,-230
106000113,272,285,-13
106000114,325,453,-128
106000115,134,264,-130
106000116,319,79,240
106000117,512,307,205
106000118,881,747,134
106000119,497,259,238
106000120,655,1189,-534
106000121,253,79,174
106000122,210,167,43
106000123,843,33,810
106000124,88,105,-17
106000125,15,121,-106
106000126,408,23,385
106000127,970,325,645
106000128,857,101,756
106000129,419,261,158
106000130,1015,125,890
106000131,25,440,-415
106000132,370,80,290
106000133,701,967,-266
106000134,239,2368,-2129
106000135,155,379,-224
106000136,776,1168,-392
106000137,101,406,-305
106000138,2069,43,2026
106000139,45,66,-21
106000140,5,0,5
106000141,7,10,-3
106000142,161,121,40
106000143,3,5,-2
106000144,44,185,-141
106000145,176,61,115
106000146,572,61,511
106000147,278,279,-1
106000148,341,743,-402
106000149,765,406,359
106000150,766,1443,-677
106000151,1663,510,1153
106000152,834,994,-160
106000153,20,938,-918
106000154,931,106,825
106000155,110,153,-43
106000156,1588,83,1505
106000157,339,923,-584
106000158,769,476,293
106000159,990,1129,-139
106000160,533,2399,-1866
106000161,360,83,277
106000162,391,1182,-791
106000163,219,121,98
106000164,744,42,702
106000165,129,140,-11
106000166,886,42,844
106000167,346,239,107
106000168,773,67,706
106000169,143,172,-29
106000170,886,93,793
106000171,200,405,-205
106000172,1584,450,1134
106000173,520,780,-260
106000174,1095,75,1020
106000175,117,149,-32
106000176,1772,264,1508
106000177,669,453,216
106000178,2451,533,1918
106000179,444,341,103
106000180,693,347,346
106000181,1480,778,702
106000182,1644,144,1500
106000183,1658,161,1497
106000184,864,289,575
106000185,1033,1100,-67
106000186,243,42,201
106000187,44,617,-573
106000188,0,0,0
106000189,12,6,6
106000190,77,0,77
106000191,361,93,268
106000192,1,2,-1
106000193,146,114,32
106000194,33,159,-126
106000195,155,100,55
106000196,40,312,-272
106000197,511,122,389
106000198,129,58,71
106000199,459,1087,-628
106000200,150,105,45
106000201,166,5188,-5022
106000202,1266,328,938
106000203,6,52,-46
106000204,75,5,70
106000205,21,100,-79
106000206,76,9,67
106000207,3,127,-124
106000208,1457,51,1406
106000209,2138,163,1975
106000210,207,301,-94
106000211,192,469,-277
106000212,1211,221,990
106000213,80,817,-737
106000214,827,252,575
106000215,283,208,75
106000216,539,124,415
106000217,182,196,-14
106000218,373,80,293
106000219,68,103,-35
106000220,547,93,454
106000221,287,79,208
106000222,66,35,31
106000223,362,24,338
106000224,159,65,94
106000225,92,64,28
106000226,26,98,-72
106000228,2,6,-4
106000229,120,117,3
106000231,1023,23,1000
106000232,50,88,-38
106000233,521,31,490
106000234,8,156,-148
106000235,61,156,-95
106000236,24,117,-93
106000237,1,7,-6
106000238,17,40,-23
106000239,0,49,-49
106000240,7,9,-2
106000241,3,446,-443
106000242,152,9,143
106000249,103,39,64
106000250,48,472,-424
106000251,97,15,82
106000252,5,13,-8
106000253,92,19,73
106000254,40,9,31
106000255,62,42,20
106000256,2,3,-1
106000257,26,154,-128
106000258,49,69,-20
106000259,3,51,-48
106000260,2,1,1
106000261,0,53,-53
106000262,41,3,38
106000263,17,32,-15
106000264,129,6,123
106000265,14,29,-15
106000266,173,4,169
106000267,7,55,-48
106000268,172,19,153
106000269,16,25,-9
106000270,63,99,-36
106000271,98,24,74
106000272,57,19,38
106000273,8,57,-49
106000274,122,7,115
106000275,186,78,108
106000276,17,6,11
106000277,104,103,1
106000278,55,6,49
106000279,8,4,4
106000280,78,16,62
106000281,39,11,28
106000282,72,13,59
106000283,47,20,27
106000284,151,14,137
106000285,38,39,-1
106000286,80,15,65
106000287,55,29,26
106000288,76,23,53
106000289,54,9,45
106000290,61,15,46
106000291,82,10,72
106000292,31,7,24
106000293,37,20,17
106000294,58,12,46
106000295,31,12,19
106000296,7,12,-5
106000297,14,83,-69
106000298,45,50,-5
106000299,43,15,28
106000300,55,29,26
106000301,46,51,-5
106000303,85,6,79
106000304,14,2,12
106000305,51,22,29
106000306,8,10,-2
106000307,124,3,121
106000308,7,35,-28
106000309,8,43,-35
106000310,228,160,68
106000311,389,49,340
106000312,140,68,72
106000313,194,51,143
106000318,18,164,-146
106000319,884,256,628
106000320,0,110,-110
106000321,74,285,-211
106000322,167,66,101
106000324,76,126,-50
106000325,1615,425,1190
106000326,482,525,-43
106000327,281,49,232
106000328,16,24,-8
106000329,32,126,-94
106000330,17,64,-47
106000428,74,188,-114
106000429,106,183,-77
106000430,241,539,-298
106000431,1877,176,1701
106000432,370,697,-327
106000433,1939,689,1250
106000434,2900,865,2035
106000435,535,769,-234
106000436,1,102,-101
106000437,605,74,531
106000438,115,312,-197
106000439,19,371,-352
106000440,153,203,-50
106000441,10,1,9
106000442,182,2,180
106000443,220,96,124
106000450,1,88,-87
106000451,37,109,-72
106000454,1,41,-40
106000455,0,102,-102
106000456,75,42,33
106000457,16,166,-150
106000458,1327,107,1220
106000459,177,46,131
106000460,2214,56,2158
106000461,120,137,-17
106000462,0,29,-29
106000463,0,12,-12
106000464,0,119,-119
106000465,818,1,817
106000466,0,172,-172
106000467,32,161,-129
106000468,146,62,84
106000469,162,2,160
106000470,58,1166,-1108
106000471,1,195,-194
106000472,126,11,115
106000473,10,3,7
106000474,179,340,-161
106000475,328,278,50
106000476,150,241,-91
106000477,0,2,-2
106900001,0,1,-1
106900002,0,86,-86
106900003,20,370,-350
106900004,1,7,-6
106900006,0,4,-4
106900007,0,4,-4
106900008,457,19,438
106900009,400,111,289
106900010,264,99,165
106900012,464,2391,-1927
106900013,477,207,270
106900014,67,6,61
106900015,5,0,5
106900016,468,27,441
106900017,11,0,11
106900018,32,0,32
106900019,142,0,142
106900020,603,1360,-757
106900021,85,31,54
106900022,1814,19,1795
106900023,25,34,-9
106900024,532,33,499
106900025,4,122,-118
106900026,0,103,-103
106900027,1007,8,999
107000001,2210,2321,-111
107000002,842,733,109
107000003,6434,6160,274
107000004,2410,860,1550
107000005,6575,4248,2327
107000006,1923,834,1089
107000007,3621,4580,-959
107000008,2312,1517,795
107000009,7411,5401,2010
107000010,3334,2507,827
107000011,338,334,4
107000012,1371,950,421
107000013,35,18,17
107000014,52,10,42
107000015,272,153,119
107000016,523,232,291
107000017,577,704,-127
107000018,2,645,-643
107000020,619,820,-201
107000021,539,330,209
107000022,811,1001,-190
107000023,1055,131,924
107000024,813,1349,-536
107000025,273,206,67
107000026,347,364,-17
107000027,1139,350,789
107000028,993,423,570
107000029,3047,1903,1144
107000030,1439,1074,365
107000031,4005,1560,2445
107000032,166,487,-321
107000033,1087,1832,-745
107000034,1998,451,1547
107000035,228,149,79
107000036,369,739,-370
107000037,73,528,-455
107000038,109,95,14
107000039,523,584,-61
107000040,143,100,43
107000041,668,241,427
107000042,252,1249,-997
107000043,831,327,504
107000044,220,156,64
107000045,29,111,-82
107000046,516,143,373
107000047,207,347,-140
107000048,368,144,224
107000049,303,331,-28
107000050,531,224,307
107000051,266,237,29
107000052,622,1147,-525
107000053,309,256,53
107000054,19,129,-110
107000055,136,104,32
107000056,404,442,-38
107000057,805,163,642
107000058,2132,1689,443
107000059,1079,1366,-287
107000060,4747,3466,1281
107000061,2438,1144,1294
107000062,5833,1999,3834
107000063,1760,1455,305
107000064,4292,2574,1718
107000065,1757,1984,-227
107000066,982,1810,-828
107000067,677,496,181
107000068,601,583,18
107000069,886,612,274
107000070,1180,7,1173
107000071,3253,23,3230
107000072,4,713,-709
107000073,967,455,512
107000074,63,237,-174
107000075,1928,110,1818
107000076,120,482,-362
107000077,2572,326,2246
107000078,266,622,-356
107000079,2853,640,2213
107000080,290,709,-419
107000081,3782,378,3404
107000082,290,370,-80
107000083,1368,516,852
107000084,113,323,-210
107000085,1765,1561,204
107000086,1387,1179,208
107000087,2059,1249,810
107000088,1314,1290,24
107000089,1302,1043,259
107000090,621,341,280
107000091,1166,520,646
107000092,536,367,169
107000093,1066,604,462
107000094,400,435,-35
107000095,1327,690,637
107000096,339,404,-65
107000097,704,381,323
107000098,102,434,-332
107000099,312,300,12
107000100,74,259,-185
107000101,102,165,-63
107000102,222,272,-50
107000103,332,155,177
107000104,179,254,-75
107000105,386,91,295
107000106,119,143,-24
107000107,815,143,672
107000108,135,241,-106
107000109,884,161,723
107000110,43,140,-97
107000111,529,32,497
107000112,6,123,-117
107000113,977,57,920
107000114,6,308,-302
107000115,768,170,598
107000116,69,338,-269
107000117,101,828,-727
107000118,28,100,-72
107000119,717,1516,-799
107000120,661,494,167
107000121,687,231,456
107000122,406,327,79
107000123,575,205,370
107000124,469,214,255
107000125,963,188,775
107000126,907,256,651
107000127,10,269,-259
107000129,119,406,-287
107000130,343,991,-648
107000131,268,752,-484
107000132,506,196,310
107000133,269,105,164
107000134,257,0,257
107000135,1,181,-180
107000136,341,0,341
107000137,0,133,-133
107000138,36,14,22
107000139,0,223,-223
107000140,1140,22,1118
107000141,67,440,-373
107000142,360,45,315
107000143,15,357,-342
107000144,222,542,-320
107000145,44,221,-177
107000146,205,260,-55
107000147,2120,334,1786
107000150,75,3626,-3551
107000151,21,5,16
107000152,197,2310,-2113
107000153,81,101,-20
107000154,1,115,-114
107000155,1005,6,999
107000156,1244,6,1238
107000157,3,399,-396
107000158,773,1,772
107000159,3,172,-169
107000160,1782,80,1702
107000161,20,277,-257
107000162,128,483,-355
107000163,233,3,230
107000164,1051,3,1048
107000165,1406,26,1380
107000166,3,174,-171
107000167,676,91,585
107000168,931,260,671
107000169,221,192,29
107000170,3507,457,3050
107000171,269,283,-14
107000172,1495,1745,-250
107000173,266,214,52
107000174,901,5378,-4477
107000175,1630,369,1261
107000176,2,0,2
107000177,6,0,6
107000178,13,3,10
107000179,275,609,-334
107000180,1943,114,1829
107000181,380,374,6
107000182,1900,321,1579
107000183,127,341,-214
107000184,1487,280,1207
107000185,205,650,-445
107000186,890,129,761
107000187,876,685,191
107000188,528,159,369
107000189,705,303,402
107000190,622,271,351
107000191,701,368,333
107000192,1233,175,1058
107000193,394,171,223
107000194,277,145,132
107000197,712,72,640
107000198,253,624,-371
107000199,246,291,-45
107000200,536,388,148
107000201,135,138,-3
107000202,83,373,-290
107000203,177,449,-272
107000204,170,1009,-839
107000205,420,176,244
107000206,145,574,-429
107000207,221,333,-112
107000208,101,198,-97
107000209,291,285,6
107000210,70,185,-115
107000211,15,37,-22
107000212,106,39,67
107000213,1,3,-2
107000214,1,31,-30
107000215,360,90,270
107000216,381,82,299
107000217,114,58,56
107000219,27,120,-93
107000220,45,60,-15
107000222,132,126,6
107000224,350,72,278
107000225,85,149,-64
107000226,477,50,427
107000227,59,120,-61
107000228,40,188,-148
107000229,37,60,-23
107000230,371,187,184
107000231,274,480,-206
107000232,59,9,50
107000233,67,239,-172
107000234,2,55,-53
107000235,18,24,-6
107000236,0,146,-146
107000237,31,0,31
107000238,40,1,39
107000239,1098,291,807
107000240,30,129,-99
107000241,17,7,10
107000242,68,5,63
107000243,0,24,-24
107000244,2,16,-14
107000246,5,286,-281
107000249,0,466,-466
107000251,3,58,-55
107000252,0,97,-97
107000255,124,97,27
107000257,1,463,-462
107000258,16,166,-150
107000259,0,71,-71
107000260,1980,4,1976
107000262,10,131,-121
107000263,438,2,436
107000266,4,14,-10
107000267,26,68,-42
107000268,90,20,70
107000269,6,4,2
107000270,205,64,141
107000271,0,0,0
107000272,133,3,130
107000273,0,69,-69
107000274,389,67,322
107000275,2,480,-478
107000280,1189,11,1178
107000281,4,153,-149
107000282,12,247,-235
107000290,10,20,-10
107000291,9,7,2
107000292,1,81,-80
107000293,21,6,15
107000294,0,74,-74
107000295,26,4,22
107000296,0,6,-6
107000444,173,2,171
107000496,1,4,-3
107000497,569,536,33
107000500,328,56,272
107000501,41,62,-21
107000502,161,134,27
107000505,131,330,-199
107000506,0,2,-2
107000508,1,43,-42
107000509,83,372,-289
107000510,43,19,24
107000514,64,510,-446
107000515,4,50,-46
107000516,549,175,374
107000518,1161,1777,-616
107000519,386,188,198
107000520,135,15,120
107900001,106,30,76
107900002,32,4,28
107900003,279,2,277
107900004,198,1,197
107900005,2348,29,2319
107900006,103,10,93
107900007,308,15,293
107900008,30,18,12
107900009,151,8,143
107900010,35,3,32
107900012,328,48,280
107900013,106,3,103
107900014,54,1,53
107900015,1796,20,1776
107900016,74,41,33
107900017,51,0,51
107900018,104,384,-280
107900019,34,16,18
107900020,16,51,-35
107900021,92,8,84
107900023,1,6,-5
107900024,0,2,-2
107900025,142,49,93
107900026,9,15,-6
107900027,5,266,-261
107900028,180,11,169
107900030,232,5,227
107900031,124,38,86
107900032,41,0,41
107900033,7,12,-5
107900034,214,5,209
107900035,1633,62,1571
107900036,86,25,61
107900037,0,7,-7
107900038,19,238,-219
107900039,12,26,-14
107900040,6,684,-678
107900041,0,1,-1
107900043,105,55,50
107900044,5,12,-7
107900045,90,42,48
107900046,404,136,268
107900047,70,8,62
107900048,279,23,256
107900049,46,945,-899
107900050,16,80,-64
107900051,35,13,22
107900052,2,93,-91
107900053,106,54,52
107900055,268,112,156
107900056,62,90,-28
107900057,2,0,2
107900058,15,104,-89
107900060,5,20,-15
107900061,0,19,-19
107900063,56,45,11
107900064,93,344,-251
107900065,531,8,523
107900066,4,8,-4
107900067,0,0,0
107900068,60,341,-281
107900069,3,2407,-2404
107900070,134,114,20
107900071,5,125,-120
107900072,157,18,139
107900073,63,42,21
107900074,72,99,-27
107900076,131,27,104
107900077,53,2,51
107900078,87,16,71
107900079,15,7,8
107900080,7,170,-163
107900081,19,18,1
107900082,1,0,1
107900083,298,162,136
107900084,68,111,-43
107900086,25,167,-142
107900087,85,31,54
107900088,76,1,75
107900089,81,263,-182
107900090,225,1261,-1036
107900091,54,108,-54
107900092,707,79,628
107900093,40,21,19
107900095,641,903,-262
107900097,43,22,21
107900098,89,166,-77
107900100,140,1138,-998
107900101,130,39,91
107900102,28,1,27
107900103,55,39,16
107900104,474,2,472
107900105,0,31,-31
107900106,0,165,-165
107900107,471,211,260
107900108,39,21,18
107900109,1830,34,1796
107900110,58,3,55
107900111,0,154,-154
107900112,32,195,-163
107900113,246,22,224
107900114,306,46,260
107900115,1,10,-9
107900116,223,27,196
107900117,99,104,-5
107900118,6,48,-42
107900119,103,184,-81
107900120,30,8,22
107900121,0,22,-22
107900122,0,12,-12
107900123,1,19,-18
107900124,12,24,-12
107900125,25,25,0
107900126,21,14,7
107900127,843,163,680
107900128,34,22,12
107900129,108,1,107
107900130,136,7,129
107900131,10,16,-6
107900132,1,85,-84
107900133,0,22,-22
107900134,5,30,-25
107900135,0,20,-20
107900136,12,20,-8
107900137,36,12,24
107900138,64,16,48
107900139,71,23,48
107900140,83,33,50
107900141,11,12,-1
107900142,2,112,-110
107900143,6,11,-5
107900144,1,11,-10
107900145,1,18,-17
107900146,23,25,-2
107900147,25,9,16
107900148,141,110,31
107900149,263,34,229
107900150,0,73,-73
107900151,79,15,64
107900152,2,54,-52
107900153,14,114,-100
107900154,23,6,17
107900155,48,0,48
107900156,5,21,-16
107900157,4,49,-45
107900158,1219,65,1154
107900159,0,117,-117
107900160,105,65,40
107900161,61,28,33
107900162,0,43,-43
107900163,4,25,-21
107900164,6,10,-4
107900165,4,88,-84
107900166,26,28,-2
107900167,2,84,-82
107900168,45,0,45
107900169,0,268,-268
107900171,0,154,-154
107900172,7,44,-37
107900173,36,37,-1
107900174,124,6,118
107900175,2,52,-50
107900176,18,1,17
107900177,0,77,-77
107900178,0,54,-54
107900179,7,17,-10
107900180,59,879,-820
107900181,95,582,-487
107900182,0,132,-132
107900183,37,35,2
107900184,44,116,-72
107900185,120,4,116
107900186,8,15,-7
107900187,0,16,-16
107900188,209,36,173
107900189,3,23,-20
107900190,22,28,-6
107900191,38,70,-32
107900193,1,34,-33
107900194,114,4,110
107900195,534,70,464
107900196,50,2,48
107900197,66,90,-24
107900199,0,181,-181
107900201,53,39,14
107900203,27,36,-9
107900204,142,108,34
107900205,71,84,-13
107900206,47,308,-261
107900207,0,83,-83
107900208,1,119,-118
107900209,85,26,59
107900210,19,9,10
107900213,113,178,-65
107900214,27,43,-16
107900215,134,192,-58
107900216,4,23,-19
107900217,41,26,15
107900218,2,316,-314
107900219,9,2,7
107900220,7,78,-71
107900221,29,79,-50
107900223,67,27,40
107900224,19,240,-221
107900225,0,125,-125
107900226,4,83,-79
107900227,50,121,-71
107900228,19,55,-36
107900229,2,46,-44
107900230,32,22,10
107900231,36,12,24
107900232,134,16,118
107900233,0,53,-53
107900234,136,61,75
107900235,13,53,-40
107900236,183,77,106
107900237,27,248,-221
107900238,24,12,12
107900239,125,407,-282
107900240,29,12,17
107900241,0,24,-24
107900242,3,39,-36
107900243,1,11,-10
107900244,242,24,218
107900245,872,56,816
107900246,221,39,182
107900248,699,70,629
107900249,913,90,823
107900250,0,140,-140
107900251,7,132,-125
107900252,588,39,549
107900253,159,19,140
107900254,12,116,-104
107900255,30,35,-5
107900256,262,917,-655
107900257,316,110,206
107900258,63,24,39
107900259,15,2306,-2291
107900261,0,83,-83
107900262,45,36,9
107900264,272,6,266
107900265,44,58,-14
107900267,376,22,354
107900268,0,0,0
107900269,0,1,-1
107900270,1,0,1
107900271,0,24,-24
107900272,29,49,-20
107900273,28,45,-17
107900274,132,0,132
107900275,17,0,17
107900276,0,42,-42
107900277,1,19,-18
107900278,400,82,318
107900279,14,45,-31
107900280,806,379,427
107900281,459,5374,-4915
107900282,19,794,-775
107900283,468,537,-69
107900284,665,276,389
107900285,150,23,127
107900286,6,2,4
107900287,460,84,376
107900290,0,227,-227
107900291,454,3,451
107900292,104,47,57
107900293,30,159,-129
107900295,20,6,14
107900297,3,141,-138
107900298,387,322,65
107900299,2469,2090,379
107900300,113,303,-190
107900301,294,389,-95
107900302,51,2,49
107900303,425,175,250
107900304,404,67,337
107900305,290,0,290
107900306,1,43,-42
107900307,8,137,-129
107900308,237,76,161
107900309,18,0,18
107900310,26,0,26
107900311,233,336,-103
107900312,51,0,51
107900313,1,71,-70
107900314,2,85,-83
107900315,1,41,-40
107900316,32,0,32
107900317,36,3,33
107900318,2,189,-187
107900319,0,25,-25
107900320,1,36,-35
107900321,141,2,139
107900322,1,8,-7
107900323,12,35,-23
107900324,77,4,73
107900325,223,5,218
107900326,434,80,354
107900327,5,35,-30
107900328,0,0,0
107900329,2,42,-40
107900330,13,69,-56
107900331,503,6,497
107900332,472,2,470
107900333,89,2,87
107900334,7,86,-79
107900335,36,10,26
107900336,33,9,24
107900337,398,954,-556
107900338,0,71,-71
107900339,0,6,-6
107900340,0,79,-79
107900341,21,0,21
107900342,133,249,-116
107900343,34,1,33
107900344,6,455,-449
107900345,44,5,39
107900346,9,0,9
107900347,19,1,18
107900348,0,4,-4
107900349,2,18,-16
107900350,2,116,-114
108000001,3527,1793,1734
108000002,669,1042,-373
108000003,2192,1178,1014
108000004,4964,5569,-605
108000005,6740,2885,3855
108000006,1978,1866,112
108000007,4486,2135,2351
108000008,1472,1727,-255
108000009,4828,2420,2408
108000010,1424,1579,-155
108000011,10725,6232,4493
108000012,4645,5036,-391
108000014,331,1056,-725
108000015,677,134,543
108000016,184,405,-221
108000017,1098,173,925
108000018,1397,361,1036
108000019,420,242,178
108000020,690,238,452
108000021,142,418,-276
108000022,290,398,-108
108000023,1259,117,1142
108000024,324,156,168
108000025,405,64,341
108000026,765,96,669
108000027,577,86,491
108000028,900,89,811
108000029,594,116,478
108000030,389,121,268
108000031,87,254,-167
108000032,2223,363,1860
108000033,426,256,170
108000034,1899,273,1626
108000035,258,464,-206
108000036,212,428,-216
108000037,1852,151,1701
108000038,3433,157,3276
108000039,222,566,-344
108000040,1922,483,1439
108000041,235,684,-449
108000042,782,39,743
108000043,74,87,-13
108000044,2302,51,2251
108000045,65,216,-151
108000046,1693,124,1569
108000047,175,252,-77
108000048,65,100,-35
108000049,710,92,618
108000050,38,143,-105
108000051,367,173,194
108000052,78,208,-130
108000053,331,133,198
108000054,165,415,-250
108000055,775,221,554
108000056,204,484,-280
108000057,553,885,-332
108000058,1270,2773,-1503
108000059,1121,635,486
108000060,194,271,-77
108000061,30,154,-124
108000062,937,277,660
108000063,338,185,153
108000064,271,97,174
108000065,390,285,105
108000066,1107,468,639
108000067,1900,522,1378
108000068,1061,178,883
108000069,64,367,-303
108000070,2233,201,2032
108000071,367,478,-111
108000072,1401,293,1108
108000073,438,433,5
108000074,882,186,696
108000075,169,164,5
108000076,956,187,769
108000077,229,206,23
108000078,2764,566,2198
108000079,229,311,-82
108000080,1821,156,1665
108000081,214,373,-159
108000082,321,369,-48
108000083,1513,287,1226
108000084,126,307,-181
108000085,1013,265,748
108000086,159,171,-12
108000087,89,1718,-1629
108000088,275,4,271
108000089,148,202,-54
108000090,841,70,771
108000091,70,322,-252
108000092,385,27,358
108000093,217,208,9
108000094,1096,44,1052
108000095,78,150,-72
108000096,833,101,732
108000097,74,161,-87
108000098,2166,617,1549
108000099,315,50,265
108000100,192,212,-20
108000101,1297,566,731
108000102,978,2165,-1187
108000106,626,0,626
108000107,4,442,-438
108000108,581,69,512
108000109,1,206,-205
108000110,396,116,280
108000111,152,317,-165
108000112,33,105,-72
108000113,191,104,87
108000115,172,181,-9
108000117,270,253,17
108000118,21,149,-128
108000119,403,113,290
108000120,137,588,-451
108000121,247,186,61
108000122,679,182,497
108000123,570,126,444
108000124,260,116,144
108000125,539,144,395
108000126,174,88,86
108000127,558,158,400
108000128,688,43,645
108000129,131,143,-12
108000130,502,115,387
108000131,656,95,561
108000132,141,226,-85
108000133,1366,132,1234
108000134,197,103,94
108000135,1491,376,1115
108000136,118,123,-5
108000137,447,98,349
108000138,373,252,121
108000139,604,167,437
108000140,515,4,511
108000141,21,15,6
108000142,16,33,-17
108000143,8,11,-3
108000144,169,7,162
108000145,60,1,59
108000146,175,2,173
108000147,33,24,9
108000148,147,20,127
108000149,1,12,-11
108000150,94,17,77
108000151,11,23,-12
108000152,34,56,-22
108000153,665,54,611
108000154,24,2,22
108000155,55,50,5
108000156,193,106,87
108000157,43,1563,-1520
108000158,10,514,-504
108000159,76,103,-27
108000160,1226,981,245
108000161,812,3017,-2205
108000165,0,303,-303
108000172,11,137,-126
108000173,494,1455,-961
108000175,450,42,408
108000178,171,150,21
108000179,39,687,-648
108000181,88,12,76
108000182,67,5,62
108000183,0,3,-3
108000184,163,2335,-2172
108000185,179,125,54
108000186,445,13,432
108000187,61,116,-55
108000188,1274,48,1226
108000189,153,1381,-1228
108000190,1,42,-41
108000192,201,115,86
108000193,179,20,159
108000194,10,1,9
108000195,0,410,-410
108000196,73,124,-51
108000198,375,48,327
108000199,0,85,-85
108000200,916,36,880
108000202,0,111,-111
108000203,81,110,-29
108000204,193,61,132
108000205,73,115,-42
108000339,376,266,110
108000364,79,118,-39
108000365,22,166,-144
108000367,46,109,-63
108000368,15,16,-1
108000369,181,38,143
108000371,3,448,-445
108000372,562,0,562
108000373,181,61,120
108000376,110,17,93
108000377,784,88,696
108000378,7195,9382,-2187
108000379,4,54,-50
108000381,198,9,189
108000382,45,0,45
108000383,0,54,-54
108900001,10,111,-101
108900002,130,33,97
108900003,38,199,-161
108900004,93,428,-335
108900005,49,149,-100
108900006,654,128,526
108900007,339,53,286
108900008,253,29,224
108900009,105,85,20
108900010,559,62,497
108900011,1075,80,995
108900012,538,113,425
108900013,270,108,162
108900014,19,63,-44
108900015,1,182,-181
108900016,2,176,-174
108900017,41,152,-111
108900018,146,235,-89
108900019,1,101,-100
108900020,51,42,9
108900021,82,35,47
108900022,46,75,-29
108900023,262,7,255
108900024,26,21,5
108900025,238,11,227
108900026,49,46,3
108900028,89,61,28
108900029,32,85,-53
108900031,59,52,7
108900032,0,114,-114
108900034,0,34,-34
108900035,206,386,-180
108900036,82,135,-53
108900037,24,115,-91
108900039,0,66,-66
108900040,6,59,-53
108900041,2057,2097,-40
108900042,2,232,-230
108900043,54,317,-263
108900045,72,75,-3
108900046,14,24,-10
108900047,0,95,-95
108900048,31,122,-91
108900049,658,1600,-942
108900050,1,95,-94
108900051,0,55,-55
108900052,24,73,-49
108900053,21,219,-198
108900054,85,50,35
108900055,18,112,-94
108900056,1,51,-50
108900057,0,49,-49
108900058,57,115,-58
108900059,646,61,585
108900060,51,96,-45
108900061,19,14,5
108900062,1,105,-104
108900063,48,49,-1
108900064,421,32,389
108900065,10,47,-37
108900066,350,42,308
108900067,4,83,-79
108900068,0,12,-12
108900069,104,24,80
108900070,8,17,-9
108900071,221,15,206
108900072,1012,150,862
108900073,6,392,-386
108900074,426,61,365
108900075,6,19,-13
108900076,468,18,450
108900077,61,1250,-1189
108900078,47,25,22
108900079,124,52,72
108900080,23,771,-748
108900081,41,105,-64
108900082,100,26,74
108900083,16,217,-201
108900084,95,51,44
108900085,1102,57,1045
108900086,140,48,92
108900087,42,71,-29
108900088,235,132,103
108900089,8,85,-77
108900090,78,65,13
108900091,70,29,41
108900092,350,101,249
108900093,83,42,41
108900094,187,40,147
108900095,5,69,-64
108900096,139,2,137
108900097,192,62,130
108900098,669,1063,-394
108900099,239,63,176
108900100,80,51,29
108900101,138,96,42
108900102,13,1087,-1074
108900103,131,105,26
108900104,48,90,-42
108900105,2,1786,-1784
108900106,346,86,260
108900108,231,7,224
108900109,76,26,50
108900110,74,41,33
108900111,307,99,208
108900112,220,15,205
108900113,65,41,24
108900114,2,1,1
108900115,193,54,139
108900116,56,4,52
108900117,273,5,268
108900119,548,15,533
108900120,168,148,20
108900121,258,56,202
108900122,271,19,252
108900123,310,44,266
108900124,622,47,575
108900126,95,59,36
108900127,275,64,211
108900128,189,7,182
108900129,923,44,879
108900131,475,1,474
108900132,432,7,425
108900133,320,26,294
108900134,652,35,617
108900135,316,4,312
108900137,269,1,268
108900138,583,9,574
108900139,653,27,626
108900140,605,28,577
108900141,631,20,611
108900142,47,4,43
108900143,0,0,0
108900144,130,1,129
108900145,182,10,172
108900146,144,5,139
108900147,338,4,334
108900148,31,8,23
108900149,198,266,-68
108900150,216,9,207
108900151,54,15,39
108900152,159,94,65
108900153,169,50,119
108900154,4406,161,4245
108900155,144,24,120
108900156,84,4,80
108900157,3,90,-87
108900158,523,14,509
108900159,10,62,-52
108900160,12,106,-94
108900161,7,141,-134
108900162,204,24,180
108900163,3,311,-308
108900164,34,13,21
108900165,38,10,28
108900167,300,8486,-8186
108900168,3596,1582,2014
108900169,49,51,-2
108900171,1437,3392,-1955
108900172,193,24,169
108900173,45,124,-79
108900174,1091,77,1014
108900176,45,352,-307
108900177,1671,6782,-5111
108900178,1083,3622,-2539
108900179,75,1013,-938
108900180,94,163,-69
108900182,74,226,-152
108900183,92,90,2
108900184,341,169,172
108900185,34,135,-101
108900186,35,156,-121
108900187,731,11,720
108900188,882,35,847
108900189,164,14,150
108900190,12,696,-684
108900191,40,155,-115
108900192,47,92,-45
108900193,19,19,0
108900194,0,55,-55
108900195,29,58,-29
108900196,4,96,-92
108900198,0,135,-135
108900199,154,61,93
108900200,619,238,381
108900201,180,368,-188
108900203,523,23,500
108900204,286,3,283
108900205,187,2,185
108900206,310,24,286
108900207,297,145,152
108900208,5,99,-94
108900209,191,127,64
108900210,118,78,40
108900211,91,361,-270
108900212,38,947,-909
108900215,43,143,-100
108900216,145,216,-71
108900217,77,0,77
108900218,57,14,43
108900219,14,1,13
108900220,14,12,2
108900221,37,47,-10
108900222,160,19,141
108900223,3,109,-106
108900224,61,152,-91
108900225,0,102,-102
108900226,729,7,722
108900227,103,128,-25
108900230,45,46,-1
108900231,4,51,-47
108900232,0,152,-152
108900233,411,52,359
108900234,128,63,65
108900235,85,218,-133
108900236,37,198,-161
108900237,27,53,-26
108900240,165,39,126
108900241,79,40,39
108900245,1,1704,-1703
108900249,66,4,62
108900250,273,35,238
108900257,305,61,244
108900258,5,33,-28
108900259,19,31,-12
108900260,0,11,-11
108900261,4,17,-13
108900262,28,12,16
108900263,20,24,-4
108900264,47,54,-7
108900265,204,294,-90
108900266,79,652,-573
108900267,1,166,-165
108900268,6,6,0
108900269,34,14,20
108900270,78,8,70
108900271,7,2,5
108900272,197,2,195
108900273,131,336,-205
108900274,50,13,37
108900275,8,7,1
108900276,0,24,-24
109000001,2607,2463,144
109000002,277,1164,-887
109000003,2455,358,2097
109000004,216,751,-535
109000005,1897,347,1550
109000006,317,559,-242
109000007,1918,239,1679
109000008,337,579,-242
109000009,3018,441,2577
109000010,309,817,-508
109000011,4177,1286,2891
109000012,720,761,-41
109000013,4856,3456,1400
109000014,837,783,54
109000015,2919,8664,-5745
109000016,1321,800,521
109000017,3306,488,2818
109000018,436,780,-344
109000019,2207,566,1641
109000020,482,587,-105
109000023,105,7,98
109000024,4,100,-96
109000025,224,390,-166
109000026,230,175,55
109000027,61,247,-186
109000028,54,27,27
109000029,76,273,-197
109000030,24,89,-65
109000031,326,35,291
109000032,18,70,-52
109000033,649,87,562
109000034,36,11,25
109000035,3,3,0
109000036,12,339,-327
109000037,285,2863,-2578
109000038,229,176,53
109000039,927,597,330
109000040,1703,14378,-12675
109000041,890,2129,-1239
109000042,437,1419,-982
109000044,535,21,514
109000045,55,50,5
109000046,604,25,579
109000047,27,28,-1
109000048,319,155,164
109000049,67,32,35
109000050,383,124,259
109000051,44,8,36
109000052,384,273,111
109000053,398,79,319
109000054,47,151,-104
109000055,165,178,-13
109000056,99,126,-27
109000057,760,416,344
109000058,163,68,95
109000059,36,639,-603
109000060,59,446,-387
109000061,147,1080,-933
109000062,94,217,-123
109000063,130,47,83
109000064,465,54,411
109000065,208,34,174
109000066,431,39,392
109000067,47,43,4
109000068,321,8,313
109000069,337,6,331
109000070,3,335,-332
109000071,216,29,187
109000072,62,191,-129
109000073,50,80,-30
109000074,12,110,-98
109000075,33,34,-1
109000076,55,90,-35
109000077,145,136,9
109000078,48,82,-34
109000079,82,109,-27
109000080,170,51,119
109000081,171,138,33
109000082,644,77,567
109000083,273,180,93
109000088,192,147,45
109000089,436,76,360
109000090,63,157,-94
109000091,594,68,526
109000092,70,81,-11
109000093,421,80,341
109000094,1178,2,1176
109000095,170,149,21
109000096,1049,40,1009
109000097,14,42,-28
109000098,38,96,-58
109000099,631,82,549
109000100,167,208,-41
109000101,1818,318,1500
109000102,373,201,172
109000103,474,227,247
109000104,2933,184,2749
109000105,262,309,-47
109000106,1684,180,1504
109000107,383,387,-4
109000108,2419,231,2188
109000109,324,221,103
109000110,993,297,696
109000111,391,455,-64
109000112,123,36,87
109000113,153,64,89
109000114,86,84,2
109000115,386,9,377
109000116,13,179,-166
109000117,144,21,123
109000118,3,140,-137
109000119,2011,55,1956
109000120,224,207,17
109000121,904,11,893
109000122,108,226,-118
109000123,18,29,-11
109000124,782,72,710
109000125,1087,137,950
109000126,301,280,21
109000127,1228,40,1188
109000128,411,323,88
109000129,3319,190,3129
109000130,280,308,-28
109000131,696,637,59
109000132,216,634,-418
109000133,82,295,-213
109000134,311,351,-40
109000135,175,273,-98
109000136,123,107,16
109000137,300,126,174
109000138,168,113,55
109000139,464,121,343
109000140,107,140,-33
109000141,400,188,212
109000142,57,105,-48
109000143,52,24,28
109000145,80,75,5
109000146,20,15,5
109000148,877,1385,-508
109000149,3,40,-37
109000150,17,73,-56
109000155,647,591,56
109000156,476,133,343
109000158,21,137,-116
109000159,34,164,-130
109000160,1508,70,1438
109000161,578,302,276
109000162,1843,183,1660
109000163,1020,386,634
109000164,1074,702,372
109000165,1392,249,1143
109000166,1023,94,929
109000167,70,128,-58
109000170,11,33,-22
109000171,76,5,71
109000172,12,22,-10
109000173,0,69,-69
109000174,204,18,186
109000175,22,38,-16
109000176,260,33,227
109000177,22,33,-11
109000178,447,7,440
109000179,1486,4516,-3030
109000180,1675,2051,-376
109000181,18,3,15
109000182,54,9,45
109000183,50,7,43
109000184,68,17,51
109000185,11,19,-8
109000188,181,521,-340
109000189,2769,497,2272
109000190,377,194,183
109000191,298,243,55
109000192,581,87,494
109000193,421,62,359
109000194,309,19,290
109000195,266,72,194
109000196,171,14,157
109000197,173,114,59
109000198,308,21,287
109000199,70,74,-4
109000206,143,5,138
109000207,154,11,143
109000208,149,65,84
109000209,151,56,95
109000210,18,149,-131
109000211,288,60,228
109000214,176,109,67
109000215,106,37,69
109000216,297,356,-59
109000217,71,52,19
109000218,126,124,2
109000221,100,270,-170
109000222,503,62,441
109000223,474,310,164
109000224,98,36,62
109000225,154,9,145
109000226,27,42,-15
109000227,1980,219,1761
109000228,0,204,-204
109000231,0,75,-75
109000232,517,51,466
109000236,199,260,-61
109000241,1359,385,974
109000242,950,240,710
109000293,44,35,9
109000361,36,110,-74
109000364,32,143,-111
109000396,2,155,-153
109000397,892,3,889
109000399,75,128,-53
109000400,70,58,12
109000403,2,1026,-1024
109000406,531,0,531
109000407,25,64,-39
109000408,0,2,-2
109000410,424,51,373
109000411,114,17,97
109900001,63,0,63
109900002,719,17,702
109900003,639,0,639
109900004,84,74,10
109900005,9,0,9
109900006,488,50,438
109900007,1404,93,1311
109900008,0,7,-7
109900009,81,195,-114
109900010,599,22,577
109900011,35,27,8
109900012,299,54,245
109900013,324,37,287
109900014,142,24,118
109900015,79,11,68
109900016,108,6,102
109900017,187,47,140
109900018,77,3,74
109900019,95,18,77
109900020,81,5,76
109900021,18,4,14
109900022,71,71,0
109900023,37,1,36
109900024,2,1,1
109900025,0,9,-9
109900026,0,88,-88
109900027,25,8,17
109900028,234,1495,-1261
109900029,1,50,-49
109900030,4,29,-25
109900031,0,449,-449
109900032,3,140,-137
109900033,2,137,-135
109900034,1,9,-8
109900035,62,49,13
109900036,6,7,-1
109900037,9,130,-121
109900038,75,67,8
109900039,6,0,6
109900040,21,133,-112
109900041,23,62,-39
109900042,6,173,-167
109900044,24,65,-41
109900045,73,36,37
109900046,116,20,96
109900047,69,98,-29
109900048,1,37,-36
109900049,4,19,-15
109900050,0,23,-23
109900051,1,3,-2
109900052,11,83,-72
109900053,1,64,-63
109900054,1413,54,1359
109900055,107,102,5
109900056,24,176,-152
109900057,2,31,-29
109900058,0,9,-9
109900059,1714,62,1652
109900060,706,42,664
109900061,63,30,33
109900062,0,30,-30
109900063,16,266,-250
109900064,441,54,387
109900065,70,35,35
109900066,113,168,-55
109900067,0,77,-77
109900068,108,11,97
109900069,0,4,-4
109900070,18,27,-9
109900071,0,8,-8
109900072,1,31,-30
109900073,601,121,480
109900074,5,9,-4
109900075,15,4,11
109900076,3,50,-47
109900077,17,21,-4
109900078,26,32,-6
109900080,68,44,24
109900081,2,94,-92
109900082,24,41,-17
109900083,1,8,-7
109900084,28,54,-26
109900085,42,76,-34
109900086,81,713,-632
109900087,28,130,-102
109900089,595,43,552
109900090,174,311,-137
109900091,630,37,593
109900092,170,15,155
109900093,1191,86,1105
109900094,37,29,8
109900095,60,115,-55
109900096,27,17,10
109900097,114,0,114
109900098,692,8,684
109900099,424,0,424
109900100,27,0,27
109900101,1401,1,1400
109900102,288,26,262
109900103,4,25,-21
109900104,1221,167,1054
109900105,641,35,606
109900106,436,41,395
109900107,684,21,663
109900108,77,160,-83
109900109,22,45,-23
109900110,17,76,-59
109900111,70,125,-55
109900112,137,98,39
109900113,934,303,631
109900114,114,942,-828
109900115,123,35,88
109900117,1654,54,1600
109900118,91,84,7
109900119,109,119,-10
109900120,30,3,27
109900121,184,31,153
109900122,745,3,742
109900123,0,19,-19
109900124,25,71,-46
109900125,0,46,-46
109900126,591,14,577
109900128,388,5,383
109900130,1637,2561,-924
109900131,12,41,-29
109900132,3,49,-46
109900133,116,69,47
109900134,29,26,3
109900135,46,16,30
109900136,7,17,-10
109900137,187,73,114
109900138,494,57,437
109900140,71,26,45
109900141,948,137,811
109900142,2114,130,1984
109900145,2,444,-442
109900146,31,38,-7
109900148,12,17,-5
109900149,11,9,2
109900150,0,10,-10
109900151,8,44,-36
109900152,2,2,0
109900153,0,16,-16
109900154,11,0,11
109900155,19,9,10
109900157,58,65,-7
109900158,29,15,14
109900159,64,16,48
109900160,94,9,85
109900161,257,10,247
109900162,199,19,180
109900163,186,73,113
109900164,100,131,-31
109900165,35,0,35
109900166,4,39,-35
109900167,87,103,-16
109900168,66,82,-16
109900169,210,36,174
109900170,59,1217,-1158
109900171,249,92,157
109900172,174,160,14
109900173,834,1943,-1109
109900174,24,33,-9
109900175,86,49,37
109900176,52,40,12
109900177,12,31,-19
109900178,1,39,-38
109900179,7,29,-22
109900180,2,0,2
110000001,238,147,91
110000002,426,403,23
110000003,292,494,-202
110000004,326,471,-145
110000005,254,1998,-1744
110000006,140,329,-189
110000007,62,14,48
110000008,13,120,-107
110000009,18,1,17
110000010,40,75,-35
110000011,19,16,3
110000012,299,157,142
110000013,27,406,-379
110000014,542,373,169
110000015,132,421,-289
110000016,311,958,-647
110000017,1581,222,1359
110000018,1391,223,1168
110000019,11,34,-23
110000020,180,77,103
110000021,106,100,6
110000022,1044,37,1007
110000023,1,12,-11
110000024,330,293,37
110000025,731,0,731
110000026,2,54,-52
110000027,258,405,-147
110000028,701,134,567
110000029,324,148,176
110000030,221,308,-87
110000031,160,114,46
110000032,979,121,858
110000033,98,94,4
110000034,794,210,584
110000035,453,338,115
110000036,1384,248,1136
110000037,142,275,-133
110000038,224,692,-468
110000039,660,4360,-3700
110000040,321,150,171
110000041,358,2338,-1980
110000042,49,123,-74
110000043,768,281,487
110000044,54,111,-57
110000045,149,115,34
110000046,0,18,-18
110000047,24,32,-8
110000048,3,71,-68
110000049,0,6,-6
110000050,1,72,-71
110000051,5,3,2
110000052,52,54,-2
110000053,3,5,-2
110000054,72,285,-213
110000055,280,94,186
110000056,70,47,23
110000057,219,249,-30
110000058,539,225,314
110000059,343,267,76
110000060,803,381,422
110000061,245,245,0
110000062,458,326,132
110000063,50,129,-79
110000064,75,27,48
110000065,200,97,103
110000066,53,4,49
110000067,32,39,-7
110000068,255,56,199
110000069,577,17,560
110000071,551,13,538
110000073,9,3,6
110000075,41,6,35
110000076,332,304,28
110000077,113,710,-597
110000078,151,4,147
110000080,90,132,-42
110000081,5,149,-144
110000082,4,166,-162
110000083,104,215,-111
110000084,948,830,118
110000085,450,470,-20
110000086,424,1564,-1140
110000087,18,14,4
110000088,217,123,94
110000089,259,33,226
110000090,81,130,-49
110000091,266,95,171
110000092,6,60,-54
110000093,20,8,12
110000094,215,56,159
110000095,87,712,-625
110000096,759,1651,-892
110000097,510,1642,-1132
110000098,989,180,809
110000099,652,877,-225
110000100,1753,85,1668
110000101,80,73,7
110000102,64,30,34
110000104,285,124,161
110000105,124,120,4
110000106,240,394,-154
110000107,88,175,-87
110000108,78,141,-63
110000109,80,124,-44
110000110,854,2251,-1397
110000111,1562,2037,-475
110000112,91,386,-295
110000113,55,1795,-1740
110000114,264,486,-222
110000115,509,107,402
110000116,41,25,16
110000117,504,86,418
110000118,820,81,739
110000119,582,79,503
110000120,317,42,275
110000121,54,352,-298
110000122,166,152,14
110000123,378,232,146
110000124,1,347,-346
110000125,464,10,454
110000126,192,4,188
110000127,823,23,800
110000128,11,419,-408
110000129,0,127,-127
110000130,223,119,104
110000131,89,80,9
110000132,1,152,-151
110000133,6,145,-139
110000134,40,137,-97
110000135,204,9,195
110000136,46,55,-9
110000137,613,154,459
110000138,600,118,482
110000139,1040,203,837
110000140,557,419,138
110000143,238,249,-11
110000144,1024,993,31
110000145,789,482,307
110000146,596,298,298
110000147,209,525,-316
110000148,600,112,488
110000151,274,727,-453
110000152,280,335,-55
110000153,433,7,426
110000154,20,49,-29
110000155,494,921,-427
110000156,409,630,-221
110000157,322,1174,-852
110000160,150,143,7
110000161,123,151,-28
110000166,955,13,942
110000167,1494,347,1147
110000168,574,492,82
110000169,526,257,269
110000170,149,59,90
110000171,374,50,324
110000172,264,222,42
110000173,227,199,28
110000174,46,108,-62
110000175,1220,39,1181
110000176,25,626,-601
110000177,186,1128,-942
110000178,234,2276,-2042
110000179,925,144,781
110000180,255,135,120
110000181,777,163,614
110000182,145,76,69
110000183,3503,6773,-3270
110000184,192,2595,-2403
110000185,286,306,-20
110000186,385,372,13
110000191,1468,236,1232
110000192,741,16,725
110000193,1299,3,1296
110000194,15,167,-152
110000195,565,49,516
110000196,667,46,621
110000197,100,14,86
110000198,87,14,73
110000199,41,71,-30
110000200,313,266,47
110000201,767,961,-194
110000202,854,337,517
110000203,150,117,33
110000204,1,58,-57
110000205,355,37,318
110000206,169,232,-63
110000207,1578,136,1442
110000208,114,239,-125
110000209,52,166,-114
110000210,1478,222,1256
110000211,641,343,298
110000212,300,1142,-842
110000213,206,18,188
110000214,401,23,378
110000215,70,80,-10
110000216,30,88,-58
110000217,556,27,529
110000218,70,59,11
110000219,409,8,401
110000220,1,35,-34
110000221,542,8,534
110000222,31,81,-50
110000223,3,61,-58
110000224,2,1,1
110000225,85,288,-203
110000226,367,23,344
110000227,164,407,-243
110000228,303,55,248
110000229,1,104,-103
110000230,319,469,-150
110000231,185,261,-76
110000232,57,68,-11
110000233,80,202,-122
110000234,344,189,155
110000235,888,506,382
110000236,387,236,151
110000237,1428,671,757
110000238,793,472,321
110000239,1141,299,842
110000240,0,23,-23
110000242,0,6,-6
110000243,160,24,136
110000244,45,121,-76
110000245,11,207,-196
110000246,1075,136,939
110000247,641,699,-58
110000248,868,273,595
110000249,145,20,125
110000250,13,59,-46
110000251,364,57,307
110000252,548,57,491
110000253,1552,175,1377
110000254,818,175,643
110000255,112,137,-25
110000256,317,96,221
110000257,227,71,156
110000258,23,109,-86
110000259,297,15,282
110000260,54,38,16
110000263,562,24,538
110000264,504,185,319
110000265,903,687,216
110000266,751,924,-173
110000267,22,50,-28
110000268,221,47,174
110000269,0,19,-19
110000270,97,0,97
110000271,736,71,665
110000272,536,508,28
110000273,522,538,-16
110000274,180,2155,-1975
110000275,573,428,145
110000276,135,494,-359
110000277,321,117,204
110000278,253,311,-58
110000279,743,173,570
110000280,788,121,667
110000281,71,20,51
110000282,122,3,119
110000283,4,47,-43
110000284,1,3,-2
110000285,7,69,-62
110000286,9,0,9
110000287,151,1,150
110000288,1,63,-62
110000289,220,2202,-1982
110000290,229,607,-378
110000291,1389,499,890
110000292,373,6382,-6009
110000293,499,302,197
110000294,1554,1555,-1
110000295,86,263,-177
110000296,831,185,646
110000297,2265,88,2177
110000298,11,203,-192
110000299,98,19,79
110000301,402,7,395
110000302,332,283,49
110000303,607,10,597
110000304,126,72,54
110000305,1696,18,1678
110000306,418,234,184
110000307,2362,6,2356
110000308,751,75,676
110000309,0,253,-253
110000310,937,16,921
110000311,3,230,-227
110000312,581,36,545
110000313,1764,535,1229
110000314,0,49,-49
110000315,662,1019,-357
110000316,172,490,-318
110000317,128,327,-199
110000318,0,32,-32
110000319,5,1,4
110000320,10,26,-16
110000321,23,20,3
110000322,103,188,-85
110000323,773,109,664
110000324,890,653,237
110000325,1172,3243,-2071
110000327,274,146,128
110000328,49,184,-135
110000333,840,662,178
110000334,176,491,-315
110000335,633,188,445
110000336,235,456,-221
110000337,1480,311,1169
110000338,298,140,158
110000339,556,125,431
110000340,59,54,5
110000341,455,123,332
110000342,34,0,34
110000343,0,3,-3
110000344,35,184,-149
110000345,126,253,-127
110000346,839,940,-101
110000347,900,254,646
110000348,69,9,60
110000349,8,1,7
110000350,27,0,27
110000351,1595,269,1326
110000352,462,1193,-731
110000353,2041,200,1841
110000354,568,2404,-1836
110000355,244,38,206
110000356,282,4,278
110000357,638,6,632
110000361,43,10,33
110000362,153,36,117
110000363,713,17,696
110000364,290,512,-222
110000365,46,1,45
110000366,2,110,-108
110000367,336,152,184
110000368,3,62,-59
110000369,64,3,61
110000373,0,138,-138
110000374,45,19,26
110000375,38,376,-338
110000376,9,66,-57
110000377,98,208,-110
110000378,3,411,-408
110000379,1222,2277,-1055
110000380,87,13,74
110000383,3,245,-242
110000384,605,35,570
110000385,0,97,-97
110000387,189,0,189
110000388,26,70,-44
110000389,476,38,438
110000391,885,203,682
110000396,217,23,194
110000397,85,15,70
110000398,3,19,-16
110000399,145,3,142
110000587,235,131,104
110000589,223,20,203
110000640,91,36,55
110000652,0,222,-222
110000653,300,173,127
110000654,2,211,-209
110000656,1,130,-129
110000674,100,29,71
110000675,20,10,10
110000676,0,17,-17
110000679,26,417,-391
110000682,74,121,-47
110000683,225,66,159
110000684,1,22,-21
110000685,5,12,-7
110000686,1,37,-36
110000687,5,0,5
110000688,15,1063,-1048
110000689,31,17,14
110000692,11,71,-60
110000693,7,150,-143
110000694,1,56,-55
110000695,35,218,-183
110000696,8,21,-13
110900001,298,12,286
110900002,235,82,153
110900003,1544,47,1497
110900004,541,34,507
110900005,932,3692,-2760
110900006,69,43,26
110900007,237,119,118
110900008,0,9,-9
110900009,199,549,-350
110900010,16,14,2
110900011,4,12,-8
110900012,8,54,-46
110900013,1000,47,953
110900014,339,7,332
110900015,105,441,-336
110900016,41,85,-44
110900017,486,30,456
110900018,477,9,468
110900019,373,18,355
110900020,286,65,221
110900021,95,115,-20
110900022,78,120,-42
110900023,14,167,-153
110900024,34,97,-63
110900025,0,3,-3
110900027,19,42,-23
110900028,0,20,-20
110900029,5,73,-68
110900030,2,24,-22
110900031,3,45,-42
110900032,0,23,-23
110900033,29,65,-36
110900035,5,345,-340
110900036,52,2,50
110900037,117,6,111
110900038,130,24,106
110900039,1,161,-160
110900040,287,5,282
110900041,5,9,-4
110900042,50,36,14
110900043,4,0,4
110900044,39,6,33
110900045,105,95,10
110900046,5,13,-8
110900047,67,363,-296
110900049,123,71,52
110900050,33,0,33
110900051,9,23,-14
110900052,1,75,-74
110900053,111,12,99
110900054,35,95,-60
110900055,5,0,5
110900056,13,61,-48
110900057,0,124,-124
110900058,301,35,266
110900059,219,174,45
110900060,295,31,264
110900061,0,17,-17
110900062,122,82,40
110900063,9,48,-39
110900064,11,0,11
110900065,37,36,1
110900066,10,21,-11
110900067,128,463,-335
110900068,82,52,30
110900069,1,3,-2
110900070,103,37,66
110900071,66,1243,-1177
110900073,0,3,-3
110900074,616,35,581
110900075,616,25,591
110900077,1567,70,1497
110900078,100,6,94
110900079,383,369,14
110900080,131,24,107
110900081,2,10,-8
110900082,217,43,174
110900083,139,50,89
110900084,82,8,74
110900085,39,100,-61
110900086,39,185,-146
110900087,339,36,303
110900088,10,0,10
110900090,20,63,-43
110900091,0,14,-14
110900093,103,67,36
110900095,46,5,41
110900097,53,8,45
110900098,4,10,-6
110900099,12,102,-90
110900100,0,3,-3
110900102,40,0,40
110900105,332,80,252
110900108,27,76,-49
110900111,218,37,181
110900112,507,2,505
110900113,130,55,75
110900115,3,18,-15
110900116,1268,336,932
110900118,23,3884,-3861
110900119,1123,64,1059
110900120,114,20,94
110900121,60,2,58
110900122,437,75,362
110900125,303,527,-224
110900127,70,490,-420
110900128,31,93,-62
110900129,36,580,-544
110900130,54,215,-161
110900131,280,23,257
110900132,507,14,493
110900133,55,33,22
110900135,50,116,-66
110900136,386,16,370
110900137,8,1,7
110900138,98,275,-177
110900139,0,66,-66
110900140,2,1,1
110900141,2,69,-67
110900142,17,17,0
110900143,356,22,334
110900144,0,134,-134
110900145,165,115,50
110900146,166,242,-76
110900147,28,59,-31
110900148,0,35,-35
110900149,2,9,-7
110900150,14,3,11
110900151,1,14,-13
110900152,23,92,-69
110900153,158,20,138
111000001,344,399,-55
111000002,237,584,-347
111000003,1677,879,798
111000004,401,746,-345
111000005,901,887,14
111000006,851,1627,-776
111000007,3005,2562,443
111000008,2147,3032,-885
111000009,333,697,-364
111000010,1298,466,832
111000011,94,777,-683
111000012,176,421,-245
111000013,269,682,-413
111000014,1556,262,1294
111000017,15,424,-409
111000018,38,253,-215
111000020,174,726,-552
111000021,19,76,-57
111000023,58,58,0
111000025,1377,2108,-731
111000029,50,26,24
111000030,29,28,1
111000031,1247,593,654
111000032,414,229,185
111000033,180,59,121
111000034,146,136,10
111000037,453,522,-69
111000038,1182,695,487
111000039,955,601,354
111000040,983,811,172
111000041,150,180,-30
111000042,1439,1310,129
111000043,1650,3140,-1490
111000044,1479,311,1168
111000045,2602,959,1643
111000046,1910,886,1024
111000047,2602,5224,-2622
111000049,65,173,-108
111000050,428,300,128
111000051,341,230,111
111000052,234,365,-131
111000053,73,175,-102
111000054,105,220,-115
111000055,578,660,-82
111000056,109,399,-290
111000057,69,181,-112
111000058,741,95,646
111000059,601,244,357
111000060,4229,558,3671
111000061,833,97,736
111000062,1152,224,928
111000063,1185,762,423
111000064,1199,259,940
111000065,1323,318,1005
111000066,766,183,583
111000067,1139,147,992
111000068,656,157,499
111000069,829,972,-143
111000070,283,262,21
111000071,131,90,41
111000072,1234,422,812
111000073,157,1168,-1011
111000074,1236,698,538
111000075,579,197,382
111000076,585,217,368
111000077,769,465,304
111000078,1325,292,1033
111000079,665,290,375
111000080,496,275,221
111000081,1215,4124,-2909
111000082,791,211,580
111000084,795,329,466
111000085,680,615,65
111000086,1029,377,652
111000087,671,234,437
111000088,2549,2643,-94
111000089,569,378,191
111000090,427,459,-32
111000091,485,205,280
111000092,1677,425,1252
111000093,949,586,363
111000094,1187,546,641
111000095,664,1958,-1294
111000096,548,6110,-5562
111000097,1355,507,848
111000098,136,292,-156
111000099,203,519,-316
111000100,339,422,-83
111000101,197,257,-60
111000102,93,164,-71
111000104,1320,89,1231
111000107,36,227,-191
111000109,947,58,889
111000110,1261,385,876
111000111,3602,111,3491
111000112,2533,157,2376
111000113,689,1985,-1296
111000114,715,3395,-2680
111000115,1967,621,1346
111000116,600,222,378
111000117,230,252,-22
111000118,557,398,159
111000119,1262,317,945
111000120,602,281,321
111000121,255,330,-75
111000122,223,233,-10
111000123,783,799,-16
111000124,330,915,-585
111000125,177,407,-230
111000126,58,194,-136
111000127,914,68,846
111000128,2964,110,2854
111000129,3332,139,3193
111000130,3114,175,2939
111000131,2599,190,2409
111000132,2220,1306,914
111000133,107,23,84
111000134,79,18,61
111000135,67,104,-37
111000136,392,63,329
111000138,18,7,11
111000140,0,0,0
111000141,115,204,-89
111000142,1,75,-74
111000143,4,149,-145
111000144,4,222,-218
111000145,20,1,19
111000146,89,1,88
111000147,13,13,0
111000148,72,42,30
111000149,0,16,-16
111000150,60,8,52
111000151,2,3,-1
111000153,207,97,110
111000154,241,70,171
111000155,158,59,99
111000156,535,124,411
111000157,142,301,-159
111000158,816,454,362
111000159,1623,400,1223
111000160,419,105,314
111000161,4,237,-233
111000162,2,32,-30
111000163,598,376,222
111000164,237,1404,-1167
111000165,466,124,342
111000166,114,78,36
111000167,73,109,-36
111000168,163,125,38
111000169,158,77,81
111000170,109,93,16
111000171,196,143,53
111000172,80,138,-58
111000173,185,347,-162
111000174,255,63,192
111000175,75,80,-5
111000176,515,34,481
111000177,1164,86,1078
111000178,2129,105,2024
111000179,430,43,387
111000180,424,241,183
111000181,1788,82,1706
111000182,255,108,147
111000183,86,381,-295
111000184,279,75,204
111000185,179,128,51
111000186,81,289,-208
111000187,133,49,84
111000188,285,100,185
111000189,95,156,-61
111000190,119,84,35
111000191,115,44,71
111000192,95,162,-67
111000193,119,73,46
111000194,30,68,-38
111000195,43,64,-21
111000196,77,39,38
111000197,623,39,584
111000198,402,13,389
111000199,328,124,204
111000200,704,176,528
111000201,865,41,824
111000202,412,32,380
111000203,386,124,262
111000204,262,810,-548
111000213,132,195,-63
111000214,750,928,-178
111000215,535,439,96
111000217,1595,385,1210
111000218,1411,490,921
111000219,136,84,52
111000220,542,396,146
111000221,78,60,18
111000224,0,89,-89
111000225,276,40,236
111000226,34,0,34
111000227,30,2,28
111000228,6,815,-809
111000229,9,1917,-1908
111000230,83,97,-14
111000231,565,114,451
111000232,747,201,546
111000233,1603,235,1368
111000234,214,312,-98
111000239,24,23,1
111000240,96,288,-192
111000241,31,46,-15
111000242,202,27,175
111000243,141,87,54
111000244,917,67,850
111000245,671,97,574
111000246,785,98,687
111000247,501,102,399
111000248,707,70,637
111000249,516,142,374
111000250,63,25,38
111000251,226,50,176
111000253,35,4,31
111000255,52,3,49
111000257,63,3,60
111000260,27,432,-405
111000261,1784,9,1775
111000271,16,122,-106
111000273,2058,726,1332
111000274,1157,1497,-340
111000275,75,4,71
111000276,164,332,-168
111000277,169,102,67
111000278,305,87,218
111000291,846,9681,-8835
111000298,374,95,279
111000299,510,64,446
111000300,20,105,-85
111000302,428,37,391
111000303,200,45,155
111000312,57,24,33
111000315,0,109,-109
111000320,105,110,-5
111000321,373,94,279
111000322,398,122,276
111000323,347,43,304
111000324,213,64,149
111000325,24,10,14
111000326,133,111,22
111000327,236,125,111
111000328,404,266,138
111000329,0,10,-10
111000330,23,7,16
111000331,16,6,10
111000332,265,293,-28
111000334,92,387,-295
111000335,1054,97,957
111000337,1921,83,1838
111000338,39,14,25
111000339,817,65,752
111000340,72,205,-133
111000341,1642,669,973
111000342,9,435,-426
111000344,984,279,705
111000345,69,97,-28
111000346,3,111,-108
111000347,162,3,159
111000350,56,75,-19
111000351,112,198,-86
111000352,158,43,115
111000353,78,111,-33
111000354,426,23,403
111000355,168,143,25
111000358,123,252,-129
111000360,144,142,2
111000361,169,95,74
111000546,614,83,531
111000547,695,90,605
111000548,86,30,56
111000549,285,34,251
111000550,16,469,-453
111000551,105,47,58
111000552,199,113,86
111000907,295,6,289
111000908,64,0,64
111000916,2757,77,2680
111000917,31,224,-193
111000918,89,137,-48
111000920,514,18,496
111000921,0,38,-38
111000922,638,37,601
111000924,8,277,-269
111000925,3470,1490,1980
111000926,1026,716,310
111000927,2253,3206,-953
111000928,2669,830,1839
111000929,2000,576,1424
111000930,756,1068,-312
111000931,2228,862,1366
111000932,1815,749,1066
111000933,2441,2192,249
111000934,604,787,-183
111000935,2330,680,1650
111000936,666,575,91
111000937,1212,868,344
111000938,770,604,166
111000939,718,5,713
111000940,1201,16,1185
111000941,405,65,340
111000943,1071,103,968
111000944,110,58,52
111000945,115,482,-367
111001109,492,696,-204
111001110,48,106,-58
111001111,94,2,92
111001112,160,4,156
111001113,0,82,-82
111001114,280,29,251
111001115,4,305,-301
111001116,801,5250,-4449
111001117,74,1697,-1623
111001120,80,62,18
111001121,82,60,22
111001122,238,58,180
111001123,357,38,319
111900001,57,8,49
111900002,117,53,64
111900003,1,41,-40
111900004,3,31,-28
111900006,32,31,1
111900007,239,2,237
111900008,333,0,333
111900009,317,3,314
111900010,30,114,-84
111900012,55,35,20
111900013,13,12,1
111900014,1109,5366,-4257
111900015,0,37,-37
111900016,1,44,-43
111900017,1,22,-21
111900018,267,7,260
111900019,0,127,-127
111900020,0,18,-18
111900021,5,19,-14
111900022,5,3,2
111900023,101,14,87
111900024,0,4,-4
111900025,0,26,-26
111900026,0,32,-32
111900027,0,59,-59
111900028,2,66,-64
111900029,0,17,-17
111900030,7,171,-164
111900031,72,42,30
111900032,0,83,-83
111900033,2,16,-14
111900034,19,233,-214
111900035,65,572,-507
111900036,1,67,-66
111900038,65,222,-157
111900039,7,84,-77
111900040,1,99,-98
111900042,24,37,-13
111900043,1,65,-64
111900044,20,131,-111
111900046,8,34,-26
111900048,427,148,279
111900049,2,69,-67
111900050,255,7,248
111900051,2,45,-43
111900052,97,97,0
111900053,406,2329,-1923
111900054,336,1,335
111900055,4,79,-75
111900056,27,337,-310
111900057,215,3,212
111900058,756,262,494
111900059,720,634,86
111900060,399,0,399
111900061,0,52,-52
111900062,34,75,-41
111900063,173,56,117
111900064,27,83,-56
111900065,204,41,163
111900066,215,56,159
111900067,15,71,-56
111900068,36,54,-18
111900069,68,16,52
111900070,277,17,260
111900071,0,31,-31
111900072,21,27,-6
111900073,1102,125,977
111900074,2,28,-26
111900075,35,2,33
111900076,279,37,242
111900077,102,0,102
111900078,518,45,473
111900079,24,38,-14
111900080,51,30,21
111900081,97,72,25
111900082,182,48,134
111900083,194,47,147
111900084,86,1,85
111900085,24,19,5
111900086,198,20,178
111900087,135,0,135
111900088,650,8,642
111900089,106,9,97
111900090,16,62,-46
111900091,854,21,833
111900092,200,0,200
111900093,631,9,622
111900094,136,9,127
111900095,403,18,385
111900096,393,4,389
111900097,181,1,180
111900098,490,6,484
111900099,91,0,91
111900100,169,0,169
111900101,184,5,179
111900102,876,199,677
111900103,48,33,15
111900104,32,13,19
111900105,91,202,-111
111900106,155,12,143
111900107,3,31,-28
111900108,201,297,-96
111900109,172,483,-311
111900110,1065,151,914
111900111,395,7,388
111900112,152,4148,-3996
111900113,135,32,103
111900114,104,18,86
111900115,4,7,-3
111900118,221,24,197
111900119,93,50,43
111900122,15,52,-37
111900123,5,4,1
111900124,21,9,12
111900125,526,81,445
111900126,442,4,438
111900127,2,89,-87
111900128,8,80,-72
111900129,483,65,418
111900130,151,45,106
111900131,451,0,451
111900132,2,130,-128
111900133,2,100,-98
111900134,2,45,-43
111900135,6,33,-27
111900136,5,46,-41
111900137,42,5,37
111900138,26,5,21
111900139,31,25,6
111900140,77,11,66
111900141,129,1,128
111900142,66,13,53
111900143,21,28,-7
111900144,1,15,-14
111900145,0,64,-64
111900146,0,30,-30
111900147,7,94,-87
111900148,4,121,-117
111900149,6,73,-67
111900150,8,12,-4
111900151,4,13,-9
111900152,28,21,7
111900153,237,510,-273
111900154,7,611,-604
111900155,42,142,-100
111900156,93,76,17
111900157,252,28,224
111900158,629,46,583
111900159,447,44,403
111900160,411,0,411
111900161,481,2,479
111900162,51,246,-195
111900163,2,132,-130
111900164,59,28,31
111901113,792,102,690
111901114,456,366,90
111901115,248,7,241
111901116,73,2,71
111901117,18,65,-47
111901118,13,423,-410
111901119,163,10,153
111901120,6,57,-51
111901121,6,39,-33
111901122,2,79,-77
111901123,358,21,337
111901124,498,11,487
111901125,937,84,853
111901126,150,127,23
111901127,504,1421,-917
111901128,8,14,-6
111901129,16,30,-14
111901130,2,61,-59
111901131,2,256,-254
111901132,86,23,63
111901133,99,0,99
111901134,261,1,260
111901135,53,2,51
111901136,71,52,19
111901137,0,12,-12
111901138,10,3,7
111901139,2,19,-17
111901140,12,28,-16
111901141,2,29,-27
111901142,0,33,-33
111901143,1,28,-27
111901144,32,6,26
111901145,15,119,-104
112000001,2821,700,2121
112000002,896,1743,-847
112000003,3230,512,2718
112000004,747,222,525
112000005,3366,3071,295
112000006,428,313,115
112000007,4463,2927,1536
112000008,2575,3544,-969
112000009,2200,841,1359
112000010,2346,3265,-919
112000011,1048,657,391
112000012,2990,3176,-186
112000013,1289,1134,155
112000014,614,2318,-1704
112000015,906,1708,-802
112000016,1372,2442,-1070
112000017,351,2000,-1649
112000024,819,170,649
112000026,1720,1256,464
112000027,412,363,49
112000028,561,522,39
112000029,514,611,-97
112000030,149,9,140
112000031,547,2318,-1771
112000032,127,7,120
112000033,959,1991,-1032
112000034,117,18,99
112000035,50,357,-307
112000036,125,637,-512
112000037,399,561,-162
112000038,547,673,-126
112000039,93,54,39
112000040,21,111,-90
112000041,116,218,-102
112000042,230,51,179
112000050,905,493,412
112000051,860,1369,-509
112000054,691,588,103
112000057,149,118,31
112000058,171,149,22
112000059,396,259,137
112000061,1299,405,894
112000062,330,571,-241
112000063,207,1210,-1003
112000064,1607,1307,300
112000065,596,697,-101
112000066,1793,859,934
112000067,281,245,36
112000068,1867,1376,491
112000069,233,816,-583
112000070,905,653,252
112000071,578,786,-208
112000072,2252,701,1551
112000073,550,915,-365
112000074,631,399,232
112000075,1013,775,238
112000076,1710,1026,684
112000077,811,281,530
112000078,1640,550,1090
112000079,1788,886,902
112000080,704,508,196
112000081,561,846,-285
112000082,1272,287,985
112000083,540,711,-171
112000084,1380,209,1171
112000085,1316,679,637
112000086,1952,506,1446
112000087,930,112,818
112000088,767,305,462
112000089,181,170,11
112000090,131,165,-34
112000091,329,199,130
112000092,2668,349,2319
112000093,829,295,534
112000094,614,329,285
112000095,735,166,569
112000096,654,201,453
112000097,2112,334,1778
112000098,236,313,-77
112000099,673,1582,-909
112000100,2412,371,2041
112000101,486,136,350
112000102,1820,298,1522
112000103,322,194,128
112000105,328,1262,-934
112000106,2214,289,1925
112000107,82,96,-14
112000108,352,977,-625
112000109,92,48,44
112000110,1660,391,1269
112000111,317,962,-645
112000112,1824,166,1658
112000113,493,723,-230
112000114,1788,347,1441
112000115,243,84,159
112000116,486,224,262
112000117,605,250,355
112000118,272,301,-29
112000119,209,267,-58
112000120,68,133,-65
112000121,118,188,-70
112000122,428,84,344
112000123,850,47,803
112000124,547,25,522
112000125,122,100,22
112000126,612,190,422
112000127,1174,1562,-388
112000128,362,359,3
112000129,141,27,114
112000130,307,58,249
112000131,25,34,-9
112000132,187,69,118
112000133,418,23,395
112000134,455,185,270
112000135,1031,388,643
112000136,615,726,-111
112000137,1317,690,627
112000138,739,313,426
112000139,270,341,-71
112000140,100,503,-403
112000141,955,195,760
112000142,82,182,-100
112000143,1182,79,1103
112000144,176,374,-198
112000145,2866,186,2680
112000146,567,861,-294
112000147,2029,908,1121
112000148,463,1437,-974
112000149,461,247,214
112000150,231,126,105
112000151,246,109,137
112000152,681,98,583
112000153,93,55,38
112000154,123,180,-57
112000155,105,76,29
112000157,226,412,-186
112000158,251,114,137
112000159,1121,107,1014
112000167,241,153,88
112000169,63,602,-539
112000173,1538,103,1435
112000175,426,155,271
112000176,809,641,168
112000177,1058,205,853
112000178,54,130,-76
112000179,385,86,299
112000180,296,74,222
112000181,743,294,449
112000182,2025,278,1747
112000183,55,6,49
112000184,524,127,397
112000185,830,94,736
112000187,2372,1695,677
112000195,78,4,74
112000196,61,0,61
112000197,33,97,-64
112000198,10,99,-89
112000199,235,247,-12
112000202,607,4,603
112000216,39,68,-29
112000230,169,2,167
112000231,0,57,-57
112000256,41,216,-175
112000313,32,20,12
112000314,16,63,-47
112000337,51,384,-333
112000352,46,108,-62
112000392,729,379,350
112000398,1570,337,1233
112000399,596,3585,-2989
112000400,717,411,306
112000401,795,531,264
112000402,3412,3519,-107
112000403,827,3763,-2936
112000404,1174,682,492
112000405,2820,2148,672
112000406,1199,754,445
112000407,8077,6428,1649
112000408,3225,1117,2108
112000409,816,890,-74
112000410,126,260,-134
112000411,1637,1165,472
112000412,270,163,107
112000413,1958,6054,-4096
112000414,116,81,35
112000415,88,3,85
112000416,3133,451,2682
112000417,317,53,264
112000421,61,55,6
112000422,261,80,181
112000424,381,1832,-1451
112000425,331,1028,-697
112000426,226,293,-67
112000427,0,28,-28
112000428,339,89,250
112000429,1245,1007,238
112000430,1658,1535,123
112000431,117,98,19
112000432,259,897,-638
112000433,225,204,21
112000437,17,81,-64
112900001,96,0,96
112900002,904,134,770
112900003,106,23,83
112900004,68,148,-80
112900005,321,8,313
112900006,12,39,-27
112900007,88,26,62
112900008,0,32,-32
112900009,317,131,186
112900010,200,70,130
112900011,32,45,-13
112900012,0,13,-13
112900013,2,180,-178
112900014,0,34,-34
112900015,77,207,-130
112900016,1,42,-41
112900017,36,60,-24
112900018,0,87,-87
112900019,2,41,-39
112900020,160,290,-130
112900021,0,60,-60
112900022,23,27,-4
112900023,0,16,-16
112900024,4,16,-12
112900025,63,111,-48
112900026,0,15,-15
112900027,3,119,-116
112900028,15,34,-19
112900029,25,60,-35
112900030,58,31,27
112900031,0,113,-113
112900032,35,49,-14
112900034,1,18,-17
112900035,1,43,-42
112900036,4,53,-49
112900037,22,141,-119
112900038,720,18,702
112900039,1,91,-90
112900040,0,147,-147
112900041,98,550,-452
112900042,135,191,-56
112900043,7,20,-13
112900044,91,75,16
112900045,36,79,-43
112900046,65,31,34
112900047,2,22,-20
112900049,252,8,244
112900050,23,244,-221
112900051,78,163,-85
112900052,11,731,-720
112900053,34,90,-56
112900054,45,74,-29
112900055,61,4,57
112900056,192,157,35
112900057,5,116,-111
112900058,235,188,47
112900059,65,63,2
112900060,6,23,-17
112900061,27,31,-4
112900062,37,30,7
112900063,9,9,0
112900064,29,8,21
112900065,10,5,5
112900066,231,349,-118
112900067,155,45,110
112900068,22,81,-59
112900069,513,585,-72
112900071,23,4,19
112900072,19,3083,-3064
112900073,302,200,102
112900074,63,360,-297
112900075,239,846,-607
112900076,17,28,-11
112900078,195,602,-407
112900079,357,15,342
112900080,175,2,173
112900081,52,333,-281
112900082,561,8,553
112900083,174,140,34
112900084,183,221,-38
112900085,0,1,-1
112900086,153,1,152
112900087,1363,103,1260
112900088,214,3,211
112900089,1151,15,1136
112900090,57,55,2
112900091,348,4,344
112900092,26,519,-493
112900093,1107,15,1092
112900094,188,2,186
112900095,158,0,158
112900096,622,116,506
112900097,86,50,36
112900098,62,0,62
112900099,1397,26,1371
112900100,132,6,126
112900101,401,4,397
112900102,31,44,-13
112900103,235,4,231
112900104,59,0,59
112900105,16,0,16
112900106,255,65,190
112900107,20,0,20
112900108,1,0,1
112900109,213,0,213
112900110,1683,10,1673
112900111,770,3,767
112900112,348,1,347
112900113,0,0,0
112900114,392,3,389
112900115,2436,5,2431
112900116,63,2,61
112900117,120,10,110
112900118,1,9,-8
112900119,143,1,142
112900120,223,109,114
112900121,122,12,110
112900122,3,7,-4
112900123,134,13,121
112900124,2,11,-9
112900125,11,59,-48
112900126,15,79,-64
112900127,250,21,229
112900128,61,143,-82
112900129,1,241,-240
112900130,128,24,104
112900131,2,239,-237
112900132,65,265,-200
112900133,8,1189,-1181
112900134,0,103,-103
112900135,39,21,18
112900136,0,82,-82
112900137,1,344,-343
112900138,1,59,-58
112900139,19,343,-324
112900140,0,253,-253
112900141,534,15,519
112900142,21,97,-76
112900143,0,244,-244
112900144,8,1005,-997
112900145,2,99,-97
112900146,1,42,-41
112900147,0,223,-223
112900148,16,0,16
112900149,45,121,-76
112900151,0,12,-12
112900152,5286,156,5130
112900153,182,1491,-1309
112900154,0,21,-21
112900155,81,4,77
112900156,463,222,241
112900157,450,11,439
112900158,64,0,64
112900159,88,145,-57
112900160,25,67,-42
112900161,63,5,58
112900162,3,31,-28
112900163,1,35,-34
112900164,5,83,-78
112900165,21,22,-1
112900166,3,51,-48
112900167,0,56,-56
112900168,14,0,14
112900169,21,4,17
112900170,140,4,136
112900172,45,15,30
112900173,60,12,48
112900174,228,18,210
112900175,70,84,-14
112900176,11,64,-53
112900177,239,29,210
112900178,222,2448,-2226
112900179,2,455,-453
112900180,1484,2535,-1051
112900181,863,13,850
112900182,42,190,-148
112900183,11,102,-91
112900184,119,179,-60
112900185,28,125,-97
112900186,517,364,153
112900187,13,305,-292
112900188,330,651,-321
112900189,6,0,6
112900190,3,3,0
112900192,325,191,134
112900193,446,100,346
112900194,65,0,65
112900195,344,35,309
112900196,219,156,63
112900197,32,222,-190
112900199,609,47,562
112900200,502,38,464
112900201,197,34,163
112900202,365,182,183
112900203,199,46,153
112900204,216,64,152
112900205,12,0,12
112900206,11,7,4
112900207,31,0,31
112900208,52,119,-67
112900209,37,133,-96
112900210,0,1,-1
112900211,43,20,23
112900212,2,8,-6
112900213,36,1,35
112900214,4,3,1
112900215,13,11,2
112900216,22,6,16
112900217,2,4,-2
112900218,75,1,74
112900219,88,13,75
112900220,0,0,0
112900221,20,28,-8
112900222,1,127,-126
112900223,599,7,592
112900224,703,105,598
112900225,503,88,415
112900226,54,83,-29
112900227,924,266,658
112900228,150,48,102
112900229,424,13,411
112900230,3265,1419,1846
112900232,293,344,-51
112900233,29,32,-3
112900234,93,1,92
112900235,1,2,-1
112900236,618,14,604
112900237,321,31,290
112900238,31,1,30
112900239,38,340,-302
113000001,3147,2343,804
113000002,2966,1875,1091
113000003,773,879,-106
113000004,763,1008,-245
113000005,969,374,595
113000006,658,710,-52
113000007,1427,441,986
113000008,1087,446,641
113000009,711,290,421
113000010,932,398,534
113000011,330,569,-239
113000012,712,369,343
113000013,389,483,-94
113000014,258,825,-567
113000015,61,78,-17
113000016,52,399,-347
113000017,189,138,51
113000018,444,54,390
113000019,146,132,14
113000020,186,40,146
113000021,1079,265,814
113000022,793,1017,-224
113000025,23,83,-60
113000026,535,412,123
113000027,489,576,-87
113000028,465,398,67
113000029,391,388,3
113000030,57,212,-155
113000031,31,141,-110
113000032,124,94,30
113000033,175,106,69
113000034,58,43,15
113000035,8,2,6
113000036,19,24,-5
113000037,19,15,4
113000038,10,28,-18
113000039,9,144,-135
113000040,44,16,28
113000042,326,193,133
113000051,692,1265,-573
113000052,1178,227,951
113000053,380,170,210
113000054,270,330,-60
113000055,1174,193,981
113000056,1684,380,1304
113000058,218,308,-90
113000059,777,135,642
113000060,212,246,-34
113000061,241,383,-142
113000062,249,191,58
113000063,318,29,289
113000064,102,99,3
113000065,133,210,-77
113000066,867,47,820
113000067,2437,216,2221
113000068,335,234,101
113000069,347,184,163
113000070,2748,198,2550
113000071,411,175,236
113000072,852,76,776
113000073,260,418,-158
113000074,595,240,355
113000075,1379,394,985
113000076,99,901,-802
113000077,389,481,-92
113000078,278,691,-413
113000079,210,298,-88
113000080,262,434,-172
113000081,682,569,113
113000082,456,288,168
113000083,537,404,133
113000084,707,334,373
113000085,902,255,647
113000086,451,414,37
113000087,624,688,-64
113000088,617,556,61
113000089,507,705,-198
113000090,47,332,-285
113000091,116,87,29
113000094,859,88,771
113000095,185,215,-30
113000096,74,354,-280
113000097,432,138,294
113000098,20,23,-3
113000099,633,148,485
113000100,87,65,22
113000101,36,145,-109
113000102,429,127,302
113000103,1881,255,1626
113000104,595,1744,-1149
113000105,754,198,556
113000106,346,130,216
113000107,817,474,343
113000108,653,268,385
113000109,210,808,-598
113000110,2008,365,1643
113000111,88,294,-206
113000112,299,173,126
113000113,1052,207,845
113000114,97,372,-275
113000116,217,155,62
113000117,333,120,213
113000118,26,340,-314
113000119,171,274,-103
113000120,39,260,-221
113000121,322,332,-10
113000124,131,79,52
113000125,5,934,-929
113000127,645,102,543
113000128,657,170,487
113000129,129,356,-227
113000133,931,91,840
113000134,2,779,-777
113000135,2529,2305,224
113000137,581,1837,-1256
113000139,115,86,29
113000140,48,35,13
113000141,152,26,126
113000142,140,110,30
113000143,197,49,148
113000144,61,97,-36
113000145,131,33,98
113000146,24,2,22
113000147,142,11,131
113000148,377,32,345
113000149,116,97,19
113000150,170,118,52
113000151,7,13,-6
113000152,23,178,-155
113000153,476,141,335
113000154,172,850,-678
113000155,273,364,-91
113000156,63,72,-9
113000157,127,150,-23
113000158,217,16,201
113000159,576,81,495
113000160,239,209,30
113000161,207,145,62
113000162,449,47,402
113000163,79,20,59
113000164,2,18,-16
113000166,161,23,138
113000167,61,11,50
113000168,138,23,115
113000169,152,11,141
113000170,55,15,40
113000171,4,15,-11
113000172,288,13,275
113000173,34,16,18
113000174,52,47,5
113000175,361,11,350
113000176,546,23,523
113000177,86,43,43
113000178,47,34,13
113000179,217,51,166
113000180,907,1173,-266
113000181,1185,617,568
113000182,59,182,-123
113000183,149,368,-219
113000184,5,11,-6
113000189,62,197,-135
113000190,212,85,127
113000192,387,1882,-1495
113000193,1015,1153,-138
113000194,487,1156,-669
113000195,1082,1014,68
113000196,425,99,326
113000197,1034,1521,-487
113000198,32,159,-127
113000199,830,206,624
113000201,188,166,22
113000202,2909,760,2149
113000203,59,481,-422
113000204,164,1637,-1473
113000205,1,2,-1
113000206,13,6,7
113000207,38,9,29
113000208,39,11,28
113000209,1,5,-4
113000210,3,2,1
113000211,44,33,11
113000212,25,3,22
113000213,14,47,-33
113000214,42,85,-43
113000234,80,205,-125
113000410,48,142,-94
113000411,812,1389,-577
113000412,2728,842,1886
113000413,1203,1004,199
113000414,1914,6465,-4551
113000415,887,656,231
113000416,1410,973,437
113000417,424,576,-152
113000418,2621,2197,424
113000419,720,986,-266
113000420,2024,3036,-1012
113000421,2616,4111,-1495
113000422,5923,4392,1531
113000423,736,1830,-1094
113000424,1097,5579,-4482
113000425,26,42,-16
113000428,104,25,79
113000430,5,86,-81
113000432,2625,175,2450
113000433,94,380,-286
113000434,24,57,-33
113000435,25,113,-88
113000436,4,412,-408
113000437,1251,35,1216
113000438,169,15,154
113000439,11,14,-3
113000440,128,2,126
113000441,145,81,64
113000442,108,13,95
113000443,411,49,362
113000444,258,15,243
113000445,106,16,90
113000446,12,30,-18
113000448,151,196,-45
113000449,68,498,-430
113000450,221,1400,-1179
113000451,1124,211,913
113000452,41,289,-248
113000453,2,157,-155
113000454,82,21,61
113000455,4,400,-396
113000456,441,924,-483
113000468,609,138,471
113000469,18,197,-179
113000470,183,9,174
113000471,0,193,-193
113000472,32,62,-30
113000474,1037,477,560
113000475,652,792,-140
113000476,1531,1346,185
113000477,4187,1177,3010
113000478,1521,1808,-287
113000479,36,65,-29
113000480,97,114,-17
113000482,0,0,0
113000485,0,0,0
113000486,0,0,0
113000487,0,0,0
113000488,0,0,0
113000489,0,0,0
113000490,0,0,0
113000491,0,0,0
113000492,0,0,0
113000493,0,0,0
113000495,49,33,16
113000496,48,62,-14
113000497,0,2,-2
113000499,0,0,0
113000500,0,0,0
113900001,4,199,-195
113900002,0,30,-30
113900003,0,40,-40
113900004,0,56,-56
113900005,0,83,-83
113900006,0,11,-11
113900007,9,129,-120
113900008,34,0,34
113900009,23,0,23
113900010,11,0,11
113900011,71,0,71
113900012,25,0,25
113900013,14,1,13
113900014,377,2,375
113900015,0,16,-16
113900016,25,0,25
113900017,0,12,-12
113900018,32,57,-25
113900019,193,12,181
113900020,209,0,209
113900022,25,1,24
113900023,17,0,17
113900024,28,100,-72
113900025,93,14,79
113900026,47,1,46
113900027,9,10,-1
113900028,11,104,-93
113900029,85,25,60
113900030,421,1,420
113900031,9,2,7
113900032,16,0,16
113900033,3,4,-1
113900035,39,0,39
113900036,22,26,-4
113900037,125,283,-158
113900038,17,109,-92
113900039,335,17,318
113900040,2,7,-5
113900041,2,0,2
113900042,19,1,18
113900043,77,35,42
113900044,29,191,-162
113900045,62,0,62
113900046,56,189,-133
113900047,78,18,60
113900048,28,33,-5
113900049,62,367,-305
113900050,90,78,12
113900051,77,38,39
113900052,56,43,13
113900053,183,581,-398
113900054,5,0,5
113900055,26,162,-136
113900056,37,12,25
113900057,5,6,-1
113900058,60,8,52
113900059,108,29,79
113900060,40,289,-249
113900061,224,36,188
113900062,97,1,96
113900063,33,10,23
113900064,2,8,-6
113900065,418,18,400
113900066,226,9,217
113900067,226,39,187
113900068,217,478,-261
113900069,4,6,-2
113900070,87,100,-13
113900071,56,20,36
113900072,4,9,-5
113900073,224,132,92
113900074,163,141,22
113900075,216,1311,-1095
113900076,57,1,56
113900077,23,63,-40
113900078,11,37,-26
113900079,5,15,-10
113900080,168,56,112
113900081,8,16,-8
113900082,44,66,-22
113900083,368,88,280
113900084,31,20,11
113900085,7,52,-45
113900086,38,6,32
113900087,54,115,-61
113900088,74,99,-25
113900089,257,13,244
113900090,190,111,79
113900091,1,6,-5
113900092,3,10,-7
113900093,5,403,-398
113900094,398,73,325
113900095,88,17,71
113900096,186,45,141
113900097,11,13,-2
113900098,534,79,455
113900099,1,9,-8
113900100,0,1,-1
113900101,1,30,-29
113900102,4,31,-27
113900103,66,205,-139
113900104,35,23,12
113900105,217,29,188
113900106,1,5,-4
113900107,0,1,-1
113900108,5,23,-18
113900109,50,30,20
113900110,3,2,1
113900111,62,29,33
113900112,114,20,94
113900113,447,86,361
113900114,0,3,-3
113900115,0,2,-2
113900116,1,41,-40
113900117,40,1,39
113900118,49,477,-428
113900119,61,84,-23
113900120,51,8,43
113900121,67,18,49
113900122,153,2605,-2452
113900123,215,21,194
113900124,0,5,-5
113900125,271,46,225
113900126,11,19,-8
113900127,75,331,-256
113900128,88,7,81
113900129,0,69,-69
113900130,0,29,-29
113900131,115,8,107
113900132,6,10,-4
113900133,4,9,-5
113900135,133,78,55
113900136,39,3,36
113900137,134,56,78
113900138,6,57,-51
113900139,62,86,-24
113900140,43,165,-122
113900141,396,86,310
113900142,45,12,33
113900143,16,37,-21
113900144,67,52,15
113900145,165,6,159
113900146,112,22,90
113900148,47,65,-18
113900149,71,22,49
113900150,409,96,313
113900151,258,41,217
113900152,4,65,-61
113900153,58,104,-46
113900154,0,29,-29
113900155,9,36,-27
113900156,25,66,-41
113900157,12,211,-199
113900158,63,102,-39
113900159,0,37,-37
113900160,137,136,1
113900161,16,124,-108
113900162,64,80,-16
113900163,142,32,110
113900164,236,4,232
113900165,132,101,31
113900166,8,14,-6
113900167,267,65,202
113900168,16,15,1
113900169,57,89,-32
113900171,94,20,74
113900172,1,17,-16
113900173,7,131,-124
113900174,70,152,-82
113900175,103,97,6
113900176,63,87,-24
113900177,27,45,-18
113900178,123,53,70
113900179,0,135,-135
113900180,19,22,-3
113900181,635,66,569
113900182,156,103,53
113900183,4,14,-10
113900184,5,154,-149
113900185,10,7,3
113900186,1,3,-2
113900187,7,19,-12
113900188,0,52,-52
113900189,119,61,58
113900190,83,8,75
113900191,14,44,-30
113900192,1,310,-309
113900193,1,52,-51
113900194,345,54,291
113900195,111,57,54
113900196,0,48,-48
113900197,4,85,-81
113900198,1,35,-34
113900199,12,85,-73
113900200,2,15,-13
113900201,0,30,-30
113900202,2,23,-21
113900203,0,26,-26
113900204,2,51,-49
113900205,0,4,-4
113900206,0,17,-17
113900207,0,16,-16
113900208,0,4,-4
113900209,0,13,-13
113900210,100,215,-115
113900211,201,6,195
113900212,261,107,154
113900214,84,42,42
113900215,151,17,134
113900216,45,72,-27
113900217,48,73,-25
113900218,39,63,-24
113900219,44,100,-56
113900220,46,60,-14
113900221,71,199,-128
113900222,25,233,-208
113900223,170,82,88
113900224,4,11,-7
113900225,357,45,312
113900226,87,41,46
113900227,114,60,54
113900228,188,225,-37
113900229,7,428,-421
113900230,863,1013,-150
113900231,20,8,12
113900232,21,0,21
113900233,61,16,45
113900234,147,207,-60
113900235,40,8,32
113900236,450,39,411
113900237,94,15,79
113900238,97,214,-117
113900239,14,21,-7
113900240,2,59,-57
113900241,15,8,7
113900242,3,8,-5
113900243,7,39,-32
113900244,103,57,46
113900245,230,70,160
113900246,1,16,-15
113900247,18,279,-261
113900248,465,697,-232
113900249,108,379,-271
113900250,7,104,-97
113900251,791,22,769
113900252,540,5,535
113900253,321,18,303
113900254,241,42,199
113900255,619,5,614
113900256,369,24,345
113900257,7,181,-174
113900258,2,172,-170
113900259,525,85,440
113900260,161,2,159
113900261,19,15,4
113900262,197,121,76
113900263,4,42,-38
113900264,0,48,-48
113900265,51,111,-60
113900266,19,63,-44
113900267,24,129,-105
113900268,55,144,-89
113900269,22,57,-35
113900270,40,149,-109
113900271,150,122,28
113900273,3,3,0
113900274,68,22,46
113900275,2,14,-12
113900276,0,67,-67
113900277,233,1,232
113900278,39,51,-12
113900279,26,9,17
113900280,231,152,79
113900281,69,546,-477
113900282,98,129,-31
113900283,100,183,-83
113900284,771,74,697
113900285,15,1,14
113900286,63,44,19
113900287,49,12,37
113900288,1,28,-27
113900289,134,80,54
113900290,80,232,-152
113900291,27,44,-17
113900292,0,1,-1
113900293,0,47,-47
113900294,516,13,503
113900295,148,68,80
113900296,518,205,313
113900297,1327,17,1310
113900298,7,220,-213
113900299,134,52,82
113900300,2020,2315,-295
113900301,121,260,-139
113900302,816,306,510
113900303,81,553,-472
113900304,0,33,-33
113900305,135,0,135
113900306,87,0,87
113900307,1,0,1
113900308,4,63,-59
113900309,0,154,-154
113900310,0,1,-1
113900311,20,0,20
113900312,18,55,-37
113900313,2,0,2
114000001,557,628,-71
114000002,247,146,101
114000003,164,42,122
114000004,530,136,394
114000005,423,67,356
114000006,634,381,253
114000007,424,417,7
114000008,929,712,217
114000009,1206,116,1090
114000011,2324,868,1456
114000012,3501,829,2672
114000013,1893,538,1355
114000014,272,45,227
114000015,1621,89,1532
114000016,132,25,107
114000017,113,760,-647
114000018,55,8,47
114000026,2999,587,2412
114000027,3867,1308,2559
114000028,1422,2028,-606
114000038,262,52,210
114000039,19,2,17
114000040,185,336,-151
114000042,50,105,-55
114000043,23,60,-37
114000044,422,5,417
114000045,9,7,2
114000046,814,1645,-831
114000047,6,218,-212
114000048,78,19,59
114000049,1633,618,1015
114000050,1323,342,981
114000051,2183,972,1211
114000052,2065,1551,514
114000053,7,466,-459
114000054,142,389,-247
114000055,215,32,183
114000056,44,230,-186
114000057,1611,842,769
114000058,11,380,-369
114000059,18,478,-460
114000060,244,265,-21
114000061,977,1128,-151
114000062,179,463,-284
114000063,478,419,59
114000064,1002,2015,-1013
114000065,550,721,-171
114000066,538,412,126
114000067,9,895,-886
114000068,210,484,-274
114000069,894,170,724
114000070,1140,954,186
114000071,841,105,736
114000072,852,108,744
114000073,23,36,-13
114000074,92,11,81
114000075,95,32,63
114000076,14,36,-22
114000077,2,6,-4
114000078,202,128,74
114000079,448,46,402
114000080,75,41,34
114000081,96,50,46
114000082,36,94,-58
114000083,40,6,34
114000084,182,102,80
114000085,66,199,-133
114000086,207,126,81
114000087,185,27,158
114000088,75,22,53
114000089,231,141,90
114000090,586,321,265
114000091,452,491,-39
114000092,297,162,135
114000093,1088,157,931
114000094,446,92,354
114000095,243,172,71
114000096,53,88,-35
114000097,40,126,-86
114000098,722,61,661
114000099,582,46,536
114000100,1942,197,1745
114000101,270,200,70
114000102,841,127,714
114000103,97,142,-45
114000104,1,97,-96
114000105,197,62,135
114000106,443,1466,-1023
114000107,414,68,346
114000108,931,289,642
114000109,543,1116,-573
114000110,435,458,-23
114000111,1829,608,1221
114000112,248,1530,-1282
114000113,1317,703,614
114000114,218,1017,-799
114000115,1462,809,653
114000116,907,810,97
114000117,4233,348,3885
114000118,3478,152,3326
114000119,2829,299,2530
114000120,829,529,300
114000121,297,281,16
114000122,392,66,326
114000123,2364,114,2250
114000124,1218,196,1022
114000125,673,684,-11
114000126,1292,158,1134
114000127,177,45,132
114000128,710,125,585
114000130,348,325,23
114000131,567,22,545
114000132,475,90,385
114000133,407,249,158
114000134,35,1,34
114000138,3,2,1
114000139,304,90,214
114000144,460,201,259
114000145,25,9,16
114000146,85,3,82
114000147,670,1708,-1038
114000148,827,1150,-323
114000149,185,145,40
114000150,85,116,-31
114000151,157,1602,-1445
114000152,24,12,12
114000153,238,616,-378
114000154,250,162,88
114000155,459,2279,-1820
114000156,568,357,211
114000157,228,843,-615
114000158,199,266,-67
114000159,116,95,21
114000160,87,87,0
114000161,619,780,-161
114000162,844,1175,-331
114000163,16,9,7
114000165,160,155,5
114000166,160,141,19
114000167,1249,795,454
114000168,222,86,136
114000169,536,822,-286
114000170,560,587,-27
114000171,1426,4250,-2824
114000174,99,107,-8
114000176,152,141,11
114000177,377,189,188
114000178,38,21,17
114000179,608,344,264
114000180,114,115,-1
114000181,941,3636,-2695
114000182,878,1075,-197
114000183,268,197,71
114000184,239,263,-24
114000185,1125,551,574
114000189,1754,84,1670
114000190,3131,369,2762
114000191,82,388,-306
114000192,95,383,-288
114000193,156,570,-414
114000194,1799,759,1040
114000195,421,185,236
114000196,3,53,-50
114000197,2076,14,2062
114000198,286,141,145
114000199,520,901,-381
114000200,486,478,8
114000201,122,292,-170
114000202,764,673,91
114000203,669,1071,-402
114000204,40,107,-67
114000205,348,698,-350
114000206,481,627,-146
114000207,323,455,-132
114000208,500,420,80
114000209,324,500,-176
114000210,126,511,-385
114000211,1701,607,1094
114000212,1180,1148,32
114000213,2111,414,1697
114000214,94,33,61
114000215,65,37,28
114000216,1542,475,1067
114000217,446,191,255
114000218,303,240,63
114000219,1522,93,1429
114000220,23,251,-228
114000221,1269,105,1164
114000222,172,279,-107
114000223,713,54,659
114000224,65,221,-156
114000225,350,148,202
114000226,371,86,285
114000227,1173,484,689
114000228,1101,250,851
114000229,1629,824,805
114000230,1713,554,1159
114000231,995,1154,-159
114000232,1022,142,880
114000233,2400,50,2350
114000234,1443,442,1001
114000235,1660,825,835
114000236,0,240,-240
114000237,97,318,-221
114000238,114,247,-133
114000239,52,472,-420
114000240,870,1655,-785
114000241,231,432,-201
114000242,561,452,109
114000243,1633,937,696
114000244,309,172,137
114000245,426,938,-512
114000246,48,46,2
114000247,467,357,110
114000248,1375,360,1015
114000249,1102,334,768
114000250,807,173,634
114000251,235,84,151
114000252,40,19,21
114000253,22,68,-46
114000254,17,2,15
114000255,141,106,35
114000256,167,387,-220
114000257,692,617,75
114000258,387,87,300
114000259,158,160,-2
114000260,0,1,-1
114000261,72,21,51
114000262,280,57,223
114000263,2,0,2
114000264,1579,105,1474
114000265,0,0,0
114000267,3,2009,-2006
114000268,3,503,-500
114000270,197,11,186
114000271,159,125,34
114000283,1571,180,1391
114000285,3,55,-52
114000288,110,62,48
114000289,1946,92,1854
114000293,307,101,206
114000294,192,302,-110
114000395,1893,48,1845
114000396,470,168,302
114000402,804,204,600
114000403,447,135,312
114000405,333,155,178
114000423,610,112,498
114000424,644,137,507
114000425,1526,92,1434
114000426,461,701,-240
114000427,85,20,65
114000428,37,117,-80
114000429,19,61,-42
114000432,63,13,50
114000434,32,14,18
114000435,1,17,-16
114000436,1132,212,920
114000437,417,5963,-5546
114900001,516,115,401
114900002,197,49,148
114900003,675,195,480
114900004,182,327,-145
114900005,278,136,142
114900006,46,66,-20
114900007,131,9,122
114900008,397,25,372
114900010,288,1053,-765
114900011,293,51,242
114900013,178,35,143
114900015,58,340,-282
114900018,618,8,610
114900020,37,60,-23
114900022,0,325,-325
114900024,123,81,42
114900025,594,59,535
114900026,71,104,-33
114900027,203,89,114
114900029,23,13,10
114900030,251,63,188
114900031,450,19,431
114900032,578,6,572
114900033,181,1432,-1251
114900034,4,19,-15
114900035,41,83,-42
114900036,143,70,73
114900037,43,5,38
114900038,172,135,37
114900039,617,112,505
114900040,137,19,118
114900041,1082,50,1032
114900042,901,93,808
114900043,495,41,454
114900044,164,46,118
114900046,16,20,-4
114900047,36,2543,-2507
114900048,24,232,-208
114900049,27,28,-1
114900050,67,55,12
114900051,26,93,-67
114900052,33,77,-44
114900053,29,136,-107
114900054,9,17,-8
114900057,87,8,79
114900058,0,30,-30
114900059,178,12,166
114900060,69,177,-108
114900061,48,28,20
114900062,47,65,-18
114900063,48,8,40
114900064,1693,82,1611
114900065,243,513,-270
114900067,14,42,-28
114900068,13,33,-20
114900069,99,27,72
114900070,659,59,600
114900072,0,35,-35
114900073,0,24,-24
114900074,1174,59,1115
114900075,299,4,295
114900076,1,51,-50
114900080,310,125,185
114900082,1292,1316,-24
114900083,45,193,-148
114900090,633,100,533
114900091,36,92,-56
114900095,36,86,-50
114900096,32,137,-105
114900097,176,0,176
114900098,3,51,-48
114900099,227,42,185
115000001,1893,1425,468
115000002,3107,4869,-1762
115000003,2005,898,1107
115000004,3739,4607,-868
115000005,1044,1091,-47
115000006,1173,824,349
115000007,57,225,-168
115000008,179,182,-3
115000009,112,112,0
115000010,186,126,60
115000013,2,86,-84
115000015,5,124,-119
115000016,54,155,-101
115000019,22,548,-526
115000020,37,709,-672
115000021,69,213,-144
115000022,169,115,54
115000023,353,394,-41
115000024,274,63,211
115000025,638,330,308
115000026,231,109,122
115000027,251,188,63
115000028,166,95,71
115000029,717,39,678
115000030,294,241,53
115000031,465,42,423
115000032,2,61,-59
115000033,63,13,50
115000034,31,323,-292
115000035,538,147,391
115000036,0,91,-91
115000037,606,68,538
115000038,40,126,-86
115000039,1287,2013,-726
115000040,2015,1437,578
115000041,800,3149,-2349
115000042,400,307,93
115000043,2239,1400,839
115000044,1798,1495,303
115000045,1931,468,1463
115000046,2896,1467,1429
115000047,2658,779,1879
115000048,1556,1023,533
115000049,1023,1459,-436
115000050,2363,788,1575
115000051,971,3109,-2138
115000052,697,830,-133
115000053,1831,2216,-385
115000054,578,586,-8
115000055,115,556,-441
115000056,195,157,38
115000057,514,857,-343
115000058,42,295,-253
115000059,83,316,-233
115000061,124,101,23
115000062,198,295,-97
115000063,496,198,298
115000064,232,64,168
115000065,91,447,-356
115000067,162,20,142
115000069,91,161,-70
115000070,50,912,-862
115000071,97,20,77
115000072,9,32,-23
115000073,1240,71,1169
115000075,101,58,43
115000076,1431,819,612
115000077,1439,588,851
115000078,1166,368,798
115000079,1152,618,534
115000080,2948,731,2217
115000081,179,262,-83
115000082,3926,2601,1325
115000083,1868,659,1209
115000084,3123,430,2693
115000085,871,321,550
115000086,912,289,623
115000087,446,831,-385
115000088,1187,388,799
115000089,1101,736,365
115000090,211,624,-413
115000091,111,287,-176
115000092,780,406,374
115000093,719,2,717
115000094,2691,5981,-3290
115000095,1981,5025,-3044
115000096,812,381,431
115000097,1578,996,582
115000098,1333,247,1086
115000099,2190,671,1519
115000100,1721,240,1481
115000101,390,438,-48
115000102,439,121,318
115000103,303,404,-101
115000105,120,49,71
115000106,816,220,596
115000107,84,193,-109
115000108,1056,821,235
115000109,1995,4871,-2876
115000110,728,1616,-888
115000111,159,390,-231
115000112,572,315,257
115000113,249,287,-38
115000114,389,155,234
115000116,924,1102,-178
115000117,877,914,-37
115000118,937,895,42
115000119,658,917,-259
115000120,290,760,-470
115000121,301,308,-7
115000122,370,921,-551
115000123,554,1021,-467
115000124,393,494,-101
115000125,255,513,-258
115000126,90,329,-239
115000127,195,93,102
115000128,187,519,-332
115000129,150,484,-334
115000130,319,236,83
115000131,654,91,563
115000132,323,130,193
115000133,596,133,463
115000134,281,59,222
115000135,104,80,24
115000136,147,73,74
115000137,49,69,-20
115000138,271,103,168
115000139,87,50,37
115000140,475,84,391
115000141,174,63,111
115000142,127,58,69
115000143,760,332,428
115000144,368,51,317
115000145,138,78,60
115000146,412,119,293
115000147,202,166,36
115000148,177,255,-78
115000149,479,231,248
115000150,437,104,333
115000151,976,180,796
115000152,557,216,341
115000153,1073,192,881
115000154,818,205,613
115000155,384,267,117
115000156,382,438,-56
115000157,171,213,-42
115000158,181,106,75
115000159,210,189,21
115000160,260,370,-110
115000161,385,195,190
115000162,350,857,-507
115000163,121,231,-110
115000164,226,240,-14
115000165,118,331,-213
115000167,64,12,52
115000168,408,107,301
115000169,145,472,-327
115000170,32,263,-231
115000171,208,682,-474
115000172,646,593,53
115000173,174,800,-626
115000174,31,284,-253
115000175,65,130,-65
115000176,21,146,-125
115000177,8,307,-299
115000178,1,138,-137
115000179,0,102,-102
115000180,98,168,-70
115000181,615,68,547
115000182,988,197,791
115000183,494,153,341
115000186,261,71,190
115000187,170,101,69
115000188,235,160,75
115000189,286,293,-7
115000190,358,366,-8
115000191,198,382,-184
115000194,63,26,37
115000195,59,59,0
115000196,256,16,240
115000197,194,97,97
115000198,621,32,589
115000199,470,56,414
115000200,391,55,336
115000201,114,64,50
115000206,670,16,654
115000207,116,50,66
115000208,146,335,-189
115000209,641,402,239
115000210,216,97,119
115000211,103,130,-27
115000212,478,266,212
115000224,201,10,191
115000225,83,23,60
115000229,120,72,48
115000230,57,148,-91
115000231,337,460,-123
115000232,2032,267,1765
115000233,92,81,11
115000234,43,99,-56
115000241,53,38,15
115000242,160,48,112
115000243,49,37,12
115000244,2,61,-59
115000246,16,11,5
115000247,13,0,13
115000248,35,4,31
115000249,3,10,-7
115000250,245,11,234
115000251,246,20,226
115000252,61,98,-37
115000253,7,305,-298
115000258,200,16,184
115000259,67,14,53
115000261,11,4,7
115000262,3,6,-3
115000263,2,10,-8
115000264,6,5,1
115000267,30,16,14
115000268,19,66,-47
115000269,45,15,30
115000270,2,28,-26
115000272,33,27,6
115000273,363,4,359
115000280,559,469,90
115000281,86,1029,-943
115000282,431,1816,-1385
115000284,55,126,-71
115000296,205,1,204
115000297,36,482,-446
115000298,24,613,-589
115000300,157,130,27
115000302,398,38,360
115000303,873,54,819
115000304,882,61,821
115000305,96,86,10
115000306,220,68,152
115000307,180,93,87
115000308,2,7,-5
115000309,1,76,-75
115000310,1405,263,1142
115000311,1217,452,765
115000313,55,120,-65
115000314,447,134,313
115000315,162,561,-399
115000316,52,128,-76
115000317,99,206,-107
115000318,837,218,619
115000319,64,73,-9
115000320,4,421,-417
115000321,348,50,298
115000322,60,38,22
115000449,127,132,-5
115000557,2,1794,-1792
115000558,32,44,-12
115000587,779,199,580
115000588,1106,1227,-121
115000589,2785,1591,1194
115000590,318,692,-374
115000591,949,379,570
115000592,424,664,-240
115000593,1551,307,1244
115000594,358,1315,-957
115000609,124,53,71
115000617,232,2142,-1910
115000624,343,15,328
115000633,371,1130,-759
115000634,2136,418,1718
115000635,444,59,385
115000638,179,173,6
115000641,38,102,-64
115000642,259,103,156
115000643,88,179,-91
115000644,124,164,-40
115000646,314,711,-397
115000647,57,209,-152
115000648,2159,351,1808
115000893,788,414,374
115000894,115,453,-338
115000895,185,328,-143
115000896,544,198,346
115000897,153,27,126
115000898,171,156,15
115000899,52,707,-655
115000900,13,140,-127
115000901,28,246,-218
115000912,254,59,195
115000913,1,5,-4
115000915,7,0,7
115000916,3,0,3
115000917,0,14,-14
115000918,14,1157,-1143
115000919,1,28,-27
115000920,7,54,-47
115000921,144,46,98
115000922,142,376,-234
115000923,19,954,-935
115000925,75,85,-10
115000927,28,15,13
115000933,15,168,-153
115000934,61,146,-85
115000935,137,13,124
115900001,324,6,318
115900002,27,50,-23
115900003,273,24,249
115900004,0,10,-10
115900005,298,4,294
115900006,84,43,41
115900008,220,3,217
115900009,39,41,-2
115900010,563,45,518
115900011,264,76,188
115900012,333,4,329
115900013,380,26,354
115900014,113,37,76
115900015,202,7,195
115900016,28,13,15
115900017,41,23,18
115900018,141,5,136
115900019,78,4,74
115900020,132,0,132
115900021,315,177,138
115900022,209,11,198
115900023,2,7,-5
115900025,16,52,-36
115900026,431,42,389
115900027,0,32,-32
115900028,99,12,87
115900029,9,80,-71
115900030,39,8,31
115900031,35,162,-127
115900032,105,274,-169
115900033,0,19,-19
115900034,21,64,-43
115900035,30,4,26
115900036,8,1216,-1208
115900037,24,83,-59
115900038,22,2,20
115900039,165,29,136
115900041,40,524,-484
115900042,49,2,47
115900043,84,10,74
115900044,79,351,-272
115900046,346,45,301
115900047,37,216,-179
115900049,149,67,82
115900051,1,8,-7
115900052,7,127,-120
115900053,263,17,246
115900054,452,37,415
115900055,31,104,-73
115900056,164,25,139
115900057,4,24,-20
115900058,9,38,-29
115900060,27,27,0
115900061,281,0,281
115900062,50,69,-19
115900063,27,1,26
115900064,70,92,-22
115900065,90,28,62
115900066,37,34,3
115900067,0,57,-57
115900068,1167,1452,-285
115900069,26,86,-60
115900070,168,14,154
115900071,1,156,-155
115900072,14,75,-61
115900073,204,117,87
115900074,0,68,-68
115900075,7,53,-46
115900076,2,42,-40
115900077,2,51,-49
115900078,8,104,-96
115900079,475,4,471
115900080,99,20,79
115900081,18,7,11
115900082,56,143,-87
115900084,802,4,798
115900085,3,28,-25
115900086,481,132,349
115900088,1,24,-23
115900089,470,175,295
115900090,680,7,673
115900091,1,0,1
115900092,58,25,33
115900093,0,0,0
115900094,11,49,-38
115900096,0,0,0
115900097,4,129,-125
115900098,225,52,173
115900099,48,71,-23
115900100,2,164,-162
115900101,165,46,119
115900102,108,28,80
115900103,188,37,151
115900104,70,15,55
115900105,265,112,153
115900106,92,5,87
115900107,87,61,26
115900108,142,1,141
115900109,2,188,-186
115900110,18,0,18
115900111,0,57,-57
115900112,32,209,-177
115900113,56,7,49
115900114,2,33,-31
115900115,130,27,103
115900116,58,201,-143
115900117,70,4,66
115900118,5,92,-87
115900119,158,40,118
115900120,11,49,-38
115900121,260,44,216
115900124,140,805,-665
115900125,403,51,352
115900126,923,15,908
115900127,828,16,812
115900128,1,47,-46
115900129,335,15,320
115900130,0,353,-353
115900131,411,12,399
115900132,567,2,565
115900134,371,4,367
115900135,209,357,-148
115900137,29,3,26
115900139,5,42,-37
115900140,511,16,495
115900141,0,6,-6
115900142,0,11,-11
115900143,223,88,135
115900144,129,95,34
115900146,4,18,-14
115900147,56,232,-176
115900148,14,14,0
115900149,108,6,102
115900150,138,6,132
115900151,34,36,-2
115900152,108,76,32
115900153,155,60,95
115900154,71,135,-64
115900155,0,2,-2
115900156,260,329,-69
115900157,219,222,-3
115900158,2,0,2
115900159,264,75,189
115900160,0,1,-1
115900161,13,84,-71
115900163,298,40,258
115900164,917,7,910
115900165,3,158,-155
115900166,40,18,22
115900168,351,18,333
115900171,60,95,-35
115900172,39,34,5
115900173,66,72,-6
115900174,85,83,2
115900175,81,39,42
115900178,23,159,-136
115900179,432,8,424
115900180,30,55,-25
115900181,158,34,124
115900182,691,53,638
115900183,8,66,-58
115900184,186,35,151
115900187,0,221,-221
115900189,0,102,-102
115900190,72,448,-376
115900191,9,59,-50
115900192,20,38,-18
115900193,46,48,-2
115900194,850,26,824
115900195,167,2246,-2079
115900198,101,87,14
115900199,200,50,150
115900200,115,31,84
115900201,99,175,-76
115900202,19,143,-124
115900203,0,1,-1
115900204,1,7,-6
115900205,1,2,-1
115900206,506,18,488
115900207,45,6,39
115900208,132,20,112
115900209,34,18,16
115900210,0,111,-111
115900211,0,38,-38
115900212,171,33,138
115900213,33,190,-157
115900214,341,35,306
115900215,6,178,-172
115900216,0,38,-38
115900217,34,8,26
115900218,0,8,-8
115900219,251,2,249
115900220,399,8,391
115900221,215,3,212
115900222,132,51,81
115900223,0,438,-438
115900224,315,1435,-1120
115900225,52,56,-4
115900226,4,8,-4
115900227,5,5,0
115900228,8,4,4
115900229,0,7,-7
115900230,28,31,-3
115900231,100,0,100
115900232,10,0,10
115900233,86,4,82
115900234,29,41,-12
115900235,17,36,-19
115900236,4,72,-68
115900237,7,32,-25
115900238,11,7,4
115900239,5,13,-8
115900240,2,12,-10
115900241,217,14,203
115900242,148,316,-168
115900243,3,4,-1
115900244,5,0,5
115900245,53,0,53
115900246,0,0,0
115900247,0,0,0
115900248,3,0,3
115900249,16,0,16
115900250,29,19,10
115900251,10,0,10
115900252,2,0,2
115900253,7,4,3
115900254,6,42,-36
115900255,0,16,-16
115900256,4,9,-5
115900257,0,0,0
115900258,0,0,0
115900259,43,0,43
115900260,4,0,4
115900261,11,0,11
115900262,8,1,7
115900263,2,0,2
115900264,6,0,6
115900265,24,0,24
115900266,3,10,-7
115900267,1,5,-4
115900268,0,2,-2
115900269,1014,42,972
115900270,290,62,228
115900271,189,0,189
115900272,43,1,42
115900273,2,28,-26
115900274,0,0,0
115900275,2,0,2
115900276,0,1,-1
115900277,0,6,-6
115900278,53,24,29
115900279,4,117,-113
115900280,55,575,-520
115900281,36,130,-94
116000001,2604,992,1612
116000002,2915,12654,-9739
116000003,636,307,329
116000004,2926,5006,-2080
116000005,466,1477,-1011
116000006,1360,2625,-1265
116000007,1016,980,36
116000008,2972,1580,1392
116000009,552,835,-283
116000010,2815,1019,1796
116000011,407,698,-291
116000012,1466,575,891
116000013,2854,1415,1439
116000014,4963,15300,-10337
116000015,53,755,-702
116000016,2028,5015,-2987
116000017,57,344,-287
116000018,155,118,37
116000019,956,213,743
116000020,273,260,13
116000021,583,130,453
116000022,373,162,211
116000023,897,794,103
116000024,434,295,139
116000025,689,376,313
116000026,804,1448,-644
116000027,236,449,-213
116000028,385,536,-151
116000029,323,197,126
116000030,376,434,-58
116000031,6,14,-8
116000032,233,32,201
116000033,584,151,433
116000034,571,387,184
116000035,144,101,43
116000036,94,459,-365
116000037,107,207,-100
116000038,48,280,-232
116000039,120,249,-129
116000040,371,373,-2
116000041,69,387,-318
116000042,427,327,100
116000043,64,227,-163
116000044,9,14,-5
116000045,955,761,194
116000046,710,754,-44
116000047,1233,1452,-219
116000048,1807,833,974
116000049,1655,1017,638
116000050,1045,582,463
116000051,2097,980,1117
116000052,1789,1389,400
116000053,2248,303,1945
116000054,698,948,-250
116000055,585,288,297
116000056,1409,660,749
116000057,1344,310,1034
116000058,1856,1840,16
116000059,1206,3742,-2536
116000060,935,691,244
116000061,64,1338,-1274
116000062,332,178,154
116000063,289,1123,-834
116000066,189,580,-391
116000067,168,230,-62
116000068,136,303,-167
116000069,95,112,-17
116000078,364,789,-425
116000080,870,296,574
116000082,3,20,-17
116000083,1286,217,1069
116000084,974,1075,-101
116000085,1109,1256,-147
116000086,897,283,614
116000087,2546,1090,1456
116000088,794,569,225
116000089,123,60,63
116000090,156,123,33
116000091,242,437,-195
116000093,843,112,731
116000094,672,224,448
116000095,722,131,591
116000096,1138,1559,-421
116000097,830,315,515
116000098,9,6746,-6737
116000099,3587,109,3478
116000100,166,11,155
116000101,1231,202,1029
116000102,276,344,-68
116000103,366,290,76
116000104,224,516,-292
116000105,1209,100,1109
116000106,484,880,-396
116000107,2035,316,1719
116000108,14,1152,-1138
116000111,155,33,122
116000113,92,14,78
116000114,4,65,-61
116000115,252,66,186
116000116,166,109,57
116000117,1406,688,718
116000118,944,553,391
116000119,3502,1014,2488
116000120,1409,1406,3
116000121,1176,291,885
116000122,586,389,197
116000123,2112,165,1947
116000124,338,241,97
116000125,2835,186,2649
116000126,188,306,-118
116000127,370,383,-13
116000128,2169,314,1855
116000129,1284,79,1205
116000130,753,357,396
116000133,1668,190,1478
116000134,815,492,323
116000135,2693,546,2147
116000136,442,508,-66
116000137,819,320,499
116000138,445,163,282
116000139,1572,2832,-1260
116000140,272,186,86
116000141,499,370,129
116000142,3837,1889,1948
116000143,1931,1615,316
116000144,1850,1297,553
116000145,2700,919,1781
116000146,737,92,645
116000147,209,206,3
116000148,662,575,87
116000149,300,250,50
116000151,531,284,247
116000153,125,293,-168
116000155,114,329,-215
116000156,505,235,270
116000157,62,1,61
116000158,305,78,227
116000159,0,5,-5
116000160,63,39,24
116000161,8,58,-50
116000162,13,220,-207
116000163,54,9,45
116000164,12,3,9
116000177,40,814,-774
116000194,36,196,-160
116000195,1211,209,1002
116000196,37,7,30
116000197,31,40,-9
116000198,1154,531,623
116000200,353,641,-288
116000201,552,161,391
116000202,16,68,-52
116000203,2,16,-14
116000204,4,4,0
116000205,0,61,-61
116000206,0,119,-119
116000207,1,91,-90
116000233,26,121,-95
116000287,226,71,155
116000288,357,152,205
116000292,58,44,14
116000296,19,261,-242
116000297,55,4,51
116000304,335,44,291
116000305,0,24,-24
116000346,320,55,265
116000352,145,43,102
116000354,35,3,32
116000357,5,6,-1
116000358,419,174,245
116000361,11,0,11
116000372,2072,4556,-2484
116000381,251,16,235
116000388,11,7,4
116000389,593,83,510
116000445,1022,116,906
116000446,787,74,713
116000447,10,418,-408
116000448,263,34,229
116000563,296,654,-358
116000565,77,150,-73
116000568,52,495,-443
116000579,23,110,-87
116000584,50,3,47
116000585,52,35,17
116000586,15,73,-58
116000587,247,181,66
116000589,49,37,12
116000590,155,53,102
116000591,311,69,242
116000592,3,23,-20
116000593,0,12,-12
116000594,1221,128,1093
116000595,774,25,749
116000596,217,3,214
116000597,668,187,481
116000598,45,96,-51
116000602,11,437,-426
116000605,136,28,108
116000606,72,185,-113
116000607,0,35,-35
116000609,34,1098,-1064
116000611,220,69,151
116000612,1468,2310,-842
116000613,684,235,449
116000614,467,152,315
116000615,0,0,0
116000616,60,20,40
116000617,139,16,123
116000618,5,17,-12
116000619,23,70,-47
116000620,377,147,230
116000621,99,68,31
116000622,115,64,51
116000624,91,182,-91
116000627,18,8,10
116000628,19,31,-12
116000629,21,1182,-1161
116000630,438,0,438
116000631,232,3,229
116000632,1187,94,1093
116000633,11,899,-888
116000634,979,4,975
116000635,822,1056,-234
116900001,41,34,7
116900002,189,0,189
116900003,58,2,56
116900004,27,97,-70
116900005,308,6,302
116900006,132,135,-3
116900007,32,40,-8
116900008,622,70,552
116900009,12,38,-26
116900010,0,162,-162
116900011,2,48,-46
116900012,46,73,-27
116900013,2,38,-36
116900014,293,27,266
116900015,509,31,478
116900016,241,3,238
116900017,0,245,-245
116900018,73,42,31
116900019,1,43,-42
116900020,1446,1598,-152
116900023,20,16,4
116900024,728,32,696
116900025,1388,203,1185
116900026,63,195,-132
116900027,48,13,35
116900028,0,2,-2
116900029,1,173,-172
116900031,1,4,-3
116900032,1,50,-49
116900033,7,2,5
116900034,17,4,13
116900035,64,47,17
116900036,3,49,-46
116900038,24,1,23
116900041,157,5,152
116900042,59,76,-17
116900043,30,43,-13
116900045,33,36,-3
116900047,17,265,-248
116900049,2,63,-61
116900050,70,58,12
116900051,244,8,236
116900052,78,36,42
116900055,0,10,-10
116900057,34,24,10
116900058,10,74,-64
116900059,1,10,-9
116900060,59,102,-43
116900062,0,36,-36
116900064,4,44,-40
116900065,2,24,-22
116900067,52,24,28
116900068,87,145,-58
116900070,35,1,34
116900072,7,72,-65
116900073,15,38,-23
116900074,0,6,-6
116900076,29,39,-10
116900077,1,35,-34
116900078,40,19,21
116900079,10,103,-93
116900080,0,1,-1
116900081,65,233,-168
116900082,66,525,-459
116900083,15,6,9
116900084,34,10,24
116900085,8,54,-46
116900086,10,340,-330
116900088,80,9,71
116900090,20,7,13
116900091,388,6,382
116900092,65,172,-107
116900093,891,707,184
116900094,2007,4560,-2553
116900095,200,23,177
116900096,236,203,33
116900097,765,2610,-1845
116900098,127,73,54
116900099,83,253,-170
116900100,1094,39,1055
116900101,57,198,-141
116900103,13,0,13
116900104,4,203,-199
116900105,323,175,148
116900106,3309,143,3166
116900107,948,2867,-1919
116900110,8,0,8
116900111,685,274,411
116900112,253,176,77
116900113,588,1511,-923
116900116,8,120,-112
116900117,145,31,114
116900118,381,731,-350
116900120,462,27,435
116900121,128,34,94
116900122,1409,170,1239
116900123,232,140,92
116900124,56,191,-135
116900125,491,68,423
116900126,29,411,-382
116900128,1,11,-10
116900129,0,83,-83
116900130,214,4361,-4147
116900131,22,82,-60
116900132,78,60,18
116900133,96,53,43
116900134,160,103,57
116900136,149,32,117
116900137,150,19,131
116900138,66,32,34
116900139,12,72,-60
116900140,65,63,2
116900141,222,64,158
116900142,1,17,-16
116900143,203,43,160
116900144,36,6,30
116900145,34,69,-35
116900147,29,234,-205
116900148,0,2,-2
116900149,40,139,-99
116900150,14,0,14
116900151,3,5,-2
116900153,154,45,109
116900154,84,329,-245
116900155,29,45,-16
116900157,1079,23,1056
116900158,156,330,-174
116900159,22,213,-191
116900160,690,399,291
116900161,1683,7354,-5671
116900162,38,22,16
116900163,384,15,369
116900164,94,15,79
116900165,536,172,364
116900166,94,38,56
116900167,469,19,450
116900168,494,33,461
116900169,64,168,-104
116900170,661,166,495
116900171,95,103,-8
116900172,58,441,-383
116900173,588,26,562
116900174,35,124,-89
116900175,202,99,103
116900178,79,65,14
116900179,34,464,-430
116900180,64,3,61
116900182,333,124,209
116900183,287,51,236
116900185,24,24,0
116900186,120,101,19
116900187,34,36,-2
116900188,106,9,97
116900189,52,2,50
116900191,108,105,3
116900192,398,66,332
116900194,44,727,-683
116900195,50,3,47
116900196,30,47,-17
116900197,115,0,115
116900198,23,456,-433
116900200,50,0,50
116900201,272,1,271
116900202,23,17,6
116900203,166,1,165
116900204,73,213,-140
116900206,6,0,6
116900207,11,7,4
116900208,1,104,-103
116900209,21,24,-3
116900210,131,70,61
116900211,249,1,248
116900212,99,3,96
116900213,90,17,73
116900214,183,25,158
116900215,27,11,16
116900216,109,55,54
116900218,0,126,-126
116900219,243,95,148
116900220,46,137,-91
116900221,171,270,-99
116900222,330,102,228
116900223,49,60,-11
116900226,240,1,239
116900227,252,11,241
116900228,383,34,349
116900230,47,91,-44
116900231,99,101,-2
116900232,67,88,-21
116900233,275,68,207
116900234,67,2,65
116900235,50,45,5
116900238,304,92,212
116900239,1,1534,-1533
116900240,2166,2964,-798
116900241,113,146,-33
116900242,278,764,-486
116900243,1,48,-47
116900245,56,44,12
116900246,128,39,89
116900247,1076,9,1067
116900248,96,17,79
116900249,677,166,511
116900250,352,14,338
116900251,140,738,-598
116900252,206,163,43
116900253,73,33,40
116900254,31,56,-25
116900255,166,118,48
116900256,438,105,333
116900257,41,29,12
116900258,1,29,-28
116900259,293,9,284
116900260,3,11,-8
116900261,53,1,52
116900262,91,107,-16
116900263,0,7,-7
116900264,0,4,-4
116900265,32,0,32
116900266,3,5,-2
116900267,0,0,0
116900268,2,118,-116
116900269,247,659,-412
116900271,279,530,-251
116900272,95,93,2
116900273,33,35,-2
116900274,111,11,100
116900275,119,50,69
116900276,227,211,16
116900277,81,7,74
116900278,1,0,1
116900279,0,8,-8
116900280,4,6,-2
116900281,1671,5132,-3461
116900282,0,22,-22
116900283,3,30,-27
116900284,11,200,-189
116900285,21,274,-253
116900286,29,9,20
116900287,0,12,-12
116900288,207,42,165
116900289,36,0,36
116900290,29,0,29
116900291,26,3,23
116900292,0,27,-27
116900293,34,2,32
116900294,4,14,-10
116900295,24,2,22
116900296,8,51,-43
116900297,0,6,-6
116900298,8,43,-35
116900299,3,51,-48
116900300,0,5,-5
116900301,7,35,-28
116900302,1,26,-25
116900303,77,31,46
116900304,0,87,-87
116900305,0,17,-17
116900306,353,168,185
117000001,2541,1700,841
117000002,1614,1644,-30
117000003,4246,1768,2478
117000004,1512,1882,-370
117000005,3024,1067,1957
117000006,782,1499,-717
117000007,4957,966,3991
117000008,833,1639,-806
117000009,3020,996,2024
117000010,852,1150,-298
117000011,2914,704,2210
117000012,1526,590,936
117000013,2208,533,1675
117000014,1164,1933,-769
117000015,2168,1346,822
117000016,134,296,-162
117000017,103,263,-160
117000018,25,1248,-1223
117000019,5,0,5
117000020,338,3069,-2731
117000021,1270,138,1132
117000022,63,229,-166
117000023,76,100,-24
117000024,118,153,-35
117000025,191,1571,-1380
117000026,1045,1569,-524
117000027,342,1366,-1024
117000028,396,496,-100
117000030,94,297,-203
117000031,199,81,118
117000032,811,923,-112
117000033,1392,1200,192
117000034,193,158,35
117000035,203,119,84
117000036,242,150,92
117000037,154,73,81
117000038,107,241,-134
117000039,125,122,3
117000040,67,414,-347
117000041,1246,45,1201
117000044,27,196,-169
117000045,572,237,335
117000046,209,675,-466
117000047,419,677,-258
117000048,901,583,318
117000049,34,663,-629
117000050,218,679,-461
117000051,3026,42,2984
117000052,68,175,-107
117000053,1232,22,1210
117000054,1555,16,1539
117000055,2,861,-859
117000056,598,23,575
117000057,343,1026,-683
117000060,236,766,-530
117000061,2156,731,1425
117000062,113,564,-451
117000063,1141,536,605
117000064,271,253,18
117000066,294,428,-134
117000067,49,450,-401
117000074,4,112,-108
117000076,8,15,-7
117000077,45,103,-58
117000078,172,210,-38
117000079,174,59,115
117000080,1,361,-360
117000081,352,40,312
117000082,27,38,-11
117000083,67,0,67
117000084,112,0,112
117000085,338,514,-176
117000086,468,300,168
117000087,90,323,-233
117000088,289,82,207
117000089,2448,114,2334
117000090,325,599,-274
117000091,1332,87,1245
117000092,480,481,-1
117000093,2055,143,1912
117000094,706,729,-23
117000095,3017,179,2838
117000096,452,644,-192
117000097,1795,387,1408
117000098,1016,1300,-284
117000099,5286,588,4698
117000100,256,146,110
117000101,68,345,-277
117000102,2233,268,1965
117000103,307,560,-253
117000104,1945,186,1759
117000105,272,606,-334
117000106,2179,173,2006
117000107,275,593,-318
117000108,2406,832,1574
117000109,583,1111,-528
117000110,1857,1441,416
117000111,3261,2891,370
117000112,3444,971,2473
117000113,22,86,-64
117000114,333,60,273
117000115,38,28,10
117000116,164,49,115
117000117,880,540,340
117000118,200,277,-77
117000119,71,331,-260
117000120,17,222,-205
117000121,9,455,-446
117000122,163,750,-587
117000123,713,128,585
117000124,39,57,-18
117000125,11,82,-71
117000126,25,2,23
117000127,125,149,-24
117000128,52,168,-116
117000129,49,84,-35
117000130,11,1,10
117000131,1,130,-129
117000132,3615,20,3595
117000133,3870,66,3804
117000134,0,0,0
117000135,0,33,-33
117000136,0,3,-3
117000137,195,73,122
117000138,0,0,0
117000140,202,415,-213
117000141,2220,185,2035
117000181,64,37,27
117000182,535,1017,-482
117000195,79,217,-138
117000196,486,177,309
117000225,16,43,-27
117000226,2,61,-59
117000276,460,10,450
117000277,0,115,-115
117000310,745,2451,-1706
117000315,10,293,-283
117000320,13,0,13
117000906,735,24,711
117000907,3,103,-100
117000908,6,81,-75
117000909,10,60,-50
117000910,261,109,152
117000911,16,57,-41
117000915,4,189,-185
117000916,60,13,47
117000917,1477,11,1466
117000918,99,65,34
117000919,1,18,-17
117000920,1,423,-422
117000921,0,437,-437
117000922,23,12,11
117000924,1144,484,660
117000926,445,145,300
117000927,178,396,-218
117000928,0,16,-16
117000929,399,85,314
117000930,541,20,521
117000931,56,31,25
117900002,50,504,-454
117900003,56,26,30
117900005,1,89,-88
117900006,0,1,-1
117900007,125,40,85
117900008,0,5,-5
117900010,378,101,277
117900011,1,154,-153
117900012,61,44,17
117900013,0,116,-116
117900014,427,99,328
117900015,3,46,-43
117900016,649,890,-241
117900017,566,374,192
117900018,123,137,-14
117900019,805,189,616
117900020,25,103,-78
117900021,20,34,-14
117900022,3,5,-2
117900023,554,34,520
117900024,47,21,26
117900025,6,1,5
117900026,406,81,325
117900028,5,0,5
117900029,196,259,-63
117900030,227,299,-72
117900031,176,69,107
117900032,1079,326,753
117900033,412,283,129
117900034,7,4,3
117900035,188,51,137
117900036,334,151,183
117900037,301,36,265
117900038,71,59,12
117900039,0,14,-14
117900040,66,80,-14
117900041,1,20,-19
117900042,1187,320,867
117900043,1,21,-20
117900044,23,3026,-3003
117900045,158,28,130
117900048,327,65,262
117900049,271,154,117
117900050,5,94,-89
117900051,38,8,30
117900052,18,724,-706
117900053,1964,80,1884
117900054,3,12,-9
117900055,209,48,161
117900056,22,18,4
117900057,443,540,-97
117900058,2,11,-9
117900059,25,65,-40
117900060,2385,917,1468
117900061,5,180,-175
117900063,390,208,182
117900065,158,469,-311
117900066,3,106,-103
117900067,709,141,568
117900069,791,116,675
117900070,4,187,-183
117900071,82,67,15
117900073,826,83,743
117900074,6,69,-63
117900075,123,53,70
117900076,6,48,-42
117900077,478,37,441
117900078,466,383,83
117900080,129,21,108
117900081,186,124,62
117900082,834,228,606
117900083,784,126,658
117900086,176,65,111
117900087,200,11,189
117900088,477,355,122
117900089,2113,401,1712
117900090,387,1248,-861
117900091,324,33,291
117900092,185,22,163
117900093,199,1,198
117900094,53,63,-10
117900095,454,612,-158
117900096,92,135,-43
117900097,214,32,182
117900098,180,6,174
117900099,302,393,-91
117900100,767,1,766
117900101,667,2246,-1579
117900102,76,21,55
117900103,93,1,92
117900104,5,159,-154
117900105,83,104,-21
117900106,95,20,75
117900107,104,1,103
117900109,993,535,458
117900110,210,0,210
117900111,826,60,766
117900112,80,2,78
117900113,657,2091,-1434
117900114,40,0,40
117900115,42,56,-14
117900116,490,323,167
117900117,623,230,393
117900118,199,2,197
117900119,472,49,423
117900120,324,3,321
117900121,98,3,95
117900122,313,5313,-5000
117900123,577,228,349
117900124,200,230,-30
117900125,1246,595,651
117900126,54,155,-101
117900127,380,194,186
117900128,410,142,268
117900129,102,0,102
117900130,419,109,310
117900131,0,16,-16
117900132,2,23,-21
117900133,3,44,-41
117900134,28,171,-143
117900135,3,58,-55
117900136,0,8,-8
117900137,1,34,-33
117900138,0,4,-4
117900139,64,13,51
117900140,3167,347,2820
117900141,27,182,-155
117900142,11,154,-143
117900144,13,95,-82
117900145,1,80,-79
117900146,15,244,-229
117900147,67,76,-9
117900148,941,1691,-750
117900149,40,38,2
117900150,55,15,40
117900151,32,44,-12
117900152,7,72,-65
117900153,20,84,-64
117900154,372,208,164
117900156,339,351,-12
117900157,111,138,-27
117900158,396,60,336
117900160,989,453,536
117900161,641,432,209
117900162,495,314,181
117900163,26,218,-192
117900165,0,4,-4
117900166,8,92,-84
117900168,131,79,52
117900169,0,33,-33
117900170,1,11,-10
117900171,0,0,0
117900172,9,1,8
117900173,90,26,64
117900174,6,10,-4
117900175,3,4,-1
117900176,8,16,-8
117900177,12,2,10
117900178,22,6,16
117900180,96,9,87
117900181,18,730,-712
117900182,0,94,-94
117900183,191,184,7
117900184,44,36,8
117900185,78,0,78
117900186,98,4,94
117900187,65,5,60
117900188,137,5,132
117900189,62,47,15
117900190,51,1,50
117900191,91,0,91
117900192,195,2,193
117900193,58,57,1
117900194,35,0,35
117900195,4,22,-18
117900196,13,16,-3
117900207,40,138,-98
117900208,31,25,6
117900209,82,84,-2
117900210,43,49,-6
117900211,1,46,-45
117900212,124,64,60
117900213,23,2,21
117900214,0,4,-4
117900215,12,4,8
117900216,1,1,0
117900217,38,51,-13
117900218,3,29,-26
117900219,0,141,-141
117900220,0,63,-63
118000001,450,949,-499
118000002,438,1091,-653
118000003,1086,2421,-1335
118000004,962,1243,-281
118000005,1719,2262,-543
118000006,926,2560,-1634
118000007,3256,5759,-2503
118000008,973,3600,-2627
118000009,1021,2152,-1131
118000010,1701,2775,-1074
118000011,1705,726,979
118000012,631,843,-212
118000013,1153,1352,-199
118000014,851,923,-72
118000016,267,122,145
118000017,566,222,344
118000018,187,132,55
118000019,787,1665,-878
118000020,242,1490,-1248
118000021,317,1804,-1487
118000022,662,392,270
118000023,305,236,69
118000024,433,603,-170
118000025,13,30,-17
118000027,4325,4797,-472
118000029,426,969,-543
118000032,141,1511,-1370
118000033,1307,2746,-1439
118000034,1565,1535,30
118000035,1323,1383,-60
118000036,492,476,16
118000037,336,913,-577
118000038,324,52,272
118000039,61,65,-4
118000040,1170,834,336
118000041,1455,974,481
118000045,75,234,-159
118000046,277,612,-335
118000047,293,1148,-855
118000048,550,1465,-915
118000051,1454,2013,-559
118000052,761,1079,-318
118000053,140,835,-695
118000054,2032,1038,994
118000055,976,915,61
118000056,73,325,-252
118000057,113,266,-153
118000058,1010,2663,-1653
118000059,467,2208,-1741
118000060,756,325,431
118000061,828,631,197
118000062,320,142,178
118000063,196,702,-506
118000064,292,697,-405
118000065,1227,745,482
118000066,675,1767,-1092
118000067,320,498,-178
118000068,326,5698,-5372
118000069,504,591,-87
118000070,2188,1458,730
118000071,1620,6288,-4668
118000072,368,2860,-2492
118000073,333,1522,-1189
118000074,311,980,-669
118000075,583,852,-269
118000076,1161,3686,-2525
118000077,605,658,-53
118000078,1457,1544,-87
118000079,50,336,-286
118000080,225,253,-28
118000081,794,918,-124
118000082,121,702,-581
118000083,812,931,-119
118000084,659,1358,-699
118000086,182,322,-140
118000087,1762,1606,156
118000088,1003,785,218
118000089,2163,2189,-26
118000090,648,1840,-1192
118000091,574,2937,-2363
118000092,332,350,-18
118000093,69,536,-467
118000096,320,388,-68
118000097,300,375,-75
118000098,142,59,83
118000099,449,124,325
118000101,1317,157,1160
118000102,228,336,-108
118000107,600,113,487
118000108,205,3097,-2892
118000110,0,11,-11
118000111,2,190,-188
118000112,853,1,852
118000113,3,110,-107
118000114,795,2,793
118000115,5,8,-3
118000116,12,3,9
118000117,363,322,41
118000118,873,756,117
118000119,824,821,3
118000120,695,429,266
118000121,45,116,-71
118000122,182,60,122
118000123,65,119,-54
118000125,483,417,66
118000126,398,1408,-1010
118000127,621,597,24
118000128,203,907,-704
118000129,712,434,278
118000130,1080,1919,-839
118000131,170,340,-170
118000132,2580,2026,554
118000133,1070,472,598
118000135,457,413,44
118000136,47,306,-259
118000137,174,45,129
118000138,373,163,210
118000139,295,68,227
118000140,2100,6456,-4356
118000141,2632,1331,1301
118000142,1857,1138,719
118000143,2661,901,1760
118000144,571,205,366
118000145,635,472,163
118000146,890,191,699
118000147,806,529,277
118000148,670,1261,-591
118000149,658,256,402
118000150,759,62,697
118000151,706,153,553
118000153,1780,401,1379
118000154,1106,924,182
118000155,2009,688,1321
118000156,1603,2215,-612
118000157,396,186,210
118000158,94,424,-330
118000159,80,103,-23
118000160,649,269,380
118000161,498,247,251
118000162,945,905,40
118000163,925,795,130
118000164,1570,1404,166
118000168,306,604,-298
118000169,486,517,-31
118000170,1625,1570,55
118000171,343,308,35
118000172,74,152,-78
118000173,568,1279,-711
118000175,76,185,-109
118000176,372,252,120
118000177,381,261,120
118000178,3,33,-30
118000179,650,438,212
118000180,415,279,136
118000181,440,130,310
118000182,261,118,143
118000183,114,164,-50
118000184,1172,382,790
118000185,213,963,-750
118000186,164,728,-564
118000187,1612,177,1435
118000188,889,12,877
118000189,838,98,740
118000190,4,1,3
118000191,5,4,1
118000192,3,86,-83
118000193,13,143,-130
118000194,772,677,95
118000195,147,990,-843
118000196,17,200,-183
118000197,27,937,-910
118000198,223,1544,-1321
118000199,163,904,-741
118000200,37,166,-129
118000201,115,443,-328
118000202,4,73,-69
118000203,63,763,-700
118000204,10,244,-234
118000205,24,134,-110
118000206,118,56,62
118000207,0,31,-31
118000208,1044,1105,-61
118000209,1830,576,1254
118000210,182,19,163
118000211,59,22,37
118000213,344,1672,-1328
118000214,114,214,-100
118000215,395,19,376
118000216,3401,787,2614
118000217,4,21,-17
118000218,97,20,77
118000219,169,105,64
118000220,8,18,-10
118000221,567,384,183
118000222,49,5,44
118000223,54,12,42
118000224,86,26,60
118000225,85,259,-174
118000226,1037,63,974
118000227,121,201,-80
118000228,5,114,-109
118000229,10,59,-49
118000230,97,94,3
118000231,20,70,-50
118000232,442,173,269
118000233,1215,328,887
118000234,326,54,272
118000236,267,120,147
118000237,157,119,38
118000238,292,48,244
118000239,257,144,113
118000240,68,84,-16
118000241,131,79,52
118000242,407,106,301
118000243,178,110,68
118000244,60,27,33
118000246,0,4,-4
118000255,35,151,-116
118000256,83,133,-50
118000259,15,47,-32
118000260,227,49,178
118000261,42,9,33
118000263,81,104,-23
118000266,67,122,-55
118000267,1,110,-109
118000268,120,3,117
118000270,102,5,97
118000271,207,47,160
118000272,67,10,57
118000273,216,52,164
118000274,75,81,-6
118000276,336,102,234
118000295,8,37,-29
118000298,158,100,58
118000299,29,105,-76
118000301,0,34,-34
118000302,34,18,16
118000311,1057,16,1041
118000312,300,44,256
118000313,86,41,45
118000314,161,6,155
118000315,49,17,32
118000316,938,109,829
118000325,78,13,65
118000326,25,9,16
118000331,45,4,41
118000332,26,14,12
118000333,38,9,29
118000335,672,0,672
118000336,0,62,-62
118000407,449,68,381
118000457,0,23,-23
118000465,449,1687,-1238
118000480,16,25,-9
118000489,3,437,-434
118000490,5,93,-88
118000492,419,26,393
118000510,7,5,2
118000514,5,87,-82
118000515,417,684,-267
118000517,161,71,90
118000524,174,274,-100
118000525,196,340,-144
118000530,42,81,-39
118000531,379,94,285
118000532,138,138,0
118000533,118,75,43
118000534,369,181,188
118000535,375,11,364
118000536,27,322,-295
118000537,32,42,-10
118000538,11,55,-44
118000539,10,70,-60
118000540,190,36,154
118000541,42,58,-16
118000542,60,177,-117
118000543,179,135,44
118000546,43,5,38
118000560,469,1466,-997
118000562,70,23,47
118000563,972,709,263
118000576,67,24,43
118000577,101,102,-1
118000578,64,25,39
118000579,342,1105,-763
118000595,201,27,174
118000596,0,38,-38
118000597,84,60,24
118000598,21,0,21
118000599,200,13,187
118000600,1,5,-4
118000601,9,0,9
118000602,0,10,-10
118000603,0,1,-1
118900001,407,356,51
118900002,331,414,-83
118900003,543,7,536
118900004,73,15,58
118900005,12,7,5
118900006,93,0,93
118900007,3,1,2
118900008,565,13,552
118900009,98,138,-40
118900010,77,5,72
118900011,47,13,34
118900012,123,86,37
118900013,283,254,29
118900015,332,4,328
118900016,3,0,3
118900017,0,83,-83
118900018,715,56,659
118900019,2,4,-2
118900020,5,36,-31
118900021,96,188,-92
118900022,103,10,93
118900023,40,53,-13
118900024,67,54,13
118900025,10,44,-34
118900026,21,9,12
118900027,164,86,78
118900028,139,33,106
118900029,120,146,-26
118900030,684,29,655
118900031,75,9,66
118900032,194,27,167
118900033,242,322,-80
118900034,126,25,101
118900035,99,50,49
118900036,1071,234,837
118900037,121,282,-161
118900038,402,78,324
118900039,507,39,468
118900040,93,51,42
118900041,471,132,339
118900042,48,43,5
118900045,73,76,-3
118900046,335,293,42
118900047,176,238,-62
118900048,17,298,-281
118900049,4,7,-3
118900050,34,0,34
118900051,44,62,-18
118900052,70,194,-124
118900053,5,13,-8
118900054,147,14,133
118900055,156,12,144
118900056,7,89,-82
118900057,730,319,411
118900058,189,203,-14
118900059,5,22,-17
118900060,100,51,49
118900062,69,49,20
118900064,95,324,-229
118900065,13,87,-74
118900066,61,3,58
118900067,1537,4056,-2519
118900068,0,63,-63
118900069,627,62,565
118900071,0,5,-5
118900072,174,135,39
118900073,153,37,116
118900074,88,17,71
118900075,44,20,24
118900076,87,28,59
118900077,251,81,170
118900078,13,0,13
118900079,23,38,-15
118900080,30,13,17
118900081,24,9,15
118900082,1325,97,1228
118900083,0,1,-1
118900084,1,2,-1
118900085,290,145,145
118900086,36,25,11
118900087,22,500,-478
118900088,0,0,0
118900089,6,11,-5
118900090,128,63,65
118900091,109,75,34
118900092,187,24,163
118900093,19,6,13
118900096,1,5,-4
118900097,154,158,-4
118900099,54,54,0
118900100,20,28,-8
118900101,166,130,36
118900102,7,9,-2
118900103,6,50,-44
118900104,223,21,202
118900105,57,16,41
118900107,70,55,15
118900108,46,39,7
118900109,9,31,-22
118900110,417,627,-210
118900111,262,106,156
118900112,105,57,48
118900113,45,78,-33
118900114,0,8,-8
118900115,40,111,-71
118900116,68,27,41
118900117,61,43,18
118900118,281,276,5
118900119,66,171,-105
118900120,13,127,-114
118900121,10,283,-273
118900122,2,447,-445
118900123,44,68,-24
118900124,58,37,21
118900126,18,67,-49
118900129,136,37,99
118900130,8,30,-22
118900131,194,119,75
118900132,226,62,164
118900133,1,47,-46
118900135,128,86,42
118900136,177,129,48
118900137,2,28,-26
118900139,97,93,4
118900140,299,197,102
118900141,34,17,17
118900144,138,115,23
118900145,2,65,-63
118900146,162,201,-39
118900147,27,174,-147
118900148,48,17,31
118900150,15,277,-262
118900152,322,238,84
118900157,10,23,-13
118900158,140,17,123
118900159,0,21,-21
118900161,45,54,-9
118900163,6,27,-21
118900164,0,2,-2
118900165,50,47,3
118900166,11,0,11
118900167,37,39,-2
118900168,4,29,-25
118900169,84,86,-2
118900170,338,6,332
118900171,55,9,46
118900174,17,13,4
118900175,540,180,360
118900176,189,115,74
118900177,140,4,136
118900178,57,32,25
118900179,2,5,-3
118900181,47,30,17
118900182,6,15,-9
118900183,5,61,-56
118900184,91,0,91
118900185,76,22,54
118900186,69,28,41
118900187,83,176,-93
118900188,131,106,25
118900189,12,406,-394
118900190,23,60,-37
118900191,326,17,309
118900192,333,3,330
118900193,1090,2,1088
118900195,149,170,-21
118900196,10,56,-46
118900197,389,4,385
118900198,26,2,24
118900199,88,12,76
118900200,36,26,10
118900201,12,28,-16
118900202,1,22,-21
118900203,5,2,3
118900204,14,2,12
118900205,0,6,-6
118900206,0,4,-4
119000001,1301,1034,267
119000002,2946,2371,575
119000003,3245,474,2771
119000004,2121,1246,875
119000005,1610,1791,-181
119000006,2839,1251,1588
119000007,3466,2671,795
119000008,1157,752,405
119000009,2124,4415,-2291
119000010,2889,2825,64
119000011,2070,2087,-17
119000012,790,2239,-1449
119000013,3240,2008,1232
119000014,1123,1688,-565
119000019,132,141,-9
119000020,2116,1240,876
119000021,4167,2829,1338
119000022,842,2423,-1581
119000023,175,173,2
119000024,1120,12622,-11502
119000025,2000,764,1236
119000026,30,434,-404
119000027,76,354,-278
119000028,1150,339,811
119000029,91,104,-13
119000030,409,525,-116
119000031,616,380,236
119000032,893,969,-76
119000033,1620,584,1036
119000034,931,300,631
119000035,38,73,-35
119000036,2147,253,1894
119000037,1304,413,891
119000038,206,292,-86
119000039,677,291,386
119000040,324,701,-377
119000041,530,1271,-741
119000048,1584,981,603
119000049,1484,800,684
119000050,561,918,-357
119000051,1465,690,775
119000052,1025,1057,-32
119000053,1630,710,920
119000054,2325,717,1608
119000055,4402,866,3536
119000056,3445,896,2549
119000057,1057,396,661
119000058,767,476,291
119000059,698,474,224
119000060,1306,373,933
119000061,487,320,167
119000062,854,482,372
119000063,526,295,231
119000064,274,332,-58
119000065,712,1247,-535
119000066,1706,643,1063
119000067,1097,813,284
119000068,1168,341,827
119000069,1493,567,926
119000070,2272,353,1919
119000071,404,212,192
119000072,2068,1111,957
119000073,2688,5514,-2826
119000074,1323,578,745
119000075,4093,1068,3025
119000076,103,402,-299
119000077,493,311,182
119000078,288,370,-82
119000079,116,820,-704
119000080,467,40,427
119000081,267,280,-13
119000082,521,89,432
119000083,414,178,236
119000084,170,178,-8
119000085,748,46,702
119000086,343,184,159
119000087,376,178,198
119000088,313,32,281
119000089,64,81,-17
119000090,69,59,10
119000091,56,185,-129
119000092,165,161,4
119000093,1870,1057,813
119000094,3651,2727,924
119000095,1940,1482,458
119000097,648,522,126
119000098,851,3394,-2543
119000099,1207,470,737
119000100,3621,1757,1864
119000101,2123,1116,1007
119000102,113,1119,-1006
119000103,537,291,246
119000104,562,315,247
119000105,593,1740,-1147
119000106,357,353,4
119000107,1175,394,781
119000108,438,307,131
119000109,54,194,-140
119000110,141,129,12
119000111,21,321,-300
119000112,103,39,64
119000113,442,143,299
119000114,443,806,-363
119000115,31,105,-74
119000116,30,77,-47
119000117,89,168,-79
119000118,13,0,13
119000123,813,1571,-758
119000124,818,115,703
119000125,4023,333,3690
119000126,1070,240,830
119000127,708,128,580
119000128,30,1,29
119000131,962,163,799
119000132,7,0,7
119000133,0,24,-24
119000134,466,374,92
119000135,207,82,125
119000136,236,36,200
119000137,277,72,205
119000138,801,36,765
119000139,103,42,61
119000140,134,131,3
119000284,478,1156,-678
119000285,989,566,423
119000286,2304,1403,901
119000287,1033,866,167
119000288,1256,381,875
119000289,594,669,-75
119000290,212,150,62
119000291,8,157,-149
119000293,99,155,-56
119000294,37,27,10
119000295,790,199,591
119000296,179,63,116
119000302,1086,916,170
119000303,12,57,-45
119000314,1096,9998,-8902
119000315,0,59,-59
119000316,108,27,81
119000317,80,67,13
119900001,76,497,-421
119900002,127,79,48
119900003,2,85,-83
119900004,42,1623,-1581
119900005,252,16,236
119900006,91,214,-123
119900007,349,189,160
119900008,32,81,-49
119900009,219,99,120
119900010,458,278,180
119900011,12,297,-285
119900012,17,123,-106
119900013,1066,938,128
119900014,316,86,230
119900015,286,30,256
119900016,29,9,20
119900017,38,13,25
119900018,638,1154,-516
119900019,56,4,52
119900020,25,46,-21
119900021,40,18,22
119900022,38,935,-897
119900023,229,2029,-1800
119900025,387,5,382
119900026,168,26,142
119900027,3,17,-14
119900028,122,178,-56
119900029,4,1,3
119900030,361,230,131
119900031,19,602,-583
119900033,411,226,185
119900034,537,29,508
119900037,135,1,134
119900038,29,167,-138
119900039,65,14,51
119900040,99,28,71
119900041,121,16,105
119900042,47,77,-30
119900043,138,15,123
119900044,81,604,-523
119900046,162,12,150
119900047,256,134,122
119900048,22,19,3
119900049,139,1,138
119900050,184,84,100
119900051,1091,4,1087
119900052,92,14,78
119900053,245,65,180
119900054,382,16,366
119900055,1089,126,963
119900057,368,55,313
119900058,347,3,344
119900059,28,26,2
119900060,592,16,576
119900061,29,0,29
119900062,84,8,76
119900063,16,48,-32
119900064,744,60,684
119900065,251,1,250
119900066,2,0,2
119900067,42,14,28
119900068,841,2,839
119900069,137,9,128
119900070,1060,13,1047
119900071,1027,35,992
119900072,14,3,11
119900073,635,49,586
119900074,6,22,-16
119900075,846,961,-115
119900076,650,140,510
119900077,1239,185,1054
119900078,450,172,278
119900079,462,85,377
119900080,1494,329,1165
119900081,296,33,263
119900082,2023,217,1806
119900083,180,36,144
119900084,133,41,92
119900085,28,12,16
119900086,170,43,127
119900087,67,122,-55
119900088,22,36,-14
119900089,12,112,-100
119900090,55,11,44
119900091,23,149,-126
119900092,17,242,-225
119900093,619,96,523
119900094,13,93,-80
119900095,56,14,42
119900096,63,44,19
119900097,18,148,-130
119900098,23,5,18
119900099,22,65,-43
119900100,431,1526,-1095
119900101,61,367,-306
119900102,17,34,-17
119900103,55,44,11
119900104,27,40,-13
119900105,287,915,-628
119900106,5,45,-40
119900107,123,685,-562
119900108,1581,276,1305
119900109,16,60,-44
119900110,349,127,222
119900111,181,64,117
119900112,517,411,106
119900113,9,69,-60
119900114,212,192,20
119900115,450,149,301
119900116,46,263,-217
119900117,176,198,-22
119900118,144,122,22
119900119,180,37,143
119900120,220,229,-9
119900121,386,211,175
119900122,9,65,-56
119900123,52,94,-42
119900124,168,288,-120
119900125,12,35,-23
119900126,1238,114,1124
119900127,318,155,163
119900128,259,196,63
119900129,215,72,143
119900130,0,18,-18
119900131,27,43,-16
119900132,0,17,-17
119900133,72,45,27
119900134,302,61,241
119900135,1,48,-47
119900136,68,37,31
119900138,56,80,-24
119900139,15,120,-105
119900140,1,16,-15
119900141,9,503,-494
119900142,13,15,-2
119900143,4,264,-260
119900144,438,43,395
119900145,21,41,-20
119900146,80,53,27
119900147,1,113,-112
119900148,478,10,468
119900149,186,4051,-3865
119900150,44,17,27
119900151,638,490,148
119900152,96,58,38
119900153,200,16,184
119900154,92,82,10
119900155,29,13,16
119900156,11,2,9
119900157,156,52,104
119900158,144,25,119
119900159,6,370,-364
119900160,20,34,-14
119900161,50,48,2
119900162,955,462,493
119900163,15,58,-43
119900164,0,3,-3
119900165,149,43,106
119900166,75,18,57
119900167,1,11,-10
119900168,1037,215,822
119900169,27,163,-136
119900170,124,71,53
119900171,421,184,237
119900172,29,14,15
119900173,12,51,-39
119900174,0,20,-20
119900175,1681,123,1558
119900177,5,42,-37
119900178,1,27,-26
119900179,145,852,-707
119900180,744,246,498
119900181,14,38,-24
119900182,0,68,-68
119900183,41,212,-171
119900184,367,183,184
119900185,40,274,-234
119900186,20,1083,-1063
119900187,25,107,-82
119900188,53,129,-76
119900189,62,38,24
119900190,29,202,-173
119900191,66,68,-2
119900192,25,67,-42
119900193,563,86,477
119900194,14,10,4
119900195,1,79,-78
119900196,148,62,86
119900197,327,62,265
119900198,41,120,-79
119900199,129,6,123
119900200,597,321,276
119900201,85,72,13
119900202,23,140,-117
119900203,50,282,-232
119900204,113,69,44
119900205,974,103,871
119900206,306,80,226
119900208,121,27,94
119900209,364,986,-622
119900210,86,5,81
119900211,46,0,46
119900212,451,180,271
119900213,9,42,-33
119900214,45,25,20
119900215,35,12,23
119900216,3,4,-1
119900217,16,6,10
119900218,8,7,1
119900219,3,7,-4
119900220,2,14,-12
119900221,32,29,3
119900222,3,45,-42
119900223,4,7,-3
119900224,3,4,-1
119900225,119,11,108
119900226,119,1225,-1106
119900227,205,86,119
119900228,10,286,-276
119900229,71,100,-29
119900230,431,118,313
119900231,270,38,232
119900232,132,23,109
119900233,89,7,82
119900234,0,81,-81
119900235,10,12,-2
119900236,10,27,-17
119900237,48,160,-112
119900238,1,42,-41
119900240,79,29,50
119900241,104,58,46
119900242,843,501,342
119900244,201,505,-304
119900245,69,54,15
119900246,76,173,-97
119900247,18,14,4
119900248,12,251,-239
119900249,263,31,232
119900253,598,337,261
119900254,44,708,-664
119900255,64,229,-165
119900256,1137,252,885
119900257,192,2,190
119900258,165,11,154
119900259,10,14,-4
119900260,259,9,250
119900261,232,52,180
119900262,2,48,-46
119900263,681,83,598
119900264,113,40,73
119900265,423,118,305
119900266,335,44,291
119900267,68,130,-62
119900268,98,51,47
119900269,800,291,509
119900271,16,19,-3
119900272,34,45,-11
119900275,100,24,76
119900276,101,2,99
119900277,36,6,30
119900278,247,41,206
119900279,69,227,-158
119900280,372,24,348
119900281,3,143,-140
119900282,21,46,-25
119900283,11,37,-26
119900284,24,77,-53
119900285,0,105,-105
119900286,0,17,-17
119900288,0,4,-4
119900289,12,0,12
119900290,6,2,4
119900291,1,11,-10
119900292,20,60,-40
119900293,21,28,-7
119900294,17,27,-10
119900295,23,14,9
119900296,109,34,75
119900297,18,29,-11
119900298,3,26,-23
119900299,71,47,24
119900300,429,91,338
119900301,17,116,-99
119900302,10,77,-67
119900303,296,151,145
119900304,167,1,166
119900305,0,5,-5
119900306,2,3,-1
119900307,68,34,34
119900308,2,5,-3
119900309,29,209,-180
119900310,98,36,62
119900311,189,20,169
119900312,90,10,80
119900313,99,74,25
119900314,183,196,-13
119900315,2369,639,1730
119900318,17,54,-37
119900319,0,57,-57
119900320,233,249,-16
119900321,152,19,133
120000001,5391,18377,-12986
120000002,2109,1185,924
120000003,1240,653,587
120000004,1484,680,804
120000005,1816,572,1244
120000006,864,476,388
120000007,1624,2502,-878
120000008,582,503,79
120000009,1184,600,584
120000010,1611,1090,521
120000011,649,622,27
120000012,1477,979,498
120000013,2631,1533,1098
120000014,625,709,-84
120000015,1849,881,968
120000016,3197,1669,1528
120000017,3021,2319,702
120000018,2323,12490,-10167
120000019,795,858,-63
120000020,1445,2352,-907
120000021,1248,917,331
120000022,2775,3829,-1054
120000023,1407,1093,314
120000024,859,1291,-432
120000025,2707,847,1860
120000026,2994,1416,1578
120000027,1964,1527,437
120000028,625,780,-155
120000029,601,1000,-399
120000030,140,515,-375
120000031,1069,3052,-1983
120000032,2721,1244,1477
120000033,2654,545,2109
120000034,2682,483,2199
120000035,2942,585,2357
120000036,2429,2833,-404
120000037,462,1624,-1162
120000038,1815,1491,324
120000039,325,1262,-937
120000040,49,2435,-2386
120000041,437,636,-199
120000042,1561,816,745
120000043,4010,662,3348
120000044,6046,1179,4867
120000045,7015,488,6527
120000046,5256,3068,2188
120000047,332,4630,-4298
120000048,3946,1885,2061
120000049,3071,1380,1691
120000050,2143,1667,476
120000051,1786,2513,-727
120000052,4626,761,3865
120000053,953,1229,-276
120000054,801,1939,-1138
120000055,1087,1522,-435
120000056,2906,2091,815
120000057,2554,577,1977
120000058,997,687,310
120000059,21,1800,-1779
120000061,12,308,-296
120000062,62,235,-173
120000063,372,1112,-740
120000064,258,485,-227
120000065,272,575,-303
120000066,170,207,-37
120000067,35,259,-224
120000068,158,290,-132
120000069,542,205,337
120000070,160,262,-102
120000071,1005,57,948
120000072,1218,336,882
120000073,1054,60,994
120000074,119,21,98
120000075,1279,118,1161
120000076,2593,221,2372
120000077,2615,232,2383
120000078,1974,612,1362
120000079,249,118,131
120000080,43,135,-92
120000081,297,60,237
120000082,380,94,286
120000083,94,683,-589
120000084,199,192,7
120000085,165,267,-102
120000086,69,187,-118
120000087,161,177,-16
120000088,573,483,90
120000089,796,259,537
120000090,522,175,347
120000091,1295,300,995
120000092,1037,156,881
120000093,930,226,704
120000094,363,313,50
120000095,492,141,351
120000096,219,245,-26
120000098,589,328,261
120000099,203,296,-93
120000100,540,295,245
120000101,407,151,256
120000102,581,1019,-438
120000103,985,688,297
120000104,2158,170,1988
120000105,2518,185,2333
120000106,3070,170,2900
120000107,5763,168,5595
120000108,2300,48,2252
120000109,959,32,927
120000110,36,325,-289
120000111,48,338,-290
120000112,285,1197,-912
120000113,188,966,-778
120000114,200,484,-284
120000115,150,557,-407
120000116,162,527,-365
120000117,451,496,-45
120000118,11,4,7
120000119,6,19,-13
120000120,125,88,37
120000121,7,6,1
120000122,94,468,-374
120000123,1499,8492,-6993
120000124,410,171,239
120000125,579,292,287
120000126,231,493,-262
120000127,355,259,96
120000128,1067,1396,-329
120000129,108,106,2
120000130,429,179,250
120000131,284,181,103
120000134,192,120,72
120000135,1134,505,629
120000137,269,83,186
120000138,1500,90,1410
120000139,200,102,98
120000140,1737,67,1670
120000141,299,208,91
120000142,761,252,509
120000143,0,59,-59
120000144,138,3,135
120000145,668,1,667
120000146,384,739,-355
120000149,274,236,38
120000150,786,8665,-7879
120000151,393,143,250
120000152,1291,73,1218
120000153,607,131,476
120000154,323,322,1
120000155,192,268,-76
120000156,203,1320,-1117
120000157,984,178,806
120000158,563,250,313
120000159,1039,841,198
120000160,1781,1437,344
120000161,2694,1899,795
120000162,134,224,-90
120000163,744,161,583
120000164,659,56,603
120000165,963,155,808
120000166,1875,182,1693
120000167,35,120,-85
120000168,1,209,-208
120000169,6,622,-616
120000170,8,468,-460
120000171,5,261,-256
120000172,1,223,-222
120000173,173,233,-60
120000174,30,23,7
120000175,35,22,13
120000176,20,24,-4
120000177,294,44,250
120000178,49,21,28
120000179,39,32,7
120000180,70,48,22
120000181,22,490,-468
120000182,14,346,-332
120000183,3,233,-230
120000184,14,615,-601
120000186,17,298,-281
120000187,32,73,-41
120000188,30,88,-58
120000190,154,32,122
120000191,130,20,110
120000192,109,8,101
120000193,56,2,54
120000195,3,0,3
120000196,74,7,67
120000197,16,42,-26
120000198,287,9,278
120000199,309,0,309
120000200,262,0,262
120000201,51,78,-27
120000202,0,33,-33
120000203,76,29,47
120000207,0,17,-17
120000208,2,41,-39
120000209,1,10,-9
120000210,40,34,6
120000211,151,2,149
120000212,345,2,343
120000213,217,94,123
120000214,0,29,-29
120000215,0,11,-11
120000216,170,8,162
120000217,179,229,-50
120000218,34,302,-268
120000219,2,280,-278
120000220,1,630,-629
120000225,3134,6,3128
120000226,506,8,498
120000227,988,109,879
120000228,5999,3468,2531
120000230,431,30,401
120000231,1557,339,1218
120000233,522,20,502
120000235,140,196,-56
120000236,1625,0,1625
120000237,1,309,-308
120000238,0,180,-180
120000241,1175,3100,-1925
120000412,248,17,231
120000413,537,38,499
120000414,194,0,194
120000415,0,15,-15
120000416,163,1,162
120000417,1,49,-48
120000418,454,7,447
120000419,2,36,-34
120000420,22,3,19
120000421,4933,2755,2178
120000422,74,1885,-1811
120000423,0,76,-76
120000424,91,7,84
120000436,59,1173,-1114
120000437,28,56,-28
120000438,891,150,741
120000439,156,362,-206
120000443,148,1,147
120000444,1605,217,1388
120000445,1466,854,612
120000446,280,81,199
120000447,568,4,564
120000449,270,2,268
120000450,0,38,-38
120000451,131,62,69
120000452,173,0,173
120000453,0,34,-34
120000454,32,41,-9
120000455,89,25,64
120000456,715,2934,-2219
120000457,439,193,246
120000458,249,155,94
120000459,206,25,181
120000665,148,252,-104
120000668,36,716,-680
120000669,103,62,41
120000670,53,393,-340
120000671,1110,395,715
120000672,13,154,-141
120900001,116,21,95
120900002,75,102,-27
120900003,115,7,108
120900004,4,83,-79
120900005,65,127,-62
120900006,717,44,673
120900007,51,33,18
120900008,530,206,324
120900009,125,8,117
120900010,715,56,659
120900011,4,110,-106
120900012,29,1196,-1167
120900013,420,70,350
120900014,0,95,-95
120900015,1160,40,1120
120900016,1626,18,1608
120900017,873,69,804
120900018,175,112,63
120900019,376,249,127
120900020,258,446,-188
120900021,665,59,606
120900022,0,49,-49
120900023,528,33,495
120900024,607,169,438
120900025,510,325,185
120900026,82,81,1
120900027,234,34,200
120900028,679,149,530
120900029,18,964,-946
120900030,2013,250,1763
120900031,539,115,424
120900032,1838,63,1775
120900033,1403,46,1357
120900034,16,1882,-1866
120900035,49,55,-6
120900037,353,2,351
120900038,103,674,-571
120900039,119,30,89
120900040,431,3,428
120900041,2,8,-6
120900042,643,31,612
120900043,86,6,80
120900044,3,215,-212
120900045,67,40,27
120900046,890,1,889
120900047,119,255,-136
120900048,156,23,133
120900049,830,4,826
120900050,444,2574,-2130
120900051,308,84,224
120900052,1351,1,1350
120900053,502,43,459
120900054,300,68,232
120900055,772,2,770
120900056,856,24,832
120900057,346,27,319
120900058,1030,1,1029
120900059,128,2,126
120900060,111,23,88
120900061,113,51,62
120900062,395,2,393
120900063,843,4,839
120900064,1048,1,1047
120900065,1164,5,1159
120900066,870,202,668
120900067,199,33,166
120900068,532,0,532
120900069,462,5,457
120900071,40,2,38
120900072,1270,8,1262
120900073,958,98,860
120900074,1192,36,1156
120900076,604,0,604
120900077,720,328,392
120900078,885,143,742
120900079,1244,98,1146
120900080,1488,319,1169
120900081,1917,267,1650
120900082,247,188,59
120900083,198,4,194
120900084,347,443,-96
120900085,8,25,-17
120900086,30,515,-485
120900087,544,128,416
120900088,121,814,-693
120900089,1184,3597,-2413
120900090,205,20,185
120900091,158,621,-463
120900092,78,152,-74
120900093,917,57,860
120900094,81,75,6
120900095,178,8,170
120900096,50,112,-62
120900097,201,260,-59
120900098,110,98,12
120900099,15,28,-13
120900100,5,25,-20
120900101,21,56,-35
120900102,22,24,-2
120900103,50,52,-2
120900104,1,12,-11
120900105,3,167,-164
120900106,231,90,141
120900107,107,93,14
120900108,0,156,-156
120900109,17,141,-124
120900110,3,111,-108
120900111,90,74,16
120900112,3,200,-197
120900113,8,135,-127
120900114,19,51,-32
120900115,64,164,-100
120900116,641,100,541
120900117,19,113,-94
120900118,20,225,-205
120900119,3287,1436,1851
120900120,16,207,-191
120900121,8,152,-144
120900122,984,225,759
120900123,0,95,-95
120900124,4,146,-142
120900125,0,208,-208
120900126,165,142,23
120900127,4,119,-115
120900128,133,345,-212
120900129,4,90,-86
120900130,12,184,-172
120900131,64,56,8
120900132,1249,80,1169
120900133,22,169,-147
120900134,33,214,-181
120900135,2,210,-208
120900136,9,71,-62
120900137,477,23,454
120900138,1,139,-138
120900139,1,180,-179
120900140,1,98,-97
120900141,353,59,294
120900142,1,89,-88
120900143,0,206,-206
120900144,0,46,-46
120900145,76,239,-163
120900146,0,172,-172
120900147,1,3,-2
120900148,91,26,65
120900149,0,60,-60
120900150,71,97,-26
120900151,0,59,-59
120900152,0,1,-1
120900153,35,0,35
120900154,0,72,-72
120900155,158,204,-46
120900156,96,105,-9
120900157,0,0,0
120900158,6,134,-128
120900159,0,79,-79
120900160,9,208,-199
120900161,12,569,-557
120900162,11,246,-235
120900163,15,300,-285
120900164,0,34,-34
120900165,0,67,-67
120900166,22,396,-374
120900167,66,34,32
120900169,84,144,-60
120900170,190,4288,-4098
120900171,319,41,278
120900172,120,360,-240
120900173,0,32,-32
120900174,6,50,-44
120900175,54,21,33
120900176,6,382,-376
120900177,0,1401,-1401
120900178,0,746,-746
120900179,95,89,6
120900180,63,155,-92
120900181,15,12,3
120900182,31,27,4
120900183,291,31,260
120900184,119,37,82
120900185,124,869,-745
120900186,1,115,-114
120900187,587,258,329
120900188,259,25,234
120900189,47,2505,-2458
120900190,155,20,135
120900191,52,0,52
120900192,3640,11279,-7639
120900194,32,21,11
120900195,71,96,-25
120900196,192,7,185
120900197,827,68,759
120900198,52,230,-178
120900199,224,481,-257
120900200,20,61,-41
120900201,191,41,150
120900202,1,55,-54
120900203,42,13,29
120900204,37,93,-56
120900205,47,27,20
120900206,25,34,-9
121000001,536,669,-133
121000002,1048,1321,-273
121000003,3452,1494,1958
121000004,1111,2397,-1286
121000005,1888,2515,-627
121000006,1271,2054,-783
121000007,1450,2721,-1271
121000008,2082,2873,-791
121000009,3277,4445,-1168
121000010,2681,2831,-150
121000011,3616,4572,-956
121000012,6307,2851,3456
121000013,3591,3258,333
121000014,3035,1904,1131
121000015,2858,4100,-1242
121000016,2271,1654,617
121000017,1682,1816,-134
121000018,1958,1103,855
121000019,3566,5204,-1638
121000020,5701,10370,-4669
121000021,909,945,-36
121000022,1245,2094,-849
121000023,1217,492,725
121000024,2764,3115,-351
121000025,105,624,-519
121000026,93,79,14
121000027,822,788,34
121000028,321,420,-99
121000029,480,339,141
121000030,292,330,-38
121000031,238,312,-74
121000032,95,123,-28
121000034,89,177,-88
121000035,82,162,-80
121000036,558,505,53
121000037,279,822,-543
121000038,206,470,-264
121000039,98,201,-103
121000041,204,454,-250
121000042,132,212,-80
121000043,219,593,-374
121000044,528,439,89
121000045,250,257,-7
121000046,351,598,-247
121000047,28,108,-80
121000049,486,686,-200
121000050,100,1398,-1298
121000051,499,167,332
121000052,299,1123,-824
121000053,132,144,-12
121000054,21,260,-239
121000055,460,765,-305
121000056,648,1051,-403
121000057,64,133,-69
121000058,93,47,46
121000059,2452,639,1813
121000060,492,798,-306
121000061,28,360,-332
121000062,37,294,-257
121000063,635,999,-364
121000064,385,394,-9
121000065,157,307,-150
121000066,228,187,41
121000067,214,368,-154
121000068,201,409,-208
121000069,122,1022,-900
121000070,619,528,91
121000071,934,1149,-215
121000072,510,284,226
121000073,546,898,-352
121000074,54,133,-79
121000075,13,39,-26
121000076,244,136,108
121000077,59,92,-33
121000078,36,182,-146
121000080,637,231,406
121000081,1026,2304,-1278
121000082,97,135,-38
121000083,38,31,7
121000084,94,157,-63
121000085,168,212,-44
121000086,358,314,44
121000087,37,116,-79
121000088,325,231,94
121000089,73,292,-219
121000090,110,267,-157
121000091,633,457,176
121000092,135,26,109
121000093,191,79,112
121000094,234,353,-119
121000095,108,562,-454
121000096,2585,672,1913
121000097,279,879,-600
121000098,162,325,-163
121000099,468,515,-47
121000100,756,240,516
121000101,206,42,164
121000102,191,66,125
121000103,126,194,-68
121000104,222,76,146
121000105,155,38,117
121000106,116,177,-61
121000107,1081,1518,-437
121000109,709,746,-37
121000110,127,556,-429
121000114,1848,1284,564
121000115,448,205,243
121000116,146,160,-14
121000117,245,74,171
121000118,1259,65,1194
121000119,287,231,56
121000120,162,430,-268
121000121,414,1623,-1209
121000123,292,128,164
121000126,46,326,-280
121000127,135,116,19
121000128,941,141,800
121000129,862,224,638
121000130,310,1079,-769
121000131,630,673,-43
121000132,241,599,-358
121000135,203,497,-294
121000136,326,1146,-820
121000137,187,306,-119
121000138,186,2554,-2368
121000139,61,500,-439
121000141,200,114,86
121000142,217,390,-173
121000143,30,27,3
121000144,243,923,-680
121000145,375,378,-3
121000146,732,677,55
121000147,750,297,453
121000148,368,305,63
121000149,1421,856,565
121000152,133,162,-29
121000153,1035,276,759
121000154,840,309,531
121000155,1324,565,759
121000156,280,449,-169
121000157,347,564,-217
121000158,172,199,-27
121000159,145,163,-18
121000160,335,106,229
121000161,168,267,-99
121000162,84,57,27
121000165,520,1536,-1016
121000166,13,277,-264
121000168,327,148,179
121000169,21,40,-19
121000170,136,21,115
121000171,133,48,85
121000172,590,513,77
121000173,1228,990,238
121000174,577,527,50
121000175,1163,174,989
121000176,243,227,16
121000177,494,261,233
121000178,62,23,39
121000179,60,58,2
121000181,137,285,-148
121000182,175,387,-212
121000183,27,374,-347
121000184,25,328,-303
121000185,14,408,-394
121000186,223,534,-311
121000187,183,59,124
121000188,233,30,203
121000192,411,303,108
121000193,335,155,180
121000194,979,1226,-247
121000195,259,603,-344
121000196,297,167,130
121000197,45,217,-172
121000198,55,116,-61
121000199,177,139,38
121000200,471,55,416
121000201,13,219,-206
121000202,435,50,385
121000203,447,517,-70
121000204,2920,305,2615
121000205,221,357,-136
121000206,58,145,-87
121000207,1775,841,934
121000208,14,290,-276
121000209,871,90,781
121000210,903,276,627
121000211,218,51,167
121000212,356,293,63
121000213,5473,1610,3863
121000214,481,1404,-923
121000215,644,605,39
121000216,167,418,-251
121000217,2125,2665,-540
121000218,343,798,-455
121000219,943,364,579
121000220,135,45,90
121000221,295,496,-201
121000222,3755,2312,1443
121000223,144,395,-251
121000224,65,319,-254
121000225,275,5065,-4790
121000226,597,1670,-1073
121000227,21,112,-91
121000228,33,197,-164
121000229,124,210,-86
121000230,82,783,-701
121000231,1445,50,1395
121000232,191,131,60
121000233,624,225,399
121000234,8,114,-106
121000235,34,108,-74
121000236,3,56,-53
121000237,12,11,1
121000238,0,31,-31
121000239,79,13,66
121000240,1,91,-90
121000241,104,6,98
121000242,4,157,-153
121000243,148,15,133
121000244,3,92,-89
121000245,40,3,37
121000246,0,106,-106
121000247,117,2,115
121000248,310,238,72
121000249,52,155,-103
121000250,630,659,-29
121000251,4,153,-149
121000252,139,110,29
121000253,184,633,-449
121000254,712,436,276
121000255,62,450,-388
121000256,213,427,-214
121000257,22,237,-215
121000258,21,279,-258
121000259,6,139,-133
121000260,14,127,-113
121000261,77,288,-211
121000262,549,253,296
121000263,219,275,-56
121000271,286,726,-440
121000273,29,19,10
121000274,10,243,-233
121000275,0,6,-6
121000276,4,134,-130
121000278,49,11,38
121000279,20,78,-58
121000280,10,149,-139
121000289,263,59,204
121000290,358,691,-333
121000294,255,68,187
121000297,159,732,-573
121000299,75,1030,-955
121000300,770,358,412
121000302,17,397,-380
121000303,223,94,129
121000304,313,44,269
121000305,186,33,153
121000306,138,70,68
121000308,65,96,-31
121000309,175,171,4
121000310,109,72,37
121000311,34,154,-120
121000312,368,231,137
121000313,81,145,-64
121000314,14,17,-3
121000315,4,40,-36
121000530,1579,697,882
121000531,1669,898,771
121000532,2917,4230,-1313
121000533,2357,1504,853
121000918,38,126,-88
121000919,8,85,-77
121000938,26,114,-88
121000939,14,171,-157
121000956,1621,941,680
121000957,1,21,-20
121000958,5,98,-93
121000959,1072,346,726
121000960,1281,628,653
121000961,371,24,347
121000962,219,173,46
121000973,0,192,-192
121000976,1,39,-38
121000979,135,183,-48
121000981,294,50,244
121000982,433,268,165
121000983,335,60,275
121000984,0,15,-15
121000985,987,315,672
121000986,790,395,395
121000987,171,520,-349
121000988,1012,55,957
121001302,126,73,53
121001308,1,4,-3
121001309,2,297,-295
121001313,196,206,-10
121001314,626,1475,-849
121001315,3511,2274,1237
121900001,86,297,-211
121900002,29,1,28
121900003,287,38,249
121900004,27,252,-225
121900005,16,6,10
121900006,107,4,103
121900007,1754,750,1004
121900008,31,37,-6
121900009,693,106,587
121900010,167,0,167
121900011,142,98,44
121900012,18,0,18
121900013,18,25,-7
121900014,697,183,514
121900015,81,53,28
121900016,4,1,3
121900017,213,366,-153
121900018,257,0,257
121900019,245,48,197
121900020,16,3,13
121900021,808,12,796
121900022,108,60,48
121900023,177,267,-90
121900024,88,30,58
121900025,360,65,295
121900026,36,21,15
121900027,207,205,2
121900028,137,10,127
121900029,39,310,-271
121900030,113,174,-61
121900031,213,4005,-3792
121900032,78,12,66
121900033,44,88,-44
121900034,204,105,99
121900035,1503,1043,460
121900036,58,145,-87
121900037,101,1624,-1523
121900038,3,15,-12
121900039,135,5,130
121900040,30,14,16
121900041,35,201,-166
121900042,252,95,157
121900043,0,1,-1
121900044,28,54,-26
121900046,40,66,-26
121900047,61,62,-1
121900048,50,27,23
121900050,19,6,13
121900051,91,175,-84
121900052,41,10,31
121900053,343,224,119
121900054,113,402,-289
121900055,2,22,-20
121900058,175,29,146
121900059,108,27,81
121900060,58,158,-100
121900061,94,651,-557
121900062,113,67,46
121900063,1059,193,866
121900064,157,251,-94
121900066,17,40,-23
121900067,3,5,-2
121900069,70,56,14
121900070,89,224,-135
121900071,396,141,255
121900072,38,13,25
121900073,43,124,-81
121900074,214,285,-71
121900075,132,473,-341
121900076,195,200,-5
121900077,0,1,-1
121900078,95,53,42
121900079,0,0,0
121900080,366,111,255
121900082,56,18,38
121900084,3,11,-8
121900085,1,3,-2
121900086,6,27,-21
121900087,34,51,-17
121900088,438,539,-101
121900089,185,69,116
121900090,0,29,-29
121900091,17,3,14
121900092,165,84,81
121900093,54,44,10
121900094,0,8,-8
121900095,120,49,71
121900096,393,403,-10
121900097,251,32,219
121900098,2,1,1
121900099,109,13,96
121900100,6,27,-21
121900101,46,32,14
121900102,1,11,-10
121900103,179,124,55
121900104,963,161,802
121900105,75,45,30
121900106,1,5,-4
121900107,66,37,29
121900108,0,1,-1
121900109,89,44,45
121900110,377,102,275
121900111,81,77,4
121900112,33,25,8
121900113,24,140,-116
121900114,13,5,8
121900115,55,185,-130
121900117,2,15,-13
121900118,335,78,257
121900119,178,38,140
121900120,14,203,-189
121900121,46,4,42
121900122,59,28,31
121900123,76,104,-28
121900124,50,60,-10
121900125,667,366,301
121900127,7,54,-47
121900128,26,4,22
121900129,118,37,81
121900130,25,1183,-1158
121900131,111,25,86
121900132,16,10,6
121900133,0,268,-268
121900134,2,208,-206
121900135,4618,403,4215
121900136,47,94,-47
121900137,4,66,-62
121900138,28,92,-64
121900139,145,643,-498
121900140,5,8,-3
121900141,34,15,19
121900142,12,9,3
121900143,5,53,-48
121900144,41,118,-77
121900145,47,114,-67
121900146,122,55,67
121900147,11,13,-2
121900148,28,82,-54
121900149,77,33,44
121900150,22,17,5
121900151,12,20,-8
121900152,40,8,32
121900153,0,101,-101
121900154,0,25,-25
121900155,0,51,-51
121900156,9,12,-3
121900157,5,17,-12
121900158,12,8,4
121900159,0,20,-20
121900160,27,43,-16
121900161,29,91,-62
121900162,9,15,-6
121900163,208,47,161
121900164,105,122,-17
121900165,91,40,51
121900166,156,27,129
121900167,62,15,47
121900168,45,4,41
121900169,0,2,-2
121900170,1,35,-34
121900171,593,156,437
121900172,107,33,74
121900173,235,116,119
121900174,73,9,64
121900175,17,129,-112
121900176,298,589,-291
121900177,22,9,13
121900178,22,10,12
121900179,102,254,-152
121900180,750,4668,-3918
121900182,315,185,130
121900183,141,1232,-1091
121900184,9,749,-740
121900186,1,189,-188
121900187,1,30,-29
121900188,258,28,230
121900189,9,28,-19
121900190,58,234,-176
121900191,38,137,-99
121900192,72,469,-397
121900193,6,41,-35
121900194,1,77,-76
121900195,8,28,-20
121900196,124,478,-354
121900197,112,395,-283
121900198,1953,727,1226
121900199,1,33,-32
121900200,4,37,-33
121900201,315,291,24
121900202,44,323,-279
121900203,43,366,-323
121900204,203,483,-280
121900205,6,44,-38
121900206,0,54,-54
121900207,2,13,-11
121900208,11,102,-91
121900209,19,30,-11
121900210,732,358,374
121900211,7,19,-12
121900212,22,26,-4
121900213,167,3,164
121900214,0,227,-227
121900215,7,82,-75
121900216,6,117,-111
121900217,81,119,-38
121900218,70,268,-198
121900220,31,3,28
121900221,87,210,-123
121900222,94,11,83
121900223,33,15,18
121900224,36,11,25
121900225,28,76,-48
121900226,72,10,62
121900227,98,306,-208
121900228,48,36,12
121900229,121,146,-25
121900230,44,133,-89
121900231,30,183,-153
121900232,56,116,-60
121900233,31,33,-2
121900234,124,63,61
121900235,321,38,283
121900236,170,32,138
121900237,11,58,-47
121900238,20,63,-43
121900239,82,16,66
121900240,78,52,26
121900241,2,3,-1
121900242,0,0,0
121900243,0,0,0
121900244,11,0,11
121900245,82,17,65
121900246,1848,87,1761
121900247,196,98,98
121900248,333,226,107
121900250,100,258,-158
121900251,249,31,218
121900252,112,59,53
121900253,6,379,-373
121900254,72,244,-172
121900255,236,52,184
121900258,2573,1070,1503
121900259,86,150,-64
121900260,65,26,39
121900261,6,140,-134
121900262,56,190,-134
121900263,45,87,-42
121900264,224,191,33
121900265,147,44,103
121900266,259,60,199
121900267,23,32,-9
121900269,103,333,-230
121900270,71,100,-29
121900271,2,38,-36
121900273,244,1190,-946
121900274,259,74,185
121900276,23,4,19
121900277,78,220,-142
121900278,74,238,-164
121900279,52,71,-19
121900280,32,122,-90
121900281,43,164,-121
121900284,17,8,9
121900286,116,80,36
121900287,5,28,-23
121900290,18,293,-275
121900291,225,191,34
121900292,59,67,-8
121900293,378,1156,-778
121900294,79,0,79
121900295,51,18,33
121900296,52,83,-31
121900298,81,499,-418
121900299,0,95,-95
121900300,19,18,1
121900301,29,0,29
121900302,9,37,-28
121900303,43,95,-52
121900304,0,4,-4
121900305,0,1,-1
121900306,214,2,212
121900307,217,2,215
121900308,2,44,-42
121900309,0,20,-20
121900310,2,71,-69
121900311,366,17,349
121900312,293,5,288
121900313,326,6,320
121900314,1,6,-5
121900315,20,4,16
121900316,0,0,0
121900317,10,9,1
121900318,0,0,0
121900319,53,140,-87
121900320,0,0,0
121900321,33,0,33
121900322,0,0,0
121900323,9,25,-16
121900324,0,2,-2
121900325,10,0,10
121900326,0,0,0
121900327,0,5,-5
121900328,0,0,0
121900329,0,5,-5
121900330,2,73,-71
121900331,0,24,-24
121900332,33,32,1
121900333,9,1,8
122000001,449,1343,-894
122000002,1380,254,1126
122000003,393,891,-498
122000004,567,534,33
122000005,1958,2366,-408
122000006,288,677,-389
122000007,261,766,-505
122000008,522,1077,-555
122000009,159,128,31
122000010,1338,1562,-224
122000011,1119,558,561
122000012,412,703,-291
122000013,216,825,-609
122000014,1951,491,1460
122000015,602,412,190
122000016,243,370,-127
122000017,378,665,-287
122000018,907,680,227
122000019,386,1073,-687
122000020,149,195,-46
122000021,91,190,-99
122000022,317,448,-131
122000023,209,511,-302
122000024,232,729,-497
122000025,337,688,-351
122000026,236,464,-228
122000027,280,402,-122
122000028,417,361,56
122000029,158,315,-157
122000030,101,21,80
122000031,53,469,-416
122000032,1028,749,279
122000033,158,717,-559
122000034,128,479,-351
122000035,87,190,-103
122000036,219,163,56
122000037,171,177,-6
122000038,131,212,-81
122000039,303,164,139
122000040,203,62,141
122000041,292,582,-290
122000042,295,474,-179
122000043,70,39,31
122000044,46,75,-29
122000045,482,318,164
122000046,474,342,132
122000047,36,63,-27
122000048,1515,2495,-980
122000049,2924,1595,1329
122000050,321,460,-139
122000051,104,467,-363
122000052,263,391,-128
122000053,176,1534,-1358
122000054,1271,1062,209
122000055,1335,2050,-715
122000056,1698,1289,409
122000057,1107,1765,-658
122000058,330,871,-541
122000059,400,1038,-638
122000060,175,247,-72
122000061,155,161,-6
122000062,385,185,200
122000063,170,496,-326
122000064,1732,2835,-1103
122000065,1311,1332,-21
122000066,344,501,-157
122000067,519,1239,-720
122000068,1070,862,208
122000069,495,334,161
122000070,411,880,-469
122000071,1553,684,869
122000072,162,175,-13
122000073,48,293,-245
122000074,1121,700,421
122000075,513,437,76
122000076,1553,626,927
122000077,331,810,-479
122000078,388,1043,-655
122000079,173,1066,-893
122000080,148,208,-60
122000081,32,122,-90
122000082,158,541,-383
122000083,1747,700,1047
122000084,1454,632,822
122000085,80,213,-133
122000086,1153,3387,-2234
122000087,141,255,-114
122000088,140,296,-156
122000089,1923,1580,343
122000090,127,555,-428
122000091,99,242,-143
122000092,38,36,2
122000093,628,1731,-1103
122000094,2779,1591,1188
122000095,364,1785,-1421
122000096,332,999,-667
122000098,1464,2424,-960
122000099,251,816,-565
122000100,345,269,76
122000101,173,221,-48
122000102,877,539,338
122000103,507,770,-263
122000104,365,146,219
122000105,159,192,-33
122000106,243,563,-320
122000107,755,363,392
122000108,239,324,-85
122000109,214,212,2
122000110,128,249,-121
122000111,1113,795,318
122000112,528,805,-277
122000113,265,252,13
122000114,593,1616,-1023
122000115,1074,1178,-104
122000116,72,305,-233
122000117,328,186,142
122000118,540,136,404
122000119,506,409,97
122000120,416,586,-170
122000121,506,553,-47
122000122,201,462,-261
122000123,473,892,-419
122000124,250,161,89
122000125,48,352,-304
122000126,95,253,-158
122000127,177,171,6
122000128,260,171,89
122000129,122,966,-844
122000130,1120,344,776
122000131,465,132,333
122000132,192,86,106
122000133,528,314,214
122000134,556,609,-53
122000135,337,190,147
122000136,389,233,156
122000137,1216,302,914
122000139,384,1397,-1013
122000140,61,491,-430
122000141,1709,538,1171
122000142,91,584,-493
122000143,231,127,104
122000144,1158,264,894
122000145,465,399,66
122000146,252,1007,-755
122000147,270,178,92
122000148,230,521,-291
122000149,703,235,468
122000150,981,379,602
122000151,23,83,-60
122000152,154,81,73
122000153,122,110,12
122000154,86,73,13
122000155,542,1019,-477
122000156,2178,1806,372
122000157,451,2283,-1832
122000158,148,334,-186
122000159,577,440,137
122000160,1401,524,877
122000161,675,419,256
122000162,297,556,-259
122000163,134,41,93
122000164,18,36,-18
122000165,237,680,-443
122000166,273,1330,-1057
122000167,129,275,-146
122000168,94,882,-788
122000169,198,69,129
122000170,107,143,-36
122000171,18,19,-1
122000172,1086,834,252
122000173,1132,1307,-175
122000174,514,1311,-797
122000175,288,81,207
122000176,136,1298,-1162
122000177,455,1135,-680
122000178,2404,1713,691
122000179,1471,1570,-99
122000180,359,530,-171
122000181,459,1139,-680
122000182,410,718,-308
122000183,700,382,318
122000184,1397,1266,131
122000185,422,911,-489
122000186,195,491,-296
122000187,1255,556,699
122000188,172,108,64
122000189,92,84,8
122000190,436,1003,-567
122000191,197,332,-135
122000192,540,200,340
122000193,449,419,30
122000194,203,70,133
122000195,81,624,-543
122000196,668,157,511
122000197,350,397,-47
122000198,189,1059,-870
122000199,187,109,78
122000200,405,261,144
122000201,408,1375,-967
122000202,411,1319,-908
122000203,971,567,404
122000204,503,480,23
122000205,216,306,-90
122000206,2060,557,1503
122000207,1408,827,581
122000208,1359,851,508
122000209,869,200,669
122000210,947,832,115
122000211,466,755,-289
122000212,467,354,113
122000213,373,898,-525
122000214,1128,1226,-98
122000215,1470,1613,-143
122000217,690,832,-142
122000218,271,65,206
122000219,2046,438,1608
122000220,132,498,-366
122000221,232,350,-118
122000222,242,61,181
122000223,227,494,-267
122000225,389,189,200
122000226,638,620,18
122000227,29,509,-480
122000228,84,161,-77
122000229,3,311,-308
122000230,30,162,-132
122000231,138,451,-313
122000232,359,467,-108
122000233,0,46,-46
122000234,307,160,147
122000235,215,153,62
122000236,970,18,952
122000237,80,35,45
122000238,170,337,-167
122000239,364,97,267
122000240,579,193,386
122000241,1213,224,989
122000242,182,136,46
122000243,13,250,-237
122000244,9,2765,-2756
122000245,24,45,-21
122000246,30,155,-125
122000247,233,1351,-1118
122000248,4155,429,3726
122000249,567,580,-13
122000250,866,278,588
122000251,16,35,-19
122000252,177,21,156
122000253,23,15,8
122000254,222,55,167
122000255,229,471,-242
122000256,220,237,-17
122000257,238,118,120
122000258,178,181,-3
122000259,44,778,-734
122000260,29,364,-335
122000261,14,152,-138
122000262,0,44,-44
122000263,76,156,-80
122000264,1262,196,1066
122000265,1339,444,895
122000266,2278,245,2033
122000267,38,410,-372
122000268,210,57,153
122000269,645,123,522
122000270,307,55,252
122000271,195,476,-281
122000272,187,143,44
122000273,240,82,158
122000274,125,294,-169
122000275,14,633,-619
122000276,785,334,451
122000277,506,1060,-554
122000278,1099,117,982
122000279,172,106,66
122000280,311,263,48
122000281,423,204,219
122000282,47,654,-607
122000283,37,238,-201
122000284,87,72,15
122000285,335,112,223
122000286,15,191,-176
122000287,1165,1438,-273
122000288,152,166,-14
122000291,1541,442,1099
122000293,86,51,35
122000294,39,297,-258
122000295,1025,193,832
122000296,24,844,-820
122000297,1095,3818,-2723
122000299,302,290,12
122000300,165,320,-155
122000301,3222,2860,362
122000302,204,2050,-1846
122000303,1098,623,475
122000304,8,222,-214
122000305,1457,274,1183
122000306,31,265,-234
122000307,36,59,-23
122000309,70,59,11
122000310,6,84,-78
122000311,46,63,-17
122000312,136,211,-75
122000313,13,173,-160
122000314,125,417,-292
122000315,215,46,169
122000316,1055,235,820
122000317,2100,192,1908
122000318,248,1528,-1280
122000319,77,162,-85
122000320,124,354,-230
122000321,40,59,-19
122000322,636,907,-271
122000323,313,809,-496
122000324,493,1174,-681
122000325,442,892,-450
122000326,110,42,68
122000327,89,300,-211
122000328,232,185,47
122000330,959,731,228
122000332,107,3284,-3177
122000333,40,43,-3
122000337,743,220,523
122000338,390,205,185
122000340,24,586,-562
122000342,752,442,310
122000343,448,234,214
122000344,105,2,103
122000345,58,226,-168
122000346,100,29,71
122000348,327,519,-192
122000349,12,89,-77
122000351,123,200,-77
122000352,173,40,133
122000353,32,13,19
122000355,80,338,-258
122000356,149,624,-475
122000357,41,8,33
122000358,0,5,-5
122000359,0,0,0
122000360,0,0,0
122000362,2,11,-9
122000364,319,148,171
122000365,0,13,-13
122000366,8,0,8
122000368,285,221,64
122000370,9,1,8
122000371,57,0,57
122000372,16,0,16
122000381,168,172,-4
122000382,34,280,-246
122000384,616,622,-6
122000385,65,0,65
122000386,69,914,-845
122000387,130,810,-680
122000388,581,302,279
122000389,57,341,-284
122000390,147,385,-238
122000391,14,495,-481
122000392,121,61,60
122000393,14,541,-527
122000394,446,179,267
122000395,86,39,47
122000396,160,31,129
122000397,11,29,-18
122000398,7,140,-133
122000399,67,31,36
122000400,9,335,-326
122000401,57,18,39
122000402,416,89,327
122000403,133,219,-86
122000404,338,72,266
122000408,188,548,-360
122000503,3,105,-102
122000524,53,60,-7
122000544,39,1271,-1232
122000616,103,0,103
122000640,80,36,44
122000641,101,155,-54
122000642,1026,264,762
122000643,40,99,-59
122000644,47,42,5
122000645,17,94,-77
122000651,273,690,-417
122000664,83,18,65
122000665,408,177,231
122000666,135,282,-147
122000673,12,114,-102
122000674,528,210,318
122000675,1616,487,1129
122000686,271,433,-162
122000687,1595,213,1382
122000688,364,311,53
122000689,1272,199,1073
122000690,2757,167,2590
122000691,858,326,532
122000692,1167,122,1045
122000693,403,582,-179
122000695,293,108,185
122000696,635,127,508
122000698,249,110,139
122000699,346,84,262
122000701,1321,255,1066
122000702,279,509,-230
122000703,56,17,39
122000717,7,89,-82
122000718,46,887,-841
122000719,5,55,-50
122000720,741,72,669
122000724,6,11,-5
122900001,29,24,5
122900002,335,5256,-4921
122900003,345,5,340
122900004,2480,120,2360
122900005,49,197,-148
122900006,53,1311,-1258
122900007,39,94,-55
122900008,60,344,-284
122900009,102,93,9
122900010,234,85,149
122900012,217,236,-19
122900014,36,57,-21
122900015,816,357,459
122900016,62,73,-11
122900017,157,246,-89
122900018,68,0,68
122900019,43,166,-123
122900020,78,505,-427
122900021,44,277,-233
122900022,901,516,385
122900023,483,82,401
122900024,96,76,20
122900025,0,48,-48
122900026,1,10,-9
122900027,5,452,-447
122900028,37,35,2
122900029,2853,1348,1505
122900030,500,64,436
122900031,14,257,-243
122900032,124,210,-86
122900033,85,83,2
122900034,1460,2202,-742
122900035,9,27,-18
122900036,45,30,15
122900037,133,43,90
122900038,22,1206,-1184
122900039,27,317,-290
122900040,217,363,-146
122900041,60,321,-261
122900042,111,99,12
122900043,143,64,79
122900044,76,252,-176
122900045,54,90,-36
122900046,71,271,-200
122900047,52,56,-4
122900048,10,194,-184
122900049,2082,105,1977
122900051,11,137,-126
122900052,80,56,24
122900053,4,9,-5
122900055,108,12,96
122900057,179,2,177
122900061,287,6,281
122900062,273,423,-150
122900063,160,82,78
122900064,799,346,453
122900065,161,160,1
122900066,311,96,215
122900067,321,127,194
122900068,7,47,-40
122900069,168,865,-697
122900070,317,24,293
122900071,43,70,-27
122900072,18,145,-127
122900073,52,41,11
122900074,1467,97,1370
122900075,0,12,-12
122900076,0,65,-65
122900077,0,17,-17
122900078,252,11,241
122900080,16,24,-8
122900081,150,41,109
122900082,1284,39,1245
122900083,16,52,-36
122900084,4,63,-59
122900086,2,87,-85
122900087,310,776,-466
122900088,12,157,-145
122900089,3,217,-214
122900090,4,107,-103
122900091,342,5,337
122900092,0,67,-67
122900093,0,35,-35
122900094,0,63,-63
122900095,181,22,159
122900096,430,48,382
122900097,23,20,3
122900098,13,55,-42
122900099,96,41,55
122900100,35,527,-492
122900101,91,116,-25
122900102,23,44,-21
122900103,293,12,281
122900104,200,6,194
122900105,27,25,2
122900106,0,7,-7
122900107,0,22,-22
122900108,0,31,-31
123000001,436,337,99
123000002,1864,4972,-3108
123000003,2816,2140,676
123000004,1534,2485,-951
123000005,2252,1404,848
123000006,1358,1428,-70
123000007,2225,1380,845
123000008,1327,1991,-664
123000009,2649,2620,29
123000010,1719,2428,-709
123000011,861,678,183
123000012,238,1403,-1165
123000013,2635,560,2075
123000014,268,1713,-1445
123000015,1920,656,1264
123000016,1754,1918,-164
123000017,4232,1998,2234
123000018,123,58,65
123000019,517,17,500
123000020,368,15,353
123000021,277,276,1
123000022,624,1346,-722
123000023,2155,1938,217
123000024,1179,591,588
123000025,4,85,-81
123000026,3,257,-254
123000027,6,475,-469
123000028,76,2928,-2852
123000029,70,1427,-1357
123000030,179,69,110
123000031,548,102,446
123000032,796,103,693
123000033,242,71,171
123000034,663,472,191
123000035,216,315,-99
123000036,65,529,-464
123000037,116,125,-9
123000038,62,189,-127
123000039,338,1179,-841
123000040,352,102,250
123000041,196,546,-350
123000042,247,316,-69
123000043,940,8587,-7647
123000044,2931,1109,1822
123000045,2127,950,1177
123000046,111,633,-522
123000047,289,566,-277
123000048,90,1501,-1411
123000049,2964,5368,-2404
123000050,1374,975,399
123000051,49,82,-33
123000052,513,1482,-969
123000053,1154,1284,-130
123000054,1055,1502,-447
123000055,1459,3305,-1846
123000056,566,420,146
123000057,2516,2992,-476
123000058,265,966,-701
123000059,75,231,-156
123000060,703,290,413
123000061,150,277,-127
123000063,829,534,295
123000064,1115,132,983
123000065,1918,1867,51
123000066,111,205,-94
123000067,452,235,217
123000068,846,679,167
123000069,1828,590,1238
123000070,86,206,-120
123000071,1441,372,1069
123000072,637,275,362
123000073,1522,340,1182
123000074,486,366,120
123000075,96,968,-872
123000076,394,126,268
123000077,925,738,187
123000078,1547,491,1056
123000079,1739,743,996
123000080,1714,437,1277
123000081,145,109,36
123000082,153,475,-322
123000083,613,75,538
123000084,729,195,534
123000085,383,49,334
123000086,690,42,648
123000087,353,95,258
123000088,659,240,419
123000089,615,492,123
123000090,883,461,422
123000091,835,607,228
123000092,491,588,-97
123000094,548,102,446
123000095,677,333,344
123000096,794,140,654
123000097,402,162,240
123000098,543,181,362
123000099,460,165,295
123000100,129,594,-465
123000101,217,157,60
123000102,324,663,-339
123000104,156,176,-20
123000105,204,79,125
123000106,307,163,144
123000107,234,68,166
123000108,331,550,-219
123000111,694,108,586
123000112,980,165,815
123000113,278,285,-7
123000114,184,378,-194
123000115,172,177,-5
123000116,39,45,-6
123000117,1654,618,1036
123000118,367,232,135
123000119,100,194,-94
123000120,129,238,-109
123000121,393,261,132
123000122,210,73,137
123000123,400,227,173
123000124,211,73,138
123000125,867,612,255
123000126,697,2588,-1891
123000127,307,300,7
123000128,195,120,75
123000129,928,44,884
123000130,715,13,702
123000131,1254,370,884
123000132,135,199,-64
123000133,123,28,95
123000134,167,43,124
123000135,1721,449,1272
123000136,120,202,-82
123000137,78,91,-13
123000138,48,121,-73
123000139,539,47,492
123000140,34,189,-155
123000141,291,39,252
123000142,715,416,299
123000143,461,881,-420
123000144,3,18,-15
123000145,120,334,-214
123000146,30,155,-125
123000147,54,244,-190
123000149,151,180,-29
123000150,28,108,-80
123000151,79,240,-161
123000152,11,193,-182
123000153,23,667,-644
123000154,594,1377,-783
123000155,1116,1074,42
123000156,19,13,6
123000157,342,524,-182
123000158,243,532,-289
123000159,1210,2576,-1366
123000160,600,593,7
123000161,925,951,-26
123000162,1072,1308,-236
123000163,925,103,822
123000164,2095,97,1998
123000165,139,556,-417
123000166,36,56,-20
123000167,116,46,70
123000168,179,120,59
123000169,836,50,786
123000170,102,53,49
123000171,1027,17,1010
123000172,58,205,-147
123000173,543,145,398
123000174,489,289,200
123000175,176,311,-135
123000176,708,167,541
123000177,81,426,-345
123000178,821,137,684
123000179,7,372,-365
123000180,1401,122,1279
123000181,236,411,-175
123000182,230,80,150
123000183,84,309,-225
123000184,25,227,-202
123000185,799,322,477
123000186,7,163,-156
123000187,480,0,480
123000188,391,0,391
123000189,369,114,255
123000190,52,134,-82
123000192,2,173,-171
123000193,32,151,-119
123000194,89,129,-40
123000195,250,6,244
123000196,422,14,408
123000197,91,59,32
123000198,63,310,-247
123000199,30,274,-244
123000200,640,18,622
123000201,1271,21,1250
123000202,6,288,-282
123000203,1049,21,1028
123000204,61,422,-361
123000205,76,496,-420
123000206,2870,151,2719
123000207,36,291,-255
123000208,701,51,650
123000209,1500,276,1224
123000210,118,531,-413
123000211,182,669,-487
123000212,3796,222,3574
123000213,451,61,390
123000215,52,111,-59
123000216,180,723,-543
123000217,143,40,103
123000218,71,235,-164
123000219,475,78,397
123000220,323,65,258
123000221,103,43,60
123000222,446,173,273
123000223,673,133,540
123000224,527,140,387
123000225,234,13,221
123000226,109,103,6
123000227,53,92,-39
123000228,354,17,337
123000229,346,301,45
123000232,19,154,-135
123000233,851,41,810
123000234,106,171,-65
123000235,1057,180,877
123000236,165,219,-54
123000237,405,107,298
123000238,36,113,-77
123000239,224,266,-42
123000240,30,478,-448
123000241,180,12,168
123000242,260,109,151
123000243,493,596,-103
123000244,525,243,282
123000245,2,44,-42
123000249,203,358,-155
123000252,676,136,540
123000253,1551,286,1265
123000254,468,321,147
123000255,491,351,140
123000256,6,96,-90
123000257,766,573,193
123000258,498,252,246
123000259,374,232,142
123000260,518,112,406
123000261,253,76,177
123000262,22,21,1
123000263,410,15,395
123000264,163,57,106
123000265,3,29,-26
123000266,246,210,36
123000267,692,207,485
123000268,17,4,13
123000269,11,46,-35
123000270,21,35,-14
123000271,11,17,-6
123000272,469,199,270
123000273,200,813,-613
123000274,1110,391,719
123000275,64,291,-227
123000278,810,1944,-1134
123000279,78,31,47
123000280,223,160,63
123000281,210,54,156
123000282,35,138,-103
123000283,225,15,210
123000284,13,24,-11
123000286,60,205,-145
123000287,104,128,-24
123000288,638,1000,-362
123000289,133,1172,-1039
123000291,57,315,-258
123000294,175,173,2
123000295,796,1524,-728
123000296,772,827,-55
123000297,523,184,339
123000298,909,159,750
123000299,82,148,-66
123000300,871,325,546
123000301,98,201,-103
123000302,220,44,176
123000303,28,522,-494
123000305,249,307,-58
123000306,247,45,202
123000309,23,31,-8
123000310,96,3,93
123000311,1,137,-136
123000312,218,230,-12
123000313,540,352,188
123000315,311,84,227
123000316,547,56,491
123000317,125,129,-4
123000318,12,178,-166
123000329,3,6,-3
123000337,228,444,-216
123000338,41,354,-313
123000339,389,53,336
123000340,25,131,-106
123000342,4,597,-593
123000343,112,12,100
123000344,243,150,93
123000345,125,235,-110
123000346,357,29,328
123000352,385,346,39
123000353,57,330,-273
123000354,483,0,483
123000355,1,806,-805
123000356,365,4,361
123000357,1,55,-54
123000359,1,43,-42
123000360,101,126,-25
123000361,608,81,527
123000362,354,35,319
123000363,147,54,93
123000364,312,232,80
123000365,6,167,-161
123000366,214,1296,-1082
123000367,158,245,-87
123000370,13,74,-61
123000371,579,12,567
123000372,253,8,245
123000373,3,60,-57
123000374,0,23,-23
123000375,432,53,379
123000376,745,489,256
123000377,786,11,775
123000378,13,139,-126
123000379,0,159,-159
123000380,5,83,-78
123000381,71,216,-145
123000382,622,115,507
123000383,25,234,-209
123000384,569,122,447
123000385,62,153,-91
123000436,151,1221,-1070
123000507,53,90,-37
123000508,75,1270,-1195
123000517,62,6,56
123000518,15,70,-55
123000519,108,14,94
123000520,19,61,-42
123000521,300,37,263
123000522,57,126,-69
123000541,2,3,-1
123000542,0,0,0
123000565,599,16,583
123000566,321,339,-18
123000567,245,129,116
123000573,4,21,-17
123000574,870,43,827
123000575,2365,73,2292
123000576,910,365,545
123000577,26,212,-186
123000578,399,108,291
123000579,614,3835,-3221
123000580,150,56,94
123000582,386,7,379
123000583,4,155,-151
123000584,125,86,39
123000585,0,3,-3
123000586,155,16,139
123000596,16,12,4
123000597,77,86,-9
123000602,66,16,50
123000603,1431,147,1284
123000604,554,57,497
123000605,526,140,386
123000606,0,97,-97
123000609,25,175,-150
123000610,19,23,-4
123000613,7,62,-55
123000614,381,36,345
123000615,15,36,-21
123000616,1178,26,1152
123000617,39,109,-70
123000618,5,204,-199
123000619,429,7,422
123000620,0,129,-129
123000622,602,7,595
123000624,233,4,229
123000630,1574,320,1254
123000631,101,371,-270
123000632,276,229,47
123000633,1,218,-217
123000634,7,155,-148
123000635,17,51,-34
123000636,18,178,-160
123000637,126,67,59
123000638,457,24,433
123000639,882,4761,-3879
123000640,13,236,-223
123900001,822,41,781
123900002,20,762,-742
123900003,47,348,-301
123900005,189,274,-85
123900006,404,49,355
124000001,1398,138,1260
124000002,1,375,-374
124000003,1240,156,1084
124000004,7,122,-115
124000005,1103,1267,-164
124000006,49,172,-123
124000007,879,137,742
124000008,64,471,-407
124000009,755,362,393
124000010,150,508,-358
124000011,887,524,363
124000012,189,753,-564
124000017,157,90,67
124000018,34,9,25
124000019,191,36,155
124000020,11,13,-2
124000021,134,34,100
124000022,30,31,-1
124000023,808,1059,-251
124000024,696,192,504
124000025,731,1080,-349
124000026,883,1137,-254
124000027,2906,1671,1235
124000028,1266,4285,-3019
124000030,1007,506,501
124000031,935,7990,-7055
124000032,866,289,577
124000033,251,380,-129
124000034,1128,622,506
124000035,10,211,-201
124000036,7,368,-361
124000037,73,479,-406
124000038,2,23,-21
124000039,230,100,130
124000040,81,352,-271
124000041,638,43,595
124000042,176,99,77
124000043,89,21,68
124000044,45,46,-1
124000045,1113,102,1011
124000046,131,236,-105
124000047,1997,232,1765
124000048,536,179,357
124000049,1735,172,1563
124000050,447,537,-90
124000051,1241,108,1133
124000052,404,329,75
124000053,513,1574,-1061
124000054,417,122,295
124000055,621,2997,-2376
124000056,896,310,586
124000057,1251,228,1023
124000058,311,436,-125
124000059,895,780,115
124000060,323,507,-184
124000061,810,4002,-3192
124000062,1271,708,563
124000063,1052,488,564
124000064,921,622,299
124000065,92,263,-171
124000066,1004,92,912
124000067,155,716,-561
124000068,0,0,0
124000069,173,190,-17
124000070,0,0,0
124000071,108,86,22
124000072,78,274,-196
124000073,671,51,620
124000074,105,123,-18
124000075,533,48,485
124000076,0,0,0
124000077,97,786,-689
124000078,662,516,146
124000079,80,682,-602
124000080,802,92,710
124000081,107,170,-63
124000082,76,109,-33
124000083,15,43,-28
124000084,11,452,-441
124000085,15,14,1
124000086,14,297,-283
124000087,27,135,-108
124000088,70,182,-112
124000089,551,83,468
124000090,79,109,-30
124000091,303,30,273
124000092,138,140,-2
124000093,78,120,-42
124000094,85,231,-146
124000095,147,32,115
124000096,130,81,49
124000097,145,54,91
124000098,106,80,26
124000099,120,64,56
124000100,55,62,-7
124000101,96,82,14
124000102,87,14,73
124000103,136,68,68
124000104,105,35,70
124000105,91,49,42
124000106,54,22,32
124000107,30,195,-165
124000108,19,10,9
124000109,168,48,120
124000110,84,40,44
124000111,223,42,181
124000112,687,327,360
124000113,152,78,74
124000114,378,281,97
124000115,278,631,-353
124000116,38,146,-108
124000117,36,34,2
124000118,15,65,-50
124000119,541,239,302
124000120,321,156,165
124000121,518,453,65
124000122,363,1349,-986
124000123,417,139,278
124000124,374,240,134
124000125,329,126,203
124000126,176,150,26
124000127,981,144,837
124000128,505,298,207
124000129,961,711,250
124000130,183,176,7
124000131,435,296,139
124000132,232,309,-77
124000133,970,544,426
124000134,464,188,276
124000135,1095,1073,22
124000136,176,306,-130
124000137,452,452,0
124000138,400,575,-175
124000139,267,34,233
124000140,5,346,-341
124000141,19,104,-85
124000142,7,1129,-1122
124000143,52,20,32
124000144,2,148,-146
124000145,164,54,110
124000146,24,62,-38
124000148,11,40,-29
124000149,644,139,505
124000150,257,416,-159
124000151,921,333,588
124000152,342,565,-223
124000153,1050,777,273
124000154,572,367,205
124000155,520,311,209
124000156,486,457,29
124000169,62,210,-148
124000170,192,159,33
124000171,240,159,81
124000172,149,191,-42
124000173,444,117,327
124000174,372,206,166
124000175,0,0,0
124000176,94,33,61
124000177,0,0,0
124000178,54,92,-38
124000190,6,36,-30
124000191,33,125,-92
124000192,769,479,290
124000193,58,1723,-1665
124000194,107,222,-115
124000195,281,264,17
124000196,306,341,-35
124000197,39,10,29
124000198,67,42,25
124000201,19,333,-314
124000202,647,21,626
124000203,706,103,603
124000204,1585,46,1539
124000205,120,20,100
124000206,1328,228,1100
124000207,1,50,-49
124000209,118,15,103
124000210,1253,204,1049
124000211,1307,6,1301
124000212,0,75,-75
124000213,854,101,753
124000214,710,43,667
124000215,669,27,642
124000216,5,288,-283
124000329,11,382,-371
124000338,9,216,-207
124000339,2389,12,2377
124000341,2401,30,2371
124000344,42,2,40
124000357,988,1832,-844
124000358,661,1441,-780
124000359,1209,497,712
124000360,1255,422,833
124000361,1807,1056,751
124000362,942,1903,-961
124000363,293,187,106
124000364,341,672,-331
124000365,295,550,-255
124000366,944,546,398
124000367,15,143,-128
124000368,306,787,-481
124000369,51,62,-11
124000370,14,601,-587
124000402,3,10,-7
124000403,146,13,133
124000404,3,49,-46
124000405,521,275,246
124000406,291,152,139
124000407,3,7,-4
124000411,5,105,-100
124000412,357,0,357
124000413,25,74,-49
124000414,123,32,91
124000415,34,61,-27
124000416,192,105,87
124000417,206,57,149
124000418,319,10,309
124000419,151,36,115
124000420,154,14,140
124000421,78,64,14
124000422,25,14,11
124000423,98,13,85
124000424,2,129,-127
124000425,29,26,3
124000426,3,367,-364
124000427,17,0,17
124000428,0,116,-116
124000429,121,19,102
124000430,659,287,372
124000431,324,125,199
124000432,282,824,-542
124000439,22,20,2
124000442,0,0,0
124000443,0,0,0
124000445,11,865,-854
124000446,456,85,371
124900001,594,52,542
124900002,107,40,67
124900003,621,112,509
124900004,533,66,467
124900005,214,31,183
124900006,463,70,393
124900008,167,230,-63
124900009,8,356,-348
124900010,228,88,140
124900011,626,117,509
124900012,248,56,192
124900013,471,53,418
124900014,303,164,139
124900015,160,382,-222
124900016,126,165,-39
124900017,1469,3184,-1715
124900018,130,5,125
124900020,147,15,132
124900021,370,20,350
124900022,41,1,40
124900024,373,0,373
124900026,22,0,22
124900027,51,65,-14
124900028,217,18,199
124900029,9,307,-298
124900030,1,21,-20
124900031,33,125,-92
124900032,105,37,68
124900033,26,45,-19
124900034,34,55,-21
124900035,47,53,-6
124900036,0,101,-101
124900037,71,55,16
124900038,108,58,50
124900039,0,34,-34
124900040,27,116,-89
124900041,225,135,90
124900042,6,0,6
124900043,247,137,110
124900044,32,0,32
124900045,138,251,-113
124900046,150,53,97
124900047,7,12,-5
124900048,261,46,215
124900050,174,44,130
124900052,25,40,-15
124900053,62,96,-34
124900054,364,65,299
124900055,0,4,-4
124900057,0,0,0
124900060,6,54,-48
124900061,179,0,179
124900062,184,6,178
124900066,0,0,0
124900067,2,2,0
124900068,44,555,-511
124900070,5,3,2
124900072,287,28,259
124900074,497,1194,-697
124900075,241,86,155
124900076,40,620,-580
124900077,62,49,13
124900078,43,7,36
124900079,130,44,86
124900080,185,70,115
124900081,766,39,727
124900082,227,99,128
124900083,192,74,118
124900084,439,39,400
124900085,201,127,74
124900086,7,299,-292
124900087,80,28,52
124900088,65,35,30
124900089,231,5,226
124900090,600,77,523
124900091,178,91,87
124900092,155,66,89
124900093,602,97,505
124900094,709,62,647
124900095,114,505,-391
124900096,215,58,157
124900097,537,12,525
124900098,52,149,-97
124900099,89,209,-120
124900100,240,3,237
124900101,76,50,26
124900102,355,0,355
124900103,66,40,26
124900104,35,39,-4
124900105,37,14,23
124900106,206,23,183
124900107,234,6,228
124900108,111,22,89
124900109,26,80,-54
124900110,234,109,125
124900111,0,0,0
124900112,75,77,-2
124900113,17,55,-38
124900114,4,41,-37
124900115,7,15,-8
124900116,167,176,-9
124900117,39,120,-81
124900118,41,269,-228
124900119,191,136,55
124900120,1,34,-33
124900121,11,275,-264
124900122,22,30,-8
124900123,26,34,-8
124900124,13,59,-46
129000186,94,249,-155
204000001,43,8,35
204000002,10,27,-17
204000003,31,3,28
204000004,4,1,3
204000005,362,181,181
204000006,951,894,57
204000011,0,0,0
204000012,1,11,-10
204000013,0,2,-2
204000019,1039,260,779
204000020,594,190,404
204000021,503,592,-89
204000022,1102,443,659
204000023,163,337,-174
204000031,15,11,4
204000032,136,32,104
204000034,3,22,-19
204000035,1,13,-12
204000036,1,8,-7
204000037,1,4,-3
204000038,0,34,-34
204000039,18,43,-25
204000040,2,33,-31
204000041,7,24,-17
204000042,25,10,15
204000043,29,14,15
204000044,59,13,46
204000045,72,2,70
204000046,48,0,48
204000057,1,38,-37
204000062,0,84,-84
204000068,5,58,-53
204000069,5,81,-76
204000070,109,32,77
204000080,19,23,-4
204000085,385,254,131
204000086,378,558,-180
204000087,48,2,46
204000088,0,0,0
204000090,0,35,-35
204000093,517,36,481
204000096,1000,278,722
204000097,552,8,544
204000099,772,1600,-828
204000100,1623,574,1049
204000105,349,131,218
204000110,149,305,-156
204000111,122,234,-112
204000112,150,172,-22
204000113,115,211,-96
204000114,840,771,69
204000115,618,202,416
204000116,343,95,248
204000119,2291,634,1657
204000132,531,405,126
204000133,668,73,595
204000134,119,57,62
204000135,488,27,461
204000136,479,131,348
204000138,229,649,-420
204000140,210,71,139
204000141,114,41,73
204000144,0,33,-33
204000145,337,15,322
204000146,3,10,-7
204000147,7,50,-43
204000148,93,45,48
204000154,22,3,19
204000155,0,36,-36
204000177,66,46,20
204000179,5,23,-18
204000180,0,7,-7
204000222,13,44,-31
204000235,21,13,8
204000236,35,17,18
204000238,20,9,11
204000240,199,20,179
204000263,79,129,-50
204000268,460,125,335
204000308,25,8,17
204000317,1,27,-26
204000322,9,21,-12
204000323,10,0,10
204000328,247,12,235
204000329,30,29,1
204000330,152,97,55
204000331,1,3,-2
204010341,7,136,-129
205000001,133,266,-133
205000013,1,10,-9
205000014,1,9,-8
205000015,11,14,-3
205000016,8,36,-28
205000017,8,11,-3
205000022,70,123,-53
205000025,226,114,112
205000029,557,9,548
205000045,65,63,2
205000046,25,28,-3
205000047,54,18,36
205000048,161,57,104
205000049,38,53,-15
205000050,94,15,79
205000059,0,20,-20
205000060,0,28,-28
205000061,0,81,-81
205000062,0,57,-57
205000063,5,154,-149
205000064,7,50,-43
205000065,20,219,-199
205000066,71,53,18
205000067,45,196,-151
205000069,118,12,106
205000082,45,120,-75
205000110,35,13,22
205000111,33,11,22
205000112,78,77,1
205000113,37,44,-7
205000121,114,78,36
205000123,32,19,13
205000126,503,91,412
205000127,466,47,419
205000128,250,71,179
205000129,520,70,450
205000130,499,23,476
205000131,25,15,10
205000132,36,8,28
205000133,66,3,63
205000134,269,1,268
205000137,15,7,8
205000138,13,25,-12
205000139,11,19,-8
205000144,62,28,34
205000145,185,49,136
205000151,55,68,-13
205000152,85,32,53
205000153,133,61,72
205000154,41,46,-5
205000155,50,44,6
205000207,0,0,0
205000233,10,0,10
205000234,0,0,0
205000243,0,0,0
205000244,0,4,-4
205000245,1,10,-9
205000249,0,18,-18
205000250,2,1,1
205000264,1,12,-11
206000027,6,13,-7
206000028,4,8,-4
206000043,3,22,-19
206000053,1,1,0
206000054,0,1,-1
206000055,0,3,-3
206000075,6,16,-10
206000076,22,0,22
206000077,82,1,81
206000078,20,0,20
206000079,25,2,23
206000082,316,94,222
206000100,3,181,-178
206000103,0,0,0
206000104,0,0,0
206000105,0,0,0
206000106,0,0,0
206000108,560,55,505
206000125,182,1,181
206000157,2,79,-77
206000170,0,183,-183
206000171,3,130,-127
206000172,31,92,-61
206000173,0,46,-46
206000174,10,28,-18
206000175,1,26,-25
206000176,20,61,-41
206000177,0,27,-27
206000178,0,102,-102
206000179,0,53,-53
206000180,2,33,-31
206000181,0,41,-41
206000182,5,40,-35
206000183,6,74,-68
206000184,1,41,-40
206000185,2,23,-21
206000186,14,181,-167
206000223,1,73,-72
206000226,54,0,54
206000227,33,2,31
206000237,3,77,-74
206000238,3,156,-153
206000239,68,627,-559
206000240,0,0,0
206000241,0,104,-104
206000242,3,41,-38
206000243,3,36,-33
206000244,10,95,-85
206000245,2533,15,2518
206000246,837,3,834
206000247,1110,6,1104
206000248,973,4,969
206000252,32,64,-32
206000258,0,0,0
206000315,12,7,5
206000317,766,197,569
206000318,771,82,689
206000319,3800,49,3751
206000320,1280,34,1246
206000321,1460,8,1452
206000322,1986,9,1977
206000323,574,1,573
206000324,658,2,656
206000325,439,7,432
206000326,500,12,488
206000327,27,4,23
206000328,499,1,498
206000329,999,2,997
206000330,199,2,197
206000331,524,0,524
206000332,126,1,125
206000333,1982,2,1980
206000334,1084,0,1084
206000335,0,10,-10
206000361,0,12,-12
206000392,0,10,-10
206000405,239,0,239
206000441,139,39,100
206000498,48,4,44
206000515,36,46,-10
206000530,581,48,533
206000531,298,197,101
206000532,978,178,800
206000535,38,823,-785
206000536,6,100,-94
206000537,2,84,-82
206000613,1230,349,881
207000001,16,124,-108
207000002,24,83,-59
207000003,29,98,-69
207000007,1859,123,1736
207000008,437,1,436
207000009,67,11,56
207000010,57,145,-88
207000012,518,85,433
207000015,37,305,-268
207000019,352,26,326
207000021,290,194,96
207000022,209,114,95
207000023,247,27,220
207000024,1,6,-5
207000025,20,49,-29
207000026,0,0,0
207000027,0,0,0
207000028,1,55,-54
207000029,2,93,-91
207000033,206,211,-5
207000034,224,66,158
207000039,792,22,770
207000040,958,17,941
207000041,215,6,209
207000042,554,10,544
207000043,372,88,284
207000051,14,14,0
207000052,3,11,-8
207000053,104,222,-118
207000054,13,65,-52
207000055,24,36,-12
207000056,73,160,-87
207000057,48,114,-66
207000058,30,131,-101
207000059,46,106,-60
207000060,33,215,-182
207000061,87,1019,-932
207000062,661,20,641
207000063,674,39,635
207000064,463,31,432
207000065,328,61,267
207000066,548,85,463
207000067,92,17,75
207000068,175,31,144
207000069,751,184,567
207000082,9,81,-72
207000083,7,168,-161
207000084,532,145,387
207000085,378,37,341
207000086,695,5,690
207000106,166,4,162
207000107,190,4,186
207000108,180,1,179
207000109,74,1,73
207000110,51,4,47
207000111,85,25,60
207000112,39,391,-352
207000114,0,0,0
207000115,0,0,0
207000116,1,1,0
207000117,0,1,-1
207000118,0,0,0
207000119,1,6,-5
207000123,279,2,277
207000124,116,15,101
207000125,89,2,87
207000126,119,2,117
207000134,277,59,218
207000135,78,157,-79
207000148,106,197,-91
207000149,0,0,0
207000152,8,202,-194
207000153,27,284,-257
207000154,251,50,201
207000159,6,8,-2
207000160,4,33,-29
207000238,0,0,0
207000242,0,0,0
207000248,0,0,0
207000249,0,0,0
207000250,0,0,0
207000251,0,0,0
207000252,0,0,0
207000278,167,78,89
207000279,3,40,-37
207000280,1202,26,1176
207000281,57,327,-270
207000282,67,489,-422
207000283,9,83,-74
207000284,48,1413,-1365
207000285,46,121,-75
207000291,0,1,-1
207000304,49,34,15
207000306,15,241,-226
207000310,206,76,130
207000353,53,1,52
207000356,0,20,-20
207000357,2,16,-14
207000358,0,9,-9
207000415,0,0,0
207000417,37,2,35
207000418,38,50,-12
207000438,0,1,-1
207000439,226,114,112
207000446,62,1,61
207000460,164,7,157
207000466,2,11,-9
207000467,505,19,486
207000468,1,14,-13
207000476,5,32,-27
207000477,328,42,286
207000478,0,4,-4
207000523,0,0,0
207000524,23,0,23
207000527,243,55,188
207000530,330,0,330
207000531,154,4,150
207000532,59,14,45
207000534,136,15,121
207000535,0,2,-2
207000537,0,0,0
207000540,0,0,0
207000541,0,0,0
207000548,0,0,0
207000549,177,6,171
207000561,139,49,90
207000562,0,0,0
207000567,13,135,-122
207000568,283,30,253
207000569,857,113,744
207000584,0,0,0
207000585,15,58,-43
207000616,0,37,-37
207000617,238,0,238
207900008,767,83,684
208000001,468,639,-171
208000002,583,507,76
208000003,585,251,334
208000004,604,373,231
208000005,0,0,0
208000019,925,209,716
208000020,272,109,163
208000021,241,191,50
208000022,391,144,247
208000028,512,1231,-719
208000033,260,96,164
208000034,319,567,-248
208000040,233,71,162
208000041,632,309,323
208000042,950,271,679
208000047,121,186,-65
208000064,1416,1268,148
208000066,921,713,208
208000070,547,384,163
208000071,581,230,351
208000072,737,329,408
208000080,213,234,-21
208000081,313,55,258
208000082,91,50,41
208000083,113,66,47
208000084,1,67,-66
208000085,292,124,168
208000086,262,237,25
208000087,265,321,-56
208000089,620,130,490
208000090,478,297,181
208000093,13,81,-68
208000094,181,232,-51
208000095,577,366,211
208000104,1381,338,1043
208000105,674,395,279
208000114,49,364,-315
208000115,465,248,217
208000116,1164,1035,129
208000117,12,62,-50
208000118,109,177,-68
208000155,367,441,-74
208000158,861,1591,-730
208000186,545,1144,-599
208000204,532,665,-133
208000205,842,446,396
208000282,513,519,-6
209000004,689,151,538
209000005,147,44,103
209000006,403,141,262
209000007,311,306,5
209000010,0,0,0
209000011,0,0,0
209000012,0,37,-37
209000013,29,46,-17
209000014,26,45,-19
209000025,708,51,657
209000026,1559,111,1448
209000027,62,27,35
209000028,48,63,-15
209000029,53,37,16
209000030,56,52,4
209000031,306,218,88
209000034,163,150,13
209000035,196,134,62
209000036,351,83,268
209000037,461,101,360
209000038,303,47,256
209000039,100,68,32
209000040,234,227,7
209000041,155,166,-11
209000042,262,94,168
209000043,354,293,61
209000044,418,325,93
209000045,418,149,269
209000046,464,163,301
209000047,266,102,164
209000048,417,450,-33
209000049,29,16,13
209000050,105,48,57
209000051,82,24,58
209000052,42,31,11
209000062,0,0,0
209000063,3,0,3
209000064,3,1,2
209000065,280,19,261
209000066,198,18,180
209000067,213,22,191
209000080,3,24,-21
209000082,124,44,80
209000091,0,0,0
209000093,0,0,0
209000094,0,0,0
209000110,55,72,-17
209000111,495,2054,-1559
209000112,1445,329,1116
209000113,2457,383,2074
209000114,1164,341,823
209000115,9,6,3
209000116,52,91,-39
209000118,3,63,-60
209000119,0,0,0
209000121,13,64,-51
209000135,94,27,67
209000142,552,2243,-1691
209000143,0,0,0
209000144,56,205,-149
209000229,135,46,89
209000240,7,21,-14
209000259,5,6,-1
209000260,18,263,-245
209000261,2,311,-309
209000262,0,241,-241
209000263,0,58,-58
209000264,0,43,-43
209000265,251,2,249
209000266,100,0,100
209000267,1275,6,1269
209000268,278,61,217
210000037,141,14,127
210000047,35,12,23
210000048,106,25,81
210000049,68,7,61
210000052,21,9,12
210000053,10,4,6
210000054,10,6,4
210000070,128,11,117
210000071,176,0,176
210000072,48,0,48
210000073,0,0,0
210000074,0,0,0
210000075,0,0,0
210000076,0,5,-5
210000077,0,25,-25
210000078,2,48,-46
210000079,13,26,-13
210000080,72,142,-70
210000081,70,2,68
210000082,14,1,13
210000083,39,0,39
210000084,68,0,68
210000085,0,11,-11
210000086,0,2,-2
210000099,4,6,-2
210000100,11,13,-2
210000101,6,5,1
210000105,5,36,-31
210000159,0,2,-2
210000163,9,15,-6
210000164,354,108,246
210000168,198,14,184
210000187,0,0,0
210000188,0,1,-1
210000214,14,0,14
210000219,205,48,157
210000220,180,23,157
210000232,0,0,0
210000233,1,1,0
210000234,3,3,0
210000235,7,6,1
210000245,0,1,-1
210000246,13,0,13
210000258,5,6,-1
210000259,234,21,213
210000282,2,5,-3
210000285,0,1,-1
210000286,1,18,-17
210000290,1,1,0
210000295,12,41,-29
210000296,13,6,7
210000320,283,22,261
210000321,152,14,138
210000338,23,26,-3
210000339,11,93,-82
210000340,11,18,-7
210000341,31,19,12
210000342,73,23,50
210000343,38,47,-9
210000344,16,30,-14
210000345,2,51,-49
210000346,7,29,-22
210000347,4,22,-18
210000348,24,23,1
210000349,3,19,-16
210000350,30,19,11
210000351,45,14,31
210000352,65,21,44
210000353,56,41,15
210000354,39,30,9
210000355,18,97,-79
210000356,36,86,-50
210000357,30,109,-79
210000358,197,226,-29
210000359,95,134,-39
210000360,209,149,60
210000361,226,94,132
210000362,364,119,245
210000363,518,128,390
210000364,198,81,117
210000365,174,11,163
210000366,231,37,194
210000367,88,6,82
210000368,114,22,92
210000369,57,41,16
210000370,119,24,95
210000372,30,21,9
210000373,7,30,-23
210000374,74,21,53
210000375,28,18,10
210000376,22,79,-57
210000404,4,6,-2
210000439,61,8,53
210000472,26,1,25
210000482,115,76,39
210000564,234,97,137
210000567,0,26,-26
210000568,222,1,221
211000092,53,36,17
211000094,80,9,71
211000169,264,0,264
211000172,21,152,-131
211000209,0,45,-45
211000226,1,0,1
211000270,20,2,18
211000275,38,5,33
211000276,155,12,143
211000279,21,20,1
211000281,129,21,108
211507980,1,39,-38
211977296,34,6,28
212000003,243,76,167
212000004,1,26,-25
212000005,5,57,-52
212000006,5,45,-40
212000008,78,65,13
212000009,9,26,-17
212000012,22,21,1
212000013,7,6,1
212000014,91,35,56
212000015,81,73,8
212000016,131,130,1
212000027,494,195,299
212000028,401,192,209
212000029,235,239,-4
212000030,42,15,27
212000031,38,27,11
212000048,11,126,-115
212000049,2,90,-88
212000050,8,3,5
212000051,140,25,115
212000052,87,48,39
212000053,66,86,-20
212000054,570,40,530
212000055,566,59,507
212000056,31,30,1
212000057,33,19,14
212000058,154,39,115
212000070,100,39,61
212000077,77,68,9
212000099,652,90,562
212000108,360,189,171
212000111,455,55,400
212000120,44,79,-35
212000138,31,9,22
212000156,0,44,-44
212000158,2,71,-69
212000159,691,46,645
212000160,693,71,622
212000161,179,0,179
212000310,20,3,17
212000311,14,58,-44
212000374,7,4,3
213000001,8,280,-272
213000005,611,38,573
213000006,722,68,654
213000007,67,14,53
213000009,193,105,88
213000010,288,57,231
213000011,229,21,208
213000012,191,182,9
213000014,74,5,69
213000015,154,4,150
213000016,238,3,235
213000017,62,1,61
213000018,0,11,-11
213000019,0,18,-18
213000020,100,50,50
213000021,0,30,-30
213000023,395,161,234
213000033,289,556,-267
213000034,448,111,337
213000035,123,235,-112
213000045,81,121,-40
213000046,82,75,7
213000047,69,538,-469
213000056,165,20,145
213000069,56,0,56
213000073,2,113,-111
213000074,106,280,-174
213000075,492,2,490
213000076,3,0,3
213000085,0,8,-8
213000086,3,35,-32
213000091,286,4,282
213000092,19,1,18
213000099,107,580,-473
213000100,509,157,352
213000101,525,63,462
213000102,547,98,449
213000103,310,190,120
213000104,24,187,-163
213000105,59,935,-876
213000106,19,90,-71
213000107,104,225,-121
213000108,6,175,-169
213000109,17,138,-121
213000110,11,61,-50
213000111,1,82,-81
213000112,19,270,-251
213000115,32,2,30
213000116,25,141,-116
213000117,2,125,-123
213000118,973,202,771
213000119,12,218,-206
213000120,26,111,-85
213000122,87,369,-282
213000123,20,294,-274
213000124,77,433,-356
213000125,199,34,165
213000126,13,42,-29
213000127,8,90,-82
213000128,49,321,-272
213000129,162,1082,-920
213000130,1102,313,789
213000132,927,101,826
213000133,926,61,865
213000134,1040,3,1037
213000136,604,15,589
213000137,542,40,502
213000139,149,12,137
213000147,9,10,-1
213000148,25,15,10
213000149,2,5,-3
213000150,0,245,-245
213000151,1,178,-177
213000152,6,187,-181
213000153,2,160,-158
213000154,49,194,-145
213000155,60,154,-94
213000156,123,229,-106
213000157,850,152,698
213000158,447,334,113
213000159,876,160,716
213000163,2135,142,1993
213000165,516,135,381
213000171,0,3,-3
213000172,0,6,-6
213000173,0,13,-13
213000174,0,9,-9
213000175,0,17,-17
213000176,230,33,197
213000177,283,5,278
213000178,395,1,394
213000179,316,1,315
213000180,614,1,613
213000184,51,190,-139
213000188,699,61,638
213000189,826,22,804
213000190,817,130,687
213000191,792,78,714
213000192,233,73,160
213000193,181,133,48
213000194,0,130,-130
213000195,33,252,-219
213000196,243,637,-394
213000197,529,407,122
213000198,18,0,18
213000200,137,264,-127
213000201,5,101,-96
213000202,3,180,-177
213000203,1052,254,798
213000204,929,14,915
213000205,553,23,530
213000206,425,19,406
213000207,40,4,36
213000208,27,2,25
213000209,88,0,88
213000210,156,1,155
213000211,4,21,-17
213000212,2,60,-58
213000213,17,77,-60
213000218,328,413,-85
213000219,1209,7,1202
213000220,1114,4,1110
213000223,178,120,58
213000224,6,68,-62
213000225,54,11,43
213000226,54,8,46
213000227,1314,73,1241
213000228,596,29,567
213000229,121,30,91
213000230,439,5,434
213000232,23,854,-831
213000233,9,97,-88
213000234,0,7,-7
213000293,14,207,-193
213000294,69,9,60
213000295,4,114,-110
213000296,140,32,108
213000297,11,19,-8
213000298,3,92,-89
213000299,47,21,26
213000300,0,9,-9
213000303,1,15,-14
213000304,0,12,-12
213000305,0,19,-19
213000306,26,45,-19
213000307,48,85,-37
213000308,32,55,-23
213000309,113,18,95
213000310,154,60,94
213000311,36,440,-404
213000315,41,62,-21
213000316,301,57,244
213000322,91,48,43
213000323,208,15,193
213000324,114,10,104
213000325,61,26,35
213000326,186,23,163
213000327,137,35,102
213000328,51,63,-12
213000329,83,28,55
213000340,34,255,-221
213000341,1021,11,1010
213000347,136,333,-197
213000348,3,90,-87
213000349,2,26,-24
213000350,261,297,-36
213000366,43,184,-141
213000367,338,3,335
213000379,33,40,-7
213000386,20,238,-218
213000406,112,244,-132
213000417,1484,292,1192
213000425,271,28,243
213000426,310,11,299
213000427,77,61,16
213000428,56,37,19
213000429,1,4,-3
213000430,22,80,-58
213000431,7,8,-1
213000432,2,356,-354
213000433,27,17,10
213000434,208,31,177
213000435,97,25,72
213000436,110,15,95
213000437,0,32,-32
213000438,103,39,64
213000439,37,17,20
213000440,9,112,-103
213000441,1,4,-3
213000442,4,7,-3
213000443,268,438,-170
213000444,50,23,27
213000445,1,90,-89
213000446,1,308,-307
213000447,1,80,-79
213000448,29,134,-105
213000449,977,11,966
213000450,29,5,24
213000451,424,28,396
213000452,5,9,-4
213000453,6,36,-30
213000455,84,45,39
213000456,0,145,-145
213000481,3,2,1
213000484,38,0,38
213000489,82,22,60
213900002,0,404,-404
213900003,52,33,19
213900013,0,63,-63
213900015,0,0,0
213900016,22,0,22
213900020,1,59,-58
213900030,0,40,-40
213900032,33,53,-20
213900033,138,7,131
213900034,552,17,535
213900035,100,160,-60
213900036,51,84,-33
213900037,22,244,-222
213900038,498,63,435
213900039,0,5,-5
213900041,5,285,-280
213900042,82,243,-161
213900043,368,20,348
213900244,86,0,86
213900245,0,3,-3
218000003,60,9,51
218000004,13,15,-2
218000005,9,54,-45
218000006,66,25,41
218000007,13,12,1
218000012,72,137,-65
218000013,62,80,-18
218000014,121,56,65
218000019,353,203,150
218000020,196,151,45
218000021,20,12,8
218000022,7,4,3
218000023,2,5,-3
218000024,1,7,-6
218000025,11,12,-1
218000026,13,23,-10
218000027,1,5,-4
218000028,13,1,12
218000029,0,6,-6
218000030,17,5,12
218000031,10,7,3
218000032,0,3,-3
218000040,7,16,-9
218000046,144,78,66
218000047,12,108,-96
218000048,137,116,21
218000049,75,120,-45
218000050,441,188,253
218000051,116,151,-35
218000052,0,28,-28
218000053,0,7,-7
218000054,20,41,-21
218000055,2,37,-35
218000056,36,50,-14
218000057,13,45,-32
218000064,0,4,-4
218000065,51,15,36
218000066,3,46,-43
218000067,119,45,74
218000068,120,77,43
218000069,456,55,401
218000070,286,182,104
218000071,199,150,49
218000072,86,87,-1
218000078,607,253,354
218000079,361,26,335
218000080,306,25,281
218000081,741,53,688
218000082,193,16,177
218000083,18,29,-11
218000084,47,58,-11
218000085,80,45,35
218000086,35,26,9
218000087,57,31,26
218000090,27,116,-89
218000091,1080,347,733
218000092,178,64,114
218000093,43,42,1
218000094,344,157,187
218000099,105,144,-39
218000100,124,32,92
218000101,128,41,87
218000102,239,51,188
218000103,55,42,13
218000104,41,13,28
218000105,21,7,14
218000106,30,9,21
218000107,84,34,50
218000108,0,38,-38
218000112,32,17,15
218000117,76,68,8
218000134,323,143,180
218000135,21,100,-79
218000136,90,162,-72
218000137,83,61,22
218000138,75,37,38
218000139,134,292,-158
218000140,396,143,253
218000141,82,26,56
218000142,115,63,52
218000143,38,132,-94
218000144,16,150,-134
218000145,543,180,363
218000146,71,44,27
218000151,6,60,-54
218000152,45,31,14
218000153,2,22,-20
218000154,19,6,13
218000155,50,2,48
218000156,178,7,171
218000157,84,2,82
218000158,20,0,20
218000159,10,9,1
218000160,11,11,0
218000161,110,6,104
218000162,128,2,126
218000163,83,3,80
218000164,135,5,130
218000165,259,18,241
218000170,3,44,-41
218000171,108,10,98
218000172,4,21,-17
218000173,26,6,20
218000174,35,11,24
218000176,421,32,389
218000177,752,80,672
218000178,190,28,162
218000179,320,70,250
218000180,107,11,96
218000181,429,27,402
218000187,1,10,-9
218000188,0,10,-10
218000189,8,21,-13
218000190,16,12,4
218000191,26,2,24
218000192,69,32,37
218000193,120,59,61
218000194,44,87,-43
218000195,165,34,131
218000196,360,103,257
218000197,818,57,761
218000198,98,19,79
218000199,36,5,31
218000200,61,2,59
218000201,1,1,0
218000202,6,176,-170
218000207,5,5,0
218000208,10,45,-35
218000211,38,4,34
218000212,0,4,-4
218000213,231,217,14
218000214,3,70,-67
218000215,81,78,3
218000217,4,35,-31
218000218,394,142,252
218000219,0,21,-21
218000220,79,353,-274
218000221,639,339,300
218000222,0,55,-55
218000223,49,641,-592
218000224,4,271,-267
218000225,229,24,205
218000226,520,58,462
218000230,8,5,3
218000232,64,39,25
218000239,117,1,116
218000240,6,0,6
218000241,3,0,3
218000242,1,0,1
218000243,2,0,2
218000244,47,1,46
218000245,6,10,-4
218000246,0,6,-6
218000247,0,0,0
218000248,0,12,-12
218000249,0,0,0
218000250,0,7,-7
218000251,0,34,-34
218000252,0,22,-22
218000253,0,16,-16
218000254,0,5,-5
218000255,0,9,-9
218000256,29,29,0
218000267,280,427,-147
218000268,1,14,-13
218000269,0,0,0
218000270,25,5,20
218000271,13,2,11
218000273,51,1,50
218000274,17,4,13
218000275,60,70,-10
218000276,38,16,22
218000278,20,24,-4
218000279,59,22,37
218000280,0,5,-5
218000281,1,17,-16
218000282,436,523,-87
218000284,34,4,30
218000301,20,52,-32
218000302,39,29,10
218000303,9,29,-20
218000316,1467,384,1083
218000317,2608,237,2371
218000318,1372,160,1212
218000319,513,221,292
218000320,346,155,191
218000338,46,29,17
218000345,143,25,118
218000346,13,134,-121
218000459,89,221,-132
218000490,3,43,-40
218000501,61,21,40
218000502,40,11,29
218000503,110,8,102
218000504,56,2,54
218000505,12,16,-4
218000506,13,69,-56
218000508,1,1,0
218000510,32,15,17
218000520,147,84,63
218000521,0,7,-7
218000522,10,204,-194
218000523,139,2,137
218000524,2,160,-158
218000525,104,17,87
218000526,1,206,-205
218000529,20,55,-35
218000530,47,3,44
218000531,11,13,-2
218000532,48,5,43
218000534,378,9,369
218000537,1,112,-111
218000538,32,120,-88
218000540,47,94,-47
218000543,169,14,155
218000544,13,17,-4
218000545,194,81,113
218000546,27,17,10
218000547,101,129,-28
218000548,59,75,-16
218000549,939,120,819
218000550,97,148,-51
218000551,50,258,-208
218000552,342,46,296
218000553,31,19,12
218000554,8,28,-20
218000555,13,29,-16
218000556,92,17,75
218000557,643,60,583
218000558,18,0,18
218000559,1,60,-59
218000560,0,53,-53
218000561,8,1,7
218000562,1,115,-114
218000563,65,21,44
218000564,1,116,-115
218000565,61,33,28
218000566,75,25,50
218000567,2,81,-79
218000568,6,0,6
218000569,0,121,-121
218000570,34,16,18
218000571,0,81,-81
218000572,18,1,17
218000573,1,151,-150
218000574,17,9,8
218000575,57,0,57
218000576,1,134,-133
218000577,40,0,40
218000578,1,74,-73
218000579,6,4,2
218000581,0,56,-56
218000582,136,4,132
218000583,7,0,7
218000584,0,40,-40
218000585,38,6,32
218000586,6,15,-9
218000587,7,0,7
218000588,0,8,-8
218000589,0,29,-29
218000590,2,1,1
218000591,0,111,-111
218000592,4,37,-33
218000593,0,0,0
218000594,0,29,-29
218000595,0,4,-4
218000596,0,0,0
218000597,0,21,-21
218000598,0,1,-1
218000599,0,174,-174
218000600,0,0,0
218000601,0,25,-25
218000602,0,0,0
218000603,0,7,-7
218000604,63,7,56
218000605,1,351,-350
218000606,331,5,326
218000607,0,34,-34
218000608,8,2,6
218000609,1,32,-31
218000610,55,1,54
218000611,5,1,4
218000612,0,19,-19
218000613,52,0,52
218000614,0,25,-25
218000615,147,0,147
218000616,17,232,-215
218000617,16,0,16
218000618,1,14,-13
218000619,19,6,13
218000620,2,30,-28
218000621,0,0,0
218000622,0,119,-119
218000623,12,2,10
218000624,0,97,-97
218000625,16,10,6
218000626,1,44,-43
218000628,219,76,143
218000631,80,11,69
218000632,0,94,-94
218000633,115,1,114
218000634,0,8,-8
218000635,6,6,0
218000636,367,185,182
218000637,1110,77,1033
218000638,431,11,420
218000639,20,29,-9
218000640,662,11,651
218000641,77,74,3
218000652,38,47,-9
218000653,311,22,289
218000663,0,19,-19
218000675,6,62,-56
218000676,2,4,-2
218000677,34,0,34
218000680,100,57,43
218000681,760,13,747
218000691,169,53,116
218000693,710,7,703
218000703,2,4,-2
218000718,14,103,-89
218000719,21,48,-27
218000720,0,113,-113
218000721,6,1,5
218000725,6,6,0
218001214,31,42,-11
218001329,37,14,23
218001330,7,21,-14
218001351,4,13,-9
218001352,1,14,-13
218001353,2,3,-1
218001354,0,15,-15
219000001,0,0,0
219000002,0,0,0
219000003,69,14,55
219000004,27,48,-21
219000017,64,26,38
219000020,186,36,150
219000022,152,2,150
219000023,31,0,31
219000029,0,0,0
219000034,68,33,35
219000039,0,9,-9
219000040,11,30,-19
219000041,117,35,82
219000051,0,0,0
219000052,0,0,0
219000053,0,1,-1
219000054,125,216,-91
219000055,352,0,352
219000056,1,0,1
219000057,51,0,51
219000062,0,24,-24
219000063,324,1,323
219000064,0,8,-8
219000110,142,194,-52
219000111,69,45,24
219000112,215,15,200
219000113,229,25,204
219000114,140,28,112
219000116,97,37,60
219000117,56,26,30
219000118,52,25,27
219000123,75,2,73
219000124,3,1,2
219000125,0,0,0
219000126,0,0,0
219000127,0,0,0
219000128,0,9,-9
219000129,0,3,-3
219000130,50,67,-17
219000131,685,732,-47
219000133,26,58,-32
219000134,3,33,-30
219000135,1,48,-47
219000136,42,137,-95
219000138,76,7,69
219000139,59,3,56
219000140,194,0,194
219000141,40,2,38
219000142,7,3,4
219000143,21,2,19
219000145,6,6,0
219000146,0,0,0
219000147,0,0,0
219000148,0,0,0
219000149,0,0,0
219000150,0,0,0
219000151,0,0,0
219000157,265,69,196
219000158,257,52,205
219000161,169,2,167
219000163,702,259,443
219000166,118,59,59
219000167,47,16,31
219000168,285,27,258
219000174,653,77,576
219000175,171,0,171
219000176,214,5,209
219000177,153,1,152
219000178,133,1,132
219000179,39,68,-29
219000180,45,0,45
219000182,47,21,26
219000183,47,3,44
219000184,65,2,63
219000185,0,0,0
219000186,42,8,34
219000187,20,18,2
219000189,1,3,-2
219000190,1,11,-10
219000191,28,115,-87
219000192,273,127,146
219000193,18,10,8
219000195,0,1,-1
219000196,0,0,0
219000198,0,0,0
219000199,0,0,0
219000200,0,1,-1
219000201,3,2,1
219000203,2,1,1
219000204,5,39,-34
219000205,1,54,-53
219000207,4,35,-31
219000209,0,0,0
219000210,0,3,-3
219000213,2,47,-45
219000239,89,120,-31
219000240,52,167,-115
219000241,104,63,41
219000242,34,69,-35
219000243,73,202,-129
219000244,5,87,-82
219000245,10,13,-3
219000246,27,13,14
219000247,307,36,271
219000248,334,301,33
219000249,251,104,147
219000250,149,76,73
219000251,622,82,540
219000252,212,38,174
219000253,253,17,236
219000255,150,116,34
219000256,520,30,490
219000257,113,0,113
219000262,27,10,17
219000263,19,13,6
219000267,0,0,0
219000268,0,0,0
219000269,6,2,4
219000270,35,0,35
219000271,144,10,134
219000278,0,0,0
219000279,0,0,0
219000283,0,4,-4
219000295,2,25,-23
219000296,16,56,-40
219000297,1,5,-4
219000298,12,2,10
219000299,177,22,155
219000300,28,10,18
219000301,3,46,-43
219000302,2,3,-1
219000307,0,0,0
219000308,68,36,32
219000311,72,27,45
219000312,260,50,210
219000313,337,36,301
219000314,15,16,-1
219000315,366,16,350
219000316,432,53,379
219000317,139,4,135
219000320,0,0,0
219000321,0,0,0
219000323,0,0,0
219000325,0,0,0
219000326,6,11,-5
219000327,0,0,0
219000328,0,0,0
219000329,306,100,206
219000330,15,5,10
219000331,34,8,26
219000332,207,28,179
219000333,18,9,9
219000335,87,0,87
219000337,3,0,3
219000338,30,0,30
219000344,0,0,0
219000345,0,0,0
219000346,0,0,0
219000348,20,7,13
219000349,5,11,-6
219000350,0,5,-5
219000351,0,0,0
219000352,23,49,-26
219000353,156,43,113
219000354,750,45,705
219000355,106,12,94
219000356,296,630,-334
219000363,122,34,88
219000364,135,31,104
219000365,72,5,67
219000366,135,805,-670
219000368,254,344,-90
219000370,505,352,153
219000371,0,0,0
219000382,2,19,-17
219000383,54,219,-165
219000385,43,178,-135
219000386,102,390,-288
219000387,0,6,-6
219000390,1,11,-10
219000391,0,0,0
219000397,0,0,0
219000398,19,15,4
219000401,3,39,-36
219000402,4,9,-5
219000403,43,86,-43
219000404,2,30,-28
219000407,3,3,0
219000409,80,23,57
219000410,77,11,66
219000411,76,0,76
219000446,6,45,-39
219000447,0,0,0
219000448,11,8,3
219000452,31,89,-58
219000453,11,91,-80
219000454,240,306,-66
219000556,633,31,602
219000558,11,53,-42
219000590,6,117,-111
219000591,283,46,237
219000592,7,51,-44
219000595,0,0,0
219000635,41,38,3
219000636,2,0,2
219000657,4,7,-3
219000658,0,3,-3
219000673,0,0,0
219000676,3,0,3
219000679,46,0,46
219000684,197,0,197
219000685,0,11,-11
219000686,0,1,-1
219000688,0,6,-6
219000689,3,92,-89
219000690,79,6,73
219000691,19,28,-9
219000692,73,3,70
219000693,0,0,0
219000694,26,0,26
219000695,174,2,172
219000698,8,0,8
219000699,0,0,0
219000727,0,2,-2
219000728,66,2,64
219000770,10,0,10
219000771,0,0,0
219001150,0,107,-107
219001151,0,2,-2
219001166,7,12,-5
219001167,0,35,-35
220000001,28,64,-36
220000002,1,36,-35
220000003,37,57,-20
220000004,65,108,-43
220000005,143,391,-248
220000006,24,185,-161
220000007,185,138,47
220000008,50,127,-77
220000009,59,47,12
220000010,38,74,-36
220000011,261,2742,-2481
220000012,8,314,-306
220000014,124,74,50
220000015,11,287,-276
220000017,16,144,-128
220000018,4687,952,3735
220000019,88,397,-309
220000020,308,161,147
220000021,623,125,498
220000022,1053,163,890
220000023,185,109,76
220000024,478,359,119
220000025,457,1161,-704
220000026,277,428,-151
220000027,3,174,-171
220000028,25,272,-247
220000029,2,16,-14
220000030,9,15,-6
220000031,561,404,157
220000064,24,358,-334
221000046,0,0,0
221000047,0,0,0
221000048,0,3,-3
221000049,0,1,-1
221000050,12,0,12
221000055,4,49,-45
221000057,160,1,159
221000068,204,67,137
221000069,311,13,298
221000070,174,0,174
221000071,97,2,95
221000072,239,4,235
221000073,189,4,185
221000074,0,2,-2
221000075,0,15,-15
221000076,2,6,-4
221000077,4,7,-3
221000081,5,2,3
221000082,89,3,86
221000083,2,0,2
221000084,0,0,0
221000085,2,39,-37
221000086,3,63,-60
221000087,0,57,-57
221000088,5,58,-53
221000089,9,88,-79
221000090,13,140,-127
221000098,142,11,131
221000099,180,5,175
221000100,204,0,204
221000101,136,0,136
221000102,151,7,144
221000109,1,5,-4
221000110,6,9,-3
221000111,4,19,-15
221000112,0,13,-13
221000113,0,25,-25
221000114,3,27,-24
221000120,6,58,-52
221000121,2,26,-24
221000122,9,48,-39
221000123,1,58,-57
221000124,31,212,-181
221000155,144,9,135
221000156,33,8,25
221000175,10,9,1
221000176,1,1,0
221000182,29,0,29
221000241,234,284,-50
221000242,19,128,-109
221000243,261,116,145
221000244,45,218,-173
221000245,49,32,17
221000246,12,149,-137
221000247,104,36,68
221000248,85,47,38
221000267,21,335,-314
221000325,46,103,-57
221000331,1,64,-63
221000338,4,114,-110
221000378,393,23,370
221000381,52,76,-24
222000282,2,1,1
222000296,10,50,-40
222000568,360,35,325
222000569,139,28,111
222000570,167,9,158
222000571,485,6,479
222000577,1,32,-31
222000578,1,83,-82
222000579,4,83,-79
222000580,12,862,-850
222000599,0,58,-58
222000600,0,49,-49
222000601,0,204,-204
222000603,10,37,-27
222000604,0,39,-39
222000605,2,28,-26
222000606,0,23,-23
222000607,0,5,-5
222000608,0,8,-8
222000609,42,34,8
222000616,682,32,650
222000617,7,12,-5
222000618,11,13,-2
222000620,1,5,-4
222000621,10,14,-4
222000623,657,5,652
222000624,525,4,521
222000625,898,7,891
222000636,72,3,69
222000686,6,24,-18
222000687,6,8,-2
222001066,547,3,544
222001067,102,0,102
222001068,369,1,368
222001069,169,34,135
222001082,35,4,31
222001083,84,4,80
222001084,0,12,-12
222001085,2,283,-281
222001111,143,32,111
222001112,335,5,330
222001313,2,3,-1
222001314,2,52,-50
222001464,67,40,27
222001465,3,82,-79
222001484,194,42,152
222001485,15,21,-6
222001494,1003,72,931
222001495,39,101,-62
222001496,516,94,422
222001497,53,196,-143
222001502,0,12,-12
222001503,234,9,225
222001504,3,46,-43
222001505,443,13,430
222001506,1,16,-15
222001507,235,9,226
222001510,780,35,745
222001511,19,72,-53
222001514,671,52,619
222001515,11,77,-66
222001518,762,21,741
222001519,32,56,-24
222001527,181,14,167
222001528,2,20,-18
222001529,673,12,661
222001530,18,80,-62
222001533,15,112,-97
222001534,949,5,944
222001535,392,78,314
222001536,21,151,-130
222001537,321,17,304
222001538,16,81,-65
222001563,1205,8,1197
222001564,9,111,-102
222001568,111,39,72
222001576,0,2,-2
222001579,0,60,-60
222001583,15,53,-38
222001584,228,37,191
222001596,108,627,-519
222001597,1505,96,1409
222001626,0,38,-38
222001650,12,9,3
222001651,15,181,-166
222001914,317,9,308
222001915,1,37,-36
222900004,329,77,252
222900009,98,211,-113
222900019,75,151,-76
222900024,141,5,136
222900025,4,5,-1
225000001,318,79,239
225000002,650,63,587
225000003,891,36,855
225000004,527,41,486
225000005,49,34,15
225000006,0,0,0
225000007,124,300,-176
225000010,255,32,223
225000011,152,886,-734
225000012,163,665,-502
225000013,61,90,-29
225000014,653,87,566
225000015,56,50,6
225000021,378,51,327
225000027,58,74,-16
225000032,465,34,431
225000042,31,112,-81
225000049,14,20,-6
225000050,123,12,111
225000053,0,0,0
225000058,407,48,359
225000067,42,21,21
225000068,20,29,-9
225000069,14,35,-21
225000070,14,39,-25
225000071,3,48,-45
225000075,11,281,-270
225000076,0,0,0
225000078,14,21,-7
225000085,94,19,75
225000086,293,34,259
225000087,106,0,106
225000088,1,26,-25
225000089,0,0,0
225000090,0,0,0
225000091,0,0,0
225000092,11,41,-30
225000093,56,7,49
225000094,12,21,-9
225000095,43,25,18
225000096,5,17,-12
225000098,627,48,579
225000099,478,44,434
225000100,561,78,483
225000104,11,149,-138
225000110,2,69,-67
225000111,97,120,-23
225000112,145,294,-149
225000113,51,474,-423
225000114,67,175,-108
225000115,672,333,339
225000116,193,53,140
225000117,386,224,162
225000118,768,173,595
225000119,251,41,210
225000120,452,17,435
225000121,73,12,61
225000123,746,10,736
225000125,505,104,401
225000126,416,105,311
225000127,328,1754,-1426
225000128,342,1112,-770
225000132,594,0,594
225000133,172,8,164
225000134,519,79,440
225000135,113,20,93
225000136,412,7,405
225000137,338,49,289
225000138,370,70,300
225000143,0,0,0
225000144,0,0,0
225000145,55,29,26
225000146,0,0,0
225000147,0,0,0
225000148,0,0,0
225000149,0,0,0
225000151,0,0,0
225000155,12,7,5
225000156,67,445,-378
225000157,132,125,7
225000158,7,13,-6
225000171,1,47,-46
225000180,3,0,3
225000181,0,4,-4
225000182,29,3,26
225000185,0,107,-107
225000187,9,41,-32
225000191,1,0,1
225000194,0,5,-5
225000208,1,6,-5
225000209,42,5,37
225000210,0,0,0
225000217,0,2,-2
225000218,2,0,2
225000223,0,18,-18
225000224,1,0,1
225000225,0,21,-21
225000226,36,5,31
225000227,1,39,-38
225000228,1,11,-10
225000229,0,2,-2
225000230,0,0,0
225000231,0,5,-5
225000232,147,0,147
225000241,61,0,61
225000242,0,5,-5
225000249,2,0,2
225000250,0,0,0
225000251,615,17,598
225000254,2,34,-32
225000256,2,134,-132
225000257,1,45,-44
226000042,8,9,-1
226000043,3,21,-18
226000044,6,33,-27
226000045,6,33,-27
226000046,866,22,844
226000047,343,44,299
226000048,412,51,361
226000049,391,151,240
226000070,0,0,0
226000071,0,0,0
226000072,0,0,0
226000073,0,0,0
226000074,0,0,0
226000084,0,0,0
226000085,0,0,0
226000086,0,0,0
226000087,0,0,0
226000088,0,0,0
226000090,20,70,-50
226000091,3,14,-11
226000092,1,25,-24
226000093,7,18,-11
226000094,9,4,5
226000095,18,2,16
226000105,2,0,2
226000106,1,0,1
226000107,32,0,32
226000108,4,0,4
226000109,127,0,127
226000124,279,53,226
226000134,1465,288,1177
226000135,2300,339,1961
226000136,862,172,690
226000137,0,0,0
226000138,0,0,0
226000139,0,0,0
226000156,283,1,282
226000157,379,2,377
226000163,1,1,0
226000202,0,0,0
226000231,427,0,427
226000232,22,0,22
227000033,580,8,572
227000036,774,7,767
227000037,624,2,622
227000038,161,16,145
227000084,0,0,0
227000085,0,0,0
227000088,49,1,48
227000089,51,0,51
227000090,49,1,48
227000091,78,0,78
227000092,30,0,30
227000093,85,0,85
227000094,19,0,19
227000130,0,0,0
227000131,0,0,0
227000132,0,1,-1
227000133,0,0,0
227000134,0,0,0
227000152,0,0,0
227000153,0,0,0
227000154,0,0,0
227000155,0,0,0
227000156,0,0,0
227000165,0,0,0
227000196,839,56,783
227000199,671,68,603
227000230,1,79,-78
227000232,1289,70,1219
227000242,0,0,0
227000243,367,34,333
227000245,0,5,-5
227000246,4,6,-2
227000247,754,17,737
227000248,113,60,53
227000249,1,34,-33
227000250,269,318,-49
227000251,5,64,-59
227000252,1,7,-6
227000253,351,43,308
227000262,815,10,805
227000266,2124,15,2109
227000267,3,198,-195
227000282,0,1,-1
227000284,859,9,850
227000286,0,0,0
227000291,1,1,0
227000296,106,129,-23
227000484,190,17,173
227000485,0,10,-10
227000655,551,9,542
227000656,787,14,773
227000657,291,8,283
227000704,430,6,424
229000265,63,3,60
229000266,1,1,0
229000267,29,1,28
229000268,25,8,17
229000269,12,1,11
229000274,0,53,-53
229000275,0,73,-73
229000276,0,52,-52
229000277,0,2,-2
229000278,1,15,-14
229000295,7,39,-32
229000296,0,23,-23
229000297,11,4,7
229000298,19,104,-85
229000320,0,9,-9
229000321,16,12,4
229000412,24,48,-24
229000414,16,27,-11
229000415,7,0,7
229000416,11,2,9
229000417,1,1,0
229000419,140,162,-22
229000440,245,50,195
229000442,25,4,21
229000443,23,0,23
229000444,1,36,-35
229000445,37,12,25
229000446,56,9,47
229000491,1,1,0
229000492,0,10,-10
229000493,0,8,-8
229000494,97,3,94
229000495,162,3,159
229000496,242,0,242
229000507,0,0,0
229000508,0,0,0
229000509,0,0,0
229000510,0,1,-1
229000511,0,0,0
229000512,0,0,0
229000513,0,0,0
229000514,0,0,0
229000517,3,0,3
229000518,1,2,-1
229000519,0,1,-1
229000520,3,3,0
229000521,122,12,110
229000522,11,2,9
229000523,8,2,6
229000524,14,1,13
229000527,0,2,-2
229000528,2,0,2
229000529,17,0,17
229000530,209,1,208
229000531,44,2,42
229000532,19,0,19
229000533,57,0,57
229000534,46,0,46
229000564,150,1,149
229000565,139,0,139
229000566,0,0,0
229000567,0,0,0
229000582,53,1,52
229000583,19,6,13
229000584,0,0,0
229000585,0,0,0
229000718,0,0,0
229000719,0,0,0
229000720,0,0,0
229000721,0,0,0
229000722,0,0,0
229000723,0,0,0
229000724,0,0,0
229000725,0,0,0
229000738,0,0,0
229000739,2,2,0
229000740,0,6,-6
229000741,64,0,64
229000742,5,0,5
229000743,42,0,42
229000744,0,0,0
229000745,0,0,0
229000746,28,0,28
229000847,191,0,191
229000848,129,0,129
229000849,253,1,252
229000851,262,0,262
229000854,0,0,0
229000856,0,0,0
229000857,0,0,0
229000858,0,0,0
229000919,0,0,0
229000930,0,0,0
229000937,40,19,21
229000966,30,10,20
229000981,0,0,0
229000985,1,9,-8
229000986,0,0,0
229000987,0,0,0
229000988,4,10,-6
229000989,1,2,-1
229000990,0,21,-21
229000991,0,0,0
229000992,13,0,13
229000993,101,9,92
229000998,32,23,9
229000999,90,2,88
229001034,0,3,-3
229001035,18,15,3
229001036,4,5,-1
229001037,40,1,39
229001038,0,2,-2
229001039,24,0,24
229001040,0,60,-60
229001041,148,1,147
229001042,12,3,9
229001047,14,38,-24
229001050,62,28,34
229001168,0,0,0
229001200,35,0,35
229001338,4,7,-3
229001394,217,1,216
229001422,52,5,47
229001423,0,0,0
229001431,17,7,10
229001432,0,0,0
229001444,207,7,200
229001445,113,61,52
229001479,64,0,64
229001503,214,13,201
229001504,0,0,0
229001505,84,6,78
229001506,0,0,0
229001509,77,9,68
229001510,25,25,0
229001545,27,21,6
229001546,0,0,0
229001553,42,14,28
229001554,0,0,0
229001630,52,3,49
229001631,15,4,11
229001635,0,25,-25
229001636,0,1,-1
229001658,0,0,0
229001659,62,10,52
229001660,0,5,-5
229001661,0,8,-8
229001662,23,0,23
229001663,0,0,0
229002584,308,147,161
229002831,88,79,9
229002841,1,62,-61
229002842,3,6,-3
229002843,83,7,76
229002844,11,53,-42
229002845,0,89,-89
229002846,2,9,-7
229002847,0,2,-2
229002848,4,21,-17
229002849,1,89,-88
229002850,21,2,19
229002851,10,166,-156
229002852,110,68,42
229002853,52,5,47
229002854,24,13,11
229002855,1,51,-50
229002856,50,6,44
229002857,55,20,35
229002858,50,2,48
229002859,15,14,1
229002860,36,12,24
229002861,48,50,-2
229002862,2,8,-6
229002863,2,36,-34
229002864,37,21,16
229002865,1,12,-11
229002866,21,22,-1
229002867,0,14,-14
229002868,2,2,0
229002869,4,43,-39
229002870,63,3,60
235000066,55,21,34
235000067,85,23,62
235000072,0,0,0
235000073,0,0,0
235000074,0,0,0
235000080,0,0,0
235000081,0,0,0
235000082,304,41,263
235000083,308,46,262
235000084,34,38,-4
235000085,220,45,175
235000089,39,13,26
235000092,0,0,0
235000093,0,0,0
235000097,0,2,-2
235000098,63,7,56
235000099,25,11,14
235000116,9,25,-16
235000117,458,13,445
235000133,0,0,0
235000134,0,0,0
235000206,3,2,1
235000207,1,2,-1
235000208,0,0,0
235000209,5,0,5
235000210,5,0,5
235000212,0,0,0
235000213,0,0,0
235000220,0,0,0
235000221,0,0,0
235000238,10,229,-219
235000239,0,30,-30
235000242,180,1317,-1137
235000245,3,3,0
235000246,0,0,0
235000284,2,56,-54
235000295,12,1,11
235000305,255,14,241
235000306,549,5,544
235000307,30,0,30
235000308,9,0,9
235000309,87,0,87
235000310,21,1,20
235000311,43,15,28
235000322,0,27,-27
235000323,0,38,-38
235000324,0,9,-9
235000325,1,7,-6
235000326,22,41,-19
235000351,4,91,-87
235000352,2,54,-52
235000353,3,21,-18
235000354,0,8,-8
235000355,1,58,-57
235000356,56,1,55
235000357,40,3,37
235000358,27,4,23
235000359,0,0,0
235000360,21,1,20
235000361,16,0,16
235000381,0,0,0
235000382,179,8,171
235000390,3,1,2
235000391,142,16,126
235000392,151,93,58
235000393,130,106,24
235000395,172,34,138
235000396,812,41,771
235000400,214,100,114
235000401,0,0,0
235000405,0,0,0
235000406,0,0,0
235000407,0,0,0
235000409,0,0,0
235000410,0,0,0
235000411,0,0,0
235000485,0,0,0
235000486,18,0,18
235000549,83,84,-1
235000550,0,0,0
235000599,0,0,0
235000600,0,0,0
235000601,37,5,32
235000602,48,24,24
235000614,0,0,0
235000648,0,0,0
235000649,9,14,-5
235000685,0,0,0
235000815,13,10,3
235000834,0,10,-10
235000855,32,20,12
235000862,0,0,0
235000891,0,0,0
235000892,4,0,4
235000901,0,0,0
235000907,0,0,0
235001010,60,13,47
235001029,0,0,0
235001030,178,28,150
235001078,119,56,63
235001079,0,0,0
235001147,0,29,-29
235001166,8,35,-27
235001167,0,0,0
235001169,5,134,-129
235001188,0,0,0
235001189,0,0,0
235001197,0,0,0
235001200,0,0,0
235001208,0,5,-5
235001209,0,0,0
235001210,0,0,0
235001239,0,0,0
235001244,0,0,0
235016267,0,45,-45
241900007,37,0,37
277101746,0,4,-4
277102712,2,0,2
277103813,0,0,0
277103814,0,0,0
277103898,0,0,0
277104249,0,0,0
277104250,0,12,-12
277104251,0,4,-4
277104252,0,0,0
990011530,0,122,-122
990014944,0,75,-75
990015176,20,32,-12
990015618,0,105,-105
990016032,0,115,-115
990032570,4,297,-293
990070001,74,6,68
990070103,0,1,-1
990070601,0,10,-10
990070751,1866,9,1857
990070766,0,112,-112
990071180,461,52,409
990071343,46,6,40
990071387,0,0,0
990071823,593,4,589
990072600,2,704,-702
990072964,1,113,-112
990073285,0,1,-1
990074393,0,316,-316
990074870,1651,59,1592
990075106,379,33,346
990075746,605,27,578
990076437,3229,3,3226
990076458,0,294,-294
997000007,152,14,138
997000041,3,267,-264
997000058,56,0,56
997000062,105,46,59
997000069,0,1,-1
997000070,0,10,-10
997000100,83,0,83
997000141,0,0,0
997000198,0,0,0
998000475,0,0,0
998000736,0,65,-65
998000965,0,55,-55
998001031,0,56,-56
998001700,0,22,-22
998001899,0,0,0
998001900,2,9,-7
998003073,2645,19,2626
998101900,0,0,0
998102850,1,119,-118
998501927,298,160,138
998501929,133,2,131
998501930,52,0,52
998501931,126,33,93
998501932,6,0,6
998501933,53,22,31
998501937,12,0,12
998501944,1,1,0
998501950,0,0,0
998501970,98,2,96
998501971,0,5,-5
998501973,0,11,-11
998501974,1,121,-120
998501975,134,4,130
998501976,49,1,48
998501977,1,58,-57
998501978,5,0,5
998501979,0,1,-1
998501980,110,1,109
998501981,45,0,45
998501982,0,38,-38
998502006,0,0,0
998502024,0,1,-1
998502032,0,2,-2
998502062,4,0,4
998502063,0,0,0
998502173,2,0,2
998502269,0,0,0
998601159,2,45,-43
998601292,2,4,-2
999033574,0,548,-548
999800001,34,11,23
999800002,0,0,0
999800003,2,6,-4
999800004,0,4,-4
999800005,0,0,0
