ID,insum,outsum,diff
100000001,582,604,-22
100000002,4807,694,4113
100000003,8748,2899,5849
100000004,1838,797,1041
100000005,1957,3149,-1192
100000006,491,113,378
100000007,1294,479,815
100000008,253,715,-462
100000009,298,274,24
100000010,24,59,-35
100000011,655,87,568
100000012,102,926,-824
100000013,39,226,-187
100000014,379,323,56
100000015,1318,1535,-217
100000016,1353,1359,-6
100000017,829,1054,-225
100000018,1850,653,1197
100000019,6284,1765,4519
100000020,2141,4790,-2649
100000021,7712,2283,5429
100000022,2126,1067,1059
100000023,7174,1075,6099
100000025,3648,590,3058
100000028,2044,883,1161
100000029,344,214,130
100000030,587,43,544
100000031,6599,6009,590
100000032,3103,3595,-492
100000033,940,2108,-1168
100000034,962,356,606
100000035,2002,718,1284
100000036,3621,1185,2436
100000037,470,490,-20
100000038,1214,1000,214
100000039,980,197,783
100000040,196,162,34
100000041,801,373,428
100000042,675,355,320
100000043,778,353,425
100000044,513,799,-286
100000045,566,1572,-1006
100000046,890,1644,-754
100000047,508,1015,-507
100000048,1182,715,467
100000049,2046,3069,-1023
100000051,365,1301,-936
100000053,35,4,31
100000054,160,22,138
100000055,605,276,329
100000056,239,616,-377
100000057,1887,893,994
100000058,1112,1547,-435
100000059,2,173,-171
100000060,272,380,-108
100000061,1594,597,997
100000062,1524,549,975
100000063,406,299,107
100000064,906,429,477
100000065,477,1490,-1013
100000066,208,1243,-1035
100000067,484,981,-497
100000068,597,2105,-1508
100000069,341,2074,-1733
100000072,447,1418,-971
100000073,1310,1415,-105
100000075,548,329,219
100000076,2379,1824,555
100000077,826,105,721
100000078,98,32,66
100000079,46,35,11
100000080,15,13,2
100000081,67,22,45
100000102,2672,1411,1261
100000103,4061,743,3318
100000104,6770,1226,5544
100000105,4064,743,3321
100000106,2982,1615,1367
100000107,998,419,579
100000108,1033,1005,28
100000109,4190,1129,3061
100000116,1740,693,1047
100000117,61,33,28
100000118,1356,903,453
100000119,668,653,15
100000121,318,712,-394
100000122,1174,782,392
100000123,4164,4235,-71
100000124,8557,5930,2627
100000125,3472,893,2579
100000126,778,267,511
100000127,1863,299,1564
100000128,1755,1244,511
100000129,794,419,375
100000130,491,737,-246
100000131,4683,3432,1251
100000132,1932,2261,-329
100000133,10850,3079,7771
100000135,499,1212,-713
100000139,246,337,-91
100000140,303,294,9
100000142,322,582,-260
100000143,1035,712,323
100000144,5452,1104,4348
100000147,1005,2254,-1249
100000150,27,557,-530
100000151,770,615,155
100000153,346,238,108
100000154,104,90,14
100000155,12,51,-39
100000156,81,58,23
100000157,44,401,-357
100000158,66,183,-117
100000159,338,337,1
100000165,1365,655,710
100000169,957,324,633
100000174,2172,455,1717
100000179,71,601,-530
100000180,4969,1555,3414
100000181,100,391,-291
100000188,95,441,-346
100000189,1228,346,882
100000190,464,394,70
100000191,630,406,224
100000192,90,86,4
100000193,129,167,-38
100000330,2320,630,1690
100000355,154,642,-488
100000362,5588,4091,1497
100000363,2402,3562,-1160
100000364,455,147,308
100000365,3827,7358,-3531
100000366,5123,2389,2734
100000367,3347,4134,-787
100000368,2345,1931,414
100000369,1151,1590,-439
100000370,176,346,-170
100000376,93,111,-18
100000379,2774,1129,1645
100000380,3587,1673,1914
100000384,6071,2694,3377
100000385,6869,3349,3520
100000386,10475,3077,7398
100000387,8055,3920,4135
100000388,11746,4160,7586
100000389,11593,4098,7495
100000390,11258,2933,8325
100000391,7971,4255,3716
100000392,3781,1431,2350
100000393,1832,1664,168
100000394,7575,3324,4251
100000395,4599,1305,3294
100000396,5485,1744,3741
100000397,3274,2026,1248
100000398,12602,8058,4544
100900002,5,64,-59
100900003,201,102,99
100900004,54,1142,-1088
100900005,124,6,118
100900006,12,311,-299
100900007,679,7,672
100900008,3,564,-561
100900009,19,68,-49
100900010,75,167,-92
100900011,71,424,-353
100900012,1,352,-351
100900013,1947,10,1937
100900014,2,12,-10
100900015,145,124,21
100900016,0,56,-56
100900017,864,98,766
100900018,0,22,-22
100900019,35,142,-107
100900020,283,2,281
100900021,309,0,309
100900022,8,22,-14
100900023,0,64,-64
100900024,1270,1,1269
100900025,16,16,0
100900026,70,217,-147
100900027,672,2587,-1915
100900028,104,159,-55
100900029,103,27,76
100900030,2,17,-15
100900031,310,86,224
100900032,148,0,148
100900033,294,88,206
100900034,321,7,314
100900035,733,1,732
100900036,40,1,39
100900037,56,348,-292
100900038,64,24,40
100900039,745,943,-198
100900040,260,1244,-984
100900041,368,1191,-823
100900042,708,244,464
100900043,0,16,-16
100900044,3265,374,2891
100900045,48,2,46
100900046,1135,12,1123
100900047,1120,205,915
100900048,146,27,119
100900049,101,272,-171
100900050,3,24,-21
100900051,63,56,7
100900052,177,26,151
100900053,258,37,221
100900054,5,132,-127
100900055,253,413,-160
100900056,105,332,-227
100900057,590,776,-186
100900058,200,21,179
100900059,47,1,46
100900060,106,10,96
100900061,323,300,23
100900062,1,93,-92
100900063,114,372,-258
100900064,672,20,652
100900065,92,65,27
100900066,38,65,-27
100900067,3,14,-11
100900068,111,181,-70
100900069,475,18,457
100900070,165,11,154
100900071,770,311,459
100900072,0,83,-83
100900073,65,643,-578
100900074,0,12,-12
100900075,3087,340,2747
100900076,51,42,9
100900077,14,218,-204
100900078,82,219,-137
100900079,0,36,-36
100900080,27,253,-226
100900081,26,148,-122
100900082,87,795,-708
100900083,1,49,-48
100900085,6,58,-52
100900086,173,971,-798
100900088,59,912,-853
100900089,6,35,-29
100900090,147,474,-327
100900091,1,42,-41
100900092,188,186,2
100900093,121,682,-561
100900094,77,768,-691
100900095,2,64,-62
100900096,36,79,-43
100900097,0,2,-2
100900098,6,17,-11
100900099,43,696,-653
100900100,5,259,-254
100900101,418,36,382
100900102,103,59,44
100900103,7,13,-6
100900104,18,212,-194
100900105,9,109,-100
100900106,40,5,35
100900107,1854,488,1366
100900108,1,7,-6
100900109,7,46,-39
100900110,9,53,-44
100900111,44,189,-145
100900112,0,16,-16
100900113,7,16,-9
100900114,5,19,-14
100900115,0,32,-32
100900116,767,624,143
100900117,253,924,-671
100900118,20,60,-40
100900119,7,21,-14
100900120,1,39,-38
100900121,266,481,-215
100900122,160,178,-18
100900123,102,145,-43
100900124,6,4,2
100900125,40,108,-68
100900126,99,226,-127
100900127,0,10,-10
100900128,87,119,-32
100900129,2,100,-98
100900131,111,137,-26
100900133,35,62,-27
100900134,0,20,-20
100900135,0,128,-128
100900137,316,174,142
100900138,504,325,179
100900139,0,8,-8
100900140,7,935,-928
100900141,2,389,-387
100900142,0,4,-4
100900143,1198,305,893
100900144,15,3,12
100900145,49,135,-86
100900146,12,14,-2
100900147,16,207,-191
100900148,63,1145,-1082
100900149,21,131,-110
100900150,5,20,-15
100900151,118,657,-539
100900152,141,9,132
100900153,14,134,-120
100900154,29,29,0
100900155,2,7,-5
100900156,32,1,31
100900157,3,77,-74
100900158,1223,412,811
100900159,2,16,-14
100900160,11,17,-6
100900161,139,0,139
100900162,19,212,-193
100900163,210,217,-7
100900164,20,44,-24
100900165,24,37,-13
100900166,43,5,38
100900167,15,97,-82
100900168,29,134,-105
100900169,239,1259,-1020
100900170,26,13,13
100900171,25,947,-922
100900172,1,10,-9
100900173,4,701,-697
100900174,430,76,354
100900176,1402,105,1297
100900177,1021,295,726
100900178,340,113,227
100900179,94,55,39
100900180,3,3,0
100900181,112,49,63
100900182,24,29,-5
100900184,4,181,-177
100900186,1048,648,400
100900187,14,184,-170
100900188,32,17,15
100900189,885,177,708
100900191,1395,832,563
100900192,378,230,148
100900195,82,156,-74
100900197,20,138,-118
100900198,21,255,-234
100900199,22,17,5
100900200,721,406,315
100900201,58,1006,-948
100900202,10,0,10
100900203,1,143,-142
100900204,1027,434,593
100900205,92,574,-482
100900206,74,99,-25
100900207,139,119,20
100900210,103,1308,-1205
100900211,360,82,278
100900213,44,23,21
100900214,1369,51,1318
100900215,5,45,-40
101000001,5397,2424,2973
101000002,4560,3959,601
101000003,1007,2258,-1251
101000004,11775,8420,3355
101000005,6241,5406,835
101000006,9952,7916,2036
101000007,3096,3168,-72
101000008,4124,3194,930
101000009,1561,2452,-891
101000010,923,1675,-752
101000011,2542,857,1685
101000012,2267,679,1588
101000013,614,1082,-468
101000014,748,843,-95
101000015,785,882,-97
101000016,449,430,19
101000017,533,578,-45
101000018,4327,2867,1460
101000020,4285,1449,2836
101000021,1279,347,932
101000022,731,116,615
101000023,1901,791,1110
101000025,123,358,-235
101000026,451,48,403
101000027,2022,1769,253
101000028,356,84,272
101000029,73,871,-798
101000030,1248,81,1167
101000031,1108,724,384
101000032,7965,2278,5687
101000033,2785,1996,789
101000034,2933,1232,1701
101000035,1506,521,985
101000036,1744,362,1382
101000037,5310,1150,4160
101000039,3983,1362,2621
101000040,5432,2850,2582
101000041,20336,3723,16613
101000042,1252,675,577
101000043,14449,3842,10607
101000045,2586,367,2219
101000046,3181,726,2455
101000047,1622,1252,370
101000048,1295,1162,133
101000049,1167,1289,-122
101000050,4396,3089,1307
101000051,4444,1457,2987
101000052,1726,585,1141
101000053,1367,1860,-493
101000054,2437,1962,475
101000055,1897,972,925
101000056,63,73,-10
101000057,3784,572,3212
101000058,2654,825,1829
101000059,4511,1697,2814
101000060,2340,317,2023
101000061,1497,1002,495
101000062,1189,512,677
101000063,470,522,-52
101000064,1068,380,688
101000065,152,324,-172
101000066,429,189,240
101000067,771,565,206
101000068,308,241,67
101000069,310,53,257
101000070,1856,1262,594
101000071,2451,912,1539
101000072,1107,4240,-3133
101000073,953,614,339
101000074,6278,3614,2664
101000075,8241,4757,3484
101000077,1320,1699,-379
101000078,1328,2016,-688
101000079,480,762,-282
101000080,724,552,172
101000081,1284,1447,-163
101000082,4028,2979,1049
101000083,2064,1805,259
101000084,1795,1362,433
101000085,1888,1182,706
101000086,1289,1239,50
101000087,1065,1472,-407
101000088,1105,1182,-77
101000089,976,1529,-553
101000090,2756,1696,1060
101000091,379,1984,-1605
101000092,898,1441,-543
101000093,1645,932,713
101000094,664,1445,-781
101000095,268,1016,-748
101000096,289,758,-469
101000097,1375,340,1035
101000098,1003,582,421
101000099,1383,1321,62
101000100,1262,821,441
101000101,445,406,39
101000102,1091,304,787
101000103,1075,553,522
101000104,412,463,-51
101000105,1067,264,803
101000106,1329,648,681
101000107,196,336,-140
101000108,1590,448,1142
101000109,121,59,62
101000110,43,818,-775
101000111,155,242,-87
101000113,130,822,-692
101000114,4709,1384,3325
101000115,186,155,31
101000116,205,345,-140
101000117,1094,413,681
101000119,185,52,133
101000120,258,20,238
101000121,62,26,36
101000122,97,58,39
101000123,48,58,-10
101000124,204,409,-205
101000125,208,425,-217
101000128,1366,472,894
101000130,368,392,-24
101000131,581,838,-257
101000132,527,2056,-1529
101000135,88,41,47
101000136,318,201,117
101000137,30,229,-199
101000141,2854,1805,1049
101000147,751,509,242
101000148,2814,37,2777
101000149,202,122,80
101000150,54,1288,-1234
101000151,147,89,58
101000152,377,337,40
101000153,684,560,124
101000154,138,2259,-2121
101000155,192,202,-10
101000156,17,254,-237
101000157,37,49,-12
101000160,72,47,25
101000163,204,85,119
101000164,595,384,211
101000165,213,476,-263
101000166,383,473,-90
101000168,744,394,350
101000252,1417,853,564
101000254,717,57,660
101000258,54,14,40
101000261,94,295,-201
101000262,870,943,-73
101000263,285,1531,-1246
101000265,60,427,-367
101000266,406,244,162
101000269,135,10,125
101000290,2367,2825,-458
101000293,54,114,-60
101000294,592,591,1
101000295,176,606,-430
101000301,935,240,695
101000304,1972,2531,-559
101000305,2703,1736,967
101900001,18,88,-70
101900002,0,30,-30
101900003,89,126,-37
101900004,3,39,-36
101900005,6986,1517,5469
101900006,1003,29,974
101900007,481,54,427
101900008,103,280,-177
101900009,93,549,-456
101900010,1178,610,568
101900011,362,1443,-1081
101900012,132,466,-334
101900013,1675,138,1537
101900017,21,121,-100
101900018,2132,285,1847
101900019,287,116,171
101900020,492,170,322
101900021,0,69,-69
101900022,101,2016,-1915
101900023,163,298,-135
102000001,2291,4431,-2140
102000002,3142,1450,1692
102000003,4405,5620,-1215
102000004,12144,3103,9041
102000005,1541,2284,-743
102000006,2058,1806,252
102000007,1608,4580,-2972
102000008,7458,2099,5359
102000009,6163,7633,-1470
102000010,7448,4174,3274
102000011,2693,2379,314
102000012,4076,4151,-75
102000018,4142,2879,1263
102000019,3262,1438,1824
102000026,280,592,-312
102000029,450,199,251
102000030,116,336,-220
102000031,41,246,-205
102000032,293,453,-160
102000033,164,561,-397
102000034,806,551,255
102000035,1279,691,588
102000036,9,290,-281
102000037,171,123,48
102000038,151,89,62
102000039,131,54,77
102000040,565,89,476
102000041,215,207,8
102000042,211,96,115
102000043,478,191,287
102000044,349,538,-189
102000045,728,1383,-655
102000046,810,445,365
102000047,754,1362,-608
102000048,255,755,-500
102000049,939,587,352
102000050,1021,1273,-252
102000051,410,528,-118
102000052,1358,986,372
102000053,728,831,-103
102000054,352,993,-641
102000055,777,1323,-546
102000056,669,2049,-1380
102000057,1610,780,830
102000058,1458,2716,-1258
102000059,1237,2176,-939
102000060,1225,1366,-141
102000061,1301,3150,-1849
102000062,1125,1813,-688
102000063,1288,1668,-380
102000064,508,689,-181
102000065,42,140,-98
102000066,1007,1311,-304
102000067,2549,3388,-839
102000068,10728,2902,7826
102000069,38,2295,-2257
102000070,2228,79,2149
102000071,7622,10359,-2737
102000072,3310,5674,-2364
102000073,1252,1404,-152
102000074,777,1171,-394
102000075,276,401,-125
102000076,299,686,-387
102000077,357,1542,-1185
102000078,825,1157,-332
102000079,136,437,-301
102000080,281,325,-44
102000081,309,1010,-701
102000082,760,397,363
102000083,294,811,-517
102000084,153,453,-300
102000085,1748,1696,52
102000086,1216,1784,-568
102000087,888,2456,-1568
102000088,240,303,-63
102000089,1077,594,483
102000090,460,1395,-935
102000091,1664,536,1128
102000092,622,1257,-635
102000093,719,672,47
102000094,1433,587,846
102000095,1207,1725,-518
102000096,1560,971,589
102000097,1663,1666,-3
102000098,609,1342,-733
102000099,1222,621,601
102000100,1070,1028,42
102000101,1553,505,1048
102000102,396,1934,-1538
102000103,1406,473,933
102000104,1131,343,788
102000105,235,894,-659
102000106,641,994,-353
102000107,746,749,-3
102000108,491,353,138
102000109,320,768,-448
102000110,608,1968,-1360
102000111,12,326,-314
102000112,138,70,68
102000113,8,28,-20
102000114,1100,420,680
102000115,164,167,-3
102000116,557,269,288
102000117,310,551,-241
102000118,1708,990,718
102000119,2887,587,2300
102000120,146,582,-436
102000121,960,684,276
102000122,540,948,-408
102000123,1673,1348,325
102000124,1322,1057,265
102000125,1096,1091,5
102000126,727,713,14
102000127,1031,867,164
102000128,476,1184,-708
102000129,1265,1146,119
102000130,482,877,-395
102000131,2599,1126,1473
102000132,967,1201,-234
102000133,1297,2657,-1360
102000134,508,948,-440
102000135,1158,813,345
102000136,1392,580,812
102000137,1486,970,516
102000138,420,553,-133
102000139,198,487,-289
102000140,581,341,240
102000141,629,601,28
102000142,201,470,-269
102000143,101,648,-547
102000144,137,583,-446
102000145,314,459,-145
102000146,275,410,-135
102000147,393,407,-14
102000148,181,258,-77
102000149,124,756,-632
102000150,175,258,-83
102000151,83,443,-360
102000152,100,214,-114
102000153,898,356,542
102000154,420,700,-280
102000155,106,282,-176
102000156,431,60,371
102000157,111,177,-66
102000158,287,232,55
102000159,1811,335,1476
102000161,6079,1838,4241
102000162,224,126,98
102000163,105,514,-409
102000164,1634,1038,596
102000165,260,173,87
102000166,23,96,-73
102000167,194,187,7
102000168,279,115,164
102000169,107,469,-362
102000170,831,140,691
102000171,158,91,67
102000172,108,240,-132
102000173,294,278,16
102000174,40,62,-22
102000175,118,173,-55
102000176,34,49,-15
102000178,285,757,-472
102000179,328,296,32
102000180,601,824,-223
102000181,418,906,-488
102000182,416,899,-483
102000183,1276,2472,-1196
102000184,1238,1051,187
102000185,2022,2059,-37
102000186,837,2440,-1603
102000187,729,2136,-1407
102000188,760,1784,-1024
102000189,3860,1204,2656
102000190,867,2860,-1993
102000191,1445,712,733
102000192,761,1116,-355
102000193,61,219,-158
102000194,79,129,-50
102000195,364,749,-385
102000196,124,746,-622
102000197,400,753,-353
102000198,174,1230,-1056
102000199,489,478,11
102000200,221,1707,-1486
102000201,520,587,-67
102000202,0,149,-149
102000203,206,393,-187
102000204,248,1167,-919
102000205,689,827,-138
102000206,586,991,-405
102000207,736,524,212
102000208,420,702,-282
102000209,54,59,-5
102000210,234,636,-402
102000211,346,602,-256
102000212,147,21,126
102000213,4,477,-473
102000214,133,14,119
102000215,7,738,-731
102000216,33,47,-14
102000217,8,259,-251
102000218,148,109,39
102000219,454,446,8
102000225,722,800,-78
102000226,10099,1337,8762
102000227,159,4,155
102000228,1,112,-111
102000229,30,34,-4
102000230,303,744,-441
102000231,314,591,-277
102000232,12,173,-161
102000233,490,896,-406
102000234,94,1605,-1511
102000236,445,81,364
102000237,516,189,327
102000238,143,364,-221
102000240,620,527,93
102000241,248,134,114
102000243,28,59,-31
102000245,39,106,-67
102000246,11,41,-30
102000247,341,971,-630
102000248,197,424,-227
102000249,126,244,-118
102000250,68,556,-488
102000254,88,479,-391
102000266,86,208,-122
102000271,16,0,16
102000286,600,423,177
102000297,1715,951,764
102000299,0,0,0
102000301,0,2,-2
102000303,0,0,0
102000305,0,0,0
102000307,1,4,-3
102000308,0,0,0
102900001,1382,1259,123
102900002,376,32,344
102900003,49,390,-341
102900005,202,422,-220
102900006,448,246,202
102900007,380,27,353
102900008,232,92,140
102900009,526,188,338
102900010,741,662,79
102900011,2409,324,2085
102900012,375,79,296
102900013,19,101,-82
102900015,1028,321,707
102900016,45,184,-139
102900017,138,848,-710
102900018,7,208,-201
102900019,426,632,-206
102900020,71,51,20
102900021,13,131,-118
102900022,390,72,318
102900023,34,56,-22
102900024,16,50,-34
102900025,364,103,261
102900026,663,1595,-932
102900027,44,83,-39
102900028,114,514,-400
102900029,157,142,15
102900030,408,272,136
102900031,91,175,-84
102900032,42,136,-94
102900033,88,234,-146
102900034,321,166,155
102900035,74,551,-477
102900036,177,683,-506
102900037,165,876,-711
102900038,406,830,-424
102900039,30,428,-398
102900040,120,294,-174
102900041,82,273,-191
102900042,143,485,-342
102900043,147,336,-189
102900044,674,2610,-1936
102900045,102,692,-590
102900046,114,377,-263
102900047,53,878,-825
102900048,659,804,-145
102900049,101,491,-390
102900050,329,441,-112
102900051,148,229,-81
102900052,48,24,24
102900053,482,907,-425
102900054,1071,1007,64
102900055,107,153,-46
102900056,136,557,-421
102900057,2,53,-51
102900058,374,71,303
102900059,18,74,-56
102900060,104,587,-483
102900061,123,613,-490
102900062,205,1566,-1361
102900063,741,452,289
102900064,228,419,-191
102900065,2292,971,1321
102900066,342,59,283
102900068,93,87,6
102900070,227,842,-615
102900072,8,24,-16
102900073,140,9,131
102900074,196,137,59
102900075,16,36,-20
102900076,343,73,270
102900077,30,30,0
102900078,50,80,-30
102900079,192,18,174
102900080,316,47,269
102900081,72,309,-237
102900082,11,263,-252
102900083,353,21,332
102900084,1,19,-18
102900085,213,100,113
102900086,6,39,-33
102900087,66,127,-61
102900088,33,39,-6
102900089,300,141,159
102900090,3,536,-533
102900091,100,3,97
102900092,201,953,-752
102900093,225,310,-85
102900094,1,48,-47
102900095,149,2,147
102900096,14,10,4
102900097,134,508,-374
103000001,2429,2721,-292
103000002,2152,2231,-79
103000003,4671,2776,1895
103000004,1066,806,260
103000005,2303,2485,-182
103000006,625,1490,-865
103000007,429,1045,-616
103000008,972,1191,-219
103000009,814,1186,-372
103000010,112,166,-54
103000011,2080,1359,721
103000012,1245,1444,-199
103000013,7815,2393,5422
103000014,1456,1969,-513
103000015,2944,1019,1925
103000016,570,1229,-659
103000017,160,430,-270
103000018,1257,438,819
103000019,183,221,-38
103000020,2032,1436,596
103000021,1574,1592,-18
103000022,1174,1349,-175
103000023,530,1501,-971
103000024,177,243,-66
103000025,77,463,-386
103000026,2387,179,2208
103000027,330,531,-201
103000028,903,475,428
103000029,555,274,281
103000030,2397,734,1663
103000031,1866,1645,221
103000032,2329,2007,322
103000033,3007,2761,246
103000034,2112,1198,914
103000035,565,1184,-619
103000036,536,581,-45
103000037,695,533,162
103000038,606,992,-386
103000039,267,529,-262
103000040,257,1519,-1262
103000041,1682,3618,-1936
103000042,866,987,-121
103000043,422,1600,-1178
103000044,137,325,-188
103000046,270,491,-221
103000047,528,939,-411
103000048,118,198,-80
103000049,116,231,-115
103000050,703,842,-139
103000051,398,772,-374
103000052,854,553,301
103000053,147,562,-415
103000054,2271,1440,831
103000055,1685,2296,-611
103000056,559,3030,-2471
103000057,443,416,27
103000058,371,1119,-748
103000059,309,954,-645
103000060,690,1067,-377
103000061,302,1021,-719
103000062,1137,1101,36
103000063,664,835,-171
103000064,99,309,-210
103000065,4,509,-505
103000066,132,11,121
103000069,210,462,-252
103000070,649,1531,-882
103000071,774,408,366
103000072,118,1212,-1094
103000073,540,153,387
103000074,625,128,497
103000075,185,1173,-988
103000076,211,274,-63
103000077,49,559,-510
103000078,1433,544,889
103000079,1823,524,1299
103000080,1509,345,1164
103000081,660,829,-169
103000082,463,222,241
103000083,130,450,-320
103000084,129,12,117
103000085,0,84,-84
103000086,791,400,391
103000087,136,557,-421
103000088,353,357,-4
103000089,213,366,-153
103000090,1740,1250,490
103000091,647,507,140
103000092,275,327,-52
103000093,377,600,-223
103000094,171,144,27
103000095,41,516,-475
103000096,892,119,773
103000097,63,770,-707
103000098,1068,169,899
103000099,401,765,-364
103000100,62,1034,-972
103000101,742,180,562
103000102,138,819,-681
103000103,583,287,296
103000104,79,191,-112
103000105,110,149,-39
103000106,24,130,-106
103000107,324,92,232
103000108,614,619,-5
103000109,358,419,-61
103000110,374,624,-250
103000111,706,382,324
103000112,326,256,70
103000113,642,645,-3
103000114,1053,440,613
103000115,450,668,-218
103000116,504,655,-151
103000117,219,590,-371
103000118,1535,1307,228
103000119,2345,743,1602
103000120,73,108,-35
103000121,465,704,-239
103000122,380,313,67
103000125,11,637,-626
103000126,433,13,420
103000127,3,328,-325
103000128,110,9,101
103000129,3,180,-177
103000130,51,23,28
103000131,262,118,144
103000132,107,212,-105
103000133,6,192,-186
103000134,980,831,149
103000135,961,270,691
103000136,937,385,552
103000137,706,665,41
103000138,965,803,162
103000139,2,64,-62
103000140,131,28,103
103000141,28,126,-98
103000142,126,53,73
103000143,44,271,-227
103000144,171,66,105
103000145,33,51,-18
103000150,89,80,9
103000152,253,260,-7
103000153,173,168,5
103000156,4,642,-638
103000157,320,5,315
103000159,123,126,-3
103000162,85,9,76
103000163,12,28,-16
103000164,21,15,6
103000165,172,453,-281
103000166,154,244,-90
103000167,144,105,39
103000168,68,197,-129
103000169,180,448,-268
103000170,478,578,-100
103000171,60,83,-23
103000172,468,1223,-755
103000173,255,880,-625
103000174,138,448,-310
103000175,220,631,-411
103000176,759,306,453
103000177,998,455,543
103000178,503,361,142
103000179,120,33,87
103000183,106,69,37
103000185,58,124,-66
103000186,71,223,-152
103000187,317,955,-638
103000188,17,79,-62
103000189,894,1176,-282
103000191,753,897,-144
103000292,3323,1230,2093
103000293,1594,1580,14
103000295,107,75,32
103000296,386,8,378
103000297,251,38,213
103000504,105,25,80
103000505,17,13,4
103000506,3,246,-243
103000507,98,1,97
103000508,62,30,32
103000509,203,720,-517
103900001,2,675,-673
103900002,2095,220,1875
103900003,2193,119,2074
103900004,53,24,29
103900005,4,306,-302
103900006,0,0,0
103900007,19,9,10
103900008,24,3,21
103900009,172,408,-236
103900010,144,427,-283
103900011,129,334,-205
103900012,10,13,-3
103900013,49,117,-68
103900014,21,25,-4
103900015,27,24,3
103900016,251,345,-94
103900017,34,88,-54
103900018,623,182,441
103900019,32,199,-167
103900020,177,364,-187
103900021,1149,59,1090
103900022,877,595,282
103900023,86,0,86
103900024,100,940,-840
103900025,3,55,-52
103900026,60,0,60
103900027,528,353,175
103900028,17,284,-267
103900029,859,63,796
103900030,222,34,188
103900031,7,2,5
103900032,57,27,30
103900033,68,8,60
103900034,19,318,-299
103900035,76,85,-9
103900036,66,32,34
103900037,41,54,-13
103900038,77,134,-57
103900039,25,648,-623
103900040,10,341,-331
103900041,29,49,-20
103900042,33,605,-572
103900043,81,150,-69
103900044,258,208,50
103900045,173,192,-19
103900047,43,34,9
103900048,38,22,16
103900049,214,1618,-1404
103900050,3,133,-130
103900051,0,45,-45
103900052,140,742,-602
103900053,72,1358,-1286
103900054,87,751,-664
103900055,381,262,119
103900056,24,45,-21
103900057,22,285,-263
103900058,160,1094,-934
103900059,0,9,-9
103900060,19,272,-253
103900061,75,78,-3
103900062,207,62,145
103900063,0,0,0
103900064,75,4,71
103900065,973,380,593
103900066,75,14,61
103900067,85,6,79
103900068,15,1,14
103900069,76,6,70
103900070,138,355,-217
103900071,43,220,-177
103900072,3,464,-461
103900073,15,23,-8
103900074,53,114,-61
103900075,58,80,-22
103900076,296,895,-599
103900077,67,48,19
103900078,116,191,-75
103900079,151,276,-125
103900080,13,43,-30
103900081,107,9,98
103900082,1,144,-143
103900083,2235,567,1668
103900084,70,159,-89
103900085,50,94,-44
103900086,402,346,56
103900087,31,129,-98
103900088,357,270,87
103900089,35,178,-143
103900090,5,285,-280
103900091,1131,293,838
103900092,334,485,-151
103900093,83,478,-395
103900094,7,199,-192
103900095,174,147,27
103900096,15,348,-333
103900097,10,665,-655
103900098,166,95,71
103900099,43,337,-294
103900100,192,477,-285
103900101,81,1282,-1201
103900102,0,25,-25
103900104,1,38,-37
103900105,84,200,-116
103900106,0,33,-33
103900107,146,347,-201
103900108,59,486,-427
103900109,78,129,-51
103900110,184,45,139
103900111,73,1013,-940
103900112,32,58,-26
103900113,150,250,-100
103900114,517,364,153
103900115,314,114,200
103900116,7516,2054,5462
103900117,274,189,85
103900119,53,46,7
103900120,11,117,-106
103900122,57,447,-390
103900123,1667,538,1129
103900124,22,17,5
103900125,41,84,-43
103900126,340,624,-284
103900127,141,1047,-906
103900128,56,269,-213
103900131,13,119,-106
103900133,942,39,903
103900134,2,0,2
103900135,5,13,-8
103900137,0,75,-75
103900138,51,432,-381
103900139,198,1122,-924
103900140,4,53,-49
103900141,311,99,212
103900142,78,283,-205
103900143,23,4,19
103900144,0,92,-92
103900145,182,469,-287
103900146,259,436,-177
103900147,346,166,180
103900148,121,327,-206
103900149,138,993,-855
103900150,9436,2682,6754
103900151,48,163,-115
103900152,346,927,-581
103900153,6,1,5
103900154,1643,952,691
103900155,19,312,-293
103900156,16,250,-234
103900157,32,365,-333
103900158,25,261,-236
103900159,61,79,-18
103900160,34,26,8
103900161,79,231,-152
103900162,63,316,-253
103900163,15,527,-512
103900164,202,39,163
103900167,25,98,-73
103900168,90,147,-57
103900169,58,65,-7
103900170,3,131,-128
103900171,1,101,-100
103900172,33,28,5
103900173,2,13,-11
103900174,111,116,-5
103900175,60,61,-1
103900176,22,27,-5
103900177,9,49,-40
103900178,38,126,-88
103900179,19,214,-195
103900180,11,122,-111
103900181,62,37,25
103900182,33,13,20
103900184,675,63,612
103900185,299,137,162
103900187,111,65,46
103900188,39,21,18
103900189,85,12,73
103900190,56,72,-16
103900191,10,84,-74
103900192,70,134,-64
103900193,244,208,36
103900194,65,491,-426
103900195,2,46,-44
103900196,14,22,-8
103900197,12,58,-46
103900198,34,79,-45
103900199,108,93,15
103900200,155,219,-64
103900201,131,269,-138
103900202,11,73,-62
103900203,27,20,7
103900204,2,184,-182
103900207,2,229,-227
103900208,21,1,20
103900209,7,127,-120
103900210,25,27,-2
103900211,410,738,-328
103900212,78,577,-499
103900213,143,254,-111
103900214,300,119,181
103900215,750,286,464
103900216,12,1272,-1260
103900217,435,77,358
103900218,1,262,-261
103900219,90,474,-384
103900233,85,2,83
103900235,36,14,22
103900236,22,1,21
103900242,16,14,2
103900243,7,8,-1
103900244,80,463,-383
103900245,44,284,-240
103900246,54,38,16
103900247,37,99,-62
103900248,8,16,-8
103900249,15,22,-7
103900250,33,33,0
103900251,2,33,-31
103900253,15,48,-33
103900254,0,13,-13
103900255,13,15,-2
103900256,21,12,9
103900257,34,120,-86
103900258,33,3,30
103900259,82,3,79
103900261,9,1,8
103900262,10,3,7
103900263,68,46,22
103900264,87,18,69
103900265,74,15,59
103900266,0,57,-57
103900267,11,59,-48
104000001,2331,2459,-128
104000002,1831,3297,-1466
104000003,2463,2462,1
104000004,3645,3138,507
104000005,1088,2046,-958
104000006,3320,3504,-184
104000007,4675,4457,218
104000008,283,576,-293
104000009,156,132,24
104000010,196,218,-22
104000011,939,574,365
104000012,166,611,-445
104000013,174,161,13
104000014,235,890,-655
104000015,210,245,-35
104000016,583,554,29
104000018,638,198,440
104000019,464,159,305
104000020,209,1093,-884
104000021,315,1007,-692
104000022,177,393,-216
104000023,447,437,10
104000024,192,512,-320
104000026,32,451,-419
104000027,293,571,-278
104000028,374,294,80
104000029,504,746,-242
104000030,276,276,0
104000031,830,396,434
104000032,227,486,-259
104000033,609,548,61
104000034,298,546,-248
104000035,642,574,68
104000036,517,889,-372
104000037,280,385,-105
104000038,264,354,-90
104000039,252,538,-286
104000040,565,628,-63
104000041,361,419,-58
104000042,251,533,-282
104000043,225,544,-319
104000044,256,927,-671
104000045,1080,1432,-352
104000046,1588,1875,-287
104000047,749,1744,-995
104000048,1290,2696,-1406
104000049,402,360,42
104000050,263,731,-468
104000051,92,859,-767
104000052,1108,1672,-564
104000053,752,803,-51
104000054,552,764,-212
104000055,3939,3532,407
104000056,1666,268,1398
104000057,116,628,-512
104000058,681,845,-164
104000059,538,1401,-863
104000060,791,1256,-465
104000061,1024,1480,-456
104000062,223,163,60
104000064,512,329,183
104000065,111,447,-336
104000069,1776,770,1006
104000070,54,343,-289
104000071,123,471,-348
104000072,495,273,222
104000075,51,305,-254
104000076,406,84,322
104000082,2081,2899,-818
104000083,706,242,464
104000084,174,679,-505
104000085,245,278,-33
104000086,165,549,-384
104000087,594,1266,-672
104000090,691,2020,-1329
104000092,810,3693,-2883
104000094,817,2618,-1801
104000095,1639,1569,70
104000096,1242,476,766
104000097,1386,1504,-118
104000098,1456,1662,-206
104000100,1235,903,332
104000101,873,2872,-1999
104000106,71,685,-614
104000107,647,646,1
104000108,441,780,-339
104000109,263,80,183
104000110,1045,1161,-116
104000111,7071,2161,4910
104000112,3544,651,2893
104000116,4,1813,-1809
104000117,131,1153,-1022
104000118,382,383,-1
104000119,372,295,77
104000120,201,1215,-1014
104000121,227,723,-496
104000122,569,804,-235
104000123,992,1448,-456
104000124,1951,3691,-1740
104000125,6142,3546,2596
104000126,403,554,-151
104000127,1754,4107,-2353
104000128,874,577,297
104000129,559,41,518
104000130,12,342,-330
104000131,1090,875,215
104000132,831,1145,-314
104000133,1035,980,55
104000134,1016,1718,-702
104000135,432,1454,-1022
104000136,987,3035,-2048
104000137,2274,384,1890
104000138,1672,448,1224
104000139,11555,4004,7551
104000141,1692,2305,-613
104000142,668,1274,-606
104000143,552,1034,-482
104000144,76,220,-144
104000145,397,226,171
104000146,458,671,-213
104000147,145,439,-294
104000148,238,146,92
104000149,136,511,-375
104000150,810,565,245
104000151,455,794,-339
104000152,508,990,-482
104000153,423,542,-119
104000154,1231,887,344
104000155,344,510,-166
104000157,1272,2211,-939
104000158,425,431,-6
104000159,576,406,170
104000160,1863,1772,91
104000161,271,249,22
104000162,82,142,-60
104000165,1585,1304,281
104000167,498,672,-174
104000168,552,13,539
104000169,45,74,-29
104000170,935,424,511
104000248,272,1128,-856
104000251,65,428,-363
104000272,0,0,0
104000273,0,0,0
104000274,0,0,0
104000275,0,0,0
104000279,883,721,162
104000290,72,407,-335
104000291,543,1305,-762
104000293,583,900,-317
104000294,13,0,13
104000295,626,999,-373
104000296,350,969,-619
104000297,877,2042,-1165
104000298,2320,1112,1208
104000299,656,1742,-1086
104900001,125,551,-426
104900002,26,108,-82
104900003,56,404,-348
104900004,95,442,-347
104900005,164,184,-20
104900006,149,111,38
104900007,222,309,-87
104900009,122,572,-450
104900010,25,25,0
104900011,12,9,3
104900012,149,20,129
104900013,132,5,127
104900014,4694,511,4183
104900015,93,3,90
104900016,132,438,-306
104900017,73,242,-169
104900018,2,271,-269
104900019,342,1731,-1389
104900020,51,295,-244
104900021,3,403,-400
104900022,43,132,-89
104900023,2,196,-194
104900024,22,125,-103
104900025,52,468,-416
104900026,1,163,-162
104900027,284,295,-11
104900028,49,105,-56
104900029,58,136,-78
104900030,432,244,188
104900031,172,226,-54
104900032,39,230,-191
104900033,106,256,-150
104900034,252,104,148
104900035,232,167,65
104900036,120,90,30
104900037,109,402,-293
104900038,808,368,440
104900039,1401,272,1129
104900040,193,107,86
104900041,173,191,-18
104900042,144,482,-338
104900043,8,56,-48
104900044,329,232,97
104900045,323,47,276
104900046,73,96,-23
104900047,254,158,96
104900048,152,107,45
104900049,17,12,5
104900050,130,86,44
104900051,160,59,101
104900052,44,1,43
104900053,356,97,259
104900054,118,45,73
104900055,93,1,92
104900056,132,14,118
104900057,18,0,18
104900058,680,226,454
104900059,31,63,-32
104900060,3,539,-536
104900061,306,922,-616
104900063,1,180,-179
104900064,0,155,-155
104900065,0,136,-136
104900066,2,332,-330
104900067,8,338,-330
104900068,19,274,-255
104900070,123,349,-226
104900071,3,1055,-1052
104900072,33,267,-234
104900073,38,403,-365
104900074,39,263,-224
104900075,48,108,-60
104900076,91,518,-427
104900077,1659,133,1526
104900078,159,923,-764
104900079,134,239,-105
104900080,54,579,-525
104900082,10,451,-441
104900085,7,323,-316
104900087,323,7,316
104900089,104,1,103
104900090,552,534,18
104900091,511,1074,-563
104900093,209,793,-584
104900097,3866,1694,2172
104900098,110,39,71
104900099,351,590,-239
104900100,811,327,484
104900102,28,330,-302
104900103,537,126,411
104900104,5242,1685,3557
104900106,58,171,-113
104900107,53,383,-330
104900108,25,399,-374
104900109,87,213,-126
104900110,8,60,-52
104900111,118,190,-72
104900112,208,1272,-1064
104900113,613,613,0
104900114,193,917,-724
104900115,419,636,-217
104900116,141,345,-204
104900118,20,83,-63
104900119,2,42,-40
104900120,36,73,-37
104900121,0,180,-180
104900122,3,136,-133
104900123,21,5,16
104900124,29,0,29
104900125,527,10,517
104900126,87,81,6
104900127,19,26,-7
104900128,90,266,-176
104900129,3830,1360,2470
105000001,2456,2175,281
105000002,2069,2191,-122
105000003,3162,4572,-1410
105000004,512,1249,-737
105000005,721,1404,-683
105000006,926,1696,-770
105000007,908,1385,-477
105000008,1058,1968,-910
105000009,1345,2941,-1596
105000010,3448,3240,208
105000011,2348,2389,-41
105000012,4998,3960,1038
105000013,615,1085,-470
105000014,1393,2512,-1119
105000015,12129,7662,4467
105000016,4940,2329,2611
105000017,1813,1250,563
105000018,1409,1129,280
105000019,1831,1079,752
105000020,186,360,-174
105000021,299,120,179
105000022,201,45,156
105000023,582,294,288
105000028,99,168,-69
105000029,340,1159,-819
105000030,4743,4547,196
105000033,1079,2559,-1480
105000034,203,756,-553
105000037,755,705,50
105000038,2032,1667,365
105000039,3656,2800,856
105000040,826,1002,-176
105000041,814,1977,-1163
105000042,3839,1473,2366
105000043,2701,3341,-640
105000044,481,518,-37
105000045,414,1198,-784
105000046,711,479,232
105000047,531,1771,-1240
105000048,528,263,265
105000049,278,897,-619
105000050,458,405,53
105000051,236,558,-322
105000052,673,1118,-445
105000053,151,207,-56
105000054,196,1437,-1241
105000055,412,499,-87
105000056,1067,3285,-2218
105000057,1264,1315,-51
105000058,1378,1760,-382
105000059,548,657,-109
105000060,544,956,-412
105000061,364,588,-224
105000062,784,1497,-713
105000063,335,847,-512
105000064,828,875,-47
105000065,355,1292,-937
105000066,1103,2714,-1611
105000067,799,708,91
105000068,541,1178,-637
105000069,3710,852,2858
105000070,1001,960,41
105000071,217,540,-323
105000072,549,999,-450
105000073,693,596,97
105000074,945,1273,-328
105000075,651,1000,-349
105000076,1238,1191,47
105000077,2072,781,1291
105000078,1560,1282,278
105000079,2114,2182,-68
105000080,2244,1297,947
105000081,1654,913,741
105000082,691,670,21
105000083,1561,1225,336
105000084,656,1385,-729
105000085,1435,1252,183
105000086,670,1077,-407
105000087,2995,2427,568
105000088,1713,1751,-38
105000089,3913,2739,1174
105000090,1164,1040,124
105000091,1984,2192,-208
105000092,693,1255,-562
105000093,364,264,100
105000094,274,268,6
105000095,81,393,-312
105000096,1236,817,419
105000097,1106,699,407
105000098,847,750,97
105000099,926,1064,-138
105000100,1028,1390,-362
105000101,1893,2790,-897
105000102,2762,1985,777
105000103,2028,2867,-839
105000104,1899,1333,566
105000105,1140,2516,-1376
105000106,1336,2356,-1020
105000107,1026,1411,-385
105000108,1097,2649,-1552
105000109,1332,2479,-1147
105000110,652,1119,-467
105000111,531,688,-157
105000112,1002,1087,-85
105000113,414,774,-360
105000114,4453,1191,3262
105000115,304,816,-512
105000116,520,536,-16
105000117,629,1766,-1137
105000118,279,532,-253
105000119,649,1986,-1337
105000120,706,744,-38
105000121,846,1822,-976
105000122,287,520,-233
105000123,1280,2090,-810
105000124,1330,1168,162
105000125,563,2524,-1961
105000126,1807,2944,-1137
105000127,2349,2697,-348
105000128,415,1995,-1580
105000129,698,375,323
105000130,155,1123,-968
105000131,828,421,407
105000132,620,463,157
105000133,334,1415,-1081
105000134,536,605,-69
105000135,449,761,-312
105000136,48,186,-138
105000137,227,352,-125
105000138,70,175,-105
105000139,1160,1301,-141
105000140,137,567,-430
105000141,267,924,-657
105000142,109,612,-503
105000143,231,891,-660
105000144,305,850,-545
105000145,397,672,-275
105000146,494,840,-346
105000147,377,468,-91
105000148,985,786,199
105000149,1910,2010,-100
105000150,2498,1745,753
105000151,309,495,-186
105000152,129,829,-700
105000153,510,633,-123
105000154,741,1079,-338
105000155,263,823,-560
105000156,1036,1144,-108
105000157,1144,2690,-1546
105000158,2096,1096,1000
105000159,270,1719,-1449
105000160,1368,714,654
105000161,700,2255,-1555
105000162,536,1439,-903
105000163,1804,1514,290
105000164,270,444,-174
105000165,1909,3969,-2060
105000166,9802,439,9363
105000167,3897,1372,2525
105000168,402,1185,-783
105000169,299,623,-324
105000170,139,1554,-1415
105000171,1194,429,765
105000172,46,59,-13
105000173,86,47,39
105000174,39,41,-2
105000175,72,162,-90
105000176,143,107,36
105000177,127,171,-44
105000178,144,988,-844
105000179,203,148,55
105000180,124,98,26
105000181,69,654,-585
105000182,27,61,-34
105000183,3241,1737,1504
105000184,1519,1201,318
105000185,1943,976,967
105000186,413,1123,-710
105000187,716,320,396
105000188,268,133,135
105000189,162,655,-493
105000190,181,455,-274
105000191,344,493,-149
105000192,100,68,32
105000193,82,231,-149
105000194,159,69,90
105000195,325,1434,-1109
105000196,24,110,-86
105000197,306,877,-571
105000198,755,374,381
105000199,262,274,-12
105000200,126,257,-131
105000201,103,35,68
105000203,7,336,-329
105000204,86,125,-39
105000205,110,306,-196
105000207,983,313,670
105000208,355,545,-190
105000209,248,355,-107
105000212,1152,1976,-824
105000213,238,244,-6
105000214,110,354,-244
105000215,190,366,-176
105000216,98,507,-409
105000217,167,389,-222
105000218,842,1232,-390
105000221,138,376,-238
105000222,141,52,89
105000223,173,229,-56
105000226,35,540,-505
105000227,45,270,-225
105000228,372,975,-603
105000229,85,284,-199
105000231,157,312,-155
105000233,578,711,-133
105000234,586,1744,-1158
105000235,277,585,-308
105000237,660,42,618
105000243,22,305,-283
105000248,32,82,-50
105000262,276,2560,-2284
105000269,124,249,-125
105000270,394,150,244
105000271,0,366,-366
105000282,113,68,45
105000287,395,144,251
105000288,565,486,79
105000289,1351,1020,331
105000290,6,2,4
105000402,6282,2137,4145
105000426,461,595,-134
105000438,1212,738,474
105000446,19013,6038,12975
105000447,12020,3341,8679
105000454,233,711,-478
105000455,290,271,19
105000474,21,3,18
105000477,222,479,-257
105000478,1605,2588,-983
105000479,119,202,-83
105000480,2270,2248,22
105000481,2819,2208,611
105000482,5530,3108,2422
105000483,1263,1359,-96
105000484,2545,2764,-219
105000485,1168,1545,-377
105000486,3688,2616,1072
105000488,3906,3268,638
105000489,607,1011,-404
105000549,34,162,-128
105000550,493,1674,-1181
105000551,26,142,-116
105000552,3826,2151,1675
105900001,23,1205,-1182
105900002,2005,439,1566
105900003,18,86,-68
105900004,469,171,298
105900005,9,274,-265
105900006,12,66,-54
105900007,179,14,165
105900008,70,954,-884
105900009,14,20,-6
105900011,239,40,199
105900012,665,137,528
105900013,1,33,-32
105900014,3,85,-82
105900015,192,495,-303
105900016,225,813,-588
105900017,860,63,797
105900018,264,282,-18
105900019,135,603,-468
105900020,46,48,-2
105900021,22,366,-344
105900022,210,440,-230
105900023,5,139,-134
105900024,18,238,-220
105900025,87,45,42
105900026,218,62,156
105900027,6343,6521,-178
105900028,139,163,-24
105900029,2347,403,1944
105900030,208,336,-128
105900031,649,219,430
105900032,41,164,-123
105900033,54,174,-120
105900034,159,335,-176
105900035,171,268,-97
105900036,39,136,-97
105900037,44,81,-37
105900038,142,324,-182
105900039,95,148,-53
105900040,47,133,-86
105900041,174,568,-394
105900042,42,145,-103
105900043,2115,67,2048
105900044,1,184,-183
105900045,7,767,-760
105900046,1,228,-227
105900047,3,26,-23
105900048,97,556,-459
105900050,5040,1687,3353
105900051,11,1503,-1492
105900052,246,164,82
105900053,4903,1574,3329
105900054,366,321,45
105900056,973,341,632
105900057,32,204,-172
105900058,9,65,-56
105900059,0,59,-59
106000001,4644,1763,2881
106000002,3449,5504,-2055
106000003,3018,2821,197
106000004,2394,2865,-471
106000005,2577,5821,-3244
106000006,6440,5802,638
106000007,553,641,-88
106000008,489,507,-18
106000009,517,370,147
106000010,646,779,-133
106000011,770,1172,-402
106000012,851,2133,-1282
106000013,1891,2022,-131
106000014,2309,2425,-116
106000015,1491,1301,190
106000016,1376,3286,-1910
106000017,817,834,-17
106000018,589,747,-158
106000019,284,599,-315
106000020,272,632,-360
106000021,257,616,-359
106000022,361,452,-91
106000023,673,433,240
106000024,771,1051,-280
106000025,153,245,-92
106000026,170,387,-217
106000027,900,1513,-613
106000028,567,882,-315
106000029,1005,1853,-848
106000030,1043,473,570
106000034,232,634,-402
106000035,800,1216,-416
106000036,443,487,-44
106000037,2062,2016,46
106000038,632,90,542
106000039,245,59,186
106000040,216,937,-721
106000041,934,397,537
106000043,615,110,505
106000046,352,66,286
106000047,38,453,-415
106000049,483,177,306
106000050,337,1191,-854
106000051,435,444,-9
106000052,93,818,-725
106000053,185,148,37
106000054,388,608,-220
106000055,801,1194,-393
106000056,322,602,-280
106000057,139,201,-62
106000058,152,230,-78
106000059,184,307,-123
106000060,602,724,-122
106000061,202,471,-269
106000062,180,760,-580
106000063,532,560,-28
106000064,37,563,-526
106000065,274,319,-45
106000066,117,510,-393
106000067,280,140,140
106000068,56,859,-803
106000069,124,110,14
106000070,397,997,-600
106000071,888,389,499
106000072,5409,1814,3595
106000073,2151,2443,-292
106000074,323,780,-457
106000075,291,1224,-933
106000076,1621,2049,-428
106000077,3805,1552,2253
106000078,735,1201,-466
106000079,603,1275,-672
106000080,1146,1018,128
106000081,611,1311,-700
106000082,2760,1212,1548
106000083,370,1557,-1187
106000084,1035,848,187
106000085,1786,1467,319
106000086,589,883,-294
106000087,820,711,109
106000088,421,882,-461
106000089,778,609,169
106000090,320,686,-366
106000091,253,771,-518
106000092,592,313,279
106000093,255,115,140
106000094,108,477,-369
106000095,438,1502,-1064
106000096,777,860,-83
106000097,625,1707,-1082
106000098,557,1224,-667
106000099,179,1232,-1053
106000100,1346,397,949
106000101,1816,441,1375
106000102,332,751,-419
106000103,249,764,-515
106000104,775,558,217
106000105,479,1136,-657
106000106,548,554,-6
106000107,85,500,-415
106000108,200,363,-163
106000109,90,481,-391
106000110,114,438,-324
106000111,129,764,-635
106000112,143,448,-305
106000113,1185,790,395
106000114,458,530,-72
106000115,172,662,-490
106000116,134,288,-154
106000117,1055,1020,35
106000118,1095,1256,-161
106000119,2980,1511,1469
106000120,708,999,-291
106000121,186,227,-41
106000122,74,464,-390
106000123,260,351,-91
106000124,46,483,-437
106000125,27,422,-395
106000126,138,209,-71
106000127,608,1195,-587
106000128,579,382,197
106000129,413,969,-556
106000130,551,461,90
106000131,118,906,-788
106000132,868,179,689
106000133,4484,1302,3182
106000134,1039,1914,-875
106000135,263,1109,-846
106000136,663,679,-16
106000137,114,1900,-1786
106000138,765,74,691
106000139,36,180,-144
106000140,41,134,-93
106000141,46,156,-110
106000142,61,90,-29
106000143,34,150,-116
106000144,28,75,-47
106000145,162,470,-308
106000146,234,233,1
106000147,438,756,-318
106000148,673,985,-312
106000149,464,509,-45
106000150,395,2055,-1660
106000151,6100,961,5139
106000152,1955,1644,311
106000153,101,1722,-1621
106000154,1884,288,1596
106000155,75,252,-177
106000156,791,659,132
106000157,966,2619,-1653
106000158,3530,1088,2442
106000159,5351,1763,3588
106000160,303,1990,-1687
106000161,1878,616,1262
106000162,119,730,-611
106000163,310,726,-416
106000164,249,451,-202
106000165,186,890,-704
106000166,416,380,36
106000167,289,1908,-1619
106000168,289,327,-38
106000169,166,1155,-989
106000170,432,331,101
106000171,108,1220,-1112
106000172,2219,1230,989
106000173,815,3501,-2686
106000174,1054,380,674
106000175,342,1457,-1115
106000176,1098,727,371
106000177,794,3152,-2358
106000178,2721,1919,802
106000179,1243,2971,-1728
106000180,839,2490,-1651
106000181,449,2525,-2076
106000182,675,995,-320
106000183,802,1447,-645
106000184,1008,1372,-364
106000185,646,1255,-609
106000186,969,225,744
106000187,296,957,-661
106000188,0,7,-7
106000189,4,71,-67
106000190,16,1,15
106000191,526,251,275
106000192,0,22,-22
106000193,368,211,157
106000194,144,388,-244
106000195,777,156,621
106000196,191,542,-351
106000197,338,434,-96
106000198,210,350,-140
106000199,975,654,321
106000200,537,192,345
106000201,578,1537,-959
106000202,8696,697,7999
106000203,217,217,0
106000204,36,9,27
106000205,25,181,-156
106000206,69,24,45
106000207,63,1237,-1174
106000208,692,112,580
106000209,1021,379,642
106000210,313,1785,-1472
106000211,353,1865,-1512
106000212,568,238,330
106000213,1066,1815,-749
106000214,3363,548,2815
106000215,245,573,-328
106000216,290,379,-89
106000217,353,658,-305
106000218,504,396,108
106000219,159,333,-174
106000220,457,341,116
106000221,135,510,-375
106000222,47,138,-91
106000223,114,120,-6
106000224,168,364,-196
106000225,71,80,-9
106000226,152,430,-278
106000228,47,154,-107
106000229,68,909,-841
106000231,586,132,454
106000232,57,456,-399
106000233,360,148,212
106000234,88,262,-174
106000235,482,98,384
106000236,219,66,153
106000237,0,6,-6
106000238,5,13,-8
106000239,2,120,-118
106000240,34,3,31
106000241,23,804,-781
106000242,231,24,207
106000249,42,102,-60
106000250,96,555,-459
106000251,55,14,41
106000252,33,144,-111
106000253,19,60,-41
106000254,45,89,-44
106000255,11,101,-90
106000256,98,118,-20
106000257,120,327,-207
106000258,219,17,202
106000259,3,43,-40
106000260,27,7,20
106000261,3,75,-72
106000262,47,22,25
106000263,2,102,-100
106000264,189,11,178
106000265,6,150,-144
106000266,112,17,95
106000267,3,138,-135
106000268,534,28,506
106000269,114,76,38
106000270,145,491,-346
106000271,40,236,-196
106000272,149,59,90
106000273,8,267,-259
106000274,195,53,142
106000275,161,228,-67
106000276,193,61,132
106000277,179,258,-79
106000278,262,70,192
106000279,19,75,-56
106000280,28,173,-145
106000281,121,108,13
106000282,84,101,-17
106000283,137,139,-2
106000284,53,177,-124
106000285,169,194,-25
106000286,62,177,-115
106000287,145,109,36
106000288,117,170,-53
106000289,91,116,-25
106000290,52,113,-61
106000291,89,127,-38
106000292,81,137,-56
106000293,128,125,3
106000294,184,178,6
106000295,60,73,-13
106000296,81,139,-58
106000297,68,315,-247
106000298,180,88,92
106000299,71,182,-111
106000300,69,152,-83
106000301,81,140,-59
106000303,22,57,-35
106000304,40,57,-17
106000305,15,45,-30
106000306,42,126,-84
106000307,49,11,38
106000308,24,202,-178
106000309,20,97,-77
106000310,249,827,-578
106000311,310,166,144
106000312,64,263,-199
106000313,123,294,-171
106000318,214,313,-99
106000319,634,94,540
106000320,3,73,-70
106000321,416,118,298
106000322,113,338,-225
106000324,4,203,-199
106000325,1368,940,428
106000326,1180,2515,-1335
106000327,133,217,-84
106000328,27,124,-97
106000329,79,365,-286
106000330,43,64,-21
106000428,32,168,-136
106000429,87,601,-514
106000430,359,1822,-1463
106000431,1300,338,962
106000432,1779,3288,-1509
106000433,1558,857,701
106000434,2633,1005,1628
106000435,2450,3013,-563
106000436,30,382,-352
106000437,167,52,115
106000438,360,135,225
106000439,48,680,-632
106000440,353,649,-296
106000441,4,2,2
106000442,126,4,122
106000443,103,724,-621
106000450,2,301,-299
106000451,19,29,-10
106000454,3,133,-130
106000455,11,196,-185
106000456,98,18,80
106000457,8,1534,-1526
106000458,333,259,74
106000459,63,613,-550
106000460,630,44,586
106000461,49,2627,-2578
106000462,0,21,-21
106000463,2,33,-31
106000464,2,812,-810
106000465,278,4,274
106000466,4,1060,-1056
106000467,515,661,-146
106000468,30,275,-245
106000469,336,4,332
106000470,293,1524,-1231
106000471,50,923,-873
106000472,95,13,82
106000473,27,47,-20
106000474,282,948,-666
106000475,265,149,116
106000476,150,137,13
106000477,12,56,-44
106900001,1,21,-20
106900002,3,836,-833
106900003,333,1299,-966
106900004,0,92,-92
106900006,0,22,-22
106900007,0,30,-30
106900008,163,371,-208
106900009,172,576,-404
106900010,193,453,-260
106900012,2578,2187,391
106900013,765,106,659
106900014,27,4,23
106900015,28,1,27
106900016,134,2,132
106900017,6,0,6
106900018,2,0,2
106900019,59,3,56
106900020,4010,987,3023
106900021,35,50,-15
106900022,328,1,327
106900023,30,295,-265
106900024,698,24,674
106900025,75,1042,-967
106900026,5,1085,-1080
106900027,377,1,376
107000001,4427,2039,2388
107000002,7254,4589,2665
107000003,4373,5669,-1296
107000004,6123,7377,-1254
107000005,2308,4628,-2320
107000006,3927,7820,-3893
107000007,5289,8979,-3690
107000008,20310,13928,6382
107000009,5430,5893,-463
107000010,12468,14611,-2143
107000011,1957,1600,357
107000012,5950,5297,653
107000013,46,207,-161
107000014,36,357,-321
107000015,480,1121,-641
107000016,515,1575,-1060
107000017,8207,1526,6681
107000018,55,884,-829
107000020,5138,1035,4103
107000021,1814,1039,775
107000022,1662,2131,-469
107000023,2120,437,1683
107000024,664,2538,-1874
107000025,184,496,-312
107000026,184,820,-636
107000027,994,1235,-241
107000028,1567,2244,-677
107000029,1914,2287,-373
107000030,3911,4296,-385
107000031,2806,2486,320
107000032,485,1218,-733
107000033,4662,7515,-2853
107000034,6434,2553,3881
107000035,339,227,112
107000036,471,1303,-832
107000037,52,826,-774
107000038,229,312,-83
107000039,693,623,70
107000040,137,432,-295
107000041,1629,921,708
107000042,915,2178,-1263
107000043,3795,1286,2509
107000044,811,435,376
107000045,93,343,-250
107000046,634,472,162
107000047,396,944,-548
107000048,516,434,82
107000049,493,866,-373
107000050,855,557,298
107000051,615,370,245
107000052,1272,852,420
107000053,359,183,176
107000054,70,288,-218
107000055,125,106,19
107000056,540,1124,-584
107000057,1844,231,1613
107000058,2646,2493,153
107000059,2793,4073,-1280
107000060,3867,6030,-2163
107000061,6709,4973,1736
107000062,2972,3326,-354
107000063,4452,8052,-3600
107000064,2890,2254,636
107000065,3980,7333,-3353
107000066,1689,2634,-945
107000067,884,1199,-315
107000068,1675,708,967
107000069,551,492,59
107000070,484,32,452
107000071,1948,45,1903
107000072,45,5113,-5068
107000073,390,169,221
107000074,156,1293,-1137
107000075,1188,417,771
107000076,1101,2230,-1129
107000077,2389,869,1520
107000078,2488,4636,-2148
107000079,1753,651,1102
107000080,1497,4465,-2968
107000081,981,597,384
107000082,639,3427,-2788
107000083,981,374,607
107000084,602,3188,-2586
107000085,2833,3435,-602
107000086,4375,3712,663
107000087,2448,2155,293
107000088,3178,4039,-861
107000089,1508,2049,-541
107000090,970,1297,-327
107000091,1018,1063,-45
107000092,702,1306,-604
107000093,1073,935,138
107000094,1001,1833,-832
107000095,586,695,-109
107000096,741,1319,-578
107000097,481,228,253
107000098,374,625,-251
107000099,566,377,189
107000100,406,301,105
107000101,72,209,-137
107000102,489,409,80
107000103,270,229,41
107000104,298,427,-129
107000105,378,206,172
107000106,235,428,-193
107000107,491,233,258
107000108,162,995,-833
107000109,475,178,297
107000110,64,795,-731
107000111,170,46,124
107000112,37,556,-519
107000113,381,156,225
107000114,114,963,-849
107000115,382,123,259
107000116,167,1228,-1061
107000117,123,319,-196
107000118,240,299,-59
107000119,2287,1246,1041
107000120,2551,458,2093
107000121,556,817,-261
107000122,1237,1159,78
107000123,323,990,-667
107000124,412,1093,-681
107000125,565,1082,-517
107000126,731,1434,-703
107000127,11,431,-420
107000129,137,194,-57
107000130,203,251,-48
107000131,560,392,168
107000132,505,406,99
107000133,751,235,516
107000134,427,0,427
107000135,1,273,-272
107000136,668,5,663
107000137,9,466,-457
107000138,349,19,330
107000139,16,406,-390
107000140,875,88,787
107000141,143,981,-838
107000142,277,90,187
107000143,56,1150,-1094
107000144,255,397,-142
107000145,130,725,-595
107000146,276,297,-21
107000147,3241,829,2412
107000150,1110,2828,-1718
107000151,74,85,-11
107000152,568,602,-34
107000153,461,679,-218
107000154,245,112,133
107000155,773,34,739
107000156,1125,50,1075
107000157,69,3176,-3107
107000158,321,39,282
107000159,57,1671,-1614
107000160,550,151,399
107000161,73,2783,-2710
107000162,173,439,-266
107000163,42,0,42
107000164,210,1,209
107000165,505,5,500
107000166,45,2059,-2014
107000167,383,359,24
107000168,658,392,266
107000169,1159,1263,-104
107000170,1172,681,491
107000171,649,3622,-2973
107000172,601,848,-247
107000173,802,1591,-789
107000174,932,4276,-3344
107000175,12903,2151,10752
107000176,6,1,5
107000177,1,4,-3
107000178,2,63,-61
107000179,255,4228,-3973
107000180,1023,437,586
107000181,353,1986,-1633
107000182,1202,1343,-141
107000183,126,1409,-1283
107000184,619,1010,-391
107000185,586,1980,-1394
107000186,1010,448,562
107000187,1103,1584,-481
107000188,586,617,-31
107000189,409,1059,-650
107000190,485,1042,-557
107000191,474,1082,-608
107000192,1332,1243,89
107000193,360,586,-226
107000194,934,1077,-143
107000197,801,273,528
107000198,362,1012,-650
107000199,728,771,-43
107000200,1178,659,519
107000201,337,259,78
107000202,248,591,-343
107000203,903,603,300
107000204,1086,612,474
107000205,3255,1594,1661
107000206,1146,1448,-302
107000207,829,1467,-638
107000208,1643,449,1194
107000209,3009,928,2081
107000210,1650,464,1186
107000211,12,23,-11
107000212,35,384,-349
107000213,19,32,-13
107000214,12,162,-150
107000215,384,623,-239
107000216,244,496,-252
107000217,108,189,-81
107000219,74,164,-90
107000220,113,332,-219
107000222,239,1012,-773
107000224,466,84,382
107000225,300,903,-603
107000226,243,139,104
107000227,84,615,-531
107000228,126,169,-43
107000229,227,206,21
107000230,1153,684,469
107000231,2845,672,2173
107000232,77,65,12
107000233,2230,704,1526
107000234,0,16,-16
107000235,75,5,70
107000236,32,825,-793
107000237,4,0,4
107000238,33,0,33
107000239,6683,578,6105
107000240,73,1637,-1564
107000241,167,33,134
107000242,816,63,753
107000243,1,70,-69
107000244,4,90,-86
107000246,8,1567,-1559
107000249,4,1409,-1405
107000251,0,397,-397
107000252,6,1873,-1867
107000255,922,110,812
107000257,2,809,-807
107000258,3,221,-218
107000259,1,341,-340
107000260,273,3,270
107000262,20,929,-909
107000263,146,5,141
107000266,17,7,10
107000267,93,228,-135
107000268,271,261,10
107000269,291,29,262
107000270,0,18,-18
107000271,17,1580,-1563
107000272,13,327,-314
107000273,9,366,-357
107000274,3603,365,3238
107000275,250,1347,-1097
107000280,363,26,337
107000281,53,1521,-1468
107000282,73,1890,-1817
107000290,8,38,-30
107000291,15,23,-8
107000292,0,45,-45
107000293,128,2,126
107000294,0,34,-34
107000295,54,6,48
107000296,0,13,-13
107000444,311,11,300
107000496,2,29,-27
107000497,1687,3977,-2290
107000500,303,413,-110
107000501,80,235,-155
107000502,223,481,-258
107000505,642,1057,-415
107000506,1,78,-77
107000508,3,1057,-1054
107000509,249,616,-367
107000510,25,14,11
107000514,34,283,-249
107000515,13,426,-413
107000516,216,245,-29
107000518,654,636,18
107000519,4741,1375,3366
107000520,40,21,19
107900001,22,276,-254
107900002,49,1,48
107900003,117,9,108
107900004,52,2,50
107900005,571,4,567
107900006,104,0,104
107900007,136,16,120
107900008,64,65,-1
107900009,174,8,166
107900010,15,0,15
107900012,293,21,272
107900013,269,73,196
107900014,15,3,12
107900015,523,2,521
107900016,739,112,627
107900017,23,7,16
107900018,40,50,-10
107900019,24,125,-101
107900020,105,10,95
107900021,28,220,-192
107900023,4,3,1
107900024,0,36,-36
107900025,199,418,-219
107900026,28,110,-82
107900027,38,89,-51
107900028,25,133,-108
107900030,175,21,154
107900031,67,263,-196
107900032,3,5,-2
107900033,14,8,6
107900034,309,16,293
107900035,589,26,563
107900036,33,6,27
107900037,2,76,-74
107900038,176,143,33
107900039,3,85,-82
107900040,116,126,-10
107900041,1,0,1
107900043,61,208,-147
107900044,15,3,12
107900045,75,30,45
107900046,67,92,-25
107900047,2,111,-109
107900048,129,16,113
107900049,370,2426,-2056
107900050,112,417,-305
107900051,88,134,-46
107900052,18,50,-32
107900053,27,105,-78
107900055,1030,383,647
107900056,136,33,103
107900057,0,1,-1
107900058,19,973,-954
107900060,12,68,-56
107900061,18,7,11
107900063,160,190,-30
107900064,397,62,335
107900065,129,11,118
107900066,5,7,-2
107900067,0,0,0
107900068,135,320,-185
107900069,23,928,-905
107900070,66,24,42
107900071,25,1396,-1371
107900072,46,282,-236
107900073,73,173,-100
107900074,1296,196,1100
107900076,116,135,-19
107900077,33,4,29
107900078,272,18,254
107900079,8,29,-21
107900080,146,285,-139
107900081,10,128,-118
107900082,39,23,16
107900083,249,157,92
107900084,105,190,-85
107900086,40,111,-71
107900087,563,89,474
107900088,18,10,8
107900089,348,1411,-1063
107900090,665,1564,-899
107900091,142,685,-543
107900092,2677,694,1983
107900093,49,59,-10
107900095,3845,1537,2308
107900097,18,98,-80
107900098,72,264,-192
107900100,1605,963,642
107900101,1304,182,1122
107900102,12,1,11
107900103,45,243,-198
107900104,207,8,199
107900105,1,702,-701
107900106,5,2303,-2298
107900107,2133,267,1866
107900108,375,145,230
107900109,600,9,591
107900110,16,151,-135
107900111,10,1618,-1608
107900112,99,364,-265
107900113,99,169,-70
107900114,133,355,-222
107900115,5,67,-62
107900116,61,286,-225
107900117,274,610,-336
107900118,83,209,-126
107900119,30,203,-173
107900120,35,13,22
107900121,3,186,-183
107900122,5,98,-93
107900123,0,29,-29
107900124,13,50,-37
107900125,36,219,-183
107900126,5,38,-33
107900127,754,161,593
107900128,140,57,83
107900129,28,55,-27
107900130,42,38,4
107900131,808,71,737
107900132,152,609,-457
107900133,1,113,-112
107900134,40,28,12
107900135,3,199,-196
107900136,62,38,24
107900137,125,100,25
107900138,27,31,-4
107900139,14,63,-49
107900140,132,84,48
107900141,47,52,-5
107900142,75,1395,-1320
107900143,49,51,-2
107900144,0,239,-239
107900145,22,138,-116
107900146,34,149,-115
107900147,53,27,26
107900148,159,222,-63
107900149,2132,294,1838
107900150,116,1019,-903
107900151,18,120,-102
107900152,17,384,-367
107900153,137,240,-103
107900154,29,13,16
107900155,38,45,-7
107900156,6,504,-498
107900157,30,85,-55
107900158,405,20,385
107900159,46,1411,-1365
107900160,48,197,-149
107900161,16,350,-334
107900162,5,255,-250
107900163,145,40,105
107900164,4,34,-30
107900165,31,78,-47
107900166,10,390,-380
107900167,14,46,-32
107900168,14,66,-52
107900169,0,182,-182
107900171,16,2531,-2515
107900172,1,445,-444
107900173,14,332,-318
107900174,56,6,50
107900175,6,38,-32
107900176,8,40,-32
107900177,8,400,-392
107900178,1,314,-313
107900179,10,190,-180
107900180,1208,339,869
107900181,284,411,-127
107900182,5,1966,-1961
107900183,28,486,-458
107900184,79,342,-263
107900185,49,5,44
107900186,12,53,-41
107900187,0,161,-161
107900188,978,117,861
107900189,29,170,-141
107900190,130,39,91
107900191,91,187,-96
107900193,9,43,-34
107900194,131,5,126
107900195,5282,585,4697
107900196,46,86,-40
107900197,1325,174,1151
107900199,3,1390,-1387
107900201,103,157,-54
107900203,30,99,-69
107900204,257,330,-73
107900205,211,514,-303
107900206,587,157,430
107900207,1,679,-678
107900208,6,1096,-1090
107900209,439,136,303
107900210,99,229,-130
107900213,1033,749,284
107900214,11,199,-188
107900215,255,399,-144
107900216,132,71,61
107900217,18,68,-50
107900218,25,2202,-2177
107900219,21,198,-177
107900220,275,189,86
107900221,214,226,-12
107900223,98,766,-668
107900224,211,397,-186
107900225,4,1162,-1158
107900226,63,193,-130
107900227,131,603,-472
107900228,28,152,-124
107900229,7,431,-424
107900230,14,189,-175
107900231,12,322,-310
107900232,29,246,-217
107900233,4,158,-154
107900234,60,194,-134
107900235,54,142,-88
107900236,42,116,-74
107900237,158,681,-523
107900238,14,137,-123
107900239,1652,508,1144
107900240,19,200,-181
107900241,4,117,-113
107900242,12,484,-472
107900243,3,52,-49
107900244,198,5,193
107900245,235,30,205
107900246,190,5,185
107900248,202,732,-530
107900249,357,7,350
107900250,0,722,-722
107900251,66,1587,-1521
107900252,497,15,482
107900253,101,2,99
107900254,66,581,-515
107900255,536,111,425
107900256,3116,1092,2024
107900257,93,88,5
107900258,75,298,-223
107900259,85,916,-831
107900261,13,897,-884
107900262,25,143,-118
107900264,142,4,138
107900265,64,224,-160
107900267,88,20,68
107900268,74,10,64
107900269,0,13,-13
107900270,0,0,0
107900271,4,1,3
107900272,177,4,173
107900273,14,148,-134
107900274,46,0,46
107900275,11,0,11
107900276,2,111,-109
107900277,1,321,-320
107900278,203,525,-322
107900279,178,94,84
107900280,2283,1729,554
107900281,3844,1324,2520
107900282,71,261,-190
107900283,1790,478,1312
107900284,202,1146,-944
107900285,48,169,-121
107900286,156,112,44
107900287,72,239,-167
107900290,0,55,-55
107900291,482,24,458
107900292,121,377,-256
107900293,46,704,-658
107900295,53,111,-58
107900297,1,417,-416
107900298,963,1331,-368
107900299,4752,2383,2369
107900300,35,262,-227
107900301,527,386,141
107900302,100,16,84
107900303,68,398,-330
107900304,164,845,-681
107900305,219,8,211
107900306,17,10,7
107900307,55,308,-253
107900308,226,85,141
107900309,20,0,20
107900310,176,4,172
107900311,432,184,248
107900312,1,2,-1
107900313,2,85,-83
107900314,2,69,-67
107900315,2,61,-59
107900316,43,3,40
107900317,72,13,59
107900318,5,167,-162
107900319,5,371,-366
107900320,2,200,-198
107900321,49,6,43
107900322,14,287,-273
107900323,13,204,-191
107900324,132,0,132
107900325,44,0,44
107900326,210,506,-296
107900327,5,0,5
107900328,0,0,0
107900329,0,0,0
107900330,11,706,-695
107900331,125,40,85
107900332,132,42,90
107900333,27,17,10
107900334,25,390,-365
107900335,38,54,-16
107900336,24,54,-30
107900337,1882,659,1223
107900338,2,210,-208
107900339,4,42,-38
107900340,0,70,-70
107900341,23,2,21
107900342,79,179,-100
107900343,29,2,27
107900344,4,116,-112
107900345,75,27,48
107900346,27,0,27
107900347,34,4,30
107900348,5,3,2
107900349,19,2,17
107900350,44,361,-317
108000001,2623,3562,-939
108000002,2764,4296,-1532
108000003,3067,2190,877
108000004,19225,21207,-1982
108000005,6044,3580,2464
108000006,7891,8750,-859
108000007,4359,3760,599
108000008,5912,7557,-1645
108000009,2690,3557,-867
108000010,3205,6672,-3467
108000011,12242,9573,2669
108000012,25623,19740,5883
108000014,804,706,98
108000015,571,303,268
108000016,191,893,-702
108000017,737,412,325
108000018,1278,653,625
108000019,1999,758,1241
108000020,1261,452,809
108000021,532,2301,-1769
108000022,578,2053,-1475
108000023,1029,224,805
108000024,219,877,-658
108000025,236,259,-23
108000026,356,884,-528
108000027,380,617,-237
108000028,193,345,-152
108000029,300,657,-357
108000030,393,224,169
108000031,213,673,-460
108000032,834,587,247
108000033,588,1686,-1098
108000034,1267,487,780
108000035,1085,3430,-2345
108000036,402,2003,-1601
108000037,1198,374,824
108000038,1824,475,1349
108000039,561,3334,-2773
108000040,1193,788,405
108000041,824,3626,-2802
108000042,217,314,-97
108000043,167,517,-350
108000044,792,220,572
108000045,281,2593,-2312
108000046,1158,348,810
108000047,393,1761,-1368
108000048,159,688,-529
108000049,492,295,197
108000050,122,666,-544
108000051,209,91,118
108000052,396,966,-570
108000053,232,116,116
108000054,535,1370,-835
108000055,955,345,610
108000056,909,1291,-382
108000057,537,758,-221
108000058,2173,2988,-815
108000059,4637,2529,2108
108000060,149,333,-184
108000061,199,377,-178
108000062,493,452,41
108000063,426,792,-366
108000064,155,260,-105
108000065,474,862,-388
108000066,1874,915,959
108000067,1663,662,1001
108000068,627,374,253
108000069,267,1585,-1318
108000070,1259,726,533
108000071,685,2571,-1886
108000072,1249,1129,120
108000073,1790,2921,-1131
108000074,309,362,-53
108000075,424,1125,-701
108000076,625,481,144
108000077,779,1007,-228
108000078,1733,1621,112
108000079,1084,2261,-1177
108000080,644,617,27
108000081,578,3332,-2754
108000082,1168,2532,-1364
108000083,1560,784,776
108000084,457,1796,-1339
108000085,389,354,35
108000086,1205,1140,65
108000087,158,1369,-1211
108000088,119,8,111
108000089,298,393,-95
108000090,280,118,162
108000091,101,680,-579
108000092,81,98,-17
108000093,129,1225,-1096
108000094,674,136,538
108000095,170,755,-585
108000096,170,206,-36
108000097,122,861,-739
108000098,970,1838,-868
108000099,266,105,161
108000100,58,255,-197
108000101,884,1254,-370
108000102,1402,2416,-1014
108000106,1064,2,1062
108000107,2,888,-886
108000108,699,56,643
108000109,12,1144,-1132
108000110,135,310,-175
108000111,189,1051,-862
108000112,35,128,-93
108000113,560,403,157
108000115,513,426,87
108000117,1018,399,619
108000118,106,155,-49
108000119,796,504,292
108000120,94,687,-593
108000121,191,694,-503
108000122,377,446,-69
108000123,595,413,182
108000124,286,850,-564
108000125,218,486,-268
108000126,92,801,-709
108000127,302,481,-179
108000128,426,1000,-574
108000129,271,1913,-1642
108000130,228,407,-179
108000131,658,306,352
108000132,2381,2013,368
108000133,605,563,42
108000134,694,944,-250
108000135,833,337,496
108000136,1013,1463,-450
108000137,227,535,-308
108000138,221,1475,-1254
108000139,225,437,-212
108000140,24,18,6
108000141,24,240,-216
108000142,54,170,-116
108000143,20,62,-42
108000144,14,10,4
108000145,18,33,-15
108000146,15,2,13
108000147,59,47,12
108000148,26,7,19
108000149,17,35,-18
108000150,16,8,8
108000151,47,21,26
108000152,72,855,-783
108000153,276,119,157
108000154,50,18,32
108000155,15,12,3
108000156,512,122,390
108000157,129,571,-442
108000158,73,618,-545
108000159,705,183,522
108000160,6387,915,5472
108000161,6011,1664,4347
108000165,3,123,-120
108000172,1,236,-235
108000173,3694,1708,1986
108000175,121,107,14
108000178,478,491,-13
108000179,230,553,-323
108000181,39,37,2
108000182,158,28,130
108000183,54,31,23
108000184,1478,1698,-220
108000185,134,987,-853
108000186,97,81,16
108000187,118,1096,-978
108000188,283,374,-91
108000189,828,899,-71
108000190,42,158,-116
108000192,118,956,-838
108000193,1134,39,1095
108000194,17,9,8
108000195,6,1486,-1480
108000196,166,146,20
108000198,390,506,-116
108000199,0,127,-127
108000200,227,995,-768
108000202,1,193,-192
108000203,108,1221,-1113
108000204,59,30,29
108000205,490,819,-329
108000339,2086,371,1715
108000364,212,284,-72
108000365,71,397,-326
108000367,196,529,-333
108000368,16,74,-58
108000369,1895,166,1729
108000371,4,715,-711
108000372,462,5,457
108000373,157,227,-70
108000376,42,33,9
108000377,326,463,-137
108000378,9746,9103,643
108000379,46,209,-163
108000381,33,22,11
108000382,39,2,37
108000383,0,90,-90
108900001,212,1543,-1331
108900002,228,61,167
108900003,401,1264,-863
108900004,323,359,-36
108900005,31,194,-163
108900006,567,208,359
108900007,149,211,-62
108900008,70,178,-108
108900009,24,133,-109
108900010,99,210,-111
108900011,258,427,-169
108900012,203,576,-373
108900013,116,324,-208
108900014,4,122,-118
108900015,0,27,-27
108900016,2,259,-257
108900017,155,201,-46
108900018,102,720,-618
108900019,51,1694,-1643
108900020,43,349,-306
108900021,100,401,-301
108900022,7,451,-444
108900023,115,39,76
108900024,15,204,-189
108900025,37,204,-167
108900026,17,119,-102
108900028,43,679,-636
108900029,43,291,-248
108900031,56,765,-709
108900032,7,370,-363
108900034,0,406,-406
108900035,264,2398,-2134
108900036,319,483,-164
108900037,36,683,-647
108900039,2,769,-767
108900040,7,159,-152
108900041,7017,2593,4424
108900042,5,396,-391
108900043,49,617,-568
108900045,38,963,-925
108900046,4,191,-187
108900047,0,72,-72
108900048,81,1410,-1329
108900049,7264,933,6331
108900050,3,418,-415
108900051,1,345,-344
108900052,45,409,-364
108900053,124,108,16
108900054,59,303,-244
108900055,75,759,-684
108900056,1,194,-193
108900057,0,307,-307
108900058,10,651,-641
108900059,211,22,189
108900060,67,160,-93
108900061,73,28,45
108900062,3,448,-445
108900063,7,647,-640
108900064,69,76,-7
108900065,11,496,-485
108900066,153,139,14
108900067,50,272,-222
108900068,0,157,-157
108900069,24,157,-133
108900070,41,197,-156
108900071,52,94,-42
108900072,3054,384,2670
108900073,0,124,-124
108900074,134,642,-508
108900075,73,61,12
108900076,165,109,56
108900077,151,131,20
108900078,11,337,-326
108900079,1172,302,870
108900080,27,555,-528
108900081,54,351,-297
108900082,20,127,-107
108900083,20,197,-177
108900084,397,181,216
108900085,2681,179,2502
108900086,45,485,-440
108900087,144,318,-174
108900088,809,348,461
108900089,10,124,-114
108900090,26,648,-622
108900091,198,153,45
108900092,323,329,-6
108900093,125,63,62
108900094,254,97,157
108900095,71,797,-726
108900096,531,36,495
108900097,372,274,98
108900098,4145,462,3683
108900099,316,416,-100
108900100,79,207,-128
108900101,153,60,93
108900102,168,624,-456
108900103,47,51,-4
108900104,286,433,-147
108900105,9,718,-709
108900106,199,723,-524
108900108,223,55,168
108900109,8,28,-20
108900110,132,754,-622
108900111,312,1041,-729
108900112,107,30,77
108900113,25,49,-24
108900114,0,3,-3
108900115,58,78,-20
108900116,18,18,0
108900117,52,19,33
108900119,141,35,106
108900120,106,118,-12
108900121,283,81,202
108900122,72,59,13
108900123,73,64,9
108900124,260,126,134
108900126,39,12,27
108900127,124,47,77
108900128,66,15,51
108900129,528,109,419
108900131,210,10,200
108900132,302,65,237
108900133,149,52,97
108900134,176,315,-139
108900135,93,7,86
108900137,77,1,76
108900138,285,14,271
108900139,286,87,199
108900140,126,326,-200
108900141,147,24,123
108900142,78,0,78
108900143,2,0,2
108900144,45,0,45
108900145,74,8,66
108900146,49,1,48
108900147,131,4,127
108900148,94,45,49
108900149,779,466,313
108900150,184,6,178
108900151,66,1,65
108900152,43,40,3
108900153,64,728,-664
108900154,3741,515,3226
108900155,195,101,94
108900156,48,5,43
108900157,12,934,-922
108900158,211,38,173
108900159,6,507,-501
108900160,6,299,-293
108900161,14,733,-719
108900162,72,1,71
108900163,5,180,-175
108900164,36,109,-73
108900165,217,102,115
108900167,2575,3211,-636
108900168,12090,2513,9577
108900169,28,201,-173
108900171,12247,2295,9952
108900172,117,47,70
108900173,270,449,-179
108900174,433,567,-134
108900176,199,682,-483
108900177,10883,3904,6979
108900178,6954,2303,4651
108900179,509,1004,-495
108900180,71,188,-117
108900182,17,174,-157
108900183,212,352,-140
108900184,388,236,152
108900185,54,391,-337
108900186,91,523,-432
108900187,195,69,126
108900188,361,59,302
108900189,242,208,34
108900190,67,5058,-4991
108900191,183,41,142
108900192,79,390,-311
108900193,537,65,472
108900194,42,540,-498
108900195,67,567,-500
108900196,28,876,-848
108900198,1,834,-833
108900199,192,416,-224
108900200,287,377,-90
108900201,332,1508,-1176
108900203,336,33,303
108900204,329,10,319
108900205,134,19,115
108900206,318,18,300
108900207,141,21,120
108900208,31,520,-489
108900209,251,807,-556
108900210,162,253,-91
108900211,104,390,-286
108900212,950,996,-46
108900215,151,759,-608
108900216,402,117,285
108900217,57,1,56
108900218,169,4,165
108900219,83,3,80
108900220,51,17,34
108900221,51,109,-58
108900222,117,29,88
108900223,10,82,-72
108900224,31,132,-101
108900225,0,229,-229
108900226,223,9,214
108900227,109,152,-43
108900230,386,403,-17
108900231,35,351,-316
108900232,1,1302,-1301
108900233,297,67,230
108900234,245,98,147
108900235,211,844,-633
108900236,51,497,-446
108900237,52,379,-327
108900240,108,121,-13
108900241,26,23,3
108900245,5,816,-811
108900249,72,29,43
108900250,169,163,6
108900257,128,864,-736
108900258,28,320,-292
108900259,38,118,-80
108900260,1,155,-154
108900261,154,157,-3
108900262,366,164,202
108900263,83,328,-245
108900264,566,295,271
108900265,1682,284,1398
108900266,1632,312,1320
108900267,0,71,-71
108900268,2,5,-3
108900269,24,9,15
108900270,20,10,10
108900271,19,9,10
108900272,143,5,138
108900273,1265,486,779
108900274,26,74,-48
108900275,39,3,36
108900276,2,98,-96
109000001,4012,1013,2999
109000002,3158,1643,1515
109000003,2131,617,1514
109000004,481,3274,-2793
109000005,1692,850,842
109000006,718,2719,-2001
109000007,1188,799,389
109000008,464,2365,-1901
109000009,3116,1416,1700
109000010,1361,4978,-3617
109000011,2173,1649,524
109000012,1657,4978,-3321
109000013,2851,2033,818
109000014,1889,5254,-3365
109000015,3327,4412,-1085
109000016,12120,5485,6635
109000017,1662,1420,242
109000018,1145,4584,-3439
109000019,1868,1237,631
109000020,1083,2626,-1543
109000023,317,18,299
109000024,1,169,-168
109000025,389,350,39
109000026,875,333,542
109000027,111,203,-92
109000028,83,129,-46
109000029,146,122,24
109000030,130,843,-713
109000031,137,108,29
109000032,106,785,-679
109000033,247,101,146
109000034,68,42,26
109000035,7,40,-33
109000036,99,462,-363
109000037,187,785,-598
109000038,648,516,132
109000039,774,510,264
109000040,6827,4427,2400
109000041,6487,1320,5167
109000042,1229,1455,-226
109000044,265,72,193
109000045,101,522,-421
109000046,269,84,185
109000047,75,532,-457
109000048,690,178,512
109000049,209,679,-470
109000050,334,330,4
109000051,390,366,24
109000052,411,2201,-1790
109000053,137,96,41
109000054,415,902,-487
109000055,148,268,-120
109000056,272,765,-493
109000057,409,298,111
109000058,940,377,563
109000059,584,936,-352
109000060,543,208,335
109000061,1656,696,960
109000062,144,224,-80
109000063,207,228,-21
109000064,125,181,-56
109000065,110,409,-299
109000066,207,174,33
109000067,41,523,-482
109000068,799,16,783
109000069,794,25,769
109000070,6,1108,-1102
109000071,303,97,206
109000072,61,383,-322
109000073,37,133,-96
109000074,44,286,-242
109000075,93,557,-464
109000076,51,133,-82
109000077,354,357,-3
109000078,48,99,-51
109000079,133,269,-136
109000080,50,138,-88
109000081,95,692,-597
109000082,311,359,-48
109000083,178,1087,-909
109000088,177,658,-481
109000089,323,35,288
109000090,143,619,-476
109000091,175,157,18
109000092,446,825,-379
109000093,147,187,-40
109000094,276,1,275
109000095,99,899,-800
109000096,489,187,302
109000097,67,136,-69
109000098,48,104,-56
109000099,561,505,56
109000100,228,735,-507
109000101,913,1239,-326
109000102,284,1120,-836
109000103,312,794,-482
109000104,910,832,78
109000105,410,2106,-1696
109000106,1400,755,645
109000107,492,2887,-2395
109000108,1321,649,672
109000109,468,2646,-2178
109000110,1277,501,776
109000111,1205,3217,-2012
109000112,332,185,147
109000113,181,237,-56
109000114,161,429,-268
109000115,1068,55,1013
109000116,0,245,-245
109000117,98,105,-7
109000118,14,361,-347
109000119,611,482,129
109000120,184,1630,-1446
109000121,208,56,152
109000122,73,1517,-1444
109000123,16,82,-66
109000124,410,441,-31
109000125,514,405,109
109000126,288,1355,-1067
109000127,484,180,304
109000128,460,3160,-2700
109000129,1330,645,685
109000130,625,3783,-3158
109000131,685,340,345
109000132,706,2398,-1692
109000133,323,1292,-969
109000134,742,1890,-1148
109000135,1204,1817,-613
109000136,276,537,-261
109000137,191,390,-199
109000138,381,643,-262
109000139,327,561,-234
109000140,135,596,-461
109000141,251,570,-319
109000142,91,684,-593
109000143,105,48,57
109000145,50,207,-157
109000146,55,107,-52
109000148,5313,1307,4006
109000149,27,58,-31
109000150,53,203,-150
109000155,441,624,-183
109000156,1573,1111,462
109000158,122,297,-175
109000159,137,861,-724
109000160,567,393,174
109000161,237,1958,-1721
109000162,1642,1297,345
109000163,859,2418,-1559
109000164,880,3505,-2625
109000165,1037,864,173
109000166,498,198,300
109000167,118,1306,-1188
109000170,65,49,16
109000171,29,40,-11
109000172,43,54,-11
109000173,20,76,-56
109000174,45,63,-18
109000175,40,132,-92
109000176,192,338,-146
109000177,20,153,-133
109000178,305,101,204
109000179,9271,3026,6245
109000180,6157,3039,3118
109000181,4,45,-41
109000182,37,72,-35
109000183,25,76,-51
109000184,15,15,0
109000185,20,88,-68
109000188,396,3797,-3401
109000189,1685,1217,468
109000190,477,683,-206
109000191,179,729,-550
109000192,219,355,-136
109000193,136,548,-412
109000194,113,193,-80
109000195,76,587,-511
109000196,171,136,35
109000197,156,751,-595
109000198,258,65,193
109000199,80,662,-582
109000206,201,30,171
109000207,67,45,22
109000208,110,76,34
109000209,198,100,98
109000210,165,671,-506
109000211,101,216,-115
109000214,252,762,-510
109000215,75,55,20
109000216,128,187,-59
109000217,212,91,121
109000218,213,134,79
109000221,327,1538,-1211
109000222,645,141,504
109000223,274,335,-61
109000224,46,404,-358
109000225,58,52,6
109000226,38,442,-404
109000227,882,1868,-986
109000228,0,412,-412
109000231,2,663,-661
109000232,254,522,-268
109000236,270,1086,-816
109000241,1523,2489,-966
109000242,1349,1820,-471
109000293,7,63,-56
109000361,71,292,-221
109000364,183,831,-648
109000396,10,1271,-1261
109000397,319,18,301
109000399,132,748,-616
109000400,29,327,-298
109000403,102,424,-322
109000406,217,4,213
109000407,172,281,-109
109000408,2,920,-918
109000410,541,192,349
109000411,37,15,22
109900001,83,1,82
109900002,780,20,760
109900003,109,1,108
109900004,625,293,332
109900005,6,6,0
109900006,272,291,-19
109900007,453,1179,-726
109900008,0,43,-43
109900009,117,1228,-1111
109900010,364,23,341
109900011,30,59,-29
109900012,204,184,20
109900013,224,163,61
109900014,210,39,171
109900015,447,169,278
109900016,97,56,41
109900017,69,153,-84
109900018,182,212,-30
109900019,113,108,5
109900020,10,28,-18
109900021,12,8,4
109900022,32,410,-378
109900023,10,4,6
109900024,16,0,16
109900025,17,98,-81
109900026,4,270,-266
109900027,27,16,11
109900028,3318,492,2826
109900029,8,769,-761
109900030,21,9,12
109900031,1,173,-172
109900032,7,333,-326
109900033,4,812,-808
109900034,6,5,1
109900035,8,23,-15
109900036,9,124,-115
109900037,32,736,-704
109900038,64,458,-394
109900039,5,1,4
109900040,29,854,-825
109900041,67,714,-647
109900042,37,723,-686
109900044,87,391,-304
109900045,103,52,51
109900046,10,81,-71
109900047,426,424,2
109900048,1,102,-101
109900049,5,34,-29
109900050,5,366,-361
109900051,1,56,-55
109900052,41,375,-334
109900053,0,706,-706
109900054,400,195,205
109900055,32,365,-333
109900056,19,180,-161
109900057,11,296,-285
109900058,0,135,-135
109900059,399,98,301
109900060,386,195,191
109900061,89,315,-226
109900062,2,406,-404
109900063,5,436,-431
109900064,313,335,-22
109900065,118,150,-32
109900066,384,1347,-963
109900067,3,623,-620
109900068,42,4,38
109900069,7,56,-49
109900070,33,329,-296
109900071,2,52,-50
109900072,19,176,-157
109900073,271,1137,-866
109900074,11,59,-48
109900075,13,25,-12
109900076,18,371,-353
109900077,17,66,-49
109900078,119,487,-368
109900080,132,483,-351
109900081,15,134,-119
109900082,64,700,-636
109900083,12,59,-47
109900084,69,179,-110
109900085,188,1444,-1256
109900086,118,238,-120
109900087,337,499,-162
109900089,417,178,239
109900090,558,1783,-1225
109900091,109,102,7
109900092,1341,26,1315
109900093,449,116,333
109900094,43,111,-68
109900095,148,290,-142
109900096,13,5,8
109900097,66,0,66
109900098,234,25,209
109900099,119,1,118
109900100,31,1,30
109900101,244,8,236
109900102,348,21,327
109900103,13,44,-31
109900104,341,1670,-1329
109900105,344,27,317
109900106,463,105,358
109900107,437,116,321
109900108,102,893,-791
109900109,23,275,-252
109900110,51,666,-615
109900111,335,1768,-1433
109900112,494,1400,-906
109900113,592,331,261
109900114,1024,527,497
109900115,113,79,34
109900117,584,138,446
109900118,320,569,-249
109900119,540,275,265
109900120,48,11,37
109900121,301,297,4
109900122,285,2,283
109900123,13,280,-267
109900124,59,1018,-959
109900125,2,351,-349
109900126,160,214,-54
109900128,190,70,120
109900130,14834,1846,12988
109900131,71,166,-95
109900132,29,206,-177
109900133,51,426,-375
109900134,59,69,-10
109900135,410,64,346
109900136,41,123,-82
109900137,76,517,-441
109900138,300,483,-183
109900140,113,431,-318
109900141,175,190,-15
109900142,677,319,358
109900145,1,175,-174
109900146,341,44,297
109900148,33,106,-73
109900149,61,81,-20
109900150,6,95,-89
109900151,4,63,-59
109900152,1,31,-30
109900153,0,77,-77
109900154,15,0,15
109900155,33,13,20
109900157,60,401,-341
109900158,51,127,-76
109900159,151,30,121
109900160,64,72,-8
109900161,145,81,64
109900162,129,98,31
109900163,978,422,556
109900164,46,297,-251
109900165,196,2,194
109900166,3,204,-201
109900167,103,818,-715
109900168,133,682,-549
109900169,97,160,-63
109900170,283,538,-255
109900171,128,89,39
109900172,123,175,-52
109900173,5548,1591,3957
109900174,60,208,-148
109900175,41,68,-27
109900176,71,226,-155
109900177,39,353,-314
109900178,5,181,-176
109900179,24,36,-12
109900180,3,12,-9
110000001,718,748,-30
110000002,589,654,-65
110000003,1446,753,693
110000004,563,787,-224
110000005,767,1830,-1063
110000006,756,506,250
110000007,179,197,-18
110000008,11,78,-67
110000009,20,57,-37
110000010,46,92,-46
110000011,27,136,-109
110000012,885,616,269
110000013,35,387,-352
110000014,776,422,354
110000015,329,567,-238
110000016,343,1317,-974
110000017,5306,290,5016
110000018,4610,707,3903
110000019,4,205,-201
110000020,683,266,417
110000021,897,579,318
110000022,1145,244,901
110000023,6,193,-187
110000024,577,595,-18
110000025,160,6,154
110000026,2,871,-869
110000027,732,436,296
110000028,693,825,-132
110000029,491,1241,-750
110000030,182,444,-262
110000031,162,795,-633
110000032,643,501,142
110000033,212,160,52
110000034,224,1012,-788
110000035,563,1198,-635
110000036,718,1029,-311
110000037,136,1028,-892
110000038,233,693,-460
110000039,724,2231,-1507
110000040,301,716,-415
110000041,225,958,-733
110000042,85,424,-339
110000043,499,162,337
110000044,228,144,84
110000045,1796,79,1717
110000046,7,11,-4
110000047,51,7,44
110000048,2,10,-8
110000049,49,9,40
110000050,7,25,-18
110000051,19,7,12
110000052,46,30,16
110000053,62,4,58
110000054,223,336,-113
110000055,603,36,567
110000056,213,52,161
110000057,271,957,-686
110000058,750,723,27
110000059,675,609,66
110000060,562,1043,-481
110000061,1170,1077,93
110000062,873,964,-91
110000063,33,111,-78
110000064,47,160,-113
110000065,54,120,-66
110000066,78,46,32
110000067,59,474,-415
110000068,140,721,-581
110000069,180,111,69
110000071,74,199,-125
110000073,7,36,-29
110000075,4,125,-121
110000076,324,371,-47
110000077,575,1221,-646
110000078,16,65,-49
110000080,242,913,-671
110000081,23,318,-295
110000082,8,336,-328
110000083,235,759,-524
110000084,735,625,110
110000085,3554,1730,1824
110000086,1561,1370,191
110000087,3,69,-66
110000088,36,253,-217
110000089,224,147,77
110000090,94,352,-258
110000091,2240,381,1859
110000092,37,115,-78
110000093,38,9,29
110000094,526,315,211
110000095,103,608,-505
110000096,5049,1926,3123
110000097,1052,1094,-42
110000098,1546,571,975
110000099,858,1795,-937
110000100,394,964,-570
110000101,13,765,-752
110000102,42,31,11
110000104,130,118,12
110000105,40,355,-315
110000106,440,233,207
110000107,435,447,-12
110000108,191,45,146
110000109,284,324,-40
110000110,6148,3545,2603
110000111,10310,2031,8279
110000112,1673,468,1205
110000113,835,1175,-340
110000114,200,480,-280
110000115,189,330,-141
110000116,29,61,-32
110000117,101,778,-677
110000118,254,296,-42
110000119,150,553,-403
110000120,249,235,14
110000121,88,346,-258
110000122,279,669,-390
110000123,354,505,-151
110000124,3,959,-956
110000125,882,9,873
110000126,342,39,303
110000127,699,55,644
110000128,35,2109,-2074
110000129,4,729,-725
110000130,119,156,-37
110000131,167,364,-197
110000132,3,1063,-1060
110000133,38,334,-296
110000134,25,387,-362
110000135,156,38,118
110000136,51,416,-365
110000137,364,965,-601
110000138,406,1046,-640
110000139,630,2010,-1380
110000140,871,405,466
110000143,734,487,247
110000144,5464,1389,4075
110000145,1359,905,454
110000146,2577,1185,1392
110000147,282,855,-573
110000148,250,498,-248
110000151,820,513,307
110000152,600,282,318
110000153,85,59,26
110000154,49,24,25
110000155,3086,2534,552
110000156,753,1609,-856
110000157,1833,2072,-239
110000160,359,501,-142
110000161,156,561,-405
110000166,271,143,128
110000167,636,432,204
110000168,743,284,459
110000169,645,289,356
110000170,101,108,-7
110000171,527,140,387
110000172,143,1037,-894
110000173,1301,1618,-317
110000174,96,1754,-1658
110000175,377,107,270
110000176,96,256,-160
110000177,178,808,-630
110000178,613,1155,-542
110000179,1876,492,1384
110000180,116,442,-326
110000181,274,502,-228
110000182,572,333,239
110000183,15589,6266,9323
110000184,842,2293,-1451
110000185,1687,931,756
110000186,832,846,-14
110000191,465,595,-130
110000192,236,2,234
110000193,426,4,422
110000194,14,1765,-1751
110000195,233,574,-341
110000196,275,678,-403
110000197,53,332,-279
110000198,81,108,-27
110000199,54,143,-89
110000200,1599,773,826
110000201,747,750,-3
110000202,1113,530,583
110000203,699,1069,-370
110000204,7,492,-485
110000205,89,96,-7
110000206,904,2360,-1456
110000207,583,360,223
110000208,316,112,204
110000209,110,1218,-1108
110000210,545,870,-325
110000211,987,1105,-118
110000212,340,1048,-708
110000213,91,65,26
110000214,105,103,2
110000215,114,802,-688
110000216,74,772,-698
110000217,237,300,-63
110000218,112,638,-526
110000219,224,98,126
110000220,22,614,-592
110000221,187,120,67
110000222,24,451,-427
110000223,3,172,-169
110000224,71,22,49
110000225,249,699,-450
110000226,171,54,117
110000227,779,433,346
110000228,425,480,-55
110000229,1,382,-381
110000230,746,670,76
110000231,144,256,-112
110000232,186,264,-78
110000233,186,371,-185
110000234,987,566,421
110000235,1091,1124,-33
110000236,407,1206,-799
110000237,2184,1220,964
110000238,960,1469,-509
110000239,1284,1799,-515
110000240,1,107,-106
110000242,1,18,-17
110000243,86,233,-147
110000244,166,490,-324
110000245,42,519,-477
110000246,558,916,-358
110000247,1650,4994,-3344
110000248,2768,1654,1114
110000249,66,8,58
110000250,23,329,-306
110000251,167,578,-411
110000252,201,379,-178
110000253,927,501,426
110000254,637,1729,-1092
110000255,224,1541,-1317
110000256,372,298,74
110000257,812,558,254
110000258,5,661,-656
110000259,64,38,26
110000260,9,554,-545
110000263,645,84,561
110000264,178,881,-703
110000265,1222,1594,-372
110000266,2245,2365,-120
110000267,18,255,-237
110000268,249,787,-538
110000269,4,119,-115
110000270,42,4,38
110000271,2554,398,2156
110000272,772,1286,-514
110000273,3223,1771,1452
110000274,243,974,-731
110000275,3958,611,3347
110000276,201,265,-64
110000277,219,546,-327
110000278,298,1119,-821
110000279,679,796,-117
110000280,216,548,-332
110000281,22,266,-244
110000282,279,65,214
110000283,42,104,-62
110000284,52,39,13
110000285,2,327,-325
110000286,25,1,24
110000287,42,2,40
110000288,7,110,-103
110000289,476,1661,-1185
110000290,1562,672,890
110000291,7482,1591,5891
110000292,1245,3482,-2237
110000293,400,1270,-870
110000294,544,864,-320
110000295,120,1302,-1182
110000296,243,415,-172
110000297,2500,301,2199
110000298,256,505,-249
110000299,482,42,440
110000301,219,14,205
110000302,165,1632,-1467
110000303,288,9,279
110000304,72,318,-246
110000305,567,21,546
110000306,155,2552,-2397
110000307,949,4,945
110000308,424,22,402
110000309,12,1766,-1754
110000310,477,73,404
110000311,22,1224,-1202
110000312,389,84,305
110000313,3184,2338,846
110000314,5,286,-281
110000315,4034,2449,1585
110000316,595,1344,-749
110000317,756,470,286
110000318,11,92,-81
110000319,12,20,-8
110000320,41,65,-24
110000321,26,59,-33
110000322,180,728,-548
110000323,328,322,6
110000324,5779,1498,4281
110000325,2892,2251,641
110000327,572,308,264
110000328,231,757,-526
110000333,724,467,257
110000334,713,1684,-971
110000335,1003,675,328
110000336,514,1798,-1284
110000337,1106,700,406
110000338,228,320,-92
110000339,114,318,-204
110000340,44,243,-199
110000341,279,724,-445
110000342,576,7,569
110000343,0,6,-6
110000344,151,246,-95
110000345,211,131,80
110000346,2920,1516,1404
110000347,1106,869,237
110000348,11,22,-11
110000349,7,22,-15
110000350,47,10,37
110000351,597,1061,-464
110000352,467,1827,-1360
110000353,3865,864,3001
110000354,1108,2801,-1693
110000355,73,101,-28
110000356,699,7,692
110000357,288,6,282
110000361,11,75,-64
110000362,38,240,-202
110000363,235,138,97
110000364,179,397,-218
110000365,117,1,116
110000366,1,121,-120
110000367,412,464,-52
110000368,5,62,-57
110000369,28,5,23
110000373,5,359,-354
110000374,93,5,88
110000375,217,916,-699
110000376,34,105,-71
110000377,66,519,-453
110000378,46,439,-393
110000379,5028,1671,3357
110000380,57,16,41
110000383,2,1057,-1055
110000384,2758,1073,1685
110000385,2,344,-342
110000387,54,10,44
110000388,43,248,-205
110000389,436,10,426
110000391,224,606,-382
110000396,79,160,-81
110000397,66,287,-221
110000398,3,40,-37
110000399,162,2,160
110000587,49,50,-1
110000589,159,196,-37
110000640,118,115,3
110000652,8,153,-145
110000653,160,532,-372
110000654,9,35,-26
110000656,3,963,-960
110000674,25,22,3
110000675,45,17,28
110000676,16,75,-59
110000679,650,603,47
110000682,117,188,-71
110000683,579,571,8
110000684,1,79,-78
110000685,19,17,2
110000686,2,37,-35
110000687,25,1,24
110000688,43,652,-609
110000689,18,70,-52
110000692,124,378,-254
110000693,214,351,-137
110000694,0,114,-114
110000695,154,816,-662
110000696,114,209,-95
110900001,238,15,223
110900002,176,215,-39
110900003,361,1317,-956
110900004,174,285,-111
110900005,5525,1401,4124
110900006,58,7,51
110900007,46,14,32
110900008,15,42,-27
110900009,329,39,290
110900010,6,123,-117
110900011,17,148,-131
110900012,3,196,-193
110900013,655,182,473
110900014,115,9,106
110900015,1065,519,546
110900016,8,239,-231
110900017,234,43,191
110900018,463,66,397
110900019,66,41,25
110900020,45,682,-637
110900021,56,805,-749
110900022,77,571,-494
110900023,125,842,-717
110900024,19,711,-692
110900025,15,55,-40
110900027,33,424,-391
110900028,45,300,-255
110900029,37,667,-630
110900030,27,522,-495
110900031,0,208,-208
110900032,0,122,-122
110900033,37,359,-322
110900035,27,506,-479
110900036,81,33,48
110900037,38,27,11
110900038,1863,269,1594
110900039,7,304,-297
110900040,206,61,145
110900041,8,201,-193
110900042,77,58,19
110900043,3,204,-201
110900044,340,17,323
110900045,52,905,-853
110900046,141,384,-243
110900047,1006,209,797
110900049,47,40,7
110900050,7,1,6
110900051,36,229,-193
110900052,2,273,-271
110900053,106,62,44
110900054,32,397,-365
110900055,36,0,36
110900056,85,139,-54
110900057,3,207,-204
110900058,173,343,-170
110900059,675,1133,-458
110900060,325,129,196
110900061,25,55,-30
110900062,73,458,-385
110900063,38,203,-165
110900064,1,0,1
110900065,339,116,223
110900066,10,131,-121
110900067,686,614,72
110900068,202,356,-154
110900069,5,43,-38
110900070,121,62,59
110900071,300,552,-252
110900073,2,30,-28
110900074,183,68,115
110900075,255,97,158
110900077,402,506,-104
110900078,19,124,-105
110900079,2492,661,1831
110900080,69,94,-25
110900081,5,140,-135
110900082,66,345,-279
110900083,106,45,61
110900084,31,270,-239
110900085,67,545,-478
110900086,52,214,-162
110900087,191,99,92
110900088,4,0,4
110900090,44,49,-5
110900091,0,70,-70
110900093,388,88,300
110900095,28,72,-44
110900097,16,29,-13
110900098,26,154,-128
110900099,72,839,-767
110900100,0,33,-33
110900102,19,25,-6
110900105,1027,626,401
110900108,4,171,-167
110900111,408,137,271
110900112,504,11,493
110900113,683,57,626
110900115,10,128,-118
110900116,416,3424,-3008
110900118,167,1517,-1350
110900119,7301,319,6982
110900120,15,145,-130
110900121,47,1,46
110900122,256,155,101
110900125,214,253,-39
110900127,395,725,-330
110900128,253,183,70
110900129,424,365,59
110900130,1253,284,969
110900131,130,62,68
110900132,181,75,106
110900133,81,393,-312
110900135,79,693,-614
110900136,246,9,237
110900137,97,1,96
110900138,1380,423,957
110900139,26,47,-21
110900140,96,10,86
110900141,5,129,-124
110900142,44,263,-219
110900143,86,82,4
110900144,3,967,-964
110900145,75,22,53
110900146,582,80,502
110900147,273,272,1
110900148,4,511,-507
110900149,8,88,-80
110900150,53,28,25
110900151,1,97,-96
110900152,28,446,-418
110900153,56,64,-8
111000001,232,183,49
111000002,334,553,-219
111000003,726,602,124
111000004,467,1207,-740
111000005,1078,969,109
111000006,1029,1583,-554
111000007,4785,2052,2733
111000008,3619,3996,-377
111000009,340,1093,-753
111000010,672,260,412
111000011,418,1020,-602
111000012,540,375,165
111000013,381,1294,-913
111000014,881,631,250
111000017,129,801,-672
111000018,264,521,-257
111000020,2713,2881,-168
111000021,60,145,-85
111000023,88,150,-62
111000025,8480,2638,5842
111000029,57,169,-112
111000030,28,137,-109
111000031,2444,868,1576
111000032,573,218,355
111000033,361,179,182
111000034,453,182,271
111000037,3853,1585,2268
111000038,3451,2974,477
111000039,1642,3126,-1484
111000040,1675,3339,-1664
111000041,1928,2135,-207
111000042,7750,3627,4123
111000043,1859,1903,-44
111000044,1357,759,598
111000045,1330,1805,-475
111000046,1059,1259,-200
111000047,1858,2398,-540
111000049,386,710,-324
111000050,1995,2038,-43
111000051,618,1372,-754
111000052,573,1581,-1008
111000053,411,1329,-918
111000054,303,1340,-1037
111000055,1455,2647,-1192
111000056,87,970,-883
111000057,80,1221,-1141
111000058,200,139,61
111000059,233,340,-107
111000060,2543,699,1844
111000061,379,396,-17
111000062,557,241,316
111000063,1605,810,795
111000064,498,622,-124
111000065,911,772,139
111000066,311,286,25
111000067,449,788,-339
111000068,364,922,-558
111000069,2035,2602,-567
111000070,2477,1365,1112
111000071,177,674,-497
111000072,523,271,252
111000073,159,570,-411
111000074,1471,1467,4
111000075,745,814,-69
111000076,336,920,-584
111000077,1138,1299,-161
111000078,2068,1407,661
111000079,1507,905,602
111000080,388,731,-343
111000081,2533,5560,-3027
111000082,559,878,-319
111000084,702,688,14
111000085,826,1950,-1124
111000086,3721,1520,2201
111000087,825,1025,-200
111000088,7648,1998,5650
111000089,565,1090,-525
111000090,1387,1903,-516
111000091,630,991,-361
111000092,983,1376,-393
111000093,502,847,-345
111000094,1466,853,613
111000095,1048,1975,-927
111000096,3243,7072,-3829
111000097,7435,1249,6186
111000098,539,1515,-976
111000099,511,3060,-2549
111000100,346,3057,-2711
111000101,425,1200,-775
111000102,119,1102,-983
111000104,277,268,9
111000107,72,1132,-1060
111000109,322,311,11
111000110,823,671,152
111000111,1239,494,745
111000112,1059,361,698
111000113,573,691,-118
111000114,1102,1532,-430
111000115,8879,1014,7865
111000116,896,853,43
111000117,437,877,-440
111000118,1547,1104,443
111000119,716,1841,-1125
111000120,354,624,-270
111000121,178,743,-565
111000122,466,1272,-806
111000123,853,4279,-3426
111000124,466,4730,-4264
111000125,227,2659,-2432
111000126,91,1228,-1137
111000127,518,190,328
111000128,990,362,628
111000129,1730,519,1211
111000130,1278,736,542
111000131,998,632,366
111000132,654,451,203
111000133,113,202,-89
111000134,95,145,-50
111000135,33,153,-120
111000136,250,302,-52
111000138,5,3,2
111000140,2,3,-1
111000141,214,448,-234
111000142,31,128,-97
111000143,8,61,-53
111000144,49,112,-63
111000145,608,9,599
111000146,47,5,42
111000147,259,12,247
111000148,211,126,85
111000149,3,38,-35
111000150,7,2,5
111000151,3,22,-19
111000153,604,751,-147
111000154,912,293,619
111000155,108,215,-107
111000156,418,419,-1
111000157,176,676,-500
111000158,1065,511,554
111000159,3272,681,2591
111000160,251,469,-218
111000161,7,313,-306
111000162,3,204,-201
111000163,383,1013,-630
111000164,956,3289,-2333
111000165,1439,563,876
111000166,2270,447,1823
111000167,242,608,-366
111000168,243,518,-275
111000169,247,684,-437
111000170,567,558,9
111000171,466,1209,-743
111000172,93,727,-634
111000173,164,1521,-1357
111000174,101,845,-744
111000175,26,342,-316
111000176,244,204,40
111000177,171,295,-124
111000178,732,325,407
111000179,58,265,-207
111000180,167,368,-201
111000181,573,316,257
111000182,145,240,-95
111000183,358,357,1
111000184,326,257,69
111000185,368,553,-185
111000186,243,347,-104
111000187,84,360,-276
111000188,142,566,-424
111000189,1895,685,1210
111000190,200,711,-511
111000191,137,583,-446
111000192,207,803,-596
111000193,400,540,-140
111000194,42,540,-498
111000195,68,655,-587
111000196,43,362,-319
111000197,217,201,16
111000198,351,126,225
111000199,137,176,-39
111000200,165,348,-183
111000201,294,281,13
111000202,197,264,-67
111000203,196,187,9
111000204,254,432,-178
111000213,121,384,-263
111000214,1336,1799,-463
111000215,772,1507,-735
111000217,922,993,-71
111000218,729,1084,-355
111000219,371,230,141
111000220,3850,1183,2667
111000221,686,219,467
111000224,1,256,-255
111000225,206,47,159
111000226,135,1,134
111000227,58,2,56
111000228,10,245,-235
111000229,37,447,-410
111000230,298,682,-384
111000231,608,1811,-1203
111000232,393,1283,-890
111000233,332,841,-509
111000234,95,344,-249
111000239,145,288,-143
111000240,34,157,-123
111000241,37,534,-497
111000242,63,60,3
111000243,127,1093,-966
111000244,206,96,110
111000245,602,820,-218
111000246,226,836,-610
111000247,161,1490,-1329
111000248,369,512,-143
111000249,519,1110,-591
111000250,29,212,-183
111000251,34,212,-178
111000253,8,10,-2
111000255,14,15,-1
111000257,41,19,22
111000260,68,1657,-1589
111000261,599,87,512
111000271,75,331,-256
111000273,8213,1630,6583
111000274,1174,2344,-1170
111000275,72,70,2
111000276,289,3015,-2726
111000277,209,616,-407
111000278,629,336,293
111000291,436,3182,-2746
111000298,331,285,46
111000299,476,157,319
111000300,94,806,-712
111000302,254,83,171
111000303,54,363,-309
111000312,70,86,-16
111000315,0,105,-105
111000320,403,780,-377
111000321,242,103,139
111000322,186,632,-446
111000323,91,20,71
111000324,367,321,46
111000325,38,75,-37
111000326,116,434,-318
111000327,348,640,-292
111000328,202,487,-285
111000329,2,13,-11
111000330,16,7,9
111000331,5,5,0
111000332,357,1360,-1003
111000334,380,1797,-1417
111000335,401,187,214
111000337,489,534,-45
111000338,24,195,-171
111000339,174,951,-777
111000340,80,1061,-981
111000341,615,385,230
111000342,86,373,-287
111000344,891,716,175
111000345,262,28,234
111000346,51,103,-52
111000347,52,3,49
111000350,183,178,5
111000351,84,286,-202
111000352,89,251,-162
111000353,122,321,-199
111000354,432,214,218
111000355,498,863,-365
111000358,97,2276,-2179
111000360,132,1299,-1167
111000361,111,621,-510
111000546,336,876,-540
111000547,202,926,-724
111000548,79,233,-154
111000549,155,618,-463
111000550,73,422,-349
111000551,833,176,657
111000552,408,59,349
111000907,202,21,181
111000908,7,0,7
111000916,655,322,333
111000917,27,470,-443
111000918,129,1428,-1299
111000920,286,8,278
111000921,11,274,-263
111000922,253,369,-116
111000924,38,1502,-1464
111000925,1467,1806,-339
111000926,947,2961,-2014
111000927,2941,3788,-847
111000928,6916,4582,2334
111000929,822,968,-146
111000930,703,2930,-2227
111000931,1673,1765,-92
111000932,4515,2913,1602
111000933,3145,2032,1113
111000934,2709,3598,-889
111000935,816,1018,-202
111000936,715,2512,-1797
111000937,576,1094,-518
111000938,1680,2679,-999
111000939,219,56,163
111000940,188,227,-39
111000941,158,853,-695
111000943,202,325,-123
111000944,83,717,-634
111000945,83,3005,-2922
111001109,295,180,115
111001110,186,664,-478
111001111,21,10,11
111001112,75,3,72
111001113,3,110,-107
111001114,1221,44,1177
111001115,23,350,-327
111001116,6722,1995,4727
111001117,973,1004,-31
111001120,62,459,-397
111001121,148,441,-293
111001122,211,598,-387
111001123,76,72,4
111900001,5,171,-166
111900002,18,1127,-1109
111900003,1,643,-642
111900004,30,251,-221
111900006,3,18,-15
111900007,54,1,53
111900008,100,3,97
111900009,78,262,-184
111900010,320,620,-300
111900012,83,148,-65
111900013,11,130,-119
111900014,10117,2459,7658
111900015,1,105,-104
111900016,0,248,-248
111900017,3,248,-245
111900018,67,1,66
111900019,3,140,-137
111900020,11,85,-74
111900021,27,116,-89
111900022,22,67,-45
111900023,228,79,149
111900024,1,135,-134
111900025,0,54,-54
111900026,0,111,-111
111900027,7,171,-164
111900028,5,623,-618
111900029,1,168,-167
111900030,104,537,-433
111900031,16,59,-43
111900032,4,583,-579
111900033,6,136,-130
111900034,236,742,-506
111900035,33,291,-258
111900036,4,469,-465
111900038,394,776,-382
111900039,47,690,-643
111900040,6,894,-888
111900042,61,135,-74
111900043,8,571,-563
111900044,295,329,-34
111900046,37,302,-265
111900048,115,1315,-1200
111900049,43,407,-364
111900050,66,7,59
111900051,3,405,-402
111900052,385,672,-287
111900053,1962,600,1362
111900054,98,1,97
111900055,28,964,-936
111900056,334,139,195
111900057,44,43,1
111900058,236,1090,-854
111900059,2654,284,2370
111900060,234,2,232
111900061,13,489,-476
111900062,12,24,-12
111900063,126,366,-240
111900064,128,389,-261
111900065,38,31,7
111900066,105,129,-24
111900067,1,548,-547
111900068,28,23,5
111900069,36,28,8
111900070,76,168,-92
111900071,5,408,-403
111900072,22,7,15
111900073,290,102,188
111900074,17,272,-255
111900075,38,6,32
111900076,61,37,24
111900077,23,3,20
111900078,173,15,158
111900079,30,5,25
111900080,237,175,62
111900081,1012,87,925
111900082,97,11,86
111900083,67,5,62
111900084,29,0,29
111900085,26,41,-15
111900086,31,0,31
111900087,17,1,16
111900088,225,5,220
111900089,31,2,29
111900090,82,35,47
111900091,156,1,155
111900092,26,0,26
111900093,189,3,186
111900094,26,0,26
111900095,128,16,112
111900096,84,0,84
111900097,24,0,24
111900098,84,0,84
111900099,22,0,22
111900100,90,1,89
111900101,56,14,42
111900102,213,973,-760
111900103,99,56,43
111900104,91,71,20
111900105,295,140,155
111900106,2562,92,2470
111900107,112,133,-21
111900108,109,115,-6
111900109,690,246,444
111900110,3879,266,3613
111900111,31,366,-335
111900112,1159,1267,-108
111900113,279,44,235
111900114,205,133,72
111900115,28,50,-22
111900118,114,56,58
111900119,223,76,147
111900122,60,21,39
111900123,2,8,-6
111900124,57,136,-79
111900125,253,11,242
111900126,191,5,186
111900127,5,935,-930
111900128,1,757,-756
111900129,136,8,128
111900130,177,14,163
111900131,183,2,181
111900132,34,1712,-1678
111900133,11,610,-599
111900134,32,422,-390
111900135,3,12,-9
111900136,69,149,-80
111900137,59,68,-9
111900138,9,106,-97
111900139,17,230,-213
111900140,33,19,14
111900141,17,12,5
111900142,31,15,16
111900143,24,240,-216
111900144,26,294,-268
111900145,8,931,-923
111900146,5,447,-442
111900147,178,849,-671
111900148,32,1215,-1183
111900149,8,577,-569
111900150,10,279,-269
111900151,1,17,-16
111900152,103,60,43
111900153,2115,293,1822
111900154,10,165,-155
111900155,62,33,29
111900156,36,33,3
111900157,53,17,36
111900158,262,28,234
111900159,147,7,140
111900160,146,0,146
111900161,65,16,49
111900162,91,116,-25
111900163,40,257,-217
111900164,92,41,51
111901113,175,279,-104
111901114,133,498,-365
111901115,25,1,24
111901116,16,1,15
111901117,10,12,-2
111901118,175,108,67
111901119,1762,130,1632
111901120,155,296,-141
111901121,205,473,-268
111901122,3,776,-773
111901123,112,640,-528
111901124,92,1,91
111901125,161,172,-11
111901126,75,33,42
111901127,1269,311,958
111901128,10,142,-132
111901129,4,243,-239
111901130,11,392,-381
111901131,4,431,-427
111901132,64,11,53
111901133,29,4,25
111901134,61,6,55
111901135,14,7,7
111901136,21,10,11
111901137,0,23,-23
111901138,107,40,67
111901139,52,64,-12
111901140,12,210,-198
111901141,16,288,-272
111901142,2,195,-193
111901143,4,190,-186
111901144,26,32,-6
111901145,72,158,-86
112000001,1344,847,497
112000002,740,3216,-2476
112000003,648,951,-303
112000004,645,2163,-1518
112000005,1944,2160,-216
112000006,1694,2701,-1007
112000007,1497,1391,106
112000008,1909,3382,-1473
112000009,4407,4312,95
112000010,2164,2655,-491
112000011,2083,2755,-672
112000012,7212,2359,4853
112000013,7467,4158,3309
112000014,3080,864,2216
112000015,3837,3101,736
112000016,6076,950,5126
112000017,2544,1874,670
112000024,2385,890,1495
112000026,5333,6370,-1037
112000027,736,459,277
112000028,1851,2001,-150
112000029,392,721,-329
112000030,207,187,20
112000031,1741,3554,-1813
112000032,709,105,604
112000033,2357,1118,1239
112000034,248,75,173
112000035,140,331,-191
112000036,997,790,207
112000037,1660,1000,660
112000038,1154,1124,30
112000039,37,97,-60
112000040,175,383,-208
112000041,466,587,-121
112000042,1205,405,800
112000050,748,1707,-959
112000051,735,855,-120
112000054,1692,3150,-1458
112000057,631,452,179
112000058,375,609,-234
112000059,927,614,313
112000061,5867,2274,3593
112000062,3152,770,2382
112000063,2265,929,1336
112000064,5350,6407,-1057
112000065,2706,3107,-401
112000066,3107,1110,1997
112000067,841,765,76
112000068,2095,1432,663
112000069,790,2843,-2053
112000070,1961,650,1311
112000071,733,3933,-3200
112000072,1134,1049,85
112000073,1600,2301,-701
112000074,1111,1008,103
112000075,1002,1135,-133
112000076,3511,3305,206
112000077,382,983,-601
112000078,1136,915,221
112000079,1229,1677,-448
112000080,596,1199,-603
112000081,1293,2251,-958
112000082,1130,850,280
112000083,552,1815,-1263
112000084,1061,878,183
112000085,926,1471,-545
112000086,1214,1947,-733
112000087,269,666,-397
112000088,343,912,-569
112000089,199,405,-206
112000090,200,468,-268
112000091,628,1505,-877
112000092,1238,991,247
112000093,1477,1292,185
112000094,374,909,-535
112000095,465,886,-421
112000096,305,797,-492
112000097,626,590,36
112000098,997,2046,-1049
112000099,571,917,-346
112000100,1066,1055,11
112000101,368,1302,-934
112000102,674,603,71
112000103,343,1768,-1425
112000105,427,2571,-2144
112000106,833,401,432
112000107,10,255,-245
112000108,151,2087,-1936
112000109,70,81,-11
112000110,1243,482,761
112000111,2051,6035,-3984
112000112,7535,702,6833
112000113,1349,2675,-1326
112000114,3989,1202,2787
112000115,248,652,-404
112000116,508,1347,-839
112000117,775,978,-203
112000118,978,1224,-246
112000119,382,1370,-988
112000120,74,555,-481
112000121,104,956,-852
112000122,156,157,-1
112000123,361,120,241
112000124,207,99,108
112000125,79,185,-106
112000126,134,996,-862
112000127,3508,1508,2000
112000128,1673,927,746
112000129,74,137,-63
112000130,89,73,16
112000131,28,554,-526
112000132,69,375,-306
112000133,206,472,-266
112000134,438,483,-45
112000135,1423,829,594
112000136,1507,1681,-174
112000137,2754,1683,1071
112000138,4038,1523,2515
112000139,698,286,412
112000140,1047,1254,-207
112000141,403,226,177
112000142,155,1155,-1000
112000143,639,208,431
112000144,247,2098,-1851
112000145,1615,741,874
112000146,656,2834,-2178
112000147,1533,1818,-285
112000148,1652,2790,-1138
112000149,229,896,-667
112000150,126,906,-780
112000151,306,747,-441
112000152,194,545,-351
112000153,203,366,-163
112000154,81,266,-185
112000155,132,79,53
112000157,834,543,291
112000158,180,976,-796
112000159,316,440,-124
112000167,156,48,108
112000169,318,317,1
112000173,433,284,149
112000175,332,541,-209
112000176,6182,2501,3681
112000177,340,119,221
112000178,42,763,-721
112000179,150,204,-54
112000180,234,366,-132
112000181,1070,2603,-1533
112000182,547,2866,-2319
112000183,46,57,-11
112000184,227,777,-550
112000185,253,804,-551
112000187,3420,2918,502
112000195,118,4,114
112000196,180,1,179
112000197,98,118,-20
112000198,23,469,-446
112000199,980,1106,-126
112000202,226,1,225
112000216,55,190,-135
112000230,37,6,31
112000231,5,385,-380
112000256,24,154,-130
112000313,204,254,-50
112000314,37,22,15
112000337,229,628,-399
112000352,304,193,111
112000392,2132,1480,652
112000398,815,876,-61
112000399,2918,1873,1045
112000400,2011,5000,-2989
112000401,3024,3556,-532
112000402,1458,2215,-757
112000403,2265,1953,312
112000404,334,706,-372
112000405,1347,2646,-1299
112000406,3720,3768,-48
112000407,4328,6970,-2642
112000408,10056,8790,1266
112000409,1846,6046,-4200
112000410,363,170,193
112000411,6643,1468,5175
112000412,1464,464,1000
112000413,12252,3436,8816
112000414,65,121,-56
112000415,78,64,14
112000416,1483,1430,53
112000417,150,89,61
112000421,43,143,-100
112000422,273,707,-434
112000424,3038,1766,1272
112000425,367,1264,-897
112000426,96,311,-215
112000427,6,22,-16
112000428,122,649,-527
112000429,2146,3096,-950
112000430,1994,3212,-1218
112000431,41,152,-111
112000432,638,2597,-1959
112000433,787,963,-176
112000437,39,350,-311
112900001,52,1,51
112900002,182,1621,-1439
112900003,41,363,-322
112900004,44,637,-593
112900005,100,282,-182
112900006,5,623,-618
112900007,23,284,-261
112900008,0,13,-13
112900009,378,77,301
112900010,223,957,-734
112900011,385,331,54
112900012,1,68,-67
112900013,2,222,-220
112900014,2,372,-370
112900015,475,1219,-744
112900016,0,500,-500
112900017,21,272,-251
112900018,3,456,-453
112900019,91,180,-89
112900020,482,1868,-1386
112900021,10,332,-322
112900022,6,110,-104
112900023,0,348,-348
112900024,27,314,-287
112900025,72,348,-276
112900026,7,392,-385
112900027,10,1780,-1770
112900028,21,183,-162
112900029,15,1029,-1014
112900030,320,300,20
112900031,3,752,-749
112900032,131,253,-122
112900034,0,82,-82
112900035,5,626,-621
112900036,35,199,-164
112900037,180,137,43
112900038,352,162,190
112900039,9,393,-384
112900040,1,449,-448
112900041,1435,1052,383
112900042,40,632,-592
112900043,12,53,-41
112900044,629,461,168
112900045,701,355,346
112900046,461,72,389
112900047,18,20,-2
112900049,53,105,-52
112900050,91,670,-579
112900051,398,1016,-618
112900052,13,1454,-1441
112900053,319,158,161
112900054,300,53,247
112900055,209,39,170
112900056,320,161,159
112900057,8,1028,-1020
112900058,380,177,203
112900059,86,111,-25
112900060,16,345,-329
112900061,81,152,-71
112900062,98,184,-86
112900063,78,3,75
112900064,223,264,-41
112900065,44,19,25
112900066,214,82,132
112900067,727,199,528
112900068,46,21,25
112900069,2931,548,2383
112900071,27,1,26
112900072,277,1073,-796
112900073,305,63,242
112900074,68,118,-50
112900075,2727,644,2083
112900076,108,7,101
112900078,226,207,19
112900079,192,11,181
112900080,24,3,21
112900081,31,139,-108
112900082,263,13,250
112900083,60,29,31
112900084,112,60,52
112900085,0,3,-3
112900086,27,0,27
112900087,434,108,326
112900088,74,12,62
112900089,626,19,607
112900090,23,5,18
112900091,121,2,119
112900092,139,147,-8
112900093,1382,8,1374
112900094,53,1,52
112900095,35,1,34
112900096,264,130,134
112900097,26,575,-549
112900098,220,0,220
112900099,398,7,391
112900100,21,0,21
112900101,193,1,192
112900102,222,2,220
112900103,106,3,103
112900104,5,2,3
112900105,8,0,8
112900106,310,103,207
112900107,15,0,15
112900108,53,0,53
112900109,48,0,48
112900110,470,14,456
112900111,359,2,357
112900112,167,3,164
112900113,0,12,-12
112900114,46,69,-23
112900115,512,2,510
112900116,41,57,-16
112900117,104,122,-18
112900118,41,96,-55
112900119,83,0,83
112900120,817,227,590
112900121,340,307,33
112900122,23,228,-205
112900123,146,10,136
112900124,5,195,-190
112900125,59,475,-416
112900126,148,316,-168
112900127,236,38,198
112900128,534,944,-410
112900129,6,1330,-1324
112900130,175,57,118
112900131,43,242,-199
112900132,73,550,-477
112900133,32,1759,-1727
112900134,1,390,-389
112900135,76,31,45
112900136,0,48,-48
112900137,3,814,-811
112900138,5,639,-634
112900139,265,1754,-1489
112900140,0,121,-121
112900141,498,32,466
112900142,104,100,4
112900143,45,879,-834
112900144,3,335,-332
112900145,52,636,-584
112900146,7,1823,-1816
112900147,3,3154,-3151
112900148,20,0,20
112900149,188,680,-492
112900151,32,48,-16
112900152,5969,1340,4629
112900153,2251,1352,899
112900154,4,121,-117
112900155,140,28,112
112900156,201,2330,-2129
112900157,88,1,87
112900158,17,25,-8
112900159,215,56,159
112900160,27,347,-320
112900161,78,27,51
112900162,44,4,40
112900163,127,24,103
112900164,26,120,-94
112900165,121,46,75
112900166,19,47,-28
112900167,5,28,-23
112900168,6,2,4
112900169,4,4,0
112900170,61,117,-56
112900172,109,10,99
112900173,288,155,133
112900174,281,39,242
112900175,137,135,2
112900176,1,17,-16
112900177,215,24,191
112900178,618,1469,-851
112900179,54,719,-665
112900180,1268,2835,-1567
112900181,240,5,235
112900182,32,1862,-1830
112900183,172,250,-78
112900184,508,317,191
112900185,421,597,-176
112900186,2553,799,1754
112900187,76,474,-398
112900188,795,368,427
112900189,32,28,4
112900190,5,59,-54
112900192,476,405,71
112900193,1239,287,952
112900194,17,101,-84
112900195,616,26,590
112900196,183,614,-431
112900197,144,508,-364
112900199,360,756,-396
112900200,353,379,-26
112900201,71,113,-42
112900202,378,1424,-1046
112900203,101,440,-339
112900204,986,459,527
112900205,5,5,0
112900206,1,49,-48
112900207,7,0,7
112900208,54,118,-64
112900209,469,579,-110
112900210,0,13,-13
112900211,71,149,-78
112900212,0,99,-99
112900213,12,7,5
112900214,26,4,22
112900215,8,392,-384
112900216,44,79,-35
112900217,1,89,-88
112900218,24,29,-5
112900219,29,16,13
112900220,11,0,11
112900221,18,151,-133
112900222,2,19,-17
112900223,570,3,567
112900224,176,962,-786
112900225,269,694,-425
112900226,354,431,-77
112900227,211,1793,-1582
112900228,27,31,-4
112900229,104,84,20
112900230,10113,3819,6294
112900232,205,175,30
112900233,32,243,-211
112900234,9,161,-152
112900235,52,14,38
112900236,176,16,160
112900237,106,460,-354
112900238,3,47,-44
112900239,306,159,147
113000001,4885,6087,-1202
113000002,4004,4310,-306
113000003,2149,2404,-255
113000004,2166,2574,-408
113000005,1397,1311,86
113000006,1064,1502,-438
113000007,1478,1627,-149
113000008,1569,2120,-551
113000009,808,1132,-324
113000010,967,1958,-991
113000011,776,2123,-1347
113000012,1201,956,245
113000013,1291,605,686
113000014,2130,1838,292
113000015,1113,336,777
113000016,595,555,40
113000017,109,315,-206
113000018,282,77,205
113000019,104,320,-216
113000020,71,31,40
113000021,1011,669,342
113000022,493,1603,-1110
113000025,152,390,-238
113000026,194,519,-325
113000027,855,503,352
113000028,1436,495,941
113000029,988,631,357
113000030,596,827,-231
113000031,309,324,-15
113000032,333,252,81
113000033,472,468,4
113000034,546,455,91
113000035,43,64,-21
113000036,16,112,-96
113000037,87,68,19
113000038,11,76,-65
113000039,56,639,-583
113000040,58,104,-46
113000042,913,782,131
113000051,795,2268,-1473
113000052,2370,1555,815
113000053,323,705,-382
113000054,230,994,-764
113000055,768,1283,-515
113000056,646,1544,-898
113000058,767,1238,-471
113000059,1381,788,593
113000060,140,786,-646
113000061,664,878,-214
113000062,1559,214,1345
113000063,114,274,-160
113000064,23,498,-475
113000065,196,1570,-1374
113000066,450,104,346
113000067,1325,1541,-216
113000068,422,2520,-2098
113000069,542,1870,-1328
113000070,1338,1035,303
113000071,370,934,-564
113000072,497,511,-14
113000073,618,2066,-1448
113000074,1154,383,771
113000075,2142,660,1482
113000076,1393,2086,-693
113000077,1603,447,1156
113000078,1363,2470,-1107
113000079,1134,739,395
113000080,902,537,365
113000081,920,954,-34
113000082,1557,821,736
113000083,674,833,-159
113000084,1657,1317,340
113000085,966,627,339
113000086,1018,1370,-352
113000087,1071,864,207
113000088,2480,1466,1014
113000089,960,1456,-496
113000090,250,408,-158
113000091,943,361,582
113000094,842,162,680
113000095,263,1504,-1241
113000096,154,1206,-1052
113000097,769,325,444
113000098,82,31,51
113000099,870,281,589
113000100,128,468,-340
113000101,384,657,-273
113000102,442,251,191
113000103,2803,713,2090
113000104,345,2582,-2237
113000105,646,517,129
113000106,447,735,-288
113000107,541,953,-412
113000108,813,1684,-871
113000109,540,3418,-2878
113000110,1857,517,1340
113000111,100,675,-575
113000112,225,274,-49
113000113,2732,331,2401
113000114,351,1687,-1336
113000116,873,336,537
113000117,1006,145,861
113000118,147,445,-298
113000119,188,510,-322
113000120,41,215,-174
113000121,816,1095,-279
113000124,185,204,-19
113000125,46,657,-611
113000127,4316,664,3652
113000128,510,574,-64
113000129,700,1680,-980
113000133,4996,1555,3441
113000134,11,931,-920
113000135,2913,3275,-362
113000137,3007,2005,1002
113000139,568,216,352
113000140,237,323,-86
113000141,649,196,453
113000142,1124,1328,-204
113000143,303,214,89
113000144,372,841,-469
113000145,46,224,-178
113000146,126,101,25
113000147,156,198,-42
113000148,66,196,-130
113000149,62,150,-88
113000150,507,456,51
113000151,107,96,11
113000152,50,232,-182
113000153,2178,655,1523
113000154,891,1612,-721
113000155,319,511,-192
113000156,189,489,-300
113000157,273,934,-661
113000158,660,252,408
113000159,929,670,259
113000160,631,1520,-889
113000161,256,838,-582
113000162,663,408,255
113000163,73,45,28
113000164,12,114,-102
113000166,107,80,27
113000167,40,292,-252
113000168,91,284,-193
113000169,154,72,82
113000170,65,114,-49
113000171,67,116,-49
113000172,195,80,115
113000173,41,21,20
113000174,124,631,-507
113000175,363,129,234
113000176,444,152,292
113000177,167,589,-422
113000178,280,569,-289
113000179,281,162,119
113000180,641,1695,-1054
113000181,729,1290,-561
113000182,227,393,-166
113000183,278,737,-459
113000184,21,142,-121
113000189,582,765,-183
113000190,1832,628,1204
113000192,2812,1545,1267
113000193,6172,871,5301
113000194,2377,1303,1074
113000195,2878,585,2293
113000196,100,96,4
113000197,1733,1036,697
113000198,41,384,-343
113000199,1542,445,1097
113000201,359,254,105
113000202,4318,2968,1350
113000203,489,201,288
113000204,2397,1612,785
113000205,29,32,-3
113000206,4,40,-36
113000207,54,48,6
113000208,39,66,-27
113000209,27,43,-16
113000210,9,33,-24
113000211,268,149,119
113000212,259,13,246
113000213,41,118,-77
113000214,110,265,-155
113000234,226,1626,-1400
113000410,311,204,107
113000411,3693,4995,-1302
113000412,11816,2453,9363
113000413,4652,2579,2073
113000414,12428,14615,-2187
113000415,3143,3315,-172
113000416,12747,4431,8316
113000417,4033,3575,458
113000418,4536,2966,1570
113000419,2036,2294,-258
113000420,4869,4657,212
113000421,4376,5696,-1320
113000422,18836,9795,9041
113000423,2659,4345,-1686
113000424,4467,7788,-3321
113000425,14,92,-78
113000428,1304,135,1169
113000430,213,204,9
113000432,1316,116,1200
113000433,136,1427,-1291
113000434,9,379,-370
113000435,12,1127,-1115
113000436,38,1922,-1884
113000437,404,17,387
113000438,145,15,130
113000439,15,161,-146
113000440,52,13,39
113000441,89,211,-122
113000442,96,334,-238
113000443,61,328,-267
113000444,67,341,-274
113000445,61,175,-114
113000446,13,91,-78
113000448,198,207,-9
113000449,319,627,-308
113000450,960,2850,-1890
113000451,1500,177,1323
113000452,602,432,170
113000453,69,281,-212
113000454,1347,29,1318
113000455,10,138,-128
113000456,4624,2430,2194
113000468,3180,348,2832
113000469,387,187,200
113000470,621,80,541
113000471,8,395,-387
113000472,86,337,-251
113000474,332,794,-462
113000475,1540,2245,-705
113000476,853,2063,-1210
113000477,2144,2334,-190
113000478,4365,7499,-3134
113000479,63,322,-259
113000480,85,110,-25
113000482,0,0,0
113000485,2,0,2
113000486,42,3,39
113000487,0,6,-6
113000488,0,0,0
113000489,4,0,4
113000490,2,4,-2
113000491,4,61,-57
113000492,17,5,12
113000493,0,0,0
113000495,169,197,-28
113000496,46,84,-38
113000497,0,0,0
113000499,0,0,0
113000500,0,6,-6
113900001,7,213,-206
113900002,1,251,-250
113900003,0,170,-170
113900004,0,51,-51
113900005,1,38,-37
113900006,11,43,-32
113900007,93,27,66
113900008,90,0,90
113900009,323,0,323
113900010,191,0,191
113900011,22,1,21
113900012,12,0,12
113900013,1039,7,1032
113900014,1085,1,1084
113900015,0,73,-73
113900016,22,0,22
113900017,2,75,-73
113900018,557,113,444
113900019,69,43,26
113900020,105,2,103
113900022,10,0,10
113900023,8,0,8
113900024,23,109,-86
113900025,358,24,334
113900026,22,0,22
113900027,2,85,-83
113900028,17,550,-533
113900029,64,408,-344
113900030,108,0,108
113900031,2,2,0
113900032,9,0,9
113900033,26,108,-82
113900035,53,1,52
113900036,7,110,-103
113900037,60,685,-625
113900038,38,90,-52
113900039,125,7,118
113900040,7,6,1
113900041,6,1,5
113900042,35,52,-17
113900043,141,175,-34
113900044,203,77,126
113900045,27,2,25
113900046,196,800,-604
113900047,26,172,-146
113900048,349,46,303
113900049,1003,217,786
113900050,161,441,-280
113900051,162,479,-317
113900052,187,177,10
113900053,585,279,306
113900054,14,13,1
113900055,86,739,-653
113900056,101,167,-66
113900057,14,156,-142
113900058,40,270,-230
113900059,139,428,-289
113900060,122,338,-216
113900061,1327,150,1177
113900062,77,8,69
113900063,55,137,-82
113900064,27,187,-160
113900065,837,23,814
113900066,258,515,-257
113900067,72,473,-401
113900068,342,389,-47
113900069,77,28,49
113900070,264,485,-221
113900071,51,83,-32
113900072,61,234,-173
113900073,126,479,-353
113900074,49,510,-461
113900075,965,1169,-204
113900076,197,12,185
113900077,35,235,-200
113900078,30,63,-33
113900079,7,92,-85
113900080,371,174,197
113900081,27,309,-282
113900082,67,264,-197
113900083,148,823,-675
113900084,219,102,117
113900085,31,381,-350
113900086,22,18,4
113900087,41,261,-220
113900088,44,65,-21
113900089,376,41,335
113900090,371,383,-12
113900091,20,44,-24
113900092,43,94,-51
113900093,64,576,-512
113900094,355,606,-251
113900095,103,116,-13
113900096,169,55,114
113900097,7,161,-154
113900098,487,81,406
113900099,1,92,-91
113900100,0,4,-4
113900101,11,65,-54
113900102,70,76,-6
113900103,251,262,-11
113900104,70,194,-124
113900105,44,435,-391
113900106,0,121,-121
113900107,0,41,-41
113900108,246,217,29
113900109,334,120,214
113900110,51,8,43
113900111,66,129,-63
113900112,87,112,-25
113900113,644,449,195
113900114,1,130,-129
113900115,0,146,-146
113900116,85,158,-73
113900117,68,23,45
113900118,166,345,-179
113900119,292,470,-178
113900120,50,23,27
113900121,40,97,-57
113900122,369,1695,-1326
113900123,395,143,252
113900124,0,107,-107
113900125,1409,177,1232
113900126,150,37,113
113900127,216,451,-235
113900128,84,54,30
113900129,10,117,-107
113900130,11,27,-16
113900131,127,64,63
113900132,34,41,-7
113900133,15,21,-6
113900135,228,542,-314
113900136,96,81,15
113900137,303,222,81
113900138,83,161,-78
113900139,486,126,360
113900140,584,291,293
113900141,280,579,-299
113900142,71,106,-35
113900143,5,25,-20
113900144,430,217,213
113900145,232,211,21
113900146,66,63,3
113900148,143,269,-126
113900149,127,59,68
113900150,1257,757,500
113900151,267,211,56
113900152,27,49,-22
113900153,474,615,-141
113900154,2,92,-90
113900155,251,121,130
113900156,230,722,-492
113900157,40,259,-219
113900158,674,297,377
113900159,14,293,-279
113900160,516,843,-327
113900161,67,228,-161
113900162,883,754,129
113900163,261,281,-20
113900164,181,70,111
113900165,536,555,-19
113900166,311,161,150
113900167,228,64,164
113900168,160,158,2
113900169,221,458,-237
113900171,63,52,11
113900172,4,235,-231
113900173,69,882,-813
113900174,410,748,-338
113900175,288,122,166
113900176,264,925,-661
113900177,256,237,19
113900178,298,111,187
113900179,20,802,-782
113900180,174,130,44
113900181,450,89,361
113900182,554,1186,-632
113900183,51,88,-37
113900184,31,876,-845
113900185,209,106,103
113900186,29,48,-19
113900187,31,168,-137
113900188,63,222,-159
113900189,309,90,219
113900190,330,128,202
113900191,148,287,-139
113900192,6,403,-397
113900193,35,313,-278
113900194,2522,1076,1446
113900195,293,522,-229
113900196,4,187,-183
113900197,8,394,-386
113900198,51,177,-126
113900199,262,946,-684
113900200,18,418,-400
113900201,3,370,-367
113900202,37,368,-331
113900203,1,288,-287
113900204,49,776,-727
113900205,6,196,-190
113900206,7,184,-177
113900207,1,54,-53
113900208,0,69,-69
113900209,0,129,-129
113900210,624,674,-50
113900211,158,35,123
113900212,173,700,-527
113900214,428,430,-2
113900215,26,161,-135
113900216,85,1465,-1380
113900217,32,394,-362
113900218,106,31,75
113900219,114,602,-488
113900220,138,53,85
113900221,356,195,161
113900222,378,459,-81
113900223,98,1176,-1078
113900224,166,67,99
113900225,798,268,530
113900226,349,139,210
113900227,327,238,89
113900228,468,367,101
113900229,50,687,-637
113900230,6041,1899,4142
113900231,149,297,-148
113900232,93,133,-40
113900233,24,60,-36
113900234,208,376,-168
113900235,56,32,24
113900236,47,464,-417
113900237,86,13,73
113900238,177,420,-243
113900239,56,76,-20
113900240,8,127,-119
113900241,102,66,36
113900242,75,162,-87
113900243,204,468,-264
113900244,531,202,329
113900245,1441,266,1175
113900246,13,9,4
113900247,212,263,-51
113900248,4344,1240,3104
113900249,1573,325,1248
113900250,63,180,-117
113900251,460,232,228
113900252,390,22,368
113900253,581,57,524
113900254,665,117,548
113900255,311,27,284
113900256,327,32,295
113900257,29,874,-845
113900258,5,748,-743
113900259,308,260,48
113900260,131,33,98
113900261,21,141,-120
113900262,134,937,-803
113900263,202,690,-488
113900264,12,699,-687
113900265,148,345,-197
113900266,24,321,-297
113900267,114,493,-379
113900268,200,378,-178
113900269,50,155,-105
113900270,353,449,-96
113900271,645,1697,-1052
113900273,31,6,25
113900274,35,8,27
113900275,12,45,-33
113900276,3,366,-363
113900277,59,0,59
113900278,417,204,213
113900279,90,108,-18
113900280,1291,521,770
113900281,359,1075,-716
113900282,1195,650,545
113900283,298,475,-177
113900284,946,182,764
113900285,73,38,35
113900286,61,174,-113
113900287,20,171,-151
113900288,3,92,-89
113900289,1655,82,1573
113900290,498,119,379
113900291,138,236,-98
113900292,7,9,-2
113900293,3,298,-295
113900294,261,24,237
113900295,446,303,143
113900296,3012,445,2567
113900297,958,28,930
113900298,7,2044,-2037
113900299,42,276,-234
113900300,7215,2638,4577
113900301,946,335,611
113900302,2956,635,2321
113900303,758,247,511
113900304,1,142,-141
113900305,66,0,66
113900306,19,1,18
113900307,76,0,76
113900308,107,131,-24
113900309,7,1372,-1365
113900310,0,23,-23
113900311,6,0,6
113900312,121,157,-36
113900313,36,28,8
114000001,1198,4527,-3329
114000002,132,595,-463
114000003,28,388,-360
114000004,168,489,-321
114000005,174,300,-126
114000006,3063,2549,514
114000007,668,1611,-943
114000008,1561,1139,422
114000009,339,258,81
114000011,2515,4138,-1623
114000012,1823,3518,-1695
114000013,1245,2737,-1492
114000014,300,487,-187
114000015,887,679,208
114000016,223,588,-365
114000017,97,189,-92
114000018,552,123,429
114000026,1047,2163,-1116
114000027,1912,2592,-680
114000028,2023,2389,-366
114000038,146,180,-34
114000039,89,112,-23
114000040,66,157,-91
114000042,69,200,-131
114000043,31,262,-231
114000044,106,85,21
114000045,42,156,-114
114000046,2701,5645,-2944
114000047,15,96,-81
114000048,91,58,33
114000049,1624,1237,387
114000050,1590,1262,328
114000051,3193,1598,1595
114000052,3436,1411,2025
114000053,63,651,-588
114000054,94,1820,-1726
114000055,200,45,155
114000056,1802,658,1144
114000057,10341,2987,7354
114000058,906,851,55
114000059,473,175,298
114000060,465,778,-313
114000061,4169,1622,2547
114000062,3510,1019,2491
114000063,3632,1842,1790
114000064,10750,3064,7686
114000065,2101,2704,-603
114000066,325,841,-516
114000067,83,399,-316
114000068,419,531,-112
114000069,758,709,49
114000070,2560,1412,1148
114000071,465,860,-395
114000072,199,489,-290
114000073,16,150,-134
114000074,11,25,-14
114000075,50,196,-146
114000076,7,219,-212
114000077,8,75,-67
114000078,161,1754,-1593
114000079,74,39,35
114000080,81,106,-25
114000081,59,142,-83
114000082,48,771,-723
114000083,62,430,-368
114000084,161,64,97
114000085,113,996,-883
114000086,191,761,-570
114000087,37,347,-310
114000088,31,69,-38
114000089,1812,534,1278
114000090,634,580,54
114000091,1425,485,940
114000092,896,330,566
114000093,899,647,252
114000094,277,379,-102
114000095,87,123,-36
114000096,103,625,-522
114000097,110,1284,-1174
114000098,241,73,168
114000099,250,1291,-1041
114000100,792,1004,-212
114000101,297,1820,-1523
114000102,215,365,-150
114000103,100,638,-538
114000104,13,368,-355
114000105,51,57,-6
114000106,1112,466,646
114000107,134,149,-15
114000108,2875,1589,1286
114000109,352,595,-243
114000110,530,2216,-1686
114000111,836,644,192
114000112,369,2216,-1847
114000113,676,508,168
114000114,1373,2025,-652
114000115,1341,815,526
114000116,446,584,-138
114000117,1708,466,1242
114000118,1464,425,1039
114000119,1033,410,623
114000120,539,1307,-768
114000121,421,818,-397
114000122,310,272,38
114000123,1015,359,656
114000124,481,389,92
114000125,903,2778,-1875
114000126,919,266,653
114000127,119,175,-56
114000128,704,710,-6
114000130,325,562,-237
114000131,116,74,42
114000132,636,829,-193
114000133,1142,1543,-401
114000134,81,265,-184
114000138,28,250,-222
114000139,318,154,164
114000144,587,396,191
114000145,92,265,-173
114000146,112,429,-317
114000147,1015,1165,-150
114000148,2412,1431,981
114000149,302,233,69
114000150,879,538,341
114000151,889,973,-84
114000152,94,23,71
114000153,888,1338,-450
114000154,671,506,165
114000155,1234,1809,-575
114000156,707,467,240
114000157,254,910,-656
114000158,2388,828,1560
114000159,246,373,-127
114000160,182,213,-31
114000161,1626,1583,43
114000162,880,1239,-359
114000163,9,214,-205
114000165,226,173,53
114000166,643,278,365
114000167,5080,1323,3757
114000168,919,827,92
114000169,1922,808,1114
114000170,868,640,228
114000171,770,1256,-486
114000174,218,552,-334
114000176,632,393,239
114000177,3047,1025,2022
114000178,34,107,-73
114000179,1288,720,568
114000180,624,724,-100
114000181,1489,2375,-886
114000182,8884,2770,6114
114000183,1145,924,221
114000184,786,2250,-1464
114000185,966,945,21
114000189,554,69,485
114000190,1451,208,1243
114000191,28,60,-32
114000192,397,2309,-1912
114000193,1310,4802,-3492
114000194,1167,1755,-588
114000195,91,23,68
114000196,0,464,-464
114000197,765,114,651
114000198,1395,456,939
114000199,2236,1231,1005
114000200,555,3181,-2626
114000201,186,1470,-1284
114000202,1111,1291,-180
114000203,374,1198,-824
114000204,169,591,-422
114000205,267,2368,-2101
114000206,498,1618,-1120
114000207,708,3269,-2561
114000208,526,4624,-4098
114000209,798,4243,-3445
114000210,419,2304,-1885
114000211,874,1790,-916
114000212,676,972,-296
114000213,1019,727,292
114000214,72,288,-216
114000215,120,108,12
114000216,937,479,458
114000217,167,482,-315
114000218,106,457,-351
114000219,767,392,375
114000220,21,1853,-1832
114000221,448,164,284
114000222,265,1705,-1440
114000223,359,101,258
114000224,100,1120,-1020
114000225,182,738,-556
114000226,92,319,-227
114000227,648,567,81
114000228,716,1230,-514
114000229,752,1566,-814
114000230,1536,1913,-377
114000231,745,1458,-713
114000232,467,159,308
114000233,1645,138,1507
114000234,981,1353,-372
114000235,772,2220,-1448
114000236,5,650,-645
114000237,84,1519,-1435
114000238,52,196,-144
114000239,185,1859,-1674
114000240,662,829,-167
114000241,267,1131,-864
114000242,1014,1077,-63
114000243,1291,994,297
114000244,673,480,193
114000245,333,730,-397
114000246,107,36,71
114000247,709,868,-159
114000248,721,672,49
114000249,460,570,-110
114000250,404,759,-355
114000251,279,437,-158
114000252,47,141,-94
114000253,40,237,-197
114000254,27,164,-137
114000255,595,169,426
114000256,3289,964,2325
114000257,536,2298,-1762
114000258,210,647,-437
114000259,102,325,-223
114000260,0,43,-43
114000261,29,27,2
114000262,75,242,-167
114000263,12,3,9
114000264,548,956,-408
114000265,12,17,-5
114000267,3,1828,-1825
114000268,9,3012,-3003
114000270,129,1,128
114000271,426,154,272
114000283,691,637,54
114000285,64,422,-358
114000288,80,587,-507
114000289,766,90,676
114000293,84,408,-324
114000294,196,408,-212
114000395,1306,70,1236
114000396,326,371,-45
114000402,266,398,-132
114000403,226,670,-444
114000405,91,790,-699
114000423,191,776,-585
114000424,272,366,-94
114000425,300,758,-458
114000426,297,728,-431
114000427,42,114,-72
114000428,346,130,216
114000429,9,318,-309
114000432,46,150,-104
114000434,11,123,-112
114000435,9,189,-180
114000436,6998,1592,5406
114000437,322,1194,-872
114900001,381,1797,-1416
114900002,489,78,411
114900003,396,2595,-2199
114900004,126,282,-156
114900005,268,1299,-1031
114900006,33,51,-18
114900007,126,15,111
114900008,61,69,-8
114900010,3054,1684,1370
114900011,100,156,-56
114900013,109,99,10
114900015,54,249,-195
114900018,800,42,758
114900020,105,63,42
114900022,2,913,-911
114900024,160,183,-23
114900025,249,287,-38
114900026,30,99,-69
114900027,142,286,-144
114900029,20,23,-3
114900030,162,268,-106
114900031,147,17,130
114900032,202,65,137
114900033,1561,295,1266
114900034,60,303,-243
114900035,138,280,-142
114900036,252,1379,-1127
114900037,70,328,-258
114900038,140,1219,-1079
114900039,466,936,-470
114900040,69,299,-230
114900041,360,841,-481
114900042,512,1124,-612
114900043,995,408,587
114900044,65,27,38
114900046,68,176,-108
114900047,205,1253,-1048
114900048,61,271,-210
114900049,8,277,-269
114900050,21,722,-701
114900051,50,726,-676
114900052,81,314,-233
114900053,73,274,-201
114900054,49,160,-111
114900057,170,21,149
114900058,0,63,-63
114900059,27,30,-3
114900060,1721,535,1186
114900061,124,239,-115
114900062,236,286,-50
114900063,61,300,-239
114900064,710,972,-262
114900065,239,816,-577
114900067,19,453,-434
114900068,63,234,-171
114900069,232,202,30
114900070,272,835,-563
114900072,8,379,-371
114900073,0,232,-232
114900074,244,1147,-903
114900075,190,11,179
114900076,3,426,-423
114900080,3743,516,3227
114900082,4364,1425,2939
114900083,976,1097,-121
114900090,178,185,-7
114900091,130,234,-104
114900095,509,163,346
114900096,484,591,-107
114900097,80,0,80
114900098,2,236,-234
114900099,70,1,69
115000001,10417,7296,3121
115000002,3185,3077,108
115000003,4397,5625,-1228
115000004,2592,4518,-1926
115000005,1338,3603,-2265
115000006,585,1374,-789
115000007,55,206,-151
115000008,375,400,-25
115000009,182,387,-205
115000010,295,147,148
115000013,110,139,-29
115000015,95,242,-147
115000016,232,376,-144
115000019,16,482,-466
115000020,200,494,-294
115000021,329,547,-218
115000022,639,422,217
115000023,348,557,-209
115000024,1318,646,672
115000025,739,580,159
115000026,190,526,-336
115000027,166,295,-129
115000028,210,862,-652
115000029,378,182,196
115000030,523,1169,-646
115000031,1004,354,650
115000032,11,309,-298
115000033,196,20,176
115000034,143,1175,-1032
115000035,980,69,911
115000036,2,385,-383
115000037,319,5,314
115000038,28,193,-165
115000039,3614,2348,1266
115000040,7911,3656,4255
115000041,913,2778,-1865
115000042,945,802,143
115000043,2982,3310,-328
115000044,3123,5374,-2251
115000045,1931,2974,-1043
115000046,1460,3103,-1643
115000047,1517,2315,-798
115000048,1418,3397,-1979
115000049,1570,3352,-1782
115000050,2929,2267,662
115000051,2434,2013,421
115000052,3289,2231,1058
115000053,1548,1498,50
115000054,854,1448,-594
115000055,142,411,-269
115000056,168,363,-195
115000057,273,575,-302
115000058,115,164,-49
115000059,173,140,33
115000061,184,133,51
115000062,165,335,-170
115000063,239,375,-136
115000064,199,251,-52
115000065,16,286,-270
115000067,275,36,239
115000069,82,402,-320
115000070,43,974,-931
115000071,126,9,117
115000072,12,97,-85
115000073,1527,65,1462
115000075,62,89,-27
115000076,3827,4057,-230
115000077,1315,4437,-3122
115000078,740,2347,-1607
115000079,1023,2712,-1689
115000080,1850,3339,-1489
115000081,445,1155,-710
115000082,3024,3614,-590
115000083,1842,4086,-2244
115000084,1300,1408,-108
115000085,577,1272,-695
115000086,668,1247,-579
115000087,597,1891,-1294
115000088,1824,770,1054
115000089,1839,1775,64
115000090,960,863,97
115000091,374,1426,-1052
115000092,316,398,-82
115000093,490,2,488
115000094,10578,5319,5259
115000095,7966,4915,3051
115000096,557,2896,-2339
115000097,648,777,-129
115000098,725,1027,-302
115000099,1989,4427,-2438
115000100,778,659,119
115000101,373,1892,-1519
115000102,337,211,126
115000103,400,1137,-737
115000105,58,268,-210
115000106,310,323,-13
115000107,149,675,-526
115000108,4869,3212,1657
115000109,7026,3394,3632
115000110,1395,1060,335
115000111,753,1732,-979
115000112,706,600,106
115000113,757,936,-179
115000114,2087,951,1136
115000116,4152,1589,2563
115000117,4400,2364,2036
115000118,1802,1615,187
115000119,1983,2012,-29
115000120,720,953,-233
115000121,1903,1004,899
115000122,5019,1502,3517
115000123,2493,1900,593
115000124,702,789,-87
115000125,508,609,-101
115000126,122,326,-204
115000127,344,178,166
115000128,1314,940,374
115000129,247,173,74
115000130,279,1505,-1226
115000131,460,296,164
115000132,146,666,-520
115000133,300,482,-182
115000134,324,267,57
115000135,193,351,-158
115000136,115,254,-139
115000137,75,277,-202
115000138,160,284,-124
115000139,169,344,-175
115000140,172,275,-103
115000141,108,479,-371
115000142,141,395,-254
115000143,416,614,-198
115000144,349,134,215
115000145,128,610,-482
115000146,276,235,41
115000147,464,718,-254
115000148,280,1881,-1601
115000149,388,239,149
115000150,721,1696,-975
115000151,656,556,100
115000152,637,2365,-1728
115000153,625,558,67
115000154,459,382,77
115000155,605,1613,-1008
115000156,1159,634,525
115000157,1062,1199,-137
115000158,818,394,424
115000159,857,519,338
115000160,729,738,-9
115000161,617,774,-157
115000162,647,487,160
115000163,828,688,140
115000164,747,515,232
115000165,344,382,-38
115000167,98,63,35
115000168,558,304,254
115000169,786,410,376
115000170,131,155,-24
115000171,210,143,67
115000172,2413,660,1753
115000173,281,364,-83
115000174,75,260,-185
115000175,89,124,-35
115000176,189,185,4
115000177,241,210,31
115000178,7,320,-313
115000179,19,52,-33
115000180,65,968,-903
115000181,383,174,209
115000182,417,494,-77
115000183,321,1356,-1035
115000186,484,308,176
115000187,179,834,-655
115000188,512,516,-4
115000189,272,468,-196
115000190,867,527,340
115000191,387,477,-90
115000194,224,162,62
115000195,287,216,71
115000196,75,124,-49
115000197,138,599,-461
115000198,211,286,-75
115000199,168,425,-257
115000200,214,119,95
115000201,121,509,-388
115000206,318,103,215
115000207,42,458,-416
115000208,659,958,-299
115000209,501,178,323
115000210,102,124,-22
115000211,205,316,-111
115000212,1688,363,1325
115000224,215,99,116
115000225,84,64,20
115000229,366,167,199
115000230,100,586,-486
115000231,297,3265,-2968
115000232,869,417,452
115000233,108,215,-107
115000234,21,364,-343
115000241,62,277,-215
115000242,61,356,-295
115000243,25,330,-305
115000244,6,124,-118
115000246,31,11,20
115000247,18,13,5
115000248,17,8,9
115000249,32,7,25
115000250,238,58,180
115000251,139,176,-37
115000252,27,172,-145
115000253,14,268,-254
115000258,212,216,-4
115000259,356,166,190
115000261,14,23,-9
115000262,8,26,-18
115000263,15,42,-27
115000264,10,33,-23
115000267,52,103,-51
115000268,52,133,-81
115000269,116,85,31
115000270,2,27,-25
115000272,86,203,-117
115000273,459,18,441
115000280,3121,112,3009
115000281,937,259,678
115000282,2323,623,1700
115000284,342,108,234
115000296,732,14,718
115000297,208,131,77
115000298,98,221,-123
115000300,79,248,-169
115000302,213,261,-48
115000303,518,202,316
115000304,523,119,404
115000305,49,1569,-1520
115000306,111,723,-612
115000307,49,316,-267
115000308,47,19,28
115000309,21,12,9
115000310,660,1451,-791
115000311,518,1672,-1154
115000313,96,1048,-952
115000314,266,86,180
115000315,1327,369,958
115000316,34,82,-48
115000317,147,868,-721
115000318,621,287,334
115000319,39,362,-323
115000320,7,331,-324
115000321,458,53,405
115000322,56,331,-275
115000449,412,194,218
115000557,15,617,-602
115000558,200,94,106
115000587,320,420,-100
115000588,2253,4766,-2513
115000589,2692,2925,-233
115000590,1044,2295,-1251
115000591,1003,874,129
115000592,742,1904,-1162
115000593,1464,729,735
115000594,1150,1825,-675
115000609,61,128,-67
115000617,3103,1889,1214
115000624,148,83,65
115000633,509,2217,-1708
115000634,3030,1056,1974
115000635,315,146,169
115000638,1475,793,682
115000641,61,120,-59
115000642,403,275,128
115000643,136,585,-449
115000644,148,505,-357
115000646,812,1196,-384
115000647,218,661,-443
115000648,1110,2067,-957
115000893,3525,1190,2335
115000894,102,1465,-1363
115000895,305,1015,-710
115000896,867,319,548
115000897,615,98,517
115000898,1168,316,852
115000899,1006,1071,-65
115000900,176,458,-282
115000901,107,108,-1
115000912,260,114,146
115000913,1,80,-79
115000915,21,1,20
115000916,4,1,3
115000917,0,1,-1
115000918,95,508,-413
115000919,30,9,21
115000920,30,50,-20
115000921,2096,153,1943
115000922,868,580,288
115000923,390,821,-431
115000925,39,61,-22
115000927,19,29,-10
115000933,143,124,19
115000934,99,288,-189
115000935,90,116,-26
115900001,31,73,-42
115900002,89,204,-115
115900003,170,140,30
115900004,2,63,-61
115900005,104,11,93
115900006,120,542,-422
115900008,22,27,-5
115900009,70,457,-387
115900010,141,255,-114
115900011,407,370,37
115900012,91,113,-22
115900013,490,217,273
115900014,96,240,-144
115900015,47,158,-111
115900016,51,31,20
115900017,2,1,1
115900018,225,98,127
115900019,1935,36,1899
115900020,34,0,34
115900021,2137,85,2052
115900022,1296,9,1287
115900023,40,3,37
115900025,74,259,-185
115900026,1017,484,533
115900027,1,510,-509
115900028,796,77,719
115900029,5,641,-636
115900030,99,5,94
115900031,302,225,77
115900032,326,1124,-798
115900033,0,47,-47
115900034,31,764,-733
115900035,40,162,-122
115900036,148,339,-191
115900037,31,672,-641
115900038,15,15,0
115900039,131,387,-256
115900041,424,329,95
115900042,12,10,2
115900043,49,165,-116
115900044,271,308,-37
115900046,226,318,-92
115900047,83,55,28
115900049,99,255,-156
115900051,2,42,-40
115900052,10,321,-311
115900053,142,372,-230
115900054,76,48,28
115900055,29,184,-155
115900056,141,601,-460
115900057,18,12,6
115900058,30,86,-56
115900060,128,170,-42
115900061,110,1,109
115900062,21,326,-305
115900063,32,21,11
115900064,149,230,-81
115900065,70,186,-116
115900066,199,235,-36
115900067,26,1042,-1016
115900068,4430,383,4047
115900069,64,207,-143
115900070,126,344,-218
115900071,3,888,-885
115900072,62,269,-207
115900073,22,58,-36
115900074,6,482,-476
115900075,16,428,-412
115900076,0,122,-122
115900077,10,449,-439
115900078,46,183,-137
115900079,129,20,109
115900080,709,267,442
115900081,6,89,-83
115900082,204,189,15
115900084,201,26,175
115900085,84,85,-1
115900086,2139,657,1482
115900088,20,70,-50
115900089,124,1063,-939
115900090,150,20,130
115900091,1,15,-14
115900092,16,303,-287
115900093,0,24,-24
115900094,8,531,-523
115900096,0,15,-15
115900097,7,620,-613
115900098,90,714,-624
115900099,119,108,11
115900100,2,785,-783
115900101,111,624,-513
115900102,24,129,-105
115900103,274,342,-68
115900104,38,240,-202
115900105,99,870,-771
115900106,38,41,-3
115900107,46,251,-205
115900108,38,47,-9
115900109,47,571,-524
115900110,0,31,-31
115900111,0,98,-98
115900112,63,1257,-1194
115900113,48,47,1
115900114,9,164,-155
115900115,46,171,-125
115900116,85,1423,-1338
115900117,44,31,13
115900118,6,452,-446
115900119,90,90,0
115900120,31,519,-488
115900121,106,325,-219
115900124,267,387,-120
115900125,229,37,192
115900126,387,72,315
115900127,416,57,359
115900128,5,64,-59
115900129,559,39,520
115900130,37,150,-113
115900131,246,27,219
115900132,234,13,221
115900134,213,13,200
115900135,548,649,-101
115900137,8,13,-5
115900139,77,79,-2
115900140,127,28,99
115900141,18,56,-38
115900142,12,23,-11
115900143,162,429,-267
115900144,44,273,-229
115900146,16,187,-171
115900147,187,246,-59
115900148,8,3,5
115900149,34,35,-1
115900150,39,71,-32
115900151,7,59,-52
115900152,79,499,-420
115900153,80,365,-285
115900154,831,346,485
115900155,0,104,-104
115900156,545,874,-329
115900157,88,549,-461
115900158,32,10,22
115900159,53,314,-261
115900160,10,5,5
115900161,85,316,-231
115900163,131,167,-36
115900164,249,40,209
115900165,1,119,-118
115900166,185,295,-110
115900168,42,211,-169
115900171,99,543,-444
115900172,53,171,-118
115900173,175,189,-14
115900174,337,234,103
115900175,74,180,-106
115900178,8,974,-966
115900179,134,19,115
115900180,64,479,-415
115900181,119,316,-197
115900182,259,390,-131
115900183,130,28,102
115900184,1955,32,1923
115900187,8,100,-92
115900189,1,181,-180
115900190,590,915,-325
115900191,87,601,-514
115900192,17,81,-64
115900193,99,93,6
115900194,348,52,296
115900195,685,1017,-332
115900198,229,284,-55
115900199,132,353,-221
115900200,347,418,-71
115900201,484,295,189
115900202,2,18,-16
115900203,13,8,5
115900204,1,3,-2
115900205,18,17,1
115900206,65,208,-143
115900207,14,28,-14
115900208,59,442,-383
115900209,2,151,-149
115900210,3,197,-194
115900211,2,286,-284
115900212,77,320,-243
115900213,28,54,-26
115900214,225,339,-114
115900215,29,60,-31
115900216,7,94,-87
115900217,2,105,-103
115900218,3,63,-60
115900219,44,32,12
115900220,73,16,57
115900221,20,11,9
115900222,17,13,4
115900223,7,135,-128
115900224,1675,449,1226
115900225,79,47,32
115900226,52,38,14
115900227,41,42,-1
115900228,5,58,-53
115900229,6,45,-39
115900230,48,106,-58
115900231,121,1,120
115900232,27,2,25
115900233,64,21,43
115900234,36,34,2
115900235,11,32,-21
115900236,109,27,82
115900237,20,40,-20
115900238,47,25,22
115900239,32,34,-2
115900240,9,75,-66
115900241,116,110,6
115900242,201,236,-35
115900243,10,4,6
115900244,5,15,-10
115900245,21,15,6
115900246,36,2,34
115900247,8,4,4
115900248,5,3,2
115900249,1,12,-11
115900250,7,20,-13
115900251,3,8,-5
115900252,2,7,-5
115900253,7,32,-25
115900254,21,32,-11
115900255,3,13,-10
115900256,25,16,9
115900257,0,5,-5
115900258,0,1,-1
115900259,3,4,-1
115900260,15,2,13
115900261,15,2,13
115900262,2,2,0
115900263,8,6,2
115900264,9,7,2
115900265,2,13,-11
115900266,5,7,-2
115900267,1,4,-3
115900268,4,9,-5
115900269,260,548,-288
115900270,255,925,-670
115900271,31,0,31
115900272,6,0,6
115900273,5,6,-1
115900274,0,26,-26
115900275,0,53,-53
115900276,0,89,-89
115900277,2,110,-108
115900278,10,139,-129
115900279,5,184,-179
115900280,9,203,-194
115900281,406,78,328
116000001,20244,5640,14604
116000002,4447,6451,-2004
116000003,1732,1986,-254
116000004,1785,2163,-378
116000005,3304,3857,-553
116000006,1790,1539,251
116000007,4510,5158,-648
116000008,4630,1820,2810
116000009,1919,3312,-1393
116000010,1534,1186,348
116000011,949,2089,-1140
116000012,754,662,92
116000013,19560,5329,14231
116000014,21778,7568,14210
116000015,790,1022,-232
116000016,10313,2418,7895
116000017,19,555,-536
116000018,880,459,421
116000019,648,316,332
116000020,419,1386,-967
116000021,327,317,10
116000022,345,567,-222
116000023,704,583,121
116000024,690,1776,-1086
116000025,673,636,37
116000026,1878,2979,-1101
116000027,833,577,256
116000028,451,617,-166
116000029,1057,637,420
116000030,487,405,82
116000031,211,231,-20
116000032,325,280,45
116000033,279,570,-291
116000034,530,958,-428
116000035,310,773,-463
116000036,2302,774,1528
116000037,747,600,147
116000038,601,348,253
116000039,901,409,492
116000040,1106,444,662
116000041,405,632,-227
116000042,427,353,74
116000043,64,438,-374
116000044,11,53,-42
116000045,1704,1173,531
116000046,1636,1084,552
116000047,2218,1969,249
116000048,2177,1716,461
116000049,1007,1982,-975
116000050,1402,1477,-75
116000051,3667,1808,1859
116000052,4151,3978,173
116000053,1658,1025,633
116000054,624,2293,-1669
116000055,386,1327,-941
116000056,576,1103,-527
116000057,3713,2183,1530
116000058,4039,2186,1853
116000059,4359,4460,-101
116000060,3697,966,2731
116000061,264,687,-423
116000062,716,267,449
116000063,554,1139,-585
116000066,151,492,-341
116000067,328,574,-246
116000068,205,276,-71
116000069,239,503,-264
116000078,311,1022,-711
116000080,1366,1275,91
116000082,10,189,-179
116000083,1088,395,693
116000084,2852,4654,-1802
116000085,1765,1179,586
116000086,2675,1453,1222
116000087,970,1120,-150
116000088,1014,1693,-679
116000089,164,120,44
116000090,129,164,-35
116000091,302,109,193
116000093,581,1473,-892
116000094,409,917,-508
116000095,478,1046,-568
116000096,587,1385,-798
116000097,477,984,-507
116000098,106,4822,-4716
116000099,12576,436,12140
116000100,103,13,90
116000101,476,2016,-1540
116000102,204,1869,-1665
116000103,560,302,258
116000104,235,2244,-2009
116000105,717,225,492
116000106,457,1463,-1006
116000107,1828,463,1365
116000108,223,230,-7
116000111,104,25,79
116000113,90,69,21
116000114,33,177,-144
116000115,199,84,115
116000116,247,749,-502
116000117,1054,2061,-1007
116000118,1042,1906,-864
116000119,2160,1764,396
116000120,2720,5746,-3026
116000121,492,419,73
116000122,1529,2976,-1447
116000123,570,470,100
116000124,303,1606,-1303
116000125,1879,668,1211
116000126,296,1839,-1543
116000127,1315,2112,-797
116000128,1218,871,347
116000129,721,240,481
116000130,346,287,59
116000133,371,1056,-685
116000134,1458,3836,-2378
116000135,1279,1478,-199
116000136,1116,3264,-2148
116000137,576,619,-43
116000138,1634,595,1039
116000139,1686,2672,-986
116000140,82,225,-143
116000141,414,1341,-927
116000142,4920,4381,539
116000143,1804,1534,270
116000144,1231,3802,-2571
116000145,1367,1817,-450
116000146,318,490,-172
116000147,252,148,104
116000148,353,462,-109
116000149,441,565,-124
116000151,560,1192,-632
116000153,61,457,-396
116000155,194,288,-94
116000156,674,2183,-1509
116000157,23,25,-2
116000158,419,385,34
116000159,11,10,1
116000160,10,212,-202
116000161,7,151,-144
116000162,165,71,94
116000163,16,19,-3
116000164,15,23,-8
116000177,273,123,150
116000194,56,548,-492
116000195,1714,729,985
116000196,16,4,12
116000197,8,14,-6
116000198,2898,1175,1723
116000200,916,232,684
116000201,735,745,-10
116000202,8,353,-345
116000203,5,108,-103
116000204,11,58,-47
116000205,0,187,-187
116000206,0,121,-121
116000207,5,47,-42
116000233,162,1093,-931
116000287,99,748,-649
116000288,101,344,-243
116000292,44,240,-196
116000296,16,220,-204
116000297,33,6,27
116000304,48,22,26
116000305,6,139,-133
116000346,141,246,-105
116000352,156,70,86
116000354,87,20,67
116000357,18,10,8
116000358,151,28,123
116000361,114,11,103
116000372,10677,2876,7801
116000381,76,0,76
116000388,3,34,-31
116000389,528,650,-122
116000445,252,1054,-802
116000446,273,1515,-1242
116000447,18,554,-536
116000448,635,325,310
116000563,1753,972,781
116000565,60,568,-508
116000568,55,207,-152
116000579,26,163,-137
116000584,11,36,-25
116000585,11,16,-5
116000586,196,125,71
116000587,432,692,-260
116000589,19,104,-85
116000590,55,101,-46
116000591,133,373,-240
116000592,16,214,-198
116000593,3,53,-50
116000594,388,882,-494
116000595,566,274,292
116000596,47,8,39
116000597,197,62,135
116000598,15,286,-271
116000602,106,436,-330
116000605,307,230,77
116000606,33,157,-124
116000607,5,142,-137
116000609,226,745,-519
116000611,60,784,-724
116000612,617,1704,-1087
116000613,344,338,6
116000614,448,1098,-650
116000615,1,149,-148
116000616,55,160,-105
116000617,59,131,-72
116000618,2,174,-172
116000619,21,69,-48
116000620,84,43,41
116000621,38,121,-83
116000622,25,139,-114
116000624,81,79,2
116000627,7,39,-32
116000628,13,750,-737
116000629,8,935,-927
116000630,117,56,61
116000631,66,44,22
116000632,214,666,-452
116000633,15,1212,-1197
116000634,171,22,149
116000635,1816,1154,662
116900001,215,196,19
116900002,384,2,382
116900003,10,59,-49
116900004,40,43,-3
116900005,191,67,124
116900006,203,185,18
116900007,99,311,-212
116900008,252,576,-324
116900009,21,3,18
116900010,5,2195,-2190
116900011,7,61,-54
116900012,238,305,-67
116900013,4,388,-384
116900014,64,514,-450
116900015,179,72,107
116900016,112,1,111
116900017,4,990,-986
116900018,34,80,-46
116900019,5,599,-594
116900020,2125,446,1679
116900023,46,14,32
116900024,325,82,243
116900025,430,1441,-1011
116900026,236,1036,-800
116900027,35,47,-12
116900028,5,145,-140
116900029,1,21,-20
116900031,0,25,-25
116900032,6,534,-528
116900033,6,7,-1
116900034,8,74,-66
116900035,98,226,-128
116900036,3,129,-126
116900038,16,3,13
116900041,72,18,54
116900042,1135,275,860
116900043,10,80,-70
116900045,184,50,134
116900047,96,63,33
116900049,47,413,-366
116900050,89,599,-510
116900051,47,391,-344
116900052,170,123,47
116900055,0,3,-3
116900057,12,410,-398
116900058,15,543,-528
116900059,1,261,-260
116900060,172,309,-137
116900062,0,16,-16
116900064,38,1381,-1343
116900065,17,125,-108
116900067,88,189,-101
116900068,124,453,-329
116900070,1,0,1
116900072,12,701,-689
116900073,16,294,-278
116900074,8,81,-73
116900076,12,27,-15
116900077,8,348,-340
116900078,213,223,-10
116900079,28,565,-537
116900080,16,32,-16
116900081,386,2101,-1715
116900082,277,1047,-770
116900083,41,103,-62
116900084,177,52,125
116900085,34,199,-165
116900086,37,315,-278
116900088,487,57,430
116900090,172,80,92
116900091,171,67,104
116900092,91,993,-902
116900093,2183,2110,73
116900094,7998,2615,5383
116900095,264,195,69
116900096,104,173,-69
116900097,5435,2099,3336
116900098,967,295,672
116900099,816,397,419
116900100,476,15,461
116900101,314,835,-521
116900103,7,0,7
116900104,35,70,-35
116900105,244,49,195
116900106,1012,726,286
116900107,5828,1595,4233
116900110,17,1,16
116900111,212,1625,-1413
116900112,170,1506,-1336
116900113,4095,958,3137
116900116,110,347,-237
116900117,24,140,-116
116900118,1160,643,517
116900120,141,173,-32
116900121,41,75,-34
116900122,428,1383,-955
116900123,88,1365,-1277
116900124,165,1104,-939
116900125,187,370,-183
116900126,336,633,-297
116900128,0,71,-71
116900129,1,471,-470
116900130,1299,1992,-693
116900131,99,211,-112
116900132,13,102,-89
116900133,82,131,-49
116900134,190,265,-75
116900136,168,214,-46
116900137,239,242,-3
116900138,126,295,-169
116900139,88,561,-473
116900140,179,201,-22
116900141,519,416,103
116900142,0,40,-40
116900143,199,563,-364
116900144,18,59,-41
116900145,74,462,-388
116900147,696,277,419
116900148,4,35,-31
116900149,27,141,-114
116900150,20,7,13
116900151,49,12,37
116900153,91,53,38
116900154,710,305,405
116900155,88,78,10
116900157,258,406,-148
116900158,88,128,-40
116900159,38,260,-222
116900160,785,311,474
116900161,11311,4070,7241
116900162,12,213,-201
116900163,75,201,-126
116900164,82,65,17
116900165,199,138,61
116900166,21,148,-127
116900167,234,66,168
116900168,160,114,46
116900169,779,236,543
116900170,265,280,-15
116900171,40,320,-280
116900172,249,125,124
116900173,108,56,52
116900174,10,25,-15
116900175,205,104,101
116900178,12,289,-277
116900179,66,120,-54
116900180,62,39,23
116900182,318,214,104
116900183,122,103,19
116900185,19,25,-6
116900186,59,537,-478
116900187,37,28,9
116900188,102,18,84
116900189,41,1,40
116900191,277,573,-296
116900192,158,320,-162
116900194,89,785,-696
116900195,21,6,15
116900196,18,135,-117
116900197,59,4,55
116900198,298,127,171
116900200,29,36,-7
116900201,43,9,34
116900202,154,53,101
116900203,140,2,138
116900204,59,76,-17
116900206,8,32,-24
116900207,24,39,-15
116900208,10,145,-135
116900209,15,220,-205
116900210,336,254,82
116900211,201,10,191
116900212,26,107,-81
116900213,170,214,-44
116900214,76,199,-123
116900215,39,106,-67
116900216,188,499,-311
116900218,15,457,-442
116900219,1187,372,815
116900220,64,264,-200
116900221,60,252,-192
116900222,360,345,15
116900223,99,287,-188
116900226,85,96,-11
116900227,122,82,40
116900228,186,370,-184
116900230,58,532,-474
116900231,15,624,-609
116900232,11,793,-782
116900233,162,119,43
116900234,11,7,4
116900235,119,467,-348
116900238,1648,420,1228
116900239,26,927,-901
116900240,8456,2943,5513
116900241,73,225,-152
116900242,538,310,228
116900243,51,197,-146
116900245,44,11,33
116900246,51,4,47
116900247,327,25,302
116900248,86,27,59
116900249,201,207,-6
116900250,215,50,165
116900251,575,290,285
116900252,40,1354,-1314
116900253,83,146,-63
116900254,12,114,-102
116900255,83,44,39
116900256,221,137,84
116900257,7,859,-852
116900258,2,484,-482
116900259,78,11,67
116900260,1,210,-209
116900261,29,2,27
116900262,79,171,-92
116900263,0,14,-14
116900264,0,1,-1
116900265,12,0,12
116900266,7,88,-81
116900267,0,0,0
116900268,15,14,1
116900269,293,568,-275
116900271,3221,105,3116
116900272,525,697,-172
116900273,331,42,289
116900274,50,101,-51
116900275,94,198,-104
116900276,1242,63,1179
116900277,879,12,867
116900278,1,19,-18
116900279,0,26,-26
116900280,12,41,-29
116900281,10447,2655,7792
116900282,3,204,-201
116900283,15,198,-183
116900284,11,337,-326
116900285,429,255,174
116900286,262,6,256
116900287,2,115,-113
116900288,37,190,-153
116900289,11,46,-35
116900290,2,45,-43
116900291,5,8,-3
116900292,0,3,-3
116900293,19,85,-66
116900294,33,151,-118
116900295,78,110,-32
116900296,26,32,-6
116900297,4,34,-30
116900298,76,25,51
116900299,37,43,-6
116900300,7,285,-278
116900301,64,38,26
116900302,30,38,-8
116900303,570,52,518
116900304,1,118,-117
116900305,22,48,-26
116900306,60,65,-5
117000001,1564,1398,166
117000002,1929,5138,-3209
117000003,6835,2938,3897
117000004,5274,6470,-1196
117000005,1511,1508,3
117000006,1114,4813,-3699
117000007,2549,1092,1457
117000008,1408,5900,-4492
117000009,4326,1808,2518
117000010,3263,5892,-2629
117000011,1582,2128,-546
117000012,1294,2243,-949
117000013,1074,1379,-305
117000014,961,3208,-2247
117000015,3697,1410,2287
117000016,701,71,630
117000017,574,226,348
117000018,186,348,-162
117000019,164,3,161
117000020,688,1209,-521
117000021,4176,439,3737
117000022,673,64,609
117000023,730,138,592
117000024,572,103,469
117000025,1087,694,393
117000026,3290,735,2555
117000027,4253,1879,2374
117000028,5394,859,4535
117000030,871,600,271
117000031,444,173,271
117000032,2000,1782,218
117000033,1719,1609,110
117000034,368,380,-12
117000035,261,189,72
117000036,389,444,-55
117000037,230,179,51
117000038,287,658,-371
117000039,332,344,-12
117000040,142,1893,-1751
117000041,524,167,357
117000044,33,1707,-1674
117000045,290,76,214
117000046,571,969,-398
117000047,471,509,-38
117000048,2550,1988,562
117000049,182,793,-611
117000050,133,4070,-3937
117000051,1745,149,1596
117000052,15,877,-862
117000053,187,114,73
117000054,1392,2,1390
117000055,18,5212,-5194
117000056,637,15,622
117000057,812,2942,-2130
117000060,467,1996,-1529
117000061,1509,740,769
117000062,208,685,-477
117000063,1387,751,636
117000064,1075,926,149
117000066,1684,1072,612
117000067,178,369,-191
117000074,197,184,13
117000076,114,55,59
117000077,111,146,-35
117000078,145,827,-682
117000079,281,239,42
117000080,2,394,-392
117000081,825,120,705
117000082,14,58,-44
117000083,104,11,93
117000084,384,1,383
117000085,227,666,-439
117000086,1292,945,347
117000087,152,745,-593
117000088,228,231,-3
117000089,1356,395,961
117000090,240,2062,-1822
117000091,565,368,197
117000092,394,2303,-1909
117000093,950,700,250
117000094,892,3566,-2674
117000095,2440,1003,1437
117000096,691,3455,-2764
117000097,1086,1389,-303
117000098,3364,7689,-4325
117000099,2574,1113,1461
117000100,140,246,-106
117000101,254,1875,-1621
117000102,1601,620,981
117000103,898,2572,-1674
117000104,1234,639,595
117000105,1016,2580,-1564
117000106,877,1031,-154
117000107,586,2774,-2188
117000108,1337,1097,240
117000109,1987,3720,-1733
117000110,1362,919,443
117000111,3840,5737,-1897
117000112,2764,2510,254
117000113,165,526,-361
117000114,158,208,-50
117000115,68,253,-185
117000116,89,275,-186
117000117,1784,711,1073
117000118,319,158,161
117000119,537,60,477
117000120,410,145,265
117000121,271,669,-398
117000122,707,909,-202
117000123,2507,57,2450
117000124,1174,62,1112
117000125,464,59,405
117000126,64,33,31
117000127,240,415,-175
117000128,471,761,-290
117000129,517,48,469
117000130,146,0,146
117000131,0,54,-54
117000132,1794,10,1784
117000133,901,152,749
117000134,1,64,-63
117000135,5,22,-17
117000136,0,50,-50
117000137,31,63,-32
117000138,1,744,-743
117000140,531,2236,-1705
117000141,1654,777,877
117000181,1398,559,839
117000182,264,274,-10
117000195,188,1896,-1708
117000196,154,105,49
117000225,157,5,152
117000226,4,97,-93
117000276,213,9,204
117000277,4,887,-883
117000310,2615,3387,-772
117000315,29,889,-860
117000320,68,1,67
117000906,163,10,153
117000907,15,542,-527
117000908,159,12,147
117000909,93,28,65
117000910,194,183,11
117000911,158,188,-30
117000915,15,896,-881
117000916,5,3,2
117000917,636,25,611
117000918,42,52,-10
117000919,6,210,-204
117000920,4,2450,-2446
117000921,9,3030,-3021
117000922,66,157,-91
117000924,564,651,-87
117000926,1673,73,1600
117000927,3082,489,2593
117000928,0,338,-338
117000929,104,702,-598
117000930,130,25,105
117000931,979,83,896
117900002,185,464,-279
117900003,1214,532,682
117900005,7,2,5
117900006,0,29,-29
117900007,87,272,-185
117900008,0,36,-36
117900010,246,168,78
117900011,55,10,45
117900012,58,264,-206
117900013,3,423,-420
117900014,357,272,85
117900015,13,222,-209
117900016,1752,507,1245
117900017,486,552,-66
117900018,247,36,211
117900019,247,683,-436
117900020,45,262,-217
117900021,35,135,-100
117900022,23,11,12
117900023,812,207,605
117900024,82,156,-74
117900025,24,10,14
117900026,277,686,-409
117900028,46,9,37
117900029,242,1356,-1114
117900030,331,206,125
117900031,224,90,134
117900032,640,568,72
117900033,181,1228,-1047
117900034,31,31,0
117900035,170,78,92
117900036,191,872,-681
117900037,84,209,-125
117900038,38,536,-498
117900039,5,101,-96
117900040,97,866,-769
117900041,15,73,-58
117900042,6195,577,5618
117900043,35,62,-27
117900044,159,3015,-2856
117900045,169,101,68
117900048,135,428,-293
117900049,118,874,-756
117900050,7,32,-25
117900051,37,2,35
117900052,54,351,-297
117900053,885,925,-40
117900054,4,25,-21
117900055,145,202,-57
117900056,591,38,553
117900057,1182,1675,-493
117900058,168,6,162
117900059,454,117,337
117900060,1016,7898,-6882
117900061,10,227,-217
117900063,258,260,-2
117900065,1022,1521,-499
117900066,7,32,-25
117900067,297,400,-103
117900069,489,658,-169
117900070,368,13,355
117900071,96,172,-76
117900073,223,614,-391
117900074,202,3,199
117900075,59,106,-47
117900076,7,59,-52
117900077,206,232,-26
117900078,245,534,-289
117900080,232,61,171
117900081,626,559,67
117900082,330,293,37
117900083,168,987,-819
117900086,71,48,23
117900087,111,83,28
117900088,3523,2574,949
117900089,1283,467,816
117900090,321,1123,-802
117900091,179,190,-11
117900092,63,50,13
117900093,49,94,-45
117900094,35,6,29
117900095,185,699,-514
117900096,55,296,-241
117900097,298,139,159
117900098,12,7,5
117900099,119,661,-542
117900100,100,3,97
117900101,518,1166,-648
117900102,29,75,-46
117900103,42,0,42
117900104,11,174,-163
117900105,195,306,-111
117900106,69,73,-4
117900107,18,0,18
117900109,381,384,-3
117900110,51,0,51
117900111,150,11,139
117900112,75,20,55
117900113,5545,1829,3716
117900114,5,0,5
117900115,384,43,341
117900116,1000,1060,-60
117900117,411,672,-261
117900118,20,0,20
117900119,95,402,-307
117900120,84,209,-125
117900121,44,32,12
117900122,1459,2050,-591
117900123,680,1011,-331
117900124,899,877,22
117900125,1518,1162,356
117900126,429,782,-353
117900127,475,838,-363
117900128,275,1320,-1045
117900129,33,0,33
117900130,1030,473,557
117900131,0,179,-179
117900132,15,161,-146
117900133,13,188,-175
117900134,64,328,-264
117900135,17,292,-275
117900136,0,65,-65
117900137,62,482,-420
117900138,0,73,-73
117900139,47,181,-134
117900140,6551,321,6230
117900141,298,305,-7
117900142,92,6,86
117900144,99,121,-22
117900145,83,9,74
117900146,178,112,66
117900147,29,54,-25
117900148,3779,1075,2704
117900149,41,225,-184
117900150,23,121,-98
117900151,34,185,-151
117900152,136,119,17
117900153,13,118,-105
117900154,331,874,-543
117900156,923,845,78
117900157,62,545,-483
117900158,147,123,24
117900160,555,478,77
117900161,3237,3330,-93
117900162,306,444,-138
117900163,88,15,73
117900165,0,20,-20
117900166,119,257,-138
117900168,54,162,-108
117900169,1,187,-186
117900170,4,24,-20
117900171,2,20,-18
117900172,6,54,-48
117900173,170,68,102
117900174,28,62,-34
117900175,3,48,-45
117900176,11,69,-58
117900177,23,58,-35
117900178,97,53,44
117900180,295,30,265
117900181,207,286,-79
117900182,0,29,-29
117900183,33,206,-173
117900184,21,68,-47
117900185,25,37,-12
117900186,52,22,30
117900187,18,11,7
117900188,221,35,186
117900189,48,19,29
117900190,24,1,23
117900191,86,0,86
117900192,155,2,153
117900193,23,64,-41
117900194,5,7,-2
117900195,47,41,6
117900196,10,23,-13
117900207,123,126,-3
117900208,32,46,-14
117900209,188,209,-21
117900210,169,221,-52
117900211,10,312,-302
117900212,100,162,-62
117900213,10,10,0
117900214,0,80,-80
117900215,4,10,-6
117900216,43,12,31
117900217,122,74,48
117900218,142,142,0
117900219,1,62,-61
117900220,137,68,69
118000001,898,528,370
118000002,1496,2294,-798
118000003,1878,1500,378
118000004,2882,2152,730
118000005,8624,2915,5709
118000006,10812,8569,2243
118000007,8538,2917,5621
118000008,6226,3622,2604
118000009,2380,3209,-829
118000010,3838,4600,-762
118000011,981,3594,-2613
118000012,1240,3698,-2458
118000013,4007,3877,130
118000014,2240,3510,-1270
118000016,254,519,-265
118000017,272,351,-79
118000018,347,688,-341
118000019,2350,1431,919
118000020,1710,1696,14
118000021,643,2141,-1498
118000022,2137,666,1471
118000023,1144,230,914
118000024,2318,754,1564
118000025,102,38,64
118000027,24441,7423,17018
118000029,1631,600,1031
118000032,1987,2203,-216
118000033,3172,2756,416
118000034,6750,2173,4577
118000035,1756,1878,-122
118000036,1140,989,151
118000037,738,1092,-354
118000038,138,120,18
118000039,75,463,-388
118000040,1641,2558,-917
118000041,2011,1797,214
118000045,668,135,533
118000046,2305,621,1684
118000047,2128,600,1528
118000048,4023,1455,2568
118000051,3625,2114,1511
118000052,3107,1147,1960
118000053,1423,1454,-31
118000054,4465,2613,1852
118000055,4858,3400,1458
118000056,479,394,85
118000057,586,633,-47
118000058,6292,1539,4753
118000059,3979,1022,2957
118000060,853,973,-120
118000061,817,1734,-917
118000062,702,346,356
118000063,387,595,-208
118000064,1075,1354,-279
118000065,5840,2051,3789
118000066,972,1113,-141
118000067,1295,830,465
118000068,2214,3865,-1651
118000069,4012,1393,2619
118000070,8931,1802,7129
118000071,4702,5615,-913
118000072,2535,1113,1422
118000073,3179,581,2598
118000074,519,612,-93
118000075,1268,344,924
118000076,1145,1318,-173
118000077,1524,1238,286
118000078,1856,1647,209
118000079,361,466,-105
118000080,1209,945,264
118000081,1552,1164,388
118000082,329,842,-513
118000083,2484,1401,1083
118000084,2698,1590,1108
118000086,205,494,-289
118000087,8294,3019,5275
118000088,2151,1927,224
118000089,4552,3283,1269
118000090,2610,2940,-330
118000091,1939,1836,103
118000092,1535,353,1182
118000093,164,772,-608
118000096,529,638,-109
118000097,692,541,151
118000098,235,192,43
118000099,411,1085,-674
118000101,733,416,317
118000102,292,1784,-1492
118000107,4146,535,3611
118000108,647,1407,-760
118000110,1,24,-23
118000111,2,725,-723
118000112,177,1,176
118000113,8,1463,-1455
118000114,157,10,147
118000115,7,6,1
118000116,38,1,37
118000117,1280,1008,272
118000118,687,685,2
118000119,790,1176,-386
118000120,1838,1948,-110
118000121,99,641,-542
118000122,1249,313,936
118000123,51,277,-226
118000125,2060,1510,550
118000126,650,1584,-934
118000127,1718,688,1030
118000128,816,1327,-511
118000129,826,337,489
118000130,3183,4971,-1788
118000131,826,1230,-404
118000132,2141,1587,554
118000133,472,503,-31
118000135,535,325,210
118000136,111,667,-556
118000137,642,76,566
118000138,278,1272,-994
118000139,199,77,122
118000140,2491,3608,-1117
118000141,1740,2115,-375
118000142,1364,2282,-918
118000143,1468,1122,346
118000144,1900,1220,680
118000145,1312,2979,-1667
118000146,1030,1492,-462
118000147,698,1941,-1243
118000148,387,1524,-1137
118000149,704,1559,-855
118000150,321,292,29
118000151,256,591,-335
118000153,762,1380,-618
118000154,808,1979,-1171
118000155,838,1514,-676
118000156,2954,2454,500
118000157,515,417,98
118000158,157,572,-415
118000159,27,57,-30
118000160,408,457,-49
118000161,357,1256,-899
118000162,1048,954,94
118000163,565,779,-214
118000164,2317,1409,908
118000168,1814,356,1458
118000169,1110,2163,-1053
118000170,4415,7755,-3340
118000171,231,810,-579
118000172,141,346,-205
118000173,824,1364,-540
118000175,266,402,-136
118000176,253,532,-279
118000177,158,597,-439
118000178,78,55,23
118000179,1854,940,914
118000180,859,897,-38
118000181,912,488,424
118000182,339,271,68
118000183,284,291,-7
118000184,502,1215,-713
118000185,1279,874,405
118000186,674,1030,-356
118000187,999,1056,-57
118000188,463,287,176
118000189,290,1149,-859
118000190,15,16,-1
118000191,19,69,-50
118000192,354,296,58
118000193,224,342,-118
118000194,2032,1133,899
118000195,1189,634,555
118000196,636,112,524
118000197,214,155,59
118000198,597,477,120
118000199,829,406,423
118000200,111,297,-186
118000201,627,412,215
118000202,40,90,-50
118000203,1498,405,1093
118000204,151,232,-81
118000205,359,311,48
118000206,186,221,-35
118000207,0,175,-175
118000208,1001,1740,-739
118000209,1484,2081,-597
118000210,33,37,-4
118000211,24,45,-21
118000213,1219,1540,-321
118000214,591,434,157
118000215,273,359,-86
118000216,1861,5497,-3636
118000217,14,149,-135
118000218,40,157,-117
118000219,594,449,145
118000220,3,23,-20
118000221,74,237,-163
118000222,59,30,29
118000223,31,35,-4
118000224,259,120,139
118000225,116,1173,-1057
118000226,669,161,508
118000227,1053,347,706
118000228,185,175,10
118000229,333,57,276
118000230,92,404,-312
118000231,55,263,-208
118000232,618,1200,-582
118000233,676,1064,-388
118000234,210,367,-157
118000236,357,584,-227
118000237,30,807,-777
118000238,122,407,-285
118000239,266,370,-104
118000240,726,95,631
118000241,115,211,-96
118000242,292,870,-578
118000243,130,251,-121
118000244,36,251,-215
118000246,0,9,-9
118000255,39,250,-211
118000256,60,245,-185
118000259,5,78,-73
118000260,82,128,-46
118000261,12,148,-136
118000263,65,205,-140
118000266,106,561,-455
118000267,0,117,-117
118000268,421,81,340
118000270,25,68,-43
118000271,146,390,-244
118000272,50,48,2
118000273,87,112,-25
118000274,114,436,-322
118000276,361,504,-143
118000295,3,85,-82
118000298,221,532,-311
118000299,50,223,-173
118000301,1,63,-62
118000302,50,113,-63
118000311,179,177,2
118000312,192,235,-43
118000313,38,223,-185
118000314,55,109,-54
118000315,32,104,-72
118000316,476,617,-141
118000325,25,140,-115
118000326,34,39,-5
118000331,45,99,-54
118000332,17,75,-58
118000333,26,125,-99
118000335,144,1,143
118000336,0,531,-531
118000407,69,56,13
118000457,14,23,-9
118000465,5340,3070,2270
118000480,10,179,-169
118000489,103,179,-76
118000490,98,559,-461
118000492,130,220,-90
118000510,61,11,50
118000514,171,424,-253
118000515,610,447,163
118000517,480,206,274
118000524,831,238,593
118000525,965,1042,-77
118000530,12,155,-143
118000531,144,325,-181
118000532,150,330,-180
118000533,309,200,109
118000534,467,428,39
118000535,191,85,106
118000536,1335,894,441
118000537,30,100,-70
118000538,12,116,-104
118000539,21,99,-78
118000540,330,386,-56
118000541,162,103,59
118000542,62,182,-120
118000543,275,267,8
118000546,25,31,-6
118000560,4413,1057,3356
118000562,25,501,-476
118000563,1948,1613,335
118000576,124,261,-137
118000577,146,151,-5
118000578,146,97,49
118000579,805,1131,-326
118000595,126,59,67
118000596,0,65,-65
118000597,77,124,-47
118000598,4,0,4
118000599,17,60,-43
118000600,0,59,-59
118000601,5,0,5
118000602,0,40,-40
118000603,0,48,-48
118900001,1577,1047,530
118900002,1261,756,505
118900003,136,13,123
118900004,23,73,-50
118900005,49,2,47
118900006,65,6,59
118900007,3,1,2
118900008,1543,58,1485
118900009,13,27,-14
118900010,25,8,17
118900011,120,28,92
118900012,453,255,198
118900013,705,56,649
118900015,112,59,53
118900016,4,14,-10
118900017,168,229,-61
118900018,1324,16,1308
118900019,63,13,50
118900020,165,126,39
118900021,102,436,-334
118900022,109,95,14
118900023,85,110,-25
118900024,62,230,-168
118900025,28,16,12
118900026,53,133,-80
118900027,500,297,203
118900028,89,215,-126
118900029,139,505,-366
118900030,135,61,74
118900031,104,124,-20
118900032,103,297,-194
118900033,339,821,-482
118900034,67,6,61
118900035,106,348,-242
118900036,731,892,-161
118900037,283,401,-118
118900038,217,348,-131
118900039,349,304,45
118900040,185,195,-10
118900041,333,231,102
118900042,129,100,29
118900045,213,174,39
118900046,917,189,728
118900047,863,207,656
118900048,133,167,-34
118900049,61,58,3
118900050,12,174,-162
118900051,55,45,10
118900052,191,337,-146
118900053,25,88,-63
118900054,67,100,-33
118900055,18,204,-186
118900056,17,208,-191
118900057,380,317,63
118900058,304,517,-213
118900059,13,78,-65
118900060,37,159,-122
118900062,198,285,-87
118900064,786,512,274
118900065,43,191,-148
118900066,65,123,-58
118900067,7517,2498,5019
118900068,2,187,-185
118900069,272,309,-37
118900071,3,83,-80
118900072,312,450,-138
118900073,35,99,-64
118900074,80,196,-116
118900075,18,99,-81
118900076,204,79,125
118900077,164,251,-87
118900078,31,8,23
118900079,63,244,-181
118900080,14,121,-107
118900081,40,13,27
118900082,431,177,254
118900083,15,38,-23
118900084,11,29,-18
118900085,602,1163,-561
118900086,21,58,-37
118900087,11,169,-158
118900088,2,14,-12
118900089,17,14,3
118900090,394,600,-206
118900091,219,131,88
118900092,67,167,-100
118900093,119,14,105
118900096,42,20,22
118900097,189,960,-771
118900099,70,382,-312
118900100,142,290,-148
118900101,43,737,-694
118900102,36,86,-50
118900103,48,71,-23
118900104,79,190,-111
118900105,176,99,77
118900107,138,79,59
118900108,47,101,-54
118900109,102,31,71
118900110,2202,550,1652
118900111,313,903,-590
118900112,51,135,-84
118900113,60,824,-764
118900114,12,104,-92
118900115,83,437,-354
118900116,94,209,-115
118900117,102,202,-100
118900118,184,561,-377
118900119,88,351,-263
118900120,72,340,-268
118900121,3,427,-424
118900122,10,627,-617
118900123,108,244,-136
118900124,59,228,-169
118900126,26,278,-252
118900129,141,191,-50
118900130,20,134,-114
118900131,72,365,-293
118900132,466,259,207
118900133,17,57,-40
118900135,101,250,-149
118900136,221,999,-778
118900137,1,13,-12
118900139,108,790,-682
118900140,446,1028,-582
118900141,49,430,-381
118900144,103,755,-652
118900145,36,247,-211
118900146,224,1102,-878
118900147,143,68,75
118900148,31,85,-54
118900150,146,386,-240
118900152,566,1207,-641
118900157,97,160,-63
118900158,85,151,-66
118900159,5,336,-331
118900161,72,5,67
118900163,359,82,277
118900164,7,130,-123
118900165,28,386,-358
118900166,84,3,81
118900167,74,226,-152
118900168,0,65,-65
118900169,114,554,-440
118900170,75,242,-167
118900171,16,46,-30
118900174,58,33,25
118900175,245,523,-278
118900176,107,201,-94
118900177,14,69,-55
118900178,61,108,-47
118900179,2,75,-73
118900181,86,162,-76
118900182,87,43,44
118900183,6,89,-83
118900184,150,77,73
118900185,61,128,-67
118900186,87,97,-10
118900187,124,375,-251
118900188,211,405,-194
118900189,34,604,-570
118900190,22,853,-831
118900191,118,76,42
118900192,107,29,78
118900193,237,14,223
118900195,433,1202,-769
118900196,23,206,-183
118900197,98,134,-36
118900198,3,61,-58
118900199,23,70,-47
118900200,9,9,0
118900201,15,7,8
118900202,6,60,-54
118900203,2,64,-62
118900204,8,56,-48
118900205,24,21,3
118900206,3,78,-75
119000001,1132,1553,-421
119000002,2732,4037,-1305
119000003,1435,2026,-591
119000004,1830,1659,171
119000005,1672,1783,-111
119000006,1719,1751,-32
119000007,2779,3423,-644
119000008,1547,2671,-1124
119000009,3445,3005,440
119000010,9234,4660,4574
119000011,7018,2727,4291
119000012,6306,4088,2218
119000013,2429,1423,1006
119000014,2600,4236,-1636
119000019,228,244,-16
119000020,1299,1525,-226
119000021,3006,2196,810
119000022,4674,1868,2806
119000023,242,237,5
119000024,2390,7637,-5247
119000025,15162,1663,13499
119000026,315,273,42
119000027,560,457,103
119000028,2339,1461,878
119000029,125,277,-152
119000030,507,1495,-988
119000031,705,845,-140
119000032,2990,3311,-321
119000033,2124,2143,-19
119000034,1071,1470,-399
119000035,30,506,-476
119000036,886,1431,-545
119000037,1045,3193,-2148
119000038,144,1777,-1633
119000039,151,363,-212
119000040,1206,562,644
119000041,1100,1270,-170
119000048,4390,4914,-524
119000049,1221,4392,-3171
119000050,1803,2779,-976
119000051,1963,1218,745
119000052,2328,3751,-1423
119000053,1895,1415,480
119000054,2936,5130,-2194
119000055,2706,4905,-2199
119000056,1815,2681,-866
119000057,1481,3422,-1941
119000058,1986,2843,-857
119000059,1055,2073,-1018
119000060,1088,959,129
119000061,923,1151,-228
119000062,1138,1618,-480
119000063,357,354,3
119000064,1406,1842,-436
119000065,2203,4626,-2423
119000066,2139,1183,956
119000067,1931,3526,-1595
119000068,1138,1302,-164
119000069,1367,3703,-2336
119000070,1554,1399,155
119000071,650,1217,-567
119000072,8562,4945,3617
119000073,7217,6664,553
119000074,876,4844,-3968
119000075,951,2966,-2015
119000076,816,1161,-345
119000077,1133,757,376
119000078,393,352,41
119000079,79,999,-920
119000080,207,325,-118
119000081,299,512,-213
119000082,974,417,557
119000083,375,404,-29
119000084,317,738,-421
119000085,751,354,397
119000086,361,560,-199
119000087,2030,1442,588
119000088,339,269,70
119000089,51,234,-183
119000090,164,198,-34
119000091,183,569,-386
119000092,800,232,568
119000093,5146,4585,561
119000094,2109,6897,-4788
119000095,1267,3880,-2613
119000097,2827,2170,657
119000098,762,1694,-932
119000099,2307,2421,-114
119000100,2587,2571,16
119000101,4310,3219,1091
119000102,850,987,-137
119000103,2053,649,1404
119000104,4178,2024,2154
119000105,888,1209,-321
119000106,246,2624,-2378
119000107,475,626,-151
119000108,306,1939,-1633
119000109,185,490,-305
119000110,874,606,268
119000111,95,814,-719
119000112,240,178,62
119000113,4335,378,3957
119000114,835,741,94
119000115,222,238,-16
119000116,113,135,-22
119000117,95,446,-351
119000118,0,1,-1
119000123,4014,821,3193
119000124,399,304,95
119000125,2163,1580,583
119000126,192,1252,-1060
119000127,331,1261,-930
119000128,69,11,58
119000131,681,1444,-763
119000132,2,8,-6
119000133,0,4,-4
119000134,3021,598,2423
119000135,62,272,-210
119000136,136,423,-287
119000137,173,800,-627
119000138,212,703,-491
119000139,219,452,-233
119000140,174,396,-222
119000284,1741,3516,-1775
119000285,3047,2925,122
119000286,8792,6744,2048
119000287,1363,2844,-1481
119000288,1834,2298,-464
119000289,2518,5244,-2726
119000290,205,721,-516
119000291,7,619,-612
119000293,72,227,-155
119000294,41,48,-7
119000295,2978,657,2321
119000296,137,135,2
119000302,4754,1694,3060
119000303,25,200,-175
119000314,1834,7306,-5472
119000315,2,1023,-1021
119000316,35,163,-128
119000317,48,655,-607
119900001,246,917,-671
119900002,82,326,-244
119900003,79,1803,-1724
119900004,395,501,-106
119900005,79,225,-146
119900006,206,471,-265
119900007,712,72,640
119900008,97,39,58
119900009,583,889,-306
119900010,2505,1699,806
119900011,26,40,-14
119900012,18,42,-24
119900013,1902,854,1048
119900014,921,331,590
119900015,81,32,49
119900016,51,127,-76
119900017,11,51,-40
119900018,2182,400,1782
119900019,18,11,7
119900020,101,169,-68
119900021,76,84,-8
119900022,184,351,-167
119900023,994,725,269
119900025,117,31,86
119900026,1148,93,1055
119900027,10,45,-35
119900028,188,64,124
119900029,1,9,-8
119900030,524,486,38
119900031,31,276,-245
119900033,2871,280,2591
119900034,154,218,-64
119900037,74,51,23
119900038,47,225,-178
119900039,36,9,27
119900040,44,6,38
119900041,49,74,-25
119900042,108,210,-102
119900043,43,259,-216
119900044,211,437,-226
119900046,48,127,-79
119900047,193,92,101
119900048,7,59,-52
119900049,43,9,34
119900050,94,95,-1
119900051,257,5,252
119900052,30,96,-66
119900053,101,299,-198
119900054,76,3,73
119900055,759,356,403
119900057,94,125,-31
119900058,114,10,104
119900059,158,67,91
119900060,128,9,119
119900061,1,0,1
119900062,42,44,-2
119900063,17,61,-44
119900064,295,77,218
119900065,158,7,151
119900066,2,0,2
119900067,55,36,19
119900068,204,6,198
119900069,49,43,6
119900070,608,84,524
119900071,422,16,406
119900072,1,19,-18
119900073,2348,545,1803
119900074,34,15,19
119900075,8375,2658,5717
119900076,200,727,-527
119900077,478,1946,-1468
119900078,270,1264,-994
119900079,102,402,-300
119900080,940,1612,-672
119900081,24,64,-40
119900082,733,599,134
119900083,430,154,276
119900084,865,217,648
119900085,195,101,94
119900086,99,226,-127
119900087,450,279,171
119900088,74,79,-5
119900089,18,946,-928
119900090,250,93,157
119900091,46,1626,-1580
119900092,23,690,-667
119900093,816,152,664
119900094,60,265,-205
119900095,193,133,60
119900096,58,135,-77
119900097,751,260,491
119900098,42,106,-64
119900099,45,332,-287
119900100,3838,2641,1197
119900101,286,1606,-1320
119900102,28,457,-429
119900103,34,734,-700
119900104,44,452,-408
119900105,1390,2018,-628
119900106,16,361,-345
119900107,528,5269,-4741
119900108,2903,909,1994
119900109,22,339,-317
119900110,531,935,-404
119900111,72,510,-438
119900112,3914,651,3263
119900113,90,625,-535
119900114,189,2466,-2277
119900115,156,1993,-1837
119900116,153,372,-219
119900117,227,1216,-989
119900118,38,1798,-1760
119900119,136,313,-177
119900120,813,914,-101
119900121,200,2083,-1883
119900122,340,539,-199
119900123,226,390,-164
119900124,114,1339,-1225
119900125,60,522,-462
119900126,7237,361,6876
119900127,4291,1286,3005
119900128,248,1166,-918
119900129,122,1222,-1100
119900130,63,430,-367
119900131,34,544,-510
119900132,2,579,-577
119900133,34,44,-10
119900134,3121,376,2745
119900135,0,821,-821
119900136,184,747,-563
119900138,485,959,-474
119900139,20,121,-101
119900140,8,213,-205
119900141,175,464,-289
119900142,21,29,-8
119900143,14,254,-240
119900144,2978,332,2646
119900145,66,374,-308
119900146,200,188,12
119900147,6,145,-139
119900148,94,76,18
119900149,2412,3296,-884
119900150,197,369,-172
119900151,2072,934,1138
119900152,73,648,-575
119900153,69,83,-14
119900154,7,432,-425
119900155,26,33,-7
119900156,10,1,9
119900157,48,416,-368
119900158,99,68,31
119900159,9,2833,-2824
119900160,24,376,-352
119900161,193,494,-301
119900162,774,988,-214
119900163,179,130,49
119900164,0,1,-1
119900165,92,409,-317
119900166,40,35,5
119900167,81,200,-119
119900168,446,506,-60
119900169,187,366,-179
119900170,203,220,-17
119900171,812,658,154
119900172,148,29,119
119900173,8,830,-822
119900174,16,353,-337
119900175,757,848,-91
119900177,20,367,-347
119900178,5,252,-247
119900179,56,223,-167
119900180,767,850,-83
119900181,43,70,-27
119900182,6,773,-767
119900183,132,1129,-997
119900184,4737,869,3868
119900185,31,121,-90
119900186,77,465,-388
119900187,10,853,-843
119900188,44,470,-426
119900189,598,277,321
119900190,90,194,-104
119900191,335,110,225
119900192,23,250,-227
119900193,226,313,-87
119900194,15,61,-46
119900195,36,369,-333
119900196,2855,716,2139
119900197,145,139,6
119900198,98,565,-467
119900199,163,30,133
119900200,478,789,-311
119900201,578,333,245
119900202,193,148,45
119900203,146,335,-189
119900204,170,495,-325
119900205,331,926,-595
119900206,58,165,-107
119900208,163,223,-60
119900209,327,819,-492
119900210,20,53,-33
119900211,102,15,87
119900212,120,423,-303
119900213,3,86,-83
119900214,24,161,-137
119900215,40,135,-95
119900216,7,130,-123
119900217,5,119,-114
119900218,14,96,-82
119900219,7,194,-187
119900220,7,209,-202
119900221,19,668,-649
119900222,14,426,-412
119900223,26,179,-153
119900224,39,51,-12
119900225,1874,78,1796
119900226,1448,1663,-215
119900227,1990,530,1460
119900228,115,398,-283
119900229,374,682,-308
119900230,1689,785,904
119900231,126,277,-151
119900232,230,80,150
119900233,18,1,17
119900234,19,94,-75
119900235,8,40,-32
119900236,14,318,-304
119900237,58,884,-826
119900238,1,139,-138
119900240,59,204,-145
119900241,176,377,-201
119900242,2178,1518,660
119900244,982,2158,-1176
119900245,92,172,-80
119900246,300,371,-71
119900247,25,72,-47
119900248,50,88,-38
119900249,163,107,56
119900253,6123,486,5637
119900254,84,306,-222
119900255,65,756,-691
119900256,272,2047,-1775
119900257,24,1,23
119900258,59,10,49
119900259,4,255,-251
119900260,77,11,66
119900261,182,326,-144
119900262,0,526,-526
119900263,1096,573,523
119900264,76,422,-346
119900265,268,600,-332
119900266,113,398,-285
119900267,159,496,-337
119900268,186,350,-164
119900269,475,2289,-1814
119900271,28,113,-85
119900272,161,79,82
119900275,140,26,114
119900276,34,3,31
119900277,97,64,33
119900278,339,113,226
119900279,151,208,-57
119900280,1298,289,1009
119900281,0,143,-143
119900282,53,36,17
119900283,2,570,-568
119900284,50,378,-328
119900285,40,63,-23
119900286,7,32,-25
119900288,6,54,-48
119900289,0,43,-43
119900290,0,33,-33
119900291,2,73,-71
119900292,25,18,7
119900293,16,50,-34
119900294,22,127,-105
119900295,0,45,-45
119900296,34,541,-507
119900297,0,49,-49
119900298,9,14,-5
119900299,23,369,-346
119900300,139,297,-158
119900301,126,66,60
119900302,63,71,-8
119900303,189,296,-107
119900304,93,50,43
119900305,33,159,-126
119900306,32,6,26
119900307,63,264,-201
119900308,7,12,-5
119900309,34,63,-29
119900310,304,396,-92
119900311,45,234,-189
119900312,69,131,-62
119900313,241,464,-223
119900314,98,292,-194
119900315,693,4000,-3307
119900318,22,19,3
119900319,11,495,-484
119900320,202,996,-794
119900321,52,1,51
120000001,10168,11133,-965
120000002,2385,4214,-1829
120000003,4509,2576,1933
120000004,3188,3197,-9
120000005,6063,2800,3263
120000006,1331,1630,-299
120000007,3887,2691,1196
120000008,1070,1528,-458
120000009,6162,1342,4820
120000010,1685,3783,-2098
120000011,1294,2633,-1339
120000012,1937,4317,-2380
120000013,2535,3695,-1160
120000014,672,2067,-1395
120000015,2762,2012,750
120000016,3647,3060,587
120000017,2150,2269,-119
120000018,6357,9058,-2701
120000019,862,1314,-452
120000020,3677,3028,649
120000021,2339,2294,45
120000022,3553,4182,-629
120000023,1005,2039,-1034
120000024,1770,2982,-1212
120000025,2250,2913,-663
120000026,903,2286,-1383
120000027,1420,2080,-660
120000028,982,622,360
120000029,7519,716,6803
120000030,972,1069,-97
120000031,2517,10977,-8460
120000032,13540,4784,8756
120000033,3802,2513,1289
120000034,1430,3239,-1809
120000035,1862,3431,-1569
120000036,2658,5402,-2744
120000037,658,1198,-540
120000038,13711,4230,9481
120000039,524,1254,-730
120000040,239,231,8
120000041,812,2650,-1838
120000042,1719,6326,-4607
120000043,5262,4276,986
120000044,3525,1760,1765
120000045,3745,1310,2435
120000046,1881,2409,-528
120000047,2994,3814,-820
120000048,11088,4300,6788
120000049,4155,3871,284
120000050,3866,6230,-2364
120000051,4752,5964,-1212
120000052,18618,3303,15315
120000053,1110,5617,-4507
120000054,1662,9023,-7361
120000055,1524,6404,-4880
120000056,3547,7108,-3561
120000057,1737,1134,603
120000058,763,283,480
120000059,101,1380,-1279
120000061,99,1141,-1042
120000062,219,476,-257
120000063,2701,4472,-1771
120000064,316,2532,-2216
120000065,904,2934,-2030
120000066,214,797,-583
120000067,34,928,-894
120000068,163,1812,-1649
120000069,649,2449,-1800
120000070,42,1418,-1376
120000071,181,246,-65
120000072,328,693,-365
120000073,362,168,194
120000074,41,138,-97
120000075,438,320,118
120000076,2140,506,1634
120000077,1429,585,844
120000078,3122,998,2124
120000079,123,96,27
120000080,77,163,-86
120000081,221,147,74
120000082,138,156,-18
120000083,36,302,-266
120000084,522,724,-202
120000085,372,467,-95
120000086,265,889,-624
120000087,154,1481,-1327
120000088,753,1868,-1115
120000089,875,833,42
120000090,590,645,-55
120000091,730,1314,-584
120000092,1098,823,275
120000093,257,682,-425
120000094,136,568,-432
120000095,994,977,17
120000096,214,1612,-1398
120000098,910,1569,-659
120000099,342,944,-602
120000100,647,1296,-649
120000101,479,676,-197
120000102,428,712,-284
120000103,1000,624,376
120000104,1543,410,1133
120000105,2149,474,1675
120000106,1565,500,1065
120000107,2122,598,1524
120000108,746,133,613
120000109,754,93,661
120000110,100,1429,-1329
120000111,180,2067,-1887
120000112,846,6340,-5494
120000113,694,4432,-3738
120000114,799,4108,-3309
120000115,464,3401,-2937
120000116,775,2979,-2204
120000117,1710,2331,-621
120000118,38,32,6
120000119,55,70,-15
120000120,108,58,50
120000121,32,77,-45
120000122,380,362,18
120000123,8745,4514,4231
120000124,372,717,-345
120000125,333,984,-651
120000126,310,988,-678
120000127,3168,912,2256
120000128,6378,2383,3995
120000129,381,425,-44
120000130,858,971,-113
120000131,227,549,-322
120000134,462,2124,-1662
120000135,237,404,-167
120000137,140,3409,-3269
120000138,371,816,-445
120000139,206,1671,-1465
120000140,359,940,-581
120000141,261,841,-580
120000142,312,954,-642
120000143,2,200,-198
120000144,59,1,58
120000145,184,1,183
120000146,2899,1327,1572
120000149,522,1270,-748
120000150,7035,12452,-5417
120000151,484,654,-170
120000152,314,428,-114
120000153,222,1204,-982
120000154,497,522,-25
120000155,102,305,-203
120000156,1963,710,1253
120000157,1048,1007,41
120000158,767,1330,-563
120000159,1934,2978,-1044
120000160,2488,1566,922
120000161,1179,3440,-2261
120000162,63,305,-242
120000163,367,2338,-1971
120000164,336,787,-451
120000165,282,1558,-1276
120000166,767,1050,-283
120000167,35,84,-49
120000168,17,233,-216
120000169,105,652,-547
120000170,138,303,-165
120000171,36,76,-40
120000172,11,44,-33
120000173,4059,258,3801
120000174,755,15,740
120000175,763,14,749
120000176,355,68,287
120000177,2927,400,2527
120000178,299,9,290
120000179,949,54,895
120000180,1368,132,1236
120000181,287,343,-56
120000182,158,169,-11
120000183,24,335,-311
120000184,175,1913,-1738
120000186,66,147,-81
120000187,110,56,54
120000188,330,106,224
120000190,2272,31,2241
120000191,2913,37,2876
120000192,3845,33,3812
120000193,1340,6,1334
120000195,333,12,321
120000196,606,81,525
120000197,187,225,-38
120000198,128,222,-94
120000199,51,2,49
120000200,47,1,46
120000201,8,21,-13
120000202,0,121,-121
120000203,24,482,-458
120000207,1,149,-148
120000208,8,441,-433
120000209,7,158,-151
120000210,264,238,26
120000211,63,2,61
120000212,64,2,62
120000213,82,623,-541
120000214,3,676,-673
120000215,5,284,-279
120000216,56,9,47
120000217,1220,2173,-953
120000218,343,1730,-1387
120000219,15,1242,-1227
120000220,19,4320,-4301
120000225,739,2,737
120000226,197,3,194
120000227,666,38,628
120000228,10700,2878,7822
120000230,208,21,187
120000231,737,3679,-2942
120000233,192,44,148
120000235,149,1131,-982
120000236,695,5,690
120000237,3,3582,-3579
120000238,0,269,-269
120000241,1561,3995,-2434
120000412,2352,38,2314
120000413,116,657,-541
120000414,47,5,42
120000415,5,254,-249
120000416,77,13,64
120000417,3,172,-169
120000418,125,19,106
120000419,13,794,-781
120000420,52,40,12
120000421,19888,7635,12253
120000422,318,500,-182
120000423,6,54,-48
120000424,46,201,-155
120000436,104,459,-355
120000437,247,250,-3
120000438,6401,625,5776
120000439,179,365,-186
120000443,127,1,126
120000444,881,1025,-144
120000445,1459,1340,119
120000446,1408,449,959
120000447,197,12,185
120000449,34,15,19
120000450,4,522,-518
120000451,126,362,-236
120000452,107,1,106
120000453,3,734,-731
120000454,77,27,50
120000455,77,78,-1
120000456,4129,3525,604
120000457,2594,1157,1437
120000458,686,1021,-335
120000459,82,120,-38
120000665,2174,276,1898
120000668,101,356,-255
120000669,100,607,-507
120000670,338,563,-225
120000671,865,310,555
120000672,108,699,-591
120900001,53,58,-5
120900002,634,405,229
120900003,141,46,95
120900004,16,72,-56
120900005,20,2287,-2267
120900006,185,246,-61
120900007,114,261,-147
120900008,156,1838,-1682
120900009,184,40,144
120900010,276,70,206
120900011,470,178,292
120900012,1546,1057,489
120900013,307,58,249
120900014,5,1218,-1213
120900015,425,114,311
120900016,434,55,379
120900017,4129,152,3977
120900018,47,698,-651
120900019,446,156,290
120900020,940,917,23
120900021,454,103,351
120900022,28,611,-583
120900023,96,70,26
120900024,2021,635,1386
120900025,2641,1113,1528
120900026,99,323,-224
120900027,930,108,822
120900028,226,59,167
120900029,132,252,-120
120900030,842,715,127
120900031,123,81,42
120900032,501,256,245
120900033,743,48,695
120900034,28,2405,-2377
120900035,48,399,-351
120900037,112,6,106
120900038,63,170,-107
120900039,78,28,50
120900040,176,0,176
120900041,211,47,164
120900042,183,102,81
120900043,53,13,40
120900044,8,745,-737
120900045,125,259,-134
120900046,216,5,211
120900047,71,47,24
120900048,57,21,36
120900049,252,2,250
120900050,5592,1345,4247
120900051,219,159,60
120900052,359,4,355
120900053,172,123,49
120900054,1887,1142,745
120900055,167,1,166
120900056,371,13,358
120900057,83,21,62
120900058,260,0,260
120900059,71,1,70
120900060,50,55,-5
120900061,321,474,-153
120900062,105,0,105
120900063,267,3,264
120900064,248,0,248
120900065,263,23,240
120900066,172,632,-460
120900067,218,40,178
120900068,110,0,110
120900069,91,82,9
120900071,34,7,27
120900072,347,1,346
120900073,252,282,-30
120900074,312,7,305
120900076,210,1,209
120900077,5725,445,5280
120900078,403,1013,-610
120900079,382,120,262
120900080,353,3718,-3365
120900081,582,1437,-855
120900082,839,521,318
120900083,36,4,32
120900084,182,321,-139
120900085,187,136,51
120900086,245,191,54
120900087,293,133,160
120900088,165,301,-136
120900089,6596,1595,5001
120900090,125,343,-218
120900091,493,430,63
120900092,1315,949,366
120900093,5313,346,4967
120900094,729,307,422
120900095,518,40,478
120900096,29,217,-188
120900097,829,1449,-620
120900098,360,237,123
120900099,63,128,-65
120900100,85,432,-347
120900101,711,444,267
120900102,25,178,-153
120900103,27,225,-198
120900104,16,59,-43
120900105,33,1042,-1009
120900106,1703,905,798
120900107,529,236,293
120900108,10,1334,-1324
120900109,51,1195,-1144
120900110,5,1223,-1218
120900111,176,613,-437
120900112,13,2123,-2110
120900113,26,1586,-1560
120900114,30,260,-230
120900115,154,214,-60
120900116,181,1038,-857
120900117,2,966,-964
120900118,17,1473,-1456
120900119,4702,6036,-1334
120900120,60,1137,-1077
120900121,118,726,-608
120900122,248,1154,-906
120900123,6,849,-843
120900124,2,1163,-1161
120900125,4,1768,-1764
120900126,1913,1206,707
120900127,13,789,-776
120900128,978,1478,-500
120900129,82,671,-589
120900130,5,822,-817
120900131,18,89,-71
120900132,570,716,-146
120900133,295,1730,-1435
120900134,651,687,-36
120900135,6,1057,-1051
120900136,18,49,-31
120900137,134,179,-45
120900138,13,325,-312
120900139,0,1329,-1329
120900140,1,97,-96
120900141,75,169,-94
120900142,40,1451,-1411
120900143,5,1601,-1596
120900144,3,405,-402
120900145,172,1452,-1280
120900146,9,1845,-1836
120900147,3,504,-501
120900148,107,197,-90
120900149,1,689,-688
120900150,31,977,-946
120900151,2,1229,-1227
120900152,0,99,-99
120900153,20,131,-111
120900154,0,575,-575
120900155,149,1805,-1656
120900156,10,508,-498
120900157,14,284,-270
120900158,46,829,-783
120900159,22,400,-378
120900160,43,589,-546
120900161,21,1244,-1223
120900162,27,1151,-1124
120900163,20,242,-222
120900164,0,1,-1
120900165,2,9,-7
120900166,44,168,-124
120900167,424,115,309
120900169,49,881,-832
120900170,3626,1837,1789
120900171,1876,549,1327
120900172,2550,287,2263
120900173,0,117,-117
120900174,10,204,-194
120900175,396,322,74
120900176,11,315,-304
120900177,1,626,-625
120900178,1,301,-300
120900179,1137,642,495
120900180,147,141,6
120900181,131,104,27
120900182,19,837,-818
120900183,502,106,396
120900184,203,113,90
120900185,1,608,-607
120900186,2,846,-844
120900187,319,987,-668
120900188,77,15,62
120900189,227,559,-332
120900190,26,15,11
120900191,3,36,-33
120900192,18661,3592,15069
120900194,19,98,-79
120900195,174,329,-155
120900196,671,46,625
120900197,499,97,402
120900198,298,953,-655
120900199,342,2096,-1754
120900200,220,161,59
120900201,905,203,702
120900202,0,330,-330
120900203,29,60,-31
120900204,266,596,-330
120900205,93,149,-56
120900206,8,28,-20
121000001,1127,1435,-308
121000002,2435,1309,1126
121000003,5342,2501,2841
121000004,3084,3720,-636
121000005,2485,3193,-708
121000006,3484,1389,2095
121000007,3551,3429,122
121000008,5798,2985,2813
121000009,8106,6502,1604
121000010,10737,4553,6184
121000011,13326,14521,-1195
121000012,19453,9711,9742
121000013,6068,8398,-2330
121000014,7745,6833,912
121000015,5181,6925,-1744
121000016,5441,3876,1565
121000017,2216,4136,-1920
121000018,2532,2212,320
121000019,28975,10565,18410
121000020,18783,10473,8310
121000021,3654,4051,-397
121000022,1951,2233,-282
121000023,5333,3916,1417
121000024,3313,3622,-309
121000025,694,1075,-381
121000026,301,138,163
121000027,1625,1093,532
121000028,815,548,267
121000029,1036,851,185
121000030,580,497,83
121000031,618,729,-111
121000032,213,92,121
121000034,244,195,49
121000035,181,103,78
121000036,1265,832,433
121000037,551,678,-127
121000038,634,726,-92
121000039,374,335,39
121000041,396,519,-123
121000042,258,402,-144
121000043,888,703,185
121000044,1900,842,1058
121000045,426,410,16
121000046,487,1003,-516
121000047,29,97,-68
121000049,1929,652,1277
121000050,368,1143,-775
121000051,612,386,226
121000052,306,671,-365
121000053,447,85,362
121000054,61,254,-193
121000055,1684,1172,512
121000056,985,1198,-213
121000057,135,343,-208
121000058,460,137,323
121000059,2181,1022,1159
121000060,421,1154,-733
121000061,166,228,-62
121000062,139,399,-260
121000063,654,481,173
121000064,432,414,18
121000065,431,497,-66
121000066,413,443,-30
121000067,1149,418,731
121000068,530,417,113
121000069,728,280,448
121000070,2006,1458,548
121000071,996,995,1
121000072,1509,943,566
121000073,1017,914,103
121000074,117,145,-28
121000075,93,77,16
121000076,1697,349,1348
121000077,143,104,39
121000078,163,200,-37
121000080,3388,759,2629
121000081,3374,2395,979
121000082,133,282,-149
121000083,242,118,124
121000084,183,100,83
121000085,384,538,-154
121000086,174,1112,-938
121000087,48,304,-256
121000088,494,919,-425
121000089,555,348,207
121000090,443,416,27
121000091,2147,943,1204
121000092,158,111,47
121000093,144,266,-122
121000094,653,599,54
121000095,314,558,-244
121000096,2543,3357,-814
121000097,1807,2241,-434
121000098,394,1927,-1533
121000099,312,1155,-843
121000100,708,694,14
121000101,187,348,-161
121000102,184,569,-385
121000103,131,440,-309
121000104,131,250,-119
121000105,327,362,-35
121000106,202,504,-302
121000107,2496,4396,-1900
121000109,1717,1245,472
121000110,401,615,-214
121000114,3028,2905,123
121000115,851,937,-86
121000116,465,1014,-549
121000117,1170,272,898
121000118,1238,404,834
121000119,238,359,-121
121000120,207,643,-436
121000121,402,1070,-668
121000123,1718,791,927
121000126,129,339,-210
121000127,179,120,59
121000128,829,775,54
121000129,569,657,-88
121000130,427,1431,-1004
121000131,2718,1572,1146
121000132,2006,1564,442
121000135,691,675,16
121000136,1546,770,776
121000137,640,186,454
121000138,1182,866,316
121000139,758,172,586
121000141,232,170,62
121000142,950,644,306
121000143,237,24,213
121000144,1889,956,933
121000145,425,1612,-1187
121000146,1049,986,63
121000147,636,539,97
121000148,760,1222,-462
121000149,1945,1277,668
121000152,496,669,-173
121000153,1934,741,1193
121000154,883,673,210
121000155,1282,1185,97
121000156,411,1170,-759
121000157,1830,2327,-497
121000158,359,750,-391
121000159,144,678,-534
121000160,243,868,-625
121000161,90,441,-351
121000162,47,460,-413
121000165,2361,1822,539
121000166,32,586,-554
121000168,248,365,-117
121000169,49,228,-179
121000170,247,106,141
121000171,48,222,-174
121000172,410,549,-139
121000173,1413,876,537
121000174,164,548,-384
121000175,645,640,5
121000176,358,348,10
121000177,923,746,177
121000178,145,87,58
121000179,83,102,-19
121000181,415,525,-110
121000182,86,148,-62
121000183,48,117,-69
121000184,40,121,-81
121000185,26,173,-147
121000186,132,315,-183
121000187,168,385,-217
121000188,63,384,-321
121000192,630,425,205
121000193,651,530,121
121000194,3050,2512,538
121000195,382,1123,-741
121000196,825,256,569
121000197,370,1042,-672
121000198,286,68,218
121000199,111,617,-506
121000200,344,127,217
121000201,7,269,-262
121000202,639,134,505
121000203,692,3254,-2562
121000204,1840,742,1098
121000205,150,342,-192
121000206,144,41,103
121000207,1244,596,648
121000208,10,597,-587
121000209,200,564,-364
121000210,306,844,-538
121000211,206,161,45
121000212,228,1051,-823
121000213,12006,2998,9008
121000214,949,1855,-906
121000215,1502,925,577
121000216,449,548,-99
121000217,4895,2513,2382
121000218,650,2132,-1482
121000219,1576,389,1187
121000220,373,80,293
121000221,218,261,-43
121000222,3484,2785,699
121000223,836,416,420
121000224,311,162,149
121000225,1563,1033,530
121000226,2797,809,1988
121000227,10,285,-275
121000228,16,1035,-1019
121000229,146,617,-471
121000230,77,2285,-2208
121000231,620,56,564
121000232,363,214,149
121000233,464,399,65
121000234,7,60,-53
121000235,47,50,-3
121000236,2,95,-93
121000237,92,15,77
121000238,1,136,-135
121000239,57,10,47
121000240,11,264,-253
121000241,106,16,90
121000242,56,204,-148
121000243,665,78,587
121000244,2,92,-90
121000245,41,20,21
121000246,3,74,-71
121000247,42,9,33
121000248,851,829,22
121000249,142,263,-121
121000250,351,96,255
121000251,26,805,-779
121000252,69,38,31
121000253,175,697,-522
121000254,279,338,-59
121000255,165,213,-48
121000256,390,218,172
121000257,60,75,-15
121000258,74,94,-20
121000259,31,45,-14
121000260,70,180,-110
121000261,44,55,-11
121000262,1188,679,509
121000263,458,642,-184
121000271,314,2040,-1726
121000273,105,10,95
121000274,5,54,-49
121000275,6,25,-19
121000276,3,26,-23
121000278,27,75,-48
121000279,49,23,26
121000280,58,63,-5
121000289,381,26,355
121000290,1419,722,697
121000294,96,254,-158
121000297,1170,870,300
121000299,60,283,-223
121000300,794,945,-151
121000302,414,1281,-867
121000303,987,813,174
121000304,522,76,446
121000305,132,66,66
121000306,115,157,-42
121000308,222,418,-196
121000309,505,773,-268
121000310,106,510,-404
121000311,81,1005,-924
121000312,360,236,124
121000313,635,567,68
121000314,260,132,128
121000315,68,137,-69
121000530,928,1893,-965
121000531,1071,1682,-611
121000532,6626,5366,1260
121000533,2798,2965,-167
121000918,54,293,-239
121000919,17,36,-19
121000938,1841,1054,787
121000939,2604,851,1753
121000956,605,1927,-1322
121000957,0,4,-4
121000958,183,39,144
121000959,396,1321,-925
121000960,1610,3164,-1554
121000961,125,85,40
121000962,427,891,-464
121000973,1,487,-486
121000976,19,198,-179
121000979,412,83,329
121000981,285,199,86
121000982,152,308,-156
121000983,394,492,-98
121000984,26,69,-43
121000985,327,983,-656
121000986,114,503,-389
121000987,294,2349,-2055
121000988,508,106,402
121001302,372,146,226
121001308,1,13,-12
121001309,66,74,-8
121001313,139,417,-278
121001314,4076,5234,-1158
121001315,4505,1899,2606
121900001,84,202,-118
121900002,24,26,-2
121900003,343,11,332
121900004,97,457,-360
121900005,53,33,20
121900006,90,21,69
121900007,2599,2235,364
121900008,1781,187,1594
121900009,655,22,633
121900010,232,4,228
121900011,287,533,-246
121900012,2,0,2
121900013,1457,67,1390
121900014,1214,383,831
121900015,152,253,-101
121900016,7,24,-17
121900017,427,652,-225
121900018,295,8,287
121900019,217,265,-48
121900020,24,0,24
121900021,668,8,660
121900022,149,176,-27
121900023,115,490,-375
121900024,578,124,454
121900025,446,382,64
121900026,362,60,302
121900027,279,189,90
121900028,275,16,259
121900029,207,235,-28
121900030,582,516,66
121900031,1274,4459,-3185
121900032,76,101,-25
121900033,166,145,21
121900034,219,88,131
121900035,2733,1671,1062
121900036,64,429,-365
121900037,135,729,-594
121900038,44,240,-196
121900039,320,37,283
121900040,65,116,-51
121900041,72,169,-97
121900042,267,130,137
121900043,4,5,-1
121900044,326,41,285
121900046,269,263,6
121900047,195,45,150
121900048,40,234,-194
121900050,20,40,-20
121900051,118,189,-71
121900052,127,54,73
121900053,356,267,89
121900054,488,931,-443
121900055,3,13,-10
121900058,155,298,-143
121900059,249,72,177
121900060,77,386,-309
121900061,179,154,25
121900062,137,74,63
121900063,923,425,498
121900064,168,846,-678
121900066,18,23,-5
121900067,23,53,-30
121900069,157,142,15
121900070,138,146,-8
121900071,147,305,-158
121900072,18,198,-180
121900073,256,178,78
121900074,998,556,442
121900075,477,327,150
121900076,352,632,-280
121900077,12,53,-41
121900078,43,61,-18
121900079,0,0,0
121900080,721,654,67
121900082,21,150,-129
121900084,6,243,-237
121900085,5,22,-17
121900086,13,54,-41
121900087,242,115,127
121900088,3062,2689,373
121900089,93,430,-337
121900090,6,146,-140
121900091,22,146,-124
121900092,92,143,-51
121900093,39,82,-43
121900094,21,17,4
121900095,156,99,57
121900096,1564,680,884
121900097,291,128,163
121900098,3,3,0
121900099,167,95,72
121900100,269,292,-23
121900101,112,121,-9
121900102,28,102,-74
121900103,475,338,137
121900104,1157,263,894
121900105,87,94,-7
121900106,5,6,-1
121900107,22,34,-12
121900108,0,29,-29
121900109,331,142,189
121900110,235,1579,-1344
121900111,1177,87,1090
121900112,93,108,-15
121900113,27,245,-218
121900114,23,68,-45
121900115,116,373,-257
121900117,208,18,190
121900118,2396,447,1949
121900119,109,150,-41
121900120,35,1290,-1255
121900121,608,74,534
121900122,28,47,-19
121900123,223,425,-202
121900124,110,231,-121
121900125,949,1119,-170
121900127,7,115,-108
121900128,43,189,-146
121900129,1196,121,1075
121900130,92,275,-183
121900131,218,105,113
121900132,57,181,-124
121900133,94,467,-373
121900134,8,139,-131
121900135,2775,310,2465
121900136,197,529,-332
121900137,41,289,-248
121900138,136,345,-209
121900139,320,414,-94
121900140,57,241,-184
121900141,70,32,38
121900142,55,192,-137
121900143,9,143,-134
121900144,195,301,-106
121900145,216,210,6
121900146,591,848,-257
121900147,38,170,-132
121900148,148,286,-138
121900149,318,792,-474
121900150,91,174,-83
121900151,69,222,-153
121900152,68,150,-82
121900153,143,596,-453
121900154,14,123,-109
121900155,3,100,-97
121900156,180,105,75
121900157,2,544,-542
121900158,95,95,0
121900159,1,244,-243
121900160,21,213,-192
121900161,456,407,49
121900162,115,148,-33
121900163,123,1027,-904
121900164,416,228,188
121900165,218,271,-53
121900166,91,226,-135
121900167,148,109,39
121900168,241,132,109
121900169,6,308,-302
121900170,6,255,-249
121900171,522,743,-221
121900172,390,391,-1
121900173,1073,180,893
121900174,20,48,-28
121900175,191,174,17
121900176,516,2063,-1547
121900177,173,62,111
121900178,22,70,-48
121900179,201,151,50
121900180,6789,3072,3717
121900182,529,312,217
121900183,443,564,-121
121900184,48,669,-621
121900186,15,356,-341
121900187,17,135,-118
121900188,603,399,204
121900189,33,117,-84
121900190,119,504,-385
121900191,73,137,-64
121900192,412,596,-184
121900193,26,154,-128
121900194,4,153,-149
121900195,122,132,-10
121900196,894,935,-41
121900197,393,2548,-2155
121900198,925,1165,-240
121900199,5,34,-29
121900200,84,306,-222
121900201,1453,607,846
121900202,172,452,-280
121900203,320,939,-619
121900204,1423,1019,404
121900205,15,144,-129
121900206,7,9,-2
121900207,174,33,141
121900208,183,339,-156
121900209,40,19,21
121900210,1017,1297,-280
121900211,12,84,-72
121900212,160,172,-12
121900213,74,109,-35
121900214,10,419,-409
121900215,52,88,-36
121900216,38,89,-51
121900217,176,109,67
121900218,258,540,-282
121900220,205,19,186
121900221,231,746,-515
121900222,161,205,-44
121900223,146,90,56
121900224,64,71,-7
121900225,81,90,-9
121900226,306,892,-586
121900227,131,390,-259
121900228,193,344,-151
121900229,256,241,15
121900230,109,106,3
121900231,523,484,39
121900232,340,402,-62
121900233,254,281,-27
121900234,217,479,-262
121900235,346,284,62
121900236,266,167,99
121900237,175,244,-69
121900238,156,218,-62
121900239,117,55,62
121900240,128,171,-43
121900241,46,84,-38
121900242,0,0,0
121900243,1,1,0
121900244,5,3,2
121900245,149,174,-25
121900246,1578,476,1102
121900247,341,306,35
121900248,1795,882,913
121900250,285,324,-39
121900251,398,44,354
121900252,612,158,454
121900253,95,901,-806
121900254,471,271,200
121900255,179,102,77
121900258,3184,1781,1403
121900259,396,521,-125
121900260,67,265,-198
121900261,120,456,-336
121900262,395,727,-332
121900263,131,325,-194
121900264,2562,1518,1044
121900265,124,390,-266
121900266,245,242,3
121900267,42,35,7
121900269,192,393,-201
121900270,6,193,-187
121900271,35,186,-151
121900273,460,1409,-949
121900274,176,236,-60
121900276,37,9,28
121900277,385,1774,-1389
121900278,91,1006,-915
121900279,248,282,-34
121900280,203,418,-215
121900281,629,138,491
121900284,207,10,197
121900286,96,246,-150
121900287,14,15,-1
121900290,246,323,-77
121900291,419,640,-221
121900292,186,83,103
121900293,874,3609,-2735
121900294,247,5,242
121900295,62,300,-238
121900296,94,70,24
121900298,374,528,-154
121900299,0,0,0
121900300,6,0,6
121900301,16,9,7
121900302,0,73,-73
121900303,280,596,-316
121900304,0,2,-2
121900305,2,3,-1
121900306,57,8,49
121900307,22,25,-3
121900308,17,401,-384
121900309,11,367,-356
121900310,55,573,-518
121900311,176,8,168
121900312,86,6,80
121900313,149,15,134
121900314,7,106,-99
121900315,3,1,2
121900316,0,30,-30
121900317,4,0,4
121900318,1,25,-24
121900319,9,26,-17
121900320,75,101,-26
121900321,6,1,5
121900322,0,34,-34
121900323,17,6,11
121900324,2,51,-49
121900325,9,1,8
121900326,3,18,-15
121900327,9,53,-44
121900328,2,29,-27
121900329,1,210,-209
121900330,0,47,-47
121900331,254,43,211
121900332,40,14,26
121900333,12,1,11
122000001,3044,4307,-1263
122000002,6883,2059,4824
122000003,2627,1730,897
122000004,4146,1497,2649
122000005,3350,1110,2240
122000006,2537,589,1948
122000007,1531,1520,11
122000008,8201,4831,3370
122000009,602,280,322
122000010,2321,2700,-379
122000011,3672,1134,2538
122000012,1420,1052,368
122000013,2150,1149,1001
122000014,1700,2121,-421
122000015,1752,1034,718
122000016,630,919,-289
122000017,1252,1272,-20
122000018,1659,1375,284
122000019,814,1718,-904
122000020,226,194,32
122000021,567,482,85
122000022,1347,1449,-102
122000023,537,2743,-2206
122000024,972,888,84
122000025,1716,1091,625
122000026,2036,678,1358
122000027,713,4681,-3968
122000028,846,441,405
122000029,472,243,229
122000030,425,96,329
122000031,158,267,-109
122000032,1770,3107,-1337
122000033,895,869,26
122000034,605,659,-54
122000035,437,831,-394
122000036,399,607,-208
122000037,470,284,186
122000038,329,413,-84
122000039,600,542,58
122000040,365,335,30
122000041,435,556,-121
122000042,261,408,-147
122000043,150,123,27
122000044,167,170,-3
122000045,1135,497,638
122000046,687,1005,-318
122000047,249,178,71
122000048,3684,4615,-931
122000049,6387,2742,3645
122000050,1860,635,1225
122000051,416,605,-189
122000052,574,278,296
122000053,148,547,-399
122000054,2588,2074,514
122000055,2323,2723,-400
122000056,8815,3554,5261
122000057,5413,2779,2634
122000058,5096,1056,4040
122000059,4237,1383,2854
122000060,1159,515,644
122000061,624,259,365
122000062,1683,419,1264
122000063,1647,429,1218
122000064,3685,3059,626
122000065,5835,3196,2639
122000066,1170,1153,17
122000067,1739,1526,213
122000068,1223,1462,-239
122000069,653,787,-134
122000070,743,3699,-2956
122000071,1169,1977,-808
122000072,341,328,13
122000073,561,397,164
122000074,1978,1475,503
122000075,584,1379,-795
122000076,1810,1105,705
122000077,1519,656,863
122000078,3504,1609,1895
122000079,1895,788,1107
122000080,1133,354,779
122000081,234,358,-124
122000082,1379,767,612
122000083,1535,3911,-2376
122000084,1079,906,173
122000085,247,1892,-1645
122000086,2405,4812,-2407
122000087,679,201,478
122000088,526,388,138
122000089,7928,3420,4508
122000090,327,446,-119
122000091,280,80,200
122000092,197,40,157
122000093,1761,1038,723
122000094,9852,1844,8008
122000095,5048,2570,2478
122000096,4326,1542,2784
122000098,4984,1541,3443
122000099,3056,618,2438
122000100,1549,697,852
122000101,226,914,-688
122000102,1761,1274,487
122000103,1486,1552,-66
122000104,299,236,63
122000105,287,305,-18
122000106,531,540,-9
122000107,1033,595,438
122000108,457,936,-479
122000109,372,343,29
122000110,365,545,-180
122000111,2705,1194,1511
122000112,703,1260,-557
122000113,530,682,-152
122000114,4189,1565,2624
122000115,1848,1684,164
122000116,521,527,-6
122000117,1051,340,711
122000118,430,653,-223
122000119,3730,1581,2149
122000120,2710,2535,175
122000121,3290,2415,875
122000122,893,1192,-299
122000123,2416,1370,1046
122000124,1502,514,988
122000125,596,745,-149
122000126,857,776,81
122000127,1913,895,1018
122000128,640,935,-295
122000129,335,610,-275
122000130,2638,633,2005
122000131,1482,639,843
122000132,806,444,362
122000133,1168,2197,-1029
122000134,506,552,-46
122000135,743,910,-167
122000136,494,281,213
122000137,995,901,94
122000139,1824,2637,-813
122000140,1319,529,790
122000141,6073,1004,5069
122000142,484,712,-228
122000143,469,262,207
122000144,1879,1011,868
122000145,1769,639,1130
122000146,633,942,-309
122000147,933,347,586
122000148,3756,1220,2536
122000149,2557,1219,1338
122000150,1317,959,358
122000151,243,338,-95
122000152,539,290,249
122000153,472,300,172
122000154,321,183,138
122000155,1535,1982,-447
122000156,2595,1883,712
122000157,2415,1209,1206
122000158,386,636,-250
122000159,1202,1646,-444
122000160,4467,1062,3405
122000161,1171,609,562
122000162,2926,1253,1673
122000163,328,72,256
122000164,33,71,-38
122000165,709,666,43
122000166,1029,1114,-85
122000167,252,330,-78
122000168,273,575,-302
122000169,578,174,404
122000170,315,299,16
122000171,36,86,-50
122000172,1591,1614,-23
122000173,1692,2446,-754
122000174,2097,832,1265
122000175,1221,252,969
122000176,373,686,-313
122000177,1565,1201,364
122000178,3644,2398,1246
122000179,2245,2844,-599
122000180,2004,973,1031
122000181,2063,3356,-1293
122000182,2881,1492,1389
122000183,1944,1019,925
122000184,3256,2171,1085
122000185,1499,1230,269
122000186,742,818,-76
122000187,1749,1182,567
122000188,486,250,236
122000189,226,358,-132
122000190,1131,1033,98
122000191,1189,534,655
122000192,843,338,505
122000193,369,806,-437
122000194,604,131,473
122000195,147,541,-394
122000196,930,663,267
122000197,515,794,-279
122000198,628,1069,-441
122000199,412,415,-3
122000200,1469,517,952
122000201,1330,1437,-107
122000202,1249,1209,40
122000203,2648,1722,926
122000204,1405,2228,-823
122000205,1884,1283,601
122000206,2217,923,1294
122000207,1296,1341,-45
122000208,2113,1896,217
122000209,2740,386,2354
122000210,1567,2324,-757
122000211,1333,1415,-82
122000212,701,475,226
122000213,1064,1199,-135
122000214,1714,1787,-73
122000215,2187,1562,625
122000217,2251,1566,685
122000218,765,63,702
122000219,1494,1137,357
122000220,337,859,-522
122000221,144,482,-338
122000222,614,110,504
122000223,1134,453,681
122000225,677,292,385
122000226,1463,2089,-626
122000227,444,2029,-1585
122000228,409,505,-96
122000229,16,454,-438
122000230,64,888,-824
122000231,293,1012,-719
122000232,701,1246,-545
122000233,1,167,-166
122000234,137,204,-67
122000235,372,305,67
122000236,498,225,273
122000237,153,74,79
122000238,130,195,-65
122000239,525,130,395
122000240,927,517,410
122000241,586,499,87
122000242,500,62,438
122000243,156,25,131
122000244,12,366,-354
122000245,13,100,-87
122000246,10,85,-75
122000247,587,361,226
122000248,1286,2256,-970
122000249,421,689,-268
122000250,1516,874,642
122000251,272,497,-225
122000252,593,142,451
122000253,32,367,-335
122000254,138,125,13
122000255,776,2292,-1516
122000256,458,1646,-1188
122000257,174,482,-308
122000258,144,255,-111
122000259,25,876,-851
122000260,6,154,-148
122000261,7,244,-237
122000262,1,82,-81
122000263,124,124,0
122000264,655,565,90
122000265,2206,880,1326
122000266,4564,548,4016
122000267,76,134,-58
122000268,158,546,-388
122000269,737,386,351
122000270,736,140,596
122000271,296,1332,-1036
122000272,283,1361,-1078
122000273,256,589,-333
122000274,114,235,-121
122000275,26,160,-134
122000276,558,715,-157
122000277,746,1665,-919
122000278,696,1187,-491
122000279,201,682,-481
122000280,828,1104,-276
122000281,632,912,-280
122000282,173,152,21
122000283,409,72,337
122000284,145,106,39
122000285,538,123,415
122000286,145,204,-59
122000287,949,1676,-727
122000288,348,291,57
122000291,966,565,401
122000293,450,373,77
122000294,121,186,-65
122000295,1420,236,1184
122000296,64,679,-615
122000297,4079,2330,1749
122000299,448,548,-100
122000300,523,697,-174
122000301,18345,3149,15196
122000302,1384,856,528
122000303,5601,1601,4000
122000304,38,206,-168
122000305,787,376,411
122000306,20,985,-965
122000307,126,124,2
122000309,79,80,-1
122000310,27,15,12
122000311,132,84,48
122000312,79,45,34
122000313,67,57,10
122000314,114,260,-146
122000315,235,12,223
122000316,459,273,186
122000317,847,220,627
122000318,217,549,-332
122000319,343,824,-481
122000320,386,3278,-2892
122000321,110,377,-267
122000322,3290,2436,854
122000323,1816,1610,206
122000324,1544,1502,42
122000325,1083,1123,-40
122000326,35,161,-126
122000327,278,469,-191
122000328,1261,1070,191
122000330,2267,781,1486
122000332,210,372,-162
122000333,2,172,-170
122000337,850,2374,-1524
122000338,585,574,11
122000340,513,312,201
122000342,3139,1279,1860
122000343,488,1545,-1057
122000344,45,36,9
122000345,37,63,-26
122000346,329,714,-385
122000348,565,1070,-505
122000349,117,758,-641
122000351,60,265,-205
122000352,253,103,150
122000353,48,149,-101
122000355,133,208,-75
122000356,1992,894,1098
122000357,41,20,21
122000358,1,90,-89
122000359,0,44,-44
122000360,0,71,-71
122000362,17,140,-123
122000364,116,576,-460
122000365,4,34,-30
122000366,12,3,9
122000368,566,938,-372
122000370,24,77,-53
122000371,21,0,21
122000372,5,0,5
122000381,50,465,-415
122000382,54,262,-208
122000384,4739,2148,2591
122000385,32,0,32
122000386,523,830,-307
122000387,441,585,-144
122000388,1420,448,972
122000389,203,915,-712
122000390,402,288,114
122000391,334,113,221
122000392,162,308,-146
122000393,18,248,-230
122000394,380,423,-43
122000395,122,174,-52
122000396,243,114,129
122000397,41,103,-62
122000398,37,71,-34
122000399,83,126,-43
122000400,157,244,-87
122000401,104,103,1
122000402,205,143,62
122000403,494,1672,-1178
122000404,152,482,-330
122000408,1101,1476,-375
122000503,19,93,-74
122000524,196,105,91
122000544,79,2138,-2059
122000616,758,4,754
122000640,40,335,-295
122000641,49,620,-571
122000642,948,1552,-604
122000643,19,122,-103
122000644,230,23,207
122000645,103,231,-128
122000651,2233,752,1481
122000664,120,54,66
122000665,1034,660,374
122000666,643,1223,-580
122000673,18,434,-416
122000674,64,46,18
122000675,1220,1262,-42
122000686,240,1737,-1497
122000687,812,403,409
122000688,170,1187,-1017
122000689,439,956,-517
122000690,740,815,-75
122000691,393,3606,-3213
122000692,973,517,456
122000693,478,2641,-2163
122000695,158,700,-542
122000696,192,501,-309
122000698,172,1370,-1198
122000699,186,191,-5
122000701,1120,410,710
122000702,528,2703,-2175
122000703,119,65,54
122000717,339,91,248
122000718,584,496,88
122000719,34,64,-30
122000720,148,401,-253
122000724,19,10,9
122900001,29,6,23
122900002,1368,2708,-1340
122900003,277,46,231
122900004,879,30,849
122900005,54,60,-6
122900006,912,364,548
122900007,167,57,110
122900008,827,95,732
122900009,856,486,370
122900010,252,187,65
122900012,296,489,-193
122900014,143,354,-211
122900015,3071,526,2545
122900016,91,465,-374
122900017,424,990,-566
122900018,256,15,241
122900019,7,177,-170
122900020,470,525,-55
122900021,31,792,-761
122900022,450,1252,-802
122900023,304,371,-67
122900024,104,74,30
122900025,12,192,-180
122900026,167,443,-276
122900027,92,786,-694
122900028,128,192,-64
122900029,5948,2419,3529
122900030,1573,579,994
122900031,103,180,-77
122900032,113,295,-182
122900033,126,193,-67
122900034,4842,4628,214
122900035,14,18,-4
122900036,29,165,-136
122900037,304,129,175
122900038,166,1989,-1823
122900039,71,446,-375
122900040,268,404,-136
122900041,252,302,-50
122900042,149,307,-158
122900043,354,209,145
122900044,82,318,-236
122900045,54,129,-75
122900046,159,109,50
122900047,266,139,127
122900048,44,193,-149
122900049,1812,147,1665
122900051,120,130,-10
122900052,32,146,-114
122900053,21,19,2
122900055,365,126,239
122900057,290,25,265
122900061,423,214,209
122900062,363,520,-157
122900063,143,473,-330
122900064,1173,819,354
122900065,391,148,243
122900066,432,280,152
122900067,2018,1001,1017
122900068,225,423,-198
122900069,263,1490,-1227
122900070,261,30,231
122900071,153,517,-364
122900072,29,802,-773
122900073,45,379,-334
122900074,292,993,-701
122900075,2,93,-91
122900076,10,239,-229
122900077,2,266,-264
122900078,58,214,-156
122900080,70,23,47
122900081,186,178,8
122900082,650,252,398
122900083,205,142,63
122900084,6,318,-312
122900086,28,63,-35
122900087,125,765,-640
122900088,67,58,9
122900089,9,220,-211
122900090,13,816,-803
122900091,84,0,84
122900092,1,363,-362
122900093,2,495,-493
122900094,6,332,-326
122900095,102,7,95
122900096,100,288,-188
122900097,48,19,29
122900098,83,141,-58
122900099,33,11,22
122900100,682,304,378
122900101,633,243,390
122900102,12,15,-3
122900103,57,13,44
122900104,108,9,99
122900105,5,9,-4
122900106,4,126,-122
122900107,6,333,-327
122900108,3,312,-309
123000001,2728,472,2256
123000002,8235,3446,4789
123000003,4381,3221,1160
123000004,4517,5903,-1386
123000005,2786,2969,-183
123000006,3324,4063,-739
123000007,3206,2832,374
123000008,2834,5068,-2234
123000009,4773,3235,1538
123000010,4228,5153,-925
123000011,3414,860,2554
123000012,1193,3105,-1912
123000013,3471,883,2588
123000014,1480,5019,-3539
123000015,5820,937,4883
123000016,8335,3699,4636
123000017,3997,1378,2619
123000018,62,86,-24
123000019,130,487,-357
123000020,120,174,-54
123000021,61,166,-105
123000022,490,1193,-703
123000023,1310,1289,21
123000024,1148,568,580
123000025,23,133,-110
123000026,5,99,-94
123000027,329,610,-281
123000028,1210,255,955
123000029,925,585,340
123000030,173,1009,-836
123000031,109,579,-470
123000032,192,378,-186
123000033,184,79,105
123000034,710,725,-15
123000035,223,280,-57
123000036,276,740,-464
123000037,325,430,-105
123000038,136,272,-136
123000039,615,929,-314
123000040,1351,404,947
123000041,1071,686,385
123000042,985,570,415
123000043,5004,5025,-21
123000044,8525,2643,5882
123000045,13680,2449,11231
123000046,1071,938,133
123000047,2647,1374,1273
123000048,151,463,-312
123000049,10685,5420,5265
123000050,1002,1357,-355
123000051,82,113,-31
123000052,636,3017,-2381
123000053,2617,3581,-964
123000054,1160,1381,-221
123000055,2350,1445,905
123000056,1494,2222,-728
123000057,23874,6393,17481
123000058,864,739,125
123000059,605,564,41
123000060,780,426,354
123000061,201,892,-691
123000063,751,831,-80
123000064,879,252,627
123000065,9695,3844,5851
123000066,1247,956,291
123000067,452,680,-228
123000068,3474,4358,-884
123000069,11137,5059,6078
123000070,368,1087,-719
123000071,605,1439,-834
123000072,956,1998,-1042
123000073,770,952,-182
123000074,910,2381,-1471
123000075,332,950,-618
123000076,574,1354,-780
123000077,2155,4580,-2425
123000078,1147,1857,-710
123000079,1150,2381,-1231
123000080,2206,3403,-1197
123000081,247,894,-647
123000082,540,1492,-952
123000083,818,168,650
123000084,404,824,-420
123000085,130,143,-13
123000086,235,521,-286
123000087,118,659,-541
123000088,919,1635,-716
123000089,461,1651,-1190
123000090,1122,1392,-270
123000091,1817,1663,154
123000092,1196,1352,-156
123000094,349,299,50
123000095,415,812,-397
123000096,314,540,-226
123000097,355,1345,-990
123000098,513,646,-133
123000099,640,940,-300
123000100,535,669,-134
123000101,759,491,268
123000102,756,723,33
123000104,424,319,105
123000105,642,574,68
123000106,474,363,111
123000107,504,596,-92
123000108,927,1740,-813
123000111,548,352,196
123000112,701,706,-5
123000113,556,2437,-1881
123000114,510,475,35
123000115,188,337,-149
123000116,25,148,-123
123000117,1515,2957,-1442
123000118,378,1290,-912
123000119,274,1380,-1106
123000120,451,1152,-701
123000121,409,747,-338
123000122,373,239,134
123000123,429,702,-273
123000124,697,633,64
123000125,1034,923,111
123000126,1832,2428,-596
123000127,1529,1031,498
123000128,280,517,-237
123000129,483,259,224
123000130,459,82,377
123000131,711,719,-8
123000132,365,732,-367
123000133,383,496,-113
123000134,649,198,451
123000135,1482,1577,-95
123000136,247,1732,-1485
123000137,129,474,-345
123000138,85,635,-550
123000139,321,143,178
123000140,196,997,-801
123000141,815,121,694
123000142,1219,1287,-68
123000143,1284,3121,-1837
123000144,35,31,4
123000145,203,209,-6
123000146,70,134,-64
123000147,100,160,-60
123000149,351,375,-24
123000150,141,235,-94
123000151,327,505,-178
123000152,77,485,-408
123000153,126,496,-370
123000154,2272,1546,726
123000155,3117,1000,2117
123000156,72,96,-24
123000157,632,981,-349
123000158,797,670,127
123000159,3513,2183,1330
123000160,748,488,260
123000161,1371,1035,336
123000162,444,1403,-959
123000163,382,85,297
123000164,1047,304,743
123000165,357,2552,-2195
123000166,32,206,-174
123000167,125,366,-241
123000168,192,495,-303
123000169,591,122,469
123000170,55,433,-378
123000171,274,27,247
123000172,186,854,-668
123000173,469,241,228
123000174,805,313,492
123000175,1261,1665,-404
123000176,1045,191,854
123000177,373,1444,-1071
123000178,539,155,384
123000179,37,928,-891
123000180,1306,354,952
123000181,340,1947,-1607
123000182,168,783,-615
123000183,180,319,-139
123000184,96,1097,-1001
123000185,458,521,-63
123000186,2,850,-848
123000187,426,12,414
123000188,153,1,152
123000189,157,193,-36
123000190,61,98,-37
123000192,28,455,-427
123000193,40,779,-739
123000194,541,347,194
123000195,225,21,204
123000196,267,11,256
123000197,69,126,-57
123000198,13,283,-270
123000199,2,632,-630
123000200,335,7,328
123000201,644,26,618
123000202,43,1606,-1563
123000203,730,66,664
123000204,80,1497,-1417
123000205,541,2668,-2127
123000206,1711,176,1535
123000207,81,1274,-1193
123000208,303,98,205
123000209,1528,386,1142
123000210,471,1922,-1451
123000211,693,3624,-2931
123000212,1865,398,1467
123000213,443,65,378
123000215,192,115,77
123000216,285,941,-656
123000217,226,31,195
123000218,133,485,-352
123000219,1617,56,1561
123000220,481,106,375
123000221,158,221,-63
123000222,314,993,-679
123000223,156,790,-634
123000224,300,770,-470
123000225,375,146,229
123000226,90,501,-411
123000227,41,455,-414
123000228,254,126,128
123000229,1344,2500,-1156
123000232,106,676,-570
123000233,584,235,349
123000234,141,903,-762
123000235,464,479,-15
123000236,235,1231,-996
123000237,193,84,109
123000238,90,967,-877
123000239,465,2815,-2350
123000240,68,369,-301
123000241,867,168,699
123000242,123,249,-126
123000243,545,1375,-830
123000244,884,626,258
123000245,80,209,-129
123000249,431,740,-309
123000252,645,203,442
123000253,704,566,138
123000254,571,1527,-956
123000255,886,868,18
123000256,30,355,-325
123000257,4364,2992,1372
123000258,1011,1503,-492
123000259,205,497,-292
123000260,396,902,-506
123000261,146,338,-192
123000262,83,306,-223
123000263,291,148,143
123000264,198,61,137
123000265,56,231,-175
123000266,532,980,-448
123000267,375,363,12
123000268,29,86,-57
123000269,28,57,-29
123000270,29,41,-12
123000271,62,94,-32
123000272,848,245,603
123000273,192,564,-372
123000274,1209,518,691
123000275,284,1291,-1007
123000278,4092,2728,1364
123000279,99,122,-23
123000280,364,422,-58
123000281,216,127,89
123000282,97,273,-176
123000283,92,35,57
123000284,29,181,-152
123000286,310,288,22
123000287,482,329,153
123000288,892,641,251
123000289,527,945,-418
123000291,455,1095,-640
123000294,171,222,-51
123000295,793,1178,-385
123000296,291,491,-200
123000297,207,991,-784
123000298,233,786,-553
123000299,22,317,-295
123000300,616,844,-228
123000301,60,180,-120
123000302,82,300,-218
123000303,84,130,-46
123000305,997,984,13
123000306,76,346,-270
123000309,47,95,-48
123000310,31,19,12
123000311,2,166,-164
123000312,846,1251,-405
123000313,243,278,-35
123000315,104,576,-472
123000316,1994,41,1953
123000317,245,64,181
123000318,28,346,-318
123000329,12,9,3
123000337,293,276,17
123000338,726,96,630
123000339,135,291,-156
123000340,130,577,-447
123000342,1,7,-6
123000343,78,2,76
123000344,1519,558,961
123000345,392,789,-397
123000346,172,97,75
123000352,2619,959,1660
123000353,22,107,-85
123000354,122,9,113
123000355,0,542,-542
123000356,170,8,162
123000357,1,407,-406
123000359,6,327,-321
123000360,191,22,169
123000361,745,360,385
123000362,252,209,43
123000363,74,343,-269
123000364,482,351,131
123000365,24,364,-340
123000366,298,1567,-1269
123000367,245,1560,-1315
123000370,31,420,-389
123000371,738,15,723
123000372,268,17,251
123000373,7,516,-509
123000374,11,322,-311
123000375,244,34,210
123000376,588,497,91
123000377,292,27,265
123000378,14,605,-591
123000379,3,263,-260
123000380,59,313,-254
123000381,197,42,155
123000382,1809,91,1718
123000383,317,881,-564
123000384,484,93,391
123000385,383,947,-564
123000436,67,958,-891
123000507,198,474,-276
123000508,401,628,-227
123000517,306,29,277
123000518,32,316,-284
123000519,168,95,73
123000520,69,284,-215
123000521,282,99,183
123000522,181,802,-621
123000541,4,0,4
123000542,0,34,-34
123000565,326,24,302
123000566,66,1051,-985
123000567,134,308,-174
123000573,40,1366,-1326
123000574,400,64,336
123000575,954,1911,-957
123000576,699,2780,-2081
123000577,102,695,-593
123000578,929,110,819
123000579,8140,3582,4558
123000580,112,22,90
123000582,300,49,251
123000583,20,836,-816
123000584,129,247,-118
123000585,0,156,-156
123000586,135,90,45
123000596,64,157,-93
123000597,63,106,-43
123000602,18,1,17
123000603,286,853,-567
123000604,347,1507,-1160
123000605,818,147,671
123000606,0,243,-243
123000609,28,391,-363
123000610,212,78,134
123000613,32,142,-110
123000614,162,60,102
123000615,18,156,-138
123000616,286,90,196
123000617,58,810,-752
123000618,65,1009,-944
123000619,542,30,512
123000620,14,792,-778
123000622,298,14,284
123000624,89,50,39
123000630,505,420,85
123000631,197,2326,-2129
123000632,1231,1554,-323
123000633,0,230,-230
123000634,86,55,31
123000635,253,122,131
123000636,7,801,-794
123000637,106,208,-102
123000638,418,131,287
123000639,1510,2206,-696
123000640,32,1445,-1413
123900001,1813,78,1735
123900002,22,1145,-1123
123900003,480,959,-479
123900005,177,145,32
123900006,224,35,189
124000001,1539,128,1411
124000002,137,2503,-2366
124000003,502,155,347
124000004,74,989,-915
124000005,740,284,456
124000006,337,2042,-1705
124000007,741,139,602
124000008,14,603,-589
124000009,219,386,-167
124000010,95,592,-497
124000011,823,443,380
124000012,327,1205,-878
124000017,95,89,6
124000018,112,109,3
124000019,65,101,-36
124000020,78,268,-190
124000021,88,75,13
124000022,108,306,-198
124000023,1148,1260,-112
124000024,1025,775,250
124000025,858,1283,-425
124000026,1413,1250,163
124000027,6030,3686,2344
124000028,3843,4670,-827
124000030,4213,1525,2688
124000031,880,1171,-291
124000032,6536,1251,5285
124000033,116,196,-80
124000034,3106,783,2323
124000035,18,127,-109
124000036,48,182,-134
124000037,392,515,-123
124000038,61,41,20
124000039,1228,362,866
124000040,797,741,56
124000041,342,77,265
124000042,100,523,-423
124000043,41,62,-21
124000044,24,393,-369
124000045,476,533,-57
124000046,294,926,-632
124000047,953,1042,-89
124000048,681,2622,-1941
124000049,1076,727,349
124000050,673,3179,-2506
124000051,413,492,-79
124000052,574,1832,-1258
124000053,480,1033,-553
124000054,892,936,-44
124000055,1158,1401,-243
124000056,4771,1866,2905
124000057,665,560,105
124000058,510,1861,-1351
124000059,494,693,-199
124000060,1398,1166,232
124000061,1598,3032,-1434
124000062,6549,1875,4674
124000063,1491,1769,-278
124000064,2830,2301,529
124000065,20,202,-182
124000066,140,52,88
124000067,79,384,-305
124000068,5,21,-16
124000069,47,18,29
124000070,37,182,-145
124000071,163,106,57
124000072,207,740,-533
124000073,673,111,562
124000074,242,1119,-877
124000075,126,26,100
124000076,8,390,-382
124000077,2076,695,1381
124000078,2567,580,1987
124000079,743,1281,-538
124000080,343,163,180
124000081,229,1046,-817
124000082,20,133,-113
124000083,50,230,-180
124000084,39,142,-103
124000085,107,46,61
124000086,55,110,-55
124000087,132,70,62
124000088,243,574,-331
124000089,424,417,7
124000090,81,505,-424
124000091,305,113,192
124000092,64,731,-667
124000093,83,101,-18
124000094,182,551,-369
124000095,77,96,-19
124000096,106,437,-331
124000097,61,93,-32
124000098,64,144,-80
124000099,106,124,-18
124000100,21,150,-129
124000101,49,114,-65
124000102,65,103,-38
124000103,40,86,-46
124000104,96,87,9
124000105,41,68,-27
124000106,156,122,34
124000107,9,111,-102
124000108,90,43,47
124000109,93,83,10
124000110,171,183,-12
124000111,209,152,57
124000112,493,1012,-519
124000113,57,89,-32
124000114,197,776,-579
124000115,288,1003,-715
124000116,83,100,-17
124000117,60,113,-53
124000118,36,61,-25
124000119,771,759,12
124000120,482,591,-109
124000121,1641,506,1135
124000122,631,1265,-634
124000123,1001,391,610
124000124,511,1040,-529
124000125,357,373,-16
124000126,316,656,-340
124000127,726,430,296
124000128,632,1205,-573
124000129,2146,1562,584
124000130,920,752,168
124000131,889,490,399
124000132,866,888,-22
124000133,745,917,-172
124000134,781,829,-48
124000135,1816,1833,-17
124000136,1076,1324,-248
124000137,1310,690,620
124000138,1605,1419,186
124000139,474,27,447
124000140,43,489,-446
124000141,63,7,56
124000142,33,176,-143
124000143,25,12,13
124000144,5,93,-88
124000145,93,29,64
124000146,39,156,-117
124000148,59,66,-7
124000149,856,358,498
124000150,432,694,-262
124000151,622,249,373
124000152,814,1393,-579
124000153,720,523,197
124000154,611,968,-357
124000155,1110,579,531
124000156,1645,1183,462
124000169,205,315,-110
124000170,731,537,194
124000171,215,243,-28
124000172,322,746,-424
124000173,270,322,-52
124000174,248,960,-712
124000175,15,195,-180
124000176,43,6,37
124000177,11,53,-42
124000178,34,29,5
124000190,78,26,52
124000191,222,44,178
124000192,2681,386,2295
124000193,571,1652,-1081
124000194,367,616,-249
124000195,261,518,-257
124000196,862,1419,-557
124000197,53,86,-33
124000198,26,23,3
124000201,391,1424,-1033
124000202,513,202,311
124000203,141,1301,-1160
124000204,416,763,-347
124000205,59,1018,-959
124000206,286,607,-321
124000207,0,56,-56
124000209,227,973,-746
124000210,167,251,-84
124000211,215,1,214
124000212,3,950,-947
124000213,248,499,-251
124000214,175,1143,-968
124000215,115,13,102
124000216,4,762,-758
124000329,91,3227,-3136
124000338,63,1805,-1742
124000339,417,139,278
124000341,506,102,404
124000344,12,5,7
124000357,778,1666,-888
124000358,607,969,-362
124000359,1107,491,616
124000360,517,372,145
124000361,1224,779,445
124000362,2202,2828,-626
124000363,362,678,-316
124000364,788,1397,-609
124000365,623,1568,-945
124000366,2375,1126,1249
124000367,121,784,-663
124000368,290,193,97
124000369,120,87,33
124000370,73,768,-695
124000402,19,9,10
124000403,36,9,27
124000404,6,117,-111
124000405,1146,771,375
124000406,996,926,70
124000407,7,39,-32
124000411,5,488,-483
124000412,272,16,256
124000413,226,52,174
124000414,53,174,-121
124000415,46,246,-200
124000416,126,392,-266
124000417,75,129,-54
124000418,101,135,-34
124000419,74,202,-128
124000420,50,71,-21
124000421,34,344,-310
124000422,18,8,10
124000423,121,49,72
124000424,1,126,-125
124000425,12,16,-4
124000426,1,59,-58
124000427,9,13,-4
124000428,19,45,-26
124000429,29,67,-38
124000430,593,1005,-412
124000431,289,950,-661
124000432,136,1116,-980
124000439,2,20,-18
124000442,4,222,-218
124000443,0,5,-5
124000445,96,206,-110
124000446,1791,47,1744
124900001,298,332,-34
124900002,106,661,-555
124900003,547,610,-63
124900004,339,405,-66
124900005,292,335,-43
124900006,533,475,58
124900008,1238,561,677
124900009,115,245,-130
124900010,107,50,57
124900011,335,140,195
124900012,478,67,411
124900013,333,116,217
124900014,155,115,40
124900015,107,229,-122
124900016,51,76,-25
124900017,1113,533,580
124900018,14,13,1
124900020,69,57,12
124900021,226,59,167
124900022,21,6,15
124900024,173,28,145
124900026,115,18,97
124900027,48,256,-208
124900028,923,149,774
124900029,14,366,-352
124900030,12,220,-208
124900031,58,574,-516
124900032,259,184,75
124900033,99,546,-447
124900034,13,150,-137
124900035,185,671,-486
124900036,0,48,-48
124900037,167,457,-290
124900038,421,412,9
124900039,1,20,-19
124900040,85,101,-16
124900041,219,1523,-1304
124900042,60,3,57
124900043,367,1458,-1091
124900044,68,4,64
124900045,951,1109,-158
124900046,2324,267,2057
124900047,110,265,-155
124900048,128,211,-83
124900050,141,389,-248
124900052,86,619,-533
124900053,69,560,-491
124900054,3815,388,3427
124900055,0,164,-164
124900057,22,135,-113
124900060,82,289,-207
124900061,17,6,11
124900062,62,36,26
124900066,0,21,-21
124900067,5,197,-192
124900068,209,362,-153
124900070,68,21,47
124900072,51,32,19
124900074,298,440,-142
124900075,90,246,-156
124900076,16,560,-544
124900077,38,133,-95
124900078,34,17,17
124900079,955,97,858
124900080,244,977,-733
124900081,568,260,308
124900082,410,1202,-792
124900083,207,689,-482
124900084,3245,118,3127
124900085,1408,244,1164
124900086,92,841,-749
124900087,783,80,703
124900088,883,129,754
124900089,1826,21,1805
124900090,240,247,-7
124900091,221,849,-628
124900092,172,623,-451
124900093,230,235,-5
124900094,220,252,-32
124900095,103,425,-322
124900096,591,230,361
124900097,218,84,134
124900098,98,611,-513
124900099,816,507,309
124900100,307,65,242
124900101,23,428,-405
124900102,175,32,143
124900103,86,429,-343
124900104,47,235,-188
124900105,61,168,-107
124900106,307,44,263
124900107,79,21,58
124900108,208,39,169
124900109,32,114,-82
124900110,193,560,-367
124900111,4,83,-79
124900112,38,1148,-1110
124900113,79,179,-100
124900114,196,55,141
124900115,102,40,62
124900116,90,115,-25
124900117,620,134,486
124900118,131,82,49
124900119,258,70,188
124900120,36,552,-516
124900121,166,243,-77
124900122,558,278,280
124900123,398,68,330
124900124,140,212,-72
129000186,111,61,50
204000001,23,4,19
204000002,10,3,7
204000003,37,1,36
204000004,3,2,1
204000005,360,345,15
204000006,954,1215,-261
204000011,9,79,-70
204000012,25,119,-94
204000013,2,33,-31
204000019,462,604,-142
204000020,462,790,-328
204000021,2128,818,1310
204000022,478,510,-32
204000023,460,1316,-856
204000031,56,24,32
204000032,437,33,404
204000034,37,348,-311
204000035,0,5,-5
204000036,6,18,-12
204000037,2,14,-12
204000038,0,11,-11
204000039,9,66,-57
204000040,6,36,-30
204000041,5,83,-78
204000042,26,20,6
204000043,30,2,28
204000044,31,10,21
204000045,47,7,40
204000046,35,24,11
204000057,2,83,-81
204000062,8,22,-14
204000068,13,192,-179
204000069,8,276,-268
204000070,49,98,-49
204000080,27,61,-34
204000085,1460,1807,-347
204000086,2869,2224,645
204000087,33,16,17
204000088,5,115,-110
204000090,11,475,-464
204000093,180,49,131
204000096,532,718,-186
204000097,256,14,242
204000099,879,1266,-387
204000100,1029,1153,-124
204000105,2291,1947,344
204000110,891,1513,-622
204000111,333,896,-563
204000112,962,1029,-67
204000113,424,1140,-716
204000114,658,646,12
204000115,395,394,1
204000116,1704,539,1165
204000119,1667,1920,-253
204000132,383,254,129
204000133,445,262,183
204000134,341,106,235
204000135,306,92,214
204000136,260,261,-1
204000138,231,302,-71
204000140,161,96,65
204000141,95,80,15
204000144,14,38,-24
204000145,435,40,395
204000146,16,626,-610
204000147,12,145,-133
204000148,307,21,286
204000154,6,1,5
204000155,4,10,-6
204000177,80,62,18
204000179,9,5,4
204000180,1,27,-26
204000222,7,50,-43
204000235,11,23,-12
204000236,103,428,-325
204000238,22,26,-4
204000240,322,81,241
204000263,353,1220,-867
204000268,1111,534,577
204000308,204,27,177
204000317,7,65,-58
204000322,7,53,-46
204000323,33,9,24
204000328,229,56,173
204000329,43,128,-85
204000330,144,24,120
204000331,19,160,-141
204010341,12,343,-331
205000001,1242,1516,-274
205000013,13,89,-76
205000014,10,109,-99
205000015,35,303,-268
205000016,13,228,-215
205000017,27,122,-95
205000022,312,634,-322
205000025,1718,1054,664
205000029,196,2,194
205000045,104,228,-124
205000046,84,520,-436
205000047,107,551,-444
205000048,260,1033,-773
205000049,136,796,-660
205000050,920,326,594
205000059,4,346,-342
205000060,1,67,-66
205000061,2,48,-46
205000062,3,47,-44
205000063,14,85,-71
205000064,18,142,-124
205000065,73,845,-772
205000066,89,968,-879
205000067,47,1179,-1132
205000069,158,13,145
205000082,151,245,-94
205000110,66,220,-154
205000111,195,244,-49
205000112,119,201,-82
205000113,227,316,-89
205000121,218,56,162
205000123,49,257,-208
205000126,307,126,181
205000127,647,191,456
205000128,481,91,390
205000129,512,101,411
205000130,341,43,298
205000131,536,4,532
205000132,378,1,377
205000133,210,1,209
205000134,210,0,210
205000137,92,155,-63
205000138,248,318,-70
205000139,41,120,-79
205000144,67,52,15
205000145,331,173,158
205000151,136,47,89
205000152,169,32,137
205000153,144,40,104
205000154,80,77,3
205000155,90,9,81
205000207,10,168,-158
205000233,7,0,7
205000234,0,0,0
205000243,0,1,-1
205000244,0,5,-5
205000245,12,330,-318
205000249,0,61,-61
205000250,3,1,2
205000264,3,82,-79
206000027,11,6,5
206000028,3,1,2
206000043,15,163,-148
206000053,4,20,-16
206000054,2,34,-32
206000055,0,44,-44
206000075,7,4,3
206000076,8,8,0
206000077,10,6,4
206000078,3,1,2
206000079,3,3,0
206000082,561,14,547
206000100,91,956,-865
206000103,4,31,-27
206000104,4,39,-35
206000105,6,39,-33
206000106,4,33,-29
206000108,635,18,617
206000125,58,0,58
206000157,77,937,-860
206000170,0,437,-437
206000171,1,417,-416
206000172,17,1569,-1552
206000173,1,528,-527
206000174,10,236,-226
206000175,3,276,-273
206000176,8,615,-607
206000177,3,405,-402
206000178,3,319,-316
206000179,7,206,-199
206000180,12,268,-256
206000181,21,515,-494
206000182,10,476,-466
206000183,41,1457,-1416
206000184,4,768,-764
206000185,5,597,-592
206000186,137,2549,-2412
206000223,3,512,-509
206000226,25,0,25
206000227,37,2,35
206000237,26,653,-627
206000238,56,935,-879
206000239,676,3661,-2985
206000240,5,74,-69
206000241,1,197,-196
206000242,9,840,-831
206000243,10,726,-716
206000244,57,1702,-1645
206000245,290,36,254
206000246,72,8,64
206000247,93,10,83
206000248,249,11,238
206000252,63,14,49
206000258,14,60,-46
206000315,38,3,35
206000317,270,69,201
206000318,224,30,194
206000319,513,67,446
206000320,73,29,44
206000321,71,13,58
206000322,183,9,174
206000323,98,5,93
206000324,62,3,59
206000325,115,11,104
206000326,99,8,91
206000327,140,12,128
206000328,44,3,41
206000329,87,3,84
206000330,34,5,29
206000331,111,6,105
206000332,14,6,8
206000333,215,6,209
206000334,141,2,139
206000335,0,18,-18
206000361,3,262,-259
206000392,2,50,-48
206000405,96,0,96
206000441,15,19,-4
206000498,41,7,34
206000515,127,27,100
206000530,95,50,45
206000531,113,70,43
206000532,3619,78,3541
206000535,704,2623,-1919
206000536,28,304,-276
206000537,10,195,-185
206000613,1546,183,1363
207000001,154,474,-320
207000002,94,395,-301
207000003,111,234,-123
207000007,575,274,301
207000008,63,8,55
207000009,50,40,10
207000010,525,783,-258
207000012,235,254,-19
207000015,379,2250,-1871
207000019,147,68,79
207000021,563,148,415
207000022,104,108,-4
207000023,146,45,101
207000024,2,22,-20
207000025,10,48,-38
207000026,119,54,65
207000027,10,86,-76
207000028,103,268,-165
207000029,283,530,-247
207000033,215,260,-45
207000034,207,61,146
207000039,261,133,128
207000040,174,136,38
207000041,71,49,22
207000042,206,70,136
207000043,185,176,9
207000051,123,564,-441
207000052,35,324,-289
207000053,427,682,-255
207000054,52,147,-95
207000055,88,211,-123
207000056,275,455,-180
207000057,116,330,-214
207000058,82,534,-452
207000059,57,934,-877
207000060,33,281,-248
207000061,156,173,-17
207000062,129,41,88
207000063,119,131,-12
207000064,401,185,216
207000065,275,211,64
207000066,95,214,-119
207000067,36,116,-80
207000068,91,63,28
207000069,605,396,209
207000082,29,463,-434
207000083,70,581,-511
207000084,130,254,-124
207000085,146,10,136
207000086,115,11,104
207000106,42,35,7
207000107,63,30,33
207000108,47,6,41
207000109,36,16,20
207000110,50,60,-10
207000111,68,79,-11
207000112,247,329,-82
207000114,5,55,-50
207000115,27,136,-109
207000116,12,427,-415
207000117,7,171,-164
207000118,4,166,-162
207000119,21,194,-173
207000123,197,30,167
207000124,43,32,11
207000125,42,30,12
207000126,88,47,41
207000134,41,288,-247
207000135,18,431,-413
207000148,44,206,-162
207000149,58,56,2
207000152,164,444,-280
207000153,1495,1240,255
207000154,570,109,461
207000159,83,466,-383
207000160,119,1038,-919
207000238,0,94,-94
207000242,3,232,-229
207000248,52,43,9
207000249,179,106,73
207000250,1087,100,987
207000251,66,96,-30
207000252,53,112,-59
207000278,48,81,-33
207000279,21,391,-370
207000280,234,65,169
207000281,88,1776,-1688
207000282,159,39,120
207000283,155,311,-156
207000284,63,97,-34
207000285,184,41,143
207000291,16,175,-159
207000304,78,57,21
207000306,50,581,-531
207000310,50,72,-22
207000353,216,5,211
207000356,7,26,-19
207000357,6,3,3
207000358,12,12,0
207000415,2,205,-203
207000417,24,5,19
207000418,29,170,-141
207000438,0,3,-3
207000439,1357,369,988
207000446,130,1,129
207000460,6,14,-8
207000466,171,299,-128
207000467,104,103,1
207000468,22,791,-769
207000476,7,112,-105
207000477,411,123,288
207000478,0,4,-4
207000523,0,19,-19
207000524,46,16,30
207000527,118,162,-44
207000530,249,5,244
207000531,229,8,221
207000532,92,26,66
207000534,611,36,575
207000535,38,327,-289
207000537,31,156,-125
207000540,8,222,-214
207000541,2,379,-377
207000548,11,381,-370
207000549,224,9,215
207000561,109,187,-78
207000562,38,235,-197
207000567,149,305,-156
207000568,72,149,-77
207000569,247,1569,-1322
207000584,434,275,159
207000585,89,286,-197
207000616,1,266,-265
207000617,123,1,122
207900008,104,371,-267
208000001,443,662,-219
208000002,438,493,-55
208000003,752,437,315
208000004,1074,689,385
208000005,6,35,-29
208000019,498,1035,-537
208000020,166,510,-344
208000021,139,724,-585
208000022,631,908,-277
208000028,1786,1208,578
208000033,380,873,-493
208000034,1209,2036,-827
208000040,217,218,-1
208000041,866,544,322
208000042,941,621,320
208000047,96,535,-439
208000064,2972,1347,1625
208000066,1644,1085,559
208000070,232,431,-199
208000071,299,1011,-712
208000072,288,1441,-1153
208000080,166,387,-221
208000081,162,156,6
208000082,218,358,-140
208000083,120,465,-345
208000084,24,13,11
208000085,956,587,369
208000086,444,949,-505
208000087,306,871,-565
208000089,739,782,-43
208000090,602,1353,-751
208000093,66,110,-44
208000094,375,663,-288
208000095,528,424,104
208000104,922,1027,-105
208000105,732,1028,-296
208000114,66,226,-160
208000115,597,465,132
208000116,281,1031,-750
208000117,56,139,-83
208000118,47,105,-58
208000155,582,1094,-512
208000158,1698,3444,-1746
208000186,4015,2544,1471
208000204,418,1124,-706
208000205,936,1593,-657
208000282,4913,2043,2870
209000004,168,236,-68
209000005,29,34,-5
209000006,543,89,454
209000007,303,281,22
209000010,731,185,546
209000011,173,235,-62
209000012,99,210,-111
209000013,206,664,-458
209000014,722,2025,-1303
209000025,227,27,200
209000026,523,120,403
209000027,407,1299,-892
209000028,309,1401,-1092
209000029,684,1115,-431
209000030,630,2125,-1495
209000031,4546,3481,1065
209000034,121,125,-4
209000035,93,104,-11
209000036,107,84,23
209000037,104,146,-42
209000038,43,169,-126
209000039,45,171,-126
209000040,231,476,-245
209000041,191,456,-265
209000042,229,430,-201
209000043,752,666,86
209000044,242,591,-349
209000045,963,514,449
209000046,300,541,-241
209000047,227,224,3
209000048,436,301,135
209000049,100,139,-39
209000050,173,227,-54
209000051,233,395,-162
209000052,145,405,-260
209000062,41,265,-224
209000063,22,151,-129
209000064,28,169,-141
209000065,42,27,15
209000066,16,28,-12
209000067,65,73,-8
209000080,29,190,-161
209000082,45,34,11
209000091,43,111,-68
209000093,135,54,81
209000094,243,219,24
209000110,32,71,-39
209000111,376,1041,-665
209000112,597,445,152
209000113,1323,436,887
209000114,287,323,-36
209000115,73,215,-142
209000116,727,796,-69
209000118,26,36,-10
209000119,46,9,37
209000121,183,860,-677
209000135,45,71,-26
209000142,701,1014,-313
209000143,197,126,71
209000144,97,112,-15
209000229,181,195,-14
209000240,53,518,-465
209000259,93,131,-38
209000260,108,1338,-1230
209000261,10,819,-809
209000262,6,686,-680
209000263,1,203,-202
209000264,0,148,-148
209000265,470,7,463
209000266,97,1,96
209000267,980,17,963
209000268,575,70,505
210000037,52,27,25
210000047,57,40,17
210000048,61,42,19
210000049,46,47,-1
210000052,35,159,-124
210000053,30,116,-86
210000054,56,117,-61
210000070,117,3,114
210000071,37,0,37
210000072,22,0,22
210000073,0,41,-41
210000074,3,133,-130
210000075,1,75,-74
210000076,3,157,-154
210000077,24,50,-26
210000078,34,44,-10
210000079,41,9,32
210000080,141,46,95
210000081,169,14,155
210000082,40,0,40
210000083,68,0,68
210000084,51,0,51
210000085,0,80,-80
210000086,4,118,-114
210000099,37,309,-272
210000100,38,264,-226
210000101,76,240,-164
210000105,50,276,-226
210000159,1,199,-198
210000163,186,274,-88
210000164,403,149,254
210000168,148,32,116
210000187,0,8,-8
210000188,0,15,-15
210000214,141,0,141
210000219,28,53,-25
210000220,44,90,-46
210000232,5,21,-16
210000233,20,58,-38
210000234,42,152,-110
210000235,39,148,-109
210000245,2,44,-42
210000246,46,0,46
210000258,10,113,-103
210000259,272,27,245
210000282,67,235,-168
210000285,2,135,-133
210000286,11,196,-185
210000290,1,3,-2
210000295,38,178,-140
210000296,42,63,-21
210000320,165,125,40
210000321,93,124,-31
210000338,66,123,-57
210000339,658,951,-293
210000340,95,278,-183
210000341,165,279,-114
210000342,134,225,-91
210000343,123,213,-90
210000344,225,121,104
210000345,239,216,23
210000346,108,107,1
210000347,239,46,193
210000348,185,29,156
210000349,98,21,77
210000350,122,69,53
210000351,81,115,-34
210000352,40,84,-44
210000353,41,102,-61
210000354,98,115,-17
210000355,55,89,-34
210000356,77,71,6
210000357,50,56,-6
210000358,306,128,178
210000359,147,56,91
210000360,166,121,45
210000361,150,141,9
210000362,260,196,64
210000363,1094,156,938
210000364,121,162,-41
210000365,89,47,42
210000366,112,59,53
210000367,72,30,42
210000368,125,27,98
210000369,28,17,11
210000370,81,53,28
210000372,24,33,-9
210000373,95,12,83
210000374,39,22,17
210000375,27,81,-54
210000376,59,132,-73
210000404,123,156,-33
210000439,51,82,-31
210000472,105,7,98
210000482,57,77,-20
210000564,687,211,476
210000567,0,11,-11
210000568,661,2,659
211000092,14,118,-104
211000094,17,4,13
211000169,176,17,159
211000172,19,243,-224
211000209,4,39,-35
211000226,3,2,1
211000270,5,2,3
211000275,6,40,-34
211000276,35,49,-14
211000279,11,65,-54
211000281,35,98,-63
211507980,8,43,-35
211977296,28,12,16
212000003,114,53,61
212000004,99,12,87
212000005,37,18,19
212000006,29,96,-67
212000008,149,243,-94
212000009,21,178,-157
212000012,32,87,-55
212000013,9,66,-57
212000014,219,202,17
212000015,181,298,-117
212000016,436,584,-148
212000027,378,578,-200
212000028,266,503,-237
212000029,159,331,-172
212000030,19,41,-22
212000031,46,50,-4
212000048,34,97,-63
212000049,6,70,-64
212000050,12,6,6
212000051,118,235,-117
212000052,134,445,-311
212000053,318,634,-316
212000054,135,159,-24
212000055,180,301,-121
212000056,18,57,-39
212000057,13,52,-39
212000058,446,60,386
212000070,87,355,-268
212000077,73,655,-582
212000099,239,302,-63
212000108,167,169,-2
212000111,123,183,-60
212000120,155,128,27
212000138,78,26,52
212000156,2,114,-112
212000158,11,18,-7
212000159,285,83,202
212000160,473,270,203
212000161,32,10,22
212000310,20,39,-19
212000311,3,106,-103
212000374,19,11,8
213000001,18,985,-967
213000005,328,105,223
213000006,1057,166,891
213000007,113,18,95
213000009,645,296,349
213000010,166,233,-67
213000011,187,126,61
213000012,112,446,-334
213000014,35,12,23
213000015,170,4,166
213000016,195,0,195
213000017,27,0,27
213000018,1,297,-296
213000019,4,202,-198
213000020,109,500,-391
213000021,3,119,-116
213000023,280,189,91
213000033,249,1034,-785
213000034,581,420,161
213000035,88,204,-116
213000045,103,277,-174
213000046,131,229,-98
213000047,514,970,-456
213000056,38,22,16
213000069,74,0,74
213000073,4,31,-27
213000074,215,713,-498
213000075,610,23,587
213000076,19,1,18
213000085,4,39,-35
213000086,21,231,-210
213000091,115,16,99
213000092,62,14,48
213000099,169,953,-784
213000100,1224,194,1030
213000101,180,180,0
213000102,258,515,-257
213000103,707,1021,-314
213000104,74,730,-656
213000105,1,67,-66
213000106,11,239,-228
213000107,109,951,-842
213000108,12,757,-745
213000109,10,362,-352
213000110,28,69,-41
213000111,9,83,-74
213000112,191,134,57
213000115,25,8,17
213000116,158,1081,-923
213000117,8,1432,-1424
213000118,267,351,-84
213000119,58,1044,-986
213000120,88,923,-835
213000122,176,1062,-886
213000123,807,2235,-1428
213000124,91,2169,-2078
213000125,138,13,125
213000126,98,78,20
213000127,253,181,72
213000128,995,838,157
213000129,620,333,287
213000130,291,161,130
213000132,244,79,165
213000133,281,112,169
213000134,633,28,605
213000136,345,26,319
213000137,465,97,368
213000139,250,12,238
213000147,98,2,96
213000148,16,9,7
213000149,23,7,16
213000150,0,104,-104
213000151,2,99,-97
213000152,4,96,-92
213000153,3,64,-61
213000154,25,248,-223
213000155,35,433,-398
213000156,114,789,-675
213000157,580,638,-58
213000158,303,1025,-722
213000159,434,612,-178
213000163,440,81,359
213000165,751,189,562
213000171,1,167,-166
213000172,3,426,-423
213000173,4,443,-439
213000174,2,355,-353
213000175,9,287,-278
213000176,47,15,32
213000177,31,8,23
213000178,59,7,52
213000179,104,0,104
213000180,89,0,89
213000184,123,616,-493
213000188,305,86,219
213000189,224,50,174
213000190,779,1028,-249
213000191,213,608,-395
213000192,113,685,-572
213000193,1543,231,1312
213000194,0,45,-45
213000195,17,482,-465
213000196,164,1186,-1022
213000197,243,453,-210
213000198,52,1,51
213000200,109,1482,-1373
213000201,81,46,35
213000202,19,901,-882
213000203,3393,478,2915
213000204,443,55,388
213000205,218,102,116
213000206,652,56,596
213000207,127,4,123
213000208,140,0,140
213000209,124,2,122
213000210,264,0,264
213000211,18,13,5
213000212,11,25,-14
213000213,10,24,-14
213000218,222,1155,-933
213000219,398,23,375
213000220,302,20,282
213000223,169,118,51
213000224,52,17,35
213000225,73,8,65
213000226,54,14,40
213000227,451,207,244
213000228,187,49,138
213000229,459,11,448
213000230,246,17,229
213000232,88,401,-313
213000233,12,32,-20
213000234,8,38,-30
213000293,12,56,-44
213000294,161,15,146
213000295,6,112,-106
213000296,83,21,62
213000297,6,124,-118
213000298,25,129,-104
213000299,51,41,10
213000300,4,2,2
213000303,5,26,-21
213000304,0,4,-4
213000305,4,17,-13
213000306,70,40,30
213000307,363,112,251
213000308,117,451,-334
213000309,226,55,171
213000310,286,110,176
213000311,362,842,-480
213000315,66,239,-173
213000316,71,69,2
213000322,124,259,-135
213000323,61,136,-75
213000324,64,169,-105
213000325,39,226,-187
213000326,38,102,-64
213000327,42,187,-145
213000328,22,142,-120
213000329,57,107,-50
213000340,95,1150,-1055
213000341,229,92,137
213000347,1143,176,967
213000348,14,250,-236
213000349,47,16,31
213000350,302,1834,-1532
213000366,48,408,-360
213000367,150,30,120
213000379,161,338,-177
213000386,13,266,-253
213000406,97,487,-390
213000417,1307,500,807
213000425,135,54,81
213000426,66,98,-32
213000427,30,586,-556
213000428,23,327,-304
213000429,6,2,4
213000430,127,1387,-1260
213000431,31,1,30
213000432,1,12,-11
213000433,16,192,-176
213000434,54,152,-98
213000435,71,147,-76
213000436,20,105,-85
213000437,1,86,-85
213000438,111,154,-43
213000439,67,14,53
213000440,18,265,-247
213000441,0,2,-2
213000442,2,115,-113
213000443,398,500,-102
213000444,23,120,-97
213000445,0,125,-125
213000446,0,11,-11
213000447,3,20,-17
213000448,6,78,-72
213000449,212,2,210
213000450,16,54,-38
213000451,205,117,88
213000452,5,18,-13
213000453,44,426,-382
213000455,455,34,421
213000456,2,259,-257
213000481,12,5,7
213000484,36,4,32
213000489,659,55,604
213900002,1,92,-91
213900003,303,30,273
213900013,1,243,-242
213900015,0,11,-11
213900016,11,13,-2
213900020,10,247,-237
213900030,1,109,-108
213900032,230,81,149
213900033,93,42,51
213900034,274,138,136
213900035,121,1019,-898
213900036,107,369,-262
213900037,29,465,-436
213900038,301,296,5
213900039,0,158,-158
213900041,1,115,-114
213900042,239,114,125
213900043,205,177,28
213900244,18,0,18
213900245,0,52,-52
218000003,23,20,3
218000004,78,19,59
218000005,38,69,-31
218000006,76,28,48
218000007,30,29,1
218000012,240,119,121
218000013,80,127,-47
218000014,532,451,81
218000019,803,539,264
218000020,254,463,-209
218000021,74,172,-98
218000022,13,54,-41
218000023,4,59,-55
218000024,1,24,-23
218000025,6,47,-41
218000026,11,88,-77
218000027,2,41,-39
218000028,3,11,-8
218000029,0,6,-6
218000030,12,35,-23
218000031,3,63,-60
218000032,4,41,-37
218000040,9,5,4
218000046,55,295,-240
218000047,7,321,-314
218000048,99,342,-243
218000049,345,309,36
218000050,591,486,105
218000051,131,502,-371
218000052,1,168,-167
218000053,11,16,-5
218000054,48,53,-5
218000055,14,22,-8
218000056,15,64,-49
218000057,0,63,-63
218000064,1,9,-8
218000065,53,67,-14
218000066,8,43,-35
218000067,38,73,-35
218000068,89,116,-27
218000069,110,197,-87
218000070,116,337,-221
218000071,150,293,-143
218000072,255,224,31
218000078,601,1641,-1040
218000079,57,117,-60
218000080,59,83,-24
218000081,261,318,-57
218000082,18,166,-148
218000083,38,65,-27
218000084,88,311,-223
218000085,96,714,-618
218000086,43,238,-195
218000087,156,327,-171
218000090,12,132,-120
218000091,769,531,238
218000092,37,153,-116
218000093,69,109,-40
218000094,494,917,-423
218000099,278,520,-242
218000100,177,276,-99
218000101,184,164,20
218000102,185,366,-181
218000103,94,215,-121
218000104,41,51,-10
218000105,20,6,14
218000106,16,12,4
218000107,29,89,-60
218000108,7,74,-67
218000112,43,16,27
218000117,29,30,-1
218000134,628,1192,-564
218000135,48,156,-108
218000136,259,83,176
218000137,160,173,-13
218000138,24,103,-79
218000139,140,417,-277
218000140,226,199,27
218000141,63,100,-37
218000142,123,246,-123
218000143,96,304,-208
218000144,81,97,-16
218000145,210,504,-294
218000146,69,182,-113
218000151,4,19,-15
218000152,76,67,9
218000153,2,7,-5
218000154,4,1,3
218000155,12,1,11
218000156,61,22,39
218000157,14,12,2
218000158,6,5,1
218000159,0,2,-2
218000160,3,8,-5
218000161,16,9,7
218000162,14,12,2
218000163,5,5,0
218000164,29,17,12
218000165,24,29,-5
218000170,2,28,-26
218000171,56,24,32
218000172,9,52,-43
218000173,79,43,36
218000174,16,15,1
218000176,119,24,95
218000177,474,145,329
218000178,116,145,-29
218000179,65,42,23
218000180,52,14,38
218000181,107,59,48
218000187,4,31,-27
218000188,68,77,-9
218000189,26,84,-58
218000190,5,41,-36
218000191,75,107,-32
218000192,137,696,-559
218000193,365,734,-369
218000194,79,736,-657
218000195,133,119,14
218000196,222,269,-47
218000197,202,429,-227
218000198,6,162,-156
218000199,38,38,0
218000200,136,80,56
218000201,18,16,2
218000202,132,166,-34
218000207,11,92,-81
218000208,40,101,-61
218000211,61,22,39
218000212,0,7,-7
218000213,115,69,46
218000214,3,17,-14
218000215,74,136,-62
218000217,5,161,-156
218000218,416,131,285
218000219,38,17,21
218000220,139,448,-309
218000221,731,174,557
218000222,90,26,64
218000223,51,231,-180
218000224,13,93,-80
218000225,212,22,190
218000226,101,82,19
218000230,0,10,-10
218000232,38,80,-42
218000239,94,16,78
218000240,48,1,47
218000241,17,2,15
218000242,34,0,34
218000243,32,1,31
218000244,11,4,7
218000245,11,2,9
218000246,0,0,0
218000247,0,0,0
218000248,0,25,-25
218000249,0,2,-2
218000250,4,27,-23
218000251,2,14,-12
218000252,14,19,-5
218000253,16,12,4
218000254,1,17,-16
218000255,1,13,-12
218000256,7,54,-47
218000267,1009,1377,-368
218000268,9,81,-72
218000269,5,20,-15
218000270,20,54,-34
218000271,23,77,-54
218000273,7,10,-3
218000274,7,7,0
218000275,12,50,-38
218000276,15,96,-81
218000278,4,27,-23
218000279,9,32,-23
218000280,17,17,0
218000281,20,14,6
218000282,449,181,268
218000284,79,8,71
218000301,62,157,-95
218000302,106,75,31
218000303,92,57,35
218000316,635,1129,-494
218000317,597,1318,-721
218000318,300,1058,-758
218000319,693,2074,-1381
218000320,500,826,-326
218000338,65,22,43
218000345,89,45,44
218000346,31,208,-177
218000459,65,478,-413
218000490,34,99,-65
218000501,48,29,19
218000502,59,99,-40
218000503,52,16,36
218000504,121,22,99
218000505,47,131,-84
218000506,30,170,-140
218000508,1,0,1
218000510,175,8,167
218000520,158,128,30
218000521,9,91,-82
218000522,0,178,-178
218000523,77,2,75
218000524,69,173,-104
218000525,113,16,97
218000526,41,87,-46
218000529,27,344,-317
218000530,12,3,9
218000531,10,23,-13
218000532,12,36,-24
218000534,60,1,59
218000537,28,51,-23
218000538,222,179,43
218000540,533,90,443
218000543,78,66,12
218000544,65,162,-97
218000545,25,78,-53
218000546,44,125,-81
218000547,96,118,-22
218000548,136,227,-91
218000549,286,186,100
218000550,200,755,-555
218000551,186,505,-319
218000552,569,46,523
218000553,34,109,-75
218000554,12,16,-4
218000555,19,55,-36
218000556,68,539,-471
218000557,170,122,48
218000558,119,52,67
218000559,0,21,-21
218000560,0,14,-14
218000561,8,0,8
218000562,17,241,-224
218000563,152,42,110
218000564,7,113,-106
218000565,207,23,184
218000566,576,43,533
218000567,7,79,-72
218000568,22,4,18
218000569,17,164,-147
218000570,164,2,162
218000571,0,139,-139
218000572,100,4,96
218000573,8,105,-97
218000574,173,75,98
218000575,111,0,111
218000576,0,48,-48
218000577,78,2,76
218000578,1,65,-64
218000579,83,8,75
218000581,3,95,-92
218000582,30,7,23
218000583,36,1,35
218000584,1,23,-22
218000585,23,9,14
218000586,6,32,-26
218000587,0,4,-4
218000588,0,4,-4
218000589,0,4,-4
218000590,2,0,2
218000591,16,3,13
218000592,12,2,10
218000593,0,2,-2
218000594,0,2,-2
218000595,0,0,0
218000596,0,0,0
218000597,0,1,-1
218000598,0,0,0
218000599,0,0,0
218000600,0,1,-1
218000601,0,0,0
218000602,0,4,-4
218000603,0,2,-2
218000604,9,1,8
218000605,0,46,-46
218000606,56,1,55
218000607,13,32,-19
218000608,51,14,37
218000609,3,54,-51
218000610,44,0,44
218000611,19,1,18
218000612,2,26,-24
218000613,37,3,34
218000614,0,57,-57
218000615,96,2,94
218000616,3,158,-155
218000617,12,0,12
218000618,2,18,-16
218000619,27,30,-3
218000620,4,137,-133
218000621,0,4,-4
218000622,1,27,-26
218000623,8,0,8
218000624,6,24,-18
218000625,20,0,20
218000626,2,8,-6
218000628,52,30,22
218000631,13,14,-1
218000632,0,123,-123
218000633,34,0,34
218000634,50,19,31
218000635,62,10,52
218000636,677,2029,-1352
218000637,1118,817,301
218000638,159,50,109
218000639,31,368,-337
218000640,133,25,108
218000641,78,623,-545
218000652,169,169,0
218000653,202,81,121
218000663,5,143,-138
218000675,44,58,-14
218000676,1,44,-43
218000677,1,8,-7
218000680,198,750,-552
218000681,204,72,132
218000691,84,564,-480
218000693,79,85,-6
218000703,12,93,-81
218000718,1187,526,661
218000719,1635,151,1484
218000720,6,45,-39
218000721,56,23,33
218000725,12,9,3
218001214,21,37,-16
218001329,66,78,-12
218001330,72,86,-14
218001351,13,13,0
218001352,11,8,3
218001353,13,7,6
218001354,2,10,-8
219000001,34,78,-44
219000002,23,66,-43
219000003,33,42,-9
219000004,48,48,0
219000017,138,17,121
219000020,84,37,47
219000022,79,5,74
219000023,102,0,102
219000029,0,100,-100
219000034,37,18,19
219000039,37,92,-55
219000040,32,27,5
219000041,68,35,33
219000051,0,77,-77
219000052,0,36,-36
219000053,3,307,-304
219000054,364,478,-114
219000055,68,0,68
219000056,18,1,17
219000057,48,0,48
219000062,18,332,-314
219000063,47,4,43
219000064,3,38,-35
219000110,302,37,265
219000111,99,28,71
219000112,193,49,144
219000113,70,42,28
219000114,271,65,206
219000116,39,32,7
219000117,179,64,115
219000118,91,79,12
219000123,224,114,110
219000124,79,71,8
219000125,9,21,-12
219000126,73,132,-59
219000127,0,2,-2
219000128,30,150,-120
219000129,31,146,-115
219000130,1049,886,163
219000131,791,820,-29
219000133,32,22,10
219000134,6,12,-6
219000135,34,56,-22
219000136,101,147,-46
219000138,53,13,40
219000139,16,42,-26
219000140,15,1,14
219000141,20,148,-128
219000142,10,97,-87
219000143,7,127,-120
219000145,15,74,-59
219000146,9,80,-71
219000147,1,93,-92
219000148,7,77,-70
219000149,27,281,-254
219000150,2,227,-225
219000151,6,188,-182
219000157,125,141,-16
219000158,133,258,-125
219000161,153,7,146
219000163,1660,449,1211
219000166,74,235,-161
219000167,107,270,-163
219000168,298,66,232
219000174,219,122,97
219000175,49,5,44
219000176,53,7,46
219000177,22,8,14
219000178,16,1,15
219000179,13,13,0
219000180,43,37,6
219000182,110,11,99
219000183,29,67,-38
219000184,32,5,27
219000185,0,127,-127
219000186,17,83,-66
219000187,10,180,-170
219000189,202,150,52
219000190,133,218,-85
219000191,1808,1119,689
219000192,136,145,-9
219000193,694,186,508
219000195,1,60,-59
219000196,11,160,-149
219000198,27,174,-147
219000199,110,214,-104
219000200,28,192,-164
219000201,70,333,-263
219000203,43,194,-151
219000204,92,279,-187
219000205,26,279,-253
219000207,170,346,-176
219000209,23,92,-69
219000210,56,128,-72
219000213,10,364,-354
219000239,153,234,-81
219000240,194,402,-208
219000241,82,334,-252
219000242,49,266,-217
219000243,76,401,-325
219000244,8,82,-74
219000245,96,45,51
219000246,29,17,12
219000247,58,34,24
219000248,409,275,134
219000249,90,65,25
219000250,123,129,-6
219000251,419,114,305
219000252,200,120,80
219000253,217,46,171
219000255,43,78,-35
219000256,108,77,31
219000257,90,0,90
219000262,90,292,-202
219000263,43,273,-230
219000267,8,186,-178
219000268,1,6,-5
219000269,6,1,5
219000270,9,0,9
219000271,67,4,63
219000278,0,9,-9
219000279,2,5,-3
219000283,0,4,-4
219000295,9,138,-129
219000296,76,666,-590
219000297,6,197,-191
219000298,13,303,-290
219000299,401,72,329
219000300,23,390,-367
219000301,158,359,-201
219000302,26,230,-204
219000307,39,55,-16
219000308,39,28,11
219000311,109,41,68
219000312,369,31,338
219000313,215,29,186
219000314,105,683,-578
219000315,144,33,111
219000316,319,50,269
219000317,62,20,42
219000320,0,49,-49
219000321,0,30,-30
219000323,10,161,-151
219000325,0,36,-36
219000326,65,128,-63
219000327,51,25,26
219000328,21,35,-14
219000329,276,93,183
219000330,42,30,12
219000331,25,22,3
219000332,55,68,-13
219000333,9,2,7
219000335,96,1,95
219000337,4,1,3
219000338,59,1,58
219000344,29,88,-59
219000345,83,141,-58
219000346,29,175,-146
219000348,70,198,-128
219000349,60,362,-302
219000350,66,117,-51
219000351,16,5,11
219000352,276,61,215
219000353,83,42,41
219000354,102,123,-21
219000355,79,18,61
219000356,2255,600,1655
219000363,337,26,311
219000364,84,20,64
219000365,86,16,70
219000366,187,184,3
219000368,406,347,59
219000370,1216,184,1032
219000371,11,8,3
219000382,3,16,-13
219000383,778,809,-31
219000385,838,521,317
219000386,1180,1609,-429
219000387,2,2,0
219000390,7,1,6
219000391,2,0,2
219000397,85,113,-28
219000398,73,37,36
219000401,7,98,-91
219000402,16,87,-71
219000403,83,143,-60
219000404,16,87,-71
219000407,3,49,-46
219000409,47,41,6
219000410,52,28,24
219000411,39,14,25
219000446,216,543,-327
219000447,3,19,-16
219000448,8,7,1
219000452,99,63,36
219000453,78,116,-38
219000454,296,141,155
219000556,143,95,48
219000558,167,473,-306
219000590,8,267,-259
219000591,24,60,-36
219000592,115,456,-341
219000595,1,58,-57
219000635,72,20,52
219000636,11,96,-85
219000657,26,16,10
219000658,12,90,-78
219000673,0,7,-7
219000676,12,1,11
219000679,80,20,60
219000684,84,4,80
219000685,1,120,-119
219000686,4,1,3
219000688,1,99,-98
219000689,42,228,-186
219000690,214,28,186
219000691,76,127,-51
219000692,186,33,153
219000693,0,39,-39
219000694,9,0,9
219000695,37,2,35
219000698,5,0,5
219000699,0,12,-12
219000727,7,311,-304
219000728,70,0,70
219000770,18,1,17
219000771,0,37,-37
219001150,1,21,-20
219001151,0,4,-4
219001166,6,13,-7
219001167,0,49,-49
220000001,55,52,3
220000002,12,211,-199
220000003,404,307,97
220000004,616,684,-68
220000005,1627,1960,-333
220000006,161,1024,-863
220000007,301,806,-505
220000008,318,1192,-874
220000009,146,576,-430
220000010,171,164,7
220000011,791,2855,-2064
220000012,253,283,-30
220000014,60,65,-5
220000015,30,177,-147
220000017,63,481,-418
220000018,6716,1661,5055
220000019,71,240,-169
220000020,292,259,33
220000021,501,185,316
220000022,341,559,-218
220000023,185,166,19
220000024,1582,310,1272
220000025,641,589,52
220000026,205,170,35
220000027,33,111,-78
220000028,32,28,4
220000029,45,241,-196
220000030,149,86,63
220000031,184,276,-92
220000064,21,1131,-1110
221000046,19,10,9
221000047,0,8,-8
221000048,0,1,-1
221000049,0,9,-9
221000050,15,0,15
221000055,34,58,-24
221000057,36,3,33
221000068,300,102,198
221000069,292,41,251
221000070,135,13,122
221000071,48,6,42
221000072,156,13,143
221000073,163,44,119
221000074,0,25,-25
221000075,34,23,11
221000076,9,44,-35
221000077,36,83,-47
221000081,24,7,17
221000082,41,5,36
221000083,17,3,14
221000084,2,8,-6
221000085,14,64,-50
221000086,7,143,-136
221000087,4,208,-204
221000088,14,261,-247
221000089,24,332,-308
221000090,107,565,-458
221000098,96,11,85
221000099,95,12,83
221000100,41,8,33
221000101,140,12,128
221000102,90,18,72
221000109,4,104,-100
221000110,17,105,-88
221000111,30,144,-114
221000112,5,122,-117
221000113,15,165,-150
221000114,13,166,-153
221000120,34,60,-26
221000121,5,32,-27
221000122,25,39,-14
221000123,3,12,-9
221000124,29,289,-260
221000155,84,9,75
221000156,8,36,-28
221000175,1,4,-3
221000176,1,0,1
221000182,32,6,26
221000241,513,245,268
221000242,275,346,-71
221000243,334,103,231
221000244,195,368,-173
221000245,24,95,-71
221000246,23,205,-182
221000247,15,132,-117
221000248,82,143,-61
221000267,46,1026,-980
221000325,58,66,-8
221000331,5,126,-121
221000338,24,12,12
221000378,92,31,61
221000381,83,59,24
222000282,4,0,4
222000296,13,41,-28
222000568,236,27,209
222000569,103,31,72
222000570,134,12,122
222000571,163,15,148
222000577,10,350,-340
222000578,22,327,-305
222000579,36,194,-158
222000580,147,1378,-1231
222000599,0,174,-174
222000600,1,356,-355
222000601,8,1165,-1157
222000603,12,20,-8
222000604,11,27,-16
222000605,7,9,-2
222000606,1,12,-11
222000607,7,2,5
222000608,17,17,0
222000609,44,478,-434
222000616,114,56,58
222000617,8,12,-4
222000618,6,2,4
222000620,78,26,52
222000621,73,12,61
222000623,418,7,411
222000624,189,4,185
222000625,282,67,215
222000636,74,8,66
222000686,9,26,-17
222000687,36,29,7
222001066,315,5,310
222001067,8,11,-3
222001068,32,66,-34
222001069,22,54,-32
222001082,2,62,-60
222001083,14,77,-63
222001084,0,12,-12
222001085,0,241,-241
222001111,22,320,-298
222001112,33,53,-20
222001313,28,9,19
222001314,3,129,-126
222001464,65,49,16
222001465,8,180,-172
222001484,59,75,-16
222001485,10,60,-50
222001494,208,157,51
222001495,122,669,-547
222001496,174,57,117
222001497,50,945,-895
222001502,20,133,-113
222001503,83,34,49
222001504,23,302,-279
222001505,246,14,232
222001506,50,277,-227
222001507,186,25,161
222001510,247,36,211
222001511,29,577,-548
222001514,518,134,384
222001515,261,956,-695
222001518,119,112,7
222001519,60,540,-480
222001527,153,100,53
222001528,74,287,-213
222001529,153,50,103
222001530,63,385,-322
222001533,136,550,-414
222001534,184,41,143
222001535,87,119,-32
222001536,142,613,-471
222001537,170,20,150
222001538,107,712,-605
222001563,275,94,181
222001564,64,1082,-1018
222001568,270,122,148
222001576,1,0,1
222001579,0,4,-4
222001583,9,422,-413
222001584,48,14,34
222001596,941,2198,-1257
222001597,2041,326,1715
222001626,3,260,-257
222001650,52,94,-42
222001651,98,203,-105
222001914,193,86,107
222001915,46,308,-262
222900004,416,193,223
222900009,448,1308,-860
222900019,154,389,-235
222900024,9,54,-45
222900025,0,36,-36
225000001,222,129,93
225000002,198,86,112
225000003,221,88,133
225000004,179,201,-22
225000005,59,61,-2
225000006,0,125,-125
225000007,3512,1238,2274
225000010,94,3,91
225000011,456,776,-320
225000012,148,517,-369
225000013,97,145,-48
225000014,793,83,710
225000015,102,273,-171
225000021,515,149,366
225000027,291,563,-272
225000032,476,147,329
225000042,72,752,-680
225000049,33,63,-30
225000050,43,15,28
225000053,9,281,-272
225000058,564,136,428
225000067,142,212,-70
225000068,77,630,-553
225000069,216,604,-388
225000070,61,519,-458
225000071,25,359,-334
225000075,36,1046,-1010
225000076,68,111,-43
225000078,72,34,38
225000085,28,85,-57
225000086,146,47,99
225000087,141,15,126
225000088,14,176,-162
225000089,331,735,-404
225000090,33,386,-353
225000091,99,264,-165
225000092,56,70,-14
225000093,126,427,-301
225000094,18,579,-561
225000095,334,727,-393
225000096,217,508,-291
225000098,349,130,219
225000099,166,95,71
225000100,114,95,19
225000104,76,446,-370
225000110,10,492,-482
225000111,172,1259,-1087
225000112,324,1152,-828
225000113,129,747,-618
225000114,51,405,-354
225000115,2796,695,2101
225000116,858,128,730
225000117,723,400,323
225000118,692,277,415
225000119,141,66,75
225000120,462,51,411
225000121,215,21,194
225000123,1018,18,1000
225000125,242,298,-56
225000126,865,181,684
225000127,819,494,325
225000128,334,381,-47
225000132,182,29,153
225000133,176,25,151
225000134,553,122,431
225000135,58,6,52
225000136,152,10,142
225000137,94,45,49
225000138,237,30,207
225000143,92,160,-68
225000144,3,370,-367
225000145,25,40,-15
225000146,40,144,-104
225000147,14,356,-342
225000148,2,286,-284
225000149,90,614,-524
225000151,31,300,-269
225000155,257,399,-142
225000156,230,776,-546
225000157,197,417,-220
225000158,77,403,-326
225000171,3,229,-226
225000180,67,35,32
225000181,1,48,-47
225000182,56,4,52
225000185,4,329,-325
225000187,61,440,-379
225000191,67,4,63
225000194,0,9,-9
225000208,1,59,-58
225000209,34,17,17
225000210,4,217,-213
225000217,0,16,-16
225000218,11,4,7
225000223,1,43,-42
225000224,289,7,282
225000225,0,15,-15
225000226,62,2,60
225000227,24,53,-29
225000228,12,3,9
225000229,0,64,-64
225000230,57,0,57
225000231,1,66,-65
225000232,89,0,89
225000241,50,1,49
225000242,1,50,-49
225000249,2,0,2
225000250,64,1052,-988
225000251,299,23,276
225000254,4,33,-29
225000256,2,50,-48
225000257,1,8,-7
226000042,348,499,-151
226000043,84,326,-242
226000044,155,941,-786
226000045,89,618,-529
226000046,358,50,308
226000047,306,52,254
226000048,286,53,233
226000049,204,92,112
226000070,0,52,-52
226000071,0,104,-104
226000072,0,9,-9
226000073,0,15,-15
226000074,0,9,-9
226000084,1,44,-43
226000085,1,5,-4
226000086,6,7,-1
226000087,13,6,7
226000088,40,9,31
226000090,92,20,72
226000091,8,10,-2
226000092,5,1,4
226000093,15,1,14
226000094,21,5,16
226000095,14,3,11
226000105,21,2,19
226000106,5,0,5
226000107,8,2,6
226000108,25,0,25
226000109,96,14,82
226000124,110,45,65
226000134,237,490,-253
226000135,706,565,141
226000136,206,338,-132
226000137,8,394,-386
226000138,9,277,-268
226000139,0,17,-17
226000156,88,4,84
226000157,99,9,90
226000163,40,37,3
226000202,9,521,-512
226000231,108,8,100
226000232,36,7,29
227000033,264,42,222
227000036,146,21,125
227000037,100,26,74
227000038,72,31,41
227000084,0,51,-51
227000085,2,53,-51
227000088,20,1,19
227000089,100,0,100
227000090,28,0,28
227000091,8,0,8
227000092,20,0,20
227000093,32,0,32
227000094,1,0,1
227000130,33,70,-37
227000131,9,319,-310
227000132,13,299,-286
227000133,9,318,-309
227000134,22,475,-453
227000152,0,3,-3
227000153,0,37,-37
227000154,0,27,-27
227000155,0,24,-24
227000156,0,18,-18
227000165,6,36,-30
227000196,197,545,-348
227000199,89,889,-800
227000230,26,639,-613
227000232,133,7,126
227000242,52,558,-506
227000243,308,40,268
227000245,15,422,-407
227000246,96,567,-471
227000247,124,64,60
227000248,36,15,21
227000249,20,248,-228
227000250,187,73,114
227000251,162,276,-114
227000252,23,432,-409
227000253,41,9,32
227000262,221,21,200
227000266,485,30,455
227000267,45,2778,-2733
227000282,5,325,-320
227000284,181,25,156
227000286,4,167,-163
227000291,18,840,-822
227000296,337,328,9
227000484,234,16,218
227000485,16,1094,-1078
227000655,36,19,17
227000656,567,32,535
227000657,14,21,-7
227000704,130,6,124
229000265,1,11,-10
229000266,2,1,1
229000267,34,0,34
229000268,17,0,17
229000269,57,1,56
229000274,1,28,-27
229000275,2,28,-26
229000276,2,33,-31
229000277,0,9,-9
229000278,8,9,-1
229000295,14,26,-12
229000296,22,6,16
229000297,13,61,-48
229000298,6,222,-216
229000320,7,16,-9
229000321,32,23,9
229000412,18,78,-60
229000414,8,48,-40
229000415,9,1,8
229000416,3,1,2
229000417,6,12,-6
229000419,110,412,-302
229000440,302,89,213
229000442,25,12,13
229000443,4,4,0
229000444,0,23,-23
229000445,39,5,34
229000446,65,19,46
229000491,3,40,-37
229000492,17,223,-206
229000493,3,151,-148
229000494,22,8,14
229000495,77,11,66
229000496,26,6,20
229000507,0,52,-52
229000508,0,40,-40
229000509,0,64,-64
229000510,2,59,-57
229000511,4,95,-91
229000512,0,44,-44
229000513,1,12,-11
229000514,1,4,-3
229000517,2,18,-16
229000518,9,71,-62
229000519,1,21,-20
229000520,2,48,-46
229000521,21,26,-5
229000522,3,8,-5
229000523,6,13,-7
229000524,3,5,-2
229000527,6,5,1
229000528,0,0,0
229000529,3,0,3
229000530,66,1,65
229000531,19,6,13
229000532,33,0,33
229000533,66,1,65
229000534,79,2,77
229000564,35,1,34
229000565,8,0,8
229000566,0,41,-41
229000567,0,118,-118
229000582,114,0,114
229000583,3,1,2
229000584,0,64,-64
229000585,0,88,-88
229000718,0,0,0
229000719,0,1,-1
229000720,0,14,-14
229000721,0,14,-14
229000722,0,53,-53
229000723,0,25,-25
229000724,0,0,0
229000725,0,11,-11
229000738,2,0,2
229000739,2,0,2
229000740,3,0,3
229000741,5,0,5
229000742,0,0,0
229000743,7,0,7
229000744,6,0,6
229000745,1,0,1
229000746,12,1,11
229000847,15,0,15
229000848,10,0,10
229000849,70,3,67
229000851,22,0,22
229000854,0,66,-66
229000856,4,204,-200
229000857,0,48,-48
229000858,0,165,-165
229000919,4,80,-76
229000930,1,194,-193
229000937,58,31,27
229000966,22,31,-9
229000981,19,56,-37
229000985,2,37,-35
229000986,2,8,-6
229000987,0,2,-2
229000988,1,7,-6
229000989,4,13,-9
229000990,0,0,0
229000991,1,1,0
229000992,11,12,-1
229000993,165,20,145
229000998,26,80,-54
229000999,51,17,34
229001034,1,21,-20
229001035,7,1,6
229001036,5,61,-56
229001037,73,3,70
229001038,0,12,-12
229001039,15,2,13
229001040,0,108,-108
229001041,47,1,46
229001042,9,36,-27
229001047,0,73,-73
229001050,33,24,9
229001168,0,12,-12
229001200,10,5,5
229001338,21,33,-12
229001394,246,1,245
229001422,118,28,90
229001423,26,128,-102
229001431,40,44,-4
229001432,36,75,-39
229001444,112,87,25
229001445,52,293,-241
229001479,3,4,-1
229001503,110,84,26
229001504,66,202,-136
229001505,66,69,-3
229001506,42,174,-132
229001509,36,12,24
229001510,7,34,-27
229001545,68,2,66
229001546,9,97,-88
229001553,41,17,24
229001554,16,97,-81
229001630,62,15,47
229001631,18,30,-12
229001635,0,9,-9
229001636,0,0,0
229001658,0,85,-85
229001659,77,1,76
229001660,3,2,1
229001661,3,16,-13
229001662,12,0,12
229001663,0,9,-9
229002584,243,202,41
229002831,272,199,73
229002841,14,34,-20
229002842,4,16,-12
229002843,27,25,2
229002844,37,52,-15
229002845,7,100,-93
229002846,5,13,-8
229002847,17,3,14
229002848,6,9,-3
229002849,2,93,-91
229002850,10,1,9
229002851,36,119,-83
229002852,71,30,41
229002853,85,21,64
229002854,31,47,-16
229002855,9,55,-46
229002856,17,25,-8
229002857,2,86,-84
229002858,1,2,-1
229002859,29,55,-26
229002860,37,27,10
229002861,27,30,-3
229002862,21,88,-67
229002863,19,37,-18
229002864,20,24,-4
229002865,44,10,34
229002866,58,15,43
229002867,4,16,-12
229002868,18,13,5
229002869,5,185,-180
229002870,30,9,21
235000066,357,79,278
235000067,156,110,46
235000072,22,57,-35
235000073,46,323,-277
235000074,35,97,-62
235000080,12,100,-88
235000081,56,224,-168
235000082,52,72,-20
235000083,83,135,-52
235000084,36,78,-42
235000085,57,97,-40
235000089,20,25,-5
235000092,12,166,-154
235000093,12,4,8
235000097,2,4,-2
235000098,32,6,26
235000099,16,26,-10
235000116,40,16,24
235000117,984,14,970
235000133,11,211,-200
235000134,5,110,-105
235000206,5,0,5
235000207,0,4,-4
235000208,5,1,4
235000209,2,0,2
235000210,9,1,8
235000212,5,17,-12
235000213,0,6,-6
235000220,2,1,1
235000221,17,10,7
235000238,8,10,-2
235000239,1,4,-3
235000242,276,269,7
235000245,864,215,649
235000246,7,65,-58
235000284,2,116,-114
235000295,150,4,146
235000305,120,30,90
235000306,45,3,42
235000307,11,0,11
235000308,26,0,26
235000309,38,1,37
235000310,38,0,38
235000311,29,13,16
235000322,0,34,-34
235000323,2,90,-88
235000324,0,18,-18
235000325,0,15,-15
235000326,7,445,-438
235000351,11,75,-64
235000352,13,164,-151
235000353,0,55,-55
235000354,9,84,-75
235000355,12,121,-109
235000356,44,5,39
235000357,17,18,-1
235000358,40,35,5
235000359,4,8,-4
235000360,92,24,68
235000361,37,8,29
235000381,33,315,-282
235000382,90,55,35
235000390,8,5,3
235000391,71,17,54
235000392,66,165,-99
235000393,45,68,-23
235000395,49,35,14
235000396,195,56,139
235000400,193,36,157
235000401,40,212,-172
235000405,86,398,-312
235000406,52,374,-322
235000407,47,139,-92
235000409,189,153,36
235000410,33,237,-204
235000411,7,77,-70
235000485,1,6,-5
235000486,9,0,9
235000549,39,113,-74
235000550,54,237,-183
235000599,64,66,-2
235000600,5,7,-2
235000601,17,32,-15
235000602,47,158,-111
235000614,0,0,0
235000648,0,19,-19
235000649,13,6,7
235000685,2,4,-2
235000815,10,19,-9
235000834,0,16,-16
235000855,27,60,-33
235000862,40,259,-219
235000891,0,6,-6
235000892,13,4,9
235000901,42,106,-64
235000907,4,10,-6
235001010,32,106,-74
235001029,660,389,271
235001030,308,190,118
235001078,71,69,2
235001079,51,149,-98
235001147,10,50,-40
235001166,8,104,-96
235001167,19,66,-47
235001169,26,396,-370
235001188,0,8,-8
235001189,1,0,1
235001197,11,11,0
235001200,26,43,-17
235001208,25,4,21
235001209,28,74,-46
235001210,33,241,-208
235001239,1,32,-31
235001244,0,6,-6
235016267,0,40,-40
241900007,30,0,30
277101746,0,1,-1
277102712,0,1,-1
277103813,0,0,0
277103814,0,0,0
277103898,0,5,-5
277104249,0,3,-3
277104250,0,4,-4
277104251,0,5,-5
277104252,0,1,-1
990011530,1,286,-285
990014944,1,580,-579
990015176,24,1,23
990015618,0,124,-124
990016032,3,561,-558
990032570,10,174,-164
990070001,86,2,84
990070103,0,5,-5
990070601,0,127,-127
990070751,278,1,277
990070766,1,967,-966
990071180,471,322,149
990071343,6,0,6
990071387,0,11,-11
990071823,350,7,343
990072600,4,946,-942
990072964,1,818,-817
990073285,0,1,-1
990074393,5,1656,-1651
990074870,714,65,649
990075106,722,52,670
990075746,264,16,248
990076437,498,2,496
990076458,5,1785,-1780
997000007,164,3,161
997000041,2,191,-189
997000058,19,0,19
997000062,29,1,28
997000069,0,8,-8
997000070,0,64,-64
997000100,12,2,10
997000141,18,3265,-3247
997000198,5,1585,-1580
998000475,0,26,-26
998000736,0,391,-391
998000965,0,10,-10
998001031,0,41,-41
998001700,0,39,-39
998001899,0,3,-3
998001900,11,3,8
998003073,1643,52,1591
998101900,0,0,0
998102850,0,127,-127
998501927,662,380,282
998501929,59,0,59
998501930,69,0,69
998501931,132,80,52
998501932,9,1,8
998501933,35,5,30
998501937,7,0,7
998501944,2,2,0
998501950,0,0,0
998501970,68,9,59
998501971,0,93,-93
998501973,0,90,-90
998501974,3,295,-292
998501975,166,2,164
998501976,32,1,31
998501977,1,43,-42
998501978,33,0,33
998501979,0,13,-13
998501980,90,3,87
998501981,25,5,20
998501982,1,145,-144
998502006,0,0,0
998502024,0,6,-6
998502032,0,4,-4
998502062,12,2,10
998502063,0,0,0
998502173,23,0,23
998502269,0,2,-2
998601159,3,397,-394
998601292,0,20,-20
999033574,0,310,-310
999800001,30,9,21
999800002,0,3,-3
999800003,11,1,10
999800004,0,8,-8
999800005,0,11,-11
