ID,insum,outsum,diff
100000001,717,1277,-560
100000002,6902,1745,5157
100000003,9537,4809,4728
100000004,2255,1726,529
100000005,3139,5921,-2782
100000006,1001,155,846
100000007,3821,870,2951
100000008,264,691,-427
100000009,813,502,311
100000010,116,98,18
100000011,1162,119,1043
100000012,191,973,-782
100000013,212,252,-40
100000014,507,419,88
100000015,2668,3111,-443
100000016,1358,1901,-543
100000017,1144,1168,-24
100000018,2408,873,1535
100000019,6250,2688,3562
100000020,2900,8991,-6091
100000021,7192,3454,3738
100000022,2836,2314,522
100000023,7564,2323,5241
100000025,3630,1351,2279
100000028,3302,1403,1899
100000029,405,314,91
100000030,523,110,413
100000031,8533,10452,-1919
100000032,3772,6336,-2564
100000033,1475,4075,-2600
100000034,921,636,285
100000035,2874,1605,1269
100000036,3545,1918,1627
100000037,720,619,101
100000038,2830,1349,1481
100000039,1356,254,1102
100000040,224,242,-18
100000041,1824,853,971
100000042,1878,661,1217
100000043,1349,617,732
100000044,479,865,-386
100000045,831,1480,-649
100000046,1446,1464,-18
100000047,479,985,-506
100000048,1060,871,189
100000049,2439,2901,-462
100000051,715,1334,-619
100000053,201,10,191
100000054,457,63,394
100000055,1346,266,1080
100000056,607,630,-23
100000057,2670,1067,1603
100000058,1369,1665,-296
100000059,29,146,-117
100000060,516,526,-10
100000061,3249,745,2504
100000062,3064,803,2261
100000063,1161,377,784
100000064,1898,434,1464
100000065,682,1280,-598
100000066,424,1025,-601
100000067,851,1065,-214
100000068,865,2556,-1691
100000069,681,2210,-1529
100000072,464,1436,-972
100000073,1714,1767,-53
100000075,991,471,520
100000076,6545,3524,3021
100000077,618,280,338
100000078,162,37,125
100000079,69,110,-41
100000080,63,77,-14
100000081,202,172,30
100000102,5025,2359,2666
100000103,7972,1581,6391
100000104,6832,3235,3597
100000105,5210,2201,3009
100000106,4168,3117,1051
100000107,1181,1155,26
100000108,1448,1293,155
100000109,5791,1681,4110
100000116,2277,1426,851
100000117,137,120,17
100000118,3225,1272,1953
100000119,950,786,164
100000121,397,732,-335
100000122,2291,1256,1035
100000123,5114,7426,-2312
100000124,9238,10629,-1391
100000125,5218,1951,3267
100000126,1644,590,1054
100000127,2891,536,2355
100000128,2781,2354,427
100000129,667,599,68
100000130,500,734,-234
100000131,3826,4556,-730
100000132,2061,4141,-2080
100000133,9565,3972,5593
100000135,763,1297,-534
100000139,676,238,438
100000140,735,498,237
100000142,651,779,-128
100000143,1235,677,558
100000144,5047,1304,3743
100000147,1475,3891,-2416
100000150,56,504,-448
100000151,1453,1035,418
100000153,658,617,41
100000154,260,185,75
100000155,46,65,-19
100000156,576,286,290
100000157,114,123,-9
100000158,261,68,193
100000159,461,656,-195
100000165,2187,1011,1176
100000169,766,582,184
100000174,1909,862,1047
100000179,116,823,-707
100000180,4083,1619,2464
100000181,752,335,417
100000188,83,455,-372
100000189,1273,560,713
100000190,1505,816,689
100000191,1043,665,378
100000192,113,177,-64
100000193,231,192,39
100000330,2134,1307,827
100000355,465,793,-328
100000362,7011,4761,2250
100000363,4992,6349,-1357
100000364,517,248,269
100000365,6108,6530,-422
100000366,8249,3911,4338
100000367,6405,6016,389
100000368,3776,2369,1407
100000369,2088,2869,-781
100000370,352,747,-395
100000376,243,159,84
100000379,7161,2400,4761
100000380,12682,4165,8517
100000384,9045,6946,2099
100000385,7474,6199,1275
100000386,12911,7469,5442
100000387,10403,7966,2437
100000388,11630,9783,1847
100000389,12474,9149,3325
100000390,13203,7843,5360
100000391,10136,10257,-121
100000392,5952,4086,1866
100000393,4078,5094,-1016
100000394,12650,8693,3957
100000395,7648,3595,4053
100000396,12466,3732,8734
100000397,8698,4783,3915
100000398,15786,10638,5148
100900002,7,103,-96
100900003,719,222,497
100900004,36,954,-918
100900005,201,27,174
100900006,52,191,-139
100900007,697,23,674
100900008,9,629,-620
100900009,88,136,-48
100900010,98,125,-27
100900011,248,410,-162
100900012,4,270,-266
100900013,1312,16,1296
100900014,7,28,-21
100900015,180,176,4
100900016,14,88,-74
100900017,1409,119,1290
100900018,0,25,-25
100900019,51,221,-170
100900020,675,16,659
100900021,674,2,672
100900022,27,60,-33
100900023,24,90,-66
100900024,1471,11,1460
100900025,25,24,1
100900026,212,184,28
100900027,939,4920,-3981
100900028,243,280,-37
100900029,148,26,122
100900030,11,66,-55
100900031,1021,68,953
100900032,284,2,282
100900033,285,241,44
100900034,647,2,645
100900035,1373,7,1366
100900036,57,5,52
100900037,142,423,-281
100900038,260,41,219
100900039,312,757,-445
100900040,675,895,-220
100900041,913,950,-37
100900042,1934,539,1395
100900043,0,22,-22
100900044,3756,970,2786
100900045,64,3,61
100900046,2083,17,2066
100900047,1517,554,963
100900048,269,69,200
100900049,125,293,-168
100900050,6,45,-39
100900051,102,129,-27
100900052,805,84,721
100900053,500,30,470
100900054,33,176,-143
100900055,480,937,-457
100900056,301,444,-143
100900057,967,2162,-1195
100900058,460,81,379
100900059,194,35,159
100900060,220,13,207
100900061,585,516,69
100900062,4,91,-87
100900063,292,950,-658
100900064,1318,24,1294
100900065,176,151,25
100900066,136,258,-122
100900067,6,18,-12
100900068,242,174,68
100900069,1870,21,1849
100900070,492,6,486
100900071,1043,504,539
100900072,6,55,-49
100900073,207,442,-235
100900074,21,30,-9
100900075,2636,508,2128
100900076,50,61,-11
100900077,36,164,-128
100900078,117,765,-648
100900079,25,36,-11
100900080,38,202,-164
100900081,63,270,-207
100900082,175,788,-613
100900083,25,103,-78
100900085,32,132,-100
100900086,470,1772,-1302
100900088,224,966,-742
100900089,14,53,-39
100900090,185,824,-639
100900091,5,33,-28
100900092,534,396,138
100900093,273,638,-365
100900094,175,909,-734
100900095,13,47,-34
100900096,47,141,-94
100900097,0,7,-7
100900098,27,33,-6
100900099,80,907,-827
100900100,16,575,-559
100900101,606,85,521
100900102,223,153,70
100900103,42,23,19
100900104,16,247,-231
100900105,56,635,-579
100900106,36,6,30
100900107,2486,1059,1427
100900108,22,56,-34
100900109,51,44,7
100900110,4,27,-23
100900111,74,248,-174
100900112,2,11,-9
100900113,24,34,-10
100900114,27,45,-18
100900115,6,76,-70
100900116,1102,1602,-500
100900117,390,1197,-807
100900118,64,57,7
100900119,33,67,-34
100900120,5,19,-14
100900121,356,1211,-855
100900122,255,356,-101
100900123,169,305,-136
100900124,15,16,-1
100900125,45,106,-61
100900126,197,561,-364
100900127,7,16,-9
100900128,171,240,-69
100900129,1,198,-197
100900131,115,337,-222
100900133,90,80,10
100900134,25,13,12
100900135,4,220,-216
100900137,469,287,182
100900138,889,657,232
100900139,31,18,13
100900140,7,943,-936
100900141,4,529,-525
100900142,2,27,-25
100900143,1252,587,665
100900144,41,12,29
100900145,254,235,19
100900146,31,179,-148
100900147,45,411,-366
100900148,36,966,-930
100900149,54,268,-214
100900150,5,125,-120
100900151,179,795,-616
100900152,153,6,147
100900153,6,256,-250
100900154,20,69,-49
100900155,39,38,1
100900156,41,6,35
100900157,11,229,-218
100900158,893,397,496
100900159,7,39,-32
100900160,38,34,4
100900161,172,8,164
100900162,43,455,-412
100900163,284,342,-58
100900164,90,85,5
100900165,28,144,-116
100900166,40,18,22
100900167,48,157,-109
100900168,52,227,-175
100900169,195,1170,-975
100900170,56,19,37
100900171,44,854,-810
100900172,0,10,-10
100900173,26,542,-516
100900174,1494,75,1419
100900176,2125,338,1787
100900177,1095,562,533
100900178,984,197,787
100900179,209,324,-115
100900180,3,7,-4
100900181,116,114,2
100900182,43,58,-15
100900184,29,262,-233
100900186,1014,832,182
100900187,18,135,-117
100900188,54,37,17
100900189,1412,299,1113
100900191,1925,1570,355
100900192,522,405,117
100900195,219,238,-19
100900197,16,61,-45
100900198,42,363,-321
100900199,9,5,4
100900200,891,590,301
100900201,117,1164,-1047
100900202,85,0,85
100900203,0,139,-139
100900204,1317,531,786
100900205,276,592,-316
100900206,206,168,38
100900207,331,160,171
100900210,97,1340,-1243
100900211,556,256,300
100900213,133,56,77
100900214,1121,214,907
100900215,19,66,-47
100900217,176,149,27
101000001,6710,3774,2936
101000002,6649,6822,-173
101000003,1038,2647,-1609
101000004,13107,11512,1595
101000005,6344,7115,-771
101000006,10719,10431,288
101000007,3707,4504,-797
101000008,7180,4303,2877
101000009,2953,2462,491
101000010,1507,1842,-335
101000011,3148,1130,2018
101000012,2178,1027,1151
101000013,867,1513,-646
101000014,854,1036,-182
101000015,1437,1181,256
101000016,956,667,289
101000017,1067,843,224
101000018,5744,3793,1951
101000020,5609,1634,3975
101000021,2442,538,1904
101000022,771,141,630
101000023,3205,1144,2061
101000025,327,597,-270
101000026,651,44,607
101000027,3414,2740,674
101000028,1596,319,1277
101000029,434,1696,-1262
101000030,2908,154,2754
101000031,1697,675,1022
101000032,16753,4544,12209
101000033,4961,4428,533
101000034,5676,2374,3302
101000035,1812,697,1115
101000036,3134,1193,1941
101000037,5987,2382,3605
101000039,4404,3530,874
101000040,5135,4800,335
101000041,18100,9965,8135
101000042,1416,1600,-184
101000043,13322,9796,3526
101000045,3206,1099,2107
101000046,7605,1338,6267
101000047,4858,2954,1904
101000048,1640,1134,506
101000049,1568,1996,-428
101000050,4332,3516,816
101000051,3621,2976,645
101000052,2604,1242,1362
101000053,1790,2593,-803
101000054,2840,1942,898
101000055,2333,2294,39
101000056,86,142,-56
101000057,3805,1326,2479
101000058,2311,1686,625
101000059,5702,2563,3139
101000060,2638,904,1734
101000061,1464,2091,-627
101000062,1211,1196,15
101000063,1073,1354,-281
101000064,2266,1170,1096
101000065,580,560,20
101000066,1163,798,365
101000067,1682,922,760
101000068,551,482,69
101000069,835,154,681
101000070,2167,1352,815
101000071,3046,1214,1832
101000072,1424,5162,-3738
101000073,1352,947,405
101000074,10722,4987,5735
101000075,9415,4732,4683
101000077,1760,1339,421
101000078,1680,3115,-1435
101000079,939,513,426
101000080,944,474,470
101000081,1845,2061,-216
101000082,4822,4534,288
101000083,2970,3048,-78
101000084,1992,1597,395
101000085,2312,1724,588
101000086,1335,1524,-189
101000087,1224,1536,-312
101000088,1472,1703,-231
101000089,1292,2288,-996
101000090,3064,1958,1106
101000091,497,1744,-1247
101000092,1128,1618,-490
101000093,2131,1329,802
101000094,1221,2012,-791
101000095,526,1080,-554
101000096,494,922,-428
101000097,1773,492,1281
101000098,1143,802,341
101000099,1835,1861,-26
101000100,1630,1203,427
101000101,583,532,51
101000102,2674,550,2124
101000103,1461,771,690
101000104,513,778,-265
101000105,1427,457,970
101000106,1370,718,652
101000107,259,450,-191
101000108,1681,562,1119
101000109,380,92,288
101000110,72,996,-924
101000111,191,271,-80
101000113,378,1360,-982
101000114,15135,4704,10431
101000115,517,168,349
101000116,235,193,42
101000117,1412,391,1021
101000119,200,99,101
101000120,314,72,242
101000121,104,59,45
101000122,234,82,152
101000123,168,119,49
101000124,857,248,609
101000125,307,787,-480
101000128,1696,469,1227
101000130,490,486,4
101000131,1015,848,167
101000132,827,1955,-1128
101000135,125,59,66
101000136,1008,145,863
101000137,49,467,-418
101000141,3137,4090,-953
101000147,1341,735,606
101000148,2569,68,2501
101000149,195,175,20
101000150,95,1298,-1203
101000151,237,76,161
101000152,550,543,7
101000153,797,543,254
101000154,383,2004,-1621
101000155,503,227,276
101000156,29,388,-359
101000157,62,37,25
101000160,172,63,109
101000163,348,219,129
101000164,796,612,184
101000165,398,512,-114
101000166,340,689,-349
101000168,1104,520,584
101000252,2271,1276,995
101000254,862,110,752
101000258,43,16,27
101000261,434,23,411
101000262,1969,2057,-88
101000263,649,1644,-995
101000265,124,898,-774
101000266,585,507,78
101000269,126,9,117
101000290,2818,4382,-1564
101000293,64,100,-36
101000294,894,669,225
101000295,205,906,-701
101000301,1273,647,626
101000304,3086,3476,-390
101000305,4624,2702,1922
101900001,27,102,-75
101900002,0,15,-15
101900003,116,153,-37
101900004,13,84,-71
101900005,6667,2630,4037
101900006,1305,117,1188
101900007,1178,206,972
101900008,218,561,-343
101900009,85,775,-690
101900010,1222,919,303
101900011,600,2648,-2048
101900012,251,648,-397
101900013,1626,210,1416
101900017,31,222,-191
101900018,1735,349,1386
101900019,359,185,174
101900020,722,373,349
101900021,4,97,-93
101900022,258,1769,-1511
101900023,238,343,-105
102000001,6291,6051,240
102000002,5413,1608,3805
102000003,5560,10234,-4674
102000004,13469,4469,9000
102000005,2144,3564,-1420
102000006,2425,3062,-637
102000007,2495,7219,-4724
102000008,8776,2647,6129
102000009,8171,10373,-2202
102000010,8023,5669,2354
102000011,4775,3798,977
102000012,5665,4958,707
102000018,4892,4517,375
102000019,4114,2654,1460
102000026,396,1310,-914
102000029,440,297,143
102000030,166,559,-393
102000031,115,249,-134
102000032,586,521,65
102000033,302,651,-349
102000034,701,669,32
102000035,1727,1068,659
102000036,26,475,-449
102000037,269,154,115
102000038,351,343,8
102000039,393,115,278
102000040,658,316,342
102000041,376,410,-34
102000042,522,385,137
102000043,740,365,375
102000044,1111,741,370
102000045,1091,1595,-504
102000046,1458,981,477
102000047,1311,1752,-441
102000048,526,1285,-759
102000049,1695,997,698
102000050,1744,1707,37
102000051,663,876,-213
102000052,2173,1206,967
102000053,1512,1349,163
102000054,774,1141,-367
102000055,1184,1152,32
102000056,1032,2152,-1120
102000057,2585,1073,1512
102000058,1743,2584,-841
102000059,2159,2178,-19
102000060,1980,1585,395
102000061,2230,3137,-907
102000062,2132,1784,348
102000063,1636,2056,-420
102000064,791,1080,-289
102000065,61,161,-100
102000066,1545,1709,-164
102000067,3811,5103,-1292
102000068,14478,4231,10247
102000069,102,2012,-1910
102000070,2675,86,2589
102000071,13068,13475,-407
102000072,5231,6327,-1096
102000073,3012,1328,1684
102000074,1670,1422,248
102000075,254,458,-204
102000076,290,913,-623
102000077,574,1271,-697
102000078,1039,1208,-169
102000079,288,473,-185
102000080,464,397,67
102000081,669,944,-275
102000082,1112,559,553
102000083,806,599,207
102000084,348,494,-146
102000085,2322,1829,493
102000086,1449,2127,-678
102000087,1429,2471,-1042
102000088,443,491,-48
102000089,1563,631,932
102000090,1000,1702,-702
102000091,2687,774,1913
102000092,568,1425,-857
102000093,829,886,-57
102000094,1379,939,440
102000095,1565,1876,-311
102000096,1070,1388,-318
102000097,1370,1684,-314
102000098,899,1505,-606
102000099,1275,1034,241
102000100,1317,1814,-497
102000101,1922,1091,831
102000102,542,3326,-2784
102000103,2086,736,1350
102000104,1415,433,982
102000105,339,825,-486
102000106,954,1169,-215
102000107,1442,917,525
102000108,974,396,578
102000109,1028,894,134
102000110,1110,2081,-971
102000111,9,433,-424
102000112,257,128,129
102000113,30,47,-17
102000114,1222,519,703
102000115,309,441,-132
102000116,1777,528,1249
102000117,719,975,-256
102000118,3048,1547,1501
102000119,3101,1196,1905
102000120,364,617,-253
102000121,1471,887,584
102000122,863,1199,-336
102000123,2017,1816,201
102000124,1960,1607,353
102000125,1197,1756,-559
102000126,1121,1006,115
102000127,1738,1125,613
102000128,1020,1432,-412
102000129,2143,1247,896
102000130,1081,1075,6
102000131,2533,1121,1412
102000132,1039,1251,-212
102000133,2143,2843,-700
102000134,1007,1030,-23
102000135,1201,1430,-229
102000136,1496,963,533
102000137,1644,1269,375
102000138,487,668,-181
102000139,298,572,-274
102000140,614,405,209
102000141,801,751,50
102000142,442,567,-125
102000143,173,637,-464
102000144,394,639,-245
102000145,618,679,-61
102000146,664,431,233
102000147,724,714,10
102000148,282,623,-341
102000149,255,844,-589
102000150,418,245,173
102000151,159,453,-294
102000152,197,193,4
102000153,1398,642,756
102000154,488,898,-410
102000155,210,431,-221
102000156,542,150,392
102000157,187,386,-199
102000158,516,550,-34
102000159,1695,687,1008
102000161,5870,3174,2696
102000162,306,175,131
102000163,223,950,-727
102000164,1741,1635,106
102000165,437,174,263
102000166,90,221,-131
102000167,418,338,80
102000168,367,137,230
102000169,178,791,-613
102000170,897,295,602
102000171,576,192,384
102000172,623,490,133
102000173,643,400,243
102000174,124,99,25
102000175,202,195,7
102000176,89,57,32
102000178,430,683,-253
102000179,784,316,468
102000180,945,761,184
102000181,781,835,-54
102000182,702,939,-237
102000183,1984,2554,-570
102000184,2255,1227,1028
102000185,3083,2030,1053
102000186,1516,2656,-1140
102000187,1172,2272,-1100
102000188,1208,1926,-718
102000189,3629,1326,2303
102000190,824,3853,-3029
102000191,1757,854,903
102000192,1529,1836,-307
102000193,90,215,-125
102000194,115,204,-89
102000195,741,749,-8
102000196,237,601,-364
102000197,820,645,175
102000198,284,1038,-754
102000199,1091,505,586
102000200,423,1578,-1155
102000201,1222,749,473
102000202,7,181,-174
102000203,544,461,83
102000204,649,1358,-709
102000205,1558,848,710
102000206,1513,1197,316
102000207,2265,632,1633
102000208,769,776,-7
102000209,73,92,-19
102000210,572,691,-119
102000211,865,514,351
102000212,549,33,516
102000213,11,462,-451
102000214,297,23,274
102000215,7,561,-554
102000216,55,70,-15
102000217,16,186,-170
102000218,305,202,103
102000219,559,390,169
102000225,986,928,58
102000226,5475,1401,4074
102000227,268,2,266
102000228,1,149,-148
102000229,37,54,-17
102000230,409,730,-321
102000231,425,789,-364
102000232,37,326,-289
102000233,590,1156,-566
102000234,162,1885,-1723
102000236,443,141,302
102000237,1123,197,926
102000238,233,410,-177
102000240,1108,800,308
102000241,339,171,168
102000243,37,106,-69
102000245,36,162,-126
102000246,19,36,-17
102000247,535,1324,-789
102000248,372,726,-354
102000249,185,227,-42
102000250,99,550,-451
102000254,105,551,-446
102000266,92,290,-198
102000271,27,1,26
102000286,763,587,176
102000297,2647,1620,1027
102000299,0,0,0
102000300,0,0,0
102000301,0,1,-1
102000303,0,0,0
102000305,0,0,0
102000306,0,0,0
102000307,0,4,-4
102000308,0,5,-5
102900001,1568,1324,244
102900002,634,87,547
102900003,77,267,-190
102900005,422,518,-96
102900006,680,313,367
102900007,626,84,542
102900008,212,140,72
102900009,786,344,442
102900010,1587,745,842
102900011,2679,665,2014
102900012,463,117,346
102900013,34,88,-54
102900015,1108,657,451
102900016,79,150,-71
102900017,290,836,-546
102900018,46,197,-151
102900019,748,692,56
102900020,220,43,177
102900021,18,150,-132
102900022,714,200,514
102900023,40,86,-46
102900024,43,80,-37
102900025,378,172,206
102900026,875,2212,-1337
102900027,75,111,-36
102900028,273,951,-678
102900029,205,275,-70
102900030,867,367,500
102900031,229,197,32
102900032,251,149,102
102900033,157,294,-137
102900034,600,199,401
102900035,164,450,-286
102900036,416,764,-348
102900037,431,899,-468
102900038,636,889,-253
102900039,33,718,-685
102900040,256,403,-147
102900041,131,251,-120
102900042,240,443,-203
102900043,286,486,-200
102900044,823,2647,-1824
102900045,162,760,-598
102900046,146,380,-234
102900047,93,780,-687
102900048,880,889,-9
102900049,156,520,-364
102900050,489,588,-99
102900051,341,341,0
102900052,82,74,8
102900053,582,1036,-454
102900054,1309,1584,-275
102900055,163,360,-197
102900056,191,726,-535
102900057,3,79,-76
102900058,322,144,178
102900059,21,95,-74
102900060,172,635,-463
102900061,261,716,-455
102900062,232,1562,-1330
102900063,1358,595,763
102900064,222,887,-665
102900065,2301,877,1424
102900066,574,69,505
102900068,171,143,28
102900070,346,745,-399
102900072,22,47,-25
102900073,246,22,224
102900074,431,371,60
102900075,47,62,-15
102900076,349,180,169
102900077,72,91,-19
102900078,57,144,-87
102900079,262,32,230
102900080,482,89,393
102900081,119,577,-458
102900082,19,336,-317
102900083,347,26,321
102900084,22,45,-23
102900085,456,222,234
102900086,26,64,-38
102900087,284,161,123
102900088,56,38,18
102900089,405,217,188
102900090,5,667,-662
102900091,277,6,271
102900092,757,1362,-605
102900093,398,373,25
102900094,5,88,-83
102900095,118,3,115
102900096,75,17,58
102900097,101,277,-176
103000001,3056,3629,-573
103000002,3627,3586,41
103000003,6080,3794,2286
103000004,1260,1116,144
103000005,2523,4523,-2000
103000006,889,2114,-1225
103000007,669,1229,-560
103000008,1596,1202,394
103000009,1728,1667,61
103000010,255,186,69
103000011,2474,2267,207
103000012,1747,2209,-462
103000013,7975,3198,4777
103000014,1994,3884,-1890
103000015,3019,1100,1919
103000016,706,2200,-1494
103000017,233,545,-312
103000018,1265,681,584
103000019,357,405,-48
103000020,3852,2031,1821
103000021,2554,2003,551
103000022,1439,1680,-241
103000023,861,2319,-1458
103000024,177,307,-130
103000025,151,790,-639
103000026,2255,199,2056
103000027,504,762,-258
103000028,703,563,140
103000029,533,412,121
103000030,2683,1269,1414
103000031,2469,3108,-639
103000032,2815,2789,26
103000033,4010,3583,427
103000034,2452,1824,628
103000035,669,2105,-1436
103000036,651,762,-111
103000037,854,797,57
103000038,759,1572,-813
103000039,505,640,-135
103000040,527,1763,-1236
103000041,2208,3802,-1594
103000042,1615,859,756
103000043,693,1338,-645
103000044,218,301,-83
103000046,362,693,-331
103000047,842,995,-153
103000048,235,288,-53
103000049,166,226,-60
103000050,925,880,45
103000051,754,712,42
103000052,1081,555,526
103000053,310,741,-431
103000054,3289,1889,1400
103000055,2492,2972,-480
103000056,808,2825,-2017
103000057,611,426,185
103000058,850,1226,-376
103000059,599,1227,-628
103000060,1294,980,314
103000061,498,1308,-810
103000062,1359,841,518
103000063,1002,1189,-187
103000064,157,367,-210
103000065,5,606,-601
103000066,268,17,251
103000069,496,506,-10
103000070,1404,1279,125
103000071,1451,578,873
103000072,214,1224,-1010
103000073,741,223,518
103000074,928,162,766
103000075,226,1168,-942
103000076,494,449,45
103000077,75,579,-504
103000078,2028,847,1181
103000079,1636,832,804
103000080,1571,479,1092
103000081,712,1415,-703
103000082,672,281,391
103000083,128,444,-316
103000084,243,18,225
103000085,7,185,-178
103000086,1259,596,663
103000087,280,977,-697
103000088,472,478,-6
103000089,336,772,-436
103000090,2404,1000,1404
103000091,742,582,160
103000092,403,434,-31
103000093,404,647,-243
103000094,218,123,95
103000095,98,524,-426
103000096,782,165,617
103000097,124,976,-852
103000098,1583,261,1322
103000099,695,895,-200
103000100,155,1165,-1010
103000101,1255,213,1042
103000102,169,881,-712
103000103,803,258,545
103000104,91,172,-81
103000105,172,206,-34
103000106,21,156,-135
103000107,368,97,271
103000108,1003,704,299
103000109,430,432,-2
103000110,438,521,-83
103000111,825,592,233
103000112,551,282,269
103000113,1638,870,768
103000114,3201,572,2629
103000115,661,712,-51
103000116,689,665,24
103000117,438,651,-213
103000118,1499,1210,289
103000119,2315,1006,1309
103000120,202,209,-7
103000121,612,941,-329
103000122,668,540,128
103000125,20,583,-563
103000126,850,7,843
103000127,4,290,-286
103000128,262,3,259
103000129,3,177,-174
103000130,118,38,80
103000131,274,157,117
103000132,178,260,-82
103000133,33,162,-129
103000134,905,1203,-298
103000135,1261,444,817
103000136,1112,669,443
103000137,910,838,72
103000138,1199,940,259
103000139,15,104,-89
103000140,155,33,122
103000141,87,192,-105
103000142,193,124,69
103000143,113,312,-199
103000144,282,104,178
103000145,197,87,110
103000150,148,60,88
103000152,320,334,-14
103000153,299,240,59
103000156,15,562,-547
103000157,599,3,596
103000159,176,101,75
103000162,134,31,103
103000163,18,37,-19
103000164,52,18,34
103000165,216,548,-332
103000166,271,436,-165
103000167,324,156,168
103000168,90,246,-156
103000169,285,603,-318
103000170,959,659,300
103000171,56,135,-79
103000172,635,508,127
103000173,609,950,-341
103000174,207,581,-374
103000175,248,480,-232
103000176,1281,844,437
103000177,1028,718,310
103000178,443,500,-57
103000179,189,70,119
103000183,186,33,153
103000185,145,108,37
103000186,179,266,-87
103000187,744,778,-34
103000188,14,79,-65
103000189,2153,1201,952
103000191,923,1032,-109
103000292,2968,2695,273
103000293,1726,2833,-1107
103000295,166,152,14
103000296,692,5,687
103000297,236,86,150
103000504,191,37,154
103000505,6,40,-34
103000506,2,263,-261
103000507,296,5,291
103000508,76,57,19
103000509,284,772,-488
103900001,15,533,-518
103900002,2250,245,2005
103900003,2593,191,2402
103900004,153,15,138
103900005,4,448,-444
103900006,2,2,0
103900007,38,0,38
103900008,43,1,42
103900009,321,657,-336
103900010,206,513,-307
103900011,328,278,50
103900012,20,36,-16
103900013,56,122,-66
103900014,71,29,42
103900015,51,28,23
103900016,303,288,15
103900017,38,146,-108
103900018,946,283,663
103900019,102,375,-273
103900020,304,644,-340
103900021,1039,107,932
103900022,1371,918,453
103900023,166,5,161
103900024,169,795,-626
103900025,13,49,-36
103900026,142,2,140
103900027,873,444,429
103900028,25,379,-354
103900029,1538,231,1307
103900030,759,109,650
103900031,28,2,26
103900032,123,88,35
103900033,264,23,241
103900034,51,245,-194
103900035,79,83,-4
103900036,68,44,24
103900037,151,61,90
103900038,147,223,-76
103900039,96,510,-414
103900040,15,293,-278
103900041,59,72,-13
103900042,66,493,-427
103900043,171,164,7
103900044,234,362,-128
103900045,364,235,129
103900047,97,57,40
103900048,65,27,38
103900049,340,1830,-1490
103900050,19,152,-133
103900051,2,37,-35
103900052,268,661,-393
103900053,273,1181,-908
103900054,172,762,-590
103900055,596,362,234
103900056,78,63,15
103900057,56,268,-212
103900058,324,1006,-682
103900059,2,20,-18
103900060,56,330,-274
103900061,192,82,110
103900062,489,122,367
103900063,17,1,16
103900064,123,19,104
103900065,1120,623,497
103900066,166,26,140
103900067,253,12,241
103900068,21,4,17
103900069,152,24,128
103900070,238,322,-84
103900071,25,190,-165
103900072,19,363,-344
103900073,63,46,17
103900074,127,150,-23
103900075,351,153,198
103900076,531,818,-287
103900077,110,137,-27
103900078,419,189,230
103900079,162,409,-247
103900080,10,40,-30
103900081,142,38,104
103900082,25,159,-134
103900083,2343,1540,803
103900084,113,249,-136
103900085,110,167,-57
103900086,870,494,376
103900087,16,113,-97
103900088,545,623,-78
103900089,63,185,-122
103900090,13,300,-287
103900091,1549,324,1225
103900092,1723,742,981
103900093,147,428,-281
103900094,31,211,-180
103900095,869,313,556
103900096,44,321,-277
103900097,19,836,-817
103900098,326,142,184
103900099,82,265,-183
103900100,274,559,-285
103900101,97,1474,-1377
103900102,1,57,-56
103900104,4,53,-49
103900105,171,301,-130
103900106,1,25,-24
103900107,184,364,-180
103900108,36,561,-525
103900109,105,123,-18
103900110,371,59,312
103900111,133,997,-864
103900112,96,151,-55
103900113,188,315,-127
103900114,609,452,157
103900115,333,435,-102
103900116,8254,3779,4475
103900117,210,135,75
103900119,63,88,-25
103900120,72,141,-69
103900122,114,341,-227
103900123,2243,1007,1236
103900124,59,704,-645
103900125,148,110,38
103900126,657,638,19
103900127,224,878,-654
103900128,147,270,-123
103900131,59,133,-74
103900133,1238,96,1142
103900134,0,3,-3
103900135,4,9,-5
103900137,0,58,-58
103900138,129,340,-211
103900139,259,2178,-1919
103900140,25,141,-116
103900141,421,108,313
103900142,268,253,15
103900143,53,5,48
103900144,0,83,-83
103900145,221,374,-153
103900146,392,405,-13
103900147,682,201,481
103900148,250,313,-63
103900149,353,1101,-748
103900150,10357,5786,4571
103900151,69,226,-157
103900152,617,826,-209
103900153,24,0,24
103900154,1652,2938,-1286
103900155,65,334,-269
103900156,38,265,-227
103900157,66,350,-284
103900158,134,292,-158
103900159,184,132,52
103900160,99,64,35
103900161,136,322,-186
103900162,78,402,-324
103900163,31,613,-582
103900164,30,6,24
103900167,31,133,-102
103900168,193,168,25
103900169,45,79,-34
103900170,6,182,-176
103900171,2,109,-107
103900172,2,43,-41
103900173,15,34,-19
103900174,231,109,122
103900175,123,144,-21
103900176,16,44,-28
103900177,28,102,-74
103900178,99,120,-21
103900179,68,196,-128
103900180,26,127,-101
103900181,76,59,17
103900182,68,39,29
103900184,704,135,569
103900185,370,455,-85
103900187,50,86,-36
103900188,63,25,38
103900189,146,12,134
103900190,131,92,39
103900191,34,102,-68
103900192,36,148,-112
103900193,291,361,-70
103900194,106,363,-257
103900195,7,90,-83
103900196,64,46,18
103900197,29,64,-35
103900198,25,89,-64
103900199,227,85,142
103900200,205,193,12
103900201,233,316,-83
103900202,19,69,-50
103900203,58,47,11
103900204,15,178,-163
103900207,1,227,-226
103900208,144,4,140
103900209,16,164,-148
103900210,65,36,29
103900211,714,638,76
103900212,129,543,-414
103900213,149,361,-212
103900214,422,182,240
103900215,761,446,315
103900216,16,623,-607
103900217,460,191,269
103900218,0,356,-356
103900219,239,439,-200
103900233,203,2,201
103900235,82,26,56
103900236,44,4,40
103900242,1,32,-31
103900243,12,3,9
103900244,177,415,-238
103900245,197,287,-90
103900246,94,69,25
103900247,65,188,-123
103900248,14,54,-40
103900249,36,40,-4
103900250,61,43,18
103900251,4,26,-22
103900253,106,112,-6
103900254,20,33,-13
103900255,32,32,0
103900256,22,44,-22
103900257,94,254,-160
103900258,92,2,90
103900259,187,7,180
103900261,8,2,6
103900262,54,3,51
103900263,64,117,-53
103900264,68,56,12
103900265,70,55,15
103900266,3,134,-131
103900267,15,87,-72
103900268,8,130,-122
103900269,227,215,12
103900270,106,237,-131
104000001,2897,2905,-8
104000002,2274,3920,-1646
104000003,3654,3340,314
104000004,4506,3927,579
104000005,1795,2659,-864
104000006,3941,4135,-194
104000007,5535,5449,86
104000008,464,591,-127
104000009,172,165,7
104000010,197,331,-134
104000011,833,489,344
104000012,192,572,-380
104000013,306,224,82
104000014,473,936,-463
104000015,343,232,111
104000016,660,657,3
104000018,927,222,705
104000019,776,253,523
104000020,311,920,-609
104000021,348,799,-451
104000022,165,381,-216
104000023,952,497,455
104000024,399,495,-96
104000026,70,449,-379
104000027,520,620,-100
104000028,523,330,193
104000029,461,729,-268
104000030,328,271,57
104000031,1312,547,765
104000032,336,502,-166
104000033,716,600,116
104000034,411,486,-75
104000035,1084,617,467
104000036,947,816,131
104000037,398,379,19
104000038,414,365,49
104000039,274,401,-127
104000040,503,612,-109
104000041,831,499,332
104000042,273,584,-311
104000043,481,541,-60
104000044,304,999,-695
104000045,1391,1511,-120
104000046,1761,2235,-474
104000047,1143,1721,-578
104000048,1362,2461,-1099
104000049,658,422,236
104000050,360,804,-444
104000051,167,783,-616
104000052,1742,2267,-525
104000053,1243,766,477
104000054,732,712,20
104000055,5613,3734,1879
104000056,2114,377,1737
104000057,181,717,-536
104000058,1099,1083,16
104000059,699,1514,-815
104000060,1278,1629,-351
104000061,2029,1550,479
104000062,396,224,172
104000064,634,428,206
104000065,343,847,-504
104000069,1590,1279,311
104000070,122,766,-644
104000071,203,666,-463
104000072,947,326,621
104000075,99,453,-354
104000076,778,260,518
104000082,3106,4354,-1248
104000083,1105,320,785
104000084,198,725,-527
104000085,362,410,-48
104000086,330,510,-180
104000087,617,2366,-1749
104000090,1097,1974,-877
104000092,1433,3433,-2000
104000094,1199,2435,-1236
104000095,2513,1977,536
104000096,2135,461,1674
104000097,2048,1317,731
104000098,2295,1620,675
104000100,2058,925,1133
104000101,1457,2790,-1333
104000106,126,816,-690
104000107,824,579,245
104000108,441,825,-384
104000109,387,116,271
104000110,1167,1579,-412
104000111,6179,3295,2884
104000112,3399,827,2572
104000116,9,1668,-1659
104000117,200,1043,-843
104000118,763,331,432
104000119,750,425,325
104000120,309,1238,-929
104000121,297,1032,-735
104000122,749,1097,-348
104000123,1263,1765,-502
104000124,1379,3929,-2550
104000125,6189,5213,976
104000126,628,713,-85
104000127,2207,4407,-2200
104000128,1010,666,344
104000129,626,49,577
104000130,34,355,-321
104000131,1010,617,393
104000132,1046,830,216
104000133,1631,1275,356
104000134,1282,2459,-1177
104000135,546,2439,-1893
104000136,1058,5457,-4399
104000137,1995,563,1432
104000138,1598,653,945
104000139,9925,4273,5652
104000141,1461,1823,-362
104000142,798,1105,-307
104000143,748,822,-74
104000144,129,268,-139
104000145,494,232,262
104000146,507,774,-267
104000147,184,529,-345
104000148,399,179,220
104000149,279,472,-193
104000150,1465,698,767
104000151,564,654,-90
104000152,735,984,-249
104000153,734,744,-10
104000154,1330,1020,310
104000155,532,668,-136
104000157,1358,2008,-650
104000158,677,524,153
104000159,1091,537,554
104000160,2242,2433,-191
104000161,268,278,-10
104000162,46,209,-163
104000165,1799,1430,369
104000167,813,1239,-426
104000168,712,16,696
104000169,161,57,104
104000170,743,818,-75
104000248,495,1003,-508
104000251,103,322,-219
104000272,0,0,0
104000273,0,0,0
104000274,0,0,0
104000275,0,0,0
104000279,934,616,318
104000290,218,417,-199
104000291,949,1614,-665
104000293,1168,946,222
104000294,42,0,42
104000295,836,1089,-253
104000296,550,1321,-771
104000297,1045,2459,-1414
104000298,2510,1321,1189
104000299,932,2025,-1093
104900001,212,588,-376
104900002,67,273,-206
104900003,110,470,-360
104900004,112,452,-340
104900005,389,349,40
104900006,385,109,276
104900007,302,315,-13
104900009,203,600,-397
104900010,96,98,-2
104900011,53,12,41
104900012,263,58,205
104900013,211,33,178
104900014,4568,559,4009
104900015,128,12,116
104900016,305,428,-123
104900017,294,309,-15
104900018,17,290,-273
104900019,479,3351,-2872
104900020,96,397,-301
104900021,4,299,-295
104900022,16,138,-122
104900023,5,201,-196
104900024,63,121,-58
104900025,72,437,-365
104900026,10,163,-153
104900027,536,444,92
104900028,24,127,-103
104900029,81,184,-103
104900030,679,342,337
104900031,163,353,-190
104900032,57,245,-188
104900033,195,339,-144
104900034,482,207,275
104900035,381,174,207
104900036,278,128,150
104900037,194,409,-215
104900038,807,1216,-409
104900039,1401,576,825
104900040,423,152,271
104900041,338,257,81
104900042,232,462,-230
104900043,4,206,-202
104900044,629,273,356
104900045,623,97,526
104900046,253,257,-4
104900047,375,182,193
104900048,342,93,249
104900049,120,56,64
104900050,439,231,208
104900051,411,81,330
104900052,89,4,85
104900053,517,155,362
104900054,220,111,109
104900055,160,0,160
104900056,225,26,199
104900057,49,2,47
104900058,2134,466,1668
104900059,242,58,184
104900060,2,669,-667
104900061,342,858,-516
104900063,5,148,-143
104900064,1,115,-114
104900065,0,189,-189
104900066,4,311,-307
104900067,7,497,-490
104900068,35,346,-311
104900070,247,403,-156
104900071,2,891,-889
104900072,128,348,-220
104900073,112,433,-321
104900074,139,341,-202
104900075,176,127,49
104900076,155,502,-347
104900077,1682,284,1398
104900078,221,760,-539
104900079,180,651,-471
104900080,121,682,-561
104900082,19,577,-558
104900085,1,288,-287
104900087,626,12,614
104900089,273,1,272
104900090,1092,745,347
104900091,832,1057,-225
104900093,358,789,-431
104900097,3890,2560,1330
104900098,176,52,124
104900099,367,877,-510
104900100,873,548,325
104900102,50,308,-258
104900103,595,119,476
104900104,4652,2431,2221
104900106,101,219,-118
104900107,158,423,-265
104900108,63,409,-346
104900109,136,549,-413
104900110,21,89,-68
104900111,213,188,25
104900112,318,1115,-797
104900113,825,564,261
104900114,421,762,-341
104900115,788,652,136
104900116,328,353,-25
104900118,49,101,-52
104900119,9,43,-34
104900120,34,290,-256
104900121,1,172,-171
104900122,5,139,-134
104900123,104,26,78
104900124,37,0,37
104900125,634,9,625
104900126,120,114,6
104900127,58,108,-50
104900128,116,291,-175
104900129,3426,2337,1089
105000001,2980,2243,737
105000002,3357,2463,894
105000003,4859,5193,-334
105000004,904,1567,-663
105000005,1148,1503,-355
105000006,1904,2012,-108
105000007,1807,1970,-163
105000008,2650,3887,-1237
105000009,2645,4015,-1370
105000010,4318,3631,687
105000011,3614,3317,297
105000012,5491,4531,960
105000013,1189,1410,-221
105000014,2294,3233,-939
105000015,12597,14873,-2276
105000016,5015,3360,1655
105000017,2757,1378,1379
105000018,2053,2241,-188
105000019,2573,1502,1071
105000020,324,630,-306
105000021,617,176,441
105000022,421,98,323
105000023,769,387,382
105000028,97,173,-76
105000029,856,1554,-698
105000030,5947,4311,1636
105000033,1500,2803,-1303
105000034,338,1263,-925
105000037,1007,597,410
105000038,2884,2352,532
105000039,4070,2948,1122
105000040,1323,1335,-12
105000041,1099,1950,-851
105000042,5084,1988,3096
105000043,2935,3126,-191
105000044,762,546,216
105000045,573,1345,-772
105000046,1198,537,661
105000047,698,2235,-1537
105000048,802,308,494
105000049,331,982,-651
105000050,820,579,241
105000051,318,686,-368
105000052,798,1369,-571
105000053,228,224,4
105000054,576,1320,-744
105000055,1372,614,758
105000056,1861,3537,-1676
105000057,1636,1283,353
105000058,2078,2062,16
105000059,1092,1085,7
105000060,741,1004,-263
105000061,830,809,21
105000062,1151,1404,-253
105000063,590,949,-359
105000064,1447,1148,299
105000065,508,1050,-542
105000066,1861,2768,-907
105000067,1707,1148,559
105000068,1034,1450,-416
105000069,3710,2119,1591
105000070,1209,1017,192
105000071,388,1005,-617
105000072,817,2313,-1496
105000073,1070,782,288
105000074,1795,1298,497
105000075,881,1128,-247
105000076,1896,1488,408
105000077,3512,1278,2234
105000078,2101,1750,351
105000079,2418,3508,-1090
105000080,2808,1879,929
105000081,3877,1417,2460
105000082,1830,1542,288
105000083,4944,2765,2179
105000084,1156,1481,-325
105000085,2275,1832,443
105000086,704,1438,-734
105000087,2654,2663,-9
105000088,2174,2158,16
105000089,4354,3117,1237
105000090,1518,1208,310
105000091,2255,2161,94
105000092,1211,1433,-222
105000093,579,288,291
105000094,400,359,41
105000095,148,617,-469
105000096,2255,1127,1128
105000097,1993,928,1065
105000098,1815,938,877
105000099,2083,1086,997
105000100,1594,1646,-52
105000101,2708,2921,-213
105000102,2839,2029,810
105000103,2170,3110,-940
105000104,2995,1327,1668
105000105,1991,2988,-997
105000106,2090,2923,-833
105000107,1681,1575,106
105000108,1952,2684,-732
105000109,2064,2677,-613
105000110,792,1223,-431
105000111,892,1094,-202
105000112,1524,1336,188
105000113,493,992,-499
105000114,4913,1656,3257
105000115,390,1327,-937
105000116,905,751,154
105000117,1120,1650,-530
105000118,748,796,-48
105000119,1013,1877,-864
105000120,1335,1031,304
105000121,1282,1810,-528
105000122,514,924,-410
105000123,1696,2171,-475
105000124,2186,1178,1008
105000125,1151,2902,-1751
105000126,2783,2768,15
105000127,3589,3125,464
105000128,955,1788,-833
105000129,1160,469,691
105000130,447,2637,-2190
105000131,1111,594,517
105000132,1063,706,357
105000133,625,1548,-923
105000134,949,833,116
105000135,590,973,-383
105000136,128,336,-208
105000137,355,511,-156
105000138,114,327,-213
105000139,1554,1518,36
105000140,285,748,-463
105000141,360,917,-557
105000142,192,644,-452
105000143,349,986,-637
105000144,451,1104,-653
105000145,797,666,131
105000146,775,1272,-497
105000147,729,540,189
105000148,1719,753,966
105000149,2870,2797,73
105000150,2999,2369,630
105000151,738,526,212
105000152,295,873,-578
105000153,735,938,-203
105000154,970,1028,-58
105000155,742,1350,-608
105000156,1484,1048,436
105000157,1422,2660,-1238
105000158,2771,1116,1655
105000159,329,1795,-1466
105000160,2276,937,1339
105000161,1018,1952,-934
105000162,934,2403,-1469
105000163,1985,1556,429
105000164,345,566,-221
105000165,2109,6895,-4786
105000166,9337,1339,7998
105000167,3591,1970,1621
105000168,535,1070,-535
105000169,620,691,-71
105000170,299,1856,-1557
105000171,1783,537,1246
105000172,224,77,147
105000173,253,68,185
105000174,143,82,61
105000175,123,214,-91
105000176,490,184,306
105000177,356,257,99
105000178,179,935,-756
105000179,590,310,280
105000180,225,182,43
105000181,124,561,-437
105000182,73,74,-1
105000183,3612,2558,1054
105000184,2098,1362,736
105000185,2526,1135,1391
105000186,973,1060,-87
105000187,1456,278,1178
105000188,807,209,598
105000189,486,647,-161
105000190,533,703,-170
105000191,523,456,67
105000192,453,109,344
105000193,163,222,-59
105000194,267,125,142
105000195,472,1213,-741
105000196,61,204,-143
105000197,356,926,-570
105000198,801,601,200
105000199,437,707,-270
105000200,289,316,-27
105000201,202,52,150
105000203,6,224,-218
105000204,102,137,-35
105000205,137,233,-96
105000207,918,354,564
105000208,357,734,-377
105000209,364,508,-144
105000212,1563,2027,-464
105000213,321,277,44
105000214,268,491,-223
105000215,457,339,118
105000216,208,602,-394
105000217,247,483,-236
105000218,1465,1527,-62
105000221,242,322,-80
105000222,885,81,804
105000223,451,181,270
105000226,113,478,-365
105000227,120,292,-172
105000228,461,1935,-1474
105000229,268,532,-264
105000231,351,437,-86
105000233,1132,912,220
105000234,804,1765,-961
105000235,521,888,-367
105000237,1086,160,926
105000243,41,375,-334
105000248,187,140,47
105000262,417,1993,-1576
105000269,148,318,-170
105000270,456,98,358
105000271,0,322,-322
105000282,168,89,79
105000287,509,145,364
105000288,772,660,112
105000289,3822,2253,1569
105000290,59,6,53
105000402,5880,4482,1398
105000426,797,870,-73
105000438,4330,1504,2826
105000446,19059,7727,11332
105000447,10834,4620,6214
105000454,507,1132,-625
105000455,433,363,70
105000474,51,6,45
105000477,433,645,-212
105000478,2560,4674,-2114
105000479,296,229,67
105000480,8395,5588,2807
105000481,4944,3985,959
105000482,8450,7529,921
105000483,1883,2223,-340
105000484,3938,3961,-23
105000485,2213,3004,-791
105000486,6512,4150,2362
105000488,10727,6998,3729
105000489,1140,1240,-100
105000549,240,183,57
105000550,908,2125,-1217
105000551,39,177,-138
105000552,4479,2868,1611
105900001,23,1578,-1555
105900002,1910,848,1062
105900003,14,153,-139
105900004,469,182,287
105900005,21,422,-401
105900006,34,152,-118
105900007,303,41,262
105900008,119,825,-706
105900009,58,33,25
105900011,903,64,839
105900012,1110,203,907
105900013,6,42,-36
105900014,21,111,-90
105900015,233,477,-244
105900016,641,926,-285
105900017,1520,91,1429
105900018,230,369,-139
105900019,102,904,-802
105900020,65,78,-13
105900021,38,463,-425
105900022,467,417,50
105900023,8,170,-162
105900024,34,248,-214
105900025,303,129,174
105900026,356,48,308
105900027,9154,14988,-5834
105900028,1293,345,948
105900029,2424,555,1869
105900030,400,369,31
105900031,575,266,309
105900032,104,189,-85
105900033,172,172,0
105900034,256,352,-96
105900035,467,272,195
105900036,89,178,-89
105900037,82,83,-1
105900038,187,370,-183
105900039,131,169,-38
105900040,116,156,-40
105900041,233,385,-152
105900042,108,178,-70
105900043,2518,108,2410
105900044,10,347,-337
105900045,7,1230,-1223
105900046,12,312,-300
105900047,15,49,-34
105900048,151,978,-827
105900050,11634,2379,9255
105900051,29,1814,-1785
105900052,903,576,327
105900053,5792,3812,1980
105900054,556,443,113
105900056,1096,470,626
105900057,71,265,-194
105900058,11,25,-14
105900059,0,33,-33
106000001,5989,3283,2706
106000002,3608,7121,-3513
106000003,3833,4862,-1029
106000004,2809,3728,-919
106000005,3482,7896,-4414
106000006,8285,6427,1858
106000007,642,781,-139
106000008,526,480,46
106000009,601,549,52
106000010,699,793,-94
106000011,1124,1416,-292
106000012,1155,2065,-910
106000013,2158,2845,-687
106000014,2409,2345,64
106000015,1637,1747,-110
106000016,1762,3320,-1558
106000017,776,994,-218
106000018,802,726,76
106000019,415,571,-156
106000020,400,679,-279
106000021,324,640,-316
106000022,467,387,80
106000023,718,453,265
106000024,825,939,-114
106000025,129,293,-164
106000026,213,382,-169
106000027,1544,2038,-494
106000028,741,840,-99
106000029,1438,1683,-245
106000030,1196,569,627
106000034,361,812,-451
106000035,1384,2163,-779
106000036,411,625,-214
106000037,2862,2205,657
106000038,648,190,458
106000039,237,98,139
106000040,218,1105,-887
106000041,1110,669,441
106000043,889,269,620
106000046,545,65,480
106000047,82,629,-547
106000049,1092,233,859
106000050,552,1171,-619
106000051,780,542,238
106000052,125,900,-775
106000053,331,147,184
106000054,580,639,-59
106000055,1130,1605,-475
106000056,342,588,-246
106000057,290,388,-98
106000058,217,309,-92
106000059,406,380,26
106000060,573,823,-250
106000061,238,694,-456
106000062,201,757,-556
106000063,816,726,90
106000064,49,613,-564
106000065,480,419,61
106000066,140,507,-367
106000067,552,164,388
106000068,55,807,-752
106000069,267,97,170
106000070,573,1230,-657
106000071,1295,484,811
106000072,5095,2298,2797
106000073,2602,3860,-1258
106000074,697,950,-253
106000075,425,1853,-1428
106000076,2104,2965,-861
106000077,4619,1923,2696
106000078,1152,1464,-312
106000079,774,1450,-676
106000080,1771,972,799
106000081,863,1587,-724
106000082,3216,1221,1995
106000083,476,2124,-1648
106000084,1416,916,500
106000085,2122,2345,-223
106000086,850,1211,-361
106000087,1131,860,271
106000088,461,1082,-621
106000089,1100,550,550
106000090,326,865,-539
106000091,320,840,-520
106000092,918,402,516
106000093,392,194,198
106000094,149,396,-247
106000095,762,1315,-553
106000096,1155,1026,129
106000097,1264,1549,-285
106000098,888,1490,-602
106000099,288,1054,-766
106000100,1285,356,929
106000101,1493,340,1153
106000102,275,817,-542
106000103,418,739,-321
106000104,890,601,289
106000105,651,1029,-378
106000106,775,691,84
106000107,148,428,-280
106000108,321,473,-152
106000109,214,345,-131
106000110,222,426,-204
106000111,250,586,-336
106000112,201,579,-378
106000113,1116,811,305
106000114,671,683,-12
106000115,284,753,-469
106000116,236,289,-53
106000117,1321,1022,299
106000118,1537,1885,-348
106000119,2458,1702,756
106000120,1087,1446,-359
106000121,235,227,8
106000122,153,380,-227
106000123,444,298,146
106000124,61,381,-320
106000125,43,410,-367
106000126,400,175,225
106000127,993,1187,-194
106000128,907,288,619
106000129,588,843,-255
106000130,861,424,437
106000131,155,976,-821
106000132,771,229,542
106000133,3591,1600,1991
106000134,845,2171,-1326
106000135,314,1014,-700
106000136,828,1043,-215
106000137,100,1461,-1361
106000138,1285,116,1169
106000139,68,184,-116
106000140,59,111,-52
106000141,127,129,-2
106000142,100,103,-3
106000143,142,148,-6
106000144,53,81,-28
106000145,334,470,-136
106000146,359,240,119
106000147,772,678,94
106000148,1014,1242,-228
106000149,772,504,268
106000150,639,2623,-1984
106000151,5589,1146,4443
106000152,2010,2664,-654
106000153,149,2310,-2161
106000154,1693,317,1376
106000155,135,322,-187
106000156,940,456,484
106000157,941,2675,-1734
106000158,3666,1345,2321
106000159,5038,2476,2562
106000160,487,3509,-3022
106000161,1994,680,1314
106000162,264,1117,-853
106000163,404,675,-271
106000164,459,575,-116
106000165,273,858,-585
106000166,930,480,450
106000167,535,1728,-1193
106000168,566,394,172
106000169,288,898,-610
106000170,909,382,527
106000171,264,1478,-1214
106000172,3840,1747,2093
106000173,1474,3708,-2234
106000174,1270,527,743
106000175,430,1478,-1048
106000176,2064,1017,1047
106000177,1112,3565,-2453
106000178,4254,2260,1994
106000179,1591,3469,-1878
106000180,1162,2254,-1092
106000181,968,2451,-1483
106000182,1332,1139,193
106000183,1519,1061,458
106000184,3410,1140,2270
106000185,2233,1651,582
106000186,1203,267,936
106000187,374,1584,-1210
106000188,0,1,-1
106000189,19,54,-35
106000190,33,0,33
106000191,830,360,470
106000192,14,48,-34
106000193,591,342,249
106000194,275,626,-351
106000195,1207,313,894
106000196,375,825,-450
106000197,643,465,178
106000198,223,478,-255
106000199,1227,1442,-215
106000200,539,337,202
106000201,729,4254,-3525
106000202,7270,974,6296
106000203,150,261,-111
106000204,125,13,112
106000205,43,184,-141
106000206,139,29,110
106000207,57,1159,-1102
106000208,1549,255,1294
106000209,1700,547,1153
106000210,437,1612,-1175
106000211,539,1789,-1250
106000212,1018,521,497
106000213,1205,2081,-876
106000214,3881,903,2978
106000215,391,718,-327
106000216,510,518,-8
106000217,383,723,-340
106000218,662,555,107
106000219,182,440,-258
106000220,438,369,69
106000221,197,355,-158
106000222,79,150,-71
106000223,195,160,35
106000224,251,367,-116
106000225,100,137,-37
106000226,199,378,-179
106000228,58,157,-99
106000229,125,885,-760
106000231,997,250,747
106000232,65,478,-413
106000233,1017,155,862
106000234,197,237,-40
106000235,812,94,718
106000236,319,77,242
106000237,13,32,-19
106000238,85,31,54
106000239,4,173,-169
106000240,62,2,60
106000241,32,988,-956
106000242,472,39,433
106000249,85,144,-59
106000250,86,871,-785
106000251,127,61,66
106000252,54,167,-113
106000253,56,102,-46
106000254,54,73,-19
106000255,37,201,-164
106000256,89,134,-45
106000257,181,390,-209
106000258,376,32,344
106000259,7,75,-68
106000260,43,7,36
106000261,9,72,-63
106000262,157,16,141
106000263,27,102,-75
106000264,293,15,278
106000265,17,238,-221
106000266,200,30,170
106000267,8,172,-164
106000268,764,65,699
106000269,91,111,-20
106000270,212,733,-521
106000271,116,380,-264
106000272,312,96,216
106000273,9,396,-387
106000274,284,78,206
106000275,201,316,-115
106000276,259,60,199
106000277,186,262,-76
106000278,323,47,276
106000279,34,71,-37
106000280,102,142,-40
106000281,114,102,12
106000282,69,85,-16
106000283,205,111,94
106000284,96,178,-82
106000285,172,140,32
106000286,122,234,-112
106000287,168,119,49
106000288,143,224,-81
106000289,119,78,41
106000290,53,171,-118
106000291,120,152,-32
106000292,104,236,-132
106000293,141,156,-15
106000294,158,228,-70
106000295,54,92,-38
106000296,97,180,-83
106000297,73,313,-240
106000298,222,82,140
106000299,88,204,-116
106000300,67,160,-93
106000301,106,157,-51
106000303,41,120,-79
106000304,47,50,-3
106000305,67,67,0
106000306,48,73,-25
106000307,68,26,42
106000308,65,168,-103
106000309,21,96,-75
106000310,363,761,-398
106000311,475,225,250
106000312,145,223,-78
106000313,170,346,-176
106000318,251,611,-360
106000319,1297,274,1023
106000320,2,78,-76
106000321,606,124,482
106000322,180,265,-85
106000324,10,161,-151
106000325,1954,1295,659
106000326,1324,2603,-1279
106000327,159,166,-7
106000328,22,183,-161
106000329,121,427,-306
106000330,67,94,-27
106000428,83,173,-90
106000429,188,550,-362
106000430,507,1781,-1274
106000431,2597,433,2164
106000432,2266,3886,-1620
106000433,2536,1593,943
106000434,4088,2014,2074
106000435,2515,3685,-1170
106000436,18,359,-341
106000437,403,41,362
106000438,1172,276,896
106000439,118,676,-558
106000440,332,648,-316
106000441,0,2,-2
106000442,204,23,181
106000443,159,495,-336
106000450,4,279,-275
106000451,27,74,-47
106000454,4,215,-211
106000455,34,280,-246
106000456,210,52,158
106000457,19,1414,-1395
106000458,813,213,600
106000459,210,551,-341
106000460,1681,69,1612
106000461,116,2173,-2057
106000462,2,28,-26
106000463,3,30,-27
106000464,8,650,-642
106000465,658,5,653
106000466,19,995,-976
106000467,546,828,-282
106000468,147,292,-145
106000469,299,0,299
106000470,370,2443,-2073
106000471,54,898,-844
106000472,226,24,202
106000473,42,14,28
106000474,485,778,-293
106000475,310,270,40
106000476,229,219,10
106000477,19,63,-44
106900001,0,17,-17
106900002,5,656,-651
106900003,303,1339,-1036
106900004,0,83,-83
106900006,0,17,-17
106900007,1,21,-20
106900008,448,457,-9
106900009,396,499,-103
106900010,312,431,-119
106900012,2841,2803,38
106900013,745,204,541
106900014,38,4,34
106900015,14,1,13
106900016,370,14,356
106900017,11,0,11
106900018,2,0,2
106900019,45,2,43
106900020,3634,1906,1728
106900021,227,156,71
106900022,835,3,832
106900023,73,313,-240
106900024,755,53,702
106900025,116,988,-872
106900026,3,908,-905
106900027,1134,4,1130
107000001,5671,4050,1621
107000002,5794,6935,-1141
107000003,6686,7918,-1232
107000004,7891,7977,-86
107000005,4721,6539,-1818
107000006,5961,7789,-1828
107000007,6843,13392,-6549
107000008,17657,13460,4197
107000009,8721,9192,-471
107000010,15988,16269,-281
107000011,1671,2111,-440
107000012,6035,5284,751
107000013,54,160,-106
107000014,61,318,-257
107000015,657,1049,-392
107000016,888,1171,-283
107000017,6887,1587,5300
107000018,44,706,-662
107000020,4139,940,3199
107000021,2151,798,1353
107000022,1592,1592,0
107000023,2362,481,1881
107000024,674,2217,-1543
107000025,310,536,-226
107000026,269,830,-561
107000027,1628,1526,102
107000028,1552,2306,-754
107000029,3672,3422,250
107000030,4430,5027,-597
107000031,4699,3573,1126
107000032,736,1557,-821
107000033,5022,8238,-3216
107000034,5819,2882,2937
107000035,491,349,142
107000036,514,1855,-1341
107000037,100,1117,-1017
107000038,372,357,15
107000039,1213,1008,205
107000040,223,531,-308
107000041,2557,1151,1406
107000042,1245,2838,-1593
107000043,3675,1421,2254
107000044,761,493,268
107000045,202,496,-294
107000046,1031,566,465
107000047,707,1173,-466
107000048,995,464,531
107000049,829,1121,-292
107000050,1408,731,677
107000051,641,630,11
107000052,1582,1311,271
107000053,695,329,366
107000054,96,463,-367
107000055,169,137,32
107000056,554,1295,-741
107000057,1865,339,1526
107000058,2589,2998,-409
107000059,3230,5332,-2102
107000060,5069,7420,-2351
107000061,7946,5774,2172
107000062,4708,3832,876
107000063,5673,7655,-1982
107000064,6392,3015,3377
107000065,6428,7319,-891
107000066,2935,3830,-895
107000067,1577,1523,54
107000068,2407,903,1504
107000069,954,689,265
107000070,1026,22,1004
107000071,3601,70,3531
107000072,109,4406,-4297
107000073,902,412,490
107000074,246,1434,-1188
107000075,2068,587,1481
107000076,1074,2231,-1157
107000077,3771,1546,2225
107000078,3361,4877,-1516
107000079,3314,1302,2012
107000080,1697,4719,-3022
107000081,2120,915,1205
107000082,714,2874,-2160
107000083,1741,603,1138
107000084,606,2979,-2373
107000085,3620,4572,-952
107000086,5095,5116,-21
107000087,3503,2957,546
107000088,4297,5219,-922
107000089,1778,2556,-778
107000090,1554,1638,-84
107000091,1552,1273,279
107000092,1180,1578,-398
107000093,1450,1139,311
107000094,1658,1746,-88
107000095,973,780,193
107000096,829,1336,-507
107000097,1140,294,846
107000098,653,536,117
107000099,600,390,210
107000100,405,413,-8
107000101,161,294,-133
107000102,647,473,174
107000103,461,294,167
107000104,279,437,-158
107000105,391,202,189
107000106,328,402,-74
107000107,765,268,497
107000108,310,1053,-743
107000109,880,226,654
107000110,166,658,-492
107000111,539,98,441
107000112,58,496,-438
107000113,828,162,666
107000114,162,877,-715
107000115,669,183,486
107000116,162,1155,-993
107000117,148,765,-617
107000118,146,323,-177
107000119,2344,2283,61
107000120,2185,630,1555
107000121,871,1037,-166
107000122,1404,1392,12
107000123,447,1159,-712
107000124,727,1282,-555
107000125,1000,1062,-62
107000126,1227,1179,48
107000127,48,444,-396
107000129,1330,383,947
107000130,1461,464,997
107000131,707,714,-7
107000132,1025,521,504
107000133,1413,184,1229
107000134,437,8,429
107000135,14,433,-419
107000136,1150,16,1134
107000137,22,554,-532
107000138,572,36,536
107000139,24,635,-611
107000140,2032,170,1862
107000141,216,1146,-930
107000142,532,174,358
107000143,91,1112,-1021
107000144,714,748,-34
107000145,225,771,-546
107000146,240,599,-359
107000147,3922,1206,2716
107000150,1327,3961,-2634
107000151,67,131,-64
107000152,856,1509,-653
107000153,369,591,-222
107000154,356,281,75
107000155,1858,31,1827
107000156,1579,44,1535
107000157,50,2631,-2581
107000158,747,21,726
107000159,41,1548,-1507
107000160,1140,191,949
107000161,97,2512,-2415
107000162,369,750,-381
107000163,235,3,232
107000164,801,0,801
107000165,1025,6,1019
107000166,83,1819,-1736
107000167,744,326,418
107000168,989,625,364
107000169,1182,1260,-78
107000170,2632,1192,1440
107000171,1053,3266,-2213
107000172,1467,1836,-369
107000173,968,1651,-683
107000174,1288,6974,-5686
107000175,10439,2776,7663
107000176,0,1,-1
107000177,23,3,20
107000178,21,58,-37
107000179,472,3328,-2856
107000180,1604,770,834
107000181,539,1534,-995
107000182,1850,1244,606
107000183,188,1317,-1129
107000184,1226,973,253
107000185,707,2112,-1405
107000186,1667,542,1125
107000187,1646,1722,-76
107000188,729,836,-107
107000189,585,1516,-931
107000190,821,1176,-355
107000191,876,1525,-649
107000192,2101,1262,839
107000193,571,737,-166
107000194,1207,1131,76
107000197,1346,361,985
107000198,387,1038,-651
107000199,820,1268,-448
107000200,1113,1083,30
107000201,544,275,269
107000202,406,819,-413
107000203,1911,866,1045
107000204,3187,997,2190
107000205,3149,1357,1792
107000206,1495,1674,-179
107000207,1159,1536,-377
107000208,1910,641,1269
107000209,3444,1815,1629
107000210,1165,480,685
107000211,9,65,-56
107000212,16,605,-589
107000213,4,54,-50
107000214,23,312,-289
107000215,671,647,24
107000216,532,612,-80
107000217,268,236,32
107000219,141,202,-61
107000220,353,392,-39
107000222,342,1165,-823
107000224,511,122,389
107000225,339,707,-368
107000226,562,122,440
107000227,121,406,-285
107000228,113,286,-173
107000229,348,224,124
107000230,1364,719,645
107000231,2819,1941,878
107000232,183,74,109
107000233,2037,1183,854
107000234,1,59,-58
107000235,74,7,67
107000236,29,843,-814
107000237,33,1,32
107000238,22,1,21
107000239,5301,801,4500
107000240,103,1389,-1286
107000241,156,51,105
107000242,763,89,674
107000243,0,108,-108
107000244,5,102,-97
107000246,2,1570,-1568
107000249,8,1408,-1400
107000251,1,362,-361
107000252,11,1547,-1536
107000255,803,200,603
107000257,4,644,-640
107000258,1,208,-207
107000259,2,337,-335
107000260,696,21,675
107000262,14,839,-825
107000263,416,13,403
107000266,17,9,8
107000267,128,220,-92
107000268,188,225,-37
107000269,1468,60,1408
107000270,5,28,-23
107000271,49,976,-927
107000272,53,211,-158
107000273,7,311,-304
107000274,3042,235,2807
107000275,355,938,-583
107000280,1008,65,943
107000281,76,1469,-1393
107000282,56,1433,-1377
107000290,7,29,-22
107000291,32,21,11
107000292,3,60,-57
107000293,144,3,141
107000294,0,40,-40
107000295,28,0,28
107000296,0,26,-26
107000444,441,12,429
107000496,2,26,-24
107000497,2105,3809,-1704
107000500,463,429,34
107000501,155,261,-106
107000502,291,515,-224
107000505,704,1255,-551
107000506,5,50,-45
107000508,13,927,-914
107000509,316,1437,-1121
107000510,37,23,14
107000514,71,484,-413
107000515,17,312,-295
107000516,338,413,-75
107000518,1265,1453,-188
107000519,3538,1521,2017
107000520,101,35,66
107900001,42,193,-151
107900002,80,10,70
107900003,295,30,265
107900004,110,1,109
107900005,1674,8,1666
107900006,328,5,323
107900007,471,54,417
107900008,168,59,109
107900009,305,5,300
107900010,21,0,21
107900012,322,23,299
107900013,354,68,286
107900014,57,9,48
107900015,1245,18,1227
107900016,653,144,509
107900017,41,5,36
107900018,84,189,-105
107900019,26,67,-41
107900020,177,22,155
107900021,64,202,-138
107900023,7,2,5
107900024,0,52,-52
107900025,270,444,-174
107900026,75,104,-29
107900027,84,97,-13
107900028,97,106,-9
107900030,173,27,146
107900031,94,275,-181
107900032,41,3,38
107900033,27,7,20
107900034,551,18,533
107900035,984,104,880
107900036,83,32,51
107900037,1,70,-69
107900038,211,372,-161
107900039,57,78,-21
107900040,185,207,-22
107900041,2,2,0
107900043,38,292,-254
107900044,12,12,0
107900045,163,62,101
107900046,282,242,40
107900047,34,150,-116
107900048,193,6,187
107900049,494,2317,-1823
107900050,201,520,-319
107900051,119,118,1
107900052,43,33,10
107900053,34,120,-86
107900055,1168,481,687
107900056,227,58,169
107900057,2,0,2
107900058,70,971,-901
107900060,36,47,-11
107900061,20,7,13
107900063,148,161,-13
107900064,597,161,436
107900065,281,33,248
107900066,22,7,15
107900067,10,0,10
107900068,347,364,-17
107900069,29,2351,-2322
107900070,175,79,96
107900071,45,1263,-1218
107900072,107,287,-180
107900073,131,153,-22
107900074,1202,366,836
107900076,175,98,77
107900077,55,2,53
107900078,344,41,303
107900079,6,33,-27
107900080,451,410,41
107900081,46,153,-107
107900082,33,35,-2
107900083,622,246,376
107900084,175,200,-25
107900086,60,228,-168
107900087,845,160,685
107900088,29,11,18
107900089,422,1573,-1151
107900090,854,3661,-2807
107900091,315,641,-326
107900092,2853,742,2111
107900093,147,129,18
107900095,5023,3180,1843
107900097,22,130,-108
107900098,70,247,-177
107900100,1488,1710,-222
107900101,1564,287,1277
107900102,27,8,19
107900103,58,260,-202
107900104,294,11,283
107900105,13,424,-411
107900106,3,1576,-1573
107900107,1802,778,1024
107900108,543,228,315
107900109,1507,15,1492
107900110,57,138,-81
107900111,10,1370,-1360
107900112,147,540,-393
107900113,302,223,79
107900114,184,231,-47
107900115,5,57,-52
107900116,215,277,-62
107900117,688,587,101
107900118,104,248,-144
107900119,90,338,-248
107900120,31,26,5
107900121,7,370,-363
107900122,5,118,-113
107900123,8,59,-51
107900124,58,64,-6
107900125,48,300,-252
107900126,12,72,-60
107900127,678,380,298
107900128,140,102,38
107900129,92,43,49
107900130,113,44,69
107900131,1034,330,704
107900132,204,661,-457
107900133,3,126,-123
107900134,41,58,-17
107900135,5,254,-249
107900136,56,61,-5
107900137,207,168,39
107900138,83,71,12
107900139,64,105,-41
107900140,134,64,70
107900141,104,91,13
107900142,96,1301,-1205
107900143,98,45,53
107900144,4,193,-189
107900145,12,140,-128
107900146,80,203,-123
107900147,93,43,50
107900148,226,236,-10
107900149,1694,379,1315
107900150,132,1191,-1059
107900151,34,180,-146
107900152,15,344,-329
107900153,184,501,-317
107900154,70,38,32
107900155,78,74,4
107900156,7,446,-439
107900157,57,66,-9
107900158,1072,57,1015
107900159,56,1401,-1345
107900160,171,233,-62
107900161,31,258,-227
107900162,1,246,-245
107900163,300,60,240
107900164,14,52,-38
107900165,24,159,-135
107900166,27,305,-278
107900167,73,43,30
107900168,30,47,-17
107900169,2,317,-315
107900171,33,2347,-2314
107900172,5,467,-462
107900173,22,243,-221
107900174,182,8,174
107900175,40,43,-3
107900176,34,59,-25
107900177,8,235,-227
107900178,0,243,-243
107900179,58,243,-185
107900180,1172,726,446
107900181,475,386,89
107900182,5,1809,-1804
107900183,45,427,-382
107900184,162,407,-245
107900185,120,11,109
107900186,28,77,-49
107900187,0,201,-201
107900188,995,200,795
107900189,38,174,-136
107900190,134,161,-27
107900191,78,187,-109
107900193,8,72,-64
107900194,359,16,343
107900195,4387,781,3606
107900196,92,149,-57
107900197,1409,424,985
107900199,4,1302,-1298
107900201,136,174,-38
107900203,62,95,-33
107900204,286,368,-82
107900205,268,605,-337
107900206,1560,246,1314
107900207,2,922,-920
107900208,11,863,-852
107900209,579,203,376
107900210,100,163,-63
107900213,1246,899,347
107900214,19,154,-135
107900215,245,376,-131
107900216,208,148,60
107900217,67,136,-69
107900218,33,1676,-1643
107900219,38,189,-151
107900220,327,392,-65
107900221,279,291,-12
107900223,120,894,-774
107900224,179,418,-239
107900225,16,858,-842
107900226,109,246,-137
107900227,161,692,-531
107900228,41,154,-113
107900229,2,318,-316
107900230,14,174,-160
107900231,18,322,-304
107900232,54,245,-191
107900233,0,228,-228
107900234,117,167,-50
107900235,70,147,-77
107900236,132,113,19
107900237,90,455,-365
107900238,39,200,-161
107900239,1415,569,846
107900240,56,159,-103
107900241,12,179,-167
107900242,30,391,-361
107900243,0,81,-81
107900244,423,1,422
107900245,746,39,707
107900246,504,22,482
107900248,598,720,-122
107900249,891,38,853
107900250,0,814,-814
107900251,93,2100,-2007
107900252,1294,38,1256
107900253,232,6,226
107900254,81,642,-561
107900255,540,138,402
107900256,2518,734,1784
107900257,264,192,72
107900258,141,391,-250
107900259,160,2511,-2351
107900261,9,700,-691
107900262,90,225,-135
107900264,367,9,358
107900265,241,252,-11
107900267,225,29,196
107900268,65,18,47
107900269,1,14,-13
107900270,1,0,1
107900271,13,26,-13
107900272,216,22,194
107900273,49,131,-82
107900274,69,1,68
107900275,37,0,37
107900276,1,111,-110
107900277,2,323,-321
107900278,333,500,-167
107900279,205,214,-9
107900280,2318,3321,-1003
107900281,3652,3394,258
107900282,76,607,-531
107900283,2058,679,1379
107900284,767,888,-121
107900285,137,190,-53
107900286,240,161,79
107900287,187,255,-68
107900290,0,136,-136
107900291,555,21,534
107900292,142,335,-193
107900293,84,605,-521
107900295,64,98,-34
107900297,2,504,-502
107900298,1279,1130,149
107900299,4245,2968,1277
107900300,87,319,-232
107900301,1039,689,350
107900302,142,47,95
107900303,247,564,-317
107900304,295,611,-316
107900305,451,46,405
107900306,23,25,-2
107900307,59,291,-232
107900308,184,122,62
107900309,281,3,278
107900310,504,9,495
107900311,3,288,-285
107900312,168,2,166
107900313,1,135,-134
107900314,0,51,-51
107900315,0,98,-98
107900316,97,9,88
107900317,188,30,158
107900318,13,247,-234
107900319,10,395,-385
107900320,1,208,-207
107900321,170,6,164
107900322,1,170,-169
107900323,14,223,-209
107900324,235,2,233
107900325,127,1,126
107900326,520,478,42
107900327,1,75,-74
107900328,451,9,442
107900329,309,170,139
107900330,15,579,-564
107900331,202,40,162
107900332,310,70,240
107900333,84,19,65
107900334,20,264,-244
107900335,64,85,-21
107900336,43,76,-33
107900337,1766,1055,711
107900338,4,171,-167
107900339,7,44,-37
107900340,1,61,-60
107900341,91,5,86
107900342,153,151,2
107900343,199,10,189
107900344,11,150,-139
107900345,154,65,89
107900346,25,3,22
107900347,29,4,25
107900348,7,3,4
107900349,24,7,17
107900350,43,317,-274
108000001,3485,4782,-1297
108000002,2984,4337,-1353
108000003,4454,3638,816
108000004,19461,22233,-2772
108000005,8978,6714,2264
108000006,11259,10360,899
108000007,5916,5228,688
108000008,6722,8885,-2163
108000009,4344,5391,-1047
108000010,4653,6788,-2135
108000011,14331,14442,-111
108000012,24549,24335,214
108000014,1197,880,317
108000015,792,325,467
108000016,383,892,-509
108000017,1194,504,690
108000018,2284,818,1466
108000019,2807,1018,1789
108000020,1717,694,1023
108000021,533,2364,-1831
108000022,715,2010,-1295
108000023,1389,285,1104
108000024,278,762,-484
108000025,332,378,-46
108000026,569,634,-65
108000027,788,602,186
108000028,590,392,198
108000029,533,712,-179
108000030,1229,337,892
108000031,493,892,-399
108000032,1531,812,719
108000033,1045,1617,-572
108000034,1864,665,1199
108000035,1272,3407,-2135
108000036,478,1686,-1208
108000037,1728,648,1080
108000038,2961,831,2130
108000039,806,3109,-2303
108000040,2179,1176,1003
108000041,914,3633,-2719
108000042,279,320,-41
108000043,307,441,-134
108000044,542,256,286
108000045,436,935,-499
108000046,1653,433,1220
108000047,661,1544,-883
108000048,257,603,-346
108000049,979,381,598
108000050,122,644,-522
108000051,335,177,158
108000052,369,1037,-668
108000053,484,242,242
108000054,751,1494,-743
108000055,1585,611,974
108000056,1424,1597,-173
108000057,906,1365,-459
108000058,2540,4484,-1944
108000059,4410,2966,1444
108000060,213,531,-318
108000061,188,379,-191
108000062,869,771,98
108000063,568,742,-174
108000064,224,363,-139
108000065,936,855,81
108000066,2065,1131,934
108000067,2151,801,1350
108000068,914,501,413
108000069,287,1609,-1322
108000070,1918,854,1064
108000071,849,2135,-1286
108000072,1841,1391,450
108000073,1928,2683,-755
108000074,612,486,126
108000075,485,1185,-700
108000076,900,642,258
108000077,829,984,-155
108000078,2604,1905,699
108000079,1117,2452,-1335
108000080,1286,799,487
108000081,681,2617,-1936
108000082,1395,2758,-1363
108000083,2208,1246,962
108000084,523,1707,-1184
108000085,837,557,280
108000086,1092,1211,-119
108000087,205,2068,-1863
108000088,215,7,208
108000089,495,556,-61
108000090,571,245,326
108000091,314,705,-391
108000092,163,159,4
108000093,236,978,-742
108000094,711,156,555
108000095,211,688,-477
108000096,316,256,60
108000097,202,755,-553
108000098,1764,2081,-317
108000099,319,142,177
108000100,88,289,-201
108000101,1596,1820,-224
108000102,1796,3859,-2063
108000106,1161,0,1161
108000107,5,1130,-1125
108000108,1000,67,933
108000109,14,1157,-1143
108000110,248,481,-233
108000111,283,1100,-817
108000112,90,175,-85
108000113,780,408,372
108000115,525,471,54
108000117,1048,540,508
108000118,164,312,-148
108000119,878,460,418
108000120,192,991,-799
108000121,267,690,-423
108000122,684,494,190
108000123,719,321,398
108000124,318,810,-492
108000125,357,373,-16
108000126,212,619,-407
108000127,655,425,230
108000128,838,731,107
108000129,440,1607,-1167
108000130,612,352,260
108000131,995,674,321
108000132,2877,2233,644
108000133,1010,647,363
108000134,674,927,-253
108000135,1313,551,762
108000136,706,1348,-642
108000137,585,484,101
108000138,457,1381,-924
108000139,533,523,10
108000140,177,34,143
108000141,85,127,-42
108000142,106,186,-80
108000143,32,38,-6
108000144,51,36,15
108000145,101,28,73
108000146,102,35,67
108000147,126,44,82
108000148,155,32,123
108000149,39,31,8
108000150,45,8,37
108000151,58,13,45
108000152,145,725,-580
108000153,576,232,344
108000154,110,30,80
108000155,51,32,19
108000156,383,169,214
108000157,339,1122,-783
108000158,135,912,-777
108000159,931,221,710
108000160,5335,1374,3961
108000161,5097,3397,1700
108000165,8,267,-259
108000172,3,423,-420
108000173,2911,2406,505
108000175,254,136,118
108000178,542,440,102
108000179,298,976,-678
108000181,35,53,-18
108000182,158,21,137
108000183,59,32,27
108000184,1437,2650,-1213
108000185,311,899,-588
108000186,277,98,179
108000187,119,921,-802
108000188,679,347,332
108000189,902,1707,-805
108000190,41,212,-171
108000192,242,819,-577
108000193,1195,100,1095
108000194,73,30,43
108000195,5,1561,-1556
108000196,291,241,50
108000198,548,564,-16
108000199,4,204,-200
108000200,641,861,-220
108000202,1,297,-296
108000203,164,1146,-982
108000204,151,78,73
108000205,529,785,-256
108000339,2142,537,1605
108000364,170,394,-224
108000365,119,437,-318
108000367,201,585,-384
108000368,12,98,-86
108000369,2112,337,1775
108000371,0,793,-793
108000372,687,2,685
108000373,264,237,27
108000376,100,38,62
108000377,462,341,121
108000378,11189,13046,-1857
108000379,40,298,-258
108000381,81,15,66
108000382,145,3,142
108000383,0,162,-162
108900001,134,1404,-1270
108900002,269,99,170
108900003,444,1212,-768
108900004,225,434,-209
108900005,83,466,-383
108900006,816,215,601
108900007,279,282,-3
108900008,144,219,-75
108900009,79,132,-53
108900010,182,243,-61
108900011,462,485,-23
108900012,454,612,-158
108900013,148,327,-179
108900014,8,134,-126
108900015,1,85,-84
108900016,3,323,-320
108900017,411,469,-58
108900018,161,645,-484
108900019,175,1260,-1085
108900020,55,326,-271
108900021,159,339,-180
108900022,191,14,177
108900023,3,60,-57
108900024,68,211,-143
108900025,88,180,-92
108900026,31,144,-113
108900027,1,115,-114
108900028,94,448,-354
108900029,73,404,-331
108900030,0,167,-167
108900031,111,472,-361
108900032,29,356,-327
108900033,0,134,-134
108900034,0,295,-295
108900035,349,2069,-1720
108900036,209,436,-227
108900037,134,578,-444
108900038,1,458,-457
108900039,1,630,-629
108900040,13,136,-123
108900041,7341,3842,3499
108900042,9,428,-419
108900043,117,628,-511
108900044,1,712,-711
108900045,103,735,-632
108900046,75,1199,-1124
108900047,1,93,-92
108900048,160,1315,-1155
108900049,5914,1680,4234
108900050,5,304,-299
108900051,2,288,-286
108900052,51,355,-304
108900053,126,273,-147
108900054,104,340,-236
108900055,126,547,-421
108900056,1,236,-235
108900057,5,283,-278
108900058,51,623,-572
108900059,483,51,432
108900060,116,252,-136
108900061,117,63,54
108900062,11,383,-372
108900063,16,493,-477
108900064,246,103,143
108900065,18,350,-332
108900066,327,184,143
108900067,74,269,-195
108900068,1,151,-150
108900069,51,167,-116
108900070,69,205,-136
108900071,101,98,3
108900072,3294,1160,2134
108900073,5,106,-101
108900074,219,718,-499
108900075,93,76,17
108900076,377,147,230
108900077,130,155,-25
108900078,22,287,-265
108900079,1227,337,890
108900080,48,1272,-1224
108900081,76,394,-318
108900082,62,152,-90
108900083,45,468,-423
108900084,607,239,368
108900085,2523,284,2239
108900086,154,404,-250
108900087,132,287,-155
108900088,1430,538,892
108900089,31,249,-218
108900090,55,422,-367
108900091,187,164,23
108900092,664,507,157
108900093,138,155,-17
108900094,238,166,72
108900095,94,651,-557
108900096,523,35,488
108900097,336,352,-16
108900098,3720,966,2754
108900099,390,396,-6
108900100,87,185,-98
108900101,280,195,85
108900102,172,1097,-925
108900103,384,154,230
108900104,186,639,-453
108900105,8,1405,-1397
108900106,435,482,-47
108900108,1249,110,1139
108900109,489,34,455
108900110,280,671,-391
108900111,556,844,-288
108900112,337,47,290
108900113,48,58,-10
108900114,1,1,0
108900115,101,116,-15
108900116,112,39,73
108900117,201,27,174
108900118,633,29,604
108900119,276,70,206
108900120,451,249,202
108900121,440,139,301
108900122,131,47,84
108900123,149,145,4
108900124,585,291,294
108900125,438,7,431
108900126,154,71,83
108900127,191,34,157
108900128,126,49,77
108900129,838,244,594
108900130,413,6,407
108900131,498,6,492
108900132,748,292,456
108900133,310,99,211
108900134,355,357,-2
108900135,141,17,124
108900136,66,1,65
108900137,179,0,179
108900138,767,61,706
108900139,904,176,728
108900140,264,343,-79
108900141,407,28,379
108900142,164,10,154
108900143,86,0,86
108900144,115,1,114
108900145,158,10,148
108900146,53,0,53
108900147,267,2,265
108900148,136,110,26
108900149,682,493,189
108900150,291,17,274
108900151,264,11,253
108900152,172,103,69
108900153,172,540,-368
108900154,5922,625,5297
108900155,330,152,178
108900156,98,8,90
108900157,29,717,-688
108900158,501,33,468
108900159,7,401,-394
108900160,22,390,-368
108900161,19,648,-629
108900162,107,1,106
108900163,16,331,-315
108900164,97,126,-29
108900165,217,130,87
108900167,2712,7286,-4574
108900168,11314,3462,7852
108900169,59,201,-142
108900171,11095,3349,7746
108900172,234,63,171
108900173,318,540,-222
108900174,611,689,-78
108900176,207,621,-414
108900177,9032,5978,3054
108900178,6643,3781,2862
108900179,739,2007,-1268
108900180,147,416,-269
108900182,52,400,-348
108900183,206,307,-101
108900184,629,359,270
108900185,171,568,-397
108900186,95,553,-458
108900187,351,67,284
108900188,579,123,456
108900189,553,258,295
108900190,47,4189,-4142
108900191,261,39,222
108900192,108,287,-179
108900193,399,75,324
108900194,45,468,-423
108900195,146,436,-290
108900196,51,641,-590
108900198,5,701,-696
108900199,296,481,-185
108900200,1012,462,550
108900201,656,1779,-1123
108900203,620,79,541
108900204,401,19,382
108900205,247,34,213
108900206,560,63,497
108900207,194,82,112
108900208,33,573,-540
108900209,319,884,-565
108900210,279,346,-67
108900211,226,552,-326
108900212,975,1360,-385
108900215,166,670,-504
108900216,686,236,450
108900217,180,6,174
108900218,200,26,174
108900219,105,9,96
108900220,62,33,29
108900221,69,208,-139
108900222,270,19,251
108900223,13,163,-150
108900224,47,277,-230
108900225,2,266,-264
108900226,257,19,238
108900227,163,401,-238
108900230,404,362,42
108900231,59,315,-256
108900232,3,459,-456
108900233,674,141,533
108900234,406,233,173
108900235,336,760,-424
108900236,76,434,-358
108900237,108,357,-249
108900240,158,114,44
108900241,45,85,-40
108900245,18,1656,-1638
108900249,204,60,144
108900250,273,206,67
108900257,297,842,-545
108900258,10,306,-296
108900259,211,98,113
108900260,9,146,-137
108900261,143,206,-63
108900262,210,155,55
108900263,38,276,-238
108900264,594,372,222
108900265,1566,433,1133
108900266,1375,671,704
108900267,1,121,-120
108900268,28,10,18
108900269,71,19,52
108900270,67,16,51
108900271,46,10,36
108900272,265,9,256
108900273,1345,888,457
108900274,43,98,-55
109000001,4355,1694,2661
109000002,2360,1911,449
109000003,3112,709,2403
109000004,664,3219,-2555
109000005,3373,1033,2340
109000006,1002,2869,-1867
109000007,1906,848,1058
109000008,749,2827,-2078
109000009,4123,1773,2350
109000010,1775,5597,-3822
109000011,4105,2628,1477
109000012,2640,4963,-2323
109000013,4268,3991,277
109000014,2804,4770,-1966
109000015,4241,8415,-4174
109000016,10800,5781,5019
109000017,2725,1629,1096
109000018,1535,4557,-3022
109000019,3570,1640,1930
109000020,1572,2847,-1275
109000023,322,39,283
109000024,5,246,-241
109000025,574,675,-101
109000026,1109,470,639
109000027,203,443,-240
109000028,129,161,-32
109000029,209,283,-74
109000030,125,802,-677
109000031,255,240,15
109000032,233,766,-533
109000033,474,208,266
109000034,77,63,14
109000035,23,139,-116
109000036,117,563,-446
109000037,240,1603,-1363
109000038,893,594,299
109000039,1328,1033,295
109000040,6939,9294,-2355
109000041,5643,2202,3441
109000042,1144,1620,-476
109000044,621,90,531
109000045,123,485,-362
109000046,468,120,348
109000047,116,539,-423
109000048,1119,295,824
109000049,539,841,-302
109000050,494,337,157
109000051,453,448,5
109000052,758,1965,-1207
109000053,265,210,55
109000054,566,1071,-505
109000055,416,491,-75
109000056,419,915,-496
109000057,792,586,206
109000058,1316,477,839
109000059,1234,1683,-449
109000060,593,356,237
109000061,1598,1426,172
109000062,272,392,-120
109000063,326,289,37
109000064,276,266,10
109000065,204,391,-187
109000066,514,171,343
109000067,68,497,-429
109000068,2104,9,2095
109000069,1026,44,982
109000070,11,1505,-1494
109000071,539,128,411
109000072,127,459,-332
109000073,92,174,-82
109000074,54,266,-212
109000075,123,445,-322
109000076,139,318,-179
109000077,536,351,185
109000078,85,228,-143
109000079,152,305,-153
109000080,134,187,-53
109000081,139,745,-606
109000082,624,354,270
109000083,337,1085,-748
109000088,215,710,-495
109000089,303,74,229
109000090,272,605,-333
109000091,469,260,209
109000092,525,831,-306
109000093,296,236,60
109000094,563,2,561
109000095,152,678,-526
109000096,718,283,435
109000097,127,229,-102
109000098,56,128,-72
109000099,1178,600,578
109000100,259,892,-633
109000101,1915,1160,755
109000102,412,1257,-845
109000103,515,903,-388
109000104,1982,872,1110
109000105,612,1731,-1119
109000106,2598,1173,1425
109000107,807,2956,-2149
109000108,1934,884,1050
109000109,587,2705,-2118
109000110,1591,774,817
109000111,1352,3218,-1866
109000112,517,224,293
109000113,527,318,209
109000114,258,573,-315
109000115,1744,47,1697
109000116,8,433,-425
109000117,195,100,95
109000118,14,431,-417
109000119,1373,378,995
109000120,232,1361,-1129
109000121,486,58,428
109000122,176,1156,-980
109000123,49,114,-65
109000124,763,629,134
109000125,1394,545,849
109000126,578,1247,-669
109000127,1033,312,721
109000128,697,2621,-1924
109000129,2571,1147,1424
109000130,787,3382,-2595
109000131,1060,710,350
109000132,925,2548,-1623
109000133,544,1403,-859
109000134,1182,2072,-890
109000135,1720,2063,-343
109000136,354,511,-157
109000137,366,561,-195
109000138,602,562,40
109000139,611,638,-27
109000140,438,647,-209
109000141,717,691,26
109000142,147,813,-666
109000143,152,151,1
109000145,159,309,-150
109000146,103,193,-90
109000148,5457,3433,2024
109000149,46,69,-23
109000150,120,326,-206
109000155,1051,888,163
109000156,1806,1064,742
109000158,372,441,-69
109000159,329,902,-573
109000160,1327,356,971
109000161,470,1722,-1252
109000162,2402,1086,1316
109000163,1206,2582,-1376
109000164,1403,3394,-1991
109000165,1412,856,556
109000166,917,211,706
109000167,174,1041,-867
109000170,73,75,-2
109000171,87,70,17
109000172,84,105,-21
109000173,26,108,-82
109000174,225,72,153
109000175,45,135,-90
109000176,368,359,9
109000177,40,191,-151
109000178,384,209,175
109000179,8877,6333,2544
109000180,8565,4923,3642
109000181,19,46,-27
109000182,88,35,53
109000183,49,103,-54
109000184,44,20,24
109000185,24,106,-82
109000188,1385,3139,-1754
109000189,6045,1438,4607
109000190,833,637,196
109000191,399,675,-276
109000192,451,335,116
109000193,211,515,-304
109000194,287,176,111
109000195,167,569,-402
109000196,339,198,141
109000197,209,574,-365
109000198,371,112,259
109000199,156,675,-519
109000206,274,66,208
109000207,176,63,113
109000208,157,118,39
109000209,196,207,-11
109000210,196,752,-556
109000211,923,971,-48
109000214,500,603,-103
109000215,198,116,82
109000216,409,253,156
109000217,291,229,62
109000218,711,303,408
109000221,659,1605,-946
109000222,1066,286,780
109000223,420,378,42
109000224,70,252,-182
109000225,66,55,11
109000226,62,334,-272
109000227,1312,1895,-583
109000228,2,715,-713
109000231,5,499,-494
109000232,347,615,-268
109000236,413,1118,-705
109000241,2544,2851,-307
109000242,2086,2117,-31
109000293,16,108,-92
109000361,145,437,-292
109000364,295,859,-564
109000396,6,810,-804
109000397,635,12,623
109000399,161,679,-518
109000400,133,447,-314
109000403,155,893,-738
109000406,445,2,443
109000407,357,350,7
109000408,1,921,-920
109000410,1334,344,990
109000411,224,39,185
109900001,109,1,108
109900002,928,38,890
109900003,249,1,248
109900004,1166,283,883
109900005,40,6,34
109900006,496,429,67
109900007,796,941,-145
109900008,0,54,-54
109900009,224,811,-587
109900010,700,19,681
109900011,149,52,97
109900012,392,325,67
109900013,543,232,311
109900014,493,91,402
109900015,684,236,448
109900016,130,54,76
109900017,237,223,14
109900018,263,172,91
109900019,257,131,126
109900020,66,63,3
109900021,31,36,-5
109900022,120,364,-244
109900023,34,15,19
109900024,39,6,33
109900025,21,107,-86
109900026,5,245,-240
109900027,42,48,-6
109900028,2834,1141,1693
109900029,9,525,-516
109900030,84,7,77
109900031,0,253,-253
109900032,19,433,-414
109900033,4,640,-636
109900034,31,4,27
109900035,26,30,-4
109900036,40,119,-79
109900037,57,774,-717
109900038,85,325,-240
109900039,19,0,19
109900040,44,818,-774
109900041,99,561,-462
109900042,46,617,-571
109900044,198,371,-173
109900045,192,130,62
109900046,11,80,-69
109900047,496,462,34
109900048,0,117,-117
109900049,25,35,-10
109900050,0,321,-321
109900051,2,53,-51
109900052,199,411,-212
109900053,7,617,-610
109900054,674,350,324
109900055,69,433,-364
109900056,22,228,-206
109900057,12,310,-298
109900058,0,143,-143
109900059,739,182,557
109900060,562,246,316
109900061,126,466,-340
109900062,0,373,-373
109900063,15,594,-579
109900064,650,376,274
109900065,134,201,-67
109900066,505,1302,-797
109900067,0,453,-453
109900068,72,7,65
109900069,2,72,-70
109900070,66,518,-452
109900071,4,39,-35
109900072,50,276,-226
109900073,436,771,-335
109900074,13,74,-61
109900075,37,74,-37
109900076,21,265,-244
109900077,37,83,-46
109900078,147,290,-143
109900080,233,490,-257
109900081,59,281,-222
109900082,68,564,-496
109900083,26,77,-51
109900084,90,202,-112
109900085,341,1223,-882
109900086,181,591,-410
109900087,428,686,-258
109900089,840,266,574
109900090,729,1673,-944
109900091,459,107,352
109900092,813,26,787
109900093,863,182,681
109900094,90,180,-90
109900095,216,392,-176
109900096,53,6,47
109900097,118,6,112
109900098,495,74,421
109900099,160,2,158
109900100,58,1,57
109900101,393,18,375
109900102,570,30,540
109900103,36,64,-28
109900104,530,1153,-623
109900105,603,47,556
109900106,564,98,466
109900107,802,106,696
109900108,140,454,-314
109900109,64,187,-123
109900110,133,624,-491
109900111,562,1352,-790
109900112,537,1013,-476
109900113,881,613,268
109900114,2078,802,1276
109900115,269,128,141
109900117,1313,189,1124
109900118,334,653,-319
109900119,980,415,565
109900120,83,36,47
109900121,789,476,313
109900122,418,14,404
109900123,30,207,-177
109900124,65,855,-790
109900125,2,229,-227
109900126,331,146,185
109900128,331,79,252
109900130,12463,3292,9171
109900131,101,263,-162
109900132,50,246,-196
109900133,121,430,-309
109900134,114,164,-50
109900135,531,112,419
109900136,77,170,-93
109900137,115,514,-399
109900138,407,619,-212
109900140,236,372,-136
109900142,1570,489,1081
109900145,7,587,-580
109900146,655,57,598
109900148,63,112,-49
109900149,92,92,0
109900150,10,114,-104
109900151,11,66,-55
109900152,0,56,-56
109900153,0,63,-63
109900154,43,0,43
109900155,69,27,42
109900157,90,361,-271
109900158,81,163,-82
109900159,209,68,141
109900160,203,73,130
109900161,326,98,228
109900162,251,145,106
109900163,1076,528,548
109900164,78,307,-229
109900165,571,7,564
109900166,3,197,-194
109900167,243,815,-572
109900168,314,994,-680
109900169,274,248,26
109900170,423,1052,-629
109900171,275,138,137
109900172,269,448,-179
109900173,5018,3064,1954
109900174,42,206,-164
109900175,97,112,-15
109900176,91,238,-147
109900177,53,391,-338
109900178,22,174,-152
109900179,101,27,74
109900180,21,14,7
110000001,1119,816,303
110000002,745,922,-177
110000003,1434,910,524
110000004,746,853,-107
110000005,762,2589,-1827
110000006,599,401,198
110000007,161,244,-83
110000008,32,105,-73
110000009,91,59,32
110000010,39,107,-68
110000011,82,122,-40
110000012,911,666,245
110000013,44,743,-699
110000014,755,505,250
110000015,393,809,-416
110000016,359,2012,-1653
110000017,3627,426,3201
110000018,3882,649,3233
110000019,10,142,-132
110000020,588,317,271
110000021,946,607,339
110000022,1554,409,1145
110000023,12,200,-188
110000024,1009,500,509
110000025,403,13,390
110000026,12,539,-527
110000027,2372,649,1723
110000028,1197,1118,79
110000029,712,1177,-465
110000030,313,598,-285
110000031,364,778,-414
110000032,865,665,200
110000033,644,160,484
110000034,714,1273,-559
110000035,1331,1051,280
110000036,1391,1230,161
110000037,374,675,-301
110000038,351,1152,-801
110000039,914,4018,-3104
110000040,458,461,-3
110000041,429,1713,-1284
110000042,130,335,-205
110000043,1091,430,661
110000044,161,162,-1
110000045,1554,154,1400
110000046,6,9,-3
110000047,138,14,124
110000048,21,15,6
110000049,160,16,144
110000050,3,44,-41
110000051,112,10,102
110000052,37,38,-1
110000053,294,5,289
110000054,390,294,96
110000055,909,50,859
110000056,249,91,158
110000057,658,954,-296
110000058,1792,888,904
110000059,1213,726,487
110000060,875,1436,-561
110000061,1172,1071,101
110000062,879,1254,-375
110000063,44,198,-154
110000064,118,152,-34
110000065,100,139,-39
110000066,134,70,64
110000067,190,422,-232
110000068,441,447,-6
110000069,373,194,179
110000071,198,218,-20
110000073,4,30,-26
110000075,18,145,-127
110000076,404,690,-286
110000077,593,2598,-2005
110000078,54,81,-27
110000080,357,1066,-709
110000081,67,502,-435
110000082,26,526,-500
110000083,322,875,-553
110000084,1250,1001,249
110000085,2982,2144,838
110000086,2019,2611,-592
110000087,16,96,-80
110000088,92,343,-251
110000089,375,213,162
110000090,341,416,-75
110000091,2093,513,1580
110000092,34,132,-98
110000093,67,9,58
110000094,682,323,359
110000095,335,1000,-665
110000096,3365,2503,862
110000097,1317,1741,-424
110000098,2650,1112,1538
110000099,1155,2135,-980
110000100,1122,853,269
110000101,25,647,-622
110000102,70,56,14
110000104,539,133,406
110000105,89,346,-257
110000106,925,411,514
110000107,455,560,-105
110000108,197,51,146
110000109,421,423,-2
110000110,4781,6591,-1810
110000111,10045,4092,5953
110000112,1992,1617,375
110000113,836,2858,-2022
110000114,199,803,-604
110000115,371,384,-13
110000116,52,87,-35
110000117,235,619,-384
110000118,548,319,229
110000119,282,527,-245
110000120,419,284,135
110000121,149,515,-366
110000122,587,911,-324
110000123,711,987,-276
110000124,1,1370,-1369
110000125,1238,10,1228
110000126,445,50,395
110000127,1552,95,1457
110000128,46,2082,-2036
110000129,8,697,-689
110000130,333,260,73
110000131,160,426,-266
110000132,4,910,-906
110000133,77,679,-602
110000134,33,585,-552
110000135,287,60,227
110000136,108,372,-264
110000137,768,912,-144
110000138,1056,928,128
110000139,990,1892,-902
110000140,1388,798,590
110000143,943,652,291
110000144,7251,2183,5068
110000145,2475,1177,1298
110000146,3107,1416,1691
110000147,701,1092,-391
110000148,644,433,211
110000151,1511,1098,413
110000152,1457,630,827
110000153,123,58,65
110000154,134,35,99
110000155,2831,4848,-2017
110000156,1210,3028,-1818
110000157,2852,2771,81
110000160,452,435,17
110000161,203,462,-259
110000166,604,273,331
110000167,1011,668,343
110000168,1045,592,453
110000169,962,433,529
110000170,153,136,17
110000171,855,244,611
110000172,214,1130,-916
110000173,1253,1737,-484
110000174,295,1663,-1368
110000175,825,135,690
110000176,180,442,-262
110000177,184,1246,-1062
110000178,737,1713,-976
110000179,1902,502,1400
110000180,241,477,-236
110000181,498,696,-198
110000182,573,317,256
110000183,14666,8982,5684
110000184,802,3088,-2286
110000185,1951,1056,895
110000186,1023,1499,-476
110000191,874,542,332
110000192,641,19,622
110000193,1231,18,1213
110000194,22,1723,-1701
110000195,590,521,69
110000196,460,513,-53
110000197,145,324,-179
110000198,165,124,41
110000199,109,199,-90
110000200,1830,737,1093
110000201,1540,1266,274
110000202,1811,708,1103
110000203,1003,1217,-214
110000204,14,423,-409
110000205,221,73,148
110000206,1051,2182,-1131
110000207,1115,411,704
110000208,228,210,18
110000209,193,1324,-1131
110000210,1035,906,129
110000211,829,1016,-187
110000212,460,1444,-984
110000213,316,102,214
110000214,305,148,157
110000215,252,707,-455
110000216,152,644,-492
110000217,387,289,98
110000218,242,620,-378
110000219,414,142,272
110000220,99,451,-352
110000221,344,159,185
110000222,130,323,-193
110000223,6,212,-206
110000224,103,16,87
110000225,332,979,-647
110000226,332,87,245
110000227,1112,1081,31
110000228,521,420,101
110000229,0,377,-377
110000230,708,741,-33
110000231,185,286,-101
110000232,231,261,-30
110000233,210,393,-183
110000234,958,671,287
110000235,1195,1376,-181
110000236,817,1043,-226
110000237,2224,1547,677
110000238,1547,1960,-413
110000239,2490,1562,928
110000240,4,140,-136
110000242,1,23,-22
110000243,131,220,-89
110000244,245,414,-169
110000245,64,510,-446
110000246,1335,931,404
110000247,2060,7846,-5786
110000248,3395,2508,887
110000249,141,15,126
110000250,78,379,-301
110000251,417,949,-532
110000252,326,281,45
110000253,1622,875,747
110000254,1028,2087,-1059
110000255,401,1511,-1110
110000256,655,423,232
110000257,1022,575,447
110000258,10,724,-714
110000259,179,38,141
110000260,33,473,-440
110000263,908,228,680
110000264,463,704,-241
110000265,1602,2958,-1356
110000266,3304,3876,-572
110000267,23,353,-330
110000268,415,743,-328
110000269,5,148,-143
110000270,86,6,80
110000271,2201,396,1805
110000272,1600,1339,261
110000273,5662,2283,3379
110000274,392,2014,-1622
110000275,3570,831,2739
110000276,408,487,-79
110000277,589,525,64
110000278,543,1140,-597
110000279,986,835,151
110000280,561,565,-4
110000281,49,436,-387
110000282,462,72,390
110000283,115,185,-70
110000284,135,81,54
110000285,2,710,-708
110000286,43,0,43
110000287,119,3,116
110000288,47,170,-123
110000289,609,2115,-1506
110000290,1366,833,533
110000291,7707,1986,5721
110000292,1723,5773,-4050
110000293,871,1109,-238
110000294,1274,1562,-288
110000295,423,1378,-955
110000296,959,463,496
110000297,3582,460,3122
110000298,371,782,-411
110000299,663,162,501
110000301,447,38,409
110000302,335,1576,-1241
110000303,581,14,567
110000304,124,399,-275
110000305,1429,41,1388
110000306,240,1969,-1729
110000307,1999,9,1990
110000308,932,9,923
110000309,38,1282,-1244
110000310,861,99,762
110000311,19,922,-903
110000312,651,158,493
110000313,4686,4865,-179
110000314,2,523,-521
110000315,4837,3253,1584
110000316,738,1742,-1004
110000317,756,470,286
110000318,8,157,-149
110000319,33,30,3
110000320,133,62,71
110000321,51,85,-34
110000322,503,564,-61
110000323,703,334,369
110000324,5292,1891,3401
110000325,3526,3836,-310
110000327,881,598,283
110000328,341,610,-269
110000333,1486,932,554
110000334,1234,1957,-723
110000335,1218,833,385
110000336,1112,1405,-293
110000337,1868,939,929
110000338,516,303,213
110000339,498,321,177
110000340,144,261,-117
110000341,718,656,62
110000342,844,5,839
110000343,0,27,-27
110000344,258,216,42
110000345,417,152,265
110000346,3374,2479,895
110000347,1378,993,385
110000348,43,55,-12
110000349,13,32,-19
110000350,85,12,73
110000351,1065,1194,-129
110000352,885,2139,-1254
110000353,3346,1021,2325
110000354,1817,3734,-1917
110000355,156,148,8
110000356,733,5,728
110000357,525,28,497
110000361,31,100,-69
110000362,53,170,-117
110000363,406,161,245
110000364,291,463,-172
110000365,309,3,306
110000366,1,151,-150
110000367,622,340,282
110000368,5,107,-102
110000369,59,1,58
110000373,8,358,-350
110000374,258,22,236
110000375,177,1281,-1104
110000376,38,132,-94
110000377,123,767,-644
110000378,42,545,-503
110000379,4408,2266,2142
110000380,100,50,50
110000383,0,1279,-1279
110000384,3289,1084,2205
110000385,0,361,-361
110000387,138,13,125
110000388,76,330,-254
110000389,978,9,969
110000391,741,434,307
110000396,197,214,-17
110000397,195,267,-72
110000398,3,54,-51
110000399,218,5,213
110000587,171,92,79
110000589,298,223,75
110000640,273,118,155
110000652,22,173,-151
110000653,399,557,-158
110000654,84,81,3
110000656,3,792,-789
110000674,47,45,2
110000675,36,47,-11
110000676,16,81,-65
110000679,588,1481,-893
110000682,175,235,-60
110000683,498,817,-319
110000684,14,77,-63
110000685,30,20,10
110000686,1,51,-50
110000687,100,11,89
110000688,99,994,-895
110000689,54,85,-31
110000692,152,314,-162
110000693,291,375,-84
110000694,0,205,-205
110000695,518,915,-397
110000696,168,198,-30
110900001,312,17,295
110900002,557,379,178
110900003,959,1184,-225
110900004,492,325,167
110900005,4953,2597,2356
110900006,87,9,78
110900007,168,44,124
110900008,22,46,-24
110900009,516,148,368
110900010,14,152,-138
110900011,29,152,-123
110900012,25,178,-153
110900013,1141,224,917
110900014,393,29,364
110900015,1114,756,358
110900016,56,231,-175
110900017,487,66,421
110900018,593,101,492
110900019,237,54,183
110900020,175,569,-394
110900021,115,906,-791
110900022,153,444,-291
110900023,136,771,-635
110900024,44,626,-582
110900025,61,137,-76
110900027,54,297,-243
110900028,78,243,-165
110900029,39,546,-507
110900030,53,413,-360
110900031,4,306,-302
110900032,1,120,-119
110900033,73,322,-249
110900035,41,681,-640
110900036,114,51,63
110900037,112,41,71
110900038,1488,304,1184
110900039,15,351,-336
110900040,346,53,293
110900041,20,214,-194
110900042,157,79,78
110900043,4,202,-198
110900044,360,45,315
110900045,50,758,-708
110900046,95,434,-339
110900047,803,362,441
110900049,193,99,94
110900050,35,5,30
110900051,46,268,-222
110900052,3,251,-248
110900053,158,64,94
110900054,44,346,-302
110900055,45,5,40
110900056,69,152,-83
110900057,14,284,-270
110900058,321,322,-1
110900059,741,859,-118
110900060,553,141,412
110900061,28,69,-41
110900062,209,425,-216
110900063,59,213,-154
110900064,14,0,14
110900065,446,197,249
110900066,16,112,-96
110900067,554,889,-335
110900068,281,349,-68
110900069,21,29,-8
110900070,261,104,157
110900071,401,848,-447
110900073,0,41,-41
110900074,353,134,219
110900075,473,141,332
110900077,919,751,168
110900078,50,116,-66
110900079,2707,1571,1136
110900080,148,95,53
110900081,15,106,-91
110900082,164,262,-98
110900083,203,71,132
110900084,93,225,-132
110900085,74,525,-451
110900086,100,383,-283
110900087,385,130,255
110900088,20,2,18
110900090,55,58,-3
110900091,4,78,-74
110900093,346,154,192
110900095,65,87,-22
110900097,22,30,-8
110900098,52,108,-56
110900099,58,758,-700
110900100,1,46,-45
110900102,90,40,50
110900105,1057,456,601
110900108,16,140,-124
110900111,654,243,411
110900112,896,18,878
110900113,638,63,575
110900115,13,111,-98
110900116,764,2815,-2051
110900118,300,3695,-3395
110900119,6293,646,5647
110900120,19,134,-115
110900121,134,1,133
110900122,499,221,278
110900125,452,480,-28
110900127,1064,1560,-496
110900128,344,343,1
110900129,553,928,-375
110900130,1415,659,756
110900131,377,113,264
110900132,455,107,348
110900133,222,361,-139
110900135,221,556,-335
110900136,390,34,356
110900137,140,1,139
110900138,1743,465,1278
110900139,94,60,34
110900140,105,6,99
110900141,13,100,-87
110900142,100,272,-172
110900143,211,119,92
110900144,7,949,-942
110900145,225,39,186
110900146,498,183,315
110900147,172,332,-160
110900148,4,427,-423
110900149,3,132,-129
110900150,81,43,38
110900151,7,101,-94
110900152,36,356,-320
110900153,157,64,93
111000001,901,385,516
111000002,773,778,-5
111000003,1521,1232,289
111000004,781,1313,-532
111000005,1742,1696,46
111000006,1288,1956,-668
111000007,6110,4442,1668
111000008,3718,4806,-1088
111000009,428,1150,-722
111000010,1071,425,646
111000011,597,1277,-680
111000012,1060,605,455
111000013,511,1366,-855
111000014,1720,785,935
111000017,218,1018,-800
111000018,291,483,-192
111000020,2151,3333,-1182
111000021,153,172,-19
111000023,108,156,-48
111000025,7874,5133,2741
111000029,135,164,-29
111000030,54,179,-125
111000031,2865,1909,956
111000032,819,410,409
111000033,452,349,103
111000034,530,233,297
111000037,3173,1660,1513
111000038,5199,3820,1379
111000039,3022,3533,-511
111000040,2365,3493,-1128
111000041,2435,2586,-151
111000042,6178,3870,2308
111000043,2586,4180,-1594
111000044,2068,1486,582
111000045,2477,2870,-393
111000046,2414,1841,573
111000047,3151,5078,-1927
111000049,681,860,-179
111000050,2335,2119,216
111000051,832,1606,-774
111000052,889,2459,-1570
111000053,574,1375,-801
111000054,478,1295,-817
111000055,1524,2573,-1049
111000056,179,819,-640
111000057,107,923,-816
111000058,360,128,232
111000059,554,346,208
111000060,4375,1081,3294
111000061,651,613,38
111000062,973,436,537
111000063,2548,1527,1021
111000064,751,943,-192
111000065,1379,1497,-118
111000066,662,539,123
111000067,724,915,-191
111000068,743,1412,-669
111000069,2481,3181,-700
111000070,2271,1573,698
111000071,215,828,-613
111000072,1110,548,562
111000073,382,1015,-633
111000074,1924,2187,-263
111000075,1278,1019,259
111000076,637,950,-313
111000077,2023,2361,-338
111000078,3500,1898,1602
111000079,1783,1187,596
111000080,789,1032,-243
111000081,2403,5916,-3513
111000082,820,963,-143
111000084,1105,865,240
111000085,1326,2144,-818
111000086,4109,1763,2346
111000087,840,1004,-164
111000088,8592,3131,5461
111000089,1031,1280,-249
111000090,1236,1816,-580
111000091,930,910,20
111000092,1549,1328,221
111000093,995,1401,-406
111000094,2697,1317,1380
111000095,1023,2880,-1857
111000096,3225,9721,-6496
111000097,6580,1796,4784
111000098,862,1586,-724
111000099,749,2927,-2178
111000100,545,2562,-2017
111000101,578,1240,-662
111000102,309,1000,-691
111000104,840,322,518
111000107,154,997,-843
111000109,841,365,476
111000110,2447,1170,1277
111000111,2451,686,1765
111000112,2081,736,1345
111000113,1067,1722,-655
111000114,1952,4119,-2167
111000115,9302,1711,7591
111000116,1424,1434,-10
111000117,624,1385,-761
111000118,2129,1535,594
111000119,1394,1898,-504
111000120,560,1013,-453
111000121,331,1007,-676
111000122,788,1502,-714
111000123,1358,4199,-2841
111000124,752,4258,-3506
111000125,346,2297,-1951
111000126,200,1326,-1126
111000127,1034,246,788
111000128,2011,472,1539
111000129,4039,668,3371
111000130,2308,947,1361
111000131,1888,818,1070
111000132,1606,1057,549
111000133,250,236,14
111000134,209,231,-22
111000135,50,192,-142
111000136,409,447,-38
111000138,25,14,11
111000140,2,6,-4
111000141,598,483,115
111000142,18,180,-162
111000143,3,118,-115
111000144,34,221,-187
111000145,1451,39,1412
111000146,86,30,56
111000147,222,44,178
111000148,737,115,622
111000149,4,49,-45
111000150,50,9,41
111000151,9,28,-19
111000153,903,939,-36
111000154,973,324,649
111000155,156,280,-124
111000156,565,695,-130
111000157,264,1283,-1019
111000158,1319,1036,283
111000159,3805,1000,2805
111000160,402,458,-56
111000161,22,374,-352
111000162,44,193,-149
111000163,891,1234,-343
111000164,1156,4698,-3542
111000165,1755,887,868
111000166,3035,618,2417
111000167,220,768,-548
111000168,368,601,-233
111000169,435,819,-384
111000170,788,693,95
111000171,654,1226,-572
111000172,211,629,-418
111000173,432,1274,-842
111000174,300,714,-414
111000175,73,489,-416
111000176,390,200,190
111000177,380,355,25
111000178,1548,342,1206
111000179,252,313,-61
111000180,335,537,-202
111000181,1313,475,838
111000182,229,360,-131
111000183,704,540,164
111000184,515,407,108
111000185,549,739,-190
111000186,567,441,126
111000187,158,319,-161
111000188,282,588,-306
111000189,1600,731,869
111000190,300,611,-311
111000191,210,565,-355
111000192,342,747,-405
111000193,478,454,24
111000194,67,457,-390
111000195,187,528,-341
111000196,58,393,-335
111000197,478,205,273
111000198,700,158,542
111000199,211,204,7
111000200,394,472,-78
111000201,658,383,275
111000202,296,346,-50
111000203,331,396,-65
111000204,393,1092,-699
111000213,279,596,-317
111000214,2084,2048,36
111000215,1420,1877,-457
111000217,1713,1388,325
111000218,1687,1473,214
111000219,533,298,235
111000220,2812,954,1858
111000221,1021,143,878
111000224,0,484,-484
111000225,362,99,263
111000226,231,4,227
111000227,53,2,51
111000228,33,485,-452
111000229,77,908,-831
111000230,355,686,-331
111000231,1242,1451,-209
111000232,685,1396,-711
111000233,817,1006,-189
111000234,155,481,-326
111000239,134,249,-115
111000240,59,281,-222
111000241,53,427,-374
111000242,253,89,164
111000243,176,879,-703
111000244,544,160,384
111000245,1213,702,511
111000246,571,611,-40
111000247,377,1288,-911
111000248,726,649,77
111000249,598,1191,-593
111000250,46,165,-119
111000251,91,209,-118
111000253,8,13,-5
111000255,21,7,14
111000257,37,51,-14
111000260,115,1468,-1353
111000261,1429,153,1276
111000271,73,402,-329
111000273,7249,2229,5020
111000274,1710,3201,-1491
111000275,186,105,81
111000276,354,3034,-2680
111000277,409,602,-193
111000278,819,404,415
111000291,796,7139,-6343
111000298,779,305,474
111000299,798,189,609
111000300,151,876,-725
111000302,340,142,198
111000303,103,362,-259
111000312,64,95,-31
111000315,1,123,-122
111000320,487,884,-397
111000321,491,145,346
111000322,424,700,-276
111000323,215,41,174
111000324,475,423,52
111000325,61,95,-34
111000326,249,485,-236
111000327,446,639,-193
111000328,269,750,-481
111000329,0,32,-32
111000330,84,22,62
111000331,26,9,17
111000332,717,1852,-1135
111000334,496,2020,-1524
111000335,1014,329,685
111000337,1358,585,773
111000338,157,217,-60
111000339,770,863,-93
111000340,154,983,-829
111000341,1349,906,443
111000342,385,671,-286
111000344,1243,1080,163
111000345,350,104,246
111000346,26,155,-129
111000347,198,22,176
111000350,263,177,86
111000351,132,390,-258
111000352,228,214,14
111000353,135,373,-238
111000354,880,210,670
111000355,490,845,-355
111000358,189,1928,-1739
111000360,313,1182,-869
111000361,146,507,-361
111000546,948,912,36
111000547,458,890,-432
111000548,172,412,-240
111000549,311,605,-294
111000550,115,1052,-937
111000551,978,287,691
111000552,2708,196,2512
111000907,1015,52,963
111000908,27,1,26
111000916,1858,393,1465
111000917,59,536,-477
111000918,263,1355,-1092
111000920,525,34,491
111000921,14,357,-343
111000922,705,518,187
111000924,62,1325,-1263
111000925,2675,2818,-143
111000926,1175,2532,-1357
111000927,3314,5993,-2679
111000928,5904,4921,983
111000929,1480,1634,-154
111000930,1056,3098,-2042
111000931,2373,3163,-790
111000932,5453,3220,2233
111000933,4670,3033,1637
111000934,2922,4428,-1506
111000935,1862,1497,365
111000936,1464,2994,-1530
111000937,1052,1762,-710
111000938,2201,2622,-421
111000939,534,56,478
111000940,492,299,193
111000941,404,861,-457
111000943,466,365,101
111000944,233,626,-393
111000945,126,2502,-2376
111001109,720,382,338
111001110,303,771,-468
111001111,99,6,93
111001112,277,5,272
111001113,4,216,-212
111001114,2040,139,1901
111001115,54,491,-437
111001116,7577,5360,2217
111001117,909,2786,-1877
111001120,160,478,-318
111001121,208,410,-202
111001122,244,679,-435
111001123,184,72,112
111900001,27,173,-146
111900002,29,1098,-1069
111900003,5,612,-607
111900004,100,270,-170
111900006,22,56,-34
111900007,121,12,109
111900008,249,4,245
111900009,249,305,-56
111900010,492,794,-302
111900012,485,240,245
111900013,24,175,-151
111900014,7798,3907,3891
111900015,0,154,-154
111900016,2,196,-194
111900017,2,229,-227
111900018,247,2,245
111900019,4,171,-167
111900020,12,94,-82
111900021,39,180,-141
111900022,23,109,-86
111900023,199,125,74
111900024,1,95,-94
111900025,0,81,-81
111900026,1,169,-168
111900027,24,255,-231
111900028,6,554,-548
111900029,8,147,-139
111900030,74,492,-418
111900031,27,55,-28
111900032,5,441,-436
111900033,17,141,-124
111900034,389,747,-358
111900035,152,350,-198
111900036,4,350,-346
111900038,438,764,-326
111900039,97,649,-552
111900040,2,726,-724
111900042,55,214,-159
111900043,2,562,-560
111900044,390,330,60
111900046,73,275,-202
111900048,148,755,-607
111900049,52,394,-342
111900050,177,33,144
111900051,2,213,-211
111900052,561,884,-323
111900053,1746,1474,272
111900054,166,7,159
111900055,47,452,-405
111900056,347,327,20
111900057,142,84,58
111900058,384,960,-576
111900059,2891,713,2178
111900060,479,6,473
111900061,13,166,-153
111900062,29,104,-75
111900063,309,405,-96
111900064,97,198,-101
111900065,132,56,76
111900066,162,209,-47
111900067,2,499,-497
111900068,71,58,13
111900069,114,47,67
111900070,121,174,-53
111900071,5,328,-323
111900072,35,17,18
111900073,1004,139,865
111900074,20,260,-240
111900075,63,8,55
111900076,144,58,86
111900077,55,7,48
111900078,361,74,287
111900079,64,34,30
111900080,344,283,61
111900081,909,234,675
111900082,86,26,60
111900083,148,9,139
111900084,161,15,146
111900085,53,171,-118
111900086,28,3,25
111900087,78,0,78
111900088,492,11,481
111900089,120,15,105
111900090,115,52,63
111900091,149,3,146
111900092,131,2,129
111900093,370,10,360
111900094,88,4,84
111900095,251,49,202
111900096,115,0,115
111900097,77,0,77
111900098,211,2,209
111900099,112,0,112
111900100,225,8,217
111900101,157,38,119
111900102,559,892,-333
111900103,126,97,29
111900104,269,75,194
111900105,447,270,177
111900106,2146,182,1964
111900107,138,151,-13
111900108,212,199,13
111900109,903,408,495
111900110,2963,495,2468
111900111,146,270,-124
111900112,1100,2870,-1770
111900113,345,96,249
111900114,251,247,4
111900115,15,66,-51
111900118,433,109,324
111900119,408,174,234
111900122,161,99,62
111900123,37,43,-6
111900124,43,182,-139
111900125,627,36,591
111900126,456,10,446
111900127,2,1026,-1024
111900128,11,650,-639
111900129,291,5,286
111900130,355,33,322
111900131,486,6,480
111900132,51,1604,-1553
111900133,13,582,-569
111900134,22,394,-372
111900135,14,42,-28
111900136,142,192,-50
111900137,103,131,-28
111900138,19,181,-162
111900139,30,205,-175
111900140,87,37,50
111900141,60,19,41
111900142,76,47,29
111900143,80,318,-238
111900144,1,258,-257
111900145,5,751,-746
111900146,2,407,-405
111900147,222,615,-393
111900148,35,1013,-978
111900149,10,489,-479
111900150,15,273,-258
111900151,8,47,-39
111900152,167,100,67
111900153,2283,549,1734
111900154,31,261,-230
111900155,68,119,-51
111900156,35,72,-37
111900157,92,10,82
111900158,526,63,463
111900159,313,22,291
111900160,335,0,335
111900161,188,18,170
111900162,94,226,-132
111900163,62,272,-210
111900164,129,110,19
111901113,468,244,224
111901114,269,436,-167
111901115,138,2,136
111901116,92,3,89
111901117,25,45,-20
111901118,112,391,-279
111901119,1455,105,1350
111901120,159,287,-128
111901121,345,383,-38
111901122,10,728,-718
111901123,213,534,-321
111901124,156,5,151
111901125,401,248,153
111901126,137,86,51
111901127,1071,540,531
111901128,15,149,-134
111901129,20,222,-202
111901130,9,324,-315
111901131,7,319,-312
111901132,136,12,124
111901133,52,9,43
111901134,90,5,85
111901135,39,20,19
111901136,57,59,-2
111901137,0,39,-39
111901138,249,65,184
111901139,24,77,-53
111901140,12,217,-205
111901141,12,362,-350
111901142,4,188,-184
111901143,7,126,-119
111901144,41,72,-31
111901145,208,345,-137
111901146,447,36,411
112000001,2421,1189,1232
112000002,1012,3617,-2605
112000003,1447,1264,183
112000004,879,1803,-924
112000005,3379,3675,-296
112000006,2657,3014,-357
112000007,3394,2600,794
112000008,3453,4927,-1474
112000009,5085,5093,-8
112000010,4142,4100,42
112000011,2904,2888,16
112000012,8287,4461,3826
112000013,8286,4615,3671
112000014,6075,1702,4373
112000015,5919,4442,1477
112000016,12232,1749,10483
112000017,5176,3139,2037
112000024,3090,1461,1629
112000026,5621,6708,-1087
112000027,1422,775,647
112000028,2286,2246,40
112000029,619,978,-359
112000030,262,173,89
112000031,2573,5938,-3365
112000032,699,130,569
112000033,3927,2021,1906
112000034,708,88,620
112000035,193,492,-299
112000036,1711,1195,516
112000037,2272,1134,1138
112000038,2066,1062,1004
112000039,106,93,13
112000040,140,336,-196
112000041,808,658,150
112000042,1658,551,1107
112000050,1512,2434,-922
112000051,1234,1666,-432
112000054,2403,3369,-966
112000057,740,543,197
112000058,511,926,-415
112000059,897,1252,-355
112000061,4982,3050,1932
112000062,2654,1163,1491
112000063,2341,2434,-93
112000064,5432,8007,-2575
112000065,2816,3424,-608
112000066,4929,1847,3082
112000067,1061,1092,-31
112000068,4152,2557,1595
112000069,1164,2742,-1578
112000070,2458,1069,1389
112000071,1586,3530,-1944
112000072,2953,1369,1584
112000073,2751,2969,-218
112000074,2241,1466,775
112000075,2130,1686,444
112000076,4577,3647,930
112000077,651,788,-137
112000078,2078,998,1080
112000079,2026,1781,245
112000080,808,1198,-390
112000081,2055,3092,-1037
112000082,1864,1136,728
112000083,754,1750,-996
112000084,1590,1079,511
112000085,1388,1544,-156
112000086,2457,1861,596
112000087,476,588,-112
112000088,687,816,-129
112000089,342,418,-76
112000090,332,386,-54
112000091,773,1545,-772
112000092,2026,1628,398
112000093,1916,1301,615
112000094,631,1299,-668
112000095,834,1118,-284
112000096,677,963,-286
112000097,1695,889,806
112000098,1491,1771,-280
112000099,930,1755,-825
112000100,2236,1379,857
112000101,691,1582,-891
112000102,1489,732,757
112000103,494,1757,-1263
112000105,917,2458,-1541
112000106,2559,654,1905
112000107,80,393,-313
112000108,535,2177,-1642
112000109,231,107,124
112000110,2475,778,1697
112000111,1866,4807,-2941
112000112,5925,783,5142
112000113,1483,2628,-1145
112000114,3844,1345,2499
112000115,463,738,-275
112000116,1235,1737,-502
112000117,1756,1271,485
112000118,1609,1257,352
112000119,596,1175,-579
112000120,86,535,-449
112000121,143,794,-651
112000122,273,241,32
112000123,590,254,336
112000124,323,145,178
112000125,244,272,-28
112000126,310,735,-425
112000127,4161,2764,1397
112000128,1704,1119,585
112000129,124,168,-44
112000130,263,84,179
112000131,106,581,-475
112000132,140,386,-246
112000133,560,431,129
112000134,582,567,15
112000135,1848,849,999
112000136,1715,1588,127
112000137,2273,1876,397
112000138,2638,1549,1089
112000139,1376,660,716
112000140,1370,1482,-112
112000141,1151,501,650
112000142,378,889,-511
112000143,1351,311,1040
112000144,387,1793,-1406
112000145,2734,970,1764
112000146,835,2600,-1765
112000147,3132,2403,729
112000148,2331,2913,-582
112000149,625,946,-321
112000150,312,1010,-698
112000151,379,767,-388
112000152,468,662,-194
112000153,193,373,-180
112000154,129,324,-195
112000155,225,189,36
112000157,1235,863,372
112000158,385,898,-513
112000159,763,568,195
112000167,501,145,356
112000169,619,591,28
112000173,999,319,680
112000175,647,585,62
112000176,4895,3287,1608
112000177,915,236,679
112000178,171,646,-475
112000179,313,178,135
112000180,321,455,-134
112000181,1876,2996,-1120
112000182,1226,2944,-1718
112000183,58,81,-23
112000184,484,763,-279
112000185,617,834,-217
112000187,5077,3488,1589
112000195,223,34,189
112000196,306,2,304
112000197,276,183,93
112000198,57,421,-364
112000199,1570,1420,150
112000202,476,0,476
112000216,83,341,-258
112000230,164,10,154
112000231,4,358,-354
112000256,65,311,-246
112000313,161,237,-76
112000314,91,35,56
112000337,481,871,-390
112000352,713,475,238
112000392,2267,2188,79
112000398,1570,1153,417
112000399,4387,2988,1399
112000400,2278,4768,-2490
112000401,3954,4129,-175
112000402,3828,3256,572
112000403,4140,4033,107
112000404,824,1086,-262
112000405,2290,3807,-1517
112000406,4799,3896,903
112000407,7414,9892,-2478
112000408,10590,9658,932
112000409,2396,6879,-4483
112000410,655,342,313
112000411,6205,2142,4063
112000412,1933,794,1139
112000413,12613,6871,5742
112000414,127,131,-4
112000415,363,73,290
112000416,2811,2010,801
112000417,332,115,217
112000421,74,144,-70
112000422,471,667,-196
112000424,3723,3861,-138
112000425,840,1302,-462
112000426,197,589,-392
112000427,0,17,-17
112000428,368,540,-172
112000429,3041,4174,-1133
112000430,3481,4213,-732
112000431,106,190,-84
112000432,791,1968,-1177
112000433,831,1403,-572
112000437,46,295,-249
112900001,82,3,79
112900002,468,1550,-1082
112900003,64,477,-413
112900004,91,425,-334
112900005,271,321,-50
112900006,13,555,-542
112900007,130,399,-269
112900008,18,86,-68
112900009,505,153,352
112900010,448,1091,-643
112900011,310,423,-113
112900012,7,92,-85
112900013,11,251,-240
112900014,2,591,-589
112900015,512,1147,-635
112900016,6,427,-421
112900017,79,313,-234
112900018,1,378,-377
112900019,79,237,-158
112900020,565,1830,-1265
112900021,5,363,-358
112900022,21,138,-117
112900023,2,298,-296
112900024,30,350,-320
112900025,146,399,-253
112900026,11,352,-341
112900027,13,1719,-1706
112900028,52,227,-175
112900029,17,866,-849
112900030,256,340,-84
112900031,6,757,-751
112900032,274,395,-121
112900034,1,93,-92
112900035,8,658,-650
112900036,39,172,-133
112900037,292,248,44
112900038,765,297,468
112900039,48,435,-387
112900040,6,437,-431
112900041,1706,1862,-156
112900042,39,547,-508
112900043,393,75,318
112900044,756,698,58
112900045,599,471,128
112900046,312,111,201
112900047,24,28,-4
112900049,393,138,255
112900050,88,823,-735
112900051,444,938,-494
112900052,39,1287,-1248
112900053,453,162,291
112900054,279,75,204
112900055,273,57,216
112900056,619,285,334
112900057,87,931,-844
112900058,399,383,16
112900059,222,191,31
112900060,30,366,-336
112900061,110,183,-73
112900062,88,283,-195
112900063,183,24,159
112900064,320,357,-37
112900065,98,52,46
112900066,284,189,95
112900067,698,276,422
112900068,86,58,28
112900069,2900,1027,1873
112900071,44,2,42
112900072,404,2735,-2331
112900073,454,101,353
112900074,186,305,-119
112900075,2378,1126,1252
112900076,121,35,86
112900078,400,733,-333
112900079,352,44,308
112900080,54,3,51
112900081,66,313,-247
112900082,751,18,733
112900083,126,97,29
112900084,220,157,63
112900085,1,15,-14
112900086,71,1,70
112900087,897,179,718
112900088,160,47,113
112900089,986,42,944
112900090,44,25,19
112900091,277,8,269
112900092,256,373,-117
112900093,1810,43,1767
112900094,1219,14,1205
112900095,29,0,29
112900096,533,215,318
112900097,169,581,-412
112900098,280,3,277
112900099,1133,22,1111
112900100,78,0,78
112900101,299,0,299
112900102,152,21,131
112900103,223,5,218
112900104,86,1,85
112900105,45,1,44
112900106,584,189,395
112900107,4,3,1
112900108,206,1,205
112900109,141,1,140
112900110,1045,13,1032
112900111,810,2,808
112900112,381,8,373
112900113,0,20,-20
112900114,135,98,37
112900115,1269,7,1262
112900116,121,51,70
112900117,139,160,-21
112900118,64,140,-76
112900119,225,2,223
112900120,1177,412,765
112900121,309,290,19
112900122,27,189,-162
112900123,250,31,219
112900124,18,216,-198
112900125,147,753,-606
112900126,276,305,-29
112900127,542,134,408
112900128,530,1096,-566
112900129,3,1369,-1366
112900130,350,150,200
112900131,89,257,-168
112900132,118,533,-415
112900133,54,1653,-1599
112900134,1,422,-421
112900135,133,61,72
112900136,1,36,-35
112900137,5,965,-960
112900138,3,492,-489
112900139,401,1875,-1474
112900140,0,107,-107
112900141,991,48,943
112900142,98,199,-101
112900143,71,887,-816
112900144,3,290,-287
112900145,28,627,-599
112900146,13,1738,-1725
112900147,14,2837,-2823
112900148,111,3,108
112900149,362,822,-460
112900151,33,94,-61
112900152,5735,1560,4175
112900153,2846,2628,218
112900154,0,207,-207
112900155,219,70,149
112900156,508,2037,-1529
112900157,397,9,388
112900158,68,27,41
112900159,303,127,176
112900160,79,412,-333
112900161,108,63,45
112900162,53,23,30
112900163,142,56,86
112900164,39,321,-282
112900165,261,51,210
112900166,40,101,-61
112900167,5,58,-53
112900168,9,3,6
112900169,15,16,-1
112900170,151,170,-19
112900172,88,18,70
112900173,334,172,162
112900174,379,52,327
112900175,251,220,31
112900176,6,75,-69
112900177,297,74,223
112900178,1059,4918,-3859
112900179,56,641,-585
112900180,3405,2328,1077
112900181,589,6,583
112900182,83,1649,-1566
112900183,282,447,-165
112900184,736,608,128
112900185,596,716,-120
112900186,2443,1488,955
112900187,153,684,-531
112900188,1134,608,526
112900189,30,85,-55
112900190,94,67,27
112900192,752,845,-93
112900193,1985,529,1456
112900194,114,190,-76
112900195,1501,56,1445
112900196,318,687,-369
112900197,226,527,-301
112900199,719,805,-86
112900200,616,433,183
112900201,80,131,-51
112900202,491,1303,-812
112900203,284,515,-231
112900204,1386,810,576
112900205,19,28,-9
112900206,15,88,-73
112900207,20,0,20
112900208,115,345,-230
112900209,638,541,97
112900210,1,41,-40
112900211,142,91,51
112900212,2,150,-148
112900213,29,15,14
112900214,47,11,36
112900215,8,267,-259
112900216,49,101,-52
112900217,10,82,-72
112900218,65,38,27
112900219,99,12,87
112900220,17,0,17
112900221,49,134,-85
112900222,1,43,-42
112900223,1619,35,1584
112900224,362,835,-473
112900225,536,677,-141
112900226,451,511,-60
112900227,593,1864,-1271
112900228,63,60,3
112900229,230,110,120
112900230,10220,6290,3930
112900232,327,388,-61
112900233,150,258,-108
112900234,31,167,-136
112900235,135,36,99
112900236,325,16,309
112900237,282,332,-50
112900238,5,66,-61
112900239,1039,402,637
113000001,7952,10110,-2158
113000002,4945,5440,-495
113000003,2597,4016,-1419
113000004,3089,3949,-860
113000005,2169,1844,325
113000006,1869,2451,-582
113000007,3073,2043,1030
113000008,2966,2746,220
113000009,1358,1362,-4
113000010,1579,2322,-743
113000011,1048,2329,-1281
113000012,2336,1418,918
113000013,1941,1081,860
113000014,2223,2474,-251
113000015,1063,498,565
113000016,795,1179,-384
113000017,125,471,-346
113000018,880,70,810
113000019,366,350,16
113000020,541,67,474
113000021,2500,904,1596
113000022,935,1521,-586
113000025,143,476,-333
113000026,717,713,4
113000027,1586,734,852
113000028,2483,851,1632
113000029,1309,928,381
113000030,568,1118,-550
113000031,485,572,-87
113000032,426,498,-72
113000033,503,634,-131
113000034,617,575,42
113000035,54,80,-26
113000036,48,94,-46
113000037,163,73,90
113000038,28,99,-71
113000039,120,800,-680
113000040,84,130,-46
113000042,1310,1028,282
113000051,1233,3767,-2534
113000052,2827,1766,1061
113000053,458,678,-220
113000054,534,1417,-883
113000055,1486,1143,343
113000056,1094,1571,-477
113000058,1195,1154,41
113000059,1583,1064,519
113000060,298,766,-468
113000061,959,1566,-607
113000062,1592,374,1218
113000063,196,274,-78
113000064,68,528,-460
113000065,200,1311,-1111
113000066,896,199,697
113000067,2357,2107,250
113000068,516,2328,-1812
113000069,673,1946,-1273
113000070,2950,1482,1468
113000071,570,1095,-525
113000072,851,764,87
113000073,759,2398,-1639
113000074,1522,766,756
113000075,2807,1020,1787
113000076,1249,2837,-1588
113000077,2096,767,1329
113000078,1238,3551,-2313
113000079,1301,1190,111
113000080,1050,805,245
113000081,1466,1252,214
113000082,2375,1143,1232
113000083,842,1338,-496
113000084,2250,1926,324
113000085,1342,1207,135
113000086,1689,1883,-194
113000087,1340,1396,-56
113000088,3834,2063,1771
113000089,1370,2397,-1027
113000090,459,930,-471
113000091,831,528,303
113000094,1811,337,1474
113000095,336,1350,-1014
113000096,226,1061,-835
113000097,1837,581,1256
113000098,242,55,187
113000099,1654,534,1120
113000100,228,522,-294
113000101,732,911,-179
113000102,915,538,377
113000103,3243,863,2380
113000104,642,3398,-2756
113000105,1024,645,379
113000106,643,771,-128
113000107,983,1150,-167
113000108,1126,1897,-771
113000109,882,5321,-4439
113000110,2170,714,1456
113000111,207,1041,-834
113000112,438,436,2
113000113,2365,496,1869
113000114,441,2619,-2178
113000116,1069,422,647
113000117,1331,176,1155
113000118,284,1093,-809
113000119,710,515,195
113000120,165,413,-248
113000121,1273,1290,-17
113000124,321,187,134
113000125,74,994,-920
113000127,3989,643,3346
113000128,728,977,-249
113000129,782,1755,-973
113000133,4152,2928,1224
113000134,20,1931,-1911
113000135,4965,5994,-1029
113000137,3166,4469,-1303
113000139,566,288,278
113000140,257,536,-279
113000141,551,297,254
113000142,1134,1874,-740
113000143,446,337,109
113000144,605,1124,-519
113000145,80,195,-115
113000146,237,160,77
113000147,240,252,-12
113000148,228,193,35
113000149,125,228,-103
113000150,871,618,253
113000151,197,140,57
113000152,62,162,-100
113000153,2326,969,1357
113000154,1139,2451,-1312
113000155,457,856,-399
113000156,217,610,-393
113000157,422,1401,-979
113000158,881,372,509
113000159,1325,972,353
113000160,842,1778,-936
113000161,393,826,-433
113000162,1003,597,406
113000163,204,91,113
113000164,18,132,-114
113000166,237,148,89
113000167,105,197,-92
113000168,131,182,-51
113000169,199,97,102
113000170,184,150,34
113000171,83,128,-45
113000172,307,148,159
113000173,78,26,52
113000174,165,593,-428
113000175,570,205,365
113000176,669,291,378
113000177,251,591,-340
113000178,269,491,-222
113000179,487,347,140
113000180,1353,2002,-649
113000181,1713,1501,212
113000182,267,897,-630
113000183,354,787,-433
113000184,21,200,-179
113000189,776,1351,-575
113000190,1791,914,877
113000192,2821,2677,144
113000193,7886,1466,6420
113000194,3392,1494,1898
113000195,4126,1203,2923
113000196,296,145,151
113000197,2969,1758,1211
113000198,104,497,-393
113000199,2883,571,2312
113000201,2330,338,1992
113000202,6116,5823,293
113000203,512,366,146
113000204,2793,2642,151
113000205,37,51,-14
113000206,23,62,-39
113000207,94,49,45
113000208,66,77,-11
113000209,55,64,-9
113000210,16,49,-33
113000211,377,303,74
113000212,253,39,214
113000213,67,363,-296
113000214,307,585,-278
113000234,278,1541,-1263
113000410,418,350,68
113000411,4699,6569,-1870
113000412,11284,3459,7825
113000413,4845,4186,659
113000414,11559,21109,-9550
113000415,3788,5010,-1222
113000416,13328,6961,6367
113000417,5104,5393,-289
113000418,6279,4487,1792
113000419,2883,2964,-81
113000420,5498,8302,-2804
113000421,5994,8607,-2613
113000422,18528,15636,2892
113000423,3591,6987,-3396
113000424,4941,12451,-7510
113000425,18,169,-151
113000428,386,57,329
113000430,58,237,-179
113000432,3576,246,3330
113000433,226,1169,-943
113000434,57,209,-152
113000435,34,1039,-1005
113000436,53,1796,-1743
113000437,1143,31,1112
113000438,342,12,330
113000439,34,204,-170
113000440,176,50,126
113000441,240,358,-118
113000442,204,318,-114
113000443,330,407,-77
113000444,351,372,-21
113000445,133,219,-86
113000446,44,146,-102
113000448,256,309,-53
113000449,416,2315,-1899
113000450,1058,8181,-7123
113000451,1603,342,1261
113000452,716,1324,-608
113000453,67,440,-373
113000454,4214,99,4115
113000455,15,300,-285
113000456,6114,3838,2276
113000468,2929,510,2419
113000469,529,287,242
113000470,583,59,524
113000471,22,704,-682
113000472,132,503,-371
113000474,612,968,-356
113000475,2322,2628,-306
113000476,1605,2539,-934
113000477,3343,2913,430
113000478,5715,8541,-2826
113000479,178,295,-117
113000480,184,163,21
113000481,0,0,0
113000482,0,0,0
113000483,0,0,0
113000484,0,0,0
113000485,8,0,8
113000486,45,2,43
113000487,1,6,-5
113000488,2,0,2
113000489,0,2,-2
113000490,3,10,-7
113000491,19,35,-16
113000492,8,6,2
113000493,0,0,0
113000495,238,216,22
113000496,157,157,0
113000497,0,0,0
113000499,0,11,-11
113000500,0,6,-6
113900001,8,524,-516
113900002,3,216,-213
113900003,2,231,-229
113900004,0,147,-147
113900005,1,158,-157
113900006,9,66,-57
113900007,571,53,518
113900008,456,0,456
113900009,1156,1,1155
113900010,962,10,952
113900011,135,4,131
113900012,59,3,56
113900013,3012,42,2970
113900014,733,1,732
113900015,1,77,-76
113900016,36,1,35
113900017,6,88,-82
113900018,698,312,386
113900019,218,76,142
113900020,214,2,212
113900022,24,0,24
113900023,62,0,62
113900024,46,91,-45
113900025,383,42,341
113900026,59,0,59
113900027,4,120,-116
113900028,40,643,-603
113900029,77,304,-227
113900030,256,2,254
113900031,12,0,12
113900032,27,0,27
113900033,76,119,-43
113900035,71,1,70
113900036,33,117,-84
113900037,177,591,-414
113900038,62,199,-137
113900039,257,22,235
113900040,13,13,0
113900041,10,9,1
113900042,112,68,44
113900043,327,218,109
113900044,378,340,38
113900045,164,3,161
113900046,394,864,-470
113900047,74,160,-86
113900048,287,138,149
113900049,929,555,374
113900050,365,602,-237
113900051,393,634,-241
113900052,258,242,16
113900053,992,818,174
113900054,54,11,43
113900055,137,647,-510
113900056,98,252,-154
113900057,63,507,-444
113900058,94,273,-179
113900059,259,551,-292
113900060,191,359,-168
113900061,1586,391,1195
113900062,99,24,75
113900063,170,210,-40
113900064,61,210,-149
113900065,600,21,579
113900066,425,551,-126
113900067,355,455,-100
113900068,718,666,52
113900069,95,40,55
113900070,264,714,-450
113900071,123,85,38
113900072,101,327,-226
113900073,445,639,-194
113900074,446,487,-41
113900075,1616,1709,-93
113900076,263,21,242
113900077,100,297,-197
113900078,81,74,7
113900079,2,85,-83
113900080,691,265,426
113900081,120,407,-287
113900082,211,426,-215
113900083,413,711,-298
113900084,334,171,163
113900085,69,367,-298
113900086,30,34,-4
113900087,127,339,-212
113900088,95,129,-34
113900089,529,59,470
113900090,877,578,299
113900091,24,46,-22
113900092,62,151,-89
113900093,145,1144,-999
113900094,520,596,-76
113900095,171,199,-28
113900096,375,93,282
113900097,85,137,-52
113900098,799,118,681
113900099,1,97,-96
113900100,0,6,-6
113900101,26,101,-75
113900102,249,218,31
113900103,450,429,21
113900104,168,306,-138
113900105,141,505,-364
113900106,1,125,-124
113900107,1,57,-56
113900108,360,351,9
113900109,572,258,314
113900110,102,22,80
113900111,217,138,79
113900112,266,184,82
113900113,1341,658,683
113900114,1,201,-200
113900115,1,132,-131
113900116,171,244,-73
113900117,313,48,265
113900118,314,560,-246
113900119,355,626,-271
113900120,67,46,21
113900121,83,108,-25
113900122,464,2363,-1899
113900123,678,245,433
113900124,13,136,-123
113900125,1680,178,1502
113900126,215,95,120
113900127,426,849,-423
113900128,150,112,38
113900129,20,181,-161
113900130,8,53,-45
113900131,340,176,164
113900132,128,79,49
113900133,33,74,-41
113900135,438,624,-186
113900136,154,164,-10
113900137,506,380,126
113900138,72,321,-249
113900139,686,270,416
113900140,613,453,160
113900141,563,613,-50
113900142,192,159,33
113900143,20,67,-47
113900144,546,307,239
113900145,435,210,225
113900146,220,83,137
113900148,229,482,-253
113900149,230,160,70
113900150,1285,897,388
113900151,540,328,212
113900152,43,56,-13
113900153,588,861,-273
113900154,11,156,-145
113900155,285,263,22
113900156,304,700,-396
113900157,73,371,-298
113900158,767,553,214
113900159,17,315,-298
113900160,860,773,87
113900161,135,274,-139
113900162,966,1107,-141
113900163,607,433,174
113900164,417,78,339
113900165,976,718,258
113900166,512,277,235
113900167,322,55,267
113900168,216,199,17
113900169,353,497,-144
113900171,314,99,215
113900172,19,286,-267
113900173,77,832,-755
113900174,645,827,-182
113900175,553,225,328
113900176,505,879,-374
113900177,552,330,222
113900178,597,156,441
113900179,35,766,-731
113900180,242,179,63
113900181,887,151,736
113900182,1087,1448,-361
113900183,108,103,5
113900184,12,694,-682
113900185,245,134,111
113900186,53,71,-18
113900187,49,219,-170
113900188,69,294,-225
113900189,415,189,226
113900190,396,167,229
113900191,198,375,-177
113900192,4,690,-686
113900193,38,338,-300
113900194,2622,1602,1020
113900195,383,562,-179
113900196,22,177,-155
113900197,1,255,-254
113900198,38,251,-213
113900199,290,1118,-828
113900200,36,436,-400
113900201,2,285,-283
113900202,47,479,-432
113900203,1,181,-180
113900204,70,871,-801
113900205,25,262,-237
113900206,14,225,-211
113900207,14,119,-105
113900208,0,80,-80
113900209,0,123,-123
113900210,907,1271,-364
113900211,369,122,247
113900212,291,745,-454
113900214,676,572,104
113900215,59,186,-127
113900216,99,1595,-1496
113900217,107,370,-263
113900218,225,73,152
113900219,118,516,-398
113900220,241,203,38
113900221,555,383,172
113900222,439,892,-453
113900223,221,1333,-1112
113900224,138,116,22
113900225,880,371,509
113900226,429,197,232
113900227,439,267,172
113900228,455,605,-150
113900229,107,1011,-904
113900230,6786,4473,2313
113900231,267,310,-43
113900232,179,157,22
113900233,107,123,-16
113900234,511,622,-111
113900235,168,62,106
113900236,171,465,-294
113900237,257,29,228
113900238,357,755,-398
113900239,81,104,-23
113900240,10,198,-188
113900241,152,74,78
113900242,72,216,-144
113900243,190,675,-485
113900244,633,385,248
113900245,1837,470,1367
113900246,22,48,-26
113900247,234,548,-314
113900248,4266,2716,1550
113900249,1614,657,957
113900250,95,182,-87
113900251,788,248,540
113900252,731,32,699
113900253,1067,79,988
113900254,977,201,776
113900255,529,34,495
113900256,457,41,416
113900257,42,821,-779
113900258,18,637,-619
113900259,667,251,416
113900260,209,31,178
113900261,39,129,-90
113900262,180,901,-721
113900263,240,929,-689
113900264,3,704,-701
113900265,248,486,-238
113900266,37,275,-238
113900267,142,751,-609
113900268,443,534,-91
113900269,150,242,-92
113900270,358,826,-468
113900271,934,1618,-684
113900273,178,9,169
113900274,131,50,81
113900275,50,93,-43
113900276,2,287,-285
113900277,219,7,212
113900278,388,283,105
113900279,248,169,79
113900280,1851,716,1135
113900281,954,1879,-925
113900282,1242,916,326
113900283,534,688,-154
113900284,1211,300,911
113900285,171,48,123
113900286,126,210,-84
113900287,75,281,-206
113900288,8,243,-235
113900289,1893,180,1713
113900290,433,290,143
113900291,210,255,-45
113900292,32,15,17
113900293,5,413,-408
113900294,570,41,529
113900295,636,634,2
113900296,2643,593,2050
113900297,3080,85,2995
113900298,15,2133,-2118
113900299,89,242,-153
113900300,7833,5055,2778
113900301,1335,653,682
113900302,3318,1296,2022
113900303,891,668,223
113900304,3,179,-176
113900305,125,1,124
113900306,39,0,39
113900307,142,0,142
113900308,122,197,-75
113900309,3,1100,-1097
113900310,6,19,-13
113900311,4,0,4
113900312,301,292,9
113900313,30,24,6
114000001,1442,4785,-3343
114000002,381,616,-235
114000003,69,377,-308
114000004,424,524,-100
114000005,385,377,8
114000006,4543,3254,1289
114000007,995,1894,-899
114000008,2207,2468,-261
114000009,962,347,615
114000011,3303,4153,-850
114000012,2882,2976,-94
114000013,2087,2644,-557
114000014,621,468,153
114000015,2952,681,2271
114000016,328,484,-156
114000017,147,496,-349
114000018,583,82,501
114000026,1982,1996,-14
114000027,3914,2900,1014
114000028,3088,3592,-504
114000038,404,231,173
114000039,152,120,32
114000040,143,306,-163
114000042,161,256,-95
114000043,61,174,-113
114000044,227,92,135
114000045,74,113,-39
114000046,5073,7161,-2088
114000047,49,109,-60
114000048,121,56,65
114000049,2363,2241,122
114000050,2656,3569,-913
114000051,5032,2514,2518
114000052,6869,2132,4737
114000053,145,688,-543
114000054,313,1331,-1018
114000055,713,41,672
114000056,1701,1248,453
114000057,10359,3220,7139
114000058,888,2133,-1245
114000059,525,477,48
114000060,915,1266,-351
114000061,5060,3676,1384
114000062,3544,2091,1453
114000063,3851,2456,1395
114000064,9599,5294,4305
114000065,2789,3711,-922
114000066,488,834,-346
114000067,54,998,-944
114000068,666,1065,-399
114000069,1416,845,571
114000070,2974,2280,694
114000071,1137,924,213
114000072,616,437,179
114000073,37,165,-128
114000074,40,21,19
114000075,40,224,-184
114000076,21,226,-205
114000077,14,94,-80
114000078,416,1309,-893
114000079,180,39,141
114000080,93,130,-37
114000081,95,103,-8
114000082,66,734,-668
114000083,77,435,-358
114000084,459,166,293
114000085,186,1080,-894
114000086,320,668,-348
114000087,172,365,-193
114000088,86,92,-6
114000089,1781,603,1178
114000090,1214,1222,-8
114000091,2063,1160,903
114000092,1338,896,442
114000093,1859,1418,441
114000094,471,550,-79
114000095,554,209,345
114000096,214,626,-412
114000097,139,1039,-900
114000098,706,103,603
114000099,722,1005,-283
114000100,1798,1214,584
114000101,550,1313,-763
114000102,603,442,161
114000103,211,613,-402
114000104,57,435,-378
114000105,233,147,86
114000106,1447,1406,41
114000107,425,171,254
114000108,2585,1606,979
114000109,667,1701,-1034
114000110,885,2215,-1330
114000111,1940,1201,739
114000112,785,2512,-1727
114000113,1661,677,984
114000114,1821,1860,-39
114000115,3342,1365,1977
114000116,1126,889,237
114000117,3488,624,2864
114000118,2804,689,2115
114000119,2256,697,1559
114000120,760,1271,-511
114000121,656,1111,-455
114000122,589,537,52
114000123,2249,544,1705
114000124,1420,482,938
114000125,1156,2210,-1054
114000126,4178,341,3837
114000127,351,296,55
114000128,1154,746,408
114000130,745,740,5
114000131,325,236,89
114000132,972,930,42
114000133,1360,2115,-755
114000134,127,246,-119
114000138,90,351,-261
114000139,756,347,409
114000144,1107,718,389
114000145,153,360,-207
114000146,186,455,-269
114000147,1887,2146,-259
114000148,2681,2485,196
114000149,574,464,110
114000150,877,964,-87
114000151,1156,1700,-544
114000152,199,48,151
114000153,1175,2811,-1636
114000154,1048,1117,-69
114000155,2143,3330,-1187
114000156,1496,830,666
114000157,360,1359,-999
114000158,2557,1098,1459
114000159,236,603,-367
114000160,173,468,-295
114000161,1972,3754,-1782
114000162,1398,2835,-1437
114000163,16,241,-225
114000165,767,357,410
114000166,1133,565,568
114000167,5294,2098,3196
114000168,954,977,-23
114000169,2330,1545,785
114000170,1342,1057,285
114000171,1547,2601,-1054
114000174,284,668,-384
114000176,963,638,325
114000177,2956,1277,1679
114000178,74,71,3
114000179,1635,1041,594
114000180,726,1066,-340
114000181,2364,4688,-2324
114000182,7894,3304,4590
114000183,1205,1013,192
114000184,790,2076,-1286
114000185,1571,1242,329
114000189,1094,153,941
114000190,2920,410,2510
114000191,54,86,-32
114000192,526,2297,-1771
114000193,1180,4462,-3282
114000194,1754,1507,247
114000195,260,29,231
114000196,6,484,-478
114000197,1414,55,1359
114000198,1930,576,1354
114000199,3330,2373,957
114000200,782,2612,-1830
114000201,372,1241,-869
114000202,1607,795,812
114000203,746,998,-252
114000204,233,670,-437
114000205,352,2158,-1806
114000206,837,2154,-1317
114000207,878,2886,-2008
114000208,672,4310,-3638
114000209,1018,3686,-2668
114000210,452,2304,-1852
114000211,1386,2311,-925
114000212,1092,1143,-51
114000213,1844,861,983
114000214,120,331,-211
114000215,273,136,137
114000216,2516,697,1819
114000217,353,438,-85
114000218,152,387,-235
114000219,1909,380,1529
114000220,36,1465,-1429
114000221,1042,233,809
114000222,247,1602,-1355
114000223,590,156,434
114000224,115,985,-870
114000225,316,868,-552
114000226,197,300,-103
114000227,1334,678,656
114000228,1035,1208,-173
114000229,1334,1870,-536
114000230,2224,1703,521
114000231,1309,1839,-530
114000232,759,168,591
114000233,2485,210,2275
114000234,1415,1368,47
114000235,1287,2156,-869
114000236,0,619,-619
114000237,166,1445,-1279
114000238,287,261,26
114000239,272,1705,-1433
114000240,1115,1068,47
114000241,302,1249,-947
114000242,1164,1126,38
114000243,2350,1106,1244
114000244,1191,540,651
114000245,454,868,-414
114000246,270,59,211
114000247,1188,1012,176
114000248,1485,776,709
114000249,629,808,-179
114000250,584,1065,-481
114000251,451,403,48
114000252,115,121,-6
114000253,89,164,-75
114000254,61,164,-103
114000255,1123,345,778
114000256,2739,2738,1
114000257,618,2024,-1406
114000258,482,643,-161
114000259,221,369,-148
114000260,0,60,-60
114000261,30,56,-26
114000262,251,249,2
114000263,30,4,26
114000264,1551,841,710
114000265,0,8,-8
114000267,1,2410,-2409
114000268,21,2315,-2294
114000270,215,3,212
114000271,832,65,767
114000283,1693,612,1081
114000285,52,429,-377
114000288,101,423,-322
114000289,1763,158,1605
114000293,249,747,-498
114000294,323,513,-190
114000395,2637,76,2561
114000396,738,718,20
114000402,567,418,149
114000403,399,630,-231
114000405,182,736,-554
114000423,358,629,-271
114000424,680,278,402
114000425,761,592,169
114000426,420,1195,-775
114000427,112,121,-9
114000428,380,187,193
114000429,20,322,-302
114000432,106,179,-73
114000434,48,152,-104
114000435,27,281,-254
114000436,5608,1687,3921
114000437,680,3300,-2620
114900001,958,1625,-667
114900002,1171,147,1024
114900003,871,2363,-1492
114900004,402,528,-126
114900005,749,1304,-555
114900006,130,75,55
114900007,334,42,292
114900008,236,152,84
114900010,3397,2949,448
114900011,261,254,7
114900013,325,245,80
114900015,108,681,-573
114900018,1093,28,1065
114900020,348,123,225
114900022,35,866,-831
114900024,495,207,288
114900025,600,303,297
114900026,75,184,-109
114900027,378,338,40
114900029,25,37,-12
114900030,479,261,218
114900031,551,50,501
114900032,511,79,432
114900033,1801,886,915
114900034,67,325,-258
114900035,176,396,-220
114900036,323,1182,-859
114900037,176,302,-126
114900038,201,1000,-799
114900039,673,802,-129
114900040,144,256,-112
114900041,769,755,14
114900042,902,1026,-124
114900043,975,433,542
114900044,210,45,165
114900046,104,218,-114
114900047,311,2315,-2004
114900048,167,401,-234
114900049,20,233,-213
114900050,106,721,-615
114900051,37,532,-495
114900052,168,269,-101
114900053,276,410,-134
114900054,96,215,-119
114900057,330,18,312
114900058,0,127,-127
114900059,114,64,50
114900060,1866,1078,788
114900061,142,258,-116
114900062,411,463,-52
114900063,98,314,-216
114900064,1701,848,853
114900065,539,1007,-468
114900067,67,529,-462
114900068,96,249,-153
114900069,353,228,125
114900070,701,633,68
114900072,13,439,-426
114900073,2,338,-336
114900074,698,1028,-330
114900075,359,14,345
114900076,21,547,-526
114900080,3262,647,2615
114900082,5159,2525,2634
114900083,1724,1518,206
114900090,514,461,53
114900091,234,289,-55
114900095,605,190,415
114900096,626,1083,-457
114900097,145,10,135
114900098,8,367,-359
114900099,273,18,255
115000001,9803,6492,3311
115000002,4423,5168,-745
115000003,6303,5158,1145
115000004,4932,7272,-2340
115000005,2060,3430,-1370
115000006,1154,2176,-1022
115000007,136,262,-126
115000008,648,658,-10
115000009,384,364,20
115000010,403,198,205
115000013,105,258,-153
115000015,85,413,-328
115000016,315,375,-60
115000019,33,718,-685
115000020,203,962,-759
115000021,323,610,-287
115000022,767,486,281
115000023,509,790,-281
115000024,1609,779,830
115000025,1169,972,197
115000026,196,596,-400
115000027,357,384,-27
115000028,293,1156,-863
115000029,718,219,499
115000030,1097,1558,-461
115000031,1498,630,868
115000032,13,400,-387
115000033,279,32,247
115000034,219,1600,-1381
115000035,1536,103,1433
115000036,1,619,-618
115000037,736,17,719
115000038,99,233,-134
115000039,4731,3989,742
115000040,8931,4397,4534
115000041,2109,4557,-2448
115000042,1396,967,429
115000043,4211,2871,1340
115000044,4999,5155,-156
115000045,3591,2672,919
115000046,2747,3375,-628
115000047,2374,2297,77
115000048,2032,3683,-1651
115000049,2192,4809,-2617
115000050,3834,2670,1164
115000051,2546,3650,-1104
115000052,3286,2634,652
115000053,2181,2364,-183
115000054,907,1837,-930
115000055,175,564,-389
115000056,216,662,-446
115000057,968,862,106
115000058,571,204,367
115000059,272,192,80
115000061,584,145,439
115000062,365,418,-53
115000063,385,432,-47
115000064,337,232,105
115000065,63,564,-501
115000067,267,43,224
115000069,110,575,-465
115000070,37,1611,-1574
115000071,173,19,154
115000072,8,105,-97
115000073,1916,68,1848
115000075,107,92,15
115000076,4846,4219,627
115000077,2575,3962,-1387
115000078,1651,2255,-604
115000079,1593,2746,-1153
115000080,2897,3519,-622
115000081,604,1426,-822
115000082,4564,5192,-628
115000083,2798,3625,-827
115000084,2667,1676,991
115000085,970,1334,-364
115000086,1219,1301,-82
115000087,679,2300,-1621
115000088,2243,962,1281
115000089,2133,1881,252
115000090,897,1318,-421
115000091,395,1557,-1162
115000092,503,489,14
115000093,560,2,558
115000094,10146,7046,3100
115000095,8030,7596,434
115000096,847,2472,-1625
115000097,1005,1232,-227
115000098,1290,1189,101
115000099,3045,4067,-1022
115000100,1288,624,664
115000101,631,2139,-1508
115000102,552,329,223
115000103,476,1068,-592
115000105,69,242,-173
115000106,654,416,238
115000107,272,689,-417
115000108,5010,3469,1541
115000109,6918,5716,1202
115000110,2105,2039,66
115000111,1112,2822,-1710
115000112,915,1040,-125
115000113,959,1460,-501
115000114,2280,1419,861
115000116,5646,2936,2710
115000117,6155,4443,1712
115000118,3430,2388,1042
115000119,3367,3360,7
115000120,1008,1727,-719
115000121,2325,1363,962
115000122,5512,2715,2797
115000123,2485,2867,-382
115000124,1296,1565,-269
115000125,702,775,-73
115000126,290,362,-72
115000127,673,187,486
115000128,1010,1059,-49
115000129,440,401,39
115000130,540,1403,-863
115000131,1009,405,604
115000132,377,611,-234
115000133,881,436,445
115000134,723,336,387
115000135,552,283,269
115000136,407,296,111
115000137,265,287,-22
115000138,387,373,14
115000139,350,323,27
115000140,408,329,79
115000141,201,389,-188
115000142,256,457,-201
115000143,737,795,-58
115000144,650,126,524
115000145,259,602,-343
115000146,602,402,200
115000147,718,745,-27
115000148,401,1716,-1315
115000149,749,303,446
115000150,1035,1605,-570
115000151,1566,768,798
115000152,923,1969,-1046
115000153,1582,940,642
115000154,1214,547,667
115000155,813,1643,-830
115000156,1479,958,521
115000157,1388,1238,150
115000158,1161,561,600
115000159,1265,815,450
115000160,1010,961,49
115000161,728,797,-69
115000162,900,1008,-108
115000163,850,845,5
115000164,940,827,113
115000165,553,622,-69
115000167,180,129,51
115000168,952,477,475
115000169,1005,428,577
115000170,330,154,176
115000171,509,256,253
115000172,1955,951,1004
115000173,578,723,-145
115000174,277,367,-90
115000175,300,119,181
115000176,348,115,233
115000177,388,191,197
115000178,62,374,-312
115000179,99,64,35
115000180,195,996,-801
115000181,755,221,534
115000182,962,569,393
115000183,403,1206,-803
115000186,884,427,457
115000187,315,1102,-787
115000188,618,796,-178
115000189,365,611,-246
115000190,1172,704,468
115000191,568,867,-299
115000194,259,271,-12
115000195,547,380,167
115000196,148,145,3
115000197,252,414,-162
115000198,332,308,24
115000199,483,301,182
115000200,502,166,336
115000201,172,638,-466
115000206,508,110,398
115000207,151,479,-328
115000208,712,995,-283
115000209,800,343,457
115000210,231,192,39
115000211,333,433,-100
115000212,2620,481,2139
115000224,545,100,445
115000225,87,120,-33
115000229,258,233,25
115000230,177,581,-404
115000231,381,2892,-2511
115000232,1793,459,1334
115000233,301,313,-12
115000234,31,486,-455
115000241,95,363,-268
115000242,90,447,-357
115000243,64,322,-258
115000244,8,157,-149
115000246,23,34,-11
115000247,52,24,28
115000248,23,29,-6
115000249,51,37,14
115000250,440,42,398
115000251,321,215,106
115000252,166,286,-120
115000253,22,564,-542
115000258,389,255,134
115000259,437,235,202
115000261,13,27,-14
115000262,13,39,-26
115000263,19,63,-44
115000264,41,54,-13
115000267,83,99,-16
115000268,65,132,-67
115000269,153,105,48
115000270,10,21,-11
115000272,68,242,-174
115000273,546,60,486
115000280,2905,211,2694
115000281,1060,887,173
115000282,2141,1106,1035
115000284,420,216,204
115000296,1383,14,1369
115000297,431,154,277
115000298,162,509,-347
115000300,258,259,-1
115000302,687,292,395
115000303,889,216,673
115000304,1000,135,865
115000305,142,1212,-1070
115000306,224,672,-448
115000307,129,243,-114
115000308,46,37,9
115000309,44,41,3
115000310,1201,1373,-172
115000311,1021,1836,-815
115000313,107,1004,-897
115000314,550,164,386
115000315,1110,512,598
115000316,113,157,-44
115000317,243,817,-574
115000318,1149,472,677
115000319,122,493,-371
115000320,22,517,-495
115000321,889,69,820
115000322,59,366,-307
115000449,410,284,126
115000557,3,1626,-1623
115000558,725,90,635
115000587,638,650,-12
115000588,3689,4123,-434
115000589,4672,3265,1407
115000590,1615,1835,-220
115000591,2223,993,1230
115000592,1045,2168,-1123
115000593,1996,908,1088
115000594,1205,2819,-1614
115000609,156,201,-45
115000617,3157,4623,-1466
115000624,326,114,212
115000633,662,3027,-2365
115000634,3902,1287,2615
115000635,746,211,535
115000638,1438,1110,328
115000641,64,169,-105
115000642,462,441,21
115000643,205,790,-585
115000644,195,605,-410
115000646,1125,2063,-938
115000647,275,703,-428
115000648,2003,2562,-559
115000893,4136,1970,2166
115000894,231,1608,-1377
115000895,629,1115,-486
115000896,1830,451,1379
115000897,825,224,601
115000898,1331,337,994
115000899,921,1528,-607
115000900,226,553,-327
115000901,104,210,-106
115000912,410,166,244
115000913,2,19,-17
115000915,158,10,148
115000916,7,0,7
115000917,0,20,-20
115000918,124,659,-535
115000919,13,31,-18
115000920,159,85,74
115000921,1508,240,1268
115000922,2616,1078,1538
115000923,797,1223,-426
115000925,71,118,-47
115000927,43,94,-51
115000933,417,232,185
115000934,193,331,-138
115000935,155,137,18
115000936,12,465,-453
115000937,368,102,266
115000938,46,114,-68
115000939,25,95,-70
115900001,128,70,58
115900002,126,240,-114
115900003,229,171,58
115900004,2,108,-106
115900005,210,18,192
115900006,238,525,-287
115900008,64,27,37
115900009,120,386,-266
115900010,423,284,139
115900011,670,357,313
115900012,183,156,27
115900013,719,268,451
115900014,187,180,7
115900015,131,169,-38
115900016,138,60,78
115900017,14,8,6
115900018,280,104,176
115900019,945,35,910
115900020,91,0,91
115900021,1917,178,1739
115900022,2093,17,2076
115900023,72,29,43
115900025,108,501,-393
115900026,1127,356,771
115900027,0,432,-432
115900028,1024,110,914
115900029,11,549,-538
115900030,45,24,21
115900031,560,451,109
115900032,735,1103,-368
115900033,1,80,-79
115900034,39,709,-670
115900035,75,33,42
115900036,154,869,-715
115900037,74,621,-547
115900038,61,17,44
115900039,228,326,-98
115900041,716,711,5
115900042,28,10,18
115900043,176,111,65
115900044,397,452,-55
115900046,378,385,-7
115900047,185,157,28
115900049,264,304,-40
115900051,1,52,-51
115900052,12,352,-340
115900053,301,344,-43
115900054,249,61,188
115900055,32,166,-134
115900056,350,492,-142
115900057,94,12,82
115900058,39,113,-74
115900060,329,230,99
115900061,307,1,306
115900062,65,417,-352
115900063,77,20,57
115900064,229,369,-140
115900065,164,169,-5
115900066,283,195,88
115900067,16,990,-974
115900068,4324,910,3414
115900069,98,299,-201
115900070,218,297,-79
115900071,2,668,-666
115900072,68,283,-215
115900073,109,97,12
115900074,5,429,-424
115900075,43,401,-358
115900076,7,92,-85
115900077,9,385,-376
115900078,83,225,-142
115900079,240,22,218
115900080,754,418,336
115900081,23,72,-49
115900082,190,273,-83
115900084,546,24,522
115900085,102,114,-12
115900086,2171,922,1249
115900088,27,65,-38
115900089,395,885,-490
115900090,341,21,320
115900091,22,19,3
115900092,18,247,-229
115900093,7,46,-39
115900094,12,505,-493
115900096,8,13,-5
115900097,13,605,-592
115900098,227,561,-334
115900099,126,81,45
115900100,14,680,-666
115900101,190,507,-317
115900102,60,102,-42
115900103,487,306,181
115900104,53,162,-109
115900105,304,1039,-735
115900106,54,38,16
115900107,68,252,-184
115900108,119,92,27
115900109,67,615,-548
115900110,0,46,-46
115900111,2,95,-93
115900112,55,1451,-1396
115900113,51,46,5
115900114,17,199,-182
115900115,97,365,-268
115900116,127,1534,-1407
115900117,109,43,66
115900118,8,474,-466
115900119,202,227,-25
115900120,47,663,-616
115900121,252,352,-100
115900124,330,789,-459
115900125,424,63,361
115900126,887,158,729
115900127,848,86,762
115900128,17,105,-88
115900129,926,65,861
115900130,34,272,-238
115900131,485,30,455
115900132,546,13,533
115900134,410,24,386
115900135,633,1393,-760
115900137,44,5,39
115900139,102,97,5
115900140,291,42,249
115900141,15,62,-47
115900142,8,30,-22
115900143,413,494,-81
115900144,122,392,-270
115900146,8,197,-189
115900147,307,377,-70
115900148,86,16,70
115900149,92,23,69
115900150,101,93,8
115900151,21,124,-103
115900152,173,479,-306
115900153,170,366,-196
115900154,805,522,283
115900155,0,119,-119
115900156,929,1140,-211
115900157,212,598,-386
115900158,41,28,13
115900159,198,363,-165
115900160,24,10,14
115900161,314,313,1
115900163,211,225,-14
115900164,793,55,738
115900165,5,249,-244
115900166,319,371,-52
115900168,199,254,-55
115900171,180,646,-466
115900172,79,188,-109
115900173,303,218,85
115900174,382,277,105
115900175,157,302,-145
115900178,12,906,-894
115900179,247,23,224
115900180,60,316,-256
115900181,187,297,-110
115900182,435,334,101
115900183,132,70,62
115900184,2564,38,2526
115900187,14,151,-137
115900189,0,235,-235
115900190,364,1828,-1464
115900191,67,561,-494
115900192,13,88,-75
115900193,366,167,199
115900194,764,81,683
115900195,844,2420,-1576
115900198,329,508,-179
115900199,277,398,-121
115900200,385,501,-116
115900201,598,363,235
115900202,1,91,-90
115900203,15,5,10
115900204,1,5,-4
115900205,241,16,225
115900206,235,218,17
115900207,35,36,-1
115900208,230,290,-60
115900209,9,210,-201
115900210,4,187,-183
115900211,6,273,-267
115900212,191,509,-318
115900213,180,99,81
115900214,401,401,0
115900215,22,161,-139
115900216,21,115,-94
115900217,10,80,-70
115900218,0,77,-77
115900219,102,15,87
115900220,175,23,152
115900221,90,27,63
115900222,41,28,13
115900223,15,345,-330
115900224,1884,1247,637
115900225,77,53,24
115900226,22,54,-32
115900227,16,53,-37
115900228,8,61,-53
115900229,9,76,-67
115900230,87,186,-99
115900231,131,4,127
115900232,80,2,78
115900233,107,27,80
115900234,78,45,33
115900235,36,58,-22
115900236,112,42,70
115900237,41,43,-2
115900238,93,35,58
115900239,18,45,-27
115900240,10,89,-79
115900241,306,188,118
115900242,286,438,-152
115900243,20,18,2
115900244,17,28,-11
115900245,60,12,48
115900246,39,15,24
115900247,42,15,27
115900248,29,10,19
115900249,10,35,-25
115900250,16,48,-32
115900251,0,18,-18
115900252,4,6,-2
115900253,15,20,-5
115900254,25,26,-1
115900255,7,27,-20
115900256,28,42,-14
115900257,17,13,4
115900258,1,6,-5
115900259,7,4,3
115900260,19,5,14
115900261,21,6,15
115900262,2,4,-2
115900263,17,3,14
115900264,20,10,10
115900265,2,9,-7
115900266,9,12,-3
115900267,23,11,12
115900268,13,14,-1
115900269,582,653,-71
115900270,492,702,-210
115900271,105,2,103
115900272,40,1,39
115900273,10,12,-2
115900274,1,27,-26
115900275,1,30,-29
115900276,0,47,-47
115900277,1,88,-87
115900278,36,194,-158
115900279,17,223,-206
115900280,24,428,-404
115900281,518,317,201
115900282,12,4,8
116000001,18541,7388,11153
116000002,6481,13031,-6550
116000003,2480,2433,47
116000004,3360,4637,-1277
116000005,5227,4946,281
116000006,4640,2770,1870
116000007,4852,6195,-1343
116000008,5244,3368,1876
116000009,2364,3614,-1250
116000010,2564,2138,426
116000011,1157,2403,-1246
116000012,1506,1285,221
116000013,18341,7120,11221
116000014,22902,16034,6868
116000015,849,2207,-1358
116000016,10701,5276,5425
116000017,53,1074,-1021
116000018,968,731,237
116000019,1471,510,961
116000020,864,1738,-874
116000021,763,493,270
116000022,613,598,15
116000023,1762,1243,519
116000024,1047,1535,-488
116000025,1236,878,358
116000026,2775,3255,-480
116000027,2457,905,1552
116000028,647,1148,-501
116000029,1667,1115,552
116000030,1054,696,358
116000031,281,520,-239
116000032,553,389,164
116000033,490,718,-228
116000034,1281,1489,-208
116000035,782,1478,-696
116000036,2657,1306,1351
116000037,913,909,4
116000038,1113,551,562
116000039,977,450,527
116000040,2514,384,2130
116000041,364,632,-268
116000042,860,303,557
116000043,102,790,-688
116000044,21,58,-37
116000045,2818,2043,775
116000046,2069,2210,-141
116000047,3673,4567,-894
116000048,3785,2641,1144
116000049,1575,3494,-1919
116000050,1805,2768,-963
116000051,7703,3152,4551
116000052,8083,7354,729
116000053,3146,1716,1430
116000054,1043,3707,-2664
116000055,758,1975,-1217
116000056,1205,1875,-670
116000057,6160,3003,3157
116000058,5458,3775,1683
116000059,5020,8096,-3076
116000060,3558,1268,2290
116000061,539,1246,-707
116000062,1269,336,933
116000063,991,1560,-569
116000066,326,872,-546
116000067,322,637,-315
116000068,358,447,-89
116000069,399,589,-190
116000078,667,1386,-719
116000080,2398,1511,887
116000082,5,135,-130
116000083,2011,573,1438
116000084,3103,5093,-1990
116000085,3074,2310,764
116000086,2572,1718,854
116000087,2275,2009,266
116000088,1236,1733,-497
116000089,241,166,75
116000090,194,220,-26
116000091,385,370,15
116000093,910,736,174
116000094,925,1054,-129
116000095,1040,1045,-5
116000096,976,2217,-1241
116000097,1178,1289,-111
116000098,164,9596,-9432
116000099,11358,414,10944
116000100,283,23,260
116000101,893,1713,-820
116000102,310,1996,-1686
116000103,598,447,151
116000104,398,2286,-1888
116000105,1570,297,1273
116000106,1064,1386,-322
116000107,4259,627,3632
116000108,806,245,561
116000111,202,50,152
116000113,170,168,2
116000114,55,233,-178
116000115,354,159,195
116000116,374,749,-375
116000117,1842,2568,-726
116000118,1894,2162,-268
116000119,3885,2519,1366
116000120,3868,6762,-2894
116000121,1073,772,301
116000122,1686,2779,-1093
116000123,1384,623,761
116000124,564,1601,-1037
116000125,2964,1154,1810
116000126,490,2114,-1624
116000127,1600,2057,-457
116000128,2050,1366,684
116000129,1240,309,931
116000130,663,501,162
116000133,1200,1489,-289
116000134,2328,3530,-1202
116000135,2893,1984,909
116000136,1522,3095,-1573
116000137,1364,1110,254
116000138,1138,860,278
116000139,2592,2874,-282
116000140,278,293,-15
116000141,523,1050,-527
116000142,4610,4396,214
116000143,2281,2585,-304
116000144,1900,3193,-1293
116000145,2133,1966,167
116000146,624,419,205
116000147,503,198,305
116000148,671,649,22
116000149,1053,872,181
116000151,953,935,18
116000153,137,1076,-939
116000155,396,516,-120
116000156,696,1717,-1021
116000157,61,37,24
116000158,500,692,-192
116000159,10,21,-11
116000160,32,152,-120
116000161,11,168,-157
116000162,162,120,42
116000163,22,22,0
116000164,110,36,74
116000177,580,139,441
116000194,161,603,-442
116000195,2322,932,1390
116000196,42,29,13
116000197,14,22,-8
116000198,4182,1860,2322
116000200,1162,695,467
116000201,903,1099,-196
116000202,17,404,-387
116000203,3,165,-162
116000204,19,100,-81
116000205,1,300,-299
116000206,2,175,-173
116000207,16,78,-62
116000233,229,940,-711
116000287,168,801,-633
116000288,289,347,-58
116000292,173,245,-72
116000296,42,191,-149
116000297,181,27,154
116000304,315,51,264
116000305,19,150,-131
116000346,258,173,85
116000352,309,54,255
116000354,129,18,111
116000357,50,64,-14
116000358,461,69,392
116000361,107,4,103
116000372,11961,5226,6735
116000381,168,0,168
116000388,2,87,-85
116000389,1553,850,703
116000445,520,920,-400
116000446,685,1092,-407
116000447,20,675,-655
116000448,832,302,530
116000563,1871,1339,532
116000565,90,686,-596
116000568,120,347,-227
116000579,48,179,-131
116000584,27,10,17
116000585,25,30,-5
116000586,277,249,28
116000587,881,1064,-183
116000589,84,69,15
116000590,104,104,0
116000591,286,376,-90
116000592,13,173,-160
116000593,0,38,-38
116000594,709,746,-37
116000595,965,255,710
116000596,151,23,128
116000597,461,106,355
116000598,27,289,-262
116000602,152,942,-790
116000605,349,202,147
116000606,82,267,-185
116000607,11,85,-74
116000609,358,1113,-755
116000611,116,832,-716
116000612,835,2656,-1821
116000613,727,566,161
116000614,606,1010,-404
116000615,2,279,-277
116000616,69,194,-125
116000617,109,130,-21
116000618,5,201,-196
116000619,189,92,97
116000620,98,102,-4
116000621,64,167,-103
116000622,71,210,-139
116000624,319,122,197
116000627,46,37,9
116000628,55,497,-442
116000629,24,551,-527
116000630,359,53,306
116000631,160,53,107
116000632,557,437,120
116000633,43,728,-685
116000634,726,33,693
116000635,3724,2293,1431
116000636,711,987,-276
116000637,33,2,31
116000638,4,58,-54
116900001,288,253,35
116900002,348,5,343
116900003,35,143,-108
116900004,48,131,-83
116900005,326,82,244
116900006,185,230,-45
116900007,179,276,-97
116900008,478,548,-70
116900009,22,20,2
116900010,5,2020,-2015
116900011,14,62,-48
116900012,293,297,-4
116900013,8,263,-255
116900014,86,418,-332
116900015,416,86,330
116900016,246,2,244
116900017,7,812,-805
116900018,114,88,26
116900019,17,524,-507
116900020,1701,1315,386
116900023,105,11,94
116900024,709,84,625
116900025,1633,1303,330
116900026,262,989,-727
116900027,48,125,-77
116900028,7,177,-170
116900029,0,74,-74
116900031,0,18,-18
116900032,35,500,-465
116900033,16,35,-19
116900034,42,113,-71
116900035,192,318,-126
116900036,9,142,-133
116900038,33,4,29
116900041,52,33,19
116900042,1130,350,780
116900043,20,131,-111
116900045,375,91,284
116900047,88,151,-63
116900049,64,487,-423
116900050,182,761,-579
116900051,192,335,-143
116900052,382,123,259
116900055,3,13,-10
116900057,26,401,-375
116900058,71,623,-552
116900059,1,274,-273
116900060,301,306,-5
116900062,5,14,-9
116900064,121,1083,-962
116900065,30,191,-161
116900067,170,160,10
116900068,198,403,-205
116900070,2,8,-6
116900072,26,636,-610
116900073,18,236,-218
116900074,1,61,-60
116900076,19,43,-24
116900077,16,289,-273
116900078,326,219,107
116900079,44,367,-323
116900080,14,33,-19
116900081,554,1882,-1328
116900082,649,1327,-678
116900083,93,108,-15
116900084,264,86,178
116900085,58,212,-154
116900086,65,309,-244
116900088,585,138,447
116900090,266,92,174
116900091,419,68,351
116900092,161,1259,-1098
116900093,2349,3215,-866
116900094,7617,6511,1106
116900095,424,153,271
116900096,109,320,-211
116900097,5496,3413,2083
116900098,1174,422,752
116900099,1231,920,311
116900100,1159,52,1107
116900101,430,787,-357
116900103,8,2,6
116900104,87,115,-28
116900105,424,187,237
116900106,2326,574,1752
116900107,5976,3151,2825
116900110,11,1,10
116900111,505,1230,-725
116900112,354,1694,-1340
116900113,3728,1704,2024
116900116,220,542,-322
116900117,120,118,2
116900118,1150,1093,57
116900120,350,161,189
116900121,131,68,63
116900122,1010,1206,-196
116900123,262,1256,-994
116900124,261,1577,-1316
116900125,409,322,87
116900126,364,890,-526
116900128,7,43,-36
116900129,1,522,-521
116900130,1119,4594,-3475
116900131,184,472,-288
116900132,55,139,-84
116900133,175,169,6
116900134,326,395,-69
116900136,382,254,128
116900137,499,252,247
116900138,268,264,4
116900139,138,526,-388
116900140,270,223,47
116900141,932,637,295
116900142,2,66,-64
116900143,397,651,-254
116900144,40,87,-47
116900145,151,450,-299
116900147,1017,521,496
116900148,10,65,-55
116900149,59,271,-212
116900150,12,24,-12
116900151,39,23,16
116900153,121,108,13
116900154,1065,721,344
116900155,126,121,5
116900157,662,525,137
116900158,480,298,182
116900159,75,480,-405
116900160,3256,598,2658
116900161,11331,8104,3227
116900162,44,168,-124
116900163,257,279,-22
116900164,210,96,114
116900165,345,178,167
116900166,44,230,-186
116900167,608,100,508
116900168,418,126,292
116900169,1646,485,1161
116900170,319,590,-271
116900171,27,349,-322
116900172,340,328,12
116900173,227,60,167
116900174,66,82,-16
116900175,359,190,169
116900178,18,209,-191
116900179,124,306,-182
116900180,138,35,103
116900182,562,372,190
116900183,252,175,77
116900185,28,79,-51
116900186,117,398,-281
116900187,122,50,72
116900188,172,32,140
116900189,107,3,104
116900191,491,888,-397
116900192,352,218,134
116900194,221,1300,-1079
116900195,53,30,23
116900196,20,126,-106
116900197,133,20,113
116900198,339,296,43
116900200,72,75,-3
116900201,144,31,113
116900202,233,77,156
116900203,208,7,201
116900204,99,161,-62
116900206,12,47,-35
116900207,46,56,-10
116900208,16,145,-129
116900209,22,136,-114
116900210,626,423,203
116900211,273,17,256
116900212,105,135,-30
116900213,279,277,2
116900214,269,252,17
116900215,49,108,-59
116900216,439,429,10
116900218,11,406,-395
116900219,1577,671,906
116900220,125,350,-225
116900221,144,558,-414
116900222,526,633,-107
116900223,131,430,-299
116900226,162,106,56
116900227,239,116,123
116900228,394,378,16
116900230,66,394,-328
116900231,35,578,-543
116900232,16,637,-621
116900233,257,127,130
116900234,36,19,17
116900235,243,410,-167
116900238,2031,602,1429
116900239,29,1187,-1158
116900240,9074,5008,4066
116900241,184,212,-28
116900242,469,447,22
116900243,10,153,-143
116900245,49,46,3
116900246,158,20,138
116900247,849,35,814
116900248,143,99,44
116900249,412,181,231
116900250,464,118,346
116900251,779,718,61
116900252,162,1374,-1212
116900253,177,184,-7
116900254,48,145,-97
116900255,184,106,78
116900256,495,221,274
116900257,16,748,-732
116900258,6,365,-359
116900259,173,13,160
116900260,2,201,-199
116900261,56,3,53
116900262,266,242,24
116900263,0,11,-11
116900264,2,4,-2
116900265,26,0,26
116900266,29,91,-62
116900267,3,1,2
116900268,133,10,123
116900269,530,871,-341
116900271,2560,306,2254
116900272,592,788,-196
116900273,392,98,294
116900274,98,148,-50
116900275,176,176,0
116900276,815,128,687
116900277,967,63,904
116900278,5,25,-20
116900279,1,35,-34
116900280,25,50,-25
116900281,10464,5656,4808
116900282,7,197,-190
116900283,33,189,-156
116900284,31,323,-292
116900285,462,439,23
116900286,313,28,285
116900287,9,113,-104
116900288,80,186,-106
116900289,22,50,-28
116900290,4,95,-91
116900291,46,12,34
116900292,0,20,-20
116900293,57,93,-36
116900294,55,226,-171
116900295,489,71,418
116900296,183,61,122
116900297,6,116,-110
116900298,156,54,102
116900299,117,38,79
116900300,12,135,-123
116900301,169,102,67
116900302,81,82,-1
116900303,555,110,445
116900304,0,193,-193
116900305,42,147,-105
116900306,176,110,66
117000001,2528,2451,77
117000002,3209,7530,-4321
117000003,10778,4783,5995
117000004,6678,8356,-1678
117000005,3193,2543,650
117000006,1987,5973,-3986
117000007,5005,1838,3167
117000008,1871,6830,-4959
117000009,6966,2782,4184
117000010,3974,6722,-2748
117000011,2837,2592,245
117000012,1787,2119,-332
117000013,2613,1283,1330
117000014,2372,3668,-1296
117000015,5287,1815,3472
117000016,882,88,794
117000017,1060,186,874
117000018,476,677,-201
117000019,597,6,591
117000020,643,2392,-1749
117000021,3641,842,2799
117000022,813,148,665
117000023,1431,191,1240
117000024,1377,129,1248
117000025,1740,699,1041
117000026,6346,1292,5054
117000027,3585,3395,190
117000028,6526,1878,4648
117000030,1054,779,275
117000031,589,302,287
117000032,2701,1739,962
117000033,2221,1398,823
117000034,544,526,18
117000035,469,405,64
117000036,587,531,56
117000037,400,310,90
117000038,490,853,-363
117000039,694,401,293
117000040,255,1865,-1610
117000041,1378,260,1118
117000044,26,1412,-1386
117000045,543,113,430
117000046,951,936,15
117000047,1254,877,377
117000048,2996,2041,955
117000049,207,1065,-858
117000050,210,3095,-2885
117000051,2536,205,2331
117000052,48,554,-506
117000053,500,102,398
117000054,1942,17,1925
117000055,29,5264,-5235
117000056,889,35,854
117000057,856,3447,-2591
117000060,753,2925,-2172
117000061,2595,1319,1276
117000062,423,917,-494
117000063,2833,1384,1449
117000064,1225,1178,47
117000066,2222,1365,857
117000067,224,649,-425
117000074,280,371,-91
117000076,113,102,11
117000077,193,250,-57
117000078,211,1029,-818
117000079,570,367,203
117000080,4,448,-444
117000081,1428,208,1220
117000082,27,122,-95
117000083,199,15,184
117000084,579,3,576
117000085,422,1011,-589
117000086,1376,889,487
117000087,147,757,-610
117000088,332,333,-1
117000089,1996,477,1519
117000090,413,1997,-1584
117000091,1157,491,666
117000092,585,2198,-1613
117000093,1547,995,552
117000094,1686,4117,-2431
117000095,4144,1243,2901
117000096,807,3527,-2720
117000097,1652,1663,-11
117000098,3868,7848,-3980
117000099,4039,1652,2387
117000100,263,408,-145
117000101,275,2037,-1762
117000102,2184,988,1196
117000103,1134,2630,-1496
117000104,1786,908,878
117000105,1131,2653,-1522
117000106,1605,1179,426
117000107,706,2861,-2155
117000108,2178,1252,926
117000109,2647,4290,-1643
117000110,2049,1334,715
117000111,5296,6767,-1471
117000112,4506,2780,1726
117000113,130,385,-255
117000114,302,232,70
117000115,132,212,-80
117000116,169,434,-265
117000117,2827,1441,1386
117000118,672,246,426
117000119,1248,265,983
117000120,737,560,177
117000121,223,1701,-1478
117000122,739,1986,-1247
117000123,2926,72,2854
117000124,1169,77,1092
117000125,1018,79,939
117000126,153,23,130
117000127,299,445,-146
117000128,665,1203,-538
117000129,479,109,370
117000130,201,10,191
117000131,0,71,-71
117000132,3488,17,3471
117000133,1501,123,1378
117000134,1,58,-57
117000135,9,47,-38
117000136,1,34,-33
117000137,110,140,-30
117000138,2,986,-984
117000140,705,2509,-1804
117000141,2321,864,1457
117000181,1155,709,446
117000182,533,734,-201
117000195,349,1811,-1462
117000196,496,144,352
117000225,381,13,368
117000226,18,220,-202
117000276,355,11,344
117000277,1,671,-670
117000310,3162,3711,-549
117000315,49,2495,-2446
117000320,104,0,104
117000906,348,17,331
117000907,12,576,-564
117000908,266,60,206
117000909,97,55,42
117000910,250,186,64
117000911,156,327,-171
117000915,8,925,-917
117000916,69,9,60
117000917,1477,64,1413
117000918,106,99,7
117000919,22,200,-178
117000920,7,1926,-1919
117000921,9,2410,-2401
117000922,101,202,-101
117000924,364,807,-443
117000926,1360,138,1222
117000927,2937,833,2104
117000928,0,193,-193
117000929,273,793,-520
117000930,279,22,257
117000931,751,195,556
117900002,331,786,-455
117900003,1281,768,513
117900005,24,96,-72
117900006,0,22,-22
117900007,256,221,35
117900008,1,62,-61
117900010,497,116,381
117900011,117,46,71
117900012,99,164,-65
117900013,2,568,-566
117900014,714,195,519
117900015,31,170,-139
117900016,2143,947,1196
117900017,1501,504,997
117900018,345,97,248
117900019,455,438,17
117900020,104,568,-464
117900021,61,149,-88
117900022,20,23,-3
117900023,866,900,-34
117900024,157,156,1
117900025,46,20,26
117900026,452,461,-9
117900028,244,5,239
117900029,312,1155,-843
117900030,655,500,155
117900031,808,151,657
117900032,1207,835,372
117900033,301,1036,-735
117900034,71,71,0
117900035,376,119,257
117900036,329,799,-470
117900037,230,226,4
117900038,56,630,-574
117900039,13,114,-101
117900040,167,731,-564
117900041,4,78,-74
117900042,6467,735,5732
117900043,60,76,-16
117900044,41,5296,-5255
117900045,416,202,214
117900048,318,432,-114
117900049,276,803,-527
117900050,21,52,-31
117900051,529,3,526
117900052,87,575,-488
117900053,1620,1020,600
117900054,2,29,-27
117900055,235,546,-311
117900056,820,63,757
117900057,1501,1900,-399
117900058,186,34,152
117900059,763,137,626
117900060,2359,7775,-5416
117900061,56,535,-479
117900063,423,324,99
117900065,1083,1792,-709
117900066,18,56,-38
117900067,472,289,183
117900069,1222,516,706
117900070,881,31,850
117900071,193,265,-72
117900073,632,639,-7
117900074,1056,72,984
117900075,135,148,-13
117900076,27,66,-39
117900077,506,245,261
117900078,410,904,-494
117900080,301,61,240
117900081,756,661,95
117900082,482,498,-16
117900083,418,758,-340
117900086,263,53,210
117900087,309,112,197
117900088,4176,3205,971
117900089,2234,805,1429
117900090,1039,837,202
117900091,307,285,22
117900092,82,60,22
117900093,133,134,-1
117900094,77,29,48
117900095,505,572,-67
117900096,135,356,-221
117900097,406,151,255
117900098,30,12,18
117900099,221,417,-196
117900100,210,2,208
117900101,624,2093,-1469
117900102,75,81,-6
117900103,81,10,71
117900104,30,195,-165
117900105,184,417,-233
117900106,145,69,76
117900107,56,1,55
117900109,692,482,210
117900110,134,3,131
117900111,512,29,483
117900112,119,19,100
117900113,7412,3132,4280
117900114,30,0,30
117900115,408,90,318
117900116,1299,1404,-105
117900117,705,467,238
117900118,103,2,101
117900119,206,294,-88
117900120,236,224,12
117900121,200,28,172
117900122,1963,4158,-2195
117900123,1217,735,482
117900124,1218,1068,150
117900125,2343,1939,404
117900126,361,909,-548
117900127,653,811,-158
117900128,481,1067,-586
117900129,130,0,130
117900130,1307,670,637
117900131,0,224,-224
117900132,12,197,-185
117900133,5,205,-200
117900134,115,298,-183
117900135,38,294,-256
117900136,0,75,-75
117900137,125,558,-433
117900138,2,74,-72
117900139,179,207,-28
117900140,6563,390,6173
117900141,416,294,122
117900142,635,65,570
117900144,291,196,95
117900145,122,46,76
117900146,557,185,372
117900147,70,75,-5
117900148,5342,1847,3495
117900149,101,226,-125
117900150,87,97,-10
117900151,81,124,-43
117900152,190,97,93
117900153,38,209,-171
117900154,831,985,-154
117900156,1404,1403,1
117900157,133,684,-551
117900158,373,225,148
117900160,766,812,-46
117900161,4038,3550,488
117900162,384,781,-397
117900163,469,66,403
117900165,0,22,-22
117900166,178,508,-330
117900168,44,263,-219
117900169,5,155,-150
117900170,4,44,-40
117900171,6,49,-43
117900172,19,61,-42
117900173,205,124,81
117900174,69,78,-9
117900175,13,57,-44
117900176,24,97,-73
117900177,31,76,-45
117900178,189,92,97
117900180,509,70,439
117900181,271,439,-168
117900182,6,53,-47
117900183,111,305,-194
117900184,17,68,-51
117900185,50,74,-24
117900186,68,29,39
117900187,24,14,10
117900188,291,85,206
117900189,108,36,72
117900190,33,6,27
117900191,133,2,131
117900192,309,4,305
117900193,38,147,-109
117900194,21,5,16
117900195,32,75,-43
117900196,37,46,-9
117900207,202,213,-11
117900208,36,65,-29
117900209,255,239,16
117900210,236,322,-86
117900211,34,426,-392
117900212,185,376,-191
117900213,36,21,15
117900214,16,73,-57
117900215,28,53,-25
117900216,96,25,71
117900217,151,262,-111
117900218,242,336,-94
117900219,50,96,-46
117900220,610,247,363
117900222,224,375,-151
117900223,208,367,-159
118000001,1552,943,609
118000002,1920,3180,-1260
118000003,3870,2979,891
118000004,5314,3258,2056
118000005,7913,6301,1612
118000006,10073,14542,-4469
118000007,14345,4844,9501
118000008,10166,5296,4870
118000009,3362,6189,-2827
118000010,9711,6521,3190
118000011,1878,3735,-1857
118000012,1613,3399,-1786
118000013,4471,4192,279
118000014,3018,3962,-944
118000016,255,590,-335
118000017,532,678,-146
118000018,801,784,17
118000019,3751,1970,1781
118000020,3077,3770,-693
118000021,1523,3917,-2394
118000022,3543,1164,2379
118000023,1845,349,1496
118000024,3358,1574,1784
118000027,23508,16001,7507
118000029,1678,1004,674
118000032,2063,4550,-2487
118000033,5195,6348,-1153
118000034,9173,3540,5633
118000035,2925,3390,-465
118000036,2185,1488,697
118000037,1383,1197,186
118000038,265,120,145
118000039,181,525,-344
118000040,2798,1962,836
118000041,3939,2162,1777
118000045,1750,317,1433
118000046,3928,997,2931
118000047,4032,1021,3011
118000048,6849,2297,4552
118000051,5175,1734,3441
118000052,3567,993,2574
118000053,1733,1514,219
118000054,3646,3716,-70
118000055,2336,4032,-1696
118000056,375,554,-179
118000057,324,819,-495
118000058,7631,2198,5433
118000059,5710,1154,4556
118000060,1697,1053,644
118000061,1803,2156,-353
118000062,990,510,480
118000063,668,760,-92
118000064,1434,1758,-324
118000065,7407,2991,4416
118000066,1254,1929,-675
118000067,1925,1196,729
118000068,3882,6659,-2777
118000069,6312,1978,4334
118000070,10745,2988,7757
118000071,6544,9810,-3266
118000072,5220,1594,3626
118000073,5946,895,5051
118000074,1481,695,786
118000075,1202,484,718
118000076,3360,2621,739
118000077,2133,1831,302
118000078,3149,2762,387
118000079,456,646,-190
118000080,1753,1198,555
118000081,2587,1315,1272
118000082,442,1650,-1208
118000083,2798,2434,364
118000084,4502,2913,1589
118000086,502,910,-408
118000087,7479,4002,3477
118000088,2596,2486,110
118000089,5215,3025,2190
118000090,3252,4441,-1189
118000091,2083,3468,-1385
118000092,1609,690,919
118000093,181,1225,-1044
118000096,884,973,-89
118000097,1308,802,506
118000098,360,287,73
118000099,763,1148,-385
118000101,1519,491,1028
118000102,509,1792,-1283
118000107,3882,952,2930
118000108,1063,4222,-3159
118000110,2,36,-34
118000111,2,636,-634
118000112,562,3,559
118000113,10,1095,-1085
118000114,429,9,420
118000115,41,43,-2
118000116,147,0,147
118000117,1834,1263,571
118000118,1340,975,365
118000119,1294,1438,-144
118000120,2363,1765,598
118000121,137,620,-483
118000122,2278,490,1788
118000123,65,315,-250
118000125,2762,1538,1224
118000126,1488,2271,-783
118000127,2801,985,1816
118000128,918,1820,-902
118000129,1783,491,1292
118000130,4168,6027,-1859
118000131,1119,1254,-135
118000132,3308,2344,964
118000133,1488,595,893
118000135,1061,632,429
118000136,151,575,-424
118000137,1163,122,1041
118000138,543,931,-388
118000139,435,168,267
118000140,3760,6447,-2687
118000141,2925,3266,-341
118000142,2530,3422,-892
118000143,2577,1954,623
118000144,2145,1647,498
118000145,2586,3814,-1228
118000146,1939,1797,142
118000147,1377,2396,-1019
118000148,1021,1917,-896
118000149,1220,1472,-252
118000150,647,395,252
118000151,658,679,-21
118000153,1678,1944,-266
118000154,1728,2427,-699
118000155,1607,2249,-642
118000156,3814,3837,-23
118000157,789,568,221
118000158,253,601,-348
118000159,34,132,-98
118000160,582,678,-96
118000161,674,1406,-732
118000162,3487,1377,2110
118000163,1069,1460,-391
118000164,3419,2666,753
118000168,2148,852,1296
118000169,1934,2314,-380
118000170,6414,8110,-1696
118000171,417,938,-521
118000172,151,496,-345
118000173,1734,1783,-49
118000175,566,513,53
118000176,448,662,-214
118000177,388,800,-412
118000178,116,72,44
118000179,2461,1785,676
118000180,1256,1289,-33
118000181,1556,696,860
118000182,546,407,139
118000183,422,506,-84
118000184,1037,1435,-398
118000185,1773,1479,294
118000186,1431,1675,-244
118000187,1717,1250,467
118000188,1139,261,878
118000189,1054,1158,-104
118000190,59,25,34
118000191,52,53,-1
118000192,263,309,-46
118000193,176,532,-356
118000194,3842,1839,2003
118000195,2183,1206,977
118000196,1063,263,800
118000197,1887,200,1687
118000198,1475,909,566
118000199,3592,790,2802
118000200,200,321,-121
118000201,1227,689,538
118000202,125,88,37
118000203,2922,730,2192
118000204,349,509,-160
118000205,467,487,-20
118000206,434,285,149
118000207,2,111,-109
118000208,1990,2403,-413
118000209,2722,2428,294
118000210,74,75,-1
118000211,42,53,-11
118000213,2303,1790,513
118000214,1091,987,104
118000215,423,695,-272
118000216,2669,6513,-3844
118000217,38,169,-131
118000218,115,124,-9
118000219,744,525,219
118000220,3,50,-47
118000221,239,425,-186
118000222,99,12,87
118000223,52,74,-22
118000224,407,181,226
118000225,192,1152,-960
118000226,2329,288,2041
118000227,1275,527,748
118000228,273,305,-32
118000229,531,116,415
118000230,236,312,-76
118000231,108,316,-208
118000232,1008,1370,-362
118000233,1372,1107,265
118000234,501,391,110
118000236,776,503,273
118000237,175,787,-612
118000238,418,316,102
118000239,470,441,29
118000240,791,247,544
118000241,207,428,-221
118000242,533,982,-449
118000243,284,336,-52
118000244,71,179,-108
118000246,0,27,-27
118000255,66,326,-260
118000256,128,339,-211
118000259,31,131,-100
118000260,348,163,185
118000261,56,182,-126
118000263,140,303,-163
118000266,410,522,-112
118000267,0,116,-116
118000268,1114,0,1114
118000270,128,53,75
118000271,222,464,-242
118000272,119,51,68
118000273,159,131,28
118000274,151,420,-269
118000276,525,552,-27
118000295,8,153,-145
118000298,211,568,-357
118000299,89,238,-149
118000301,0,99,-99
118000302,136,126,10
118000311,558,174,384
118000312,385,316,69
118000313,118,286,-168
118000314,111,111,0
118000315,84,140,-56
118000316,793,735,58
118000325,43,78,-35
118000326,49,46,3
118000331,31,91,-60
118000332,53,76,-23
118000333,44,141,-97
118000335,497,6,491
118000336,0,405,-405
118000407,211,142,69
118000457,6,38,-32
118000465,4777,5549,-772
118000480,69,204,-135
118000489,65,499,-434
118000490,76,553,-477
118000492,333,289,44
118000510,79,19,60
118000514,243,567,-324
118000515,1168,1054,114
118000517,564,333,231
118000524,788,264,524
118000525,1487,1241,246
118000530,59,198,-139
118000531,254,409,-155
118000532,268,401,-133
118000533,601,212,389
118000534,1106,685,421
118000535,332,200,132
118000536,1538,2058,-520
118000537,49,197,-148
118000538,66,119,-53
118000539,56,197,-141
118000540,464,305,159
118000541,445,112,333
118000542,232,339,-107
118000543,365,372,-7
118000546,95,36,59
118000560,4635,2563,2072
118000562,49,337,-288
118000563,3228,2146,1082
118000576,278,219,59
118000577,238,192,46
118000578,308,131,177
118000579,1066,1825,-759
118000595,229,117,112
118000596,0,99,-99
118000597,122,182,-60
118000598,47,2,45
118000599,73,66,7
118000600,1,80,-79
118000601,25,3,22
118000602,0,37,-37
118000603,0,45,-45
118900001,1403,2371,-968
118900002,1500,1367,133
118900003,407,16,391
118900004,172,96,76
118900005,112,11,101
118900006,169,7,162
118900007,17,4,13
118900008,2191,90,2101
118900009,74,71,3
118900010,105,18,87
118900011,250,73,177
118900012,592,318,274
118900013,745,197,548
118900015,384,86,298
118900016,13,42,-29
118900017,408,339,69
118900018,1271,49,1222
118900019,104,26,78
118900020,313,170,143
118900021,253,609,-356
118900022,194,124,70
118900023,238,132,106
118900024,104,234,-130
118900025,79,50,29
118900026,84,121,-37
118900027,646,377,269
118900028,192,242,-50
118900029,415,491,-76
118900030,471,164,307
118900031,202,130,72
118900032,278,265,13
118900033,874,637,237
118900034,298,51,247
118900035,218,279,-61
118900036,1189,999,190
118900037,1416,375,1041
118900038,459,312,147
118900039,752,331,421
118900040,317,333,-16
118900041,754,260,494
118900042,333,136,197
118900045,439,258,181
118900046,1536,506,1030
118900047,829,405,424
118900048,485,275,210
118900049,96,87,9
118900050,56,234,-178
118900051,155,95,60
118900052,845,317,528
118900053,72,123,-51
118900054,179,101,78
118900055,102,162,-60
118900056,73,367,-294
118900057,889,610,279
118900058,832,426,406
118900059,33,152,-119
118900060,81,136,-55
118900062,312,269,43
118900064,1067,927,140
118900065,76,351,-275
118900066,126,135,-9
118900067,7693,5153,2540
118900068,7,673,-666
118900069,479,326,153
118900071,20,104,-84
118900072,557,641,-84
118900073,126,192,-66
118900074,193,341,-148
118900075,442,174,268
118900076,439,114,325
118900077,429,230,199
118900078,65,11,54
118900079,57,352,-295
118900080,49,180,-131
118900081,148,39,109
118900082,854,221,633
118900083,53,30,23
118900084,15,48,-33
118900085,889,1561,-672
118900086,52,133,-81
118900087,35,306,-271
118900088,1,26,-25
118900089,42,23,19
118900090,642,671,-29
118900091,270,334,-64
118900092,179,153,26
118900093,258,22,236
118900096,70,36,34
118900097,282,898,-616
118900099,108,385,-277
118900100,233,419,-186
118900101,163,838,-675
118900102,89,159,-70
118900103,49,212,-163
118900104,397,316,81
118900105,401,209,192
118900107,209,149,60
118900108,123,202,-79
118900110,2091,1211,880
118900111,666,951,-285
118900112,93,228,-135
118900113,124,958,-834
118900114,28,125,-97
118900115,183,607,-424
118900116,147,286,-139
118900117,143,262,-119
118900118,375,582,-207
118900119,170,372,-202
118900120,127,499,-372
118900121,29,364,-335
118900122,26,1332,-1306
118900123,170,330,-160
118900124,102,344,-242
118900126,45,496,-451
118900129,484,332,152
118900130,89,243,-154
118900131,218,397,-179
118900132,885,303,582
118900133,35,187,-152
118900135,318,404,-86
118900136,282,941,-659
118900137,15,52,-37
118900139,384,688,-304
118900140,614,1051,-437
118900141,142,247,-105
118900144,182,635,-453
118900145,42,258,-216
118900146,536,1179,-643
118900147,387,207,180
118900148,106,104,2
118900150,227,824,-597
118900152,718,1148,-430
118900157,132,266,-134
118900158,166,107,59
118900159,2,259,-257
118900161,171,9,162
118900163,294,156,138
118900164,14,175,-161
118900165,87,318,-231
118900166,54,7,47
118900167,108,184,-76
118900168,12,194,-182
118900169,201,666,-465
118900170,239,276,-37
118900171,30,63,-33
118900174,116,96,20
118900175,461,715,-254
118900176,214,396,-182
118900177,55,97,-42
118900178,87,202,-115
118900179,2,64,-62
118900181,104,158,-54
118900182,154,84,70
118900183,18,261,-243
118900184,759,175,584
118900185,198,175,23
118900186,156,117,39
118900187,314,442,-128
118900188,438,412,26
118900189,60,1110,-1050
118900190,36,674,-638
118900191,212,67,145
118900192,258,34,224
118900193,595,16,579
118900195,479,1180,-701
118900196,50,246,-196
118900197,200,90,110
118900198,41,46,-5
118900199,128,94,34
118900200,49,28,21
118900201,34,21,13
118900202,15,107,-92
118900203,9,73,-64
118900204,26,48,-22
118900205,3,23,-20
118900206,11,47,-36
119000001,2101,2276,-175
119000002,6810,4681,2129
119000003,3325,1955,1370
119000004,3789,2223,1566
119000005,2476,2982,-506
119000006,3222,2352,870
119000007,5073,4902,171
119000008,3349,2871,478
119000009,4402,6173,-1771
119000010,10079,5789,4290
119000011,6880,4353,2527
119000012,5822,5247,575
119000013,3278,1989,1289
119000014,4400,5429,-1029
119000019,358,268,90
119000020,2529,2095,434
119000021,5840,3336,2504
119000022,5157,3857,1300
119000023,445,434,11
119000024,2620,13051,-10431
119000025,13982,2120,11862
119000026,237,447,-210
119000027,603,676,-73
119000028,3231,2314,917
119000029,159,382,-223
119000030,847,1732,-885
119000031,1184,1104,80
119000032,3004,3656,-652
119000033,3067,2394,673
119000034,1321,1415,-94
119000035,64,492,-428
119000036,1943,1484,459
119000037,1516,2666,-1150
119000038,220,1513,-1293
119000039,336,494,-158
119000040,1479,773,706
119000041,1331,1900,-569
119000048,4370,4608,-238
119000049,2140,3818,-1678
119000050,2074,3507,-1433
119000051,2718,1392,1326
119000052,2673,4389,-1716
119000053,2433,1796,637
119000054,4000,4984,-984
119000055,4399,5238,-839
119000056,3028,3104,-76
119000057,1911,3380,-1469
119000058,2659,3013,-354
119000059,1735,2594,-859
119000060,1951,1583,368
119000061,1243,1223,20
119000062,1578,1775,-197
119000063,619,534,85
119000064,2037,2448,-411
119000065,2756,4776,-2020
119000066,2838,1587,1251
119000067,2626,3433,-807
119000068,2153,1643,510
119000069,2042,3845,-1803
119000070,3018,1542,1476
119000071,715,987,-272
119000072,8586,4765,3821
119000073,7472,8866,-1394
119000074,1742,4310,-2568
119000075,2422,3399,-977
119000076,813,1153,-340
119000077,1500,707,793
119000078,770,329,441
119000079,254,713,-459
119000080,717,323,394
119000081,363,485,-122
119000082,1436,392,1044
119000083,708,571,137
119000084,379,657,-278
119000085,702,351,351
119000086,383,702,-319
119000087,2153,1444,709
119000088,324,267,57
119000089,93,310,-217
119000090,182,221,-39
119000091,142,591,-449
119000092,608,302,306
119000093,5476,4549,927
119000094,3656,8918,-5262
119000095,2268,4064,-1796
119000097,3358,2498,860
119000098,1020,3296,-2276
119000099,3456,3113,343
119000100,4565,3716,849
119000101,7006,2941,4065
119000102,1617,1220,397
119000103,2747,771,1976
119000104,4173,2110,2063
119000105,1479,2221,-742
119000106,470,2424,-1954
119000107,1088,630,458
119000108,698,1474,-776
119000109,198,534,-336
119000110,916,545,371
119000111,161,789,-628
119000112,265,165,100
119000113,3738,385,3353
119000114,1186,1883,-697
119000115,203,264,-61
119000116,333,209,124
119000117,218,540,-322
119000118,0,1,-1
119000123,8048,1260,6788
119000124,1104,286,818
119000125,3849,1408,2441
119000126,569,1035,-466
119000127,636,1027,-391
119000128,48,9,39
119000131,1175,1220,-45
119000132,5,6,-1
119000133,2,10,-8
119000134,3324,980,2344
119000135,141,266,-125
119000136,380,325,55
119000137,232,586,-354
119000138,464,458,6
119000139,341,366,-25
119000140,256,562,-306
119000284,1867,4530,-2663
119000285,3325,3617,-292
119000286,9869,8353,1516
119000287,1904,3378,-1474
119000288,3045,2194,851
119000289,3407,5580,-2173
119000290,281,795,-514
119000291,12,518,-506
119000293,154,213,-59
119000294,55,36,19
119000295,2846,800,2046
119000296,215,203,12
119000302,4131,2322,1809
119000303,92,286,-194
119000314,2038,12009,-9971
119000315,3,717,-714
119000316,154,171,-17
119000317,100,510,-410
119900001,390,1679,-1289
119900002,266,450,-184
119900003,98,1672,-1574
119900004,556,1266,-710
119900005,253,158,95
119900006,366,675,-309
119900007,1365,295,1070
119900008,536,171,365
119900009,931,911,20
119900010,2109,1653,456
119900011,39,135,-96
119900012,27,164,-137
119900013,2489,1106,1383
119900014,803,345,458
119900015,160,31,129
119900016,47,175,-128
119900017,44,58,-14
119900018,3009,1161,1848
119900019,37,14,23
119900020,221,272,-51
119900021,268,199,69
119900022,220,785,-565
119900023,1032,1474,-442
119900025,184,48,136
119900026,1226,211,1015
119900027,49,74,-25
119900028,350,182,168
119900029,9,18,-9
119900030,719,817,-98
119900031,150,443,-293
119900033,3076,395,2681
119900034,470,246,224
119900037,395,94,301
119900038,79,393,-314
119900039,52,17,35
119900040,154,20,134
119900041,171,74,97
119900042,190,232,-42
119900043,99,285,-186
119900044,368,1140,-772
119900046,172,121,51
119900047,386,70,316
119900048,158,96,62
119900049,150,22,128
119900050,236,185,51
119900051,751,17,734
119900052,51,100,-49
119900053,217,270,-53
119900054,112,6,106
119900055,1740,651,1089
119900057,270,128,142
119900058,326,6,320
119900059,302,97,205
119900060,446,26,420
119900062,77,50,27
119900063,36,92,-56
119900064,487,92,395
119900065,351,14,337
119900066,3,3,0
119900067,245,56,189
119900068,495,4,491
119900069,175,53,122
119900070,1046,8,1038
119900071,863,29,834
119900073,2689,890,1799
119900074,144,44,100
119900075,8427,3787,4640
119900076,787,622,165
119900077,1041,1752,-711
119900078,715,1410,-695
119900079,252,408,-156
119900080,2097,1955,142
119900081,680,580,100
119900082,2147,801,1346
119900083,508,202,306
119900084,1576,525,1051
119900085,151,160,-9
119900087,1206,526,680
119900088,71,122,-51
119900089,66,791,-725
119900090,230,99,131
119900091,76,1617,-1541
119900092,91,623,-532
119900093,1648,356,1292
119900094,80,299,-219
119900095,322,168,154
119900096,64,189,-125
119900097,973,260,713
119900098,49,84,-35
119900099,62,436,-374
119900100,3082,3108,-26
119900101,331,1682,-1351
119900102,53,484,-431
119900103,37,691,-654
119900104,60,378,-318
119900105,1623,2076,-453
119900106,30,272,-242
119900107,614,4545,-3931
119900108,3020,940,2080
119900109,60,386,-326
119900110,680,1081,-401
119900111,138,545,-407
119900112,3152,857,2295
119900113,120,564,-444
119900114,344,2220,-1876
119900115,383,1570,-1187
119900116,240,812,-572
119900117,381,1340,-959
119900118,118,1608,-1490
119900119,272,423,-151
119900120,832,1054,-222
119900121,448,1803,-1355
119900122,750,644,106
119900123,349,624,-275
119900124,263,1557,-1294
119900125,78,662,-584
119900126,7452,543,6909
119900127,3929,1603,2326
119900128,629,1517,-888
119900129,333,1139,-806
119900130,51,464,-413
119900131,75,433,-358
119900132,3,447,-444
119900133,108,110,-2
119900134,3295,422,2873
119900135,15,731,-716
119900136,203,700,-497
119900138,629,1021,-392
119900139,229,267,-38
119900140,5,208,-203
119900141,217,967,-750
119900142,28,78,-50
119900143,22,334,-312
119900144,3245,410,2835
119900145,153,354,-201
119900146,305,345,-40
119900147,7,239,-232
119900148,292,123,169
119900149,2605,5342,-2737
119900150,282,310,-28
119900151,2866,1254,1612
119900152,141,696,-555
119900153,254,145,109
119900154,78,405,-327
119900155,61,77,-16
119900156,16,9,7
119900157,177,418,-241
119900158,212,127,85
119900159,26,2276,-2250
119900160,50,369,-319
119900161,309,382,-73
119900162,1060,1271,-211
119900163,233,253,-20
119900164,0,12,-12
119900165,225,343,-118
119900166,113,61,52
119900167,153,293,-140
119900168,1117,700,417
119900169,240,553,-313
119900170,376,388,-12
119900171,1601,805,796
119900172,268,57,211
119900173,16,643,-627
119900174,19,452,-433
119900175,1377,1124,253
119900177,99,297,-198
119900178,23,302,-279
119900179,124,480,-356
119900180,1327,1330,-3
119900181,96,169,-73
119900182,7,788,-781
119900183,260,1109,-849
119900184,4583,1029,3554
119900185,90,232,-142
119900186,169,1059,-890
119900187,51,844,-793
119900188,152,537,-385
119900189,874,637,237
119900190,105,382,-277
119900191,447,209,238
119900192,123,287,-164
119900193,478,308,170
119900194,63,109,-46
119900195,85,357,-272
119900196,2822,842,1980
119900197,383,215,168
119900198,348,500,-152
119900199,231,42,189
119900200,1002,953,49
119900201,584,425,159
119900202,215,230,-15
119900203,334,670,-336
119900204,309,482,-173
119900205,799,943,-144
119900206,193,267,-74
119900208,329,304,25
119900209,707,1535,-828
119900210,41,57,-16
119900211,113,25,88
119900212,240,537,-297
119900213,12,107,-95
119900214,75,195,-120
119900215,63,138,-75
119900216,9,114,-105
119900217,42,84,-42
119900218,55,135,-80
119900219,34,303,-269
119900220,13,162,-149
119900221,47,464,-417
119900222,40,414,-374
119900223,43,155,-112
119900224,33,41,-8
119900225,1551,99,1452
119900226,1024,2616,-1592
119900227,1786,584,1202
119900228,517,600,-83
119900229,444,804,-360
119900230,2671,1087,1584
119900231,294,331,-37
119900232,326,160,166
119900233,105,17,88
119900234,73,119,-46
119900235,30,57,-27
119900236,43,330,-287
119900237,103,928,-825
119900238,8,101,-93
119900240,156,244,-88
119900241,248,396,-148
119900242,2536,3067,-531
119900244,1158,2399,-1241
119900245,272,330,-58
119900246,595,778,-183
119900247,51,147,-96
119900248,122,232,-110
119900249,281,159,122
119900253,5210,686,4524
119900254,149,766,-617
119900255,157,735,-578
119900256,704,1561,-857
119900257,103,2,101
119900258,206,55,151
119900259,11,250,-239
119900260,211,13,198
119900261,471,347,124
119900262,1,457,-456
119900263,1437,632,805
119900264,118,375,-257
119900265,734,602,132
119900266,328,519,-191
119900267,433,837,-404
119900268,234,308,-74
119900269,1499,2072,-573
119900271,51,189,-138
119900272,584,129,455
119900275,225,31,194
119900276,41,4,37
119900277,10,4,6
119900278,500,148,352
119900279,204,487,-283
119900280,1254,307,947
119900281,3,230,-227
119900282,157,136,21
119900283,25,484,-459
119900284,48,344,-296
119900285,397,364,33
119900286,156,189,-33
119900288,2,55,-53
119900289,0,88,-88
119900290,4,47,-43
119900291,0,95,-95
119900292,59,55,4
119900293,39,16,23
119900294,48,3,45
119900295,17,1,16
119900296,143,50,93
119900299,86,351,-265
119900300,467,348,119
119900301,224,78,146
119900302,204,156,48
119900303,444,416,28
119900304,232,81,151
119900305,36,190,-154
119900306,22,4,18
119900307,76,263,-187
119900308,14,34,-20
119900309,85,152,-67
119900310,484,463,21
119900311,97,193,-96
119900312,185,143,42
119900313,403,598,-195
119900314,294,560,-266
119900315,1358,3195,-1837
119900318,45,37,8
119900319,55,528,-473
119900320,299,994,-695
119900321,118,11,107
119900322,91,102,-11
119900323,4,144,-140
119900324,2,46,-44
119900325,22,517,-495
119900326,10,9,1
120000001,11467,19480,-8013
120000002,3241,4154,-913
120000003,4533,2375,2158
120000004,3775,3240,535
120000005,6120,2989,3131
120000006,1702,1844,-142
120000007,5095,4200,895
120000008,1811,2013,-202
120000009,5273,1588,3685
120000010,2457,4065,-1608
120000011,1505,3002,-1497
120000012,2121,4553,-2432
120000013,3612,3924,-312
120000014,1143,2470,-1327
120000015,3553,2310,1243
120000016,4685,3437,1248
120000017,4358,3380,978
120000018,6104,14192,-8088
120000019,1197,2126,-929
120000020,4304,4594,-290
120000021,2503,3261,-758
120000022,3772,5229,-1457
120000023,1190,2454,-1264
120000024,1791,3142,-1351
120000025,2794,3104,-310
120000026,1804,2567,-763
120000027,2105,2971,-866
120000028,1358,842,516
120000029,8365,1032,7333
120000030,1382,1791,-409
120000031,3054,14585,-11531
120000032,12955,5992,6963
120000033,5967,3118,2849
120000034,2294,3225,-931
120000035,2683,3212,-529
120000036,3538,7316,-3778
120000037,976,2183,-1207
120000038,12088,5384,6704
120000039,687,1335,-648
120000040,277,321,-44
120000041,1894,2474,-580
120000042,3063,4312,-1249
120000043,7011,3266,3745
120000044,6012,2311,3701
120000045,6498,1652,4846
120000046,3355,3983,-628
120000047,2341,7372,-5031
120000048,11983,6000,5983
120000049,4795,4166,629
120000050,5752,6733,-981
120000051,4693,7065,-2372
120000052,16031,3634,12397
120000053,1474,4423,-2949
120000054,1953,7032,-5079
120000055,2329,7480,-5151
120000056,5351,6159,-808
120000057,3831,1024,2807
120000058,3798,533,3265
120000059,90,2008,-1918
120000061,235,903,-668
120000062,283,526,-243
120000063,2443,4183,-1740
120000064,347,1941,-1594
120000065,1078,2802,-1724
120000066,555,799,-244
120000067,291,815,-524
120000068,269,1565,-1296
120000069,1019,2165,-1146
120000070,77,1258,-1181
120000071,463,244,219
120000072,703,579,124
120000073,833,155,678
120000074,707,88,619
120000075,1277,436,841
120000076,2638,668,1970
120000077,2329,872,1457
120000078,5146,1308,3838
120000079,283,206,77
120000080,188,295,-107
120000081,583,286,297
120000082,255,253,2
120000083,102,719,-617
120000084,572,653,-81
120000085,488,525,-37
120000086,493,793,-300
120000087,246,1126,-880
120000088,1285,2232,-947
120000089,1365,1149,216
120000090,993,803,190
120000091,1245,1772,-527
120000092,1677,946,731
120000093,542,717,-175
120000094,189,873,-684
120000095,1417,859,558
120000096,297,1371,-1074
120000098,1233,1462,-229
120000099,624,1166,-542
120000100,951,1462,-511
120000101,614,706,-92
120000102,589,1015,-426
120000103,1745,1022,723
120000104,1962,661,1301
120000105,3168,886,2282
120000106,2510,875,1635
120000107,4110,911,3199
120000108,1322,200,1122
120000109,1560,127,1433
120000110,95,1383,-1288
120000111,194,1674,-1480
120000112,1108,5055,-3947
120000113,769,3815,-3046
120000114,1254,4467,-3213
120000115,435,3540,-3105
120000116,937,2937,-2000
120000117,1925,2391,-466
120000118,51,41,10
120000119,40,117,-77
120000120,95,76,19
120000121,59,108,-49
120000122,422,514,-92
120000123,8750,6264,2486
120000124,584,624,-40
120000125,647,1151,-504
120000126,604,1180,-576
120000127,3805,1271,2534
120000128,5368,4542,826
120000129,490,412,78
120000130,1262,978,284
120000131,418,857,-439
120000134,564,1783,-1219
120000135,696,589,107
120000137,373,2647,-2274
120000138,1071,866,205
120000139,467,1287,-820
120000140,894,1039,-145
120000141,510,787,-277
120000142,593,855,-262
120000143,1,167,-166
120000144,122,4,118
120000145,392,1,391
120000146,2837,1260,1577
120000149,744,1708,-964
120000150,5902,16323,-10421
120000151,528,801,-273
120000152,621,346,275
120000153,427,1100,-673
120000154,680,761,-81
120000155,182,404,-222
120000156,1722,1240,482
120000157,1142,1179,-37
120000158,1150,1356,-206
120000159,2725,3595,-870
120000160,3162,2106,1056
120000161,2846,3935,-1089
120000162,137,403,-266
120000163,683,1963,-1280
120000164,514,735,-221
120000165,628,1355,-727
120000166,1488,862,626
120000167,99,116,-17
120000168,33,468,-435
120000169,64,1017,-953
120000170,115,558,-443
120000171,40,203,-163
120000172,93,90,3
120000173,5324,458,4866
120000174,1533,26,1507
120000175,2100,45,2055
120000176,1145,50,1095
120000177,3456,206,3250
120000178,364,20,344
120000179,1431,52,1379
120000180,1862,116,1746
120000181,284,724,-440
120000182,202,299,-97
120000183,33,272,-239
120000184,274,1372,-1098
120000186,180,188,-8
120000187,134,100,34
120000188,1130,239,891
120000190,2999,38,2961
120000191,3502,48,3454
120000192,2016,52,1964
120000193,929,21,908
120000195,175,12,163
120000196,636,137,499
120000197,193,381,-188
120000198,220,162,58
120000199,157,0,157
120000200,103,0,103
120000201,17,23,-6
120000202,4,86,-82
120000203,68,405,-337
120000207,2,140,-138
120000208,11,381,-370
120000209,7,125,-118
120000210,164,171,-7
120000211,156,4,152
120000212,245,3,242
120000213,149,492,-343
120000214,3,535,-532
120000215,7,250,-243
120000216,84,24,60
120000217,1178,1713,-535
120000218,264,1090,-826
120000219,14,795,-781
120000220,15,2545,-2530
120000225,1489,2,1487
120000226,442,5,437
120000227,923,69,854
120000228,9417,4344,5073
120000230,424,23,401
120000231,1621,3389,-1768
120000233,303,19,284
120000235,234,1115,-881
120000236,1622,38,1584
120000237,2,2719,-2717
120000238,1,351,-350
120000241,1721,5333,-3612
120000412,1728,42,1686
120000413,317,480,-163
120000414,144,1,143
120000415,7,222,-215
120000416,198,15,183
120000417,7,148,-141
120000418,191,19,172
120000419,26,592,-566
120000420,76,44,32
120000421,18247,8868,9379
120000422,204,1106,-902
120000423,4,88,-84
120000424,65,242,-177
120000436,153,753,-600
120000437,219,264,-45
120000438,5311,407,4904
120000439,282,595,-313
120000443,224,5,219
120000444,1715,1116,599
120000445,2089,1728,361
120000446,1084,346,738
120000447,236,16,220
120000449,125,18,107
120000450,11,382,-371
120000451,225,359,-134
120000452,146,3,143
120000453,2,790,-788
120000454,120,65,55
120000455,108,98,10
120000456,3460,5343,-1883
120000457,2128,1126,1002
120000458,795,1114,-319
120000459,136,138,-2
120000665,4262,308,3954
120000668,173,496,-323
120000669,88,342,-254
120000670,482,546,-64
120000671,2542,672,1870
120000672,127,656,-529
120900001,78,87,-9
120900002,950,759,191
120900003,669,65,604
120900004,19,97,-78
120900005,87,1966,-1879
120900006,427,344,83
120900007,182,178,4
120900008,376,1992,-1616
120900009,826,58,768
120900010,691,98,593
120900011,566,226,340
120900012,980,1677,-697
120900013,465,117,348
120900014,21,1175,-1154
120900015,1143,103,1040
120900016,924,98,826
120900017,3789,175,3614
120900018,173,808,-635
120900019,739,326,413
120900020,1084,1638,-554
120900021,739,205,534
120900022,34,543,-509
120900023,282,63,219
120900024,2618,766,1852
120900025,2950,1507,1443
120900026,309,308,1
120900027,1471,65,1406
120900028,451,90,361
120900029,234,510,-276
120900030,1547,941,606
120900031,294,101,193
120900032,995,211,784
120900033,1183,120,1063
120900034,43,3401,-3358
120900035,78,311,-233
120900037,269,6,263
120900038,86,284,-198
120900039,142,71,71
120900040,384,47,337
120900041,189,51,138
120900042,571,87,484
120900043,94,34,60
120900044,13,667,-654
120900045,280,279,1
120900046,470,12,458
120900047,209,108,101
120900048,104,36,68
120900049,443,2,441
120900050,4776,2066,2710
120900051,365,192,173
120900052,767,12,755
120900053,393,134,259
120900054,2556,1166,1390
120900055,382,3,379
120900056,637,19,618
120900057,178,36,142
120900058,540,0,540
120900059,103,5,98
120900060,121,46,75
120900061,348,627,-279
120900062,233,1,232
120900063,716,5,711
120900064,508,1,507
120900065,452,10,442
120900066,424,503,-79
120900067,314,82,232
120900068,310,2,308
120900069,242,87,155
120900071,124,13,111
120900072,789,4,785
120900073,555,382,173
120900074,763,10,753
120900076,745,1,744
120900077,5693,663,5030
120900078,793,898,-105
120900079,802,171,631
120900080,740,2907,-2167
120900081,1168,1319,-151
120900082,929,568,361
120900083,872,8,864
120900084,294,495,-201
120900085,184,296,-112
120900086,188,407,-219
120900087,533,361,172
120900088,338,425,-87
120900089,5668,3122,2546
120900090,238,375,-137
120900091,761,884,-123
120900092,1705,1017,688
120900093,4690,454,4236
120900094,781,333,448
120900095,1180,81,1099
120900096,95,385,-290
120900097,976,1329,-353
120900098,452,335,117
120900099,80,130,-50
120900100,205,505,-300
120900101,1148,530,618
120900102,50,188,-138
120900103,92,266,-174
120900104,55,97,-42
120900105,61,992,-931
120900106,2035,863,1172
120900107,435,299,136
120900108,11,1077,-1066
120900109,77,977,-900
120900110,16,1719,-1703
120900111,247,650,-403
120900112,23,1593,-1570
120900113,31,1462,-1431
120900114,55,285,-230
120900115,241,296,-55
120900116,503,803,-300
120900117,8,897,-889
120900118,9,1200,-1191
120900119,4807,11656,-6849
120900120,98,908,-810
120900121,243,857,-614
120900122,598,848,-250
120900123,4,785,-781
120900124,3,979,-976
120900125,4,1330,-1326
120900126,2651,1856,795
120900127,26,812,-786
120900128,1455,2074,-619
120900129,96,494,-398
120900130,23,1009,-986
120900131,53,132,-79
120900132,1058,647,411
120900133,303,1513,-1210
120900134,1022,716,306
120900135,26,1015,-989
120900136,133,152,-19
120900137,304,200,104
120900138,40,331,-291
120900139,12,1178,-1166
120900140,1,165,-164
120900141,281,280,1
120900142,52,1039,-987
120900143,8,1437,-1429
120900144,1,273,-272
120900145,300,1219,-919
120900146,3,1623,-1620
120900147,2,832,-830
120900148,191,252,-61
120900149,2,469,-467
120900150,84,907,-823
120900151,2,1005,-1003
120900152,33,80,-47
120900153,35,151,-116
120900154,6,465,-459
120900155,230,1471,-1241
120900156,64,604,-540
120900157,96,382,-286
120900158,53,823,-770
120900159,61,272,-211
120900160,44,789,-745
120900161,24,859,-835
120900162,32,780,-748
120900163,32,561,-529
120900164,1,3,-2
120900165,15,19,-4
120900166,322,378,-56
120900167,763,239,524
120900169,90,686,-596
120900170,2824,3354,-530
120900171,1807,693,1114
120900172,3764,635,3129
120900173,18,96,-78
120900174,9,151,-142
120900175,432,372,60
120900176,24,498,-474
120900177,4,1465,-1461
120900178,0,655,-655
120900179,1409,776,633
120900180,288,208,80
120900181,290,94,196
120900182,40,1024,-984
120900183,364,211,153
120900184,204,143,61
120900185,20,628,-608
120900186,3,667,-664
120900187,703,1439,-736
120900188,237,33,204
120900189,227,1324,-1097
120900190,88,36,52
120900191,3,46,-43
120900192,18061,8077,9984
120900194,60,184,-124
120900195,252,455,-203
120900196,1272,51,1221
120900197,838,139,699
120900198,376,948,-572
120900199,586,2566,-1980
120900200,132,219,-87
120900201,773,295,478
120900202,0,273,-273
120900203,61,125,-64
120900204,207,470,-263
120900205,93,123,-30
120900206,13,44,-31
121000001,1567,1523,44
121000002,4929,3054,1875
121000003,4967,2927,2040
121000004,4892,10094,-5202
121000005,3190,4127,-937
121000006,6241,2696,3545
121000007,5796,3961,1835
121000008,12310,6395,5915
121000009,9867,8509,1358
121000010,15604,11340,4264
121000011,14941,20858,-5917
121000012,25677,18047,7630
121000013,7480,11281,-3801
121000014,9730,10050,-320
121000015,8265,10203,-1938
121000016,7003,6190,813
121000017,3438,6026,-2588
121000018,3608,2697,911
121000019,28495,17173,11322
121000020,19015,20181,-1166
121000021,5552,4692,860
121000022,3703,3583,120
121000023,6251,4702,1549
121000024,6450,6396,54
121000025,963,2473,-1510
121000026,495,248,247
121000027,2289,1620,669
121000028,1376,811,565
121000029,1692,1016,676
121000030,1073,768,305
121000031,1170,884,286
121000032,368,140,228
121000034,1058,328,730
121000035,483,153,330
121000036,2458,1630,828
121000037,1243,817,426
121000038,1139,1359,-220
121000039,890,912,-22
121000041,963,767,196
121000042,487,547,-60
121000043,1352,913,439
121000044,2758,1338,1420
121000045,860,436,424
121000046,1110,1354,-244
121000047,306,190,116
121000049,3302,1020,2282
121000050,577,1528,-951
121000051,1390,481,909
121000052,936,910,26
121000053,569,122,447
121000054,80,484,-404
121000055,2407,1702,705
121000056,1283,1530,-247
121000057,667,842,-175
121000058,638,282,356
121000059,3078,2152,926
121000060,662,1424,-762
121000061,358,320,38
121000062,282,533,-251
121000063,1137,802,335
121000064,1107,1442,-335
121000065,730,624,106
121000066,944,898,46
121000067,1324,651,673
121000068,1308,721,587
121000069,1899,874,1025
121000070,3196,1969,1227
121000071,2561,1796,765
121000072,2532,1327,1205
121000073,2091,1512,579
121000074,196,255,-59
121000075,166,420,-254
121000076,2194,574,1620
121000077,239,250,-11
121000078,163,223,-60
121000080,3539,1109,2430
121000081,5782,4833,949
121000082,147,345,-198
121000083,362,167,195
121000084,315,239,76
121000085,383,759,-376
121000086,275,1245,-970
121000087,135,436,-301
121000088,713,1069,-356
121000089,765,525,240
121000090,1000,560,440
121000091,2487,1347,1140
121000092,271,136,135
121000093,251,407,-156
121000094,707,1351,-644
121000095,539,871,-332
121000096,2949,3931,-982
121000097,1837,3082,-1245
121000098,872,1670,-798
121000099,911,1109,-198
121000100,1535,781,754
121000101,664,449,215
121000102,463,544,-81
121000103,404,486,-82
121000104,513,299,214
121000105,651,412,239
121000106,455,675,-220
121000107,3691,5218,-1527
121000109,2205,1509,696
121000110,478,1026,-548
121000114,3996,2736,1260
121000115,1414,1080,334
121000116,475,1343,-868
121000117,1201,393,808
121000118,2074,489,1585
121000119,517,661,-144
121000120,495,675,-180
121000121,984,1656,-672
121000123,3022,866,2156
121000126,211,510,-299
121000127,373,180,193
121000128,1349,786,563
121000129,1254,918,336
121000130,788,1377,-589
121000131,4104,2904,1200
121000132,2507,2207,300
121000135,777,1135,-358
121000136,3643,861,2782
121000137,757,369,388
121000138,2626,1110,1516
121000139,1370,274,1096
121000141,436,238,198
121000142,1209,1111,98
121000143,192,39,153
121000144,1619,2347,-728
121000145,975,1666,-691
121000146,1932,1290,642
121000147,1553,735,818
121000148,1609,1538,71
121000149,3443,1938,1505
121000152,798,1190,-392
121000153,2730,1203,1527
121000154,1312,1345,-33
121000155,2036,1631,405
121000156,643,1636,-993
121000157,1577,3328,-1751
121000158,573,944,-371
121000159,272,725,-453
121000160,448,848,-400
121000161,282,493,-211
121000162,140,351,-211
121000165,2298,2419,-121
121000166,21,808,-787
121000168,766,433,333
121000169,114,285,-171
121000170,479,263,216
121000171,89,296,-207
121000172,1031,742,289
121000173,1738,1523,215
121000174,474,543,-69
121000175,1297,590,707
121000176,607,333,274
121000177,1624,1074,550
121000178,256,95,161
121000179,138,102,36
121000181,645,688,-43
121000182,142,255,-113
121000183,88,151,-63
121000184,531,188,343
121000185,71,198,-127
121000186,268,651,-383
121000187,274,316,-42
121000188,286,381,-95
121000192,1043,576,467
121000193,1203,746,457
121000194,3675,3373,302
121000195,542,1361,-819
121000196,1239,348,891
121000197,598,985,-387
121000198,767,152,615
121000199,272,566,-294
121000200,942,131,811
121000201,8,319,-311
121000202,1769,192,1577
121000203,1569,3157,-1588
121000204,4673,999,3674
121000205,451,442,9
121000206,613,56,557
121000207,3049,778,2271
121000208,12,628,-616
121000209,427,611,-184
121000210,670,732,-62
121000211,482,245,237
121000212,477,962,-485
121000213,12504,4567,7937
121000214,1120,4412,-3292
121000215,1784,1381,403
121000216,947,1201,-254
121000217,8049,5362,2687
121000218,717,2227,-1510
121000219,3208,709,2499
121000220,405,95,310
121000221,251,407,-156
121000222,3622,3080,542
121000223,1235,381,854
121000224,577,224,353
121000225,5231,2017,3214
121000226,16543,1981,14562
121000227,3,263,-260
121000228,26,827,-801
121000229,392,567,-175
121000230,75,2236,-2161
121000231,1225,79,1146
121000232,463,475,-12
121000233,873,622,251
121000234,43,43,0
121000235,122,76,46
121000236,22,117,-95
121000237,60,39,21
121000238,10,167,-157
121000239,69,10,59
121000240,15,483,-468
121000241,137,17,120
121000242,61,340,-279
121000243,365,126,239
121000244,24,91,-67
121000245,149,19,130
121000246,2,138,-136
121000247,142,7,135
121000248,1176,761,415
121000249,164,458,-294
121000250,1132,216,916
121000251,47,651,-604
121000252,175,103,72
121000253,626,653,-27
121000254,1037,394,643
121000255,808,231,577
121000256,1427,490,937
121000257,238,120,118
121000258,598,70,528
121000259,281,97,184
121000260,399,226,173
121000261,375,91,284
121000262,1588,2066,-478
121000263,597,666,-69
121000271,377,2235,-1858
121000273,467,11,456
121000274,39,54,-15
121000275,5,11,-6
121000276,8,24,-16
121000278,150,62,88
121000279,140,38,102
121000280,429,100,329
121000289,490,47,443
121000290,1932,1102,830
121000294,266,312,-46
121000297,1353,2238,-885
121000299,975,452,523
121000300,885,1173,-288
121000302,165,2106,-1941
121000303,836,845,-9
121000304,717,113,604
121000305,226,68,158
121000306,180,200,-20
121000308,321,724,-403
121000309,864,842,22
121000310,197,520,-323
121000311,153,1307,-1154
121000312,518,401,117
121000313,563,912,-349
121000314,177,203,-26
121000315,69,139,-70
121000530,1842,1919,-77
121000531,2074,2041,33
121000532,8660,8750,-90
121000533,3788,4404,-616
121000918,108,216,-108
121000919,74,59,15
121000938,294,660,-366
121000939,275,481,-206
121000956,1398,2167,-769
121000957,7,22,-15
121000958,379,53,326
121000959,950,1242,-292
121000960,2714,2874,-160
121000961,314,119,195
121000962,436,1681,-1245
121000973,3,208,-205
121000976,23,306,-283
121000979,618,248,370
121000981,369,251,118
121000982,464,250,214
121000983,629,578,51
121000984,184,71,113
121000985,760,934,-174
121000986,537,408,129
121000987,363,1590,-1227
121000988,938,227,711
121001302,447,161,286
121001308,12,13,-1
121001309,254,147,107
121001313,513,289,224
121001314,3525,5287,-1762
121001315,5938,4051,1887
121900001,180,278,-98
121900002,229,25,204
121900003,670,9,661
121900004,181,541,-360
121900005,41,16,25
121900006,153,37,116
121900007,3102,4622,-1520
121900008,3775,909,2866
121900009,984,34,950
121900010,344,5,339
121900011,565,715,-150
121900012,44,2,42
121900013,2610,74,2536
121900014,1893,546,1347
121900015,318,321,-3
121900016,9,61,-52
121900017,693,820,-127
121900018,454,15,439
121900019,635,424,211
121900020,44,5,39
121900021,953,26,927
121900022,378,361,17
121900023,198,564,-366
121900024,587,157,430
121900025,878,566,312
121900026,561,84,477
121900027,684,201,483
121900028,472,29,443
121900029,285,274,11
121900030,914,982,-68
121900031,1676,10238,-8562
121900032,205,115,90
121900033,258,250,8
121900034,685,138,547
121900035,3928,3599,329
121900036,125,376,-251
121900037,304,978,-674
121900038,48,271,-223
121900039,618,60,558
121900040,85,135,-50
121900041,110,231,-121
121900042,540,163,377
121900043,43,12,31
121900044,378,123,255
121900046,657,438,219
121900047,232,111,121
121900048,64,239,-175
121900050,30,63,-33
121900051,267,216,51
121900052,240,73,167
121900053,706,503,203
121900054,663,1339,-676
121900055,30,24,6
121900058,344,223,121
121900059,699,253,446
121900060,216,411,-195
121900061,756,254,502
121900062,277,192,85
121900063,1778,423,1355
121900064,510,896,-386
121900066,92,39,53
121900067,146,106,40
121900069,210,182,28
121900070,878,184,694
121900071,406,392,14
121900072,64,217,-153
121900073,422,256,166
121900074,1251,1479,-228
121900075,1416,586,830
121900076,1338,908,430
121900077,40,37,3
121900078,170,74,96
121900079,0,0,0
121900080,1380,624,756
121900082,73,138,-65
121900084,21,318,-297
121900085,6,22,-16
121900086,20,85,-65
121900087,278,152,126
121900088,3539,5384,-1845
121900089,295,565,-270
121900090,38,144,-106
121900091,79,229,-150
121900092,172,157,15
121900093,102,93,9
121900094,20,4,16
121900095,361,230,131
121900096,2512,1197,1315
121900097,854,280,574
121900098,9,16,-7
121900099,399,129,270
121900100,419,670,-251
121900101,169,169,0
121900102,20,236,-216
121900103,1656,342,1314
121900104,1761,523,1238
121900105,320,331,-11
121900106,14,12,2
121900107,75,52,23
121900108,5,59,-54
121900109,535,184,351
121900110,682,1522,-840
121900111,2250,215,2035
121900112,412,210,202
121900113,112,903,-791
121900114,121,167,-46
121900117,1280,84,1196
121900118,3245,838,2407
121900119,194,166,28
121900120,75,2295,-2220
121900121,906,125,781
121900122,58,126,-68
121900123,290,678,-388
121900124,188,234,-46
121900125,2216,1967,249
121900127,27,155,-128
121900128,157,180,-23
121900129,1053,263,790
121900130,199,405,-206
121900131,475,103,372
121900132,176,174,2
121900133,133,660,-527
121900134,50,278,-228
121900135,3543,586,2957
121900136,426,603,-177
121900137,88,639,-551
121900138,210,329,-119
121900139,506,725,-219
121900140,134,365,-231
121900141,112,73,39
121900142,190,196,-6
121900143,38,302,-264
121900144,169,403,-234
121900145,289,420,-131
121900146,1026,1276,-250
121900147,54,217,-163
121900148,346,454,-108
121900149,566,1010,-444
121900150,117,170,-53
121900151,119,283,-164
121900152,175,207,-32
121900153,182,1060,-878
121900154,36,257,-221
121900155,5,262,-257
121900156,210,183,27
121900157,6,549,-543
121900158,120,160,-40
121900159,0,358,-358
121900160,54,401,-347
121900161,494,474,20
121900162,183,277,-94
121900163,352,881,-529
121900164,645,321,324
121900165,352,255,97
121900166,433,229,204
121900167,235,146,89
121900168,307,299,8
121900169,13,349,-336
121900170,8,339,-331
121900171,991,836,155
121900172,701,426,275
121900173,1357,403,954
121900174,78,151,-73
121900175,373,242,131
121900176,947,2030,-1083
121900177,262,124,138
121900178,90,92,-2
121900179,557,329,228
121900180,6678,6394,284
121900182,1199,388,811
121900183,1341,1138,203
121900184,90,878,-788
121900186,11,390,-379
121900187,99,303,-204
121900188,749,789,-40
121900189,56,168,-112
121900190,648,685,-37
121900191,131,446,-315
121900192,507,1005,-498
121900193,98,267,-169
121900194,11,264,-253
121900195,168,151,17
121900196,1461,2146,-685
121900197,699,2239,-1540
121900198,1624,1757,-133
121900199,3,33,-30
121900200,180,402,-222
121900201,1778,1181,597
121900202,230,965,-735
121900203,400,1594,-1194
121900204,1303,1957,-654
121900205,24,153,-129
121900206,31,24,7
121900207,226,80,146
121900208,312,452,-140
121900209,75,60,15
121900210,2525,1695,830
121900211,28,116,-88
121900212,177,185,-8
121900213,214,115,99
121900214,13,975,-962
121900215,70,210,-140
121900216,128,227,-99
121900217,355,244,111
121900218,438,709,-271
121900220,212,29,183
121900221,385,1284,-899
121900222,388,285,103
121900223,299,101,198
121900224,206,85,121
121900225,384,152,232
121900226,458,2041,-1583
121900227,264,666,-402
121900228,311,579,-268
121900230,233,466,-233
121900231,978,2422,-1444
121900232,521,554,-33
121900233,373,374,-1
121900234,633,473,160
121900235,819,321,498
121900236,496,249,247
121900237,291,420,-129
121900238,267,563,-296
121900239,337,68,269
121900240,421,223,198
121900241,84,110,-26
121900242,17,0,17
121900243,14,0,14
121900244,42,8,34
121900245,262,114,148
121900246,2915,530,2385
121900247,412,375,37
121900248,2267,1615,652
121900250,364,366,-2
121900251,485,83,402
121900252,828,266,562
121900253,164,946,-782
121900254,722,415,307
121900255,345,131,214
121900258,4101,3145,956
121900259,569,904,-335
121900260,192,299,-107
121900261,232,768,-536
121900262,623,1406,-783
121900263,339,437,-98
121900264,2823,2543,280
121900265,504,342,162
121900266,621,309,312
121900267,132,46,86
121900269,318,871,-553
121900270,46,295,-249
121900271,56,299,-243
121900273,869,2897,-2028
121900274,406,334,72
121900277,550,1414,-864
121900278,263,1147,-884
121900279,282,205,77
121900280,486,503,-17
121900281,1356,500,856
121900284,148,22,126
121900286,906,209,697
121900287,37,78,-41
121900288,14,0,14
121900290,347,409,-62
121900291,565,871,-306
121900292,318,170,148
121900293,1347,3706,-2359
121900294,456,7,449
121900295,196,365,-169
121900296,189,187,2
121900298,737,976,-239
121900299,0,2,-2
121900300,115,2,113
121900301,108,22,86
121900302,0,82,-82
121900303,865,550,315
121900304,0,8,-8
121900305,4,2,2
121900306,67,3,64
121900307,26,45,-19
121900308,43,417,-374
121900309,25,389,-364
121900310,21,593,-572
121900311,435,91,344
121900312,360,51,309
121900313,430,56,374
121900314,6,106,-100
121900315,4,2,2
121900316,0,13,-13
121900317,25,4,21
121900318,3,24,-21
121900319,19,132,-113
121900320,87,150,-63
121900321,18,5,13
121900322,7,44,-37
121900323,18,12,6
121900324,31,88,-57
121900325,14,3,11
121900326,3,24,-21
121900327,4,83,-79
121900328,0,34,-34
121900329,3,289,-286
121900330,0,38,-38
121900331,130,65,65
121900332,152,52,100
121900333,29,3,26
122000001,3907,6344,-2437
122000002,7119,2644,4475
122000003,3416,3558,-142
122000004,4881,2459,2422
122000005,3706,2126,1580
122000006,3324,1132,2192
122000007,1920,2420,-500
122000008,7091,7996,-905
122000009,671,493,178
122000010,3085,4195,-1110
122000011,4703,2085,2618
122000012,1776,1843,-67
122000013,2983,1614,1369
122000014,2197,2360,-163
122000015,2116,1660,456
122000016,920,1273,-353
122000017,1560,1543,17
122000018,2110,1493,617
122000019,1194,1643,-449
122000020,478,361,117
122000021,658,729,-71
122000022,2162,1844,318
122000023,1033,3519,-2486
122000024,1178,1449,-271
122000025,2909,2184,725
122000026,1683,1351,332
122000027,798,4746,-3948
122000028,1158,662,496
122000029,783,623,160
122000030,504,239,265
122000031,300,313,-13
122000032,2331,4194,-1863
122000033,1235,1438,-203
122000034,1251,1023,228
122000035,511,1284,-773
122000036,855,800,55
122000037,527,394,133
122000038,398,602,-204
122000039,1093,878,215
122000040,547,742,-195
122000041,748,752,-4
122000042,559,700,-141
122000043,231,167,64
122000044,202,245,-43
122000045,2271,670,1601
122000046,998,1524,-526
122000047,423,362,61
122000048,5573,7279,-1706
122000049,9151,4218,4933
122000050,2631,1050,1581
122000051,497,396,101
122000052,1055,484,571
122000053,235,872,-637
122000054,3646,3139,507
122000055,3446,3925,-479
122000056,7220,5424,1796
122000057,5010,4740,270
122000058,4549,1819,2730
122000059,4478,2144,2334
122000060,1292,873,419
122000061,858,617,241
122000062,1694,531,1163
122000063,2778,982,1796
122000064,5163,3395,1768
122000065,7787,3450,4337
122000066,1787,1329,458
122000067,3220,1731,1489
122000068,2138,2188,-50
122000069,1055,1029,26
122000070,1082,5103,-4021
122000071,2066,2205,-139
122000072,599,578,21
122000073,549,780,-231
122000074,3965,2321,1644
122000075,909,2156,-1247
122000076,2890,1602,1288
122000077,2915,964,1951
122000078,3696,3095,601
122000079,3555,1502,2053
122000080,1861,565,1296
122000081,353,535,-182
122000082,1948,1189,759
122000083,2224,4439,-2215
122000084,1847,1265,582
122000085,402,2721,-2319
122000086,3546,7611,-4065
122000087,734,275,459
122000088,579,660,-81
122000089,10709,4528,6181
122000090,477,789,-312
122000091,724,105,619
122000092,456,34,422
122000093,3355,1578,1777
122000094,12422,3344,9078
122000095,6551,5167,1384
122000096,4785,2928,1857
122000098,5778,2654,3124
122000099,5290,1001,4289
122000100,1630,1133,497
122000101,444,1639,-1195
122000102,2693,1685,1008
122000103,3071,2168,903
122000104,581,320,261
122000105,857,387,470
122000106,904,840,64
122000107,1398,661,737
122000108,582,1065,-483
122000109,516,594,-78
122000110,753,637,116
122000111,3733,1942,1791
122000112,1180,2466,-1286
122000113,886,907,-21
122000114,7026,2265,4761
122000115,2654,2990,-336
122000116,846,813,33
122000117,2100,739,1361
122000118,875,1306,-431
122000119,6267,4613,1654
122000120,4849,8761,-3912
122000121,5278,5123,155
122000122,1395,2832,-1437
122000123,3527,3092,435
122000124,2008,1085,923
122000125,932,1085,-153
122000126,1189,2045,-856
122000127,2105,2140,-35
122000128,808,1444,-636
122000129,652,2299,-1647
122000130,5886,2351,3535
122000131,3562,2808,754
122000132,1337,1078,259
122000133,1638,2824,-1186
122000134,1321,1214,107
122000135,1128,1088,40
122000136,1487,1008,479
122000137,2646,1542,1104
122000139,2446,5898,-3452
122000140,1878,985,893
122000141,6719,1661,5058
122000142,810,1245,-435
122000143,1022,1150,-128
122000144,3217,2671,546
122000145,2675,1543,1132
122000146,1147,1849,-702
122000147,1525,797,728
122000148,3352,2658,694
122000149,3852,2469,1383
122000150,2175,1666,509
122000151,435,637,-202
122000152,796,738,58
122000153,699,494,205
122000154,616,340,276
122000155,2664,4530,-1866
122000156,3252,3254,-2
122000157,2709,2364,345
122000158,539,1096,-557
122000159,1982,3340,-1358
122000160,10015,5292,4723
122000161,2359,2003,356
122000162,4120,3193,927
122000163,400,144,256
122000164,51,122,-71
122000165,2228,1197,1031
122000166,2617,1911,706
122000167,372,401,-29
122000168,306,767,-461
122000169,781,335,446
122000170,511,348,163
122000171,71,106,-35
122000172,2168,2051,117
122000173,2062,3075,-1013
122000174,5044,1204,3840
122000175,2258,661,1597
122000176,441,1075,-634
122000177,2757,1965,792
122000178,5036,4833,203
122000179,2738,3889,-1151
122000180,2792,2117,675
122000181,2793,5290,-2497
122000182,3070,2695,375
122000183,2970,1967,1003
122000184,3889,3044,845
122000185,1841,1852,-11
122000186,854,1055,-201
122000187,3405,1532,1873
122000188,697,289,408
122000189,390,499,-109
122000190,1907,1643,264
122000191,1942,1224,718
122000192,1952,553,1399
122000193,798,913,-115
122000194,1381,415,966
122000195,343,552,-209
122000196,2096,835,1261
122000197,716,974,-258
122000198,836,1131,-295
122000199,643,490,153
122000200,1972,1270,702
122000201,2301,1974,327
122000202,2334,1849,485
122000203,5179,2301,2878
122000204,2997,2996,1
122000205,2645,2291,354
122000206,3319,1289,2030
122000207,3198,1878,1320
122000208,4845,2003,2842
122000209,4247,513,3734
122000210,3574,2514,1060
122000211,2775,1570,1205
122000212,1477,991,486
122000213,1618,2489,-871
122000214,3283,2486,797
122000215,2857,2477,380
122000217,3130,1879,1251
122000218,1223,132,1091
122000219,1902,1381,521
122000220,627,1108,-481
122000221,130,727,-597
122000222,961,290,671
122000223,2525,772,1753
122000225,1714,432,1282
122000226,4143,2882,1261
122000227,622,4325,-3703
122000228,631,601,30
122000229,34,677,-643
122000230,118,938,-820
122000231,607,1222,-615
122000232,1028,1435,-407
122000233,5,165,-160
122000234,481,222,259
122000235,2325,314,2011
122000236,1638,292,1346
122000237,158,122,36
122000238,533,515,18
122000239,1015,261,754
122000240,1826,816,1010
122000241,1982,701,1281
122000242,1358,162,1196
122000243,983,49,934
122000244,57,367,-310
122000245,50,120,-70
122000246,168,104,64
122000247,1032,422,610
122000248,1481,2732,-1251
122000249,1651,1578,73
122000250,3421,2392,1029
122000251,386,637,-251
122000252,909,237,672
122000253,68,464,-396
122000254,404,171,233
122000255,1182,2489,-1307
122000256,671,1773,-1102
122000257,249,524,-275
122000258,403,396,7
122000259,23,747,-724
122000260,4,100,-96
122000261,12,320,-308
122000262,0,81,-81
122000263,346,185,161
122000264,1712,774,938
122000265,4391,1314,3077
122000266,9610,923,8687
122000267,326,138,188
122000268,331,481,-150
122000269,1731,382,1349
122000270,2171,231,1940
122000271,608,1558,-950
122000272,611,1459,-848
122000273,689,659,30
122000274,386,279,107
122000275,366,338,28
122000276,1147,864,283
122000277,2109,2118,-9
122000278,2977,1394,1583
122000279,367,799,-432
122000280,1417,1295,122
122000281,1468,1304,164
122000282,499,237,262
122000283,1312,111,1201
122000284,311,171,140
122000285,950,155,795
122000286,332,273,59
122000287,2923,1833,1090
122000288,1446,390,1056
122000291,2444,1169,1275
122000293,499,513,-14
122000294,193,347,-154
122000295,1888,274,1614
122000296,83,936,-853
122000297,4178,3773,405
122000299,708,608,100
122000300,763,953,-190
122000301,17134,5517,11617
122000302,1511,2244,-733
122000303,5627,2139,3488
122000304,113,378,-265
122000305,1511,539,972
122000306,51,1160,-1109
122000307,223,225,-2
122000309,213,81,132
122000310,67,99,-32
122000311,454,233,221
122000312,243,108,135
122000313,216,87,129
122000314,185,269,-84
122000315,418,60,358
122000316,1005,273,732
122000317,1643,392,1251
122000318,409,1120,-711
122000319,387,692,-305
122000320,555,2685,-2130
122000321,198,322,-124
122000322,3323,3584,-261
122000323,2224,2984,-760
122000324,2060,1834,226
122000325,1533,2162,-629
122000326,99,220,-121
122000327,1099,1579,-480
122000328,1999,1286,713
122000330,3396,1202,2194
122000332,715,517,198
122000333,17,172,-155
122000337,1474,2572,-1098
122000338,718,698,20
122000340,643,535,108
122000342,3134,1655,1479
122000343,662,1662,-1000
122000344,92,35,57
122000345,364,71,293
122000346,536,790,-254
122000348,961,1178,-217
122000349,223,1236,-1013
122000351,185,299,-114
122000352,661,191,470
122000353,101,143,-42
122000355,286,282,4
122000356,3090,1622,1468
122000357,156,34,122
122000358,1,67,-66
122000359,0,59,-59
122000360,1,74,-73
122000362,16,151,-135
122000364,242,574,-332
122000365,6,76,-70
122000366,20,20,0
122000368,659,1015,-356
122000370,26,95,-69
122000371,42,0,42
122000372,22,3,19
122000381,108,552,-444
122000382,88,354,-266
122000384,5632,2420,3212
122000385,117,2,115
122000386,1285,2332,-1047
122000387,1395,766,629
122000388,2841,1055,1786
122000389,238,886,-648
122000390,899,372,527
122000391,581,188,393
122000392,257,298,-41
122000393,390,242,148
122000394,833,593,240
122000395,241,314,-73
122000396,598,182,416
122000397,134,96,38
122000398,88,86,2
122000399,245,106,139
122000400,293,708,-415
122000401,194,107,87
122000402,547,215,332
122000403,677,1465,-788
122000404,229,460,-231
122000408,1223,1835,-612
122000503,24,223,-199
122000524,258,234,24
122000544,151,5782,-5631
122000616,582,3,579
122000640,92,246,-154
122000641,130,483,-353
122000642,2739,1561,1178
122000643,80,236,-156
122000644,214,35,179
122000645,211,439,-228
122000651,3426,1061,2365
122000664,217,71,146
122000665,1739,750,989
122000666,880,1512,-632
122000673,41,442,-401
122000674,167,100,67
122000675,2381,1673,708
122000686,551,1719,-1168
122000687,2945,506,2439
122000688,363,1069,-706
122000689,1196,1046,150
122000690,2089,905,1184
122000691,677,3144,-2467
122000692,2371,613,1758
122000693,955,2745,-1790
122000695,365,767,-402
122000696,481,466,15
122000698,469,1220,-751
122000699,336,208,128
122000701,1811,602,1209
122000702,624,1969,-1345
122000703,229,77,152
122000717,265,102,163
122000718,534,1111,-577
122000719,159,89,70
122000720,521,436,85
122000724,156,40,116
122900001,66,21,45
122900002,1828,6905,-5077
122900003,631,72,559
122900004,1571,104,1467
122900005,188,77,111
122900006,2922,594,2328
122900007,367,87,280
122900008,1572,130,1442
122900009,1506,778,728
122900010,309,259,50
122900012,375,518,-143
122900014,271,496,-225
122900015,3648,1471,2177
122900016,228,432,-204
122900017,618,1470,-852
122900018,366,49,317
122900019,14,221,-207
122900020,978,542,436
122900021,55,1508,-1453
122900022,1114,1104,10
122900023,725,411,314
122900024,278,151,127
122900025,42,335,-293
122900026,135,492,-357
122900027,62,1096,-1034
122900028,178,276,-98
122900029,6335,4449,1886
122900030,1663,782,881
122900031,257,373,-116
122900032,166,628,-462
122900033,528,228,300
122900034,5982,8479,-2497
122900035,104,79,25
122900036,71,279,-208
122900037,756,189,567
122900038,248,5816,-5568
122900039,200,930,-730
122900040,548,555,-7
122900041,524,332,192
122900042,254,389,-135
122900043,906,276,630
122900044,156,509,-353
122900045,138,179,-41
122900046,652,198,454
122900047,438,268,170
122900048,79,523,-444
122900049,2133,251,1882
122900051,131,185,-54
122900052,86,215,-129
122900053,56,56,0
122900055,705,197,508
122900057,518,96,422
122900061,660,362,298
122900062,787,1282,-495
122900063,242,506,-264
122900064,2573,771,1802
122900065,887,268,619
122900066,931,552,379
122900067,1868,1202,666
122900068,270,468,-198
122900069,620,3889,-3269
122900070,566,59,507
122900071,192,635,-443
122900072,22,859,-837
122900073,51,402,-351
122900074,1281,1021,260
122900075,3,93,-90
122900076,8,231,-223
122900077,0,243,-243
122900078,199,205,-6
122900080,89,40,49
122900081,431,249,182
122900082,973,370,603
122900083,306,273,33
122900084,18,378,-360
122900086,13,155,-142
122900087,672,687,-15
122900088,116,197,-81
122900089,375,254,121
122900090,28,810,-782
122900091,337,1,336
122900092,0,390,-390
122900093,1,438,-437
122900094,7,380,-373
122900095,360,15,345
122900096,499,343,156
122900097,74,59,15
122900098,211,190,21
122900099,108,16,92
122900100,2092,451,1641
122900101,1303,497,806
122900102,37,49,-12
122900103,130,10,120
122900104,167,10,157
122900105,15,20,-5
122900106,8,123,-115
122900107,8,310,-302
122900108,10,281,-271
123000001,2823,605,2218
123000002,6834,5569,1265
123000003,5240,5161,79
123000004,4038,6169,-2131
123000005,4095,3836,259
123000006,3740,4143,-403
123000007,5409,3790,1619
123000008,3912,5066,-1154
123000009,6363,4425,1938
123000010,4729,4579,150
123000011,5111,1112,3999
123000012,1273,3196,-1923
123000013,4893,1152,3741
123000014,1579,4891,-3312
123000015,6523,1287,5236
123000016,8052,6255,1797
123000017,4426,2400,2026
123000018,95,176,-81
123000019,437,484,-47
123000020,247,210,37
123000021,132,531,-399
123000022,580,4269,-3689
123000023,2018,2031,-13
123000024,2044,808,1236
123000025,727,378,349
123000026,24,67,-43
123000027,1335,612,723
123000028,3758,308,3450
123000029,3157,766,2391
123000030,547,701,-154
123000031,262,513,-251
123000032,463,421,42
123000033,417,75,342
123000034,1803,1728,75
123000035,536,933,-397
123000036,443,2082,-1639
123000037,383,486,-103
123000038,162,337,-175
123000039,592,1683,-1091
123000040,1445,548,897
123000041,2017,1589,428
123000042,1596,872,724
123000043,5302,11418,-6116
123000044,7389,3839,3550
123000045,14307,4438,9869
123000046,1347,1999,-652
123000047,3715,1847,1868
123000048,153,869,-716
123000049,10870,12571,-1701
123000050,1790,2205,-415
123000051,190,322,-132
123000052,1114,5009,-3895
123000053,4206,4944,-738
123000054,2187,3088,-901
123000055,1877,4538,-2661
123000056,1922,2765,-843
123000057,22617,9767,12850
123000058,1084,1317,-233
123000059,734,951,-217
123000060,1262,618,644
123000061,467,1138,-671
123000063,1333,1360,-27
123000064,1597,396,1201
123000065,9423,6311,3112
123000066,1249,1203,46
123000067,1408,1085,323
123000068,4597,5035,-438
123000069,10186,5727,4459
123000070,481,1240,-759
123000071,1300,1631,-331
123000072,1564,1767,-203
123000073,1614,1157,457
123000074,1420,2272,-852
123000075,593,1817,-1224
123000076,909,1274,-365
123000077,2728,4391,-1663
123000078,2232,2253,-21
123000079,2219,2671,-452
123000080,3646,3063,583
123000081,235,683,-448
123000082,620,1666,-1046
123000083,1422,367,1055
123000084,650,947,-297
123000085,398,162,236
123000086,622,441,181
123000087,442,651,-209
123000088,1927,1560,367
123000089,702,1672,-970
123000090,1673,1340,333
123000091,2122,2470,-348
123000092,1364,1870,-506
123000094,758,371,387
123000095,880,1026,-146
123000096,960,630,330
123000097,808,1349,-541
123000098,1118,917,201
123000099,883,1106,-223
123000100,767,984,-217
123000101,893,880,13
123000102,790,1022,-232
123000104,596,567,29
123000105,871,754,117
123000106,681,679,2
123000107,601,754,-153
123000108,1029,1723,-694
123000111,1216,555,661
123000112,1502,937,565
123000113,876,2414,-1538
123000114,652,902,-250
123000115,393,452,-59
123000116,55,230,-175
123000117,2372,3182,-810
123000118,626,1436,-810
123000119,491,1354,-863
123000120,694,1338,-644
123000121,610,773,-163
123000122,545,299,246
123000123,610,882,-272
123000124,755,622,133
123000125,1823,1653,170
123000126,2734,5075,-2341
123000127,1618,1012,606
123000128,525,506,19
123000129,862,405,457
123000130,751,152,599
123000131,1095,1054,41
123000132,676,1057,-381
123000133,520,608,-88
123000134,731,283,448
123000135,3031,1864,1167
123000136,407,1482,-1075
123000137,209,539,-330
123000138,139,656,-517
123000139,684,271,413
123000140,215,1410,-1195
123000141,1277,283,994
123000142,1184,1430,-246
123000143,2233,3069,-836
123000144,75,60,15
123000145,299,227,72
123000146,126,129,-3
123000147,214,185,29
123000149,483,603,-120
123000150,302,332,-30
123000151,352,579,-227
123000152,152,560,-408
123000153,325,964,-639
123000154,2304,3157,-853
123000155,3295,2062,1233
123000156,85,244,-159
123000157,900,1463,-563
123000158,928,1162,-234
123000159,5004,3543,1461
123000160,1593,1008,585
123000161,2627,1904,723
123000162,1507,2418,-911
123000163,810,206,604
123000164,2172,482,1690
123000165,530,2551,-2021
123000166,96,276,-180
123000167,201,501,-300
123000168,424,436,-12
123000169,1089,205,884
123000170,98,395,-297
123000171,997,17,980
123000172,339,888,-549
123000173,927,432,495
123000174,1535,603,932
123000175,1162,1951,-789
123000176,1759,448,1311
123000177,505,1545,-1040
123000178,1283,232,1051
123000179,73,1021,-948
123000180,2255,526,1729
123000181,520,2242,-1722
123000182,325,675,-350
123000183,280,713,-433
123000184,217,1042,-825
123000185,951,573,378
123000186,6,899,-893
123000187,732,12,720
123000188,360,3,357
123000189,181,255,-74
123000190,99,95,4
123000192,41,561,-520
123000193,110,1107,-997
123000194,536,435,101
123000195,351,46,305
123000196,418,92,326
123000197,72,240,-168
123000198,157,422,-265
123000199,26,934,-908
123000200,731,10,721
123000201,1180,23,1157
123000202,47,1732,-1685
123000203,1162,98,1064
123000204,124,1530,-1406
123000205,803,2773,-1970
123000206,2464,335,2129
123000207,117,1297,-1180
123000208,732,247,485
123000209,2746,814,1932
123000210,751,2535,-1784
123000211,874,3996,-3122
123000212,4305,698,3607
123000213,848,99,749
123000215,258,173,85
123000216,413,881,-468
123000217,267,57,210
123000218,197,907,-710
123000219,1426,333,1093
123000220,804,140,664
123000221,354,220,134
123000222,686,881,-195
123000223,495,645,-150
123000224,549,776,-227
123000225,525,145,380
123000226,112,632,-520
123000227,182,529,-347
123000228,413,110,303
123000229,1540,2531,-991
123000232,172,968,-796
123000233,1094,254,840
123000234,273,1061,-788
123000235,1304,537,767
123000236,389,1313,-924
123000237,495,145,350
123000238,136,778,-642
123000239,714,2559,-1845
123000240,117,729,-612
123000241,1055,181,874
123000242,277,334,-57
123000243,1049,1284,-235
123000244,1284,963,321
123000245,78,223,-145
123000249,618,1054,-436
123000252,1401,403,998
123000253,1356,692,664
123000254,936,1637,-701
123000255,1489,1303,186
123000256,40,364,-324
123000257,4820,3457,1363
123000258,1547,1546,1
123000259,437,608,-171
123000260,570,804,-234
123000261,257,392,-135
123000262,132,306,-174
123000263,468,145,323
123000264,250,105,145
123000265,71,238,-167
123000266,764,1018,-254
123000267,910,465,445
123000268,45,90,-45
123000269,47,57,-10
123000270,27,59,-32
123000271,142,88,54
123000272,1004,372,632
123000273,361,922,-561
123000274,1762,866,896
123000275,530,1372,-842
123000278,4301,3716,585
123000279,135,107,28
123000280,439,495,-56
123000281,469,172,297
123000282,244,391,-147
123000283,176,141,35
123000284,93,172,-79
123000286,426,455,-29
123000287,835,468,367
123000288,1805,1188,617
123000289,719,1665,-946
123000291,471,1181,-710
123000294,172,312,-140
123000295,1130,1299,-169
123000296,734,562,172
123000297,741,1061,-320
123000298,841,718,123
123000299,60,272,-212
123000300,1138,1081,57
123000301,258,421,-163
123000302,93,335,-242
123000303,404,132,272
123000305,1347,1190,157
123000306,236,305,-69
123000309,90,110,-20
123000310,106,49,57
123000311,0,177,-177
123000312,903,1308,-405
123000313,602,511,91
123000315,117,574,-457
123000316,2071,272,1799
123000317,376,96,280
123000318,64,343,-279
123000329,36,16,20
123000337,918,300,618
123000338,2071,98,1973
123000339,290,269,21
123000340,330,599,-269
123000342,25,14,11
123000343,100,3,97
123000344,1821,802,1019
123000345,514,915,-401
123000346,415,70,345
123000352,2479,1096,1383
123000353,30,144,-114
123000354,874,40,834
123000355,1,749,-748
123000356,526,22,504
123000357,1,383,-382
123000359,8,270,-262
123000360,382,245,137
123000361,697,525,172
123000362,572,202,370
123000363,172,356,-184
123000364,773,686,87
123000365,30,521,-491
123000366,747,2962,-2215
123000367,449,1864,-1415
123000370,74,378,-304
123000371,981,61,920
123000372,589,26,563
123000373,16,698,-682
123000374,22,363,-341
123000375,504,63,441
123000376,1135,805,330
123000377,617,52,565
123000378,33,447,-414
123000379,2,295,-293
123000380,116,589,-473
123000381,273,47,226
123000382,1959,289,1670
123000383,358,1959,-1601
123000384,639,105,534
123000385,634,945,-311
123000436,55,1737,-1682
123000507,238,459,-221
123000508,279,1142,-863
123000517,544,55,489
123000518,38,402,-364
123000519,228,98,130
123000520,90,409,-319
123000521,538,140,398
123000522,241,642,-401
123000541,3,4,-1
123000542,0,32,-32
123000565,2,2,0
123000566,1177,1102,75
123000567,136,329,-193
123000573,76,1112,-1036
123000574,936,161,775
123000575,1861,1805,56
123000576,1291,2560,-1269
123000577,183,1184,-1001
123000578,977,143,834
123000579,5017,6730,-1713
123000580,58,46,12
123000582,671,62,609
123000583,33,636,-603
123000584,285,407,-122
123000585,0,203,-203
123000586,193,6,187
123000596,122,187,-65
123000597,80,179,-99
123000602,48,20,28
123000603,852,1044,-192
123000604,720,1410,-690
123000605,1495,203,1292
123000606,1,537,-536
123000609,20,551,-531
123000610,283,292,-9
123000613,58,278,-220
123000614,294,97,197
123000615,34,241,-207
123000616,954,84,870
123000617,172,715,-543
123000618,182,906,-724
123000619,863,91,772
123000620,29,761,-732
123000622,547,41,506
123000624,161,63,98
123000630,986,643,343
123000631,395,2150,-1755
123000632,1344,1398,-54
123000633,1,294,-293
123000634,108,202,-94
123000635,257,175,82
123000636,139,937,-798
123000637,265,142,123
123000638,864,85,779
123000639,1802,5618,-3816
123000640,11,1297,-1286
123900001,1893,97,1796
123900002,56,2536,-2480
123900003,541,809,-268
123900005,354,235,119
123900006,446,49,397
124000001,2862,214,2648
124000002,207,2476,-2269
124000003,981,241,740
124000004,79,953,-874
124000005,1430,723,707
124000006,400,1806,-1406
124000007,1154,277,877
124000008,25,1520,-1495
124000009,664,496,168
124000010,227,856,-629
124000011,2282,573,1709
124000012,625,904,-279
124000017,203,231,-28
124000018,146,119,27
124000019,197,162,35
124000020,75,278,-203
124000021,211,106,105
124000022,146,347,-201
124000023,2532,2014,518
124000024,1525,839,686
124000025,2064,2257,-193
124000026,1497,1459,38
124000027,6832,6955,-123
124000028,3509,5780,-2271
124000030,4328,1864,2464
124000031,1766,4813,-3047
124000032,5033,1386,3647
124000033,195,1432,-1237
124000034,2650,856,1794
124000035,56,229,-173
124000036,156,252,-96
124000037,1546,1303,243
124000038,92,98,-6
124000039,1736,640,1096
124000040,837,1439,-602
124000041,607,150,457
124000042,119,656,-537
124000043,233,165,68
124000044,87,374,-287
124000045,957,877,80
124000046,406,996,-590
124000047,2083,1487,596
124000048,1312,2361,-1049
124000049,2367,1031,1336
124000050,1162,2998,-1836
124000051,1279,855,424
124000052,791,1753,-962
124000053,728,2012,-1284
124000054,1137,865,272
124000055,1747,3573,-1826
124000056,4188,2059,2129
124000057,1334,805,529
124000058,759,2000,-1241
124000059,915,1395,-480
124000060,1890,1249,641
124000061,2091,5920,-3829
124000062,6318,2526,3792
124000063,1876,2448,-572
124000064,3787,2267,1520
124000065,36,815,-779
124000066,433,348,85
124000067,210,375,-165
124000068,16,28,-12
124000069,186,28,158
124000070,141,211,-70
124000071,373,127,246
124000072,318,783,-465
124000073,1260,260,1000
124000074,375,1156,-781
124000075,406,57,349
124000076,17,345,-328
124000077,2682,1088,1594
124000078,4893,1544,3349
124000079,694,1772,-1078
124000080,652,230,422
124000081,251,1001,-750
124000082,110,203,-93
124000083,114,200,-86
124000084,47,413,-366
124000085,251,57,194
124000086,114,143,-29
124000087,292,122,170
124000088,411,473,-62
124000089,1112,475,637
124000090,126,495,-369
124000091,459,164,295
124000092,130,867,-737
124000093,112,130,-18
124000094,215,768,-553
124000095,103,144,-41
124000096,227,504,-277
124000097,138,208,-70
124000098,76,147,-71
124000099,251,177,74
124000100,76,206,-130
124000101,93,116,-23
124000102,184,100,84
124000103,123,150,-27
124000104,151,86,65
124000105,90,111,-21
124000106,190,125,65
124000107,23,228,-205
124000108,93,44,49
124000109,156,183,-27
124000110,245,202,43
124000111,239,276,-37
124000112,838,1007,-169
124000113,119,170,-51
124000114,448,645,-197
124000115,738,917,-179
124000116,203,272,-69
124000117,81,114,-33
124000118,68,120,-52
124000119,1601,803,798
124000120,1158,692,466
124000121,2051,969,1082
124000122,892,1823,-931
124000123,1397,909,488
124000124,645,1649,-1004
124000125,603,880,-277
124000126,496,960,-464
124000127,1297,654,643
124000128,967,1614,-647
124000129,2702,2064,638
124000130,1200,911,289
124000131,1593,771,822
124000132,1410,1244,166
124000133,1199,1298,-99
124000134,1282,1067,215
124000135,2366,2663,-297
124000136,1448,1765,-317
124000137,2388,955,1433
124000138,2505,2031,474
124000139,1356,59,1297
124000140,78,706,-628
124000141,832,24,808
124000142,21,257,-236
124000143,95,42,53
124000144,13,56,-43
124000145,174,78,96
124000146,51,177,-126
124000148,56,187,-131
124000149,1735,777,958
124000150,460,900,-440
124000151,1141,613,528
124000152,1009,1802,-793
124000153,922,1097,-175
124000154,446,1154,-708
124000155,1777,1446,331
124000156,2284,1571,713
124000169,301,842,-541
124000170,974,685,289
124000171,637,536,101
124000172,764,873,-109
124000173,804,373,431
124000174,598,1090,-492
124000175,29,190,-161
124000176,110,27,83
124000177,17,83,-66
124000178,98,88,10
124000190,134,71,63
124000191,409,88,321
124000192,5623,588,5035
124000193,1719,1424,295
124000194,523,786,-263
124000195,357,800,-443
124000196,1527,1595,-68
124000197,137,94,43
124000198,38,59,-21
124000201,660,1354,-694
124000202,825,454,371
124000203,538,1127,-589
124000204,961,610,351
124000205,141,781,-640
124000206,745,554,191
124000207,0,62,-62
124000209,453,820,-367
124000210,591,343,248
124000211,797,2,795
124000212,2,737,-735
124000213,504,479,25
124000214,352,892,-540
124000215,1135,50,1085
124000216,2,619,-617
124000329,223,2997,-2774
124000338,147,1416,-1269
124000339,1196,255,941
124000341,1649,219,1430
124000344,139,97,42
124000357,1531,3542,-2011
124000358,994,2204,-1210
124000359,1517,969,548
124000360,998,769,229
124000361,3136,1000,2136
124000362,2257,2613,-356
124000363,425,576,-151
124000364,878,1388,-510
124000365,937,1483,-546
124000366,2232,1184,1048
124000367,261,944,-683
124000368,685,560,125
124000369,277,269,8
124000370,105,744,-639
124000402,61,12,49
124000403,183,21,162
124000404,13,203,-190
124000405,1735,1333,402
124000406,1310,1432,-122
124000407,3,44,-41
124000411,12,628,-616
124000412,571,26,545
124000413,1423,65,1358
124000414,107,209,-102
124000415,69,250,-181
124000416,227,395,-168
124000417,209,205,4
124000418,193,237,-44
124000419,71,208,-137
124000420,103,154,-51
124000421,77,305,-228
124000422,40,22,18
124000423,178,42,136
124000424,7,155,-148
124000425,68,172,-104
124000426,11,55,-44
124000427,80,37,43
124000428,83,64,19
124000429,84,98,-14
124000430,1000,979,21
124000431,390,917,-527
124000432,395,1161,-766
124000439,9,11,-2
124000442,13,163,-150
124000443,0,8,-8
124000445,289,960,-671
124000446,1926,107,1819
124900001,495,563,-68
124900002,271,602,-331
124900003,1066,836,230
124900004,675,499,176
124900005,427,328,99
124900006,714,555,159
124900008,1720,852,868
124900009,194,409,-215
124900010,216,143,73
124900011,776,453,323
124900012,727,199,528
124900013,734,186,548
124900014,437,151,286
124900015,253,570,-317
124900016,73,193,-120
124900017,1151,2219,-1068
124900018,54,13,41
124900020,132,123,9
124900021,351,88,263
124900022,355,34,321
124900024,373,95,278
124900026,485,59,426
124900027,179,509,-330
124900028,914,194,720
124900029,18,646,-628
124900030,20,239,-219
124900031,62,496,-434
124900032,311,320,-9
124900033,207,677,-470
124900034,7,143,-136
124900035,359,754,-395
124900036,4,98,-94
124900037,259,580,-321
124900038,465,443,22
124900039,1,35,-34
124900040,273,155,118
124900041,379,1453,-1074
124900042,296,6,290
124900043,513,1341,-828
124900044,153,5,148
124900045,1194,1410,-216
124900046,1855,366,1489
124900047,187,327,-140
124900048,322,203,119
124900050,274,375,-101
124900052,139,565,-426
124900053,169,625,-456
124900054,2759,788,1971
124900055,2,231,-229
124900057,29,77,-48
124900060,164,269,-105
124900061,126,10,116
124900062,163,33,130
124900066,0,20,-20
124900067,9,253,-244
124900068,256,741,-485
124900070,76,33,43
124900072,172,118,54
124900074,793,419,374
124900075,264,290,-26
124900076,27,1374,-1347
124900077,42,200,-158
124900078,95,46,49
124900079,871,344,527
124900080,364,940,-576
124900081,1047,392,655
124900082,402,1082,-680
124900083,321,766,-445
124900084,2946,161,2785
124900085,1502,519,983
124900086,176,1505,-1329
124900087,786,148,638
124900088,997,202,795
124900089,1839,75,1764
124900090,372,386,-14
124900091,512,657,-145
124900092,404,506,-102
124900093,459,351,108
124900094,489,427,62
124900095,145,622,-477
124900096,786,436,350
124900097,360,130,230
124900098,197,611,-414
124900099,1059,765,294
124900100,412,140,272
124900101,136,423,-287
124900102,387,88,299
124900103,235,383,-148
124900104,106,250,-144
124900105,161,214,-53
124900106,620,110,510
124900107,165,38,127
124900108,271,137,134
124900109,103,210,-107
124900110,823,552,271
124900111,10,103,-93
124900112,67,958,-891
124900113,187,344,-157
124900114,364,155,209
124900115,140,60,80
124900116,275,276,-1
124900117,735,195,540
124900118,418,376,42
124900119,436,229,207
124900120,61,539,-478
124900121,174,493,-319
124900122,611,295,316
124900123,436,170,266
124900124,207,371,-164
129000186,622,67,555
204000001,113,3,110
204000002,20,6,14
204000003,114,9,105
204000004,46,2,44
204000005,834,702,132
204000006,1452,2122,-670
204000011,11,77,-66
204000012,61,97,-36
204000013,0,36,-36
204000019,710,782,-72
204000020,870,706,164
204000021,1890,903,987
204000022,546,595,-49
204000023,729,1279,-550
204000031,82,36,46
204000032,820,42,778
204000034,32,355,-323
204000035,3,8,-5
204000036,20,54,-34
204000037,3,23,-20
204000038,1,13,-12
204000039,16,56,-40
204000040,13,30,-17
204000041,52,65,-13
204000042,151,17,134
204000043,41,9,32
204000044,59,1,58
204000045,99,5,94
204000046,31,3,28
204000057,3,65,-62
204000062,6,15,-9
204000068,54,355,-301
204000069,62,366,-304
204000070,97,219,-122
204000080,64,79,-15
204000085,2573,2309,264
204000086,3635,3027,608
204000087,54,5,49
204000088,6,109,-103
204000090,45,489,-444
204000093,406,121,285
204000096,1064,1385,-321
204000097,543,29,514
204000099,1276,1915,-639
204000100,1578,2402,-824
204000105,2923,2092,831
204000110,1080,1419,-339
204000111,668,845,-177
204000112,821,766,55
204000113,650,869,-219
204000114,1149,722,427
204000115,555,403,152
204000116,819,546,273
204000119,2455,3414,-959
204000132,708,488,220
204000133,862,547,315
204000134,303,268,35
204000135,569,134,435
204000136,622,374,248
204000138,498,545,-47
204000140,253,202,51
204000141,235,110,125
204000144,16,38,-22
204000145,717,56,661
204000146,47,593,-546
204000147,22,181,-159
204000148,751,29,722
204000154,26,3,23
204000155,3,16,-13
204000177,84,88,-4
204000179,19,16,3
204000180,0,29,-29
204000222,86,18,68
204000235,18,26,-8
204000236,116,372,-256
204000238,35,42,-7
204000240,494,140,354
204000263,713,1430,-717
204000268,1742,1135,607
204000308,244,34,210
204000317,11,155,-144
204000322,8,94,-86
204000323,31,13,18
204000328,328,90,238
204000329,68,306,-238
204000330,332,27,305
204000331,130,154,-24
204010341,13,297,-284
205000001,1550,2479,-929
205000013,13,100,-87
205000014,29,121,-92
205000015,45,271,-226
205000016,29,210,-181
205000017,51,158,-107
205000022,364,1003,-639
205000025,1644,1453,191
205000029,232,8,224
205000045,149,304,-155
205000046,119,614,-495
205000047,93,566,-473
205000048,374,1448,-1074
205000049,205,1049,-844
205000050,982,354,628
205000059,1,284,-283
205000060,0,108,-108
205000061,1,68,-67
205000062,2,44,-42
205000063,15,179,-164
205000064,12,157,-145
205000065,77,701,-624
205000066,103,979,-876
205000067,57,1082,-1025
205000069,165,27,138
205000082,223,413,-190
205000110,68,291,-223
205000111,200,312,-112
205000112,272,307,-35
205000113,257,441,-184
205000121,306,125,181
205000123,68,361,-293
205000126,583,245,338
205000127,781,411,370
205000128,936,248,688
205000129,872,262,610
205000130,1170,94,1076
205000131,1304,34,1270
205000132,1005,3,1002
205000133,1039,1,1038
205000134,558,1,557
205000137,103,197,-94
205000138,259,444,-185
205000139,44,155,-111
205000144,213,127,86
205000145,653,304,349
205000151,300,80,220
205000152,252,59,193
205000153,278,107,171
205000154,134,158,-24
205000155,147,29,118
205000207,8,211,-203
205000233,132,87,45
205000234,0,5,-5
205000243,1,3,-2
205000244,0,8,-8
205000245,18,331,-313
205000249,0,44,-44
205000250,4,1,3
205000264,10,111,-101
206000027,11,5,6
206000028,14,3,11
206000043,52,135,-83
206000053,7,18,-11
206000054,6,33,-27
206000055,3,43,-40
206000075,3,14,-11
206000076,31,5,26
206000077,31,19,12
206000078,21,17,4
206000079,27,5,22
206000082,843,47,796
206000100,80,985,-905
206000103,3,31,-28
206000104,25,35,-10
206000105,10,28,-18
206000106,14,46,-32
206000108,692,49,643
206000125,72,1,71
206000157,87,860,-773
206000170,0,246,-246
206000171,3,247,-244
206000172,8,855,-847
206000173,4,364,-360
206000174,18,119,-101
206000175,7,188,-181
206000176,26,298,-272
206000177,0,212,-212
206000178,6,207,-201
206000179,12,164,-152
206000180,21,247,-226
206000181,29,267,-238
206000182,14,259,-245
206000183,44,991,-947
206000184,4,541,-537
206000185,14,318,-304
206000186,189,1537,-1348
206000223,10,279,-269
206000226,47,12,35
206000227,34,3,31
206000237,20,446,-426
206000238,48,678,-630
206000239,428,2591,-2163
206000240,7,83,-76
206000241,0,138,-138
206000242,5,362,-357
206000243,1,320,-319
206000244,86,886,-800
206000245,858,80,778
206000246,164,14,150
206000247,189,10,179
206000248,390,13,377
206000252,105,29,76
206000258,49,55,-6
206000315,47,10,37
206000317,831,141,690
206000318,390,96,294
206000319,1345,123,1222
206000320,189,77,112
206000321,179,17,162
206000322,663,26,637
206000323,198,14,184
206000324,200,3,197
206000325,249,21,228
206000326,251,10,241
206000327,735,9,726
206000328,152,5,147
206000329,296,9,287
206000330,54,9,45
206000331,189,4,185
206000332,43,3,40
206000333,598,2,596
206000334,293,2,291
206000335,1,30,-29
206000361,6,329,-323
206000392,1,42,-41
206000405,195,2,193
206000441,54,25,29
206000498,62,5,57
206000515,112,47,65
206000530,261,72,189
206000531,236,281,-45
206000532,2772,343,2429
206000535,393,2420,-2027
206000536,12,211,-199
206000537,25,230,-205
206000613,1949,312,1637
207000001,235,676,-441
207000002,172,295,-123
207000003,176,223,-47
207000007,920,400,520
207000008,99,20,79
207000009,60,40,20
207000010,558,545,13
207000012,350,507,-157
207000015,424,1614,-1190
207000019,293,131,162
207000021,806,172,634
207000022,185,126,59
207000023,281,59,222
207000024,9,11,-2
207000025,36,80,-44
207000026,185,54,131
207000027,34,112,-78
207000028,122,276,-154
207000029,400,528,-128
207000033,307,440,-133
207000034,422,86,336
207000039,455,173,282
207000040,308,133,175
207000041,443,85,358
207000042,355,76,279
207000043,341,287,54
207000051,256,395,-139
207000052,313,252,61
207000053,528,719,-191
207000054,60,193,-133
207000055,216,202,14
207000056,483,456,27
207000057,190,277,-87
207000058,339,398,-59
207000059,105,755,-650
207000060,90,258,-168
207000061,375,519,-144
207000062,313,53,260
207000063,262,125,137
207000064,446,192,254
207000065,468,270,198
207000066,198,215,-17
207000067,56,135,-79
207000068,138,76,62
207000069,742,548,194
207000082,17,287,-270
207000083,107,373,-266
207000084,274,360,-86
207000085,179,22,157
207000086,180,6,174
207000106,48,45,3
207000107,133,31,102
207000108,58,19,39
207000109,95,23,72
207000110,84,96,-12
207000111,119,131,-12
207000112,318,720,-402
207000114,25,71,-46
207000115,39,128,-89
207000116,31,686,-655
207000117,13,209,-196
207000118,11,162,-151
207000119,55,149,-94
207000123,276,56,220
207000124,86,40,46
207000125,73,89,-16
207000126,98,99,-1
207000134,43,143,-100
207000135,18,231,-213
207000148,72,411,-339
207000149,88,69,19
207000152,211,483,-272
207000153,1392,1570,-178
207000154,473,242,231
207000159,156,263,-107
207000160,233,663,-430
207000238,4,232,-228
207000242,5,302,-297
207000248,97,67,30
207000249,283,76,207
207000250,1404,91,1313
207000251,154,103,51
207000252,103,105,-2
207000278,123,149,-26
207000279,21,237,-216
207000280,613,95,518
207000281,115,1210,-1095
207000282,291,100,191
207000283,137,271,-134
207000284,93,218,-125
207000285,131,51,80
207000291,21,210,-189
207000304,173,87,86
207000306,87,539,-452
207000310,179,123,56
207000353,312,1,311
207000356,12,81,-69
207000357,96,18,78
207000358,130,30,100
207000415,4,274,-270
207000417,52,2,50
207000418,123,164,-41
207000438,0,3,-3
207000439,1132,891,241
207000446,157,5,152
207000460,22,11,11
207000466,246,269,-23
207000467,285,137,148
207000468,106,489,-383
207000476,6,125,-119
207000477,722,179,543
207000478,32,57,-25
207000523,0,15,-15
207000524,58,0,58
207000527,99,223,-124
207000530,436,11,425
207000531,455,15,440
207000532,131,53,78
207000534,727,81,646
207000535,65,564,-499
207000537,60,194,-134
207000540,12,350,-338
207000541,5,504,-499
207000548,26,461,-435
207000549,679,17,662
207000561,191,278,-87
207000562,51,334,-283
207000567,258,309,-51
207000568,223,149,74
207000569,552,1279,-727
207000584,500,426,74
207000585,132,533,-401
207000616,0,198,-198
207000617,258,1,257
207900008,332,162,170
208000001,875,1180,-305
208000002,983,581,402
208000003,1556,619,937
208000004,1681,917,764
208000005,15,37,-22
208000019,874,1545,-671
208000020,250,779,-529
208000021,267,691,-424
208000022,1115,780,335
208000028,2123,1659,464
208000033,651,871,-220
208000034,1481,2204,-723
208000040,250,207,43
208000041,1162,878,284
208000042,1748,1034,714
208000047,159,399,-240
208000064,3789,2215,1574
208000066,2652,2669,-17
208000070,412,578,-166
208000071,467,1164,-697
208000072,495,1668,-1173
208000080,319,512,-193
208000081,445,192,253
208000082,553,421,132
208000083,170,499,-329
208000084,40,35,5
208000085,1507,808,699
208000086,769,1249,-480
208000087,725,1041,-316
208000089,1265,773,492
208000090,1197,1111,86
208000093,195,207,-12
208000094,648,623,25
208000095,1181,595,586
208000104,1358,1367,-9
208000105,1195,1464,-269
208000114,192,438,-246
208000115,667,566,101
208000116,861,1494,-633
208000117,209,210,-1
208000118,128,175,-47
208000155,1270,1270,0
208000158,2280,4285,-2005
208000186,4789,4815,-26
208000204,997,1479,-482
208000205,1457,1661,-204
208000282,6914,3512,3402
209000004,449,294,155
209000005,81,56,25
209000006,537,189,348
209000007,547,363,184
209000010,719,223,496
209000011,269,347,-78
209000012,313,293,20
209000013,374,683,-309
209000014,674,1659,-985
209000025,412,71,341
209000026,882,254,628
209000027,601,1251,-650
209000028,525,1071,-546
209000029,1061,1098,-37
209000030,747,2158,-1411
209000031,4032,3615,417
209000034,227,248,-21
209000035,119,180,-61
209000036,189,127,62
209000037,322,274,48
209000038,138,195,-57
209000039,61,201,-140
209000040,358,711,-353
209000041,251,539,-288
209000042,374,584,-210
209000043,1118,1279,-161
209000044,371,1023,-652
209000045,1847,694,1153
209000046,595,747,-152
209000047,609,275,334
209000048,758,475,283
209000049,130,137,-7
209000050,303,212,91
209000051,429,457,-28
209000052,228,353,-125
209000062,60,224,-164
209000063,74,144,-70
209000064,99,184,-85
209000065,118,47,71
209000066,91,61,30
209000067,101,62,39
209000080,27,294,-267
209000082,109,67,42
209000091,48,201,-153
209000093,104,63,41
209000094,293,363,-70
209000110,54,139,-85
209000111,558,2116,-1558
209000112,1272,782,490
209000113,2993,661,2332
209000114,750,473,277
209000115,101,177,-76
209000116,746,809,-63
209000118,78,65,13
209000119,93,20,73
209000121,204,776,-572
209000135,113,220,-107
209000142,769,2251,-1482
209000143,213,120,93
209000144,247,145,102
209000229,294,312,-18
209000240,55,505,-450
209000259,103,178,-75
209000260,82,1629,-1547
209000261,7,1091,-1084
209000262,8,725,-717
209000263,1,213,-212
209000264,1,191,-190
209000265,608,4,604
209000266,160,1,159
209000267,1725,10,1715
209000268,1152,67,1085
210000037,74,23,51
210000047,121,41,80
210000048,114,49,65
210000049,89,25,64
210000052,72,145,-73
210000053,43,89,-46
210000054,84,126,-42
210000070,226,10,216
210000071,136,2,134
210000072,87,0,87
210000073,1,37,-36
210000074,0,125,-125
210000075,4,125,-121
210000076,21,223,-202
210000077,93,41,52
210000078,45,24,21
210000079,76,18,58
210000080,245,79,166
210000081,269,21,248
210000082,284,6,278
210000083,119,0,119
210000084,63,1,62
210000085,2,105,-103
210000086,7,187,-180
210000099,69,338,-269
210000100,48,259,-211
210000101,80,268,-188
210000105,66,301,-235
210000159,3,205,-202
210000163,280,308,-28
210000164,383,277,106
210000168,164,40,124
210000187,0,11,-11
210000188,2,42,-40
210000214,62,0,62
210000219,46,67,-21
210000220,105,100,5
210000232,5,44,-39
210000233,74,98,-24
210000234,54,216,-162
210000235,87,173,-86
210000245,0,56,-56
210000246,49,2,47
210000258,29,156,-127
210000259,468,71,397
210000282,130,313,-183
210000285,4,149,-145
210000286,26,270,-244
210000290,6,9,-3
210000295,65,196,-131
210000296,75,70,5
210000320,188,142,46
210000321,150,120,30
210000338,143,89,54
210000339,548,1550,-1002
210000340,157,477,-320
210000341,293,316,-23
210000342,305,280,25
210000343,323,302,21
210000344,424,177,247
210000345,306,469,-163
210000346,236,259,-23
210000347,546,71,475
210000348,407,17,390
210000349,325,28,297
210000350,188,71,117
210000351,209,136,73
210000352,76,119,-43
210000353,50,136,-86
210000354,242,134,108
210000355,158,123,35
210000356,258,64,194
210000357,213,61,152
210000358,418,140,278
210000359,280,110,170
210000360,297,172,125
210000361,231,229,2
210000362,402,326,76
210000363,1045,382,663
210000364,147,223,-76
210000365,157,83,74
210000366,174,96,78
210000367,132,51,81
210000368,221,64,157
210000369,37,24,13
210000370,70,33,37
210000372,131,43,88
210000373,126,16,110
210000374,102,8,94
210000375,68,103,-35
210000376,160,185,-25
210000404,88,162,-74
210000439,21,77,-56
210000472,206,3,203
210000482,128,148,-20
210000564,606,427,179
210000567,2,19,-17
210000568,784,4,780
211000092,64,94,-30
211000094,49,17,32
211000169,230,36,194
211000172,26,280,-254
211000209,4,43,-39
211000226,11,23,-12
211000270,23,12,11
211000275,36,28,8
211000276,100,59,41
211000279,42,40,2
211000281,57,64,-7
211507980,2,85,-83
211977296,148,22,126
212000003,243,61,182
212000004,255,32,223
212000005,83,57,26
212000006,98,120,-22
212000008,207,163,44
212000009,42,138,-96
212000012,106,81,25
212000013,26,67,-41
212000014,289,171,118
212000015,325,321,4
212000016,592,687,-95
212000027,629,660,-31
212000028,393,666,-273
212000029,252,479,-227
212000030,59,68,-9
212000031,84,93,-9
212000048,49,133,-84
212000049,10,162,-152
212000050,22,13,9
212000051,235,255,-20
212000052,179,406,-227
212000053,443,736,-293
212000054,225,237,-12
212000055,266,343,-77
212000056,16,75,-59
212000057,22,41,-19
212000058,422,58,364
212000070,132,364,-232
212000077,173,836,-663
212000099,295,474,-179
212000108,370,269,101
212000111,267,163,104
212000120,300,94,206
212000138,259,35,224
212000156,1,171,-170
212000158,13,24,-11
212000159,425,77,348
212000160,591,377,214
212000161,66,25,41
212000310,60,23,37
212000311,20,136,-116
212000374,54,22,32
213000001,68,753,-685
213000005,736,220,516
213000006,1436,396,1040
213000007,408,44,364
213000009,867,513,354
213000010,283,370,-87
213000011,281,167,114
213000012,206,290,-84
213000014,87,19,68
213000015,344,17,327
213000016,698,3,695
213000017,76,0,76
213000018,4,276,-272
213000019,5,241,-236
213000020,135,524,-389
213000021,6,166,-160
213000023,355,288,67
213000033,406,2001,-1595
213000034,877,480,397
213000035,165,538,-373
213000045,250,389,-139
213000046,265,340,-75
213000047,1011,1524,-513
213000056,134,97,37
213000069,238,8,230
213000073,0,38,-38
213000074,89,539,-450
213000075,800,15,785
213000076,52,7,45
213000085,10,62,-52
213000086,30,256,-226
213000091,212,23,189
213000092,83,13,70
213000099,225,1506,-1281
213000100,1459,308,1151
213000101,371,221,150
213000102,509,514,-5
213000103,1203,1404,-201
213000104,84,618,-534
213000105,15,134,-119
213000106,69,220,-151
213000107,230,862,-632
213000108,36,701,-665
213000109,9,339,-330
213000110,10,86,-76
213000111,24,69,-45
213000112,240,130,110
213000115,67,20,47
213000116,109,947,-838
213000117,26,1366,-1340
213000118,425,384,41
213000119,67,900,-833
213000120,115,736,-621
213000122,230,872,-642
213000123,672,1997,-1325
213000124,175,1808,-1633
213000125,162,32,130
213000126,203,186,17
213000127,264,265,-1
213000128,728,1589,-861
213000129,609,869,-260
213000130,610,374,236
213000132,471,154,317
213000133,714,155,559
213000134,984,26,958
213000136,566,30,536
213000137,789,143,646
213000139,1059,37,1022
213000147,220,32,188
213000148,92,37,55
213000149,98,32,66
213000150,1,114,-113
213000151,8,141,-133
213000152,10,139,-129
213000153,3,115,-112
213000154,53,314,-261
213000155,73,424,-351
213000156,141,729,-588
213000157,798,609,189
213000158,540,1307,-767
213000159,650,858,-208
213000163,804,112,692
213000165,855,416,439
213000171,1,140,-139
213000172,6,548,-542
213000173,3,323,-320
213000174,8,254,-246
213000175,15,164,-149
213000176,54,36,18
213000177,90,12,78
213000178,157,15,142
213000179,234,2,232
213000180,200,0,200
213000184,200,759,-559
213000188,573,136,437
213000189,471,67,404
213000190,1072,993,79
213000191,359,574,-215
213000192,271,563,-292
213000193,1179,359,820
213000194,4,112,-108
213000195,22,512,-490
213000196,327,1680,-1353
213000197,478,1236,-758
213000198,148,7,141
213000200,182,1317,-1135
213000201,71,47,24
213000202,22,726,-704
213000203,4077,991,3086
213000204,899,162,737
213000205,456,242,214
213000206,659,141,518
213000207,313,26,287
213000208,442,17,425
213000209,217,5,212
213000210,1100,9,1091
213000211,11,30,-19
213000212,45,24,21
213000213,39,53,-14
213000218,321,876,-555
213000219,673,35,638
213000220,708,21,687
213000223,360,342,18
213000224,91,72,19
213000225,147,14,133
213000226,132,13,119
213000227,1399,393,1006
213000228,594,166,428
213000229,662,65,597
213000230,536,47,489
213000232,238,779,-541
213000233,13,132,-119
213000234,4,46,-42
213000293,39,81,-42
213000294,469,17,452
213000295,56,99,-43
213000296,86,50,36
213000297,12,174,-162
213000298,40,156,-116
213000299,106,66,40
213000300,18,9,9
213000303,8,48,-40
213000304,3,10,-7
213000305,19,14,5
213000306,191,61,130
213000307,679,129,550
213000308,204,332,-128
213000309,265,116,149
213000310,750,171,579
213000311,464,1057,-593
213000315,151,158,-7
213000316,136,96,40
213000322,105,256,-151
213000323,100,123,-23
213000324,71,115,-44
213000325,59,172,-113
213000326,43,66,-23
213000327,56,92,-36
213000328,34,175,-141
213000329,108,92,16
213000340,153,854,-701
213000341,589,212,377
213000346,282,333,-51
213000347,1013,670,343
213000348,17,191,-174
213000349,32,12,20
213000350,335,1896,-1561
213000366,95,579,-484
213000367,274,40,234
213000379,111,109,2
213000386,18,314,-296
213000406,117,517,-400
213000417,1797,795,1002
213000425,242,62,180
213000426,174,119,55
213000427,73,401,-328
213000428,97,294,-197
213000429,61,4,57
213000430,122,1050,-928
213000431,232,2,230
213000432,1,47,-46
213000433,43,204,-161
213000434,87,202,-115
213000435,109,142,-33
213000436,35,132,-97
213000437,4,47,-43
213000438,166,177,-11
213000439,68,21,47
213000440,11,385,-374
213000441,2,1,1
213000442,2,59,-57
213000443,668,594,74
213000444,42,77,-35
213000445,0,124,-124
213000446,0,54,-54
213000447,2,59,-57
213000448,19,175,-156
213000449,371,4,367
213000450,18,84,-66
213000451,376,167,209
213000452,83,40,43
213000453,78,481,-403
213000455,636,103,533
213000456,4,299,-295
213000481,13,13,0
213000484,50,17,33
213000489,737,130,607
213000491,1,207,-206
213000492,1249,19,1230
213000493,2,161,-159
213000494,280,297,-17
213000495,1,167,-166
213000496,380,285,95
213000497,25,325,-300
213000498,152,258,-106
213000499,206,772,-566
213000500,588,177,411
213000501,141,61,80
213000502,438,233,205
213000503,2,46,-44
213000504,14,155,-141
213000505,4,3,1
213000506,0,11,-11
213000507,0,115,-115
213900016,1,15,-14
213900244,42,0,42
213900245,0,27,-27
218000003,51,54,-3
218000004,69,34,35
218000005,93,48,45
218000006,71,33,38
218000007,10,25,-15
218000012,304,263,41
218000013,141,212,-71
218000014,518,563,-45
218000019,1126,927,199
218000020,391,680,-289
218000021,68,87,-19
218000022,11,47,-36
218000023,7,59,-52
218000024,2,37,-35
218000025,28,32,-4
218000026,12,70,-58
218000027,3,19,-16
218000028,10,7,3
218000029,6,8,-2
218000030,24,62,-38
218000031,16,48,-32
218000032,14,37,-23
218000040,10,3,7
218000046,55,201,-146
218000047,51,255,-204
218000048,67,226,-159
218000049,146,203,-57
218000050,457,509,-52
218000051,149,413,-264
218000052,4,139,-135
218000053,3,12,-9
218000054,70,62,8
218000055,18,17,1
218000056,41,39,2
218000057,2,49,-47
218000064,2,15,-13
218000065,110,69,41
218000066,8,70,-62
218000067,75,104,-29
218000068,129,123,6
218000069,303,209,94
218000070,345,351,-6
218000071,177,268,-91
218000072,479,332,147
218000078,1073,1393,-320
218000079,111,108,3
218000080,123,119,4
218000081,406,414,-8
218000082,81,182,-101
218000083,48,128,-80
218000084,197,252,-55
218000085,161,553,-392
218000086,76,246,-170
218000087,243,244,-1
218000090,22,156,-134
218000091,1069,665,404
218000092,83,216,-133
218000093,100,107,-7
218000094,620,801,-181
218000099,483,968,-485
218000100,328,408,-80
218000101,749,178,571
218000102,459,320,139
218000103,127,225,-98
218000104,75,59,16
218000105,23,23,0
218000106,18,11,7
218000107,53,123,-70
218000108,17,69,-52
218000112,82,32,50
218000117,95,76,19
218000134,760,1168,-408
218000135,221,140,81
218000136,320,146,174
218000137,343,170,173
218000138,71,176,-105
218000139,257,422,-165
218000140,883,263,620
218000141,159,100,59
218000142,277,263,14
218000143,190,279,-89
218000144,143,97,46
218000145,431,478,-47
218000146,115,292,-177
218000151,13,34,-21
218000152,146,69,77
218000153,7,10,-3
218000154,23,6,17
218000155,17,3,14
218000156,65,23,42
218000157,38,23,15
218000158,10,13,-3
218000159,5,2,3
218000160,6,2,4
218000161,21,7,14
218000162,30,7,23
218000163,11,2,9
218000164,50,7,43
218000165,48,30,18
218000170,2,56,-54
218000171,109,10,99
218000172,39,11,28
218000173,60,10,50
218000174,56,13,43
218000176,302,44,258
218000177,368,346,22
218000178,86,392,-306
218000179,91,132,-41
218000180,118,58,60
218000181,213,64,149
218000187,5,30,-25
218000188,33,79,-46
218000189,29,97,-68
218000190,39,43,-4
218000191,140,110,30
218000192,243,435,-192
218000193,496,558,-62
218000194,84,517,-433
218000195,129,107,22
218000196,364,411,-47
218000197,368,380,-12
218000198,14,153,-139
218000199,69,42,27
218000200,94,48,46
218000201,12,14,-2
218000202,136,392,-256
218000207,8,58,-50
218000208,51,97,-46
218000211,69,23,46
218000212,2,8,-6
218000213,140,89,51
218000214,8,32,-24
218000215,86,94,-8
218000217,3,190,-187
218000218,312,181,131
218000219,232,59,173
218000220,336,399,-63
218000221,1869,294,1575
218000222,91,57,34
218000223,40,495,-455
218000224,3,159,-156
218000225,182,42,140
218000226,169,114,55
218000230,0,6,-6
218000232,57,87,-30
218000239,175,15,160
218000240,19,1,18
218000241,116,1,115
218000242,139,5,134
218000243,135,5,130
218000244,171,8,163
218000245,440,3,437
218000246,0,2,-2
218000247,2,0,2
218000248,1,41,-40
218000249,0,1,-1
218000250,11,11,0
218000251,4,52,-48
218000252,0,57,-57
218000253,2,33,-31
218000254,4,23,-19
218000255,3,15,-12
218000256,18,82,-64
218000267,903,1484,-581
218000268,16,86,-70
218000269,6,16,-10
218000270,37,28,9
218000271,24,53,-29
218000273,15,13,2
218000274,18,6,12
218000275,17,81,-64
218000276,12,74,-62
218000278,19,59,-40
218000279,23,32,-9
218000280,24,24,0
218000281,15,14,1
218000282,670,571,99
218000284,154,12,142
218000301,132,165,-33
218000302,151,68,83
218000303,63,94,-31
218000316,806,1540,-734
218000317,1333,1582,-249
218000318,676,1104,-428
218000319,1353,1747,-394
218000320,1083,1138,-55
218000338,115,66,49
218000345,175,68,107
218000346,41,199,-158
218000459,94,437,-343
218000490,62,45,17
218000501,126,83,43
218000502,41,121,-80
218000503,148,37,111
218000504,162,26,136
218000505,54,173,-119
218000506,31,286,-255
218000508,13,13,0
218000510,260,32,228
218000520,142,102,40
218000521,2,53,-51
218000522,2,146,-144
218000523,166,3,163
218000524,35,273,-238
218000525,269,20,249
218000526,27,227,-200
218000529,38,197,-159
218000530,24,6,18
218000531,18,31,-13
218000532,47,29,18
218000534,157,17,140
218000537,43,71,-28
218000538,192,215,-23
218000540,561,92,469
218000543,191,57,134
218000544,51,122,-71
218000545,86,114,-28
218000546,58,114,-56
218000547,193,188,5
218000548,164,187,-23
218000549,568,359,209
218000550,212,467,-255
218000551,294,806,-512
218000552,750,75,675
218000553,52,135,-83
218000554,87,43,44
218000555,21,71,-50
218000556,99,453,-354
218000557,297,226,71
218000558,195,1,194
218000559,1,44,-43
218000560,2,40,-38
218000561,26,0,26
218000562,35,265,-230
218000563,264,23,241
218000564,25,130,-105
218000565,232,33,199
218000566,376,35,341
218000567,5,134,-129
218000568,40,2,38
218000569,11,183,-172
218000570,182,9,173
218000571,5,146,-141
218000572,179,5,174
218000573,14,151,-137
218000574,114,75,39
218000575,165,1,164
218000576,0,127,-127
218000577,228,7,221
218000578,1,114,-113
218000579,116,31,85
218000581,9,83,-74
218000582,119,3,116
218000583,17,0,17
218000584,0,23,-23
218000585,42,5,37
218000586,18,57,-39
218000587,7,2,5
218000588,3,4,-1
218000589,2,8,-6
218000590,7,1,6
218000591,5,2,3
218000592,13,0,13
218000593,0,0,0
218000594,3,1,2
218000595,0,0,0
218000596,0,2,-2
218000597,1,0,1
218000598,0,1,-1
218000599,2,2,0
218000600,1,7,-6
218000601,0,0,0
218000602,0,3,-3
218000603,0,14,-14
218000604,38,0,38
218000605,1,50,-49
218000606,69,1,68
218000607,25,51,-26
218000608,91,22,69
218000609,5,75,-70
218000610,133,6,127
218000611,30,5,25
218000612,1,31,-30
218000613,32,1,31
218000614,0,39,-39
218000615,285,5,280
218000616,5,251,-246
218000617,23,2,21
218000618,1,13,-12
218000619,346,69,277
218000620,48,20,28
218000621,1,2,-1
218000622,3,18,-15
218000623,172,0,172
218000624,9,29,-20
218000625,18,0,18
218000626,4,13,-9
218000628,178,72,106
218000631,30,14,16
218000632,4,114,-110
218000633,229,2,227
218000634,12,49,-37
218000635,14,10,4
218000636,1343,1936,-593
218000637,1038,813,225
218000638,216,79,137
218000639,48,269,-221
218000640,397,51,346
218000641,95,471,-376
218000652,96,148,-52
218000653,158,131,27
218000663,17,86,-69
218000675,93,70,23
218000676,1,27,-26
218000677,8,11,-3
218000680,205,518,-313
218000681,446,114,332
218000691,131,340,-209
218000693,232,111,121
218000703,4,52,-48
218000718,1247,956,291
218000719,1930,566,1364
218000720,21,151,-130
218000721,218,17,201
218000725,12,13,-1
218001214,41,51,-10
218001329,124,127,-3
218001330,71,93,-22
218001351,46,19,27
218001352,14,31,-17
218001353,32,4,28
218001354,9,37,-28
218001355,97,4,93
218001357,40,5,35
219000001,63,78,-15
219000002,72,87,-15
219000003,84,19,65
219000004,51,54,-3
219000017,284,30,254
219000020,118,101,17
219000022,142,11,131
219000023,237,1,236
219000029,0,102,-102
219000034,63,18,45
219000039,134,115,19
219000040,60,54,6
219000041,149,44,105
219000051,0,41,-41
219000052,0,32,-32
219000053,0,204,-204
219000054,73,138,-65
219000055,130,4,126
219000056,68,1,67
219000057,108,2,106
219000062,28,168,-140
219000063,69,15,54
219000064,1,76,-75
219000110,941,69,872
219000111,97,45,52
219000112,245,79,166
219000113,153,118,35
219000114,302,204,98
219000116,125,69,56
219000117,189,103,86
219000118,317,70,247
219000123,346,119,227
219000124,130,77,53
219000125,7,25,-18
219000126,102,177,-75
219000127,0,6,-6
219000128,11,118,-107
219000129,54,127,-73
219000130,863,705,158
219000131,719,1093,-374
219000133,97,55,42
219000134,19,25,-6
219000135,51,101,-50
219000136,159,226,-67
219000138,103,47,56
219000139,42,55,-13
219000140,54,7,47
219000141,13,125,-112
219000142,18,104,-86
219000143,19,157,-138
219000145,58,78,-20
219000146,6,43,-37
219000147,2,67,-65
219000148,5,73,-68
219000149,16,137,-121
219000150,5,100,-95
219000151,1,80,-79
219000157,226,216,10
219000158,272,308,-36
219000161,164,21,143
219000163,1916,676,1240
219000166,179,270,-91
219000167,151,304,-153
219000168,392,186,206
219000174,456,131,325
219000175,113,1,112
219000176,92,9,83
219000177,68,1,67
219000178,51,9,42
219000179,20,16,4
219000180,50,56,-6
219000182,160,34,126
219000183,94,50,44
219000184,120,15,105
219000185,2,64,-62
219000186,43,65,-22
219000187,48,124,-76
219000189,201,208,-7
219000190,160,272,-112
219000191,1635,1637,-2
219000192,198,157,41
219000193,400,185,215
219000195,1,126,-125
219000196,24,165,-141
219000198,43,240,-197
219000199,131,462,-331
219000200,53,382,-329
219000201,101,409,-308
219000203,42,190,-148
219000204,468,323,145
219000205,116,229,-113
219000207,219,432,-213
219000209,32,124,-92
219000210,125,126,-1
219000213,13,236,-223
219000239,314,354,-40
219000240,302,449,-147
219000241,166,253,-87
219000242,103,225,-122
219000243,231,371,-140
219000244,60,99,-39
219000245,27,52,-25
219000246,39,16,23
219000247,156,23,133
219000248,985,357,628
219000249,182,84,98
219000250,164,166,-2
219000251,776,252,524
219000252,257,186,71
219000253,498,101,397
219000255,127,114,13
219000256,211,72,139
219000257,171,2,169
219000262,168,188,-20
219000263,81,218,-137
219000267,2,133,-131
219000268,5,3,2
219000269,4,3,1
219000270,24,0,24
219000271,106,14,92
219000278,0,6,-6
219000279,3,5,-2
219000283,1,11,-10
219000295,21,121,-100
219000296,100,667,-567
219000297,27,166,-139
219000298,21,229,-208
219000299,483,153,330
219000300,47,324,-277
219000301,266,483,-217
219000302,56,322,-266
219000307,50,60,-10
219000308,66,56,10
219000311,196,64,132
219000312,557,131,426
219000313,360,67,293
219000314,86,776,-690
219000315,286,61,225
219000316,670,108,562
219000317,117,40,77
219000320,0,55,-55
219000321,0,22,-22
219000323,3,89,-86
219000325,4,39,-35
219000326,129,119,10
219000327,104,50,54
219000328,57,96,-39
219000329,411,159,252
219000330,84,38,46
219000331,64,61,3
219000332,121,84,37
219000333,27,10,17
219000335,119,0,119
219000337,24,1,23
219000338,92,1,91
219000344,30,135,-105
219000345,69,108,-39
219000346,45,153,-108
219000348,166,179,-13
219000349,46,286,-240
219000350,143,170,-27
219000351,14,7,7
219000352,545,120,425
219000353,153,53,100
219000354,260,128,132
219000355,198,76,122
219000356,1841,1339,502
219000363,339,65,274
219000364,93,56,37
219000365,201,15,186
219000366,275,436,-161
219000368,560,650,-90
219000370,1518,449,1069
219000371,18,34,-16
219000382,13,24,-11
219000383,852,1159,-307
219000385,932,612,320
219000386,1173,2132,-959
219000387,8,3,5
219000390,6,0,6
219000391,6,12,-6
219000397,87,114,-27
219000398,89,63,26
219000401,19,185,-166
219000402,35,186,-151
219000403,176,354,-178
219000404,39,160,-121
219000407,1,56,-55
219000409,44,64,-20
219000410,118,56,62
219000411,67,22,45
219000446,288,490,-202
219000447,0,22,-22
219000448,110,14,96
219000452,132,65,67
219000453,90,147,-57
219000454,374,295,79
219000556,274,122,152
219000558,310,265,45
219000590,46,241,-195
219000591,87,104,-17
219000592,154,418,-264
219000595,8,27,-19
219000635,294,78,216
219000636,37,100,-63
219000657,50,24,26
219000658,50,83,-33
219000673,0,20,-20
219000676,136,16,120
219000679,57,9,48
219000684,159,1,158
219000685,0,80,-80
219000686,4,2,2
219000688,2,98,-96
219000689,42,346,-304
219000690,206,40,166
219000691,42,248,-206
219000692,180,40,140
219000693,0,17,-17
219000694,10,0,10
219000695,26,4,22
219000698,35,0,35
219000699,0,21,-21
219000727,2,126,-124
219000728,230,13,217
219000770,60,6,54
219000771,0,59,-59
219000788,510,202,308
219001150,5,35,-30
219001151,6,4,2
219001166,35,42,-7
219001167,5,100,-95
219001178,53,0,53
220000001,237,76,161
220000002,53,143,-90
220000003,729,308,421
220000004,970,680,290
220000005,2315,2345,-30
220000006,383,1149,-766
220000007,433,771,-338
220000008,401,1223,-822
220000009,342,583,-241
220000010,294,187,107
220000011,919,4482,-3563
220000012,140,507,-367
220000014,98,58,40
220000015,96,171,-75
220000017,43,459,-416
220000018,7135,3133,4002
220000019,105,417,-312
220000020,855,375,480
220000021,714,272,442
220000022,804,641,163
220000023,404,214,190
220000024,2383,466,1917
220000025,1501,1349,152
220000026,356,359,-3
220000027,98,142,-44
220000028,89,63,26
220000029,93,264,-171
220000030,245,101,144
220000031,654,405,249
220000064,34,1140,-1106
221000046,104,80,24
221000047,0,9,-9
221000048,0,1,-1
221000049,0,9,-9
221000050,52,0,52
221000055,41,79,-38
221000057,47,18,29
221000068,344,178,166
221000069,356,84,272
221000070,183,44,139
221000071,87,10,77
221000072,333,16,317
221000073,254,69,185
221000074,3,28,-25
221000075,24,29,-5
221000076,15,55,-40
221000077,32,134,-102
221000081,69,38,31
221000082,60,9,51
221000083,29,5,24
221000084,4,10,-6
221000085,40,117,-77
221000086,26,147,-121
221000087,3,238,-235
221000088,14,269,-255
221000089,35,451,-416
221000090,151,701,-550
221000098,143,15,128
221000099,192,30,162
221000100,75,10,65
221000101,218,35,183
221000102,135,37,98
221000109,11,109,-98
221000110,22,112,-90
221000111,23,202,-179
221000112,7,169,-162
221000113,12,205,-193
221000114,7,209,-202
221000120,49,24,25
221000121,6,31,-25
221000122,203,31,172
221000123,13,20,-7
221000124,80,246,-166
221000155,142,11,131
221000156,84,41,43
221000175,1,2,-1
221000176,1,0,1
221000182,52,12,40
221000241,568,355,213
221000242,283,541,-258
221000243,564,212,352
221000244,416,553,-137
221000245,115,100,15
221000246,105,286,-181
221000247,94,145,-51
221000248,132,144,-12
221000267,82,846,-764
221000325,110,56,54
221000331,94,141,-47
221000338,55,37,18
221000378,230,41,189
221000381,56,54,2
222000282,32,1,31
222000296,4,52,-48
222000568,343,29,314
222000569,144,42,102
222000570,140,39,101
222000571,308,30,278
222000577,28,247,-219
222000578,34,269,-235
222000579,34,176,-142
222000580,127,1127,-1000
222000599,0,204,-204
222000600,3,359,-356
222000601,17,1220,-1203
222000603,30,33,-3
222000604,6,36,-30
222000605,20,38,-18
222000606,14,13,1
222000607,23,12,11
222000608,71,14,57
222000609,46,353,-307
222000616,298,67,231
222000617,10,28,-18
222000618,16,6,10
222000620,68,21,47
222000621,83,8,75
222000623,732,8,724
222000624,328,5,323
222000625,531,65,466
222000636,86,5,81
222000686,27,32,-5
222000687,73,34,39
222001066,441,3,438
222001067,25,9,16
222001068,45,73,-28
222001069,51,70,-19
222001082,13,66,-53
222001083,15,94,-79
222001084,0,23,-23
222001085,1,310,-309
222001111,87,207,-120
222001112,80,45,35
222001313,45,5,40
222001314,19,138,-119
222001464,98,60,38
222001465,34,121,-87
222001484,138,69,69
222001485,23,55,-32
222001494,432,193,239
222001495,141,394,-253
222001496,365,133,232
222001497,209,603,-394
222001502,23,122,-99
222001503,172,88,84
222001504,48,382,-334
222001505,495,25,470
222001506,51,412,-361
222001507,381,46,335
222001510,406,60,346
222001511,44,552,-508
222001514,796,333,463
222001515,364,777,-413
222001518,351,113,238
222001519,68,361,-293
222001527,272,154,118
222001528,101,258,-157
222001529,282,74,208
222001530,52,300,-248
222001533,199,525,-326
222001534,404,131,273
222001535,275,275,0
222001536,210,357,-147
222001537,349,62,287
222001538,89,719,-630
222001563,540,86,454
222001564,79,797,-718
222001568,488,167,321
222001576,6,2,4
222001579,1,3,-2
222001583,36,245,-209
222001584,107,12,95
222001596,923,1548,-625
222001597,2089,435,1654
222001626,2,199,-197
222001650,79,110,-31
222001651,99,177,-78
222001914,279,140,139
222001915,103,347,-244
222001968,537,381,156
222001969,587,912,-325
222001970,219,263,-44
222001971,36,31,5
222001972,2,41,-39
225000001,534,336,198
225000002,837,300,537
225000003,728,184,544
225000004,462,417,45
225000005,99,74,25
225000006,0,228,-228
225000007,2842,1760,1082
225000010,476,13,463
225000011,634,1521,-887
225000012,250,764,-514
225000013,190,262,-72
225000014,1745,121,1624
225000015,89,287,-198
225000021,886,313,573
225000027,315,674,-359
225000032,784,227,557
225000042,146,920,-774
225000049,103,105,-2
225000050,86,35,51
225000053,5,426,-421
225000058,1034,206,828
225000067,315,253,62
225000068,248,452,-204
225000069,191,582,-391
225000070,80,543,-463
225000071,73,273,-200
225000075,48,1702,-1654
225000076,160,173,-13
225000078,99,100,-1
225000085,68,157,-89
225000086,384,93,291
225000087,292,53,239
225000088,15,252,-237
225000089,448,1349,-901
225000090,93,663,-570
225000091,204,287,-83
225000092,58,106,-48
225000093,227,385,-158
225000094,19,403,-384
225000095,430,530,-100
225000096,369,704,-335
225000098,800,391,409
225000099,492,248,244
225000100,389,247,142
225000104,124,495,-371
225000110,19,588,-569
225000111,380,1460,-1080
225000112,711,1515,-804
225000113,361,689,-328
225000114,82,375,-293
225000115,2314,1007,1307
225000116,1328,376,952
225000117,1068,446,622
225000118,1120,454,666
225000119,275,216,59
225000120,1115,161,954
225000121,336,56,280
225000123,1617,44,1573
225000125,487,268,219
225000126,1065,320,745
225000127,984,1406,-422
225000128,575,857,-282
225000132,286,72,214
225000133,327,55,272
225000134,780,213,567
225000135,52,11,41
225000136,304,26,278
225000137,318,77,241
225000138,423,110,313
225000143,100,307,-207
225000144,8,471,-463
225000145,227,103,124
225000146,78,134,-56
225000147,30,401,-371
225000148,18,288,-270
225000149,137,583,-446
225000151,33,373,-340
225000155,449,673,-224
225000156,300,1166,-866
225000157,390,525,-135
225000158,113,446,-333
225000171,4,230,-226
225000180,144,92,52
225000181,0,92,-92
225000182,196,24,172
225000185,14,422,-408
225000187,85,486,-401
225000191,128,5,123
225000194,0,11,-11
225000208,5,67,-62
225000209,125,36,89
225000210,5,337,-332
225000217,0,28,-28
225000218,18,1,17
225000223,0,43,-43
225000224,544,4,540
225000225,3,62,-59
225000226,136,5,131
225000227,69,135,-66
225000228,23,93,-70
225000229,0,77,-77
225000230,292,5,287
225000231,1,121,-120
225000232,386,0,386
225000241,92,1,91
225000242,0,57,-57
225000249,8,0,8
225000250,48,1159,-1111
225000251,426,48,378
225000254,3,2,1
225000256,64,200,-136
225000257,1,168,-167
226000042,595,523,72
226000043,128,298,-170
226000044,243,683,-440
226000045,94,496,-402
226000046,424,211,213
226000047,493,146,347
226000048,531,163,368
226000049,373,290,83
226000070,0,60,-60
226000071,0,79,-79
226000072,0,28,-28
226000073,0,35,-35
226000074,0,33,-33
226000084,2,77,-75
226000085,5,25,-20
226000086,8,21,-13
226000087,6,21,-15
226000088,112,68,44
226000090,410,138,272
226000091,40,64,-24
226000092,6,16,-10
226000093,82,2,80
226000094,36,3,33
226000095,46,3,43
226000105,51,4,47
226000106,26,0,26
226000107,15,0,15
226000108,60,0,60
226000109,96,0,96
226000124,167,121,46
226000134,661,610,51
226000135,1442,769,673
226000136,662,517,145
226000137,15,561,-546
226000138,14,348,-334
226000139,3,22,-19
226000156,241,10,231
226000157,552,19,533
226000163,115,122,-7
226000202,46,480,-434
226000231,363,11,352
226000232,61,4,57
227000033,360,56,304
227000036,312,39,273
227000037,288,24,264
227000038,247,68,179
227000084,4,94,-90
227000085,3,46,-43
227000088,119,7,112
227000089,203,1,202
227000090,68,5,63
227000091,27,0,27
227000092,59,0,59
227000093,221,0,221
227000094,13,0,13
227000130,31,82,-51
227000131,36,281,-245
227000132,11,302,-291
227000133,17,260,-243
227000134,15,480,-465
227000152,0,1,-1
227000153,0,63,-63
227000154,0,26,-26
227000155,0,20,-20
227000156,5,24,-19
227000165,11,45,-34
227000196,334,336,-2
227000199,263,829,-566
227000230,20,673,-653
227000232,784,66,718
227000242,67,632,-565
227000243,407,78,329
227000245,16,568,-552
227000246,133,545,-412
227000247,327,108,219
227000248,201,34,167
227000249,31,239,-208
227000250,558,143,415
227000251,205,193,12
227000252,47,418,-371
227000253,143,36,107
227000262,322,57,265
227000266,1351,25,1326
227000267,46,2398,-2352
227000282,8,296,-288
227000284,521,28,493
227000286,4,101,-97
227000291,11,793,-782
227000296,434,316,118
227000484,389,28,361
227000485,26,1120,-1094
227000655,132,22,110
227000656,750,44,706
227000657,59,17,42
227000704,567,26,541
229000265,8,15,-7
229000266,7,2,5
229000267,27,7,20
229000268,25,0,25
229000269,219,0,219
229000274,3,43,-40
229000275,1,30,-29
229000276,1,42,-41
229000277,5,4,1
229000278,6,12,-6
229000295,21,40,-19
229000296,159,14,145
229000297,28,36,-8
229000298,15,208,-193
229000320,14,19,-5
229000321,97,21,76
229000412,38,101,-63
229000414,10,105,-95
229000415,42,0,42
229000416,1,5,-4
229000417,5,33,-28
229000419,238,490,-252
229000440,439,100,339
229000442,23,17,6
229000443,3,12,-9
229000444,15,33,-18
229000445,59,16,43
229000446,113,30,83
229000491,1,29,-28
229000492,22,173,-151
229000493,15,138,-123
229000494,47,5,42
229000495,91,5,86
229000496,49,5,44
229000507,0,73,-73
229000508,2,58,-56
229000509,0,66,-66
229000510,3,48,-45
229000511,3,57,-54
229000512,0,37,-37
229000513,0,7,-7
229000514,0,3,-3
229000517,2,12,-10
229000518,24,48,-24
229000519,1,22,-21
229000520,14,44,-30
229000521,29,16,13
229000522,10,8,2
229000523,11,6,5
229000524,1,3,-2
229000527,0,0,0
229000528,0,0,0
229000529,13,0,13
229000530,81,1,80
229000531,29,3,26
229000532,24,2,22
229000533,96,2,94
229000534,56,1,55
229000564,44,1,43
229000565,12,2,10
229000566,0,19,-19
229000567,0,78,-78
229000582,88,1,87
229000583,7,2,5
229000584,0,57,-57
229000585,3,82,-79
229000718,0,2,-2
229000719,0,3,-3
229000720,0,6,-6
229000721,0,6,-6
229000722,0,9,-9
229000723,0,8,-8
229000724,0,2,-2
229000725,0,3,-3
229000738,3,0,3
229000739,2,0,2
229000740,0,0,0
229000741,14,1,13
229000742,11,0,11
229000743,19,1,18
229000744,4,0,4
229000745,2,0,2
229000746,40,1,39
229000847,72,0,72
229000848,23,0,23
229000849,127,3,124
229000851,53,1,52
229000854,1,60,-59
229000856,1,196,-195
229000857,0,47,-47
229000858,0,111,-111
229000919,28,134,-106
229000930,24,406,-382
229000937,106,26,80
229000966,56,25,31
229000981,27,62,-35
229000985,28,48,-20
229000986,0,4,-4
229000987,0,2,-2
229000988,14,16,-2
229000989,102,19,83
229000990,5,4,1
229000991,4,1,3
229000992,20,18,2
229000993,274,46,228
229000998,27,81,-54
229000999,87,23,64
229001034,11,43,-32
229001035,10,4,6
229001036,18,97,-79
229001037,72,5,67
229001038,2,8,-6
229001039,19,7,12
229001040,4,380,-376
229001041,128,2,126
229001042,17,29,-12
229001047,6,93,-87
229001050,67,42,25
229001168,0,12,-12
229001200,9,11,-2
229001338,4,81,-77
229001394,199,3,196
229001422,131,37,94
229001423,43,204,-161
229001431,46,43,3
229001432,100,113,-13
229001444,203,101,102
229001445,58,278,-220
229001479,10,5,5
229001503,154,108,46
229001504,148,224,-76
229001505,119,37,82
229001506,103,210,-107
229001509,78,34,44
229001510,4,62,-58
229001545,74,3,71
229001546,26,135,-109
229001553,75,23,52
229001554,69,130,-61
229001630,84,31,53
229001631,59,54,5
229001635,0,12,-12
229001636,3,1,2
229001658,2,229,-227
229001659,78,4,74
229001660,11,5,6
229001661,39,55,-16
229001662,55,1,54
229001663,0,39,-39
229002584,330,406,-76
229002831,366,351,15
229002841,58,17,41
229002842,97,52,45
229002843,203,23,180
229002844,166,73,93
229002845,56,108,-52
229002846,42,26,16
229002847,7,15,-8
229002848,38,16,22
229002849,86,57,29
229002850,19,0,19
229002851,93,101,-8
229002852,209,35,174
229002853,190,27,163
229002854,135,65,70
229002855,23,27,-4
229002856,157,41,116
229002857,16,44,-28
229002858,36,32,4
229002859,204,26,178
229002860,177,18,159
229002861,111,39,72
229002862,135,69,66
229002863,65,20,45
229002864,32,48,-16
229002865,11,12,-1
229002866,6,27,-21
229002867,3,51,-48
229002868,14,26,-12
229002869,50,210,-160
229002870,74,15,59
235000066,455,90,365
235000067,220,151,69
235000072,61,115,-54
235000073,95,517,-422
235000074,47,116,-69
235000080,29,71,-42
235000081,134,201,-67
235000082,189,101,88
235000083,174,148,26
235000084,56,73,-17
235000085,73,84,-11
235000089,51,50,1
235000092,35,315,-280
235000093,28,8,20
235000097,2,6,-4
235000098,80,17,63
235000099,59,41,18
235000116,86,34,52
235000117,978,23,955
235000133,19,541,-522
235000134,11,142,-131
235000206,15,2,13
235000207,3,4,-1
235000208,11,1,10
235000209,5,1,4
235000210,10,0,10
235000212,6,20,-14
235000213,4,8,-4
235000220,0,5,-5
235000221,97,6,91
235000238,12,74,-62
235000239,3,7,-4
235000242,414,553,-139
235000245,744,257,487
235000246,29,61,-32
235000284,6,117,-111
235000295,140,19,121
235000305,296,30,266
235000306,200,28,172
235000307,60,8,52
235000308,63,1,62
235000309,78,0,78
235000310,48,0,48
235000311,250,63,187
235000322,0,46,-46
235000323,0,69,-69
235000324,0,21,-21
235000325,2,19,-17
235000326,26,293,-267
235000351,6,65,-59
235000352,24,41,-17
235000353,7,46,-39
235000354,19,35,-16
235000355,8,51,-43
235000356,349,7,342
235000357,28,12,16
235000358,89,9,80
235000359,13,2,11
235000360,114,13,101
235000361,73,11,62
235000381,92,313,-221
235000382,130,53,77
235000390,10,5,5
235000391,118,38,80
235000392,191,244,-53
235000393,156,145,11
235000395,121,67,54
235000396,333,138,195
235000400,135,40,95
235000401,48,192,-144
235000405,101,347,-246
235000406,48,324,-276
235000407,124,144,-20
235000409,314,188,126
235000410,49,280,-231
235000411,3,96,-93
235000485,0,13,-13
235000486,11,0,11
235000549,219,172,47
235000550,98,210,-112
235000599,91,57,34
235000600,10,10,0
235000601,19,21,-2
235000602,95,109,-14
235000614,2,1,1
235000648,1,24,-23
235000649,79,18,61
235000685,2,5,-3
235000815,9,24,-15
235000834,0,12,-12
235000855,117,85,32
235000862,52,214,-162
235000891,1,9,-8
235000892,38,0,38
235000901,299,128,171
235000907,10,17,-7
235001010,109,120,-11
235001029,705,511,194
235001030,395,375,20
235001078,120,147,-27
235001079,106,133,-27
235001147,23,81,-58
235001166,22,111,-89
235001167,28,70,-42
235001169,48,405,-357
235001188,0,9,-9
235001189,3,1,2
235001197,21,23,-2
235001200,65,60,5
235001207,238,28,210
235001210,37,107,-70
235001215,24,128,-104
235001239,0,100,-100
235001244,0,5,-5
235016267,1,96,-95
277101746,0,0,0
277102712,2,0,2
277103813,0,0,0
277103814,0,0,0
277103898,0,7,-7
277104249,0,0,0
277104250,0,13,-13
277104251,0,8,-8
277104252,0,1,-1
990011530,0,277,-277
990014944,1,790,-789
990015176,51,1,50
990015618,1,265,-264
990016032,1,748,-747
990032570,4,396,-392
990070001,72,1,71
990070103,0,9,-9
990070601,1,55,-54
990070751,728,2,726
990070766,3,778,-775
990071180,745,220,525
990071343,23,1,22
990071387,0,23,-23
990071823,706,3,703
990072600,2,903,-901
990072964,2,497,-495
990073285,0,0,0
990074393,2,1255,-1253
990074870,1172,10,1162
990075106,1299,5,1294
990075746,474,2,472
990076437,1114,4,1110
990076458,3,1177,-1174
997000007,649,6,643
997000041,2,215,-213
997000058,36,0,36
997000062,144,0,144
997000069,0,8,-8
997000070,0,63,-63
997000100,19,0,19
997000141,17,2760,-2743
997000198,7,1451,-1444
998000475,29,75,-46
998000736,0,245,-245
998000965,0,74,-74
998001031,0,82,-82
998001700,1,56,-55
998001899,0,1,-1
998001900,6,2,4
998003073,1679,76,1603
998101900,0,0,0
998102850,2,147,-145
998501927,1075,681,394
998501929,101,5,96
998501930,75,2,73
998501931,153,29,124
998501932,3,0,3
998501933,96,2,94
998501937,10,1,9
998501944,104,82,22
998501950,0,0,0
998501970,82,23,59
998501971,0,136,-136
998501973,0,87,-87
998501974,1,308,-307
998501975,903,103,800
998501976,103,4,99
998501977,2,44,-42
998501978,72,0,72
998501979,0,18,-18
998501980,281,1,280
998501981,22,10,12
998501982,0,147,-147
998502006,0,0,0
998502024,0,12,-12
998502032,0,3,-3
998502062,113,76,37
998502063,0,0,0
998502173,23,0,23
998502269,1,3,-2
998601159,0,276,-276
998601292,0,30,-30
999033574,2,394,-392
999800001,134,9,125
999800002,0,3,-3
999800003,2,1,1
999800004,0,5,-5
999800005,0,6,-6
