ID,insum,outsum,diff
100000001,591,999,-408
100000002,4312,1938,2374
100000003,5722,4318,1404
100000004,1417,992,425
100000005,2196,4867,-2671
100000006,727,163,564
100000007,2013,771,1242
100000008,224,630,-406
100000009,447,482,-35
100000010,63,94,-31
100000011,1057,108,949
100000012,139,807,-668
100000013,73,214,-141
100000014,332,319,13
100000015,1957,2697,-740
100000016,1126,1406,-280
100000017,700,925,-225
100000018,1359,564,795
100000019,4332,1812,2520
100000020,2227,6295,-4068
100000021,5431,2398,3033
100000022,1953,2322,-369
100000023,5446,1784,3662
100000025,1842,1323,519
100000028,2172,1236,936
100000029,200,353,-153
100000030,336,70,266
100000031,5408,6188,-780
100000032,2358,3393,-1035
100000033,936,2231,-1295
100000034,552,532,20
100000035,1632,1671,-39
100000036,2361,1337,1024
100000037,785,496,289
100000038,1987,871,1116
100000039,606,190,416
100000040,147,124,23
100000041,1370,545,825
100000042,1723,613,1110
100000043,1233,441,792
100000044,379,894,-515
100000045,575,1613,-1038
100000046,844,1016,-172
100000047,319,602,-283
100000048,437,642,-205
100000049,1715,1964,-249
100000051,482,977,-495
100000053,278,9,269
100000054,576,44,532
100000055,1998,285,1713
100000056,649,498,151
100000057,2113,705,1408
100000058,1103,1287,-184
100000059,20,121,-101
100000060,389,349,40
100000061,2414,567,1847
100000062,1972,590,1382
100000063,921,260,661
100000064,1343,295,1048
100000065,430,831,-401
100000066,194,630,-436
100000067,625,741,-116
100000068,629,1729,-1100
100000069,315,1416,-1101
100000072,244,1093,-849
100000073,1135,1215,-80
100000075,658,236,422
100000076,2418,2845,-427
100000077,357,194,163
100000078,40,48,-8
100000079,70,58,12
100000080,32,84,-52
100000081,180,265,-85
100000102,2591,2090,501
100000103,3708,1565,2143
100000104,4649,2322,2327
100000105,3307,1815,1492
100000106,3038,2388,650
100000107,839,1036,-197
100000108,845,1057,-212
100000109,3285,1396,1889
100000116,1777,1131,646
100000117,104,132,-28
100000118,1636,1229,407
100000119,525,742,-217
100000121,232,433,-201
100000122,931,868,63
100000123,2843,4450,-1607
100000124,6835,7064,-229
100000125,4037,1446,2591
100000126,817,388,429
100000127,1664,423,1241
100000128,2102,2232,-130
100000129,429,397,32
100000130,384,498,-114
100000131,3021,2962,59
100000132,1372,3256,-1884
100000133,6046,2581,3465
100000135,636,1281,-645
100000139,517,331,186
100000140,513,403,110
100000142,478,541,-63
100000143,919,430,489
100000144,3412,881,2531
100000147,1086,3011,-1925
100000150,58,383,-325
100000151,1302,1145,157
100000153,258,449,-191
100000154,82,242,-160
100000155,30,42,-12
100000156,576,430,146
100000157,167,147,20
100000158,348,101,247
100000159,244,536,-292
100000165,1885,964,921
100000169,501,472,29
100000174,912,519,393
100000179,86,476,-390
100000180,1705,1627,78
100000181,475,208,267
100000188,80,263,-183
100000189,897,406,491
100000190,899,985,-86
100000191,774,585,189
100000192,52,173,-121
100000193,283,206,77
100000330,1675,1079,596
100000355,257,683,-426
100000362,5657,3729,1928
100000363,4389,4724,-335
100000364,371,276,95
100000365,6286,6715,-429
100000366,7578,3660,3918
100000367,6349,6414,-65
100000368,3383,1787,1596
100000369,1322,2093,-771
100000370,241,824,-583
100000376,64,132,-68
100000379,2553,1726,827
100000380,5037,4269,768
100000384,6234,5608,626
100000385,5333,5023,310
100000386,9564,4933,4631
100000387,6076,6123,-47
100000388,8683,6813,1870
100000389,9081,6986,2095
100000390,10416,6875,3541
100000391,8050,8729,-679
100000392,4464,4370,94
100000393,3621,5305,-1684
100000394,9321,9001,320
100000395,6915,4232,2683
100000396,8678,3912,4766
100000397,5846,6492,-646
100000398,11664,9054,2610
100900002,8,45,-37
100900003,349,157,192
100900004,38,784,-746
100900005,135,24,111
100900006,34,118,-84
100900007,551,7,544
100900008,2,351,-349
100900009,108,174,-66
100900010,101,83,18
100900011,121,188,-67
100900012,0,219,-219
100900013,812,0,812
100900014,5,14,-9
100900015,118,132,-14
100900016,0,46,-46
100900017,826,97,729
100900018,0,19,-19
100900019,36,126,-90
100900020,395,14,381
100900021,427,8,419
100900022,13,51,-38
100900023,2,32,-30
100900024,842,5,837
100900025,20,8,12
100900026,81,128,-47
100900027,659,2449,-1790
100900028,121,167,-46
100900029,62,13,49
100900030,1,72,-71
100900031,441,67,374
100900032,237,3,234
100900033,244,182,62
100900034,539,4,535
100900035,524,4,520
100900036,16,3,13
100900037,93,188,-95
100900038,124,40,84
100900039,247,430,-183
100900040,380,798,-418
100900041,794,619,175
100900042,1680,782,898
100900043,0,17,-17
100900044,2110,522,1588
100900045,23,1,22
100900046,1004,23,981
100900047,810,233,577
100900048,174,47,127
100900049,95,204,-109
100900050,2,15,-13
100900051,104,140,-36
100900052,492,51,441
100900053,379,16,363
100900054,11,53,-42
100900055,308,675,-367
100900056,248,258,-10
100900057,1059,1352,-293
100900058,269,67,202
100900059,101,4,97
100900060,138,4,134
100900061,352,232,120
100900062,11,55,-44
100900063,260,564,-304
100900064,654,42,612
100900065,100,139,-39
100900066,100,196,-96
100900067,6,9,-3
100900068,133,111,22
100900069,466,12,454
100900070,346,7,339
100900071,909,291,618
100900072,5,42,-37
100900073,123,458,-335
100900074,5,8,-3
100900075,1864,443,1421
100900076,44,43,1
100900077,30,149,-119
100900078,115,282,-167
100900079,10,36,-26
100900080,47,208,-161
100900081,34,159,-125
100900082,127,490,-363
100900083,16,31,-15
100900085,21,258,-237
100900086,141,673,-532
100900088,100,493,-393
100900089,12,8,4
100900090,117,407,-290
100900091,1,26,-25
100900092,293,184,109
100900093,211,232,-21
100900094,160,480,-320
100900095,7,35,-28
100900096,37,114,-77
100900097,2,6,-4
100900098,29,30,-1
100900099,45,569,-524
100900100,12,577,-565
100900101,360,56,304
100900102,87,143,-56
100900103,11,18,-7
100900104,7,185,-178
100900105,23,450,-427
100900106,39,5,34
100900107,1789,795,994
100900108,9,63,-54
100900109,22,38,-16
100900110,9,28,-19
100900111,45,171,-126
100900112,3,12,-9
100900113,7,25,-18
100900114,8,28,-20
100900115,8,34,-26
100900116,884,589,295
100900117,317,802,-485
100900118,190,138,52
100900119,18,31,-13
100900120,10,8,2
100900121,353,555,-202
100900122,169,219,-50
100900123,63,153,-90
100900124,6,10,-4
100900125,19,78,-59
100900126,133,244,-111
100900127,4,1,3
100900128,67,130,-63
100900129,0,139,-139
100900131,74,313,-239
100900133,53,55,-2
100900134,7,3,4
100900135,1,149,-148
100900137,356,203,153
100900138,521,569,-48
100900139,1,5,-4
100900140,9,485,-476
100900141,6,379,-373
100900142,0,11,-11
100900143,807,383,424
100900144,31,7,24
100900145,89,192,-103
100900146,4,64,-60
100900147,24,479,-455
100900148,41,613,-572
100900149,27,155,-128
100900150,9,52,-43
100900151,151,482,-331
100900152,136,5,131
100900153,3,206,-203
100900154,97,99,-2
100900155,16,25,-9
100900156,43,3,40
100900157,7,212,-205
100900158,539,187,352
100900159,22,48,-26
100900160,24,8,16
100900161,69,6,63
100900162,22,413,-391
100900163,231,234,-3
100900164,33,32,1
100900165,15,38,-23
100900166,29,3,26
100900167,17,84,-67
100900168,45,168,-123
100900169,164,896,-732
100900170,34,12,22
100900171,15,534,-519
100900172,1,10,-9
100900173,6,374,-368
100900174,620,60,560
100900176,1486,201,1285
100900177,723,295,428
100900178,246,125,121
100900179,164,361,-197
100900180,11,2,9
100900181,86,85,1
100900182,41,37,4
100900184,17,130,-113
100900186,681,422,259
100900187,15,112,-97
100900188,87,22,65
100900189,1113,225,888
100900191,1217,1165,52
100900192,286,328,-42
100900195,131,165,-34
100900197,23,59,-36
100900198,30,243,-213
100900199,26,11,15
100900200,552,351,201
100900201,101,652,-551
100900202,58,1,57
100900203,0,106,-106
100900204,355,647,-292
100900205,214,493,-279
100900206,177,66,111
100900207,245,141,104
100900210,86,550,-464
100900211,577,194,383
100900213,128,65,63
100900214,844,95,749
100900215,16,59,-43
101000001,4033,2197,1836
101000002,5451,5436,15
101000003,570,1553,-983
101000004,9464,7476,1988
101000005,4610,5148,-538
101000006,8180,7272,908
101000007,3427,4453,-1026
101000008,3455,2934,521
101000009,2009,1450,559
101000010,883,1058,-175
101000011,1740,644,1096
101000012,1778,827,951
101000013,638,1237,-599
101000014,487,728,-241
101000015,1154,954,200
101000016,410,602,-192
101000017,562,473,89
101000018,3833,2695,1138
101000020,2803,1263,1540
101000021,904,432,472
101000022,392,144,248
101000023,1623,661,962
101000025,273,434,-161
101000026,282,31,251
101000027,2339,2495,-156
101000028,35,57,-22
101000029,364,1757,-1393
101000030,2031,136,1895
101000031,1155,887,268
101000032,10447,4713,5734
101000033,2364,3149,-785
101000034,2364,1651,713
101000035,958,417,541
101000036,1948,914,1034
101000037,3469,1709,1760
101000039,2576,2714,-138
101000040,3671,3330,341
101000041,13331,9195,4136
101000042,775,1528,-753
101000043,9272,8366,906
101000045,2087,1058,1029
101000046,4647,1767,2880
101000047,2909,4064,-1155
101000048,876,729,147
101000049,887,1992,-1105
101000050,2984,3001,-17
101000051,2831,3135,-304
101000052,1519,1228,291
101000053,1400,1787,-387
101000054,2461,1610,851
101000055,1543,1484,59
101000056,58,120,-62
101000057,2527,1092,1435
101000058,1386,1339,47
101000059,2550,2060,490
101000060,1748,570,1178
101000061,1011,1112,-101
101000062,900,613,287
101000063,564,870,-306
101000064,1097,901,196
101000065,391,398,-7
101000066,1086,889,197
101000067,1415,982,433
101000068,399,524,-125
101000069,394,127,267
101000070,1389,1148,241
101000071,2058,903,1155
101000072,985,3312,-2327
101000073,1063,1080,-17
101000074,7651,4008,3643
101000075,6098,5511,587
101000077,1511,1182,329
101000078,1141,2192,-1051
101000079,750,421,329
101000080,538,560,-22
101000081,1938,1570,368
101000082,3641,3332,309
101000083,2816,2445,371
101000084,1539,878,661
101000085,1560,1235,325
101000086,1114,1092,22
101000087,964,1083,-119
101000088,1266,1152,114
101000089,1131,1586,-455
101000090,1895,1324,571
101000091,415,891,-476
101000092,983,1044,-61
101000093,1431,978,453
101000094,1052,1069,-17
101000095,510,676,-166
101000096,378,577,-199
101000097,462,408,54
101000098,464,515,-51
101000099,1219,1038,181
101000100,1017,897,120
101000101,378,413,-35
101000102,1032,453,579
101000103,999,545,454
101000104,384,655,-271
101000105,334,384,-50
101000106,975,762,213
101000107,252,310,-58
101000108,882,355,527
101000109,307,74,233
101000110,54,472,-418
101000111,119,346,-227
101000113,207,762,-555
101000114,9104,6317,2787
101000115,133,111,22
101000116,175,140,35
101000117,1395,333,1062
101000119,80,67,13
101000120,143,25,118
101000121,94,79,15
101000122,163,95,68
101000123,78,96,-18
101000124,714,211,503
101000125,292,499,-207
101000128,638,469,169
101000130,345,337,8
101000131,776,511,265
101000132,670,1012,-342
101000135,60,50,10
101000136,539,193,346
101000137,51,404,-353
101000141,1739,3136,-1397
101000147,678,407,271
101000148,1243,42,1201
101000149,168,200,-32
101000150,109,640,-531
101000151,177,56,121
101000152,287,290,-3
101000153,506,339,167
101000154,249,1067,-818
101000155,405,168,237
101000156,14,269,-255
101000157,63,37,26
101000160,65,55,10
101000163,377,372,5
101000164,440,349,91
101000165,252,394,-142
101000166,350,419,-69
101000168,891,377,514
101000252,1845,988,857
101000254,569,125,444
101000258,34,11,23
101000261,171,32,139
101000262,1304,2027,-723
101000263,528,1517,-989
101000265,134,927,-793
101000266,372,275,97
101000269,47,12,35
101000290,1463,2280,-817
101000293,31,81,-50
101000294,748,420,328
101000295,133,564,-431
101000301,728,404,324
101000304,1829,2404,-575
101000305,2977,1517,1460
101900001,38,57,-19
101900002,0,20,-20
101900003,62,102,-40
101900004,2,76,-74
101900005,4171,2406,1765
101900006,938,93,845
101900007,793,296,497
101900008,62,345,-283
101900009,85,442,-357
101900010,919,760,159
101900011,319,1368,-1049
101900012,292,390,-98
101900013,1175,224,951
101900017,13,149,-136
101900018,956,250,706
101900019,302,204,98
101900020,336,114,222
101900021,1,59,-58
101900022,116,862,-746
101900023,141,282,-141
102000001,2514,4652,-2138
102000002,2533,974,1559
102000003,3963,7932,-3969
102000004,8339,3514,4825
102000005,1473,2036,-563
102000006,1482,2113,-631
102000007,1777,4388,-2611
102000008,4377,1687,2690
102000009,6195,7741,-1546
102000010,5611,3542,2069
102000011,3340,2930,410
102000012,3244,3090,154
102000018,3354,2766,588
102000019,2575,1727,848
102000026,214,502,-288
102000029,296,263,33
102000030,135,397,-262
102000031,81,167,-86
102000032,391,307,84
102000033,235,353,-118
102000034,587,410,177
102000035,1185,838,347
102000036,29,267,-238
102000037,154,43,111
102000038,208,339,-131
102000039,276,93,183
102000040,555,291,264
102000041,254,415,-161
102000042,307,373,-66
102000043,510,198,312
102000044,384,405,-21
102000045,833,921,-88
102000046,1091,669,422
102000047,890,1089,-199
102000048,403,708,-305
102000049,1137,763,374
102000050,1161,1420,-259
102000051,497,679,-182
102000052,1361,906,455
102000053,988,1119,-131
102000054,577,1002,-425
102000055,1167,642,525
102000056,874,1239,-365
102000057,1561,733,828
102000058,1374,1523,-149
102000059,1448,1478,-30
102000060,1235,1129,106
102000061,1578,2047,-469
102000062,1686,1063,623
102000063,1170,1353,-183
102000064,465,702,-237
102000065,35,131,-96
102000066,850,961,-111
102000067,2403,2908,-505
102000068,8719,2731,5988
102000069,96,1519,-1423
102000070,1805,73,1732
102000071,7024,8371,-1347
102000072,3510,4319,-809
102000073,1622,1306,316
102000074,851,1119,-268
102000075,137,361,-224
102000076,146,442,-296
102000077,599,870,-271
102000078,874,815,59
102000079,192,302,-110
102000080,266,235,31
102000081,386,724,-338
102000082,665,326,339
102000083,533,318,215
102000084,252,266,-14
102000085,1662,1013,649
102000086,1073,1119,-46
102000087,929,1675,-746
102000088,396,390,6
102000089,1152,412,740
102000090,774,1256,-482
102000091,1444,546,898
102000092,368,805,-437
102000093,557,655,-98
102000094,1210,781,429
102000095,1241,1496,-255
102000096,1061,1013,48
102000097,1121,1055,66
102000098,687,1109,-422
102000099,1063,806,257
102000100,921,1323,-402
102000101,1298,840,458
102000102,517,1403,-886
102000103,1761,487,1274
102000104,684,346,338
102000105,299,490,-191
102000106,866,630,236
102000107,1174,557,617
102000108,643,228,415
102000109,434,531,-97
102000110,1026,1217,-191
102000111,13,218,-205
102000112,137,117,20
102000113,16,33,-17
102000114,696,360,336
102000115,187,367,-180
102000116,997,652,345
102000117,437,1304,-867
102000118,1589,1102,487
102000119,1787,1138,649
102000120,168,533,-365
102000121,1146,622,524
102000122,765,893,-128
102000123,1388,1330,58
102000124,1733,1125,608
102000125,1001,980,21
102000126,861,738,123
102000127,1363,784,579
102000128,753,991,-238
102000129,1585,847,738
102000130,724,840,-116
102000131,2633,930,1703
102000132,1009,1359,-350
102000133,1947,1659,288
102000134,632,747,-115
102000135,745,958,-213
102000136,1041,661,380
102000137,998,917,81
102000138,285,460,-175
102000139,160,486,-326
102000140,322,415,-93
102000141,340,617,-277
102000142,344,363,-19
102000143,146,365,-219
102000144,316,355,-39
102000145,384,453,-69
102000146,420,334,86
102000147,612,461,151
102000148,199,386,-187
102000149,173,445,-272
102000150,369,82,287
102000151,108,307,-199
102000152,185,143,42
102000153,1191,528,663
102000154,300,740,-440
102000155,120,308,-188
102000156,359,168,191
102000157,148,401,-253
102000158,422,374,48
102000159,1212,461,751
102000161,4280,2332,1948
102000162,247,185,62
102000163,76,610,-534
102000164,1217,1260,-43
102000165,264,176,88
102000166,57,200,-143
102000167,212,235,-23
102000168,317,121,196
102000169,148,463,-315
102000170,553,289,264
102000171,493,398,95
102000172,482,545,-63
102000173,468,301,167
102000174,82,47,35
102000175,148,101,47
102000176,55,42,13
102000178,202,459,-257
102000179,355,210,145
102000180,785,514,271
102000181,704,587,117
102000182,549,565,-16
102000183,1583,1872,-289
102000184,1808,831,977
102000185,2604,1387,1217
102000186,1220,1882,-662
102000187,816,1653,-837
102000188,974,1348,-374
102000189,2556,858,1698
102000190,713,2662,-1949
102000191,1384,604,780
102000192,1114,1204,-90
102000193,67,181,-114
102000194,54,113,-59
102000195,412,506,-94
102000196,209,398,-189
102000197,653,431,222
102000198,207,692,-485
102000199,819,344,475
102000200,281,1057,-776
102000201,933,416,517
102000202,17,105,-88
102000203,407,267,140
102000204,505,738,-233
102000205,1152,447,705
102000206,701,654,47
102000207,668,515,153
102000208,374,511,-137
102000209,57,66,-9
102000210,320,400,-80
102000211,512,320,192
102000212,320,11,309
102000213,7,345,-338
102000214,257,9,248
102000215,11,388,-377
102000216,55,52,3
102000217,14,146,-132
102000218,285,164,121
102000219,451,299,152
102000225,680,593,87
102000226,5161,1432,3729
102000227,151,0,151
102000228,1,129,-128
102000229,31,60,-29
102000230,209,419,-210
102000231,291,472,-181
102000232,34,168,-134
102000233,409,690,-281
102000234,104,1122,-1018
102000236,280,82,198
102000237,452,149,303
102000238,155,239,-84
102000240,591,629,-38
102000241,230,117,113
102000243,17,86,-69
102000245,20,93,-73
102000246,7,55,-48
102000247,284,663,-379
102000248,192,476,-284
102000249,142,138,4
102000250,88,386,-298
102000254,91,299,-208
102000266,46,311,-265
102000271,27,0,27
102000286,485,406,79
102000297,1960,1065,895
102000299,0,1,-1
102000302,0,0,0
102000305,0,0,0
102000306,0,0,0
102000307,0,3,-3
102000308,0,1,-1
102900001,1318,806,512
102900002,377,44,333
102900003,68,182,-114
102900005,411,336,75
102900006,477,191,286
102900007,525,32,493
102900008,201,70,131
102900009,781,288,493
102900010,556,588,-32
102900011,1854,367,1487
102900012,348,96,252
102900013,42,62,-20
102900015,872,590,282
102900016,49,102,-53
102900017,186,517,-331
102900018,37,101,-64
102900019,485,480,5
102900020,173,27,146
102900021,23,104,-81
102900022,586,210,376
102900023,27,43,-16
102900024,65,72,-7
102900025,214,90,124
102900026,440,1685,-1245
102900027,88,71,17
102900028,167,763,-596
102900029,214,219,-5
102900030,405,345,60
102900031,182,140,42
102900032,145,111,34
102900033,95,177,-82
102900034,573,100,473
102900035,130,313,-183
102900036,321,489,-168
102900037,270,639,-369
102900038,446,611,-165
102900039,21,499,-478
102900040,171,265,-94
102900041,49,183,-134
102900042,201,274,-73
102900043,163,221,-58
102900044,494,1927,-1433
102900045,151,557,-406
102900046,141,251,-110
102900047,77,623,-546
102900048,598,572,26
102900049,113,338,-225
102900050,189,346,-157
102900051,242,221,21
102900052,59,37,22
102900053,493,711,-218
102900054,877,1073,-196
102900055,86,221,-135
102900056,110,415,-305
102900057,5,72,-67
102900058,320,81,239
102900059,16,60,-44
102900060,151,407,-256
102900061,208,455,-247
102900062,237,928,-691
102900063,1112,455,657
102900064,192,381,-189
102900065,1476,652,824
102900066,346,51,295
102900068,125,98,27
102900070,257,584,-327
102900072,8,35,-27
102900073,129,11,118
102900074,301,349,-48
102900075,19,63,-44
102900076,139,148,-9
102900077,21,41,-20
102900078,29,82,-53
102900079,213,22,191
102900080,407,41,366
102900081,103,389,-286
102900082,9,250,-241
102900083,264,15,249
102900084,10,37,-27
102900085,371,159,212
102900086,9,54,-45
102900087,114,104,10
102900088,46,24,22
102900089,235,119,116
102900090,4,358,-354
102900091,173,4,169
102900092,427,646,-219
102900093,251,331,-80
102900094,4,95,-91
102900095,131,4,127
102900096,48,18,30
102900097,19,119,-100
103000001,2401,2730,-329
103000002,2141,2604,-463
103000003,3745,2908,837
103000004,847,787,60
103000005,1724,2291,-567
103000006,606,1350,-744
103000007,357,721,-364
103000008,1101,812,289
103000009,1013,1144,-131
103000010,130,98,32
103000011,1635,1444,191
103000012,1514,1434,80
103000013,4517,2108,2409
103000014,1476,2732,-1256
103000015,1711,715,996
103000016,463,1264,-801
103000017,207,365,-158
103000018,705,370,335
103000019,327,305,22
103000020,2589,1595,994
103000021,1884,1686,198
103000022,807,1163,-356
103000023,629,1677,-1048
103000024,101,190,-89
103000025,80,570,-490
103000026,1141,110,1031
103000027,297,579,-282
103000028,375,414,-39
103000029,300,257,43
103000030,1649,969,680
103000031,1224,1617,-393
103000032,2380,1811,569
103000033,2917,2699,218
103000034,1799,1342,457
103000035,575,1535,-960
103000036,404,507,-103
103000037,636,504,132
103000038,620,1129,-509
103000039,437,399,38
103000040,437,951,-514
103000041,1644,2364,-720
103000042,1285,491,794
103000043,539,919,-380
103000044,173,204,-31
103000046,341,495,-154
103000047,550,648,-98
103000048,158,220,-62
103000049,115,169,-54
103000050,657,514,143
103000051,521,541,-20
103000052,896,369,527
103000053,162,596,-434
103000054,2908,1508,1400
103000055,2085,2468,-383
103000056,649,1678,-1029
103000057,626,343,283
103000058,793,905,-112
103000059,447,955,-508
103000060,890,631,259
103000061,380,979,-599
103000062,1160,593,567
103000063,787,932,-145
103000064,153,201,-48
103000065,6,459,-453
103000066,195,14,181
103000069,412,323,89
103000070,1029,800,229
103000071,1116,597,519
103000072,135,741,-606
103000073,566,113,453
103000074,595,61,534
103000075,171,703,-532
103000076,321,322,-1
103000077,38,404,-366
103000078,933,593,340
103000079,880,530,350
103000080,1232,400,832
103000081,520,1040,-520
103000082,519,223,296
103000083,123,326,-203
103000084,100,11,89
103000085,5,103,-98
103000086,574,379,195
103000087,157,570,-413
103000088,282,325,-43
103000089,223,348,-125
103000090,1867,749,1118
103000091,632,405,227
103000092,236,306,-70
103000093,315,404,-89
103000094,225,118,107
103000095,66,426,-360
103000096,666,99,567
103000097,92,766,-674
103000098,1069,223,846
103000099,373,676,-303
103000100,132,739,-607
103000101,871,164,707
103000102,136,609,-473
103000103,735,196,539
103000104,48,100,-52
103000105,147,83,64
103000106,13,116,-103
103000107,293,45,248
103000108,567,500,67
103000109,307,360,-53
103000110,427,419,8
103000111,479,453,26
103000112,361,184,177
103000113,681,653,28
103000114,1270,466,804
103000115,557,412,145
103000116,616,369,247
103000117,340,415,-75
103000118,857,760,97
103000119,1241,588,653
103000120,84,119,-35
103000121,243,592,-349
103000122,354,422,-68
103000125,10,267,-257
103000126,552,4,548
103000127,3,153,-150
103000128,206,0,206
103000129,2,105,-103
103000130,80,31,49
103000131,147,122,25
103000132,82,143,-61
103000133,17,83,-66
103000134,525,849,-324
103000135,591,261,330
103000136,728,439,289
103000137,542,613,-71
103000138,903,659,244
103000139,2,65,-63
103000140,148,26,122
103000141,34,137,-103
103000142,145,94,51
103000143,62,192,-130
103000144,231,81,150
103000145,51,134,-83
103000150,93,59,34
103000152,203,285,-82
103000153,176,162,14
103000156,10,320,-310
103000157,357,2,355
103000159,211,77,134
103000162,78,16,62
103000163,10,34,-24
103000164,20,10,10
103000165,131,248,-117
103000166,218,318,-100
103000167,180,100,80
103000168,107,170,-63
103000169,187,418,-231
103000170,765,381,384
103000171,44,85,-41
103000172,792,959,-167
103000173,575,417,158
103000174,196,358,-162
103000175,307,352,-45
103000176,833,606,227
103000177,596,495,101
103000178,326,332,-6
103000179,196,44,152
103000183,117,28,89
103000185,82,45,37
103000186,134,173,-39
103000187,603,374,229
103000188,17,107,-90
103000189,767,760,7
103000191,654,636,18
103000292,1690,1498,192
103000293,1152,2397,-1245
103000295,86,106,-20
103000296,249,7,242
103000297,80,48,32
103000504,199,14,185
103000505,9,16,-7
103000506,1,204,-203
103000507,202,8,194
103000508,58,90,-32
103000509,206,616,-410
103900001,15,234,-219
103900002,1480,224,1256
103900003,1653,187,1466
103900004,126,0,126
103900005,4,224,-220
103900006,0,0,0
103900007,30,0,30
103900008,19,1,18
103900009,240,616,-376
103900010,140,432,-292
103900011,329,214,115
103900012,8,27,-19
103900013,66,66,0
103900014,69,23,46
103900015,66,14,52
103900016,286,243,43
103900017,20,81,-61
103900018,571,177,394
103900019,77,308,-231
103900020,211,535,-324
103900021,499,48,451
103900022,975,675,300
103900023,119,2,117
103900024,95,412,-317
103900025,18,35,-17
103900026,27,0,27
103900027,810,307,503
103900028,15,253,-238
103900029,1039,103,936
103900030,347,70,277
103900031,47,2,45
103900032,77,50,27
103900033,105,20,85
103900034,28,150,-122
103900035,73,51,22
103900036,47,54,-7
103900037,98,69,29
103900038,126,169,-43
103900039,60,363,-303
103900040,7,181,-174
103900041,47,44,3
103900042,80,396,-316
103900043,165,77,88
103900044,108,187,-79
103900045,335,177,158
103900047,84,32,52
103900048,78,45,33
103900049,184,1352,-1168
103900050,22,139,-117
103900051,3,45,-42
103900052,221,355,-134
103900053,139,616,-477
103900054,113,415,-302
103900055,400,171,229
103900056,38,26,12
103900057,32,181,-149
103900058,264,674,-410
103900059,0,11,-11
103900060,64,203,-139
103900061,150,31,119
103900062,312,101,211
103900063,8,0,8
103900064,81,8,73
103900065,919,391,528
103900066,144,15,129
103900067,167,13,154
103900068,8,0,8
103900069,88,49,39
103900070,199,195,4
103900071,21,121,-100
103900072,23,221,-198
103900073,42,25,17
103900074,55,95,-40
103900075,141,65,76
103900076,462,603,-141
103900077,56,88,-32
103900078,328,134,194
103900079,209,218,-9
103900080,11,22,-11
103900081,107,39,68
103900082,26,147,-121
103900083,1485,973,512
103900084,77,223,-146
103900085,110,149,-39
103900086,623,453,170
103900087,23,100,-77
103900088,343,498,-155
103900089,64,175,-111
103900090,40,193,-153
103900091,1179,256,923
103900092,626,482,144
103900093,82,310,-228
103900094,20,130,-110
103900095,298,194,104
103900096,36,197,-161
103900097,13,490,-477
103900098,225,139,86
103900099,109,160,-51
103900100,267,370,-103
103900101,65,1153,-1088
103900102,4,39,-35
103900104,2,29,-27
103900105,82,168,-86
103900106,0,41,-41
103900107,114,219,-105
103900108,38,285,-247
103900109,141,118,23
103900110,223,69,154
103900111,112,586,-474
103900112,101,202,-101
103900113,121,225,-104
103900114,362,299,63
103900115,292,244,48
103900116,5227,2669,2558
103900117,173,83,90
103900119,49,93,-44
103900120,45,78,-33
103900122,88,271,-183
103900123,1263,606,657
103900124,38,10,28
103900125,84,68,16
103900126,520,390,130
103900127,191,480,-289
103900128,140,135,5
103900131,27,69,-42
103900133,1073,33,1040
103900134,1,7,-6
103900135,7,11,-4
103900137,5,52,-47
103900138,55,185,-130
103900139,247,1867,-1620
103900140,6,111,-105
103900141,326,75,251
103900142,138,119,19
103900143,81,3,78
103900144,1,39,-38
103900145,213,251,-38
103900146,314,273,41
103900147,377,158,219
103900148,227,291,-64
103900149,317,662,-345
103900150,6406,3758,2648
103900151,52,179,-127
103900152,423,440,-17
103900153,7,6,1
103900154,976,1378,-402
103900155,44,236,-192
103900156,53,152,-99
103900157,49,151,-102
103900158,101,158,-57
103900159,137,99,38
103900160,71,58,13
103900161,120,180,-60
103900162,53,207,-154
103900163,10,489,-479
103900164,235,39,196
103900167,26,113,-87
103900168,92,112,-20
103900169,52,48,4
103900170,4,104,-100
103900171,3,46,-43
103900172,7,24,-17
103900173,10,17,-7
103900174,194,54,140
103900175,49,75,-26
103900176,13,48,-35
103900177,15,67,-52
103900178,47,41,6
103900179,78,110,-32
103900180,19,102,-83
103900181,57,77,-20
103900182,31,24,7
103900184,520,95,425
103900185,180,346,-166
103900187,31,71,-40
103900188,31,27,4
103900189,104,14,90
103900190,69,69,0
103900191,41,57,-16
103900192,45,164,-119
103900193,163,228,-65
103900194,98,301,-203
103900195,8,67,-59
103900196,74,46,28
103900197,21,38,-17
103900198,35,68,-33
103900199,150,75,75
103900200,155,119,36
103900201,199,224,-25
103900202,18,74,-56
103900203,52,15,37
103900204,0,100,-100
103900207,0,114,-114
103900208,117,3,114
103900209,6,143,-137
103900210,29,48,-19
103900211,519,402,117
103900212,124,366,-242
103900213,102,231,-129
103900214,163,145,18
103900215,487,299,188
103900216,25,797,-772
103900217,370,80,290
103900218,1,213,-212
103900219,100,254,-154
103900233,130,7,123
103900235,24,19,5
103900236,7,2,5
103900242,10,14,-4
103900243,5,8,-3
103900244,119,219,-100
103900245,120,182,-62
103900246,55,41,14
103900247,30,73,-43
103900248,1,34,-33
103900249,37,29,8
103900250,28,22,6
103900251,1,30,-29
103900253,20,78,-58
103900254,7,15,-8
103900255,7,8,-1
103900256,10,27,-17
103900257,9,111,-102
103900258,55,4,51
103900259,64,4,60
103900261,4,7,-3
103900262,17,3,14
103900263,34,40,-6
103900264,57,49,8
103900265,49,6,43
103900266,1,103,-102
103900267,23,45,-22
104000001,2048,1992,56
104000002,1543,2415,-872
104000003,2285,2100,185
104000004,2707,2709,-2
104000005,1386,1865,-479
104000006,2864,2391,473
104000007,4203,3782,421
104000008,264,314,-50
104000009,189,108,81
104000010,152,242,-90
104000011,438,305,133
104000012,126,388,-262
104000013,188,167,21
104000014,239,641,-402
104000015,322,122,200
104000016,557,409,148
104000018,763,139,624
104000019,604,181,423
104000020,153,633,-480
104000021,196,649,-453
104000022,119,245,-126
104000023,626,340,286
104000024,224,347,-123
104000026,65,342,-277
104000027,270,308,-38
104000028,334,223,111
104000029,331,390,-59
104000030,281,199,82
104000031,1310,451,859
104000032,226,280,-54
104000033,632,517,115
104000034,422,329,93
104000035,937,446,491
104000036,739,589,150
104000037,306,257,49
104000038,390,300,90
104000039,206,234,-28
104000040,262,327,-65
104000041,466,287,179
104000042,205,313,-108
104000043,218,323,-105
104000044,251,529,-278
104000045,922,1036,-114
104000046,1123,1579,-456
104000047,831,1190,-359
104000048,1185,1639,-454
104000049,444,271,173
104000050,201,619,-418
104000051,88,534,-446
104000052,1391,1574,-183
104000053,809,519,290
104000054,518,433,85
104000055,4038,2801,1237
104000056,1280,230,1050
104000057,137,417,-280
104000058,728,611,117
104000059,475,885,-410
104000060,1152,1090,62
104000061,1167,1125,42
104000062,383,114,269
104000064,468,282,186
104000065,251,649,-398
104000069,1160,1109,51
104000070,67,519,-452
104000071,108,359,-251
104000072,484,164,320
104000075,106,303,-197
104000076,456,151,305
104000082,2485,3214,-729
104000083,965,180,785
104000084,132,554,-422
104000085,231,314,-83
104000086,169,493,-324
104000087,415,2010,-1595
104000090,782,1234,-452
104000092,1222,2211,-989
104000094,815,1726,-911
104000095,1704,1326,378
104000096,1496,219,1277
104000097,1707,918,789
104000098,2139,1064,1075
104000100,1638,638,1000
104000101,1110,1642,-532
104000106,59,553,-494
104000107,644,402,242
104000108,238,488,-250
104000109,319,78,241
104000110,752,1090,-338
104000111,4205,2689,1516
104000112,2408,588,1820
104000116,1,989,-988
104000117,119,518,-399
104000118,541,251,290
104000119,562,284,278
104000120,207,630,-423
104000121,209,723,-514
104000122,598,723,-125
104000123,864,1058,-194
104000124,1049,2205,-1156
104000125,3458,4364,-906
104000126,627,468,159
104000127,1372,2979,-1607
104000128,661,517,144
104000129,51,0,51
104000130,1,306,-305
104000131,628,497,131
104000132,462,476,-14
104000133,1330,823,507
104000134,896,1439,-543
104000135,389,1979,-1590
104000136,827,4142,-3315
104000137,1582,358,1224
104000138,865,298,567
104000139,7083,3304,3779
104000141,1109,1333,-224
104000142,633,757,-124
104000143,565,537,28
104000144,107,178,-71
104000145,286,209,77
104000146,307,506,-199
104000147,144,309,-165
104000148,306,162,144
104000149,213,321,-108
104000150,979,481,498
104000151,359,498,-139
104000152,683,656,27
104000153,617,492,125
104000154,891,601,290
104000155,415,367,48
104000157,1002,1292,-290
104000158,421,458,-37
104000159,832,453,379
104000160,1699,1864,-165
104000161,193,229,-36
104000162,58,136,-78
104000165,1024,1045,-21
104000167,670,791,-121
104000168,567,10,557
104000169,106,49,57
104000170,520,659,-139
104000248,290,680,-390
104000251,57,231,-174
104000272,0,0,0
104000273,0,0,0
104000274,0,0,0
104000275,0,0,0
104000279,857,536,321
104000290,117,284,-167
104000291,587,1141,-554
104000293,590,740,-150
104000294,39,0,39
104000295,530,782,-252
104000296,292,653,-361
104000297,720,1800,-1080
104000298,1846,766,1080
104000299,613,1310,-697
104900001,173,427,-254
104900002,88,168,-80
104900003,66,345,-279
104900004,143,312,-169
104900005,229,250,-21
104900006,305,94,211
104900007,238,229,9
104900009,176,357,-181
104900010,73,65,8
104900011,17,6,11
104900012,248,19,229
104900013,134,14,120
104900014,2779,400,2379
104900015,77,10,67
104900016,277,228,49
104900017,144,167,-23
104900018,11,176,-165
104900019,353,2487,-2134
104900020,40,227,-187
104900021,3,187,-184
104900022,14,86,-72
104900023,3,88,-85
104900024,50,92,-42
104900025,54,225,-171
104900026,4,93,-89
104900027,460,358,102
104900028,31,92,-61
104900029,71,100,-29
104900030,456,209,247
104900031,100,221,-121
104900032,57,119,-62
104900033,174,281,-107
104900034,417,138,279
104900035,339,173,166
104900036,214,78,136
104900037,149,221,-72
104900038,501,810,-309
104900039,873,433,440
104900040,427,106,321
104900041,261,207,54
104900042,140,204,-64
104900043,18,157,-139
104900044,597,198,399
104900045,381,64,317
104900046,187,129,58
104900047,346,142,204
104900048,334,76,258
104900049,29,19,10
104900050,236,110,126
104900051,291,59,232
104900052,58,3,55
104900053,463,150,313
104900054,168,51,117
104900055,102,1,101
104900056,157,31,126
104900057,42,0,42
104900058,1095,664,431
104900059,136,47,89
104900060,3,628,-625
104900061,188,534,-346
104900063,0,96,-96
104900064,0,87,-87
104900065,2,189,-187
104900066,3,195,-192
104900067,4,293,-289
104900068,30,221,-191
104900070,245,299,-54
104900071,0,576,-576
104900072,87,331,-244
104900073,75,197,-122
104900074,117,265,-148
104900075,63,51,12
104900076,132,287,-155
104900077,1138,294,844
104900078,254,480,-226
104900079,130,381,-251
104900080,101,464,-363
104900082,17,440,-423
104900085,3,214,-211
104900087,324,13,311
104900089,173,1,172
104900090,853,704,149
104900091,523,664,-141
104900093,237,458,-221
104900097,2572,2272,300
104900098,148,29,119
104900099,166,663,-497
104900100,442,275,167
104900102,21,171,-150
104900103,544,94,450
104900104,3564,2379,1185
104900106,98,153,-55
104900107,151,175,-24
104900108,62,226,-164
104900109,121,288,-167
104900110,3,54,-51
104900111,180,152,28
104900112,352,707,-355
104900113,776,381,395
104900114,447,560,-113
104900115,651,471,180
104900116,211,240,-29
104900118,25,62,-37
104900119,6,54,-48
104900120,26,168,-142
104900121,0,81,-81
104900122,1,77,-76
104900123,41,10,31
104900124,51,0,51
104900125,556,18,538
104900126,55,56,-1
104900127,36,89,-53
104900128,111,147,-36
104900129,2091,1948,143
105000001,2495,1493,1002
105000002,2247,1586,661
105000003,3399,3800,-401
105000004,552,972,-420
105000005,794,1002,-208
105000006,1444,1667,-223
105000007,1255,1341,-86
105000008,2046,2980,-934
105000009,2107,2922,-815
105000010,2935,2241,694
105000011,3588,2574,1014
105000012,4037,3113,924
105000013,897,993,-96
105000014,1913,2456,-543
105000015,10798,14472,-3674
105000016,3457,2570,887
105000017,1971,968,1003
105000018,1219,1339,-120
105000019,1299,841,458
105000020,161,418,-257
105000021,231,90,141
105000022,301,76,225
105000023,572,453,119
105000028,63,119,-56
105000029,570,1409,-839
105000030,4057,2704,1353
105000033,889,2008,-1119
105000034,115,812,-697
105000037,738,353,385
105000038,2126,1612,514
105000039,2593,1852,741
105000040,1034,1196,-162
105000041,837,1414,-577
105000042,3380,1549,1831
105000043,1648,2291,-643
105000044,1010,563,447
105000045,495,1069,-574
105000046,1098,456,642
105000047,473,1230,-757
105000048,587,225,362
105000049,199,491,-292
105000050,502,294,208
105000051,148,415,-267
105000052,553,671,-118
105000053,102,136,-34
105000054,342,875,-533
105000055,790,336,454
105000056,1189,2082,-893
105000057,1127,867,260
105000058,1381,1231,150
105000059,759,573,186
105000060,439,600,-161
105000061,663,502,161
105000062,554,861,-307
105000063,287,503,-216
105000064,1369,904,465
105000065,358,585,-227
105000066,1181,1531,-350
105000067,1449,821,628
105000068,494,904,-410
105000069,1965,1480,485
105000070,655,846,-191
105000071,246,800,-554
105000072,684,1660,-976
105000073,824,644,180
105000074,1328,905,423
105000075,551,873,-322
105000076,1291,1079,212
105000077,2968,1117,1851
105000078,1397,1506,-109
105000079,1559,3482,-1923
105000080,2193,1658,535
105000081,4171,1421,2750
105000082,1304,1859,-555
105000083,5221,3830,1391
105000084,639,862,-223
105000085,1637,2004,-367
105000086,595,842,-247
105000087,1407,1735,-328
105000088,1246,1475,-229
105000089,2594,1909,685
105000090,1053,782,271
105000091,1289,1476,-187
105000092,742,912,-170
105000093,302,228,74
105000094,229,235,-6
105000095,105,378,-273
105000096,1113,1026,87
105000097,1124,758,366
105000098,900,795,105
105000099,1083,717,366
105000100,1318,952,366
105000101,1853,1907,-54
105000102,1783,1309,474
105000103,1345,2293,-948
105000104,2346,888,1458
105000105,1293,2077,-784
105000106,1762,2031,-269
105000107,1563,1178,385
105000108,1851,1909,-58
105000109,1685,1935,-250
105000110,784,696,88
105000111,720,693,27
105000112,1382,726,656
105000113,420,739,-319
105000114,2673,1064,1609
105000115,273,1016,-743
105000116,714,503,211
105000117,786,857,-71
105000118,646,526,120
105000119,707,1218,-511
105000120,1130,679,451
105000121,1067,1241,-174
105000122,321,550,-229
105000123,1111,1359,-248
105000124,1795,741,1054
105000125,760,1926,-1166
105000126,2096,1683,413
105000127,2319,2035,284
105000128,457,974,-517
105000129,749,307,442
105000130,525,2931,-2406
105000131,1110,386,724
105000132,776,639,137
105000133,537,837,-300
105000134,723,605,118
105000135,447,499,-52
105000136,49,163,-114
105000137,298,302,-4
105000138,42,120,-78
105000139,1111,918,193
105000140,246,528,-282
105000141,314,498,-184
105000142,236,458,-222
105000143,260,696,-436
105000144,261,828,-567
105000145,720,452,268
105000146,420,925,-505
105000147,630,339,291
105000148,1329,539,790
105000149,2364,2122,242
105000150,2181,1682,499
105000151,414,411,3
105000152,120,473,-353
105000153,577,606,-29
105000154,663,507,156
105000155,307,937,-630
105000156,992,631,361
105000157,900,1660,-760
105000158,1918,685,1233
105000159,229,1032,-803
105000160,1541,548,993
105000161,712,932,-220
105000162,550,1541,-991
105000163,1057,851,206
105000164,213,278,-65
105000165,1036,4497,-3461
105000166,4717,741,3976
105000167,2045,1538,507
105000168,384,552,-168
105000169,470,444,26
105000170,242,1392,-1150
105000171,1003,238,765
105000172,112,32,80
105000173,152,35,117
105000174,53,46,7
105000175,109,140,-31
105000176,371,114,257
105000177,233,210,23
105000178,176,468,-292
105000179,446,129,317
105000180,139,153,-14
105000181,118,260,-142
105000182,50,62,-12
105000183,2284,1927,357
105000184,1259,895,364
105000185,1423,814,609
105000186,506,712,-206
105000187,880,188,692
105000188,434,123,311
105000189,234,414,-180
105000190,331,345,-14
105000191,347,298,49
105000192,323,61,262
105000193,112,127,-15
105000194,242,114,128
105000195,343,876,-533
105000196,70,212,-142
105000197,247,587,-340
105000198,563,348,215
105000199,234,594,-360
105000200,139,282,-143
105000201,115,50,65
105000203,14,186,-172
105000204,59,72,-13
105000205,53,155,-102
105000207,578,262,316
105000208,268,496,-228
105000209,231,323,-92
105000212,1136,1269,-133
105000213,170,204,-34
105000214,156,327,-171
105000215,273,204,69
105000216,108,432,-324
105000217,188,331,-143
105000218,1201,960,241
105000221,185,192,-7
105000222,347,53,294
105000223,287,126,161
105000226,114,240,-126
105000227,72,139,-67
105000228,283,2019,-1736
105000229,145,556,-411
105000231,277,280,-3
105000233,868,609,259
105000234,470,1270,-800
105000235,489,554,-65
105000237,573,70,503
105000243,37,195,-158
105000248,71,97,-26
105000262,363,1302,-939
105000269,136,209,-73
105000270,486,65,421
105000271,4,253,-249
105000282,88,45,43
105000287,365,126,239
105000288,568,388,180
105000289,3074,2096,978
105000290,20,11,9
105000402,3849,4469,-620
105000426,587,605,-18
105000438,4382,1670,2712
105000446,13088,6356,6732
105000447,8349,3393,4956
105000454,414,313,101
105000455,292,168,124
105000474,69,3,66
105000477,373,570,-197
105000478,1646,4502,-2856
105000479,181,100,81
105000480,9387,6325,3062
105000481,4972,3125,1847
105000482,5852,7873,-2021
105000483,1551,1781,-230
105000484,2371,3127,-756
105000485,1699,2886,-1187
105000486,4079,2568,1511
105000488,10272,6215,4057
105000489,853,839,14
105000549,106,101,5
105000550,658,1572,-914
105000551,34,113,-79
105000552,2461,1578,883
105900001,8,1311,-1303
105900002,1158,526,632
105900003,10,101,-91
105900004,226,120,106
105900005,3,207,-204
105900006,14,93,-79
105900007,155,26,129
105900008,61,530,-469
105900009,15,26,-11
105900011,164,46,118
105900012,463,108,355
105900013,8,27,-19
105900014,11,85,-74
105900015,171,294,-123
105900016,439,676,-237
105900017,1308,51,1257
105900018,175,168,7
105900019,45,488,-443
105900020,57,54,3
105900021,34,353,-319
105900022,373,234,139
105900023,7,113,-106
105900024,18,167,-149
105900025,258,52,206
105900026,304,41,263
105900027,7392,7198,194
105900028,491,219,272
105900029,1533,395,1138
105900030,202,211,-9
105900031,376,234,142
105900032,78,153,-75
105900033,125,120,5
105900034,233,208,25
105900035,250,191,59
105900036,84,123,-39
105900037,72,80,-8
105900038,159,274,-115
105900039,112,123,-11
105900040,60,108,-48
105900041,169,213,-44
105900042,61,149,-88
105900043,1381,67,1314
105900044,4,233,-229
105900045,3,691,-688
105900046,10,260,-250
105900047,12,43,-31
105900048,100,514,-414
105900050,6254,3325,2929
105900051,37,1059,-1022
105900052,463,304,159
105900053,2998,2500,498
105900054,349,219,130
105900056,760,314,446
105900057,74,111,-37
105900058,11,23,-12
105900059,0,36,-36
106000001,4930,2656,2274
106000002,2932,5725,-2793
106000003,2803,3530,-727
106000004,1644,2526,-882
106000005,3337,5792,-2455
106000006,5970,4159,1811
106000007,459,608,-149
106000008,393,320,73
106000009,563,380,183
106000010,613,583,30
106000011,1008,1118,-110
106000012,891,1360,-469
106000013,1606,1967,-361
106000014,1985,1615,370
106000015,1617,1294,323
106000016,1206,2086,-880
106000017,553,612,-59
106000018,504,500,4
106000019,351,371,-20
106000020,281,407,-126
106000021,253,463,-210
106000022,296,244,52
106000023,631,277,354
106000024,655,565,90
106000025,119,204,-85
106000026,152,223,-71
106000027,1208,1220,-12
106000028,590,540,50
106000029,771,1149,-378
106000030,625,464,161
106000034,260,528,-268
106000035,1056,2052,-996
106000036,219,511,-292
106000037,2015,1535,480
106000038,488,159,329
106000039,178,115,63
106000040,143,781,-638
106000041,745,640,105
106000043,640,266,374
106000046,349,73,276
106000047,42,456,-414
106000049,840,138,702
106000050,284,704,-420
106000051,620,406,214
106000052,89,628,-539
106000053,387,177,210
106000054,384,483,-99
106000055,1112,1136,-24
106000056,219,464,-245
106000057,319,261,58
106000058,158,212,-54
106000059,311,283,28
106000060,286,474,-188
106000061,181,481,-300
106000062,175,493,-318
106000063,609,486,123
106000064,37,347,-310
106000065,333,317,16
106000066,85,314,-229
106000067,352,100,252
106000068,51,573,-522
106000069,228,61,167
106000070,427,688,-261
106000071,1001,281,720
106000072,2573,1478,1095
106000073,1514,2613,-1099
106000074,652,668,-16
106000075,378,1405,-1027
106000076,1878,2259,-381
106000077,3591,1408,2183
106000078,1103,961,142
106000079,694,956,-262
106000080,1263,705,558
106000081,612,1197,-585
106000082,2476,918,1558
106000083,399,1554,-1155
106000084,1175,659,516
106000085,1377,1687,-310
106000086,662,925,-263
106000087,945,628,317
106000088,363,824,-461
106000089,944,347,597
106000090,298,579,-281
106000091,271,565,-294
106000092,553,289,264
106000093,250,143,107
106000094,83,205,-122
106000095,766,657,109
106000096,745,657,88
106000097,949,841,108
106000098,661,926,-265
106000099,200,609,-409
106000100,1046,228,818
106000101,863,222,641
106000102,117,513,-396
106000103,291,472,-181
106000104,617,446,171
106000105,404,585,-181
106000106,485,403,82
106000107,88,247,-159
106000108,196,243,-47
106000109,135,237,-102
106000110,262,250,12
106000111,172,364,-192
106000112,196,472,-276
106000113,631,475,156
106000114,395,466,-71
106000115,180,357,-177
106000116,191,188,3
106000117,1039,673,366
106000118,1103,1308,-205
106000119,1568,1081,487
106000120,871,1087,-216
106000121,135,110,25
106000122,94,209,-115
106000123,375,131,244
106000124,67,225,-158
106000125,26,270,-244
106000126,262,127,135
106000127,690,803,-113
106000128,611,177,434
106000129,452,457,-5
106000130,670,323,347
106000131,104,736,-632
106000132,427,191,236
106000133,1712,1051,661
106000134,550,1326,-776
106000135,176,586,-410
106000136,664,812,-148
106000137,48,728,-680
106000138,972,80,892
106000139,55,92,-37
106000140,47,60,-13
106000141,96,93,3
106000142,58,77,-19
106000143,50,52,-2
106000144,14,43,-29
106000145,209,256,-47
106000146,322,142,180
106000147,410,456,-46
106000148,505,773,-268
106000149,525,357,168
106000150,411,1702,-1291
106000151,3467,795,2672
106000152,1316,1664,-348
106000153,72,1247,-1175
106000154,982,179,803
106000155,70,195,-125
106000156,869,392,477
106000157,728,1616,-888
106000158,2072,961,1111
106000159,2781,1603,1178
106000160,386,2609,-2223
106000161,1583,310,1273
106000162,243,800,-557
106000163,414,351,63
106000164,365,322,43
106000165,251,473,-222
106000166,643,312,331
106000167,374,942,-568
106000168,428,247,181
106000169,236,587,-351
106000170,732,278,454
106000171,211,1167,-956
106000172,2891,1381,1510
106000173,1050,2690,-1640
106000174,1127,420,707
106000175,374,883,-509
106000176,1522,865,657
106000177,848,2364,-1516
106000178,3575,1777,1798
106000179,1288,2270,-982
106000180,913,1257,-344
106000181,789,1742,-953
106000182,1265,729,536
106000183,1379,557,822
106000184,2396,739,1657
106000185,1263,1247,16
106000186,969,152,817
106000187,293,1146,-853
106000188,0,0,0
106000189,54,79,-25
106000190,25,2,23
106000191,584,234,350
106000192,6,19,-13
106000193,376,225,151
106000194,131,462,-331
106000195,904,241,663
106000196,279,739,-460
106000197,608,323,285
106000198,151,266,-115
106000199,815,727,88
106000200,227,264,-37
106000201,427,2404,-1977
106000202,3784,615,3169
106000203,80,155,-75
106000204,55,5,50
106000205,9,133,-124
106000206,109,15,94
106000207,44,678,-634
106000208,1215,158,1057
106000209,1519,341,1178
106000210,320,1021,-701
106000211,322,1052,-730
106000212,773,448,325
106000213,785,1960,-1175
106000214,2833,780,2053
106000215,256,456,-200
106000216,292,345,-53
106000217,287,357,-70
106000218,438,421,17
106000219,119,211,-92
106000220,315,239,76
106000221,154,235,-81
106000222,89,87,2
106000223,179,106,73
106000224,198,220,-22
106000225,52,109,-57
106000226,122,256,-134
106000228,37,90,-53
106000229,91,625,-534
106000231,954,97,857
106000232,69,310,-241
106000233,763,72,691
106000234,68,211,-143
106000235,393,95,298
106000236,115,80,35
106000237,4,19,-15
106000238,2,16,-14
106000239,4,80,-76
106000240,34,5,29
106000241,13,576,-563
106000242,243,28,215
106000249,47,85,-38
106000250,74,574,-500
106000251,90,31,59
106000252,27,84,-57
106000253,42,64,-22
106000254,30,32,-2
106000255,19,185,-166
106000256,57,42,15
106000257,145,216,-71
106000258,172,14,158
106000259,3,43,-40
106000260,26,3,23
106000261,7,54,-47
106000262,100,11,89
106000263,16,59,-43
106000264,232,8,224
106000265,19,133,-114
106000266,122,29,93
106000267,3,91,-88
106000268,565,61,504
106000269,62,63,-1
106000270,135,518,-383
106000271,84,233,-149
106000272,259,54,205
106000273,8,293,-285
106000274,179,47,132
106000275,134,277,-143
106000276,173,43,130
106000277,117,258,-141
106000278,199,43,156
106000279,12,46,-34
106000280,58,95,-37
106000281,61,55,6
106000282,72,60,12
106000283,119,71,48
106000284,69,149,-80
106000285,132,80,52
106000286,83,165,-82
106000287,125,97,28
106000288,94,164,-70
106000289,121,55,66
106000290,58,100,-42
106000291,98,86,12
106000292,96,102,-6
106000293,147,98,49
106000294,136,114,22
106000295,66,59,7
106000296,41,88,-47
106000297,80,242,-162
106000298,165,74,91
106000299,70,151,-81
106000300,49,114,-65
106000301,64,75,-11
106000303,51,79,-28
106000304,29,29,0
106000305,45,37,8
106000306,35,57,-22
106000307,45,28,17
106000308,23,132,-109
106000309,15,65,-50
106000310,308,440,-132
106000311,330,225,105
106000312,93,171,-78
106000313,170,183,-13
106000318,109,519,-410
106000319,1018,228,790
106000320,0,53,-53
106000321,264,111,153
106000322,127,171,-44
106000324,9,114,-105
106000325,1649,1009,640
106000326,976,1845,-869
106000327,127,101,26
106000328,32,127,-95
106000329,66,268,-202
106000330,40,58,-18
106000428,84,127,-43
106000429,108,352,-244
106000430,300,1168,-868
106000431,1974,382,1592
106000432,1756,2666,-910
106000433,2480,1256,1224
106000434,3078,1615,1463
106000435,1531,2484,-953
106000436,24,201,-177
106000437,291,37,254
106000438,445,168,277
106000439,77,400,-323
106000440,192,329,-137
106000441,6,0,6
106000442,104,12,92
106000443,148,304,-156
106000450,2,173,-171
106000451,24,54,-30
106000454,1,88,-87
106000455,6,190,-184
106000456,104,46,58
106000457,17,827,-810
106000458,735,102,633
106000459,162,390,-228
106000460,1580,27,1553
106000461,128,1148,-1020
106000462,0,35,-35
106000463,4,19,-15
106000464,4,448,-444
106000465,659,6,653
106000466,9,585,-576
106000467,316,472,-156
106000468,100,154,-54
106000469,163,1,162
106000470,288,1606,-1318
106000471,41,559,-518
106000472,210,17,193
106000473,46,17,29
106000474,278,512,-234
106000475,260,146,114
106000476,153,168,-15
106000477,7,33,-26
106900001,0,21,-21
106900002,2,380,-378
106900003,183,719,-536
106900004,1,43,-42
106900006,0,6,-6
106900007,1,12,-11
106900008,286,262,24
106900009,344,299,45
106900010,220,312,-92
106900012,1909,2079,-170
106900013,487,166,321
106900014,16,10,6
106900015,14,2,12
106900016,315,12,303
106900017,4,1,3
106900018,4,0,4
106900019,49,1,48
106900020,2048,1444,604
106900021,81,80,1
106900022,726,5,721
106900023,55,251,-196
106900024,620,32,588
106900025,63,545,-482
106900026,1,528,-527
106900027,745,4,741
107000001,4227,4041,186
107000002,3719,5115,-1396
107000003,6021,6732,-711
107000004,5680,5673,7
107000005,4277,5272,-995
107000006,4567,4815,-248
107000007,5749,10277,-4528
107000008,12527,9378,3149
107000009,7030,7750,-720
107000010,10556,10693,-137
107000011,1022,1463,-441
107000012,4008,3265,743
107000013,79,104,-25
107000014,44,188,-144
107000015,414,726,-312
107000016,582,866,-284
107000017,2902,1234,1668
107000018,28,800,-772
107000020,1668,986,682
107000021,1090,391,699
107000022,837,1402,-565
107000023,1854,225,1629
107000024,517,1492,-975
107000025,238,355,-117
107000026,206,517,-311
107000027,1351,1063,288
107000028,1428,1551,-123
107000029,2975,2594,381
107000030,2901,3092,-191
107000031,4171,2585,1586
107000032,644,1075,-431
107000033,3053,4565,-1512
107000034,3363,1744,1619
107000035,355,275,80
107000036,400,1188,-788
107000037,73,813,-740
107000038,237,303,-66
107000039,844,736,108
107000040,184,352,-168
107000041,1972,900,1072
107000042,807,2083,-1276
107000043,2747,1141,1606
107000044,529,389,140
107000045,73,357,-284
107000046,753,414,339
107000047,475,888,-413
107000048,661,330,331
107000049,561,852,-291
107000050,1104,460,644
107000051,331,325,6
107000052,1173,903,270
107000053,385,217,168
107000054,51,232,-181
107000055,106,101,5
107000056,454,739,-285
107000057,1040,200,840
107000058,2277,2476,-199
107000059,2488,3588,-1100
107000060,4238,5625,-1387
107000061,5429,3531,1898
107000062,4282,3085,1197
107000063,4712,5104,-392
107000064,4091,2299,1792
107000065,3805,4666,-861
107000066,1790,2365,-575
107000067,1138,1131,7
107000068,1383,721,662
107000069,760,459,301
107000070,1306,11,1295
107000071,3235,71,3164
107000072,70,2941,-2871
107000073,823,380,443
107000074,213,888,-675
107000075,1749,632,1117
107000076,750,1478,-728
107000077,3676,1476,2200
107000078,2714,3616,-902
107000079,2894,1138,1756
107000080,1300,3386,-2086
107000081,1700,600,1100
107000082,610,1844,-1234
107000083,1502,471,1031
107000084,458,1909,-1451
107000085,2900,3362,-462
107000086,3515,3515,0
107000087,2900,2062,838
107000088,3321,3798,-477
107000089,1472,1797,-325
107000090,1147,1098,49
107000091,1338,880,458
107000092,860,1029,-169
107000093,1138,811,327
107000094,1020,1140,-120
107000095,706,561,145
107000096,551,861,-310
107000097,632,244,388
107000098,542,448,94
107000099,509,402,107
107000100,385,295,90
107000101,94,184,-90
107000102,224,277,-53
107000103,249,184,65
107000104,218,234,-16
107000105,366,140,226
107000106,230,239,-9
107000107,531,183,348
107000108,153,529,-376
107000109,515,136,379
107000110,55,437,-382
107000111,259,51,208
107000112,34,252,-218
107000113,520,139,381
107000114,99,483,-384
107000115,516,124,392
107000116,119,701,-582
107000117,173,493,-320
107000118,137,190,-53
107000119,1409,1357,52
107000120,1116,429,687
107000121,981,752,229
107000122,1185,1015,170
107000123,470,495,-25
107000124,534,968,-434
107000125,762,500,262
107000126,529,557,-28
107000127,32,333,-301
107000129,198,124,74
107000130,292,240,52
107000131,446,368,78
107000132,631,376,255
107000133,956,102,854
107000134,403,1,402
107000135,2,327,-325
107000136,895,5,890
107000137,22,437,-415
107000138,362,26,336
107000139,27,459,-432
107000140,1640,136,1504
107000141,133,689,-556
107000142,387,92,295
107000143,72,692,-620
107000144,495,447,48
107000145,185,529,-344
107000146,195,360,-165
107000147,2933,877,2056
107000150,861,2940,-2079
107000151,61,162,-101
107000152,429,1304,-875
107000153,210,516,-306
107000154,250,303,-53
107000155,950,35,915
107000156,1234,28,1206
107000157,55,1510,-1455
107000158,393,24,369
107000159,19,695,-676
107000160,1094,139,955
107000161,98,1450,-1352
107000162,297,435,-138
107000163,237,8,229
107000164,640,0,640
107000165,1044,5,1039
107000166,65,1165,-1100
107000167,605,217,388
107000168,1039,455,584
107000169,591,901,-310
107000170,2329,943,1386
107000171,826,2025,-1199
107000172,1069,1360,-291
107000173,695,977,-282
107000174,1099,4882,-3783
107000175,6938,1793,5145
107000176,0,2,-2
107000177,6,3,3
107000178,22,26,-4
107000179,300,2138,-1838
107000180,1368,314,1054
107000181,449,1141,-692
107000182,1932,953,979
107000183,155,902,-747
107000184,984,738,246
107000185,597,1658,-1061
107000186,1411,572,839
107000187,1344,1374,-30
107000188,555,573,-18
107000189,500,1152,-652
107000190,712,755,-43
107000191,615,918,-303
107000192,1830,746,1084
107000193,359,480,-121
107000194,927,714,213
107000197,999,329,670
107000198,335,711,-376
107000199,681,672,9
107000200,683,792,-109
107000201,357,306,51
107000202,322,473,-151
107000203,1130,921,209
107000204,1396,879,517
107000205,2209,1081,1128
107000206,1050,1247,-197
107000207,721,1058,-337
107000208,1111,532,579
107000209,2456,1360,1096
107000210,984,462,522
107000211,2,53,-51
107000212,31,294,-263
107000213,2,24,-22
107000214,27,115,-88
107000215,484,387,97
107000216,425,351,74
107000217,110,133,-23
107000219,84,167,-83
107000220,201,202,-1
107000222,248,762,-514
107000224,457,74,383
107000225,184,466,-282
107000226,390,101,289
107000227,92,286,-194
107000228,69,184,-115
107000229,104,93,11
107000230,1039,469,570
107000231,1807,1714,93
107000232,81,31,50
107000233,1651,1008,643
107000234,5,57,-52
107000235,69,5,64
107000236,20,448,-428
107000237,46,2,44
107000238,43,2,41
107000239,2916,540,2376
107000240,61,809,-748
107000241,100,23,77
107000242,310,34,276
107000243,0,51,-51
107000244,2,76,-74
107000246,3,986,-983
107000249,2,994,-992
107000251,0,256,-256
107000252,3,1001,-998
107000255,478,112,366
107000257,2,354,-352
107000258,1,145,-144
107000259,2,196,-194
107000260,567,2,565
107000262,12,518,-506
107000263,244,11,233
107000266,4,8,-4
107000267,107,151,-44
107000268,113,140,-27
107000269,846,49,797
107000270,3,31,-28
107000271,19,589,-570
107000272,25,140,-115
107000273,5,214,-209
107000274,1141,319,822
107000275,44,997,-953
107000280,741,51,690
107000281,57,777,-720
107000282,42,809,-767
107000290,9,37,-28
107000291,15,7,8
107000292,2,40,-38
107000293,78,4,74
107000294,1,38,-37
107000295,24,1,23
107000296,1,17,-16
107000444,292,6,286
107000496,2,17,-15
107000497,1550,2361,-811
107000500,319,298,21
107000501,101,153,-52
107000502,214,290,-76
107000505,313,799,-486
107000506,7,87,-80
107000508,10,592,-582
107000509,272,861,-589
107000510,31,26,5
107000514,45,329,-284
107000515,19,197,-178
107000516,268,295,-27
107000518,847,1320,-473
107000519,1886,945,941
107000520,58,25,33
107900001,107,197,-90
107900002,80,5,75
107900003,351,19,332
107900004,108,0,108
107900005,1295,11,1284
107900006,200,2,198
107900007,309,71,238
107900008,91,33,58
107900009,148,6,142
107900010,22,2,20
107900012,363,50,313
107900013,259,24,235
107900014,32,15,17
107900015,1037,15,1022
107900016,371,83,288
107900017,30,4,26
107900018,67,154,-87
107900019,12,46,-34
107900020,49,10,39
107900021,52,160,-108
107900023,4,4,0
107900024,0,33,-33
107900025,188,268,-80
107900026,50,70,-20
107900027,30,36,-6
107900028,84,98,-14
107900030,179,39,140
107900031,65,109,-44
107900032,9,13,-4
107900033,13,4,9
107900034,460,27,433
107900035,836,51,785
107900036,67,22,45
107900037,0,37,-37
107900038,144,318,-174
107900039,31,40,-9
107900040,56,148,-92
107900041,3,0,3
107900043,45,123,-78
107900044,6,5,1
107900045,137,46,91
107900046,126,180,-54
107900047,23,56,-33
107900048,196,11,185
107900049,330,1147,-817
107900050,125,267,-142
107900051,111,61,50
107900052,19,37,-18
107900053,30,95,-65
107900055,1008,457,551
107900056,121,43,78
107900057,4,0,4
107900058,42,590,-548
107900060,97,36,61
107900061,14,6,8
107900063,102,129,-27
107900064,343,124,219
107900065,233,12,221
107900066,24,4,20
107900067,1,0,1
107900068,163,404,-241
107900069,28,1794,-1766
107900070,127,64,63
107900071,25,732,-707
107900072,137,180,-43
107900073,113,80,33
107900074,850,281,569
107900076,137,64,73
107900077,62,2,60
107900078,245,40,205
107900079,10,19,-9
107900080,282,533,-251
107900081,46,111,-65
107900082,18,17,1
107900083,352,223,129
107900084,115,155,-40
107900086,33,170,-137
107900087,782,200,582
107900088,39,11,28
107900089,260,937,-677
107900090,586,2203,-1617
107900091,252,470,-218
107900092,2176,520,1656
107900093,102,80,22
107900095,3334,2187,1147
107900097,36,78,-42
107900098,74,239,-165
107900100,1128,1361,-233
107900101,1127,246,881
107900102,37,9,28
107900103,51,153,-102
107900104,233,6,227
107900105,5,377,-372
107900106,3,876,-873
107900107,1302,551,751
107900108,262,151,111
107900109,1175,11,1164
107900110,37,108,-71
107900111,9,790,-781
107900112,95,331,-236
107900113,217,77,140
107900114,150,132,18
107900115,3,44,-41
107900116,170,197,-27
107900117,417,397,20
107900118,98,173,-75
107900119,66,258,-192
107900120,23,28,-5
107900121,0,118,-118
107900122,1,76,-75
107900123,5,35,-30
107900124,18,22,-4
107900125,29,181,-152
107900126,13,52,-39
107900127,530,317,213
107900128,80,83,-3
107900129,79,26,53
107900130,91,21,70
107900131,901,350,551
107900132,133,443,-310
107900133,0,75,-75
107900134,46,67,-21
107900135,8,172,-164
107900136,48,60,-12
107900137,139,109,30
107900138,68,58,10
107900139,28,53,-25
107900140,90,70,20
107900141,54,59,-5
107900142,81,907,-826
107900143,52,43,9
107900144,1,120,-119
107900145,8,124,-116
107900146,78,120,-42
107900147,45,45,0
107900148,173,143,30
107900149,960,290,670
107900150,72,706,-634
107900151,31,100,-69
107900152,12,199,-187
107900153,104,319,-215
107900154,55,24,31
107900155,62,58,4
107900156,17,293,-276
107900157,68,47,21
107900158,882,46,836
107900159,41,909,-868
107900160,75,184,-109
107900161,35,193,-158
107900162,1,123,-122
107900163,43,59,-16
107900164,8,35,-27
107900165,26,77,-51
107900166,15,249,-234
107900167,13,43,-30
107900168,35,49,-14
107900169,1,182,-181
107900171,15,1423,-1408
107900172,2,290,-288
107900173,34,174,-140
107900174,112,5,107
107900175,29,33,-4
107900176,24,55,-31
107900177,4,214,-210
107900178,0,162,-162
107900179,21,116,-95
107900180,715,560,155
107900181,444,286,158
107900182,1,930,-929
107900183,43,249,-206
107900184,81,286,-205
107900185,95,8,87
107900186,33,74,-41
107900187,1,225,-224
107900188,652,175,477
107900189,38,109,-71
107900190,69,146,-77
107900191,111,117,-6
107900193,6,46,-40
107900194,219,8,211
107900195,2513,470,2043
107900196,43,110,-67
107900197,1018,406,612
107900199,3,793,-790
107900201,89,78,11
107900203,52,65,-13
107900204,202,333,-131
107900205,207,453,-246
107900206,952,251,701
107900207,1,615,-614
107900208,11,544,-533
107900209,354,141,213
107900210,81,108,-27
107900213,1158,907,251
107900214,29,103,-74
107900215,194,391,-197
107900216,210,86,124
107900217,49,105,-56
107900218,20,1243,-1223
107900219,30,110,-80
107900220,277,273,4
107900221,208,219,-11
107900223,71,565,-494
107900224,164,462,-298
107900225,9,587,-578
107900226,94,106,-12
107900227,127,413,-286
107900228,15,94,-79
107900229,4,306,-302
107900230,17,111,-94
107900231,16,186,-170
107900232,60,127,-67
107900233,6,149,-143
107900234,89,106,-17
107900235,34,105,-71
107900236,93,58,35
107900237,51,393,-342
107900238,26,114,-88
107900239,841,467,374
107900240,31,91,-60
107900241,8,71,-63
107900242,30,242,-212
107900243,2,56,-54
107900244,284,3,281
107900245,634,60,574
107900246,400,18,382
107900248,422,428,-6
107900249,668,69,599
107900250,2,527,-525
107900251,80,1320,-1240
107900252,1088,25,1063
107900253,149,14,135
107900254,88,332,-244
107900255,296,108,188
107900256,1226,892,334
107900257,230,142,88
107900258,131,174,-43
107900259,106,1800,-1694
107900261,3,362,-359
107900262,68,118,-50
107900264,258,5,253
107900265,100,130,-30
107900267,202,6,196
107900268,20,3,17
107900269,0,5,-5
107900270,0,0,0
107900271,2,12,-10
107900272,116,23,93
107900273,28,127,-99
107900274,69,0,69
107900275,26,1,25
107900276,1,102,-101
107900277,1,176,-175
107900278,316,346,-30
107900279,112,221,-109
107900280,1844,2225,-381
107900281,1762,2450,-688
107900282,38,565,-527
107900283,1034,592,442
107900284,534,726,-192
107900285,101,87,14
107900286,149,119,30
107900287,224,185,39
107900290,0,134,-134
107900291,553,20,533
107900292,126,195,-69
107900293,64,388,-324
107900295,57,71,-14
107900297,0,336,-336
107900298,837,678,159
107900299,2863,2409,454
107900300,77,287,-210
107900301,521,556,-35
107900302,140,64,76
107900303,162,259,-97
107900304,338,533,-195
107900305,298,17,281
107900306,11,23,-12
107900307,62,240,-178
107900308,161,209,-48
107900309,75,2,73
107900310,525,4,521
107900311,5,329,-324
107900312,62,3,59
107900313,0,131,-131
107900314,0,56,-56
107900315,1,99,-98
107900316,24,2,22
107900317,111,19,92
107900318,24,168,-144
107900319,3,217,-214
107900320,3,182,-179
107900321,147,4,143
107900322,2,127,-125
107900323,2,140,-138
107900324,205,1,204
107900325,86,0,86
107900326,281,205,76
107900327,2,74,-72
107900328,128,1,127
107900329,141,87,54
107900330,11,355,-344
107900331,155,45,110
107900332,185,32,153
107900333,55,20,35
107900334,12,147,-135
107900335,61,36,25
107900336,54,43,11
107900337,927,786,141
107900338,4,150,-146
107900339,1,39,-38
107900340,0,58,-58
107900341,49,2,47
107900342,76,63,13
107900343,82,1,81
107900344,8,82,-74
107900345,117,27,90
107900346,34,4,30
107900347,36,5,31
107900348,43,3,40
107900349,16,12,4
107900350,20,263,-243
108000001,2875,3911,-1036
108000002,2056,2720,-664
108000003,4061,3550,511
108000004,12398,15899,-3501
108000005,8441,6578,1863
108000006,9161,8576,585
108000007,5409,4145,1264
108000008,4755,6652,-1897
108000009,3684,4767,-1083
108000010,3073,4763,-1690
108000011,12524,12721,-197
108000012,18302,16590,1712
108000014,873,665,208
108000015,702,257,445
108000016,281,517,-236
108000017,1106,400,706
108000018,1883,633,1250
108000019,2022,899,1123
108000020,1380,550,830
108000021,393,1729,-1336
108000022,441,1237,-796
108000023,1278,269,1009
108000024,299,522,-223
108000025,280,264,16
108000026,652,437,215
108000027,675,471,204
108000028,556,207,349
108000029,524,525,-1
108000030,702,215,487
108000031,262,696,-434
108000032,1581,668,913
108000033,807,1131,-324
108000034,1670,489,1181
108000035,773,2327,-1554
108000036,330,1016,-686
108000037,1617,456,1161
108000038,2576,662,1914
108000039,546,1971,-1425
108000040,1854,1011,843
108000041,700,2399,-1699
108000042,272,236,36
108000043,195,290,-95
108000044,519,160,359
108000045,306,539,-233
108000046,1405,381,1024
108000047,448,1031,-583
108000048,186,384,-198
108000049,894,277,617
108000050,102,383,-281
108000051,311,120,191
108000052,239,632,-393
108000053,455,205,250
108000054,480,979,-499
108000055,1131,577,554
108000056,1019,1234,-215
108000057,552,1320,-768
108000058,1703,3794,-2091
108000059,3402,1904,1498
108000060,169,357,-188
108000061,161,294,-133
108000062,749,553,196
108000063,462,550,-88
108000064,179,229,-50
108000065,505,589,-84
108000066,1559,886,673
108000067,1642,519,1123
108000068,707,424,283
108000069,167,938,-771
108000070,1950,758,1192
108000071,658,1555,-897
108000072,1680,1172,508
108000073,1544,1969,-425
108000074,599,420,179
108000075,407,1049,-642
108000076,879,592,287
108000077,627,802,-175
108000078,2361,1436,925
108000079,866,1713,-847
108000080,1141,601,540
108000081,594,1585,-991
108000082,973,1962,-989
108000083,1954,995,959
108000084,396,1227,-831
108000085,710,467,243
108000086,822,770,52
108000087,177,2072,-1895
108000088,175,10,165
108000089,370,427,-57
108000090,479,252,227
108000091,373,422,-49
108000092,134,82,52
108000093,161,512,-351
108000094,498,96,402
108000095,140,347,-207
108000096,288,119,169
108000097,132,363,-231
108000098,1569,1293,276
108000099,215,72,143
108000100,56,206,-150
108000101,1239,1338,-99
108000102,1532,2997,-1465
108000106,944,1,943
108000107,0,720,-720
108000108,814,58,756
108000109,8,632,-624
108000110,134,341,-207
108000111,187,595,-408
108000112,69,151,-82
108000113,530,259,271
108000115,361,325,36
108000117,779,406,373
108000118,80,234,-154
108000119,684,384,300
108000120,164,692,-528
108000121,235,429,-194
108000122,466,358,108
108000123,689,238,451
108000124,347,522,-175
108000125,348,260,88
108000126,184,375,-191
108000127,586,324,262
108000128,656,551,105
108000129,373,981,-608
108000130,452,274,178
108000131,895,570,325
108000132,1947,1582,365
108000133,924,573,351
108000134,561,538,23
108000135,1085,440,645
108000136,435,916,-481
108000137,483,312,171
108000138,252,389,-137
108000139,563,347,216
108000140,124,24,100
108000141,30,69,-39
108000142,70,102,-32
108000143,38,22,16
108000144,56,18,38
108000145,62,22,40
108000146,60,14,46
108000147,79,35,44
108000148,110,29,81
108000149,21,14,7
108000150,30,6,24
108000151,20,12,8
108000152,110,397,-287
108000153,451,121,330
108000154,43,9,34
108000155,29,25,4
108000156,268,124,144
108000157,146,837,-691
108000158,76,801,-725
108000159,507,220,287
108000160,3025,1122,1903
108000161,2788,2666,122
108000165,7,183,-176
108000172,4,364,-360
108000173,1935,2026,-91
108000175,270,114,156
108000178,401,322,79
108000179,175,886,-711
108000181,46,29,17
108000182,92,21,71
108000183,50,14,36
108000184,990,2173,-1183
108000185,281,473,-192
108000186,147,48,99
108000187,100,525,-425
108000188,638,282,356
108000189,633,1482,-849
108000190,43,153,-110
108000192,192,596,-404
108000193,812,34,778
108000194,53,14,39
108000195,1,999,-998
108000196,192,175,17
108000197,167,446,-279
108000198,480,290,190
108000199,2,149,-147
108000200,407,622,-215
108000202,4,203,-199
108000203,114,600,-486
108000204,119,56,63
108000205,300,431,-131
108000339,1409,450,959
108000364,135,342,-207
108000365,66,314,-248
108000367,184,450,-266
108000368,3,75,-72
108000369,785,206,579
108000371,1,567,-566
108000372,712,3,709
108000373,223,103,120
108000376,99,33,66
108000377,404,300,104
108000378,9781,10702,-921
108000379,41,249,-208
108000381,71,21,50
108000382,92,2,90
108000383,1,71,-70
108900001,88,965,-877
108900002,165,40,125
108900003,322,639,-317
108900004,141,369,-228
108900005,57,374,-317
108900006,682,234,448
108900007,281,248,33
108900008,147,200,-53
108900009,97,126,-29
108900010,193,189,4
108900011,533,496,37
108900012,373,524,-151
108900013,111,267,-156
108900014,13,145,-132
108900015,0,35,-35
108900016,1,215,-214
108900017,317,516,-199
108900018,172,483,-311
108900019,65,921,-856
108900020,47,214,-167
108900021,151,257,-106
108900022,103,12,91
108900023,1,27,-26
108900024,32,117,-85
108900025,124,133,-9
108900026,34,80,-46
108900027,0,88,-88
108900028,93,315,-222
108900029,63,221,-158
108900030,0,79,-79
108900031,112,376,-264
108900032,26,264,-238
108900033,0,115,-115
108900034,1,188,-187
108900035,378,1271,-893
108900036,219,298,-79
108900037,54,376,-322
108900038,1,302,-301
108900039,1,386,-385
108900040,12,126,-114
108900041,5598,3373,2225
108900042,5,325,-320
108900043,56,490,-434
108900044,2,471,-469
108900045,80,481,-401
108900046,52,742,-690
108900047,0,44,-44
108900048,153,853,-700
108900049,3296,1149,2147
108900050,0,210,-210
108900051,0,163,-163
108900052,20,204,-184
108900053,77,143,-66
108900054,75,215,-140
108900055,52,360,-308
108900056,0,174,-174
108900057,2,198,-196
108900058,29,351,-322
108900059,387,43,344
108900060,124,155,-31
108900061,111,33,78
108900062,7,240,-233
108900063,14,311,-297
108900064,196,90,106
108900065,12,236,-224
108900066,391,142,249
108900067,44,165,-121
108900068,3,102,-99
108900069,64,100,-36
108900070,45,112,-67
108900071,74,75,-1
108900072,2240,852,1388
108900073,6,58,-52
108900074,244,365,-121
108900075,73,51,22
108900076,316,85,231
108900077,96,118,-22
108900078,24,148,-124
108900079,872,280,592
108900080,52,962,-910
108900081,59,218,-159
108900082,90,111,-21
108900083,42,266,-224
108900084,427,157,270
108900085,2016,190,1826
108900086,95,251,-156
108900087,140,251,-111
108900088,1104,469,635
108900089,22,139,-117
108900090,47,252,-205
108900091,132,122,10
108900092,578,420,158
108900093,115,110,5
108900094,199,81,118
108900095,54,283,-229
108900096,340,24,316
108900097,284,244,40
108900098,2281,881,1400
108900099,417,269,148
108900100,100,122,-22
108900101,250,134,116
108900102,154,1041,-887
108900103,71,127,-56
108900104,137,323,-186
108900105,5,1097,-1092
108900106,463,335,128
108900108,477,56,421
108900109,40,32,8
108900110,251,486,-235
108900111,480,569,-89
108900112,295,46,249
108900113,47,76,-29
108900114,5,0,5
108900115,117,85,32
108900116,98,18,80
108900117,187,30,157
108900118,599,26,573
108900119,296,31,265
108900120,200,149,51
108900121,320,144,176
108900122,125,20,105
108900123,142,150,-8
108900124,424,180,244
108900125,414,6,408
108900126,104,50,54
108900127,218,13,205
108900128,108,37,71
108900129,766,203,563
108900130,345,3,342
108900131,423,8,415
108900132,488,85,403
108900133,201,58,143
108900134,334,269,65
108900135,160,12,148
108900136,67,1,66
108900137,160,0,160
108900138,699,56,643
108900139,701,139,562
108900140,301,244,57
108900141,347,15,332
108900142,145,5,140
108900143,40,0,40
108900144,94,1,93
108900145,153,11,142
108900146,75,0,75
108900147,220,0,220
108900148,73,36,37
108900149,558,319,239
108900150,225,6,219
108900151,277,12,265
108900152,194,62,132
108900153,184,348,-164
108900154,4615,501,4114
108900155,221,100,121
108900156,89,12,77
108900157,43,431,-388
108900158,384,19,365
108900159,5,246,-241
108900160,27,264,-237
108900161,32,400,-368
108900162,79,1,78
108900163,8,239,-231
108900164,42,98,-56
108900165,201,127,74
108900167,1734,5989,-4255
108900168,7350,2889,4461
108900169,60,125,-65
108900171,8148,2918,5230
108900172,214,45,169
108900173,210,385,-175
108900174,826,626,200
108900176,108,389,-281
108900177,5149,4697,452
108900178,4012,3387,625
108900179,608,1688,-1080
108900180,105,273,-168
108900182,43,250,-207
108900183,192,263,-71
108900184,461,265,196
108900185,122,442,-320
108900186,71,422,-351
108900187,354,75,279
108900188,501,77,424
108900189,533,231,302
108900190,62,2749,-2687
108900191,233,37,196
108900192,134,245,-111
108900193,204,45,159
108900194,27,349,-322
108900195,83,266,-183
108900196,46,370,-324
108900198,5,403,-398
108900199,290,362,-72
108900200,739,365,374
108900201,584,1586,-1002
108900203,601,55,546
108900204,379,15,364
108900205,156,23,133
108900206,437,47,390
108900207,183,89,94
108900208,13,317,-304
108900209,225,555,-330
108900210,204,222,-18
108900211,204,473,-269
108900212,697,1327,-630
108900215,70,429,-359
108900216,425,153,272
108900217,134,1,133
108900218,181,18,163
108900219,98,9,89
108900220,74,25,49
108900221,32,114,-82
108900222,276,22,254
108900223,5,140,-135
108900224,26,175,-149
108900225,1,139,-138
108900226,237,20,217
108900227,112,358,-246
108900230,258,264,-6
108900231,35,217,-182
108900232,3,215,-212
108900233,501,117,384
108900234,369,202,167
108900235,146,632,-486
108900236,75,357,-282
108900237,82,229,-147
108900240,174,112,62
108900241,95,45,50
108900245,15,1502,-1487
108900249,185,44,141
108900250,266,146,120
108900257,301,568,-267
108900258,11,195,-184
108900259,79,46,33
108900260,13,74,-61
108900261,75,119,-44
108900262,109,141,-32
108900263,30,145,-115
108900264,585,324,261
108900265,843,376,467
108900266,762,550,212
108900267,3,96,-93
108900268,15,9,6
108900269,93,23,70
108900270,115,15,100
108900271,58,8,50
108900272,224,12,212
108900273,991,745,246
108900274,61,52,9
109000001,2647,1292,1355
109000002,1417,1385,32
109000003,2500,478,2022
109000004,383,1997,-1614
109000005,2549,584,1965
109000006,644,1927,-1283
109000007,1632,646,986
109000008,495,1598,-1103
109000009,3665,1307,2358
109000010,1270,3487,-2217
109000011,3286,2329,957
109000012,1803,3261,-1458
109000013,3887,3158,729
109000014,1878,3376,-1498
109000015,3846,6624,-2778
109000016,5845,3575,2270
109000017,2388,1299,1089
109000018,800,2897,-2097
109000019,2576,1152,1424
109000020,852,1842,-990
109000023,210,34,176
109000024,10,186,-176
109000025,335,456,-121
109000026,610,281,329
109000027,97,267,-170
109000028,112,89,23
109000029,125,173,-48
109000030,64,476,-412
109000031,213,201,12
109000032,107,363,-256
109000033,312,210,102
109000034,59,38,21
109000035,27,103,-76
109000036,73,411,-338
109000037,279,1312,-1033
109000038,636,462,174
109000039,1022,818,204
109000040,4333,8110,-3777
109000041,3370,1667,1703
109000042,783,1404,-621
109000044,386,62,324
109000045,113,340,-227
109000046,396,91,305
109000047,86,424,-338
109000048,952,240,712
109000049,393,637,-244
109000050,416,271,145
109000051,381,318,63
109000052,591,931,-340
109000053,251,131,120
109000054,307,557,-250
109000055,218,345,-127
109000056,389,476,-87
109000057,758,546,212
109000058,1260,378,882
109000059,1062,1455,-393
109000060,359,273,86
109000061,943,1211,-268
109000062,170,383,-213
109000063,225,252,-27
109000064,258,198,60
109000065,143,219,-76
109000066,355,129,226
109000067,56,271,-215
109000068,2475,10,2465
109000069,841,16,825
109000070,9,961,-952
109000071,379,90,289
109000072,150,342,-192
109000073,63,76,-13
109000074,29,184,-155
109000075,110,329,-219
109000076,77,199,-122
109000077,298,323,-25
109000078,46,152,-106
109000079,99,161,-62
109000080,136,95,41
109000081,125,436,-311
109000082,462,230,232
109000083,285,649,-364
109000088,117,469,-352
109000089,309,63,246
109000090,198,403,-205
109000091,374,241,133
109000092,338,507,-169
109000093,213,235,-22
109000094,447,2,445
109000095,97,448,-351
109000096,698,227,471
109000097,99,150,-51
109000098,40,140,-100
109000099,1002,337,665
109000100,217,411,-194
109000101,1736,700,1036
109000102,363,733,-370
109000103,498,583,-85
109000104,1717,583,1134
109000105,425,1264,-839
109000106,2164,897,1267
109000107,637,1911,-1274
109000108,1834,714,1120
109000109,437,1864,-1427
109000110,1395,619,776
109000111,933,2131,-1198
109000112,459,169,290
109000113,314,175,139
109000114,152,277,-125
109000115,1345,33,1312
109000116,5,224,-219
109000117,225,78,147
109000118,17,318,-301
109000119,1317,264,1053
109000120,165,867,-702
109000121,481,34,447
109000122,127,849,-722
109000123,26,50,-24
109000124,637,448,189
109000125,806,353,453
109000126,400,910,-510
109000127,867,266,601
109000128,445,1558,-1113
109000129,2186,908,1278
109000130,643,1868,-1225
109000131,992,606,386
109000132,870,2024,-1154
109000133,400,991,-591
109000134,842,1377,-535
109000135,1185,1504,-319
109000136,335,330,5
109000137,322,367,-45
109000138,447,341,106
109000139,473,459,14
109000140,221,369,-148
109000141,595,479,116
109000142,99,465,-366
109000143,120,65,55
109000145,114,237,-123
109000146,38,109,-71
109000148,3536,1753,1783
109000149,26,32,-6
109000150,80,279,-199
109000155,743,601,142
109000156,1078,711,367
109000158,221,310,-89
109000159,162,550,-388
109000160,938,241,697
109000161,313,1098,-785
109000162,1774,626,1148
109000163,1151,1931,-780
109000164,1118,2477,-1359
109000165,1304,509,795
109000166,664,139,525
109000167,96,592,-496
109000170,33,57,-24
109000171,76,25,51
109000172,45,60,-15
109000173,47,86,-39
109000174,78,49,29
109000175,48,82,-34
109000176,275,269,6
109000177,22,116,-94
109000178,324,113,211
109000179,4921,4772,149
109000180,5082,3697,1385
109000181,18,35,-17
109000182,33,41,-8
109000183,60,59,1
109000184,55,22,33
109000185,26,65,-39
109000188,608,1794,-1186
109000189,2536,1041,1495
109000190,663,446,217
109000191,269,436,-167
109000192,386,217,169
109000193,190,304,-114
109000194,286,129,157
109000195,150,358,-208
109000196,327,135,192
109000197,234,401,-167
109000198,300,65,235
109000199,108,457,-349
109000206,230,49,181
109000207,144,53,91
109000208,106,81,25
109000209,179,115,64
109000210,155,561,-406
109000211,210,251,-41
109000214,439,405,34
109000215,166,83,83
109000216,258,272,-14
109000217,169,112,57
109000218,400,213,187
109000221,482,1215,-733
109000222,993,266,727
109000223,322,328,-6
109000224,50,131,-81
109000225,89,29,60
109000226,57,235,-178
109000227,992,983,9
109000228,5,778,-773
109000231,0,328,-328
109000232,355,313,42
109000236,314,714,-400
109000241,2175,2042,133
109000242,2114,1466,648
109000293,22,94,-72
109000361,142,308,-166
109000364,242,542,-300
109000396,5,543,-538
109000397,622,17,605
109000399,103,416,-313
109000400,71,154,-83
109000403,199,787,-588
109000406,343,37,306
109000407,331,176,155
109000408,1,196,-195
109000410,996,280,716
109000411,85,9,76
109900001,98,0,98
109900002,939,22,917
109900003,233,0,233
109900004,1207,156,1051
109900005,25,4,21
109900006,501,189,312
109900007,747,534,213
109900008,0,27,-27
109900009,159,526,-367
109900010,544,19,525
109900011,103,59,44
109900012,313,265,48
109900013,408,209,199
109900014,418,85,333
109900015,581,208,373
109900016,178,39,139
109900017,180,255,-75
109900018,294,93,201
109900019,259,66,193
109900020,46,37,9
109900021,32,16,16
109900022,58,172,-114
109900023,23,0,23
109900024,19,7,12
109900025,35,55,-20
109900026,5,154,-149
109900027,39,35,4
109900028,1516,810,706
109900029,5,321,-316
109900030,58,6,52
109900031,1,213,-212
109900032,11,311,-300
109900033,1,488,-487
109900034,32,0,32
109900035,13,26,-13
109900036,27,72,-45
109900037,16,501,-485
109900038,87,242,-155
109900039,5,0,5
109900040,24,521,-497
109900041,68,413,-345
109900042,28,464,-436
109900044,102,239,-137
109900045,128,49,79
109900046,15,71,-56
109900047,325,296,29
109900048,1,80,-79
109900049,16,33,-17
109900050,2,109,-107
109900051,0,37,-37
109900052,135,313,-178
109900053,3,291,-288
109900054,626,243,383
109900055,68,335,-267
109900056,30,185,-155
109900057,10,187,-177
109900058,1,64,-63
109900059,657,155,502
109900060,389,134,255
109900061,40,266,-226
109900062,1,144,-143
109900063,14,497,-483
109900064,515,240,275
109900065,66,147,-81
109900066,347,853,-506
109900067,1,206,-205
109900068,82,9,73
109900069,4,39,-35
109900070,60,337,-277
109900071,1,40,-39
109900072,27,170,-143
109900073,425,440,-15
109900074,6,44,-38
109900075,30,60,-30
109900076,22,184,-162
109900077,26,51,-25
109900078,102,234,-132
109900080,126,374,-248
109900081,36,235,-199
109900082,39,369,-330
109900083,13,68,-55
109900084,42,151,-109
109900085,188,722,-534
109900086,184,398,-214
109900087,342,577,-235
109900089,690,197,493
109900090,578,1133,-555
109900091,333,92,241
109900092,616,26,590
109900093,859,195,664
109900094,101,102,-1
109900095,114,249,-135
109900096,35,7,28
109900097,77,1,76
109900098,355,47,308
109900099,174,2,172
109900100,42,2,40
109900101,400,18,382
109900102,579,16,563
109900103,16,48,-32
109900104,621,666,-45
109900105,493,26,467
109900106,317,50,267
109900107,467,68,399
109900108,136,304,-168
109900109,23,143,-120
109900110,87,307,-220
109900111,350,885,-535
109900112,373,586,-213
109900113,831,589,242
109900114,1561,981,580
109900115,219,106,113
109900117,1043,148,895
109900118,231,472,-241
109900119,645,345,300
109900120,72,29,43
109900121,505,485,20
109900122,390,8,382
109900123,27,170,-143
109900124,23,449,-426
109900125,2,163,-161
109900126,268,102,166
109900128,309,56,253
109900130,6984,2595,4389
109900131,43,120,-77
109900132,18,132,-114
109900133,63,259,-196
109900134,97,95,2
109900135,372,74,298
109900136,47,147,-100
109900137,101,285,-184
109900138,343,304,39
109900140,185,157,28
109900141,426,259,167
109900142,1334,340,994
109900145,7,531,-524
109900146,463,49,414
109900148,58,95,-37
109900149,34,87,-53
109900150,7,96,-89
109900151,1,43,-42
109900152,0,30,-30
109900153,2,33,-31
109900154,50,0,50
109900155,83,18,65
109900157,69,203,-134
109900158,71,142,-71
109900159,145,52,93
109900160,177,49,128
109900161,230,86,144
109900162,195,125,70
109900163,786,314,472
109900164,65,156,-91
109900165,342,9,333
109900166,3,147,-144
109900167,148,537,-389
109900168,201,659,-458
109900169,249,197,52
109900170,242,724,-482
109900171,200,92,108
109900172,206,255,-49
109900173,2903,2187,716
109900174,93,129,-36
109900175,72,97,-25
109900176,128,147,-19
109900177,40,201,-161
109900178,5,123,-118
109900179,34,14,20
109900180,11,21,-10
110000001,918,522,396
110000002,515,759,-244
110000003,1011,741,270
110000004,508,760,-252
110000005,438,1903,-1465
110000006,390,304,86
110000007,115,115,0
110000008,29,60,-31
110000009,53,30,23
110000010,38,79,-41
110000011,49,89,-40
110000012,537,436,101
110000013,45,522,-477
110000014,444,420,24
110000015,283,515,-232
110000016,225,1611,-1386
110000017,2631,263,2368
110000018,2415,482,1933
110000019,8,100,-92
110000020,401,212,189
110000021,584,489,95
110000022,982,199,783
110000023,10,125,-115
110000024,695,336,359
110000025,423,8,415
110000026,13,313,-300
110000027,1268,772,496
110000028,777,700,77
110000029,560,757,-197
110000030,210,389,-179
110000031,262,564,-302
110000032,667,387,280
110000033,381,97,284
110000034,481,748,-267
110000035,963,561,402
110000036,772,713,59
110000037,284,455,-171
110000038,325,689,-364
110000039,722,3350,-2628
110000040,360,313,47
110000041,298,1342,-1044
110000042,102,348,-246
110000043,736,268,468
110000044,122,271,-149
110000045,1154,90,1064
110000046,6,18,-12
110000047,53,31,22
110000048,11,30,-19
110000049,79,9,70
110000050,2,118,-116
110000051,37,13,24
110000052,22,35,-13
110000053,369,50,319
110000054,221,275,-54
110000055,869,100,769
110000056,233,83,150
110000057,365,617,-252
110000058,1258,487,771
110000059,1077,524,553
110000060,825,1218,-393
110000061,965,665,300
110000062,693,938,-245
110000063,30,109,-79
110000064,99,101,-2
110000065,104,77,27
110000066,91,37,54
110000067,128,201,-73
110000068,365,165,200
110000069,248,126,122
110000071,156,103,53
110000073,15,31,-16
110000075,12,86,-74
110000076,258,372,-114
110000077,399,1273,-874
110000078,45,42,3
110000080,263,717,-454
110000081,50,308,-258
110000082,23,407,-384
110000083,257,601,-344
110000084,1133,965,168
110000085,2173,1716,457
110000086,1675,2546,-871
110000087,24,67,-43
110000088,69,239,-170
110000089,282,119,163
110000090,218,289,-71
110000091,1170,315,855
110000092,20,60,-40
110000093,59,21,38
110000094,432,298,134
110000095,251,578,-327
110000096,2197,1985,212
110000097,1218,1374,-156
110000098,2348,701,1647
110000099,714,1654,-940
110000100,847,447,400
110000101,15,302,-287
110000102,65,24,41
110000104,369,116,253
110000105,90,255,-165
110000106,777,421,356
110000107,266,349,-83
110000108,161,75,86
110000109,252,287,-35
110000110,3289,5587,-2298
110000111,6580,2971,3609
110000112,1380,1387,-7
110000113,508,2296,-1788
110000114,141,554,-413
110000115,342,278,64
110000116,50,46,4
110000117,169,281,-112
110000118,448,137,311
110000119,216,312,-96
110000120,361,170,191
110000121,59,347,-288
110000122,453,577,-124
110000123,534,902,-368
110000124,4,971,-967
110000125,1124,23,1101
110000126,311,24,287
110000127,1284,71,1213
110000128,35,1417,-1382
110000129,2,432,-430
110000130,262,211,51
110000131,76,315,-239
110000132,5,680,-675
110000133,65,516,-451
110000134,32,382,-350
110000135,206,42,164
110000136,53,285,-232
110000137,548,646,-98
110000138,821,630,191
110000139,805,1056,-251
110000140,980,718,262
110000143,611,462,149
110000144,6261,2036,4225
110000145,2185,1175,1010
110000146,2393,994,1399
110000147,474,684,-210
110000148,510,245,265
110000151,1136,1164,-28
110000152,979,337,642
110000153,88,44,44
110000154,43,35,8
110000155,2375,4530,-2155
110000156,1078,2966,-1888
110000157,2371,2357,14
110000160,355,214,141
110000161,169,288,-119
110000166,604,120,484
110000167,824,585,239
110000168,1128,540,588
110000169,992,384,608
110000170,190,75,115
110000171,666,136,530
110000172,175,774,-599
110000173,1057,1198,-141
110000174,163,970,-807
110000175,663,77,586
110000176,137,291,-154
110000177,158,797,-639
110000178,395,1502,-1107
110000179,1133,403,730
110000180,185,247,-62
110000181,391,494,-103
110000182,427,127,300
110000183,8830,6888,1942
110000184,298,2267,-1969
110000185,1010,676,334
110000186,845,757,88
110000191,902,289,613
110000192,601,6,595
110000193,1099,16,1083
110000194,27,1107,-1080
110000195,494,331,163
110000196,387,327,60
110000197,116,142,-26
110000198,126,98,28
110000199,82,146,-64
110000200,1239,581,658
110000201,937,935,2
110000202,1248,615,633
110000203,700,742,-42
110000204,4,233,-229
110000205,145,52,93
110000206,614,1427,-813
110000207,1045,425,620
110000208,215,184,31
110000209,138,846,-708
110000210,1002,504,498
110000211,600,627,-27
110000212,415,991,-576
110000213,210,66,144
110000214,259,134,125
110000215,184,402,-218
110000216,120,349,-229
110000217,263,163,100
110000218,172,318,-146
110000219,348,88,260
110000220,75,274,-199
110000221,379,101,278
110000222,84,148,-64
110000223,2,140,-138
110000224,67,11,56
110000225,268,723,-455
110000226,230,89,141
110000227,642,667,-25
110000228,216,159,57
110000229,4,249,-245
110000230,507,560,-53
110000231,166,239,-73
110000232,352,169,183
110000233,274,289,-15
110000234,756,672,84
110000235,922,1230,-308
110000236,572,720,-148
110000237,1773,1095,678
110000238,1155,1301,-146
110000239,1823,1100,723
110000240,2,68,-66
110000242,1,9,-8
110000243,115,159,-44
110000244,161,304,-143
110000245,19,346,-327
110000246,764,503,261
110000247,1396,4657,-3261
110000248,2321,1546,775
110000249,87,15,72
110000250,41,214,-173
110000251,316,545,-229
110000252,320,189,131
110000253,1486,713,773
110000254,646,1466,-820
110000255,258,965,-707
110000256,501,363,138
110000257,836,380,456
110000258,7,396,-389
110000259,84,21,63
110000260,27,243,-216
110000263,642,126,516
110000264,306,518,-212
110000265,1038,1913,-875
110000266,2623,3393,-770
110000267,25,257,-232
110000268,396,560,-164
110000269,1,99,-98
110000270,66,3,63
110000271,1398,283,1115
110000272,1237,1045,192
110000273,4849,1819,3030
110000274,181,1439,-1258
110000275,1961,530,1431
110000276,254,327,-73
110000277,285,379,-94
110000278,332,675,-343
110000279,803,779,24
110000280,439,446,-7
110000281,41,345,-304
110000282,360,29,331
110000283,108,169,-61
110000284,73,49,24
110000285,2,813,-811
110000286,37,1,36
110000287,73,2,71
110000288,2,85,-83
110000289,477,1702,-1225
110000290,873,568,305
110000291,4304,1365,2939
110000292,1421,4579,-3158
110000293,725,809,-84
110000294,948,1159,-211
110000295,316,961,-645
110000296,731,413,318
110000297,2535,343,2192
110000298,174,561,-387
110000299,306,141,165
110000301,242,33,209
110000302,202,781,-579
110000303,520,7,513
110000304,127,238,-111
110000305,1278,30,1248
110000306,122,1239,-1117
110000307,1811,6,1805
110000308,766,5,761
110000309,6,756,-750
110000310,803,49,754
110000311,13,628,-615
110000312,410,99,311
110000313,3008,3600,-592
110000314,2,260,-258
110000315,3589,2919,670
110000316,452,1316,-864
110000317,555,376,179
110000318,5,66,-61
110000319,13,33,-20
110000320,65,51,14
110000321,33,55,-22
110000322,315,319,-4
110000323,318,179,139
110000324,3185,1489,1696
110000325,2839,3064,-225
110000327,715,377,338
110000328,244,388,-144
110000333,850,696,154
110000334,962,1366,-404
110000335,816,597,219
110000336,764,1014,-250
110000337,1329,605,724
110000338,505,213,292
110000339,306,238,68
110000340,72,158,-86
110000341,454,516,-62
110000342,692,4,688
110000343,1,25,-24
110000344,76,140,-64
110000345,140,126,14
110000346,2620,2065,555
110000347,1117,815,302
110000348,24,25,-1
110000349,12,19,-7
110000350,85,9,76
110000351,920,752,168
110000352,685,1458,-773
110000353,2163,744,1419
110000354,1132,2510,-1378
110000355,124,92,32
110000356,539,7,532
110000357,391,12,379
110000361,22,43,-21
110000362,67,80,-13
110000363,391,98,293
110000364,213,301,-88
110000365,153,6,147
110000366,0,98,-98
110000367,529,249,280
110000368,3,55,-52
110000369,51,3,48
110000373,10,298,-288
110000374,256,17,239
110000375,135,840,-705
110000376,28,88,-60
110000377,49,445,-396
110000378,22,339,-317
110000379,2553,1560,993
110000380,57,15,42
110000383,1,993,-992
110000384,1928,718,1210
110000385,1,275,-274
110000387,86,17,69
110000388,37,235,-198
110000389,803,11,792
110000391,619,326,293
110000396,173,153,20
110000397,130,165,-35
110000398,4,49,-45
110000399,125,2,123
110000587,108,45,63
110000589,164,120,44
110000640,224,47,177
110000652,42,473,-431
110000653,268,342,-74
110000654,49,133,-84
110000656,2,590,-588
110000674,30,26,4
110000675,20,19,1
110000676,3,41,-38
110000679,310,1327,-1017
110000682,117,230,-113
110000683,331,535,-204
110000684,6,43,-37
110000685,21,15,6
110000686,3,35,-32
110000687,32,13,19
110000688,66,785,-719
110000689,32,38,-6
110000692,57,153,-96
110000693,86,256,-170
110000694,0,167,-167
110000695,203,577,-374
110000696,108,104,4
110900001,289,10,279
110900002,370,245,125
110900003,749,610,139
110900004,464,202,262
110900005,2622,2007,615
110900006,33,12,21
110900007,128,27,101
110900008,10,26,-16
110900009,462,85,377
110900010,14,77,-63
110900011,21,115,-94
110900012,12,81,-69
110900013,876,118,758
110900014,236,12,224
110900015,522,594,-72
110900016,52,111,-59
110900017,448,37,411
110900018,539,47,492
110900019,146,29,117
110900020,70,221,-151
110900021,98,658,-560
110900022,92,315,-223
110900023,98,407,-309
110900024,15,413,-398
110900025,4,47,-43
110900027,34,301,-267
110900028,47,158,-111
110900029,27,360,-333
110900030,47,254,-207
110900031,1,128,-127
110900032,0,80,-80
110900033,40,241,-201
110900035,17,439,-422
110900036,91,35,56
110900037,77,23,54
110900038,961,219,742
110900039,16,290,-274
110900040,237,42,195
110900041,17,82,-65
110900042,141,47,94
110900043,1,126,-125
110900044,322,21,301
110900045,45,521,-476
110900046,30,238,-208
110900047,578,287,291
110900049,121,76,45
110900050,16,3,13
110900051,44,252,-208
110900052,4,137,-133
110900053,126,32,94
110900054,33,232,-199
110900055,37,6,31
110900056,55,145,-90
110900057,18,109,-91
110900058,224,185,39
110900059,641,544,97
110900060,506,141,365
110900061,20,57,-37
110900062,159,251,-92
110900063,47,135,-88
110900064,15,0,15
110900065,292,128,164
110900066,12,56,-44
110900067,274,546,-272
110900068,161,228,-67
110900069,13,14,-1
110900070,140,61,79
110900071,306,691,-385
110900073,1,34,-33
110900074,434,160,274
110900075,394,87,307
110900077,785,613,172
110900078,32,52,-20
110900079,2327,1550,777
110900080,145,68,77
110900081,13,51,-38
110900082,129,123,6
110900083,136,51,85
110900084,36,88,-52
110900085,59,284,-225
110900086,85,351,-266
110900087,349,86,263
110900088,22,2,20
110900090,35,49,-14
110900091,2,53,-51
110900093,223,128,95
110900095,58,65,-7
110900097,10,13,-3
110900098,26,81,-55
110900099,58,352,-294
110900100,0,29,-29
110900102,71,29,42
110900105,632,264,368
110900108,9,84,-75
110900111,383,172,211
110900112,817,5,812
110900113,537,47,490
110900115,7,44,-37
110900116,744,1768,-1024
110900118,113,2732,-2619
110900119,4073,377,3696
110900120,18,50,-32
110900121,159,3,156
110900122,361,225,136
110900125,431,409,22
110900127,722,1472,-750
110900128,246,304,-58
110900129,501,948,-447
110900130,996,489,507
110900131,278,57,221
110900132,318,97,221
110900133,137,225,-88
110900135,105,360,-255
110900136,304,14,290
110900137,44,3,41
110900138,939,322,617
110900139,9,55,-46
110900140,70,5,65
110900141,2,130,-128
110900142,78,135,-57
110900143,176,78,98
110900144,4,674,-670
110900145,158,38,120
110900146,320,153,167
110900147,125,339,-214
110900148,1,322,-321
110900149,3,77,-74
110900150,39,25,14
110900151,4,67,-63
110900152,32,165,-133
110900153,148,51,97
111000001,343,192,151
111000002,344,538,-194
111000003,1057,689,368
111000004,447,891,-444
111000005,1452,1232,220
111000006,982,1700,-718
111000007,4669,3074,1595
111000008,2079,3480,-1401
111000009,397,852,-455
111000010,826,264,562
111000011,240,913,-673
111000012,457,450,7
111000013,314,749,-435
111000014,989,504,485
111000017,126,932,-806
111000018,267,386,-119
111000020,891,2476,-1585
111000021,78,105,-27
111000023,101,82,19
111000025,4207,3602,605
111000029,75,145,-70
111000030,52,132,-80
111000031,2057,1317,740
111000032,526,349,177
111000033,295,325,-30
111000034,218,242,-24
111000037,1772,1149,623
111000038,4319,2759,1560
111000039,2103,2389,-286
111000040,1906,2572,-666
111000041,1903,1888,15
111000042,3196,2635,561
111000043,1908,3250,-1342
111000044,1881,1236,645
111000045,2277,2292,-15
111000046,1678,1745,-67
111000047,2478,3876,-1398
111000049,563,573,-10
111000050,1318,1252,66
111000051,589,1012,-423
111000052,639,1815,-1176
111000053,381,978,-597
111000054,384,877,-493
111000055,967,1692,-725
111000056,157,478,-321
111000057,98,546,-448
111000058,373,78,295
111000059,678,293,385
111000060,3745,796,2949
111000061,560,337,223
111000062,699,330,369
111000063,1676,906,770
111000064,600,567,33
111000065,1134,796,338
111000066,440,480,-40
111000067,504,637,-133
111000068,689,1016,-327
111000069,1677,2084,-407
111000070,834,913,-79
111000071,160,609,-449
111000072,851,317,534
111000073,240,525,-285
111000074,1460,1640,-180
111000075,1193,693,500
111000076,457,638,-181
111000077,1789,1736,53
111000078,2995,1657,1338
111000079,1309,799,510
111000080,523,722,-199
111000081,1643,3496,-1853
111000082,581,604,-23
111000084,756,486,270
111000085,933,1414,-481
111000086,2343,1129,1214
111000087,669,722,-53
111000088,4799,2310,2489
111000089,800,823,-23
111000090,916,1588,-672
111000091,825,524,301
111000092,1320,922,398
111000093,773,1098,-325
111000094,1768,1095,673
111000095,757,2257,-1500
111000096,1971,7757,-5786
111000097,4077,1511,2566
111000098,739,1099,-360
111000099,650,1771,-1121
111000100,416,1410,-994
111000101,375,687,-312
111000102,251,611,-360
111000104,702,200,502
111000107,143,629,-486
111000109,787,273,514
111000110,1216,555,661
111000111,2150,601,1549
111000112,1648,659,989
111000113,919,1332,-413
111000114,1628,3113,-1485
111000115,6256,1316,4940
111000116,919,1032,-113
111000117,430,901,-471
111000118,1427,1023,404
111000119,1148,1125,23
111000120,432,645,-213
111000121,248,682,-434
111000122,682,1245,-563
111000123,1137,2906,-1769
111000124,488,2596,-2108
111000125,218,1407,-1189
111000126,73,780,-707
111000127,859,168,691
111000128,1669,286,1383
111000129,2603,487,2116
111000130,2147,690,1457
111000131,1561,614,947
111000132,1373,809,564
111000133,233,177,56
111000134,122,128,-6
111000135,49,121,-72
111000136,291,334,-43
111000138,6,7,-1
111000140,3,7,-4
111000141,183,339,-156
111000142,10,102,-92
111000143,2,90,-88
111000144,25,186,-161
111000145,1649,17,1632
111000146,134,14,120
111000147,273,30,243
111000148,160,82,78
111000149,8,42,-34
111000150,20,5,15
111000151,5,26,-21
111000153,706,768,-62
111000154,829,160,669
111000155,86,200,-114
111000156,402,723,-321
111000157,302,1127,-825
111000158,988,673,315
111000159,2475,667,1808
111000160,444,302,142
111000161,15,321,-306
111000162,61,165,-104
111000163,690,994,-304
111000164,646,3665,-3019
111000165,1066,630,436
111000166,2406,478,1928
111000167,140,467,-327
111000168,225,490,-265
111000169,282,726,-444
111000170,552,411,141
111000171,522,638,-116
111000172,204,375,-171
111000173,358,737,-379
111000174,211,357,-146
111000175,47,295,-248
111000176,294,117,177
111000177,331,199,132
111000178,1083,281,802
111000179,217,165,52
111000180,244,404,-160
111000181,1031,202,829
111000182,194,237,-43
111000183,345,283,62
111000184,333,272,61
111000185,377,435,-58
111000186,326,298,28
111000187,173,222,-49
111000188,221,368,-147
111000189,1038,648,390
111000190,197,327,-130
111000191,152,334,-182
111000192,217,483,-266
111000193,271,290,-19
111000194,48,337,-289
111000195,108,326,-218
111000196,63,171,-108
111000197,394,158,236
111000198,441,96,345
111000199,197,126,71
111000200,398,274,124
111000201,567,244,323
111000202,223,158,65
111000203,298,271,27
111000204,394,747,-353
111000213,219,405,-186
111000214,1664,1506,158
111000215,949,1245,-296
111000217,1416,1031,385
111000218,1107,1219,-112
111000219,373,234,139
111000220,1891,690,1201
111000221,748,128,620
111000224,2,236,-234
111000225,224,38,186
111000226,92,7,85
111000227,34,1,33
111000228,28,365,-337
111000229,51,867,-816
111000230,409,423,-14
111000231,1040,836,204
111000232,803,942,-139
111000233,854,725,129
111000234,154,502,-348
111000239,118,164,-46
111000240,42,233,-191
111000241,72,314,-242
111000242,215,76,139
111000243,148,547,-399
111000244,539,98,441
111000245,1510,437,1073
111000246,488,463,25
111000247,333,801,-468
111000248,650,520,130
111000249,451,665,-214
111000250,43,116,-73
111000251,69,110,-41
111000253,14,20,-6
111000255,22,9,13
111000257,25,17,8
111000260,116,974,-858
111000261,1287,137,1150
111000271,43,241,-198
111000273,3881,1561,2320
111000274,1113,1969,-856
111000275,117,59,58
111000276,293,1949,-1656
111000277,171,441,-270
111000278,586,235,351
111000291,631,5002,-4371
111000298,642,317,325
111000299,641,185,456
111000300,140,481,-341
111000302,306,91,215
111000303,85,209,-124
111000312,68,68,0
111000315,1,37,-36
111000320,335,696,-361
111000321,334,127,207
111000322,352,447,-95
111000323,190,22,168
111000324,388,337,51
111000325,38,72,-34
111000326,192,282,-90
111000327,370,400,-30
111000328,202,442,-240
111000329,0,26,-26
111000330,60,3,57
111000331,30,5,25
111000332,583,1405,-822
111000334,440,1159,-719
111000335,950,304,646
111000337,1254,488,766
111000338,83,129,-46
111000339,746,407,339
111000340,173,576,-403
111000341,1184,704,480
111000342,198,432,-234
111000344,1125,773,352
111000345,252,44,208
111000346,11,89,-78
111000347,152,10,142
111000350,96,104,-8
111000351,134,231,-97
111000352,156,88,68
111000353,125,257,-132
111000354,568,81,487
111000355,395,624,-229
111000358,150,1085,-935
111000360,221,579,-358
111000361,149,287,-138
111000546,715,627,88
111000547,445,536,-91
111000548,130,318,-188
111000549,300,378,-78
111000550,58,815,-757
111000551,586,179,407
111000552,1476,112,1364
111000907,328,22,306
111000908,4,0,4
111000916,1741,399,1342
111000917,48,446,-398
111000918,177,766,-589
111000920,504,19,485
111000921,5,173,-168
111000922,512,302,210
111000924,67,688,-621
111000925,2156,1940,216
111000926,992,1445,-453
111000927,3087,4723,-1636
111000928,4551,3613,938
111000929,1212,1363,-151
111000930,685,2529,-1844
111000931,2504,2999,-495
111000932,4727,2813,1914
111000933,3529,2262,1267
111000934,1841,4005,-2164
111000935,1220,949,271
111000936,1101,2157,-1056
111000937,840,1419,-579
111000938,1573,1533,40
111000939,466,25,441
111000940,446,146,300
111000941,332,453,-121
111000943,352,257,95
111000944,145,355,-210
111000945,117,1354,-1237
111001109,456,380,76
111001110,132,555,-423
111001111,83,9,74
111001112,125,5,120
111001113,1,128,-127
111001114,886,105,781
111001115,23,405,-382
111001116,5098,3846,1252
111001117,671,2619,-1948
111001120,93,287,-194
111001121,160,231,-71
111001122,44,244,-200
111900001,14,101,-87
111900002,34,674,-640
111900003,5,285,-280
111900004,58,123,-65
111900006,13,24,-11
111900007,124,5,119
111900008,199,1,198
111900009,150,202,-52
111900010,429,514,-85
111900012,69,126,-57
111900013,8,122,-114
111900014,5177,3560,1617
111900015,0,64,-64
111900016,0,124,-124
111900017,0,106,-106
111900018,242,3,239
111900019,5,116,-111
111900020,1,51,-50
111900021,31,110,-79
111900022,25,90,-65
111900023,152,117,35
111900024,0,78,-78
111900025,0,41,-41
111900026,1,97,-96
111900027,5,178,-173
111900028,1,350,-349
111900029,3,142,-139
111900030,38,348,-310
111900031,9,41,-32
111900032,3,302,-299
111900033,6,93,-87
111900034,272,335,-63
111900035,43,192,-149
111900036,0,269,-269
111900038,277,526,-249
111900039,87,376,-289
111900040,2,429,-427
111900042,74,126,-52
111900043,2,314,-312
111900044,324,237,87
111900046,46,161,-115
111900048,199,598,-399
111900049,44,227,-183
111900050,135,37,98
111900051,1,190,-189
111900052,387,407,-20
111900053,1155,1422,-267
111900054,193,5,188
111900055,24,407,-383
111900056,160,321,-161
111900057,152,25,127
111900058,461,644,-183
111900059,1477,576,901
111900060,388,2,386
111900061,14,244,-230
111900062,14,49,-35
111900063,386,275,111
111900064,91,253,-162
111900065,117,67,50
111900066,160,146,14
111900067,1,308,-307
111900068,47,53,-6
111900069,62,35,27
111900070,148,128,20
111900071,1,241,-240
111900072,42,24,18
111900073,730,153,577
111900074,21,181,-160
111900075,74,14,60
111900076,200,68,132
111900077,55,3,52
111900078,277,17,260
111900079,49,52,-3
111900080,219,214,5
111900081,721,161,560
111900082,127,31,96
111900083,126,12,114
111900084,133,1,132
111900085,41,116,-75
111900086,27,5,22
111900087,63,0,63
111900088,440,6,434
111900089,124,2,122
111900090,58,55,3
111900091,220,4,216
111900092,103,0,103
111900093,423,11,412
111900094,125,0,125
111900095,192,38,154
111900096,155,0,155
111900097,51,2,49
111900098,263,3,260
111900099,71,0,71
111900100,150,9,141
111900101,66,20,46
111900102,531,583,-52
111900103,68,65,3
111900104,158,73,85
111900105,417,370,47
111900106,1447,100,1347
111900107,112,135,-23
111900108,152,188,-36
111900109,503,506,-3
111900110,1662,374,1288
111900111,174,159,15
111900112,626,2358,-1732
111900113,215,62,153
111900114,158,138,20
111900115,19,39,-20
111900118,221,98,123
111900119,353,188,165
111900122,115,72,43
111900123,20,52,-32
111900124,32,92,-60
111900125,544,37,507
111900126,276,1,275
111900127,3,614,-611
111900128,1,394,-393
111900129,322,7,315
111900130,283,35,248
111900131,447,8,439
111900132,23,839,-816
111900133,20,358,-338
111900134,7,253,-246
111900135,21,42,-21
111900136,98,183,-85
111900137,75,78,-3
111900138,19,99,-80
111900139,21,106,-85
111900140,124,36,88
111900141,67,12,55
111900142,128,46,82
111900143,18,178,-160
111900144,1,82,-81
111900145,1,381,-380
111900146,4,265,-261
111900147,120,408,-288
111900148,42,614,-572
111900149,8,292,-284
111900150,7,179,-172
111900151,1,19,-18
111900152,59,87,-28
111900153,1525,522,1003
111900154,18,224,-206
111900155,66,67,-1
111900156,44,56,-12
111900157,108,9,99
111900158,536,64,472
111900159,277,21,256
111900160,246,0,246
111900161,203,5,198
111900162,45,155,-110
111900163,56,195,-139
111900164,65,72,-7
111901113,434,225,209
111901114,403,254,149
111901115,68,2,66
111901116,41,7,34
111901117,23,42,-19
111901118,59,328,-269
111901119,871,116,755
111901120,125,227,-102
111901121,151,200,-49
111901122,3,476,-473
111901123,166,327,-161
111901124,162,3,159
111901125,223,67,156
111901126,108,65,43
111901127,715,552,163
111901128,9,116,-107
111901129,6,147,-141
111901130,11,227,-216
111901131,4,218,-214
111901132,125,12,113
111901133,27,6,21
111901134,73,5,68
111901135,16,7,9
111901136,20,55,-35
111901137,0,33,-33
111901138,178,47,131
111901139,17,23,-6
111901140,11,91,-80
111901141,11,124,-113
111901142,5,78,-73
111901143,1,69,-68
111901144,32,37,-5
112000001,1948,796,1152
112000002,702,2340,-1638
112000003,1337,1095,242
112000004,820,1010,-190
112000005,3258,3425,-167
112000006,2565,2037,528
112000007,2804,1861,943
112000008,2339,3539,-1200
112000009,3211,2875,336
112000010,2506,3047,-541
112000011,1651,1621,30
112000012,4510,4266,244
112000013,4936,3052,1884
112000014,3238,2045,1193
112000015,3986,3605,381
112000016,5148,1396,3752
112000017,2330,2773,-443
112000024,2662,1248,1414
112000026,3602,4703,-1101
112000027,881,589,292
112000028,1347,1731,-384
112000029,576,824,-248
112000030,153,101,52
112000031,1595,4686,-3091
112000032,484,69,415
112000033,1816,1903,-87
112000034,331,78,253
112000035,177,351,-174
112000036,863,922,-59
112000037,1171,685,486
112000038,1183,998,185
112000039,62,82,-20
112000040,95,246,-151
112000041,498,508,-10
112000042,1367,441,926
112000050,1362,1572,-210
112000051,1111,1165,-54
112000054,1746,1726,20
112000057,523,459,64
112000058,355,662,-307
112000059,592,867,-275
112000061,3277,2027,1250
112000062,1521,756,765
112000063,1170,1474,-304
112000064,4136,5034,-898
112000065,1996,2532,-536
112000066,3622,1463,2159
112000067,877,727,150
112000068,3170,2306,864
112000069,812,1929,-1117
112000070,2032,859,1173
112000071,1157,2710,-1553
112000072,2511,969,1542
112000073,1911,2553,-642
112000074,1774,1275,499
112000075,1530,1263,267
112000076,3483,2641,842
112000077,567,589,-22
112000078,1706,609,1097
112000079,1599,1358,241
112000080,754,801,-47
112000081,1291,2260,-969
112000082,1571,784,787
112000083,572,1251,-679
112000084,1397,803,594
112000085,1156,1040,116
112000086,1956,1291,665
112000087,421,356,65
112000088,678,535,143
112000089,305,261,44
112000090,280,297,-17
112000091,617,1137,-520
112000092,1969,1126,843
112000093,1661,1068,593
112000094,640,894,-254
112000095,639,948,-309
112000096,636,650,-14
112000097,1157,714,443
112000098,1163,1195,-32
112000099,718,1554,-836
112000100,1811,887,924
112000101,628,996,-368
112000102,1335,563,772
112000103,398,1139,-741
112000105,488,1500,-1012
112000106,1513,403,1110
112000107,31,260,-229
112000108,235,1498,-1263
112000109,92,61,31
112000110,1495,565,930
112000111,1106,3265,-2159
112000112,4503,657,3846
112000113,877,1770,-893
112000114,2749,1057,1692
112000115,316,404,-88
112000116,889,1236,-347
112000117,1122,850,272
112000118,1080,893,187
112000119,453,737,-284
112000120,66,357,-291
112000121,107,454,-347
112000122,229,191,38
112000123,668,200,468
112000124,332,97,235
112000125,205,247,-42
112000126,273,456,-183
112000127,2440,2290,150
112000128,908,707,201
112000129,125,125,0
112000130,171,89,82
112000131,55,286,-231
112000132,133,240,-107
112000133,390,188,202
112000134,441,381,60
112000135,1304,714,590
112000136,1077,1168,-91
112000137,1692,1470,222
112000138,1745,1151,594
112000139,950,508,442
112000140,977,1159,-182
112000141,819,313,506
112000142,195,649,-454
112000143,1080,201,879
112000144,399,1185,-786
112000145,2446,547,1899
112000146,589,1830,-1241
112000147,2391,1729,662
112000148,1669,1981,-312
112000149,551,560,-9
112000150,219,636,-417
112000151,363,443,-80
112000152,340,412,-72
112000153,148,306,-158
112000154,136,195,-59
112000155,156,91,65
112000157,733,598,135
112000158,306,520,-214
112000159,478,395,83
112000167,500,83,417
112000169,299,409,-110
112000173,854,293,561
112000175,412,378,34
112000176,3328,2248,1080
112000177,688,219,469
112000178,109,345,-236
112000179,337,111,226
112000180,266,378,-112
112000181,1454,2038,-584
112000182,1174,1700,-526
112000183,66,56,10
112000184,388,413,-25
112000185,503,524,-21
112000187,5819,3354,2465
112000195,187,22,165
112000196,390,4,386
112000197,237,267,-30
112000198,39,259,-220
112000199,138,847,-709
112000202,490,3,487
112000216,77,228,-151
112000230,80,6,74
112000231,3,209,-206
112000256,61,202,-141
112000313,60,154,-94
112000314,62,27,35
112000337,356,592,-236
112000352,391,430,-39
112000392,1414,1258,156
112000398,1242,850,392
112000399,1757,2317,-560
112000400,1762,2963,-1201
112000401,3023,2638,385
112000402,3282,3053,229
112000403,1905,2487,-582
112000404,848,886,-38
112000405,1842,2890,-1048
112000406,3587,2490,1097
112000407,6903,8642,-1739
112000408,8811,6845,1966
112000409,1698,4686,-2988
112000410,558,317,241
112000411,3542,1655,1887
112000412,1597,700,897
112000413,8185,5353,2832
112000414,71,60,11
112000415,103,34,69
112000416,2497,1372,1125
112000417,206,83,123
112000421,49,114,-65
112000422,416,412,4
112000424,2058,2711,-653
112000425,418,701,-283
112000426,147,357,-210
112000427,0,13,-13
112000428,204,255,-51
112000429,2246,2445,-199
112000430,2502,2764,-262
112000431,91,112,-21
112000432,788,1162,-374
112000433,477,1015,-538
112000437,32,189,-157
112900001,53,0,53
112900002,412,986,-574
112900003,53,297,-244
112900004,88,303,-215
112900005,209,199,10
112900006,6,322,-316
112900007,40,172,-132
112900008,0,27,-27
112900009,432,140,292
112900010,406,786,-380
112900011,194,278,-84
112900012,0,37,-37
112900013,10,208,-198
112900014,4,283,-279
112900015,410,836,-426
112900016,16,287,-271
112900017,44,252,-208
112900018,2,264,-262
112900019,41,169,-128
112900020,386,1099,-713
112900021,4,211,-207
112900022,11,77,-66
112900023,2,121,-119
112900024,39,235,-196
112900025,85,204,-119
112900026,13,238,-225
112900027,5,1107,-1102
112900028,36,147,-111
112900029,10,486,-476
112900030,142,200,-58
112900031,2,485,-483
112900032,253,247,6
112900034,1,47,-46
112900035,7,393,-386
112900036,37,130,-93
112900037,161,150,11
112900038,775,234,541
112900039,19,264,-245
112900040,6,344,-338
112900041,905,1309,-404
112900042,63,291,-228
112900043,36,61,-25
112900044,576,590,-14
112900045,353,379,-26
112900046,272,74,198
112900047,25,18,7
112900049,233,104,129
112900050,65,542,-477
112900051,320,600,-280
112900052,12,837,-825
112900053,437,113,324
112900054,135,83,52
112900055,150,52,98
112900056,409,222,187
112900057,17,489,-472
112900058,328,413,-85
112900059,148,155,-7
112900060,20,150,-130
112900061,117,101,16
112900062,78,179,-101
112900063,134,19,115
112900064,209,223,-14
112900065,37,24,13
112900066,351,226,125
112900067,454,187,267
112900068,48,41,7
112900069,1600,638,962
112900071,38,5,33
112900072,133,1906,-1773
112900073,387,128,259
112900074,115,227,-112
112900075,1388,842,546
112900076,84,46,38
112900078,341,427,-86
112900079,351,51,300
112900080,70,3,67
112900081,44,201,-157
112900082,588,19,569
112900083,110,108,2
112900084,273,145,128
112900085,0,15,-15
112900086,118,1,117
112900087,880,139,741
112900088,168,31,137
112900089,1237,34,1203
112900090,123,53,70
112900091,195,5,190
112900092,167,277,-110
112900093,1620,20,1600
112900094,132,7,125
112900095,55,1,54
112900096,555,190,365
112900097,92,383,-291
112900098,216,7,209
112900099,835,33,802
112900100,56,3,53
112900101,344,1,343
112900102,150,10,140
112900103,250,5,245
112900104,28,0,28
112900105,14,1,13
112900106,432,131,301
112900107,6,2,4
112900108,24,1,23
112900109,121,1,120
112900110,1271,10,1261
112900111,696,3,693
112900112,355,2,353
112900113,0,6,-6
112900114,127,33,94
112900115,1371,6,1365
112900116,152,37,115
112900117,90,75,15
112900118,44,100,-56
112900119,112,2,110
112900120,741,336,405
112900121,130,210,-80
112900122,10,103,-93
112900123,125,35,90
112900124,16,128,-112
112900125,120,646,-526
112900126,201,240,-39
112900127,347,102,245
112900128,293,744,-451
112900129,3,990,-987
112900130,255,97,158
112900131,49,224,-175
112900132,133,414,-281
112900133,31,1148,-1117
112900134,0,312,-312
112900135,73,37,36
112900136,0,21,-21
112900137,2,440,-438
112900138,10,292,-282
112900139,231,1386,-1155
112900140,0,66,-66
112900141,907,72,835
112900142,103,146,-43
112900143,27,524,-497
112900144,0,208,-208
112900145,28,597,-569
112900146,10,1010,-1000
112900147,4,1544,-1540
112900148,63,0,63
112900149,357,349,8
112900151,6,46,-40
112900152,3291,1082,2209
112900153,2095,2446,-351
112900154,0,60,-60
112900155,229,48,181
112900156,382,1205,-823
112900157,233,10,223
112900158,77,26,51
112900159,303,119,184
112900160,85,257,-172
112900161,149,43,106
112900162,37,17,20
112900163,103,47,56
112900164,30,198,-168
112900165,166,52,114
112900166,25,57,-32
112900167,7,59,-52
112900168,3,7,-4
112900169,18,11,7
112900170,110,85,25
112900172,51,28,23
112900173,225,83,142
112900174,305,64,241
112900175,170,177,-7
112900176,4,30,-26
112900177,197,49,148
112900178,797,2322,-1525
112900179,32,423,-391
112900180,1810,1556,254
112900181,552,8,544
112900182,60,1056,-996
112900183,142,324,-182
112900184,464,479,-15
112900185,406,660,-254
112900186,1629,1133,496
112900187,122,658,-536
112900188,689,421,268
112900189,0,46,-46
112900190,11,52,-41
112900192,797,751,46
112900193,1458,359,1099
112900194,67,98,-31
112900195,1169,58,1111
112900196,203,348,-145
112900197,309,493,-184
112900199,606,604,2
112900200,575,274,301
112900201,122,90,32
112900202,417,844,-427
112900203,236,305,-69
112900204,1114,623,491
112900205,5,10,-5
112900206,28,79,-51
112900207,19,0,19
112900208,79,315,-236
112900209,543,407,136
112900210,2,21,-19
112900211,78,35,43
112900212,0,49,-49
112900213,26,7,19
112900214,17,7,10
112900215,10,181,-171
112900216,24,81,-57
112900217,1,50,-49
112900218,98,8,90
112900219,56,2,54
112900220,3,1,2
112900221,29,140,-111
112900222,0,38,-38
112900223,1271,21,1250
112900224,367,534,-167
112900225,468,422,46
112900226,284,413,-129
112900227,658,1114,-456
112900228,64,44,20
112900229,181,74,107
112900230,7512,4752,2760
112900232,293,367,-74
112900233,74,193,-119
112900234,26,123,-97
112900235,148,43,105
112900236,344,17,327
112900237,190,200,-10
112900238,9,30,-21
113000001,5862,4503,1359
113000002,3585,3406,179
113000003,1817,1514,303
113000004,1863,2349,-486
113000005,1753,1041,712
113000006,1217,1468,-251
113000007,2175,1180,995
113000008,1785,1723,62
113000009,1060,745,315
113000010,1181,1442,-261
113000011,623,1553,-930
113000012,2006,897,1109
113000013,1479,776,703
113000014,1644,1564,80
113000015,606,206,400
113000016,344,860,-516
113000017,80,390,-310
113000018,510,87,423
113000019,270,368,-98
113000020,494,66,428
113000021,1567,532,1035
113000022,652,1071,-419
113000025,106,337,-231
113000026,453,567,-114
113000027,863,593,270
113000028,1228,637,591
113000029,801,689,112
113000030,459,788,-329
113000031,197,301,-104
113000032,263,235,28
113000033,348,397,-49
113000034,357,394,-37
113000035,34,65,-31
113000036,25,55,-30
113000037,91,53,38
113000038,25,65,-40
113000039,89,323,-234
113000040,59,69,-10
113000042,856,615,241
113000051,899,2228,-1329
113000052,2012,874,1138
113000053,405,406,-1
113000054,347,832,-485
113000055,1071,569,502
113000056,956,898,58
113000058,772,897,-125
113000059,1152,677,475
113000060,211,507,-296
113000061,547,818,-271
113000062,823,260,563
113000063,188,113,75
113000064,27,304,-277
113000065,137,842,-705
113000066,653,82,571
113000067,2235,1418,817
113000068,359,1356,-997
113000069,585,1157,-572
113000070,2664,1184,1480
113000071,451,665,-214
113000072,788,590,198
113000073,515,1555,-1040
113000074,1190,585,605
113000075,2114,799,1315
113000076,690,1757,-1067
113000077,1365,600,765
113000078,769,2660,-1891
113000079,825,770,55
113000080,553,623,-70
113000081,814,879,-65
113000082,1394,864,530
113000083,544,779,-235
113000084,1671,1204,467
113000085,837,636,201
113000086,1048,1206,-158
113000087,882,802,80
113000088,2454,1398,1056
113000089,920,1466,-546
113000090,341,716,-375
113000091,710,331,379
113000094,1344,185,1159
113000095,249,840,-591
113000096,157,775,-618
113000097,1070,427,643
113000098,161,65,96
113000099,948,415,533
113000100,136,401,-265
113000101,433,621,-188
113000102,673,556,117
113000103,2008,527,1481
113000104,445,1842,-1397
113000105,923,503,420
113000106,391,674,-283
113000107,735,769,-34
113000108,684,1181,-497
113000109,555,1674,-1119
113000110,1462,395,1067
113000111,95,492,-397
113000112,242,255,-13
113000113,1469,349,1120
113000114,378,1539,-1161
113000116,652,354,298
113000117,939,130,809
113000118,140,581,-441
113000119,317,335,-18
113000120,82,222,-140
113000121,551,868,-317
113000124,220,127,93
113000125,70,858,-788
113000127,2346,378,1968
113000128,374,653,-279
113000129,624,818,-194
113000133,2501,2112,389
113000134,14,1207,-1193
113000135,4130,4502,-372
113000137,2059,3621,-1562
113000139,383,244,139
113000140,138,214,-76
113000141,356,245,111
113000142,616,1286,-670
113000143,321,213,108
113000144,346,665,-319
113000145,87,203,-116
113000146,150,112,38
113000147,225,200,25
113000148,192,223,-31
113000149,114,201,-87
113000150,734,387,347
113000151,87,80,7
113000152,41,118,-77
113000153,1379,609,770
113000154,913,1687,-774
113000155,352,604,-252
113000156,154,406,-252
113000157,323,940,-617
113000158,804,244,560
113000159,1175,728,447
113000160,660,1147,-487
113000161,271,503,-232
113000162,881,480,401
113000163,94,36,58
113000164,14,95,-81
113000166,148,121,27
113000167,58,108,-50
113000168,79,89,-10
113000169,189,74,115
113000170,80,142,-62
113000171,42,93,-51
113000172,296,73,223
113000173,67,26,41
113000174,134,405,-271
113000175,439,113,326
113000176,583,148,435
113000177,204,457,-253
113000178,228,330,-102
113000179,280,196,84
113000180,672,1062,-390
113000181,931,856,75
113000182,154,437,-283
113000183,139,567,-428
113000184,34,159,-125
113000189,515,823,-308
113000190,1203,729,474
113000192,1546,2116,-570
113000193,4478,1221,3257
113000194,1631,1122,509
113000195,2585,1068,1517
113000196,139,104,35
113000197,1714,1024,690
113000198,116,321,-205
113000199,1493,381,1112
113000201,236,190,46
113000202,3444,1515,1929
113000203,293,98,195
113000204,1542,1961,-419
113000205,14,42,-28
113000206,5,48,-43
113000207,89,23,66
113000208,47,48,-1
113000209,11,31,-20
113000210,11,38,-27
113000211,130,181,-51
113000212,90,26,64
113000213,29,98,-69
113000214,148,269,-121
113000234,204,900,-696
113000410,247,292,-45
113000411,2868,4654,-1786
113000412,6611,2436,4175
113000413,2958,3194,-236
113000414,7644,14808,-7164
113000415,2636,3428,-792
113000416,10121,4914,5207
113000417,3016,3680,-664
113000418,4424,3466,958
113000419,2162,2504,-342
113000420,4716,6514,-1798
113000421,4197,6717,-2520
113000422,13638,13074,564
113000423,2404,5978,-3574
113000424,3370,8467,-5097
113000425,10,61,-51
113000428,71,17,54
113000430,12,55,-43
113000432,2301,218,2083
113000433,105,760,-655
113000434,18,155,-137
113000435,17,544,-527
113000436,30,1176,-1146
113000437,1089,16,1073
113000438,322,4,318
113000439,15,83,-68
113000440,101,15,86
113000441,152,152,0
113000442,135,164,-29
113000443,222,212,10
113000444,190,178,12
113000445,120,104,16
113000446,28,78,-50
113000448,86,187,-101
113000449,223,529,-306
113000450,538,1878,-1340
113000451,877,185,692
113000452,351,377,-26
113000453,39,328,-289
113000454,855,35,820
113000455,3,219,-216
113000456,4273,3035,1238
113000468,1505,281,1224
113000469,112,163,-51
113000470,441,40,401
113000471,15,345,-330
113000472,119,304,-185
113000474,515,527,-12
113000475,1489,1824,-335
113000476,1359,2029,-670
113000477,2901,1991,910
113000478,4084,5384,-1300
113000479,70,158,-88
113000480,117,161,-44
113000482,0,0,0
113000484,0,0,0
113000485,0,0,0
113000486,0,1,-1
113000487,1,0,1
113000489,0,0,0
113000490,0,0,0
113000491,1,0,1
113000492,0,1,-1
113000493,0,0,0
113000495,140,119,21
113000496,63,84,-21
113000498,0,0,0
113000499,0,0,0
113000500,0,1,-1
113900001,2,152,-150
113900002,1,89,-88
113900003,1,48,-47
113900004,2,30,-28
113900005,2,39,-37
113900006,11,13,-2
113900007,77,17,60
113900008,28,0,28
113900009,134,0,134
113900010,61,1,60
113900011,31,2,29
113900012,25,1,24
113900013,355,9,346
113900014,505,3,502
113900015,0,41,-41
113900016,44,0,44
113900017,1,54,-53
113900018,435,210,225
113900019,181,42,139
113900020,152,5,147
113900022,29,0,29
113900023,19,0,19
113900024,63,56,7
113900025,336,29,307
113900026,41,0,41
113900027,4,79,-75
113900028,27,415,-388
113900029,68,192,-124
113900030,195,2,193
113900031,13,2,11
113900032,30,0,30
113900033,53,80,-27
113900035,38,0,38
113900036,12,106,-94
113900037,169,443,-274
113900038,22,106,-84
113900039,181,32,149
113900040,12,9,3
113900041,7,1,6
113900042,86,40,46
113900043,149,128,21
113900044,283,364,-81
113900045,77,3,74
113900046,339,632,-293
113900047,46,94,-48
113900048,219,78,141
113900049,566,262,304
113900050,258,335,-77
113900051,186,433,-247
113900052,198,173,25
113900053,826,630,196
113900054,28,4,24
113900055,121,450,-329
113900056,53,205,-152
113900057,24,221,-197
113900058,70,178,-108
113900059,230,326,-96
113900060,80,217,-137
113900061,1103,260,843
113900062,97,20,77
113900063,122,173,-51
113900064,32,132,-100
113900065,363,7,356
113900066,356,277,79
113900067,140,295,-155
113900068,594,410,184
113900069,96,27,69
113900070,216,600,-384
113900071,62,49,13
113900072,64,225,-161
113900073,138,280,-142
113900074,149,290,-141
113900075,1512,1003,509
113900076,190,11,179
113900077,56,196,-140
113900078,50,77,-27
113900079,3,41,-38
113900080,642,210,432
113900081,75,240,-165
113900082,91,258,-167
113900083,357,324,33
113900084,287,129,158
113900085,42,228,-186
113900086,30,28,2
113900087,109,266,-157
113900088,60,71,-11
113900089,515,60,455
113900090,614,411,203
113900091,20,15,5
113900092,45,87,-42
113900093,86,640,-554
113900094,543,404,139
113900095,150,126,24
113900096,250,68,182
113900097,31,83,-52
113900098,649,108,541
113900099,1,27,-26
113900100,0,2,-2
113900101,16,83,-67
113900102,124,148,-24
113900103,343,322,21
113900104,132,200,-68
113900105,83,194,-111
113900106,1,66,-65
113900107,1,30,-29
113900108,241,266,-25
113900109,447,185,262
113900110,66,8,58
113900111,154,87,67
113900112,106,74,32
113900113,860,472,388
113900114,0,69,-69
113900115,8,82,-74
113900116,139,152,-13
113900117,113,25,88
113900118,243,381,-138
113900119,237,645,-408
113900120,36,34,2
113900121,89,120,-31
113900122,459,1789,-1330
113900123,491,173,318
113900124,2,46,-44
113900125,936,133,803
113900126,169,52,117
113900127,409,786,-377
113900128,131,73,58
113900129,17,186,-169
113900130,1,54,-53
113900131,296,116,180
113900132,52,53,-1
113900133,20,86,-66
113900135,261,250,11
113900136,144,83,61
113900137,291,272,19
113900138,76,198,-122
113900139,299,160,139
113900140,392,413,-21
113900141,511,349,162
113900142,157,110,47
113900143,31,64,-33
113900144,233,267,-34
113900145,581,196,385
113900146,163,67,96
113900148,123,295,-172
113900149,162,59,103
113900150,728,536,192
113900151,388,223,165
113900152,33,48,-15
113900153,411,648,-237
113900154,1,124,-123
113900155,209,201,8
113900156,225,453,-228
113900157,63,265,-202
113900158,431,467,-36
113900159,12,296,-284
113900160,552,522,30
113900161,70,239,-169
113900162,566,910,-344
113900163,283,298,-15
113900164,282,40,242
113900165,751,560,191
113900166,331,283,48
113900167,250,53,197
113900168,120,107,13
113900169,242,385,-143
113900171,178,78,100
113900172,20,147,-127
113900173,75,606,-531
113900174,560,651,-91
113900175,367,168,199
113900176,441,710,-269
113900177,383,196,187
113900178,301,134,167
113900179,11,400,-389
113900180,222,108,114
113900181,697,140,557
113900182,813,1137,-324
113900183,67,92,-25
113900184,17,339,-322
113900185,173,96,77
113900186,39,50,-11
113900187,29,170,-141
113900188,44,174,-130
113900189,256,145,111
113900190,256,117,139
113900191,117,297,-180
113900192,5,515,-510
113900193,28,244,-216
113900194,1371,1209,162
113900195,256,395,-139
113900196,13,155,-142
113900197,2,173,-171
113900198,57,184,-127
113900199,134,761,-627
113900200,27,234,-207
113900201,0,172,-172
113900202,35,291,-256
113900203,0,104,-104
113900204,62,524,-462
113900205,12,139,-127
113900206,9,111,-102
113900207,2,58,-56
113900208,0,89,-89
113900209,0,82,-82
113900210,544,888,-344
113900211,208,72,136
113900212,240,432,-192
113900214,466,393,73
113900215,38,110,-72
113900216,128,771,-643
113900217,64,298,-234
113900218,207,73,134
113900219,120,394,-274
113900220,181,98,83
113900221,510,261,249
113900222,259,538,-279
113900223,162,754,-592
113900224,46,66,-20
113900225,513,267,246
113900226,364,119,245
113900227,438,244,194
113900228,371,472,-101
113900229,77,750,-673
113900230,4720,3784,936
113900231,181,181,0
113900232,85,100,-15
113900233,109,91,18
113900234,366,417,-51
113900235,76,26,50
113900236,178,293,-115
113900237,134,11,123
113900238,303,559,-256
113900239,68,106,-38
113900240,8,176,-168
113900241,134,38,96
113900242,39,142,-103
113900243,91,488,-397
113900244,389,234,155
113900245,1344,314,1030
113900246,14,23,-9
113900247,161,525,-364
113900248,2991,2216,775
113900249,853,407,446
113900250,67,146,-79
113900251,614,175,439
113900252,516,21,495
113900253,817,65,752
113900254,996,152,844
113900255,480,22,458
113900256,335,24,311
113900257,40,418,-378
113900258,28,380,-352
113900259,501,174,327
113900260,206,49,157
113900261,18,64,-46
113900262,135,514,-379
113900263,205,727,-522
113900264,8,406,-398
113900265,182,367,-185
113900266,19,187,-168
113900267,115,564,-449
113900268,339,552,-213
113900269,75,186,-111
113900270,379,811,-432
113900271,813,1162,-349
113900273,52,11,41
113900274,68,25,43
113900275,50,84,-34
113900276,2,132,-130
113900277,151,7,144
113900278,331,197,134
113900279,124,103,21
113900280,1542,575,967
113900281,630,1523,-893
113900282,860,775,85
113900283,428,558,-130
113900284,740,185,555
113900285,164,47,117
113900286,91,120,-29
113900287,65,110,-45
113900288,3,213,-210
113900289,831,104,727
113900290,259,204,55
113900291,142,215,-73
113900292,24,3,21
113900293,4,265,-261
113900294,399,23,376
113900295,450,363,87
113900296,1955,526,1429
113900297,2776,51,2725
113900298,5,1659,-1654
113900299,69,126,-57
113900300,5171,3480,1691
113900301,719,379,340
113900302,2474,1076,1398
113900303,517,399,118
113900304,3,107,-104
113900305,109,0,109
113900306,49,0,49
113900307,44,0,44
113900308,80,125,-45
113900309,5,623,-618
113900310,0,16,-16
113900311,5,0,5
113900312,208,217,-9
113900313,9,12,-3
114000001,1156,3012,-1856
114000002,271,311,-40
114000003,41,337,-296
114000004,71,209,-138
114000005,258,242,16
114000006,3056,2061,995
114000007,882,1326,-444
114000008,1447,1856,-409
114000009,746,253,493
114000011,2580,2707,-127
114000012,2452,1957,495
114000013,1675,1553,122
114000014,507,300,207
114000015,1846,439,1407
114000016,221,347,-126
114000017,117,372,-255
114000018,211,44,167
114000026,1623,1324,299
114000027,2928,2148,780
114000028,2600,2677,-77
114000038,323,154,169
114000039,151,42,109
114000040,97,256,-159
114000042,121,144,-23
114000043,61,121,-60
114000044,214,34,180
114000045,54,64,-10
114000046,3960,4765,-805
114000047,17,87,-70
114000048,79,56,23
114000049,1609,1550,59
114000050,1620,2109,-489
114000051,3251,2067,1184
114000052,4744,1615,3129
114000053,136,621,-485
114000054,259,890,-631
114000055,289,21,268
114000056,1433,921,512
114000057,5622,2431,3191
114000058,821,1751,-930
114000059,399,310,89
114000060,647,824,-177
114000061,3046,3048,-2
114000062,2881,1780,1101
114000063,3251,1971,1280
114000064,7217,3846,3371
114000065,1827,2504,-677
114000066,355,605,-250
114000067,42,814,-772
114000068,534,745,-211
114000069,1083,600,483
114000070,2380,1764,616
114000071,724,591,133
114000072,428,249,179
114000073,79,68,11
114000074,42,17,25
114000075,49,83,-34
114000076,23,107,-84
114000077,7,45,-38
114000078,289,711,-422
114000079,105,41,64
114000080,72,93,-21
114000081,65,87,-22
114000082,38,417,-379
114000083,118,329,-211
114000084,380,99,281
114000085,104,679,-575
114000086,223,467,-244
114000087,102,173,-71
114000088,49,50,-1
114000089,929,456,473
114000090,838,879,-41
114000091,1898,868,1030
114000092,1336,540,796
114000093,1564,826,738
114000094,357,348,9
114000095,230,159,71
114000096,131,395,-264
114000097,122,661,-539
114000098,470,87,383
114000099,669,575,94
114000100,1459,688,771
114000101,463,916,-453
114000102,530,346,184
114000103,128,353,-225
114000104,44,321,-277
114000105,142,74,68
114000106,921,1034,-113
114000107,347,127,220
114000108,1213,1128,85
114000109,434,881,-447
114000110,661,1618,-957
114000111,1741,821,920
114000112,422,1547,-1125
114000113,937,394,543
114000114,1564,1355,209
114000115,2055,1202,853
114000116,728,1465,-737
114000117,2993,413,2580
114000118,2489,467,2022
114000119,1516,408,1108
114000120,527,796,-269
114000121,349,756,-407
114000122,336,275,61
114000123,2135,368,1767
114000124,839,296,543
114000125,766,1169,-403
114000126,1740,175,1565
114000127,197,174,23
114000128,775,393,382
114000130,425,510,-85
114000131,289,109,180
114000132,610,538,72
114000133,1226,1417,-191
114000134,75,164,-89
114000138,41,212,-171
114000139,505,236,269
114000144,1042,550,492
114000145,99,232,-133
114000146,123,344,-221
114000147,1504,1862,-358
114000148,2052,1945,107
114000149,357,330,27
114000150,654,711,-57
114000151,806,1280,-474
114000152,131,36,95
114000153,875,2304,-1429
114000154,730,764,-34
114000155,1708,2268,-560
114000156,777,666,111
114000157,271,910,-639
114000158,1742,913,829
114000159,177,514,-337
114000160,89,425,-336
114000161,1457,3512,-2055
114000162,1137,2617,-1480
114000163,14,120,-106
114000165,561,300,261
114000166,873,441,432
114000167,3130,1668,1462
114000168,816,804,12
114000169,1619,1214,405
114000170,1103,1271,-168
114000171,1057,3087,-2030
114000174,239,603,-364
114000176,605,488,117
114000177,2056,1053,1003
114000178,89,58,31
114000179,1113,702,411
114000180,504,870,-366
114000181,1811,3588,-1777
114000182,2876,2367,509
114000183,953,1029,-76
114000184,4078,1311,2767
114000185,1045,796,249
114000189,1048,139,909
114000190,2728,361,2367
114000191,49,91,-42
114000192,296,1504,-1208
114000193,774,2900,-2126
114000194,1227,861,366
114000195,127,29,98
114000196,2,197,-195
114000197,1148,23,1125
114000198,759,360,399
114000199,1977,1683,294
114000200,550,1657,-1107
114000201,149,774,-625
114000202,968,609,359
114000203,454,572,-118
114000204,185,404,-219
114000205,187,1553,-1366
114000206,498,1133,-635
114000207,550,1831,-1281
114000208,456,2767,-2311
114000209,576,2341,-1765
114000210,279,1258,-979
114000211,912,1604,-692
114000212,739,816,-77
114000213,1179,544,635
114000214,122,176,-54
114000215,262,129,133
114000216,1406,275,1131
114000217,308,204,104
114000218,128,231,-103
114000219,1053,228,825
114000220,20,785,-765
114000221,812,173,639
114000222,201,944,-743
114000223,517,140,377
114000224,76,551,-475
114000225,219,610,-391
114000226,154,251,-97
114000227,766,504,262
114000228,781,760,21
114000229,1144,1270,-126
114000230,1562,1327,235
114000231,1051,1179,-128
114000232,713,157,556
114000233,1990,151,1839
114000234,975,889,86
114000235,970,1211,-241
114000236,0,430,-430
114000237,89,867,-778
114000238,92,155,-63
114000239,143,1079,-936
114000240,811,798,13
114000241,302,933,-631
114000242,986,764,222
114000243,1363,920,443
114000244,531,490,41
114000245,367,577,-210
114000246,132,37,95
114000247,563,720,-157
114000248,1070,487,583
114000249,497,434,63
114000250,511,856,-345
114000251,404,300,104
114000252,82,74,8
114000253,60,150,-90
114000254,36,79,-43
114000255,532,195,337
114000256,1956,2377,-421
114000257,340,1279,-939
114000258,282,366,-84
114000259,52,214,-162
114000260,0,26,-26
114000261,46,26,20
114000262,166,150,16
114000263,15,3,12
114000264,1215,560,655
114000265,0,10,-10
114000267,5,1362,-1357
114000268,3,1503,-1500
114000270,142,5,137
114000271,408,58,350
114000283,1183,414,769
114000285,31,215,-184
114000288,62,297,-235
114000289,1245,103,1142
114000293,168,410,-242
114000294,141,265,-124
114000395,1310,34,1276
114000396,628,505,123
114000402,415,286,129
114000403,275,361,-86
114000405,150,404,-254
114000423,345,396,-51
114000424,470,211,259
114000425,765,381,384
114000426,284,840,-556
114000427,71,68,3
114000428,151,174,-23
114000429,7,269,-262
114000432,89,119,-30
114000434,42,88,-46
114000435,0,13,-13
114900001,795,952,-157
114900002,581,119,462
114900003,673,1327,-654
114900004,258,449,-191
114900005,579,757,-178
114900006,75,66,9
114900007,326,33,293
114900008,152,74,78
114900010,1886,1813,73
114900011,253,184,69
114900013,205,112,93
114900015,92,428,-336
114900018,832,15,817
114900020,196,84,112
114900021,286,211,75
114900022,46,720,-674
114900024,309,144,165
114900025,487,204,283
114900026,56,158,-102
114900027,216,226,-10
114900029,21,24,-3
114900030,344,190,154
114900031,330,23,307
114900032,436,29,407
114900033,997,713,284
114900034,43,232,-189
114900035,144,275,-131
114900036,304,666,-362
114900037,122,189,-67
114900038,175,612,-437
114900039,511,548,-37
114900040,104,119,-15
114900041,624,534,90
114900042,758,751,7
114900043,528,326,202
114900044,132,37,95
114900045,168,407,-239
114900046,75,112,-37
114900047,233,1712,-1479
114900048,144,353,-209
114900049,11,166,-155
114900050,41,436,-395
114900051,28,409,-381
114900052,59,277,-218
114900053,119,286,-167
114900054,58,177,-119
114900057,266,16,250
114900058,3,180,-177
114900059,87,69,18
114900060,1346,874,472
114900061,144,149,-5
114900062,296,363,-67
114900063,71,234,-163
114900064,1369,543,826
114900065,395,724,-329
114900067,65,498,-433
114900068,70,162,-92
114900069,188,132,56
114900070,594,354,240
114900072,2,333,-331
114900073,6,166,-160
114900074,580,645,-65
114900075,351,11,340
114900076,14,392,-378
114900080,1791,413,1378
114900082,3341,1969,1372
114900083,1298,1259,39
114900084,289,227,62
114900090,361,216,145
114900091,118,235,-117
114900095,337,116,221
114900096,574,725,-151
114900097,142,40,102
114900098,27,200,-173
114900099,255,8,247
115000001,5954,4115,1839
115000002,3524,3844,-320
115000003,5195,3347,1848
115000004,3845,5742,-1897
115000005,1549,2104,-555
115000006,874,1546,-672
115000007,56,160,-104
115000008,339,471,-132
115000009,129,236,-107
115000010,237,189,48
115000013,88,172,-84
115000015,67,264,-197
115000016,276,321,-45
115000019,40,437,-397
115000020,102,885,-783
115000021,309,394,-85
115000022,581,484,97
115000023,404,673,-269
115000024,1202,579,623
115000025,808,826,-18
115000026,212,460,-248
115000027,260,399,-139
115000028,333,993,-660
115000029,602,131,471
115000030,1098,1348,-250
115000031,1384,579,805
115000032,13,248,-235
115000033,174,49,125
115000034,98,1177,-1079
115000035,1208,87,1121
115000036,0,422,-422
115000037,569,6,563
115000038,39,210,-171
115000039,3288,3271,17
115000040,6006,3121,2885
115000041,1150,3348,-2198
115000042,900,728,172
115000043,3724,2179,1545
115000044,3743,3868,-125
115000045,2576,1753,823
115000046,2082,2232,-150
115000047,1964,1477,487
115000048,1552,2330,-778
115000049,1630,3633,-2003
115000050,3238,1772,1466
115000051,1763,2642,-879
115000052,2378,1756,622
115000053,1619,1634,-15
115000054,605,1185,-580
115000055,181,543,-362
115000056,239,693,-454
115000057,690,1001,-311
115000058,703,284,419
115000059,305,163,142
115000061,141,133,8
115000062,161,234,-73
115000063,311,255,56
115000064,232,162,70
115000065,38,512,-474
115000067,193,17,176
115000069,68,295,-227
115000070,34,1127,-1093
115000071,145,21,124
115000072,17,105,-88
115000073,1379,63,1316
115000075,96,80,16
115000076,3135,3060,75
115000077,2086,2373,-287
115000078,1310,1285,25
115000079,1738,1708,30
115000080,2621,2139,482
115000081,506,1008,-502
115000082,3897,3564,333
115000083,2085,2433,-348
115000084,2192,1103,1089
115000085,785,1057,-272
115000086,1053,778,275
115000087,411,1453,-1042
115000088,1845,637,1208
115000089,1381,1194,187
115000090,535,761,-226
115000091,211,908,-697
115000092,442,334,108
115000093,480,5,475
115000094,6598,5428,1170
115000095,4711,5689,-978
115000096,745,1608,-863
115000097,776,811,-35
115000098,1035,811,224
115000099,2436,2807,-371
115000100,1041,407,634
115000101,485,1519,-1034
115000102,483,243,240
115000103,268,620,-352
115000105,56,130,-74
115000106,541,332,209
115000107,192,503,-311
115000108,3302,2360,942
115000109,4299,4243,56
115000110,1644,1371,273
115000111,691,1920,-1229
115000112,885,751,134
115000113,803,1057,-254
115000114,1903,875,1028
115000116,4560,2630,1930
115000117,4330,3773,557
115000118,2364,1814,550
115000119,2273,2728,-455
115000120,616,1241,-625
115000121,1626,1102,524
115000122,4490,2107,2383
115000123,1979,2607,-628
115000124,946,881,65
115000125,413,582,-169
115000126,220,360,-140
115000127,446,145,301
115000128,553,808,-255
115000129,212,305,-93
115000130,464,911,-447
115000131,847,236,611
115000132,252,364,-112
115000133,492,271,221
115000134,255,241,14
115000135,263,186,77
115000136,270,282,-12
115000137,135,217,-82
115000138,332,271,61
115000139,263,253,10
115000140,352,224,128
115000141,184,291,-107
115000142,183,328,-145
115000143,751,638,113
115000144,569,82,487
115000145,234,315,-81
115000146,452,337,115
115000147,528,486,42
115000148,324,1030,-706
115000149,531,218,313
115000150,778,946,-168
115000151,1115,586,529
115000152,827,1098,-271
115000153,1072,609,463
115000154,755,354,401
115000155,750,1008,-258
115000156,1234,783,451
115000157,984,896,88
115000158,847,454,393
115000159,828,671,157
115000160,692,674,18
115000161,532,657,-125
115000162,745,809,-64
115000163,585,626,-41
115000164,853,530,323
115000165,452,603,-151
115000167,116,95,21
115000168,531,368,163
115000169,617,354,263
115000170,93,127,-34
115000171,272,246,26
115000172,1270,751,519
115000173,451,577,-126
115000174,769,623,146
115000175,467,384,83
115000176,307,203,104
115000177,253,226,27
115000178,37,248,-211
115000179,35,44,-9
115000180,147,586,-439
115000181,611,160,451
115000182,863,366,497
115000183,406,876,-470
115000186,724,325,399
115000187,240,804,-564
115000188,428,500,-72
115000189,274,377,-103
115000190,689,438,251
115000191,238,506,-268
115000194,153,214,-61
115000195,353,317,36
115000196,176,146,30
115000197,186,263,-77
115000198,300,224,76
115000199,307,184,123
115000200,412,146,266
115000201,181,384,-203
115000206,370,100,270
115000207,163,380,-217
115000208,449,652,-203
115000209,544,341,203
115000210,170,114,56
115000211,252,296,-44
115000212,1416,385,1031
115000218,126,129,-3
115000219,44,53,-9
115000224,392,73,319
115000225,35,92,-57
115000229,188,118,70
115000230,132,367,-235
115000231,236,1662,-1426
115000232,1416,235,1181
115000233,128,210,-82
115000234,25,323,-298
115000241,79,215,-136
115000242,101,273,-172
115000243,33,196,-163
115000244,6,137,-131
115000246,25,19,6
115000247,48,10,38
115000248,29,15,14
115000249,35,23,12
115000250,249,36,213
115000251,296,109,187
115000252,78,214,-136
115000253,29,419,-390
115000258,307,172,135
115000259,321,164,157
115000261,35,12,23
115000262,24,15,9
115000263,17,34,-17
115000264,36,37,-1
115000267,84,65,19
115000268,35,140,-105
115000269,108,83,25
115000270,11,18,-7
115000272,46,158,-112
115000273,491,37,454
115000274,429,229,200
115000280,2122,189,1933
115000281,673,596,77
115000282,2102,797,1305
115000284,308,163,145
115000296,1254,17,1237
115000297,237,101,136
115000298,136,401,-265
115000300,188,222,-34
115000302,491,153,338
115000303,665,154,511
115000304,792,102,690
115000305,115,748,-633
115000306,235,237,-2
115000307,106,169,-63
115000308,26,15,11
115000310,881,923,-42
115000311,858,1209,-351
115000313,131,627,-496
115000314,500,146,354
115000315,862,306,556
115000316,72,125,-53
115000317,190,562,-372
115000318,847,363,484
115000319,46,297,-251
115000320,13,332,-319
115000321,403,8,395
115000322,36,201,-165
115000449,310,156,154
115000557,43,976,-933
115000558,432,101,331
115000587,513,425,88
115000588,1990,2634,-644
115000589,3062,2186,876
115000590,1197,1258,-61
115000591,1825,710,1115
115000592,745,1595,-850
115000593,1620,603,1017
115000594,1114,2098,-984
115000609,92,119,-27
115000617,2489,3715,-1226
115000624,177,26,151
115000633,460,2099,-1639
115000634,2654,1102,1552
115000635,488,149,339
115000638,802,682,120
115000641,52,100,-48
115000642,303,288,15
115000643,146,545,-399
115000644,141,464,-323
115000646,1058,1745,-687
115000647,206,578,-372
115000648,1706,2017,-311
115000893,2759,1426,1333
115000894,136,1122,-986
115000895,332,685,-353
115000896,996,282,714
115000897,570,111,459
115000898,939,234,705
115000899,426,961,-535
115000900,126,355,-229
115000901,57,92,-35
115000912,374,116,258
115000913,9,17,-8
115000915,32,0,32
115000916,14,10,4
115000917,1,21,-20
115000918,223,563,-340
115000919,11,5,6
115000920,37,55,-18
115000921,691,157,534
115000922,743,657,86
115000923,294,719,-425
115000925,80,85,-5
115000927,30,54,-24
115000933,120,139,-19
115900001,72,38,34
115900002,93,127,-34
115900003,179,112,67
115900004,0,47,-47
115900005,124,7,117
115900006,157,254,-97
115900008,37,18,19
115900009,85,258,-173
115900010,387,175,212
115900011,457,251,206
115900012,127,71,56
115900013,462,168,294
115900014,133,146,-13
115900015,138,84,54
115900016,103,33,70
115900017,21,17,4
115900018,162,75,87
115900019,703,22,681
115900020,73,1,72
115900021,1341,492,849
115900022,960,17,943
115900023,37,4,33
115900025,43,205,-162
115900026,955,267,688
115900027,1,260,-259
115900028,725,64,661
115900029,21,344,-323
115900030,45,21,24
115900031,431,387,44
115900032,558,724,-166
115900033,2,65,-63
115900034,24,410,-386
115900035,28,30,-2
115900036,51,674,-623
115900037,61,386,-325
115900038,53,15,38
115900039,205,225,-20
115900041,425,686,-261
115900042,15,4,11
115900043,105,80,25
115900044,183,295,-112
115900046,242,201,41
115900047,181,139,42
115900049,185,188,-3
115900051,4,36,-32
115900052,10,214,-204
115900053,306,183,123
115900054,221,50,171
115900055,18,138,-120
115900056,234,329,-95
115900057,40,25,15
115900058,35,80,-45
115900060,72,134,-62
115900061,215,0,215
115900062,116,294,-178
115900063,73,13,60
115900064,166,259,-93
115900065,141,95,46
115900066,149,129,20
115900067,17,561,-544
115900068,2773,659,2114
115900069,52,222,-170
115900070,214,172,42
115900071,2,331,-329
115900072,55,156,-101
115900073,81,65,16
115900074,6,284,-278
115900075,44,295,-251
115900076,1,62,-61
115900077,3,255,-252
115900078,52,119,-67
115900079,227,22,205
115900080,388,218,170
115900081,9,75,-66
115900082,187,159,28
115900084,459,24,435
115900085,57,78,-21
115900086,1582,681,901
115900088,16,61,-45
115900089,320,582,-262
115900090,389,20,369
115900091,27,27,0
115900092,17,166,-149
115900093,3,20,-17
115900094,5,242,-237
115900096,7,24,-17
115900097,8,377,-369
115900098,165,349,-184
115900099,83,49,34
115900100,15,567,-552
115900101,95,265,-170
115900102,51,49,2
115900103,277,174,103
115900104,42,79,-37
115900105,292,558,-266
115900106,69,28,41
115900107,72,106,-34
115900108,131,55,76
115900109,63,449,-386
115900110,1,16,-15
115900111,2,77,-75
115900112,34,897,-863
115900113,47,24,23
115900114,3,145,-142
115900115,73,245,-172
115900116,65,903,-838
115900117,80,16,64
115900118,5,218,-213
115900119,102,163,-61
115900120,27,365,-338
115900121,183,251,-68
115900124,197,690,-493
115900125,288,64,224
115900126,733,119,614
115900127,762,65,697
115900128,12,336,-324
115900129,960,77,883
115900130,38,220,-182
115900131,368,57,311
115900132,631,12,619
115900134,404,16,388
115900135,508,1113,-605
115900137,33,1,32
115900139,159,191,-32
115900140,276,51,225
115900141,32,150,-118
115900142,55,93,-38
115900143,172,264,-92
115900144,68,226,-158
115900146,11,81,-70
115900147,230,235,-5
115900148,93,13,80
115900149,78,31,47
115900150,87,30,57
115900151,9,76,-67
115900152,125,366,-241
115900153,120,243,-123
115900154,483,480,3
115900155,2,48,-46
115900156,764,976,-212
115900157,148,512,-364
115900158,12,5,7
115900159,147,251,-104
115900160,2,8,-6
115900161,62,194,-132
115900163,234,128,106
115900164,563,32,531
115900165,2,145,-143
115900166,242,193,49
115900168,98,180,-82
115900171,146,409,-263
115900172,61,135,-74
115900173,252,193,59
115900174,281,312,-31
115900175,138,291,-153
115900178,3,571,-568
115900179,285,21,264
115900180,18,135,-117
115900181,191,206,-15
115900182,380,191,189
115900183,245,147,98
115900184,1659,33,1626
115900187,18,79,-61
115900189,3,318,-315
115900190,728,1376,-648
115900191,29,395,-366
115900192,10,109,-99
115900193,212,142,70
115900194,738,92,646
115900195,670,2041,-1371
115900198,247,295,-48
115900199,174,223,-49
115900200,378,347,31
115900201,518,371,147
115900202,10,39,-29
115900203,10,17,-7
115900204,0,3,-3
115900205,70,38,32
115900206,140,157,-17
115900207,27,31,-4
115900208,137,135,2
115900209,2,128,-126
115900210,2,158,-156
115900211,5,243,-238
115900212,130,231,-101
115900213,242,58,184
115900214,343,206,137
115900215,36,98,-62
115900216,3,95,-92
115900217,1,39,-38
115900218,24,22,2
115900219,68,7,61
115900220,139,15,124
115900221,83,17,66
115900222,80,28,52
115900223,7,332,-325
115900224,1015,855,160
115900225,76,49,27
115900226,27,61,-34
115900227,8,47,-39
115900228,11,40,-29
115900229,4,65,-61
115900230,31,105,-74
115900231,107,2,105
115900232,47,7,40
115900233,73,19,54
115900234,70,42,28
115900235,14,33,-19
115900236,27,28,-1
115900237,16,42,-26
115900238,19,32,-13
115900239,14,47,-33
115900240,17,85,-68
115900241,214,125,89
115900242,231,312,-81
115900243,18,27,-9
115900244,28,29,-1
115900245,7,10,-3
115900246,12,8,4
115900247,37,11,26
115900248,14,3,11
115900249,12,23,-11
115900250,15,62,-47
115900251,1,12,-11
115900252,3,1,2
115900253,9,14,-5
115900254,21,17,4
115900255,2,19,-17
115900256,25,23,2
115900257,9,9,0
115900258,0,4,-4
115900259,5,3,2
115900260,5,1,4
115900261,11,1,10
115900262,3,1,2
115900263,9,3,6
115900264,17,9,8
115900265,5,7,-2
115900266,6,25,-19
115900267,11,11,0
115900268,4,7,-3
115900269,388,417,-29
115900270,360,391,-31
116000001,11854,4896,6958
116000002,5040,10196,-5156
116000003,1746,1623,123
116000004,2320,3596,-1276
116000005,2812,3144,-332
116000006,2736,2342,394
116000007,2934,3576,-642
116000008,3746,2149,1597
116000009,1926,2540,-614
116000010,2125,1587,538
116000011,923,2162,-1239
116000012,1514,1081,433
116000013,9455,4472,4983
116000014,11796,10268,1528
116000015,449,1731,-1282
116000016,6252,3608,2644
116000017,22,754,-732
116000018,800,326,474
116000019,1282,307,975
116000020,690,1023,-333
116000021,453,287,166
116000022,361,388,-27
116000023,1035,734,301
116000024,694,969,-275
116000025,803,824,-21
116000026,1966,2636,-670
116000027,921,644,277
116000028,451,817,-366
116000029,842,743,99
116000030,916,404,512
116000031,220,386,-166
116000032,214,202,12
116000033,225,205,20
116000034,747,499,248
116000035,248,651,-403
116000036,2510,1827,683
116000037,917,838,79
116000038,538,529,9
116000039,540,498,42
116000040,885,353,532
116000041,233,598,-365
116000042,675,297,378
116000043,131,1088,-957
116000044,4,24,-20
116000045,2062,1491,571
116000046,1274,1849,-575
116000047,1709,2004,-295
116000048,2053,1805,248
116000049,1390,2994,-1604
116000050,1447,1376,71
116000051,6412,2844,3568
116000052,5868,5450,418
116000053,2084,917,1167
116000054,783,2781,-1998
116000055,648,1052,-404
116000056,743,1077,-334
116000057,3358,1865,1493
116000058,3640,3202,438
116000059,4174,5314,-1140
116000060,2110,973,1137
116000061,340,786,-446
116000062,676,264,412
116000063,604,998,-394
116000066,258,531,-273
116000067,289,424,-135
116000068,236,316,-80
116000069,314,389,-75
116000078,466,1192,-726
116000080,1866,1017,849
116000082,2,71,-69
116000083,1565,401,1164
116000084,2464,3872,-1408
116000085,2128,1790,338
116000086,1682,1150,532
116000087,1732,1393,339
116000088,694,1146,-452
116000089,161,77,84
116000090,77,133,-56
116000091,258,138,120
116000093,1046,466,580
116000094,784,759,25
116000095,929,608,321
116000096,723,1540,-817
116000097,921,794,127
116000098,30,5732,-5702
116000099,5739,177,5562
116000100,251,17,234
116000101,901,875,26
116000102,313,1172,-859
116000103,493,321,172
116000104,227,1247,-1020
116000105,1152,201,951
116000106,374,727,-353
116000107,2228,289,1939
116000108,227,164,63
116000111,117,29,88
116000113,175,133,42
116000114,47,174,-127
116000115,404,112,292
116000116,314,605,-291
116000117,1527,2079,-552
116000118,1385,1450,-65
116000119,3400,2083,1317
116000120,3026,4372,-1346
116000121,952,567,385
116000122,1142,1786,-644
116000123,1077,470,607
116000124,363,1137,-774
116000125,3144,829,2315
116000126,311,1587,-1276
116000127,1005,1360,-355
116000128,1816,941,875
116000129,1278,265,1013
116000130,511,458,53
116000133,1040,882,158
116000134,1719,2447,-728
116000135,2539,1543,996
116000136,1186,2301,-1115
116000137,1147,660,487
116000138,1090,686,404
116000139,2032,2280,-248
116000140,126,157,-31
116000141,305,612,-307
116000142,3094,2989,105
116000143,1682,1642,40
116000144,1533,1875,-342
116000145,1470,1107,363
116000146,521,233,288
116000147,239,146,93
116000148,395,495,-100
116000149,737,830,-93
116000151,519,538,-19
116000153,156,378,-222
116000155,218,255,-37
116000156,1145,1165,-20
116000157,64,17,47
116000158,235,357,-122
116000159,10,13,-3
116000160,15,93,-78
116000161,10,127,-117
116000162,133,104,29
116000163,34,12,22
116000164,8,28,-20
116000177,212,79,133
116000194,81,459,-378
116000195,1333,674,659
116000196,25,23,2
116000197,17,6,11
116000198,2532,1266,1266
116000200,701,432,269
116000201,671,680,-9
116000202,9,236,-227
116000203,1,120,-119
116000204,12,80,-68
116000205,0,157,-157
116000206,2,87,-85
116000207,4,49,-45
116000233,215,532,-317
116000287,135,470,-335
116000288,276,242,34
116000292,115,170,-55
116000296,22,126,-104
116000297,95,27,68
116000304,248,5,243
116000305,13,214,-201
116000346,186,89,97
116000352,105,35,70
116000354,43,14,29
116000357,18,31,-13
116000358,369,49,320
116000361,75,0,75
116000372,5120,3668,1452
116000381,117,1,116
116000388,1,44,-43
116000389,1154,688,466
116000445,390,562,-172
116000446,611,616,-5
116000447,11,476,-465
116000448,537,224,313
116000563,1483,1101,382
116000565,46,470,-424
116000568,57,420,-363
116000579,52,149,-97
116000584,13,4,9
116000585,36,26,10
116000586,96,172,-76
116000587,370,588,-218
116000589,33,92,-59
116000590,102,97,5
116000591,209,222,-13
116000592,15,115,-100
116000593,1,17,-16
116000594,545,557,-12
116000595,670,158,512
116000596,81,7,74
116000597,389,74,315
116000598,23,197,-174
116000602,61,444,-383
116000605,254,154,100
116000606,93,187,-94
116000607,5,70,-65
116000609,170,915,-745
116000611,102,496,-394
116000612,653,1741,-1088
116000613,598,334,264
116000614,392,631,-239
116000615,37,388,-351
116000616,45,74,-29
116000617,82,37,45
116000618,0,80,-80
116000619,56,87,-31
116000620,100,72,28
116000621,52,122,-70
116000622,50,138,-88
116000624,102,83,19
116900001,243,201,42
116900002,291,0,291
116900003,29,65,-36
116900004,34,51,-17
116900005,315,75,240
116900006,89,155,-66
116900007,158,227,-69
116900008,442,388,54
116900009,16,8,8
116900010,2,1343,-1341
116900011,23,30,-7
116900012,143,213,-70
116900013,10,234,-224
116900014,92,200,-108
116900015,434,57,377
116900016,203,2,201
116900017,3,582,-579
116900018,77,55,22
116900019,2,371,-369
116900020,576,562,14
116900023,71,16,55
116900024,556,48,508
116900025,1180,958,222
116900026,171,737,-566
116900027,28,62,-34
116900028,12,128,-116
116900029,0,25,-25
116900031,1,11,-10
116900032,7,360,-353
116900033,13,12,1
116900034,13,65,-52
116900035,160,147,13
116900036,5,107,-102
116900038,58,2,56
116900041,60,31,29
116900042,695,307,388
116900043,20,54,-34
116900045,254,66,188
116900047,47,147,-100
116900049,35,341,-306
116900050,135,488,-353
116900051,96,234,-138
116900052,211,80,131
116900055,1,9,-8
116900057,21,249,-228
116900058,12,370,-358
116900059,0,173,-173
116900060,196,216,-20
116900062,2,7,-5
116900064,89,606,-517
116900065,29,136,-107
116900067,145,101,44
116900068,150,264,-114
116900070,5,11,-6
116900072,29,333,-304
116900073,17,130,-113
116900074,3,51,-48
116900076,12,49,-37
116900077,9,149,-140
116900078,254,127,127
116900079,48,241,-193
116900080,26,30,-4
116900081,462,1262,-800
116900082,516,1023,-507
116900083,58,40,18
116900084,148,51,97
116900085,54,189,-135
116900086,47,206,-159
116900088,455,165,290
116900090,135,39,96
116900091,411,42,369
116900092,102,755,-653
116900093,1724,1997,-273
116900094,4795,3511,1284
116900095,213,111,102
116900096,171,488,-317
116900097,3354,2782,572
116900098,804,404,400
116900099,988,760,228
116900100,912,47,865
116900101,350,490,-140
116900103,6,1,5
116900104,82,75,7
116900105,254,134,120
116900106,1883,194,1689
116900107,3692,2626,1066
116900110,10,2,8
116900111,490,695,-205
116900112,276,878,-602
116900113,1997,1023,974
116900116,130,545,-415
116900117,141,120,21
116900118,680,813,-133
116900120,456,115,341
116900121,132,24,108
116900122,981,802,179
116900123,228,841,-613
116900124,170,989,-819
116900125,441,210,231
116900126,165,657,-492
116900128,3,30,-27
116900129,2,341,-339
116900130,628,3271,-2643
116900131,117,343,-226
116900132,59,125,-66
116900133,135,157,-22
116900134,240,296,-56
116900136,264,248,16
116900137,257,187,70
116900138,202,189,13
116900139,174,435,-261
116900140,234,163,71
116900141,837,497,340
116900142,9,46,-37
116900143,469,615,-146
116900144,33,113,-80
116900145,132,240,-108
116900147,562,426,136
116900148,15,58,-43
116900149,46,270,-224
116900150,14,16,-2
116900151,10,8,2
116900153,121,96,25
116900154,750,687,63
116900155,85,61,24
116900157,586,245,341
116900158,111,298,-187
116900159,121,266,-145
116900160,999,729,270
116900161,6634,5535,1099
116900162,7,89,-82
116900163,204,163,41
116900164,92,65,27
116900165,236,251,-15
116900166,37,64,-27
116900167,445,81,364
116900168,354,100,254
116900169,685,486,199
116900170,321,593,-272
116900171,50,208,-158
116900172,202,316,-114
116900173,243,44,199
116900174,60,48,12
116900175,168,190,-22
116900178,37,128,-91
116900179,105,271,-166
116900180,125,24,101
116900182,577,333,244
116900183,135,136,-1
116900185,40,59,-19
116900186,52,224,-172
116900187,80,38,42
116900188,143,21,122
116900189,72,2,70
116900191,461,758,-297
116900192,273,180,93
116900194,194,1330,-1136
116900195,56,21,35
116900196,16,76,-60
116900197,136,11,125
116900198,160,192,-32
116900200,50,31,19
116900201,122,4,118
116900202,142,59,83
116900203,160,7,153
116900204,46,91,-45
116900206,20,13,7
116900207,29,54,-25
116900208,6,101,-95
116900209,19,118,-99
116900210,531,348,183
116900211,218,9,209
116900212,52,50,2
116900213,223,133,90
116900214,195,196,-1
116900215,58,71,-13
116900216,349,240,109
116900218,11,264,-253
116900219,1566,445,1121
116900220,87,235,-148
116900221,65,417,-352
116900222,331,405,-74
116900223,121,383,-262
116900226,121,82,39
116900227,146,64,82
116900228,269,232,37
116900230,71,247,-176
116900231,41,384,-343
116900232,10,406,-396
116900233,236,88,148
116900234,22,12,10
116900235,182,410,-228
116900238,1652,407,1245
116900239,40,1626,-1586
116900240,5684,3257,2427
116900241,125,158,-33
116900242,365,590,-225
116900243,28,109,-81
116900245,28,16,12
116900246,127,29,98
116900247,682,30,652
116900248,112,61,51
116900249,339,148,191
116900250,383,66,317
116900251,480,533,-53
116900252,132,799,-667
116900253,138,77,61
116900254,12,59,-47
116900255,118,68,50
116900256,404,184,220
116900257,19,447,-428
116900258,8,233,-225
116900259,288,16,272
116900260,3,130,-127
116900261,50,3,47
116900262,245,186,59
116900263,0,10,-10
116900264,2,6,-4
116900265,32,1,31
116900266,16,30,-14
116900267,3,2,1
116900268,344,120,224
116900269,318,639,-321
116900271,1655,201,1454
116900272,304,281,23
116900273,186,59,127
116900274,95,72,23
116900275,174,111,63
116900276,339,114,225
116900277,572,47,525
116900278,5,12,-7
116900279,7,23,-16
116900280,46,46,0
116900281,6221,4123,2098
116900282,6,119,-113
116900283,29,88,-59
116900284,17,235,-218
116900285,268,179,89
116900286,252,23,229
116900287,10,41,-31
116900288,85,102,-17
116900289,6,4,2
116900290,2,31,-29
116900291,27,10,17
116900292,0,18,-18
116900293,50,35,15
116900294,47,142,-95
116900295,79,30,49
116900296,38,34,4
116900297,3,53,-50
116900298,55,26,29
116900299,23,32,-9
116900300,0,39,-39
116900301,28,50,-22
116900302,1452,1309,143
116900303,214,77,137
116900304,2,114,-112
116900305,8,36,-28
116900306,170,134,36
117000001,2006,1654,352
117000002,2167,4584,-2417
117000003,6283,3449,2834
117000004,4167,5254,-1087
117000005,2016,1928,88
117000006,1376,3174,-1798
117000007,3774,1128,2646
117000008,1118,3790,-2672
117000009,5213,1905,3308
117000010,2959,4253,-1294
117000011,2181,1700,481
117000012,1298,1427,-129
117000013,1935,818,1117
117000014,1230,2191,-961
117000015,2765,1248,1517
117000016,415,95,320
117000017,338,127,211
117000018,207,582,-375
117000019,114,2,112
117000020,385,1483,-1098
117000021,1812,388,1424
117000022,585,126,459
117000023,394,158,236
117000024,354,238,116
117000025,661,994,-333
117000026,2417,1211,1206
117000027,2264,2981,-717
117000028,3415,1065,2350
117000030,197,135,62
117000032,1775,1266,509
117000033,1705,1319,386
117000034,190,122,68
117000036,168,117,51
117000038,156,330,-174
117000039,48,43,5
117000040,239,1053,-814
117000041,971,181,790
117000044,4,740,-736
117000045,329,100,229
117000046,410,707,-297
117000047,866,694,172
117000048,2323,1149,1174
117000049,150,676,-526
117000050,119,1876,-1757
117000051,2005,114,1891
117000052,29,336,-307
117000053,481,41,440
117000054,1915,16,1899
117000055,14,3130,-3116
117000056,660,24,636
117000057,622,2545,-1923
117000060,509,1463,-954
117000061,1593,912,681
117000062,301,671,-370
117000063,1771,1046,725
117000064,789,856,-67
117000066,1336,965,371
117000067,129,608,-479
117000074,167,174,-7
117000076,102,43,59
117000077,209,250,-41
117000078,172,668,-496
117000079,385,239,146
117000080,0,323,-323
117000081,968,120,848
117000082,22,92,-70
117000083,171,6,165
117000084,192,0,192
117000085,337,787,-450
117000086,851,518,333
117000087,89,507,-418
117000088,256,162,94
117000089,1535,255,1280
117000090,329,1178,-849
117000091,833,274,559
117000092,412,1219,-807
117000093,1123,756,367
117000094,1520,3052,-1532
117000095,3619,940,2679
117000096,650,2342,-1692
117000097,1336,1137,199
117000098,2552,4751,-2199
117000099,3398,1226,2172
117000100,196,346,-150
117000101,236,1164,-928
117000102,1533,731,802
117000103,754,1693,-939
117000104,1227,707,520
117000105,888,1581,-693
117000106,1108,771,337
117000107,676,1906,-1230
117000108,1516,839,677
117000109,1661,2686,-1025
117000110,1426,1144,282
117000111,3630,4341,-711
117000112,3558,1897,1661
117000113,200,324,-124
117000114,178,165,13
117000115,96,125,-29
117000116,144,245,-101
117000117,2000,1358,642
117000118,272,133,139
117000119,167,238,-71
117000120,226,558,-332
117000121,251,1172,-921
117000122,221,634,-413
117000123,1635,57,1578
117000124,987,132,855
117000125,359,155,204
117000126,75,70,5
117000127,198,459,-261
117000128,462,1098,-636
117000129,191,72,119
117000130,90,2,88
117000131,0,45,-45
117000132,2835,12,2823
117000133,1432,32,1400
117000134,0,35,-35
117000135,3,47,-44
117000136,1,38,-37
117000137,86,145,-59
117000138,2,657,-655
117000140,457,1598,-1141
117000141,1489,551,938
117000181,681,447,234
117000182,275,487,-212
117000195,192,981,-789
117000196,241,118,123
117000225,97,19,78
117000226,44,128,-84
117000276,316,16,300
117000277,2,367,-365
117000310,1674,2264,-590
117000315,52,585,-533
117000320,52,0,52
117000906,343,11,332
117000907,15,279,-264
117000908,14,28,-14
117000909,42,55,-13
117000910,153,164,-11
117000911,84,122,-38
117000915,6,513,-507
117000916,75,9,66
117000917,1282,43,1239
117000918,75,76,-1
117000919,12,123,-111
117000920,2,1409,-1407
117000921,4,1293,-1289
117000922,38,140,-102
117000924,538,785,-247
117000926,872,61,811
117000927,2084,1468,616
117000928,0,133,-133
117000929,203,306,-103
117000930,196,8,188
117000931,957,192,765
117900002,129,468,-339
117900003,978,545,433
117900005,4,21,-17
117900006,0,37,-37
117900007,174,120,54
117900008,1,27,-26
117900010,239,100,139
117900011,31,62,-31
117900012,78,117,-39
117900013,3,214,-211
117900014,307,98,209
117900015,8,87,-79
117900016,1447,935,512
117900017,456,218,238
117900018,235,107,128
117900019,405,233,172
117900020,91,476,-385
117900021,33,74,-41
117900022,30,17,13
117900023,721,172,549
117900024,56,68,-12
117900025,45,12,33
117900026,344,250,94
117900028,76,6,70
117900029,296,538,-242
117900030,513,260,253
117900031,180,108,72
117900032,980,440,540
117900033,249,569,-320
117900034,18,25,-7
117900035,216,108,108
117900036,236,371,-135
117900037,127,127,0
117900038,24,331,-307
117900039,1,74,-73
117900040,118,435,-317
117900041,5,57,-52
117900042,4252,516,3736
117900043,47,58,-11
117900044,18,2424,-2406
117900045,154,128,26
117900048,419,319,100
117900049,239,406,-167
117900050,5,42,-37
117900051,115,8,107
117900052,37,359,-322
117900053,1548,617,931
117900054,0,36,-36
117900055,217,138,79
117900056,446,9,437
117900057,1119,1056,63
117900058,912,1240,-328
117900059,386,98,288
117900060,2253,5201,-2948
117900061,24,181,-157
117900063,292,197,95
117900065,740,1347,-607
117900066,3,54,-51
117900067,470,202,268
117900069,769,340,429
117900070,288,24,264
117900071,52,118,-66
117900073,430,365,65
117900074,108,35,73
117900075,78,88,-10
117900076,6,40,-34
117900077,413,137,276
117900078,303,1025,-722
117900080,104,60,44
117900081,481,398,83
117900082,460,402,58
117900083,308,459,-151
117900086,107,36,71
117900087,156,80,76
117900088,3684,2408,1276
117900089,2500,710,1790
117900090,340,468,-128
117900091,172,226,-54
117900092,67,34,33
117900093,91,89,2
117900094,48,24,24
117900095,209,305,-96
117900096,134,246,-112
117900097,220,90,130
117900098,37,15,22
117900099,121,180,-59
117900100,208,4,204
117900101,405,1688,-1283
117900102,76,52,24
117900103,64,6,58
117900104,30,98,-68
117900105,133,241,-108
117900106,108,38,70
117900107,32,1,31
117900109,681,441,240
117900110,95,5,90
117900111,308,10,298
117900112,98,18,80
117900113,3459,1647,1812
117900114,48,0,48
117900115,425,94,331
117900116,885,942,-57
117900117,714,507,207
117900118,60,0,60
117900119,160,190,-30
117900120,201,102,99
117900121,77,43,34
117900122,1809,3797,-1988
117900123,707,401,306
117900124,922,792,130
117900125,2047,2096,-49
117900126,236,630,-394
117900127,512,517,-5
117900128,427,647,-220
117900129,56,1,55
117900130,1213,447,766
117900131,4,149,-145
117900132,18,112,-94
117900133,1,131,-130
117900134,58,252,-194
117900135,38,195,-157
117900136,1,29,-28
117900137,64,338,-274
117900138,0,43,-43
117900139,163,159,4
117900140,3462,202,3260
117900141,239,214,25
117900142,159,26,133
117900144,106,208,-102
117900145,71,24,47
117900146,144,172,-28
117900147,55,79,-24
117900148,2598,1530,1068
117900149,96,199,-103
117900150,68,45,23
117900151,40,85,-45
117900152,72,58,14
117900153,36,106,-70
117900154,374,587,-213
117900156,934,905,29
117900157,102,532,-430
117900158,238,147,91
117900160,765,829,-64
117900161,2917,2437,480
117900162,368,501,-133
117900163,70,123,-53
117900165,3,17,-14
117900166,150,559,-409
117900168,45,169,-124
117900169,0,118,-118
117900170,2,32,-30
117900171,0,17,-17
117900172,23,34,-11
117900173,156,85,71
117900174,47,69,-22
117900175,6,29,-23
117900176,14,43,-29
117900177,20,43,-23
117900178,110,33,77
117900180,224,31,193
117900181,104,291,-187
117900182,0,44,-44
117900183,32,170,-138
117900184,13,49,-36
117900185,38,50,-12
117900186,48,14,34
117900187,14,8,6
117900188,187,31,156
117900189,70,18,52
117900190,32,6,26
117900191,80,0,80
117900192,222,0,222
117900193,10,68,-58
117900194,6,6,0
117900195,28,82,-54
117900196,25,43,-18
117900207,161,147,14
117900208,57,38,19
117900209,154,182,-28
117900210,122,219,-97
117900211,35,226,-191
117900212,135,170,-35
117900213,23,18,5
117900214,7,28,-21
117900216,9,51,-42
117900217,65,498,-433
117900218,114,150,-36
117900219,15,142,-127
117900220,115,101,14
117900221,34,13,21
118000001,771,826,-55
118000002,1026,2027,-1001
118000003,1866,2749,-883
118000004,2857,2261,596
118000005,5753,6456,-703
118000006,7367,10254,-2887
118000007,5745,3537,2208
118000008,4663,3679,984
118000009,2052,4154,-2102
118000010,7327,5003,2324
118000011,1572,2526,-954
118000012,1339,2295,-956
118000013,3144,2584,560
118000014,2860,2357,503
118000016,179,434,-255
118000017,467,411,56
118000018,396,520,-124
118000019,2502,1469,1033
118000020,1960,3678,-1718
118000021,700,3305,-2605
118000022,2059,856,1203
118000023,960,270,690
118000024,2003,1397,606
118000025,1456,2238,-782
118000027,14518,11973,2545
118000029,1150,874,276
118000032,1583,4069,-2486
118000033,3577,6239,-2662
118000034,6441,2783,3658
118000035,1819,3038,-1219
118000036,1244,1223,21
118000037,760,882,-122
118000038,147,80,67
118000039,115,210,-95
118000040,1762,1293,469
118000041,2187,1338,849
118000045,756,185,571
118000046,1333,472,861
118000047,1107,939,168
118000048,3187,1549,1638
118000051,2297,1252,1045
118000052,1476,758,718
118000053,505,701,-196
118000054,1460,1299,161
118000055,1336,1530,-194
118000056,212,453,-241
118000057,287,440,-153
118000058,4284,1911,2373
118000059,2416,984,1432
118000060,1052,586,466
118000061,1419,1433,-14
118000062,648,351,297
118000063,393,651,-258
118000064,767,1234,-467
118000065,4661,1951,2710
118000066,738,1481,-743
118000067,1266,906,360
118000068,1965,4303,-2338
118000069,3026,1074,1952
118000070,5154,1790,3364
118000071,3318,6284,-2966
118000072,1754,1182,572
118000073,2490,621,1869
118000074,593,399,194
118000075,704,284,420
118000076,1439,1873,-434
118000077,1325,1274,51
118000078,1747,2209,-462
118000079,325,474,-149
118000080,1163,920,243
118000081,1849,1184,665
118000082,312,1168,-856
118000083,1729,1919,-190
118000084,3575,1685,1890
118000086,323,620,-297
118000087,4549,2435,2114
118000088,1799,1525,274
118000089,3480,1952,1528
118000090,1600,2736,-1136
118000091,1189,2100,-911
118000092,1070,562,508
118000093,123,757,-634
118000096,506,656,-150
118000097,899,605,294
118000098,225,178,47
118000099,646,819,-173
118000101,1107,328,779
118000102,358,1369,-1011
118000107,1895,542,1353
118000108,787,1876,-1089
118000110,0,16,-16
118000111,2,301,-299
118000112,435,5,430
118000113,7,590,-583
118000114,429,17,412
118000115,20,8,12
118000116,30,0,30
118000117,1185,788,397
118000118,879,813,66
118000119,1036,1046,-10
118000120,1770,1455,315
118000121,115,599,-484
118000122,1323,356,967
118000123,75,220,-145
118000125,1582,942,640
118000126,649,1394,-745
118000127,1762,627,1135
118000128,627,1102,-475
118000129,927,339,588
118000130,2382,3183,-801
118000131,618,647,-29
118000132,2180,1617,563
118000133,836,343,493
118000135,631,462,169
118000136,106,375,-269
118000137,534,111,423
118000138,403,572,-169
118000139,332,98,234
118000140,2773,4180,-1407
118000141,1914,1708,206
118000142,1661,1538,123
118000143,1979,1197,782
118000144,1137,973,164
118000145,1611,2046,-435
118000146,1279,987,292
118000147,830,1778,-948
118000148,453,1180,-727
118000149,886,931,-45
118000150,400,200,200
118000151,537,492,45
118000153,1357,1252,105
118000154,1466,1830,-364
118000155,1156,1350,-194
118000156,1975,2399,-424
118000157,440,313,127
118000158,176,432,-256
118000159,18,104,-86
118000160,507,451,56
118000161,484,877,-393
118000162,2041,854,1187
118000163,851,901,-50
118000164,2013,1597,416
118000168,1208,648,560
118000169,1062,1114,-52
118000170,4315,5274,-959
118000171,389,634,-245
118000172,98,295,-197
118000173,922,1319,-397
118000175,338,349,-11
118000176,265,429,-164
118000177,232,561,-329
118000178,37,44,-7
118000179,1452,1228,224
118000180,983,714,269
118000181,744,343,401
118000182,311,262,49
118000183,198,314,-116
118000184,873,767,106
118000185,1329,1068,261
118000186,771,1130,-359
118000187,1222,697,525
118000188,552,210,342
118000189,654,820,-166
118000190,22,25,-3
118000191,27,50,-23
118000192,141,180,-39
118000193,134,388,-254
118000194,1198,954,244
118000195,932,812,120
118000196,419,205,214
118000197,266,140,126
118000198,412,586,-174
118000199,379,359,20
118000200,95,260,-165
118000201,469,453,16
118000202,64,71,-7
118000203,1209,528,681
118000204,121,307,-186
118000205,235,312,-77
118000206,248,206,42
118000207,0,80,-80
118000208,1279,1490,-211
118000209,2184,1902,282
118000210,50,34,16
118000211,31,54,-23
118000213,1129,1317,-188
118000214,647,545,102
118000215,322,154,168
118000216,2014,2848,-834
118000217,25,99,-74
118000218,58,118,-60
118000219,444,214,230
118000220,1,30,-29
118000221,168,317,-149
118000222,55,2,53
118000223,38,49,-11
118000224,201,116,85
118000225,108,612,-504
118000226,914,180,734
118000227,781,387,394
118000228,193,254,-61
118000229,233,77,156
118000230,119,199,-80
118000231,77,189,-112
118000232,792,887,-95
118000233,1106,818,288
118000234,516,227,289
118000236,465,311,154
118000237,120,427,-307
118000238,256,167,89
118000239,327,263,64
118000240,456,178,278
118000241,139,177,-38
118000242,453,655,-202
118000243,278,211,67
118000244,53,104,-51
118000246,0,22,-22
118000255,69,209,-140
118000256,72,233,-161
118000259,13,67,-54
118000260,189,76,113
118000261,33,69,-36
118000263,67,178,-111
118000266,96,295,-199
118000267,0,103,-103
118000268,386,26,360
118000270,88,38,50
118000271,126,295,-169
118000272,96,35,61
118000273,166,85,81
118000274,117,295,-178
118000276,501,373,128
118000295,15,143,-128
118000298,155,263,-108
118000299,38,147,-109
118000301,0,41,-41
118000302,114,68,46
118000311,413,111,302
118000312,281,228,53
118000313,65,168,-103
118000314,57,50,7
118000315,38,66,-28
118000316,657,414,243
118000325,76,74,2
118000326,43,40,3
118000331,37,61,-24
118000332,20,68,-48
118000333,27,98,-71
118000335,282,2,280
118000336,0,199,-199
118000407,124,61,63
118000457,8,32,-24
118000465,4261,4332,-71
118000480,21,85,-64
118000489,35,330,-295
118000490,40,236,-196
118000492,154,170,-16
118000510,93,20,73
118000514,112,326,-214
118000515,832,621,211
118000517,338,176,162
118000524,396,248,148
118000525,908,804,104
118000530,23,112,-89
118000531,300,241,59
118000532,208,333,-125
118000533,340,150,190
118000534,574,509,65
118000535,243,156,87
118000536,1067,2064,-997
118000537,16,213,-197
118000538,34,65,-31
118000539,10,85,-75
118000540,336,157,179
118000541,200,73,127
118000542,81,157,-76
118000543,185,191,-6
118000546,46,36,10
118000560,2934,2067,867
118000562,23,135,-112
118000563,1687,1209,478
118000576,139,133,6
118000577,122,137,-15
118000578,95,68,27
118000579,445,1070,-625
118000595,205,81,124
118000596,1,47,-46
118000597,80,105,-25
118000598,10,0,10
118000599,52,41,11
118000600,4,29,-25
118000601,23,0,23
118000602,0,20,-20
118000603,0,10,-10
118900001,690,1328,-638
118900002,926,842,84
118900003,412,29,383
118900004,108,64,44
118900005,84,10,74
118900006,121,1,120
118900007,2,1,1
118900008,1692,52,1640
118900009,56,53,3
118900010,83,12,71
118900011,185,43,142
118900012,434,194,240
118900013,427,158,269
118900015,245,80,165
118900016,7,12,-5
118900017,278,305,-27
118900018,843,32,811
118900019,62,18,44
118900020,222,131,91
118900021,147,406,-259
118900022,150,114,36
118900023,212,91,121
118900024,110,127,-17
118900025,47,34,13
118900026,65,85,-20
118900027,394,162,232
118900028,138,172,-34
118900029,260,327,-67
118900030,334,101,233
118900031,155,121,34
118900032,195,180,15
118900033,413,344,69
118900034,151,27,124
118900035,127,183,-56
118900036,1106,693,413
118900037,502,252,250
118900038,399,211,188
118900039,468,189,279
118900040,211,208,3
118900041,578,169,409
118900042,226,117,109
118900045,231,180,51
118900046,816,307,509
118900047,457,220,237
118900048,192,183,9
118900049,62,47,15
118900050,37,111,-74
118900051,67,85,-18
118900052,381,218,163
118900053,53,74,-21
118900054,102,38,64
118900055,86,103,-17
118900056,12,312,-300
118900057,855,492,363
118900058,382,298,84
118900059,17,77,-60
118900060,46,103,-57
118900062,371,174,197
118900064,794,516,278
118900065,58,177,-119
118900066,70,91,-21
118900067,4476,3377,1099
118900068,19,178,-159
118900069,427,231,196
118900071,2,84,-82
118900072,388,350,38
118900073,112,82,30
118900074,84,201,-117
118900075,57,91,-34
118900076,193,94,99
118900077,271,186,85
118900078,44,14,30
118900079,45,206,-161
118900080,22,134,-112
118900081,105,39,66
118900082,626,153,473
118900083,34,10,24
118900084,15,22,-7
118900085,629,1042,-413
118900086,39,70,-31
118900087,26,200,-174
118900088,1,12,-11
118900089,26,28,-2
118900090,437,385,52
118900091,216,181,35
118900092,160,119,41
118900093,168,23,145
118900096,48,15,33
118900097,259,465,-206
118900099,83,212,-129
118900100,132,238,-106
118900101,125,495,-370
118900102,68,93,-25
118900103,74,141,-67
118900104,295,123,172
118900105,290,124,166
118900107,160,100,60
118900108,142,115,27
118900109,1194,416,778
118900110,1304,690,614
118900111,444,439,5
118900112,47,141,-94
118900113,97,458,-361
118900114,15,72,-57
118900115,148,519,-371
118900116,164,215,-51
118900117,96,189,-93
118900118,255,283,-28
118900119,120,250,-130
118900120,89,303,-214
118900121,0,177,-177
118900122,18,984,-966
118900123,167,223,-56
118900124,60,169,-109
118900126,20,410,-390
118900129,263,223,40
118900130,55,155,-100
118900131,130,235,-105
118900132,410,229,181
118900133,12,87,-75
118900135,234,245,-11
118900136,159,562,-403
118900137,2,35,-33
118900139,146,375,-229
118900140,379,623,-244
118900141,106,173,-67
118900144,107,424,-317
118900145,31,125,-94
118900146,253,632,-379
118900147,226,153,73
118900148,75,58,17
118900150,118,481,-363
118900152,656,808,-152
118900157,111,170,-59
118900158,101,60,41
118900159,1,175,-174
118900161,71,12,59
118900163,153,147,6
118900164,7,97,-90
118900165,41,195,-154
118900166,36,3,33
118900167,86,127,-41
118900168,12,221,-209
118900169,116,341,-225
118900170,162,130,32
118900171,28,48,-20
118900174,44,75,-31
118900175,453,484,-31
118900176,133,268,-135
118900177,78,59,19
118900178,52,211,-159
118900179,5,37,-32
118900181,92,77,15
118900182,119,43,76
118900183,34,144,-110
118900184,335,120,215
118900185,117,135,-18
118900186,142,89,53
118900187,210,272,-62
118900188,369,311,58
118900189,48,851,-803
118900190,12,237,-225
118900191,90,48,42
118900192,176,22,154
118900193,390,10,380
118900195,319,673,-354
118900196,30,143,-113
118900197,148,58,90
118900198,26,32,-6
118900199,78,47,31
118900200,23,9,14
118900201,27,31,-4
118900202,10,66,-56
118900203,10,31,-21
118900204,26,51,-25
118900205,3,16,-13
118900206,1,29,-28
119000001,1292,1763,-471
119000002,4747,3474,1273
119000003,2560,1187,1373
119000004,2232,1382,850
119000005,1638,1803,-165
119000006,2630,1483,1147
119000007,3099,3108,-9
119000008,2113,1960,153
119000009,3777,4447,-670
119000010,6691,4229,2462
119000011,4424,3215,1209
119000012,3606,3774,-168
119000013,2349,1504,845
119000014,2191,3374,-1183
119000019,306,160,146
119000020,2329,1301,1028
119000021,4157,2265,1892
119000022,3149,2491,658
119000023,251,273,-22
119000024,1565,9980,-8415
119000025,7602,1455,6147
119000026,124,389,-265
119000027,257,441,-184
119000028,1971,1064,907
119000029,105,306,-201
119000030,524,910,-386
119000031,816,794,22
119000032,1913,2450,-537
119000033,2328,1613,715
119000034,1024,1037,-13
119000035,37,341,-304
119000036,1664,781,883
119000037,1220,1783,-563
119000038,157,915,-758
119000039,307,354,-47
119000040,840,530,310
119000041,778,1074,-296
119000048,3234,3057,177
119000049,1696,2285,-589
119000050,2131,1928,203
119000051,2424,968,1456
119000052,1851,2730,-879
119000053,1812,1245,567
119000054,3215,3319,-104
119000055,4204,3250,954
119000056,2464,2153,311
119000057,1566,2167,-601
119000058,2111,1861,250
119000059,1443,1838,-395
119000060,1629,1225,404
119000061,1007,850,157
119000062,1316,1399,-83
119000063,503,316,187
119000064,938,1236,-298
119000065,2371,3432,-1061
119000066,1993,1050,943
119000067,1801,2232,-431
119000068,1549,1099,450
119000069,1343,2398,-1055
119000070,2481,986,1495
119000071,444,768,-324
119000072,5204,3091,2113
119000073,4645,6401,-1756
119000074,1218,2503,-1285
119000075,1973,2219,-246
119000076,423,915,-492
119000077,706,486,220
119000078,318,155,163
119000079,121,528,-407
119000080,370,198,172
119000081,327,372,-45
119000082,914,250,664
119000083,539,320,219
119000084,256,449,-193
119000085,496,215,281
119000086,314,422,-108
119000087,1611,1048,563
119000088,424,236,188
119000089,83,194,-111
119000090,123,178,-55
119000091,119,412,-293
119000092,418,190,228
119000093,3650,2740,910
119000094,2852,5406,-2554
119000095,1851,2720,-869
119000097,2182,1534,648
119000098,908,2629,-1721
119000099,2575,1884,691
119000100,3722,2929,793
119000101,4350,1966,2384
119000102,989,1013,-24
119000103,1824,585,1239
119000104,2702,1527,1175
119000105,1075,1859,-784
119000106,361,1379,-1018
119000107,778,429,349
119000108,387,999,-612
119000109,164,457,-293
119000110,520,344,176
119000111,41,578,-537
119000112,166,117,49
119000113,2367,304,2063
119000114,986,968,18
119000115,165,172,-7
119000116,120,100,20
119000117,124,439,-315
119000118,1,2,-1
119000123,4706,1622,3084
119000124,645,223,422
119000125,3232,753,2479
119000126,510,618,-108
119000127,477,665,-188
119000128,44,5,39
119000131,960,735,225
119000132,4,5,-1
119000133,3,13,-10
119000134,2127,630,1497
119000135,124,185,-61
119000136,202,179,23
119000137,237,414,-177
119000138,421,280,141
119000139,262,272,-10
119000140,207,366,-159
119000284,1283,2677,-1394
119000285,2128,2174,-46
119000286,7734,6027,1707
119000287,1176,2324,-1148
119000288,1884,1485,399
119000289,1678,2877,-1199
119000290,172,449,-277
119000291,6,228,-222
119000293,114,178,-64
119000294,55,27,28
119000295,1556,408,1148
119000296,186,145,41
119000302,2132,1390,742
119000303,59,161,-102
119000314,1649,9010,-7361
119000315,0,447,-447
119000316,68,113,-45
119000317,67,271,-204
119900001,327,1319,-992
119900002,144,337,-193
119900003,66,1118,-1052
119900004,296,1059,-763
119900005,202,162,40
119900006,225,415,-190
119900007,1072,212,860
119900008,213,58,155
119900009,738,719,19
119900010,1146,1165,-19
119900011,18,107,-89
119900012,30,97,-67
119900013,1739,982,757
119900014,502,289,213
119900015,119,49,70
119900016,52,88,-36
119900017,26,59,-33
119900018,1988,912,1076
119900019,38,3,35
119900020,223,218,5
119900021,172,101,71
119900022,126,762,-636
119900023,630,1170,-540
119900025,167,23,144
119900026,888,149,739
119900027,13,25,-12
119900028,187,116,71
119900029,3,8,-5
119900030,711,528,183
119900031,70,401,-331
119900033,2679,395,2284
119900034,361,140,221
119900037,201,33,168
119900038,63,306,-243
119900039,37,12,25
119900040,236,22,214
119900041,110,47,63
119900042,409,158,251
119900043,88,156,-68
119900044,250,882,-632
119900046,118,82,36
119900047,297,67,230
119900048,66,16,50
119900049,138,5,133
119900050,142,92,50
119900051,989,11,978
119900052,87,71,16
119900053,208,189,19
119900054,84,10,74
119900055,1312,447,865
119900057,252,80,172
119900058,235,3,232
119900059,136,41,95
119900060,230,21,209
119900061,392,10,382
119900062,63,33,30
119900063,19,41,-22
119900064,416,79,337
119900065,230,24,206
119900066,1,2,-1
119900067,117,51,66
119900068,445,3,442
119900069,106,6,100
119900070,1329,65,1264
119900071,633,22,611
119900072,390,566,-176
119900073,1726,705,1021
119900074,96,45,51
119900075,5151,2864,2287
119900076,836,451,385
119900077,905,960,-55
119900078,430,837,-407
119900079,275,310,-35
119900080,266,265,1
119900081,61,45,16
119900082,1671,335,1336
119900083,453,193,260
119900084,909,338,571
119900085,49,93,-44
119900086,88,532,-444
119900087,694,376,318
119900088,36,72,-36
119900089,29,533,-504
119900090,180,74,106
119900091,102,892,-790
119900092,102,473,-371
119900093,1124,255,869
119900094,30,188,-158
119900095,214,119,95
119900096,49,167,-118
119900097,706,242,464
119900098,61,70,-9
119900099,44,243,-199
119900100,2344,2718,-374
119900101,221,1190,-969
119900102,91,253,-162
119900103,49,326,-277
119900104,62,267,-205
119900105,1027,1761,-734
119900106,10,174,-164
119900107,310,2790,-2480
119900108,2321,774,1547
119900109,21,230,-209
119900110,697,628,69
119900111,145,339,-194
119900112,1621,578,1043
119900113,69,295,-226
119900114,273,1125,-852
119900115,329,1018,-689
119900116,208,374,-166
119900117,426,727,-301
119900118,101,755,-654
119900119,261,243,18
119900120,722,688,34
119900121,322,1064,-742
119900122,536,398,138
119900123,238,331,-93
119900124,230,885,-655
119900125,62,269,-207
119900126,4276,359,3917
119900127,2303,1204,1099
119900128,471,827,-356
119900129,271,523,-252
119900130,15,271,-256
119900131,47,235,-188
119900132,4,206,-202
119900133,91,108,-17
119900134,1774,281,1493
119900135,2,376,-374
119900136,185,389,-204
119900138,427,574,-147
119900139,71,78,-7
119900140,0,110,-110
119900141,111,862,-751
119900142,21,34,-13
119900143,8,211,-203
119900144,1540,253,1287
119900145,123,188,-65
119900146,209,227,-18
119900147,3,190,-187
119900148,206,61,145
119900149,1509,4046,-2537
119900150,198,184,14
119900151,1884,886,998
119900152,128,312,-184
119900153,143,77,66
119900154,18,257,-239
119900155,54,45,9
119900156,26,3,23
119900157,159,254,-95
119900158,171,85,86
119900159,6,1478,-1472
119900160,25,194,-169
119900161,130,140,-10
119900162,994,1034,-40
119900163,117,177,-60
119900164,1,1,0
119900165,194,259,-65
119900166,88,47,41
119900167,102,142,-40
119900168,857,513,344
119900169,160,340,-180
119900170,240,297,-57
119900171,1049,458,591
119900172,191,32,159
119900173,11,445,-434
119900174,8,171,-163
119900175,1196,733,463
119900177,23,217,-194
119900178,19,125,-106
119900179,87,353,-266
119900180,950,906,44
119900181,81,133,-52
119900182,12,399,-387
119900183,186,698,-512
119900184,2631,763,1868
119900185,48,189,-141
119900186,86,876,-790
119900187,32,465,-433
119900188,127,410,-283
119900189,612,531,81
119900190,63,277,-214
119900191,376,221,155
119900192,82,174,-92
119900193,400,238,162
119900194,55,106,-51
119900195,58,249,-191
119900196,1588,549,1039
119900197,229,205,24
119900198,131,304,-173
119900199,169,28,141
119900200,637,748,-111
119900201,488,303,185
119900202,107,240,-133
119900203,218,575,-357
119900204,311,358,-47
119900205,689,525,164
119900206,155,133,22
119900208,172,187,-15
119900209,493,1235,-742
119900210,43,21,22
119900211,94,9,85
119900212,139,231,-92
119900213,2,67,-65
119900214,37,94,-57
119900215,90,91,-1
119900216,14,75,-61
119900217,28,72,-44
119900218,13,90,-77
119900219,21,138,-117
119900220,5,122,-117
119900221,36,310,-274
119900222,13,217,-204
119900223,19,85,-66
119900224,29,44,-15
119900225,1025,70,955
119900226,665,2020,-1355
119900227,1174,330,844
119900228,193,308,-115
119900229,379,512,-133
119900230,1684,713,971
119900231,250,168,82
119900232,261,127,134
119900233,86,19,67
119900234,11,80,-69
119900235,45,56,-11
119900236,37,229,-192
119900237,86,578,-492
119900238,3,71,-68
119900240,82,168,-86
119900241,225,300,-75
119900242,1583,1960,-377
119900244,732,1588,-856
119900245,138,224,-86
119900246,311,568,-257
119900247,44,136,-92
119900248,95,181,-86
119900249,233,101,132
119900253,3072,514,2558
119900254,129,608,-479
119900255,103,635,-532
119900256,633,1039,-406
119900257,60,5,55
119900258,209,60,149
119900259,8,140,-132
119900260,113,5,108
119900261,235,161,74
119900262,5,259,-254
119900263,1039,432,607
119900264,106,164,-58
119900265,415,367,48
119900266,345,323,22
119900267,339,615,-276
119900268,245,179,66
119900269,965,1199,-234
119900271,59,125,-66
119900272,462,210,252
119900275,167,5,162
119900276,75,6,69
119900277,12,10,2
119900278,254,111,143
119900279,130,288,-158
119900280,676,209,467
119900281,2,214,-212
119900282,84,100,-16
119900283,18,245,-227
119900284,61,194,-133
119900285,18,37,-19
119900286,1,18,-17
119900288,4,22,-18
119900289,0,29,-29
119900290,6,23,-17
119900291,8,121,-113
119900292,28,42,-14
119900293,20,72,-52
119900294,25,90,-65
119900295,20,24,-4
119900296,42,197,-155
119900297,1,26,-25
119900298,9,17,-8
119900299,69,197,-128
119900300,156,199,-43
119900301,79,112,-33
119900302,82,111,-29
119900303,247,223,24
119900304,128,64,64
119900305,9,136,-127
119900306,37,3,34
119900307,42,103,-61
119900308,4,38,-34
119900309,52,106,-54
119900310,327,348,-21
119900311,64,113,-49
119900312,93,106,-13
119900313,266,340,-74
119900314,165,396,-231
119900315,1537,2244,-707
119900318,10,37,-27
119900319,0,259,-259
119900320,211,554,-343
119900321,99,4,95
120000001,6822,13781,-6959
120000002,2420,3038,-618
120000003,3552,1749,1803
120000004,3014,2400,614
120000005,4609,2227,2382
120000006,1244,1443,-199
120000007,3816,3167,649
120000008,1041,1511,-470
120000009,3357,1234,2123
120000010,1833,2767,-934
120000011,1178,1889,-711
120000012,1671,3036,-1365
120000013,2991,2968,23
120000014,797,1485,-688
120000015,2642,1606,1036
120000016,3492,2398,1094
120000017,3032,2498,534
120000018,3938,10942,-7004
120000019,902,1409,-507
120000020,3080,3201,-121
120000021,1874,2334,-460
120000022,2853,3620,-767
120000023,978,1615,-637
120000024,1324,2305,-981
120000025,2250,2156,94
120000026,1717,1630,87
120000027,2021,2093,-72
120000028,929,924,5
120000029,4433,1043,3390
120000030,685,1061,-376
120000031,2379,6702,-4323
120000032,8765,4531,4234
120000033,5087,2167,2920
120000034,1862,1908,-46
120000035,1885,2093,-208
120000036,2860,5334,-2474
120000037,633,1597,-964
120000038,7256,4239,3017
120000039,571,888,-317
120000040,176,361,-185
120000041,1484,1500,-16
120000042,1892,2794,-902
120000043,5224,2063,3161
120000044,4448,1718,2730
120000045,5404,1140,4264
120000046,2821,2646,175
120000047,1355,5622,-4267
120000048,7821,4499,3322
120000049,3025,2896,129
120000050,4079,4322,-243
120000051,3246,5251,-2005
120000052,9212,2597,6615
120000053,1119,2737,-1618
120000054,1448,4537,-3089
120000055,1671,5001,-3330
120000056,4094,4062,32
120000057,2842,784,2058
120000058,3533,610,2923
120000059,65,1512,-1447
120000061,100,540,-440
120000062,198,312,-114
120000063,1510,2707,-1197
120000064,194,1179,-985
120000065,574,1791,-1217
120000066,282,583,-301
120000067,103,485,-382
120000068,176,815,-639
120000069,561,1125,-564
120000070,80,663,-583
120000071,431,138,293
120000072,768,444,324
120000073,856,100,756
120000074,391,129,262
120000075,956,342,614
120000076,1916,473,1443
120000077,1874,683,1191
120000078,3454,1160,2294
120000079,231,121,110
120000080,103,160,-57
120000081,252,130,122
120000082,177,208,-31
120000083,63,577,-514
120000084,428,371,57
120000085,320,312,8
120000086,269,499,-230
120000087,121,536,-415
120000088,754,1415,-661
120000089,1245,773,472
120000090,681,599,82
120000091,935,1137,-202
120000092,1381,758,623
120000093,397,516,-119
120000094,182,804,-622
120000095,1105,514,591
120000096,280,800,-520
120000098,1117,836,281
120000099,494,910,-416
120000100,799,1017,-218
120000101,597,556,41
120000102,546,842,-296
120000103,1425,821,604
120000104,1837,503,1334
120000105,3060,707,2353
120000106,2297,680,1617
120000107,3419,674,2745
120000108,1220,161,1059
120000109,1077,72,1005
120000110,88,979,-891
120000111,114,1138,-1024
120000112,822,3054,-2232
120000113,645,2237,-1592
120000114,994,2995,-2001
120000115,361,2404,-2043
120000116,760,2108,-1348
120000117,1184,1614,-430
120000118,34,21,13
120000119,19,75,-56
120000120,62,50,12
120000121,45,69,-24
120000122,273,309,-36
120000123,5550,4720,830
120000124,404,360,44
120000125,486,727,-241
120000126,371,875,-504
120000127,2993,942,2051
120000128,4110,4005,105
120000129,282,285,-3
120000130,748,542,206
120000131,259,675,-416
120000134,378,1158,-780
120000135,541,507,34
120000137,263,1355,-1092
120000138,874,529,345
120000139,283,739,-456
120000140,779,603,176
120000141,432,520,-88
120000142,568,656,-88
120000143,2,165,-163
120000144,116,6,110
120000145,366,0,366
120000146,1218,958,260
120000149,725,1289,-564
120000150,3447,11099,-7652
120000151,409,465,-56
120000152,516,247,269
120000153,382,633,-251
120000154,483,438,45
120000155,114,235,-121
120000156,891,1015,-124
120000157,1042,684,358
120000158,980,838,142
120000159,2094,2742,-648
120000160,2435,1388,1047
120000161,1984,2480,-496
120000162,86,270,-184
120000163,837,1339,-502
120000164,549,366,183
120000165,560,865,-305
120000166,1312,634,678
120000167,217,196,21
120000168,41,610,-569
120000169,84,1611,-1527
120000170,69,856,-787
120000171,31,235,-204
120000172,31,97,-66
120000173,2457,539,1918
120000174,385,17,368
120000175,329,40,289
120000176,346,58,288
120000177,1350,148,1202
120000178,152,23,129
120000179,312,58,254
120000180,668,106,562
120000181,199,915,-716
120000182,82,437,-355
120000183,11,356,-345
120000184,87,1070,-983
120000186,94,434,-340
120000187,63,157,-94
120000188,152,240,-88
120000190,1026,43,983
120000191,1403,89,1314
120000192,1373,45,1328
120000193,753,8,745
120000195,178,15,163
120000196,452,63,389
120000197,203,116,87
120000198,198,108,90
120000199,98,1,97
120000200,105,1,104
120000201,6,25,-19
120000202,1,40,-39
120000203,56,208,-152
120000207,1,83,-82
120000208,7,218,-211
120000209,3,71,-68
120000210,87,98,-11
120000211,166,8,158
120000212,149,0,149
120000213,144,244,-100
120000214,2,306,-304
120000215,8,162,-154
120000216,73,30,43
120000217,666,1208,-542
120000218,147,709,-562
120000219,18,473,-455
120000220,39,1542,-1503
120000225,1548,3,1545
120000226,376,4,372
120000227,841,67,774
120000228,8655,3358,5297
120000230,345,25,320
120000231,1212,2266,-1054
120000233,395,19,376
120000235,264,766,-502
120000236,828,1,827
120000237,3,1341,-1338
120000238,3,443,-440
120000241,1263,3774,-2511
120000412,975,24,951
120000413,225,222,3
120000414,114,3,111
120000415,3,107,-104
120000416,102,5,97
120000417,9,107,-98
120000418,183,15,168
120000419,8,268,-260
120000420,34,27,7
120000421,11967,6571,5396
120000422,142,1325,-1183
120000423,9,60,-51
120000424,79,143,-64
120000436,134,610,-476
120000437,135,126,9
120000438,2767,297,2470
120000439,182,548,-366
120000443,301,4,297
120000444,1350,546,804
120000445,1596,1063,533
120000446,783,223,560
120000447,236,15,221
120000449,132,9,123
120000450,6,221,-215
120000451,253,225,28
120000452,89,3,86
120000453,2,240,-238
120000454,66,58,8
120000455,124,48,76
120000456,2382,3682,-1300
120000457,1630,597,1033
120000458,485,640,-155
120000459,76,55,21
120000665,1126,233,893
120000668,131,615,-484
120000669,61,174,-113
120000670,208,546,-338
120000671,1123,380,743
120000672,85,541,-456
120900001,60,88,-28
120900002,547,601,-54
120900003,398,21,377
120900004,18,69,-51
120900005,164,785,-621
120900006,390,240,150
120900007,145,100,45
120900008,248,1162,-914
120900009,357,40,317
120900010,521,98,423
120900011,340,180,160
120900012,516,1430,-914
120900013,324,110,214
120900014,3,611,-608
120900015,666,104,562
120900016,744,56,688
120900017,2311,86,2225
120900018,168,487,-319
120900019,755,316,439
120900020,854,1517,-663
120900021,733,294,439
120900022,35,383,-348
120900023,296,44,252
120900024,2311,680,1631
120900025,1684,1137,547
120900026,278,277,1
120900027,605,22,583
120900028,417,118,299
120900029,213,401,-188
120900030,1140,843,297
120900031,249,122,127
120900032,1139,138,1001
120900033,1114,91,1023
120900034,28,2408,-2380
120900035,62,230,-168
120900037,247,15,232
120900038,76,233,-157
120900039,73,58,15
120900040,295,7,288
120900041,145,44,101
120900042,549,43,506
120900043,52,40,12
120900044,18,379,-361
120900045,154,135,19
120900046,381,3,378
120900047,116,108,8
120900048,115,25,90
120900049,451,2,449
120900050,2381,1466,915
120900051,325,117,208
120900052,679,11,668
120900053,269,76,193
120900054,1741,651,1090
120900055,336,2,334
120900056,475,19,456
120900057,131,9,122
120900058,592,4,588
120900059,79,12,67
120900060,87,29,58
120900061,267,321,-54
120900062,251,4,247
120900063,436,2,434
120900064,609,0,609
120900065,448,14,434
120900066,409,347,62
120900067,168,66,102
120900068,247,4,243
120900069,199,50,149
120900071,37,3,34
120900072,739,8,731
120900073,452,208,244
120900074,574,7,567
120900076,402,17,385
120900077,3517,415,3102
120900078,825,924,-99
120900079,682,112,570
120900080,689,1815,-1126
120900081,856,922,-66
120900082,597,503,94
120900083,120,20,100
120900084,278,444,-166
120900085,95,139,-44
120900086,140,400,-260
120900087,455,354,101
120900088,187,389,-202
120900089,3830,2817,1013
120900090,191,132,59
120900091,693,716,-23
120900092,1547,520,1027
120900093,2390,226,2164
120900094,549,198,351
120900095,504,30,474
120900096,47,238,-191
120900097,817,782,35
120900098,306,202,104
120900099,72,78,-6
120900100,126,279,-153
120900101,743,344,399
120900102,36,70,-34
120900103,59,221,-162
120900104,17,62,-45
120900105,56,499,-443
120900106,1346,653,693
120900107,297,206,91
120900108,2,550,-548
120900109,53,715,-662
120900110,14,562,-548
120900111,191,401,-210
120900112,13,916,-903
120900113,19,849,-830
120900114,52,178,-126
120900115,197,207,-10
120900116,391,487,-96
120900117,0,516,-516
120900118,7,707,-700
120900119,3902,4567,-665
120900120,80,597,-517
120900121,253,618,-365
120900122,526,590,-64
120900123,5,413,-408
120900124,2,598,-596
120900125,4,890,-886
120900126,1704,1439,265
120900127,9,518,-509
120900128,1204,1780,-576
120900129,56,358,-302
120900130,47,400,-353
120900131,51,81,-30
120900132,984,376,608
120900133,200,958,-758
120900134,874,525,349
120900135,38,617,-579
120900136,49,60,-11
120900137,332,150,182
120900138,13,229,-216
120900139,3,612,-609
120900140,6,78,-72
120900141,242,223,19
120900142,18,634,-616
120900143,0,932,-932
120900144,0,188,-188
120900145,155,812,-657
120900146,2,1097,-1095
120900147,2,496,-494
120900148,125,131,-6
120900149,0,302,-302
120900150,61,617,-556
120900151,2,671,-669
120900152,0,53,-53
120900153,23,96,-73
120900154,1,270,-269
120900155,202,1124,-922
120900156,65,388,-323
120900157,77,210,-133
120900158,67,583,-516
120900159,125,258,-133
120900160,41,595,-554
120900161,29,522,-493
120900162,24,641,-617
120900163,33,578,-545
120900164,2,5,-3
120900165,3,16,-13
120900166,237,527,-290
120900167,577,193,384
120900169,83,432,-349
120900170,1461,2438,-977
120900171,1377,332,1045
120900172,1159,1108,51
120900173,0,47,-47
120900174,10,151,-141
120900175,262,197,65
120900176,21,354,-333
120900177,2,1165,-1163
120900178,0,567,-567
120900179,1075,622,453
120900180,115,113,2
120900181,120,41,79
120900182,29,233,-204
120900183,343,109,234
120900184,164,87,77
120900185,16,378,-362
120900186,1,497,-496
120900187,484,1115,-631
120900188,232,11,221
120900189,113,1032,-919
120900190,50,8,42
120900191,13,19,-6
120900192,10977,6741,4236
120900194,48,104,-56
120900195,205,329,-124
120900196,551,26,525
120900197,667,209,458
120900198,288,606,-318
120900199,421,1913,-1492
120900200,86,107,-21
120900201,534,216,318
120900202,0,213,-213
120900203,47,74,-27
120900204,135,308,-173
120900205,58,64,-6
120900206,25,36,-11
121000001,854,1005,-151
121000002,2602,1222,1380
121000003,3380,2041,1339
121000004,3271,3350,-79
121000005,1849,2733,-884
121000006,3880,1804,2076
121000007,2556,2785,-229
121000008,5678,3624,2054
121000009,5762,5565,197
121000010,8419,6036,2383
121000011,10381,13694,-3313
121000012,18546,11698,6848
121000013,4968,7358,-2390
121000014,6658,5988,670
121000015,4344,7001,-2657
121000016,4427,3453,974
121000017,2203,4107,-1904
121000018,3089,1823,1266
121000019,21413,12988,8425
121000020,15460,17407,-1947
121000021,3083,3305,-222
121000022,2516,3027,-511
121000023,4169,3347,822
121000024,5130,5229,-99
121000025,584,1338,-754
121000026,321,127,194
121000027,1619,1137,482
121000028,817,557,260
121000029,1039,662,377
121000030,287,229,58
121000031,717,719,-2
121000032,221,99,122
121000034,517,237,280
121000035,170,126,44
121000036,1137,838,299
121000037,651,534,117
121000038,461,944,-483
121000039,266,461,-195
121000041,561,497,64
121000042,307,403,-96
121000043,769,541,228
121000044,1272,869,403
121000045,558,349,209
121000046,741,1001,-260
121000047,71,103,-32
121000049,1667,613,1054
121000050,335,1015,-680
121000051,770,320,450
121000052,465,658,-193
121000053,440,118,322
121000054,66,330,-264
121000055,1144,1059,85
121000056,691,1046,-355
121000057,366,482,-116
121000058,438,220,218
121000059,2095,1242,853
121000060,618,852,-234
121000061,133,302,-169
121000062,358,395,-37
121000063,653,646,7
121000064,637,541,96
121000065,462,545,-83
121000066,326,358,-32
121000067,713,694,19
121000068,786,390,396
121000069,994,912,82
121000070,2098,1364,734
121000071,1524,1345,179
121000072,1640,872,768
121000073,1025,979,46
121000074,112,111,1
121000075,97,421,-324
121000076,1336,470,866
121000077,190,196,-6
121000078,154,148,6
121000080,2751,692,2059
121000081,4018,2917,1101
121000082,101,237,-136
121000083,227,164,63
121000084,196,150,46
121000085,288,391,-103
121000086,235,821,-586
121000087,63,345,-282
121000088,528,540,-12
121000089,511,397,114
121000090,459,341,118
121000091,1502,838,664
121000092,171,91,80
121000093,188,215,-27
121000094,572,777,-205
121000095,333,612,-279
121000096,2413,2701,-288
121000097,1131,2408,-1277
121000098,587,985,-398
121000099,586,781,-195
121000100,836,403,433
121000101,424,281,143
121000102,277,335,-58
121000103,263,291,-28
121000104,322,196,126
121000105,524,271,253
121000106,430,416,14
121000107,2168,3321,-1153
121000109,1534,1082,452
121000110,375,667,-292
121000114,2824,2131,693
121000115,938,680,258
121000116,274,893,-619
121000117,872,251,621
121000118,1315,216,1099
121000119,303,400,-97
121000120,307,433,-126
121000121,572,1172,-600
121000123,2014,671,1343
121000126,135,341,-206
121000127,175,69,106
121000128,1057,461,596
121000129,824,644,180
121000130,590,871,-281
121000131,2808,2137,671
121000132,1980,1810,170
121000135,554,967,-413
121000136,2073,890,1183
121000137,601,302,299
121000138,1224,1041,183
121000139,792,406,386
121000141,256,136,120
121000142,764,874,-110
121000143,192,28,164
121000144,1338,2022,-684
121000145,500,1052,-552
121000146,1422,891,531
121000147,1022,517,505
121000148,988,1123,-135
121000149,2105,1283,822
121000152,536,574,-38
121000153,1900,707,1193
121000154,994,627,367
121000155,1408,1056,352
121000156,401,970,-569
121000157,1102,1941,-839
121000158,389,517,-128
121000159,256,444,-188
121000160,289,412,-123
121000161,261,338,-77
121000162,101,241,-140
121000165,1914,1989,-75
121000166,17,387,-370
121000168,449,215,234
121000169,44,164,-120
121000170,304,100,204
121000171,94,167,-73
121000172,682,561,121
121000173,1304,1100,204
121000174,467,465,2
121000175,899,375,524
121000176,423,278,145
121000177,1212,661,551
121000178,158,64,94
121000179,159,69,90
121000181,521,497,24
121000182,163,199,-36
121000183,97,126,-29
121000184,511,111,400
121000185,47,152,-105
121000186,186,510,-324
121000187,204,234,-30
121000188,191,191,0
121000192,970,424,546
121000193,651,563,88
121000194,2503,2320,183
121000195,314,860,-546
121000196,450,204,246
121000197,278,705,-427
121000198,202,132,70
121000199,111,327,-216
121000200,482,60,422
121000201,9,183,-174
121000202,174,5,169
121000203,977,2266,-1289
121000204,2826,781,2045
121000205,240,296,-56
121000206,240,42,198
121000207,2231,373,1858
121000208,6,321,-315
121000209,445,318,127
121000210,578,370,208
121000211,298,101,197
121000212,428,568,-140
121000213,9224,3065,6159
121000214,923,2377,-1454
121000215,1135,886,249
121000216,487,669,-182
121000217,4180,2309,1871
121000218,459,1490,-1031
121000219,1343,346,997
121000220,218,85,133
121000221,123,204,-81
121000222,2245,2650,-405
121000223,768,455,313
121000224,430,241,189
121000225,1435,1623,-188
121000226,2812,1072,1740
121000227,7,154,-147
121000228,21,574,-553
121000229,323,272,51
121000230,58,1450,-1392
121000231,939,34,905
121000232,377,328,49
121000233,529,409,120
121000234,20,44,-24
121000235,62,81,-19
121000236,11,30,-19
121000237,43,21,22
121000238,7,77,-70
121000239,65,8,57
121000240,14,179,-165
121000241,98,11,87
121000242,50,215,-165
121000243,525,182,343
121000244,13,87,-74
121000245,50,48,2
121000246,1,87,-86
121000247,91,14,77
121000248,1740,349,1391
121000249,173,258,-85
121000250,657,168,489
121000251,39,379,-340
121000252,113,75,38
121000253,253,299,-46
121000254,587,190,397
121000255,210,165,45
121000256,426,183,243
121000257,64,64,0
121000258,214,61,153
121000259,51,59,-8
121000260,158,121,37
121000261,162,36,126
121000262,852,802,50
121000263,489,466,23
121000271,307,1412,-1105
121000273,58,6,52
121000274,12,30,-18
121000275,3,13,-10
121000276,4,10,-6
121000278,38,34,4
121000279,59,14,45
121000280,43,37,6
121000289,235,21,214
121000290,1247,943,304
121000294,142,122,20
121000297,1226,1139,87
121000299,173,370,-197
121000300,907,640,267
121000302,64,1174,-1110
121000303,419,365,54
121000304,511,60,451
121000305,224,53,171
121000306,140,137,3
121000308,207,353,-146
121000309,385,505,-120
121000310,75,358,-283
121000311,97,896,-799
121000312,362,226,136
121000313,421,515,-94
121000314,114,166,-52
121000315,38,101,-63
121000530,1426,1340,86
121000531,1714,1449,265
121000532,7466,7740,-274
121000533,3038,3442,-404
121000918,96,158,-62
121000919,79,40,39
121000938,130,181,-51
121000939,134,148,-14
121000956,1411,1194,217
121000957,8,15,-7
121000958,112,58,54
121000959,705,829,-124
121000960,1679,2119,-440
121000961,255,220,35
121000962,211,452,-241
121000973,3,143,-140
121000976,14,259,-245
121000979,514,158,356
121000981,398,352,46
121000982,328,150,178
121000983,451,417,34
121000984,66,95,-29
121000985,655,461,194
121000986,334,192,142
121000987,387,1087,-700
121000988,770,109,661
121001302,311,124,187
121001308,14,5,9
121001309,108,125,-17
121001313,273,222,51
121001314,2079,2964,-885
121001315,4192,2173,2019
121900001,141,177,-36
121900002,56,47,9
121900003,519,21,498
121900004,162,436,-274
121900005,33,6,27
121900006,93,11,82
121900007,2017,2484,-467
121900008,2695,870,1825
121900009,684,19,665
121900010,197,4,193
121900011,338,415,-77
121900012,24,3,21
121900013,1674,110,1564
121900014,1273,420,853
121900015,216,225,-9
121900016,3,24,-21
121900017,559,532,27
121900018,377,11,366
121900019,549,247,302
121900020,14,2,12
121900021,987,23,964
121900022,287,258,29
121900023,161,308,-147
121900024,407,105,302
121900025,617,411,206
121900026,430,66,364
121900027,398,158,240
121900028,344,9,335
121900029,109,197,-88
121900030,551,575,-24
121900031,1181,5813,-4632
121900032,137,127,10
121900033,190,200,-10
121900034,379,77,302
121900035,2844,2254,590
121900036,58,274,-216
121900037,274,757,-483
121900038,44,181,-137
121900039,442,74,368
121900040,84,122,-38
121900041,75,138,-63
121900042,348,149,199
121900043,6,6,0
121900044,156,49,107
121900045,451,246,205
121900046,307,406,-99
121900047,196,68,128
121900048,72,160,-88
121900050,45,59,-14
121900051,131,150,-19
121900052,208,74,134
121900053,666,264,402
121900054,490,956,-466
121900055,14,20,-6
121900058,227,159,68
121900059,492,221,271
121900060,89,295,-206
121900061,210,219,-9
121900062,211,143,68
121900063,1359,387,972
121900064,276,580,-304
121900066,39,32,7
121900067,51,43,8
121900069,216,160,56
121900070,372,118,254
121900071,329,248,81
121900072,57,176,-119
121900073,220,193,27
121900074,1015,1177,-162
121900075,535,452,83
121900076,395,581,-186
121900077,18,45,-27
121900078,70,34,36
121900079,1,0,1
121900080,1076,479,597
121900082,51,134,-83
121900084,30,179,-149
121900085,3,24,-21
121900086,11,66,-55
121900087,218,91,127
121900088,2368,3918,-1550
121900089,182,334,-152
121900090,47,147,-100
121900091,78,135,-57
121900092,158,101,57
121900093,96,70,26
121900094,17,4,13
121900095,218,130,88
121900096,1606,1110,496
121900097,517,205,312
121900098,2,5,-3
121900099,223,85,138
121900100,362,565,-203
121900101,160,116,44
121900102,7,218,-211
121900103,555,300,255
121900104,1558,396,1162
121900105,279,221,58
121900106,6,11,-5
121900107,36,52,-16
121900108,3,27,-24
121900109,297,125,172
121900110,544,900,-356
121900111,889,186,703
121900112,192,154,38
121900113,87,310,-223
121900114,86,101,-15
121900115,150,354,-204
121900117,441,118,323
121900118,1921,628,1293
121900119,229,110,119
121900120,51,1493,-1442
121900121,540,61,479
121900122,22,63,-41
121900123,203,411,-208
121900124,128,181,-53
121900125,1801,1008,793
121900127,16,136,-120
121900128,88,106,-18
121900129,711,221,490
121900130,99,262,-163
121900131,193,58,135
121900132,45,113,-68
121900133,105,941,-836
121900134,46,180,-134
121900135,2343,346,1997
121900136,314,340,-26
121900137,60,349,-289
121900138,155,262,-107
121900139,371,468,-97
121900140,119,242,-123
121900141,71,47,24
121900142,144,180,-36
121900143,45,177,-132
121900144,153,295,-142
121900145,206,257,-51
121900146,662,794,-132
121900147,63,161,-98
121900148,235,347,-112
121900149,310,593,-283
121900150,110,113,-3
121900151,91,200,-109
121900152,93,138,-45
121900153,165,781,-616
121900154,9,214,-205
121900155,3,220,-217
121900156,243,103,140
121900157,3,355,-352
121900158,93,107,-14
121900159,1,213,-212
121900160,16,223,-207
121900161,392,372,20
121900162,122,179,-57
121900163,232,577,-345
121900164,426,190,236
121900165,208,178,30
121900166,152,141,11
121900167,73,116,-43
121900168,202,239,-37
121900169,12,187,-175
121900170,12,189,-177
121900171,772,647,125
121900172,549,290,259
121900173,1092,266,826
121900174,40,61,-21
121900175,346,218,128
121900176,567,1435,-868
121900177,205,86,119
121900179,335,141,194
121900180,4386,4572,-186
121900182,583,276,307
121900183,801,922,-121
121900184,88,614,-526
121900185,116,70,46
121900186,10,316,-306
121900187,42,185,-143
121900188,463,435,28
121900189,31,127,-96
121900190,265,534,-269
121900191,126,170,-44
121900192,386,675,-289
121900194,4,178,-174
121900195,119,146,-27
121900196,1125,1079,46
121900197,325,1440,-1115
121900198,1155,844,311
121900199,0,25,-25
121900200,87,335,-248
121900201,1194,839,355
121900202,191,693,-502
121900203,334,951,-617
121900204,926,1364,-438
121900205,177,205,-28
121900206,18,45,-27
121900207,122,61,61
121900208,146,273,-127
121900209,66,48,18
121900210,1029,1050,-21
121900211,12,120,-108
121900212,186,147,39
121900213,148,64,84
121900214,7,494,-487
121900215,73,150,-77
121900216,50,176,-126
121900217,284,127,157
121900218,235,385,-150
121900219,327,84,243
121900220,163,20,143
121900221,262,650,-388
121900222,154,185,-31
121900223,207,72,135
121900224,114,61,53
121900225,97,82,15
121900226,340,1267,-927
121900227,260,553,-293
121900228,201,346,-145
121900229,319,293,26
121900230,175,298,-123
121900231,663,2201,-1538
121900232,292,393,-101
121900233,218,314,-96
121900234,324,305,19
121900235,553,164,389
121900236,344,163,181
121900237,168,269,-101
121900238,140,277,-137
121900239,196,53,143
121900240,311,159,152
121900241,50,66,-16
121900242,16,0,16
121900243,20,1,19
121900244,41,6,35
121900245,217,80,137
121900246,1983,340,1643
121900247,324,287,37
121900248,1740,1261,479
121900250,317,282,35
121900251,469,65,404
121900252,626,135,491
121900253,106,708,-602
121900254,505,261,244
121900255,231,119,112
121900258,3304,2299,1005
121900259,386,642,-256
121900260,224,194,30
121900261,175,603,-428
121900262,380,864,-484
121900263,349,292,57
121900264,2032,1654,378
121900265,318,296,22
121900266,405,170,235
121900267,65,36,29
121900269,270,731,-461
121900270,51,246,-195
121900271,49,188,-139
121900273,489,1707,-1218
121900274,262,298,-36
121900276,658,134,524
121900277,556,1116,-560
121900278,137,988,-851
121900279,115,166,-51
121900280,206,346,-140
121900281,699,595,104
121900284,215,22,193
121900286,173,117,56
121900287,15,23,-8
121900290,325,321,4
121900291,371,545,-174
121900292,192,134,58
121900293,1115,2782,-1667
121900294,306,3,303
121900295,192,258,-66
121900296,75,183,-108
121900298,303,743,-440
121900299,11,5,6
121900300,166,5,161
121900301,65,3,62
121900302,6,54,-48
121900303,325,345,-20
121900304,3,80,-77
121900305,2,26,-24
121900306,272,5,267
121900307,104,26,78
121900308,18,244,-226
121900309,11,283,-272
121900310,28,423,-395
121900311,580,20,560
121900312,332,18,314
121900313,306,28,278
121900314,3,63,-60
121900315,17,2,15
121900316,0,4,-4
121900317,13,11,2
121900318,0,13,-13
121900319,31,100,-69
121900320,36,61,-25
121900321,10,5,5
121900322,1,17,-16
121900323,12,13,-1
121900324,0,40,-40
121900325,17,1,16
121900326,5,13,-8
121900327,4,40,-36
121900328,3,28,-25
121900329,3,175,-172
121900330,6,28,-22
121900331,83,26,57
121900332,110,37,73
122000001,2354,4627,-2273
122000002,4272,1590,2682
122000003,2372,2635,-263
122000004,3321,1697,1624
122000005,2393,1783,610
122000006,1992,855,1137
122000007,1107,1857,-750
122000008,4368,5159,-791
122000009,439,435,4
122000010,2088,2790,-702
122000011,3491,1676,1815
122000012,1298,1475,-177
122000013,1281,860,421
122000014,1431,1133,298
122000015,1515,1122,393
122000016,644,887,-243
122000017,1172,973,199
122000018,1437,1222,215
122000019,787,1045,-258
122000020,218,228,-10
122000021,430,555,-125
122000022,1248,1096,152
122000023,722,1836,-1114
122000024,803,1205,-402
122000025,1431,1877,-446
122000026,1194,1060,134
122000027,617,2025,-1408
122000028,887,531,356
122000029,487,524,-37
122000030,422,124,298
122000031,219,240,-21
122000032,1609,2084,-475
122000033,624,1124,-500
122000034,816,588,228
122000035,377,733,-356
122000036,634,561,73
122000037,333,252,81
122000038,236,362,-126
122000039,566,324,242
122000040,280,270,10
122000041,470,526,-56
122000042,245,417,-172
122000043,145,135,10
122000044,133,151,-18
122000045,1181,492,689
122000046,794,845,-51
122000047,342,232,110
122000048,3882,4931,-1049
122000049,6335,3278,3057
122000050,1600,808,792
122000051,382,328,54
122000052,483,322,161
122000053,165,716,-551
122000054,2462,2164,298
122000055,2076,3021,-945
122000056,5283,3660,1623
122000057,3491,3505,-14
122000058,2809,1374,1435
122000059,3490,1665,1825
122000060,627,693,-66
122000061,383,431,-48
122000062,1229,339,890
122000063,1531,751,780
122000064,3348,2698,650
122000065,4326,2418,1908
122000066,1286,928,358
122000067,1423,1142,281
122000068,1420,1117,303
122000069,707,656,51
122000070,830,1681,-851
122000071,1628,1413,215
122000072,444,425,19
122000073,389,641,-252
122000074,3020,1676,1344
122000075,783,1220,-437
122000076,2217,1133,1084
122000077,1107,646,461
122000078,2517,2639,-122
122000079,1244,1227,17
122000080,706,340,366
122000081,226,267,-41
122000082,870,812,58
122000083,1913,2106,-193
122000084,1344,902,442
122000085,262,1090,-828
122000086,2018,4813,-2795
122000087,422,276,146
122000088,492,505,-13
122000089,5233,2343,2890
122000090,284,470,-186
122000091,218,49,169
122000092,138,21,117
122000093,1766,1779,-13
122000094,6243,2779,3464
122000095,3279,4395,-1116
122000096,2819,1935,884
122000098,3527,2376,1151
122000099,1974,624,1350
122000100,899,508,391
122000101,352,721,-369
122000102,2056,1215,841
122000103,2176,1689,487
122000104,451,220,231
122000105,654,262,392
122000106,502,610,-108
122000107,1003,498,505
122000108,516,719,-203
122000109,433,272,161
122000110,516,531,-15
122000111,2587,1381,1206
122000112,908,1368,-460
122000113,643,655,-12
122000114,3026,1373,1653
122000115,1708,1382,326
122000116,562,568,-6
122000117,1377,449,928
122000118,655,884,-229
122000119,3525,2665,860
122000120,2335,4729,-2394
122000121,2334,3289,-955
122000122,862,1919,-1057
122000123,2125,2261,-136
122000124,1241,838,403
122000125,756,898,-142
122000126,956,1782,-826
122000127,1354,1451,-97
122000128,544,843,-299
122000129,409,963,-554
122000130,3508,1489,2019
122000131,1606,1290,316
122000132,623,689,-66
122000133,1102,1637,-535
122000134,1021,907,114
122000135,749,748,1
122000136,923,694,229
122000137,1825,1021,804
122000139,1318,3646,-2328
122000140,996,654,342
122000141,4159,1101,3058
122000142,529,832,-303
122000143,639,587,52
122000144,1632,1298,334
122000145,1507,908,599
122000146,1082,1137,-55
122000147,697,429,268
122000148,2291,2330,-39
122000149,2233,1514,719
122000150,1244,1013,231
122000151,199,375,-176
122000152,398,450,-52
122000153,448,307,141
122000154,302,233,69
122000155,1414,2263,-849
122000156,2515,2552,-37
122000157,1745,2089,-344
122000158,355,664,-309
122000159,1070,1640,-570
122000160,4082,2643,1439
122000161,1271,1000,271
122000162,2358,1935,423
122000163,270,115,155
122000164,62,94,-32
122000165,1207,745,462
122000166,1174,957,217
122000167,304,250,54
122000168,224,593,-369
122000169,457,153,304
122000170,407,241,166
122000171,58,105,-47
122000172,1483,1424,59
122000173,1453,2286,-833
122000174,2262,935,1327
122000175,1085,253,832
122000176,357,669,-312
122000177,1392,1311,81
122000178,2631,2182,449
122000179,1691,2432,-741
122000180,1768,1407,361
122000181,1824,3018,-1194
122000182,2129,1920,209
122000183,2142,998,1144
122000184,3146,2324,822
122000185,1568,1547,21
122000186,540,753,-213
122000187,1844,945,899
122000188,496,182,314
122000189,319,342,-23
122000190,877,1015,-138
122000191,936,788,148
122000192,1126,339,787
122000193,491,704,-213
122000194,625,187,438
122000195,165,503,-338
122000196,1319,677,642
122000197,572,722,-150
122000198,509,892,-383
122000199,386,374,12
122000200,1014,640,374
122000201,1428,1527,-99
122000202,1425,1434,-9
122000203,2611,1402,1209
122000204,1740,1871,-131
122000205,1437,1462,-25
122000206,2412,929,1483
122000207,1877,1410,467
122000208,2318,1584,734
122000209,1944,366,1578
122000210,2377,1807,570
122000211,1527,1128,399
122000212,796,526,270
122000213,1138,1354,-216
122000214,2001,1816,185
122000215,1852,1595,257
122000217,1717,1337,380
122000218,753,99,654
122000219,1321,928,393
122000220,464,723,-259
122000221,93,415,-322
122000222,569,128,441
122000223,1460,545,915
122000225,808,276,532
122000226,2129,1658,471
122000227,412,2125,-1713
122000228,487,386,101
122000229,35,543,-508
122000230,71,582,-511
122000231,261,799,-538
122000232,807,547,260
122000233,0,68,-68
122000234,303,115,188
122000235,753,187,566
122000236,1290,190,1100
122000237,169,93,76
122000238,313,274,39
122000239,657,146,511
122000240,1296,828,468
122000241,320,324,-4
122000242,719,142,577
122000243,107,29,78
122000244,10,274,-264
122000245,18,82,-64
122000246,35,71,-36
122000247,527,252,275
122000248,928,1701,-773
122000249,831,824,7
122000250,2368,1010,1358
122000251,258,447,-189
122000252,668,176,492
122000253,69,287,-218
122000254,405,109,296
122000255,862,1789,-927
122000256,422,1034,-612
122000257,203,334,-131
122000258,306,280,26
122000259,17,498,-481
122000260,8,61,-53
122000261,14,175,-161
122000262,1,52,-51
122000263,476,191,285
122000264,1290,392,898
122000265,2313,878,1435
122000266,4457,642,3815
122000267,166,106,60
122000268,175,383,-208
122000269,1022,370,652
122000270,716,184,532
122000271,354,1059,-705
122000272,358,998,-640
122000273,508,421,87
122000274,242,194,48
122000275,88,201,-113
122000276,891,592,299
122000277,1286,1445,-159
122000278,1927,883,1044
122000279,260,453,-193
122000280,938,829,109
122000281,833,774,59
122000282,245,291,-46
122000283,552,133,419
122000284,200,75,125
122000285,523,97,426
122000286,90,172,-82
122000287,1352,1377,-25
122000288,480,271,209
122000291,1995,742,1253
122000293,277,291,-14
122000294,161,213,-52
122000295,1317,200,1117
122000296,25,527,-502
122000297,2508,2799,-291
122000299,562,408,154
122000300,499,663,-164
122000301,9702,3254,6448
122000302,671,1435,-764
122000303,3586,1455,2131
122000304,101,279,-178
122000305,1254,337,917
122000306,21,629,-608
122000307,144,108,36
122000309,72,50,22
122000310,30,62,-32
122000311,265,137,128
122000312,139,146,-7
122000313,109,87,22
122000314,104,192,-88
122000315,226,45,181
122000316,903,224,679
122000317,1435,301,1134
122000318,270,763,-493
122000319,247,347,-100
122000320,367,1416,-1049
122000321,107,208,-101
122000322,2166,1979,187
122000323,1655,2408,-753
122000324,1069,1134,-65
122000325,880,1505,-625
122000326,57,86,-29
122000327,575,890,-315
122000328,929,709,220
122000330,2063,868,1195
122000332,273,414,-141
122000333,10,81,-71
122000337,1129,1414,-285
122000338,520,438,82
122000340,362,455,-93
122000342,1348,954,394
122000343,236,338,-102
122000344,54,31,23
122000345,51,43,8
122000346,305,170,135
122000348,777,762,15
122000349,125,595,-470
122000351,130,154,-24
122000352,324,111,213
122000353,89,93,-4
122000355,130,279,-149
122000356,1401,1266,135
122000357,101,21,80
122000358,2,40,-38
122000359,0,47,-47
122000360,2,41,-39
122000362,9,71,-62
122000364,206,415,-209
122000365,6,25,-19
122000366,13,11,2
122000368,409,741,-332
122000370,29,44,-15
122000371,36,0,36
122000372,14,2,12
122000381,137,349,-212
122000382,81,223,-142
122000384,2530,1206,1324
122000385,88,0,88
122000386,429,1383,-954
122000387,528,623,-95
122000388,1705,699,1006
122000389,124,628,-504
122000390,429,218,211
122000391,360,207,153
122000392,202,196,6
122000393,96,177,-81
122000394,636,275,361
122000395,135,139,-4
122000396,294,143,151
122000397,77,51,26
122000398,75,49,26
122000399,175,74,101
122000400,121,598,-477
122000401,128,104,24
122000402,287,113,174
122000403,567,703,-136
122000404,166,328,-162
122000408,811,1161,-350
122000503,13,85,-72
122000524,156,141,15
122000544,122,2302,-2180
122000616,363,5,358
122000640,100,149,-49
122000641,119,317,-198
122000642,1029,1129,-100
122000643,49,133,-84
122000644,136,33,103
122000645,113,159,-46
122000651,1503,807,696
122000664,121,40,81
122000665,1258,573,685
122000666,754,1133,-379
122000673,33,258,-225
122000674,165,64,101
122000675,1926,1040,886
122000686,411,1017,-606
122000687,1297,309,988
122000688,282,635,-353
122000689,919,440,479
122000690,1646,518,1128
122000691,540,1617,-1077
122000692,1676,430,1246
122000693,421,1665,-1244
122000695,431,402,29
122000696,477,322,155
122000698,424,612,-188
122000699,253,153,100
122000701,1156,277,879
122000702,428,1167,-739
122000703,155,78,77
122000717,151,60,91
122000718,395,743,-348
122000719,93,91,2
122000720,425,238,187
122900001,49,11,38
122900002,1233,4485,-3252
122900003,462,57,405
122900004,1087,72,1015
122900005,130,64,66
122900006,1043,550,493
122900007,140,71,69
122900008,840,111,729
122900009,990,529,461
122900010,269,135,134
122900012,221,430,-209
122900014,177,310,-133
122900015,2301,1167,1134
122900016,113,384,-271
122900017,473,860,-387
122900018,195,38,157
122900019,46,146,-100
122900020,393,457,-64
122900021,49,645,-596
122900022,954,732,222
122900023,539,267,272
122900024,184,135,49
122900025,12,335,-323
122900026,87,338,-251
122900027,76,720,-644
122900028,251,541,-290
122900029,4329,3393,936
122900030,1038,609,429
122900031,89,237,-148
122900032,135,456,-321
122900033,193,172,21
122900034,4293,4840,-547
122900035,46,14,32
122900036,72,109,-37
122900037,417,142,275
122900038,139,2878,-2739
122900039,141,538,-397
122900040,330,494,-164
122900041,351,318,33
122900042,199,303,-104
122900043,474,221,253
122900044,102,386,-284
122900045,106,117,-11
122900046,249,189,60
122900047,134,195,-61
122900048,69,226,-157
122900049,1393,147,1246
122900051,82,148,-66
122900052,71,211,-140
122900053,12,38,-26
122900055,426,123,303
122900057,277,84,193
122900061,532,240,292
122900062,626,694,-68
122900063,147,330,-183
122900064,1079,480,599
122900065,524,291,233
122900066,729,382,347
122900067,1233,843,390
122900068,179,315,-136
122900069,405,1441,-1036
122900070,408,59,349
122900071,113,445,-332
122900072,18,614,-596
122900073,28,246,-218
122900074,720,630,90
122900075,0,80,-80
122900076,10,164,-154
122900077,3,195,-192
122900078,200,119,81
122900080,57,31,26
122900081,164,151,13
122900082,991,222,769
122900083,165,183,-18
122900084,6,237,-231
122900086,15,143,-128
122900087,298,505,-207
122900088,25,178,-153
122900089,94,249,-155
122900090,25,541,-516
122900091,215,1,214
122900092,1,162,-161
122900093,1,248,-247
122900094,1,188,-187
122900095,151,9,142
122900096,472,170,302
122900097,29,37,-8
122900098,76,113,-37
122900099,53,29,24
122900100,321,253,68
122900101,403,271,132
123000001,1703,390,1313
123000002,4165,4916,-751
123000003,3880,3853,27
123000004,3155,3920,-765
123000005,2773,2764,9
123000006,2387,2690,-303
123000007,3245,2478,767
123000008,2444,2878,-434
123000009,4939,2991,1948
123000010,3468,3330,138
123000011,2510,866,1644
123000012,835,2089,-1254
123000013,3652,803,2849
123000014,773,3281,-2508
123000015,4769,1065,3704
123000016,4494,5006,-512
123000017,3014,1603,1411
123000018,72,100,-28
123000019,316,194,122
123000020,197,94,103
123000021,101,210,-109
123000022,322,1717,-1395
123000023,1523,1597,-74
123000024,1480,624,856
123000025,118,151,-33
123000026,23,70,-47
123000027,236,570,-334
123000028,1980,458,1522
123000029,1365,1121,244
123000030,276,405,-129
123000031,263,266,-3
123000032,452,177,275
123000033,220,74,146
123000034,1075,757,318
123000035,469,386,83
123000036,300,871,-571
123000037,306,422,-116
123000038,149,180,-31
123000039,458,1470,-1012
123000040,819,396,423
123000041,1087,1209,-122
123000042,823,648,175
123000043,3593,10053,-6460
123000044,5262,3027,2235
123000045,9267,3341,5926
123000046,944,1916,-972
123000047,2674,1068,1606
123000048,117,803,-686
123000049,7912,10954,-3042
123000050,1444,1411,33
123000051,88,171,-83
123000052,867,3616,-2749
123000053,2813,3676,-863
123000054,1336,1556,-220
123000055,1404,2163,-759
123000056,1125,2009,-884
123000057,14916,8352,6564
123000058,619,1022,-403
123000059,518,636,-118
123000060,888,471,417
123000061,259,834,-575
123000063,894,973,-79
123000064,1110,310,800
123000065,6197,2909,3288
123000066,862,687,175
123000067,931,659,272
123000068,2771,3045,-274
123000069,7519,3697,3822
123000070,298,768,-470
123000071,1122,1030,92
123000072,1195,1105,90
123000073,1210,846,364
123000074,936,1199,-263
123000075,304,1074,-770
123000076,755,796,-41
123000077,1861,2723,-862
123000078,1557,1538,19
123000079,1553,1833,-280
123000080,2531,2041,490
123000081,174,495,-321
123000082,368,1047,-679
123000083,942,232,710
123000084,764,500,264
123000085,340,87,253
123000086,486,222,264
123000087,517,352,165
123000088,1313,952,361
123000089,541,998,-457
123000090,1216,922,294
123000091,1300,1158,142
123000092,808,1117,-309
123000094,670,267,403
123000095,535,805,-270
123000096,636,385,251
123000097,493,682,-189
123000098,673,597,76
123000099,613,600,13
123000100,602,844,-242
123000101,732,667,65
123000102,420,571,-151
123000104,467,410,57
123000105,672,487,185
123000106,503,376,127
123000107,366,426,-60
123000108,689,1057,-368
123000111,949,383,566
123000112,1236,610,626
123000113,527,1418,-891
123000114,399,561,-162
123000115,278,238,40
123000116,38,94,-56
123000117,1742,1979,-237
123000118,545,945,-400
123000119,326,904,-578
123000120,401,827,-426
123000121,407,518,-111
123000122,355,209,146
123000123,367,525,-158
123000124,494,445,49
123000125,1074,1097,-23
123000126,1236,4420,-3184
123000127,826,627,199
123000128,294,295,-1
123000129,746,245,501
123000130,652,122,530
123000131,867,635,232
123000132,389,544,-155
123000133,281,331,-50
123000134,390,142,248
123000135,2474,1272,1202
123000136,300,834,-534
123000137,146,323,-177
123000138,69,464,-395
123000139,515,164,351
123000140,144,876,-732
123000141,944,171,773
123000142,979,956,23
123000143,1134,1996,-862
123000144,31,24,7
123000145,189,102,87
123000146,55,80,-25
123000147,86,108,-22
123000149,429,374,55
123000150,166,239,-73
123000151,279,464,-185
123000152,54,475,-421
123000153,156,633,-477
123000154,1483,1650,-167
123000155,2118,1099,1019
123000156,30,150,-120
123000157,519,808,-289
123000158,618,708,-90
123000159,3262,2581,681
123000160,983,747,236
123000161,1886,1283,603
123000162,1020,1681,-661
123000163,550,147,403
123000164,1582,413,1169
123000165,489,1642,-1153
123000166,53,163,-110
123000167,170,313,-143
123000168,259,223,36
123000169,909,167,742
123000170,71,222,-151
123000171,789,21,768
123000172,205,564,-359
123000173,682,284,398
123000174,1120,402,718
123000175,676,1409,-733
123000176,1250,273,977
123000177,337,1114,-777
123000178,745,161,584
123000179,51,585,-534
123000180,1698,316,1382
123000181,331,1442,-1111
123000182,193,471,-278
123000183,190,467,-277
123000184,105,573,-468
123000185,761,353,408
123000186,9,725,-716
123000187,579,8,571
123000188,188,1,187
123000189,198,153,45
123000190,86,54,32
123000192,16,417,-401
123000193,81,1014,-933
123000194,404,311,93
123000195,330,38,292
123000196,352,21,331
123000197,36,117,-81
123000198,20,322,-302
123000199,12,528,-516
123000200,541,10,531
123000201,1137,24,1113
123000202,19,1054,-1035
123000203,1025,85,940
123000204,110,1160,-1050
123000205,518,1670,-1152
123000206,2204,238,1966
123000207,88,945,-857
123000208,530,231,299
123000209,2255,648,1607
123000210,555,2242,-1687
123000211,663,2905,-2242
123000212,3216,590,2626
123000213,718,76,642
123000215,90,183,-93
123000216,242,654,-412
123000217,221,29,192
123000218,87,787,-700
123000219,1000,81,919
123000220,451,105,346
123000221,190,140,50
123000222,431,538,-107
123000223,441,384,57
123000224,393,480,-87
123000225,293,62,231
123000226,76,363,-287
123000227,95,342,-247
123000228,288,60,228
123000229,1117,1626,-509
123000232,87,599,-512
123000233,862,234,628
123000234,179,661,-482
123000235,934,427,507
123000236,408,804,-396
123000237,265,94,171
123000238,85,487,-402
123000239,653,1547,-894
123000240,78,499,-421
123000241,581,128,453
123000242,262,190,72
123000243,664,846,-182
123000244,946,706,240
123000245,60,136,-76
123000249,311,503,-192
123000252,863,257,606
123000253,1143,506,637
123000254,783,1048,-265
123000255,1305,1007,298
123000256,47,266,-219
123000257,3040,2250,790
123000258,958,828,130
123000259,317,397,-80
123000260,447,427,20
123000261,283,172,111
123000262,101,249,-148
123000263,374,82,292
123000264,212,86,126
123000265,59,172,-113
123000266,561,814,-253
123000267,740,368,372
123000268,38,71,-33
123000269,62,66,-4
123000270,21,70,-49
123000271,96,57,39
123000272,632,270,362
123000273,241,615,-374
123000274,1168,590,578
123000275,350,844,-494
123000278,2541,2720,-179
123000279,84,68,16
123000280,279,258,21
123000281,326,115,211
123000282,168,250,-82
123000283,126,86,40
123000284,63,101,-38
123000286,345,350,-5
123000287,639,302,337
123000288,1563,778,785
123000289,433,977,-544
123000291,310,800,-490
123000294,137,257,-120
123000295,997,869,128
123000296,519,422,97
123000297,288,257,31
123000298,305,225,80
123000299,12,103,-91
123000300,1069,780,289
123000301,119,237,-118
123000302,90,169,-79
123000303,107,167,-60
123000305,838,752,86
123000306,120,135,-15
123000309,43,65,-22
123000310,37,34,3
123000311,1,94,-93
123000312,411,949,-538
123000313,547,262,285
123000315,111,378,-267
123000316,819,49,770
123000317,241,66,175
123000318,48,215,-167
123000329,14,17,-3
123000337,876,258,618
123000338,612,51,561
123000339,208,196,12
123000340,165,405,-240
123000342,7,22,-15
123000343,45,6,39
123000344,1295,528,767
123000345,377,650,-273
123000346,329,52,277
123000352,1342,781,561
123000353,24,143,-119
123000354,292,10,282
123000355,0,401,-401
123000356,320,8,312
123000357,2,136,-134
123000359,4,165,-161
123000360,212,62,150
123000361,308,328,-20
123000362,492,111,381
123000363,124,202,-78
123000364,549,469,80
123000365,22,409,-387
123000366,451,1979,-1528
123000367,312,1119,-807
123000370,36,253,-217
123000371,527,36,491
123000372,361,18,343
123000373,8,411,-403
123000374,28,249,-221
123000375,423,53,370
123000376,894,632,262
123000377,459,42,417
123000378,15,276,-261
123000379,4,256,-252
123000380,66,520,-454
123000381,157,51,106
123000382,1516,136,1380
123000383,210,1380,-1170
123000384,531,121,410
123000385,210,591,-381
123000436,34,910,-876
123000507,117,228,-111
123000508,99,973,-874
123000517,286,34,252
123000518,29,201,-172
123000519,171,68,103
123000520,54,208,-154
123000521,321,92,229
123000522,156,385,-229
123000541,12,2,10
123000542,0,19,-19
123000565,628,52,576
123000566,281,460,-179
123000567,102,182,-80
123000573,41,723,-682
123000574,787,62,725
123000575,1410,1174,236
123000576,1001,1500,-499
123000577,103,693,-590
123000578,531,76,455
123000579,3169,5048,-1879
123000580,100,26,74
123000582,341,33,308
123000583,39,411,-372
123000584,173,262,-89
123000585,0,110,-110
123000586,88,1,87
123000596,79,102,-23
123000597,80,141,-61
123000602,31,7,24
123000603,775,594,181
123000604,459,711,-252
123000605,673,121,552
123000606,0,233,-233
123000609,10,316,-306
123000610,193,143,50
123000613,28,184,-156
123000614,293,64,229
123000615,44,89,-45
123000616,679,77,602
123000617,142,386,-244
123000618,100,564,-464
123000619,559,58,501
123000620,25,469,-444
123000622,473,48,425
123000624,186,31,155
123000630,846,390,456
123000631,255,1207,-952
123000632,778,882,-104
123000633,0,173,-173
123000634,58,110,-52
123000635,90,84,6
123000636,21,508,-487
123000637,124,37,87
123000638,462,40,422
123000639,1259,3758,-2499
123000640,26,715,-689
123900001,1134,31,1103
123900002,40,1105,-1065
123900003,361,434,-73
123900005,239,158,81
123900006,250,21,229
124000001,2245,185,2060
124000002,97,1705,-1608
124000003,894,177,717
124000004,81,548,-467
124000005,1038,538,500
124000006,307,1078,-771
124000007,418,104,314
124000008,16,534,-518
124000009,535,231,304
124000010,186,412,-226
124000011,957,336,621
124000012,381,562,-181
124000017,161,174,-13
124000018,113,70,43
124000019,124,141,-17
124000020,74,143,-69
124000021,101,101,0
124000022,117,205,-88
124000023,1412,1444,-32
124000024,977,501,476
124000025,1180,1693,-513
124000026,873,976,-103
124000027,4970,5449,-479
124000028,2303,4325,-2022
124000030,3225,1480,1745
124000031,1297,2688,-1391
124000032,2574,996,1578
124000033,192,291,-99
124000034,879,585,294
124000035,52,161,-109
124000036,74,172,-98
124000037,728,1171,-443
124000038,87,89,-2
124000039,1384,585,799
124000040,673,1345,-672
124000041,477,74,403
124000042,94,555,-461
124000043,102,112,-10
124000044,49,207,-158
124000045,713,589,124
124000046,328,603,-275
124000047,1644,947,697
124000048,950,1313,-363
124000049,1678,682,996
124000050,910,1800,-890
124000051,981,590,391
124000052,687,1140,-453
124000053,544,1437,-893
124000054,1017,537,480
124000055,1388,2385,-997
124000056,2415,1627,788
124000057,795,650,145
124000058,498,1288,-790
124000059,540,1182,-642
124000060,1300,682,618
124000061,1278,4718,-3440
124000062,3931,2038,1893
124000063,1271,1729,-458
124000064,2393,1498,895
124000065,15,397,-382
124000066,116,51,65
124000067,178,240,-62
124000068,12,10,2
124000069,181,13,168
124000070,54,138,-84
124000071,198,101,97
124000072,200,389,-189
124000073,889,132,757
124000074,192,695,-503
124000075,416,19,397
124000076,4,192,-188
124000077,1805,915,890
124000078,3734,1444,2290
124000079,524,1557,-1033
124000080,395,216,179
124000081,168,497,-329
124000082,33,167,-134
124000083,71,93,-22
124000084,68,232,-164
124000085,160,19,141
124000086,61,101,-40
124000087,157,123,34
124000088,358,409,-51
124000089,1075,557,518
124000090,102,295,-193
124000091,330,81,249
124000092,48,405,-357
124000093,122,106,16
124000094,188,450,-262
124000095,84,77,7
124000096,103,265,-162
124000097,87,122,-35
124000098,51,71,-20
124000099,114,67,47
124000100,58,72,-14
124000101,88,114,-26
124000102,72,72,0
124000103,100,100,0
124000104,83,52,31
124000105,85,88,-3
124000106,127,57,70
124000107,16,130,-114
124000108,51,19,32
124000109,103,99,4
124000110,244,95,149
124000111,209,125,84
124000112,641,668,-27
124000113,60,95,-35
124000114,255,422,-167
124000115,333,617,-284
124000116,107,140,-33
124000117,34,84,-50
124000118,35,53,-18
124000119,943,535,408
124000120,600,374,226
124000121,1298,745,553
124000122,529,1145,-616
124000123,1058,571,487
124000124,415,1149,-734
124000125,403,504,-101
124000126,311,653,-342
124000127,938,408,530
124000128,525,964,-439
124000129,2077,1581,496
124000130,844,650,194
124000131,901,609,292
124000132,949,792,157
124000133,725,813,-88
124000134,1162,619,543
124000135,1957,1855,102
124000136,995,1147,-152
124000137,1604,857,747
124000138,1896,1443,453
124000139,534,33,501
124000140,53,425,-372
124000141,175,14,161
124000142,10,202,-192
124000143,51,17,34
124000144,16,56,-40
124000145,158,33,125
124000146,75,83,-8
124000148,46,112,-66
124000149,1333,567,766
124000150,349,722,-373
124000151,693,231,462
124000152,712,1166,-454
124000153,628,533,95
124000154,329,629,-300
124000155,1152,836,316
124000156,1329,876,453
124000169,216,422,-206
124000170,520,499,21
124000171,331,287,44
124000172,467,623,-156
124000173,503,197,306
124000174,348,583,-235
124000175,11,99,-88
124000176,62,16,46
124000177,20,37,-17
124000178,23,69,-46
124000190,36,21,15
124000191,65,36,29
124000192,2121,387,1734
124000193,466,890,-424
124000194,394,431,-37
124000195,223,592,-369
124000196,1078,1065,13
124000197,70,38,32
124000198,68,50,18
124000201,370,925,-555
124000202,688,511,177
124000203,345,646,-301
124000204,754,330,424
124000205,89,443,-354
124000206,707,340,367
124000207,1,80,-79
124000209,207,467,-260
124000210,525,187,338
124000211,676,5,671
124000212,2,484,-482
124000213,438,305,133
124000214,411,601,-190
124000215,388,43,345
124000216,2,393,-391
124000329,254,1432,-1178
124000338,209,729,-520
124000339,1034,130,904
124000341,1300,99,1201
124000344,32,6,26
124000357,962,2001,-1039
124000358,830,1107,-277
124000359,1238,717,521
124000360,942,569,373
124000361,1549,713,836
124000362,1213,1589,-376
124000363,264,410,-146
124000364,603,1008,-405
124000365,592,1010,-418
124000366,1503,844,659
124000367,97,436,-339
124000368,430,290,140
124000369,140,95,45
124000370,50,461,-411
124000402,41,15,26
124000403,153,11,142
124000404,7,129,-122
124000405,1196,856,340
124000406,811,885,-74
124000407,3,40,-37
124000411,6,342,-336
124000412,512,10,502
124000413,207,39,168
124000414,72,107,-35
124000415,69,102,-33
124000416,177,199,-22
124000417,146,76,70
124000418,139,105,34
124000419,92,138,-46
124000420,67,63,4
124000421,45,160,-115
124000422,25,18,7
124000423,138,41,97
124000424,4,58,-54
124000425,31,26,5
124000426,2,40,-38
124000427,40,14,26
124000428,13,64,-51
124000429,59,75,-16
124000430,591,539,52
124000431,321,745,-424
124000432,241,575,-334
124000439,3,5,-2
124000442,13,111,-98
124000443,1,7,-6
124000445,134,378,-244
124000446,619,42,577
124900001,394,323,71
124900002,220,381,-161
124900003,952,526,426
124900004,566,289,277
124900005,282,176,106
124900006,706,262,444
124900008,1319,566,753
124900009,254,626,-372
124900010,281,161,120
124900011,809,234,575
124900012,996,176,820
124900013,485,126,359
124900014,272,71,201
124900015,160,522,-362
124900016,42,92,-50
124900017,716,1415,-699
124900018,61,9,52
124900019,539,39,500
124900020,157,103,54
124900021,383,71,312
124900022,56,16,40
124900024,276,33,243
124900026,187,13,174
124900027,109,468,-359
124900028,457,129,328
124900029,14,534,-520
124900030,8,147,-139
124900031,81,372,-291
124900032,153,220,-67
124900033,85,426,-341
124900034,12,74,-62
124900035,140,550,-410
124900036,0,35,-35
124900037,141,314,-173
124900038,368,272,96
124900039,1,59,-58
124900040,154,102,52
124900041,185,825,-640
124900042,109,0,109
124900043,378,778,-400
124900044,40,4,36
124900045,747,946,-199
124900046,1685,367,1318
124900047,166,235,-69
124900048,181,107,74
124900050,87,199,-112
124900052,142,723,-581
124900053,107,321,-214
124900054,1614,565,1049
124900055,0,191,-191
124900057,12,31,-19
124900060,84,187,-103
124900061,67,7,60
124900062,153,40,113
124900066,0,16,-16
124900067,7,154,-147
124900068,358,1061,-703
124900069,205,187,18
124900070,80,40,40
124900072,145,38,107
124900074,487,267,220
124900075,218,191,27
124900076,33,1063,-1030
124900077,32,100,-68
124900078,108,18,90
124900079,571,167,404
124900080,199,548,-349
124900081,714,258,456
124900082,342,648,-306
124900083,184,501,-317
124900084,1634,133,1501
124900085,938,392,546
124900086,163,1318,-1155
124900087,520,124,396
124900088,717,112,605
124900089,1191,41,1150
124900090,349,269,80
124900091,332,349,-17
124900092,238,290,-52
124900093,355,250,105
124900094,351,277,74
124900095,92,517,-425
124900096,643,410,233
124900097,322,105,217
124900098,167,362,-195
124900099,1022,571,451
124900100,388,77,311
124900101,49,311,-262
124900102,235,39,196
124900103,155,249,-94
124900104,50,140,-90
124900105,87,128,-41
124900106,462,70,392
124900107,133,22,111
124900108,128,52,76
124900109,82,121,-39
124900110,393,303,90
124900111,2,87,-85
124900112,56,770,-714
129000186,198,45,153
204000001,27,3,24
204000002,17,4,13
204000003,38,3,35
204000004,5,2,3
204000005,544,464,80
204000006,1281,1023,258
204000008,1070,752,318
204000011,4,54,-50
204000012,32,65,-33
204000013,4,30,-26
204000019,486,478,8
204000020,579,461,118
204000021,1034,629,405
204000022,406,375,31
204000023,507,770,-263
204000031,15,19,-4
204000032,432,24,408
204000034,13,250,-237
204000035,0,3,-3
204000036,2,29,-27
204000037,0,18,-18
204000038,0,3,-3
204000039,2,35,-33
204000040,2,24,-22
204000041,7,23,-16
204000042,52,19,33
204000043,36,2,34
204000044,39,2,37
204000045,60,4,56
204000046,7,3,4
204000057,9,18,-9
204000062,6,11,-5
204000068,14,149,-135
204000069,4,229,-225
204000070,81,61,20
204000080,33,58,-25
204000085,2012,2347,-335
204000086,2131,1840,291
204000087,37,10,27
204000088,8,98,-90
204000090,23,315,-292
204000093,388,45,343
204000096,719,955,-236
204000097,520,7,513
204000099,1122,1214,-92
204000100,1487,1856,-369
204000105,2254,1603,651
204000110,606,927,-321
204000111,444,472,-28
204000112,1040,520,520
204000113,517,605,-88
204000114,913,561,352
204000115,610,314,296
204000116,885,432,453
204000119,1875,2663,-788
204000132,553,247,306
204000133,694,231,463
204000134,288,142,146
204000135,489,58,431
204000136,604,165,439
204000138,389,295,94
204000140,176,129,47
204000141,147,55,92
204000144,17,36,-19
204000145,477,24,453
204000146,24,288,-264
204000147,21,150,-129
204000148,188,19,169
204000154,7,7,0
204000155,7,4,3
204000177,78,35,43
204000179,21,11,10
204000180,0,10,-10
204000222,3,11,-8
204000235,13,23,-10
204000236,79,231,-152
204000238,37,18,19
204000240,289,98,191
204000308,226,15,211
204000317,7,43,-36
204000322,6,34,-28
204000323,11,17,-6
204000328,244,59,185
204000329,34,181,-147
204000330,175,18,157
204000331,16,99,-83
204010341,11,118,-107
205000001,796,1684,-888
205000013,4,62,-58
205000014,8,105,-97
205000015,24,192,-168
205000016,22,160,-138
205000017,21,101,-80
205000022,236,697,-461
205000025,1139,1075,64
205000029,195,9,186
205000045,127,305,-178
205000047,53,349,-296
205000048,263,901,-638
205000049,131,716,-585
205000050,478,288,190
205000059,0,180,-180
205000060,1,77,-76
205000061,2,50,-48
205000062,2,55,-53
205000063,12,82,-70
205000064,9,85,-76
205000065,33,417,-384
205000066,106,584,-478
205000067,25,825,-800
205000069,173,14,159
205000082,139,156,-17
205000110,54,235,-181
205000111,166,257,-91
205000112,216,256,-40
205000113,222,365,-143
205000121,297,48,249
205000123,37,242,-205
205000126,471,99,372
205000127,776,147,629
205000128,470,66,404
205000129,530,61,469
205000130,209,31,178
205000131,163,4,159
205000132,202,8,194
205000133,165,2,163
205000134,256,1,255
205000137,73,132,-59
205000138,171,301,-130
205000139,30,108,-78
205000144,104,84,20
205000145,360,189,171
205000151,187,30,157
205000152,227,24,203
205000153,227,33,194
205000154,119,51,68
205000155,130,12,118
205000207,16,181,-165
205000233,6,1,5
205000234,0,0,0
205000243,0,0,0
205000244,0,7,-7
205000245,14,145,-131
205000249,0,20,-20
205000250,9,4,5
205000251,71,300,-229
205000264,9,85,-76
206000027,7,3,4
206000028,4,4,0
206000043,9,70,-61
206000053,4,8,-4
206000054,1,21,-20
206000055,4,34,-30
206000075,9,18,-9
206000076,29,6,23
206000077,30,3,27
206000078,31,6,25
206000079,16,6,10
206000082,324,42,282
206000100,32,447,-415
206000103,1,7,-6
206000104,13,13,0
206000105,3,13,-10
206000106,3,30,-27
206000108,628,43,585
206000125,59,0,59
206000157,50,584,-534
206000170,0,174,-174
206000171,6,139,-133
206000172,7,458,-451
206000173,0,193,-193
206000174,5,75,-70
206000175,1,112,-111
206000176,22,157,-135
206000177,3,125,-122
206000178,4,169,-165
206000179,6,113,-107
206000180,12,133,-121
206000181,5,103,-98
206000182,10,136,-126
206000183,10,425,-415
206000184,1,343,-342
206000185,6,166,-160
206000186,87,872,-785
206000223,2,188,-186
206000226,21,2,19
206000227,23,2,21
206000237,19,291,-272
206000238,28,470,-442
206000239,209,1880,-1671
206000240,0,47,-47
206000241,0,69,-69
206000242,7,228,-221
206000243,2,173,-171
206000244,56,476,-420
206000245,727,77,650
206000246,185,8,177
206000247,205,10,195
206000248,285,11,274
206000252,81,30,51
206000258,26,46,-20
206000315,23,10,13
206000317,434,115,319
206000318,341,30,311
206000319,1157,81,1076
206000320,160,28,132
206000321,194,11,183
206000322,472,15,457
206000323,140,7,133
206000324,121,5,116
206000325,165,18,147
206000326,168,3,165
206000327,121,4,117
206000328,121,2,119
206000329,235,6,229
206000330,46,5,41
206000331,165,0,165
206000332,47,0,47
206000333,541,5,536
206000334,232,5,227
206000335,0,15,-15
206000361,7,171,-164
206000392,4,27,-23
206000405,116,1,115
206000441,40,15,25
206000498,22,2,20
206000515,135,34,101
206000530,174,61,113
206000531,142,185,-43
206000532,1320,331,989
206000535,307,1579,-1272
206000536,22,150,-128
206000537,8,139,-131
206000613,1313,203,1110
207000001,150,578,-428
207000002,130,272,-142
207000003,154,136,18
207000007,842,218,624
207000008,99,14,85
207000009,49,29,20
207000010,362,356,6
207000012,407,238,169
207000015,219,1013,-794
207000019,230,80,150
207000021,527,152,375
207000022,157,89,68
207000023,197,35,162
207000024,9,9,0
207000025,35,37,-2
207000026,80,51,29
207000027,19,79,-60
207000028,66,184,-118
207000029,211,405,-194
207000033,192,382,-190
207000034,339,68,271
207000039,409,153,256
207000040,347,105,242
207000041,149,58,91
207000042,285,64,221
207000043,165,202,-37
207000051,157,233,-76
207000052,16,128,-112
207000053,419,431,-12
207000054,64,73,-9
207000055,171,119,52
207000056,317,308,9
207000057,159,232,-73
207000058,147,242,-95
207000059,83,385,-302
207000060,28,124,-96
207000061,142,389,-247
207000062,235,28,207
207000063,248,91,157
207000064,418,180,238
207000065,393,247,146
207000066,191,167,24
207000067,51,81,-30
207000068,90,51,39
207000069,710,332,378
207000082,12,187,-175
207000083,82,258,-176
207000084,204,240,-36
207000085,169,14,155
207000086,134,6,128
207000106,23,52,-29
207000107,52,17,35
207000108,61,21,40
207000109,63,18,45
207000110,51,68,-17
207000111,65,64,1
207000112,165,462,-297
207000114,21,36,-15
207000115,18,54,-36
207000116,19,349,-330
207000117,11,126,-115
207000118,6,67,-61
207000119,35,68,-33
207000123,157,13,144
207000124,45,34,11
207000125,54,32,22
207000126,44,54,-10
207000134,61,124,-63
207000135,17,143,-126
207000148,56,222,-166
207000149,65,43,22
207000152,110,387,-277
207000153,994,1255,-261
207000154,438,163,275
207000159,92,287,-195
207000160,188,371,-183
207000238,2,136,-134
207000242,0,169,-169
207000248,31,43,-12
207000249,169,50,119
207000250,648,57,591
207000251,117,75,42
207000252,55,49,6
207000278,80,78,2
207000279,31,138,-107
207000280,484,69,415
207000281,118,746,-628
207000282,152,94,58
207000283,133,156,-23
207000284,101,165,-64
207000285,94,43,51
207000291,19,93,-74
207000304,155,48,107
207000306,57,343,-286
207000310,51,84,-33
207000353,283,3,280
207000356,9,33,-24
207000357,28,15,13
207000415,2,168,-166
207000417,61,4,57
207000437,0,0,0
207000439,998,750,248
207000446,137,4,133
207000460,23,2,21
207000466,211,160,51
207000467,0,2,-2
207000468,0,9,-9
207000476,6,64,-58
207000477,642,90,552
207000523,0,14,-14
207000524,23,0,23
207000527,81,139,-58
207000530,426,12,414
207000531,299,17,282
207000532,126,24,102
207000534,438,57,381
207000535,27,296,-269
207000537,17,102,-85
207000540,6,220,-214
207000541,6,318,-312
207000548,9,237,-228
207000549,241,17,224
207000561,136,193,-57
207000562,54,187,-133
207000567,134,238,-104
207000568,173,74,99
207000569,429,743,-314
207000584,409,234,175
207000585,87,293,-206
207000616,0,99,-99
207000617,126,0,126
207000628,0,2,-2
207900008,205,87,118
208000001,546,723,-177
208000002,530,415,115
208000003,1072,384,688
208000004,1050,579,471
208000005,4,22,-18
208000019,538,967,-429
208000020,126,446,-320
208000021,265,386,-121
208000022,1185,413,772
208000028,1173,804,369
208000033,625,469,156
208000034,1143,1168,-25
208000040,171,166,5
208000041,744,577,167
208000042,1277,640,637
208000047,140,240,-100
208000064,2347,1370,977
208000066,1722,2293,-571
208000070,296,378,-82
208000071,321,792,-471
208000072,318,1167,-849
208000080,278,279,-1
208000081,314,121,193
208000082,260,298,-38
208000083,131,338,-207
208000084,12,17,-5
208000085,784,518,266
208000086,360,884,-524
208000087,337,704,-367
208000089,865,343,522
208000090,758,591,167
208000093,160,144,16
208000094,445,349,96
208000095,559,355,204
208000104,918,823,95
208000105,595,908,-313
208000114,75,324,-249
208000115,512,315,197
208000116,487,908,-421
208000117,140,139,1
208000118,104,95,9
208000155,634,875,-241
208000158,1259,3480,-2221
208000186,3839,4211,-372
208000204,524,950,-426
208000205,1030,944,86
208000282,5886,3147,2739
209000004,253,139,114
209000005,50,38,12
209000006,411,137,274
209000007,276,258,18
209000010,408,133,275
209000011,173,243,-70
209000012,107,142,-35
209000013,227,313,-86
209000014,466,983,-517
209000025,208,41,167
209000026,509,96,413
209000027,364,772,-408
209000028,412,675,-263
209000029,520,682,-162
209000030,507,1178,-671
209000031,2145,1838,307
209000034,166,136,30
209000035,92,111,-19
209000036,118,72,46
209000037,193,175,18
209000038,77,112,-35
209000039,41,128,-87
209000040,258,525,-267
209000041,168,427,-259
209000042,251,336,-85
209000043,749,771,-22
209000044,226,657,-431
209000045,1268,437,831
209000046,535,479,56
209000047,357,117,240
209000048,497,260,237
209000049,82,98,-16
209000050,141,150,-9
209000051,243,222,21
209000052,100,197,-97
209000062,28,71,-43
209000063,47,74,-27
209000064,31,88,-57
209000065,66,36,30
209000066,59,35,24
209000067,54,36,18
209000080,20,205,-185
209000082,91,31,60
209000091,28,110,-82
209000093,40,15,25
209000094,166,206,-40
209000110,54,104,-50
209000111,423,1103,-680
209000112,901,375,526
209000113,1387,380,1007
209000114,618,359,259
209000115,53,102,-49
209000116,396,327,69
209000118,26,46,-20
209000119,58,11,47
209000121,119,429,-310
209000135,115,178,-63
209000142,489,1346,-857
209000143,105,62,43
209000144,51,135,-84
209000229,283,149,134
209000240,30,284,-254
209000259,104,74,30
209000260,52,1162,-1110
209000261,6,683,-677
209000262,2,443,-441
209000263,0,138,-138
209000264,0,90,-90
209000265,445,0,445
209000266,53,3,50
209000267,1249,9,1240
209000268,782,47,735
210000037,47,26,21
210000047,72,32,40
210000048,112,34,78
210000049,64,9,55
210000052,43,94,-51
210000053,31,50,-19
210000054,35,84,-49
210000070,169,3,166
210000071,125,0,125
210000072,34,1,33
210000073,2,20,-18
210000074,1,99,-98
210000075,1,75,-74
210000076,3,129,-126
210000077,13,40,-27
210000078,26,27,-1
210000079,26,10,16
210000080,128,54,74
210000081,194,23,171
210000082,207,5,202
210000083,113,3,110
210000084,25,0,25
210000085,1,62,-61
210000086,2,99,-97
210000099,24,246,-222
210000100,47,149,-102
210000101,69,125,-56
210000105,29,187,-158
210000159,1,164,-163
210000163,167,223,-56
210000164,213,190,23
210000168,140,41,99
210000187,1,14,-13
210000188,0,12,-12
210000214,60,0,60
210000219,21,32,-11
210000220,81,35,46
210000232,3,19,-16
210000233,36,42,-6
210000234,29,84,-55
210000235,43,77,-34
210000245,0,37,-37
210000246,53,17,36
210000258,7,80,-73
210000259,316,73,243
210000282,67,198,-131
210000285,4,134,-130
210000286,8,157,-149
210000295,54,131,-77
210000296,39,25,14
210000320,131,62,69
210000321,114,64,50
210000338,93,47,46
210000339,355,1238,-883
210000340,126,407,-281
210000341,191,234,-43
210000342,229,218,11
210000343,153,183,-30
210000344,201,93,108
210000345,163,181,-18
210000346,83,107,-24
210000347,95,30,65
210000348,96,31,65
210000349,57,20,37
210000350,94,68,26
210000351,178,113,65
210000352,50,69,-19
210000353,54,104,-50
210000354,52,61,-9
210000355,51,63,-12
210000356,41,51,-10
210000357,50,26,24
210000358,220,113,107
210000359,80,72,8
210000360,153,102,51
210000361,194,149,45
210000362,264,198,66
210000363,786,247,539
210000364,72,171,-99
210000365,150,70,80
210000366,137,53,84
210000367,71,29,42
210000368,182,41,141
210000369,19,35,-16
210000370,47,36,11
210000372,19,25,-6
210000373,33,9,24
210000374,51,15,36
210000375,36,52,-16
210000376,58,100,-42
210000404,51,84,-33
210000439,24,41,-17
210000472,92,1,91
210000482,49,109,-60
210000564,388,312,76
210000568,323,6,317
211000092,34,64,-30
211000094,40,2,38
211000169,143,10,133
211000172,1,154,-153
211000209,0,16,-16
211000275,14,19,-5
211000276,70,38,32
211000279,18,28,-10
211000281,49,34,15
211507980,1,53,-52
211977296,39,1,38
212000003,77,48,29
212000004,32,21,11
212000005,15,20,-5
212000006,31,56,-25
212000008,169,132,37
212000009,32,100,-68
212000012,89,106,-17
212000013,30,49,-19
212000014,270,154,116
212000015,290,215,75
212000016,568,476,92
212000027,564,483,81
212000028,280,439,-159
212000029,228,250,-22
212000030,42,32,10
212000031,77,55,22
212000048,42,131,-89
212000049,30,117,-87
212000050,21,13,8
212000051,175,199,-24
212000052,181,302,-121
212000053,371,489,-118
212000054,250,119,131
212000055,234,197,37
212000056,26,40,-14
212000057,11,22,-11
212000058,265,43,222
212000070,115,207,-92
212000077,117,585,-468
212000099,198,287,-89
212000108,134,135,-1
212000111,181,105,76
212000120,67,49,18
212000138,114,25,89
212000156,23,104,-81
212000158,7,19,-12
212000159,388,39,349
212000160,629,256,373
212000161,47,10,37
212000310,58,14,44
212000311,18,50,-32
212000374,42,10,32
213000001,28,445,-417
213000005,427,115,312
213000006,1061,247,814
213000007,142,4,138
213000009,750,497,253
213000010,174,285,-111
213000011,239,99,140
213000012,120,374,-254
213000014,96,8,88
213000015,291,9,282
213000016,437,2,435
213000017,63,0,63
213000018,8,167,-159
213000019,2,133,-131
213000020,103,348,-245
213000021,3,113,-110
213000023,396,136,260
213000033,318,1661,-1343
213000034,959,279,680
213000035,117,195,-78
213000045,170,245,-75
213000046,201,167,34
213000047,702,1225,-523
213000056,71,46,25
213000069,68,1,67
213000073,4,38,-34
213000074,45,297,-252
213000075,514,5,509
213000085,10,45,-35
213000086,16,143,-127
213000091,169,20,149
213000092,69,10,59
213000099,120,1051,-931
213000100,974,213,761
213000101,398,133,265
213000102,427,323,104
213000103,914,908,6
213000104,52,382,-330
213000105,7,213,-206
213000106,20,96,-76
213000107,135,525,-390
213000108,30,507,-477
213000109,4,243,-239
213000110,9,90,-81
213000111,6,55,-49
213000112,185,118,67
213000115,92,21,71
213000116,53,393,-340
213000117,10,685,-675
213000118,363,208,155
213000119,32,604,-572
213000120,120,505,-385
213000122,97,634,-537
213000123,380,1516,-1136
213000124,107,1471,-1364
213000125,117,16,101
213000126,98,157,-59
213000127,167,241,-74
213000128,504,1151,-647
213000129,366,497,-131
213000130,578,238,340
213000132,372,121,251
213000133,499,101,398
213000134,676,23,653
213000136,465,31,434
213000137,653,82,571
213000139,243,28,215
213000147,60,1,59
213000148,24,6,18
213000149,44,4,40
213000150,0,87,-87
213000151,6,102,-96
213000152,5,67,-62
213000153,7,73,-66
213000154,34,330,-296
213000155,55,272,-217
213000156,116,481,-365
213000157,570,417,153
213000158,358,988,-630
213000159,687,503,184
213000163,971,101,870
213000165,1018,274,744
213000171,0,94,-94
213000172,3,359,-356
213000173,2,265,-263
213000174,7,246,-239
213000175,24,193,-169
213000176,166,35,131
213000177,138,21,117
213000178,156,10,146
213000179,219,4,215
213000180,214,0,214
213000184,82,520,-438
213000188,417,119,298
213000189,363,49,314
213000190,969,808,161
213000191,275,390,-115
213000192,253,351,-98
213000193,757,323,434
213000194,2,68,-66
213000195,18,356,-338
213000196,251,1124,-873
213000197,350,477,-127
213000198,115,2,113
213000200,123,966,-843
213000201,71,44,27
213000202,3,490,-487
213000203,3146,606,2540
213000204,596,85,511
213000205,410,89,321
213000206,441,49,392
213000207,154,26,128
213000208,68,1,67
213000209,133,4,129
213000210,391,2,389
213000211,4,19,-15
213000212,10,29,-19
213000213,10,43,-33
213000218,210,652,-442
213000219,516,23,493
213000220,405,14,391
213000223,151,170,-19
213000224,67,40,27
213000225,79,14,65
213000226,89,17,72
213000227,749,169,580
213000228,342,78,264
213000229,393,23,370
213000230,389,19,370
213000232,61,898,-837
213000233,10,282,-272
213000234,0,38,-38
213000293,20,54,-34
213000294,120,23,97
213000295,11,69,-58
213000296,53,28,25
213000297,4,98,-94
213000298,40,83,-43
213000299,100,32,68
213000300,37,13,24
213000303,10,24,-14
213000304,9,13,-4
213000305,11,14,-3
213000306,61,38,23
213000307,176,67,109
213000308,104,171,-67
213000309,153,55,98
213000310,678,138,540
213000311,277,667,-390
213000315,67,130,-63
213000316,102,51,51
213000322,95,143,-48
213000323,85,58,27
213000324,104,127,-23
213000325,89,116,-27
213000326,103,65,38
213000327,124,116,8
213000328,95,178,-83
213000329,124,71,53
213000340,136,484,-348
213000341,418,97,321
213000347,713,387,326
213000348,16,90,-74
213000349,65,20,45
213000350,342,996,-654
213000366,70,305,-235
213000367,177,18,159
213000379,136,38,98
213000386,36,294,-258
213000406,72,320,-248
213000417,1099,471,628
213000425,136,25,111
213000426,111,52,59
213000427,32,250,-218
213000428,35,200,-165
213000429,45,3,42
213000430,83,873,-790
213000431,203,4,199
213000432,3,67,-64
213000433,27,132,-105
213000434,132,103,29
213000435,131,76,55
213000436,29,56,-27
213000437,5,33,-28
213000438,145,108,37
213000439,41,16,25
213000440,19,339,-320
213000441,3,1,2
213000442,17,46,-29
213000443,501,364,137
213000444,41,64,-23
213000445,0,90,-90
213000446,4,139,-135
213000447,4,46,-42
213000448,15,114,-99
213000449,286,8,278
213000450,21,36,-15
213000451,241,120,121
213000452,22,32,-10
213000453,42,317,-275
213000455,522,89,433
213000456,1,257,-256
213000481,2,7,-5
213000484,31,4,27
213000489,526,96,430
213900002,0,85,-85
213900003,204,18,186
213900013,0,124,-124
213900015,0,6,-6
213900016,15,17,-2
213900020,11,153,-142
213900030,3,56,-53
213900032,256,173,83
213900033,148,29,119
213900034,532,95,437
213900035,183,531,-348
213900036,119,208,-89
213900037,39,310,-271
213900038,387,165,222
213900039,2,101,-99
213900041,3,145,-142
213900042,242,256,-14
213900043,231,169,62
213900244,28,0,28
213900245,0,40,-40
218000003,16,10,6
218000004,30,17,13
218000005,34,36,-2
218000006,30,24,6
218000007,14,17,-3
218000012,129,125,4
218000013,136,177,-41
218000014,503,563,-60
218000019,983,911,72
218000020,341,483,-142
218000021,50,63,-13
218000022,15,34,-19
218000023,5,17,-12
218000024,3,16,-13
218000025,13,24,-11
218000026,16,33,-17
218000027,0,10,-10
218000028,6,6,0
218000029,10,3,7
218000030,31,20,11
218000031,3,24,-21
218000032,6,17,-11
218000039,10,26,-16
218000040,13,6,7
218000046,57,97,-40
218000047,16,131,-115
218000048,82,128,-46
218000049,106,146,-40
218000050,382,298,84
218000051,93,312,-219
218000052,1,104,-103
218000053,5,11,-6
218000054,13,33,-20
218000055,6,14,-8
218000056,17,46,-29
218000057,4,31,-27
218000064,4,12,-8
218000065,114,47,67
218000066,31,76,-45
218000067,51,73,-22
218000068,185,132,53
218000069,247,157,90
218000070,268,309,-41
218000071,218,249,-31
218000072,435,244,191
218000078,682,741,-59
218000079,127,126,1
218000080,115,103,12
218000081,453,260,193
218000082,54,153,-99
218000083,72,55,17
218000084,181,145,36
218000085,210,372,-162
218000086,57,205,-148
218000087,244,251,-7
218000090,15,104,-89
218000091,672,302,370
218000092,105,171,-66
218000093,73,55,18
218000094,255,402,-147
218000099,337,986,-649
218000100,266,310,-44
218000101,370,164,206
218000102,458,232,226
218000103,159,169,-10
218000104,130,47,83
218000105,69,51,18
218000106,2,6,-4
218000107,63,75,-12
218000108,5,65,-60
218000112,124,107,17
218000117,189,116,73
218000134,646,562,84
218000135,44,100,-56
218000136,224,56,168
218000137,209,110,99
218000138,38,107,-69
218000139,158,308,-150
218000140,433,186,247
218000141,127,79,48
218000142,174,143,31
218000143,109,269,-160
218000144,62,83,-21
218000145,311,370,-59
218000146,123,237,-114
218000151,26,18,8
218000152,266,84,182
218000153,14,11,3
218000154,14,3,11
218000155,26,1,25
218000156,75,13,62
218000157,37,22,15
218000158,11,11,0
218000159,9,5,4
218000160,4,3,1
218000161,47,3,44
218000162,47,9,38
218000163,9,3,6
218000164,65,4,61
218000165,88,18,70
218000170,8,50,-42
218000171,75,24,51
218000172,18,25,-7
218000173,49,7,42
218000174,23,10,13
218000176,189,49,140
218000177,360,226,134
218000178,110,262,-152
218000179,107,79,28
218000180,86,36,50
218000181,209,55,154
218000187,13,23,-10
218000188,23,42,-19
218000189,22,83,-61
218000190,13,31,-18
218000191,171,47,124
218000192,292,299,-7
218000193,482,354,128
218000194,136,377,-241
218000195,140,75,65
218000196,393,431,-38
218000197,394,482,-88
218000198,16,138,-122
218000199,52,63,-11
218000200,66,33,33
218000201,11,9,2
218000202,57,168,-111
218000207,6,18,-12
218000208,40,41,-1
218000211,49,8,41
218000212,6,17,-11
218000213,115,200,-85
218000214,2,35,-33
218000215,46,69,-23
218000217,5,95,-90
218000218,249,67,182
218000219,57,33,24
218000220,119,389,-270
218000221,723,207,516
218000222,17,34,-17
218000223,30,527,-497
218000224,7,199,-192
218000225,179,31,148
218000226,138,58,80
218000230,0,7,-7
218000232,72,76,-4
218000234,28,11,17
218000239,196,12,184
218000240,11,5,6
218000241,44,4,40
218000242,108,0,108
218000243,44,0,44
218000244,43,1,42
218000245,41,2,39
218000246,0,1,-1
218000247,12,0,12
218000248,0,25,-25
218000249,0,2,-2
218000250,2,8,-6
218000251,8,6,2
218000252,3,23,-20
218000253,2,19,-17
218000254,2,13,-11
218000255,2,11,-9
218000256,9,45,-36
218000267,192,671,-479
218000268,9,44,-35
218000269,4,13,-9
218000270,30,24,6
218000271,14,18,-4
218000273,27,5,22
218000274,16,2,14
218000275,17,48,-31
218000276,7,48,-41
218000278,12,29,-17
218000279,32,17,15
218000280,11,5,6
218000281,20,5,15
218000282,298,168,130
218000284,50,5,45
218000301,140,123,17
218000302,134,59,75
218000303,49,33,16
218000316,659,957,-298
218000317,988,937,51
218000318,540,701,-161
218000319,878,945,-67
218000320,702,616,86
218000338,49,39,10
218000339,5,6,-1
218000342,31,50,-19
218000343,96,38,58
218000345,27,25,2
218000346,21,103,-82
218000353,53,16,37
218000354,28,45,-17
218000459,37,313,-276
218000490,39,38,1
218000501,99,45,54
218000502,34,76,-42
218000503,115,37,78
218000504,219,54,165
218000505,76,167,-91
218000506,66,348,-282
218000508,1,3,-2
218000510,256,35,221
218000520,118,123,-5
218000521,2,19,-17
218000522,1,149,-148
218000523,159,11,148
218000524,41,129,-88
218000525,122,16,106
218000526,25,123,-98
218000529,5,40,-35
218000530,13,3,10
218000531,33,24,9
218000532,14,27,-13
218000534,39,3,36
218000537,6,37,-31
218000538,107,199,-92
218000539,62,22,40
218000540,144,79,65
218000543,117,47,70
218000544,34,65,-31
218000545,55,76,-21
218000546,43,62,-19
218000547,118,196,-78
218000548,184,98,86
218000549,448,509,-61
218000550,205,298,-93
218000551,114,879,-765
218000552,489,53,436
218000553,16,56,-40
218000554,17,15,2
218000555,35,29,6
218000556,60,218,-158
218000557,204,71,133
218000558,65,0,65
218000559,0,35,-35
218000560,0,32,-32
218000561,14,0,14
218000562,14,152,-138
218000563,164,26,138
218000564,13,109,-96
218000565,146,24,122
218000566,445,25,420
218000567,1,68,-67
218000568,42,3,39
218000569,22,106,-84
218000570,27,6,21
218000571,3,71,-68
218000572,133,1,132
218000573,17,93,-76
218000574,138,35,103
218000575,68,2,66
218000576,2,91,-89
218000577,130,0,130
218000578,1,75,-74
218000579,26,7,19
218000581,0,24,-24
218000582,48,0,48
218000583,13,0,13
218000584,1,19,-18
218000585,29,4,25
218000586,6,42,-36
218000587,4,1,3
218000588,2,3,-1
218000589,1,4,-3
218000590,3,3,0
218000591,4,2,2
218000592,18,1,17
218000593,0,0,0
218000594,4,1,3
218000595,0,0,0
218000596,0,0,0
218000597,0,0,0
218000598,0,0,0
218000599,1,0,1
218000600,0,0,0
218000601,0,1,-1
218000602,0,2,-2
218000603,0,6,-6
218000604,31,30,1
218000605,0,16,-16
218000606,58,0,58
218000607,7,41,-34
218000608,41,18,23
218000609,1,44,-43
218000610,47,5,42
218000611,27,2,25
218000612,0,25,-25
218000613,53,0,53
218000614,1,30,-29
218000615,228,1,227
218000616,7,115,-108
218000617,19,0,19
218000618,1,18,-17
218000619,36,41,-5
218000620,11,20,-9
218000621,0,3,-3
218000622,0,16,-16
218000623,160,4,156
218000624,9,28,-19
218000625,20,1,19
218000626,0,8,-8
218000628,114,39,75
218000631,5,6,-1
218000632,10,76,-66
218000633,101,0,101
218000634,9,16,-7
218000635,16,7,9
218000636,803,1039,-236
218000637,807,505,302
218000638,157,24,133
218000639,32,196,-164
218000640,280,15,265
218000641,71,319,-248
218000652,71,79,-8
218000653,164,59,105
218000663,0,38,-38
218000675,62,22,40
218000676,1,31,-30
218000677,9,2,7
218000680,48,121,-73
218000681,112,24,88
218000691,31,66,-35
218000693,84,47,37
218000703,6,28,-22
218000718,692,1352,-660
218000719,1317,733,584
218000720,12,111,-99
218000721,190,6,184
218000725,17,9,8
218001214,8,35,-27
218001329,17,25,-8
218001330,9,8,1
219000001,37,39,-2
219000002,59,48,11
219000003,59,39,20
219000004,43,25,18
219000017,104,14,90
219000020,72,62,10
219000022,85,8,77
219000023,113,3,110
219000029,0,57,-57
219000034,51,21,30
219000039,96,124,-28
219000040,50,67,-17
219000041,116,19,97
219000051,0,29,-29
219000052,0,13,-13
219000053,3,93,-90
219000054,569,272,297
219000055,164,0,164
219000056,13,0,13
219000057,62,1,61
219000062,17,91,-74
219000063,53,12,41
219000064,0,5,-5
219000110,527,49,478
219000111,75,29,46
219000112,120,46,74
219000113,134,38,96
219000114,232,115,117
219000116,67,67,0
219000117,138,41,97
219000118,145,52,93
219000123,179,65,114
219000124,185,49,136
219000125,11,20,-9
219000126,69,100,-31
219000127,0,8,-8
219000128,17,96,-79
219000129,20,84,-64
219000130,484,480,4
219000131,537,923,-386
219000133,74,48,26
219000134,14,17,-3
219000135,66,89,-23
219000136,83,182,-99
219000138,75,17,58
219000139,29,36,-7
219000140,62,4,58
219000141,25,101,-76
219000142,22,72,-50
219000143,12,66,-54
219000145,19,45,-26
219000146,6,29,-23
219000147,1,48,-47
219000148,7,27,-20
219000149,14,67,-53
219000150,3,53,-50
219000151,3,38,-35
219000157,208,158,50
219000158,162,212,-50
219000161,130,14,116
219000163,1548,456,1092
219000166,132,184,-52
219000167,147,168,-21
219000168,246,104,142
219000174,360,120,240
219000175,82,6,76
219000176,101,9,92
219000177,57,7,50
219000178,30,1,29
219000179,17,3,14
219000180,52,37,15
219000182,150,15,135
219000183,70,46,24
219000184,125,12,113
219000185,1,56,-55
219000186,89,39,50
219000187,19,63,-44
219000189,82,148,-66
219000190,77,199,-122
219000191,913,1382,-469
219000192,162,130,32
219000193,205,143,62
219000195,1,51,-50
219000196,1,90,-89
219000198,21,95,-74
219000199,61,199,-138
219000200,29,140,-111
219000201,50,173,-123
219000203,19,105,-86
219000204,141,174,-33
219000205,27,144,-117
219000207,78,233,-155
219000209,17,43,-26
219000210,33,82,-49
219000213,8,139,-131
219000239,230,202,28
219000240,207,382,-175
219000241,124,145,-21
219000242,70,112,-42
219000243,73,140,-67
219000244,9,91,-82
219000245,35,25,10
219000246,26,28,-2
219000247,143,39,104
219000248,454,383,71
219000249,118,92,26
219000250,104,96,8
219000251,575,224,351
219000252,233,197,36
219000253,491,81,410
219000255,89,114,-25
219000256,189,76,113
219000257,113,0,113
219000262,54,126,-72
219000263,57,101,-44
219000267,0,83,-83
219000268,2,2,0
219000269,8,2,6
219000270,5,0,5
219000271,95,3,92
219000278,0,7,-7
219000279,0,3,-3
219000283,0,26,-26
219000295,19,85,-66
219000296,86,481,-395
219000297,11,101,-90
219000298,9,89,-80
219000299,459,93,366
219000300,19,182,-163
219000301,204,380,-176
219000302,48,279,-231
219000307,24,26,-2
219000308,46,30,16
219000311,212,65,147
219000312,619,96,523
219000313,357,41,316
219000314,57,381,-324
219000315,313,31,282
219000316,486,105,381
219000317,94,25,69
219000320,0,54,-54
219000321,1,35,-34
219000323,1,62,-61
219000325,0,10,-10
219000326,66,79,-13
219000327,50,25,25
219000328,32,50,-18
219000329,366,112,254
219000330,47,33,14
219000331,53,38,15
219000332,94,79,15
219000333,17,2,15
219000335,66,4,62
219000337,32,0,32
219000338,68,0,68
219000344,19,65,-46
219000345,40,98,-58
219000346,34,96,-62
219000348,116,97,19
219000349,69,153,-84
219000350,145,269,-124
219000351,7,3,4
219000352,558,72,486
219000353,87,52,35
219000354,158,80,78
219000355,134,49,85
219000356,1316,1294,22
219000363,234,37,197
219000364,70,27,43
219000365,140,8,132
219000366,197,241,-44
219000368,332,583,-251
219000370,1199,476,723
219000371,8,26,-18
219000382,20,33,-13
219000383,622,998,-376
219000385,456,442,14
219000386,728,1435,-707
219000387,7,7,0
219000390,1,1,0
219000391,4,0,4
219000397,54,47,7
219000398,82,47,35
219000401,6,87,-81
219000402,29,80,-51
219000403,165,254,-89
219000404,42,156,-114
219000407,0,7,-7
219000409,40,54,-14
219000410,98,37,61
219000411,74,11,63
219000446,148,341,-193
219000447,0,19,-19
219000448,9,7,2
219000452,143,53,90
219000453,53,171,-118
219000454,202,299,-97
219000556,225,67,158
219000558,149,120,29
219000590,32,170,-138
219000591,84,68,16
219000592,111,332,-221
219000595,0,22,-22
219000635,192,30,162
219000636,35,50,-15
219000657,31,25,6
219000658,27,128,-101
219000673,0,32,-32
219000676,107,6,101
219000679,28,10,18
219000684,75,4,71
219000685,2,41,-39
219000686,0,2,-2
219000688,2,62,-60
219000689,30,267,-237
219000690,197,41,156
219000691,6,39,-33
219000692,44,6,38
219000693,0,19,-19
219000694,42,0,42
219000695,22,0,22
219000698,14,0,14
219000699,0,14,-14
219000727,1,81,-80
219000728,77,2,75
219000770,29,1,28
219000771,0,26,-26
219001150,0,24,-24
219001151,0,2,-2
219001166,38,15,23
219001167,4,51,-47
220000001,50,70,-20
220000002,8,74,-66
220000003,314,185,129
220000004,522,452,70
220000005,1238,1755,-517
220000006,161,758,-597
220000007,344,470,-126
220000008,271,677,-406
220000009,226,297,-71
220000010,198,107,91
220000011,490,3198,-2708
220000012,99,276,-177
220000014,110,72,38
220000015,37,128,-91
220000017,43,240,-197
220000018,3809,1153,2656
220000019,61,242,-181
220000020,315,233,82
220000021,520,172,348
220000022,626,378,248
220000023,306,163,143
220000024,1809,331,1478
220000025,897,885,12
220000026,256,277,-21
220000027,25,87,-62
220000028,31,33,-2
220000029,41,122,-81
220000030,70,46,24
220000031,396,241,155
220000064,17,952,-935
221000046,1,0,1
221000047,0,1,-1
221000048,0,1,-1
221000049,0,15,-15
221000050,13,0,13
221000055,23,48,-25
221000057,34,10,24
221000068,319,110,209
221000069,306,75,231
221000070,159,33,126
221000071,97,8,89
221000072,146,11,135
221000073,117,37,80
221000074,0,6,-6
221000075,15,20,-5
221000076,8,26,-18
221000077,27,67,-40
221000081,47,5,42
221000082,50,4,46
221000083,29,4,25
221000084,5,4,1
221000085,10,69,-59
221000086,15,87,-72
221000087,4,137,-133
221000088,14,131,-117
221000089,29,205,-176
221000090,102,424,-322
221000098,80,20,60
221000099,140,8,132
221000100,54,6,48
221000101,133,21,112
221000102,116,19,97
221000109,4,70,-66
221000110,7,79,-72
221000111,22,135,-113
221000112,0,112,-112
221000113,14,127,-113
221000114,9,132,-123
221000120,53,22,31
221000121,14,41,-27
221000122,49,25,24
221000123,22,8,14
221000124,42,155,-113
221000155,91,13,78
221000156,13,9,4
221000175,0,2,-2
221000176,1,4,-3
221000182,47,10,37
221000241,480,268,212
221000242,139,385,-246
221000243,426,120,306
221000244,267,357,-90
221000245,53,72,-19
221000246,22,176,-154
221000247,61,71,-10
221000248,92,99,-7
221000267,38,504,-466
221000325,171,61,110
221000331,6,99,-93
221000338,9,17,-8
221000378,156,24,132
221000381,70,24,46
222000282,7,0,7
222000296,2,8,-6
222000568,243,19,224
222000569,174,55,119
222000570,113,30,83
222000571,237,21,216
222000577,16,150,-134
222000578,51,152,-101
222000579,21,160,-139
222000580,106,849,-743
222000599,0,140,-140
222000600,4,271,-267
222000601,6,895,-889
222000603,17,45,-28
222000604,12,36,-24
222000605,13,10,3
222000606,1,5,-4
222000607,4,4,0
222000608,32,10,22
222000609,84,148,-64
222000616,288,33,255
222000617,7,17,-10
222000618,5,4,1
222000620,21,9,12
222000621,80,8,72
222000623,533,12,521
222000624,272,5,267
222000625,399,34,365
222000636,56,2,54
222000686,25,11,14
222000687,22,18,4
222001066,236,1,235
222001067,12,0,12
222001068,41,22,19
222001069,30,44,-14
222001082,13,44,-31
222001083,27,55,-28
222001084,0,28,-28
222001085,0,183,-183
222001111,47,114,-67
222001112,71,34,37
222001313,22,9,13
222001314,13,110,-97
222001464,67,35,32
222001465,30,84,-54
222001484,94,66,28
222001485,31,39,-8
222001494,519,117,402
222001495,185,260,-75
222001496,301,74,227
222001497,75,343,-268
222001502,22,73,-51
222001503,118,60,58
222001504,27,255,-228
222001505,250,29,221
222001506,38,318,-280
222001507,371,49,322
222001510,319,43,276
222001511,39,325,-286
222001514,662,259,403
222001515,232,521,-289
222001518,307,96,211
222001519,55,217,-162
222001527,170,54,116
222001528,48,169,-121
222001529,253,63,190
222001530,39,225,-186
222001533,143,329,-186
222001534,321,85,236
222001535,174,201,-27
222001536,91,208,-117
222001537,265,43,222
222001538,70,401,-331
222001563,582,84,498
222001564,67,493,-426
222001568,543,111,432
222001576,1,2,-1
222001579,0,4,-4
222001583,14,183,-169
222001584,90,4,86
222001596,810,978,-168
222001597,2559,304,2255
222001626,0,162,-162
222001650,535,99,436
222001651,343,151,192
222001914,169,55,114
222001915,55,214,-159
222900004,421,261,160
222900009,451,591,-140
222900019,195,177,18
222900024,36,11,25
222900025,8,23,-15
225000001,415,164,251
225000002,560,156,404
225000003,470,59,411
225000004,247,177,70
225000005,83,44,39
225000006,0,189,-189
225000007,1347,1126,221
225000010,311,10,301
225000011,267,847,-580
225000012,178,455,-277
225000013,78,96,-18
225000014,725,69,656
225000015,56,136,-80
225000021,628,140,488
225000027,213,334,-121
225000032,590,124,466
225000042,56,564,-508
225000049,32,51,-19
225000050,54,8,46
225000053,12,229,-217
225000058,565,133,432
225000067,137,144,-7
225000068,105,281,-176
225000069,104,346,-242
225000070,51,303,-252
225000071,34,142,-108
225000075,14,622,-608
225000076,46,124,-78
225000078,57,32,25
225000085,44,118,-74
225000086,193,63,130
225000087,144,9,135
225000088,3,142,-139
225000089,245,821,-576
225000090,54,363,-309
225000091,160,126,34
225000092,88,42,46
225000093,130,215,-85
225000094,8,208,-200
225000095,232,313,-81
225000096,288,408,-120
225000098,566,280,286
225000099,265,144,121
225000100,278,89,189
225000104,111,310,-199
225000110,5,297,-292
225000111,189,891,-702
225000112,247,983,-736
225000113,197,443,-246
225000114,60,202,-142
225000115,1187,533,654
225000116,798,148,650
225000117,575,187,388
225000118,930,227,703
225000119,224,76,148
225000120,610,29,581
225000121,183,24,159
225000123,446,5,441
225000125,283,135,148
225000126,571,147,424
225000127,564,697,-133
225000128,395,532,-137
225000132,264,55,209
225000133,181,34,147
225000134,506,179,327
225000135,71,8,63
225000136,254,12,242
225000137,200,48,152
225000138,287,62,225
225000143,54,167,-113
225000144,2,233,-231
225000145,26,27,-1
225000146,30,67,-37
225000147,26,196,-170
225000148,22,169,-147
225000149,27,432,-405
225000151,21,178,-157
225000155,370,359,11
225000156,128,698,-570
225000157,185,298,-113
225000158,61,241,-180
225000171,2,159,-157
225000180,37,1,36
225000181,0,46,-46
225000182,77,10,67
225000185,10,252,-242
225000187,43,263,-220
225000191,135,2,133
225000194,0,5,-5
225000208,0,42,-42
225000209,79,5,74
225000210,4,199,-195
225000217,0,11,-11
225000218,5,2,3
225000223,0,26,-26
225000224,44,3,41
225000225,0,14,-14
225000226,36,3,33
225000227,31,51,-20
225000228,7,5,2
225000229,0,56,-56
225000230,10,0,10
225000231,0,52,-52
225000232,106,0,106
225000241,66,1,65
225000242,0,42,-42
225000249,3,0,3
225000250,44,625,-581
225000251,255,26,229
225000254,1,1,0
225000256,3,23,-20
225000257,1,36,-35
226000042,283,369,-86
226000043,58,245,-187
226000044,113,353,-240
226000045,59,301,-242
226000046,253,78,175
226000047,251,81,170
226000048,302,61,241
226000049,217,134,83
226000070,0,38,-38
226000071,0,40,-40
226000072,0,16,-16
226000073,0,5,-5
226000074,2,10,-8
226000084,0,58,-58
226000085,1,7,-6
226000086,3,21,-18
226000087,2,13,-11
226000088,102,51,51
226000090,274,97,177
226000091,25,40,-15
226000092,9,20,-11
226000093,29,2,27
226000094,23,1,22
226000095,26,0,26
226000105,8,0,8
226000106,12,0,12
226000107,1,0,1
226000108,16,0,16
226000109,79,1,78
226000124,122,49,73
226000134,518,377,141
226000135,1191,499,692
226000136,405,280,125
226000137,15,277,-262
226000138,6,154,-148
226000139,1,29,-28
226000156,133,1,132
226000157,173,5,168
226000163,127,120,7
226000202,4,296,-292
226000231,204,10,194
226000232,52,3,49
227000033,284,59,225
227000036,277,31,246
227000037,265,32,233
227000038,151,26,125
227000084,0,99,-99
227000085,3,48,-45
227000088,33,1,32
227000089,144,1,143
227000090,34,5,29
227000091,18,0,18
227000092,28,0,28
227000093,156,0,156
227000094,3,0,3
227000130,12,52,-40
227000131,16,165,-149
227000132,9,206,-197
227000133,7,159,-152
227000134,9,335,-326
227000152,0,5,-5
227000153,0,39,-39
227000154,3,14,-11
227000155,0,14,-14
227000156,0,10,-10
227000165,4,33,-29
227000196,385,263,122
227000199,272,414,-142
227000230,17,343,-326
227000232,437,16,421
227000242,64,322,-258
227000243,395,91,304
227000245,14,355,-341
227000246,125,346,-221
227000247,262,78,184
227000248,77,11,66
227000249,16,109,-93
227000250,273,116,157
227000251,103,168,-65
227000252,25,270,-245
227000253,79,21,58
227000262,315,42,273
227000266,849,24,825
227000267,43,1066,-1023
227000282,4,123,-119
227000284,360,15,345
227000286,5,67,-62
227000291,13,364,-351
227000296,194,190,4
227000484,165,18,147
227000485,14,617,-603
227000655,125,6,119
227000656,618,40,578
227000657,64,3,61
227000704,28,1,27
229000265,6,5,1
229000266,5,0,5
229000267,14,0,14
229000268,15,0,15
229000269,23,0,23
229000274,0,28,-28
229000275,1,22,-21
229000276,0,13,-13
229000277,0,1,-1
229000278,0,2,-2
229000295,11,32,-21
229000296,10,3,7
229000297,16,25,-9
229000298,9,120,-111
229000320,20,14,6
229000321,11,11,0
229000412,11,43,-32
229000414,4,47,-43
229000415,25,2,23
229000416,4,2,2
229000417,3,16,-13
229000419,67,251,-184
229000440,309,64,245
229000442,22,15,7
229000443,5,6,-1
229000444,10,25,-15
229000445,68,9,59
229000446,66,16,50
229000491,3,16,-13
229000492,9,109,-100
229000493,3,84,-81
229000494,35,1,34
229000495,101,4,97
229000496,46,2,44
229000507,1,63,-62
229000508,0,42,-42
229000509,1,64,-63
229000510,4,28,-24
229000511,1,56,-55
229000512,0,32,-32
229000513,0,4,-4
229000514,1,2,-1
229000517,3,2,1
229000518,11,27,-16
229000519,3,6,-3
229000520,15,60,-45
229000521,43,11,32
229000522,11,6,5
229000523,8,6,2
229000524,2,5,-3
229000527,2,0,2
229000528,3,0,3
229000529,10,0,10
229000530,48,0,48
229000531,35,2,33
229000532,26,0,26
229000533,69,2,67
229000534,56,0,56
229000564,70,0,70
229000565,14,0,14
229000566,0,8,-8
229000567,0,41,-41
229000582,75,1,74
229000583,7,1,6
229000584,0,26,-26
229000585,1,49,-48
229000718,0,4,-4
229000719,0,0,0
229000720,0,11,-11
229000721,0,13,-13
229000722,1,8,-7
229000723,0,8,-8
229000724,0,2,-2
229000725,0,5,-5
229000738,1,1,0
229000739,0,0,0
229000740,3,0,3
229000741,15,0,15
229000742,11,0,11
229000743,8,0,8
229000744,0,0,0
229000745,0,0,0
229000746,22,0,22
229000847,28,0,28
229000848,14,0,14
229000849,69,2,67
229000851,49,1,48
229000854,0,28,-28
229000856,3,97,-94
229000857,0,39,-39
229000858,1,70,-69
229000919,12,73,-61
229000930,1,223,-222
229000937,79,15,64
229000966,67,19,48
229000981,25,42,-17
229000985,8,30,-22
229000986,1,5,-4
229000987,1,1,0
229000988,1,2,-1
229000989,5,7,-2
229000990,0,5,-5
229000991,3,0,3
229000992,17,19,-2
229000993,155,29,126
229000998,16,67,-51
229000999,53,30,23
229001034,0,22,-22
229001035,3,1,2
229001036,1,43,-42
229001037,69,2,67
229001038,0,3,-3
229001039,3,0,3
229001040,0,56,-56
229001041,36,0,36
229001042,7,24,-17
229001047,11,45,-34
229001050,31,4,27
229001168,0,20,-20
229001200,10,2,8
229001338,22,29,-7
229001394,139,16,123
229001422,129,26,103
229001423,54,116,-62
229001431,48,54,-6
229001432,69,58,11
229001444,150,40,110
229001445,21,178,-157
229001479,16,4,12
229001503,149,103,46
229001504,131,178,-47
229001505,99,35,64
229001506,83,120,-37
229001509,50,1,49
229001510,2,30,-28
229001545,83,6,77
229001546,22,113,-91
229001553,66,11,55
229001554,50,71,-21
229001630,65,12,53
229001631,20,15,5
229001635,3,8,-5
229001636,3,0,3
229001658,2,116,-114
229001659,67,5,62
229001660,24,3,21
229001661,7,21,-14
229001662,46,0,46
229001663,0,15,-15
229002584,203,200,3
229002831,174,133,41
229002841,7,10,-3
229002842,12,16,-4
229002843,81,9,72
229002844,28,58,-30
229002845,24,104,-80
229002846,40,21,19
229002847,2,5,-3
229002848,12,8,4
229002849,10,95,-85
229002850,30,5,25
229002851,44,175,-131
229002852,306,31,275
229002853,149,10,139
229002854,32,69,-37
229002855,12,17,-5
229002856,69,21,48
229002857,7,146,-139
229002858,22,11,11
229002859,26,115,-89
229002860,356,23,333
229002861,40,16,24
229002862,28,24,4
229002863,20,19,1
229002864,24,29,-5
229002865,15,14,1
229002866,15,31,-16
229002867,5,20,-15
229002868,5,8,-3
229002869,25,148,-123
229002870,57,10,47
235000066,103,20,83
235000067,306,56,250
235000072,38,200,-162
235000073,24,77,-53
235000074,10,18,-8
235000080,11,105,-94
235000081,103,133,-30
235000082,148,62,86
235000083,239,72,167
235000084,36,64,-28
235000085,135,58,77
235000089,4,4,0
235000092,3,33,-30
235000093,11,5,6
235000097,6,3,3
235000098,67,14,53
235000099,7,6,1
235000115,80,49,31
235000116,55,12,43
235000117,571,5,566
235000133,7,316,-309
235000134,8,108,-100
235000206,5,1,4
235000207,1,2,-1
235000208,0,0,0
235000209,0,0,0
235000210,2,1,1
235000212,3,11,-8
235000213,0,0,0
235000220,4,1,3
235000221,76,18,58
235000238,12,60,-48
235000239,2,15,-13
235000242,296,515,-219
235000245,619,141,478
235000246,17,49,-32
235000284,10,83,-73
235000295,101,14,87
235000305,238,17,221
235000306,195,10,185
235000307,12,1,11
235000308,21,1,20
235000309,52,0,52
235000310,63,0,63
235000311,125,13,112
235000322,0,25,-25
235000323,1,41,-40
235000324,0,16,-16
235000325,0,17,-17
235000326,7,183,-176
235000351,2,38,-36
235000352,16,30,-14
235000353,3,19,-16
235000354,4,25,-21
235000355,4,32,-28
235000356,101,3,98
235000357,24,3,21
235000358,138,7,131
235000359,5,3,2
235000360,46,14,32
235000361,28,22,6
235000381,63,183,-120
235000382,239,43,196
235000390,4,3,1
235000391,134,22,112
235000392,142,330,-188
235000393,91,136,-45
235000395,106,37,69
235000396,502,70,432
235000399,105,17,88
235000400,95,32,63
235000401,17,175,-158
235000402,33,102,-69
235000405,105,278,-173
235000406,39,248,-209
235000407,65,91,-26
235000409,131,119,12
235000410,9,53,-44
235000411,1,62,-61
235000485,0,4,-4
235000486,6,0,6
235000549,88,123,-35
235000550,33,180,-147
235000599,77,35,42
235000600,13,5,8
235000601,25,22,3
235000602,63,48,15
235000614,4,4,0
235000648,0,17,-17
235000649,41,3,38
235000685,1,3,-2
235000815,8,28,-20
235000834,0,7,-7
235000855,33,52,-19
235000862,41,159,-118
235000891,0,3,-3
235000892,9,5,4
235000901,41,106,-65
235000907,4,10,-6
235001010,78,90,-12
235001029,141,103,38
235001030,329,259,70
235001078,63,74,-11
235001079,33,101,-68
235001147,8,40,-32
235001166,19,89,-70
235001167,27,33,-6
235001169,14,244,-230
235001188,0,2,-2
235001189,0,0,0
235001197,8,18,-10
235001200,42,19,23
235001208,6,4,2
235001209,0,24,-24
235001210,8,30,-22
235001239,1,29,-28
235001244,1,0,1
235016267,0,46,-46
235900013,0,1,-1
235900014,0,1,-1
241900007,37,0,37
277101746,0,3,-3
277102712,0,1,-1
277103813,0,0,0
277103814,0,0,0
277103898,0,0,0
990010990,27,148,-121
990011530,1,176,-175
990014944,2,408,-406
990015176,29,6,23
990015618,1,90,-89
990015888,18,67,-49
990016032,1,338,-337
990032570,1,325,-324
990070001,167,117,50
990070103,0,3,-3
990070601,0,58,-58
990070751,670,3,667
990070766,2,398,-396
990071180,485,205,280
990071343,26,3,23
990071387,1,14,-13
990071823,653,4,649
990072600,18,755,-737
990072964,1,321,-320
990073285,0,3,-3
990074393,2,915,-913
990074714,27,17,10
990074870,1364,13,1351
990075106,1513,11,1502
990075746,534,30,504
990076437,1154,4,1150
990076458,1,663,-662
997000007,503,1,502
997000041,1,254,-253
997000058,47,0,47
997000062,26,4,22
997000069,0,2,-2
997000070,0,26,-26
997000100,33,0,33
997000141,17,2710,-2693
997000198,1,1000,-999
998000475,4,39,-35
998000736,2,126,-124
998000965,0,7,-7
998001031,0,57,-57
998001072,353,252,101
998001091,4,3,1
998001093,2,0,2
998001103,1,5,-4
998001105,1,11,-10
998001700,0,15,-15
998001899,0,2,-2
998001900,8,0,8
998003073,900,4,896
998003124,24,13,11
998003125,13,85,-72
998101900,0,0,0
998102850,2,232,-230
998501819,2,0,2
998501820,0,3,-3
998501832,54,80,-26
998501927,1161,556,605
998501929,71,4,67
998501930,46,2,44
998501931,261,5,256
998501932,1,0,1
998501933,71,3,68
998501937,25,0,25
998501944,6,0,6
998501950,0,0,0
998501970,69,4,65
998501971,0,77,-77
998501972,291,3,288
998501973,1,54,-53
998501974,5,236,-231
998501975,93,1,92
998501976,110,51,59
998501977,0,24,-24
998501978,18,0,18
998501979,0,14,-14
998501980,82,1,81
998501981,41,2,39
998501982,0,150,-150
998502006,0,0,0
998502024,0,2,-2
998502032,1,2,-1
998502062,28,0,28
998502063,0,0,0
998502173,8,0,8
998502269,0,4,-4
998601159,6,149,-143
998601292,1,12,-11
999033574,0,87,-87
999800001,48,4,44
999800002,1,5,-4
999800003,3,0,3
999800004,0,2,-2
999800005,0,1,-1
