ID,insum,outsum,diff
100000001,973,530,443
100000002,4327,6614,-2287
100000003,4619,5251,-632
100000004,290,1280,-990
100000005,3340,3729,-389
100000006,635,609,26
100000007,2796,1748,1048
100000008,80,224,-144
100000009,369,987,-618
100000010,28,795,-767
100000011,446,166,280
100000012,10,387,-377
100000013,2,182,-180
100000014,49,1339,-1290
100000015,995,2087,-1092
100000016,281,2570,-2289
100000017,208,3155,-2947
100000018,639,411,228
100000019,2420,2098,322
100000020,1311,6389,-5078
100000021,5342,1362,3980
100000022,757,4519,-3762
100000023,4163,2107,2056
100000025,471,1759,-1288
100000028,438,3025,-2587
100000029,24,1311,-1287
100000030,52,31,21
100000031,2216,8886,-6670
100000032,1678,4975,-3297
100000033,1324,3423,-2099
100000034,114,1522,-1408
100000035,518,930,-412
100000036,482,1743,-1261
100000037,775,410,365
100000038,3029,879,2150
100000039,210,306,-96
100000040,1012,272,740
100000041,2248,1089,1159
100000042,1569,229,1340
100000043,612,123,489
100000044,66,169,-103
100000045,141,407,-266
100000046,260,465,-205
100000047,91,202,-111
100000048,175,394,-219
100000049,997,874,123
100000051,475,426,49
100000053,86,11,75
100000054,242,33,209
100000055,592,165,427
100000056,272,478,-206
100000057,2538,359,2179
100000058,917,402,515
100000059,97,261,-164
100000060,1081,364,717
100000061,2896,533,2363
100000062,1841,723,1118
100000063,1582,453,1129
100000064,2104,399,1705
100000065,289,380,-91
100000066,145,395,-250
100000067,302,641,-339
100000068,280,882,-602
100000069,321,730,-409
100000072,93,332,-239
100000073,989,614,375
100000075,848,132,716
100000076,1321,9877,-8556
100000077,59,651,-592
100000078,5,73,-68
100000079,9,74,-65
100000080,3,36,-33
100000081,13,59,-46
100000102,2318,5725,-3407
100000103,1130,6131,-5001
100000104,3208,2348,860
100000105,1342,1820,-478
100000106,573,3483,-2910
100000107,64,1300,-1236
100000108,141,961,-820
100000109,293,1854,-1561
100000116,258,604,-346
100000117,77,89,-12
100000118,359,1265,-906
100000119,955,897,58
100000121,199,469,-270
100000122,417,2349,-1932
100000123,905,1906,-1001
100000124,1926,2207,-281
100000125,6680,2147,4533
100000126,517,813,-296
100000127,1337,1061,276
100000128,434,3163,-2729
100000129,291,748,-457
100000130,1087,203,884
100000131,711,882,-171
100000132,1152,1519,-367
100000133,1033,567,466
100000135,469,1016,-547
100000139,192,477,-285
100000140,113,109,4
100000142,760,492,268
100000143,454,277,177
100000144,1005,307,698
100000147,1441,5267,-3826
100000150,141,498,-357
100000151,164,1594,-1430
100000153,26,581,-555
100000154,12,876,-864
100000155,0,61,-61
100000156,49,168,-119
100000157,196,251,-55
100000158,200,148,52
100000159,50,1231,-1181
100000165,649,422,227
100000169,43,3051,-3008
100000174,529,2132,-1603
100000179,62,722,-660
100000180,942,1438,-496
100000181,276,245,31
100000188,15,41,-26
100000189,928,627,301
100000190,392,1460,-1068
100000191,722,374,348
100000192,5,246,-241
100000193,292,200,92
100000330,469,1073,-604
100000355,168,405,-237
100000362,1400,665,735
100000363,7265,7299,-34
100000364,88,186,-98
100000365,5539,8002,-2463
100000366,1318,749,569
100000367,5494,5646,-152
100000368,1351,1189,162
100000369,421,2042,-1621
100000370,85,1033,-948
100000376,24,568,-544
100000379,637,4577,-3940
100000380,2851,9280,-6429
100000384,5126,7424,-2298
100000385,1232,5274,-4042
100000386,1141,7478,-6337
100000387,3183,8616,-5433
100000388,1594,4128,-2534
100000389,5187,6562,-1375
100000390,2570,2517,53
100000391,2613,6941,-4328
100000392,386,2172,-1786
100000393,564,4092,-3528
100000394,1215,4397,-3182
100000395,589,3653,-3064
100000396,624,1425,-801
100000397,1097,5804,-4707
100000398,4965,3051,1914
100900002,24,12,12
100900003,689,390,299
100900004,7,481,-474
100900005,243,11,232
100900006,28,10,18
100900007,325,2,323
100900008,0,450,-450
100900009,46,11,35
100900010,26,3,23
100900011,270,159,111
100900012,0,28,-28
100900013,1323,3,1320
100900014,5,1,4
100900015,34,41,-7
100900016,0,11,-11
100900017,1720,54,1666
100900018,1,11,-10
100900019,56,83,-27
100900020,424,4,420
100900021,624,2,622
100900022,2,7,-5
100900023,1,67,-66
100900024,454,7,447
100900025,10,4,6
100900026,58,26,32
100900027,277,3695,-3418
100900028,113,368,-255
100900029,12,0,12
100900030,0,126,-126
100900031,1397,32,1365
100900032,638,1,637
100900033,48,390,-342
100900034,1954,0,1954
100900035,225,13,212
100900036,54,2,52
100900037,203,37,166
100900038,16,51,-35
100900039,275,157,118
100900040,1004,383,621
100900041,2508,118,2390
100900042,292,2327,-2035
100900043,1,32,-31
100900044,734,1123,-389
100900045,32,0,32
100900046,1540,6,1534
100900047,568,95,473
100900048,85,15,70
100900049,9,36,-27
100900050,15,23,-8
100900051,24,91,-67
100900052,339,8,331
100900053,970,31,939
100900054,7,25,-18
100900055,344,1740,-1396
100900056,16,25,-9
100900057,1911,287,1624
100900058,160,29,131
100900059,142,0,142
100900060,184,4,180
100900061,62,111,-49
100900062,3,4,-1
100900063,341,1399,-1058
100900064,829,4,825
100900065,21,216,-195
100900066,46,15,31
100900067,23,0,23
100900068,252,327,-75
100900069,97,4,93
100900070,1010,8,1002
100900071,204,103,101
100900072,0,6,-6
100900073,122,258,-136
100900074,0,3,-3
100900075,1448,50,1398
100900076,19,7,12
100900077,180,36,144
100900078,81,119,-38
100900079,1,2,-1
100900080,194,102,92
100900081,7,97,-90
100900082,239,65,174
100900083,34,1,33
100900085,2,332,-330
100900086,34,402,-368
100900088,301,85,216
100900089,4,3,1
100900090,72,954,-882
100900091,1,9,-8
100900092,59,196,-137
100900093,342,846,-504
100900094,222,64,158
100900095,2,5,-3
100900096,16,116,-100
100900097,2,0,2
100900098,11,21,-10
100900099,0,329,-329
100900100,5,186,-181
100900101,275,11,264
100900102,0,74,-74
100900103,7,16,-9
100900104,0,77,-77
100900105,3,472,-469
100900106,3,1,2
100900107,1595,559,1036
100900108,5,24,-19
100900109,2,8,-6
100900110,5,14,-9
100900111,24,247,-223
100900112,1,17,-16
100900113,6,20,-14
100900114,5,18,-13
100900115,63,27,36
100900116,881,458,423
100900117,160,1291,-1131
100900118,38,122,-84
100900119,32,19,13
100900120,55,14,41
100900121,567,274,293
100900122,12,54,-42
100900123,409,18,391
100900124,0,0,0
100900125,5,15,-10
100900126,885,44,841
100900127,2,0,2
100900128,42,356,-314
100900129,0,164,-164
100900131,6,103,-97
100900133,159,25,134
100900134,5,0,5
100900135,1,380,-379
100900137,199,149,50
100900138,241,284,-43
100900139,1,41,-40
100900140,0,101,-101
100900141,1,378,-377
100900142,1,6,-5
100900143,233,515,-282
100900144,11,8,3
100900145,36,233,-197
100900146,3,61,-58
100900147,4,1735,-1731
100900148,73,82,-9
100900149,6,680,-674
100900150,2,101,-99
100900151,30,260,-230
100900152,124,1,123
100900153,0,221,-221
100900154,0,140,-140
100900155,11,11,0
100900156,2,0,2
100900157,27,465,-438
100900158,398,22,376
100900159,3,15,-12
100900160,67,1,66
100900161,18,0,18
100900162,12,249,-237
100900163,39,38,1
100900164,176,8,168
100900165,14,6,8
100900166,10,0,10
100900167,2,26,-24
100900168,4,97,-93
100900169,11,579,-568
100900170,10,0,10
100900171,1,361,-360
100900172,0,139,-139
100900173,6,75,-69
100900174,3,22,-19
100900176,1085,220,865
100900177,273,135,138
100900178,267,254,13
100900179,181,156,25
100900180,0,0,0
100900181,18,38,-20
100900182,43,9,34
100900184,111,122,-11
100900186,410,235,175
100900187,43,54,-11
100900188,34,13,21
100900189,2359,400,1959
100900191,257,1382,-1125
100900192,66,304,-238
100900195,113,348,-235
100900197,97,53,44
100900198,8,8,0
100900199,0,5,-5
100900200,696,128,568
100900201,25,740,-715
100900202,76,0,76
100900203,0,72,-72
100900204,79,322,-243
100900205,123,575,-452
100900206,180,363,-183
100900207,396,113,283
100900210,43,214,-171
100900211,343,146,197
100900213,113,27,86
100900214,206,88,118
100900215,21,20,1
101000001,1936,2461,-525
101000002,7490,8995,-1505
101000003,213,1002,-789
101000004,6811,7518,-707
101000005,5767,7853,-2086
101000006,6944,11620,-4676
101000007,3121,5283,-2162
101000008,1887,2289,-402
101000009,2498,693,1805
101000010,1363,621,742
101000011,673,236,437
101000012,243,491,-248
101000013,486,1210,-724
101000014,201,329,-128
101000015,3479,1303,2176
101000016,204,688,-484
101000017,253,299,-46
101000018,1016,6367,-5351
101000020,1126,1342,-216
101000021,449,658,-209
101000022,80,522,-442
101000023,825,866,-41
101000025,298,708,-410
101000026,425,51,374
101000027,1711,3302,-1591
101000028,15,13,2
101000029,58,943,-885
101000030,716,113,603
101000031,78,673,-595
101000032,2136,3410,-1274
101000033,871,5255,-4384
101000034,367,2810,-2443
101000035,435,427,8
101000036,306,2595,-2289
101000037,498,3565,-3067
101000039,1567,3773,-2206
101000040,2364,7353,-4989
101000041,1622,6848,-5226
101000042,83,699,-616
101000043,2511,6825,-4314
101000045,157,706,-549
101000046,773,1635,-862
101000047,883,4451,-3568
101000048,348,317,31
101000049,478,2034,-1556
101000050,356,1637,-1281
101000051,744,1845,-1101
101000052,919,1837,-918
101000053,466,1124,-658
101000054,2221,803,1418
101000055,1005,1338,-333
101000056,9,135,-126
101000057,481,3583,-3102
101000058,524,2138,-1614
101000059,2009,4219,-2210
101000060,1377,1074,303
101000061,201,2710,-2509
101000062,95,560,-465
101000063,128,1383,-1255
101000064,128,906,-778
101000065,100,802,-702
101000066,269,1213,-944
101000067,200,656,-456
101000068,82,409,-327
101000069,71,60,11
101000070,260,704,-444
101000071,3650,1181,2469
101000072,400,2234,-1834
101000073,444,843,-399
101000074,1423,2586,-1163
101000075,1284,1797,-513
101000077,1484,1388,96
101000078,643,643,0
101000079,695,691,4
101000080,734,500,234
101000081,1266,1159,107
101000082,1348,1085,263
101000083,3130,1898,1232
101000084,904,285,619
101000085,1729,852,877
101000086,591,497,94
101000087,541,579,-38
101000088,2061,948,1113
101000089,1009,1503,-494
101000090,875,539,336
101000091,482,414,68
101000092,2149,360,1789
101000093,1722,379,1343
101000094,676,522,154
101000095,577,498,79
101000096,788,262,526
101000097,496,642,-146
101000098,353,730,-377
101000099,425,1122,-697
101000100,788,1166,-378
101000101,204,919,-715
101000102,288,1319,-1031
101000103,281,1462,-1181
101000104,210,823,-613
101000105,140,550,-410
101000106,162,1403,-1241
101000107,265,482,-217
101000108,374,87,287
101000109,882,191,691
101000110,54,113,-59
101000111,34,173,-139
101000113,102,1287,-1185
101000114,1541,5381,-3840
101000115,13,8,5
101000116,13,7,6
101000117,824,161,663
101000119,13,153,-140
101000120,53,185,-132
101000121,7,67,-60
101000122,42,120,-78
101000123,36,119,-83
101000124,533,615,-82
101000125,104,79,25
101000128,339,1935,-1596
101000130,102,141,-39
101000131,2065,241,1824
101000132,963,365,598
101000135,1,15,-14
101000136,55,167,-112
101000137,11,498,-487
101000141,522,4684,-4162
101000147,740,170,570
101000148,920,38,882
101000149,21,117,-96
101000150,133,188,-55
101000151,654,21,633
101000152,365,338,27
101000153,163,140,23
101000154,795,430,365
101000155,920,259,661
101000156,11,717,-706
101000157,15,314,-299
101000160,5,34,-29
101000163,59,747,-688
101000164,260,102,158
101000165,195,453,-258
101000166,76,217,-141
101000168,1219,259,960
101000252,2709,582,2127
101000254,24,67,-43
101000258,82,4,78
101000261,80,49,31
101000262,1471,5905,-4434
101000263,227,1186,-959
101000265,70,684,-614
101000266,431,140,291
101000269,9,55,-46
101000290,241,3841,-3600
101000293,19,16,3
101000294,246,498,-252
101000295,293,132,161
101000301,139,626,-487
101000304,2026,3858,-1832
101000305,2105,1502,603
101900001,41,74,-33
101900002,0,9,-9
101900003,28,64,-36
101900004,1,122,-121
101900005,1009,5442,-4433
101900006,1479,134,1345
101900007,318,165,153
101900008,63,174,-111
101900009,38,489,-451
101900010,152,528,-376
101900011,31,1734,-1703
101900012,375,73,302
101900013,280,67,213
101900017,22,91,-69
101900018,197,166,31
101900019,20,167,-147
101900020,312,201,111
101900021,0,55,-55
101900022,187,388,-201
101900023,161,39,122
102000001,4062,7794,-3732
102000002,2544,3170,-626
102000003,1795,5228,-3433
102000004,5091,3249,1842
102000005,1455,3836,-2381
102000006,810,1195,-385
102000007,1739,4565,-2826
102000008,4660,1456,3204
102000009,8398,9533,-1135
102000010,3370,2243,1127
102000011,5452,5267,185
102000012,4031,2338,1693
102000018,2893,3307,-414
102000019,2592,2135,457
102000026,487,427,60
102000029,410,278,132
102000030,130,385,-255
102000031,86,78,8
102000032,736,351,385
102000033,598,201,397
102000034,450,208,242
102000035,777,283,494
102000036,20,166,-146
102000037,110,38,72
102000038,134,211,-77
102000039,90,58,32
102000040,185,215,-30
102000041,7,298,-291
102000042,19,175,-156
102000043,53,313,-260
102000044,461,843,-382
102000045,799,537,262
102000046,1764,495,1269
102000047,1111,501,610
102000048,907,466,441
102000049,957,859,98
102000050,1355,783,572
102000051,169,463,-294
102000052,1481,874,607
102000053,969,837,132
102000054,1049,1072,-23
102000055,1101,179,922
102000056,1785,239,1546
102000057,2038,497,1541
102000058,805,674,131
102000059,651,792,-141
102000060,628,726,-98
102000061,1949,1225,724
102000062,2494,834,1660
102000063,1011,1351,-340
102000064,478,579,-101
102000065,41,217,-176
102000066,589,334,255
102000067,6666,4732,1934
102000068,7903,3161,4742
102000069,109,2389,-2280
102000070,2177,46,2131
102000071,5982,12698,-6716
102000072,2622,3515,-893
102000073,518,398,120
102000074,910,589,321
102000075,223,196,27
102000076,518,96,422
102000077,992,372,620
102000078,1651,212,1439
102000079,171,33,138
102000080,307,188,119
102000081,428,961,-533
102000082,627,605,22
102000083,1140,120,1020
102000084,1038,109,929
102000085,1336,565,771
102000086,1784,571,1213
102000087,499,922,-423
102000088,357,169,188
102000089,1666,152,1514
102000090,284,1367,-1083
102000091,774,620,154
102000092,297,622,-325
102000093,727,626,101
102000094,528,344,184
102000095,700,687,13
102000096,588,388,200
102000097,610,214,396
102000098,298,305,-7
102000099,788,377,411
102000100,162,414,-252
102000101,283,275,8
102000102,131,1228,-1097
102000103,3240,499,2741
102000104,421,262,159
102000105,234,256,-22
102000106,822,346,476
102000107,2573,86,2487
102000108,715,524,191
102000109,788,579,209
102000110,1674,287,1387
102000111,14,923,-909
102000112,128,228,-100
102000113,25,57,-32
102000114,1221,435,786
102000115,209,398,-189
102000116,178,890,-712
102000117,34,873,-839
102000118,822,2206,-1384
102000119,440,839,-399
102000120,145,427,-282
102000121,1559,298,1261
102000122,823,697,126
102000123,955,961,-6
102000124,1593,1150,443
102000125,381,698,-317
102000126,380,592,-212
102000127,1421,560,861
102000128,873,789,84
102000129,1693,443,1250
102000130,656,908,-252
102000131,1952,882,1070
102000132,913,945,-32
102000133,4952,1770,3182
102000134,1944,651,1293
102000135,493,663,-170
102000136,613,469,144
102000137,366,306,60
102000138,206,111,95
102000139,75,361,-286
102000140,87,277,-190
102000141,153,379,-226
102000142,301,165,136
102000143,442,96,346
102000144,454,89,365
102000145,267,169,98
102000146,650,139,511
102000147,563,333,230
102000148,135,391,-256
102000149,530,82,448
102000150,1208,57,1151
102000151,130,55,75
102000152,509,75,434
102000153,839,423,416
102000154,142,167,-25
102000155,38,334,-296
102000156,264,85,179
102000157,7,509,-502
102000158,106,322,-216
102000159,1075,1426,-351
102000161,2464,2866,-402
102000162,186,288,-102
102000163,156,329,-173
102000164,563,704,-141
102000165,179,386,-207
102000166,63,232,-169
102000167,210,242,-32
102000168,225,176,49
102000169,128,752,-624
102000170,722,127,595
102000171,83,64,19
102000172,3,380,-377
102000173,497,289,208
102000174,266,44,222
102000175,54,71,-17
102000176,24,25,-1
102000178,225,420,-195
102000179,571,286,285
102000180,1071,208,863
102000181,1500,309,1191
102000182,728,783,-55
102000183,2141,673,1468
102000184,2331,522,1809
102000185,3497,336,3161
102000186,2348,612,1736
102000187,1135,411,724
102000188,1596,1177,419
102000189,1609,187,1422
102000190,519,2462,-1943
102000191,769,214,555
102000192,2118,1395,723
102000193,120,160,-40
102000194,79,342,-263
102000195,957,461,496
102000196,336,356,-20
102000197,1656,139,1517
102000198,242,323,-81
102000199,2050,150,1900
102000200,340,400,-60
102000201,2334,446,1888
102000202,5,334,-329
102000203,674,121,553
102000204,1308,614,694
102000205,1992,1338,654
102000206,926,813,113
102000207,703,659,44
102000208,444,715,-271
102000209,95,103,-8
102000210,958,382,576
102000211,1093,240,853
102000212,967,2,965
102000213,0,109,-109
102000214,1023,15,1008
102000215,2,91,-89
102000216,305,274,31
102000217,14,42,-28
102000218,359,261,98
102000219,86,47,39
102000225,178,1014,-836
102000226,420,817,-397
102000227,189,6,183
102000228,0,141,-141
102000229,117,53,64
102000230,376,245,131
102000231,552,334,218
102000232,58,124,-66
102000233,1426,327,1099
102000234,79,975,-896
102000236,269,45,224
102000237,1189,263,926
102000238,333,178,155
102000240,202,835,-633
102000241,135,71,64
102000243,6,53,-47
102000245,10,85,-75
102000246,1,63,-62
102000247,148,377,-229
102000248,88,1130,-1042
102000249,157,45,112
102000250,88,143,-55
102000254,612,136,476
102000266,2,188,-186
102000271,34,0,34
102000286,254,282,-28
102000297,2522,691,1831
102000300,0,0,0
102000301,0,1,-1
102000305,0,0,0
102000306,0,0,0
102000307,0,3,-3
102000308,0,0,0
102900001,1345,298,1047
102900002,204,58,146
102900003,155,46,109
102900005,466,131,335
102900006,501,58,443
102900007,728,2,726
102900008,389,28,361
102900009,194,280,-86
102900010,191,2011,-1820
102900011,961,564,397
102900012,412,102,310
102900013,124,14,110
102900015,1324,484,840
102900016,196,11,185
102900017,372,94,278
102900018,100,27,73
102900019,720,378,342
102900020,105,7,98
102900021,63,7,56
102900022,28,55,-27
102900023,9,15,-6
102900024,5,37,-32
102900025,26,21,5
102900026,307,2507,-2200
102900027,50,91,-41
102900028,197,1197,-1000
102900029,8,337,-329
102900030,436,493,-57
102900031,355,145,210
102900032,120,22,98
102900033,154,125,29
102900034,1005,29,976
102900035,212,50,162
102900036,268,106,162
102900037,182,254,-72
102900038,237,151,86
102900039,16,894,-878
102900040,267,283,-16
102900041,227,110,117
102900042,427,89,338
102900043,607,99,508
102900044,510,788,-278
102900045,381,306,75
102900046,243,134,109
102900047,202,196,6
102900048,571,133,438
102900049,53,133,-80
102900050,115,584,-469
102900051,113,272,-159
102900052,21,24,-3
102900053,153,474,-321
102900054,306,1574,-1268
102900055,85,654,-569
102900056,72,125,-53
102900057,5,134,-129
102900058,614,62,552
102900059,4,17,-13
102900060,83,354,-271
102900061,263,505,-242
102900062,309,282,27
102900063,2499,266,2233
102900064,62,401,-339
102900065,612,286,326
102900066,224,8,216
102900068,33,119,-86
102900070,314,154,160
102900072,0,67,-67
102900073,23,1,22
102900074,162,163,-1
102900075,3,34,-31
102900076,22,103,-81
102900077,32,1,31
102900078,21,5,16
102900079,231,0,231
102900080,519,10,509
102900081,15,71,-56
102900082,31,96,-65
102900083,72,3,69
102900084,1,18,-17
102900085,70,35,35
102900086,16,23,-7
102900087,278,38,240
102900088,93,20,73
102900089,176,136,40
102900090,0,128,-128
102900091,402,1,401
102900092,1313,239,1074
102900093,182,208,-26
102900094,0,123,-123
102900095,35,0,35
102900096,109,14,95
102900097,123,76,47
103000001,2097,2257,-160
103000002,2967,2640,327
103000003,3037,2092,945
103000004,838,271,567
103000005,1551,4539,-2988
103000006,1459,1546,-87
103000007,430,306,124
103000008,872,689,183
103000009,2889,1314,1575
103000010,169,42,127
103000011,1244,332,912
103000012,1335,1517,-182
103000013,2710,1592,1118
103000014,1189,3134,-1945
103000015,1342,747,595
103000016,579,1975,-1396
103000017,220,1231,-1011
103000018,494,204,290
103000019,338,719,-381
103000020,1124,1294,-170
103000021,2462,3212,-750
103000022,614,1283,-669
103000023,1308,2506,-1198
103000024,50,71,-21
103000025,120,1681,-1561
103000026,245,158,87
103000027,114,464,-350
103000028,111,133,-22
103000029,93,178,-85
103000030,1694,1090,604
103000031,704,3100,-2396
103000032,1536,1017,519
103000033,4230,2887,1343
103000034,1231,634,597
103000035,120,892,-772
103000036,236,162,74
103000037,553,250,303
103000038,521,678,-157
103000039,1031,247,784
103000040,1055,373,682
103000041,3146,1076,2070
103000042,2357,147,2210
103000043,1350,575,775
103000044,329,44,285
103000046,342,742,-400
103000047,781,231,550
103000048,342,274,68
103000049,132,89,43
103000050,1224,83,1141
103000051,1072,369,703
103000052,991,153,838
103000053,304,324,-20
103000054,1643,202,1441
103000055,1938,779,1159
103000056,710,759,-49
103000057,1626,107,1519
103000058,1072,183,889
103000059,1187,288,899
103000060,751,263,488
103000061,1250,646,604
103000062,699,122,577
103000063,1405,356,1049
103000064,118,48,70
103000065,7,104,-97
103000066,235,17,218
103000069,323,102,221
103000070,746,157,589
103000071,2321,590,1731
103000072,213,411,-198
103000073,1702,117,1585
103000074,1094,65,1029
103000075,104,414,-310
103000076,565,1269,-704
103000077,5,241,-236
103000078,643,1695,-1052
103000079,453,810,-357
103000080,330,406,-76
103000081,355,820,-465
103000082,577,174,403
103000083,101,234,-133
103000084,146,8,138
103000085,1,136,-135
103000086,438,511,-73
103000087,368,536,-168
103000088,153,277,-124
103000089,447,870,-423
103000090,3900,1003,2897
103000091,796,535,261
103000092,485,137,348
103000093,433,470,-37
103000094,472,95,377
103000095,150,277,-127
103000096,837,29,808
103000097,42,558,-516
103000098,729,63,666
103000099,75,896,-821
103000100,284,321,-37
103000101,2027,147,1880
103000102,162,206,-44
103000103,956,141,815
103000104,320,58,262
103000105,408,76,332
103000106,23,135,-112
103000107,416,117,299
103000108,1719,1584,135
103000109,688,813,-125
103000110,352,862,-510
103000111,249,759,-510
103000112,341,532,-191
103000113,588,1107,-519
103000114,2106,1137,969
103000115,1308,874,434
103000116,1152,290,862
103000117,521,370,151
103000118,388,288,100
103000119,1069,223,846
103000120,74,308,-234
103000121,66,155,-89
103000122,532,1102,-570
103000125,17,28,-11
103000126,1383,2,1381
103000127,4,42,-38
103000128,309,1,308
103000129,1,37,-36
103000130,110,69,41
103000131,37,119,-82
103000132,16,96,-80
103000133,29,42,-13
103000134,275,1362,-1087
103000135,502,127,375
103000136,236,325,-89
103000137,293,422,-129
103000138,476,605,-129
103000139,0,37,-37
103000140,80,20,60
103000141,14,132,-118
103000142,200,52,148
103000143,44,110,-66
103000144,305,38,267
103000145,21,89,-68
103000150,105,40,65
103000152,174,436,-262
103000153,160,158,2
103000156,3,65,-62
103000157,488,1,487
103000159,230,96,134
103000162,34,9,25
103000163,14,25,-11
103000164,5,6,-1
103000165,40,74,-34
103000166,228,806,-578
103000167,197,176,21
103000168,265,94,171
103000169,252,1432,-1180
103000170,2562,239,2323
103000171,47,117,-70
103000172,1643,179,1464
103000173,1931,107,1824
103000174,612,199,413
103000175,362,40,322
103000176,880,1168,-288
103000177,113,880,-767
103000178,102,327,-225
103000179,90,19,71
103000183,667,7,660
103000185,300,66,234
103000186,493,67,426
103000187,2512,87,2425
103000188,21,168,-147
103000189,719,424,295
103000191,515,294,221
103000292,369,2430,-2061
103000293,383,4956,-4573
103000295,35,140,-105
103000296,133,2,131
103000297,2,14,-12
103000504,86,15,71
103000505,1,7,-6
103000506,0,74,-74
103000507,205,4,201
103000508,42,61,-19
103000509,255,233,22
103900001,2,17,-15
103900002,471,37,434
103900003,975,249,726
103900004,191,1,190
103900005,2,45,-43
103900006,12,4,8
103900007,68,2,66
103900008,5,3,2
103900009,642,87,555
103900010,212,29,183
103900011,1085,62,1023
103900012,18,102,-84
103900013,64,31,33
103900014,225,14,211
103900015,117,3,114
103900016,172,84,88
103900017,146,27,119
103900018,195,32,163
103900019,23,375,-352
103900020,269,382,-113
103900021,35,11,24
103900022,357,319,38
103900023,406,3,403
103900024,154,265,-111
103900025,12,5,7
103900026,0,0,0
103900027,254,186,68
103900028,77,459,-382
103900029,1261,136,1125
103900030,338,136,202
103900031,77,0,77
103900032,79,119,-40
103900033,321,27,294
103900034,108,21,87
103900035,99,51,48
103900036,41,56,-15
103900037,213,43,170
103900038,91,216,-125
103900039,194,70,124
103900040,10,74,-64
103900041,147,33,114
103900042,200,27,173
103900043,590,35,555
103900044,65,758,-693
103900045,534,227,307
103900047,122,6,116
103900048,4,96,-92
103900049,36,922,-886
103900050,22,116,-94
103900051,0,92,-92
103900052,289,310,-21
103900053,420,136,284
103900054,338,81,257
103900055,755,121,634
103900056,103,45,58
103900057,270,83,187
103900058,830,110,720
103900059,1,24,-23
103900060,108,42,66
103900061,375,4,371
103900062,1816,375,1441
103900063,0,0,0
103900064,337,2,335
103900065,101,250,-149
103900066,428,106,322
103900067,592,26,566
103900068,5,0,5
103900069,139,20,119
103900070,188,137,51
103900071,31,38,-7
103900072,57,96,-39
103900073,331,79,252
103900074,133,15,118
103900075,86,12,74
103900076,847,141,706
103900077,48,172,-124
103900078,466,135,331
103900079,76,65,11
103900080,1,8,-7
103900081,19,34,-15
103900082,51,92,-41
103900083,1213,3277,-2064
103900084,20,73,-53
103900085,35,68,-33
103900086,2558,210,2348
103900087,42,55,-13
103900088,225,349,-124
103900089,52,117,-65
103900090,0,26,-26
103900091,608,28,580
103900092,894,516,378
103900093,67,296,-229
103900094,2,41,-39
103900095,107,373,-266
103900096,236,35,201
103900097,23,185,-162
103900098,361,83,278
103900099,637,33,604
103900100,448,59,389
103900101,74,672,-598
103900102,23,16,7
103900104,1,3,-2
103900105,9,34,-25
103900106,1,74,-73
103900107,352,39,313
103900108,62,66,-4
103900109,318,3,315
103900110,519,42,477
103900111,545,108,437
103900112,32,45,-13
103900113,21,62,-41
103900114,537,195,342
103900115,164,165,-1
103900116,1155,2312,-1157
103900117,14,5,9
103900119,19,271,-252
103900120,29,35,-6
103900122,299,35,264
103900123,185,842,-657
103900124,34,3,31
103900125,133,24,109
103900126,1117,79,1038
103900127,214,131,83
103900128,185,26,159
103900131,22,33,-11
103900133,1164,25,1139
103900134,1,38,-37
103900135,0,0,0
103900137,0,6,-6
103900138,803,20,783
103900139,75,4989,-4914
103900140,4,591,-587
103900141,172,63,109
103900142,885,54,831
103900143,324,0,324
103900144,0,3,-3
103900145,67,185,-118
103900146,253,178,75
103900147,641,87,554
103900148,723,127,596
103900149,466,124,342
103900150,2593,7839,-5246
103900151,3,48,-45
103900152,1911,137,1774
103900153,22,15,7
103900154,210,2822,-2612
103900155,20,21,-1
103900156,63,7,56
103900157,373,37,336
103900158,423,31,392
103900159,693,10,683
103900160,25,13,12
103900161,53,102,-49
103900162,39,33,6
103900163,9,299,-290
103900164,239,6,233
103900167,6,77,-71
103900168,46,18,28
103900169,20,28,-8
103900170,0,9,-9
103900171,0,8,-8
103900172,0,2,-2
103900173,36,11,25
103900174,736,31,705
103900175,57,179,-122
103900176,3,25,-22
103900177,11,3,8
103900178,113,2,111
103900179,72,3,69
103900180,8,25,-17
103900181,5,14,-9
103900182,6,3,3
103900184,99,39,60
103900185,15,1374,-1359
103900187,3,228,-225
103900188,119,119,0
103900189,105,11,94
103900190,300,28,272
103900191,12,26,-14
103900192,13,41,-28
103900193,17,35,-18
103900194,96,38,58
103900195,2,193,-191
103900196,54,33,21
103900197,4,17,-13
103900198,2,14,-12
103900199,161,49,112
103900200,398,36,362
103900201,91,30,61
103900202,1,31,-30
103900203,40,52,-12
103900204,0,7,-7
103900207,0,30,-30
103900208,270,0,270
103900209,11,37,-26
103900210,63,23,40
103900211,1772,548,1224
103900212,253,94,159
103900213,8,164,-156
103900214,137,438,-301
103900215,113,330,-217
103900216,11,187,-176
103900217,533,93,440
103900218,0,708,-708
103900219,524,61,463
103900233,146,13,133
103900235,34,123,-89
103900236,24,9,15
103900242,3,1,2
103900243,0,1,-1
103900244,131,68,63
103900245,338,16,322
103900246,7,41,-34
103900247,15,13,2
103900248,0,47,-47
103900249,0,13,-13
103900250,47,54,-7
103900251,0,21,-21
103900253,11,59,-48
103900254,4,26,-22
103900255,0,34,-34
103900256,14,10,4
103900257,70,226,-156
103900258,55,16,39
103900259,6,5,1
103900261,102,0,102
103900262,31,2,29
103900263,35,122,-87
103900264,34,28,6
103900265,3,3,0
103900266,0,74,-74
103900267,0,21,-21
104000001,3621,1631,1990
104000002,2214,1637,577
104000003,2089,1355,734
104000004,3160,1746,1414
104000005,2753,1625,1128
104000006,2944,1568,1376
104000007,4285,3454,831
104000008,261,134,127
104000009,416,150,266
104000010,158,686,-528
104000011,198,149,49
104000012,103,112,-9
104000013,380,732,-352
104000014,202,164,38
104000015,677,86,591
104000016,252,113,139
104000018,899,201,698
104000019,935,330,605
104000020,86,157,-71
104000021,410,190,220
104000022,448,484,-36
104000023,1933,300,1633
104000024,242,160,82
104000026,41,106,-65
104000027,384,156,228
104000028,710,270,440
104000029,354,208,146
104000030,690,297,393
104000031,1843,140,1703
104000032,140,117,23
104000033,1042,321,721
104000034,219,95,124
104000035,1548,280,1268
104000036,1585,229,1356
104000037,180,88,92
104000038,506,238,268
104000039,201,107,94
104000040,72,658,-586
104000041,811,331,480
104000042,179,126,53
104000043,108,168,-60
104000044,270,355,-85
104000045,632,344,288
104000046,600,536,64
104000047,714,431,283
104000048,1029,350,679
104000049,861,403,458
104000050,98,525,-427
104000051,201,433,-232
104000052,2446,1826,620
104000053,1456,275,1181
104000054,704,122,582
104000055,2211,1565,646
104000056,523,111,412
104000057,292,108,184
104000058,1084,503,581
104000059,765,968,-203
104000060,1420,1207,213
104000061,1134,662,472
104000062,290,62,228
104000064,672,214,458
104000065,86,378,-292
104000069,300,1700,-1400
104000070,43,647,-604
104000071,218,152,66
104000072,826,113,713
104000075,54,272,-218
104000076,636,52,584
104000082,2020,3338,-1318
104000083,545,112,433
104000084,104,205,-101
104000085,654,205,449
104000086,308,194,114
104000087,315,1510,-1195
104000090,1304,311,993
104000092,1944,500,1444
104000094,726,476,250
104000095,3396,1058,2338
104000096,3580,25,3555
104000097,3816,276,3540
104000098,5759,294,5465
104000100,3686,702,2984
104000101,1993,1021,972
104000106,26,334,-308
104000107,657,159,498
104000108,286,225,61
104000109,360,132,228
104000110,699,1764,-1065
104000111,2179,5500,-3321
104000112,425,266,159
104000116,1,307,-306
104000117,451,223,228
104000118,2557,101,2456
104000119,1640,202,1438
104000120,483,338,145
104000121,265,270,-5
104000122,746,366,380
104000123,899,489,410
104000124,238,1227,-989
104000125,1699,6406,-4707
104000126,586,413,173
104000127,1411,1344,67
104000128,819,134,685
104000129,103,0,103
104000130,0,584,-584
104000131,219,294,-75
104000132,381,282,99
104000133,1578,750,828
104000134,892,1586,-694
104000135,331,1218,-887
104000136,687,2689,-2002
104000137,1854,400,1454
104000138,1091,278,813
104000139,2002,2456,-454
104000141,652,355,297
104000142,639,271,368
104000143,805,140,665
104000144,220,215,5
104000145,250,178,72
104000146,112,571,-459
104000147,147,483,-336
104000148,486,154,332
104000149,167,51,116
104000150,1410,188,1222
104000151,415,111,304
104000152,901,135,766
104000153,1149,638,511
104000154,425,132,293
104000155,608,836,-228
104000157,1402,552,850
104000158,67,303,-236
104000159,1027,350,677
104000160,1915,2762,-847
104000161,170,84,86
104000162,95,49,46
104000165,585,628,-43
104000167,723,1824,-1101
104000168,1720,14,1706
104000169,374,24,350
104000170,112,261,-149
104000248,518,469,49
104000251,50,81,-31
104000272,0,0,0
104000273,0,0,0
104000274,0,0,0
104000275,0,0,0
104000279,733,441,292
104000290,88,262,-174
104000291,303,1136,-833
104000293,1746,964,782
104000294,261,1,260
104000295,927,798,129
104000296,771,482,289
104000297,1223,1659,-436
104000298,1792,757,1035
104000299,1035,621,414
104900001,50,87,-37
104900002,66,464,-398
104900003,37,132,-95
104900004,53,46,7
104900005,1323,197,1126
104900006,1340,48,1292
104900007,941,86,855
104900009,176,107,69
104900010,129,7,122
104900011,21,4,17
104900012,252,27,225
104900013,70,35,35
104900014,972,171,801
104900015,90,3,87
104900016,205,63,142
104900017,110,93,17
104900018,2,36,-34
104900019,125,7752,-7627
104900020,47,153,-106
104900021,1,33,-32
104900022,29,137,-108
104900023,0,38,-38
104900024,36,227,-191
104900025,31,134,-103
104900026,0,33,-33
104900027,1258,311,947
104900028,10,151,-141
104900029,19,19,0
104900030,740,165,575
104900031,38,209,-171
104900032,11,84,-73
104900033,428,138,290
104900034,389,216,173
104900035,757,338,419
104900036,523,42,481
104900037,314,38,276
104900038,57,2688,-2631
104900039,211,944,-733
104900040,809,36,773
104900041,546,93,453
104900042,269,99,170
104900043,56,790,-734
104900044,1482,79,1403
104900045,329,81,248
104900046,1178,56,1122
104900047,605,64,541
104900048,635,55,580
104900049,158,57,101
104900050,1303,63,1240
104900051,462,18,444
104900052,352,1,351
104900053,634,41,593
104900054,377,63,314
104900055,563,4,559
104900056,548,5,543
104900057,149,0,149
104900058,600,271,329
104900059,253,36,217
104900060,0,273,-273
104900061,99,63,36
104900063,0,114,-114
104900064,1,99,-98
104900065,0,193,-193
104900066,3,66,-63
104900067,5,292,-287
104900068,66,77,-11
104900070,40,125,-85
104900071,0,207,-207
104900072,37,79,-42
104900073,143,36,107
104900074,74,30,44
104900075,83,22,61
104900076,227,101,126
104900077,361,119,242
104900078,178,90,88
104900079,95,1902,-1807
104900080,114,188,-74
104900082,0,136,-136
104900085,7,83,-76
104900087,520,4,516
104900089,958,6,952
104900090,2287,830,1457
104900091,290,298,-8
104900093,174,214,-40
104900097,819,3742,-2923
104900098,387,46,341
104900099,185,1454,-1269
104900100,226,82,144
104900102,69,116,-47
104900103,224,87,137
104900104,1123,1486,-363
104900106,362,86,276
104900107,97,103,-6
104900108,15,130,-115
104900109,172,227,-55
104900110,9,21,-12
104900111,218,41,177
104900112,646,178,468
104900113,1169,133,1036
104900114,1123,299,824
104900115,1547,107,1440
104900116,1023,59,964
104900118,6,6,0
104900119,1,50,-49
104900120,23,1587,-1564
104900121,2,33,-31
104900122,2,25,-23
104900123,561,42,519
104900124,349,21,328
104900125,390,3,387
104900126,15,7,8
104900127,36,7,29
104900128,216,49,167
104900129,855,4486,-3631
105000001,2714,999,1715
105000002,2285,1484,801
105000003,2380,3509,-1129
105000004,1452,844,608
105000005,2391,1209,1182
105000006,1540,1855,-315
105000007,1953,2308,-355
105000008,672,3019,-2347
105000009,4235,3916,319
105000010,1985,681,1304
105000011,3587,3447,140
105000012,1631,1244,387
105000013,1422,1476,-54
105000014,4734,3444,1290
105000015,7857,17319,-9462
105000016,717,812,-95
105000017,1710,1051,659
105000018,590,1666,-1076
105000019,1190,1047,143
105000020,59,605,-546
105000021,240,191,49
105000022,105,141,-36
105000023,950,131,819
105000028,37,52,-15
105000029,873,1062,-189
105000030,2141,1560,581
105000033,870,718,152
105000034,77,1831,-1754
105000037,714,91,623
105000038,1015,1394,-379
105000039,541,690,-149
105000040,1039,1216,-177
105000041,184,419,-235
105000042,2159,863,1296
105000043,576,459,117
105000044,2108,277,1831
105000045,289,325,-36
105000046,1229,176,1053
105000047,445,239,206
105000048,1464,261,1203
105000049,285,336,-51
105000050,1012,438,574
105000051,158,205,-47
105000052,731,934,-203
105000053,65,43,22
105000054,701,574,127
105000055,857,244,613
105000056,2744,1595,1149
105000057,1981,946,1035
105000058,1175,818,357
105000059,2365,672,1693
105000060,654,400,254
105000061,2272,503,1769
105000062,686,460,226
105000063,265,308,-43
105000064,4400,749,3651
105000065,477,316,161
105000066,993,841,152
105000067,2340,862,1478
105000068,268,616,-348
105000069,1017,4318,-3301
105000070,524,1477,-953
105000071,167,2515,-2348
105000072,921,8556,-7635
105000073,1789,919,870
105000074,323,413,-90
105000075,688,462,226
105000076,1303,788,515
105000077,2149,732,1417
105000078,732,1085,-353
105000079,690,1653,-963
105000080,1998,2588,-590
105000081,907,782,125
105000082,685,1301,-616
105000083,1998,3027,-1029
105000084,442,589,-147
105000085,3047,2080,967
105000086,797,774,23
105000087,1537,1464,73
105000088,2326,3822,-1496
105000089,1632,1013,619
105000090,282,387,-105
105000091,449,505,-56
105000092,409,396,13
105000093,328,374,-46
105000094,149,90,59
105000095,253,519,-266
105000096,1606,1860,-254
105000097,562,448,114
105000098,1937,1433,504
105000099,369,822,-453
105000100,3387,653,2734
105000101,2417,890,1527
105000102,2975,845,2130
105000103,1314,924,390
105000104,3774,816,2958
105000105,1599,756,843
105000106,2641,698,1943
105000107,2678,561,2117
105000108,2938,782,2156
105000109,4788,580,4208
105000110,1406,240,1166
105000111,2324,246,2078
105000112,866,329,537
105000113,296,934,-638
105000114,854,1212,-358
105000115,199,2881,-2682
105000116,1859,698,1161
105000117,878,266,612
105000118,2272,379,1893
105000119,826,392,434
105000120,3337,631,2706
105000121,1284,348,936
105000122,540,476,64
105000123,433,456,-23
105000124,3103,446,2657
105000125,1799,875,924
105000126,2919,991,1928
105000127,3760,961,2799
105000128,1108,1351,-243
105000129,2105,527,1578
105000130,144,4989,-4845
105000131,273,99,174
105000132,2161,1158,1003
105000133,341,460,-119
105000134,2546,230,2316
105000135,254,292,-38
105000136,20,14,6
105000137,996,121,875
105000138,25,21,4
105000139,937,296,641
105000140,508,204,304
105000141,540,241,299
105000142,299,307,-8
105000143,219,252,-33
105000144,511,302,209
105000145,1080,203,877
105000146,529,332,197
105000147,852,252,600
105000148,703,553,150
105000149,5294,1122,4172
105000150,1457,399,1058
105000151,1399,329,1070
105000152,325,436,-111
105000153,1878,272,1606
105000154,1019,385,634
105000155,626,342,284
105000156,351,387,-36
105000157,664,574,90
105000158,3823,430,3393
105000159,379,437,-58
105000160,6140,590,5550
105000161,814,450,364
105000162,1066,4227,-3161
105000163,820,567,253
105000164,134,301,-167
105000165,774,14850,-14076
105000166,2946,3334,-388
105000167,1180,5765,-4585
105000168,323,342,-19
105000169,1620,112,1508
105000170,1093,752,341
105000171,1381,192,1189
105000172,681,21,660
105000173,1313,6,1307
105000174,256,34,222
105000175,341,32,309
105000176,1580,58,1522
105000177,685,299,386
105000178,607,99,508
105000179,2519,68,2451
105000180,939,66,873
105000181,260,75,185
105000182,117,29,88
105000183,1674,3602,-1928
105000184,210,482,-272
105000185,402,939,-537
105000186,377,672,-295
105000187,1074,357,717
105000188,118,96,22
105000189,78,399,-321
105000190,377,210,167
105000191,369,281,88
105000192,479,82,397
105000193,123,83,40
105000194,739,45,694
105000195,397,285,112
105000196,52,329,-277
105000197,83,318,-235
105000198,139,68,71
105000199,93,556,-463
105000200,135,564,-429
105000201,88,18,70
105000203,63,117,-54
105000204,100,75,25
105000205,45,72,-27
105000207,188,38,150
105000208,122,406,-284
105000209,262,94,168
105000212,1389,482,907
105000213,68,105,-37
105000214,113,93,20
105000215,337,176,161
105000216,258,66,192
105000217,404,64,340
105000218,4158,578,3580
105000221,152,145,7
105000222,693,102,591
105000223,597,119,478
105000226,232,74,158
105000227,75,88,-13
105000228,38,1836,-1798
105000229,217,722,-505
105000231,347,181,166
105000233,1442,815,627
105000234,308,594,-286
105000235,808,529,279
105000237,1995,74,1921
105000243,53,66,-13
105000248,73,50,23
105000262,648,305,343
105000269,164,115,49
105000270,1286,6,1280
105000271,1,211,-210
105000282,61,47,14
105000287,146,54,92
105000288,1474,609,865
105000289,306,1073,-767
105000290,56,9,47
105000402,1476,5612,-4136
105000426,160,335,-175
105000438,566,744,-178
105000446,4784,2913,1871
105000447,1532,980,552
105000454,958,90,868
105000455,153,76,77
105000474,231,2,229
105000477,2097,457,1640
105000478,2948,6611,-3663
105000479,99,148,-49
105000480,3495,5742,-2247
105000481,4537,4176,361
105000482,1767,2042,-275
105000483,2069,2643,-574
105000484,1097,1298,-201
105000485,1396,2669,-1273
105000486,1265,1555,-290
105000488,1633,1486,147
105000489,2227,828,1399
105000549,226,197,29
105000550,414,368,46
105000551,14,80,-66
105000552,1506,736,770
105900001,7,2002,-1995
105900002,533,2239,-1706
105900003,7,234,-227
105900004,293,57,236
105900005,17,304,-287
105900006,21,26,-5
105900007,76,40,36
105900008,134,164,-30
105900009,25,30,-5
105900011,223,37,186
105900012,619,94,525
105900013,4,38,-34
105900014,3,79,-76
105900015,63,151,-88
105900016,1399,251,1148
105900017,3402,20,3382
105900018,96,179,-83
105900019,205,67,138
105900020,70,35,35
105900021,83,133,-50
105900022,376,137,239
105900023,4,64,-60
105900024,7,300,-293
105900025,590,12,578
105900026,92,3,89
105900027,10189,4982,5207
105900028,149,325,-176
105900029,1505,270,1235
105900030,213,197,16
105900031,599,51,548
105900032,202,50,152
105900033,118,160,-42
105900034,771,128,643
105900035,932,281,651
105900036,165,45,120
105900037,310,38,272
105900038,67,249,-182
105900039,252,27,225
105900040,258,92,166
105900041,189,90,99
105900042,192,226,-34
105900043,666,66,600
105900044,1,621,-620
105900045,4,2232,-2228
105900046,0,152,-152
105900047,16,67,-51
105900048,178,326,-148
105900050,1287,4644,-3357
105900051,33,861,-828
105900052,1745,190,1555
105900053,2187,6226,-4039
105900054,141,176,-35
105900056,410,1015,-605
105900057,2,96,-94
105900058,12,18,-6
105900059,0,244,-244
106000001,2164,2879,-715
106000002,583,1960,-1377
106000003,4261,4780,-519
106000004,1049,1817,-768
106000005,5357,3337,2020
106000006,3499,1066,2433
106000007,651,178,473
106000008,267,219,48
106000009,589,113,476
106000010,260,217,43
106000011,2743,832,1911
106000012,862,500,362
106000013,2161,1052,1109
106000014,1118,750,368
106000015,3496,796,2700
106000016,1341,810,531
106000017,1181,573,608
106000018,415,362,53
106000019,684,294,390
106000020,332,236,96
106000021,501,278,223
106000022,392,117,275
106000023,1118,189,929
106000024,670,249,421
106000025,284,195,89
106000026,75,97,-22
106000027,3015,1083,1932
106000028,835,210,625
106000029,701,541,160
106000030,115,408,-293
106000034,59,300,-241
106000035,1230,1297,-67
106000036,61,412,-351
106000037,846,549,297
106000038,33,294,-261
106000039,32,211,-179
106000040,71,791,-720
106000041,444,494,-50
106000043,253,148,105
106000046,309,41,268
106000047,49,260,-211
106000049,1710,66,1644
106000050,227,296,-69
106000051,1567,644,923
106000052,109,176,-67
106000053,876,93,783
106000054,86,140,-54
106000055,1467,343,1124
106000056,172,172,0
106000057,806,156,650
106000058,104,31,73
106000059,832,220,612
106000060,133,156,-23
106000061,270,932,-662
106000062,113,119,-6
106000063,1270,1083,187
106000064,7,104,-97
106000065,788,143,645
106000066,119,121,-2
106000067,813,54,759
106000068,170,214,-44
106000069,847,99,748
106000070,362,119,243
106000071,1093,119,974
106000072,2323,1164,1159
106000073,1382,8569,-7187
106000074,688,485,203
106000075,376,938,-562
106000076,1198,1281,-83
106000077,1825,428,1397
106000078,1678,292,1386
106000079,1211,422,789
106000080,1671,256,1415
106000081,1519,437,1082
106000082,1527,270,1257
106000083,681,758,-77
106000084,934,324,610
106000085,1289,847,442
106000086,453,234,219
106000087,1037,251,786
106000088,357,338,19
106000089,1154,137,1017
106000090,469,220,249
106000091,219,337,-118
106000092,1391,142,1249
106000093,957,42,915
106000094,93,127,-34
106000095,1953,268,1685
106000096,2530,247,2283
106000097,2194,400,1794
106000098,1502,287,1215
106000099,215,305,-90
106000100,2792,132,2660
106000101,1217,147,1070
106000102,58,294,-236
106000103,259,298,-39
106000104,1545,284,1261
106000105,235,361,-126
106000106,1667,113,1554
106000107,256,132,124
106000108,642,66,576
106000109,144,96,48
106000110,816,133,683
106000111,135,114,21
106000112,379,1151,-772
106000113,385,300,85
106000114,590,1265,-675
106000115,238,170,68
106000116,443,151,292
106000117,731,240,491
106000118,1678,1416,262
106000119,588,306,282
106000120,1458,2530,-1072
106000121,576,119,457
106000122,566,94,472
106000123,1321,51,1270
106000124,320,89,231
106000125,55,126,-71
106000126,599,32,567
106000127,2719,547,2172
106000128,2116,97,2019
106000129,1100,190,910
106000130,2152,164,1988
106000131,99,835,-736
106000132,854,92,762
106000133,986,2217,-1231
106000134,650,4939,-4289
106000135,124,389,-265
106000136,1508,2651,-1143
106000137,91,424,-333
106000138,4820,88,4732
106000139,130,108,22
106000140,86,13,73
106000141,168,34,134
106000142,300,43,257
106000143,33,20,13
106000144,108,59,49
106000145,1085,151,934
106000146,1036,109,927
106000147,592,258,334
106000148,621,519,102
106000149,1111,192,919
106000150,1337,2902,-1565
106000151,2810,467,2343
106000152,939,2872,-1933
106000153,90,1678,-1588
106000154,789,98,691
106000155,230,214,16
106000156,2989,88,2901
106000157,563,1923,-1360
106000158,1116,464,652
106000159,2050,3026,-976
106000160,998,6905,-5907
106000161,601,122,479
106000162,692,2544,-1852
106000163,355,118,237
106000164,1364,223,1141
106000165,174,233,-59
106000166,2532,76,2456
106000167,738,398,340
106000168,1899,129,1770
106000169,470,219,251
106000170,2115,143,1972
106000171,371,624,-253
106000172,4078,864,3214
106000173,1001,1367,-366
106000174,2252,171,2081
106000175,194,296,-102
106000176,4496,476,4020
106000177,1580,757,823
106000178,4940,661,4279
106000179,984,626,358
106000180,1739,476,1263
106000181,4037,1166,2871
106000182,3105,278,2827
106000183,3261,229,3032
106000184,1995,473,1522
106000185,3367,2299,1068
106000186,223,63,160
106000187,83,2354,-2271
106000188,0,0,0
106000189,14,13,1
106000190,62,0,62
106000191,453,34,419
106000192,0,0,0
106000193,267,423,-156
106000194,77,367,-290
106000195,218,182,36
106000196,76,486,-410
106000197,1042,172,870
106000198,354,85,269
106000199,598,3120,-2522
106000200,386,362,24
106000201,374,13558,-13184
106000202,2728,845,1883
106000203,6,106,-100
106000204,104,9,95
106000205,13,97,-84
106000206,103,19,84
106000207,3,214,-211
106000208,3125,63,3062
106000209,4102,121,3981
106000210,484,298,186
106000211,200,775,-575
106000212,1985,276,1709
106000213,224,742,-518
106000214,1467,184,1283
106000215,439,307,132
106000216,989,190,799
106000217,109,190,-81
106000218,469,131,338
106000219,118,167,-49
106000220,1057,148,909
106000221,495,74,421
106000222,216,31,185
106000223,782,61,721
106000224,362,55,307
106000225,103,134,-31
106000226,30,64,-34
106000228,29,85,-56
106000229,203,395,-192
106000231,2503,67,2436
106000232,143,178,-35
106000233,1441,73,1368
106000234,52,323,-271
106000235,491,325,166
106000236,160,254,-94
106000237,0,17,-17
106000238,21,31,-10
106000239,0,195,-195
106000240,34,0,34
106000241,2,646,-644
106000242,361,18,343
106000249,302,77,225
106000250,56,1014,-958
106000251,267,15,252
106000252,67,30,37
106000253,148,70,78
106000254,196,23,173
106000255,127,177,-50
106000256,68,4,64
106000257,75,178,-103
106000258,76,56,20
106000259,12,213,-201
106000260,38,0,38
106000261,11,63,-52
106000262,45,14,31
106000263,114,16,98
106000264,180,3,177
106000265,43,60,-17
106000266,194,17,177
106000267,47,100,-53
106000268,277,14,263
106000269,20,30,-10
106000270,93,207,-114
106000271,71,32,39
106000272,82,23,59
106000273,10,64,-54
106000274,159,7,152
106000275,381,106,275
106000276,28,8,20
106000277,152,161,-9
106000278,73,6,67
106000279,19,15,4
106000280,172,14,158
106000281,48,26,22
106000282,109,27,82
106000283,81,15,66
106000284,267,13,254
106000285,104,62,42
106000286,225,16,209
106000287,68,39,29
106000288,253,56,197
106000289,116,28,88
106000290,81,27,54
106000291,168,31,137
106000292,200,24,176
106000293,154,52,102
106000294,161,12,149
106000295,50,52,-2
106000296,29,28,1
106000297,25,120,-95
106000298,36,130,-94
106000299,29,45,-16
106000300,25,84,-59
106000301,35,71,-36
106000303,146,18,128
106000304,62,15,47
106000305,257,10,247
106000306,68,46,22
106000307,421,18,403
106000308,10,55,-45
106000309,3,12,-9
106000310,480,93,387
106000311,557,113,444
106000312,243,55,188
106000313,479,35,444
106000318,21,599,-578
106000319,3007,567,2440
106000320,8,87,-79
106000321,223,460,-237
106000322,436,45,391
106000324,256,53,203
106000325,2973,442,2531
106000326,564,623,-59
106000327,507,46,461
106000328,6,92,-86
106000329,31,176,-145
106000330,24,138,-114
106000428,129,161,-32
106000429,136,91,45
106000430,258,564,-306
106000431,3554,308,3246
106000432,544,1032,-488
106000433,3163,1061,2102
106000434,5061,943,4118
106000435,728,1047,-319
106000436,2,134,-132
106000437,1496,111,1385
106000438,233,1023,-790
106000439,47,874,-827
106000440,226,209,17
106000441,4,1,3
106000442,322,18,304
106000443,438,79,359
106000450,1,99,-98
106000451,39,302,-263
106000454,2,123,-121
106000455,0,93,-93
106000456,236,50,186
106000457,41,296,-255
106000458,2408,71,2337
106000459,913,54,859
106000460,4107,31,4076
106000461,500,179,321
106000462,0,79,-79
106000463,11,10,1
106000464,2,105,-103
106000465,1860,10,1850
106000466,3,137,-134
106000467,93,212,-119
106000468,318,118,200
106000469,101,0,101
106000470,190,3489,-3299
106000471,20,214,-194
106000472,531,13,518
106000473,65,8,57
106000474,231,286,-55
106000475,726,213,513
106000476,111,324,-213
106000477,6,13,-7
106900001,0,5,-5
106900002,0,155,-155
106900003,33,822,-789
106900004,7,2,5
106900006,0,3,-3
106900007,0,7,-7
106900008,1379,54,1325
106900009,953,125,828
106900010,774,131,643
106900012,636,4981,-4345
106900013,1160,250,910
106900014,143,0,143
106900015,26,6,20
106900016,883,81,802
106900017,17,3,14
106900018,72,0,72
106900019,496,3,493
106900020,1122,4343,-3221
106900021,328,52,276
106900022,3210,6,3204
106900023,179,69,110
106900024,1016,101,915
106900025,6,246,-240
106900026,0,83,-83
106900027,2374,2,2372
107000001,2730,3144,-414
107000002,1120,1132,-12
107000003,11647,8131,3516
107000004,2327,1124,1203
107000005,14296,6851,7445
107000006,2384,1140,1244
107000007,6104,7471,-1367
107000008,2725,1845,880
107000009,11286,6556,4730
107000010,3946,2690,1256
107000011,371,444,-73
107000012,1363,1083,280
107000013,172,41,131
107000014,165,64,101
107000015,503,220,283
107000016,1270,254,1016
107000017,633,854,-221
107000018,6,838,-832
107000020,713,789,-76
107000021,1095,314,781
107000022,1320,1453,-133
107000023,2038,134,1904
107000024,841,1417,-576
107000025,419,200,219
107000026,319,284,35
107000027,2449,458,1991
107000028,1416,420,996
107000029,4936,2530,2406
107000030,1691,1028,663
107000031,7991,2687,5304
107000032,225,615,-390
107000033,1831,4243,-2412
107000034,2556,703,1853
107000035,430,150,280
107000036,485,1492,-1007
107000037,156,640,-484
107000038,243,93,150
107000039,1094,545,549
107000040,442,137,305
107000041,745,353,392
107000042,435,2709,-2274
107000043,921,444,477
107000044,211,169,42
107000045,52,111,-59
107000046,877,249,628
107000047,316,390,-74
107000048,425,152,273
107000049,382,298,84
107000050,694,151,543
107000051,266,193,73
107000052,511,1788,-1277
107000053,287,465,-178
107000054,20,150,-130
107000055,133,60,73
107000056,435,480,-45
107000057,898,84,814
107000058,2313,2091,222
107000059,1739,1658,81
107000060,8389,3684,4705
107000061,2995,1382,1613
107000062,10727,2413,8314
107000063,3004,1652,1352
107000064,8697,5146,3551
107000065,2024,2384,-360
107000066,1604,3816,-2212
107000067,1584,1026,558
107000068,842,736,106
107000069,1458,811,647
107000070,1464,12,1452
107000071,7503,64,7439
107000072,6,656,-650
107000073,2197,1351,846
107000074,91,343,-252
107000075,2497,97,2400
107000076,179,551,-372
107000077,4175,337,3838
107000078,633,526,107
107000079,4695,776,3919
107000080,315,769,-454
107000081,6963,555,6408
107000082,363,558,-195
107000083,2587,1380,1207
107000084,125,557,-432
107000085,2840,2172,668
107000086,2635,1397,1238
107000087,3715,2302,1413
107000088,2189,1634,555
107000089,1761,2338,-577
107000090,1284,582,702
107000091,2575,623,1952
107000092,849,538,311
107000093,2102,801,1301
107000094,719,451,268
107000095,2325,617,1708
107000096,624,435,189
107000097,845,370,475
107000098,139,221,-82
107000099,731,360,371
107000100,340,212,128
107000101,143,199,-56
107000102,170,220,-50
107000103,563,195,368
107000104,243,209,34
107000105,734,285,449
107000106,168,135,33
107000107,1134,241,893
107000108,195,241,-46
107000109,2350,161,2189
107000110,85,119,-34
107000111,1337,27,1310
107000112,11,92,-81
107000113,2102,65,2037
107000114,43,199,-156
107000115,1297,829,468
107000116,100,313,-213
107000117,276,3652,-3376
107000118,48,70,-22
107000119,1175,2399,-1224
107000120,429,898,-469
107000121,1095,387,708
107000122,517,399,118
107000123,851,297,554
107000124,948,166,782
107000125,1282,225,1057
107000126,1101,157,944
107000127,29,313,-284
107000129,188,236,-48
107000130,339,424,-85
107000131,256,287,-31
107000132,1096,136,960
107000133,379,75,304
107000134,279,2,277
107000135,3,192,-189
107000136,572,3,569
107000137,3,322,-319
107000138,88,18,70
107000139,1,382,-381
107000140,2194,63,2131
107000141,85,708,-623
107000142,769,67,702
107000143,23,633,-610
107000144,477,926,-449
107000145,61,443,-382
107000146,151,470,-319
107000147,2697,478,2219
107000150,167,6760,-6593
107000151,3,34,-31
107000152,407,4517,-4110
107000153,47,146,-99
107000154,5,96,-91
107000155,1408,11,1397
107000156,2077,7,2070
107000157,30,308,-278
107000158,1091,5,1086
107000159,4,208,-204
107000160,3401,150,3251
107000161,33,332,-299
107000162,350,832,-482
107000163,801,1,800
107000164,1893,1,1892
107000165,2937,6,2931
107000166,5,178,-173
107000167,1696,392,1304
107000168,1430,611,819
107000169,241,260,-19
107000170,6893,622,6271
107000171,496,472,24
107000172,2326,2991,-665
107000173,261,242,19
107000174,1346,10369,-9023
107000175,2579,383,2196
107000176,0,0,0
107000177,0,0,0
107000178,287,24,263
107000179,452,654,-202
107000180,2894,139,2755
107000181,581,279,302
107000182,2999,288,2711
107000183,286,321,-35
107000184,2361,303,2058
107000185,334,389,-55
107000186,1177,72,1105
107000187,1680,608,1072
107000188,1130,167,963
107000189,1349,409,940
107000190,1187,270,917
107000191,1437,438,999
107000192,1989,158,1831
107000193,463,313,150
107000194,457,205,252
107000197,1172,106,1066
107000198,526,286,240
107000199,609,539,70
107000200,1020,820,200
107000201,266,222,44
107000202,343,436,-93
107000203,394,798,-404
107000204,513,1812,-1299
107000205,489,284,205
107000206,180,1021,-841
107000207,337,512,-175
107000208,409,520,-111
107000209,509,562,-53
107000210,89,91,-2
107000211,6,38,-32
107000212,14,65,-51
107000213,7,3,4
107000214,32,47,-15
107000215,836,131,705
107000216,681,144,537
107000217,346,417,-71
107000219,97,281,-184
107000220,151,156,-5
107000222,315,168,147
107000224,659,128,531
107000225,201,146,55
107000226,1313,184,1129
107000227,199,100,99
107000228,74,814,-740
107000229,28,206,-178
107000230,675,404,271
107000231,169,722,-553
107000232,119,5,114
107000233,123,296,-173
107000234,5,96,-91
107000235,63,47,16
107000236,11,792,-781
107000237,128,0,128
107000238,58,3,55
107000239,1907,790,1117
107000240,56,176,-120
107000241,68,4,64
107000242,132,11,121
107000243,1,41,-40
107000244,16,60,-44
107000246,0,350,-350
107000249,0,346,-346
107000251,0,59,-59
107000252,0,176,-176
107000255,241,332,-91
107000257,0,738,-738
107000258,2,222,-220
107000259,2,67,-65
107000260,3087,36,3051
107000262,10,189,-179
107000263,1261,23,1238
107000266,24,9,15
107000267,34,33,1
107000268,196,24,172
107000269,45,1,44
107000270,254,35,219
107000271,3,0,3
107000272,107,0,107
107000273,3,553,-550
107000274,675,149,526
107000275,27,1125,-1098
107000280,2308,16,2292
107000281,34,246,-212
107000282,25,433,-408
107000290,2,46,-44
107000291,17,6,11
107000292,1,59,-58
107000293,2,0,2
107000294,1,147,-146
107000295,13,2,11
107000296,0,35,-35
107000444,300,2,298
107000496,56,6,50
107000497,767,898,-131
107000500,686,110,576
107000501,127,106,21
107000502,323,195,128
107000505,197,458,-261
107000506,0,1,-1
107000508,0,109,-109
107000509,76,743,-667
107000510,118,82,36
107000514,17,432,-415
107000515,10,64,-54
107000516,845,378,467
107000518,2318,5830,-3512
107000519,532,348,184
107000520,289,122,167
107900001,171,36,135
107900002,49,4,45
107900003,1360,15,1345
107900004,627,0,627
107900005,6075,60,6015
107900006,309,24,285
107900007,501,63,438
107900008,24,6,18
107900009,116,20,96
107900010,155,3,152
107900012,478,43,435
107900013,216,20,196
107900014,506,7,499
107900015,4327,54,4273
107900016,127,44,83
107900017,166,0,166
107900018,63,626,-563
107900019,8,5,3
107900020,11,14,-3
107900021,505,23,482
107900023,27,4,23
107900024,0,0,0
107900025,270,69,201
107900026,134,10,124
107900027,6,79,-73
107900028,621,12,609
107900030,409,22,387
107900031,140,65,75
107900032,249,2,247
107900033,60,28,32
107900034,416,6,410
107900035,3459,234,3225
107900036,70,74,-4
107900037,0,19,-19
107900038,23,529,-506
107900039,68,15,53
107900040,10,279,-269
107900041,6,1,5
107900043,84,52,32
107900044,10,18,-8
107900045,182,50,132
107900046,502,584,-82
107900047,158,3,155
107900048,544,24,520
107900049,266,1941,-1675
107900050,42,104,-62
107900051,70,48,22
107900052,2,142,-140
107900053,212,48,164
107900055,520,156,364
107900056,80,277,-197
107900057,3,0,3
107900058,61,179,-118
107900060,14,13,1
107900061,0,6,-6
107900063,123,92,31
107900064,183,1488,-1305
107900065,1508,30,1478
107900066,42,12,30
107900067,1,0,1
107900068,186,880,-694
107900069,7,5680,-5673
107900070,222,292,-70
107900071,29,125,-96
107900072,282,40,242
107900073,140,83,57
107900074,123,659,-536
107900076,241,22,219
107900077,179,1,178
107900078,126,28,98
107900079,16,44,-28
107900080,79,616,-537
107900081,73,8,65
107900082,2,0,2
107900083,317,102,215
107900084,425,145,280
107900086,6,338,-332
107900087,179,26,153
107900088,203,4,199
107900089,104,593,-489
107900090,313,2730,-2417
107900091,106,84,22
107900092,668,114,554
107900093,68,17,51
107900095,768,1095,-327
107900097,124,35,89
107900098,226,265,-39
107900100,235,2520,-2285
107900101,268,26,242
107900102,68,1,67
107900103,95,81,14
107900104,231,0,231
107900105,0,91,-91
107900106,0,220,-220
107900107,825,331,494
107900108,45,10,35
107900109,3293,56,3237
107900110,179,6,173
107900111,1,110,-109
107900112,61,618,-557
107900113,317,32,285
107900114,305,26,279
107900115,0,9,-9
107900116,504,38,466
107900117,227,127,100
107900118,31,82,-51
107900119,233,416,-183
107900120,17,19,-2
107900121,2,78,-76
107900122,0,77,-77
107900123,18,134,-116
107900124,14,21,-7
107900125,5,63,-58
107900126,20,29,-9
107900127,600,188,412
107900128,35,30,5
107900129,274,5,269
107900130,392,10,382
107900131,60,86,-26
107900132,4,216,-212
107900133,1,19,-18
107900134,13,50,-37
107900135,4,22,-18
107900136,7,24,-17
107900137,83,25,58
107900138,239,19,220
107900139,164,26,138
107900140,35,54,-19
107900141,14,13,1
107900142,42,392,-350
107900143,41,35,6
107900144,0,12,-12
107900145,0,32,-32
107900146,17,68,-51
107900147,77,25,52
107900148,112,152,-40
107900149,428,45,383
107900150,5,188,-183
107900151,48,15,33
107900152,0,62,-62
107900153,94,194,-100
107900154,53,34,19
107900155,277,45,232
107900156,4,46,-42
107900157,9,29,-20
107900158,3060,203,2857
107900159,18,266,-248
107900160,212,35,177
107900161,151,25,126
107900162,0,76,-76
107900163,46,16,30
107900164,62,11,51
107900165,7,390,-383
107900166,58,34,24
107900167,30,110,-80
107900168,154,2,152
107900169,14,91,-77
107900171,62,222,-160
107900172,0,126,-126
107900173,88,34,54
107900174,216,8,208
107900175,5,78,-73
107900176,92,8,84
107900177,3,113,-110
107900178,35,36,-1
107900179,33,74,-41
107900180,166,1834,-1668
107900181,127,459,-332
107900182,7,127,-120
107900183,186,25,161
107900184,225,146,79
107900185,196,11,185
107900186,45,20,25
107900187,1,38,-37
107900188,389,77,312
107900189,60,120,-60
107900190,15,81,-66
107900191,97,64,33
107900193,8,116,-108
107900194,301,9,292
107900195,511,159,352
107900196,67,22,45
107900197,105,151,-46
107900199,0,293,-293
107900201,53,31,22
107900203,35,44,-9
107900204,47,142,-95
107900205,227,137,90
107900206,111,723,-612
107900207,0,113,-113
107900208,1,185,-184
107900209,193,117,76
107900210,34,27,7
107900213,399,175,224
107900214,14,46,-32
107900215,122,277,-155
107900216,4,17,-13
107900217,44,34,10
107900218,15,341,-326
107900219,118,14,104
107900220,37,89,-52
107900221,45,45,0
107900223,178,54,124
107900224,60,443,-383
107900225,7,153,-146
107900226,17,32,-15
107900227,33,89,-56
107900228,124,62,62
107900229,3,40,-37
107900230,49,5,44
107900231,32,32,0
107900232,400,32,368
107900233,7,42,-35
107900234,557,32,525
107900235,9,58,-49
107900236,794,28,766
107900237,9,103,-94
107900238,59,4,55
107900239,106,715,-609
107900240,102,18,84
107900241,23,22,1
107900242,10,43,-33
107900243,0,16,-16
107900244,396,1,395
107900245,1911,62,1849
107900246,362,47,315
107900248,634,65,569
107900249,2184,264,1920
107900250,2,208,-206
107900251,1,244,-243
107900252,1215,69,1146
107900253,389,43,346
107900254,84,338,-254
107900255,46,18,28
107900256,305,1316,-1011
107900257,577,254,323
107900258,202,26,176
107900259,24,6401,-6377
107900261,0,96,-96
107900262,56,27,29
107900264,846,54,792
107900265,134,130,4
107900267,732,18,714
107900268,1,0,1
107900269,0,1,-1
107900270,1,18,-17
107900271,0,70,-70
107900272,8,76,-68
107900273,67,18,49
107900274,290,0,290
107900275,104,1,103
107900276,1,18,-17
107900277,0,40,-40
107900278,847,31,816
107900279,7,20,-13
107900280,2375,1059,1316
107900281,855,13908,-13053
107900282,41,1496,-1455
107900283,408,1138,-730
107900284,1318,337,981
107900285,285,29,256
107900286,12,34,-22
107900287,1011,60,951
107900290,1,1064,-1063
107900291,785,21,764
107900292,196,83,113
107900293,61,92,-31
107900295,61,21,40
107900297,7,320,-313
107900298,508,367,141
107900299,1826,4173,-2347
107900300,60,293,-233
107900301,1025,585,440
107900302,137,23,114
107900303,845,167,678
107900304,1244,71,1173
107900305,647,2,645
107900306,7,29,-22
107900307,6,136,-130
107900308,175,91,84
107900309,11,0,11
107900310,24,0,24
107900311,192,257,-65
107900312,6,0,6
107900313,1,124,-123
107900314,0,134,-134
107900315,1,62,-61
107900316,57,2,55
107900317,122,0,122
107900318,7,184,-177
107900319,0,40,-40
107900320,0,53,-53
107900321,423,29,394
107900322,2,24,-22
107900323,7,75,-68
107900324,145,1,144
107900325,315,5,310
107900326,1592,104,1488
107900327,2,63,-61
107900328,8,0,8
107900329,4,124,-120
107900330,17,59,-42
107900331,1143,13,1130
107900332,780,1,779
107900333,96,14,82
107900334,4,57,-53
107900335,13,8,5
107900336,23,96,-73
107900337,425,1577,-1152
107900338,0,70,-70
107900339,1,50,-49
107900340,0,117,-117
107900341,62,0,62
107900342,40,32,8
107900343,42,2,40
107900344,2,263,-261
107900345,40,59,-19
107900346,6,2,4
107900347,4,2,2
107900348,1,1,0
107900349,13,17,-4
107900350,2,74,-72
108000001,5697,2955,2742
108000002,799,855,-56
108000003,3036,1671,1365
108000004,6640,6860,-220
108000005,8858,3887,4971
108000006,2537,1888,649
108000007,6201,2933,3268
108000008,2017,2061,-44
108000009,7999,3867,4132
108000010,1786,2134,-348
108000011,13541,9990,3551
108000012,5446,6100,-654
108000014,275,1519,-1244
108000015,1089,127,962
108000016,223,298,-75
108000017,1884,204,1680
108000018,1943,559,1384
108000019,1013,431,582
108000020,1488,271,1217
108000021,203,740,-537
108000022,539,487,52
108000023,2655,354,2301
108000024,636,114,522
108000025,785,116,669
108000026,1014,138,876
108000027,1233,107,1126
108000028,858,127,731
108000029,1049,148,901
108000030,482,161,321
108000031,270,399,-129
108000032,4044,588,3456
108000033,517,334,183
108000034,2706,528,2178
108000035,425,773,-348
108000036,272,364,-92
108000037,4108,202,3906
108000038,5845,289,5556
108000039,401,563,-162
108000040,3542,1131,2411
108000041,289,786,-497
108000042,948,49,899
108000043,144,136,8
108000044,949,45,904
108000045,116,159,-43
108000046,3264,172,3092
108000047,261,272,-11
108000048,57,130,-73
108000049,1209,130,1079
108000050,63,158,-95
108000051,431,325,106
108000052,78,117,-39
108000053,584,291,293
108000054,172,387,-215
108000055,1319,306,1013
108000056,223,487,-264
108000057,972,1259,-287
108000058,1582,6363,-4781
108000059,1454,699,755
108000060,214,339,-125
108000061,104,116,-12
108000062,1964,484,1480
108000063,418,279,139
108000064,496,163,333
108000065,597,257,340
108000066,2337,971,1366
108000067,3819,1002,2817
108000068,1223,303,920
108000069,94,456,-362
108000070,3502,288,3214
108000071,385,509,-124
108000072,1852,422,1430
108000073,441,487,-46
108000074,1358,239,1119
108000075,149,166,-17
108000076,1180,234,946
108000077,327,218,109
108000078,4724,854,3870
108000079,286,349,-63
108000080,3670,473,3197
108000081,367,616,-249
108000082,418,514,-96
108000083,3193,591,2602
108000084,263,723,-460
108000085,1854,417,1437
108000086,206,291,-85
108000087,130,3435,-3305
108000088,472,3,469
108000089,400,392,8
108000090,1264,49,1215
108000091,117,303,-186
108000092,817,85,732
108000093,281,258,23
108000094,2137,94,2043
108000095,330,145,185
108000096,1329,194,1135
108000097,218,215,3
108000098,4482,1065,3417
108000099,397,52,345
108000100,106,145,-39
108000101,1807,867,940
108000102,1168,2881,-1713
108000106,1195,4,1191
108000107,1,456,-455
108000108,1107,131,976
108000109,2,269,-267
108000110,1259,201,1058
108000111,450,459,-9
108000112,39,130,-91
108000113,343,130,213
108000115,320,163,157
108000117,394,239,155
108000118,28,333,-305
108000119,533,122,411
108000120,260,1237,-977
108000121,299,227,72
108000122,1630,300,1330
108000123,775,243,532
108000124,740,339,401
108000125,1168,119,1049
108000126,558,258,300
108000127,1226,126,1100
108000128,1459,129,1330
108000129,258,236,22
108000130,950,161,789
108000131,961,73,888
108000132,249,223,26
108000133,1838,66,1772
108000134,347,164,183
108000135,1923,1001,922
108000136,305,273,32
108000137,649,180,469
108000138,599,211,388
108000139,895,157,738
108000140,1159,7,1152
108000141,47,24,23
108000142,29,48,-19
108000143,17,7,10
108000144,224,5,219
108000145,84,6,78
108000146,314,8,306
108000147,111,24,87
108000148,285,28,257
108000149,14,15,-1
108000150,106,40,66
108000151,3,8,-5
108000152,51,108,-57
108000153,1732,198,1534
108000154,31,0,31
108000155,88,27,61
108000156,188,90,98
108000157,245,3017,-2772
108000158,36,1221,-1185
108000159,84,97,-13
108000160,1241,2363,-1122
108000161,1351,7602,-6251
108000165,3,1027,-1024
108000172,1,338,-337
108000173,437,2853,-2416
108000175,592,79,513
108000178,183,82,101
108000179,60,857,-797
108000181,44,4,40
108000182,35,2,33
108000183,3,5,-2
108000184,326,5477,-5151
108000185,925,100,825
108000186,612,24,588
108000187,208,193,15
108000188,2131,118,2013
108000189,267,2563,-2296
108000190,13,74,-61
108000192,269,136,133
108000193,298,21,277
108000194,15,20,-5
108000195,3,700,-697
108000196,173,243,-70
108000197,140,76,64
108000198,592,45,547
108000199,0,303,-303
108000200,1819,105,1714
108000202,1,373,-372
108000203,578,158,420
108000204,447,57,390
108000205,82,315,-233
108000339,519,302,217
108000364,61,109,-48
108000365,69,177,-108
108000367,77,90,-13
108000368,11,29,-18
108000369,231,33,198
108000371,1,401,-400
108000372,1348,2,1346
108000373,288,70,218
108000376,404,18,386
108000377,1648,71,1577
108000378,9809,16224,-6415
108000379,37,194,-157
108000381,370,15,355
108000382,63,1,62
108000383,1,158,-157
108900001,4,156,-152
108900002,186,39,147
108900003,78,300,-222
108900004,0,498,-498
108900005,71,285,-214
108900006,996,180,816
108900007,563,125,438
108900008,376,50,326
108900009,189,180,9
108900010,789,90,699
108900011,1613,109,1504
108900012,763,166,597
108900013,197,220,-23
108900014,19,130,-111
108900015,0,98,-98
108900016,0,102,-102
108900017,84,273,-189
108900018,184,186,-2
108900019,31,191,-160
108900020,98,49,49
108900021,124,70,54
108900022,129,2,127
108900023,2,32,-30
108900024,42,30,12
108900025,655,24,631
108900026,16,36,-20
108900027,3,14,-11
108900028,181,68,113
108900029,50,129,-79
108900030,1,9,-8
108900031,99,73,26
108900032,1,52,-51
108900033,0,49,-49
108900034,0,35,-35
108900035,287,219,68
108900036,151,146,5
108900037,82,95,-13
108900038,0,54,-54
108900039,0,61,-61
108900040,12,38,-26
108900041,3300,3445,-145
108900042,3,352,-349
108900043,33,555,-522
108900044,0,84,-84
108900045,174,49,125
108900046,6,140,-134
108900047,0,69,-69
108900048,37,178,-141
108900049,635,4291,-3656
108900050,2,40,-38
108900051,0,25,-25
108900052,41,48,-7
108900053,91,704,-613
108900054,29,56,-27
108900055,26,203,-177
108900056,1,23,-22
108900057,0,24,-24
108900058,62,70,-8
108900059,1983,66,1917
108900060,115,121,-6
108900061,29,13,16
108900062,0,75,-75
108900063,46,170,-124
108900064,925,14,911
108900065,7,72,-65
108900066,845,53,792
108900067,0,116,-116
108900068,0,123,-123
108900069,160,20,140
108900070,9,21,-12
108900071,256,10,246
108900072,1521,160,1361
108900073,3,41,-38
108900074,779,57,722
108900075,16,13,3
108900076,1043,21,1022
108900077,84,200,-116
108900078,69,26,43
108900079,77,72,5
108900080,4,1585,-1581
108900081,15,88,-73
108900082,106,46,60
108900083,13,428,-415
108900084,132,79,53
108900085,791,48,743
108900086,422,44,378
108900087,42,71,-29
108900088,369,580,-211
108900089,7,95,-88
108900090,95,74,21
108900091,69,75,-6
108900092,567,366,201
108900093,138,45,93
108900094,363,66,297
108900095,22,115,-93
108900096,159,16,143
108900097,238,77,161
108900098,700,3055,-2355
108900099,468,67,401
108900100,72,71,1
108900101,321,747,-426
108900102,6,2093,-2087
108900103,282,142,140
108900104,65,145,-80
108900105,1,3269,-3268
108900106,744,89,655
108900108,420,11,409
108900109,152,41,111
108900110,285,96,189
108900111,701,113,588
108900112,638,13,625
108900113,94,58,36
108900114,2,9,-7
108900115,345,149,196
108900116,177,7,170
108900117,639,13,626
108900118,1528,15,1513
108900119,964,36,928
108900120,395,237,158
108900121,481,82,399
108900122,538,21,517
108900123,615,88,527
108900124,1568,109,1459
108900125,1867,10,1857
108900126,239,83,156
108900127,642,30,612
108900128,648,32,616
108900129,2701,73,2628
108900130,1883,1,1882
108900131,1105,22,1083
108900132,914,52,862
108900133,634,42,592
108900134,988,87,901
108900135,758,26,732
108900136,16,2,14
108900137,601,2,599
108900138,1557,29,1528
108900139,1665,36,1629
108900140,1356,39,1317
108900141,1165,24,1141
108900142,71,20,51
108900143,241,1,240
108900144,244,0,244
108900145,411,11,400
108900146,255,2,253
108900147,863,1,862
108900148,39,3,36
108900149,385,132,253
108900150,258,7,251
108900151,40,6,34
108900152,284,55,229
108900153,449,52,397
108900154,10536,327,10209
108900155,540,52,488
108900156,260,12,248
108900157,6,132,-126
108900158,1396,15,1381
108900159,7,77,-70
108900160,9,75,-66
108900161,1,121,-120
108900162,449,2,447
108900163,12,450,-438
108900164,41,12,29
108900165,60,37,23
108900167,519,19319,-18800
108900168,2434,2265,169
108900169,35,58,-23
108900171,2844,5341,-2497
108900172,201,63,138
108900173,40,142,-102
108900174,1459,284,1175
108900176,105,186,-81
108900177,1777,13667,-11890
108900178,1254,8423,-7169
108900179,258,2071,-1813
108900180,76,173,-97
108900182,109,435,-326
108900183,216,117,99
108900184,328,205,123
108900185,36,150,-114
108900186,101,190,-89
108900187,1499,39,1460
108900188,1773,49,1724
108900189,553,59,494
108900190,23,678,-655
108900191,125,265,-140
108900192,32,169,-137
108900193,10,32,-22
108900194,2,83,-81
108900195,113,65,48
108900196,13,101,-88
108900198,1,179,-178
108900199,211,262,-51
108900200,905,448,457
108900201,188,645,-457
108900203,703,84,619
108900204,645,6,639
108900205,495,29,466
108900206,855,162,693
108900207,516,574,-58
108900208,9,115,-106
108900209,88,223,-135
108900210,96,121,-25
108900211,200,692,-492
108900212,75,2292,-2217
108900215,66,174,-108
108900216,140,548,-408
108900217,70,0,70
108900218,89,7,82
108900219,22,2,20
108900220,40,12,28
108900221,46,76,-30
108900222,317,7,310
108900223,3,92,-89
108900224,31,134,-103
108900225,0,73,-73
108900226,981,42,939
108900227,221,380,-159
108900230,47,96,-49
108900231,6,87,-81
108900232,8,81,-73
108900233,794,186,608
108900234,424,257,167
108900235,136,266,-130
108900236,72,218,-146
108900237,10,28,-18
108900240,227,51,176
108900241,158,38,120
108900245,29,4537,-4508
108900249,196,20,176
108900250,648,55,593
108900257,613,89,524
108900258,0,65,-65
108900259,14,8,6
108900260,21,4,17
108900261,9,44,-35
108900262,94,86,8
108900263,19,161,-142
108900264,103,144,-41
108900265,363,511,-148
108900266,123,2699,-2576
108900267,0,671,-671
108900268,21,76,-55
108900269,331,28,303
108900270,393,24,369
108900271,90,9,81
108900272,707,6,701
108900273,158,505,-347
108900274,97,8,89
109000001,4634,6178,-1544
109000002,607,3752,-3145
109000003,5012,445,4567
109000004,735,2035,-1300
109000005,2804,296,2508
109000006,1233,831,402
109000007,3591,546,3045
109000008,1210,755,455
109000009,5064,757,4307
109000010,963,1312,-349
109000011,8699,1648,7051
109000012,1351,1465,-114
109000013,8221,6906,1315
109000014,1298,1008,290
109000015,4576,18504,-13928
109000016,2294,1258,1036
109000017,5252,869,4383
109000018,1159,1389,-230
109000019,4246,940,3306
109000020,1441,853,588
109000023,176,3,173
109000024,2,195,-193
109000025,133,967,-834
109000026,396,217,179
109000027,107,435,-328
109000028,93,36,57
109000029,40,507,-467
109000030,49,214,-165
109000031,663,47,616
109000032,82,225,-143
109000033,896,92,804
109000034,29,26,3
109000035,1,2,-1
109000036,35,190,-155
109000037,663,5796,-5133
109000038,178,75,103
109000039,1654,908,746
109000040,2518,26520,-24002
109000041,920,4629,-3709
109000042,870,3016,-2146
109000044,881,8,873
109000045,129,195,-66
109000046,808,32,776
109000047,83,211,-128
109000048,394,243,151
109000049,139,366,-227
109000050,400,166,234
109000051,134,85,49
109000052,503,223,280
109000053,948,47,901
109000054,128,170,-42
109000055,786,299,487
109000056,303,232,71
109000057,2043,682,1361
109000058,153,81,72
109000059,61,1019,-958
109000060,86,378,-292
109000061,283,3418,-3135
109000062,193,413,-220
109000063,164,116,48
109000064,1105,46,1059
109000065,748,112,636
109000066,838,44,794
109000067,200,109,91
109000068,680,23,657
109000069,612,34,578
109000070,9,971,-962
109000071,364,54,310
109000072,72,152,-80
109000073,84,42,42
109000074,6,89,-83
109000075,85,113,-28
109000076,70,239,-169
109000077,332,113,219
109000078,123,106,17
109000079,107,24,83
109000080,397,42,355
109000081,222,157,65
109000082,1353,111,1242
109000083,456,131,325
109000088,228,142,86
109000089,520,132,388
109000090,143,140,3
109000091,1003,134,869
109000092,175,106,69
109000093,554,95,459
109000094,2033,32,2001
109000095,383,152,231
109000096,2340,102,2238
109000097,52,20,32
109000098,61,128,-67
109000099,1190,97,1093
109000100,713,190,523
109000101,3285,276,3009
109000102,702,249,453
109000103,1401,300,1101
109000104,5073,124,4949
109000105,908,358,550
109000106,2828,278,2550
109000107,589,539,50
109000108,4168,440,3728
109000109,487,464,23
109000110,1757,360,1397
109000111,497,710,-213
109000112,461,39,422
109000113,286,212,74
109000114,145,172,-27
109000115,705,19,686
109000116,29,281,-252
109000117,438,31,407
109000118,25,211,-186
109000119,3934,65,3869
109000120,927,235,692
109000121,1345,27,1318
109000122,444,259,185
109000123,15,21,-6
109000124,1834,241,1593
109000125,1499,294,1205
109000126,672,396,276
109000127,2417,110,2307
109000128,692,278,414
109000129,6501,329,6172
109000130,333,265,68
109000131,1261,779,482
109000132,307,516,-209
109000133,229,296,-67
109000134,471,505,-34
109000135,393,438,-45
109000136,293,168,125
109000137,492,204,288
109000138,303,117,186
109000139,1080,271,809
109000140,111,171,-60
109000141,862,386,476
109000142,165,265,-100
109000143,173,98,75
109000145,88,155,-67
109000146,3,20,-17
109000148,1616,3144,-1528
109000149,6,53,-47
109000150,22,135,-113
109000155,1594,1059,535
109000156,789,190,599
109000158,69,236,-167
109000159,77,241,-164
109000160,3003,132,2871
109000161,1034,519,515
109000162,3425,220,3205
109000163,2042,591,1451
109000164,2226,944,1282
109000165,2233,366,1867
109000166,2238,69,2169
109000167,141,171,-30
109000170,25,17,8
109000171,185,15,170
109000172,7,31,-24
109000173,1,139,-138
109000174,457,20,437
109000175,20,24,-4
109000176,752,117,635
109000177,25,46,-21
109000178,1028,20,1008
109000179,2041,12611,-10570
109000180,2055,3027,-972
109000181,35,6,29
109000182,100,9,91
109000183,74,4,70
109000184,111,9,102
109000185,43,6,37
109000188,356,2149,-1793
109000189,5652,2363,3289
109000190,1192,237,955
109000191,323,644,-321
109000192,1546,75,1471
109000193,328,63,265
109000194,761,14,747
109000195,393,50,343
109000196,349,35,314
109000197,221,116,105
109000198,442,47,395
109000199,231,176,55
109000206,310,5,305
109000207,365,13,352
109000208,152,196,-44
109000209,271,13,258
109000210,183,196,-13
109000211,873,130,743
109000214,442,88,354
109000215,126,37,89
109000216,467,500,-33
109000217,134,79,55
109000218,250,273,-23
109000221,160,211,-51
109000222,816,100,716
109000223,1128,626,502
109000224,132,33,99
109000225,429,14,415
109000226,99,49,50
109000227,4164,302,3862
109000228,0,365,-365
109000231,4,57,-53
109000232,1915,93,1822
109000236,271,332,-61
109000241,1842,437,1405
109000242,1679,257,1422
109000293,72,82,-10
109000361,128,61,67
109000364,67,321,-254
109000396,14,146,-132
109000397,1553,39,1514
109000399,45,174,-129
109000400,132,123,9
109000403,16,2087,-2071
109000406,1489,39,1450
109000407,170,99,71
109000408,1,186,-185
109000410,797,115,682
109000411,204,0,204
109900001,173,0,173
109900002,1611,10,1601
109900003,1106,19,1087
109900004,104,65,39
109900005,15,2,13
109900006,1085,62,1023
109900007,2917,92,2825
109900008,0,11,-11
109900009,145,254,-109
109900010,1217,31,1186
109900011,23,12,11
109900012,662,223,439
109900013,646,92,554
109900014,193,85,108
109900015,176,27,149
109900016,115,16,99
109900017,286,69,217
109900018,316,36,280
109900019,157,45,112
109900020,131,14,117
109900021,64,5,59
109900022,31,69,-38
109900023,34,1,33
109900024,7,0,7
109900025,7,107,-100
109900026,0,52,-52
109900027,3,41,-38
109900028,452,5032,-4580
109900029,2,103,-101
109900030,61,1,60
109900031,5,1333,-1328
109900032,1,122,-121
109900033,2,198,-196
109900034,9,0,9
109900035,314,241,73
109900036,28,121,-93
109900037,5,158,-153
109900038,105,96,9
109900039,0,1,-1
109900040,39,149,-110
109900041,16,147,-131
109900042,3,574,-571
109900044,57,286,-229
109900045,102,4,98
109900046,102,84,18
109900047,227,146,81
109900048,2,23,-21
109900049,104,16,88
109900050,0,11,-11
109900051,0,0,0
109900052,179,301,-122
109900053,1,43,-42
109900054,2075,108,1967
109900055,374,148,226
109900056,156,252,-96
109900057,1,57,-56
109900058,0,28,-28
109900059,3259,68,3191
109900060,1801,37,1764
109900061,126,135,-9
109900062,0,62,-62
109900063,18,395,-377
109900064,1121,80,1041
109900065,44,44,0
109900066,282,199,83
109900067,0,64,-64
109900068,150,0,150
109900069,4,7,-3
109900070,30,75,-45
109900071,1,4,-3
109900072,7,29,-22
109900073,1474,140,1334
109900074,2,6,-4
109900075,69,55,14
109900076,26,57,-31
109900077,4,15,-11
109900078,132,44,88
109900080,173,67,106
109900081,3,217,-214
109900082,45,102,-57
109900083,2,9,-7
109900084,86,151,-65
109900085,57,133,-76
109900086,97,1699,-1602
109900087,40,244,-204
109900089,1079,108,971
109900090,214,358,-144
109900091,1056,150,906
109900092,421,101,320
109900093,2212,105,2107
109900094,70,27,43
109900095,115,121,-6
109900096,231,4,227
109900097,267,0,267
109900098,1281,100,1181
109900099,1097,7,1090
109900100,151,0,151
109900101,2046,21,2025
109900102,809,12,797
109900103,17,120,-103
109900104,2348,106,2242
109900105,1003,10,993
109900106,532,19,513
109900107,1024,36,988
109900108,167,102,65
109900109,19,73,-54
109900110,23,108,-85
109900111,75,183,-108
109900112,126,148,-22
109900113,1283,428,855
109900114,421,1357,-936
109900115,292,118,174
109900117,3033,53,2980
109900118,137,111,26
109900119,107,171,-64
109900120,35,23,12
109900121,234,79,155
109900122,1858,5,1853
109900123,4,52,-48
109900124,12,101,-89
109900125,0,78,-78
109900126,862,19,843
109900128,851,63,788
109900130,2382,5962,-3580
109900131,3,30,-27
109900132,19,27,-8
109900133,144,84,60
109900134,44,78,-34
109900135,171,41,130
109900136,50,37,13
109900137,369,82,287
109900138,1355,146,1209
109900140,107,20,87
109900141,2492,160,2332
109900142,4774,265,4509
109900145,6,1140,-1134
109900146,94,60,34
109900148,2,56,-54
109900149,7,14,-7
109900150,0,13,-13
109900151,0,5,-5
109900152,0,12,-12
109900153,0,19,-19
109900154,3,0,3
109900155,62,20,42
109900157,83,50,33
109900158,46,32,14
109900159,109,13,96
109900160,191,8,183
109900161,615,25,590
109900162,383,27,356
109900163,257,72,185
109900164,47,130,-83
109900165,440,1,439
109900166,3,78,-75
109900167,170,208,-38
109900168,95,302,-207
109900169,480,65,415
109900170,444,2650,-2206
109900171,571,94,477
109900172,624,656,-32
109900173,1382,3523,-2141
109900174,44,81,-37
109900175,140,267,-127
109900176,168,87,81
109900177,23,92,-69
109900178,0,134,-134
109900179,2,12,-10
109900180,0,12,-12
110000001,563,210,353
110000002,631,437,194
110000003,455,491,-36
110000004,337,434,-97
110000005,204,3414,-3210
110000006,324,298,26
110000007,61,36,25
110000008,14,602,-588
110000009,41,6,35
110000010,52,246,-194
110000011,61,26,35
110000012,414,147,267
110000013,85,666,-581
110000014,469,356,113
110000015,139,730,-591
110000016,355,1699,-1344
110000017,1892,291,1601
110000018,1776,345,1431
110000019,5,48,-43
110000020,1017,499,518
110000021,148,147,1
110000022,2720,85,2635
110000023,3,67,-64
110000024,463,98,365
110000025,2467,2,2465
110000026,2,164,-162
110000027,742,1625,-883
110000028,1641,191,1450
110000029,337,173,164
110000030,535,531,4
110000031,226,147,79
110000032,1731,166,1565
110000033,90,106,-16
110000034,1830,307,1523
110000035,643,300,343
110000036,3007,301,2706
110000037,182,143,39
110000038,406,1253,-847
110000039,1090,12627,-11537
110000040,358,350,8
110000041,384,3638,-3254
110000042,53,257,-204
110000043,1057,389,668
110000044,13,187,-174
110000045,106,84,22
110000046,3,132,-129
110000047,21,32,-11
110000048,0,140,-140
110000049,6,9,-3
110000050,14,144,-130
110000051,14,11,3
110000052,44,20,24
110000053,13,22,-9
110000054,88,589,-501
110000055,162,123,39
110000056,115,79,36
110000057,360,168,192
110000058,815,253,562
110000059,500,349,151
110000060,1766,584,1182
110000061,378,381,-3
110000062,683,608,75
110000063,106,844,-738
110000064,67,11,56
110000065,240,416,-176
110000066,154,28,126
110000067,63,46,17
110000068,534,69,465
110000069,1759,30,1729
110000071,2032,34,1998
110000073,72,1,71
110000075,37,40,-3
110000076,780,876,-96
110000077,313,2609,-2296
110000078,263,4,259
110000080,135,173,-38
110000081,15,295,-280
110000082,11,298,-287
110000083,223,184,39
110000084,1681,998,683
110000085,481,535,-54
110000086,621,2289,-1668
110000087,66,15,51
110000088,227,177,50
110000089,721,27,694
110000090,161,146,15
110000091,594,138,456
110000092,28,59,-31
110000093,19,8,11
110000094,458,96,362
110000095,125,757,-632
110000096,862,3794,-2932
110000097,796,2498,-1702
110000098,1875,388,1487
110000099,1360,1548,-188
110000100,3183,88,3095
110000101,424,110,314
110000102,80,30,50
110000104,363,133,230
110000105,53,195,-142
110000106,329,471,-142
110000107,86,159,-73
110000108,173,254,-81
110000109,109,168,-59
110000110,1074,3440,-2366
110000111,2496,2868,-372
110000112,73,1118,-1045
110000113,64,3919,-3855
110000114,1127,991,136
110000115,1344,141,1203
110000116,140,82,58
110000117,1130,156,974
110000118,1733,108,1625
110000119,1168,149,1019
110000120,601,90,511
110000121,73,695,-622
110000122,222,148,74
110000123,814,271,543
110000124,0,321,-321
110000125,825,4,821
110000126,179,50,129
110000127,1248,70,1178
110000128,21,344,-323
110000129,0,131,-131
110000130,306,198,108
110000131,54,92,-38
110000132,0,170,-170
110000133,18,494,-476
110000134,15,298,-283
110000135,300,9,291
110000136,66,106,-40
110000137,1347,180,1167
110000138,1815,201,1614
110000139,2461,159,2302
110000140,906,536,370
110000143,251,505,-254
110000144,1554,1547,7
110000145,1685,1163,522
110000146,1061,647,414
110000147,327,950,-623
110000148,1146,254,892
110000151,637,933,-296
110000152,352,493,-141
110000153,1159,36,1123
110000154,46,95,-49
110000155,440,1141,-701
110000156,766,716,50
110000157,667,2055,-1388
110000160,353,178,175
110000161,212,119,93
110000166,1700,47,1653
110000167,2772,950,1822
110000168,705,1283,-578
110000169,786,231,555
110000170,242,57,185
110000171,591,66,525
110000172,441,268,173
110000173,428,359,69
110000174,167,226,-59
110000175,2511,81,2430
110000176,29,1307,-1278
110000177,239,3467,-3228
110000178,453,4959,-4506
110000179,739,315,424
110000180,699,312,387
110000181,2125,229,1896
110000182,341,96,245
110000183,4368,11328,-6960
110000184,189,5393,-5204
110000185,508,556,-48
110000186,468,1117,-649
110000191,2242,59,2183
110000192,1471,15,1456
110000193,2107,34,2073
110000194,4,377,-373
110000195,1011,58,953
110000196,1404,62,1342
110000197,189,50,139
110000198,72,33,39
110000199,50,132,-82
110000200,453,385,68
110000201,1385,1398,-13
110000202,1398,357,1041
110000203,264,182,82
110000204,3,55,-52
110000205,816,42,774
110000206,304,283,21
110000207,2750,197,2553
110000208,286,406,-120
110000209,34,250,-216
110000210,1761,279,1482
110000211,1083,408,675
110000212,547,2084,-1537
110000213,699,36,663
110000214,877,67,810
110000215,155,99,56
110000216,195,105,90
110000217,970,76,894
110000218,452,49,403
110000219,956,47,909
110000220,33,63,-30
110000221,1073,23,1050
110000222,47,108,-61
110000223,43,97,-54
110000224,2,13,-11
110000225,204,634,-430
110000226,411,33,378
110000227,496,1209,-713
110000228,402,102,300
110000229,0,79,-79
110000230,563,469,94
110000231,458,1011,-553
110000232,270,53,217
110000233,250,222,28
110000234,383,165,218
110000235,869,803,66
110000236,1181,271,910
110000237,3184,1354,1830
110000238,916,675,241
110000239,2675,521,2154
110000240,0,51,-51
110000242,0,20,-20
110000243,396,69,327
110000244,93,198,-105
110000245,18,175,-157
110000246,2121,210,1911
110000247,1470,1607,-137
110000248,1271,962,309
110000249,376,3,373
110000250,5,49,-44
110000251,622,116,506
110000252,1150,152,998
110000253,3001,304,2697
110000254,1440,301,1139
110000255,246,312,-66
110000256,590,146,444
110000257,395,146,249
110000258,13,231,-218
110000259,717,29,688
110000260,203,62,141
110000263,1076,67,1009
110000264,1404,220,1184
110000265,1374,1339,35
110000266,973,1349,-376
110000267,118,71,47
110000268,285,144,141
110000269,1,26,-25
110000270,120,2,118
110000271,1385,193,1192
110000272,988,721,267
110000273,1020,438,582
110000274,219,5936,-5717
110000275,1244,741,503
110000276,217,1671,-1454
110000277,630,165,465
110000278,579,368,211
110000279,1219,343,876
110000280,1228,282,946
110000281,115,69,46
110000282,132,18,114
110000283,5,106,-101
110000284,4,5,-1
110000285,0,107,-107
110000286,44,0,44
110000287,151,5,146
110000288,1,66,-65
110000289,418,3717,-3299
110000290,179,1368,-1189
110000291,2307,793,1514
110000292,686,13603,-12917
110000293,750,471,279
110000294,2523,3153,-630
110000295,206,386,-180
110000296,1430,307,1123
110000297,4508,210,4298
110000298,64,222,-158
110000299,192,29,163
110000301,774,13,761
110000302,811,539,272
110000303,1193,29,1164
110000304,287,132,155
110000305,2538,45,2493
110000306,744,628,116
110000307,5489,24,5465
110000308,1203,6,1197
110000309,1,336,-335
110000310,1567,47,1520
110000311,8,215,-207
110000312,1059,53,1006
110000313,3478,1615,1863
110000314,4,154,-150
110000315,1162,961,201
110000316,256,747,-491
110000317,140,258,-118
110000318,0,13,-13
110000319,7,28,-21
110000320,46,19,27
110000321,51,69,-18
110000322,222,176,46
110000323,1588,106,1482
110000324,1596,991,605
110000325,1563,8128,-6565
110000327,484,176,308
110000328,69,242,-173
110000333,1916,2271,-355
110000334,280,1031,-751
110000335,990,214,776
110000336,458,863,-405
110000337,2920,578,2342
110000338,531,134,397
110000339,819,120,699
110000340,59,101,-42
110000341,921,254,667
110000342,73,5,68
110000343,0,5,-5
110000344,19,271,-252
110000345,134,337,-203
110000346,1051,2038,-987
110000347,1290,339,951
110000348,7,19,-12
110000349,11,2,9
110000350,160,4,156
110000351,2604,359,2245
110000352,726,2389,-1663
110000353,2455,343,2112
110000354,1060,6306,-5246
110000355,564,60,504
110000356,221,30,191
110000357,1328,14,1314
110000361,231,13,218
110000362,372,32,340
110000363,1693,35,1658
110000364,734,261,473
110000365,182,5,177
110000366,2,110,-108
110000367,972,121,851
110000368,1,53,-52
110000369,92,5,87
110000373,1,317,-316
110000374,99,60,39
110000375,103,995,-892
110000376,32,38,-6
110000377,163,213,-50
110000378,10,534,-524
110000379,1138,3742,-2604
110000380,241,28,213
110000383,0,530,-530
110000384,1507,171,1336
110000385,0,69,-69
110000387,693,5,688
110000388,69,131,-62
110000389,894,5,889
110000391,1591,187,1404
110000396,583,66,517
110000397,77,19,58
110000398,1,14,-13
110000399,353,16,337
110000587,386,87,299
110000589,367,47,320
110000640,247,7,240
110000652,7,325,-318
110000653,638,223,415
110000654,0,190,-190
110000656,0,122,-122
110000674,153,10,143
110000675,38,21,17
110000676,0,5,-5
110000679,73,1005,-932
110000682,171,292,-121
110000683,275,150,125
110000684,0,33,-33
110000685,9,22,-13
110000686,0,222,-222
110000687,4,2,2
110000688,63,1788,-1725
110000689,19,10,9
110000692,12,43,-31
110000693,6,324,-318
110000694,0,64,-64
110000695,104,293,-189
110000696,30,10,20
110900001,857,70,787
110900002,394,189,205
110900003,3765,158,3607
110900004,1196,27,1169
110900005,842,10693,-9851
110900006,152,172,-20
110900007,611,358,253
110900008,7,4,3
110900009,462,1563,-1101
110900010,0,12,-12
110900011,7,27,-20
110900012,18,26,-8
110900013,1984,91,1893
110900014,640,14,626
110900015,145,595,-450
110900016,153,64,89
110900017,1028,26,1002
110900018,795,9,786
110900019,1098,11,1087
110900020,709,75,634
110900021,129,153,-24
110900022,38,38,0
110900023,52,132,-80
110900024,190,94,96
110900025,2,4,-2
110900027,49,40,9
110900028,4,53,-49
110900029,3,48,-45
110900030,45,37,8
110900031,1,100,-99
110900032,0,27,-27
110900033,2,104,-102
110900035,50,448,-398
110900036,189,1,188
110900037,237,1,236
110900038,272,148,124
110900039,3,241,-238
110900040,454,20,434
110900041,4,31,-27
110900042,115,59,56
110900043,11,30,-19
110900044,141,8,133
110900045,250,124,126
110900046,6,52,-46
110900047,137,970,-833
110900049,258,48,210
110900050,64,1,63
110900051,42,41,1
110900052,2,116,-114
110900053,353,45,308
110900054,34,119,-85
110900055,38,3,35
110900056,7,46,-39
110900057,1,32,-31
110900058,657,84,573
110900059,372,112,260
110900060,341,36,305
110900061,2,13,-11
110900062,325,57,268
110900063,20,104,-84
110900064,17,0,17
110900065,60,35,25
110900066,7,43,-36
110900067,131,1062,-931
110900068,166,56,110
110900069,2,2,0
110900070,79,10,69
110900071,108,2634,-2526
110900073,0,2,-2
110900074,1579,149,1430
110900075,1173,51,1122
110900077,3515,325,3190
110900078,515,26,489
110900079,560,635,-75
110900080,384,60,324
110900081,24,13,11
110900082,299,57,242
110900083,250,27,223
110900084,349,15,334
110900085,17,82,-65
110900086,106,332,-226
110900087,672,68,604
110900088,15,0,15
110900090,158,179,-21
110900091,1,28,-27
110900093,310,60,250
110900095,90,34,56
110900097,121,14,107
110900098,24,16,8
110900099,35,112,-77
110900100,0,4,-4
110900102,99,19,80
110900105,504,94,410
110900108,83,16,67
110900111,326,110,216
110900112,595,4,591
110900113,423,260,163
110900115,14,34,-20
110900116,3415,540,2875
110900118,91,6569,-6478
110900119,982,59,923
110900120,479,74,405
110900121,85,3,82
110900122,749,187,562
110900125,353,1609,-1256
110900127,149,1225,-1076
110900128,24,111,-87
110900129,74,1052,-978
110900130,148,154,-6
110900131,625,42,583
110900132,1338,53,1285
110900133,77,68,9
110900135,46,134,-88
110900136,434,33,401
110900137,17,0,17
110900138,321,355,-34
110900139,0,31,-31
110900140,5,1,4
110900141,1,41,-40
110900142,77,41,36
110900143,735,38,697
110900144,1,121,-120
110900145,453,260,193
110900146,62,789,-727
110900147,70,350,-280
110900148,1,110,-109
110900149,2,32,-30
110900150,33,16,17
110900151,6,56,-50
110900152,13,84,-71
110900153,289,28,261
111000001,465,652,-187
111000002,291,529,-238
111000003,3293,1245,2048
111000004,871,940,-69
111000005,2235,2043,192
111000006,921,2039,-1118
111000007,4490,6694,-2204
111000008,3140,5888,-2748
111000009,428,929,-501
111000010,2196,454,1742
111000011,29,779,-750
111000012,321,346,-25
111000013,367,459,-92
111000014,2479,413,2066
111000017,18,728,-710
111000018,102,241,-139
111000020,189,811,-622
111000021,43,51,-8
111000023,91,102,-11
111000025,1820,5838,-4018
111000029,80,51,29
111000030,20,48,-28
111000031,1338,505,833
111000032,729,106,623
111000033,342,29,313
111000034,74,72,2
111000037,781,314,467
111000038,1279,1141,138
111000039,1467,949,518
111000040,1573,691,882
111000041,205,331,-126
111000042,1751,2128,-377
111000043,2414,9541,-7127
111000044,2792,486,2306
111000045,5293,1063,4230
111000046,3715,903,2812
111000047,3758,8272,-4514
111000049,281,182,99
111000050,522,321,201
111000051,493,360,133
111000052,561,574,-13
111000053,240,249,-9
111000054,300,438,-138
111000055,926,946,-20
111000056,216,242,-26
111000057,231,177,54
111000058,1768,48,1720
111000059,977,363,614
111000060,8419,1025,7394
111000061,1246,205,1041
111000062,1885,651,1234
111000063,1423,1094,329
111000064,1594,260,1334
111000065,1811,356,1455
111000066,1347,275,1072
111000067,2439,204,2235
111000068,1589,192,1397
111000069,1037,1265,-228
111000070,165,207,-42
111000071,109,115,-6
111000072,1741,789,952
111000073,182,1362,-1180
111000074,1982,1286,696
111000075,904,325,579
111000076,1026,408,618
111000077,1339,571,768
111000078,1400,258,1142
111000079,768,460,308
111000080,665,455,210
111000081,1093,6806,-5713
111000082,1125,162,963
111000084,1116,312,804
111000085,1250,580,670
111000086,1289,856,433
111000087,693,400,293
111000088,3541,6242,-2701
111000089,737,393,344
111000090,405,628,-223
111000091,735,207,528
111000092,3026,465,2561
111000093,1567,1065,502
111000094,2418,1496,922
111000095,1351,3876,-2525
111000096,674,10336,-9662
111000097,1679,510,1169
111000098,121,415,-294
111000099,271,654,-383
111000100,505,545,-40
111000101,287,381,-94
111000102,390,194,196
111000104,1776,119,1657
111000107,92,222,-130
111000109,1619,190,1429
111000110,2204,350,1854
111000111,6546,144,6402
111000112,3982,400,3582
111000113,570,3679,-3109
111000114,1074,8412,-7338
111000115,2315,724,1591
111000116,933,454,479
111000117,213,467,-254
111000118,815,589,226
111000119,2433,413,2020
111000120,1096,740,356
111000121,295,786,-491
111000122,341,427,-86
111000123,1086,1007,79
111000124,237,1162,-925
111000125,297,523,-226
111000126,43,257,-214
111000127,2322,44,2278
111000128,5597,207,5390
111000129,5776,255,5521
111000130,5799,204,5595
111000131,5759,278,5481
111000132,3428,3216,212
111000133,136,17,119
111000134,137,14,123
111000135,101,88,13
111000136,463,162,301
111000138,79,0,79
111000140,0,2,-2
111000141,203,266,-63
111000142,1,95,-94
111000143,15,122,-107
111000144,3,199,-196
111000145,32,2,30
111000146,230,1,229
111000147,123,24,99
111000148,183,38,145
111000149,0,10,-10
111000150,179,1,178
111000151,0,3,-3
111000153,374,218,156
111000154,355,115,240
111000155,306,51,255
111000156,777,124,653
111000157,461,371,90
111000158,1569,377,1192
111000159,2107,672,1435
111000160,540,84,456
111000161,2,206,-204
111000162,3,62,-59
111000163,1308,775,533
111000164,249,2774,-2525
111000165,507,94,413
111000166,249,94,155
111000167,48,164,-116
111000168,162,178,-16
111000169,402,129,273
111000170,231,151,80
111000171,361,233,128
111000172,215,206,9
111000173,193,352,-159
111000174,621,113,508
111000175,68,275,-207
111000176,1471,38,1433
111000177,2164,102,2062
111000178,2262,106,2156
111000179,803,46,757
111000180,386,240,146
111000181,3480,71,3409
111000182,405,108,297
111000183,182,467,-285
111000184,340,88,252
111000185,299,230,69
111000186,117,347,-230
111000187,268,62,206
111000188,633,174,459
111000189,212,126,86
111000190,311,87,224
111000191,259,150,109
111000192,114,274,-160
111000193,150,84,66
111000194,58,152,-94
111000195,68,214,-146
111000196,66,35,31
111000197,1488,52,1436
111000198,936,30,906
111000199,757,571,186
111000200,1261,846,415
111000201,1867,65,1802
111000202,784,95,689
111000203,693,220,473
111000204,273,1727,-1454
111000213,409,181,228
111000214,1516,541,975
111000215,810,579,231
111000217,2120,373,1747
111000218,2559,444,2115
111000219,177,71,106
111000220,660,698,-38
111000221,179,97,82
111000224,1,165,-164
111000225,484,107,377
111000226,41,1,40
111000227,6,0,6
111000228,4,1049,-1045
111000229,13,2682,-2669
111000230,244,141,103
111000231,992,155,837
111000232,1414,401,1013
111000233,3579,315,3264
111000234,559,677,-118
111000239,70,43,27
111000240,37,725,-688
111000241,99,91,8
111000242,610,58,552
111000243,355,135,220
111000244,1988,23,1965
111000245,682,137,545
111000246,954,62,892
111000247,1206,153,1053
111000248,824,100,724
111000249,805,119,686
111000250,89,46,43
111000251,244,50,194
111000253,35,7,28
111000255,122,1,121
111000257,73,6,67
111000260,49,444,-395
111000261,3308,71,3237
111000271,86,156,-70
111000273,2514,871,1643
111000274,1570,3655,-2085
111000275,122,16,106
111000276,157,498,-341
111000277,252,189,63
111000278,329,55,274
111000291,1715,22209,-20494
111000298,794,175,619
111000299,1048,83,965
111000300,33,192,-159
111000302,588,13,575
111000303,179,91,88
111000312,62,26,36
111000315,1,111,-110
111000320,365,171,194
111000321,653,192,461
111000322,1202,134,1068
111000323,474,82,392
111000324,310,56,254
111000325,34,45,-11
111000326,198,100,98
111000327,286,215,71
111000328,476,472,4
111000329,0,9,-9
111000330,249,4,245
111000331,8,0,8
111000332,384,540,-156
111000334,122,456,-334
111000335,2267,209,2058
111000337,4070,138,3932
111000338,263,30,233
111000339,2038,104,1934
111000340,121,244,-123
111000341,3422,2308,1114
111000342,68,508,-440
111000344,1637,300,1337
111000345,103,67,36
111000346,16,97,-81
111000347,422,19,403
111000350,157,75,82
111000351,78,233,-155
111000352,271,81,190
111000353,172,122,50
111000354,828,121,707
111000355,606,297,309
111000358,148,318,-170
111000360,263,153,110
111000361,322,83,239
111000546,2430,197,2233
111000547,906,140,766
111000548,438,95,343
111000549,599,55,544
111000550,8,1832,-1824
111000551,137,59,78
111000552,540,145,395
111000907,173,97,76
111000908,55,0,55
111000916,5324,180,5144
111000917,96,251,-155
111000918,289,182,107
111000920,1404,12,1392
111000921,1,30,-29
111000922,2229,82,2147
111000924,14,159,-145
111000925,6417,2614,3803
111000926,1299,737,562
111000927,2264,5554,-3290
111000928,2830,1127,1703
111000929,2856,482,2374
111000930,1188,806,382
111000931,2752,882,1870
111000932,1828,909,919
111000933,2707,4061,-1354
111000934,810,868,-58
111000935,3956,1187,2769
111000936,1024,655,369
111000937,1190,1270,-80
111000938,780,421,359
111000939,1841,15,1826
111000940,2403,36,2367
111000941,821,89,732
111000943,1179,102,1077
111000944,215,135,80
111000945,233,363,-130
111001109,559,1561,-1002
111001110,117,215,-98
111001111,378,5,373
111001112,142,46,96
111001113,2,189,-187
111001114,1020,58,962
111001115,11,665,-654
111001116,1752,10722,-8970
111001117,188,4917,-4729
111001120,94,122,-28
111001121,200,80,120
111001122,53,31,22
111900001,177,41,136
111900002,263,145,118
111900003,5,144,-139
111900004,14,46,-32
111900006,73,43,30
111900007,791,3,788
111900008,809,1,808
111900009,797,7,790
111900010,39,175,-136
111900012,25,32,-7
111900013,13,5,8
111900014,1613,12020,-10407
111900015,0,30,-30
111900016,0,31,-31
111900017,0,24,-24
111900018,248,4,244
111900019,1,199,-198
111900020,4,24,-20
111900021,0,14,-14
111900022,10,18,-8
111900023,80,26,54
111900024,1,62,-61
111900025,0,25,-25
111900026,0,17,-17
111900027,0,20,-20
111900028,0,60,-60
111900029,0,15,-15
111900030,5,278,-273
111900031,48,41,7
111900032,28,82,-54
111900033,1,7,-6
111900034,22,214,-192
111900035,101,367,-266
111900036,0,78,-78
111900038,46,212,-166
111900039,30,118,-88
111900040,0,118,-118
111900042,13,19,-6
111900043,0,78,-78
111900044,30,73,-43
111900046,3,47,-44
111900048,1114,442,672
111900049,6,94,-88
111900050,399,17,382
111900051,2,84,-82
111900052,110,61,49
111900053,434,4997,-4563
111900054,771,1,770
111900055,0,70,-70
111900056,35,456,-421
111900057,613,7,606
111900058,1718,357,1361
111900059,835,1765,-930
111900060,659,1,658
111900061,1,71,-70
111900062,157,63,94
111900063,497,98,399
111900064,14,60,-46
111900065,301,9,292
111900066,436,63,373
111900067,0,49,-49
111900068,25,145,-120
111900069,101,21,80
111900070,567,47,520
111900071,0,40,-40
111900072,40,89,-49
111900073,2864,375,2489
111900074,0,75,-75
111900075,17,7,10
111900076,735,120,615
111900077,122,6,116
111900078,1231,65,1166
111900079,53,97,-44
111900080,47,57,-10
111900081,158,97,61
111900082,497,96,401
111900083,651,57,594
111900084,293,18,275
111900085,76,33,43
111900086,267,35,232
111900087,238,1,237
111900088,1764,67,1697
111900089,208,0,208
111900090,99,212,-113
111900091,1683,35,1648
111900092,283,5,278
111900093,1259,31,1228
111900094,315,1,314
111900095,1109,21,1088
111900096,526,4,522
111900097,161,4,157
111900098,1096,36,1060
111900099,129,0,129
111900100,270,4,266
111900101,102,5,97
111900102,1768,918,850
111900103,102,64,38
111900104,190,25,165
111900105,179,450,-271
111900106,400,30,370
111900107,5,25,-20
111900108,147,521,-374
111900109,291,1104,-813
111900110,1611,105,1506
111900111,704,15,689
111900112,137,9203,-9066
111900113,216,24,192
111900114,84,30,54
111900115,14,3,11
111900118,295,91,204
111900119,208,118,90
111900122,10,55,-45
111900123,2,5,-3
111900124,34,17,17
111900125,1252,167,1085
111900126,1599,2,1597
111900127,0,111,-111
111900128,14,138,-124
111900129,738,4,734
111900130,172,85,87
111900131,1163,6,1157
111900132,2,304,-302
111900133,3,113,-110
111900134,1,64,-63
111900135,19,15,4
111900136,51,49,2
111900137,38,5,33
111900138,8,26,-18
111900139,45,39,6
111900140,163,12,151
111900141,231,1,230
111900142,69,4,65
111900143,278,48,230
111900144,30,25,5
111900145,0,141,-141
111900146,1,69,-68
111900147,27,204,-177
111900148,10,169,-159
111900149,5,117,-112
111900150,10,34,-24
111900151,2,23,-21
111900152,40,49,-9
111900153,376,731,-355
111900154,54,1526,-1472
111900155,132,236,-104
111900156,167,64,103
111900157,296,20,276
111900158,1077,110,967
111900159,942,106,836
111900160,810,13,797
111900161,806,3,803
111900162,243,600,-357
111900163,7,43,-36
111900164,83,14,69
111901113,1963,31,1932
111901114,798,304,494
111901115,779,6,773
111901116,92,20,72
111901117,37,169,-132
111901118,14,1489,-1475
111901119,234,11,223
111901120,14,50,-36
111901121,25,58,-33
111901122,11,99,-88
111901123,1050,83,967
111901124,757,36,721
111901125,1929,55,1874
111901126,437,187,250
111901127,479,3840,-3361
111901128,10,62,-52
111901129,1,54,-53
111901130,5,61,-56
111901131,2,192,-190
111901132,130,49,81
111901133,285,2,283
111901134,538,2,536
111901135,56,1,55
111901136,82,18,64
111901137,1,20,-19
111901138,9,13,-4
111901139,0,20,-20
111901140,1,24,-23
111901141,2,53,-51
111901142,1,51,-50
111901143,1,86,-85
111901144,55,17,38
112000001,4423,699,3724
112000002,967,2335,-1368
112000003,6926,943,5983
112000004,2004,269,1735
112000005,5585,5109,476
112000006,623,413,210
112000007,6634,4015,2619
112000008,4681,4376,305
112000009,2927,1066,1861
112000010,5915,5604,311
112000011,1704,988,716
112000012,4708,4859,-151
112000013,1352,1639,-287
112000014,778,3555,-2777
112000015,1080,3082,-2002
112000016,2460,3053,-593
112000017,446,4405,-3959
112000024,395,94,301
112000026,1623,898,725
112000027,929,449,480
112000028,589,809,-220
112000029,1059,803,256
112000030,111,11,100
112000031,1177,3873,-2696
112000032,65,5,60
112000033,1608,4311,-2703
112000034,79,19,60
112000035,28,402,-374
112000036,112,1180,-1068
112000037,672,784,-112
112000038,993,935,58
112000039,184,35,149
112000040,34,112,-78
112000041,168,239,-71
112000042,515,53,462
112000050,1278,501,777
112000051,1284,2424,-1140
112000054,1217,1167,50
112000057,335,94,241
112000058,176,253,-77
112000059,780,465,315
112000061,1876,339,1537
112000062,413,1292,-879
112000063,215,4153,-3938
112000064,1748,1415,333
112000065,547,743,-196
112000066,3533,1080,2453
112000067,401,237,164
112000068,3469,1746,1723
112000069,458,1085,-627
112000070,1781,723,1058
112000071,1359,1307,52
112000072,4343,608,3735
112000073,1260,1698,-438
112000074,1056,838,218
112000075,1532,1289,243
112000076,2955,1601,1354
112000077,1321,486,835
112000078,2697,466,2231
112000079,2840,1203,1637
112000080,1118,382,736
112000081,705,943,-238
112000082,1560,285,1275
112000083,1055,513,542
112000084,1737,283,1454
112000085,1887,266,1621
112000086,3178,512,2666
112000087,1370,86,1284
112000088,1453,145,1308
112000089,356,185,171
112000090,175,124,51
112000091,646,267,379
112000092,3399,444,2955
112000093,1433,288,1145
112000094,846,391,455
112000095,1032,204,828
112000096,982,246,736
112000097,5318,457,4861
112000098,388,299,89
112000099,1375,2711,-1336
112000100,4604,373,4231
112000101,737,194,543
112000102,3329,253,3076
112000103,582,229,353
112000105,548,565,-17
112000106,4266,239,4027
112000107,157,89,68
112000108,1370,514,856
112000109,153,26,127
112000110,3538,516,3022
112000111,342,1007,-665
112000112,3481,195,3286
112000113,902,771,131
112000114,4226,506,3720
112000115,287,219,68
112000116,913,266,647
112000117,1538,418,1120
112000118,383,355,28
112000119,418,274,144
112000120,66,111,-45
112000121,411,170,241
112000122,650,87,563
112000123,1475,60,1415
112000124,927,118,809
112000125,493,313,180
112000126,1691,152,1539
112000127,2042,2108,-66
112000128,721,452,269
112000129,118,30,88
112000130,648,61,587
112000131,97,87,10
112000132,276,98,178
112000133,1049,85,964
112000134,928,168,760
112000135,2139,611,1528
112000136,924,1194,-270
112000137,2262,1380,882
112000138,1541,488,1053
112000139,587,562,25
112000140,148,364,-216
112000141,1760,255,1505
112000142,207,266,-59
112000143,2139,149,1990
112000144,228,514,-286
112000145,4932,352,4580
112000146,773,500,273
112000147,3124,1436,1688
112000148,638,477,161
112000149,876,303,573
112000150,683,146,537
112000151,455,127,328
112000152,1403,182,1221
112000153,178,112,66
112000154,253,705,-452
112000155,192,55,137
112000157,432,923,-491
112000158,348,100,248
112000159,2721,159,2562
112000167,628,339,289
112000169,114,1074,-960
112000173,2449,162,2287
112000175,997,198,799
112000176,644,978,-334
112000177,2087,480,1607
112000178,49,132,-83
112000179,560,188,372
112000180,606,75,531
112000181,849,435,414
112000182,3810,354,3456
112000183,60,6,54
112000184,758,161,597
112000185,2142,176,1966
112000187,4898,2951,1947
112000195,380,28,352
112000196,214,1,213
112000197,86,95,-9
112000198,20,153,-133
112000199,216,358,-142
112000202,1856,84,1772
112000216,28,107,-79
112000230,344,1,343
112000231,1,77,-76
112000256,110,368,-258
112000313,88,27,61
112000314,38,102,-64
112000337,300,555,-255
112000352,170,204,-34
112000392,1833,477,1356
112000398,3028,478,2550
112000399,945,6163,-5218
112000400,854,683,171
112000401,787,585,202
112000402,4673,4145,528
112000403,1658,8427,-6769
112000404,2285,975,1310
112000405,4614,2433,2181
112000406,1949,919,1030
112000407,12201,8539,3662
112000408,3037,1061,1976
112000409,863,1002,-139
112000410,176,327,-151
112000411,988,2059,-1071
112000412,254,203,51
112000413,2847,9828,-6981
112000414,212,40,172
112000415,148,13,135
112000416,4701,759,3942
112000417,266,69,197
112000421,180,24,156
112000422,370,122,248
112000424,866,5148,-4282
112000425,474,227,247
112000426,677,392,285
112000427,0,12,-12
112000428,677,161,516
112000429,1683,1286,397
112000430,2193,3146,-953
112000431,231,164,67
112000432,783,400,383
112000433,148,411,-263
112000437,56,82,-26
112900001,92,2,90
112900002,1309,121,1188
112900003,24,29,-5
112900004,137,63,74
112900005,574,42,532
112900006,16,57,-41
112900007,74,13,61
112900008,0,68,-68
112900009,639,234,405
112900010,530,142,388
112900011,22,114,-92
112900012,2,4,-2
112900013,4,299,-295
112900014,18,39,-21
112900015,68,169,-101
112900016,3,29,-26
112900017,42,126,-84
112900018,1,97,-96
112900019,10,124,-114
112900020,193,345,-152
112900021,1,57,-56
112900022,15,20,-5
112900023,0,40,-40
112900024,2,34,-32
112900025,75,81,-6
112900026,0,33,-33
112900027,3,168,-165
112900028,16,47,-31
112900029,15,67,-52
112900030,105,41,64
112900031,0,186,-186
112900032,306,73,233
112900034,0,35,-35
112900035,1,90,-89
112900036,6,54,-48
112900037,117,193,-76
112900038,1537,49,1488
112900039,5,163,-158
112900040,1,181,-180
112900041,323,1065,-742
112900042,100,91,9
112900043,37,38,-1
112900044,68,100,-32
112900045,105,109,-4
112900046,65,26,39
112900047,3,18,-15
112900049,775,13,762
112900050,32,195,-163
112900051,56,147,-91
112900052,4,269,-265
112900053,54,115,-61
112900054,55,61,-6
112900055,39,10,29
112900056,251,133,118
112900057,130,88,42
112900058,300,403,-103
112900059,102,115,-13
112900060,60,37,23
112900061,50,47,3
112900062,31,47,-16
112900063,7,7,0
112900064,7,35,-28
112900065,35,4,31
112900066,401,538,-137
112900067,224,13,211
112900068,48,144,-96
112900069,550,1383,-833
112900071,51,4,47
112900072,18,7837,-7819
112900073,373,342,31
112900074,254,439,-185
112900075,373,2551,-2178
112900076,22,21,1
112900078,201,819,-618
112900079,486,21,465
112900080,415,0,415
112900081,62,701,-639
112900082,638,17,621
112900083,251,190,61
112900084,429,384,45
112900085,0,1,-1
112900086,143,1,142
112900087,2948,177,2771
112900088,526,5,521
112900089,1955,24,1931
112900090,245,152,93
112900091,700,25,675
112900092,47,1059,-1012
112900093,1577,22,1555
112900094,150,0,150
112900095,272,0,272
112900096,1089,204,885
112900097,139,101,38
112900098,210,2,208
112900099,2285,23,2262
112900100,205,7,198
112900101,640,13,627
112900102,121,98,23
112900103,417,7,410
112900104,97,0,97
112900105,71,0,71
112900106,724,151,573
112900107,8,6,2
112900108,0,2,-2
112900109,339,2,337
112900110,2430,34,2396
112900111,1387,14,1373
112900112,484,0,484
112900113,0,3,-3
112900114,903,6,897
112900115,3840,6,3834
112900116,106,6,100
112900117,142,17,125
112900118,2,20,-18
112900119,370,31,339
112900120,301,131,170
112900121,16,22,-6
112900122,0,42,-42
112900123,285,25,260
112900124,1,24,-23
112900125,3,194,-191
112900126,22,61,-39
112900127,787,18,769
112900128,44,187,-143
112900129,1,253,-252
112900130,273,31,242
112900131,3,102,-99
112900132,46,116,-70
112900133,24,468,-444
112900134,0,174,-174
112900135,131,24,107
112900136,0,63,-63
112900137,0,161,-161
112900138,4,79,-75
112900139,9,510,-501
112900140,2,170,-168
112900141,1184,21,1163
112900142,40,274,-234
112900143,3,222,-219
112900144,4,477,-473
112900145,4,172,-168
112900146,8,144,-136
112900147,1,212,-211
112900148,32,1,31
112900149,181,94,87
112900151,1,19,-18
112900152,1627,186,1441
112900153,230,5337,-5107
112900154,1,22,-21
112900155,98,15,83
112900156,1373,222,1151
112900157,888,1,887
112900158,116,0,116
112900159,168,273,-105
112900160,28,63,-35
112900161,210,14,196
112900162,0,17,-17
112900163,8,62,-54
112900164,13,137,-124
112900165,25,13,12
112900166,28,95,-67
112900167,3,274,-271
112900168,2,0,2
112900169,6,5,1
112900170,166,15,151
112900172,14,24,-10
112900173,70,45,25
112900174,383,28,355
112900175,166,257,-91
112900176,21,43,-22
112900177,237,56,181
112900178,318,4679,-4361
112900179,4,191,-187
112900180,2776,773,2003
112900181,1763,6,1757
112900182,13,224,-211
112900183,25,196,-171
112900184,172,232,-60
112900185,73,252,-179
112900186,572,666,-94
112900187,79,231,-152
112900188,440,2223,-1783
112900189,35,1,34
112900190,10,2,8
112900192,573,339,234
112900193,1022,170,852
112900194,92,3,89
112900195,807,38,769
112900196,294,167,127
112900197,91,235,-144
112900199,1271,168,1103
112900200,798,93,705
112900201,212,221,-9
112900202,863,315,548
112900203,688,84,604
112900204,323,125,198
112900205,17,0,17
112900206,32,9,23
112900207,10,0,10
112900208,31,490,-459
112900209,40,105,-65
112900210,0,8,-8
112900211,81,2,79
112900212,12,7,5
112900213,35,2,33
112900214,2,5,-3
112900215,8,16,-8
112900216,18,9,9
112900217,11,15,-4
112900218,143,0,143
112900219,254,10,244
112900220,1,0,1
112900221,30,47,-17
112900222,1,76,-75
112900223,1076,35,1041
112900224,2037,96,1941
112900225,1034,142,892
112900226,61,137,-76
112900227,1981,514,1467
112900228,134,29,105
112900229,757,15,742
112900230,6800,3039,3761
112900232,333,425,-92
112900233,104,48,56
112900234,117,2,115
112900235,5,0,5
112900236,1426,14,1412
112900237,934,61,873
112900238,22,0,22
113000001,5820,3818,2002
113000002,7180,3259,3921
113000003,1968,1345,623
113000004,2744,1529,1215
113000005,2386,1108,1278
113000006,2501,1037,1464
113000007,3038,861,2177
113000008,3157,924,2233
113000009,1860,463,1397
113000010,2485,653,1832
113000011,782,765,17
113000012,1533,1009,524
113000013,398,456,-58
113000014,618,945,-327
113000015,92,124,-32
113000016,218,587,-369
113000017,117,329,-212
113000018,687,59,628
113000019,341,160,181
113000020,203,43,160
113000021,3082,808,2274
113000022,1281,2202,-921
113000025,82,413,-331
113000026,965,584,381
113000027,1096,779,317
113000028,825,1227,-402
113000029,630,346,284
113000030,79,457,-378
113000031,190,187,3
113000032,163,110,53
113000033,262,205,57
113000034,124,42,82
113000035,43,4,39
113000036,63,50,13
113000037,26,20,6
113000038,21,66,-45
113000039,26,203,-177
113000040,31,27,4
113000042,1128,633,495
113000051,2270,3078,-808
113000052,2433,328,2105
113000053,1009,226,783
113000054,1097,1005,92
113000055,2951,323,2628
113000056,3133,658,2475
113000058,324,768,-444
113000059,970,230,740
113000060,447,633,-186
113000061,667,951,-284
113000062,279,327,-48
113000063,689,23,666
113000064,194,219,-25
113000065,154,244,-90
113000066,1780,119,1661
113000067,4919,447,4472
113000068,691,301,390
113000069,770,304,466
113000070,3661,353,3308
113000071,861,433,428
113000072,1877,167,1710
113000073,505,754,-249
113000074,902,469,433
113000075,1976,670,1306
113000076,366,1702,-1336
113000077,472,454,18
113000078,286,1396,-1110
113000079,292,491,-199
113000080,463,418,45
113000081,994,844,150
113000082,760,407,353
113000083,777,813,-36
113000084,1218,926,292
113000085,1306,596,710
113000086,752,842,-90
113000087,1542,1148,394
113000088,1108,1065,43
113000089,934,1208,-274
113000090,88,897,-809
113000091,87,255,-168
113000094,2258,127,2131
113000095,324,317,7
113000096,99,383,-284
113000097,1206,320,886
113000098,85,42,43
113000099,1358,371,987
113000100,120,204,-84
113000101,78,319,-241
113000102,814,429,385
113000103,3215,311,2904
113000104,950,2650,-1700
113000105,1296,378,918
113000106,776,155,621
113000107,1722,870,852
113000108,1096,465,631
113000109,346,1045,-699
113000110,7095,796,6299
113000111,319,411,-92
113000112,856,323,533
113000113,2482,220,2262
113000114,141,665,-524
113000116,325,149,176
113000117,458,94,364
113000118,30,930,-900
113000119,455,253,202
113000120,98,470,-372
113000121,418,584,-166
113000124,315,81,234
113000125,8,1693,-1685
113000127,810,50,760
113000128,1536,245,1291
113000129,370,1008,-638
113000133,1631,307,1324
113000134,3,2274,-2271
113000135,4638,4422,216
113000137,867,2844,-1977
113000139,222,161,61
113000140,51,78,-27
113000141,124,33,91
113000142,124,150,-26
113000143,414,93,321
113000144,151,119,32
113000145,212,81,131
113000146,84,21,63
113000147,233,47,186
113000148,643,98,545
113000149,329,254,75
113000150,521,163,358
113000151,9,38,-29
113000152,53,242,-189
113000153,856,225,631
113000154,410,2529,-2119
113000155,510,972,-462
113000156,193,148,45
113000157,193,156,37
113000158,688,55,633
113000159,1404,93,1311
113000160,307,262,45
113000161,290,121,169
113000162,1235,91,1144
113000163,136,8,128
113000164,2,25,-23
113000166,492,9,483
113000167,81,18,63
113000168,142,77,65
113000169,393,11,382
113000170,116,18,98
113000171,62,65,-3
113000172,545,15,530
113000173,56,27,29
113000174,156,81,75
113000175,1003,38,965
113000176,1010,46,964
113000177,204,49,155
113000178,88,62,26
113000179,476,33,443
113000180,1085,1439,-354
113000181,1991,922,1069
113000182,117,524,-407
113000183,147,891,-744
113000184,3,49,-46
113000189,322,273,49
113000190,240,123,117
113000192,528,3252,-2724
113000193,1537,2273,-736
113000194,942,2664,-1722
113000195,1977,1971,6
113000196,1130,133,997
113000197,1821,3191,-1370
113000198,93,325,-232
113000199,2628,321,2307
113000201,1022,355,667
113000202,9125,2330,6795
113000203,179,726,-547
113000204,340,3336,-2996
113000205,2,0,2
113000206,4,28,-24
113000207,105,8,97
113000208,46,46,0
113000209,4,4,0
113000210,19,20,-1
113000211,45,107,-62
113000212,17,12,5
113000213,22,69,-47
113000214,193,236,-43
113000234,140,174,-34
113000410,28,167,-139
113000411,1046,1055,-9
113000412,5199,956,4243
113000413,1188,1379,-191
113000414,3633,13604,-9971
113000415,2054,902,1152
113000416,1408,1743,-335
113000417,685,1068,-383
113000418,5039,3066,1973
113000419,1708,1365,343
113000420,3070,5383,-2313
113000421,4717,6366,-1649
113000422,6704,9651,-2947
113000423,980,3145,-2165
113000424,1238,8948,-7710
113000425,1,51,-50
113000428,3,3,0
113000430,8,79,-71
113000432,4664,217,4447
113000433,24,474,-450
113000434,29,121,-92
113000435,29,117,-88
113000436,3,450,-447
113000437,2526,9,2517
113000438,903,5,898
113000439,37,29,8
113000440,239,7,232
113000441,258,126,132
113000442,339,31,308
113000443,628,116,512
113000444,1030,32,998
113000445,118,76,42
113000446,61,172,-111
113000448,264,640,-376
113000449,55,1204,-1149
113000450,743,4889,-4146
113000451,3277,822,2455
113000452,63,781,-718
113000453,13,613,-600
113000454,158,90,68
113000455,1,764,-763
113000456,882,1652,-770
113000468,593,66,527
113000469,67,386,-319
113000470,357,10,347
113000471,9,444,-435
113000472,107,147,-40
113000474,1625,697,928
113000475,1441,633,808
113000476,3908,1835,2073
113000477,5877,1492,4385
113000478,2763,1942,821
113000479,164,81,83
113000480,262,260,2
113000482,0,0,0
113000483,0,0,0
113000485,0,0,0
113000486,0,0,0
113000487,0,0,0
113000488,0,0,0
113000489,0,0,0
113000490,0,0,0
113000491,0,0,0
113000492,0,0,0
113000493,0,0,0
113000495,229,56,173
113000496,109,117,-8
113000497,0,0,0
113000500,0,0,0
113900001,9,2117,-2108
113900002,24,63,-39
113900003,1,126,-125
113900004,3,243,-240
113900005,7,641,-634
113900006,1,60,-59
113900007,14,202,-188
113900008,14,4,10
113900009,39,0,39
113900010,31,0,31
113900011,405,0,405
113900012,133,3,130
113900013,71,2,69
113900014,1004,2,1002
113900015,0,9,-9
113900016,29,0,29
113900017,0,25,-25
113900018,81,146,-65
113900019,414,12,402
113900020,638,1,637
113900022,124,6,118
113900023,72,0,72
113900024,4,14,-10
113900025,221,20,201
113900026,139,0,139
113900027,13,21,-8
113900028,27,146,-119
113900029,80,28,52
113900030,930,2,928
113900031,98,4,94
113900032,92,0,92
113900033,73,7,66
113900035,78,0,78
113900036,76,33,43
113900037,138,581,-443
113900038,13,226,-213
113900039,565,13,552
113900040,6,15,-9
113900041,84,1,83
113900042,87,11,76
113900043,130,9,121
113900044,26,181,-155
113900045,74,0,74
113900046,78,329,-251
113900047,317,25,292
113900048,185,143,42
113900049,65,521,-456
113900050,121,106,15
113900051,348,28,320
113900052,49,34,15
113900053,263,1379,-1116
113900054,9,0,9
113900055,96,161,-65
113900056,208,11,197
113900057,9,37,-28
113900058,172,14,158
113900059,395,77,318
113900060,92,167,-75
113900061,418,44,374
113900062,129,45,84
113900063,291,30,261
113900064,3,26,-23
113900065,901,31,870
113900066,1205,49,1156
113900067,755,174,581
113900068,210,1286,-1076
113900069,21,23,-2
113900070,74,93,-19
113900071,231,14,217
113900072,17,17,0
113900073,705,108,597
113900074,560,416,144
113900075,395,2888,-2493
113900076,145,3,142
113900077,45,90,-45
113900078,94,13,81
113900079,0,16,-16
113900080,499,79,420
113900081,222,35,187
113900082,433,250,183
113900083,1109,108,1001
113900084,279,47,232
113900085,14,98,-84
113900086,135,28,107
113900087,116,395,-279
113900088,99,61,38
113900089,618,18,600
113900090,302,177,125
113900091,3,28,-25
113900092,18,24,-6
113900093,35,2253,-2218
113900094,1208,196,1012
113900095,206,120,86
113900096,498,206,292
113900097,20,65,-45
113900098,1362,373,989
113900099,2,15,-13
113900100,0,0,0
113900101,1,60,-59
113900102,48,76,-28
113900103,117,557,-440
113900104,108,101,7
113900105,525,22,503
113900106,0,10,-10
113900107,0,5,-5
113900108,36,180,-144
113900109,157,247,-90
113900110,35,11,24
113900111,278,29,249
113900112,406,46,360
113900113,1673,197,1476
113900114,4,38,-34
113900115,0,4,-4
113900116,7,240,-233
113900117,28,5,23
113900118,125,1498,-1373
113900119,42,170,-128
113900120,161,26,135
113900121,241,36,205
113900122,146,6379,-6233
113900123,646,65,581
113900124,2,50,-48
113900125,599,85,514
113900126,5,12,-7
113900127,234,673,-439
113900128,305,55,250
113900129,0,68,-68
113900130,1,61,-60
113900131,301,26,275
113900132,23,65,-42
113900133,29,22,7
113900135,260,76,184
113900136,37,29,8
113900137,335,163,172
113900138,7,127,-120
113900139,294,335,-41
113900140,50,121,-71
113900141,979,165,814
113900142,109,27,82
113900143,22,96,-74
113900144,34,73,-39
113900145,257,23,234
113900146,373,26,347
113900148,29,88,-59
113900149,210,213,-3
113900150,318,144,174
113900151,650,66,584
113900152,23,38,-15
113900153,78,147,-69
113900154,1,70,-69
113900155,44,224,-180
113900156,186,152,34
113900157,50,392,-342
113900158,108,147,-39
113900159,4,169,-165
113900160,225,224,1
113900161,152,278,-126
113900162,88,173,-85
113900163,429,50,379
113900164,545,22,523
113900165,325,125,200
113900166,10,26,-16
113900167,611,11,600
113900168,13,49,-36
113900169,125,180,-55
113900171,435,36,399
113900172,13,57,-44
113900173,12,148,-136
113900174,299,275,24
113900175,238,76,162
113900176,143,141,2
113900177,159,63,96
113900178,337,99,238
113900179,4,223,-219
113900180,69,17,52
113900181,1507,84,1423
113900182,628,199,429
113900183,56,5,51
113900184,11,178,-167
113900185,35,12,23
113900186,24,12,12
113900187,16,54,-38
113900188,1,50,-49
113900189,380,150,230
113900190,81,26,55
113900191,34,32,2
113900192,5,1172,-1167
113900193,2,42,-40
113900194,584,171,413
113900195,95,150,-55
113900196,0,59,-59
113900197,0,52,-52
113900198,1,147,-146
113900199,15,144,-129
113900200,2,32,-30
113900201,1,42,-41
113900202,31,27,4
113900203,1,31,-30
113900204,7,145,-138
113900205,2,33,-31
113900206,1,83,-82
113900207,0,89,-89
113900208,2,4,-2
113900209,0,12,-12
113900210,371,779,-408
113900211,240,22,218
113900212,503,119,384
113900214,117,132,-15
113900215,202,23,179
113900216,216,196,20
113900217,162,101,61
113900218,73,44,29
113900219,119,224,-105
113900220,197,175,22
113900221,160,1073,-913
113900222,28,641,-613
113900223,595,140,455
113900224,31,30,1
113900225,630,61,569
113900226,213,114,99
113900227,130,195,-65
113900228,105,445,-340
113900229,20,1127,-1107
113900230,1136,3193,-2057
113900231,27,30,-3
113900232,93,9,84
113900233,190,20,170
113900234,440,415,25
113900235,75,11,64
113900236,647,71,576
113900237,334,37,297
113900238,67,362,-295
113900239,61,104,-43
113900240,6,188,-182
113900241,26,72,-46
113900242,28,78,-50
113900243,4,98,-94
113900244,71,44,27
113900245,183,117,66
113900246,12,40,-28
113900247,30,770,-740
113900248,1222,2577,-1355
113900249,249,944,-695
113900250,45,525,-480
113900251,1537,40,1497
113900252,1164,27,1137
113900253,762,21,741
113900254,570,133,437
113900255,1560,6,1554
113900256,843,22,821
113900257,6,215,-209
113900258,18,154,-136
113900259,886,59,827
113900260,420,31,389
113900261,48,41,7
113900262,225,122,103
113900263,4,116,-112
113900264,0,118,-118
113900265,83,173,-90
113900266,44,106,-62
113900267,83,281,-198
113900268,92,353,-261
113900269,64,260,-196
113900270,82,240,-158
113900271,631,257,374
113900273,7,3,4
113900274,98,35,63
113900275,5,34,-29
113900276,1,72,-71
113900277,512,0,512
113900278,62,97,-35
113900279,56,57,-1
113900280,427,348,79
113900281,74,798,-724
113900282,123,170,-47
113900283,285,357,-72
113900284,1804,111,1693
113900285,132,18,114
113900286,195,56,139
113900287,206,23,183
113900288,1,81,-80
113900289,245,193,52
113900290,354,898,-544
113900291,14,48,-34
113900292,0,9,-9
113900293,0,88,-88
113900294,1324,15,1309
113900295,481,91,390
113900296,730,189,541
113900297,2790,8,2782
113900298,7,711,-704
113900299,215,17,198
113900300,2395,6193,-3798
113900301,224,1328,-1104
113900302,1471,1000,471
113900303,135,1567,-1432
113900304,0,149,-149
113900305,317,0,317
113900306,186,0,186
113900307,1,0,1
113900308,13,52,-39
113900309,0,215,-215
113900310,0,0,0
113900311,15,0,15
113900312,31,123,-92
113900313,5,1,4
114000001,1221,942,279
114000002,516,197,319
114000003,334,141,193
114000004,333,65,268
114000005,1147,126,1021
114000006,1417,542,875
114000007,1468,516,952
114000008,2772,1346,1426
114000009,2804,243,2561
114000011,3798,1147,2651
114000012,6284,910,5374
114000013,3693,691,3002
114000014,967,58,909
114000015,3793,175,3618
114000016,612,45,567
114000017,114,374,-260
114000018,79,17,62
114000026,6323,592,5731
114000027,8741,2484,6257
114000028,2186,3868,-1682
114000038,718,120,598
114000039,100,7,93
114000040,228,865,-637
114000042,199,153,46
114000043,49,24,25
114000044,928,29,899
114000045,60,28,32
114000046,1466,3526,-2060
114000047,12,100,-88
114000048,230,24,206
114000049,3442,922,2520
114000050,2623,847,1776
114000051,4557,1742,2815
114000052,4597,3858,739
114000053,53,974,-921
114000054,299,743,-444
114000055,720,191,529
114000056,130,513,-383
114000057,2510,1200,1310
114000058,38,1003,-965
114000059,15,2488,-2473
114000060,875,535,340
114000061,2176,2770,-594
114000062,365,936,-571
114000063,776,953,-177
114000064,1172,4790,-3618
114000065,999,1134,-135
114000066,1019,636,383
114000067,70,2757,-2687
114000068,383,1278,-895
114000069,1947,311,1636
114000070,2342,1029,1313
114000071,1720,345,1375
114000072,2361,246,2115
114000073,23,14,9
114000074,126,8,118
114000075,111,51,60
114000076,58,36,22
114000077,7,7,0
114000078,811,330,481
114000079,597,129,468
114000080,94,76,18
114000081,116,76,40
114000082,153,124,29
114000083,110,60,50
114000084,458,183,275
114000085,82,106,-24
114000086,401,282,119
114000087,609,16,593
114000088,86,32,54
114000089,317,155,162
114000090,914,781,133
114000091,1153,740,413
114000092,1012,475,537
114000093,2412,474,1938
114000094,875,289,586
114000095,206,332,-126
114000096,78,155,-77
114000097,129,186,-57
114000098,1622,93,1529
114000099,2021,66,1955
114000100,3802,287,3515
114000101,572,216,356
114000102,2054,165,1889
114000103,142,76,66
114000104,25,110,-85
114000105,612,130,482
114000106,816,4929,-4113
114000107,1171,258,913
114000108,404,337,67
114000109,1001,3038,-2037
114000110,728,380,348
114000111,4522,1522,3000
114000112,442,407,35
114000113,1535,158,1377
114000114,349,471,-122
114000115,2899,522,2377
114000116,1022,7621,-6599
114000117,7566,830,6736
114000118,7183,428,6755
114000119,6681,474,6207
114000120,927,566,361
114000121,288,313,-25
114000122,582,186,396
114000123,5035,246,4789
114000124,3372,352,3020
114000125,1025,1005,20
114000126,3328,418,2910
114000127,273,84,189
114000128,1643,172,1471
114000130,753,365,388
114000131,867,90,777
114000132,1270,164,1106
114000133,859,552,307
114000134,60,1,59
114000138,15,65,-50
114000139,662,435,227
114000144,967,497,470
114000145,58,17,41
114000146,113,29,84
114000147,1064,4365,-3301
114000148,720,2556,-1836
114000149,393,343,50
114000150,222,304,-82
114000151,382,3371,-2989
114000152,93,36,57
114000153,480,1401,-921
114000154,800,241,559
114000155,796,5056,-4260
114000156,820,604,216
114000157,488,1815,-1327
114000158,502,457,45
114000159,192,175,17
114000160,93,216,-123
114000161,833,1215,-382
114000162,1354,1710,-356
114000163,23,20,3
114000165,536,319,217
114000166,338,268,70
114000167,1961,1439,522
114000168,373,137,236
114000169,859,984,-125
114000170,1128,782,346
114000171,2325,19559,-17234
114000174,70,498,-428
114000176,138,438,-300
114000177,507,212,295
114000178,238,66,172
114000179,744,833,-89
114000180,165,203,-38
114000181,1172,9961,-8789
114000182,590,1922,-1332
114000183,634,602,32
114000184,1654,272,1382
114000185,1648,695,953
114000189,3322,190,3132
114000190,6466,456,6010
114000191,252,984,-732
114000192,131,356,-225
114000193,107,569,-462
114000194,2242,728,1514
114000195,652,823,-171
114000196,2,71,-69
114000197,3863,44,3819
114000198,530,199,331
114000199,978,1689,-711
114000200,673,531,142
114000201,219,385,-166
114000202,1154,541,613
114000203,873,372,501
114000204,295,225,70
114000205,433,1578,-1145
114000206,1155,540,615
114000207,263,391,-128
114000208,483,498,-15
114000209,337,884,-547
114000210,210,447,-237
114000211,2146,855,1291
114000212,1436,1300,136
114000213,3094,333,2761
114000214,245,50,195
114000215,271,80,191
114000216,3776,396,3380
114000217,875,143,732
114000218,973,69,904
114000219,1983,171,1812
114000220,61,447,-386
114000221,2258,158,2100
114000222,208,367,-159
114000223,1251,118,1133
114000224,38,294,-256
114000225,768,197,571
114000226,409,111,298
114000227,1239,460,779
114000228,1297,332,965
114000229,2859,679,2180
114000230,2147,497,1650
114000231,1469,838,631
114000232,1997,127,1870
114000233,4422,84,4338
114000234,1534,482,1052
114000235,2994,800,2194
114000236,0,178,-178
114000237,183,456,-273
114000238,140,350,-210
114000239,147,480,-333
114000240,1307,1181,126
114000241,417,510,-93
114000242,853,517,336
114000243,3193,1081,2112
114000244,473,190,283
114000245,590,996,-406
114000246,137,62,75
114000247,637,280,357
114000248,2941,586,2355
114000249,1164,280,884
114000250,1266,146,1120
114000251,481,100,381
114000252,62,18,44
114000253,38,53,-15
114000254,62,5,57
114000255,592,1558,-966
114000256,382,747,-365
114000257,580,709,-129
114000258,1573,165,1408
114000259,385,254,131
114000260,0,26,-26
114000261,75,38,37
114000262,806,118,688
114000263,7,5,2
114000264,3858,333,3525
114000265,0,9,-9
114000267,3,2556,-2553
114000268,1,388,-387
114000270,338,7,331
114000271,273,66,207
114000283,2879,323,2556
114000285,24,84,-60
114000288,97,364,-267
114000289,3415,156,3259
114000293,555,298,257
114000294,256,495,-239
114000395,2415,55,2360
114000396,958,241,717
114000402,1975,112,1863
114000403,740,103,637
114000405,661,136,525
114000423,1075,148,927
114000424,1045,109,936
114000425,2597,83,2514
114000426,520,1030,-510
114000427,129,31,98
114000428,33,131,-98
114000429,9,56,-47
114000432,197,19,178
114000434,19,45,-26
114900001,1241,181,1060
114900002,432,231,201
114900003,1367,246,1121
114900004,242,674,-432
114900005,701,153,548
114900006,133,119,14
114900007,252,6,246
114900008,776,75,701
114900010,925,2545,-1620
114900011,876,85,791
114900013,648,51,597
114900015,52,953,-901
114900018,1711,31,1680
114900020,111,58,53
114900021,290,78,212
114900022,29,664,-635
114900024,149,141,8
114900025,1045,105,940
114900026,114,185,-71
114900027,237,132,105
114900029,56,8,48
114900030,554,149,405
114900031,1169,5,1164
114900032,1236,12,1224
114900033,355,3465,-3110
114900034,15,46,-31
114900035,85,128,-43
114900036,294,140,154
114900037,272,65,207
114900038,520,144,376
114900039,1265,131,1134
114900040,223,11,212
114900041,2505,91,2414
114900042,2804,211,2593
114900043,199,110,89
114900044,326,131,195
114900045,104,63,41
114900046,16,20,-4
114900047,188,7558,-7370
114900048,14,90,-76
114900049,7,67,-60
114900050,79,60,19
114900051,35,55,-20
114900052,25,385,-360
114900053,66,222,-156
114900054,35,23,12
114900057,133,12,121
114900058,1,23,-22
114900059,374,74,300
114900060,161,363,-202
114900061,63,31,32
114900062,71,172,-101
114900063,141,30,111
114900064,3578,165,3413
114900065,446,1037,-591
114900067,32,169,-137
114900068,12,126,-114
114900069,173,10,163
114900070,903,88,815
114900072,0,128,-128
114900073,1,26,-25
114900074,2714,96,2618
114900075,275,3,272
114900076,0,101,-101
114900080,553,85,468
114900082,1486,2856,-1370
114900083,101,488,-387
114900084,823,79,744
114900090,1187,143,1044
114900091,88,110,-22
114900095,144,44,100
114900096,32,241,-209
114900097,347,3,344
114900098,0,69,-69
114900099,532,28,504
115000001,3587,1651,1936
115000002,5475,9262,-3787
115000003,3575,1311,2264
115000004,6905,7510,-605
115000005,1657,2248,-591
115000006,2197,1114,1083
115000007,221,171,50
115000008,357,227,130
115000009,281,324,-43
115000010,257,205,52
115000013,17,216,-199
115000015,63,230,-167
115000016,140,121,19
115000019,48,768,-720
115000020,78,1866,-1788
115000021,92,361,-269
115000022,101,183,-82
115000023,404,641,-237
115000024,407,129,278
115000025,1019,604,415
115000026,230,111,119
115000027,509,292,217
115000028,379,156,223
115000029,1716,84,1632
115000030,816,318,498
115000031,821,207,614
115000032,16,122,-106
115000033,278,8,270
115000034,23,1896,-1873
115000035,673,170,503
115000036,1,206,-205
115000037,1049,166,883
115000038,133,113,20
115000039,1952,5505,-3553
115000040,3351,2758,593
115000041,1668,5572,-3904
115000042,397,646,-249
115000043,3758,2774,984
115000044,2616,2560,56
115000045,3248,653,2595
115000046,4316,2078,2238
115000047,4178,1012,3166
115000048,3756,1921,1835
115000049,1411,2869,-1458
115000050,3650,919,2731
115000051,1881,7270,-5389
115000052,1037,923,114
115000053,3483,3773,-290
115000054,959,668,291
115000055,259,925,-666
115000056,133,238,-105
115000057,464,1228,-764
115000058,69,739,-670
115000059,59,398,-339
115000061,111,184,-73
115000062,465,552,-87
115000063,789,234,555
115000064,172,53,119
115000065,190,747,-557
115000067,179,20,159
115000069,52,250,-198
115000070,37,1468,-1431
115000071,156,92,64
115000072,22,56,-34
115000073,2262,156,2106
115000075,82,87,-5
115000076,1946,894,1052
115000077,2899,883,2016
115000078,2999,454,2545
115000079,2442,731,1711
115000080,6336,802,5534
115000081,195,221,-26
115000082,8432,5650,2782
115000083,3740,588,3152
115000084,4786,391,4395
115000085,2303,627,1676
115000086,1614,391,1223
115000087,367,2205,-1838
115000088,1393,415,978
115000089,1205,650,555
115000090,545,838,-293
115000091,278,287,-9
115000092,975,1437,-462
115000093,1563,1,1562
115000094,4502,13416,-8914
115000095,2891,12538,-9647
115000096,1453,462,991
115000097,3705,2709,996
115000098,3421,467,2954
115000099,3540,823,2717
115000100,3090,479,2611
115000101,1132,558,574
115000102,874,144,730
115000103,318,357,-39
115000105,125,27,98
115000106,1692,744,948
115000107,173,215,-42
115000108,1395,1172,223
115000109,2817,8622,-5805
115000110,1055,3690,-2635
115000111,274,419,-145
115000112,671,484,187
115000113,404,311,93
115000114,556,245,311
115000116,1863,1398,465
115000117,1315,2225,-910
115000118,2005,1130,875
115000119,1268,1713,-445
115000120,587,841,-254
115000121,246,341,-95
115000122,392,2219,-1827
115000123,691,1133,-442
115000124,971,1003,-32
115000125,341,618,-277
115000126,127,273,-146
115000127,561,174,387
115000128,498,1203,-705
115000129,97,1298,-1201
115000130,429,349,80
115000131,1177,368,809
115000132,996,448,548
115000133,1707,285,1422
115000134,515,400,115
115000135,228,273,-45
115000136,305,203,102
115000137,69,185,-116
115000138,711,296,415
115000139,184,73,111
115000140,593,126,467
115000141,199,71,128
115000142,200,49,151
115000143,1401,429,972
115000144,706,79,627
115000145,230,90,140
115000146,637,446,191
115000147,422,448,-26
115000148,395,490,-95
115000149,1060,298,762
115000150,705,233,472
115000151,2316,225,2091
115000152,1148,349,799
115000153,2880,252,2628
115000154,1767,186,1581
115000155,1196,758,438
115000156,1026,666,360
115000157,408,553,-145
115000158,378,325,53
115000159,448,391,57
115000160,531,489,42
115000161,873,609,264
115000162,418,1789,-1371
115000163,362,271,91
115000164,302,309,-7
115000165,198,622,-424
115000167,102,47,55
115000168,751,455,296
115000169,223,613,-390
115000170,21,152,-131
115000171,235,256,-21
115000172,732,627,105
115000173,202,2151,-1949
115000174,49,479,-430
115000175,100,119,-19
115000176,55,159,-104
115000177,21,263,-242
115000178,3,200,-197
115000179,16,184,-168
115000180,270,145,125
115000181,1807,112,1695
115000182,2106,254,1852
115000183,909,319,590
115000186,549,100,449
115000187,327,152,175
115000188,514,290,224
115000189,488,607,-119
115000190,670,1057,-387
115000191,307,1250,-943
115000194,169,63,106
115000195,135,132,3
115000196,780,99,681
115000197,528,106,422
115000198,1236,81,1155
115000199,1232,80,1152
115000200,892,57,835
115000201,642,155,487
115000206,896,58,838
115000207,1384,235,1149
115000208,253,354,-101
115000209,1021,732,289
115000210,447,178,269
115000211,232,183,49
115000212,827,276,551
115000218,8,179,-171
115000219,8,47,-39
115000224,235,17,218
115000225,140,68,72
115000229,65,35,30
115000230,99,168,-69
115000231,552,490,62
115000232,5414,392,5022
115000233,111,91,20
115000234,39,143,-104
115000241,131,40,91
115000242,416,25,391
115000243,266,33,233
115000244,2,123,-121
115000246,45,26,19
115000247,16,24,-8
115000248,36,5,31
115000249,25,16,9
115000250,292,11,281
115000251,661,56,605
115000252,203,274,-71
115000253,8,778,-770
115000258,478,61,417
115000259,154,30,124
115000261,81,4,77
115000262,12,52,-40
115000263,25,54,-29
115000264,5,25,-20
115000267,21,22,-1
115000268,19,34,-15
115000269,96,15,81
115000270,7,55,-48
115000272,88,59,29
115000273,1127,12,1115
115000274,892,29,863
115000280,895,430,465
115000281,200,1133,-933
115000282,651,2641,-1990
115000284,49,277,-228
115000296,316,0,316
115000297,68,320,-252
115000298,62,893,-831
115000300,450,66,384
115000302,794,100,694
115000303,1720,24,1696
115000304,1846,149,1697
115000305,132,201,-69
115000306,646,132,514
115000307,383,163,220
115000308,14,68,-54
115000310,4115,267,3848
115000311,2329,542,1787
115000313,167,93,74
115000314,584,446,138
115000315,339,1173,-834
115000316,105,293,-188
115000317,392,243,149
115000318,1738,564,1174
115000319,244,68,176
115000320,42,531,-489
115000321,767,17,750
115000322,70,75,-5
115000449,151,207,-56
115000557,14,4946,-4932
115000558,47,77,-30
115000587,1375,230,1145
115000588,1809,2147,-338
115000589,5936,2313,3623
115000590,934,1211,-277
115000591,2227,837,1390
115000592,728,1125,-397
115000593,2478,650,1828
115000594,297,1596,-1299
115000609,185,61,124
115000617,343,3927,-3584
115000624,478,13,465
115000633,729,1622,-893
115000634,3338,649,2689
115000635,968,106,862
115000638,154,322,-168
115000641,86,404,-318
115000642,468,126,342
115000643,192,155,37
115000644,174,188,-14
115000646,596,1237,-641
115000647,165,330,-165
115000648,6071,522,5549
115000893,1368,551,817
115000894,221,517,-296
115000895,428,606,-178
115000896,1190,428,762
115000897,392,46,346
115000898,420,302,118
115000899,141,1617,-1476
115000900,16,303,-287
115000901,65,211,-146
115000912,452,144,308
115000913,4,14,-10
115000915,5,0,5
115000916,1,1,0
115000917,0,42,-42
115000918,35,1409,-1374
115000919,5,60,-55
115000920,15,59,-44
115000921,242,132,110
115000922,228,580,-352
115000923,24,1288,-1264
115000925,133,173,-40
115000927,26,107,-81
115000933,19,95,-76
115900001,526,13,513
115900002,68,80,-12
115900003,355,97,258
115900004,0,8,-8
115900005,583,52,531
115900006,171,136,35
115900008,380,0,380
115900009,34,70,-36
115900010,1342,73,1269
115900011,494,63,431
115900012,553,4,549
115900013,849,90,759
115900014,239,34,205
115900015,413,11,402
115900016,181,29,152
115900017,294,85,209
115900018,124,18,106
115900019,186,8,178
115900020,777,8,769
115900021,425,1813,-1388
115900022,412,9,403
115900023,2,6,-4
115900025,23,116,-93
115900026,520,41,479
115900027,0,113,-113
115900028,110,13,97
115900029,17,79,-62
115900030,57,14,43
115900031,61,289,-228
115900032,236,724,-488
115900033,0,56,-56
115900034,8,100,-92
115900035,103,9,94
115900036,19,4764,-4745
115900037,25,98,-73
115900038,47,7,40
115900039,285,91,194
115900041,159,1574,-1415
115900042,68,4,64
115900043,172,25,147
115900044,159,1253,-1094
115900046,1556,53,1503
115900047,58,276,-218
115900049,270,65,205
115900051,4,32,-28
115900052,27,51,-24
115900053,641,50,591
115900054,728,14,714
115900055,34,36,-2
115900056,493,93,400
115900057,2,13,-11
115900058,4,18,-14
115900060,93,44,49
115900061,568,7,561
115900062,320,26,294
115900063,8,0,8
115900064,194,174,20
115900065,245,55,190
115900066,38,19,19
115900067,40,61,-21
115900068,791,2734,-1943
115900069,23,210,-187
115900070,539,23,516
115900071,0,67,-67
115900072,34,63,-29
115900073,378,175,203
115900074,0,47,-47
115900075,41,78,-37
115900076,0,25,-25
115900077,3,51,-48
115900078,18,41,-23
115900079,976,18,958
115900080,47,61,-14
115900081,29,14,15
115900082,161,227,-66
115900084,1498,14,1484
115900085,49,54,-5
115900086,681,295,386
115900088,0,186,-186
115900089,835,188,647
115900090,1586,7,1579
115900091,39,9,30
115900092,36,40,-4
115900093,2,18,-16
115900094,3,55,-52
115900096,10,18,-8
115900097,6,81,-75
115900098,685,110,575
115900099,231,39,192
115900100,18,173,-155
115900101,420,93,327
115900102,213,37,176
115900103,273,59,214
115900104,121,35,86
115900105,544,78,466
115900106,270,2,268
115900107,167,24,143
115900108,462,0,462
115900109,5,205,-200
115900110,28,0,28
115900111,0,28,-28
115900112,21,272,-251
115900113,77,11,66
115900114,2,46,-44
115900115,245,49,196
115900116,155,397,-242
115900117,269,3,266
115900118,4,93,-89
115900119,426,48,378
115900120,34,110,-76
115900121,530,44,486
115900124,146,1222,-1076
115900125,815,91,724
115900126,2091,18,2073
115900127,1961,36,1925
115900128,1,99,-98
115900129,760,13,747
115900130,10,331,-321
115900131,934,87,847
115900132,1237,8,1229
115900134,741,15,726
115900135,313,605,-292
115900137,14,1,13
115900139,42,245,-203
115900140,1117,36,1081
115900141,8,118,-110
115900142,3,29,-26
115900143,374,72,302
115900144,304,80,224
115900146,35,17,18
115900147,227,507,-280
115900148,21,32,-11
115900149,441,8,433
115900150,270,14,256
115900151,129,57,72
115900152,472,106,366
115900153,198,102,96
115900154,176,234,-58
115900155,0,8,-8
115900156,722,609,113
115900157,614,477,137
115900158,36,0,36
115900159,691,69,622
115900160,0,1,-1
115900161,19,17,2
115900163,609,33,576
115900164,2159,6,2153
115900165,5,743,-738
115900166,69,71,-2
115900168,778,70,708
115900171,209,71,138
115900172,69,86,-17
115900173,407,128,279
115900174,89,121,-32
115900175,543,92,451
115900178,49,104,-55
115900179,895,11,884
115900180,67,40,27
115900181,511,64,447
115900182,1424,76,1348
115900183,46,476,-430
115900184,365,15,350
115900187,5,243,-238
115900189,0,209,-209
115900190,214,1002,-788
115900191,5,146,-141
115900192,36,144,-108
115900193,85,132,-47
115900194,1936,35,1901
115900195,353,5963,-5610
115900198,315,83,232
115900199,570,64,506
115900200,348,62,286
115900201,143,213,-70
115900202,7,620,-613
115900203,0,0,0
115900204,0,14,-14
115900205,3,3,0
115900206,1142,65,1077
115900207,83,4,79
115900208,197,38,159
115900209,25,89,-64
115900210,0,318,-318
115900211,0,111,-111
115900212,593,93,500
115900213,53,326,-273
115900214,1145,46,1099
115900215,35,296,-261
115900216,3,11,-8
115900217,8,3,5
115900218,0,9,-9
115900219,440,7,433
115900220,618,7,611
115900221,331,6,325
115900222,164,71,93
115900223,4,711,-707
115900224,344,3695,-3351
115900225,51,77,-26
115900226,0,26,-26
115900227,4,13,-9
115900228,0,28,-28
115900229,1,3,-2
115900230,15,34,-19
115900231,258,0,258
115900232,198,0,198
115900233,351,0,351
115900234,85,25,60
115900235,64,13,51
115900236,57,44,13
115900237,46,23,23
115900238,32,19,13
115900239,10,26,-16
115900240,4,31,-27
115900241,709,15,694
115900242,188,993,-805
115900243,91,26,65
115900244,120,17,103
115900245,11,6,5
115900246,1,5,-4
115900247,0,14,-14
115900248,2,0,2
115900249,14,3,11
115900250,83,7,76
115900251,35,0,35
115900252,22,0,22
115900253,39,23,16
115900254,10,48,-38
115900255,2,35,-33
115900256,2,126,-124
115900257,1,1,0
115900258,0,0,0
115900259,38,0,38
115900260,7,1,6
115900261,26,0,26
115900262,8,0,8
115900263,8,0,8
115900264,66,0,66
115900265,31,1,30
115900266,5,2,3
115900267,1,22,-21
115900268,2,92,-90
115900269,2141,59,2082
115900270,336,23,313
116000001,4249,1320,2929
116000002,6379,24303,-17924
116000003,762,731,31
116000004,6076,9073,-2997
116000005,660,2397,-1737
116000006,3037,5827,-2790
116000007,1506,1217,289
116000008,7633,2979,4654
116000009,863,779,84
116000010,4728,1459,3269
116000011,589,656,-67
116000012,2916,859,2057
116000013,3604,1983,1621
116000014,8995,34665,-25670
116000015,149,3293,-3144
116000016,3793,9602,-5809
116000017,58,765,-707
116000018,336,304,32
116000019,2581,160,2421
116000020,392,996,-604
116000021,2330,155,2175
116000022,743,368,375
116000023,3868,1791,2077
116000024,654,685,-31
116000025,1401,756,645
116000026,1349,2968,-1619
116000027,733,1034,-301
116000028,640,938,-298
116000029,340,223,117
116000030,1071,511,560
116000031,53,78,-25
116000032,211,48,163
116000033,679,141,538
116000034,476,337,139
116000035,343,301,42
116000036,290,2275,-1985
116000037,160,821,-661
116000038,144,903,-759
116000039,228,885,-657
116000040,594,998,-404
116000041,118,556,-438
116000042,1609,955,654
116000043,281,772,-491
116000045,1520,1904,-384
116000046,993,1345,-352
116000047,1851,2480,-629
116000048,3269,1448,1821
116000049,2006,1991,15
116000050,1408,1024,384
116000051,3305,2388,917
116000052,3192,2080,1112
116000053,3027,675,2352
116000054,1093,2255,-1162
116000055,921,1044,-123
116000056,2221,1216,1005
116000057,2264,916,1348
116000058,4305,3044,1261
116000059,2434,5217,-2783
116000060,2368,1383,985
116000061,125,1564,-1439
116000062,911,256,655
116000063,843,2275,-1432
116000066,673,902,-229
116000067,265,337,-72
116000068,216,324,-108
116000069,382,194,188
116000078,765,761,4
116000080,1489,355,1134
116000082,5,9,-4
116000083,2978,201,2777
116000084,1134,1201,-67
116000085,1636,2084,-448
116000086,872,233,639
116000087,4336,1606,2730
116000088,1582,598,984
116000089,278,80,198
116000090,411,160,251
116000091,328,430,-102
116000093,1003,251,752
116000094,1698,202,1496
116000095,1208,301,907
116000096,3921,4994,-1073
116000097,1906,548,1358
116000098,46,19022,-18976
116000099,4249,207,4042
116000100,501,48,453
116000101,3372,249,3123
116000102,43,66,-23
116000103,538,760,-222
116000104,305,526,-221
116000105,2852,238,2614
116000106,866,453,413
116000107,5051,279,4772
116000108,73,281,-208
116000111,290,36,254
116000113,264,43,221
116000114,20,74,-54
116000115,484,153,331
116000116,330,116,214
116000117,2240,1094,1146
116000118,2664,701,1963
116000119,5728,1222,4506
116000120,2705,1776,929
116000121,2101,287,1814
116000122,914,410,504
116000123,2808,272,2536
116000124,805,214,591
116000125,5485,298,5187
116000126,621,296,325
116000127,1133,405,728
116000128,4113,606,3507
116000129,2786,89,2697
116000130,1620,828,792
116000133,4347,490,3857
116000134,1813,497,1316
116000135,5105,661,4444
116000136,1081,929,152
116000137,1693,653,1040
116000138,1260,405,855
116000139,2817,3397,-580
116000140,404,340,64
116000141,1560,466,1094
116000142,3969,2198,1771
116000143,2902,1970,932
116000144,3081,1477,1604
116000145,4572,815,3757
116000146,1944,148,1796
116000147,486,254,232
116000148,2038,1557,481
116000149,785,321,464
116000151,934,608,326
116000153,219,650,-431
116000155,240,627,-387
116000156,1505,490,1015
116000157,4,0,4
116000158,451,174,277
116000159,0,1,-1
116000160,147,32,115
116000161,3,108,-105
116000162,40,508,-468
116000163,177,10,167
116000164,30,28,2
116000177,106,168,-62
116000194,87,316,-229
116000195,2649,626,2023
116000196,210,34,176
116000197,222,69,153
116000198,2242,1091,1151
116000200,873,1452,-579
116000201,533,306,227
116000202,12,131,-119
116000203,0,18,-18
116000204,3,5,-2
116000205,0,42,-42
116000206,0,44,-44
116000207,14,16,-2
116000233,131,191,-60
116000287,593,102,491
116000288,877,204,673
116000292,260,230,30
116000296,3,253,-250
116000297,133,29,104
116000304,474,14,460
116000305,3,470,-467
116000346,742,157,585
116000352,298,87,211
116000354,88,39,49
116000357,17,29,-12
116000358,1006,400,606
116000361,22,0,22
116000372,2863,10718,-7855
116000381,551,3,548
116000388,5,31,-26
116000389,1087,143,944
116000445,2693,269,2424
116000446,1223,89,1134
116000447,36,779,-743
116000448,446,37,409
116000563,571,817,-246
116000565,180,219,-39
116000568,61,1001,-940
116000579,54,258,-204
116000584,106,4,102
116000585,173,68,105
116000586,50,146,-96
116000587,435,151,284
116000589,72,41,31
116000590,300,59,241
116000591,405,81,324
116000592,8,60,-52
116000593,0,27,-27
116000594,3147,158,2989
116000595,1486,33,1453
116000596,547,6,541
116000597,1273,541,732
116000598,36,176,-140
116000602,23,1672,-1649
116000605,127,48,79
116000606,81,216,-135
116000607,1,66,-65
116000609,69,2353,-2284
116000611,406,127,279
116000612,2715,2573,142
116000613,1306,235,1071
116000614,899,129,770
116000615,36,536,-500
116000616,214,46,168
116000617,382,2,380
116000618,11,29,-18
116000619,38,225,-187
116000620,817,272,545
116000621,111,74,37
116000622,171,69,102
116000624,124,32,92
116900001,246,101,145
116900002,334,0,334
116900003,163,3,160
116900004,67,270,-203
116900005,658,30,628
116900006,104,73,31
116900007,115,162,-47
116900008,1831,150,1681
116900009,17,43,-26
116900010,19,277,-258
116900011,10,22,-12
116900012,183,200,-17
116900013,9,107,-98
116900014,488,42,446
116900015,1440,72,1368
116900016,521,13,508
116900017,0,173,-173
116900018,224,156,68
116900019,3,109,-106
116900020,481,2562,-2081
116900023,53,10,43
116900024,2013,46,1967
116900025,3129,442,2687
116900026,39,257,-218
116900027,268,30,238
116900028,0,23,-23
116900029,2,253,-251
116900031,2,13,-11
116900032,1,71,-70
116900033,34,7,27
116900034,6,14,-8
116900035,217,64,153
116900036,10,90,-80
116900038,16,4,12
116900041,483,5,478
116900042,102,130,-28
116900043,35,35,0
116900045,210,85,125
116900047,28,692,-664
116900049,16,119,-103
116900050,65,129,-64
116900051,780,71,709
116900052,337,86,251
116900055,1,52,-51
116900057,15,91,-76
116900058,5,139,-134
116900059,2,18,-16
116900060,190,294,-104
116900062,0,10,-10
116900064,89,87,2
116900065,10,51,-41
116900067,208,31,177
116900068,174,95,79
116900070,15,2,13
116900072,67,60,7
116900073,22,39,-17
116900074,2,43,-41
116900076,17,4,13
116900077,2,54,-52
116900078,119,34,85
116900079,105,58,47
116900080,0,19,-19
116900081,173,293,-120
116900082,113,1232,-1119
116900083,1,7,-6
116900084,51,15,36
116900085,4,57,-53
116900086,4,169,-165
116900088,360,8,352
116900090,11,10,1
116900091,1197,23,1174
116900092,137,161,-24
116900093,2754,1920,834
116900094,4511,10758,-6247
116900095,509,128,381
116900096,222,840,-618
116900097,978,7516,-6538
116900098,128,159,-31
116900099,110,464,-354
116900100,2468,255,2213
116900101,165,598,-433
116900103,25,0,25
116900104,4,161,-157
116900105,778,409,369
116900106,6933,90,6843
116900107,891,6059,-5168
116900110,32,0,32
116900111,1727,452,1275
116900112,573,291,282
116900113,1129,1983,-854
116900116,41,636,-595
116900117,519,212,307
116900118,845,1552,-707
116900120,1136,102,1034
116900121,563,19,544
116900122,3136,179,2957
116900123,1377,260,1117
116900124,111,209,-98
116900125,1270,52,1218
116900126,110,1839,-1729
116900128,0,7,-7
116900129,0,148,-148
116900130,848,9594,-8746
116900131,39,425,-386
116900132,206,140,66
116900133,704,115,589
116900134,531,151,380
116900136,233,90,143
116900137,237,44,193
116900138,165,29,136
116900139,59,115,-56
116900140,127,39,88
116900141,268,62,206
116900142,14,82,-68
116900143,690,212,478
116900144,172,32,140
116900145,101,169,-68
116900147,103,1298,-1195
116900148,11,6,5
116900149,62,213,-151
116900150,29,1,28
116900151,318,89,229
116900153,243,176,67
116900154,293,824,-531
116900155,142,130,12
116900157,1881,72,1809
116900158,209,384,-175
116900159,69,522,-453
116900160,1474,807,667
116900161,3348,18243,-14895
116900162,25,107,-82
116900163,758,68,690
116900164,237,66,171
116900165,1156,433,723
116900166,263,133,130
116900167,1123,28,1095
116900168,1322,14,1308
116900169,148,984,-836
116900170,1108,396,712
116900171,104,128,-24
116900172,136,1141,-1005
116900173,1247,5,1242
116900174,137,161,-24
116900175,862,428,434
116900178,113,78,35
116900179,79,806,-727
116900180,160,3,157
116900182,1403,163,1240
116900183,387,168,219
116900185,33,18,15
116900186,215,74,141
116900187,101,117,-16
116900188,366,6,360
116900189,59,0,59
116900191,172,116,56
116900192,899,199,700
116900194,135,2243,-2108
116900195,76,3,73
116900196,28,53,-25
116900197,384,23,361
116900198,50,1576,-1526
116900200,206,6,200
116900201,882,10,872
116900202,42,33,9
116900203,422,11,411
116900204,47,430,-383
116900206,63,1,62
116900207,11,31,-20
116900208,1,83,-82
116900209,9,17,-8
116900210,581,256,325
116900211,351,9,342
116900212,366,2,364
116900213,234,68,166
116900214,643,183,460
116900215,42,46,-4
116900216,420,111,309
116900218,8,209,-201
116900219,546,113,433
116900220,122,154,-32
116900221,293,326,-33
116900222,393,182,211
116900223,59,68,-9
116900226,631,19,612
116900227,537,24,513
116900228,818,89,729
116900230,111,73,38
116900231,180,133,47
116900232,47,149,-102
116900233,881,79,802
116900234,82,7,75
116900235,189,148,41
116900238,382,143,239
116900239,3,2008,-2005
116900240,2425,6270,-3845
116900241,380,243,137
116900242,286,2118,-1832
116900243,1,43,-42
116900245,61,97,-36
116900246,274,4,270
116900247,1965,47,1918
116900248,142,26,116
116900249,1586,34,1552
116900250,917,145,772
116900251,287,3023,-2736
116900252,602,363,239
116900253,279,47,232
116900254,95,180,-85
116900255,241,283,-42
116900256,1190,311,879
116900257,49,58,-9
116900258,1,27,-26
116900259,488,8,480
116900260,1,18,-17
116900261,54,2,52
116900262,112,57,55
116900263,0,32,-32
116900264,3,25,-22
116900265,209,0,209
116900266,31,13,18
116900267,17,0,17
116900268,51,640,-589
116900269,371,1158,-787
116900271,487,1439,-952
116900272,362,333,29
116900273,30,214,-184
116900274,218,23,195
116900275,564,86,478
116900276,252,810,-558
116900277,261,181,80
116900278,1,2,-1
116900279,23,8,15
116900280,172,4,168
116900281,2686,13455,-10769
116900282,0,50,-50
116900283,2,21,-19
116900284,10,62,-52
116900285,48,722,-674
116900286,99,9,90
116900287,2,31,-29
116900288,317,24,293
116900289,105,13,92
116900290,37,8,29
116900291,49,18,31
116900292,1,38,-37
116900293,268,2,266
116900294,3,51,-48
116900295,110,85,25
116900296,37,95,-58
116900297,2,31,-29
116900298,28,35,-7
116900299,1,66,-65
116900300,0,96,-96
116900301,25,193,-168
116900302,378,712,-334
116900303,208,282,-74
116900304,2,307,-305
116900305,3,57,-54
116900306,582,107,475
117000001,4267,4892,-625
117000002,2109,3318,-1209
117000003,7347,2521,4826
117000004,1982,3776,-1794
117000005,5151,2253,2898
117000006,1151,1750,-599
117000007,9901,1192,8709
117000008,1280,1929,-649
117000009,5831,1760,4071
117000010,1163,1381,-218
117000011,5719,1086,4633
117000012,2521,681,1840
117000013,4068,869,3199
117000014,1946,2651,-705
117000015,4991,2171,2820
117000016,415,400,15
117000017,85,360,-275
117000018,193,1994,-1801
117000019,78,1,77
117000020,528,5126,-4598
117000021,1324,444,880
117000022,175,598,-423
117000023,82,502,-420
117000024,211,891,-680
117000025,233,3531,-3298
117000026,2549,4065,-1516
117000027,449,1454,-1005
117000028,589,1573,-984
117000030,96,108,-12
117000032,1321,1195,126
117000033,2370,2084,286
117000034,193,40,153
117000036,243,62,181
117000038,329,226,103
117000039,26,109,-83
117000040,25,469,-444
117000041,2901,67,2834
117000044,8,297,-289
117000045,1919,805,1114
117000046,238,913,-675
117000047,745,1160,-415
117000048,1221,785,436
117000049,91,1347,-1256
117000050,1254,1410,-156
117000051,4756,93,4663
117000052,184,155,29
117000053,2850,14,2836
117000054,3070,4,3066
117000055,2,607,-605
117000056,882,51,831
117000057,398,846,-448
117000060,496,853,-357
117000061,3890,2338,1552
117000062,212,633,-421
117000063,2171,839,1332
117000064,450,487,-37
117000066,354,618,-264
117000067,86,819,-733
117000074,20,165,-145
117000076,68,23,45
117000077,308,133,175
117000078,81,413,-332
117000079,508,202,306
117000080,1,437,-436
117000081,694,101,593
117000082,38,170,-132
117000083,58,21,37
117000084,137,0,137
117000085,797,1239,-442
117000086,833,240,593
117000087,162,581,-419
117000088,673,154,519
117000089,5136,175,4961
117000090,670,414,256
117000091,2669,156,2513
117000092,513,511,2
117000093,4029,234,3795
117000094,1048,586,462
117000095,5836,271,5565
117000096,850,654,196
117000097,4467,663,3804
117000098,1584,1221,363
117000099,8364,773,7591
117000100,407,374,33
117000101,112,399,-287
117000102,3223,341,2882
117000103,277,681,-404
117000104,3375,372,3003
117000105,451,797,-346
117000106,3649,313,3336
117000107,550,779,-229
117000108,4396,780,3616
117000109,627,1269,-642
117000110,2681,2602,79
117000111,5115,3683,1432
117000112,6608,971,5637
117000113,130,60,70
117000114,615,62,553
117000115,78,56,22
117000116,450,163,287
117000117,1973,1306,667
117000118,700,580,120
117000119,169,596,-427
117000120,26,768,-742
117000121,12,1162,-1150
117000122,839,1599,-760
117000123,2860,81,2779
117000124,54,364,-310
117000125,60,662,-602
117000126,40,97,-57
117000127,197,814,-617
117000128,64,1324,-1260
117000129,44,322,-278
117000130,42,11,31
117000131,0,107,-107
117000132,9736,25,9711
117000133,7254,93,7161
117000134,0,72,-72
117000135,2,263,-261
117000136,0,21,-21
117000137,562,161,401
117000138,12,1008,-996
117000140,488,531,-43
117000141,2987,220,2767
117000181,244,133,111
117000182,2897,3413,-516
117000195,168,249,-81
117000196,735,320,415
117000225,66,428,-362
117000226,6,333,-327
117000276,1074,59,1015
117000277,0,118,-118
117000310,1179,3905,-2726
117000315,221,1123,-902
117000320,65,0,65
117000906,1251,32,1219
117000907,28,89,-61
117000908,0,236,-236
117000909,132,152,-20
117000910,286,114,172
117000911,26,105,-79
117000915,1,93,-92
117000916,103,13,90
117000917,2696,181,2515
117000918,336,95,241
117000919,1,31,-30
117000920,2,751,-749
117000921,0,381,-381
117000922,6,60,-54
117000924,2708,556,2152
117000926,640,246,394
117000927,272,769,-497
117000928,0,151,-151
117000929,752,112,640
117000930,1493,11,1482
117000931,141,88,53
117900002,54,1213,-1159
117900003,32,120,-88
117900005,11,339,-328
117900006,0,29,-29
117900007,277,68,209
117900008,0,16,-16
117900010,959,91,868
117900011,21,757,-736
117900012,248,74,174
117900013,0,194,-194
117900014,1252,113,1139
117900015,33,93,-60
117900016,944,1913,-969
117900017,1819,236,1583
117900018,640,542,98
117900019,1980,192,1788
117900020,61,175,-114
117900021,48,149,-101
117900022,25,14,11
117900023,3383,155,3228
117900024,240,189,51
117900025,7,2,5
117900026,944,275,669
117900028,178,15,163
117900029,974,339,635
117900030,264,791,-527
117900031,706,569,137
117900032,1690,670,1020
117900033,1190,341,849
117900034,19,41,-22
117900035,468,230,238
117900036,697,189,508
117900037,493,40,453
117900038,41,62,-21
117900039,0,22,-22
117900040,202,72,130
117900041,0,17,-17
117900042,2176,744,1432
117900043,0,14,-14
117900044,25,7751,-7726
117900045,550,123,427
117900048,843,128,715
117900049,532,307,225
117900050,26,420,-394
117900051,62,82,-20
117900052,110,998,-888
117900053,3559,120,3439
117900054,0,3,-3
117900055,1457,422,1035
117900056,30,51,-21
117900057,1293,542,751
117900058,98,1061,-963
117900059,211,278,-67
117900060,4827,1299,3528
117900061,8,517,-509
117900063,1132,247,885
117900065,171,629,-458
117900066,2,262,-260
117900067,1954,149,1805
117900069,2384,111,2273
117900070,11,498,-487
117900071,409,133,276
117900073,2062,69,1993
117900074,25,671,-646
117900075,343,150,193
117900076,13,161,-148
117900077,1560,84,1476
117900078,898,600,298
117900080,489,71,418
117900081,229,166,63
117900082,1520,213,1307
117900083,1896,555,1341
117900086,450,185,265
117900087,355,18,337
117900088,598,896,-298
117900089,4906,455,4451
117900090,1564,871,693
117900091,248,36,212
117900092,344,63,281
117900093,411,30,381
117900094,156,50,106
117900095,1138,344,794
117900096,408,604,-196
117900097,320,77,243
117900098,180,45,135
117900099,715,553,162
117900100,1855,12,1843
117900101,1297,3631,-2334
117900102,165,27,138
117900103,155,25,130
117900104,9,504,-495
117900105,55,135,-80
117900106,194,15,179
117900107,232,4,228
117900109,3352,990,2362
117900110,672,1,671
117900111,2724,253,2471
117900112,299,10,289
117900113,1076,3568,-2492
117900114,77,0,77
117900115,21,238,-217
117900116,351,278,73
117900117,1886,247,1639
117900118,508,1,507
117900119,685,12,673
117900120,1721,13,1708
117900121,204,49,155
117900122,1195,10994,-9799
117900123,1610,705,905
117900124,235,401,-166
117900125,2496,920,1576
117900126,48,179,-131
117900127,914,519,395
117900128,713,430,283
117900129,453,2,451
117900130,1549,229,1320
117900131,5,67,-62
117900132,3,27,-24
117900133,9,39,-30
117900134,81,300,-219
117900135,23,78,-55
117900136,0,3,-3
117900137,19,131,-112
117900138,0,7,-7
117900139,42,88,-46
117900140,5089,849,4240
117900141,45,298,-253
117900142,22,571,-549
117900144,17,763,-746
117900145,14,562,-548
117900146,53,670,-617
117900147,192,221,-29
117900148,3225,5396,-2171
117900149,70,69,1
117900150,177,75,102
117900151,100,218,-118
117900152,81,128,-47
117900153,10,302,-292
117900154,1200,513,687
117900156,313,233,80
117900157,126,279,-153
117900158,670,51,619
117900160,1967,882,1085
117900161,664,547,117
117900162,1157,458,699
117900163,59,1291,-1232
117900165,0,4,-4
117900166,3,225,-222
117900168,61,117,-56
117900169,0,31,-31
117900170,0,12,-12
117900171,8,13,-5
117900172,6,3,3
117900173,45,34,11
117900174,40,7,33
117900175,15,22,-7
117900176,39,15,24
117900177,44,19,25
117900178,41,21,20
117900180,148,32,116
117900181,35,1068,-1033
117900182,0,175,-175
117900183,376,205,171
117900184,65,36,29
117900185,88,15,73
117900186,179,30,149
117900187,76,3,73
117900188,195,26,169
117900189,139,6,133
117900190,10,0,10
117900191,146,0,146
117900192,287,0,287
117900193,19,35,-16
117900194,4,2,2
117900195,11,38,-27
117900196,39,22,17
117900207,68,140,-72
117900208,32,50,-18
117900209,140,96,44
117900210,83,32,51
117900211,2,33,-31
117900212,247,89,158
117900213,61,13,48
117900214,32,4,28
117900216,2,20,-18
117900217,108,176,-68
117900218,175,338,-163
117900219,2,306,-304
117900220,0,252,-252
117900221,0,44,-44
118000001,745,2064,-1319
118000002,609,1156,-547
118000003,2122,3690,-1568
118000004,910,3276,-2366
118000005,4545,2525,2020
118000006,2585,3247,-662
118000007,6866,11465,-4599
118000008,944,9556,-8612
118000009,1523,4164,-2641
118000010,3425,4349,-924
118000011,4180,1437,2743
118000012,1171,1506,-335
118000013,2843,2918,-75
118000014,1955,1053,902
118000016,377,167,210
118000017,813,370,443
118000018,414,169,245
118000019,1216,1885,-669
118000020,277,1886,-1609
118000021,522,2007,-1485
118000022,1191,532,659
118000023,454,275,179
118000024,593,727,-134
118000025,338,616,-278
118000027,9119,5817,3302
118000029,529,716,-187
118000032,408,1932,-1524
118000033,1901,4112,-2211
118000034,2447,2740,-293
118000035,1742,2181,-439
118000036,1120,1022,98
118000037,963,1372,-409
118000038,928,77,851
118000039,185,50,135
118000040,2699,1264,1435
118000041,5208,1938,3270
118000045,90,292,-202
118000046,683,1346,-663
118000047,623,3303,-2680
118000048,1615,3107,-1492
118000051,1297,3727,-2430
118000052,604,1245,-641
118000053,429,2085,-1656
118000054,4456,1020,3436
118000055,2275,1533,742
118000056,78,630,-552
118000057,117,425,-308
118000058,1951,8657,-6706
118000059,1228,4964,-3736
118000060,1650,564,1086
118000061,2041,1710,331
118000062,523,184,339
118000063,395,1060,-665
118000064,774,1104,-330
118000065,1932,2118,-186
118000066,1485,3082,-1597
118000067,366,676,-310
118000068,967,13742,-12775
118000069,1157,1487,-330
118000070,5999,2981,3018
118000071,5240,16344,-11104
118000072,622,5643,-5021
118000073,367,2469,-2102
118000074,428,818,-390
118000075,607,578,29
118000076,2079,10499,-8420
118000077,1028,1095,-67
118000078,2790,2508,282
118000079,186,637,-451
118000080,334,643,-309
118000081,1646,1577,69
118000082,454,1083,-629
118000083,1183,1462,-279
118000084,1390,4343,-2953
118000086,77,861,-784
118000087,3347,2387,960
118000088,1721,1744,-23
118000089,4075,4351,-276
118000090,1280,4879,-3599
118000091,1282,7884,-6602
118000092,984,652,332
118000093,85,830,-745
118000096,934,493,441
118000097,710,647,63
118000098,176,283,-107
118000099,994,258,736
118000101,2782,294,2488
118000102,417,375,42
118000107,1703,424,1279
118000108,789,10745,-9956
118000110,0,11,-11
118000111,0,94,-94
118000112,2870,34,2836
118000113,17,200,-183
118000114,2619,69,2550
118000115,22,21,1
118000116,113,0,113
118000117,601,579,22
118000118,1982,1178,804
118000119,2226,1412,814
118000120,1008,725,283
118000121,20,419,-399
118000122,391,278,113
118000123,66,206,-140
118000125,763,1312,-549
118000126,1000,3065,-2065
118000127,1534,859,675
118000128,355,1353,-998
118000129,2051,1186,865
118000130,1723,2905,-1182
118000131,340,794,-454
118000132,2594,2425,169
118000133,2220,838,1382
118000135,890,970,-80
118000136,76,710,-634
118000137,413,50,363
118000138,615,380,235
118000139,815,134,681
118000140,4734,11323,-6589
118000141,4814,1842,2972
118000142,3944,1843,2101
118000143,4491,1389,3102
118000144,663,274,389
118000145,1337,516,821
118000146,1833,230,1603
118000147,1569,682,887
118000148,1413,1873,-460
118000149,978,295,683
118000150,1189,120,1069
118000151,1038,174,864
118000153,2582,560,2022
118000154,2403,746,1657
118000155,3466,596,2870
118000156,2035,4850,-2815
118000157,704,175,529
118000158,354,677,-323
118000159,29,66,-37
118000160,1196,226,970
118000161,1039,230,809
118000162,1824,848,976
118000163,1605,964,641
118000164,2282,1333,949
118000168,595,2219,-1624
118000169,1046,807,239
118000170,3026,1973,1053
118000171,582,294,288
118000172,111,156,-45
118000173,804,1179,-375
118000175,190,203,-13
118000176,538,203,335
118000177,550,312,238
118000178,11,42,-31
118000179,624,525,99
118000180,552,376,176
118000181,445,139,306
118000182,223,89,134
118000183,185,235,-50
118000184,2041,327,1714
118000185,461,2752,-2291
118000186,357,1583,-1226
118000187,3968,337,3631
118000188,1989,114,1875
118000189,2638,177,2461
118000190,3,0,3
118000191,23,27,-4
118000192,5,182,-177
118000193,7,351,-344
118000194,2356,957,1399
118000195,290,4164,-3874
118000196,109,896,-787
118000197,88,436,-348
118000198,363,2166,-1803
118000199,251,1699,-1448
118000200,72,943,-871
118000201,172,1301,-1129
118000202,38,835,-797
118000203,303,2354,-2051
118000204,15,658,-643
118000205,70,373,-303
118000206,292,223,69
118000207,0,113,-113
118000208,2417,1758,659
118000209,3223,546,2677
118000210,348,19,329
118000211,291,61,230
118000213,361,4721,-4360
118000214,151,740,-589
118000215,504,161,343
118000216,14254,2257,11997
118000217,24,35,-11
118000218,165,11,154
118000219,262,273,-11
118000220,111,31,80
118000221,2350,1761,589
118000222,166,5,161
118000223,165,23,142
118000224,67,56,11
118000225,389,646,-257
118000226,3193,238,2955
118000227,472,647,-175
118000228,100,315,-215
118000229,23,880,-857
118000230,240,202,38
118000231,49,179,-130
118000232,1095,141,954
118000233,1967,320,1647
118000234,697,82,615
118000236,362,378,-16
118000237,279,96,183
118000238,348,59,289
118000239,402,158,244
118000240,105,139,-34
118000241,407,90,317
118000242,1476,134,1342
118000243,419,106,313
118000244,84,28,56
118000246,1,46,-45
118000255,35,201,-166
118000256,228,144,84
118000259,38,104,-66
118000260,375,40,335
118000261,124,11,113
118000263,166,193,-27
118000266,157,125,32
118000267,0,175,-175
118000268,450,3,447
118000270,353,1,352
118000271,406,165,241
118000272,78,39,39
118000273,730,40,690
118000274,74,154,-80
118000276,438,91,347
118000295,54,146,-92
118000298,101,51,50
118000299,83,34,49
118000301,0,34,-34
118000302,114,15,99
118000311,2627,127,2500
118000312,722,91,631
118000313,122,64,58
118000314,247,32,215
118000315,164,16,148
118000316,1249,254,995
118000325,148,18,130
118000326,114,48,66
118000331,150,9,141
118000332,28,18,10
118000333,150,57,93
118000335,1774,38,1736
118000336,1,191,-190
118000407,613,39,574
118000457,10,41,-31
118000465,679,3005,-2326
118000480,111,39,72
118000489,8,1043,-1035
118000490,2,187,-185
118000492,604,80,524
118000510,95,8,87
118000514,66,307,-241
118000515,1077,2923,-1846
118000517,298,187,111
118000524,284,751,-467
118000525,391,584,-193
118000530,30,243,-213
118000531,735,99,636
118000532,273,121,152
118000533,252,74,178
118000534,912,195,717
118000535,596,26,570
118000536,43,517,-474
118000537,33,130,-97
118000538,7,67,-60
118000539,50,200,-150
118000540,302,128,174
118000541,124,80,44
118000542,249,265,-16
118000543,665,233,432
118000546,62,25,37
118000560,624,3517,-2893
118000562,187,65,122
118000563,1792,712,1080
118000576,310,60,250
118000577,214,172,42
118000578,90,37,53
118000579,483,2494,-2011
118000595,301,37,264
118000596,0,227,-227
118000597,282,61,221
118000598,18,1,17
118000599,234,34,200
118000600,0,26,-26
118000601,62,0,62
118000602,0,31,-31
118000603,0,4,-4
118900001,709,1612,-903
118900002,880,1119,-239
118900003,1498,7,1491
118900004,148,11,137
118900005,108,14,94
118900006,239,1,238
118900007,0,0,0
118900008,969,29,940
118900009,255,288,-33
118900010,152,21,131
118900011,262,17,245
118900012,228,165,63
118900013,1573,1066,507
118900015,689,25,664
118900016,1,0,1
118900017,27,312,-285
118900018,1632,51,1581
118900019,0,0,0
118900020,19,84,-65
118900021,144,927,-783
118900022,85,14,71
118900023,44,164,-120
118900024,165,124,41
118900025,39,71,-32
118900026,45,5,40
118900027,280,264,16
118900028,282,100,182
118900029,298,387,-89
118900030,1703,76,1627
118900031,83,40,43
118900032,422,41,381
118900033,485,935,-450
118900034,441,45,396
118900035,147,55,92
118900036,1540,264,1276
118900037,543,1141,-598
118900038,697,38,659
118900039,2193,84,2109
118900040,338,79,259
118900041,1339,110,1229
118900042,115,44,71
118900045,139,154,-15
118900046,325,242,83
118900047,249,420,-171
118900048,80,485,-405
118900049,19,9,10
118900050,172,5,167
118900051,132,106,26
118900052,394,690,-296
118900053,8,76,-68
118900054,194,25,169
118900055,354,18,336
118900056,52,236,-184
118900057,965,370,595
118900058,754,478,276
118900059,75,95,-20
118900060,35,34,1
118900062,318,59,259
118900064,179,820,-641
118900065,63,260,-197
118900066,203,43,160
118900067,2658,6602,-3944
118900068,7,605,-598
118900069,1155,122,1033
118900071,4,17,-13
118900072,728,1354,-626
118900073,705,66,639
118900074,228,42,186
118900075,529,5,524
118900076,308,36,272
118900077,822,114,708
118900078,13,2,11
118900079,38,100,-62
118900080,331,68,263
118900081,21,48,-27
118900082,4130,360,3770
118900083,22,3,19
118900084,15,7,8
118900085,226,176,50
118900086,65,143,-78
118900087,273,1756,-1483
118900088,3,2,1
118900089,4,29,-25
118900090,218,96,122
118900091,282,281,1
118900092,587,26,561
118900093,72,18,54
118900096,46,7,39
118900097,290,224,66
118900099,33,136,-103
118900100,81,79,2
118900101,522,137,385
118900102,80,80,0
118900103,31,57,-26
118900104,695,88,607
118900105,200,76,124
118900107,50,53,-3
118900108,136,114,22
118900109,175,164,11
118900110,1227,2091,-864
118900111,1552,456,1096
118900112,557,212,345
118900113,106,160,-54
118900114,5,51,-46
118900115,124,252,-128
118900116,192,29,163
118900117,216,32,184
118900118,783,98,685
118900119,358,125,233
118900120,64,223,-159
118900121,22,313,-291
118900122,1,799,-798
118900123,106,188,-82
118900124,223,225,-2
118900126,65,200,-135
118900129,391,70,321
118900130,33,105,-72
118900131,667,180,487
118900132,434,138,296
118900133,3,166,-163
118900135,324,103,221
118900136,300,176,124
118900137,4,107,-103
118900139,597,193,404
118900140,569,288,281
118900141,143,330,-187
118900144,231,149,82
118900145,17,205,-188
118900146,495,295,200
118900147,128,400,-272
118900148,60,29,31
118900150,84,794,-710
118900152,614,242,372
118900157,27,202,-175
118900158,602,23,579
118900159,0,124,-124
118900161,89,34,55
118900163,65,59,6
118900164,1,37,-36
118900165,100,123,-23
118900166,6,0,6
118900167,78,64,14
118900168,68,168,-100
118900169,197,155,42
118900170,776,59,717
118900171,135,30,105
118900174,38,26,12
118900175,951,233,718
118900176,203,104,99
118900177,139,20,119
118900178,121,49,72
118900179,9,25,-16
118900181,126,15,111
118900182,15,25,-10
118900183,15,217,-202
118900184,292,43,249
118900185,194,18,176
118900186,122,45,77
118900187,126,410,-284
118900188,361,234,127
118900189,67,603,-536
118900190,203,103,100
118900191,1211,57,1154
118900192,1239,42,1197
118900193,2303,25,2278
118900195,209,567,-358
118900196,58,90,-32
118900197,904,8,896
118900198,159,3,156
118900199,158,3,155
118900200,31,43,-12
118900201,41,48,-7
118900202,0,31,-31
118900203,116,2,114
118900204,61,1,60
118900205,1,1,0
118900206,1,3,-2
119000001,1921,1876,45
119000002,3960,3712,248
119000003,7274,844,6430
119000004,5069,2546,2523
119000005,3446,3131,315
119000006,6625,2245,4380
119000007,5732,5236,496
119000008,2231,1807,424
119000009,2678,9655,-6977
119000010,4060,5579,-1519
119000011,2529,3457,-928
119000012,1340,4612,-3272
119000013,3934,1967,1967
119000014,2224,3292,-1068
119000019,406,188,218
119000020,4275,2029,2246
119000021,7442,4587,2855
119000022,1115,6035,-4920
119000023,154,399,-245
119000024,1962,30687,-28725
119000025,3663,1518,2145
119000026,27,679,-652
119000027,91,648,-557
119000028,2117,656,1461
119000029,26,165,-139
119000030,641,787,-146
119000031,1593,713,880
119000032,1498,1356,142
119000033,3209,1099,2110
119000034,2497,589,1908
119000035,21,95,-74
119000036,4439,278,4161
119000037,2642,580,2062
119000038,520,321,199
119000039,828,647,181
119000040,699,1117,-418
119000041,1222,2557,-1335
119000048,1959,1039,920
119000049,4178,1371,2807
119000050,1172,1565,-393
119000051,3708,1014,2694
119000052,2780,2213,567
119000053,2917,917,2000
119000054,4516,835,3681
119000055,8754,1027,7727
119000056,5849,1107,4742
119000057,2200,493,1707
119000058,1387,652,735
119000059,852,575,277
119000060,3480,395,3085
119000061,851,264,587
119000062,1099,553,546
119000063,1040,722,318
119000064,465,501,-36
119000065,990,2123,-1133
119000066,2208,1197,1011
119000067,1077,616,461
119000068,3126,473,2653
119000069,2857,999,1858
119000070,6176,277,5899
119000071,335,244,91
119000072,3542,2283,1259
119000073,6351,12676,-6325
119000074,2366,821,1545
119000075,8041,2228,5813
119000076,149,343,-194
119000077,1479,231,1248
119000078,667,108,559
119000079,266,177,89
119000080,1108,140,968
119000081,459,230,229
119000082,1397,150,1247
119000083,1020,389,631
119000084,630,177,453
119000085,542,64,478
119000086,369,727,-358
119000087,706,174,532
119000088,389,41,348
119000089,137,125,12
119000090,123,72,51
119000091,85,192,-107
119000092,171,112,59
119000093,3289,1625,1664
119000094,7210,5318,1892
119000095,4334,2725,1609
119000097,1066,657,409
119000098,1708,8571,-6863
119000099,1787,593,1194
119000100,6522,3285,3237
119000101,4601,1327,3274
119000102,354,1941,-1587
119000103,910,670,240
119000104,863,485,378
119000105,1075,3732,-2657
119000106,742,395,347
119000107,2251,728,1523
119000108,1095,318,777
119000109,149,291,-142
119000110,265,162,103
119000111,84,616,-532
119000112,90,57,33
119000113,549,114,435
119000114,1667,1998,-331
119000115,54,182,-128
119000116,74,73,1
119000117,155,315,-160
119000118,26,0,26
119000123,2164,2325,-161
119000124,1824,179,1645
119000125,8386,464,7922
119000126,2132,358,1774
119000127,1497,262,1235
119000128,48,0,48
119000131,1605,130,1475
119000132,2,1,1
119000133,17,13,4
119000134,767,857,-90
119000135,364,106,258
119000136,593,50,543
119000137,683,80,603
119000138,1523,31,1492
119000139,213,45,168
119000140,370,323,47
119000284,953,1359,-406
119000285,1452,784,668
119000286,2972,2464,508
119000287,1722,1515,207
119000288,2482,584,1898
119000289,1608,1631,-23
119000290,344,334,10
119000291,66,514,-448
119000293,214,245,-31
119000294,22,37,-15
119000295,1827,212,1615
119000296,434,55,379
119000302,997,1194,-197
119000303,7,171,-164
119000314,2097,19479,-17382
119000315,0,58,-58
119000316,194,17,177
119000317,210,57,153
119900001,88,2565,-2477
119900002,500,161,339
119900003,5,156,-151
119900004,143,4701,-4558
119900005,517,30,487
119900006,77,497,-420
119900007,436,263,173
119900008,22,130,-108
119900009,603,167,436
119900010,1205,334,871
119900011,25,545,-520
119900012,18,231,-213
119900013,1323,959,364
119900014,685,65,620
119900015,692,71,621
119900016,154,38,116
119900017,21,72,-51
119900018,479,3142,-2663
119900019,100,4,96
119900020,119,119,0
119900021,201,50,151
119900022,82,3065,-2983
119900023,318,4399,-4081
119900025,965,15,950
119900026,435,85,350
119900027,3,20,-17
119900028,176,693,-517
119900029,7,2,5
119900030,745,184,561
119900031,87,1403,-1316
119900033,1043,216,827
119900034,1903,29,1874
119900037,368,15,353
119900038,24,587,-563
119900039,116,3,113
119900040,316,66,250
119900041,477,4,473
119900042,88,129,-41
119900043,146,66,80
119900044,219,1278,-1059
119900046,564,13,551
119900047,745,375,370
119900048,91,2,89
119900049,313,0,313
119900050,299,184,115
119900051,3110,38,3072
119900052,298,13,285
119900053,680,43,637
119900054,871,4,867
119900055,1782,210,1572
119900057,860,12,848
119900058,737,8,729
119900059,114,15,99
119900060,615,33,582
119900061,1529,12,1517
119900062,382,1,381
119900063,46,72,-26
119900064,1365,141,1224
119900065,329,1,328
119900066,1,0,1
119900067,193,106,87
119900068,1205,3,1202
119900069,229,8,221
119900070,2809,14,2795
119900071,1595,29,1566
119900072,733,271,462
119900073,829,66,763
119900074,66,13,53
119900075,1164,1596,-432
119900076,2050,291,1759
119900077,2061,167,1894
119900078,884,367,517
119900079,1393,71,1322
119900080,609,152,457
119900081,764,6,758
119900082,5275,384,4891
119900083,484,57,427
119900084,892,372,520
119900085,25,19,6
119900086,237,147,90
119900087,298,496,-198
119900088,15,24,-9
119900089,44,111,-67
119900090,23,7,16
119900091,20,147,-127
119900092,10,381,-371
119900093,2098,119,1979
119900094,0,157,-157
119900095,161,42,119
119900096,43,62,-19
119900097,79,173,-94
119900098,33,33,0
119900099,16,49,-33
119900100,443,2919,-2476
119900101,81,553,-472
119900102,111,80,31
119900103,58,57,1
119900104,19,74,-55
119900105,674,885,-211
119900106,3,56,-53
119900107,178,645,-467
119900108,2471,559,1912
119900109,10,62,-52
119900110,593,228,365
119900111,429,50,379
119900112,436,1188,-752
119900113,26,134,-108
119900114,346,248,98
119900115,1300,153,1147
119900116,145,337,-192
119900117,520,210,310
119900118,322,145,177
119900119,412,76,336
119900120,374,209,165
119900121,1013,190,823
119900122,33,56,-23
119900123,106,102,4
119900124,352,213,139
119900125,28,47,-19
119900126,1417,218,1199
119900127,426,206,220
119900128,765,197,568
119900129,463,78,385
119900130,1,41,-40
119900131,55,56,-1
119900132,0,18,-18
119900133,263,46,217
119900134,266,66,200
119900135,0,154,-154
119900136,86,88,-2
119900138,82,185,-103
119900139,21,268,-247
119900140,0,39,-39
119900141,27,1026,-999
119900142,11,31,-20
119900143,14,117,-103
119900144,563,139,424
119900145,12,93,-81
119900146,293,108,185
119900147,0,200,-200
119900148,817,21,796
119900149,310,10585,-10275
119900150,51,81,-30
119900151,2281,1250,1031
119900152,354,40,314
119900153,441,40,401
119900154,62,106,-44
119900155,45,14,31
119900156,4,17,-13
119900157,218,39,179
119900158,351,36,315
119900159,1,264,-263
119900160,5,60,-55
119900161,47,58,-11
119900162,2171,735,1436
119900163,76,88,-12
119900164,0,2,-2
119900165,182,35,147
119900166,113,12,101
119900167,2,49,-47
119900168,2696,226,2470
119900169,26,281,-255
119900170,349,155,194
119900171,639,212,427
119900172,54,15,39
119900173,4,54,-50
119900174,1,50,-49
119900175,3632,194,3438
119900177,6,44,-38
119900178,0,109,-109
119900179,513,1821,-1308
119900180,1652,509,1143
119900181,30,79,-49
119900182,3,102,-99
119900183,94,306,-212
119900184,591,442,149
119900185,63,576,-513
119900186,29,2522,-2493
119900187,1,118,-117
119900188,202,266,-64
119900189,122,176,-54
119900190,100,441,-341
119900191,121,307,-186
119900192,32,98,-66
119900193,1371,163,1208
119900194,61,50,11
119900195,7,100,-93
119900196,259,120,139
119900197,646,120,526
119900198,103,197,-94
119900199,192,9,183
119900200,917,414,503
119900201,129,70,59
119900202,40,429,-389
119900203,250,735,-485
119900204,499,178,321
119900205,2049,181,1868
119900206,587,132,455
119900208,169,68,101
119900209,675,2646,-1971
119900210,143,11,132
119900211,36,1,35
119900212,441,344,97
119900213,6,100,-94
119900214,210,37,173
119900215,93,18,75
119900216,42,16,26
119900217,12,11,1
119900218,1,88,-87
119900219,30,41,-11
119900220,6,16,-10
119900221,101,31,70
119900222,23,39,-16
119900223,20,15,5
119900224,5,18,-13
119900225,226,31,195
119900226,150,2943,-2793
119900227,226,124,102
119900228,11,364,-353
119900229,49,132,-83
119900230,726,159,567
119900231,554,78,476
119900232,190,85,105
119900233,68,4,64
119900234,3,106,-103
119900235,2,15,-13
119900236,25,93,-68
119900237,65,443,-378
119900238,0,55,-55
119900240,74,74,0
119900241,127,135,-8
119900242,1651,1745,-94
119900244,855,935,-80
119900245,303,160,143
119900246,145,522,-377
119900247,24,44,-20
119900248,25,710,-685
119900249,582,57,525
119900253,830,304,526
119900254,148,2079,-1931
119900255,161,331,-170
119900256,1775,206,1569
119900257,209,11,198
119900258,584,19,565
119900259,3,38,-35
119900260,437,7,430
119900261,820,376,444
119900262,0,58,-58
119900263,1786,152,1634
119900264,324,15,309
119900265,828,122,706
119900266,1105,81,1024
119900267,152,169,-17
119900268,212,21,191
119900269,1505,328,1177
119900271,45,126,-81
119900272,141,114,27
119900275,225,12,213
119900276,204,2,202
119900277,12,2,10
119900278,372,74,298
119900279,55,381,-326
119900280,364,55,309
119900281,1,533,-532
119900282,35,152,-117
119900283,28,48,-20
119900284,13,113,-100
119900285,0,75,-75
119900286,1,11,-10
119900288,2,3,-1
119900289,2,2,0
119900290,20,1,19
119900291,0,69,-69
119900292,20,74,-54
119900293,24,48,-24
119900294,55,65,-10
119900295,23,11,12
119900296,129,21,108
119900297,1,15,-14
119900298,4,4,0
119900299,139,97,42
119900300,559,304,255
119900301,97,237,-140
119900302,14,154,-140
119900303,764,403,361
119900304,479,4,475
119900305,1,63,-62
119900306,19,1,18
119900307,66,43,23
119900308,17,40,-23
119900309,62,388,-326
119900310,242,144,98
119900311,287,6,281
119900312,212,38,174
119900313,155,152,3
119900314,384,570,-186
119900315,3586,737,2849
119900318,11,140,-129
119900319,5,68,-63
119900320,511,142,369
119900321,449,33,416
120000001,9479,41351,-31872
120000002,2677,2345,332
120000003,2067,617,1450
120000004,2568,746,1822
120000005,2529,819,1710
120000006,1699,566,1133
120000007,2439,6279,-3840
120000008,1420,536,884
120000009,1037,829,208
120000010,2337,1791,546
120000011,1362,851,511
120000012,2409,1015,1394
120000013,4955,2595,2360
120000014,1309,1396,-87
120000015,3485,1485,2000
120000016,5124,1760,3364
120000017,6059,5904,155
120000018,3197,27842,-24645
120000019,1586,1455,131
120000020,1796,2940,-1144
120000021,1520,957,563
120000022,2613,2929,-316
120000023,2144,1177,967
120000024,1378,1466,-88
120000025,3481,874,2607
120000026,5326,1352,3974
120000027,2605,1835,770
120000028,732,1337,-605
120000029,1674,1066,608
120000030,178,1196,-1018
120000031,2326,6296,-3970
120000032,4550,1524,3026
120000033,5267,820,4447
120000034,6815,747,6068
120000035,5391,925,4466
120000036,3692,5696,-2004
120000037,622,2807,-2185
120000038,2765,2045,720
120000039,442,870,-428
120000040,71,1150,-1079
120000041,854,923,-69
120000042,5699,1545,4154
120000043,9941,980,8961
120000044,12514,1744,10770
120000045,13215,592,12623
120000046,9252,7716,1536
120000047,776,20488,-19712
120000048,7867,3389,4478
120000049,6829,2301,4528
120000050,4885,4281,604
120000051,2957,6369,-3412
120000052,5737,582,5155
120000053,1349,1020,329
120000054,1364,1796,-432
120000055,1549,2348,-799
120000056,5231,3903,1328
120000057,5910,1304,4606
120000058,1830,989,841
120000059,21,2572,-2551
120000061,138,599,-461
120000062,198,131,67
120000063,489,2051,-1562
120000064,495,553,-58
120000065,701,904,-203
120000066,169,153,16
120000067,48,143,-95
120000068,487,172,315
120000069,1121,219,902
120000070,405,323,82
120000071,1958,106,1852
120000072,2192,323,1869
120000073,2165,33,2132
120000074,140,61,79
120000075,2311,227,2084
120000076,5310,370,4940
120000077,5535,424,5111
120000078,3130,840,2290
120000079,395,103,292
120000080,45,120,-75
120000081,408,72,336
120000082,409,101,308
120000083,102,758,-656
120000084,255,140,115
120000085,276,129,147
120000086,71,194,-123
120000087,281,141,140
120000088,831,489,342
120000089,1214,213,1001
120000090,883,301,582
120000091,1908,389,1519
120000092,1356,244,1112
120000093,1890,332,1558
120000094,552,561,-9
120000095,816,161,655
120000096,648,250,398
120000098,1332,418,914
120000099,545,240,305
120000100,1106,286,820
120000101,958,189,769
120000102,1589,1273,316
120000103,2727,940,1787
120000104,4322,240,4082
120000105,4122,190,3932
120000106,6917,212,6705
120000107,11787,212,11575
120000108,4141,60,4081
120000109,2078,43,2035
120000110,21,395,-374
120000111,146,458,-312
120000112,449,865,-416
120000113,400,856,-456
120000114,284,594,-310
120000115,254,588,-334
120000116,250,718,-468
120000117,340,482,-142
120000118,77,24,53
120000119,6,18,-12
120000120,308,440,-132
120000121,4,42,-38
120000122,259,1677,-1418
120000123,1865,16513,-14648
120000124,517,398,119
120000125,1841,491,1350
120000126,553,1666,-1113
120000127,862,831,31
120000128,2754,4032,-1278
120000129,235,221,14
120000130,965,343,622
120000131,847,397,450
120000134,273,185,88
120000135,2128,723,1405
120000137,419,147,272
120000138,4100,130,3970
120000139,593,148,445
120000140,3504,184,3320
120000141,683,463,220
120000142,1590,496,1094
120000143,1,27,-26
120000144,207,24,183
120000145,1153,7,1146
120000146,879,1095,-216
120000149,512,311,201
120000150,1209,16680,-15471
120000151,1182,207,975
120000152,3067,145,2922
120000153,1739,356,1383
120000154,1120,887,233
120000155,433,557,-124
120000156,391,3726,-3335
120000157,2868,302,2566
120000158,1632,335,1297
120000159,2352,895,1457
120000160,1897,1275,622
120000161,6354,3149,3205
120000162,202,331,-129
120000163,1638,301,1337
120000164,1636,106,1530
120000165,2449,209,2240
120000166,3727,363,3364
120000167,71,162,-91
120000168,4,521,-517
120000169,10,1377,-1367
120000170,18,1169,-1151
120000171,4,302,-298
120000172,1,212,-211
120000173,103,405,-302
120000174,20,94,-74
120000175,23,74,-51
120000176,11,55,-44
120000177,403,97,306
120000178,5,20,-15
120000179,15,64,-49
120000180,21,70,-49
120000181,23,695,-672
120000182,12,562,-550
120000183,3,171,-168
120000184,61,711,-650
120000186,20,346,-326
120000187,6,660,-654
120000188,13,184,-171
120000190,26,26,0
120000191,55,25,30
120000192,43,9,34
120000193,42,6,36
120000195,3,3,0
120000196,26,0,26
120000197,12,7,5
120000198,673,7,666
120000199,713,0,713
120000200,486,4,482
120000201,45,202,-157
120000202,0,21,-21
120000203,519,91,428
120000207,0,24,-24
120000208,40,45,-5
120000209,48,24,24
120000210,13,33,-20
120000211,1377,10,1367
120000212,964,0,964
120000213,829,44,785
120000214,0,22,-22
120000215,4,48,-44
120000216,903,30,873
120000217,235,1179,-944
120000218,24,352,-328
120000219,5,325,-320
120000220,1,631,-630
120000225,5021,9,5012
120000226,1210,30,1180
120000227,1820,256,1564
120000228,8673,6792,1881
120000230,856,41,815
120000231,3678,390,3288
120000233,1763,19,1744
120000235,721,221,500
120000236,5039,1,5038
120000237,2,709,-707
120000238,0,337,-337
120000241,1816,7446,-5630
120000412,437,5,432
120000413,1484,112,1372
120000414,721,4,717
120000415,5,19,-14
120000416,444,20,424
120000417,6,323,-317
120000418,876,20,856
120000419,14,37,-23
120000420,47,12,35
120000421,7770,3910,3860
120000422,62,5580,-5518
120000423,2,283,-281
120000424,1000,46,954
120000436,32,2258,-2226
120000437,43,81,-38
120000438,1116,230,886
120000439,478,957,-479
120000443,291,1,290
120000444,4215,482,3733
120000445,3767,1173,2594
120000446,1346,85,1261
120000447,1409,2,1407
120000449,496,32,464
120000450,14,78,-64
120000451,265,131,134
120000452,250,2,248
120000453,0,24,-24
120000454,42,174,-132
120000455,149,27,122
120000456,1102,7939,-6837
120000457,497,144,353
120000458,301,235,66
120000459,520,89,431
120000665,139,277,-138
120000668,103,1228,-1125
120000669,1170,88,1082
120000670,47,273,-226
120000671,4581,1029,3552
120000672,59,272,-213
120900001,125,29,96
120900002,101,753,-652
120900003,180,8,172
120900004,20,178,-158
120900005,470,344,126
120900006,1895,107,1788
120900007,304,61,243
120900008,1112,326,786
120900009,226,4,222
120900010,1541,146,1395
120900011,13,126,-113
120900012,40,1682,-1642
120900013,520,87,433
120900014,0,120,-120
120900015,2362,61,2301
120900016,3897,70,3827
120900017,1079,226,853
120900018,713,151,562
120900019,654,324,330
120900020,342,504,-162
120900021,646,60,586
120900022,2,51,-49
120900023,922,203,719
120900024,1536,353,1183
120900025,878,491,387
120900026,237,67,170
120900027,651,18,633
120900028,1221,360,861
120900029,25,1604,-1579
120900030,3313,341,2972
120900031,736,77,659
120900032,3416,74,3342
120900033,2765,127,2638
120900034,5,4343,-4338
120900035,124,47,77
120900037,1016,27,989
120900038,171,857,-686
120900039,200,47,153
120900040,879,17,862
120900041,13,35,-22
120900042,1305,23,1282
120900043,291,99,192
120900044,6,703,-697
120900045,129,21,108
120900046,1773,6,1767
120900047,182,368,-186
120900048,339,18,321
120900049,1673,12,1661
120900050,566,6401,-5835
120900051,920,56,864
120900052,2932,4,2928
120900053,1330,35,1295
120900054,749,217,532
120900055,1839,21,1818
120900056,1396,75,1321
120900057,877,33,844
120900058,1769,8,1761
120900059,354,8,346
120900060,230,6,224
120900061,272,87,185
120900062,893,2,891
120900063,2260,65,2195
120900064,1857,20,1837
120900065,1734,8,1726
120900066,3150,330,2820
120900067,445,145,300
120900068,1189,0,1189
120900069,1210,25,1185
120900071,41,0,41
120900072,2185,23,2162
120900073,2039,71,1968
120900074,2325,189,2136
120900076,1545,0,1545
120900077,1072,386,686
120900078,1774,232,1542
120900079,2860,118,2742
120900080,2475,346,2129
120900081,5115,431,4684
120900082,394,549,-155
120900083,223,4,219
120900084,1032,616,416
120900085,31,37,-6
120900086,50,1351,-1301
120900087,772,208,564
120900088,332,1277,-945
120900089,1507,7186,-5679
120900090,459,9,450
120900091,169,1092,-923
120900092,85,149,-64
120900093,913,153,760
120900094,176,99,77
120900095,431,5,426
120900096,166,142,24
120900097,649,271,378
120900098,41,98,-57
120900099,60,28,32
120900100,23,68,-45
120900101,26,80,-54
120900102,165,18,147
120900103,195,165,30
120900104,14,45,-31
120900105,5,205,-200
120900106,247,144,103
120900107,61,84,-23
120900108,25,222,-197
120900109,54,210,-156
120900110,11,119,-108
120900111,255,220,35
120900112,16,156,-140
120900113,19,239,-220
120900114,34,100,-66
120900115,141,217,-76
120900116,2525,137,2388
120900117,2,81,-79
120900118,38,417,-379
120900119,5824,2208,3616
120900120,55,205,-150
120900121,40,190,-150
120900122,2586,221,2365
120900123,23,74,-51
120900124,0,196,-196
120900125,2,268,-266
120900126,164,245,-81
120900127,12,104,-92
120900128,161,466,-305
120900129,6,125,-119
120900130,4,189,-185
120900131,39,47,-8
120900132,2580,202,2378
120900133,37,327,-290
120900134,42,186,-144
120900135,4,300,-296
120900136,31,78,-47
120900137,1108,70,1038
120900138,1,115,-114
120900139,11,215,-204
120900140,0,190,-190
120900141,806,88,718
120900142,3,92,-89
120900143,6,217,-211
120900144,0,61,-61
120900145,160,668,-508
120900146,0,140,-140
120900147,3,4,-1
120900148,406,79,327
120900149,2,101,-99
120900150,173,123,50
120900151,27,73,-46
120900152,1,1,0
120900153,4,0,4
120900154,7,36,-29
120900155,487,246,241
120900156,630,102,528
120900157,1,1,0
120900158,81,155,-74
120900159,1,46,-45
120900160,33,451,-418
120900161,23,489,-466
120900162,9,348,-339
120900163,21,377,-356
120900164,0,25,-25
120900165,1,32,-31
120900166,41,568,-527
120900167,154,55,99
120900169,319,110,209
120900170,220,6824,-6604
120900171,299,81,218
120900172,18,862,-844
120900173,5,6,-1
120900174,19,53,-34
120900175,128,78,50
120900176,33,614,-581
120900177,3,3623,-3620
120900178,1,1545,-1544
120900179,120,117,3
120900180,45,140,-95
120900181,8,6,2
120900182,52,61,-9
120900183,262,38,224
120900184,136,35,101
120900185,211,1271,-1060
120900186,0,88,-88
120900187,1369,447,922
120900188,945,20,925
120900189,36,6340,-6304
120900190,729,21,708
120900191,300,10,290
120900192,3890,26139,-22249
120900194,235,96,139
120900195,54,160,-106
120900196,534,10,524
120900197,999,74,925
120900198,39,261,-222
120900199,390,863,-473
120900200,35,77,-42
120900201,137,31,106
120900202,1,59,-58
120900203,29,16,13
120900204,29,118,-89
120900205,99,34,65
120900206,92,77,15
121000001,1032,1637,-605
121000002,2986,2491,495
121000003,6045,2070,3975
121000004,2208,3813,-1605
121000005,2633,3150,-517
121000006,2825,3391,-566
121000007,3724,5043,-1319
121000008,4876,5735,-859
121000009,5734,9508,-3774
121000010,6394,7078,-684
121000011,6383,7352,-969
121000012,13208,5239,7969
121000013,6264,5500,764
121000014,5088,3612,1476
121000015,5704,7815,-2111
121000016,3747,4997,-1250
121000017,3150,2188,962
121000018,3823,1722,2101
121000019,7355,7508,-153
121000020,8376,14036,-5660
121000021,1897,1843,54
121000022,3215,3239,-24
121000023,2614,535,2079
121000024,5589,4689,900
121000025,273,1823,-1550
121000026,178,124,54
121000027,1421,1253,168
121000028,872,625,247
121000029,1047,464,583
121000030,138,131,7
121000031,350,552,-202
121000032,147,81,66
121000034,398,636,-238
121000035,77,237,-160
121000036,1247,1230,17
121000037,634,1201,-567
121000038,359,1328,-969
121000039,117,492,-375
121000041,410,336,74
121000042,160,395,-235
121000043,389,468,-79
121000044,1100,1335,-235
121000045,622,314,308
121000046,1398,737,661
121000047,26,51,-25
121000049,1000,680,320
121000050,267,1597,-1330
121000051,965,434,531
121000052,567,1015,-448
121000053,333,208,125
121000054,44,400,-356
121000055,692,2783,-2091
121000056,919,1833,-914
121000057,185,382,-197
121000058,218,60,158
121000059,4622,950,3672
121000060,748,1070,-322
121000061,11,678,-667
121000062,58,616,-558
121000063,874,1085,-211
121000064,633,571,62
121000065,176,511,-335
121000066,272,380,-108
121000067,235,1182,-947
121000068,414,592,-178
121000069,200,1412,-1212
121000070,1035,787,248
121000071,2042,1731,311
121000072,781,560,221
121000073,1104,993,111
121000074,108,172,-64
121000075,21,64,-43
121000076,230,269,-39
121000077,167,147,20
121000078,93,158,-65
121000080,1436,478,958
121000081,3140,4041,-901
121000082,152,162,-10
121000083,56,147,-91
121000084,187,243,-56
121000085,119,489,-370
121000086,911,677,234
121000087,51,233,-182
121000088,866,1290,-424
121000089,202,625,-423
121000090,291,346,-55
121000091,1706,887,819
121000092,375,49,326
121000093,527,173,354
121000094,440,1085,-645
121000095,158,808,-650
121000096,6804,1822,4982
121000097,536,2089,-1553
121000098,556,396,160
121000099,829,467,362
121000100,1499,224,1275
121000101,284,111,173
121000102,749,177,572
121000103,265,316,-51
121000104,816,160,656
121000105,538,42,496
121000106,260,225,35
121000107,2005,2258,-253
121000109,1331,963,368
121000110,257,684,-427
121000114,3193,2031,1162
121000115,2145,512,1633
121000116,450,708,-258
121000117,287,224,63
121000118,1682,165,1517
121000119,460,213,247
121000120,752,658,94
121000121,718,1881,-1163
121000123,693,302,391
121000126,30,339,-309
121000127,67,123,-56
121000128,2056,140,1916
121000129,1710,217,1493
121000130,481,943,-462
121000131,1860,954,906
121000132,375,765,-390
121000135,257,539,-282
121000136,832,1864,-1032
121000137,697,475,222
121000138,280,3397,-3117
121000139,106,1083,-977
121000141,207,237,-30
121000142,526,445,81
121000143,100,18,82
121000144,590,863,-273
121000145,723,643,80
121000146,1117,1094,23
121000147,1772,743,1029
121000148,887,684,203
121000149,3375,1696,1679
121000152,251,209,42
121000153,1408,466,942
121000154,2099,411,1688
121000155,2308,960,1348
121000156,368,812,-444
121000157,504,1004,-500
121000158,271,253,18
121000159,323,274,49
121000160,364,221,143
121000161,330,301,29
121000162,348,90,258
121000165,963,2308,-1345
121000166,74,285,-211
121000168,651,169,482
121000169,90,65,25
121000170,356,87,269
121000171,54,121,-67
121000172,1210,824,386
121000173,1382,1470,-88
121000174,1046,594,452
121000175,2273,348,1925
121000176,521,201,320
121000177,692,427,265
121000178,67,38,29
121000179,68,26,42
121000181,301,360,-59
121000182,235,482,-247
121000183,53,242,-189
121000184,13,273,-260
121000185,17,404,-387
121000186,216,790,-574
121000187,267,73,194
121000188,457,48,409
121000192,1254,328,926
121000193,955,256,699
121000194,1724,1768,-44
121000195,327,1193,-866
121000196,377,515,-138
121000197,105,774,-669
121000198,184,243,-59
121000199,279,187,92
121000200,919,151,768
121000201,11,198,-187
121000202,313,4,309
121000203,933,1157,-224
121000204,4011,540,3471
121000205,370,205,165
121000206,482,56,426
121000207,3007,895,2112
121000208,17,386,-369
121000209,1505,117,1388
121000210,1175,388,787
121000211,692,77,615
121000212,645,484,161
121000213,15115,3470,11645
121000214,1444,2768,-1324
121000215,812,1597,-785
121000216,536,877,-341
121000217,5098,4814,284
121000218,619,1832,-1213
121000219,1896,1018,878
121000220,264,94,170
121000221,1204,717,487
121000222,8651,3558,5093
121000223,141,600,-459
121000224,112,532,-420
121000225,470,13998,-13528
121000226,900,3896,-2996
121000227,7,138,-131
121000228,23,527,-504
121000229,450,292,158
121000230,53,2622,-2569
121000231,2877,38,2839
121000232,386,227,159
121000233,1102,460,642
121000234,4,22,-18
121000235,94,225,-131
121000236,1,12,-11
121000237,35,88,-53
121000238,3,67,-64
121000239,177,32,145
121000240,7,138,-131
121000241,113,4,109
121000242,4,150,-146
121000243,303,48,255
121000244,0,47,-47
121000245,48,9,39
121000246,23,47,-24
121000247,177,0,177
121000248,403,306,97
121000249,112,286,-174
121000250,901,939,-38
121000251,33,251,-218
121000252,313,193,120
121000253,305,523,-218
121000254,1284,245,1039
121000255,69,599,-530
121000256,456,422,34
121000257,27,244,-217
121000258,29,357,-328
121000259,17,111,-94
121000260,10,101,-91
121000261,52,234,-182
121000262,1844,593,1251
121000263,560,350,210
121000271,1155,1873,-718
121000273,41,10,31
121000274,18,379,-361
121000275,1,27,-26
121000276,21,175,-154
121000278,161,31,130
121000279,96,203,-107
121000280,35,95,-60
121000289,774,34,740
121000290,1459,1297,162
121000294,636,14,622
121000297,231,1248,-1017
121000299,159,5184,-5025
121000300,1974,679,1295
121000302,4,550,-546
121000303,1051,221,830
121000304,549,36,513
121000305,316,26,290
121000306,286,138,148
121000308,151,171,-20
121000309,157,255,-98
121000310,232,116,116
121000311,81,192,-111
121000312,404,362,42
121000313,196,252,-56
121000314,6,28,-22
121000315,4,118,-114
121000530,3335,1395,1940
121000531,2476,1117,1359
121000532,4996,6118,-1122
121000533,4140,2361,1779
121000918,38,103,-65
121000919,15,87,-72
121000938,68,133,-65
121000939,32,359,-327
121000956,2933,2105,828
121000957,19,35,-16
121000958,3,122,-119
121000959,2229,289,1940
121000960,2538,1249,1289
121000961,565,30,535
121000962,187,187,0
121000973,3,757,-754
121000976,1,62,-61
121000979,254,82,172
121000981,706,77,629
121000982,820,473,347
121000983,914,159,755
121000984,2,51,-49
121000985,1671,759,912
121000986,1764,90,1674
121000987,390,473,-83
121000988,2407,71,2336
121001302,252,125,127
121001308,1,23,-22
121001309,81,715,-634
121001313,321,174,147
121001314,2171,2674,-503
121001315,5516,3804,1712
121900001,143,216,-73
121900002,33,158,-125
121900003,304,3,301
121900004,37,580,-543
121900005,32,5,27
121900006,233,18,215
121900007,1988,1783,205
121900008,61,136,-75
121900009,1234,31,1203
121900010,307,1,306
121900011,186,88,98
121900012,34,0,34
121900013,62,130,-68
121900014,2133,345,1788
121900015,121,110,11
121900016,6,20,-14
121900017,775,515,260
121900018,556,2,554
121900019,828,222,606
121900020,35,12,23
121900021,1813,33,1780
121900022,135,139,-4
121900023,278,430,-152
121900024,339,21,318
121900025,600,407,193
121900026,367,63,304
121900027,363,291,72
121900028,412,9,403
121900029,175,483,-308
121900030,514,388,126
121900031,1316,8023,-6707
121900032,166,107,59
121900033,79,248,-169
121900034,223,147,76
121900035,4860,3182,1678
121900036,153,225,-72
121900037,167,716,-549
121900038,19,56,-37
121900039,164,45,119
121900040,105,74,31
121900041,19,213,-194
121900042,673,73,600
121900043,0,0,0
121900044,19,58,-39
121900045,617,309,308
121900046,131,190,-59
121900047,97,42,55
121900048,112,51,61
121900050,46,168,-122
121900051,218,286,-68
121900052,159,16,143
121900053,495,339,156
121900054,402,982,-580
121900055,6,18,-12
121900058,507,162,345
121900059,330,139,191
121900060,129,497,-368
121900061,102,143,-41
121900062,150,107,43
121900063,2588,362,2226
121900064,570,748,-178
121900066,76,39,37
121900067,66,63,3
121900069,89,149,-60
121900070,497,229,268
121900071,1055,330,725
121900072,35,73,-38
121900073,339,199,140
121900074,356,542,-186
121900075,351,913,-562
121900076,464,1249,-785
121900077,37,13,24
121900078,131,62,69
121900079,0,0,0
121900080,1029,175,854
121900082,136,37,99
121900083,234,162,72
121900084,22,17,5
121900085,6,10,-4
121900086,30,43,-13
121900087,36,32,4
121900088,1314,1940,-626
121900089,652,125,527
121900090,48,16,32
121900091,99,14,85
121900092,216,172,44
121900093,88,88,0
121900094,5,13,-8
121900095,380,112,268
121900096,1415,559,856
121900097,961,88,873
121900098,34,0,34
121900099,402,44,358
121900100,40,119,-79
121900101,139,90,49
121900102,2,79,-77
121900103,614,232,382
121900104,2567,287,2280
121900105,153,222,-69
121900106,4,7,-3
121900107,182,23,159
121900108,0,0,0
121900109,230,96,134
121900110,1290,326,964
121900111,319,282,37
121900112,184,93,91
121900113,36,800,-764
121900114,82,72,10
121900115,226,275,-49
121900117,169,54,115
121900118,1698,559,1139
121900119,147,38,109
121900120,58,851,-793
121900121,442,33,409
121900122,60,44,16
121900123,382,324,58
121900124,98,172,-74
121900125,2974,1036,1938
121900127,2,44,-42
121900128,90,47,43
121900129,237,124,113
121900130,106,469,-363
121900131,294,46,248
121900132,181,50,131
121900133,15,761,-746
121900134,7,316,-309
121900135,4848,433,4415
121900136,138,85,53
121900137,17,356,-339
121900138,66,251,-185
121900139,366,2382,-2016
121900140,66,69,-3
121900141,47,77,-30
121900142,97,15,82
121900143,12,99,-87
121900144,165,610,-445
121900145,233,209,24
121900146,384,345,39
121900147,71,214,-143
121900148,64,173,-109
121900149,377,148,229
121900150,104,93,11
121900151,10,252,-242
121900152,267,35,232
121900153,8,222,-214
121900154,2,313,-311
121900155,2,338,-336
121900156,72,119,-47
121900157,5,49,-44
121900158,70,188,-118
121900159,0,71,-71
121900160,35,140,-105
121900161,154,259,-105
121900162,60,91,-31
121900163,873,194,679
121900164,145,236,-91
121900165,177,121,56
121900166,120,79,41
121900167,46,15,31
121900168,84,32,52
121900169,26,80,-54
121900170,82,146,-64
121900171,1049,514,535
121900172,372,192,180
121900173,619,259,360
121900174,61,11,50
121900175,55,672,-617
121900176,760,1363,-603
121900177,129,68,61
121900178,32,6,26
121900179,153,215,-62
121900180,1313,8681,-7368
121900182,501,354,147
121900183,188,2909,-2721
121900184,22,980,-958
121900185,165,83,82
121900186,9,545,-536
121900187,13,99,-86
121900188,1127,141,986
121900189,68,18,50
121900190,130,505,-375
121900191,44,293,-249
121900192,144,2278,-2134
121900193,31,45,-14
121900194,6,242,-236
121900195,8,32,-24
121900196,913,982,-69
121900197,439,551,-112
121900198,3114,3418,-304
121900199,0,23,-23
121900200,51,79,-28
121900201,680,1036,-356
121900202,149,979,-830
121900203,65,970,-905
121900204,964,1922,-958
121900205,176,166,10
121900206,5,39,-34
121900207,31,65,-34
121900208,67,461,-394
121900209,128,115,13
121900210,3523,1379,2144
121900211,4,118,-114
121900212,5,151,-146
121900213,701,16,685
121900214,0,893,-893
121900215,57,242,-185
121900216,2,447,-445
121900217,92,267,-175
121900218,160,657,-497
121900219,290,30,260
121900220,58,9,49
121900221,431,309,122
121900222,386,46,340
121900223,126,120,6
121900224,118,173,-55
121900225,123,520,-397
121900226,283,44,239
121900227,238,1236,-998
121900228,90,146,-56
121900229,212,411,-199
121900230,44,313,-269
121900231,23,771,-748
121900232,83,367,-284
121900233,200,124,76
121900234,376,310,66
121900235,1451,83,1368
121900236,481,111,370
121900237,145,703,-558
121900238,68,242,-174
121900239,177,51,126
121900240,136,102,34
121900241,36,34,2
121900242,17,0,17
121900243,7,0,7
121900244,6,5,1
121900245,307,50,257
121900246,8148,292,7856
121900247,287,169,118
121900248,1052,814,238
121900250,239,150,89
121900251,554,41,513
121900252,369,83,286
121900253,26,576,-550
121900254,192,278,-86
121900255,373,118,255
121900258,5266,1934,3332
121900259,71,366,-295
121900260,363,76,287
121900261,45,640,-595
121900262,377,1182,-805
121900263,232,277,-45
121900264,797,1091,-294
121900265,717,90,627
121900266,1027,223,804
121900267,82,18,64
121900269,231,858,-627
121900270,97,321,-224
121900271,6,126,-120
121900273,506,2414,-1908
121900274,687,242,445
121900276,858,112,746
121900277,238,661,-423
121900278,180,1055,-875
121900279,254,153,101
121900280,323,312,11
121900281,72,119,-47
121900284,22,3,19
121900286,238,196,42
121900287,6,66,-60
121900290,123,1136,-1013
121900291,474,782,-308
121900292,319,80,239
121900293,867,4922,-4055
121900294,389,8,381
121900295,322,93,229
121900296,148,91,57
121900298,218,1250,-1032
121900299,8,46,-38
121900300,45,16,29
121900301,26,1,25
121900302,10,98,-88
121900303,66,421,-355
121900304,18,17,1
121900305,24,12,12
121900306,688,6,682
121900307,486,40,446
121900308,27,164,-137
121900309,7,109,-102
121900310,37,89,-52
121900311,899,37,862
121900312,552,7,545
121900313,626,22,604
121900314,5,25,-20
121900315,117,1,116
121900316,0,0,0
121900317,59,21,38
121900318,0,0,0
121900319,75,340,-265
121900320,41,17,24
121900321,108,0,108
121900322,2,1,1
121900323,23,50,-27
121900324,0,28,-28
121900325,39,0,39
121900326,0,8,-8
121900327,4,27,-23
121900328,1,6,-5
121900329,25,41,-16
121900330,0,79,-79
121900331,87,122,-35
121900332,22,34,-12
122000001,1212,2146,-934
122000002,2444,485,1959
122000003,606,1255,-649
122000004,873,837,36
122000005,5241,2103,3138
122000006,436,813,-377
122000007,596,1002,-406
122000008,899,1879,-980
122000009,187,383,-196
122000010,2122,2343,-221
122000011,3219,1125,2094
122000012,574,1492,-918
122000013,480,1112,-632
122000014,6897,1202,5695
122000015,1063,487,576
122000016,335,493,-158
122000017,891,987,-96
122000018,2156,1212,944
122000019,725,2131,-1406
122000020,222,393,-171
122000021,101,359,-258
122000022,741,1381,-640
122000023,516,1747,-1231
122000024,279,1658,-1379
122000025,285,2167,-1882
122000026,235,933,-698
122000027,526,554,-28
122000028,1320,564,756
122000029,379,596,-217
122000030,152,60,92
122000031,98,481,-383
122000032,2197,1671,526
122000033,316,1240,-924
122000034,242,820,-578
122000035,155,319,-164
122000036,296,409,-113
122000037,508,295,213
122000038,173,325,-152
122000039,372,366,6
122000040,200,229,-29
122000041,926,946,-20
122000042,444,724,-280
122000043,70,150,-80
122000044,54,100,-46
122000045,753,546,207
122000046,766,601,165
122000047,58,113,-55
122000048,2389,3983,-1594
122000049,5049,2551,2498
122000050,623,443,180
122000051,152,830,-678
122000052,473,601,-128
122000053,230,1575,-1345
122000054,2462,1812,650
122000055,1597,2264,-667
122000056,2761,1768,993
122000057,2099,2326,-227
122000058,339,895,-556
122000059,601,1875,-1274
122000060,315,558,-243
122000061,121,317,-196
122000062,539,220,319
122000063,198,1005,-807
122000064,2797,3544,-747
122000065,2055,2525,-470
122000066,722,1613,-891
122000067,903,1414,-511
122000068,3237,1290,1947
122000069,1158,922,236
122000070,1618,1373,245
122000071,4180,1051,3129
122000072,416,393,23
122000073,107,535,-428
122000074,2846,1811,1035
122000075,1126,882,244
122000076,3269,1279,1990
122000077,488,1262,-774
122000078,461,1231,-770
122000079,146,1767,-1621
122000080,472,281,191
122000081,63,174,-111
122000082,178,1020,-842
122000083,7659,907,6752
122000084,5011,1633,3378
122000085,387,600,-213
122000086,2644,7439,-4795
122000087,127,223,-96
122000088,92,256,-164
122000089,3722,3545,177
122000090,316,1411,-1095
122000091,59,563,-504
122000092,18,120,-102
122000093,1481,4235,-2754
122000094,5625,2979,2646
122000095,516,4449,-3933
122000096,435,2696,-2261
122000098,3954,4011,-57
122000099,343,2403,-2060
122000100,685,313,372
122000101,316,438,-122
122000102,2862,915,1947
122000103,1260,1612,-352
122000104,1669,171,1498
122000105,246,416,-170
122000106,307,1681,-1374
122000107,1387,282,1105
122000108,719,370,349
122000109,268,199,69
122000110,548,344,204
122000111,1507,1168,339
122000112,1269,1664,-395
122000113,574,410,164
122000114,1331,3356,-2025
122000115,4861,2087,2774
122000116,227,526,-299
122000117,779,364,415
122000118,1098,280,818
122000119,1480,770,710
122000120,773,1457,-684
122000121,849,1265,-416
122000122,281,761,-480
122000123,884,1862,-978
122000124,576,301,275
122000125,148,487,-339
122000126,113,447,-334
122000127,211,500,-289
122000128,252,358,-106
122000129,304,1356,-1052
122000130,2399,683,1716
122000131,1156,429,727
122000132,186,226,-40
122000133,990,662,328
122000134,838,775,63
122000135,422,211,211
122000136,772,542,230
122000137,2978,646,2332
122000139,795,3582,-2787
122000140,180,1133,-953
122000141,4542,1942,2600
122000142,101,1955,-1854
122000143,388,210,178
122000144,2591,667,1924
122000145,1017,1225,-208
122000146,389,2331,-1942
122000147,455,852,-397
122000148,350,1277,-927
122000149,1383,548,835
122000150,2072,862,1210
122000151,80,222,-142
122000152,300,250,50
122000153,389,291,98
122000154,245,197,48
122000155,1100,2114,-1014
122000156,10488,4532,5956
122000157,539,10040,-9501
122000158,252,777,-525
122000159,1248,816,432
122000160,2116,1000,1116
122000161,1234,755,479
122000162,683,1056,-373
122000163,273,100,173
122000164,30,80,-50
122000165,914,1663,-749
122000166,659,2203,-1544
122000167,239,615,-376
122000168,212,1284,-1072
122000169,269,150,119
122000170,223,285,-62
122000171,12,69,-57
122000172,1649,1413,236
122000173,1954,2147,-193
122000174,1131,5465,-4334
122000175,461,328,133
122000176,310,1678,-1368
122000177,769,2130,-1361
122000178,3728,4000,-272
122000179,3990,4954,-964
122000180,477,962,-485
122000181,653,1635,-982
122000182,847,1176,-329
122000183,2113,889,1224
122000184,3258,3486,-228
122000185,933,2692,-1759
122000186,415,1295,-880
122000187,2230,847,1383
122000188,321,190,131
122000189,272,208,64
122000190,663,2205,-1542
122000191,753,814,-61
122000192,1125,409,716
122000193,591,761,-170
122000194,421,155,266
122000195,114,1045,-931
122000196,1611,307,1304
122000197,557,620,-63
122000198,335,2335,-2000
122000199,220,218,2
122000200,725,825,-100
122000201,723,3328,-2605
122000202,641,3557,-2916
122000203,1670,735,935
122000204,926,889,37
122000205,446,323,123
122000206,5594,1263,4331
122000207,2631,2038,593
122000208,2377,1612,765
122000209,2714,393,2321
122000210,1456,2076,-620
122000211,824,1882,-1058
122000212,675,520,155
122000213,762,1500,-738
122000214,2079,1709,370
122000215,2808,2615,193
122000217,865,1980,-1115
122000218,627,61,566
122000219,1176,564,612
122000220,237,845,-608
122000221,114,323,-209
122000222,498,109,389
122000223,523,682,-159
122000225,754,255,499
122000226,1177,1240,-63
122000227,158,1092,-934
122000228,184,190,-6
122000229,23,257,-234
122000230,24,260,-236
122000231,185,630,-445
122000232,344,497,-153
122000233,0,34,-34
122000234,1057,59,998
122000235,535,90,445
122000236,2215,52,2163
122000237,124,83,41
122000238,299,364,-65
122000239,708,337,371
122000240,1241,344,897
122000241,171,346,-175
122000242,343,64,279
122000243,21,62,-41
122000244,5,1517,-1512
122000245,34,47,-13
122000246,59,193,-134
122000247,579,1209,-630
122000248,1993,657,1336
122000249,1571,1097,474
122000250,1895,755,1140
122000251,70,117,-47
122000252,324,31,293
122000253,94,60,34
122000254,571,31,540
122000255,326,508,-182
122000256,245,419,-174
122000257,346,173,173
122000258,354,190,164
122000259,49,155,-106
122000260,18,45,-27
122000261,14,201,-187
122000262,0,12,-12
122000263,262,122,140
122000264,2173,312,1861
122000265,3549,1152,2397
122000266,4021,313,3708
122000267,96,89,7
122000268,225,176,49
122000269,1351,290,1061
122000270,655,159,496
122000271,226,2132,-1906
122000272,287,536,-249
122000273,443,174,269
122000274,223,145,78
122000275,57,148,-91
122000276,2160,800,1360
122000277,1035,2128,-1093
122000278,2338,130,2208
122000279,260,319,-59
122000280,430,626,-196
122000281,551,251,300
122000282,119,1075,-956
122000283,284,241,43
122000284,37,53,-16
122000285,388,129,259
122000286,66,303,-237
122000287,2526,1814,712
122000288,259,177,82
122000291,3257,686,2571
122000293,163,94,69
122000294,231,430,-199
122000295,1530,129,1401
122000296,10,600,-590
122000297,2097,4772,-2675
122000299,845,352,493
122000300,245,526,-281
122000301,5434,4674,760
122000302,283,6554,-6271
122000303,1500,856,644
122000304,8,278,-270
122000305,2829,310,2519
122000306,139,277,-138
122000307,139,165,-26
122000309,33,70,-37
122000310,14,56,-42
122000311,31,85,-54
122000312,93,204,-111
122000313,9,182,-173
122000314,214,596,-382
122000315,373,23,350
122000316,2895,273,2622
122000317,4666,242,4424
122000318,300,3167,-2867
122000319,116,225,-109
122000320,228,777,-549
122000321,93,99,-6
122000322,884,1650,-766
122000323,376,1421,-1045
122000324,1696,2238,-542
122000325,1065,1351,-286
122000326,315,56,259
122000327,301,727,-426
122000328,408,686,-278
122000330,1933,1718,215
122000332,254,495,-241
122000333,70,35,35
122000337,1917,312,1605
122000338,598,194,404
122000340,79,3090,-3011
122000342,1346,617,729
122000343,209,251,-42
122000344,29,8,21
122000345,41,36,5
122000346,87,6,81
122000348,716,615,101
122000349,46,273,-227
122000351,437,135,302
122000352,172,154,18
122000353,155,42,113
122000355,111,508,-397
122000356,250,1621,-1371
122000357,60,23,37
122000358,0,25,-25
122000359,0,3,-3
122000360,0,1,-1
122000362,6,30,-24
122000364,738,156,582
122000365,0,14,-14
122000366,4,10,-6
122000368,642,778,-136
122000370,35,38,-3
122000371,57,0,57
122000372,45,0,45
122000381,371,352,19
122000382,87,123,-36
122000384,1093,832,261
122000385,86,1,85
122000386,125,2194,-2069
122000387,302,1973,-1671
122000388,1647,1239,408
122000389,189,1079,-890
122000390,337,496,-159
122000391,59,1772,-1713
122000392,110,148,-38
122000393,49,217,-168
122000394,738,135,603
122000395,152,111,41
122000396,315,51,264
122000397,38,47,-9
122000398,1,173,-172
122000399,146,46,100
122000400,15,1097,-1082
122000401,60,39,21
122000402,1060,162,898
122000403,487,209,278
122000404,407,218,189
122000408,315,725,-410
122000503,3,128,-125
122000524,30,204,-174
122000544,94,3270,-3176
122000616,290,3,287
122000640,139,77,62
122000641,305,163,142
122000642,1577,466,1111
122000643,14,228,-214
122000644,118,77,41
122000645,48,118,-70
122000651,249,1395,-1146
122000664,247,31,216
122000665,1229,370,859
122000666,425,432,-7
122000673,43,109,-66
122000674,1144,222,922
122000675,3015,796,2219
122000686,332,955,-623
122000687,3377,183,3194
122000688,307,348,-41
122000689,2463,223,2240
122000690,6498,301,6197
122000691,1555,573,982
122000692,2044,163,1881
122000693,517,583,-66
122000695,415,269,146
122000696,1465,98,1367
122000698,515,116,399
122000699,897,218,679
122000701,3280,273,3007
122000702,598,779,-181
122000703,182,79,103
122000717,164,84,80
122000718,340,2755,-2415
122000719,21,81,-60
122000720,1124,109,1015
122900001,103,39,64
122900002,800,9747,-8947
122900003,778,16,762
122900004,6818,461,6357
122900005,25,476,-451
122900006,449,3677,-3228
122900007,26,38,-12
122900008,273,608,-335
122900009,564,304,260
122900010,333,70,263
122900012,255,368,-113
122900014,72,74,-2
122900015,1205,763,442
122900016,119,123,-4
122900017,412,1137,-725
122900018,172,20,152
122900019,5,73,-68
122900020,194,1042,-848
122900021,22,407,-385
122900022,1955,816,1139
122900023,1431,122,1309
122900024,154,57,97
122900025,1,260,-259
122900026,7,42,-35
122900027,51,809,-758
122900028,97,120,-23
122900029,6484,2388,4096
122900030,1781,226,1555
122900031,81,451,-370
122900032,667,338,329
122900033,132,83,49
122900034,2826,4377,-1551
122900035,68,61,7
122900036,85,24,61
122900037,493,300,193
122900038,96,3270,-3174
122900039,56,418,-362
122900040,259,1204,-945
122900041,76,639,-563
122900042,145,165,-20
122900043,512,259,253
122900044,153,404,-251
122900045,179,168,11
122900046,86,456,-370
122900047,122,104,18
122900048,26,352,-326
122900049,2693,95,2598
122900051,22,265,-243
122900052,103,37,66
122900053,2,12,-10
122900055,294,109,185
122900057,352,37,315
122900061,357,20,337
122900062,535,1062,-527
122900063,379,82,297
122900064,1095,790,305
122900065,501,114,387
122900066,740,127,613
122900067,669,293,376
122900068,35,199,-164
122900069,343,2521,-2178
122900070,526,80,446
122900071,144,176,-32
122900072,13,193,-180
122900073,33,88,-55
122900074,1979,190,1789
122900075,0,20,-20
122900076,0,69,-69
122900077,1,62,-61
122900078,495,16,479
122900080,8,45,-37
122900081,179,87,92
122900082,2871,65,2806
122900083,67,16,51
122900084,0,89,-89
122900086,2,72,-70
122900087,642,251,391
122900088,41,753,-712
122900089,62,683,-621
122900090,3,204,-201
122900091,992,13,979
122900092,0,125,-125
122900093,0,134,-134
122900094,1,125,-124
122900095,342,32,310
122900096,1171,98,1073
122900097,30,71,-41
122900098,11,226,-215
122900099,157,105,52
122900100,89,1728,-1639
122900101,265,249,16
123000001,789,958,-169
123000002,2368,6374,-4006
123000003,6648,4839,1809
123000004,2518,3216,-698
123000005,5448,2413,3035
123000006,2060,1463,597
123000007,3074,2338,736
123000008,1427,2762,-1335
123000009,5308,3263,2045
123000010,2570,3398,-828
123000011,1706,947,759
123000012,516,2615,-2099
123000013,7926,1163,6763
123000014,700,2417,-1717
123000015,4161,838,3323
123000016,2428,2475,-47
123000017,4900,1901,2999
123000018,140,53,87
123000019,1598,38,1560
123000020,1027,50,977
123000021,684,913,-229
123000022,914,3602,-2688
123000023,2596,3568,-972
123000024,2141,1003,1138
123000025,19,106,-87
123000026,2,267,-265
123000027,15,791,-776
123000028,505,2883,-2378
123000029,406,2269,-1863
123000030,523,239,284
123000031,1039,205,834
123000032,1422,257,1165
123000033,454,77,377
123000034,1449,721,728
123000035,524,555,-31
123000036,287,1505,-1218
123000037,248,225,23
123000038,186,190,-4
123000039,810,1612,-802
123000040,496,155,341
123000041,337,1222,-885
123000042,381,1053,-672
123000043,1731,19495,-17764
123000044,3018,2170,848
123000045,2863,1544,1319
123000046,401,1395,-994
123000047,362,567,-205
123000048,228,2412,-2184
123000049,5068,11541,-6473
123000050,3358,2047,1311
123000051,156,328,-172
123000052,1089,3262,-2173
123000053,2414,2350,64
123000054,3463,2819,644
123000055,2562,6670,-4108
123000056,1144,634,510
123000057,3325,6689,-3364
123000058,819,2002,-1183
123000059,159,364,-205
123000060,1578,335,1243
123000061,433,334,99
123000063,2118,1328,790
123000064,2549,167,2382
123000065,3186,3348,-162
123000066,318,518,-200
123000067,998,435,563
123000068,1463,1328,135
123000069,2550,1062,1488
123000070,125,270,-145
123000071,3550,439,3111
123000072,1274,437,837
123000073,3607,723,2884
123000074,958,589,369
123000075,434,2617,-2183
123000076,1351,288,1063
123000077,2182,1001,1181
123000078,4406,805,3601
123000079,4306,1274,3032
123000080,3415,737,2678
123000081,216,187,29
123000082,171,564,-393
123000083,1858,210,1648
123000084,1158,249,909
123000085,1032,85,947
123000086,1575,89,1486
123000087,804,192,612
123000088,1476,345,1131
123000089,1849,823,1026
123000090,2032,899,1133
123000091,2024,1060,964
123000092,675,1460,-785
123000094,1880,139,1741
123000095,2061,679,1382
123000096,1674,246,1428
123000097,1132,522,610
123000098,1086,297,789
123000099,903,392,511
123000100,147,749,-602
123000101,415,240,175
123000102,274,1059,-785
123000104,606,327,279
123000105,306,123,183
123000106,877,318,559
123000107,328,141,187
123000108,482,702,-220
123000111,2088,334,1754
123000112,2471,275,2196
123000113,578,369,209
123000114,479,740,-261
123000115,638,347,291
123000116,24,31,-7
123000117,4492,1556,2936
123000118,825,389,436
123000119,386,293,93
123000120,244,395,-151
123000121,686,428,258
123000122,356,177,179
123000123,748,360,388
123000124,495,197,298
123000125,1961,736,1225
123000126,1424,4671,-3247
123000127,520,337,183
123000128,319,121,198
123000129,2010,95,1915
123000130,2043,22,2021
123000131,3388,1007,2381
123000132,353,256,97
123000133,186,115,71
123000134,216,38,178
123000135,4883,834,4049
123000136,278,238,40
123000137,259,116,143
123000138,167,158,9
123000139,1292,65,1227
123000140,41,446,-405
123000141,776,90,686
123000142,1138,891,247
123000143,744,1517,-773
123000144,3,26,-23
123000145,146,296,-150
123000146,24,166,-142
123000147,29,348,-319
123000149,479,87,392
123000150,141,173,-32
123000151,108,499,-391
123000152,9,234,-225
123000153,86,776,-690
123000154,661,1963,-1302
123000155,974,1850,-876
123000156,30,46,-16
123000157,773,1097,-324
123000158,371,1205,-834
123000159,2351,6249,-3898
123000160,987,1736,-749
123000161,1590,1805,-215
123000162,2670,2639,31
123000163,1464,179,1285
123000164,3711,137,3574
123000165,199,769,-570
123000166,11,75,-64
123000167,128,143,-15
123000168,515,148,367
123000169,1816,87,1729
123000170,169,93,76
123000171,3000,12,2988
123000172,45,296,-251
123000173,1180,359,821
123000174,1290,594,696
123000175,261,904,-643
123000176,1233,291,942
123000177,272,733,-461
123000178,1422,256,1166
123000179,12,422,-410
123000180,2233,275,1958
123000181,173,555,-382
123000182,273,124,149
123000183,83,777,-694
123000184,33,416,-383
123000185,1819,600,1219
123000186,1,215,-214
123000187,824,37,787
123000188,834,8,826
123000189,190,103,87
123000190,102,39,63
123000192,6,325,-319
123000193,17,267,-250
123000194,185,105,80
123000195,614,33,581
123000196,757,67,690
123000197,139,112,27
123000198,127,145,-18
123000199,41,173,-132
123000200,797,14,783
123000201,2041,16,2025
123000202,4,259,-255
123000203,2120,18,2102
123000204,13,364,-351
123000205,99,509,-410
123000206,4372,138,4234
123000207,85,347,-262
123000208,1558,82,1476
123000209,2496,545,1951
123000210,59,644,-585
123000211,399,902,-503
123000212,7096,352,6744
123000213,929,78,851
123000215,51,193,-142
123000216,283,1910,-1627
123000217,304,54,250
123000218,34,581,-547
123000219,498,163,335
123000220,826,326,500
123000221,248,122,126
123000222,666,219,447
123000223,1743,83,1660
123000224,888,163,725
123000225,523,45,478
123000226,214,301,-87
123000227,153,171,-18
123000228,582,64,518
123000229,574,435,139
123000232,84,270,-186
123000233,1586,96,1490
123000234,104,442,-338
123000235,3434,203,3231
123000236,384,452,-68
123000237,963,230,733
123000238,9,293,-284
123000239,360,448,-88
123000240,40,1274,-1234
123000241,263,84,179
123000242,584,190,394
123000243,786,808,-22
123000244,678,439,239
123000245,12,169,-157
123000249,250,635,-385
123000252,1223,433,790
123000253,3157,440,2717
123000254,716,393,323
123000255,1468,577,891
123000256,10,161,-151
123000257,1652,1416,236
123000258,780,483,297
123000259,697,452,245
123000260,1061,162,899
123000261,701,154,547
123000262,39,47,-8
123000263,1018,85,933
123000264,169,73,96
123000265,10,62,-52
123000266,565,508,57
123000267,1266,219,1047
123000268,46,29,17
123000269,22,45,-23
123000270,38,38,0
123000271,23,26,-3
123000272,899,294,605
123000273,221,1120,-899
123000274,1768,715,1053
123000275,176,525,-349
123000278,1342,5374,-4032
123000279,249,96,153
123000280,330,240,90
123000281,415,37,378
123000282,91,173,-82
123000283,348,72,276
123000284,30,33,-3
123000286,125,314,-189
123000287,257,231,26
123000288,975,2107,-1132
123000289,179,2745,-2566
123000291,108,585,-477
123000294,188,156,32
123000295,539,1547,-1008
123000296,1134,666,468
123000297,224,178,46
123000298,263,154,109
123000299,34,43,-9
123000300,2072,851,1221
123000301,263,622,-359
123000302,396,40,356
123000303,176,660,-484
123000305,427,559,-132
123000306,561,66,495
123000309,41,51,-10
123000310,76,20,56
123000311,1,70,-69
123000312,173,179,-6
123000313,724,838,-114
123000315,413,138,275
123000316,929,349,580
123000317,312,100,212
123000318,32,122,-90
123000329,37,20,17
123000337,343,133,210
123000338,205,232,-27
123000339,755,78,677
123000340,96,284,-188
123000342,1,63,-62
123000343,131,88,43
123000344,487,81,406
123000345,343,237,106
123000346,748,100,648
123000352,779,518,261
123000353,66,71,-5
123000354,856,27,829
123000355,1,481,-480
123000356,821,16,805
123000357,1,57,-56
123000359,2,96,-94
123000360,305,523,-218
123000361,477,189,288
123000362,883,59,824
123000363,179,71,108
123000364,574,540,34
123000365,16,326,-310
123000366,306,4237,-3931
123000367,208,429,-221
123000370,42,165,-123
123000371,1221,89,1132
123000372,563,32,531
123000373,7,106,-99
123000374,4,82,-78
123000375,546,75,471
123000376,1144,784,360
123000377,1747,12,1735
123000378,14,174,-160
123000379,0,221,-221
123000380,3,257,-254
123000381,101,215,-114
123000382,955,187,768
123000383,44,685,-641
123000384,1139,314,825
123000385,164,488,-324
123000436,180,1693,-1513
123000507,41,111,-70
123000508,124,1504,-1380
123000517,162,7,155
123000518,45,52,-7
123000519,216,19,197
123000520,15,45,-30
123000521,902,68,834
123000522,141,114,27
123000541,24,2,22
123000542,0,7,-7
123000565,1020,115,905
123000566,855,98,757
123000567,251,76,175
123000573,17,320,-303
123000574,1874,60,1814
123000575,4525,343,4182
123000576,1759,521,1238
123000577,82,438,-356
123000578,800,71,729
123000579,912,9780,-8868
123000580,69,143,-74
123000582,1223,45,1178
123000583,7,188,-181
123000584,226,156,70
123000585,0,22,-22
123000586,395,3,392
123000596,50,22,28
123000597,169,124,45
123000602,345,60,285
123000603,2549,225,2324
123000604,1141,224,917
123000605,1373,112,1261
123000606,2,884,-882
123000609,11,293,-282
123000610,42,57,-15
123000613,117,46,71
123000614,697,86,611
123000615,122,45,77
123000616,2355,60,2295
123000617,191,146,45
123000618,24,505,-481
123000619,770,36,734
123000620,9,317,-308
123000622,1176,17,1159
123000624,741,91,650
123000630,2899,662,2237
123000631,297,363,-66
123000632,716,343,373
123000633,1,223,-222
123000634,49,622,-573
123000635,21,108,-87
123000636,19,267,-248
123000637,169,28,141
123000638,1078,28,1050
123000639,1444,11468,-10024
123000640,6,152,-146
123900001,1441,57,1384
123900002,33,1260,-1227
123900003,212,289,-77
123900005,574,341,233
123900006,1002,138,864
124000001,3634,301,3333
124000002,20,506,-486
124000003,2145,313,1832
124000004,73,318,-245
124000005,1709,3633,-1924
124000006,205,462,-257
124000007,2132,357,1775
124000008,4,1050,-1046
124000009,932,606,326
124000010,904,836,68
124000011,1486,1378,108
124000012,802,247,555
124000017,463,87,376
124000018,114,46,68
124000019,327,73,254
124000020,85,92,-7
124000021,141,37,104
124000022,57,118,-61
124000023,1599,1697,-98
124000024,984,197,787
124000025,1269,1660,-391
124000026,908,749,159
124000027,3331,2146,1185
124000028,1286,3363,-2077
124000030,1314,923,391
124000031,1553,21066,-19513
124000032,1135,674,461
124000033,233,893,-660
124000034,1022,1346,-324
124000035,8,150,-142
124000036,39,672,-633
124000037,206,397,-191
124000038,7,38,-31
124000039,365,129,236
124000040,160,959,-799
124000041,1324,147,1177
124000042,451,425,26
124000043,178,54,124
124000044,61,193,-132
124000045,2792,270,2522
124000046,210,537,-327
124000047,5303,291,5012
124000048,1507,266,1241
124000049,3546,217,3329
124000050,968,694,274
124000051,2658,302,2356
124000052,522,362,160
124000053,409,3691,-3282
124000054,658,192,466
124000055,1276,8940,-7664
124000056,1113,520,593
124000057,2522,273,2249
124000058,920,704,216
124000059,1638,1311,327
124000060,376,487,-111
124000061,1326,8278,-6952
124000062,1385,883,502
124000063,959,568,391
124000064,1163,737,426
124000065,9,2438,-2429
124000066,464,50,414
124000067,170,345,-175
124000068,52,72,-20
124000069,388,36,352
124000070,220,19,201
124000071,264,119,145
124000072,807,505,302
124000073,1267,101,1166
124000074,359,259,100
124000075,864,72,792
124000076,32,42,-10
124000077,380,641,-261
124000078,1454,562,892
124000079,360,780,-420
124000080,1561,162,1399
124000081,252,200,52
124000082,139,114,25
124000083,12,42,-30
124000084,32,856,-824
124000085,33,12,21
124000086,45,375,-330
124000087,31,173,-142
124000088,242,297,-55
124000089,884,287,597
124000090,101,274,-173
124000091,868,62,806
124000092,269,252,17
124000093,227,89,138
124000094,156,394,-238
124000095,245,52,193
124000096,249,136,113
124000097,215,85,130
124000098,134,30,104
124000099,233,44,189
124000100,55,42,13
124000101,188,124,64
124000102,45,9,36
124000103,246,123,123
124000104,76,22,54
124000105,281,65,216
124000106,98,19,79
124000107,49,295,-246
124000108,23,17,6
124000109,222,40,182
124000110,93,29,64
124000111,383,69,314
124000112,1699,348,1351
124000113,305,136,169
124000114,766,193,573
124000115,321,506,-185
124000116,122,288,-166
124000117,21,30,-9
124000118,12,50,-38
124000119,1080,590,490
124000120,1233,241,992
124000121,787,1107,-320
124000122,400,1355,-955
124000123,578,189,389
124000124,497,419,78
124000125,478,200,278
124000126,308,246,62
124000127,1300,197,1103
124000128,678,379,299
124000129,1701,903,798
124000130,261,262,-1
124000131,664,418,246
124000132,411,407,4
124000133,1376,672,704
124000134,627,306,321
124000135,1585,1602,-17
124000136,382,562,-180
124000137,1129,822,307
124000138,552,600,-48
124000139,250,49,201
124000140,12,408,-396
124000141,60,43,17
124000142,6,491,-485
124000143,74,15,59
124000144,8,166,-158
124000145,280,91,189
124000146,18,105,-87
124000148,10,48,-38
124000149,1519,237,1282
124000150,524,472,52
124000151,1504,131,1373
124000152,697,480,217
124000153,1435,544,891
124000154,657,327,330
124000155,776,702,74
124000156,598,548,50
124000169,181,933,-752
124000170,555,347,208
124000171,491,490,1
124000172,236,369,-133
124000173,1562,194,1368
124000174,593,405,188
124000175,29,84,-55
124000176,59,74,-15
124000177,3,88,-85
124000178,32,164,-132
124000190,18,19,-1
124000191,10,174,-164
124000192,1463,1529,-66
124000193,129,5093,-4964
124000194,236,219,17
124000195,548,407,141
124000196,428,507,-79
124000197,65,13,52
124000198,105,42,63
124000201,49,224,-175
124000202,1235,115,1120
124000203,1830,116,1714
124000204,4491,145,4346
124000205,298,331,-33
124000206,3213,289,2924
124000207,0,19,-19
124000209,181,154,27
124000210,2788,315,2473
124000211,2181,1,2180
124000212,1,99,-98
124000213,1544,169,1375
124000214,1259,201,1058
124000215,1944,8,1936
124000216,9,235,-226
124000329,43,547,-504
124000338,23,366,-343
124000339,6341,24,6317
124000341,4704,55,4649
124000344,84,37,47
124000357,1183,4413,-3230
124000358,765,2335,-1570
124000359,2040,635,1405
124000360,2525,370,2155
124000361,2941,1228,1713
124000362,1800,2774,-974
124000363,680,238,442
124000364,670,607,63
124000365,898,649,249
124000366,2314,564,1750
124000367,28,195,-167
124000368,203,3331,-3128
124000369,52,91,-39
124000370,16,659,-643
124000402,13,39,-26
124000403,203,29,174
124000404,35,26,9
124000405,615,451,164
124000406,562,231,331
124000407,7,4,3
124000411,4,354,-350
124000412,767,0,767
124000413,241,435,-194
124000414,224,47,177
124000415,137,33,104
124000416,187,62,125
124000417,484,52,432
124000418,705,30,675
124000419,126,13,113
124000420,513,18,495
124000421,94,54,40
124000422,11,25,-14
124000423,190,15,175
124000424,11,83,-72
124000425,32,78,-46
124000426,65,284,-219
124000427,98,1,97
124000428,0,1060,-1060
124000429,350,22,328
124000430,1350,573,777
124000431,549,315,234
124000432,421,614,-193
124000439,80,0,80
124000442,51,30,21
124000443,3,14,-11
124000445,74,1677,-1603
124000446,158,185,-27
124900001,1251,120,1131
124900002,347,132,215
124900003,1651,186,1465
124900004,1869,112,1757
124900005,244,79,165
124900006,1537,130,1407
124900008,443,348,95
124900009,67,1013,-946
124900010,962,100,862
124900011,2832,265,2567
124900012,812,111,701
124900013,668,71,597
124900014,314,106,208
124900015,294,1661,-1367
124900016,144,410,-266
124900017,559,8259,-7700
124900018,300,26,274
124900019,835,11,824
124900020,327,130,197
124900021,1031,147,884
124900022,154,4,150
124900024,723,1,722
124900026,104,75,29
124900027,186,166,20
124900028,419,72,347
124900029,25,1035,-1010
124900030,17,108,-91
124900031,76,589,-513
124900032,260,67,193
124900033,72,84,-12
124900034,4,177,-173
124900035,104,182,-78
124900036,0,60,-60
124900037,99,71,28
124900038,67,75,-8
124900039,0,29,-29
124900040,234,29,205
124900041,334,243,91
124900042,25,1,24
124900043,468,233,235
124900044,75,1,74
124900045,208,758,-550
124900046,538,327,211
124900047,40,50,-10
124900048,187,80,107
124900050,162,89,73
124900052,321,187,134
124900053,626,171,455
124900054,700,1042,-342
124900055,0,53,-53
124900057,3,89,-86
124900060,40,113,-73
124900061,255,11,244
124900062,259,8,251
124900066,0,0,0
124900067,14,69,-55
124900068,169,2597,-2428
124900069,15,216,-201
124900070,40,35,5
124900072,532,41,491
124900074,516,694,-178
124900075,1321,169,1152
124900076,36,3698,-3662
124900077,19,95,-76
124900078,246,8,238
124900079,120,377,-257
124900080,563,177,386
124900081,1935,95,1840
124900082,343,168,175
124900083,468,275,193
124900084,572,28,544
124900085,237,298,-61
124900086,25,817,-792
124900087,118,20,98
124900088,94,60,34
124900089,483,18,465
124900090,1440,102,1338
124900091,376,193,183
124900092,445,116,329
124900093,1214,165,1049
124900094,1324,141,1183
124900095,229,929,-700
124900096,322,380,-58
124900097,862,40,822
124900098,138,344,-206
124900099,220,649,-429
124900100,579,14,565
124900101,152,172,-20
124900102,607,5,602
124900103,198,72,126
124900104,77,99,-22
124900105,105,62,43
124900106,614,37,577
124900107,366,13,353
124900108,225,176,49
124900109,262,503,-241
124900110,1190,141,1049
124900111,1,440,-439
124900112,550,272,278
129000186,146,124,22
204000001,62,11,51
204000002,22,3,19
204000003,59,10,49
204000004,43,2,41
204000005,402,265,137
204000006,1247,1041,206
204000008,655,136,519
204000011,19,8,11
204000012,21,14,7
204000013,0,4,-4
204000019,1257,284,973
204000020,1840,255,1585
204000021,996,867,129
204000022,1664,602,1062
204000023,858,300,558
204000031,1,2,-1
204000032,193,12,181
204000034,45,127,-82
204000035,5,6,-1
204000036,7,81,-74
204000037,0,23,-23
204000038,12,6,6
204000039,5,41,-36
204000040,4,28,-24
204000041,21,80,-59
204000042,76,39,37
204000043,66,18,48
204000044,93,13,80
204000045,188,17,171
204000046,24,6,18
204000057,5,37,-32
204000062,3,57,-54
204000068,17,216,-199
204000069,3,336,-333
204000070,65,31,34
204000080,81,30,51
204000085,1245,609,636
204000086,1254,823,431
204000087,82,6,76
204000088,3,17,-14
204000090,95,196,-101
204000093,1372,17,1355
204000096,1934,366,1568
204000097,1141,4,1137
204000099,1311,2033,-722
204000100,1901,786,1115
204000105,1415,418,997
204000110,398,617,-219
204000111,653,530,123
204000112,384,320,64
204000113,336,421,-85
204000114,1448,1122,326
204000115,1745,275,1470
204000116,775,336,439
204000119,3283,705,2578
204000132,629,610,19
204000133,762,74,688
204000134,315,46,269
204000135,638,21,617
204000136,445,225,220
204000138,276,729,-453
204000140,318,83,235
204000141,133,34,99
204000144,7,35,-28
204000145,1153,13,1140
204000146,16,100,-84
204000147,21,129,-108
204000148,139,22,117
204000154,33,11,22
204000155,0,1,-1
204000177,82,49,33
204000179,39,23,16
204000180,0,59,-59
204000222,16,16,0
204000235,95,35,60
204000236,80,116,-36
204000238,46,5,41
204000240,552,32,520
204000308,91,10,81
204000317,18,90,-72
204000322,37,139,-102
204000323,32,0,32
204000328,329,15,314
204000329,37,35,2
204000330,334,12,322
204000331,143,38,105
204010341,3,169,-166
205000001,543,844,-301
205000013,42,127,-85
205000014,133,118,15
205000015,119,33,86
205000016,41,54,-13
205000017,41,99,-58
205000022,243,333,-90
205000025,1343,285,1058
205000029,1067,6,1061
205000045,178,154,24
205000047,58,107,-49
205000048,377,118,259
205000049,140,242,-102
205000050,309,126,183
205000059,0,266,-266
205000060,1,401,-400
205000061,1,837,-836
205000062,4,866,-862
205000063,22,1076,-1054
205000064,69,299,-230
205000065,320,709,-389
205000066,252,186,66
205000067,154,214,-60
205000069,215,14,201
205000082,76,172,-96
205000110,16,45,-29
205000111,99,56,43
205000112,32,72,-40
205000113,88,66,22
205000121,100,31,69
205000123,137,35,102
205000126,657,113,544
205000127,699,102,597
205000128,450,76,374
205000129,751,83,668
205000130,434,32,402
205000131,35,8,27
205000132,43,23,20
205000133,37,2,35
205000134,299,2,297
205000137,407,33,374
205000138,503,148,355
205000139,23,25,-2
205000144,32,14,18
205000145,223,78,145
205000151,73,35,38
205000152,71,30,41
205000153,105,33,72
205000154,61,25,36
205000155,104,7,97
205000207,0,24,-24
205000233,29,23,6
205000234,0,1,-1
205000243,0,0,0
205000244,0,1,-1
205000245,0,30,-30
205000249,0,9,-9
205000250,2,2,0
205000251,175,130,45
205000264,16,70,-54
206000027,31,29,2
206000028,17,9,8
206000043,5,49,-44
206000053,2,1,1
206000054,1,21,-20
206000055,0,5,-5
206000075,17,12,5
206000076,66,6,60
206000077,59,4,55
206000078,7,6,1
206000079,74,6,68
206000082,309,212,97
206000100,12,425,-413
206000103,0,0,0
206000104,0,0,0
206000105,0,1,-1
206000106,1,1,0
206000108,1455,73,1382
206000125,272,0,272
206000157,11,208,-197
206000170,0,110,-110
206000171,13,147,-134
206000172,28,85,-57
206000173,1,63,-62
206000174,36,10,26
206000175,0,28,-28
206000176,17,42,-25
206000177,1,44,-43
206000178,0,275,-275
206000179,3,126,-123
206000180,3,49,-46
206000181,1,21,-20
206000182,1,49,-48
206000183,15,128,-113
206000184,3,65,-62
206000185,7,19,-12
206000186,150,201,-51
206000223,15,210,-195
206000226,108,2,106
206000227,100,2,98
206000237,65,117,-52
206000238,27,405,-378
206000239,163,1377,-1214
206000240,0,0,0
206000241,0,45,-45
206000242,3,96,-93
206000243,7,25,-18
206000244,27,100,-73
206000245,4316,41,4275
206000246,853,5,848
206000247,1483,10,1473
206000248,1883,16,1867
206000252,65,58,7
206000258,1,5,-4
206000315,89,1,88
206000317,643,297,346
206000318,910,103,807
206000319,3613,63,3550
206000320,1058,25,1033
206000321,1736,8,1728
206000322,2032,10,2022
206000323,920,6,914
206000324,1150,7,1143
206000325,526,44,482
206000326,597,29,568
206000327,93,37,56
206000328,774,7,767
206000329,1773,6,1767
206000330,473,6,467
206000331,681,4,677
206000332,122,8,114
206000333,3466,5,3461
206000334,1883,1,1882
206000335,0,20,-20
206000361,1,28,-27
206000392,3,12,-9
206000405,615,0,615
206000441,265,27,238
206000498,165,10,155
206000515,83,55,28
206000530,556,52,504
206000531,247,412,-165
206000532,1485,428,1057
206000535,73,2416,-2343
206000536,5,56,-51
206000537,21,116,-95
206000613,1055,255,800
207000001,127,204,-77
207000002,152,168,-16
207000003,108,103,5
207000007,2871,103,2768
207000008,510,3,507
207000009,86,6,80
207000010,224,179,45
207000012,832,110,722
207000015,168,403,-235
207000019,536,42,494
207000021,406,277,129
207000022,287,163,124
207000023,516,52,464
207000024,3,7,-4
207000025,29,68,-39
207000026,26,43,-17
207000027,19,39,-20
207000028,136,115,21
207000029,426,215,211
207000033,363,199,164
207000034,438,47,391
207000039,1478,34,1444
207000040,1422,49,1373
207000041,285,43,242
207000042,928,24,904
207000043,606,234,372
207000051,51,134,-83
207000052,1,63,-62
207000053,292,191,101
207000054,26,26,0
207000055,104,27,77
207000056,171,126,45
207000057,84,106,-22
207000058,98,153,-55
207000059,47,224,-177
207000060,45,104,-59
207000061,94,2027,-1933
207000062,1073,42,1031
207000063,1278,39,1239
207000064,807,48,759
207000065,488,114,374
207000066,783,163,620
207000067,237,52,185
207000068,334,33,301
207000069,1594,207,1387
207000082,17,66,-49
207000083,66,121,-55
207000084,692,149,543
207000085,464,51,413
207000086,965,16,949
207000106,177,9,168
207000107,446,31,415
207000108,314,12,302
207000109,159,4,155
207000110,56,13,43
207000111,97,32,65
207000112,57,650,-593
207000114,2,12,-10
207000115,15,52,-37
207000116,0,204,-204
207000117,0,36,-36
207000118,1,49,-48
207000119,25,32,-7
207000123,525,8,517
207000124,274,19,255
207000125,121,7,114
207000126,136,4,132
207000134,566,58,508
207000135,139,103,36
207000148,142,302,-160
207000149,30,17,13
207000152,145,366,-221
207000153,298,539,-241
207000154,484,126,358
207000159,32,133,-101
207000160,122,200,-78
207000238,0,13,-13
207000242,0,34,-34
207000248,15,12,3
207000249,68,14,54
207000250,176,45,131
207000251,71,136,-65
207000252,12,39,-27
207000278,358,133,225
207000279,30,77,-47
207000280,2010,28,1982
207000281,128,248,-120
207000282,36,755,-719
207000283,59,192,-133
207000284,54,2693,-2639
207000285,27,91,-64
207000291,9,49,-40
207000304,73,44,29
207000306,32,195,-163
207000310,506,139,367
207000353,62,2,60
207000356,2,64,-62
207000357,6,31,-25
207000415,1,30,-29
207000417,38,1,37
207000437,0,3,-3
207000439,364,119,245
207000446,137,0,137
207000460,154,2,152
207000466,65,74,-9
207000476,2,15,-13
207000477,605,22,583
207000523,0,2,-2
207000524,12,0,12
207000527,472,57,415
207000530,586,1,585
207000531,313,3,310
207000532,99,23,76
207000534,150,17,133
207000535,0,122,-122
207000537,5,38,-33
207000540,0,41,-41
207000541,0,70,-70
207000548,0,57,-57
207000549,178,9,169
207000561,165,83,82
207000562,5,98,-93
207000567,33,156,-123
207000568,1192,84,1108
207000569,2167,167,2000
207000584,18,91,-73
207000585,2,50,-48
207000616,0,32,-32
207000617,281,0,281
207900008,976,52,924
208000001,943,691,252
208000002,993,535,458
208000003,918,233,685
208000004,884,586,298
208000005,3,64,-61
208000019,2241,231,2010
208000020,376,102,274
208000021,355,234,121
208000022,779,222,557
208000028,984,1758,-774
208000033,244,144,100
208000034,427,800,-373
208000040,502,127,375
208000041,1308,665,643
208000042,2766,571,2195
208000047,61,97,-36
208000064,3189,1026,2163
208000066,1626,790,836
208000070,916,557,359
208000071,1454,199,1255
208000072,1352,304,1048
208000080,383,602,-219
208000081,500,104,396
208000082,703,102,601
208000083,364,156,208
208000084,18,96,-78
208000085,997,318,679
208000086,799,496,303
208000087,681,363,318
208000089,1401,218,1183
208000090,809,294,515
208000093,20,103,-83
208000094,361,237,124
208000095,924,441,483
208000104,2821,222,2599
208000105,1446,377,1069
208000114,134,282,-148
208000115,1282,424,858
208000116,2462,1876,586
208000117,15,140,-125
208000118,201,346,-145
208000155,1118,810,308
208000158,2376,1981,395
208000186,1327,1289,38
208000204,1015,721,294
208000205,1908,543,1365
208000282,838,657,181
209000004,920,111,809
209000005,163,57,106
209000006,435,185,250
209000007,577,551,26
209000010,141,326,-185
209000011,46,270,-224
209000012,110,74,36
209000013,402,87,315
209000014,410,195,215
209000025,911,75,836
209000026,2001,149,1852
209000027,448,171,277
209000028,346,134,212
209000029,465,620,-155
209000030,491,734,-243
209000031,2272,781,1491
209000034,213,328,-115
209000035,183,301,-118
209000036,470,97,373
209000037,682,124,558
209000038,344,112,232
209000039,151,119,32
209000040,374,254,120
209000041,228,164,64
209000042,289,111,178
209000043,626,271,355
209000044,408,449,-41
209000045,619,220,399
209000046,792,175,617
209000047,681,288,393
209000048,751,686,65
209000049,83,30,53
209000050,205,41,164
209000051,321,47,274
209000052,194,78,116
209000062,215,27,188
209000063,106,9,97
209000064,49,17,32
209000065,237,24,213
209000066,441,14,427
209000067,393,38,355
209000080,22,107,-85
209000082,284,49,235
209000091,20,96,-76
209000093,52,56,-4
209000094,32,155,-123
209000110,90,51,39
209000111,449,3276,-2827
209000112,2110,477,1633
209000113,4790,744,4046
209000114,2095,642,1453
209000115,80,48,32
209000116,197,174,23
209000118,18,108,-90
209000119,16,72,-56
209000121,123,343,-220
209000135,125,45,80
209000142,790,6811,-6021
209000143,11,73,-62
209000144,113,393,-280
209000229,299,70,229
209000240,26,156,-130
209000259,69,18,51
209000260,18,411,-393
209000261,20,562,-542
209000262,5,281,-276
209000263,0,131,-131
209000264,0,100,-100
209000265,508,28,480
209000266,274,3,271
209000267,2177,1,2176
209000268,721,186,535
210000037,267,101,166
210000047,165,11,154
210000048,255,59,196
210000049,246,6,240
210000052,149,44,105
210000053,68,25,43
210000054,24,71,-47
210000070,357,35,322
210000071,201,5,196
210000072,97,0,97
210000073,0,2,-2
210000074,0,30,-30
210000075,0,40,-40
210000076,5,102,-97
210000077,10,154,-144
210000078,29,163,-134
210000079,48,37,11
210000080,79,395,-316
210000081,246,8,238
210000082,12,0,12
210000083,85,22,63
210000084,257,0,257
210000085,1,51,-50
210000086,2,59,-57
210000099,51,97,-46
210000100,41,60,-19
210000101,63,89,-26
210000105,3,271,-268
210000159,0,329,-329
210000163,33,64,-31
210000164,473,183,290
210000168,571,39,532
210000187,0,8,-8
210000188,1,2,-1
210000214,17,0,17
210000219,328,28,300
210000220,453,9,444
210000232,1,41,-40
210000233,42,27,15
210000234,40,23,17
210000235,140,24,116
210000245,0,15,-15
210000246,15,1,14
210000258,3,67,-64
210000259,529,54,475
210000282,6,84,-78
210000285,3,112,-109
210000286,36,119,-83
210000295,73,189,-116
210000296,65,30,35
210000320,820,33,787
210000321,592,22,570
210000338,56,126,-70
210000339,46,784,-738
210000340,45,142,-97
210000341,263,135,128
210000342,322,113,209
210000343,177,161,16
210000344,88,222,-134
210000345,86,474,-388
210000346,45,271,-226
210000347,15,255,-240
210000348,206,169,37
210000349,93,151,-58
210000350,230,76,154
210000351,260,31,229
210000352,74,18,56
210000353,45,23,22
210000354,27,21,6
210000355,35,297,-262
210000356,17,591,-574
210000357,60,535,-475
210000358,936,420,516
210000359,147,390,-243
210000360,424,472,-48
210000361,521,184,337
210000362,630,91,539
210000363,713,117,596
210000364,564,188,376
210000365,545,39,506
210000366,631,89,542
210000367,295,39,256
210000368,394,82,312
210000369,98,122,-24
210000370,153,159,-6
210000372,42,54,-12
210000373,19,99,-80
210000374,108,170,-62
210000375,20,8,12
210000376,34,248,-214
210000404,26,54,-28
210000439,206,1,205
210000472,120,0,120
210000482,219,101,118
210000564,432,142,290
210000568,434,3,431
211000092,142,9,133
211000094,21,0,21
211000169,414,0,414
211000172,55,35,20
211000209,0,86,-86
211000275,37,18,19
211000276,389,27,362
211000279,57,24,33
211000281,258,8,250
211507980,0,31,-31
211977296,39,0,39
212000003,376,161,215
212000004,5,139,-134
212000005,14,154,-140
212000006,31,175,-144
212000008,267,235,32
212000009,93,124,-31
212000012,205,48,157
212000013,88,22,66
212000014,427,56,371
212000015,403,68,335
212000016,603,250,353
212000027,701,173,528
212000028,626,162,464
212000029,409,183,226
212000030,95,14,81
212000031,85,27,58
212000048,36,607,-571
212000049,15,296,-281
212000050,3,24,-21
212000051,439,87,352
212000052,346,111,235
212000053,244,122,122
212000054,1017,44,973
212000055,834,73,761
212000056,50,39,11
212000057,61,10,51
212000058,213,40,173
212000070,231,69,162
212000077,233,97,136
212000099,708,118,590
212000108,421,425,-4
212000111,702,47,655
212000120,140,232,-92
212000138,256,63,193
212000156,1,43,-42
212000158,0,91,-91
212000159,1019,41,978
212000160,1265,49,1216
212000161,187,7,180
212000310,86,2,84
212000311,28,43,-15
212000374,32,11,21
213000001,16,280,-264
213000005,1207,69,1138
213000006,1122,110,1012
213000007,57,9,48
213000009,395,142,253
213000010,558,93,465
213000011,217,39,178
213000012,272,128,144
213000014,74,34,40
213000015,435,3,432
213000016,438,16,422
213000017,75,0,75
213000018,0,6,-6
213000019,0,26,-26
213000020,139,86,53
213000021,3,54,-51
213000023,1035,196,839
213000033,361,951,-590
213000034,653,149,504
213000035,210,512,-302
213000045,202,161,41
213000046,67,74,-7
213000047,187,754,-567
213000056,435,5,430
213000069,122,26,96
213000073,0,33,-33
213000074,24,165,-141
213000075,1660,17,1643
213000085,2,31,-29
213000086,11,81,-70
213000091,901,14,887
213000092,9,5,4
213000099,106,716,-610
213000100,1020,213,807
213000101,1337,54,1283
213000102,1613,74,1539
213000103,792,250,542
213000104,26,134,-108
213000105,127,2132,-2005
213000106,72,121,-49
213000107,79,236,-157
213000108,50,184,-134
213000109,14,106,-92
213000110,8,78,-70
213000111,0,25,-25
213000112,74,90,-16
213000115,65,4,61
213000116,9,153,-144
213000117,2,166,-164
213000118,2080,374,1706
213000119,19,199,-180
213000120,32,160,-128
213000122,130,229,-99
213000123,62,287,-225
213000124,258,532,-274
213000125,272,103,169
213000126,16,86,-70
213000127,12,103,-91
213000128,40,494,-454
213000129,181,2262,-2081
213000130,2060,770,1290
213000132,2619,125,2494
213000133,2434,163,2271
213000134,3321,28,3293
213000136,1036,3,1033
213000137,1100,8,1092
213000139,310,23,287
213000147,37,9,28
213000148,10,9,1
213000149,3,13,-10
213000150,0,567,-567
213000151,2,145,-143
213000152,0,200,-200
213000153,1,150,-149
213000154,78,178,-100
213000155,148,88,60
213000156,208,145,63
213000157,1223,139,1084
213000158,713,340,373
213000159,1390,188,1202
213000163,4540,537,4003
213000165,981,309,672
213000171,0,11,-11
213000172,1,60,-59
213000173,0,41,-41
213000174,9,46,-37
213000175,19,76,-57
213000176,655,58,597
213000177,470,11,459
213000178,715,4,711
213000179,784,0,784
213000180,1317,2,1315
213000184,36,201,-165
213000188,1504,53,1451
213000189,2187,24,2163
213000190,1224,204,1020
213000191,1619,153,1466
213000192,943,118,825
213000193,247,185,62
213000194,0,212,-212
213000195,13,146,-133
213000196,628,1646,-1018
213000197,820,991,-171
213000198,37,2,35
213000200,206,426,-220
213000201,34,89,-55
213000202,3,312,-309
213000203,1619,180,1439
213000204,1481,37,1444
213000205,1172,20,1152
213000206,1439,19,1420
213000207,41,1,40
213000208,16,1,15
213000209,97,2,95
213000210,219,0,219
213000211,3,15,-12
213000212,27,14,13
213000213,69,22,47
213000218,510,391,119
213000219,2428,111,2317
213000220,2951,9,2942
213000223,397,60,337
213000224,77,33,44
213000225,98,27,71
213000226,95,7,88
213000227,2693,63,2630
213000228,1644,54,1590
213000229,295,22,273
213000230,660,13,647
213000232,145,12,133
213000233,14,141,-127
213000234,0,13,-13
213000293,15,61,-46
213000294,107,17,90
213000295,47,57,-10
213000296,148,9,139
213000297,15,51,-36
213000298,17,74,-57
213000299,66,22,44
213000300,3,3,0
213000303,0,12,-12
213000304,0,6,-6
213000305,0,9,-9
213000306,32,373,-341
213000307,139,134,5
213000308,46,134,-88
213000309,339,20,319
213000310,628,125,503
213000311,83,563,-480
213000315,67,192,-125
213000316,683,31,652
213000322,171,51,120
213000323,327,34,293
213000324,268,41,227
213000325,510,22,488
213000326,418,19,399
213000327,544,57,487
213000328,239,103,136
213000329,527,44,483
213000340,78,159,-81
213000341,2091,30,2061
213000347,187,1236,-1049
213000348,7,41,-34
213000349,4,8,-4
213000350,111,760,-649
213000366,122,144,-22
213000367,684,11,673
213000379,27,13,14
213000386,32,23,9
213000406,232,71,161
213000417,2685,671,2014
213000425,887,197,690
213000426,613,41,572
213000427,76,66,10
213000428,81,69,12
213000429,4,41,-37
213000430,102,151,-49
213000431,31,0,31
213000432,2,71,-69
213000433,60,42,18
213000434,371,114,257
213000435,284,40,244
213000436,301,26,275
213000437,17,45,-28
213000438,222,49,173
213000439,38,16,22
213000440,54,138,-84
213000441,0,0,0
213000442,10,14,-4
213000443,1067,418,649
213000444,43,31,12
213000445,0,39,-39
213000446,0,55,-55
213000447,2,104,-102
213000448,28,120,-92
213000449,2583,18,2565
213000450,12,28,-16
213000451,778,59,719
213000452,38,12,26
213000453,17,169,-152
213000455,109,1,108
213000456,5,111,-106
213000481,1,0,1
213000484,43,9,34
213000489,246,53,193
213900002,0,594,-594
213900003,74,4,70
213900013,3,51,-48
213900015,0,2,-2
213900016,77,2,75
213900020,60,35,25
213900030,0,50,-50
213900032,105,71,34
213900033,597,26,571
213900034,1680,41,1639
213900035,246,78,168
213900036,137,71,66
213900037,43,196,-153
213900038,1264,90,1174
213900039,0,26,-26
213900041,5,481,-476
213900042,101,459,-358
213900043,627,38,589
213900244,452,0,452
213900245,0,18,-18
218000003,34,15,19
218000004,23,23,0
218000005,16,68,-52
218000006,93,69,24
218000007,23,23,0
218000012,92,305,-213
218000013,281,298,-17
218000014,511,216,295
218000019,571,325,246
218000020,418,219,199
218000021,44,53,-9
218000022,33,18,15
218000023,13,25,-12
218000024,12,3,9
218000025,18,13,5
218000026,14,18,-4
218000027,2,2,0
218000028,1,1,0
218000029,1,0,1
218000030,40,9,31
218000031,20,6,14
218000032,3,2,1
218000039,294,18,276
218000040,1,4,-3
218000046,143,157,-14
218000047,16,71,-55
218000048,174,39,135
218000049,106,28,78
218000050,336,66,270
218000051,123,104,19
218000052,1,42,-41
218000053,3,5,-2
218000054,9,30,-21
218000055,5,40,-35
218000056,39,45,-6
218000057,19,51,-32
218000064,0,17,-17
218000065,133,56,77
218000066,45,130,-85
218000067,242,46,196
218000068,295,99,196
218000069,606,41,565
218000070,513,308,205
218000071,341,199,142
218000072,125,164,-39
218000078,1421,172,1249
218000079,905,74,831
218000080,627,56,571
218000081,1807,70,1737
218000082,381,58,323
218000083,228,51,177
218000084,321,69,252
218000085,205,133,72
218000086,195,55,140
218000087,248,85,163
218000090,2,182,-180
218000091,1307,304,1003
218000092,320,107,213
218000093,138,88,50
218000094,242,83,159
218000099,407,443,-36
218000100,598,187,411
218000101,486,251,235
218000102,988,262,726
218000103,313,77,236
218000104,294,36,258
218000105,180,17,163
218000107,243,33,210
218000108,40,43,-3
218000112,275,79,196
218000117,265,366,-101
218000134,535,270,265
218000135,11,72,-61
218000136,266,91,175
218000137,75,59,16
218000138,93,112,-19
218000139,180,448,-268
218000140,581,467,114
218000141,138,188,-50
218000142,229,155,74
218000143,42,246,-204
218000144,14,322,-308
218000145,929,289,640
218000146,379,132,247
218000151,2,20,-18
218000152,43,35,8
218000153,2,6,-4
218000154,22,2,20
218000155,35,2,33
218000156,118,4,114
218000157,57,12,45
218000158,10,9,1
218000159,1,1,0
218000160,13,4,9
218000161,48,1,47
218000162,80,13,67
218000163,54,5,49
218000164,157,7,150
218000165,228,69,159
218000170,3,45,-42
218000171,69,2,67
218000172,7,4,3
218000173,14,4,10
218000174,13,6,7
218000176,259,19,240
218000177,306,67,239
218000178,65,77,-12
218000179,155,41,114
218000180,55,28,27
218000181,248,49,199
218000187,23,43,-20
218000188,15,14,1
218000189,18,125,-107
218000190,15,14,1
218000191,164,24,140
218000192,323,162,161
218000193,484,224,260
218000194,275,261,14
218000195,470,52,418
218000196,596,486,110
218000197,1476,277,1199
218000198,358,34,324
218000199,193,7,186
218000200,47,26,21
218000201,28,1,27
218000202,22,816,-794
218000207,4,9,-5
218000208,39,69,-30
218000211,65,15,50
218000212,2,1,1
218000213,240,82,158
218000214,5,32,-27
218000215,142,51,91
218000217,1,45,-44
218000218,457,34,423
218000219,1,16,-15
218000220,54,506,-452
218000221,960,321,639
218000222,1,80,-79
218000223,45,481,-436
218000224,4,172,-168
218000225,204,20,184
218000226,314,38,276
218000230,0,9,-9
218000232,193,54,139
218000234,67,4,63
218000239,184,0,184
218000240,3,0,3
218000241,17,0,17
218000242,2,0,2
218000243,21,2,19
218000244,29,0,29
218000245,15,8,7
218000246,0,10,-10
218000247,0,1,-1
218000248,0,42,-42
218000249,0,7,-7
218000250,1,99,-98
218000251,0,50,-50
218000252,1,17,-16
218000253,0,13,-13
218000254,0,5,-5
218000255,0,15,-15
218000256,10,6,4
218000267,147,330,-183
218000268,8,53,-45
218000269,0,73,-73
218000270,39,14,25
218000271,11,18,-7
218000273,263,0,263
218000274,40,0,40
218000275,105,93,12
218000276,39,12,27
218000278,2,13,-11
218000279,35,13,22
218000280,0,13,-13
218000281,6,22,-16
218000282,265,589,-324
218000284,25,2,23
218000301,24,151,-127
218000302,101,94,7
218000303,8,93,-85
218000316,2111,496,1615
218000317,4103,372,3731
218000318,1936,212,1724
218000319,1424,378,1046
218000320,1220,612,608
218000338,29,31,-2
218000339,32,15,17
218000342,325,107,218
218000343,102,31,71
218000345,2,7,-5
218000346,17,81,-64
218000353,81,9,72
218000354,255,79,176
218000459,43,108,-65
218000490,14,29,-15
218000501,212,79,133
218000502,207,31,176
218000503,271,35,236
218000504,215,21,194
218000505,89,60,29
218000506,94,130,-36
218000508,1,3,-2
218000510,155,31,124
218000520,243,665,-422
218000522,0,213,-213
218000523,210,1,209
218000524,6,170,-164
218000525,122,9,113
218000526,9,145,-136
218000530,40,4,36
218000531,34,41,-7
218000532,161,11,150
218000537,10,12,-2
218000538,132,210,-78
218000539,108,29,79
218000540,70,54,16
218000543,494,20,474
218000544,24,52,-28
218000545,372,42,330
218000546,50,11,39
218000547,206,95,111
218000548,109,64,45
218000549,1539,106,1433
218000550,192,81,111
218000551,23,258,-235
218000552,467,147,320
218000553,2,44,-42
218000554,3,21,-18
218000555,25,39,-14
218000556,85,84,1
218000557,1040,27,1013
218000558,59,0,59
218000559,0,28,-28
218000560,0,16,-16
218000561,4,1,3
218000562,15,87,-72
218000563,128,37,91
218000564,7,121,-114
218000565,100,9,91
218000566,52,3,49
218000567,0,41,-41
218000568,4,0,4
218000569,0,173,-173
218000570,16,1,15
218000571,1,44,-43
218000572,83,0,83
218000573,6,71,-65
218000574,72,24,48
218000575,117,5,112
218000576,0,97,-97
218000577,49,20,29
218000578,6,116,-110
218000579,34,37,-3
218000581,26,98,-72
218000582,140,1,139
218000583,10,1,9
218000584,0,12,-12
218000585,49,1,48
218000586,23,37,-14
218000587,3,0,3
218000588,0,2,-2
218000589,0,13,-13
218000590,8,0,8
218000591,4,43,-39
218000592,29,2,27
218000593,0,0,0
218000594,0,22,-22
218000595,0,1,-1
218000596,0,0,0
218000597,0,0,0
218000598,0,0,0
218000599,1,3,-2
218000600,0,0,0
218000601,0,1,-1
218000602,0,19,-19
218000603,0,1,-1
218000604,15,0,15
218000605,0,50,-50
218000606,56,10,46
218000607,11,104,-93
218000608,53,10,43
218000609,1,110,-109
218000610,60,0,60
218000611,15,1,14
218000612,0,38,-38
218000613,43,18,25
218000614,2,28,-26
218000615,201,13,188
218000616,5,128,-123
218000617,1,0,1
218000618,1,23,-22
218000619,41,71,-30
218000620,4,136,-132
218000621,0,15,-15
218000622,0,80,-80
218000623,38,9,29
218000624,3,152,-149
218000625,2,40,-38
218000626,0,46,-46
218000628,208,139,69
218000632,1,63,-62
218000633,80,0,80
218000634,31,5,26
218000635,9,6,3
218000636,773,368,405
218000637,1502,149,1353
218000638,657,6,651
218000639,27,14,13
218000640,1119,7,1112
218000641,120,58,62
218000652,67,42,25
218000653,215,16,199
218000675,6,16,-10
218000676,14,14,0
218000677,39,5,34
218000703,6,11,-5
218000718,3,91,-88
218000719,30,72,-42
218000720,0,37,-37
218000721,10,4,6
218000725,28,6,22
218001214,27,27,0
219000001,3,28,-25
219000002,37,48,-11
219000003,129,29,100
219000004,54,116,-62
219000017,106,103,3
219000020,295,28,267
219000022,189,3,186
219000023,68,4,64
219000029,1,106,-105
219000034,38,46,-8
219000039,16,227,-211
219000040,24,65,-41
219000041,157,41,116
219000051,0,66,-66
219000052,0,50,-50
219000053,0,76,-76
219000054,282,281,1
219000055,385,1,384
219000056,6,1,5
219000057,61,1,60
219000062,21,108,-87
219000063,362,7,355
219000110,174,219,-45
219000111,171,47,124
219000112,467,17,450
219000113,329,15,314
219000114,271,27,244
219000116,80,28,52
219000117,176,22,154
219000118,100,41,59
219000123,203,113,90
219000124,64,60,4
219000125,19,9,10
219000126,67,130,-63
219000127,0,7,-7
219000128,18,98,-80
219000129,22,100,-78
219000130,225,309,-84
219000131,1275,740,535
219000133,35,61,-26
219000134,5,38,-33
219000135,23,46,-23
219000136,32,262,-230
219000138,209,14,195
219000139,98,23,75
219000140,397,2,395
219000141,69,23,46
219000142,66,14,52
219000143,14,16,-2
219000145,23,12,11
219000146,0,0,0
219000147,2,15,-13
219000148,2,21,-19
219000149,2,26,-24
219000150,0,51,-51
219000151,0,0,0
219000157,573,83,490
219000158,499,133,366
219000161,601,1,600
219000163,1427,262,1165
219000166,255,143,112
219000167,93,113,-20
219000168,362,75,287
219000174,804,158,646
219000175,355,2,353
219000176,357,11,346
219000177,141,4,137
219000178,306,1,305
219000179,310,34,276
219000180,124,25,99
219000182,148,14,134
219000183,105,8,97
219000184,57,0,57
219000185,0,17,-17
219000186,151,6,145
219000187,10,18,-8
219000189,32,127,-95
219000190,64,175,-111
219000191,119,538,-419
219000192,351,156,195
219000193,284,86,198
219000195,3,11,-8
219000196,2,76,-74
219000198,4,42,-38
219000199,19,69,-50
219000200,39,51,-12
219000201,33,38,-5
219000203,3,26,-23
219000204,53,311,-258
219000205,18,127,-109
219000207,55,119,-64
219000209,59,48,11
219000210,12,201,-189
219000213,21,136,-115
219000239,116,256,-140
219000240,73,260,-187
219000241,136,178,-42
219000242,66,239,-173
219000243,131,183,-52
219000244,27,25,2
219000245,8,11,-3
219000246,37,21,16
219000247,291,32,259
219000248,536,415,121
219000249,175,170,5
219000250,368,46,322
219000251,787,65,722
219000252,349,70,279
219000253,293,24,269
219000255,210,91,119
219000256,753,76,677
219000257,51,0,51
219000262,65,33,32
219000263,78,34,44
219000267,2,22,-20
219000268,0,0,0
219000269,1,1,0
219000270,28,0,28
219000271,299,1,298
219000278,1,0,1
219000279,0,1,-1
219000283,0,5,-5
219000295,20,52,-32
219000296,40,218,-178
219000297,53,32,21
219000298,45,40,5
219000299,370,21,349
219000300,50,45,5
219000301,14,163,-149
219000302,15,62,-47
219000307,34,15,19
219000308,57,35,22
219000311,249,67,182
219000312,332,123,209
219000313,569,65,504
219000314,81,126,-45
219000315,504,16,488
219000316,771,72,699
219000317,243,21,222
219000320,0,79,-79
219000321,0,40,-40
219000323,2,49,-47
219000325,0,2,-2
219000326,21,27,-6
219000327,23,6,17
219000328,16,24,-8
219000329,470,84,386
219000330,18,18,0
219000331,29,19,10
219000332,323,49,274
219000333,213,1,212
219000335,82,0,82
219000337,25,1,24
219000338,59,0,59
219000344,23,26,-3
219000345,225,17,208
219000346,35,15,20
219000348,144,55,89
219000349,30,67,-37
219000350,53,220,-167
219000351,0,3,-3
219000352,80,35,45
219000353,401,55,346
219000354,980,27,953
219000355,137,50,87
219000356,577,691,-114
219000363,203,42,161
219000364,147,33,114
219000365,88,55,33
219000366,120,904,-784
219000368,371,407,-36
219000370,948,392,556
219000371,3,10,-7
219000382,12,3,9
219000383,190,647,-457
219000385,148,523,-375
219000386,406,1274,-868
219000387,0,19,-19
219000390,4,0,4
219000391,4,0,4
219000397,27,12,15
219000398,17,57,-40
219000401,24,112,-88
219000402,6,47,-41
219000403,14,208,-194
219000404,15,64,-49
219000409,111,55,56
219000410,146,3,143
219000411,114,13,101
219000446,89,297,-208
219000447,0,9,-9
219000448,5,6,-1
219000452,79,56,23
219000453,36,112,-76
219000454,440,414,26
219000556,942,32,910
219000558,70,99,-29
219000590,11,269,-258
219000591,338,52,286
219000592,25,169,-144
219000595,6,12,-6
219000635,211,31,180
219000636,39,26,13
219000657,58,4,54
219000658,3,179,-176
219000673,0,2,-2
219000676,7,1,6
219000679,42,9,33
219000684,263,4,259
219000685,0,42,-42
219000686,2,12,-10
219000688,1,85,-84
219000689,4,169,-165
219000690,309,46,263
219000693,0,11,-11
219000694,77,0,77
219000695,187,4,183
219000698,12,0,12
219000699,0,91,-91
219000727,12,56,-44
219000728,147,0,147
219000770,21,0,21
219000771,0,55,-55
219001150,1,66,-65
219001151,0,1,-1
220000001,37,198,-161
220000002,6,152,-146
220000003,201,52,149
220000004,326,268,58
220000005,331,999,-668
220000006,67,359,-292
220000007,291,99,192
220000008,230,203,27
220000009,272,289,-17
220000010,10,32,-22
220000011,337,5558,-5221
220000012,45,772,-727
220000014,176,71,105
220000015,8,316,-308
220000017,44,235,-191
220000018,10176,2843,7333
220000019,240,854,-614
220000020,479,127,352
220000021,1036,344,692
220000022,1625,171,1454
220000023,306,90,216
220000024,890,221,669
220000025,706,1433,-727
220000026,461,758,-297
220000027,11,152,-141
220000028,67,106,-39
220000029,22,96,-74
220000030,41,48,-7
220000031,1140,368,772
220000064,80,1157,-1077
221000046,0,0,0
221000047,0,0,0
221000048,0,1,-1
221000049,0,1,-1
221000050,33,9,24
221000055,16,61,-45
221000057,242,2,240
221000068,253,72,181
221000069,421,13,408
221000070,290,12,278
221000071,118,1,117
221000072,429,7,422
221000073,245,11,234
221000074,0,3,-3
221000075,3,15,-12
221000076,5,12,-7
221000077,7,20,-13
221000081,21,6,15
221000082,67,9,58
221000083,8,2,6
221000084,8,8,0
221000085,17,30,-13
221000086,3,37,-34
221000087,4,140,-136
221000088,5,149,-144
221000089,14,96,-82
221000090,33,244,-211
221000098,171,27,144
221000099,327,18,309
221000100,235,5,230
221000101,301,5,296
221000102,188,11,177
221000109,3,16,-13
221000110,0,26,-26
221000111,6,35,-29
221000112,1,38,-37
221000113,2,60,-58
221000114,2,37,-35
221000120,17,120,-103
221000121,4,34,-30
221000122,58,62,-4
221000123,1,5,-4
221000124,34,79,-45
221000155,264,41,223
221000156,24,93,-69
221000175,1,71,-70
221000176,0,4,-4
221000182,200,2,198
221000241,331,225,106
221000242,76,134,-58
221000243,566,121,445
221000244,89,250,-161
221000245,163,94,69
221000246,16,147,-131
221000247,180,135,45
221000248,111,64,47
221000267,25,465,-440
221000325,7,148,-141
221000331,4,42,-38
221000338,12,86,-74
221000378,608,24,584
221000381,55,32,23
222000282,0,0,0
222000296,1,19,-18
222000568,451,3,448
222000569,158,55,103
222000570,132,53,79
222000571,667,56,611
222000577,23,42,-19
222000578,1,56,-55
222000579,8,52,-44
222000580,17,694,-677
222000599,0,79,-79
222000600,0,103,-103
222000601,2,433,-431
222000603,13,123,-110
222000604,1,132,-131
222000605,2,24,-22
222000606,1,22,-21
222000607,0,6,-6
222000608,0,7,-7
222000609,41,43,-2
222000616,1284,18,1266
222000617,0,12,-12
222000618,6,2,4
222000620,15,25,-10
222000621,30,10,20
222000623,680,5,675
222000624,680,4,676
222000625,1718,16,1702
222000636,67,5,62
222000686,12,14,-2
222000687,68,17,51
222001066,1088,3,1085
222001067,185,8,177
222001068,388,31,357
222001069,216,47,169
222001082,135,12,123
222001083,341,23,318
222001084,0,70,-70
222001085,2,962,-960
222001111,488,23,465
222001112,285,8,277
222001313,8,17,-9
222001314,0,147,-147
222001464,134,22,112
222001465,7,126,-119
222001484,559,43,516
222001485,17,47,-30
222001494,1865,127,1738
222001495,161,59,102
222001496,835,31,804
222001497,177,156,21
222001502,5,21,-16
222001503,825,10,815
222001504,17,108,-91
222001505,1130,26,1104
222001506,18,89,-71
222001507,746,19,727
222001510,1422,33,1389
222001511,7,102,-95
222001514,1535,28,1507
222001515,26,106,-80
222001518,1317,47,1270
222001519,114,110,4
222001527,306,19,287
222001528,25,76,-51
222001529,747,25,722
222001530,28,53,-25
222001533,68,153,-85
222001534,1237,15,1222
222001535,557,172,385
222001536,33,109,-76
222001537,797,25,772
222001538,14,153,-139
222001563,1399,58,1341
222001564,14,212,-198
222001568,184,91,93
222001576,0,4,-4
222001579,0,14,-14
222001583,28,69,-41
222001584,309,10,299
222001596,308,434,-126
222001597,1899,193,1706
222001626,0,48,-48
222001650,7,60,-53
222001651,16,177,-161
222001914,670,29,641
222001915,7,75,-68
222900004,634,135,499
222900009,189,188,1
222900019,123,215,-92
222900024,244,11,233
222900025,47,13,34
225000001,769,94,675
225000002,1704,87,1617
225000003,1866,45,1821
225000004,1135,87,1048
225000005,42,26,16
225000006,0,124,-124
225000007,571,1156,-585
225000010,489,34,455
225000011,217,2340,-2123
225000012,344,1271,-927
225000013,264,141,123
225000014,1066,188,878
225000015,178,307,-129
225000021,1123,74,1049
225000027,301,255,46
225000032,956,122,834
225000042,129,277,-148
225000049,39,146,-107
225000050,253,36,217
225000053,6,69,-63
225000058,814,135,679
225000067,309,32,277
225000068,236,142,94
225000069,101,181,-80
225000070,122,228,-106
225000071,51,85,-34
225000075,35,1418,-1383
225000076,92,73,19
225000078,38,19,19
225000085,274,34,240
225000086,666,27,639
225000087,129,15,114
225000088,33,139,-106
225000089,26,80,-54
225000090,9,115,-106
225000091,27,22,5
225000092,38,102,-64
225000093,402,77,325
225000094,10,87,-77
225000095,337,120,217
225000096,43,90,-47
225000098,1666,151,1515
225000099,963,28,935
225000100,1382,32,1350
225000104,78,452,-374
225000110,7,214,-207
225000111,768,268,500
225000112,944,813,131
225000113,313,1227,-914
225000114,114,705,-591
225000115,1742,892,850
225000116,254,86,168
225000117,609,511,98
225000118,1738,496,1242
225000119,672,86,586
225000120,1462,16,1446
225000121,232,14,218
225000123,1057,7,1050
225000125,820,181,639
225000126,795,201,594
225000127,543,5166,-4623
225000128,444,1904,-1460
225000132,963,15,948
225000133,571,13,558
225000134,1175,93,1082
225000135,169,6,163
225000136,811,10,801
225000137,539,184,355
225000138,696,243,453
225000143,108,328,-220
225000144,15,292,-277
225000145,85,11,74
225000146,94,41,53
225000147,31,57,-26
225000148,11,30,-19
225000149,88,104,-16
225000151,23,49,-26
225000155,88,82,6
225000156,218,1213,-995
225000157,776,298,478
225000158,57,156,-99
225000171,5,216,-211
225000180,5,1,4
225000181,1,205,-204
225000182,108,11,97
225000185,4,353,-349
225000187,102,183,-81
225000191,81,3,78
225000194,0,1,-1
225000208,0,64,-64
225000209,96,2,94
225000210,9,111,-102
225000217,0,6,-6
225000218,43,0,43
225000223,0,431,-431
225000224,7,6,1
225000225,1,142,-141
225000226,58,1,57
225000227,228,177,51
225000228,8,4,4
225000229,0,36,-36
225000230,9,0,9
225000231,0,8,-8
225000232,128,0,128
225000241,101,1,100
225000242,0,7,-7
225000249,3,0,3
225000250,74,187,-113
225000251,854,100,754
225000254,2,155,-153
225000256,2,760,-758
225000257,1,82,-81
226000042,122,270,-148
226000043,6,124,-118
226000044,48,404,-356
226000045,38,218,-180
226000046,1577,100,1477
226000047,1094,78,1016
226000048,945,101,844
226000049,930,302,628
226000070,0,19,-19
226000071,0,32,-32
226000072,0,9,-9
226000073,0,3,-3
226000074,0,0,0
226000084,1,21,-20
226000085,0,41,-41
226000086,2,16,-14
226000087,2,23,-21
226000088,2,19,-17
226000090,38,275,-237
226000091,26,150,-124
226000092,1,10,-9
226000093,3,1,2
226000094,12,1,11
226000095,7,8,-1
226000105,11,0,11
226000106,12,0,12
226000107,13,0,13
226000108,6,0,6
226000109,476,1,475
226000124,469,81,388
226000134,2156,343,1813
226000135,3742,465,3277
226000136,1350,303,1047
226000137,18,66,-48
226000138,1,42,-41
226000139,0,13,-13
226000156,657,1,656
226000157,975,11,964
226000163,11,100,-89
226000202,0,68,-68
226000231,921,3,918
226000232,122,0,122
227000033,702,10,692
227000036,1184,29,1155
227000037,1150,38,1112
227000038,292,56,236
227000084,0,81,-81
227000085,0,94,-94
227000088,113,5,108
227000089,66,1,65
227000090,49,1,48
227000091,32,0,32
227000092,14,1,13
227000093,254,0,254
227000094,2,0,2
227000130,47,75,-28
227000131,33,113,-80
227000132,28,54,-26
227000133,33,62,-29
227000134,21,61,-40
227000152,0,4,-4
227000153,0,78,-78
227000154,0,55,-55
227000155,1,27,-26
227000156,0,26,-26
227000165,0,43,-43
227000196,1078,147,931
227000199,1765,155,1610
227000230,14,176,-162
227000232,2930,27,2903
227000242,14,120,-106
227000243,477,22,455
227000245,12,104,-92
227000246,52,172,-120
227000247,1045,17,1028
227000248,185,46,139
227000249,3,62,-59
227000250,351,249,102
227000251,25,194,-169
227000252,58,127,-69
227000253,501,4,497
227000262,998,10,988
227000266,5138,81,5057
227000267,8,622,-614
227000282,6,44,-38
227000284,1796,6,1790
227000286,6,22,-16
227000291,4,104,-100
227000296,322,220,102
227000484,107,11,96
227000485,0,216,-216
227000655,1111,2,1109
227000656,1428,5,1423
227000657,684,1,683
229000265,43,17,26
229000266,0,5,-5
229000267,32,0,32
229000268,43,2,41
229000269,63,0,63
229000274,1,30,-29
229000275,1,124,-123
229000276,2,40,-38
229000277,0,0,0
229000278,0,2,-2
229000295,35,16,19
229000296,1,48,-47
229000297,8,19,-11
229000298,30,287,-257
229000320,52,9,43
229000321,46,22,24
229000412,12,101,-89
229000414,15,96,-81
229000415,24,22,2
229000416,21,3,18
229000417,0,6,-6
229000419,288,359,-71
229000440,372,150,222
229000442,38,28,10
229000443,46,2,44
229000444,0,45,-45
229000445,109,13,96
229000446,135,39,96
229000491,1,3,-2
229000492,12,79,-67
229000493,4,77,-73
229000494,52,1,51
229000495,161,3,158
229000496,206,2,204
229000507,0,44,-44
229000508,1,16,-15
229000509,0,72,-72
229000510,8,31,-23
229000511,3,32,-29
229000512,1,36,-35
229000513,0,4,-4
229000514,0,1,-1
229000517,2,3,-1
229000518,15,23,-8
229000519,1,13,-12
229000520,30,29,1
229000521,97,20,77
229000522,21,7,14
229000523,5,2,3
229000524,12,0,12
229000527,1,0,1
229000528,1,0,1
229000529,5,1,4
229000530,179,0,179
229000531,105,2,103
229000532,56,0,56
229000533,91,0,91
229000534,34,0,34
229000564,197,0,197
229000565,147,0,147
229000566,1,18,-17
229000567,0,7,-7
229000582,55,2,53
229000583,24,8,16
229000584,0,3,-3
229000585,2,129,-127
229000718,0,3,-3
229000719,0,5,-5
229000720,0,16,-16
229000721,0,3,-3
229000722,0,3,-3
229000723,0,1,-1
229000724,0,13,-13
229000725,0,29,-29
229000738,5,0,5
229000739,0,0,0
229000740,3,0,3
229000741,116,0,116
229000742,27,0,27
229000743,54,0,54
229000744,2,0,2
229000745,0,0,0
229000746,22,0,22
229000847,164,1,163
229000848,193,0,193
229000849,388,0,388
229000851,529,1,528
229000854,0,8,-8
229000856,1,49,-48
229000857,2,15,-13
229000858,0,13,-13
229000919,0,9,-9
229000930,1,27,-26
229000937,112,9,103
229000966,103,8,95
229000981,5,2,3
229000985,47,8,39
229000986,0,0,0
229000987,0,0,0
229000988,2,10,-8
229000989,7,56,-49
229000990,1,35,-34
229000991,4,0,4
229000992,60,7,53
229000993,399,16,383
229000998,56,30,26
229000999,174,16,158
229001034,0,36,-36
229001035,1,18,-17
229001036,4,44,-40
229001037,71,2,69
229001038,0,5,-5
229001039,1,0,1
229001040,0,102,-102
229001041,445,2,443
229001042,37,11,26
229001047,18,109,-91
229001050,131,21,110
229001168,0,39,-39
229001200,44,1,43
229001338,1,1,0
229001394,378,4,374
229001422,153,14,139
229001423,11,46,-35
229001431,45,16,29
229001432,3,42,-39
229001444,461,74,387
229001445,83,175,-92
229001479,44,2,42
229001503,372,53,319
229001504,31,33,-2
229001505,172,35,137
229001506,32,67,-35
229001509,99,28,71
229001510,2,77,-75
229001545,87,17,70
229001546,2,23,-21
229001553,93,19,74
229001554,9,11,-2
229001630,91,7,84
229001631,38,29,9
229001635,0,24,-24
229001636,1,0,1
229001658,1,11,-10
229001659,83,21,62
229001660,2,13,-11
229001661,0,86,-86
229001662,44,1,43
229001663,0,44,-44
229002584,478,433,45
229002831,205,178,27
229002841,34,40,-6
229002842,25,69,-44
229002843,52,49,3
229002844,10,179,-169
229002845,2,139,-137
229002846,6,90,-84
229002847,1,22,-21
229002848,3,37,-34
229002849,1,186,-185
229002850,14,2,12
229002851,32,256,-224
229002852,122,60,62
229002853,110,83,27
229002854,9,40,-31
229002855,3,39,-36
229002856,96,33,63
229002857,16,71,-55
229002858,13,0,13
229002859,16,49,-33
229002860,62,25,37
229002861,64,87,-23
229002862,44,62,-18
229002863,33,13,20
229002864,81,49,32
229002865,1,29,-28
229002866,5,27,-22
229002867,0,4,-4
229002868,11,33,-22
229002869,13,49,-36
229002870,61,11,50
235000067,212,19,193
235000072,42,61,-19
235000080,2,42,-40
235000081,40,97,-57
235000082,167,37,130
235000083,471,63,408
235000084,31,51,-20
235000085,239,43,196
235000093,0,0,0
235000097,2,6,-4
235000098,71,6,65
235000115,108,71,37
235000116,5,5,0
235000117,511,4,507
235000133,17,159,-142
235000134,17,70,-53
235000206,1,2,-1
235000207,1,0,1
235000210,11,0,11
235000212,0,5,-5
235000220,0,3,-3
235000221,3,17,-14
235000238,4,213,-209
235000239,4,39,-35
235000242,273,1182,-909
235000245,444,158,286
235000246,26,42,-16
235000284,3,41,-38
235000295,114,1,113
235000305,535,5,530
235000306,615,7,608
235000307,83,2,81
235000308,8,1,7
235000309,139,0,139
235000310,44,1,43
235000311,59,11,48
235000322,0,92,-92
235000323,1,71,-70
235000324,0,92,-92
235000325,1,49,-48
235000326,4,105,-101
235000351,0,61,-61
235000352,54,26,28
235000353,1,35,-34
235000354,25,8,17
235000355,6,290,-284
235000356,130,2,128
235000357,45,24,21
235000358,41,3,38
235000359,27,0,27
235000360,94,29,65
235000361,52,20,32
235000381,27,77,-50
235000382,183,37,146
235000390,2,0,2
235000391,232,8,224
235000392,184,60,124
235000393,191,45,146
235000395,148,37,111
235000396,600,26,574
235000399,183,32,151
235000400,13,92,-79
235000401,13,199,-186
235000402,10,136,-126
235000405,93,167,-74
235000406,40,122,-82
235000407,63,47,16
235000409,148,24,124
235000411,2,46,-44
235000485,0,0,0
235000486,9,0,9
235000549,106,169,-63
235000550,37,44,-7
235000599,110,14,96
235000600,0,10,-10
235000601,10,27,-17
235000602,236,33,203
235000614,0,3,-3
235000648,0,0,0
235000649,25,8,17
235000815,11,3,8
235000834,0,9,-9
235000855,17,27,-10
235000862,28,103,-75
235000891,0,22,-22
235000892,7,0,7
235000901,70,9,61
235000907,1,3,-2
235001010,153,58,95
235001030,105,67,38
235001078,85,32,53
235001079,63,22,41
235001147,1,104,-103
235001166,26,24,2
235001167,39,7,32
235001169,28,103,-75
235001200,54,21,33
235001239,1,12,-11
235016266,1,47,-46
235016267,0,59,-59
235900013,1,1,0
235900014,2,4,-2
241900007,125,6,119
277101746,0,1,-1
277102712,4,1,3
277103813,0,0,0
277103814,0,0,0
277103898,1,5,-4
990010990,48,70,-22
990011530,1,193,-192
990014944,0,143,-143
990015176,17,3,14
990015618,1,137,-136
990015888,17,14,3
990016032,0,114,-114
990032570,6,1355,-1349
990070001,142,10,132
990070103,0,7,-7
990070601,1,20,-19
990070751,4775,6,4769
990070766,1,107,-106
990071180,469,100,369
990071343,12,2,10
990071387,1,1,0
990071823,847,2,845
990072600,2,422,-420
990072964,1,146,-145
990073285,0,4,-4
990074393,0,253,-253
990074714,17,24,-7
990074870,3518,13,3505
990075106,555,4,551
990075746,837,7,830
990076437,9130,18,9112
990076458,1,426,-425
997000007,325,1,324
997000041,1,236,-235
997000058,95,4,91
997000062,18,1,17
997000069,0,0,0
997000070,0,24,-24
997000100,323,0,323
997000141,2,451,-449
997000198,4,347,-343
998000475,0,1,-1
998000736,0,73,-73
998000965,0,83,-83
998001031,0,36,-36
998001072,149,58,91
998001091,3,0,3
998001093,7,0,7
998001103,0,1,-1
998001105,1,14,-13
998001700,1,90,-89
998001899,0,0,0
998001900,2,3,-1
998003073,2214,67,2147
998003124,24,14,10
998003125,20,29,-9
998101900,0,0,0
998102850,0,60,-60
998501819,3,0,3
998501820,0,12,-12
998501832,106,30,76
998501927,390,832,-442
998501929,161,2,159
998501930,114,1,113
998501931,269,21,248
998501932,16,0,16
998501933,112,0,112
998501937,44,5,39
998501944,4,0,4
998501950,0,0,0
998501970,473,18,455
998501971,0,101,-101
998501972,599,5,594
998501973,0,18,-18
998501974,0,73,-73
998501975,107,9,98
998501976,125,0,125
998501977,0,36,-36
998501978,4,1,3
998501979,0,2,-2
998501980,72,1,71
998501981,84,0,84
998501982,0,168,-168
998501983,0,0,0
998502006,0,1,-1
998502024,0,4,-4
998502032,0,0,0
998502062,2,0,2
998502063,0,0,0
998502173,2,1,1
998502269,0,12,-12
998601159,0,22,-22
998601292,2,25,-23
999033574,1,297,-296
999800001,69,29,40
999800002,0,6,-6
999800003,2,4,-2
999800004,0,3,-3
999800005,0,13,-13
