ID,insum,outsum,diff
100000001,214,224,-10
100000002,62,82,-20
100000003,716,297,419
100000004,98,27,71
100000005,124,336,-212
100000006,2,0,2
100000007,4,1,3
100000008,8,68,-60
100000009,0,0,0
100000010,0,0,0
100000011,0,0,0
100000012,1,121,-120
100000013,1,23,-22
100000014,10,40,-30
100000015,6,2,4
100000016,41,238,-197
100000017,25,149,-124
100000018,107,87,20
100000019,708,288,420
100000020,23,14,9
100000021,814,212,602
100000022,78,44,34
100000023,553,76,477
100000025,785,312,473
100000028,392,312,80
100000029,52,73,-21
100000030,0,0,0
100000031,425,288,137
100000032,564,406,158
100000033,72,418,-346
100000034,545,382,163
100000035,70,66,4
100000036,151,195,-44
100000037,1,0,1
100000038,2,1,1
100000039,6,1,5
100000040,5,0,5
100000041,2,0,2
100000042,1,1,0
100000043,0,0,0
100000044,27,134,-107
100000045,83,256,-173
100000046,37,255,-218
100000047,60,373,-313
100000048,140,357,-217
100000049,351,726,-375
100000051,72,354,-282
100000053,1,2,-1
100000054,1,0,1
100000055,65,106,-41
100000056,0,0,0
100000057,0,0,0
100000058,166,495,-329
100000059,0,19,-19
100000060,28,82,-54
100000061,114,102,12
100000062,80,71,9
100000063,74,60,14
100000064,90,87,3
100000065,47,298,-251
100000066,41,216,-175
100000067,31,205,-174
100000068,97,274,-177
100000069,55,347,-292
100000072,32,158,-126
100000073,247,582,-335
100000075,63,129,-66
100000076,71,152,-81
100000077,0,0,0
100000078,0,0,0
100000079,0,0,0
100000080,0,0,0
100000081,0,0,0
100000102,65,125,-60
100000103,411,102,309
100000104,519,171,348
100000105,614,98,516
100000106,87,85,2
100000107,37,56,-19
100000108,277,435,-158
100000109,1621,580,1041
100000116,232,113,119
100000117,0,0,0
100000118,747,1033,-286
100000119,62,455,-393
100000121,0,0,0
100000122,48,198,-150
100000123,635,797,-162
100000124,2805,1343,1462
100000125,345,35,310
100000126,51,36,15
100000127,90,47,43
100000128,168,185,-17
100000129,29,169,-140
100000130,0,0,0
100000131,2042,717,1325
100000132,369,92,277
100000133,5132,1498,3634
100000135,4,0,4
100000139,0,0,0
100000140,139,136,3
100000142,0,0,0
100000143,202,331,-129
100000144,618,163,455
100000147,86,129,-43
100000150,1,83,-82
100000151,1,14,-13
100000153,0,0,0
100000154,7,120,-113
100000155,0,0,0
100000156,0,0,0
100000157,0,0,0
100000158,0,0,0
100000159,16,53,-37
100000165,359,134,225
100000169,2,0,2
100000174,15,11,4
100000179,0,0,0
100000180,1,37,-36
100000181,4,41,-37
100000188,6,1,5
100000189,0,0,0
100000190,234,87,147
100000191,32,45,-13
100000192,1,0,1
100000193,0,0,0
100000330,323,84,239
100000355,16,99,-83
100000362,1142,939,203
100000363,145,237,-92
100000364,24,62,-38
100000365,1442,1120,322
100000366,2934,1226,1708
100000367,839,934,-95
100000368,675,789,-114
100000369,2,10,-8
100000370,2,27,-25
100000376,2,13,-11
100000379,210,178,32
100000380,443,537,-94
100000384,2022,964,1058
100000385,1241,964,277
100000386,1654,912,742
100000387,1727,739,988
100000388,6465,1532,4933
100000389,4563,961,3602
100000390,5215,1353,3862
100000391,2936,669,2267
100000392,1257,399,858
100000393,238,217,21
100000394,1923,1297,626
100000395,824,274,550
100000396,1312,737,575
100000397,812,254,558
100000398,5405,3677,1728
100900002,0,0,0
100900003,0,0,0
100900004,7,129,-122
100900005,0,0,0
100900006,0,0,0
100900007,0,0,0
100900008,1,90,-89
100900009,0,0,0
100900010,0,0,0
100900011,0,0,0
100900012,1,55,-54
100900013,0,0,0
100900014,0,0,0
100900015,0,0,0
100900016,0,0,0
100900017,0,0,0
100900018,0,0,0
100900019,0,0,0
100900020,0,0,0
100900021,0,0,0
100900022,0,0,0
100900023,0,0,0
100900024,0,0,0
100900025,0,0,0
100900026,0,0,0
100900027,0,0,0
100900028,0,0,0
100900029,0,0,0
100900030,0,0,0
100900031,0,0,0
100900032,0,0,0
100900033,0,0,0
100900034,0,0,0
100900035,0,0,0
100900036,0,0,0
100900037,0,0,0
100900038,0,0,0
100900039,41,57,-16
100900040,0,135,-135
100900041,0,51,-51
100900042,0,0,0
100900043,0,0,0
100900044,0,0,0
100900045,0,0,0
100900046,0,0,0
100900047,0,0,0
100900048,0,0,0
100900049,0,0,0
100900050,0,0,0
100900051,0,0,0
100900052,0,0,0
100900053,0,0,0
100900054,0,0,0
100900055,0,0,0
100900056,0,0,0
100900057,0,0,0
100900058,0,0,0
100900059,0,0,0
100900060,0,0,0
100900061,0,0,0
100900062,0,0,0
100900063,0,0,0
100900064,0,0,0
100900065,0,0,0
100900066,0,0,0
100900067,0,0,0
100900068,0,0,0
100900069,0,0,0
100900070,0,0,0
100900071,0,0,0
100900072,0,0,0
100900073,0,0,0
100900074,0,0,0
100900075,245,11,234
100900076,0,0,0
100900077,0,0,0
100900078,0,0,0
100900079,0,0,0
100900080,0,0,0
100900081,0,0,0
100900082,0,0,0
100900083,0,0,0
100900085,0,0,0
100900086,0,0,0
100900088,0,0,0
100900089,0,0,0
100900090,0,0,0
100900091,0,0,0
100900092,0,0,0
100900093,0,0,0
100900094,0,0,0
100900095,0,0,0
100900096,0,0,0
100900097,0,0,0
100900098,0,0,0
100900099,0,20,-20
100900100,0,0,0
100900101,0,0,0
100900102,0,0,0
100900103,0,0,0
100900104,0,2,-2
100900105,0,0,0
100900106,0,0,0
100900107,2,0,2
100900108,0,0,0
100900109,0,0,0
100900110,0,0,0
100900111,1,2,-1
100900112,0,0,0
100900113,0,0,0
100900114,0,0,0
100900115,0,0,0
100900116,0,0,0
100900117,0,0,0
100900118,0,0,0
100900119,0,0,0
100900120,0,0,0
100900121,0,0,0
100900122,7,7,0
100900123,0,0,0
100900124,0,0,0
100900125,0,0,0
100900126,0,0,0
100900127,0,0,0
100900128,3,4,-1
100900129,0,0,0
100900131,0,0,0
100900133,0,0,0
100900134,0,0,0
100900135,0,0,0
100900137,0,0,0
100900138,0,0,0
100900139,0,0,0
100900140,0,35,-35
100900141,0,0,0
100900142,0,0,0
100900143,0,0,0
100900144,0,0,0
100900145,0,0,0
100900146,0,0,0
100900147,0,0,0
100900148,2,95,-93
100900149,0,0,0
100900150,0,0,0
100900151,5,56,-51
100900152,0,0,0
100900153,0,0,0
100900154,0,0,0
100900155,0,0,0
100900156,0,0,0
100900157,0,0,0
100900158,104,19,85
100900159,0,0,0
100900160,0,0,0
100900161,0,0,0
100900162,0,0,0
100900163,4,5,-1
100900164,0,0,0
100900165,0,0,0
100900166,0,0,0
100900167,0,0,0
100900168,0,0,0
100900169,13,141,-128
100900170,0,0,0
100900171,2,87,-85
100900172,0,0,0
100900173,0,57,-57
100900174,0,0,0
100900176,0,0,0
100900177,1,0,1
100900178,0,0,0
100900179,0,0,0
100900180,0,0,0
100900181,0,0,0
100900182,0,0,0
100900184,0,0,0
100900186,0,0,0
100900187,0,0,0
100900188,0,0,0
100900189,0,0,0
100900191,0,0,0
100900192,0,0,0
100900195,0,0,0
100900197,0,0,0
100900198,0,0,0
100900199,0,0,0
100900200,35,28,7
100900201,0,135,-135
100900202,0,0,0
100900203,0,0,0
100900204,0,0,0
100900205,0,0,0
100900206,0,0,0
100900207,0,0,0
100900210,8,116,-108
100900211,0,0,0
100900213,0,0,0
100900214,129,5,124
100900215,0,0,0
101000001,699,176,523
101000002,846,310,536
101000003,113,42,71
101000004,3151,345,2806
101000005,1257,427,830
101000006,1496,1010,486
101000007,1894,1002,892
101000008,939,384,555
101000009,182,413,-231
101000010,99,135,-36
101000011,453,30,423
101000012,0,0,0
101000013,132,68,64
101000014,51,30,21
101000015,175,127,48
101000016,18,18,0
101000017,100,79,21
101000018,520,556,-36
101000020,790,153,637
101000021,46,22,24
101000022,628,102,526
101000023,434,511,-77
101000025,0,0,0
101000026,21,1,20
101000027,452,156,296
101000028,46,37,9
101000029,4,75,-71
101000030,190,20,170
101000031,14,1,13
101000032,424,353,71
101000033,792,388,404
101000034,429,279,150
101000035,259,22,237
101000036,290,98,192
101000037,471,103,368
101000039,392,230,162
101000040,1211,289,922
101000041,698,145,553
101000042,13,95,-82
101000043,1774,364,1410
101000045,109,38,71
101000046,461,167,294
101000047,98,89,9
101000048,87,64,23
101000049,66,87,-21
101000050,206,79,127
101000051,1038,151,887
101000052,363,53,310
101000053,70,59,11
101000054,342,113,229
101000055,342,83,259
101000056,21,8,13
101000057,926,161,765
101000058,155,22,133
101000059,97,24,73
101000060,370,76,294
101000061,21,20,1
101000062,612,92,520
101000063,4,16,-12
101000064,437,79,358
101000065,8,11,-3
101000066,6,12,-6
101000067,205,119,86
101000068,53,44,9
101000069,111,19,92
101000070,775,388,387
101000071,746,183,563
101000072,439,353,86
101000073,55,24,31
101000074,1807,380,1427
101000075,4482,980,3502
101000077,261,172,89
101000078,131,64,67
101000079,160,225,-65
101000080,577,363,214
101000081,167,97,70
101000082,559,259,300
101000083,130,86,44
101000084,317,212,105
101000085,109,20,89
101000086,527,272,255
101000087,253,208,45
101000088,26,24,2
101000089,24,29,-5
101000090,578,219,359
101000091,28,105,-77
101000092,235,118,117
101000093,131,50,81
101000094,192,325,-133
101000095,40,249,-209
101000096,11,27,-16
101000097,33,65,-32
101000098,20,33,-13
101000099,221,127,94
101000100,202,227,-25
101000101,14,25,-11
101000102,182,114,68
101000103,96,63,33
101000104,33,45,-12
101000105,0,0,0
101000106,29,29,0
101000107,5,32,-27
101000108,0,0,0
101000109,6,4,2
101000110,0,1,-1
101000111,14,31,-17
101000113,0,0,0
101000114,684,268,416
101000115,0,0,0
101000116,0,2,-2
101000117,0,12,-12
101000119,40,10,30
101000120,57,11,46
101000121,15,1,14
101000122,14,10,4
101000123,10,20,-10
101000124,388,173,215
101000125,38,119,-81
101000128,169,121,48
101000130,145,42,103
101000131,31,35,-4
101000132,110,383,-273
101000135,41,3,38
101000136,112,63,49
101000137,5,29,-24
101000141,128,111,17
101000147,178,184,-6
101000148,252,1,251
101000149,0,0,0
101000150,0,6,-6
101000151,5,11,-6
101000152,32,43,-11
101000153,45,51,-6
101000154,7,241,-234
101000155,35,30,5
101000156,9,88,-79
101000157,0,0,0
101000160,0,0,0
101000163,0,0,0
101000164,38,102,-64
101000165,82,61,21
101000166,16,10,6
101000168,63,63,0
101000252,46,114,-68
101000254,238,24,214
101000258,0,0,0
101000261,0,0,0
101000262,29,103,-74
101000263,7,21,-14
101000265,3,90,-87
101000266,116,46,70
101000269,200,36,164
101000290,117,32,85
101000293,0,2,-2
101000294,181,100,81
101000295,16,55,-39
101000301,112,46,66
101000304,565,844,-279
101000305,361,416,-55
101900001,0,0,0
101900002,0,1,-1
101900003,1,2,-1
101900004,0,0,0
101900005,447,38,409
101900006,0,0,0
101900007,0,0,0
101900008,0,0,0
101900009,0,0,0
101900010,0,0,0
101900011,0,0,0
101900012,0,0,0
101900013,64,3,61
101900017,0,0,0
101900018,0,0,0
101900019,0,0,0
101900020,0,0,0
101900021,0,0,0
101900022,0,0,0
101900023,0,0,0
102000001,316,532,-216
102000002,223,182,41
102000003,1248,674,574
102000004,1033,250,783
102000005,423,491,-68
102000006,222,178,44
102000007,523,880,-357
102000008,874,292,582
102000009,1418,1334,84
102000010,1597,701,896
102000011,576,698,-122
102000012,428,499,-71
102000018,348,34,314
102000019,46,33,13
102000026,0,0,0
102000029,0,0,0
102000030,5,11,-6
102000031,0,1,-1
102000032,13,45,-32
102000033,0,7,-7
102000034,41,30,11
102000035,0,0,0
102000036,0,0,0
102000037,18,4,14
102000038,3,8,-5
102000039,0,0,0
102000040,15,2,13
102000041,0,0,0
102000042,0,0,0
102000043,6,10,-4
102000044,0,0,0
102000045,64,60,4
102000046,80,19,61
102000047,41,140,-99
102000048,13,20,-7
102000049,34,12,22
102000050,60,147,-87
102000051,46,20,26
102000052,80,115,-35
102000053,53,61,-8
102000054,31,155,-124
102000055,104,192,-88
102000056,36,121,-85
102000057,118,28,90
102000058,176,235,-59
102000059,190,321,-131
102000060,51,54,-3
102000061,147,514,-367
102000062,57,108,-51
102000063,253,296,-43
102000064,78,94,-16
102000065,9,21,-12
102000066,391,277,114
102000067,464,436,28
102000068,835,374,461
102000069,0,0,0
102000070,268,14,254
102000071,1603,1803,-200
102000072,929,1607,-678
102000073,8,148,-140
102000074,24,279,-255
102000075,4,67,-63
102000076,8,233,-225
102000077,33,347,-314
102000078,72,559,-487
102000079,7,72,-65
102000080,46,76,-30
102000081,58,253,-195
102000082,87,103,-16
102000083,43,108,-65
102000084,0,0,0
102000085,166,130,36
102000086,56,32,24
102000087,94,217,-123
102000088,10,9,1
102000089,0,0,0
102000090,104,99,5
102000091,375,98,277
102000092,174,135,39
102000093,60,122,-62
102000094,0,0,0
102000095,152,395,-243
102000096,0,0,0
102000097,616,596,20
102000098,26,44,-18
102000099,231,79,152
102000100,13,23,-10
102000101,114,28,86
102000102,46,6,40
102000103,171,60,111
102000104,130,52,78
102000105,9,129,-120
102000106,19,148,-129
102000107,0,0,0
102000108,47,102,-55
102000109,0,0,0
102000110,0,0,0
102000111,0,0,0
102000112,25,13,12
102000113,0,0,0
102000114,0,0,0
102000115,19,20,-1
102000116,10,34,-24
102000117,7,107,-100
102000118,45,179,-134
102000119,552,61,491
102000120,9,5,4
102000121,62,85,-23
102000122,28,5,23
102000123,133,73,60
102000124,109,15,94
102000125,56,52,4
102000126,41,40,1
102000127,101,30,71
102000128,64,51,13
102000129,45,58,-13
102000130,39,46,-7
102000131,67,19,48
102000132,21,35,-14
102000133,192,480,-288
102000134,41,67,-26
102000135,0,0,0
102000136,18,26,-8
102000137,45,30,15
102000138,0,0,0
102000139,0,0,0
102000140,8,9,-1
102000141,1,40,-39
102000142,7,31,-24
102000143,4,28,-24
102000144,7,38,-31
102000145,3,32,-29
102000146,0,0,0
102000147,15,21,-6
102000148,0,0,0
102000149,3,2,1
102000150,2,0,2
102000151,0,0,0
102000152,0,0,0
102000153,0,0,0
102000154,19,19,0
102000155,14,20,-6
102000156,41,8,33
102000157,3,14,-11
102000158,27,3,24
102000159,191,10,181
102000161,732,218,514
102000162,76,31,45
102000163,0,0,0
102000164,2,0,2
102000165,71,57,14
102000166,8,34,-26
102000167,49,141,-92
102000168,28,36,-8
102000169,37,85,-48
102000170,339,98,241
102000171,8,30,-22
102000172,5,43,-38
102000173,32,32,0
102000174,11,10,1
102000175,1,2,-1
102000176,1,0,1
102000178,8,117,-109
102000179,5,32,-27
102000180,39,109,-70
102000181,12,153,-141
102000182,73,148,-75
102000183,84,235,-151
102000184,111,475,-364
102000185,98,159,-61
102000186,80,733,-653
102000187,105,654,-549
102000188,22,167,-145
102000189,1041,294,747
102000190,113,257,-144
102000191,218,46,172
102000192,166,278,-112
102000193,0,0,0
102000194,0,0,0
102000195,9,54,-45
102000196,0,0,0
102000197,9,77,-68
102000198,0,0,0
102000199,11,50,-39
102000200,0,0,0
102000201,18,53,-35
102000202,0,0,0
102000203,11,73,-62
102000204,9,19,-10
102000205,18,16,2
102000206,91,148,-57
102000207,8,7,1
102000208,20,139,-119
102000209,2,8,-6
102000210,0,158,-158
102000211,6,84,-78
102000212,0,0,0
102000213,0,72,-72
102000214,0,0,0
102000215,0,84,-84
102000216,0,0,0
102000217,1,41,-40
102000218,0,0,0
102000219,36,23,13
102000225,0,0,0
102000226,1,3,-2
102000227,0,0,0
102000228,0,24,-24
102000229,7,9,-2
102000230,8,60,-52
102000231,15,18,-3
102000232,0,0,0
102000233,24,64,-40
102000234,0,0,0
102000236,14,7,7
102000237,6,9,-3
102000238,6,3,3
102000240,144,324,-180
102000241,43,16,27
102000243,0,1,-1
102000245,18,18,0
102000246,0,0,0
102000247,24,110,-86
102000248,33,100,-67
102000249,7,45,-38
102000250,5,102,-97
102000254,0,0,0
102000266,0,5,-5
102000271,0,0,0
102000286,0,0,0
102000297,52,29,23
102000299,0,0,0
102000301,0,0,0
102000302,0,1,-1
102000303,0,0,0
102000305,0,0,0
102000307,0,5,-5
102000308,0,7,-7
102900001,0,0,0
102900002,0,0,0
102900003,0,20,-20
102900005,0,0,0
102900006,0,0,0
102900007,0,0,0
102900008,0,0,0
102900009,0,0,0
102900010,0,0,0
102900011,0,0,0
102900012,0,0,0
102900013,0,0,0
102900015,0,0,0
102900016,0,0,0
102900017,0,0,0
102900018,0,0,0
102900019,0,0,0
102900020,0,0,0
102900021,0,0,0
102900022,19,12,7
102900023,0,0,0
102900024,0,0,0
102900025,0,0,0
102900026,0,0,0
102900027,0,0,0
102900028,0,0,0
102900029,0,6,-6
102900030,0,0,0
102900031,0,0,0
102900032,0,8,-8
102900033,0,0,0
102900034,0,0,0
102900035,1,48,-47
102900036,0,0,0
102900037,0,0,0
102900038,0,0,0
102900039,0,0,0
102900040,0,0,0
102900041,0,0,0
102900042,0,0,0
102900043,0,0,0
102900044,0,0,0
102900045,0,0,0
102900046,0,0,0
102900047,0,0,0
102900048,0,0,0
102900049,0,0,0
102900050,0,0,0
102900051,0,0,0
102900052,0,0,0
102900053,0,0,0
102900054,0,0,0
102900055,0,0,0
102900056,0,0,0
102900057,0,0,0
102900058,0,0,0
102900059,0,0,0
102900060,0,0,0
102900061,0,0,0
102900062,0,0,0
102900063,0,0,0
102900064,0,0,0
102900065,0,0,0
102900066,0,0,0
102900068,0,0,0
102900070,6,50,-44
102900072,1,9,-8
102900073,20,2,18
102900074,0,0,0
102900075,0,0,0
102900076,0,0,0
102900077,0,0,0
102900078,0,0,0
102900079,0,0,0
102900080,0,0,0
102900081,0,0,0
102900082,0,0,0
102900083,0,0,0
102900084,0,0,0
102900085,0,0,0
102900086,0,0,0
102900087,0,0,0
102900088,0,0,0
102900089,0,0,0
102900090,0,87,-87
102900091,1,0,1
102900092,10,132,-122
102900093,0,0,0
102900094,0,0,0
102900095,0,0,0
102900096,0,0,0
102900097,25,108,-83
103000001,586,635,-49
103000002,197,333,-136
103000003,670,537,133
103000004,170,139,31
103000005,106,97,9
103000006,24,78,-54
103000007,15,49,-34
103000008,103,384,-281
103000009,19,11,8
103000010,2,15,-13
103000011,304,215,89
103000012,134,83,51
103000013,2421,513,1908
103000014,65,57,8
103000015,901,349,552
103000016,44,19,25
103000017,0,0,0
103000018,4,0,4
103000019,0,0,0
103000020,179,383,-204
103000021,22,25,-3
103000022,162,340,-178
103000023,9,29,-20
103000024,1,0,1
103000025,0,0,0
103000026,0,0,0
103000027,0,0,0
103000028,0,0,0
103000029,55,5,50
103000030,779,96,683
103000031,56,42,14
103000032,365,388,-23
103000033,195,72,123
103000034,637,270,367
103000035,94,65,29
103000036,100,44,56
103000037,190,130,60
103000038,68,57,11
103000039,26,103,-77
103000040,14,74,-60
103000041,425,822,-397
103000042,157,199,-42
103000043,13,91,-78
103000044,19,10,9
103000046,48,17,31
103000047,0,4,-4
103000048,11,7,4
103000049,2,1,1
103000050,12,23,-11
103000051,25,37,-12
103000052,20,5,15
103000053,2,28,-26
103000054,456,156,300
103000055,69,81,-12
103000056,38,176,-138
103000057,56,61,-5
103000058,76,184,-108
103000059,30,54,-24
103000060,231,276,-45
103000061,22,60,-38
103000062,180,193,-13
103000063,71,61,10
103000064,67,83,-16
103000065,0,2,-2
103000066,1,1,0
103000069,1,4,-3
103000070,91,285,-194
103000071,44,20,24
103000072,20,341,-321
103000073,0,0,0
103000074,0,0,0
103000075,54,317,-263
103000076,0,0,0
103000077,3,139,-136
103000078,0,0,0
103000079,325,47,278
103000080,0,0,0
103000081,44,82,-38
103000082,0,1,-1
103000083,7,97,-90
103000084,0,0,0
103000085,1,11,-10
103000086,7,10,-3
103000087,23,88,-65
103000088,58,77,-19
103000089,8,15,-7
103000090,303,224,79
103000091,67,69,-2
103000092,5,8,-3
103000093,47,166,-119
103000094,1,3,-2
103000095,6,92,-86
103000096,14,1,13
103000097,11,179,-168
103000098,1,0,1
103000099,27,129,-102
103000100,15,303,-288
103000101,0,0,0
103000102,32,253,-221
103000103,0,2,-2
103000104,3,56,-53
103000105,0,0,0
103000106,1,73,-72
103000107,0,0,0
103000108,41,78,-37
103000109,34,56,-22
103000110,148,74,74
103000111,138,77,61
103000112,4,10,-6
103000113,52,131,-79
103000114,12,14,-2
103000115,28,51,-23
103000116,27,61,-34
103000117,17,67,-50
103000118,197,299,-102
103000119,731,200,531
103000120,3,44,-41
103000121,27,67,-40
103000122,2,2,0
103000125,0,0,0
103000126,1,0,1
103000127,0,0,0
103000128,1,0,1
103000129,0,0,0
103000130,0,0,0
103000131,0,0,0
103000132,6,1,5
103000133,0,0,0
103000134,139,61,78
103000135,274,34,240
103000136,155,71,84
103000137,107,107,0
103000138,165,76,89
103000139,0,19,-19
103000140,0,0,0
103000141,11,22,-11
103000142,0,0,0
103000143,9,59,-50
103000144,0,2,-2
103000145,0,0,0
103000150,2,9,-7
103000152,31,33,-2
103000153,0,6,-6
103000156,0,0,0
103000157,0,1,-1
103000159,6,22,-16
103000162,0,0,0
103000163,0,0,0
103000164,0,0,0
103000165,3,9,-6
103000166,0,0,0
103000167,1,5,-4
103000168,10,25,-15
103000169,0,0,0
103000170,124,71,53
103000171,0,0,0
103000172,5,67,-62
103000173,31,148,-117
103000174,10,7,3
103000175,84,359,-275
103000176,36,4,32
103000177,258,133,125
103000178,227,171,56
103000179,5,0,5
103000183,0,16,-16
103000185,0,0,0
103000186,1,0,1
103000187,43,133,-90
103000188,3,22,-19
103000189,84,365,-281
103000191,37,43,-6
103000292,365,30,335
103000293,0,0,0
103000295,0,0,0
103000296,0,0,0
103000297,0,0,0
103000504,1,0,1
103000505,0,0,0
103000506,0,0,0
103000507,3,0,3
103000508,3,1,2
103000509,34,177,-143
103900001,0,0,0
103900002,0,0,0
103900003,0,4,-4
103900004,0,0,0
103900005,0,0,0
103900006,0,0,0
103900007,0,0,0
103900008,0,0,0
103900009,2,65,-63
103900010,9,63,-54
103900011,4,54,-50
103900012,0,0,0
103900013,0,15,-15
103900014,0,0,0
103900015,0,0,0
103900016,18,48,-30
103900017,0,19,-19
103900018,69,13,56
103900019,0,0,0
103900020,0,0,0
103900021,0,0,0
103900022,0,71,-71
103900023,0,0,0
103900024,0,0,0
103900025,0,0,0
103900026,0,0,0
103900027,0,0,0
103900028,2,49,-47
103900029,16,38,-22
103900030,0,0,0
103900031,0,0,0
103900032,0,0,0
103900033,0,0,0
103900034,1,27,-26
103900035,7,3,4
103900036,0,0,0
103900037,0,0,0
103900038,0,0,0
103900039,0,105,-105
103900040,1,8,-7
103900041,0,0,0
103900042,1,121,-120
103900043,0,0,0
103900044,0,0,0
103900045,0,0,0
103900047,3,17,-14
103900048,0,0,0
103900049,0,0,0
103900050,0,26,-26
103900051,0,15,-15
103900052,1,28,-27
103900053,1,104,-103
103900054,0,3,-3
103900055,0,1,-1
103900056,0,7,-7
103900057,0,1,-1
103900058,5,95,-90
103900059,0,0,0
103900060,0,0,0
103900061,0,0,0
103900062,7,7,0
103900063,0,0,0
103900064,0,0,0
103900065,70,31,39
103900066,0,0,0
103900067,0,0,0
103900068,0,0,0
103900069,0,0,0
103900070,0,0,0
103900071,2,16,-14
103900072,0,87,-87
103900073,0,0,0
103900074,0,0,0
103900075,0,0,0
103900076,1,18,-17
103900077,0,0,0
103900078,0,0,0
103900079,0,0,0
103900080,0,0,0
103900081,0,0,0
103900082,0,0,0
103900083,0,0,0
103900084,0,0,0
103900085,0,0,0
103900086,0,0,0
103900087,0,0,0
103900088,0,0,0
103900089,0,0,0
103900090,0,0,0
103900091,8,2,6
103900092,4,22,-18
103900093,0,0,0
103900094,1,2,-1
103900095,9,4,5
103900096,0,1,-1
103900097,0,8,-8
103900098,3,2,1
103900099,0,2,-2
103900100,11,40,-29
103900101,0,10,-10
103900102,0,5,-5
103900104,0,0,0
103900105,16,13,3
103900106,0,0,0
103900107,0,0,0
103900108,7,158,-151
103900109,0,0,0
103900110,13,1,12
103900111,2,116,-114
103900112,0,0,0
103900113,2,4,-2
103900114,18,6,12
103900115,19,4,15
103900116,338,4,334
103900117,46,23,23
103900119,0,0,0
103900120,0,0,0
103900122,0,80,-80
103900123,22,31,-9
103900124,1,1,0
103900125,5,5,0
103900126,0,0,0
103900127,7,83,-76
103900128,1,34,-33
103900131,0,14,-14
103900133,0,0,0
103900134,0,0,0
103900135,0,0,0
103900137,0,0,0
103900138,0,0,0
103900139,1,53,-52
103900140,0,0,0
103900141,0,0,0
103900142,0,0,0
103900143,0,0,0
103900144,0,0,0
103900145,0,3,-3
103900146,0,0,0
103900147,12,23,-11
103900148,10,55,-45
103900149,0,0,0
103900150,5,77,-72
103900151,0,0,0
103900152,0,2,-2
103900153,0,0,0
103900154,107,14,93
103900155,0,0,0
103900156,0,0,0
103900157,0,0,0
103900158,0,0,0
103900159,0,0,0
103900160,0,0,0
103900161,0,0,0
103900162,7,12,-5
103900163,0,7,-7
103900164,0,0,0
103900167,0,0,0
103900168,0,0,0
103900169,0,0,0
103900170,0,0,0
103900171,0,0,0
103900172,0,0,0
103900173,0,0,0
103900174,0,0,0
103900175,0,0,0
103900176,0,0,0
103900177,0,0,0
103900178,0,0,0
103900179,0,0,0
103900180,0,0,0
103900181,0,0,0
103900182,0,0,0
103900184,0,0,0
103900185,0,0,0
103900187,3,0,3
103900188,5,0,5
103900189,6,1,5
103900190,0,0,0
103900191,0,0,0
103900192,0,0,0
103900193,0,0,0
103900194,0,0,0
103900195,0,0,0
103900196,0,0,0
103900197,0,0,0
103900198,0,0,0
103900199,0,1,-1
103900200,0,1,-1
103900201,0,1,-1
103900202,0,1,-1
103900203,1,1,0
103900204,0,1,-1
103900207,0,1,-1
103900208,0,0,0
103900209,0,0,0
103900210,1,1,0
103900211,0,4,-4
103900212,2,86,-84
103900213,27,130,-103
103900214,28,8,20
103900215,577,123,454
103900216,1,135,-134
103900217,0,0,0
103900218,0,0,0
103900219,0,0,0
103900233,0,0,0
103900235,0,0,0
103900236,0,0,0
103900242,0,0,0
103900243,0,0,0
103900244,0,0,0
103900245,0,0,0
103900246,3,0,3
103900247,0,0,0
103900248,0,0,0
103900249,0,0,0
103900250,0,0,0
103900251,0,0,0
103900253,0,0,0
103900254,0,0,0
103900255,0,0,0
103900256,0,0,0
103900257,0,0,0
103900258,0,0,0
103900259,0,0,0
103900261,0,0,0
103900262,0,0,0
103900263,0,0,0
103900264,0,0,0
103900265,0,0,0
103900266,0,0,0
103900267,1,7,-6
104000001,432,493,-61
104000002,462,689,-227
104000003,453,570,-117
104000004,1487,658,829
104000005,99,483,-384
104000006,488,854,-366
104000007,1006,952,54
104000008,331,403,-72
104000009,19,57,-38
104000010,0,0,0
104000011,317,372,-55
104000012,42,291,-249
104000013,0,0,0
104000014,89,422,-333
104000015,0,0,0
104000016,90,231,-141
104000018,28,2,26
104000019,44,12,32
104000020,0,9,-9
104000021,18,22,-4
104000022,2,7,-5
104000023,47,49,-2
104000024,6,9,-3
104000026,2,4,-2
104000027,88,303,-215
104000028,56,40,16
104000029,102,322,-220
104000030,19,46,-27
104000031,18,6,12
104000032,30,264,-234
104000033,1,6,-5
104000034,78,339,-261
104000035,7,17,-10
104000036,12,15,-3
104000037,55,215,-160
104000038,50,59,-9
104000039,14,23,-9
104000040,31,12,19
104000041,59,40,19
104000042,25,64,-39
104000043,41,78,-37
104000044,41,180,-139
104000045,98,158,-60
104000046,185,183,2
104000047,16,26,-10
104000048,51,85,-34
104000049,6,10,-4
104000050,2,22,-20
104000051,33,236,-203
104000052,142,416,-274
104000053,139,138,1
104000054,27,88,-61
104000055,814,320,494
104000056,37,12,25
104000057,11,180,-169
104000058,152,175,-23
104000059,26,326,-300
104000060,56,245,-189
104000061,75,158,-83
104000062,0,0,0
104000064,74,16,58
104000065,1,24,-23
104000069,252,44,208
104000070,2,3,-1
104000071,30,81,-51
104000072,0,0,0
104000075,0,0,0
104000076,0,0,0
104000082,357,546,-189
104000083,86,41,45
104000084,20,98,-78
104000085,9,27,-18
104000086,59,91,-32
104000087,30,57,-27
104000090,45,366,-321
104000092,71,543,-472
104000094,87,443,-356
104000095,401,461,-60
104000096,0,77,-77
104000097,0,0,0
104000098,0,0,0
104000100,0,0,0
104000101,142,261,-119
104000106,12,50,-38
104000107,67,182,-115
104000108,51,97,-46
104000109,0,0,0
104000110,80,80,0
104000111,188,177,11
104000112,212,41,171
104000116,1,678,-677
104000117,2,306,-304
104000118,17,29,-12
104000119,9,33,-24
104000120,2,217,-215
104000121,14,71,-57
104000122,43,120,-77
104000123,200,229,-29
104000124,449,304,145
104000125,1168,262,906
104000126,22,76,-54
104000127,419,1017,-598
104000128,41,107,-66
104000129,0,0,0
104000130,1,69,-68
104000131,975,409,566
104000132,434,549,-115
104000133,340,217,123
104000134,254,171,83
104000135,66,122,-56
104000136,424,267,157
104000137,923,69,854
104000138,538,81,457
104000139,3193,514,2679
104000141,293,404,-111
104000142,101,478,-377
104000143,106,434,-328
104000144,0,0,0
104000145,0,0,0
104000146,213,414,-201
104000147,62,237,-175
104000148,0,0,0
104000149,59,299,-240
104000150,0,0,0
104000151,117,383,-266
104000152,62,563,-501
104000153,0,0,0
104000154,399,337,62
104000155,0,0,0
104000157,147,357,-210
104000158,51,54,-3
104000159,67,42,25
104000160,512,210,302
104000161,0,0,0
104000162,0,0,0
104000165,0,0,0
104000167,29,72,-43
104000168,0,0,0
104000169,0,0,0
104000170,306,67,239
104000248,0,124,-124
104000251,11,89,-78
104000272,10,1,9
104000273,7,3,4
104000274,3,0,3
104000275,6,1,5
104000279,136,69,67
104000290,17,103,-86
104000291,142,125,17
104000293,6,18,-12
104000294,0,0,0
104000295,79,306,-227
104000296,42,105,-63
104000297,440,489,-49
104000298,391,145,246
104000299,119,419,-300
104900001,0,0,0
104900002,0,0,0
104900003,0,0,0
104900004,0,0,0
104900005,0,8,-8
104900006,0,0,0
104900007,2,19,-17
104900009,0,0,0
104900010,0,0,0
104900011,0,0,0
104900012,0,0,0
104900013,0,0,0
104900014,0,0,0
104900015,0,0,0
104900016,0,1,-1
104900017,0,0,0
104900018,0,0,0
104900019,0,0,0
104900020,0,0,0
104900021,0,0,0
104900022,0,0,0
104900023,0,0,0
104900024,0,0,0
104900025,0,0,0
104900026,0,0,0
104900027,0,0,0
104900028,0,0,0
104900029,0,0,0
104900030,0,0,0
104900031,0,0,0
104900032,0,0,0
104900033,0,0,0
104900034,0,0,0
104900035,0,0,0
104900036,0,0,0
104900037,0,0,0
104900038,0,0,0
104900039,0,0,0
104900040,0,0,0
104900041,0,0,0
104900042,0,0,0
104900043,0,0,0
104900044,0,0,0
104900045,0,0,0
104900046,0,0,0
104900047,0,0,0
104900048,0,0,0
104900049,0,0,0
104900050,0,0,0
104900051,0,0,0
104900052,0,0,0
104900053,0,0,0
104900054,0,0,0
104900055,0,0,0
104900056,0,0,0
104900057,0,0,0
104900058,0,0,0
104900059,0,0,0
104900060,0,8,-8
104900061,0,0,0
104900063,0,0,0
104900064,0,0,0
104900065,0,2,-2
104900066,0,0,0
104900067,0,1,-1
104900068,0,0,0
104900070,0,0,0
104900071,0,96,-96
104900072,0,0,0
104900073,0,0,0
104900074,0,0,0
104900075,0,0,0
104900076,0,0,0
104900077,0,0,0
104900078,0,0,0
104900079,0,0,0
104900080,0,0,0
104900082,0,0,0
104900085,0,0,0
104900087,0,0,0
104900089,0,0,0
104900090,0,0,0
104900091,0,0,0
104900093,0,0,0
104900097,0,0,0
104900098,0,0,0
104900099,0,0,0
104900100,0,0,0
104900102,0,0,0
104900103,0,0,0
104900104,0,0,0
104900106,0,0,0
104900107,0,0,0
104900108,0,0,0
104900109,0,0,0
104900110,0,0,0
104900111,0,0,0
104900112,0,0,0
104900113,14,16,-2
104900114,0,0,0
104900115,10,26,-16
104900116,0,0,0
104900118,0,0,0
104900119,0,0,0
104900120,0,0,0
104900121,0,0,0
104900122,0,0,0
104900123,0,0,0
104900124,0,0,0
104900125,0,0,0
104900126,0,0,0
104900127,0,0,0
104900128,0,0,0
104900129,0,0,0
105000001,441,588,-147
105000002,160,401,-241
105000003,298,643,-345
105000004,87,274,-187
105000005,86,279,-193
105000006,59,170,-111
105000007,76,152,-76
105000008,42,271,-229
105000009,178,330,-152
105000010,907,1265,-358
105000011,243,267,-24
105000012,1494,1877,-383
105000013,169,154,15
105000014,210,175,35
105000015,1251,464,787
105000016,1695,555,1140
105000017,309,206,103
105000018,87,160,-73
105000019,16,3,13
105000020,15,75,-60
105000021,0,0,0
105000022,0,0,0
105000023,0,0,0
105000028,19,28,-9
105000029,60,154,-94
105000030,1390,1769,-379
105000033,345,1231,-886
105000034,1,1,0
105000037,48,57,-9
105000038,97,92,5
105000039,1607,1390,217
105000040,41,69,-28
105000041,162,927,-765
105000042,168,74,94
105000043,1063,1717,-654
105000044,26,40,-14
105000045,68,624,-556
105000046,38,31,7
105000047,100,747,-647
105000048,9,2,7
105000049,108,313,-205
105000050,0,0,0
105000051,52,189,-137
105000052,7,91,-84
105000053,23,91,-68
105000054,1,119,-118
105000055,20,72,-52
105000056,16,284,-268
105000057,146,286,-140
105000058,160,299,-139
105000059,27,57,-30
105000060,39,219,-180
105000061,5,23,-18
105000062,170,399,-229
105000063,34,241,-207
105000064,40,103,-63
105000065,42,322,-280
105000066,135,516,-381
105000067,73,79,-6
105000068,141,170,-29
105000069,364,96,268
105000070,55,74,-19
105000071,0,0,0
105000072,0,0,0
105000073,30,10,20
105000074,192,390,-198
105000075,92,156,-64
105000076,305,278,27
105000077,692,198,494
105000078,176,141,35
105000079,466,718,-252
105000080,90,84,6
105000081,245,208,37
105000082,49,81,-32
105000083,36,30,6
105000084,98,266,-168
105000085,72,44,28
105000086,124,211,-87
105000087,704,505,199
105000088,34,15,19
105000089,1141,1289,-148
105000090,483,615,-132
105000091,931,1005,-74
105000092,144,434,-290
105000093,10,43,-33
105000094,4,6,-2
105000095,4,40,-36
105000096,0,4,-4
105000097,103,163,-60
105000098,0,0,0
105000099,78,256,-178
105000100,244,183,61
105000101,189,375,-186
105000102,256,261,-5
105000103,90,415,-325
105000104,138,170,-32
105000105,15,358,-343
105000106,182,529,-347
105000107,71,57,14
105000108,136,92,44
105000109,174,460,-286
105000110,41,34,7
105000111,15,27,-12
105000112,237,67,170
105000113,9,42,-33
105000114,1,2,-1
105000115,12,38,-26
105000116,5,8,-3
105000117,48,195,-147
105000118,2,5,-3
105000119,74,288,-214
105000120,6,3,3
105000121,180,289,-109
105000122,12,109,-97
105000123,154,282,-128
105000124,109,248,-139
105000125,64,403,-339
105000126,198,599,-401
105000127,212,411,-199
105000128,12,311,-299
105000129,52,109,-57
105000130,0,0,0
105000131,76,80,-4
105000132,0,0,0
105000133,115,382,-267
105000134,0,0,0
105000135,80,227,-147
105000136,3,26,-23
105000137,39,56,-17
105000138,6,49,-43
105000139,202,306,-104
105000140,0,0,0
105000141,38,164,-126
105000142,0,0,0
105000143,47,213,-166
105000144,87,273,-186
105000145,0,0,0
105000146,156,290,-134
105000147,0,0,0
105000148,0,0,0
105000149,0,0,0
105000150,512,502,10
105000151,13,28,-15
105000152,6,183,-177
105000153,47,50,-3
105000154,21,284,-263
105000155,10,55,-45
105000156,48,317,-269
105000157,135,632,-497
105000158,77,83,-6
105000159,27,469,-442
105000160,48,73,-25
105000161,83,591,-508
105000162,16,76,-60
105000163,180,316,-136
105000164,119,69,50
105000165,134,161,-27
105000166,2020,43,1977
105000167,329,263,66
105000168,12,301,-289
105000169,57,239,-182
105000170,0,1,-1
105000171,110,30,80
105000172,0,0,0
105000173,0,0,0
105000174,0,0,0
105000175,8,58,-50
105000176,10,27,-17
105000177,3,35,-32
105000178,0,0,0
105000179,8,34,-26
105000180,7,29,-22
105000181,0,0,0
105000182,5,15,-10
105000183,18,7,11
105000184,638,429,209
105000185,222,139,83
105000186,78,565,-487
105000187,118,42,76
105000188,15,30,-15
105000189,23,323,-300
105000190,0,0,0
105000191,90,307,-217
105000192,9,86,-77
105000193,26,55,-29
105000194,47,46,1
105000195,37,289,-252
105000196,7,38,-31
105000197,37,224,-187
105000198,197,105,92
105000199,57,53,4
105000200,4,58,-54
105000201,15,17,-2
105000203,0,22,-22
105000204,34,28,6
105000205,16,20,-4
105000207,310,101,209
105000208,0,0,0
105000209,30,186,-156
105000212,117,297,-180
105000213,0,0,0
105000214,0,0,0
105000215,8,71,-63
105000216,36,252,-216
105000217,40,240,-200
105000218,21,229,-208
105000221,2,59,-57
105000222,2,12,-10
105000223,5,44,-39
105000226,0,0,0
105000227,0,0,0
105000228,8,111,-103
105000229,0,0,0
105000231,0,0,0
105000233,62,44,18
105000234,231,806,-575
105000235,11,15,-4
105000237,0,0,0
105000243,0,0,0
105000248,60,26,34
105000262,17,315,-298
105000269,9,26,-17
105000270,13,59,-46
105000271,0,15,-15
105000282,2,3,-1
105000287,4,4,0
105000288,14,83,-69
105000289,127,213,-86
105000290,0,0,0
105000402,688,234,454
105000426,103,54,49
105000438,186,120,66
105000446,2116,1267,849
105000447,2415,864,1551
105000454,0,12,-12
105000455,2,2,0
105000474,0,0,0
105000477,1,0,1
105000478,118,175,-57
105000479,3,38,-35
105000480,296,375,-79
105000481,379,469,-90
105000482,1386,1176,210
105000483,259,397,-138
105000484,497,979,-482
105000485,670,743,-73
105000486,977,982,-5
105000488,745,898,-153
105000489,69,117,-48
105000549,0,0,0
105000550,132,411,-279
105000551,0,0,0
105000552,1828,828,1000
105900001,0,0,0
105900002,0,18,-18
105900003,0,5,-5
105900004,76,41,35
105900005,4,50,-46
105900006,0,0,0
105900007,0,0,0
105900008,9,157,-148
105900009,0,0,0
105900011,0,0,0
105900012,0,0,0
105900013,0,0,0
105900014,0,0,0
105900015,14,30,-16
105900016,0,0,0
105900017,0,0,0
105900018,7,18,-11
105900019,0,0,0
105900020,1,3,-2
105900021,0,0,0
105900022,12,10,2
105900023,0,0,0
105900024,0,0,0
105900025,0,0,0
105900026,8,0,8
105900027,0,0,0
105900028,1,49,-48
105900029,15,46,-31
105900030,8,30,-22
105900031,33,32,1
105900032,6,28,-22
105900033,3,34,-31
105900034,11,44,-33
105900035,9,43,-34
105900036,0,10,-10
105900037,5,15,-10
105900038,2,27,-25
105900039,0,15,-15
105900040,2,9,-7
105900041,5,24,-19
105900042,1,12,-11
105900043,35,0,35
105900044,1,18,-17
105900045,0,79,-79
105900046,0,38,-38
105900047,0,5,-5
105900048,0,86,-86
105900050,0,0,0
105900051,0,0,0
105900052,0,0,0
105900053,463,22,441
105900054,20,39,-19
105900056,0,0,0
105900057,0,0,0
105900058,2,2,0
105900059,0,0,0
106000001,399,170,229
106000002,743,1310,-567
106000003,691,465,226
106000004,903,770,133
106000005,539,605,-66
106000006,1964,1734,230
106000007,114,53,61
106000008,199,201,-2
106000009,50,41,9
106000010,222,248,-26
106000011,104,85,19
106000012,244,691,-447
106000013,203,231,-28
106000014,630,670,-40
106000015,87,144,-57
106000016,400,930,-530
106000017,195,98,97
106000018,303,414,-111
106000019,40,31,9
106000020,32,275,-243
106000021,46,72,-26
106000022,79,195,-116
106000023,40,30,10
106000024,149,421,-272
106000025,37,49,-12
106000026,158,206,-48
106000027,78,96,-18
106000028,230,444,-214
106000029,455,888,-433
106000030,87,49,38
106000034,137,227,-90
106000035,68,121,-53
106000036,98,119,-21
106000037,396,634,-238
106000038,0,0,0
106000039,0,0,0
106000040,38,259,-221
106000041,91,72,19
106000043,0,0,0
106000046,0,0,0
106000047,4,54,-50
106000049,28,4,24
106000050,61,460,-399
106000051,1,7,-6
106000052,21,504,-483
106000053,0,0,0
106000054,172,264,-92
106000055,0,0,0
106000056,99,318,-219
106000057,0,0,0
106000058,39,155,-116
106000059,0,0,0
106000060,255,426,-171
106000061,2,5,-3
106000062,55,407,-352
106000063,2,2,0
106000064,30,258,-228
106000065,1,5,-4
106000066,16,176,-160
106000067,1,8,-7
106000068,9,321,-312
106000069,9,24,-15
106000070,61,319,-258
106000071,12,27,-15
106000072,1159,394,765
106000073,384,279,105
106000074,72,205,-133
106000075,44,293,-249
106000076,126,487,-361
106000077,530,377,153
106000078,100,377,-277
106000079,61,321,-260
106000080,199,362,-163
106000081,41,262,-221
106000082,661,409,252
106000083,20,311,-291
106000084,112,323,-211
106000085,126,250,-124
106000086,53,217,-164
106000087,68,224,-156
106000088,4,300,-296
106000089,86,206,-120
106000090,4,283,-279
106000091,92,202,-110
106000092,0,32,-32
106000093,0,0,0
106000094,19,167,-148
106000095,31,305,-274
106000096,13,229,-216
106000097,44,500,-456
106000098,4,337,-333
106000099,3,435,-432
106000100,18,41,-23
106000101,18,15,3
106000102,1,277,-276
106000103,12,91,-79
106000104,111,84,27
106000105,19,135,-116
106000106,49,57,-8
106000107,5,57,-52
106000108,24,49,-25
106000109,10,87,-77
106000110,12,41,-29
106000111,18,89,-71
106000112,17,50,-33
106000113,123,69,54
106000114,84,72,12
106000115,23,57,-34
106000116,76,45,31
106000117,225,307,-82
106000118,71,134,-63
106000119,819,359,460
106000120,56,27,29
106000121,0,4,-4
106000122,4,64,-60
106000123,3,9,-6
106000124,5,68,-63
106000125,1,88,-87
106000126,1,5,-4
106000127,17,140,-123
106000128,5,3,2
106000129,72,203,-131
106000130,0,0,0
106000131,6,147,-141
106000132,0,0,0
106000133,1433,226,1207
106000134,0,0,0
106000135,39,337,-298
106000136,0,0,0
106000137,28,741,-713
106000138,0,0,0
106000139,0,0,0
106000140,2,95,-93
106000141,1,89,-88
106000142,0,0,0
106000143,3,101,-98
106000144,0,0,0
106000145,16,200,-184
106000146,0,0,0
106000147,89,143,-54
106000148,50,255,-205
106000149,66,79,-13
106000150,63,354,-291
106000151,1000,129,871
106000152,141,112,29
106000153,8,126,-118
106000154,140,19,121
106000155,1,5,-4
106000156,57,54,3
106000157,172,584,-412
106000158,699,133,566
106000159,1431,397,1034
106000160,29,221,-192
106000161,346,204,142
106000162,8,88,-80
106000163,34,238,-204
106000164,12,72,-60
106000165,23,310,-287
106000166,53,87,-34
106000167,67,636,-569
106000168,26,95,-69
106000169,24,292,-268
106000170,43,72,-29
106000171,6,319,-313
106000172,345,281,64
106000173,97,850,-753
106000174,12,131,-119
106000175,39,411,-372
106000176,42,70,-28
106000177,91,825,-734
106000178,211,156,55
106000179,193,651,-458
106000180,193,733,-540
106000181,38,706,-668
106000182,42,188,-146
106000183,66,344,-278
106000184,105,349,-244
106000185,68,202,-134
106000186,115,19,96
106000187,14,208,-194
106000188,0,1,-1
106000189,0,1,-1
106000190,0,0,0
106000191,27,46,-19
106000192,0,21,-21
106000193,31,31,0
106000194,18,84,-66
106000195,20,31,-11
106000196,0,72,-72
106000197,20,68,-48
106000198,7,110,-103
106000199,197,72,125
106000200,204,61,143
106000201,75,56,19
106000202,2293,142,2151
106000203,9,99,-90
106000204,0,0,0
106000205,21,85,-64
106000206,0,0,0
106000207,6,430,-424
106000208,22,0,22
106000209,16,30,-14
106000210,44,568,-524
106000211,105,689,-584
106000212,5,4,1
106000213,68,341,-273
106000214,176,52,124
106000215,5,43,-38
106000216,18,49,-31
106000217,11,41,-30
106000218,59,34,25
106000219,6,41,-35
106000220,23,38,-15
106000221,8,128,-120
106000222,0,0,0
106000223,0,0,0
106000224,9,129,-120
106000225,0,0,0
106000226,19,182,-163
106000228,10,86,-76
106000229,14,321,-307
106000231,11,0,11
106000232,6,176,-170
106000233,5,2,3
106000234,3,110,-107
106000235,3,1,2
106000236,13,9,4
106000237,1,1,0
106000238,0,0,0
106000239,0,8,-8
106000240,0,0,0
106000241,18,268,-250
106000242,6,0,6
106000249,0,0,0
106000250,4,103,-99
106000251,0,0,0
106000252,0,30,-30
106000253,0,0,0
106000254,4,20,-16
106000255,0,0,0
106000256,28,43,-15
106000257,11,84,-73
106000258,0,0,0
106000259,0,9,-9
106000260,0,0,0
106000261,0,20,-20
106000262,0,0,0
106000263,1,17,-16
106000264,0,0,0
106000265,1,32,-31
106000266,0,0,0
106000267,0,21,-21
106000268,0,0,0
106000269,10,14,-4
106000270,25,185,-160
106000271,0,0,0
106000272,2,18,-16
106000273,0,0,0
106000274,25,3,22
106000275,0,0,0
106000276,8,7,1
106000277,1,1,0
106000278,18,13,5
106000279,0,11,-11
106000280,3,28,-25
106000281,2,5,-3
106000282,3,16,-13
106000283,5,6,-1
106000284,5,19,-14
106000285,5,20,-15
106000286,9,33,-24
106000287,0,10,-10
106000288,7,36,-29
106000289,1,16,-15
106000290,8,17,-9
106000291,4,9,-5
106000292,7,26,-19
106000293,1,8,-7
106000294,6,20,-14
106000295,8,6,2
106000296,11,15,-4
106000297,22,12,10
106000298,14,6,8
106000299,6,22,-16
106000300,3,4,-1
106000301,0,14,-14
106000303,0,0,0
106000304,0,8,-8
106000305,0,0,0
106000306,6,16,-10
106000307,0,0,0
106000308,13,33,-20
106000309,2,4,-2
106000310,39,117,-78
106000311,18,18,0
106000312,6,57,-51
106000313,12,31,-19
106000318,27,50,-23
106000319,62,0,62
106000320,0,1,-1
106000321,3,4,-1
106000322,9,103,-94
106000324,0,6,-6
106000325,100,61,39
106000326,263,822,-559
106000327,0,0,0
106000328,0,0,0
106000329,6,52,-46
106000330,3,39,-36
106000428,24,60,-36
106000429,32,114,-82
106000430,113,413,-300
106000431,56,72,-16
106000432,313,781,-468
106000433,153,151,2
106000434,192,77,115
106000435,812,1033,-221
106000436,4,204,-200
106000437,0,0,0
106000438,0,0,0
106000439,13,224,-211
106000440,19,74,-55
106000441,0,0,0
106000442,0,0,0
106000443,2,36,-34
106000450,4,81,-77
106000451,0,0,0
106000454,0,11,-11
106000455,3,76,-73
106000456,0,0,0
106000457,2,522,-520
106000458,0,0,0
106000459,11,242,-231
106000460,0,0,0
106000461,11,814,-803
106000462,0,12,-12
106000463,0,0,0
106000464,3,227,-224
106000465,0,0,0
106000466,1,309,-308
106000467,173,185,-12
106000468,1,8,-7
106000469,0,0,0
106000470,58,236,-178
106000471,3,216,-213
106000472,0,0,0
106000473,1,5,-4
106000474,120,340,-220
106000475,17,22,-5
106000476,31,11,20
106000477,6,24,-18
106900001,0,2,-2
106900002,0,0,0
106900003,0,0,0
106900004,0,2,-2
106900006,0,1,-1
106900007,0,3,-3
106900008,0,0,0
106900009,0,0,0
106900010,0,0,0
106900012,0,0,0
106900013,0,0,0
106900014,0,0,0
106900015,0,0,0
106900016,0,0,0
106900017,0,0,0
106900018,0,0,0
106900019,0,0,0
106900020,0,0,0
106900021,0,0,0
106900022,0,0,0
106900023,0,0,0
106900024,0,0,0
106900025,0,0,0
106900026,0,0,0
106900027,0,0,0
107000001,290,478,-188
107000002,1256,2010,-754
107000003,642,929,-287
107000004,2417,3259,-842
107000005,170,530,-360
107000006,1219,3327,-2108
107000007,745,805,-60
107000008,10518,7105,3413
107000009,435,580,-145
107000010,6863,5147,1716
107000011,429,461,-32
107000012,966,1026,-60
107000013,8,158,-150
107000014,18,192,-174
107000015,71,630,-559
107000016,81,735,-654
107000017,484,200,284
107000018,1,100,-99
107000020,123,51,72
107000021,546,388,158
107000022,162,831,-669
107000023,759,186,573
107000024,129,1265,-1136
107000025,45,105,-60
107000026,27,415,-388
107000027,357,173,184
107000028,286,505,-219
107000029,238,253,-15
107000030,428,1123,-695
107000031,231,379,-148
107000032,23,44,-21
107000033,891,1443,-552
107000034,2652,850,1802
107000035,14,5,9
107000036,34,221,-187
107000037,5,31,-26
107000038,81,133,-52
107000039,0,0,0
107000040,55,198,-143
107000041,273,90,183
107000042,166,399,-233
107000043,521,166,355
107000044,157,208,-51
107000045,10,110,-100
107000046,75,78,-3
107000047,50,202,-152
107000048,31,69,-38
107000049,38,204,-166
107000050,62,86,-24
107000051,67,98,-31
107000052,157,78,79
107000053,12,12,0
107000054,19,139,-120
107000055,43,7,36
107000056,88,324,-236
107000057,104,21,83
107000058,0,0,0
107000059,443,1288,-845
107000060,43,68,-25
107000061,1262,1545,-283
107000062,28,38,-10
107000063,822,2311,-1489
107000064,27,69,-42
107000065,828,2321,-1493
107000066,15,59,-44
107000067,8,51,-43
107000068,0,0,0
107000069,0,0,0
107000070,0,3,-3
107000071,0,0,0
107000072,10,1603,-1593
107000073,0,0,0
107000074,50,458,-408
107000075,0,0,0
107000076,286,1208,-922
107000077,0,0,0
107000078,326,1681,-1355
107000079,0,0,0
107000080,271,1521,-1250
107000081,11,2,9
107000082,99,1171,-1072
107000083,7,5,2
107000084,133,1135,-1002
107000085,499,600,-101
107000086,472,683,-211
107000087,314,456,-142
107000088,323,737,-414
107000089,120,176,-56
107000090,317,404,-87
107000091,80,177,-97
107000092,338,437,-99
107000093,53,145,-92
107000094,207,506,-299
107000095,0,0,0
107000096,231,511,-280
107000097,0,0,0
107000098,70,180,-110
107000099,0,0,0
107000100,101,116,-15
107000101,0,0,0
107000102,121,127,-6
107000103,0,0,0
107000104,56,137,-81
107000105,8,2,6
107000106,28,117,-89
107000107,6,1,5
107000108,47,377,-330
107000109,0,0,0
107000110,20,298,-278
107000111,0,0,0
107000112,1,208,-207
107000113,0,0,0
107000114,30,225,-195
107000115,0,0,0
107000116,27,427,-400
107000117,0,0,0
107000118,31,134,-103
107000119,122,34,88
107000120,759,254,505
107000121,75,15,60
107000122,143,410,-267
107000123,12,24,-12
107000124,76,432,-356
107000125,61,23,38
107000126,98,531,-433
107000127,18,277,-259
107000129,29,111,-82
107000130,0,0,0
107000131,168,196,-28
107000132,0,0,0
107000133,2,14,-12
107000134,4,0,4
107000135,0,11,-11
107000136,6,0,6
107000137,0,14,-14
107000138,7,3,4
107000139,1,50,-49
107000140,57,0,57
107000141,16,77,-61
107000142,9,0,9
107000143,6,106,-100
107000144,7,16,-9
107000145,9,39,-30
107000146,9,1,8
107000147,385,26,359
107000150,29,18,11
107000151,1,5,-4
107000152,3,47,-44
107000153,22,49,-27
107000154,6,1,5
107000155,26,0,26
107000156,92,2,90
107000157,0,503,-503
107000158,15,1,14
107000159,0,160,-160
107000160,24,9,15
107000161,2,219,-217
107000162,9,18,-9
107000163,0,0,0
107000164,0,0,0
107000165,0,0,0
107000166,3,408,-405
107000167,16,24,-8
107000168,51,21,30
107000169,112,497,-385
107000170,55,14,41
107000171,57,1498,-1441
107000172,12,36,-24
107000173,137,425,-288
107000174,120,223,-103
107000175,2546,469,2077
107000176,0,0,0
107000177,0,0,0
107000178,0,0,0
107000179,80,1247,-1167
107000180,3,1,2
107000181,29,470,-441
107000182,6,136,-130
107000183,61,462,-401
107000184,10,115,-105
107000185,37,607,-570
107000186,0,0,0
107000187,124,138,-14
107000188,69,101,-32
107000189,13,108,-95
107000190,51,182,-131
107000191,0,7,-7
107000192,181,237,-56
107000193,1,2,-1
107000194,157,216,-59
107000197,0,0,0
107000198,29,340,-311
107000199,268,285,-17
107000200,0,0,0
107000201,90,117,-27
107000202,0,0,0
107000203,182,206,-24
107000204,24,9,15
107000205,1372,667,705
107000206,0,0,0
107000207,33,24,9
107000208,88,5,83
107000209,70,6,64
107000210,217,60,157
107000211,0,0,0
107000212,0,114,-114
107000213,0,0,0
107000214,0,19,-19
107000215,2,41,-39
107000216,4,60,-56
107000217,4,8,-4
107000219,0,4,-4
107000220,5,33,-28
107000222,83,206,-123
107000224,0,0,0
107000225,33,174,-141
107000226,0,0,0
107000227,11,117,-106
107000228,12,19,-7
107000229,12,11,1
107000230,378,153,225
107000231,8,16,-8
107000232,0,0,0
107000233,39,25,14
107000234,0,0,0
107000235,0,3,-3
107000236,22,360,-338
107000237,0,0,0
107000238,0,1,-1
107000239,276,12,264
107000240,1,299,-298
107000241,43,13,30
107000242,182,51,131
107000243,1,20,-19
107000244,3,84,-81
107000246,5,673,-668
107000249,4,293,-289
107000251,0,147,-147
107000252,5,573,-568
107000255,91,9,82
107000257,0,64,-64
107000258,0,18,-18
107000259,0,24,-24
107000260,0,0,0
107000262,0,127,-127
107000263,0,0,0
107000266,0,0,0
107000267,1,15,-14
107000268,11,16,-5
107000269,0,1,-1
107000270,0,0,0
107000271,1,199,-198
107000272,0,43,-43
107000273,0,46,-46
107000274,40,29,11
107000275,1,89,-88
107000280,12,5,7
107000281,1,110,-109
107000282,2,347,-345
107000290,0,10,-10
107000291,0,0,0
107000292,0,9,-9
107000293,0,0,0
107000294,0,20,-20
107000295,0,0,0
107000296,0,0,0
107000444,13,0,13
107000496,0,0,0
107000497,266,1442,-1176
107000500,0,0,0
107000501,0,0,0
107000502,0,0,0
107000505,103,265,-162
107000506,0,0,0
107000508,0,260,-260
107000509,21,10,11
107000510,0,0,0
107000514,0,24,-24
107000515,3,34,-31
107000516,0,0,0
107000518,0,0,0
107000519,804,623,181
107000520,0,0,0
107900001,0,5,-5
107900002,0,0,0
107900003,0,0,0
107900004,1,0,1
107900005,28,0,28
107900006,0,0,0
107900007,5,1,4
107900008,24,8,16
107900009,0,0,0
107900010,0,0,0
107900012,22,0,22
107900013,23,14,9
107900014,0,0,0
107900015,31,0,31
107900016,21,6,15
107900017,1,0,1
107900018,0,0,0
107900019,0,7,-7
107900020,0,0,0
107900021,1,23,-22
107900023,0,0,0
107900024,0,0,0
107900025,3,26,-23
107900026,1,17,-16
107900027,0,0,0
107900028,0,33,-33
107900030,3,0,3
107900031,5,59,-54
107900032,0,0,0
107900033,1,0,1
107900034,25,1,24
107900035,28,4,24
107900036,0,0,0
107900037,0,0,0
107900038,25,9,16
107900039,0,9,-9
107900040,0,0,0
107900041,0,0,0
107900043,0,25,-25
107900044,0,0,0
107900045,5,0,5
107900046,3,2,1
107900047,0,0,0
107900048,12,0,12
107900049,26,29,-3
107900050,32,52,-20
107900051,6,11,-5
107900052,0,0,0
107900053,0,15,-15
107900055,21,24,-3
107900056,3,2,1
107900057,0,0,0
107900058,7,162,-155
107900060,0,0,0
107900061,0,0,0
107900063,3,15,-12
107900064,18,1,17
107900065,7,3,4
107900066,0,0,0
107900067,0,0,0
107900068,4,14,-10
107900069,0,4,-4
107900070,0,0,0
107900071,2,248,-246
107900072,1,17,-16
107900073,0,0,0
107900074,0,0,0
107900076,4,9,-5
107900077,0,0,0
107900078,10,1,9
107900079,1,1,0
107900080,6,3,3
107900081,0,0,0
107900082,0,0,0
107900083,20,8,12
107900084,3,11,-8
107900086,6,6,0
107900087,65,6,59
107900088,0,0,0
107900089,27,52,-25
107900090,28,31,-3
107900091,9,93,-84
107900092,430,75,355
107900093,0,0,0
107900095,224,110,114
107900097,0,14,-14
107900098,7,10,-3
107900100,144,47,97
107900101,263,37,226
107900102,0,0,0
107900103,2,24,-22
107900104,0,0,0
107900105,2,125,-123
107900106,1,447,-446
107900107,334,21,313
107900108,11,1,10
107900109,0,0,0
107900110,0,9,-9
107900111,0,262,-262
107900112,10,38,-28
107900113,0,0,0
107900114,3,59,-56
107900115,0,0,0
107900116,1,36,-35
107900117,9,32,-23
107900118,20,35,-15
107900119,0,4,-4
107900120,0,0,0
107900121,0,1,-1
107900122,0,4,-4
107900123,0,9,-9
107900124,0,0,0
107900125,2,52,-50
107900126,0,12,-12
107900127,178,11,167
107900128,2,1,1
107900129,0,1,-1
107900130,0,0,0
107900131,6,4,2
107900132,12,88,-76
107900133,0,9,-9
107900134,0,0,0
107900135,0,32,-32
107900136,5,5,0
107900137,3,7,-4
107900138,0,4,-4
107900139,0,0,0
107900140,16,21,-5
107900141,4,4,0
107900142,7,234,-227
107900143,6,9,-3
107900144,0,37,-37
107900145,1,15,-14
107900146,1,4,-3
107900147,1,1,0
107900148,20,46,-26
107900149,577,14,563
107900150,8,157,-149
107900151,3,45,-42
107900152,1,56,-55
107900153,1,9,-8
107900154,4,0,4
107900155,0,0,0
107900156,0,2,-2
107900157,12,25,-13
107900158,20,1,19
107900159,8,260,-252
107900160,7,47,-40
107900161,1,103,-102
107900162,0,52,-52
107900163,0,0,0
107900164,0,4,-4
107900165,1,5,-4
107900166,2,90,-88
107900167,0,0,0
107900168,1,9,-8
107900169,0,44,-44
107900171,1,467,-466
107900172,0,109,-109
107900173,0,95,-95
107900174,0,0,0
107900175,0,0,0
107900176,0,3,-3
107900177,0,73,-73
107900178,0,96,-96
107900179,0,29,-29
107900180,118,3,115
107900181,100,106,-6
107900182,5,420,-415
107900183,2,148,-146
107900184,0,2,-2
107900185,11,0,11
107900186,1,6,-5
107900187,0,64,-64
107900188,75,6,69
107900189,2,31,-29
107900190,16,7,9
107900191,4,38,-34
107900193,0,21,-21
107900194,14,0,14
107900195,655,43,612
107900196,0,0,0
107900197,11,6,5
107900199,0,167,-167
107900201,12,29,-17
107900203,1,40,-39
107900204,69,64,5
107900205,25,176,-151
107900206,23,8,15
107900207,2,136,-134
107900208,0,191,-191
107900209,54,38,16
107900210,7,30,-23
107900213,48,94,-46
107900214,0,48,-48
107900215,60,147,-87
107900216,0,7,-7
107900217,0,0,0
107900218,0,157,-157
107900219,2,36,-34
107900220,26,15,11
107900221,49,82,-33
107900223,0,0,0
107900224,27,119,-92
107900225,1,67,-66
107900226,3,26,-23
107900227,13,121,-108
107900228,1,34,-33
107900229,1,81,-80
107900230,1,24,-23
107900231,0,0,0
107900232,1,88,-87
107900233,1,28,-27
107900234,7,69,-62
107900235,13,24,-11
107900236,1,46,-45
107900237,14,173,-159
107900238,0,0,0
107900239,278,129,149
107900240,1,30,-29
107900241,1,12,-11
107900242,2,93,-91
107900243,0,5,-5
107900244,0,0,0
107900245,6,0,6
107900246,0,2,-2
107900248,8,221,-213
107900249,0,0,0
107900250,0,114,-114
107900251,0,205,-205
107900252,0,0,0
107900253,0,0,0
107900254,0,15,-15
107900255,39,3,36
107900256,29,92,-63
107900257,1,2,-1
107900258,2,16,-14
107900259,1,13,-12
107900261,0,138,-138
107900262,0,0,0
107900264,0,0,0
107900265,5,20,-15
107900267,0,0,0
107900268,0,0,0
107900269,0,0,0
107900270,0,0,0
107900271,0,0,0
107900272,0,0,0
107900273,0,30,-30
107900274,0,0,0
107900275,0,0,0
107900276,0,32,-32
107900277,0,68,-68
107900278,0,57,-57
107900279,19,7,12
107900280,4,108,-104
107900281,470,93,377
107900282,11,12,-1
107900283,45,25,20
107900284,16,251,-235
107900285,0,23,-23
107900286,19,17,2
107900287,4,6,-2
107900290,0,15,-15
107900291,13,1,12
107900292,3,39,-36
107900293,5,58,-53
107900295,7,35,-28
107900297,3,72,-69
107900298,69,108,-39
107900299,848,114,734
107900300,10,30,-20
107900301,6,32,-26
107900302,9,9,0
107900303,1,61,-60
107900304,4,166,-162
107900305,9,3,6
107900306,0,0,0
107900307,8,101,-93
107900308,25,4,21
107900309,0,0,0
107900310,0,0,0
107900311,7,6,1
107900312,0,0,0
107900313,0,6,-6
107900314,0,12,-12
107900315,0,11,-11
107900316,2,0,2
107900317,0,0,0
107900318,1,20,-19
107900319,0,90,-90
107900320,0,36,-36
107900321,0,0,0
107900322,1,69,-68
107900323,1,24,-23
107900324,2,0,2
107900325,1,0,1
107900326,2,83,-81
107900327,1,0,1
107900328,0,0,0
107900329,0,0,0
107900330,1,81,-80
107900331,0,0,0
107900332,1,3,-2
107900333,0,0,0
107900334,2,55,-53
107900335,14,16,-2
107900336,1,4,-3
107900337,180,13,167
107900338,0,51,-51
107900339,0,18,-18
107900340,0,11,-11
107900341,1,0,1
107900342,5,35,-30
107900343,1,1,0
107900344,0,62,-62
107900345,0,4,-4
107900346,0,0,0
107900347,0,0,0
107900348,0,0,0
107900349,0,0,0
107900350,12,64,-52
108000001,434,466,-32
108000002,1433,2153,-720
108000003,476,341,135
108000004,9284,8227,1057
108000005,401,364,37
108000006,1524,3382,-1858
108000007,395,585,-190
108000008,1554,3108,-1554
108000009,232,628,-396
108000010,768,2959,-2191
108000011,1465,1056,409
108000012,8201,6890,1311
108000014,9,87,-78
108000015,12,34,-22
108000016,48,368,-320
108000017,4,41,-37
108000018,10,61,-51
108000019,3,69,-66
108000020,0,0,0
108000021,155,965,-810
108000022,119,625,-506
108000023,0,0,0
108000024,6,268,-262
108000025,6,95,-89
108000026,15,252,-237
108000027,18,255,-237
108000028,8,162,-154
108000029,20,360,-340
108000030,3,90,-87
108000031,33,342,-309
108000032,0,0,0
108000033,123,579,-456
108000034,0,0,0
108000035,232,1380,-1148
108000036,89,794,-705
108000037,111,30,81
108000038,66,15,51
108000039,105,1217,-1112
108000040,35,17,18
108000041,244,1444,-1200
108000042,2,94,-92
108000043,9,225,-216
108000044,2,61,-59
108000045,29,630,-601
108000046,0,0,0
108000047,92,619,-527
108000048,48,417,-369
108000049,24,12,12
108000050,14,249,-235
108000051,19,8,11
108000052,99,262,-163
108000053,16,10,6
108000054,79,297,-218
108000055,46,23,23
108000056,287,456,-169
108000057,17,68,-51
108000058,24,275,-251
108000059,1105,517,588
108000060,1,13,-12
108000061,53,139,-86
108000062,15,10,5
108000063,27,241,-214
108000064,0,1,-1
108000065,65,240,-175
108000066,374,82,292
108000067,68,49,19
108000068,0,0,0
108000069,25,687,-662
108000070,0,0,0
108000071,133,1025,-892
108000072,0,0,0
108000073,255,936,-681
108000074,0,0,0
108000075,48,368,-320
108000076,0,0,0
108000077,194,486,-292
108000078,22,41,-19
108000079,481,905,-424
108000080,6,14,-8
108000081,155,1185,-1030
108000082,256,810,-554
108000083,32,13,19
108000084,56,468,-412
108000085,4,4,0
108000086,189,316,-127
108000087,1,30,-29
108000088,0,0,0
108000089,26,41,-15
108000090,11,2,9
108000091,21,279,-258
108000092,1,4,-3
108000093,39,397,-358
108000094,0,0,0
108000095,69,262,-193
108000096,0,0,0
108000097,40,293,-253
108000098,26,140,-114
108000099,0,0,0
108000100,0,0,0
108000101,0,0,0
108000102,88,225,-137
108000106,0,0,0
108000107,2,251,-249
108000108,0,0,0
108000109,0,345,-345
108000110,21,56,-35
108000111,64,418,-354
108000112,0,0,0
108000113,28,13,15
108000115,92,109,-17
108000117,100,66,34
108000118,6,77,-71
108000119,64,231,-167
108000120,4,80,-76
108000121,4,239,-235
108000122,12,63,-51
108000123,6,3,3
108000124,13,391,-378
108000125,1,0,1
108000126,22,392,-370
108000127,4,3,1
108000128,34,424,-390
108000129,26,732,-706
108000130,1,1,0
108000131,3,6,-3
108000132,211,496,-285
108000133,10,9,1
108000134,145,630,-485
108000135,15,4,11
108000136,201,833,-632
108000137,1,2,-1
108000138,31,147,-116
108000139,0,11,-11
108000140,16,5,11
108000141,8,85,-77
108000142,32,126,-94
108000143,8,51,-43
108000144,7,7,0
108000145,5,138,-133
108000146,9,4,5
108000147,5,121,-116
108000148,10,2,8
108000149,6,42,-36
108000150,4,5,-1
108000151,1,2,-1
108000152,10,90,-80
108000153,1,3,-2
108000154,11,25,-14
108000155,0,2,-2
108000156,129,11,118
108000157,5,11,-6
108000158,7,70,-63
108000159,21,2,19
108000160,813,167,646
108000161,700,253,447
108000165,0,8,-8
108000172,0,0,0
108000173,521,21,500
108000175,0,36,-36
108000178,127,205,-78
108000179,0,1,-1
108000181,3,1,2
108000182,2,0,2
108000183,0,27,-27
108000184,136,147,-11
108000185,5,214,-209
108000186,3,4,-1
108000187,2,133,-131
108000188,3,29,-26
108000189,18,32,-14
108000190,4,50,-46
108000192,10,237,-227
108000193,197,14,183
108000194,0,1,-1
108000195,2,959,-957
108000196,0,22,-22
108000198,70,100,-30
108000199,0,71,-71
108000200,4,113,-109
108000202,2,152,-150
108000203,4,307,-303
108000204,17,3,14
108000205,91,103,-12
108000339,73,40,33
108000364,6,9,-3
108000365,0,47,-47
108000367,5,33,-28
108000368,1,21,-20
108000369,486,29,457
108000371,1,276,-275
108000372,0,0,0
108000373,0,0,0
108000376,10,1,9
108000377,20,3,17
108000378,1694,881,813
108000379,6,55,-49
108000381,0,0,0
108000382,0,0,0
108000383,0,19,-19
108900001,6,53,-47
108900002,22,10,12
108900003,37,145,-108
108900004,127,39,88
108900005,0,17,-17
108900006,50,44,6
108900007,2,36,-34
108900008,2,28,-26
108900009,2,12,-10
108900010,4,29,-25
108900011,20,50,-30
108900012,19,115,-96
108900013,5,57,-52
108900014,0,10,-10
108900015,0,0,0
108900016,0,23,-23
108900017,13,11,2
108900018,2,97,-95
108900019,1,232,-231
108900020,2,31,-29
108900021,10,53,-43
108900022,0,1,-1
108900023,0,2,-2
108900024,0,18,-18
108900025,0,0,0
108900026,0,11,-11
108900027,1,19,-18
108900028,2,87,-85
108900029,1,19,-18
108900030,0,44,-44
108900031,2,131,-129
108900032,3,26,-23
108900033,0,18,-18
108900034,0,9,-9
108900035,10,371,-361
108900036,21,46,-25
108900037,2,57,-55
108900038,0,81,-81
108900039,0,27,-27
108900040,0,21,-21
108900041,583,74,509
108900042,0,34,-34
108900043,5,35,-30
108900044,0,150,-150
108900045,8,82,-74
108900046,5,101,-96
108900047,0,10,-10
108900048,0,111,-111
108900049,469,40,429
108900050,0,26,-26
108900051,0,48,-48
108900052,1,54,-53
108900053,7,0,7
108900054,2,8,-6
108900055,3,72,-69
108900056,0,46,-46
108900057,1,44,-43
108900058,0,122,-122
108900059,4,2,2
108900060,0,0,0
108900061,2,0,2
108900062,0,86,-86
108900063,0,41,-41
108900064,0,0,0
108900065,1,24,-23
108900066,0,0,0
108900067,0,56,-56
108900068,0,10,-10
108900069,0,9,-9
108900070,1,18,-17
108900071,0,0,0
108900072,11,0,11
108900073,0,9,-9
108900074,1,36,-35
108900075,0,4,-4
108900076,0,0,0
108900077,9,13,-4
108900078,1,20,-19
108900079,12,15,-3
108900080,0,0,0
108900081,5,55,-50
108900082,1,13,-12
108900083,0,0,0
108900084,39,15,24
108900085,217,8,209
108900086,4,35,-31
108900087,14,12,2
108900088,0,0,0
108900089,0,0,0
108900090,0,32,-32
108900091,10,2,8
108900092,0,6,-6
108900093,0,0,0
108900094,7,4,3
108900095,3,28,-25
108900096,19,2,17
108900097,1,123,-122
108900098,9,0,9
108900099,1,98,-97
108900100,3,15,-12
108900101,0,0,0
108900102,1,13,-12
108900103,0,0,0
108900104,42,38,4
108900105,0,0,0
108900106,2,128,-126
108900108,0,0,0
108900109,0,0,0
108900110,1,55,-54
108900111,1,146,-145
108900112,0,0,0
108900113,0,0,0
108900114,0,0,0
108900115,0,0,0
108900116,0,0,0
108900117,0,0,0
108900118,0,0,0
108900119,0,0,0
108900120,0,0,0
108900121,0,0,0
108900122,0,0,0
108900123,0,0,0
108900124,0,1,-1
108900125,0,0,0
108900126,0,0,0
108900127,0,0,0
108900128,0,0,0
108900129,0,0,0
108900130,0,0,0
108900131,2,0,2
108900132,0,0,0
108900133,0,0,0
108900134,0,0,0
108900135,0,0,0
108900136,0,0,0
108900137,0,0,0
108900138,0,0,0
108900139,0,0,0
108900140,0,0,0
108900141,0,0,0
108900142,0,0,0
108900143,0,0,0
108900144,2,0,2
108900145,0,0,0
108900146,0,0,0
108900147,2,0,2
108900148,1,1,0
108900149,29,35,-6
108900150,1,1,0
108900151,0,0,0
108900152,1,5,-4
108900153,0,29,-29
108900154,0,0,0
108900155,0,12,-12
108900156,0,0,0
108900157,0,27,-27
108900158,0,0,0
108900159,0,36,-36
108900160,1,20,-19
108900161,0,46,-46
108900162,0,0,0
108900163,0,0,0
108900164,2,6,-4
108900165,7,12,-5
108900167,101,34,67
108900168,887,46,841
108900169,0,16,-16
108900171,441,143,298
108900172,0,0,0
108900173,13,16,-3
108900174,0,0,0
108900176,14,101,-87
108900177,1137,90,1047
108900178,290,26,264
108900179,8,10,-2
108900180,0,2,-2
108900182,0,1,-1
108900183,5,28,-23
108900184,0,3,-3
108900185,2,70,-68
108900186,1,58,-57
108900187,0,0,0
108900188,0,0,0
108900189,0,0,0
108900190,0,420,-420
108900191,0,0,0
108900192,2,35,-33
108900193,0,0,0
108900194,1,37,-36
108900195,2,52,-50
108900196,0,92,-92
108900198,1,84,-83
108900199,10,76,-66
108900200,32,66,-34
108900201,12,166,-154
108900203,2,0,2
108900204,9,0,9
108900205,4,0,4
108900206,0,0,0
108900207,0,0,0
108900208,2,50,-48
108900209,20,115,-95
108900210,10,6,4
108900211,2,1,1
108900212,36,21,15
108900215,5,91,-86
108900216,0,8,-8
108900217,0,0,0
108900218,0,0,0
108900219,0,0,0
108900220,0,0,0
108900221,2,10,-8
108900222,0,0,0
108900223,0,2,-2
108900224,0,5,-5
108900225,0,22,-22
108900226,0,0,0
108900227,0,0,0
108900230,17,21,-4
108900231,3,31,-28
108900232,1,65,-64
108900233,0,0,0
108900234,0,0,0
108900235,12,49,-37
108900236,4,18,-14
108900237,2,33,-31
108900240,0,21,-21
108900241,0,0,0
108900245,0,1,-1
108900249,0,0,0
108900250,0,8,-8
108900257,0,71,-71
108900258,0,13,-13
108900259,0,3,-3
108900260,0,7,-7
108900261,4,5,-1
108900262,2,0,2
108900263,0,0,0
108900264,0,0,0
108900265,0,0,0
108900266,0,0,0
108900267,0,0,0
108900268,0,0,0
108900269,0,0,0
108900270,0,0,0
108900271,0,0,0
108900272,0,0,0
108900273,0,0,0
108900274,1,11,-10
109000001,481,136,345
109000002,3341,597,2744
109000003,322,129,193
109000004,326,1685,-1359
109000005,189,184,5
109000006,339,1326,-987
109000007,129,133,-4
109000008,209,1227,-1018
109000009,530,262,268
109000010,700,2393,-1693
109000011,363,226,137
109000012,755,2389,-1634
109000013,428,234,194
109000014,478,2053,-1575
109000015,497,380,117
109000016,4994,2706,2288
109000017,260,243,17
109000018,368,2336,-1968
109000019,334,196,138
109000020,511,1385,-874
109000023,0,0,0
109000024,0,20,-20
109000025,118,62,56
109000026,95,77,18
109000027,13,62,-49
109000028,2,31,-29
109000029,90,21,69
109000030,14,204,-190
109000031,0,0,0
109000032,12,224,-212
109000033,0,0,0
109000034,2,3,-1
109000035,0,0,0
109000036,24,159,-135
109000037,10,55,-45
109000038,374,166,208
109000039,76,22,54
109000040,671,91,580
109000041,3569,354,3215
109000042,102,278,-176
109000044,1,9,-8
109000045,27,274,-247
109000046,0,17,-17
109000047,8,311,-303
109000048,6,7,-1
109000049,69,485,-416
109000050,0,6,-6
109000051,119,299,-180
109000052,64,394,-330
109000053,6,4,2
109000054,5,158,-153
109000055,11,25,-14
109000056,23,98,-75
109000057,19,17,2
109000058,142,27,115
109000059,19,142,-123
109000060,32,2,30
109000061,366,52,314
109000062,8,4,4
109000063,42,71,-29
109000064,4,3,1
109000065,3,126,-123
109000066,16,0,16
109000067,7,99,-92
109000068,1,1,0
109000069,0,0,0
109000070,4,335,-331
109000071,133,13,120
109000072,10,99,-89
109000073,15,20,-5
109000074,1,39,-38
109000075,23,495,-472
109000076,0,32,-32
109000077,48,50,-2
109000078,0,18,-18
109000079,6,59,-53
109000080,2,38,-36
109000081,1,126,-125
109000082,21,80,-59
109000083,18,164,-146
109000088,20,112,-92
109000089,10,3,7
109000090,26,129,-103
109000091,31,6,25
109000092,103,233,-130
109000093,28,9,19
109000094,13,1,12
109000095,4,187,-183
109000096,27,1,26
109000097,4,12,-8
109000098,0,0,0
109000099,51,86,-35
109000100,15,212,-197
109000101,95,132,-37
109000102,28,516,-488
109000103,33,156,-123
109000104,107,59,48
109000105,50,949,-899
109000106,168,70,98
109000107,61,841,-780
109000108,79,93,-14
109000109,117,845,-728
109000110,135,118,17
109000111,266,993,-727
109000112,33,53,-20
109000113,37,159,-122
109000114,1,25,-24
109000115,45,4,41
109000116,1,113,-112
109000117,6,8,-2
109000118,2,166,-164
109000119,20,31,-11
109000120,7,690,-683
109000121,4,13,-9
109000122,8,1037,-1029
109000123,0,12,-12
109000124,52,93,-41
109000125,54,91,-37
109000126,62,1191,-1129
109000127,42,48,-6
109000128,57,1492,-1435
109000129,19,24,-5
109000130,194,1827,-1633
109000131,91,50,41
109000132,275,902,-627
109000133,41,427,-386
109000134,148,847,-699
109000135,115,621,-506
109000136,12,16,-4
109000137,67,52,15
109000138,10,26,-16
109000139,47,85,-38
109000140,3,22,-19
109000141,27,173,-146
109000142,9,99,-90
109000143,3,3,0
109000145,34,10,24
109000146,0,2,-2
109000148,1268,130,1138
109000149,10,9,1
109000150,0,1,-1
109000155,32,156,-124
109000156,272,191,81
109000158,2,84,-82
109000159,8,150,-142
109000160,72,115,-43
109000161,10,327,-317
109000162,194,362,-168
109000163,57,308,-251
109000164,118,721,-603
109000165,92,148,-56
109000166,24,51,-27
109000167,12,245,-233
109000170,0,0,0
109000171,0,0,0
109000172,0,0,0
109000173,0,0,0
109000174,0,0,0
109000175,0,0,0
109000176,12,140,-128
109000177,0,0,0
109000178,12,47,-35
109000179,1186,238,948
109000180,1216,461,755
109000181,11,17,-6
109000182,4,27,-23
109000183,1,4,-3
109000184,3,3,0
109000185,1,10,-9
109000188,4,133,-129
109000189,144,208,-64
109000190,109,254,-145
109000191,0,0,0
109000192,1,20,-19
109000193,13,161,-148
109000194,1,11,-10
109000195,8,129,-121
109000196,3,6,-3
109000197,24,162,-138
109000198,1,1,0
109000199,9,125,-116
109000206,22,13,9
109000207,8,25,-17
109000208,22,16,6
109000209,11,4,7
109000210,33,75,-42
109000211,0,10,-10
109000214,4,42,-38
109000215,0,3,-3
109000216,13,23,-10
109000217,14,11,3
109000218,7,17,-10
109000221,18,216,-198
109000222,34,3,31
109000223,29,38,-9
109000224,3,32,-29
109000225,4,8,-4
109000226,8,51,-43
109000227,54,290,-236
109000228,0,181,-181
109000231,0,162,-162
109000232,4,108,-104
109000236,43,462,-419
109000241,126,481,-355
109000242,61,150,-89
109000293,0,0,0
109000361,7,62,-55
109000364,9,174,-165
109000396,1,316,-315
109000397,41,0,41
109000399,30,154,-124
109000400,5,95,-90
109000403,6,32,-26
109000406,25,2,23
109000407,6,23,-17
109000408,2,89,-87
109000410,186,91,95
109000411,0,0,0
109900001,0,0,0
109900002,0,0,0
109900003,0,0,0
109900004,49,28,21
109900005,0,1,-1
109900006,0,25,-25
109900007,1,270,-269
109900008,0,0,0
109900009,6,253,-247
109900010,0,0,0
109900011,3,4,-1
109900012,11,12,-1
109900013,24,8,16
109900014,16,8,8
109900015,7,9,-2
109900016,1,19,-18
109900017,5,12,-7
109900018,4,29,-25
109900019,7,11,-4
109900020,0,0,0
109900021,0,0,0
109900022,0,38,-38
109900023,0,0,0
109900024,0,0,0
109900025,2,10,-8
109900026,0,16,-16
109900027,0,0,0
109900028,199,30,169
109900029,1,61,-60
109900030,0,0,0
109900031,0,24,-24
109900032,0,44,-44
109900033,0,1,-1
109900034,1,0,1
109900035,0,4,-4
109900036,1,20,-19
109900037,0,98,-98
109900038,0,1,-1
109900039,0,0,0
109900040,3,158,-155
109900041,0,60,-60
109900042,0,78,-78
109900044,0,37,-37
109900045,0,8,-8
109900046,0,0,0
109900047,10,57,-47
109900048,0,14,-14
109900049,1,8,-7
109900050,0,45,-45
109900051,0,5,-5
109900052,3,46,-43
109900053,0,106,-106
109900054,0,0,0
109900055,3,62,-59
109900056,0,0,0
109900057,0,23,-23
109900058,0,11,-11
109900059,0,0,0
109900060,0,0,0
109900061,17,58,-41
109900062,0,27,-27
109900063,1,14,-13
109900064,10,5,5
109900065,9,34,-25
109900066,26,165,-139
109900067,0,89,-89
109900068,0,0,0
109900069,1,6,-5
109900070,21,35,-14
109900071,0,12,-12
109900072,2,42,-40
109900073,1,54,-53
109900074,0,21,-21
109900075,0,0,0
109900076,0,38,-38
109900077,4,20,-16
109900078,4,43,-39
109900080,6,40,-34
109900081,0,7,-7
109900082,0,50,-50
109900083,0,11,-11
109900084,0,10,-10
109900085,2,104,-102
109900086,0,0,0
109900087,32,58,-26
109900089,0,0,0
109900090,19,62,-43
109900091,0,0,0
109900092,0,0,0
109900093,0,0,0
109900094,1,9,-8
109900095,2,2,0
109900096,0,0,0
109900097,0,0,0
109900098,0,0,0
109900099,0,0,0
109900100,0,0,0
109900101,0,0,0
109900102,0,0,0
109900103,1,3,-2
109900104,2,359,-357
109900105,0,0,0
109900106,0,0,0
109900107,0,0,0
109900108,7,339,-332
109900109,1,73,-72
109900110,1,26,-25
109900111,13,43,-30
109900112,8,74,-66
109900113,1,0,1
109900114,1,1,0
109900115,0,0,0
109900117,0,0,0
109900118,12,94,-82
109900119,54,51,3
109900120,0,0,0
109900121,24,11,13
109900122,0,0,0
109900123,0,18,-18
109900124,2,58,-56
109900125,0,28,-28
109900126,0,25,-25
109900128,0,0,0
109900130,205,11,194
109900131,0,0,0
109900132,0,0,0
109900133,0,0,0
109900134,0,0,0
109900135,24,2,22
109900136,3,24,-21
109900137,0,0,0
109900138,0,0,0
109900140,7,79,-72
109900141,11,17,-6
109900142,55,48,7
109900145,0,26,-26
109900146,8,4,4
109900148,4,20,-16
109900149,3,8,-5
109900150,1,14,-13
109900151,0,6,-6
109900152,1,3,-2
109900153,0,9,-9
109900154,0,0,0
109900155,1,0,1
109900157,8,47,-39
109900158,7,28,-21
109900159,6,2,4
109900160,9,2,7
109900161,1,5,-4
109900162,4,5,-1
109900163,21,7,14
109900164,7,58,-51
109900165,12,0,12
109900166,0,15,-15
109900167,12,105,-93
109900168,4,97,-93
109900169,11,40,-29
109900170,25,47,-22
109900171,5,5,0
109900172,11,6,5
109900173,749,69,680
109900174,0,23,-23
109900175,1,27,-26
109900176,11,80,-69
109900177,7,150,-143
109900178,0,13,-13
109900179,0,0,0
109900180,0,0,0
110000001,139,273,-134
110000002,70,73,-3
110000003,1011,359,652
110000004,177,110,67
110000005,428,219,209
110000006,81,141,-60
110000007,1,21,-20
110000008,2,29,-27
110000009,0,0,0
110000010,2,39,-37
110000011,2,10,-8
110000012,257,208,49
110000013,7,42,-35
110000014,143,49,94
110000015,16,34,-18
110000016,74,118,-44
110000017,164,32,132
110000018,789,86,703
110000019,2,64,-62
110000020,80,113,-33
110000021,18,30,-12
110000022,59,8,51
110000023,0,62,-62
110000024,314,171,143
110000025,12,0,12
110000026,0,126,-126
110000027,79,53,26
110000028,21,55,-34
110000029,121,349,-228
110000030,7,24,-17
110000031,36,243,-207
110000032,13,29,-16
110000033,16,29,-13
110000034,98,352,-254
110000035,20,194,-174
110000036,77,195,-118
110000037,7,139,-132
110000038,79,100,-21
110000039,108,93,15
110000040,37,112,-75
110000041,0,0,0
110000042,8,95,-87
110000043,0,0,0
110000044,4,13,-9
110000045,0,0,0
110000046,1,1,0
110000047,0,0,0
110000048,0,2,-2
110000049,0,0,0
110000050,2,3,-1
110000051,0,0,0
110000052,0,0,0
110000053,0,0,0
110000054,4,48,-44
110000055,0,0,0
110000056,0,0,0
110000057,92,375,-283
110000058,68,68,0
110000059,183,345,-162
110000060,71,104,-33
110000061,462,592,-130
110000062,215,120,95
110000063,9,42,-33
110000064,0,0,0
110000065,19,21,-2
110000066,2,5,-3
110000067,1,1,0
110000068,0,0,0
110000069,7,32,-25
110000071,1,47,-46
110000073,0,19,-19
110000075,1,75,-74
110000076,28,4,24
110000077,56,17,39
110000078,0,29,-29
110000080,72,253,-181
110000081,3,58,-55
110000082,11,34,-23
110000083,74,242,-168
110000084,42,110,-68
110000085,1305,478,827
110000086,101,234,-133
110000087,0,24,-24
110000088,1,128,-127
110000089,0,21,-21
110000090,8,66,-58
110000091,422,93,329
110000092,4,14,-10
110000093,36,0,36
110000094,127,198,-71
110000095,5,94,-89
110000096,1154,534,620
110000097,210,192,18
110000098,90,63,27
110000099,161,471,-310
110000100,6,170,-164
110000101,1,144,-143
110000102,5,5,0
110000104,10,3,7
110000105,3,44,-41
110000106,29,17,12
110000107,31,49,-18
110000108,37,0,37
110000109,28,164,-136
110000110,691,234,457
110000111,3071,688,2383
110000112,242,54,188
110000113,142,80,62
110000114,6,49,-43
110000115,5,28,-23
110000116,8,6,2
110000117,12,193,-181
110000118,29,66,-37
110000119,17,174,-157
110000120,44,41,3
110000121,10,116,-106
110000122,57,223,-166
110000123,26,59,-33
110000124,0,364,-364
110000125,0,0,0
110000126,0,0,0
110000127,0,0,0
110000128,5,799,-794
110000129,0,261,-261
110000130,0,0,0
110000131,33,204,-171
110000132,1,375,-374
110000133,16,79,-63
110000134,9,99,-90
110000135,0,0,0
110000136,4,95,-91
110000137,4,101,-97
110000138,25,281,-256
110000139,13,192,-179
110000140,0,0,0
110000143,67,42,25
110000144,1030,272,758
110000145,180,132,48
110000146,486,155,331
110000147,30,239,-209
110000148,0,0,0
110000151,27,33,-6
110000152,81,76,5
110000153,5,34,-29
110000154,0,0,0
110000155,412,817,-405
110000156,112,444,-332
110000157,481,525,-44
110000160,59,113,-54
110000161,27,146,-119
110000166,9,1,8
110000167,61,91,-30
110000168,113,48,65
110000169,37,27,10
110000170,5,2,3
110000171,11,6,5
110000172,35,356,-321
110000173,208,419,-211
110000174,7,377,-370
110000175,0,0,0
110000176,0,0,0
110000177,2,52,-50
110000178,515,170,345
110000179,334,132,202
110000180,34,112,-78
110000181,41,112,-71
110000182,174,89,85
110000183,1439,591,848
110000184,79,181,-102
110000185,116,314,-198
110000186,174,128,46
110000191,15,143,-128
110000192,13,0,13
110000193,13,0,13
110000194,1,452,-451
110000195,2,32,-30
110000196,21,161,-140
110000197,1,19,-18
110000198,1,5,-4
110000199,15,50,-35
110000200,103,212,-109
110000201,26,79,-53
110000202,99,79,20
110000203,49,252,-203
110000204,2,98,-96
110000205,2,9,-7
110000206,27,466,-439
110000207,30,70,-40
110000208,6,8,-2
110000209,39,296,-257
110000210,0,0,0
110000211,0,0,0
110000212,20,117,-97
110000213,0,7,-7
110000214,7,17,-10
110000215,9,268,-259
110000216,1,261,-260
110000217,15,47,-32
110000218,14,228,-214
110000219,3,13,-10
110000220,7,162,-155
110000221,7,10,-3
110000222,3,110,-107
110000223,0,1,-1
110000224,0,2,-2
110000225,32,166,-134
110000226,1,4,-3
110000227,50,108,-58
110000228,20,4,16
110000229,0,81,-81
110000230,68,85,-17
110000231,5,26,-21
110000232,9,143,-134
110000233,3,31,-28
110000234,11,52,-41
110000235,33,158,-125
110000236,123,519,-396
110000237,300,440,-140
110000238,47,273,-226
110000239,168,475,-307
110000240,0,52,-52
110000242,0,30,-30
110000243,11,77,-66
110000244,11,134,-123
110000245,2,152,-150
110000246,28,199,-171
110000247,183,1078,-895
110000248,24,380,-356
110000249,6,0,6
110000250,1,53,-52
110000251,7,105,-98
110000252,11,129,-118
110000253,50,51,-1
110000254,154,639,-485
110000255,16,520,-504
110000256,5,8,-3
110000257,63,235,-172
110000258,0,70,-70
110000259,2,3,-1
110000260,8,66,-58
110000263,75,31,44
110000264,12,110,-98
110000265,290,313,-23
110000266,402,447,-45
110000267,4,104,-100
110000268,0,65,-65
110000269,3,41,-38
110000270,0,0,0
110000271,39,17,22
110000272,114,345,-231
110000273,343,502,-159
110000274,27,168,-141
110000275,654,149,505
110000276,22,95,-73
110000277,21,73,-52
110000278,70,285,-215
110000279,5,174,-169
110000280,3,94,-91
110000281,1,72,-71
110000282,13,12,1
110000283,0,2,-2
110000284,6,5,1
110000285,0,78,-78
110000286,0,0,0
110000287,0,0,0
110000288,1,33,-32
110000289,26,332,-306
110000290,523,261,262
110000291,1679,399,1280
110000292,412,529,-117
110000293,37,397,-360
110000294,52,317,-265
110000295,11,321,-310
110000296,8,206,-198
110000297,344,180,164
110000298,23,162,-139
110000299,1,0,1
110000301,1,0,1
110000302,10,512,-502
110000303,0,0,0
110000304,16,128,-112
110000305,7,0,7
110000306,15,960,-945
110000307,14,0,14
110000308,2,0,2
110000309,2,735,-733
110000310,32,10,22
110000311,1,418,-417
110000312,36,6,30
110000313,375,762,-387
110000314,2,111,-109
110000315,604,525,79
110000316,207,695,-488
110000317,217,135,82
110000318,3,41,-38
110000319,0,0,0
110000320,1,36,-35
110000321,0,0,0
110000322,7,103,-96
110000323,22,173,-151
110000324,1989,823,1166
110000325,33,35,-2
110000327,0,60,-60
110000328,79,345,-266
110000333,7,5,2
110000334,80,563,-483
110000335,21,139,-118
110000336,72,585,-513
110000337,39,79,-40
110000338,7,62,-55
110000339,15,68,-53
110000340,4,70,-66
110000341,48,376,-328
110000342,0,0,0
110000343,0,18,-18
110000344,8,56,-48
110000345,1,9,-8
110000346,578,420,158
110000347,190,55,135
110000348,1,15,-14
110000349,0,5,-5
110000350,0,0,0
110000351,36,210,-174
110000352,33,731,-698
110000353,611,236,375
110000354,100,661,-561
110000355,2,34,-32
110000356,0,0,0
110000357,35,9,26
110000361,6,29,-23
110000362,0,0,0
110000363,9,15,-6
110000364,3,45,-42
110000365,0,0,0
110000366,0,43,-43
110000367,66,125,-59
110000368,2,31,-29
110000369,0,0,0
110000373,3,128,-125
110000374,0,0,0
110000375,9,259,-250
110000376,10,29,-19
110000377,0,0,0
110000378,8,148,-140
110000379,751,320,431
110000380,2,4,-2
110000383,0,167,-167
110000384,0,30,-30
110000385,1,125,-124
110000387,1,11,-10
110000388,11,138,-127
110000389,0,1,-1
110000391,0,103,-103
110000396,6,63,-57
110000397,1,11,-10
110000398,0,6,-6
110000399,0,0,0
110000587,0,3,-3
110000589,4,4,0
110000640,15,7,8
110000652,1,13,-12
110000653,28,202,-174
110000654,0,2,-2
110000656,1,230,-229
110000674,3,1,2
110000675,0,0,0
110000676,0,13,-13
110000679,297,157,140
110000682,0,0,0
110000683,20,24,-4
110000684,1,28,-27
110000685,0,0,0
110000686,0,6,-6
110000687,0,0,0
110000688,15,13,2
110000689,8,15,-7
110000692,13,35,-22
110000693,22,94,-72
110000694,2,152,-150
110000695,27,378,-351
110000696,0,0,0
110900001,0,3,-3
110900002,0,40,-40
110900003,1,245,-244
110900004,0,65,-65
110900005,416,36,380
110900006,0,0,0
110900007,0,0,0
110900008,1,3,-2
110900009,0,0,0
110900010,0,17,-17
110900011,1,19,-18
110900012,0,34,-34
110900013,0,0,0
110900014,0,0,0
110900015,0,0,0
110900016,0,25,-25
110900017,0,0,0
110900018,0,0,0
110900019,0,0,0
110900020,1,137,-136
110900021,5,173,-168
110900022,0,68,-68
110900023,11,88,-77
110900024,0,144,-144
110900025,5,12,-7
110900027,3,26,-23
110900028,1,11,-10
110900029,7,129,-122
110900030,2,33,-31
110900031,0,59,-59
110900032,0,22,-22
110900033,2,67,-65
110900035,7,43,-36
110900036,0,4,-4
110900037,0,1,-1
110900038,41,4,37
110900039,2,37,-35
110900040,5,3,2
110900041,0,40,-40
110900042,0,0,0
110900043,0,31,-31
110900044,0,0,0
110900045,1,181,-180
110900046,28,59,-31
110900047,0,0,0
110900049,1,4,-3
110900050,0,0,0
110900051,2,14,-12
110900052,1,49,-48
110900053,0,0,0
110900054,3,59,-56
110900055,0,0,0
110900056,1,14,-13
110900057,0,45,-45
110900058,0,0,0
110900059,41,161,-120
110900060,13,5,8
110900061,4,4,0
110900062,0,0,0
110900063,0,16,-16
110900064,0,0,0
110900065,15,2,13
110900066,0,10,-10
110900067,0,0,0
110900068,25,23,2
110900069,0,9,-9
110900070,2,1,1
110900071,0,0,0
110900073,0,5,-5
110900074,1,15,-14
110900075,7,2,5
110900077,3,2,1
110900078,0,35,-35
110900079,68,4,64
110900080,0,0,0
110900081,0,31,-31
110900082,0,0,0
110900083,0,0,0
110900084,0,45,-45
110900085,5,117,-112
110900086,0,0,0
110900087,0,2,-2
110900088,0,0,0
110900090,0,0,0
110900091,0,0,0
110900093,0,0,0
110900095,0,9,-9
110900097,0,1,-1
110900098,3,15,-12
110900099,10,99,-89
110900100,0,7,-7
110900102,0,2,-2
110900105,113,39,74
110900108,0,24,-24
110900111,17,8,9
110900112,0,0,0
110900113,0,0,0
110900115,0,0,0
110900116,22,597,-575
110900118,4,18,-14
110900119,1118,28,1090
110900120,0,51,-51
110900121,0,0,0
110900122,0,0,0
110900125,0,4,-4
110900127,35,153,-118
110900128,0,5,-5
110900129,0,0,0
110900130,49,12,37
110900131,1,0,1
110900132,1,0,1
110900133,2,34,-32
110900135,2,116,-114
110900136,0,0,0
110900137,0,0,0
110900138,0,142,-142
110900139,0,6,-6
110900140,0,0,0
110900141,0,11,-11
110900142,8,27,-19
110900143,0,0,0
110900144,0,193,-193
110900145,1,0,1
110900146,23,0,23
110900147,37,101,-64
110900148,0,111,-111
110900149,0,12,-12
110900150,3,2,1
110900151,1,31,-30
110900152,4,66,-62
110900153,0,0,0
111000001,188,23,165
111000002,205,197,8
111000003,96,140,-44
111000004,178,461,-283
111000005,119,189,-70
111000006,405,842,-437
111000007,648,464,184
111000008,1698,826,872
111000009,265,563,-298
111000010,188,101,87
111000011,566,406,160
111000012,211,94,117
111000013,158,496,-338
111000014,83,101,-18
111000017,42,169,-127
111000018,64,132,-68
111000020,766,1065,-299
111000021,0,0,0
111000023,0,0,0
111000025,1839,518,1321
111000029,5,36,-31
111000030,14,32,-18
111000031,107,25,82
111000032,24,23,1
111000033,0,0,0
111000034,52,151,-99
111000037,672,302,370
111000038,288,547,-259
111000039,118,430,-312
111000040,173,535,-362
111000041,132,232,-100
111000042,1788,538,1250
111000043,0,0,0
111000044,0,0,0
111000045,18,29,-11
111000046,14,21,-7
111000047,109,179,-70
111000049,75,266,-191
111000050,571,865,-294
111000051,160,546,-386
111000052,213,502,-289
111000053,124,441,-317
111000054,117,464,-347
111000055,267,872,-605
111000056,27,262,-235
111000057,12,218,-206
111000058,12,49,-37
111000059,32,84,-52
111000060,106,110,-4
111000061,70,67,3
111000062,29,67,-38
111000063,76,122,-46
111000064,39,67,-28
111000065,74,89,-15
111000066,65,83,-18
111000067,71,261,-190
111000068,32,221,-189
111000069,511,640,-129
111000070,983,501,482
111000071,80,459,-379
111000072,0,0,0
111000073,0,0,0
111000074,0,0,0
111000075,0,0,0
111000076,0,0,0
111000077,94,127,-33
111000078,457,503,-46
111000079,191,183,8
111000080,50,157,-107
111000081,843,527,316
111000082,113,154,-41
111000084,108,191,-83
111000085,103,157,-54
111000086,119,160,-41
111000087,90,123,-33
111000088,129,181,-52
111000089,94,240,-146
111000090,466,348,118
111000091,138,270,-132
111000092,186,402,-216
111000093,43,185,-142
111000094,161,245,-84
111000095,58,415,-357
111000096,496,1841,-1345
111000097,2596,284,2312
111000098,127,562,-435
111000099,63,1141,-1078
111000100,58,1003,-945
111000101,92,283,-191
111000102,27,392,-365
111000104,0,0,0
111000107,7,332,-325
111000109,0,0,0
111000110,16,4,12
111000111,28,2,26
111000112,33,4,29
111000113,12,8,4
111000114,28,18,10
111000115,1512,167,1345
111000116,58,88,-30
111000117,75,189,-114
111000118,192,111,81
111000119,82,293,-211
111000120,31,127,-96
111000121,22,105,-83
111000122,64,396,-332
111000123,74,1042,-968
111000124,71,1425,-1354
111000125,29,794,-765
111000126,11,325,-314
111000127,0,0,0
111000128,0,0,0
111000129,0,0,0
111000130,22,69,-47
111000131,28,34,-6
111000132,0,0,0
111000133,11,17,-6
111000134,6,17,-11
111000135,5,46,-41
111000136,5,35,-30
111000138,0,1,-1
111000140,0,1,-1
111000141,22,154,-132
111000142,4,60,-56
111000143,2,34,-32
111000144,1,74,-73
111000145,0,0,0
111000146,0,0,0
111000147,0,0,0
111000148,7,29,-22
111000149,6,20,-14
111000150,1,0,1
111000151,4,16,-12
111000153,52,98,-46
111000154,24,51,-27
111000155,6,67,-61
111000156,0,0,0
111000157,0,0,0
111000158,0,0,0
111000159,0,0,0
111000160,0,0,0
111000161,0,0,0
111000162,1,44,-43
111000163,67,225,-158
111000164,270,670,-400
111000165,348,153,195
111000166,245,64,181
111000167,25,144,-119
111000168,16,69,-53
111000169,10,43,-33
111000170,52,71,-19
111000171,38,192,-154
111000172,12,101,-89
111000173,20,295,-275
111000174,7,165,-158
111000175,6,76,-70
111000176,9,45,-36
111000177,8,55,-47
111000178,34,76,-42
111000179,1,66,-65
111000180,40,70,-30
111000181,58,59,-1
111000182,10,36,-26
111000183,13,25,-12
111000184,11,33,-22
111000185,31,210,-179
111000186,19,131,-112
111000187,7,150,-143
111000188,5,140,-135
111000189,456,184,272
111000190,27,188,-161
111000191,39,192,-153
111000192,50,217,-167
111000193,134,155,-21
111000194,1,151,-150
111000195,11,161,-150
111000196,14,100,-86
111000197,0,0,0
111000198,0,0,0
111000199,0,0,0
111000200,0,0,0
111000201,0,0,0
111000202,0,0,0
111000203,0,0,0
111000204,0,0,0
111000213,0,26,-26
111000214,90,280,-190
111000215,66,269,-203
111000217,115,180,-65
111000218,90,209,-119
111000219,91,170,-79
111000220,13,275,-262
111000221,0,1,-1
111000224,0,80,-80
111000225,5,15,-10
111000226,0,0,0
111000227,0,0,0
111000228,2,52,-50
111000229,16,87,-71
111000230,0,0,0
111000231,0,0,0
111000232,74,337,-263
111000233,46,262,-216
111000234,8,103,-95
111000239,55,101,-46
111000240,0,0,0
111000241,7,235,-228
111000242,0,0,0
111000243,23,605,-582
111000244,0,0,0
111000245,2,3,-1
111000246,1,16,-15
111000247,28,546,-518
111000248,8,26,-18
111000249,77,396,-319
111000250,2,43,-41
111000251,4,26,-22
111000253,0,0,0
111000255,0,0,0
111000257,0,0,0
111000260,34,423,-389
111000261,18,1,17
111000271,4,107,-103
111000273,1240,173,1067
111000274,220,436,-216
111000275,0,0,0
111000276,48,721,-673
111000277,38,136,-98
111000278,75,41,34
111000291,23,137,-114
111000298,17,12,5
111000299,0,0,0
111000300,1,116,-115
111000302,14,5,9
111000303,10,65,-55
111000312,3,13,-10
111000315,0,16,-16
111000320,37,102,-65
111000321,8,14,-6
111000322,16,75,-59
111000323,14,1,13
111000324,0,0,0
111000325,2,33,-31
111000326,4,58,-54
111000327,32,72,-40
111000328,48,99,-51
111000329,1,24,-23
111000330,0,0,0
111000331,0,0,0
111000332,49,184,-135
111000334,78,673,-595
111000335,50,66,-16
111000337,80,310,-230
111000338,2,51,-49
111000339,23,311,-288
111000340,10,262,-252
111000341,77,62,15
111000342,10,123,-113
111000344,111,126,-15
111000345,2,0,2
111000346,2,48,-46
111000347,10,1,9
111000350,1,1,0
111000351,20,40,-20
111000352,5,0,5
111000353,5,37,-32
111000354,5,0,5
111000355,30,122,-92
111000358,7,545,-538
111000360,4,423,-419
111000361,5,126,-121
111000546,77,391,-314
111000547,2,107,-105
111000548,50,99,-49
111000549,9,56,-47
111000550,32,129,-97
111000551,63,15,48
111000552,8,3,5
111000907,0,2,-2
111000908,0,0,0
111000916,105,152,-47
111000917,10,125,-115
111000918,1,342,-341
111000920,0,0,0
111000921,1,154,-153
111000922,46,202,-156
111000924,6,484,-478
111000925,179,422,-243
111000926,384,1329,-945
111000927,1163,833,330
111000928,3869,1681,2188
111000929,118,212,-94
111000930,229,1223,-994
111000931,226,447,-221
111000932,1634,1285,349
111000933,369,202,167
111000934,822,1286,-464
111000935,71,187,-116
111000936,171,893,-722
111000937,118,110,8
111000938,366,1155,-789
111000939,0,0,0
111000940,17,70,-53
111000941,1,87,-86
111000943,13,72,-59
111000944,12,123,-111
111000945,2,1170,-1168
111001109,2,3,-1
111001110,60,451,-391
111001111,4,2,2
111001112,19,1,18
111001113,3,79,-76
111001114,0,0,0
111001115,7,156,-149
111001116,594,53,541
111001117,424,388,36
111001120,12,82,-70
111001121,18,95,-77
111001122,13,187,-174
111001123,0,0,0
111900001,1,21,-20
111900002,1,49,-48
111900003,1,20,-19
111900004,2,5,-3
111900006,0,0,0
111900007,0,0,0
111900008,0,0,0
111900009,0,12,-12
111900010,52,97,-45
111900012,40,18,22
111900013,0,5,-5
111900014,899,90,809
111900015,0,10,-10
111900016,0,26,-26
111900017,0,32,-32
111900018,0,0,0
111900019,0,5,-5
111900020,0,5,-5
111900021,2,10,-8
111900022,0,13,-13
111900023,17,3,14
111900024,0,6,-6
111900025,0,2,-2
111900026,0,17,-17
111900027,1,25,-24
111900028,0,121,-121
111900029,2,9,-7
111900030,0,0,0
111900031,0,70,-70
111900032,3,126,-123
111900033,0,17,-17
111900034,0,0,0
111900035,1,69,-68
111900036,0,118,-118
111900038,0,0,0
111900039,1,106,-105
111900040,1,136,-135
111900042,10,12,-2
111900043,0,106,-106
111900044,0,0,0
111900046,6,48,-42
111900048,4,271,-267
111900049,5,74,-69
111900050,1,1,0
111900051,1,57,-56
111900052,64,94,-30
111900053,0,0,0
111900054,4,0,4
111900055,5,177,-172
111900056,0,0,0
111900057,0,1,-1
111900058,2,257,-255
111900059,0,0,0
111900060,5,0,5
111900061,6,62,-56
111900062,0,0,0
111900063,5,33,-28
111900064,11,62,-51
111900065,0,0,0
111900066,0,0,0
111900067,1,40,-39
111900068,0,0,0
111900069,0,0,0
111900070,0,0,0
111900071,0,14,-14
111900072,0,0,0
111900073,0,0,0
111900074,0,7,-7
111900075,0,0,0
111900076,1,1,0
111900077,0,0,0
111900078,2,0,2
111900079,0,0,0
111900080,0,0,0
111900081,0,2,-2
111900082,0,0,0
111900083,1,0,1
111900084,0,0,0
111900085,0,0,0
111900086,0,0,0
111900087,0,0,0
111900088,0,0,0
111900089,0,0,0
111900090,0,0,0
111900091,1,0,1
111900092,0,0,0
111900093,2,0,2
111900094,0,0,0
111900095,0,0,0
111900096,2,0,2
111900097,0,0,0
111900098,0,0,0
111900099,0,0,0
111900100,0,0,0
111900101,0,0,0
111900102,0,149,-149
111900103,0,0,0
111900104,0,0,0
111900105,0,0,0
111900106,99,1,98
111900107,0,1,-1
111900108,5,0,5
111900109,12,10,2
111900110,314,4,310
111900111,0,43,-43
111900112,0,0,0
111900113,0,0,0
111900114,0,0,0
111900115,0,0,0
111900118,0,0,0
111900119,0,0,0
111900122,0,0,0
111900123,0,0,0
111900124,3,5,-2
111900125,0,0,0
111900126,0,0,0
111900127,0,0,0
111900128,0,0,0
111900129,0,0,0
111900130,0,0,0
111900131,0,0,0
111900132,0,0,0
111900133,0,0,0
111900134,4,65,-61
111900135,0,0,0
111900136,0,0,0
111900137,5,3,2
111900138,1,21,-20
111900139,1,20,-19
111900140,0,0,0
111900141,0,0,0
111900142,0,0,0
111900143,0,22,-22
111900144,1,44,-43
111900145,0,104,-104
111900146,0,59,-59
111900147,10,68,-58
111900148,2,75,-73
111900149,0,29,-29
111900150,0,13,-13
111900151,1,1,0
111900152,2,0,2
111900153,9,0,9
111900154,0,0,0
111900155,0,0,0
111900156,0,0,0
111900157,0,0,0
111900158,0,0,0
111900159,0,0,0
111900160,0,0,0
111900161,0,0,0
111900162,0,0,0
111900163,0,0,0
111900164,0,0,0
111901113,0,32,-32
111901114,0,6,-6
111901115,0,0,0
111901116,0,0,0
111901117,0,0,0
111901118,0,0,0
111901119,5,1,4
111901120,1,11,-10
111901121,10,30,-20
111901122,0,93,-93
111901123,0,51,-51
111901124,0,0,0
111901125,0,0,0
111901126,0,0,0
111901127,0,0,0
111901128,0,0,0
111901129,0,0,0
111901130,0,0,0
111901131,0,30,-30
111901132,0,0,0
111901133,0,0,0
111901134,0,0,0
111901135,0,0,0
111901136,0,0,0
111901137,0,0,0
111901138,0,0,0
111901139,0,0,0
111901140,0,0,0
111901141,0,0,0
111901142,0,0,0
111901143,0,0,0
111901144,0,0,0
112000001,275,172,103
112000002,311,959,-648
112000003,150,247,-97
112000004,159,697,-538
112000005,302,328,-26
112000006,365,839,-474
112000007,143,189,-46
112000008,236,479,-243
112000009,925,1143,-218
112000010,206,345,-139
112000011,371,897,-526
112000012,434,467,-33
112000013,3302,1200,2102
112000014,162,106,56
112000015,471,723,-252
112000016,135,181,-46
112000017,205,502,-297
112000024,644,263,381
112000026,1463,2113,-650
112000027,9,18,-9
112000028,517,1098,-581
112000029,43,41,2
112000030,93,40,53
112000031,391,375,16
112000032,587,26,561
112000033,639,89,550
112000034,127,21,106
112000035,22,56,-34
112000036,104,48,56
112000037,34,248,-214
112000038,56,123,-67
112000039,0,0,0
112000040,15,51,-36
112000041,24,72,-48
112000042,144,88,56
112000050,0,0,0
112000051,21,37,-16
112000054,471,422,49
112000057,164,86,78
112000058,96,79,17
112000059,0,0,0
112000061,1936,487,1449
112000062,1484,76,1408
112000063,177,70,107
112000064,2005,2090,-85
112000065,841,925,-84
112000066,0,1,-1
112000067,133,218,-85
112000068,0,0,0
112000069,110,1781,-1671
112000070,86,8,78
112000071,138,1500,-1362
112000072,59,36,23
112000073,159,478,-319
112000074,5,105,-100
112000075,17,71,-54
112000076,321,494,-173
112000077,43,290,-247
112000078,50,212,-162
112000079,143,526,-383
112000080,37,248,-211
112000081,457,613,-156
112000082,27,10,17
112000083,138,437,-299
112000084,35,16,19
112000085,141,461,-320
112000086,22,53,-31
112000087,28,265,-237
112000088,4,20,-16
112000089,12,161,-149
112000090,3,6,-3
112000091,135,750,-615
112000092,95,96,-1
112000093,349,639,-290
112000094,19,73,-54
112000095,80,351,-271
112000096,6,81,-75
112000097,1,15,-14
112000098,181,581,-400
112000099,21,2,19
112000100,49,28,21
112000101,79,489,-410
112000102,17,20,-3
112000103,72,690,-618
112000105,84,929,-845
112000106,13,21,-8
112000107,0,0,0
112000108,13,186,-173
112000109,0,0,0
112000110,50,35,15
112000111,348,2570,-2222
112000112,133,18,115
112000113,459,1350,-891
112000114,32,18,14
112000115,8,102,-94
112000116,8,131,-123
112000117,5,119,-114
112000118,108,323,-215
112000119,66,320,-254
112000120,19,190,-171
112000121,0,0,0
112000122,0,0,0
112000123,0,0,0
112000124,0,0,0
112000125,0,0,0
112000126,0,0,0
112000127,369,98,271
112000128,221,41,180
112000129,1,33,-32
112000130,1,12,-11
112000131,1,106,-105
112000132,5,212,-207
112000133,0,88,-88
112000134,29,186,-157
112000135,48,6,42
112000136,141,374,-233
112000137,9,11,-2
112000138,152,490,-338
112000139,0,0,0
112000140,94,367,-273
112000141,0,0,0
112000142,37,345,-308
112000143,0,0,0
112000144,24,682,-658
112000145,0,0,0
112000146,142,973,-831
112000147,0,0,0
112000148,137,767,-630
112000149,0,0,0
112000150,10,114,-104
112000151,0,0,0
112000152,27,63,-36
112000153,0,14,-14
112000154,12,29,-17
112000155,9,9,0
112000157,87,66,21
112000158,11,55,-44
112000159,21,102,-81
112000167,8,1,7
112000169,16,34,-18
112000173,5,92,-87
112000175,5,25,-20
112000176,1804,616,1188
112000177,1,10,-9
112000178,4,8,-4
112000179,5,18,-13
112000180,30,67,-37
112000181,195,782,-587
112000182,20,376,-356
112000183,0,0,0
112000184,0,0,0
112000185,31,122,-91
112000187,538,736,-198
112000195,0,0,0
112000196,0,0,0
112000197,0,0,0
112000198,0,3,-3
112000199,0,7,-7
112000202,0,0,0
112000216,21,17,4
112000230,0,0,0
112000231,0,5,-5
112000256,0,0,0
112000313,16,21,-5
112000314,0,0,0
112000337,7,258,-251
112000352,8,16,-8
112000392,418,153,265
112000398,58,53,5
112000399,25,45,-20
112000400,352,1136,-784
112000401,1283,797,486
112000402,159,272,-113
112000403,32,80,-48
112000404,52,61,-9
112000405,60,215,-155
112000406,754,1067,-313
112000407,395,437,-42
112000408,3106,2043,1063
112000409,336,1548,-1212
112000410,0,0,0
112000411,374,28,346
112000412,143,50,93
112000413,192,7,185
112000414,3,25,-22
112000415,0,0,0
112000416,147,90,57
112000417,0,0,0
112000421,2,27,-25
112000422,21,57,-36
112000424,309,203,106
112000425,65,428,-363
112000426,2,68,-66
112000427,0,0,0
112000428,1,35,-34
112000429,314,747,-433
112000430,534,1007,-473
112000431,0,0,0
112000432,116,968,-852
112000433,148,69,79
112000437,7,36,-29
112900001,0,0,0
112900002,0,0,0
112900003,4,43,-39
112900004,0,67,-67
112900005,0,22,-22
112900006,0,152,-152
112900007,0,0,0
112900008,0,0,0
112900009,0,0,0
112900010,0,113,-113
112900011,17,29,-12
112900012,1,17,-16
112900013,0,0,0
112900014,0,57,-57
112900015,86,476,-390
112900016,0,48,-48
112900017,0,0,0
112900018,1,57,-56
112900019,4,12,-8
112900020,178,779,-601
112900021,1,80,-79
112900022,0,0,0
112900023,0,37,-37
112900024,2,43,-41
112900025,0,0,0
112900026,3,37,-34
112900027,0,0,0
112900028,3,16,-13
112900029,0,0,0
112900030,42,35,7
112900031,0,0,0
112900032,6,25,-19
112900034,0,0,0
112900035,0,0,0
112900036,4,5,-1
112900037,0,0,0
112900038,0,23,-23
112900039,0,0,0
112900040,0,11,-11
112900041,261,70,191
112900042,2,52,-50
112900043,0,5,-5
112900044,39,50,-11
112900045,0,0,0
112900046,29,2,27
112900047,1,2,-1
112900049,0,6,-6
112900050,29,167,-138
112900051,97,173,-76
112900052,2,177,-175
112900053,9,77,-68
112900054,5,0,5
112900055,2,0,2
112900056,0,0,0
112900057,3,152,-149
112900058,17,7,10
112900059,6,13,-7
112900060,2,45,-43
112900061,2,8,-6
112900062,1,11,-10
112900063,0,0,0
112900064,10,7,3
112900065,0,0,0
112900066,6,2,4
112900067,57,13,44
112900068,0,0,0
112900069,177,12,165
112900071,0,0,0
112900072,8,16,-8
112900073,2,0,2
112900074,0,0,0
112900075,15,7,8
112900076,0,0,0
112900078,0,0,0
112900079,0,0,0
112900080,0,0,0
112900081,1,1,0
112900082,2,0,2
112900083,0,0,0
112900084,0,0,0
112900085,0,0,0
112900086,0,0,0
112900087,8,2,6
112900088,0,0,0
112900089,8,0,8
112900090,2,0,2
112900091,0,0,0
112900092,0,0,0
112900093,0,0,0
112900094,0,0,0
112900095,0,0,0
112900096,5,4,1
112900097,0,43,-43
112900098,0,0,0
112900099,10,0,10
112900100,0,0,0
112900101,0,0,0
112900102,0,0,0
112900103,0,0,0
112900104,0,0,0
112900105,0,0,0
112900106,12,9,3
112900107,0,0,0
112900108,0,0,0
112900109,0,0,0
112900110,0,0,0
112900111,0,0,0
112900112,0,0,0
112900113,0,3,-3
112900114,0,0,0
112900115,11,0,11
112900116,0,3,-3
112900117,6,11,-5
112900118,4,7,-3
112900119,1,0,1
112900120,112,45,67
112900121,9,3,6
112900122,1,27,-26
112900123,0,0,0
112900124,1,14,-13
112900125,0,8,-8
112900126,17,33,-16
112900127,0,0,0
112900128,63,237,-174
112900129,1,391,-390
112900130,0,0,0
112900131,9,85,-76
112900132,4,93,-89
112900133,5,218,-213
112900134,1,121,-120
112900135,0,0,0
112900136,0,7,-7
112900137,1,153,-152
112900138,4,234,-230
112900139,47,492,-445
112900140,0,10,-10
112900141,9,9,0
112900142,0,0,0
112900143,25,231,-206
112900144,0,26,-26
112900145,6,188,-182
112900146,1,128,-127
112900147,2,1058,-1056
112900148,4,0,4
112900149,13,35,-22
112900151,0,0,0
112900152,630,105,525
112900153,14,5,9
112900154,0,0,0
112900155,0,0,0
112900156,1,124,-123
112900157,4,2,2
112900158,0,0,0
112900159,0,6,-6
112900160,1,17,-16
112900161,0,0,0
112900162,6,1,5
112900163,0,0,0
112900164,0,0,0
112900165,1,37,-36
112900166,0,0,0
112900167,0,0,0
112900168,0,0,0
112900169,0,0,0
112900170,0,0,0
112900172,0,0,0
112900173,11,9,2
112900174,0,1,-1
112900175,0,0,0
112900176,0,0,0
112900177,0,0,0
112900178,0,0,0
112900179,4,93,-89
112900180,0,495,-495
112900181,0,0,0
112900182,0,20,-20
112900183,1,0,1
112900184,76,91,-15
112900185,1,9,-8
112900186,150,118,32
112900187,0,0,0
112900188,397,94,303
112900189,0,0,0
112900190,0,8,-8
112900192,32,37,-5
112900193,102,29,73
112900194,0,10,-10
112900195,17,3,14
112900196,83,322,-239
112900197,32,195,-163
112900199,0,0,0
112900200,0,0,0
112900201,0,0,0
112900202,1,133,-132
112900203,0,0,0
112900204,27,10,17
112900205,0,4,-4
112900206,0,1,-1
112900207,0,3,-3
112900208,0,3,-3
112900209,42,119,-77
112900210,0,1,-1
112900211,0,2,-2
112900212,0,0,0
112900213,0,0,0
112900214,2,1,1
112900215,2,37,-35
112900216,1,1,0
112900217,0,37,-37
112900218,0,0,0
112900219,0,5,-5
112900220,0,0,0
112900221,0,0,0
112900222,0,0,0
112900223,63,1,62
112900224,1,189,-188
112900225,5,185,-180
112900226,11,2,9
112900227,1,391,-390
112900228,0,1,-1
112900229,0,0,0
112900230,2439,378,2061
112900232,10,12,-2
112900233,0,40,-40
112900234,0,18,-18
112900235,1,0,1
112900236,0,2,-2
112900237,0,88,-88
112900238,0,5,-5
113000001,1151,1137,14
113000002,457,216,241
113000003,646,339,307
113000004,548,252,296
113000005,228,268,-40
113000006,103,117,-14
113000007,279,313,-34
113000008,240,160,80
113000009,227,258,-31
113000010,230,141,89
113000011,137,574,-437
113000012,178,95,83
113000013,208,124,84
113000014,157,296,-139
113000015,31,43,-12
113000016,94,148,-54
113000017,9,108,-99
113000018,12,1,11
113000019,13,200,-187
113000020,0,0,0
113000021,58,246,-188
113000022,56,623,-567
113000025,11,68,-57
113000026,10,65,-55
113000027,29,87,-58
113000028,131,87,44
113000029,0,0,0
113000030,482,340,142
113000031,247,141,106
113000032,0,0,0
113000033,0,0,0
113000034,361,244,117
113000035,12,16,-4
113000036,0,0,0
113000037,37,22,15
113000038,0,0,0
113000039,18,68,-50
113000040,38,22,16
113000042,129,74,55
113000051,113,176,-63
113000052,573,108,465
113000053,37,141,-104
113000054,39,83,-44
113000055,69,120,-51
113000056,103,294,-191
113000058,142,206,-64
113000059,0,0,0
113000060,14,100,-86
113000061,87,131,-44
113000062,74,0,74
113000063,0,0,0
113000064,0,0,0
113000065,47,442,-395
113000066,36,40,-4
113000067,60,90,-30
113000068,49,747,-698
113000069,64,473,-409
113000070,47,50,-3
113000071,35,223,-188
113000072,31,25,6
113000073,158,463,-305
113000074,63,60,3
113000075,179,102,77
113000076,417,506,-89
113000077,0,0,0
113000078,215,476,-261
113000079,260,150,110
113000080,13,6,7
113000081,0,0,0
113000082,399,226,173
113000083,0,0,0
113000084,290,257,33
113000085,45,38,7
113000086,121,261,-140
113000087,31,22,9
113000088,554,306,248
113000089,15,68,-53
113000090,0,41,-41
113000091,379,93,286
113000094,30,16,14
113000095,81,606,-525
113000096,54,397,-343
113000097,29,5,24
113000098,0,0,0
113000099,45,25,20
113000100,55,223,-168
113000101,105,159,-54
113000102,5,16,-11
113000103,490,367,123
113000104,31,151,-120
113000105,18,32,-14
113000106,44,277,-233
113000107,55,100,-45
113000108,149,493,-344
113000109,92,186,-94
113000110,0,0,0
113000111,10,41,-31
113000112,0,0,0
113000113,0,0,0
113000114,106,139,-33
113000116,88,30,58
113000117,84,26,58
113000118,0,20,-20
113000119,17,84,-67
113000120,1,13,-12
113000121,35,137,-102
113000124,0,0,0
113000125,0,0,0
113000127,973,155,818
113000128,1,3,-2
113000129,515,265,250
113000133,1856,367,1489
113000134,2,152,-150
113000135,19,42,-23
113000137,0,0,0
113000139,0,0,0
113000140,200,204,-4
113000141,0,0,0
113000142,203,242,-39
113000143,0,0,0
113000144,133,107,26
113000145,0,0,0
113000146,23,35,-12
113000147,28,79,-51
113000148,0,0,0
113000149,0,0,0
113000150,86,88,-2
113000151,78,31,47
113000152,0,2,-2
113000153,337,53,284
113000154,153,190,-37
113000155,72,114,-42
113000156,66,84,-18
113000157,48,139,-91
113000158,212,55,157
113000159,278,148,130
113000160,80,228,-148
113000161,8,55,-47
113000162,247,130,117
113000163,0,0,0
113000164,7,51,-44
113000166,0,0,0
113000167,14,199,-185
113000168,19,238,-219
113000169,0,0,0
113000170,0,0,0
113000171,32,106,-74
113000172,0,0,0
113000173,0,0,0
113000174,47,573,-526
113000175,0,0,0
113000176,0,0,0
113000177,21,428,-407
113000178,27,324,-297
113000179,0,0,0
113000180,47,229,-182
113000181,139,404,-265
113000182,56,34,22
113000183,69,208,-139
113000184,17,50,-33
113000189,71,84,-13
113000190,232,46,186
113000192,621,374,247
113000193,498,173,325
113000194,344,378,-34
113000195,136,85,51
113000196,20,24,-4
113000197,104,81,23
113000198,7,62,-55
113000199,19,20,-1
113000201,8,59,-51
113000202,728,147,581
113000203,0,0,0
113000204,263,347,-84
113000205,8,17,-9
113000206,0,0,0
113000207,18,14,4
113000208,0,0,0
113000209,12,22,-10
113000210,0,0,0
113000211,45,14,31
113000212,24,0,24
113000213,1,25,-24
113000214,10,35,-25
113000234,19,506,-487
113000410,11,14,-3
113000411,803,1049,-246
113000412,3161,654,2507
113000413,1432,600,832
113000414,2905,857,2048
113000415,1159,1117,42
113000416,4731,1535,3196
113000417,984,839,145
113000418,719,749,-30
113000419,490,421,69
113000420,1695,778,917
113000421,545,456,89
113000422,6964,908,6056
113000423,1895,769,1126
113000424,1804,846,958
113000425,5,35,-30
113000428,4,11,-7
113000430,4,4,0
113000432,43,10,33
113000433,34,349,-315
113000434,8,188,-180
113000435,9,404,-395
113000436,11,551,-540
113000437,0,0,0
113000438,0,0,0
113000439,2,57,-55
113000440,0,0,0
113000441,0,0,0
113000442,15,155,-140
113000443,0,0,0
113000444,8,185,-177
113000445,0,0,0
113000446,3,49,-46
113000448,37,32,5
113000449,0,0,0
113000450,28,17,11
113000451,272,32,240
113000452,0,0,0
113000453,34,100,-66
113000454,0,0,0
113000455,1,34,-33
113000456,233,164,69
113000468,135,7,128
113000469,30,14,16
113000470,0,0,0
113000471,0,0,0
113000472,37,49,-12
113000474,54,174,-120
113000475,332,427,-95
113000476,159,698,-539
113000477,414,921,-507
113000478,758,1318,-560
113000479,6,171,-165
113000480,12,4,8
113000481,0,0,0
113000482,0,0,0
113000483,0,0,0
113000485,0,0,0
113000486,0,0,0
113000487,0,0,0
113000488,0,0,0
113000489,0,0,0
113000490,0,0,0
113000491,0,0,0
113000492,0,0,0
113000493,0,0,0
113000495,14,81,-67
113000496,0,0,0
113000497,0,5,-5
113000498,0,1,-1
113000499,0,1,-1
113000500,0,7,-7
113900001,0,0,0
113900002,0,0,0
113900003,0,0,0
113900004,0,0,0
113900005,0,0,0
113900006,0,0,0
113900007,0,0,0
113900008,0,0,0
113900009,0,0,0
113900010,0,0,0
113900011,0,0,0
113900012,0,0,0
113900013,0,0,0
113900014,0,0,0
113900015,0,9,-9
113900016,0,0,0
113900017,0,0,0
113900018,28,2,26
113900019,3,0,3
113900020,0,0,0
113900022,0,0,0
113900023,0,0,0
113900024,2,17,-15
113900025,0,0,0
113900026,0,0,0
113900027,0,0,0
113900028,0,0,0
113900029,0,18,-18
113900030,0,0,0
113900031,0,0,0
113900032,0,0,0
113900033,0,4,-4
113900035,0,0,0
113900036,0,0,0
113900037,0,0,0
113900038,0,1,-1
113900039,0,0,0
113900040,0,0,0
113900041,0,0,0
113900042,0,6,-6
113900043,1,9,-8
113900044,0,0,0
113900045,0,0,0
113900046,30,92,-62
113900047,0,0,0
113900048,49,4,45
113900049,83,2,81
113900050,13,49,-36
113900051,7,63,-56
113900052,0,0,0
113900053,0,0,0
113900054,0,0,0
113900055,5,85,-80
113900056,0,0,0
113900057,4,4,0
113900058,5,28,-23
113900059,2,41,-39
113900060,0,0,0
113900061,0,0,0
113900062,0,0,0
113900063,0,0,0
113900064,1,23,-22
113900065,0,0,0
113900066,4,75,-71
113900067,0,0,0
113900068,0,0,0
113900069,0,0,0
113900070,10,68,-58
113900071,0,0,0
113900072,4,24,-20
113900073,6,48,-42
113900074,0,0,0
113900075,0,0,0
113900076,0,0,0
113900077,2,44,-42
113900078,0,0,0
113900079,1,4,-3
113900080,0,0,0
113900081,2,36,-34
113900082,3,73,-70
113900083,0,0,0
113900084,0,0,0
113900085,1,72,-71
113900086,0,0,0
113900087,0,0,0
113900088,0,0,0
113900089,0,0,0
113900090,2,0,2
113900091,0,0,0
113900092,0,5,-5
113900093,2,55,-53
113900094,0,0,0
113900095,0,0,0
113900096,0,0,0
113900097,1,11,-10
113900098,0,0,0
113900099,0,0,0
113900100,0,0,0
113900101,1,9,-8
113900102,0,14,-14
113900103,0,0,0
113900104,0,0,0
113900105,0,31,-31
113900106,0,0,0
113900107,0,0,0
113900108,0,28,-28
113900109,0,11,-11
113900110,0,0,0
113900111,0,0,0
113900112,2,3,-1
113900113,12,5,7
113900114,0,0,0
113900115,0,0,0
113900116,1,11,-10
113900117,4,3,1
113900118,0,0,0
113900119,0,0,0
113900120,0,0,0
113900121,0,0,0
113900122,0,0,0
113900123,1,4,-3
113900124,0,0,0
113900125,5,11,-6
113900126,4,3,1
113900127,4,5,-1
113900128,0,0,0
113900129,0,0,0
113900130,0,0,0
113900131,3,7,-4
113900132,0,0,0
113900133,3,4,-1
113900135,13,79,-66
113900136,3,9,-6
113900137,9,3,6
113900138,0,0,0
113900139,101,5,96
113900140,0,0,0
113900141,6,29,-23
113900142,1,10,-9
113900143,0,1,-1
113900144,0,1,-1
113900145,4,12,-8
113900146,0,2,-2
113900148,4,12,-8
113900149,0,1,-1
113900150,353,99,254
113900151,2,12,-10
113900152,0,2,-2
113900153,66,35,31
113900154,0,0,0
113900155,37,10,27
113900156,22,182,-160
113900157,0,2,-2
113900158,81,6,75
113900159,0,0,0
113900160,56,204,-148
113900161,0,13,-13
113900162,67,41,26
113900163,8,25,-17
113900164,0,0,0
113900165,76,124,-48
113900166,10,4,6
113900167,0,0,0
113900168,23,16,7
113900169,15,92,-77
113900171,0,0,0
113900172,3,43,-40
113900173,12,98,-86
113900174,27,217,-190
113900175,0,0,0
113900176,36,194,-158
113900177,14,11,3
113900178,0,0,0
113900179,0,102,-102
113900180,5,13,-8
113900181,0,0,0
113900182,71,161,-90
113900183,3,5,-2
113900184,0,94,-94
113900185,11,6,5
113900186,0,5,-5
113900187,2,24,-22
113900188,8,16,-8
113900189,0,0,0
113900190,81,26,55
113900191,14,20,-6
113900192,0,0,0
113900193,0,35,-35
113900194,160,84,76
113900195,29,115,-86
113900196,1,17,-16
113900197,0,48,-48
113900198,2,27,-25
113900199,33,98,-65
113900200,0,13,-13
113900201,0,28,-28
113900202,1,25,-24
113900203,0,67,-67
113900204,2,102,-100
113900205,10,16,-6
113900206,0,13,-13
113900207,0,15,-15
113900208,0,8,-8
113900209,0,19,-19
113900210,73,64,9
113900211,1,1,0
113900212,1,101,-100
113900214,67,43,24
113900215,0,32,-32
113900216,0,97,-97
113900217,0,0,0
113900218,0,0,0
113900219,7,45,-38
113900220,0,0,0
113900221,0,0,0
113900222,0,11,-11
113900223,1,138,-137
113900224,16,6,10
113900225,0,0,0
113900226,1,0,1
113900227,0,0,0
113900228,25,16,9
113900229,0,3,-3
113900230,250,22,228
113900231,13,26,-13
113900232,4,14,-10
113900233,3,6,-3
113900234,3,10,-7
113900235,0,0,0
113900236,0,0,0
113900237,0,0,0
113900238,3,8,-5
113900239,0,1,-1
113900240,1,2,-1
113900241,8,8,0
113900242,1,12,-11
113900243,9,33,-24
113900244,115,15,100
113900245,168,8,160
113900246,0,0,0
113900247,0,0,0
113900248,354,35,319
113900249,0,0,0
113900250,0,0,0
113900251,0,25,-25
113900252,0,0,0
113900253,0,0,0
113900254,0,0,0
113900255,0,0,0
113900256,0,0,0
113900257,10,109,-99
113900258,1,106,-105
113900259,2,58,-56
113900260,0,4,-4
113900261,0,20,-20
113900262,0,110,-110
113900263,3,60,-57
113900264,0,105,-105
113900265,39,53,-14
113900266,2,84,-82
113900267,5,78,-73
113900268,1,0,1
113900269,6,22,-16
113900270,14,81,-67
113900271,38,405,-367
113900273,0,0,0
113900274,0,0,0
113900275,1,8,-7
113900276,0,43,-43
113900277,0,0,0
113900278,11,16,-5
113900279,7,32,-25
113900280,56,55,1
113900281,4,76,-72
113900282,48,12,36
113900283,0,0,0
113900284,0,7,-7
113900285,0,0,0
113900286,0,0,0
113900287,2,33,-31
113900288,0,24,-24
113900289,118,0,118
113900290,61,7,54
113900291,15,35,-20
113900292,0,0,0
113900293,0,28,-28
113900294,0,0,0
113900295,8,5,3
113900296,8,0,8
113900297,0,5,-5
113900298,4,444,-440
113900299,0,0,0
113900300,394,14,380
113900301,0,0,0
113900302,0,7,-7
113900303,58,6,52
113900304,0,49,-49
113900305,0,0,0
113900306,0,0,0
113900307,0,0,0
113900308,7,15,-8
113900309,0,169,-169
113900310,0,0,0
113900311,0,0,0
113900312,0,3,-3
113900313,0,0,0
114000001,325,1055,-730
114000002,1,2,-1
114000003,1,5,-4
114000004,6,44,-38
114000005,8,7,1
114000006,594,615,-21
114000007,52,480,-428
114000008,280,306,-26
114000009,10,7,3
114000011,600,959,-359
114000012,211,935,-724
114000013,192,775,-583
114000014,116,152,-36
114000015,82,131,-49
114000016,23,149,-126
114000017,37,20,17
114000018,87,13,74
114000026,129,576,-447
114000027,195,587,-392
114000028,390,563,-173
114000038,5,8,-3
114000039,16,51,-35
114000040,18,28,-10
114000042,23,60,-37
114000043,0,42,-42
114000044,2,13,-11
114000045,6,26,-20
114000046,336,1404,-1068
114000047,1,15,-14
114000048,0,7,-7
114000049,58,57,1
114000050,36,73,-37
114000051,188,207,-19
114000052,126,81,45
114000053,2,15,-13
114000054,2,24,-22
114000055,8,3,5
114000056,197,161,36
114000057,2590,811,1779
114000058,46,27,19
114000059,40,38,2
114000060,71,331,-260
114000061,185,43,142
114000062,108,34,74
114000063,833,892,-59
114000064,2600,636,1964
114000065,379,713,-334
114000066,54,201,-147
114000067,0,0,0
114000068,44,23,21
114000069,47,37,10
114000070,97,30,67
114000071,49,76,-27
114000072,8,111,-103
114000073,0,0,0
114000074,7,15,-8
114000075,0,0,0
114000076,0,0,0
114000077,0,0,0
114000078,13,169,-156
114000079,7,11,-4
114000080,1,0,1
114000081,0,0,0
114000082,10,182,-172
114000083,4,153,-149
114000084,5,5,0
114000085,25,267,-242
114000086,19,277,-258
114000087,2,69,-67
114000088,0,0,0
114000089,182,85,97
114000090,30,34,-4
114000091,160,85,75
114000092,110,96,14
114000093,20,158,-138
114000094,30,83,-53
114000095,0,0,0
114000096,10,106,-96
114000097,4,194,-190
114000098,0,0,0
114000099,14,167,-153
114000100,15,89,-74
114000101,40,402,-362
114000102,0,0,0
114000103,4,52,-48
114000104,2,38,-36
114000105,2,12,-10
114000106,199,43,156
114000107,19,19,0
114000108,744,500,244
114000109,0,0,0
114000110,105,495,-390
114000111,0,0,0
114000112,55,574,-519
114000113,0,0,0
114000114,225,582,-357
114000115,0,0,0
114000116,61,21,40
114000117,45,29,16
114000118,68,18,50
114000119,73,10,63
114000120,172,357,-185
114000121,70,159,-89
114000122,91,107,-16
114000123,8,8,0
114000124,4,6,-2
114000125,229,683,-454
114000126,9,1,8
114000127,2,55,-53
114000128,38,96,-58
114000130,0,0,0
114000131,0,0,0
114000132,213,340,-127
114000133,218,378,-160
114000134,23,33,-10
114000138,16,52,-36
114000139,0,5,-5
114000144,7,10,-3
114000145,8,66,-58
114000146,6,68,-62
114000147,25,24,1
114000148,53,2,51
114000149,5,32,-27
114000150,286,177,109
114000151,14,5,9
114000152,11,6,5
114000153,197,269,-72
114000154,80,139,-59
114000155,39,100,-61
114000156,24,58,-34
114000157,25,120,-95
114000158,533,123,410
114000159,38,58,-20
114000160,14,36,-22
114000161,64,21,43
114000162,3,8,-5
114000163,1,28,-27
114000165,1,13,-12
114000166,113,11,102
114000167,800,371,429
114000168,174,279,-105
114000169,219,77,142
114000170,81,90,-9
114000171,87,63,24
114000174,41,197,-156
114000176,93,160,-67
114000177,680,313,367
114000178,0,0,0
114000179,49,3,46
114000180,107,210,-103
114000181,216,325,-109
114000182,1145,789,356
114000183,441,437,4
114000184,2062,874,1188
114000185,52,44,8
114000189,0,0,0
114000190,0,0,0
114000191,0,0,0
114000192,117,694,-577
114000193,373,1425,-1052
114000194,323,416,-93
114000195,0,0,0
114000196,0,114,-114
114000197,1,51,-50
114000198,301,99,202
114000199,359,187,172
114000200,61,791,-730
114000201,9,299,-290
114000202,206,274,-68
114000203,82,311,-229
114000204,24,106,-82
114000205,11,499,-488
114000206,74,417,-343
114000207,284,1016,-732
114000208,91,1277,-1186
114000209,170,1461,-1291
114000210,102,799,-697
114000211,42,185,-143
114000212,116,202,-86
114000213,229,88,141
114000214,2,42,-40
114000215,0,27,-27
114000216,39,1,38
114000217,5,89,-84
114000218,15,44,-29
114000219,47,133,-86
114000220,4,612,-608
114000221,36,32,4
114000222,34,423,-389
114000223,0,0,0
114000224,32,238,-206
114000225,39,210,-171
114000226,8,133,-125
114000227,89,129,-40
114000228,32,167,-135
114000229,89,452,-363
114000230,97,212,-115
114000231,168,433,-265
114000232,19,47,-28
114000233,68,16,52
114000234,66,120,-54
114000235,171,508,-337
114000236,0,397,-397
114000237,14,494,-480
114000238,0,15,-15
114000239,13,563,-550
114000240,142,263,-121
114000241,53,528,-475
114000242,274,410,-136
114000243,146,147,-1
114000244,0,0,0
114000245,93,399,-306
114000246,57,20,37
114000247,48,89,-41
114000248,72,90,-18
114000249,46,107,-61
114000250,68,185,-117
114000251,9,113,-104
114000252,14,37,-23
114000253,0,0,0
114000254,1,19,-18
114000255,64,48,16
114000256,31,25,6
114000257,127,933,-806
114000258,33,110,-77
114000259,9,151,-142
114000260,0,46,-46
114000261,12,1,11
114000262,7,48,-41
114000263,0,0,0
114000264,21,104,-83
114000265,0,5,-5
114000267,6,554,-548
114000268,0,934,-934
114000270,0,0,0
114000271,55,27,28
114000283,41,108,-67
114000285,38,149,-111
114000288,14,171,-157
114000289,111,51,60
114000293,18,181,-163
114000294,15,13,2
114000395,78,12,66
114000396,4,19,-15
114000402,23,58,-35
114000403,15,50,-35
114000405,14,203,-189
114000423,6,210,-204
114000424,26,63,-37
114000425,21,238,-217
114000426,0,0,0
114000427,20,68,-48
114000428,0,0,0
114000429,1,76,-75
114000432,2,18,-16
114000434,4,41,-37
114000435,0,49,-49
114900001,0,0,0
114900002,0,0,0
114900003,0,0,0
114900004,0,0,0
114900005,0,0,0
114900006,0,0,0
114900007,0,0,0
114900008,0,0,0
114900010,12,6,6
114900011,0,0,0
114900013,0,0,0
114900015,0,0,0
114900018,0,0,0
114900020,0,0,0
114900021,0,0,0
114900022,0,29,-29
114900024,0,0,0
114900025,0,0,0
114900026,0,0,0
114900027,0,0,0
114900029,0,0,0
114900030,0,0,0
114900031,0,0,0
114900032,0,0,0
114900033,0,0,0
114900034,1,30,-29
114900035,3,21,-18
114900036,21,147,-126
114900037,6,21,-15
114900038,12,178,-166
114900039,33,167,-134
114900040,1,18,-17
114900041,25,164,-139
114900042,24,231,-207
114900043,43,10,33
114900044,0,0,0
114900045,7,23,-16
114900046,1,16,-15
114900047,6,100,-94
114900048,2,19,-17
114900049,0,32,-32
114900050,1,87,-86
114900051,1,76,-75
114900052,9,13,-4
114900053,11,30,-19
114900054,4,14,-10
114900057,0,0,0
114900058,0,32,-32
114900059,0,0,0
114900060,51,15,36
114900061,2,23,-21
114900062,8,24,-16
114900063,4,26,-22
114900064,25,174,-149
114900065,7,86,-79
114900067,1,33,-32
114900068,5,40,-35
114900069,18,17,1
114900070,0,0,0
114900072,0,28,-28
114900073,0,50,-50
114900074,0,0,0
114900075,0,0,0
114900076,0,77,-77
114900080,0,0,0
114900082,1,111,-110
114900083,0,64,-64
114900084,0,7,-7
114900090,0,0,0
114900091,3,4,-1
114900095,64,25,39
114900096,18,40,-22
114900097,0,0,0
114900098,0,0,0
114900099,0,0,0
115000001,2988,3012,-24
115000002,472,275,197
115000003,1064,2026,-962
115000004,336,424,-88
115000005,454,1603,-1149
115000006,112,205,-93
115000007,1,3,-2
115000008,59,62,-3
115000009,6,22,-16
115000010,0,0,0
115000013,41,49,-8
115000015,36,119,-83
115000016,134,71,63
115000019,1,53,-52
115000020,0,0,0
115000021,69,150,-81
115000022,229,181,48
115000023,51,49,2
115000024,388,186,202
115000025,24,57,-33
115000026,25,145,-120
115000027,11,50,-39
115000028,21,283,-262
115000029,23,25,-2
115000030,63,432,-369
115000031,165,50,115
115000032,2,107,-105
115000033,0,0,0
115000034,11,334,-323
115000035,0,0,0
115000036,0,157,-157
115000037,0,0,0
115000038,0,0,0
115000039,208,213,-5
115000040,844,379,465
115000041,73,295,-222
115000042,40,112,-72
115000043,253,781,-528
115000044,1459,1714,-255
115000045,344,1015,-671
115000046,81,421,-340
115000047,172,356,-184
115000048,351,1601,-1250
115000049,401,1217,-816
115000050,413,214,199
115000051,649,180,469
115000052,1612,762,850
115000053,277,230,47
115000054,242,332,-90
115000055,24,246,-222
115000056,1,13,-12
115000057,39,181,-142
115000058,1,26,-25
115000059,1,59,-58
115000061,0,0,0
115000062,6,93,-87
115000063,13,104,-91
115000064,0,0,0
115000065,3,50,-47
115000067,0,0,0
115000069,0,60,-60
115000070,6,115,-109
115000071,0,0,0
115000072,27,12,15
115000073,177,1,176
115000075,2,16,-14
115000076,635,709,-74
115000077,157,928,-771
115000078,62,540,-478
115000079,164,711,-547
115000080,158,847,-689
115000081,33,139,-106
115000082,371,753,-382
115000083,320,1021,-701
115000084,0,0,0
115000085,65,350,-285
115000086,0,0,0
115000087,97,426,-329
115000088,0,0,0
115000089,597,653,-56
115000090,56,28,28
115000091,75,399,-324
115000092,6,85,-79
115000093,0,0,0
115000094,1853,763,1090
115000095,1189,1207,-18
115000096,43,645,-602
115000097,25,202,-177
115000098,66,379,-313
115000099,91,839,-748
115000100,14,41,-27
115000101,122,722,-600
115000102,36,31,5
115000103,125,433,-308
115000105,0,5,-5
115000106,19,13,6
115000107,23,307,-284
115000108,1270,1205,65
115000109,376,158,218
115000110,491,214,277
115000111,112,329,-217
115000112,108,155,-47
115000113,122,181,-59
115000114,363,234,129
115000116,651,250,401
115000117,266,264,2
115000118,186,367,-181
115000119,197,283,-86
115000120,137,271,-134
115000121,592,209,383
115000122,730,243,487
115000123,438,275,163
115000124,78,136,-58
115000125,30,90,-60
115000126,28,117,-89
115000127,38,49,-11
115000128,168,134,34
115000129,4,24,-20
115000130,13,208,-195
115000131,7,78,-71
115000132,3,126,-123
115000133,12,76,-64
115000134,2,75,-73
115000135,5,51,-46
115000136,0,0,0
115000137,13,86,-73
115000138,0,0,0
115000139,30,122,-92
115000140,0,0,0
115000141,20,146,-126
115000142,15,144,-129
115000143,0,0,0
115000144,6,18,-12
115000145,36,250,-214
115000146,0,0,0
115000147,16,178,-162
115000148,109,346,-237
115000149,39,26,13
115000150,129,339,-210
115000151,32,33,-1
115000152,88,528,-440
115000153,21,48,-27
115000154,30,26,4
115000155,125,353,-228
115000156,43,31,12
115000157,183,220,-37
115000158,22,28,-6
115000159,40,40,0
115000160,110,51,59
115000161,20,91,-71
115000162,0,0,0
115000163,272,224,48
115000164,125,148,-23
115000165,0,0,0
115000167,0,0,0
115000168,0,0,0
115000169,165,192,-27
115000170,28,82,-54
115000171,0,0,0
115000172,312,159,153
115000173,0,0,0
115000174,0,0,0
115000175,3,62,-59
115000176,0,0,0
115000177,1,27,-26
115000178,1,84,-83
115000179,0,0,0
115000180,21,245,-224
115000181,0,0,0
115000182,0,0,0
115000183,27,338,-311
115000186,36,69,-33
115000187,27,253,-226
115000188,107,83,24
115000189,47,176,-129
115000190,92,61,31
115000191,45,77,-32
115000194,58,59,-1
115000195,0,0,0
115000196,0,0,0
115000197,5,80,-75
115000198,0,0,0
115000199,7,75,-68
115000200,0,0,0
115000201,24,175,-151
115000206,0,0,0
115000207,9,137,-128
115000208,128,314,-186
115000209,61,29,32
115000210,7,14,-7
115000211,62,96,-34
115000212,276,109,167
115000218,0,0,0
115000219,0,0,0
115000224,0,0,0
115000225,0,0,0
115000229,0,0,0
115000230,0,0,0
115000231,91,893,-802
115000232,46,103,-57
115000233,11,198,-187
115000234,0,0,0
115000241,0,0,0
115000242,0,0,0
115000243,0,0,0
115000244,0,0,0
115000246,0,0,0
115000247,0,0,0
115000248,0,0,0
115000249,0,0,0
115000250,5,3,2
115000251,0,0,0
115000252,0,0,0
115000253,0,0,0
115000258,0,0,0
115000259,0,0,0
115000261,0,0,0
115000262,0,0,0
115000263,0,0,0
115000264,0,0,0
115000267,0,0,0
115000268,3,2,1
115000269,0,0,0
115000270,0,0,0
115000272,0,0,0
115000273,0,0,0
115000274,0,0,0
115000280,0,0,0
115000281,118,31,87
115000282,116,30,86
115000284,134,83,51
115000296,0,0,0
115000297,0,0,0
115000298,36,16,20
115000300,3,69,-66
115000302,0,0,0
115000303,0,0,0
115000304,0,0,0
115000305,20,320,-300
115000306,6,170,-164
115000307,1,81,-80
115000308,15,1,14
115000310,90,404,-314
115000311,0,0,0
115000313,57,144,-87
115000314,0,0,0
115000315,343,145,198
115000316,0,0,0
115000317,5,229,-224
115000318,115,45,70
115000319,4,124,-120
115000320,1,52,-51
115000321,96,3,93
115000322,4,97,-93
115000449,0,0,0
115000557,0,14,-14
115000558,0,0,0
115000587,21,27,-6
115000588,1154,2212,-1058
115000589,815,479,336
115000590,232,838,-606
115000591,54,107,-53
115000592,163,780,-617
115000593,130,65,65
115000594,333,672,-339
115000609,0,0,0
115000617,223,72,151
115000624,0,0,0
115000633,53,717,-664
115000634,885,182,703
115000635,32,12,20
115000638,0,0,0
115000641,0,0,0
115000642,20,38,-18
115000643,8,139,-131
115000644,19,105,-86
115000646,195,289,-94
115000647,18,155,-137
115000648,81,576,-495
115000893,462,175,287
115000894,33,681,-648
115000895,85,623,-538
115000896,104,28,76
115000897,87,7,80
115000898,160,24,136
115000899,211,170,41
115000900,23,48,-25
115000901,26,17,9
115000912,16,5,11
115000913,3,5,-2
115000915,0,0,0
115000916,0,0,0
115000917,0,0,0
115000918,0,0,0
115000919,0,0,0
115000920,0,2,-2
115000921,159,7,152
115000922,24,68,-44
115000923,119,472,-353
115000925,8,40,-32
115000927,0,0,0
115000933,34,29,5
115900001,0,0,0
115900002,0,0,0
115900003,0,0,0
115900004,0,0,0
115900005,0,0,0
115900006,0,0,0
115900008,0,0,0
115900009,0,0,0
115900010,0,0,0
115900011,6,24,-18
115900012,0,0,0
115900013,0,0,0
115900014,6,15,-9
115900015,0,0,0
115900016,0,0,0
115900017,0,0,0
115900018,18,3,15
115900019,0,0,0
115900020,0,0,0
115900021,91,2,89
115900022,0,0,0
115900023,0,0,0
115900025,0,0,0
115900026,0,0,0
115900027,0,10,-10
115900028,34,7,27
115900029,0,80,-80
115900030,0,0,0
115900031,0,0,0
115900032,0,0,0
115900033,0,2,-2
115900034,3,66,-63
115900035,0,0,0
115900036,5,5,0
115900037,1,42,-41
115900038,0,0,0
115900039,0,0,0
115900041,1,4,-3
115900042,0,0,0
115900043,0,0,0
115900044,0,0,0
115900046,0,16,-16
115900047,0,0,0
115900049,1,2,-1
115900051,0,21,-21
115900052,0,27,-27
115900053,1,0,1
115900054,0,20,-20
115900055,0,15,-15
115900056,0,2,-2
115900057,0,0,0
115900058,5,3,2
115900060,0,0,0
115900061,0,0,0
115900062,0,85,-85
115900063,3,1,2
115900064,0,0,0
115900065,0,0,0
115900066,14,20,-6
115900067,1,178,-177
115900068,441,0,441
115900069,0,0,0
115900070,0,0,0
115900071,0,33,-33
115900072,20,20,0
115900073,0,0,0
115900074,0,74,-74
115900075,1,26,-25
115900076,0,0,0
115900077,1,42,-41
115900078,1,12,-11
115900079,0,0,0
115900080,0,0,0
115900081,0,17,-17
115900082,7,9,-2
115900084,0,0,0
115900085,0,3,-3
115900086,174,30,144
115900088,0,2,-2
115900089,3,99,-96
115900090,0,0,0
115900091,0,3,-3
115900092,1,27,-26
115900093,0,9,-9
115900094,0,42,-42
115900096,0,6,-6
115900097,0,64,-64
115900098,1,37,-36
115900099,0,0,0
115900100,0,85,-85
115900101,0,39,-39
115900102,0,0,0
115900103,4,11,-7
115900104,0,0,0
115900105,0,0,0
115900106,0,0,0
115900107,0,0,0
115900108,0,0,0
115900109,11,77,-66
115900110,0,0,0
115900111,0,35,-35
115900112,1,116,-115
115900113,0,0,0
115900114,0,29,-29
115900115,1,2,-1
115900116,5,103,-98
115900117,0,0,0
115900118,0,99,-99
115900119,0,6,-6
115900120,1,29,-28
115900121,7,62,-55
115900124,14,23,-9
115900125,11,8,3
115900126,39,0,39
115900127,62,5,57
115900128,1,1,0
115900129,51,1,50
115900130,0,0,0
115900131,8,4,4
115900132,8,0,8
115900134,25,0,25
115900135,0,0,0
115900137,0,0,0
115900139,1,20,-19
115900140,0,0,0
115900141,0,6,-6
115900142,0,8,-8
115900143,1,37,-36
115900144,0,24,-24
115900146,0,0,0
115900147,0,0,0
115900148,0,3,-3
115900149,0,7,-7
115900150,0,0,0
115900151,0,23,-23
115900152,1,91,-90
115900153,7,69,-62
115900154,99,82,17
115900155,0,0,0
115900156,74,132,-58
115900157,0,55,-55
115900158,0,0,0
115900159,12,59,-47
115900160,0,0,0
115900161,0,42,-42
115900163,6,25,-19
115900164,0,2,-2
115900165,2,2,0
115900166,0,0,0
115900168,1,3,-2
115900171,5,66,-61
115900172,4,30,-26
115900173,0,0,0
115900174,63,33,30
115900175,6,9,-3
115900178,0,162,-162
115900179,0,0,0
115900180,0,0,0
115900181,9,21,-12
115900182,6,21,-15
115900183,1,1,0
115900184,0,0,0
115900187,0,0,0
115900189,0,21,-21
115900190,0,47,-47
115900191,3,64,-61
115900192,1,9,-8
115900193,6,13,-7
115900194,23,7,16
115900195,66,68,-2
115900198,1,11,-10
115900199,17,60,-43
115900200,45,77,-32
115900201,9,57,-48
115900202,0,0,0
115900203,0,0,0
115900204,0,0,0
115900205,0,0,0
115900206,0,2,-2
115900207,0,0,0
115900208,0,0,0
115900209,0,20,-20
115900210,0,24,-24
115900211,0,23,-23
115900212,1,3,-2
115900213,0,0,0
115900214,1,33,-32
115900215,0,0,0
115900216,1,40,-39
115900217,0,29,-29
115900218,0,16,-16
115900219,0,0,0
115900220,0,0,0
115900221,0,0,0
115900222,0,0,0
115900223,0,0,0
115900224,0,0,0
115900225,0,0,0
115900226,0,0,0
115900227,0,0,0
115900228,0,0,0
115900229,0,0,0
115900230,0,0,0
115900231,0,0,0
115900232,0,0,0
115900233,0,0,0
115900234,0,0,0
115900235,0,1,-1
115900236,0,5,-5
115900237,0,31,-31
115900238,0,6,-6
115900239,0,15,-15
115900240,0,19,-19
115900241,1,6,-5
115900242,0,0,0
115900243,2,2,0
115900244,5,3,2
115900245,0,5,-5
115900246,0,0,0
115900247,0,0,0
115900248,0,0,0
115900249,0,0,0
115900250,0,0,0
115900251,0,0,0
115900252,0,0,0
115900253,0,0,0
115900254,0,0,0
115900255,0,0,0
115900256,0,0,0
115900257,0,0,0
115900258,0,0,0
115900259,0,0,0
115900260,0,0,0
115900261,0,0,0
115900262,0,0,0
115900263,0,0,0
115900264,0,0,0
115900265,0,0,0
115900266,0,0,0
115900267,0,0,0
115900268,0,0,0
115900269,0,15,-15
115900270,0,0,0
116000001,8795,1229,7566
116000002,760,287,473
116000003,521,693,-172
116000004,504,127,377
116000005,524,817,-293
116000006,264,173,91
116000007,1044,1344,-300
116000008,408,426,-18
116000009,333,705,-372
116000010,168,51,117
116000011,110,202,-92
116000012,110,94,16
116000013,7381,1242,6139
116000014,860,144,716
116000015,101,290,-189
116000016,499,95,404
116000017,16,141,-125
116000018,63,41,22
116000019,45,99,-54
116000020,27,75,-48
116000021,37,91,-54
116000022,25,40,-15
116000023,24,47,-23
116000024,60,189,-129
116000025,25,67,-42
116000026,102,528,-426
116000027,45,127,-82
116000028,0,0,0
116000029,317,106,211
116000030,0,0,0
116000031,54,63,-9
116000032,17,134,-117
116000033,2,122,-120
116000034,27,175,-148
116000035,31,291,-260
116000036,171,150,21
116000037,0,0,0
116000038,0,0,0
116000039,119,107,12
116000040,0,0,0
116000041,40,192,-152
116000042,0,0,0
116000043,30,216,-186
116000044,0,0,0
116000045,4,5,-1
116000046,302,513,-211
116000047,381,544,-163
116000048,58,96,-38
116000049,32,163,-131
116000050,221,498,-277
116000051,97,89,8
116000052,497,966,-469
116000053,0,0,0
116000054,109,634,-525
116000055,128,318,-190
116000056,0,0,0
116000057,1134,460,674
116000058,716,263,453
116000059,279,143,136
116000060,804,128,676
116000061,92,80,12
116000062,83,71,12
116000063,64,171,-107
116000066,0,0,0
116000067,67,202,-135
116000068,0,0,0
116000069,94,120,-26
116000078,0,0,0
116000080,291,385,-94
116000082,0,72,-72
116000083,80,86,-6
116000084,108,398,-290
116000085,198,91,107
116000086,100,204,-104
116000087,160,60,100
116000088,150,301,-151
116000089,3,2,1
116000090,0,0,0
116000091,1,0,1
116000093,87,40,47
116000094,24,332,-308
116000095,53,47,6
116000096,36,281,-245
116000097,54,162,-108
116000098,6,470,-464
116000099,1145,59,1086
116000100,3,0,3
116000101,13,47,-34
116000102,14,198,-184
116000103,2,34,-32
116000104,7,282,-275
116000105,10,33,-23
116000106,12,231,-219
116000107,23,137,-114
116000108,2,35,-33
116000111,0,0,0
116000113,0,0,0
116000114,0,9,-9
116000115,0,0,0
116000116,3,36,-33
116000117,22,40,-18
116000118,131,578,-447
116000119,1,63,-62
116000120,503,1572,-1069
116000121,0,0,0
116000122,319,1407,-1088
116000123,0,0,0
116000124,78,849,-771
116000125,5,8,-3
116000126,51,932,-881
116000127,224,726,-502
116000128,14,9,5
116000129,6,6,0
116000130,1,16,-15
116000133,174,359,-185
116000134,126,1186,-1060
116000135,100,188,-88
116000136,147,943,-796
116000137,29,108,-79
116000138,387,89,298
116000139,214,528,-314
116000140,30,116,-86
116000141,37,180,-143
116000142,1087,1360,-273
116000143,492,136,356
116000144,268,1116,-848
116000145,264,240,24
116000146,24,82,-58
116000147,48,14,34
116000148,20,52,-32
116000149,3,61,-58
116000151,89,393,-304
116000153,0,0,0
116000155,0,0,0
116000156,90,299,-209
116000157,0,0,0
116000158,18,203,-185
116000159,0,0,0
116000160,0,36,-36
116000161,0,18,-18
116000162,115,7,108
116000163,4,3,1
116000164,1,10,-9
116000177,3,30,-27
116000194,1,195,-194
116000195,74,57,17
116000196,0,1,-1
116000197,1,0,1
116000198,104,117,-13
116000200,0,0,0
116000201,79,106,-27
116000202,0,0,0
116000203,0,10,-10
116000204,1,3,-2
116000205,0,28,-28
116000206,0,17,-17
116000207,0,7,-7
116000233,5,60,-55
116000287,14,238,-224
116000288,0,0,0
116000292,0,29,-29
116000296,0,0,0
116000297,0,0,0
116000304,0,0,0
116000305,0,0,0
116000346,10,58,-48
116000352,2,17,-15
116000354,9,11,-2
116000357,0,1,-1
116000358,0,0,0
116000361,0,0,0
116000372,2433,577,1856
116000381,0,1,-1
116000388,0,12,-12
116000389,26,39,-13
116000445,16,381,-365
116000446,0,0,0
116000447,2,226,-224
116000448,0,0,0
116000563,0,0,0
116000565,25,34,-9
116000568,3,8,-5
116000579,2,16,-14
116000584,1,6,-5
116000585,5,4,1
116000586,68,12,56
116000587,2,45,-43
116000589,0,15,-15
116000590,0,0,0
116000591,0,0,0
116000592,0,0,0
116000593,0,8,-8
116000594,10,109,-99
116000595,7,49,-42
116000596,3,6,-3
116000597,0,0,0
116000598,1,27,-26
116000602,0,30,-30
116000605,1,12,-11
116000606,0,0,0
116000607,0,10,-10
116000609,2,112,-110
116000611,14,279,-265
116000612,90,242,-152
116000613,0,0,0
116000614,132,407,-275
116000615,18,103,-85
116000616,3,40,-37
116000617,2,47,-45
116000618,1,64,-63
116000619,1,4,-3
116000620,0,0,0
116000621,0,0,0
116000622,0,0,0
116000624,1,1,0
116000628,0,1,-1
116000629,0,1,-1
116000630,1,0,1
116000631,0,0,0
116000632,0,6,-6
116000633,0,0,0
116000634,0,0,0
116900001,0,0,0
116900002,0,0,0
116900003,0,0,0
116900004,0,0,0
116900005,0,6,-6
116900006,0,0,0
116900007,0,0,0
116900008,1,129,-128
116900009,0,0,0
116900010,1,301,-300
116900011,0,1,-1
116900012,0,0,0
116900013,1,73,-72
116900014,0,0,0
116900015,0,0,0
116900016,0,0,0
116900017,0,122,-122
116900018,0,0,0
116900019,0,56,-56
116900020,17,3,14
116900023,0,0,0
116900024,0,0,0
116900025,0,105,-105
116900026,6,93,-87
116900027,0,0,0
116900028,2,15,-13
116900029,0,0,0
116900031,0,0,0
116900032,0,28,-28
116900033,0,0,0
116900034,2,13,-11
116900035,1,15,-14
116900036,0,8,-8
116900038,0,0,0
116900041,0,0,0
116900042,131,32,99
116900043,0,2,-2
116900045,0,0,0
116900047,0,0,0
116900049,5,52,-47
116900050,5,29,-24
116900051,0,0,0
116900052,0,0,0
116900055,0,0,0
116900057,0,51,-51
116900058,1,42,-41
116900059,0,0,0
116900060,3,36,-33
116900062,0,0,0
116900064,2,226,-224
116900065,0,3,-3
116900067,0,0,0
116900068,14,66,-52
116900070,0,0,0
116900072,0,100,-100
116900073,0,16,-16
116900074,0,0,0
116900076,0,0,0
116900077,1,28,-27
116900078,22,42,-20
116900079,0,30,-30
116900080,0,0,0
116900081,3,83,-80
116900082,9,122,-113
116900083,0,0,0
116900084,8,1,7
116900085,1,14,-13
116900086,3,14,-11
116900088,0,0,0
116900090,0,0,0
116900091,0,15,-15
116900092,2,51,-49
116900093,11,3,8
116900094,409,37,372
116900095,0,59,-59
116900096,3,8,-5
116900097,6,1,5
116900098,61,6,55
116900099,21,19,2
116900100,0,0,0
116900101,9,64,-55
116900103,0,0,0
116900104,0,5,-5
116900105,0,0,0
116900106,0,65,-65
116900107,5,1,4
116900110,0,0,0
116900111,5,102,-97
116900112,0,41,-41
116900113,206,9,197
116900116,0,0,0
116900117,1,18,-17
116900118,6,177,-171
116900120,0,0,0
116900121,0,0,0
116900122,2,225,-223
116900123,1,175,-174
116900124,3,44,-41
116900125,3,17,-14
116900126,5,102,-97
116900128,0,16,-16
116900129,2,107,-105
116900130,275,251,24
116900131,3,41,-38
116900132,1,17,-16
116900133,2,23,-21
116900134,4,22,-18
116900136,2,17,-15
116900137,11,13,-2
116900138,6,42,-36
116900139,3,37,-34
116900140,11,21,-10
116900141,11,34,-23
116900142,0,3,-3
116900143,1,47,-46
116900144,0,2,-2
116900145,2,32,-30
116900147,10,11,-1
116900148,1,2,-1
116900149,0,0,0
116900150,0,2,-2
116900151,0,0,0
116900153,0,0,0
116900154,0,1,-1
116900155,0,7,-7
116900157,0,0,0
116900158,0,3,-3
116900159,3,20,-17
116900160,0,0,0
116900161,865,147,718
116900162,0,0,0
116900163,0,0,0
116900164,0,4,-4
116900165,0,0,0
116900166,0,0,0
116900167,0,0,0
116900168,3,7,-4
116900169,0,0,0
116900170,0,0,0
116900171,0,0,0
116900172,0,0,0
116900173,2,5,-3
116900174,0,0,0
116900175,0,0,0
116900178,0,0,0
116900179,0,0,0
116900180,1,4,-3
116900182,0,0,0
116900183,0,0,0
116900185,0,0,0
116900186,0,0,0
116900187,0,0,0
116900188,1,2,-1
116900189,0,0,0
116900191,0,0,0
116900192,0,0,0
116900194,0,0,0
116900195,0,0,0
116900196,0,0,0
116900197,0,0,0
116900198,16,9,7
116900200,0,1,-1
116900201,0,0,0
116900202,0,0,0
116900203,0,0,0
116900204,3,4,-1
116900206,0,1,-1
116900207,1,2,-1
116900208,0,0,0
116900209,0,0,0
116900210,0,12,-12
116900211,0,0,0
116900212,0,0,0
116900213,0,0,0
116900214,0,13,-13
116900215,0,0,0
116900216,3,23,-20
116900218,1,83,-82
116900219,69,35,34
116900220,0,0,0
116900221,2,26,-24
116900222,0,0,0
116900223,0,0,0
116900226,2,11,-9
116900227,0,8,-8
116900228,0,29,-29
116900230,0,22,-22
116900231,0,38,-38
116900232,0,24,-24
116900233,0,0,0
116900234,0,0,0
116900235,14,196,-182
116900238,38,29,9
116900239,0,8,-8
116900240,273,37,236
116900241,0,0,0
116900242,27,16,11
116900243,0,9,-9
116900245,0,0,0
116900246,0,0,0
116900247,0,0,0
116900248,0,2,-2
116900249,0,0,0
116900250,7,7,0
116900251,0,0,0
116900252,1,70,-69
116900253,0,0,0
116900254,0,0,0
116900255,5,2,3
116900256,12,1,11
116900257,0,128,-128
116900258,0,71,-71
116900259,0,0,0
116900260,0,35,-35
116900261,0,0,0
116900262,1,41,-40
116900263,0,0,0
116900264,0,0,0
116900265,0,0,0
116900266,0,3,-3
116900267,0,1,-1
116900268,0,7,-7
116900269,2,15,-13
116900271,0,0,0
116900272,24,53,-29
116900273,2,0,2
116900274,0,0,0
116900275,0,0,0
116900276,0,0,0
116900277,0,0,0
116900278,0,0,0
116900279,0,2,-2
116900280,0,1,-1
116900281,170,27,143
116900282,0,10,-10
116900283,0,8,-8
116900284,0,6,-6
116900285,0,0,0
116900286,0,0,0
116900287,0,0,0
116900288,0,0,0
116900289,0,0,0
116900290,0,0,0
116900291,0,1,-1
116900292,0,0,0
116900293,0,0,0
116900294,5,21,-16
116900295,0,0,0
116900296,0,0,0
116900297,0,0,0
116900298,0,0,0
116900299,0,0,0
116900300,0,0,0
116900301,0,0,0
116900302,0,10,-10
116900303,1,8,-7
116900304,0,31,-31
116900305,0,0,0
116900306,1,1,0
117000001,108,115,-7
117000002,424,1462,-1038
117000003,371,84,287
117000004,1234,1715,-481
117000005,48,27,21
117000006,204,1538,-1334
117000007,103,15,88
117000008,266,1627,-1361
117000009,0,0,0
117000010,684,1578,-894
117000011,0,0,0
117000012,269,822,-553
117000013,0,0,0
117000014,210,994,-784
117000015,0,0,0
117000016,30,18,12
117000017,34,20,14
117000018,7,120,-113
117000019,0,0,0
117000020,124,349,-225
117000021,596,62,534
117000022,11,2,9
117000023,24,40,-16
117000024,74,106,-32
117000025,214,285,-71
117000026,63,17,46
117000027,230,175,55
117000028,0,0,0
117000030,24,56,-32
117000032,164,316,-152
117000033,238,264,-26
117000034,9,27,-18
117000036,37,34,3
117000038,5,47,-42
117000039,2,22,-20
117000040,20,533,-513
117000041,0,0,0
117000044,12,359,-347
117000045,0,0,0
117000046,97,307,-210
117000047,0,2,-2
117000048,454,275,179
117000049,21,46,-25
117000050,3,809,-806
117000051,134,29,105
117000052,0,29,-29
117000053,7,19,-12
117000054,51,0,51
117000055,7,1336,-1329
117000056,24,1,23
117000057,58,524,-466
117000060,64,233,-169
117000061,1,10,-9
117000062,22,68,-46
117000063,0,0,0
117000064,86,200,-114
117000066,258,143,115
117000067,2,50,-48
117000074,0,0,0
117000076,0,0,0
117000077,24,11,13
117000078,4,121,-117
117000079,1,10,-9
117000080,1,236,-235
117000081,15,11,4
117000082,6,25,-19
117000083,0,0,0
117000084,0,0,0
117000085,15,113,-98
117000086,12,172,-160
117000087,32,223,-191
117000088,0,0,0
117000089,28,11,17
117000090,72,836,-764
117000091,13,2,11
117000092,72,802,-730
117000093,15,8,7
117000094,159,992,-833
117000095,18,23,-5
117000096,154,1542,-1388
117000097,23,45,-22
117000098,517,2064,-1547
117000099,31,13,18
117000100,4,20,-16
117000101,49,259,-210
117000102,0,0,0
117000103,489,800,-311
117000104,0,0,0
117000105,189,876,-687
117000106,0,0,0
117000107,120,951,-831
117000108,0,0,0
117000109,683,1176,-493
117000110,0,0,0
117000111,360,356,4
117000112,119,172,-53
117000113,5,45,-40
117000114,0,0,0
117000115,12,43,-31
117000116,0,13,-13
117000117,44,15,29
117000118,3,20,-17
117000119,0,1,-1
117000120,0,2,-2
117000121,0,3,-3
117000122,0,0,0
117000123,0,0,0
117000124,20,7,13
117000125,6,7,-1
117000126,11,17,-6
117000127,5,37,-32
117000128,4,34,-30
117000129,0,1,-1
117000130,0,0,0
117000131,0,14,-14
117000132,103,22,81
117000133,0,109,-109
117000134,0,53,-53
117000135,0,30,-30
117000136,0,26,-26
117000137,0,0,0
117000138,1,204,-203
117000140,93,567,-474
117000141,0,0,0
117000181,123,22,101
117000182,0,0,0
117000195,15,202,-187
117000196,0,0,0
117000225,0,0,0
117000226,0,4,-4
117000276,0,0,0
117000277,0,89,-89
117000310,445,698,-253
117000315,0,0,0
117000320,0,0,0
117000906,0,0,0
117000907,1,162,-161
117000908,2,7,-5
117000909,4,3,1
117000910,88,76,12
117000911,14,12,2
117000915,1,181,-180
117000916,0,0,0
117000917,0,0,0
117000918,0,0,0
117000919,0,12,-12
117000920,2,1016,-1014
117000921,3,461,-458
117000922,0,0,0
117000924,40,7,33
117000926,259,21,238
117000927,7,31,-24
117000928,1,129,-128
117000929,11,57,-46
117000930,10,4,6
117000931,57,22,35
117900002,25,58,-33
117900003,34,8,26
117900005,0,2,-2
117900006,0,5,-5
117900007,5,39,-34
117900008,0,8,-8
117900010,1,31,-30
117900011,0,1,-1
117900012,7,32,-25
117900013,0,24,-24
117900014,1,54,-53
117900015,0,29,-29
117900016,100,21,79
117900017,4,81,-77
117900018,11,0,11
117900019,1,69,-68
117900020,0,4,-4
117900021,1,16,-15
117900022,0,0,0
117900023,4,3,1
117900024,1,16,-15
117900025,1,0,1
117900026,4,53,-49
117900028,0,0,0
117900029,0,86,-86
117900030,9,25,-16
117900031,0,0,0
117900032,8,16,-8
117900033,3,74,-71
117900034,0,0,0
117900035,15,4,11
117900036,5,83,-78
117900037,0,0,0
117900038,1,69,-68
117900039,1,31,-30
117900040,21,59,-38
117900041,0,10,-10
117900042,3,12,-9
117900043,2,9,-7
117900044,0,21,-21
117900045,0,0,0
117900048,7,31,-24
117900049,2,50,-48
117900050,0,0,0
117900051,0,0,0
117900052,0,0,0
117900053,56,99,-43
117900054,0,0,0
117900055,0,0,0
117900056,0,0,0
117900057,14,165,-151
117900058,98,230,-132
117900059,0,0,0
117900060,15,522,-507
117900061,0,0,0
117900063,2,27,-25
117900065,40,77,-37
117900066,0,0,0
117900067,2,41,-39
117900069,1,62,-61
117900070,0,0,0
117900071,0,0,0
117900073,2,41,-39
117900074,0,0,0
117900075,0,0,0
117900076,0,14,-14
117900077,0,0,0
117900078,15,49,-34
117900080,0,0,0
117900081,18,33,-15
117900082,11,20,-9
117900083,1,71,-70
117900086,0,0,0
117900087,0,0,0
117900088,143,81,62
117900089,63,10,53
117900090,3,132,-129
117900091,38,7,31
117900092,0,0,0
117900093,0,0,0
117900094,0,0,0
117900095,5,81,-76
117900096,0,0,0
117900097,0,0,0
117900098,0,0,0
117900099,6,78,-72
117900100,0,0,0
117900101,27,48,-21
117900102,0,0,0
117900103,0,0,0
117900104,0,20,-20
117900105,0,24,-24
117900106,0,0,0
117900107,0,0,0
117900109,4,38,-34
117900110,0,0,0
117900111,0,0,0
117900112,0,0,0
117900113,0,1,-1
117900114,0,0,0
117900115,4,4,0
117900116,16,44,-28
117900117,16,66,-50
117900118,0,0,0
117900119,0,66,-66
117900120,0,8,-8
117900121,0,1,-1
117900122,39,54,-15
117900123,33,110,-77
117900124,12,48,-36
117900125,242,106,136
117900126,14,40,-26
117900127,5,63,-58
117900128,5,90,-85
117900129,0,0,0
117900130,0,49,-49
117900131,0,16,-16
117900132,1,21,-20
117900133,1,31,-30
117900134,0,21,-21
117900135,0,39,-39
117900136,0,9,-9
117900137,2,77,-75
117900138,0,10,-10
117900139,0,5,-5
117900140,35,1,34
117900141,14,30,-16
117900142,0,0,0
117900144,0,0,0
117900145,0,1,-1
117900146,0,0,0
117900147,0,0,0
117900148,83,132,-49
117900149,0,9,-9
117900150,1,15,-14
117900151,0,31,-31
117900152,1,5,-4
117900153,1,24,-23
117900154,3,43,-40
117900156,26,42,-16
117900157,2,9,-7
117900158,0,0,0
117900160,34,24,10
117900161,159,180,-21
117900162,0,28,-28
117900163,0,2,-2
117900165,0,0,0
117900166,5,16,-11
117900168,4,19,-15
117900169,0,13,-13
117900170,1,6,-5
117900171,0,3,-3
117900172,0,2,-2
117900173,8,6,2
117900174,2,4,-2
117900175,0,2,-2
117900176,1,18,-17
117900177,0,15,-15
117900178,2,2,0
117900180,13,3,10
117900181,2,0,2
117900182,0,0,0
117900183,0,0,0
117900184,0,0,0
117900185,0,0,0
117900186,0,0,0
117900187,0,0,0
117900188,0,0,0
117900189,0,0,0
117900190,0,0,0
117900191,0,0,0
117900192,1,1,0
117900193,0,11,-11
117900194,0,0,0
117900195,0,0,0
117900196,0,0,0
117900207,0,0,0
117900208,0,0,0
117900209,0,2,-2
117900210,1,0,1
117900211,0,0,0
117900212,2,6,-4
117900213,0,0,0
117900214,2,21,-19
117900216,0,0,0
117900217,1,6,-5
117900218,0,0,0
117900219,0,12,-12
117900220,0,0,0
117900221,0,0,0
118000001,56,61,-5
118000002,187,360,-173
118000003,103,153,-50
118000004,336,287,49
118000005,886,419,467
118000006,2022,1011,1011
118000007,777,308,469
118000008,508,480,28
118000009,358,592,-234
118000010,314,635,-321
118000011,98,568,-470
118000012,155,500,-345
118000013,729,639,90
118000014,192,617,-425
118000016,33,76,-43
118000017,0,0,0
118000018,40,142,-102
118000019,848,210,638
118000020,413,359,54
118000021,242,473,-231
118000022,180,20,160
118000023,81,118,-37
118000024,105,180,-75
118000025,93,42,51
118000027,3527,548,2979
118000029,97,53,44
118000032,52,80,-28
118000033,158,154,4
118000034,1106,337,769
118000035,75,468,-393
118000036,67,191,-124
118000037,116,275,-159
118000038,0,0,0
118000039,19,31,-12
118000040,61,522,-461
118000041,284,448,-164
118000045,4,2,2
118000046,108,32,76
118000047,100,53,47
118000048,127,62,65
118000051,24,6,18
118000052,42,24,18
118000053,10,5,5
118000054,113,40,73
118000055,48,34,14
118000056,1,3,-2
118000057,9,12,-3
118000058,48,32,16
118000059,53,62,-9
118000060,13,40,-27
118000061,13,38,-25
118000062,16,10,6
118000063,11,12,-1
118000064,22,46,-24
118000065,303,69,234
118000066,34,17,17
118000067,203,111,92
118000068,170,172,-2
118000069,167,59,108
118000070,582,34,548
118000071,414,197,217
118000072,179,151,28
118000073,86,15,71
118000074,8,14,-6
118000075,22,33,-11
118000076,155,160,-5
118000077,388,264,124
118000078,121,111,10
118000079,47,102,-55
118000080,360,237,123
118000081,71,80,-9
118000082,7,18,-11
118000083,36,19,17
118000084,269,132,137
118000086,17,76,-59
118000087,2332,510,1822
118000088,106,169,-63
118000089,817,1059,-242
118000090,1553,421,1132
118000091,1304,578,726
118000092,164,27,137
118000093,9,23,-14
118000096,10,19,-9
118000097,16,40,-24
118000098,0,1,-1
118000099,50,190,-140
118000101,99,72,27
118000102,13,115,-102
118000107,853,99,754
118000108,4,32,-28
118000110,0,11,-11
118000111,2,333,-331
118000112,0,0,0
118000113,0,549,-549
118000114,0,0,0
118000115,0,0,0
118000116,0,0,0
118000117,222,252,-30
118000118,23,39,-16
118000119,24,60,-36
118000120,336,566,-230
118000121,0,49,-49
118000122,56,9,47
118000123,4,71,-67
118000125,246,373,-127
118000126,8,35,-27
118000127,22,34,-12
118000128,166,373,-207
118000129,60,53,7
118000130,898,1321,-423
118000131,80,488,-408
118000132,94,71,23
118000133,20,58,-38
118000135,0,0,0
118000136,11,69,-58
118000137,91,21,70
118000138,4,43,-39
118000139,25,14,11
118000140,597,355,242
118000141,150,130,20
118000142,219,547,-328
118000143,23,68,-45
118000144,72,69,3
118000145,387,799,-412
118000146,178,323,-145
118000147,198,486,-288
118000148,52,223,-171
118000149,39,130,-91
118000150,12,0,12
118000151,5,10,-5
118000153,16,74,-58
118000154,25,138,-113
118000155,15,67,-52
118000156,505,361,144
118000157,28,15,13
118000158,14,69,-55
118000159,0,0,0
118000160,0,0,0
118000161,47,254,-207
118000162,10,98,-88
118000163,18,48,-30
118000164,148,67,81
118000168,6,21,-15
118000169,264,731,-467
118000170,381,715,-334
118000171,0,0,0
118000172,0,0,0
118000173,89,145,-56
118000175,28,27,1
118000176,14,29,-15
118000177,2,20,-18
118000178,0,6,-6
118000179,0,0,0
118000180,0,0,0
118000181,195,154,41
118000182,83,91,-8
118000183,67,102,-35
118000184,0,0,0
118000185,507,166,341
118000186,177,179,-2
118000187,95,181,-86
118000188,13,44,-31
118000189,9,142,-133
118000190,0,2,-2
118000191,0,7,-7
118000192,3,38,-35
118000193,5,29,-24
118000194,267,42,225
118000195,1,4,-3
118000196,0,0,0
118000197,18,11,7
118000198,12,5,7
118000199,71,64,7
118000200,0,0,0
118000201,17,7,10
118000202,0,0,0
118000203,84,32,52
118000204,60,37,23
118000205,30,18,12
118000206,7,1,6
118000207,0,7,-7
118000208,62,79,-17
118000209,208,445,-237
118000210,0,0,0
118000211,0,0,0
118000213,14,21,-7
118000214,168,61,107
118000215,43,74,-31
118000216,0,0,0
118000217,1,4,-3
118000218,1,7,-6
118000219,3,19,-16
118000220,0,0,0
118000221,1,29,-28
118000222,56,5,51
118000223,0,0,0
118000224,4,6,-2
118000225,4,293,-289
118000226,0,0,0
118000227,74,26,48
118000228,63,43,20
118000229,0,0,0
118000230,9,23,-14
118000231,5,21,-16
118000232,79,240,-161
118000233,30,38,-8
118000234,4,21,-17
118000236,17,75,-58
118000237,0,0,0
118000238,3,67,-64
118000239,0,10,-10
118000240,79,13,66
118000241,3,20,-17
118000242,10,161,-151
118000243,2,21,-19
118000244,0,24,-24
118000246,0,5,-5
118000255,0,14,-14
118000256,0,14,-14
118000259,0,2,-2
118000260,0,1,-1
118000261,0,13,-13
118000263,1,19,-18
118000266,8,54,-46
118000267,0,28,-28
118000268,0,1,-1
118000270,0,0,0
118000271,1,27,-26
118000272,0,0,0
118000273,4,22,-18
118000274,16,102,-86
118000276,4,20,-16
118000295,0,19,-19
118000298,30,118,-88
118000299,23,54,-31
118000301,0,19,-19
118000302,3,5,-2
118000311,10,26,-16
118000312,5,68,-63
118000313,2,31,-29
118000314,0,11,-11
118000315,3,12,-9
118000316,6,72,-66
118000325,0,9,-9
118000326,0,1,-1
118000331,0,4,-4
118000332,0,5,-5
118000333,1,3,-2
118000335,0,0,0
118000336,0,139,-139
118000407,0,0,0
118000457,1,20,-19
118000465,602,371,231
118000480,0,16,-16
118000489,0,2,-2
118000490,11,156,-145
118000492,4,23,-19
118000510,5,12,-7
118000514,14,112,-98
118000515,3,30,-27
118000517,100,51,49
118000524,753,233,520
118000525,219,320,-101
118000530,0,0,0
118000531,0,3,-3
118000532,51,106,-55
118000533,83,134,-51
118000534,31,149,-118
118000535,1,13,-12
118000536,32,36,-4
118000537,14,28,-14
118000538,5,42,-37
118000539,0,0,0
118000540,21,99,-78
118000541,2,55,-53
118000542,0,0,0
118000543,0,0,0
118000546,1,23,-22
118000560,480,53,427
118000562,0,0,0
118000563,165,69,96
118000576,4,21,-17
118000577,19,8,11
118000578,18,11,7
118000579,79,156,-77
118000595,0,0,0
118000596,0,10,-10
118000597,4,16,-12
118000598,0,0,0
118000599,0,0,0
118000600,0,17,-17
118000601,0,0,0
118000602,0,4,-4
118000603,1,43,-42
118900001,0,0,0
118900002,5,26,-21
118900003,0,0,0
118900004,0,0,0
118900005,0,0,0
118900006,0,0,0
118900007,4,1,3
118900008,0,0,0
118900009,0,0,0
118900010,0,0,0
118900011,21,0,21
118900012,1,3,-2
118900013,0,0,0
118900015,0,1,-1
118900016,2,1,1
118900017,0,0,0
118900018,0,0,0
118900019,4,0,4
118900020,0,0,0
118900021,0,0,0
118900022,2,5,-3
118900023,0,0,0
118900024,0,0,0
118900025,0,0,0
118900026,9,10,-1
118900027,0,0,0
118900028,0,0,0
118900029,0,0,0
118900030,0,0,0
118900031,6,8,-2
118900032,0,0,0
118900033,0,0,0
118900034,0,0,0
118900035,2,28,-26
118900036,20,72,-52
118900037,0,0,0
118900038,9,49,-40
118900039,0,0,0
118900040,6,6,0
118900041,0,0,0
118900042,1,1,0
118900045,1,18,-17
118900046,80,8,72
118900047,81,9,72
118900048,0,0,0
118900049,0,0,0
118900050,0,22,-22
118900051,0,0,0
118900052,0,0,0
118900053,0,0,0
118900054,3,10,-7
118900055,3,11,-8
118900056,0,0,0
118900057,1,29,-28
118900058,0,0,0
118900059,0,0,0
118900060,1,17,-16
118900062,0,0,0
118900064,0,0,0
118900065,0,0,0
118900066,0,0,0
118900067,25,2,23
118900068,0,0,0
118900069,4,36,-32
118900071,0,0,0
118900072,0,0,0
118900073,2,19,-17
118900074,0,0,0
118900075,0,0,0
118900076,0,0,0
118900077,1,9,-8
118900078,0,1,-1
118900079,0,0,0
118900080,0,0,0
118900081,0,0,0
118900082,1,5,-4
118900083,0,3,-3
118900084,0,0,0
118900085,13,86,-73
118900086,0,0,0
118900087,0,5,-5
118900088,0,5,-5
118900089,0,0,0
118900090,17,36,-19
118900091,0,0,0
118900092,0,41,-41
118900093,0,0,0
118900096,0,0,0
118900097,8,118,-110
118900099,1,36,-35
118900100,0,0,0
118900101,1,94,-93
118900102,0,6,-6
118900103,3,8,-5
118900104,4,30,-26
118900105,47,18,29
118900107,19,6,13
118900108,0,14,-14
118900109,29,3,26
118900110,0,0,0
118900111,0,0,0
118900112,0,0,0
118900113,0,0,0
118900114,0,0,0
118900115,0,0,0
118900116,3,50,-47
118900117,0,53,-53
118900118,11,112,-101
118900119,1,57,-56
118900120,5,47,-42
118900121,0,0,0
118900122,0,13,-13
118900123,26,60,-34
118900124,0,0,0
118900126,0,33,-33
118900129,3,20,-17
118900130,0,0,0
118900131,8,79,-71
118900132,2,16,-14
118900133,0,0,0
118900135,1,28,-27
118900136,21,168,-147
118900137,0,0,0
118900139,0,0,0
118900140,6,193,-187
118900141,0,0,0
118900144,4,248,-244
118900145,0,0,0
118900146,11,98,-87
118900147,0,0,0
118900148,0,0,0
118900150,0,0,0
118900152,17,142,-125
118900157,0,0,0
118900158,0,0,0
118900159,0,0,0
118900161,0,0,0
118900163,0,0,0
118900164,0,0,0
118900165,0,45,-45
118900166,1,0,1
118900167,1,20,-19
118900168,0,9,-9
118900169,12,44,-32
118900170,0,15,-15
118900171,0,12,-12
118900174,1,18,-17
118900175,3,27,-24
118900176,1,11,-10
118900177,0,4,-4
118900178,0,2,-2
118900179,0,5,-5
118900181,1,9,-8
118900182,1,3,-2
118900183,4,5,-1
118900184,0,3,-3
118900185,2,12,-10
118900186,3,27,-24
118900187,0,0,0
118900188,0,0,0
118900189,0,15,-15
118900190,0,0,0
118900191,0,0,0
118900192,0,0,0
118900193,0,0,0
118900195,0,0,0
118900196,7,43,-36
118900197,0,0,0
118900198,1,4,-3
118900199,0,11,-11
118900200,0,1,-1
118900201,0,0,0
118900202,1,20,-19
118900203,1,9,-8
118900204,0,2,-2
118900205,0,0,0
118900206,0,6,-6
119000001,89,123,-34
119000002,176,341,-165
119000003,59,402,-343
119000004,102,209,-107
119000005,132,226,-94
119000006,98,170,-72
119000007,185,256,-71
119000008,302,887,-585
119000009,427,506,-79
119000010,2108,1427,681
119000011,1212,348,864
119000012,1829,966,863
119000013,522,306,216
119000014,490,1070,-580
119000019,2,39,-37
119000020,126,190,-64
119000021,245,229,16
119000022,95,121,-26
119000023,0,0,0
119000024,228,366,-138
119000025,2691,245,2446
119000026,0,0,0
119000027,71,76,-5
119000028,195,287,-92
119000029,0,0,0
119000030,49,162,-113
119000031,99,162,-63
119000032,255,258,-3
119000033,510,389,121
119000034,195,188,7
119000035,2,198,-196
119000036,126,287,-161
119000037,102,541,-439
119000038,33,298,-265
119000039,20,63,-43
119000040,412,68,344
119000041,536,116,420
119000048,1121,623,498
119000049,117,626,-509
119000050,84,104,-20
119000051,128,70,58
119000052,133,108,25
119000053,124,103,21
119000054,156,722,-566
119000055,318,631,-313
119000056,179,411,-232
119000057,83,431,-348
119000058,116,407,-291
119000059,32,36,-4
119000060,95,203,-108
119000061,19,11,8
119000062,147,344,-197
119000063,53,72,-19
119000064,30,63,-33
119000065,33,169,-136
119000066,184,189,-5
119000067,82,117,-35
119000068,153,268,-115
119000069,37,117,-80
119000070,203,234,-31
119000071,0,0,0
119000072,723,331,392
119000073,610,729,-119
119000074,71,547,-476
119000075,112,1133,-1021
119000076,0,0,0
119000077,0,0,0
119000078,0,0,0
119000079,0,0,0
119000080,0,0,0
119000081,0,0,0
119000082,1,1,0
119000083,0,3,-3
119000084,0,0,0
119000085,0,0,0
119000086,0,3,-3
119000087,51,34,17
119000088,0,0,0
119000089,0,1,-1
119000090,0,0,0
119000091,1,5,-4
119000092,0,0,0
119000093,580,519,61
119000094,321,926,-605
119000095,76,463,-387
119000097,553,278,275
119000098,112,231,-119
119000099,263,405,-142
119000100,345,440,-95
119000101,722,644,78
119000102,26,36,-10
119000103,51,6,45
119000104,777,820,-43
119000105,0,0,0
119000106,29,766,-737
119000107,0,0,0
119000108,58,687,-629
119000109,0,3,-3
119000110,49,173,-124
119000111,0,13,-13
119000112,30,27,3
119000113,352,17,335
119000114,0,13,-13
119000115,58,15,43
119000116,0,0,0
119000117,1,22,-21
119000118,1,1,0
119000123,55,19,36
119000124,0,0,0
119000125,0,0,0
119000126,0,0,0
119000127,81,422,-341
119000128,32,4,28
119000131,101,579,-478
119000132,7,3,4
119000133,0,0,0
119000134,0,0,0
119000135,0,2,-2
119000136,4,70,-66
119000137,0,1,-1
119000138,9,94,-85
119000139,0,0,0
119000140,2,40,-38
119000284,455,1094,-639
119000285,815,1028,-213
119000286,1447,1106,341
119000287,181,696,-515
119000288,198,467,-269
119000289,264,887,-623
119000290,6,30,-24
119000291,4,41,-37
119000293,31,64,-33
119000294,0,0,0
119000295,566,106,460
119000296,0,0,0
119000302,749,100,649
119000303,0,0,0
119000314,260,516,-256
119000315,0,0,0
119000316,0,25,-25
119000317,0,1,-1
119900001,3,33,-30
119900002,0,0,0
119900003,0,73,-73
119900004,0,1,-1
119900005,0,0,0
119900006,4,27,-23
119900007,0,0,0
119900008,0,0,0
119900009,1,47,-46
119900010,13,172,-159
119900011,0,0,0
119900012,1,10,-9
119900013,54,103,-49
119900014,16,35,-19
119900015,1,0,1
119900016,0,0,0
119900017,0,0,0
119900018,0,0,0
119900019,0,0,0
119900020,0,0,0
119900021,0,3,-3
119900022,0,0,0
119900023,0,0,0
119900025,0,1,-1
119900026,0,0,0
119900027,0,0,0
119900028,0,0,0
119900029,0,0,0
119900030,2,4,-2
119900031,0,0,0
119900033,282,3,279
119900034,0,2,-2
119900037,0,0,0
119900038,0,0,0
119900039,0,0,0
119900040,0,0,0
119900041,0,0,0
119900042,0,0,0
119900043,0,0,0
119900044,0,0,0
119900046,0,0,0
119900047,0,0,0
119900048,0,4,-4
119900049,0,0,0
119900050,0,0,0
119900051,0,0,0
119900052,0,0,0
119900053,0,0,0
119900054,0,0,0
119900055,4,8,-4
119900057,0,0,0
119900058,0,0,0
119900059,0,1,-1
119900060,0,0,0
119900061,0,0,0
119900062,0,0,0
119900063,0,0,0
119900064,0,0,0
119900065,0,0,0
119900066,0,0,0
119900067,0,0,0
119900068,0,0,0
119900069,0,0,0
119900070,0,1,-1
119900071,0,0,0
119900072,0,104,-104
119900073,0,30,-30
119900074,0,0,0
119900075,469,124,345
119900076,0,34,-34
119900077,1,153,-152
119900078,0,0,0
119900079,0,0,0
119900080,0,6,-6
119900081,0,23,-23
119900082,0,7,-7
119900083,0,0,0
119900084,1,3,-2
119900085,11,7,4
119900086,0,156,-156
119900087,1,8,-7
119900088,7,9,-2
119900089,2,198,-196
119900090,57,9,48
119900091,3,267,-264
119900092,1,143,-142
119900093,21,10,11
119900094,3,48,-45
119900095,0,3,-3
119900096,0,14,-14
119900097,58,30,28
119900098,0,1,-1
119900099,0,35,-35
119900100,531,204,327
119900101,29,122,-93
119900102,1,48,-47
119900103,1,61,-60
119900104,1,37,-36
119900105,74,363,-289
119900106,1,39,-38
119900107,13,243,-230
119900108,345,195,150
119900109,1,9,-8
119900110,20,156,-136
119900111,0,0,0
119900112,178,17,161
119900113,0,0,0
119900114,5,398,-393
119900115,0,0,0
119900116,1,6,-5
119900117,8,138,-130
119900118,0,0,0
119900119,0,21,-21
119900120,72,94,-22
119900121,2,50,-48
119900122,0,0,0
119900123,2,5,-3
119900124,0,51,-51
119900125,0,0,0
119900126,598,8,590
119900127,0,0,0
119900128,0,40,-40
119900129,1,30,-29
119900130,0,0,0
119900131,0,11,-11
119900132,0,0,0
119900133,0,3,-3
119900134,85,3,82
119900135,0,0,0
119900136,0,0,0
119900138,0,0,0
119900139,0,3,-3
119900140,0,0,0
119900141,0,0,0
119900142,0,0,0
119900143,0,0,0
119900144,0,0,0
119900145,1,30,-29
119900146,3,2,1
119900147,0,0,0
119900148,0,0,0
119900149,1,21,-20
119900150,10,15,-5
119900151,59,20,39
119900152,0,0,0
119900153,0,0,0
119900154,0,62,-62
119900155,0,8,-8
119900156,0,1,-1
119900157,0,0,0
119900158,0,0,0
119900159,1,425,-424
119900160,0,6,-6
119900161,0,0,0
119900162,0,0,0
119900163,3,2,1
119900164,0,1,-1
119900165,0,0,0
119900166,0,0,0
119900167,0,0,0
119900168,0,0,0
119900169,8,17,-9
119900170,8,3,5
119900171,7,32,-25
119900172,0,0,0
119900173,0,119,-119
119900174,0,0,0
119900175,1,1,0
119900177,4,45,-41
119900178,0,0,0
119900179,0,0,0
119900180,3,1,2
119900181,0,0,0
119900182,1,39,-38
119900183,3,128,-125
119900184,6,2,4
119900185,0,0,0
119900186,0,0,0
119900187,0,55,-55
119900188,0,17,-17
119900189,9,4,5
119900190,0,0,0
119900191,0,0,0
119900192,0,17,-17
119900193,0,0,0
119900194,0,0,0
119900195,3,18,-15
119900196,0,0,0
119900197,0,0,0
119900198,2,51,-49
119900199,0,0,0
119900200,0,0,0
119900201,9,16,-7
119900202,0,0,0
119900203,0,0,0
119900204,0,0,0
119900205,0,0,0
119900206,0,0,0
119900208,0,0,0
119900209,1,13,-12
119900210,0,0,0
119900211,0,0,0
119900212,1,38,-37
119900213,1,6,-5
119900214,0,8,-8
119900215,0,15,-15
119900216,0,26,-26
119900217,0,6,-6
119900218,0,13,-13
119900219,0,7,-7
119900220,0,6,-6
119900221,0,1,-1
119900222,0,0,0
119900223,0,0,0
119900224,0,0,0
119900225,0,0,0
119900226,0,4,-4
119900227,355,33,322
119900228,0,13,-13
119900229,0,0,0
119900230,22,12,10
119900231,0,0,0
119900232,0,0,0
119900233,0,0,0
119900234,0,3,-3
119900235,0,1,-1
119900236,0,0,0
119900237,0,0,0
119900238,0,9,-9
119900240,2,23,-21
119900241,2,91,-89
119900242,1,7,-6
119900244,0,0,0
119900245,0,3,-3
119900246,0,1,-1
119900247,0,0,0
119900248,0,0,0
119900249,0,0,0
119900253,0,0,0
119900254,0,0,0
119900255,3,118,-115
119900256,0,95,-95
119900257,0,0,0
119900258,0,0,0
119900259,1,9,-8
119900260,0,0,0
119900261,0,0,0
119900262,0,65,-65
119900263,34,41,-7
119900264,0,0,0
119900265,0,0,0
119900266,0,0,0
119900267,0,17,-17
119900268,1,15,-14
119900269,6,151,-145
119900271,0,0,0
119900272,0,0,0
119900275,0,0,0
119900276,0,0,0
119900277,0,1,-1
119900278,12,3,9
119900279,7,1,6
119900280,35,33,2
119900281,0,9,-9
119900282,0,0,0
119900283,0,0,0
119900284,1,139,-138
119900285,0,0,0
119900286,0,1,-1
119900288,2,17,-15
119900289,0,17,-17
119900290,0,15,-15
119900291,0,5,-5
119900292,3,2,1
119900293,0,3,-3
119900294,0,6,-6
119900295,0,1,-1
119900296,0,3,-3
119900297,0,4,-4
119900298,0,8,-8
119900299,0,0,0
119900300,0,0,0
119900301,0,0,0
119900302,0,4,-4
119900303,0,6,-6
119900304,0,1,-1
119900305,0,0,0
119900306,0,0,0
119900307,0,0,0
119900308,0,0,0
119900309,0,0,0
119900310,5,15,-10
119900311,0,0,0
119900312,0,1,-1
119900313,1,26,-25
119900314,0,0,0
119900315,0,279,-279
119900318,0,0,0
119900319,0,48,-48
119900320,0,101,-101
119900321,0,0,0
120000001,1144,449,695
120000002,315,644,-329
120000003,596,474,122
120000004,488,585,-97
120000005,1622,705,917
120000006,281,404,-123
120000007,840,756,84
120000008,219,521,-302
120000009,1643,341,1302
120000010,259,1342,-1083
120000011,154,795,-641
120000012,531,1387,-856
120000013,292,1026,-734
120000014,61,553,-492
120000015,353,602,-249
120000016,242,61,181
120000017,60,78,-18
120000018,413,297,116
120000019,61,85,-24
120000020,288,257,31
120000021,226,249,-23
120000022,1297,486,811
120000023,132,211,-79
120000024,286,347,-61
120000025,266,430,-164
120000026,64,448,-384
120000027,243,448,-205
120000028,101,418,-317
120000029,381,153,228
120000030,4,58,-54
120000031,283,332,-49
120000032,2485,331,2154
120000033,147,356,-209
120000034,101,647,-546
120000035,109,198,-89
120000036,147,365,-218
120000037,1,35,-34
120000038,1738,291,1447
120000039,42,169,-127
120000040,5,27,-22
120000041,29,394,-365
120000042,82,1179,-1097
120000043,209,420,-211
120000044,315,230,85
120000045,259,145,114
120000046,172,249,-77
120000047,333,375,-42
120000048,2183,338,1845
120000049,337,625,-288
120000050,271,713,-442
120000051,1099,849,250
120000052,5310,261,5049
120000053,76,873,-797
120000054,207,2259,-2052
120000055,184,1482,-1298
120000056,194,1568,-1374
120000057,58,493,-435
120000058,11,42,-31
120000059,0,10,-10
120000061,45,313,-268
120000062,27,99,-72
120000063,598,1569,-971
120000064,56,632,-576
120000065,60,568,-508
120000066,9,156,-147
120000067,8,162,-154
120000068,14,558,-544
120000069,80,763,-683
120000070,6,278,-272
120000071,39,32,7
120000072,64,188,-124
120000073,61,36,25
120000074,1,21,-20
120000075,20,67,-47
120000076,70,111,-41
120000077,136,155,-19
120000078,558,203,355
120000079,0,0,0
120000080,0,0,0
120000081,0,0,0
120000082,0,0,0
120000083,0,0,0
120000084,95,83,12
120000085,33,56,-23
120000086,21,144,-123
120000087,3,374,-371
120000088,56,144,-88
120000089,0,0,0
120000090,0,0,0
120000091,2,0,2
120000092,0,0,0
120000093,1,0,1
120000094,0,0,0
120000095,50,104,-54
120000096,8,205,-197
120000098,71,167,-96
120000099,9,109,-100
120000100,52,139,-87
120000101,36,92,-56
120000102,19,52,-33
120000103,57,54,3
120000104,57,31,26
120000105,72,19,53
120000106,47,30,17
120000107,80,39,41
120000108,20,14,6
120000109,109,4,105
120000110,28,416,-388
120000111,34,549,-515
120000112,99,1779,-1680
120000113,89,1097,-1008
120000114,73,961,-888
120000115,90,969,-879
120000116,97,796,-699
120000117,446,594,-148
120000118,0,0,0
120000119,0,0,0
120000120,0,0,0
120000121,0,0,0
120000122,0,0,0
120000123,279,90,189
120000124,16,26,-10
120000125,17,82,-65
120000126,5,54,-49
120000127,47,51,-4
120000128,172,174,-2
120000129,5,12,-7
120000130,0,0,0
120000131,22,93,-71
120000134,0,0,0
120000135,2,35,-33
120000137,0,0,0
120000138,4,55,-51
120000139,0,0,0
120000140,6,49,-43
120000141,0,0,0
120000142,2,27,-25
120000143,0,0,0
120000144,0,0,0
120000145,1,0,1
120000146,344,103,241
120000149,27,140,-113
120000150,5,130,-125
120000151,0,0,0
120000152,0,0,0
120000153,42,304,-262
120000154,82,215,-133
120000155,0,0,0
120000156,0,0,0
120000157,0,0,0
120000158,104,367,-263
120000159,285,965,-680
120000160,404,157,247
120000161,93,759,-666
120000162,5,30,-25
120000163,30,519,-489
120000164,36,194,-158
120000165,20,396,-376
120000166,50,207,-157
120000167,2,6,-4
120000168,2,10,-8
120000169,98,11,87
120000170,162,15,147
120000171,20,10,10
120000172,4,2,2
120000173,178,6,172
120000174,39,1,38
120000175,70,2,68
120000176,9,41,-32
120000177,194,290,-96
120000178,7,2,5
120000179,31,8,23
120000180,123,23,100
120000181,19,31,-12
120000182,12,10,2
120000183,0,91,-91
120000184,17,1505,-1488
120000186,0,4,-4
120000187,0,3,-3
120000188,0,7,-7
120000190,0,0,0
120000191,0,0,0
120000192,0,0,0
120000193,0,0,0
120000195,0,0,0
120000196,0,0,0
120000197,0,0,0
120000198,0,31,-31
120000199,0,0,0
120000200,0,0,0
120000201,0,0,0
120000202,0,21,-21
120000203,1,92,-91
120000207,0,0,0
120000208,0,0,0
120000209,0,0,0
120000210,0,0,0
120000211,0,0,0
120000212,0,0,0
120000213,0,0,0
120000214,0,0,0
120000215,0,0,0
120000216,0,0,0
120000217,112,275,-163
120000218,32,333,-301
120000219,3,214,-211
120000220,1,862,-861
120000225,0,0,0
120000226,0,0,0
120000227,0,0,0
120000228,1517,262,1255
120000230,0,0,0
120000231,0,0,0
120000233,0,0,0
120000235,60,361,-301
120000236,0,0,0
120000237,0,426,-426
120000238,0,25,-25
120000241,0,0,0
120000412,0,0,0
120000413,0,0,0
120000414,0,0,0
120000415,0,0,0
120000416,0,0,0
120000417,0,0,0
120000418,0,0,0
120000419,0,0,0
120000420,0,0,0
120000421,5727,2668,3059
120000422,81,74,7
120000423,0,17,-17
120000424,2,29,-27
120000436,16,24,-8
120000437,66,55,11
120000438,1434,144,1290
120000439,16,71,-55
120000443,0,0,0
120000444,27,313,-286
120000445,39,32,7
120000446,127,13,114
120000447,0,0,0
120000449,0,0,0
120000450,0,0,0
120000451,10,40,-30
120000452,0,0,0
120000453,1,429,-428
120000454,0,0,0
120000455,3,8,-5
120000456,452,402,50
120000457,211,179,32
120000458,188,277,-89
120000459,0,0,0
120000665,84,7,77
120000668,11,73,-62
120000669,0,0,0
120000670,27,38,-11
120000671,112,97,15
120000672,14,198,-184
120900001,0,0,0
120900002,0,0,0
120900003,0,0,0
120900004,0,1,-1
120900005,0,0,0
120900006,0,0,0
120900007,1,13,-12
120900008,3,20,-17
120900009,0,0,0
120900010,1,0,1
120900011,0,0,0
120900012,37,20,17
120900013,0,0,0
120900014,0,0,0
120900015,0,0,0
120900016,0,0,0
120900017,156,24,132
120900018,1,1,0
120900019,1,0,1
120900020,4,13,-9
120900021,0,0,0
120900022,0,0,0
120900023,0,0,0
120900024,64,55,9
120900025,0,0,0
120900026,0,0,0
120900027,0,0,0
120900028,1,0,1
120900029,0,0,0
120900030,4,3,1
120900031,0,0,0
120900032,0,0,0
120900033,0,0,0
120900034,0,0,0
120900035,0,1,-1
120900037,2,0,2
120900038,0,0,0
120900039,0,0,0
120900040,0,0,0
120900041,0,0,0
120900042,0,0,0
120900043,0,0,0
120900044,0,0,0
120900045,0,0,0
120900046,1,0,1
120900047,0,0,0
120900048,0,0,0
120900049,0,0,0
120900050,0,0,0
120900051,0,0,0
120900052,0,1,-1
120900053,0,0,0
120900054,0,0,0
120900055,1,0,1
120900056,0,0,0
120900057,0,0,0
120900058,0,0,0
120900059,0,0,0
120900060,0,0,0
120900061,0,0,0
120900062,0,0,0
120900063,0,0,0
120900064,0,0,0
120900065,0,0,0
120900066,0,61,-61
120900067,0,0,0
120900068,0,0,0
120900069,0,2,-2
120900071,0,4,-4
120900072,0,0,0
120900073,0,6,-6
120900074,0,0,0
120900076,0,0,0
120900077,0,2,-2
120900078,0,166,-166
120900079,0,7,-7
120900080,2,265,-263
120900081,0,0,0
120900082,2,34,-32
120900083,0,1,-1
120900084,0,0,0
120900085,0,0,0
120900086,10,1,9
120900087,0,0,0
120900088,3,1,2
120900089,472,39,433
120900090,0,1,-1
120900091,0,0,0
120900092,9,65,-56
120900093,0,0,0
120900094,57,43,14
120900095,0,0,0
120900096,0,1,-1
120900097,29,136,-107
120900098,0,0,0
120900099,5,5,0
120900100,0,4,-4
120900101,0,0,0
120900102,0,0,0
120900103,0,1,-1
120900104,0,9,-9
120900105,0,0,0
120900106,230,122,108
120900107,47,31,16
120900108,0,0,0
120900109,5,157,-152
120900110,0,0,0
120900111,1,20,-19
120900112,0,1,-1
120900113,0,229,-229
120900114,1,54,-53
120900115,21,26,-5
120900116,0,23,-23
120900117,0,5,-5
120900118,0,189,-189
120900119,0,0,0
120900120,6,137,-131
120900121,25,63,-38
120900122,0,25,-25
120900123,0,17,-17
120900124,1,159,-158
120900125,2,169,-167
120900126,91,107,-16
120900127,0,32,-32
120900128,103,184,-81
120900129,8,82,-74
120900130,0,138,-138
120900131,0,0,0
120900132,0,0,0
120900133,28,191,-163
120900134,37,67,-30
120900135,0,167,-167
120900136,0,0,0
120900137,0,0,0
120900138,0,48,-48
120900139,1,191,-190
120900140,0,0,0
120900141,0,0,0
120900142,2,210,-208
120900143,0,203,-203
120900144,0,51,-51
120900145,0,217,-217
120900146,1,209,-208
120900147,0,13,-13
120900148,0,6,-6
120900149,0,101,-101
120900150,2,130,-128
120900151,0,104,-104
120900152,0,8,-8
120900153,0,1,-1
120900154,2,92,-90
120900155,13,319,-306
120900156,0,106,-106
120900157,0,7,-7
120900158,1,182,-181
120900159,0,25,-25
120900160,9,112,-103
120900161,0,127,-127
120900162,2,126,-124
120900163,0,0,0
120900164,0,0,0
120900165,0,0,0
120900166,0,5,-5
120900167,5,6,-1
120900169,1,75,-74
120900170,60,22,38
120900171,111,12,99
120900172,0,0,0
120900173,0,22,-22
120900174,0,28,-28
120900175,0,0,0
120900176,0,7,-7
120900177,0,11,-11
120900178,0,8,-8
120900179,71,51,20
120900180,0,3,-3
120900181,0,0,0
120900182,0,0,0
120900183,0,0,0
120900184,0,0,0
120900185,0,3,-3
120900186,0,154,-154
120900187,0,18,-18
120900188,0,0,0
120900189,0,0,0
120900190,0,0,0
120900191,0,2,-2
120900192,766,36,730
120900194,0,0,0
120900195,6,42,-36
120900196,0,0,0
120900197,0,0,0
120900198,17,123,-106
120900199,12,151,-139
120900200,0,0,0
120900201,62,21,41
120900202,1,43,-42
120900203,0,0,0
120900204,96,129,-33
120900205,0,0,0
120900206,0,0,0
121000001,313,562,-249
121000002,309,231,78
121000003,3155,927,2228
121000004,703,357,346
121000005,937,835,102
121000006,954,395,559
121000007,1280,1405,-125
121000008,1185,582,603
121000009,4259,1942,2317
121000010,3132,893,2239
121000011,7305,2229,5076
121000012,5420,1215,4205
121000013,3126,2299,827
121000014,3261,1776,1485
121000015,1529,2185,-656
121000016,2252,2080,172
121000017,333,785,-452
121000018,705,496,209
121000019,3852,1242,2610
121000020,3383,1291,2092
121000021,507,923,-416
121000022,527,522,5
121000023,980,835,145
121000024,563,1059,-496
121000025,120,49,71
121000026,40,20,20
121000027,728,171,557
121000028,103,69,34
121000029,40,65,-25
121000030,18,51,-33
121000031,35,97,-62
121000032,56,32,24
121000034,0,0,0
121000035,3,23,-20
121000036,32,103,-71
121000037,89,158,-69
121000038,91,127,-36
121000039,9,30,-21
121000041,7,49,-42
121000042,0,0,0
121000043,28,20,8
121000044,194,97,97
121000045,10,47,-37
121000046,17,55,-38
121000047,2,14,-12
121000049,246,160,86
121000050,78,504,-426
121000051,36,50,-14
121000052,45,174,-129
121000053,0,0,0
121000054,9,72,-63
121000055,421,187,234
121000056,218,207,11
121000057,34,35,-1
121000058,77,26,51
121000059,69,41,28
121000060,96,67,29
121000061,11,17,-6
121000062,13,12,1
121000063,83,242,-159
121000064,36,41,-5
121000065,27,45,-18
121000066,33,84,-51
121000067,115,54,61
121000068,0,0,0
121000069,0,0,0
121000070,144,180,-36
121000071,95,219,-124
121000072,213,68,145
121000073,182,281,-99
121000074,31,46,-15
121000075,27,24,3
121000076,89,29,60
121000077,0,0,0
121000078,15,50,-35
121000080,453,130,323
121000081,344,308,36
121000082,56,108,-52
121000083,0,0,0
121000084,52,60,-8
121000085,215,152,63
121000086,0,0,0
121000087,0,0,0
121000088,89,223,-134
121000089,0,0,0
121000090,34,127,-93
121000091,592,520,72
121000092,31,7,24
121000093,15,30,-15
121000094,86,48,38
121000095,0,0,0
121000096,1505,934,571
121000097,614,491,123
121000098,86,299,-213
121000099,84,207,-123
121000100,26,226,-200
121000101,0,0,0
121000102,17,124,-107
121000103,0,0,0
121000104,12,59,-47
121000105,16,98,-82
121000106,0,0,0
121000107,724,979,-255
121000109,512,581,-69
121000110,112,116,-4
121000114,837,1089,-252
121000115,330,343,-13
121000116,140,395,-255
121000117,17,1,16
121000118,55,6,49
121000119,3,20,-17
121000120,0,1,-1
121000121,0,0,0
121000123,0,0,0
121000126,13,35,-22
121000127,5,10,-5
121000128,48,195,-147
121000129,39,86,-47
121000130,93,248,-155
121000131,223,138,85
121000132,178,129,49
121000135,26,26,0
121000136,149,32,117
121000137,27,5,22
121000138,40,60,-20
121000139,115,41,74
121000141,21,41,-20
121000142,149,89,60
121000143,0,0,0
121000144,46,32,14
121000145,27,139,-112
121000146,108,152,-44
121000147,75,104,-29
121000148,50,121,-71
121000149,209,394,-185
121000152,52,70,-18
121000153,489,104,385
121000154,214,33,181
121000155,271,150,121
121000156,156,161,-5
121000157,231,97,134
121000158,57,86,-29
121000159,13,118,-105
121000160,9,153,-144
121000161,0,7,-7
121000162,0,0,0
121000165,0,0,0
121000166,14,28,-14
121000168,21,61,-40
121000169,7,142,-135
121000170,51,20,31
121000171,43,105,-62
121000172,103,136,-33
121000173,380,189,191
121000174,54,159,-105
121000175,52,128,-76
121000176,147,87,60
121000177,54,92,-38
121000178,11,9,2
121000179,1,21,-20
121000181,50,82,-32
121000182,70,38,32
121000183,6,6,0
121000184,4,2,2
121000185,0,0,0
121000186,15,115,-100
121000187,0,0,0
121000188,0,0,0
121000192,103,58,45
121000193,89,100,-11
121000194,1569,720,849
121000195,77,371,-294
121000196,1,0,1
121000197,43,220,-177
121000198,12,56,-44
121000199,17,437,-420
121000200,45,43,2
121000201,1,61,-60
121000202,10,1,9
121000203,9,181,-172
121000204,59,18,41
121000205,60,336,-276
121000206,12,69,-57
121000207,105,120,-15
121000208,0,97,-97
121000209,16,362,-346
121000210,63,246,-183
121000211,6,47,-41
121000212,92,264,-172
121000213,211,219,-8
121000214,101,178,-77
121000215,288,249,39
121000216,40,126,-86
121000217,775,225,550
121000218,120,821,-701
121000219,166,97,69
121000220,150,97,53
121000221,40,18,22
121000222,616,1239,-623
121000223,43,166,-123
121000224,0,0,0
121000225,164,136,28
121000226,91,82,9
121000227,1,89,-88
121000228,12,731,-719
121000229,2,411,-409
121000230,38,1470,-1432
121000231,0,0,0
121000232,0,0,0
121000233,4,31,-27
121000234,0,0,0
121000235,0,0,0
121000236,0,0,0
121000237,0,0,0
121000238,0,0,0
121000239,1,2,-1
121000240,0,0,0
121000241,1,1,0
121000242,0,0,0
121000243,1,0,1
121000244,0,0,0
121000245,0,0,0
121000246,0,2,-2
121000247,3,0,3
121000248,5,14,-9
121000249,15,96,-81
121000250,30,25,5
121000251,10,229,-219
121000252,7,7,0
121000253,38,369,-331
121000254,96,45,51
121000255,36,52,-16
121000256,17,19,-2
121000257,11,37,-26
121000258,11,5,6
121000259,10,13,-3
121000260,19,68,-49
121000261,11,7,4
121000262,312,179,133
121000263,84,188,-104
121000271,109,273,-164
121000273,7,7,0
121000274,0,1,-1
121000275,4,18,-14
121000276,0,0,0
121000278,0,1,-1
121000279,5,12,-7
121000280,0,2,-2
121000289,2,0,2
121000290,278,165,113
121000294,6,53,-47
121000297,90,76,14
121000299,8,115,-107
121000300,157,100,57
121000302,15,75,-60
121000303,99,58,41
121000304,0,0,0
121000305,0,0,0
121000306,0,0,0
121000308,53,118,-65
121000309,180,251,-71
121000310,12,205,-193
121000311,13,359,-346
121000312,0,0,0
121000313,270,185,85
121000314,40,23,17
121000315,42,22,20
121000530,97,365,-268
121000531,105,358,-253
121000532,1163,461,702
121000533,717,454,263
121000918,5,102,-97
121000919,0,0,0
121000938,7,15,-8
121000939,11,3,8
121000956,101,485,-384
121000957,3,95,-92
121000958,5,129,-124
121000959,50,425,-375
121000960,85,657,-572
121000961,14,1,13
121000962,0,0,0
121000973,2,84,-82
121000976,0,0,0
121000979,0,0,0
121000981,12,1,11
121000982,0,0,0
121000983,16,169,-153
121000984,1,13,-12
121000985,58,178,-120
121000986,3,72,-69
121000987,62,878,-816
121000988,121,16,105
121001302,69,62,7
121001308,3,6,-3
121001309,3,13,-10
121001313,8,111,-103
121001314,4116,1704,2412
121001315,1490,1054,436
121900001,0,0,0
121900002,0,6,-6
121900003,0,0,0
121900004,0,0,0
121900005,0,0,0
121900006,0,0,0
121900007,0,0,0
121900008,0,0,0
121900009,0,0,0
121900010,0,0,0
121900011,0,0,0
121900012,0,0,0
121900013,0,0,0
121900014,0,0,0
121900015,0,0,0
121900016,0,0,0
121900017,0,0,0
121900018,0,0,0
121900019,0,0,0
121900020,0,0,0
121900021,0,0,0
121900022,0,0,0
121900023,0,0,0
121900024,0,0,0
121900025,0,0,0
121900026,0,0,0
121900027,0,0,0
121900028,0,0,0
121900029,0,0,0
121900030,0,0,0
121900031,0,0,0
121900032,0,0,0
121900033,0,0,0
121900034,0,0,0
121900035,0,0,0
121900036,0,0,0
121900037,0,0,0
121900038,0,0,0
121900039,0,0,0
121900040,0,0,0
121900041,0,0,0
121900042,0,0,0
121900043,0,0,0
121900044,0,0,0
121900046,0,0,0
121900047,0,0,0
121900048,0,0,0
121900050,0,0,0
121900051,0,0,0
121900052,0,0,0
121900053,17,60,-43
121900054,0,0,0
121900055,0,0,0
121900058,0,0,0
121900059,0,0,0
121900060,0,0,0
121900061,0,0,0
121900062,0,0,0
121900063,0,0,0
121900064,0,0,0
121900066,0,0,0
121900067,0,0,0
121900069,0,0,0
121900070,0,0,0
121900071,0,0,0
121900072,0,0,0
121900073,0,0,0
121900074,0,0,0
121900075,0,0,0
121900076,0,0,0
121900077,0,0,0
121900078,0,0,0
121900079,0,0,0
121900080,0,0,0
121900082,0,0,0
121900084,0,0,0
121900085,0,0,0
121900086,0,0,0
121900087,0,0,0
121900088,0,0,0
121900089,0,0,0
121900090,0,0,0
121900091,0,0,0
121900092,0,0,0
121900093,0,0,0
121900094,0,0,0
121900095,0,0,0
121900096,0,0,0
121900097,0,0,0
121900098,0,0,0
121900099,0,0,0
121900100,0,0,0
121900101,0,0,0
121900102,0,0,0
121900103,0,0,0
121900104,0,0,0
121900105,0,0,0
121900106,0,0,0
121900107,0,0,0
121900108,0,0,0
121900109,0,0,0
121900110,0,0,0
121900111,0,0,0
121900112,0,0,0
121900113,0,0,0
121900114,0,0,0
121900115,0,0,0
121900117,0,0,0
121900118,0,0,0
121900119,0,0,0
121900120,0,0,0
121900121,0,0,0
121900122,0,0,0
121900123,0,0,0
121900124,0,0,0
121900125,0,0,0
121900127,0,0,0
121900128,0,0,0
121900129,0,0,0
121900130,0,0,0
121900131,0,0,0
121900132,0,0,0
121900133,0,0,0
121900134,0,0,0
121900135,0,0,0
121900136,0,0,0
121900137,0,0,0
121900138,0,0,0
121900139,0,0,0
121900140,0,0,0
121900141,0,0,0
121900142,0,0,0
121900143,0,0,0
121900144,0,0,0
121900145,0,0,0
121900146,0,0,0
121900147,0,0,0
121900148,0,0,0
121900149,0,0,0
121900150,0,0,0
121900151,0,0,0
121900152,0,0,0
121900153,0,0,0
121900154,0,0,0
121900155,0,0,0
121900156,0,0,0
121900157,0,0,0
121900158,0,2,-2
121900159,0,0,0
121900160,0,0,0
121900161,0,0,0
121900162,0,0,0
121900163,1,1,0
121900164,0,0,0
121900165,0,0,0
121900166,0,0,0
121900167,0,0,0
121900168,0,0,0
121900169,1,59,-58
121900170,0,0,0
121900171,0,0,0
121900172,0,0,0
121900173,0,0,0
121900174,0,0,0
121900175,0,0,0
121900176,19,160,-141
121900177,1,2,-1
121900179,0,0,0
121900180,13,3,10
121900182,0,0,0
121900183,0,0,0
121900184,0,0,0
121900186,0,0,0
121900187,0,3,-3
121900188,0,0,0
121900189,0,0,0
121900190,0,0,0
121900191,0,0,0
121900192,0,0,0
121900194,0,0,0
121900195,0,0,0
121900196,0,0,0
121900197,9,66,-57
121900198,0,0,0
121900199,0,0,0
121900200,0,0,0
121900201,0,0,0
121900202,0,8,-8
121900203,0,0,0
121900204,0,0,0
121900205,0,0,0
121900206,0,0,0
121900207,0,0,0
121900208,0,0,0
121900209,0,0,0
121900210,0,0,0
121900211,0,0,0
121900212,0,0,0
121900213,0,0,0
121900214,0,0,0
121900215,0,0,0
121900216,0,0,0
121900217,0,0,0
121900218,0,0,0
121900219,0,0,0
121900220,0,0,0
121900221,0,0,0
121900222,0,0,0
121900223,0,0,0
121900224,0,0,0
121900225,0,0,0
121900226,0,0,0
121900227,0,0,0
121900228,0,0,0
121900229,0,0,0
121900230,0,0,0
121900231,0,0,0
121900232,0,0,0
121900233,0,0,0
121900234,0,0,0
121900235,0,0,0
121900236,0,0,0
121900237,0,0,0
121900238,0,0,0
121900239,0,0,0
121900240,0,0,0
121900241,0,0,0
121900242,0,0,0
121900243,0,0,0
121900244,0,0,0
121900245,0,0,0
121900246,0,0,0
121900247,0,0,0
121900248,0,0,0
121900250,0,0,0
121900251,0,0,0
121900252,0,0,0
121900253,0,0,0
121900254,0,0,0
121900255,0,0,0
121900258,0,0,0
121900259,0,0,0
121900260,0,0,0
121900261,0,0,0
121900262,0,0,0
121900263,0,0,0
121900264,0,0,0
121900265,0,0,0
121900266,0,0,0
121900267,0,0,0
121900269,0,0,0
121900270,0,0,0
121900271,0,0,0
121900273,0,0,0
121900274,0,0,0
121900276,0,0,0
121900277,0,0,0
121900278,0,0,0
121900279,0,0,0
121900280,0,0,0
121900281,0,0,0
121900284,0,0,0
121900286,0,28,-28
121900287,0,1,-1
121900290,0,0,0
121900291,13,23,-10
121900292,0,0,0
121900293,33,282,-249
121900294,0,0,0
121900295,0,0,0
121900296,0,0,0
121900298,0,0,0
121900299,0,0,0
121900300,0,0,0
121900301,0,0,0
121900302,0,0,0
121900303,0,0,0
121900304,0,0,0
121900305,0,0,0
121900306,0,0,0
121900307,0,0,0
121900308,0,30,-30
121900309,1,28,-27
121900310,1,32,-31
121900311,0,0,0
121900312,0,0,0
121900313,0,0,0
121900314,0,0,0
121900315,0,0,0
121900316,0,0,0
121900317,0,0,0
121900318,0,0,0
121900319,0,0,0
121900320,0,0,0
121900321,0,0,0
121900322,0,0,0
121900323,0,0,0
121900324,0,0,0
121900325,0,0,0
121900326,0,0,0
121900327,0,0,0
121900328,0,0,0
121900329,0,0,0
121900330,0,0,0
121900331,0,0,0
121900332,0,0,0
122000001,449,623,-174
122000002,579,242,337
122000003,382,308,74
122000004,306,214,92
122000005,262,111,151
122000006,147,77,70
122000007,109,140,-31
122000008,703,417,286
122000009,159,47,112
122000010,368,290,78
122000011,240,124,116
122000012,127,224,-97
122000013,163,174,-11
122000014,170,175,-5
122000015,141,87,54
122000016,147,142,5
122000017,213,214,-1
122000018,249,382,-133
122000019,167,477,-310
122000020,28,31,-3
122000021,185,65,120
122000022,195,69,126
122000023,54,96,-42
122000024,76,105,-29
122000025,85,182,-97
122000026,42,25,17
122000027,297,479,-182
122000028,0,0,0
122000029,0,0,0
122000030,93,30,63
122000031,0,0,0
122000032,90,65,25
122000033,48,82,-34
122000034,182,189,-7
122000035,168,207,-39
122000036,76,193,-117
122000037,75,54,21
122000038,47,63,-16
122000039,94,158,-64
122000040,77,105,-28
122000041,3,4,-1
122000042,1,1,0
122000043,0,0,0
122000044,0,0,0
122000045,53,46,7
122000046,28,56,-28
122000047,104,60,44
122000048,564,397,167
122000049,1258,667,591
122000050,202,191,11
122000051,0,0,0
122000052,13,6,7
122000053,20,130,-110
122000054,270,277,-7
122000055,391,567,-176
122000056,600,519,81
122000057,1079,712,367
122000058,596,658,-62
122000059,556,555,1
122000060,264,161,103
122000061,89,46,43
122000062,290,58,232
122000063,69,105,-36
122000064,604,817,-213
122000065,1134,880,254
122000066,289,379,-90
122000067,179,347,-168
122000068,227,164,63
122000069,350,228,122
122000070,19,51,-32
122000071,40,45,-5
122000072,94,69,25
122000073,61,105,-44
122000074,21,6,15
122000075,3,5,-2
122000076,173,122,51
122000077,126,227,-101
122000078,310,577,-267
122000079,370,209,161
122000080,42,55,-13
122000081,25,17,8
122000082,0,0,0
122000083,259,296,-37
122000084,176,219,-43
122000085,92,302,-210
122000086,390,445,-55
122000087,13,10,3
122000088,58,67,-9
122000089,832,444,388
122000090,16,33,-17
122000091,21,12,9
122000092,15,2,13
122000093,135,469,-334
122000094,1152,253,899
122000095,727,334,393
122000096,161,36,125
122000098,768,691,77
122000099,76,200,-124
122000100,66,84,-18
122000101,15,28,-13
122000102,416,222,194
122000103,174,198,-24
122000104,40,14,26
122000105,23,31,-8
122000106,104,56,48
122000107,20,55,-35
122000108,135,149,-14
122000109,7,10,-3
122000110,68,144,-76
122000111,410,146,264
122000112,59,98,-39
122000113,32,92,-60
122000114,698,1154,-456
122000115,626,392,234
122000116,174,72,102
122000117,169,13,156
122000118,68,48,20
122000119,643,563,80
122000120,576,844,-268
122000121,621,440,181
122000122,230,294,-64
122000123,352,67,285
122000124,137,54,83
122000125,357,167,190
122000126,111,180,-69
122000127,280,317,-37
122000128,67,302,-235
122000129,54,16,38
122000130,86,10,76
122000131,104,24,80
122000132,303,121,182
122000133,90,638,-548
122000134,149,102,47
122000135,85,352,-267
122000136,5,14,-9
122000137,25,22,3
122000139,298,312,-14
122000140,191,97,94
122000141,1211,132,1079
122000142,56,327,-271
122000143,30,7,23
122000144,90,54,36
122000145,117,112,5
122000146,0,0,0
122000147,22,14,8
122000148,901,323,578
122000149,357,107,250
122000150,85,86,-1
122000151,81,128,-47
122000152,74,66,8
122000153,0,0,0
122000154,0,0,0
122000155,202,119,83
122000156,1367,1029,338
122000157,708,724,-16
122000158,18,97,-79
122000159,59,69,-10
122000160,266,63,203
122000161,60,21,39
122000162,97,44,53
122000163,0,0,0
122000164,0,0,0
122000165,98,90,8
122000166,30,37,-7
122000167,58,80,-22
122000168,0,3,-3
122000169,138,82,56
122000170,43,113,-70
122000171,11,53,-42
122000172,335,352,-17
122000173,276,453,-177
122000174,352,343,9
122000175,342,117,225
122000176,1,0,1
122000177,368,641,-273
122000178,173,36,137
122000179,430,295,135
122000180,254,484,-230
122000181,543,1103,-560
122000182,282,45,237
122000183,251,26,225
122000184,3745,636,3109
122000185,729,564,165
122000186,97,121,-24
122000187,52,121,-69
122000188,86,66,20
122000189,0,0,0
122000190,16,183,-167
122000191,77,32,45
122000192,73,11,62
122000193,0,4,-4
122000194,58,17,41
122000195,0,2,-2
122000196,31,45,-14
122000197,32,22,10
122000198,107,76,31
122000199,77,26,51
122000200,116,33,83
122000201,950,1122,-172
122000202,570,568,2
122000203,683,533,150
122000204,220,605,-385
122000205,131,357,-226
122000206,101,52,49
122000207,48,88,-40
122000208,46,117,-71
122000209,31,11,20
122000210,185,752,-567
122000211,134,467,-333
122000212,121,85,36
122000213,187,174,13
122000214,200,241,-41
122000215,256,241,15
122000217,311,720,-409
122000218,0,0,0
122000219,589,460,129
122000220,85,291,-206
122000221,41,74,-33
122000222,64,8,56
122000223,113,186,-73
122000225,177,61,116
122000226,189,688,-499
122000227,74,359,-285
122000228,47,239,-192
122000229,10,191,-181
122000230,17,286,-269
122000231,20,235,-215
122000232,26,175,-149
122000233,0,0,0
122000234,5,33,-28
122000235,13,23,-10
122000236,44,28,16
122000237,6,8,-2
122000238,24,9,15
122000239,9,5,4
122000240,20,6,14
122000241,0,0,0
122000242,0,5,-5
122000243,0,3,-3
122000244,1,99,-98
122000245,3,46,-43
122000246,2,2,0
122000247,99,131,-32
122000248,224,542,-318
122000249,16,38,-22
122000250,63,22,41
122000251,120,117,3
122000252,17,5,12
122000253,4,135,-131
122000254,8,7,1
122000255,34,25,9
122000256,170,955,-785
122000257,45,205,-160
122000258,32,47,-15
122000259,2,284,-282
122000260,4,87,-83
122000261,0,6,-6
122000262,1,71,-70
122000263,2,67,-65
122000264,0,0,0
122000265,0,0,0
122000266,0,0,0
122000267,0,0,0
122000268,0,0,0
122000269,0,0,0
122000270,0,0,0
122000271,5,46,-41
122000272,5,67,-62
122000273,15,21,-6
122000274,1,6,-5
122000275,5,9,-4
122000276,20,71,-51
122000277,106,208,-102
122000278,79,62,17
122000279,45,273,-228
122000280,243,340,-97
122000281,97,277,-180
122000282,7,24,-17
122000283,221,25,196
122000284,17,10,7
122000285,119,91,28
122000286,51,121,-70
122000287,14,3,11
122000288,10,1,9
122000291,113,39,74
122000293,22,28,-6
122000294,0,0,0
122000295,0,1,-1
122000296,4,76,-72
122000297,368,152,216
122000299,36,66,-30
122000300,67,200,-133
122000301,2487,274,2213
122000302,88,44,44
122000303,1999,530,1469
122000304,4,55,-51
122000305,175,33,142
122000306,7,331,-324
122000307,68,62,6
122000309,16,171,-155
122000310,4,8,-4
122000311,34,22,12
122000312,19,7,12
122000313,0,7,-7
122000314,11,33,-22
122000315,9,0,9
122000316,24,9,15
122000317,62,3,59
122000318,0,16,-16
122000319,49,192,-143
122000320,59,785,-726
122000321,17,241,-224
122000322,442,144,298
122000323,224,163,61
122000324,226,155,71
122000325,25,108,-83
122000326,0,0,0
122000327,15,55,-40
122000328,194,318,-124
122000330,76,32,44
122000332,27,104,-77
122000333,1,125,-124
122000337,123,885,-762
122000338,41,239,-198
122000340,51,57,-6
122000342,447,408,39
122000343,5,137,-132
122000344,0,0,0
122000345,0,1,-1
122000346,56,20,36
122000348,45,138,-93
122000349,5,170,-165
122000351,0,8,-8
122000352,30,6,24
122000353,1,93,-92
122000355,1,2,-1
122000356,670,330,340
122000357,0,0,0
122000358,0,0,0
122000359,0,0,0
122000360,0,0,0
122000362,7,44,-37
122000364,6,107,-101
122000365,0,0,0
122000366,1,9,-8
122000368,75,185,-110
122000370,1,25,-24
122000371,0,0,0
122000372,0,0,0
122000381,6,76,-70
122000382,3,60,-57
122000384,480,365,115
122000385,0,0,0
122000386,5,45,-40
122000387,45,102,-57
122000388,55,27,28
122000389,60,294,-234
122000390,20,41,-21
122000391,0,0,0
122000392,24,48,-24
122000393,2,23,-21
122000394,18,77,-59
122000395,6,65,-59
122000396,34,45,-11
122000397,3,30,-27
122000398,0,0,0
122000399,6,17,-11
122000400,0,0,0
122000401,20,64,-44
122000402,0,0,0
122000403,116,1096,-980
122000404,11,5,6
122000408,166,285,-119
122000503,0,0,0
122000524,6,6,0
122000544,0,0,0
122000616,566,4,562
122000640,0,1,-1
122000641,1,10,-9
122000642,3,22,-19
122000643,0,0,0
122000644,52,38,14
122000645,77,139,-62
122000651,145,175,-30
122000664,15,23,-8
122000665,417,220,197
122000666,51,150,-99
122000673,16,202,-186
122000674,86,32,54
122000675,142,415,-273
122000686,0,0,0
122000687,36,147,-111
122000688,0,0,0
122000689,88,462,-374
122000690,96,523,-427
122000691,0,0,0
122000692,103,298,-195
122000693,0,0,0
122000695,33,253,-220
122000696,4,8,-4
122000698,33,501,-468
122000699,22,2,20
122000701,155,140,15
122000702,0,0,0
122000703,0,0,0
122000717,134,18,116
122000718,19,7,12
122000719,0,2,-2
122000720,1,8,-7
122900001,0,0,0
122900002,0,0,0
122900003,0,0,0
122900004,0,0,0
122900005,0,0,0
122900006,0,0,0
122900007,0,0,0
122900008,0,0,0
122900009,0,0,0
122900010,0,0,0
122900012,0,0,0
122900014,0,0,0
122900015,0,0,0
122900016,0,0,0
122900017,0,0,0
122900018,0,0,0
122900019,0,33,-33
122900020,0,0,0
122900021,0,0,0
122900022,8,47,-39
122900023,7,12,-5
122900024,6,6,0
122900025,0,0,0
122900026,0,0,0
122900027,1,50,-49
122900028,0,0,0
122900029,0,0,0
122900030,229,19,210
122900031,0,0,0
122900032,2,9,-7
122900033,0,0,0
122900034,0,0,0
122900035,0,0,0
122900036,0,0,0
122900037,0,0,0
122900038,0,24,-24
122900039,0,0,0
122900040,0,0,0
122900041,0,0,0
122900042,0,0,0
122900043,0,0,0
122900044,0,0,0
122900045,0,0,0
122900046,0,0,0
122900047,0,0,0
122900048,0,0,0
122900049,0,0,0
122900051,1,5,-4
122900052,0,6,-6
122900053,0,0,0
122900055,0,0,0
122900057,0,0,0
122900061,0,0,0
122900062,11,3,8
122900063,0,0,0
122900064,0,0,0
122900065,5,6,-1
122900066,4,16,-12
122900067,0,0,0
122900068,0,0,0
122900069,2,11,-9
122900070,1,1,0
122900071,2,9,-7
122900072,1,67,-66
122900073,0,0,0
122900074,0,0,0
122900075,0,9,-9
122900076,0,6,-6
122900077,1,51,-50
122900078,0,41,-41
122900080,0,0,0
122900081,0,0,0
122900082,0,0,0
122900083,0,0,0
122900084,0,0,0
122900086,0,0,0
122900087,0,0,0
122900088,0,0,0
122900089,0,0,0
122900090,0,56,-56
122900091,0,0,0
122900092,0,0,0
122900093,0,0,0
122900094,0,0,0
122900095,0,0,0
122900096,0,0,0
122900097,0,0,0
122900098,0,0,0
122900099,0,0,0
122900100,0,0,0
122900101,0,0,0
122900102,0,0,0
122900103,0,0,0
122900104,0,0,0
122900105,0,0,0
122900106,0,0,0
122900107,0,0,0
122900108,0,0,0
123000001,403,206,197
123000002,2174,581,1593
123000003,774,600,174
123000004,1301,1865,-564
123000005,244,397,-153
123000006,1044,1367,-323
123000007,248,255,-7
123000008,667,1811,-1144
123000009,1004,640,364
123000010,2532,2809,-277
123000011,413,262,151
123000012,433,1496,-1063
123000013,417,155,262
123000014,761,1927,-1166
123000015,1105,242,863
123000016,3298,1484,1814
123000017,273,88,185
123000018,4,11,-7
123000019,0,26,-26
123000020,2,3,-1
123000021,0,0,0
123000022,4,6,-2
123000023,90,65,25
123000024,47,51,-4
123000025,1,2,-1
123000026,1,19,-18
123000027,8,57,-49
123000028,21,5,16
123000029,94,96,-2
123000030,3,355,-352
123000031,1,22,-21
123000032,6,12,-6
123000033,1,3,-2
123000034,42,45,-3
123000035,21,9,12
123000036,18,9,9
123000037,70,168,-98
123000038,23,87,-64
123000039,247,146,101
123000040,411,243,168
123000041,59,18,41
123000042,96,200,-104
123000043,269,188,81
123000044,1444,692,752
123000045,3206,662,2544
123000046,8,20,-12
123000047,707,279,428
123000048,0,0,0
123000049,860,220,640
123000050,106,79,27
123000051,1,8,-7
123000052,127,215,-88
123000053,835,395,440
123000054,362,143,219
123000055,137,127,10
123000056,290,657,-367
123000057,5087,1278,3809
123000058,65,101,-36
123000059,36,50,-14
123000060,117,88,29
123000061,14,74,-60
123000063,82,169,-87
123000064,100,72,28
123000065,2180,792,1388
123000066,280,240,40
123000067,27,67,-40
123000068,998,1114,-116
123000069,4689,1334,3355
123000070,31,79,-48
123000071,28,33,-5
123000072,354,641,-287
123000073,31,32,-1
123000074,205,626,-421
123000075,14,48,-34
123000076,84,267,-183
123000077,694,1054,-360
123000078,30,60,-30
123000079,32,38,-6
123000080,378,910,-532
123000081,20,66,-46
123000082,56,186,-130
123000083,48,11,37
123000084,27,213,-186
123000085,1,12,-11
123000086,3,45,-42
123000087,5,79,-74
123000088,122,379,-257
123000089,5,13,-8
123000090,356,653,-297
123000091,3,3,0
123000092,247,356,-109
123000094,29,47,-18
123000095,0,18,-18
123000096,2,7,-5
123000097,33,339,-306
123000098,2,7,-5
123000099,91,182,-91
123000100,129,117,12
123000101,6,4,2
123000102,57,101,-44
123000104,26,90,-64
123000105,193,171,22
123000106,28,75,-47
123000107,81,180,-99
123000108,197,405,-208
123000111,21,17,4
123000112,13,39,-26
123000113,101,529,-428
123000114,2,4,-2
123000115,4,38,-34
123000116,7,36,-29
123000117,177,681,-504
123000118,110,255,-145
123000119,42,243,-201
123000120,61,210,-149
123000121,46,70,-24
123000122,98,145,-47
123000123,28,31,-3
123000124,201,262,-61
123000125,53,17,36
123000126,49,71,-22
123000127,1152,555,597
123000128,63,168,-105
123000129,0,0,0
123000130,0,0,0
123000131,18,115,-97
123000132,90,220,-130
123000133,66,181,-115
123000134,150,54,96
123000135,92,193,-101
123000136,62,620,-558
123000137,23,154,-131
123000138,14,197,-183
123000139,0,0,0
123000140,36,330,-294
123000141,0,0,0
123000142,276,412,-136
123000143,336,1044,-708
123000144,3,5,-2
123000145,28,24,4
123000146,1,18,-17
123000147,3,10,-7
123000149,0,0,0
123000150,0,0,0
123000151,42,62,-20
123000152,15,144,-129
123000153,17,47,-30
123000154,314,177,137
123000155,474,171,303
123000156,12,33,-21
123000157,104,288,-184
123000158,0,0,0
123000159,370,160,210
123000160,61,28,33
123000161,196,21,175
123000162,46,36,10
123000163,0,0,0
123000164,0,0,0
123000165,62,625,-563
123000166,6,69,-63
123000167,3,112,-109
123000168,30,116,-86
123000169,0,0,0
123000170,0,132,-132
123000171,0,9,-9
123000172,74,303,-229
123000173,0,0,0
123000174,0,0,0
123000175,346,671,-325
123000176,0,0,0
123000177,76,366,-290
123000178,0,0,0
123000179,5,238,-233
123000180,149,11,138
123000181,80,563,-483
123000182,7,145,-138
123000183,36,16,20
123000184,16,275,-259
123000185,0,0,0
123000186,3,414,-411
123000187,0,1,-1
123000188,0,1,-1
123000189,5,32,-27
123000190,0,12,-12
123000192,2,144,-142
123000193,8,200,-192
123000194,78,73,5
123000195,0,0,0
123000196,0,0,0
123000197,0,43,-43
123000198,2,87,-85
123000199,0,178,-178
123000200,0,0,0
123000201,0,0,0
123000202,6,558,-552
123000203,0,0,0
123000204,15,682,-667
123000205,59,736,-677
123000206,50,7,43
123000207,18,319,-301
123000208,14,2,12
123000209,111,8,103
123000210,141,481,-340
123000211,178,1105,-927
123000212,0,0,0
123000213,0,0,0
123000215,147,53,94
123000216,0,0,0
123000217,0,0,0
123000218,56,118,-62
123000219,0,0,0
123000220,0,0,0
123000221,0,0,0
123000222,8,28,-20
123000223,3,24,-21
123000224,18,51,-33
123000225,7,30,-23
123000226,7,258,-251
123000227,16,169,-153
123000228,2,17,-15
123000229,268,753,-485
123000232,61,264,-203
123000233,0,0,0
123000234,30,348,-318
123000235,0,0,0
123000236,31,382,-351
123000237,0,0,0
123000238,10,303,-293
123000239,109,1011,-902
123000240,5,89,-84
123000241,0,0,0
123000242,15,72,-57
123000243,182,502,-320
123000244,340,333,7
123000245,29,114,-85
123000249,691,378,313
123000252,0,0,0
123000253,0,0,0
123000254,26,300,-274
123000255,53,88,-35
123000256,7,116,-109
123000257,891,818,73
123000258,143,476,-333
123000259,28,146,-118
123000260,27,281,-254
123000261,28,117,-89
123000262,22,91,-69
123000263,15,5,10
123000264,4,1,3
123000265,14,57,-43
123000266,120,191,-71
123000267,0,0,0
123000268,2,19,-17
123000269,0,0,0
123000270,0,0,0
123000271,3,26,-23
123000272,0,0,0
123000273,0,0,0
123000274,0,0,0
123000275,93,523,-430
123000278,623,510,113
123000279,0,0,0
123000280,13,86,-73
123000281,0,0,0
123000282,8,66,-58
123000283,0,0,0
123000284,9,41,-32
123000286,86,42,44
123000287,65,36,29
123000288,0,0,0
123000289,0,0,0
123000291,93,426,-333
123000294,19,46,-27
123000295,143,42,101
123000296,28,15,13
123000297,3,3,0
123000298,4,27,-23
123000299,0,0,0
123000300,14,122,-108
123000301,5,43,-38
123000302,5,4,1
123000303,0,6,-6
123000305,282,217,65
123000306,3,175,-172
123000309,19,20,-1
123000310,0,0,0
123000311,0,161,-161
123000312,155,199,-44
123000313,0,0,0
123000315,3,28,-25
123000316,0,0,0
123000317,0,0,0
123000318,4,56,-52
123000329,152,41,111
123000337,0,54,-54
123000338,8,1,7
123000339,2,406,-404
123000340,9,27,-18
123000342,0,3,-3
123000343,0,0,0
123000344,195,93,102
123000345,40,157,-117
123000346,0,0,0
123000352,709,367,342
123000353,14,59,-45
123000354,1,1,0
123000355,0,140,-140
123000356,1,0,1
123000357,0,92,-92
123000359,0,88,-88
123000360,0,0,0
123000361,122,85,37
123000362,14,72,-58
123000363,2,178,-176
123000364,28,17,11
123000365,19,95,-76
123000366,54,146,-92
123000367,51,301,-250
123000370,7,175,-168
123000371,0,0,0
123000372,1,1,0
123000373,0,188,-188
123000374,2,99,-97
123000375,5,0,5
123000376,30,46,-16
123000377,0,0,0
123000378,1,235,-234
123000379,0,91,-91
123000380,2,79,-77
123000381,7,0,7
123000382,35,1,34
123000383,41,224,-183
123000384,25,6,19
123000385,60,276,-216
123000436,33,262,-229
123000507,15,22,-7
123000508,3,104,-101
123000517,178,18,160
123000518,7,57,-50
123000519,75,40,35
123000520,10,50,-40
123000521,54,59,-5
123000522,29,142,-113
123000541,0,0,0
123000542,1,13,-12
123000565,26,3,23
123000566,6,250,-244
123000567,38,77,-39
123000573,30,702,-672
123000574,0,2,-2
123000575,95,745,-650
123000576,37,1034,-997
123000577,40,349,-309
123000578,0,0,0
123000579,335,106,229
123000580,32,0,32
123000582,0,0,0
123000583,4,289,-285
123000584,0,0,0
123000585,0,44,-44
123000586,0,0,0
123000596,24,28,-4
123000597,0,0,0
123000602,0,0,0
123000603,31,150,-119
123000604,14,608,-594
123000605,361,46,315
123000606,1,942,-941
123000609,14,174,-160
123000610,1,3,-2
123000613,115,149,-34
123000614,0,0,0
123000615,73,208,-135
123000616,0,0,0
123000617,43,572,-529
123000618,24,385,-361
123000619,0,0,0
123000620,34,396,-362
123000622,0,0,0
123000624,0,0,0
123000630,17,40,-23
123000631,26,850,-824
123000632,181,382,-201
123000633,0,64,-64
123000634,0,0,0
123000635,68,55,13
123000636,9,178,-169
123000637,0,0,0
123000638,0,0,0
123000639,0,0,0
123000640,1,518,-517
123900001,67,4,63
123900002,0,0,0
123900003,0,0,0
123900005,0,0,0
123900006,0,0,0
124000001,243,1,242
124000002,70,675,-605
124000003,30,4,26
124000004,18,362,-344
124000005,15,0,15
124000006,130,793,-663
124000007,17,2,15
124000008,3,207,-204
124000009,4,5,-1
124000010,47,290,-243
124000011,10,5,5
124000012,81,540,-459
124000017,0,0,0
124000018,56,63,-7
124000019,0,0,0
124000020,14,103,-89
124000021,0,0,0
124000022,29,141,-112
124000023,204,154,50
124000024,232,280,-48
124000025,125,87,38
124000026,391,253,138
124000027,911,262,649
124000028,1245,1494,-249
124000030,1044,431,613
124000031,41,1,40
124000032,2072,476,1596
124000033,16,0,16
124000034,822,231,591
124000035,2,1,1
124000036,4,93,-89
124000037,1,3,-2
124000038,4,4,0
124000039,234,58,176
124000040,108,288,-180
124000041,63,7,56
124000042,16,244,-228
124000043,11,16,-5
124000044,8,198,-190
124000045,0,0,0
124000046,84,404,-320
124000047,0,0,0
124000048,101,986,-885
124000049,0,0,0
124000050,157,1148,-991
124000051,0,0,0
124000052,135,681,-546
124000053,0,0,0
124000054,243,394,-151
124000055,0,0,0
124000056,1236,855,381
124000057,0,0,0
124000058,149,767,-618
124000059,20,17,3
124000060,413,347,66
124000061,24,64,-40
124000062,3121,689,2432
124000063,596,680,-84
124000064,564,827,-263
124000065,1,26,-25
124000066,0,0,0
124000067,0,0,0
124000068,0,5,-5
124000069,0,0,0
124000070,9,139,-130
124000071,0,0,0
124000072,32,162,-130
124000073,0,0,0
124000074,55,312,-257
124000075,0,0,0
124000076,4,138,-134
124000077,354,141,213
124000078,27,2,25
124000079,346,252,94
124000080,0,0,0
124000081,25,286,-261
124000082,0,0,0
124000083,6,76,-70
124000084,0,0,0
124000085,11,18,-7
124000086,0,0,0
124000087,0,0,0
124000088,3,8,-5
124000089,0,0,0
124000090,11,219,-208
124000091,0,0,0
124000092,10,262,-252
124000093,0,0,0
124000094,4,57,-53
124000095,0,0,0
124000096,9,76,-67
124000097,0,0,0
124000098,9,57,-48
124000099,0,0,0
124000100,1,73,-72
124000101,3,9,-6
124000102,14,58,-44
124000103,5,12,-7
124000104,5,56,-51
124000105,1,9,-8
124000106,16,67,-51
124000107,0,9,-9
124000108,11,28,-17
124000109,0,0,0
124000110,9,27,-18
124000111,6,24,-18
124000112,49,93,-44
124000113,0,0,0
124000114,13,62,-49
124000115,72,104,-32
124000116,0,0,0
124000117,31,22,9
124000118,0,1,-1
124000119,65,200,-135
124000120,8,22,-14
124000121,108,24,84
124000122,350,348,2
124000123,108,58,50
124000124,84,289,-205
124000125,32,62,-30
124000126,130,226,-96
124000127,72,78,-6
124000128,221,579,-358
124000129,181,318,-137
124000130,255,241,14
124000131,113,106,7
124000132,458,411,47
124000133,31,83,-52
124000134,162,258,-96
124000135,116,96,20
124000136,266,430,-164
124000137,87,56,31
124000138,292,346,-54
124000139,0,0,0
124000140,9,126,-117
124000141,0,0,0
124000142,0,51,-51
124000143,0,0,0
124000144,10,10,0
124000145,0,0,0
124000146,5,77,-72
124000148,0,0,0
124000149,10,1,9
124000150,100,192,-92
124000151,8,2,6
124000152,105,349,-244
124000153,6,3,3
124000154,55,390,-335
124000155,8,9,-1
124000156,371,346,25
124000169,3,16,-13
124000170,198,161,37
124000171,2,9,-7
124000172,39,194,-155
124000173,5,21,-16
124000174,29,279,-250
124000175,12,91,-79
124000176,0,0,0
124000177,24,40,-16
124000178,0,0,0
124000190,0,0,0
124000191,35,10,25
124000192,23,4,19
124000193,117,605,-488
124000194,101,310,-209
124000195,19,110,-91
124000196,375,657,-282
124000197,30,16,14
124000198,0,0,0
124000201,12,457,-445
124000202,0,14,-14
124000203,17,487,-470
124000204,6,120,-114
124000205,11,379,-368
124000206,6,112,-106
124000207,0,93,-93
124000209,30,360,-330
124000210,11,135,-124
124000211,0,0,0
124000212,1,318,-317
124000213,9,249,-240
124000214,4,165,-161
124000215,0,0,0
124000216,0,384,-384
124000329,34,995,-961
124000338,28,614,-586
124000339,4,0,4
124000341,16,0,16
124000344,16,22,-6
124000357,33,30,3
124000358,99,42,57
124000359,70,34,36
124000360,28,15,13
124000361,39,21,18
124000362,528,968,-440
124000363,129,429,-300
124000364,196,913,-717
124000365,412,1148,-736
124000366,1206,817,389
124000367,52,330,-278
124000368,8,0,8
124000369,4,7,-3
124000370,23,275,-252
124000402,0,0,0
124000403,0,0,0
124000404,2,41,-39
124000405,187,103,84
124000406,291,375,-84
124000407,0,13,-13
124000411,0,134,-134
124000412,0,0,0
124000413,0,0,0
124000414,4,6,-2
124000415,7,66,-59
124000416,12,105,-93
124000417,5,19,-14
124000418,0,34,-34
124000419,12,92,-80
124000420,1,8,-7
124000421,7,129,-122
124000422,2,3,-1
124000423,0,13,-13
124000424,1,50,-49
124000425,0,0,0
124000426,2,25,-23
124000427,0,0,0
124000428,4,11,-7
124000429,1,208,-207
124000430,37,131,-94
124000431,20,184,-164
124000432,28,117,-89
124000439,0,0,0
124000442,16,105,-89
124000443,2,18,-16
124000445,0,0,0
124000446,318,8,310
124900001,0,0,0
124900002,0,0,0
124900003,0,0,0
124900004,0,0,0
124900005,0,0,0
124900006,0,0,0
124900008,0,0,0
124900009,0,0,0
124900010,0,0,0
124900011,0,0,0
124900012,0,0,0
124900013,0,0,0
124900014,0,0,0
124900015,0,0,0
124900016,0,0,0
124900017,0,0,0
124900018,0,0,0
124900019,0,0,0
124900020,0,0,0
124900021,0,0,0
124900022,0,0,0
124900024,0,0,0
124900026,0,2,-2
124900027,0,0,0
124900028,0,0,0
124900029,0,0,0
124900030,0,0,0
124900031,0,0,0
124900032,0,0,0
124900033,0,0,0
124900034,0,0,0
124900035,0,0,0
124900036,0,0,0
124900037,0,0,0
124900038,8,3,5
124900039,0,0,0
124900040,0,0,0
124900041,5,42,-37
124900042,0,0,0
124900043,23,78,-55
124900044,0,0,0
124900045,41,39,2
124900046,190,13,177
124900047,6,21,-15
124900048,3,8,-5
124900050,9,30,-21
124900052,10,90,-80
124900053,2,78,-76
124900054,364,49,315
124900055,0,18,-18
124900057,2,17,-15
124900060,12,45,-33
124900061,0,0,0
124900062,0,0,0
124900066,0,19,-19
124900067,2,25,-23
124900068,0,0,0
124900069,0,2,-2
124900070,0,0,0
124900072,0,0,0
124900074,0,0,0
124900075,0,0,0
124900076,0,0,0
124900077,0,0,0
124900078,0,0,0
124900079,7,2,5
124900080,3,53,-50
124900081,0,0,0
124900082,0,13,-13
124900083,5,27,-22
124900084,0,0,0
124900085,0,0,0
124900086,0,0,0
124900087,0,0,0
124900088,0,0,0
124900089,104,0,104
124900090,0,0,0
124900091,0,0,0
124900092,0,0,0
124900093,0,0,0
124900094,0,0,0
124900095,0,0,0
124900096,0,0,0
124900097,0,0,0
124900098,0,0,0
124900099,0,0,0
124900100,0,0,0
124900101,0,0,0
124900102,0,0,0
124900103,1,2,-1
124900104,0,2,-2
124900105,0,0,0
124900106,0,0,0
124900107,0,0,0
124900108,0,0,0
124900109,1,12,-11
124900110,8,111,-103
124900111,0,7,-7
124900112,6,148,-142
124900113,0,0,0
124900114,0,0,0
124900115,0,0,0
124900116,0,0,0
124900117,0,0,0
124900118,0,0,0
124900119,0,0,0
124900120,0,2,-2
124900121,0,0,0
124900122,1,0,1
124900123,0,0,0
124900124,0,0,0
129000186,0,0,0
204000001,0,0,0
204000002,0,0,0
204000003,0,0,0
204000004,0,0,0
204000005,0,0,0
204000006,0,0,0
204000008,0,0,0
204000011,50,91,-41
204000012,10,113,-103
204000013,0,25,-25
204000019,136,148,-12
204000020,69,117,-48
204000021,253,150,103
204000022,72,126,-54
204000023,236,953,-717
204000031,0,0,0
204000032,0,0,0
204000034,102,539,-437
204000035,5,5,0
204000036,6,13,-7
204000037,3,17,-14
204000038,1,3,-2
204000039,9,54,-45
204000040,8,29,-21
204000041,6,47,-41
204000042,0,0,0
204000043,0,0,0
204000044,0,0,0
204000045,0,0,0
204000046,0,0,0
204000057,5,77,-72
204000062,5,31,-26
204000068,38,75,-37
204000069,1,27,-26
204000070,0,0,0
204000080,25,54,-29
204000085,471,932,-461
204000086,1467,1184,283
204000087,61,230,-169
204000088,35,92,-57
204000090,85,517,-432
204000093,0,0,0
204000096,13,13,0
204000097,0,0,0
204000099,26,32,-6
204000100,10,17,-7
204000105,682,1020,-338
204000110,359,772,-413
204000111,139,472,-333
204000112,221,498,-277
204000113,108,426,-318
204000114,27,22,5
204000115,26,81,-55
204000116,119,86,33
204000119,8,11,-3
204000132,0,0,0
204000133,0,0,0
204000134,0,0,0
204000135,0,0,0
204000136,0,0,0
204000138,0,0,0
204000140,0,0,0
204000141,0,0,0
204000144,0,0,0
204000145,0,0,0
204000146,60,374,-314
204000147,26,111,-85
204000148,0,0,0
204000154,0,0,0
204000155,7,6,1
204000177,0,0,0
204000179,0,0,0
204000180,0,75,-75
204000222,3,13,-10
204000235,28,29,-1
204000236,26,254,-228
204000238,0,0,0
204000240,36,61,-25
204000263,27,183,-156
204000308,0,0,0
204000317,42,61,-19
204000322,18,26,-8
204000323,0,0,0
204000328,0,0,0
204000329,75,146,-71
204000330,0,0,0
204000331,104,114,-10
204010341,0,0,0
205000001,794,581,213
205000013,3,64,-61
205000014,11,140,-129
205000015,18,290,-272
205000016,10,212,-202
205000017,38,57,-19
205000022,180,434,-254
205000025,1299,708,591
205000029,99,46,53
205000045,19,128,-109
205000047,39,411,-372
205000048,57,688,-631
205000049,60,597,-537
205000050,801,258,543
205000059,0,259,-259
205000060,0,45,-45
205000061,0,15,-15
205000062,0,19,-19
205000063,1,26,-25
205000064,14,123,-109
205000065,35,430,-395
205000066,16,630,-614
205000067,23,1006,-983
205000069,451,386,65
205000082,0,0,0
205000110,21,174,-153
205000111,86,198,-112
205000112,0,0,0
205000113,154,144,10
205000121,0,0,0
205000123,141,130,11
205000126,0,0,0
205000127,0,0,0
205000128,0,0,0
205000129,0,0,0
205000130,0,0,0
205000131,0,0,0
205000132,0,0,0
205000133,0,0,0
205000134,0,0,0
205000137,62,77,-15
205000138,147,163,-16
205000139,9,36,-27
205000144,0,0,0
205000145,0,0,0
205000151,0,0,0
205000152,0,0,0
205000153,0,0,0
205000154,0,0,0
205000155,0,0,0
205000207,277,196,81
205000233,0,0,0
205000234,0,0,0
205000243,0,0,0
205000244,0,5,-5
205000245,18,244,-226
205000249,0,25,-25
205000250,0,0,0
205000251,18,340,-322
205000264,4,86,-82
206000027,0,0,0
206000028,0,0,0
206000043,8,136,-128
206000053,14,29,-15
206000054,15,59,-44
206000055,17,45,-28
206000075,12,9,3
206000076,13,46,-33
206000077,22,32,-10
206000078,23,23,0
206000079,39,11,28
206000082,0,1,-1
206000100,78,760,-682
206000103,9,22,-13
206000104,30,35,-5
206000105,8,26,-18
206000106,29,87,-58
206000108,774,150,624
206000125,0,0,0
206000157,324,847,-523
206000170,5,427,-422
206000171,7,285,-278
206000172,21,997,-976
206000173,4,277,-273
206000174,7,188,-181
206000175,3,275,-272
206000176,16,404,-388
206000177,8,304,-296
206000178,3,217,-214
206000179,7,159,-152
206000180,30,259,-229
206000181,31,308,-277
206000182,25,274,-249
206000183,38,804,-766
206000184,13,413,-400
206000185,14,373,-359
206000186,99,1066,-967
206000223,7,286,-279
206000226,0,0,0
206000227,0,0,0
206000237,17,321,-304
206000238,36,419,-383
206000239,667,1049,-382
206000240,0,63,-63
206000241,3,313,-310
206000242,23,485,-462
206000243,5,388,-383
206000244,98,891,-793
206000245,78,7,71
206000246,12,3,9
206000247,24,3,21
206000248,31,2,29
206000252,38,49,-11
206000258,13,75,-62
206000315,47,2,45
206000317,96,21,75
206000318,28,19,9
206000319,93,20,73
206000320,14,7,7
206000321,27,2,25
206000322,0,0,0
206000323,0,0,0
206000324,0,0,0
206000325,0,0,0
206000326,0,0,0
206000327,4,1,3
206000328,16,0,16
206000329,9,0,9
206000330,4,0,4
206000331,2,1,1
206000332,4,1,3
206000333,14,0,14
206000334,11,1,10
206000335,2,28,-26
206000361,19,342,-323
206000392,10,100,-90
206000405,54,0,54
206000441,0,0,0
206000498,3,5,-2
206000515,453,64,389
206000530,0,0,0
206000531,0,0,0
206000532,0,0,0
206000535,193,428,-235
206000536,14,102,-88
206000537,5,61,-56
206000613,0,0,0
207000001,129,463,-334
207000002,44,300,-256
207000003,76,251,-175
207000007,49,8,41
207000008,1,7,-6
207000009,8,4,4
207000010,161,338,-177
207000012,0,0,0
207000015,216,767,-551
207000019,36,35,1
207000021,42,36,6
207000022,5,23,-18
207000023,10,17,-7
207000024,1,0,1
207000025,1,6,-5
207000026,51,159,-108
207000027,10,129,-119
207000028,27,319,-292
207000029,175,511,-336
207000033,47,51,-4
207000034,18,10,8
207000039,0,0,0
207000040,0,0,0
207000041,0,0,0
207000042,0,0,0
207000043,0,0,0
207000051,26,341,-315
207000052,3,228,-225
207000053,405,795,-390
207000054,18,119,-101
207000055,37,235,-198
207000056,148,445,-297
207000057,127,296,-169
207000058,74,444,-370
207000059,39,715,-676
207000060,18,169,-151
207000061,5,17,-12
207000062,36,28,8
207000063,26,63,-37
207000064,156,137,19
207000065,74,122,-48
207000066,24,84,-60
207000067,5,56,-51
207000068,23,22,1
207000069,286,135,151
207000082,2,13,-11
207000083,29,186,-157
207000084,8,6,2
207000085,28,1,27
207000086,9,1,8
207000106,0,0,0
207000107,0,0,0
207000108,0,0,0
207000109,0,0,0
207000110,0,0,0
207000111,0,0,0
207000112,0,0,0
207000114,1,17,-16
207000115,5,64,-59
207000116,10,185,-175
207000117,7,72,-65
207000118,2,80,-78
207000119,8,112,-104
207000123,0,0,0
207000124,0,0,0
207000125,0,0,0
207000126,0,0,0
207000134,3,34,-31
207000135,2,33,-31
207000148,0,0,0
207000149,25,33,-8
207000152,88,408,-320
207000153,1687,911,776
207000154,58,45,13
207000159,34,312,-278
207000160,68,402,-334
207000238,1,46,-45
207000242,2,71,-69
207000248,18,25,-7
207000249,51,65,-14
207000250,227,45,182
207000251,34,49,-15
207000252,17,75,-58
207000278,0,0,0
207000279,21,177,-156
207000280,12,4,8
207000281,37,467,-430
207000282,0,7,-7
207000283,40,64,-24
207000284,6,6,0
207000285,0,2,-2
207000291,11,110,-99
207000304,30,17,13
207000306,27,472,-445
207000310,0,0,0
207000353,0,0,0
207000356,1,30,-29
207000357,0,0,0
207000358,0,0,0
207000415,1,108,-107
207000417,0,0,0
207000437,0,2,-2
207000439,313,97,216
207000446,0,0,0
207000460,6,4,2
207000466,87,147,-60
207000467,0,0,0
207000468,5,270,-265
207000476,11,7,4
207000477,7,14,-7
207000523,0,4,-4
207000524,0,0,0
207000527,19,46,-27
207000530,0,0,0
207000531,0,0,0
207000532,0,0,0
207000534,0,0,0
207000535,23,117,-94
207000537,11,86,-75
207000540,1,91,-90
207000541,2,176,-174
207000548,4,154,-150
207000549,0,0,0
207000561,0,0,0
207000562,6,102,-96
207000567,154,283,-129
207000568,9,21,-12
207000569,9,425,-416
207000584,130,74,56
207000585,0,0,0
207000616,2,239,-237
207000617,0,0,0
207900008,9,47,-38
208000001,31,66,-35
208000002,12,45,-33
208000003,59,53,6
208000004,58,60,-2
208000005,0,38,-38
208000019,0,0,0
208000020,0,0,0
208000021,22,243,-221
208000022,190,295,-105
208000028,79,59,20
208000033,108,277,-169
208000034,301,508,-207
208000040,0,0,0
208000041,0,0,0
208000042,0,0,0
208000047,13,207,-194
208000064,0,0,0
208000066,0,0,0
208000070,0,0,0
208000071,0,0,0
208000072,0,0,0
208000080,12,27,-15
208000081,7,32,-25
208000082,36,142,-106
208000083,51,271,-220
208000084,0,0,0
208000085,281,294,-13
208000086,222,524,-302
208000087,67,400,-333
208000089,200,295,-95
208000090,161,497,-336
208000093,13,47,-34
208000094,136,349,-213
208000095,329,237,92
208000104,0,0,0
208000105,0,0,0
208000114,0,0,0
208000115,32,157,-125
208000116,0,0,0
208000117,0,0,0
208000118,0,0,0
208000155,148,446,-298
208000158,956,1160,-204
208000186,0,0,0
208000204,100,404,-304
208000205,252,520,-268
208000282,1978,512,1466
209000004,49,58,-9
209000005,18,17,1
209000006,161,180,-19
209000007,98,106,-8
209000010,139,106,33
209000011,52,108,-56
209000012,41,202,-161
209000013,53,419,-366
209000014,221,1298,-1077
209000025,38,38,0
209000026,189,45,144
209000027,93,969,-876
209000028,129,1016,-887
209000029,185,823,-638
209000030,134,1526,-1392
209000031,3725,1836,1889
209000034,111,252,-141
209000035,47,143,-96
209000036,48,91,-43
209000037,69,98,-29
209000038,43,144,-101
209000039,46,95,-49
209000040,106,419,-313
209000041,111,382,-271
209000042,154,348,-194
209000043,216,306,-90
209000044,201,294,-93
209000045,39,146,-107
209000046,39,198,-159
209000047,26,90,-64
209000048,12,71,-59
209000049,48,94,-46
209000050,98,221,-123
209000051,100,256,-156
209000052,86,268,-182
209000062,11,98,-87
209000063,14,61,-47
209000064,11,121,-110
209000065,0,0,0
209000066,0,0,0
209000067,0,0,0
209000080,23,91,-68
209000082,0,0,0
209000091,14,48,-34
209000093,36,40,-4
209000094,159,103,56
209000110,0,0,0
209000111,151,649,-498
209000112,178,179,-1
209000113,223,187,36
209000114,104,108,-4
209000115,64,129,-65
209000116,1125,354,771
209000118,0,0,0
209000119,33,9,24
209000121,65,467,-402
209000135,0,0,0
209000142,580,414,166
209000143,8,24,-16
209000144,9,28,-19
209000229,13,84,-71
209000240,18,254,-236
209000259,81,105,-24
209000260,13,638,-625
209000261,3,308,-305
209000262,0,174,-174
209000263,0,59,-59
209000264,1,19,-18
209000265,0,2,-2
209000266,0,0,0
209000267,0,0,0
209000268,0,0,0
210000037,0,0,0
210000047,0,0,0
210000048,0,0,0
210000049,0,0,0
210000052,2,130,-128
210000053,6,56,-50
210000054,45,46,-1
210000070,0,0,0
210000071,0,0,0
210000072,0,0,0
210000073,0,33,-33
210000074,0,66,-66
210000075,3,36,-33
210000076,3,104,-101
210000077,12,39,-27
210000078,16,30,-14
210000079,0,0,0
210000080,0,0,0
210000081,0,0,0
210000082,0,0,0
210000083,0,0,0
210000084,0,0,0
210000085,0,60,-60
210000086,5,82,-77
210000099,7,182,-175
210000100,17,139,-122
210000101,37,146,-109
210000105,61,82,-21
210000159,0,50,-50
210000163,182,145,37
210000164,0,0,0
210000168,0,0,0
210000187,0,8,-8
210000188,0,22,-22
210000214,0,0,0
210000219,0,0,0
210000220,0,0,0
210000232,0,27,-27
210000233,2,21,-19
210000234,4,64,-60
210000235,11,108,-97
210000245,0,23,-23
210000246,0,0,0
210000258,10,101,-91
210000259,0,0,0
210000282,16,128,-112
210000285,1,43,-42
210000286,10,119,-109
210000295,13,36,-23
210000296,2,17,-15
210000320,0,0,0
210000321,0,0,0
210000338,25,66,-41
210000339,491,339,152
210000340,66,122,-56
210000341,42,123,-81
210000342,51,86,-35
210000343,47,108,-61
210000344,71,58,13
210000345,99,59,40
210000346,2,36,-34
210000347,10,22,-12
210000348,19,5,14
210000349,6,15,-9
210000350,43,62,-19
210000351,67,65,2
210000352,0,0,0
210000353,0,0,0
210000354,0,0,0
210000355,0,0,0
210000356,0,0,0
210000357,0,0,0
210000358,0,0,0
210000359,0,0,0
210000360,0,0,0
210000361,0,0,0
210000362,0,0,0
210000363,0,0,0
210000364,0,0,0
210000365,0,0,0
210000366,0,0,0
210000367,0,0,0
210000368,0,0,0
210000369,0,0,0
210000370,0,0,0
210000372,0,0,0
210000373,0,0,0
210000374,0,0,0
210000375,0,0,0
210000376,0,0,0
210000404,100,87,13
210000439,0,0,0
210000472,0,0,0
210000482,0,0,0
210000564,0,0,0
210000568,0,0,0
211000092,0,0,0
211000094,0,0,0
211000169,0,0,0
211000172,0,0,0
211000209,0,0,0
211000275,0,0,0
211000276,0,0,0
211000279,0,0,0
211000281,0,0,0
211507980,0,0,0
211977296,0,0,0
212000003,0,0,0
212000004,2,10,-8
212000005,10,22,-12
212000006,8,63,-55
212000008,68,235,-167
212000009,8,121,-113
212000012,30,64,-34
212000013,12,42,-30
212000014,121,124,-3
212000015,118,160,-42
212000016,303,409,-106
212000027,11,6,5
212000028,3,2,1
212000029,2,3,-1
212000030,0,0,0
212000031,0,0,0
212000048,17,38,-21
212000049,11,17,-6
212000050,15,12,3
212000051,48,110,-62
212000052,79,282,-203
212000053,214,424,-210
212000054,7,9,-2
212000055,1,15,-14
212000056,0,0,0
212000057,0,0,0
212000058,0,0,0
212000070,31,215,-184
212000077,49,487,-438
212000099,8,21,-13
212000108,0,0,0
212000111,0,0,0
212000120,54,132,-78
212000138,32,16,16
212000156,2,68,-66
212000158,0,2,-2
212000159,15,9,6
212000160,38,27,11
212000161,0,0,0
212000310,4,26,-22
212000311,0,0,0
212000374,9,10,-1
213000001,13,278,-265
213000005,4,0,4
213000006,23,1,22
213000007,0,0,0
213000009,0,0,0
213000010,0,0,0
213000011,0,0,0
213000012,32,164,-132
213000014,0,0,0
213000015,0,0,0
213000016,0,0,0
213000017,0,0,0
213000018,2,123,-121
213000019,1,82,-81
213000020,27,109,-82
213000021,1,42,-41
213000023,0,0,0
213000033,36,250,-214
213000034,0,0,0
213000035,0,0,0
213000045,20,44,-24
213000046,22,32,-10
213000047,189,76,113
213000056,0,0,0
213000069,0,0,0
213000073,1,6,-5
213000074,27,279,-252
213000075,0,0,0
213000085,0,30,-30
213000086,4,200,-196
213000091,0,0,0
213000092,0,0,0
213000099,88,250,-162
213000100,0,0,0
213000101,3,56,-53
213000102,4,213,-209
213000103,64,252,-188
213000104,44,195,-151
213000105,0,23,-23
213000106,10,141,-131
213000107,32,371,-339
213000108,5,280,-275
213000109,2,131,-129
213000110,4,15,-11
213000111,4,9,-5
213000112,82,67,15
213000115,0,0,0
213000116,18,160,-142
213000117,0,262,-262
213000118,57,66,-9
213000119,19,522,-503
213000120,29,487,-458
213000122,100,373,-273
213000123,426,432,-6
213000124,27,561,-534
213000125,0,0,0
213000126,3,24,-21
213000127,56,55,1
213000128,286,168,118
213000129,0,0,0
213000130,0,0,0
213000132,0,0,0
213000133,0,0,0
213000134,0,0,0
213000136,0,0,0
213000137,0,0,0
213000139,0,0,0
213000147,0,0,0
213000148,0,0,0
213000149,0,0,0
213000150,0,37,-37
213000151,0,34,-34
213000152,0,34,-34
213000153,1,14,-13
213000154,7,74,-67
213000155,14,210,-196
213000156,14,284,-270
213000157,253,288,-35
213000158,67,340,-273
213000159,0,0,0
213000163,0,0,0
213000165,0,0,0
213000171,0,88,-88
213000172,2,127,-125
213000173,5,147,-142
213000174,2,222,-220
213000175,1,185,-184
213000176,0,0,0
213000177,0,0,0
213000178,0,0,0
213000179,0,0,0
213000180,0,0,0
213000184,21,130,-109
213000188,0,0,0
213000189,0,0,0
213000190,26,381,-355
213000191,10,296,-286
213000192,11,316,-305
213000193,1344,110,1234
213000194,0,17,-17
213000195,5,206,-201
213000196,25,472,-447
213000197,0,0,0
213000198,0,0,0
213000200,61,532,-471
213000201,12,15,-3
213000202,5,596,-591
213000203,0,0,0
213000204,0,0,0
213000205,0,0,0
213000206,0,0,0
213000207,0,0,0
213000208,0,0,0
213000209,0,0,0
213000210,0,0,0
213000211,0,3,-3
213000212,0,3,-3
213000213,0,8,-8
213000218,34,336,-302
213000219,0,0,0
213000220,0,0,0
213000223,0,0,0
213000224,0,0,0
213000225,0,0,0
213000226,0,0,0
213000227,0,0,0
213000228,0,0,0
213000229,0,0,0
213000230,0,0,0
213000232,13,152,-139
213000233,2,12,-10
213000234,3,39,-36
213000293,2,32,-30
213000294,0,0,0
213000295,0,27,-27
213000296,0,0,0
213000297,5,36,-31
213000298,16,21,-5
213000299,0,0,0
213000300,0,0,0
213000303,0,34,-34
213000304,0,1,-1
213000305,0,0,0
213000306,8,11,-3
213000307,0,0,0
213000308,15,116,-101
213000309,0,0,0
213000310,0,0,0
213000311,92,199,-107
213000315,14,58,-44
213000316,0,0,0
213000322,8,32,-24
213000323,0,0,0
213000324,6,69,-63
213000325,0,0,0
213000326,1,20,-19
213000327,0,0,0
213000328,1,43,-42
213000329,0,0,0
213000340,69,746,-677
213000341,0,0,0
213000347,0,0,0
213000348,0,62,-62
213000349,1,4,-3
213000350,47,666,-619
213000366,22,176,-154
213000367,1,0,1
213000379,14,47,-33
213000386,1,126,-125
213000406,38,157,-119
213000417,23,14,9
213000425,0,4,-4
213000426,0,0,0
213000427,5,63,-58
213000428,0,48,-48
213000429,1,0,1
213000430,0,111,-111
213000431,23,0,23
213000432,0,1,-1
213000433,0,35,-35
213000434,0,0,0
213000435,0,0,0
213000436,0,0,0
213000437,0,0,0
213000438,0,0,0
213000439,0,1,-1
213000440,4,48,-44
213000441,0,0,0
213000442,0,17,-17
213000443,1,34,-33
213000444,14,48,-34
213000445,0,17,-17
213000446,0,2,-2
213000447,0,0,0
213000448,0,0,0
213000449,0,0,0
213000450,0,0,0
213000451,0,0,0
213000452,0,0,0
213000453,11,101,-90
213000455,0,1,-1
213000456,0,40,-40
213000481,0,0,0
213000484,0,0,0
213000489,0,0,0
213900002,0,19,-19
213900003,0,1,-1
213900013,1,109,-108
213900015,0,17,-17
213900016,0,18,-18
213900020,2,107,-105
213900030,0,29,-29
213900032,0,0,0
213900033,0,0,0
213900034,0,0,0
213900035,14,267,-253
213900036,29,98,-69
213900037,12,183,-171
213900038,0,0,0
213900039,0,64,-64
213900041,0,29,-29
213900042,0,0,0
213900043,0,0,0
213900244,0,0,0
213900245,1,31,-30
218000003,8,19,-11
218000004,6,21,-15
218000005,0,0,0
218000006,8,64,-56
218000007,6,14,-8
218000012,194,33,161
218000013,23,111,-88
218000014,311,202,109
218000019,752,321,431
218000020,315,348,-33
218000021,36,130,-94
218000022,5,59,-54
218000023,4,60,-56
218000024,4,28,-24
218000025,11,51,-40
218000026,9,101,-92
218000027,5,34,-29
218000028,1,16,-15
218000029,0,16,-16
218000030,24,84,-60
218000031,4,100,-96
218000032,1,61,-60
218000040,0,0,0
218000046,17,126,-109
218000047,1,180,-179
218000048,26,304,-278
218000049,53,166,-113
218000050,175,378,-203
218000051,13,449,-436
218000052,0,69,-69
218000053,1,9,-8
218000054,4,29,-25
218000055,0,14,-14
218000056,18,19,-1
218000057,0,29,-29
218000064,1,0,1
218000065,1,0,1
218000066,0,0,0
218000067,13,93,-80
218000068,23,108,-85
218000069,40,207,-167
218000070,54,299,-245
218000071,142,217,-75
218000072,346,250,96
218000078,281,833,-552
218000079,11,69,-58
218000080,50,89,-39
218000081,168,157,11
218000082,19,66,-47
218000083,10,66,-56
218000084,50,203,-153
218000085,136,447,-311
218000086,25,150,-125
218000087,102,180,-78
218000090,4,62,-58
218000091,284,201,83
218000092,41,172,-131
218000093,80,83,-3
218000094,224,676,-452
218000099,223,242,-19
218000100,94,190,-96
218000101,44,98,-54
218000102,63,187,-124
218000103,27,95,-68
218000104,15,39,-24
218000105,7,8,-1
218000106,4,17,-13
218000107,12,111,-99
218000108,0,66,-66
218000112,33,8,25
218000117,0,0,0
218000134,228,403,-175
218000135,7,41,-34
218000136,55,44,11
218000137,44,137,-93
218000138,4,57,-53
218000139,55,195,-140
218000140,38,99,-61
218000141,9,15,-6
218000142,28,153,-125
218000143,15,121,-106
218000144,9,33,-24
218000145,99,208,-109
218000146,24,119,-95
218000151,2,11,-9
218000152,32,27,5
218000153,4,17,-13
218000154,2,10,-8
218000155,9,8,1
218000156,102,71,31
218000157,10,32,-22
218000158,0,14,-14
218000159,25,6,19
218000160,5,5,0
218000161,44,22,22
218000162,75,33,42
218000163,14,3,11
218000164,89,29,60
218000165,123,71,52
218000170,0,5,-5
218000171,20,1,19
218000172,1,2,-1
218000173,1,2,-1
218000174,0,1,-1
218000176,7,2,5
218000177,12,6,6
218000178,4,1,3
218000179,1,0,1
218000180,0,0,0
218000181,0,0,0
218000187,0,23,-23
218000188,3,16,-13
218000189,4,50,-46
218000190,2,18,-16
218000191,59,108,-49
218000192,98,442,-344
218000193,449,394,55
218000194,41,471,-430
218000195,82,105,-23
218000196,136,189,-53
218000197,126,246,-120
218000198,1,43,-42
218000199,19,12,7
218000200,7,27,-20
218000201,0,3,-3
218000202,90,56,34
218000207,3,46,-43
218000208,14,39,-25
218000211,4,32,-28
218000212,4,7,-3
218000213,74,72,2
218000214,1,7,-6
218000215,18,177,-159
218000217,3,119,-116
218000218,610,97,513
218000219,4,14,-10
218000220,69,158,-89
218000221,87,73,14
218000222,6,7,-1
218000223,95,105,-10
218000224,5,32,-27
218000225,106,21,85
218000226,44,51,-7
218000230,0,2,-2
218000232,37,35,2
218000239,0,0,0
218000240,0,0,0
218000241,0,0,0
218000242,0,0,0
218000243,0,0,0
218000244,0,0,0
218000245,0,0,0
218000246,0,0,0
218000247,0,0,0
218000248,0,7,-7
218000249,0,0,0
218000250,0,12,-12
218000251,0,9,-9
218000252,1,28,-27
218000253,1,3,-2
218000254,0,3,-3
218000255,0,3,-3
218000256,3,15,-12
218000267,329,559,-230
218000268,2,50,-48
218000269,5,16,-11
218000270,11,79,-68
218000271,44,134,-90
218000273,0,0,0
218000274,0,0,0
218000275,25,33,-8
218000276,22,73,-51
218000278,21,24,-3
218000279,24,43,-19
218000280,4,13,-9
218000281,2,8,-6
218000282,55,39,16
218000284,0,0,0
218000301,21,109,-88
218000302,28,14,14
218000303,6,29,-23
218000316,409,343,66
218000317,239,425,-186
218000318,126,343,-217
218000319,328,942,-614
218000320,238,541,-303
218000338,5,11,-6
218000345,16,75,-59
218000346,0,0,0
218000459,79,497,-418
218000490,9,40,-31
218000501,4,2,2
218000502,3,100,-97
218000503,1,0,1
218000504,3,3,0
218000505,10,124,-114
218000506,48,98,-50
218000508,1,0,1
218000510,48,4,44
218000520,55,70,-15
218000521,0,7,-7
218000522,0,47,-47
218000523,0,0,0
218000524,5,28,-23
218000525,1,4,-3
218000526,9,32,-23
218000529,2,36,-34
218000530,6,18,-12
218000531,0,0,0
218000532,3,25,-22
218000534,0,0,0
218000537,0,0,0
218000538,30,87,-57
218000540,207,168,39
218000543,60,29,31
218000544,45,158,-113
218000545,13,36,-23
218000546,26,96,-70
218000547,24,54,-30
218000548,44,102,-58
218000549,91,50,41
218000550,120,513,-393
218000551,97,85,12
218000552,43,9,34
218000553,3,24,-21
218000554,5,9,-4
218000555,1,20,-19
218000556,55,359,-304
218000557,96,43,53
218000558,0,0,0
218000559,0,4,-4
218000560,0,1,-1
218000561,0,0,0
218000562,7,95,-88
218000563,14,6,8
218000564,5,58,-53
218000565,1,20,-19
218000566,13,2,11
218000567,2,9,-7
218000568,0,0,0
218000569,1,7,-6
218000570,4,4,0
218000571,0,17,-17
218000572,0,0,0
218000573,1,11,-10
218000574,0,10,-10
218000575,0,0,0
218000576,0,17,-17
218000577,0,0,0
218000578,0,17,-17
218000579,14,0,14
218000581,0,32,-32
218000582,1,0,1
218000583,8,0,8
218000584,0,14,-14
218000585,0,4,-4
218000586,3,30,-27
218000587,0,0,0
218000588,0,0,0
218000589,0,3,-3
218000590,0,0,0
218000591,0,19,-19
218000592,0,0,0
218000593,0,0,0
218000594,0,0,0
218000595,0,0,0
218000596,0,0,0
218000597,0,0,0
218000598,0,1,-1
218000599,0,0,0
218000600,0,1,-1
218000601,0,0,0
218000602,0,1,-1
218000603,0,1,-1
218000604,0,0,0
218000605,1,7,-6
218000606,2,0,2
218000607,7,6,1
218000608,0,3,-3
218000609,0,6,-6
218000610,2,1,1
218000611,1,0,1
218000612,8,7,1
218000613,1,0,1
218000614,0,16,-16
218000615,2,1,1
218000616,2,65,-63
218000617,0,0,0
218000618,0,10,-10
218000619,0,0,0
218000620,6,21,-15
218000621,0,0,0
218000622,0,3,-3
218000623,0,0,0
218000624,0,3,-3
218000625,0,0,0
218000626,0,1,-1
218000628,10,6,4
218000631,0,0,0
218000632,0,14,-14
218000633,0,0,0
218000634,1,7,-6
218000635,0,8,-8
218000636,354,866,-512
218000637,176,268,-92
218000638,0,0,0
218000639,7,293,-286
218000640,0,0,0
218000641,5,306,-301
218000652,156,187,-31
218000653,127,100,27
218000663,1,21,-20
218000675,3,15,-12
218000676,2,45,-43
218000677,11,27,-16
218000680,23,94,-71
218000681,0,0,0
218000691,19,76,-57
218000693,0,0,0
218000703,8,120,-112
218000718,41,134,-93
218000719,8,12,-4
218000720,0,8,-8
218000721,0,1,-1
218000725,5,30,-25
218001214,3,19,-16
218001329,0,0,0
218001330,16,15,1
218001359,0,0,0
218001360,0,0,0
218001361,0,0,0
218001362,0,0,0
219000001,11,42,-31
219000002,31,66,-35
219000003,168,33,135
219000004,202,90,112
219000017,37,18,19
219000020,29,8,21
219000022,20,2,18
219000023,38,3,35
219000029,0,68,-68
219000034,0,0,0
219000039,6,43,-37
219000040,2,20,-18
219000041,26,77,-51
219000051,0,111,-111
219000052,0,35,-35
219000053,0,162,-162
219000054,140,269,-129
219000055,26,0,26
219000056,1,0,1
219000057,29,0,29
219000062,0,131,-131
219000063,13,13,0
219000064,4,7,-3
219000110,66,16,50
219000111,41,12,29
219000112,75,30,45
219000113,50,25,25
219000114,65,7,58
219000116,66,46,20
219000117,155,121,34
219000118,57,186,-129
219000123,172,52,120
219000124,26,34,-8
219000125,7,28,-21
219000126,26,58,-32
219000127,1,8,-7
219000128,28,125,-97
219000129,22,200,-178
219000130,1768,723,1045
219000131,1592,1290,302
219000133,36,78,-42
219000134,12,24,-12
219000135,183,96,87
219000136,253,232,21
219000138,9,31,-22
219000139,4,51,-47
219000140,0,0,0
219000141,0,95,-95
219000142,5,71,-66
219000143,8,72,-64
219000145,0,22,-22
219000146,17,86,-69
219000147,0,54,-54
219000148,0,67,-67
219000149,28,180,-152
219000150,3,129,-126
219000151,3,133,-130
219000157,75,72,3
219000158,76,264,-188
219000161,108,47,61
219000163,962,175,787
219000166,28,149,-121
219000167,64,252,-188
219000168,115,28,87
219000174,0,0,0
219000175,0,0,0
219000176,0,0,0
219000177,0,0,0
219000178,0,0,0
219000179,0,0,0
219000180,7,22,-15
219000182,0,0,0
219000183,0,40,-40
219000184,0,0,0
219000185,0,153,-153
219000186,1,32,-31
219000187,2,96,-94
219000189,103,172,-69
219000190,175,235,-60
219000191,1218,573,645
219000192,181,385,-204
219000193,483,240,243
219000195,3,33,-30
219000196,2,63,-61
219000198,9,150,-141
219000199,56,123,-67
219000200,16,166,-150
219000201,65,157,-92
219000203,13,101,-88
219000204,23,106,-83
219000205,27,154,-127
219000207,67,163,-96
219000209,18,57,-39
219000210,12,72,-60
219000213,11,142,-131
219000239,80,73,7
219000240,49,176,-127
219000241,19,121,-102
219000242,46,80,-34
219000243,26,190,-164
219000244,5,65,-60
219000245,5,29,-24
219000246,0,0,0
219000247,0,0,0
219000248,0,0,0
219000249,0,0,0
219000250,0,0,0
219000251,0,0,0
219000252,0,0,0
219000253,0,0,0
219000255,0,0,0
219000256,0,0,0
219000257,0,0,0
219000262,44,284,-240
219000263,31,145,-114
219000267,2,108,-106
219000268,3,10,-7
219000269,0,0,0
219000270,0,0,0
219000271,113,6,107
219000278,1,9,-8
219000279,2,5,-3
219000283,0,4,-4
219000295,14,97,-83
219000296,43,451,-408
219000297,4,159,-155
219000298,8,215,-207
219000299,0,0,0
219000300,22,368,-346
219000301,59,300,-241
219000302,6,200,-194
219000307,11,83,-72
219000308,56,46,10
219000311,0,0,0
219000312,0,0,0
219000313,0,0,0
219000314,122,398,-276
219000315,0,0,0
219000316,0,0,0
219000317,0,0,0
219000320,1,34,-33
219000321,1,19,-18
219000323,3,51,-48
219000325,5,70,-65
219000326,28,146,-118
219000327,30,32,-2
219000328,22,34,-12
219000329,410,178,232
219000330,18,60,-42
219000331,20,45,-25
219000332,0,0,0
219000333,0,0,0
219000335,0,0,0
219000337,0,0,0
219000338,0,0,0
219000344,45,77,-32
219000345,61,174,-113
219000346,33,142,-109
219000348,36,126,-90
219000349,24,173,-149
219000350,7,88,-81
219000351,1,0,1
219000352,58,40,18
219000353,39,76,-37
219000354,60,206,-146
219000355,21,18,3
219000356,847,479,368
219000363,262,84,178
219000364,106,50,56
219000365,100,12,88
219000366,502,187,315
219000368,177,97,80
219000370,398,227,171
219000371,5,8,-3
219000382,10,28,-18
219000383,617,474,143
219000385,561,361,200
219000386,605,677,-72
219000387,0,3,-3
219000390,0,0,0
219000391,0,0,0
219000397,45,84,-39
219000398,51,45,6
219000401,4,41,-37
219000402,2,36,-34
219000403,22,33,-11
219000404,2,14,-12
219000407,2,10,-8
219000409,0,0,0
219000410,0,0,0
219000411,0,0,0
219000446,200,314,-114
219000447,1,27,-26
219000448,0,0,0
219000452,0,0,0
219000453,29,42,-13
219000454,125,81,44
219000556,0,0,0
219000558,42,181,-139
219000590,9,82,-73
219000591,0,0,0
219000592,95,333,-238
219000595,1,26,-25
219000635,0,0,0
219000636,11,105,-94
219000657,14,10,4
219000658,7,24,-17
219000673,0,15,-15
219000676,0,5,-5
219000679,13,36,-23
219000684,16,1,15
219000685,1,86,-85
219000686,14,0,14
219000688,0,204,-204
219000689,82,66,16
219000690,0,0,0
219000691,35,23,12
219000692,0,0,0
219000693,1,41,-40
219000694,0,0,0
219000695,0,0,0
219000698,0,0,0
219000699,0,5,-5
219000727,0,155,-155
219000728,32,4,28
219000770,0,0,0
219000771,0,25,-25
219001150,3,6,-3
219001151,0,4,-4
219001166,0,0,0
219001167,1,32,-31
220000001,2,25,-23
220000002,3,80,-77
220000003,155,222,-67
220000004,218,335,-117
220000005,781,872,-91
220000006,79,461,-382
220000007,178,581,-403
220000008,106,570,-464
220000009,209,299,-90
220000010,30,31,-1
220000011,160,109,51
220000012,13,22,-9
220000014,7,44,-37
220000015,0,0,0
220000017,10,140,-130
220000018,1036,130,906
220000019,24,90,-66
220000020,55,190,-135
220000021,153,134,19
220000022,205,419,-214
220000023,70,122,-52
220000024,991,270,721
220000025,427,289,138
220000026,164,82,82
220000027,3,41,-38
220000028,10,42,-32
220000029,37,77,-40
220000030,17,57,-40
220000031,36,85,-49
220000064,0,0,0
221000046,17,19,-2
221000047,0,3,-3
221000048,0,0,0
221000049,2,9,-7
221000050,2,0,2
221000055,25,50,-25
221000057,9,1,8
221000068,81,46,35
221000069,80,24,56
221000070,30,7,23
221000071,1,4,-3
221000072,36,4,32
221000073,20,31,-11
221000074,0,16,-16
221000075,6,20,-14
221000076,15,51,-36
221000077,14,117,-103
221000081,6,2,4
221000082,14,3,11
221000083,3,0,3
221000084,1,0,1
221000085,21,71,-50
221000086,15,173,-158
221000087,9,146,-137
221000088,23,127,-104
221000089,46,132,-86
221000090,283,332,-49
221000098,11,4,7
221000099,34,5,29
221000100,5,1,4
221000101,53,2,51
221000102,26,3,23
221000109,5,102,-97
221000110,7,173,-166
221000111,6,158,-152
221000112,3,122,-119
221000113,9,180,-171
221000114,19,174,-155
221000120,0,8,-8
221000121,0,0,0
221000122,0,0,0
221000123,0,0,0
221000124,1,77,-76
221000155,0,0,0
221000156,0,0,0
221000175,0,0,0
221000176,0,0,0
221000182,5,1,4
221000241,372,81,291
221000242,411,260,151
221000243,131,48,83
221000244,88,231,-143
221000245,15,60,-45
221000246,22,174,-152
221000247,11,72,-61
221000248,20,112,-92
221000267,3,164,-161
221000325,0,13,-13
221000331,0,12,-12
221000338,0,0,0
221000378,0,0,0
221000381,1,12,-11
222000282,0,0,0
222000296,0,6,-6
222000568,0,0,0
222000569,0,0,0
222000570,0,0,0
222000571,0,0,0
222000577,2,49,-47
222000578,1,60,-59
222000579,7,15,-8
222000580,39,186,-147
222000599,0,19,-19
222000600,0,32,-32
222000601,0,132,-132
222000603,1,0,1
222000604,0,0,0
222000605,0,0,0
222000606,0,3,-3
222000607,0,2,-2
222000608,1,3,-2
222000609,1,49,-48
222000616,0,0,0
222000617,0,0,0
222000618,0,0,0
222000620,0,0,0
222000621,0,0,0
222000623,0,0,0
222000624,0,0,0
222000625,0,13,-13
222000636,0,0,0
222000686,0,0,0
222000687,0,0,0
222001066,0,0,0
222001067,0,0,0
222001068,0,0,0
222001069,0,0,0
222001082,1,14,-13
222001083,0,19,-19
222001084,0,1,-1
222001085,0,69,-69
222001111,1,72,-71
222001112,0,0,0
222001313,0,0,0
222001314,0,6,-6
222001464,0,0,0
222001465,0,5,-5
222001484,0,0,0
222001485,18,12,6
222001494,0,0,0
222001495,1,40,-39
222001496,0,0,0
222001497,0,32,-32
222001502,11,104,-93
222001503,0,0,0
222001504,11,195,-184
222001505,0,0,0
222001506,13,166,-153
222001507,0,0,0
222001510,0,0,0
222001511,9,200,-191
222001514,0,0,0
222001515,86,324,-238
222001518,0,0,0
222001519,17,218,-201
222001527,0,0,0
222001528,56,99,-43
222001529,0,0,0
222001530,15,125,-110
222001533,88,414,-326
222001534,0,0,0
222001535,0,0,0
222001536,1,18,-17
222001537,0,0,0
222001538,25,217,-192
222001563,0,0,0
222001564,22,458,-436
222001568,1,33,-32
222001576,0,0,0
222001579,0,2,-2
222001583,0,23,-23
222001584,0,0,0
222001596,21,446,-425
222001597,0,0,0
222001626,0,29,-29
222001650,1,49,-48
222001651,0,0,0
222001914,0,0,0
222001915,13,95,-82
222900004,0,0,0
222900009,3,10,-7
222900019,0,0,0
222900024,0,0,0
222900025,0,7,-7
225000001,15,3,12
225000002,13,7,6
225000003,37,4,33
225000004,5,21,-16
225000005,1,0,1
225000006,1,81,-80
225000007,2221,444,1777
225000010,96,2,94
225000011,0,0,0
225000012,0,0,0
225000013,0,0,0
225000014,0,0,0
225000015,43,183,-140
225000021,0,0,0
225000027,102,247,-145
225000032,0,0,0
225000042,28,432,-404
225000049,21,34,-13
225000050,23,3,20
225000053,8,63,-55
225000058,0,0,0
225000067,44,197,-153
225000068,30,432,-402
225000069,53,369,-316
225000070,33,350,-317
225000071,7,230,-223
225000075,26,457,-431
225000076,27,61,-34
225000078,0,0,0
225000085,0,0,0
225000086,0,0,0
225000087,0,0,0
225000088,1,54,-53
225000089,436,287,149
225000090,7,188,-181
225000091,15,143,-128
225000092,7,53,-46
225000093,24,336,-312
225000094,11,401,-390
225000095,150,463,-313
225000096,56,265,-209
225000098,12,7,5
225000099,15,4,11
225000100,10,2,8
225000104,12,281,-269
225000110,11,239,-228
225000111,39,616,-577
225000112,59,524,-465
225000113,19,390,-371
225000114,24,241,-217
225000115,1918,265,1653
225000116,0,0,0
225000117,0,0,0
225000118,0,0,0
225000119,0,0,0
225000120,0,0,0
225000121,0,0,0
225000123,0,0,0
225000125,18,29,-11
225000126,216,10,206
225000127,291,23,268
225000128,13,14,-1
225000132,85,29,56
225000133,54,29,25
225000134,176,23,153
225000135,27,5,22
225000136,39,5,34
225000137,24,6,18
225000138,125,25,100
225000143,54,70,-16
225000144,1,211,-210
225000145,0,0,0
225000146,3,81,-78
225000147,6,230,-224
225000148,2,158,-156
225000149,54,245,-191
225000151,28,97,-69
225000155,65,190,-125
225000156,51,237,-186
225000157,32,165,-133
225000158,25,273,-248
225000171,3,132,-129
225000180,22,11,11
225000181,0,18,-18
225000182,0,0,0
225000185,4,161,-157
225000187,39,245,-206
225000191,0,2,-2
225000194,0,20,-20
225000208,0,25,-25
225000209,0,0,0
225000210,2,44,-42
225000217,0,10,-10
225000218,0,0,0
225000223,0,32,-32
225000224,0,0,0
225000225,1,3,-2
225000226,0,0,0
225000227,44,50,-6
225000228,0,0,0
225000229,0,47,-47
225000230,0,0,0
225000231,3,62,-59
225000232,0,0,0
225000241,0,0,0
225000242,0,49,-49
225000249,21,19,2
225000250,37,431,-394
225000251,96,22,74
225000254,0,0,0
225000256,0,4,-4
225000257,2,3,-1
226000042,110,219,-109
226000043,14,168,-154
226000044,78,548,-470
226000045,40,429,-389
226000046,105,24,81
226000047,96,24,72
226000048,119,14,105
226000049,58,31,27
226000070,0,67,-67
226000071,0,44,-44
226000072,0,6,-6
226000073,0,2,-2
226000074,0,4,-4
226000084,1,41,-40
226000085,0,9,-9
226000086,0,3,-3
226000087,0,6,-6
226000088,3,7,-4
226000090,5,3,2
226000091,0,0,0
226000092,3,0,3
226000093,0,0,0
226000094,1,0,1
226000095,3,0,3
226000105,1,0,1
226000106,0,1,-1
226000107,1,0,1
226000108,2,0,2
226000109,10,1,9
226000124,146,25,121
226000134,214,131,83
226000135,339,222,117
226000136,73,71,2
226000137,18,223,-205
226000138,3,122,-119
226000139,1,21,-20
226000156,11,0,11
226000157,61,1,60
226000163,8,27,-19
226000202,7,187,-180
226000231,14,0,14
226000232,2,0,2
227000033,1,2,-1
227000036,0,0,0
227000037,0,0,0
227000038,0,0,0
227000084,1,24,-23
227000085,1,19,-18
227000088,0,0,0
227000089,0,0,0
227000090,0,0,0
227000091,0,0,0
227000092,0,0,0
227000093,0,0,0
227000094,0,0,0
227000130,11,44,-33
227000131,4,196,-192
227000132,4,212,-208
227000133,1,211,-210
227000134,9,292,-283
227000152,1,2,-1
227000153,0,24,-24
227000154,1,21,-20
227000155,0,22,-22
227000156,0,10,-10
227000165,1,31,-30
227000196,55,196,-141
227000199,10,370,-360
227000230,25,254,-229
227000232,0,0,0
227000242,62,262,-200
227000243,0,0,0
227000245,40,319,-279
227000246,50,377,-327
227000247,0,1,-1
227000248,0,1,-1
227000249,17,174,-157
227000250,6,0,6
227000251,64,191,-127
227000252,13,291,-278
227000253,0,0,0
227000262,0,0,0
227000266,0,0,0
227000267,29,1158,-1129
227000282,36,125,-89
227000284,0,0,0
227000286,32,66,-34
227000291,64,384,-320
227000296,0,0,0
227000484,0,0,0
227000485,42,517,-475
227000655,0,0,0
227000656,0,0,0
227000657,0,0,0
227000704,0,0,0
229000265,0,0,0
229000266,0,0,0
229000267,0,0,0
229000268,0,0,0
229000269,0,0,0
229000274,0,13,-13
229000275,0,11,-11
229000276,0,5,-5
229000277,0,1,-1
229000278,1,5,-4
229000295,16,12,4
229000296,3,2,1
229000297,7,13,-6
229000298,20,54,-34
229000320,0,0,0
229000321,0,0,0
229000412,1,22,-21
229000414,0,38,-38
229000415,0,0,0
229000416,0,4,-4
229000417,1,7,-6
229000419,24,176,-152
229000440,0,0,0
229000442,0,0,0
229000443,0,0,0
229000444,1,13,-12
229000445,0,0,0
229000446,0,0,0
229000491,7,38,-31
229000492,25,140,-115
229000493,3,107,-104
229000494,30,29,1
229000495,164,92,72
229000496,24,119,-95
229000507,0,34,-34
229000508,5,50,-45
229000509,1,62,-61
229000510,1,40,-39
229000511,9,60,-51
229000512,0,33,-33
229000513,1,10,-9
229000514,3,10,-7
229000517,0,11,-11
229000518,8,29,-21
229000519,1,16,-15
229000520,10,29,-19
229000521,37,56,-19
229000522,2,25,-23
229000523,7,32,-25
229000524,5,23,-18
229000527,5,7,-2
229000528,1,1,0
229000529,5,2,3
229000530,61,36,25
229000531,15,22,-7
229000532,15,22,-7
229000533,211,71,140
229000534,62,22,40
229000564,92,19,73
229000565,22,11,11
229000566,0,23,-23
229000567,0,108,-108
229000582,292,25,267
229000583,8,15,-7
229000584,0,43,-43
229000585,12,50,-38
229000718,0,6,-6
229000719,0,2,-2
229000720,0,21,-21
229000721,0,20,-20
229000722,0,34,-34
229000723,0,22,-22
229000724,0,1,-1
229000725,0,8,-8
229000738,9,2,7
229000739,3,1,2
229000740,10,0,10
229000741,33,0,33
229000742,24,2,22
229000743,60,1,59
229000744,7,1,6
229000745,2,0,2
229000746,75,4,71
229000847,34,4,30
229000848,27,3,24
229000849,362,4,358
229000851,13,1,12
229000854,1,41,-40
229000856,0,96,-96
229000857,0,25,-25
229000858,0,107,-107
229000919,4,66,-62
229000930,0,118,-118
229000937,316,47,269
229000966,95,26,69
229000981,19,35,-16
229000985,1,10,-9
229000986,0,2,-2
229000987,0,0,0
229000988,0,0,0
229000989,0,0,0
229000990,0,0,0
229000991,0,0,0
229000992,0,0,0
229000993,0,0,0
229000998,21,12,9
229000999,0,0,0
229001034,1,27,-26
229001035,0,0,0
229001036,5,31,-26
229001037,0,0,0
229001038,0,0,0
229001039,0,0,0
229001040,0,90,-90
229001041,0,0,0
229001042,0,0,0
229001047,5,17,-12
229001050,0,0,0
229001168,0,9,-9
229001200,0,0,0
229001338,0,17,-17
229001394,255,4,251
229001422,363,68,295
229001423,9,86,-77
229001431,213,53,160
229001432,27,58,-31
229001444,0,0,0
229001445,12,106,-94
229001479,18,16,2
229001503,302,84,218
229001504,49,125,-76
229001505,377,51,326
229001506,28,158,-130
229001509,0,0,0
229001510,3,11,-8
229001545,108,24,84
229001546,12,56,-44
229001553,75,20,55
229001554,4,65,-61
229001630,0,0,0
229001631,23,13,10
229001635,0,7,-7
229001636,0,0,0
229001658,1,26,-25
229001659,207,6,201
229001660,0,0,0
229001661,0,2,-2
229001662,24,0,24
229001663,0,12,-12
229002584,0,0,0
229002831,48,51,-3
229002841,0,1,-1
229002842,0,0,0
229002843,0,0,0
229002844,8,34,-26
229002845,1,62,-61
229002846,0,0,0
229002847,0,2,-2
229002848,0,0,0
229002849,0,19,-19
229002850,0,0,0
229002851,7,23,-16
229002852,0,0,0
229002853,0,0,0
229002854,4,31,-27
229002855,0,13,-13
229002856,0,0,0
229002857,1,24,-23
229002858,0,0,0
229002859,2,7,-5
229002860,0,0,0
229002861,0,0,0
229002862,3,9,-6
229002863,1,11,-10
229002864,0,0,0
229002865,1,4,-3
229002866,0,0,0
229002867,0,6,-6
229002868,0,0,0
229002869,0,56,-56
229002870,0,0,0
235000066,0,0,0
235000067,0,0,0
235000072,23,101,-78
235000073,41,296,-255
235000074,19,60,-41
235000080,1,49,-48
235000081,44,110,-66
235000082,0,0,0
235000083,0,0,0
235000084,0,0,0
235000085,0,0,0
235000089,0,0,0
235000092,13,161,-148
235000093,7,4,3
235000097,0,0,0
235000098,0,0,0
235000099,0,0,0
235000116,0,0,0
235000117,0,0,0
235000133,8,149,-141
235000134,6,74,-68
235000206,0,0,0
235000207,0,0,0
235000208,0,0,0
235000209,0,0,0
235000210,0,0,0
235000212,1,20,-19
235000213,0,16,-16
235000220,0,6,-6
235000221,3,5,-2
235000238,0,0,0
235000239,0,0,0
235000242,3,7,-4
235000245,639,218,421
235000246,2,62,-60
235000284,3,40,-37
235000295,0,0,0
235000305,0,0,0
235000306,0,0,0
235000307,0,0,0
235000308,0,0,0
235000309,0,0,0
235000310,0,0,0
235000311,0,7,-7
235000322,0,5,-5
235000323,0,18,-18
235000324,0,3,-3
235000325,0,3,-3
235000326,2,117,-115
235000351,0,31,-31
235000352,6,32,-26
235000353,0,15,-15
235000354,1,27,-26
235000355,4,55,-51
235000356,0,0,0
235000357,0,0,0
235000358,0,0,0
235000359,0,0,0
235000360,0,0,0
235000361,0,0,0
235000381,16,148,-132
235000382,0,0,0
235000390,0,0,0
235000391,0,0,0
235000392,0,0,0
235000393,0,0,0
235000395,0,0,0
235000396,0,0,0
235000400,0,0,0
235000401,8,114,-106
235000405,62,283,-221
235000406,16,191,-175
235000407,30,95,-65
235000409,61,138,-77
235000410,16,214,-198
235000411,0,79,-79
235000485,0,16,-16
235000486,0,0,0
235000549,0,0,0
235000550,71,156,-85
235000599,77,49,28
235000600,10,7,3
235000601,24,25,-1
235000602,0,0,0
235000614,0,0,0
235000648,0,73,-73
235000649,0,0,0
235000685,0,4,-4
235000815,2,21,-19
235000834,0,3,-3
235000855,0,0,0
235000862,23,135,-112
235000891,0,9,-9
235000892,80,72,8
235000901,49,98,-49
235000907,2,7,-5
235001010,0,0,0
235001029,439,292,147
235001030,29,42,-13
235001078,0,0,0
235001079,24,76,-52
235001147,0,0,0
235001166,0,0,0
235001167,11,46,-35
235001169,5,162,-157
235001188,0,4,-4
235001189,0,0,0
235001197,6,6,0
235001200,20,40,-20
235001208,0,0,0
235001209,15,38,-23
235001210,9,108,-99
235001239,2,61,-59
235001244,0,0,0
235016267,0,9,-9
241900007,27,0,27
277101746,0,50,-50
277102712,3,8,-5
277103813,1,0,1
277103814,0,0,0
277103898,0,1,-1
990011530,2,148,-146
990014944,2,313,-311
990015176,0,0,0
990015618,1,71,-70
990016032,0,186,-186
990032570,3,56,-53
990070001,0,0,0
990070103,0,1,-1
990070601,0,14,-14
990070751,0,0,0
990070766,0,180,-180
990071180,3,109,-106
990071343,0,0,0
990071387,0,4,-4
990071823,0,3,-3
990072600,2,315,-313
990072964,1,197,-196
990073285,0,2,-2
990074393,0,321,-321
990074870,0,0,0
990075106,0,0,0
990075746,0,2,-2
990076437,0,5,-5
990076458,1,656,-655
997000007,0,0,0
997000041,0,115,-115
997000058,0,0,0
997000062,0,0,0
997000069,0,3,-3
997000070,0,44,-44
997000100,0,0,0
997000141,0,5,-5
997000198,0,5,-5
998000475,0,5,-5
998000736,0,109,-109
998000965,0,0,0
998001031,0,30,-30
998001700,1,19,-18
998001899,1,2,-1
998001900,4,0,4
998003073,0,0,0
998101900,0,0,0
998102850,0,4,-4
998501927,1,163,-162
998501929,15,0,15
998501930,7,0,7
998501931,8,12,-4
998501932,10,0,10
998501933,0,1,-1
998501937,0,3,-3
998501944,0,5,-5
998501970,8,3,5
998501971,1,102,-101
998501972,0,0,0
998501973,0,33,-33
998501974,0,125,-125
998501975,0,0,0
998501976,0,0,0
998501977,1,17,-16
998501978,0,0,0
998501979,0,33,-33
998501980,0,0,0
998501981,0,1,-1
998501982,0,132,-132
998502006,0,0,0
998502024,0,5,-5
998502032,0,0,0
998502062,0,0,0
998502063,0,0,0
998502173,0,0,0
998502269,0,3,-3
998601159,0,99,-99
998601292,0,4,-4
999033574,0,65,-65
999800001,0,0,0
999800002,0,1,-1
999800003,0,4,-4
999800004,0,13,-13
999800005,0,18,-18
