dong,insum,outsum,diff
강남구 개포1동,0,0,0
강남구 개포2동,91,107,-16
강남구 개포4동,24,0,24
강남구 논현1동,1430,849,581
강남구 논현2동,0,0,0
강남구 대치1동,178,127,51
강남구 대치2동,637,560,77
강남구 대치4동,948,685,263
강남구 도곡1동,293,155,138
강남구 도곡2동,202,93,109
강남구 삼성1동,569,357,212
강남구 삼성2동,627,603,24
강남구 세곡동,0,0,0
강남구 수서동,124,134,-10
강남구 신사동,0,0,0
강남구 압구정동,0,0,0
강남구 역삼1동,3982,2533,1449
강남구 역삼2동,559,497,62
강남구 일원1동,0,0,0
강남구 일원2동,0,0,0
강남구 일원본동,78,144,-66
강남구 청담동,446,536,-90
강동구 강일동,327,208,119
강동구 고덕제1동,6,20,-14
강동구 고덕제2동,129,54,75
강동구 길동,657,259,398
강동구 둔촌제1동,0,0,0
강동구 둔촌제2동,0,0,0
강동구 명일제1동,278,196,82
강동구 명일제2동,74,47,27
강동구 상일동,13,74,-61
강동구 성내제1동,0,0,0
강동구 성내제2동,175,304,-129
강동구 성내제3동,35,142,-107
강동구 암사제1동,0,0,0
강동구 암사제2동,0,0,0
강동구 암사제3동,0,0,0
강동구 천호제1동,148,136,12
강동구 천호제2동,0,0,0
강동구 천호제3동,249,47,202
강북구 미아동,287,471,-184
강북구 번1동,331,1000,-669
강북구 번2동,0,0,0
강북구 번3동,0,0,0
강북구 삼각산동,1,0,1
강북구 삼양동,0,1,-1
강북구 송중동,478,760,-282
강북구 송천동,466,198,268
강북구 수유1동,248,43,205
강북구 수유2동,117,20,97
강북구 수유3동,647,241,406
강북구 우이동,386,71,315
강북구 월곡제1동,0,0,0
강북구 인수동,4,0,4
강서구 가양제1동,79,269,-190
강서구 가양제2동,0,0,0
강서구 가양제3동,0,0,0
강서구 공항동,127,370,-243
강서구 등촌제1동,83,353,-270
강서구 등촌제2동,123,208,-85
강서구 등촌제3동,115,343,-228
강서구 발산제1동,930,326,604
강서구 방화제1동,137,370,-233
강서구 방화제2동,172,191,-19
강서구 방화제3동,2,0,2
강서구 염창동,0,0,0
강서구 우장산동,104,146,-42
강서구 화곡본동,0,0,0
강서구 화곡제1동,360,452,-92
강서구 화곡제2동,0,0,0
강서구 화곡제3동,87,81,6
강서구 화곡제4동,28,142,-114
강서구 화곡제6동,318,128,190
강서구 화곡제8동,91,208,-117
관악구 낙성대동,459,314,145
관악구 난곡동,0,0,0
관악구 난향동,115,0,115
관악구 남현동,380,542,-162
관악구 대학동,0,0,0
관악구 미성동,104,63,41
관악구 보라매동,66,287,-221
관악구 삼성동,0,0,0
관악구 서림동,0,0,0
관악구 서원동,294,239,55
관악구 성현동,0,0,0
관악구 신림동,1176,1586,-410
관악구 신사동,311,515,-204
관악구 신원동,0,0,0
관악구 은천동,107,266,-159
관악구 인헌동,253,116,137
관악구 조원동,194,507,-313
관악구 중앙동,219,348,-129
관악구 청룡동,259,262,-3
관악구 청림동,0,0,0
관악구 행운동,190,427,-237
광진구 광장동,74,83,-9
광진구 구의제1동,0,0,0
광진구 구의제2동,111,100,11
광진구 구의제3동,0,0,0
광진구 군자동,487,333,154
광진구 능동,526,868,-342
광진구 자양제1동,0,0,0
광진구 자양제2동,0,0,0
광진구 자양제3동,0,0,0
광진구 자양제4동,928,1029,-101
광진구 중곡제1동,264,232,32
광진구 중곡제2동,102,372,-270
광진구 중곡제3동,144,222,-78
광진구 중곡제4동,0,0,0
광진구 화양동,1057,914,143
구로구 가리봉동,87,319,-232
구로구 개봉제1동,483,271,212
구로구 개봉제2동,318,308,10
구로구 개봉제3동,0,0,0
구로구 고척제1동,240,119,121
구로구 고척제2동,0,0,0
구로구 구로제1동,122,101,21
구로구 구로제2동,46,47,-1
구로구 구로제3동,160,265,-105
구로구 구로제4동,368,72,296
구로구 구로제5동,119,134,-15
구로구 수궁동,471,246,225
구로구 신도림동,553,431,122
구로구 오류제1동,463,252,211
구로구 오류제2동,0,0,0
구로구 항동,0,0,0
금천구 가산동,322,93,229
금천구 독산제1동,122,289,-167
금천구 독산제2동,40,33,7
금천구 독산제3동,493,74,419
금천구 독산제4동,37,12,25
금천구 미성동,0,0,0
금천구 시흥제1동,113,266,-153
금천구 시흥제2동,0,0,0
금천구 시흥제3동,170,88,82
금천구 시흥제4동,0,0,0
금천구 시흥제5동,80,164,-84
노원구 공릉1동,960,880,80
노원구 공릉2동,0,0,0
노원구 상계10동,243,377,-134
노원구 상계1동,0,0,0
노원구 상계2동,358,54,304
노원구 상계3.4동,0,0,0
노원구 상계5동,0,0,0
노원구 상계6.7동,387,577,-190
노원구 상계8동,0,0,0
노원구 상계9동,0,0,0
노원구 월계1동,309,156,153
노원구 월계2동,0,1,-1
노원구 월계3동,109,155,-46
노원구 중계1동,0,0,0
노원구 중계2.3동,279,276,3
노원구 중계4동,0,0,0
노원구 중계본동,0,0,0
노원구 하계1동,466,216,250
노원구 하계2동,149,206,-57
도봉구 도봉제1동,875,154,721
도봉구 도봉제2동,265,365,-100
도봉구 방학제1동,315,409,-94
도봉구 방학제2동,2,76,-74
도봉구 방학제3동,184,67,117
도봉구 쌍문제1동,0,0,0
도봉구 쌍문제2동,427,55,372
도봉구 쌍문제3동,174,38,136
도봉구 쌍문제4동,0,0,0
도봉구 창제1동,332,369,-37
도봉구 창제2동,34,316,-282
도봉구 창제3동,0,0,0
도봉구 창제4동,0,0,0
도봉구 창제5동,93,460,-367
동대문구 답십리제1동,37,145,-108
동대문구 답십리제2동,104,35,69
동대문구 면목제5동,0,0,0
동대문구 용신동,909,1411,-502
동대문구 이문제1동,183,227,-44
동대문구 이문제2동,46,46,0
동대문구 장안제1동,62,87,-25
동대문구 장안제2동,0,0,0
동대문구 전농제1동,115,289,-174
동대문구 전농제2동,0,0,0
동대문구 제기동,165,134,31
동대문구 청량리동,347,483,-136
동대문구 회기동,98,35,63
동대문구 휘경제1동,200,433,-233
동대문구 휘경제2동,98,493,-395
동작구 노량진제1동,247,360,-113
동작구 노량진제2동,132,204,-72
동작구 대방동,0,0,0
동작구 사당제1동,541,248,293
동작구 사당제2동,0,0,0
동작구 사당제3동,0,0,0
동작구 사당제4동,0,0,0
동작구 사당제5동,0,0,0
동작구 상도제1동,0,0,0
동작구 상도제2동,76,155,-79
동작구 상도제3동,104,281,-177
동작구 상도제4동,0,0,0
동작구 신대방제1동,3,5,-2
동작구 신대방제2동,149,229,-80
동작구 흑석동,0,0,0
마포구 공덕동,182,146,36
마포구 대흥동,103,158,-55
마포구 도화동,0,0,0
마포구 망원제1동,0,0,0
마포구 망원제2동,0,0,0
마포구 상암동,136,1,135
마포구 서강동,0,0,0
마포구 서교동,2936,1710,1226
마포구 성산제1동,0,0,0
마포구 성산제2동,8,2,6
마포구 신수동,0,0,0
마포구 아현동,177,284,-107
마포구 연남동,0,0,0
마포구 염리동,0,0,0
마포구 용강동,238,206,32
마포구 합정동,828,423,405
서대문구 남가좌제1동,0,0,0
서대문구 남가좌제2동,0,0,0
서대문구 북가좌제1동,0,0,0
서대문구 북가좌제2동,0,0,0
서대문구 북아현동,142,148,-6
서대문구 신촌동,511,932,-421
서대문구 연희동,0,0,0
서대문구 천연동,140,146,-6
서대문구 충현동,124,348,-224
서대문구 홍은제1동,73,155,-82
서대문구 홍은제2동,0,0,0
서대문구 홍제제1동,234,78,156
서대문구 홍제제2동,129,367,-238
서대문구 홍제제3동,0,0,0
서초구 내곡동,0,0,0
서초구 반포1동,406,398,8
서초구 반포2동,0,0,0
서초구 반포3동,0,0,0
서초구 반포4동,0,0,0
서초구 반포본동,0,0,0
서초구 방배1동,8,45,-37
서초구 방배2동,11,16,-5
서초구 방배3동,270,419,-149
서초구 방배4동,0,0,0
서초구 방배본동,0,0,0
서초구 서초1동,341,306,35
서초구 서초2동,277,469,-192
서초구 서초3동,462,388,74
서초구 서초4동,1090,422,668
서초구 양재1동,93,150,-57
서초구 양재2동,36,1,35
서초구 잠원동,275,655,-380
성동구 금호1가동,0,0,0
성동구 금호2.3가동,0,0,0
성동구 금호4가동,0,0,0
성동구 마장동,0,0,0
성동구 사근동,92,55,37
성동구 성수1가제1동,0,0,0
성동구 성수1가제2동,135,250,-115
성동구 성수2가제1동,61,58,3
성동구 성수2가제3동,207,343,-136
성동구 송정동,0,0,0
성동구 옥수동,0,0,0
성동구 왕십리도선동,0,0,0
성동구 왕십리제2동,199,259,-60
성동구 용답동,284,315,-31
성동구 응봉동,0,0,0
성동구 행당제1동,179,139,40
성동구 행당제2동,0,0,0
성북구 길음제1동,268,265,3
성북구 길음제2동,175,234,-59
성북구 돈암제1동,68,199,-131
성북구 돈암제2동,0,0,0
성북구 동선동,463,326,137
성북구 보문동,161,252,-91
성북구 삼선동,201,269,-68
성북구 석관동,214,350,-136
성북구 성북동,47,45,2
성북구 안암동,0,0,0
성북구 월곡제1동,0,0,0
성북구 월곡제2동,0,0,0
성북구 장위제1동,0,0,0
성북구 장위제2동,62,42,20
성북구 장위제3동,19,13,6
성북구 정릉제1동,0,0,0
성북구 정릉제2동,0,0,0
성북구 정릉제3동,0,0,0
성북구 정릉제4동,11,0,11
성북구 종암동,0,0,0
송파구 가락1동,3,94,-91
송파구 가락2동,0,2,-2
송파구 가락본동,417,282,135
송파구 거여1동,0,0,0
송파구 거여2동,0,0,0
송파구 마천1동,0,0,0
송파구 마천2동,0,0,0
송파구 문정1동,0,1,-1
송파구 문정2동,488,598,-110
송파구 방이1동,0,0,0
송파구 방이2동,0,0,0
송파구 삼전동,0,0,0
송파구 석촌동,109,547,-438
송파구 송파1동,228,75,153
송파구 송파2동,40,16,24
송파구 오금동,0,0,0
송파구 오륜동,0,0,0
송파구 위례동,274,288,-14
송파구 잠실2동,202,72,130
송파구 잠실3동,256,226,30
송파구 잠실4동,0,0,0
송파구 잠실6동,0,0,0
송파구 잠실7동,13,73,-60
송파구 잠실본동,142,249,-107
송파구 장지동,154,6,148
송파구 풍납1동,0,0,0
송파구 풍납2동,0,0,0
양천구 목1동,430,196,234
양천구 목2동,309,525,-216
양천구 목3동,329,452,-123
양천구 목4동,141,180,-39
양천구 목5동,0,0,0
양천구 신월1동,267,0,267
양천구 신월2동,51,204,-153
양천구 신월3동,0,0,0
양천구 신월4동,64,185,-121
양천구 신월5동,0,0,0
양천구 신월6동,0,0,0
양천구 신월7동,68,155,-87
양천구 신정1동,0,0,0
양천구 신정2동,0,0,0
양천구 신정3동,284,497,-213
양천구 신정4동,677,1079,-402
양천구 신정6동,0,0,0
양천구 신정7동,0,0,0
영등포구 당산제1동,206,157,49
영등포구 당산제2동,383,316,67
영등포구 대림제1동,13,24,-11
영등포구 대림제2동,67,270,-203
영등포구 대림제3동,44,60,-16
영등포구 도림동,0,0,0
영등포구 문래동,170,261,-91
영등포구 신길제1동,0,0,0
영등포구 신길제3동,0,0,0
영등포구 신길제4동,0,0,0
영등포구 신길제5동,0,0,0
영등포구 신길제6동,0,0,0
영등포구 신길제7동,0,0,0
영등포구 양평제1동,128,117,11
영등포구 양평제2동,100,133,-33
영등포구 여의동,158,412,-254
영등포구 영등포동,803,642,161
영등포구 영등포본동,293,134,159
용산구 남영동,560,286,274
용산구 보광동,0,0,0
용산구 서빙고동,0,0,0
용산구 용문동,0,0,0
용산구 용산2가동,0,0,0
용산구 원효로제1동,0,0,0
용산구 원효로제2동,0,0,0
용산구 이촌제1동,2,21,-19
용산구 이촌제2동,0,0,0
용산구 이태원제1동,0,0,0
용산구 이태원제2동,0,0,0
용산구 청파동,93,131,-38
용산구 필동,0,0,0
용산구 한강로동,914,234,680
용산구 한남동,779,1460,-681
용산구 효창동,0,0,0
용산구 후암동,0,0,0
은평구 갈현제1동,54,4,50
은평구 갈현제2동,0,0,0
은평구 구산동,144,0,144
은평구 녹번동,197,542,-345
은평구 대조동,284,257,27
은평구 불광제1동,107,666,-559
은평구 불광제2동,202,114,88
은평구 수색동,1,0,1
은평구 신사제1동,0,0,0
은평구 신사제2동,0,0,0
은평구 역촌동,0,0,0
은평구 응암제1동,0,0,0
은평구 응암제2동,0,0,0
은평구 응암제3동,0,0,0
은평구 증산동,0,0,0
은평구 진관동,159,275,-116
종로구 가회동,0,0,0
종로구 교남동,164,86,78
종로구 무악동,31,45,-14
종로구 부암동,0,0,0
종로구 사직동,260,396,-136
종로구 삼청동,0,0,0
종로구 숭인제1동,0,0,0
종로구 숭인제2동,1085,1028,57
종로구 이화동,141,182,-41
종로구 종로1.2.3.4가동,5406,3926,1480
종로구 종로5.6가동,826,1079,-253
종로구 창신제1동,1213,832,381
종로구 창신제2동,725,420,305
종로구 창신제3동,0,0,0
종로구 청운효자동,0,0,0
종로구 충현동,100,49,51
종로구 평창동,0,0,0
종로구 혜화동,198,187,11
중구 광희동,5036,2679,2357
중구 다산동,365,276,89
중구 동화동,0,0,0
중구 명동,778,803,-25
중구 소공동,597,394,203
중구 신당동,313,119,194
중구 신당제5동,149,129,20
중구 약수동,46,202,-156
중구 을지로동,121,119,2
중구 장충동,62,253,-191
중구 중림동,123,217,-94
중구 청구동,0,0,0
중구 필동,232,172,60
중구 황학동,152,63,89
중구 회현동,1156,639,517
중랑구 망우본동,155,270,-115
중랑구 망우제3동,0,0,0
중랑구 면목본동,11,159,-148
중랑구 면목제2동,283,266,17
중랑구 면목제3.8동,19,67,-48
중랑구 면목제4동,94,330,-236
중랑구 면목제5동,257,337,-80
중랑구 면목제7동,15,90,-75
중랑구 묵제1동,229,325,-96
중랑구 묵제2동,121,56,65
중랑구 상봉제1동,313,36,277
중랑구 상봉제2동,173,673,-500
중랑구 신내1동,369,226,143
중랑구 신내2동,0,0,0
중랑구 중화제1동,129,148,-19
중랑구 중화제2동,417,160,257
NA,2463,3028,-565
