ID,insum,outsum,diff
100000001,1242,603,639
100000002,4894,7696,-2802
100000003,5943,6532,-589
100000004,328,1271,-943
100000005,4667,5754,-1087
100000006,824,1971,-1147
100000007,3330,1802,1528
100000008,171,915,-744
100000009,345,1807,-1462
100000010,81,3611,-3530
100000011,570,587,-17
100000012,41,328,-287
100000013,16,464,-448
100000014,154,4204,-4050
100000015,1407,2519,-1112
100000016,416,2797,-2381
100000017,357,4263,-3906
100000018,993,1224,-231
100000019,3294,3114,180
100000020,1362,7324,-5962
100000021,9963,1989,7974
100000022,801,5164,-4363
100000023,6391,2220,4171
100000025,613,2062,-1449
100000028,495,2864,-2369
100000029,93,1266,-1173
100000030,60,26,34
100000031,2284,9582,-7298
100000032,2232,5963,-3731
100000033,1635,4797,-3162
100000034,78,1923,-1845
100000035,843,1900,-1057
100000036,579,3037,-2458
100000037,1051,530,521
100000038,4437,1308,3129
100000039,238,732,-494
100000040,1361,408,953
100000041,2974,1445,1529
100000042,1738,448,1290
100000043,849,152,697
100000044,233,224,9
100000045,358,535,-177
100000046,469,655,-186
100000047,157,275,-118
100000048,261,647,-386
100000049,1456,1244,212
100000051,732,454,278
100000053,90,7,83
100000054,317,67,250
100000055,677,186,491
100000056,407,549,-142
100000057,3405,592,2813
100000058,1486,428,1058
100000059,129,237,-108
100000060,1347,527,820
100000061,3896,812,3084
100000062,2507,919,1588
100000063,2007,536,1471
100000064,3258,549,2709
100000065,465,480,-15
100000066,180,459,-279
100000067,299,762,-463
100000068,465,2104,-1639
100000069,510,1088,-578
100000072,217,526,-309
100000073,1305,783,522
100000075,1239,154,1085
100000076,1753,13465,-11712
100000077,125,810,-685
100000078,6,77,-71
100000079,19,63,-44
100000080,6,49,-43
100000081,17,113,-96
100000102,2472,5860,-3388
100000103,1707,7426,-5719
100000104,4294,3529,765
100000105,1455,2438,-983
100000106,774,3776,-3002
100000107,73,1521,-1448
100000108,502,1149,-647
100000109,610,1828,-1218
100000116,227,638,-411
100000117,43,133,-90
100000118,626,1506,-880
100000119,1076,1099,-23
100000121,212,544,-332
100000122,644,2614,-1970
100000123,1474,2367,-893
100000124,2184,2610,-426
100000125,7354,2511,4843
100000126,573,950,-377
100000127,1725,1137,588
100000128,498,3855,-3357
100000129,329,965,-636
100000130,1273,240,1033
100000131,949,1403,-454
100000132,1221,1598,-377
100000133,1469,1078,391
100000135,821,1125,-304
100000139,167,689,-522
100000140,163,145,18
100000142,1000,752,248
100000143,954,464,490
100000144,1501,364,1137
100000147,1802,6044,-4242
100000150,252,481,-229
100000151,275,1777,-1502
100000153,38,592,-554
100000154,16,883,-867
100000155,0,72,-72
100000156,67,200,-133
100000157,262,188,74
100000158,191,180,11
100000159,128,1313,-1185
100000165,646,505,141
100000169,57,3355,-3298
100000174,491,1925,-1434
100000179,64,1072,-1008
100000180,1761,6106,-4345
100000181,520,237,283
100000188,143,100,43
100000189,1280,817,463
100000190,543,1820,-1277
100000191,857,437,420
100000192,15,217,-202
100000193,409,199,210
100000330,711,1084,-373
100000355,311,577,-266
100000362,2413,913,1500
100000363,8556,9488,-932
100000364,107,275,-168
100000365,6018,9217,-3199
100000366,1761,1068,693
100000367,6215,7032,-817
100000368,2081,1527,554
100000369,568,2973,-2405
100000370,119,1362,-1243
100000376,15,532,-517
100000379,646,5016,-4370
100000380,3047,8961,-5914
100000384,5590,7383,-1793
100000385,1194,5313,-4119
100000386,1174,7950,-6776
100000387,3395,8786,-5391
100000388,1721,4594,-2873
100000389,5311,7025,-1714
100000390,2727,2929,-202
100000391,2822,7121,-4299
100000392,414,2119,-1705
100000393,559,4075,-3516
100000394,1520,4879,-3359
100000395,731,4148,-3417
100000396,668,1715,-1047
100000397,1455,6573,-5118
100000398,5912,4111,1801
100900002,28,5,23
100900003,899,425,474
100900004,8,564,-556
100900005,237,36,201
100900006,28,14,14
100900007,417,2,415
100900008,0,280,-280
100900009,64,18,46
100900010,34,10,24
100900011,256,189,67
100900012,1,25,-24
100900013,1616,11,1605
100900014,2,0,2
100900015,84,39,45
100900016,0,9,-9
100900017,2394,112,2282
100900018,0,10,-10
100900019,56,86,-30
100900020,560,8,552
100900021,897,3,894
100900022,4,11,-7
100900023,0,72,-72
100900024,518,2,516
100900025,91,9,82
100900026,67,45,22
100900027,393,3971,-3578
100900028,145,457,-312
100900029,12,1,11
100900030,1,183,-182
100900031,1683,88,1595
100900032,676,0,676
100900033,91,888,-797
100900034,2601,4,2597
100900035,215,11,204
100900036,232,3,229
100900037,217,50,167
100900038,21,53,-32
100900039,281,94,187
100900040,1130,571,559
100900041,2558,132,2426
100900042,233,2451,-2218
100900043,0,34,-34
100900044,1206,1158,48
100900045,46,0,46
100900046,1891,18,1873
100900047,1124,148,976
100900048,111,26,85
100900049,216,32,184
100900050,16,15,1
100900051,34,92,-58
100900052,543,14,529
100900053,1258,51,1207
100900054,4,19,-15
100900055,430,2100,-1670
100900056,32,54,-22
100900057,2099,323,1776
100900058,194,39,155
100900059,204,0,204
100900060,331,11,320
100900061,250,173,77
100900062,7,3,4
100900063,599,1795,-1196
100900064,856,16,840
100900065,26,283,-257
100900066,77,25,52
100900067,135,16,119
100900068,474,1350,-876
100900069,121,6,115
100900070,1061,9,1052
100900071,290,105,185
100900072,0,11,-11
100900073,229,267,-38
100900074,2,6,-4
100900075,1768,146,1622
100900076,9,6,3
100900077,209,15,194
100900078,76,261,-185
100900079,2,1,1
100900080,293,488,-195
100900081,14,129,-115
100900082,413,62,351
100900083,38,11,27
100900085,25,472,-447
100900086,17,619,-602
100900088,464,85,379
100900089,3,5,-2
100900090,103,1722,-1619
100900091,2,15,-13
100900092,105,256,-151
100900093,783,943,-160
100900094,907,63,844
100900095,5,8,-3
100900096,9,131,-122
100900097,2,1,1
100900098,31,39,-8
100900099,2,343,-341
100900100,9,214,-205
100900101,641,17,624
100900102,2,189,-187
100900103,11,8,3
100900104,1,134,-133
100900105,7,427,-420
100900106,10,4,6
100900107,2559,1127,1432
100900108,4,31,-27
100900109,38,23,15
100900110,5,25,-20
100900111,22,328,-306
100900112,1,83,-82
100900113,42,27,15
100900114,5,16,-11
100900115,85,28,57
100900116,1319,484,835
100900117,425,1526,-1101
100900118,31,77,-46
100900119,18,18,0
100900120,82,4,78
100900121,733,393,340
100900122,72,77,-5
100900123,475,31,444
100900124,3,1,2
100900125,4,27,-23
100900126,1194,1026,168
100900127,1,0,1
100900128,127,482,-355
100900129,2,178,-176
100900131,14,94,-80
100900133,155,96,59
100900134,2,1,1
100900135,1,446,-445
100900137,325,157,168
100900138,1739,383,1356
100900139,4,43,-39
100900140,0,68,-68
100900141,1,563,-562
100900142,1,8,-7
100900143,300,1081,-781
100900144,4,12,-8
100900145,72,1985,-1913
100900146,3,66,-63
100900147,12,1941,-1929
100900148,210,114,96
100900149,3,1030,-1027
100900150,4,127,-123
100900151,19,405,-386
100900152,563,10,553
100900153,3,270,-267
100900154,1,204,-203
100900155,33,16,17
100900156,23,1,22
100900157,20,879,-859
100900158,1049,36,1013
100900159,1,26,-25
100900160,58,1,57
100900161,83,3,80
100900162,12,507,-495
100900163,72,75,-3
100900164,297,5,292
100900165,15,6,9
100900166,74,0,74
100900167,1,34,-33
100900168,14,192,-178
100900169,53,628,-575
100900170,11,4,7
100900171,6,496,-490
100900172,1,124,-123
100900173,12,75,-63
100900174,36,33,3
100900176,1210,231,979
100900177,281,200,81
100900178,322,269,53
100900179,247,159,88
100900180,1,1,0
100900181,135,81,54
100900182,79,6,73
100900184,208,698,-490
100900186,976,390,586
100900187,46,89,-43
100900188,48,14,34
100900189,3829,397,3432
100900191,355,1379,-1024
100900192,75,427,-352
100900195,94,342,-248
100900197,121,39,82
100900198,33,20,13
100900199,2,6,-4
100900200,831,175,656
100900201,38,1628,-1590
100900202,139,0,139
100900203,0,62,-62
100900204,87,726,-639
100900205,169,714,-545
100900206,293,384,-91
100900207,682,136,546
100900210,69,93,-24
100900211,483,139,344
100900213,222,35,187
100900214,261,106,155
100900215,32,25,7
101000001,2147,2745,-598
101000002,8682,10565,-1883
101000003,298,1192,-894
101000004,7804,9326,-1522
101000005,6378,8744,-2366
101000006,7157,13464,-6307
101000007,3835,5682,-1847
101000008,1804,2438,-634
101000009,3600,1235,2365
101000010,1663,709,954
101000011,1081,398,683
101000012,323,724,-401
101000013,494,1507,-1013
101000014,489,453,36
101000015,3811,1406,2405
101000016,286,885,-599
101000017,293,357,-64
101000018,1340,7227,-5887
101000020,1587,1414,173
101000021,582,769,-187
101000022,121,674,-553
101000023,1121,884,237
101000025,312,725,-413
101000026,518,32,486
101000027,1925,3789,-1864
101000028,248,49,199
101000029,51,1152,-1101
101000030,858,109,749
101000031,91,744,-653
101000032,2405,3826,-1421
101000033,1197,5522,-4325
101000034,399,2893,-2494
101000035,435,409,26
101000036,318,2684,-2366
101000037,555,3703,-3148
101000039,2036,3601,-1565
101000040,2912,8295,-5383
101000041,1974,6961,-4987
101000042,86,795,-709
101000043,2937,7445,-4508
101000045,239,715,-476
101000046,1195,1705,-510
101000047,929,4845,-3916
101000048,446,270,176
101000049,722,2514,-1792
101000050,543,2650,-2107
101000051,857,2179,-1322
101000052,1303,1988,-685
101000053,355,1260,-905
101000054,1735,666,1069
101000055,1364,1433,-69
101000056,9,143,-134
101000057,471,3638,-3167
101000058,594,2408,-1814
101000059,2552,4050,-1498
101000060,1473,1040,433
101000061,252,2708,-2456
101000062,185,541,-356
101000063,125,1285,-1160
101000064,133,922,-789
101000065,120,868,-748
101000066,265,1181,-916
101000067,186,744,-558
101000068,91,386,-295
101000069,72,75,-3
101000070,307,747,-440
101000071,3598,1353,2245
101000072,557,2699,-2142
101000073,468,960,-492
101000074,1826,3091,-1265
101000075,1632,2372,-740
101000077,1653,3938,-2285
101000078,784,1118,-334
101000079,928,937,-9
101000080,868,934,-66
101000081,1825,2069,-244
101000082,1598,1429,169
101000083,3644,2265,1379
101000084,1162,641,521
101000085,2387,1000,1387
101000086,810,790,20
101000087,726,840,-114
101000088,2356,1228,1128
101000089,1215,2329,-1114
101000090,1330,636,694
101000091,681,529,152
101000092,2536,641,1895
101000093,1883,515,1368
101000094,941,961,-20
101000095,740,655,85
101000096,1077,249,828
101000097,516,675,-159
101000098,328,749,-421
101000099,481,1117,-636
101000100,839,1250,-411
101000101,213,866,-653
101000102,337,1250,-913
101000103,329,1198,-869
101000104,216,835,-619
101000105,153,517,-364
101000106,300,1443,-1143
101000107,423,736,-313
101000108,673,138,535
101000109,1424,256,1168
101000110,25,158,-133
101000111,39,192,-153
101000113,116,1443,-1327
101000114,1912,5801,-3889
101000115,9,11,-2
101000116,48,9,39
101000117,776,120,656
101000119,15,95,-80
101000120,71,174,-103
101000121,34,70,-36
101000122,41,116,-75
101000123,56,190,-134
101000124,631,733,-102
101000125,141,83,58
101000128,308,2108,-1800
101000130,171,414,-243
101000131,2205,309,1896
101000132,1198,606,592
101000135,0,23,-23
101000136,50,201,-151
101000137,21,558,-537
101000141,676,5053,-4377
101000147,861,304,557
101000148,1053,20,1033
101000149,24,75,-51
101000150,178,324,-146
101000151,806,28,778
101000152,391,349,42
101000153,340,217,123
101000154,957,461,496
101000155,1106,307,799
101000156,9,1668,-1659
101000157,43,263,-220
101000160,1,18,-17
101000163,63,659,-596
101000164,407,93,314
101000165,360,572,-212
101000166,191,252,-61
101000168,1555,353,1202
101000252,3636,637,2999
101000254,29,39,-10
101000258,83,6,77
101000261,81,92,-11
101000262,1543,7742,-6199
101000263,331,1307,-976
101000265,104,748,-644
101000266,599,196,403
101000269,8,58,-50
101000290,223,3909,-3686
101000293,3,9,-6
101000294,337,438,-101
101000295,363,231,132
101000301,167,767,-600
101000304,2333,5151,-2818
101000305,2673,1527,1146
101900001,25,53,-28
101900002,0,4,-4
101900003,56,75,-19
101900004,0,146,-146
101900005,1113,5823,-4710
101900006,1710,146,1564
101900007,380,177,203
101900008,57,228,-171
101900009,32,536,-504
101900010,1089,970,119
101900011,52,1793,-1741
101900012,331,78,253
101900013,286,71,215
101900017,28,104,-76
101900018,2977,333,2644
101900019,49,202,-153
101900020,530,175,355
101900021,4,95,-91
101900022,278,3107,-2829
101900023,202,401,-199
102000001,5766,10263,-4497
102000002,3209,2798,411
102000003,1892,7240,-5348
102000004,4898,3958,940
102000005,1578,4476,-2898
102000006,908,1366,-458
102000007,2017,5860,-3843
102000008,5971,1661,4310
102000009,10424,12845,-2421
102000010,3980,3085,895
102000011,6132,5323,809
102000012,4463,2908,1555
102000018,3158,4242,-1084
102000019,4075,2484,1591
102000026,433,489,-56
102000029,475,336,139
102000030,184,502,-318
102000031,221,65,156
102000032,1044,396,648
102000033,935,301,634
102000034,677,354,323
102000035,1421,810,611
102000036,24,235,-211
102000037,94,29,65
102000038,153,209,-56
102000039,92,108,-16
102000040,265,209,56
102000041,20,378,-358
102000042,101,200,-99
102000043,70,265,-195
102000044,565,1294,-729
102000045,928,724,204
102000046,2036,764,1272
102000047,1640,556,1084
102000048,1190,667,523
102000049,1221,972,249
102000050,1861,945,916
102000051,285,540,-255
102000052,1744,1197,547
102000053,1347,1068,279
102000054,1257,1122,135
102000055,1536,218,1318
102000056,2164,301,1863
102000057,2307,680,1627
102000058,872,1035,-163
102000059,885,962,-77
102000060,986,923,63
102000061,3105,1320,1785
102000062,3162,1093,2069
102000063,1139,1599,-460
102000064,672,775,-103
102000065,57,163,-106
102000066,1006,461,545
102000067,6808,5104,1704
102000068,10064,3714,6350
102000069,145,3174,-3029
102000070,2237,57,2180
102000071,6716,13774,-7058
102000072,3129,3612,-483
102000073,702,491,211
102000074,1150,730,420
102000075,247,171,76
102000076,736,141,595
102000077,1108,1474,-366
102000078,1959,626,1333
102000079,212,42,170
102000080,409,179,230
102000081,332,806,-474
102000082,796,524,272
102000083,1377,175,1202
102000084,1176,115,1061
102000085,2560,775,1785
102000086,2077,751,1326
102000087,860,1280,-420
102000088,310,188,122
102000089,1915,203,1712
102000090,381,1387,-1006
102000091,1009,861,148
102000092,334,769,-435
102000093,807,695,112
102000094,533,430,103
102000095,800,866,-66
102000096,556,406,150
102000097,623,216,407
102000098,406,307,99
102000099,853,452,401
102000100,250,471,-221
102000101,396,328,68
102000102,138,1636,-1498
102000103,3295,609,2686
102000104,456,374,82
102000105,467,381,86
102000106,1446,419,1027
102000107,2944,126,2818
102000108,1018,1450,-432
102000109,966,1615,-649
102000110,1937,436,1501
102000111,12,2670,-2658
102000112,175,235,-60
102000113,7,122,-115
102000114,3669,621,3048
102000115,322,599,-277
102000116,226,981,-755
102000117,36,801,-765
102000118,888,2531,-1643
102000119,565,923,-358
102000120,280,485,-205
102000121,1611,309,1302
102000122,984,785,199
102000123,1071,887,184
102000124,1941,1508,433
102000125,699,730,-31
102000126,639,1026,-387
102000127,1776,1263,513
102000128,980,767,213
102000129,2088,731,1357
102000130,860,1056,-196
102000131,1112,963,149
102000132,560,1058,-498
102000133,5884,3646,2238
102000134,1991,889,1102
102000135,759,904,-145
102000136,1098,832,266
102000137,558,614,-56
102000138,322,280,42
102000139,72,629,-557
102000140,190,321,-131
102000141,400,907,-507
102000142,448,219,229
102000143,520,73,447
102000144,528,82,446
102000145,448,190,258
102000146,1145,261,884
102000147,632,407,225
102000148,330,482,-152
102000149,814,117,697
102000150,1372,63,1309
102000151,152,73,79
102000152,601,78,523
102000153,1211,454,757
102000154,176,163,13
102000155,115,423,-308
102000156,342,81,261
102000157,14,576,-562
102000158,97,374,-277
102000159,1270,1680,-410
102000161,3373,2941,432
102000162,158,558,-400
102000163,170,456,-286
102000164,732,958,-226
102000165,250,983,-733
102000166,73,616,-543
102000167,283,230,53
102000168,343,378,-35
102000169,273,848,-575
102000170,858,182,676
102000171,95,65,30
102000172,13,459,-446
102000173,526,455,71
102000174,194,65,129
102000175,211,64,147
102000176,54,38,16
102000178,315,526,-211
102000179,646,348,298
102000180,1444,311,1133
102000181,2043,351,1692
102000182,1271,1956,-685
102000183,2922,984,1938
102000184,2753,930,1823
102000185,4334,410,3924
102000186,2916,691,2225
102000187,1503,687,816
102000188,2064,1530,534
102000189,1982,365,1617
102000190,620,3045,-2425
102000191,1111,207,904
102000192,2392,1739,653
102000193,261,189,72
102000194,49,402,-353
102000195,1170,559,611
102000196,638,389,249
102000197,2195,144,2051
102000198,457,299,158
102000199,2589,128,2461
102000200,805,404,401
102000201,3023,481,2542
102000202,9,373,-364
102000203,776,134,642
102000204,1744,837,907
102000205,2520,1499,1021
102000206,1406,767,639
102000207,1073,1401,-328
102000208,561,1642,-1081
102000209,172,343,-171
102000210,1218,732,486
102000211,1188,496,692
102000212,937,35,902
102000213,2,424,-422
102000214,970,16,954
102000215,0,153,-153
102000216,284,242,42
102000217,34,47,-13
102000218,465,339,126
102000219,209,88,121
102000225,287,1059,-772
102000226,132,632,-500
102000227,224,5,219
102000228,0,130,-130
102000229,152,102,50
102000230,513,310,203
102000231,702,368,334
102000232,27,195,-168
102000233,1543,462,1081
102000234,60,1301,-1241
102000236,436,69,367
102000237,1300,293,1007
102000238,415,311,104
102000240,369,1015,-646
102000241,131,212,-81
102000243,3,116,-113
102000245,5,99,-94
102000246,8,69,-61
102000247,189,472,-283
102000248,237,1412,-1175
102000249,304,69,235
102000250,91,251,-160
102000254,640,159,481
102000266,5,492,-487
102000271,99,41,58
102000286,521,290,231
102000297,3325,1071,2254
102000301,0,1,-1
102000303,0,0,0
102000305,0,2,-2
102000306,0,0,0
102000307,0,8,-8
102000308,0,1,-1
102900001,1602,970,632
102900002,269,58,211
102900003,200,56,144
102900005,897,233,664
102900006,890,54,836
102900007,1143,4,1139
102900008,515,23,492
102900009,251,292,-41
102900010,267,1695,-1428
102900011,1294,550,744
102900012,1046,120,926
102900013,158,4,154
102900015,2004,579,1425
102900016,217,18,199
102900017,447,75,372
102900018,125,27,98
102900019,957,403,554
102900020,158,7,151
102900021,117,13,104
102900022,77,26,51
102900023,17,12,5
102900024,34,43,-9
102900025,34,6,28
102900026,292,3019,-2727
102900027,74,55,19
102900028,225,1413,-1188
102900029,59,520,-461
102900030,529,940,-411
102900031,444,169,275
102900032,149,30,119
102900033,134,160,-26
102900034,1114,39,1075
102900035,276,107,169
102900036,392,167,225
102900037,288,519,-231
102900038,373,269,104
102900039,7,1098,-1091
102900040,323,283,40
102900041,286,87,199
102900042,547,102,445
102900043,589,107,482
102900044,645,2424,-1779
102900045,348,492,-144
102900046,360,116,244
102900047,278,1927,-1649
102900048,1189,120,1069
102900049,72,270,-198
102900050,350,1750,-1400
102900051,385,395,-10
102900052,19,92,-73
102900053,587,519,68
102900054,391,1843,-1452
102900055,96,714,-618
102900056,140,187,-47
102900057,1,157,-156
102900058,892,115,777
102900059,14,9,5
102900060,112,664,-552
102900061,397,1351,-954
102900062,399,386,13
102900063,2894,508,2386
102900064,76,544,-468
102900065,1736,376,1360
102900066,435,9,426
102900068,88,154,-66
102900070,401,274,127
102900072,2,97,-95
102900073,42,1,41
102900074,384,183,201
102900075,2,46,-44
102900076,32,129,-97
102900077,58,5,53
102900078,23,32,-9
102900079,283,2,281
102900080,630,25,605
102900081,27,81,-54
102900082,20,71,-51
102900083,91,6,85
102900084,1,11,-10
102900085,101,76,25
102900086,3,25,-22
102900087,343,41,302
102900088,109,21,88
102900089,411,127,284
102900090,1,184,-183
102900091,447,1,446
102900092,1517,100,1417
102900093,380,155,225
102900094,0,112,-112
102900095,90,0,90
102900096,121,7,114
102900097,11,28,-17
103000001,2935,2457,478
103000002,3412,3103,309
103000003,3836,2342,1494
103000004,981,286,695
103000005,1743,5023,-3280
103000006,1692,2739,-1047
103000007,495,363,132
103000008,1113,663,450
103000009,3678,1476,2202
103000010,194,73,121
103000011,1434,476,958
103000012,1778,1672,106
103000013,3035,1757,1278
103000014,1624,3717,-2093
103000015,1852,860,992
103000016,707,2015,-1308
103000017,381,1325,-944
103000018,1428,218,1210
103000019,768,877,-109
103000020,1297,1323,-26
103000021,2978,3521,-543
103000022,954,1207,-253
103000023,1717,2749,-1032
103000024,127,78,49
103000025,197,2576,-2379
103000026,338,604,-266
103000027,299,665,-366
103000028,148,226,-78
103000029,117,270,-153
103000030,1764,1710,54
103000031,860,3851,-2991
103000032,2086,1816,270
103000033,4830,4445,385
103000034,1416,844,572
103000035,226,1105,-879
103000036,274,288,-14
103000037,690,377,313
103000038,868,1016,-148
103000039,1221,313,908
103000040,1287,411,876
103000041,4065,1465,2600
103000042,3149,184,2965
103000043,1694,443,1251
103000044,635,143,492
103000046,358,702,-344
103000047,1111,472,639
103000048,404,622,-218
103000049,154,150,4
103000050,1498,180,1318
103000051,1130,433,697
103000052,1446,169,1277
103000053,389,295,94
103000054,2230,245,1985
103000055,2718,795,1923
103000056,1008,806,202
103000057,2026,122,1904
103000058,1692,233,1459
103000059,1354,353,1001
103000060,1103,213,890
103000061,1438,633,805
103000062,1145,154,991
103000063,1787,642,1145
103000064,270,47,223
103000065,18,113,-95
103000066,271,14,257
103000069,378,791,-413
103000070,1032,219,813
103000071,2904,817,2087
103000072,240,533,-293
103000073,2322,89,2233
103000074,1422,76,1346
103000075,134,448,-314
103000076,582,1367,-785
103000077,23,225,-202
103000078,1372,2135,-763
103000079,544,887,-343
103000080,468,661,-193
103000081,424,983,-559
103000082,820,199,621
103000083,173,354,-181
103000084,351,6,345
103000085,1,151,-150
103000086,682,687,-5
103000087,323,879,-556
103000088,148,239,-91
103000089,611,1061,-450
103000090,4954,1035,3919
103000091,972,531,441
103000092,595,149,446
103000093,378,608,-230
103000094,699,178,521
103000095,173,324,-151
103000096,1008,54,954
103000097,38,542,-504
103000098,934,67,867
103000099,87,843,-756
103000100,286,412,-126
103000101,2598,113,2485
103000102,222,264,-42
103000103,1157,131,1026
103000104,260,77,183
103000105,628,96,532
103000106,26,143,-117
103000107,485,92,393
103000108,1827,1476,351
103000109,696,827,-131
103000110,424,1024,-600
103000111,427,742,-315
103000112,437,628,-191
103000113,599,1230,-631
103000114,2405,1294,1111
103000115,1201,762,439
103000116,1193,359,834
103000117,559,485,74
103000118,527,315,212
103000119,1110,246,864
103000120,88,226,-138
103000121,106,178,-72
103000122,535,1305,-770
103000125,15,39,-24
103000126,1644,4,1640
103000127,2,110,-108
103000128,239,1,238
103000129,0,77,-77
103000130,110,97,13
103000131,66,152,-86
103000132,34,165,-131
103000133,47,96,-49
103000134,342,1870,-1528
103000135,654,133,521
103000136,343,439,-96
103000137,387,532,-145
103000138,641,591,50
103000139,5,43,-38
103000140,122,33,89
103000141,23,333,-310
103000142,225,227,-2
103000143,41,110,-69
103000144,337,41,296
103000145,16,98,-82
103000150,124,71,53
103000152,193,381,-188
103000153,214,230,-16
103000156,5,86,-81
103000157,543,0,543
103000159,367,85,282
103000162,42,94,-52
103000163,23,25,-2
103000164,5,7,-2
103000165,118,87,31
103000166,397,955,-558
103000167,279,195,84
103000168,367,272,95
103000169,592,1363,-771
103000170,2711,280,2431
103000171,59,119,-60
103000172,2216,212,2004
103000173,2037,160,1877
103000174,857,225,632
103000175,618,64,554
103000176,953,1176,-223
103000177,233,1042,-809
103000178,105,367,-262
103000179,242,59,183
103000183,666,1,665
103000185,508,54,454
103000186,540,77,463
103000187,2775,123,2652
103000188,31,177,-146
103000189,1050,534,516
103000191,653,233,420
103000292,517,2761,-2244
103000293,495,5463,-4968
103000295,36,164,-128
103000296,129,0,129
103000297,0,32,-32
103000504,67,6,61
103000505,0,22,-22
103000506,0,80,-80
103000507,319,4,315
103000508,113,82,31
103000509,300,267,33
103900001,8,20,-12
103900002,709,66,643
103900003,1189,372,817
103900004,217,2,215
103900005,3,31,-28
103900006,1,6,-5
103900007,253,4,249
103900008,5,5,0
103900009,653,95,558
103900010,330,65,265
103900011,1330,94,1236
103900012,16,104,-88
103900013,85,21,64
103900014,181,28,153
103900015,165,6,159
103900016,274,124,150
103900017,160,76,84
103900018,334,70,264
103900019,84,723,-639
103900020,509,423,86
103900021,30,20,10
103900022,665,384,281
103900023,533,2,531
103900024,198,186,12
103900025,12,4,8
103900026,1,0,1
103900027,428,213,215
103900028,77,461,-384
103900029,1482,152,1330
103900030,426,145,281
103900031,101,0,101
103900032,118,121,-3
103900033,242,47,195
103900034,102,25,77
103900035,270,280,-10
103900036,62,33,29
103900037,329,187,142
103900038,105,219,-114
103900039,356,87,269
103900040,8,96,-88
103900041,198,42,156
103900042,375,69,306
103900043,583,33,550
103900044,41,934,-893
103900045,541,386,155
103900047,126,32,94
103900048,4,190,-186
103900049,67,1085,-1018
103900050,24,363,-339
103900051,3,144,-141
103900052,440,337,103
103900053,457,125,332
103900054,450,91,359
103900055,815,118,697
103900056,136,146,-10
103900057,381,73,308
103900058,854,166,688
103900059,0,268,-268
103900060,170,43,127
103900061,419,7,412
103900062,1913,384,1529
103900063,3,2,1
103900064,353,1,352
103900065,215,748,-533
103900066,488,98,390
103900067,553,32,521
103900068,2,0,2
103900069,113,16,97
103900070,307,134,173
103900071,59,39,20
103900072,113,80,33
103900073,274,72,202
103900074,215,43,172
103900075,258,18,240
103900076,1592,166,1426
103900077,69,197,-128
103900078,619,212,407
103900079,107,113,-6
103900080,2,31,-29
103900081,4,18,-14
103900082,54,88,-34
103900083,1022,4066,-3044
103900084,9,317,-308
103900085,41,93,-52
103900086,2945,413,2532
103900087,104,74,30
103900088,272,757,-485
103900089,51,136,-85
103900090,2,51,-49
103900091,845,48,797
103900092,1040,493,547
103900093,88,264,-176
103900094,10,43,-33
103900095,176,266,-90
103900096,289,26,263
103900097,34,129,-95
103900098,518,99,419
103900099,877,33,844
103900100,473,78,395
103900101,2239,855,1384
103900102,8,140,-132
103900104,0,6,-6
103900105,101,38,63
103900106,9,2660,-2651
103900107,413,44,369
103900108,52,80,-28
103900109,471,3,468
103900110,587,50,537
103900111,595,151,444
103900112,28,49,-21
103900113,41,66,-25
103900114,601,240,361
103900115,186,212,-26
103900116,1291,2947,-1656
103900117,40,25,15
103900119,9,418,-409
103900120,19,21,-2
103900122,433,67,366
103900123,230,1097,-867
103900124,33,1,32
103900125,165,47,118
103900126,1282,72,1210
103900127,260,153,107
103900128,284,31,253
103900131,23,75,-52
103900133,1174,13,1161
103900134,0,36,-36
103900135,0,0,0
103900137,0,1,-1
103900138,570,28,542
103900139,204,5930,-5726
103900140,4,738,-734
103900141,328,61,267
103900142,930,63,867
103900143,382,1,381
103900144,1,5,-4
103900145,199,203,-4
103900146,390,204,186
103900147,772,115,657
103900148,893,169,724
103900149,622,194,428
103900150,4248,8619,-4371
103900151,6,82,-76
103900152,2481,124,2357
103900153,26,1,25
103900154,158,2987,-2829
103900155,13,37,-24
103900156,62,15,47
103900157,429,34,395
103900158,517,23,494
103900159,891,12,879
103900160,58,30,28
103900161,89,130,-41
103900162,69,32,37
103900163,21,361,-340
103900164,244,6,238
103900167,16,113,-97
103900168,145,12,133
103900169,25,55,-30
103900170,0,26,-26
103900171,0,8,-8
103900172,2,4,-2
103900173,36,46,-10
103900174,818,33,785
103900175,38,226,-188
103900176,5,28,-23
103900177,7,3,4
103900178,161,7,154
103900179,101,10,91
103900180,5,24,-19
103900181,2,53,-51
103900182,23,8,15
103900184,134,49,85
103900185,60,1768,-1708
103900187,19,290,-271
103900188,216,146,70
103900189,363,16,347
103900190,298,73,225
103900191,7,26,-19
103900192,9,56,-47
103900193,51,27,24
103900194,163,71,92
103900195,18,226,-208
103900196,102,80,22
103900197,17,47,-30
103900198,10,7,3
103900199,167,32,135
103900200,580,34,546
103900201,106,63,43
103900202,2,149,-147
103900203,80,105,-25
103900204,0,14,-14
103900207,0,31,-31
103900208,446,2,444
103900209,6,21,-15
103900210,85,16,69
103900211,1504,156,1348
103900212,379,85,294
103900213,5,238,-233
103900214,186,440,-254
103900215,120,427,-307
103900216,26,302,-276
103900217,589,137,452
103900218,0,692,-692
103900219,674,86,588
103900233,184,8,176
103900235,25,146,-121
103900236,35,12,23
103900242,20,2,18
103900243,2,2,0
103900244,225,46,179
103900245,351,101,250
103900246,41,62,-21
103900247,21,29,-8
103900248,1,96,-95
103900249,0,38,-38
103900250,47,41,6
103900251,1,14,-13
103900253,18,70,-52
103900254,0,19,-19
103900255,1,54,-53
103900256,21,13,8
103900257,131,302,-171
103900258,7,14,-7
103900259,17,9,8
103900261,96,2,94
103900262,55,4,51
103900263,33,145,-112
103900264,42,6,36
103900265,6,7,-1
103900266,1,91,-90
103900267,2,20,-18
104000001,4802,1809,2993
104000002,3461,1916,1545
104000003,2747,1464,1283
104000004,5279,2256,3023
104000005,2934,1720,1214
104000006,3580,2560,1020
104000007,6646,4444,2202
104000008,297,126,171
104000009,421,119,302
104000010,248,893,-645
104000011,246,147,99
104000012,151,130,21
104000013,450,734,-284
104000014,265,178,87
104000015,755,117,638
104000016,380,95,285
104000018,1217,193,1024
104000019,1313,399,914
104000020,99,171,-72
104000021,539,258,281
104000022,524,526,-2
104000023,2253,608,1645
104000024,247,289,-42
104000026,75,99,-24
104000027,424,172,252
104000028,786,247,539
104000029,407,254,153
104000030,814,335,479
104000031,2193,141,2052
104000032,175,117,58
104000033,1168,277,891
104000034,245,142,103
104000035,1815,299,1516
104000036,1741,289,1452
104000037,242,83,159
104000038,602,429,173
104000039,277,94,183
104000040,83,943,-860
104000041,994,861,133
104000042,240,113,127
104000043,165,307,-142
104000044,426,3439,-3013
104000045,820,812,8
104000046,1087,644,443
104000047,927,574,353
104000048,1255,510,745
104000049,1127,446,681
104000050,158,711,-553
104000051,293,1083,-790
104000052,3033,4667,-1634
104000053,1960,794,1166
104000054,777,414,363
104000055,2443,2442,1
104000056,569,137,432
104000057,259,98,161
104000058,2145,885,1260
104000059,946,1277,-331
104000060,1851,3883,-2032
104000061,1660,777,883
104000062,427,132,295
104000064,717,227,490
104000065,246,698,-452
104000069,279,2211,-1932
104000070,58,768,-710
104000071,215,144,71
104000072,1226,187,1039
104000075,56,378,-322
104000076,917,78,839
104000082,2423,3742,-1319
104000083,654,130,524
104000084,126,265,-139
104000085,768,227,541
104000086,382,244,138
104000087,428,1942,-1514
104000090,1696,534,1162
104000092,2382,580,1802
104000094,832,581,251
104000095,4219,1725,2494
104000096,4708,83,4625
104000097,4804,348,4456
104000098,7193,466,6727
104000100,4628,1317,3311
104000101,2863,1383,1480
104000106,22,515,-493
104000107,948,136,812
104000108,391,459,-68
104000109,476,140,336
104000110,853,1884,-1031
104000111,2716,6996,-4280
104000112,736,757,-21
104000116,1,438,-437
104000117,575,209,366
104000118,3213,128,3085
104000119,1850,235,1615
104000120,765,863,-98
104000121,255,357,-102
104000122,875,375,500
104000123,1131,573,558
104000124,255,1414,-1159
104000125,1944,6985,-5041
104000126,845,533,312
104000127,1643,1400,243
104000128,964,139,825
104000129,259,7,252
104000130,5,702,-697
104000131,194,329,-135
104000132,386,386,0
104000133,2526,1009,1517
104000134,1052,1732,-680
104000135,496,1387,-891
104000136,713,3145,-2432
104000137,2002,428,1574
104000138,1416,420,996
104000139,2195,2770,-575
104000141,768,388,380
104000142,787,307,480
104000143,1046,196,850
104000144,285,231,54
104000145,336,176,160
104000146,203,653,-450
104000147,301,519,-218
104000148,651,243,408
104000149,259,74,185
104000150,2016,277,1739
104000151,959,96,863
104000152,1276,201,1075
104000153,1478,604,874
104000154,823,197,626
104000155,624,1006,-382
104000157,1618,501,1117
104000158,213,379,-166
104000159,1508,366,1142
104000160,2440,3298,-858
104000161,129,119,10
104000162,65,42,23
104000165,1437,773,664
104000167,904,2051,-1147
104000168,1810,5,1805
104000169,379,50,329
104000170,227,287,-60
104000248,769,503,266
104000251,78,135,-57
104000272,0,0,0
104000273,0,0,0
104000274,0,0,0
104000275,0,0,0
104000279,880,495,385
104000290,114,437,-323
104000291,417,1523,-1106
104000293,2022,878,1144
104000294,302,0,302
104000295,1498,1097,401
104000296,919,784,135
104000297,1478,2720,-1242
104000298,2238,842,1396
104000299,2180,739,1441
104900001,48,118,-70
104900002,123,404,-281
104900003,196,85,111
104900004,359,52,307
104900005,1218,265,953
104900006,1322,229,1093
104900007,1060,315,745
104900009,437,140,297
104900010,223,4,219
104900011,3,86,-83
104900012,400,97,303
104900013,179,32,147
104900014,1517,236,1281
104900015,161,9,152
104900016,242,116,126
104900017,148,106,42
104900018,1,94,-93
104900019,172,7828,-7656
104900020,42,241,-199
104900021,2,20,-18
104900022,9,41,-32
104900023,0,31,-31
104900024,54,161,-107
104900025,135,191,-56
104900026,2,27,-25
104900027,1055,432,623
104900028,40,150,-110
104900029,25,25,0
104900030,811,161,650
104900031,40,223,-183
104900032,39,60,-21
104900033,579,97,482
104900034,422,201,221
104900035,635,280,355
104900036,518,32,486
104900037,575,71,504
104900038,131,3085,-2954
104900039,248,1059,-811
104900040,1002,15,987
104900041,926,153,773
104900042,371,125,246
104900043,46,746,-700
104900044,2236,77,2159
104900045,786,60,726
104900046,1323,73,1250
104900047,1162,80,1082
104900048,1089,45,1044
104900049,140,68,72
104900050,1450,175,1275
104900051,872,15,857
104900052,446,1,445
104900053,1220,58,1162
104900054,514,68,446
104900055,707,3,704
104900056,846,6,840
104900057,186,0,186
104900058,678,448,230
104900059,246,31,215
104900060,1,333,-332
104900061,424,101,323
104900063,1,159,-158
104900064,0,95,-95
104900065,0,233,-233
104900066,0,70,-70
104900067,6,1289,-1283
104900068,77,843,-766
104900070,100,251,-151
104900071,0,267,-267
104900072,54,100,-46
104900073,228,125,103
104900074,99,60,39
104900075,122,26,96
104900076,373,66,307
104900077,740,141,599
104900078,452,81,371
104900079,139,1876,-1737
104900080,459,93,366
104900082,2,162,-160
104900085,1,127,-126
104900087,622,1,621
104900089,1001,16,985
104900090,2914,3048,-134
104900091,377,948,-571
104900093,281,235,46
104900097,1217,5308,-4091
104900098,449,118,331
104900099,80,1044,-964
104900100,314,79,235
104900102,93,116,-23
104900103,401,51,350
104900104,2064,2246,-182
104900106,477,79,398
104900107,114,178,-64
104900108,19,490,-471
104900109,206,241,-35
104900110,12,33,-21
104900111,304,49,255
104900112,724,173,551
104900113,1371,167,1204
104900114,1250,501,749
104900115,1988,136,1852
104900116,1137,88,1049
104900118,8,48,-40
104900119,0,65,-65
104900120,17,1549,-1532
104900121,0,38,-38
104900122,0,28,-28
104900123,536,49,487
104900124,320,11,309
104900125,438,2,436
104900126,23,15,8
104900127,38,22,16
104900128,249,103,146
104900129,719,4932,-4213
105000001,3461,1130,2331
105000002,2845,1680,1165
105000003,2850,3930,-1080
105000004,1807,837,970
105000005,2856,1473,1383
105000006,1723,2175,-452
105000007,2330,2739,-409
105000008,760,3969,-3209
105000009,5589,5668,-79
105000010,3003,974,2029
105000011,3817,4546,-729
105000012,2514,1730,784
105000013,1621,2124,-503
105000014,5665,5143,522
105000015,9236,18604,-9368
105000016,1032,1005,27
105000017,1818,1086,732
105000018,714,2466,-1752
105000019,1185,1712,-527
105000020,69,714,-645
105000021,313,144,169
105000022,128,151,-23
105000023,1132,144,988
105000028,43,57,-14
105000029,881,1376,-495
105000030,3778,3267,511
105000033,1202,873,329
105000034,149,2103,-1954
105000037,1278,119,1159
105000038,1175,2570,-1395
105000039,760,1011,-251
105000040,1251,3125,-1874
105000041,399,1127,-728
105000042,2593,1869,724
105000043,808,774,34
105000044,1971,286,1685
105000045,307,316,-9
105000046,2590,189,2401
105000047,647,251,396
105000048,2067,262,1805
105000049,433,472,-39
105000050,1455,888,567
105000051,184,235,-51
105000052,1139,2492,-1353
105000053,122,63,59
105000054,733,1501,-768
105000055,1227,816,411
105000056,2920,3913,-993
105000057,2792,4190,-1398
105000058,2187,1961,226
105000059,2710,742,1968
105000060,890,469,421
105000061,2627,493,2134
105000062,1215,529,686
105000063,620,317,303
105000064,5046,844,4202
105000065,851,331,520
105000066,1798,837,961
105000067,2876,1022,1854
105000068,320,613,-293
105000069,1256,5158,-3902
105000070,573,1537,-964
105000071,209,2906,-2697
105000072,1372,9920,-8548
105000073,2042,1068,974
105000074,731,425,306
105000075,787,529,258
105000076,1499,933,566
105000077,2269,771,1498
105000078,1187,1286,-99
105000079,884,2020,-1136
105000080,2324,2646,-322
105000081,1090,1192,-102
105000082,1218,1453,-235
105000083,2067,3145,-1078
105000084,674,1306,-632
105000085,3522,2481,1041
105000086,987,892,95
105000087,1979,1893,86
105000088,2578,4924,-2346
105000089,2324,1416,908
105000090,711,433,278
105000091,826,556,270
105000092,559,460,99
105000093,339,481,-142
105000094,244,156,88
105000095,326,684,-358
105000096,1875,2396,-521
105000097,748,574,174
105000098,2175,1652,523
105000099,838,977,-139
105000100,3495,2638,857
105000101,4563,1209,3354
105000102,3401,1721,1680
105000103,1611,2101,-490
105000104,4421,6174,-1753
105000105,1922,5527,-3605
105000106,3032,646,2386
105000107,3580,2193,1387
105000108,4310,1447,2863
105000109,5149,685,4464
105000110,2441,296,2145
105000111,2715,264,2451
105000112,1945,387,1558
105000113,698,998,-300
105000114,1445,1725,-280
105000115,361,3255,-2894
105000116,2335,843,1492
105000117,1989,343,1646
105000118,2396,491,1905
105000119,1729,617,1112
105000120,4314,829,3485
105000121,2237,720,1517
105000122,773,1548,-775
105000123,998,615,383
105000124,4347,627,3720
105000125,2110,974,1136
105000126,4332,1286,3046
105000127,4579,1459,3120
105000128,1594,2023,-429
105000129,2550,2506,44
105000130,224,5513,-5289
105000131,315,127,188
105000132,2837,1280,1557
105000133,599,444,155
105000134,3072,238,2834
105000135,314,288,26
105000136,33,22,11
105000137,1129,133,996
105000138,26,23,3
105000139,1477,368,1109
105000140,661,249,412
105000141,736,270,466
105000142,477,377,100
105000143,370,290,80
105000144,601,345,256
105000145,1312,190,1122
105000146,739,384,355
105000147,1002,275,727
105000148,937,575,362
105000149,5898,1297,4601
105000150,2056,537,1519
105000151,1704,357,1347
105000152,472,752,-280
105000153,2092,233,1859
105000154,1805,489,1316
105000155,641,440,201
105000156,813,439,374
105000157,1444,665,779
105000158,4607,563,4044
105000159,622,491,131
105000160,6820,643,6177
105000161,1544,541,1003
105000162,1134,4751,-3617
105000163,1598,632,966
105000164,173,350,-177
105000165,716,16986,-16270
105000166,3750,3751,-1
105000167,1552,6582,-5030
105000168,1747,442,1305
105000169,1936,126,1810
105000170,1205,1286,-81
105000171,2752,462,2290
105000172,862,15,847
105000173,1321,4,1317
105000174,286,14,272
105000175,367,40,327
105000176,1605,111,1494
105000177,840,390,450
105000178,787,159,628
105000179,2880,96,2784
105000180,1006,59,947
105000181,361,128,233
105000182,107,48,59
105000183,2683,4896,-2213
105000184,262,718,-456
105000185,463,1364,-901
105000186,490,1091,-601
105000187,1168,1012,156
105000188,123,120,3
105000189,47,422,-375
105000190,449,281,168
105000191,799,240,559
105000192,525,65,460
105000193,101,117,-16
105000194,784,126,658
105000195,844,533,311
105000196,73,346,-273
105000197,124,449,-325
105000198,176,125,51
105000199,73,738,-665
105000200,124,1027,-903
105000201,171,123,48
105000203,65,117,-52
105000204,166,71,95
105000205,99,82,17
105000207,177,57,120
105000208,162,412,-250
105000209,288,62,226
105000212,2255,520,1735
105000213,84,117,-33
105000214,255,159,96
105000215,1078,230,848
105000216,371,100,271
105000217,473,59,414
105000218,4993,1153,3840
105000221,208,174,34
105000222,735,199,536
105000223,912,309,603
105000226,333,114,219
105000227,137,117,20
105000228,32,2074,-2042
105000229,306,992,-686
105000231,574,207,367
105000233,1930,1820,110
105000234,320,761,-441
105000235,858,689,169
105000237,2253,114,2139
105000243,126,63,63
105000248,76,91,-15
105000262,1011,377,634
105000269,160,307,-147
105000270,1609,11,1598
105000271,0,222,-222
105000282,98,67,31
105000287,277,116,161
105000288,1811,2030,-219
105000289,586,1313,-727
105000290,70,9,61
105000402,2042,6358,-4316
105000426,206,416,-210
105000438,836,865,-29
105000446,7608,4032,3576
105000447,1980,1417,563
105000454,1153,96,1057
105000455,262,81,181
105000474,347,1,346
105000477,2149,630,1519
105000478,3511,7211,-3700
105000479,259,133,126
105000480,4523,6517,-1994
105000481,5816,5299,517
105000482,2718,2240,478
105000483,2474,4223,-1749
105000484,1559,1539,20
105000485,1236,4615,-3379
105000486,1460,1820,-360
105000488,2183,1578,605
105000489,2644,848,1796
105000549,270,567,-297
105000550,512,587,-75
105000551,17,64,-47
105000552,1861,849,1012
105900001,14,3745,-3731
105900002,867,2259,-1392
105900003,7,144,-137
105900004,314,79,235
105900005,173,1319,-1146
105900006,28,99,-71
105900007,99,137,-38
105900008,173,134,39
105900009,121,50,71
105900011,253,46,207
105900012,704,90,614
105900013,15,34,-19
105900014,7,71,-64
105900015,64,561,-497
105900016,1516,216,1300
105900017,4178,53,4125
105900018,262,214,48
105900019,135,143,-8
105900020,190,13,177
105900021,75,251,-176
105900022,633,153,480
105900023,10,111,-101
105900024,8,1024,-1016
105900025,706,7,699
105900026,108,5,103
105900027,14517,5024,9493
105900028,282,673,-391
105900029,1678,217,1461
105900030,236,188,48
105900031,554,109,445
105900032,195,72,123
105900033,165,148,17
105900034,798,155,643
105900035,1155,312,843
105900036,199,109,90
105900037,357,26,331
105900038,297,298,-1
105900039,262,80,182
105900040,269,83,186
105900041,384,76,308
105900042,230,254,-24
105900043,1013,34,979
105900044,2,622,-620
105900045,3,2626,-2623
105900046,1,146,-145
105900047,6,58,-52
105900048,177,358,-181
105900050,998,5293,-4295
105900051,37,1099,-1062
105900052,1939,194,1745
105900053,4106,7560,-3454
105900054,285,229,56
105900056,657,1035,-378
105900057,0,201,-201
105900058,5,11,-6
105900059,0,306,-306
106000001,2293,3013,-720
106000002,1297,2549,-1252
106000003,4619,5537,-918
106000004,1922,2431,-509
106000005,6158,4096,2062
106000006,6717,1244,5473
106000007,878,176,702
106000008,363,404,-41
106000009,768,209,559
106000010,315,355,-40
106000011,3114,1096,2018
106000012,1491,558,933
106000013,2529,1441,1088
106000014,2333,1327,1006
106000015,3941,947,2994
106000016,2356,1176,1180
106000017,1233,553,680
106000018,741,491,250
106000019,695,240,455
106000020,743,273,470
106000021,610,338,272
106000022,473,246,227
106000023,1164,296,868
106000024,1071,373,698
106000025,255,193,62
106000026,162,143,19
106000027,3206,1104,2102
106000028,1522,255,1267
106000029,1200,666,534
106000030,190,583,-393
106000034,71,323,-252
106000035,1530,1485,45
106000036,52,493,-441
106000037,1374,924,450
106000038,84,384,-300
106000039,46,313,-267
106000040,115,1057,-942
106000041,797,603,194
106000043,385,208,177
106000046,376,58,318
106000047,81,405,-324
106000049,1888,106,1782
106000050,352,299,53
106000051,1826,861,965
106000052,278,153,125
106000053,1136,85,1051
106000054,458,117,341
106000055,2026,383,1643
106000056,601,122,479
106000057,1025,159,866
106000058,322,28,294
106000059,797,284,513
106000060,128,199,-71
106000061,292,1131,-839
106000062,195,105,90
106000063,1447,1159,288
106000064,9,262,-253
106000065,907,272,635
106000066,206,1043,-837
106000067,1066,92,974
106000068,218,198,20
106000069,923,65,858
106000070,597,154,443
106000071,1254,159,1095
106000072,3007,1430,1577
106000073,1561,8979,-7418
106000074,1076,673,403
106000075,501,910,-409
106000076,1243,1300,-57
106000077,2213,518,1695
106000078,2410,327,2083
106000079,1479,378,1101
106000080,2419,315,2104
106000081,1661,447,1214
106000082,2179,354,1825
106000083,798,799,-1
106000084,1206,461,745
106000085,1482,1028,454
106000086,539,310,229
106000087,1225,321,904
106000088,440,321,119
106000089,1938,146,1792
106000090,642,306,336
106000091,303,335,-32
106000092,1386,159,1227
106000093,916,44,872
106000094,189,198,-9
106000095,2418,348,2070
106000096,2831,347,2484
106000097,3403,1071,2332
106000098,1906,623,1283
106000099,240,454,-214
106000100,3529,182,3347
106000101,1628,365,1263
106000102,180,734,-554
106000103,382,771,-389
106000104,2021,714,1307
106000105,650,732,-82
106000106,2084,182,1902
106000107,344,175,169
106000108,728,92,636
106000109,520,109,411
106000110,749,131,618
106000111,508,140,368
106000112,500,1223,-723
106000113,818,386,432
106000114,724,1437,-713
106000115,356,227,129
106000116,609,157,452
106000117,1603,698,905
106000118,2199,1429,770
106000119,1032,509,523
106000120,1783,2932,-1149
106000121,709,134,575
106000122,651,111,540
106000123,1859,53,1806
106000124,624,110,514
106000125,89,127,-38
106000126,840,32,808
106000127,3628,585,3043
106000128,2843,269,2574
106000129,1699,245,1454
106000130,2938,202,2736
106000131,544,969,-425
106000132,1245,86,1159
106000133,1524,2847,-1323
106000134,949,6409,-5460
106000135,302,700,-398
106000136,1835,2873,-1038
106000137,325,1413,-1088
106000138,5994,127,5867
106000139,153,67,86
106000140,83,35,48
106000141,186,39,147
106000142,278,73,205
106000143,31,33,-2
106000144,145,108,37
106000145,1246,168,1078
106000146,1199,132,1067
106000147,855,321,534
106000148,684,600,84
106000149,1733,190,1543
106000150,2243,3335,-1092
106000151,4456,728,3728
106000152,1477,3430,-1953
106000153,146,2520,-2374
106000154,1352,137,1215
106000155,387,299,88
106000156,3679,164,3515
106000157,837,2072,-1235
106000158,1599,465,1134
106000159,2906,3566,-660
106000160,1339,7882,-6543
106000161,826,176,650
106000162,816,2587,-1771
106000163,693,175,518
106000164,1473,324,1149
106000165,367,287,80
106000166,2661,206,2455
106000167,1306,505,801
106000168,2122,139,1983
106000169,656,862,-206
106000170,2214,435,1779
106000171,487,1604,-1117
106000172,4599,1582,3017
106000173,1637,1731,-94
106000174,2664,195,2469
106000175,243,301,-58
106000176,5248,599,4649
106000177,2259,1297,962
106000178,5986,844,5142
106000179,1493,1109,384
106000180,2211,535,1676
106000181,4628,1408,3220
106000182,3796,420,3376
106000183,3808,272,3536
106000184,2665,473,2192
106000185,4168,2569,1599
106000186,554,66,488
106000187,185,2678,-2493
106000188,0,2,-2
106000189,37,24,13
106000190,10,3,7
106000191,707,77,630
106000192,0,3,-3
106000193,429,449,-20
106000194,227,694,-467
106000195,441,359,82
106000196,131,1984,-1853
106000197,1254,1277,-23
106000198,413,607,-194
106000199,1171,4418,-3247
106000200,458,468,-10
106000201,782,14980,-14198
106000202,3035,1083,1952
106000203,13,77,-64
106000204,110,5,105
106000205,11,104,-93
106000206,122,14,108
106000207,4,314,-310
106000208,3832,93,3739
106000209,4391,187,4204
106000210,820,402,418
106000211,242,1351,-1109
106000212,2433,420,2013
106000213,307,1229,-922
106000214,1771,435,1336
106000215,609,931,-322
106000216,1168,568,600
106000217,268,436,-168
106000218,464,208,256
106000219,240,182,58
106000220,1121,391,730
106000221,593,77,516
106000222,203,44,159
106000223,872,77,795
106000224,639,65,574
106000225,111,249,-138
106000226,106,94,12
106000228,96,82,14
106000229,391,447,-56
106000231,2771,73,2698
106000232,172,551,-379
106000233,1496,278,1218
106000234,74,2808,-2734
106000235,547,3265,-2718
106000236,204,3613,-3409
106000237,0,25,-25
106000238,14,265,-251
106000239,7,226,-219
106000240,60,18,42
106000241,9,677,-668
106000242,845,40,805
106000249,266,39,227
106000250,167,1222,-1055
106000251,290,18,272
106000252,93,463,-370
106000253,208,75,133
106000254,325,57,268
106000255,125,258,-133
106000256,181,25,156
106000257,259,214,45
106000258,180,1293,-1113
106000259,17,1659,-1642
106000260,50,25,25
106000261,14,210,-196
106000262,124,43,81
106000263,101,511,-410
106000264,432,5,427
106000265,56,224,-168
106000266,450,54,396
106000267,34,73,-39
106000268,690,25,665
106000269,262,31,231
106000270,209,244,-35
106000271,106,72,34
106000272,236,113,123
106000273,5,166,-161
106000274,248,37,211
106000275,395,101,294
106000276,78,17,61
106000277,287,153,134
106000278,153,4,149
106000279,50,10,40
106000280,309,27,282
106000281,113,20,93
106000282,224,50,174
106000283,162,30,132
106000284,371,21,350
106000285,124,75,49
106000286,195,45,150
106000287,66,17,49
106000288,272,49,223
106000289,123,17,106
106000290,191,66,125
106000291,153,37,116
106000292,230,45,185
106000293,232,103,129
106000294,168,19,149
106000295,57,93,-36
106000296,66,47,19
106000297,19,120,-101
106000298,15,173,-158
106000299,38,20,18
106000300,16,55,-39
106000301,41,140,-99
106000303,199,10,189
106000304,238,13,225
106000305,356,56,300
106000306,271,56,215
106000307,534,11,523
106000308,140,68,72
106000309,78,18,60
106000310,670,165,505
106000311,640,107,533
106000312,242,102,140
106000313,493,48,445
106000318,129,527,-398
106000319,5272,769,4503
106000320,9,587,-578
106000321,253,1426,-1173
106000322,578,68,510
106000324,224,232,-8
106000325,3184,533,2651
106000326,940,752,188
106000327,717,49,668
106000328,11,1042,-1031
106000329,45,1239,-1194
106000330,45,483,-438
106000428,134,254,-120
106000429,215,160,55
106000430,412,1617,-1205
106000431,3921,450,3471
106000432,740,1690,-950
106000433,3457,1102,2355
106000434,5700,1135,4565
106000435,1474,1370,104
106000436,1,338,-337
106000437,1871,97,1774
106000438,246,1013,-767
106000439,59,930,-871
106000440,305,342,-37
106000441,0,0,0
106000442,3293,21,3272
106000443,487,96,391
106000450,0,89,-89
106000451,53,347,-294
106000454,6,185,-179
106000455,1,128,-127
106000456,415,47,368
106000457,88,294,-206
106000458,3384,42,3342
106000459,1333,51,1282
106000460,5828,35,5793
106000461,1293,174,1119
106000462,1,107,-106
106000463,41,27,14
106000464,1,137,-136
106000465,2086,35,2051
106000466,0,147,-147
106000467,67,240,-173
106000468,534,104,430
106000469,90,0,90
106000470,343,4033,-3690
106000471,13,256,-243
106000472,673,3,670
106000473,104,3,101
106000474,471,330,141
106000475,707,281,426
106000476,232,462,-230
106000477,11,12,-1
106900001,0,2,-2
106900002,0,162,-162
106900003,74,1699,-1625
106900004,0,18,-18
106900006,0,4,-4
106900007,0,8,-8
106900008,1720,75,1645
106900009,1144,82,1062
106900010,889,194,695
106900012,669,6084,-5415
106900013,1301,260,1041
106900014,186,5,181
106900015,38,0,38
106900016,1026,102,924
106900017,38,0,38
106900018,54,0,54
106900019,520,1,519
106900020,1696,4668,-2972
106900021,377,64,313
106900022,3580,19,3561
106900023,173,56,117
106900024,1377,87,1290
106900025,7,403,-396
106900026,0,101,-101
106900027,3130,7,3123
107000001,3972,3837,135
107000002,1749,1939,-190
107000003,14920,10048,4872
107000004,4208,1648,2560
107000005,16500,10538,5962
107000006,4923,2214,2709
107000007,7058,10053,-2995
107000008,4455,3067,1388
107000009,13737,10762,2975
107000010,6247,4181,2066
107000011,728,1113,-385
107000012,2793,5862,-3069
107000013,287,41,246
107000014,224,66,158
107000015,1096,302,794
107000016,1923,603,1320
107000017,896,1569,-673
107000018,11,1217,-1206
107000020,890,1226,-336
107000021,1256,394,862
107000022,1597,4400,-2803
107000023,2658,159,2499
107000024,1125,4367,-3242
107000025,672,222,450
107000026,483,752,-269
107000027,4162,599,3563
107000028,2658,360,2298
107000029,6997,3347,3650
107000030,3522,1274,2248
107000031,9412,3710,5702
107000032,371,600,-229
107000033,2554,5581,-3027
107000034,4241,944,3297
107000035,684,163,521
107000036,758,1697,-939
107000037,258,630,-372
107000038,309,106,203
107000039,2353,989,1364
107000040,595,180,415
107000041,1465,477,988
107000042,982,3167,-2185
107000043,1528,508,1020
107000044,304,177,127
107000045,58,178,-120
107000046,1235,211,1024
107000047,508,597,-89
107000048,605,190,415
107000049,613,378,235
107000050,936,299,637
107000051,335,426,-91
107000052,876,2576,-1700
107000053,433,523,-90
107000054,56,212,-156
107000055,199,111,88
107000056,689,780,-91
107000057,1717,138,1579
107000058,3071,2406,665
107000059,2823,2273,550
107000060,10697,4414,6283
107000061,5049,1947,3102
107000062,13190,3798,9392
107000063,4669,1828,2841
107000064,10409,8694,1715
107000065,2813,3520,-707
107000066,2310,4286,-1976
107000067,2002,1068,934
107000068,1025,996,29
107000069,1616,1423,193
107000070,2111,11,2100
107000071,9867,69,9798
107000072,4,774,-770
107000073,2851,1633,1218
107000074,67,378,-311
107000075,3865,175,3690
107000076,225,558,-333
107000077,5028,514,4514
107000078,662,642,20
107000079,6200,978,5222
107000080,448,975,-527
107000081,8211,971,7240
107000082,621,698,-77
107000083,2975,2433,542
107000084,250,1063,-813
107000085,3149,3433,-284
107000086,3601,2568,1033
107000087,4306,4002,304
107000088,3184,2641,543
107000089,1901,2865,-964
107000090,1894,712,1182
107000091,2943,815,2128
107000092,1296,640,656
107000093,2312,1209,1103
107000094,1244,552,692
107000095,3430,1189,2241
107000096,898,847,51
107000097,1133,1259,-126
107000098,224,762,-538
107000099,1015,390,625
107000100,358,492,-134
107000101,207,285,-78
107000102,318,286,32
107000103,648,487,161
107000104,287,286,1
107000105,965,1356,-391
107000106,319,175,144
107000107,1996,271,1725
107000108,370,434,-64
107000109,2836,246,2590
107000110,228,149,79
107000111,1615,49,1566
107000112,24,144,-120
107000113,2449,65,2384
107000114,149,244,-95
107000115,1522,1090,432
107000116,196,375,-179
107000117,289,4518,-4229
107000118,115,98,17
107000119,1798,2597,-799
107000120,529,1431,-902
107000121,1378,686,692
107000122,829,560,269
107000123,1149,290,859
107000124,1074,264,810
107000125,2490,296,2194
107000126,2550,243,2307
107000127,108,505,-397
107000129,347,190,157
107000130,480,384,96
107000131,710,285,425
107000132,1278,204,1074
107000133,552,180,372
107000134,331,3,328
107000135,2,295,-293
107000136,774,3,771
107000137,1,339,-338
107000138,160,63,97
107000139,7,555,-548
107000140,2829,126,2703
107000141,100,2255,-2155
107000142,927,61,866
107000143,20,1564,-1544
107000144,936,1037,-101
107000145,74,1209,-1135
107000146,192,472,-280
107000147,4416,784,3632
107000150,208,7598,-7390
107000151,4,21,-17
107000152,464,5006,-4542
107000153,65,240,-175
107000154,24,88,-64
107000155,1968,10,1958
107000156,2496,10,2486
107000157,30,477,-447
107000158,1977,49,1928
107000159,38,244,-206
107000160,3773,305,3468
107000161,91,311,-220
107000162,456,1345,-889
107000163,910,3,907
107000164,2900,2,2898
107000165,3733,7,3726
107000166,23,156,-133
107000167,2182,500,1682
107000168,1854,716,1138
107000169,262,306,-44
107000170,8335,1086,7249
107000171,1110,370,740
107000172,2994,3373,-379
107000173,796,174,622
107000174,1926,11911,-9985
107000175,2934,464,2470
107000176,0,0,0
107000177,5,1,4
107000178,447,18,429
107000179,896,833,63
107000180,3541,245,3296
107000181,1280,279,1001
107000182,3853,385,3468
107000183,552,361,191
107000184,3361,348,3013
107000185,888,653,235
107000186,1730,143,1587
107000187,2016,1762,254
107000188,1135,697,438
107000189,1813,383,1430
107000190,1702,636,1066
107000191,1599,467,1132
107000192,3268,284,2984
107000193,635,348,287
107000194,691,246,445
107000197,1618,154,1464
107000198,846,368,478
107000199,869,773,96
107000200,1550,927,623
107000201,428,310,118
107000202,579,443,136
107000203,586,980,-394
107000204,644,4182,-3538
107000205,627,338,289
107000206,345,1310,-965
107000207,505,502,3
107000208,2026,469,1557
107000209,880,810,70
107000210,84,115,-31
107000211,4,109,-105
107000212,17,110,-93
107000213,1,15,-14
107000214,19,45,-26
107000215,870,492,378
107000216,895,155,740
107000217,494,2965,-2471
107000219,107,252,-145
107000220,130,507,-377
107000222,309,294,15
107000224,899,298,601
107000225,247,183,64
107000226,1471,1063,408
107000227,226,95,131
107000228,234,834,-600
107000229,61,248,-187
107000230,856,410,446
107000231,313,1066,-753
107000232,240,21,219
107000233,164,627,-463
107000234,7,104,-97
107000235,131,31,100
107000236,6,829,-823
107000237,156,0,156
107000238,51,2,49
107000239,2658,933,1725
107000240,108,236,-128
107000241,67,1,66
107000242,213,6,207
107000243,0,34,-34
107000244,14,370,-356
107000246,2,328,-326
107000249,3,401,-398
107000251,0,109,-109
107000252,1,240,-239
107000255,346,384,-38
107000257,4,1420,-1416
107000258,3,252,-249
107000259,29,81,-52
107000260,3941,36,3905
107000262,116,162,-46
107000263,1416,28,1388
107000266,119,34,85
107000267,93,42,51
107000268,684,41,643
107000269,31,13,18
107000270,355,67,288
107000271,6,0,6
107000272,160,0,160
107000273,0,1233,-1233
107000274,794,275,519
107000275,9,1588,-1579
107000280,2997,54,2943
107000281,66,534,-468
107000282,42,701,-659
107000290,4,46,-42
107000291,24,6,18
107000292,0,167,-167
107000293,12,5,7
107000294,3,682,-679
107000295,19,1,18
107000296,0,55,-55
107000444,460,0,460
107000496,82,7,75
107000497,1304,905,399
107000500,762,150,612
107000501,182,140,42
107000502,345,213,132
107000505,302,548,-246
107000506,0,1,-1
107000508,0,126,-126
107000509,176,1015,-839
107000510,125,766,-641
107000514,42,600,-558
107000515,38,50,-12
107000516,949,627,322
107000518,3352,6749,-3397
107000519,618,494,124
107000520,333,148,185
107900001,293,80,213
107900002,101,6,95
107900003,1577,16,1561
107900004,647,4,643
107900005,7497,73,7424
107900006,494,18,476
107900007,423,79,344
107900008,27,6,21
107900009,215,17,198
107900010,161,5,156
107900012,807,80,727
107900013,598,12,586
107900014,587,9,578
107900015,5242,48,5194
107900016,145,55,90
107900017,169,3,166
107900018,68,641,-573
107900019,11,4,7
107900020,49,32,17
107900021,538,26,512
107900023,24,4,20
107900024,1,4,-3
107900025,265,115,150
107900026,241,12,229
107900027,31,71,-40
107900028,629,35,594
107900030,401,60,341
107900031,396,70,326
107900032,216,0,216
107900033,45,10,35
107900034,497,23,474
107900035,3545,313,3232
107900036,66,85,-19
107900037,0,22,-22
107900038,58,714,-656
107900039,69,23,46
107900040,6,256,-250
107900041,2,4,-2
107900043,254,95,159
107900044,10,19,-9
107900045,223,63,160
107900046,494,668,-174
107900047,210,13,197
107900048,854,43,811
107900049,447,2302,-1855
107900050,56,123,-67
107900051,121,55,66
107900052,1,197,-196
107900053,212,65,147
107900055,902,204,698
107900056,145,304,-159
107900057,5,0,5
107900058,42,323,-281
107900060,40,133,-93
107900061,2,12,-10
107900063,73,94,-21
107900064,266,1628,-1362
107900065,1384,39,1345
107900066,44,13,31
107900067,8,0,8
107900068,200,856,-656
107900069,24,6198,-6174
107900070,257,274,-17
107900071,41,160,-119
107900072,330,57,273
107900073,150,680,-530
107900074,139,617,-478
107900076,319,29,290
107900077,180,13,167
107900078,239,51,188
107900079,25,54,-29
107900080,82,581,-499
107900081,24,21,3
107900082,3,7,-4
107900083,479,162,317
107900084,367,185,182
107900086,25,1004,-979
107900087,610,44,566
107900088,297,1,296
107900089,160,586,-426
107900090,1561,3742,-2181
107900091,120,117,3
107900092,1079,115,964
107900093,53,87,-34
107900095,2422,1662,760
107900097,107,75,32
107900098,221,492,-271
107900100,289,2473,-2184
107900101,413,35,378
107900102,45,3,42
107900103,97,99,-2
107900104,821,2,819
107900105,0,68,-68
107900106,1,187,-186
107900107,1159,394,765
107900108,147,23,124
107900109,3933,74,3859
107900110,115,12,103
107900111,2,159,-157
107900112,90,830,-740
107900113,440,39,401
107900114,407,48,359
107900115,0,11,-11
107900116,538,75,463
107900117,323,178,145
107900118,76,193,-117
107900119,462,582,-120
107900120,62,9,53
107900121,1,272,-271
107900122,0,112,-112
107900123,31,381,-350
107900124,7,19,-12
107900125,5,110,-105
107900126,42,229,-187
107900127,1318,264,1054
107900128,175,72,103
107900129,270,10,260
107900130,384,14,370
107900131,121,78,43
107900132,24,733,-709
107900133,0,16,-16
107900134,13,48,-35
107900135,4,36,-32
107900136,14,31,-17
107900137,132,40,92
107900138,289,10,279
107900139,208,15,193
107900140,38,40,-2
107900141,90,14,76
107900142,20,903,-883
107900143,45,29,16
107900144,18,52,-34
107900145,3,34,-31
107900146,91,74,17
107900147,68,22,46
107900148,108,156,-48
107900149,599,63,536
107900150,15,194,-179
107900151,78,17,61
107900152,8,93,-85
107900153,525,284,241
107900154,35,58,-23
107900155,326,38,288
107900156,3,61,-58
107900157,7,49,-42
107900158,3702,214,3488
107900159,28,264,-236
107900160,291,30,261
107900161,128,38,90
107900162,3,104,-101
107900163,30,20,10
107900164,73,48,25
107900165,8,533,-525
107900166,38,55,-17
107900167,40,93,-53
107900168,151,63,88
107900169,2,4749,-4747
107900171,21,271,-250
107900172,4,205,-201
107900173,90,30,60
107900174,277,5,272
107900175,8,180,-172
107900176,149,15,134
107900177,6,294,-288
107900178,1,343,-342
107900179,122,63,59
107900180,201,2066,-1865
107900181,211,407,-196
107900182,4,218,-214
107900183,217,33,184
107900184,388,1196,-808
107900185,288,5,283
107900186,42,25,17
107900187,1,188,-187
107900188,1687,57,1630
107900189,160,510,-350
107900190,30,105,-75
107900191,87,49,38
107900193,1,112,-111
107900194,279,10,269
107900195,3580,204,3376
107900196,116,29,87
107900197,133,134,-1
107900199,1,346,-345
107900201,87,33,54
107900203,42,5,37
107900204,89,144,-55
107900205,358,161,197
107900206,186,793,-607
107900207,0,162,-162
107900208,0,166,-166
107900209,463,219,244
107900210,89,29,60
107900213,501,247,254
107900214,7,67,-60
107900215,104,298,-194
107900216,3,8,-5
107900217,59,66,-7
107900218,63,1533,-1470
107900219,407,14,393
107900220,319,166,153
107900221,88,134,-46
107900223,574,115,459
107900224,191,537,-346
107900225,5,311,-306
107900226,8,32,-24
107900227,89,193,-104
107900228,111,96,15
107900229,2,32,-30
107900230,176,10,166
107900231,132,32,100
107900232,478,38,440
107900233,1,50,-49
107900234,616,35,581
107900235,25,53,-28
107900236,902,33,869
107900237,16,159,-143
107900238,170,12,158
107900239,235,852,-617
107900240,263,14,249
107900241,11,14,-3
107900242,30,70,-40
107900243,1,15,-14
107900244,387,8,379
107900245,2014,72,1942
107900246,482,81,401
107900248,1398,185,1213
107900249,2110,258,1852
107900250,0,224,-224
107900251,43,294,-251
107900252,1648,84,1564
107900253,375,41,334
107900254,135,482,-347
107900255,346,18,328
107900256,987,3133,-2146
107900257,823,336,487
107900258,135,57,78
107900259,46,7456,-7410
107900261,0,113,-113
107900262,306,32,274
107900264,1128,53,1075
107900265,225,1191,-966
107900267,909,13,896
107900268,21,8,13
107900269,0,4,-4
107900270,0,2,-2
107900271,4,89,-85
107900272,22,133,-111
107900273,67,27,40
107900274,301,0,301
107900275,108,2,106
107900276,0,16,-16
107900277,0,20,-20
107900278,898,74,824
107900279,13,15,-2
107900280,5360,1232,4128
107900281,1490,15451,-13961
107900282,19,1630,-1611
107900283,461,1483,-1022
107900284,1509,556,953
107900285,371,20,351
107900286,10,37,-27
107900287,1284,239,1045
107900290,4,1228,-1224
107900291,1116,31,1085
107900292,191,76,115
107900293,114,135,-21
107900295,188,33,155
107900297,3,387,-384
107900298,678,384,294
107900299,2017,5861,-3844
107900300,37,675,-638
107900301,1407,1619,-212
107900302,149,39,110
107900303,935,245,690
107900304,1616,56,1560
107900305,934,22,912
107900306,6,100,-94
107900307,2,123,-121
107900308,223,132,91
107900309,28,0,28
107900310,24,0,24
107900311,270,421,-151
107900312,18,0,18
107900313,1,140,-139
107900314,0,177,-177
107900315,2,68,-66
107900316,43,0,43
107900317,170,3,167
107900318,7,207,-200
107900319,1,33,-32
107900320,1,74,-73
107900321,577,12,565
107900322,3,51,-48
107900323,11,94,-83
107900324,223,4,219
107900325,482,3,479
107900326,1693,65,1628
107900327,2,50,-48
107900328,18,1,17
107900329,5,143,-138
107900330,40,67,-27
107900331,1277,41,1236
107900332,930,9,921
107900333,155,20,135
107900334,3,75,-72
107900335,7,216,-209
107900336,40,101,-61
107900337,678,2005,-1327
107900338,0,33,-33
107900339,0,11,-11
107900340,0,134,-134
107900341,68,0,68
107900342,179,45,134
107900343,33,2,31
107900344,4,194,-190
107900345,245,66,179
107900346,35,2,33
107900347,12,0,12
107900348,14,0,14
107900349,33,18,15
107900350,4,72,-68
108000001,7082,3509,3573
108000002,1109,1087,22
108000003,3812,2118,1694
108000004,8197,8639,-442
108000005,10861,5315,5546
108000006,3107,2128,979
108000007,8483,4034,4449
108000008,2771,3128,-357
108000009,9331,5724,3607
108000010,2469,2980,-511
108000011,17972,13746,4226
108000012,7025,9907,-2882
108000014,617,1623,-1006
108000015,1427,233,1194
108000016,389,320,69
108000017,2383,220,2163
108000018,2755,789,1966
108000019,1135,544,591
108000020,1848,356,1492
108000021,346,1033,-687
108000022,725,559,166
108000023,3089,512,2577
108000024,1075,196,879
108000025,1029,190,839
108000026,2030,130,1900
108000027,1771,120,1651
108000028,1272,124,1148
108000029,1288,251,1037
108000030,1018,125,893
108000031,305,445,-140
108000032,5372,778,4594
108000033,653,335,318
108000034,3589,656,2933
108000035,540,781,-241
108000036,735,373,362
108000037,5233,257,4976
108000038,7496,301,7195
108000039,740,743,-3
108000040,4773,1457,3316
108000041,438,998,-560
108000042,1096,98,998
108000043,253,151,102
108000044,1210,104,1106
108000045,180,159,21
108000046,4247,256,3991
108000047,338,324,14
108000048,32,567,-535
108000049,1214,391,823
108000050,82,316,-234
108000051,505,348,157
108000052,343,175,168
108000053,817,355,462
108000054,492,541,-49
108000055,1824,413,1411
108000056,686,673,13
108000057,992,1448,-456
108000058,2502,7854,-5352
108000059,1577,775,802
108000060,394,373,21
108000061,125,127,-2
108000062,2364,651,1713
108000063,855,344,511
108000064,647,165,482
108000065,1009,467,542
108000066,3420,1348,2072
108000067,4925,1321,3604
108000068,1898,511,1387
108000069,87,453,-366
108000070,4599,429,4170
108000071,592,610,-18
108000072,2352,598,1754
108000073,796,540,256
108000074,1535,358,1177
108000075,276,232,44
108000076,1553,374,1179
108000077,548,251,297
108000078,5107,1300,3807
108000079,616,445,171
108000080,4222,1307,2915
108000081,921,1240,-319
108000082,505,526,-21
108000083,3659,775,2884
108000084,550,964,-414
108000085,2264,841,1423
108000086,550,478,72
108000087,170,4856,-4686
108000088,690,14,676
108000089,590,594,-4
108000090,1686,60,1626
108000091,159,353,-194
108000092,1046,150,896
108000093,436,303,133
108000094,2628,158,2470
108000095,440,178,262
108000096,1668,306,1362
108000097,218,362,-144
108000098,5307,1294,4013
108000099,480,29,451
108000100,131,263,-132
108000101,2274,1858,416
108000102,1515,3622,-2107
108000106,1556,0,1556
108000107,2,408,-406
108000108,1528,123,1405
108000109,2,347,-345
108000110,1242,210,1032
108000111,437,588,-151
108000112,55,270,-215
108000113,678,129,549
108000115,510,198,312
108000117,645,504,141
108000118,7,366,-359
108000119,803,180,623
108000120,515,1396,-881
108000121,573,314,259
108000122,2297,314,1983
108000123,2790,1390,1400
108000124,802,1612,-810
108000125,1541,323,1218
108000126,598,714,-116
108000127,1656,2225,-569
108000128,1767,274,1493
108000129,529,1534,-1005
108000130,1525,701,824
108000131,1136,104,1032
108000132,580,262,318
108000133,2317,134,2183
108000134,887,240,647
108000135,2560,1135,1425
108000136,1260,605,655
108000137,1022,171,851
108000138,1100,350,750
108000139,1251,215,1036
108000140,1452,12,1440
108000141,47,19,28
108000142,28,38,-10
108000143,55,6,49
108000144,331,5,326
108000145,115,7,108
108000146,401,6,395
108000147,78,10,68
108000148,318,31,287
108000149,9,9,0
108000150,143,26,117
108000151,5,9,-4
108000152,110,130,-20
108000153,1974,228,1746
108000154,29,2,27
108000155,89,49,40
108000156,458,88,370
108000157,261,3699,-3438
108000158,44,1620,-1576
108000159,73,153,-80
108000160,2060,2325,-265
108000161,2217,7557,-5340
108000165,3,1065,-1062
108000172,1,493,-492
108000173,645,3463,-2818
108000175,842,357,485
108000178,323,98,225
108000179,120,946,-826
108000181,118,11,107
108000182,78,10,68
108000183,2,5,-3
108000184,360,6420,-6060
108000185,1258,78,1180
108000186,786,61,725
108000187,301,271,30
108000188,2619,407,2212
108000189,332,3315,-2983
108000190,13,72,-59
108000192,482,138,344
108000193,456,27,429
108000194,17,9,8
108000195,1,968,-967
108000196,305,2491,-2186
108000198,1000,110,890
108000199,2,361,-359
108000200,1875,197,1678
108000202,0,427,-427
108000203,770,253,517
108000204,454,96,358
108000205,157,580,-423
108000339,536,363,173
108000364,70,174,-104
108000365,157,588,-431
108000367,160,112,48
108000368,68,49,19
108000369,445,58,387
108000371,0,383,-383
108000372,1713,2,1711
108000373,289,62,227
108000376,390,8,382
108000377,1715,137,1578
108000378,12317,18788,-6471
108000379,78,289,-211
108000381,341,19,322
108000382,46,0,46
108000383,0,121,-121
108900001,9,136,-127
108900002,213,16,197
108900003,321,262,59
108900004,9,626,-617
108900005,56,405,-349
108900006,1401,253,1148
108900007,697,158,539
108900008,363,73,290
108900009,339,228,111
108900010,966,160,806
108900011,1634,140,1494
108900012,928,120,808
108900013,331,270,61
108900014,62,156,-94
108900015,0,76,-76
108900016,2,90,-88
108900017,169,519,-350
108900018,234,212,22
108900019,65,184,-119
108900020,96,39,57
108900021,168,73,95
108900022,302,38,264
108900023,1,44,-43
108900024,46,19,27
108900025,813,37,776
108900026,29,53,-24
108900027,1,23,-22
108900028,345,55,290
108900029,141,178,-37
108900030,0,9,-9
108900031,263,85,178
108900032,1,51,-50
108900033,0,88,-88
108900034,0,27,-27
108900035,450,270,180
108900036,280,161,119
108900037,80,121,-41
108900038,0,75,-75
108900039,0,50,-50
108900040,11,34,-23
108900041,3522,4570,-1048
108900042,6,379,-373
108900043,35,531,-496
108900044,0,99,-99
108900045,138,75,63
108900046,20,157,-137
108900047,1,87,-86
108900048,66,178,-112
108900049,682,4920,-4238
108900050,1,67,-66
108900051,2,51,-49
108900052,87,40,47
108900053,126,849,-723
108900054,34,75,-41
108900055,18,534,-516
108900056,3,33,-30
108900057,1,42,-41
108900058,65,85,-20
108900059,2154,98,2056
108900060,139,136,3
108900061,40,4,36
108900062,1,89,-88
108900063,51,149,-98
108900064,970,21,949
108900065,81,58,23
108900066,961,49,912
108900067,2,120,-118
108900068,0,85,-85
108900069,210,18,192
108900070,47,17,30
108900071,289,10,279
108900072,1592,149,1443
108900073,13,80,-67
108900074,902,51,851
108900075,23,10,13
108900076,958,15,943
108900077,52,316,-264
108900078,135,35,100
108900079,637,105,532
108900080,3,1736,-1733
108900081,29,104,-75
108900082,180,66,114
108900083,9,408,-399
108900084,208,95,113
108900085,960,89,871
108900086,491,90,401
108900087,81,117,-36
108900088,741,793,-52
108900089,41,145,-104
108900090,98,99,-1
108900091,240,32,208
108900092,672,489,183
108900093,165,74,91
108900094,609,66,543
108900095,12,134,-122
108900096,358,13,345
108900097,415,74,341
108900098,1057,2856,-1799
108900099,871,105,766
108900100,105,62,43
108900101,481,994,-513
108900102,21,2383,-2362
108900103,254,294,-40
108900104,68,291,-223
108900105,14,4550,-4536
108900106,1099,79,1020
108900108,398,15,383
108900109,166,79,87
108900110,354,161,193
108900111,1038,125,913
108900112,714,15,699
108900113,81,59,22
108900114,1,12,-11
108900115,275,194,81
108900116,162,10,152
108900117,714,21,693
108900118,1936,39,1897
108900119,1142,47,1095
108900120,307,296,11
108900121,321,89,232
108900122,563,31,532
108900123,737,74,663
108900124,1800,150,1650
108900125,1984,12,1972
108900126,298,147,151
108900127,763,68,695
108900128,543,45,498
108900129,3305,111,3194
108900130,1810,7,1803
108900131,1254,13,1241
108900132,1154,95,1059
108900133,799,61,738
108900134,1468,141,1327
108900135,876,37,839
108900136,11,3,8
108900137,694,3,691
108900138,2019,53,1966
108900139,1902,79,1823
108900140,1738,46,1692
108900141,1170,12,1158
108900142,82,25,57
108900143,226,3,223
108900144,320,0,320
108900145,560,23,537
108900146,431,8,423
108900147,1090,2,1088
108900148,83,4,79
108900149,381,141,240
108900150,477,11,466
108900151,53,6,47
108900152,298,104,194
108900153,346,76,270
108900154,12682,542,12140
108900155,1000,62,938
108900156,300,11,289
108900157,110,191,-81
108900158,1490,110,1380
108900159,187,213,-26
108900160,34,250,-216
108900161,393,1049,-656
108900162,547,2,545
108900163,6,547,-541
108900164,119,19,100
108900165,102,72,30
108900167,981,23858,-22877
108900168,4502,2601,1901
108900169,34,62,-28
108900171,3349,6152,-2803
108900172,228,106,122
108900173,150,223,-73
108900174,1791,470,1321
108900176,169,148,21
108900177,2305,15857,-13552
108900178,1563,9756,-8193
108900179,286,2602,-2316
108900180,158,262,-104
108900182,109,593,-484
108900183,272,141,131
108900184,578,278,300
108900185,73,169,-96
108900186,191,238,-47
108900187,1814,42,1772
108900188,2073,61,2012
108900189,631,194,437
108900190,41,1010,-969
108900191,164,459,-295
108900192,116,155,-39
108900193,33,47,-14
108900194,0,89,-89
108900195,159,84,75
108900196,12,109,-97
108900198,3,195,-192
108900199,443,244,199
108900200,1570,716,854
108900201,568,652,-84
108900203,942,164,778
108900204,658,15,643
108900205,417,26,391
108900206,1088,213,875
108900207,609,683,-74
108900208,4,152,-148
108900209,70,271,-201
108900210,122,118,4
108900211,257,1126,-869
108900212,117,3184,-3067
108900215,158,205,-47
108900216,290,588,-298
108900217,63,0,63
108900218,72,16,56
108900219,18,0,18
108900220,68,12,56
108900221,23,122,-99
108900222,424,4,420
108900223,1,100,-99
108900224,23,96,-73
108900225,0,121,-121
108900226,1170,86,1084
108900227,274,351,-77
108900230,56,92,-36
108900231,19,131,-112
108900232,3,70,-67
108900233,824,202,622
108900234,484,310,174
108900235,150,230,-80
108900236,92,269,-177
108900237,9,36,-27
108900240,343,41,302
108900241,227,35,192
108900245,2,5228,-5226
108900249,230,23,207
108900250,1062,338,724
108900257,817,155,662
108900258,5,59,-54
108900259,6,23,-17
108900260,22,29,-7
108900261,23,52,-29
108900262,110,70,40
108900263,32,162,-130
108900264,98,135,-37
108900265,498,613,-115
108900266,134,3464,-3330
108900267,2,701,-699
108900268,21,34,-13
108900269,297,22,275
108900270,468,26,442
108900271,125,9,116
108900272,1009,27,982
108900273,149,750,-601
108900274,111,11,100
109000001,6321,6157,164
109000002,762,4749,-3987
109000003,6051,551,5500
109000004,861,2554,-1693
109000005,3296,482,2814
109000006,1349,984,365
109000007,4164,512,3652
109000008,1641,859,782
109000009,5896,919,4977
109000010,1621,1735,-114
109000011,9381,2216,7165
109000012,1881,1695,186
109000013,8986,8172,814
109000014,2061,1101,960
109000015,5024,21652,-16628
109000016,2799,1632,1167
109000017,5668,991,4677
109000018,1623,1433,190
109000019,4793,1255,3538
109000020,2021,969,1052
109000023,256,9,247
109000024,1,377,-376
109000025,145,1064,-919
109000026,452,303,149
109000027,173,484,-311
109000028,189,24,165
109000029,69,613,-544
109000030,362,377,-15
109000031,887,40,847
109000032,186,415,-229
109000033,967,163,804
109000034,51,51,0
109000035,1,34,-33
109000036,60,267,-207
109000037,613,6208,-5595
109000038,224,144,80
109000039,1668,1163,505
109000040,2811,29686,-26875
109000041,934,5578,-4644
109000042,1132,3118,-1986
109000044,950,22,928
109000045,142,167,-25
109000046,981,27,954
109000047,138,224,-86
109000048,504,208,296
109000049,403,423,-20
109000050,644,223,421
109000051,506,160,346
109000052,732,372,360
109000053,717,259,458
109000054,143,1152,-1009
109000055,1411,3731,-2320
109000056,347,572,-225
109000057,2477,853,1624
109000058,258,114,144
109000059,193,1255,-1062
109000060,173,617,-444
109000061,636,3034,-2398
109000062,249,546,-297
109000063,386,186,200
109000064,1478,92,1386
109000065,904,151,753
109000066,1024,80,944
109000067,251,274,-23
109000068,801,8,793
109000069,803,21,782
109000070,14,3473,-3459
109000071,552,67,485
109000072,70,186,-116
109000073,130,89,41
109000074,7,108,-101
109000075,168,121,47
109000076,130,283,-153
109000077,346,124,222
109000078,299,98,201
109000079,163,51,112
109000080,579,44,535
109000081,346,170,176
109000082,2130,88,2042
109000083,745,166,579
109000088,287,113,174
109000089,581,197,384
109000090,124,133,-9
109000091,1043,266,777
109000092,232,116,116
109000093,789,110,679
109000094,2299,29,2270
109000095,757,185,572
109000096,2784,154,2630
109000097,67,20,47
109000098,131,150,-19
109000099,1922,91,1831
109000100,825,249,576
109000101,4193,403,3790
109000102,928,308,620
109000103,1525,300,1225
109000104,6557,172,6385
109000105,921,404,517
109000106,4429,326,4103
109000107,858,611,247
109000108,5443,506,4937
109000109,667,445,222
109000110,2450,505,1945
109000111,797,853,-56
109000112,797,100,697
109000113,950,503,447
109000114,130,511,-381
109000115,997,18,979
109000116,16,472,-456
109000117,532,52,480
109000118,24,296,-272
109000119,4506,95,4411
109000120,1119,241,878
109000121,1427,33,1394
109000122,532,227,305
109000123,41,23,18
109000124,2063,349,1714
109000125,1882,619,1263
109000126,948,807,141
109000127,2795,73,2722
109000128,1137,505,632
109000129,7370,299,7071
109000130,505,320,185
109000131,1663,790,873
109000132,568,625,-57
109000133,219,330,-111
109000134,640,690,-50
109000135,538,758,-220
109000136,470,207,263
109000137,557,240,317
109000138,541,187,354
109000139,1318,293,1025
109000140,262,367,-105
109000141,1160,1082,78
109000142,238,264,-26
109000143,211,220,-9
109000145,147,275,-128
109000146,7,27,-20
109000148,1956,4324,-2368
109000149,13,211,-198
109000150,23,166,-143
109000155,1708,1303,405
109000156,1058,275,783
109000158,60,347,-287
109000159,102,322,-220
109000160,3693,183,3510
109000161,1812,656,1156
109000162,4432,323,4109
109000163,3585,673,2912
109000164,3289,1461,1828
109000165,3109,356,2753
109000166,2751,114,2637
109000167,270,162,108
109000170,74,27,47
109000171,202,24,178
109000172,20,27,-7
109000173,4,237,-233
109000174,575,24,551
109000175,38,44,-6
109000176,897,165,732
109000177,30,79,-49
109000178,1037,31,1006
109000179,3720,11180,-7460
109000180,4117,6010,-1893
109000181,56,7,49
109000182,94,13,81
109000183,123,11,112
109000184,142,13,129
109000185,50,9,41
109000188,1116,4751,-3635
109000189,6920,5475,1445
109000190,1480,596,884
109000191,399,1677,-1278
109000192,1643,58,1585
109000193,1044,67,977
109000194,794,21,773
109000195,612,44,568
109000196,412,34,378
109000197,750,150,600
109000198,633,63,570
109000199,726,216,510
109000206,371,4,367
109000207,560,7,553
109000208,248,177,71
109000209,234,28,206
109000210,496,237,259
109000211,896,250,646
109000214,1139,88,1051
109000215,172,44,128
109000216,610,516,94
109000217,233,290,-57
109000218,404,469,-65
109000221,271,210,61
109000222,1044,200,844
109000223,1483,716,767
109000224,208,24,184
109000225,465,19,446
109000226,191,104,87
109000227,5234,316,4918
109000228,2,424,-422
109000231,0,69,-69
109000232,2467,102,2365
109000236,390,348,42
109000241,2483,413,2070
109000242,2166,385,1781
109000293,110,189,-79
109000361,235,70,165
109000364,195,998,-803
109000396,8,145,-137
109000397,1715,39,1676
109000399,228,210,18
109000400,115,156,-41
109000403,22,2841,-2819
109000406,1569,1,1568
109000407,246,177,69
109000408,0,250,-250
109000410,1412,138,1274
109000411,424,2,422
109900001,247,0,247
109900002,1827,6,1821
109900003,1251,16,1235
109900004,175,54,121
109900005,82,9,73
109900006,1703,142,1561
109900007,3309,98,3211
109900008,0,4,-4
109900009,362,197,165
109900010,1716,134,1582
109900011,31,11,20
109900012,789,305,484
109900013,842,151,691
109900014,333,92,241
109900015,223,37,186
109900016,176,11,165
109900017,543,94,449
109900018,319,29,290
109900019,377,68,309
109900020,147,25,122
109900021,110,14,96
109900022,72,125,-53
109900023,42,2,40
109900024,41,1,40
109900025,18,298,-280
109900026,4,50,-46
109900027,16,33,-17
109900028,594,5332,-4738
109900029,4,116,-112
109900030,129,9,120
109900031,6,1389,-1383
109900032,17,115,-98
109900033,0,275,-275
109900034,43,0,43
109900035,357,193,164
109900036,161,922,-761
109900037,8,187,-179
109900038,102,130,-28
109900039,2,0,2
109900040,21,156,-135
109900041,146,411,-265
109900042,12,2823,-2811
109900044,190,1014,-824
109900045,90,9,81
109900046,128,176,-48
109900047,320,367,-47
109900048,19,130,-111
109900049,109,92,17
109900050,1,8,-7
109900051,0,2,-2
109900052,116,944,-828
109900053,0,29,-29
109900054,2248,137,2111
109900055,320,319,1
109900056,412,557,-145
109900057,2,90,-88
109900058,0,29,-29
109900059,3296,46,3250
109900060,2183,90,2093
109900061,377,136,241
109900062,0,62,-62
109900063,16,594,-578
109900064,1405,69,1336
109900065,139,42,97
109900066,967,262,705
109900067,0,59,-59
109900068,205,7,198
109900069,5,10,-5
109900070,31,64,-33
109900071,0,1,-1
109900072,3,40,-37
109900073,1501,185,1316
109900074,7,3,4
109900075,103,238,-135
109900076,44,59,-15
109900077,16,7,9
109900078,314,41,273
109900080,172,100,72
109900081,3,188,-185
109900082,94,113,-19
109900083,6,8,-2
109900084,86,163,-77
109900085,55,174,-119
109900086,140,1865,-1725
109900087,73,275,-202
109900089,1495,162,1333
109900090,230,337,-107
109900091,1113,695,418
109900092,578,535,43
109900093,2461,96,2365
109900094,103,52,51
109900095,46,115,-69
109900096,244,4,240
109900097,220,0,220
109900098,1793,120,1673
109900099,1097,14,1083
109900100,158,0,158
109900101,2480,21,2459
109900102,1349,24,1325
109900103,52,86,-34
109900104,2438,96,2342
109900105,1273,21,1252
109900106,820,21,799
109900107,1915,27,1888
109900108,378,171,207
109900109,54,155,-101
109900110,37,228,-191
109900111,61,183,-122
109900112,153,102,51
109900113,1486,432,1054
109900114,340,1477,-1137
109900115,393,215,178
109900117,3422,54,3368
109900118,329,143,186
109900119,211,162,49
109900120,139,14,125
109900121,415,115,300
109900122,2425,8,2417
109900123,12,33,-21
109900124,72,89,-17
109900125,3,114,-111
109900126,1042,1,1041
109900128,851,106,745
109900130,4028,6995,-2967
109900131,4,32,-28
109900132,44,24,20
109900133,225,124,101
109900134,104,163,-59
109900135,602,44,558
109900136,125,93,32
109900137,565,100,465
109900138,1657,130,1527
109900140,148,83,65
109900141,2907,230,2677
109900142,5146,640,4506
109900145,8,1064,-1056
109900146,214,34,180
109900148,2,39,-37
109900149,3,23,-20
109900150,0,24,-24
109900151,4,12,-8
109900152,0,3,-3
109900153,0,10,-10
109900154,7,0,7
109900155,131,22,109
109900157,202,56,146
109900158,122,49,73
109900159,114,14,100
109900160,260,10,250
109900161,778,30,748
109900162,559,63,496
109900163,300,99,201
109900164,46,133,-87
109900165,540,2,538
109900166,5,740,-735
109900167,177,166,11
109900168,121,323,-202
109900169,463,88,375
109900170,639,3456,-2817
109900171,879,148,731
109900172,898,725,173
109900173,3315,4563,-1248
109900174,102,88,14
109900175,225,975,-750
109900176,257,99,158
109900177,65,61,4
109900178,3,342,-339
109900179,3,27,-24
109900180,18,13,5
110000001,1342,239,1103
110000002,682,482,200
110000003,870,785,85
110000004,340,525,-185
110000005,404,3636,-3232
110000006,666,369,297
110000007,211,59,152
110000008,18,637,-619
110000009,175,2,173
110000010,61,225,-164
110000011,157,20,137
110000012,1467,199,1268
110000013,75,843,-768
110000014,775,514,261
110000015,222,979,-757
110000016,442,1870,-1428
110000017,3309,336,2973
110000018,3370,785,2585
110000019,21,37,-16
110000020,1079,557,522
110000021,199,264,-65
110000022,2632,103,2529
110000023,14,53,-39
110000024,1154,246,908
110000025,2830,4,2826
110000026,5,170,-165
110000027,843,1618,-775
110000028,2127,155,1972
110000029,1604,302,1302
110000030,736,552,184
110000031,1017,188,829
110000032,1896,131,1765
110000033,334,153,181
110000034,1825,366,1459
110000035,2085,332,1753
110000036,3080,431,2649
110000037,1068,203,865
110000038,558,1362,-804
110000039,1404,13603,-12199
110000040,655,473,182
110000041,476,4353,-3877
110000042,116,569,-453
110000043,1020,637,383
110000044,30,529,-499
110000045,110,178,-68
110000046,3,169,-166
110000047,9,100,-91
110000048,4,126,-122
110000049,2,16,-14
110000050,11,140,-129
110000051,18,8,10
110000052,67,22,45
110000053,8,17,-9
110000054,93,2383,-2290
110000055,197,549,-352
110000056,153,309,-156
110000057,969,277,692
110000058,4390,531,3859
110000059,1718,817,901
110000060,1877,962,915
110000061,1013,524,489
110000062,636,573,63
110000063,123,632,-509
110000064,485,7,478
110000065,263,369,-106
110000066,192,19,173
110000067,225,106,119
110000068,1161,126,1035
110000069,1637,20,1617
110000071,2013,31,1982
110000073,74,1,73
110000075,25,160,-135
110000076,799,988,-189
110000077,308,2935,-2627
110000078,224,13,211
110000080,169,367,-198
110000081,33,822,-789
110000082,22,836,-814
110000083,412,258,154
110000084,2546,2764,-218
110000085,763,2512,-1749
110000086,896,2926,-2030
110000087,57,76,-19
110000088,216,402,-186
110000089,1044,23,1021
110000090,203,1888,-1685
110000091,894,363,531
110000092,39,46,-7
110000093,104,9,95
110000094,686,112,574
110000095,226,866,-640
110000096,1398,3819,-2421
110000097,1333,2671,-1338
110000098,3479,744,2735
110000099,2081,1731,350
110000100,3993,81,3912
110000101,653,110,543
110000102,162,92,70
110000104,756,343,413
110000105,81,1733,-1652
110000106,1118,640,478
110000107,157,418,-261
110000108,236,215,21
110000109,470,218,252
110000110,1660,4406,-2746
110000111,4257,3762,495
110000112,138,1556,-1418
110000113,84,4701,-4617
110000114,1287,1133,154
110000115,1693,141,1552
110000116,198,164,34
110000117,1471,218,1253
110000118,2246,157,2089
110000119,1395,163,1232
110000120,966,139,827
110000121,148,812,-664
110000122,684,182,502
110000123,1016,328,688
110000124,0,469,-469
110000125,1791,9,1782
110000126,502,52,450
110000127,2503,108,2395
110000128,24,443,-419
110000129,0,174,-174
110000130,608,448,160
110000131,70,90,-20
110000132,0,187,-187
110000133,49,743,-694
110000134,38,377,-339
110000135,483,5,478
110000136,189,133,56
110000137,1765,135,1630
110000138,2082,195,1887
110000139,3250,385,2865
110000140,1693,1356,337
110000143,1256,518,738
110000144,2068,1901,167
110000145,2426,1438,988
110000146,1676,911,765
110000147,426,1441,-1015
110000148,1417,391,1026
110000151,795,1888,-1093
110000152,487,700,-213
110000153,1174,44,1130
110000154,126,61,65
110000155,1025,1960,-935
110000156,1528,1049,479
110000157,1575,2508,-933
110000160,772,260,512
110000161,492,341,151
110000166,2273,64,2209
110000167,3270,1074,2196
110000168,1057,1520,-463
110000169,1036,1022,14
110000170,324,332,-8
110000171,883,163,720
110000172,643,344,299
110000173,545,517,28
110000174,239,195,44
110000175,2893,358,2535
110000176,68,2735,-2667
110000177,378,3669,-3291
110000178,519,5703,-5184
110000179,2432,453,1979
110000180,1377,352,1025
110000181,2324,277,2047
110000182,1445,127,1318
110000183,7076,13111,-6035
110000184,325,5750,-5425
110000185,596,664,-68
110000186,671,1232,-561
110000191,2758,103,2655
110000192,1703,22,1681
110000193,2447,31,2416
110000194,6,2033,-2027
110000195,1345,67,1278
110000196,1717,98,1619
110000197,340,39,301
110000198,104,55,49
110000199,94,618,-524
110000200,907,3908,-3001
110000201,1935,5840,-3905
110000202,1747,384,1363
110000203,517,760,-243
110000204,4,78,-74
110000205,779,60,719
110000206,457,364,93
110000207,3308,189,3119
110000208,336,448,-112
110000209,64,356,-292
110000210,2139,801,1338
110000211,1282,709,573
110000212,1041,2134,-1093
110000213,831,47,784
110000214,1115,54,1061
110000215,328,90,238
110000216,264,98,166
110000217,1190,100,1090
110000218,455,54,401
110000219,959,46,913
110000220,64,48,16
110000221,1189,28,1161
110000222,68,85,-17
110000223,62,84,-22
110000224,2,13,-11
110000225,377,762,-385
110000226,637,163,474
110000227,1560,1604,-44
110000228,685,154,531
110000229,0,73,-73
110000230,658,697,-39
110000231,469,968,-499
110000232,228,595,-367
110000233,296,2528,-2232
110000234,545,848,-303
110000235,2207,1198,1009
110000236,1461,1143,318
110000237,4324,2475,1849
110000238,1642,760,882
110000239,3900,907,2993
110000240,0,33,-33
110000242,0,20,-20
110000243,580,151,429
110000244,151,773,-622
110000245,25,344,-319
110000246,2710,1194,1516
110000247,1893,4082,-2189
110000248,1780,1438,342
110000249,454,19,435
110000250,12,441,-429
110000251,857,301,556
110000252,1222,361,861
110000253,4046,604,3442
110000254,2037,758,1279
110000255,342,447,-105
110000256,831,355,476
110000257,469,513,-44
110000258,8,652,-644
110000259,613,93,520
110000260,177,147,30
110000263,1283,45,1238
110000264,1643,481,1162
110000265,1972,1964,8
110000266,1584,2020,-436
110000267,115,81,34
110000268,474,169,305
110000269,3,92,-89
110000270,264,3,261
110000271,2157,251,1906
110000272,1836,1695,141
110000273,2779,1308,1471
110000274,591,6362,-5771
110000275,2669,1782,887
110000276,339,2107,-1768
110000277,821,1881,-1060
110000278,1177,1622,-445
110000279,1468,397,1071
110000280,1343,730,613
110000281,136,93,43
110000282,207,39,168
110000283,13,145,-132
110000284,27,17,10
110000285,0,186,-186
110000286,28,0,28
110000287,281,138,143
110000288,8,305,-297
110000289,485,4434,-3949
110000290,308,1465,-1157
110000291,4927,1048,3879
110000292,1421,14546,-13125
110000293,1186,927,259
110000294,2494,4429,-1935
110000295,366,806,-440
110000296,1279,560,719
110000297,5122,223,4899
110000298,106,734,-628
110000299,343,64,279
110000301,1005,25,980
110000302,1057,5290,-4233
110000303,1548,88,1460
110000304,473,810,-337
110000305,3008,133,2875
110000306,943,657,286
110000307,6901,24,6877
110000308,1796,8,1788
110000309,5,1425,-1420
110000310,2039,134,1905
110000311,3,441,-438
110000312,1448,102,1346
110000313,4059,2196,1863
110000314,1,187,-186
110000315,2383,1765,618
110000316,654,1267,-613
110000317,351,1866,-1515
110000318,9,344,-335
110000319,8,54,-46
110000320,21,101,-80
110000321,86,114,-28
110000322,399,1146,-747
110000323,1691,437,1254
110000324,2571,1413,1158
110000325,2281,8684,-6403
110000327,1144,604,540
110000328,93,716,-623
110000333,2382,2838,-456
110000334,509,3628,-3119
110000335,1097,446,651
110000336,825,2295,-1470
110000337,3320,1555,1765
110000338,797,2706,-1909
110000339,990,287,703
110000340,67,429,-362
110000341,1297,407,890
110000342,188,13,175
110000343,0,7,-7
110000344,93,3432,-3339
110000345,191,3131,-2940
110000346,2319,3043,-724
110000347,1884,742,1142
110000348,175,50,125
110000349,47,7,40
110000350,302,3,299
110000351,2794,430,2364
110000352,1676,3113,-1437
110000353,4052,366,3686
110000354,3096,8217,-5121
110000355,540,63,477
110000356,1122,27,1095
110000357,1637,23,1614
110000361,285,15,270
110000362,561,30,531
110000363,1890,71,1819
110000364,787,420,367
110000365,203,3,200
110000366,6,623,-617
110000367,1225,377,848
110000368,104,155,-51
110000369,69,29,40
110000373,7,1832,-1825
110000374,132,72,60
110000375,275,1183,-908
110000376,68,80,-12
110000377,151,385,-234
110000378,43,582,-539
110000379,2764,3880,-1116
110000380,285,4,281
110000383,0,574,-574
110000384,1732,105,1627
110000385,0,78,-78
110000387,824,0,824
110000388,143,130,13
110000389,2216,24,2192
110000391,1942,1659,283
110000396,656,310,346
110000397,113,29,84
110000398,9,32,-23
110000399,615,1,614
110000587,405,714,-309
110000589,367,111,256
110000640,408,22,386
110000652,7,670,-663
110000653,759,233,526
110000654,0,201,-201
110000656,2,294,-292
110000674,207,15,192
110000675,22,17,5
110000676,0,42,-42
110000679,189,1198,-1009
110000682,240,365,-125
110000683,390,151,239
110000684,0,64,-64
110000685,4,36,-32
110000686,1,291,-290
110000687,11,10,1
110000688,73,2112,-2039
110000689,42,2,40
110000692,12,368,-356
110000693,9,362,-353
110000694,0,113,-113
110000695,237,1558,-1321
110000696,198,11,187
110900001,902,65,837
110900002,590,272,318
110900003,4111,134,3977
110900004,1315,52,1263
110900005,2838,11755,-8917
110900006,197,189,8
110900007,697,398,299
110900008,6,6,0
110900009,555,1756,-1201
110900010,3,12,-9
110900011,24,41,-17
110900012,7,47,-40
110900013,2406,131,2275
110900014,653,167,486
110900015,252,990,-738
110900016,115,75,40
110900017,1270,47,1223
110900018,1047,4,1043
110900019,1247,52,1195
110900020,706,77,629
110900021,383,242,141
110900022,72,89,-17
110900023,91,261,-170
110900024,255,155,100
110900025,1,19,-18
110900027,231,75,156
110900028,38,63,-25
110900029,29,63,-34
110900030,48,69,-21
110900031,2,82,-80
110900032,1,23,-22
110900033,31,104,-73
110900035,44,535,-491
110900036,249,2,247
110900037,258,9,249
110900038,690,248,442
110900039,1,313,-312
110900040,566,7,559
110900041,10,26,-16
110900042,258,75,183
110900043,9,17,-8
110900044,317,44,273
110900045,399,203,196
110900046,5,84,-79
110900047,215,1072,-857
110900049,348,93,255
110900050,119,4,115
110900051,81,49,32
110900052,2,1098,-1096
110900053,507,18,489
110900054,56,1279,-1223
110900055,47,0,47
110900056,115,48,67
110900057,3,186,-183
110900058,782,52,730
110900059,628,662,-34
110900060,527,95,432
110900061,21,13,8
110900062,432,80,352
110900063,108,119,-11
110900064,14,0,14
110900065,89,37,52
110900066,12,84,-72
110900067,114,1140,-1026
110900068,522,59,463
110900069,15,4,11
110900070,531,19,512
110900071,146,2746,-2600
110900073,0,2,-2
110900074,1607,118,1489
110900075,1363,62,1301
110900077,3859,349,3510
110900078,575,21,554
110900079,781,1657,-876
110900080,425,99,326
110900081,82,12,70
110900082,648,43,605
110900083,309,18,291
110900084,359,42,317
110900085,48,79,-31
110900086,137,316,-179
110900087,865,541,324
110900088,3,0,3
110900090,144,212,-68
110900091,1,44,-43
110900093,332,59,273
110900095,74,12,62
110900097,54,4,50
110900098,25,26,-1
110900099,93,122,-29
110900100,0,12,-12
110900102,91,35,56
110900105,1610,77,1533
110900108,79,22,57
110900111,2410,119,2291
110900112,1084,11,1073
110900113,879,247,632
110900115,1,15,-14
110900116,3585,955,2630
110900118,76,7250,-7174
110900119,1815,113,1702
110900120,455,92,363
110900121,133,0,133
110900122,801,182,619
110900125,452,1690,-1238
110900127,789,2276,-1487
110900128,20,144,-124
110900129,104,1291,-1187
110900130,130,241,-111
110900131,782,2038,-1256
110900132,1453,61,1392
110900133,175,1663,-1488
110900135,94,123,-29
110900136,549,64,485
110900137,23,0,23
110900138,274,604,-330
110900139,0,87,-87
110900140,3,1,2
110900141,7,331,-324
110900142,64,105,-41
110900143,826,38,788
110900144,1,139,-138
110900145,565,318,247
110900146,131,954,-823
110900147,403,790,-387
110900148,1,616,-615
110900149,2,46,-44
110900150,48,37,11
110900151,1,45,-44
110900152,14,100,-86
110900153,335,25,310
111000001,690,691,-1
111000002,370,489,-119
111000003,4251,1830,2421
111000004,762,873,-111
111000005,2077,2128,-51
111000006,1000,2614,-1614
111000007,5428,7804,-2376
111000008,3280,6670,-3390
111000009,370,1002,-632
111000010,3379,683,2696
111000011,84,1036,-952
111000012,322,604,-282
111000013,619,1727,-1108
111000014,3433,1342,2091
111000017,60,693,-633
111000018,276,491,-215
111000020,678,1354,-676
111000021,48,164,-116
111000023,160,1100,-940
111000025,4036,6817,-2781
111000029,145,90,55
111000030,51,35,16
111000031,2068,1110,958
111000032,910,1585,-675
111000033,373,58,315
111000034,83,126,-43
111000037,1423,306,1117
111000038,2701,1187,1514
111000039,3085,895,2190
111000040,2716,697,2019
111000041,823,549,274
111000042,2952,2504,448
111000043,2408,10776,-8368
111000044,3055,707,2348
111000045,6007,1167,4840
111000046,4858,989,3869
111000047,4320,9565,-5245
111000049,871,180,691
111000050,1709,353,1356
111000051,1015,891,124
111000052,1017,2787,-1770
111000053,326,549,-223
111000054,380,772,-392
111000055,882,3295,-2413
111000056,283,3326,-3043
111000057,247,140,107
111000058,1732,192,1540
111000059,1005,808,197
111000060,10283,1385,8898
111000061,1664,332,1332
111000062,2078,932,1146
111000063,1507,2085,-578
111000064,1809,271,1538
111000065,2078,415,1663
111000066,1714,198,1516
111000067,3091,185,2906
111000068,1872,314,1558
111000069,1848,2041,-193
111000070,550,339,211
111000071,719,147,572
111000072,2496,1052,1444
111000073,212,2399,-2187
111000074,3789,2470,1319
111000075,1228,526,702
111000076,1320,1206,114
111000077,1441,570,871
111000078,2292,454,1838
111000079,1247,624,623
111000080,1081,651,430
111000081,1756,11135,-9379
111000082,1422,319,1103
111000084,1237,357,880
111000085,2433,979,1454
111000086,2943,1120,1823
111000087,1234,505,729
111000088,6433,7432,-999
111000089,1567,458,1109
111000090,781,633,148
111000091,1384,229,1155
111000092,4032,867,3165
111000093,1890,3540,-1650
111000094,3085,1494,1591
111000095,1715,4678,-2963
111000096,1652,12822,-11170
111000097,2329,704,1625
111000098,402,630,-228
111000099,1074,1105,-31
111000100,1085,981,104
111000101,558,593,-35
111000102,694,285,409
111000104,1834,195,1639
111000107,229,417,-188
111000109,1867,263,1604
111000110,2748,604,2144
111000111,8416,244,8172
111000112,4281,471,3810
111000113,743,4023,-3280
111000114,1545,9611,-8066
111000115,3466,1014,2452
111000116,956,641,315
111000117,349,1101,-752
111000118,1073,1956,-883
111000119,2989,358,2631
111000120,1289,708,581
111000121,450,951,-501
111000122,845,461,384
111000123,2990,1322,1668
111000124,987,1622,-635
111000125,575,1895,-1320
111000126,114,614,-500
111000127,2934,150,2784
111000128,6125,324,5801
111000129,7376,439,6937
111000130,6644,357,6287
111000131,6738,383,6355
111000132,3721,3315,406
111000133,222,75,147
111000134,316,28,288
111000135,176,151,25
111000136,772,211,561
111000138,125,2,123
111000140,1,1,0
111000141,306,405,-99
111000142,2,67,-65
111000143,11,215,-204
111000144,2,386,-384
111000145,81,5,76
111000146,321,4,317
111000147,157,27,130
111000148,269,69,200
111000149,6,50,-44
111000150,268,4,264
111000151,2,392,-390
111000153,583,266,317
111000154,383,67,316
111000155,395,80,315
111000156,875,175,700
111000157,584,449,135
111000158,1901,594,1307
111000159,3327,693,2634
111000160,919,120,799
111000161,9,306,-297
111000162,6,58,-52
111000163,1843,859,984
111000164,493,3386,-2893
111000165,839,159,680
111000166,470,82,388
111000167,171,278,-107
111000168,261,169,92
111000169,563,125,438
111000170,495,287,208
111000171,1179,269,910
111000172,575,302,273
111000173,350,412,-62
111000174,721,110,611
111000175,87,1332,-1245
111000176,1734,34,1700
111000177,2508,137,2371
111000178,3113,106,3007
111000179,665,56,609
111000180,460,284,176
111000181,3731,293,3438
111000182,472,443,29
111000183,370,2417,-2047
111000184,524,166,358
111000185,518,731,-213
111000186,267,2537,-2270
111000187,298,156,142
111000188,755,647,108
111000189,243,251,-8
111000190,654,105,549
111000191,434,176,258
111000192,354,217,137
111000193,427,141,286
111000194,169,390,-221
111000195,359,764,-405
111000196,212,68,144
111000197,1546,76,1470
111000198,1025,43,982
111000199,856,549,307
111000200,1359,977,382
111000201,1994,72,1922
111000202,921,79,842
111000203,881,289,592
111000204,367,2041,-1674
111000213,478,200,278
111000214,2068,1252,816
111000215,1192,641,551
111000217,2497,569,1928
111000218,3396,1142,2254
111000219,511,74,437
111000220,1429,765,664
111000221,205,93,112
111000224,2,210,-208
111000225,450,134,316
111000226,559,3,556
111000227,13,0,13
111000228,24,953,-929
111000229,12,2660,-2648
111000230,540,157,383
111000231,2163,277,1886
111000232,1758,3163,-1405
111000233,4147,342,3805
111000234,374,783,-409
111000239,81,32,49
111000240,95,799,-704
111000241,36,137,-101
111000242,663,70,593
111000243,398,739,-341
111000244,2440,655,1785
111000245,1130,1170,-40
111000246,1371,61,1310
111000247,1107,556,551
111000248,1144,169,975
111000249,779,192,587
111000250,228,25,203
111000251,358,64,294
111000253,80,10,70
111000255,186,4,182
111000257,119,3,116
111000260,256,523,-267
111000261,4018,100,3918
111000271,178,375,-197
111000273,2970,907,2063
111000274,1942,4015,-2073
111000275,160,13,147
111000276,661,478,183
111000277,584,139,445
111000278,554,142,412
111000291,2249,25099,-22850
111000298,900,213,687
111000299,1334,178,1156
111000300,64,324,-260
111000302,639,29,610
111000303,407,89,318
111000312,152,43,109
111000315,0,75,-75
111000320,465,280,185
111000321,687,226,461
111000322,1497,149,1348
111000323,537,134,403
111000324,276,102,174
111000325,89,52,37
111000326,423,249,174
111000327,534,300,234
111000328,545,733,-188
111000329,0,8,-8
111000330,435,7,428
111000331,58,4,54
111000332,475,676,-201
111000334,175,1206,-1031
111000335,2469,956,1513
111000337,5146,257,4889
111000338,327,45,282
111000339,2262,85,2177
111000340,149,2691,-2542
111000341,4367,2518,1849
111000342,112,693,-581
111000344,2146,345,1801
111000345,157,67,90
111000346,21,87,-66
111000347,463,22,441
111000350,223,136,87
111000351,182,911,-729
111000352,277,107,170
111000353,199,251,-52
111000354,1043,201,842
111000355,1048,528,520
111000358,225,407,-182
111000360,330,129,201
111000361,431,135,296
111000546,2582,757,1825
111000547,1191,995,196
111000548,678,179,499
111000549,736,255,481
111000550,34,1928,-1894
111000551,315,50,265
111000552,704,249,455
111000907,820,7,813
111000908,72,1,71
111000916,6369,616,5753
111000917,133,491,-358
111000918,338,211,127
111000920,1996,6,1990
111000921,4,69,-65
111000922,2518,98,2420
111000924,115,227,-112
111000925,7309,3553,3756
111000926,1870,4628,-2758
111000927,2388,7443,-5055
111000928,6541,2562,3979
111000929,3119,1763,1356
111000930,2249,7527,-5278
111000931,2941,1040,1901
111000932,3776,2044,1732
111000933,3189,4454,-1265
111000934,1906,1233,673
111000935,5017,1335,3682
111000936,2987,972,2015
111000937,1902,1402,500
111000938,3285,1174,2111
111000939,2187,46,2141
111000940,2720,18,2702
111000941,847,356,491
111000943,1378,128,1250
111000944,538,170,368
111000945,856,2613,-1757
111001109,688,1666,-978
111001110,353,330,23
111001111,552,25,527
111001112,190,43,147
111001113,0,279,-279
111001114,820,56,764
111001115,11,742,-731
111001116,3711,12099,-8388
111001117,305,5643,-5338
111001120,119,306,-187
111001121,589,93,496
111001122,203,85,118
111001123,682,117,565
111900001,105,31,74
111900002,293,97,196
111900003,1,123,-122
111900004,3,27,-24
111900006,119,72,47
111900007,938,7,931
111900008,987,2,985
111900009,730,10,720
111900010,41,182,-141
111900012,50,32,18
111900013,57,9,48
111900014,2182,13301,-11119
111900015,0,74,-74
111900016,0,21,-21
111900017,0,18,-18
111900018,321,13,308
111900019,0,143,-143
111900020,0,18,-18
111900021,9,10,-1
111900022,3,16,-13
111900023,85,19,66
111900024,0,512,-512
111900025,0,38,-38
111900026,0,40,-40
111900027,0,84,-84
111900028,1,61,-60
111900029,0,23,-23
111900030,26,308,-282
111900031,39,132,-93
111900032,0,78,-78
111900033,8,12,-4
111900034,20,233,-213
111900035,126,2029,-1903
111900036,0,62,-62
111900038,55,143,-88
111900039,55,506,-451
111900040,0,107,-107
111900042,19,48,-29
111900043,2,86,-84
111900044,49,108,-59
111900046,8,69,-61
111900048,1137,1011,126
111900049,6,83,-77
111900050,403,26,377
111900051,0,111,-111
111900052,117,67,50
111900053,574,5258,-4684
111900054,694,9,685
111900055,4,65,-61
111900056,76,506,-430
111900057,705,14,691
111900058,1980,320,1660
111900059,1048,1747,-699
111900060,1085,5,1080
111900061,3,49,-46
111900062,146,708,-562
111900063,503,37,466
111900064,19,45,-26
111900065,410,70,340
111900066,396,86,310
111900067,728,160,568
111900068,61,141,-80
111900069,150,20,130
111900070,610,48,562
111900071,0,72,-72
111900072,64,91,-27
111900073,3186,347,2839
111900074,1,99,-98
111900075,109,2,107
111900076,832,136,696
111900077,102,2,100
111900078,1187,135,1052
111900079,51,90,-39
111900080,70,210,-140
111900081,217,132,85
111900082,459,61,398
111900083,719,97,622
111900084,310,39,271
111900085,63,86,-23
111900086,307,35,272
111900087,242,18,224
111900088,1987,46,1941
111900089,231,4,227
111900090,106,199,-93
111900091,1758,32,1726
111900092,359,2,357
111900093,1422,30,1392
111900094,409,1,408
111900095,1062,49,1013
111900096,639,3,636
111900097,294,1,293
111900098,1108,43,1065
111900099,188,0,188
111900100,211,11,200
111900101,347,10,337
111900102,1908,1635,273
111900103,65,116,-51
111900104,211,34,177
111900105,244,843,-599
111900106,305,16,289
111900107,7,60,-53
111900108,545,685,-140
111900109,635,1373,-738
111900110,3720,232,3488
111900111,903,4,899
111900112,206,9566,-9360
111900113,602,41,561
111900114,254,55,199
111900115,50,8,42
111900118,642,134,508
111900119,304,217,87
111900122,16,89,-73
111900123,10,9,1
111900124,86,35,51
111900125,1697,121,1576
111900126,1589,2,1587
111900127,0,118,-118
111900128,36,151,-115
111900129,814,17,797
111900130,336,78,258
111900131,1551,2,1549
111900132,46,380,-334
111900133,2,161,-159
111900134,1,63,-62
111900135,13,24,-11
111900136,52,83,-31
111900137,32,6,26
111900138,25,15,10
111900139,143,26,117
111900140,161,18,143
111900141,198,0,198
111900142,189,2,187
111900143,194,141,53
111900144,2,31,-29
111900145,1,121,-120
111900146,0,76,-76
111900147,14,310,-296
111900148,15,788,-773
111900149,16,240,-224
111900150,10,45,-35
111900151,3,23,-20
111900152,89,32,57
111900153,659,781,-122
111900154,26,1459,-1433
111900155,115,312,-197
111900156,147,92,55
111900157,276,26,250
111900158,1195,157,1038
111900159,1148,158,990
111900160,906,18,888
111900161,1032,3,1029
111900162,201,737,-536
111900163,6,41,-35
111900164,127,56,71
111901113,2524,397,2127
111901114,974,3465,-2491
111901115,865,1,864
111901116,70,17,53
111901117,73,190,-117
111901118,21,1690,-1669
111901119,179,19,160
111901120,14,46,-32
111901121,30,70,-40
111901122,6,67,-61
111901123,1082,60,1022
111901124,723,28,695
111901125,2746,257,2489
111901126,437,171,266
111901127,3491,3279,212
111901128,7,56,-49
111901129,8,110,-102
111901130,8,369,-361
111901131,0,177,-177
111901132,136,29,107
111901133,267,1,266
111901134,409,3,406
111901135,104,5,99
111901136,98,33,65
111901137,0,18,-18
111901138,17,4,13
111901139,2,29,-27
111901140,3,31,-28
111901141,1,52,-51
111901142,0,22,-22
111901143,3,66,-63
111901144,67,41,26
112000001,4852,936,3916
112000002,1091,2535,-1444
112000003,8418,1345,7073
112000004,2516,551,1965
112000005,6520,6163,357
112000006,813,617,196
112000007,8250,5261,2989
112000008,6467,5811,656
112000009,3228,1120,2108
112000010,7509,6603,906
112000011,1911,1068,843
112000012,5170,5485,-315
112000013,1577,2276,-699
112000014,1005,4488,-3483
112000015,1216,3478,-2262
112000016,3389,5387,-1998
112000017,542,5636,-5094
112000024,568,162,406
112000026,2455,1039,1416
112000027,930,620,310
112000028,749,889,-140
112000029,1098,954,144
112000030,132,15,117
112000031,1469,4606,-3137
112000032,98,4,94
112000033,2630,5448,-2818
112000034,84,23,61
112000035,79,942,-863
112000036,149,1386,-1237
112000037,950,4271,-3321
112000038,1160,2608,-1448
112000039,285,55,230
112000040,29,161,-132
112000041,436,415,21
112000042,601,50,551
112000050,1705,682,1023
112000051,1724,5331,-3607
112000054,1517,1255,262
112000057,868,206,662
112000058,486,326,160
112000059,805,589,216
112000061,3026,453,2573
112000062,494,1307,-813
112000063,266,4481,-4215
112000064,2944,1949,995
112000065,854,920,-66
112000066,3573,1382,2191
112000067,674,435,239
112000068,4125,2073,2052
112000069,801,1938,-1137
112000070,2180,870,1310
112000071,1762,1367,395
112000072,5053,764,4289
112000073,1509,2055,-546
112000074,1212,1131,81
112000075,1819,1562,257
112000076,4596,2418,2178
112000077,1910,544,1366
112000078,3877,910,2967
112000079,3832,1586,2246
112000080,1606,660,946
112000081,1177,1274,-97
112000082,2237,486,1751
112000083,1865,635,1230
112000084,2215,348,1867
112000085,2839,354,2485
112000086,4706,630,4076
112000087,1673,132,1541
112000088,1875,262,1613
112000089,577,271,306
112000090,301,267,34
112000091,1018,305,713
112000092,4073,651,3422
112000093,2511,374,2137
112000094,1012,450,562
112000095,1554,243,1311
112000096,1377,364,1013
112000097,5669,482,5187
112000098,687,488,199
112000099,1330,2834,-1504
112000100,5419,761,4658
112000101,1211,622,589
112000102,4023,277,3746
112000103,831,411,420
112000105,520,354,166
112000106,5309,259,5050
112000107,177,164,13
112000108,2000,750,1250
112000109,190,43,147
112000110,4091,628,3463
112000111,776,1893,-1117
112000112,3787,301,3486
112000113,1699,2444,-745
112000114,4597,634,3963
112000115,487,260,227
112000116,1321,551,770
112000117,2289,465,1824
112000118,923,605,318
112000119,668,390,278
112000120,94,99,-5
112000121,585,194,391
112000122,1015,91,924
112000123,1704,66,1638
112000124,1071,108,963
112000125,557,343,214
112000126,1956,174,1782
112000127,2634,2743,-109
112000128,1018,738,280
112000129,371,43,328
112000130,917,79,838
112000131,89,62,27
112000132,307,64,243
112000133,1123,83,1040
112000134,1253,202,1051
112000135,2478,2334,144
112000136,1258,7056,-5798
112000137,2760,5437,-2677
112000138,1880,1677,203
112000139,677,767,-90
112000140,261,435,-174
112000141,1986,397,1589
112000142,347,286,61
112000143,2723,259,2464
112000144,503,511,-8
112000145,5778,325,5453
112000146,1362,631,731
112000147,3420,1429,1991
112000148,1430,693,737
112000149,2141,519,1622
112000150,1035,217,818
112000151,1048,137,911
112000152,1578,233,1345
112000153,1150,108,1042
112000154,330,757,-427
112000155,260,111,149
112000157,490,937,-447
112000158,527,106,421
112000159,2822,229,2593
112000167,898,312,586
112000169,133,1031,-898
112000173,3129,181,2948
112000175,1271,279,992
112000176,893,1261,-368
112000177,2661,517,2144
112000178,97,130,-33
112000179,766,145,621
112000180,608,160,448
112000181,1401,364,1037
112000182,4419,281,4138
112000183,107,12,95
112000184,1147,233,914
112000185,2396,216,2180
112000187,7817,6902,915
112000195,454,18,436
112000196,195,0,195
112000197,72,116,-44
112000198,14,469,-455
112000199,258,446,-188
112000202,2495,92,2403
112000216,40,124,-84
112000230,431,7,424
112000231,2,60,-58
112000256,130,479,-349
112000313,181,30,151
112000314,137,73,64
112000337,255,615,-360
112000352,205,305,-100
112000392,2156,507,1649
112000398,4232,556,3676
112000399,1145,6855,-5710
112000400,1911,733,1178
112000401,1313,854,459
112000402,5218,5777,-559
112000403,2050,12063,-10013
112000404,3165,1506,1659
112000405,5532,2857,2675
112000406,3817,1489,2328
112000407,17332,9659,7673
112000408,7156,1486,5670
112000409,2019,1234,785
112000410,301,283,18
112000411,1697,2384,-687
112000412,379,184,195
112000413,4107,11782,-7675
112000414,338,36,302
112000415,210,7,203
112000416,7971,780,7191
112000417,463,65,398
112000421,180,16,164
112000422,638,133,505
112000424,992,5273,-4281
112000425,767,190,577
112000426,702,488,214
112000427,0,15,-15
112000428,624,421,203
112000429,2081,1491,590
112000430,2705,4009,-1304
112000431,382,237,145
112000432,1338,445,893
112000433,189,396,-207
112000437,86,90,-4
112900001,73,1,72
112900002,1776,160,1616
112900003,62,38,24
112900004,146,65,81
112900005,668,33,635
112900006,157,54,103
112900007,71,36,35
112900008,0,174,-174
112900009,831,302,529
112900010,631,131,500
112900011,122,109,13
112900012,0,8,-8
112900013,14,374,-360
112900014,20,35,-15
112900015,54,171,-117
112900016,2,290,-288
112900017,114,140,-26
112900018,0,274,-274
112900019,50,145,-95
112900020,199,341,-142
112900021,1,116,-115
112900022,51,34,17
112900023,0,80,-80
112900024,25,37,-12
112900025,287,111,176
112900026,0,52,-52
112900027,3,173,-170
112900028,132,34,98
112900029,14,101,-87
112900030,471,76,395
112900031,3,491,-488
112900032,334,115,219
112900034,1,31,-30
112900035,0,82,-82
112900036,11,85,-74
112900037,110,210,-100
112900038,1820,46,1774
112900039,6,117,-111
112900040,2,275,-273
112900041,607,1019,-412
112900042,423,137,286
112900043,66,24,42
112900044,111,178,-67
112900045,389,108,281
112900046,46,36,10
112900047,8,13,-5
112900049,1008,10,998
112900050,18,211,-193
112900051,239,172,67
112900052,3,338,-335
112900053,87,375,-288
112900054,71,55,16
112900055,72,13,59
112900056,331,144,187
112900057,134,163,-29
112900058,412,538,-126
112900059,128,142,-14
112900060,50,41,9
112900061,55,24,31
112900062,102,30,72
112900063,18,18,0
112900064,39,45,-6
112900065,30,6,24
112900066,565,933,-368
112900067,233,15,218
112900068,47,205,-158
112900069,885,1838,-953
112900071,36,8,28
112900072,64,10182,-10118
112900073,481,472,9
112900074,243,715,-472
112900075,603,2831,-2228
112900076,61,23,38
112900078,337,901,-564
112900079,416,175,241
112900080,571,10,561
112900081,46,790,-744
112900082,849,50,799
112900083,485,331,154
112900084,541,517,24
112900085,1,37,-36
112900086,306,0,306
112900087,3656,267,3389
112900088,646,8,638
112900089,2236,37,2199
112900090,225,160,65
112900091,1001,25,976
112900092,63,1371,-1308
112900093,1768,58,1710
112900094,164,8,156
112900095,421,0,421
112900096,1386,219,1167
112900097,213,178,35
112900098,279,4,275
112900099,2881,26,2855
112900100,306,6,300
112900101,839,13,826
112900102,101,71,30
112900103,509,16,493
112900104,99,1,98
112900105,96,0,96
112900106,872,157,715
112900107,14,5,9
112900108,1,1,0
112900109,406,1,405
112900110,3585,32,3553
112900111,1557,18,1539
112900112,681,2,679
112900113,0,10,-10
112900114,1031,21,1010
112900115,5078,7,5071
112900116,242,6,236
112900117,192,17,175
112900118,4,11,-7
112900119,1158,16,1142
112900120,466,261,205
112900121,76,47,29
112900122,1,36,-35
112900123,1338,43,1295
112900124,14,28,-14
112900125,16,292,-276
112900126,27,109,-82
112900127,1279,32,1247
112900128,60,219,-159
112900129,0,288,-288
112900130,410,95,315
112900131,7,247,-240
112900132,51,876,-825
112900133,24,2812,-2788
112900134,2,161,-159
112900135,137,121,16
112900136,0,41,-41
112900137,0,216,-216
112900138,2,85,-83
112900139,44,467,-423
112900140,0,79,-79
112900141,1408,8,1400
112900142,48,602,-554
112900143,1,248,-247
112900144,1,134,-133
112900145,3,154,-151
112900146,9,140,-131
112900147,0,231,-231
112900148,34,2,32
112900149,332,138,194
112900151,2,21,-19
112900152,3375,332,3043
112900153,626,8715,-8089
112900154,0,17,-17
112900155,265,31,234
112900156,1532,185,1347
112900157,1058,3,1055
112900158,137,1,136
112900159,196,366,-170
112900160,27,94,-67
112900161,430,33,397
112900162,5,19,-14
112900163,5,48,-43
112900164,25,143,-118
112900165,50,19,31
112900166,20,117,-97
112900167,9,2135,-2126
112900168,3,1,2
112900169,4,19,-15
112900170,158,31,127
112900172,27,60,-33
112900173,126,90,36
112900174,980,28,952
112900175,244,307,-63
112900176,29,64,-35
112900177,254,90,164
112900178,400,4830,-4430
112900179,6,471,-465
112900180,3278,882,2396
112900181,2135,15,2120
112900182,39,364,-325
112900183,12,189,-177
112900184,230,259,-29
112900185,59,468,-409
112900186,760,812,-52
112900187,70,244,-174
112900188,512,2156,-1644
112900189,21,0,21
112900190,28,3,25
112900192,808,426,382
112900193,966,198,768
112900194,146,17,129
112900195,1087,62,1025
112900196,356,267,89
112900197,86,293,-207
112900199,1546,157,1389
112900200,1030,73,957
112900201,297,204,93
112900202,1469,316,1153
112900203,726,67,659
112900204,748,149,599
112900205,15,0,15
112900206,56,6,50
112900207,16,0,16
112900208,45,1163,-1118
112900209,62,138,-76
112900210,0,14,-14
112900211,160,3,157
112900212,2,8,-6
112900213,68,1,67
112900214,3,18,-15
112900215,15,26,-11
112900216,31,16,15
112900217,0,8,-8
112900218,133,5,128
112900219,323,31,292
112900220,1,0,1
112900221,40,87,-47
112900222,3,1112,-1109
112900223,1278,28,1250
112900224,2130,135,1995
112900225,1160,141,1019
112900226,71,297,-226
112900227,2495,2341,154
112900228,145,15,130
112900229,894,8,886
112900230,7816,2917,4899
112900232,605,472,133
112900233,170,29,141
112900234,106,5,101
112900235,9,3,6
112900236,1667,19,1648
112900237,1207,81,1126
112900238,49,3,46
113000001,8017,4549,3468
113000002,7969,3501,4468
113000003,2718,1522,1196
113000004,3275,1819,1456
113000005,3127,1291,1836
113000006,2413,1324,1089
113000007,3405,1520,1885
113000008,3471,1163,2308
113000009,2139,775,1364
113000010,2927,821,2106
113000011,1025,838,187
113000012,1911,1037,874
113000013,532,578,-46
113000014,866,1208,-342
113000015,164,207,-43
113000016,221,564,-343
113000017,156,359,-203
113000018,760,35,725
113000019,408,556,-148
113000020,317,45,272
113000021,3692,838,2854
113000022,1607,2490,-883
113000025,62,239,-177
113000026,1561,502,1059
113000027,1295,709,586
113000028,943,1454,-511
113000029,618,494,124
113000030,116,565,-449
113000031,189,225,-36
113000032,181,120,61
113000033,322,137,185
113000034,116,61,55
113000035,33,8,25
113000036,23,53,-30
113000037,38,18,20
113000038,8,48,-40
113000039,20,257,-237
113000040,69,20,49
113000042,1284,689,595
113000051,2521,3496,-975
113000052,3450,382,3068
113000053,1209,293,916
113000054,1487,1095,392
113000055,3511,385,3126
113000056,3584,865,2719
113000058,539,877,-338
113000059,1144,248,896
113000060,589,611,-22
113000061,926,1024,-98
113000062,389,369,20
113000063,944,51,893
113000064,245,227,18
113000065,410,239,171
113000066,2277,145,2132
113000067,7306,416,6890
113000068,921,390,531
113000069,1318,329,989
113000070,5695,461,5234
113000071,1181,457,724
113000072,2603,295,2308
113000073,733,854,-121
113000074,1432,716,716
113000075,2824,900,1924
113000076,666,1803,-1137
113000077,597,505,92
113000078,338,1398,-1060
113000079,334,604,-270
113000080,454,810,-356
113000081,1669,2594,-925
113000082,1026,594,432
113000083,1073,924,149
113000084,1626,1245,381
113000085,1362,735,627
113000086,947,2816,-1869
113000087,2134,2494,-360
113000088,2136,1708,428
113000089,933,1365,-432
113000090,76,1103,-1027
113000091,114,283,-169
113000094,2553,231,2322
113000095,357,508,-151
113000096,132,509,-377
113000097,1387,624,763
113000098,80,110,-30
113000099,1688,952,736
113000100,204,461,-257
113000101,113,517,-404
113000102,994,508,486
113000103,4294,381,3913
113000104,1078,3474,-2396
113000105,1770,499,1271
113000106,808,221,587
113000107,2293,1109,1184
113000108,1390,530,860
113000109,550,1256,-706
113000110,8409,865,7544
113000111,383,411,-28
113000112,1083,324,759
113000113,2616,341,2275
113000114,179,837,-658
113000116,641,246,395
113000117,683,182,501
113000118,44,1185,-1141
113000119,451,421,30
113000120,80,502,-422
113000121,404,939,-535
113000124,287,99,188
113000125,25,1859,-1834
113000127,867,59,808
113000128,1568,191,1377
113000129,391,1011,-620
113000133,2075,407,1668
113000134,13,2806,-2793
113000135,5701,4940,761
113000137,887,3255,-2368
113000139,241,170,71
113000140,59,67,-8
113000141,109,51,58
113000142,163,221,-58
113000143,504,100,404
113000144,215,176,39
113000145,197,60,137
113000146,191,31,160
113000147,287,34,253
113000148,541,48,493
113000149,290,209,81
113000150,722,208,514
113000151,27,24,3
113000152,67,279,-212
113000153,1047,194,853
113000154,435,2589,-2154
113000155,426,948,-522
113000156,315,131,184
113000157,343,141,202
113000158,808,76,732
113000159,1499,142,1357
113000160,659,316,343
113000161,560,113,447
113000162,1345,90,1255
113000163,164,14,150
113000164,10,241,-231
113000166,625,33,592
113000167,152,21,131
113000168,301,89,212
113000169,392,13,379
113000170,129,31,98
113000171,101,49,52
113000172,633,9,624
113000173,93,31,62
113000174,209,119,90
113000175,1165,35,1130
113000176,1172,42,1130
113000177,255,77,178
113000178,267,72,195
113000179,513,31,482
113000180,1374,1743,-369
113000181,2669,1034,1635
113000182,139,861,-722
113000183,155,928,-773
113000184,4,122,-118
113000189,342,327,15
113000190,213,154,59
113000192,551,3083,-2532
113000193,1791,2377,-586
113000194,1152,6199,-5047
113000195,2270,2506,-236
113000196,984,86,898
113000197,2328,4331,-2003
113000198,139,355,-216
113000199,3246,659,2587
113000201,1354,394,960
113000202,9853,2884,6969
113000203,179,548,-369
113000204,514,3779,-3265
113000205,10,14,-4
113000206,2,26,-24
113000207,166,30,136
113000208,45,31,14
113000209,1,5,-4
113000210,8,31,-23
113000211,69,90,-21
113000212,8,10,-2
113000213,18,135,-117
113000214,313,300,13
113000234,278,260,18
113000410,41,202,-161
113000411,1180,1608,-428
113000412,6713,954,5759
113000413,1115,1393,-278
113000414,3776,14952,-11176
113000415,2376,930,1446
113000416,1907,2167,-260
113000417,697,1320,-623
113000418,5163,3768,1395
113000419,1789,1612,177
113000420,3303,6326,-3023
113000421,5807,7357,-1550
113000422,8555,10599,-2044
113000423,1115,3514,-2399
113000424,1722,10161,-8439
113000425,24,97,-73
113000428,51,15,36
113000430,7,170,-163
113000432,5815,334,5481
113000433,50,484,-434
113000434,18,125,-107
113000435,25,118,-93
113000436,10,542,-532
113000437,3475,31,3444
113000438,1051,9,1042
113000439,36,31,5
113000440,328,22,306
113000441,329,129,200
113000442,364,37,327
113000443,648,103,545
113000444,1249,53,1196
113000445,60,69,-9
113000446,64,179,-115
113000448,319,765,-446
113000449,134,1454,-1320
113000450,839,5381,-4542
113000451,3102,864,2238
113000452,45,793,-748
113000453,31,647,-616
113000454,205,42,163
113000455,4,832,-828
113000456,839,2113,-1274
113000468,699,134,565
113000469,119,357,-238
113000470,452,13,439
113000471,6,588,-582
113000472,90,224,-134
113000474,2031,795,1236
113000475,1760,813,947
113000476,4558,2958,1600
113000477,6609,2978,3631
113000478,3289,3447,-158
113000479,245,95,150
113000480,283,272,11
113000481,0,0,0
113000483,0,0,0
113000485,0,0,0
113000486,0,0,0
113000487,0,0,0
113000488,0,0,0
113000489,0,0,0
113000490,0,0,0
113000491,0,0,0
113000492,0,0,0
113000493,0,0,0
113000495,225,77,148
113000496,114,135,-21
113000497,0,0,0
113000500,0,3,-3
113900001,15,2139,-2124
113900002,2,153,-151
113900003,4,217,-213
113900004,1,244,-243
113900005,8,699,-691
113900006,6,136,-130
113900007,16,186,-170
113900008,16,0,16
113900009,49,0,49
113900010,53,0,53
113900011,501,2,499
113900012,226,0,226
113900013,103,1,102
113900014,1495,4,1491
113900015,0,14,-14
113900016,57,0,57
113900017,0,15,-15
113900018,67,155,-88
113900019,457,11,446
113900020,555,1,554
113900022,130,6,124
113900023,96,1,95
113900024,19,11,8
113900025,633,61,572
113900026,262,2,260
113900027,4,47,-43
113900028,34,265,-231
113900029,137,23,114
113900030,980,2,978
113900031,74,5,69
113900032,56,0,56
113900033,56,17,39
113900035,168,0,168
113900036,82,75,7
113900037,180,1511,-1331
113900038,16,233,-217
113900039,749,56,693
113900040,6,33,-27
113900041,88,2,86
113900042,108,16,92
113900043,116,26,90
113900044,67,318,-251
113900045,143,2,141
113900046,192,435,-243
113900047,334,50,284
113900048,299,210,89
113900049,98,641,-543
113900050,347,164,183
113900051,392,45,347
113900052,66,159,-93
113900053,529,1549,-1020
113900054,20,0,20
113900055,129,528,-399
113900056,152,13,139
113900057,4,15,-11
113900058,215,10,205
113900059,402,87,315
113900060,78,2232,-2154
113900061,580,85,495
113900062,170,58,112
113900063,317,34,283
113900064,11,27,-16
113900065,1094,13,1081
113900066,1446,45,1401
113900067,837,317,520
113900068,363,1673,-1310
113900069,52,49,3
113900070,107,112,-5
113900071,246,11,235
113900072,49,31,18
113900073,881,191,690
113900074,693,696,-3
113900075,460,3767,-3307
113900076,140,5,135
113900077,79,78,1
113900078,111,11,100
113900079,1,18,-17
113900080,768,148,620
113900081,172,49,123
113900082,481,310,171
113900083,1177,139,1038
113900084,247,68,179
113900085,7,102,-95
113900086,165,25,140
113900087,199,208,-9
113900088,155,97,58
113900089,683,34,649
113900090,438,233,205
113900091,0,20,-20
113900092,45,140,-95
113900093,28,2509,-2481
113900094,1403,300,1103
113900095,263,88,175
113900096,667,210,457
113900097,25,138,-113
113900098,1256,348,908
113900099,1,12,-11
113900100,0,2,-2
113900101,1,61,-60
113900102,67,82,-15
113900103,240,473,-233
113900104,139,88,51
113900105,600,22,578
113900106,1,9,-8
113900107,11,4,7
113900108,86,226,-140
113900109,382,394,-12
113900110,45,72,-27
113900111,427,55,372
113900112,371,61,310
113900113,1599,544,1055
113900114,3,20,-17
113900115,1,7,-6
113900116,7,246,-239
113900117,14,8,6
113900118,110,1813,-1703
113900119,44,219,-175
113900120,197,22,175
113900121,299,93,206
113900122,132,7072,-6940
113900123,816,88,728
113900124,1,46,-45
113900125,725,78,647
113900126,29,54,-25
113900127,397,880,-483
113900128,509,57,452
113900129,1,59,-58
113900130,1,20,-19
113900131,255,18,237
113900132,36,72,-36
113900133,39,31,8
113900135,381,206,175
113900136,88,29,59
113900137,475,151,324
113900138,17,239,-222
113900139,555,437,118
113900140,38,164,-126
113900141,1082,200,882
113900142,131,63,68
113900143,11,109,-98
113900144,34,75,-41
113900145,391,66,325
113900146,428,219,209
113900148,17,99,-82
113900149,282,187,95
113900150,476,139,337
113900151,819,99,720
113900152,49,80,-31
113900153,80,129,-49
113900154,3,90,-87
113900155,183,251,-68
113900156,256,286,-30
113900157,81,496,-415
113900158,151,183,-32
113900159,3,405,-402
113900160,362,938,-576
113900161,177,292,-115
113900162,193,192,1
113900163,542,58,484
113900164,680,14,666
113900165,572,283,289
113900166,27,60,-33
113900167,690,36,654
113900168,66,72,-6
113900169,207,191,16
113900171,389,95,294
113900172,65,57,8
113900173,19,196,-177
113900174,366,267,99
113900175,299,350,-51
113900176,269,168,101
113900177,192,39,153
113900178,425,345,80
113900179,5,177,-172
113900180,120,25,95
113900181,1958,240,1718
113900182,1110,252,858
113900183,97,13,84
113900184,27,195,-168
113900185,75,29,46
113900186,29,24,5
113900187,17,50,-33
113900188,5,25,-20
113900189,374,208,166
113900190,110,23,87
113900191,30,36,-6
113900192,3,1169,-1166
113900193,4,74,-70
113900194,745,311,434
113900195,169,132,37
113900196,3,61,-58
113900197,3,112,-109
113900198,18,176,-158
113900199,28,161,-133
113900200,7,36,-29
113900201,0,67,-67
113900202,8,19,-11
113900203,0,25,-25
113900204,9,166,-157
113900205,0,40,-40
113900206,0,62,-62
113900207,0,29,-29
113900208,0,5,-5
113900209,0,21,-21
113900210,564,1093,-529
113900211,243,42,201
113900212,679,165,514
113900214,170,204,-34
113900215,130,66,64
113900216,268,177,91
113900217,254,67,187
113900218,97,59,38
113900219,121,280,-159
113900220,266,214,52
113900221,473,1008,-535
113900222,41,747,-706
113900223,601,186,415
113900224,27,19,8
113900225,1995,146,1849
113900226,422,145,277
113900227,284,536,-252
113900228,398,643,-245
113900229,28,1653,-1625
113900230,2464,4069,-1605
113900231,138,38,100
113900232,66,5,61
113900233,224,28,196
113900234,607,453,154
113900235,159,44,115
113900236,703,75,628
113900237,440,18,422
113900238,55,371,-316
113900239,95,114,-19
113900240,4,191,-187
113900241,52,57,-5
113900242,27,56,-29
113900243,16,126,-110
113900244,145,64,81
113900245,385,219,166
113900246,6,57,-51
113900247,38,793,-755
113900248,1658,2957,-1299
113900249,213,859,-646
113900250,79,720,-641
113900251,2043,47,1996
113900252,1334,48,1286
113900253,968,36,932
113900254,566,209,357
113900255,1999,8,1991
113900256,923,26,897
113900257,6,164,-158
113900258,56,162,-106
113900259,1329,80,1249
113900260,494,2,492
113900261,49,53,-4
113900262,274,128,146
113900263,5,90,-85
113900264,0,169,-169
113900265,121,3710,-3589
113900266,6,114,-108
113900267,138,340,-202
113900268,128,2980,-2852
113900269,57,225,-168
113900270,225,266,-41
113900271,996,251,745
113900273,24,19,5
113900274,77,59,18
113900275,19,16,3
113900276,3,72,-69
113900277,718,4,714
113900278,368,109,259
113900279,49,12,37
113900280,665,479,186
113900281,125,1008,-883
113900282,170,232,-62
113900283,532,510,22
113900284,2246,132,2114
113900285,118,21,97
113900286,255,71,184
113900287,227,21,206
113900288,0,95,-95
113900289,281,190,91
113900290,460,1124,-664
113900291,228,70,158
113900292,2,22,-20
113900293,3,214,-211
113900294,1518,13,1505
113900295,567,105,462
113900296,977,242,735
113900297,3837,57,3780
113900298,40,2157,-2117
113900299,227,28,199
113900300,6537,6645,-108
113900301,321,1374,-1053
113900302,2419,1620,799
113900303,99,1693,-1594
113900304,0,131,-131
113900305,361,1,360
113900306,239,1,238
113900307,13,0,13
113900308,23,69,-46
113900309,6,200,-194
113900310,1,2,-1
113900311,18,1,17
113900312,51,198,-147
113900313,4,3,1
114000001,1267,981,286
114000002,700,244,456
114000003,283,165,118
114000004,1320,147,1173
114000005,1234,148,1086
114000006,1794,662,1132
114000007,2007,545,1462
114000008,3315,1436,1879
114000009,3337,254,3083
114000011,5139,1483,3656
114000012,7755,2326,5429
114000013,4729,2393,2336
114000014,1743,58,1685
114000015,4913,241,4672
114000016,1049,72,977
114000017,135,1829,-1694
114000018,111,11,100
114000026,6793,1177,5616
114000027,9471,4042,5429
114000028,2776,4089,-1313
114000038,718,146,572
114000039,287,4,283
114000040,249,723,-474
114000042,311,136,175
114000043,36,42,-6
114000044,1074,9,1065
114000045,113,43,70
114000046,2185,4676,-2491
114000047,17,115,-98
114000048,315,22,293
114000049,4016,1121,2895
114000050,3199,907,2292
114000051,5459,2020,3439
114000052,5364,5875,-511
114000053,54,1181,-1127
114000054,407,1067,-660
114000055,747,325,422
114000056,160,547,-387
114000057,4157,1467,2690
114000058,96,1200,-1104
114000059,42,2946,-2904
114000060,1368,760,608
114000061,3490,2898,592
114000062,587,932,-345
114000063,1834,1332,502
114000064,2350,5559,-3209
114000065,1602,1355,247
114000066,1431,776,655
114000067,48,2487,-2439
114000068,509,1253,-744
114000069,2459,287,2172
114000070,2604,1151,1453
114000071,1918,237,1681
114000072,2628,771,1857
114000073,24,9,15
114000074,177,8,169
114000075,159,91,68
114000076,89,29,60
114000077,24,7,17
114000078,1026,963,63
114000079,674,322,352
114000080,339,105,234
114000081,141,77,64
114000082,537,165,372
114000083,121,68,53
114000084,470,233,237
114000085,154,156,-2
114000086,465,710,-245
114000087,814,83,731
114000088,132,33,99
114000089,700,311,389
114000090,1122,1028,94
114000091,1215,802,413
114000092,906,426,480
114000093,2687,512,2175
114000094,1136,402,734
114000095,419,369,50
114000096,133,117,16
114000097,215,201,14
114000098,1545,146,1399
114000099,2218,103,2115
114000100,4016,299,3717
114000101,1271,298,973
114000102,2046,293,1753
114000103,432,123,309
114000104,29,458,-429
114000105,762,216,546
114000106,997,5212,-4215
114000107,1078,265,813
114000108,620,439,181
114000109,1320,4128,-2808
114000110,2629,452,2177
114000111,5253,2187,3066
114000112,931,476,455
114000113,2242,269,1973
114000114,530,452,78
114000115,3103,539,2564
114000116,1269,3475,-2206
114000117,7990,827,7163
114000118,8434,389,8045
114000119,7140,478,6662
114000120,2105,559,1546
114000121,738,392,346
114000122,742,359,383
114000123,5690,313,5377
114000124,3668,292,3376
114000125,1546,1695,-149
114000126,3907,596,3311
114000127,462,112,350
114000128,2118,222,1896
114000130,1011,519,492
114000131,858,124,734
114000132,2162,212,1950
114000133,1445,700,745
114000134,368,5,363
114000138,112,77,35
114000139,768,502,266
114000144,989,1145,-156
114000145,275,20,255
114000146,579,26,553
114000147,1542,3881,-2339
114000148,780,2950,-2170
114000149,473,333,140
114000150,421,616,-195
114000151,506,3284,-2778
114000152,136,83,53
114000153,991,1692,-701
114000154,1324,341,983
114000155,1036,6790,-5754
114000156,1089,757,332
114000157,865,2739,-1874
114000158,756,437,319
114000159,639,180,459
114000160,261,193,68
114000161,1158,1375,-217
114000162,1428,2303,-875
114000163,107,28,79
114000165,502,479,23
114000166,632,297,335
114000167,2880,4337,-1457
114000168,464,169,295
114000169,1182,1317,-135
114000170,1471,1169,302
114000171,1723,6975,-5252
114000174,156,827,-671
114000176,226,525,-299
114000177,570,278,292
114000178,341,211,130
114000179,1141,624,517
114000180,192,180,12
114000181,1472,12306,-10834
114000182,1280,3053,-1773
114000183,890,1807,-917
114000184,542,398,144
114000185,2596,946,1650
114000189,3922,164,3758
114000190,7349,551,6798
114000191,309,976,-667
114000192,155,423,-268
114000193,119,567,-448
114000194,4913,579,4334
114000195,693,838,-145
114000196,2,66,-64
114000197,4097,40,4057
114000198,1212,238,974
114000199,1775,1513,262
114000200,1509,732,777
114000201,538,1122,-584
114000202,1678,613,1065
114000203,1205,481,724
114000204,410,310,100
114000205,1037,6993,-5956
114000206,1949,982,967
114000207,545,893,-348
114000208,1316,617,699
114000209,840,840,0
114000210,260,584,-324
114000211,3462,1012,2450
114000212,1898,3650,-1752
114000213,3598,497,3101
114000214,268,40,228
114000215,273,102,171
114000216,4201,558,3643
114000217,951,179,772
114000218,1238,563,675
114000219,3455,163,3292
114000220,74,462,-388
114000221,2743,193,2550
114000222,329,361,-32
114000223,1447,158,1289
114000224,92,332,-240
114000225,935,223,712
114000226,459,131,328
114000227,1647,893,754
114000228,1937,382,1555
114000229,3224,795,2429
114000230,2615,510,2105
114000231,1410,1983,-573
114000232,2260,169,2091
114000233,4908,111,4797
114000234,2203,512,1691
114000235,3354,775,2579
114000236,2,192,-190
114000237,166,428,-262
114000238,155,578,-423
114000239,245,982,-737
114000240,1671,8156,-6485
114000241,470,1161,-691
114000242,924,1624,-700
114000243,4166,1290,2876
114000244,718,551,167
114000245,649,3013,-2364
114000246,237,554,-317
114000247,816,465,351
114000248,3006,652,2354
114000249,1426,358,1068
114000250,1957,197,1760
114000251,601,139,462
114000252,145,55,90
114000253,319,126,193
114000254,85,13,72
114000255,683,347,336
114000256,541,776,-235
114000257,1539,1105,434
114000258,1659,372,1287
114000259,489,731,-242
114000260,0,69,-69
114000261,93,33,60
114000262,924,845,79
114000263,6,0,6
114000264,4106,309,3797
114000265,0,2,-2
114000267,5,6484,-6479
114000268,52,415,-363
114000270,693,15,678
114000271,343,106,237
114000283,3277,419,2858
114000285,32,95,-63
114000288,331,495,-164
114000289,4021,177,3844
114000293,605,737,-132
114000294,403,621,-218
114000395,6608,79,6529
114000396,970,578,392
114000402,1993,140,1853
114000403,979,120,859
114000405,740,173,567
114000423,1636,99,1537
114000424,1153,238,915
114000425,3426,131,3295
114000426,702,1300,-598
114000427,177,63,114
114000428,86,146,-60
114000429,35,107,-72
114000432,327,26,301
114000434,57,21,36
114000435,17,13,4
114000436,1478,234,1244
114000437,2138,21005,-18867
114900001,1489,208,1281
114900002,578,1359,-781
114900003,1328,263,1065
114900004,243,1438,-1195
114900005,744,115,629
114900006,139,336,-197
114900007,308,8,300
114900008,639,129,510
114900010,1021,2956,-1935
114900011,971,127,844
114900013,748,91,657
114900015,86,1307,-1221
114900018,1766,56,1710
114900020,154,64,90
114900022,1,978,-977
114900024,227,174,53
114900025,1206,96,1110
114900026,180,156,24
114900027,368,153,215
114900029,34,7,27
114900030,703,199,504
114900031,1499,4,1495
114900032,1331,4,1327
114900033,369,3576,-3207
114900034,60,41,19
114900035,155,114,41
114900036,460,156,304
114900037,287,47,240
114900038,712,305,407
114900039,1690,71,1619
114900040,311,9,302
114900041,3142,151,2991
114900042,3261,266,2995
114900043,802,104,698
114900044,313,89,224
114900046,67,23,44
114900047,313,8267,-7954
114900048,91,63,28
114900049,7,53,-46
114900050,79,77,2
114900051,20,507,-487
114900052,20,2278,-2258
114900053,74,676,-602
114900054,50,20,30
114900057,410,22,388
114900058,0,9,-9
114900059,281,74,207
114900060,241,561,-320
114900061,191,41,150
114900062,289,186,103
114900063,217,27,190
114900064,4117,137,3980
114900065,497,1175,-678
114900067,73,285,-212
114900068,28,46,-18
114900069,462,21,441
114900070,1170,139,1031
114900072,1,114,-113
114900073,0,20,-20
114900074,2756,93,2663
114900075,819,14,805
114900076,0,137,-137
114900080,571,96,475
114900082,1655,4027,-2372
114900083,215,891,-676
114900090,1432,162,1270
114900091,213,130,83
114900095,201,39,162
114900096,71,236,-165
114900097,924,0,924
114900098,10,135,-125
114900099,428,11,417
115000001,5460,1918,3542
115000002,6323,9864,-3541
115000003,6217,1498,4719
115000004,8158,7961,197
115000005,2490,2711,-221
115000006,2422,1545,877
115000007,224,182,42
115000008,480,326,154
115000009,476,469,7
115000010,252,309,-57
115000013,39,190,-151
115000015,38,319,-281
115000016,188,181,7
115000019,52,864,-812
115000020,284,2214,-1930
115000021,92,400,-308
115000022,162,148,14
115000023,392,691,-299
115000024,610,139,471
115000025,1175,660,515
115000026,310,127,183
115000027,593,344,249
115000028,444,170,274
115000029,1725,108,1617
115000030,961,428,533
115000031,792,286,506
115000032,15,507,-492
115000033,310,18,292
115000034,34,2000,-1966
115000035,1049,204,845
115000036,0,263,-263
115000037,1217,151,1066
115000038,98,122,-24
115000039,2412,8099,-5687
115000040,5063,4065,998
115000041,1790,10102,-8312
115000042,734,947,-213
115000043,4128,3811,317
115000044,3495,3013,482
115000045,5004,678,4326
115000046,4851,2372,2479
115000047,4592,1203,3389
115000048,5032,2247,2785
115000049,2910,3892,-982
115000050,4789,948,3841
115000051,2438,8030,-5592
115000052,1441,1050,391
115000053,4105,3965,140
115000054,1128,1105,23
115000055,298,1462,-1164
115000056,179,304,-125
115000057,695,1446,-751
115000058,78,731,-653
115000059,80,414,-334
115000061,235,412,-177
115000062,556,778,-222
115000063,1096,269,827
115000064,580,90,490
115000065,232,752,-520
115000067,472,27,445
115000069,49,517,-468
115000070,35,1705,-1670
115000071,177,70,107
115000072,5,49,-44
115000073,2933,186,2747
115000075,155,76,79
115000076,3238,1439,1799
115000077,4234,1057,3177
115000078,4235,879,3356
115000079,3466,1668,1798
115000080,8287,1450,6837
115000081,280,327,-47
115000082,10002,6680,3322
115000083,5184,693,4491
115000084,5280,532,4748
115000085,2848,584,2264
115000086,2437,396,2041
115000087,958,2372,-1414
115000088,1855,442,1413
115000089,2067,875,1192
115000090,750,1073,-323
115000091,315,270,45
115000092,1157,1734,-577
115000093,1840,3,1837
115000094,6412,15124,-8712
115000095,3706,13680,-9974
115000096,2446,639,1807
115000097,3892,2760,1132
115000098,3715,461,3254
115000099,5510,878,4632
115000100,3687,490,3197
115000101,1182,595,587
115000102,984,127,857
115000103,545,408,137
115000105,207,35,172
115000106,1767,878,889
115000107,189,185,4
115000108,1970,1457,513
115000109,4423,8898,-4475
115000110,1399,3659,-2260
115000111,272,522,-250
115000112,821,784,37
115000113,532,451,81
115000114,812,453,359
115000116,3061,2742,319
115000117,1775,3310,-1535
115000118,2848,4098,-1250
115000119,2267,5967,-3700
115000120,833,1021,-188
115000121,581,979,-398
115000122,652,2767,-2115
115000123,1617,1481,136
115000124,1258,1103,155
115000125,572,918,-346
115000126,131,290,-159
115000127,567,162,405
115000128,1062,958,104
115000129,157,1260,-1103
115000130,713,687,26
115000131,2089,386,1703
115000132,1188,1686,-498
115000133,2163,1522,641
115000134,578,1651,-1073
115000135,328,1213,-885
115000136,382,285,97
115000137,56,468,-412
115000138,771,350,421
115000139,246,97,149
115000140,601,151,450
115000141,281,91,190
115000142,202,50,152
115000143,1584,615,969
115000144,943,92,851
115000145,379,89,290
115000146,754,1036,-282
115000147,637,1558,-921
115000148,759,406,353
115000149,1310,321,989
115000150,1559,222,1337
115000151,2512,260,2252
115000152,2464,407,2057
115000153,3284,335,2949
115000154,2100,199,1901
115000155,2017,793,1224
115000156,1136,625,511
115000157,599,718,-119
115000158,410,275,135
115000159,568,360,208
115000160,608,634,-26
115000161,1225,1065,160
115000162,471,1943,-1472
115000163,509,276,233
115000164,376,429,-53
115000165,202,664,-462
115000167,178,72,106
115000168,698,539,159
115000169,522,914,-392
115000170,45,161,-116
115000171,299,397,-98
115000172,744,658,86
115000173,413,2324,-1911
115000174,86,537,-451
115000175,193,152,41
115000176,64,175,-111
115000177,51,321,-270
115000178,5,237,-232
115000179,26,240,-214
115000180,360,217,143
115000181,2242,185,2057
115000182,2500,254,2246
115000183,944,481,463
115000186,849,138,711
115000187,347,273,74
115000188,590,336,254
115000189,521,814,-293
115000190,762,1165,-403
115000191,348,1302,-954
115000194,199,75,124
115000195,236,550,-314
115000196,771,682,89
115000197,687,440,247
115000198,1331,337,994
115000199,1779,87,1692
115000200,1084,230,854
115000201,633,726,-93
115000206,1108,74,1034
115000207,1404,373,1031
115000208,488,1097,-609
115000209,1383,918,465
115000210,564,268,296
115000211,358,256,102
115000212,1118,342,776
115000218,10,142,-132
115000219,11,37,-26
115000224,316,17,299
115000225,162,42,120
115000229,157,48,109
115000230,241,295,-54
115000231,777,599,178
115000232,5884,487,5397
115000233,204,139,65
115000234,56,181,-125
115000241,279,47,232
115000242,601,37,564
115000243,599,48,551
115000244,2,135,-133
115000246,28,47,-19
115000247,24,66,-42
115000248,28,5,23
115000249,20,52,-32
115000250,487,12,475
115000251,764,78,686
115000252,180,357,-177
115000253,41,978,-937
115000258,966,48,918
115000259,287,38,249
115000261,100,42,58
115000262,43,83,-40
115000263,52,81,-29
115000264,7,12,-5
115000267,16,27,-11
115000268,44,33,11
115000269,111,14,97
115000270,7,149,-142
115000272,228,78,150
115000273,1506,15,1491
115000274,695,28,667
115000280,1168,462,706
115000281,228,1136,-908
115000282,736,2667,-1931
115000284,126,353,-227
115000296,446,7,439
115000297,90,363,-273
115000298,72,896,-824
115000300,461,86,375
115000302,1267,300,967
115000303,2167,71,2096
115000304,2276,160,2116
115000305,249,282,-33
115000306,630,226,404
115000307,472,494,-22
115000308,23,54,-31
115000309,2,50,-48
115000310,5362,260,5102
115000311,2949,725,2224
115000313,428,104,324
115000314,1170,537,633
115000315,363,1523,-1160
115000316,112,286,-174
115000317,452,441,11
115000318,2118,582,1536
115000319,305,75,230
115000320,28,616,-588
115000321,892,61,831
115000322,131,92,39
115000449,184,209,-25
115000557,10,4969,-4959
115000558,131,152,-21
115000587,1814,255,1559
115000588,2382,3278,-896
115000589,7000,3881,3119
115000590,1092,3093,-2001
115000591,2679,1283,1396
115000592,703,1347,-644
115000593,2816,858,1958
115000594,281,2215,-1934
115000609,267,70,197
115000617,492,4536,-4044
115000624,518,24,494
115000633,687,1918,-1231
115000634,4733,766,3967
115000635,1459,135,1324
115000638,155,318,-163
115000641,78,566,-488
115000642,700,206,494
115000643,453,153,300
115000644,279,214,65
115000646,846,2654,-1808
115000647,510,501,9
115000648,6568,524,6044
115000893,1758,787,971
115000894,293,551,-258
115000895,472,655,-183
115000896,1717,343,1374
115000897,600,121,479
115000898,959,387,572
115000899,275,1419,-1144
115000900,111,301,-190
115000901,70,249,-179
115000912,1133,163,970
115000913,23,11,12
115000915,7,0,7
115000916,0,0,0
115000917,0,98,-98
115000918,154,2501,-2347
115000919,37,123,-86
115000920,28,67,-39
115000921,580,127,453
115000922,278,663,-385
115000923,25,1324,-1299
115000925,289,250,39
115000927,63,142,-79
115000933,33,139,-106
115000934,18,23,-5
115000935,37,7,30
115900001,603,6,597
115900002,88,47,41
115900003,536,110,426
115900004,0,6,-6
115900005,669,35,634
115900006,455,141,314
115900008,371,3,368
115900009,88,51,37
115900010,1520,125,1395
115900011,616,59,557
115900012,564,5,559
115900013,838,91,747
115900014,199,45,154
115900015,571,16,555
115900016,222,48,174
115900017,290,67,223
115900018,223,19,204
115900019,318,15,303
115900020,668,3,665
115900021,412,1643,-1231
115900022,292,11,281
115900023,4,33,-29
115900025,19,513,-494
115900026,1504,41,1463
115900027,1,137,-136
115900028,180,35,145
115900029,23,115,-92
115900030,110,13,97
115900031,49,336,-287
115900032,785,788,-3
115900033,0,24,-24
115900034,6,92,-86
115900035,89,17,72
115900036,47,6315,-6268
115900037,24,97,-73
115900038,101,4,97
115900039,766,94,672
115900041,181,2124,-1943
115900042,88,4,84
115900043,391,73,318
115900044,216,1406,-1190
115900046,1723,100,1623
115900047,41,287,-246
115900049,557,209,348
115900051,2,40,-38
115900052,86,50,36
115900053,1279,69,1210
115900054,897,21,876
115900055,27,77,-50
115900056,929,73,856
115900057,8,34,-26
115900058,2,14,-12
115900060,96,50,46
115900061,827,7,820
115900062,164,48,116
115900063,13,1,12
115900064,211,280,-69
115900065,451,78,373
115900066,35,31,4
115900067,14,66,-52
115900068,1974,3016,-1042
115900069,33,241,-208
115900070,833,33,800
115900071,0,97,-97
115900072,14,72,-58
115900073,385,251,134
115900074,1,57,-56
115900075,102,84,18
115900076,0,31,-31
115900077,2,47,-45
115900078,79,1603,-1524
115900079,1222,22,1200
115900080,113,29,84
115900081,45,8,37
115900082,263,1295,-1032
115900084,1730,11,1719
115900085,51,86,-35
115900086,1065,522,543
115900088,1,179,-178
115900089,1089,207,882
115900090,1922,11,1911
115900091,53,19,34
115900092,107,48,59
115900093,4,21,-17
115900094,15,56,-41
115900096,4,14,-10
115900097,19,62,-43
115900098,865,125,740
115900099,255,658,-403
115900100,25,114,-89
115900101,868,78,790
115900102,272,129,143
115900103,742,60,682
115900104,193,118,75
115900105,542,77,465
115900106,293,7,286
115900107,185,53,132
115900108,412,16,396
115900109,6,180,-174
115900110,23,2,21
115900111,2,21,-19
115900112,73,255,-182
115900113,96,12,84
115900114,17,17,0
115900115,166,47,119
115900116,359,352,7
115900117,248,4,244
115900118,5,83,-78
115900119,438,59,379
115900120,88,99,-11
115900121,519,58,461
115900124,171,1383,-1212
115900125,857,447,410
115900126,2372,112,2260
115900127,2325,87,2238
115900128,3,165,-162
115900129,1407,29,1378
115900130,7,335,-328
115900131,1197,328,869
115900132,1592,28,1564
115900134,1165,24,1141
115900135,343,549,-206
115900137,16,6,10
115900139,45,396,-351
115900140,1129,73,1056
115900141,2,166,-164
115900142,18,53,-35
115900143,471,151,320
115900144,371,127,244
115900146,32,50,-18
115900147,298,694,-396
115900148,24,24,0
115900149,508,5,503
115900150,286,13,273
115900151,135,79,56
115900152,445,106,339
115900153,267,149,118
115900154,174,283,-109
115900155,0,9,-9
115900156,970,750,220
115900157,594,478,116
115900158,40,3,37
115900159,828,93,735
115900160,0,1,-1
115900161,54,36,18
115900163,738,39,699
115900164,2466,69,2397
115900165,2,539,-537
115900166,181,40,141
115900168,870,86,784
115900171,230,67,163
115900172,63,107,-44
115900173,609,127,482
115900174,77,118,-41
115900175,473,67,406
115900178,30,105,-75
115900179,940,8,932
115900180,53,84,-31
115900181,639,61,578
115900182,1634,80,1554
115900183,50,1013,-963
115900184,530,6,524
115900187,3,231,-228
115900189,0,258,-258
115900190,236,1120,-884
115900191,8,124,-116
115900192,32,142,-110
115900193,162,1138,-976
115900194,2374,59,2315
115900195,752,6253,-5501
115900198,1208,761,447
115900199,668,58,610
115900200,432,109,323
115900201,470,284,186
115900202,0,598,-598
115900203,1,0,1
115900204,0,14,-14
115900205,13,6,7
115900206,1142,90,1052
115900207,91,10,81
115900208,342,52,290
115900209,18,90,-72
115900210,9,1471,-1462
115900211,0,185,-185
115900212,537,94,443
115900213,100,353,-253
115900214,1834,106,1728
115900215,32,442,-410
115900216,0,21,-21
115900217,4,29,-25
115900218,4,32,-28
115900219,419,8,411
115900220,614,13,601
115900221,309,10,299
115900222,199,75,124
115900223,9,804,-795
115900224,1356,4473,-3117
115900225,126,99,27
115900226,0,25,-25
115900227,52,16,36
115900228,4,42,-38
115900229,5,11,-6
115900230,212,30,182
115900231,394,2,392
115900232,273,1,272
115900233,393,10,383
115900234,99,37,62
115900235,39,49,-10
115900236,38,776,-738
115900237,31,58,-27
115900238,26,63,-37
115900239,25,53,-28
115900240,23,50,-27
115900241,634,14,620
115900242,395,1130,-735
115900243,132,10,122
115900244,115,9,106
115900245,17,5,12
115900246,0,3,-3
115900247,1,2,-1
115900248,5,4,1
115900249,23,8,15
115900250,70,2,68
115900251,33,0,33
115900252,44,1,43
115900253,68,8,60
115900254,23,45,-22
115900255,0,97,-97
115900256,19,156,-137
115900257,0,4,-4
115900258,0,5,-5
115900259,87,23,64
115900260,26,1,25
115900261,31,1,30
115900262,10,0,10
115900263,52,0,52
115900264,175,0,175
115900265,46,10,36
115900266,8,5,3
115900267,1,48,-47
115900268,7,340,-333
115900269,2155,76,2079
115900270,1011,116,895
115900271,152,0,152
115900272,35,1,34
115900273,11,17,-6
115900274,1,5,-4
115900275,1,2,-1
115900276,0,4,-4
115900277,0,4,-4
115900278,36,27,9
115900279,5,112,-107
115900280,2,662,-660
115900281,7,54,-47
116000001,4933,1492,3441
116000002,7020,25951,-18931
116000003,1372,990,382
116000004,7097,9441,-2344
116000005,1064,3446,-2382
116000006,3362,8886,-5524
116000007,1915,1979,-64
116000008,7990,3852,4138
116000009,1303,787,516
116000010,5819,4045,1774
116000011,1200,902,298
116000012,3288,1811,1477
116000013,4319,2336,1983
116000014,9759,37537,-27778
116000015,162,3354,-3192
116000016,4056,11133,-7077
116000017,115,832,-717
116000018,569,242,327
116000019,2730,161,2569
116000020,588,875,-287
116000021,2403,158,2245
116000022,868,423,445
116000023,3651,2180,1471
116000024,800,690,110
116000025,1677,1048,629
116000026,1799,3424,-1625
116000027,876,1118,-242
116000028,787,1114,-327
116000029,404,273,131
116000030,1011,604,407
116000031,59,73,-14
116000032,349,74,275
116000033,1030,220,810
116000034,658,629,29
116000035,559,349,210
116000036,298,1900,-1602
116000037,172,656,-484
116000038,126,793,-667
116000039,192,858,-666
116000040,635,871,-236
116000041,132,565,-433
116000042,1664,760,904
116000043,183,448,-265
116000044,1,8,-7
116000045,1426,1788,-362
116000046,1045,1119,-74
116000047,2417,3154,-737
116000048,3622,1718,1904
116000049,2875,2052,823
116000050,1839,1221,618
116000051,3881,2797,1084
116000052,3818,2302,1516
116000053,3717,768,2949
116000054,1400,2483,-1083
116000055,1221,1134,87
116000056,2593,1343,1250
116000057,2643,945,1698
116000058,4679,3331,1348
116000059,3454,6411,-2957
116000060,2765,1685,1080
116000061,136,1878,-1742
116000062,1212,281,931
116000063,926,2593,-1667
116000066,1005,941,64
116000067,376,370,6
116000068,206,299,-93
116000069,373,195,178
116000078,955,1319,-364
116000080,1778,363,1415
116000082,0,17,-17
116000083,3348,278,3070
116000084,2280,1372,908
116000085,2175,3411,-1236
116000086,1090,370,720
116000087,5150,2188,2962
116000088,3343,849,2494
116000089,295,185,110
116000090,394,136,258
116000091,296,1052,-756
116000093,1368,271,1097
116000094,2098,863,1235
116000095,1526,352,1174
116000096,4315,7998,-3683
116000097,2229,537,1692
116000098,51,21486,-21435
116000099,12331,297,12034
116000100,579,43,536
116000101,3947,276,3671
116000102,652,583,69
116000103,1102,678,424
116000104,362,1824,-1462
116000105,3201,216,2985
116000106,1100,7603,-6503
116000107,5534,1474,4060
116000108,57,5542,-5485
116000111,407,21,386
116000113,278,53,225
116000114,70,71,-1
116000115,513,172,341
116000116,611,145,466
116000117,2971,1369,1602
116000118,2743,702,2041
116000119,8398,1735,6663
116000120,3184,1908,1276
116000121,2301,351,1950
116000122,1334,578,756
116000123,2935,654,2281
116000124,1359,301,1058
116000125,6383,566,5817
116000126,829,374,455
116000127,1647,574,1073
116000128,4620,756,3864
116000129,2884,108,2776
116000130,1807,941,866
116000133,4830,622,4208
116000134,2470,592,1878
116000135,5753,959,4794
116000136,1234,1079,155
116000137,1687,756,931
116000138,1210,407,803
116000139,3266,3766,-500
116000140,457,635,-178
116000141,1787,498,1289
116000142,4603,2390,2213
116000143,3543,2670,873
116000144,3678,1855,1823
116000145,5966,981,4985
116000146,2148,213,1935
116000147,467,448,19
116000148,1841,1569,272
116000149,796,536,260
116000151,1352,811,541
116000153,195,666,-471
116000155,320,538,-218
116000156,1968,666,1302
116000157,192,11,181
116000158,714,127,587
116000159,4,12,-8
116000160,129,40,89
116000161,19,123,-104
116000162,50,543,-493
116000163,143,14,129
116000164,47,9,38
116000177,171,4399,-4228
116000194,121,340,-219
116000195,5308,604,4704
116000196,256,82,174
116000197,186,78,108
116000198,3204,1454,1750
116000200,989,1482,-493
116000201,1140,449,691
116000202,18,833,-815
116000203,1,29,-28
116000204,19,21,-2
116000205,0,134,-134
116000206,2,642,-640
116000207,16,568,-552
116000233,171,264,-93
116000287,804,102,702
116000288,846,254,592
116000292,265,177,88
116000296,52,176,-124
116000297,140,5,135
116000304,759,20,739
116000305,2,79,-77
116000346,802,169,633
116000352,214,97,117
116000354,93,44,49
116000357,26,64,-38
116000358,1049,354,695
116000361,11,0,11
116000372,3785,11961,-8176
116000381,520,5,515
116000388,11,88,-77
116000389,1476,146,1330
116000445,3112,227,2885
116000446,1659,131,1528
116000447,58,963,-905
116000448,799,53,746
116000563,709,1117,-408
116000565,211,262,-51
116000568,115,1006,-891
116000579,157,203,-46
116000584,106,1,105
116000585,255,73,182
116000586,49,118,-69
116000587,389,171,218
116000589,298,97,201
116000590,350,125,225
116000591,607,184,423
116000592,7,37,-30
116000593,0,23,-23
116000594,3954,194,3760
116000595,1841,44,1797
116000596,592,14,578
116000597,1684,580,1104
116000598,348,166,182
116000602,16,1788,-1772
116000605,417,66,351
116000606,135,623,-488
116000607,1,79,-78
116000609,84,2686,-2602
116000611,530,149,381
116000612,3322,3314,8
116000613,1324,442,882
116000614,1120,148,972
116000615,28,475,-447
116000616,245,63,182
116000617,377,13,364
116000618,14,31,-17
116000619,60,241,-181
116000620,887,287,600
116000621,203,80,123
116000622,163,90,73
116000624,128,896,-768
116000627,8,5,3
116000628,18,33,-15
116000629,6,221,-215
116000630,1595,32,1563
116000631,833,1,832
116000632,2138,74,2064
116000633,15,259,-244
116000634,2299,13,2286
116000635,920,1093,-173
116900001,244,59,185
116900002,324,2,322
116900003,218,6,212
116900004,72,230,-158
116900005,729,23,706
116900006,121,528,-407
116900007,88,155,-67
116900008,1897,119,1778
116900009,29,63,-34
116900010,0,296,-296
116900011,13,24,-11
116900012,152,501,-349
116900013,8,115,-107
116900014,494,36,458
116900015,1733,62,1671
116900016,656,11,645
116900017,0,174,-174
116900018,215,166,49
116900019,0,146,-146
116900020,571,4409,-3838
116900023,72,57,15
116900024,2155,20,2135
116900025,3410,459,2951
116900026,46,236,-190
116900027,245,29,216
116900028,0,34,-34
116900029,4,300,-296
116900031,4,9,-5
116900032,17,75,-58
116900033,59,16,43
116900034,18,21,-3
116900035,346,94,252
116900036,13,150,-137
116900038,37,3,34
116900041,465,9,456
116900042,363,138,225
116900043,78,53,25
116900045,240,92,148
116900047,89,664,-575
116900049,67,156,-89
116900050,51,154,-103
116900051,1027,92,935
116900052,453,210,243
116900055,0,54,-54
116900057,35,94,-59
116900058,25,157,-132
116900059,2,50,-48
116900060,331,272,59
116900062,9,460,-451
116900064,114,96,18
116900065,5,91,-86
116900067,194,21,173
116900068,295,127,168
116900070,6,11,-5
116900072,85,62,23
116900073,15,100,-85
116900074,0,32,-32
116900076,27,351,-324
116900077,1,43,-42
116900078,247,25,222
116900079,123,89,34
116900080,2,41,-39
116900081,182,541,-359
116900082,231,1329,-1098
116900083,9,4,5
116900084,112,26,86
116900085,1,52,-51
116900086,21,139,-118
116900088,394,10,384
116900090,11,14,-3
116900091,1396,18,1378
116900092,142,227,-85
116900093,2617,1877,740
116900094,4879,11094,-6215
116900095,601,139,462
116900096,259,815,-556
116900097,1502,8191,-6689
116900098,497,201,296
116900099,280,435,-155
116900100,3328,234,3094
116900101,189,599,-410
116900103,4,0,4
116900104,5,197,-192
116900105,1000,520,480
116900106,8816,176,8640
116900107,1250,6144,-4894
116900110,65,0,65
116900111,2096,386,1710
116900112,661,351,310
116900113,1290,4073,-2783
116900116,32,598,-566
116900117,619,1090,-471
116900118,798,1565,-767
116900120,1012,83,929
116900121,549,42,507
116900122,3075,851,2224
116900123,1535,565,970
116900124,158,216,-58
116900125,1271,68,1203
116900126,114,1894,-1780
116900128,8,20,-12
116900129,0,358,-358
116900130,990,10637,-9647
116900131,110,416,-306
116900132,213,121,92
116900133,684,137,547
116900134,549,138,411
116900136,271,1081,-810
116900137,266,260,6
116900138,145,88,57
116900139,49,127,-78
116900140,227,44,183
116900141,1043,73,970
116900142,10,65,-55
116900143,1589,141,1448
116900144,146,23,123
116900145,288,148,140
116900147,235,1293,-1058
116900148,3,15,-12
116900149,67,324,-257
116900150,20,0,20
116900151,44,21,23
116900153,337,220,117
116900154,363,1171,-808
116900155,163,150,13
116900157,2404,72,2332
116900158,215,521,-306
116900159,106,540,-434
116900160,1582,815,767
116900161,3674,19989,-16315
116900162,67,89,-22
116900163,812,58,754
116900164,188,56,132
116900165,1142,413,729
116900166,220,127,93
116900167,1390,27,1363
116900168,1619,18,1601
116900169,124,936,-812
116900170,1117,372,745
116900171,132,135,-3
116900172,140,1358,-1218
116900173,1385,6,1379
116900174,54,229,-175
116900175,871,407,464
116900178,102,86,16
116900179,82,863,-781
116900180,190,9,181
116900182,1270,217,1053
116900183,366,198,168
116900185,67,10,57
116900186,329,90,239
116900187,92,123,-31
116900188,458,7,451
116900189,41,1,40
116900191,147,124,23
116900192,949,249,700
116900194,172,2626,-2454
116900195,51,6,45
116900196,9,45,-36
116900197,415,17,398
116900198,68,1580,-1512
116900200,254,5,249
116900201,785,12,773
116900202,94,25,69
116900203,506,14,492
116900204,58,581,-523
116900206,19,0,19
116900207,25,55,-30
116900208,3,40,-37
116900209,46,21,25
116900210,564,253,311
116900211,388,7,381
116900212,379,1,378
116900213,291,106,185
116900214,705,203,502
116900215,75,46,29
116900216,469,144,325
116900218,1,224,-223
116900219,1030,100,930
116900220,139,176,-37
116900221,308,337,-29
116900222,524,264,260
116900223,51,56,-5
116900226,680,23,657
116900227,750,26,724
116900228,868,130,738
116900230,147,81,66
116900231,178,155,23
116900232,107,274,-167
116900233,1056,124,932
116900234,37,16,21
116900235,187,153,34
116900238,448,131,317
116900239,4,2036,-2032
116900240,4355,7819,-3464
116900241,219,89,130
116900242,1090,2296,-1206
116900243,6,76,-70
116900245,45,114,-69
116900246,190,10,180
116900247,2286,55,2231
116900248,146,24,122
116900249,1927,47,1880
116900250,1109,135,974
116900251,336,2999,-2663
116900252,874,788,86
116900253,322,33,289
116900254,134,162,-28
116900255,198,339,-141
116900256,1234,371,863
116900257,109,1077,-968
116900258,10,22,-12
116900259,702,50,652
116900260,0,22,-22
116900261,63,8,55
116900262,215,156,59
116900263,0,18,-18
116900264,5,8,-3
116900265,194,0,194
116900266,31,6,25
116900267,21,1,20
116900268,41,528,-487
116900269,479,1192,-713
116900271,635,1748,-1113
116900272,320,294,26
116900273,77,200,-123
116900274,378,14,364
116900275,683,82,601
116900276,328,882,-554
116900277,235,138,97
116900278,12,3,9
116900279,7,13,-6
116900280,143,21,122
116900281,2832,16522,-13690
116900282,1,36,-35
116900283,0,22,-22
116900284,2,122,-120
116900285,120,870,-750
116900286,141,4,137
116900287,2,24,-22
116900288,344,42,302
116900289,132,3,129
116900290,16,3,13
116900291,48,35,13
116900292,0,30,-30
116900293,319,3,316
116900294,10,63,-53
116900295,241,165,76
116900296,41,135,-94
116900297,1,41,-40
116900298,43,55,-12
116900299,5,90,-85
116900300,1,91,-90
116900301,9,235,-226
116900302,138,289,-151
116900303,212,223,-11
116900304,0,333,-333
116900305,29,43,-14
116900306,566,65,501
117000001,5094,4845,249
117000002,2900,3640,-740
117000003,8221,2944,5277
117000004,2950,4127,-1177
117000005,6174,2252,3922
117000006,1762,2070,-308
117000007,11843,1412,10431
117000008,1947,2778,-831
117000009,6578,1984,4594
117000010,1326,2575,-1249
117000011,6409,2311,4098
117000012,3038,2109,929
117000013,4484,1736,2748
117000014,2459,3104,-645
117000015,6690,2675,4015
117000016,349,430,-81
117000017,67,312,-245
117000018,144,1892,-1748
117000019,65,1,64
117000020,493,5238,-4745
117000021,1728,449,1279
117000022,123,528,-405
117000023,85,614,-529
117000024,237,882,-645
117000025,228,3751,-3523
117000026,2372,3964,-1592
117000027,646,2442,-1796
117000028,774,1624,-850
117000030,147,380,-233
117000031,282,154,128
117000032,1706,1584,122
117000033,2968,2924,44
117000034,549,154,395
117000035,190,191,-1
117000036,976,292,684
117000037,247,87,160
117000038,437,357,80
117000039,183,278,-95
117000040,47,538,-491
117000041,2993,84,2909
117000044,16,389,-373
117000045,1956,876,1080
117000046,292,1029,-737
117000047,746,1163,-417
117000048,1543,970,573
117000049,68,1383,-1315
117000050,1512,3186,-1674
117000051,5708,128,5580
117000052,256,174,82
117000053,3164,20,3144
117000054,3241,12,3229
117000055,1,950,-949
117000056,1072,83,989
117000057,2144,2505,-361
117000060,523,849,-326
117000061,4511,2393,2118
117000062,244,692,-448
117000063,2551,794,1757
117000064,568,474,94
117000066,379,684,-305
117000067,132,704,-572
117000074,10,242,-232
117000076,71,91,-20
117000077,259,330,-71
117000078,142,1761,-1619
117000079,578,228,350
117000080,1,538,-537
117000081,1025,272,753
117000082,45,145,-100
117000083,86,37,49
117000084,298,0,298
117000085,855,2488,-1633
117000086,1155,837,318
117000087,171,860,-689
117000088,1044,214,830
117000089,5925,203,5722
117000090,762,678,84
117000091,3348,201,3147
117000092,1024,576,448
117000093,4853,242,4611
117000094,1731,651,1080
117000095,6834,359,6475
117000096,1647,649,998
117000097,5106,767,4339
117000098,3432,1382,2050
117000099,9696,815,8881
117000100,489,329,160
117000101,413,452,-39
117000102,4154,398,3756
117000103,1005,653,352
117000104,3899,323,3576
117000105,1081,828,253
117000106,4497,306,4191
117000107,1191,983,208
117000108,5260,1142,4118
117000109,953,1524,-571
117000110,2728,3098,-370
117000111,6373,4999,1374
117000112,8063,1208,6855
117000113,180,117,63
117000114,829,1479,-650
117000115,149,71,78
117000116,373,777,-404
117000117,2036,984,1052
117000118,824,561,263
117000119,183,611,-428
117000120,29,738,-709
117000121,7,1312,-1305
117000122,1242,2375,-1133
117000123,2647,60,2587
117000124,49,254,-205
117000125,57,565,-508
117000126,84,63,21
117000127,256,817,-561
117000128,165,1403,-1238
117000129,112,365,-253
117000130,46,1,45
117000131,1,109,-108
117000132,11261,121,11140
117000133,8342,30,8312
117000134,0,78,-78
117000135,0,197,-197
117000136,0,14,-14
117000137,566,156,410
117000138,4,1114,-1110
117000140,770,588,182
117000141,3617,483,3134
117000181,481,143,338
117000182,2701,3872,-1171
117000195,473,300,173
117000196,838,327,511
117000225,79,375,-296
117000226,1,274,-273
117000276,1159,68,1091
117000277,0,113,-113
117000310,1422,4823,-3401
117000315,215,1307,-1092
117000320,93,0,93
117000906,1311,25,1286
117000907,26,71,-45
117000908,0,245,-245
117000909,172,142,30
117000910,390,184,206
117000911,36,253,-217
117000915,2,167,-165
117000916,163,24,139
117000917,2735,177,2558
117000918,393,351,42
117000919,3,127,-124
117000920,4,3528,-3524
117000921,1,344,-343
117000922,135,34,101
117000924,2929,626,2303
117000926,672,228,444
117000927,295,804,-509
117000928,0,139,-139
117000929,978,128,850
117000930,1838,27,1811
117000931,167,121,46
117900002,218,1395,-1177
117900003,111,152,-41
117900005,3,302,-299
117900006,0,54,-54
117900007,519,103,416
117900008,0,21,-21
117900010,844,63,781
117900011,13,749,-736
117900012,260,66,194
117900013,1,1364,-1363
117900014,1476,107,1369
117900015,28,62,-34
117900016,1719,2375,-656
117900017,1833,295,1538
117900018,542,567,-25
117900019,2011,190,1821
117900020,59,267,-208
117900021,74,144,-70
117900022,25,7,18
117900023,3318,169,3149
117900024,251,196,55
117900025,44,1,43
117900026,1084,312,772
117900028,116,28,88
117900029,1067,366,701
117900030,495,630,-135
117900031,659,514,145
117900032,1998,982,1016
117900033,1174,325,849
117900034,132,42,90
117900035,625,2118,-1493
117900036,713,276,437
117900037,504,53,451
117900038,215,60,155
117900039,0,138,-138
117900040,783,78,705
117900041,0,31,-31
117900042,3502,981,2521
117900043,1,10,-9
117900044,212,7917,-7705
117900045,734,124,610
117900048,655,446,209
117900049,572,323,249
117900050,6,388,-382
117900051,91,69,22
117900052,171,986,-815
117900053,4009,288,3721
117900054,0,16,-16
117900055,1390,348,1042
117900056,39,109,-70
117900057,2343,1145,1198
117900058,30,380,-350
117900059,230,280,-50
117900060,6840,3166,3674
117900061,3,459,-456
117900063,1268,318,950
117900065,478,1712,-1234
117900066,0,318,-318
117900067,1788,218,1570
117900069,2359,105,2254
117900070,14,399,-385
117900071,459,156,303
117900073,2337,134,2203
117900074,19,625,-606
117900075,310,139,171
117900076,28,136,-108
117900077,1615,127,1488
117900078,968,874,94
117900080,431,26,405
117900081,585,145,440
117900082,1664,365,1299
117900083,1960,661,1299
117900086,445,84,361
117900087,362,28,334
117900088,1235,868,367
117900089,5403,550,4853
117900090,1682,966,716
117900091,276,35,241
117900092,372,96,276
117900093,277,25,252
117900094,212,38,174
117900095,1424,514,910
117900096,418,447,-29
117900097,454,80,374
117900098,260,32,228
117900099,791,650,141
117900100,2085,1,2084
117900101,1491,4366,-2875
117900102,178,26,152
117900103,222,4,218
117900104,21,425,-404
117900105,89,298,-209
117900106,188,19,169
117900107,315,0,315
117900109,3299,940,2359
117900110,719,1,718
117900111,2909,246,2663
117900112,270,4,266
117900113,2708,4476,-1768
117900114,130,0,130
117900115,46,219,-173
117900116,2049,471,1578
117900117,2274,225,2049
117900118,608,1,607
117900119,681,10,671
117900120,1732,20,1712
117900121,205,53,152
117900122,1296,12620,-11324
117900123,1955,707,1248
117900124,433,2140,-1707
117900125,2491,1074,1417
117900126,271,241,30
117900127,1851,770,1081
117900128,1148,446,702
117900129,485,2,483
117900130,1693,1694,-1
117900131,20,210,-190
117900132,14,55,-41
117900133,30,38,-8
117900134,197,246,-49
117900135,194,106,88
117900136,0,3,-3
117900137,303,138,165
117900138,0,4,-4
117900139,101,108,-7
117900140,5315,1303,4012
117900141,39,343,-304
117900142,19,535,-516
117900144,11,680,-669
117900145,11,467,-456
117900146,32,658,-626
117900147,183,170,13
117900148,3318,5449,-2131
117900149,146,161,-15
117900150,197,71,126
117900151,166,199,-33
117900152,76,156,-80
117900153,74,342,-268
117900154,1106,605,501
117900156,381,314,67
117900157,141,411,-270
117900158,901,68,833
117900160,2121,936,1185
117900161,1547,566,981
117900162,1109,512,597
117900163,43,1274,-1231
117900165,0,0,0
117900166,13,253,-240
117900168,196,164,32
117900169,0,63,-63
117900170,0,42,-42
117900171,7,3,4
117900172,38,5,33
117900173,43,26,17
117900174,36,8,28
117900175,15,66,-51
117900176,53,11,42
117900177,101,6,95
117900178,202,53,149
117900180,406,40,366
117900181,126,935,-809
117900182,2,134,-132
117900183,315,137,178
117900184,66,505,-439
117900185,99,59,40
117900186,91,12,79
117900187,52,5,47
117900188,567,266,301
117900189,329,105,224
117900190,31,1,30
117900191,319,0,319
117900192,1084,5,1079
117900193,50,24,26
117900194,42,4,38
117900195,34,514,-480
117900196,119,43,76
117900207,99,312,-213
117900208,162,68,94
117900209,409,106,303
117900210,243,46,197
117900211,3,28,-25
117900212,295,124,171
117900213,41,21,20
117900214,40,7,33
117900215,28,19,9
117900216,4,34,-30
117900217,172,192,-20
117900218,116,215,-99
117900219,0,213,-213
117900220,4,285,-281
117900221,0,6,-6
118000001,1030,2226,-1196
118000002,679,1240,-561
118000003,2366,4318,-1952
118000004,1166,3627,-2461
118000005,4870,2870,2000
118000006,2768,3504,-736
118000007,7504,12921,-5417
118000008,1063,10360,-9297
118000009,1996,4770,-2774
118000010,4484,4575,-91
118000011,5035,1362,3673
118000012,1536,3490,-1954
118000013,3128,3459,-331
118000014,2253,2275,-22
118000016,499,174,325
118000017,1060,433,627
118000018,601,182,419
118000019,1259,2049,-790
118000020,341,2187,-1846
118000021,647,2219,-1572
118000022,1317,552,765
118000023,534,405,129
118000024,697,790,-93
118000025,389,615,-226
118000027,9705,6271,3434
118000029,553,1029,-476
118000032,400,2159,-1759
118000033,2210,4222,-2012
118000034,2922,3057,-135
118000035,2006,2413,-407
118000036,1587,1132,455
118000037,1141,1645,-504
118000038,1087,115,972
118000039,155,132,23
118000040,3727,1540,2187
118000041,5495,2100,3395
118000045,148,224,-76
118000046,739,1448,-709
118000047,644,3168,-2524
118000048,1844,3869,-2025
118000051,1283,3978,-2695
118000052,538,1374,-836
118000053,408,2162,-1754
118000054,4522,2447,2075
118000055,2484,2089,395
118000056,139,1130,-991
118000057,133,1557,-1424
118000058,2478,8100,-5622
118000059,1422,5072,-3650
118000060,2195,1895,300
118000061,2416,2010,406
118000062,684,249,435
118000063,553,1127,-574
118000064,833,1907,-1074
118000065,2568,2438,130
118000066,1485,3224,-1739
118000067,501,827,-326
118000068,1037,14245,-13208
118000069,1349,1566,-217
118000070,10472,3122,7350
118000071,5379,16734,-11355
118000072,779,5477,-4698
118000073,429,2716,-2287
118000074,658,1355,-697
118000075,788,707,81
118000076,2172,11143,-8971
118000077,1329,1184,145
118000078,3190,2998,192
118000079,233,625,-392
118000080,501,729,-228
118000081,1737,1658,79
118000082,487,1160,-673
118000083,1340,1533,-193
118000084,1614,4722,-3108
118000086,181,923,-742
118000087,4267,2910,1357
118000088,1928,2063,-135
118000089,4393,4763,-370
118000090,1636,5154,-3518
118000091,1593,8980,-7387
118000092,1005,784,221
118000093,151,840,-689
118000096,1102,545,557
118000097,1162,672,490
118000098,423,281,142
118000099,1173,288,885
118000101,3248,339,2909
118000102,592,371,221
118000107,2015,387,1628
118000108,973,11126,-10153
118000110,0,12,-12
118000111,0,111,-111
118000112,3059,29,3030
118000113,15,447,-432
118000114,3018,81,2937
118000115,45,13,32
118000116,78,1,77
118000117,815,769,46
118000118,2061,1383,678
118000119,2465,1502,963
118000120,1632,1219,413
118000121,33,482,-449
118000122,473,257,216
118000123,44,241,-197
118000125,957,1355,-398
118000126,1178,3650,-2472
118000127,1768,1268,500
118000128,496,2405,-1909
118000129,2265,1441,824
118000130,2318,3780,-1462
118000131,377,890,-513
118000132,3557,3296,261
118000133,2837,1013,1824
118000135,1296,1276,20
118000136,52,1197,-1145
118000137,553,110,443
118000138,816,348,468
118000139,916,167,749
118000140,5419,14262,-8843
118000141,4966,1830,3136
118000142,4866,2601,2265
118000143,4969,3068,1901
118000144,729,490,239
118000145,1756,1175,581
118000146,2387,238,2149
118000147,2122,666,1456
118000148,1538,2168,-630
118000149,1236,508,728
118000150,1646,179,1467
118000151,1273,192,1081
118000153,3285,697,2588
118000154,3089,917,2172
118000155,4360,1233,3127
118000156,2412,5734,-3322
118000157,883,444,439
118000158,284,722,-438
118000159,94,148,-54
118000160,1281,339,942
118000161,1039,274,765
118000162,2496,1107,1389
118000163,2064,1148,916
118000164,2775,1570,1205
118000168,654,2919,-2265
118000169,1285,887,398
118000170,3981,2691,1290
118000171,739,556,183
118000172,121,253,-132
118000173,1093,1500,-407
118000175,213,253,-40
118000176,549,240,309
118000177,592,362,230
118000178,20,39,-19
118000179,791,651,140
118000180,746,498,248
118000181,564,160,404
118000182,320,122,198
118000183,321,199,122
118000184,2637,421,2216
118000185,499,2951,-2452
118000186,494,1612,-1118
118000187,4334,299,4035
118000188,2171,90,2081
118000189,2795,224,2571
118000190,6,3,3
118000191,32,24,8
118000192,15,180,-165
118000193,14,206,-192
118000194,2610,1533,1077
118000195,286,4539,-4253
118000196,73,943,-870
118000197,113,464,-351
118000198,441,2168,-1727
118000199,321,1475,-1154
118000200,105,1065,-960
118000201,170,1310,-1140
118000202,31,748,-717
118000203,320,2320,-2000
118000204,48,762,-714
118000205,62,388,-326
118000206,459,285,174
118000207,0,110,-110
118000208,2489,1889,600
118000209,3722,533,3189
118000210,544,27,517
118000211,398,74,324
118000213,550,5107,-4557
118000214,348,932,-584
118000215,575,113,462
118000216,14176,2641,11535
118000217,13,91,-78
118000218,155,46,109
118000219,281,290,-9
118000220,123,72,51
118000221,2352,1797,555
118000222,137,2,135
118000223,140,65,75
118000224,165,74,91
118000225,441,807,-366
118000226,3140,239,2901
118000227,616,702,-86
118000228,128,368,-240
118000229,27,769,-742
118000230,226,162,64
118000231,46,196,-150
118000232,1337,230,1107
118000233,2772,429,2343
118000234,889,118,771
118000236,470,435,35
118000237,313,148,165
118000238,466,78,388
118000239,730,275,455
118000240,136,124,12
118000241,659,114,545
118000242,1381,121,1260
118000243,425,138,287
118000244,145,62,83
118000246,0,55,-55
118000255,57,392,-335
118000256,277,177,100
118000259,59,141,-82
118000260,490,45,445
118000261,180,17,163
118000263,214,176,38
118000266,320,150,170
118000267,0,90,-90
118000268,510,6,504
118000270,422,5,417
118000271,479,128,351
118000272,52,42,10
118000273,840,53,787
118000274,108,155,-47
118000276,757,145,612
118000295,50,169,-119
118000298,176,166,10
118000299,117,72,45
118000301,0,24,-24
118000302,179,15,164
118000311,2970,81,2889
118000312,856,75,781
118000313,179,66,113
118000314,215,27,188
118000315,211,28,183
118000316,1557,214,1343
118000325,211,19,192
118000326,103,62,41
118000331,151,5,146
118000332,16,8,8
118000333,166,55,111
118000335,1825,7,1818
118000336,0,203,-203
118000407,735,31,704
118000457,3,44,-41
118000465,763,3531,-2768
118000480,173,40,133
118000489,10,1218,-1208
118000490,3,245,-242
118000492,983,278,705
118000510,100,8,92
118000514,91,341,-250
118000515,1255,2796,-1541
118000517,378,198,180
118000524,307,729,-422
118000525,492,778,-286
118000530,32,205,-173
118000531,891,215,676
118000532,338,135,203
118000533,286,82,204
118000534,1018,298,720
118000535,579,66,513
118000536,55,598,-543
118000537,42,108,-66
118000538,45,71,-26
118000539,57,202,-145
118000540,418,174,244
118000541,217,64,153
118000542,200,254,-54
118000543,605,234,371
118000546,143,19,124
118000560,773,4299,-3526
118000562,176,66,110
118000563,1992,2095,-103
118000576,273,35,238
118000577,298,220,78
118000578,126,42,84
118000579,505,3507,-3002
118000595,322,44,278
118000596,0,156,-156
118000597,281,80,201
118000598,11,0,11
118000599,335,53,282
118000600,0,21,-21
118000601,116,0,116
118000602,0,38,-38
118000603,0,2,-2
118900001,773,1859,-1086
118900002,903,1349,-446
118900003,1614,3,1611
118900004,335,27,308
118900005,111,11,100
118900006,458,4,454
118900007,0,0,0
118900008,946,15,931
118900009,259,249,10
118900010,254,41,213
118900011,243,36,207
118900012,358,199,159
118900013,1632,1254,378
118900015,716,26,690
118900016,10,2,8
118900017,54,277,-223
118900018,1771,53,1718
118900019,0,6,-6
118900020,33,125,-92
118900021,292,777,-485
118900022,198,5,193
118900023,86,168,-82
118900024,245,187,58
118900025,51,273,-222
118900026,116,10,106
118900027,391,313,78
118900028,420,145,275
118900029,330,546,-216
118900030,1711,180,1531
118900031,295,40,255
118900032,372,84,288
118900033,525,932,-407
118900034,478,108,370
118900035,334,143,191
118900036,1970,387,1583
118900037,521,1170,-649
118900038,1030,39,991
118900039,2095,475,1620
118900040,547,89,458
118900041,1406,90,1316
118900042,194,98,96
118900045,302,344,-42
118900046,314,216,98
118900047,198,570,-372
118900048,94,620,-526
118900049,76,11,65
118900050,228,8,220
118900051,145,115,30
118900052,405,630,-225
118900053,32,72,-40
118900054,202,108,94
118900055,361,9,352
118900056,44,282,-238
118900057,1225,844,381
118900058,913,555,358
118900059,38,79,-41
118900060,181,223,-42
118900062,439,65,374
118900064,147,1055,-908
118900065,201,269,-68
118900066,187,86,101
118900067,2887,7306,-4419
118900068,18,765,-747
118900069,1250,135,1115
118900071,15,17,-2
118900072,910,1447,-537
118900073,675,57,618
118900074,276,64,212
118900075,631,10,621
118900076,372,31,341
118900077,1013,140,873
118900078,1,0,1
118900079,41,100,-59
118900080,385,77,308
118900081,44,56,-12
118900082,4155,360,3795
118900083,32,1,31
118900084,25,4,21
118900085,359,163,196
118900086,102,133,-31
118900087,244,1767,-1523
118900088,1,1,0
118900089,41,16,25
118900090,332,88,244
118900091,270,356,-86
118900092,694,34,660
118900093,140,19,121
118900096,196,5,191
118900097,567,250,317
118900099,37,117,-80
118900100,72,121,-49
118900101,659,149,510
118900102,58,85,-27
118900103,22,67,-45
118900104,1054,110,944
118900105,229,63,166
118900107,102,45,57
118900108,210,155,55
118900109,134,183,-49
118900110,1720,1981,-261
118900111,1664,932,732
118900112,522,337,185
118900113,194,475,-281
118900114,14,69,-55
118900115,329,279,50
118900116,212,56,156
118900117,222,39,183
118900118,846,139,707
118900119,309,141,168
118900120,69,243,-174
118900121,52,114,-62
118900122,0,899,-899
118900123,98,335,-237
118900124,280,294,-14
118900126,40,280,-240
118900129,429,93,336
118900130,47,93,-46
118900131,878,323,555
118900132,510,171,339
118900133,9,177,-168
118900135,359,123,236
118900136,525,152,373
118900137,8,120,-112
118900139,848,469,379
118900140,793,317,476
118900141,165,250,-85
118900144,305,119,186
118900145,9,395,-386
118900146,715,425,290
118900147,124,454,-330
118900148,72,39,33
118900150,114,939,-825
118900152,858,262,596
118900157,44,166,-122
118900158,582,54,528
118900159,0,116,-116
118900161,74,34,40
118900163,67,92,-25
118900164,0,31,-31
118900165,259,131,128
118900166,1,0,1
118900167,91,81,10
118900168,80,115,-35
118900169,437,174,263
118900170,1015,90,925
118900171,147,18,129
118900174,52,38,14
118900175,940,372,568
118900176,333,467,-134
118900177,181,19,162
118900178,149,70,79
118900179,9,22,-13
118900181,178,130,48
118900182,17,46,-29
118900183,32,299,-267
118900184,286,35,251
118900185,185,33,152
118900186,126,58,68
118900187,181,430,-249
118900188,582,239,343
118900189,53,655,-602
118900190,235,101,134
118900191,1025,66,959
118900192,1271,52,1219
118900193,2646,30,2616
118900195,246,604,-358
118900196,53,100,-47
118900197,920,7,913
118900198,144,0,144
118900199,168,4,164
118900200,65,45,20
118900201,96,58,38
118900202,0,47,-47
118900203,143,6,137
118900204,61,18,43
118900205,1,1,0
118900206,0,1,-1
119000001,2752,1865,887
119000002,5166,3858,1308
119000003,9978,1184,8794
119000004,5888,2952,2936
119000005,4005,4902,-897
119000006,7737,3750,3987
119000007,6671,5899,772
119000008,3076,2776,300
119000009,3047,11409,-8362
119000010,5738,7773,-2035
119000011,2909,3980,-1071
119000012,1585,6099,-4514
119000013,4791,2033,2758
119000014,3907,4052,-145
119000019,544,321,223
119000020,5174,2207,2967
119000021,8902,4885,4017
119000022,2380,7258,-4878
119000023,161,484,-323
119000024,2307,35134,-32827
119000025,4962,1838,3124
119000026,24,673,-649
119000027,121,656,-535
119000028,2473,792,1681
119000029,32,144,-112
119000030,998,833,165
119000031,2308,873,1435
119000032,2283,1649,634
119000033,4413,1054,3359
119000034,3134,707,2427
119000035,43,154,-111
119000036,6161,325,5836
119000037,3429,671,2758
119000038,576,292,284
119000039,1022,767,255
119000040,741,1251,-510
119000041,1470,3012,-1542
119000048,2834,1126,1708
119000049,5495,1768,3727
119000050,1409,4919,-3510
119000051,4135,2342,1793
119000052,3324,2744,580
119000053,3413,1351,2062
119000054,5712,983,4729
119000055,10889,1122,9767
119000056,6761,1341,5420
119000057,2993,594,2399
119000058,1991,806,1185
119000059,1022,548,474
119000060,4001,488,3513
119000061,1359,415,944
119000062,1435,658,777
119000063,1273,867,406
119000064,920,642,278
119000065,1714,3398,-1684
119000066,2536,1238,1298
119000067,2551,766,1785
119000068,3441,550,2891
119000069,3869,1213,2656
119000070,7322,325,6997
119000071,1033,298,735
119000072,5688,2858,2830
119000073,7185,15005,-7820
119000074,3400,1024,2376
119000075,9202,2358,6844
119000076,111,574,-463
119000077,1615,460,1155
119000078,1017,518,499
119000079,303,333,-30
119000080,1500,220,1280
119000081,556,383,173
119000082,1807,292,1515
119000083,1240,521,719
119000084,693,327,366
119000085,764,115,649
119000086,495,887,-392
119000087,874,176,698
119000088,660,36,624
119000089,166,202,-36
119000090,162,60,102
119000091,91,293,-202
119000092,222,162,60
119000093,4088,1662,2426
119000094,8170,5883,2287
119000095,5073,3269,1804
119000097,1356,740,616
119000098,1749,10018,-8269
119000099,2212,621,1591
119000100,7461,3554,3907
119000101,6004,1935,4069
119000102,358,2399,-2041
119000103,1266,771,495
119000104,1342,531,811
119000105,1948,4558,-2610
119000106,865,498,367
119000107,2768,804,1964
119000108,1281,429,852
119000109,211,355,-144
119000110,288,280,8
119000111,75,894,-819
119000112,168,86,82
119000113,941,240,701
119000114,1865,2341,-476
119000115,72,165,-93
119000116,136,94,42
119000117,432,389,43
119000118,46,0,46
119000123,2262,2160,102
119000124,2287,190,2097
119000125,10443,541,9902
119000126,2807,410,2397
119000127,1475,279,1196
119000128,27,4,23
119000131,1990,131,1859
119000132,1,0,1
119000133,23,14,9
119000134,818,1151,-333
119000135,479,194,285
119000136,748,37,711
119000137,721,89,632
119000138,1804,55,1749
119000139,254,82,172
119000140,551,462,89
119000284,1474,2128,-654
119000285,1583,848,735
119000286,4347,2839,1508
119000287,2637,3553,-916
119000288,3546,887,2659
119000289,1873,1833,40
119000290,572,381,191
119000291,85,439,-354
119000293,267,227,40
119000294,53,45,8
119000295,2262,278,1984
119000296,649,95,554
119000302,1574,1634,-60
119000303,3,160,-157
119000314,3005,20191,-17186
119000315,0,73,-73
119000316,445,38,407
119000317,273,94,179
119900001,122,2788,-2666
119900002,665,141,524
119900003,3,205,-202
119900004,136,5007,-4871
119900005,656,88,568
119900006,145,630,-485
119900007,542,420,122
119900008,55,961,-906
119900009,659,189,470
119900010,1263,426,837
119900011,19,530,-511
119900012,27,265,-238
119900013,1941,1225,716
119900014,885,87,798
119900015,813,147,666
119900016,200,88,112
119900017,48,103,-55
119900018,698,3656,-2958
119900019,130,4,126
119900020,181,106,75
119900021,253,52,201
119900022,140,3133,-2993
119900023,353,5076,-4723
119900025,897,25,872
119900026,760,97,663
119900027,4,28,-24
119900028,498,578,-80
119900029,2,2,0
119900030,1312,1465,-153
119900031,75,1553,-1478
119900033,1165,290,875
119900034,2075,39,2036
119900037,399,13,386
119900038,47,888,-841
119900039,145,8,137
119900040,315,69,246
119900041,533,13,520
119900042,138,1675,-1537
119900043,146,242,-96
119900044,181,1455,-1274
119900046,556,24,532
119900047,1551,438,1113
119900048,180,10,170
119900049,338,3,335
119900050,410,271,139
119900051,3522,24,3498
119900052,388,17,371
119900053,950,399,551
119900054,927,12,915
119900055,2505,278,2227
119900057,899,25,874
119900058,952,6,946
119900059,198,18,180
119900060,671,47,624
119900061,1805,10,1795
119900062,469,9,460
119900063,40,139,-99
119900064,1607,190,1417
119900065,424,2,422
119900066,0,0,0
119900067,219,653,-434
119900068,1960,2,1958
119900069,240,6,234
119900070,3367,9,3358
119900071,2018,44,1974
119900072,776,311,465
119900073,3948,126,3822
119900074,116,55,61
119900075,2363,1738,625
119900076,1487,281,1206
119900077,2543,266,2277
119900078,1167,1262,-95
119900079,1774,65,1709
119900080,659,195,464
119900081,861,8,853
119900082,4721,241,4480
119900083,785,97,688
119900084,1120,454,666
119900085,87,17,70
119900086,550,206,344
119900087,288,455,-167
119900088,166,9,157
119900089,44,135,-91
119900090,138,13,125
119900091,56,179,-123
119900092,17,650,-633
119900093,2007,175,1832
119900094,12,270,-258
119900095,282,26,256
119900096,91,88,3
119900097,117,245,-128
119900098,49,8,41
119900099,29,90,-61
119900100,458,3260,-2802
119900101,113,828,-715
119900102,96,91,5
119900103,45,64,-19
119900104,33,44,-11
119900105,802,1697,-895
119900106,26,77,-51
119900107,417,828,-411
119900108,3529,698,2831
119900109,19,78,-59
119900110,837,289,548
119900111,474,91,383
119900112,488,1452,-964
119900113,117,204,-87
119900114,551,311,240
119900115,1337,205,1132
119900116,373,561,-188
119900117,688,166,522
119900118,329,129,200
119900119,803,164,639
119900120,592,189,403
119900121,1315,232,1083
119900122,166,60,106
119900123,144,190,-46
119900124,551,226,325
119900125,138,61,77
119900126,1749,265,1484
119900127,724,208,516
119900128,1080,1731,-651
119900129,951,133,818
119900130,29,39,-10
119900131,88,50,38
119900132,4,19,-15
119900133,418,80,338
119900134,319,59,260
119900135,2,134,-132
119900136,179,123,56
119900138,224,214,10
119900139,8,1463,-1455
119900140,5,18,-13
119900141,19,1194,-1175
119900142,6,34,-28
119900143,8,159,-151
119900144,711,194,517
119900145,37,231,-194
119900146,486,249,237
119900147,1,268,-267
119900148,817,27,790
119900149,401,12514,-12113
119900150,200,78,122
119900151,2595,1331,1264
119900152,460,77,383
119900153,433,40,393
119900154,120,121,-1
119900155,130,16,114
119900156,24,6,18
119900157,254,66,188
119900158,423,73,350
119900159,1,256,-255
119900160,10,64,-54
119900161,249,64,185
119900162,2463,717,1746
119900163,356,246,110
119900164,0,1,-1
119900165,268,32,236
119900166,154,31,123
119900167,0,32,-32
119900168,3385,195,3190
119900169,34,316,-282
119900170,416,184,232
119900171,1400,965,435
119900172,58,40,18
119900173,2,53,-51
119900174,0,90,-90
119900175,4500,250,4250
119900177,7,58,-51
119900178,0,77,-77
119900179,655,2186,-1531
119900180,2754,625,2129
119900181,35,57,-22
119900182,2,72,-70
119900183,195,367,-172
119900184,594,582,12
119900185,116,555,-439
119900186,9,3093,-3084
119900187,3,119,-116
119900188,246,340,-94
119900189,266,224,42
119900190,140,595,-455
119900191,248,329,-81
119900192,129,176,-47
119900193,1756,158,1598
119900194,85,39,46
119900195,7,83,-76
119900196,334,168,166
119900197,708,144,564
119900198,123,1057,-934
119900199,250,21,229
119900200,1264,2197,-933
119900201,118,79,39
119900202,30,477,-447
119900203,295,1005,-710
119900204,617,212,405
119900205,2860,293,2567
119900206,796,773,23
119900208,648,68,580
119900209,999,3522,-2523
119900210,246,6,240
119900211,162,3,159
119900212,970,511,459
119900213,2,95,-93
119900214,217,38,179
119900215,128,9,119
119900216,43,9,34
119900217,10,11,-1
119900218,10,390,-380
119900219,59,44,15
119900220,8,16,-8
119900221,103,51,52
119900222,50,39,11
119900223,12,19,-7
119900224,17,13,4
119900225,357,40,317
119900226,200,3606,-3406
119900227,223,104,119
119900228,20,2861,-2841
119900229,64,132,-68
119900230,2406,177,2229
119900231,978,74,904
119900232,194,118,76
119900233,106,4,102
119900234,17,143,-126
119900235,5,29,-24
119900236,208,165,43
119900237,331,412,-81
119900238,0,48,-48
119900240,300,61,239
119900241,503,197,306
119900242,2342,2121,221
119900244,812,1110,-298
119900245,381,213,168
119900246,190,469,-279
119900247,17,28,-11
119900248,24,984,-960
119900249,560,68,492
119900253,1877,376,1501
119900254,86,2662,-2576
119900255,206,501,-295
119900256,2493,239,2254
119900257,249,3,246
119900258,556,14,542
119900259,2,46,-44
119900260,353,6,347
119900261,944,2695,-1751
119900262,13,72,-59
119900263,2405,408,1997
119900264,417,36,381
119900265,1159,344,815
119900266,1213,216,997
119900267,283,317,-34
119900268,513,63,450
119900269,3127,572,2555
119900271,214,149,65
119900272,165,150,15
119900275,294,21,273
119900276,147,0,147
119900277,6,2,4
119900278,661,52,609
119900279,259,299,-40
119900280,663,46,617
119900281,2,619,-617
119900282,19,129,-110
119900283,34,53,-19
119900284,58,121,-63
119900285,2,69,-67
119900286,0,7,-7
119900288,4,2,2
119900289,0,13,-13
119900290,25,0,25
119900291,1,26,-25
119900292,33,102,-69
119900293,47,35,12
119900294,26,57,-31
119900295,20,7,13
119900296,124,19,105
119900297,2,16,-14
119900298,2,4,-2
119900299,535,247,288
119900300,1618,1123,495
119900301,74,142,-68
119900302,30,261,-231
119900303,898,1904,-1006
119900304,565,8,557
119900305,6,49,-43
119900306,17,4,13
119900307,98,76,22
119900308,15,35,-20
119900309,109,431,-322
119900310,711,156,555
119900311,483,52,431
119900312,183,46,137
119900313,300,370,-70
119900314,527,584,-57
119900315,5415,725,4690
119900318,23,140,-117
119900319,1,73,-72
119900320,671,200,471
119900321,687,46,641
120000001,12276,46472,-34196
120000002,4204,3420,784
120000003,3073,860,2213
120000004,3627,884,2743
120000005,3717,1201,2516
120000006,2059,899,1160
120000007,3866,6232,-2366
120000008,1854,718,1136
120000009,1566,971,595
120000010,3563,7047,-3484
120000011,1835,1372,463
120000012,2889,1342,1547
120000013,5665,2710,2955
120000014,1465,1274,191
120000015,4073,1499,2574
120000016,6523,2919,3604
120000017,7399,6741,658
120000018,4354,30856,-26502
120000019,1749,1601,148
120000020,2679,4043,-1364
120000021,2069,1227,842
120000022,2989,3190,-201
120000023,2363,1335,1028
120000024,1561,1711,-150
120000025,4657,1565,3092
120000026,6370,1476,4894
120000027,3751,2219,1532
120000028,841,1918,-1077
120000029,2132,1415,717
120000030,275,2138,-1863
120000031,2687,7057,-4370
120000032,5516,2087,3429
120000033,6198,850,5348
120000034,8164,903,7261
120000035,7978,1153,6825
120000036,6194,7135,-941
120000037,801,3273,-2472
120000038,6074,2758,3316
120000039,832,3253,-2421
120000040,121,16979,-16858
120000041,1050,2175,-1125
120000042,5910,1685,4225
120000043,10351,1114,9237
120000044,13987,2149,11838
120000045,14410,693,13717
120000046,9000,7873,1127
120000047,782,20386,-19604
120000048,8020,3894,4126
120000049,7379,2337,5042
120000050,6010,4680,1330
120000051,3129,6326,-3197
120000052,7538,832,6706
120000053,3303,1287,2016
120000054,2765,2355,410
120000055,2434,3055,-621
120000056,5957,3619,2338
120000057,5716,3145,2571
120000058,2017,1123,894
120000059,36,3320,-3284
120000061,146,1225,-1079
120000062,192,186,6
120000063,734,2108,-1374
120000064,638,1059,-421
120000065,773,5560,-4787
120000066,323,191,132
120000067,93,191,-98
120000068,637,195,442
120000069,1683,272,1411
120000070,541,552,-11
120000071,2542,247,2295
120000072,3115,806,2309
120000073,2765,65,2700
120000074,288,157,131
120000075,2711,812,1899
120000076,6414,2151,4263
120000077,5807,522,5285
120000078,3354,1035,2319
120000079,309,171,138
120000080,42,194,-152
120000081,294,87,207
120000082,342,142,200
120000083,45,766,-721
120000084,448,446,2
120000085,501,1126,-625
120000086,302,181,121
120000087,364,212,152
120000088,1035,596,439
120000089,1487,250,1237
120000090,1237,404,833
120000091,2851,1933,918
120000092,1818,292,1526
120000093,2415,476,1939
120000094,785,838,-53
120000095,1547,176,1371
120000096,687,272,415
120000098,1784,2665,-881
120000099,648,326,322
120000100,1321,553,768
120000101,1271,605,666
120000102,1453,1653,-200
120000103,2856,1389,1467
120000104,4713,577,4136
120000105,4838,219,4619
120000106,7590,392,7198
120000107,14069,914,13155
120000108,4851,225,4626
120000109,2881,89,2792
120000110,54,626,-572
120000111,231,539,-308
120000112,771,1080,-309
120000113,878,1798,-920
120000114,751,762,-11
120000115,563,678,-115
120000116,544,1279,-735
120000117,581,635,-54
120000118,82,50,32
120000119,6,54,-48
120000120,288,421,-133
120000121,13,11,2
120000122,259,1747,-1488
120000123,2024,17658,-15634
120000124,647,418,229
120000125,2194,620,1574
120000126,762,1565,-803
120000127,980,905,75
120000128,2985,3712,-727
120000129,247,179,68
120000130,1341,535,806
120000131,859,408,451
120000134,1294,210,1084
120000135,2508,970,1538
120000137,691,225,466
120000138,4923,184,4739
120000139,875,497,378
120000140,4285,166,4119
120000141,1010,2649,-1639
120000142,1794,2577,-783
120000143,1,24,-23
120000144,260,36,224
120000145,1626,2,1624
120000146,908,1166,-258
120000149,591,484,107
120000150,1862,16994,-15132
120000151,1374,305,1069
120000152,3424,141,3283
120000153,2480,513,1967
120000154,1062,953,109
120000155,612,645,-33
120000156,891,4321,-3430
120000157,2959,518,2441
120000158,2170,971,1199
120000159,3134,1165,1969
120000160,2567,1467,1100
120000161,7117,3494,3623
120000162,242,316,-74
120000163,2690,352,2338
120000164,2254,233,2021
120000165,3119,275,2844
120000166,4193,397,3796
120000167,176,248,-72
120000168,1,516,-515
120000169,13,1306,-1293
120000170,28,1222,-1194
120000171,6,441,-435
120000172,5,243,-238
120000173,111,662,-551
120000174,22,83,-61
120000175,22,45,-23
120000176,8,32,-24
120000177,433,110,323
120000178,4,29,-25
120000179,48,87,-39
120000180,13,125,-112
120000181,24,953,-929
120000182,23,641,-618
120000183,2,214,-212
120000184,74,728,-654
120000186,28,591,-563
120000187,10,691,-681
120000188,6,293,-287
120000190,44,19,25
120000191,68,29,39
120000192,57,6,51
120000193,39,0,39
120000195,3,1,2
120000196,18,5,13
120000197,6,9,-3
120000198,774,16,758
120000199,826,2,824
120000200,679,2,677
120000201,66,166,-100
120000202,0,42,-42
120000203,437,115,322
120000207,0,17,-17
120000208,47,40,7
120000209,54,7,47
120000210,61,26,35
120000211,1250,5,1245
120000212,1061,3,1058
120000213,870,412,458
120000214,1,42,-41
120000215,13,35,-22
120000216,943,48,895
120000217,239,796,-557
120000218,25,380,-355
120000219,2,300,-298
120000220,1,684,-683
120000225,6047,11,6036
120000226,1337,27,1310
120000227,1860,270,1590
120000228,14433,7628,6805
120000230,812,29,783
120000231,4689,472,4217
120000233,1892,11,1881
120000235,985,551,434
120000236,5032,3,5029
120000237,2,874,-872
120000238,1,372,-371
120000241,1839,8129,-6290
120000412,1478,2,1476
120000413,1625,172,1453
120000414,838,13,825
120000415,1,21,-20
120000416,345,27,318
120000417,68,2088,-2020
120000418,707,23,684
120000419,23,56,-33
120000420,110,11,99
120000421,8933,5086,3847
120000422,100,5536,-5436
120000423,5,266,-261
120000424,894,41,853
120000436,124,2236,-2112
120000437,128,59,69
120000438,1548,282,1266
120000439,332,1097,-765
120000443,455,0,455
120000444,4344,616,3728
120000445,4221,2069,2152
120000446,1397,82,1315
120000447,1493,3,1490
120000449,628,27,601
120000450,3,137,-134
120000451,336,111,225
120000452,201,0,201
120000453,1,17,-16
120000454,87,180,-93
120000455,210,57,153
120000456,2248,8848,-6600
120000457,601,220,381
120000458,998,419,579
120000459,744,134,610
120000665,151,635,-484
120000668,162,1626,-1464
120000669,1111,113,998
120000670,38,482,-444
120000671,6183,1371,4812
120000672,58,428,-370
120900001,94,34,60
120900002,152,784,-632
120900003,274,9,265
120900004,19,285,-266
120900005,179,212,-33
120900006,1735,187,1548
120900007,334,196,138
120900008,1309,518,791
120900009,295,1,294
120900010,1679,201,1478
120900011,7,131,-124
120900012,43,1797,-1754
120900013,525,118,407
120900014,1,155,-154
120900015,2354,173,2181
120900016,4225,79,4146
120900017,1993,73,1920
120900018,779,182,597
120900019,603,479,124
120900020,402,592,-190
120900021,684,107,577
120900022,4,98,-94
120900023,1049,1740,-691
120900024,2045,904,1141
120900025,1619,602,1017
120900026,296,121,175
120900027,579,14,565
120900028,1466,328,1138
120900029,18,1891,-1873
120900030,3829,458,3371
120900031,855,110,745
120900032,3832,499,3333
120900033,3425,218,3207
120900034,20,5542,-5522
120900035,383,54,329
120900037,1083,28,1055
120900038,99,1006,-907
120900039,192,82,110
120900040,1202,16,1186
120900041,15,18,-3
120900042,1631,74,1557
120900043,363,121,242
120900044,16,748,-732
120900045,344,34,310
120900046,2073,4,2069
120900047,219,350,-131
120900048,379,26,353
120900049,1920,17,1903
120900050,627,6440,-5813
120900051,1311,95,1216
120900052,3421,12,3409
120900053,1436,63,1373
120900054,1489,227,1262
120900055,2065,24,2041
120900056,1554,83,1471
120900057,795,16,779
120900058,2310,15,2295
120900059,464,7,457
120900060,239,15,224
120900061,335,102,233
120900062,1112,2,1110
120900063,2830,50,2780
120900064,2085,16,2069
120900065,1576,7,1569
120900066,3429,234,3195
120900067,422,168,254
120900068,1431,9,1422
120900069,1395,25,1370
120900071,32,0,32
120900072,2576,30,2546
120900073,2253,53,2200
120900074,3006,104,2902
120900076,1706,2,1704
120900077,1609,827,782
120900078,2165,325,1840
120900079,3088,166,2922
120900080,3097,427,2670
120900081,5129,461,4668
120900082,1205,545,660
120900083,240,4,236
120900084,977,730,247
120900085,90,52,38
120900086,49,1770,-1721
120900087,811,250,561
120900088,278,1347,-1069
120900089,5060,7668,-2608
120900090,576,4,572
120900091,139,1287,-1148
120900092,250,159,91
120900093,1102,148,954
120900094,390,138,252
120900095,528,7,521
120900096,230,139,91
120900097,1057,262,795
120900098,36,115,-79
120900099,244,25,219
120900100,49,79,-30
120900101,44,107,-63
120900102,131,33,98
120900103,219,190,29
120900104,8,32,-24
120900105,18,424,-406
120900106,267,144,123
120900107,281,78,203
120900108,13,283,-270
120900109,75,285,-210
120900110,17,213,-196
120900111,369,225,144
120900112,36,210,-174
120900113,15,705,-690
120900114,70,97,-27
120900115,120,233,-113
120900116,2437,135,2302
120900117,1,71,-70
120900118,59,3736,-3677
120900119,6668,2227,4441
120900120,218,203,15
120900121,50,211,-161
120900122,2616,157,2459
120900123,17,55,-38
120900124,1,218,-217
120900125,22,396,-374
120900126,197,300,-103
120900127,17,130,-113
120900128,458,491,-33
120900129,4,154,-150
120900130,18,196,-178
120900131,60,99,-39
120900132,3004,197,2807
120900133,17,602,-585
120900134,106,147,-41
120900135,7,950,-943
120900136,25,92,-67
120900137,1065,88,977
120900138,4,134,-130
120900139,1,209,-208
120900140,1,136,-135
120900141,789,169,620
120900142,23,87,-64
120900143,0,210,-210
120900144,0,31,-31
120900145,189,3669,-3480
120900146,0,121,-121
120900147,1,2,-1
120900148,492,117,375
120900149,1,60,-59
120900150,168,93,75
120900151,0,83,-83
120900152,1,1,0
120900153,0,0,0
120900154,0,58,-58
120900155,511,186,325
120900156,546,118,428
120900157,0,2,-2
120900158,97,187,-90
120900159,2,39,-37
120900160,66,536,-470
120900161,35,472,-437
120900162,32,494,-462
120900163,33,475,-442
120900164,0,13,-13
120900165,0,53,-53
120900166,73,652,-579
120900167,210,22,188
120900169,462,150,312
120900170,586,7878,-7292
120900171,428,76,352
120900172,34,976,-942
120900173,0,43,-43
120900174,13,137,-124
120900175,180,94,86
120900176,43,802,-759
120900177,4,4399,-4395
120900178,1,1472,-1471
120900179,98,124,-26
120900180,40,129,-89
120900181,16,10,6
120900182,61,67,-6
120900183,376,51,325
120900184,225,49,176
120900185,273,1320,-1047
120900186,0,116,-116
120900187,1757,924,833
120900188,1026,8,1018
120900189,28,7361,-7333
120900190,731,30,701
120900191,368,3,365
120900192,6538,28164,-21626
120900194,219,107,112
120900195,329,145,184
120900196,199,9,190
120900197,1297,108,1189
120900198,99,534,-435
120900199,549,1676,-1127
120900200,39,58,-19
120900201,185,66,119
120900202,0,98,-98
120900203,35,59,-24
120900204,28,107,-79
120900205,647,15,632
120900206,156,120,36
121000001,975,1585,-610
121000002,3362,2524,838
121000003,6154,2308,3846
121000004,2301,4831,-2530
121000005,3042,3906,-864
121000006,2830,3650,-820
121000007,4061,5074,-1013
121000008,5129,6238,-1109
121000009,6098,10633,-4535
121000010,6611,8576,-1965
121000011,6323,7963,-1640
121000012,14517,5379,9138
121000013,6559,5632,927
121000014,5481,3446,2035
121000015,5826,8403,-2577
121000016,3933,5190,-1257
121000017,5488,2408,3080
121000018,4737,2034,2703
121000019,10554,9836,718
121000020,9418,16868,-7450
121000021,2447,4573,-2126
121000022,3698,4947,-1249
121000023,4005,2269,1736
121000024,7325,9765,-2440
121000025,407,2496,-2089
121000026,253,160,93
121000027,1470,1564,-94
121000028,1116,724,392
121000029,1645,653,992
121000030,1265,530,735
121000031,476,629,-153
121000032,205,93,112
121000034,418,682,-264
121000035,158,213,-55
121000036,2123,1245,878
121000037,764,1118,-354
121000038,502,1380,-878
121000039,193,526,-333
121000041,502,481,21
121000042,277,456,-179
121000043,492,717,-225
121000044,1159,1509,-350
121000045,1158,400,758
121000046,2022,992,1030
121000047,21,102,-81
121000049,1255,697,558
121000050,252,1799,-1547
121000051,1142,365,777
121000052,702,946,-244
121000053,395,243,152
121000054,39,604,-565
121000055,977,2939,-1962
121000056,960,2134,-1174
121000057,165,491,-326
121000058,258,88,170
121000059,4582,1129,3453
121000060,810,1179,-369
121000061,16,621,-605
121000062,91,608,-517
121000063,1072,1525,-453
121000064,710,877,-167
121000065,362,623,-261
121000066,433,375,58
121000067,555,1238,-683
121000068,598,576,22
121000069,160,1410,-1250
121000070,1493,2166,-673
121000071,2835,1992,843
121000072,899,2153,-1254
121000073,1379,3615,-2236
121000074,66,753,-687
121000075,40,74,-34
121000076,495,299,196
121000077,160,179,-19
121000078,68,151,-83
121000080,2379,636,1743
121000081,3511,5067,-1556
121000082,138,150,-12
121000083,53,123,-70
121000084,180,229,-49
121000085,163,721,-558
121000086,1159,833,326
121000087,79,307,-228
121000088,1207,1130,77
121000089,272,740,-468
121000090,308,348,-40
121000091,1596,839,757
121000092,421,42,379
121000093,684,170,514
121000094,576,1281,-705
121000095,314,800,-486
121000096,7310,1834,5476
121000097,585,2039,-1454
121000098,1459,492,967
121000099,1647,644,1003
121000100,2188,165,2023
121000101,824,159,665
121000102,974,182,792
121000103,635,314,321
121000104,874,145,729
121000105,778,90,688
121000106,826,213,613
121000107,2375,2388,-13
121000109,1370,921,449
121000110,201,721,-520
121000114,3528,2066,1462
121000115,2038,624,1414
121000116,443,717,-274
121000117,288,271,17
121000118,2052,219,1833
121000119,800,269,531
121000120,1003,1522,-519
121000121,1176,1848,-672
121000123,1282,282,1000
121000126,98,345,-247
121000127,587,93,494
121000128,2761,148,2613
121000129,2753,245,2508
121000130,1548,1128,420
121000131,2948,1261,1687
121000132,1101,698,403
121000135,563,685,-122
121000136,797,1953,-1156
121000137,894,599,295
121000138,494,3430,-2936
121000139,158,1007,-849
121000141,249,227,22
121000142,760,514,246
121000143,118,19,99
121000144,644,1086,-442
121000145,1198,731,467
121000146,1899,1022,877
121000147,2743,625,2118
121000148,1255,557,698
121000149,4702,2230,2472
121000152,347,663,-316
121000153,1562,461,1101
121000154,1978,556,1422
121000155,2783,1151,1632
121000156,495,896,-401
121000157,510,1264,-754
121000158,291,278,13
121000159,460,318,142
121000160,489,221,268
121000161,331,450,-119
121000162,386,81,305
121000165,1214,2578,-1364
121000166,81,373,-292
121000168,946,141,805
121000169,127,73,54
121000170,469,75,394
121000171,71,119,-48
121000172,1325,2318,-993
121000173,1865,1891,-26
121000174,1331,725,606
121000175,3178,382,2796
121000176,761,173,588
121000177,1253,698,555
121000178,94,145,-51
121000179,76,481,-405
121000181,406,341,65
121000182,339,678,-339
121000183,83,459,-376
121000184,26,219,-193
121000185,9,373,-364
121000186,194,823,-629
121000187,443,352,91
121000188,643,60,583
121000192,1577,304,1273
121000193,1331,284,1047
121000194,2068,1917,151
121000195,407,1256,-849
121000196,498,421,77
121000197,96,869,-773
121000198,193,286,-93
121000199,310,279,31
121000200,1065,229,836
121000201,22,206,-184
121000202,326,4,322
121000203,1311,1233,78
121000204,5271,564,4707
121000205,259,226,33
121000206,224,69,155
121000207,4547,1030,3517
121000208,36,373,-337
121000209,1671,130,1541
121000210,1955,420,1535
121000211,891,117,774
121000212,835,458,377
121000213,16204,4447,11757
121000214,1459,3742,-2283
121000215,719,1663,-944
121000216,602,990,-388
121000217,5261,5318,-57
121000218,694,2087,-1393
121000219,2308,1032,1276
121000220,483,108,375
121000221,943,825,118
121000222,8530,3596,4934
121000223,154,579,-425
121000224,106,641,-535
121000225,601,12813,-12212
121000226,912,3851,-2939
121000227,9,181,-172
121000228,54,679,-625
121000229,1115,284,831
121000230,78,2762,-2684
121000231,3291,46,3245
121000232,451,331,120
121000233,1364,529,835
121000234,26,88,-62
121000235,154,230,-76
121000236,3,69,-66
121000237,24,91,-67
121000238,7,127,-120
121000239,236,22,214
121000240,0,152,-152
121000241,189,4,185
121000242,15,182,-167
121000243,281,51,230
121000244,1,61,-60
121000245,62,7,55
121000246,0,51,-51
121000247,206,6,200
121000248,391,282,109
121000249,152,301,-149
121000250,994,814,180
121000251,34,235,-201
121000252,338,226,112
121000253,677,553,124
121000254,1494,405,1089
121000255,116,668,-552
121000256,478,562,-84
121000257,54,382,-328
121000258,67,442,-375
121000259,32,196,-164
121000260,14,98,-84
121000261,125,313,-188
121000262,1749,524,1225
121000263,929,1976,-1047
121000271,1111,2043,-932
121000273,92,13,79
121000274,22,404,-382
121000275,1,19,-18
121000276,42,167,-125
121000278,181,26,155
121000279,88,152,-64
121000280,44,81,-37
121000289,965,21,944
121000290,1426,1372,54
121000294,852,25,827
121000297,394,1365,-971
121000299,154,5285,-5131
121000300,2099,893,1206
121000302,10,757,-747
121000303,1176,292,884
121000304,1156,51,1105
121000305,634,56,578
121000306,465,172,293
121000308,169,200,-31
121000309,298,317,-19
121000310,204,200,4
121000311,100,241,-141
121000312,653,507,146
121000313,282,282,0
121000314,17,46,-29
121000315,12,97,-85
121000530,4439,1436,3003
121000531,3499,3102,397
121000532,6976,8027,-1051
121000533,5718,3199,2519
121000918,43,126,-83
121000919,45,136,-91
121000938,108,179,-71
121000939,13,325,-312
121000956,3807,2612,1195
121000957,12,51,-39
121000958,1,109,-108
121000959,2763,414,2349
121000960,2749,1630,1119
121000961,914,31,883
121000962,206,281,-75
121000973,0,776,-776
121000976,35,117,-82
121000979,396,103,293
121000981,791,95,696
121000982,832,621,211
121000983,1198,124,1074
121000984,1,60,-59
121000985,2449,723,1726
121000986,2151,86,2065
121000987,704,519,185
121000988,2780,123,2657
121001302,350,139,211
121001308,0,18,-18
121001309,12,599,-587
121001313,527,306,221
121001314,2569,2931,-362
121001315,6835,4340,2495
121900001,288,977,-689
121900002,46,139,-93
121900003,1009,6,1003
121900004,47,691,-644
121900005,31,4,27
121900006,228,26,202
121900007,2111,2354,-243
121900008,35,112,-77
121900009,1629,25,1604
121900010,587,0,587
121900011,395,170,225
121900012,15,1,14
121900013,73,128,-55
121900014,3387,432,2955
121900015,126,100,26
121900016,10,37,-27
121900017,957,2044,-1087
121900018,1099,9,1090
121900019,1092,199,893
121900020,64,15,49
121900021,2430,30,2400
121900022,529,135,394
121900023,273,470,-197
121900024,630,26,604
121900025,1088,382,706
121900026,349,73,276
121900027,537,276,261
121900028,405,14,391
121900029,200,547,-347
121900030,664,480,184
121900031,1521,11362,-9841
121900032,290,86,204
121900033,130,153,-23
121900034,336,153,183
121900035,6537,3695,2842
121900036,223,215,8
121900037,271,892,-621
121900038,43,17,26
121900039,340,37,303
121900040,92,113,-21
121900041,46,196,-150
121900042,763,118,645
121900043,0,1,-1
121900044,45,68,-23
121900046,326,152,174
121900047,278,44,234
121900048,165,54,111
121900050,47,155,-108
121900051,260,310,-50
121900052,238,16,222
121900053,625,577,48
121900054,679,3409,-2730
121900055,1,15,-14
121900058,724,215,509
121900059,457,144,313
121900060,236,552,-316
121900061,194,127,67
121900062,244,123,121
121900063,3723,418,3305
121900064,908,688,220
121900066,224,66,158
121900067,136,470,-334
121900069,143,175,-32
121900070,242,288,-46
121900071,1250,386,864
121900072,36,125,-89
121900073,378,195,183
121900074,393,654,-261
121900075,578,1023,-445
121900076,785,1308,-523
121900077,58,13,45
121900078,245,155,90
121900079,0,0,0
121900080,1430,267,1163
121900082,93,128,-35
121900084,49,22,27
121900085,0,8,-8
121900086,59,46,13
121900087,148,48,100
121900088,1429,2095,-666
121900089,709,124,585
121900090,55,230,-175
121900091,154,16,138
121900092,440,124,316
121900093,135,100,35
121900094,11,24,-13
121900095,596,138,458
121900096,1816,701,1115
121900097,1301,88,1213
121900098,13,8,5
121900099,765,18,747
121900100,70,188,-118
121900101,163,118,45
121900102,5,46,-41
121900103,778,170,608
121900104,3290,831,2459
121900105,269,208,61
121900106,4,12,-8
121900107,367,27,340
121900108,0,25,-25
121900109,287,168,119
121900110,1478,460,1018
121900111,416,287,129
121900112,253,101,152
121900113,72,832,-760
121900114,223,120,103
121900115,281,532,-251
121900117,140,59,81
121900118,1578,747,831
121900119,272,303,-31
121900120,44,974,-930
121900121,439,37,402
121900122,249,80,169
121900123,372,428,-56
121900124,236,370,-134
121900125,2884,1689,1195
121900127,37,57,-20
121900128,149,61,88
121900129,214,76,138
121900130,118,410,-292
121900131,384,241,143
121900132,166,83,83
121900133,13,673,-660
121900134,4,264,-260
121900135,4862,383,4479
121900136,339,1127,-788
121900137,41,377,-336
121900138,91,309,-218
121900139,496,2061,-1565
121900140,73,80,-7
121900141,85,58,27
121900142,136,5,131
121900143,6,202,-196
121900144,106,509,-403
121900145,267,1089,-822
121900146,531,401,130
121900147,82,184,-102
121900148,77,236,-159
121900149,455,349,106
121900150,78,59,19
121900151,22,212,-190
121900152,228,81,147
121900153,10,256,-246
121900154,2,254,-252
121900155,5,466,-461
121900156,185,128,57
121900157,0,50,-50
121900158,125,163,-38
121900159,1,64,-63
121900160,13,117,-104
121900161,108,217,-109
121900162,111,111,0
121900163,927,231,696
121900164,191,186,5
121900165,209,135,74
121900166,185,90,95
121900167,87,18,69
121900168,99,22,77
121900169,24,122,-98
121900170,33,81,-48
121900171,1783,518,1265
121900172,889,185,704
121900173,697,343,354
121900174,296,39,257
121900175,139,759,-620
121900176,1315,1575,-260
121900177,357,132,225
121900178,30,6,24
121900179,449,638,-189
121900180,1495,10372,-8877
121900182,692,452,240
121900183,209,2938,-2729
121900184,26,886,-860
121900186,16,501,-485
121900187,21,81,-60
121900188,1790,121,1669
121900189,75,125,-50
121900190,136,473,-337
121900191,25,326,-301
121900192,265,2270,-2005
121900193,22,39,-17
121900194,2,218,-216
121900195,13,51,-38
121900196,1079,1102,-23
121900197,526,840,-314
121900198,2942,3628,-686
121900199,0,42,-42
121900200,100,647,-547
121900201,750,1245,-495
121900202,150,2003,-1853
121900203,71,1145,-1074
121900204,1007,2312,-1305
121900205,74,53,21
121900206,8,54,-46
121900207,47,83,-36
121900208,101,445,-344
121900209,401,119,282
121900210,3352,1515,1837
121900211,404,173,231
121900212,70,264,-194
121900213,870,6,864
121900214,2,1059,-1057
121900215,97,230,-133
121900216,6,455,-449
121900217,103,320,-217
121900218,160,700,-540
121900219,261,49,212
121900220,228,12,216
121900221,379,445,-66
121900222,530,57,473
121900223,127,126,1
121900224,213,130,83
121900225,136,467,-331
121900226,363,21,342
121900227,367,2952,-2585
121900228,196,317,-121
121900229,421,325,96
121900230,86,364,-278
121900231,21,877,-856
121900232,111,466,-355
121900233,408,186,222
121900234,554,356,198
121900235,1319,91,1228
121900236,512,211,301
121900237,151,614,-463
121900238,130,280,-150
121900239,180,36,144
121900240,189,117,72
121900241,90,55,35
121900242,68,0,68
121900243,30,1,29
121900244,31,2,29
121900245,460,59,401
121900246,8476,267,8209
121900247,271,743,-472
121900248,1471,895,576
121900250,358,159,199
121900251,527,46,481
121900252,529,118,411
121900253,39,582,-543
121900254,303,245,58
121900255,545,121,424
121900258,5470,2420,3050
121900259,355,455,-100
121900260,319,73,246
121900261,197,742,-545
121900262,360,1520,-1160
121900263,443,292,151
121900264,958,1075,-117
121900265,847,80,767
121900266,1289,141,1148
121900267,229,44,185
121900269,394,1386,-992
121900270,122,407,-285
121900271,149,153,-4
121900273,631,2738,-2107
121900274,1094,272,822
121900276,853,193,660
121900277,302,935,-633
121900278,175,1024,-849
121900279,396,233,163
121900280,183,536,-353
121900281,143,139,4
121900284,38,3,35
121900286,408,280,128
121900287,10,60,-50
121900290,159,1105,-946
121900291,504,787,-283
121900292,312,61,251
121900293,1211,4945,-3734
121900294,515,16,499
121900295,366,92,274
121900296,140,163,-23
121900298,157,1525,-1368
121900299,1,59,-58
121900300,54,8,46
121900301,36,3,33
121900302,35,82,-47
121900303,112,452,-340
121900304,67,17,50
121900305,17,30,-13
121900306,947,8,939
121900307,533,3,530
121900308,31,188,-157
121900309,3,93,-90
121900310,48,142,-94
121900311,1506,90,1416
121900312,830,10,820
121900313,1001,11,990
121900314,40,7,33
121900315,107,1,106
121900316,0,1,-1
121900317,57,24,33
121900318,0,2,-2
121900319,101,370,-269
121900320,33,13,20
121900321,117,0,117
121900322,17,2,15
121900323,17,40,-23
121900324,1,45,-44
121900325,25,0,25
121900326,1,3,-2
121900327,23,28,-5
121900328,2,35,-33
121900329,3,34,-31
121900330,0,113,-113
121900331,13,208,-195
121900332,31,37,-6
121900333,2,1,1
122000001,2006,3690,-1684
122000002,3262,690,2572
122000003,967,2456,-1489
122000004,1115,2047,-932
122000005,5267,2145,3122
122000006,560,839,-279
122000007,500,944,-444
122000008,1112,1993,-881
122000009,237,424,-187
122000010,2241,2359,-118
122000011,3265,1039,2226
122000012,633,1458,-825
122000013,554,1088,-534
122000014,7046,1274,5772
122000015,1164,497,667
122000016,491,483,8
122000017,1203,928,275
122000018,2609,1430,1179
122000019,825,1986,-1161
122000020,243,427,-184
122000021,163,320,-157
122000022,924,1341,-417
122000023,832,1945,-1113
122000024,374,1684,-1310
122000025,328,2205,-1877
122000026,307,1018,-711
122000027,629,648,-19
122000028,1441,619,822
122000029,461,643,-182
122000030,174,175,-1
122000031,173,516,-343
122000032,2642,1900,742
122000033,412,1362,-950
122000034,336,1024,-688
122000035,166,441,-275
122000036,648,360,288
122000037,473,291,182
122000038,175,286,-111
122000039,673,373,300
122000040,237,320,-83
122000041,1074,945,129
122000042,473,694,-221
122000043,87,119,-32
122000044,66,114,-48
122000045,1245,520,725
122000046,1142,721,421
122000047,64,104,-40
122000048,2930,4500,-1570
122000049,6342,4715,1627
122000050,644,500,144
122000051,177,714,-537
122000052,513,562,-49
122000053,293,1877,-1584
122000054,3140,1969,1171
122000055,2064,2641,-577
122000056,3404,2660,744
122000057,2558,2744,-186
122000058,456,1293,-837
122000059,580,2215,-1635
122000060,363,565,-202
122000061,126,450,-324
122000062,665,405,260
122000063,276,1903,-1627
122000064,3405,4286,-881
122000065,2703,2279,424
122000066,925,1569,-644
122000067,1291,1744,-453
122000068,3890,1736,2154
122000069,1656,934,722
122000070,1879,2349,-470
122000071,4190,1343,2847
122000072,664,475,189
122000073,155,860,-705
122000074,3556,1768,1788
122000075,1343,1193,150
122000076,3929,1482,2447
122000077,566,1451,-885
122000078,469,1428,-959
122000079,226,2298,-2072
122000080,542,356,186
122000081,77,184,-107
122000082,244,1168,-924
122000083,7614,1088,6526
122000084,5892,1942,3950
122000085,636,1322,-686
122000086,3424,8446,-5022
122000087,155,259,-104
122000088,85,297,-212
122000089,4931,3603,1328
122000090,265,1379,-1114
122000091,157,501,-344
122000092,53,117,-64
122000093,1578,4681,-3103
122000094,6217,3180,3037
122000095,669,4823,-4154
122000096,419,3168,-2749
122000098,4076,3724,352
122000099,233,2648,-2415
122000100,783,475,308
122000101,311,1640,-1329
122000102,3447,1254,2193
122000103,1581,1940,-359
122000104,1785,102,1683
122000105,668,499,169
122000106,509,1589,-1080
122000107,2074,323,1751
122000108,792,641,151
122000109,444,221,223
122000110,621,460,161
122000111,1699,1297,402
122000112,1567,1750,-183
122000113,800,362,438
122000114,1483,3485,-2002
122000115,4670,2233,2437
122000116,341,1191,-850
122000117,2000,1486,514
122000118,1522,1613,-91
122000119,1845,1814,31
122000120,1386,1597,-211
122000121,2073,1964,109
122000122,941,1069,-128
122000123,1766,2358,-592
122000124,1006,623,383
122000125,309,843,-534
122000126,413,608,-195
122000127,250,849,-599
122000128,710,425,285
122000129,404,2934,-2530
122000130,4044,915,3129
122000131,2458,564,1894
122000132,238,318,-80
122000133,2107,703,1404
122000134,2192,863,1329
122000135,733,168,565
122000136,1544,687,857
122000137,4496,728,3768
122000139,951,4748,-3797
122000140,154,1147,-993
122000141,4485,2129,2356
122000142,147,1924,-1777
122000143,451,291,160
122000144,3774,968,2806
122000145,1389,3289,-1900
122000146,697,4312,-3615
122000147,1000,1021,-21
122000148,440,1405,-965
122000149,2560,567,1993
122000150,2733,1365,1368
122000151,198,298,-100
122000152,439,314,125
122000153,505,327,178
122000154,245,186,59
122000155,1459,4391,-2932
122000156,9309,4366,4943
122000157,583,9664,-9081
122000158,475,995,-520
122000159,2230,702,1528
122000160,3197,1277,1920
122000161,1516,1432,84
122000162,831,1182,-351
122000163,378,108,270
122000164,35,162,-127
122000165,1007,1946,-939
122000166,783,2316,-1533
122000167,251,645,-394
122000168,266,1299,-1033
122000169,429,138,291
122000170,412,301,111
122000171,11,82,-71
122000172,2249,1420,829
122000173,1918,2818,-900
122000174,1237,5450,-4213
122000175,698,346,352
122000176,436,1820,-1384
122000177,743,2105,-1362
122000178,3844,4189,-345
122000179,3750,5191,-1441
122000180,563,972,-409
122000181,688,1888,-1200
122000182,964,1377,-413
122000183,2276,1142,1134
122000184,3838,3784,54
122000185,1083,2751,-1668
122000186,462,1234,-772
122000187,2843,1015,1828
122000188,433,257,176
122000189,398,414,-16
122000190,652,2847,-2195
122000191,801,867,-66
122000192,1744,461,1283
122000193,704,740,-36
122000194,501,221,280
122000195,158,1200,-1042
122000196,2548,377,2171
122000197,874,693,181
122000198,559,2390,-1831
122000199,304,274,30
122000200,872,803,69
122000201,890,3396,-2506
122000202,763,3525,-2762
122000203,2404,2273,131
122000204,2136,1303,833
122000205,1295,556,739
122000206,5435,1106,4329
122000207,3164,1989,1175
122000208,2902,1581,1321
122000209,2995,445,2550
122000210,3548,2056,1492
122000211,1827,2147,-320
122000212,1017,573,444
122000213,907,2003,-1096
122000214,2406,2342,64
122000215,2856,3131,-275
122000217,1441,2150,-709
122000218,705,62,643
122000219,1416,542,874
122000220,417,868,-451
122000221,113,303,-190
122000222,567,162,405
122000223,936,1077,-141
122000225,877,746,131
122000226,2105,1410,695
122000227,239,1606,-1367
122000228,574,873,-299
122000229,42,2550,-2508
122000230,23,563,-540
122000231,412,1698,-1286
122000232,665,381,284
122000233,1,37,-36
122000234,1348,72,1276
122000235,802,128,674
122000236,2705,64,2641
122000237,233,379,-146
122000238,437,735,-298
122000239,827,1898,-1071
122000240,1801,765,1036
122000241,2703,574,2129
122000242,786,130,656
122000243,21,115,-94
122000244,4,556,-552
122000245,18,183,-165
122000246,75,440,-365
122000247,1534,4274,-2740
122000248,1641,1550,91
122000249,2401,3702,-1301
122000250,2515,1118,1397
122000251,202,128,74
122000252,398,23,375
122000253,171,130,41
122000254,922,51,871
122000255,642,604,38
122000256,449,650,-201
122000257,1089,220,869
122000258,489,327,162
122000259,53,159,-106
122000260,2,47,-45
122000261,29,203,-174
122000262,1,29,-28
122000263,313,140,173
122000264,2592,377,2215
122000265,4401,1244,3157
122000266,4969,507,4462
122000267,65,95,-30
122000268,218,149,69
122000269,1436,332,1104
122000270,724,188,536
122000271,312,2077,-1765
122000272,770,620,150
122000273,1338,195,1143
122000274,594,217,377
122000275,67,215,-148
122000276,2717,874,1843
122000277,1570,3110,-1540
122000278,4305,648,3657
122000279,598,531,67
122000280,821,814,7
122000281,919,393,526
122000282,114,935,-821
122000283,256,356,-100
122000284,41,533,-492
122000285,569,128,441
122000286,140,267,-127
122000287,2924,2041,883
122000288,590,311,279
122000291,4039,789,3250
122000293,169,353,-184
122000294,142,720,-578
122000295,1709,575,1134
122000296,55,2233,-2178
122000297,2362,5238,-2876
122000299,861,349,512
122000300,504,876,-372
122000301,7413,6407,1006
122000302,496,7832,-7336
122000303,1704,1441,263
122000304,21,342,-321
122000305,3798,433,3365
122000306,157,402,-245
122000307,119,202,-83
122000309,22,92,-70
122000310,7,47,-40
122000311,24,90,-66
122000312,161,240,-79
122000313,8,194,-186
122000314,350,1165,-815
122000315,557,33,524
122000316,3082,349,2733
122000317,6015,310,5705
122000318,394,3423,-3029
122000319,142,195,-53
122000320,339,774,-435
122000321,85,124,-39
122000322,1384,2324,-940
122000323,550,1633,-1083
122000324,1820,2296,-476
122000325,1073,2806,-1733
122000326,363,73,290
122000327,476,819,-343
122000328,575,643,-68
122000330,2923,2186,737
122000332,316,522,-206
122000333,77,53,24
122000337,2953,1835,1118
122000338,995,204,791
122000340,150,3134,-2984
122000342,1568,897,671
122000343,717,291,426
122000344,151,4,147
122000345,78,23,55
122000346,611,116,495
122000348,1125,702,423
122000349,84,320,-236
122000351,568,200,368
122000352,207,161,46
122000353,379,31,348
122000355,64,515,-451
122000356,324,1669,-1345
122000357,96,41,55
122000358,0,33,-33
122000359,0,5,-5
122000360,0,2,-2
122000362,56,123,-67
122000364,829,162,667
122000365,1,44,-43
122000366,27,28,-1
122000368,765,807,-42
122000370,90,84,6
122000371,127,0,127
122000372,51,1,50
122000381,456,350,106
122000382,88,173,-85
122000384,1452,1722,-270
122000385,119,0,119
122000386,188,3177,-2989
122000387,692,2209,-1517
122000388,2144,1406,738
122000389,154,899,-745
122000390,448,563,-115
122000391,47,1757,-1710
122000392,147,112,35
122000393,71,223,-152
122000394,1302,214,1088
122000395,256,234,22
122000396,669,61,608
122000397,31,73,-42
122000398,5,230,-225
122000399,371,99,272
122000400,20,1015,-995
122000401,309,56,253
122000402,1357,213,1144
122000403,678,265,413
122000404,677,178,499
122000408,509,755,-246
122000503,16,134,-118
122000524,74,217,-143
122000544,141,4379,-4238
122000616,283,1,282
122000640,180,65,115
122000641,379,117,262
122000642,1938,524,1414
122000643,61,256,-195
122000644,144,73,71
122000645,51,152,-101
122000651,338,1407,-1069
122000664,433,54,379
122000665,1913,407,1506
122000666,545,455,90
122000673,51,118,-67
122000674,1265,378,887
122000675,4320,730,3590
122000686,555,2614,-2059
122000687,4018,1246,2772
122000688,448,501,-53
122000689,4117,435,3682
122000690,8167,966,7201
122000691,1616,852,764
122000692,2546,1099,1447
122000693,582,682,-100
122000695,730,294,436
122000696,1932,115,1817
122000698,731,155,576
122000699,1103,205,898
122000701,3788,260,3528
122000702,713,1167,-454
122000703,318,57,261
122000717,166,91,75
122000718,257,3775,-3518
122000719,23,96,-73
122000720,1654,88,1566
122900001,103,40,63
122900002,978,14183,-13205
122900003,995,28,967
122900004,5740,483,5257
122900005,32,368,-336
122900006,371,2855,-2484
122900007,44,223,-179
122900008,248,539,-291
122900009,507,366,141
122900010,447,63,384
122900012,303,475,-172
122900013,0,0,0
122900014,206,49,157
122900015,1267,911,356
122900016,163,146,17
122900017,527,1127,-600
122900018,313,15,298
122900019,5,77,-72
122900020,313,1055,-742
122900021,25,1309,-1284
122900022,3051,1253,1798
122900023,2068,128,1940
122900024,212,116,96
122900025,2,829,-827
122900026,3,105,-102
122900027,40,1111,-1071
122900028,79,59,20
122900029,7147,3006,4141
122900030,1837,314,1523
122900031,109,467,-358
122900032,671,491,180
122900033,163,106,57
122900034,3375,6611,-3236
122900035,20,5,15
122900036,98,39,59
122900037,782,326,456
122900038,70,3649,-3579
122900039,85,635,-550
122900040,394,904,-510
122900041,106,601,-495
122900042,212,148,64
122900043,596,259,337
122900044,166,479,-313
122900045,228,155,73
122900046,139,471,-332
122900047,202,139,63
122900048,41,385,-344
122900049,2808,77,2731
122900051,71,305,-234
122900052,162,87,75
122900053,3,28,-25
122900055,524,193,331
122900057,394,53,341
122900061,745,24,721
122900062,847,1205,-358
122900063,593,108,485
122900064,1840,782,1058
122900065,901,147,754
122900066,1695,235,1460
122900067,963,957,6
122900068,80,232,-152
122900069,791,3876,-3085
122900070,868,78,790
122900071,89,207,-118
122900072,13,231,-218
122900073,27,76,-49
122900074,2877,172,2705
122900075,0,55,-55
122900076,1,93,-92
122900077,1,99,-98
122900078,541,17,524
122900080,21,108,-87
122900081,275,110,165
122900082,3639,95,3544
122900083,656,31,625
122900084,8,92,-84
122900086,4,108,-104
122900087,763,324,439
122900088,47,845,-798
122900089,60,695,-635
122900090,6,223,-217
122900091,1208,7,1201
122900092,0,108,-108
122900093,1,140,-139
122900094,0,126,-126
122900095,476,78,398
122900096,1729,82,1647
122900097,38,142,-104
122900098,18,186,-168
122900099,245,142,103
122900100,85,1744,-1659
122900101,306,451,-145
122900102,70,141,-71
122900103,580,12,568
122900104,1107,34,1073
122900105,48,114,-66
122900106,0,18,-18
122900107,2,27,-25
122900108,1,49,-48
123000001,1249,980,269
123000002,2866,7658,-4792
123000003,7092,5710,1382
123000004,3474,3529,-55
123000005,5674,2728,2946
123000006,2616,2251,365
123000007,6392,6265,127
123000008,2224,4593,-2369
123000009,6441,4433,2008
123000010,3042,3774,-732
123000011,2219,1205,1014
123000012,625,3207,-2582
123000013,9003,1521,7482
123000014,998,2850,-1852
123000015,5005,1030,3975
123000016,2768,3235,-467
123000017,5703,2674,3029
123000018,209,75,134
123000019,1885,31,1854
123000020,1244,41,1203
123000021,836,854,-18
123000022,1173,4127,-2954
123000023,2937,5261,-2324
123000024,2683,1011,1672
123000025,10,148,-138
123000026,3,192,-189
123000027,43,778,-735
123000028,518,3166,-2648
123000029,466,2153,-1687
123000030,551,212,339
123000031,1128,158,970
123000032,1667,238,1429
123000033,578,119,459
123000034,1590,844,746
123000035,863,875,-12
123000036,379,1752,-1373
123000037,570,222,348
123000038,280,235,45
123000039,800,1758,-958
123000040,701,246,455
123000041,701,1488,-787
123000042,537,1242,-705
123000043,1841,20441,-18600
123000044,2985,2689,296
123000045,3120,1981,1139
123000046,287,1479,-1192
123000047,426,700,-274
123000048,250,2593,-2343
123000049,5718,13640,-7922
123000050,4427,2775,1652
123000051,238,573,-335
123000052,1331,4083,-2752
123000053,3205,3077,128
123000054,4586,3559,1027
123000055,2737,8982,-6245
123000056,1727,974,753
123000057,4480,7179,-2699
123000058,1063,2304,-1241
123000059,213,770,-557
123000060,2046,1116,930
123000061,703,860,-157
123000063,2498,1592,906
123000064,3084,276,2808
123000065,3301,5374,-2073
123000066,360,569,-209
123000067,1420,592,828
123000068,2026,1527,499
123000069,2903,1347,1556
123000070,208,258,-50
123000071,4525,492,4033
123000072,1497,355,1142
123000073,4128,879,3249
123000074,1400,539,861
123000075,483,3147,-2664
123000076,1660,270,1390
123000077,3120,1080,2040
123000078,5645,786,4859
123000079,5610,1260,4350
123000080,4334,905,3429
123000081,592,225,367
123000082,315,478,-163
123000083,2004,290,1714
123000084,1279,293,986
123000085,1280,74,1206
123000086,1990,64,1926
123000087,1089,175,914
123000088,1854,1041,813
123000089,2015,1096,919
123000090,2542,1018,1524
123000091,2377,1517,860
123000092,990,1878,-888
123000094,2038,131,1907
123000095,2391,3083,-692
123000096,2552,504,2048
123000097,1528,299,1229
123000098,2051,278,1773
123000099,1422,360,1062
123000100,242,954,-712
123000101,557,325,232
123000102,832,1727,-895
123000104,745,427,318
123000105,342,170,172
123000106,1089,377,712
123000107,555,179,376
123000108,696,951,-255
123000111,2527,755,1772
123000112,3576,451,3125
123000113,918,373,545
123000114,575,1343,-768
123000115,1000,1294,-294
123000116,58,77,-19
123000117,5501,1995,3506
123000118,1020,456,564
123000119,593,500,93
123000120,391,1097,-706
123000121,963,442,521
123000122,757,203,554
123000123,845,461,384
123000124,837,189,648
123000125,2075,972,1103
123000126,1449,5637,-4188
123000127,506,287,219
123000128,529,114,415
123000129,2442,98,2344
123000130,2390,28,2362
123000131,3469,1068,2401
123000132,650,347,303
123000133,329,107,222
123000134,388,60,328
123000135,6088,3150,2938
123000136,380,261,119
123000137,284,135,149
123000138,260,181,79
123000139,1480,87,1393
123000140,54,413,-359
123000141,888,195,693
123000142,1532,888,644
123000143,922,1579,-657
123000144,18,103,-85
123000145,183,1521,-1338
123000146,53,186,-133
123000147,35,331,-296
123000149,465,133,332
123000150,164,167,-3
123000151,197,605,-408
123000152,13,1387,-1374
123000153,117,1125,-1008
123000154,829,2459,-1630
123000155,1998,3182,-1184
123000156,55,36,19
123000157,1204,1346,-142
123000158,648,1353,-705
123000159,3483,9552,-6069
123000160,1848,2458,-610
123000161,2506,2347,159
123000162,3163,3880,-717
123000163,1964,617,1347
123000164,5233,218,5015
123000165,185,755,-570
123000166,8,128,-120
123000167,137,174,-37
123000168,402,98,304
123000169,2028,256,1772
123000170,242,42,200
123000171,3042,71,2971
123000172,90,336,-246
123000173,1412,1273,139
123000174,1327,726,601
123000175,244,954,-710
123000176,1796,430,1366
123000177,226,960,-734
123000178,1825,361,1464
123000179,39,410,-371
123000180,3012,499,2513
123000181,246,761,-515
123000182,525,340,185
123000183,149,1040,-891
123000184,53,476,-423
123000185,2447,1008,1439
123000186,0,130,-130
123000187,1244,38,1206
123000188,981,4,977
123000189,206,78,128
123000190,204,53,151
123000192,8,300,-292
123000193,25,286,-261
123000194,190,116,74
123000195,973,11,962
123000196,1420,75,1345
123000197,210,139,71
123000198,179,174,5
123000199,58,224,-166
123000200,1292,16,1276
123000201,3528,24,3504
123000202,24,287,-263
123000203,3411,58,3353
123000204,18,355,-337
123000205,148,476,-328
123000206,7040,217,6823
123000207,91,313,-222
123000208,1994,91,1903
123000209,3590,926,2664
123000210,84,634,-550
123000211,338,887,-549
123000212,10056,650,9406
123000213,1503,82,1421
123000215,138,193,-55
123000216,352,2067,-1715
123000217,425,200,225
123000218,42,1228,-1186
123000219,1188,217,971
123000220,1072,1075,-3
123000221,372,124,248
123000222,898,243,655
123000223,2160,99,2061
123000224,1070,201,869
123000225,675,67,608
123000226,330,751,-421
123000227,196,322,-126
123000228,678,128,550
123000229,895,599,296
123000232,91,465,-374
123000233,2021,71,1950
123000234,133,1072,-939
123000235,4181,230,3951
123000236,639,556,83
123000237,1317,226,1091
123000238,14,326,-312
123000239,533,377,156
123000240,56,1333,-1277
123000241,327,89,238
123000242,530,227,303
123000243,1208,910,298
123000244,915,492,423
123000245,12,159,-147
123000249,321,790,-469
123000252,1858,422,1436
123000253,3695,753,2942
123000254,924,482,442
123000255,2785,1291,1494
123000256,3,180,-177
123000257,1876,1752,124
123000258,1181,668,513
123000259,1204,708,496
123000260,1223,163,1060
123000261,849,134,715
123000262,60,51,9
123000263,1204,71,1133
123000264,212,103,109
123000265,8,73,-65
123000266,886,761,125
123000267,2326,221,2105
123000268,62,41,21
123000269,44,39,5
123000270,59,34,25
123000271,45,27,18
123000272,955,487,468
123000273,597,1391,-794
123000274,2506,1079,1427
123000275,307,614,-307
123000278,1867,6587,-4720
123000279,431,135,296
123000280,536,552,-16
123000281,718,202,516
123000282,141,241,-100
123000283,414,73,341
123000284,29,34,-5
123000286,186,448,-262
123000287,517,264,253
123000288,1231,2259,-1028
123000289,316,3057,-2741
123000291,203,684,-481
123000294,169,132,37
123000295,710,1647,-937
123000296,1427,740,687
123000297,1219,322,897
123000298,2474,321,2153
123000299,179,120,59
123000300,2525,946,1579
123000301,346,1386,-1040
123000302,490,60,430
123000303,133,680,-547
123000305,582,637,-55
123000306,740,56,684
123000309,64,52,12
123000310,115,63,52
123000311,0,77,-77
123000312,343,285,58
123000313,1023,1244,-221
123000315,594,163,431
123000316,1158,367,791
123000317,654,198,456
123000318,29,204,-175
123000329,48,15,33
123000337,603,163,440
123000338,182,803,-621
123000339,892,58,834
123000340,160,344,-184
123000342,2,103,-101
123000343,318,67,251
123000344,407,79,328
123000345,452,236,216
123000346,964,116,848
123000352,1561,662,899
123000353,55,88,-33
123000354,3007,9,2998
123000355,0,558,-558
123000356,999,44,955
123000357,1,106,-105
123000359,11,71,-60
123000360,466,622,-156
123000361,662,227,435
123000362,1248,105,1143
123000363,295,183,112
123000364,759,1531,-772
123000365,25,491,-466
123000366,338,4973,-4635
123000367,490,575,-85
123000370,76,815,-739
123000371,1306,240,1066
123000372,723,193,530
123000373,41,302,-261
123000374,9,141,-132
123000375,755,1212,-457
123000376,1544,855,689
123000377,1881,13,1868
123000378,17,266,-249
123000379,7,366,-359
123000380,0,240,-240
123000381,78,159,-81
123000382,1003,262,741
123000383,100,1063,-963
123000384,1307,370,937
123000385,178,415,-237
123000436,213,2317,-2104
123000507,74,137,-63
123000508,173,1921,-1748
123000517,275,3,272
123000518,24,37,-13
123000519,299,39,260
123000520,29,51,-22
123000521,941,47,894
123000522,106,125,-19
123000541,32,4,28
123000542,0,9,-9
123000565,1726,138,1588
123000566,1724,193,1531
123000567,306,87,219
123000573,22,409,-387
123000574,2581,120,2461
123000575,5322,309,5013
123000576,2220,617,1603
123000577,84,529,-445
123000578,817,85,732
123000579,1301,11748,-10447
123000580,111,230,-119
123000582,1448,21,1427
123000583,18,236,-218
123000584,241,182,59
123000585,0,31,-31
123000586,614,1,613
123000596,50,21,29
123000597,196,174,22
123000602,357,70,287
123000603,2825,294,2531
123000604,1654,321,1333
123000605,1606,191,1415
123000606,3,1066,-1063
123000609,8,305,-297
123000610,141,85,56
123000613,130,34,96
123000614,945,25,920
123000615,91,45,46
123000616,3656,27,3629
123000617,212,174,38
123000618,40,297,-257
123000619,969,38,931
123000620,17,141,-124
123000622,1536,26,1510
123000624,782,47,735
123000630,3478,1003,2475
123000631,452,385,67
123000632,984,348,636
123000633,0,270,-270
123000634,23,793,-770
123000635,27,126,-99
123000636,48,469,-421
123000637,594,61,533
123000638,1719,26,1693
123000639,1854,13662,-11808
123000640,16,292,-276
123900001,2092,111,1981
123900002,24,2097,-2073
123900003,158,233,-75
123900005,516,359,157
123900006,915,96,819
124000001,4384,474,3910
124000002,42,625,-583
124000003,2649,391,2258
124000004,236,271,-35
124000005,2460,3980,-1520
124000006,337,441,-104
124000007,2138,419,1719
124000008,4,1613,-1609
124000009,1210,626,584
124000010,1366,920,446
124000011,2009,1703,306
124000012,1405,315,1090
124000017,498,134,364
124000018,518,149,369
124000019,414,110,304
124000020,299,107,192
124000021,225,74,151
124000022,254,204,50
124000023,2069,2124,-55
124000024,1142,202,940
124000025,1879,1965,-86
124000026,1374,945,429
124000027,3957,2781,1176
124000028,1345,4039,-2694
124000030,1938,1357,581
124000031,2215,22412,-20197
124000032,1127,834,293
124000033,366,1069,-703
124000034,1468,1402,66
124000035,13,312,-299
124000036,49,680,-631
124000037,362,756,-394
124000038,55,92,-37
124000039,443,496,-53
124000040,352,1786,-1434
124000041,1515,492,1023
124000042,512,1013,-501
124000043,280,88,192
124000044,87,305,-218
124000045,3236,291,2945
124000046,495,758,-263
124000047,6211,639,5572
124000048,2773,304,2469
124000049,3907,486,3421
124000050,1802,1489,313
124000051,3198,344,2854
124000052,1538,662,876
124000053,460,4112,-3652
124000054,1318,187,1131
124000055,1455,10397,-8942
124000056,1997,613,1384
124000057,3231,304,2927
124000058,1695,787,908
124000059,2212,1535,677
124000060,588,513,75
124000061,1591,11080,-9489
124000062,1537,888,649
124000063,1354,686,668
124000064,1496,1920,-424
124000065,35,2610,-2575
124000066,501,51,450
124000067,179,288,-109
124000068,62,86,-24
124000069,391,78,313
124000070,257,25,232
124000071,315,1490,-1175
124000072,1089,6346,-5257
124000073,1824,103,1721
124000074,345,948,-603
124000075,1450,117,1333
124000076,126,55,71
124000077,555,1125,-570
124000078,1744,1275,469
124000079,549,1135,-586
124000080,1966,644,1322
124000081,657,1711,-1054
124000082,205,154,51
124000083,94,175,-81
124000084,22,1035,-1013
124000085,77,7,70
124000086,28,553,-525
124000087,60,793,-733
124000088,274,432,-158
124000089,959,404,555
124000090,296,311,-15
124000091,1000,60,940
124000092,535,264,271
124000093,252,138,114
124000094,237,1291,-1054
124000095,285,31,254
124000096,757,301,456
124000097,240,61,179
124000098,491,62,429
124000099,385,132,253
124000100,184,55,129
124000101,337,158,179
124000102,305,15,290
124000103,517,169,348
124000104,221,30,191
124000105,427,83,344
124000106,283,25,258
124000107,51,424,-373
124000108,38,15,23
124000109,330,49,281
124000110,337,34,303
124000111,406,112,294
124000112,2120,346,1774
124000113,236,148,88
124000114,1020,277,743
124000115,843,655,188
124000116,100,317,-217
124000117,59,56,3
124000118,49,85,-36
124000119,1568,642,926
124000120,1333,231,1102
124000121,1046,1198,-152
124000122,580,2195,-1615
124000123,875,299,576
124000124,676,1058,-382
124000125,675,231,444
124000126,598,596,2
124000127,1715,266,1449
124000128,1383,493,890
124000129,2122,1241,881
124000130,525,308,217
124000131,724,584,140
124000132,742,571,171
124000133,1822,932,890
124000134,1235,352,883
124000135,2145,2238,-93
124000136,805,754,51
124000137,1302,1371,-69
124000138,890,693,197
124000139,760,145,615
124000140,21,815,-794
124000141,25,27,-2
124000142,11,514,-503
124000143,61,63,-2
124000144,45,106,-61
124000145,246,681,-435
124000146,63,740,-677
124000148,22,323,-301
124000149,1909,428,1481
124000150,594,3098,-2504
124000151,2243,516,1727
124000152,1113,1744,-631
124000153,1969,936,1033
124000154,1054,869,185
124000155,1019,1132,-113
124000156,1044,910,134
124000169,240,1208,-968
124000170,644,374,270
124000171,394,516,-122
124000172,500,411,89
124000173,1663,163,1500
124000174,900,429,471
124000175,212,125,87
124000176,156,51,105
124000177,3,130,-127
124000178,56,194,-138
124000190,15,39,-24
124000191,35,267,-232
124000192,1905,2025,-120
124000193,176,5100,-4924
124000194,497,271,226
124000195,685,476,209
124000196,595,951,-356
124000197,169,12,157
124000198,154,36,118
124000201,44,218,-174
124000202,1447,143,1304
124000203,2421,233,2188
124000204,5599,407,5192
124000205,444,1051,-607
124000206,3525,1058,2467
124000207,0,19,-19
124000209,225,238,-13
124000210,3125,322,2803
124000211,2675,4,2671
124000212,0,192,-192
124000213,2168,293,1875
124000214,1701,274,1427
124000215,2220,11,2209
124000216,11,225,-214
124000329,260,655,-395
124000338,242,577,-335
124000339,7888,33,7855
124000341,6264,62,6202
124000344,140,2,138
124000357,1364,5007,-3643
124000358,708,2608,-1900
124000359,2290,822,1468
124000360,2685,587,2098
124000361,3931,1708,2223
124000362,1918,4303,-2385
124000363,1050,303,747
124000364,915,608,307
124000365,1160,785,375
124000366,2735,634,2101
124000367,90,265,-175
124000368,310,3303,-2993
124000369,51,113,-62
124000370,30,926,-896
124000402,179,79,100
124000403,585,88,497
124000404,256,33,223
124000405,1055,562,493
124000406,835,402,433
124000407,16,12,4
124000411,8,358,-350
124000412,1017,5,1012
124000413,291,532,-241
124000414,260,39,221
124000415,153,37,116
124000416,386,115,271
124000417,666,86,580
124000418,712,41,671
124000419,358,31,327
124000420,490,12,478
124000421,179,67,112
124000422,71,59,12
124000423,425,20,405
124000424,47,42,5
124000425,28,58,-30
124000426,26,219,-193
124000427,103,7,96
124000428,14,1148,-1134
124000429,372,15,357
124000430,2610,649,1961
124000431,1081,233,848
124000432,919,1472,-553
124000439,71,2,69
124000442,42,14,28
124000443,1,6,-5
124000445,99,2437,-2338
124000446,570,240,330
124900001,1746,155,1591
124900002,596,128,468
124900003,2275,233,2042
124900004,2053,124,1929
124900005,485,75,410
124900006,1826,148,1678
124900008,522,646,-124
124900009,55,791,-736
124900010,847,118,729
124900011,2434,314,2120
124900012,523,63,460
124900013,920,130,790
124900014,369,571,-202
124900015,341,1146,-805
124900016,234,393,-159
124900017,1261,9610,-8349
124900018,544,21,523
124900020,292,82,210
124900021,1021,485,536
124900022,174,7,167
124900024,1263,4,1259
124900026,101,85,16
124900027,240,197,43
124900028,482,103,379
124900029,33,926,-893
124900030,25,110,-85
124900031,143,408,-265
124900032,184,114,70
124900033,167,550,-383
124900034,1,189,-188
124900035,254,149,105
124900036,0,86,-86
124900037,631,71,560
124900038,253,99,154
124900039,3,80,-77
124900040,262,39,223
124900041,963,336,627
124900042,25,1,24
124900043,1179,311,868
124900044,91,0,91
124900045,539,2227,-1688
124900046,537,194,343
124900047,131,74,57
124900048,772,77,695
124900050,276,86,190
124900052,328,178,150
124900053,736,147,589
124900054,869,1076,-207
124900055,0,23,-23
124900057,12,111,-99
124900060,170,196,-26
124900061,389,7,382
124900062,350,15,335
124900066,0,6,-6
124900067,9,107,-98
124900068,93,2388,-2295
124900070,98,74,24
124900072,517,60,457
124900074,595,844,-249
124900075,1354,139,1215
124900076,51,3711,-3660
124900077,26,69,-43
124900078,269,28,241
124900079,497,394,103
124900080,969,202,767
124900081,2711,133,2578
124900082,975,162,813
124900083,812,485,327
124900084,868,32,836
124900085,314,410,-96
124900086,35,977,-942
124900087,522,14,508
124900088,128,71,57
124900089,1256,22,1234
124900090,1583,183,1400
124900091,712,132,580
124900092,788,122,666
124900093,1415,180,1235
124900094,1494,125,1369
124900095,258,1266,-1008
124900096,421,79,342
124900097,1096,26,1070
124900098,368,470,-102
124900099,272,1010,-738
124900100,762,15,747
124900101,216,306,-90
124900102,1072,5,1067
124900103,639,75,564
124900104,446,130,316
124900105,375,76,299
124900106,592,121,471
124900107,589,46,543
124900108,768,169,599
124900109,265,474,-209
124900110,1371,177,1194
124900111,14,563,-549
124900112,639,220,419
124900113,76,186,-110
124900114,30,218,-188
124900115,50,1005,-955
124900116,490,546,-56
124900117,148,255,-107
124900118,69,955,-886
124900119,577,260,317
124900120,66,145,-79
124900121,49,556,-507
124900122,146,145,1
124900123,52,46,6
124900124,79,123,-44
129000186,240,249,-9
204000001,54,6,48
204000002,23,2,21
204000003,34,14,20
204000004,38,3,35
204000005,363,298,65
204000006,1147,1249,-102
204000008,688,206,482
204000011,6,13,-7
204000012,20,29,-9
204000013,1,6,-5
204000019,1404,472,932
204000020,1756,394,1362
204000021,1236,984,252
204000022,1845,633,1212
204000023,875,353,522
204000031,11,5,6
204000032,275,11,264
204000034,106,156,-50
204000035,0,3,-3
204000036,9,83,-74
204000037,0,31,-31
204000038,0,6,-6
204000039,16,59,-43
204000040,15,50,-35
204000041,10,72,-62
204000042,45,30,15
204000043,104,13,91
204000044,155,44,111
204000045,157,46,111
204000046,33,4,29
204000057,8,25,-17
204000062,10,63,-53
204000068,20,300,-280
204000069,14,541,-527
204000070,45,66,-21
204000080,61,59,2
204000085,1219,445,774
204000086,1577,808,769
204000087,72,3,69
204000088,7,32,-25
204000090,103,231,-128
204000093,1476,30,1446
204000096,2434,362,2072
204000097,1182,12,1170
204000099,1342,2391,-1049
204000100,2045,902,1143
204000105,1665,356,1309
204000110,394,764,-370
204000111,782,561,221
204000112,406,408,-2
204000113,255,535,-280
204000114,1593,1214,379
204000115,1947,284,1663
204000116,778,409,369
204000119,3825,747,3078
204000132,763,606,157
204000133,1114,68,1046
204000134,440,24,416
204000135,877,54,823
204000136,710,156,554
204000138,390,1129,-739
204000140,391,144,247
204000141,161,58,103
204000144,1,45,-44
204000145,1167,36,1131
204000146,20,101,-81
204000147,20,313,-293
204000148,128,24,104
204000154,24,12,12
204000155,6,3,3
204000177,81,106,-25
204000179,35,8,27
204000180,0,52,-52
204000222,20,13,7
204000235,154,64,90
204000236,43,135,-92
204000238,23,24,-1
204000240,613,52,561
204000263,274,337,-63
204000308,65,5,60
204000317,37,127,-90
204000322,36,110,-74
204000323,34,9,25
204000328,239,22,217
204000329,72,15,57
204000330,404,15,389
204000331,198,54,144
204010341,7,140,-133
205000001,677,1321,-644
205000013,33,117,-84
205000014,132,117,15
205000015,112,64,48
205000016,57,76,-19
205000017,47,58,-11
205000022,310,377,-67
205000025,1547,358,1189
205000029,1162,9,1153
205000045,320,129,191
205000047,135,135,0
205000048,595,137,458
205000049,208,242,-34
205000050,475,123,352
205000059,1,330,-329
205000060,0,399,-399
205000061,2,917,-915
205000062,2,1058,-1056
205000063,36,1132,-1096
205000064,59,345,-286
205000065,325,855,-530
205000066,288,191,97
205000067,229,311,-82
205000069,168,8,160
205000082,82,211,-129
205000110,49,58,-9
205000111,158,36,122
205000112,109,101,8
205000113,108,156,-48
205000121,119,63,56
205000123,181,58,123
205000126,696,108,588
205000127,646,95,551
205000128,455,69,386
205000129,1139,107,1032
205000130,364,27,337
205000131,46,11,35
205000132,46,15,31
205000133,51,6,45
205000134,455,0,455
205000137,424,32,392
205000138,606,138,468
205000139,35,55,-20
205000144,99,42,57
205000145,171,304,-133
205000151,126,42,84
205000152,118,39,79
205000153,179,71,108
205000154,97,73,24
205000155,214,19,195
205000207,2,47,-45
205000233,17,1,16
205000234,0,3,-3
205000243,0,0,0
205000244,0,0,0
205000245,2,40,-38
205000249,0,4,-4
205000250,15,0,15
205000251,220,123,97
205000264,29,124,-95
206000027,26,29,-3
206000028,26,13,13
206000043,6,54,-48
206000053,0,4,-4
206000054,0,31,-31
206000055,1,16,-15
206000075,18,15,3
206000076,84,8,76
206000077,82,7,75
206000078,10,5,5
206000079,58,14,44
206000082,352,148,204
206000100,3,485,-482
206000103,0,0,0
206000104,0,1,-1
206000105,0,1,-1
206000106,0,1,-1
206000108,1254,73,1181
206000125,327,0,327
206000157,12,198,-186
206000170,0,157,-157
206000171,15,137,-122
206000172,49,136,-87
206000173,3,74,-71
206000174,18,37,-19
206000175,0,41,-41
206000176,12,76,-64
206000177,5,58,-53
206000178,1,255,-254
206000179,0,294,-294
206000180,1,72,-71
206000181,2,28,-26
206000182,3,46,-43
206000183,31,97,-66
206000184,4,65,-61
206000185,46,28,18
206000186,138,207,-69
206000223,20,201,-181
206000226,127,10,117
206000227,81,35,46
206000237,64,157,-93
206000238,24,461,-437
206000239,161,1368,-1207
206000240,0,0,0
206000241,2,50,-48
206000242,2,89,-87
206000243,13,27,-14
206000244,22,109,-87
206000245,4812,51,4761
206000246,902,8,894
206000247,1564,10,1554
206000248,2111,53,2058
206000252,53,81,-28
206000258,0,6,-6
206000315,87,4,83
206000317,819,323,496
206000318,1111,110,1001
206000319,4315,156,4159
206000320,1052,38,1014
206000321,1511,15,1496
206000322,2157,41,2116
206000323,847,25,822
206000324,1174,58,1116
206000325,579,46,533
206000326,668,27,641
206000327,80,52,28
206000328,896,13,883
206000329,1939,12,1927
206000330,491,37,454
206000331,806,10,796
206000332,138,7,131
206000333,3622,10,3612
206000334,2083,3,2080
206000335,0,17,-17
206000361,1,38,-37
206000392,0,23,-23
206000405,704,1,703
206000441,241,32,209
206000498,127,5,122
206000515,73,73,0
206000530,809,65,744
206000531,316,456,-140
206000532,1889,487,1402
206000535,106,2724,-2618
206000536,14,81,-67
206000537,19,106,-87
206000613,1579,330,1249
207000001,235,253,-18
207000002,233,167,66
207000003,116,128,-12
207000007,3483,129,3354
207000008,585,6,579
207000009,138,1,137
207000010,354,205,149
207000012,769,131,638
207000015,233,386,-153
207000019,697,48,649
207000021,518,449,69
207000022,377,190,187
207000023,539,98,441
207000024,3,16,-13
207000025,23,201,-178
207000026,92,58,34
207000027,28,64,-36
207000028,123,195,-72
207000029,391,207,184
207000033,437,202,235
207000034,449,50,399
207000039,1638,24,1614
207000040,1514,15,1499
207000041,390,83,307
207000042,853,81,772
207000043,588,254,334
207000051,49,233,-184
207000052,3,138,-135
207000053,358,208,150
207000054,52,43,9
207000055,130,38,92
207000056,231,228,3
207000057,153,181,-28
207000058,135,197,-62
207000059,70,215,-145
207000060,46,330,-284
207000061,131,1950,-1819
207000062,1248,64,1184
207000063,1253,29,1224
207000064,771,74,697
207000065,543,191,352
207000066,912,186,726
207000067,195,83,112
207000068,273,24,249
207000069,1691,203,1488
207000082,61,81,-20
207000083,95,160,-65
207000084,851,124,727
207000085,611,57,554
207000086,1094,17,1077
207000106,160,15,145
207000107,370,9,361
207000108,261,5,256
207000109,193,3,190
207000110,105,30,75
207000111,160,67,93
207000112,31,1029,-998
207000114,17,13,4
207000115,43,59,-16
207000116,14,224,-210
207000117,11,47,-36
207000118,2,63,-61
207000119,17,64,-47
207000123,563,6,557
207000124,319,10,309
207000125,162,5,157
207000126,135,4,131
207000134,716,79,637
207000135,171,159,12
207000148,209,390,-181
207000149,31,20,11
207000152,233,412,-179
207000153,279,638,-359
207000154,517,121,396
207000159,61,112,-51
207000160,163,191,-28
207000238,0,23,-23
207000242,1,42,-41
207000248,37,18,19
207000249,75,19,56
207000250,292,59,233
207000251,75,142,-67
207000252,20,50,-30
207000278,335,131,204
207000279,35,110,-75
207000280,1989,31,1958
207000281,187,285,-98
207000282,29,847,-818
207000283,64,259,-195
207000284,89,3318,-3229
207000285,54,104,-50
207000291,11,57,-46
207000304,103,63,40
207000306,42,232,-190
207000310,555,144,411
207000353,87,0,87
207000356,2,102,-100
207000357,7,39,-32
207000358,3,10,-7
207000415,6,81,-75
207000417,84,3,81
207000418,0,5,-5
207000437,0,0,0
207000439,420,118,302
207000446,247,0,247
207000460,183,8,175
207000466,80,111,-31
207000467,619,32,587
207000468,48,93,-45
207000476,2,40,-38
207000477,1337,21,1316
207000523,0,6,-6
207000524,71,15,56
207000527,432,100,332
207000530,979,2,977
207000531,418,5,413
207000532,138,31,107
207000534,207,9,198
207000535,5,103,-98
207000537,9,61,-52
207000540,1,26,-25
207000541,0,51,-51
207000548,0,130,-130
207000549,530,28,502
207000561,331,94,237
207000562,1,101,-100
207000567,41,199,-158
207000568,1247,60,1187
207000569,2214,160,2054
207000584,16,107,-91
207000585,6,68,-62
207000616,0,49,-49
207000617,416,0,416
207900008,1136,17,1119
208000001,1095,928,167
208000002,1268,617,651
208000003,1034,333,701
208000004,927,834,93
208000005,2,59,-57
208000019,2255,286,1969
208000020,405,116,289
208000021,438,309,129
208000022,985,234,751
208000028,1196,2481,-1285
208000033,557,174,383
208000034,712,1018,-306
208000040,638,106,532
208000041,1402,789,613
208000042,3020,633,2387
208000047,151,124,27
208000064,3105,1465,1640
208000066,1691,1116,575
208000070,978,514,464
208000071,1378,200,1178
208000072,1409,297,1112
208000080,372,701,-329
208000081,536,155,381
208000082,776,155,621
208000083,385,189,196
208000084,14,111,-97
208000085,1094,424,670
208000086,843,584,259
208000087,746,369,377
208000089,1521,243,1278
208000090,1164,367,797
208000093,18,128,-110
208000094,564,278,286
208000095,987,499,488
208000104,2994,305,2689
208000105,1492,516,976
208000114,196,361,-165
208000115,1258,502,756
208000116,2756,2055,701
208000117,18,128,-110
208000118,235,393,-158
208000155,1136,866,270
208000158,2493,2642,-149
208000186,1338,1527,-189
208000204,1226,1236,-10
208000205,2236,911,1325
208000282,909,787,122
209000004,1199,288,911
209000005,164,171,-7
209000006,425,226,199
209000007,456,548,-92
209000010,108,283,-175
209000011,57,233,-176
209000012,121,105,16
209000013,414,159,255
209000014,597,372,225
209000025,910,93,817
209000026,2183,157,2026
209000027,473,163,310
209000028,327,158,169
209000029,604,545,59
209000030,616,720,-104
209000031,2260,817,1443
209000034,214,340,-126
209000035,251,315,-64
209000036,561,115,446
209000037,694,191,503
209000038,314,127,187
209000039,199,127,72
209000040,399,269,130
209000041,301,208,93
209000042,368,123,245
209000043,724,275,449
209000044,524,408,116
209000045,683,305,378
209000046,943,285,658
209000047,862,299,563
209000048,885,920,-35
209000049,89,22,67
209000050,196,30,166
209000051,285,55,230
209000052,243,76,167
209000062,225,34,191
209000063,147,19,128
209000064,45,15,30
209000065,224,27,197
209000066,372,24,348
209000067,508,39,469
209000080,43,138,-95
209000082,262,32,230
209000091,31,99,-68
209000093,79,101,-22
209000094,26,167,-141
209000110,79,52,27
209000111,460,3541,-3081
209000112,2223,568,1655
209000113,4878,806,4072
209000114,2241,634,1607
209000115,71,45,26
209000116,195,167,28
209000118,13,93,-80
209000119,42,44,-2
209000121,120,307,-187
209000135,154,29,125
209000142,1115,7119,-6004
209000143,23,54,-31
209000144,109,381,-272
209000229,388,68,320
209000240,38,159,-121
209000259,75,19,56
209000260,27,436,-409
209000261,29,555,-526
209000262,1,375,-374
209000263,0,226,-226
209000264,0,132,-132
209000265,602,1,601
209000266,251,2,249
209000267,2639,6,2633
209000268,881,157,724
210000037,252,75,177
210000047,193,18,175
210000048,249,74,175
210000049,223,12,211
210000052,268,30,238
210000053,49,30,19
210000054,12,59,-47
210000070,430,15,415
210000071,221,3,218
210000072,102,0,102
210000073,0,20,-20
210000074,0,27,-27
210000075,0,38,-38
210000076,6,77,-71
210000077,11,125,-114
210000078,14,172,-158
210000079,45,30,15
210000080,83,356,-273
210000081,272,59,213
210000082,13,17,-4
210000083,116,15,101
210000084,278,1,277
210000085,1,96,-95
210000086,0,82,-82
210000099,83,177,-94
210000100,60,89,-29
210000101,58,96,-38
210000105,9,311,-302
210000159,0,417,-417
210000163,25,149,-124
210000164,294,148,146
210000168,620,40,580
210000187,0,6,-6
210000188,1,33,-32
210000214,23,0,23
210000219,270,31,239
210000220,370,28,342
210000232,3,34,-31
210000233,39,11,28
210000234,28,18,10
210000235,165,27,138
210000245,0,47,-47
210000246,12,0,12
210000258,17,83,-66
210000259,566,90,476
210000282,19,254,-235
210000285,1,116,-115
210000286,43,99,-56
210000290,0,0,0
210000295,82,195,-113
210000296,68,31,37
210000320,778,62,716
210000321,682,18,664
210000338,61,70,-9
210000339,79,893,-814
210000340,52,177,-125
210000341,227,107,120
210000342,404,122,282
210000343,229,159,70
210000344,142,243,-101
210000345,158,639,-481
210000346,60,324,-264
210000347,25,253,-228
210000348,242,216,26
210000349,88,150,-62
210000350,369,114,255
210000351,447,80,367
210000352,70,17,53
210000353,33,35,-2
210000354,71,25,46
210000355,41,301,-260
210000356,16,531,-515
210000357,49,429,-380
210000358,912,534,378
210000359,139,423,-284
210000360,501,469,32
210000361,540,212,328
210000362,797,166,631
210000363,818,183,635
210000364,662,190,472
210000365,452,31,421
210000366,731,71,660
210000367,270,38,232
210000368,485,30,455
210000369,84,105,-21
210000370,166,155,11
210000372,31,45,-14
210000373,24,99,-75
210000374,121,141,-20
210000375,29,26,3
210000376,46,415,-369
210000404,53,61,-8
210000439,237,11,226
210000472,75,3,72
210000482,195,104,91
210000564,493,202,291
210000567,0,10,-10
210000568,394,1,393
211000092,219,35,184
211000094,11,0,11
211000169,498,12,486
211000172,74,60,14
211000209,0,71,-71
211000226,0,1,-1
211000270,3,1,2
211000275,46,38,8
211000276,484,49,435
211000279,115,62,53
211000281,383,48,335
211507980,1,76,-75
211977296,41,1,40
212000003,444,171,273
212000004,5,106,-101
212000005,7,158,-151
212000006,44,179,-135
212000008,267,191,76
212000009,87,167,-80
212000012,303,45,258
212000013,116,35,81
212000014,590,72,518
212000015,517,80,437
212000016,720,294,426
212000027,742,160,582
212000028,740,148,592
212000029,538,194,344
212000030,74,13,61
212000031,79,18,61
212000048,51,799,-748
212000049,19,350,-331
212000050,23,43,-20
212000051,446,99,347
212000052,310,71,239
212000053,309,133,176
212000054,1164,59,1105
212000055,956,78,878
212000056,84,50,34
212000057,43,59,-16
212000058,250,57,193
212000070,265,77,188
212000077,271,148,123
212000099,813,153,660
212000108,459,550,-91
212000111,725,58,667
212000120,110,197,-87
212000138,364,75,289
212000156,0,42,-42
212000158,1,87,-86
212000159,1487,45,1442
212000160,1263,60,1203
212000161,191,3,188
212000310,131,3,128
212000311,24,56,-32
212000374,49,9,40
213000001,14,375,-361
213000005,1334,103,1231
213000006,1200,131,1069
213000007,73,16,57
213000009,407,167,240
213000010,692,114,578
213000011,356,49,307
213000012,240,155,85
213000014,56,27,29
213000015,449,15,434
213000016,463,16,447
213000017,55,0,55
213000018,0,9,-9
213000019,0,60,-60
213000020,128,68,60
213000021,1,34,-33
213000023,941,240,701
213000033,439,1123,-684
213000034,564,141,423
213000035,259,375,-116
213000045,163,240,-77
213000046,97,72,25
213000047,200,556,-356
213000056,464,7,457
213000069,155,35,120
213000073,2,43,-41
213000074,86,284,-198
213000075,1822,13,1809
213000085,0,18,-18
213000086,10,59,-49
213000091,754,4,750
213000092,32,8,24
213000099,134,824,-690
213000100,1322,260,1062
213000101,1460,81,1379
213000102,1409,99,1310
213000103,746,287,459
213000104,33,142,-109
213000105,160,2516,-2356
213000106,75,138,-63
213000107,125,293,-168
213000108,71,296,-225
213000109,14,154,-140
213000110,16,59,-43
213000111,4,74,-70
213000112,65,93,-28
213000115,92,0,92
213000116,14,231,-217
213000117,3,214,-211
213000118,2196,476,1720
213000119,18,239,-221
213000120,40,200,-160
213000122,164,271,-107
213000123,82,347,-265
213000124,354,590,-236
213000125,297,74,223
213000126,44,83,-39
213000127,41,143,-102
213000128,50,468,-418
213000129,154,2969,-2815
213000130,1899,973,926
213000132,2714,168,2546
213000133,2412,116,2296
213000134,3861,38,3823
213000136,1091,6,1085
213000137,1019,29,990
213000139,288,15,273
213000147,45,5,40
213000148,21,17,4
213000149,11,19,-8
213000150,0,855,-855
213000151,8,184,-176
213000152,0,230,-230
213000153,2,216,-214
213000154,156,189,-33
213000155,117,191,-74
213000156,251,183,68
213000157,1361,222,1139
213000158,750,435,315
213000159,1425,209,1216
213000163,4235,458,3777
213000165,922,344,578
213000171,0,15,-15
213000172,0,50,-50
213000173,0,44,-44
213000174,1,59,-58
213000175,15,60,-45
213000176,562,69,493
213000177,399,6,393
213000178,802,3,799
213000179,908,1,907
213000180,1327,0,1327
213000184,45,256,-211
213000188,1498,72,1426
213000189,2211,41,2170
213000190,1352,223,1129
213000191,1436,122,1314
213000192,914,143,771
213000193,300,206,94
213000194,0,285,-285
213000195,49,151,-102
213000196,630,2165,-1535
213000197,903,852,51
213000198,44,9,35
213000200,218,406,-188
213000201,22,108,-86
213000202,4,232,-228
213000203,1844,221,1623
213000204,1516,38,1478
213000205,1171,20,1151
213000206,1308,41,1267
213000207,77,10,67
213000208,36,1,35
213000209,128,1,127
213000210,209,5,204
213000211,1,15,-14
213000212,24,24,0
213000213,90,32,58
213000218,674,430,244
213000219,2540,105,2435
213000220,2907,25,2882
213000223,652,77,575
213000224,38,27,11
213000225,114,20,94
213000226,80,0,80
213000227,2919,88,2831
213000228,1852,39,1813
213000229,451,45,406
213000230,1112,27,1085
213000232,170,10,160
213000233,18,104,-86
213000234,1,45,-44
213000293,14,77,-63
213000294,150,34,116
213000295,50,42,8
213000296,126,8,118
213000297,16,52,-36
213000298,17,82,-65
213000299,68,25,43
213000300,1,5,-4
213000303,1,28,-27
213000304,0,14,-14
213000305,0,14,-14
213000306,46,331,-285
213000307,161,128,33
213000308,86,198,-112
213000309,520,41,479
213000310,479,162,317
213000311,103,477,-374
213000315,121,217,-96
213000316,725,37,688
213000322,181,31,150
213000323,388,63,325
213000324,266,15,251
213000325,378,20,358
213000326,306,32,274
213000327,507,50,457
213000328,206,116,90
213000329,452,26,426
213000340,135,257,-122
213000341,2135,52,2083
213000347,264,1413,-1149
213000348,2,77,-75
213000349,2,32,-30
213000350,163,711,-548
213000366,142,198,-56
213000367,723,20,703
213000379,24,40,-16
213000386,48,41,7
213000406,248,97,151
213000417,3062,697,2365
213000425,880,137,743
213000426,495,26,469
213000427,154,92,62
213000428,151,99,52
213000429,16,25,-9
213000430,167,132,35
213000431,29,0,29
213000432,1,75,-74
213000433,59,27,32
213000434,374,82,292
213000435,275,81,194
213000436,288,46,242
213000437,21,9,12
213000438,227,36,191
213000439,45,22,23
213000440,50,143,-93
213000441,1,1,0
213000442,18,17,1
213000443,1083,470,613
213000444,26,8,18
213000445,0,82,-82
213000446,0,61,-61
213000447,1,122,-121
213000448,5,146,-141
213000449,2689,31,2658
213000450,26,14,12
213000451,1010,56,954
213000452,42,10,32
213000453,26,163,-137
213000455,139,39,100
213000456,10,119,-109
213000481,0,3,-3
213000484,44,12,32
213000489,346,77,269
213900002,7,747,-740
213900003,162,51,111
213900013,1,29,-28
213900015,0,1,-1
213900016,59,2,57
213900020,51,48,3
213900030,0,85,-85
213900032,183,76,107
213900033,680,33,647
213900034,1626,37,1589
213900035,271,66,205
213900036,135,96,39
213900037,53,208,-155
213900038,1148,88,1060
213900039,0,39,-39
213900041,9,416,-407
213900042,144,472,-328
213900043,645,58,587
213900244,419,0,419
213900245,0,7,-7
218000003,32,67,-35
218000004,123,43,80
218000005,24,87,-63
218000006,109,77,32
218000007,16,36,-20
218000012,168,495,-327
218000013,406,307,99
218000014,529,187,342
218000019,613,196,417
218000020,440,185,255
218000021,73,49,24
218000022,65,26,39
218000023,6,25,-19
218000024,3,4,-1
218000025,19,14,5
218000026,37,9,28
218000027,2,2,0
218000028,7,1,6
218000029,2,7,-5
218000030,60,7,53
218000031,18,8,10
218000032,1,8,-7
218000040,0,7,-7
218000046,213,138,75
218000047,51,89,-38
218000048,254,35,219
218000049,125,58,67
218000050,469,135,334
218000051,149,128,21
218000052,2,42,-40
218000053,4,11,-7
218000054,7,38,-31
218000055,11,57,-46
218000056,21,77,-56
218000057,7,99,-92
218000064,0,13,-13
218000065,178,29,149
218000066,66,59,7
218000067,222,30,192
218000068,396,80,316
218000069,786,55,731
218000070,488,215,273
218000071,328,186,142
218000072,162,181,-19
218000078,1791,223,1568
218000079,564,39,525
218000080,375,35,340
218000081,1172,46,1126
218000082,456,30,426
218000083,210,58,152
218000084,222,63,159
218000085,152,106,46
218000086,128,36,92
218000087,235,42,193
218000090,41,322,-281
218000091,1812,685,1127
218000092,400,49,351
218000093,178,73,105
218000094,746,160,586
218000099,379,271,108
218000100,393,147,246
218000101,443,175,268
218000102,926,239,687
218000103,281,98,183
218000104,207,32,175
218000105,21,11,10
218000106,49,5,44
218000107,359,12,347
218000108,39,16,23
218000112,142,13,129
218000117,70,89,-19
218000134,520,261,259
218000135,16,92,-76
218000136,182,118,64
218000137,145,177,-32
218000138,93,82,11
218000139,240,577,-337
218000140,684,630,54
218000141,137,153,-16
218000142,277,288,-11
218000143,20,393,-373
218000144,19,290,-271
218000145,1006,240,766
218000146,161,114,47
218000151,1,33,-32
218000152,70,48,22
218000153,3,12,-9
218000154,24,1,23
218000155,84,1,83
218000156,162,5,157
218000157,59,6,53
218000158,29,8,21
218000159,3,13,-10
218000160,15,24,-9
218000161,82,1,81
218000162,83,4,79
218000163,52,1,51
218000164,183,7,176
218000165,247,96,151
218000170,1,23,-22
218000171,78,8,70
218000172,12,6,6
218000173,18,13,5
218000174,34,11,23
218000176,551,25,526
218000177,577,124,453
218000178,79,146,-67
218000179,352,37,315
218000180,147,19,128
218000181,476,60,416
218000187,33,56,-23
218000188,18,34,-16
218000189,16,89,-73
218000190,16,19,-3
218000191,208,34,174
218000192,250,146,104
218000193,434,181,253
218000194,278,224,54
218000195,383,23,360
218000196,588,169,419
218000197,1411,117,1294
218000198,335,60,275
218000199,150,11,139
218000200,110,32,78
218000201,42,5,37
218000202,41,855,-814
218000207,10,12,-2
218000208,54,110,-56
218000211,57,7,50
218000212,0,1,-1
218000213,228,102,126
218000214,6,32,-26
218000215,208,51,157
218000217,4,40,-36
218000218,427,58,369
218000219,2,44,-42
218000220,93,559,-466
218000221,1257,463,794
218000222,0,124,-124
218000223,98,918,-820
218000224,10,275,-265
218000225,361,31,330
218000226,544,67,477
218000230,0,14,-14
218000232,143,34,109
218000239,229,11,218
218000240,8,0,8
218000241,8,1,7
218000242,4,2,2
218000243,2,0,2
218000244,48,7,41
218000245,9,20,-11
218000246,0,25,-25
218000247,2,3,-1
218000248,0,67,-67
218000249,0,4,-4
218000250,1,195,-194
218000251,1,35,-34
218000252,0,42,-42
218000253,1,22,-21
218000254,1,29,-28
218000255,1,17,-16
218000256,1,52,-51
218000267,559,852,-293
218000268,8,86,-78
218000269,1,60,-59
218000270,46,24,22
218000271,14,15,-1
218000273,242,1,241
218000274,45,2,43
218000275,135,99,36
218000276,65,22,43
218000278,8,21,-13
218000279,67,19,48
218000280,0,16,-16
218000281,6,30,-24
218000282,814,1450,-636
218000284,52,4,48
218000301,66,186,-120
218000302,103,67,36
218000303,4,69,-65
218000316,2282,691,1591
218000317,4497,457,4040
218000318,2619,347,2272
218000319,1826,424,1402
218000320,1656,637,1019
218000338,10,21,-11
218000345,322,45,277
218000346,50,262,-212
218000459,43,126,-83
218000490,18,37,-19
218000501,181,71,110
218000502,186,22,164
218000503,166,13,153
218000504,194,7,187
218000505,41,38,3
218000506,8,61,-53
218000508,0,0,0
218000510,122,22,100
218000520,202,140,62
218000521,4,20,-16
218000522,1,278,-277
218000523,273,0,273
218000524,3,200,-197
218000525,102,17,85
218000526,34,170,-136
218000529,16,39,-23
218000530,45,9,36
218000531,38,16,22
218000532,136,5,131
218000534,713,2,711
218000537,25,101,-76
218000538,195,227,-32
218000540,50,78,-28
218000543,437,32,405
218000544,40,43,-3
218000545,371,81,290
218000546,120,13,107
218000547,318,132,186
218000548,100,46,54
218000549,1810,80,1730
218000550,248,78,170
218000551,43,221,-178
218000552,503,100,403
218000553,9,70,-61
218000554,19,38,-19
218000555,65,110,-45
218000556,320,70,250
218000557,1206,62,1144
218000558,67,0,67
218000559,0,35,-35
218000560,0,22,-22
218000561,4,0,4
218000562,12,97,-85
218000563,311,31,280
218000564,7,118,-111
218000565,164,20,144
218000566,61,5,56
218000567,2,56,-54
218000568,16,1,15
218000569,11,115,-104
218000570,23,3,20
218000571,0,78,-78
218000572,116,1,115
218000573,4,84,-80
218000574,91,31,60
218000575,119,2,117
218000576,3,91,-88
218000577,195,19,176
218000578,1,121,-120
218000579,12,41,-29
218000581,10,58,-48
218000582,89,5,84
218000583,11,1,10
218000584,1,31,-30
218000585,62,8,54
218000586,11,45,-34
218000587,5,1,4
218000588,0,6,-6
218000589,0,24,-24
218000590,5,0,5
218000591,1,77,-76
218000592,24,6,18
218000593,0,0,0
218000594,0,9,-9
218000595,0,0,0
218000596,0,0,0
218000597,0,0,0
218000598,0,1,-1
218000599,0,0,0
218000600,1,1,0
218000601,0,1,-1
218000602,0,6,-6
218000603,0,2,-2
218000604,13,0,13
218000605,0,33,-33
218000606,72,7,65
218000607,4,87,-83
218000608,49,11,38
218000609,1,78,-77
218000610,90,0,90
218000611,36,0,36
218000612,0,14,-14
218000613,39,7,32
218000614,2,33,-31
218000615,276,0,276
218000616,2,199,-197
218000617,3,1,2
218000618,0,36,-36
218000619,111,51,60
218000620,1,185,-184
218000621,0,15,-15
218000622,0,151,-151
218000623,33,20,13
218000624,0,324,-324
218000625,5,49,-44
218000626,0,48,-48
218000628,330,228,102
218000631,147,6,141
218000632,0,81,-81
218000633,94,0,94
218000634,12,11,1
218000635,23,11,12
218000636,1144,348,796
218000637,2134,202,1932
218000638,798,5,793
218000639,36,51,-15
218000640,1332,15,1317
218000641,228,74,154
218000652,97,42,55
218000653,356,23,333
218000663,0,15,-15
218000675,28,38,-10
218000676,20,8,12
218000677,59,2,57
218000680,181,96,85
218000681,1207,137,1070
218000691,382,49,333
218000693,1323,77,1246
218000703,18,15,3
218000718,21,147,-126
218000719,83,97,-14
218000720,0,58,-58
218000721,4,8,-4
218000725,18,11,7
218001214,38,47,-9
218001329,173,56,117
218001330,14,23,-9
218001351,14,14,0
218001352,19,9,10
218001353,15,1,14
218001354,0,15,-15
219000001,3,20,-17
219000002,49,18,31
219000003,74,32,42
219000004,120,90,30
219000017,91,117,-26
219000020,374,39,335
219000022,170,1,169
219000023,113,0,113
219000029,1,115,-114
219000034,64,28,36
219000039,15,206,-191
219000040,22,51,-29
219000041,118,52,66
219000051,0,79,-79
219000052,0,34,-34
219000053,0,67,-67
219000054,428,267,161
219000055,427,1,426
219000056,18,0,18
219000057,108,0,108
219000062,12,92,-80
219000063,373,7,366
219000064,0,40,-40
219000110,302,252,50
219000111,123,71,52
219000112,461,38,423
219000113,502,34,468
219000114,339,32,307
219000116,115,65,50
219000117,211,50,161
219000118,111,121,-10
219000123,163,96,67
219000124,83,60,23
219000125,65,2,63
219000126,40,138,-98
219000127,1,2,-1
219000128,9,93,-84
219000129,40,90,-50
219000130,177,326,-149
219000131,1283,814,469
219000133,41,120,-79
219000134,1,67,-66
219000135,24,58,-34
219000136,81,303,-222
219000138,226,11,215
219000139,197,34,163
219000140,484,0,484
219000141,94,34,60
219000142,32,24,8
219000143,23,15,8
219000145,43,55,-12
219000146,0,1,-1
219000147,1,30,-29
219000148,5,21,-16
219000149,5,32,-27
219000150,0,39,-39
219000151,1,0,1
219000157,649,191,458
219000158,451,164,287
219000161,614,4,610
219000163,1734,330,1404
219000166,264,215,49
219000167,115,196,-81
219000168,548,156,392
219000174,833,172,661
219000175,417,2,415
219000176,461,11,450
219000177,293,6,287
219000178,350,0,350
219000179,284,41,243
219000180,141,20,121
219000182,246,4,242
219000183,146,32,114
219000184,98,21,77
219000185,0,14,-14
219000186,143,22,121
219000187,6,36,-30
219000189,56,132,-76
219000190,165,157,8
219000191,115,509,-394
219000192,447,244,203
219000193,360,113,247
219000195,7,534,-527
219000196,0,164,-164
219000198,66,68,-2
219000199,236,76,160
219000200,303,64,239
219000201,96,86,10
219000203,14,47,-33
219000204,60,345,-285
219000205,27,180,-153
219000207,92,213,-121
219000209,99,34,65
219000210,22,203,-181
219000213,16,168,-152
219000239,168,249,-81
219000240,131,393,-262
219000241,120,170,-50
219000242,115,297,-182
219000243,194,202,-8
219000244,50,46,4
219000245,35,22,13
219000246,11,27,-16
219000247,380,37,343
219000248,696,606,90
219000249,268,147,121
219000250,372,55,317
219000251,1086,190,896
219000252,484,76,408
219000253,256,48,208
219000255,289,84,205
219000256,651,244,407
219000257,112,0,112
219000262,62,107,-45
219000263,76,73,3
219000267,1,31,-30
219000268,1,0,1
219000269,4,3,1
219000270,21,1,20
219000271,591,2,589
219000278,0,0,0
219000279,0,1,-1
219000283,0,37,-37
219000295,14,78,-64
219000296,69,257,-188
219000297,12,29,-17
219000298,31,17,14
219000299,509,34,475
219000300,43,54,-11
219000301,18,264,-246
219000302,13,97,-84
219000307,164,7,157
219000308,72,64,8
219000311,436,45,391
219000312,534,129,405
219000313,680,54,626
219000314,93,60,33
219000315,640,11,629
219000316,1040,83,957
219000317,369,26,343
219000320,5,81,-76
219000321,0,34,-34
219000323,0,59,-59
219000325,0,1,-1
219000326,14,25,-11
219000327,55,3,52
219000328,30,19,11
219000329,533,88,445
219000330,23,40,-17
219000331,84,35,49
219000332,464,119,345
219000333,209,2,207
219000335,89,0,89
219000337,30,1,29
219000338,42,1,41
219000344,33,123,-90
219000345,269,137,132
219000346,60,18,42
219000348,186,93,93
219000349,44,122,-78
219000350,43,302,-259
219000351,0,4,-4
219000352,96,79,17
219000353,439,50,389
219000354,1153,43,1110
219000355,223,73,150
219000356,544,959,-415
219000363,285,77,208
219000364,179,42,137
219000365,91,43,48
219000366,149,1288,-1139
219000368,434,482,-48
219000370,1056,432,624
219000371,9,6,3
219000382,19,16,3
219000383,227,730,-503
219000385,185,557,-372
219000386,481,1417,-936
219000387,0,15,-15
219000390,18,0,18
219000391,1,0,1
219000397,74,4,70
219000398,31,93,-62
219000401,24,115,-91
219000402,21,52,-31
219000403,38,302,-264
219000404,11,111,-100
219000407,7,16,-9
219000409,96,43,53
219000410,112,17,95
219000411,117,23,94
219000446,62,308,-246
219000447,1,12,-11
219000448,6,10,-4
219000452,153,62,91
219000453,42,130,-88
219000454,612,462,150
219000556,1077,42,1035
219000558,77,164,-87
219000590,21,303,-282
219000591,362,105,257
219000592,64,163,-99
219000595,7,13,-6
219000635,310,25,285
219000636,60,34,26
219000657,58,7,51
219000658,13,153,-140
219000673,0,2,-2
219000676,5,1,4
219000679,82,8,74
219000684,243,1,242
219000685,0,82,-82
219000686,3,3,0
219000688,0,71,-71
219000689,12,123,-111
219000690,174,4,170
219000691,12,87,-75
219000692,213,5,208
219000693,0,8,-8
219000694,67,0,67
219000695,247,0,247
219000698,11,0,11
219000699,0,99,-99
219000727,3,113,-110
219000728,239,8,231
219000770,38,2,36
219000771,0,57,-57
219001150,2,76,-74
219001151,0,4,-4
219001166,10,58,-48
219001167,0,32,-32
220000001,46,305,-259
220000002,4,159,-155
220000003,223,182,41
220000004,379,295,84
220000005,459,1166,-707
220000006,158,443,-285
220000007,517,93,424
220000008,328,248,80
220000009,303,325,-22
220000010,37,60,-23
220000011,514,6137,-5623
220000012,67,800,-733
220000014,202,109,93
220000015,25,267,-242
220000017,52,285,-233
220000018,10552,3805,6747
220000019,295,877,-582
220000020,704,197,507
220000021,1245,394,851
220000022,1821,210,1611
220000023,360,92,268
220000024,904,370,534
220000025,829,1783,-954
220000026,609,984,-375
220000027,14,241,-227
220000028,71,158,-87
220000029,21,110,-89
220000030,45,44,1
220000031,1262,577,685
220000064,79,958,-879
221000046,5,0,5
221000047,0,0,0
221000048,0,4,-4
221000049,0,14,-14
221000050,15,8,7
221000055,19,81,-62
221000057,260,2,258
221000068,264,61,203
221000069,498,34,464
221000070,319,6,313
221000071,243,15,228
221000072,655,3,652
221000073,283,28,255
221000074,1,10,-9
221000075,3,15,-12
221000076,16,11,5
221000077,6,14,-8
221000081,20,8,12
221000082,122,12,110
221000083,10,8,2
221000084,4,0,4
221000085,15,84,-69
221000086,2,35,-33
221000087,1,110,-109
221000088,9,194,-185
221000089,14,97,-83
221000090,33,221,-188
221000098,227,31,196
221000099,450,17,433
221000100,271,10,261
221000101,323,10,313
221000102,278,13,265
221000109,13,14,-1
221000110,6,22,-16
221000111,6,66,-60
221000112,1,44,-43
221000113,4,75,-71
221000114,2,67,-65
221000120,36,139,-103
221000121,6,45,-39
221000122,69,38,31
221000123,1,7,-6
221000124,19,95,-76
221000155,221,30,191
221000156,35,54,-19
221000175,1,14,-13
221000176,0,4,-4
221000182,269,1,268
221000241,361,251,110
221000242,109,123,-14
221000243,563,127,436
221000244,89,267,-178
221000245,241,90,151
221000246,45,219,-174
221000247,241,169,72
221000248,106,75,31
221000267,7,690,-683
221000325,4,183,-179
221000331,2,31,-29
221000338,29,67,-38
221000378,597,56,541
221000381,51,51,0
222000282,2,2,0
222000296,4,38,-34
222000568,693,11,682
222000569,293,32,261
222000570,222,43,179
222000571,800,33,767
222000577,21,45,-24
222000578,1,50,-49
222000579,4,83,-79
222000580,15,761,-746
222000599,0,86,-86
222000600,1,109,-108
222000601,1,640,-639
222000603,15,95,-80
222000604,1,125,-124
222000605,15,27,-12
222000606,1,23,-22
222000607,4,8,-4
222000608,5,20,-15
222000609,101,40,61
222000616,1329,16,1313
222000617,7,14,-7
222000618,9,10,-1
222000620,4,12,-8
222000621,18,21,-3
222000623,914,6,908
222000624,775,11,764
222000625,2663,6,2657
222000636,55,3,52
222000686,14,14,0
222000687,107,21,86
222001066,1654,6,1648
222001067,302,8,294
222001068,443,22,421
222001069,222,64,158
222001082,169,6,163
222001083,458,19,439
222001084,4,93,-89
222001085,0,1119,-1119
222001111,553,29,524
222001112,303,37,266
222001313,2,21,-19
222001314,0,130,-130
222001464,125,37,88
222001465,23,69,-46
222001484,557,25,532
222001485,18,20,-2
222001494,1933,192,1741
222001495,159,82,77
222001496,878,77,801
222001497,208,151,57
222001502,22,36,-14
222001503,978,22,956
222001504,25,105,-80
222001505,1278,17,1261
222001506,20,148,-128
222001507,897,27,870
222001510,1829,51,1778
222001511,30,128,-98
222001514,1747,38,1709
222001515,40,134,-94
222001518,1459,52,1407
222001519,147,119,28
222001527,269,41,228
222001528,23,87,-64
222001529,822,28,794
222001530,43,103,-60
222001533,77,208,-131
222001534,1591,20,1571
222001535,686,229,457
222001536,43,90,-47
222001537,1084,32,1052
222001538,8,129,-121
222001563,1958,71,1887
222001564,33,183,-150
222001568,201,114,87
222001576,0,5,-5
222001579,1,31,-30
222001583,44,75,-31
222001584,467,11,456
222001596,330,689,-359
222001597,2496,511,1985
222001626,0,39,-39
222001650,9,81,-72
222001651,30,159,-129
222001914,808,20,788
222001915,11,86,-75
222900004,801,133,668
222900009,252,184,68
222900019,141,241,-100
222900024,226,11,215
222900025,38,17,21
225000001,849,69,780
225000002,1939,179,1760
225000003,2300,78,2222
225000004,1376,271,1105
225000005,64,76,-12
225000006,1,179,-178
225000007,838,1124,-286
225000010,500,27,473
225000011,242,2571,-2329
225000012,410,1134,-724
225000013,308,93,215
225000014,1310,152,1158
225000015,216,297,-81
225000021,1250,79,1171
225000027,331,310,21
225000032,1083,91,992
225000042,158,327,-169
225000049,64,208,-144
225000050,269,41,228
225000053,2,81,-79
225000058,1032,184,848
225000067,532,101,431
225000068,302,182,120
225000069,167,239,-72
225000070,191,191,0
225000071,89,46,43
225000075,38,1448,-1410
225000076,112,102,10
225000078,93,47,46
225000085,379,21,358
225000086,772,19,753
225000087,236,8,228
225000088,26,201,-175
225000089,89,129,-40
225000090,22,126,-104
225000091,31,42,-11
225000092,82,182,-100
225000093,625,111,514
225000094,6,127,-121
225000095,378,149,229
225000096,80,114,-34
225000098,1663,163,1500
225000099,967,43,924
225000100,1493,63,1430
225000104,161,488,-327
225000110,24,377,-353
225000111,695,331,364
225000112,1252,968,284
225000113,325,1515,-1190
225000114,230,833,-603
225000115,1800,909,891
225000116,249,76,173
225000117,684,560,124
225000118,1823,515,1308
225000119,694,78,616
225000120,1617,86,1531
225000121,279,45,234
225000123,1088,14,1074
225000125,804,202,602
225000126,901,210,691
225000127,616,5241,-4625
225000128,481,1931,-1450
225000132,1113,17,1096
225000133,526,15,511
225000134,1219,175,1044
225000135,204,17,187
225000136,976,14,962
225000137,650,211,439
225000138,952,285,667
225000143,95,417,-322
225000144,19,355,-336
225000145,79,46,33
225000146,131,69,62
225000147,50,60,-10
225000148,2,38,-36
225000149,102,143,-41
225000151,54,55,-1
225000155,106,93,13
225000156,264,1170,-906
225000157,677,321,356
225000158,68,178,-110
225000171,3,178,-175
225000180,25,5,20
225000181,0,240,-240
225000182,88,4,84
225000185,5,431,-426
225000187,79,407,-328
225000191,117,3,114
225000194,0,3,-3
225000208,0,80,-80
225000209,146,23,123
225000210,6,125,-119
225000217,0,31,-31
225000218,53,1,52
225000223,2,415,-413
225000224,24,3,21
225000225,3,164,-161
225000226,19,0,19
225000227,194,256,-62
225000228,3,8,-5
225000229,0,140,-140
225000230,1,0,1
225000231,0,16,-16
225000232,419,1,418
225000241,133,1,132
225000242,0,13,-13
225000249,1,0,1
225000250,104,182,-78
225000251,964,92,872
225000254,5,207,-202
225000256,0,809,-809
225000257,1,60,-59
226000042,151,302,-151
226000043,23,176,-153
226000044,75,389,-314
226000045,65,179,-114
226000046,1546,148,1398
226000047,1233,131,1102
226000048,877,157,720
226000049,978,317,661
226000070,0,10,-10
226000071,0,35,-35
226000072,0,35,-35
226000073,0,7,-7
226000074,0,5,-5
226000084,5,12,-7
226000085,0,40,-40
226000086,6,21,-15
226000087,0,22,-22
226000088,6,28,-22
226000090,56,314,-258
226000091,15,158,-143
226000092,1,19,-18
226000093,10,0,10
226000094,2,5,-3
226000095,8,5,3
226000105,2,1,1
226000106,43,0,43
226000107,17,0,17
226000108,30,0,30
226000109,402,0,402
226000124,593,127,466
226000134,2495,406,2089
226000135,3938,480,3458
226000136,1640,353,1287
226000137,10,73,-63
226000138,5,31,-26
226000139,1,44,-43
226000156,740,3,737
226000157,1004,9,995
226000163,19,108,-89
226000202,3,85,-82
226000231,1695,5,1690
226000232,68,2,66
227000033,863,6,857
227000036,1462,24,1438
227000037,1369,24,1345
227000038,437,26,411
227000084,1,95,-94
227000085,0,88,-88
227000088,144,2,142
227000089,50,0,50
227000090,33,0,33
227000091,48,0,48
227000092,21,0,21
227000093,205,0,205
227000094,11,0,11
227000130,101,149,-48
227000131,55,157,-102
227000132,12,73,-61
227000133,47,49,-2
227000134,30,73,-43
227000152,0,8,-8
227000153,0,102,-102
227000154,0,65,-65
227000155,1,28,-27
227000156,0,27,-27
227000165,1,80,-79
227000196,1098,141,957
227000199,1741,177,1564
227000230,4,201,-197
227000232,2926,25,2901
227000242,17,164,-147
227000243,515,24,491
227000245,20,159,-139
227000246,73,183,-110
227000247,1071,15,1056
227000248,219,44,175
227000249,16,114,-98
227000250,490,382,108
227000251,49,191,-142
227000252,92,116,-24
227000253,464,14,450
227000262,1199,20,1179
227000266,4021,69,3952
227000267,13,619,-606
227000282,9,35,-26
227000284,2599,6,2593
227000286,15,13,2
227000291,19,135,-116
227000296,405,170,235
227000484,215,14,201
227000485,5,338,-333
227000655,1091,1,1090
227000656,1893,15,1878
227000657,1003,2,1001
227000704,1685,48,1637
229000265,29,5,24
229000266,1,5,-4
229000267,38,1,37
229000268,51,2,49
229000269,53,0,53
229000274,0,85,-85
229000275,0,151,-151
229000276,1,47,-46
229000277,0,3,-3
229000278,5,1,4
229000295,33,31,2
229000296,9,76,-67
229000297,13,24,-11
229000298,42,452,-410
229000320,59,5,54
229000321,42,306,-264
229000412,19,125,-106
229000414,70,95,-25
229000415,13,3,10
229000416,12,5,7
229000417,13,13,0
229000419,319,317,2
229000440,432,154,278
229000442,30,7,23
229000443,7,0,7
229000444,0,71,-71
229000445,108,27,81
229000446,156,66,90
229000491,6,3,3
229000492,13,82,-69
229000493,11,79,-68
229000494,95,4,91
229000495,233,2,231
229000496,250,1,249
229000507,0,46,-46
229000508,0,37,-37
229000509,0,98,-98
229000510,5,29,-24
229000511,4,46,-42
229000512,1,32,-31
229000513,0,9,-9
229000514,0,7,-7
229000517,2,8,-6
229000518,26,31,-5
229000519,2,13,-11
229000520,34,23,11
229000521,134,40,94
229000522,29,16,13
229000523,10,1,9
229000524,19,1,18
229000527,1,1,0
229000528,1,0,1
229000529,42,0,42
229000530,121,0,121
229000531,135,0,135
229000532,37,0,37
229000533,64,0,64
229000534,62,0,62
229000564,277,0,277
229000565,193,1,192
229000566,1,10,-9
229000567,0,5,-5
229000582,98,8,90
229000583,68,14,54
229000584,0,3,-3
229000585,1,123,-122
229000718,0,4,-4
229000719,0,3,-3
229000720,0,16,-16
229000721,0,4,-4
229000722,0,0,0
229000723,0,5,-5
229000724,0,20,-20
229000725,1,2,-1
229000738,0,0,0
229000739,19,0,19
229000740,4,0,4
229000741,96,0,96
229000742,34,0,34
229000743,56,0,56
229000744,6,0,6
229000745,3,0,3
229000746,40,3,37
229000847,285,1,284
229000848,218,2,216
229000849,549,2,547
229000851,755,0,755
229000854,0,20,-20
229000856,0,60,-60
229000857,0,14,-14
229000858,0,14,-14
229000919,0,10,-10
229000930,0,12,-12
229000937,151,10,141
229000966,75,37,38
229000981,3,5,-2
229000985,84,13,71
229000986,1,7,-6
229000987,0,0,0
229000988,2,1,1
229000989,5,60,-55
229000990,3,30,-27
229000991,1,0,1
229000992,47,4,43
229000993,564,8,556
229000998,102,68,34
229000999,189,19,170
229001034,0,20,-20
229001035,3,35,-32
229001036,13,50,-37
229001037,127,11,116
229001038,1,15,-14
229001039,9,0,9
229001040,0,159,-159
229001041,600,0,600
229001042,37,10,27
229001047,14,127,-113
229001050,89,12,77
229001168,1,32,-31
229001200,26,0,26
229001338,7,3,4
229001394,547,2,545
229001422,251,23,228
229001423,2,40,-38
229001431,75,43,32
229001432,4,39,-35
229001444,409,72,337
229001445,105,178,-73
229001479,65,2,63
229001503,550,46,504
229001504,16,34,-18
229001505,250,44,206
229001506,18,35,-17
229001509,144,5,139
229001510,20,57,-37
229001545,179,33,146
229001546,0,8,-8
229001553,200,12,188
229001554,3,10,-7
229001630,160,28,132
229001631,46,96,-50
229001635,0,20,-20
229001636,0,0,0
229001658,0,7,-7
229001659,73,29,44
229001660,4,5,-1
229001661,4,117,-113
229001662,46,0,46
229001663,0,22,-22
229002584,606,481,125
229002831,292,210,82
229002841,19,72,-53
229002842,50,108,-58
229002843,59,71,-12
229002844,16,163,-147
229002845,25,197,-172
229002846,3,48,-45
229002847,4,24,-20
229002848,3,90,-87
229002849,2,206,-204
229002850,8,4,4
229002851,58,300,-242
229002852,162,82,80
229002853,153,52,101
229002854,23,82,-59
229002855,8,45,-37
229002856,112,21,91
229002857,16,120,-104
229002858,5,9,-4
229002859,22,50,-28
229002860,74,42,32
229002861,39,103,-64
229002862,22,54,-32
229002863,45,27,18
229002864,78,58,20
229002865,4,27,-23
229002866,21,61,-40
229002867,2,18,-16
229002868,37,53,-16
229002869,35,61,-26
229002870,65,16,49
235000066,392,29,363
235000067,231,66,165
235000072,18,15,3
235000073,60,80,-20
235000074,68,26,42
235000080,14,62,-48
235000081,77,138,-61
235000082,490,43,447
235000083,791,106,685
235000084,28,88,-60
235000085,280,72,208
235000089,33,16,17
235000092,22,32,-10
235000093,6,3,3
235000097,7,1,6
235000098,114,5,109
235000099,70,13,57
235000116,21,17,4
235000117,698,13,685
235000133,12,258,-246
235000134,8,82,-74
235000206,0,8,-8
235000207,1,4,-3
235000208,2,1,1
235000209,9,3,6
235000210,10,2,8
235000212,0,6,-6
235000213,1,7,-6
235000220,0,1,-1
235000221,8,33,-25
235000238,11,264,-253
235000239,2,69,-67
235000242,321,1848,-1527
235000245,600,228,372
235000246,26,41,-15
235000284,0,58,-58
235000295,66,2,64
235000305,631,29,602
235000306,790,20,770
235000307,97,1,96
235000308,21,1,20
235000309,248,1,247
235000310,36,0,36
235000311,70,22,48
235000322,0,154,-154
235000323,0,53,-53
235000324,0,99,-99
235000325,0,51,-51
235000326,7,100,-93
235000351,1,55,-54
235000352,54,30,24
235000353,3,19,-16
235000354,29,16,13
235000355,5,328,-323
235000356,142,6,136
235000357,61,5,56
235000358,49,2,47
235000359,26,1,25
235000360,225,33,192
235000361,81,9,72
235000381,128,75,53
235000382,388,54,334
235000390,4,2,2
235000391,269,10,259
235000392,271,126,145
235000393,197,143,54
235000395,184,49,135
235000396,793,31,762
235000400,362,110,252
235000401,1,111,-110
235000405,136,161,-25
235000406,31,94,-63
235000407,86,40,46
235000409,255,61,194
235000410,79,59,20
235000411,1,67,-66
235000485,0,8,-8
235000486,2,1,1
235000549,146,163,-17
235000550,147,87,60
235000599,190,13,177
235000600,0,9,-9
235000601,16,13,3
235000602,230,46,184
235000614,0,12,-12
235000648,1,0,1
235000649,41,6,35
235000685,0,7,-7
235000815,4,6,-2
235000834,0,10,-10
235000855,31,28,3
235000862,40,116,-76
235000891,0,7,-7
235000892,25,5,20
235000901,88,65,23
235000907,1,8,-7
235001010,252,79,173
235001029,132,80,52
235001030,136,85,51
235001078,142,92,50
235001079,90,13,77
235001147,7,79,-72
235001166,44,17,27
235001167,59,12,47
235001169,44,130,-86
235001188,0,18,-18
235001189,3,0,3
235001197,1,56,-55
235001200,48,22,26
235001208,7,56,-49
235001209,30,50,-20
235001210,16,181,-165
235001239,0,12,-12
235001244,1,8,-7
235016267,0,70,-70
241900007,82,0,82
277101746,0,3,-3
277102712,34,27,7
277103813,0,0,0
277103814,0,0,0
277103898,1,1,0
277104249,0,2,-2
277104250,0,12,-12
277104251,0,1,-1
277104252,0,4,-4
990011530,0,230,-230
990014944,0,186,-186
990015176,20,6,14
990015618,0,184,-184
990016032,1,697,-696
990032570,4,2511,-2507
990070001,104,12,92
990070103,0,2,-2
990070601,0,16,-16
990070751,4671,67,4604
990070766,0,97,-97
990071180,536,94,442
990071343,33,1,32
990071387,0,1,-1
990071823,1052,72,980
990072600,1,445,-444
990072964,0,131,-131
990073285,0,2,-2
990074393,0,624,-624
990074870,4099,11,4088
990075106,671,2,669
990075746,925,3,922
990076437,9495,6,9489
990076458,0,409,-409
997000007,479,4,475
997000041,1,369,-368
997000058,97,0,97
997000062,19,2,17
997000069,0,0,0
997000070,1,78,-77
997000100,359,0,359
997000141,1,97,-96
997000198,1,109,-108
998000475,0,0,0
998000736,2,1006,-1004
998000965,0,77,-77
998001031,0,263,-263
998001700,0,88,-88
998001899,0,0,0
998001900,38,11,27
998003073,2243,2,2241
998101900,0,0,0
998102850,0,107,-107
998501927,480,1112,-632
998501929,365,45,320
998501930,89,0,89
998501931,443,70,373
998501932,16,1,15
998501933,69,2,67
998501937,7,2,5
998501944,3,0,3
998501950,0,0,0
998501970,520,12,508
998501971,2,383,-381
998501972,450,12,438
998501973,0,8,-8
998501974,1,64,-63
998501975,166,1,165
998501976,249,54,195
998501977,1,26,-25
998501978,18,3,15
998501979,0,4,-4
998501980,354,3,351
998501981,155,3,152
998501982,0,117,-117
998502006,0,0,0
998502024,0,6,-6
998502032,0,1,-1
998502062,7,1,6
998502063,0,0,0
998502173,8,0,8
998502269,0,5,-5
998601159,0,30,-30
998601292,1,32,-31
999033574,0,189,-189
999800001,72,11,61
999800002,0,2,-2
999800003,0,0,0
999800004,0,5,-5
999800005,0,19,-19
