dong,insum,outsum,diff
강남구 개포1동,1002,1756,-754
강남구 개포2동,16523,26136,-9613
강남구 개포4동,11247,15509,-4262
강남구 논현1동,51701,54992,-3291
강남구 논현2동,35423,37159,-1736
강남구 대치1동,32921,26565,6356
강남구 대치2동,55115,38183,16932
강남구 대치4동,36759,32021,4738
강남구 도곡1동,28075,26008,2067
강남구 도곡2동,10392,10293,99
강남구 삼성1동,66190,47411,18779
강남구 삼성2동,26784,19824,6960
강남구 세곡동,21789,48874,-27085
강남구 수서동,44683,20656,24027
강남구 신사동,43139,32743,10396
강남구 압구정동,66174,47534,18640
강남구 역삼1동,107590,91971,15619
강남구 역삼2동,33683,31562,2121
강남구 일원1동,10250,14923,-4673
강남구 일원2동,5590,4550,1040
강남구 일원본동,13059,17650,-4591
강남구 청담동,49576,39133,10443
강동구 강일동,11600,32046,-20446
강동구 고덕제1동,6967,12421,-5454
강동구 고덕제2동,12891,9976,2915
강동구 길동,14193,17189,-2996
강동구 둔촌제1동,302,479,-177
강동구 둔촌제2동,13455,12390,1065
강동구 명일제1동,16805,18665,-1860
강동구 명일제2동,13040,11139,1901
강동구 상일동,30659,17347,13312
강동구 성내제1동,11328,13930,-2602
강동구 성내제2동,11987,14424,-2437
강동구 성내제3동,14944,16106,-1162
강동구 암사제1동,8634,18261,-9627
강동구 암사제2동,4176,3532,644
강동구 암사제3동,1523,1373,150
강동구 천호제1동,5712,12294,-6582
강동구 천호제2동,29100,23279,5821
강동구 천호제3동,10727,11040,-313
강북구 미아동,28755,22589,6166
강북구 번1동,64337,50920,13417
강북구 번2동,9109,18574,-9465
강북구 번3동,17118,33167,-16049
강북구 삼각산동,7447,13608,-6161
강북구 삼양동,17769,26969,-9200
강북구 송중동,101265,76253,25012
강북구 송천동,28007,38934,-10927
강북구 수유1동,18807,22731,-3924
강북구 수유2동,13481,21848,-8367
강북구 수유3동,56361,45056,11305
강북구 우이동,18044,19250,-1206
강북구 월곡제1동,1568,2191,-623
강북구 인수동,14275,25288,-11013
강서구 가양제1동,24600,18772,5828
강서구 가양제2동,3039,4455,-1416
강서구 가양제3동,3353,4985,-1632
강서구 공항동,17327,15751,1576
강서구 등촌제1동,21799,29117,-7318
강서구 등촌제2동,10572,18245,-7673
강서구 등촌제3동,31336,32414,-1078
강서구 발산제1동,30308,33448,-3140
강서구 방화제1동,13438,19236,-5798
강서구 방화제2동,14404,11404,3000
강서구 방화제3동,2455,2666,-211
강서구 염창동,14194,21769,-7575
강서구 우장산동,20238,25737,-5499
강서구 화곡본동,10439,17285,-6846
강서구 화곡제1동,50870,52781,-1911
강서구 화곡제2동,6142,13224,-7082
강서구 화곡제3동,15547,14238,1309
강서구 화곡제4동,9116,15925,-6809
강서구 화곡제6동,20004,28972,-8968
강서구 화곡제8동,26372,17602,8770
관악구 낙성대동,34156,53639,-19483
관악구 난곡동,12437,29887,-17450
관악구 난향동,7439,16325,-8886
관악구 남현동,14012,18125,-4113
관악구 대학동,44614,40249,4365
관악구 미성동,25125,44366,-19241
관악구 보라매동,23310,31672,-8362
관악구 삼성동,17025,45118,-28093
관악구 서림동,19901,34844,-14943
관악구 서원동,78945,55141,23804
관악구 성현동,13447,37055,-23608
관악구 신림동,81705,57013,24692
관악구 신사동,14870,24604,-9734
관악구 신원동,5438,8079,-2641
관악구 은천동,32280,34210,-1930
관악구 인헌동,14549,16863,-2314
관악구 조원동,49820,39388,10432
관악구 중앙동,10451,9568,883
관악구 청룡동,42522,23181,19341
관악구 청림동,4197,10783,-6586
관악구 행운동,57472,48441,9031
광진구 광장동,8253,10503,-2250
광진구 구의제1동,14326,18136,-3810
광진구 구의제2동,14724,23474,-8750
광진구 구의제3동,21589,12795,8794
광진구 군자동,16973,24660,-7687
광진구 능동,13454,18026,-4572
광진구 자양제1동,4419,5588,-1169
광진구 자양제2동,20690,34768,-14078
광진구 자양제3동,8325,11335,-3010
광진구 자양제4동,31794,29300,2494
광진구 중곡제1동,8701,9762,-1061
광진구 중곡제2동,11846,14890,-3044
광진구 중곡제3동,9802,13620,-3818
광진구 중곡제4동,8674,13647,-4973
광진구 화양동,24591,25490,-899
구로구 가리봉동,13935,12537,1398
구로구 개봉제1동,48544,48697,-153
구로구 개봉제2동,30502,27944,2558
구로구 개봉제3동,6383,16174,-9791
구로구 고척제1동,20613,35590,-14977
구로구 고척제2동,16526,31552,-15026
구로구 구로제1동,10858,16859,-6001
구로구 구로제2동,40510,43691,-3181
구로구 구로제3동,98209,43523,54686
구로구 구로제4동,29100,21637,7463
구로구 구로제5동,45527,35459,10068
구로구 수궁동,35042,35757,-715
구로구 신도림동,44634,33686,10948
구로구 오류제1동,16160,20725,-4565
구로구 오류제2동,17794,19117,-1323
구로구 항동,1551,8146,-6595
금천구 가산동,83590,55140,28450
금천구 독산제1동,56621,74263,-17642
금천구 독산제2동,16547,26985,-10438
금천구 독산제3동,28571,36458,-7887
금천구 독산제4동,19329,14287,5042
금천구 미성동,124,719,-595
금천구 시흥제1동,47578,66951,-19373
금천구 시흥제2동,9795,24476,-14681
금천구 시흥제3동,15714,15172,542
금천구 시흥제4동,8151,12797,-4646
금천구 시흥제5동,20257,29111,-8854
노원구 공릉1동,24386,25483,-1097
노원구 공릉2동,22392,28268,-5876
노원구 상계10동,15524,8351,7173
노원구 상계1동,18919,22024,-3105
노원구 상계2동,27012,23455,3557
노원구 상계3.4동,3523,6155,-2632
노원구 상계5동,18574,17728,846
노원구 상계6.7동,25845,22797,3048
노원구 상계8동,5820,7166,-1346
노원구 상계9동,9546,12346,-2800
노원구 월계1동,57890,38261,19629
노원구 월계2동,11744,21228,-9484
노원구 월계3동,14064,17719,-3655
노원구 중계1동,10587,20154,-9567
노원구 중계2.3동,22910,20315,2595
노원구 중계4동,14379,12471,1908
노원구 중계본동,13170,19344,-6174
노원구 하계1동,23367,20587,2780
노원구 하계2동,16963,13507,3456
도봉구 도봉제1동,15426,15423,3
도봉구 도봉제2동,21394,20197,1197
도봉구 방학제1동,19417,30634,-11217
도봉구 방학제2동,6631,16498,-9867
도봉구 방학제3동,10063,20210,-10147
도봉구 쌍문제1동,11692,24360,-12668
도봉구 쌍문제2동,13302,22524,-9222
도봉구 쌍문제3동,17229,13165,4064
도봉구 쌍문제4동,7566,19375,-11809
도봉구 창제1동,57873,23797,34076
도봉구 창제2동,9954,21275,-11321
도봉구 창제3동,10140,19664,-9524
도봉구 창제4동,32409,26064,6345
도봉구 창제5동,23469,25118,-1649
동대문구 답십리제1동,19192,26201,-7009
동대문구 답십리제2동,25301,28795,-3494
동대문구 면목제5동,183,111,72
동대문구 용신동,72673,59519,13154
동대문구 이문제1동,12963,19106,-6143
동대문구 이문제2동,9668,8759,909
동대문구 장안제1동,51570,39561,12009
동대문구 장안제2동,26936,45107,-18171
동대문구 전농제1동,23230,40918,-17688
동대문구 전농제2동,15362,25102,-9740
동대문구 제기동,39442,33360,6082
동대문구 청량리동,70168,45625,24543
동대문구 회기동,10059,12688,-2629
동대문구 휘경제1동,31560,25556,6004
동대문구 휘경제2동,17445,25435,-7990
동작구 노량진제1동,80390,62889,17501
동작구 노량진제2동,35637,22662,12975
동작구 대방동,55071,62257,-7186
동작구 사당제1동,19699,26411,-6712
동작구 사당제2동,45151,36356,8795
동작구 사당제3동,8302,20216,-11914
동작구 사당제4동,1711,2006,-295
동작구 사당제5동,8869,15071,-6202
동작구 상도제1동,63793,72933,-9140
동작구 상도제2동,26726,36952,-10226
동작구 상도제3동,17583,29787,-12204
동작구 상도제4동,10479,31245,-20766
동작구 신대방제1동,11252,14955,-3703
동작구 신대방제2동,32876,38226,-5350
동작구 흑석동,35944,42554,-6610
마포구 공덕동,20134,25303,-5169
마포구 대흥동,28408,25898,2510
마포구 도화동,14502,15649,-1147
마포구 망원제1동,11657,18109,-6452
마포구 망원제2동,8506,12956,-4450
마포구 상암동,70098,57391,12707
마포구 서강동,11394,20078,-8684
마포구 서교동,137063,112035,25028
마포구 성산제1동,15009,20942,-5933
마포구 성산제2동,23977,37682,-13705
마포구 신수동,5183,8909,-3726
마포구 아현동,24839,28141,-3302
마포구 연남동,9196,11072,-1876
마포구 염리동,4079,6659,-2580
마포구 용강동,17540,22339,-4799
마포구 합정동,21683,24691,-3008
서대문구 남가좌제1동,14008,18056,-4048
서대문구 남가좌제2동,16101,31907,-15806
서대문구 북가좌제1동,5473,12819,-7346
서대문구 북가좌제2동,13736,26154,-12418
서대문구 북아현동,18107,21219,-3112
서대문구 신촌동,114164,84165,29999
서대문구 연희동,57507,80378,-22871
서대문구 천연동,24861,27569,-2708
서대문구 충현동,40536,41896,-1360
서대문구 홍은제1동,17298,28997,-11699
서대문구 홍은제2동,27348,46502,-19154
서대문구 홍제제1동,36601,28656,7945
서대문구 홍제제2동,18336,26180,-7844
서대문구 홍제제3동,19952,18853,1099
서초구 내곡동,17581,17054,527
서초구 반포1동,29410,32822,-3412
서초구 반포2동,10764,12228,-1464
서초구 반포3동,40771,29373,11398
서초구 반포4동,39732,33034,6698
서초구 반포본동,13686,14029,-343
서초구 방배1동,23216,22039,1177
서초구 방배2동,23330,25798,-2468
서초구 방배3동,15685,17854,-2169
서초구 방배4동,19873,23932,-4059
서초구 방배본동,12983,16895,-3912
서초구 서초1동,22571,21894,677
서초구 서초2동,42673,48549,-5876
서초구 서초3동,49728,45208,4520
서초구 서초4동,41897,56377,-14480
서초구 양재1동,80209,84697,-4488
서초구 양재2동,36724,37470,-746
서초구 잠원동,25151,35990,-10839
성동구 금호1가동,8634,14540,-5906
성동구 금호2.3가동,18316,20877,-2561
성동구 금호4가동,8989,14552,-5563
성동구 마장동,12660,14830,-2170
성동구 사근동,10851,8048,2803
성동구 성수1가제1동,11736,10445,1291
성동구 성수1가제2동,8489,6810,1679
성동구 성수2가제1동,7315,9477,-2162
성동구 성수2가제3동,11248,7820,3428
성동구 송정동,5287,6634,-1347
성동구 옥수동,21205,22623,-1418
성동구 왕십리도선동,20894,14836,6058
성동구 왕십리제2동,11512,20373,-8861
성동구 용답동,17641,13154,4487
성동구 응봉동,5490,15468,-9978
성동구 행당제1동,27953,18924,9029
성동구 행당제2동,14650,17037,-2387
성북구 길음제1동,32026,36903,-4877
성북구 길음제2동,24352,25934,-1582
성북구 돈암제1동,33820,27673,6147
성북구 돈암제2동,6297,15354,-9057
성북구 동선동,46138,42364,3774
성북구 보문동,12746,14021,-1275
성북구 삼선동,47104,51192,-4088
성북구 석관동,13595,19432,-5837
성북구 성북동,26673,29331,-2658
성북구 안암동,17686,17080,606
성북구 월곡제1동,22461,31212,-8751
성북구 월곡제2동,18916,13896,5020
성북구 장위제1동,12421,27244,-14823
성북구 장위제2동,19192,17686,1506
성북구 장위제3동,6610,8615,-2005
성북구 정릉제1동,14636,23724,-9088
성북구 정릉제2동,17711,37264,-19553
성북구 정릉제3동,10241,11934,-1693
성북구 정릉제4동,22322,30763,-8441
성북구 종암동,35165,48910,-13745
송파구 가락1동,4664,6278,-1614
송파구 가락2동,19161,25409,-6248
송파구 가락본동,22526,21722,804
송파구 거여1동,4818,7636,-2818
송파구 거여2동,1348,1703,-355
송파구 마천1동,4826,6623,-1797
송파구 마천2동,10228,17428,-7200
송파구 문정1동,6656,12033,-5377
송파구 문정2동,37303,30039,7264
송파구 방이1동,7912,12372,-4460
송파구 방이2동,15742,21282,-5540
송파구 삼전동,14607,26368,-11761
송파구 석촌동,23882,38327,-14445
송파구 송파1동,15540,22534,-6994
송파구 송파2동,6044,7838,-1794
송파구 오금동,23865,26476,-2611
송파구 오륜동,11406,9874,1532
송파구 위례동,11720,24149,-12429
송파구 잠실2동,5009,10839,-5830
송파구 잠실3동,75731,40358,35373
송파구 잠실4동,990,1413,-423
송파구 잠실6동,31253,17601,13652
송파구 잠실7동,14589,8313,6276
송파구 잠실본동,30138,38273,-8135
송파구 장지동,13626,16986,-3360
송파구 풍납1동,6918,5375,1543
송파구 풍납2동,11040,15027,-3987
양천구 목1동,63455,37473,25982
양천구 목2동,35583,35363,220
양천구 목3동,22745,26591,-3846
양천구 목4동,13967,33546,-19579
양천구 목5동,24651,32425,-7774
양천구 신월1동,5925,6938,-1013
양천구 신월2동,7128,16516,-9388
양천구 신월3동,7330,11521,-4191
양천구 신월4동,7801,18382,-10581
양천구 신월5동,6542,15178,-8636
양천구 신월6동,5040,7817,-2777
양천구 신월7동,11493,27135,-15642
양천구 신정1동,10981,14215,-3234
양천구 신정2동,5385,7860,-2475
양천구 신정3동,32220,45193,-12973
양천구 신정4동,41864,28332,13532
양천구 신정6동,5913,8149,-2236
양천구 신정7동,11564,16201,-4637
영등포구 당산제1동,18740,13924,4816
영등포구 당산제2동,48729,34511,14218
영등포구 대림제1동,12279,17024,-4745
영등포구 대림제2동,8891,9218,-327
영등포구 대림제3동,15836,21029,-5193
영등포구 도림동,8529,20395,-11866
영등포구 문래동,27126,25379,1747
영등포구 신길제1동,8453,13433,-4980
영등포구 신길제3동,11388,22132,-10744
영등포구 신길제4동,4096,7868,-3772
영등포구 신길제5동,14486,14890,-404
영등포구 신길제6동,14866,25911,-11045
영등포구 신길제7동,13124,19982,-6858
영등포구 양평제1동,11851,12908,-1057
영등포구 양평제2동,19251,18001,1250
영등포구 여의동,112289,71459,40830
영등포구 영등포동,86208,72712,13496
영등포구 영등포본동,26904,25132,1772
용산구 남영동,41708,40694,1014
용산구 보광동,8031,12253,-4222
용산구 서빙고동,11066,17162,-6096
용산구 용문동,4935,7250,-2315
용산구 용산2가동,13694,22021,-8327
용산구 원효로제1동,16074,20297,-4223
용산구 원효로제2동,11334,15127,-3793
용산구 이촌제1동,12376,16221,-3845
용산구 이촌제2동,3239,6346,-3107
용산구 이태원제1동,17764,23520,-5756
용산구 이태원제2동,8708,13873,-5165
용산구 청파동,15604,23213,-7609
용산구 필동,5406,1960,3446
용산구 한강로동,61271,49595,11676
용산구 한남동,59379,57061,2318
용산구 효창동,6490,12105,-5615
용산구 후암동,10363,17745,-7382
은평구 갈현제1동,8627,19068,-10441
은평구 갈현제2동,24984,27143,-2159
은평구 구산동,11827,17216,-5389
은평구 녹번동,41217,29889,11328
은평구 대조동,45521,40330,5191
은평구 불광제1동,42804,32853,9951
은평구 불광제2동,18086,29357,-11271
은평구 수색동,8587,12827,-4240
은평구 신사제1동,20786,25237,-4451
은평구 신사제2동,22686,22686,0
은평구 역촌동,26283,28720,-2437
은평구 응암제1동,19362,36577,-17215
은평구 응암제2동,7386,18071,-10685
은평구 응암제3동,14439,23985,-9546
은평구 증산동,29303,20126,9177
은평구 진관동,40229,50228,-9999
종로구 가회동,3277,4371,-1094
종로구 교남동,10025,8518,1507
종로구 무악동,5808,7324,-1516
종로구 부암동,15096,19128,-4032
종로구 사직동,63147,39960,23187
종로구 삼청동,8869,5494,3375
종로구 숭인제1동,1857,3914,-2057
종로구 숭인제2동,15574,13059,2515
종로구 이화동,24007,24125,-118
종로구 종로1.2.3.4가동,164086,87280,76806
종로구 종로5.6가동,28807,14293,14514
종로구 창신제1동,22337,14117,8220
종로구 창신제2동,4939,10810,-5871
종로구 창신제3동,2953,5898,-2945
종로구 청운효자동,11424,13621,-2197
종로구 충현동,3169,2195,974
종로구 평창동,14156,20318,-6162
종로구 혜화동,34952,36167,-1215
중구 광희동,30301,25909,4392
중구 다산동,7585,10771,-3186
중구 동화동,1964,3314,-1350
중구 명동,54581,32222,22359
중구 소공동,81919,32826,49093
중구 신당동,6488,9535,-3047
중구 신당제5동,18488,11915,6573
중구 약수동,8109,9510,-1401
중구 을지로동,10139,5315,4824
중구 장충동,9663,6164,3499
중구 중림동,13956,9757,4199
중구 청구동,7836,7482,354
중구 필동,8087,5013,3074
중구 황학동,7449,9422,-1973
중구 회현동,67520,49583,17937
중랑구 망우본동,28950,31977,-3027
중랑구 망우제3동,7575,13258,-5683
중랑구 면목본동,39714,36128,3586
중랑구 면목제2동,8084,14498,-6414
중랑구 면목제3.8동,27149,31028,-3879
중랑구 면목제4동,11174,13710,-2536
중랑구 면목제5동,8600,12240,-3640
중랑구 면목제7동,6255,11591,-5336
중랑구 묵제1동,18009,20373,-2364
중랑구 묵제2동,4601,5700,-1099
중랑구 상봉제1동,13919,16519,-2600
중랑구 상봉제2동,39655,37095,2560
중랑구 신내1동,19395,43307,-23912
중랑구 신내2동,28794,24590,4204
중랑구 중화제1동,8785,15017,-6232
중랑구 중화제2동,24544,23695,849
NA,482603,681129,-198526
