dong,insum,outsum,diff
강남구 개포1동,1361,1119,242
강남구 개포2동,19624,13690,5934
강남구 개포4동,11741,8683,3058
강남구 논현1동,32615,35460,-2845
강남구 논현2동,18257,29042,-10785
강남구 대치1동,14641,20341,-5700
강남구 대치2동,25494,37867,-12373
강남구 대치4동,24349,25720,-1371
강남구 도곡1동,20099,21050,-951
강남구 도곡2동,7013,7113,-100
강남구 삼성1동,31866,39311,-7445
강남구 삼성2동,17057,22141,-5084
강남구 세곡동,30166,15654,14512
강남구 수서동,16997,22269,-5272
강남구 신사동,16614,23558,-6944
강남구 압구정동,28231,41043,-12812
강남구 역삼1동,61785,68654,-6869
강남구 역삼2동,22758,24939,-2181
강남구 일원1동,9676,9183,493
강남구 일원2동,3725,2678,1047
강남구 일원본동,17733,11047,6686
강남구 청담동,28255,35027,-6772
강동구 강일동,17572,8625,8947
강동구 고덕제1동,8132,5620,2512
강동구 고덕제2동,8320,11783,-3463
강동구 길동,13734,11801,1933
강동구 둔촌제1동,278,456,-178
강동구 둔촌제2동,8191,8265,-74
강동구 명일제1동,13687,14392,-705
강동구 명일제2동,10574,8984,1590
강동구 상일동,12066,10754,1312
강동구 성내제1동,8224,6565,1659
강동구 성내제2동,7298,9534,-2236
강동구 성내제3동,10213,12415,-2202
강동구 암사제1동,11744,6022,5722
강동구 암사제2동,2794,6238,-3444
강동구 암사제3동,2415,817,1598
강동구 천호제1동,5585,4436,1149
강동구 천호제2동,12681,19668,-6987
강동구 천호제3동,7150,8626,-1476
강북구 미아동,16185,17320,-1135
강북구 번1동,28112,31013,-2901
강북구 번2동,11254,8574,2680
강북구 번3동,22144,11646,10498
강북구 삼각산동,7431,4933,2498
강북구 삼양동,17598,11471,6127
강북구 송중동,41772,42919,-1147
강북구 송천동,31990,29983,2007
강북구 수유1동,22275,17276,4999
강북구 수유2동,15543,9563,5980
강북구 수유3동,28966,46197,-17231
강북구 우이동,17322,13133,4189
강북구 월곡제1동,2200,2482,-282
강북구 인수동,16578,11583,4995
강서구 가양제1동,12413,12475,-62
강서구 가양제2동,4087,2782,1305
강서구 가양제3동,4404,2677,1727
강서구 공항동,13344,11325,2019
강서구 등촌제1동,14993,19808,-4815
강서구 등촌제2동,9898,5723,4175
강서구 등촌제3동,16884,22003,-5119
강서구 발산제1동,24970,21340,3630
강서구 방화제1동,11736,12814,-1078
강서구 방화제2동,9054,10486,-1432
강서구 방화제3동,2826,1956,870
강서구 염창동,11647,7925,3722
강서구 우장산동,17628,17838,-210
강서구 화곡본동,11794,8086,3708
강서구 화곡제1동,31980,32861,-881
강서구 화곡제2동,10714,5926,4788
강서구 화곡제3동,8417,10483,-2066
강서구 화곡제4동,9193,7317,1876
강서구 화곡제6동,22380,16069,6311
강서구 화곡제8동,12232,12564,-332
관악구 낙성대동,29465,39496,-10031
관악구 난곡동,21293,9303,11990
관악구 난향동,10983,4951,6032
관악구 남현동,14081,12396,1685
관악구 대학동,30208,49953,-19745
관악구 미성동,27092,19622,7470
관악구 보라매동,18143,18360,-217
관악구 삼성동,22196,17665,4531
관악구 서림동,26819,9381,17438
관악구 서원동,30917,50995,-20078
관악구 성현동,21696,11035,10661
관악구 신림동,30685,45296,-14611
관악구 신사동,13327,10610,2717
관악구 신원동,5507,4590,917
관악구 은천동,21894,20150,1744
관악구 인헌동,10666,9053,1613
관악구 조원동,21139,41828,-20689
관악구 중앙동,6297,5009,1288
관악구 청룡동,29376,24777,4599
관악구 청림동,7193,3180,4013
관악구 행운동,30805,29787,1018
광진구 광장동,7135,6029,1106
광진구 구의제1동,11318,10027,1291
광진구 구의제2동,13647,11156,2491
광진구 구의제3동,7749,12427,-4678
광진구 군자동,14132,12399,1733
광진구 능동,8394,8788,-394
광진구 자양제1동,4166,3235,931
광진구 자양제2동,20599,13777,6822
광진구 자양제3동,5639,4873,766
광진구 자양제4동,16146,16882,-736
광진구 중곡제1동,7259,5646,1613
광진구 중곡제2동,11445,10679,766
광진구 중곡제3동,9453,5042,4411
광진구 중곡제4동,7386,5241,2145
광진구 화양동,10958,15002,-4044
구로구 가리봉동,9255,11989,-2734
구로구 개봉제1동,29923,28344,1579
구로구 개봉제2동,18076,17572,504
구로구 개봉제3동,9297,5807,3490
구로구 고척제1동,21196,17078,4118
구로구 고척제2동,22133,13346,8787
구로구 구로제1동,11854,8774,3080
구로구 구로제2동,34252,35548,-1296
구로구 구로제3동,28554,46779,-18225
구로구 구로제4동,22427,22851,-424
구로구 구로제5동,23516,31937,-8421
구로구 수궁동,22888,21957,931
구로구 신도림동,21202,33302,-12100
구로구 오류제1동,13192,10905,2287
구로구 오류제2동,12835,11356,1479
구로구 항동,3537,1293,2244
금천구 가산동,31085,43132,-12047
금천구 독산제1동,31715,33574,-1859
금천구 독산제2동,19777,11822,7955
금천구 독산제3동,24838,17949,6889
금천구 독산제4동,15304,9202,6102
금천구 미성동,188,167,21
금천구 시흥제1동,28787,35089,-6302
금천구 시흥제2동,14146,8405,5741
금천구 시흥제3동,9940,8342,1598
금천구 시흥제4동,13118,4944,8174
금천구 시흥제5동,23325,12199,11126
노원구 공릉1동,16970,16606,364
노원구 공릉2동,19151,20892,-1741
노원구 상계10동,7292,7127,165
노원구 상계1동,14354,11938,2416
노원구 상계2동,10932,23945,-13013
노원구 상계3.4동,4067,3239,828
노원구 상계5동,11675,10512,1163
노원구 상계6.7동,20467,25569,-5102
노원구 상계8동,7430,3993,3437
노원구 상계9동,8056,5678,2378
노원구 월계1동,28716,31062,-2346
노원구 월계2동,16317,8516,7801
노원구 월계3동,11066,10565,501
노원구 중계1동,11232,7742,3490
노원구 중계2.3동,13966,17004,-3038
노원구 중계4동,7162,9419,-2257
노원구 중계본동,13065,8099,4966
노원구 하계1동,20218,17116,3102
노원구 하계2동,10588,11205,-617
도봉구 도봉제1동,15714,10690,5024
도봉구 도봉제2동,11355,14045,-2690
도봉구 방학제1동,17810,16199,1611
도봉구 방학제2동,8617,6073,2544
도봉구 방학제3동,17142,6902,10240
도봉구 쌍문제1동,14480,9436,5044
도봉구 쌍문제2동,17541,15831,1710
도봉구 쌍문제3동,12298,19703,-7405
도봉구 쌍문제4동,12852,5329,7523
도봉구 창제1동,18065,22054,-3989
도봉구 창제2동,10453,7677,2776
도봉구 창제3동,12677,7179,5498
도봉구 창제4동,18172,22146,-3974
도봉구 창제5동,12454,14950,-2496
동대문구 답십리제1동,15931,15184,747
동대문구 답십리제2동,18968,13016,5952
동대문구 면목제5동,575,144,431
동대문구 용신동,44910,52022,-7112
동대문구 이문제1동,10699,12153,-1454
동대문구 이문제2동,5763,4809,954
동대문구 장안제1동,25372,28141,-2769
동대문구 장안제2동,21043,16422,4621
동대문구 전농제1동,22681,25039,-2358
동대문구 전농제2동,19712,11008,8704
동대문구 제기동,34286,38894,-4608
동대문구 청량리동,30805,41003,-10198
동대문구 회기동,13359,17798,-4439
동대문구 휘경제1동,29383,25860,3523
동대문구 휘경제2동,15722,11767,3955
동작구 노량진제1동,34361,50876,-16515
동작구 노량진제2동,20625,18017,2608
동작구 대방동,47178,36237,10941
동작구 사당제1동,11223,12997,-1774
동작구 사당제2동,18534,17457,1077
동작구 사당제3동,11551,6304,5247
동작구 사당제4동,2235,2320,-85
동작구 사당제5동,10679,6290,4389
동작구 상도제1동,47025,45920,1105
동작구 상도제2동,22180,20807,1373
동작구 상도제3동,17685,12373,5312
동작구 상도제4동,17250,7783,9467
동작구 신대방제1동,10872,12966,-2094
동작구 신대방제2동,28674,24103,4571
동작구 흑석동,30844,24687,6157
마포구 공덕동,17261,12960,4301
마포구 대흥동,20238,23641,-3403
마포구 도화동,6378,6972,-594
마포구 망원제1동,12663,7303,5360
마포구 망원제2동,7580,5329,2251
마포구 상암동,39646,46283,-6637
마포구 서강동,11519,8691,2828
마포구 서교동,54733,92201,-37468
마포구 성산제1동,14624,13144,1480
마포구 성산제2동,26259,17470,8789
마포구 신수동,6283,4541,1742
마포구 아현동,22458,18522,3936
마포구 연남동,13118,11880,1238
마포구 염리동,4174,3370,804
마포구 용강동,15573,12246,3327
마포구 합정동,10358,18364,-8006
서대문구 남가좌제1동,14006,9368,4638
서대문구 남가좌제2동,21176,12685,8491
서대문구 북가좌제1동,6565,6675,-110
서대문구 북가좌제2동,20976,10833,10143
서대문구 북아현동,11096,11177,-81
서대문구 신촌동,59019,86372,-27353
서대문구 연희동,46887,41855,5032
서대문구 천연동,27818,24885,2933
서대문구 충현동,26388,29846,-3458
서대문구 홍은제1동,19794,13226,6568
서대문구 홍은제2동,35380,21819,13561
서대문구 홍제제1동,27867,31922,-4055
서대문구 홍제제2동,12205,8793,3412
서대문구 홍제제3동,15587,14386,1201
서초구 내곡동,12010,11765,245
서초구 반포1동,27003,18628,8375
서초구 반포2동,6605,6455,150
서초구 반포3동,14958,18022,-3064
서초구 반포4동,24376,37562,-13186
서초구 반포본동,11783,10825,958
서초구 방배1동,16116,14518,1598
서초구 방배2동,17694,18836,-1142
서초구 방배3동,19168,14450,4718
서초구 방배4동,19474,20448,-974
서초구 방배본동,13268,11021,2247
서초구 서초1동,15315,17502,-2187
서초구 서초2동,25714,39528,-13814
서초구 서초3동,35243,41581,-6338
서초구 서초4동,26345,31635,-5290
서초구 양재1동,61416,56154,5262
서초구 양재2동,26122,26880,-758
서초구 잠원동,18101,18770,-669
성동구 금호1가동,9676,6127,3549
성동구 금호2.3가동,13705,13779,-74
성동구 금호4가동,9295,5649,3646
성동구 마장동,9790,10983,-1193
성동구 사근동,6301,6516,-215
성동구 성수1가제1동,6800,6615,185
성동구 성수1가제2동,4087,6246,-2159
성동구 성수2가제1동,7108,4999,2109
성동구 성수2가제3동,5684,7211,-1527
성동구 송정동,7046,3518,3528
성동구 옥수동,14127,13736,391
성동구 왕십리도선동,10978,10722,256
성동구 왕십리제2동,10438,9793,645
성동구 용답동,8431,8625,-194
성동구 응봉동,9294,4600,4694
성동구 행당제1동,10598,18514,-7916
성동구 행당제2동,11922,8626,3296
성북구 길음제1동,25217,22642,2575
성북구 길음제2동,11132,21594,-10462
성북구 돈암제1동,21525,15437,6088
성북구 돈암제2동,11353,4804,6549
성북구 동선동,20684,29672,-8988
성북구 보문동,11990,8017,3973
성북구 삼선동,32628,31125,1503
성북구 석관동,10905,9639,1266
성북구 성북동,25838,26331,-493
성북구 안암동,15308,18656,-3348
성북구 월곡제1동,17693,15774,1919
성북구 월곡제2동,9196,9708,-512
성북구 장위제1동,14877,9437,5440
성북구 장위제2동,12089,10077,2012
성북구 장위제3동,5765,4574,1191
성북구 정릉제1동,14900,12126,2774
성북구 정릉제2동,23973,13524,10449
성북구 정릉제3동,8943,12626,-3683
성북구 정릉제4동,23726,16991,6735
성북구 종암동,34740,24390,10350
송파구 가락1동,4344,3448,896
송파구 가락2동,19015,14369,4646
송파구 가락본동,15926,16437,-511
송파구 거여1동,5083,3862,1221
송파구 거여2동,1348,865,483
송파구 마천1동,7163,4343,2820
송파구 마천2동,12307,8088,4219
송파구 문정1동,6416,5920,496
송파구 문정2동,13292,24519,-11227
송파구 방이1동,8609,5276,3333
송파구 방이2동,13018,16795,-3777
송파구 삼전동,16390,9665,6725
송파구 석촌동,19234,18923,311
송파구 송파1동,13252,14158,-906
송파구 송파2동,6986,4581,2405
송파구 오금동,19010,15956,3054
송파구 오륜동,7025,6950,75
송파구 위례동,13101,7623,5478
송파구 잠실2동,4476,9087,-4611
송파구 잠실3동,23378,38508,-15130
송파구 잠실4동,1146,1060,86
송파구 잠실6동,8640,21241,-12601
송파구 잠실7동,7133,6423,710
송파구 잠실본동,21355,17507,3848
송파구 장지동,14226,7250,6976
송파구 풍납1동,6031,3873,2158
송파구 풍납2동,11390,10788,602
양천구 목1동,20433,34447,-14014
양천구 목2동,20611,16998,3613
양천구 목3동,21052,18852,2200
양천구 목4동,18231,9487,8744
양천구 목5동,22729,19168,3561
양천구 신월1동,8537,3346,5191
양천구 신월2동,10244,6653,3591
양천구 신월3동,7837,4901,2936
양천구 신월4동,8810,5732,3078
양천구 신월5동,8569,5973,2596
양천구 신월6동,6466,3891,2575
양천구 신월7동,14922,9574,5348
양천구 신정1동,9381,12719,-3338
양천구 신정2동,7203,4526,2677
양천구 신정3동,34772,20230,14542
양천구 신정4동,18856,25205,-6349
양천구 신정6동,6645,4800,1845
양천구 신정7동,10233,8335,1898
영등포구 당산제1동,10822,13846,-3024
영등포구 당산제2동,21860,27516,-5656
영등포구 대림제1동,14492,11174,3318
영등포구 대림제2동,4871,6997,-2126
영등포구 대림제3동,15048,13743,1305
영등포구 도림동,13000,8067,4933
영등포구 문래동,14559,20562,-6003
영등포구 신길제1동,11970,7626,4344
영등포구 신길제3동,16423,10609,5814
영등포구 신길제4동,7113,3658,3455
영등포구 신길제5동,10057,9256,801
영등포구 신길제6동,13134,9599,3535
영등포구 신길제7동,12703,8958,3745
영등포구 양평제1동,8307,8088,219
영등포구 양평제2동,14397,11569,2828
영등포구 여의동,46333,74415,-28082
영등포구 영등포동,36967,62964,-25997
영등포구 영등포본동,15172,20086,-4914
용산구 남영동,29001,32431,-3430
용산구 보광동,11251,4903,6348
용산구 서빙고동,13238,9650,3588
용산구 용문동,4764,3312,1452
용산구 용산2가동,13285,10434,2851
용산구 원효로제1동,12688,12485,203
용산구 원효로제2동,10222,6108,4114
용산구 이촌제1동,12314,10652,1662
용산구 이촌제2동,5454,2406,3048
용산구 이태원제1동,11461,12268,-807
용산구 이태원제2동,8621,5512,3109
용산구 청파동,16916,14759,2157
용산구 필동,579,1079,-500
용산구 한강로동,28782,42386,-13604
용산구 한남동,39457,40095,-638
용산구 효창동,8756,5252,3504
용산구 후암동,11815,8578,3237
은평구 갈현제1동,13772,8356,5416
은평구 갈현제2동,15653,10661,4992
은평구 구산동,19869,6260,13609
은평구 녹번동,21579,17691,3888
은평구 대조동,26294,41670,-15376
은평구 불광제1동,22473,17153,5320
은평구 불광제2동,19663,19126,537
은평구 수색동,8881,8131,750
은평구 신사제1동,15952,15908,44
은평구 신사제2동,17531,14134,3397
은평구 역촌동,24587,15217,9370
은평구 응암제1동,22371,31001,-8630
은평구 응암제2동,11520,5867,5653
은평구 응암제3동,15971,13053,2918
은평구 증산동,14879,15128,-249
은평구 진관동,36302,34106,2196
종로구 가회동,5102,5635,-533
종로구 교남동,7168,4223,2945
종로구 무악동,3679,2766,913
종로구 부암동,14605,12821,1784
종로구 사직동,33427,51199,-17772
종로구 삼청동,3610,8695,-5085
종로구 숭인제1동,1445,1124,321
종로구 숭인제2동,10990,15904,-4914
종로구 이화동,13791,18154,-4363
종로구 종로1.2.3.4가동,73500,141228,-67728
종로구 종로5.6가동,14871,25798,-10927
종로구 창신제1동,12420,10756,1664
종로구 창신제2동,7027,12548,-5521
종로구 창신제3동,4097,3595,502
종로구 청운효자동,11545,11397,148
종로구 충현동,2799,1154,1645
종로구 평창동,17115,13224,3891
종로구 혜화동,23682,30593,-6911
중구 광희동,14674,25590,-10916
중구 다산동,8046,6422,1624
중구 동화동,1677,1568,109
중구 명동,25366,39351,-13985
중구 소공동,26988,55767,-28779
중구 신당동,9063,8064,999
중구 신당제5동,7978,9633,-1655
중구 약수동,5887,4459,1428
중구 을지로동,4300,9287,-4987
중구 장충동,4471,6558,-2087
중구 중림동,6565,6063,502
중구 청구동,4245,3121,1124
중구 필동,4665,5126,-461
중구 황학동,8122,6801,1321
중구 회현동,35658,53976,-18318
중랑구 망우본동,24558,19445,5113
중랑구 망우제3동,8234,4663,3571
중랑구 면목본동,18887,21244,-2357
중랑구 면목제2동,8494,5968,2526
중랑구 면목제3.8동,17117,15745,1372
중랑구 면목제4동,8716,6064,2652
중랑구 면목제5동,7195,4022,3173
중랑구 면목제7동,5915,5553,362
중랑구 묵제1동,12822,13014,-192
중랑구 묵제2동,5659,3413,2246
중랑구 상봉제1동,10882,10072,810
중랑구 상봉제2동,15850,19888,-4038
중랑구 신내1동,22954,14952,8002
중랑구 신내2동,18272,15351,2921
중랑구 중화제1동,6585,8019,-1434
중랑구 중화제2동,16581,14549,2032
NA,421460,355559,65901
