dong,insum,outsum,diff
강남구 개포1동,1410,1245,165
강남구 개포2동,20014,14721,5293
강남구 개포4동,11894,7152,4742
강남구 논현1동,28200,27796,404
강남구 논현2동,17443,20217,-2774
강남구 대치1동,22887,26696,-3809
강남구 대치2동,31466,34130,-2664
강남구 대치4동,30301,28740,1561
강남구 도곡1동,20704,18635,2069
강남구 도곡2동,6818,7157,-339
강남구 삼성1동,31397,33448,-2051
강남구 삼성2동,16788,15329,1459
강남구 세곡동,28073,18054,10019
강남구 수서동,18441,20416,-1975
강남구 신사동,19539,22767,-3228
강남구 압구정동,32664,35002,-2338
강남구 역삼1동,67121,59518,7603
강남구 역삼2동,25546,21619,3927
강남구 일원1동,9687,9044,643
강남구 일원2동,4080,3185,895
강남구 일원본동,16196,10499,5697
강남구 청담동,27517,25597,1920
강동구 강일동,15947,10371,5576
강동구 고덕제1동,7487,6159,1328
강동구 고덕제2동,7424,10306,-2882
강동구 길동,14508,10553,3955
강동구 둔촌제1동,204,296,-92
강동구 둔촌제2동,9457,8580,877
강동구 명일제1동,15771,14403,1368
강동구 명일제2동,11755,9557,2198
강동구 상일동,12422,11106,1316
강동구 성내제1동,9065,6822,2243
강동구 성내제2동,7479,9996,-2517
강동구 성내제3동,11729,10668,1061
강동구 암사제1동,10987,7430,3557
강동구 암사제2동,2910,5622,-2712
강동구 암사제3동,2388,974,1414
강동구 천호제1동,5596,5648,-52
강동구 천호제2동,15021,19722,-4701
강동구 천호제3동,7816,9265,-1449
강북구 미아동,19149,17584,1565
강북구 번1동,32373,33709,-1336
강북구 번2동,11609,9947,1662
강북구 번3동,22171,14863,7308
강북구 삼각산동,7283,6231,1052
강북구 삼양동,17934,13219,4715
강북구 송중동,49999,47829,2170
강북구 송천동,31662,31736,-74
강북구 수유1동,23976,17698,6278
강북구 수유2동,15256,10657,4599
강북구 수유3동,32891,44666,-11775
강북구 우이동,19456,15493,3963
강북구 월곡제1동,2568,2346,222
강북구 인수동,17607,13759,3848
강서구 가양제1동,15627,13497,2130
강서구 가양제2동,4340,2919,1421
강서구 가양제3동,3998,2623,1375
강서구 공항동,13168,13302,-134
강서구 등촌제1동,16928,20036,-3108
강서구 등촌제2동,9707,6987,2720
강서구 등촌제3동,20495,25245,-4750
강서구 발산제1동,26891,24295,2596
강서구 방화제1동,12895,12892,3
강서구 방화제2동,9985,11277,-1292
강서구 방화제3동,2993,2260,733
강서구 염창동,12600,9500,3100
강서구 우장산동,20392,18571,1821
강서구 화곡본동,11664,8503,3161
강서구 화곡제1동,32175,33543,-1368
강서구 화곡제2동,10342,6320,4022
강서구 화곡제3동,9945,10928,-983
강서구 화곡제4동,9700,7580,2120
강서구 화곡제6동,22813,15695,7118
강서구 화곡제8동,13684,13377,307
관악구 낙성대동,28774,44343,-15569
관악구 난곡동,20308,10841,9467
관악구 난향동,10868,6405,4463
관악구 남현동,12274,12019,255
관악구 대학동,40514,35464,5050
관악구 미성동,27081,21176,5905
관악구 보라매동,19314,18199,1115
관악구 삼성동,22317,20527,1790
관악구 서림동,25918,12096,13822
관악구 서원동,35844,50071,-14227
관악구 성현동,20543,13905,6638
관악구 신림동,35461,44591,-9130
관악구 신사동,12550,10818,1732
관악구 신원동,5742,5159,583
관악구 은천동,22019,21640,379
관악구 인헌동,10012,9055,957
관악구 조원동,21060,36150,-15090
관악구 중앙동,7437,5365,2072
관악구 청룡동,28220,22197,6023
관악구 청림동,6113,4395,1718
관악구 행운동,34244,30332,3912
광진구 광장동,8058,6447,1611
광진구 구의제1동,11464,10248,1216
광진구 구의제2동,13761,11876,1885
광진구 구의제3동,9435,12575,-3140
광진구 군자동,15032,13156,1876
광진구 능동,9085,9514,-429
광진구 자양제1동,4403,3669,734
광진구 자양제2동,19571,15543,4028
광진구 자양제3동,6158,5995,163
광진구 자양제4동,15957,17666,-1709
광진구 중곡제1동,7115,5265,1850
광진구 중곡제2동,11001,9721,1280
광진구 중곡제3동,9665,5612,4053
광진구 중곡제4동,7640,6381,1259
광진구 화양동,12033,16490,-4457
구로구 가리봉동,9487,11371,-1884
구로구 개봉제1동,32120,31077,1043
구로구 개봉제2동,18733,18204,529
구로구 개봉제3동,8863,6454,2409
구로구 고척제1동,23031,18517,4514
구로구 고척제2동,22926,14880,8046
구로구 구로제1동,10595,8955,1640
구로구 구로제2동,36045,32798,3247
구로구 구로제3동,31644,37871,-6227
구로구 구로제4동,23742,20281,3461
구로구 구로제5동,25423,30628,-5205
구로구 수궁동,24104,22474,1630
구로구 신도림동,25658,33950,-8292
구로구 오류제1동,14416,12213,2203
구로구 오류제2동,12451,12260,191
구로구 항동,3518,1866,1652
금천구 가산동,32483,38139,-5656
금천구 독산제1동,34302,36423,-2121
금천구 독산제2동,17557,13222,4335
금천구 독산제3동,24317,17410,6907
금천구 독산제4동,14941,9512,5429
금천구 미성동,148,268,-120
금천구 시흥제1동,33482,37459,-3977
금천구 시흥제2동,14080,11966,2114
금천구 시흥제3동,9106,8052,1054
금천구 시흥제4동,12336,5556,6780
금천구 시흥제5동,23950,13867,10083
노원구 공릉1동,18387,17937,450
노원구 공릉2동,21502,20440,1062
노원구 상계10동,8514,7172,1342
노원구 상계1동,15457,13384,2073
노원구 상계2동,15373,25463,-10090
노원구 상계3.4동,4399,3599,800
노원구 상계5동,12473,11133,1340
노원구 상계6.7동,23634,22912,722
노원구 상계8동,7818,4332,3486
노원구 상계9동,8334,6118,2216
노원구 월계1동,32255,31519,736
노원구 월계2동,14423,10510,3913
노원구 월계3동,12632,13038,-406
노원구 중계1동,11913,11955,-42
노원구 중계2.3동,17150,19430,-2280
노원구 중계4동,9203,10401,-1198
노원구 중계본동,14859,9736,5123
노원구 하계1동,20407,17805,2602
노원구 하계2동,11241,12278,-1037
도봉구 도봉제1동,15946,10747,5199
도봉구 도봉제2동,11587,14364,-2777
도봉구 방학제1동,19062,16871,2191
도봉구 방학제2동,8462,7445,1017
도봉구 방학제3동,16210,8891,7319
도봉구 쌍문제1동,14177,11285,2892
도봉구 쌍문제2동,17907,15552,2355
도봉구 쌍문제3동,11901,16788,-4887
도봉구 쌍문제4동,11178,7615,3563
도봉구 창제1동,20562,21982,-1420
도봉구 창제2동,10494,9557,937
도봉구 창제3동,12271,8600,3671
도봉구 창제4동,21032,22740,-1708
도봉구 창제5동,15076,14870,206
동대문구 답십리제1동,16699,16170,529
동대문구 답십리제2동,18807,13894,4913
동대문구 면목제5동,611,197,414
동대문구 용신동,52714,53461,-747
동대문구 이문제1동,13350,12938,412
동대문구 이문제2동,5763,5010,753
동대문구 장안제1동,25322,26250,-928
동대문구 장안제2동,21516,18404,3112
동대문구 전농제1동,22699,25469,-2770
동대문구 전농제2동,18581,11648,6933
동대문구 제기동,40230,36779,3451
동대문구 청량리동,37374,43972,-6598
동대문구 회기동,14134,13973,161
동대문구 휘경제1동,27610,24839,2771
동대문구 휘경제2동,15767,12375,3392
동작구 노량진제1동,41461,54241,-12780
동작구 노량진제2동,22815,18643,4172
동작구 대방동,46723,38236,8487
동작구 사당제1동,11725,13324,-1599
동작구 사당제2동,22859,19314,3545
동작구 사당제3동,11015,8166,2849
동작구 사당제4동,2574,2108,466
동작구 사당제5동,9790,6838,2952
동작구 상도제1동,49823,44559,5264
동작구 상도제2동,24391,22421,1970
동작구 상도제3동,17845,13910,3935
동작구 상도제4동,16292,10318,5974
동작구 신대방제1동,11121,9886,1235
동작구 신대방제2동,29443,22335,7108
동작구 흑석동,32295,26209,6086
마포구 공덕동,17048,14058,2990
마포구 대흥동,25288,23456,1832
마포구 도화동,7533,7870,-337
마포구 망원제1동,12987,9456,3531
마포구 망원제2동,7520,6141,1379
마포구 상암동,38471,38957,-486
마포구 서강동,11382,10928,454
마포구 서교동,73948,106189,-32241
마포구 성산제1동,17514,11721,5793
마포구 성산제2동,26983,20712,6271
마포구 신수동,6305,4893,1412
마포구 아현동,23036,18666,4370
마포구 연남동,12556,11606,950
마포구 염리동,5303,4845,458
마포구 용강동,16405,12604,3801
마포구 합정동,12765,19097,-6332
서대문구 남가좌제1동,14784,10478,4306
서대문구 남가좌제2동,22215,15881,6334
서대문구 북가좌제1동,6439,7014,-575
서대문구 북가좌제2동,19499,12973,6526
서대문구 북아현동,13105,12894,211
서대문구 신촌동,72571,80629,-8058
서대문구 연희동,52721,48745,3976
서대문구 천연동,28417,23460,4957
서대문구 충현동,28032,28499,-467
서대문구 홍은제1동,20703,15380,5323
서대문구 홍은제2동,36370,25467,10903
서대문구 홍제제1동,29543,31587,-2044
서대문구 홍제제2동,13836,11244,2592
서대문구 홍제제3동,18460,15418,3042
서초구 내곡동,12215,11735,480
서초구 반포1동,23272,18892,4380
서초구 반포2동,7030,7212,-182
서초구 반포3동,21817,24316,-2499
서초구 반포4동,30219,36599,-6380
서초구 반포본동,12586,11643,943
서초구 방배1동,16022,14799,1223
서초구 방배2동,16988,19006,-2018
서초구 방배3동,17735,12571,5164
서초구 방배4동,20039,19500,539
서초구 방배본동,14268,10603,3665
서초구 서초1동,16061,15437,624
서초구 서초2동,26976,30367,-3391
서초구 서초3동,38605,37258,1347
서초구 서초4동,28179,33185,-5006
서초구 양재1동,56647,49975,6672
서초구 양재2동,27177,22197,4980
서초구 잠원동,18959,20636,-1677
성동구 금호1가동,9227,7402,1825
성동구 금호2.3가동,15228,14076,1152
성동구 금호4가동,8224,6180,2044
성동구 마장동,11153,10783,370
성동구 사근동,7340,6593,747
성동구 성수1가제1동,7206,6654,552
성동구 성수1가제2동,4281,5905,-1624
성동구 성수2가제1동,7018,5144,1874
성동구 성수2가제3동,5477,6212,-735
성동구 송정동,5623,3042,2581
성동구 옥수동,14840,14714,126
성동구 왕십리도선동,12021,10678,1343
성동구 왕십리제2동,10505,10816,-311
성동구 용답동,9033,8304,729
성동구 응봉동,7982,6001,1981
성동구 행당제1동,14028,19364,-5336
성동구 행당제2동,12635,10124,2511
성북구 길음제1동,25352,25235,117
성북구 길음제2동,15063,24346,-9283
성북구 돈암제1동,20281,16510,3771
성북구 돈암제2동,11224,6496,4728
성북구 동선동,26094,32593,-6499
성북구 보문동,11035,8813,2222
성북구 삼선동,37496,35519,1977
성북구 석관동,11562,11176,386
성북구 성북동,28014,27129,885
성북구 안암동,16234,15531,703
성북구 월곡제1동,19627,17541,2086
성북구 월곡제2동,11087,11122,-35
성북구 장위제1동,14235,11731,2504
성북구 장위제2동,12942,10645,2297
성북구 장위제3동,5993,4788,1205
성북구 정릉제1동,15896,14459,1437
성북구 정릉제2동,22722,16769,5953
성북구 정릉제3동,10219,10871,-652
성북구 정릉제4동,23590,18445,5145
성북구 종암동,33724,26043,7681
송파구 가락1동,4324,3742,582
송파구 가락2동,18882,14662,4220
송파구 가락본동,16394,15184,1210
송파구 거여1동,4956,3530,1426
송파구 거여2동,1592,840,752
송파구 마천1동,7154,4008,3146
송파구 마천2동,12301,9106,3195
송파구 문정1동,6300,5671,629
송파구 문정2동,15767,23914,-8147
송파구 방이1동,8518,6177,2341
송파구 방이2동,13364,16028,-2664
송파구 삼전동,16049,10130,5919
송파구 석촌동,18936,18468,468
송파구 송파1동,13371,14222,-851
송파구 송파2동,6779,4512,2267
송파구 오금동,18635,15421,3214
송파구 오륜동,7362,7609,-247
송파구 위례동,12389,8850,3539
송파구 잠실2동,5016,8664,-3648
송파구 잠실3동,29063,43432,-14369
송파구 잠실4동,1089,1030,59
송파구 잠실6동,11666,22457,-10791
송파구 잠실7동,5938,5769,169
송파구 잠실본동,24217,18932,5285
송파구 장지동,14003,8535,5468
송파구 풍납1동,5715,3728,1987
송파구 풍납2동,10654,9992,662
양천구 목1동,29401,38637,-9236
양천구 목2동,22262,18879,3383
양천구 목3동,23599,19502,4097
양천구 목4동,18276,11350,6926
양천구 목5동,25277,23526,1751
양천구 신월1동,8135,3627,4508
양천구 신월2동,10146,6986,3160
양천구 신월3동,6991,5092,1899
양천구 신월4동,9990,6891,3099
양천구 신월5동,7689,6391,1298
양천구 신월6동,6623,4282,2341
양천구 신월7동,14639,10395,4244
양천구 신정1동,11047,13019,-1972
양천구 신정2동,7305,4746,2559
양천구 신정3동,31522,21820,9702
양천구 신정4동,21301,24492,-3191
양천구 신정6동,7279,5599,1680
양천구 신정7동,11079,9011,2068
영등포구 당산제1동,11383,12437,-1054
영등포구 당산제2동,24900,27087,-2187
영등포구 대림제1동,15660,9740,5920
영등포구 대림제2동,5103,7121,-2018
영등포구 대림제3동,16492,13475,3017
영등포구 도림동,11351,8664,2687
영등포구 문래동,15135,18629,-3494
영등포구 신길제1동,11701,7854,3847
영등포구 신길제3동,15186,10337,4849
영등포구 신길제4동,5291,4042,1249
영등포구 신길제5동,9566,9554,12
영등포구 신길제6동,12605,10730,1875
영등포구 신길제7동,11758,10871,887
영등포구 양평제1동,9597,7292,2305
영등포구 양평제2동,15226,11435,3791
영등포구 여의동,55565,61983,-6418
영등포구 영등포동,47554,70800,-23246
영등포구 영등포본동,17054,20373,-3319
용산구 남영동,31458,32653,-1195
용산구 보광동,10207,5696,4511
용산구 서빙고동,13577,10353,3224
용산구 용문동,5127,4101,1026
용산구 용산2가동,12609,12436,173
용산구 원효로제1동,13986,12056,1930
용산구 원효로제2동,9921,6373,3548
용산구 이촌제1동,13627,11532,2095
용산구 이촌제2동,4793,2756,2037
용산구 이태원제1동,13781,15099,-1318
용산구 이태원제2동,8869,6593,2276
용산구 청파동,16650,14982,1668
용산구 필동,2289,1415,874
용산구 한강로동,33002,43209,-10207
용산구 한남동,40260,39014,1246
용산구 효창동,8791,6519,2272
용산구 후암동,13815,10731,3084
은평구 갈현제1동,13031,8936,4095
은평구 갈현제2동,16718,13060,3658
은평구 구산동,17568,8004,9564
은평구 녹번동,22903,19923,2980
은평구 대조동,28344,41330,-12986
은평구 불광제1동,24120,20624,3496
은평구 불광제2동,20493,19539,954
은평구 수색동,9053,7790,1263
은평구 신사제1동,16460,17332,-872
은평구 신사제2동,16073,15093,980
은평구 역촌동,24231,15948,8283
은평구 응암제1동,24090,29045,-4955
은평구 응암제2동,10820,6775,4045
은평구 응암제3동,16746,14431,2315
은평구 증산동,15807,15318,489
은평구 진관동,37252,34922,2330
종로구 가회동,5386,5084,302
종로구 교남동,7000,5220,1780
종로구 무악동,4191,3625,566
종로구 부암동,15714,13204,2510
종로구 사직동,39679,50709,-11030
종로구 삼청동,5881,7941,-2060
종로구 숭인제1동,1381,1608,-227
종로구 숭인제2동,14019,15912,-1893
종로구 이화동,14810,20047,-5237
종로구 종로1.2.3.4가동,100990,128284,-27294
종로구 종로5.6가동,20315,21742,-1427
종로구 창신제1동,15843,11893,3950
종로구 창신제2동,6722,9588,-2866
종로구 창신제3동,4021,3820,201
종로구 청운효자동,12324,12022,302
종로구 충현동,3035,1270,1765
종로구 평창동,18658,12286,6372
종로구 혜화동,29802,34502,-4700
중구 광희동,20222,25947,-5725
중구 다산동,7649,6552,1097
중구 동화동,1686,1739,-53
중구 명동,29247,39320,-10073
중구 소공동,44714,57924,-13210
중구 신당동,9242,5970,3272
중구 신당제5동,10174,9733,441
중구 약수동,5884,4639,1245
중구 을지로동,6105,8443,-2338
중구 장충동,5839,5858,-19
중구 중림동,8126,6749,1377
중구 청구동,4596,3495,1101
중구 필동,5206,5197,9
중구 황학동,8076,7195,881
중구 회현동,46745,55432,-8687
중랑구 망우본동,24686,19729,4957
중랑구 망우제3동,7685,5408,2277
중랑구 면목본동,20743,23195,-2452
중랑구 면목제2동,7971,6207,1764
중랑구 면목제3.8동,19394,16269,3125
중랑구 면목제4동,8713,6719,1994
중랑구 면목제5동,7109,4676,2433
중랑구 면목제7동,5938,6004,-66
중랑구 묵제1동,14185,13982,203
중랑구 묵제2동,5466,3658,1808
중랑구 상봉제1동,12228,11374,854
중랑구 상봉제2동,19175,23870,-4695
중랑구 신내1동,22758,17380,5378
중랑구 신내2동,19646,15946,3700
중랑구 중화제1동,7189,8232,-1043
중랑구 중화제2동,16481,14935,1546
NA,430311,377440,52871
