ID,insum,outsum,diff
100000001,722,1101,-379
100000002,4031,3083,948
100000003,5049,6465,-1416
100000004,782,1303,-521
100000005,2584,5831,-3247
100000006,563,230,333
100000007,2095,860,1235
100000008,144,437,-293
100000009,530,292,238
100000010,39,95,-56
100000011,767,124,643
100000012,91,867,-776
100000013,26,299,-273
100000014,204,302,-98
100000015,1650,2530,-880
100000016,613,1230,-617
100000017,543,672,-129
100000018,1176,703,473
100000019,3768,2309,1459
100000020,1706,6505,-4799
100000021,5444,2454,2990
100000022,1074,3165,-2091
100000023,6379,2021,4358
100000025,727,1765,-1038
100000028,971,1255,-284
100000029,94,509,-415
100000030,148,72,76
100000031,3266,6850,-3584
100000032,1661,4076,-2415
100000033,1131,3455,-2324
100000034,197,940,-743
100000035,1084,2010,-926
100000036,1194,1690,-496
100000037,734,478,256
100000038,2382,1236,1146
100000039,438,1433,-995
100000040,244,209,35
100000041,1548,589,959
100000042,1111,410,701
100000043,846,418,428
100000044,274,678,-404
100000045,365,827,-462
100000046,581,866,-285
100000047,257,1119,-862
100000048,527,809,-282
100000049,1507,1129,378
100000051,375,672,-297
100000053,134,10,124
100000054,377,40,337
100000055,727,299,428
100000056,571,658,-87
100000057,2391,778,1613
100000058,879,949,-70
100000059,20,213,-193
100000060,464,309,155
100000061,2833,716,2117
100000062,2032,595,1437
100000063,1045,263,782
100000064,1886,269,1617
100000065,366,641,-275
100000066,198,493,-295
100000067,487,536,-49
100000068,444,1167,-723
100000069,276,837,-561
100000072,207,809,-602
100000073,1080,1066,14
100000075,775,229,546
100000076,1893,3753,-1860
100000077,154,399,-245
100000078,17,44,-27
100000079,20,37,-17
100000080,25,52,-27
100000081,124,305,-181
100000102,2897,3895,-998
100000103,1663,1798,-135
100000104,3686,3479,207
100000105,1749,2364,-615
100000106,2211,3283,-1072
100000107,358,1643,-1285
100000108,572,860,-288
100000109,1575,1371,204
100000116,838,1114,-276
100000117,74,156,-82
100000118,973,1640,-667
100000119,590,1079,-489
100000121,897,459,438
100000122,1622,1269,353
100000123,1549,3531,-1982
100000124,3735,5562,-1827
100000125,3440,1890,1550
100000126,569,572,-3
100000127,1407,443,964
100000128,1631,2591,-960
100000129,334,604,-270
100000130,529,451,78
100000131,1510,2862,-1352
100000132,896,3109,-2213
100000133,2796,2257,539
100000135,689,1529,-840
100000139,349,561,-212
100000140,251,391,-140
100000142,646,557,89
100000143,810,328,482
100000144,3494,612,2882
100000147,1231,3958,-2727
100000150,51,510,-459
100000151,872,1691,-819
100000153,329,585,-256
100000154,38,441,-403
100000155,14,43,-29
100000156,428,595,-167
100000157,385,234,151
100000158,316,157,159
100000159,259,654,-395
100000165,973,888,85
100000169,131,1627,-1496
100000174,447,1255,-808
100000179,77,588,-511
100000180,2764,11279,-8515
100000181,619,464,155
100000188,82,876,-794
100000189,1225,865,360
100000190,631,1603,-972
100000191,811,932,-121
100000192,64,117,-53
100000193,301,215,86
100000330,854,1173,-319
100000355,215,1612,-1397
100000362,3436,2190,1246
100000363,5878,5358,520
100000364,146,327,-181
100000365,6037,10167,-4130
100000366,3276,2638,638
100000367,4979,8350,-3371
100000368,2998,1239,1759
100000369,942,2836,-1894
100000370,176,1132,-956
100000376,55,147,-92
100000379,1901,1827,74
100000380,4638,6027,-1389
100000384,5616,7367,-1751
100000385,2515,4540,-2025
100000386,5183,6638,-1455
100000387,3457,6383,-2926
100000388,3838,8103,-4265
100000389,5092,7554,-2462
100000390,6432,7728,-1296
100000391,4767,10151,-5384
100000392,2411,5198,-2787
100000393,2236,6301,-4065
100000394,5018,10143,-5125
100000395,3681,5842,-2161
100000396,5434,4317,1117
100000397,3796,9003,-5207
100000398,8910,7404,1506
100900002,16,8,8
100900003,414,248,166
100900004,30,2279,-2249
100900005,143,14,129
100900006,34,74,-40
100900007,265,6,259
100900008,5,351,-346
100900009,71,227,-156
100900010,122,53,69
100900011,218,165,53
100900012,0,90,-90
100900013,1270,1,1269
100900014,3,11,-8
100900015,57,84,-27
100900016,0,26,-26
100900017,1282,88,1194
100900018,1,16,-15
100900019,58,147,-89
100900020,365,11,354
100900021,580,2,578
100900022,13,27,-14
100900023,1,27,-26
100900024,437,1,436
100900025,18,16,2
100900026,100,98,2
100900027,482,3014,-2532
100900028,139,282,-143
100900029,44,6,38
100900030,7,105,-98
100900031,743,39,704
100900032,303,2,301
100900033,322,297,25
100900034,771,0,771
100900035,341,0,341
100900036,23,2,21
100900037,148,125,23
100900038,149,63,86
100900039,194,261,-67
100900040,549,395,154
100900041,1123,361,762
100900042,1967,1419,548
100900043,0,16,-16
100900044,1520,575,945
100900045,73,2,71
100900046,1420,17,1403
100900047,1033,265,768
100900048,139,125,14
100900049,58,111,-53
100900050,1,15,-14
100900051,61,134,-73
100900052,390,62,328
100900053,613,22,591
100900054,16,29,-13
100900055,263,913,-650
100900056,98,143,-45
100900057,1400,1529,-129
100900058,233,50,183
100900059,115,6,109
100900060,283,4,279
100900061,319,187,132
100900062,6,19,-13
100900063,309,851,-542
100900064,706,27,679
100900065,91,151,-60
100900066,119,219,-100
100900067,34,11,23
100900068,95,56,39
100900069,984,10,974
100900070,460,8,452
100900071,544,258,286
100900072,10,18,-8
100900073,143,340,-197
100900074,6,5,1
100900075,2561,317,2244
100900076,8,41,-33
100900077,61,61,0
100900078,108,319,-211
100900079,19,18,1
100900080,101,265,-164
100900081,26,193,-167
100900082,190,309,-119
100900083,15,14,1
100900085,30,290,-260
100900086,141,744,-603
100900088,134,222,-88
100900089,11,5,6
100900090,105,514,-409
100900091,3,27,-24
100900092,197,346,-149
100900093,303,372,-69
100900094,207,200,7
100900095,3,19,-16
100900096,188,109,79
100900097,2,5,-3
100900098,21,38,-17
100900099,30,375,-345
100900100,12,699,-687
100900101,198,58,140
100900102,44,155,-111
100900103,5,30,-25
100900104,0,149,-149
100900105,40,586,-546
100900106,30,6,24
100900107,1716,839,877
100900108,11,73,-62
100900109,35,20,15
100900110,1,17,-16
100900111,30,181,-151
100900112,10,49,-39
100900113,13,26,-13
100900114,7,12,-5
100900115,9,18,-9
100900116,1299,629,670
100900117,303,1193,-890
100900118,145,147,-2
100900119,21,6,15
100900120,12,20,-8
100900121,743,545,198
100900122,78,144,-66
100900123,109,141,-32
100900124,1,11,-10
100900125,10,53,-43
100900126,194,137,57
100900127,1,9,-8
100900128,187,150,37
100900129,0,184,-184
100900131,76,224,-148
100900133,60,36,24
100900134,1,2,-1
100900135,0,243,-243
100900137,304,215,89
100900138,370,470,-100
100900139,6,8,-2
100900140,6,319,-313
100900141,3,611,-608
100900142,0,22,-22
100900143,409,487,-78
100900144,5,8,-3
100900145,53,200,-147
100900146,8,76,-68
100900147,38,498,-460
100900148,29,320,-291
100900149,39,227,-188
100900150,3,39,-36
100900151,162,393,-231
100900152,864,15,849
100900153,3,156,-153
100900154,35,113,-78
100900155,18,23,-5
100900156,57,5,52
100900157,65,453,-388
100900158,1222,123,1099
100900159,8,75,-67
100900160,44,8,36
100900161,104,13,91
100900162,24,634,-610
100900163,208,129,79
100900164,66,33,33
100900165,10,17,-7
100900166,169,6,163
100900167,27,53,-26
100900168,29,220,-191
100900169,102,1350,-1248
100900170,36,7,29
100900171,10,403,-393
100900172,0,30,-30
100900173,7,185,-178
100900174,190,34,156
100900176,1704,232,1472
100900177,452,373,79
100900178,244,119,125
100900179,244,400,-156
100900180,0,3,-3
100900181,160,89,71
100900182,203,71,132
100900184,30,188,-158
100900186,545,472,73
100900187,16,71,-55
100900188,28,12,16
100900189,2931,204,2727
100900191,744,1389,-645
100900192,198,408,-210
100900195,140,147,-7
100900197,33,18,15
100900198,45,273,-228
100900199,2,7,-5
100900200,894,350,544
100900201,146,519,-373
100900202,59,0,59
100900203,4,346,-342
100900204,501,4046,-3545
100900205,173,644,-471
100900206,251,124,127
100900207,316,189,127
100900210,215,247,-32
100900211,897,156,741
100900213,526,47,479
100900214,548,122,426
100900215,34,52,-18
101000001,2568,2283,285
101000002,7752,9257,-1505
101000003,399,1153,-754
101000004,7116,6483,633
101000005,4809,5324,-515
101000006,6359,7391,-1032
101000007,4318,4935,-617
101000008,2347,2199,148
101000009,2096,772,1324
101000010,897,640,257
101000011,1044,417,627
101000012,735,741,-6
101000013,734,1058,-324
101000014,374,529,-155
101000015,1674,955,719
101000016,360,491,-131
101000017,460,493,-33
101000018,2085,2419,-334
101000020,2090,962,1128
101000021,805,377,428
101000022,215,193,22
101000023,1470,680,790
101000025,339,441,-102
101000026,263,70,193
101000027,2876,3785,-909
101000028,123,79,44
101000029,275,2295,-2020
101000030,1558,242,1316
101000031,633,1637,-1004
101000032,5241,5869,-628
101000033,2426,4232,-1806
101000034,1407,2124,-717
101000035,816,417,399
101000036,1651,1081,570
101000037,1763,2078,-315
101000039,2470,3550,-1080
101000040,2675,5650,-2975
101000041,5007,10584,-5577
101000042,320,1465,-1145
101000043,4832,10993,-6161
101000045,966,1282,-316
101000046,2217,2739,-522
101000047,1960,6845,-4885
101000048,630,500,130
101000049,648,2934,-2286
101000050,1745,3012,-1267
101000051,1369,3598,-2229
101000052,1367,1494,-127
101000053,900,1285,-385
101000054,2190,1179,1011
101000055,1123,1561,-438
101000056,35,102,-67
101000057,1347,1552,-205
101000058,1126,1526,-400
101000059,2257,2443,-186
101000060,1871,878,993
101000061,894,1611,-717
101000062,508,795,-287
101000063,495,1357,-862
101000064,733,1177,-444
101000065,311,643,-332
101000066,761,1216,-455
101000067,910,1252,-342
101000068,207,616,-409
101000069,211,97,114
101000070,775,1199,-424
101000071,2281,1070,1211
101000072,673,4154,-3481
101000073,796,1372,-576
101000074,4480,4660,-180
101000075,2823,6743,-3920
101000077,1747,1280,467
101000078,853,1468,-615
101000079,1628,841,787
101000080,1214,996,218
101000081,1752,1681,71
101000082,2475,2512,-37
101000083,2725,2291,434
101000084,1132,620,512
101000085,1501,1129,372
101000086,1034,1091,-57
101000087,788,834,-46
101000088,1459,1199,260
101000089,962,1607,-645
101000090,1655,988,667
101000091,480,653,-173
101000092,1189,720,469
101000093,1435,665,770
101000094,1193,952,241
101000095,585,644,-59
101000096,442,361,81
101000097,522,709,-187
101000098,402,976,-574
101000099,801,1686,-885
101000100,744,1431,-687
101000101,276,362,-86
101000102,797,673,124
101000103,709,631,78
101000104,361,776,-415
101000105,364,583,-219
101000106,675,1123,-448
101000107,304,460,-156
101000108,467,233,234
101000109,525,81,444
101000110,36,225,-189
101000111,105,204,-99
101000113,288,706,-418
101000114,6704,12902,-6198
101000115,462,102,360
101000116,68,59,9
101000117,1534,267,1267
101000119,69,96,-27
101000120,143,100,43
101000121,72,82,-10
101000122,131,160,-29
101000123,62,150,-88
101000124,1408,458,950
101000125,185,362,-177
101000128,371,1005,-634
101000130,151,331,-180
101000131,1010,399,611
101000132,937,970,-33
101000135,40,60,-20
101000136,263,245,18
101000137,34,425,-391
101000141,1123,4315,-3192
101000147,583,314,269
101000148,620,39,581
101000149,200,449,-249
101000150,103,332,-229
101000151,283,49,234
101000152,263,336,-73
101000153,284,183,101
101000154,301,593,-292
101000155,505,155,350
101000156,8,335,-327
101000157,66,54,12
101000160,84,24,60
101000163,194,534,-340
101000164,349,234,115
101000165,320,352,-32
101000166,291,291,0
101000168,944,460,484
101000252,2308,1039,1269
101000254,108,215,-107
101000258,53,18,35
101000261,201,100,101
101000262,1754,3238,-1484
101000263,497,1485,-988
101000265,116,979,-863
101000266,316,325,-9
101000269,22,23,-1
101000290,940,2834,-1894
101000293,38,54,-16
101000294,733,496,237
101000295,130,252,-122
101000301,471,620,-149
101000304,2491,2752,-261
101000305,2699,1291,1408
101900001,21,35,-14
101900002,0,8,-8
101900003,37,75,-38
101900004,1,71,-70
101900005,1912,3255,-1343
101900006,1482,108,1374
101900007,776,270,506
101900008,89,283,-194
101900009,66,423,-357
101900010,571,734,-163
101900011,141,997,-856
101900012,322,164,158
101900013,457,150,307
101900017,13,185,-172
101900018,628,255,373
101900019,120,115,5
101900020,138,64,74
101900021,3,55,-52
101900022,205,553,-348
101900023,137,96,41
102000001,3507,5390,-1883
102000002,2409,732,1677
102000003,2831,7738,-4907
102000004,4559,2542,2017
102000005,1358,2910,-1552
102000006,889,1687,-798
102000007,1913,5668,-3755
102000008,3986,1474,2512
102000009,7945,9870,-1925
102000010,4136,3580,556
102000011,4207,3283,924
102000012,2901,2910,-9
102000018,2379,2847,-468
102000019,3125,1874,1251
102000026,204,488,-284
102000029,226,196,30
102000030,189,362,-173
102000031,101,114,-13
102000032,657,279,378
102000033,260,333,-73
102000034,611,473,138
102000035,2627,758,1869
102000036,11,285,-274
102000037,133,44,89
102000038,120,368,-248
102000039,176,69,107
102000040,275,342,-67
102000041,132,478,-346
102000042,195,441,-246
102000043,184,242,-58
102000044,293,465,-172
102000045,505,625,-120
102000046,1396,708,688
102000047,698,712,-14
102000048,537,703,-166
102000049,1048,722,326
102000050,931,1089,-158
102000051,464,649,-185
102000052,1061,660,401
102000053,964,1018,-54
102000054,840,1321,-481
102000055,1599,371,1228
102000056,1158,606,552
102000057,1461,590,871
102000058,1004,980,24
102000059,1523,1339,184
102000060,1119,864,255
102000061,1945,1579,366
102000062,2098,946,1152
102000063,1121,1132,-11
102000064,485,624,-139
102000065,78,156,-78
102000066,846,809,37
102000067,2203,2716,-513
102000068,11320,2767,8553
102000069,154,3259,-3105
102000070,1160,58,1102
102000071,6309,8001,-1692
102000072,3326,4109,-783
102000073,980,1068,-88
102000074,598,1338,-740
102000075,133,289,-156
102000076,201,303,-102
102000077,743,453,290
102000078,934,513,421
102000079,220,228,-8
102000080,274,179,95
102000081,443,775,-332
102000082,654,417,237
102000083,758,203,555
102000084,429,201,228
102000085,4747,873,3874
102000086,1232,880,352
102000087,1299,1506,-207
102000088,252,271,-19
102000089,1504,385,1119
102000090,460,1173,-713
102000091,1358,620,738
102000092,284,604,-320
102000093,445,682,-237
102000094,797,693,104
102000095,808,1263,-455
102000096,628,880,-252
102000097,702,716,-14
102000098,460,685,-225
102000099,866,882,-16
102000100,354,1191,-837
102000101,538,794,-256
102000102,293,1265,-972
102000103,1715,411,1304
102000104,577,266,311
102000105,312,441,-129
102000106,721,491,230
102000107,1672,330,1342
102000108,611,160,451
102000109,601,341,260
102000110,1191,627,564
102000111,13,192,-179
102000112,116,90,26
102000113,18,21,-3
102000114,545,354,191
102000115,346,280,66
102000116,506,818,-312
102000117,233,1276,-1043
102000118,936,1409,-473
102000119,1184,1430,-246
102000120,255,470,-215
102000121,1229,590,639
102000122,883,857,26
102000123,1335,1208,127
102000124,1671,1140,531
102000125,803,923,-120
102000126,712,675,37
102000127,1467,655,812
102000128,810,804,6
102000129,1759,520,1239
102000130,873,951,-78
102000131,1927,1166,761
102000132,752,2217,-1465
102000133,2507,1236,1271
102000134,1095,672,423
102000135,1651,1021,630
102000136,2549,700,1849
102000137,553,1986,-1433
102000138,236,612,-376
102000139,132,1651,-1519
102000140,239,1995,-1756
102000141,429,4368,-3939
102000142,319,347,-28
102000143,219,206,13
102000144,346,252,94
102000145,325,332,-7
102000146,489,448,41
102000147,578,365,213
102000148,205,426,-221
102000149,219,196,23
102000150,659,93,566
102000151,104,199,-95
102000152,244,116,128
102000153,1004,605,399
102000154,219,554,-335
102000155,80,304,-224
102000156,284,161,123
102000157,66,423,-357
102000158,193,318,-125
102000159,753,785,-32
102000161,2006,2081,-75
102000162,139,126,13
102000163,85,515,-430
102000164,790,1059,-269
102000165,279,126,153
102000166,80,170,-90
102000167,217,185,32
102000168,304,153,151
102000169,110,512,-402
102000170,399,220,179
102000171,139,218,-79
102000172,117,405,-288
102000173,447,257,190
102000174,107,47,60
102000175,113,100,13
102000176,86,20,66
102000178,402,263,139
102000179,666,198,468
102000180,1056,315,741
102000181,976,373,603
102000182,653,396,257
102000183,2093,1232,861
102000184,1968,510,1458
102000185,2936,1001,1935
102000186,1462,1172,290
102000187,956,963,-7
102000188,1283,1140,143
102000189,1651,547,1104
102000190,689,2477,-1788
102000191,1251,488,763
102000192,1352,1497,-145
102000193,87,93,-6
102000194,51,92,-41
102000195,494,389,105
102000196,225,224,1
102000197,873,226,647
102000198,212,406,-194
102000199,1346,200,1146
102000200,263,647,-384
102000201,1368,352,1016
102000202,11,77,-66
102000203,454,127,327
102000204,685,372,313
102000205,1321,275,1046
102000206,737,295,442
102000207,638,402,236
102000208,352,275,77
102000209,95,69,26
102000210,432,253,179
102000211,572,175,397
102000212,412,12,400
102000213,10,143,-133
102000214,393,6,387
102000215,12,207,-195
102000216,129,67,62
102000217,9,76,-67
102000218,340,171,169
102000219,214,153,61
102000225,411,522,-111
102000226,1762,1409,353
102000227,142,2,140
102000228,0,58,-58
102000229,62,61,1
102000230,367,251,116
102000231,309,419,-110
102000232,28,137,-109
102000233,444,658,-214
102000234,86,1061,-975
102000236,230,107,123
102000237,483,88,395
102000238,134,176,-42
102000240,439,728,-289
102000241,573,177,396
102000243,17,47,-30
102000245,10,86,-76
102000246,7,35,-28
102000247,247,346,-99
102000248,240,548,-308
102000249,143,96,47
102000250,105,225,-120
102000254,164,169,-5
102000266,27,995,-968
102000271,17,0,17
102000286,346,351,-5
102000297,2088,851,1237
102000299,0,0,0
102000301,0,1,-1
102000302,0,0,0
102000303,0,0,0
102000305,0,0,0
102000307,0,16,-16
102000308,0,4,-4
102900001,1340,561,779
102900002,464,47,417
102900003,72,120,-48
102900005,455,170,285
102900006,499,110,389
102900007,598,19,579
102900008,214,48,166
102900009,663,352,311
102900010,254,862,-608
102900011,1317,450,867
102900012,415,81,334
102900013,29,35,-6
102900015,624,481,143
102900016,69,68,1
102900017,206,332,-126
102900018,58,61,-3
102900019,432,395,37
102900020,172,20,152
102900021,39,58,-19
102900022,371,139,232
102900023,14,66,-52
102900024,51,58,-7
102900025,151,94,57
102900026,349,2056,-1707
102900027,72,83,-11
102900028,210,908,-698
102900029,153,218,-65
102900030,379,351,28
102900031,309,109,200
102900032,143,89,54
102900033,103,160,-57
102900034,611,64,547
102900035,172,225,-53
102900036,367,322,45
102900037,279,260,19
102900038,453,249,204
102900039,28,605,-577
102900040,215,232,-17
102900041,126,156,-30
102900042,216,210,6
102900043,211,150,61
102900044,561,1354,-793
102900045,163,370,-207
102900046,194,155,39
102900047,163,457,-294
102900048,530,362,168
102900049,116,340,-224
102900050,256,204,52
102900051,163,166,-3
102900052,55,68,-13
102900053,254,454,-200
102900054,520,1201,-681
102900055,141,213,-72
102900056,103,299,-196
102900057,8,50,-42
102900058,446,95,351
102900059,27,60,-33
102900060,110,317,-207
102900061,215,258,-43
102900062,380,435,-55
102900063,1474,296,1178
102900064,100,466,-366
102900065,918,430,488
102900066,327,23,304
102900068,98,80,18
102900070,244,1038,-794
102900072,9,56,-47
102900073,85,5,80
102900074,222,198,24
102900075,22,52,-30
102900076,71,170,-99
102900077,48,36,12
102900078,27,69,-42
102900079,264,8,256
102900080,575,28,547
102900081,59,304,-245
102900082,5,130,-125
102900083,131,20,111
102900084,14,65,-51
102900085,297,135,162
102900086,17,55,-38
102900087,145,111,34
102900088,47,33,14
102900089,126,85,41
102900090,1,145,-144
102900091,266,3,263
102900092,493,388,105
102900093,348,222,126
102900094,1,150,-149
102900095,161,4,157
102900096,86,13,73
102900097,20,76,-56
103000001,2283,2074,209
103000002,2047,2291,-244
103000003,3019,3134,-115
103000004,721,641,80
103000005,1657,2583,-926
103000006,708,1300,-592
103000007,456,622,-166
103000008,1097,522,575
103000009,1455,956,499
103000010,130,55,75
103000011,1353,1044,309
103000012,1681,1455,226
103000013,2800,1560,1240
103000014,1482,2601,-1119
103000015,1356,630,726
103000016,490,1507,-1017
103000017,251,401,-150
103000018,727,223,504
103000019,350,324,26
103000020,1844,1266,578
103000021,1812,1820,-8
103000022,664,804,-140
103000023,726,1882,-1156
103000024,79,125,-46
103000025,105,756,-651
103000026,638,95,543
103000027,217,631,-414
103000028,252,270,-18
103000029,171,335,-164
103000030,1218,1077,141
103000031,1045,2009,-964
103000032,2156,1524,632
103000033,2937,2678,259
103000034,1209,1127,82
103000035,527,1368,-841
103000036,338,453,-115
103000037,573,505,68
103000038,543,1052,-509
103000039,579,274,305
103000040,527,563,-36
103000041,1633,1359,274
103000042,1489,352,1137
103000043,681,688,-7
103000044,284,116,168
103000046,484,412,72
103000047,576,387,189
103000048,279,152,127
103000049,113,98,15
103000050,773,329,444
103000051,759,391,368
103000052,749,228,521
103000053,250,369,-119
103000054,2675,1086,1589
103000055,1823,1668,155
103000056,880,1099,-219
103000057,898,183,715
103000058,660,661,-1
103000059,585,604,-19
103000060,723,395,328
103000061,455,745,-290
103000062,1230,406,824
103000063,1023,874,149
103000064,153,137,16
103000065,4,244,-240
103000066,206,12,194
103000069,394,168,226
103000070,1071,610,461
103000071,1499,524,975
103000072,178,478,-300
103000073,825,110,715
103000074,892,84,808
103000075,111,368,-257
103000076,419,519,-100
103000077,19,217,-198
103000078,768,763,5
103000079,446,468,-22
103000080,673,379,294
103000081,360,964,-604
103000082,433,185,248
103000083,153,239,-86
103000084,85,10,75
103000085,6,79,-73
103000086,499,453,46
103000087,188,500,-312
103000088,183,338,-155
103000089,304,451,-147
103000090,2515,865,1650
103000091,653,495,158
103000092,286,216,70
103000093,318,380,-62
103000094,220,78,142
103000095,86,292,-206
103000096,565,58,507
103000097,69,661,-592
103000098,651,151,500
103000099,239,732,-493
103000100,207,440,-233
103000101,1034,81,953
103000102,153,371,-218
103000103,868,137,731
103000104,69,72,-3
103000105,227,60,167
103000106,8,105,-97
103000107,163,44,119
103000108,744,492,252
103000109,390,361,29
103000110,508,563,-55
103000111,406,372,34
103000112,322,232,90
103000113,455,532,-77
103000114,1076,427,649
103000115,711,459,252
103000116,786,347,439
103000117,413,359,54
103000118,426,451,-25
103000119,801,418,383
103000120,55,125,-70
103000121,148,289,-141
103000122,327,387,-60
103000125,24,124,-100
103000126,637,4,633
103000127,4,114,-110
103000128,215,3,212
103000129,4,70,-66
103000130,74,36,38
103000131,127,92,35
103000132,56,158,-102
103000133,27,69,-42
103000134,273,976,-703
103000135,451,192,259
103000136,469,415,54
103000137,349,484,-135
103000138,494,600,-106
103000139,1,84,-83
103000140,114,25,89
103000141,30,85,-55
103000142,95,75,20
103000143,57,120,-63
103000144,167,67,100
103000145,42,162,-120
103000150,106,32,74
103000152,176,186,-10
103000153,188,144,44
103000156,18,188,-170
103000157,501,0,501
103000159,146,70,76
103000162,38,15,23
103000163,11,35,-24
103000164,25,17,8
103000165,73,169,-96
103000166,229,247,-18
103000167,146,91,55
103000168,115,133,-18
103000169,226,438,-212
103000170,1069,234,835
103000171,22,71,-49
103000172,894,495,399
103000173,820,245,575
103000174,251,222,29
103000175,395,162,233
103000176,836,566,270
103000177,422,360,62
103000178,166,276,-110
103000179,210,30,180
103000183,188,15,173
103000185,164,28,136
103000186,201,102,99
103000187,921,175,746
103000188,22,101,-79
103000189,707,513,194
103000191,510,633,-123
103000292,776,1733,-957
103000293,802,3138,-2336
103000295,87,84,3
103000296,317,2,315
103000297,66,98,-32
103000504,59,19,40
103000505,3,34,-31
103000506,2,103,-101
103000507,169,4,165
103000508,46,91,-45
103000509,245,429,-184
103900001,30,103,-73
103900002,795,132,663
103900003,1066,166,900
103900004,230,1,229
103900005,0,134,-134
103900006,2,5,-3
103900007,115,1,114
103900008,15,1,14
103900009,373,478,-105
103900010,172,298,-126
103900011,524,95,429
103900012,18,31,-13
103900013,63,41,22
103900014,71,13,58
103900015,67,4,63
103900016,172,127,45
103900017,53,49,4
103900018,352,142,210
103900019,53,461,-408
103900020,190,501,-311
103900021,269,45,224
103900022,888,499,389
103900023,248,1,247
103900024,66,254,-188
103900025,19,29,-10
103900026,42,0,42
103900027,855,208,647
103900028,20,272,-252
103900029,1069,122,947
103900030,377,140,237
103900031,46,0,46
103900032,87,58,29
103900033,124,21,103
103900034,51,60,-9
103900035,48,37,11
103900036,43,42,1
103900037,91,69,22
103900038,108,195,-87
103900039,100,172,-72
103900040,19,107,-88
103900041,87,54,33
103900042,112,184,-72
103900043,234,33,201
103900044,78,335,-257
103900045,393,140,253
103900047,98,16,82
103900048,40,37,3
103900049,140,959,-819
103900050,30,150,-120
103900051,2,57,-55
103900052,230,238,-8
103900053,224,273,-49
103900054,154,166,-12
103900055,467,194,273
103900056,67,29,38
103900057,59,87,-28
103900058,337,322,15
103900059,0,16,-16
103900060,72,116,-44
103900061,241,25,216
103900062,542,142,400
103900063,6,0,6
103900064,145,3,142
103900065,562,366,196
103900066,256,27,229
103900067,248,7,241
103900068,7,0,7
103900069,80,25,55
103900070,165,117,48
103900071,15,50,-35
103900072,31,110,-79
103900073,26,54,-28
103900074,96,56,40
103900075,111,45,66
103900076,689,300,389
103900077,38,113,-75
103900078,325,94,231
103900079,171,174,-3
103900080,9,35,-26
103900081,28,22,6
103900082,18,94,-76
103900083,717,1427,-710
103900084,115,181,-66
103900085,83,168,-85
103900086,1191,342,849
103900087,19,61,-42
103900088,343,611,-268
103900089,49,82,-33
103900090,0,64,-64
103900091,896,167,729
103900092,790,332,458
103900093,65,200,-135
103900094,10,62,-52
103900095,429,194,235
103900096,57,96,-39
103900097,8,315,-307
103900098,295,145,150
103900099,142,67,75
103900100,295,175,120
103900101,53,844,-791
103900102,2,19,-17
103900104,1,29,-28
103900105,41,107,-66
103900106,0,42,-42
103900107,141,82,59
103900108,60,134,-74
103900109,137,64,73
103900110,289,38,251
103900111,181,350,-169
103900112,127,127,0
103900113,151,303,-152
103900114,304,216,88
103900115,265,294,-29
103900116,2331,2517,-186
103900117,83,33,50
103900119,20,114,-94
103900120,35,65,-30
103900122,192,83,109
103900123,682,541,141
103900124,40,9,31
103900125,122,31,91
103900126,699,266,433
103900127,200,243,-43
103900128,150,69,81
103900131,57,67,-10
103900133,963,29,934
103900134,1,14,-13
103900135,1,1,0
103900137,0,20,-20
103900138,171,75,96
103900139,176,2623,-2447
103900140,3,249,-246
103900141,247,61,186
103900142,279,75,204
103900143,108,3,105
103900144,0,19,-19
103900145,188,214,-26
103900146,348,205,143
103900147,400,92,308
103900148,334,187,147
103900149,458,273,185
103900150,3610,5297,-1687
103900151,31,105,-74
103900152,765,207,558
103900153,8,0,8
103900154,530,1803,-1273
103900155,48,132,-84
103900156,98,90,8
103900157,110,74,36
103900158,188,73,115
103900159,238,49,189
103900160,64,51,13
103900161,110,151,-41
103900162,67,107,-40
103900163,12,335,-323
103900164,244,15,229
103900167,33,126,-93
103900168,195,67,128
103900169,38,61,-23
103900170,3,73,-70
103900171,0,26,-26
103900172,2,18,-16
103900173,12,26,-14
103900174,268,40,228
103900175,46,104,-58
103900176,10,62,-52
103900177,12,57,-45
103900178,91,36,55
103900179,73,47,26
103900180,29,51,-22
103900181,45,27,18
103900182,50,13,37
103900184,335,134,201
103900185,125,635,-510
103900187,9,88,-79
103900188,41,40,1
103900189,109,6,103
103900190,102,44,58
103900191,26,34,-8
103900192,57,167,-110
103900193,86,120,-34
103900194,91,121,-30
103900195,6,116,-110
103900196,28,29,-1
103900197,18,34,-16
103900198,13,32,-19
103900199,123,65,58
103900200,177,61,116
103900201,97,154,-57
103900202,12,58,-46
103900203,35,47,-12
103900204,2,43,-41
103900207,0,49,-49
103900208,160,0,160
103900209,14,76,-62
103900210,59,31,28
103900211,664,204,460
103900212,150,202,-52
103900213,58,195,-137
103900214,167,172,-5
103900215,165,215,-50
103900216,12,456,-444
103900217,326,30,296
103900218,1,261,-260
103900219,204,113,91
103900233,74,6,68
103900235,12,25,-13
103900236,8,6,2
103900242,4,4,0
103900243,4,2,2
103900244,140,109,31
103900245,107,126,-19
103900246,35,42,-7
103900247,16,43,-27
103900248,7,63,-56
103900249,9,66,-57
103900250,8,19,-11
103900251,5,32,-27
103900253,10,76,-66
103900254,1,10,-9
103900255,2,7,-5
103900256,14,7,7
103900257,6,97,-91
103900258,20,4,16
103900259,30,6,24
103900261,4,1,3
103900262,8,2,6
103900263,23,26,-3
103900264,37,13,24
103900265,16,4,12
103900266,0,107,-107
103900267,6,40,-34
104000001,2496,2294,202
104000002,1581,1755,-174
104000003,2561,1882,679
104000004,2283,2118,165
104000005,1894,1849,45
104000006,3169,2318,851
104000007,3521,3721,-200
104000008,197,136,61
104000009,266,111,155
104000010,189,301,-112
104000011,274,170,104
104000012,141,185,-44
104000013,268,229,39
104000014,185,374,-189
104000015,329,157,172
104000016,525,303,222
104000018,799,148,651
104000019,556,241,315
104000020,138,307,-169
104000021,257,329,-72
104000022,114,212,-98
104000023,934,336,598
104000024,181,270,-89
104000026,51,252,-201
104000027,270,136,134
104000028,383,191,192
104000029,295,204,91
104000030,346,244,102
104000031,1549,375,1174
104000032,204,203,1
104000033,723,449,274
104000034,445,200,245
104000035,1142,317,825
104000036,941,430,511
104000037,281,136,145
104000038,559,241,318
104000039,200,104,96
104000040,123,297,-174
104000041,557,233,324
104000042,148,261,-113
104000043,180,210,-30
104000044,215,345,-130
104000045,919,638,281
104000046,741,1060,-319
104000047,721,856,-135
104000048,937,932,5
104000049,471,372,99
104000050,156,839,-683
104000051,123,426,-303
104000052,1557,1483,74
104000053,961,343,618
104000054,506,227,279
104000055,3204,1922,1282
104000056,782,197,585
104000057,98,234,-136
104000058,656,539,117
104000059,583,911,-328
104000060,1143,1096,47
104000061,1103,854,249
104000062,331,135,196
104000064,414,268,146
104000065,232,644,-412
104000069,587,1317,-730
104000070,74,467,-393
104000071,86,216,-130
104000072,617,155,462
104000075,135,249,-114
104000076,428,82,346
104000082,2141,3041,-900
104000083,619,158,461
104000084,114,415,-301
104000085,275,283,-8
104000086,207,361,-154
104000087,330,1750,-1420
104000090,890,819,71
104000092,1424,1230,194
104000094,830,985,-155
104000095,2044,1070,974
104000096,1603,86,1517
104000097,1778,485,1293
104000098,2451,499,1952
104000100,1885,485,1400
104000101,1168,1127,41
104000106,38,582,-544
104000107,696,280,416
104000108,205,387,-182
104000109,354,101,253
104000110,744,1080,-336
104000111,2264,2552,-288
104000112,1069,497,572
104000116,1,538,-537
104000117,191,264,-73
104000118,722,148,574
104000119,728,207,521
104000120,252,389,-137
104000121,203,524,-321
104000122,664,686,-22
104000123,749,608,141
104000124,471,1440,-969
104000125,2292,4726,-2434
104000126,460,413,47
104000127,1040,1433,-393
104000128,593,283,310
104000129,46,2,44
104000130,1,314,-313
104000131,256,277,-21
104000132,291,308,-17
104000133,1155,772,383
104000134,897,1559,-662
104000135,365,1646,-1281
104000136,665,3472,-2807
104000137,1361,359,1002
104000138,850,360,490
104000139,3474,2283,1191
104000141,821,1053,-232
104000142,579,366,213
104000143,699,285,414
104000144,102,180,-78
104000145,335,168,167
104000146,183,438,-255
104000147,150,239,-89
104000148,375,169,206
104000149,157,167,-10
104000150,992,501,491
104000151,336,268,68
104000152,557,437,120
104000153,780,509,271
104000154,661,393,268
104000155,438,464,-26
104000157,995,1078,-83
104000158,284,814,-530
104000159,872,617,255
104000160,1581,1835,-254
104000161,197,216,-19
104000162,72,159,-87
104000165,534,823,-289
104000167,613,1229,-616
104000168,643,5,638
104000169,113,37,76
104000170,232,537,-305
104000248,282,367,-85
104000251,61,127,-66
104000272,0,0,0
104000273,0,0,0
104000274,0,0,0
104000275,0,0,0
104000279,701,469,232
104000290,87,193,-106
104000291,423,1002,-579
104000293,780,606,174
104000294,65,0,65
104000295,542,610,-68
104000296,440,596,-156
104000297,580,1451,-871
104000298,1887,781,1106
104000299,555,1074,-519
104900001,115,244,-129
104900002,79,175,-96
104900003,59,213,-154
104900004,87,159,-72
104900005,312,286,26
104900006,422,66,356
104900007,350,208,142
104900009,150,169,-19
104900010,72,44,28
104900011,14,16,-2
104900012,262,23,239
104900013,112,14,98
104900014,1758,288,1470
104900015,67,12,55
104900016,281,137,144
104900017,198,135,63
104900018,12,154,-142
104900019,257,3481,-3224
104900020,21,177,-156
104900021,0,92,-92
104900022,13,61,-48
104900023,2,48,-46
104900024,23,53,-30
104900025,73,174,-101
104900026,3,39,-36
104900027,580,254,326
104900028,11,46,-35
104900029,42,63,-21
104900030,451,165,286
104900031,41,190,-149
104900032,45,68,-23
104900033,230,226,4
104900034,375,141,234
104900035,379,178,201
104900036,245,47,198
104900037,129,127,2
104900038,284,1003,-719
104900039,422,534,-112
104900040,471,61,410
104900041,321,133,188
104900042,163,179,-16
104900043,19,189,-170
104900044,753,124,629
104900045,438,60,378
104900046,271,85,186
104900047,463,85,378
104900048,344,48,296
104900049,72,47,25
104900050,394,53,341
104900051,321,33,288
104900052,105,6,99
104900053,410,113,297
104900054,209,30,179
104900055,149,2,147
104900056,171,21,150
104900057,49,2,47
104900058,602,758,-156
104900059,195,111,84
104900060,0,382,-382
104900061,126,314,-188
104900063,1,80,-79
104900064,0,69,-69
104900065,0,184,-184
104900066,7,108,-101
104900067,7,267,-260
104900068,24,111,-87
104900070,182,190,-8
104900071,2,364,-362
104900072,45,228,-183
104900073,104,84,20
104900074,73,138,-65
104900075,55,46,9
104900076,106,177,-71
104900077,616,335,281
104900078,215,236,-21
104900079,132,538,-406
104900080,119,381,-262
104900082,25,269,-244
104900085,3,120,-117
104900087,211,4,207
104900089,365,0,365
104900090,1017,781,236
104900091,452,464,-12
104900093,179,370,-191
104900097,1726,2319,-593
104900098,153,47,106
104900099,147,705,-558
104900100,274,145,129
104900102,45,109,-64
104900103,451,55,396
104900104,1955,2144,-189
104900106,168,101,67
104900107,139,127,12
104900108,52,120,-68
104900109,113,135,-22
104900110,8,56,-48
104900111,269,102,167
104900112,238,339,-101
104900113,833,277,556
104900114,412,279,133
104900115,841,257,584
104900116,357,100,257
104900118,18,25,-7
104900119,2,32,-30
104900120,15,244,-229
104900121,0,54,-54
104900122,3,21,-18
104900123,60,28,32
104900124,64,0,64
104900125,394,3,391
104900126,35,23,12
104900127,26,43,-17
104900128,106,111,-5
104900129,1044,2642,-1598
105000001,2834,1275,1559
105000002,2408,1366,1042
105000003,2956,4478,-1522
105000004,736,734,2
105000005,1157,1223,-66
105000006,1581,1638,-57
105000007,1481,2077,-596
105000008,1354,4544,-3190
105000009,3065,3133,-68
105000010,2331,1325,1006
105000011,4190,3089,1101
105000012,3259,1990,1269
105000013,1120,1165,-45
105000014,2363,2988,-625
105000015,10382,17297,-6915
105000016,1658,1853,-195
105000017,1619,883,736
105000018,1081,1583,-502
105000019,889,972,-83
105000020,175,504,-329
105000021,248,93,155
105000022,263,120,143
105000023,488,280,208
105000028,38,70,-32
105000029,692,1445,-753
105000030,3239,1903,1336
105000033,745,1320,-575
105000034,139,1152,-1013
105000037,541,171,370
105000038,1811,1753,58
105000039,2163,1513,650
105000040,1147,1795,-648
105000041,496,1384,-888
105000042,3547,2368,1179
105000043,1257,3089,-1832
105000044,1073,792,281
105000045,550,548,2
105000046,1398,419,979
105000047,576,745,-169
105000048,580,164,416
105000049,216,322,-106
105000050,686,331,355
105000051,158,229,-71
105000052,604,606,-2
105000053,80,124,-44
105000054,434,696,-262
105000055,800,224,576
105000056,1468,1322,146
105000057,1114,542,572
105000058,1145,790,355
105000059,916,493,423
105000060,382,529,-147
105000061,839,424,415
105000062,564,522,42
105000063,259,316,-57
105000064,1948,647,1301
105000065,331,399,-68
105000066,941,820,121
105000067,1640,713,927
105000068,415,679,-264
105000069,1253,2458,-1205
105000070,416,984,-568
105000071,192,1123,-931
105000072,706,2579,-1873
105000073,969,709,260
105000074,873,553,320
105000075,499,604,-105
105000076,964,717,247
105000077,2113,1037,1076
105000078,1069,1326,-257
105000079,1179,3142,-1963
105000080,2040,1640,400
105000081,2696,1453,1243
105000082,1060,2118,-1058
105000083,3803,4509,-706
105000084,578,658,-80
105000085,1770,2307,-537
105000086,679,870,-191
105000087,1361,1956,-595
105000088,1287,1734,-447
105000089,2889,1916,973
105000090,1029,877,152
105000091,1119,1184,-65
105000092,555,740,-185
105000093,297,368,-71
105000094,329,232,97
105000095,94,421,-327
105000096,1186,1162,24
105000097,879,705,174
105000098,1028,595,433
105000099,622,631,-9
105000100,1499,941,558
105000101,1647,1953,-306
105000102,2215,1536,679
105000103,1273,2546,-1273
105000104,2384,1002,1382
105000105,915,1389,-474
105000106,1760,1356,404
105000107,2144,888,1256
105000108,2299,1296,1003
105000109,2127,1341,786
105000110,926,415,511
105000111,902,389,513
105000112,1302,478,824
105000113,431,594,-163
105000114,1761,1310,451
105000115,276,1251,-975
105000116,894,469,425
105000117,700,495,205
105000118,786,443,343
105000119,696,607,89
105000120,1628,618,1010
105000121,899,671,228
105000122,426,608,-182
105000123,788,782,6
105000124,2164,664,1500
105000125,932,1110,-178
105000126,2208,1124,1084
105000127,2307,1422,885
105000128,581,758,-177
105000129,821,172,649
105000130,362,3471,-3109
105000131,808,275,533
105000132,1125,664,461
105000133,608,867,-259
105000134,958,475,483
105000135,380,321,59
105000136,39,75,-36
105000137,352,156,196
105000138,47,89,-42
105000139,943,540,403
105000140,344,343,1
105000141,307,323,-16
105000142,302,339,-37
105000143,222,453,-231
105000144,333,551,-218
105000145,747,200,547
105000146,374,604,-230
105000147,765,266,499
105000148,997,525,472
105000149,2825,1934,891
105000150,1709,1037,672
105000151,536,289,247
105000152,190,381,-191
105000153,504,489,15
105000154,593,393,200
105000155,390,763,-373
105000156,590,468,122
105000157,716,1221,-505
105000158,1954,592,1362
105000159,311,837,-526
105000160,2257,560,1697
105000161,710,588,122
105000162,599,1768,-1169
105000163,804,566,238
105000164,185,195,-10
105000165,593,5956,-5363
105000166,3390,1317,2073
105000167,1189,2327,-1138
105000168,526,400,126
105000169,599,194,405
105000170,369,982,-613
105000171,924,143,781
105000172,150,26,124
105000173,300,22,278
105000174,117,30,87
105000175,112,73,39
105000176,701,81,620
105000177,413,200,213
105000178,250,306,-56
105000179,962,97,865
105000180,239,98,141
105000181,166,145,21
105000182,48,38,10
105000183,1524,2204,-680
105000184,972,1473,-501
105000185,1408,1370,38
105000186,417,783,-366
105000187,904,240,664
105000188,291,151,140
105000189,184,427,-243
105000190,387,301,86
105000191,433,237,196
105000192,328,54,274
105000193,81,96,-15
105000194,382,107,275
105000195,392,461,-69
105000196,87,216,-129
105000197,224,430,-206
105000198,327,269,58
105000199,154,499,-345
105000200,141,338,-197
105000201,73,23,50
105000203,4,112,-108
105000204,106,74,32
105000205,92,223,-131
105000207,438,160,278
105000208,238,1192,-954
105000209,165,195,-30
105000212,1055,666,389
105000213,120,166,-46
105000214,174,158,16
105000215,433,112,321
105000216,187,152,35
105000217,199,211,-12
105000218,1732,888,844
105000221,142,127,15
105000222,530,213,317
105000223,284,192,92
105000226,89,120,-31
105000227,77,104,-27
105000228,179,2054,-1875
105000229,132,496,-364
105000231,372,383,-11
105000233,996,616,380
105000234,490,897,-407
105000235,394,514,-120
105000237,821,52,769
105000243,24,88,-64
105000248,72,103,-31
105000262,395,680,-285
105000269,250,210,40
105000270,587,35,552
105000271,0,138,-138
105000282,48,23,25
105000287,348,96,252
105000288,633,277,356
105000289,1743,2156,-413
105000290,39,10,29
105000402,2308,4345,-2037
105000426,395,687,-292
105000438,2811,1532,1279
105000446,8251,5138,3113
105000447,4097,2186,1911
105000454,696,156,540
105000455,204,104,100
105000474,97,2,95
105000477,584,556,28
105000478,2111,5750,-3639
105000479,97,129,-32
105000480,7642,7348,294
105000481,4559,3516,1043
105000482,3734,6081,-2347
105000483,1915,2602,-687
105000484,1829,2359,-530
105000485,1653,3842,-2189
105000486,2242,2267,-25
105000488,7096,3737,3359
105000489,919,592,327
105000549,93,83,10
105000550,409,1190,-781
105000551,20,54,-34
105000552,1797,1130,667
105900001,11,2411,-2400
105900002,701,770,-69
105900003,10,77,-67
105900004,227,115,112
105900005,4,180,-176
105900006,15,152,-137
105900007,116,42,74
105900008,67,333,-266
105900009,21,19,2
105900011,298,88,210
105900012,543,113,430
105900013,7,45,-38
105900014,19,79,-60
105900015,156,416,-260
105900016,689,457,232
105900017,1643,35,1608
105900018,200,115,85
105900019,65,636,-571
105900020,53,66,-13
105900021,44,1345,-1301
105900022,322,223,99
105900023,10,240,-230
105900024,15,371,-356
105900025,343,17,326
105900026,253,17,236
105900027,16755,8020,8735
105900028,615,755,-140
105900029,1852,376,1476
105900030,206,190,16
105900031,319,186,133
105900032,65,131,-66
105900033,113,107,6
105900034,271,161,110
105900035,239,239,0
105900036,156,115,41
105900037,121,65,56
105900038,164,213,-49
105900039,150,71,79
105900040,68,83,-15
105900041,202,342,-140
105900042,59,134,-75
105900043,1326,87,1239
105900044,4,248,-244
105900045,6,764,-758
105900046,2,177,-175
105900047,36,33,3
105900048,62,368,-306
105900050,6877,9387,-2510
105900051,53,1155,-1102
105900052,610,277,333
105900053,2405,3525,-1120
105900054,315,228,87
105900056,675,413,262
105900057,29,153,-124
105900058,22,22,0
105900059,0,66,-66
106000001,3258,2532,726
106000002,1249,4268,-3019
106000003,3132,3431,-299
106000004,1156,1987,-831
106000005,4107,4225,-118
106000006,4287,2162,2125
106000007,510,466,44
106000008,412,293,119
106000009,648,314,334
106000010,546,453,93
106000011,1213,991,222
106000012,846,847,-1
106000013,1997,1766,231
106000014,1534,1131,403
106000015,2010,1173,837
106000016,1139,1415,-276
106000017,552,610,-58
106000018,544,363,181
106000019,428,329,99
106000020,325,272,53
106000021,348,344,4
106000022,387,130,257
106000023,620,255,365
106000024,506,326,180
106000025,126,181,-55
106000026,58,133,-75
106000027,1649,1106,543
106000028,507,254,253
106000029,606,655,-49
106000030,359,464,-105
106000034,214,426,-212
106000035,876,1894,-1018
106000036,133,457,-324
106000037,1500,1049,451
106000038,160,81,79
106000039,142,127,15
106000040,96,857,-761
106000041,564,617,-53
106000043,519,289,230
106000046,242,101,141
106000047,42,496,-454
106000049,1108,168,940
106000050,216,432,-216
106000051,749,495,254
106000052,105,409,-304
106000053,465,114,351
106000054,331,268,63
106000055,1079,797,282
106000056,210,268,-58
106000057,506,218,288
106000058,124,140,-16
106000059,427,185,242
106000060,247,340,-93
106000061,228,461,-233
106000062,141,427,-286
106000063,757,522,235
106000064,28,241,-213
106000065,408,283,125
106000066,92,193,-101
106000067,390,91,299
106000068,56,402,-346
106000069,358,63,295
106000070,446,556,-110
106000071,1073,276,797
106000072,1907,1444,463
106000073,1226,3188,-1962
106000074,592,563,29
106000075,280,1256,-976
106000076,1459,1732,-273
106000077,2788,1005,1783
106000078,1234,593,641
106000079,747,709,38
106000080,1307,512,795
106000081,727,869,-142
106000082,2000,628,1372
106000083,437,1334,-897
106000084,1181,587,594
106000085,1148,1392,-244
106000086,637,770,-133
106000087,773,501,272
106000088,370,610,-240
106000089,1126,244,882
106000090,244,388,-144
106000091,254,354,-100
106000092,583,177,406
106000093,269,100,169
106000094,84,209,-125
106000095,908,520,388
106000096,876,437,439
106000097,1222,550,672
106000098,795,608,187
106000099,230,700,-470
106000100,1480,164,1316
106000101,1637,262,1375
106000102,342,537,-195
106000103,271,376,-105
106000104,927,299,628
106000105,499,342,157
106000106,690,254,436
106000107,137,163,-26
106000108,276,174,102
106000109,212,158,54
106000110,360,174,186
106000111,150,213,-63
106000112,279,476,-197
106000113,483,407,76
106000114,370,601,-231
106000115,161,248,-87
106000116,258,166,92
106000117,910,465,445
106000118,1144,1336,-192
106000119,1011,601,410
106000120,915,1341,-426
106000121,163,118,45
106000122,198,82,116
106000123,556,88,468
106000124,98,107,-9
106000125,21,163,-142
106000126,250,58,192
106000127,964,467,497
106000128,709,73,636
106000129,469,322,147
106000130,940,213,727
106000131,141,559,-418
106000132,443,139,304
106000133,1151,1074,77
106000134,371,2101,-1730
106000135,149,335,-186
106000136,593,1035,-442
106000137,84,439,-355
106000138,1112,64,1048
106000139,58,70,-12
106000140,60,25,35
106000141,129,31,98
106000142,82,35,47
106000143,29,34,-5
106000144,27,54,-27
106000145,316,135,181
106000146,459,98,361
106000147,367,286,81
106000148,366,498,-132
106000149,641,230,411
106000150,493,1730,-1237
106000151,2792,685,2107
106000152,887,1956,-1069
106000153,88,1764,-1676
106000154,816,102,714
106000155,143,205,-62
106000156,1410,257,1153
106000157,559,1381,-822
106000158,2212,881,1331
106000159,2006,1870,136
106000160,491,2918,-2427
106000161,1215,203,1012
106000162,315,1006,-691
106000163,379,174,205
106000164,552,236,316
106000165,234,286,-52
106000166,907,230,677
106000167,369,549,-180
106000168,622,188,434
106000169,328,376,-48
106000170,880,214,666
106000171,281,823,-542
106000172,2954,1088,1866
106000173,1018,1813,-795
106000174,1300,271,1029
106000175,250,544,-294
106000176,1945,735,1210
106000177,966,1575,-609
106000178,3275,1182,2093
106000179,840,1247,-407
106000180,867,815,52
106000181,1145,1322,-177
106000182,1650,515,1135
106000183,1604,400,1204
106000184,2273,452,1821
106000185,1376,1131,245
106000186,650,88,562
106000187,243,1015,-772
106000188,0,5,-5
106000189,12,26,-14
106000190,24,1,23
106000191,531,123,408
106000192,4,12,-8
106000193,339,214,125
106000194,135,400,-265
106000195,664,281,383
106000196,252,722,-470
106000197,598,316,282
106000198,174,180,-6
106000199,589,835,-246
106000200,213,261,-48
106000201,405,3640,-3235
106000202,2174,534,1640
106000203,27,97,-70
106000204,81,11,70
106000205,17,84,-67
106000206,74,23,51
106000207,23,380,-357
106000208,1602,156,1446
106000209,1732,338,1394
106000210,306,587,-281
106000211,244,856,-612
106000212,984,494,490
106000213,416,1832,-1416
106000214,1509,736,773
106000215,250,348,-98
106000216,328,255,73
106000217,223,255,-32
106000218,386,293,93
106000219,141,182,-41
106000220,500,171,329
106000221,228,140,88
106000222,131,77,54
106000223,279,76,203
106000224,231,104,127
106000225,83,112,-29
106000226,86,139,-53
106000228,98,70,28
106000229,61,414,-353
106000231,968,73,895
106000232,52,223,-171
106000233,518,58,460
106000234,36,190,-154
106000235,433,75,358
106000236,119,52,67
106000237,1,14,-13
106000238,30,21,9
106000239,5,85,-80
106000240,26,2,24
106000241,12,390,-378
106000242,213,37,176
106000249,36,50,-14
106000250,91,545,-454
106000251,121,34,87
106000252,20,64,-44
106000253,48,52,-4
106000254,51,25,26
106000255,20,153,-133
106000256,28,27,1
106000257,167,166,1
106000258,152,14,138
106000259,2,40,-38
106000260,19,0,19
106000261,9,38,-29
106000262,67,10,57
106000263,7,40,-33
106000264,218,9,209
106000265,9,125,-116
106000266,103,23,80
106000267,8,103,-95
106000268,369,40,329
106000269,24,33,-9
106000270,105,308,-203
106000271,86,106,-20
106000272,184,56,128
106000273,6,198,-192
106000274,127,32,95
106000275,163,276,-113
106000276,96,32,64
106000277,87,244,-157
106000278,106,30,76
106000279,12,16,-4
106000280,46,32,14
106000281,72,39,33
106000282,57,38,19
106000283,134,47,87
106000284,99,64,35
106000285,108,60,48
106000286,136,82,54
106000287,125,43,82
106000288,108,86,22
106000289,62,39,23
106000290,44,61,-17
106000291,81,66,15
106000292,63,69,-6
106000293,107,60,47
106000294,105,84,21
106000295,44,59,-15
106000296,34,59,-25
106000297,92,218,-126
106000298,109,64,45
106000299,53,112,-59
106000300,58,87,-29
106000301,73,106,-33
106000303,27,66,-39
106000304,34,16,18
106000305,56,24,32
106000306,27,38,-11
106000307,48,14,34
106000308,27,64,-37
106000309,38,42,-4
106000310,350,317,33
106000311,383,165,218
106000312,104,86,18
106000313,229,137,92
106000318,67,505,-438
106000319,977,229,748
106000320,0,77,-77
106000321,200,152,48
106000322,149,79,70
106000324,19,79,-60
106000325,1729,929,800
106000326,835,1156,-321
106000327,210,55,155
106000328,27,105,-78
106000329,64,200,-136
106000330,49,76,-27
106000428,92,145,-53
106000429,167,276,-109
106000430,290,883,-593
106000431,2384,385,1999
106000432,1090,1837,-747
106000433,2885,1182,1703
106000434,3288,1652,1636
106000435,906,1790,-884
106000436,14,106,-92
106000437,354,66,288
106000438,497,267,230
106000439,77,382,-305
106000440,276,366,-90
106000441,4,0,4
106000442,116,9,107
106000443,176,168,8
106000450,7,97,-90
106000451,29,69,-40
106000454,0,82,-82
106000455,5,87,-82
106000456,96,30,66
106000457,30,482,-452
106000458,1177,60,1117
106000459,207,149,58
106000460,1876,21,1855
106000461,118,446,-328
106000462,0,31,-31
106000463,2,10,-8
106000464,3,231,-228
106000465,791,5,786
106000466,4,307,-303
106000467,156,254,-98
106000468,107,137,-30
106000469,89,0,89
106000470,243,1708,-1465
106000471,11,314,-303
106000472,189,15,174
106000473,47,16,31
106000474,209,234,-25
106000475,317,123,194
106000476,65,204,-139
106000477,16,13,3
106900001,0,5,-5
106900002,4,222,-218
106900003,162,1168,-1006
106900004,1,22,-21
106900006,0,6,-6
106900007,0,8,-8
106900008,435,106,329
106900009,505,155,350
106900010,214,232,-18
106900012,1018,2727,-1709
106900013,817,189,628
106900014,45,2,43
106900015,23,1,22
106900016,295,26,269
106900017,16,0,16
106900018,6,0,6
106900019,90,3,87
106900020,1908,1677,231
106900021,166,83,83
106900022,887,2,885
106900023,118,207,-89
106900024,1109,76,1033
106900025,36,592,-556
106900026,1,248,-247
106900027,932,4,928
107000001,3733,5816,-2083
107000002,2151,3982,-1831
107000003,7512,6668,844
107000004,4085,3106,979
107000005,6322,6020,302
107000006,3452,2160,1292
107000007,6365,10833,-4468
107000008,7435,6286,1149
107000009,9398,8584,814
107000010,7260,6487,773
107000011,844,930,-86
107000012,2769,1790,979
107000013,63,53,10
107000014,59,115,-56
107000015,405,462,-57
107000016,821,467,354
107000017,3732,7351,-3619
107000018,66,5373,-5307
107000020,2468,5990,-3522
107000021,1448,540,908
107000022,910,3127,-2217
107000023,1859,257,1602
107000024,824,1288,-464
107000025,251,394,-143
107000026,366,340,26
107000027,1593,1116,477
107000028,1564,742,822
107000029,3950,3352,598
107000030,3032,2084,948
107000031,5273,2762,2511
107000032,469,758,-289
107000033,2140,3475,-1335
107000034,7240,1320,5920
107000035,347,234,113
107000036,1658,1267,391
107000037,81,774,-693
107000038,222,207,15
107000039,1035,818,217
107000040,231,267,-36
107000041,1806,855,951
107000042,784,1979,-1195
107000043,2017,1068,949
107000044,441,742,-301
107000045,86,279,-193
107000046,795,481,314
107000047,448,688,-240
107000048,661,331,330
107000049,623,675,-52
107000050,1067,429,638
107000051,232,299,-67
107000052,1114,886,228
107000053,361,260,101
107000054,64,225,-161
107000055,132,91,41
107000056,407,625,-218
107000057,1238,173,1065
107000058,2200,2459,-259
107000059,1726,2840,-1114
107000060,5275,4961,314
107000061,4886,2882,2004
107000062,5913,2666,3247
107000063,4028,3209,819
107000064,4809,2779,2030
107000065,3663,3422,241
107000066,1940,3866,-1926
107000067,1356,1366,-10
107000068,1280,890,390
107000069,1086,674,412
107000070,1081,4,1077
107000071,4153,71,4082
107000072,43,1461,-1418
107000073,1129,464,665
107000074,123,614,-491
107000075,2116,567,1549
107000076,428,939,-511
107000077,4291,1456,2835
107000078,1851,2059,-208
107000079,3474,1200,2274
107000080,856,2047,-1191
107000081,2660,572,2088
107000082,547,829,-282
107000083,1625,445,1180
107000084,290,953,-663
107000085,2914,3010,-96
107000086,3260,2959,301
107000087,3425,1974,1451
107000088,3307,2939,368
107000089,1911,1612,299
107000090,1246,868,378
107000091,1791,758,1033
107000092,947,728,219
107000093,1286,851,435
107000094,903,803,100
107000095,1047,584,463
107000096,515,510,5
107000097,478,361,117
107000098,307,311,-4
107000099,472,401,71
107000100,313,410,-97
107000101,97,153,-56
107000102,182,337,-155
107000103,254,146,108
107000104,167,204,-37
107000105,430,107,323
107000106,197,169,28
107000107,504,108,396
107000108,149,302,-153
107000109,798,121,677
107000110,80,273,-193
107000111,444,42,402
107000112,35,150,-115
107000113,719,110,609
107000114,133,308,-175
107000115,691,191,500
107000116,129,458,-329
107000117,186,692,-506
107000118,110,113,-3
107000119,1392,1549,-157
107000120,777,521,256
107000121,1224,534,690
107000122,1023,663,360
107000123,599,427,172
107000124,620,539,81
107000125,1004,432,572
107000126,773,342,431
107000127,42,348,-306
107000129,165,133,32
107000130,368,265,103
107000131,569,382,187
107000132,655,343,312
107000133,525,177,348
107000134,287,2,285
107000135,3,343,-340
107000136,680,4,676
107000137,9,433,-424
107000138,276,30,246
107000139,35,575,-540
107000140,1392,112,1280
107000141,86,642,-556
107000142,453,97,356
107000143,77,435,-358
107000144,548,529,19
107000145,124,350,-226
107000146,213,300,-87
107000147,3267,741,2526
107000150,508,3248,-2740
107000151,35,111,-76
107000152,415,1719,-1304
107000153,84,372,-288
107000154,119,331,-212
107000155,965,31,934
107000156,1406,37,1369
107000157,120,711,-591
107000158,706,28,678
107000159,41,412,-371
107000160,1620,174,1446
107000161,93,559,-466
107000162,269,665,-396
107000163,269,7,262
107000164,933,1,932
107000165,1622,9,1613
107000166,26,571,-545
107000167,817,188,629
107000168,1177,524,653
107000169,731,641,90
107000170,3459,786,2673
107000171,699,1017,-318
107000172,1426,1790,-364
107000173,601,514,87
107000174,1285,6794,-5509
107000175,4685,1115,3570
107000176,1,0,1
107000177,32,3,29
107000178,31,13,18
107000179,274,1097,-823
107000180,1946,185,1761
107000181,410,630,-220
107000182,2211,622,1589
107000183,148,506,-358
107000184,1282,458,824
107000185,558,1056,-498
107000186,1615,456,1159
107000187,1315,1057,258
107000188,720,478,242
107000189,594,781,-187
107000190,858,524,334
107000191,800,703,97
107000192,1933,537,1396
107000193,499,477,22
107000194,749,526,223
107000197,1023,290,733
107000198,357,529,-172
107000199,1014,557,457
107000200,729,724,5
107000201,435,339,96
107000202,312,455,-143
107000203,1144,1176,-32
107000204,1219,1444,-225
107000205,1897,1104,793
107000206,982,1869,-887
107000207,775,1203,-428
107000208,1250,784,466
107000209,1405,1440,-35
107000210,394,260,134
107000211,4,61,-57
107000212,45,276,-231
107000213,2,32,-30
107000214,43,144,-101
107000215,584,238,346
107000216,566,1002,-436
107000217,197,147,50
107000219,153,216,-63
107000220,224,142,82
107000222,258,459,-201
107000224,817,139,678
107000225,112,250,-138
107000226,772,94,678
107000227,68,135,-67
107000228,204,477,-273
107000229,69,106,-37
107000230,905,439,466
107000231,949,1957,-1008
107000232,107,10,97
107000233,684,991,-307
107000234,0,78,-78
107000235,227,13,214
107000236,7,552,-545
107000237,63,2,61
107000238,24,0,24
107000239,4170,549,3621
107000240,61,627,-566
107000241,111,16,95
107000242,352,21,331
107000243,0,57,-57
107000244,15,74,-59
107000246,4,983,-979
107000249,3,1035,-1032
107000251,3,354,-351
107000252,0,469,-469
107000255,212,194,18
107000257,5,333,-328
107000258,7,194,-187
107000259,1,116,-115
107000260,1790,42,1748
107000262,5,263,-258
107000263,452,10,442
107000266,13,12,1
107000267,39,62,-23
107000268,73,79,-6
107000269,174,10,164
107000270,175,63,112
107000271,11,77,-66
107000272,106,7,99
107000273,13,581,-568
107000274,3039,1843,1196
107000275,25,5191,-5166
107000280,1064,44,1020
107000281,46,337,-291
107000282,89,519,-430
107000290,15,27,-12
107000291,20,15,5
107000292,1,302,-301
107000293,98,9,89
107000294,1,60,-59
107000295,40,4,36
107000296,2,19,-17
107000444,292,25,267
107000496,1,11,-10
107000497,1317,1274,43
107000500,438,257,181
107000501,126,139,-13
107000502,203,226,-23
107000505,278,570,-292
107000506,1,19,-18
107000508,1,285,-284
107000509,181,640,-459
107000510,24,54,-30
107000514,65,383,-318
107000515,18,87,-69
107000516,540,315,225
107000518,1307,2000,-693
107000519,974,602,372
107000520,101,49,52
107900001,92,88,4
107900002,99,16,83
107900003,360,19,341
107900004,189,1,188
107900005,1870,6,1864
107900006,282,11,271
107900007,458,66,392
107900008,56,11,45
107900009,236,5,231
107900010,83,3,80
107900012,297,76,221
107900013,216,12,204
107900014,86,11,75
107900015,1359,12,1347
107900016,412,100,312
107900017,52,3,49
107900018,97,257,-160
107900019,15,12,3
107900020,140,20,120
107900021,136,71,65
107900023,8,1,7
107900024,0,5,-5
107900025,240,197,43
107900026,73,26,47
107900027,57,65,-8
107900028,143,43,100
107900030,191,38,153
107900031,72,53,19
107900032,20,3,17
107900033,26,9,17
107900034,456,30,426
107900035,1190,59,1131
107900036,89,19,70
107900037,0,6,-6
107900038,126,335,-209
107900039,36,13,23
107900040,45,187,-142
107900041,3,8,-5
107900043,81,85,-4
107900044,13,11,2
107900045,139,58,81
107900046,156,218,-62
107900047,9,10,-1
107900048,259,31,228
107900049,213,1575,-1362
107900050,55,215,-160
107900051,118,53,65
107900052,15,42,-27
107900053,88,77,11
107900055,834,351,483
107900056,150,71,79
107900057,3,0,3
107900058,30,447,-417
107900060,19,163,-144
107900061,18,19,-1
107900063,80,112,-32
107900064,376,272,104
107900065,327,14,313
107900066,43,11,32
107900067,0,0,0
107900068,145,617,-472
107900069,25,2777,-2752
107900070,179,97,82
107900071,19,438,-419
107900072,151,79,72
107900073,106,79,27
107900074,409,344,65
107900076,149,40,109
107900077,79,1,78
107900078,258,59,199
107900079,11,33,-22
107900080,222,740,-518
107900081,59,87,-28
107900082,13,7,6
107900083,358,197,161
107900084,121,135,-14
107900086,47,230,-183
107900087,353,196,157
107900088,73,3,70
107900089,222,1092,-870
107900090,2063,2754,-691
107900091,142,187,-45
107900092,1187,294,893
107900093,91,40,51
107900095,2118,2041,77
107900097,68,56,12
107900098,85,185,-100
107900100,726,1743,-1017
107900101,638,108,530
107900102,44,11,33
107900103,57,139,-82
107900104,166,4,162
107900105,1,167,-166
107900106,7,542,-535
107900107,2243,558,1685
107900108,129,101,28
107900109,1942,36,1906
107900110,106,41,65
107900111,5,318,-313
107900112,99,386,-287
107900113,237,46,191
107900114,271,87,184
107900115,2,32,-30
107900116,262,60,202
107900117,344,158,186
107900118,71,110,-39
107900119,87,260,-173
107900120,51,33,18
107900121,4,139,-135
107900122,3,245,-242
107900123,9,78,-69
107900124,31,40,-9
107900125,13,162,-149
107900126,23,66,-43
107900127,576,352,224
107900128,64,75,-11
107900129,111,15,96
107900130,101,13,88
107900131,345,501,-156
107900132,88,211,-123
107900133,1,81,-80
107900134,45,129,-84
107900135,10,65,-55
107900136,20,36,-16
107900137,125,107,18
107900138,71,27,44
107900139,70,32,38
107900140,49,39,10
107900141,65,45,20
107900142,35,403,-368
107900143,40,9,31
107900144,2,118,-116
107900145,18,50,-32
107900146,64,154,-90
107900147,52,46,6
107900148,146,86,60
107900149,519,174,345
107900150,68,295,-227
107900151,32,79,-47
107900152,4,85,-81
107900153,131,383,-252
107900154,89,21,68
107900155,101,31,70
107900156,9,127,-118
107900157,50,33,17
107900158,1180,17,1163
107900159,16,465,-449
107900160,144,129,15
107900161,27,62,-35
107900162,1,138,-137
107900163,91,68,23
107900164,33,50,-17
107900165,24,145,-121
107900166,20,83,-63
107900167,16,33,-17
107900168,56,23,33
107900169,0,114,-114
107900171,5,528,-523
107900172,2,172,-170
107900173,43,63,-20
107900174,197,2,195
107900175,77,57,20
107900176,34,21,13
107900177,2,367,-365
107900178,0,81,-81
107900179,15,90,-75
107900180,332,905,-573
107900181,379,289,90
107900182,1,522,-521
107900183,103,130,-27
107900184,131,140,-9
107900185,169,6,163
107900186,67,48,19
107900187,0,73,-73
107900188,368,137,231
107900189,24,55,-31
107900190,37,151,-114
107900191,100,74,26
107900193,3,65,-62
107900194,274,17,257
107900195,1067,303,764
107900196,89,53,36
107900197,467,504,-37
107900199,1,362,-361
107900201,88,75,13
107900203,30,52,-22
107900204,141,253,-112
107900205,270,307,-37
107900206,1029,330,699
107900207,1,307,-306
107900208,4,236,-232
107900209,171,103,68
107900210,64,71,-7
107900213,671,636,35
107900214,15,84,-69
107900215,162,393,-231
107900216,196,71,125
107900217,25,100,-75
107900218,18,3588,-3570
107900219,47,37,10
107900220,131,240,-109
107900221,109,164,-55
107900223,138,257,-119
107900224,99,445,-346
107900225,5,518,-513
107900226,89,90,-1
107900227,147,297,-150
107900228,31,80,-49
107900229,1,114,-113
107900230,19,37,-18
107900231,26,99,-73
107900232,121,58,63
107900233,4,69,-65
107900234,150,61,89
107900235,21,194,-173
107900236,178,31,147
107900237,32,266,-234
107900238,40,63,-23
107900239,432,722,-290
107900240,30,66,-36
107900241,4,54,-50
107900242,42,94,-52
107900243,2,33,-31
107900244,347,6,341
107900245,858,56,802
107900246,315,22,293
107900248,586,206,380
107900249,1074,91,983
107900250,0,261,-261
107900251,44,783,-739
107900252,1357,52,1305
107900253,318,10,308
107900254,57,352,-295
107900255,182,102,80
107900256,1581,3232,-1651
107900257,332,141,191
107900258,143,193,-50
107900259,82,2845,-2763
107900261,2,155,-153
107900262,49,63,-14
107900264,444,9,435
107900265,142,239,-97
107900267,304,9,295
107900268,6,1,5
107900269,0,1,-1
107900270,0,1,-1
107900271,0,7,-7
107900272,28,6,22
107900273,59,72,-13
107900274,121,1,120
107900275,52,2,50
107900276,1,81,-80
107900277,3,120,-117
107900278,419,247,172
107900279,56,142,-86
107900280,2217,2054,163
107900281,598,3654,-3056
107900282,29,641,-612
107900283,733,818,-85
107900284,661,375,286
107900285,152,51,101
107900286,56,96,-40
107900287,328,185,143
107900290,0,218,-218
107900291,600,25,575
107900292,95,86,9
107900293,78,232,-154
107900295,55,24,31
107900297,2,318,-316
107900298,682,455,227
107900299,2028,2586,-558
107900300,128,323,-195
107900301,588,861,-273
107900302,115,41,74
107900303,255,152,103
107900304,454,271,183
107900305,388,10,378
107900306,6,36,-30
107900307,50,240,-190
107900308,159,178,-19
107900309,106,2,104
107900310,329,4,325
107900311,5,721,-716
107900312,89,0,89
107900313,0,187,-187
107900314,1,58,-57
107900315,1,31,-30
107900316,69,0,69
107900317,96,8,88
107900318,10,122,-112
107900319,4,114,-110
107900320,0,102,-102
107900321,163,1,162
107900322,2,64,-62
107900323,7,81,-74
107900324,150,2,148
107900325,103,0,103
107900326,460,144,316
107900327,1,46,-45
107900328,81,1,80
107900329,65,102,-37
107900330,7,190,-183
107900331,353,19,334
107900332,308,7,301
107900333,100,22,78
107900334,9,75,-66
107900335,38,29,9
107900336,51,86,-35
107900337,510,1007,-497
107900338,8,91,-83
107900339,0,24,-24
107900340,1,41,-40
107900341,65,2,63
107900342,74,38,36
107900343,62,2,60
107900344,6,82,-76
107900345,90,18,72
107900346,26,0,26
107900347,22,2,20
107900348,5,1,4
107900349,36,5,31
107900350,28,210,-182
108000001,3635,3594,41
108000002,1564,1661,-97
108000003,3886,3775,111
108000004,9914,10890,-976
108000005,8795,6676,2119
108000006,5782,6289,-507
108000007,5678,3922,1756
108000008,3460,4736,-1276
108000009,4451,4927,-476
108000010,2486,3257,-771
108000011,12739,12499,240
108000012,10885,11087,-202
108000014,742,1101,-359
108000015,827,204,623
108000016,293,659,-366
108000017,1151,315,836
108000018,1928,701,1227
108000019,1814,1155,659
108000020,1239,475,764
108000021,327,1577,-1250
108000022,408,1013,-605
108000023,1308,224,1084
108000024,318,339,-21
108000025,347,204,143
108000026,798,258,540
108000027,821,342,479
108000028,686,162,524
108000029,573,298,275
108000030,692,162,530
108000031,207,464,-257
108000032,1853,620,1233
108000033,762,680,82
108000034,2132,457,1675
108000035,628,1306,-678
108000036,291,694,-403
108000037,2097,406,1691
108000038,3207,496,2711
108000039,479,1329,-850
108000040,2193,944,1249
108000041,632,1680,-1048
108000042,372,152,220
108000043,237,161,76
108000044,744,108,636
108000045,329,242,87
108000046,1764,302,1462
108000047,444,513,-69
108000048,143,269,-126
108000049,967,236,731
108000050,97,285,-188
108000051,318,130,188
108000052,167,403,-236
108000053,482,223,259
108000054,379,858,-479
108000055,1131,598,533
108000056,715,1143,-428
108000057,619,1412,-793
108000058,1841,3820,-1979
108000059,2362,1413,949
108000060,200,451,-251
108000061,112,158,-46
108000062,1041,590,451
108000063,523,328,195
108000064,331,201,130
108000065,515,355,160
108000066,1449,706,743
108000067,2200,731,1469
108000068,814,374,440
108000069,181,599,-418
108000070,2215,688,1527
108000071,545,912,-367
108000072,2010,1007,1003
108000073,1071,1167,-96
108000074,707,374,333
108000075,292,580,-288
108000076,1037,555,482
108000077,561,513,48
108000078,2840,1011,1829
108000079,706,932,-226
108000080,1790,426,1364
108000081,454,739,-285
108000082,673,1189,-516
108000083,2098,895,1203
108000084,336,772,-436
108000085,962,485,477
108000086,535,482,53
108000087,169,2399,-2230
108000088,277,13,264
108000089,430,362,68
108000090,548,174,374
108000091,406,381,25
108000092,225,87,138
108000093,233,340,-107
108000094,716,85,631
108000095,152,201,-49
108000096,451,149,302
108000097,145,252,-107
108000098,2178,998,1180
108000099,260,63,197
108000100,81,175,-94
108000101,1703,1503,200
108000102,1670,3817,-2147
108000106,855,1,854
108000107,3,776,-773
108000108,598,65,533
108000109,10,763,-753
108000110,257,229,28
108000111,195,512,-317
108000112,40,146,-106
108000113,395,167,228
108000115,262,338,-76
108000117,622,460,162
108000118,58,289,-231
108000119,501,242,259
108000120,149,836,-687
108000121,224,270,-46
108000122,581,311,270
108000123,635,151,484
108000124,306,334,-28
108000125,574,181,393
108000126,196,248,-52
108000127,618,195,423
108000128,776,243,533
108000129,331,474,-143
108000130,547,204,343
108000131,998,515,483
108000132,1287,789,498
108000133,1273,461,812
108000134,449,290,159
108000135,1292,459,833
108000136,234,438,-204
108000137,567,137,430
108000138,603,505,98
108000139,597,257,340
108000140,143,20,123
108000141,45,41,4
108000142,52,43,9
108000143,50,15,35
108000144,79,13,66
108000145,46,7,39
108000146,113,13,100
108000147,45,11,34
108000148,104,22,82
108000149,29,9,20
108000150,49,7,42
108000151,9,17,-8
108000152,79,218,-139
108000153,770,109,661
108000154,39,4,35
108000155,25,28,-3
108000156,348,111,237
108000157,153,1361,-1208
108000158,61,791,-730
108000159,275,167,108
108000160,1578,1085,493
108000161,1782,3195,-1413
108000165,13,210,-197
108000172,2,375,-373
108000173,1005,2224,-1219
108000175,340,140,200
108000178,307,330,-23
108000179,187,983,-796
108000181,85,13,72
108000182,100,11,89
108000183,11,12,-1
108000184,580,2532,-1952
108000185,243,178,65
108000186,215,28,187
108000187,111,222,-111
108000188,765,134,631
108000189,419,1530,-1111
108000190,25,88,-63
108000192,233,284,-51
108000193,540,42,498
108000194,19,19,0
108000195,1,599,-598
108000196,186,128,58
108000198,471,99,372
108000199,1,276,-275
108000200,558,194,364
108000202,1,391,-390
108000203,128,199,-71
108000204,176,68,108
108000205,117,185,-68
108000339,905,314,591
108000364,79,282,-203
108000365,58,286,-228
108000367,124,201,-77
108000368,7,50,-43
108000369,436,203,233
108000371,3,490,-487
108000372,543,3,540
108000373,225,110,115
108000376,138,53,85
108000377,578,131,447
108000378,9601,11143,-1542
108000379,29,167,-138
108000381,97,10,87
108000382,53,0,53
108000383,0,113,-113
108900001,57,471,-414
108900002,151,67,84
108900003,226,459,-233
108900004,102,497,-395
108900005,71,562,-491
108900006,810,175,635
108900007,394,202,192
108900008,210,119,91
108900009,126,114,12
108900010,339,109,230
108900011,802,309,493
108900012,556,377,179
108900013,185,237,-52
108900014,25,70,-45
108900015,1,151,-150
108900016,2,164,-162
108900017,294,450,-156
108900018,191,300,-109
108900019,33,423,-390
108900020,58,107,-49
108900021,135,169,-34
108900022,104,8,96
108900023,4,29,-25
108900024,33,68,-35
108900025,184,82,102
108900026,21,83,-62
108900027,0,22,-22
108900028,116,166,-50
108900029,51,143,-92
108900030,0,27,-27
108900031,185,199,-14
108900032,11,135,-124
108900033,0,107,-107
108900034,0,92,-92
108900035,235,658,-423
108900036,181,204,-23
108900037,51,194,-143
108900038,0,182,-182
108900039,2,189,-187
108900040,5,70,-65
108900041,3645,3738,-93
108900042,6,349,-343
108900043,62,396,-334
108900044,0,225,-225
108900045,128,258,-130
108900046,25,384,-359
108900047,1,51,-50
108900048,71,415,-344
108900049,1353,1590,-237
108900050,0,102,-102
108900051,2,76,-74
108900052,17,94,-77
108900053,63,246,-183
108900054,76,164,-88
108900055,27,378,-351
108900056,0,87,-87
108900057,1,104,-103
108900058,58,203,-145
108900059,576,74,502
108900060,107,135,-28
108900061,83,30,53
108900062,2,140,-138
108900063,23,163,-140
108900064,382,26,356
108900065,37,121,-84
108900066,550,166,384
108900067,27,115,-88
108900068,0,33,-33
108900069,78,39,39
108900070,32,74,-42
108900071,153,47,106
108900072,1687,637,1050
108900073,6,35,-29
108900074,286,142,144
108900075,39,34,5
108900076,529,69,460
108900077,78,85,-7
108900078,79,89,-10
108900079,492,153,339
108900080,36,1054,-1018
108900081,47,213,-166
108900082,110,50,60
108900083,27,355,-328
108900084,352,176,176
108900085,1169,146,1023
108900086,185,138,47
108900087,65,137,-72
108900088,1062,424,638
108900089,29,148,-119
108900090,72,134,-62
108900091,105,46,59
108900092,601,270,331
108900093,130,123,7
108900094,244,63,181
108900095,25,186,-161
108900096,231,10,221
108900097,286,133,153
108900098,1197,1161,36
108900099,513,130,383
108900100,80,122,-42
108900101,293,265,28
108900102,80,1385,-1305
108900103,96,157,-61
108900104,102,332,-230
108900105,7,1412,-1405
108900106,541,192,349
108900108,394,75,319
108900109,91,52,39
108900110,222,236,-14
108900111,461,303,158
108900112,376,33,343
108900113,39,81,-42
108900114,1,3,-2
108900115,178,71,107
108900116,110,18,92
108900117,223,20,203
108900118,774,15,759
108900119,398,36,362
108900120,209,174,35
108900121,387,161,226
108900122,204,19,185
108900123,244,195,49
108900124,530,188,342
108900125,673,4,669
108900126,131,56,75
108900127,208,34,174
108900128,182,49,133
108900129,950,151,799
108900130,430,10,420
108900131,473,8,465
108900132,634,63,571
108900133,396,62,334
108900134,491,157,334
108900135,231,18,213
108900136,47,1,46
108900137,212,0,212
108900138,975,50,925
108900139,801,102,699
108900140,441,162,279
108900141,535,14,521
108900142,118,9,109
108900143,144,2,142
108900144,130,0,130
108900145,212,19,193
108900146,95,0,95
108900147,256,3,253
108900148,88,24,64
108900149,345,163,182
108900150,253,22,231
108900151,203,56,147
108900152,356,109,247
108900153,268,149,119
108900154,5473,387,5086
108900155,268,62,206
108900156,106,5,101
108900157,37,226,-189
108900158,427,26,401
108900159,1,128,-127
108900160,9,170,-161
108900161,7,247,-240
108900162,150,1,149
108900163,4,345,-341
108900164,54,60,-6
108900165,73,52,21
108900167,1047,9013,-7966
108900168,4298,2805,1493
108900169,72,103,-31
108900171,3497,3507,-10
108900172,202,51,151
108900173,177,277,-100
108900174,1022,525,497
108900176,153,245,-92
108900177,5054,7002,-1948
108900178,2696,4130,-1434
108900179,490,2089,-1599
108900180,201,256,-55
108900182,53,363,-310
108900183,261,174,87
108900184,577,201,376
108900185,148,310,-162
108900186,81,278,-197
108900187,520,42,478
108900188,988,64,924
108900189,564,111,453
108900190,150,1402,-1252
108900191,203,59,144
108900192,127,187,-60
108900193,95,54,41
108900194,10,255,-245
108900195,102,129,-27
108900196,40,209,-169
108900198,4,236,-232
108900199,248,279,-31
108900200,714,386,328
108900201,503,1218,-715
108900203,590,115,475
108900204,487,19,468
108900205,152,23,129
108900206,558,86,472
108900207,221,146,75
108900208,17,204,-187
108900209,114,370,-256
108900210,219,172,47
108900211,161,571,-410
108900212,359,1642,-1283
108900215,69,293,-224
108900216,329,363,-34
108900217,139,2,137
108900218,123,17,106
108900219,71,19,52
108900220,87,27,60
108900221,27,171,-144
108900222,397,31,366
108900223,3,120,-117
108900224,43,147,-104
108900225,0,133,-133
108900226,430,26,404
108900227,136,414,-278
108900230,156,170,-14
108900231,21,170,-149
108900232,1,171,-170
108900233,588,112,476
108900234,430,162,268
108900235,126,448,-322
108900236,50,313,-263
108900237,50,188,-138
108900240,174,88,86
108900241,42,61,-19
108900245,21,1746,-1725
108900249,163,29,134
108900250,239,80,159
108900257,374,214,160
108900258,8,124,-116
108900259,44,41,3
108900260,9,47,-38
108900261,43,68,-25
108900262,110,110,0
108900263,25,118,-93
108900264,272,297,-25
108900265,2541,746,1795
108900266,378,798,-420
108900267,0,164,-164
108900268,10,11,-1
108900269,69,25,44
108900270,81,8,73
108900271,86,15,71
108900272,276,14,262
108900273,440,2492,-2052
108900274,42,29,13
109000001,2077,1741,336
109000002,872,1944,-1072
109000003,2882,344,2538
109000004,486,1707,-1221
109000005,2529,508,2021
109000006,607,1499,-892
109000007,1798,543,1255
109000008,654,1420,-766
109000009,3552,1125,2427
109000010,947,2726,-1779
109000011,3965,2021,1944
109000012,1816,2286,-470
109000013,4823,3610,1213
109000014,2072,2137,-65
109000015,4183,8724,-4541
109000016,4630,2410,2220
109000017,3122,1058,2064
109000018,972,1974,-1002
109000019,2679,1123,1556
109000020,814,1354,-540
109000023,224,26,198
109000024,18,194,-176
109000025,276,478,-202
109000026,393,336,57
109000027,109,327,-218
109000028,96,99,-3
109000029,135,289,-154
109000030,80,448,-368
109000031,241,188,53
109000032,97,389,-292
109000033,296,166,130
109000034,51,42,9
109000035,17,69,-52
109000036,84,268,-184
109000037,276,2243,-1967
109000038,396,320,76
109000039,1318,1036,282
109000040,3058,12790,-9732
109000041,1580,2027,-447
109000042,434,1367,-933
109000044,501,64,437
109000045,121,284,-163
109000046,421,68,353
109000047,53,357,-304
109000048,786,204,582
109000049,230,454,-224
109000050,448,231,217
109000051,210,180,30
109000052,552,536,16
109000053,286,74,212
109000054,258,290,-32
109000055,304,314,-10
109000056,479,283,196
109000057,996,497,499
109000058,685,273,412
109000059,487,1351,-864
109000060,312,295,17
109000061,502,1520,-1018
109000062,122,365,-243
109000063,237,141,96
109000064,333,175,158
109000065,244,182,62
109000066,389,82,307
109000067,72,155,-83
109000068,1148,11,1137
109000069,699,33,666
109000070,11,1615,-1604
109000071,437,85,352
109000072,113,287,-174
109000073,63,79,-16
109000074,28,155,-127
109000075,82,316,-234
109000076,96,186,-90
109000077,209,187,22
109000078,51,139,-88
109000079,124,64,60
109000080,166,69,97
109000081,151,249,-98
109000082,680,140,540
109000083,309,303,6
109000088,162,342,-180
109000089,356,70,286
109000090,115,293,-178
109000091,465,228,237
109000092,274,293,-19
109000093,327,253,74
109000094,751,3,748
109000095,132,240,-108
109000096,944,200,744
109000097,119,74,45
109000098,33,132,-99
109000099,825,247,578
109000100,270,559,-289
109000101,1924,498,1426
109000102,498,661,-163
109000103,573,469,104
109000104,2303,430,1873
109000105,454,772,-318
109000106,2149,624,1525
109000107,580,1096,-516
109000108,2219,598,1621
109000109,454,1004,-550
109000110,1302,564,738
109000111,709,1453,-744
109000112,264,93,171
109000113,242,128,114
109000114,163,181,-18
109000115,1029,24,1005
109000116,8,224,-216
109000117,260,47,213
109000118,8,223,-215
109000119,1762,123,1639
109000120,241,433,-192
109000121,629,27,602
109000122,183,393,-210
109000123,12,25,-13
109000124,824,227,597
109000125,906,226,680
109000126,413,434,-21
109000127,1327,189,1138
109000128,498,655,-157
109000129,3087,750,2337
109000130,505,919,-414
109000131,974,636,338
109000132,593,1120,-527
109000133,265,640,-375
109000134,688,900,-212
109000135,823,1709,-886
109000136,274,220,54
109000137,382,334,48
109000138,461,206,255
109000139,601,307,294
109000140,199,224,-25
109000141,635,308,327
109000142,134,441,-307
109000143,122,60,62
109000145,86,184,-98
109000146,29,51,-22
109000148,1984,1995,-11
109000149,24,59,-35
109000150,45,291,-246
109000155,1039,672,367
109000156,877,416,461
109000158,192,255,-63
109000159,131,372,-241
109000160,1200,159,1041
109000161,400,692,-292
109000162,2275,504,1771
109000163,1301,1185,116
109000164,1400,1701,-301
109000165,1401,400,1001
109000166,952,87,865
109000167,123,314,-191
109000170,34,29,5
109000171,64,55,9
109000172,42,43,-1
109000173,19,101,-82
109000174,115,31,84
109000175,57,44,13
109000176,250,139,111
109000177,61,52,9
109000178,422,72,350
109000179,2603,5739,-3136
109000180,3623,3756,-133
109000181,45,19,26
109000182,56,18,38
109000183,30,18,12
109000184,46,11,35
109000185,23,20,3
109000188,403,996,-593
109000189,2528,642,1886
109000190,745,342,403
109000191,393,324,69
109000192,491,149,342
109000193,214,155,59
109000194,352,57,295
109000195,184,167,17
109000196,271,75,196
109000197,244,183,61
109000198,389,61,328
109000199,148,277,-129
109000206,270,22,248
109000207,155,24,131
109000208,138,96,42
109000209,134,78,56
109000210,95,428,-333
109000211,215,180,35
109000214,462,175,287
109000215,135,43,92
109000216,280,312,-32
109000217,183,140,43
109000218,275,221,54
109000221,394,692,-298
109000222,947,204,743
109000223,400,383,17
109000224,42,50,-8
109000225,96,19,77
109000226,38,117,-79
109000227,1369,542,827
109000228,2,2329,-2327
109000231,1,217,-216
109000232,526,179,347
109000236,342,567,-225
109000241,2072,1317,755
109000242,1797,879,918
109000293,25,65,-40
109000361,102,164,-62
109000364,127,398,-271
109000396,4,274,-270
109000397,873,12,861
109000399,103,284,-181
109000400,81,118,-37
109000403,118,1035,-917
109000406,301,3,298
109000407,242,115,127
109000408,0,185,-185
109000410,914,141,773
109000411,124,22,102
109900001,108,1,107
109900002,1136,30,1106
109900003,370,1,369
109900004,717,95,622
109900005,56,20,36
109900006,548,112,436
109900007,965,234,731
109900008,0,17,-17
109900009,142,348,-206
109900010,632,40,592
109900011,88,59,29
109900012,330,200,130
109900013,377,161,216
109900014,438,82,356
109900015,474,204,270
109900016,190,28,162
109900017,189,235,-46
109900018,272,45,227
109900019,253,42,211
109900020,27,34,-7
109900021,45,12,33
109900022,71,197,-126
109900023,28,3,25
109900024,40,8,32
109900025,9,24,-15
109900026,5,135,-130
109900027,42,25,17
109900028,559,1176,-617
109900029,3,177,-174
109900030,34,26,8
109900031,3,303,-300
109900032,8,205,-197
109900033,5,432,-427
109900034,42,2,40
109900035,28,29,-1
109900036,15,36,-21
109900037,26,300,-274
109900038,111,228,-117
109900039,4,1,3
109900040,31,304,-273
109900041,42,198,-156
109900042,31,2655,-2624
109900044,82,143,-61
109900045,146,116,30
109900046,29,51,-22
109900047,276,239,37
109900048,0,75,-75
109900049,38,34,4
109900050,0,67,-67
109900051,4,27,-23
109900052,102,216,-114
109900053,0,110,-110
109900054,1172,189,983
109900055,70,199,-129
109900056,12,193,-181
109900057,11,65,-54
109900058,0,38,-38
109900059,1204,103,1101
109900060,598,71,527
109900061,40,255,-215
109900062,0,71,-71
109900063,14,491,-477
109900064,593,156,437
109900065,32,106,-74
109900066,271,465,-194
109900067,0,104,-104
109900068,143,6,137
109900069,2,32,-30
109900070,36,205,-169
109900071,1,21,-20
109900072,29,90,-61
109900073,476,340,136
109900074,8,20,-12
109900075,22,32,-10
109900076,11,112,-101
109900077,30,40,-10
109900078,75,183,-108
109900080,108,201,-93
109900081,20,206,-186
109900082,56,207,-151
109900083,28,62,-34
109900084,66,78,-12
109900085,209,386,-177
109900086,111,599,-488
109900087,200,431,-231
109900089,828,193,635
109900090,499,809,-310
109900091,437,47,390
109900092,953,50,903
109900093,1267,202,1065
109900094,81,93,-12
109900095,130,186,-56
109900096,55,7,48
109900097,116,1,115
109900098,550,44,506
109900099,271,2,269
109900100,34,0,34
109900101,788,13,775
109900102,524,35,489
109900103,34,40,-6
109900104,793,269,524
109900105,655,19,636
109900106,464,43,421
109900107,1316,69,1247
109900108,166,298,-132
109900109,49,222,-173
109900110,56,215,-159
109900111,251,522,-271
109900112,240,303,-63
109900113,1054,736,318
109900114,1293,1274,19
109900115,223,93,130
109900117,1324,112,1212
109900118,166,332,-166
109900119,570,242,328
109900120,96,19,77
109900121,422,465,-43
109900122,577,9,568
109900123,18,113,-95
109900124,41,246,-205
109900125,1,122,-121
109900126,451,55,396
109900128,490,41,449
109900130,3918,3160,758
109900131,54,115,-61
109900132,28,103,-75
109900133,83,233,-150
109900134,71,82,-11
109900135,260,36,224
109900136,66,75,-9
109900137,141,169,-28
109900138,530,145,385
109900140,191,87,104
109900141,629,171,458
109900142,1615,265,1350
109900145,9,557,-548
109900146,331,25,306
109900148,28,51,-23
109900149,37,64,-27
109900150,8,63,-55
109900151,8,23,-15
109900152,0,18,-18
109900153,0,39,-39
109900154,36,0,36
109900155,56,15,41
109900157,72,137,-65
109900158,53,101,-48
109900159,158,43,115
109900160,158,52,106
109900161,275,73,202
109900162,191,116,75
109900163,572,239,333
109900164,88,144,-56
109900165,265,2,263
109900166,1,88,-87
109900167,192,294,-102
109900168,209,416,-207
109900169,271,116,155
109900170,227,1280,-1053
109900171,249,73,176
109900172,238,224,14
109900173,1346,2357,-1011
109900174,63,78,-15
109900175,65,83,-18
109900176,125,95,30
109900177,69,149,-80
109900178,8,338,-330
109900179,43,20,23
109900180,5,13,-8
110000001,725,391,334
110000002,637,731,-94
110000003,796,605,191
110000004,476,679,-203
110000005,507,1883,-1376
110000006,224,287,-63
110000007,135,73,62
110000008,22,61,-39
110000009,25,15,10
110000010,25,73,-48
110000011,33,36,-3
110000012,530,266,264
110000013,32,485,-453
110000014,480,290,190
110000015,199,508,-309
110000016,279,1611,-1332
110000017,5406,285,5121
110000018,3313,328,2985
110000019,10,57,-47
110000020,448,168,280
110000021,450,363,87
110000022,1123,193,930
110000023,9,76,-67
110000024,554,352,202
110000025,537,9,528
110000026,7,136,-129
110000027,1047,808,239
110000028,978,492,486
110000029,394,408,-14
110000030,328,347,-19
110000031,246,284,-38
110000032,917,297,620
110000033,297,159,138
110000034,605,506,99
110000035,734,487,247
110000036,1234,815,419
110000037,190,943,-753
110000038,261,579,-318
110000039,841,4241,-3400
110000040,277,289,-12
110000041,318,1910,-1592
110000042,82,1189,-1107
110000043,921,260,661
110000044,136,4334,-4198
110000045,1032,579,453
110000046,7,37,-30
110000047,25,314,-289
110000048,5,33,-28
110000049,23,16,7
110000050,11,67,-56
110000051,27,7,20
110000052,33,40,-7
110000053,81,14,67
110000054,199,572,-373
110000055,715,86,629
110000056,103,118,-15
110000057,314,435,-121
110000058,939,589,350
110000059,992,414,578
110000060,1093,1004,89
110000061,719,582,137
110000062,532,772,-240
110000063,20,132,-112
110000064,47,32,15
110000065,97,115,-18
110000066,102,25,77
110000067,82,88,-6
110000068,284,57,227
110000069,492,43,449
110000071,305,43,262
110000073,30,14,16
110000075,9,42,-33
110000076,351,459,-108
110000077,309,1092,-783
110000078,28,30,-2
110000080,189,491,-302
110000081,34,177,-143
110000082,15,298,-283
110000083,186,477,-291
110000084,1327,897,430
110000085,981,1089,-108
110000086,1107,2328,-1221
110000087,25,43,-18
110000088,109,168,-59
110000089,289,53,236
110000090,102,160,-58
110000091,641,165,476
110000092,12,48,-36
110000093,41,16,25
110000094,439,145,294
110000095,187,674,-487
110000096,1262,1755,-493
110000097,1129,1733,-604
110000098,1864,553,1311
110000099,671,1411,-740
110000100,1210,246,964
110000101,25,130,-105
110000102,122,17,105
110000104,366,135,231
110000105,33,156,-123
110000106,635,494,141
110000107,211,176,35
110000108,114,142,-28
110000109,221,239,-18
110000110,1818,4798,-2980
110000111,3602,3007,595
110000112,593,1152,-559
110000113,181,2420,-2239
110000114,247,673,-426
110000115,463,260,203
110000116,76,55,21
110000117,288,176,112
110000118,613,83,530
110000119,369,207,162
110000120,452,102,350
110000121,88,321,-233
110000122,481,449,32
110000123,753,664,89
110000124,2,651,-649
110000125,1012,11,1001
110000126,332,21,311
110000127,1277,54,1223
110000128,33,902,-869
110000129,5,289,-284
110000130,286,211,75
110000131,115,192,-77
110000132,2,431,-429
110000133,16,325,-309
110000134,11,303,-292
110000135,189,22,167
110000136,53,179,-126
110000137,692,466,226
110000138,902,373,529
110000139,1157,699,458
110000140,737,721,16
110000143,516,328,188
110000144,4527,1972,2555
110000145,2048,1327,721
110000146,2553,1174,1379
110000147,509,677,-168
110000148,658,219,439
110000151,1003,1034,-31
110000152,833,391,442
110000153,239,22,217
110000154,46,36,10
110000155,1429,3677,-2248
110000156,1119,2291,-1172
110000157,2366,2338,28
110000160,358,221,137
110000161,181,164,17
110000166,618,49,569
110000167,1021,540,481
110000168,1267,586,681
110000169,944,358,586
110000170,146,43,103
110000171,562,86,476
110000172,180,545,-365
110000173,754,765,-11
110000174,132,488,-356
110000175,865,50,815
110000176,109,434,-325
110000177,266,1011,-745
110000178,431,1575,-1144
110000179,970,301,669
110000180,189,453,-264
110000181,654,327,327
110000182,281,185,96
110000183,6986,8717,-1731
110000184,272,2870,-2598
110000185,1117,1367,-250
110000186,712,619,93
110000191,1437,193,1244
110000192,712,14,698
110000193,1198,18,1180
110000194,22,519,-497
110000195,507,178,329
110000196,502,103,399
110000197,158,100,58
110000198,131,48,83
110000199,92,114,-22
110000200,861,389,472
110000201,1043,1191,-148
110000202,1305,565,740
110000203,536,486,50
110000204,7,121,-114
110000205,250,42,208
110000206,465,667,-202
110000207,1602,371,1231
110000208,310,253,57
110000209,76,737,-661
110000210,1630,326,1304
110000211,948,656,292
110000212,449,1102,-653
110000213,350,61,289
110000214,398,80,318
110000215,183,232,-49
110000216,143,194,-51
110000217,538,112,426
110000218,163,150,13
110000219,480,34,446
110000220,56,149,-93
110000221,467,42,425
110000222,53,132,-79
110000223,8,208,-200
110000224,55,7,48
110000225,290,683,-393
110000226,249,64,185
110000227,1029,1108,-79
110000228,231,187,44
110000229,0,143,-143
110000230,609,471,138
110000231,210,223,-13
110000232,318,324,-6
110000233,260,344,-84
110000234,832,4109,-3277
110000235,1408,1527,-119
110000236,721,452,269
110000237,2022,1238,784
110000238,1239,1007,232
110000239,1956,859,1097
110000240,3,34,-31
110000242,0,22,-22
110000243,152,81,71
110000244,121,368,-247
110000245,26,328,-302
110000246,928,370,558
110000247,985,2721,-1736
110000248,1821,1044,777
110000249,74,4,70
110000250,36,108,-72
110000251,469,274,195
110000252,396,143,253
110000253,1427,478,949
110000254,615,617,-2
110000255,237,574,-337
110000256,511,306,205
110000257,617,268,349
110000258,11,255,-244
110000259,172,14,158
110000260,30,149,-119
110000263,617,53,564
110000264,387,324,63
110000265,1125,1847,-722
110000266,1681,2922,-1241
110000267,32,153,-121
110000268,354,395,-41
110000269,6,63,-57
110000270,87,2,85
110000271,1105,243,862
110000272,1038,883,155
110000273,2135,1469,666
110000274,175,1918,-1743
110000275,1305,530,775
110000276,305,438,-133
110000277,336,250,86
110000278,389,534,-145
110000279,890,619,271
110000280,622,385,237
110000281,60,385,-325
110000282,213,16,197
110000283,40,122,-82
110000284,14,49,-35
110000285,3,788,-785
110000286,15,1,14
110000287,104,3,101
110000288,2,85,-83
110000289,457,2363,-1906
110000290,478,598,-120
110000291,2875,1062,1813
110000292,1244,5748,-4504
110000293,733,476,257
110000294,1390,1123,267
110000295,196,534,-338
110000296,655,284,371
110000297,2398,260,2138
110000298,101,245,-144
110000299,115,56,59
110000301,273,20,253
110000302,220,537,-317
110000303,345,3,342
110000304,135,150,-15
110000305,1462,22,1440
110000306,216,787,-571
110000307,2227,10,2217
110000308,727,6,721
110000309,3,554,-551
110000310,826,44,782
110000311,17,520,-503
110000312,410,101,309
110000313,2168,1998,170
110000314,1,151,-150
110000315,2546,2742,-196
110000316,458,1161,-703
110000317,321,811,-490
110000318,3,37,-34
110000319,7,13,-6
110000320,38,16,22
110000321,15,11,4
110000322,289,240,49
110000323,598,125,473
110000324,2206,1530,676
110000325,2287,3644,-1357
110000327,457,249,208
110000328,134,311,-177
110000333,1153,798,355
110000334,685,990,-305
110000335,910,446,464
110000336,658,725,-67
110000337,1605,548,1057
110000338,510,152,358
110000339,384,177,207
110000340,29,119,-90
110000341,476,337,139
110000342,254,2,252
110000343,0,15,-15
110000344,177,165,12
110000345,305,185,120
110000346,2444,1810,634
110000347,1153,644,509
110000348,12,19,-7
110000349,6,10,-4
110000350,58,5,53
110000351,1472,570,902
110000352,635,1360,-725
110000353,2811,408,2403
110000354,784,2911,-2127
110000355,134,69,65
110000356,2847,13,2834
110000357,705,10,695
110000361,50,32,18
110000362,96,46,50
110000363,548,97,451
110000364,321,549,-228
110000365,150,3,147
110000366,2,91,-89
110000367,526,262,264
110000368,3,52,-49
110000369,75,4,71
110000373,1,180,-179
110000374,107,14,93
110000375,133,763,-630
110000376,18,50,-32
110000377,83,453,-370
110000378,34,469,-435
110000379,2018,2036,-18
110000380,73,10,63
110000383,2,1730,-1728
110000384,1475,1281,194
110000385,0,257,-257
110000387,111,4,107
110000388,52,128,-76
110000389,809,3,806
110000391,977,187,790
110000396,200,72,128
110000397,175,87,88
110000398,7,17,-10
110000399,118,0,118
110000587,154,75,79
110000589,203,71,132
110000640,162,45,117
110000652,16,341,-325
110000653,329,286,43
110000654,28,804,-776
110000656,0,233,-233
110000674,30,26,4
110000675,19,14,5
110000676,4,52,-48
110000679,115,1349,-1234
110000682,99,203,-104
110000683,258,357,-99
110000684,7,31,-24
110000685,7,21,-14
110000686,4,42,-38
110000687,20,8,12
110000688,43,1212,-1169
110000689,18,13,5
110000692,72,143,-71
110000693,95,254,-159
110000694,0,122,-122
110000695,204,483,-279
110000696,41,61,-20
110900001,283,48,235
110900002,461,198,263
110900003,904,238,666
110900004,528,93,435
110900005,1537,2917,-1380
110900006,28,28,0
110900007,154,51,103
110900008,12,24,-12
110900009,517,194,323
110900010,21,52,-31
110900011,20,69,-49
110900012,38,48,-10
110900013,1177,115,1062
110900014,259,21,238
110900015,359,742,-383
110900016,73,69,4
110900017,559,30,529
110900018,488,54,434
110900019,316,25,291
110900020,158,136,22
110900021,93,315,-222
110900022,62,161,-99
110900023,93,448,-355
110900024,37,159,-122
110900025,4,32,-28
110900027,28,174,-146
110900028,44,124,-80
110900029,12,167,-155
110900030,39,147,-108
110900031,1,86,-85
110900032,0,51,-51
110900033,52,169,-117
110900035,6,414,-408
110900036,124,14,110
110900037,131,15,116
110900038,668,139,529
110900039,13,254,-241
110900040,334,23,311
110900041,28,44,-16
110900042,131,43,88
110900043,1,60,-59
110900044,206,16,190
110900045,53,239,-186
110900046,10,107,-97
110900047,363,287,76
110900049,109,103,6
110900050,33,14,19
110900051,41,146,-105
110900052,2,74,-72
110900053,106,31,75
110900054,37,128,-91
110900055,18,8,10
110900056,36,106,-70
110900057,7,67,-60
110900058,240,363,-123
110900059,455,275,180
110900060,490,120,370
110900061,14,53,-39
110900062,155,171,-16
110900063,30,119,-89
110900064,20,0,20
110900065,143,111,32
110900066,3,65,-62
110900067,430,673,-243
110900068,213,197,16
110900069,5,20,-15
110900070,63,46,17
110900071,176,872,-696
110900073,3,17,-14
110900074,489,103,386
110900075,481,61,420
110900077,1187,490,697
110900078,72,22,50
110900079,1526,1299,227
110900080,145,62,83
110900081,13,36,-23
110900082,134,55,79
110900083,133,54,79
110900084,51,55,-4
110900085,54,179,-125
110900086,64,418,-354
110900087,351,42,309
110900088,8,3,5
110900090,38,42,-4
110900091,6,40,-34
110900093,254,77,177
110900095,78,45,33
110900097,15,13,2
110900098,19,64,-45
110900099,60,329,-269
110900100,0,21,-21
110900102,74,13,61
110900105,1160,177,983
110900108,31,31,0
110900111,423,146,277
110900112,865,13,852
110900113,260,56,204
110900115,10,48,-38
110900116,1049,923,126
110900118,67,3417,-3350
110900119,1632,220,1412
110900120,37,37,0
110900121,176,4,172
110900122,577,178,399
110900125,433,420,13
110900127,534,1346,-812
110900128,299,262,37
110900129,290,993,-703
110900130,616,478,138
110900131,285,31,254
110900132,421,101,320
110900133,61,116,-55
110900135,80,174,-94
110900136,380,27,353
110900137,37,3,34
110900138,784,948,-164
110900139,15,276,-261
110900140,53,3,50
110900141,13,292,-279
110900142,50,98,-48
110900143,176,62,114
110900144,2,395,-393
110900145,148,61,87
110900146,243,306,-63
110900147,68,315,-247
110900148,3,156,-153
110900149,9,35,-26
110900150,100,11,89
110900151,3,57,-54
110900152,21,104,-83
110900153,197,49,148
111000001,403,279,124
111000002,253,430,-177
111000003,1284,678,606
111000004,397,613,-216
111000005,1632,1265,367
111000006,947,1623,-676
111000007,4735,3339,1396
111000008,1508,3081,-1573
111000009,328,642,-314
111000010,996,252,744
111000011,166,683,-517
111000012,191,347,-156
111000013,301,612,-311
111000014,1097,396,701
111000017,123,980,-857
111000018,211,311,-100
111000020,783,1653,-870
111000021,61,94,-33
111000023,134,65,69
111000025,3425,3673,-248
111000029,66,116,-50
111000030,56,81,-25
111000031,2141,1033,1108
111000032,536,269,267
111000033,361,256,105
111000034,81,238,-157
111000037,1081,555,526
111000038,3007,1665,1342
111000039,1630,1607,23
111000040,1807,1594,213
111000041,1051,1217,-166
111000042,1859,1873,-14
111000043,1987,3915,-1928
111000044,1892,1097,795
111000045,3108,2316,792
111000046,2044,1649,395
111000047,3028,4756,-1728
111000049,430,408,22
111000050,1003,905,98
111000051,593,711,-118
111000052,575,1164,-589
111000053,340,725,-385
111000054,333,612,-279
111000055,991,1211,-220
111000056,168,251,-83
111000057,136,263,-127
111000058,523,69,454
111000059,646,221,425
111000060,4132,787,3345
111000061,657,277,380
111000062,987,305,682
111000063,1856,1045,811
111000064,903,559,344
111000065,1392,853,539
111000066,606,391,215
111000067,559,421,138
111000068,665,786,-121
111000069,1442,1538,-96
111000070,637,607,30
111000071,328,360,-32
111000072,1181,397,784
111000073,338,892,-554
111000074,1724,1558,166
111000075,1027,469,558
111000076,620,650,-30
111000077,1680,1359,321
111000078,2537,1210,1327
111000079,1071,578,493
111000080,514,518,-4
111000081,1418,4067,-2649
111000082,800,430,370
111000084,806,486,320
111000085,797,898,-101
111000086,2837,721,2116
111000087,724,399,325
111000088,5740,2531,3209
111000089,731,661,70
111000090,690,1191,-501
111000091,720,293,427
111000092,1634,664,970
111000093,862,1010,-148
111000094,1716,887,829
111000095,589,2038,-1449
111000096,987,7454,-6467
111000097,2993,1162,1831
111000098,624,736,-112
111000099,520,1042,-522
111000100,362,871,-509
111000101,370,524,-154
111000102,321,440,-119
111000104,912,153,759
111000107,128,714,-586
111000109,1217,271,946
111000110,1666,522,1144
111000111,3058,472,2586
111000112,2206,541,1665
111000113,947,1731,-784
111000114,1507,3598,-2091
111000115,3909,1064,2845
111000116,956,778,178
111000117,310,715,-405
111000118,1054,642,412
111000119,1432,641,791
111000120,551,555,-4
111000121,279,662,-383
111000122,569,928,-359
111000123,976,1589,-613
111000124,455,1416,-961
111000125,245,763,-518
111000126,91,538,-447
111000127,1127,108,1019
111000128,2244,208,2036
111000129,3319,362,2957
111000130,2711,426,2285
111000131,2435,489,1946
111000132,2089,1058,1031
111000133,175,91,84
111000134,121,68,53
111000135,80,132,-52
111000136,369,257,112
111000138,32,3,29
111000140,2,3,-1
111000141,180,404,-224
111000142,14,282,-268
111000143,7,361,-354
111000144,23,1680,-1657
111000145,310,10,300
111000146,128,9,119
111000147,156,32,124
111000148,166,86,80
111000149,9,32,-23
111000150,32,12,20
111000151,2,9,-7
111000153,530,686,-156
111000154,454,220,234
111000155,131,182,-51
111000156,554,615,-61
111000157,247,914,-667
111000158,1055,807,248
111000159,4249,784,3465
111000160,562,335,227
111000161,19,551,-532
111000162,43,125,-82
111000163,776,701,75
111000164,420,2328,-1908
111000165,710,335,375
111000166,1121,293,828
111000167,145,331,-186
111000168,209,340,-131
111000169,246,514,-268
111000170,344,285,59
111000171,438,381,57
111000172,156,228,-72
111000173,347,424,-77
111000174,189,152,37
111000175,45,422,-377
111000176,419,67,352
111000177,512,110,402
111000178,1659,167,1492
111000179,289,105,184
111000180,307,409,-102
111000181,1629,202,1427
111000182,220,151,69
111000183,230,237,-7
111000184,284,185,99
111000185,322,206,116
111000186,318,141,177
111000187,145,86,59
111000188,290,246,44
111000189,539,423,116
111000190,167,172,-5
111000191,133,177,-44
111000192,174,283,-109
111000193,215,175,40
111000194,51,185,-134
111000195,132,194,-62
111000196,105,100,5
111000197,509,86,423
111000198,568,32,536
111000199,234,114,120
111000200,553,250,303
111000201,786,134,652
111000202,366,144,222
111000203,362,233,129
111000204,365,1082,-717
111000213,202,434,-232
111000214,1294,950,344
111000215,966,930,36
111000217,1614,783,831
111000218,1254,1022,232
111000219,299,171,128
111000220,844,682,162
111000221,435,99,336
111000224,1,179,-178
111000225,195,72,123
111000226,87,2,85
111000227,14,5,9
111000228,35,555,-520
111000229,55,1307,-1252
111000230,278,220,58
111000231,1093,308,785
111000232,781,602,179
111000233,1376,538,838
111000234,192,531,-339
111000239,60,98,-38
111000240,78,223,-145
111000241,50,192,-142
111000242,251,57,194
111000243,135,264,-129
111000244,646,53,593
111000245,1042,240,802
111000246,643,188,455
111000247,505,418,87
111000248,750,294,456
111000249,562,339,223
111000250,73,44,29
111000251,89,53,36
111000253,11,22,-11
111000255,43,16,27
111000257,47,11,36
111000260,100,883,-783
111000261,1613,91,1522
111000271,33,173,-140
111000273,2359,940,1419
111000274,1171,2108,-937
111000275,154,28,126
111000276,240,943,-703
111000277,243,249,-6
111000278,594,179,415
111000291,900,8034,-7134
111000298,572,119,453
111000299,836,206,630
111000300,109,406,-297
111000302,375,61,314
111000303,66,121,-55
111000312,41,54,-13
111000315,0,39,-39
111000320,175,477,-302
111000321,405,128,277
111000322,326,267,59
111000323,351,25,326
111000324,336,162,174
111000325,54,63,-9
111000326,177,194,-17
111000327,436,232,204
111000328,285,420,-135
111000329,1,15,-14
111000330,52,4,48
111000331,12,2,10
111000332,591,1060,-469
111000334,277,744,-467
111000335,973,193,780
111000337,1705,209,1496
111000338,64,70,-6
111000339,837,143,694
111000340,104,319,-215
111000341,1267,675,592
111000342,112,1327,-1215
111000344,1257,577,680
111000345,188,109,79
111000346,6,245,-239
111000347,167,7,160
111000350,122,59,63
111000351,109,190,-81
111000352,213,76,137
111000353,179,153,26
111000354,683,107,576
111000355,378,396,-18
111000358,160,484,-324
111000360,265,252,13
111000361,180,139,41
111000546,888,392,496
111000547,559,254,305
111000548,213,277,-64
111000549,403,131,272
111000550,37,817,-780
111000551,493,129,364
111000552,640,170,470
111000907,306,70,236
111000908,17,0,17
111000916,2259,202,2057
111000917,33,325,-292
111000918,248,309,-61
111000920,572,19,553
111000921,6,68,-62
111000922,598,162,436
111000924,42,386,-344
111000925,2630,1762,868
111000926,931,937,-6
111000927,2655,4194,-1539
111000928,3680,2090,1590
111000929,1900,1289,611
111000930,805,1461,-656
111000931,2706,2626,80
111000932,3240,1534,1706
111000933,3441,2593,848
111000934,1331,2425,-1094
111000935,2016,923,1093
111000936,1066,1315,-249
111000937,1235,1293,-58
111000938,1165,821,344
111000939,767,38,729
111000940,656,60,596
111000941,405,274,131
111000943,636,213,423
111000944,166,172,-6
111000945,102,839,-737
111001109,556,569,-13
111001110,156,308,-152
111001111,85,3,82
111001112,88,2,86
111001113,0,124,-124
111001114,566,122,444
111001115,9,577,-568
111001116,2710,4494,-1784
111001117,305,2539,-2234
111001120,108,169,-61
111001121,118,132,-14
111001122,23,115,-92
111001123,34,8,26
111900001,33,91,-58
111900002,46,305,-259
111900003,7,177,-170
111900004,42,60,-18
111900006,22,36,-14
111900007,210,10,200
111900008,367,5,362
111900009,294,74,220
111900010,246,310,-64
111900012,40,50,-10
111900013,6,44,-38
111900014,2478,5226,-2748
111900015,1,31,-30
111900016,0,37,-37
111900017,0,72,-72
111900018,190,5,185
111900019,1,115,-114
111900020,2,43,-41
111900021,17,57,-40
111900022,23,34,-11
111900023,68,54,14
111900024,0,40,-40
111900025,0,34,-34
111900026,0,26,-26
111900027,3,47,-44
111900028,0,149,-149
111900029,1,71,-70
111900030,18,215,-197
111900031,62,39,23
111900032,2,134,-132
111900033,4,49,-45
111900034,160,298,-138
111900035,58,112,-54
111900036,1,118,-117
111900038,154,391,-237
111900039,32,215,-183
111900040,1,192,-191
111900042,23,69,-46
111900043,0,164,-164
111900044,214,168,46
111900046,34,115,-81
111900048,345,246,99
111900049,20,140,-120
111900050,124,31,93
111900051,4,98,-94
111900052,183,259,-76
111900053,563,2445,-1882
111900054,228,5,223
111900055,1,182,-181
111900056,121,376,-255
111900057,194,23,171
111900058,643,297,346
111900059,1082,709,373
111900060,490,7,483
111900061,6,158,-152
111900062,57,78,-21
111900063,327,269,58
111900064,48,135,-87
111900065,204,22,182
111900066,180,151,29
111900067,0,197,-197
111900068,44,41,3
111900069,72,44,28
111900070,179,91,88
111900071,0,134,-134
111900072,40,17,23
111900073,1296,164,1132
111900074,18,139,-121
111900075,115,7,108
111900076,262,59,203
111900077,34,2,32
111900078,366,46,320
111900079,56,36,20
111900080,221,275,-54
111900081,459,225,234
111900082,246,43,203
111900083,222,21,201
111900084,165,5,160
111900085,31,124,-93
111900086,101,8,93
111900087,110,1,109
111900088,747,5,742
111900089,142,1,141
111900090,52,45,7
111900091,288,1,287
111900092,138,0,138
111900093,544,7,537
111900094,227,2,225
111900095,315,63,252
111900096,281,4,277
111900097,87,2,85
111900098,371,1,370
111900099,85,0,85
111900100,154,7,147
111900101,118,29,89
111900102,712,254,458
111900103,67,105,-38
111900104,164,72,92
111900105,310,458,-148
111900106,668,40,628
111900107,103,106,-3
111900108,125,233,-108
111900109,285,556,-271
111900110,1077,362,715
111900111,175,63,112
111900112,323,3666,-3343
111900113,169,103,66
111900114,134,113,21
111900115,10,15,-5
111900118,288,101,187
111900119,368,186,182
111900122,122,107,15
111900123,13,29,-16
111900124,30,43,-13
111900125,695,48,647
111900126,361,5,356
111900127,1,253,-252
111900128,3,266,-263
111900129,376,5,371
111900130,278,64,214
111900131,611,4,607
111900132,12,472,-460
111900133,9,178,-169
111900134,1,139,-138
111900135,25,50,-25
111900136,71,150,-79
111900137,73,31,42
111900138,13,27,-14
111900139,17,79,-62
111900140,110,36,74
111900141,62,4,58
111900142,107,17,90
111900143,50,81,-31
111900144,6,38,-32
111900145,1,212,-211
111900146,0,120,-120
111900147,74,220,-146
111900148,15,330,-315
111900149,5,165,-160
111900150,20,117,-97
111900151,2,20,-18
111900152,77,91,-14
111900153,767,916,-149
111900154,21,423,-402
111900155,71,127,-56
111900156,78,93,-15
111900157,247,31,216
111900158,640,101,539
111900159,340,44,296
111900160,528,1,527
111900161,302,3,299
111900162,126,202,-76
111900163,19,164,-145
111900164,83,68,15
111901113,859,93,766
111901114,277,178,99
111901115,121,12,109
111901116,64,1,63
111901117,45,51,-6
111901118,40,370,-330
111901119,364,58,306
111901120,54,103,-49
111901121,97,101,-4
111901122,23,240,-217
111901123,349,164,185
111901124,283,5,278
111901125,453,146,307
111901126,207,107,100
111901127,286,918,-632
111901128,5,59,-54
111901129,0,92,-92
111901130,4,78,-74
111901131,2,194,-192
111901132,84,36,48
111901133,48,0,48
111901134,141,4,137
111901135,39,15,24
111901136,36,60,-24
111901137,1,33,-32
111901138,147,37,110
111901139,28,14,14
111901140,5,55,-50
111901141,9,77,-68
111901142,3,58,-55
111901143,5,62,-57
111901144,38,41,-3
112000001,2287,709,1578
112000002,607,1747,-1140
112000003,2165,1110,1055
112000004,755,477,278
112000005,4433,4051,382
112000006,1753,1026,727
112000007,4579,2598,1981
112000008,2669,3891,-1222
112000009,2367,1850,517
112000010,3520,4337,-817
112000011,1301,1164,137
112000012,4792,6021,-1229
112000013,2868,3652,-784
112000014,2269,3050,-781
112000015,3090,3860,-770
112000016,4133,2769,1364
112000017,1492,4945,-3453
112000024,2105,703,1402
112000026,2094,2364,-270
112000027,961,658,303
112000028,859,1081,-222
112000029,871,1007,-136
112000030,136,68,68
112000031,1476,5576,-4100
112000032,215,38,177
112000033,1586,3058,-1472
112000034,192,54,138
112000035,84,685,-601
112000036,525,1487,-962
112000037,1025,1039,-14
112000038,1275,1719,-444
112000039,110,91,19
112000040,70,167,-97
112000041,322,331,-9
112000042,944,423,521
112000050,1297,1338,-41
112000051,1152,1748,-596
112000054,1302,1310,-8
112000057,693,430,263
112000058,313,525,-212
112000059,436,612,-176
112000061,2920,1328,1592
112000062,962,1380,-418
112000063,508,2346,-1838
112000064,2963,3930,-967
112000065,1349,1670,-321
112000066,3493,1601,1892
112000067,659,521,138
112000068,3350,2710,640
112000069,512,1419,-907
112000070,2406,973,1433
112000071,1034,1833,-799
112000072,3000,864,2136
112000073,1737,1874,-137
112000074,1578,1020,558
112000075,1627,1169,458
112000076,3189,2028,1161
112000077,856,406,450
112000078,2091,639,1452
112000079,1769,1206,563
112000080,944,647,297
112000081,1295,2155,-860
112000082,1458,674,784
112000083,589,1035,-446
112000084,1519,605,914
112000085,1412,999,413
112000086,1758,988,770
112000087,681,303,378
112000088,859,351,508
112000089,466,429,37
112000090,315,309,6
112000091,512,623,-111
112000092,2443,889,1554
112000093,1341,599,742
112000094,836,742,94
112000095,599,597,2
112000096,631,557,74
112000097,1844,628,1216
112000098,792,511,281
112000099,860,1937,-1077
112000100,2417,722,1695
112000101,550,554,-4
112000102,2115,287,1828
112000103,470,628,-158
112000105,433,788,-355
112000106,2176,264,1912
112000107,32,172,-140
112000108,277,1487,-1210
112000109,78,65,13
112000110,1880,502,1378
112000111,925,8686,-7761
112000112,4621,1039,3582
112000113,735,1731,-996
112000114,2750,1168,1582
112000115,344,320,24
112000116,724,781,-57
112000117,981,659,322
112000118,923,584,339
112000119,412,507,-95
112000120,67,218,-151
112000121,174,268,-94
112000122,347,142,205
112000123,986,111,875
112000124,493,73,420
112000125,250,280,-30
112000126,377,304,73
112000127,1721,2496,-775
112000128,568,876,-308
112000129,145,75,70
112000130,258,96,162
112000131,45,171,-126
112000132,222,180,42
112000133,497,121,376
112000134,438,223,215
112000135,1494,800,694
112000136,949,1850,-901
112000137,2486,4558,-2072
112000138,2094,2039,55
112000139,730,691,39
112000140,489,943,-454
112000141,1187,377,810
112000142,145,362,-217
112000143,1150,210,940
112000144,237,709,-472
112000145,3163,495,2668
112000146,432,1126,-694
112000147,2751,1468,1283
112000148,1201,1919,-718
112000149,548,335,213
112000150,213,350,-137
112000151,328,189,139
112000152,498,258,240
112000153,137,146,-9
112000154,148,196,-48
112000155,161,118,43
112000157,609,578,31
112000158,317,246,71
112000159,783,266,517
112000167,560,95,465
112000169,277,386,-109
112000173,1103,199,904
112000175,437,340,97
112000176,1477,1813,-336
112000177,1040,269,771
112000178,111,189,-78
112000179,284,66,218
112000180,271,236,35
112000181,1280,1161,119
112000182,1690,762,928
112000183,20,24,-4
112000184,438,199,239
112000185,658,293,365
112000187,5335,3320,2015
112000195,221,21,200
112000196,241,1,240
112000197,149,285,-136
112000198,26,296,-270
112000199,120,622,-502
112000202,549,6,543
112000216,56,212,-156
112000230,184,6,178
112000231,4,141,-137
112000256,72,279,-207
112000313,45,86,-41
112000314,92,36,56
112000337,217,517,-300
112000352,230,379,-149
112000392,1342,1165,177
112000398,1955,729,1226
112000399,1580,2917,-1337
112000400,1722,1415,307
112000401,2210,1575,635
112000402,4277,4285,-8
112000403,1899,3445,-1546
112000404,1386,1069,317
112000405,2754,3118,-364
112000406,2495,1407,1088
112000407,9127,8954,173
112000408,6813,3409,3404
112000409,1581,2507,-926
112000410,425,441,-16
112000411,3439,1966,1473
112000412,1093,458,635
112000413,4868,7726,-2858
112000414,108,37,71
112000415,112,29,83
112000416,3139,1186,1953
112000417,332,70,262
112000421,67,56,11
112000422,325,170,155
112000424,1376,3203,-1827
112000425,329,361,-32
112000426,213,254,-41
112000427,2,15,-13
112000428,259,196,63
112000429,2062,1819,243
112000430,2746,2850,-104
112000431,88,148,-60
112000432,590,549,41
112000433,330,612,-282
112000437,63,110,-47
112900001,109,2,107
112900002,656,503,153
112900003,74,201,-127
112900004,59,133,-74
112900005,270,96,174
112900006,17,193,-176
112900007,80,164,-84
112900008,0,37,-37
112900009,439,156,283
112900010,434,498,-64
112900011,68,157,-89
112900012,1,30,-29
112900013,4,252,-248
112900014,4,167,-163
112900015,286,531,-245
112900016,3,158,-155
112900017,51,158,-107
112900018,0,101,-101
112900019,32,136,-104
112900020,332,880,-548
112900021,2,87,-85
112900022,17,71,-54
112900023,1,71,-70
112900024,16,136,-120
112900025,94,236,-142
112900026,9,133,-124
112900027,10,466,-456
112900028,21,82,-61
112900029,29,261,-232
112900030,52,77,-25
112900031,12,229,-217
112900032,242,188,54
112900034,1,37,-36
112900035,2,198,-196
112900036,40,120,-80
112900037,137,224,-87
112900038,971,151,820
112900039,9,185,-176
112900040,7,2616,-2609
112900041,599,1213,-614
112900042,184,218,-34
112900043,77,65,12
112900044,356,365,-9
112900045,143,233,-90
112900046,116,71,45
112900047,13,85,-72
112900049,311,83,228
112900050,38,433,-395
112900051,229,347,-118
112900052,10,400,-390
112900053,172,333,-161
112900054,485,72,413
112900055,128,53,75
112900056,379,233,146
112900057,23,264,-241
112900058,318,346,-28
112900059,114,205,-91
112900060,47,107,-60
112900061,127,78,49
112900062,74,79,-5
112900063,66,15,51
112900064,130,226,-96
112900065,49,31,18
112900066,391,275,116
112900067,260,113,147
112900068,60,61,-1
112900069,2571,916,1655
112900071,44,7,37
112900072,431,2826,-2395
112900073,491,171,320
112900074,155,314,-159
112900075,1438,1065,373
112900076,91,61,30
112900078,342,525,-183
112900079,315,32,283
112900080,98,4,94
112900081,64,269,-205
112900082,741,29,712
112900083,183,153,30
112900084,275,183,92
112900085,4,12,-8
112900086,94,1,93
112900087,1004,196,808
112900088,204,28,176
112900089,1324,50,1274
112900090,105,69,36
112900091,334,13,321
112900092,114,415,-301
112900093,1493,20,1473
112900094,98,1,97
112900095,70,1,69
112900096,765,202,563
112900097,124,227,-103
112900098,455,10,445
112900099,1060,36,1024
112900100,101,1,100
112900101,509,4,505
112900102,201,16,185
112900103,198,8,190
112900104,40,0,40
112900105,11,0,11
112900106,347,135,212
112900107,10,0,10
112900108,5,1,4
112900109,163,1,162
112900110,1658,19,1639
112900111,748,12,736
112900112,410,3,407
112900113,0,11,-11
112900114,180,32,148
112900115,1945,10,1935
112900116,114,39,75
112900117,61,32,29
112900118,10,71,-61
112900119,195,9,186
112900120,700,260,440
112900121,49,125,-76
112900122,6,73,-67
112900123,193,23,170
112900124,13,78,-65
112900125,50,448,-398
112900126,148,166,-18
112900127,344,68,276
112900128,137,617,-480
112900129,1,534,-533
112900130,204,80,124
112900131,27,642,-615
112900132,71,445,-374
112900133,34,1106,-1072
112900134,0,196,-196
112900135,65,41,24
112900136,1,20,-19
112900137,0,293,-293
112900138,10,136,-126
112900139,131,967,-836
112900140,0,37,-37
112900141,1063,56,1007
112900142,90,231,-141
112900143,18,309,-291
112900144,2,88,-86
112900145,17,332,-315
112900146,3,531,-528
112900147,2,698,-696
112900148,47,0,47
112900149,368,309,59
112900151,3,26,-23
112900152,2928,568,2360
112900153,1202,2778,-1576
112900154,0,49,-49
112900155,207,56,151
112900156,514,549,-35
112900157,348,5,343
112900158,101,20,81
112900159,263,149,114
112900160,52,172,-120
112900161,190,64,126
112900162,33,19,14
112900163,99,50,49
112900164,34,163,-129
112900165,84,40,44
112900166,23,86,-63
112900167,4,145,-141
112900168,1,4,-3
112900169,27,14,13
112900170,279,215,64
112900172,39,26,13
112900173,161,95,66
112900174,278,46,232
112900175,117,185,-68
112900176,26,40,-14
112900177,231,62,169
112900178,731,2940,-2209
112900179,27,395,-368
112900180,2448,1336,1112
112900181,759,5,754
112900182,73,508,-435
112900183,114,311,-197
112900184,418,474,-56
112900185,239,694,-455
112900186,1015,1407,-392
112900187,110,611,-501
112900188,790,2514,-1724
112900189,13,14,-1
112900190,23,18,5
112900192,817,896,-79
112900193,1388,491,897
112900194,74,45,29
112900195,1279,75,1204
112900196,243,324,-81
112900197,161,299,-138
112900199,839,342,497
112900200,826,161,665
112900201,210,70,140
112900202,478,519,-41
112900203,313,177,136
112900204,843,584,259
112900205,25,11,14
112900206,73,92,-19
112900207,36,0,36
112900208,68,280,-212
112900209,297,274,23
112900210,0,12,-12
112900211,112,39,73
112900212,3,68,-65
112900213,49,4,45
112900214,24,11,13
112900215,21,76,-55
112900216,18,49,-31
112900217,3,69,-66
112900218,95,6,89
112900219,123,15,108
112900220,6,3,3
112900221,36,106,-70
112900222,0,27,-27
112900223,1370,45,1325
112900224,481,290,191
112900225,575,232,343
112900226,194,312,-118
112900227,861,518,343
112900228,89,41,48
112900229,307,34,273
112900230,7238,4149,3089
112900232,349,357,-8
112900233,78,111,-33
112900234,26,36,-10
112900235,66,27,39
112900236,443,12,431
112900237,274,100,174
112900238,5,21,-16
113000001,6806,4909,1897
113000002,3746,2983,763
113000003,1826,1590,236
113000004,1456,2260,-804
113000005,2051,961,1090
113000006,1047,1219,-172
113000007,2504,978,1526
113000008,1768,1259,509
113000009,1368,674,694
113000010,1220,966,254
113000011,669,1059,-390
113000012,2197,666,1531
113000013,1223,674,549
113000014,999,1382,-383
113000015,369,380,-11
113000016,281,935,-654
113000017,67,276,-209
113000018,392,42,350
113000019,305,265,40
113000020,442,57,385
113000021,1349,416,933
113000022,766,850,-84
113000025,84,283,-199
113000026,482,435,47
113000027,541,716,-175
113000028,723,969,-246
113000029,861,558,303
113000030,288,587,-299
113000031,153,291,-138
113000032,238,256,-18
113000033,232,327,-95
113000034,250,259,-9
113000035,36,36,0
113000036,28,55,-27
113000037,86,33,53
113000038,19,68,-49
113000039,85,286,-201
113000040,54,79,-25
113000042,709,528,181
113000051,954,2152,-1198
113000052,1970,657,1313
113000053,559,286,273
113000054,453,628,-175
113000055,1429,458,971
113000056,1240,636,604
113000058,594,824,-230
113000059,1167,415,752
113000060,299,490,-191
113000061,468,689,-221
113000062,509,354,155
113000063,329,59,270
113000064,71,209,-138
113000065,192,447,-255
113000066,1000,76,924
113000067,3101,883,2218
113000068,364,695,-331
113000069,510,665,-155
113000070,3072,882,2190
113000071,573,459,114
113000072,1053,398,655
113000073,431,1147,-716
113000074,939,490,449
113000075,1711,848,863
113000076,493,1884,-1391
113000077,904,904,0
113000078,525,2303,-1778
113000079,564,1175,-611
113000080,528,1096,-568
113000081,786,1061,-275
113000082,1123,1361,-238
113000083,584,809,-225
113000084,1677,1296,381
113000085,840,619,221
113000086,872,915,-43
113000087,864,660,204
113000088,2322,1345,977
113000089,939,1463,-524
113000090,297,707,-410
113000091,331,368,-37
113000094,1426,207,1219
113000095,187,516,-329
113000096,120,584,-464
113000097,1094,344,750
113000098,154,41,113
113000099,1225,435,790
113000100,100,303,-203
113000101,255,521,-266
113000102,696,509,187
113000103,1578,343,1235
113000104,594,2058,-1464
113000105,1007,455,552
113000106,352,336,16
113000107,909,692,217
113000108,667,717,-50
113000109,608,1315,-707
113000110,2021,432,1589
113000111,121,548,-427
113000112,266,242,24
113000113,1069,249,820
113000114,293,1632,-1339
113000116,718,388,330
113000117,1674,105,1569
113000118,40,547,-507
113000119,320,533,-213
113000120,45,287,-242
113000121,692,1766,-1074
113000124,211,98,113
113000125,70,903,-833
113000127,1550,254,1296
113000128,621,404,217
113000129,496,721,-225
113000133,1497,1413,84
113000134,5,1426,-1421
113000135,4051,5372,-1321
113000137,1381,3741,-2360
113000139,305,287,18
113000140,103,191,-88
113000141,203,176,27
113000142,422,1249,-827
113000143,280,114,166
113000144,188,462,-274
113000145,120,103,17
113000146,128,51,77
113000147,220,76,144
113000148,243,106,137
113000149,188,136,52
113000150,602,211,391
113000151,56,61,-5
113000152,58,136,-78
113000153,1085,466,619
113000154,634,1442,-808
113000155,342,736,-394
113000156,135,335,-200
113000157,215,598,-383
113000158,719,242,477
113000159,1064,546,518
113000160,547,726,-179
113000161,253,306,-53
113000162,945,323,622
113000163,181,36,145
113000164,20,56,-36
113000166,211,77,134
113000167,65,59,6
113000168,79,77,2
113000169,239,42,197
113000170,78,100,-22
113000171,29,80,-51
113000172,251,38,213
113000173,57,23,34
113000174,108,274,-166
113000175,377,75,302
113000176,457,122,335
113000177,122,320,-198
113000178,179,253,-74
113000179,354,182,172
113000180,696,1074,-378
113000181,1069,546,523
113000182,136,421,-285
113000183,104,516,-412
113000184,12,94,-82
113000189,308,775,-467
113000190,478,386,92
113000192,791,3032,-2241
113000193,2456,1983,473
113000194,817,910,-93
113000195,1575,1485,90
113000196,266,56,210
113000197,1491,1511,-20
113000198,74,210,-136
113000199,1649,461,1188
113000201,240,235,5
113000202,4213,1082,3131
113000203,117,139,-22
113000204,795,2488,-1693
113000205,22,23,-1
113000206,14,35,-21
113000207,60,16,44
113000208,37,41,-4
113000209,14,12,2
113000210,10,21,-11
113000211,84,181,-97
113000212,46,34,12
113000213,46,131,-85
113000214,173,206,-33
113000234,165,495,-330
113000410,99,228,-129
113000411,2171,4262,-2091
113000412,4090,1913,2177
113000413,1491,2901,-1410
113000414,3485,12792,-9307
113000415,2098,2254,-156
113000416,4965,3228,1737
113000417,2077,2343,-266
113000418,4475,4032,443
113000419,1810,2265,-455
113000420,4050,6685,-2635
113000421,4396,7759,-3363
113000422,12185,10797,1388
113000423,1894,5582,-3688
113000424,3133,9439,-6306
113000425,4,84,-80
113000428,18,43,-25
113000430,1,80,-79
113000432,2432,151,2281
113000433,83,459,-376
113000434,14,95,-81
113000435,18,281,-263
113000436,42,677,-635
113000437,1418,17,1401
113000438,306,9,297
113000439,29,44,-15
113000440,161,22,139
113000441,202,130,72
113000442,133,76,57
113000443,307,74,233
113000444,253,80,173
113000445,112,62,50
113000446,35,55,-20
113000448,219,209,10
113000449,90,584,-494
113000450,522,1740,-1218
113000451,980,232,748
113000452,245,387,-142
113000453,37,377,-340
113000454,382,35,347
113000455,5,328,-323
113000456,2988,2651,337
113000468,854,117,737
113000469,61,210,-149
113000470,338,19,319
113000471,25,319,-294
113000472,129,264,-135
113000474,787,557,230
113000475,1280,1453,-173
113000476,1787,1744,43
113000477,4003,1626,2377
113000478,3283,3317,-34
113000479,82,100,-18
113000480,123,303,-180
113000481,0,0,0
113000482,0,0,0
113000483,0,0,0
113000485,0,0,0
113000486,3,0,3
113000487,0,0,0
113000488,2,0,2
113000489,0,9,-9
113000490,0,0,0
113000491,9,2,7
113000492,13,1,12
113000493,2,0,2
113000495,76,76,0
113000496,82,51,31
113000497,0,0,0
113000498,0,0,0
113000499,0,0,0
113000500,0,4,-4
113900001,1,330,-329
113900002,0,50,-50
113900003,0,41,-41
113900004,1,45,-44
113900005,2,76,-74
113900006,5,12,-7
113900007,40,18,22
113900008,13,5,8
113900009,38,0,38
113900010,40,0,40
113900011,64,0,64
113900012,46,2,44
113900013,127,2,125
113900014,616,7,609
113900015,0,50,-50
113900016,32,0,32
113900017,4,22,-18
113900018,290,285,5
113900019,276,60,216
113900020,220,3,217
113900022,60,0,60
113900023,38,0,38
113900024,38,31,7
113900025,172,26,146
113900026,96,0,96
113900027,10,34,-24
113900028,26,249,-223
113900029,79,84,-5
113900030,271,5,266
113900031,35,7,28
113900032,49,2,47
113900033,73,72,1
113900035,66,0,66
113900036,20,53,-33
113900037,165,254,-89
113900038,19,150,-131
113900039,228,54,174
113900040,16,37,-21
113900041,12,6,6
113900042,65,34,31
113900043,129,64,65
113900044,237,342,-105
113900045,56,0,56
113900046,273,510,-237
113900047,65,82,-17
113900048,112,145,-33
113900049,266,402,-136
113900050,271,212,59
113900051,246,195,51
113900052,97,68,29
113900053,769,688,81
113900054,26,4,22
113900055,100,311,-211
113900056,52,148,-96
113900057,19,41,-22
113900058,93,57,36
113900059,239,255,-16
113900060,83,117,-34
113900061,518,191,327
113900062,85,19,66
113900063,123,119,4
113900064,29,59,-30
113900065,493,12,481
113900066,492,153,339
113900067,259,127,132
113900068,549,556,-7
113900069,41,44,-3
113900070,157,253,-96
113900071,101,38,63
113900072,83,126,-43
113900073,251,196,55
113900074,170,245,-75
113900075,1108,1487,-379
113900076,138,13,125
113900077,56,140,-84
113900078,53,53,0
113900079,2,37,-35
113900080,698,207,491
113900081,52,113,-61
113900082,133,178,-45
113900083,462,156,306
113900084,279,95,184
113900085,41,140,-99
113900086,43,17,26
113900087,107,131,-24
113900088,68,81,-13
113900089,405,48,357
113900090,736,342,394
113900091,18,11,7
113900092,24,64,-40
113900093,88,857,-769
113900094,656,214,442
113900095,151,118,33
113900096,296,82,214
113900097,44,53,-9
113900098,782,114,668
113900099,1,33,-32
113900100,0,1,-1
113900101,18,100,-82
113900102,104,165,-61
113900103,367,298,69
113900104,145,194,-49
113900105,143,79,64
113900106,0,40,-40
113900107,1,17,-16
113900108,173,262,-89
113900109,369,227,142
113900110,80,23,57
113900111,192,53,139
113900112,181,50,131
113900113,1178,458,720
113900114,1,39,-38
113900115,0,34,-34
113900116,89,162,-73
113900117,81,16,65
113900118,253,523,-270
113900119,127,395,-268
113900120,87,43,44
113900121,87,55,32
113900122,499,2527,-2028
113900123,653,232,421
113900124,2,44,-42
113900125,539,92,447
113900126,112,33,79
113900127,322,734,-412
113900128,135,75,60
113900129,4,178,-174
113900130,10,256,-246
113900131,311,58,253
113900132,39,67,-28
113900133,17,62,-45
113900135,238,173,65
113900136,97,90,7
113900137,353,281,72
113900138,45,247,-202
113900139,174,236,-62
113900140,112,393,-281
113900141,693,171,522
113900142,153,59,94
113900143,15,69,-54
113900144,130,401,-271
113900145,347,103,244
113900146,178,38,140
113900148,103,380,-277
113900149,170,126,44
113900150,264,419,-155
113900151,473,138,335
113900152,70,69,1
113900153,133,681,-548
113900154,4,106,-102
113900155,147,264,-117
113900156,160,254,-94
113900157,48,310,-262
113900158,272,781,-509
113900159,11,219,-208
113900160,391,346,45
113900161,75,215,-140
113900162,314,1206,-892
113900163,259,164,95
113900164,360,39,321
113900165,523,314,209
113900166,98,161,-63
113900167,307,36,271
113900168,52,50,2
113900169,179,259,-80
113900171,329,74,255
113900172,10,54,-44
113900173,12,268,-256
113900174,426,420,6
113900175,376,114,262
113900176,290,310,-20
113900177,286,162,124
113900178,295,96,199
113900179,24,192,-168
113900180,182,59,123
113900181,911,136,775
113900182,632,720,-88
113900183,68,58,10
113900184,5,213,-208
113900185,124,49,75
113900186,61,38,23
113900187,47,93,-46
113900188,42,146,-104
113900189,270,110,160
113900190,181,95,86
113900191,90,121,-31
113900192,8,852,-844
113900193,9,120,-111
113900194,987,611,376
113900195,219,280,-61
113900196,4,134,-130
113900197,2,100,-98
113900198,25,152,-127
113900199,60,512,-452
113900200,17,169,-152
113900201,0,96,-96
113900202,19,207,-188
113900203,0,48,-48
113900204,24,310,-286
113900205,5,80,-75
113900206,5,120,-115
113900207,0,28,-28
113900208,0,29,-29
113900209,0,38,-38
113900210,401,733,-332
113900211,232,77,155
113900212,256,238,18
113900214,296,294,2
113900215,36,73,-37
113900216,257,401,-144
113900217,117,112,5
113900218,191,58,133
113900219,121,380,-259
113900220,145,134,11
113900221,364,334,30
113900222,186,518,-332
113900223,318,378,-60
113900224,26,33,-7
113900225,343,160,183
113900226,446,130,316
113900227,324,270,54
113900228,261,605,-344
113900229,41,957,-916
113900230,2491,3452,-961
113900231,176,111,65
113900232,129,52,77
113900233,123,52,71
113900234,369,435,-66
113900235,121,51,70
113900236,272,188,84
113900237,275,14,261
113900238,246,680,-434
113900239,57,104,-47
113900240,8,199,-191
113900241,120,40,80
113900242,32,159,-127
113900243,67,310,-243
113900244,212,158,54
113900245,704,248,456
113900246,12,20,-8
113900247,104,538,-434
113900248,1687,2117,-430
113900249,716,520,196
113900250,58,230,-172
113900251,956,93,863
113900252,572,23,549
113900253,744,77,667
113900254,735,177,558
113900255,601,16,585
113900256,302,7,295
113900257,31,242,-211
113900258,25,184,-159
113900259,648,80,568
113900260,279,9,270
113900261,41,41,0
113900262,93,273,-180
113900263,86,427,-341
113900264,5,197,-192
113900265,121,213,-92
113900266,37,106,-69
113900267,83,404,-321
113900268,378,352,26
113900269,57,183,-126
113900270,183,585,-402
113900271,641,595,46
113900273,20,7,13
113900274,92,36,56
113900275,21,84,-63
113900276,1,83,-82
113900277,207,13,194
113900278,203,143,60
113900279,69,64,5
113900280,1452,483,969
113900281,446,1469,-1023
113900282,479,629,-150
113900283,432,556,-124
113900284,886,166,720
113900285,175,44,131
113900286,62,68,-6
113900287,91,31,60
113900288,2,152,-150
113900289,375,96,279
113900290,121,289,-168
113900291,97,120,-23
113900292,11,5,6
113900293,4,142,-138
113900294,551,17,534
113900295,351,293,58
113900296,1985,385,1600
113900297,2684,50,2634
113900298,26,1046,-1020
113900299,139,54,85
113900300,3056,4003,-947
113900301,562,460,102
113900302,1475,923,552
113900303,315,631,-316
113900304,1,75,-74
113900305,169,2,167
113900306,78,1,77
113900307,29,0,29
113900308,74,84,-10
113900309,1,348,-347
113900310,0,9,-9
113900311,7,0,7
113900312,189,189,0
113900313,5,10,-5
114000001,913,1851,-938
114000002,317,187,130
114000003,61,214,-153
114000004,335,164,171
114000005,368,130,238
114000006,1615,1237,378
114000007,756,1113,-357
114000008,1280,1802,-522
114000009,1058,280,778
114000011,2977,1797,1180
114000012,3051,1212,1839
114000013,1984,1079,905
114000014,383,128,255
114000015,2153,213,1940
114000016,219,143,76
114000017,133,459,-326
114000018,119,32,87
114000026,2433,789,1644
114000027,4366,1784,2582
114000028,2423,2880,-457
114000038,302,117,185
114000039,82,35,47
114000040,174,218,-44
114000042,152,153,-1
114000043,52,35,17
114000044,411,21,390
114000045,29,33,-4
114000046,2431,3225,-794
114000047,11,65,-54
114000048,114,26,88
114000049,1771,1131,640
114000050,1970,1387,583
114000051,3225,1728,1497
114000052,4120,1693,2427
114000053,118,561,-443
114000054,197,562,-365
114000055,230,35,195
114000056,388,1030,-642
114000057,3741,1913,1828
114000058,177,1484,-1307
114000059,138,435,-297
114000060,523,545,-22
114000061,1955,3070,-1115
114000062,1033,1675,-642
114000063,1346,1229,117
114000064,2774,3349,-575
114000065,1174,1743,-569
114000066,348,522,-174
114000067,31,907,-876
114000068,495,660,-165
114000069,1189,450,739
114000070,2214,1647,567
114000071,991,368,623
114000072,515,153,362
114000073,15,20,-5
114000074,78,17,61
114000075,52,51,1
114000076,23,42,-19
114000077,0,11,-11
114000078,286,291,-5
114000079,176,21,155
114000080,64,94,-30
114000081,99,75,24
114000082,27,246,-219
114000083,52,130,-78
114000084,356,85,271
114000085,79,284,-205
114000086,257,166,91
114000087,203,82,121
114000088,19,24,-5
114000089,396,253,143
114000090,847,823,24
114000091,1552,735,817
114000092,977,373,604
114000093,1385,552,833
114000094,300,259,41
114000095,209,121,88
114000096,107,219,-112
114000097,114,272,-158
114000098,701,74,627
114000099,777,236,541
114000100,1871,389,1482
114000101,502,309,193
114000102,651,241,410
114000103,101,214,-113
114000104,46,145,-99
114000105,216,97,119
114000106,595,1513,-918
114000107,487,98,389
114000108,741,684,57
114000109,596,1196,-600
114000110,509,779,-270
114000111,2141,918,1223
114000112,327,955,-628
114000113,1033,379,654
114000114,1000,753,247
114000115,2103,1033,1070
114000116,932,2503,-1571
114000117,3977,504,3473
114000118,3371,445,2926
114000119,2185,530,1655
114000120,573,531,42
114000121,367,613,-246
114000122,390,293,97
114000123,2236,293,1943
114000124,1016,227,789
114000125,729,773,-44
114000126,1616,193,1423
114000127,341,160,181
114000128,845,282,563
114000130,416,419,-3
114000131,271,120,151
114000132,705,319,386
114000133,914,842,72
114000134,97,47,50
114000138,26,122,-96
114000139,425,297,128
114000144,950,588,362
114000145,97,108,-11
114000146,87,114,-27
114000147,1372,2282,-910
114000148,1375,1760,-385
114000149,295,251,44
114000150,307,481,-174
114000151,533,1580,-1047
114000152,116,40,76
114000153,615,1730,-1115
114000154,694,394,300
114000155,948,2232,-1284
114000156,840,560,280
114000157,217,821,-604
114000158,780,572,208
114000159,113,277,-164
114000160,78,325,-247
114000161,1272,2987,-1715
114000162,1108,2741,-1633
114000163,24,62,-38
114000165,743,290,453
114000166,719,434,285
114000167,2093,1278,815
114000168,414,499,-85
114000169,1407,1558,-151
114000170,1036,1303,-267
114000171,1250,5106,-3856
114000174,182,352,-170
114000176,360,396,-36
114000177,1186,587,599
114000178,69,52,17
114000179,1097,589,508
114000180,314,505,-191
114000181,1759,4449,-2690
114000182,1335,2077,-742
114000183,616,689,-73
114000184,1846,659,1187
114000185,1136,682,454
114000189,1509,137,1372
114000190,3584,514,3070
114000191,66,169,-103
114000192,108,811,-703
114000193,348,1282,-934
114000194,1226,559,667
114000195,210,51,159
114000196,1,84,-83
114000197,1729,6,1723
114000198,672,289,383
114000199,1573,1724,-151
114000200,530,1006,-476
114000201,141,435,-294
114000202,1015,453,562
114000203,494,453,41
114000204,143,330,-187
114000205,214,918,-704
114000206,676,1033,-357
114000207,412,977,-565
114000208,358,1358,-1000
114000209,397,1170,-773
114000210,190,710,-520
114000211,1335,973,362
114000212,1003,802,201
114000213,1641,468,1173
114000214,65,117,-52
114000215,203,65,138
114000216,1477,317,1160
114000217,467,160,307
114000218,243,141,102
114000219,1183,159,1024
114000220,19,442,-423
114000221,909,146,763
114000222,121,562,-441
114000223,523,150,373
114000224,43,371,-328
114000225,273,379,-106
114000226,198,226,-28
114000227,863,466,397
114000228,983,479,504
114000229,1317,780,537
114000230,1604,730,874
114000231,974,999,-25
114000232,854,166,688
114000233,2473,129,2344
114000234,1200,544,656
114000235,1035,844,191
114000236,0,264,-264
114000237,104,571,-467
114000238,93,207,-114
114000239,145,656,-511
114000240,796,573,223
114000241,262,502,-240
114000242,704,532,172
114000243,1583,740,843
114000244,432,246,186
114000245,411,613,-202
114000246,105,31,74
114000247,557,463,94
114000248,1243,462,781
114000249,590,375,215
114000250,672,421,251
114000251,526,178,348
114000252,36,24,12
114000253,44,107,-63
114000254,75,34,41
114000255,430,159,271
114000256,555,2130,-1575
114000257,301,700,-399
114000258,348,240,108
114000259,87,135,-48
114000260,0,24,-24
114000261,52,38,14
114000262,268,75,193
114000263,6,0,6
114000264,1624,315,1309
114000265,0,1,-1
114000267,2,1295,-1293
114000268,5,760,-755
114000270,134,0,134
114000271,314,32,282
114000283,1305,321,984
114000285,14,106,-92
114000288,52,168,-116
114000289,1779,61,1718
114000293,244,468,-224
114000294,187,288,-101
114000395,1195,48,1147
114000396,703,626,77
114000402,693,218,475
114000403,339,184,155
114000405,264,200,64
114000423,369,225,144
114000424,532,144,388
114000425,1028,215,813
114000426,327,725,-398
114000427,80,64,16
114000428,157,194,-37
114000429,10,94,-84
114000432,105,42,63
114000434,25,35,-10
114000435,13,87,-74
114900001,639,498,141
114900002,456,212,244
114900003,811,604,207
114900004,206,441,-235
114900005,642,396,246
114900006,102,120,-18
114900007,303,34,269
114900008,209,72,137
114900010,1099,1633,-534
114900011,333,144,189
114900013,285,120,165
114900015,109,555,-446
114900018,1188,27,1161
114900020,183,94,89
114900021,301,164,137
114900022,0,489,-489
114900024,286,150,136
114900025,628,137,491
114900026,78,120,-42
114900027,225,129,96
114900029,29,36,-7
114900030,399,166,233
114900031,465,33,432
114900032,504,12,492
114900033,484,1244,-760
114900034,50,82,-32
114900035,130,189,-59
114900036,180,353,-173
114900037,125,92,33
114900038,186,280,-94
114900039,536,241,295
114900040,49,52,-3
114900041,1006,228,778
114900042,1015,300,715
114900043,388,186,202
114900044,153,69,84
114900045,150,242,-92
114900046,46,81,-35
114900047,175,2521,-2346
114900048,120,147,-27
114900049,5,95,-90
114900050,54,169,-115
114900051,16,272,-256
114900052,109,265,-156
114900053,107,206,-99
114900054,34,78,-44
114900057,217,8,209
114900058,0,37,-37
114900059,112,54,58
114900060,446,737,-291
114900061,100,49,51
114900062,144,242,-98
114900063,80,78,2
114900064,2091,220,1871
114900065,498,618,-120
114900067,33,298,-265
114900068,55,86,-31
114900069,157,99,58
114900070,657,205,452
114900072,4,246,-242
114900073,0,96,-96
114900074,954,250,704
114900075,522,15,507
114900076,19,241,-222
114900080,1095,197,898
114900082,2272,2585,-313
114900083,772,988,-216
114900084,68,27,41
114900090,455,184,271
114900091,97,158,-61
114900095,171,86,85
114900096,372,415,-43
114900097,163,0,163
114900098,6,110,-104
114900099,239,8,231
115000001,3964,2057,1907
115000002,4400,4880,-480
115000003,4309,1697,2612
115000004,5368,6633,-1265
115000005,1448,1649,-201
115000006,1180,1396,-216
115000007,137,188,-51
115000008,309,391,-82
115000009,233,195,38
115000010,310,182,128
115000013,51,226,-175
115000015,30,283,-253
115000016,152,388,-236
115000019,41,498,-457
115000020,133,1053,-920
115000021,198,342,-144
115000022,396,365,31
115000023,347,645,-298
115000024,905,372,533
115000025,904,822,82
115000026,200,316,-116
115000027,279,338,-59
115000028,224,619,-395
115000029,789,120,669
115000030,917,883,34
115000031,1350,375,975
115000032,9,202,-193
115000033,149,36,113
115000034,41,945,-904
115000035,1160,60,1100
115000036,0,284,-284
115000037,675,27,648
115000038,42,145,-103
115000039,2713,3531,-818
115000040,3472,2284,1188
115000041,1162,3582,-2420
115000042,676,511,165
115000043,4190,2319,1871
115000044,3543,2898,645
115000045,2449,1073,1376
115000046,2752,2025,727
115000047,2526,1056,1470
115000048,1651,1591,60
115000049,1532,2553,-1021
115000050,3329,1429,1900
115000051,1329,3028,-1699
115000052,1283,1454,-171
115000053,1833,1917,-84
115000054,513,766,-253
115000055,154,618,-464
115000056,153,521,-368
115000057,638,948,-310
115000058,551,365,186
115000059,339,175,164
115000061,85,152,-67
115000062,198,190,8
115000063,471,199,272
115000064,249,69,180
115000065,53,542,-489
115000067,173,18,155
115000069,68,230,-162
115000070,29,830,-801
115000071,92,21,71
115000072,7,71,-64
115000073,1635,92,1543
115000075,93,67,26
115000076,2534,1939,595
115000077,2124,1239,885
115000078,1401,821,580
115000079,1346,1187,159
115000080,2800,1467,1333
115000081,392,656,-264
115000082,4622,3628,994
115000083,1905,1200,705
115000084,2847,845,2002
115000085,867,550,317
115000086,1246,547,699
115000087,332,1175,-843
115000088,1918,496,1422
115000089,1195,1068,127
115000090,426,768,-342
115000091,203,514,-311
115000092,724,439,285
115000093,552,7,545
115000094,4811,5889,-1078
115000095,3258,6313,-3055
115000096,821,895,-74
115000097,1276,918,358
115000098,1463,557,906
115000099,2809,1721,1088
115000100,1248,310,938
115000101,570,1021,-451
115000102,618,229,389
115000103,233,430,-197
115000105,63,82,-19
115000106,710,265,445
115000107,206,284,-78
115000108,2268,1748,520
115000109,3350,5145,-1795
115000110,1390,1994,-604
115000111,637,1198,-561
115000112,1017,957,60
115000113,765,858,-93
115000114,1363,644,719
115000116,3207,2231,976
115000117,2614,2629,-15
115000118,2364,1730,634
115000119,1605,2059,-454
115000120,500,1630,-1130
115000121,880,853,27
115000122,1705,2276,-571
115000123,944,2784,-1840
115000124,779,948,-169
115000125,379,538,-159
115000126,186,327,-141
115000127,365,124,241
115000128,270,744,-474
115000129,262,453,-191
115000130,461,404,57
115000131,977,193,784
115000132,380,254,126
115000133,633,192,441
115000134,367,173,194
115000135,266,113,153
115000136,269,190,79
115000137,84,160,-76
115000138,360,225,135
115000139,256,137,119
115000140,421,130,291
115000141,185,171,14
115000142,166,157,9
115000143,1104,492,612
115000144,515,46,469
115000145,284,185,99
115000146,498,307,191
115000147,346,269,77
115000148,276,540,-264
115000149,697,235,462
115000150,594,430,164
115000151,1289,429,860
115000152,736,452,284
115000153,1332,457,875
115000154,980,209,771
115000155,728,624,104
115000156,1095,691,404
115000157,578,656,-78
115000158,460,337,123
115000159,562,698,-136
115000160,531,683,-152
115000161,567,394,173
115000162,577,807,-230
115000163,526,636,-110
115000164,787,577,210
115000165,309,530,-221
115000167,131,63,68
115000168,382,318,64
115000169,420,402,18
115000170,82,124,-42
115000171,221,231,-10
115000172,714,658,56
115000173,292,811,-519
115000174,152,477,-325
115000175,211,274,-63
115000176,190,171,19
115000177,189,197,-8
115000178,13,178,-165
115000179,43,42,1
115000180,146,351,-205
115000181,794,125,669
115000182,1169,216,953
115000183,472,469,3
115000186,667,201,466
115000187,245,505,-260
115000188,321,503,-182
115000189,220,452,-232
115000190,636,493,143
115000191,185,593,-408
115000194,142,163,-21
115000195,292,348,-56
115000196,210,66,144
115000197,215,185,30
115000198,510,162,348
115000199,455,130,325
115000200,443,80,363
115000201,141,209,-68
115000206,429,44,385
115000207,237,181,56
115000208,227,441,-214
115000209,638,332,306
115000210,190,130,60
115000211,202,173,29
115000212,1096,380,716
115000218,82,113,-31
115000219,106,40,66
115000224,305,60,245
115000225,41,73,-32
115000229,119,93,26
115000230,113,281,-168
115000231,222,744,-522
115000232,2001,253,1748
115000233,137,155,-18
115000234,29,233,-204
115000241,139,117,22
115000242,100,152,-52
115000243,47,143,-96
115000244,5,73,-68
115000246,23,33,-10
115000247,45,23,22
115000248,34,10,24
115000249,23,11,12
115000250,239,28,211
115000251,271,71,200
115000252,117,142,-25
115000253,19,408,-389
115000258,354,108,246
115000259,273,111,162
115000261,22,13,9
115000262,16,31,-15
115000263,13,27,-14
115000264,30,25,5
115000267,60,89,-29
115000268,23,83,-60
115000269,115,69,46
115000270,7,13,-6
115000272,61,94,-33
115000273,535,41,494
115000274,475,146,329
115000280,1489,361,1128
115000281,277,999,-722
115000282,863,1255,-392
115000284,174,161,13
115000296,909,7,902
115000297,187,225,-38
115000298,93,596,-503
115000300,256,133,123
115000302,538,77,461
115000303,760,57,703
115000304,1065,60,1005
115000305,129,388,-259
115000306,263,180,83
115000307,106,97,9
115000308,12,9,3
115000310,1271,483,788
115000311,1289,911,378
115000313,69,335,-266
115000314,614,129,485
115000315,470,466,4
115000316,84,196,-112
115000317,187,348,-161
115000318,896,334,562
115000319,58,181,-123
115000320,26,346,-320
115000321,287,9,278
115000322,37,138,-101
115000449,180,144,36
115000557,18,1584,-1566
115000558,397,128,269
115000587,657,242,415
115000588,1969,2174,-205
115000589,3718,2107,1611
115000590,1103,1309,-206
115000591,1804,706,1098
115000592,587,1832,-1245
115000593,1503,635,868
115000594,533,2375,-1842
115000609,119,129,-10
115000617,797,3546,-2749
115000624,191,22,169
115000633,524,1715,-1191
115000634,2954,862,2092
115000635,612,103,509
115000638,325,391,-66
115000641,60,123,-63
115000642,302,252,50
115000643,133,282,-149
115000644,149,224,-75
115000646,834,1532,-698
115000647,154,435,-281
115000648,2349,1240,1109
115000893,1768,1307,461
115000894,162,717,-555
115000895,282,442,-160
115000896,1074,274,800
115000897,491,117,374
115000898,490,303,187
115000899,183,1066,-883
115000900,70,270,-200
115000901,51,114,-63
115000912,380,98,282
115000913,0,6,-6
115000915,8,0,8
115000916,10,0,10
115000917,0,4,-4
115000918,101,946,-845
115000919,18,17,1
115000920,20,39,-19
115000921,397,108,289
115000922,380,801,-421
115000923,151,726,-575
115000925,119,103,16
115000927,56,62,-6
115000933,71,127,-56
115900001,147,33,114
115900002,83,89,-6
115900003,197,61,136
115900004,1,27,-26
115900005,272,9,263
115900006,123,150,-27
115900008,70,1,69
115900009,94,121,-27
115900010,407,78,329
115900011,526,269,257
115900012,224,37,187
115900013,388,152,236
115900014,130,164,-34
115900015,189,21,168
115900016,150,26,124
115900017,34,12,22
115900018,94,60,34
115900019,242,22,220
115900020,161,5,156
115900021,943,848,95
115900022,508,14,494
115900023,5,1,4
115900025,42,177,-135
115900026,665,139,526
115900027,0,114,-114
115900028,552,71,481
115900029,16,208,-192
115900030,55,23,32
115900031,189,384,-195
115900032,469,535,-66
115900033,0,36,-36
115900034,19,162,-143
115900035,58,8,50
115900036,28,1134,-1106
115900037,24,196,-172
115900038,62,6,56
115900039,173,100,73
115900041,236,782,-546
115900042,26,8,18
115900043,107,41,66
115900044,138,349,-211
115900046,414,184,230
115900047,120,191,-71
115900049,221,130,91
115900051,3,11,-8
115900052,11,114,-103
115900053,341,126,215
115900054,350,24,326
115900055,27,64,-37
115900056,242,135,107
115900057,19,13,6
115900058,26,47,-21
115900060,133,86,47
115900061,333,2,331
115900062,71,127,-56
115900063,69,6,63
115900064,200,172,28
115900065,163,58,105
115900066,90,60,30
115900067,5,207,-202
115900068,1628,1139,489
115900069,19,156,-137
115900070,158,71,87
115900071,0,172,-172
115900072,32,123,-91
115900073,131,108,23
115900074,6,174,-168
115900075,16,189,-173
115900076,7,38,-31
115900077,6,114,-108
115900078,27,73,-46
115900079,408,4,404
115900080,219,130,89
115900081,15,46,-31
115900082,113,158,-45
115900084,686,12,674
115900085,49,38,11
115900086,931,478,453
115900088,6,42,-36
115900089,355,409,-54
115900090,475,5,470
115900091,5,13,-8
115900092,35,60,-25
115900093,9,10,-1
115900094,4,119,-115
115900096,2,9,-7
115900097,14,199,-185
115900098,210,207,3
115900099,47,26,21
115900100,14,230,-216
115900101,181,127,54
115900102,71,40,31
115900103,292,130,162
115900104,104,57,47
115900105,338,273,65
115900106,88,11,77
115900107,81,34,47
115900108,163,24,139
115900109,38,224,-186
115900110,7,13,-6
115900111,0,80,-80
115900112,29,558,-529
115900113,60,21,39
115900114,3,103,-100
115900115,86,153,-67
115900116,80,503,-423
115900117,95,12,83
115900118,6,128,-122
115900119,165,105,60
115900120,33,185,-152
115900121,227,144,83
115900124,202,660,-458
115900125,402,51,351
115900126,916,64,852
115900127,882,51,831
115900128,5,147,-142
115900129,917,51,866
115900130,11,201,-190
115900131,328,30,298
115900132,644,11,633
115900134,392,12,380
115900135,279,1349,-1070
115900137,24,10,14
115900139,109,248,-139
115900140,402,35,367
115900141,28,172,-144
115900142,36,153,-117
115900143,265,390,-125
115900144,112,215,-103
115900146,11,39,-28
115900147,235,312,-77
115900148,62,13,49
115900149,138,11,127
115900150,114,11,103
115900151,15,87,-72
115900152,148,286,-138
115900153,157,102,55
115900154,369,314,55
115900155,0,21,-21
115900156,811,880,-69
115900157,245,456,-211
115900158,6,3,3
115900159,237,121,116
115900160,6,10,-4
115900161,123,147,-24
115900163,275,90,185
115900164,676,20,656
115900165,2,119,-117
115900166,162,86,76
115900168,147,94,53
115900171,104,332,-228
115900172,63,83,-20
115900173,127,68,59
115900174,255,214,41
115900175,184,203,-19
115900178,8,290,-282
115900179,352,10,342
115900180,37,89,-52
115900181,188,89,99
115900182,533,117,416
115900183,185,208,-23
115900184,776,9,767
115900187,17,118,-101
115900189,0,329,-329
115900190,426,1317,-891
115900191,13,151,-138
115900192,9,96,-87
115900193,116,104,12
115900194,961,49,912
115900195,407,2396,-1989
115900198,253,267,-14
115900199,217,156,61
115900200,163,203,-40
115900201,318,306,12
115900202,2,112,-110
115900203,6,27,-21
115900204,1,3,-2
115900205,65,18,47
115900206,265,107,158
115900207,40,5,35
115900208,133,45,88
115900209,10,94,-84
115900210,10,126,-116
115900211,3,106,-103
115900212,162,129,33
115900213,106,122,-16
115900214,511,131,380
115900215,32,160,-128
115900216,8,72,-64
115900217,9,30,-21
115900218,3,21,-18
115900219,128,1,127
115900220,242,8,234
115900221,108,9,99
115900222,83,26,57
115900223,11,493,-482
115900224,508,1361,-853
115900225,48,59,-11
115900226,22,28,-6
115900227,9,39,-30
115900228,6,57,-51
115900229,5,37,-32
115900230,26,61,-35
115900231,152,5,147
115900232,77,1,76
115900233,93,10,83
115900234,69,20,49
115900235,23,34,-11
115900236,15,27,-12
115900237,27,20,7
115900238,22,20,2
115900239,33,23,10
115900240,6,29,-23
115900241,312,80,232
115900242,207,396,-189
115900243,16,9,7
115900244,11,7,4
115900245,2,9,-7
115900246,3,14,-11
115900247,10,15,-5
115900248,13,6,7
115900249,6,12,-6
115900250,16,11,5
115900251,1,9,-8
115900252,1,1,0
115900253,12,13,-1
115900254,18,17,1
115900255,2,20,-18
115900256,8,23,-15
115900257,1,8,-7
115900258,0,0,0
115900259,2,2,0
115900260,5,3,2
115900261,2,0,2
115900262,3,0,3
115900263,19,0,19
115900264,26,2,24
115900265,1,11,-10
115900266,3,27,-24
115900267,4,14,-10
115900268,10,7,3
115900269,621,226,395
115900270,426,136,290
116000001,5590,2967,2623
116000002,4444,13820,-9376
116000003,1128,1039,89
116000004,2893,4675,-1782
116000005,1192,2388,-1196
116000006,2374,2796,-422
116000007,2378,2596,-218
116000008,4613,2929,1684
116000009,1065,1471,-406
116000010,2613,1694,919
116000011,699,1452,-753
116000012,1926,1224,702
116000013,5166,3458,1708
116000014,6992,14175,-7183
116000015,180,1582,-1402
116000016,4479,4332,147
116000017,42,795,-753
116000018,661,313,348
116000019,1016,334,682
116000020,683,984,-301
116000021,622,320,302
116000022,364,291,73
116000023,1265,929,336
116000024,678,721,-43
116000025,986,856,130
116000026,1731,2507,-776
116000027,781,668,113
116000028,502,1168,-666
116000029,563,756,-193
116000030,827,551,276
116000031,227,261,-34
116000032,165,165,0
116000033,253,173,80
116000034,970,434,536
116000035,278,741,-463
116000036,1351,2141,-790
116000037,651,581,70
116000038,298,658,-360
116000039,474,705,-231
116000040,612,555,57
116000041,167,630,-463
116000042,704,372,332
116000043,137,1045,-908
116000044,1,42,-41
116000045,1804,2020,-216
116000046,1002,1849,-847
116000047,1626,2311,-685
116000048,2130,1764,366
116000049,1429,3099,-1670
116000050,1565,1343,222
116000051,6518,2812,3706
116000052,5866,5057,809
116000053,2356,805,1551
116000054,938,2489,-1551
116000055,895,779,116
116000056,994,1116,-122
116000057,2790,1391,1399
116000058,3136,2850,286
116000059,2761,5140,-2379
116000060,1734,920,814
116000061,338,1188,-850
116000062,455,166,289
116000063,554,1320,-766
116000066,289,730,-441
116000067,176,335,-159
116000068,277,317,-40
116000069,208,275,-67
116000078,551,1131,-580
116000080,1771,712,1059
116000082,5,33,-28
116000083,1747,389,1358
116000084,1556,2245,-689
116000085,2209,1798,411
116000086,1017,532,485
116000087,2388,1614,774
116000088,740,835,-95
116000089,155,56,99
116000090,88,128,-40
116000091,297,296,1
116000093,864,568,296
116000094,828,409,419
116000095,918,565,353
116000096,1035,1485,-450
116000097,1095,504,591
116000098,33,6798,-6765
116000099,4212,154,4058
116000100,270,12,258
116000101,984,474,510
116000102,253,662,-409
116000103,392,312,80
116000104,251,755,-504
116000105,1385,138,1247
116000106,412,596,-184
116000107,2531,228,2303
116000108,343,171,172
116000111,136,29,107
116000113,132,114,18
116000114,40,129,-89
116000115,403,93,310
116000116,238,281,-43
116000117,1609,1609,0
116000118,1612,990,622
116000119,3821,1626,2195
116000120,2883,2692,191
116000121,1112,456,656
116000122,918,923,-5
116000123,1413,372,1041
116000124,356,636,-280
116000125,3491,799,2692
116000126,292,860,-568
116000127,815,801,14
116000128,2216,919,1297
116000129,1499,209,1290
116000130,740,637,103
116000133,1509,664,845
116000134,1500,1156,344
116000135,3262,1203,2059
116000136,796,1306,-510
116000137,1315,786,529
116000138,959,614,345
116000139,1727,2547,-820
116000140,221,163,58
116000141,305,329,-24
116000142,2750,1822,928
116000143,1872,1837,35
116000144,1407,1236,171
116000145,2107,1066,1041
116000146,823,90,733
116000147,186,140,46
116000148,825,597,228
116000149,781,806,-25
116000151,456,383,73
116000153,114,316,-202
116000155,142,241,-99
116000156,507,770,-263
116000157,74,16,58
116000158,271,391,-120
116000159,19,12,7
116000160,14,43,-29
116000161,5,99,-94
116000162,96,136,-40
116000163,32,19,13
116000164,7,20,-13
116000177,363,89,274
116000194,107,390,-283
116000195,1253,488,765
116000196,38,5,33
116000197,20,13,7
116000198,2501,1163,1338
116000200,632,621,11
116000201,636,620,16
116000202,10,134,-124
116000203,0,70,-70
116000204,11,34,-23
116000205,1,109,-108
116000206,1,138,-137
116000207,26,17,9
116000233,220,312,-92
116000287,180,227,-47
116000288,407,173,234
116000292,124,84,40
116000296,14,131,-117
116000297,62,12,50
116000304,292,15,277
116000305,9,145,-136
116000346,185,88,97
116000352,138,35,103
116000354,35,15,20
116000357,13,25,-12
116000358,394,78,316
116000361,43,2,41
116000372,2923,5047,-2124
116000381,146,0,146
116000388,2,34,-32
116000389,966,437,529
116000445,546,292,254
116000446,800,292,508
116000447,20,519,-499
116000448,473,143,330
116000563,925,1019,-94
116000565,39,263,-224
116000568,60,498,-438
116000579,19,102,-83
116000584,15,13,2
116000585,41,12,29
116000586,66,113,-47
116000587,258,426,-168
116000589,46,50,-4
116000590,124,56,68
116000591,294,132,162
116000592,8,52,-44
116000593,0,29,-29
116000594,828,232,596
116000595,731,56,675
116000596,168,3,165
116000597,477,115,362
116000598,13,97,-84
116000602,43,531,-488
116000605,159,104,55
116000606,54,202,-148
116000607,2,43,-41
116000609,117,1031,-914
116000611,151,246,-95
116000612,891,2115,-1224
116000613,766,272,494
116000614,431,296,135
116000615,37,488,-451
116000616,53,39,14
116000617,143,26,117
116000618,1,44,-43
116000619,44,93,-49
116000620,174,115,59
116000621,59,138,-79
116000622,64,113,-49
116000624,165,77,88
116000628,3,33,-30
116000629,1,50,-49
116000630,90,1,89
116000631,50,1,49
116000632,261,73,188
116000633,10,94,-84
116000634,177,3,174
116900001,275,162,113
116900002,250,2,248
116900003,47,31,16
116900004,54,79,-25
116900005,328,54,274
116900006,84,501,-417
116900007,132,151,-19
116900008,512,147,365
116900009,20,15,5
116900010,9,612,-603
116900011,23,26,-3
116900012,149,176,-27
116900013,5,121,-116
116900014,190,88,102
116900015,643,40,603
116900016,289,1,288
116900017,2,288,-286
116900018,106,42,64
116900019,5,155,-150
116900020,489,1016,-527
116900023,98,9,89
116900024,707,29,678
116900025,1478,609,869
116900026,68,467,-399
116900027,36,29,7
116900028,3,44,-41
116900029,0,63,-63
116900031,0,0,0
116900032,2,166,-164
116900033,21,7,14
116900034,5,55,-50
116900035,152,103,49
116900036,3,89,-86
116900038,12,3,9
116900041,109,30,79
116900042,294,226,68
116900043,32,37,-5
116900045,262,91,171
116900047,13,151,-138
116900049,23,196,-173
116900050,109,282,-173
116900051,219,49,170
116900052,180,46,134
116900055,0,12,-12
116900057,12,119,-107
116900058,27,254,-227
116900059,0,80,-80
116900060,128,128,0
116900062,1,4,-3
116900064,67,269,-202
116900065,33,75,-42
116900067,99,56,43
116900068,107,174,-67
116900070,4,5,-1
116900072,39,237,-198
116900073,12,74,-62
116900074,8,24,-16
116900076,8,26,-18
116900077,9,74,-65
116900078,143,92,51
116900079,41,157,-116
116900080,8,17,-9
116900081,248,832,-584
116900082,315,847,-532
116900083,21,19,2
116900084,80,70,10
116900085,25,85,-60
116900086,38,118,-80
116900088,311,81,230
116900090,39,29,10
116900091,381,17,364
116900092,110,581,-471
116900093,1986,1619,367
116900094,2889,4733,-1844
116900095,201,73,128
116900096,130,478,-348
116900097,1906,3680,-1774
116900098,735,357,378
116900099,478,792,-314
116900100,1043,65,978
116900101,304,357,-53
116900103,1,0,1
116900104,45,88,-43
116900105,318,157,161
116900106,2683,79,2604
116900107,1943,2749,-806
116900110,4,4,0
116900111,617,316,301
116900112,284,461,-177
116900113,1065,1152,-87
116900116,71,713,-642
116900117,116,77,39
116900118,563,802,-239
116900120,501,49,452
116900121,122,15,107
116900122,1192,350,842
116900123,228,390,-162
116900124,163,812,-649
116900125,529,133,396
116900126,52,539,-487
116900128,1,28,-27
116900129,2,229,-227
116900130,395,4950,-4555
116900131,79,318,-239
116900132,73,106,-33
116900133,199,115,84
116900134,250,217,33
116900136,218,180,38
116900137,293,164,129
116900138,227,124,103
116900139,122,323,-201
116900140,240,159,81
116900141,677,435,242
116900142,4,70,-66
116900143,460,476,-16
116900144,34,62,-28
116900145,90,183,-93
116900147,306,794,-488
116900148,7,37,-30
116900149,73,261,-188
116900150,11,5,6
116900151,16,4,12
116900153,151,99,52
116900154,284,643,-359
116900155,77,88,-11
116900157,858,121,737
116900158,95,323,-228
116900159,43,277,-234
116900160,974,963,11
116900161,4337,8150,-3813
116900162,17,61,-44
116900163,260,57,203
116900164,72,77,-5
116900165,342,292,50
116900166,35,26,9
116900167,446,43,403
116900168,396,39,357
116900169,374,669,-295
116900170,422,561,-139
116900171,60,115,-55
116900172,162,414,-252
116900173,319,33,286
116900174,61,49,12
116900175,211,279,-68
116900178,35,78,-43
116900179,109,416,-307
116900180,91,23,68
116900182,712,226,486
116900183,172,85,87
116900185,28,67,-39
116900186,100,127,-27
116900187,49,43,6
116900188,164,31,133
116900189,56,0,56
116900191,386,576,-190
116900192,364,91,273
116900194,188,1702,-1514
116900195,77,26,51
116900196,20,69,-49
116900197,136,13,123
116900198,144,282,-138
116900200,121,12,109
116900201,183,15,168
116900202,77,33,44
116900203,213,9,204
116900204,49,128,-79
116900206,16,5,11
116900207,31,27,4
116900208,3,54,-51
116900209,43,65,-22
116900210,569,273,296
116900211,250,5,245
116900212,119,23,96
116900213,236,75,161
116900214,194,160,34
116900215,61,31,30
116900216,297,135,162
116900218,3,146,-143
116900219,1132,291,841
116900220,108,231,-123
116900221,103,367,-264
116900222,427,387,40
116900223,148,252,-104
116900226,137,34,103
116900227,230,50,180
116900228,301,131,170
116900230,70,155,-85
116900231,42,218,-176
116900232,35,244,-209
116900233,385,114,271
116900234,39,11,28
116900235,161,178,-17
116900238,1253,258,995
116900239,31,1467,-1436
116900240,3679,3162,517
116900241,140,122,18
116900242,238,786,-548
116900243,5,52,-47
116900245,53,32,21
116900246,100,13,87
116900247,1079,28,1051
116900248,106,30,76
116900249,574,84,490
116900250,390,37,353
116900251,309,731,-422
116900252,180,402,-222
116900253,124,48,76
116900254,29,66,-37
116900255,90,101,-11
116900256,461,114,347
116900257,16,199,-183
116900258,5,99,-94
116900259,340,14,326
116900260,3,56,-53
116900261,126,4,122
116900262,205,86,119
116900263,1,15,-14
116900264,3,12,-9
116900265,66,1,65
116900266,34,16,18
116900267,2,2,0
116900268,274,142,132
116900269,328,567,-239
116900271,685,317,368
116900272,295,210,85
116900273,94,87,7
116900274,171,27,144
116900275,209,77,132
116900276,451,174,277
116900277,275,26,249
116900278,4,6,-2
116900279,1,20,-19
116900280,36,22,14
116900281,3553,5710,-2157
116900282,2,42,-40
116900283,11,36,-25
116900284,19,127,-108
116900285,131,232,-101
116900286,140,14,126
116900287,5,21,-16
116900288,104,70,34
116900289,21,4,17
116900290,8,6,2
116900291,40,8,32
116900292,1,22,-21
116900293,78,16,62
116900294,27,110,-83
116900295,43,80,-37
116900296,22,21,1
116900297,4,38,-34
116900298,35,37,-2
116900299,26,52,-26
116900300,1,80,-79
116900301,28,40,-12
116900302,533,1061,-528
116900303,56,93,-37
116900304,0,157,-157
116900305,10,46,-36
116900306,235,51,184
117000001,2849,1917,932
117000002,1818,3565,-1747
117000003,6068,3131,2937
117000004,2840,3840,-1000
117000005,2739,1895,844
117000006,1109,2166,-1057
117000007,4792,1136,3656
117000008,829,2593,-1764
117000009,4754,1928,2826
117000010,2102,2754,-652
117000011,2495,1477,1018
117000012,1456,822,634
117000013,1976,796,1180
117000014,1289,1979,-690
117000015,2662,1333,1329
117000016,247,147,100
117000017,112,80,32
117000018,122,1046,-924
117000019,57,4,53
117000020,433,2089,-1656
117000021,878,316,562
117000022,243,184,59
117000023,100,173,-73
117000024,192,270,-78
117000025,349,1135,-786
117000026,1990,1695,295
117000027,696,2505,-1809
117000028,951,1338,-387
117000030,81,123,-42
117000032,1103,1095,8
117000033,1664,1460,204
117000034,345,94,251
117000036,138,81,57
117000038,58,208,-150
117000039,41,38,3
117000040,236,632,-396
117000041,1471,164,1307
117000044,13,398,-385
117000045,497,128,369
117000046,319,609,-290
117000047,869,684,185
117000048,1572,674,898
117000049,116,677,-561
117000050,178,1128,-950
117000051,2847,87,2760
117000052,72,217,-145
117000053,631,27,604
117000054,1996,19,1977
117000055,9,1831,-1822
117000056,715,28,687
117000057,391,1813,-1422
117000060,459,1001,-542
117000061,2059,1048,1011
117000062,285,516,-231
117000063,2174,1076,1098
117000064,525,623,-98
117000066,859,786,73
117000067,92,677,-585
117000074,85,164,-79
117000076,34,24,10
117000077,148,203,-55
117000078,123,519,-396
117000079,476,214,262
117000080,0,265,-265
117000081,892,106,786
117000082,11,108,-97
117000083,100,9,91
117000084,229,10,219
117000085,307,838,-531
117000086,801,316,485
117000087,102,445,-343
117000088,286,174,112
117000089,1996,233,1763
117000090,291,840,-549
117000091,1086,260,826
117000092,403,875,-472
117000093,1496,714,782
117000094,1122,1911,-789
117000095,4195,738,3457
117000096,657,1654,-997
117000097,2008,851,1157
117000098,1831,2873,-1042
117000099,4692,1177,3515
117000100,260,391,-131
117000101,123,751,-628
117000102,2331,691,1640
117000103,561,1068,-507
117000104,1806,604,1202
117000105,808,1033,-225
117000106,1579,725,854
117000107,493,1203,-710
117000108,2397,892,1505
117000109,1095,1837,-742
117000110,2258,1493,765
117000111,3507,3722,-215
117000112,3888,1540,2348
117000113,128,161,-33
117000114,249,100,149
117000115,81,69,12
117000116,186,162,24
117000117,1656,1303,353
117000118,284,111,173
117000119,165,245,-80
117000120,179,717,-538
117000121,56,1261,-1205
117000122,136,622,-486
117000123,1470,58,1412
117000124,213,191,22
117000125,135,169,-34
117000126,42,42,0
117000127,167,395,-228
117000128,243,785,-542
117000129,131,157,-26
117000130,60,5,55
117000131,0,62,-62
117000132,3612,78,3534
117000133,2618,39,2579
117000134,0,75,-75
117000135,1,90,-89
117000136,2,21,-19
117000137,135,153,-18
117000138,11,809,-798
117000140,387,1097,-710
117000141,2234,520,1714
117000181,338,169,169
117000182,549,963,-414
117000195,134,590,-456
117000196,332,214,118
117000225,84,42,42
117000226,6,80,-74
117000276,493,18,475
117000277,2,190,-188
117000310,1225,2084,-859
117000315,68,581,-513
117000320,63,0,63
117000906,477,32,445
117000907,8,199,-191
117000908,7,83,-76
117000909,35,44,-9
117000910,223,206,17
117000911,93,149,-56
117000915,6,269,-263
117000916,84,5,79
117000917,1593,41,1552
117000918,89,65,24
117000919,2,52,-50
117000920,3,819,-816
117000921,0,581,-581
117000922,15,61,-46
117000924,715,678,37
117000926,489,93,396
117000927,654,1639,-985
117000928,0,101,-101
117000929,312,132,180
117000930,256,25,231
117000931,203,174,29
117900002,83,445,-362
117900003,374,387,-13
117900005,3,78,-75
117900006,0,36,-36
117900007,135,63,72
117900008,0,20,-20
117900010,330,73,257
117900011,20,125,-105
117900012,74,74,0
117900013,0,111,-111
117900014,387,76,311
117900015,9,39,-30
117900016,945,988,-43
117900017,653,145,508
117900018,125,189,-64
117900019,658,181,477
117900020,46,474,-428
117900021,29,25,4
117900022,32,10,22
117900023,783,108,675
117900024,47,32,15
117900025,41,6,35
117900026,489,140,349
117900028,51,5,46
117900029,309,351,-42
117900030,553,256,297
117900031,117,127,-10
117900032,1066,528,538
117900033,399,379,20
117900034,30,16,14
117900035,252,109,143
117900036,333,269,64
117900037,261,122,139
117900038,24,142,-118
117900039,1,37,-36
117900040,167,182,-15
117900041,6,34,-28
117900042,3467,345,3122
117900043,17,43,-26
117900044,43,3546,-3503
117900045,248,111,137
117900048,392,137,255
117900049,333,338,-5
117900050,3,113,-110
117900051,38,5,33
117900052,61,487,-426
117900053,1931,342,1589
117900054,1,16,-15
117900055,345,176,169
117900056,58,6,52
117900057,808,922,-114
117900058,178,1187,-1009
117900059,181,99,82
117900060,2886,2905,-19
117900061,14,237,-223
117900063,474,165,309
117900065,453,810,-357
117900066,10,69,-59
117900067,724,129,595
117900069,942,222,720
117900070,118,71,47
117900071,83,87,-4
117900073,679,193,486
117900074,71,80,-9
117900075,88,76,12
117900076,11,24,-13
117900077,562,165,397
117900078,390,846,-456
117900080,117,38,79
117900081,360,350,10
117900082,565,367,198
117900083,561,272,289
117900086,112,27,85
117900087,191,33,158
117900088,2010,1731,279
117900089,2623,751,1872
117900090,444,265,179
117900091,91,79,12
117900092,85,34,51
117900093,173,36,137
117900094,51,47,4
117900095,282,136,146
117900096,123,143,-20
117900097,435,72,363
117900098,52,19,33
117900099,174,138,36
117900100,459,4,455
117900101,422,2102,-1680
117900102,107,43,64
117900103,84,2,82
117900104,18,71,-53
117900105,72,182,-110
117900106,148,28,120
117900107,77,3,74
117900109,802,379,423
117900110,137,2,135
117900111,404,45,359
117900112,91,15,76
117900113,1404,1964,-560
117900114,50,0,50
117900115,113,90,23
117900116,661,664,-3
117900117,772,283,489
117900118,147,4,143
117900119,276,71,205
117900120,353,41,312
117900121,115,24,91
117900122,1154,4960,-3806
117900123,699,309,390
117900124,568,424,144
117900125,1821,1729,92
117900126,174,437,-263
117900127,508,313,195
117900128,378,364,14
117900129,108,2,106
117900130,768,292,476
117900131,5,107,-102
117900132,11,57,-46
117900133,13,70,-57
117900134,75,209,-134
117900135,22,94,-72
117900136,0,28,-28
117900137,36,168,-132
117900138,0,16,-16
117900139,130,86,44
117900140,2174,224,1950
117900141,114,169,-55
117900142,90,86,4
117900144,48,315,-267
117900145,27,43,-16
117900146,139,225,-86
117900147,58,45,13
117900148,1750,1852,-102
117900149,108,129,-21
117900150,74,43,31
117900151,56,63,-7
117900152,56,53,3
117900153,19,117,-98
117900154,485,390,95
117900156,636,637,-1
117900157,69,428,-359
117900158,360,143,217
117900160,971,846,125
117900161,1819,1412,407
117900162,580,452,128
117900163,31,218,-187
117900165,0,7,-7
117900166,101,551,-450
117900168,45,152,-107
117900169,0,85,-85
117900170,2,14,-12
117900171,3,10,-7
117900172,9,8,1
117900173,71,73,-2
117900174,23,32,-9
117900175,2,18,-16
117900176,13,16,-3
117900177,17,21,-4
117900178,55,33,22
117900180,200,22,178
117900181,42,432,-390
117900182,3,63,-60
117900183,72,133,-61
117900184,15,48,-33
117900185,54,49,5
117900186,59,12,47
117900187,21,3,18
117900188,157,49,108
117900189,79,11,68
117900190,30,5,25
117900191,97,0,97
117900192,208,1,207
117900193,23,41,-18
117900194,14,4,10
117900195,10,41,-31
117900196,30,34,-4
117900207,124,145,-21
117900208,35,14,21
117900209,110,97,13
117900210,112,171,-59
117900211,6,164,-158
117900212,121,112,9
117900213,31,5,26
117900214,17,12,5
117900216,3,61,-58
117900217,19,375,-356
117900218,108,154,-46
117900219,26,148,-122
117900220,69,115,-46
117900221,15,9,6
118000001,728,1083,-355
118000002,466,1528,-1062
118000003,1841,3405,-1564
118000004,1703,1822,-119
118000005,3110,5725,-2615
118000006,2742,8742,-6000
118000007,4706,4523,183
118000008,2241,3469,-1228
118000009,1527,2865,-1338
118000010,6072,3762,2310
118000011,1687,1886,-199
118000012,1039,1404,-365
118000013,2062,1825,237
118000014,1945,1470,475
118000016,253,196,57
118000017,541,441,100
118000018,446,330,116
118000019,1699,1552,147
118000020,882,3451,-2569
118000021,580,3415,-2835
118000022,1318,903,415
118000023,716,293,423
118000024,850,1514,-664
118000025,394,1911,-1517
118000027,7470,11097,-3627
118000029,623,891,-268
118000032,467,4062,-3595
118000033,2706,7260,-4554
118000034,4019,2584,1435
118000035,1892,3325,-1433
118000036,933,1293,-360
118000037,722,876,-154
118000038,269,85,184
118000039,114,180,-66
118000040,1822,1147,675
118000041,2745,1250,1495
118000045,430,143,287
118000046,970,754,216
118000047,770,1452,-682
118000048,1957,1774,183
118000051,1486,2272,-786
118000052,972,1274,-302
118000053,392,670,-278
118000054,1392,919,473
118000055,1353,1489,-136
118000056,115,480,-365
118000057,198,377,-179
118000058,3624,2447,1177
118000059,2051,1644,407
118000060,1481,422,1059
118000061,1382,1018,364
118000062,462,356,106
118000063,467,867,-400
118000064,818,1064,-246
118000065,2361,2128,233
118000066,904,1737,-833
118000067,517,578,-61
118000068,1363,5217,-3854
118000069,1823,1038,785
118000070,3940,1821,2119
118000071,2611,7580,-4969
118000072,1203,1486,-283
118000073,884,776,108
118000074,493,361,132
118000075,577,270,307
118000076,1561,2855,-1294
118000077,1067,1161,-94
118000078,1826,2520,-694
118000079,231,559,-328
118000080,855,712,143
118000081,1738,1309,429
118000082,278,1072,-794
118000083,1329,1521,-192
118000084,2858,2101,757
118000086,237,518,-281
118000087,2830,2340,490
118000088,1369,1430,-61
118000089,3565,2347,1218
118000090,1064,2742,-1678
118000091,895,3180,-2285
118000092,866,539,327
118000093,70,762,-692
118000096,445,589,-144
118000097,705,651,54
118000098,215,147,68
118000099,763,549,214
118000101,1230,287,943
118000102,398,809,-411
118000107,1108,499,609
118000108,566,2649,-2083
118000110,1,32,-31
118000111,0,128,-128
118000112,646,1,645
118000113,1,214,-213
118000114,533,10,523
118000115,11,10,1
118000116,15,0,15
118000117,741,660,81
118000118,933,1134,-201
118000119,902,1151,-249
118000120,1295,999,296
118000121,62,496,-434
118000122,1058,283,775
118000123,41,244,-203
118000125,969,653,316
118000126,648,1737,-1089
118000127,1331,662,669
118000128,421,927,-506
118000129,1073,364,709
118000130,1547,2055,-508
118000131,283,362,-79
118000132,2944,2305,639
118000133,1019,359,660
118000135,565,449,116
118000136,125,332,-207
118000137,541,81,460
118000138,340,358,-18
118000139,572,57,515
118000140,2357,6109,-3752
118000141,2317,1528,789
118000142,1927,1329,598
118000143,2454,1181,1273
118000144,938,598,340
118000145,1581,1138,443
118000146,1377,495,882
118000147,869,1062,-193
118000148,520,1074,-554
118000149,1058,741,317
118000150,513,177,336
118000151,650,358,292
118000153,1655,1061,594
118000154,1451,1544,-93
118000155,1604,1241,363
118000156,1890,2735,-845
118000157,735,362,373
118000158,225,402,-177
118000159,34,113,-79
118000160,660,391,269
118000161,704,537,167
118000162,1898,813,1085
118000163,1032,940,92
118000164,1899,1519,380
118000168,745,1107,-362
118000169,732,801,-69
118000170,2983,2986,-3
118000171,421,441,-20
118000172,82,198,-116
118000173,870,1226,-356
118000175,323,423,-100
118000176,326,643,-317
118000177,355,740,-385
118000178,40,44,-4
118000179,1063,1611,-548
118000180,834,712,122
118000181,740,342,398
118000182,291,244,47
118000183,164,293,-129
118000184,1039,532,507
118000185,1171,1653,-482
118000186,927,1580,-653
118000187,1802,445,1357
118000188,780,113,667
118000189,796,390,406
118000190,9,7,2
118000191,21,23,-2
118000192,46,146,-100
118000193,43,228,-185
118000194,1175,825,350
118000195,331,1273,-942
118000196,255,254,1
118000197,101,147,-46
118000198,356,758,-402
118000199,469,417,52
118000200,71,189,-118
118000201,447,535,-88
118000202,68,64,4
118000203,553,726,-173
118000204,71,375,-304
118000205,111,292,-181
118000206,269,207,62
118000207,0,56,-56
118000208,1342,1315,27
118000209,2583,1084,1499
118000210,75,23,52
118000211,48,22,26
118000213,684,2369,-1685
118000214,359,541,-182
118000215,353,121,232
118000216,2782,1495,1287
118000217,14,67,-53
118000218,101,60,41
118000219,374,175,199
118000220,5,42,-37
118000221,345,330,15
118000222,71,11,60
118000223,36,55,-19
118000224,117,37,80
118000225,96,433,-337
118000226,995,143,852
118000227,500,359,141
118000228,125,256,-131
118000229,132,138,-6
118000230,143,162,-19
118000231,104,218,-114
118000232,856,485,371
118000233,1378,586,792
118000234,467,127,340
118000236,417,284,133
118000237,80,200,-120
118000238,385,93,292
118000239,323,264,59
118000240,204,169,35
118000241,173,123,50
118000242,521,335,186
118000243,326,177,149
118000244,63,56,7
118000246,0,29,-29
118000255,60,181,-121
118000256,139,155,-16
118000259,13,66,-53
118000260,213,58,155
118000261,46,28,18
118000263,69,156,-87
118000266,118,190,-72
118000267,0,95,-95
118000268,240,5,235
118000270,82,14,68
118000271,120,166,-46
118000272,86,28,58
118000273,185,81,104
118000274,90,224,-134
118000276,541,296,245
118000295,19,112,-93
118000298,145,167,-22
118000299,39,85,-46
118000301,0,53,-53
118000302,142,34,108
118000311,779,67,712
118000312,316,106,210
118000313,65,67,-2
118000314,133,29,104
118000315,61,14,47
118000316,723,361,362
118000325,53,27,26
118000326,50,19,31
118000331,41,28,13
118000332,14,21,-7
118000333,35,51,-16
118000335,362,1,361
118000336,1,101,-100
118000407,275,55,220
118000457,4,14,-10
118000465,1393,3867,-2474
118000480,31,50,-19
118000489,12,401,-389
118000490,5,105,-100
118000492,218,137,81
118000510,50,15,35
118000514,74,235,-161
118000515,814,780,34
118000517,314,144,170
118000524,194,408,-214
118000525,605,673,-68
118000530,21,77,-56
118000531,412,235,177
118000532,246,250,-4
118000533,257,123,134
118000534,635,376,259
118000535,292,128,164
118000536,277,1508,-1231
118000537,28,187,-159
118000538,29,84,-55
118000539,36,114,-78
118000540,285,168,117
118000541,168,45,123
118000542,91,151,-60
118000543,188,223,-35
118000546,47,27,20
118000560,1386,2513,-1127
118000562,38,112,-74
118000563,1170,901,269
118000576,143,66,77
118000577,106,130,-24
118000578,99,45,54
118000579,366,1329,-963
118000595,255,92,163
118000596,0,67,-67
118000597,103,63,40
118000598,6,2,4
118000599,56,39,17
118000600,0,20,-20
118000601,20,0,20
118000602,0,8,-8
118000603,0,3,-3
118900001,342,1572,-1230
118900002,817,931,-114
118900003,513,17,496
118900004,42,26,16
118900005,82,3,79
118900006,150,3,147
118900007,3,0,3
118900008,1579,63,1516
118900009,78,55,23
118900010,90,8,82
118900011,201,35,166
118900012,449,180,269
118900013,471,247,224
118900015,296,71,225
118900016,14,10,4
118900017,130,282,-152
118900018,1201,50,1151
118900019,42,20,22
118900020,114,163,-49
118900021,164,432,-268
118900022,112,101,11
118900023,154,74,80
118900024,126,190,-64
118900025,44,20,24
118900026,64,75,-11
118900027,366,124,242
118900028,259,147,112
118900029,393,599,-206
118900030,586,46,540
118900031,164,72,92
118900032,267,119,148
118900033,390,420,-30
118900034,193,20,173
118900035,122,108,14
118900036,1080,609,471
118900037,395,315,80
118900038,454,86,368
118900039,622,109,513
118900040,262,159,103
118900041,838,104,734
118900042,227,83,144
118900045,271,126,145
118900046,615,335,280
118900047,287,204,83
118900048,102,213,-111
118900049,52,45,7
118900050,41,23,18
118900051,98,100,-2
118900052,334,300,34
118900053,31,89,-58
118900054,131,39,92
118900055,137,43,94
118900056,28,382,-354
118900057,984,524,460
118900058,471,267,204
118900059,17,68,-51
118900060,23,79,-56
118900062,694,151,543
118900064,331,644,-313
118900065,68,103,-35
118900066,88,69,19
118900067,2635,4774,-2139
118900068,11,187,-176
118900069,627,150,477
118900071,7,60,-53
118900072,449,305,144
118900073,215,103,112
118900074,172,86,86
118900075,61,49,12
118900076,253,120,133
118900077,333,160,173
118900078,28,8,20
118900079,32,134,-102
118900080,36,140,-104
118900081,69,24,45
118900082,1041,132,909
118900083,38,9,29
118900084,17,10,7
118900085,741,507,234
118900086,42,87,-45
118900087,59,299,-240
118900088,0,6,-6
118900089,17,18,-1
118900090,584,260,324
118900091,187,222,-35
118900092,335,58,277
118900093,104,19,85
118900096,47,10,37
118900097,296,370,-74
118900099,96,226,-130
118900100,100,154,-54
118900101,201,275,-74
118900102,68,93,-25
118900103,87,118,-31
118900104,331,83,248
118900105,208,107,101
118900107,129,53,76
118900108,148,140,8
118900109,579,498,81
118900110,1087,989,98
118900111,547,332,215
118900112,118,145,-27
118900113,92,217,-125
118900114,17,84,-67
118900115,77,341,-264
118900116,116,240,-124
118900117,117,203,-86
118900118,349,185,164
118900119,143,152,-9
118900120,93,231,-138
118900121,19,91,-72
118900122,10,1236,-1226
118900123,168,132,36
118900124,112,112,0
118900126,25,462,-437
118900129,256,179,77
118900130,57,217,-160
118900131,152,211,-59
118900132,335,194,141
118900133,6,102,-96
118900135,236,193,43
118900136,270,361,-91
118900137,8,53,-45
118900139,201,196,5
118900140,490,431,59
118900141,87,86,1
118900144,108,246,-138
118900145,18,82,-64
118900146,397,554,-157
118900147,220,159,61
118900148,89,57,32
118900150,114,546,-432
118900152,715,510,205
118900157,67,143,-76
118900158,169,36,133
118900159,3,85,-82
118900161,51,11,40
118900163,59,67,-8
118900164,2,77,-75
118900165,92,107,-15
118900166,45,4,41
118900167,93,118,-25
118900168,24,234,-210
118900169,169,147,22
118900170,329,69,260
118900171,51,46,5
118900174,71,56,15
118900175,500,511,-11
118900176,187,248,-61
118900177,72,30,42
118900178,65,169,-104
118900179,3,17,-14
118900181,82,72,10
118900182,116,57,59
118900183,24,146,-122
118900184,279,148,131
118900185,142,61,81
118900186,109,119,-10
118900187,258,287,-29
118900188,373,299,74
118900189,57,968,-911
118900190,29,209,-180
118900191,234,25,209
118900192,275,9,266
118900193,800,8,792
118900195,233,451,-218
118900196,41,117,-76
118900197,221,26,195
118900198,46,2,44
118900199,101,17,84
118900200,23,18,5
118900201,22,52,-30
118900202,14,33,-19
118900203,14,14,0
118900204,23,23,0
118900205,2,17,-15
118900206,6,13,-7
119000001,1519,2351,-832
119000002,4458,4918,-460
119000003,3351,797,2554
119000004,2752,1344,1408
119000005,1889,2186,-297
119000006,3332,1447,1885
119000007,3614,3046,568
119000008,1806,1386,420
119000009,3505,5430,-1925
119000010,4653,3964,689
119000011,2950,2915,35
119000012,1801,3550,-1749
119000013,2738,1688,1050
119000014,1438,2344,-906
119000019,289,138,151
119000020,3017,1423,1594
119000021,5797,2906,2891
119000022,1674,3575,-1901
119000023,255,245,10
119000024,2070,13076,-11006
119000025,4070,1127,2943
119000026,92,406,-314
119000027,183,339,-156
119000028,1481,580,901
119000029,103,279,-176
119000030,473,687,-214
119000031,864,553,311
119000032,4184,2389,1795
119000033,2294,1062,1232
119000034,1170,746,424
119000035,22,228,-206
119000036,2407,534,1873
119000037,1414,1006,408
119000038,181,466,-285
119000039,469,306,163
119000040,709,656,53
119000041,578,1093,-515
119000048,2389,1700,689
119000049,1850,1355,495
119000050,1422,1230,192
119000051,1742,787,955
119000052,1485,2238,-753
119000053,1838,923,915
119000054,3564,1791,1773
119000055,5357,2499,2858
119000056,3162,1694,1468
119000057,1664,1273,391
119000058,1978,1224,754
119000059,1430,1240,190
119000060,1739,1071,668
119000061,1338,609,729
119000062,1170,1239,-69
119000063,733,392,341
119000064,873,1073,-200
119000065,1800,3917,-2117
119000066,2419,1293,1126
119000067,2062,1561,501
119000068,1905,856,1049
119000069,1650,2139,-489
119000070,3292,727,2565
119000071,461,748,-287
119000072,4494,4129,365
119000073,4925,8306,-3381
119000074,1456,1232,224
119000075,3428,2149,1279
119000076,381,2109,-1728
119000077,773,1015,-242
119000078,393,335,58
119000079,181,1190,-1009
119000080,532,314,218
119000081,437,2218,-1781
119000082,1028,320,708
119000083,632,344,288
119000084,304,795,-491
119000085,1807,196,1611
119000086,321,376,-55
119000087,1282,537,745
119000088,397,183,214
119000089,64,174,-110
119000090,183,135,48
119000091,88,355,-267
119000092,674,178,496
119000093,3122,2009,1113
119000094,3698,4311,-613
119000095,2009,2141,-132
119000097,1724,976,748
119000098,995,3102,-2107
119000099,2274,1192,1082
119000100,4655,3109,1546
119000101,4687,2058,2629
119000102,761,1132,-371
119000103,1573,801,772
119000104,1628,980,648
119000105,1091,2366,-1275
119000106,343,721,-378
119000107,1182,583,599
119000108,330,553,-223
119000109,174,1481,-1307
119000110,626,1518,-892
119000111,66,806,-740
119000112,227,368,-141
119000113,2014,478,1536
119000114,1159,1085,74
119000115,174,193,-19
119000116,89,111,-22
119000117,144,351,-207
119000118,11,1,10
119000123,3821,1868,1953
119000124,846,151,695
119000125,4469,504,3965
119000126,841,421,420
119000127,596,315,281
119000128,32,3,29
119000131,959,351,608
119000132,1,4,-3
119000133,2,6,-4
119000134,1416,428,988
119000135,219,299,-80
119000136,295,98,197
119000137,342,198,144
119000138,675,174,501
119000139,328,123,205
119000140,416,359,57
119000284,1002,2286,-1284
119000285,1626,1600,26
119000286,5534,4036,1498
119000287,1112,1471,-359
119000288,2050,728,1322
119000289,1303,1689,-386
119000290,234,278,-44
119000291,17,202,-185
119000293,125,127,-2
119000294,59,24,35
119000295,1033,224,809
119000296,264,116,148
119000302,1207,1183,24
119000303,49,101,-52
119000314,1342,11664,-10322
119000315,0,169,-169
119000316,161,73,88
119000317,137,140,-3
119900001,265,1445,-1180
119900002,168,207,-39
119900003,18,499,-481
119900004,211,1612,-1401
119900005,268,52,216
119900006,258,439,-181
119900007,981,310,671
119900008,34,44,-10
119900009,657,530,127
119900010,1651,2293,-642
119900011,24,173,-149
119900012,22,125,-103
119900013,2440,2102,338
119900014,595,470,125
119900015,168,31,137
119900016,77,50,27
119900017,75,36,39
119900018,1557,1195,362
119900019,71,5,66
119900020,185,182,3
119900021,213,117,96
119900022,89,1164,-1075
119900023,386,1813,-1427
119900025,283,17,266
119900026,529,148,381
119900027,15,14,1
119900028,267,134,133
119900029,11,4,7
119900030,694,277,417
119900031,81,565,-484
119900033,2463,397,2066
119900034,616,75,541
119900037,238,20,218
119900038,39,393,-354
119900039,45,4,41
119900040,183,33,150
119900041,201,22,179
119900042,253,105,148
119900043,127,88,39
119900044,214,1119,-905
119900046,254,37,217
119900047,386,123,263
119900048,53,19,34
119900049,150,5,145
119900050,184,152,32
119900051,1237,14,1223
119900052,80,29,51
119900053,216,86,130
119900054,216,11,205
119900055,1587,482,1105
119900057,345,67,278
119900058,319,3,316
119900059,84,43,41
119900060,425,41,384
119900061,427,6,421
119900062,98,21,77
119900063,5,48,-43
119900064,618,101,517
119900065,315,22,293
119900066,0,1,-1
119900067,107,26,81
119900068,649,4,645
119900069,121,13,108
119900070,1781,36,1745
119900071,1076,30,1046
119900072,415,384,31
119900073,1126,472,654
119900074,63,39,24
119900075,2432,2420,12
119900076,1015,233,782
119900077,1264,407,857
119900078,618,573,45
119900079,252,78,174
119900080,375,215,160
119900081,66,15,51
119900082,2235,244,1991
119900083,378,99,279
119900084,575,376,199
119900085,44,48,-4
119900086,220,399,-179
119900087,690,408,282
119900088,29,27,2
119900089,38,256,-218
119900090,120,63,57
119900091,74,458,-384
119900092,71,311,-240
119900093,1265,206,1059
119900094,29,148,-119
119900095,158,130,28
119900096,20,93,-73
119900097,585,222,363
119900098,42,41,1
119900099,38,138,-100
119900100,1262,2905,-1643
119900101,143,1930,-1787
119900102,53,108,-55
119900103,80,161,-81
119900104,51,159,-108
119900105,1397,8947,-7550
119900106,12,120,-108
119900107,247,1492,-1245
119900108,6907,724,6183
119900109,44,135,-91
119900110,973,354,619
119900111,214,162,52
119900112,802,602,200
119900113,38,193,-155
119900114,382,562,-180
119900115,488,523,-35
119900116,96,398,-302
119900117,377,418,-41
119900118,158,467,-309
119900119,254,98,156
119900120,612,437,175
119900121,476,460,16
119900122,344,264,80
119900123,240,257,-17
119900124,256,489,-233
119900125,39,249,-210
119900126,4795,281,4514
119900127,1347,812,535
119900128,518,356,162
119900129,299,237,62
119900130,26,173,-147
119900131,45,140,-95
119900132,0,96,-96
119900133,75,99,-24
119900134,817,171,646
119900135,1,181,-180
119900136,153,226,-73
119900138,305,439,-134
119900139,15,88,-73
119900140,0,70,-70
119900141,95,789,-694
119900142,20,29,-9
119900143,22,292,-270
119900144,1060,217,843
119900145,124,84,40
119900146,208,198,10
119900147,2,183,-181
119900148,357,62,295
119900149,675,5595,-4920
119900150,124,107,17
119900151,1965,819,1146
119900152,137,158,-21
119900153,236,47,189
119900154,1,136,-135
119900155,38,23,15
119900156,17,6,11
119900157,200,145,55
119900158,258,67,191
119900159,2,768,-766
119900160,29,77,-48
119900161,143,119,24
119900162,1010,1292,-282
119900163,87,110,-23
119900164,2,0,2
119900165,145,95,50
119900166,109,43,66
119900167,54,56,-2
119900168,1058,510,548
119900169,44,282,-238
119900170,216,256,-40
119900171,827,249,578
119900172,146,26,120
119900173,9,178,-169
119900174,4,110,-106
119900175,1850,505,1345
119900177,15,117,-102
119900178,2,95,-93
119900179,124,716,-592
119900180,1185,905,280
119900181,63,136,-73
119900182,7,217,-210
119900183,140,447,-307
119900184,1174,394,780
119900185,71,222,-151
119900186,40,1355,-1315
119900187,10,202,-192
119900188,142,244,-102
119900189,446,363,83
119900190,81,387,-306
119900191,297,351,-54
119900192,76,126,-50
119900193,551,120,431
119900194,55,76,-21
119900195,29,104,-75
119900196,667,288,379
119900197,304,177,127
119900198,137,160,-23
119900199,139,24,115
119900200,698,539,159
119900201,296,170,126
119900202,94,287,-193
119900203,200,571,-371
119900204,396,238,158
119900205,955,356,599
119900206,272,103,169
119900208,155,190,-35
119900209,584,1626,-1042
119900210,35,22,13
119900211,88,6,82
119900212,257,166,91
119900213,13,83,-70
119900214,44,41,3
119900215,50,38,12
119900216,11,36,-25
119900217,7,42,-35
119900218,22,39,-17
119900219,8,43,-35
119900220,3,36,-33
119900221,24,135,-111
119900222,19,79,-60
119900223,14,31,-17
119900224,7,22,-15
119900225,457,49,408
119900226,354,2223,-1869
119900227,570,322,248
119900228,13,212,-199
119900229,334,348,-14
119900230,970,402,568
119900231,398,101,297
119900232,254,123,131
119900233,68,7,61
119900234,46,85,-39
119900235,29,58,-29
119900236,17,112,-95
119900237,64,632,-568
119900238,2,58,-56
119900240,125,81,44
119900241,135,150,-15
119900242,1328,1574,-246
119900244,636,1304,-668
119900245,108,157,-49
119900246,312,638,-326
119900247,48,148,-100
119900248,53,365,-312
119900249,317,142,175
119900253,1375,437,938
119900254,126,895,-769
119900255,137,920,-783
119900256,1041,485,556
119900257,142,3,139
119900258,217,10,207
119900259,11,77,-66
119900260,206,5,201
119900261,294,111,183
119900262,0,95,-95
119900263,1172,287,885
119900264,118,84,34
119900265,956,244,712
119900266,473,187,286
119900267,285,321,-36
119900268,197,69,128
119900269,1557,800,757
119900271,36,106,-70
119900272,475,304,171
119900275,178,117,61
119900276,66,10,56
119900277,19,11,8
119900278,186,104,82
119900279,78,281,-203
119900280,528,106,422
119900281,1,286,-285
119900282,62,131,-69
119900283,25,148,-123
119900284,45,212,-167
119900285,15,69,-54
119900286,3,16,-13
119900288,1,12,-11
119900289,1,13,-12
119900290,3,12,-9
119900291,1,89,-88
119900292,35,63,-28
119900293,24,62,-38
119900294,29,58,-29
119900295,23,18,5
119900296,73,107,-34
119900297,2,32,-30
119900298,11,16,-5
119900299,45,107,-62
119900300,238,136,102
119900301,129,140,-11
119900302,184,102,82
119900303,289,77,212
119900304,164,25,139
119900305,5,76,-71
119900306,30,3,27
119900307,80,31,49
119900308,10,13,-3
119900309,51,156,-105
119900310,211,197,14
119900311,137,49,88
119900312,145,82,63
119900313,251,229,22
119900314,270,342,-72
119900315,2708,1250,1458
119900318,11,59,-48
119900319,2,170,-168
119900320,351,361,-10
119900321,128,23,105
120000001,7336,18415,-11079
120000002,2463,1925,538
120000003,2310,1324,986
120000004,2225,1346,879
120000005,2713,1581,1132
120000006,1066,975,91
120000007,2736,3159,-423
120000008,833,1083,-250
120000009,1806,1072,734
120000010,1790,1852,-62
120000011,988,1232,-244
120000012,1682,1840,-158
120000013,3386,2522,864
120000014,785,1231,-446
120000015,2543,1384,1159
120000016,4111,2210,1901
120000017,3293,2908,385
120000018,3175,14039,-10864
120000019,1037,1646,-609
120000020,2560,3520,-960
120000021,1683,2284,-601
120000022,2633,3769,-1136
120000023,1040,1488,-448
120000024,1248,2212,-964
120000025,2731,1679,1052
120000026,2563,1586,977
120000027,2341,2172,169
120000028,916,2610,-1694
120000029,2007,2224,-217
120000030,333,965,-632
120000031,2387,5827,-3440
120000032,6327,3248,3079
120000033,4808,1443,3365
120000034,2641,1319,1322
120000035,2773,1540,1233
120000036,3157,4903,-1746
120000037,551,1591,-1040
120000038,4161,3337,824
120000039,690,652,38
120000040,100,617,-517
120000041,1015,1067,-52
120000042,2176,1529,647
120000043,5210,1233,3977
120000044,6134,1458,4676
120000045,7719,940,6779
120000046,4409,3011,1398
120000047,769,7331,-6562
120000048,5954,3923,2031
120000049,3637,2423,1214
120000050,3854,3276,578
120000051,2558,4103,-1545
120000052,6476,2010,4466
120000053,1315,1513,-198
120000054,1297,2527,-1230
120000055,1645,3582,-1937
120000056,4928,3448,1480
120000057,3879,1215,2664
120000058,2000,2039,-39
120000059,16,1654,-1638
120000061,100,336,-236
120000062,172,295,-123
120000063,1018,1930,-912
120000064,200,744,-544
120000065,506,1013,-507
120000066,267,576,-309
120000067,65,513,-448
120000068,204,462,-258
120000069,579,477,102
120000070,99,375,-276
120000071,826,52,774
120000072,1137,395,742
120000073,1170,127,1043
120000074,193,134,59
120000075,1223,286,937
120000076,2800,383,2417
120000077,2583,705,1878
120000078,3625,1381,2244
120000079,329,145,184
120000080,149,229,-80
120000081,293,122,171
120000082,283,200,83
120000083,78,675,-597
120000084,376,270,106
120000085,269,196,73
120000086,182,280,-98
120000087,196,269,-73
120000088,708,789,-81
120000089,1161,443,718
120000090,702,412,290
120000091,1039,785,254
120000092,1436,536,900
120000093,670,464,206
120000094,200,638,-438
120000095,1032,299,733
120000096,341,517,-176
120000098,928,614,314
120000099,360,629,-269
120000100,761,586,175
120000101,605,358,247
120000102,742,950,-208
120000103,1668,855,813
120000104,2243,476,1767
120000105,3747,640,3107
120000106,2883,597,2286
120000107,5302,479,4823
120000108,1648,114,1534
120000109,1469,63,1406
120000110,65,708,-643
120000111,88,643,-555
120000112,625,1582,-957
120000113,481,1223,-742
120000114,822,1524,-702
120000115,277,1458,-1181
120000116,583,1266,-683
120000117,808,1033,-225
120000118,38,61,-23
120000119,18,48,-30
120000120,89,127,-38
120000121,24,41,-17
120000122,187,501,-314
120000123,2916,7948,-5032
120000124,464,296,168
120000125,766,492,274
120000126,318,1060,-742
120000127,1905,1230,675
120000128,2362,4531,-2169
120000129,218,239,-21
120000130,654,395,259
120000131,408,567,-159
120000134,324,488,-164
120000135,914,525,389
120000137,331,547,-216
120000138,1602,264,1338
120000139,320,272,48
120000140,1218,278,940
120000141,346,269,77
120000142,777,399,378
120000143,2,63,-61
120000144,166,3,163
120000145,495,5,490
120000146,886,977,-91
120000149,666,916,-250
120000150,2386,11838,-9452
120000151,466,419,47
120000152,864,153,711
120000153,403,376,27
120000154,514,453,61
120000155,173,231,-58
120000156,520,1287,-767
120000157,1170,429,741
120000158,885,586,299
120000159,1713,1720,-7
120000160,2507,1637,870
120000161,2726,1859,867
120000162,68,262,-194
120000163,1011,615,396
120000164,811,225,586
120000165,635,359,276
120000166,1597,374,1223
120000167,299,294,5
120000168,18,923,-905
120000169,58,2781,-2723
120000170,63,2007,-1944
120000171,36,772,-736
120000172,40,488,-448
120000173,1416,2104,-688
120000174,179,72,107
120000175,242,47,195
120000176,146,74,72
120000177,1258,146,1112
120000178,90,18,72
120000179,179,58,121
120000180,435,123,312
120000181,178,2055,-1877
120000182,105,806,-701
120000183,27,683,-656
120000184,209,1748,-1539
120000186,54,910,-856
120000187,19,394,-375
120000188,78,742,-664
120000190,380,110,270
120000191,577,114,463
120000192,610,44,566
120000193,212,7,205
120000195,52,3,49
120000196,196,50,146
120000197,58,63,-5
120000198,322,56,266
120000199,166,1,165
120000200,211,2,209
120000201,15,56,-41
120000202,2,44,-42
120000203,98,131,-33
120000207,1,68,-67
120000208,15,111,-96
120000209,11,48,-37
120000210,46,52,-6
120000211,265,6,259
120000212,295,0,295
120000213,212,113,99
120000214,0,151,-151
120000215,1,130,-129
120000216,156,33,123
120000217,409,1075,-666
120000218,88,523,-435
120000219,6,286,-280
120000220,2,825,-823
120000225,2570,10,2560
120000226,549,7,542
120000227,1132,94,1038
120000228,11436,4252,7184
120000230,583,21,562
120000231,1854,1413,441
120000233,429,6,423
120000235,322,438,-116
120000236,1400,3,1397
120000237,0,780,-780
120000238,2,1481,-1479
120000241,1244,3950,-2706
120000412,388,7,381
120000413,422,137,285
120000414,194,3,191
120000415,2,31,-29
120000416,138,0,138
120000417,5,49,-44
120000418,288,19,269
120000419,10,107,-97
120000420,34,10,24
120000421,7337,4797,2540
120000422,104,1682,-1578
120000423,7,91,-84
120000424,154,125,29
120000436,122,789,-667
120000437,89,100,-11
120000438,1428,244,1184
120000439,263,624,-361
120000443,205,0,205
120000444,1583,312,1271
120000445,1790,863,927
120000446,754,154,600
120000447,292,1,291
120000449,202,7,195
120000450,5,115,-110
120000451,174,184,-10
120000452,231,2,229
120000453,0,174,-174
120000454,47,47,0
120000455,95,34,61
120000456,2489,4256,-1767
120000457,830,388,442
120000458,480,538,-58
120000459,128,83,45
120000665,870,244,626
120000668,153,1500,-1347
120000669,176,129,47
120000670,132,1393,-1261
120000671,1704,540,1164
120000672,69,385,-316
120900001,68,102,-34
120900002,259,658,-399
120900003,281,36,245
120900004,13,125,-112
120900005,50,480,-430
120900006,543,223,320
120900007,225,82,143
120900008,484,796,-312
120900009,432,36,396
120900010,600,161,439
120900011,113,236,-123
120900012,173,1693,-1520
120900013,502,121,381
120900014,2,254,-252
120900015,797,67,730
120900016,1093,51,1042
120900017,1944,83,1861
120900018,216,305,-89
120900019,695,447,248
120900020,638,1704,-1066
120900021,1019,209,810
120900022,17,209,-192
120900023,385,28,357
120900024,2002,466,1536
120900025,1143,1040,103
120900026,182,142,40
120900027,1177,25,1152
120900028,616,115,501
120900029,120,703,-583
120900030,1681,902,779
120900031,339,127,212
120900032,1605,81,1524
120900033,1393,107,1286
120900034,31,2669,-2638
120900035,73,138,-65
120900037,318,13,305
120900038,79,409,-330
120900039,192,90,102
120900040,489,5,484
120900041,78,32,46
120900042,798,52,746
120900043,105,36,69
120900044,7,343,-336
120900045,102,89,13
120900046,689,5,684
120900047,153,180,-27
120900048,168,46,122
120900049,629,7,622
120900050,1029,1919,-890
120900051,388,84,304
120900052,809,6,803
120900053,555,28,527
120900054,1272,503,769
120900055,548,3,545
120900056,806,39,767
120900057,220,14,206
120900058,797,4,793
120900059,184,3,181
120900060,107,14,93
120900061,207,201,6
120900062,290,2,288
120900063,857,12,845
120900064,874,3,871
120900065,774,11,763
120900066,508,206,302
120900067,189,60,129
120900068,379,2,377
120900069,324,28,296
120900071,46,1,45
120900072,1125,9,1116
120900073,912,107,805
120900074,939,21,918
120900076,479,1,478
120900077,1924,280,1644
120900078,1219,458,761
120900079,1059,87,972
120900080,1101,781,320
120900081,1353,464,889
120900082,346,393,-47
120900083,124,1,123
120900084,550,590,-40
120900085,84,130,-46
120900086,81,422,-341
120900087,541,319,222
120900088,258,687,-429
120900089,1884,3686,-1802
120900090,413,91,322
120900091,610,896,-286
120900092,842,357,485
120900093,1012,92,920
120900094,312,139,173
120900095,461,19,442
120900096,74,217,-143
120900097,612,467,145
120900098,185,161,24
120900099,91,72,19
120900100,103,177,-74
120900101,404,155,249
120900102,69,125,-56
120900103,69,228,-159
120900104,9,58,-49
120900105,35,228,-193
120900106,718,309,409
120900107,195,145,50
120900108,13,269,-256
120900109,36,367,-331
120900110,8,436,-428
120900111,196,240,-44
120900112,30,334,-304
120900113,25,451,-426
120900114,34,94,-60
120900115,144,267,-123
120900116,533,218,315
120900117,6,237,-231
120900118,21,357,-336
120900119,8714,3961,4753
120900120,78,292,-214
120900121,39,379,-340
120900122,862,259,603
120900123,5,175,-170
120900124,0,261,-261
120900125,4,456,-452
120900126,1221,831,390
120900127,12,219,-207
120900128,852,1079,-227
120900129,28,189,-161
120900130,8,299,-291
120900131,138,75,63
120900132,1296,158,1138
120900133,72,356,-284
120900134,549,252,297
120900135,2,326,-324
120900136,63,98,-35
120900137,324,87,237
120900138,14,161,-147
120900139,2,381,-379
120900140,10,87,-77
120900141,331,170,161
120900142,9,196,-187
120900143,4,481,-477
120900144,0,85,-85
120900145,134,473,-339
120900146,2,527,-525
120900147,1,445,-444
120900148,153,119,34
120900149,0,138,-138
120900150,67,317,-250
120900151,0,299,-299
120900152,0,23,-23
120900153,117,128,-11
120900154,11,120,-109
120900155,244,591,-347
120900156,70,256,-186
120900157,117,213,-96
120900158,82,379,-297
120900159,130,275,-145
120900160,51,532,-481
120900161,71,489,-418
120900162,81,810,-729
120900163,134,1734,-1600
120900164,0,127,-127
120900165,8,501,-493
120900166,102,542,-440
120900167,359,155,204
120900169,111,165,-54
120900170,619,3416,-2797
120900171,631,185,446
120900172,590,2395,-1805
120900173,24,39,-15
120900174,13,88,-75
120900175,194,121,73
120900176,18,425,-407
120900177,6,1479,-1473
120900178,1,706,-705
120900179,456,316,140
120900180,79,162,-83
120900181,104,40,64
120900182,41,277,-236
120900183,651,69,582
120900184,332,80,252
120900185,40,481,-441
120900186,1,183,-182
120900187,670,927,-257
120900188,291,11,280
120900189,80,1848,-1768
120900190,129,5,124
120900191,24,13,11
120900192,5255,10015,-4760
120900194,83,97,-14
120900195,115,250,-135
120900196,869,17,852
120900197,978,159,819
120900198,257,391,-134
120900199,521,1279,-758
120900200,40,110,-70
120900201,297,145,152
120900202,0,78,-78
120900203,50,88,-38
120900204,76,164,-88
120900205,47,38,9
120900206,24,37,-13
121000001,606,1081,-475
121000002,2346,1719,627
121000003,2554,1811,743
121000004,2502,3845,-1343
121000005,1517,2426,-909
121000006,3198,2281,917
121000007,2043,3009,-966
121000008,5128,4313,815
121000009,4022,5776,-1754
121000010,7065,6504,561
121000011,6304,10385,-4081
121000012,13744,9618,4126
121000013,4668,6127,-1459
121000014,5845,4868,977
121000015,3970,6596,-2626
121000016,4074,3341,733
121000017,2307,3365,-1058
121000018,3013,1747,1266
121000019,11623,10710,913
121000020,11333,19451,-8118
121000021,2028,1969,59
121000022,2634,3812,-1178
121000023,2714,1847,867
121000024,4653,4442,211
121000025,468,1453,-985
121000026,298,144,154
121000027,1414,1310,104
121000028,956,479,477
121000029,988,559,429
121000030,629,468,161
121000031,535,622,-87
121000032,193,143,50
121000034,349,211,138
121000035,145,201,-56
121000036,813,723,90
121000037,525,570,-45
121000038,406,834,-428
121000039,237,306,-69
121000041,466,343,123
121000042,299,385,-86
121000043,555,545,10
121000044,1169,926,243
121000045,513,260,253
121000046,850,869,-19
121000047,43,68,-25
121000049,1035,555,480
121000050,271,1282,-1011
121000051,608,225,383
121000052,365,755,-390
121000053,389,153,236
121000054,54,416,-362
121000055,809,1113,-304
121000056,705,1072,-367
121000057,423,506,-83
121000058,292,212,80
121000059,2429,1189,1240
121000060,592,1173,-581
121000061,167,443,-276
121000062,201,449,-248
121000063,780,843,-63
121000064,564,636,-72
121000065,289,470,-181
121000066,261,288,-27
121000067,421,655,-234
121000068,647,368,279
121000069,275,1161,-886
121000070,1728,1007,721
121000071,1529,1461,68
121000072,974,583,391
121000073,1145,1110,35
121000074,77,141,-64
121000075,24,445,-421
121000076,380,452,-72
121000077,171,252,-81
121000078,98,181,-83
121000080,1787,551,1236
121000081,4176,3748,428
121000082,100,255,-155
121000083,100,126,-26
121000084,194,153,41
121000085,243,416,-173
121000086,380,569,-189
121000087,78,210,-132
121000088,556,436,120
121000089,266,437,-171
121000090,295,328,-33
121000091,1128,894,234
121000092,186,64,122
121000093,254,180,74
121000094,454,832,-378
121000095,407,632,-225
121000096,2563,2034,529
121000097,588,2312,-1724
121000098,599,514,85
121000099,718,519,199
121000100,927,186,741
121000101,497,179,318
121000102,412,145,267
121000103,214,151,63
121000104,395,111,284
121000105,572,164,408
121000106,366,257,109
121000107,1941,2574,-633
121000109,924,974,-50
121000110,248,669,-421
121000114,2996,1885,1111
121000115,1278,524,754
121000116,263,782,-519
121000117,443,202,241
121000118,1902,189,1713
121000119,278,349,-71
121000120,295,313,-18
121000121,657,1188,-531
121000123,1342,611,731
121000126,78,355,-277
121000127,188,92,96
121000128,1118,258,860
121000129,1012,527,485
121000130,732,524,208
121000131,1547,1848,-301
121000132,1005,2062,-1057
121000135,406,941,-535
121000136,1339,1178,161
121000137,482,405,77
121000138,913,1373,-460
121000139,577,588,-11
121000141,284,179,105
121000142,649,736,-87
121000143,117,31,86
121000144,687,2091,-1404
121000145,581,699,-118
121000146,1548,1046,502
121000147,1150,434,716
121000148,919,786,133
121000149,2206,1239,967
121000152,434,344,90
121000153,1586,500,1086
121000154,1097,582,515
121000155,1548,940,608
121000156,403,1017,-614
121000157,735,1458,-723
121000158,342,398,-56
121000159,255,335,-80
121000160,301,276,25
121000161,317,268,49
121000162,142,104,38
121000165,1355,2202,-847
121000166,22,339,-317
121000168,532,248,284
121000169,83,109,-26
121000170,413,85,328
121000171,78,138,-60
121000172,808,589,219
121000173,1254,1483,-229
121000174,417,515,-98
121000175,1175,347,828
121000176,356,299,57
121000177,820,476,344
121000178,87,37,50
121000179,41,31,10
121000181,456,315,141
121000182,167,259,-92
121000183,89,101,-12
121000184,169,140,29
121000185,43,291,-248
121000186,283,654,-371
121000187,203,95,108
121000188,180,89,91
121000192,878,395,483
121000193,688,442,246
121000194,1747,1961,-214
121000195,197,835,-638
121000196,282,156,126
121000197,209,569,-360
121000198,191,237,-46
121000199,145,187,-42
121000200,776,150,626
121000201,9,149,-140
121000202,237,4,233
121000203,926,1497,-571
121000204,3325,664,2661
121000205,164,247,-83
121000206,262,74,188
121000207,2080,691,1389
121000208,8,299,-291
121000209,546,93,453
121000210,839,224,615
121000211,480,100,380
121000212,740,362,378
121000213,9275,2879,6396
121000214,872,2085,-1213
121000215,858,1165,-307
121000216,538,660,-122
121000217,3862,3147,715
121000218,362,1496,-1134
121000219,1360,636,724
121000220,164,110,54
121000221,129,379,-250
121000222,1981,2856,-875
121000223,239,390,-151
121000224,187,372,-185
121000225,824,2001,-1177
121000226,2842,1314,1528
121000227,8,116,-108
121000228,22,448,-426
121000229,362,449,-87
121000230,34,1292,-1258
121000231,1455,32,1423
121000232,312,289,23
121000233,620,303,317
121000234,37,62,-25
121000235,76,74,2
121000236,17,63,-46
121000237,28,12,16
121000238,4,68,-64
121000239,33,10,23
121000240,6,130,-124
121000241,107,15,92
121000242,92,639,-547
121000243,251,88,163
121000244,18,121,-103
121000245,61,38,23
121000246,1,97,-96
121000247,138,11,127
121000248,506,996,-490
121000249,135,295,-160
121000250,627,301,326
121000251,24,221,-197
121000252,151,102,49
121000253,264,217,47
121000254,714,166,548
121000255,145,205,-60
121000256,353,209,144
121000257,40,80,-40
121000258,96,84,12
121000259,41,55,-14
121000260,53,75,-22
121000261,107,60,47
121000262,735,530,205
121000263,487,291,196
121000271,361,1152,-791
121000273,33,9,24
121000274,15,60,-45
121000275,1,3,-2
121000276,13,13,0
121000278,41,17,24
121000279,17,17,0
121000280,41,46,-5
121000289,331,24,307
121000290,1010,805,205
121000294,253,69,184
121000297,541,1094,-553
121000299,54,387,-333
121000300,987,706,281
121000302,29,885,-856
121000303,580,242,338
121000304,499,106,393
121000305,141,70,71
121000306,165,147,18
121000308,128,256,-128
121000309,355,435,-80
121000310,141,276,-135
121000311,108,628,-520
121000312,444,319,125
121000313,293,411,-118
121000314,47,73,-26
121000315,14,71,-57
121000530,1842,1062,780
121000531,1681,1144,537
121000532,6272,8327,-2055
121000533,3273,3431,-158
121000918,60,78,-18
121000919,49,94,-45
121000938,79,154,-75
121000939,36,208,-172
121000956,1726,860,866
121000957,3,13,-10
121000958,39,33,6
121000959,1033,382,651
121000960,1357,1342,15
121000961,280,58,222
121000962,475,386,89
121000973,0,188,-188
121000976,13,251,-238
121000979,407,155,252
121000981,321,102,219
121000982,337,103,234
121000983,458,221,237
121000984,58,57,1
121000985,809,257,552
121000986,521,85,436
121000987,313,431,-118
121000988,1062,124,938
121001302,247,121,126
121001308,8,22,-14
121001309,52,389,-337
121001313,181,68,113
121001314,1312,1948,-636
121001315,5304,3096,2208
121900001,100,149,-49
121900002,32,24,8
121900003,425,21,404
121900004,108,360,-252
121900005,21,20,1
121900006,87,10,77
121900007,1667,2070,-403
121900008,358,679,-321
121900009,562,18,544
121900010,207,4,203
121900011,354,298,56
121900012,36,0,36
121900013,787,117,670
121900014,1305,339,966
121900015,195,200,-5
121900016,2,47,-45
121900017,426,278,148
121900018,440,16,424
121900019,674,213,461
121900020,26,4,22
121900021,1074,16,1058
121900022,256,261,-5
121900023,170,246,-76
121900024,304,67,237
121900025,618,375,243
121900026,332,31,301
121900027,603,194,409
121900028,267,13,254
121900029,112,225,-113
121900030,472,516,-44
121900031,781,6897,-6116
121900032,84,59,25
121900033,250,234,16
121900034,302,66,236
121900035,2710,2509,201
121900036,77,350,-273
121900037,191,1013,-822
121900038,36,95,-59
121900039,352,55,297
121900040,77,80,-3
121900041,148,175,-27
121900042,408,218,190
121900043,10,3,7
121900044,57,67,-10
121900046,280,327,-47
121900047,223,50,173
121900048,88,81,7
121900050,47,59,-12
121900051,172,107,65
121900052,175,51,124
121900053,444,316,128
121900054,420,749,-329
121900055,5,13,-8
121900058,359,113,246
121900059,451,152,299
121900060,164,298,-134
121900061,203,188,15
121900062,119,137,-18
121900063,1742,378,1364
121900064,374,411,-37
121900066,61,13,48
121900067,84,23,61
121900069,142,105,37
121900070,236,178,58
121900071,406,212,194
121900072,61,88,-27
121900073,221,237,-16
121900074,576,1293,-717
121900075,455,905,-450
121900076,664,436,228
121900077,38,17,21
121900078,110,56,54
121900079,1,0,1
121900080,1042,382,660
121900082,63,79,-16
121900084,25,57,-32
121900085,4,11,-7
121900086,17,89,-72
121900087,132,118,14
121900088,1477,2783,-1306
121900089,257,214,43
121900090,33,41,-8
121900091,86,43,43
121900092,105,100,5
121900093,80,65,15
121900094,17,5,12
121900095,424,187,237
121900096,1238,717,521
121900097,800,178,622
121900098,8,4,4
121900099,250,46,204
121900100,118,574,-456
121900101,132,109,23
121900102,4,115,-111
121900103,537,185,352
121900104,1635,293,1342
121900105,395,292,103
121900106,7,19,-12
121900107,79,21,58
121900108,0,23,-23
121900109,243,131,112
121900110,716,488,228
121900111,677,267,410
121900112,206,146,60
121900113,69,567,-498
121900114,121,90,31
121900115,178,338,-160
121900117,215,212,3
121900118,1545,679,866
121900119,190,55,135
121900120,62,1102,-1040
121900121,339,47,292
121900122,46,71,-25
121900123,214,434,-220
121900124,150,146,4
121900125,1935,1020,915
121900127,17,120,-103
121900128,61,48,13
121900129,293,163,130
121900130,108,205,-97
121900131,149,69,80
121900132,78,65,13
121900133,46,1241,-1195
121900134,32,197,-165
121900135,3022,453,2569
121900136,290,200,90
121900137,49,295,-246
121900138,110,167,-57
121900139,293,677,-384
121900140,83,162,-79
121900141,94,34,60
121900142,158,100,58
121900143,22,156,-134
121900144,137,225,-88
121900145,240,316,-76
121900146,576,585,-9
121900147,36,158,-122
121900148,193,285,-92
121900149,336,426,-90
121900150,53,118,-65
121900151,73,221,-148
121900152,100,110,-10
121900153,67,866,-799
121900154,7,246,-239
121900155,1,149,-148
121900156,173,147,26
121900157,2,257,-255
121900158,85,106,-21
121900159,1,178,-177
121900160,108,182,-74
121900161,260,368,-108
121900162,81,161,-80
121900163,431,320,111
121900164,344,154,190
121900165,263,90,173
121900166,159,127,32
121900167,131,132,-1
121900168,155,208,-53
121900169,5,155,-150
121900170,8,188,-180
121900171,815,545,270
121900172,518,208,310
121900173,784,243,541
121900174,59,69,-10
121900175,167,240,-73
121900176,501,1215,-714
121900177,147,73,74
121900179,442,182,260
121900180,1847,5977,-4130
121900182,709,405,304
121900183,793,1317,-524
121900184,107,629,-522
121900186,9,496,-487
121900187,20,187,-167
121900188,483,304,179
121900189,28,93,-65
121900190,233,360,-127
121900191,158,247,-89
121900192,277,797,-520
121900194,7,321,-314
121900195,34,75,-41
121900196,918,967,-49
121900197,318,944,-626
121900198,1098,1005,93
121900199,1,34,-33
121900200,42,160,-118
121900201,722,889,-167
121900202,113,741,-628
121900203,145,909,-764
121900204,605,1270,-665
121900205,173,113,60
121900206,39,47,-8
121900207,87,83,4
121900208,128,271,-143
121900209,108,48,60
121900210,1171,972,199
121900211,10,112,-102
121900212,86,99,-13
121900213,223,43,180
121900214,13,503,-490
121900215,43,121,-78
121900216,35,331,-296
121900217,290,218,72
121900218,185,388,-203
121900219,285,55,230
121900220,121,16,105
121900221,242,527,-285
121900222,209,96,113
121900223,154,45,109
121900224,101,57,44
121900225,126,125,1
121900226,314,168,146
121900227,261,498,-237
121900228,153,225,-72
121900229,345,320,25
121900230,75,386,-311
121900231,130,2339,-2209
121900232,157,359,-202
121900233,165,203,-38
121900234,540,139,401
121900235,689,122,567
121900236,345,141,204
121900237,164,365,-201
121900238,177,320,-143
121900239,204,43,161
121900240,321,149,172
121900241,110,59,51
121900242,7,0,7
121900243,20,0,20
121900244,24,7,17
121900245,251,62,189
121900246,2599,159,2440
121900247,255,197,58
121900248,1003,1179,-176
121900250,231,373,-142
121900251,413,45,368
121900252,561,127,434
121900253,111,573,-462
121900254,379,241,138
121900255,387,100,287
121900258,3431,2153,1278
121900259,220,619,-399
121900260,233,88,145
121900261,143,569,-426
121900262,334,988,-654
121900263,300,251,49
121900264,1346,1179,167
121900265,398,157,241
121900266,609,99,510
121900267,65,39,26
121900269,265,850,-585
121900270,42,200,-158
121900271,46,125,-79
121900273,411,1789,-1378
121900274,354,170,184
121900276,898,112,786
121900277,418,805,-387
121900278,97,763,-666
121900279,147,148,-1
121900280,147,396,-249
121900281,212,726,-514
121900284,86,4,82
121900286,230,164,66
121900287,11,33,-22
121900290,209,476,-267
121900291,367,694,-327
121900292,128,103,25
121900293,849,2586,-1737
121900294,291,5,286
121900295,193,128,65
121900296,63,301,-238
121900298,214,937,-723
121900299,5,13,-8
121900300,104,12,92
121900301,82,9,73
121900302,2,60,-58
121900303,451,395,56
121900304,1,10,-9
121900305,0,6,-6
121900306,248,0,248
121900307,125,12,113
121900308,6,162,-156
121900309,5,113,-108
121900310,14,231,-217
121900311,472,21,451
121900312,415,17,398
121900313,418,36,382
121900314,3,29,-26
121900315,15,0,15
121900316,0,2,-2
121900317,16,0,16
121900318,0,12,-12
121900319,30,191,-161
121900320,34,32,2
121900321,24,2,22
121900322,1,11,-10
121900323,18,33,-15
121900324,1,34,-33
121900325,14,5,9
121900326,2,12,-10
121900327,9,23,-14
121900328,0,20,-20
121900329,5,57,-52
121900330,4,41,-37
121900331,44,47,-3
121900332,85,38,47
122000001,1520,4531,-3011
122000002,2693,1215,1478
122000003,1424,2556,-1132
122000004,2076,1396,680
122000005,2442,2063,379
122000006,1225,994,231
122000007,765,1538,-773
122000008,1792,3659,-1867
122000009,325,444,-119
122000010,2023,2661,-638
122000011,3512,1708,1804
122000012,895,1987,-1092
122000013,880,1188,-308
122000014,1869,1126,743
122000015,1210,1140,70
122000016,468,810,-342
122000017,1065,1107,-42
122000018,1418,1547,-129
122000019,920,948,-28
122000020,248,230,18
122000021,199,404,-205
122000022,1033,1126,-93
122000023,883,1576,-693
122000024,605,1728,-1123
122000025,703,2247,-1544
122000026,565,1385,-820
122000027,601,1291,-690
122000028,880,495,385
122000029,455,578,-123
122000030,265,212,53
122000031,189,332,-143
122000032,2058,2053,5
122000033,488,1658,-1170
122000034,472,674,-202
122000035,301,677,-376
122000036,493,418,75
122000037,390,259,131
122000038,237,337,-100
122000039,570,423,147
122000040,251,287,-36
122000041,409,582,-173
122000042,359,322,37
122000043,95,105,-10
122000044,129,132,-3
122000045,1123,521,602
122000046,777,644,133
122000047,226,250,-24
122000048,2911,4505,-1594
122000049,5240,3367,1873
122000050,1169,781,388
122000051,187,378,-191
122000052,490,480,10
122000053,196,970,-774
122000054,2253,1867,386
122000055,1888,3295,-1407
122000056,3442,3117,325
122000057,2268,3497,-1229
122000058,1341,1693,-352
122000059,1354,2194,-840
122000060,473,852,-379
122000061,281,609,-328
122000062,633,287,346
122000063,797,923,-126
122000064,3051,3968,-917
122000065,2681,2222,459
122000066,903,978,-75
122000067,1368,1148,220
122000068,1730,1085,645
122000069,791,640,151
122000070,792,1293,-501
122000071,1961,1071,890
122000072,467,416,51
122000073,259,805,-546
122000074,3122,1506,1616
122000075,849,1167,-318
122000076,3433,1456,1977
122000077,816,1258,-442
122000078,1179,2957,-1778
122000079,546,1379,-833
122000080,538,343,195
122000081,157,220,-63
122000082,377,1180,-803
122000083,2419,1239,1180
122000084,2057,1179,878
122000085,289,791,-502
122000086,2029,5598,-3569
122000087,315,529,-214
122000088,378,569,-191
122000089,3910,2363,1547
122000090,168,572,-404
122000091,128,107,21
122000092,70,23,47
122000093,1574,2826,-1252
122000094,4391,3024,1367
122000095,1211,3986,-2775
122000096,858,1805,-947
122000098,2296,3460,-1164
122000099,1187,736,451
122000100,748,604,144
122000101,380,519,-139
122000102,1812,931,881
122000103,1877,1336,541
122000104,507,171,336
122000105,395,270,125
122000106,402,792,-390
122000107,1045,397,648
122000108,446,767,-321
122000109,416,273,143
122000110,514,498,16
122000111,2847,1539,1308
122000112,1228,1360,-132
122000113,624,703,-79
122000114,2273,1799,474
122000115,1669,1366,303
122000116,420,608,-188
122000117,1023,345,678
122000118,568,623,-55
122000119,2193,1744,449
122000120,1012,2541,-1529
122000121,1032,2108,-1076
122000122,431,1284,-853
122000123,1237,1521,-284
122000124,818,582,236
122000125,494,690,-196
122000126,484,876,-392
122000127,666,873,-207
122000128,282,476,-194
122000129,471,1263,-792
122000130,2577,1211,1366
122000131,1033,673,360
122000132,280,364,-84
122000133,979,880,99
122000134,1077,675,402
122000135,601,504,97
122000136,831,596,235
122000137,2404,814,1590
122000139,832,3508,-2676
122000140,538,579,-41
122000141,2831,1168,1663
122000142,170,805,-635
122000143,349,340,9
122000144,1344,793,551
122000145,954,788,166
122000146,490,1625,-1135
122000147,602,427,175
122000148,866,2207,-1341
122000149,1833,1139,694
122000150,1240,843,397
122000151,131,307,-176
122000152,243,314,-71
122000153,321,249,72
122000154,207,173,34
122000155,1364,2424,-1060
122000156,2510,2797,-287
122000157,971,2853,-1882
122000158,257,482,-225
122000159,562,900,-338
122000160,2406,1582,824
122000161,954,1061,-107
122000162,1418,1838,-420
122000163,189,93,96
122000164,35,121,-86
122000165,820,694,126
122000166,695,993,-298
122000167,264,277,-13
122000168,233,659,-426
122000169,283,166,117
122000170,380,220,160
122000171,63,119,-56
122000172,1461,1375,86
122000173,1199,2445,-1246
122000174,2197,1146,1051
122000175,762,310,452
122000176,256,824,-568
122000177,1241,1538,-297
122000178,2587,2523,64
122000179,1495,2463,-968
122000180,1296,1336,-40
122000181,1184,2937,-1753
122000182,1358,1820,-462
122000183,1843,890,953
122000184,2613,2674,-61
122000185,1144,1941,-797
122000186,440,862,-422
122000187,1964,804,1160
122000188,338,237,101
122000189,181,348,-167
122000190,805,1292,-487
122000191,836,806,30
122000192,1436,334,1102
122000193,528,739,-211
122000194,539,190,349
122000195,158,476,-318
122000196,1300,483,817
122000197,547,513,34
122000198,375,924,-549
122000199,271,314,-43
122000200,830,646,184
122000201,1167,1627,-460
122000202,1284,1647,-363
122000203,2118,1073,1045
122000204,1097,1460,-363
122000205,805,1127,-322
122000206,2409,842,1567
122000207,2126,1176,950
122000208,2409,1137,1272
122000209,1981,461,1520
122000210,1834,1364,470
122000211,1372,1097,275
122000212,871,634,237
122000213,899,1417,-518
122000214,1914,1817,97
122000215,2011,1782,229
122000217,1408,1402,6
122000218,736,104,632
122000219,920,764,156
122000220,337,607,-270
122000221,43,426,-383
122000222,538,163,375
122000223,1121,489,632
122000225,818,294,524
122000226,1590,1340,250
122000227,221,1882,-1661
122000228,303,282,21
122000229,19,498,-479
122000230,63,269,-206
122000231,253,604,-351
122000232,581,532,49
122000233,1,67,-66
122000234,459,44,415
122000235,482,91,391
122000236,1734,60,1674
122000237,115,96,19
122000238,320,352,-32
122000239,693,130,563
122000240,1204,513,691
122000241,679,402,277
122000242,723,109,614
122000243,5,43,-38
122000244,13,224,-211
122000245,5,67,-62
122000246,72,128,-56
122000247,467,155,312
122000248,658,1017,-359
122000249,842,825,17
122000250,1996,903,1093
122000251,169,358,-189
122000252,432,81,351
122000253,72,203,-131
122000254,269,89,180
122000255,695,870,-175
122000256,283,565,-282
122000257,207,183,24
122000258,323,224,99
122000259,13,289,-276
122000260,5,58,-53
122000261,9,214,-205
122000262,3,29,-26
122000263,232,431,-199
122000264,1602,278,1324
122000265,2477,883,1594
122000266,4019,544,3475
122000267,195,134,61
122000268,168,240,-72
122000269,956,243,713
122000270,544,141,403
122000271,232,836,-604
122000272,318,690,-372
122000273,344,307,37
122000274,183,154,29
122000275,73,138,-65
122000276,875,451,424
122000277,1026,1287,-261
122000278,1770,447,1323
122000279,245,232,13
122000280,842,449,393
122000281,941,653,288
122000282,202,367,-165
122000283,286,158,128
122000284,240,42,198
122000285,303,65,238
122000286,62,128,-66
122000287,1388,1132,256
122000288,436,290,146
122000291,2085,707,1378
122000293,155,176,-21
122000294,157,273,-116
122000295,1164,174,990
122000296,13,435,-422
122000297,1824,3655,-1831
122000299,498,466,32
122000300,417,668,-251
122000301,5834,2893,2941
122000302,473,2101,-1628
122000303,2218,1132,1086
122000304,65,193,-128
122000305,1353,188,1165
122000306,29,343,-314
122000307,105,104,1
122000309,52,37,15
122000310,11,66,-55
122000311,119,114,5
122000312,116,158,-42
122000313,65,67,-2
122000314,100,252,-152
122000315,272,62,210
122000316,1143,206,937
122000317,1846,237,1609
122000318,283,1051,-768
122000319,147,234,-87
122000320,255,805,-550
122000321,69,145,-76
122000322,1325,1982,-657
122000323,912,2229,-1317
122000324,1172,1159,13
122000325,843,2065,-1222
122000326,98,65,33
122000327,394,487,-93
122000328,504,361,143
122000330,1488,1008,480
122000332,215,300,-85
122000333,7,62,-55
122000337,1110,646,464
122000338,573,265,308
122000340,230,745,-515
122000342,1014,811,203
122000343,288,335,-47
122000344,67,17,50
122000345,55,17,38
122000346,369,265,104
122000348,967,584,383
122000349,110,463,-353
122000351,157,178,-21
122000352,330,148,182
122000353,120,49,71
122000355,143,330,-187
122000356,805,1117,-312
122000357,78,23,55
122000358,0,20,-20
122000359,0,14,-14
122000360,0,22,-22
122000362,10,37,-27
122000364,253,265,-12
122000365,1,27,-26
122000366,12,10,2
122000368,426,548,-122
122000370,31,28,3
122000371,36,0,36
122000372,8,2,6
122000381,140,346,-206
122000382,95,165,-70
122000384,1601,1053,548
122000385,80,7,73
122000386,271,1777,-1506
122000387,456,664,-208
122000388,1414,679,735
122000389,164,741,-577
122000390,320,271,49
122000391,195,378,-183
122000392,183,154,29
122000393,50,94,-44
122000394,620,173,447
122000395,136,88,48
122000396,230,80,150
122000397,20,24,-4
122000398,30,66,-36
122000399,155,41,114
122000400,83,673,-590
122000401,151,62,89
122000402,412,103,309
122000403,491,416,75
122000404,218,149,69
122000408,658,951,-293
122000503,14,103,-89
122000524,106,170,-64
122000544,66,2167,-2101
122000616,288,4,284
122000640,70,84,-14
122000641,122,207,-85
122000642,1101,620,481
122000643,69,198,-129
122000644,106,84,22
122000645,71,219,-148
122000651,819,1116,-297
122000664,113,32,81
122000665,1196,454,742
122000666,711,1021,-310
122000673,34,135,-101
122000674,209,63,146
122000675,1917,544,1373
122000686,471,551,-80
122000687,1545,210,1335
122000688,252,296,-44
122000689,939,256,683
122000690,2560,256,2304
122000691,757,780,-23
122000692,1922,249,1673
122000693,416,932,-516
122000695,409,211,198
122000696,677,187,490
122000698,469,278,191
122000699,194,59,135
122000701,1491,266,1225
122000702,403,660,-257
122000703,172,53,119
122000717,59,53,6
122000718,254,802,-548
122000719,122,88,34
122000720,573,113,460
122900001,49,5,44
122900002,1005,6267,-5262
122900003,486,38,448
122900004,1807,99,1708
122900005,106,99,7
122900006,694,1037,-343
122900007,161,119,42
122900008,471,151,320
122900009,640,439,201
122900010,220,106,114
122900012,200,319,-119
122900014,89,126,-37
122900015,866,1429,-563
122900016,136,261,-125
122900017,274,576,-302
122900018,181,9,172
122900019,17,96,-79
122900020,157,446,-289
122900021,39,447,-408
122900022,1153,687,466
122900023,647,145,502
122900024,137,87,50
122900025,13,332,-319
122900026,36,170,-134
122900027,39,465,-426
122900028,117,134,-17
122900029,3703,2781,922
122900030,1185,637,548
122900031,36,334,-298
122900032,110,409,-299
122900033,246,135,111
122900034,3295,4700,-1405
122900035,40,16,24
122900036,84,76,8
122900037,465,113,352
122900038,71,3119,-3048
122900039,86,577,-491
122900040,270,478,-208
122900041,357,342,15
122900042,184,293,-109
122900043,368,175,193
122900044,73,345,-272
122900045,122,144,-22
122900046,197,269,-72
122900047,146,222,-76
122900048,47,194,-147
122900049,998,158,840
122900051,93,138,-45
122900052,117,116,1
122900053,16,25,-9
122900055,299,70,229
122900057,270,49,221
122900061,536,187,349
122900062,568,693,-125
122900063,149,168,-19
122900064,778,398,380
122900065,583,255,328
122900066,757,350,407
122900067,770,495,275
122900068,104,229,-125
122900069,284,1375,-1091
122900070,339,54,285
122900071,85,205,-120
122900072,13,332,-319
122900073,16,117,-101
122900074,1023,378,645
122900075,1,69,-68
122900076,0,125,-125
122900077,0,90,-90
122900078,206,35,171
122900080,26,35,-9
122900081,152,138,14
122900082,1100,99,1001
122900083,131,83,48
122900084,8,121,-113
122900086,13,119,-106
122900087,374,380,-6
122900088,41,292,-251
122900089,31,281,-250
122900090,3,215,-212
122900091,321,0,321
122900092,0,94,-94
122900093,0,112,-112
122900094,5,72,-67
122900095,222,14,208
122900096,432,49,383
122900097,26,45,-19
122900098,48,120,-72
122900099,103,15,88
122900100,199,493,-294
122900101,314,265,49
122900102,10,28,-18
122900103,70,8,62
122900104,178,11,167
122900105,13,5,8
122900106,2,25,-23
122900107,4,44,-40
122900108,1,43,-42
123000001,971,489,482
123000002,2646,5861,-3215
123000003,4063,4746,-683
123000004,2317,3427,-1110
123000005,2922,2952,-30
123000006,1879,1800,79
123000007,3606,2469,1137
123000008,2064,2199,-135
123000009,4960,2897,2063
123000010,3261,3051,210
123000011,2102,902,1200
123000012,648,1985,-1337
123000013,3730,874,2856
123000014,626,3028,-2402
123000015,2554,1057,1497
123000016,2558,4478,-1920
123000017,3006,1732,1274
123000018,70,91,-21
123000019,511,69,442
123000020,292,58,234
123000021,149,213,-64
123000022,259,1781,-1522
123000023,1780,1927,-147
123000024,1599,607,992
123000025,78,89,-11
123000026,31,127,-96
123000027,120,525,-405
123000028,1253,583,670
123000029,658,1051,-393
123000030,328,150,178
123000031,341,142,199
123000032,518,82,436
123000033,258,56,202
123000034,1026,626,400
123000035,624,413,211
123000036,293,954,-661
123000037,289,225,64
123000038,146,239,-93
123000039,565,1738,-1173
123000040,536,282,254
123000041,959,1318,-359
123000042,513,596,-83
123000043,2377,12545,-10168
123000044,2815,2497,318
123000045,4188,2911,1277
123000046,451,1742,-1291
123000047,1358,963,395
123000048,111,971,-860
123000049,4981,11443,-6462
123000050,1959,1623,336
123000051,41,165,-124
123000052,739,3191,-2452
123000053,2450,2876,-426
123000054,1737,1800,-63
123000055,1733,3373,-1640
123000056,931,1403,-472
123000057,5446,7214,-1768
123000058,584,1192,-608
123000059,256,411,-155
123000060,988,309,679
123000061,271,582,-311
123000063,845,912,-67
123000064,1123,203,920
123000065,3335,2415,920
123000066,557,502,55
123000067,843,375,468
123000068,2212,2080,132
123000069,4940,2061,2879
123000070,177,523,-346
123000071,1516,679,837
123000072,1195,533,662
123000073,1548,796,752
123000074,938,663,275
123000075,397,1388,-991
123000076,704,442,262
123000077,1733,1444,289
123000078,1845,1195,650
123000079,1788,1311,477
123000080,2419,1097,1322
123000081,125,269,-144
123000082,289,724,-435
123000083,1073,237,836
123000084,888,359,529
123000085,487,57,430
123000086,715,85,630
123000087,565,243,322
123000088,1305,541,764
123000089,616,760,-144
123000090,1286,753,533
123000091,1354,1081,273
123000092,723,1061,-338
123000094,625,160,465
123000095,742,497,245
123000096,784,277,507
123000097,624,355,269
123000098,681,429,252
123000099,635,392,243
123000100,470,736,-266
123000101,534,518,16
123000102,364,707,-343
123000104,435,451,-16
123000105,454,440,14
123000106,398,448,-50
123000107,273,392,-119
123000108,493,1001,-508
123000111,1150,361,789
123000112,1740,473,1267
123000113,509,695,-186
123000114,311,542,-231
123000115,261,214,47
123000116,50,61,-11
123000117,1750,1171,579
123000118,507,613,-106
123000119,227,537,-310
123000120,278,517,-239
123000121,427,461,-34
123000122,268,215,53
123000123,447,512,-65
123000124,351,311,40
123000125,1278,1335,-57
123000126,1177,4880,-3703
123000127,492,535,-43
123000128,236,125,111
123000129,901,122,779
123000130,883,86,797
123000131,1299,749,550
123000132,232,375,-143
123000133,143,207,-64
123000134,232,74,158
123000135,3243,1008,2235
123000136,224,459,-235
123000137,98,143,-45
123000138,73,215,-142
123000139,640,71,569
123000140,63,488,-425
123000141,736,114,622
123000142,749,535,214
123000143,745,1227,-482
123000144,18,30,-12
123000145,142,280,-138
123000146,40,103,-63
123000147,60,101,-41
123000149,379,297,82
123000150,152,192,-40
123000151,189,462,-273
123000152,99,439,-340
123000153,160,736,-576
123000154,1191,1797,-606
123000155,1687,1174,513
123000156,28,74,-46
123000157,500,654,-154
123000158,507,679,-172
123000159,3055,2850,205
123000160,1095,768,327
123000161,1675,1127,548
123000162,1289,1623,-334
123000163,602,113,489
123000164,1993,303,1690
123000165,409,994,-585
123000166,45,124,-79
123000167,135,176,-41
123000168,205,163,42
123000169,1114,106,1008
123000170,98,68,30
123000171,968,17,951
123000172,108,418,-310
123000173,522,306,216
123000174,1127,412,715
123000175,388,839,-451
123000176,1182,271,911
123000177,255,784,-529
123000178,845,176,669
123000179,51,378,-327
123000180,1792,299,1493
123000181,254,790,-536
123000182,324,203,121
123000183,138,468,-330
123000184,104,345,-241
123000185,1057,281,776
123000186,5,402,-397
123000187,728,6,722
123000188,175,0,175
123000189,196,135,61
123000190,67,90,-23
123000192,23,306,-283
123000193,79,599,-520
123000194,262,198,64
123000195,316,34,282
123000196,444,19,425
123000197,64,93,-29
123000198,35,882,-847
123000199,37,606,-569
123000200,578,5,573
123000201,1243,22,1221
123000202,18,565,-547
123000203,1216,51,1165
123000204,66,639,-573
123000205,292,968,-676
123000206,2495,245,2250
123000207,64,562,-498
123000208,571,238,333
123000209,2302,653,1649
123000210,386,1316,-930
123000211,437,1578,-1141
123000212,3681,510,3171
123000213,593,68,525
123000215,83,255,-172
123000216,181,883,-702
123000217,182,39,143
123000218,35,647,-612
123000219,560,71,489
123000220,499,105,394
123000221,145,63,82
123000222,452,259,193
123000223,661,173,488
123000224,458,270,188
123000225,297,54,243
123000226,86,209,-123
123000227,68,219,-151
123000228,323,59,264
123000229,746,974,-228
123000232,81,408,-327
123000233,826,139,687
123000234,171,475,-304
123000235,1692,262,1430
123000236,314,467,-153
123000237,309,99,210
123000238,63,301,-238
123000239,390,746,-356
123000240,41,653,-612
123000241,259,82,177
123000242,337,130,207
123000243,858,749,109
123000244,919,697,222
123000245,50,123,-73
123000249,818,427,391
123000252,954,298,656
123000253,1689,459,1230
123000254,746,685,61
123000255,1334,711,623
123000256,30,178,-148
123000257,1960,1282,678
123000258,788,521,267
123000259,461,327,134
123000260,593,255,338
123000261,406,86,320
123000262,97,88,9
123000263,548,88,460
123000264,229,87,142
123000265,28,111,-83
123000266,580,487,93
123000267,813,288,525
123000268,37,62,-25
123000269,37,47,-10
123000270,37,49,-12
123000271,48,38,10
123000272,771,357,414
123000273,308,827,-519
123000274,1214,512,702
123000275,212,566,-354
123000278,1736,2305,-569
123000279,120,92,28
123000280,277,228,49
123000281,290,91,199
123000282,118,206,-88
123000283,182,75,107
123000284,78,57,21
123000286,180,345,-165
123000287,443,271,172
123000288,1622,1244,378
123000289,395,1430,-1035
123000291,244,731,-487
123000294,144,191,-47
123000295,880,1070,-190
123000296,806,418,388
123000297,509,253,256
123000298,513,168,345
123000299,29,84,-55
123000300,1345,915,430
123000301,120,312,-192
123000302,105,116,-11
123000303,117,162,-45
123000305,642,681,-39
123000306,182,60,122
123000309,44,43,1
123000310,33,33,0
123000311,0,79,-79
123000312,353,442,-89
123000313,597,309,288
123000315,135,175,-40
123000316,726,56,670
123000317,237,73,164
123000318,39,166,-127
123000329,37,25,12
123000337,615,588,27
123000338,332,139,193
123000339,335,81,254
123000340,87,207,-120
123000342,7,14,-7
123000343,32,5,27
123000344,725,315,410
123000345,338,455,-117
123000346,361,31,330
123000352,756,727,29
123000353,18,63,-45
123000354,256,57,199
123000355,0,153,-153
123000356,441,7,434
123000357,1,69,-68
123000359,8,96,-88
123000360,230,73,157
123000361,124,209,-85
123000362,534,74,460
123000363,141,117,24
123000364,495,469,26
123000365,8,441,-433
123000366,342,2145,-1803
123000367,233,678,-445
123000370,24,169,-145
123000371,627,44,583
123000372,359,9,350
123000373,5,222,-217
123000374,9,138,-129
123000375,315,56,259
123000376,943,576,367
123000377,664,17,647
123000378,25,154,-129
123000379,3,150,-147
123000380,18,457,-439
123000381,100,115,-15
123000382,666,138,528
123000383,69,1249,-1180
123000384,449,138,311
123000385,109,463,-354
123000436,36,1306,-1270
123000507,81,196,-115
123000508,113,1147,-1034
123000517,271,36,235
123000518,18,211,-193
123000519,175,91,84
123000520,28,204,-176
123000521,503,95,408
123000522,113,227,-114
123000541,6,1,5
123000542,0,7,-7
123000565,913,34,879
123000566,277,154,123
123000567,62,107,-45
123000573,39,517,-478
123000574,905,90,815
123000575,1588,641,947
123000576,1360,766,594
123000577,69,597,-528
123000578,358,84,274
123000579,1098,7195,-6097
123000580,103,33,70
123000582,602,30,572
123000583,28,239,-211
123000584,172,249,-77
123000585,1,76,-75
123000586,73,1,72
123000596,91,81,10
123000597,83,115,-32
123000602,66,13,53
123000603,1047,343,704
123000604,531,390,141
123000605,677,86,591
123000606,1,353,-352
123000609,7,285,-278
123000610,182,106,76
123000613,33,146,-113
123000614,362,40,322
123000615,28,64,-36
123000616,1127,46,1081
123000617,106,200,-94
123000618,71,335,-264
123000619,528,57,471
123000620,16,257,-241
123000622,613,21,592
123000624,202,45,157
123000630,1288,442,846
123000631,175,474,-299
123000632,479,531,-52
123000633,1,103,-102
123000634,41,160,-119
123000635,55,80,-25
123000636,48,357,-309
123000637,288,44,244
123000638,479,27,452
123000639,835,5464,-4629
123000640,23,308,-285
123900001,840,32,808
123900002,32,1204,-1172
123900003,225,276,-51
123900005,307,163,144
123900006,294,49,245
124000001,2120,148,1972
124000002,50,1097,-1047
124000003,1189,145,1044
124000004,60,293,-233
124000005,1281,855,426
124000006,191,582,-391
124000007,396,111,285
124000008,8,401,-393
124000009,763,253,510
124000010,189,254,-65
124000011,1166,292,874
124000012,264,248,16
124000017,220,124,96
124000018,126,38,88
124000019,148,159,-11
124000020,52,75,-23
124000021,111,91,20
124000022,90,160,-70
124000023,1227,1448,-221
124000024,1079,330,749
124000025,1136,1749,-613
124000026,807,781,26
124000027,4573,5122,-549
124000028,1178,3315,-2137
124000030,1746,1084,662
124000031,1302,4709,-3407
124000032,1401,649,752
124000033,206,283,-77
124000034,560,465,95
124000035,33,273,-240
124000036,37,134,-97
124000037,575,1231,-656
124000038,60,73,-13
124000039,718,445,273
124000040,408,1094,-686
124000041,492,84,408
124000042,86,314,-228
124000043,114,70,44
124000044,35,96,-61
124000045,908,380,528
124000046,264,423,-159
124000047,2349,651,1698
124000048,988,628,360
124000049,2162,513,1649
124000050,783,978,-195
124000051,1287,476,811
124000052,485,535,-50
124000053,531,1732,-1201
124000054,653,295,358
124000055,1381,3483,-2102
124000056,1416,990,426
124000057,1010,565,445
124000058,387,810,-423
124000059,655,1299,-644
124000060,700,448,252
124000061,1214,5746,-4532
124000062,1990,1572,418
124000063,941,1322,-381
124000064,1524,949,575
124000065,10,502,-492
124000066,75,32,43
124000067,194,157,37
124000068,19,26,-7
124000069,247,13,234
124000070,56,63,-7
124000071,152,70,82
124000072,126,272,-146
124000073,1018,119,899
124000074,170,432,-262
124000075,472,31,441
124000076,10,90,-80
124000077,1108,777,331
124000078,2524,1126,1398
124000079,270,1195,-925
124000080,570,230,340
124000081,223,334,-111
124000082,66,182,-116
124000083,43,58,-15
124000084,61,357,-296
124000085,87,32,55
124000086,43,165,-122
124000087,109,102,7
124000088,275,556,-281
124000089,1019,358,661
124000090,105,191,-86
124000091,421,75,346
124000092,66,220,-154
124000093,121,181,-60
124000094,139,709,-570
124000095,119,62,57
124000096,120,211,-91
124000097,97,103,-6
124000098,45,43,2
124000099,132,75,57
124000100,79,73,6
124000101,108,125,-17
124000102,84,41,43
124000103,133,88,45
124000104,78,31,47
124000105,138,81,57
124000106,124,45,79
124000107,23,197,-174
124000108,33,20,13
124000109,126,83,43
124000110,137,61,76
124000111,212,133,79
124000112,762,399,363
124000113,101,72,29
124000114,351,253,98
124000115,358,402,-44
124000116,108,141,-33
124000117,41,82,-41
124000118,36,93,-57
124000119,901,504,397
124000120,526,379,147
124000121,1000,680,320
124000122,489,1157,-668
124000123,940,431,509
124000124,365,791,-426
124000125,386,399,-13
124000126,298,524,-226
124000127,918,268,650
124000128,483,616,-133
124000129,2007,1408,599
124000130,632,464,168
124000131,874,521,353
124000132,703,683,20
124000133,882,754,128
124000134,880,411,469
124000135,1804,2002,-198
124000136,604,758,-154
124000137,1126,1050,76
124000138,1357,1154,203
124000139,531,31,500
124000140,24,249,-225
124000141,146,12,134
124000142,25,127,-102
124000143,73,11,62
124000144,11,25,-14
124000145,156,35,121
124000146,30,29,1
124000148,22,108,-86
124000149,1142,459,683
124000150,249,520,-271
124000151,772,304,468
124000152,525,809,-284
124000153,769,1005,-236
124000154,308,728,-420
124000155,1092,730,362
124000156,784,885,-101
124000169,210,446,-236
124000170,420,325,95
124000171,355,262,93
124000172,367,367,0
124000173,574,125,449
124000174,362,447,-85
124000175,9,73,-64
124000176,74,28,46
124000177,9,22,-13
124000178,37,81,-44
124000190,21,39,-18
124000191,26,45,-19
124000192,1341,410,931
124000193,309,710,-401
124000194,285,293,-8
124000195,283,575,-292
124000196,700,676,24
124000197,67,36,31
124000198,53,65,-12
124000201,255,524,-269
124000202,673,302,371
124000203,538,233,305
124000204,1172,207,965
124000205,135,271,-136
124000206,951,190,761
124000207,0,42,-42
124000209,167,281,-114
124000210,756,205,551
124000211,797,4,793
124000212,1,252,-251
124000213,634,171,463
124000214,580,288,292
124000215,547,39,508
124000216,0,169,-169
124000329,153,872,-719
124000338,84,454,-370
124000339,1487,80,1407
124000341,1816,51,1765
124000344,73,49,24
124000357,1404,2607,-1203
124000358,1011,1625,-614
124000359,1707,739,968
124000360,1224,456,768
124000361,2195,827,1368
124000362,814,1128,-314
124000363,258,317,-59
124000364,441,740,-299
124000365,472,723,-251
124000366,1003,694,309
124000367,94,339,-245
124000368,453,563,-110
124000369,132,99,33
124000370,34,337,-303
124000402,28,15,13
124000403,140,27,113
124000404,15,66,-51
124000405,1092,698,394
124000406,533,644,-111
124000407,4,33,-29
124000411,11,181,-170
124000412,451,8,443
124000413,109,28,81
124000414,70,94,-24
124000415,50,56,-6
124000416,128,117,11
124000417,172,101,71
124000418,206,80,126
124000419,85,76,9
124000420,107,44,63
124000421,54,67,-13
124000422,8,23,-15
124000423,152,27,125
124000424,1,31,-30
124000425,50,21,29
124000426,7,28,-21
124000427,47,8,39
124000428,10,46,-36
124000429,90,66,24
124000430,866,371,495
124000431,384,415,-31
124000432,306,435,-129
124000439,13,2,11
124000442,11,31,-20
124000443,4,9,-5
124000445,61,636,-575
124000446,341,55,286
124900001,599,400,199
124900002,170,226,-56
124900003,1016,392,624
124900004,704,240,464
124900005,214,101,113
124900006,765,237,528
124900008,1020,520,500
124900009,202,668,-466
124900010,446,147,299
124900011,1088,602,486
124900012,921,137,784
124900013,527,125,402
124900014,386,36,350
124900015,159,553,-394
124900016,78,166,-88
124900017,492,2320,-1828
124900018,105,6,99
124900019,484,35,449
124900020,194,92,102
124900021,419,52,367
124900022,49,15,34
124900024,303,13,290
124900026,170,34,136
124900027,113,569,-456
124900028,389,69,320
124900029,21,468,-447
124900030,4,76,-72
124900031,78,307,-229
124900032,177,239,-62
124900033,66,201,-135
124900034,13,77,-64
124900035,200,389,-189
124900036,3,42,-39
124900037,139,200,-61
124900038,189,144,45
124900039,2,98,-96
124900040,146,107,39
124900041,180,473,-293
124900042,145,6,139
124900043,368,486,-118
124900044,132,5,127
124900045,504,882,-378
124900046,929,345,584
124900047,93,167,-74
124900048,135,67,68
124900050,111,150,-39
124900052,130,383,-253
124900053,179,206,-27
124900054,856,505,351
124900055,0,110,-110
124900057,4,33,-29
124900060,52,159,-107
124900061,108,11,97
124900062,186,17,169
124900066,0,18,-18
124900067,14,88,-74
124900068,315,1238,-923
124900069,86,142,-56
124900070,70,25,45
124900072,225,30,195
124900074,593,134,459
124900075,275,160,115
124900076,35,1352,-1317
124900077,36,87,-51
124900078,55,19,36
124900079,293,235,58
124900080,225,278,-53
124900081,1054,242,812
124900082,226,354,-128
124900083,201,241,-40
124900084,842,99,743
124900085,500,522,-22
124900086,84,1456,-1372
124900087,362,107,255
124900088,316,102,214
124900089,790,20,770
124900090,531,206,325
124900091,417,209,208
124900092,259,159,100
124900093,469,212,257
124900094,547,241,306
124900095,138,624,-486
124900096,465,338,127
124900097,416,56,360
124900098,129,266,-137
124900099,423,483,-60
124900100,344,69,275
124900101,68,274,-206
124900102,267,20,247
124900103,154,132,22
124900104,41,104,-63
124900105,86,76,10
124900106,505,38,467
124900107,138,51,87
124900108,122,116,6
124900109,107,136,-29
124900110,408,202,206
124900111,0,134,-134
124900112,59,343,-284
124900113,4,13,-9
124900114,3,6,-3
124900115,0,2,-2
124900116,6,9,-3
124900117,1,2,-1
124900118,2,9,-7
124900119,18,8,10
124900120,0,12,-12
124900121,5,22,-17
124900122,1,5,-4
124900123,6,2,4
124900124,3,4,-1
129000186,114,74,40
204000001,34,2,32
204000002,7,4,3
204000003,34,1,33
204000004,2,1,1
204000005,564,352,212
204000006,1241,968,273
204000008,735,474,261
204000011,9,26,-17
204000012,49,83,-34
204000013,3,17,-14
204000019,779,395,384
204000020,763,559,204
204000021,1450,785,665
204000022,644,450,194
204000023,552,500,52
204000031,8,10,-2
204000032,255,18,237
204000034,22,188,-166
204000035,0,1,-1
204000036,6,17,-11
204000037,2,10,-8
204000038,0,6,-6
204000039,1,14,-13
204000040,9,10,-1
204000041,12,17,-5
204000042,50,6,44
204000043,55,5,50
204000044,49,2,47
204000045,67,5,62
204000046,12,1,11
204000057,7,16,-9
204000062,7,8,-1
204000068,37,165,-128
204000069,8,208,-200
204000070,57,45,12
204000080,40,47,-7
204000085,1693,1428,265
204000086,1594,1346,248
204000087,57,5,52
204000088,5,87,-82
204000090,21,219,-198
204000093,619,48,571
204000096,1093,825,268
204000097,707,5,702
204000099,1183,1335,-152
204000100,1629,1610,19
204000105,1753,1036,717
204000110,594,923,-329
204000111,436,562,-126
204000112,805,1258,-453
204000113,325,856,-531
204000114,804,814,-10
204000115,694,254,440
204000116,1397,734,663
204000119,2100,2060,40
204000132,709,371,338
204000133,938,139,799
204000134,352,68,284
204000135,663,75,588
204000136,587,169,418
204000138,391,595,-204
204000140,227,102,125
204000141,152,41,111
204000144,8,14,-6
204000145,567,56,511
204000146,17,244,-227
204000147,9,79,-70
204000148,164,16,148
204000154,7,1,6
204000155,6,7,-1
204000177,50,36,14
204000179,44,2,42
204000180,0,20,-20
204000222,8,19,-11
204000235,18,14,4
204000236,51,122,-71
204000238,45,9,36
204000240,446,76,370
204000263,83,179,-96
204000308,122,10,112
204000317,11,69,-58
204000322,24,55,-31
204000323,10,1,9
204000328,207,32,175
204000329,33,117,-84
204000330,149,11,138
204000331,18,73,-55
204010341,14,180,-166
205000001,531,1081,-550
205000013,5,60,-55
205000014,18,61,-43
205000015,41,122,-81
205000016,20,120,-100
205000017,19,58,-39
205000022,210,556,-346
205000025,864,663,201
205000029,296,10,286
205000045,110,709,-599
205000047,72,293,-221
205000048,315,457,-142
205000049,150,504,-354
205000050,425,222,203
205000059,0,109,-109
205000060,1,59,-58
205000061,1,78,-77
205000062,1,93,-92
205000063,21,118,-97
205000064,16,62,-46
205000065,45,434,-389
205000066,83,395,-312
205000067,17,595,-578
205000069,237,16,221
205000082,145,178,-33
205000110,66,170,-104
205000111,143,149,-6
205000112,154,131,23
205000113,185,316,-131
205000121,269,36,233
205000123,35,207,-172
205000126,349,72,277
205000127,732,130,602
205000128,385,30,355
205000129,717,48,669
205000130,91,17,74
205000131,65,12,53
205000132,79,2,77
205000133,81,2,79
205000134,266,1,265
205000137,74,139,-65
205000138,154,342,-188
205000139,19,110,-91
205000144,75,46,29
205000145,333,167,166
205000151,157,31,126
205000152,176,20,156
205000153,209,19,190
205000154,112,30,82
205000155,111,10,101
205000207,4,146,-142
205000233,8,1,7
205000234,0,2,-2
205000243,0,2,-2
205000244,0,2,-2
205000245,10,122,-112
205000249,0,12,-12
205000250,2,0,2
205000251,108,377,-269
205000264,7,88,-81
206000027,23,3,20
206000028,4,3,1
206000043,3,29,-26
206000053,0,10,-10
206000054,2,24,-22
206000055,0,8,-8
206000075,15,22,-7
206000076,29,11,18
206000077,12,2,10
206000078,32,4,28
206000079,20,4,16
206000082,407,76,331
206000100,23,343,-320
206000103,7,9,-2
206000104,27,17,10
206000105,6,6,0
206000106,3,10,-7
206000108,702,39,663
206000125,102,0,102
206000157,29,408,-379
206000170,0,115,-115
206000171,5,145,-140
206000172,8,199,-191
206000173,1,106,-105
206000174,12,33,-21
206000175,1,32,-31
206000176,15,66,-51
206000177,1,54,-53
206000178,2,98,-96
206000179,2,68,-66
206000180,4,83,-79
206000181,4,55,-51
206000182,7,52,-45
206000183,13,192,-179
206000184,4,122,-118
206000185,8,58,-50
206000186,92,350,-258
206000223,0,139,-139
206000226,19,2,17
206000227,32,5,27
206000237,54,133,-79
206000238,11,296,-285
206000239,119,1159,-1040
206000240,1,58,-57
206000241,0,39,-39
206000242,1,78,-77
206000243,3,67,-64
206000244,28,212,-184
206000245,1455,61,1394
206000246,441,8,433
206000247,513,5,508
206000248,612,13,599
206000252,50,42,8
206000258,16,26,-10
206000315,45,7,38
206000317,859,145,714
206000318,915,98,817
206000319,2727,79,2648
206000320,368,29,339
206000321,453,7,446
206000322,778,22,756
206000323,241,11,230
206000324,321,13,308
206000325,270,16,254
206000326,240,21,219
206000327,80,13,67
206000328,332,7,325
206000329,472,6,466
206000330,70,5,65
206000331,310,2,308
206000332,95,3,92
206000333,1012,3,1009
206000334,435,3,432
206000335,0,22,-22
206000361,1,119,-118
206000392,2,4,-2
206000405,199,1,198
206000441,52,22,30
206000498,37,3,34
206000515,78,60,18
206000530,559,62,497
206000531,308,375,-67
206000532,2037,471,1566
206000535,98,1462,-1364
206000536,8,85,-77
206000537,20,88,-68
206000613,2330,286,2044
207000001,103,550,-447
207000002,67,343,-276
207000003,100,134,-34
207000007,1481,212,1269
207000008,171,8,163
207000009,45,46,-1
207000010,214,243,-29
207000012,431,153,278
207000015,174,605,-431
207000019,229,50,179
207000021,483,162,321
207000022,189,155,34
207000023,266,45,221
207000024,11,8,3
207000025,37,55,-18
207000026,60,42,18
207000027,13,57,-44
207000028,46,138,-92
207000029,155,366,-211
207000033,156,440,-284
207000034,253,114,139
207000039,550,54,496
207000040,541,38,503
207000041,145,34,111
207000042,360,27,333
207000043,189,122,67
207000051,114,148,-34
207000052,17,103,-86
207000053,348,377,-29
207000054,40,46,-6
207000055,143,61,82
207000056,290,218,72
207000057,135,201,-66
207000058,108,163,-55
207000059,106,207,-101
207000060,50,77,-27
207000061,146,607,-461
207000062,350,35,315
207000063,452,50,402
207000064,466,151,315
207000065,420,214,206
207000066,281,148,133
207000067,57,50,7
207000068,118,33,85
207000069,718,258,460
207000082,9,117,-108
207000083,87,183,-96
207000084,397,231,166
207000085,295,26,269
207000086,301,6,295
207000106,40,28,12
207000107,97,19,78
207000108,80,6,74
207000109,45,8,37
207000110,53,69,-16
207000111,88,66,22
207000112,105,615,-510
207000114,10,11,-1
207000115,30,22,8
207000116,17,289,-272
207000117,8,55,-47
207000118,6,45,-39
207000119,15,44,-29
207000123,131,19,112
207000124,92,13,79
207000125,53,37,16
207000126,73,38,35
207000134,110,102,8
207000135,35,135,-100
207000148,96,292,-196
207000149,52,24,28
207000152,95,321,-226
207000153,463,1027,-564
207000154,276,193,83
207000159,99,79,20
207000160,122,190,-68
207000238,1,132,-131
207000242,4,55,-51
207000248,20,29,-9
207000249,84,18,66
207000250,330,55,275
207000251,65,76,-11
207000252,54,21,33
207000278,131,58,73
207000279,11,75,-64
207000280,819,38,781
207000281,85,375,-290
207000282,82,101,-19
207000283,38,165,-127
207000284,65,307,-242
207000285,43,72,-29
207000291,7,66,-59
207000304,115,43,72
207000306,49,307,-258
207000310,132,89,43
207000353,174,2,172
207000356,10,94,-84
207000357,16,23,-7
207000358,0,9,-9
207000415,4,66,-62
207000417,32,2,30
207000437,1,1,0
207000439,669,696,-27
207000446,173,4,169
207000460,62,10,52
207000466,112,78,34
207000467,47,50,-3
207000468,7,131,-124
207000476,6,35,-29
207000477,680,50,630
207000523,0,6,-6
207000524,22,0,22
207000527,126,161,-35
207000530,561,5,556
207000531,323,15,308
207000532,104,27,77
207000534,201,42,159
207000535,17,206,-189
207000537,14,42,-28
207000540,9,64,-55
207000541,1,166,-165
207000548,5,108,-103
207000549,273,14,259
207000561,115,199,-84
207000562,30,92,-62
207000567,130,175,-45
207000568,244,32,212
207000569,572,307,265
207000584,155,140,15
207000585,66,246,-180
207000616,0,43,-43
207000617,205,0,205
207900008,317,57,260
208000001,508,1175,-667
208000002,582,532,50
208000003,1186,296,890
208000004,875,709,166
208000005,6,11,-5
208000019,677,665,12
208000020,193,327,-134
208000021,250,256,-6
208000022,1014,385,629
208000028,1011,1427,-416
208000033,592,458,134
208000034,961,1209,-248
208000040,162,141,21
208000041,747,555,192
208000042,829,559,270
208000047,165,169,-4
208000064,1979,1286,693
208000066,1596,2421,-825
208000070,452,272,180
208000071,483,512,-29
208000072,518,788,-270
208000080,282,360,-78
208000081,350,89,261
208000082,292,181,111
208000083,189,260,-71
208000084,9,17,-8
208000085,679,687,-8
208000086,475,943,-468
208000087,407,508,-101
208000089,1084,290,794
208000090,914,373,541
208000093,128,130,-2
208000094,424,308,116
208000095,730,358,372
208000104,1176,578,598
208000105,695,769,-74
208000114,95,448,-353
208000115,595,315,280
208000116,635,940,-305
208000117,119,113,6
208000118,127,143,-16
208000155,687,1087,-400
208000158,1269,3238,-1969
208000186,2226,3467,-1241
208000204,682,948,-266
208000205,1175,729,446
208000282,3220,2815,405
209000004,446,208,238
209000005,65,44,21
209000006,442,162,280
209000007,241,285,-44
209000010,294,106,188
209000011,117,192,-75
209000012,111,109,2
209000013,167,158,9
209000014,343,429,-86
209000025,480,38,442
209000026,921,91,830
209000027,287,436,-149
209000028,280,377,-97
209000029,374,446,-72
209000030,324,697,-373
209000031,1452,1144,308
209000034,158,173,-15
209000035,135,143,-8
209000036,191,73,118
209000037,259,132,127
209000038,126,85,41
209000039,71,80,-9
209000040,290,440,-150
209000041,162,270,-108
209000042,275,250,25
209000043,626,583,43
209000044,246,700,-454
209000045,932,339,593
209000046,554,355,199
209000047,346,188,158
209000048,573,361,212
209000049,87,47,40
209000050,109,61,48
209000051,206,70,136
209000052,96,80,16
209000062,45,57,-12
209000063,55,46,9
209000064,33,32,1
209000065,98,20,78
209000066,105,9,96
209000067,113,26,87
209000080,59,145,-86
209000082,64,24,40
209000091,10,85,-75
209000093,43,18,25
209000094,73,141,-68
209000110,39,91,-52
209000111,555,1658,-1103
209000112,1256,462,794
209000113,1970,522,1448
209000114,969,454,515
209000115,73,48,25
209000116,251,189,62
209000118,10,41,-31
209000119,6,9,-3
209000121,75,284,-209
209000135,51,145,-94
209000142,600,2037,-1437
209000143,32,27,5
209000144,57,113,-56
209000229,268,102,166
209000240,25,111,-86
209000259,36,53,-17
209000260,35,864,-829
209000261,3,687,-684
209000262,5,459,-454
209000263,0,148,-148
209000264,0,252,-252
209000265,332,2,330
209000266,111,0,111
209000267,1837,4,1833
209000268,595,54,541
210000037,96,17,79
210000047,83,28,55
210000048,112,15,97
210000049,67,6,61
210000052,91,48,43
210000053,35,28,7
210000054,38,69,-31
210000070,190,4,186
210000071,96,0,96
210000072,26,0,26
210000073,0,23,-23
210000074,1,63,-62
210000075,3,101,-98
210000076,6,134,-128
210000077,9,36,-27
210000078,41,48,-7
210000079,26,4,22
210000080,45,61,-16
210000081,177,18,159
210000082,104,5,99
210000083,62,6,56
210000084,40,0,40
210000085,1,50,-49
210000086,1,71,-70
210000099,43,226,-183
210000100,52,114,-62
210000101,59,138,-79
210000105,58,192,-134
210000159,1,188,-187
210000163,87,152,-65
210000164,227,275,-48
210000168,115,58,57
210000187,0,23,-23
210000188,2,21,-19
210000214,32,0,32
210000219,63,35,28
210000220,120,27,93
210000232,6,18,-12
210000233,27,40,-13
210000234,42,71,-29
210000235,81,50,31
210000245,0,56,-56
210000246,37,8,29
210000258,18,71,-53
210000259,258,68,190
210000282,90,245,-155
210000285,2,93,-91
210000286,33,157,-124
210000295,37,101,-64
210000296,32,34,-2
210000320,214,43,171
210000321,167,41,126
210000338,34,42,-8
210000339,239,1059,-820
210000340,148,377,-229
210000341,226,246,-20
210000342,197,169,28
210000343,172,163,9
210000344,151,105,46
210000345,133,168,-35
210000346,57,125,-68
210000347,30,40,-10
210000348,117,24,93
210000349,47,17,30
210000350,119,54,65
210000351,152,62,90
210000352,87,35,52
210000353,56,53,3
210000354,59,52,7
210000355,41,45,-4
210000356,16,44,-28
210000357,30,44,-14
210000358,160,133,27
210000359,62,67,-5
210000360,140,83,57
210000361,192,122,70
210000362,269,172,97
210000363,451,209,242
210000364,91,146,-55
210000365,90,64,26
210000366,110,56,54
210000367,94,26,68
210000368,108,32,76
210000369,8,15,-7
210000370,39,31,8
210000372,13,14,-1
210000373,17,21,-4
210000374,34,28,6
210000375,38,32,6
210000376,61,75,-14
210000404,49,116,-67
210000439,25,29,-4
210000472,46,2,44
210000482,34,119,-85
210000564,142,248,-106
210000568,251,5,246
211000092,57,25,32
211000094,50,6,44
211000169,192,24,168
211000172,23,108,-85
211000209,1,19,-18
211000275,47,11,36
211000276,95,41,54
211000279,17,27,-10
211000281,124,21,103
211507980,4,38,-34
211977296,55,2,53
212000003,114,29,85
212000004,16,24,-8
212000005,4,27,-23
212000006,20,39,-19
212000008,191,88,103
212000009,39,80,-41
212000012,89,52,37
212000013,31,29,2
212000014,294,109,185
212000015,256,154,102
212000016,526,424,102
212000027,555,290,265
212000028,417,252,165
212000029,255,163,92
212000030,58,24,34
212000031,66,22,44
212000048,32,196,-164
212000049,21,153,-132
212000050,21,15,6
212000051,225,116,109
212000052,173,153,20
212000053,330,320,10
212000054,421,60,361
212000055,343,122,221
212000056,15,19,-4
212000057,12,25,-13
212000058,133,36,97
212000070,130,151,-21
212000077,95,366,-271
212000099,373,205,168
212000108,179,89,90
212000111,238,44,194
212000120,105,57,48
212000138,138,28,110
212000156,2,90,-88
212000158,6,21,-15
212000159,587,48,539
212000160,915,165,750
212000161,61,7,54
212000310,62,19,43
212000311,20,29,-9
212000374,41,16,25
213000001,34,360,-326
213000005,555,94,461
213000006,834,274,560
213000007,72,6,66
213000009,454,391,63
213000010,233,236,-3
213000011,204,82,122
213000012,137,197,-60
213000014,95,10,85
213000015,249,7,242
213000016,332,0,332
213000017,111,1,110
213000018,1,67,-66
213000019,1,66,-65
213000020,116,238,-122
213000021,7,91,-84
213000023,425,184,241
213000033,356,1489,-1133
213000034,603,194,409
213000035,107,167,-60
213000045,167,183,-16
213000046,201,146,55
213000047,502,1147,-645
213000056,106,22,84
213000069,99,3,96
213000073,0,45,-45
213000074,60,251,-191
213000075,552,8,544
213000085,3,41,-38
213000086,15,121,-106
213000091,304,14,290
213000092,52,13,39
213000099,136,941,-805
213000100,936,231,705
213000101,475,105,370
213000102,541,178,363
213000103,845,621,224
213000104,58,316,-258
213000105,0,174,-174
213000106,29,67,-38
213000107,132,322,-190
213000108,31,337,-306
213000109,16,184,-168
213000110,18,80,-62
213000111,6,83,-77
213000112,122,139,-17
213000115,47,6,41
213000116,63,231,-168
213000117,3,376,-373
213000118,617,218,399
213000119,57,411,-354
213000120,114,267,-153
213000122,111,325,-214
213000123,268,740,-472
213000124,145,1195,-1050
213000125,186,23,163
213000126,62,125,-63
213000127,70,277,-207
213000128,214,1017,-803
213000129,288,791,-503
213000130,899,328,571
213000132,635,82,553
213000133,762,88,674
213000134,1068,22,1046
213000136,518,21,497
213000137,729,62,667
213000139,116,18,98
213000147,53,6,47
213000148,14,8,6
213000149,22,7,15
213000150,1,155,-154
213000151,1,209,-208
213000152,1,144,-143
213000153,9,128,-119
213000154,41,420,-379
213000155,87,210,-123
213000156,188,336,-148
213000157,897,320,577
213000158,485,836,-351
213000159,831,336,495
213000163,1353,129,1224
213000165,1020,309,711
213000171,2,45,-43
213000172,2,148,-146
213000173,0,147,-147
213000174,6,118,-112
213000175,21,67,-46
213000176,228,35,193
213000177,230,7,223
213000178,214,6,208
213000179,341,1,340
213000180,231,0,231
213000184,60,396,-336
213000188,395,87,308
213000189,581,49,532
213000190,1008,505,503
213000191,422,268,154
213000192,282,181,101
213000193,460,240,220
213000194,1,95,-94
213000195,28,311,-283
213000196,349,1235,-886
213000197,553,493,60
213000198,76,5,71
213000200,110,540,-430
213000201,33,52,-19
213000202,27,340,-313
213000203,2330,561,1769
213000204,913,63,850
213000205,505,68,437
213000206,373,49,324
213000207,101,18,83
213000208,69,5,64
213000209,143,1,142
213000210,251,4,247
213000211,5,30,-25
213000212,10,36,-26
213000213,12,85,-73
213000218,251,345,-94
213000219,566,14,552
213000220,479,6,473
213000223,166,165,1
213000224,21,28,-7
213000225,110,13,97
213000226,65,14,51
213000227,961,179,782
213000228,473,56,417
213000229,94,24,70
213000230,388,11,377
213000232,20,798,-778
213000233,19,919,-900
213000234,3,59,-56
213000293,18,108,-90
213000294,121,24,97
213000295,9,97,-88
213000296,52,8,44
213000297,4,68,-64
213000298,19,84,-65
213000299,34,18,16
213000300,7,3,4
213000303,3,23,-20
213000304,6,12,-6
213000305,3,34,-31
213000306,27,49,-22
213000307,78,41,37
213000308,85,111,-26
213000309,159,60,99
213000310,538,182,356
213000311,216,670,-454
213000315,64,77,-13
213000316,128,53,75
213000322,72,67,5
213000323,136,46,90
213000324,147,68,79
213000325,149,67,82
213000326,129,41,88
213000327,120,58,62
213000328,95,143,-48
213000329,155,51,104
213000340,127,291,-164
213000341,706,70,636
213000347,502,428,74
213000348,10,193,-183
213000349,14,7,7
213000350,264,652,-388
213000366,72,180,-108
213000367,275,11,264
213000379,58,45,13
213000386,10,254,-244
213000406,99,246,-147
213000417,1434,455,979
213000425,295,44,251
213000426,172,25,147
213000427,67,126,-59
213000428,79,100,-21
213000429,10,1,9
213000430,111,367,-256
213000431,31,3,28
213000432,3,36,-33
213000433,43,105,-62
213000434,116,80,36
213000435,177,61,116
213000436,65,28,37
213000437,6,28,-22
213000438,169,76,93
213000439,49,15,34
213000440,28,277,-249
213000441,2,1,1
213000442,6,31,-25
213000443,423,221,202
213000444,48,41,7
213000445,0,52,-52
213000446,0,30,-30
213000447,2,48,-46
213000448,13,130,-117
213000449,656,6,650
213000450,25,24,1
213000451,337,77,260
213000452,26,12,14
213000453,24,235,-211
213000455,162,11,151
213000456,0,313,-313
213000481,5,11,-6
213000484,36,2,34
213000489,256,56,200
213900002,0,123,-123
213900003,212,29,183
213900013,5,93,-88
213900015,0,10,-10
213900016,10,5,5
213900020,12,45,-33
213900030,1,31,-30
213900032,174,127,47
213900033,142,27,115
213900034,787,55,732
213900035,239,202,37
213900036,129,98,31
213900037,34,219,-185
213900038,537,113,424
213900039,0,45,-45
213900041,0,199,-199
213900042,214,284,-70
213900043,299,103,196
213900244,89,0,89
213900245,0,14,-14
218000003,39,14,25
218000004,41,16,25
218000005,31,29,2
218000006,52,31,21
218000007,25,10,15
218000012,86,102,-16
218000013,119,129,-10
218000014,315,309,6
218000019,498,411,87
218000020,222,278,-56
218000021,24,20,4
218000022,17,12,5
218000023,1,9,-8
218000024,2,4,-2
218000025,8,6,2
218000026,10,21,-11
218000027,2,7,-5
218000028,0,4,-4
218000029,1,2,-1
218000030,16,20,-4
218000031,1,15,-14
218000032,0,26,-26
218000040,6,2,4
218000046,36,53,-17
218000047,10,89,-79
218000048,69,66,3
218000049,73,61,12
218000050,373,207,166
218000051,81,187,-106
218000052,2,75,-73
218000053,3,17,-14
218000054,6,96,-90
218000055,8,30,-22
218000056,18,36,-18
218000057,4,23,-19
218000064,1,21,-20
218000065,71,11,60
218000066,14,39,-25
218000067,71,54,17
218000068,100,55,45
218000069,244,82,162
218000070,257,146,111
218000071,222,115,107
218000072,172,198,-26
218000078,788,438,350
218000079,182,51,131
218000080,200,43,157
218000081,711,151,560
218000082,51,68,-17
218000083,66,49,17
218000084,186,53,133
218000085,223,229,-6
218000086,56,79,-23
218000087,180,108,72
218000090,8,99,-91
218000091,923,444,479
218000092,114,91,23
218000093,67,51,16
218000094,375,296,79
218000099,251,689,-438
218000100,285,262,23
218000101,303,162,141
218000102,423,154,269
218000103,96,87,9
218000104,77,28,49
218000105,26,38,-12
218000106,9,7,2
218000107,71,16,55
218000108,1,26,-25
218000112,55,33,22
218000117,70,33,37
218000134,531,328,203
218000135,27,73,-46
218000136,156,152,4
218000137,202,122,80
218000138,54,88,-34
218000139,156,246,-90
218000140,443,199,244
218000141,82,38,44
218000142,160,144,16
218000143,65,316,-251
218000144,36,138,-102
218000145,543,265,278
218000146,138,175,-37
218000151,10,15,-5
218000152,139,58,81
218000153,1,6,-5
218000154,13,4,9
218000155,32,6,26
218000156,143,26,117
218000157,69,17,52
218000158,13,4,9
218000159,3,8,-5
218000160,12,10,2
218000161,60,9,51
218000162,49,9,40
218000163,19,3,16
218000164,56,7,49
218000165,109,35,74
218000170,10,22,-12
218000171,75,14,61
218000172,9,9,0
218000173,23,21,2
218000174,15,12,3
218000176,261,46,215
218000177,482,206,276
218000178,99,236,-137
218000179,130,69,61
218000180,94,27,67
218000181,250,22,228
218000187,16,39,-23
218000188,31,46,-15
218000189,32,74,-42
218000190,23,26,-3
218000191,169,28,141
218000192,275,144,131
218000193,420,252,168
218000194,94,214,-120
218000195,169,50,119
218000196,445,197,248
218000197,597,209,388
218000198,30,87,-57
218000199,43,18,25
218000200,67,23,44
218000201,17,2,15
218000202,48,246,-198
218000207,2,16,-14
218000208,44,20,24
218000211,14,17,-3
218000212,3,4,-1
218000213,84,83,1
218000214,12,34,-22
218000215,37,27,10
218000217,5,47,-42
218000218,211,77,134
218000219,10,22,-12
218000220,42,363,-321
218000221,472,182,290
218000222,1,27,-26
218000223,50,506,-456
218000224,17,191,-174
218000225,235,21,214
218000226,193,67,126
218000230,0,4,-4
218000232,31,39,-8
218000239,124,11,113
218000240,9,3,6
218000241,24,6,18
218000242,17,8,9
218000243,12,5,7
218000244,19,3,16
218000245,12,0,12
218000246,1,1,0
218000247,0,0,0
218000248,0,42,-42
218000249,0,5,-5
218000250,0,19,-19
218000251,4,58,-54
218000252,1,137,-136
218000253,2,149,-147
218000254,0,86,-86
218000255,3,44,-41
218000256,4,84,-80
218000267,251,581,-330
218000268,4,29,-25
218000269,5,11,-6
218000270,35,7,28
218000271,2,20,-18
218000273,33,3,30
218000274,17,1,16
218000275,28,41,-13
218000276,11,17,-6
218000278,7,39,-32
218000279,30,14,16
218000280,1,12,-11
218000281,7,11,-4
218000282,370,518,-148
218000284,48,6,42
218000301,144,108,36
218000302,165,33,132
218000303,17,42,-25
218000316,835,597,238
218000317,1471,508,963
218000318,1079,394,685
218000319,946,555,391
218000320,729,428,301
218000338,28,32,-4
218000345,54,34,20
218000346,27,158,-131
218000459,36,188,-152
218000490,30,69,-39
218000501,127,18,109
218000502,48,34,14
218000503,106,13,93
218000504,107,24,83
218000505,38,63,-25
218000506,32,122,-90
218000508,0,4,-4
218000510,148,15,133
218000520,101,86,15
218000521,6,42,-36
218000522,1,139,-138
218000523,169,1,168
218000524,15,293,-278
218000525,96,23,73
218000526,15,213,-198
218000529,20,53,-33
218000530,16,2,14
218000531,20,17,3
218000532,38,16,22
218000534,156,19,137
218000537,19,74,-55
218000538,100,327,-227
218000540,174,71,103
218000543,177,57,120
218000544,32,38,-6
218000545,105,43,62
218000546,51,58,-7
218000547,121,96,25
218000548,121,92,29
218000549,604,503,101
218000550,144,158,-14
218000551,69,762,-693
218000552,240,34,206
218000553,10,63,-53
218000554,27,30,-3
218000555,32,9,23
218000556,126,136,-10
218000557,340,49,291
218000558,56,1,55
218000559,1,38,-37
218000560,0,45,-45
218000561,4,0,4
218000562,20,170,-150
218000563,191,20,171
218000564,11,138,-127
218000565,133,50,83
218000566,132,47,85
218000567,2,109,-107
218000568,47,0,47
218000569,6,197,-191
218000570,34,15,19
218000571,0,94,-94
218000572,108,2,106
218000573,5,204,-199
218000574,37,19,18
218000575,81,0,81
218000576,1,78,-77
218000577,74,3,71
218000578,2,94,-92
218000579,34,16,18
218000581,4,53,-49
218000582,62,7,55
218000583,20,0,20
218000584,0,32,-32
218000585,40,10,30
218000586,7,45,-38
218000587,2,2,0
218000588,0,6,-6
218000589,0,19,-19
218000590,3,2,1
218000591,1,13,-12
218000592,1,0,1
218000593,0,0,0
218000594,1,2,-1
218000595,0,1,-1
218000596,0,0,0
218000597,0,1,-1
218000598,0,0,0
218000599,1,2,-1
218000600,1,0,1
218000601,0,4,-4
218000602,0,3,-3
218000603,0,4,-4
218000604,17,3,14
218000605,0,23,-23
218000606,77,0,77
218000607,18,38,-20
218000608,42,19,23
218000609,14,24,-10
218000610,43,6,37
218000611,25,4,21
218000612,2,13,-11
218000613,61,0,61
218000614,0,41,-41
218000615,149,0,149
218000616,10,97,-87
218000617,12,1,11
218000618,1,11,-10
218000619,58,20,38
218000620,14,32,-18
218000621,1,1,0
218000622,0,16,-16
218000623,41,0,41
218000624,2,6,-4
218000625,2,2,0
218000626,0,15,-15
218000628,125,55,70
218000631,48,8,40
218000632,4,112,-108
218000633,73,0,73
218000634,3,22,-19
218000635,24,7,17
218000636,678,561,117
218000637,1167,275,892
218000638,343,12,331
218000639,22,75,-53
218000640,403,14,389
218000641,69,138,-69
218000652,54,46,8
218000653,205,51,154
218000663,9,48,-39
218000675,27,17,10
218000676,1,9,-8
218000677,17,3,14
218000680,109,185,-76
218000681,319,56,263
218000691,119,85,34
218000693,250,73,177
218000703,2,20,-18
218000718,99,788,-689
218000719,187,507,-320
218000720,7,272,-265
218000721,74,27,47
218000725,7,2,5
218001214,15,142,-127
218001329,48,43,5
218001330,28,23,5
218001359,0,0,0
218001360,0,0,0
218001361,0,3,-3
218001362,0,0,0
219000001,45,43,2
219000002,19,46,-27
219000003,91,42,49
219000004,35,62,-27
219000017,71,23,48
219000020,133,22,111
219000022,111,3,108
219000023,69,0,69
219000029,0,62,-62
219000034,35,23,12
219000039,80,119,-39
219000040,47,55,-8
219000041,127,16,111
219000051,0,44,-44
219000052,0,18,-18
219000053,1,81,-80
219000054,402,315,87
219000055,215,6,209
219000056,10,1,9
219000057,82,0,82
219000062,12,45,-33
219000063,90,3,87
219000064,1,22,-21
219000110,404,57,347
219000111,70,32,38
219000112,192,41,151
219000113,152,36,116
219000114,118,35,83
219000116,87,25,62
219000117,145,39,106
219000118,80,35,45
219000123,124,63,61
219000124,83,70,13
219000125,20,9,11
219000126,55,95,-40
219000127,1,9,-8
219000128,28,130,-102
219000129,40,100,-60
219000130,191,370,-179
219000131,565,825,-260
219000133,40,37,3
219000134,8,23,-15
219000135,31,87,-56
219000136,70,213,-143
219000138,66,18,48
219000139,58,28,30
219000140,83,3,80
219000141,39,44,-5
219000142,17,33,-16
219000143,3,36,-33
219000145,10,42,-32
219000146,10,21,-11
219000147,4,20,-16
219000148,4,21,-17
219000149,4,39,-35
219000150,0,39,-39
219000151,0,24,-24
219000157,278,84,194
219000158,119,134,-15
219000161,129,7,122
219000163,1033,380,653
219000166,111,229,-118
219000167,80,92,-12
219000168,303,70,233
219000174,529,134,395
219000175,126,4,122
219000176,124,8,116
219000177,98,0,98
219000178,69,1,68
219000179,27,12,15
219000180,43,36,7
219000182,128,14,114
219000183,53,22,31
219000184,119,22,97
219000185,0,46,-46
219000186,88,19,69
219000187,15,76,-61
219000189,58,200,-142
219000190,39,175,-136
219000191,295,1100,-805
219000192,137,99,38
219000193,137,118,19
219000195,3,27,-24
219000196,2,61,-59
219000198,11,42,-31
219000199,30,85,-55
219000200,27,76,-49
219000201,45,86,-41
219000203,20,67,-47
219000204,53,203,-150
219000205,39,182,-143
219000207,55,145,-90
219000209,31,32,-1
219000210,15,43,-28
219000213,5,118,-113
219000239,168,186,-18
219000240,172,321,-149
219000241,155,108,47
219000242,35,111,-76
219000243,60,198,-138
219000244,18,61,-43
219000245,36,25,11
219000246,42,23,19
219000247,172,35,137
219000248,451,338,113
219000249,164,74,90
219000250,185,76,109
219000251,508,207,301
219000252,178,117,61
219000253,389,79,310
219000255,118,93,25
219000256,207,46,161
219000257,102,0,102
219000262,52,63,-11
219000263,48,58,-10
219000267,2,51,-49
219000268,1,2,-1
219000269,5,2,3
219000270,8,0,8
219000271,96,13,83
219000278,1,2,-1
219000279,0,3,-3
219000283,0,12,-12
219000295,18,42,-24
219000296,64,200,-136
219000297,17,50,-33
219000298,9,48,-39
219000299,483,46,437
219000300,20,71,-51
219000301,162,276,-114
219000302,27,205,-178
219000307,23,24,-1
219000308,34,35,-1
219000311,181,50,131
219000312,536,152,384
219000313,401,66,335
219000314,31,162,-131
219000315,332,32,300
219000316,509,44,465
219000317,98,16,82
219000320,0,67,-67
219000321,0,27,-27
219000323,1,55,-54
219000325,3,11,-8
219000326,73,36,37
219000327,65,26,39
219000328,21,25,-4
219000329,258,86,172
219000330,36,31,5
219000331,47,40,7
219000332,170,95,75
219000333,18,1,17
219000335,106,0,106
219000337,23,0,23
219000338,48,1,47
219000344,9,37,-28
219000345,34,31,3
219000346,50,38,12
219000348,197,83,114
219000349,54,109,-55
219000350,97,205,-108
219000351,1,16,-15
219000352,389,61,328
219000353,102,27,75
219000354,254,59,195
219000355,149,35,114
219000356,570,1304,-734
219000363,188,43,145
219000364,77,52,25
219000365,108,21,87
219000366,163,344,-181
219000368,282,601,-319
219000370,808,608,200
219000371,15,10,5
219000382,15,16,-1
219000383,287,1221,-934
219000385,284,402,-118
219000386,471,1263,-792
219000387,1,15,-14
219000390,0,0,0
219000391,4,0,4
219000397,50,32,18
219000398,51,28,23
219000401,4,78,-74
219000402,22,68,-46
219000403,133,282,-149
219000404,15,130,-115
219000407,1,32,-31
219000409,69,33,36
219000410,101,33,68
219000411,71,13,58
219000446,85,296,-211
219000447,0,12,-12
219000448,11,5,6
219000452,71,89,-18
219000453,30,172,-142
219000454,155,335,-180
219000556,346,71,275
219000558,78,69,9
219000590,36,154,-118
219000591,124,54,70
219000592,96,250,-154
219000595,2,26,-24
219000635,204,26,178
219000636,34,41,-7
219000657,14,24,-10
219000658,33,145,-112
219000673,0,60,-60
219000676,26,8,18
219000679,31,8,23
219000684,95,0,95
219000685,4,42,-38
219000686,0,2,-2
219000688,0,37,-37
219000689,13,113,-100
219000690,129,15,114
219000691,11,108,-97
219000692,99,17,82
219000693,0,15,-15
219000694,43,0,43
219000695,52,1,51
219000698,15,0,15
219000699,0,15,-15
219000727,1,62,-61
219000728,35,2,33
219000770,46,0,46
219000771,0,18,-18
219001150,0,43,-43
219001151,2,9,-7
219001166,8,26,-18
219001167,0,31,-31
220000001,46,62,-16
220000002,9,55,-46
220000003,191,120,71
220000004,346,232,114
220000005,641,1717,-1076
220000006,144,629,-485
220000007,300,239,61
220000008,277,421,-144
220000009,204,250,-46
220000010,100,63,37
220000011,357,3370,-3013
220000012,66,289,-223
220000014,113,73,40
220000015,30,212,-182
220000017,46,187,-141
220000018,3414,1479,1935
220000019,62,282,-220
220000020,409,221,188
220000021,763,131,632
220000022,969,261,708
220000023,354,144,210
220000024,1319,323,996
220000025,969,1573,-604
220000026,252,576,-324
220000027,23,104,-81
220000028,53,43,10
220000029,41,83,-42
220000030,40,65,-25
220000031,596,264,332
220000064,28,742,-714
221000046,1,1,0
221000047,0,2,-2
221000048,0,2,-2
221000049,0,8,-8
221000050,15,0,15
221000055,26,42,-16
221000057,70,15,55
221000068,314,99,215
221000069,363,44,319
221000070,209,24,185
221000071,97,7,90
221000072,238,7,231
221000073,182,19,163
221000074,2,28,-26
221000075,17,22,-5
221000076,9,13,-4
221000077,14,48,-34
221000081,23,7,16
221000082,71,2,69
221000083,12,3,9
221000084,2,2,0
221000085,8,41,-33
221000086,4,36,-32
221000087,12,71,-59
221000088,7,148,-141
221000089,21,209,-188
221000090,47,406,-359
221000098,96,15,81
221000099,156,18,138
221000100,83,10,73
221000101,180,12,168
221000102,166,15,151
221000109,2,76,-74
221000110,8,50,-42
221000111,13,64,-51
221000112,3,67,-64
221000113,12,77,-65
221000114,8,104,-96
221000120,49,48,1
221000121,5,87,-82
221000122,42,52,-10
221000123,3,8,-5
221000124,10,93,-83
221000155,185,14,171
221000156,14,10,4
221000175,0,3,-3
221000176,0,1,-1
221000182,53,3,50
221000241,559,238,321
221000242,112,255,-143
221000243,488,132,356
221000244,210,267,-57
221000245,98,64,34
221000246,31,128,-97
221000247,113,79,34
221000248,94,53,41
221000267,60,553,-493
221000325,43,72,-29
221000331,17,34,-17
221000338,18,32,-14
221000378,274,35,239
221000381,33,20,13
222000282,10,3,7
222000296,1,16,-15
222000568,559,21,538
222000569,363,62,301
222000570,184,30,154
222000571,575,18,557
222000577,29,84,-55
222000578,35,116,-81
222000579,20,88,-68
222000580,63,530,-467
222000599,2,92,-90
222000600,2,196,-194
222000601,4,522,-518
222000603,10,43,-33
222000604,6,30,-24
222000605,12,36,-24
222000606,4,8,-4
222000607,3,13,-10
222000608,24,20,4
222000609,48,88,-40
222000616,585,16,569
222000617,4,26,-22
222000618,6,2,4
222000620,6,11,-5
222000621,28,16,12
222000623,644,8,636
222000624,439,3,436
222000625,678,15,663
222000636,100,2,98
222000686,26,31,-5
222000687,47,26,21
222001066,348,2,346
222001067,19,0,19
222001068,83,7,76
222001069,96,17,79
222001082,17,16,1
222001083,23,22,1
222001084,1,26,-25
222001085,0,177,-177
222001111,85,44,41
222001112,206,40,166
222001313,40,9,31
222001314,7,114,-107
222001464,66,48,18
222001465,11,38,-27
222001484,172,21,151
222001485,19,57,-38
222001494,748,129,619
222001495,132,115,17
222001496,499,53,446
222001497,93,200,-107
222001502,23,50,-27
222001503,164,40,124
222001504,37,211,-174
222001505,419,13,406
222001506,43,317,-274
222001507,382,16,366
222001510,802,39,763
222001511,61,199,-138
222001514,1004,210,794
222001515,202,284,-82
222001518,550,53,497
222001519,61,110,-49
222001527,192,43,149
222001528,46,95,-49
222001529,571,56,515
222001530,76,118,-42
222001533,112,170,-58
222001534,521,52,469
222001535,277,174,103
222001536,60,100,-40
222001537,377,60,317
222001538,80,321,-241
222001563,983,106,877
222001564,79,233,-154
222001568,236,221,15
222001576,0,3,-3
222001579,0,16,-16
222001583,21,85,-64
222001584,99,9,90
222001596,670,1196,-526
222001597,1966,468,1498
222001626,1,119,-118
222001650,34,280,-246
222001651,32,835,-803
222001914,267,60,207
222001915,42,119,-77
222900004,537,203,334
222900009,292,340,-48
222900019,154,256,-102
222900024,56,11,45
222900025,4,15,-11
225000001,375,106,269
225000002,672,151,521
225000003,668,58,610
225000004,400,169,231
225000005,49,23,26
225000006,0,116,-116
225000007,808,927,-119
225000010,335,22,313
225000011,336,1079,-743
225000012,230,631,-401
225000013,127,103,24
225000014,717,64,653
225000015,62,91,-29
225000021,693,138,555
225000027,186,299,-113
225000032,536,97,439
225000042,57,338,-281
225000049,57,39,18
225000050,83,10,73
225000053,5,227,-222
225000058,545,144,401
225000067,174,83,91
225000068,107,178,-71
225000069,64,298,-234
225000070,103,213,-110
225000071,27,84,-57
225000075,23,473,-450
225000076,27,83,-56
225000078,43,29,14
225000085,97,89,8
225000086,246,61,185
225000087,146,25,121
225000088,8,119,-111
225000089,115,715,-600
225000090,49,332,-283
225000091,131,57,74
225000092,31,52,-21
225000093,158,174,-16
225000094,8,117,-109
225000095,267,192,75
225000096,194,302,-108
225000098,786,226,560
225000099,430,97,333
225000100,489,86,403
225000104,63,226,-163
225000110,6,230,-224
225000111,141,613,-472
225000112,199,751,-552
225000113,200,437,-237
225000114,77,222,-145
225000115,749,449,300
225000116,524,188,336
225000117,607,209,398
225000118,1083,216,867
225000119,256,65,191
225000120,667,22,645
225000121,145,23,122
225000123,499,6,493
225000125,445,120,325
225000126,591,105,486
225000127,484,1419,-935
225000128,401,794,-393
225000132,369,22,347
225000133,179,40,139
225000134,550,135,415
225000135,53,12,41
225000136,332,1,331
225000137,271,52,219
225000138,315,92,223
225000143,18,130,-112
225000144,2,198,-196
225000145,23,32,-9
225000146,41,29,12
225000147,26,111,-85
225000148,8,126,-118
225000149,56,277,-221
225000151,24,97,-73
225000155,242,226,16
225000156,145,727,-582
225000157,241,252,-11
225000158,60,109,-49
225000171,0,96,-96
225000180,25,1,24
225000181,0,64,-64
225000182,78,5,73
225000185,2,296,-294
225000187,30,222,-192
225000191,59,6,53
225000194,0,3,-3
225000208,0,24,-24
225000209,78,9,69
225000210,3,232,-229
225000217,0,10,-10
225000218,9,1,8
225000223,1,20,-19
225000224,17,0,17
225000225,0,17,-17
225000226,13,0,13
225000227,10,31,-21
225000228,8,12,-4
225000229,0,32,-32
225000230,12,1,11
225000231,0,22,-22
225000232,125,0,125
225000241,36,0,36
225000242,0,12,-12
225000249,25,17,8
225000250,35,348,-313
225000251,403,19,384
225000254,1,2,-1
225000256,0,16,-16
225000257,1,9,-8
226000042,179,229,-50
226000043,48,184,-136
226000044,122,241,-119
226000045,57,156,-99
226000046,491,68,423
226000047,341,101,240
226000048,330,80,250
226000049,283,160,123
226000070,0,9,-9
226000071,0,37,-37
226000072,0,10,-10
226000073,0,7,-7
226000074,0,9,-9
226000084,4,22,-18
226000085,2,5,-3
226000086,3,6,-3
226000087,8,10,-2
226000088,15,44,-29
226000090,228,102,126
226000091,18,50,-32
226000092,8,37,-29
226000093,13,0,13
226000094,10,2,8
226000095,19,3,16
226000105,8,0,8
226000106,15,1,14
226000107,8,1,7
226000108,30,0,30
226000109,83,0,83
226000124,187,58,129
226000134,969,446,523
226000135,1775,474,1301
226000136,636,358,278
226000137,16,167,-151
226000138,8,84,-76
226000139,1,40,-39
226000156,175,4,171
226000157,234,5,229
226000163,86,162,-76
226000202,21,128,-107
226000231,423,19,404
226000232,31,10,21
227000033,435,47,388
227000036,508,32,476
227000037,445,21,424
227000038,158,15,143
227000084,2,49,-47
227000085,0,26,-26
227000088,45,2,43
227000089,88,0,88
227000090,27,1,26
227000091,15,0,15
227000092,21,0,21
227000093,82,0,82
227000094,8,0,8
227000130,10,104,-94
227000131,10,115,-105
227000132,6,88,-82
227000133,8,88,-80
227000134,18,158,-140
227000152,0,5,-5
227000153,1,52,-51
227000154,0,22,-22
227000155,0,8,-8
227000156,0,10,-10
227000165,3,62,-59
227000196,499,128,371
227000199,444,228,216
227000230,10,179,-169
227000232,662,8,654
227000242,46,227,-181
227000243,442,62,380
227000245,4,274,-270
227000246,115,207,-92
227000247,509,46,463
227000248,145,18,127
227000249,19,56,-37
227000250,303,137,166
227000251,65,102,-37
227000252,25,149,-124
227000253,183,12,171
227000262,477,55,422
227000266,1485,15,1470
227000267,26,668,-642
227000282,0,106,-106
227000284,735,19,716
227000286,4,27,-23
227000291,12,220,-208
227000296,155,255,-100
227000484,174,17,157
227000485,19,490,-471
227000655,245,5,240
227000656,671,32,639
227000657,86,7,79
227000704,101,7,94
229000265,14,7,7
229000266,6,0,6
229000267,12,0,12
229000268,22,1,21
229000269,22,1,21
229000274,0,20,-20
229000275,0,35,-35
229000276,0,12,-12
229000277,0,4,-4
229000278,1,2,-1
229000295,10,38,-28
229000296,4,7,-3
229000297,12,19,-7
229000298,8,105,-97
229000320,19,7,12
229000321,8,5,3
229000412,11,52,-41
229000414,8,31,-23
229000415,19,1,18
229000416,5,7,-2
229000417,1,16,-15
229000419,77,266,-189
229000440,367,63,304
229000442,28,17,11
229000443,10,6,4
229000444,2,26,-24
229000445,117,10,107
229000446,80,11,69
229000491,2,13,-11
229000492,11,54,-43
229000493,2,50,-48
229000494,74,3,71
229000495,179,2,177
229000496,76,0,76
229000507,0,56,-56
229000508,3,34,-31
229000509,0,54,-54
229000510,5,32,-27
229000511,5,58,-53
229000512,0,17,-17
229000513,0,5,-5
229000514,0,6,-6
229000517,3,8,-5
229000518,30,7,23
229000519,0,11,-11
229000520,14,25,-11
229000521,70,9,61
229000522,6,14,-8
229000523,8,3,5
229000524,7,3,4
229000527,1,0,1
229000528,1,1,0
229000529,25,0,25
229000530,87,2,85
229000531,45,0,45
229000532,22,0,22
229000533,95,0,95
229000534,53,2,51
229000564,87,0,87
229000565,31,0,31
229000566,0,7,-7
229000567,0,25,-25
229000582,82,1,81
229000583,4,3,1
229000584,1,39,-38
229000585,2,68,-66
229000718,0,2,-2
229000719,0,1,-1
229000720,0,3,-3
229000721,0,6,-6
229000722,0,8,-8
229000723,0,0,0
229000724,0,4,-4
229000725,0,0,0
229000738,2,0,2
229000739,0,0,0
229000740,1,0,1
229000741,41,0,41
229000742,12,0,12
229000743,23,0,23
229000744,2,0,2
229000745,0,0,0
229000746,16,0,16
229000847,94,1,93
229000848,28,1,27
229000849,154,2,152
229000851,90,0,90
229000854,0,6,-6
229000856,1,25,-24
229000857,0,15,-15
229000858,1,16,-15
229000919,6,35,-29
229000930,3,212,-209
229000937,65,12,53
229000966,57,42,15
229000981,10,13,-3
229000985,35,18,17
229000986,0,6,-6
229000987,1,3,-2
229000988,4,1,3
229000989,5,7,-2
229000990,1,5,-4
229000991,0,3,-3
229000992,26,6,20
229000993,191,22,169
229000998,28,45,-17
229000999,121,12,109
229001034,0,16,-16
229001035,2,2,0
229001036,12,41,-29
229001037,39,2,37
229001038,0,5,-5
229001039,0,0,0
229001040,0,43,-43
229001041,40,0,40
229001042,10,6,4
229001047,22,36,-14
229001050,53,25,28
229001168,0,23,-23
229001200,29,4,25
229001338,10,16,-6
229001394,160,6,154
229001422,142,23,119
229001423,40,65,-25
229001431,45,23,22
229001432,21,41,-20
229001444,352,123,229
229001445,32,117,-85
229001479,28,7,21
229001503,166,60,106
229001504,91,48,43
229001505,91,14,77
229001506,78,50,28
229001509,47,3,44
229001510,4,49,-45
229001545,88,6,82
229001546,4,72,-68
229001553,82,12,70
229001554,21,41,-20
229001630,59,6,53
229001631,21,10,11
229001635,0,14,-14
229001636,2,3,-1
229001658,0,73,-73
229001659,57,2,55
229001660,12,9,3
229001661,8,30,-22
229001662,19,0,19
229001663,0,22,-22
229002584,277,222,55
229002831,126,124,2
229002841,6,20,-14
229002842,15,25,-10
229002843,61,20,41
229002844,29,62,-33
229002845,17,98,-81
229002846,28,15,13
229002847,5,18,-13
229002848,10,9,1
229002849,3,80,-77
229002850,11,0,11
229002851,22,157,-135
229002852,138,14,124
229002853,136,15,121
229002854,55,82,-27
229002855,3,29,-26
229002856,18,22,-4
229002857,16,179,-163
229002858,20,5,15
229002859,17,70,-53
229002860,122,20,102
229002861,45,24,21
229002862,13,37,-24
229002863,32,7,25
229002864,38,33,5
229002865,9,10,-1
229002866,30,15,15
229002867,0,20,-20
229002868,3,8,-5
229002869,30,116,-86
229002870,62,12,50
235000066,242,38,204
235000067,59,60,-1
235000072,44,63,-19
235000073,111,227,-116
235000074,48,18,30
235000080,20,59,-39
235000081,109,74,35
235000082,212,34,178
235000083,379,25,354
235000084,76,34,42
235000085,237,39,198
235000089,8,7,1
235000092,48,81,-33
235000093,11,2,9
235000097,2,6,-4
235000098,42,5,37
235000099,22,17,5
235000116,26,13,13
235000117,357,11,346
235000133,12,545,-533
235000134,12,163,-151
235000206,6,4,2
235000207,5,3,2
235000208,2,4,-2
235000209,7,7,0
235000210,10,8,2
235000212,3,6,-3
235000213,3,7,-4
235000220,0,6,-6
235000221,78,22,56
235000238,15,116,-101
235000239,1,28,-27
235000242,322,1024,-702
235000245,429,123,306
235000246,14,51,-37
235000284,4,127,-123
235000295,73,10,63
235000305,314,27,287
235000306,335,6,329
235000307,9,3,6
235000308,24,2,22
235000309,53,0,53
235000310,42,0,42
235000311,116,83,33
235000322,0,42,-42
235000323,1,38,-37
235000324,1,14,-13
235000325,0,70,-70
235000326,5,64,-59
235000351,4,84,-80
235000352,19,61,-42
235000353,4,26,-22
235000354,16,57,-41
235000355,7,96,-89
235000356,82,5,77
235000357,58,6,52
235000358,44,7,37
235000359,15,6,9
235000360,37,8,29
235000361,47,3,44
235000381,64,71,-7
235000382,214,25,189
235000390,10,4,6
235000391,213,23,190
235000392,173,268,-95
235000393,96,131,-35
235000395,131,36,95
235000396,696,78,618
235000400,259,36,223
235000401,14,125,-111
235000405,89,133,-44
235000406,37,132,-95
235000407,35,56,-21
235000409,119,45,74
235000410,25,150,-125
235000411,1,28,-27
235000485,0,2,-2
235000486,12,0,12
235000549,128,58,70
235000550,69,117,-48
235000599,153,32,121
235000600,11,13,-2
235000601,7,13,-6
235000602,85,59,26
235000614,0,3,-3
235000648,0,16,-16
235000649,20,8,12
235000685,1,7,-6
235000815,12,158,-146
235000834,0,6,-6
235000855,66,30,36
235000862,68,85,-17
235000891,0,12,-12
235000892,100,60,40
235000901,104,44,60
235000907,4,8,-4
235001010,91,32,59
235001029,297,209,88
235001030,335,219,116
235001078,109,80,29
235001079,38,75,-37
235001147,9,46,-37
235001166,14,36,-22
235001167,55,18,37
235001169,19,301,-282
235001188,1,6,-5
235001189,1,0,1
235001197,5,16,-11
235001200,74,45,29
235001208,14,18,-4
235001209,6,70,-64
235001210,9,99,-90
235001239,4,23,-19
235001244,0,7,-7
235016267,1,51,-50
241900007,32,1,31
277101746,0,1,-1
277102712,0,0,0
277103813,0,0,0
277103814,0,0,0
277103898,0,3,-3
990011530,1,129,-128
990014944,1,232,-231
990015176,13,10,3
990015618,1,96,-95
990016032,1,224,-223
990032570,2,368,-366
990070001,88,1,87
990070103,0,6,-6
990070601,1,71,-70
990070751,1395,4,1391
990070766,1,228,-227
990071180,451,177,274
990071343,11,1,10
990071387,0,7,-7
990071823,586,4,582
990072600,3,1352,-1349
990072964,2,356,-354
990073285,0,6,-6
990074393,4,479,-475
990074870,1592,10,1582
990075106,1019,8,1011
990075746,566,6,560
990076437,1838,4,1834
990076458,2,345,-343
997000007,400,14,386
997000041,0,178,-178
997000058,45,1,44
997000062,22,0,22
997000069,0,2,-2
997000070,0,19,-19
997000100,56,0,56
997000141,13,1730,-1717
997000198,1,882,-881
998000475,0,4,-4
998000736,0,94,-94
998000965,0,15,-15
998001031,0,47,-47
998001700,0,8,-8
998001899,0,2,-2
998001900,10,0,10
998003073,1107,3,1104
998101900,0,0,0
998102850,9,288,-279
998501927,676,1067,-391
998501929,114,3,111
998501930,42,0,42
998501931,120,2,118
998501932,4,0,4
998501933,62,1,61
998501937,9,1,8
998501944,1,1,0
998501970,109,29,80
998501971,0,87,-87
998501972,300,5,295
998501973,0,27,-27
998501974,1,165,-164
998501975,140,36,104
998501976,74,1,73
998501977,0,17,-17
998501978,15,1,14
998501979,0,8,-8
998501980,75,2,73
998501981,24,2,22
998501982,0,129,-129
998502006,0,0,0
998502024,0,2,-2
998502032,0,1,-1
998502062,19,8,11
998502063,0,0,0
998502173,9,0,9
998502269,0,7,-7
998601159,14,75,-61
998601292,0,9,-9
999033574,2,126,-124
999800001,51,14,37
999800002,0,4,-4
999800003,2,1,1
999800004,0,3,-3
999800005,0,14,-14
