ID,insum,outsum,diff
100000001,532,327,205
100000002,1448,525,923
100000003,6713,1680,5033
100000004,1570,573,997
100000005,1563,1865,-302
100000006,217,71,146
100000007,817,288,529
100000008,122,538,-416
100000009,231,141,90
100000010,5,29,-24
100000011,346,43,303
100000012,15,674,-659
100000013,12,148,-136
100000014,191,291,-100
100000015,1063,773,290
100000016,902,1246,-344
100000017,578,949,-371
100000018,929,392,537
100000019,4408,1256,3152
100000020,1893,2483,-590
100000021,6690,1584,5106
100000022,1408,547,861
100000023,6456,660,5796
100000025,3293,379,2914
100000028,1779,666,1113
100000029,198,113,85
100000030,696,50,646
100000031,5533,3342,2191
100000032,2594,1970,624
100000033,606,1475,-869
100000034,892,182,710
100000035,1160,466,694
100000036,2644,755,1889
100000037,317,343,-26
100000038,852,616,236
100000039,469,118,351
100000040,125,64,61
100000041,511,286,225
100000042,421,218,203
100000043,515,145,370
100000044,408,590,-182
100000045,390,1387,-997
100000046,573,1250,-677
100000047,240,763,-523
100000048,351,631,-280
100000049,1545,2341,-796
100000051,273,1038,-765
100000053,30,10,20
100000054,112,28,84
100000055,327,194,133
100000056,112,444,-332
100000057,1275,577,698
100000058,749,1280,-531
100000059,0,105,-105
100000060,231,240,-9
100000061,1013,382,631
100000062,972,317,655
100000063,266,180,86
100000064,597,274,323
100000065,216,958,-742
100000066,152,829,-677
100000067,402,730,-328
100000068,412,1606,-1194
100000069,155,1508,-1353
100000072,350,1151,-801
100000073,908,1223,-315
100000075,315,243,72
100000076,1437,1178,259
100000077,601,76,525
100000078,89,16,73
100000079,24,17,7
100000080,16,5,11
100000081,37,17,20
100000102,1986,804,1182
100000103,2903,513,2390
100000104,4730,853,3877
100000105,4106,475,3631
100000106,2309,953,1356
100000107,521,253,268
100000108,964,933,31
100000109,3307,915,2392
100000116,1134,365,769
100000117,21,27,-6
100000118,1001,513,488
100000119,411,459,-48
100000121,105,560,-455
100000122,821,623,198
100000123,3416,3206,210
100000124,8003,4312,3691
100000125,3302,529,2773
100000126,552,169,383
100000127,1296,257,1039
100000128,1077,777,300
100000129,560,284,276
100000130,298,474,-176
100000131,4369,2081,2288
100000132,2017,1087,930
100000133,10234,2486,7748
100000135,309,368,-59
100000139,176,179,-3
100000140,201,252,-51
100000142,269,327,-58
100000143,595,659,-64
100000144,3804,851,2953
100000147,691,1459,-768
100000150,19,382,-363
100000151,462,287,175
100000153,256,245,11
100000154,82,58,24
100000155,6,12,-6
100000156,42,67,-25
100000157,45,135,-90
100000158,44,74,-30
100000159,225,312,-87
100000165,782,484,298
100000169,698,245,453
100000174,2074,267,1807
100000179,47,390,-343
100000180,1250,856,394
100000181,138,257,-119
100000188,48,286,-238
100000189,551,239,312
100000190,302,308,-6
100000191,328,281,47
100000192,72,37,35
100000193,85,120,-35
100000330,2272,401,1871
100000355,103,400,-297
100000362,4031,3106,925
100000363,1632,2477,-845
100000364,341,122,219
100000365,2619,3646,-1027
100000366,3850,2044,1806
100000367,2023,2402,-379
100000368,1837,1682,155
100000369,791,998,-207
100000370,122,191,-69
100000376,43,61,-18
100000379,2193,890,1303
100000380,3061,1184,1877
100000384,5720,1702,4018
100000385,6129,2422,3707
100000386,9490,1960,7530
100000387,7468,2484,4984
100000388,13317,2751,10566
100000389,11895,2760,9135
100000390,12510,2151,10359
100000391,7793,2893,4900
100000392,2790,909,1881
100000393,1096,919,177
100000394,5806,2104,3702
100000395,3118,673,2445
100000396,3569,1325,2244
100000397,2001,1180,821
100000398,9404,6712,2692
100900002,7,63,-56
100900003,161,81,80
100900004,33,734,-701
100900005,120,7,113
100900006,11,250,-239
100900007,470,8,462
100900008,6,467,-461
100900009,33,27,6
100900010,62,178,-116
100900011,43,329,-286
100900012,0,238,-238
100900013,299,5,294
100900014,0,29,-29
100900015,108,111,-3
100900016,0,33,-33
100900017,570,54,516
100900018,0,9,-9
100900019,27,54,-27
100900020,115,0,115
100900021,480,0,480
100900022,1,9,-8
100900023,0,12,-12
100900024,731,2,729
100900025,9,14,-5
100900026,23,162,-139
100900027,468,1774,-1306
100900028,81,116,-35
100900029,73,10,63
100900030,4,20,-16
100900031,183,74,109
100900032,101,0,101
100900033,206,77,129
100900034,271,1,270
100900035,940,1,939
100900036,9,1,8
100900037,19,319,-300
100900038,49,15,34
100900039,305,572,-267
100900040,192,919,-727
100900041,189,994,-805
100900042,318,158,160
100900043,0,13,-13
100900044,2794,308,2486
100900045,44,0,44
100900046,576,20,556
100900047,748,93,655
100900048,33,4,29
100900049,30,264,-234
100900050,9,13,-4
100900051,24,53,-29
100900052,107,18,89
100900053,154,36,118
100900054,4,102,-98
100900055,100,248,-148
100900056,67,313,-246
100900057,500,465,35
100900058,147,34,113
100900059,30,0,30
100900060,43,7,36
100900061,220,190,30
100900062,0,65,-65
100900063,119,241,-122
100900064,430,7,423
100900065,41,50,-9
100900066,24,40,-16
100900067,3,5,-2
100900068,35,158,-123
100900069,193,1,192
100900070,94,6,88
100900071,628,244,384
100900072,1,58,-57
100900073,71,591,-520
100900074,0,5,-5
100900075,2306,277,2029
100900076,56,22,34
100900077,5,117,-112
100900078,48,112,-64
100900079,0,27,-27
100900080,63,140,-77
100900081,8,48,-40
100900082,42,773,-731
100900083,3,52,-49
100900085,4,54,-50
100900086,77,386,-309
100900088,27,832,-805
100900089,1,17,-16
100900090,103,355,-252
100900091,8,26,-18
100900092,99,106,-7
100900093,41,122,-81
100900094,49,653,-604
100900095,3,21,-18
100900096,19,101,-82
100900097,0,7,-7
100900098,1,17,-16
100900099,22,495,-473
100900100,7,203,-196
100900101,352,25,327
100900102,126,25,101
100900103,10,10,0
100900104,4,132,-128
100900105,2,60,-58
100900106,71,1,70
100900107,1581,318,1263
100900108,1,7,-6
100900109,10,12,-2
100900110,6,30,-24
100900111,62,96,-34
100900112,0,3,-3
100900113,3,11,-8
100900114,0,20,-20
100900115,0,5,-5
100900116,615,235,380
100900117,177,398,-221
100900118,116,38,78
100900119,0,23,-23
100900120,0,32,-32
100900121,243,215,28
100900122,96,119,-23
100900123,60,107,-47
100900124,0,0,0
100900125,14,101,-87
100900126,40,178,-138
100900127,0,5,-5
100900128,67,112,-45
100900129,0,104,-104
100900131,33,115,-82
100900133,10,46,-36
100900134,1,3,-2
100900135,1,100,-99
100900137,266,171,95
100900138,309,231,78
100900139,0,3,-3
100900140,5,796,-791
100900141,2,220,-218
100900142,0,8,-8
100900143,847,213,634
100900144,17,8,9
100900145,11,124,-113
100900146,4,24,-20
100900147,4,154,-150
100900148,25,959,-934
100900149,21,82,-61
100900150,1,15,-14
100900151,71,518,-447
100900152,87,2,85
100900153,2,157,-155
100900154,8,11,-3
100900155,1,10,-9
100900156,18,0,18
100900157,1,112,-111
100900158,884,318,566
100900159,1,8,-7
100900160,13,17,-4
100900161,177,1,176
100900162,11,166,-155
100900163,97,135,-38
100900164,19,19,0
100900165,34,39,-5
100900166,36,1,35
100900167,15,103,-88
100900168,18,81,-63
100900169,136,1127,-991
100900170,3,2,1
100900171,22,727,-705
100900172,0,4,-4
100900173,9,590,-581
100900174,187,88,99
100900176,1086,44,1042
100900177,942,145,797
100900178,156,134,22
100900179,76,32,44
100900180,0,1,-1
100900181,82,13,69
100900182,13,6,7
100900184,4,117,-113
100900186,869,408,461
100900187,10,183,-173
100900188,78,8,70
100900189,763,128,635
100900191,1063,662,401
100900192,199,147,52
100900195,68,102,-34
100900197,9,108,-99
100900198,19,166,-147
100900199,11,13,-2
100900200,555,295,260
100900201,48,764,-716
100900202,1,0,1
100900203,0,47,-47
100900204,200,116,84
100900205,76,239,-163
100900206,41,14,27
100900207,141,53,88
100900210,46,755,-709
100900211,238,45,193
100900213,16,2,14
100900214,1162,46,1116
100900215,2,22,-20
101000001,4381,1587,2794
101000002,2980,2036,944
101000003,782,1386,-604
101000004,10234,5694,4540
101000005,5423,3923,1500
101000006,8941,5166,3775
101000007,2303,2414,-111
101000008,2906,2153,753
101000009,1078,1933,-855
101000010,548,1464,-916
101000011,1941,561,1380
101000012,1910,372,1538
101000013,433,670,-237
101000014,431,542,-111
101000015,682,706,-24
101000016,289,321,-32
101000017,351,404,-53
101000018,3564,2096,1468
101000020,3679,1055,2624
101000021,942,169,773
101000022,580,105,475
101000023,1524,590,934
101000025,98,255,-157
101000026,371,35,336
101000027,1452,1138,314
101000028,22,26,-4
101000029,14,657,-643
101000030,695,44,651
101000031,360,341,19
101000032,4313,1676,2637
101000033,2016,1280,736
101000034,2106,861,1245
101000035,983,207,776
101000036,1226,244,982
101000037,4291,712,3579
101000039,3497,680,2817
101000040,4373,1622,2751
101000041,12984,2228,10756
101000042,881,381,500
101000043,10167,1797,8370
101000045,1092,232,860
101000046,1777,662,1115
101000047,919,903,16
101000048,739,682,57
101000049,865,631,234
101000050,2646,1578,1068
101000051,3772,851,2921
101000052,1408,406,1002
101000053,894,1239,-345
101000054,1595,1765,-170
101000055,1432,665,767
101000056,51,52,-1
101000057,3123,402,2721
101000058,1965,460,1505
101000059,3527,1086,2441
101000060,1659,179,1480
101000061,1181,472,709
101000062,1089,184,905
101000063,289,218,71
101000064,841,226,615
101000065,117,194,-77
101000066,265,122,143
101000067,464,252,212
101000068,170,132,38
101000069,232,58,174
101000070,1636,643,993
101000071,1749,492,1257
101000072,904,2403,-1499
101000073,587,374,213
101000074,4160,1991,2169
101000075,6105,2453,3652
101000077,912,822,90
101000078,960,1432,-472
101000079,271,490,-219
101000080,441,430,11
101000081,859,795,64
101000082,3105,2016,1089
101000083,1236,1218,18
101000084,1203,978,225
101000085,1357,761,596
101000086,996,775,221
101000087,780,1104,-324
101000088,650,724,-74
101000089,642,1098,-456
101000090,2285,1318,967
101000091,282,1456,-1174
101000092,667,1002,-335
101000093,1252,718,534
101000094,435,1014,-579
101000095,233,756,-523
101000096,223,574,-351
101000097,479,238,241
101000098,470,477,-7
101000099,929,941,-12
101000100,794,434,360
101000101,323,358,-35
101000102,768,250,518
101000103,655,371,284
101000104,179,262,-83
101000105,844,158,686
101000106,580,469,111
101000107,61,190,-129
101000108,1362,389,973
101000109,113,40,73
101000110,22,840,-818
101000111,65,161,-96
101000113,96,597,-501
101000114,2118,1000,1118
101000115,72,72,0
101000116,54,163,-109
101000117,240,214,26
101000119,151,28,123
101000120,175,9,166
101000121,39,8,31
101000122,84,33,51
101000123,22,43,-21
101000124,158,173,-15
101000125,115,320,-205
101000128,995,361,634
101000130,283,153,130
101000131,387,602,-215
101000132,248,1437,-1189
101000135,34,12,22
101000136,193,85,108
101000137,19,94,-75
101000141,2248,1130,1118
101000147,488,384,104
101000148,2904,32,2872
101000149,30,18,12
101000150,22,1025,-1003
101000151,76,56,20
101000152,279,228,51
101000153,455,457,-2
101000154,91,1787,-1696
101000155,134,93,41
101000156,9,158,-149
101000157,45,44,1
101000160,36,57,-21
101000163,122,45,77
101000164,437,330,107
101000165,165,239,-74
101000166,233,446,-213
101000168,557,289,268
101000252,942,572,370
101000254,402,23,379
101000258,18,3,15
101000261,90,102,-12
101000262,588,825,-237
101000263,177,1250,-1073
101000265,47,500,-453
101000266,212,177,35
101000269,123,5,118
101000290,1717,1379,338
101000293,19,77,-58
101000294,374,411,-37
101000295,89,387,-298
101000301,615,148,467
101000304,1623,1784,-161
101000305,1929,1460,469
101900001,10,84,-74
101900002,0,12,-12
101900003,55,122,-67
101900004,0,26,-26
101900005,5371,902,4469
101900006,704,11,693
101900007,291,28,263
101900008,83,184,-101
101900009,60,345,-285
101900010,893,322,571
101900011,297,1064,-767
101900012,119,261,-142
101900013,1410,108,1302
101900017,19,81,-62
101900018,1512,142,1370
101900019,162,88,74
101900020,488,115,373
101900021,40,61,-21
101900022,28,1272,-1244
101900023,41,214,-173
102000001,1798,3336,-1538
102000002,2541,1092,1449
102000003,3936,3229,707
102000004,11123,2130,8993
102000005,1207,1605,-398
102000006,1704,1281,423
102000007,1176,3036,-1860
102000008,6513,1492,5021
102000009,4830,5660,-830
102000010,5887,3007,2880
102000011,1905,1989,-84
102000012,2789,2968,-179
102000018,3695,2120,1575
102000019,2566,1184,1382
102000026,200,348,-148
102000029,386,143,243
102000030,58,231,-173
102000031,19,183,-164
102000032,202,280,-78
102000033,133,354,-221
102000034,413,369,44
102000035,816,443,373
102000036,14,173,-159
102000037,119,67,52
102000038,80,80,0
102000039,78,28,50
102000040,448,88,360
102000041,154,134,20
102000042,201,76,125
102000043,243,136,107
102000044,180,407,-227
102000045,540,866,-326
102000046,672,376,296
102000047,518,1028,-510
102000048,160,625,-465
102000049,691,471,220
102000050,837,855,-18
102000051,342,522,-180
102000052,918,755,163
102000053,554,776,-222
102000054,176,580,-404
102000055,572,771,-199
102000056,490,1268,-778
102000057,1317,581,736
102000058,1043,1791,-748
102000059,1021,1178,-157
102000060,712,911,-199
102000061,840,2284,-1444
102000062,634,1172,-538
102000063,996,1358,-362
102000064,279,395,-116
102000065,18,93,-75
102000066,990,893,97
102000067,2131,2161,-30
102000068,7186,2115,5071
102000069,36,1621,-1585
102000070,1892,63,1829
102000071,5776,7714,-1938
102000072,2664,3842,-1178
102000073,1233,965,268
102000074,683,755,-72
102000075,104,223,-119
102000076,210,411,-201
102000077,215,1073,-858
102000078,513,872,-359
102000079,67,229,-162
102000080,172,176,-4
102000081,243,732,-489
102000082,555,296,259
102000083,199,568,-369
102000084,101,416,-315
102000085,1170,1153,17
102000086,858,1024,-166
102000087,473,1587,-1114
102000088,153,249,-96
102000089,737,469,268
102000090,311,969,-658
102000091,1226,381,845
102000092,431,697,-266
102000093,541,421,120
102000094,1135,353,782
102000095,805,1130,-325
102000096,1436,668,768
102000097,1648,1231,417
102000098,567,892,-325
102000099,959,445,514
102000100,1019,548,471
102000101,1453,240,1213
102000102,294,1277,-983
102000103,941,270,671
102000104,927,315,612
102000105,119,691,-572
102000106,601,846,-245
102000107,495,487,8
102000108,380,271,109
102000109,173,524,-351
102000110,289,1527,-1238
102000111,6,304,-298
102000112,137,55,82
102000113,3,34,-31
102000114,850,299,551
102000115,142,149,-7
102000116,372,237,135
102000117,288,405,-117
102000118,1623,826,797
102000119,2205,381,1824
102000120,112,377,-265
102000121,976,448,528
102000122,388,575,-187
102000123,1210,945,265
102000124,912,646,266
102000125,1006,695,311
102000126,449,506,-57
102000127,876,625,251
102000128,426,969,-543
102000129,1003,764,239
102000130,296,613,-317
102000131,2075,562,1513
102000132,719,474,245
102000133,778,2347,-1569
102000134,274,642,-368
102000135,934,549,385
102000136,1022,354,668
102000137,989,689,300
102000138,172,417,-245
102000139,69,263,-194
102000140,199,149,50
102000141,149,436,-287
102000142,106,353,-247
102000143,40,467,-427
102000144,80,456,-376
102000145,153,418,-265
102000146,257,291,-34
102000147,283,262,21
102000148,132,187,-55
102000149,99,609,-510
102000150,131,241,-110
102000151,86,391,-305
102000152,82,123,-41
102000153,730,187,543
102000154,386,588,-202
102000155,86,252,-166
102000156,367,44,323
102000157,53,124,-71
102000158,158,125,33
102000159,1779,248,1531
102000161,5012,1144,3868
102000162,194,94,100
102000163,114,376,-262
102000164,1153,719,434
102000165,170,109,61
102000166,17,56,-39
102000167,212,171,41
102000168,165,92,73
102000169,59,300,-241
102000170,648,91,557
102000171,97,67,30
102000172,43,144,-101
102000173,224,150,74
102000174,13,63,-50
102000175,82,137,-55
102000176,27,32,-5
102000178,157,632,-475
102000179,169,168,1
102000180,365,588,-223
102000181,305,675,-370
102000182,325,581,-256
102000183,900,1813,-913
102000184,843,859,-16
102000185,1367,1570,-203
102000186,567,2063,-1496
102000187,382,1832,-1450
102000188,402,1390,-988
102000189,3222,800,2422
102000190,697,2120,-1423
102000191,1271,521,750
102000192,543,875,-332
102000193,33,203,-170
102000194,57,122,-65
102000195,229,544,-315
102000196,80,671,-591
102000197,263,554,-291
102000198,131,962,-831
102000199,312,441,-129
102000200,203,1185,-982
102000201,341,539,-198
102000202,3,150,-147
102000203,113,277,-164
102000204,183,930,-747
102000205,531,676,-145
102000206,381,682,-301
102000207,446,420,26
102000208,149,509,-360
102000209,20,44,-24
102000210,131,424,-293
102000211,156,641,-485
102000212,85,17,68
102000213,0,378,-378
102000214,69,5,64
102000215,6,605,-599
102000216,17,22,-5
102000217,9,256,-247
102000218,83,40,43
102000219,293,414,-121
102000225,587,611,-24
102000226,6939,483,6456
102000227,76,1,75
102000228,1,88,-87
102000229,25,23,2
102000230,228,610,-382
102000231,162,355,-193
102000232,10,108,-98
102000233,323,519,-196
102000234,95,1355,-1260
102000236,269,50,219
102000237,294,176,118
102000238,118,279,-161
102000240,572,459,113
102000241,186,92,94
102000243,13,57,-44
102000245,8,56,-48
102000246,7,15,-8
102000247,182,799,-617
102000248,63,245,-182
102000249,74,147,-73
102000250,20,342,-322
102000254,29,509,-480
102000266,38,175,-137
102000271,15,1,14
102000286,390,277,113
102000297,1402,702,700
102000299,0,0,0
102000302,0,0,0
102000305,0,0,0
102000306,0,0,0
102000307,0,3,-3
102000308,0,5,-5
102900001,873,830,43
102900002,276,28,248
102900003,17,291,-274
102900005,160,303,-143
102900006,352,233,119
102900007,620,39,581
102900008,158,69,89
102900009,477,113,364
102900010,600,449,151
102900011,2371,289,2082
102900012,241,37,204
102900013,13,43,-30
102900015,772,222,550
102900016,42,104,-62
102900017,72,546,-474
102900018,13,133,-120
102900019,290,463,-173
102900020,56,45,11
102900021,11,100,-89
102900022,251,43,208
102900023,26,49,-23
102900024,12,64,-52
102900025,241,98,143
102900026,467,1017,-550
102900027,43,64,-21
102900028,96,286,-190
102900029,67,83,-16
102900030,276,147,129
102900031,86,167,-81
102900032,18,128,-110
102900033,77,188,-111
102900034,145,117,28
102900035,56,455,-399
102900036,118,571,-453
102900037,155,701,-546
102900038,231,641,-410
102900039,40,317,-277
102900040,132,214,-82
102900041,47,125,-78
102900042,144,279,-135
102900043,80,209,-129
102900044,406,1828,-1422
102900045,81,475,-394
102900046,65,323,-258
102900047,35,687,-652
102900048,381,778,-397
102900049,52,322,-270
102900050,202,367,-165
102900051,138,208,-70
102900052,26,21,5
102900053,263,786,-523
102900054,870,716,154
102900055,77,91,-14
102900056,135,522,-387
102900057,0,34,-34
102900058,258,53,205
102900059,5,46,-41
102900060,67,346,-279
102900061,78,449,-371
102900062,78,1435,-1357
102900063,401,327,74
102900064,134,475,-341
102900065,1528,764,764
102900066,330,29,301
102900068,48,87,-39
102900070,99,626,-527
102900072,7,33,-26
102900073,108,9,99
102900074,136,147,-11
102900075,7,38,-31
102900076,238,66,172
102900077,28,21,7
102900078,52,53,-1
102900079,195,19,176
102900080,296,31,265
102900081,45,177,-132
102900082,1,210,-209
102900083,229,6,223
102900084,6,16,-10
102900085,123,60,63
102900086,3,23,-20
102900087,50,148,-98
102900088,14,36,-22
102900089,235,135,100
102900090,0,427,-427
102900091,88,2,86
102900092,92,999,-907
102900093,127,155,-28
102900094,0,38,-38
102900095,76,3,73
102900096,12,10,2
102900097,4,115,-111
103000001,1850,2087,-237
103000002,1707,1638,69
103000003,2847,2102,745
103000004,899,619,280
103000005,1650,1633,17
103000006,376,981,-605
103000007,297,701,-404
103000008,776,1027,-251
103000009,529,739,-210
103000010,65,96,-31
103000011,1596,860,736
103000012,862,963,-101
103000013,6729,1614,5115
103000014,1259,1286,-27
103000015,2482,717,1765
103000016,441,645,-204
103000017,108,286,-178
103000018,950,322,628
103000019,130,163,-33
103000020,1526,1070,456
103000021,1056,1118,-62
103000022,750,1095,-345
103000023,302,1022,-720
103000024,96,147,-51
103000025,69,290,-221
103000026,1823,103,1720
103000027,238,307,-69
103000028,790,309,481
103000029,506,105,401
103000030,1902,461,1441
103000031,1165,1014,151
103000032,1645,1416,229
103000033,2241,1981,260
103000034,1693,922,771
103000035,361,758,-397
103000036,475,337,138
103000037,654,381,273
103000038,531,664,-133
103000039,279,413,-134
103000040,210,1246,-1036
103000041,1149,2561,-1412
103000042,535,666,-131
103000043,224,1260,-1036
103000044,113,320,-207
103000046,152,274,-122
103000047,344,757,-413
103000048,97,123,-26
103000049,75,225,-150
103000050,445,687,-242
103000051,187,471,-284
103000052,467,388,79
103000053,120,312,-192
103000054,1441,1028,413
103000055,1137,1467,-330
103000056,315,2004,-1689
103000057,277,293,-16
103000058,313,1002,-689
103000059,232,726,-494
103000060,508,714,-206
103000061,223,685,-462
103000062,847,728,119
103000063,471,573,-102
103000064,81,233,-152
103000065,8,349,-341
103000066,47,3,44
103000069,125,328,-203
103000070,508,999,-491
103000071,573,295,278
103000072,99,1084,-985
103000073,386,138,248
103000074,341,66,275
103000075,64,1041,-977
103000076,150,157,-7
103000077,19,371,-352
103000078,845,303,542
103000079,1376,384,992
103000080,852,194,658
103000081,409,551,-142
103000082,301,186,115
103000083,72,383,-311
103000084,62,6,56
103000085,0,63,-63
103000086,348,236,112
103000087,111,438,-327
103000088,207,311,-104
103000089,179,247,-68
103000090,1159,849,310
103000091,451,381,70
103000092,167,295,-128
103000093,235,536,-301
103000094,122,117,5
103000095,19,439,-420
103000096,642,98,544
103000097,34,739,-705
103000098,1007,132,875
103000099,376,749,-373
103000100,72,906,-834
103000101,450,146,304
103000102,108,717,-609
103000103,418,226,192
103000104,20,172,-152
103000105,41,88,-47
103000106,17,69,-52
103000107,223,58,165
103000108,390,469,-79
103000109,305,262,43
103000110,267,377,-110
103000111,484,340,144
103000112,248,265,-17
103000113,654,510,144
103000114,692,300,392
103000115,352,404,-52
103000116,320,405,-85
103000117,108,473,-365
103000118,1049,858,191
103000119,1896,526,1370
103000120,58,97,-39
103000121,117,449,-332
103000122,187,190,-3
103000125,9,473,-464
103000126,204,5,199
103000127,1,214,-213
103000128,61,3,58
103000129,0,149,-149
103000130,22,14,8
103000131,199,77,122
103000132,71,68,3
103000133,3,131,-128
103000134,536,503,33
103000135,963,184,779
103000136,717,277,440
103000137,553,522,31
103000138,825,509,316
103000139,0,44,-44
103000140,80,18,62
103000141,29,82,-53
103000142,124,72,52
103000143,37,210,-173
103000144,83,82,1
103000145,22,25,-3
103000150,53,48,5
103000152,181,192,-11
103000153,86,141,-55
103000156,4,511,-507
103000157,164,2,162
103000159,97,65,32
103000162,36,24,12
103000163,0,2,-2
103000164,4,11,-7
103000165,115,452,-337
103000166,86,152,-66
103000167,100,111,-11
103000168,41,191,-150
103000169,140,243,-103
103000170,354,477,-123
103000171,25,69,-44
103000172,255,953,-698
103000173,157,588,-431
103000174,97,282,-185
103000175,111,450,-339
103000176,661,194,467
103000177,685,320,365
103000178,368,270,98
103000179,62,8,54
103000183,44,42,2
103000185,29,55,-26
103000186,27,147,-120
103000187,185,569,-384
103000188,12,68,-56
103000189,695,857,-162
103000191,651,638,13
103000292,2848,645,2203
103000293,1316,899,417
103000295,78,52,26
103000296,90,0,90
103000297,49,8,41
103000504,86,11,75
103000505,7,4,3
103000506,1,174,-173
103000507,55,3,52
103000508,60,15,45
103000509,167,505,-338
103900001,2,386,-384
103900002,1662,158,1504
103900003,1912,51,1861
103900004,23,0,23
103900005,1,291,-290
103900006,0,0,0
103900007,1,0,1
103900008,2,2,0
103900009,117,252,-135
103900010,69,286,-217
103900011,85,224,-139
103900012,3,9,-6
103900013,17,82,-65
103900014,34,37,-3
103900015,23,13,10
103900016,133,294,-161
103900017,16,79,-63
103900018,473,115,358
103900019,30,102,-72
103900020,98,243,-145
103900021,827,25,802
103900022,674,494,180
103900023,75,2,73
103900024,70,646,-576
103900025,5,60,-55
103900026,4,0,4
103900027,304,281,23
103900028,11,195,-184
103900029,508,65,443
103900030,112,22,90
103900031,6,0,6
103900032,39,13,26
103900033,50,3,47
103900034,12,282,-270
103900035,33,47,-14
103900036,43,15,28
103900037,46,38,8
103900038,38,78,-40
103900039,21,432,-411
103900040,0,170,-170
103900041,10,24,-14
103900042,27,454,-427
103900043,30,104,-74
103900044,261,128,133
103900045,80,148,-68
103900047,20,43,-23
103900048,47,18,29
103900049,187,1088,-901
103900050,1,71,-70
103900051,0,29,-29
103900052,76,519,-443
103900053,29,1080,-1051
103900054,42,563,-521
103900055,286,213,73
103900056,5,42,-37
103900057,9,284,-275
103900058,71,828,-757
103900059,0,3,-3
103900060,16,244,-228
103900061,59,41,18
103900062,73,36,37
103900063,3,0,3
103900064,26,3,23
103900065,710,262,448
103900066,45,8,37
103900067,50,3,47
103900068,7,0,7
103900069,38,5,33
103900070,68,257,-189
103900071,9,177,-168
103900072,2,362,-360
103900073,7,18,-11
103900074,42,108,-66
103900075,37,55,-18
103900076,161,738,-577
103900077,68,47,21
103900078,55,106,-51
103900079,63,261,-198
103900080,3,13,-10
103900081,75,12,63
103900082,14,102,-88
103900083,2229,380,1849
103900084,64,145,-81
103900085,67,96,-29
103900086,224,237,-13
103900087,9,105,-96
103900088,256,154,102
103900089,20,182,-162
103900090,2,203,-201
103900091,724,224,500
103900092,224,412,-188
103900093,95,506,-411
103900094,5,145,-140
103900095,149,178,-29
103900096,8,419,-411
103900097,12,455,-443
103900098,115,54,61
103900099,19,304,-285
103900100,114,315,-201
103900101,44,808,-764
103900102,2,28,-26
103900104,5,37,-32
103900105,47,142,-95
103900106,0,17,-17
103900107,33,201,-168
103900108,22,398,-376
103900109,37,73,-36
103900110,178,49,129
103900111,33,796,-763
103900112,12,51,-39
103900113,112,171,-59
103900114,398,300,98
103900115,240,74,166
103900116,6691,1161,5530
103900117,239,124,115
103900119,24,31,-7
103900120,4,111,-107
103900122,40,371,-331
103900123,1211,368,843
103900124,10,13,-3
103900125,29,57,-28
103900126,231,495,-264
103900127,91,909,-818
103900128,31,227,-196
103900131,0,88,-88
103900133,734,22,712
103900134,0,0,0
103900135,3,6,-3
103900137,0,42,-42
103900138,26,440,-414
103900139,86,816,-730
103900140,2,27,-25
103900141,178,81,97
103900142,43,141,-98
103900143,20,4,16
103900144,3,43,-40
103900145,103,322,-219
103900146,170,364,-194
103900147,213,108,105
103900148,66,227,-161
103900149,64,720,-656
103900150,7144,1530,5614
103900151,42,147,-105
103900152,195,804,-609
103900153,4,0,4
103900154,1273,597,676
103900155,20,214,-194
103900156,9,160,-151
103900157,10,299,-289
103900158,18,175,-157
103900159,24,70,-46
103900160,18,18,0
103900161,51,225,-174
103900162,42,302,-260
103900163,4,327,-323
103900164,106,34,72
103900167,4,51,-47
103900168,24,119,-95
103900169,13,30,-17
103900170,3,90,-87
103900171,0,81,-81
103900172,5,21,-16
103900173,6,8,-2
103900174,40,42,-2
103900175,29,35,-6
103900176,15,12,3
103900177,0,36,-36
103900178,33,71,-38
103900179,18,190,-172
103900180,4,105,-101
103900181,46,30,16
103900182,23,10,13
103900184,543,26,517
103900185,235,76,159
103900187,69,28,41
103900188,8,19,-11
103900189,54,6,48
103900190,31,31,0
103900191,8,58,-50
103900192,33,99,-66
103900193,171,104,67
103900194,37,377,-340
103900195,0,15,-15
103900196,9,10,-1
103900197,14,22,-8
103900198,10,59,-49
103900199,57,62,-5
103900200,92,168,-76
103900201,65,190,-125
103900202,8,64,-56
103900203,10,13,-3
103900204,3,131,-128
103900207,0,152,-152
103900208,15,0,15
103900209,11,107,-96
103900210,18,33,-15
103900211,267,693,-426
103900212,36,487,-451
103900213,113,276,-163
103900214,163,60,103
103900215,589,197,392
103900216,11,958,-947
103900217,316,35,281
103900218,2,170,-168
103900219,63,300,-237
103900233,86,2,84
103900235,21,33,-12
103900236,19,2,17
103900242,0,4,-4
103900243,1,0,1
103900244,26,301,-275
103900245,58,211,-153
103900246,39,24,15
103900247,18,80,-62
103900248,2,3,-1
103900249,0,31,-31
103900250,23,16,7
103900251,0,20,-20
103900253,15,29,-14
103900254,5,13,-8
103900255,2,8,-6
103900256,8,4,4
103900257,9,38,-29
103900258,13,2,11
103900259,57,1,56
103900261,5,1,4
103900262,4,0,4
103900263,32,11,21
103900264,36,3,33
103900265,17,5,12
103900266,1,37,-36
103900267,0,39,-39
104000001,1608,2048,-440
104000002,1148,2241,-1093
104000003,2258,2114,144
104000004,3128,2182,946
104000005,692,1576,-884
104000006,2201,2656,-455
104000007,3414,3261,153
104000008,230,428,-198
104000009,69,178,-109
104000010,81,142,-61
104000011,782,418,364
104000012,94,526,-432
104000013,89,103,-14
104000014,200,734,-534
104000015,162,151,11
104000016,480,475,5
104000018,408,143,265
104000019,294,104,190
104000020,161,954,-793
104000021,251,794,-543
104000022,81,320,-239
104000023,301,252,49
104000024,141,398,-257
104000026,25,277,-252
104000027,223,466,-243
104000028,233,260,-27
104000029,337,555,-218
104000030,160,207,-47
104000031,594,260,334
104000032,157,453,-296
104000033,352,329,23
104000034,280,496,-216
104000035,500,479,21
104000036,380,729,-349
104000037,223,347,-124
104000038,253,233,20
104000039,124,410,-286
104000040,444,545,-101
104000041,276,250,26
104000042,163,398,-235
104000043,171,374,-203
104000044,160,681,-521
104000045,695,1162,-467
104000046,1356,1484,-128
104000047,491,1303,-812
104000048,1087,2081,-994
104000049,252,261,-9
104000050,104,504,-400
104000051,50,652,-602
104000052,799,1280,-481
104000053,512,568,-56
104000054,327,650,-323
104000055,3755,3013,742
104000056,1383,210,1173
104000057,73,529,-456
104000058,402,629,-227
104000059,291,1104,-813
104000060,500,940,-440
104000061,751,1351,-600
104000062,131,152,-21
104000064,596,325,271
104000065,56,283,-227
104000069,1494,532,962
104000070,45,286,-241
104000071,117,375,-258
104000072,439,144,295
104000075,39,274,-235
104000076,326,113,213
104000082,1838,2038,-200
104000083,668,194,474
104000084,85,509,-424
104000085,201,208,-7
104000086,93,433,-340
104000087,458,862,-404
104000090,485,1547,-1062
104000092,471,2957,-2486
104000094,658,2255,-1597
104000095,1176,1256,-80
104000096,725,395,330
104000097,961,1164,-203
104000098,899,1406,-507
104000100,822,737,85
104000101,720,2222,-1502
104000106,71,532,-461
104000107,509,494,15
104000108,222,624,-402
104000109,190,36,154
104000110,672,817,-145
104000111,5968,1428,4540
104000112,2860,497,2363
104000116,1,1347,-1346
104000117,56,938,-882
104000118,208,223,-15
104000119,315,196,119
104000120,172,1109,-937
104000121,161,592,-431
104000122,459,684,-225
104000123,1033,1419,-386
104000124,1960,2792,-832
104000125,5649,2518,3131
104000126,256,504,-248
104000127,1461,4026,-2565
104000128,796,473,323
104000129,47,2,45
104000130,2,178,-176
104000131,1038,555,483
104000132,633,855,-222
104000133,898,760,138
104000134,835,1176,-341
104000135,391,882,-491
104000136,894,2020,-1126
104000137,1875,254,1621
104000138,1239,342,897
104000139,10362,2786,7576
104000141,1320,1679,-359
104000142,477,1096,-619
104000143,361,902,-541
104000144,39,160,-121
104000145,319,189,130
104000146,427,601,-174
104000147,133,425,-292
104000148,162,168,-6
104000149,141,434,-293
104000150,496,326,170
104000151,292,728,-436
104000152,523,860,-337
104000153,229,338,-109
104000154,1024,778,246
104000155,214,366,-152
104000157,974,1538,-564
104000158,190,203,-13
104000159,411,276,135
104000160,1366,1189,177
104000161,155,159,-4
104000162,31,91,-60
104000165,1050,938,112
104000167,388,442,-54
104000168,361,7,354
104000169,27,35,-8
104000170,1077,288,789
104000248,148,694,-546
104000251,48,371,-323
104000272,0,0,0
104000273,0,0,0
104000274,0,0,0
104000275,0,0,0
104000279,696,565,131
104000290,29,328,-299
104000291,483,873,-390
104000293,443,633,-190
104000294,10,0,10
104000295,346,750,-404
104000296,217,754,-537
104000297,737,1245,-508
104000298,1831,763,1068
104000299,545,1216,-671
104900001,49,426,-377
104900002,25,72,-47
104900003,34,372,-338
104900004,66,404,-338
104900005,118,132,-14
104900006,93,59,34
104900007,130,233,-103
104900009,79,515,-436
104900010,7,13,-6
104900011,6,4,2
104900012,62,1,61
104900013,55,2,53
104900014,4232,344,3888
104900015,83,2,81
104900016,113,398,-285
104900017,47,169,-122
104900018,1,218,-217
104900019,274,931,-657
104900020,23,335,-312
104900021,0,385,-385
104900022,13,127,-114
104900023,1,186,-185
104900024,14,106,-92
104900025,54,339,-285
104900026,0,161,-161
104900027,189,173,16
104900028,59,112,-53
104900029,44,138,-94
104900030,233,151,82
104900031,185,211,-26
104900032,12,161,-149
104900033,47,201,-154
104900034,202,75,127
104900035,85,78,7
104900036,82,50,32
104900037,66,319,-253
104900038,646,404,242
104900039,1153,159,994
104900040,142,42,100
104900041,104,138,-34
104900042,75,379,-304
104900043,9,31,-22
104900044,218,185,33
104900045,200,40,160
104900046,47,115,-68
104900047,131,128,3
104900048,129,84,45
104900049,7,11,-4
104900050,63,101,-38
104900051,137,50,87
104900052,38,0,38
104900053,207,57,150
104900054,170,44,126
104900055,33,0,33
104900056,72,13,59
104900057,32,1,31
104900058,1080,117,963
104900059,11,37,-26
104900060,1,358,-357
104900061,214,661,-447
104900063,1,102,-101
104900064,0,95,-95
104900065,0,106,-106
104900066,1,205,-204
104900067,9,228,-219
104900068,13,242,-229
104900070,99,381,-282
104900071,5,785,-780
104900072,44,242,-198
104900073,22,306,-284
104900074,39,205,-166
104900075,32,81,-49
104900076,68,420,-352
104900077,1274,62,1212
104900078,114,797,-683
104900079,78,146,-68
104900080,27,559,-532
104900082,11,322,-311
104900085,0,189,-189
104900087,222,8,214
104900089,84,0,84
104900090,296,371,-75
104900091,422,1124,-702
104900093,161,575,-414
104900097,3547,1098,2449
104900098,32,39,-7
104900099,64,339,-275
104900100,645,202,443
104900102,23,262,-239
104900103,438,133,305
104900104,4060,1047,3013
104900106,17,137,-120
104900107,50,341,-291
104900108,11,363,-352
104900109,46,254,-208
104900110,3,38,-35
104900111,77,84,-7
104900112,153,1036,-883
104900113,426,581,-155
104900114,151,902,-751
104900115,279,545,-266
104900116,76,304,-228
104900118,7,64,-57
104900119,1,27,-26
104900120,32,71,-39
104900121,1,123,-122
104900122,2,117,-115
104900123,15,3,12
104900124,19,0,19
104900125,439,8,431
104900126,70,37,33
104900127,17,28,-11
104900128,60,195,-135
104900129,3225,769,2456
105000001,1924,1612,312
105000002,1353,1676,-323
105000003,2045,3693,-1648
105000004,443,1000,-557
105000005,515,1093,-578
105000006,720,1246,-526
105000007,676,912,-236
105000008,638,1212,-574
105000009,952,2102,-1150
105000010,2942,2362,580
105000011,1527,1646,-119
105000012,3873,3059,814
105000013,456,737,-281
105000014,818,1448,-630
105000015,7632,4754,2878
105000016,3519,1872,1647
105000017,1426,949,477
105000018,1141,683,458
105000019,1284,845,439
105000020,176,239,-63
105000021,197,97,100
105000022,115,21,94
105000023,304,206,98
105000028,43,140,-97
105000029,231,704,-473
105000030,3465,3520,-55
105000033,718,2001,-1283
105000034,115,457,-342
105000037,604,531,73
105000038,1321,932,389
105000039,3225,1785,1440
105000040,555,575,-20
105000041,709,1291,-582
105000042,2000,893,1107
105000043,1948,2388,-440
105000044,366,388,-22
105000045,396,1207,-811
105000046,415,404,11
105000047,382,1272,-890
105000048,362,179,183
105000049,176,722,-546
105000050,270,315,-45
105000051,164,381,-217
105000052,318,804,-486
105000053,102,138,-36
105000054,144,920,-776
105000055,245,395,-150
105000056,600,2439,-1839
105000057,819,1049,-230
105000058,1118,1454,-336
105000059,480,421,59
105000060,355,606,-251
105000061,277,360,-83
105000062,624,1021,-397
105000063,246,665,-419
105000064,577,641,-64
105000065,311,1012,-701
105000066,868,2167,-1299
105000067,708,476,232
105000068,337,906,-569
105000069,2729,563,2166
105000070,734,751,-17
105000071,148,361,-213
105000072,436,680,-244
105000073,491,496,-5
105000074,690,926,-236
105000075,340,801,-461
105000076,1029,986,43
105000077,1541,591,950
105000078,1231,970,261
105000079,1579,1453,126
105000080,1633,1045,588
105000081,954,569,385
105000082,385,376,9
105000083,984,667,317
105000084,358,1045,-687
105000085,968,916,52
105000086,498,687,-189
105000087,2057,1617,440
105000088,1167,1096,71
105000089,2691,1965,726
105000090,941,798,143
105000091,1748,1614,134
105000092,619,1137,-518
105000093,249,149,100
105000094,220,194,26
105000095,45,326,-281
105000096,747,551,196
105000097,935,562,373
105000098,480,420,60
105000099,655,952,-297
105000100,697,881,-184
105000101,1162,1846,-684
105000102,1006,1218,-212
105000103,1013,2083,-1070
105000104,1006,822,184
105000105,725,1766,-1041
105000106,878,1635,-757
105000107,668,1118,-450
105000108,802,1983,-1181
105000109,1001,1666,-665
105000110,471,878,-407
105000111,307,455,-148
105000112,699,864,-165
105000113,320,367,-47
105000114,3436,857,2579
105000115,231,507,-276
105000116,343,465,-122
105000117,563,1176,-613
105000118,199,346,-147
105000119,414,1418,-1004
105000120,482,630,-148
105000121,651,1194,-543
105000122,188,335,-147
105000123,880,1510,-630
105000124,1030,953,77
105000125,524,1719,-1195
105000126,1283,2044,-761
105000127,1685,1858,-173
105000128,190,1184,-994
105000129,376,258,118
105000130,88,708,-620
105000131,600,334,266
105000132,486,345,141
105000133,226,1060,-834
105000134,314,461,-147
105000135,279,631,-352
105000136,28,131,-103
105000137,226,254,-28
105000138,33,140,-107
105000139,771,864,-93
105000140,122,380,-258
105000141,157,602,-445
105000142,59,436,-377
105000143,200,520,-320
105000144,198,646,-448
105000145,305,462,-157
105000146,418,613,-195
105000147,321,292,29
105000148,938,500,438
105000149,1377,1280,97
105000150,2231,1113,1118
105000151,178,314,-136
105000152,116,620,-504
105000153,344,330,14
105000154,673,816,-143
105000155,175,496,-321
105000156,953,778,175
105000157,1147,1952,-805
105000158,1584,677,907
105000159,288,1358,-1070
105000160,1050,528,522
105000161,519,1873,-1354
105000162,383,1092,-709
105000163,1125,1238,-113
105000164,225,310,-85
105000165,1547,2743,-1196
105000166,7680,275,7405
105000167,2950,1005,1945
105000168,146,878,-732
105000169,231,452,-221
105000170,81,1072,-991
105000171,891,289,602
105000172,21,78,-57
105000173,33,13,20
105000174,28,30,-2
105000175,117,141,-24
105000176,115,56,59
105000177,58,118,-60
105000178,127,761,-634
105000179,99,82,17
105000180,58,101,-43
105000181,51,498,-447
105000182,9,35,-26
105000183,2685,1145,1540
105000184,1138,583,555
105000185,1093,563,530
105000186,339,778,-439
105000187,423,276,147
105000188,280,87,193
105000189,182,534,-352
105000190,151,288,-137
105000191,211,404,-193
105000192,81,92,-11
105000193,64,168,-104
105000194,131,102,29
105000195,206,1245,-1039
105000196,14,64,-50
105000197,184,768,-584
105000198,452,259,193
105000199,181,151,30
105000200,89,182,-93
105000201,66,24,42
105000203,6,234,-228
105000204,49,65,-16
105000205,50,229,-179
105000207,739,235,504
105000208,287,317,-30
105000209,133,324,-191
105000212,801,1532,-731
105000213,241,115,126
105000214,46,248,-202
105000215,140,275,-135
105000216,40,382,-342
105000217,133,307,-174
105000218,481,947,-466
105000221,106,274,-168
105000222,48,41,7
105000223,89,169,-80
105000226,22,455,-433
105000227,24,259,-235
105000228,142,642,-500
105000229,41,151,-110
105000231,117,195,-78
105000233,453,434,19
105000234,455,1163,-708
105000235,223,399,-176
105000237,465,30,435
105000243,19,244,-225
105000248,50,43,7
105000262,154,1984,-1830
105000269,77,212,-135
105000270,232,86,146
105000271,0,267,-267
105000282,101,41,60
105000287,252,125,127
105000288,292,353,-61
105000289,731,634,97
105000290,11,4,7
105000402,5287,1588,3699
105000426,250,382,-132
105000438,638,496,142
105000446,13344,4540,8804
105000447,8063,2617,5446
105000454,107,535,-428
105000455,145,190,-45
105000474,15,0,15
105000477,167,294,-127
105000478,972,1538,-566
105000479,70,139,-69
105000480,1463,1567,-104
105000481,1812,1636,176
105000482,3825,2399,1426
105000483,793,978,-185
105000484,2147,2220,-73
105000485,871,1101,-230
105000486,2800,1939,861
105000488,2451,2603,-152
105000489,423,647,-224
105000549,12,119,-107
105000550,351,1050,-699
105000551,13,81,-68
105000552,2698,1803,895
105900001,7,744,-737
105900002,1451,198,1253
105900003,5,108,-103
105900004,300,108,192
105900005,1,209,-208
105900006,7,19,-12
105900007,48,8,40
105900008,35,767,-732
105900009,9,7,2
105900011,74,33,41
105900012,224,115,109
105900013,1,14,-13
105900014,4,129,-125
105900015,77,269,-192
105900016,163,885,-722
105900017,504,62,442
105900018,142,230,-88
105900019,77,563,-486
105900020,17,70,-53
105900021,19,351,-332
105900022,210,324,-114
105900023,3,109,-106
105900024,7,129,-122
105900025,37,45,-8
105900026,211,28,183
105900027,4489,3036,1453
105900028,31,146,-115
105900029,1935,353,1582
105900030,137,262,-125
105900031,372,141,231
105900032,52,120,-68
105900033,77,95,-18
105900034,127,222,-95
105900035,225,153,72
105900036,22,109,-87
105900037,60,64,-4
105900038,101,233,-132
105900039,35,134,-99
105900040,51,84,-33
105900041,113,409,-296
105900042,22,85,-63
105900043,1745,108,1637
105900044,0,166,-166
105900045,3,546,-543
105900046,2,148,-146
105900047,32,18,14
105900048,46,426,-380
105900050,1941,647,1294
105900051,0,1176,-1176
105900052,265,49,216
105900053,3697,956,2741
105900054,217,247,-30
105900056,854,169,685
105900057,13,132,-119
105900058,8,41,-33
105900059,0,38,-38
106000001,3923,1196,2727
106000002,3128,3827,-699
106000003,2218,2096,122
106000004,2021,2115,-94
106000005,1905,4480,-2575
106000006,5753,4534,1219
106000007,324,492,-168
106000008,490,297,193
106000009,373,336,37
106000010,535,532,3
106000011,508,887,-379
106000012,586,1566,-980
106000013,1189,1712,-523
106000014,1873,1940,-67
106000015,887,1059,-172
106000016,1002,2383,-1381
106000017,569,589,-20
106000018,483,645,-162
106000019,243,363,-120
106000020,194,392,-198
106000021,215,462,-247
106000022,253,356,-103
106000023,397,352,45
106000024,478,842,-364
106000025,69,167,-98
106000026,203,258,-55
106000027,599,1131,-532
106000028,477,794,-317
106000029,696,1533,-837
106000030,1016,301,715
106000034,165,476,-311
106000035,609,872,-263
106000036,406,340,66
106000037,1488,1453,35
106000038,520,75,445
106000039,176,39,137
106000040,157,579,-422
106000041,730,250,480
106000043,397,74,323
106000046,188,26,162
106000047,26,294,-268
106000049,295,113,182
106000050,195,804,-609
106000051,321,317,4
106000052,61,715,-654
106000053,134,90,44
106000054,323,459,-136
106000055,521,694,-173
106000056,252,475,-223
106000057,154,177,-23
106000058,113,198,-85
106000059,170,231,-61
106000060,517,541,-24
106000061,165,389,-224
106000062,104,592,-488
106000063,334,373,-39
106000064,25,431,-406
106000065,166,138,28
106000066,74,362,-288
106000067,178,79,99
106000068,33,595,-562
106000069,101,81,20
106000070,245,809,-564
106000071,560,269,291
106000072,4391,1234,3157
106000073,1615,1768,-153
106000074,175,579,-404
106000075,196,939,-743
106000076,927,1540,-613
106000077,2819,1179,1640
106000078,560,869,-309
106000079,421,994,-573
106000080,859,837,22
106000081,392,1065,-673
106000082,2202,1032,1170
106000083,223,1117,-894
106000084,850,630,220
106000085,1233,1018,215
106000086,512,556,-44
106000087,665,609,56
106000088,352,704,-352
106000089,599,475,124
106000090,192,583,-391
106000091,207,658,-451
106000092,427,207,220
106000093,175,59,116
106000094,72,326,-254
106000095,310,973,-663
106000096,471,640,-169
106000097,441,1356,-915
106000098,330,841,-511
106000099,117,878,-761
106000100,487,251,236
106000101,442,254,188
106000102,101,490,-389
106000103,179,541,-362
106000104,391,410,-19
106000105,298,919,-621
106000106,306,412,-106
106000107,61,412,-351
106000108,114,281,-167
106000109,48,360,-312
106000110,88,270,-182
106000111,80,557,-477
106000112,96,337,-241
106000113,850,624,226
106000114,347,419,-72
106000115,119,494,-375
106000116,79,217,-138
106000117,757,763,-6
106000118,849,909,-60
106000119,2489,1107,1382
106000120,656,709,-53
106000121,70,141,-71
106000122,34,305,-271
106000123,115,248,-133
106000124,19,374,-355
106000125,12,349,-337
106000126,91,212,-121
106000127,343,879,-536
106000128,314,319,-5
106000129,279,727,-448
106000130,375,384,-9
106000131,73,584,-511
106000132,792,136,656
106000133,3481,825,2656
106000134,737,544,193
106000135,192,775,-583
106000136,357,375,-18
106000137,48,1483,-1435
106000138,409,49,360
106000139,27,97,-70
106000140,23,111,-88
106000141,38,144,-106
106000142,52,64,-12
106000143,11,135,-124
106000144,21,70,-49
106000145,122,406,-284
106000146,133,218,-85
106000147,308,448,-140
106000148,518,807,-289
106000149,319,350,-31
106000150,330,1489,-1159
106000151,4336,713,3623
106000152,1580,971,609
106000153,67,1036,-969
106000154,1381,205,1176
106000155,36,140,-104
106000156,486,371,115
106000157,572,1802,-1230
106000158,2867,678,2189
106000159,4493,1218,3275
106000160,143,1599,-1456
106000161,1240,534,706
106000162,90,649,-559
106000163,142,571,-429
106000164,156,291,-135
106000165,168,753,-585
106000166,345,325,20
106000167,194,1519,-1325
106000168,176,285,-109
106000169,109,937,-828
106000170,266,237,29
106000171,60,949,-889
106000172,2056,763,1293
106000173,727,2483,-1756
106000174,880,245,635
106000175,282,1005,-723
106000176,744,576,168
106000177,485,2367,-1882
106000178,2447,1178,1269
106000179,1003,2203,-1200
106000180,713,1806,-1093
106000181,352,2173,-1821
106000182,429,596,-167
106000183,502,1046,-544
106000184,710,1027,-317
106000185,374,981,-607
106000186,723,153,570
106000187,211,691,-480
106000188,0,1,-1
106000189,1,45,-44
106000190,5,2,3
106000191,439,147,292
106000192,0,35,-35
106000193,184,130,54
106000194,82,284,-202
106000195,736,98,638
106000196,192,360,-168
106000197,173,251,-78
106000198,98,327,-229
106000199,716,381,335
106000200,425,143,282
106000201,394,931,-537
106000202,6660,591,6069
106000203,155,140,15
106000204,14,4,10
106000205,5,119,-114
106000206,35,12,23
106000207,32,843,-811
106000208,428,79,349
106000209,893,206,687
106000210,222,1317,-1095
106000211,278,1503,-1225
106000212,388,166,222
106000213,709,1060,-351
106000214,2447,410,2037
106000215,142,387,-245
106000216,195,317,-122
106000217,205,377,-172
106000218,317,276,41
106000219,73,225,-152
106000220,306,236,70
106000221,74,315,-241
106000222,19,160,-141
106000223,35,146,-111
106000224,135,409,-274
106000225,29,57,-28
106000226,121,350,-229
106000228,39,138,-99
106000229,58,795,-737
106000231,311,120,191
106000232,61,425,-364
106000233,237,94,143
106000234,27,221,-194
106000235,96,58,38
106000236,78,50,28
106000237,0,8,-8
106000238,0,4,-4
106000239,5,55,-50
106000240,44,4,40
106000241,10,665,-655
106000242,121,17,104
106000249,69,84,-15
106000250,30,440,-410
106000251,20,25,-5
106000252,12,105,-93
106000253,15,37,-22
106000254,45,63,-18
106000255,7,77,-70
106000256,82,115,-33
106000257,67,327,-260
106000258,54,6,48
106000259,2,18,-16
106000260,9,3,6
106000261,1,58,-57
106000262,33,23,10
106000263,0,70,-70
106000264,165,3,162
106000265,13,111,-98
106000266,85,4,81
106000267,6,97,-91
106000268,402,12,390
106000269,55,50,5
106000270,99,357,-258
106000271,26,177,-151
106000272,48,38,10
106000273,2,170,-168
106000274,144,25,119
106000275,85,156,-71
106000276,125,66,59
106000277,118,137,-19
106000278,150,50,100
106000279,2,54,-52
106000280,28,147,-119
106000281,49,56,-7
106000282,43,55,-12
106000283,73,80,-7
106000284,33,132,-99
106000285,76,128,-52
106000286,50,131,-81
106000287,77,64,13
106000288,57,169,-112
106000289,54,77,-23
106000290,40,108,-68
106000291,59,105,-46
106000292,47,146,-99
106000293,60,70,-10
106000294,98,148,-50
106000295,41,36,5
106000296,45,152,-107
106000297,45,202,-157
106000298,131,77,54
106000299,49,120,-71
106000300,46,99,-53
106000301,58,66,-8
106000303,15,51,-36
106000304,27,44,-17
106000305,21,22,-1
106000306,52,58,-6
106000307,32,3,29
106000308,24,185,-161
106000309,16,77,-61
106000310,153,616,-463
106000311,174,103,71
106000312,50,194,-144
106000313,65,202,-137
106000318,173,172,1
106000319,371,50,321
106000320,0,36,-36
106000321,221,52,169
106000322,53,237,-184
106000324,16,190,-174
106000325,787,836,-49
106000326,742,1905,-1163
106000327,67,177,-110
106000328,5,93,-88
106000329,11,243,-232
106000330,19,37,-18
106000428,33,186,-153
106000429,60,495,-435
106000430,302,1397,-1095
106000431,807,266,541
106000432,1236,2436,-1200
106000433,1167,639,528
106000434,2371,758,1613
106000435,1992,2313,-321
106000436,21,290,-269
106000437,159,53,106
106000438,198,106,92
106000439,57,653,-596
106000440,108,414,-306
106000441,0,1,-1
106000442,99,2,97
106000443,50,569,-519
106000450,5,227,-222
106000451,30,13,17
106000454,2,44,-42
106000455,15,145,-130
106000456,90,21,69
106000457,2,1257,-1255
106000458,222,158,64
106000459,30,345,-315
106000460,408,29,379
106000461,31,1929,-1898
106000462,0,5,-5
106000463,2,36,-34
106000464,0,570,-570
106000465,141,0,141
106000466,1,838,-837
106000467,437,536,-99
106000468,46,114,-68
106000469,222,5,217
106000470,184,1127,-943
106000471,17,632,-615
106000472,50,5,45
106000473,13,22,-9
106000474,130,635,-505
106000475,135,120,15
106000476,127,110,17
106000477,11,58,-47
106900001,0,14,-14
106900002,3,595,-592
106900003,165,771,-606
106900004,0,93,-93
106900006,0,20,-20
106900007,0,23,-23
106900008,103,301,-198
106900009,143,430,-287
106900010,152,318,-166
106900012,1882,1013,869
106900013,227,58,169
106900014,20,0,20
106900015,11,0,11
106900016,75,0,75
106900017,0,0,0
106900018,0,0,0
106900019,13,4,9
106900020,2716,612,2104
106900021,16,18,-2
106900022,255,4,251
106900023,5,279,-274
106900024,200,17,183
106900025,40,624,-584
106900026,3,821,-818
106900027,232,5,227
107000001,1503,1215,288
107000002,2539,3182,-643
107000003,3095,3964,-869
107000004,4850,5849,-999
107000005,1346,3073,-1727
107000006,2864,6521,-3657
107000007,3969,4491,-522
107000008,18537,11211,7326
107000009,3523,3771,-248
107000010,9634,11907,-2273
107000011,1019,1134,-115
107000012,4112,3711,401
107000013,23,159,-136
107000014,11,256,-245
107000015,230,805,-575
107000016,329,1162,-833
107000017,2056,675,1381
107000018,6,194,-188
107000020,1190,273,917
107000021,880,627,253
107000022,696,1156,-460
107000023,1273,252,1021
107000024,309,1885,-1576
107000025,77,326,-249
107000026,82,720,-638
107000027,892,753,139
107000028,1132,1626,-494
107000029,1175,1311,-136
107000030,2865,3179,-314
107000031,1902,1460,442
107000032,241,933,-692
107000033,3468,3874,-406
107000034,4578,2007,2571
107000035,234,152,82
107000036,275,796,-521
107000037,34,492,-458
107000038,166,257,-91
107000039,456,470,-14
107000040,155,327,-172
107000041,1100,513,587
107000042,599,1596,-997
107000043,2631,799,1832
107000044,577,367,210
107000045,41,224,-183
107000046,343,274,69
107000047,238,695,-457
107000048,377,303,74
107000049,388,621,-233
107000050,647,407,240
107000051,411,274,137
107000052,944,513,431
107000053,241,96,145
107000054,59,196,-137
107000055,62,52,10
107000056,366,780,-414
107000057,1329,162,1167
107000058,1312,1635,-323
107000059,2272,2674,-402
107000060,2458,3835,-1377
107000061,4934,3547,1387
107000062,2004,2383,-379
107000063,3414,5968,-2554
107000064,1885,1700,185
107000065,2582,5141,-2559
107000066,1142,1600,-458
107000067,481,798,-317
107000068,1172,530,642
107000069,402,321,81
107000070,259,4,255
107000071,1209,54,1155
107000072,32,3844,-3812
107000073,225,129,96
107000074,116,963,-847
107000075,791,252,539
107000076,672,1730,-1058
107000077,1451,490,961
107000078,1562,3285,-1723
107000079,1250,459,791
107000080,986,3288,-2302
107000081,665,382,283
107000082,368,2729,-2361
107000083,666,232,434
107000084,446,2584,-2138
107000085,2278,2477,-199
107000086,3098,2453,645
107000087,1955,1607,348
107000088,2295,2835,-540
107000089,992,1438,-446
107000090,723,1035,-312
107000091,609,853,-244
107000092,536,1094,-558
107000093,560,696,-136
107000094,708,1385,-677
107000095,299,374,-75
107000096,415,864,-449
107000097,233,131,102
107000098,326,456,-130
107000099,353,281,72
107000100,303,174,129
107000101,68,111,-43
107000102,252,270,-18
107000103,207,140,67
107000104,165,290,-125
107000105,258,90,168
107000106,120,298,-178
107000107,219,159,60
107000108,83,715,-632
107000109,201,104,97
107000110,30,504,-474
107000111,79,15,64
107000112,20,420,-400
107000113,200,87,113
107000114,71,645,-574
107000115,182,49,133
107000116,65,969,-904
107000117,85,150,-65
107000118,146,270,-124
107000119,1457,710,747
107000120,1976,320,1656
107000121,429,641,-212
107000122,771,887,-116
107000123,197,580,-383
107000124,302,942,-640
107000125,227,509,-282
107000126,280,723,-443
107000127,16,329,-313
107000129,83,112,-29
107000130,74,159,-85
107000131,270,298,-28
107000132,297,298,-1
107000133,801,140,661
107000134,296,1,295
107000135,0,222,-222
107000136,526,2,524
107000137,10,281,-271
107000138,231,15,216
107000139,8,282,-274
107000140,673,40,633
107000141,60,786,-726
107000142,156,39,117
107000143,25,971,-946
107000144,232,259,-27
107000145,90,538,-448
107000146,112,213,-101
107000147,2534,590,1944
107000150,902,1257,-355
107000151,49,36,13
107000152,458,333,125
107000153,318,263,55
107000154,146,65,81
107000155,318,11,307
107000156,706,9,697
107000157,19,2507,-2488
107000158,165,15,150
107000159,33,988,-955
107000160,376,66,310
107000161,84,2132,-2048
107000162,124,140,-16
107000163,22,0,22
107000164,110,0,110
107000165,269,0,269
107000166,66,1569,-1503
107000167,232,219,13
107000168,376,197,179
107000169,824,1039,-215
107000170,674,416,258
107000171,469,3074,-2605
107000172,466,532,-66
107000173,662,1372,-710
107000174,805,1665,-860
107000175,11206,1742,9464
107000176,0,0,0
107000177,5,1,4
107000178,7,71,-64
107000179,180,3247,-3067
107000180,527,383,144
107000181,251,1368,-1117
107000182,728,911,-183
107000183,77,1076,-999
107000184,344,727,-383
107000185,324,1380,-1056
107000186,595,316,279
107000187,781,1177,-396
107000188,391,387,4
107000189,266,824,-558
107000190,279,716,-437
107000191,345,831,-486
107000192,1052,988,64
107000193,252,333,-81
107000194,831,847,-16
107000197,418,222,196
107000198,181,646,-465
107000199,479,827,-348
107000200,932,485,447
107000201,222,233,-11
107000202,130,377,-247
107000203,468,401,67
107000204,612,584,28
107000205,2335,956,1379
107000206,672,785,-113
107000207,669,933,-264
107000208,1346,316,1030
107000209,2606,525,2081
107000210,1685,280,1405
107000211,8,14,-6
107000212,12,216,-204
107000213,19,20,-1
107000214,3,117,-114
107000215,225,439,-214
107000216,113,446,-333
107000217,62,148,-86
107000219,39,171,-132
107000220,51,360,-309
107000222,200,679,-479
107000224,169,28,141
107000225,143,759,-616
107000226,175,57,118
107000227,79,549,-470
107000228,94,117,-23
107000229,183,85,98
107000230,805,438,367
107000231,756,421,335
107000232,34,39,-5
107000233,640,246,394
107000234,0,10,-10
107000235,36,5,31
107000236,16,463,-447
107000237,2,0,2
107000238,58,2,56
107000239,4868,391,4477
107000240,44,1120,-1076
107000241,123,20,103
107000242,629,45,584
107000243,0,44,-44
107000244,15,78,-63
107000246,6,1213,-1207
107000249,2,974,-972
107000251,0,318,-318
107000252,3,1387,-1384
107000255,675,99,576
107000257,1,573,-572
107000258,1,172,-171
107000259,7,296,-289
107000260,191,2,189
107000262,12,983,-971
107000263,102,0,102
107000266,11,2,9
107000267,44,164,-120
107000268,95,194,-99
107000269,180,37,143
107000270,0,4,-4
107000271,4,1055,-1051
107000272,6,197,-191
107000273,2,187,-185
107000274,644,226,418
107000275,24,645,-621
107000280,224,23,201
107000281,16,1013,-997
107000282,19,1529,-1510
107000290,2,31,-29
107000291,6,5,1
107000292,0,22,-22
107000293,28,3,25
107000294,0,41,-41
107000295,27,1,26
107000296,0,9,-9
107000444,106,0,106
107000496,0,25,-25
107000497,1195,3423,-2228
107000500,290,317,-27
107000501,60,149,-89
107000502,149,389,-240
107000505,468,739,-271
107000506,0,20,-20
107000508,7,718,-711
107000509,119,664,-545
107000510,11,17,-6
107000514,9,227,-218
107000515,14,343,-329
107000516,128,146,-18
107000518,449,334,115
107000519,3634,984,2650
107000520,28,8,20
107900001,60,314,-254
107900002,24,3,21
107900003,148,4,144
107900004,22,0,22
107900005,271,1,270
107900006,74,0,74
107900007,150,10,140
107900008,13,45,-32
107900009,58,4,54
107900010,4,1,3
107900012,154,12,142
107900013,183,112,71
107900014,13,4,9
107900015,264,4,260
107900016,516,111,405
107900017,9,1,8
107900018,38,51,-13
107900019,7,98,-91
107900020,43,3,40
107900021,18,190,-172
107900023,0,2,-2
107900024,0,36,-36
107900025,173,368,-195
107900026,20,120,-100
107900027,24,44,-20
107900028,23,97,-74
107900030,129,6,123
107900031,31,231,-200
107900032,2,4,-2
107900033,11,5,6
107900034,151,13,138
107900035,405,15,390
107900036,48,9,39
107900037,0,46,-46
107900038,143,103,40
107900039,4,41,-37
107900040,14,18,-4
107900041,0,0,0
107900043,32,145,-113
107900044,6,7,-1
107900045,15,27,-12
107900046,38,44,-6
107900047,4,87,-83
107900048,70,0,70
107900049,239,352,-113
107900050,44,361,-317
107900051,32,87,-55
107900052,17,9,8
107900053,8,85,-77
107900055,506,156,350
107900056,46,19,27
107900057,2,0,2
107900058,29,802,-773
107900060,7,38,-31
107900061,11,1,10
107900063,90,78,12
107900064,307,31,276
107900065,76,9,67
107900066,1,4,-3
107900067,0,0,0
107900068,86,290,-204
107900069,19,530,-511
107900070,45,17,28
107900071,8,1047,-1039
107900072,42,258,-216
107900073,26,111,-85
107900074,936,103,833
107900076,55,79,-24
107900077,23,0,23
107900078,179,13,166
107900079,7,11,-4
107900080,63,161,-98
107900081,8,70,-62
107900082,11,15,-4
107900083,128,93,35
107900084,61,109,-48
107900086,10,48,-38
107900087,407,48,359
107900088,6,22,-16
107900089,253,973,-720
107900090,308,786,-478
107900091,149,543,-394
107900092,2034,470,1564
107900093,29,36,-7
107900095,2707,910,1797
107900097,20,56,-36
107900098,45,137,-92
107900100,1038,526,512
107900101,1167,140,1027
107900102,25,5,20
107900103,22,148,-126
107900104,91,4,87
107900105,1,504,-503
107900106,5,1669,-1664
107900107,1488,193,1295
107900108,278,65,213
107900109,432,4,428
107900110,12,75,-63
107900111,7,1399,-1392
107900112,155,242,-87
107900113,33,101,-68
107900114,48,238,-190
107900115,1,73,-72
107900116,46,206,-160
107900117,201,387,-186
107900118,76,144,-68
107900119,12,55,-43
107900120,23,21,2
107900121,2,97,-95
107900122,0,43,-43
107900123,1,17,-16
107900124,4,36,-32
107900125,27,188,-161
107900126,1,23,-22
107900127,490,49,441
107900128,110,53,57
107900129,17,33,-16
107900130,22,21,1
107900131,242,27,215
107900132,76,484,-408
107900133,1,63,-62
107900134,16,13,3
107900135,4,168,-164
107900136,57,12,45
107900137,70,67,3
107900138,6,20,-14
107900139,9,16,-7
107900140,83,101,-18
107900141,45,13,32
107900142,35,1172,-1137
107900143,18,54,-36
107900144,1,144,-143
107900145,10,125,-115
107900146,17,103,-86
107900147,28,11,17
107900148,101,178,-77
107900149,1749,120,1629
107900150,55,758,-703
107900151,11,100,-89
107900152,19,316,-297
107900153,111,133,-22
107900154,17,2,15
107900155,22,21,1
107900156,1,395,-394
107900157,31,59,-28
107900158,236,9,227
107900159,31,1148,-1117
107900160,25,197,-172
107900161,10,241,-231
107900162,5,242,-237
107900163,23,17,6
107900164,0,14,-14
107900165,7,42,-35
107900166,8,328,-320
107900167,16,6,10
107900168,12,32,-20
107900169,0,160,-160
107900171,6,1761,-1755
107900172,0,375,-375
107900173,8,233,-225
107900174,27,7,20
107900175,5,6,-1
107900176,8,35,-27
107900177,0,271,-271
107900178,1,246,-245
107900179,7,130,-123
107900180,1049,157,892
107900181,346,364,-18
107900182,3,1565,-1562
107900183,4,411,-407
107900184,26,242,-216
107900185,28,3,25
107900186,9,32,-23
107900187,0,138,-138
107900188,739,70,669
107900189,11,92,-81
107900190,72,43,29
107900191,21,150,-129
107900193,6,27,-21
107900194,186,5,181
107900195,4334,487,3847
107900196,20,51,-31
107900197,376,47,329
107900199,0,1063,-1063
107900201,55,128,-73
107900203,12,72,-60
107900204,175,254,-79
107900205,142,434,-292
107900206,235,158,77
107900207,2,615,-613
107900208,2,804,-802
107900209,352,92,260
107900210,73,106,-33
107900213,481,441,40
107900214,3,143,-140
107900215,153,263,-110
107900216,64,44,20
107900217,15,43,-28
107900218,12,1514,-1502
107900219,8,155,-147
107900220,182,76,106
107900221,177,191,-14
107900223,34,610,-576
107900224,165,290,-125
107900225,6,910,-904
107900226,35,123,-88
107900227,77,477,-400
107900228,5,111,-106
107900229,3,341,-338
107900230,5,172,-167
107900231,5,179,-174
107900232,16,245,-229
107900233,4,161,-157
107900234,40,161,-121
107900235,29,101,-72
107900236,36,100,-64
107900237,121,543,-422
107900238,1,112,-111
107900239,1217,308,909
107900240,6,167,-161
107900241,6,136,-130
107900242,13,442,-429
107900243,1,39,-38
107900244,131,17,114
107900245,128,22,106
107900246,40,3,37
107900248,111,616,-505
107900249,197,2,195
107900250,0,600,-600
107900251,43,1239,-1196
107900252,272,10,262
107900253,43,1,42
107900254,36,83,-47
107900255,380,67,313
107900256,339,435,-96
107900257,53,53,0
107900258,40,179,-139
107900259,79,575,-496
107900261,2,501,-499
107900262,13,139,-126
107900264,65,1,64
107900265,36,222,-186
107900267,74,21,53
107900268,38,7,31
107900269,1,4,-3
107900270,0,0,0
107900271,0,1,-1
107900272,122,5,117
107900273,17,83,-66
107900274,25,0,25
107900275,8,0,8
107900276,0,80,-80
107900277,1,218,-217
107900278,108,366,-258
107900279,159,73,86
107900280,1835,909,926
107900281,3281,865,2416
107900282,55,167,-112
107900283,1384,363,1021
107900284,153,833,-680
107900285,29,133,-104
107900286,103,55,48
107900287,70,128,-58
107900290,0,39,-39
107900291,242,14,228
107900292,72,309,-237
107900293,27,515,-488
107900295,24,151,-127
107900297,4,301,-297
107900298,564,823,-259
107900299,3845,1272,2573
107900300,21,142,-121
107900301,281,190,91
107900302,65,15,50
107900303,46,267,-221
107900304,99,595,-496
107900305,165,14,151
107900306,18,13,5
107900307,42,288,-246
107900308,147,40,107
107900309,10,0,10
107900310,0,0,0
107900311,108,58,50
107900312,0,0,0
107900313,3,38,-35
107900314,1,50,-49
107900315,1,49,-48
107900316,10,0,10
107900317,31,3,28
107900318,0,102,-102
107900319,2,309,-307
107900320,0,179,-179
107900321,22,2,20
107900322,1,190,-189
107900323,4,142,-138
107900324,84,0,84
107900325,54,1,53
107900326,106,387,-281
107900327,0,0,0
107900328,0,0,0
107900329,0,0,0
107900330,7,671,-664
107900331,109,27,82
107900332,63,20,43
107900333,19,12,7
107900334,10,261,-251
107900335,35,49,-14
107900336,16,27,-11
107900337,1286,384,902
107900338,1,109,-108
107900339,2,29,-27
107900340,0,47,-47
107900341,6,0,6
107900342,23,102,-79
107900343,24,2,22
107900344,1,95,-94
107900345,63,23,40
107900346,21,1,20
107900347,11,1,10
107900348,3,3,0
107900349,12,6,6
107900350,23,243,-220
108000001,1824,2325,-501
108000002,2180,3067,-887
108000003,2478,1372,1106
108000004,16391,15849,542
108000005,3602,2381,1221
108000006,5122,5835,-713
108000007,3275,2738,537
108000008,4696,5524,-828
108000009,1894,2477,-583
108000010,2387,4974,-2587
108000011,8532,6268,2264
108000012,17605,15285,2320
108000014,445,404,41
108000015,295,276,19
108000016,155,596,-441
108000017,485,367,118
108000018,799,381,418
108000019,1022,484,538
108000020,785,341,444
108000021,469,1477,-1008
108000022,479,1514,-1035
108000023,792,140,652
108000024,106,725,-619
108000025,133,213,-80
108000026,189,638,-449
108000027,237,468,-231
108000028,155,305,-150
108000029,153,567,-414
108000030,274,190,84
108000031,202,543,-341
108000032,541,428,113
108000033,370,1300,-930
108000034,877,302,575
108000035,845,2588,-1743
108000036,241,1419,-1178
108000037,1080,332,748
108000038,1204,349,855
108000039,366,2577,-2211
108000040,822,568,254
108000041,537,3067,-2530
108000042,84,239,-155
108000043,92,281,-189
108000044,147,146,1
108000045,131,792,-661
108000046,749,206,543
108000047,393,1146,-753
108000048,126,385,-259
108000049,285,134,151
108000050,108,531,-423
108000051,131,77,54
108000052,261,777,-516
108000053,154,99,55
108000054,430,1061,-631
108000055,735,275,460
108000056,791,933,-142
108000057,465,568,-103
108000058,1612,1881,-269
108000059,3436,1690,1746
108000060,110,311,-201
108000061,129,259,-130
108000062,348,333,15
108000063,282,663,-381
108000064,96,200,-104
108000065,318,700,-382
108000066,1329,615,714
108000067,939,284,655
108000068,403,240,163
108000069,144,1165,-1021
108000070,827,445,382
108000071,483,1941,-1458
108000072,829,747,82
108000073,1387,2131,-744
108000074,233,270,-37
108000075,221,772,-551
108000076,392,296,96
108000077,557,830,-273
108000078,1161,930,231
108000079,792,1840,-1048
108000080,419,431,-12
108000081,537,2707,-2170
108000082,1040,1747,-707
108000083,1280,504,776
108000084,322,1445,-1123
108000085,265,240,25
108000086,904,951,-47
108000087,151,1098,-947
108000088,75,8,67
108000089,227,248,-21
108000090,207,118,89
108000091,74,561,-487
108000092,55,87,-32
108000093,71,829,-758
108000094,354,76,278
108000095,83,504,-421
108000096,109,149,-40
108000097,75,569,-494
108000098,501,1294,-793
108000099,79,69,10
108000100,15,135,-120
108000101,577,624,-47
108000102,827,1252,-425
108000106,588,0,588
108000107,0,658,-658
108000108,443,41,402
108000109,3,854,-851
108000110,83,200,-117
108000111,116,658,-542
108000112,41,65,-24
108000113,538,364,174
108000115,507,322,185
108000117,798,276,522
108000118,60,99,-39
108000119,626,473,153
108000120,65,415,-350
108000121,109,535,-426
108000122,215,214,1
108000123,387,288,99
108000124,122,510,-388
108000125,138,382,-244
108000126,61,638,-577
108000127,166,404,-238
108000128,222,839,-617
108000129,160,1457,-1297
108000130,129,342,-213
108000131,460,189,271
108000132,1384,1357,27
108000133,402,264,138
108000134,596,749,-153
108000135,410,255,155
108000136,669,1033,-364
108000137,159,381,-222
108000138,105,506,-401
108000139,111,434,-323
108000140,19,13,6
108000141,17,197,-180
108000142,45,102,-57
108000143,26,28,-2
108000144,21,10,11
108000145,31,25,6
108000146,29,12,17
108000147,38,38,0
108000148,36,7,29
108000149,22,19,3
108000150,19,3,16
108000151,22,3,19
108000152,65,561,-496
108000153,144,100,44
108000154,25,11,14
108000155,15,8,7
108000156,279,113,166
108000157,97,346,-249
108000158,45,315,-270
108000159,616,111,505
108000160,5224,629,4595
108000161,5044,1201,3843
108000165,4,64,-60
108000172,6,159,-153
108000173,2997,982,2015
108000175,57,60,-3
108000178,340,290,50
108000179,172,466,-294
108000181,36,20,16
108000182,124,10,114
108000183,21,13,8
108000184,1165,1166,-1
108000185,75,579,-504
108000186,32,46,-14
108000187,53,768,-715
108000188,173,307,-134
108000189,385,573,-188
108000190,16,98,-82
108000192,56,671,-615
108000193,593,37,556
108000194,19,13,6
108000195,2,1185,-1183
108000196,54,86,-32
108000197,48,428,-380
108000198,249,318,-69
108000199,0,93,-93
108000200,150,806,-656
108000202,0,113,-113
108000203,53,995,-942
108000204,27,15,12
108000205,408,556,-148
108000339,1499,227,1272
108000364,178,115,63
108000365,35,397,-362
108000367,105,460,-355
108000368,11,33,-22
108000369,1107,94,1013
108000371,0,602,-602
108000372,305,1,304
108000373,72,102,-30
108000376,32,16,16
108000377,184,318,-134
108000378,8124,6255,1869
108000379,49,135,-86
108000381,19,14,5
108000382,27,0,27
108000383,0,59,-59
108900001,117,1140,-1023
108900002,218,46,172
108900003,291,986,-695
108900004,59,123,-64
108900005,28,96,-68
108900006,265,213,52
108900007,70,175,-105
108900008,43,137,-94
108900009,15,97,-82
108900010,84,196,-112
108900011,183,346,-163
108900012,131,511,-380
108900013,97,300,-203
108900014,4,86,-82
108900015,1,11,-10
108900016,1,200,-199
108900017,99,141,-42
108900018,78,534,-456
108900019,40,1264,-1224
108900020,17,282,-265
108900021,83,344,-261
108900022,54,2,52
108900023,3,29,-26
108900024,8,188,-180
108900025,23,106,-83
108900026,17,87,-70
108900027,0,179,-179
108900028,39,472,-433
108900029,26,213,-187
108900030,0,80,-80
108900031,56,654,-598
108900032,1,256,-255
108900033,1,140,-139
108900034,1,318,-317
108900035,166,1904,-1738
108900036,199,380,-181
108900037,10,524,-514
108900038,3,471,-468
108900039,2,506,-504
108900040,2,137,-135
108900041,5995,1793,4202
108900042,0,220,-220
108900043,34,606,-572
108900044,4,816,-812
108900045,11,644,-633
108900046,52,1190,-1138
108900047,0,54,-54
108900048,71,1139,-1068
108900049,5496,618,4878
108900050,0,291,-291
108900051,0,209,-209
108900052,5,349,-344
108900053,121,96,25
108900054,38,267,-229
108900055,74,517,-443
108900056,1,198,-197
108900057,1,242,-241
108900058,13,556,-543
108900059,162,11,151
108900060,55,91,-36
108900061,25,15,10
108900062,1,351,-350
108900063,11,463,-452
108900064,69,60,9
108900065,7,337,-330
108900066,135,110,25
108900067,47,192,-145
108900068,1,144,-143
108900069,30,126,-96
108900070,32,173,-141
108900071,27,46,-19
108900072,2813,286,2527
108900073,2,90,-88
108900074,43,519,-476
108900075,54,80,-26
108900076,125,60,65
108900077,101,104,-3
108900078,6,245,-239
108900079,845,240,605
108900080,11,318,-307
108900081,41,244,-203
108900082,15,134,-119
108900083,15,142,-127
108900084,296,98,198
108900085,1970,161,1809
108900086,35,393,-358
108900087,125,264,-139
108900088,499,156,343
108900089,11,63,-52
108900090,28,567,-539
108900091,175,121,54
108900092,245,197,48
108900093,59,35,24
108900094,133,97,36
108900095,51,744,-693
108900096,523,54,469
108900097,231,207,24
108900098,3226,380,2846
108900099,190,361,-171
108900100,29,130,-101
108900101,95,48,47
108900102,217,404,-187
108900103,19,62,-43
108900104,194,283,-89
108900105,4,474,-470
108900106,149,668,-519
108900108,138,34,104
108900109,1,19,-18
108900110,84,574,-490
108900111,135,711,-576
108900112,68,22,46
108900113,20,16,4
108900114,0,6,-6
108900115,74,50,24
108900116,20,14,6
108900117,54,22,32
108900118,269,3,266
108900119,113,25,88
108900120,59,92,-33
108900121,235,27,208
108900122,45,30,15
108900123,54,50,4
108900124,200,62,138
108900125,123,5,118
108900126,34,3,31
108900127,59,33,26
108900128,50,7,43
108900129,362,67,295
108900130,89,0,89
108900131,105,2,103
108900132,232,59,173
108900133,96,39,57
108900134,91,249,-158
108900135,66,4,62
108900136,8,1,7
108900137,44,0,44
108900138,193,42,151
108900139,205,52,153
108900140,57,245,-188
108900141,100,14,86
108900142,41,3,38
108900143,15,0,15
108900144,31,0,31
108900145,44,7,37
108900146,19,0,19
108900147,67,0,67
108900148,67,24,43
108900149,427,332,95
108900150,119,3,116
108900151,36,1,35
108900152,31,41,-10
108900153,76,585,-509
108900154,2480,357,2123
108900155,113,81,32
108900156,44,6,38
108900157,11,702,-691
108900158,93,20,73
108900159,6,361,-355
108900160,8,282,-274
108900161,6,503,-497
108900162,36,0,36
108900163,13,140,-127
108900164,26,89,-63
108900165,246,48,198
108900167,1558,1914,-356
108900168,10377,1752,8625
108900169,24,117,-93
108900171,9860,1227,8633
108900172,109,38,71
108900173,198,370,-172
108900174,254,384,-130
108900176,79,608,-529
108900177,8696,1716,6980
108900178,5647,1494,4153
108900179,343,707,-364
108900180,70,119,-49
108900182,9,134,-125
108900183,156,202,-46
108900184,292,153,139
108900185,57,315,-258
108900186,47,360,-313
108900187,124,32,92
108900188,214,32,182
108900189,180,143,37
108900190,30,3303,-3273
108900191,104,11,93
108900192,57,328,-271
108900193,236,22,214
108900194,22,273,-251
108900195,50,340,-290
108900196,18,669,-651
108900198,5,571,-566
108900199,123,318,-195
108900200,202,302,-100
108900201,229,1244,-1015
108900203,233,17,216
108900204,201,9,192
108900205,96,10,86
108900206,131,11,120
108900207,130,29,101
108900208,19,334,-315
108900209,148,652,-504
108900210,152,216,-64
108900211,94,227,-133
108900212,686,558,128
108900215,93,625,-532
108900216,279,41,238
108900217,33,0,33
108900218,65,9,56
108900219,68,2,66
108900220,29,8,21
108900221,19,35,-16
108900222,83,4,79
108900223,13,39,-26
108900224,21,90,-69
108900225,0,175,-175
108900226,102,0,102
108900227,43,94,-51
108900230,444,290,154
108900231,71,260,-189
108900232,0,469,-469
108900233,207,38,169
108900234,195,37,158
108900235,129,622,-493
108900236,26,384,-358
108900237,27,320,-293
108900240,46,99,-53
108900241,26,13,13
108900245,3,603,-600
108900249,59,17,42
108900250,97,108,-11
108900257,71,734,-663
108900258,4,331,-327
108900259,18,90,-72
108900260,4,82,-78
108900261,103,175,-72
108900262,342,108,234
108900263,34,268,-234
108900264,343,250,93
108900265,1448,177,1271
108900266,1167,188,979
108900267,0,43,-43
108900268,1,1,0
108900269,38,9,29
108900270,10,3,7
108900271,1,2,-1
108900272,71,2,69
108900273,926,319,607
108900274,21,70,-49
109000001,2123,705,1418
109000002,2786,1110,1676
109000003,1530,454,1076
109000004,413,2714,-2301
109000005,1174,645,529
109000006,544,1951,-1407
109000007,695,509,186
109000008,330,1964,-1634
109000009,2581,879,1702
109000010,1110,3832,-2722
109000011,1600,1157,443
109000012,1307,3691,-2384
109000013,2158,1465,693
109000014,1263,3879,-2616
109000015,2479,2976,-497
109000016,9242,4086,5156
109000017,1344,969,375
109000018,571,3038,-2467
109000019,1588,695,893
109000020,927,2289,-1362
109000023,138,10,128
109000024,5,126,-121
109000025,265,237,28
109000026,621,277,344
109000027,53,193,-140
109000028,69,95,-26
109000029,126,87,39
109000030,112,582,-470
109000031,73,55,18
109000032,46,464,-418
109000033,192,71,121
109000034,38,14,24
109000035,9,17,-8
109000036,93,342,-249
109000037,127,562,-435
109000038,548,280,268
109000039,519,357,162
109000040,5392,2611,2781
109000041,5546,907,4639
109000042,869,901,-32
109000044,193,60,133
109000045,59,455,-396
109000046,170,55,115
109000047,46,502,-456
109000048,771,94,677
109000049,188,583,-395
109000050,253,147,106
109000051,256,290,-34
109000052,294,1815,-1521
109000053,96,56,40
109000054,194,780,-586
109000055,106,168,-62
109000056,177,656,-479
109000057,251,147,104
109000058,689,187,502
109000059,436,764,-328
109000060,431,161,270
109000061,1568,434,1134
109000062,72,205,-133
109000063,142,225,-83
109000064,129,149,-20
109000065,44,426,-382
109000066,176,153,23
109000067,23,387,-364
109000068,188,5,183
109000069,408,7,401
109000070,3,783,-780
109000071,232,81,151
109000072,48,314,-266
109000073,37,66,-29
109000074,15,231,-216
109000075,58,482,-424
109000076,31,96,-65
109000077,332,251,81
109000078,23,71,-48
109000079,73,232,-159
109000080,47,103,-56
109000081,46,555,-509
109000082,146,304,-158
109000083,121,706,-585
109000088,113,408,-295
109000089,187,23,164
109000090,165,485,-320
109000091,118,78,40
109000092,323,611,-288
109000093,117,105,12
109000094,152,4,148
109000095,82,827,-745
109000096,294,100,194
109000097,49,101,-52
109000098,20,48,-28
109000099,431,290,141
109000100,101,436,-335
109000101,792,778,14
109000102,154,856,-702
109000103,238,611,-373
109000104,746,581,165
109000105,252,1562,-1310
109000106,1079,558,521
109000107,425,2035,-1610
109000108,866,454,412
109000109,332,2035,-1703
109000110,946,336,610
109000111,855,2471,-1616
109000112,235,140,95
109000113,91,183,-92
109000114,87,268,-181
109000115,796,27,769
109000116,1,201,-200
109000117,56,96,-40
109000118,6,339,-333
109000119,421,274,147
109000120,94,1289,-1195
109000121,172,48,124
109000122,69,1362,-1293
109000123,11,90,-79
109000124,281,299,-18
109000125,308,313,-5
109000126,167,991,-824
109000127,309,151,158
109000128,291,2590,-2299
109000129,1033,358,675
109000130,472,2893,-2421
109000131,471,210,261
109000132,596,1810,-1214
109000133,201,968,-767
109000134,460,1399,-939
109000135,773,1005,-232
109000136,159,485,-326
109000137,151,262,-111
109000138,248,576,-328
109000139,265,412,-147
109000140,88,575,-487
109000141,200,433,-233
109000142,79,516,-437
109000143,53,45,8
109000145,41,74,-33
109000146,25,74,-49
109000148,4457,862,3595
109000149,18,21,-3
109000150,31,102,-71
109000155,293,423,-130
109000156,968,984,-16
109000158,71,255,-184
109000159,97,643,-546
109000160,427,275,152
109000161,132,1539,-1407
109000162,1153,923,230
109000163,608,1735,-1127
109000164,702,2400,-1698
109000165,737,624,113
109000166,290,137,153
109000167,50,915,-865
109000170,26,61,-35
109000171,28,43,-15
109000172,36,54,-18
109000173,9,36,-27
109000174,37,72,-35
109000175,20,116,-96
109000176,106,260,-154
109000177,19,121,-102
109000178,115,94,21
109000179,7817,1926,5891
109000180,5591,2952,2639
109000181,1,32,-31
109000182,26,48,-22
109000183,19,44,-25
109000184,21,20,1
109000185,15,70,-55
109000188,379,2763,-2384
109000189,1219,748,471
109000190,329,519,-190
109000191,197,633,-436
109000192,128,243,-115
109000193,119,495,-376
109000194,49,104,-55
109000195,50,452,-402
109000196,121,108,13
109000197,123,571,-448
109000198,133,45,88
109000199,45,520,-475
109000206,114,28,86
109000207,45,39,6
109000208,98,47,51
109000209,169,72,97
109000210,125,457,-332
109000211,64,157,-93
109000214,197,666,-469
109000215,60,69,-9
109000216,104,99,5
109000217,94,54,40
109000218,72,83,-11
109000221,171,1164,-993
109000222,359,80,279
109000223,167,173,-6
109000224,44,378,-334
109000225,22,41,-19
109000226,26,339,-313
109000227,528,1590,-1062
109000228,0,273,-273
109000231,3,571,-568
109000232,124,501,-377
109000236,169,809,-640
109000241,1047,1627,-580
109000242,817,1201,-384
109000293,17,32,-15
109000361,31,237,-206
109000364,119,618,-499
109000396,5,1001,-996
109000397,187,3,184
109000399,114,516,-402
109000400,36,202,-166
109000403,79,208,-129
109000406,89,9,80
109000407,132,309,-177
109000408,2,385,-383
109000410,490,150,340
109000411,23,13,10
109900001,25,0,25
109900002,328,5,323
109900003,75,0,75
109900004,571,235,336
109900005,8,10,-2
109900006,171,236,-65
109900007,246,1028,-782
109900008,0,20,-20
109900009,51,911,-860
109900010,166,7,159
109900011,22,22,0
109900012,105,147,-42
109900013,230,112,118
109900014,129,44,85
109900015,294,94,200
109900016,65,44,21
109900017,62,54,8
109900018,127,129,-2
109900019,45,75,-30
109900020,3,9,-6
109900021,5,7,-2
109900022,24,339,-315
109900023,6,6,0
109900024,9,1,8
109900025,5,83,-78
109900026,1,193,-192
109900027,26,2,24
109900028,2654,293,2361
109900029,7,564,-557
109900030,8,4,4
109900031,1,118,-117
109900032,4,296,-292
109900033,1,477,-476
109900034,5,0,5
109900035,8,23,-15
109900036,2,89,-87
109900037,17,554,-537
109900038,44,241,-197
109900039,0,1,-1
109900040,13,750,-737
109900041,47,482,-435
109900042,14,445,-431
109900044,44,332,-288
109900045,17,17,0
109900046,10,42,-32
109900047,286,308,-22
109900048,1,51,-50
109900049,2,14,-12
109900050,1,291,-290
109900051,0,35,-35
109900052,45,258,-213
109900053,3,549,-546
109900054,260,95,165
109900055,28,305,-277
109900056,7,63,-56
109900057,6,236,-230
109900058,0,113,-113
109900059,206,70,136
109900060,159,160,-1
109900061,56,283,-227
109900062,3,285,-282
109900063,4,270,-266
109900064,211,260,-49
109900065,80,124,-44
109900066,168,943,-775
109900067,0,497,-497
109900068,18,2,16
109900069,1,37,-36
109900070,38,310,-272
109900071,0,31,-31
109900072,16,130,-114
109900073,120,773,-653
109900074,2,50,-48
109900075,9,11,-2
109900076,13,288,-275
109900077,17,54,-37
109900078,58,331,-273
109900080,78,403,-325
109900081,29,91,-62
109900082,23,566,-543
109900083,13,30,-17
109900084,28,139,-111
109900085,80,1158,-1078
109900086,68,121,-53
109900087,252,382,-130
109900089,227,69,158
109900090,408,1214,-806
109900091,101,49,52
109900092,213,13,200
109900093,294,73,221
109900094,32,72,-40
109900095,107,245,-138
109900096,5,1,4
109900097,70,1,69
109900098,87,13,74
109900099,50,0,50
109900100,6,0,6
109900101,93,6,87
109900102,149,16,133
109900103,5,41,-36
109900104,139,1159,-1020
109900105,263,19,244
109900106,101,49,52
109900107,142,55,87
109900108,38,528,-490
109900109,11,149,-138
109900110,38,524,-486
109900111,249,1233,-984
109900112,427,935,-508
109900113,362,207,155
109900114,555,263,292
109900115,84,56,28
109900117,298,91,207
109900118,183,455,-272
109900119,554,298,256
109900120,27,3,24
109900121,281,124,157
109900122,185,3,182
109900123,2,180,-178
109900124,21,662,-641
109900125,3,218,-215
109900126,63,182,-119
109900128,77,36,41
109900130,11422,897,10525
109900131,37,112,-75
109900132,32,185,-153
109900133,25,419,-394
109900134,45,42,3
109900135,334,40,294
109900136,38,127,-89
109900137,50,331,-281
109900138,109,382,-273
109900140,90,361,-271
109900141,92,203,-111
109900142,379,241,138
109900145,1,91,-90
109900146,238,20,218
109900148,34,67,-33
109900149,31,40,-9
109900150,2,59,-57
109900151,2,63,-61
109900152,0,14,-14
109900153,0,36,-36
109900154,3,0,3
109900155,14,5,9
109900157,40,252,-212
109900158,84,96,-12
109900159,62,14,48
109900160,81,26,55
109900161,118,48,70
109900162,67,75,-8
109900163,675,242,433
109900164,43,168,-125
109900165,107,7,100
109900166,2,226,-224
109900167,54,641,-587
109900168,90,539,-449
109900169,62,119,-57
109900170,166,439,-273
109900171,65,77,-12
109900172,44,132,-88
109900173,4415,852,3563
109900174,27,154,-127
109900175,22,50,-28
109900176,37,186,-149
109900177,24,331,-307
109900178,0,83,-83
109900179,6,21,-15
109900180,0,8,-8
110000001,586,527,59
110000002,393,378,15
110000003,740,557,183
110000004,411,439,-28
110000005,555,843,-288
110000006,540,306,234
110000007,49,169,-120
110000008,3,38,-35
110000009,9,45,-36
110000010,7,50,-43
110000011,22,85,-63
110000012,544,441,103
110000013,17,268,-251
110000014,586,352,234
110000015,370,396,-26
110000016,213,698,-485
110000017,4012,237,3775
110000018,3576,459,3117
110000019,6,122,-116
110000020,473,227,246
110000021,347,311,36
110000022,512,108,404
110000023,4,155,-151
110000024,570,326,244
110000025,110,4,106
110000026,1,505,-504
110000027,525,263,262
110000028,527,608,-81
110000029,365,958,-593
110000030,140,273,-133
110000031,165,674,-509
110000032,401,338,63
110000033,86,86,0
110000034,122,722,-600
110000035,219,1017,-798
110000036,246,639,-393
110000037,98,705,-607
110000038,123,500,-377
110000039,495,1092,-597
110000040,242,501,-259
110000041,121,696,-575
110000042,52,304,-252
110000043,315,128,187
110000044,42,61,-19
110000045,184,40,144
110000046,1,9,-8
110000047,2,7,-5
110000048,2,15,-13
110000049,6,4,2
110000050,11,18,-7
110000051,6,2,4
110000052,12,39,-27
110000053,30,4,26
110000054,73,243,-170
110000055,120,9,111
110000056,257,34,223
110000057,255,730,-475
110000058,499,516,-17
110000059,514,577,-63
110000060,400,757,-357
110000061,878,805,73
110000062,663,726,-63
110000063,18,68,-50
110000064,52,107,-55
110000065,22,72,-50
110000066,25,41,-16
110000067,52,312,-260
110000068,85,444,-359
110000069,98,88,10
110000071,47,120,-73
110000073,4,22,-18
110000075,6,96,-90
110000076,209,168,41
110000077,429,410,19
110000078,25,70,-45
110000080,149,628,-479
110000081,11,247,-236
110000082,5,194,-189
110000083,149,562,-413
110000084,428,321,107
110000085,2835,1253,1582
110000086,1361,725,636
110000087,5,65,-60
110000088,22,177,-155
110000089,104,164,-60
110000090,36,256,-220
110000091,1652,259,1393
110000092,26,94,-68
110000093,17,5,12
110000094,333,220,113
110000095,109,395,-286
110000096,3832,1498,2334
110000097,828,896,-68
110000098,1339,445,894
110000099,826,1373,-547
110000100,253,967,-714
110000101,14,651,-637
110000102,14,24,-10
110000104,75,51,24
110000105,45,287,-242
110000106,319,170,149
110000107,292,365,-73
110000108,96,29,67
110000109,333,308,25
110000110,5123,2684,2439
110000111,9625,1675,7950
110000112,1034,272,762
110000113,835,714,121
110000114,56,214,-158
110000115,146,250,-104
110000116,31,22,9
110000117,93,599,-506
110000118,245,267,-22
110000119,116,403,-287
110000120,175,156,19
110000121,45,294,-249
110000122,238,520,-282
110000123,304,339,-35
110000124,0,825,-825
110000125,587,4,583
110000126,127,11,116
110000127,399,30,369
110000128,29,1770,-1741
110000129,4,484,-480
110000130,82,89,-7
110000131,117,322,-205
110000132,1,829,-828
110000133,48,251,-203
110000134,47,276,-229
110000135,118,32,86
110000136,24,244,-220
110000137,238,759,-521
110000138,322,859,-537
110000139,498,1616,-1118
110000140,501,328,173
110000143,590,299,291
110000144,4160,918,3242
110000145,1179,660,519
110000146,3273,813,2460
110000147,137,612,-475
110000148,190,401,-211
110000151,1017,477,540
110000152,762,239,523
110000153,26,70,-44
110000154,26,13,13
110000155,2008,1814,194
110000156,660,890,-230
110000157,1883,1308,575
110000160,158,368,-210
110000161,67,474,-407
110000166,146,173,-27
110000167,426,453,-27
110000168,552,248,304
110000169,304,234,70
110000170,66,65,1
110000171,357,109,248
110000172,98,865,-767
110000173,1011,1303,-292
110000174,83,1396,-1313
110000175,207,86,121
110000176,15,210,-195
110000177,110,631,-521
110000178,542,596,-54
110000179,1416,319,1097
110000180,89,331,-242
110000181,118,380,-262
110000182,346,245,101
110000183,12471,3467,9004
110000184,459,1289,-830
110000185,714,631,83
110000186,596,524,72
110000191,207,399,-192
110000192,146,4,142
110000193,259,8,251
110000194,7,1273,-1266
110000195,145,441,-296
110000196,127,513,-386
110000197,11,267,-256
110000198,197,160,37
110000199,28,103,-75
110000200,1298,622,676
110000201,289,416,-127
110000202,693,334,359
110000203,551,800,-249
110000204,4,333,-329
110000205,32,64,-32
110000206,480,1745,-1265
110000207,373,284,89
110000208,47,96,-49
110000209,59,692,-633
110000210,368,512,-144
110000211,354,603,-249
110000212,185,616,-431
110000213,39,29,10
110000214,61,75,-14
110000215,47,607,-560
110000216,23,719,-696
110000217,145,250,-105
110000218,75,525,-450
110000219,142,83,59
110000220,20,497,-477
110000221,146,99,47
110000222,21,394,-373
110000223,1,52,-51
110000224,49,5,44
110000225,125,459,-334
110000226,111,45,66
110000227,454,336,118
110000228,280,369,-89
110000229,0,220,-220
110000230,327,452,-125
110000231,107,128,-21
110000232,82,169,-87
110000233,146,289,-143
110000234,394,320,74
110000235,804,936,-132
110000236,193,826,-633
110000237,877,951,-74
110000238,596,1147,-551
110000239,826,1252,-426
110000240,1,108,-107
110000242,0,16,-16
110000243,36,194,-158
110000244,81,321,-240
110000245,42,356,-314
110000246,348,607,-259
110000247,1661,3533,-1872
110000248,2828,1388,1440
110000249,55,5,50
110000250,6,199,-193
110000251,106,489,-383
110000252,110,275,-165
110000253,666,386,280
110000254,541,1345,-804
110000255,197,1242,-1045
110000256,289,213,76
110000257,699,343,356
110000258,2,539,-537
110000259,42,15,27
110000260,7,438,-431
110000263,508,51,457
110000264,157,590,-433
110000265,870,1258,-388
110000266,2179,1744,435
110000267,14,175,-161
110000268,190,556,-366
110000269,5,102,-97
110000270,31,1,30
110000271,2215,257,1958
110000272,645,735,-90
110000273,3327,1187,2140
110000274,171,706,-535
110000275,2968,444,2524
110000276,98,197,-99
110000277,83,383,-300
110000278,131,885,-754
110000279,523,666,-143
110000280,146,461,-315
110000281,15,171,-156
110000282,272,35,237
110000283,28,47,-19
110000284,30,31,-1
110000285,1,198,-197
110000286,22,0,22
110000287,18,4,14
110000288,0,66,-66
110000289,272,1141,-869
110000290,1308,586,722
110000291,6154,1333,4821
110000292,923,2928,-2005
110000293,278,1204,-926
110000294,433,753,-320
110000295,142,866,-724
110000296,262,347,-85
110000297,2444,229,2215
110000298,212,408,-196
110000299,717,26,691
110000301,111,14,97
110000302,92,1360,-1268
110000303,249,13,236
110000304,48,243,-195
110000305,461,12,449
110000306,82,2084,-2002
110000307,557,7,550
110000308,220,5,215
110000309,10,1594,-1584
110000310,313,66,247
110000311,17,968,-951
110000312,353,36,317
110000313,3648,1503,2145
110000314,0,181,-181
110000315,3102,1490,1612
110000316,373,1006,-633
110000317,453,194,259
110000318,0,88,-88
110000319,2,19,-17
110000320,26,50,-24
110000321,11,49,-38
110000322,87,570,-483
110000323,148,264,-116
110000324,3985,936,3049
110000325,1906,1800,106
110000327,518,203,315
110000328,171,477,-306
110000333,578,443,135
110000334,621,1206,-585
110000335,870,535,335
110000336,324,1170,-846
110000337,623,506,117
110000338,120,259,-139
110000339,72,219,-147
110000340,19,170,-151
110000341,195,546,-351
110000342,501,6,495
110000343,0,11,-11
110000344,57,214,-157
110000345,131,84,47
110000346,1860,1137,723
110000347,826,662,164
110000348,2,27,-25
110000349,4,31,-27
110000350,32,5,27
110000351,369,842,-473
110000352,244,1306,-1062
110000353,2755,783,1972
110000354,640,1403,-763
110000355,56,91,-35
110000356,408,5,403
110000357,235,8,227
110000361,8,86,-78
110000362,25,252,-227
110000363,132,126,6
110000364,94,292,-198
110000365,116,1,115
110000366,0,56,-56
110000367,278,316,-38
110000368,0,80,-80
110000369,28,1,27
110000373,4,323,-319
110000374,35,3,32
110000375,127,639,-512
110000376,43,75,-32
110000377,22,211,-189
110000378,30,240,-210
110000379,3313,875,2438
110000380,15,13,2
110000383,0,617,-617
110000384,1756,343,1413
110000385,0,229,-229
110000387,34,4,30
110000388,19,200,-181
110000389,326,47,279
110000391,161,400,-239
110000396,33,134,-101
110000397,58,217,-159
110000398,2,26,-24
110000399,129,2,127
110000587,39,52,-13
110000589,78,136,-58
110000640,78,84,-6
110000652,8,133,-125
110000653,83,382,-299
110000654,1,10,-9
110000656,2,742,-740
110000674,24,7,17
110000675,36,3,33
110000676,3,30,-27
110000679,546,354,192
110000682,71,87,-16
110000683,335,480,-145
110000684,4,68,-64
110000685,13,9,4
110000686,6,20,-14
110000687,44,2,42
110000688,48,389,-341
110000689,11,93,-82
110000692,55,251,-196
110000693,88,180,-92
110000694,1,93,-92
110000695,66,528,-462
110000696,141,166,-25
110900001,190,26,164
110900002,226,224,2
110900003,184,1174,-990
110900004,144,249,-105
110900005,4851,1015,3836
110900006,22,10,12
110900007,34,11,23
110900008,7,34,-27
110900009,164,32,132
110900010,1,99,-98
110900011,7,69,-62
110900012,14,139,-125
110900013,487,178,309
110900014,83,9,74
110900015,822,277,545
110900016,7,230,-223
110900017,150,83,67
110900018,361,27,334
110900019,31,15,16
110900020,76,515,-439
110900021,57,718,-661
110900022,33,513,-480
110900023,63,480,-417
110900024,25,556,-531
110900025,2,43,-41
110900027,18,275,-257
110900028,31,202,-171
110900029,33,571,-538
110900030,16,415,-399
110900031,12,146,-134
110900032,1,100,-99
110900033,27,312,-285
110900035,29,351,-322
110900036,40,19,21
110900037,14,12,2
110900038,1449,172,1277
110900039,10,232,-222
110900040,115,26,89
110900041,7,204,-197
110900042,51,32,19
110900043,4,196,-192
110900044,202,5,197
110900045,28,805,-777
110900046,113,374,-261
110900047,797,90,707
110900049,56,33,23
110900050,1,0,1
110900051,27,175,-148
110900052,1,225,-224
110900053,43,53,-10
110900054,14,358,-344
110900055,13,0,13
110900056,52,97,-45
110900057,4,230,-226
110900058,72,261,-189
110900059,481,850,-369
110900060,196,78,118
110900061,22,30,-8
110900062,34,288,-254
110900063,18,101,-83
110900064,6,0,6
110900065,289,55,234
110900066,3,76,-73
110900067,514,347,167
110900068,196,340,-144
110900069,0,23,-23
110900070,59,58,1
110900071,261,317,-56
110900073,0,9,-9
110900074,170,83,87
110900075,171,69,102
110900077,213,397,-184
110900078,6,143,-137
110900079,2018,409,1609
110900080,49,58,-9
110900081,3,127,-124
110900082,43,245,-202
110900083,41,23,18
110900084,24,226,-202
110900085,22,391,-369
110900086,54,127,-73
110900087,99,84,15
110900088,2,0,2
110900090,19,16,3
110900091,0,82,-82
110900093,141,36,105
110900095,24,46,-22
110900097,8,23,-15
110900098,12,76,-64
110900099,41,550,-509
110900100,0,28,-28
110900102,7,11,-4
110900105,542,402,140
110900108,2,101,-99
110900111,205,67,138
110900112,298,4,294
110900113,596,48,548
110900115,5,93,-88
110900116,309,2728,-2419
110900118,128,916,-788
110900119,6350,282,6068
110900120,2,125,-123
110900121,42,0,42
110900122,157,147,10
110900125,157,240,-83
110900127,480,498,-18
110900128,135,132,3
110900129,244,216,28
110900130,944,178,766
110900131,69,36,33
110900132,147,26,121
110900133,30,354,-324
110900135,79,630,-551
110900136,122,8,114
110900137,58,0,58
110900138,237,262,-25
110900139,5,25,-20
110900140,32,3,29
110900141,0,44,-44
110900142,37,177,-140
110900143,68,43,25
110900144,1,682,-681
110900145,40,6,34
110900146,215,34,181
110900147,158,179,-21
110900148,1,250,-249
110900149,3,106,-103
110900150,27,19,8
110900151,1,81,-80
110900152,8,339,-331
110900153,18,19,-1
111000001,124,110,14
111000002,321,448,-127
111000003,459,401,58
111000004,319,992,-673
111000005,720,653,67
111000006,704,1464,-760
111000007,3678,1395,2283
111000008,3174,3269,-95
111000009,216,869,-653
111000010,444,211,233
111000011,280,555,-275
111000012,324,295,29
111000013,235,728,-493
111000014,440,423,17
111000017,118,490,-372
111000018,178,293,-115
111000020,2095,2092,3
111000021,79,139,-60
111000023,78,150,-72
111000025,7220,1478,5742
111000029,38,129,-91
111000030,23,100,-77
111000031,1849,606,1243
111000032,450,183,267
111000033,289,169,120
111000034,288,111,177
111000037,3187,1262,1925
111000038,3034,2172,862
111000039,1173,2192,-1019
111000040,1475,2539,-1064
111000041,1600,1603,-3
111000042,6349,2779,3570
111000043,1444,1240,204
111000044,966,467,499
111000045,1132,1331,-199
111000046,831,866,-35
111000047,1227,1488,-261
111000049,350,522,-172
111000050,1827,1647,180
111000051,432,1093,-661
111000052,508,1461,-953
111000053,321,1066,-745
111000054,226,988,-762
111000055,892,1953,-1061
111000056,72,750,-678
111000057,47,776,-729
111000058,95,152,-57
111000059,171,278,-107
111000060,1988,828,1160
111000061,279,335,-56
111000062,495,241,254
111000063,1156,711,445
111000064,295,469,-174
111000065,710,663,47
111000066,168,178,-10
111000067,286,720,-434
111000068,237,519,-282
111000069,1484,1808,-324
111000070,1777,923,854
111000071,144,792,-648
111000072,358,184,174
111000073,107,267,-160
111000074,1065,1029,36
111000075,406,664,-258
111000076,220,740,-520
111000077,869,1119,-250
111000078,1477,1017,460
111000079,1143,692,451
111000080,314,542,-228
111000081,2256,2377,-121
111000082,471,731,-260
111000084,439,444,-5
111000085,540,1410,-870
111000086,2775,1146,1629
111000087,565,825,-260
111000088,6095,1533,4562
111000089,470,793,-323
111000090,1067,1389,-322
111000091,585,762,-177
111000092,757,1238,-481
111000093,335,702,-367
111000094,1158,795,363
111000095,715,1501,-786
111000096,3080,5184,-2104
111000097,5920,912,5008
111000098,351,1409,-1058
111000099,296,2664,-2368
111000100,209,2350,-2141
111000101,282,835,-553
111000102,56,866,-810
111000104,160,174,-14
111000107,30,837,-807
111000109,154,213,-59
111000110,685,528,157
111000111,748,412,336
111000112,872,233,639
111000113,536,429,107
111000114,858,1034,-176
111000115,8546,752,7794
111000116,791,769,22
111000117,326,754,-428
111000118,1164,986,178
111000119,664,1840,-1176
111000120,280,565,-285
111000121,136,483,-347
111000122,380,1130,-750
111000123,642,3790,-3148
111000124,317,3803,-3486
111000125,138,2136,-1998
111000126,39,810,-771
111000127,326,145,181
111000128,560,275,285
111000129,1244,393,851
111000130,928,624,304
111000131,632,561,71
111000132,430,324,106
111000133,74,148,-74
111000134,130,158,-28
111000135,19,116,-97
111000136,146,272,-126
111000138,2,7,-5
111000140,0,0,0
111000141,120,307,-187
111000142,17,112,-95
111000143,1,69,-68
111000144,4,104,-100
111000145,76,0,76
111000146,7,2,5
111000147,203,3,200
111000148,180,115,65
111000149,3,34,-31
111000150,2,13,-11
111000151,2,21,-19
111000153,530,473,57
111000154,663,159,504
111000155,52,153,-101
111000156,312,277,35
111000157,119,429,-310
111000158,926,524,402
111000159,2541,514,2027
111000160,160,358,-198
111000161,3,236,-233
111000162,7,165,-158
111000163,270,715,-445
111000164,703,1781,-1078
111000165,1492,351,1141
111000166,1509,348,1161
111000167,181,497,-316
111000168,169,471,-302
111000169,188,484,-296
111000170,514,346,168
111000171,341,942,-601
111000172,49,481,-432
111000173,97,976,-879
111000174,71,613,-542
111000175,50,260,-210
111000176,79,145,-66
111000177,61,199,-138
111000178,368,237,131
111000179,44,144,-100
111000180,103,218,-115
111000181,383,282,101
111000182,52,180,-128
111000183,159,305,-146
111000184,227,240,-13
111000185,287,429,-142
111000186,153,304,-151
111000187,54,325,-271
111000188,95,530,-435
111000189,1639,470,1169
111000190,144,653,-509
111000191,139,485,-346
111000192,135,649,-514
111000193,254,431,-177
111000194,11,408,-397
111000195,66,458,-392
111000196,30,281,-251
111000197,125,157,-32
111000198,159,81,78
111000199,67,155,-88
111000200,98,254,-156
111000201,177,248,-71
111000202,118,150,-32
111000203,127,122,5
111000204,173,267,-94
111000213,101,344,-243
111000214,1041,1458,-417
111000215,470,1132,-662
111000217,645,796,-151
111000218,663,760,-97
111000219,333,164,169
111000220,3353,624,2729
111000221,509,271,238
111000224,1,149,-148
111000225,89,23,66
111000226,97,0,97
111000227,39,0,39
111000228,5,147,-142
111000229,20,266,-246
111000230,224,556,-332
111000231,379,1440,-1061
111000232,155,854,-699
111000233,215,726,-511
111000234,39,207,-168
111000239,164,299,-135
111000240,30,85,-55
111000241,20,469,-449
111000242,63,55,8
111000243,37,893,-856
111000244,119,71,48
111000245,289,648,-359
111000246,118,590,-472
111000247,66,1161,-1095
111000248,264,406,-142
111000249,320,873,-553
111000250,26,177,-151
111000251,21,153,-132
111000253,3,7,-4
111000255,9,9,0
111000257,21,19,2
111000260,45,1173,-1128
111000261,409,51,358
111000271,19,261,-242
111000273,6404,1163,5241
111000274,959,1484,-525
111000275,67,71,-4
111000276,222,2557,-2335
111000277,111,499,-388
111000278,417,229,188
111000291,333,2019,-1686
111000298,245,206,39
111000299,493,76,417
111000300,66,607,-541
111000302,122,48,74
111000303,58,256,-198
111000312,84,50,34
111000315,0,14,-14
111000320,291,672,-381
111000321,179,30,149
111000322,93,554,-461
111000323,39,5,34
111000324,240,294,-54
111000325,15,74,-59
111000326,57,342,-285
111000327,299,570,-271
111000328,120,341,-221
111000329,1,13,-12
111000330,10,8,2
111000331,0,8,-8
111000332,446,954,-508
111000334,305,1442,-1137
111000335,181,131,50
111000337,251,378,-127
111000338,13,116,-103
111000339,131,728,-597
111000340,40,907,-867
111000341,446,192,254
111000342,31,225,-194
111000344,570,631,-61
111000345,272,37,235
111000346,7,96,-89
111000347,28,2,26
111000350,84,93,-9
111000351,63,197,-134
111000352,79,87,-8
111000353,93,224,-131
111000354,241,84,157
111000355,318,673,-355
111000358,51,1888,-1837
111000360,105,1077,-972
111000361,70,407,-337
111000546,150,667,-517
111000547,138,685,-547
111000548,50,151,-101
111000549,100,431,-331
111000550,43,270,-227
111000551,527,103,424
111000552,246,40,206
111000907,75,12,63
111000908,2,0,2
111000916,393,254,139
111000917,21,333,-312
111000918,56,1176,-1120
111000920,120,22,98
111000921,1,228,-227
111000922,137,358,-221
111000924,22,1048,-1026
111000925,1055,1285,-230
111000926,696,2137,-1441
111000927,2793,2556,237
111000928,5714,3293,2421
111000929,541,684,-143
111000930,450,2284,-1834
111000931,1231,1310,-79
111000932,3571,2341,1230
111000933,2580,1324,1256
111000934,2231,2615,-384
111000935,486,771,-285
111000936,502,1995,-1493
111000937,345,917,-572
111000938,1433,2107,-674
111000939,144,34,110
111000940,159,200,-41
111000941,112,596,-484
111000943,98,247,-149
111000944,55,610,-555
111000945,26,2424,-2398
111001109,214,117,97
111001110,101,626,-525
111001111,12,2,10
111001112,67,1,66
111001113,11,54,-43
111001114,972,32,940
111001115,27,292,-265
111001116,5650,1112,4538
111001117,539,587,-48
111001120,54,285,-231
111001121,87,396,-309
111001122,14,386,-372
111900001,1,153,-152
111900002,7,854,-847
111900003,1,522,-521
111900004,9,211,-202
111900006,4,3,1
111900007,32,0,32
111900008,45,1,44
111900009,47,204,-157
111900010,228,594,-366
111900012,91,106,-15
111900013,0,79,-79
111900014,8422,1602,6820
111900015,0,61,-61
111900016,0,183,-183
111900017,0,188,-188
111900018,59,5,54
111900019,2,86,-84
111900020,6,49,-43
111900021,13,91,-78
111900022,1,54,-53
111900023,107,54,53
111900024,0,72,-72
111900025,0,48,-48
111900026,0,142,-142
111900027,5,221,-216
111900028,2,528,-526
111900029,2,138,-136
111900030,52,350,-298
111900031,0,22,-22
111900032,2,425,-423
111900033,3,131,-128
111900034,162,311,-149
111900035,16,240,-224
111900036,1,418,-417
111900038,277,513,-236
111900039,30,449,-419
111900040,1,843,-842
111900042,31,72,-41
111900043,3,523,-520
111900044,198,217,-19
111900046,21,265,-244
111900048,89,950,-861
111900049,43,332,-289
111900050,51,17,34
111900051,3,283,-280
111900052,439,727,-288
111900053,1424,292,1132
111900054,68,1,67
111900055,19,739,-720
111900056,176,71,105
111900057,34,33,1
111900058,128,876,-748
111900059,1849,165,1684
111900060,131,2,129
111900061,3,361,-358
111900062,12,9,3
111900063,87,241,-154
111900064,104,287,-183
111900065,29,18,11
111900066,69,94,-25
111900067,2,400,-398
111900068,12,15,-3
111900069,21,9,12
111900070,65,155,-90
111900071,0,337,-337
111900072,23,13,10
111900073,237,58,179
111900074,4,196,-192
111900075,24,3,21
111900076,34,24,10
111900077,11,0,11
111900078,126,16,110
111900079,8,3,5
111900080,200,50,150
111900081,894,76,818
111900082,47,9,38
111900083,23,6,17
111900084,28,0,28
111900085,30,48,-18
111900086,12,3,9
111900087,27,1,26
111900088,175,5,170
111900089,22,2,20
111900090,45,13,32
111900091,59,0,59
111900092,18,0,18
111900093,127,1,126
111900094,22,0,22
111900095,66,12,54
111900096,64,1,63
111900097,11,0,11
111900098,81,1,80
111900099,6,0,6
111900100,41,1,40
111900101,26,5,21
111900102,112,891,-779
111900103,55,29,26
111900104,48,63,-15
111900105,216,180,36
111900106,1915,59,1856
111900107,36,107,-71
111900108,56,37,19
111900109,365,144,221
111900110,3718,194,3524
111900111,27,187,-160
111900112,914,780,134
111900113,287,32,255
111900114,172,121,51
111900115,7,37,-30
111900118,128,21,107
111900119,141,31,110
111900122,40,34,6
111900123,1,7,-6
111900124,25,114,-89
111900125,168,6,162
111900126,67,2,65
111900127,5,734,-729
111900128,2,623,-621
111900129,70,5,65
111900130,109,4,105
111900131,91,2,89
111900132,25,1349,-1324
111900133,1,367,-366
111900134,32,360,-328
111900135,0,4,-4
111900136,46,74,-28
111900137,34,29,5
111900138,7,58,-51
111900139,9,140,-131
111900140,26,7,19
111900141,16,8,8
111900142,31,13,18
111900143,7,332,-325
111900144,0,129,-129
111900145,5,786,-781
111900146,5,417,-412
111900147,207,554,-347
111900148,46,1083,-1037
111900149,2,522,-520
111900150,18,251,-233
111900151,1,34,-33
111900152,97,48,49
111900153,1959,190,1769
111900154,2,107,-105
111900155,44,24,20
111900156,21,21,0
111900157,22,8,14
111900158,191,9,182
111900159,61,1,60
111900160,81,0,81
111900161,31,0,31
111900162,92,79,13
111900163,32,200,-168
111900164,49,21,28
111901113,87,284,-197
111901114,25,432,-407
111901115,16,0,16
111901116,18,2,16
111901117,5,13,-8
111901118,76,28,48
111901119,1379,80,1299
111901120,72,238,-166
111901121,182,342,-160
111901122,4,692,-688
111901123,82,517,-435
111901124,69,1,68
111901125,84,52,32
111901126,32,21,11
111901127,935,241,694
111901128,9,121,-112
111901129,4,130,-126
111901130,6,309,-303
111901131,1,167,-166
111901132,38,1,37
111901133,6,1,5
111901134,35,0,35
111901135,5,1,4
111901136,11,11,0
111901137,2,13,-11
111901138,37,45,-8
111901139,25,74,-49
111901140,3,170,-167
111901141,6,253,-247
111901142,1,127,-126
111901143,2,111,-109
111901144,6,23,-17
112000001,1009,712,297
112000002,670,2378,-1708
112000003,415,613,-198
112000004,499,1637,-1138
112000005,1239,1074,165
112000006,1123,1945,-822
112000007,1086,968,118
112000008,1540,2466,-926
112000009,3625,3168,457
112000010,1444,1786,-342
112000011,1363,2163,-800
112000012,5147,1720,3427
112000013,6137,2755,3382
112000014,2378,777,1601
112000015,2419,1905,514
112000016,3260,767,2493
112000017,1465,1122,343
112000024,1906,619,1287
112000026,4303,4834,-531
112000027,562,312,250
112000028,1402,1773,-371
112000029,245,384,-139
112000030,166,104,62
112000031,1348,1995,-647
112000032,582,62,520
112000033,1763,697,1066
112000034,237,47,190
112000035,81,204,-123
112000036,779,549,230
112000037,559,861,-302
112000038,618,821,-203
112000039,11,61,-50
112000040,123,381,-258
112000041,326,499,-173
112000042,933,272,661
112000050,361,1178,-817
112000051,480,596,-116
112000054,1383,2384,-1001
112000057,560,251,309
112000058,364,396,-32
112000059,925,386,539
112000061,5955,1184,4771
112000062,2957,491,2466
112000063,1861,550,1311
112000064,5486,5338,148
112000065,2420,2626,-206
112000066,2520,622,1898
112000067,700,621,79
112000068,1410,781,629
112000069,628,2315,-1687
112000070,1152,337,815
112000071,555,3106,-2551
112000072,778,672,106
112000073,1182,1611,-429
112000074,700,614,86
112000075,627,737,-110
112000076,2870,2628,242
112000077,259,705,-446
112000078,758,641,117
112000079,1051,1345,-294
112000080,309,877,-568
112000081,760,1802,-1042
112000082,686,507,179
112000083,378,1608,-1230
112000084,639,554,85
112000085,630,1276,-646
112000086,895,1420,-525
112000087,135,457,-322
112000088,180,602,-422
112000089,89,314,-225
112000090,84,441,-357
112000091,562,1250,-688
112000092,921,772,149
112000093,1258,1117,141
112000094,282,736,-454
112000095,404,696,-292
112000096,285,612,-327
112000097,326,387,-61
112000098,642,1788,-1146
112000099,414,453,-39
112000100,751,804,-53
112000101,362,1034,-672
112000102,436,444,-8
112000103,193,1492,-1299
112000105,220,2009,-1789
112000106,432,265,167
112000107,5,119,-114
112000108,121,1436,-1315
112000109,29,51,-22
112000110,487,311,176
112000111,1121,4163,-3042
112000112,2492,469,2023
112000113,896,2162,-1266
112000114,1173,758,415
112000115,124,516,-392
112000116,427,946,-519
112000117,401,600,-199
112000118,697,799,-102
112000119,328,1035,-707
112000120,115,429,-314
112000121,45,728,-683
112000122,114,136,-22
112000123,212,117,95
112000124,133,65,68
112000125,44,129,-85
112000126,117,720,-603
112000127,2502,903,1599
112000128,1159,401,758
112000129,38,99,-61
112000130,45,50,-5
112000131,8,377,-369
112000132,50,301,-251
112000133,144,251,-107
112000134,326,311,15
112000135,411,544,-133
112000136,637,1123,-486
112000137,506,989,-483
112000138,797,1308,-511
112000139,533,153,380
112000140,853,1008,-155
112000141,249,143,106
112000142,75,1053,-978
112000143,491,189,302
112000144,191,1641,-1450
112000145,1126,563,563
112000146,506,2265,-1759
112000147,854,1244,-390
112000148,1209,1896,-687
112000149,126,667,-541
112000150,65,605,-540
112000151,203,685,-482
112000152,125,328,-203
112000153,179,245,-66
112000154,76,94,-18
112000155,64,45,19
112000157,527,381,146
112000158,124,705,-581
112000159,171,321,-150
112000167,100,19,81
112000169,275,235,40
112000173,289,249,40
112000175,160,334,-174
112000176,5591,1587,4004
112000177,188,94,94
112000178,32,559,-527
112000179,87,154,-67
112000180,187,227,-40
112000181,844,1989,-1145
112000182,449,2230,-1781
112000183,37,42,-5
112000184,128,672,-544
112000185,210,568,-358
112000187,2995,2570,425
112000195,64,14,50
112000196,167,9,158
112000197,137,71,66
112000198,21,464,-443
112000199,67,856,-789
112000202,147,0,147
112000216,45,136,-91
112000230,32,5,27
112000231,5,392,-387
112000256,16,102,-86
112000313,113,210,-97
112000314,10,8,2
112000337,127,561,-434
112000352,192,118,74
112000392,1881,938,943
112000398,491,684,-193
112000399,2147,1209,938
112000400,1515,4061,-2546
112000401,2275,2793,-518
112000402,965,1523,-558
112000403,1799,1295,504
112000404,238,548,-310
112000405,1034,1989,-955
112000406,3095,3093,2
112000407,3068,4909,-1841
112000408,8657,6782,1875
112000409,1384,4747,-3363
112000410,165,72,93
112000411,5284,595,4689
112000412,1015,270,745
112000413,10250,1682,8568
112000414,36,74,-38
112000415,36,43,-7
112000416,1156,999,157
112000417,77,42,35
112000421,10,141,-131
112000422,216,529,-313
112000424,2183,1155,1028
112000425,272,923,-651
112000426,54,215,-161
112000427,0,6,-6
112000428,40,391,-351
112000429,1442,2543,-1101
112000430,1504,2690,-1186
112000431,26,57,-31
112000432,489,2055,-1566
112000433,550,505,45
112000437,15,314,-299
112900001,41,1,40
112900002,85,1459,-1374
112900003,10,210,-200
112900004,34,462,-428
112900005,83,283,-200
112900006,4,523,-519
112900007,22,294,-272
112900008,0,5,-5
112900009,373,99,274
112900010,140,790,-650
112900011,254,325,-71
112900012,0,36,-36
112900013,4,178,-174
112900014,0,312,-312
112900015,342,1021,-679
112900016,1,271,-270
112900017,11,185,-174
112900018,0,345,-345
112900019,79,152,-73
112900020,528,1633,-1105
112900021,3,285,-282
112900022,9,99,-90
112900023,0,263,-263
112900024,8,192,-184
112900025,76,273,-197
112900026,5,278,-273
112900027,8,1394,-1386
112900028,15,114,-99
112900029,7,735,-728
112900030,199,174,25
112900031,5,605,-600
112900032,95,232,-137
112900034,0,76,-76
112900035,2,529,-527
112900036,29,153,-124
112900037,126,64,62
112900038,251,140,111
112900039,20,370,-350
112900040,1,338,-337
112900041,1593,685,908
112900042,27,439,-412
112900043,28,63,-35
112900044,414,353,61
112900045,490,324,166
112900046,254,60,194
112900047,12,10,2
112900049,55,88,-33
112900050,59,664,-605
112900051,278,757,-479
112900052,16,1145,-1129
112900053,271,126,145
112900054,211,20,191
112900055,143,15,128
112900056,178,90,88
112900057,4,776,-772
112900058,253,126,127
112900059,87,117,-30
112900060,12,285,-273
112900061,52,153,-101
112900062,36,175,-139
112900063,62,4,58
112900064,162,108,54
112900065,32,7,25
112900066,141,68,73
112900067,624,115,509
112900068,19,11,8
112900069,2518,315,2203
112900071,13,1,12
112900072,187,396,-209
112900073,138,30,108
112900074,30,59,-29
112900075,2329,348,1981
112900076,48,7,41
112900078,78,152,-74
112900079,78,13,65
112900080,21,2,19
112900081,26,67,-41
112900082,231,5,226
112900083,27,17,10
112900084,80,35,45
112900085,0,3,-3
112900086,8,0,8
112900087,177,51,126
112900088,29,6,23
112900089,490,8,482
112900090,17,21,-4
112900091,46,2,44
112900092,111,107,4
112900093,466,7,459
112900094,22,2,20
112900095,19,7,12
112900096,214,68,146
112900097,26,453,-427
112900098,158,0,158
112900099,312,7,305
112900100,26,5,21
112900101,84,1,83
112900102,39,6,33
112900103,60,0,60
112900104,2,0,2
112900105,8,0,8
112900106,132,49,83
112900107,5,1,4
112900108,54,0,54
112900109,15,11,4
112900110,315,6,309
112900111,175,0,175
112900112,95,1,94
112900113,0,17,-17
112900114,18,21,-3
112900115,273,2,271
112900116,59,37,22
112900117,74,103,-29
112900118,27,77,-50
112900119,57,2,55
112900120,644,170,474
112900121,308,190,118
112900122,9,177,-168
112900123,114,7,107
112900124,0,166,-166
112900125,92,309,-217
112900126,112,261,-149
112900127,129,41,88
112900128,475,739,-264
112900129,3,1105,-1102
112900130,83,46,37
112900131,52,193,-141
112900132,56,381,-325
112900133,20,1380,-1360
112900134,0,303,-303
112900135,39,13,26
112900136,0,43,-43
112900137,2,824,-822
112900138,9,536,-527
112900139,158,1533,-1375
112900140,0,76,-76
112900141,304,33,271
112900142,69,34,35
112900143,33,740,-707
112900144,3,241,-238
112900145,33,585,-552
112900146,8,1633,-1625
112900147,9,2602,-2593
112900148,18,0,18
112900149,117,365,-248
112900151,16,20,-4
112900152,4834,1199,3635
112900153,1404,736,668
112900154,1,63,-62
112900155,44,12,32
112900156,104,1799,-1695
112900157,48,4,44
112900158,11,13,-2
112900159,121,37,84
112900160,30,237,-207
112900161,32,35,-3
112900162,26,2,24
112900163,92,22,70
112900164,25,53,-28
112900165,46,26,20
112900166,10,20,-10
112900167,2,13,-11
112900168,3,1,2
112900169,5,1,4
112900170,36,85,-49
112900172,60,2,58
112900173,299,81,218
112900174,153,32,121
112900175,150,68,82
112900176,8,1,7
112900177,74,26,48
112900178,353,599,-246
112900179,15,495,-480
112900180,581,2200,-1619
112900181,231,5,226
112900182,27,1617,-1590
112900183,90,135,-45
112900184,348,230,118
112900185,277,284,-7
112900186,1847,489,1358
112900187,35,155,-120
112900188,652,268,384
112900189,30,20,10
112900190,0,43,-43
112900192,315,180,135
112900193,975,203,772
112900194,37,80,-43
112900195,384,15,369
112900196,169,572,-403
112900197,128,438,-310
112900199,181,634,-453
112900200,172,325,-153
112900201,37,85,-48
112900202,97,1071,-974
112900203,77,352,-275
112900204,750,308,442
112900205,1,5,-4
112900206,5,59,-54
112900207,8,0,8
112900208,39,74,-35
112900209,287,381,-94
112900210,0,7,-7
112900211,24,30,-6
112900212,0,48,-48
112900213,1,16,-15
112900214,8,4,4
112900215,2,217,-215
112900216,24,39,-15
112900217,1,72,-71
112900218,19,8,11
112900219,26,8,18
112900220,1,0,1
112900221,5,110,-105
112900222,0,10,-10
112900223,418,6,412
112900224,125,831,-706
112900225,202,575,-373
112900226,311,239,72
112900227,173,1566,-1393
112900228,15,26,-11
112900229,41,92,-51
112900230,8465,2649,5816
112900232,98,164,-66
112900233,38,220,-182
112900234,21,124,-103
112900235,27,11,16
112900236,60,12,48
112900237,59,363,-304
112900238,1,27,-26
113000001,4023,4338,-315
113000002,3022,3214,-192
113000003,1702,1529,173
113000004,1806,2095,-289
113000005,1051,1030,21
113000006,794,1150,-356
113000007,1012,1290,-278
113000008,1169,1634,-465
113000009,547,850,-303
113000010,733,1528,-795
113000011,562,1648,-1086
113000012,794,595,199
113000013,761,400,361
113000014,1708,1262,446
113000015,648,180,468
113000016,193,284,-91
113000017,77,252,-175
113000018,109,33,76
113000019,82,267,-185
113000020,30,19,11
113000021,738,498,240
113000022,314,1154,-840
113000025,38,258,-220
113000026,146,362,-216
113000027,663,358,305
113000028,1007,413,594
113000029,648,531,117
113000030,454,528,-74
113000031,304,212,92
113000032,217,158,59
113000033,361,240,121
113000034,524,282,242
113000035,25,33,-8
113000036,10,51,-41
113000037,81,27,54
113000038,9,46,-37
113000039,80,408,-328
113000040,59,80,-21
113000042,694,612,82
113000051,530,1499,-969
113000052,2164,1189,975
113000053,190,604,-414
113000054,147,656,-509
113000055,564,930,-366
113000056,383,1483,-1100
113000058,708,850,-142
113000059,1045,686,359
113000060,70,489,-419
113000061,416,725,-309
113000062,1192,152,1040
113000063,59,220,-161
113000064,22,369,-347
113000065,106,1153,-1047
113000066,313,85,228
113000067,1001,1164,-163
113000068,247,2108,-1861
113000069,305,1412,-1107
113000070,822,643,179
113000071,226,774,-548
113000072,303,452,-149
113000073,567,1555,-988
113000074,846,305,541
113000075,1733,398,1335
113000076,1093,1462,-369
113000077,1735,292,1443
113000078,1225,1360,-135
113000079,674,475,199
113000080,546,380,166
113000081,834,745,89
113000082,1111,632,479
113000083,421,636,-215
113000084,1247,954,293
113000085,712,444,268
113000086,769,869,-100
113000087,853,633,220
113000088,1891,998,893
113000089,751,1228,-477
113000090,201,270,-69
113000091,805,227,578
113000094,630,123,507
113000095,226,1036,-810
113000096,88,1066,-978
113000097,628,334,294
113000098,81,26,55
113000099,882,176,706
113000100,123,380,-257
113000101,305,522,-217
113000102,308,178,130
113000103,2327,569,1758
113000104,265,1950,-1685
113000105,647,412,235
113000106,350,543,-193
113000107,474,758,-284
113000108,709,1332,-623
113000109,354,2329,-1975
113000110,1309,301,1008
113000111,79,357,-278
113000112,198,236,-38
113000113,2029,228,1801
113000114,344,936,-592
113000116,583,203,380
113000117,701,183,518
113000118,158,265,-107
113000119,146,409,-263
113000120,46,194,-148
113000121,320,760,-440
113000124,100,111,-11
113000125,16,461,-445
113000127,3720,561,3159
113000128,453,439,14
113000129,631,1072,-441
113000133,4495,849,3646
113000134,7,454,-447
113000135,2602,1736,866
113000137,2651,1197,1454
113000139,399,88,311
113000140,193,224,-31
113000141,429,91,338
113000142,684,691,-7
113000143,270,134,136
113000144,319,532,-213
113000145,47,154,-107
113000146,76,110,-34
113000147,104,208,-104
113000148,100,178,-78
113000149,74,202,-128
113000150,377,422,-45
113000151,111,64,47
113000152,36,129,-93
113000153,1842,515,1327
113000154,674,1100,-426
113000155,211,318,-107
113000156,130,385,-255
113000157,238,753,-515
113000158,354,166,188
113000159,713,306,407
113000160,468,1143,-675
113000161,198,787,-589
113000162,486,343,143
113000163,59,30,29
113000164,17,108,-91
113000166,64,50,14
113000167,9,235,-226
113000168,51,237,-186
113000169,104,26,78
113000170,74,46,28
113000171,64,92,-28
113000172,184,66,118
113000173,24,15,9
113000174,89,538,-449
113000175,255,99,156
113000176,283,83,200
113000177,96,438,-342
113000178,190,374,-184
113000179,216,90,126
113000180,410,1157,-747
113000181,526,889,-363
113000182,141,291,-150
113000183,153,524,-371
113000184,21,138,-117
113000189,452,471,-19
113000190,1578,381,1197
113000192,2421,1088,1333
113000193,4834,690,4144
113000194,1688,975,713
113000195,2173,437,1736
113000196,41,81,-40
113000197,1172,736,436
113000198,20,280,-260
113000199,817,366,451
113000201,229,137,92
113000202,3262,1631,1631
113000203,343,122,221
113000204,1556,974,582
113000205,3,27,-24
113000206,15,22,-7
113000207,58,18,40
113000208,25,51,-26
113000209,12,23,-11
113000210,12,29,-17
113000211,218,78,140
113000212,199,23,176
113000213,22,75,-53
113000214,56,168,-112
113000234,150,1475,-1325
113000410,35,102,-67
113000411,2762,3468,-706
113000412,10370,1505,8865
113000413,4218,1799,2419
113000414,13063,7282,5781
113000415,2786,2076,710
113000416,10396,2883,7513
113000417,4002,2426,1576
113000418,2947,2030,917
113000419,2275,1329,946
113000420,3937,2895,1042
113000421,3718,3711,7
113000422,17816,6426,11390
113000423,2793,3065,-272
113000424,4297,5072,-775
113000425,5,69,-64
113000428,33,4,29
113000430,10,2,8
113000432,732,60,672
113000433,135,1115,-980
113000434,8,405,-397
113000435,5,1073,-1068
113000436,28,1472,-1444
113000437,243,10,233
113000438,86,9,77
113000439,6,170,-164
113000440,38,19,19
113000441,82,180,-98
113000442,72,294,-222
113000443,83,307,-224
113000444,87,343,-256
113000445,13,150,-137
113000446,3,102,-99
113000448,75,170,-95
113000449,245,505,-260
113000450,626,1807,-1181
113000451,1130,103,1027
113000452,316,195,121
113000453,81,188,-107
113000454,806,9,797
113000455,6,111,-105
113000456,3831,1588,2243
113000468,2878,308,2570
113000469,277,146,131
113000470,530,94,436
113000471,12,281,-269
113000472,57,231,-174
113000474,159,626,-467
113000475,1112,1656,-544
113000476,672,1840,-1168
113000477,1376,1942,-566
113000478,2814,5803,-2989
113000479,48,236,-188
113000480,127,71,56
113000482,0,0,0
113000484,0,0,0
113000485,0,0,0
113000486,0,0,0
113000487,0,0,0
113000489,0,0,0
113000490,0,0,0
113000491,0,0,0
113000492,0,0,0
113000493,0,0,0
113000495,91,147,-56
113000496,34,40,-6
113000498,0,0,0
113000499,0,0,0
113000500,0,3,-3
113900001,0,65,-65
113900002,0,133,-133
113900003,0,76,-76
113900004,0,19,-19
113900005,0,18,-18
113900006,2,17,-15
113900007,35,5,30
113900008,50,1,49
113900009,207,0,207
113900010,96,0,96
113900011,9,3,6
113900012,7,2,5
113900013,439,4,435
113900014,312,1,311
113900015,0,55,-55
113900016,25,1,24
113900017,2,55,-53
113900018,427,57,370
113900019,26,42,-16
113900020,55,1,54
113900022,1,0,1
113900023,11,1,10
113900024,41,106,-65
113900025,337,17,320
113900026,25,1,24
113900027,1,61,-60
113900028,5,411,-406
113900029,31,268,-237
113900030,73,2,71
113900031,1,0,1
113900032,14,2,12
113900033,29,77,-48
113900035,16,2,14
113900036,12,107,-95
113900037,46,546,-500
113900038,26,41,-15
113900039,62,7,55
113900040,11,5,6
113900041,1,1,0
113900042,17,54,-37
113900043,153,92,61
113900044,127,36,91
113900045,13,4,9
113900046,216,795,-579
113900047,32,156,-124
113900048,345,30,315
113900049,797,122,675
113900050,135,333,-198
113900051,119,445,-326
113900052,211,134,77
113900053,512,97,415
113900054,3,1,2
113900055,98,666,-568
113900056,40,163,-123
113900057,8,106,-98
113900058,45,225,-180
113900059,97,340,-243
113900060,72,302,-230
113900061,1012,82,930
113900062,34,8,26
113900063,74,147,-73
113900064,8,188,-180
113900065,217,14,203
113900066,125,455,-330
113900067,39,427,-388
113900068,231,259,-28
113900069,91,12,79
113900070,250,495,-245
113900071,30,51,-21
113900072,28,199,-171
113900073,64,292,-228
113900074,14,457,-443
113900075,633,607,26
113900076,124,3,121
113900077,25,283,-258
113900078,45,61,-16
113900079,0,45,-45
113900080,328,127,201
113900081,18,277,-259
113900082,52,181,-129
113900083,118,701,-583
113900084,191,60,131
113900085,26,361,-335
113900086,12,20,-8
113900087,25,222,-197
113900088,21,59,-38
113900089,270,17,253
113900090,261,317,-56
113900091,12,31,-19
113900092,14,65,-51
113900093,41,324,-283
113900094,172,539,-367
113900095,74,55,19
113900096,81,45,36
113900097,1,118,-117
113900098,345,28,317
113900099,0,61,-61
113900100,0,3,-3
113900101,1,39,-38
113900102,46,66,-20
113900103,160,203,-43
113900104,54,86,-32
113900105,21,333,-312
113900106,1,93,-92
113900107,2,31,-29
113900108,135,153,-18
113900109,435,103,332
113900110,19,3,16
113900111,36,96,-60
113900112,24,61,-37
113900113,431,279,152
113900114,1,110,-109
113900115,0,113,-113
113900116,85,116,-31
113900117,56,8,48
113900118,141,157,-16
113900119,347,209,138
113900120,16,46,-30
113900121,24,78,-54
113900122,220,952,-732
113900123,287,107,180
113900124,1,69,-68
113900125,1427,181,1246
113900126,78,20,58
113900127,151,290,-139
113900128,71,41,30
113900129,6,99,-93
113900130,1,14,-13
113900131,68,53,15
113900132,47,37,10
113900133,12,26,-14
113900135,84,355,-271
113900136,50,46,4
113900137,220,119,101
113900138,62,115,-53
113900139,506,60,446
113900140,539,165,374
113900141,165,502,-337
113900142,67,90,-23
113900143,6,21,-15
113900144,311,102,209
113900145,141,200,-59
113900146,83,62,21
113900148,93,154,-61
113900149,98,29,69
113900150,1474,513,961
113900151,134,169,-35
113900152,20,63,-43
113900153,482,468,14
113900154,1,88,-87
113900155,236,76,160
113900156,163,632,-469
113900157,25,230,-205
113900158,369,110,259
113900159,12,183,-171
113900160,328,736,-408
113900161,13,125,-112
113900162,687,440,247
113900163,191,184,7
113900164,136,41,95
113900165,435,1037,-602
113900166,372,135,237
113900167,187,29,158
113900168,106,125,-19
113900169,167,481,-314
113900171,71,27,44
113900172,1,202,-201
113900173,38,725,-687
113900174,309,738,-429
113900175,199,108,91
113900176,128,909,-781
113900177,183,209,-26
113900178,173,141,32
113900179,11,773,-762
113900180,95,151,-56
113900181,402,171,231
113900182,326,959,-633
113900183,51,59,-8
113900184,12,545,-533
113900185,86,67,19
113900186,22,30,-8
113900187,27,131,-104
113900188,22,146,-124
113900189,181,45,136
113900190,349,108,241
113900191,91,250,-159
113900192,1,279,-278
113900193,28,347,-319
113900194,1896,909,987
113900195,237,451,-214
113900196,1,102,-101
113900197,2,328,-326
113900198,12,100,-88
113900199,181,774,-593
113900200,14,239,-225
113900201,2,329,-327
113900202,37,209,-172
113900203,2,275,-273
113900204,39,574,-535
113900205,6,100,-94
113900206,10,124,-114
113900207,0,71,-71
113900208,0,48,-48
113900209,1,79,-78
113900210,501,477,24
113900211,132,19,113
113900212,96,573,-477
113900214,466,323,143
113900215,29,154,-125
113900216,45,1292,-1247
113900217,17,331,-314
113900218,58,25,33
113900219,101,517,-416
113900220,88,63,25
113900221,220,108,112
113900222,209,212,-3
113900223,34,921,-887
113900224,93,40,53
113900225,851,282,569
113900226,195,134,61
113900227,217,146,71
113900228,368,220,148
113900229,35,374,-339
113900230,5466,1233,4233
113900231,100,301,-201
113900232,36,103,-67
113900233,33,45,-12
113900234,160,249,-89
113900235,61,10,51
113900236,22,434,-412
113900237,53,10,43
113900238,134,231,-97
113900239,45,29,16
113900240,5,51,-46
113900241,122,68,54
113900242,22,107,-85
113900243,172,372,-200
113900244,582,153,429
113900245,1393,243,1150
113900246,3,3,0
113900247,117,133,-16
113900248,4971,969,4002
113900249,1296,186,1110
113900250,33,49,-16
113900251,287,195,92
113900252,335,9,326
113900253,388,25,363
113900254,361,69,292
113900255,210,17,193
113900256,155,10,145
113900257,21,701,-680
113900258,11,634,-623
113900259,238,216,22
113900260,87,11,76
113900261,16,126,-110
113900262,114,849,-735
113900263,80,532,-452
113900264,2,631,-629
113900265,130,279,-149
113900266,25,309,-284
113900267,87,475,-388
113900268,144,245,-101
113900269,32,113,-81
113900270,230,293,-63
113900271,409,1552,-1143
113900273,18,5,13
113900274,13,4,9
113900275,13,54,-41
113900276,1,342,-341
113900277,55,2,53
113900278,273,137,136
113900279,101,87,14
113900280,1029,465,564
113900281,264,742,-478
113900282,743,348,395
113900283,243,342,-99
113900284,272,86,186
113900285,56,31,25
113900286,41,144,-103
113900287,23,109,-86
113900288,0,50,-50
113900289,1488,63,1425
113900290,454,55,399
113900291,126,188,-62
113900292,16,9,7
113900293,1,183,-182
113900294,209,9,200
113900295,326,213,113
113900296,2561,282,2279
113900297,493,20,473
113900298,3,1600,-1597
113900299,18,194,-176
113900300,7346,1996,5350
113900301,924,291,633
113900302,2378,515,1863
113900303,667,123,544
113900304,1,177,-176
113900305,46,0,46
113900306,21,0,21
113900307,26,1,25
113900308,65,97,-32
113900309,3,860,-857
113900310,0,14,-14
113900311,2,1,1
113900312,49,87,-38
113900313,17,13,4
114000001,896,3434,-2538
114000002,99,445,-346
114000003,39,333,-294
114000004,31,142,-111
114000005,139,218,-79
114000006,3136,1897,1239
114000007,594,1287,-693
114000008,1198,849,349
114000009,236,176,60
114000011,2020,3348,-1328
114000012,1068,2729,-1661
114000013,936,2034,-1098
114000014,321,390,-69
114000015,635,632,3
114000016,158,394,-236
114000017,79,194,-115
114000018,383,60,323
114000026,725,1646,-921
114000027,1239,2000,-761
114000028,1509,1756,-247
114000038,91,165,-74
114000039,46,109,-63
114000040,52,168,-116
114000042,39,175,-136
114000043,18,190,-172
114000044,60,84,-24
114000045,30,105,-75
114000046,2014,4200,-2186
114000047,7,47,-40
114000048,55,64,-9
114000049,1246,827,419
114000050,1273,849,424
114000051,3029,1203,1826
114000052,2508,971,1537
114000053,34,458,-424
114000054,59,1576,-1517
114000055,110,11,99
114000056,1641,495,1146
114000057,8439,2419,6020
114000058,559,464,95
114000059,282,145,137
114000060,303,672,-369
114000061,3112,1070,2042
114000062,2610,572,2038
114000063,3359,1543,1816
114000064,9878,2288,7590
114000065,1786,1787,-1
114000066,192,646,-454
114000067,18,321,-303
114000068,332,371,-39
114000069,832,427,405
114000070,2302,1074,1228
114000071,322,665,-343
114000072,108,407,-299
114000073,14,151,-137
114000074,10,25,-15
114000075,34,162,-128
114000076,8,235,-227
114000077,4,70,-66
114000078,116,1486,-1370
114000079,41,25,16
114000080,74,87,-13
114000081,26,71,-45
114000082,43,647,-604
114000083,18,383,-365
114000084,82,85,-3
114000085,102,937,-835
114000086,89,720,-631
114000087,26,280,-254
114000088,21,82,-61
114000089,1479,478,1001
114000090,438,345,93
114000091,1547,269,1278
114000092,812,205,607
114000093,626,491,135
114000094,192,297,-105
114000095,54,50,4
114000096,66,537,-471
114000097,72,1111,-1039
114000098,162,32,130
114000099,202,895,-693
114000100,461,681,-220
114000101,183,1484,-1301
114000102,149,279,-130
114000103,93,544,-451
114000104,2,349,-347
114000105,34,44,-10
114000106,867,350,517
114000107,76,165,-89
114000108,1879,1260,619
114000109,247,334,-87
114000110,385,1784,-1399
114000111,642,400,242
114000112,132,1388,-1256
114000113,288,242,46
114000114,1061,1453,-392
114000115,853,474,379
114000116,266,685,-419
114000117,1120,288,832
114000118,891,267,624
114000119,639,214,425
114000120,413,996,-583
114000121,264,512,-248
114000122,202,249,-47
114000123,733,195,538
114000124,258,272,-14
114000125,634,1694,-1060
114000126,551,137,414
114000127,63,181,-118
114000128,504,495,9
114000130,232,460,-228
114000131,73,29,44
114000132,500,763,-263
114000133,1208,1383,-175
114000134,49,214,-165
114000138,24,200,-176
114000139,226,75,151
114000144,548,242,306
114000145,72,205,-133
114000146,98,374,-276
114000147,698,711,-13
114000148,2040,987,1053
114000149,202,139,63
114000150,741,452,289
114000151,609,630,-21
114000152,129,16,113
114000153,893,990,-97
114000154,599,466,133
114000155,909,1109,-200
114000156,492,333,159
114000157,131,619,-488
114000158,2509,629,1880
114000159,185,304,-119
114000160,135,168,-33
114000161,1361,1075,286
114000162,694,790,-96
114000163,10,205,-195
114000165,132,129,3
114000166,519,179,340
114000167,3925,1018,2907
114000168,812,648,164
114000169,1457,458,999
114000170,1176,560,616
114000171,540,968,-428
114000174,135,434,-299
114000176,464,323,141
114000177,2330,883,1447
114000178,48,81,-33
114000179,1058,497,561
114000180,373,536,-163
114000181,1314,1816,-502
114000182,4647,2049,2598
114000183,1140,954,186
114000184,7105,1462,5643
114000185,569,733,-164
114000189,365,40,325
114000190,1031,147,884
114000191,17,41,-24
114000192,262,1598,-1336
114000193,1012,3376,-2364
114000194,1014,1205,-191
114000195,48,14,34
114000196,4,293,-289
114000197,466,22,444
114000198,1138,355,783
114000199,1753,928,825
114000200,458,2485,-2027
114000201,94,1145,-1051
114000202,697,850,-153
114000203,318,809,-491
114000204,119,412,-293
114000205,168,1780,-1612
114000206,353,1138,-785
114000207,505,2479,-1974
114000208,416,3596,-3180
114000209,549,3245,-2696
114000210,296,1653,-1357
114000211,693,1372,-679
114000212,501,719,-218
114000213,764,508,256
114000214,54,243,-189
114000215,79,55,24
114000216,630,198,432
114000217,87,331,-244
114000218,64,383,-319
114000219,474,262,212
114000220,4,1034,-1030
114000221,274,118,156
114000222,155,1061,-906
114000223,248,74,174
114000224,95,695,-600
114000225,132,524,-392
114000226,52,217,-165
114000227,435,410,25
114000228,472,940,-468
114000229,553,1146,-593
114000230,1132,1478,-346
114000231,628,1088,-460
114000232,303,127,176
114000233,1099,85,1014
114000234,650,996,-346
114000235,523,1546,-1023
114000236,2,484,-482
114000237,45,1289,-1244
114000238,31,154,-123
114000239,152,1521,-1369
114000240,479,651,-172
114000241,219,1052,-833
114000242,927,968,-41
114000243,886,637,249
114000244,389,323,66
114000245,253,579,-326
114000246,103,41,62
114000247,415,649,-234
114000248,536,436,100
114000249,411,397,14
114000250,261,495,-234
114000251,159,338,-179
114000252,28,114,-86
114000253,24,256,-232
114000254,10,114,-104
114000255,422,136,286
114000256,2063,497,1566
114000257,495,2043,-1548
114000258,99,482,-383
114000259,30,315,-285
114000260,0,28,-28
114000261,26,23,3
114000262,41,193,-152
114000263,11,1,10
114000264,311,844,-533
114000265,0,0,0
114000267,8,1001,-993
114000268,0,2182,-2182
114000270,76,0,76
114000271,217,93,124
114000283,425,470,-45
114000285,51,282,-231
114000288,14,387,-373
114000289,652,68,584
114000293,69,403,-334
114000294,160,259,-99
114000395,621,41,580
114000396,202,227,-25
114000402,149,310,-161
114000403,169,530,-361
114000405,59,664,-605
114000423,88,610,-522
114000424,157,239,-82
114000425,188,692,-504
114000426,221,394,-173
114000427,16,84,-68
114000428,217,76,141
114000429,8,178,-170
114000432,38,141,-103
114000434,15,89,-74
114000435,0,11,-11
114900001,253,1438,-1185
114900002,261,70,191
114900003,261,2356,-2095
114900004,99,234,-135
114900005,238,1044,-806
114900006,13,24,-11
114900007,85,7,78
114900008,59,16,43
114900010,2886,1369,1517
114900011,75,89,-14
114900013,57,40,17
114900015,22,140,-118
114900018,628,38,590
114900020,73,33,40
114900021,100,79,21
114900022,3,646,-643
114900024,101,143,-42
114900025,145,182,-37
114900026,34,64,-30
114900027,131,202,-71
114900029,5,9,-4
114900030,143,183,-40
114900031,83,21,62
114900032,63,33,30
114900033,1374,196,1178
114900034,30,277,-247
114900035,124,253,-129
114900036,154,1179,-1025
114900037,30,259,-229
114900038,101,1025,-924
114900039,300,824,-524
114900040,37,198,-161
114900041,188,753,-565
114900042,309,993,-684
114900043,561,321,240
114900044,40,14,26
114900045,66,261,-195
114900046,38,166,-128
114900047,157,853,-696
114900048,39,211,-172
114900049,16,216,-200
114900050,7,652,-645
114900051,15,594,-579
114900052,96,217,-121
114900053,51,221,-170
114900054,36,127,-91
114900057,175,2,173
114900058,0,120,-120
114900059,22,32,-10
114900060,1326,333,993
114900061,113,218,-105
114900062,242,236,6
114900063,36,310,-274
114900064,563,791,-228
114900065,155,631,-476
114900067,16,347,-331
114900068,64,166,-102
114900069,165,179,-14
114900070,154,740,-586
114900072,3,223,-220
114900073,0,174,-174
114900074,131,988,-857
114900075,92,0,92
114900076,3,393,-390
114900080,3419,473,2946
114900082,3748,1195,2553
114900083,522,694,-172
114900084,185,270,-85
114900090,119,84,35
114900091,71,194,-123
114900095,369,98,271
114900096,417,607,-190
114900097,39,35,4
114900098,3,179,-176
114900099,53,6,47
115000001,8692,6114,2578
115000002,2291,2592,-301
115000003,3469,4471,-1002
115000004,1730,3475,-1745
115000005,1138,2799,-1661
115000006,386,1069,-683
115000007,25,137,-112
115000008,283,375,-92
115000009,89,254,-165
115000010,149,133,16
115000013,80,117,-37
115000015,72,102,-30
115000016,209,194,15
115000019,12,356,-344
115000020,147,247,-100
115000021,221,350,-129
115000022,377,356,21
115000023,241,337,-96
115000024,1034,478,556
115000025,698,334,364
115000026,127,346,-219
115000027,186,274,-88
115000028,166,574,-408
115000029,300,147,153
115000030,280,721,-441
115000031,570,264,306
115000032,3,241,-238
115000033,75,14,61
115000034,93,999,-906
115000035,890,43,847
115000036,1,418,-417
115000037,203,3,200
115000038,27,140,-113
115000039,2656,1676,980
115000040,6596,2681,3915
115000041,627,1808,-1181
115000042,600,620,-20
115000043,2705,2568,137
115000044,3344,4575,-1231
115000045,1618,2504,-886
115000046,1059,2189,-1130
115000047,1098,1850,-752
115000048,1000,3020,-2020
115000049,1329,2940,-1611
115000050,2230,1672,558
115000051,2092,1436,656
115000052,3334,1867,1467
115000053,1156,1115,41
115000054,839,1264,-425
115000055,81,307,-226
115000056,141,248,-107
115000057,279,399,-120
115000058,199,76,123
115000059,145,198,-53
115000061,107,75,32
115000062,82,271,-189
115000063,100,284,-184
115000064,173,164,9
115000065,8,203,-195
115000067,223,32,191
115000069,31,314,-283
115000070,52,710,-658
115000071,67,6,61
115000072,17,61,-44
115000073,1259,31,1228
115000075,25,62,-37
115000076,3139,3573,-434
115000077,1096,3953,-2857
115000078,490,1906,-1416
115000079,782,2351,-1569
115000080,1196,2816,-1620
115000081,282,829,-547
115000082,2348,2531,-183
115000083,1467,3501,-2034
115000084,898,1001,-103
115000085,415,1101,-686
115000086,427,994,-567
115000087,454,1436,-982
115000088,1213,543,670
115000089,1520,1430,90
115000090,781,548,233
115000091,232,1305,-1073
115000092,216,240,-24
115000093,372,1,371
115000094,8498,3970,4528
115000095,6521,3989,2532
115000096,419,2273,-1854
115000097,330,741,-411
115000098,463,840,-377
115000099,1352,3631,-2279
115000100,540,536,4
115000101,324,1639,-1315
115000102,259,161,98
115000103,318,859,-541
115000105,41,186,-145
115000106,222,222,0
115000107,144,597,-453
115000108,4194,2689,1505
115000109,5646,2209,3437
115000110,1044,665,379
115000111,712,1466,-754
115000112,707,410,297
115000113,974,814,160
115000114,1867,797,1070
115000116,2833,1126,1707
115000117,3870,1593,2277
115000118,1476,1190,286
115000119,1497,1658,-161
115000120,343,522,-179
115000121,1696,784,912
115000122,4769,850,3919
115000123,2186,1096,1090
115000124,497,518,-21
115000125,335,541,-206
115000126,108,340,-232
115000127,258,174,84
115000128,1063,686,377
115000129,178,114,64
115000130,198,1201,-1003
115000131,292,250,42
115000132,102,485,-383
115000133,196,363,-167
115000134,111,212,-101
115000135,95,274,-179
115000136,82,170,-88
115000137,56,214,-158
115000138,112,174,-62
115000139,153,274,-121
115000140,98,212,-114
115000141,72,388,-316
115000142,67,396,-329
115000143,221,491,-270
115000144,205,86,119
115000145,170,556,-386
115000146,178,144,34
115000147,324,553,-229
115000148,330,1537,-1207
115000149,253,151,102
115000150,543,1289,-746
115000151,461,387,74
115000152,383,1789,-1406
115000153,338,478,-140
115000154,344,328,16
115000155,383,1233,-850
115000156,839,567,272
115000157,1014,860,154
115000158,652,337,315
115000159,640,392,248
115000160,581,497,84
115000161,497,555,-58
115000162,612,392,220
115000163,676,551,125
115000164,495,453,42
115000165,364,290,74
115000167,63,36,27
115000168,587,192,395
115000169,694,322,372
115000170,45,150,-105
115000171,171,105,66
115000172,1777,468,1309
115000173,193,219,-26
115000174,30,181,-151
115000175,55,68,-13
115000176,141,36,105
115000177,231,68,163
115000178,10,294,-284
115000179,24,10,14
115000180,48,739,-691
115000181,210,132,78
115000182,334,403,-69
115000183,146,1214,-1068
115000186,427,251,176
115000187,116,609,-493
115000188,377,433,-56
115000189,256,386,-130
115000190,640,424,216
115000191,284,425,-141
115000194,142,89,53
115000195,282,208,74
115000196,34,127,-93
115000197,75,472,-397
115000198,110,239,-129
115000199,121,396,-275
115000200,133,92,41
115000201,63,394,-331
115000206,145,117,28
115000207,42,373,-331
115000208,547,691,-144
115000209,358,169,189
115000210,86,98,-12
115000211,175,218,-43
115000212,1366,288,1078
115000218,76,48,28
115000219,1,87,-86
115000224,98,56,42
115000225,57,48,9
115000229,297,152,145
115000230,77,523,-446
115000231,252,2808,-2556
115000232,626,300,326
115000233,73,204,-131
115000234,21,265,-244
115000241,49,282,-233
115000242,45,293,-248
115000243,18,266,-248
115000244,4,71,-67
115000246,28,6,22
115000247,24,12,12
115000248,10,6,4
115000249,33,5,28
115000250,127,59,68
115000251,50,157,-107
115000252,15,158,-143
115000253,3,166,-163
115000258,88,183,-95
115000259,284,155,129
115000261,5,12,-7
115000262,14,22,-8
115000263,17,35,-18
115000264,6,47,-41
115000267,15,62,-47
115000268,40,104,-64
115000269,63,74,-11
115000270,1,27,-26
115000272,38,175,-137
115000273,188,40,148
115000274,143,357,-214
115000280,3043,77,2966
115000281,927,129,798
115000282,1266,437,829
115000284,289,98,191
115000296,381,37,344
115000297,129,44,85
115000298,31,111,-80
115000300,41,251,-210
115000302,170,263,-93
115000303,232,176,56
115000304,303,110,193
115000305,51,1241,-1190
115000306,67,515,-448
115000307,34,242,-208
115000308,30,11,19
115000310,513,1320,-807
115000311,346,1285,-939
115000313,92,836,-744
115000314,177,62,115
115000315,1420,193,1227
115000316,29,69,-40
115000317,184,686,-502
115000318,515,232,283
115000319,54,303,-249
115000320,8,157,-149
115000321,317,10,307
115000322,30,255,-225
115000449,455,69,386
115000557,28,382,-354
115000558,161,63,98
115000587,213,363,-150
115000588,1946,3586,-1640
115000589,2109,2175,-66
115000590,790,1437,-647
115000591,982,628,354
115000592,635,1290,-655
115000593,1066,409,657
115000594,1028,1122,-94
115000609,40,90,-50
115000617,2045,1151,894
115000624,45,24,21
115000633,368,1684,-1316
115000634,2351,857,1494
115000635,216,136,80
115000638,1212,739,473
115000641,97,114,-17
115000642,319,186,133
115000643,85,436,-351
115000644,94,425,-331
115000646,608,936,-328
115000647,111,474,-363
115000648,825,1844,-1019
115000893,3444,837,2607
115000894,74,1145,-1071
115000895,217,795,-578
115000896,616,288,328
115000897,356,55,301
115000898,905,151,754
115000899,698,864,-166
115000900,107,290,-183
115000901,61,79,-18
115000912,147,74,73
115000913,7,22,-15
115000915,2,0,2
115000916,0,0,0
115000917,0,1,-1
115000918,58,232,-174
115000919,8,7,1
115000920,14,44,-30
115000921,1324,103,1221
115000922,696,351,345
115000923,311,615,-304
115000925,15,55,-40
115000927,2,17,-15
115000933,165,79,86
115900001,13,61,-48
115900002,64,224,-160
115900003,71,192,-121
115900004,0,50,-50
115900005,49,2,47
115900006,99,408,-309
115900008,6,18,-12
115900009,46,315,-269
115900010,145,254,-109
115900011,151,312,-161
115900012,41,88,-47
115900013,398,174,224
115900014,60,182,-122
115900015,31,164,-133
115900016,66,39,27
115900017,0,8,-8
115900018,96,95,1
115900019,1567,33,1534
115900020,20,0,20
115900021,2110,210,1900
115900022,1226,9,1217
115900023,5,1,4
115900025,92,142,-50
115900026,981,445,536
115900027,0,449,-449
115900028,639,77,562
115900029,7,578,-571
115900030,13,5,8
115900031,435,113,322
115900032,336,782,-446
115900033,0,38,-38
115900034,11,604,-593
115900035,22,114,-92
115900036,115,217,-102
115900037,33,630,-597
115900038,3,6,-3
115900039,53,326,-273
115900041,264,241,23
115900042,11,8,3
115900043,31,141,-110
115900044,198,192,6
115900046,114,256,-142
115900047,50,27,23
115900049,84,195,-111
115900051,1,63,-62
115900052,6,298,-292
115900053,80,279,-199
115900054,47,62,-15
115900055,19,134,-115
115900056,105,420,-315
115900057,8,7,1
115900058,26,82,-56
115900060,34,155,-121
115900061,52,0,52
115900062,34,332,-298
115900063,20,7,13
115900064,157,288,-131
115900065,21,121,-100
115900066,114,217,-103
115900067,9,898,-889
115900068,3993,122,3871
115900069,65,170,-105
115900070,71,259,-188
115900071,1,625,-624
115900072,67,265,-198
115900073,18,28,-10
115900074,3,367,-364
115900075,15,414,-399
115900076,4,74,-70
115900077,2,338,-336
115900078,18,166,-148
115900079,52,10,42
115900080,406,155,251
115900081,2,93,-91
115900082,139,109,30
115900084,123,55,68
115900085,47,32,15
115900086,1768,424,1344
115900088,3,24,-21
115900089,96,801,-705
115900090,68,14,54
115900091,2,10,-8
115900092,33,304,-271
115900093,2,29,-27
115900094,2,450,-448
115900096,3,32,-29
115900097,7,642,-635
115900098,75,508,-433
115900099,6,65,-59
115900100,3,668,-665
115900101,59,496,-437
115900102,7,135,-128
115900103,95,278,-183
115900104,14,201,-187
115900105,32,767,-735
115900106,28,32,-4
115900107,17,228,-211
115900108,25,46,-21
115900109,32,496,-464
115900110,0,8,-8
115900111,1,90,-89
115900112,34,1077,-1043
115900113,23,20,3
115900114,3,134,-131
115900115,43,149,-106
115900116,63,1236,-1173
115900117,26,18,8
115900118,10,379,-369
115900119,66,71,-5
115900120,12,456,-444
115900121,75,273,-198
115900124,129,337,-208
115900125,143,31,112
115900126,464,72,392
115900127,454,33,421
115900128,5,44,-39
115900129,497,19,478
115900130,26,157,-131
115900131,220,16,204
115900132,174,1,173
115900134,88,20,68
115900135,529,394,135
115900137,27,2,25
115900139,189,100,89
115900140,112,7,105
115900141,24,130,-106
115900142,18,43,-25
115900143,51,204,-153
115900144,24,245,-221
115900146,5,151,-146
115900147,129,198,-69
115900148,0,14,-14
115900149,8,23,-15
115900150,15,64,-49
115900151,8,68,-60
115900152,34,369,-335
115900153,49,219,-170
115900154,511,307,204
115900155,0,58,-58
115900156,379,780,-401
115900157,40,367,-327
115900158,29,7,22
115900159,35,233,-198
115900160,3,2,1
115900161,17,222,-205
115900163,97,120,-23
115900164,125,14,111
115900165,0,90,-90
115900166,137,231,-94
115900168,16,170,-154
115900171,50,334,-284
115900172,30,135,-105
115900173,114,167,-53
115900174,211,231,-20
115900175,59,162,-103
115900178,5,799,-794
115900179,50,19,31
115900180,16,326,-310
115900181,34,254,-220
115900182,149,321,-172
115900183,291,54,237
115900184,1790,28,1762
115900187,7,60,-53
115900189,0,89,-89
115900190,481,410,71
115900191,33,540,-507
115900192,5,49,-44
115900193,63,53,10
115900194,295,26,269
115900195,506,907,-401
115900198,135,208,-73
115900199,120,273,-153
115900200,249,338,-89
115900201,295,222,73
115900202,0,11,-11
115900203,6,2,4
115900204,0,1,-1
115900205,27,5,22
115900206,43,186,-143
115900207,15,27,-12
115900208,44,340,-296
115900209,0,140,-140
115900210,2,169,-167
115900211,1,254,-253
115900212,37,227,-190
115900213,18,24,-6
115900214,112,261,-149
115900215,16,22,-6
115900216,7,60,-53
115900217,0,54,-54
115900218,2,57,-55
115900219,21,14,7
115900220,48,5,43
115900221,23,11,12
115900222,50,9,41
115900223,5,60,-55
115900224,1544,253,1291
115900225,79,20,59
115900226,12,32,-20
115900227,4,43,-39
115900228,2,51,-49
115900229,4,37,-33
115900230,46,71,-25
115900231,48,1,47
115900232,16,1,15
115900233,49,9,40
115900234,26,20,6
115900235,4,28,-24
115900236,11,17,-6
115900237,5,20,-15
115900238,12,13,-1
115900239,7,17,-10
115900240,5,52,-47
115900241,72,78,-6
115900242,172,151,21
115900243,3,7,-4
115900244,16,11,5
115900245,0,27,-27
115900246,4,1,3
115900247,1,2,-1
115900248,3,3,0
115900249,0,7,-7
115900250,1,11,-10
115900251,0,6,-6
115900252,1,0,1
115900253,6,3,3
115900254,13,12,1
115900255,3,9,-6
115900256,18,12,6
115900257,1,6,-5
115900258,0,1,-1
115900259,1,5,-4
115900260,7,4,3
115900261,6,2,4
115900262,2,0,2
115900263,5,4,1
115900264,19,5,14
115900265,6,2,4
115900266,2,6,-4
115900267,1,0,1
115900268,3,11,-8
115900269,149,480,-331
115900270,101,707,-606
116000001,19639,4683,14956
116000002,3774,3680,94
116000003,1396,1567,-171
116000004,1143,1513,-370
116000005,2278,2837,-559
116000006,1144,977,167
116000007,2992,4027,-1035
116000008,2366,1297,1069
116000009,1696,2602,-906
116000010,1195,777,418
116000011,681,1741,-1060
116000012,572,477,95
116000013,17194,4240,12954
116000014,20703,5470,15233
116000015,588,632,-44
116000016,8809,1754,7055
116000017,26,382,-356
116000018,757,423,334
116000019,592,224,368
116000020,398,1241,-843
116000021,191,186,5
116000022,268,488,-220
116000023,471,452,19
116000024,718,1760,-1042
116000025,497,382,115
116000026,1580,2402,-822
116000027,388,509,-121
116000028,311,389,-78
116000029,1032,502,530
116000030,414,225,189
116000031,167,219,-52
116000032,150,288,-138
116000033,134,274,-140
116000034,374,479,-105
116000035,143,609,-466
116000036,2362,730,1632
116000037,745,502,243
116000038,500,351,149
116000039,657,343,314
116000040,849,290,559
116000041,372,649,-277
116000042,357,252,105
116000043,89,388,-299
116000044,0,7,-7
116000045,1082,1008,74
116000046,1180,855,325
116000047,1681,1556,125
116000048,1746,1497,249
116000049,687,1732,-1045
116000050,977,1387,-410
116000051,2202,1527,675
116000052,2652,3163,-511
116000053,1228,891,337
116000054,501,2483,-1982
116000055,258,1531,-1273
116000056,403,865,-462
116000057,3125,2067,1058
116000058,2856,1655,1201
116000059,2531,3160,-629
116000060,2839,838,2001
116000061,178,576,-398
116000062,535,230,305
116000063,378,905,-527
116000066,90,297,-207
116000067,187,569,-382
116000068,118,172,-54
116000069,193,476,-283
116000078,163,754,-591
116000080,871,915,-44
116000082,14,136,-122
116000083,813,297,516
116000084,2043,3536,-1493
116000085,1406,855,551
116000086,1686,1188,498
116000087,812,785,27
116000088,736,1336,-600
116000089,80,71,9
116000090,66,122,-56
116000091,112,44,68
116000093,1248,815,433
116000094,257,695,-438
116000095,337,647,-310
116000096,430,1147,-717
116000097,263,821,-558
116000098,35,3490,-3455
116000099,9602,332,9270
116000100,71,16,55
116000101,279,1598,-1319
116000102,223,1401,-1178
116000103,209,176,33
116000104,125,1782,-1657
116000105,402,229,173
116000106,189,1132,-943
116000107,723,426,297
116000108,7,146,-139
116000111,22,12,10
116000113,86,38,48
116000114,37,146,-109
116000115,108,37,71
116000116,187,616,-429
116000117,760,1559,-799
116000118,740,1600,-860
116000119,1401,1358,43
116000120,2404,5187,-2783
116000121,450,338,112
116000122,1185,2448,-1263
116000123,321,289,32
116000124,281,1197,-916
116000125,1056,485,571
116000126,276,1619,-1343
116000127,864,1694,-830
116000128,858,665,193
116000129,483,153,330
116000130,194,216,-22
116000133,324,834,-510
116000134,981,2939,-1958
116000135,980,1143,-163
116000136,688,2403,-1715
116000137,478,465,13
116000138,1597,456,1141
116000139,1702,2130,-428
116000140,89,214,-125
116000141,286,1034,-748
116000142,3735,4119,-384
116000143,1730,1266,464
116000144,990,3027,-2037
116000145,1120,1367,-247
116000146,209,409,-200
116000147,140,143,-3
116000148,263,340,-77
116000149,268,458,-190
116000151,334,1017,-683
116000153,38,339,-301
116000155,100,222,-122
116000156,1636,1363,273
116000157,16,13,3
116000158,167,367,-200
116000159,2,7,-5
116000160,8,167,-159
116000161,9,128,-119
116000162,62,43,19
116000163,13,14,-1
116000164,2,12,-10
116000177,21,83,-62
116000194,52,483,-431
116000195,1054,595,459
116000196,14,12,2
116000197,2,4,-2
116000198,2076,858,1218
116000200,668,144,524
116000201,482,570,-88
116000202,1,289,-288
116000203,0,87,-87
116000204,7,34,-27
116000205,0,137,-137
116000206,3,89,-86
116000207,1,32,-31
116000233,126,878,-752
116000287,68,564,-496
116000288,59,278,-219
116000292,57,244,-187
116000296,1,103,-102
116000297,21,2,19
116000304,44,6,38
116000305,4,236,-232
116000346,119,231,-112
116000352,54,69,-15
116000354,28,12,16
116000357,4,20,-16
116000358,116,17,99
116000361,82,0,82
116000372,9211,1766,7445
116000381,59,0,59
116000388,0,40,-40
116000389,391,538,-147
116000445,154,799,-645
116000446,119,1031,-912
116000447,8,430,-422
116000448,361,244,117
116000563,957,626,331
116000565,76,469,-393
116000568,34,153,-119
116000579,15,117,-102
116000584,4,16,-12
116000585,11,19,-8
116000586,281,89,192
116000587,171,377,-206
116000589,13,98,-85
116000590,41,31,10
116000591,73,255,-182
116000592,5,209,-204
116000593,1,28,-27
116000594,241,789,-548
116000595,323,212,111
116000596,40,5,35
116000597,98,49,49
116000598,11,220,-209
116000602,137,221,-84
116000605,218,174,44
116000606,31,81,-50
116000607,10,97,-87
116000609,165,505,-340
116000611,40,628,-588
116000612,424,1635,-1211
116000613,212,243,-31
116000614,382,880,-498
116000615,41,100,-59
116000616,26,188,-162
116000617,17,96,-79
116000618,5,210,-205
116000619,10,51,-41
116000620,37,54,-17
116000621,13,60,-47
116000622,17,115,-98
116000624,37,70,-33
116900001,124,112,12
116900002,274,5,269
116900003,21,94,-73
116900004,17,19,-2
116900005,148,53,95
116900006,102,112,-10
116900007,66,203,-137
116900008,149,480,-331
116900009,7,1,6
116900010,7,2129,-2122
116900011,6,40,-34
116900012,82,201,-119
116900013,4,280,-276
116900014,25,409,-384
116900015,126,85,41
116900016,72,3,69
116900017,2,705,-703
116900018,34,23,11
116900019,4,416,-412
116900020,824,153,671
116900023,24,13,11
116900024,188,74,114
116900025,298,1154,-856
116900026,236,804,-568
116900027,8,42,-34
116900028,2,136,-134
116900029,0,6,-6
116900031,0,10,-10
116900032,1,382,-381
116900033,4,5,-1
116900034,4,74,-70
116900035,73,172,-99
116900036,1,113,-112
116900038,5,1,4
116900041,31,14,17
116900042,870,174,696
116900043,2,62,-60
116900045,144,32,112
116900047,77,28,49
116900049,46,265,-219
116900050,61,406,-345
116900051,16,326,-310
116900052,102,80,22
116900055,0,5,-5
116900057,3,332,-329
116900058,19,424,-405
116900059,3,226,-223
116900060,122,293,-171
116900062,0,3,-3
116900064,37,1039,-1002
116900065,4,97,-93
116900067,42,117,-75
116900068,80,511,-431
116900070,0,3,-3
116900072,6,545,-539
116900073,6,219,-213
116900074,1,66,-65
116900076,4,14,-10
116900077,9,220,-211
116900078,201,157,44
116900079,14,416,-402
116900080,10,53,-43
116900081,255,1548,-1293
116900082,194,967,-773
116900083,36,65,-29
116900084,133,86,47
116900085,17,148,-131
116900086,32,236,-204
116900088,417,63,354
116900090,157,57,100
116900091,67,87,-20
116900092,60,866,-806
116900093,1938,1492,446
116900094,7859,1996,5863
116900095,171,183,-12
116900096,77,81,-4
116900097,4124,1346,2778
116900098,1093,219,874
116900099,465,335,130
116900100,324,26,298
116900101,279,841,-562
116900103,2,0,2
116900104,32,84,-52
116900105,240,40,200
116900106,579,249,330
116900107,4711,1050,3661
116900110,5,0,5
116900111,109,1495,-1386
116900112,85,1011,-926
116900113,3449,541,2908
116900116,93,182,-89
116900117,16,81,-65
116900118,1207,467,740
116900120,86,120,-34
116900121,26,43,-17
116900122,321,983,-662
116900123,64,1024,-960
116900124,109,810,-701
116900125,115,240,-125
116900126,227,417,-190
116900128,0,50,-50
116900129,4,357,-353
116900130,1199,1454,-255
116900131,46,128,-82
116900132,34,57,-23
116900133,47,123,-76
116900134,126,262,-136
116900136,122,127,-5
116900137,151,159,-8
116900138,137,239,-102
116900139,76,457,-381
116900140,116,212,-96
116900141,322,390,-68
116900142,1,11,-10
116900143,191,739,-548
116900144,23,42,-19
116900145,75,406,-331
116900147,530,234,296
116900148,2,41,-39
116900149,29,78,-49
116900150,3,4,-1
116900151,24,6,18
116900153,43,41,2
116900154,541,154,387
116900155,47,31,16
116900157,125,251,-126
116900158,64,74,-10
116900159,24,183,-159
116900160,487,242,245
116900161,10921,3355,7566
116900162,6,162,-156
116900163,47,156,-109
116900164,78,22,56
116900165,102,114,-12
116900166,3,94,-91
116900167,101,55,46
116900168,103,115,-12
116900169,486,144,342
116900170,156,185,-29
116900171,23,303,-280
116900172,182,75,107
116900173,61,76,-15
116900174,12,5,7
116900175,97,93,4
116900178,10,209,-199
116900179,62,87,-25
116900180,53,29,24
116900182,413,221,192
116900183,83,79,4
116900185,7,16,-9
116900186,42,452,-410
116900187,15,13,2
116900188,62,10,52
116900189,29,0,29
116900191,225,381,-156
116900192,171,167,4
116900194,35,346,-311
116900195,21,12,9
116900196,29,133,-104
116900197,31,1,30
116900198,343,117,226
116900200,14,35,-21
116900201,39,3,36
116900202,133,52,81
116900203,77,0,77
116900204,59,40,19
116900206,4,31,-27
116900207,7,35,-28
116900208,3,190,-187
116900209,14,180,-166
116900210,235,163,72
116900211,162,8,154
116900212,11,76,-65
116900213,120,178,-58
116900214,38,143,-105
116900215,43,94,-51
116900216,79,473,-394
116900218,16,353,-337
116900219,771,337,434
116900220,58,197,-139
116900221,33,210,-177
116900222,335,291,44
116900223,76,184,-108
116900226,34,104,-70
116900227,122,79,43
116900228,107,287,-180
116900230,37,421,-384
116900231,6,573,-567
116900232,5,523,-518
116900233,73,66,7
116900234,10,1,9
116900235,100,469,-369
116900238,1254,353,901
116900239,67,715,-648
116900240,6714,2018,4696
116900241,36,242,-206
116900242,480,194,286
116900243,1,180,-179
116900245,21,13,8
116900246,43,2,41
116900247,147,16,131
116900248,30,24,6
116900249,123,190,-67
116900250,120,44,76
116900251,403,217,186
116900252,42,1100,-1058
116900253,24,62,-38
116900254,3,87,-84
116900255,94,34,60
116900256,139,111,28
116900257,1,689,-688
116900258,7,377,-370
116900259,41,5,36
116900260,3,178,-175
116900261,19,5,14
116900262,49,127,-78
116900263,0,7,-7
116900264,0,7,-7
116900265,9,1,8
116900266,3,46,-43
116900267,1,2,-1
116900268,16,17,-1
116900269,221,415,-194
116900271,3021,90,2931
116900272,504,646,-142
116900273,288,25,263
116900274,34,51,-17
116900275,86,223,-137
116900276,161,34,127
116900277,671,5,666
116900278,3,12,-9
116900279,2,35,-33
116900280,7,43,-36
116900281,9183,1728,7455
116900282,0,175,-175
116900283,13,145,-132
116900284,37,238,-201
116900285,299,135,164
116900286,250,6,244
116900287,4,98,-94
116900288,22,117,-95
116900289,0,32,-32
116900290,2,38,-36
116900291,1,9,-8
116900292,0,6,-6
116900293,10,82,-72
116900294,17,100,-83
116900295,53,41,12
116900296,10,29,-19
116900297,2,36,-34
116900298,34,10,24
116900299,22,37,-15
116900300,6,190,-184
116900301,26,45,-19
116900302,1831,218,1613
116900303,378,34,344
116900304,0,79,-79
116900305,2,29,-27
116900306,42,139,-97
117000001,996,1093,-97
117000002,1230,4080,-2850
117000003,5406,2327,3079
117000004,4576,4862,-286
117000005,851,1272,-421
117000006,794,3916,-3122
117000007,1851,950,901
117000008,1116,4090,-2974
117000009,3651,1527,2124
117000010,2444,4404,-1960
117000011,913,1898,-985
117000012,852,1702,-850
117000013,710,1343,-633
117000014,632,2498,-1866
117000015,2917,1246,1671
117000016,483,48,435
117000017,295,197,98
117000018,177,366,-189
117000019,210,1,209
117000020,720,902,-182
117000021,3654,406,3248
117000022,488,56,432
117000023,462,90,372
117000024,517,97,420
117000025,974,778,196
117000026,2289,591,1698
117000027,3852,459,3393
117000028,3775,337,3438
117000030,385,157,228
117000032,1930,1521,409
117000033,1297,1256,41
117000034,134,97,37
117000036,151,155,-4
117000038,193,337,-144
117000039,21,137,-116
117000040,79,1553,-1474
117000041,453,140,313
117000044,15,1127,-1112
117000045,148,40,108
117000046,356,757,-401
117000047,514,458,56
117000048,1937,1416,521
117000049,132,596,-464
117000050,100,2965,-2865
117000051,1119,145,974
117000052,7,657,-650
117000053,109,81,28
117000054,1216,4,1212
117000055,17,4339,-4322
117000056,407,16,391
117000057,657,2180,-1523
117000060,366,2147,-1781
117000061,920,615,305
117000062,125,571,-446
117000063,1017,602,415
117000064,894,975,-81
117000066,1410,921,489
117000067,87,360,-273
117000074,152,103,49
117000076,65,49,16
117000077,96,80,16
117000078,77,594,-517
117000079,160,168,-8
117000080,1,375,-374
117000081,492,74,418
117000082,25,33,-8
117000083,74,6,68
117000084,222,2,220
117000085,98,452,-354
117000086,1242,695,547
117000087,96,463,-367
117000088,193,178,15
117000089,1067,333,734
117000090,216,1607,-1391
117000091,411,338,73
117000092,293,2024,-1731
117000093,656,671,-15
117000094,608,2841,-2233
117000095,1609,735,874
117000096,503,2831,-2328
117000097,857,1044,-187
117000098,2713,6466,-3753
117000099,1775,803,972
117000100,138,125,13
117000101,203,1559,-1356
117000102,845,531,314
117000103,789,2170,-1381
117000104,864,503,361
117000105,812,2208,-1396
117000106,720,785,-65
117000107,442,2622,-2180
117000108,894,781,113
117000109,1830,3173,-1343
117000110,1063,686,377
117000111,3473,4999,-1526
117000112,1991,1963,28
117000113,75,436,-361
117000114,96,136,-40
117000115,29,212,-183
117000116,54,268,-214
117000117,1682,521,1161
117000118,346,134,212
117000119,268,52,216
117000120,590,69,521
117000121,542,363,179
117000122,580,774,-194
117000123,1822,30,1792
117000124,1529,46,1483
117000125,560,57,503
117000126,60,55,5
117000127,206,494,-288
117000128,491,800,-309
117000129,397,25,372
117000130,96,0,96
117000131,0,25,-25
117000132,1002,76,926
117000133,570,118,452
117000134,0,52,-52
117000135,14,38,-24
117000136,0,66,-66
117000137,71,59,12
117000138,0,773,-773
117000140,424,1876,-1452
117000141,1107,461,646
117000181,1322,403,919
117000182,195,185,10
117000195,173,1471,-1298
117000196,130,43,87
117000225,99,5,94
117000226,6,92,-86
117000276,66,7,59
117000277,1,495,-494
117000310,2067,2260,-193
117000315,14,559,-545
117000320,49,0,49
117000906,105,8,97
117000907,5,429,-424
117000908,99,23,76
117000909,73,31,42
117000910,180,122,58
117000911,101,234,-133
117000915,14,770,-756
117000916,2,4,-2
117000917,583,15,568
117000918,18,43,-25
117000919,20,201,-181
117000920,5,1894,-1889
117000921,8,2402,-2394
117000922,35,131,-96
117000924,343,564,-221
117000926,1522,86,1436
117000927,3389,350,3039
117000928,0,319,-319
117000929,93,521,-428
117000930,46,23,23
117000931,1703,40,1663
117900002,135,392,-257
117900003,1045,324,721
117900005,11,8,3
117900006,0,54,-54
117900007,53,170,-117
117900008,0,41,-41
117900010,149,135,14
117900011,19,22,-3
117900012,37,212,-175
117900013,0,376,-376
117900014,130,260,-130
117900015,7,189,-182
117900016,1443,399,1044
117900017,251,511,-260
117900018,258,23,235
117900019,254,663,-409
117900020,71,229,-158
117900021,18,128,-110
117900022,12,16,-4
117900023,755,98,657
117900024,86,141,-55
117900025,19,13,6
117900026,246,494,-248
117900028,38,4,34
117900029,125,1162,-1037
117900030,146,148,-2
117900031,103,79,24
117900032,413,276,137
117900033,134,1085,-951
117900034,17,16,1
117900035,70,53,17
117900036,108,831,-723
117900037,33,162,-129
117900038,18,456,-438
117900039,2,91,-89
117900040,71,648,-577
117900041,10,48,-38
117900042,5398,518,4880
117900043,25,40,-15
117900044,29,1722,-1693
117900045,135,67,68
117900048,89,349,-260
117900049,81,726,-645
117900050,3,53,-50
117900051,48,5,43
117900052,125,254,-129
117900053,614,744,-130
117900054,0,14,-14
117900055,121,104,17
117900056,820,13,807
117900057,714,1202,-488
117900058,1233,188,1045
117900059,295,57,238
117900060,549,5968,-5419
117900061,12,136,-124
117900063,116,265,-149
117900065,597,1269,-672
117900066,7,40,-33
117900067,250,429,-179
117900069,437,629,-192
117900070,172,6,166
117900071,36,147,-111
117900073,178,633,-455
117900074,104,4,100
117900075,68,67,1
117900076,4,34,-30
117900077,105,114,-9
117900078,198,304,-106
117900080,116,39,77
117900081,556,496,60
117900082,195,168,27
117900083,209,830,-621
117900086,89,48,41
117900087,56,68,-12
117900088,2830,1906,924
117900089,1106,288,818
117900090,177,983,-806
117900091,102,147,-45
117900092,9,31,-22
117900093,24,67,-43
117900094,14,6,8
117900095,87,684,-597
117900096,42,220,-178
117900097,198,58,140
117900098,16,0,16
117900099,57,606,-549
117900100,84,1,83
117900101,299,764,-465
117900102,32,36,-4
117900103,23,0,23
117900104,12,179,-167
117900105,127,263,-136
117900106,43,47,-4
117900107,11,0,11
117900109,232,336,-104
117900110,25,1,24
117900111,81,7,74
117900112,18,20,-2
117900113,4585,1587,2998
117900114,5,0,5
117900115,399,29,370
117900116,818,811,7
117900117,330,450,-120
117900118,17,1,16
117900119,34,318,-284
117900120,94,139,-45
117900121,61,34,27
117900122,1071,1393,-322
117900123,491,837,-346
117900124,619,615,4
117900125,1136,723,413
117900126,213,600,-387
117900127,260,781,-521
117900128,176,1142,-966
117900129,15,0,15
117900130,628,403,225
117900131,2,162,-160
117900132,5,132,-127
117900133,0,137,-137
117900134,55,154,-99
117900135,20,233,-213
117900136,2,67,-65
117900137,47,403,-356
117900138,0,78,-78
117900139,38,131,-93
117900140,6122,413,5709
117900141,300,234,66
117900142,19,10,9
117900144,42,85,-43
117900145,65,7,58
117900146,140,55,85
117900147,19,59,-40
117900148,3076,864,2212
117900149,35,193,-158
117900150,25,159,-134
117900151,30,174,-144
117900152,54,89,-35
117900153,8,106,-98
117900154,257,745,-488
117900156,673,683,-10
117900157,31,370,-339
117900158,114,71,43
117900160,377,297,80
117900161,2734,2726,8
117900162,126,384,-258
117900163,64,9,55
117900165,0,3,-3
117900166,73,211,-138
117900168,64,139,-75
117900169,6,113,-107
117900170,0,31,-31
117900171,4,13,-9
117900172,9,69,-60
117900173,136,59,77
117900174,20,47,-27
117900175,2,36,-34
117900176,6,62,-56
117900177,5,50,-45
117900178,114,29,85
117900180,256,15,241
117900181,197,156,41
117900182,2,29,-27
117900183,23,155,-132
117900184,2,69,-67
117900185,18,24,-6
117900186,19,21,-2
117900187,18,4,14
117900188,176,30,146
117900189,37,15,22
117900190,10,4,6
117900191,25,2,23
117900192,69,1,68
117900193,10,46,-36
117900194,0,2,-2
117900195,5,16,-11
117900196,3,8,-5
117900207,104,70,34
117900208,29,52,-23
117900209,122,115,7
117900210,148,149,-1
117900211,25,262,-237
117900212,78,142,-64
117900213,4,5,-1
117900214,6,58,-52
117900216,3,19,-16
117900217,80,90,-10
117900218,123,106,17
117900219,2,37,-35
117900220,70,57,13
117900221,31,5,26
118000001,639,347,292
118000002,1303,1798,-495
118000003,1215,876,339
118000004,2340,1883,457
118000005,6544,1558,4986
118000006,9417,6437,2980
118000007,6793,1896,4897
118000008,5180,2435,2745
118000009,1924,3123,-1199
118000010,4268,3850,418
118000011,673,2981,-2308
118000012,913,3033,-2120
118000013,3388,2900,488
118000014,2093,3124,-1031
118000016,229,607,-378
118000017,162,367,-205
118000018,294,729,-435
118000019,1718,1031,687
118000020,1121,1106,15
118000021,613,1415,-802
118000022,1872,440,1432
118000023,887,175,712
118000024,1847,524,1323
118000025,1250,602,648
118000027,17783,4088,13695
118000029,1195,487,708
118000032,2045,1407,638
118000033,2819,1772,1047
118000034,5616,1796,3820
118000035,1472,1251,221
118000036,1019,849,170
118000037,472,868,-396
118000038,84,119,-35
118000039,69,359,-290
118000040,1329,2089,-760
118000041,1538,1358,180
118000045,786,79,707
118000046,1732,471,1261
118000047,1737,552,1185
118000048,3878,923,2955
118000051,2473,631,1842
118000052,1427,400,1027
118000053,388,420,-32
118000054,1468,1092,376
118000055,1012,1268,-256
118000056,191,245,-54
118000057,354,285,69
118000058,3602,1220,2382
118000059,1953,748,1205
118000060,444,721,-277
118000061,464,1050,-586
118000062,394,200,194
118000063,317,359,-42
118000064,844,980,-136
118000065,5504,1329,4175
118000066,716,791,-75
118000067,1362,709,653
118000068,1986,2650,-664
118000069,3650,1128,2522
118000070,8032,1402,6630
118000071,3940,3671,269
118000072,2012,813,1199
118000073,2977,407,2570
118000074,222,302,-80
118000075,585,291,294
118000076,979,932,47
118000077,1227,864,363
118000078,1544,1493,51
118000079,237,287,-50
118000080,938,756,182
118000081,1117,815,302
118000082,235,634,-399
118000083,2523,1001,1522
118000084,2574,1244,1330
118000086,106,379,-273
118000087,6088,2257,3831
118000088,1597,1475,122
118000089,3954,1872,2082
118000090,2115,1940,175
118000091,1674,1331,343
118000092,1247,276,971
118000093,130,612,-482
118000096,367,459,-92
118000097,435,410,25
118000098,176,207,-31
118000099,311,1057,-746
118000101,569,253,316
118000102,285,1638,-1353
118000107,3886,466,3420
118000108,541,819,-278
118000110,1,23,-22
118000111,3,708,-705
118000112,149,0,149
118000113,3,1254,-1251
118000114,92,0,92
118000115,25,6,19
118000116,35,1,34
118000117,1070,854,216
118000118,688,550,138
118000119,793,917,-124
118000120,1420,1568,-148
118000121,48,379,-331
118000122,858,195,663
118000123,33,172,-139
118000125,1605,1214,391
118000126,448,1274,-826
118000127,1485,477,1008
118000128,814,1113,-299
118000129,381,228,153
118000130,2544,4039,-1495
118000131,306,995,-689
118000132,1417,1118,299
118000133,346,418,-72
118000135,299,249,50
118000136,85,520,-435
118000137,378,57,321
118000138,185,856,-671
118000139,120,93,27
118000140,1868,2682,-814
118000141,1384,1859,-475
118000142,958,2172,-1214
118000143,961,818,143
118000144,1583,1173,410
118000145,1311,3191,-1880
118000146,886,1602,-716
118000147,573,1842,-1269
118000148,172,1151,-979
118000149,590,989,-399
118000150,267,137,130
118000151,209,452,-243
118000153,528,1106,-578
118000154,587,1469,-882
118000155,594,1220,-626
118000156,2238,1918,320
118000157,292,276,16
118000158,91,564,-473
118000159,26,45,-19
118000160,255,524,-269
118000161,306,1147,-841
118000162,714,802,-88
118000163,343,667,-324
118000164,1949,1172,777
118000168,1812,222,1590
118000169,900,1728,-828
118000170,3485,6572,-3087
118000171,175,571,-396
118000172,82,248,-166
118000173,608,1026,-418
118000175,180,289,-109
118000176,170,373,-203
118000177,121,460,-339
118000178,43,33,10
118000179,1590,482,1108
118000180,735,765,-30
118000181,648,373,275
118000182,198,286,-88
118000183,153,179,-26
118000184,306,1077,-771
118000185,964,692,272
118000186,482,798,-316
118000187,612,1024,-412
118000188,408,193,215
118000189,262,956,-694
118000190,7,4,3
118000191,11,48,-37
118000192,42,77,-35
118000193,36,235,-199
118000194,1681,1008,673
118000195,1223,371,852
118000196,489,72,417
118000197,159,69,90
118000198,427,267,160
118000199,391,216,175
118000200,44,233,-189
118000201,446,258,188
118000202,32,44,-12
118000203,1504,274,1230
118000204,109,150,-41
118000205,297,224,73
118000206,120,191,-71
118000207,1,125,-124
118000208,921,1370,-449
118000209,1339,1817,-478
118000210,29,38,-9
118000211,10,29,-19
118000213,808,587,221
118000214,587,240,347
118000215,168,312,-144
118000216,1141,3872,-2731
118000217,24,135,-111
118000218,37,108,-71
118000219,416,415,1
118000220,5,28,-23
118000221,68,207,-139
118000222,47,11,36
118000223,13,37,-24
118000224,199,147,52
118000225,99,972,-873
118000226,390,106,284
118000227,959,225,734
118000228,164,140,24
118000229,247,41,206
118000230,44,310,-266
118000231,62,216,-154
118000232,495,1013,-518
118000233,534,927,-393
118000234,153,402,-249
118000236,283,490,-207
118000237,44,819,-775
118000238,102,297,-195
118000239,161,316,-155
118000240,540,71,469
118000241,67,335,-268
118000242,270,662,-392
118000243,80,194,-114
118000244,14,154,-140
118000246,0,2,-2
118000255,27,178,-151
118000256,62,172,-110
118000259,1,59,-58
118000260,65,89,-24
118000261,10,150,-140
118000263,51,244,-193
118000266,100,533,-433
118000267,0,94,-94
118000268,195,14,181
118000270,37,74,-37
118000271,72,257,-185
118000272,35,38,-3
118000273,66,80,-14
118000274,100,377,-277
118000276,181,330,-149
118000295,2,75,-73
118000298,148,416,-268
118000299,41,197,-156
118000301,0,50,-50
118000302,44,78,-34
118000311,107,109,-2
118000312,95,189,-94
118000313,44,203,-159
118000314,34,66,-32
118000315,24,49,-25
118000316,367,589,-222
118000325,21,111,-90
118000326,24,51,-27
118000331,12,86,-74
118000332,18,75,-57
118000333,9,81,-72
118000335,81,1,80
118000336,1,481,-480
118000407,42,60,-18
118000457,5,29,-24
118000465,4318,2048,2270
118000480,15,179,-164
118000489,5,79,-74
118000490,17,412,-395
118000492,74,121,-47
118000510,63,17,46
118000514,131,356,-225
118000515,416,339,77
118000517,371,173,198
118000524,723,113,610
118000525,852,948,-96
118000530,18,116,-98
118000531,93,246,-153
118000532,124,284,-160
118000533,281,160,121
118000534,409,407,2
118000535,114,95,19
118000536,1304,401,903
118000537,19,64,-45
118000538,19,116,-97
118000539,29,89,-60
118000540,197,318,-121
118000541,100,127,-27
118000542,51,151,-100
118000543,217,246,-29
118000546,18,24,-6
118000560,3801,676,3125
118000562,16,467,-451
118000563,1861,1426,435
118000576,76,244,-168
118000577,95,90,5
118000578,108,77,31
118000579,680,919,-239
118000595,102,55,47
118000596,0,58,-58
118000597,55,116,-61
118000598,1,2,-1
118000599,10,39,-29
118000600,0,44,-44
118000601,7,0,7
118000602,1,28,-27
118000603,0,11,-11
118900001,1268,596,672
118900002,1127,617,510
118900003,138,44,94
118900004,30,80,-50
118900005,26,4,22
118900006,37,0,37
118900007,3,4,-1
118900008,1055,28,1027
118900009,17,15,2
118900010,44,1,43
118900011,70,8,62
118900012,351,178,173
118900013,573,56,517
118900015,80,14,66
118900016,2,6,-4
118900017,121,135,-14
118900018,1071,11,1060
118900019,42,3,39
118900020,101,90,11
118900021,83,361,-278
118900022,68,138,-70
118900023,35,82,-47
118900024,26,207,-181
118900025,24,15,9
118900026,23,122,-99
118900027,314,182,132
118900028,64,185,-121
118900029,70,420,-350
118900030,76,55,21
118900031,61,167,-106
118900032,55,235,-180
118900033,181,634,-453
118900034,50,10,40
118900035,50,295,-245
118900036,625,656,-31
118900037,181,323,-142
118900038,179,365,-186
118900039,197,243,-46
118900040,126,189,-63
118900041,151,181,-30
118900042,122,101,21
118900045,123,151,-28
118900046,586,85,501
118900047,774,148,626
118900048,84,158,-74
118900049,42,34,8
118900050,18,144,-126
118900051,28,30,-2
118900052,120,280,-160
118900053,29,89,-60
118900054,35,56,-21
118900055,21,162,-141
118900056,23,112,-89
118900057,251,277,-26
118900058,219,445,-226
118900059,4,66,-62
118900060,27,95,-68
118900062,68,212,-144
118900064,703,319,384
118900065,14,146,-132
118900066,48,98,-50
118900067,7150,1798,5352
118900068,1,109,-108
118900069,188,248,-60
118900071,5,50,-45
118900072,221,367,-146
118900073,30,63,-33
118900074,48,151,-103
118900075,34,87,-53
118900076,145,49,96
118900077,156,193,-37
118900078,41,6,35
118900079,53,218,-165
118900080,11,79,-68
118900081,26,20,6
118900082,335,150,185
118900083,5,35,-30
118900084,2,18,-16
118900085,467,1150,-683
118900086,12,25,-13
118900087,12,99,-87
118900088,0,17,-17
118900089,28,8,20
118900090,393,535,-142
118900091,190,75,115
118900092,47,95,-48
118900093,86,9,77
118900096,42,14,28
118900097,109,880,-771
118900099,48,304,-256
118900100,76,277,-201
118900101,46,693,-647
118900102,11,82,-71
118900103,34,38,-4
118900104,55,196,-141
118900105,125,81,44
118900107,167,81,86
118900108,39,119,-80
118900109,1094,96,998
118900110,1658,329,1329
118900111,180,762,-582
118900112,17,92,-75
118900113,57,766,-709
118900114,5,115,-110
118900115,69,337,-268
118900116,69,151,-82
118900117,54,169,-115
118900118,128,530,-402
118900119,52,300,-248
118900120,63,259,-196
118900121,2,305,-303
118900122,4,461,-457
118900123,90,223,-133
118900124,53,220,-167
118900126,7,248,-241
118900129,114,170,-56
118900130,32,54,-22
118900131,71,256,-185
118900132,277,157,120
118900133,23,71,-48
118900135,94,222,-128
118900136,137,1007,-870
118900137,1,8,-7
118900139,57,549,-492
118900140,279,1024,-745
118900141,56,319,-263
118900144,79,745,-666
118900145,34,181,-147
118900146,155,893,-738
118900147,65,64,1
118900148,31,75,-44
118900150,101,312,-211
118900152,348,1095,-747
118900157,65,136,-71
118900158,54,123,-69
118900159,3,237,-234
118900161,58,1,57
118900163,284,105,179
118900164,1,135,-134
118900165,17,318,-301
118900166,29,0,29
118900167,21,205,-184
118900168,1,41,-40
118900169,64,495,-431
118900170,44,96,-52
118900171,8,12,-4
118900174,25,30,-5
118900175,180,369,-189
118900176,81,167,-86
118900177,19,61,-42
118900178,24,119,-95
118900179,0,52,-52
118900181,29,44,-15
118900182,68,30,38
118900183,12,54,-42
118900184,178,31,147
118900185,42,133,-91
118900186,64,88,-24
118900187,105,243,-138
118900188,176,303,-127
118900189,29,390,-361
118900190,11,795,-784
118900191,56,44,12
118900192,51,33,18
118900193,123,11,112
118900195,429,1062,-633
118900196,23,240,-217
118900197,59,154,-95
118900198,8,86,-78
118900199,14,67,-53
118900200,4,1,3
118900201,10,7,3
118900202,9,61,-52
118900203,2,67,-65
118900204,6,64,-58
118900205,4,12,-8
118900206,2,34,-32
119000001,831,1235,-404
119000002,2618,2936,-318
119000003,1188,1596,-408
119000004,1346,1238,108
119000005,1266,1369,-103
119000006,1112,1302,-190
119000007,2030,2784,-754
119000008,1394,2168,-774
119000009,3455,2211,1244
119000010,8531,3401,5130
119000011,6437,2028,4409
119000012,6205,3073,3132
119000013,2069,1093,976
119000014,2481,3718,-1237
119000019,169,173,-4
119000020,825,1231,-406
119000021,1982,1922,60
119000022,3856,1259,2597
119000023,248,146,102
119000024,2398,4967,-2569
119000025,13822,1376,12446
119000026,262,260,2
119000027,665,361,304
119000028,1888,1215,673
119000029,98,248,-150
119000030,317,1069,-752
119000031,451,625,-174
119000032,1960,2018,-58
119000033,1606,1716,-110
119000034,853,964,-111
119000035,21,388,-367
119000036,731,1169,-438
119000037,817,2559,-1742
119000038,57,1254,-1197
119000039,134,350,-216
119000040,868,381,487
119000041,788,916,-128
119000048,3961,3927,34
119000049,816,3743,-2927
119000050,1298,2258,-960
119000051,1429,838,591
119000052,1903,2807,-904
119000053,1553,1065,488
119000054,2249,4081,-1832
119000055,2011,4007,-1996
119000056,1556,2030,-474
119000057,1158,2852,-1694
119000058,1434,2404,-970
119000059,748,1558,-810
119000060,669,614,55
119000061,591,796,-205
119000062,693,1082,-389
119000063,217,159,58
119000064,983,1510,-527
119000065,1584,2947,-1363
119000066,979,782,197
119000067,1565,2763,-1198
119000068,809,932,-123
119000069,931,2740,-1809
119000070,1115,1061,54
119000071,397,830,-433
119000072,6118,3796,2322
119000073,4005,4784,-779
119000074,522,3992,-3470
119000075,659,2290,-1631
119000076,385,798,-413
119000077,504,468,36
119000078,171,269,-98
119000079,32,648,-616
119000080,130,229,-99
119000081,128,311,-183
119000082,411,214,197
119000083,206,275,-69
119000084,229,604,-375
119000085,536,333,203
119000086,171,321,-150
119000087,1551,1119,432
119000088,194,207,-13
119000089,50,148,-98
119000090,120,126,-6
119000091,148,225,-77
119000092,660,200,460
119000093,4021,3705,316
119000094,1597,5113,-3516
119000095,952,3050,-2098
119000097,2504,1794,710
119000098,516,1301,-785
119000099,1886,2004,-118
119000100,1764,2023,-259
119000101,2050,2140,-90
119000102,674,512,162
119000103,1146,444,702
119000104,3429,1461,1968
119000105,540,727,-187
119000106,172,2297,-2125
119000107,279,489,-210
119000108,199,1434,-1235
119000109,74,277,-203
119000110,316,364,-48
119000111,45,425,-380
119000112,148,114,34
119000113,2611,267,2344
119000114,636,438,198
119000115,153,121,32
119000116,76,79,-3
119000117,61,262,-201
119000118,15,4,11
119000123,2309,586,1723
119000124,280,209,71
119000125,1431,1208,223
119000126,178,1105,-927
119000127,192,1006,-814
119000128,51,10,41
119000131,485,1146,-661
119000132,0,6,-6
119000133,5,6,-1
119000134,2759,533,2226
119000135,43,198,-155
119000136,75,303,-228
119000137,74,698,-624
119000138,141,559,-418
119000139,74,353,-279
119000140,87,203,-116
119000284,1496,2630,-1134
119000285,2641,2149,492
119000286,6635,4787,1848
119000287,1013,2113,-1100
119000288,1478,1898,-420
119000289,1937,4336,-2399
119000290,114,479,-365
119000291,2,336,-334
119000293,29,123,-94
119000294,23,33,-10
119000295,2207,678,1529
119000296,96,129,-33
119000302,4156,1243,2913
119000303,22,160,-138
119000314,1597,4865,-3268
119000315,1,705,-704
119000316,20,103,-83
119000317,14,413,-399
119900001,165,626,-461
119900002,56,264,-208
119900003,50,1541,-1491
119900004,306,372,-66
119900005,41,154,-113
119900006,150,289,-139
119900007,535,63,472
119900008,17,34,-17
119900009,298,485,-187
119900010,770,1022,-252
119900011,4,36,-32
119900012,14,38,-24
119900013,1160,595,565
119900014,471,226,245
119900015,64,12,52
119900016,14,116,-102
119900017,10,38,-28
119900018,1258,234,1024
119900019,25,3,22
119900020,56,138,-82
119900021,78,43,35
119900022,119,255,-136
119900023,808,442,366
119900025,64,26,38
119900026,1084,78,1006
119900027,4,26,-22
119900028,126,26,100
119900029,2,4,-2
119900030,448,453,-5
119900031,12,218,-206
119900033,2276,117,2159
119900034,94,181,-87
119900037,79,30,49
119900038,21,126,-105
119900039,33,3,30
119900040,60,6,54
119900041,46,77,-31
119900042,48,148,-100
119900043,41,176,-135
119900044,137,332,-195
119900046,52,115,-63
119900047,158,119,39
119900048,2,50,-48
119900049,27,7,20
119900050,53,47,6
119900051,297,6,291
119900052,22,82,-60
119900053,33,248,-215
119900054,22,3,19
119900055,509,270,239
119900057,52,119,-67
119900058,50,2,48
119900059,101,37,64
119900060,93,9,84
119900061,79,6,73
119900062,27,59,-32
119900063,11,30,-19
119900064,158,42,116
119900065,111,4,107
119900066,0,2,-2
119900067,34,38,-4
119900068,115,0,115
119900069,15,12,3
119900070,338,14,324
119900071,215,12,203
119900072,65,587,-522
119900073,2033,415,1618
119900074,26,10,16
119900075,6891,1858,5033
119900076,228,629,-401
119900077,256,1648,-1392
119900078,149,800,-651
119900079,47,451,-404
119900080,132,238,-106
119900081,3,50,-47
119900082,434,403,31
119900083,346,103,243
119900084,545,118,427
119900085,128,82,46
119900086,40,617,-577
119900087,256,165,91
119900088,33,77,-44
119900089,7,644,-637
119900090,152,72,80
119900091,36,1251,-1215
119900092,14,502,-488
119900093,636,101,535
119900094,23,186,-163
119900095,182,77,105
119900096,25,157,-132
119900097,391,143,248
119900098,16,61,-45
119900099,29,355,-326
119900100,2988,1276,1712
119900101,176,751,-575
119900102,31,365,-334
119900103,26,558,-532
119900104,20,278,-258
119900105,414,1198,-784
119900106,8,272,-264
119900107,366,4157,-3791
119900108,1735,771,964
119900109,24,302,-278
119900110,323,743,-420
119900111,46,460,-414
119900112,3180,477,2703
119900113,69,478,-409
119900114,74,1913,-1839
119900115,59,1537,-1478
119900116,113,230,-117
119900117,109,1258,-1149
119900118,22,1402,-1380
119900119,90,266,-176
119900120,644,796,-152
119900121,153,1872,-1719
119900122,169,430,-261
119900123,154,234,-80
119900124,65,1213,-1148
119900125,77,451,-374
119900126,6380,261,6119
119900127,3366,1015,2351
119900128,200,917,-717
119900129,85,1017,-932
119900130,37,322,-285
119900131,17,369,-352
119900132,4,422,-418
119900133,23,19,4
119900134,2444,347,2097
119900135,0,565,-565
119900136,181,674,-493
119900138,368,708,-340
119900139,11,87,-76
119900140,1,162,-161
119900141,113,342,-229
119900142,15,12,3
119900143,7,190,-183
119900144,2507,255,2252
119900145,77,328,-251
119900146,122,108,14
119900147,2,115,-113
119900148,64,58,6
119900149,1977,1745,232
119900150,183,247,-64
119900151,1442,702,740
119900152,50,539,-489
119900153,45,40,5
119900154,0,365,-365
119900155,14,20,-6
119900156,9,1,8
119900157,31,369,-338
119900158,55,45,10
119900159,3,2209,-2206
119900160,14,321,-307
119900161,111,348,-237
119900162,634,542,92
119900163,108,75,33
119900164,0,1,-1
119900165,42,323,-281
119900166,47,25,22
119900167,48,178,-130
119900168,278,364,-86
119900169,109,175,-66
119900170,110,179,-69
119900171,467,561,-94
119900172,76,16,60
119900173,7,718,-711
119900174,3,357,-354
119900175,494,645,-151
119900177,10,301,-291
119900178,6,268,-262
119900179,21,159,-138
119900180,516,523,-7
119900181,22,37,-15
119900182,2,697,-695
119900183,91,1036,-945
119900184,3777,583,3194
119900185,23,62,-39
119900186,34,239,-205
119900187,6,781,-775
119900188,16,330,-314
119900189,311,216,95
119900190,63,99,-36
119900191,256,98,158
119900192,31,252,-221
119900193,89,207,-118
119900194,8,45,-37
119900195,21,272,-251
119900196,2572,599,1973
119900197,206,93,113
119900198,47,507,-460
119900199,144,24,120
119900200,224,516,-292
119900201,489,285,204
119900202,149,74,75
119900203,97,230,-133
119900204,127,446,-319
119900205,169,689,-520
119900206,33,113,-80
119900208,83,116,-33
119900209,189,534,-345
119900210,4,23,-19
119900211,60,5,55
119900212,51,249,-198
119900213,3,52,-49
119900214,12,101,-89
119900215,15,120,-105
119900216,8,124,-116
119900217,3,81,-78
119900218,12,79,-67
119900219,9,133,-124
119900220,6,202,-196
119900221,18,536,-518
119900222,7,366,-359
119900223,13,169,-156
119900224,29,48,-19
119900225,1617,42,1575
119900226,1216,953,263
119900227,1724,422,1302
119900228,24,342,-318
119900229,249,479,-230
119900230,1441,691,750
119900231,59,226,-167
119900232,123,42,81
119900233,23,1,22
119900234,10,96,-86
119900235,7,13,-6
119900236,11,297,-286
119900237,45,612,-567
119900238,0,83,-83
119900240,43,152,-109
119900241,91,273,-182
119900242,1931,857,1074
119900244,617,1219,-602
119900245,29,111,-82
119900246,287,215,72
119900247,16,39,-23
119900248,21,50,-29
119900249,106,47,59
119900253,4797,379,4418
119900254,33,150,-117
119900255,52,572,-520
119900256,125,1658,-1533
119900257,19,0,19
119900258,50,19,31
119900259,5,236,-231
119900260,38,3,35
119900261,94,217,-123
119900262,1,339,-338
119900263,955,392,563
119900264,30,353,-323
119900265,88,416,-328
119900266,76,390,-314
119900267,83,436,-353
119900268,63,281,-218
119900269,220,1430,-1210
119900271,23,87,-64
119900272,83,32,51
119900275,25,0,25
119900276,19,0,19
119900277,4,0,4
119900278,166,39,127
119900279,74,145,-71
119900280,1098,242,856
119900281,2,61,-59
119900282,78,24,54
119900283,3,388,-385
119900284,23,170,-147
119900285,20,36,-16
119900286,8,5,3
119900288,1,40,-39
119900289,2,57,-55
119900290,0,34,-34
119900291,4,46,-42
119900292,16,6,10
119900293,9,37,-28
119900294,9,67,-58
119900295,5,24,-19
119900296,8,278,-270
119900297,1,18,-17
119900298,6,4,2
119900299,8,306,-298
119900300,96,279,-183
119900301,76,25,51
119900302,46,22,24
119900303,139,257,-118
119900304,36,2,34
119900305,13,112,-99
119900306,17,1,16
119900307,30,183,-153
119900308,3,11,-8
119900309,12,25,-13
119900310,179,345,-166
119900311,18,194,-176
119900312,32,110,-78
119900313,125,389,-264
119900314,75,258,-183
119900315,470,3290,-2820
119900318,7,20,-13
119900319,2,405,-403
119900320,98,783,-685
119900321,18,1,17
120000001,8860,8362,498
120000002,1904,3153,-1249
120000003,3674,1958,1716
120000004,2986,2649,337
120000005,5143,2206,2937
120000006,1028,1284,-256
120000007,3670,2170,1500
120000008,1049,1521,-472
120000009,5334,979,4355
120000010,1438,3865,-2427
120000011,1117,2431,-1314
120000012,1648,3385,-1737
120000013,2028,3048,-1020
120000014,444,1855,-1411
120000015,2427,1724,703
120000016,3060,2291,769
120000017,1701,1682,19
120000018,5497,6470,-973
120000019,709,949,-240
120000020,2851,2208,643
120000021,1587,1550,37
120000022,2766,2863,-97
120000023,771,1604,-833
120000024,1157,2077,-920
120000025,1432,2208,-776
120000026,616,1930,-1314
120000027,1038,1502,-464
120000028,455,293,162
120000029,2225,436,1789
120000030,116,544,-428
120000031,2037,4067,-2030
120000032,11298,3497,7801
120000033,2226,1857,369
120000034,984,2435,-1451
120000035,1230,2567,-1337
120000036,1984,3718,-1734
120000037,481,814,-333
120000038,11966,3292,8674
120000039,339,1043,-704
120000040,62,118,-56
120000041,474,2161,-1687
120000042,1239,5016,-3777
120000043,4443,3104,1339
120000044,2661,1051,1610
120000045,2639,966,1673
120000046,1441,1730,-289
120000047,2595,2861,-266
120000048,10653,3556,7097
120000049,2416,2837,-421
120000050,2534,4510,-1976
120000051,4224,4272,-48
120000052,17022,2617,14405
120000053,726,4899,-4173
120000054,1418,7218,-5800
120000055,879,5121,-4242
120000056,2947,6260,-3313
120000057,1160,1152,8
120000058,282,201,81
120000059,144,1007,-863
120000061,65,781,-716
120000062,246,248,-2
120000063,1982,3712,-1730
120000064,204,1854,-1650
120000065,321,2075,-1754
120000066,79,587,-508
120000067,21,639,-618
120000068,133,1286,-1153
120000069,375,1777,-1402
120000070,24,1068,-1044
120000071,127,136,-9
120000072,196,466,-270
120000073,245,103,142
120000074,53,90,-37
120000075,243,219,24
120000076,767,321,446
120000077,759,389,370
120000078,3201,564,2637
120000079,91,80,11
120000080,48,91,-43
120000081,127,85,42
120000082,90,109,-19
120000083,43,166,-123
120000084,415,569,-154
120000085,382,398,-16
120000086,155,755,-600
120000087,116,1455,-1339
120000088,595,1719,-1124
120000089,716,559,157
120000090,308,475,-167
120000091,442,888,-446
120000092,723,614,109
120000093,187,572,-385
120000094,117,429,-312
120000095,669,764,-95
120000096,203,1406,-1203
120000098,529,1159,-630
120000099,214,840,-626
120000100,482,1149,-667
120000101,359,531,-172
120000102,314,439,-125
120000103,767,344,423
120000104,958,211,747
120000105,1269,265,1004
120000106,1003,334,669
120000107,1259,308,951
120000108,460,102,358
120000109,547,55,492
120000110,73,1045,-972
120000111,87,1561,-1474
120000112,557,4944,-4387
120000113,508,3486,-2978
120000114,521,3192,-2671
120000115,314,2471,-2157
120000116,499,2292,-1793
120000117,1360,1791,-431
120000118,24,22,2
120000119,26,44,-18
120000120,57,32,25
120000121,37,36,1
120000122,257,279,-22
120000123,7336,2501,4835
120000124,276,469,-193
120000125,228,654,-426
120000126,157,590,-433
120000127,1250,555,695
120000128,2623,1662,961
120000129,334,265,69
120000130,676,759,-83
120000131,181,425,-244
120000134,262,1548,-1286
120000135,131,289,-158
120000137,89,2614,-2525
120000138,217,607,-390
120000139,121,1277,-1156
120000140,288,647,-359
120000141,108,620,-512
120000142,155,733,-578
120000143,2,149,-147
120000144,39,1,38
120000145,149,3,146
120000146,2460,727,1733
120000149,395,1108,-713
120000150,6155,7014,-859
120000151,304,493,-189
120000152,239,354,-115
120000153,158,885,-727
120000154,303,363,-60
120000155,103,212,-109
120000156,1685,512,1173
120000157,749,756,-7
120000158,604,1072,-468
120000159,1745,2298,-553
120000160,1890,1142,748
120000161,866,2911,-2045
120000162,61,245,-184
120000163,197,1740,-1543
120000164,164,601,-437
120000165,158,1006,-848
120000166,310,744,-434
120000167,12,24,-12
120000168,1,64,-63
120000169,72,227,-155
120000170,97,146,-49
120000171,24,31,-7
120000172,7,22,-15
120000173,1745,78,1667
120000174,203,1,202
120000175,497,9,488
120000176,270,48,222
120000177,1155,333,822
120000178,65,6,59
120000179,330,10,320
120000180,495,52,443
120000181,80,69,11
120000182,58,58,0
120000183,2,125,-123
120000184,77,1137,-1060
120000186,37,50,-13
120000187,80,30,50
120000188,166,25,141
120000190,1029,10,1019
120000191,1597,11,1586
120000192,1990,4,1986
120000193,653,3,650
120000195,65,2,63
120000196,232,28,204
120000197,67,103,-36
120000198,89,184,-95
120000199,34,1,33
120000200,31,0,31
120000201,7,11,-4
120000202,1,82,-81
120000203,8,460,-452
120000207,8,158,-150
120000208,9,375,-366
120000209,4,103,-99
120000210,238,112,126
120000211,42,0,42
120000212,49,0,49
120000213,50,499,-449
120000214,0,556,-556
120000215,5,201,-196
120000216,64,13,51
120000217,991,1682,-691
120000218,270,1569,-1299
120000219,13,1101,-1088
120000220,19,3627,-3608
120000225,534,2,532
120000226,178,5,173
120000227,671,32,639
120000228,8501,1690,6811
120000230,132,10,122
120000231,470,2993,-2523
120000233,165,50,115
120000235,83,956,-873
120000236,569,1,568
120000237,7,2758,-2751
120000238,1,63,-62
120000241,1159,3099,-1940
120000412,2080,17,2063
120000413,103,533,-430
120000414,39,0,39
120000415,1,255,-254
120000416,16,12,4
120000417,2,163,-161
120000418,53,15,38
120000419,7,583,-576
120000420,57,40,17
120000421,17986,6498,11488
120000422,224,317,-93
120000423,2,43,-41
120000424,32,192,-160
120000436,116,291,-175
120000437,182,174,8
120000438,5096,368,4728
120000439,126,254,-128
120000443,64,0,64
120000444,512,657,-145
120000445,1203,1157,46
120000446,1043,350,693
120000447,81,13,68
120000449,56,14,42
120000450,5,482,-477
120000451,102,226,-124
120000452,34,1,33
120000453,0,307,-307
120000454,75,25,50
120000455,53,60,-7
120000456,3495,2296,1199
120000457,2272,1128,1144
120000458,431,858,-427
120000459,44,71,-27
120000665,817,112,705
120000668,61,145,-84
120000669,88,472,-384
120000670,222,347,-125
120000671,450,202,248
120000672,65,508,-443
120900001,26,28,-2
120900002,151,248,-97
120900003,159,32,127
120900004,14,17,-3
120900005,21,1601,-1580
120900006,104,205,-101
120900007,71,219,-148
120900008,88,1492,-1404
120900009,89,17,72
120900010,190,45,145
120900011,325,82,243
120900012,1359,673,686
120900013,189,21,168
120900014,2,928,-926
120900015,203,81,122
120900016,349,58,291
120900017,3613,155,3458
120900018,31,567,-536
120900019,300,101,199
120900020,642,571,71
120900021,363,59,304
120900022,14,468,-454
120900023,63,41,22
120900024,1466,474,992
120900025,2369,800,1569
120900026,57,195,-138
120900027,462,88,374
120900028,137,27,110
120900029,111,206,-95
120900030,639,410,229
120900031,58,29,29
120900032,378,170,208
120900033,431,21,410
120900034,22,1425,-1403
120900035,13,199,-186
120900037,67,4,63
120900038,36,95,-59
120900039,60,29,31
120900040,113,4,109
120900041,79,24,55
120900042,107,56,51
120900043,13,12,1
120900044,6,504,-498
120900045,86,217,-131
120900046,134,1,133
120900047,70,33,37
120900048,32,7,25
120900049,163,0,163
120900050,4423,843,3580
120900051,121,117,4
120900052,209,3,206
120900053,75,75,0
120900054,1335,915,420
120900055,97,2,95
120900056,194,2,192
120900057,53,21,32
120900058,158,0,158
120900059,44,3,41
120900060,36,31,5
120900061,210,393,-183
120900062,77,0,77
120900063,203,1,202
120900064,155,2,153
120900065,118,10,108
120900066,98,305,-207
120900067,112,13,99
120900068,89,0,89
120900069,63,71,-8
120900071,12,0,12
120900072,203,1,202
120900073,213,360,-147
120900074,258,4,254
120900076,84,0,84
120900077,4825,331,4494
120900078,305,922,-617
120900079,216,124,92
120900080,226,2896,-2670
120900081,251,1305,-1054
120900082,613,224,389
120900083,67,49,18
120900084,110,195,-85
120900085,132,79,53
120900086,177,151,26
120900087,201,79,122
120900088,126,188,-62
120900089,6164,1084,5080
120900090,44,234,-190
120900091,278,229,49
120900092,865,839,26
120900093,4974,285,4689
120900094,478,260,218
120900095,138,35,103
120900096,16,94,-78
120900097,573,1362,-789
120900098,302,184,118
120900099,59,112,-53
120900100,58,434,-376
120900101,474,383,91
120900102,18,75,-57
120900103,23,120,-97
120900104,113,61,52
120900105,34,1020,-986
120900106,1465,795,670
120900107,420,225,195
120900108,5,1164,-1159
120900109,14,1008,-994
120900110,4,516,-512
120900111,122,419,-297
120900112,1,1782,-1781
120900113,20,1239,-1219
120900114,16,276,-260
120900115,108,144,-36
120900116,85,759,-674
120900117,1,731,-730
120900118,6,1283,-1277
120900119,3374,2794,580
120900120,44,971,-927
120900121,80,540,-460
120900122,137,885,-748
120900123,2,715,-713
120900124,1,885,-884
120900125,10,1464,-1454
120900126,1252,933,319
120900127,22,773,-751
120900128,968,1112,-144
120900129,57,481,-424
120900130,2,442,-440
120900131,29,52,-23
120900132,342,624,-282
120900133,217,1433,-1216
120900134,255,583,-328
120900135,3,804,-801
120900136,7,18,-11
120900137,98,150,-52
120900138,24,304,-280
120900139,10,981,-971
120900140,3,61,-58
120900141,81,84,-3
120900142,19,1038,-1019
120900143,2,1273,-1271
120900144,1,334,-333
120900145,36,1084,-1048
120900146,8,1459,-1451
120900147,1,401,-400
120900148,66,118,-52
120900149,1,453,-452
120900150,20,760,-740
120900151,1,879,-878
120900152,0,74,-74
120900153,8,90,-82
120900154,1,442,-441
120900155,108,1455,-1347
120900156,16,563,-547
120900157,17,274,-257
120900158,12,625,-613
120900159,12,325,-313
120900160,17,379,-362
120900161,4,890,-886
120900162,2,967,-965
120900163,4,79,-75
120900164,0,0,0
120900165,0,0,0
120900166,19,89,-70
120900167,133,87,46
120900169,26,617,-591
120900170,2981,1204,1777
120900171,1607,435,1172
120900172,1120,88,1032
120900173,3,66,-63
120900174,4,152,-148
120900175,267,279,-12
120900176,2,214,-212
120900177,2,432,-430
120900178,0,235,-235
120900179,815,562,253
120900180,95,82,13
120900181,31,50,-19
120900182,16,308,-292
120900183,286,84,202
120900184,120,80,40
120900185,0,438,-438
120900186,4,657,-653
120900187,231,545,-314
120900188,77,11,66
120900189,103,345,-242
120900190,13,8,5
120900191,2,22,-20
120900192,16701,2266,14435
120900194,17,69,-52
120900195,127,388,-261
120900196,319,26,293
120900197,309,48,261
120900198,163,820,-657
120900199,253,1794,-1541
120900200,129,83,46
120900201,804,183,621
120900202,1,299,-298
120900203,18,43,-25
120900204,373,483,-110
120900205,94,139,-45
120900206,11,21,-10
121000001,948,1145,-197
121000002,1695,941,754
121000003,4437,2058,2379
121000004,2500,2623,-123
121000005,2176,2498,-322
121000006,3023,1108,1915
121000007,3081,2637,444
121000008,4668,2363,2305
121000009,8649,4800,3849
121000010,10118,3384,6734
121000011,16266,10005,6261
121000012,20323,6854,13469
121000013,5521,5809,-288
121000014,7117,5350,1767
121000015,4365,5143,-778
121000016,4495,3157,1338
121000017,1634,3279,-1645
121000018,1912,1728,184
121000019,20720,7430,13290
121000020,12713,7258,5455
121000021,2475,2802,-327
121000022,1253,1359,-106
121000023,4334,2825,1509
121000024,2486,2696,-210
121000025,504,665,-161
121000026,227,92,135
121000027,1292,809,483
121000028,658,379,279
121000029,834,593,241
121000030,181,150,31
121000031,400,542,-142
121000032,164,102,62
121000034,252,116,136
121000035,106,51,55
121000036,847,747,100
121000037,448,505,-57
121000038,523,437,86
121000039,365,352,13
121000041,504,462,42
121000042,178,223,-45
121000043,783,504,279
121000044,1802,619,1183
121000045,337,325,12
121000046,375,757,-382
121000047,28,85,-57
121000049,1794,641,1153
121000050,258,889,-631
121000051,449,381,68
121000052,255,470,-215
121000053,300,44,256
121000054,31,195,-164
121000055,1625,793,832
121000056,876,850,26
121000057,133,326,-193
121000058,341,90,251
121000059,1802,946,856
121000060,373,519,-146
121000061,65,147,-82
121000062,113,165,-52
121000063,545,370,175
121000064,319,304,15
121000065,351,310,41
121000066,426,246,180
121000067,1107,278,829
121000068,466,351,115
121000069,1158,186,972
121000070,1830,1320,510
121000071,793,691,102
121000072,1213,681,532
121000073,733,652,81
121000074,58,90,-32
121000075,113,21,92
121000076,1503,258,1245
121000077,173,46,127
121000078,87,107,-20
121000080,3035,555,2480
121000081,2439,1613,826
121000082,144,229,-85
121000083,297,95,202
121000084,220,110,110
121000085,320,500,-180
121000086,139,883,-744
121000087,32,196,-164
121000088,313,660,-347
121000089,638,251,387
121000090,401,307,94
121000091,1978,514,1464
121000092,99,84,15
121000093,130,173,-43
121000094,402,425,-23
121000095,255,448,-193
121000096,2348,2005,343
121000097,1885,1548,337
121000098,191,1344,-1153
121000099,242,782,-540
121000100,337,572,-235
121000101,123,257,-134
121000102,71,462,-391
121000103,77,368,-291
121000104,88,210,-122
121000105,190,268,-78
121000106,156,378,-222
121000107,1999,3661,-1662
121000109,1553,1006,547
121000110,365,422,-57
121000114,2326,2282,44
121000115,655,705,-50
121000116,444,750,-306
121000117,1212,239,973
121000118,939,248,691
121000119,184,299,-115
121000120,141,484,-343
121000121,388,902,-514
121000123,1257,642,615
121000126,109,235,-126
121000127,139,73,66
121000128,253,482,-229
121000129,348,379,-31
121000130,273,1022,-749
121000131,2557,914,1643
121000132,1278,949,329
121000135,586,506,80
121000136,921,425,496
121000137,507,131,376
121000138,648,712,-64
121000139,483,153,330
121000141,194,73,121
121000142,813,440,373
121000143,154,10,144
121000144,1181,776,405
121000145,380,1120,-740
121000146,785,704,81
121000147,468,351,117
121000148,591,952,-361
121000149,1373,949,424
121000152,353,631,-278
121000153,1448,608,840
121000154,619,442,177
121000155,910,972,-62
121000156,321,824,-503
121000157,1422,2102,-680
121000158,337,521,-184
121000159,124,543,-419
121000160,200,599,-399
121000161,31,420,-389
121000162,32,406,-374
121000165,2133,1256,877
121000166,15,295,-280
121000168,145,241,-96
121000169,24,156,-132
121000170,144,61,83
121000171,30,166,-136
121000172,360,360,0
121000173,1066,639,427
121000174,201,374,-173
121000175,378,521,-143
121000176,246,212,34
121000177,667,573,94
121000178,42,56,-14
121000179,46,76,-30
121000181,238,330,-92
121000182,32,115,-83
121000183,29,51,-22
121000184,17,98,-81
121000185,22,147,-125
121000186,115,192,-77
121000187,118,284,-166
121000188,55,260,-205
121000192,464,294,170
121000193,514,389,125
121000194,2604,2135,469
121000195,465,1009,-544
121000196,464,110,354
121000197,204,789,-585
121000198,145,51,94
121000199,106,462,-356
121000200,200,85,115
121000201,5,201,-196
121000202,91,2,89
121000203,411,2654,-2243
121000204,1087,536,551
121000205,99,299,-200
121000206,118,28,90
121000207,918,432,486
121000208,8,416,-408
121000209,92,498,-406
121000210,157,616,-459
121000211,99,87,12
121000212,236,799,-563
121000213,9453,2657,6796
121000214,840,1482,-642
121000215,1359,796,563
121000216,353,356,-3
121000217,3924,1806,2118
121000218,406,1687,-1281
121000219,1150,270,880
121000220,327,72,255
121000221,139,165,-26
121000222,2395,2275,120
121000223,410,258,152
121000224,258,108,150
121000225,911,926,-15
121000226,1817,553,1264
121000227,5,196,-191
121000228,15,900,-885
121000229,79,462,-383
121000230,72,1940,-1868
121000231,273,21,252
121000232,356,156,200
121000233,379,335,44
121000234,11,45,-34
121000235,23,58,-35
121000236,1,41,-40
121000237,30,19,11
121000238,2,85,-83
121000239,27,13,14
121000240,7,205,-198
121000241,67,29,38
121000242,12,101,-89
121000243,273,17,256
121000244,0,57,-57
121000245,13,3,10
121000246,0,60,-60
121000247,15,3,12
121000248,457,452,5
121000249,24,193,-169
121000250,221,76,145
121000251,12,538,-526
121000252,22,33,-11
121000253,107,580,-473
121000254,202,207,-5
121000255,139,134,5
121000256,227,132,95
121000257,49,68,-19
121000258,70,50,20
121000259,13,29,-16
121000260,36,101,-65
121000261,27,36,-9
121000262,1385,580,805
121000263,260,415,-155
121000271,193,1432,-1239
121000273,48,10,38
121000274,0,66,-66
121000275,4,14,-10
121000276,3,10,-7
121000278,27,49,-22
121000279,26,7,19
121000280,25,41,-16
121000289,109,33,76
121000290,1008,560,448
121000294,27,167,-140
121000297,973,588,385
121000299,97,196,-99
121000300,698,565,133
121000302,113,599,-486
121000303,365,305,60
121000304,351,52,299
121000305,69,38,31
121000306,69,124,-55
121000308,140,353,-213
121000309,365,643,-278
121000310,74,432,-358
121000311,44,753,-709
121000312,293,169,124
121000313,609,658,-49
121000314,78,85,-7
121000315,24,56,-32
121000530,649,1425,-776
121000531,724,1328,-604
121000532,5021,3661,1360
121000533,2118,2066,52
121000918,7,264,-257
121000919,7,65,-58
121000938,369,162,207
121000939,438,99,339
121000956,388,1488,-1100
121000957,4,4,0
121000958,80,40,40
121000959,182,1020,-838
121000960,903,2266,-1363
121000961,98,20,78
121000962,262,521,-259
121000973,0,254,-254
121000976,3,113,-110
121000979,212,56,156
121000981,278,43,235
121000982,146,193,-47
121000983,213,429,-216
121000984,9,32,-23
121000985,218,718,-500
121000986,47,311,-264
121000987,178,1792,-1614
121000988,250,104,146
121001302,439,119,320
121001308,6,12,-6
121001309,118,164,-46
121001313,39,399,-360
121001314,3923,4078,-155
121001315,3576,1408,2168
121900001,48,145,-97
121900002,26,26,0
121900003,294,12,282
121900004,99,370,-271
121900005,7,11,-4
121900006,83,8,75
121900007,1985,2300,-315
121900008,3585,132,3453
121900009,479,22,457
121900010,225,7,218
121900011,228,286,-58
121900012,3,0,3
121900013,850,21,829
121900014,958,410,548
121900015,84,122,-38
121900016,4,18,-14
121900017,170,438,-268
121900018,209,2,207
121900019,141,187,-46
121900020,16,1,15
121900021,467,12,455
121900022,93,158,-65
121900023,46,390,-344
121900024,363,52,311
121900025,390,268,122
121900026,218,55,163
121900027,207,106,101
121900028,214,12,202
121900029,168,157,11
121900030,396,365,31
121900031,955,3069,-2114
121900032,74,80,-6
121900033,119,118,1
121900034,124,107,17
121900035,2338,1368,970
121900036,58,331,-273
121900037,83,509,-426
121900038,11,135,-124
121900039,446,20,426
121900040,28,72,-44
121900041,113,115,-2
121900042,246,115,131
121900043,3,4,-1
121900044,270,30,240
121900045,229,161,68
121900046,247,170,77
121900047,70,25,45
121900048,15,156,-141
121900050,19,31,-12
121900051,82,156,-74
121900052,58,45,13
121900053,197,209,-12
121900054,397,680,-283
121900055,2,9,-7
121900058,69,303,-234
121900059,194,60,134
121900060,73,321,-248
121900061,89,133,-44
121900062,45,73,-28
121900063,477,224,253
121900064,121,705,-584
121900066,16,42,-26
121900067,6,21,-15
121900069,156,117,39
121900070,143,81,62
121900071,87,296,-209
121900072,15,165,-150
121900073,169,173,-4
121900074,542,424,118
121900075,372,192,180
121900076,254,545,-291
121900077,0,28,-28
121900078,25,61,-36
121900079,0,1,-1
121900080,504,425,79
121900082,10,105,-95
121900084,8,190,-182
121900085,0,16,-16
121900086,3,60,-57
121900087,270,84,186
121900088,2986,1852,1134
121900089,53,333,-280
121900090,5,117,-112
121900091,9,100,-91
121900092,33,105,-72
121900093,49,42,7
121900094,11,6,5
121900095,138,113,25
121900096,1634,322,1312
121900097,158,107,51
121900098,3,2,1
121900099,73,78,-5
121900100,171,121,50
121900101,34,70,-36
121900102,2,93,-91
121900103,433,129,304
121900104,739,207,532
121900105,77,45,32
121900106,5,6,-1
121900107,14,35,-21
121900108,0,20,-20
121900109,373,91,282
121900110,135,1380,-1245
121900111,681,96,585
121900112,200,77,123
121900113,29,186,-157
121900114,12,27,-15
121900115,117,290,-173
121900117,229,26,203
121900118,2081,275,1806
121900119,53,108,-55
121900120,11,1313,-1302
121900121,419,62,357
121900122,13,21,-8
121900123,220,400,-180
121900124,108,165,-57
121900125,904,1025,-121
121900127,12,87,-75
121900128,40,152,-112
121900129,1262,76,1186
121900130,84,206,-122
121900131,160,79,81
121900132,35,149,-114
121900133,58,134,-76
121900134,13,97,-84
121900135,2216,225,1991
121900136,85,391,-306
121900137,21,255,-234
121900138,120,210,-90
121900139,253,340,-87
121900140,17,140,-123
121900141,10,17,-7
121900142,45,126,-81
121900143,1,121,-120
121900144,184,289,-105
121900145,127,179,-52
121900146,557,659,-102
121900147,53,183,-130
121900148,97,202,-105
121900149,306,694,-388
121900150,83,167,-84
121900151,69,169,-100
121900152,35,128,-93
121900153,79,401,-322
121900154,17,92,-75
121900155,0,65,-65
121900156,145,83,62
121900157,3,359,-356
121900158,70,113,-43
121900159,1,153,-152
121900160,11,150,-139
121900161,462,254,208
121900162,138,71,67
121900163,58,662,-604
121900164,335,178,157
121900165,168,201,-33
121900166,63,134,-71
121900167,131,61,70
121900168,212,94,118
121900169,2,277,-275
121900170,13,175,-162
121900171,414,520,-106
121900172,178,271,-93
121900173,740,141,599
121900174,5,28,-23
121900175,77,132,-55
121900176,377,1717,-1340
121900177,102,34,68
121900179,128,103,25
121900180,6221,2105,4116
121900182,420,224,196
121900183,288,514,-226
121900184,21,502,-481
121900185,68,74,-6
121900186,4,371,-367
121900187,12,80,-68
121900188,473,328,145
121900189,15,79,-64
121900190,115,461,-346
121900191,68,85,-17
121900192,434,421,13
121900194,1,124,-123
121900195,106,73,33
121900196,566,990,-424
121900197,241,2019,-1778
121900198,1012,774,238
121900199,0,11,-11
121900200,31,172,-141
121900201,980,459,521
121900202,129,347,-218
121900203,303,727,-424
121900204,1145,655,490
121900205,75,238,-163
121900206,7,16,-9
121900207,148,27,121
121900208,171,299,-128
121900209,49,18,31
121900210,713,1015,-302
121900211,0,117,-117
121900212,103,122,-19
121900213,41,92,-51
121900214,2,340,-338
121900215,35,104,-69
121900216,16,90,-74
121900217,194,64,130
121900218,231,342,-111
121900219,298,39,259
121900220,108,9,99
121900221,193,606,-413
121900222,47,180,-133
121900223,115,75,40
121900224,46,55,-9
121900225,57,64,-7
121900226,248,2043,-1795
121900227,72,288,-216
121900228,228,237,-9
121900229,159,198,-39
121900230,79,62,17
121900231,636,211,425
121900232,314,281,33
121900233,237,248,-11
121900234,144,378,-234
121900235,164,216,-52
121900236,191,116,75
121900237,151,148,3
121900238,95,223,-128
121900239,76,44,32
121900240,127,135,-8
121900241,43,85,-42
121900242,0,0,0
121900243,1,0,1
121900244,1,1,0
121900245,183,163,20
121900246,990,406,584
121900247,223,236,-13
121900248,1199,682,517
121900250,391,225,166
121900251,215,16,199
121900252,828,79,749
121900253,109,702,-593
121900254,560,165,395
121900255,112,72,40
121900258,2335,1461,874
121900259,323,392,-69
121900260,34,192,-158
121900261,56,333,-277
121900262,288,556,-268
121900263,104,265,-161
121900264,2177,1167,1010
121900265,95,314,-219
121900266,113,171,-58
121900267,22,11,11
121900269,117,236,-119
121900270,10,132,-122
121900271,17,185,-168
121900273,408,1044,-636
121900274,116,179,-63
121900276,336,87,249
121900277,194,1362,-1168
121900278,77,729,-652
121900279,130,293,-163
121900280,120,277,-157
121900281,907,66,841
121900284,78,4,74
121900286,67,136,-69
121900287,16,11,5
121900290,172,222,-50
121900291,412,462,-50
121900292,76,96,-20
121900293,912,2798,-1886
121900294,232,2,230
121900295,42,214,-172
121900296,78,22,56
121900298,333,348,-15
121900299,0,0,0
121900300,0,0,0
121900301,6,0,6
121900302,1,62,-61
121900303,153,436,-283
121900304,0,2,-2
121900305,0,0,0
121900306,30,0,30
121900307,15,32,-17
121900308,5,358,-353
121900309,5,236,-231
121900310,6,455,-449
121900311,162,14,148
121900312,72,11,61
121900313,115,13,102
121900314,0,61,-61
121900315,2,0,2
121900316,0,13,-13
121900317,0,1,-1
121900318,0,15,-15
121900319,11,16,-5
121900320,52,58,-6
121900321,0,0,0
121900322,0,24,-24
121900323,13,9,4
121900324,1,24,-23
121900325,5,0,5
121900326,2,23,-21
121900327,0,37,-37
121900328,0,20,-20
121900329,1,125,-124
121900330,0,39,-39
121900331,272,30,242
121900332,40,17,23
122000001,2660,2259,401
122000002,5219,994,4225
122000003,2091,1122,969
122000004,2429,815,1614
122000005,2382,719,1663
122000006,2070,370,1700
122000007,928,882,46
122000008,6817,3171,3646
122000009,575,144,431
122000010,2067,1969,98
122000011,3337,735,2602
122000012,949,776,173
122000013,1811,919,892
122000014,1310,1631,-321
122000015,1087,795,292
122000016,313,651,-338
122000017,903,925,-22
122000018,1145,873,272
122000019,701,1339,-638
122000020,165,163,2
122000021,576,339,237
122000022,1159,1291,-132
122000023,374,2583,-2209
122000024,983,659,324
122000025,1897,857,1040
122000026,1985,585,1400
122000027,515,3682,-3167
122000028,677,275,402
122000029,334,189,145
122000030,348,61,287
122000031,86,136,-50
122000032,1297,2478,-1181
122000033,705,578,127
122000034,456,461,-5
122000035,316,561,-245
122000036,336,500,-164
122000037,293,222,71
122000038,266,339,-73
122000039,528,413,115
122000040,364,222,142
122000041,365,476,-111
122000042,185,293,-108
122000043,156,63,93
122000044,145,112,33
122000045,1019,488,531
122000046,548,862,-314
122000047,182,112,70
122000048,2463,2982,-519
122000049,4383,1825,2558
122000050,1334,491,843
122000051,324,311,13
122000052,370,169,201
122000053,90,356,-266
122000054,1852,1442,410
122000055,1710,1892,-182
122000056,4079,2330,1749
122000057,3073,1996,1077
122000058,3683,848,2835
122000059,3302,1104,2198
122000060,1004,425,579
122000061,527,152,375
122000062,959,213,746
122000063,987,369,618
122000064,3046,2576,470
122000065,4652,2623,2029
122000066,1049,958,91
122000067,1037,1120,-83
122000068,694,1048,-354
122000069,429,697,-268
122000070,469,2832,-2363
122000071,740,1654,-914
122000072,294,261,33
122000073,351,344,7
122000074,1773,1130,643
122000075,354,1050,-696
122000076,1288,871,417
122000077,1033,455,578
122000078,2545,1359,1186
122000079,1203,556,647
122000080,627,255,372
122000081,124,173,-49
122000082,1088,632,456
122000083,1182,3452,-2270
122000084,732,587,145
122000085,176,1750,-1574
122000086,1995,3015,-1020
122000087,441,114,327
122000088,551,189,362
122000089,6936,2629,4307
122000090,270,314,-44
122000091,335,75,260
122000092,133,12,121
122000093,1533,951,582
122000094,6987,1272,5715
122000095,4411,1470,2941
122000096,3286,882,2404
122000098,3260,1103,2157
122000099,2099,550,1549
122000100,1551,544,1007
122000101,214,796,-582
122000102,1439,1050,389
122000103,1278,1114,164
122000104,243,201,42
122000105,223,242,-19
122000106,570,463,107
122000107,774,449,325
122000108,345,695,-350
122000109,218,258,-40
122000110,273,477,-204
122000111,2212,916,1296
122000112,473,1023,-550
122000113,418,548,-130
122000114,2809,1275,1534
122000115,1615,1211,404
122000116,354,463,-109
122000117,733,290,443
122000118,298,411,-113
122000119,2750,1320,1430
122000120,3860,2066,1794
122000121,4308,2104,2204
122000122,542,1183,-641
122000123,2286,1155,1131
122000124,1028,360,668
122000125,416,519,-103
122000126,673,616,57
122000127,1843,786,1057
122000128,505,974,-469
122000129,269,361,-92
122000130,1974,314,1660
122000131,2347,485,1862
122000132,1163,440,723
122000133,915,2121,-1206
122000134,351,361,-10
122000135,513,858,-345
122000136,317,143,174
122000137,759,511,248
122000139,1336,2576,-1240
122000140,1048,429,619
122000141,5596,771,4825
122000142,453,522,-69
122000143,636,149,487
122000144,2204,692,1512
122000145,2473,683,1790
122000146,1181,948,233
122000147,1020,251,769
122000148,2501,1119,1382
122000149,1845,826,1019
122000150,1076,670,406
122000151,320,296,24
122000152,545,277,268
122000153,428,224,204
122000154,357,170,187
122000155,1336,1477,-141
122000156,2434,1518,916
122000157,1961,943,1018
122000158,321,441,-120
122000159,1317,1367,-50
122000160,7049,693,6356
122000161,1346,582,764
122000162,1979,1290,689
122000163,318,45,273
122000164,37,50,-13
122000165,687,635,52
122000166,794,822,-28
122000167,163,199,-36
122000168,233,379,-146
122000169,553,135,418
122000170,210,254,-44
122000171,39,78,-39
122000172,1251,1212,39
122000173,1373,1754,-381
122000174,1524,629,895
122000175,1093,232,861
122000176,305,495,-190
122000177,1578,960,618
122000178,2937,1998,939
122000179,2062,2000,62
122000180,1907,821,1086
122000181,1863,2019,-156
122000182,2926,831,2095
122000183,1722,740,982
122000184,3475,1432,2043
122000185,1426,906,520
122000186,595,653,-58
122000187,1390,1091,299
122000188,416,175,241
122000189,233,271,-38
122000190,799,763,36
122000191,969,377,592
122000192,799,251,548
122000193,230,620,-390
122000194,429,151,278
122000195,98,389,-291
122000196,816,570,246
122000197,392,663,-271
122000198,456,886,-430
122000199,279,269,10
122000200,1095,459,636
122000201,1160,1270,-110
122000202,1114,1034,80
122000203,2243,1295,948
122000204,1302,1651,-349
122000205,1200,901,299
122000206,1905,1012,893
122000207,969,1314,-345
122000208,1598,1307,291
122000209,2180,273,1907
122000210,1341,1929,-588
122000211,1009,1303,-294
122000212,490,356,134
122000213,909,842,67
122000214,1458,1200,258
122000215,1756,1066,690
122000217,1784,1291,493
122000218,536,45,491
122000219,1498,960,538
122000220,388,739,-351
122000221,115,356,-241
122000222,565,62,503
122000223,942,463,479
122000225,448,266,182
122000226,1031,1854,-823
122000227,187,1594,-1407
122000228,203,397,-194
122000229,5,310,-305
122000230,42,770,-728
122000231,119,651,-532
122000232,562,337,225
122000233,0,62,-62
122000234,131,211,-80
122000235,356,207,149
122000236,340,192,148
122000237,50,52,-2
122000238,47,129,-82
122000239,321,78,243
122000240,693,351,342
122000241,37,155,-118
122000242,315,40,275
122000243,15,16,-1
122000244,4,250,-246
122000245,10,63,-53
122000246,4,60,-56
122000247,408,346,62
122000248,798,1944,-1146
122000249,203,442,-239
122000250,1139,394,745
122000251,237,299,-62
122000252,592,104,488
122000253,42,258,-216
122000254,120,80,40
122000255,469,2079,-1610
122000256,321,1553,-1232
122000257,90,417,-327
122000258,72,167,-95
122000259,18,663,-645
122000260,6,128,-122
122000261,4,155,-151
122000262,2,54,-52
122000263,96,139,-43
122000264,483,369,114
122000265,1407,645,762
122000266,4177,498,3679
122000267,48,88,-40
122000268,98,365,-267
122000269,516,224,292
122000270,559,114,445
122000271,192,1157,-965
122000272,258,1048,-790
122000273,194,417,-223
122000274,58,180,-122
122000275,23,148,-125
122000276,266,688,-422
122000277,463,1373,-910
122000278,485,1031,-546
122000279,163,581,-418
122000280,522,832,-310
122000281,497,593,-96
122000282,89,254,-165
122000283,198,79,119
122000284,52,76,-24
122000285,335,101,234
122000286,89,182,-93
122000287,514,1288,-774
122000288,230,218,12
122000291,559,342,217
122000293,270,327,-57
122000294,63,140,-77
122000295,961,121,840
122000296,51,482,-431
122000297,3134,1796,1338
122000299,369,406,-37
122000300,603,449,154
122000301,14078,2117,11961
122000302,703,520,183
122000303,4380,1178,3202
122000304,36,155,-119
122000305,551,277,274
122000306,12,795,-783
122000307,193,95,98
122000309,31,42,-11
122000310,6,19,-13
122000311,44,47,-3
122000312,39,18,21
122000313,6,40,-34
122000314,59,193,-134
122000315,132,20,112
122000316,300,199,101
122000317,550,151,399
122000318,269,378,-109
122000319,267,531,-264
122000320,237,2313,-2076
122000321,84,298,-214
122000322,2217,1708,509
122000323,1572,1119,453
122000324,1190,954,236
122000325,833,850,-17
122000326,16,134,-118
122000327,232,348,-116
122000328,1204,1082,122
122000330,2064,585,1479
122000332,157,315,-158
122000333,6,158,-152
122000337,505,2193,-1688
122000338,254,451,-197
122000340,345,188,157
122000342,1681,992,689
122000343,205,295,-90
122000344,18,31,-13
122000345,19,55,-36
122000346,236,165,71
122000348,483,755,-272
122000349,107,340,-233
122000351,34,181,-147
122000352,286,52,234
122000353,25,132,-107
122000355,75,162,-87
122000356,1606,689,917
122000357,23,12,11
122000358,1,77,-76
122000359,0,35,-35
122000360,1,65,-64
122000362,10,70,-60
122000364,106,481,-375
122000365,3,25,-22
122000366,0,7,-7
122000368,360,829,-469
122000370,14,72,-58
122000371,4,0,4
122000372,2,0,2
122000381,59,333,-274
122000382,49,238,-189
122000384,4121,1834,2287
122000385,12,0,12
122000386,457,750,-293
122000387,338,449,-111
122000388,1270,306,964
122000389,175,817,-642
122000390,276,177,99
122000391,222,89,133
122000392,149,220,-71
122000393,14,181,-167
122000394,182,297,-115
122000395,79,153,-74
122000396,186,100,86
122000397,29,86,-57
122000398,10,33,-23
122000399,68,73,-5
122000400,153,205,-52
122000401,70,93,-23
122000402,164,52,112
122000403,248,1389,-1141
122000404,111,334,-223
122000408,660,1011,-351
122000503,12,63,-51
122000524,204,115,89
122000544,40,1350,-1310
122000616,999,4,995
122000640,11,207,-196
122000641,40,502,-462
122000642,641,1478,-837
122000643,7,75,-68
122000644,163,27,136
122000645,71,181,-110
122000651,1877,613,1264
122000664,80,33,47
122000665,934,493,441
122000666,443,894,-451
122000673,15,335,-320
122000674,50,49,1
122000675,824,1054,-230
122000686,163,1330,-1167
122000687,348,340,8
122000688,96,801,-705
122000689,263,698,-435
122000690,458,666,-208
122000691,235,2708,-2473
122000692,676,365,311
122000693,376,1839,-1463
122000695,124,613,-489
122000696,95,432,-337
122000698,86,1100,-1014
122000699,151,147,4
122000701,832,309,523
122000702,356,2213,-1857
122000703,185,43,142
122000717,161,58,103
122000718,293,297,-4
122000719,42,50,-8
122000720,77,305,-228
122900001,11,3,8
122900002,951,1593,-642
122900003,142,25,117
122900004,846,19,827
122900005,38,76,-38
122900006,416,389,27
122900007,125,12,113
122900008,452,57,395
122900009,973,228,745
122900010,193,127,66
122900012,226,354,-128
122900014,124,304,-180
122900015,2889,389,2500
122900016,43,343,-300
122900017,421,863,-442
122900018,179,5,174
122900019,14,144,-130
122900020,287,483,-196
122900021,27,635,-608
122900022,273,1033,-760
122900023,164,305,-141
122900024,138,59,79
122900025,22,167,-145
122900026,120,365,-245
122900027,71,649,-578
122900028,213,564,-351
122900029,4844,1670,3174
122900030,1247,467,780
122900031,105,96,9
122900032,102,240,-138
122900033,128,181,-53
122900034,3207,3153,54
122900035,5,4,1
122900036,13,135,-122
122900037,238,93,145
122900038,143,1341,-1198
122900039,105,273,-168
122900040,160,347,-187
122900041,116,230,-114
122900042,96,307,-211
122900043,258,155,103
122900044,89,252,-163
122900045,31,91,-60
122900046,87,122,-35
122900047,181,105,76
122900048,36,135,-99
122900049,1500,124,1376
122900051,88,95,-7
122900052,25,91,-66
122900053,16,23,-7
122900055,143,96,47
122900057,256,11,245
122900061,436,149,287
122900062,288,293,-5
122900063,100,472,-372
122900064,835,644,191
122900065,195,121,74
122900066,255,191,64
122900067,1718,821,897
122900068,192,383,-191
122900069,132,780,-648
122900070,186,34,152
122900071,44,414,-370
122900072,13,615,-602
122900073,36,270,-234
122900074,121,684,-563
122900075,0,60,-60
122900076,5,167,-162
122900077,1,192,-191
122900078,66,160,-94
122900080,50,15,35
122900081,152,132,20
122900082,489,178,311
122900083,106,80,26
122900084,3,193,-190
122900086,1,18,-17
122900087,70,639,-569
122900088,85,44,41
122900089,2,203,-201
122900090,8,674,-666
122900091,49,1,48
122900092,0,186,-186
122900093,2,349,-347
122900094,1,244,-243
122900095,71,1,70
122900096,69,261,-192
122900097,50,8,42
122900098,47,114,-67
122900099,2,2,0
122900100,269,155,114
122900101,515,169,346
123000001,2011,299,1712
123000002,6471,2095,4376
123000003,3528,2260,1268
123000004,3383,4265,-882
123000005,2089,2033,56
123000006,2822,3083,-261
123000007,2233,1718,515
123000008,2013,3224,-1211
123000009,4023,2889,1134
123000010,3537,4169,-632
123000011,2651,847,1804
123000012,1011,2269,-1258
123000013,3046,834,2212
123000014,1227,3697,-2470
123000015,5710,555,5155
123000016,6971,2496,4475
123000017,3173,1228,1945
123000018,68,82,-14
123000019,79,526,-447
123000020,70,162,-92
123000021,54,137,-83
123000022,331,734,-403
123000023,1051,1013,38
123000024,827,410,417
123000025,8,101,-93
123000026,2,72,-70
123000027,246,479,-233
123000028,585,598,-13
123000029,470,604,-134
123000030,127,813,-686
123000031,162,420,-258
123000032,193,293,-100
123000033,145,50,95
123000034,523,466,57
123000035,213,257,-44
123000036,228,414,-186
123000037,167,466,-299
123000038,73,236,-163
123000039,546,726,-180
123000040,982,433,549
123000041,1042,445,597
123000042,785,431,354
123000043,4146,3855,291
123000044,7317,2039,5278
123000045,13110,1516,11594
123000046,921,606,315
123000047,2979,935,2044
123000048,84,258,-174
123000049,8552,3631,4921
123000050,664,884,-220
123000051,88,84,4
123000052,451,2045,-1594
123000053,2477,2645,-168
123000054,982,1019,-37
123000055,862,1070,-208
123000056,993,1711,-718
123000057,19768,4751,15017
123000058,526,524,2
123000059,332,443,-111
123000060,673,346,327
123000061,102,694,-592
123000063,736,634,102
123000064,713,194,519
123000065,7644,3294,4350
123000066,1203,834,369
123000067,285,604,-319
123000068,3022,3083,-61
123000069,11013,3526,7487
123000070,333,847,-514
123000071,589,1189,-600
123000072,916,1797,-881
123000073,562,731,-169
123000074,804,2084,-1280
123000075,290,722,-432
123000076,354,1215,-861
123000077,1708,4138,-2430
123000078,924,1646,-722
123000079,800,2119,-1319
123000080,1780,3119,-1339
123000081,244,742,-498
123000082,379,1257,-878
123000083,754,101,653
123000084,226,686,-460
123000085,93,106,-13
123000086,158,455,-297
123000087,71,605,-534
123000088,684,1474,-790
123000089,277,1284,-1007
123000090,975,1272,-297
123000091,1437,1223,214
123000092,1011,1001,10
123000094,340,256,84
123000095,312,601,-289
123000096,283,525,-242
123000097,263,1066,-803
123000098,319,514,-195
123000099,349,648,-299
123000100,421,482,-61
123000101,695,331,364
123000102,436,521,-85
123000104,330,256,74
123000105,610,580,30
123000106,564,300,264
123000107,560,535,25
123000108,1002,1278,-276
123000111,448,267,181
123000112,431,546,-115
123000113,443,1997,-1554
123000114,399,305,94
123000115,173,241,-68
123000116,13,118,-105
123000117,1197,2342,-1145
123000118,340,1034,-694
123000119,183,1170,-987
123000120,322,979,-657
123000121,286,613,-327
123000122,274,286,-12
123000123,351,528,-177
123000124,649,572,77
123000125,1098,564,534
123000126,2066,1718,348
123000127,1565,821,744
123000128,227,458,-231
123000129,260,176,84
123000130,303,80,223
123000131,567,461,106
123000132,324,551,-227
123000133,478,358,120
123000134,518,117,401
123000135,997,1063,-66
123000136,215,1620,-1405
123000137,121,519,-398
123000138,58,546,-488
123000139,237,79,158
123000140,159,888,-729
123000141,721,80,641
123000142,745,1072,-327
123000143,1013,2516,-1503
123000144,18,17,1
123000145,201,127,74
123000146,79,84,-5
123000147,88,125,-37
123000149,251,268,-17
123000150,261,222,39
123000151,252,408,-156
123000152,22,342,-320
123000153,136,429,-293
123000154,1561,1151,410
123000155,1990,736,1254
123000156,33,88,-55
123000157,442,789,-347
123000158,837,396,441
123000159,2571,1536,1035
123000160,549,398,151
123000161,1088,711,377
123000162,373,1124,-751
123000163,236,51,185
123000164,687,231,456
123000165,336,2068,-1732
123000166,33,166,-133
123000167,69,301,-232
123000168,185,395,-210
123000169,334,90,244
123000170,37,396,-359
123000171,192,75,117
123000172,261,750,-489
123000173,426,122,304
123000174,607,156,451
123000175,1056,1547,-491
123000176,678,118,560
123000177,361,1182,-821
123000178,512,83,429
123000179,55,837,-782
123000180,1032,175,857
123000181,282,1527,-1245
123000182,93,603,-510
123000183,97,139,-42
123000184,66,867,-801
123000185,209,332,-123
123000186,5,827,-822
123000187,275,3,272
123000188,101,2,99
123000189,128,175,-47
123000190,17,77,-60
123000192,15,466,-451
123000193,33,633,-600
123000194,442,300,142
123000195,205,4,201
123000196,183,1,182
123000197,12,96,-84
123000198,8,213,-205
123000199,3,469,-466
123000200,179,6,173
123000201,396,12,384
123000202,17,1558,-1541
123000203,460,22,438
123000204,57,1302,-1245
123000205,334,2226,-1892
123000206,1052,95,957
123000207,76,1053,-977
123000208,163,77,86
123000209,924,240,684
123000210,371,1817,-1446
123000211,609,3350,-2741
123000212,1397,282,1115
123000213,267,32,235
123000215,100,71,29
123000216,183,323,-140
123000217,153,27,126
123000218,112,352,-240
123000219,1195,21,1174
123000220,380,70,310
123000221,86,208,-122
123000222,235,773,-538
123000223,98,688,-590
123000224,263,622,-359
123000225,199,61,138
123000226,105,455,-350
123000227,42,409,-367
123000228,183,57,126
123000229,1176,1888,-712
123000232,62,625,-563
123000233,384,137,247
123000234,111,722,-611
123000235,338,344,-6
123000236,139,1045,-906
123000237,145,51,94
123000238,42,695,-653
123000239,455,2243,-1788
123000240,39,247,-208
123000241,960,133,827
123000242,78,230,-152
123000243,322,976,-654
123000244,697,421,276
123000245,54,143,-89
123000249,373,471,-98
123000252,660,145,515
123000253,523,341,182
123000254,423,1244,-821
123000255,602,716,-114
123000256,14,253,-239
123000257,3763,2681,1082
123000258,872,1275,-403
123000259,148,376,-228
123000260,300,751,-451
123000261,88,316,-228
123000262,131,253,-122
123000263,212,104,108
123000264,216,70,146
123000265,64,154,-90
123000266,398,736,-338
123000267,224,241,-17
123000268,14,45,-31
123000269,18,49,-31
123000270,11,33,-22
123000271,33,81,-48
123000272,675,175,500
123000273,123,398,-275
123000274,753,336,417
123000275,305,1132,-827
123000278,3266,2341,925
123000279,47,53,-6
123000280,181,361,-180
123000281,156,73,83
123000282,67,262,-195
123000283,71,26,45
123000284,35,150,-115
123000286,294,241,53
123000287,456,254,202
123000288,806,460,346
123000289,396,508,-112
123000291,361,893,-532
123000294,164,228,-64
123000295,745,1085,-340
123000296,155,580,-425
123000297,62,293,-231
123000298,82,254,-172
123000299,7,136,-129
123000300,452,628,-176
123000301,59,135,-76
123000302,113,244,-131
123000303,41,168,-127
123000305,1021,812,209
123000306,49,298,-249
123000309,34,58,-24
123000310,61,24,37
123000311,0,146,-146
123000312,536,1118,-582
123000313,151,190,-39
123000315,216,421,-205
123000316,1324,25,1299
123000317,221,53,168
123000318,20,257,-237
123000329,4,20,-16
123000337,90,213,-123
123000338,457,71,386
123000339,82,278,-196
123000340,202,547,-345
123000342,1,3,-2
123000343,63,3,60
123000344,1115,430,685
123000345,331,578,-247
123000346,130,35,95
123000352,2326,783,1543
123000353,23,127,-104
123000354,99,2,97
123000355,1,332,-331
123000356,116,4,112
123000357,0,351,-351
123000359,1,271,-270
123000360,132,12,120
123000361,545,256,289
123000362,154,137,17
123000363,47,259,-212
123000364,397,234,163
123000365,21,219,-198
123000366,267,1310,-1043
123000367,184,982,-798
123000370,14,341,-327
123000371,86,15,71
123000372,122,7,115
123000373,5,473,-468
123000374,5,246,-241
123000375,235,15,220
123000376,507,440,67
123000377,262,10,252
123000378,5,523,-518
123000379,4,236,-232
123000380,77,237,-160
123000381,136,53,83
123000382,1701,37,1664
123000383,266,716,-450
123000384,428,101,327
123000385,527,664,-137
123000436,32,687,-655
123000507,93,316,-223
123000508,95,299,-204
123000517,295,22,273
123000518,58,221,-163
123000519,92,46,46
123000520,50,272,-222
123000521,250,94,156
123000522,192,653,-461
123000541,2,1,1
123000542,0,56,-56
123000565,182,17,165
123000566,32,873,-841
123000567,97,282,-185
123000573,29,1025,-996
123000574,300,74,226
123000575,891,1375,-484
123000576,578,2044,-1466
123000577,74,418,-344
123000578,668,106,562
123000579,6002,2240,3762
123000580,43,20,23
123000582,201,22,179
123000583,11,579,-568
123000584,80,181,-101
123000585,0,116,-116
123000586,20,0,20
123000596,127,122,5
123000597,40,74,-34
123000602,14,2,12
123000603,212,659,-447
123000604,229,1180,-951
123000605,446,76,370
123000606,0,147,-147
123000609,10,372,-362
123000610,45,76,-31
123000613,30,144,-114
123000614,206,38,168
123000615,32,168,-136
123000616,255,64,191
123000617,66,606,-540
123000618,39,775,-736
123000619,441,21,420
123000620,10,653,-643
123000622,331,18,313
123000624,110,22,88
123000630,405,311,94
123000631,152,1913,-1761
123000632,981,1272,-291
123000633,0,124,-124
123000634,55,35,20
123000635,233,90,143
123000636,1,506,-505
123000637,63,77,-14
123000638,254,63,191
123000639,1261,1671,-410
123000640,56,1122,-1066
123900001,1397,55,1342
123900002,10,736,-726
123900003,356,703,-347
123900005,129,95,34
123900006,161,20,141
124000001,1346,90,1256
124000002,105,1798,-1693
124000003,325,116,209
124000004,50,769,-719
124000005,472,167,305
124000006,225,1641,-1416
124000007,601,134,467
124000008,20,437,-417
124000009,167,314,-147
124000010,72,479,-407
124000011,535,297,238
124000012,226,902,-676
124000017,46,81,-35
124000018,88,134,-46
124000019,38,81,-43
124000020,52,275,-223
124000021,73,59,14
124000022,105,280,-175
124000023,736,1108,-372
124000024,960,614,346
124000025,876,1014,-138
124000026,1024,784,240
124000027,5041,2917,2124
124000028,3202,3339,-137
124000030,3621,1074,2547
124000031,536,779,-243
124000032,5188,1152,4036
124000033,105,141,-36
124000034,1722,572,1150
124000035,19,37,-18
124000036,40,151,-111
124000037,340,291,49
124000038,70,23,47
124000039,1355,193,1162
124000040,613,477,136
124000041,184,40,144
124000042,40,290,-250
124000043,100,67,33
124000044,27,261,-234
124000045,310,472,-162
124000046,123,713,-590
124000047,617,742,-125
124000048,464,1929,-1465
124000049,713,624,89
124000050,505,2744,-2239
124000051,292,505,-213
124000052,386,1780,-1394
124000053,449,703,-254
124000054,609,836,-227
124000055,812,1053,-241
124000056,4043,1358,2685
124000057,514,317,197
124000058,245,1466,-1221
124000059,320,438,-118
124000060,951,873,78
124000061,1149,2038,-889
124000062,5703,1774,3929
124000063,1385,1646,-261
124000064,2500,2091,409
124000065,10,136,-126
124000066,143,34,109
124000067,48,354,-306
124000068,9,21,-12
124000069,60,15,45
124000070,26,199,-173
124000071,54,72,-18
124000072,82,586,-504
124000073,378,70,308
124000074,137,1034,-897
124000075,77,17,60
124000076,5,337,-332
124000077,1546,603,943
124000078,2661,364,2297
124000079,653,927,-274
124000080,149,163,-14
124000081,166,767,-601
124000082,9,101,-92
124000083,22,171,-149
124000084,65,99,-34
124000085,94,35,59
124000086,64,98,-34
124000087,89,68,21
124000088,217,283,-66
124000089,416,541,-125
124000090,43,399,-356
124000091,244,63,181
124000092,37,592,-555
124000093,103,57,46
124000094,228,323,-95
124000095,27,50,-23
124000096,51,270,-219
124000097,37,76,-39
124000098,46,99,-53
124000099,45,67,-22
124000100,57,139,-82
124000101,36,92,-56
124000102,82,90,-8
124000103,41,67,-26
124000104,67,102,-35
124000105,30,49,-19
124000106,94,113,-19
124000107,13,90,-77
124000108,59,38,21
124000109,73,30,43
124000110,84,102,-18
124000111,162,109,53
124000112,359,667,-308
124000113,23,48,-25
124000114,161,647,-486
124000115,189,750,-561
124000116,59,53,6
124000117,59,71,-12
124000118,23,46,-23
124000119,797,620,177
124000120,386,471,-85
124000121,1340,428,912
124000122,538,987,-449
124000123,742,355,387
124000124,497,729,-232
124000125,281,304,-23
124000126,283,531,-248
124000127,496,291,205
124000128,421,932,-511
124000129,1578,1102,476
124000130,783,565,218
124000131,744,404,340
124000132,736,659,77
124000133,472,663,-191
124000134,657,738,-81
124000135,1364,1254,110
124000136,1015,1040,-25
124000137,1184,494,690
124000138,1933,1044,889
124000139,295,18,277
124000140,27,345,-318
124000141,43,8,35
124000142,21,80,-59
124000143,15,6,9
124000144,5,45,-40
124000145,35,23,12
124000146,18,141,-123
124000148,24,32,-8
124000149,719,220,499
124000150,404,495,-91
124000151,276,78,198
124000152,416,848,-432
124000153,549,292,257
124000154,603,651,-48
124000155,787,419,368
124000156,923,741,182
124000169,175,343,-168
124000170,685,440,245
124000171,151,190,-39
124000172,451,632,-181
124000173,208,234,-26
124000174,165,807,-642
124000175,7,150,-143
124000176,24,5,19
124000177,29,41,-12
124000178,31,27,4
124000190,52,14,38
124000191,125,41,84
124000192,1954,306,1648
124000193,444,1229,-785
124000194,324,533,-209
124000195,180,428,-248
124000196,881,1260,-379
124000197,56,49,7
124000198,27,26,1
124000201,258,1087,-829
124000202,426,116,310
124000203,100,1077,-977
124000204,247,460,-213
124000205,41,722,-681
124000206,141,348,-207
124000207,0,68,-68
124000209,173,652,-479
124000210,160,213,-53
124000211,201,0,201
124000212,2,690,-688
124000213,125,397,-272
124000214,121,814,-693
124000215,74,4,70
124000216,2,617,-615
124000329,53,2610,-2557
124000338,34,1364,-1330
124000339,263,93,170
124000341,391,75,316
124000344,9,2,7
124000357,611,1362,-751
124000358,704,875,-171
124000359,821,395,426
124000360,437,350,87
124000361,1136,645,491
124000362,1611,1958,-347
124000363,371,561,-190
124000364,577,1315,-738
124000365,581,1205,-624
124000366,2057,888,1169
124000367,80,606,-526
124000368,133,120,13
124000369,83,74,9
124000370,64,557,-493
124000402,9,4,5
124000403,28,14,14
124000404,11,115,-104
124000405,1079,587,492
124000406,1042,910,132
124000407,4,39,-35
124000411,9,381,-372
124000412,104,14,90
124000413,178,35,143
124000414,21,140,-119
124000415,23,173,-150
124000416,66,339,-273
124000417,39,68,-29
124000418,31,111,-80
124000419,43,198,-155
124000420,33,70,-37
124000421,16,236,-220
124000422,23,7,16
124000423,116,30,86
124000424,1,150,-149
124000425,9,12,-3
124000426,1,41,-40
124000427,10,9,1
124000428,13,29,-16
124000429,35,78,-43
124000430,360,870,-510
124000431,189,969,-780
124000432,141,798,-657
124000439,1,5,-4
124000442,4,203,-199
124000443,0,7,-7
124000445,98,111,-13
124000446,1260,61,1199
124900001,219,176,43
124900002,98,508,-410
124900003,376,341,35
124900004,187,266,-79
124900005,185,256,-71
124900006,229,229,0
124900008,912,278,634
124900009,148,198,-50
124900010,55,49,6
124900011,229,114,115
124900012,384,115,269
124900013,189,100,89
124900014,91,84,7
124900015,162,186,-24
124900016,29,55,-26
124900017,944,287,657
124900018,15,5,10
124900019,199,18,181
124900020,72,61,11
124900021,115,29,86
124900022,7,1,6
124900024,102,4,98
124900026,39,3,36
124900027,65,148,-83
124900028,649,179,470
124900029,8,242,-234
124900030,5,213,-208
124900031,70,512,-442
124900032,242,116,126
124900033,38,475,-437
124900034,16,125,-109
124900035,107,500,-393
124900036,1,38,-37
124900037,104,315,-211
124900038,297,303,-6
124900039,1,28,-27
124900040,41,116,-75
124900041,126,991,-865
124900042,18,2,16
124900043,235,1103,-868
124900044,26,0,26
124900045,578,575,3
124900046,2293,260,2033
124900047,84,230,-146
124900048,106,148,-42
124900050,97,286,-189
124900052,102,786,-684
124900053,47,364,-317
124900054,2989,276,2713
124900055,0,99,-99
124900057,6,88,-82
124900060,46,201,-155
124900061,38,3,35
124900062,49,9,40
124900066,0,24,-24
124900067,2,152,-150
124900068,321,365,-44
124900069,125,108,17
124900070,43,20,23
124900072,51,16,35
124900074,96,382,-286
124900075,85,139,-54
124900076,33,249,-216
124900077,29,98,-69
124900078,41,7,34
124900079,875,38,837
124900080,116,671,-555
124900081,337,167,170
124900082,240,763,-523
124900083,102,442,-340
124900084,2204,107,2097
124900085,1234,188,1046
124900086,71,552,-481
124900087,427,44,383
124900088,610,71,539
124900089,1503,21,1482
124900090,133,188,-55
124900091,237,622,-385
124900092,149,499,-350
124900093,144,185,-41
124900094,170,228,-58
124900095,62,370,-308
124900096,571,194,377
124900097,171,56,115
124900098,136,439,-303
124900099,1041,308,733
124900100,150,18,132
124900101,19,320,-301
124900102,105,5,100
124900103,61,280,-219
124900104,29,229,-200
124900105,34,155,-121
124900106,224,16,208
124900107,35,17,18
124900108,98,19,79
124900109,27,89,-62
124900110,91,356,-265
124900111,2,42,-40
124900112,48,1126,-1078
129000186,104,33,71
204000001,9,2,7
204000002,5,6,-1
204000003,49,2,47
204000004,11,1,10
204000005,318,300,18
204000006,776,756,20
204000008,828,324,504
204000011,12,51,-39
204000012,33,71,-38
204000013,1,24,-23
204000019,389,486,-97
204000020,292,678,-386
204000021,1499,636,863
204000022,316,431,-115
204000023,290,1244,-954
204000031,48,15,33
204000032,436,30,406
204000034,20,387,-367
204000035,1,8,-7
204000036,3,21,-18
204000037,0,12,-12
204000038,0,9,-9
204000039,7,74,-67
204000040,8,52,-44
204000041,4,50,-46
204000042,18,14,4
204000043,19,10,9
204000044,15,6,9
204000045,27,7,20
204000046,17,8,9
204000057,5,65,-60
204000062,4,17,-13
204000068,10,109,-99
204000069,12,81,-69
204000070,12,136,-124
204000080,9,46,-37
204000085,1151,2097,-946
204000086,2496,2081,415
204000087,21,12,9
204000088,9,88,-79
204000090,11,424,-413
204000093,197,42,155
204000096,370,550,-180
204000097,189,6,183
204000099,646,969,-323
204000100,586,812,-226
204000105,1954,1794,160
204000110,451,1232,-781
204000111,241,684,-443
204000112,625,871,-246
204000113,375,809,-434
204000114,469,300,169
204000115,265,307,-42
204000116,459,470,-11
204000119,1433,1159,274
204000132,237,132,105
204000133,363,153,210
204000134,119,137,-18
204000135,157,90,67
204000136,137,117,20
204000138,147,155,-8
204000140,85,70,15
204000141,53,33,20
204000144,2,20,-18
204000145,438,30,408
204000146,32,384,-352
204000147,21,108,-87
204000148,323,20,303
204000154,1,0,1
204000155,3,17,-14
204000177,117,43,74
204000179,4,3,1
204000180,0,24,-24
204000222,2,39,-37
204000235,5,14,-9
204000236,51,283,-232
204000238,33,20,13
204000240,265,60,205
204000308,142,9,133
204000317,15,75,-60
204000322,1,45,-44
204000323,13,8,5
204000328,183,37,146
204000329,46,104,-58
204000330,140,24,116
204000331,17,133,-116
204010341,8,222,-214
205000001,1111,1185,-74
205000013,4,87,-83
205000014,10,111,-101
205000015,23,282,-259
205000016,18,198,-180
205000017,20,98,-78
205000022,235,497,-262
205000025,1299,847,452
205000029,139,3,136
205000045,36,153,-117
205000047,34,424,-390
205000048,127,861,-734
205000049,80,708,-628
205000050,864,279,585
205000059,1,223,-222
205000060,0,40,-40
205000061,6,24,-18
205000062,1,34,-33
205000063,10,83,-73
205000064,11,132,-121
205000065,47,735,-688
205000066,72,729,-657
205000067,42,1048,-1006
205000069,181,20,161
205000082,110,118,-8
205000110,43,194,-151
205000111,118,220,-102
205000112,74,149,-75
205000113,266,223,43
205000121,137,29,108
205000123,76,196,-120
205000126,310,90,220
205000127,434,125,309
205000128,426,46,380
205000129,321,81,240
205000130,193,18,175
205000131,204,5,199
205000132,253,3,250
205000133,147,1,146
205000134,78,1,77
205000137,151,105,46
205000138,242,293,-51
205000139,25,87,-62
205000144,49,34,15
205000145,360,100,260
205000151,97,22,75
205000152,82,21,61
205000153,110,28,82
205000154,30,36,-6
205000155,48,11,37
205000207,10,138,-128
205000233,3,0,3
205000234,0,0,0
205000243,0,0,0
205000244,0,3,-3
205000245,14,261,-247
205000249,0,37,-37
205000250,2,0,2
205000251,33,420,-387
205000264,4,115,-111
206000027,10,2,8
206000028,1,2,-1
206000043,16,130,-114
206000053,6,20,-14
206000054,3,29,-26
206000055,2,49,-47
206000075,2,1,1
206000076,10,1,9
206000077,17,2,15
206000078,8,2,6
206000079,14,1,13
206000082,350,19,331
206000100,66,660,-594
206000103,9,20,-11
206000104,7,29,-22
206000105,8,35,-27
206000106,5,34,-29
206000108,525,35,490
206000125,43,0,43
206000157,111,862,-751
206000170,0,273,-273
206000171,5,267,-262
206000172,6,1063,-1057
206000173,1,420,-419
206000174,5,164,-159
206000175,0,259,-259
206000176,13,431,-418
206000177,3,282,-279
206000178,3,215,-212
206000179,7,158,-151
206000180,23,246,-223
206000181,3,364,-361
206000182,21,399,-378
206000183,22,1194,-1172
206000184,3,538,-535
206000185,4,419,-415
206000186,76,1696,-1620
206000223,2,284,-282
206000226,10,6,4
206000227,23,0,23
206000237,37,519,-482
206000238,46,789,-743
206000239,505,2634,-2129
206000240,0,38,-38
206000241,0,127,-127
206000242,4,569,-565
206000243,10,479,-469
206000244,72,1042,-970
206000245,276,30,246
206000246,64,11,53
206000247,71,3,68
206000248,128,12,116
206000252,78,9,69
206000258,15,46,-31
206000315,26,13,13
206000317,261,60,201
206000318,81,20,61
206000319,409,51,358
206000320,40,31,9
206000321,61,8,53
206000322,120,20,100
206000323,83,7,76
206000324,52,2,50
206000325,125,8,117
206000326,77,3,74
206000327,55,8,47
206000328,35,4,31
206000329,74,7,67
206000330,9,3,6
206000331,53,4,49
206000332,9,2,7
206000333,172,5,167
206000334,103,0,103
206000335,1,27,-26
206000361,4,265,-261
206000392,4,63,-59
206000405,83,1,82
206000441,9,10,-1
206000498,14,4,10
206000515,104,23,81
206000530,43,39,4
206000531,126,57,69
206000532,2073,79,1994
206000535,428,2075,-1647
206000536,29,249,-220
206000537,9,142,-133
206000613,1096,106,990
207000001,85,353,-268
207000002,68,221,-153
207000003,110,208,-98
207000007,403,219,184
207000008,31,7,24
207000009,60,39,21
207000010,394,586,-192
207000012,189,204,-15
207000015,295,1762,-1467
207000019,132,65,67
207000021,483,150,333
207000022,93,101,-8
207000023,85,60,25
207000024,1,13,-12
207000025,6,35,-29
207000026,64,70,-6
207000027,10,84,-74
207000028,38,233,-195
207000029,207,494,-287
207000033,169,183,-14
207000034,179,41,138
207000039,183,158,25
207000040,125,125,0
207000041,40,55,-15
207000042,179,74,105
207000043,147,140,7
207000051,80,393,-313
207000052,2,222,-220
207000053,362,561,-199
207000054,36,126,-90
207000055,49,176,-127
207000056,188,395,-207
207000057,123,308,-185
207000058,52,433,-381
207000059,47,793,-746
207000060,18,191,-173
207000061,80,154,-74
207000062,95,31,64
207000063,118,140,-22
207000064,257,246,11
207000065,251,240,11
207000066,75,176,-101
207000067,53,109,-56
207000068,80,72,8
207000069,501,359,142
207000082,35,370,-335
207000083,73,419,-346
207000084,130,162,-32
207000085,137,11,126
207000086,68,4,64
207000106,13,30,-17
207000107,26,10,16
207000108,25,10,15
207000109,41,4,37
207000110,40,27,13
207000111,44,39,5
207000112,108,168,-60
207000114,8,28,-20
207000115,10,78,-68
207000116,16,221,-205
207000117,5,94,-89
207000118,3,91,-88
207000119,13,126,-113
207000123,181,27,154
207000124,58,21,37
207000125,49,25,24
207000126,37,23,14
207000134,36,274,-238
207000135,24,305,-281
207000148,38,91,-53
207000149,53,31,22
207000152,124,357,-233
207000153,1200,982,218
207000154,316,134,182
207000159,38,538,-500
207000160,81,654,-573
207000238,0,63,-63
207000242,0,168,-168
207000248,12,23,-11
207000249,72,42,30
207000250,601,46,555
207000251,60,50,10
207000252,30,53,-23
207000278,32,62,-30
207000279,13,210,-197
207000280,189,49,140
207000281,49,1305,-1256
207000282,112,34,78
207000283,107,195,-88
207000284,69,49,20
207000285,156,30,126
207000291,9,117,-108
207000304,81,80,1
207000306,64,384,-320
207000310,35,70,-35
207000353,143,1,142
207000356,12,10,2
207000357,18,17,1
207000415,4,204,-200
207000417,19,2,17
207000437,0,2,-2
207000439,1191,230,961
207000446,133,3,130
207000460,5,5,0
207000466,139,166,-27
207000467,0,1,-1
207000468,0,18,-18
207000476,2,64,-62
207000477,271,132,139
207000523,0,12,-12
207000524,13,0,13
207000527,56,127,-71
207000530,140,3,137
207000531,148,8,140
207000532,47,10,37
207000534,607,31,576
207000535,29,141,-112
207000537,17,114,-97
207000540,15,147,-132
207000541,3,264,-261
207000548,2,304,-302
207000549,79,13,66
207000561,52,80,-28
207000562,25,125,-100
207000567,115,256,-141
207000568,46,117,-71
207000569,116,1333,-1217
207000584,456,137,319
207000585,70,160,-90
207000616,1,209,-208
207000617,44,0,44
207000628,0,0,0
207900008,81,250,-169
208000001,300,521,-221
208000002,293,386,-93
208000003,511,382,129
208000004,695,497,198
208000005,8,21,-13
208000019,427,874,-447
208000020,91,348,-257
208000021,98,552,-454
208000022,590,736,-146
208000028,845,644,201
208000033,300,593,-293
208000034,1204,1510,-306
208000040,121,129,-8
208000041,1239,390,849
208000042,671,517,154
208000047,56,316,-260
208000064,2494,1268,1226
208000066,1204,824,380
208000070,144,383,-239
208000071,256,724,-468
208000072,362,1082,-720
208000080,117,243,-126
208000081,112,163,-51
208000082,140,335,-195
208000083,95,399,-304
208000084,23,18,5
208000085,673,497,176
208000086,326,762,-436
208000087,332,704,-372
208000089,592,559,33
208000090,343,958,-615
208000093,106,102,4
208000094,222,502,-280
208000095,468,319,149
208000104,827,780,47
208000105,403,918,-515
208000114,54,207,-153
208000115,369,357,12
208000116,180,900,-720
208000117,87,105,-18
208000118,49,80,-31
208000155,405,809,-404
208000158,1470,2011,-541
208000186,3250,1619,1631
208000204,296,808,-512
208000205,662,1369,-707
208000282,3354,1152,2202
209000004,71,188,-117
209000005,18,26,-8
209000006,354,91,263
209000007,244,212,32
209000010,457,153,304
209000011,120,187,-67
209000012,123,208,-85
209000013,146,607,-461
209000014,669,1735,-1066
209000025,152,36,116
209000026,345,66,279
209000027,199,1003,-804
209000028,265,1055,-790
209000029,594,851,-257
209000030,367,1784,-1417
209000031,3599,2650,949
209000034,145,122,23
209000035,77,85,-8
209000036,58,80,-22
209000037,104,131,-27
209000038,44,88,-44
209000039,25,93,-68
209000040,271,380,-109
209000041,121,253,-132
209000042,157,301,-144
209000043,609,497,112
209000044,130,430,-300
209000045,917,444,473
209000046,184,461,-277
209000047,219,209,10
209000048,311,237,74
209000049,73,99,-26
209000050,165,190,-25
209000051,199,284,-85
209000052,110,304,-194
209000062,27,187,-160
209000063,15,134,-119
209000064,10,119,-109
209000065,27,26,1
209000066,15,19,-4
209000067,34,52,-18
209000080,18,164,-146
209000082,49,34,15
209000091,38,89,-51
209000093,86,42,44
209000094,256,158,98
209000110,15,28,-13
209000111,462,806,-344
209000112,489,348,141
209000113,952,331,621
209000114,204,250,-46
209000115,58,153,-95
209000116,644,563,81
209000118,23,24,-1
209000119,53,12,41
209000121,114,677,-563
209000135,47,59,-12
209000142,597,670,-73
209000143,95,102,-7
209000144,29,82,-53
209000229,139,162,-23
209000240,23,431,-408
209000259,104,105,-1
209000260,49,942,-893
209000261,11,670,-659
209000262,4,523,-519
209000263,0,81,-81
209000264,0,46,-46
209000265,587,1,586
209000266,56,12,44
209000267,593,19,574
209000268,585,46,539
210000037,57,28,29
210000047,38,36,2
210000048,41,27,14
210000049,34,15,19
210000052,28,163,-135
210000053,16,95,-79
210000054,87,82,5
210000070,42,3,39
210000071,36,1,35
210000072,6,0,6
210000073,0,35,-35
210000074,0,139,-139
210000075,0,40,-40
210000076,6,155,-149
210000077,44,33,11
210000078,50,25,25
210000079,43,15,28
210000080,103,48,55
210000081,108,7,101
210000082,24,1,23
210000083,32,0,32
210000084,23,0,23
210000085,0,91,-91
210000086,4,127,-123
210000099,31,269,-238
210000100,45,277,-232
210000101,69,271,-202
210000105,45,201,-156
210000159,0,108,-108
210000163,186,190,-4
210000164,330,79,251
210000168,156,31,125
210000187,0,8,-8
210000188,0,28,-28
210000214,18,0,18
210000219,24,51,-27
210000220,45,114,-69
210000232,1,18,-17
210000233,9,45,-36
210000234,26,130,-104
210000235,27,146,-119
210000245,0,33,-33
210000246,59,23,36
210000258,20,148,-128
210000259,222,13,209
210000282,60,240,-180
210000285,0,103,-103
210000286,11,163,-152
210000295,55,144,-89
210000296,35,33,2
210000320,124,161,-37
210000321,39,79,-40
210000338,75,78,-3
210000339,687,845,-158
210000340,120,260,-140
210000341,140,202,-62
210000342,153,182,-29
210000343,124,180,-56
210000344,201,115,86
210000345,198,186,12
210000346,52,99,-47
210000347,190,26,164
210000348,163,25,138
210000349,185,32,153
210000350,67,42,25
210000351,84,77,7
210000352,45,84,-39
210000353,23,82,-59
210000354,37,93,-56
210000355,43,107,-64
210000356,76,74,2
210000357,37,49,-12
210000358,405,90,315
210000359,95,56,39
210000360,138,93,45
210000361,118,167,-49
210000362,158,156,2
210000363,892,127,765
210000364,87,107,-20
210000365,106,57,49
210000366,84,37,47
210000367,68,25,43
210000368,120,29,91
210000369,13,34,-21
210000370,61,57,4
210000372,34,20,14
210000373,71,7,64
210000374,39,31,8
210000375,37,70,-33
210000376,74,142,-68
210000404,111,147,-36
210000439,27,44,-17
210000472,89,4,85
210000482,63,65,-2
210000564,724,158,566
210000568,595,4,591
211000092,7,62,-55
211000094,84,6,78
211000169,106,4,102
211000172,9,177,-168
211000209,0,14,-14
211000275,10,30,-20
211000276,31,43,-12
211000279,2,64,-62
211000281,34,45,-11
211507980,2,20,-18
211977296,3,1,2
212000003,85,48,37
212000004,81,31,50
212000005,13,18,-5
212000006,20,66,-46
212000008,76,214,-138
212000009,8,152,-144
212000012,53,74,-21
212000013,13,48,-35
212000014,181,173,8
212000015,154,262,-108
212000016,376,535,-159
212000027,458,550,-92
212000028,194,414,-220
212000029,143,268,-125
212000030,16,44,-28
212000031,32,64,-32
212000048,29,97,-68
212000049,12,76,-64
212000050,16,9,7
212000051,94,232,-138
212000052,103,422,-319
212000053,233,597,-364
212000054,118,150,-32
212000055,116,300,-184
212000056,8,55,-47
212000057,9,49,-40
212000058,330,42,288
212000070,83,320,-237
212000077,53,689,-636
212000099,107,228,-121
212000108,156,169,-13
212000111,94,149,-55
212000120,104,98,6
212000138,60,23,37
212000156,18,123,-105
212000158,3,8,-5
212000159,176,43,133
212000160,322,191,131
212000161,26,9,17
212000310,30,15,15
212000311,14,101,-87
212000374,11,12,-1
213000001,23,794,-771
213000005,344,64,280
213000006,1111,123,988
213000007,35,4,31
213000009,446,138,308
213000010,191,156,35
213000011,161,84,77
213000012,110,516,-406
213000014,23,10,13
213000015,95,3,92
213000016,123,0,123
213000017,18,0,18
213000018,2,219,-217
213000019,3,136,-133
213000020,65,333,-268
213000021,4,113,-109
213000023,237,173,64
213000033,187,674,-487
213000034,376,294,82
213000035,82,104,-22
213000045,85,213,-128
213000046,98,172,-74
213000047,372,647,-275
213000056,26,38,-12
213000069,25,0,25
213000073,2,17,-15
213000074,160,474,-314
213000075,457,21,436
213000085,3,27,-24
213000086,5,242,-237
213000091,84,10,74
213000092,29,12,17
213000099,87,789,-702
213000100,1096,162,934
213000101,116,139,-23
213000102,137,395,-258
213000103,571,746,-175
213000104,33,440,-407
213000105,2,64,-62
213000106,3,186,-183
213000107,79,764,-685
213000108,14,588,-574
213000109,3,245,-242
213000110,1,65,-64
213000111,3,63,-60
213000112,194,125,69
213000115,15,6,9
213000116,103,683,-580
213000117,6,917,-911
213000118,206,283,-77
213000119,41,893,-852
213000120,92,820,-728
213000122,185,1180,-995
213000123,739,2216,-1477
213000124,81,2009,-1928
213000125,79,10,69
213000126,73,66,7
213000127,163,114,49
213000128,736,561,175
213000129,562,270,292
213000130,236,140,96
213000132,125,87,38
213000133,145,83,62
213000134,393,32,361
213000136,267,11,256
213000137,397,69,328
213000139,261,6,255
213000147,14,0,14
213000148,49,1,48
213000149,23,3,20
213000150,0,68,-68
213000151,2,59,-57
213000152,1,77,-76
213000153,1,23,-22
213000154,9,149,-140
213000155,21,335,-314
213000156,62,568,-506
213000157,455,596,-141
213000158,290,887,-597
213000159,338,538,-200
213000163,327,116,211
213000165,610,129,481
213000171,0,138,-138
213000172,2,449,-447
213000173,4,389,-385
213000174,0,479,-479
213000175,11,379,-368
213000176,34,33,1
213000177,28,5,23
213000178,43,1,42
213000179,104,0,104
213000180,57,1,56
213000184,65,408,-343
213000188,456,61,395
213000189,180,44,136
213000190,677,714,-37
213000191,112,547,-435
213000192,87,655,-568
213000193,947,268,679
213000194,0,19,-19
213000195,12,409,-397
213000196,107,809,-702
213000197,223,211,12
213000198,25,1,24
213000200,119,1029,-910
213000201,72,40,32
213000202,10,757,-747
213000203,2676,299,2377
213000204,350,28,322
213000205,193,39,154
213000206,136,32,104
213000207,39,2,37
213000208,58,0,58
213000209,97,3,94
213000210,167,1,166
213000211,1,15,-14
213000212,18,21,-3
213000213,11,30,-19
213000218,123,933,-810
213000219,338,16,322
213000220,245,21,224
213000223,152,67,85
213000224,52,20,32
213000225,28,3,25
213000226,31,8,23
213000227,363,131,232
213000228,101,60,41
213000229,882,21,861
213000230,165,26,139
213000232,64,258,-194
213000233,4,15,-11
213000234,1,18,-17
213000293,17,48,-31
213000294,57,11,46
213000295,6,60,-54
213000296,71,22,49
213000297,7,90,-83
213000298,8,78,-70
213000299,52,26,26
213000300,12,6,6
213000303,0,23,-23
213000304,1,6,-5
213000305,0,7,-7
213000306,48,29,19
213000307,240,98,142
213000308,54,286,-232
213000309,111,39,72
213000310,199,110,89
213000311,333,583,-250
213000315,55,139,-84
213000316,67,67,0
213000322,56,169,-113
213000323,33,68,-35
213000324,60,244,-184
213000325,33,232,-199
213000326,35,118,-83
213000327,42,243,-201
213000328,38,109,-71
213000329,67,120,-53
213000340,98,1003,-905
213000341,185,85,100
213000347,870,114,756
213000348,46,186,-140
213000349,62,35,27
213000350,184,1489,-1305
213000366,19,303,-284
213000367,109,45,64
213000379,169,215,-46
213000386,5,221,-216
213000406,79,373,-294
213000417,630,316,314
213000425,82,43,39
213000426,36,111,-75
213000427,17,414,-397
213000428,23,267,-244
213000429,48,7,41
213000430,72,1218,-1146
213000431,49,6,43
213000432,0,5,-5
213000433,5,152,-147
213000434,42,109,-67
213000435,42,86,-44
213000436,4,66,-62
213000437,3,105,-102
213000438,80,147,-67
213000439,49,5,44
213000440,4,234,-230
213000441,0,1,-1
213000442,2,73,-71
213000443,487,286,201
213000444,21,145,-124
213000445,1,91,-90
213000446,0,10,-10
213000447,0,38,-38
213000448,5,52,-47
213000449,133,2,131
213000450,28,31,-3
213000451,95,68,27
213000452,7,8,-1
213000453,19,341,-322
213000455,567,46,521
213000456,0,271,-271
213000481,5,1,4
213000484,47,1,46
213000489,666,29,637
213900002,0,62,-62
213900003,107,0,107
213900013,2,195,-193
213900015,0,5,-5
213900016,7,17,-10
213900020,11,288,-277
213900030,1,75,-74
213900032,139,45,94
213900033,28,23,5
213900034,172,99,73
213900035,112,795,-683
213900036,83,353,-270
213900037,29,470,-441
213900038,158,247,-89
213900039,1,105,-104
213900041,1,79,-78
213900042,188,63,125
213900043,61,137,-76
213900244,3,0,3
213900245,0,46,-46
218000003,24,13,11
218000004,26,13,13
218000005,4,35,-31
218000006,48,23,25
218000007,4,12,-8
218000012,173,146,27
218000013,61,133,-72
218000014,568,412,156
218000019,1211,535,676
218000020,277,326,-49
218000021,29,124,-95
218000022,4,62,-58
218000023,3,66,-63
218000024,0,27,-27
218000025,5,41,-36
218000026,11,81,-70
218000027,0,34,-34
218000028,5,7,-2
218000029,2,4,-2
218000030,23,40,-17
218000031,5,58,-53
218000032,1,32,-31
218000039,5,21,-16
218000040,4,4,0
218000046,24,166,-142
218000047,14,248,-234
218000048,85,287,-202
218000049,92,229,-137
218000050,362,444,-82
218000051,54,445,-391
218000052,2,109,-107
218000053,20,18,2
218000054,54,45,9
218000055,8,6,2
218000056,10,33,-23
218000057,1,45,-44
218000064,1,13,-12
218000065,37,61,-24
218000066,8,64,-56
218000067,22,83,-61
218000068,93,107,-14
218000069,88,237,-149
218000070,77,364,-287
218000071,209,320,-111
218000072,440,332,108
218000078,466,1177,-711
218000079,47,85,-38
218000080,59,100,-41
218000081,254,366,-112
218000082,13,140,-127
218000083,11,90,-79
218000084,88,256,-168
218000085,115,626,-511
218000086,46,279,-233
218000087,229,394,-165
218000090,8,54,-46
218000091,398,305,93
218000092,42,168,-126
218000093,60,101,-41
218000094,255,653,-398
218000099,332,542,-210
218000100,180,322,-142
218000101,129,246,-117
218000102,194,386,-192
218000103,108,184,-76
218000104,39,65,-26
218000105,42,18,24
218000106,1,5,-4
218000107,43,140,-97
218000108,13,83,-70
218000112,115,47,68
218000117,77,150,-73
218000134,577,872,-295
218000135,14,109,-95
218000136,180,62,118
218000137,94,128,-34
218000138,43,87,-44
218000139,135,276,-141
218000140,164,130,34
218000141,53,85,-32
218000142,83,206,-123
218000143,67,189,-122
218000144,11,66,-55
218000145,158,411,-253
218000146,64,149,-85
218000151,9,21,-12
218000152,52,60,-8
218000153,3,8,-5
218000154,1,1,0
218000155,13,2,11
218000156,31,19,12
218000157,17,25,-8
218000158,2,9,-7
218000159,1,4,-3
218000160,2,3,-1
218000161,10,8,2
218000162,10,13,-3
218000163,3,5,-2
218000164,14,8,6
218000165,38,29,9
218000170,0,30,-30
218000171,36,25,11
218000172,16,18,-2
218000173,87,12,75
218000174,9,3,6
218000176,76,11,65
218000177,233,109,124
218000178,62,96,-34
218000179,52,50,2
218000180,27,28,-1
218000181,98,26,72
218000187,8,16,-8
218000188,10,37,-27
218000189,20,71,-51
218000190,4,37,-33
218000191,70,75,-5
218000192,176,609,-433
218000193,376,576,-200
218000194,36,578,-542
218000195,84,108,-24
218000196,219,307,-88
218000197,161,545,-384
218000198,9,121,-112
218000199,33,30,3
218000200,70,26,44
218000201,9,8,1
218000202,92,123,-31
218000207,7,53,-46
218000208,19,46,-27
218000211,25,8,17
218000212,1,15,-14
218000213,115,55,60
218000214,1,12,-11
218000215,59,106,-47
218000217,3,120,-117
218000218,345,93,252
218000219,24,16,8
218000220,102,252,-150
218000221,588,162,426
218000222,21,20,1
218000223,15,150,-135
218000224,2,51,-49
218000225,159,22,137
218000226,38,53,-15
218000230,0,2,-2
218000232,47,74,-27
218000234,18,10,8
218000239,32,3,29
218000240,4,4,0
218000241,11,0,11
218000242,36,2,34
218000243,24,0,24
218000244,10,1,9
218000245,2,1,1
218000246,0,0,0
218000247,0,0,0
218000248,2,29,-27
218000249,0,0,0
218000250,1,8,-7
218000251,0,14,-14
218000252,3,14,-11
218000253,3,13,-10
218000254,0,6,-6
218000255,0,12,-12
218000256,0,33,-33
218000267,432,896,-464
218000268,11,69,-58
218000269,6,6,0
218000270,18,47,-29
218000271,35,63,-28
218000273,4,11,-7
218000274,28,2,26
218000275,12,37,-25
218000276,9,58,-49
218000278,3,25,-22
218000279,12,29,-17
218000280,17,7,10
218000281,26,15,11
218000282,204,77,127
218000284,56,1,55
218000301,55,90,-35
218000302,52,53,-1
218000303,35,41,-6
218000316,441,992,-551
218000317,434,1120,-686
218000318,204,930,-726
218000319,459,1332,-873
218000320,476,673,-197
218000338,43,26,17
218000339,7,11,-4
218000342,15,36,-21
218000343,34,66,-32
218000345,28,32,-4
218000346,17,99,-82
218000353,18,27,-9
218000354,24,48,-24
218000459,74,385,-311
218000490,21,51,-30
218000501,24,52,-28
218000502,29,114,-85
218000503,48,20,28
218000504,91,13,78
218000505,51,207,-156
218000506,64,241,-177
218000508,24,1,23
218000510,180,22,158
218000520,130,164,-34
218000521,0,24,-24
218000522,0,147,-147
218000523,67,1,66
218000524,44,126,-82
218000525,146,17,129
218000526,66,85,-19
218000529,7,71,-64
218000530,6,13,-7
218000531,9,46,-37
218000532,10,49,-39
218000534,14,4,10
218000537,5,17,-12
218000538,46,118,-72
218000539,22,46,-24
218000540,174,61,113
218000543,58,42,16
218000544,38,115,-77
218000545,13,56,-43
218000546,24,111,-87
218000547,50,86,-36
218000548,82,227,-145
218000549,303,114,189
218000550,288,548,-260
218000551,250,197,53
218000552,642,17,625
218000553,6,52,-46
218000554,11,14,-3
218000555,9,32,-23
218000556,51,431,-380
218000557,86,66,20
218000558,50,1,49
218000559,1,21,-20
218000560,0,7,-7
218000561,5,0,5
218000562,6,204,-198
218000563,65,23,42
218000564,5,114,-109
218000565,358,24,334
218000566,899,21,878
218000567,1,63,-62
218000568,4,1,3
218000569,4,51,-47
218000570,45,10,35
218000571,1,70,-69
218000572,47,2,45
218000573,24,49,-25
218000574,81,51,30
218000575,106,0,106
218000576,1,27,-26
218000577,23,0,23
218000578,0,71,-71
218000579,22,3,19
218000581,2,73,-71
218000582,3,0,3
218000583,0,0,0
218000584,0,16,-16
218000585,4,3,1
218000586,4,50,-46
218000587,1,1,0
218000588,0,2,-2
218000589,0,1,-1
218000590,0,0,0
218000591,0,2,-2
218000592,2,0,2
218000593,0,1,-1
218000594,1,1,0
218000595,0,0,0
218000596,0,0,0
218000597,0,0,0
218000598,0,0,0
218000599,0,0,0
218000600,0,0,0
218000601,0,1,-1
218000602,0,1,-1
218000603,0,4,-4
218000604,3,0,3
218000605,0,9,-9
218000606,11,0,11
218000607,12,30,-18
218000608,27,5,22
218000609,0,44,-44
218000610,27,0,27
218000611,1,1,0
218000612,0,29,-29
218000613,28,0,28
218000614,1,33,-32
218000615,20,0,20
218000616,2,141,-139
218000617,1,3,-2
218000618,0,38,-38
218000619,12,13,-1
218000620,4,42,-38
218000621,0,0,0
218000622,1,1,0
218000623,1,1,0
218000624,0,6,-6
218000625,1,1,0
218000626,0,8,-8
218000628,75,19,56
218000631,3,5,-2
218000632,1,66,-65
218000633,35,2,33
218000634,4,14,-10
218000635,1,2,-1
218000636,528,1572,-1044
218000637,577,541,36
218000638,70,21,49
218000639,19,320,-301
218000640,89,19,70
218000641,31,451,-420
218000652,186,131,55
218000653,129,51,78
218000663,0,36,-36
218000675,18,19,-1
218000676,2,45,-43
218000677,3,13,-10
218000680,25,213,-188
218000681,56,23,33
218000691,21,136,-115
218000693,19,19,0
218000703,11,61,-50
218000718,1498,319,1179
218000719,1781,55,1726
218000720,2,19,-17
218000721,124,19,105
218000725,4,6,-2
218001214,7,8,-1
218001329,16,18,-2
218001330,15,19,-4
219000001,22,50,-28
219000002,36,73,-37
219000003,51,22,29
219000004,37,30,7
219000017,90,16,74
219000020,29,17,12
219000022,71,3,68
219000023,42,0,42
219000029,0,96,-96
219000034,14,6,8
219000039,24,49,-25
219000040,16,15,1
219000041,53,19,34
219000051,0,65,-65
219000052,1,39,-38
219000053,2,221,-219
219000054,396,273,123
219000055,35,1,34
219000056,5,0,5
219000057,39,2,37
219000062,6,212,-206
219000063,32,5,27
219000064,0,10,-10
219000110,188,36,152
219000111,57,11,46
219000112,128,48,80
219000113,68,22,46
219000114,218,27,191
219000116,55,24,31
219000117,115,81,34
219000118,67,63,4
219000123,238,67,171
219000124,107,60,47
219000125,4,24,-20
219000126,52,78,-26
219000127,0,1,-1
219000128,15,80,-65
219000129,18,143,-125
219000130,1046,668,378
219000131,837,711,126
219000133,73,20,53
219000134,10,19,-9
219000135,35,59,-24
219000136,89,130,-41
219000138,39,14,25
219000139,28,61,-33
219000140,27,1,26
219000141,16,115,-99
219000142,11,83,-72
219000143,5,109,-104
219000145,20,69,-49
219000146,5,70,-65
219000147,1,76,-75
219000148,4,70,-66
219000149,32,243,-211
219000150,1,163,-162
219000151,3,123,-120
219000157,62,136,-74
219000158,66,197,-131
219000161,133,11,122
219000163,1542,280,1262
219000166,40,130,-90
219000167,65,210,-145
219000168,247,39,208
219000174,162,72,90
219000175,39,7,32
219000176,37,9,28
219000177,11,1,10
219000178,13,2,11
219000179,5,2,3
219000180,36,23,13
219000182,55,7,48
219000183,14,53,-39
219000184,38,3,35
219000185,0,119,-119
219000186,20,79,-59
219000187,9,174,-165
219000189,138,91,47
219000190,138,163,-25
219000191,1659,739,920
219000192,94,91,3
219000193,484,135,349
219000195,0,51,-51
219000196,6,108,-102
219000198,20,126,-106
219000199,105,193,-88
219000200,25,170,-145
219000201,50,218,-168
219000203,15,97,-82
219000204,49,154,-105
219000205,42,188,-146
219000207,147,203,-56
219000209,15,85,-70
219000210,23,133,-110
219000213,7,266,-259
219000239,123,244,-121
219000240,144,322,-178
219000241,140,244,-104
219000242,55,185,-130
219000243,39,228,-189
219000244,18,92,-74
219000245,70,26,44
219000246,12,13,-1
219000247,56,29,27
219000248,292,162,130
219000249,101,42,59
219000250,174,66,108
219000251,333,106,227
219000252,110,84,26
219000253,147,29,118
219000255,38,41,-3
219000256,87,42,45
219000257,46,0,46
219000262,54,281,-227
219000263,46,230,-184
219000267,1,143,-142
219000268,2,4,-2
219000269,4,1,3
219000270,3,0,3
219000271,37,0,37
219000278,0,11,-11
219000279,2,3,-1
219000283,1,19,-18
219000295,9,90,-81
219000296,65,526,-461
219000297,16,178,-162
219000298,18,248,-230
219000299,334,52,282
219000300,28,321,-293
219000301,129,287,-158
219000302,26,167,-141
219000307,27,59,-32
219000308,22,29,-7
219000311,77,45,32
219000312,252,36,216
219000313,99,16,83
219000314,80,623,-543
219000315,97,14,83
219000316,218,27,191
219000317,40,18,22
219000320,3,36,-33
219000321,0,15,-15
219000323,2,100,-98
219000325,0,36,-36
219000326,47,128,-81
219000327,24,38,-14
219000328,17,63,-46
219000329,232,63,169
219000330,39,13,26
219000331,8,35,-27
219000332,27,58,-31
219000333,5,7,-2
219000335,58,2,56
219000337,17,0,17
219000338,42,0,42
219000344,26,72,-46
219000345,75,173,-98
219000346,17,188,-171
219000348,53,149,-96
219000349,20,248,-228
219000350,22,73,-51
219000351,0,0,0
219000352,261,55,206
219000353,129,56,73
219000354,90,124,-34
219000355,62,24,38
219000356,1664,349,1315
219000363,248,19,229
219000364,58,11,47
219000365,39,6,33
219000366,235,73,162
219000368,359,304,55
219000370,937,154,783
219000371,2,22,-20
219000382,4,12,-8
219000383,666,548,118
219000385,642,419,223
219000386,1056,1106,-50
219000387,2,1,1
219000390,4,0,4
219000391,1,1,0
219000397,41,97,-56
219000398,63,31,32
219000401,7,92,-85
219000402,13,86,-73
219000403,42,156,-114
219000404,18,77,-59
219000407,0,9,-9
219000409,23,31,-8
219000410,33,21,12
219000411,37,12,25
219000446,213,352,-139
219000447,0,19,-19
219000448,13,12,1
219000452,70,50,20
219000453,55,76,-21
219000454,269,166,103
219000556,94,55,39
219000558,84,276,-192
219000590,7,226,-219
219000591,15,31,-16
219000592,93,415,-322
219000595,4,36,-32
219000635,42,9,33
219000636,4,101,-97
219000657,42,11,31
219000658,18,52,-34
219000673,0,3,-3
219000676,2,0,2
219000679,8,11,-3
219000684,29,2,27
219000685,0,83,-83
219000686,3,1,2
219000688,0,86,-86
219000689,80,210,-130
219000690,262,33,229
219000691,8,25,-17
219000692,32,7,25
219000693,0,43,-43
219000694,28,0,28
219000695,7,8,-1
219000698,3,0,3
219000699,0,7,-7
219000727,3,163,-160
219000728,39,0,39
219000770,9,0,9
219000771,0,24,-24
219001150,0,1,-1
219001151,0,4,-4
219001166,19,8,11
219001167,10,38,-28
220000001,7,23,-16
220000002,2,146,-144
220000003,227,193,34
220000004,562,559,3
220000005,1643,1462,181
220000006,96,699,-603
220000007,181,642,-461
220000008,218,959,-741
220000009,133,567,-434
220000010,115,109,6
220000011,544,2065,-1521
220000012,222,259,-37
220000014,44,61,-17
220000015,17,119,-102
220000017,49,365,-316
220000018,5049,698,4351
220000019,48,210,-162
220000020,222,200,22
220000021,264,111,153
220000022,240,407,-167
220000023,128,163,-35
220000024,1436,227,1209
220000025,1067,379,688
220000026,102,164,-62
220000027,10,70,-60
220000028,14,28,-14
220000029,47,160,-113
220000030,93,83,10
220000031,123,240,-117
220000064,18,1090,-1072
221000046,2,0,2
221000047,0,0,0
221000048,0,3,-3
221000049,0,7,-7
221000050,1,0,1
221000055,44,33,11
221000057,34,5,29
221000068,284,121,163
221000069,274,54,220
221000070,137,29,108
221000071,22,11,11
221000072,116,17,99
221000073,145,53,92
221000074,2,34,-32
221000075,41,10,31
221000076,11,29,-18
221000077,24,63,-39
221000081,10,2,8
221000082,24,6,18
221000083,48,3,45
221000084,3,7,-4
221000085,13,61,-48
221000086,9,122,-113
221000087,5,169,-164
221000088,25,166,-141
221000089,43,194,-151
221000090,122,409,-287
221000098,143,13,130
221000099,99,14,85
221000100,29,4,25
221000101,193,14,179
221000102,98,7,91
221000109,1,70,-69
221000110,7,127,-120
221000111,13,112,-99
221000112,5,95,-90
221000113,22,149,-127
221000114,12,163,-151
221000120,7,42,-35
221000121,0,24,-24
221000122,14,22,-8
221000123,2,0,2
221000124,16,264,-248
221000155,106,1,105
221000156,33,35,-2
221000175,2,1,1
221000176,4,2,2
221000182,15,3,12
221000241,509,171,338
221000242,188,272,-84
221000243,340,95,245
221000244,173,271,-98
221000245,39,103,-64
221000246,12,171,-159
221000247,29,117,-88
221000248,49,119,-70
221000267,52,798,-746
221000325,79,41,38
221000331,1,77,-76
221000338,9,9,0
221000378,78,23,55
221000381,66,52,14
222000282,2,2,0
222000296,3,25,-22
222000568,213,19,194
222000569,75,19,56
222000570,93,8,85
222000571,111,8,103
222000577,11,227,-216
222000578,16,204,-188
222000579,36,137,-101
222000580,131,865,-734
222000599,1,170,-169
222000600,4,261,-257
222000601,13,731,-718
222000603,23,13,10
222000604,18,31,-13
222000605,17,8,9
222000606,0,12,-12
222000607,0,2,-2
222000608,7,7,0
222000609,27,321,-294
222000616,103,24,79
222000617,6,11,-5
222000618,0,2,-2
222000620,83,6,77
222000621,41,10,31
222000623,353,7,346
222000624,185,4,181
222000625,224,50,174
222000636,30,5,25
222000686,23,13,10
222000687,18,25,-7
222001066,167,1,166
222001067,2,9,-7
222001068,4,43,-39
222001069,12,33,-21
222001082,9,66,-57
222001083,7,80,-73
222001084,0,21,-21
222001085,0,162,-162
222001111,15,239,-224
222001112,9,14,-5
222001313,10,6,4
222001314,2,132,-130
222001464,10,46,-36
222001465,11,105,-94
222001484,44,51,-7
222001485,12,65,-53
222001494,130,121,9
222001495,90,410,-320
222001496,69,45,24
222001497,50,664,-614
222001502,7,111,-104
222001503,59,38,21
222001504,27,278,-251
222001505,106,11,95
222001506,46,206,-160
222001507,222,17,205
222001510,142,42,100
222001511,32,467,-435
222001514,530,88,442
222001515,254,613,-359
222001518,86,36,50
222001519,33,440,-407
222001527,148,40,108
222001528,63,201,-138
222001529,144,61,83
222001530,35,285,-250
222001533,125,497,-372
222001534,125,27,98
222001535,64,101,-37
222001536,66,395,-329
222001537,130,21,109
222001538,53,474,-421
222001563,160,67,93
222001564,33,909,-876
222001568,357,92,265
222001576,0,1,-1
222001579,2,2,0
222001583,6,321,-315
222001584,66,13,53
222001596,492,1530,-1038
222001597,1138,229,909
222001626,1,168,-167
222001650,76,66,10
222001651,65,105,-40
222001914,178,51,127
222001915,79,234,-155
222900004,391,156,235
222900009,456,781,-325
222900019,117,164,-47
222900024,5,26,-21
222900025,2,28,-26
225000001,246,46,200
225000002,216,52,164
225000003,143,53,90
225000004,110,148,-38
225000005,10,47,-37
225000006,0,98,-98
225000007,2817,931,1886
225000010,98,10,88
225000011,301,555,-254
225000012,96,319,-223
225000013,60,117,-57
225000014,435,55,380
225000015,69,212,-143
225000021,518,136,382
225000027,201,418,-217
225000032,411,107,304
225000042,59,536,-477
225000049,9,35,-26
225000050,18,9,9
225000053,4,157,-153
225000058,318,112,206
225000067,118,196,-78
225000068,72,497,-425
225000069,152,508,-356
225000070,31,455,-424
225000071,16,318,-302
225000075,28,679,-651
225000076,44,120,-76
225000078,35,21,14
225000085,22,79,-57
225000086,82,31,51
225000087,101,12,89
225000088,10,148,-138
225000089,312,495,-183
225000090,16,203,-187
225000091,72,211,-139
225000092,6,85,-79
225000093,82,404,-322
225000094,19,494,-475
225000095,229,571,-342
225000096,102,352,-250
225000098,224,82,142
225000099,135,75,60
225000100,99,85,14
225000104,25,308,-283
225000110,8,403,-395
225000111,171,1072,-901
225000112,219,931,-712
225000113,82,561,-479
225000114,27,278,-251
225000115,2486,483,2003
225000116,818,67,751
225000117,696,229,467
225000118,623,201,422
225000119,73,72,1
225000120,490,43,447
225000121,204,18,186
225000123,828,3,825
225000125,146,261,-115
225000126,647,151,496
225000127,880,363,517
225000128,227,286,-59
225000132,179,15,164
225000133,188,24,164
225000134,352,67,285
225000135,39,6,33
225000136,91,16,75
225000137,76,40,36
225000138,151,9,142
225000143,76,111,-35
225000144,2,306,-304
225000145,16,32,-16
225000146,28,130,-102
225000147,5,325,-320
225000148,6,269,-263
225000149,65,469,-404
225000151,33,246,-213
225000155,206,279,-73
225000156,127,512,-385
225000157,71,340,-269
225000158,39,354,-315
225000171,1,163,-162
225000180,10,5,5
225000181,0,33,-33
225000182,21,2,19
225000185,7,250,-243
225000187,50,357,-307
225000191,51,3,48
225000194,0,4,-4
225000208,0,64,-64
225000209,20,18,2
225000210,2,146,-144
225000217,0,15,-15
225000218,5,0,5
225000223,0,16,-16
225000224,34,0,34
225000225,0,6,-6
225000226,66,0,66
225000227,32,67,-35
225000228,4,0,4
225000229,1,51,-50
225000230,0,1,-1
225000231,1,85,-84
225000232,34,0,34
225000241,21,0,21
225000242,0,23,-23
225000249,1,1,0
225000250,46,977,-931
225000251,228,24,204
225000254,0,1,-1
225000256,1,3,-2
225000257,0,11,-11
226000042,358,302,56
226000043,59,215,-156
226000044,116,544,-428
226000045,39,429,-390
226000046,312,35,277
226000047,226,36,190
226000048,238,28,210
226000049,128,62,66
226000070,1,32,-31
226000071,0,69,-69
226000072,0,9,-9
226000073,0,6,-6
226000074,0,12,-12
226000084,0,52,-52
226000085,4,2,2
226000086,2,4,-2
226000087,1,18,-17
226000088,59,19,40
226000090,142,20,122
226000091,13,5,8
226000092,0,1,-1
226000093,7,1,6
226000094,13,5,8
226000095,8,1,7
226000105,2,0,2
226000106,3,0,3
226000107,2,0,2
226000108,14,0,14
226000109,25,0,25
226000124,74,49,25
226000134,280,315,-35
226000135,516,367,149
226000136,115,242,-127
226000137,8,324,-316
226000138,7,179,-172
226000139,0,14,-14
226000156,41,0,41
226000157,53,2,51
226000163,102,51,51
226000202,5,433,-428
226000231,79,6,73
226000232,16,3,13
227000033,270,31,239
227000036,135,25,110
227000037,68,12,56
227000038,85,13,72
227000084,2,42,-40
227000085,0,31,-31
227000088,13,3,10
227000089,93,2,91
227000090,26,0,26
227000091,5,0,5
227000092,4,0,4
227000093,25,0,25
227000094,11,0,11
227000130,19,76,-57
227000131,6,267,-261
227000132,27,264,-237
227000133,9,283,-274
227000134,12,424,-412
227000152,0,2,-2
227000153,0,45,-45
227000154,0,18,-18
227000155,1,23,-22
227000156,0,12,-12
227000165,7,16,-9
227000196,137,468,-331
227000199,55,687,-632
227000230,35,457,-422
227000232,124,9,115
227000242,54,472,-418
227000243,298,47,251
227000245,12,351,-339
227000246,82,510,-428
227000247,143,52,91
227000248,44,12,32
227000249,14,208,-194
227000250,189,68,121
227000251,92,164,-72
227000252,28,390,-362
227000253,35,23,12
227000262,204,24,180
227000266,302,20,282
227000267,40,1713,-1673
227000282,6,182,-176
227000284,135,12,123
227000286,5,92,-87
227000291,15,550,-535
227000296,428,203,225
227000484,143,19,124
227000485,14,604,-590
227000655,40,14,26
227000656,422,21,401
227000657,17,12,5
227000704,4,6,-2
229000265,3,5,-2
229000266,2,1,1
229000267,9,0,9
229000268,6,0,6
229000269,16,0,16
229000274,0,18,-18
229000275,1,7,-6
229000276,1,7,-6
229000277,0,6,-6
229000278,1,5,-4
229000295,8,21,-13
229000296,17,2,15
229000297,4,39,-35
229000298,17,118,-101
229000320,11,5,6
229000321,5,9,-4
229000412,18,70,-52
229000414,18,46,-28
229000415,30,1,29
229000416,5,3,2
229000417,1,9,-8
229000419,91,239,-148
229000440,184,47,137
229000442,5,4,1
229000443,0,1,-1
229000444,2,33,-31
229000445,10,2,8
229000446,45,11,34
229000491,7,24,-17
229000492,16,146,-130
229000493,2,166,-164
229000494,17,2,15
229000495,76,9,67
229000496,22,9,13
229000507,0,45,-45
229000508,0,30,-30
229000509,0,39,-39
229000510,1,17,-16
229000511,5,49,-44
229000512,0,39,-39
229000513,0,8,-8
229000514,1,4,-3
229000517,2,18,-16
229000518,3,46,-43
229000519,2,17,-15
229000520,4,35,-31
229000521,13,16,-3
229000522,1,13,-12
229000523,2,12,-10
229000524,1,9,-8
229000527,1,0,1
229000528,1,0,1
229000529,1,0,1
229000530,39,5,34
229000531,24,7,17
229000532,40,3,37
229000533,76,2,74
229000534,65,1,64
229000564,30,0,30
229000565,6,0,6
229000566,0,29,-29
229000567,0,74,-74
229000582,133,2,131
229000583,5,1,4
229000584,0,52,-52
229000585,10,41,-31
229000718,0,2,-2
229000719,0,2,-2
229000720,0,22,-22
229000721,0,24,-24
229000722,0,34,-34
229000723,0,26,-26
229000724,0,0,0
229000725,0,9,-9
229000738,0,0,0
229000739,0,0,0
229000740,0,0,0
229000741,1,0,1
229000742,1,0,1
229000743,8,0,8
229000744,4,0,4
229000745,1,0,1
229000746,18,0,18
229000847,1,1,0
229000848,6,0,6
229000849,51,0,51
229000851,4,0,4
229000854,0,71,-71
229000856,2,196,-194
229000857,0,46,-46
229000858,0,126,-126
229000919,8,78,-70
229000930,5,148,-143
229000937,51,19,32
229000966,38,36,2
229000981,27,37,-10
229000985,3,31,-28
229000986,0,3,-3
229000987,0,0,0
229000988,0,20,-20
229000989,3,21,-18
229000990,0,3,-3
229000991,0,2,-2
229000992,0,6,-6
229000993,126,18,108
229000998,13,50,-37
229000999,37,16,21
229001034,3,22,-19
229001035,2,3,-1
229001036,1,62,-61
229001037,18,0,18
229001038,0,13,-13
229001039,3,0,3
229001040,0,63,-63
229001041,69,1,68
229001042,6,10,-4
229001047,4,35,-31
229001050,26,18,8
229001168,0,8,-8
229001200,1,3,-2
229001338,15,9,6
229001394,246,1,245
229001422,76,38,38
229001423,24,104,-80
229001431,15,30,-15
229001432,35,74,-39
229001444,91,41,50
229001445,18,161,-143
229001479,3,8,-5
229001503,90,76,14
229001504,60,189,-129
229001505,68,58,10
229001506,36,147,-111
229001509,40,14,26
229001510,1,47,-46
229001545,44,10,34
229001546,3,84,-81
229001553,25,15,10
229001554,14,77,-63
229001630,44,18,26
229001631,17,22,-5
229001635,0,5,-5
229001636,0,0,0
229001658,0,84,-84
229001659,74,0,74
229001660,1,1,0
229001661,2,16,-14
229001662,8,0,8
229001663,0,24,-24
229002584,140,109,31
229002831,155,153,2
229002841,5,21,-16
229002842,19,23,-4
229002843,21,12,9
229002844,12,56,-44
229002845,3,95,-92
229002846,2,12,-10
229002847,2,6,-4
229002848,2,11,-9
229002849,0,55,-55
229002850,1,1,0
229002851,20,67,-47
229002852,41,21,20
229002853,35,17,18
229002854,15,38,-23
229002855,5,54,-49
229002856,17,14,3
229002857,6,62,-56
229002858,10,5,5
229002859,15,29,-14
229002860,24,36,-12
229002861,14,14,0
229002862,7,48,-41
229002863,2,19,-17
229002864,4,22,-18
229002865,1,3,-2
229002866,12,25,-13
229002867,0,37,-37
229002868,7,12,-5
229002869,8,146,-138
229002870,6,15,-9
235000066,96,12,84
235000067,215,57,158
235000072,34,165,-131
235000073,25,60,-35
235000074,3,23,-20
235000080,7,62,-55
235000081,47,165,-118
235000082,44,56,-12
235000083,96,103,-7
235000084,9,48,-39
235000085,76,52,24
235000089,4,2,2
235000092,0,17,-17
235000093,2,1,1
235000097,3,4,-1
235000098,17,10,7
235000099,2,5,-3
235000115,89,56,33
235000116,33,13,20
235000117,550,4,546
235000133,7,166,-159
235000134,1,46,-45
235000206,5,2,3
235000207,1,2,-1
235000208,0,1,-1
235000209,1,2,-1
235000210,4,2,2
235000212,3,9,-6
235000213,0,0,0
235000220,0,1,-1
235000221,13,3,10
235000238,4,12,-8
235000239,2,1,1
235000242,150,180,-30
235000245,921,141,780
235000246,7,54,-47
235000284,5,99,-94
235000295,75,5,70
235000305,52,6,46
235000306,32,4,28
235000307,6,7,-1
235000308,6,2,4
235000309,17,2,15
235000310,50,0,50
235000311,19,9,10
235000322,1,26,-25
235000323,0,29,-29
235000324,0,16,-16
235000325,0,10,-10
235000326,2,289,-287
235000351,3,53,-50
235000352,12,37,-25
235000353,0,32,-32
235000354,1,53,-52
235000355,13,52,-39
235000356,27,18,9
235000357,8,18,-10
235000358,32,14,18
235000359,3,11,-8
235000360,75,4,71
235000361,23,8,15
235000381,20,246,-226
235000382,70,36,34
235000390,2,2,0
235000391,64,17,47
235000392,42,112,-70
235000393,54,77,-23
235000395,46,25,21
235000396,149,36,113
235000399,91,13,78
235000400,56,42,14
235000401,19,228,-209
235000402,13,60,-47
235000405,52,452,-400
235000406,47,318,-271
235000407,35,158,-123
235000409,209,136,73
235000410,13,59,-46
235000411,10,67,-57
235000485,0,3,-3
235000486,2,0,2
235000549,33,108,-75
235000550,27,179,-152
235000599,58,73,-15
235000600,2,11,-9
235000601,6,35,-29
235000602,27,105,-78
235000614,0,1,-1
235000648,0,20,-20
235000649,8,1,7
235000685,0,1,-1
235000815,6,26,-20
235000834,0,5,-5
235000855,24,53,-29
235000862,14,224,-210
235000891,0,8,-8
235000892,4,4,0
235000901,18,95,-77
235000907,2,9,-7
235001010,20,69,-49
235001029,162,115,47
235001030,285,153,132
235001078,64,69,-5
235001079,45,114,-69
235001147,25,38,-13
235001166,8,52,-44
235001167,13,52,-39
235001169,14,295,-281
235001188,0,2,-2
235001189,1,0,1
235001197,71,4,67
235001200,23,28,-5
235001208,5,6,-1
235001209,8,16,-8
235001210,4,48,-44
235001239,1,26,-25
235001244,0,2,-2
235016267,0,13,-13
235900013,0,2,-2
235900014,0,0,0
241900007,47,15,32
277101746,0,2,-2
277102712,0,0,0
277103813,0,0,0
277103814,0,0,0
277103898,0,2,-2
990010990,33,113,-80
990011530,1,277,-276
990014944,0,489,-489
990015176,7,3,4
990015618,1,83,-82
990015888,12,31,-19
990016032,0,335,-335
990032570,3,110,-107
990070001,54,22,32
990070103,0,0,0
990070601,0,67,-67
990070751,192,1,191
990070766,2,832,-830
990071180,319,118,201
990071343,10,0,10
990071387,0,7,-7
990071823,229,3,226
990072600,0,562,-562
990072964,2,576,-574
990073285,0,1,-1
990074393,3,1227,-1224
990074714,8,12,-4
990074870,430,42,388
990075106,253,4,249
990075746,160,2,158
990076437,294,4,290
990076458,8,1258,-1250
997000007,65,2,63
997000041,0,125,-125
997000058,11,0,11
997000062,7,1,6
997000069,0,6,-6
997000070,0,44,-44
997000100,5,0,5
997000141,2,905,-903
997000198,2,218,-216
998000475,0,19,-19
998000736,3,316,-313
998000965,0,3,-3
998001031,0,77,-77
998001072,471,237,234
998001091,2,1,1
998001093,0,1,-1
998001103,0,3,-3
998001105,3,9,-6
998001700,0,25,-25
998001899,0,1,-1
998001900,1,1,0
998003073,316,3,313
998003124,12,11,1
998003125,3,67,-64
998101900,0,0,0
998102850,2,105,-103
998501819,0,0,0
998501820,0,2,-2
998501832,36,67,-31
998501927,380,363,17
998501929,61,0,61
998501930,61,1,60
998501931,95,20,75
998501932,2,1,1
998501933,16,0,16
998501937,0,0,0
998501944,6,1,5
998501950,0,0,0
998501970,19,3,16
998501971,0,75,-75
998501972,349,4,345
998501973,1,131,-130
998501974,0,273,-273
998501975,94,1,93
998501976,28,12,16
998501977,0,13,-13
998501978,17,0,17
998501979,0,11,-11
998501980,49,1,48
998501981,15,2,13
998501982,1,139,-138
998502006,0,1,-1
998502024,0,2,-2
998502032,0,3,-3
998502062,17,0,17
998502063,0,0,0
998502173,6,0,6
998502269,1,1,0
998601159,2,314,-312
998601292,0,35,-35
999033574,0,25,-25
999800001,25,0,25
999800002,0,3,-3
999800003,4,3,1
999800004,0,7,-7
999800005,0,11,-11
