ID,insum,outsum,diff
100000001,693,1303,-610
100000002,7841,1795,6046
100000003,10699,5407,5292
100000004,1942,1708,234
100000005,3334,6513,-3179
100000006,1022,242,780
100000007,3660,1183,2477
100000008,479,747,-268
100000009,1234,1075,159
100000010,166,117,49
100000011,1710,157,1553
100000012,203,1132,-929
100000013,389,369,20
100000014,1088,404,684
100000015,2427,4188,-1761
100000016,1639,1938,-299
100000017,1371,1288,83
100000018,3096,915,2181
100000019,7744,3079,4665
100000020,3473,14077,-10604
100000021,8659,3379,5280
100000022,3502,2907,595
100000023,8376,2382,5994
100000025,3624,1440,2184
100000028,3189,1380,1809
100000029,553,368,185
100000030,480,107,373
100000031,8140,12958,-4818
100000032,4811,7526,-2715
100000033,1611,4569,-2958
100000034,909,616,293
100000035,2942,1680,1262
100000036,4202,2152,2050
100000037,800,722,78
100000038,3115,1580,1535
100000039,2979,503,2476
100000040,795,249,546
100000041,1939,757,1182
100000042,2080,704,1376
100000043,1610,607,1003
100000044,586,941,-355
100000045,1000,1810,-810
100000046,1728,1722,6
100000047,840,1259,-419
100000048,2886,1174,1712
100000049,2879,3491,-612
100000051,931,1482,-551
100000053,339,12,327
100000054,798,85,713
100000055,2127,368,1759
100000056,879,766,113
100000057,3326,1196,2130
100000058,1805,1685,120
100000059,17,172,-155
100000060,546,689,-143
100000061,3438,910,2528
100000062,4034,899,3135
100000063,1073,408,665
100000064,2330,640,1690
100000065,782,1664,-882
100000066,496,1214,-718
100000067,927,1060,-133
100000068,1035,2650,-1615
100000069,710,2473,-1763
100000072,533,1749,-1216
100000073,2132,2034,98
100000075,958,523,435
100000076,7273,4020,3253
100000077,634,459,175
100000078,134,71,63
100000079,68,89,-21
100000080,60,44,16
100000081,206,142,64
100000102,4414,2554,1860
100000103,9351,1709,7642
100000104,8160,3332,4828
100000105,4591,2025,2566
100000106,4156,3532,624
100000107,1356,1360,-4
100000108,1517,1351,166
100000109,5565,1771,3794
100000116,2432,1469,963
100000117,116,105,11
100000118,3151,1298,1853
100000119,906,939,-33
100000121,571,807,-236
100000122,1970,1404,566
100000123,5215,7384,-2169
100000124,8983,10595,-1612
100000125,5299,1907,3392
100000126,1517,557,960
100000127,2934,489,2445
100000128,3050,2834,216
100000129,927,715,212
100000130,570,827,-257
100000131,4410,5936,-1526
100000132,2183,4886,-2703
100000133,10485,4178,6307
100000135,743,1547,-804
100000139,792,306,486
100000140,844,449,395
100000142,624,692,-68
100000143,1283,650,633
100000144,5738,1318,4420
100000147,1409,3892,-2483
100000150,60,560,-500
100000151,1597,1154,443
100000153,540,673,-133
100000154,260,243,17
100000155,52,83,-31
100000156,578,235,343
100000157,122,119,3
100000158,237,65,172
100000159,450,690,-240
100000165,2514,1060,1454
100000169,794,524,270
100000174,2114,634,1480
100000179,104,786,-682
100000180,12166,3517,8649
100000181,1015,354,661
100000188,150,555,-405
100000189,4991,675,4316
100000190,1663,948,715
100000191,1126,781,345
100000192,67,191,-124
100000193,210,250,-40
100000330,2154,1398,756
100000355,555,1080,-525
100000362,7648,5107,2541
100000363,5116,6623,-1507
100000364,540,284,256
100000365,6474,6927,-453
100000366,9482,4038,5444
100000367,6890,6458,432
100000368,3813,2525,1288
100000369,2328,2918,-590
100000370,539,960,-421
100000376,196,150,46
100000379,7063,2322,4741
100000380,12215,4324,7891
100000384,9075,6621,2454
100000385,7309,6093,1216
100000386,12887,7429,5458
100000387,9927,7504,2423
100000388,10861,9421,1440
100000389,11644,8775,2869
100000390,12119,7711,4408
100000391,9472,10011,-539
100000392,6015,4323,1692
100000393,4403,4966,-563
100000394,12734,8680,4054
100000395,7560,3703,3857
100000396,12291,3683,8608
100000397,8378,4985,3393
100000398,16663,10928,5735
100900002,5,103,-98
100900003,503,195,308
100900004,59,1424,-1365
100900005,278,25,253
100900006,34,196,-162
100900007,910,17,893
100900008,7,639,-632
100900009,105,130,-25
100900010,179,170,9
100900011,192,385,-193
100900012,0,274,-274
100900013,2251,22,2229
100900014,6,19,-13
100900015,181,188,-7
100900016,16,44,-28
100900017,1371,115,1256
100900018,0,35,-35
100900019,50,497,-447
100900020,633,11,622
100900021,697,3,694
100900022,32,107,-75
100900023,13,109,-96
100900024,1564,12,1552
100900025,12,22,-10
100900026,170,198,-28
100900027,980,4519,-3539
100900028,201,290,-89
100900029,122,26,96
100900030,12,53,-41
100900031,1052,75,977
100900032,274,0,274
100900033,311,267,44
100900034,575,2,573
100900035,1727,7,1720
100900036,49,4,45
100900037,135,364,-229
100900038,239,58,181
100900039,352,871,-519
100900040,622,1220,-598
100900041,946,953,-7
100900042,1743,531,1212
100900043,0,27,-27
100900044,3910,932,2978
100900045,83,10,73
100900046,2145,10,2135
100900047,1289,412,877
100900048,254,106,148
100900049,116,284,-168
100900050,5,32,-27
100900051,164,137,27
100900052,730,86,644
100900053,532,43,489
100900054,31,151,-120
100900055,724,954,-230
100900056,308,532,-224
100900057,984,1845,-861
100900058,569,91,478
100900059,225,11,214
100900060,197,12,185
100900061,510,520,-10
100900062,2,105,-103
100900063,313,919,-606
100900064,1229,19,1210
100900065,233,153,80
100900066,108,219,-111
100900067,10,14,-4
100900068,499,160,339
100900069,1781,27,1754
100900070,367,1,366
100900071,1090,523,567
100900072,13,70,-57
100900073,142,580,-438
100900074,11,26,-15
100900075,3214,591,2623
100900076,33,58,-25
100900077,22,159,-137
100900078,233,935,-702
100900079,12,48,-36
100900080,59,286,-227
100900081,60,296,-236
100900082,126,830,-704
100900083,15,58,-43
100900085,18,123,-105
100900086,420,2443,-2023
100900088,135,1008,-873
100900089,21,40,-19
100900090,193,838,-645
100900091,4,40,-36
100900092,503,429,74
100900093,303,952,-649
100900094,165,795,-630
100900095,8,61,-53
100900096,97,165,-68
100900097,1,8,-7
100900098,19,28,-9
100900099,69,871,-802
100900100,26,613,-587
100900101,525,67,458
100900102,180,123,57
100900103,23,30,-7
100900104,13,240,-227
100900105,47,446,-399
100900106,63,8,55
100900107,2692,1099,1593
100900108,19,46,-27
100900109,42,41,1
100900110,1,22,-21
100900111,74,300,-226
100900112,14,25,-11
100900113,23,29,-6
100900114,19,40,-21
100900115,4,92,-88
100900116,1261,1657,-396
100900117,364,1190,-826
100900118,48,73,-25
100900119,22,65,-43
100900120,6,30,-24
100900121,452,1161,-709
100900122,240,350,-110
100900123,142,315,-173
100900124,17,17,0
100900125,35,133,-98
100900126,215,592,-377
100900127,2,14,-12
100900128,170,239,-69
100900129,1,228,-227
100900131,166,328,-162
100900133,130,89,41
100900134,18,10,8
100900135,1,215,-214
100900137,474,272,202
100900138,952,635,317
100900139,26,15,11
100900140,7,977,-970
100900141,7,587,-580
100900142,0,27,-27
100900143,1759,652,1107
100900144,23,11,12
100900145,531,281,250
100900146,21,91,-70
100900147,68,409,-341
100900148,47,1030,-983
100900149,61,236,-175
100900150,8,105,-97
100900151,193,764,-571
100900152,350,14,336
100900153,16,216,-200
100900154,17,76,-59
100900155,25,29,-4
100900156,54,15,39
100900157,16,239,-223
100900158,1381,415,966
100900159,4,47,-43
100900160,40,29,11
100900161,196,15,181
100900162,52,452,-400
100900163,263,369,-106
100900164,51,102,-51
100900165,19,97,-78
100900166,52,25,27
100900167,30,110,-80
100900168,77,181,-104
100900169,220,1468,-1248
100900170,47,20,27
100900171,31,1051,-1020
100900172,0,22,-22
100900173,14,725,-711
100900174,1095,111,984
100900176,2135,318,1817
100900177,1034,603,431
100900178,926,239,687
100900179,273,277,-4
100900180,7,3,4
100900181,199,236,-37
100900182,111,81,30
100900184,17,385,-368
100900186,1187,898,289
100900187,21,193,-172
100900188,59,29,30
100900189,1839,267,1572
100900191,2054,1566,488
100900192,506,418,88
100900195,184,237,-53
100900197,10,50,-40
100900198,31,391,-360
100900199,9,13,-4
100900200,940,645,295
100900201,205,1255,-1050
100900202,103,3,100
100900203,2,192,-190
100900204,2508,1486,1022
100900205,281,715,-434
100900206,171,189,-18
100900207,317,181,136
100900210,178,813,-635
100900211,781,267,514
100900213,163,83,80
100900214,1350,117,1233
100900215,16,89,-73
101000001,6588,3721,2867
101000002,7083,8203,-1120
101000003,1173,3765,-2592
101000004,14669,12303,2366
101000005,7329,7980,-651
101000006,11953,12886,-933
101000007,4238,5113,-875
101000008,7058,4325,2733
101000009,3597,2479,1118
101000010,1400,1903,-503
101000011,3249,922,2327
101000012,2376,1052,1324
101000013,926,1650,-724
101000014,834,1071,-237
101000015,1428,1191,237
101000016,876,617,259
101000017,906,814,92
101000018,6043,4139,1904
101000020,6300,1786,4514
101000021,2450,540,1910
101000022,775,157,618
101000023,3094,1252,1842
101000025,332,604,-272
101000026,729,53,676
101000027,4022,3053,969
101000028,615,119,496
101000029,538,1816,-1278
101000030,3103,146,2957
101000031,1656,921,735
101000032,17111,4522,12589
101000033,4311,4654,-343
101000034,4877,2274,2603
101000035,1735,1050,685
101000036,2847,1129,1718
101000037,5869,2271,3598
101000039,4603,3417,1186
101000040,4992,4725,267
101000041,18462,10244,8218
101000042,1369,1722,-353
101000043,12997,10233,2764
101000045,3265,1011,2254
101000046,7444,1307,6137
101000047,5035,3219,1816
101000048,1788,1309,479
101000049,1530,2392,-862
101000050,5021,4057,964
101000051,4141,3299,842
101000052,2462,1258,1204
101000053,1649,3004,-1355
101000054,3261,2232,1029
101000055,2468,2116,352
101000056,62,135,-73
101000057,3669,1405,2264
101000058,2318,1733,585
101000059,5162,2642,2520
101000060,2564,737,1827
101000061,1390,1877,-487
101000062,1120,988,132
101000063,910,1221,-311
101000064,1662,1029,633
101000065,463,482,-19
101000066,1176,758,418
101000067,1746,916,830
101000068,547,560,-13
101000069,824,135,689
101000070,2004,1379,625
101000071,3277,1385,1892
101000072,1532,5069,-3537
101000073,1392,872,520
101000074,10860,4921,5939
101000075,9557,4682,4875
101000077,1937,1300,637
101000078,1612,2958,-1346
101000079,1117,519,598
101000080,1037,540,497
101000081,1800,2057,-257
101000082,4894,4669,225
101000083,2911,2950,-39
101000084,1975,1548,427
101000085,2201,1757,444
101000086,1389,1502,-113
101000087,1135,1606,-471
101000088,1650,1685,-35
101000089,1429,2198,-769
101000090,2902,1930,972
101000091,523,1769,-1246
101000092,1256,1652,-396
101000093,2277,1318,959
101000094,1106,1948,-842
101000095,462,1073,-611
101000096,458,959,-501
101000097,1605,586,1019
101000098,1040,735,305
101000099,2104,1841,263
101000100,1843,1316,527
101000101,555,553,2
101000102,2221,597,1624
101000103,1789,818,971
101000104,643,884,-241
101000105,1140,544,596
101000106,1475,935,540
101000107,267,424,-157
101000108,1589,579,1010
101000109,343,85,258
101000110,52,972,-920
101000111,202,342,-140
101000113,355,1287,-932
101000114,14549,4907,9642
101000115,232,187,45
101000116,407,359,48
101000117,1753,479,1274
101000119,220,145,75
101000120,278,80,198
101000121,116,54,62
101000122,177,83,94
101000123,116,104,12
101000124,830,207,623
101000125,320,702,-382
101000128,1638,574,1064
101000130,463,428,35
101000131,1174,843,331
101000132,725,1989,-1264
101000135,91,47,44
101000136,851,194,657
101000137,59,502,-443
101000141,2907,4420,-1513
101000147,1055,650,405
101000148,2675,57,2618
101000149,334,249,85
101000150,99,1128,-1029
101000151,214,65,149
101000152,543,640,-97
101000153,734,593,141
101000154,381,2000,-1619
101000155,427,216,211
101000156,16,334,-318
101000157,89,77,12
101000160,160,57,103
101000163,354,273,81
101000164,727,548,179
101000165,397,508,-111
101000166,366,625,-259
101000168,1131,455,676
101000252,2098,1186,912
101000254,927,110,817
101000258,65,14,51
101000261,387,28,359
101000262,2145,2145,0
101000263,598,1901,-1303
101000265,139,1061,-922
101000266,636,512,124
101000269,181,14,167
101000290,2600,6091,-3491
101000293,59,119,-60
101000294,915,713,202
101000295,177,945,-768
101000301,1256,604,652
101000304,3419,3460,-41
101000305,4709,2432,2277
101900001,37,92,-55
101900002,0,29,-29
101900003,81,134,-53
101900004,11,95,-84
101900005,6945,2527,4418
101900006,1378,101,1277
101900007,1126,244,882
101900008,197,616,-419
101900009,129,938,-809
101900010,1167,881,286
101900011,588,2748,-2160
101900012,291,727,-436
101900013,1787,233,1554
101900017,23,232,-209
101900018,1978,400,1578
101900019,359,195,164
101900020,479,199,280
101900021,2,101,-99
101900022,175,1873,-1698
101900023,278,333,-55
102000001,6035,6381,-346
102000002,5481,1836,3645
102000003,5792,10802,-5010
102000004,13706,4677,9029
102000005,2143,3679,-1536
102000006,2191,3106,-915
102000007,2653,7966,-5313
102000008,9437,2710,6727
102000009,9543,11283,-1740
102000010,9175,5797,3378
102000011,4906,4200,706
102000012,5556,5530,26
102000018,4970,4438,532
102000019,4410,2545,1865
102000026,444,1210,-766
102000029,482,285,197
102000030,229,595,-366
102000031,67,239,-172
102000032,613,506,107
102000033,269,570,-301
102000034,844,688,156
102000035,1926,937,989
102000036,31,419,-388
102000037,295,135,160
102000038,310,319,-9
102000039,413,122,291
102000040,718,267,451
102000041,377,396,-19
102000042,435,349,86
102000043,652,322,330
102000044,890,651,239
102000045,1256,1539,-283
102000046,1352,867,485
102000047,1402,1624,-222
102000048,504,1175,-671
102000049,1540,997,543
102000050,1734,1849,-115
102000051,630,885,-255
102000052,2203,1355,848
102000053,1389,1235,154
102000054,787,1232,-445
102000055,1306,1120,186
102000056,1072,2213,-1141
102000057,2379,940,1439
102000058,1702,2729,-1027
102000059,2283,2504,-221
102000060,2073,1591,482
102000061,2425,3364,-939
102000062,2201,2089,112
102000063,1733,2191,-458
102000064,837,1135,-298
102000065,112,230,-118
102000066,1675,1787,-112
102000067,4721,5586,-865
102000068,15378,4446,10932
102000069,126,2340,-2214
102000070,3076,105,2971
102000071,13164,14751,-1587
102000072,5027,6622,-1595
102000073,2530,1455,1075
102000074,1398,1407,-9
102000075,238,599,-361
102000076,312,958,-646
102000077,643,1366,-723
102000078,1132,1325,-193
102000079,462,501,-39
102000080,453,424,29
102000081,828,1213,-385
102000082,1124,531,593
102000083,790,531,259
102000084,337,452,-115
102000085,2747,1724,1023
102000086,1621,2935,-1314
102000087,1324,2553,-1229
102000088,418,475,-57
102000089,1604,672,932
102000090,988,1926,-938
102000091,2918,888,2030
102000092,624,1529,-905
102000093,1117,1018,99
102000094,1508,906,602
102000095,1562,1992,-430
102000096,1265,1469,-204
102000097,1468,1655,-187
102000098,915,1579,-664
102000099,1362,1056,306
102000100,1312,1837,-525
102000101,1831,1075,756
102000102,654,3385,-2731
102000103,2356,724,1632
102000104,1414,458,956
102000105,285,910,-625
102000106,994,1157,-163
102000107,1323,961,362
102000108,1035,315,720
102000109,928,947,-19
102000110,1015,2034,-1019
102000111,8,434,-426
102000112,277,110,167
102000113,32,46,-14
102000114,1275,528,747
102000115,266,390,-124
102000116,1979,556,1423
102000117,712,1004,-292
102000118,2873,1499,1374
102000119,3072,1099,1973
102000120,364,638,-274
102000121,1414,842,572
102000122,809,1204,-395
102000123,2027,1996,31
102000124,1977,1646,331
102000125,1273,1754,-481
102000126,1152,970,182
102000127,1744,1178,566
102000128,1026,1377,-351
102000129,2261,1257,1004
102000130,965,1033,-68
102000131,2754,1126,1628
102000132,1098,1204,-106
102000133,2549,3001,-452
102000134,910,1149,-239
102000135,1240,1446,-206
102000136,1699,885,814
102000137,1894,1309,585
102000138,731,682,49
102000139,473,766,-293
102000140,1044,620,424
102000141,1340,975,365
102000142,522,619,-97
102000143,217,663,-446
102000144,373,643,-270
102000145,640,713,-73
102000146,525,502,23
102000147,636,723,-87
102000148,260,811,-551
102000149,273,904,-631
102000150,435,308,127
102000151,150,455,-305
102000152,211,200,11
102000153,1297,603,694
102000154,513,951,-438
102000155,163,456,-293
102000156,543,188,355
102000157,189,412,-223
102000158,526,379,147
102000159,1703,669,1034
102000161,5881,3232,2649
102000162,323,179,144
102000163,149,901,-752
102000164,1832,1752,80
102000165,508,197,311
102000166,80,245,-165
102000167,457,368,89
102000168,477,167,310
102000169,204,1123,-919
102000170,1072,279,793
102000171,704,272,432
102000172,871,546,325
102000173,671,421,250
102000174,118,135,-17
102000175,215,205,10
102000176,91,52,39
102000178,489,725,-236
102000179,796,351,445
102000180,1098,882,216
102000181,850,932,-82
102000182,824,971,-147
102000183,1970,2731,-761
102000184,2307,1246,1061
102000185,3160,2156,1004
102000186,1492,2779,-1287
102000187,2433,2421,12
102000188,2625,2190,435
102000189,3852,1375,2477
102000190,968,4655,-3687
102000191,1769,835,934
102000192,1482,2063,-581
102000193,85,225,-140
102000194,126,200,-74
102000195,605,713,-108
102000196,276,635,-359
102000197,841,683,158
102000198,287,1115,-828
102000199,1007,535,472
102000200,420,1636,-1216
102000201,1064,711,353
102000202,7,204,-197
102000203,496,463,33
102000204,582,1155,-573
102000205,1379,819,560
102000206,1387,1180,207
102000207,2315,676,1639
102000208,841,787,54
102000209,104,86,18
102000210,459,558,-99
102000211,1024,590,434
102000212,556,31,525
102000213,11,450,-439
102000214,337,38,299
102000215,22,546,-524
102000216,72,77,-5
102000217,14,210,-196
102000218,342,210,132
102000219,563,438,125
102000225,888,959,-71
102000226,7037,1928,5109
102000227,228,1,227
102000228,1,161,-160
102000229,48,70,-22
102000230,377,780,-403
102000231,427,691,-264
102000232,22,282,-260
102000233,679,1347,-668
102000234,158,1747,-1589
102000236,553,153,400
102000237,1128,219,909
102000238,230,412,-182
102000240,1035,851,184
102000241,419,228,191
102000243,28,101,-73
102000245,40,152,-112
102000246,24,35,-11
102000247,615,1455,-840
102000248,326,792,-466
102000249,175,252,-77
102000250,135,572,-437
102000254,94,545,-451
102000266,122,432,-310
102000271,43,0,43
102000286,628,575,53
102000297,2615,1547,1068
102000299,0,0,0
102000301,0,0,0
102000303,0,0,0
102000305,0,0,0
102000307,0,7,-7
102000308,0,6,-6
102900001,1827,1273,554
102900002,456,65,391
102900003,64,276,-212
102900005,466,486,-20
102900006,602,264,338
102900007,616,77,539
102900008,278,107,171
102900009,731,352,379
102900010,1388,909,479
102900011,2872,580,2292
102900012,515,116,399
102900013,26,89,-63
102900015,1157,726,431
102900016,57,146,-89
102900017,216,685,-469
102900018,34,187,-153
102900019,649,678,-29
102900020,159,45,114
102900021,14,125,-111
102900022,794,201,593
102900023,21,90,-69
102900024,50,65,-15
102900025,307,132,175
102900026,890,2335,-1445
102900027,88,83,5
102900028,256,1029,-773
102900029,207,239,-32
102900030,883,385,498
102900031,221,215,6
102900032,162,115,47
102900033,172,329,-157
102900034,622,176,446
102900035,172,470,-298
102900036,377,826,-449
102900037,542,961,-419
102900038,721,910,-189
102900039,36,778,-742
102900040,186,407,-221
102900041,126,284,-158
102900042,254,411,-157
102900043,293,380,-87
102900044,982,2861,-1879
102900045,160,720,-560
102900046,161,371,-210
102900047,105,862,-757
102900048,872,881,-9
102900049,147,490,-343
102900050,579,568,11
102900051,321,283,38
102900052,66,63,3
102900053,539,1043,-504
102900054,1267,1676,-409
102900055,178,235,-57
102900056,159,732,-573
102900057,3,69,-66
102900058,472,103,369
102900059,15,74,-59
102900060,168,643,-475
102900061,198,757,-559
102900062,259,1488,-1229
102900063,1265,635,630
102900064,253,693,-440
102900065,2185,851,1334
102900066,479,36,443
102900068,140,128,12
102900070,465,774,-309
102900072,38,62,-24
102900073,265,10,255
102900074,334,293,41
102900075,45,70,-25
102900076,309,203,106
102900077,64,71,-7
102900078,67,129,-62
102900079,263,24,239
102900080,447,93,354
102900081,114,403,-289
102900082,18,363,-345
102900083,300,28,272
102900084,32,34,-2
102900085,440,174,266
102900086,26,56,-30
102900087,300,169,131
102900088,63,52,11
102900089,442,264,178
102900090,2,609,-607
102900091,246,9,237
102900092,562,1501,-939
102900093,406,382,24
102900094,3,128,-125
102900095,123,2,121
102900096,70,20,50
102900097,26,220,-194
103000001,3134,3826,-692
103000002,3701,3818,-117
103000003,6106,4168,1938
103000004,1194,1108,86
103000005,2390,4532,-2142
103000006,761,1957,-1196
103000007,576,1066,-490
103000008,1584,1177,407
103000009,1561,1831,-270
103000010,249,202,47
103000011,2334,2150,184
103000012,1614,2157,-543
103000013,8026,3303,4723
103000014,1904,3844,-1940
103000015,2840,1002,1838
103000016,740,2374,-1634
103000017,223,670,-447
103000018,1466,706,760
103000019,371,435,-64
103000020,3666,1897,1769
103000021,2440,1991,449
103000022,1252,1495,-243
103000023,855,2484,-1629
103000024,137,312,-175
103000025,153,944,-791
103000026,2340,198,2142
103000027,537,901,-364
103000028,803,579,224
103000029,617,474,143
103000030,3245,1396,1849
103000031,2736,3170,-434
103000032,2639,2800,-161
103000033,4038,3913,125
103000034,2599,1877,722
103000035,621,2133,-1512
103000036,754,894,-140
103000037,842,717,125
103000038,682,1676,-994
103000039,517,673,-156
103000040,580,1795,-1215
103000041,2183,3797,-1614
103000042,1497,886,611
103000043,697,1497,-800
103000044,267,303,-36
103000046,315,616,-301
103000047,821,949,-128
103000048,198,261,-63
103000049,193,260,-67
103000050,872,942,-70
103000051,721,820,-99
103000052,1015,583,432
103000053,308,752,-444
103000054,3411,2006,1405
103000055,2481,3080,-599
103000056,840,2957,-2117
103000057,595,451,144
103000058,801,1259,-458
103000059,619,1284,-665
103000060,1273,982,291
103000061,546,1363,-817
103000062,1347,916,431
103000063,998,1254,-256
103000064,155,384,-229
103000065,5,531,-526
103000066,291,15,276
103000069,528,558,-30
103000070,1430,1345,85
103000071,1431,626,805
103000072,223,1142,-919
103000073,720,232,488
103000074,959,165,794
103000075,216,1145,-929
103000076,485,498,-13
103000077,100,732,-632
103000078,2215,950,1265
103000079,1731,1094,637
103000080,1811,555,1256
103000081,892,1501,-609
103000082,690,305,385
103000083,222,422,-200
103000084,208,18,190
103000085,6,187,-181
103000086,1220,640,580
103000087,302,1011,-709
103000088,564,479,85
103000089,401,776,-375
103000090,2458,1094,1364
103000091,688,626,62
103000092,390,404,-14
103000093,360,676,-316
103000094,206,143,63
103000095,93,525,-432
103000096,739,127,612
103000097,87,939,-852
103000098,1544,265,1279
103000099,664,766,-102
103000100,179,1135,-956
103000101,1281,184,1097
103000102,165,1020,-855
103000103,867,376,491
103000104,96,225,-129
103000105,172,169,3
103000106,29,188,-159
103000107,353,112,241
103000108,912,707,205
103000109,435,418,17
103000110,423,550,-127
103000111,745,664,81
103000112,538,288,250
103000113,1472,961,511
103000114,2907,590,2317
103000115,542,640,-98
103000116,682,677,5
103000117,391,647,-256
103000118,1549,1246,303
103000119,2428,911,1517
103000120,179,208,-29
103000121,1060,1069,-9
103000122,1040,894,146
103000125,31,484,-453
103000126,813,12,801
103000127,3,221,-218
103000128,238,5,233
103000129,6,138,-132
103000130,74,77,-3
103000131,322,136,186
103000132,157,319,-162
103000133,35,147,-112
103000134,991,1161,-170
103000135,1291,521,770
103000136,1093,606,487
103000137,913,855,58
103000138,1159,1089,70
103000139,5,84,-79
103000140,179,29,150
103000141,85,168,-83
103000142,225,115,110
103000143,123,262,-139
103000144,272,131,141
103000145,172,142,30
103000150,142,88,54
103000152,319,315,4
103000153,302,240,62
103000156,10,517,-507
103000157,619,4,615
103000159,185,71,114
103000162,189,56,133
103000163,40,69,-29
103000164,77,23,54
103000165,176,556,-380
103000166,280,422,-142
103000167,281,168,113
103000168,120,267,-147
103000169,275,827,-552
103000170,930,646,284
103000171,69,132,-63
103000172,750,1372,-622
103000173,575,781,-206
103000174,169,546,-377
103000175,242,491,-249
103000176,1086,785,301
103000177,1086,706,380
103000178,487,507,-20
103000179,283,62,221
103000183,247,80,167
103000185,153,100,53
103000186,152,261,-109
103000187,641,794,-153
103000188,28,136,-108
103000189,1779,1271,508
103000191,764,949,-185
103000292,3151,2938,213
103000293,1630,2909,-1279
103000295,169,165,4
103000296,1147,13,1134
103000297,299,163,136
103000504,153,21,132
103000505,16,40,-24
103000506,5,279,-274
103000507,284,9,275
103000508,110,94,16
103000509,268,769,-501
103900001,7,442,-435
103900002,2544,268,2276
103900003,2797,201,2596
103900004,130,3,127
103900005,4,432,-428
103900006,3,1,2
103900007,89,7,82
103900008,20,2,18
103900009,326,648,-322
103900010,220,555,-335
103900011,396,309,87
103900012,9,21,-12
103900013,69,111,-42
103900014,49,43,6
103900015,76,23,53
103900016,433,377,56
103900017,50,155,-105
103900018,682,247,435
103900019,81,315,-234
103900020,304,631,-327
103900021,1076,106,970
103900022,1303,774,529
103900023,156,1,155
103900024,187,682,-495
103900025,16,40,-24
103900026,215,5,210
103900027,873,567,306
103900028,24,406,-382
103900029,1416,155,1261
103900030,664,97,567
103900031,65,12,53
103900032,84,67,17
103900033,194,19,175
103900034,36,277,-241
103900035,68,90,-22
103900036,51,47,4
103900037,162,82,80
103900038,142,167,-25
103900039,90,608,-518
103900040,7,236,-229
103900041,53,86,-33
103900042,63,544,-481
103900043,146,143,3
103900044,255,324,-69
103900045,381,284,97
103900047,64,36,28
103900048,125,32,93
103900049,332,1818,-1486
103900050,27,131,-104
103900051,1,38,-37
103900052,232,690,-458
103900053,175,1229,-1054
103900054,147,720,-573
103900055,601,298,303
103900056,72,70,2
103900057,47,290,-243
103900058,330,1025,-695
103900059,0,18,-18
103900060,78,310,-232
103900061,177,101,76
103900062,524,133,391
103900063,26,0,26
103900064,106,13,93
103900065,1103,534,569
103900066,142,18,124
103900067,259,7,252
103900068,23,1,22
103900069,179,15,164
103900070,212,328,-116
103900071,26,214,-188
103900072,10,350,-340
103900073,58,32,26
103900074,79,122,-43
103900075,150,77,73
103900076,477,927,-450
103900077,104,126,-22
103900078,330,208,122
103900079,192,379,-187
103900080,23,61,-38
103900081,151,37,114
103900082,9,175,-166
103900083,2279,1320,959
103900084,121,247,-126
103900085,92,165,-73
103900086,809,519,290
103900087,25,160,-135
103900088,493,598,-105
103900089,47,176,-129
103900090,1,300,-299
103900091,1469,375,1094
103900092,1556,630,926
103900093,178,511,-333
103900094,23,186,-163
103900095,699,279,420
103900096,31,325,-294
103900097,6,836,-830
103900098,285,178,107
103900099,106,319,-213
103900100,309,595,-286
103900101,103,1503,-1400
103900102,3,42,-39
103900104,1,43,-42
103900105,155,241,-86
103900106,0,65,-65
103900107,105,377,-272
103900108,59,481,-422
103900109,107,139,-32
103900110,309,66,243
103900111,95,998,-903
103900112,97,142,-45
103900113,161,275,-114
103900114,589,375,214
103900115,343,409,-66
103900116,7343,3123,4220
103900117,221,159,62
103900119,43,66,-23
103900120,40,129,-89
103900122,103,429,-326
103900123,2069,820,1249
103900124,43,18,25
103900125,125,95,30
103900126,622,710,-88
103900127,198,793,-595
103900128,172,218,-46
103900131,42,121,-79
103900133,1211,154,1057
103900134,3,10,-7
103900135,4,20,-16
103900137,1,82,-81
103900138,90,509,-419
103900139,347,2382,-2035
103900140,22,133,-111
103900141,430,119,311
103900142,213,302,-89
103900143,68,7,61
103900144,0,74,-74
103900145,189,428,-239
103900146,429,489,-60
103900147,584,182,402
103900148,239,400,-161
103900149,291,1139,-848
103900150,10430,5435,4995
103900151,78,244,-166
103900152,601,943,-342
103900153,23,1,22
103900154,1814,2416,-602
103900155,48,419,-371
103900156,34,258,-224
103900157,54,339,-285
103900158,97,306,-209
103900159,198,145,53
103900160,68,54,14
103900161,117,304,-187
103900162,77,384,-307
103900163,26,655,-629
103900164,259,42,217
103900167,29,154,-125
103900168,172,160,12
103900169,80,79,1
103900170,2,158,-156
103900171,0,92,-92
103900172,11,36,-25
103900173,17,22,-5
103900174,213,106,107
103900175,107,132,-25
103900176,28,41,-13
103900177,30,91,-61
103900178,82,121,-39
103900179,85,231,-146
103900180,25,130,-105
103900181,83,59,24
103900182,57,34,23
103900184,709,88,621
103900185,366,407,-41
103900187,57,83,-26
103900188,53,23,30
103900189,154,18,136
103900190,123,77,46
103900191,35,95,-60
103900192,48,154,-106
103900193,238,266,-28
103900194,89,479,-390
103900195,18,95,-77
103900196,61,34,27
103900197,18,53,-35
103900198,20,81,-61
103900199,292,84,208
103900200,139,222,-83
103900201,194,327,-133
103900202,29,78,-49
103900203,67,29,38
103900204,3,144,-141
103900207,3,187,-184
103900208,122,3,119
103900209,10,142,-132
103900210,63,47,16
103900211,644,668,-24
103900212,126,602,-476
103900213,126,327,-201
103900214,452,189,263
103900215,702,473,229
103900216,29,1167,-1138
103900217,576,175,401
103900218,2,572,-570
103900219,222,504,-282
103900233,228,5,223
103900235,67,25,42
103900236,46,1,45
103900242,20,53,-33
103900243,27,26,1
103900244,167,431,-264
103900245,181,262,-81
103900246,82,50,32
103900247,46,154,-108
103900248,31,95,-64
103900249,39,67,-28
103900250,71,40,31
103900251,9,40,-31
103900253,89,84,5
103900254,25,43,-18
103900255,23,33,-10
103900256,35,58,-23
103900257,103,247,-144
103900258,84,0,84
103900259,236,13,223
103900261,11,5,6
103900262,71,9,62
103900263,84,110,-26
103900264,125,59,66
103900265,171,57,114
103900266,6,106,-100
103900267,12,56,-44
104000001,3147,3019,128
104000002,2113,4129,-2016
104000003,3530,3532,-2
104000004,4208,4046,162
104000005,1838,2981,-1143
104000006,4512,4373,139
104000007,6331,5614,717
104000008,377,442,-65
104000009,206,205,1
104000010,155,304,-149
104000011,904,528,376
104000012,218,510,-292
104000013,261,212,49
104000014,384,921,-537
104000015,355,250,105
104000016,674,604,70
104000018,970,209,761
104000019,739,258,481
104000020,226,915,-689
104000021,335,807,-472
104000022,143,358,-215
104000023,952,523,429
104000024,357,507,-150
104000026,77,511,-434
104000027,529,543,-14
104000028,521,353,168
104000029,530,635,-105
104000030,347,377,-30
104000031,1263,514,749
104000032,340,448,-108
104000033,695,633,62
104000034,411,479,-68
104000035,881,609,272
104000036,932,774,158
104000037,352,350,2
104000038,465,358,107
104000039,220,352,-132
104000040,473,567,-94
104000041,1107,513,594
104000042,297,599,-302
104000043,471,562,-91
104000044,324,951,-627
104000045,1421,1600,-179
104000046,2077,2172,-95
104000047,1428,1651,-223
104000048,1220,2405,-1185
104000049,825,495,330
104000050,447,1054,-607
104000051,230,824,-594
104000052,2045,2517,-472
104000053,1471,759,712
104000054,941,680,261
104000055,5527,3757,1770
104000056,1829,348,1481
104000057,184,673,-489
104000058,1351,1084,267
104000059,769,1629,-860
104000060,1522,1723,-201
104000061,1968,1660,308
104000062,423,232,191
104000064,646,485,161
104000065,261,726,-465
104000069,1771,1341,430
104000070,116,642,-526
104000071,165,793,-628
104000072,760,333,427
104000075,102,371,-269
104000076,734,191,543
104000082,3067,4600,-1533
104000083,1057,302,755
104000084,181,700,-519
104000085,286,412,-126
104000086,227,468,-241
104000087,718,2376,-1658
104000090,979,2085,-1106
104000092,1331,3724,-2393
104000094,1274,2508,-1234
104000095,2521,2162,359
104000096,2298,576,1722
104000097,2146,1380,766
104000098,2338,1637,701
104000100,2075,994,1081
104000101,1471,3152,-1681
104000106,118,776,-658
104000107,876,783,93
104000108,435,851,-416
104000109,362,106,256
104000110,1258,1522,-264
104000111,6290,3248,3042
104000112,3540,743,2797
104000116,11,1943,-1932
104000117,181,1013,-832
104000118,647,305,342
104000119,798,421,377
104000120,371,1244,-873
104000121,234,1123,-889
104000122,798,1129,-331
104000123,1337,1665,-328
104000124,1401,3914,-2513
104000125,6384,5160,1224
104000126,671,711,-40
104000127,2069,4462,-2393
104000128,1007,685,322
104000129,710,57,653
104000130,37,599,-562
104000131,893,643,250
104000132,1096,818,278
104000133,1670,1290,380
104000134,1473,2312,-839
104000135,592,2591,-1999
104000136,1253,4735,-3482
104000137,2072,571,1501
104000138,1949,660,1289
104000139,9860,4363,5497
104000141,1736,2048,-312
104000142,800,1105,-305
104000143,736,842,-106
104000144,106,280,-174
104000145,499,271,228
104000146,433,767,-334
104000147,200,482,-282
104000148,410,198,212
104000149,176,513,-337
104000150,1647,679,968
104000151,688,747,-59
104000152,744,1037,-293
104000153,708,709,-1
104000154,1297,922,375
104000155,541,622,-81
104000157,1519,2153,-634
104000158,1142,765,377
104000159,938,634,304
104000160,2177,2403,-226
104000161,299,285,14
104000162,68,207,-139
104000165,1768,1488,280
104000167,774,1273,-499
104000168,699,16,683
104000169,95,62,33
104000170,840,746,94
104000248,441,1027,-586
104000251,72,384,-312
104000272,0,0,0
104000273,0,0,0
104000274,0,0,0
104000275,0,0,0
104000279,998,638,360
104000290,199,451,-252
104000291,947,1563,-616
104000293,1051,1010,41
104000294,34,0,34
104000295,1066,1237,-171
104000296,593,1398,-805
104000297,1056,2661,-1605
104000298,2805,1401,1404
104000299,952,2140,-1188
104900001,233,610,-377
104900002,77,273,-196
104900003,80,483,-403
104900004,90,432,-342
104900005,339,297,42
104900006,363,157,206
104900007,304,369,-65
104900009,211,548,-337
104900010,70,76,-6
104900011,77,17,60
104900012,321,47,274
104900013,245,23,222
104900014,4477,576,3901
104900015,157,30,127
104900016,274,394,-120
104900017,235,334,-99
104900018,14,274,-260
104900019,452,3404,-2952
104900020,107,388,-281
104900021,3,326,-323
104900022,15,95,-80
104900023,4,183,-179
104900024,73,110,-37
104900025,114,430,-316
104900026,9,137,-128
104900027,669,405,264
104900028,36,119,-83
104900029,98,139,-41
104900030,789,303,486
104900031,132,222,-90
104900032,56,210,-154
104900033,239,367,-128
104900034,449,258,191
104900035,344,246,98
104900036,255,145,110
104900037,176,447,-271
104900038,834,1111,-277
104900039,1464,514,950
104900040,448,160,288
104900041,267,278,-11
104900042,208,451,-243
104900043,10,161,-151
104900044,594,301,293
104900045,553,62,491
104900046,259,216,43
104900047,382,213,169
104900048,303,128,175
104900049,44,42,2
104900050,402,153,249
104900051,358,67,291
104900052,81,1,80
104900053,536,152,384
104900054,229,111,118
104900055,153,2,151
104900056,362,23,339
104900057,107,3,104
104900058,1510,379,1131
104900059,144,82,62
104900060,1,668,-667
104900061,378,868,-490
104900063,0,142,-142
104900064,1,111,-110
104900065,0,233,-233
104900066,4,322,-318
104900067,0,509,-509
104900068,26,344,-318
104900070,237,363,-126
104900071,3,902,-899
104900072,110,403,-293
104900073,69,338,-269
104900074,97,356,-259
104900075,55,106,-51
104900076,156,463,-307
104900077,1549,324,1225
104900078,231,755,-524
104900079,187,584,-397
104900080,127,638,-511
104900082,24,625,-601
104900085,2,343,-341
104900087,734,14,720
104900089,179,3,176
104900090,1274,832,442
104900091,1198,1091,107
104900093,292,836,-544
104900097,4077,2651,1426
104900098,201,59,142
104900099,80,733,-653
104900100,859,456,403
104900102,59,309,-250
104900103,639,118,521
104900104,4901,2642,2259
104900106,84,222,-138
104900107,132,365,-233
104900108,51,348,-297
104900109,154,449,-295
104900110,14,81,-67
104900111,176,218,-42
104900112,308,1135,-827
104900113,826,643,183
104900114,389,875,-486
104900115,817,673,144
104900116,313,341,-28
104900118,27,94,-67
104900119,12,46,-34
104900120,34,183,-149
104900121,2,132,-130
104900122,8,140,-132
104900123,86,13,73
104900124,40,0,40
104900125,748,8,740
104900126,96,109,-13
104900127,48,115,-67
104900128,112,306,-194
104900129,3688,2495,1193
105000001,3075,2406,669
105000002,3276,2555,721
105000003,4895,5173,-278
105000004,864,1717,-853
105000005,1296,1710,-414
105000006,1695,2197,-502
105000007,1652,1959,-307
105000008,2774,3882,-1108
105000009,2839,4399,-1560
105000010,4575,4204,371
105000011,4097,3727,370
105000012,7080,4769,2311
105000013,1320,1618,-298
105000014,2740,3622,-882
105000015,13677,17713,-4036
105000016,5280,3464,1816
105000017,2788,1373,1415
105000018,2181,2371,-190
105000019,3027,1520,1507
105000020,333,632,-299
105000021,569,180,389
105000022,424,126,298
105000023,844,422,422
105000028,113,168,-55
105000029,791,1750,-959
105000030,6625,4725,1900
105000033,1878,3048,-1170
105000034,289,1235,-946
105000037,1138,664,474
105000038,3274,2658,616
105000039,4490,3087,1403
105000040,1452,1575,-123
105000041,1128,2335,-1207
105000042,7630,2211,5419
105000043,3398,3717,-319
105000044,865,739,126
105000045,580,1495,-915
105000046,1278,602,676
105000047,784,2176,-1392
105000048,854,351,503
105000049,397,997,-600
105000050,796,577,219
105000051,250,674,-424
105000052,840,1431,-591
105000053,295,218,77
105000054,552,1481,-929
105000055,1490,591,899
105000056,2276,4085,-1809
105000057,1887,1371,516
105000058,2095,2004,91
105000059,1089,1056,33
105000060,668,993,-325
105000061,789,838,-49
105000062,1113,1320,-207
105000063,504,803,-299
105000064,1493,1270,223
105000065,546,1058,-512
105000066,1617,2701,-1084
105000067,1627,1041,586
105000068,1089,1372,-283
105000069,3648,2163,1485
105000070,1268,1210,58
105000071,442,1054,-612
105000072,761,2224,-1463
105000073,1075,871,204
105000074,1698,1227,471
105000075,960,1054,-94
105000076,1821,1395,426
105000077,4061,1265,2796
105000078,2197,1872,325
105000079,2519,3329,-810
105000080,2849,2002,847
105000081,4053,1526,2527
105000082,1786,1577,209
105000083,5022,3017,2005
105000084,1318,1513,-195
105000085,2424,1965,459
105000086,718,1491,-773
105000087,3058,3139,-81
105000088,2601,2337,264
105000089,5696,3560,2136
105000090,1473,1276,197
105000091,2664,2415,249
105000092,1443,1517,-74
105000093,682,400,282
105000094,417,369,48
105000095,157,724,-567
105000096,2077,1324,753
105000097,1915,926,989
105000098,1660,993,667
105000099,1810,1108,702
105000100,1862,1680,182
105000101,3189,3319,-130
105000102,5801,2200,3601
105000103,3694,3612,82
105000104,3125,1415,1710
105000105,2086,3261,-1175
105000106,2403,3217,-814
105000107,1641,1779,-138
105000108,1921,2960,-1039
105000109,2019,3023,-1004
105000110,835,1150,-315
105000111,787,1040,-253
105000112,1477,1357,120
105000113,518,906,-388
105000114,4863,1707,3156
105000115,348,1381,-1033
105000116,957,766,191
105000117,1012,1639,-627
105000118,746,839,-93
105000119,1012,1967,-955
105000120,1466,1122,344
105000121,1223,1990,-767
105000122,551,970,-419
105000123,1762,2074,-312
105000124,2301,1390,911
105000125,1103,2864,-1761
105000126,2655,2885,-230
105000127,3334,3245,89
105000128,1247,1955,-708
105000129,1191,550,641
105000130,423,2538,-2115
105000131,1183,638,545
105000132,1114,679,435
105000133,617,1552,-935
105000134,892,692,200
105000135,511,1014,-503
105000136,112,209,-97
105000137,371,565,-194
105000138,69,162,-93
105000139,1504,1538,-34
105000140,252,731,-479
105000141,348,941,-593
105000142,205,675,-470
105000143,363,1060,-697
105000144,386,1203,-817
105000145,755,606,149
105000146,712,1285,-573
105000147,753,530,223
105000148,1744,785,959
105000149,3022,2979,43
105000150,2918,2617,301
105000151,816,569,247
105000152,193,882,-689
105000153,789,1034,-245
105000154,871,1010,-139
105000155,610,1444,-834
105000156,1556,1141,415
105000157,1435,2778,-1343
105000158,2731,1249,1482
105000159,345,1646,-1301
105000160,2184,921,1263
105000161,904,1862,-958
105000162,867,2507,-1640
105000163,2053,1455,598
105000164,329,498,-169
105000165,1995,6881,-4886
105000166,9593,1224,8369
105000167,3929,2020,1909
105000168,518,1099,-581
105000169,573,779,-206
105000170,286,2034,-1748
105000171,1876,517,1359
105000172,207,73,134
105000173,184,101,83
105000174,103,86,17
105000175,109,234,-125
105000176,432,219,213
105000177,353,239,114
105000178,161,886,-725
105000179,602,379,223
105000180,256,184,72
105000181,100,646,-546
105000182,116,83,33
105000183,4089,2515,1574
105000184,2266,1915,351
105000185,3195,1117,2078
105000186,1020,1345,-325
105000187,1460,311,1149
105000188,801,236,565
105000189,550,735,-185
105000190,453,808,-355
105000191,546,485,61
105000192,531,100,431
105000193,168,241,-73
105000194,289,139,150
105000195,465,1269,-804
105000196,55,235,-180
105000197,385,895,-510
105000198,818,575,243
105000199,400,713,-313
105000200,298,302,-4
105000201,249,58,191
105000203,9,285,-276
105000204,111,171,-60
105000205,141,300,-159
105000207,1331,400,931
105000208,464,815,-351
105000209,333,405,-72
105000212,1484,2176,-692
105000213,302,386,-84
105000214,262,489,-227
105000215,309,353,-44
105000216,208,648,-440
105000217,200,534,-334
105000218,1442,1577,-135
105000221,198,331,-133
105000222,825,93,732
105000223,447,232,215
105000226,81,458,-377
105000227,98,293,-195
105000228,417,2099,-1682
105000229,200,582,-382
105000231,286,433,-147
105000233,1090,1114,-24
105000234,923,1780,-857
105000235,514,991,-477
105000237,959,169,790
105000243,35,363,-328
105000248,169,117,52
105000262,402,2095,-1693
105000269,184,327,-143
105000270,500,118,382
105000271,0,400,-400
105000282,144,95,49
105000287,541,184,357
105000288,765,697,68
105000289,3712,2445,1267
105000290,35,9,26
105000402,5864,5053,811
105000426,792,701,91
105000438,4403,1683,2720
105000446,20756,8446,12310
105000447,11706,4731,6975
105000454,444,632,-188
105000455,481,359,122
105000474,31,8,23
105000477,453,612,-159
105000478,2614,4981,-2367
105000479,241,211,30
105000480,8380,5774,2606
105000481,4994,4071,923
105000482,8654,7983,671
105000483,1844,2382,-538
105000484,3757,4373,-616
105000485,2451,3365,-914
105000486,7847,4252,3595
105000488,10858,7239,3619
105000489,1121,1353,-232
105000549,172,226,-54
105000550,797,2152,-1355
105000551,29,160,-131
105000552,4591,2761,1830
105900001,19,2277,-2258
105900002,2222,946,1276
105900003,14,178,-164
105900004,759,170,589
105900005,19,540,-521
105900006,13,114,-101
105900007,288,43,245
105900008,103,798,-695
105900009,63,9,54
105900011,909,66,843
105900012,1221,273,948
105900013,7,65,-58
105900014,16,90,-74
105900015,368,526,-158
105900016,836,887,-51
105900017,1728,75,1653
105900018,204,342,-138
105900019,140,1225,-1085
105900020,53,113,-60
105900021,81,680,-599
105900022,430,435,-5
105900023,5,198,-193
105900024,49,312,-263
105900025,281,67,214
105900026,455,31,424
105900027,12710,16508,-3798
105900028,878,396,482
105900029,2584,603,1981
105900030,426,380,46
105900031,534,245,289
105900032,117,228,-111
105900033,171,175,-4
105900034,327,330,-3
105900035,389,263,126
105900036,70,195,-125
105900037,81,91,-10
105900038,182,360,-178
105900039,138,155,-17
105900040,91,125,-34
105900041,188,431,-243
105900042,95,199,-104
105900043,2628,90,2538
105900044,11,424,-413
105900045,12,1348,-1336
105900046,8,313,-305
105900047,20,50,-30
105900048,139,1065,-926
105900050,13912,4031,9881
105900051,24,1907,-1883
105900052,780,530,250
105900053,6149,3771,2378
105900054,563,431,132
105900056,1114,588,526
105900057,67,231,-164
105900058,10,27,-17
105900059,1,45,-44
106000001,5983,3208,2775
106000002,3750,7390,-3640
106000003,4563,4970,-407
106000004,2692,3937,-1245
106000005,3793,8306,-4513
106000006,8409,6979,1430
106000007,689,852,-163
106000008,599,581,18
106000009,663,573,90
106000010,725,911,-186
106000011,1205,1662,-457
106000012,1104,2162,-1058
106000013,2252,2986,-734
106000014,2556,2617,-61
106000015,1653,1857,-204
106000016,1657,3412,-1755
106000017,786,854,-68
106000018,830,837,-7
106000019,409,656,-247
106000020,390,685,-295
106000021,277,676,-399
106000022,471,384,87
106000023,744,447,297
106000024,845,897,-52
106000025,113,313,-200
106000026,212,352,-140
106000027,1514,2075,-561
106000028,732,786,-54
106000029,1383,1702,-319
106000030,1111,526,585
106000034,385,898,-513
106000035,1283,2265,-982
106000036,341,606,-265
106000037,2947,2303,644
106000038,672,168,504
106000039,250,130,120
106000040,226,1272,-1046
106000041,1098,701,397
106000043,771,234,537
106000046,573,97,476
106000047,59,675,-616
106000049,1050,268,782
106000050,627,1369,-742
106000051,734,619,115
106000052,120,944,-824
106000053,369,184,185
106000054,496,740,-244
106000055,1239,1704,-465
106000056,300,628,-328
106000057,285,422,-137
106000058,221,288,-67
106000059,355,366,-11
106000060,522,764,-242
106000061,234,723,-489
106000062,203,848,-645
106000063,802,736,66
106000064,72,554,-482
106000065,513,380,133
106000066,154,571,-417
106000067,664,143,521
106000068,67,897,-830
106000069,302,111,191
106000070,574,1126,-552
106000071,1289,516,773
106000072,5322,2236,3086
106000073,2634,3846,-1212
106000074,695,957,-262
106000075,432,1930,-1498
106000076,2225,3109,-884
106000077,4925,1998,2927
106000078,1183,1286,-103
106000079,776,1498,-722
106000080,1756,917,839
106000081,893,1745,-852
106000082,3128,1203,1925
106000083,426,2225,-1799
106000084,1369,959,410
106000085,2126,2299,-173
106000086,893,1195,-302
106000087,995,692,303
106000088,463,1111,-648
106000089,1252,664,588
106000090,358,918,-560
106000091,343,839,-496
106000092,1007,412,595
106000093,375,207,168
106000094,135,434,-299
106000095,835,1316,-481
106000096,1039,930,109
106000097,1193,1520,-327
106000098,946,1581,-635
106000099,322,1802,-1480
106000100,2267,407,1860
106000101,3086,769,2317
106000102,570,1881,-1311
106000103,387,962,-575
106000104,1298,625,673
106000105,605,1095,-490
106000106,722,700,22
106000107,148,524,-376
106000108,341,456,-115
106000109,169,397,-228
106000110,205,385,-180
106000111,313,557,-244
106000112,204,645,-441
106000113,1244,788,456
106000114,597,748,-151
106000115,294,729,-435
106000116,272,291,-19
106000117,1437,1089,348
106000118,1613,2026,-413
106000119,2495,1699,796
106000120,1195,1643,-448
106000121,232,229,3
106000122,103,403,-300
106000123,471,242,229
106000124,69,467,-398
106000125,46,464,-418
106000126,342,192,150
106000127,1045,1281,-236
106000128,883,327,556
106000129,535,900,-365
106000130,767,462,305
106000131,152,1070,-918
106000132,867,201,666
106000133,4426,1660,2766
106000134,853,3458,-2605
106000135,297,987,-690
106000136,802,1327,-525
106000137,98,1666,-1568
106000138,1367,124,1243
106000139,62,215,-153
106000140,64,121,-57
106000141,110,149,-39
106000142,91,100,-9
106000143,179,150,29
106000144,46,101,-55
106000145,321,459,-138
106000146,411,271,140
106000147,728,725,3
106000148,970,1263,-293
106000149,701,508,193
106000150,619,2563,-1944
106000151,6078,1216,4862
106000152,2320,2687,-367
106000153,130,2658,-2528
106000154,2337,359,1978
106000155,113,335,-222
106000156,1099,709,390
106000157,1139,2844,-1705
106000158,3957,1475,2482
106000159,5352,2825,2527
106000160,517,3573,-3056
106000161,2135,631,1504
106000162,283,1221,-938
106000163,412,711,-299
106000164,476,499,-23
106000165,305,871,-566
106000166,991,441,550
106000167,472,1840,-1368
106000168,582,404,178
106000169,263,921,-658
106000170,1042,349,693
106000171,276,1739,-1463
106000172,3889,1738,2151
106000173,1487,3931,-2444
106000174,1352,581,771
106000175,361,1544,-1183
106000176,2129,1093,1036
106000177,1228,3759,-2531
106000178,4379,2534,1845
106000179,1487,3621,-2134
106000180,1234,2250,-1016
106000181,957,2604,-1647
106000182,1268,1225,43
106000183,1483,1271,212
106000184,3142,1211,1931
106000185,2309,1791,518
106000186,1293,292,1001
106000187,354,1511,-1157
106000188,1,5,-4
106000189,22,90,-68
106000190,20,2,18
106000191,799,357,442
106000192,16,62,-46
106000193,571,287,284
106000194,294,630,-336
106000195,1107,296,811
106000196,346,766,-420
106000197,707,483,224
106000198,256,498,-242
106000199,1602,1533,69
106000200,627,367,260
106000201,747,4009,-3262
106000202,7948,1050,6898
106000203,148,261,-113
106000204,131,6,125
106000205,44,197,-153
106000206,149,14,135
106000207,63,1259,-1196
106000208,1488,238,1250
106000209,1664,548,1116
106000210,479,1705,-1226
106000211,617,1860,-1243
106000212,968,422,546
106000213,1183,2330,-1147
106000214,3999,866,3133
106000215,469,646,-177
106000216,478,566,-88
106000217,346,722,-376
106000218,508,552,-44
106000219,146,408,-262
106000220,650,461,189
106000221,173,542,-369
106000222,88,161,-73
106000223,240,163,77
106000224,248,382,-134
106000225,123,160,-37
106000226,247,426,-179
106000228,60,168,-108
106000229,122,964,-842
106000231,1055,229,826
106000232,110,501,-391
106000233,934,145,789
106000234,223,270,-47
106000235,1166,127,1039
106000236,468,103,365
106000237,3,18,-15
106000238,65,19,46
106000239,8,194,-186
106000240,51,10,41
106000241,24,1068,-1044
106000242,431,32,399
106000249,69,142,-73
106000250,98,847,-749
106000251,109,36,73
106000252,29,143,-114
106000253,72,92,-20
106000254,63,110,-47
106000255,31,199,-168
106000256,69,126,-57
106000257,166,379,-213
106000258,670,26,644
106000259,13,80,-67
106000260,38,7,31
106000261,4,70,-66
106000262,199,9,190
106000263,22,88,-66
106000264,401,13,388
106000265,15,214,-199
106000266,238,32,206
106000267,8,171,-163
106000268,813,68,745
106000269,79,98,-19
106000270,252,777,-525
106000271,134,403,-269
106000272,322,102,220
106000273,20,480,-460
106000274,340,90,250
106000275,185,401,-216
106000276,316,82,234
106000277,184,388,-204
106000278,317,60,257
106000279,38,61,-23
106000280,91,174,-83
106000281,118,96,22
106000282,83,120,-37
106000283,185,104,81
106000284,75,146,-71
106000285,154,166,-12
106000286,95,209,-114
106000287,163,150,13
106000288,139,227,-88
106000289,109,97,12
106000290,52,170,-118
106000291,85,119,-34
106000292,76,177,-101
106000293,182,147,35
106000294,151,190,-39
106000295,54,96,-42
106000296,96,131,-35
106000297,102,328,-226
106000298,198,108,90
106000299,91,228,-137
106000300,48,162,-114
106000301,119,176,-57
106000303,48,116,-68
106000304,40,49,-9
106000305,28,79,-51
106000306,46,98,-52
106000307,67,17,50
106000308,62,179,-117
106000309,17,94,-77
106000310,387,714,-327
106000311,429,269,160
106000312,124,239,-115
106000313,175,360,-185
106000318,234,553,-319
106000319,1305,253,1052
106000320,12,95,-83
106000321,656,129,527
106000322,141,330,-189
106000324,11,174,-163
106000325,2092,1407,685
106000326,1415,2701,-1286
106000327,219,212,7
106000328,43,200,-157
106000329,154,512,-358
106000330,61,129,-68
106000428,68,196,-128
106000429,206,602,-396
106000430,519,1786,-1267
106000431,2673,431,2242
106000432,2485,3998,-1513
106000433,2631,1527,1104
106000434,4153,2059,2094
106000435,2550,3862,-1312
106000436,13,499,-486
106000437,375,45,330
106000438,1007,246,761
106000439,119,636,-517
106000440,447,950,-503
106000441,0,0,0
106000442,205,11,194
106000443,148,529,-381
106000450,2,296,-294
106000451,27,56,-29
106000454,5,244,-239
106000455,10,239,-229
106000456,235,48,187
106000457,27,1520,-1493
106000458,834,201,633
106000459,207,695,-488
106000460,1760,51,1709
106000461,136,2208,-2072
106000462,3,33,-30
106000463,3,25,-22
106000464,9,715,-706
106000465,693,8,685
106000466,8,983,-975
106000467,639,916,-277
106000468,108,288,-180
106000469,268,1,267
106000470,309,2418,-2109
106000471,44,992,-948
106000472,206,13,193
106000473,40,44,-4
106000474,547,794,-247
106000475,373,247,126
106000476,231,207,24
106000477,24,70,-46
106900001,0,11,-11
106900002,3,710,-707
106900003,371,2926,-2555
106900004,1,77,-76
106900006,1,15,-14
106900007,0,20,-20
106900008,455,441,14
106900009,388,613,-225
106900010,305,470,-165
106900012,2914,4335,-1421
106900013,1318,188,1130
106900014,35,10,25
106900015,21,3,18
106900016,394,6,388
106900017,14,0,14
106900018,8,0,8
106900019,61,4,57
106900020,5330,1837,3493
106900021,119,111,8
106900022,886,3,883
106900023,67,316,-249
106900024,1734,61,1673
106900025,74,1183,-1109
106900026,6,868,-862
106900027,903,3,900
107000001,6182,4998,1184
107000002,6008,7856,-1848
107000003,7122,9153,-2031
107000004,8618,8762,-144
107000005,5293,7614,-2321
107000006,6705,8282,-1577
107000007,7698,16077,-8379
107000008,20006,14557,5449
107000009,9300,10715,-1415
107000010,18254,17807,447
107000011,1717,2346,-629
107000012,6542,5702,840
107000013,73,204,-131
107000014,46,388,-342
107000015,765,1191,-426
107000016,963,1261,-298
107000017,15032,3043,11989
107000018,219,2213,-1994
107000020,11038,2241,8797
107000021,2910,987,1923
107000022,4305,2854,1451
107000023,3165,552,2613
107000024,1094,2403,-1309
107000025,298,714,-416
107000026,304,892,-588
107000027,1638,2082,-444
107000028,1954,2456,-502
107000029,4310,4243,67
107000030,4857,5207,-350
107000031,4597,4321,276
107000032,799,1544,-745
107000033,5146,11357,-6211
107000034,7665,3008,4657
107000035,441,444,-3
107000036,598,2101,-1503
107000037,95,1415,-1320
107000038,436,406,30
107000039,963,1170,-207
107000040,241,519,-278
107000041,2535,1125,1410
107000042,1125,2880,-1755
107000043,4464,1448,3016
107000044,956,547,409
107000045,243,408,-165
107000046,1219,639,580
107000047,670,1204,-534
107000048,917,465,452
107000049,766,1180,-414
107000050,1516,810,706
107000051,693,629,64
107000052,1666,1493,173
107000053,659,327,332
107000054,82,444,-362
107000055,178,172,6
107000056,635,1370,-735
107000057,1965,358,1607
107000058,2712,3152,-440
107000059,3221,5453,-2232
107000060,5674,8043,-2369
107000061,8372,6201,2171
107000062,4966,4162,804
107000063,5530,8152,-2622
107000064,6498,3642,2856
107000065,7186,7592,-406
107000066,3669,4818,-1149
107000067,1798,1741,57
107000068,2529,934,1595
107000069,989,816,173
107000070,1289,32,1257
107000071,3529,61,3468
107000072,75,4475,-4400
107000073,993,405,588
107000074,203,1653,-1450
107000075,2179,672,1507
107000076,995,2404,-1409
107000077,4271,1471,2800
107000078,3442,5337,-1895
107000079,3628,1210,2418
107000080,1833,5250,-3417
107000081,2150,899,1251
107000082,780,3129,-2349
107000083,1655,647,1008
107000084,685,3132,-2447
107000085,3793,4763,-970
107000086,5072,5279,-207
107000087,3458,3135,323
107000088,4391,5324,-933
107000089,1815,2688,-873
107000090,1814,1698,116
107000091,1464,1271,193
107000092,1072,1499,-427
107000093,1359,1241,118
107000094,1607,1571,36
107000095,1092,844,248
107000096,921,1563,-642
107000097,1238,270,968
107000098,725,611,114
107000099,814,484,330
107000100,448,443,5
107000101,142,311,-169
107000102,625,502,123
107000103,510,369,141
107000104,289,408,-119
107000105,461,225,236
107000106,348,462,-114
107000107,776,321,455
107000108,319,1041,-722
107000109,1081,274,807
107000110,135,765,-630
107000111,437,100,337
107000112,54,472,-418
107000113,830,179,651
107000114,133,766,-633
107000115,553,218,335
107000116,164,1182,-1018
107000117,147,748,-601
107000118,168,312,-144
107000119,2415,2499,-84
107000120,2041,743,1298
107000121,865,1005,-140
107000122,1433,1393,40
107000123,428,1199,-771
107000124,756,1369,-613
107000125,1010,1069,-59
107000126,1196,1196,0
107000127,58,509,-451
107000129,1430,296,1134
107000130,1285,472,813
107000131,712,523,189
107000132,1173,559,614
107000133,1409,191,1218
107000134,532,7,525
107000135,3,408,-405
107000136,1188,15,1173
107000137,7,625,-618
107000138,604,46,558
107000139,41,626,-585
107000140,2678,224,2454
107000141,229,1192,-963
107000142,643,198,445
107000143,92,1150,-1058
107000144,717,824,-107
107000145,246,801,-555
107000146,294,632,-338
107000147,4309,1400,2909
107000150,1165,5898,-4733
107000151,80,122,-42
107000152,821,1687,-866
107000153,359,606,-247
107000154,325,299,26
107000155,1604,42,1562
107000156,1571,43,1528
107000157,94,2640,-2546
107000158,638,48,590
107000159,60,1618,-1558
107000160,1002,347,655
107000161,121,2345,-2224
107000162,281,1036,-755
107000163,339,3,336
107000164,820,1,819
107000165,988,17,971
107000166,76,1885,-1809
107000167,810,375,435
107000168,1200,727,473
107000169,1116,1253,-137
107000170,2617,1222,1395
107000171,926,3416,-2490
107000172,1304,1801,-497
107000173,988,1885,-897
107000174,1257,8189,-6932
107000175,11639,2894,8745
107000176,1,1,0
107000177,21,3,18
107000178,9,57,-48
107000179,429,3582,-3153
107000180,1499,543,956
107000181,470,1660,-1190
107000182,1811,1374,437
107000183,167,1351,-1184
107000184,1149,1058,91
107000185,761,2205,-1444
107000186,1612,673,939
107000187,1806,2016,-210
107000188,789,908,-119
107000189,537,1582,-1045
107000190,815,1221,-406
107000191,935,1437,-502
107000192,2110,1411,699
107000193,476,685,-209
107000194,1269,1097,172
107000197,1181,448,733
107000198,391,979,-588
107000199,884,1289,-405
107000200,1239,1195,44
107000201,607,361,246
107000202,396,846,-450
107000203,1908,1033,875
107000204,2826,963,1863
107000205,3596,1796,1800
107000206,1799,2053,-254
107000207,1253,1697,-444
107000208,2421,692,1729
107000209,3380,1606,1774
107000210,1225,479,746
107000211,16,41,-25
107000212,15,730,-715
107000213,9,34,-25
107000214,14,325,-311
107000215,906,696,210
107000216,613,703,-90
107000217,196,199,-3
107000219,114,197,-83
107000220,235,370,-135
107000222,357,1232,-875
107000224,722,124,598
107000225,438,810,-372
107000226,558,123,435
107000227,203,496,-293
107000228,168,307,-139
107000229,349,381,-32
107000230,1726,817,909
107000231,2829,1923,906
107000232,168,112,56
107000233,2155,1215,940
107000234,1,61,-60
107000235,97,4,93
107000236,14,1420,-1406
107000237,25,5,20
107000238,23,6,17
107000239,6042,872,5170
107000240,85,1530,-1445
107000241,162,27,135
107000242,677,86,591
107000243,1,79,-78
107000244,16,91,-75
107000246,3,1511,-1508
107000249,8,1460,-1452
107000251,1,396,-395
107000252,6,1686,-1680
107000255,840,198,642
107000257,1,648,-647
107000258,0,184,-184
107000259,7,285,-278
107000260,637,18,619
107000262,11,890,-879
107000263,278,15,263
107000266,4,20,-16
107000267,91,229,-138
107000268,204,248,-44
107000269,1204,74,1130
107000270,1,24,-23
107000271,28,1058,-1030
107000272,48,235,-187
107000273,22,343,-321
107000274,8547,585,7962
107000275,462,1790,-1328
107000280,857,75,782
107000281,68,1426,-1358
107000282,128,1416,-1288
107000290,5,38,-33
107000291,60,60,0
107000292,2,125,-123
107000293,435,3,432
107000294,0,63,-63
107000295,78,7,71
107000296,0,18,-18
107000444,626,17,609
107000496,6,27,-21
107000497,2135,3834,-1699
107000500,561,444,117
107000501,192,254,-62
107000502,370,438,-68
107000505,773,1256,-483
107000506,8,60,-52
107000508,23,948,-925
107000509,341,1582,-1241
107000510,30,36,-6
107000514,75,516,-441
107000515,38,353,-315
107000516,326,446,-120
107000518,1450,1459,-9
107000519,3388,1727,1661
107000520,75,34,41
107900001,39,213,-174
107900002,52,7,45
107900003,435,23,412
107900004,115,2,113
107900005,1668,10,1658
107900006,333,4,329
107900007,397,59,338
107900008,161,53,108
107900009,428,11,417
107900010,27,1,26
107900012,403,28,375
107900013,343,96,247
107900014,62,4,58
107900015,1214,17,1197
107900016,927,143,784
107900017,45,6,39
107900018,73,187,-114
107900019,32,74,-42
107900020,230,19,211
107900021,77,194,-117
107900023,20,6,14
107900024,2,56,-54
107900025,232,419,-187
107900026,92,131,-39
107900027,93,115,-22
107900028,78,99,-21
107900030,207,22,185
107900031,104,269,-165
107900032,57,1,56
107900033,46,14,32
107900034,508,22,486
107900035,931,67,864
107900036,73,30,43
107900037,0,62,-62
107900038,211,343,-132
107900039,71,77,-6
107900040,165,481,-316
107900041,3,2,1
107900043,58,265,-207
107900044,25,13,12
107900045,171,56,115
107900046,218,294,-76
107900047,33,136,-103
107900048,223,8,215
107900049,542,2736,-2194
107900050,135,535,-400
107900051,102,86,16
107900052,37,74,-37
107900053,39,170,-131
107900055,1240,482,758
107900056,291,67,224
107900057,1,0,1
107900058,76,945,-869
107900060,87,48,39
107900061,24,17,7
107900063,118,186,-68
107900064,555,148,407
107900065,208,16,192
107900066,15,13,2
107900067,1,2,-1
107900068,299,417,-118
107900069,40,2109,-2069
107900070,142,86,56
107900071,63,1138,-1075
107900072,127,266,-139
107900073,166,178,-12
107900074,1155,331,824
107900076,186,91,95
107900077,59,2,57
107900078,316,46,270
107900079,13,26,-13
107900080,411,527,-116
107900081,41,203,-162
107900082,50,22,28
107900083,648,251,397
107900084,167,181,-14
107900086,58,205,-147
107900087,938,175,763
107900088,51,22,29
107900089,465,1587,-1122
107900090,1545,4196,-2651
107900091,292,816,-524
107900092,3026,698,2328
107900093,135,104,31
107900095,4785,2988,1797
107900097,75,145,-70
107900098,97,236,-139
107900100,1631,1616,15
107900101,1644,307,1337
107900102,43,4,39
107900103,90,260,-170
107900104,419,12,407
107900105,0,633,-633
107900106,4,1835,-1831
107900107,2512,820,1692
107900108,493,144,349
107900109,1302,14,1288
107900110,55,151,-96
107900111,11,1449,-1438
107900112,102,537,-435
107900113,240,224,16
107900114,178,279,-101
107900115,2,33,-31
107900116,152,264,-112
107900117,713,740,-27
107900118,118,237,-119
107900119,123,402,-279
107900120,33,38,-5
107900121,7,309,-302
107900122,4,127,-123
107900123,4,48,-44
107900124,38,40,-2
107900125,46,272,-226
107900126,9,50,-41
107900127,850,440,410
107900128,143,119,24
107900129,56,65,-9
107900130,82,66,16
107900131,1112,337,775
107900132,175,691,-516
107900133,5,126,-121
107900134,49,69,-20
107900135,6,300,-294
107900136,79,69,10
107900137,283,174,109
107900138,55,100,-45
107900139,60,96,-36
107900140,140,84,56
107900141,99,75,24
107900142,167,1472,-1305
107900143,113,56,57
107900144,2,235,-233
107900145,24,152,-128
107900146,55,213,-158
107900147,93,31,62
107900148,260,201,59
107900149,1790,373,1417
107900150,120,1142,-1022
107900151,39,182,-143
107900152,30,373,-343
107900153,194,491,-297
107900154,82,49,33
107900155,92,81,11
107900156,6,419,-413
107900157,47,64,-17
107900158,902,43,859
107900159,66,1491,-1425
107900160,124,187,-63
107900161,20,245,-225
107900162,2,302,-300
107900163,201,185,16
107900164,13,46,-33
107900165,33,159,-126
107900166,28,283,-255
107900167,59,64,-5
107900168,40,53,-13
107900169,3,249,-246
107900171,26,2242,-2216
107900172,11,474,-463
107900173,16,215,-199
107900174,166,9,157
107900175,60,46,14
107900176,42,61,-19
107900177,10,394,-384
107900178,0,315,-315
107900179,63,191,-128
107900180,1261,607,654
107900181,550,360,190
107900182,8,2074,-2066
107900183,38,432,-394
107900184,165,374,-209
107900185,135,9,126
107900186,16,70,-54
107900187,0,195,-195
107900188,1060,222,838
107900189,14,163,-149
107900190,122,153,-31
107900191,90,219,-129
107900193,20,88,-68
107900194,334,18,316
107900195,4652,716,3936
107900196,80,146,-66
107900197,1506,474,1032
107900199,6,1249,-1243
107900201,85,170,-85
107900203,71,124,-53
107900204,269,350,-81
107900205,265,594,-329
107900206,1318,234,1084
107900207,2,835,-833
107900208,11,901,-890
107900209,445,226,219
107900210,99,181,-82
107900213,1325,1021,304
107900214,28,186,-158
107900215,202,374,-172
107900216,211,149,62
107900217,110,127,-17
107900218,37,3163,-3126
107900219,39,176,-137
107900220,312,368,-56
107900221,289,287,2
107900223,124,843,-719
107900224,179,424,-245
107900225,38,1195,-1157
107900226,132,250,-118
107900227,191,652,-461
107900228,33,197,-164
107900229,8,403,-395
107900230,20,178,-158
107900231,29,343,-314
107900232,80,284,-204
107900233,9,230,-221
107900234,109,269,-160
107900235,41,177,-136
107900236,132,141,-9
107900237,101,644,-543
107900238,43,184,-141
107900239,1418,635,783
107900240,53,174,-121
107900241,18,145,-127
107900242,42,386,-344
107900243,8,86,-78
107900244,384,6,378
107900245,588,63,525
107900246,513,31,482
107900248,381,656,-275
107900249,848,37,811
107900250,0,854,-854
107900251,70,1680,-1610
107900252,1119,26,1093
107900253,217,4,213
107900254,93,798,-705
107900255,436,95,341
107900256,3316,2248,1068
107900257,276,189,87
107900258,136,439,-303
107900259,140,2412,-2272
107900261,23,1024,-1001
107900262,80,192,-112
107900264,505,16,489
107900265,234,267,-33
107900267,201,22,179
107900268,58,9,49
107900269,2,5,-3
107900270,0,0,0
107900271,5,22,-17
107900272,183,16,167
107900273,67,154,-87
107900274,86,0,86
107900275,21,1,20
107900276,1,106,-105
107900277,2,337,-335
107900278,337,548,-211
107900279,181,226,-45
107900280,2595,3635,-1040
107900281,3662,3350,312
107900282,89,571,-482
107900283,2136,829,1307
107900284,1065,1122,-57
107900285,120,148,-28
107900286,193,135,58
107900287,177,309,-132
107900290,0,116,-116
107900291,544,15,529
107900292,187,396,-209
107900293,75,682,-607
107900295,111,126,-15
107900297,4,493,-489
107900298,1354,1296,58
107900299,4600,3425,1175
107900300,86,344,-258
107900301,1224,766,458
107900302,97,37,60
107900303,285,540,-255
107900304,294,756,-462
107900305,471,29,442
107900306,14,31,-17
107900307,72,269,-197
107900308,184,105,79
107900309,258,1,257
107900310,738,11,727
107900311,12,329,-317
107900312,139,5,134
107900313,3,208,-205
107900314,2,77,-75
107900315,1,80,-79
107900316,123,7,116
107900317,291,25,266
107900318,18,272,-254
107900319,12,399,-387
107900320,2,252,-250
107900321,161,8,153
107900322,0,198,-198
107900323,10,254,-244
107900324,212,1,211
107900325,113,2,111
107900326,553,479,74
107900327,3,88,-85
107900328,377,2,375
107900329,408,191,217
107900330,9,642,-633
107900331,196,46,150
107900332,269,77,192
107900333,75,13,62
107900334,20,258,-238
107900335,69,86,-17
107900336,68,86,-18
107900337,2017,1165,852
107900338,2,260,-258
107900339,7,43,-36
107900340,0,78,-78
107900341,91,5,86
107900342,188,172,16
107900343,223,4,219
107900344,11,132,-121
107900345,196,38,158
107900346,44,4,40
107900347,34,6,28
107900348,16,1,15
107900349,15,4,11
107900350,46,374,-328
108000001,3344,4825,-1481
108000002,2940,4331,-1391
108000003,4735,3766,969
108000004,19811,24005,-4194
108000005,11316,7257,4059
108000006,12380,11615,765
108000007,6442,5473,969
108000008,6662,9778,-3116
108000009,4921,5899,-978
108000010,5555,7498,-1943
108000011,15270,15034,236
108000012,26319,25474,845
108000014,1372,988,384
108000015,808,429,379
108000016,384,892,-508
108000017,1219,563,656
108000018,2185,878,1307
108000019,4435,1198,3237
108000020,1966,728,1238
108000021,564,2582,-2018
108000022,683,1969,-1286
108000023,1386,303,1083
108000024,323,826,-503
108000025,398,383,15
108000026,651,687,-36
108000027,818,621,197
108000028,647,358,289
108000029,639,704,-65
108000030,1258,420,838
108000031,494,906,-412
108000032,1532,808,724
108000033,899,1714,-815
108000034,2036,675,1361
108000035,1231,3630,-2399
108000036,447,1662,-1215
108000037,1830,661,1169
108000038,2945,717,2228
108000039,788,3245,-2457
108000040,2040,1289,751
108000041,986,3635,-2649
108000042,386,363,23
108000043,246,606,-360
108000044,1388,275,1113
108000045,395,2133,-1738
108000046,1722,393,1329
108000047,597,1681,-1084
108000048,348,729,-381
108000049,1311,443,868
108000050,142,711,-569
108000051,331,204,127
108000052,383,1021,-638
108000053,477,264,213
108000054,707,1644,-937
108000055,1426,588,838
108000056,1361,1717,-356
108000057,890,1386,-496
108000058,2313,4465,-2152
108000059,4498,2897,1601
108000060,204,617,-413
108000061,215,394,-179
108000062,831,784,47
108000063,544,794,-250
108000064,253,403,-150
108000065,834,1003,-169
108000066,2273,1231,1042
108000067,2406,1004,1402
108000068,931,539,392
108000069,313,1698,-1385
108000070,2152,950,1202
108000071,828,2478,-1650
108000072,2046,1532,514
108000073,2159,2945,-786
108000074,655,494,161
108000075,412,1199,-787
108000076,928,771,157
108000077,791,1064,-273
108000078,2521,2088,433
108000079,1216,2533,-1317
108000080,1417,1015,402
108000081,725,2712,-1987
108000082,1439,3077,-1638
108000083,2188,1303,885
108000084,592,1721,-1129
108000085,890,552,338
108000086,1218,1181,37
108000087,177,2258,-2081
108000088,238,22,216
108000089,534,649,-115
108000090,549,225,324
108000091,354,762,-408
108000092,145,163,-18
108000093,237,1117,-880
108000094,753,125,628
108000095,171,732,-561
108000096,322,225,97
108000097,161,830,-669
108000098,1858,2238,-380
108000099,446,153,293
108000100,100,328,-228
108000101,1806,2046,-240
108000102,1955,4428,-2473
108000106,1122,3,1119
108000107,4,1172,-1168
108000108,1005,68,937
108000109,21,1071,-1050
108000110,189,448,-259
108000111,262,1112,-850
108000112,99,174,-75
108000113,685,356,329
108000115,564,475,89
108000117,1047,467,580
108000118,111,313,-202
108000119,932,496,436
108000120,158,1033,-875
108000121,209,730,-521
108000122,849,478,371
108000123,1129,346,783
108000124,439,976,-537
108000125,388,403,-15
108000126,215,696,-481
108000127,557,485,72
108000128,850,811,39
108000129,726,1774,-1048
108000130,772,383,389
108000131,988,670,318
108000132,2909,2365,544
108000133,987,752,235
108000134,701,867,-166
108000135,1360,626,734
108000136,849,1462,-613
108000137,549,604,-55
108000138,441,1442,-1001
108000139,587,506,81
108000140,171,53,118
108000141,56,182,-126
108000142,62,171,-109
108000143,30,51,-21
108000144,64,24,40
108000145,44,36,8
108000146,70,36,34
108000147,172,59,113
108000148,152,34,118
108000149,40,29,11
108000150,45,9,36
108000151,79,20,59
108000152,128,818,-690
108000153,503,194,309
108000154,110,25,85
108000155,97,32,65
108000156,437,202,235
108000157,299,1150,-851
108000158,110,919,-809
108000159,762,189,573
108000160,5331,1543,3788
108000161,5160,3165,1995
108000165,10,257,-247
108000172,10,352,-342
108000173,3107,2783,324
108000175,252,163,89
108000178,620,507,113
108000179,292,934,-642
108000181,62,43,19
108000182,144,21,123
108000183,106,41,65
108000184,1462,2723,-1261
108000185,309,788,-479
108000186,251,93,158
108000187,141,993,-852
108000188,631,408,223
108000189,989,1911,-922
108000190,47,174,-127
108000192,386,856,-470
108000193,1394,85,1309
108000194,27,18,9
108000195,1,1650,-1649
108000196,402,242,160
108000198,597,528,69
108000199,0,238,-238
108000200,572,888,-316
108000202,2,320,-318
108000203,167,1102,-935
108000204,162,75,87
108000205,462,772,-310
108000339,2274,580,1694
108000364,217,477,-260
108000365,134,416,-282
108000367,220,711,-491
108000368,16,106,-90
108000369,2010,279,1731
108000371,4,807,-803
108000372,626,6,620
108000373,288,264,24
108000376,109,56,53
108000377,467,430,37
108000378,11329,13318,-1989
108000379,49,309,-260
108000381,72,19,53
108000382,93,0,93
108000383,0,114,-114
108900001,175,1477,-1302
108900002,274,73,201
108900003,431,1160,-729
108900004,153,509,-356
108900005,84,548,-464
108900006,1016,209,807
108900007,270,308,-38
108900008,132,219,-87
108900009,87,149,-62
108900010,234,229,5
108900011,491,546,-55
108900012,400,575,-175
108900013,127,325,-198
108900014,8,123,-115
108900015,1,71,-70
108900016,5,312,-307
108900017,401,386,15
108900018,145,663,-518
108900019,126,1332,-1206
108900020,44,326,-282
108900021,109,356,-247
108900022,33,377,-344
108900023,359,53,306
108900024,36,197,-161
108900025,94,221,-127
108900026,30,170,-140
108900028,100,508,-408
108900029,92,421,-329
108900031,102,595,-493
108900032,40,332,-292
108900034,2,336,-334
108900035,338,2147,-1809
108900036,237,393,-156
108900037,111,606,-495
108900039,4,630,-626
108900040,14,140,-126
108900041,7447,3614,3833
108900042,18,497,-479
108900043,151,650,-499
108900045,69,791,-722
108900046,20,186,-166
108900047,0,78,-78
108900048,151,1444,-1293
108900049,6315,1698,4617
108900050,0,318,-318
108900051,3,299,-296
108900052,39,412,-373
108900053,149,274,-125
108900054,108,365,-257
108900055,60,651,-591
108900056,2,225,-223
108900057,1,254,-253
108900058,41,555,-514
108900059,455,40,415
108900060,143,226,-83
108900061,97,46,51
108900062,7,359,-352
108900063,19,533,-514
108900064,214,99,115
108900065,25,341,-316
108900066,294,189,105
108900067,52,253,-201
108900068,0,133,-133
108900069,76,170,-94
108900070,64,183,-119
108900071,87,93,-6
108900072,3481,1079,2402
108900073,6,94,-88
108900074,229,668,-439
108900075,96,76,20
108900076,345,150,195
108900077,214,155,59
108900078,20,277,-257
108900079,1348,335,1013
108900080,53,1219,-1166
108900081,63,431,-368
108900082,61,139,-78
108900083,49,544,-495
108900084,552,206,346
108900085,2996,303,2693
108900086,110,430,-320
108900087,155,342,-187
108900088,1347,557,790
108900089,34,205,-171
108900090,32,454,-422
108900091,136,139,-3
108900092,615,532,83
108900093,164,129,35
108900094,308,133,175
108900095,73,629,-556
108900096,431,48,383
108900097,330,385,-55
108900098,4132,1002,3130
108900099,363,386,-23
108900100,85,163,-78
108900101,252,137,115
108900102,160,1065,-905
108900103,283,150,133
108900104,204,654,-450
108900105,5,1432,-1427
108900106,429,563,-134
108900108,1040,81,959
108900109,515,30,485
108900110,245,741,-496
108900111,577,989,-412
108900112,334,46,288
108900113,50,69,-19
108900114,2,3,-1
108900115,99,114,-15
108900116,87,27,60
108900117,211,25,186
108900119,253,44,209
108900120,470,290,180
108900121,470,165,305
108900122,125,35,90
108900123,168,173,-5
108900124,512,276,236
108900126,89,40,49
108900127,157,49,108
108900128,101,50,51
108900129,783,240,543
108900131,534,10,524
108900132,534,129,405
108900133,323,94,229
108900134,327,365,-38
108900135,127,16,111
108900137,141,1,140
108900138,721,68,653
108900139,824,185,639
108900140,298,388,-90
108900141,401,16,385
108900142,124,12,112
108900143,0,0,0
108900144,132,0,132
108900145,147,12,135
108900146,86,4,82
108900147,233,1,232
108900148,91,56,35
108900149,887,597,290
108900150,289,8,281
108900151,271,5,266
108900152,216,102,114
108900153,168,574,-406
108900154,5990,638,5352
108900155,332,128,204
108900156,120,8,112
108900157,45,762,-717
108900158,633,45,588
108900159,6,420,-414
108900160,14,371,-357
108900161,20,723,-703
108900162,106,0,106
108900163,5,328,-323
108900164,83,123,-40
108900165,222,125,97
108900167,2682,7304,-4622
108900168,11756,3468,8288
108900169,74,184,-110
108900171,12166,3679,8487
108900172,239,67,172
108900173,335,653,-318
108900174,807,837,-30
108900176,174,645,-471
108900177,10291,7806,2485
108900178,6501,3782,2719
108900179,843,1793,-950
108900180,151,386,-235
108900182,123,475,-352
108900183,279,339,-60
108900184,624,362,262
108900185,203,536,-333
108900186,74,574,-500
108900187,394,55,339
108900188,543,91,452
108900189,561,281,280
108900190,64,4679,-4615
108900191,265,39,226
108900192,106,332,-226
108900193,646,92,554
108900194,84,605,-521
108900195,181,496,-315
108900196,42,633,-591
108900198,5,739,-734
108900199,312,502,-190
108900200,1241,535,706
108900201,635,1919,-1284
108900203,545,74,471
108900204,440,25,415
108900205,211,26,185
108900206,602,44,558
108900207,165,70,95
108900208,24,522,-498
108900209,316,889,-573
108900210,288,343,-55
108900211,183,626,-443
108900212,1004,1722,-718
108900215,129,715,-586
108900216,734,206,528
108900217,223,1,222
108900218,214,22,192
108900219,117,9,108
108900220,82,51,31
108900221,66,220,-154
108900222,265,26,239
108900223,12,189,-177
108900224,41,307,-266
108900225,3,300,-297
108900226,341,19,322
108900227,138,291,-153
108900230,283,407,-124
108900231,40,342,-302
108900232,5,897,-892
108900233,611,153,458
108900234,394,204,190
108900235,283,867,-584
108900236,96,484,-388
108900237,113,389,-276
108900240,145,159,-14
108900241,47,53,-6
108900245,6,1652,-1646
108900249,171,61,110
108900250,311,176,135
108900257,326,868,-542
108900258,11,279,-268
108900259,179,112,67
108900260,11,131,-120
108900261,171,175,-4
108900262,237,194,43
108900263,47,299,-252
108900264,574,354,220
108900265,1520,385,1135
108900266,1332,573,759
108900267,3,121,-118
108900268,8,3,5
108900269,81,17,64
108900270,60,18,42
108900271,41,7,34
108900272,217,11,206
108900273,1323,791,532
108900274,70,94,-24
108900275,122,14,108
108900276,4,112,-108
109000001,5222,1746,3476
109000002,2964,2146,818
109000003,3653,735,2918
109000004,771,3468,-2697
109000005,3287,1077,2210
109000006,1021,3081,-2060
109000007,1915,964,951
109000008,759,2818,-2059
109000009,4540,1974,2566
109000010,1919,5494,-3575
109000011,3968,2825,1143
109000012,2753,5339,-2586
109000013,4139,4282,-143
109000014,2596,5053,-2457
109000015,4168,8585,-4417
109000016,11665,5971,5694
109000017,2784,1745,1039
109000018,1440,4679,-3239
109000019,3630,1768,1862
109000020,1527,2782,-1255
109000023,419,48,371
109000024,8,257,-249
109000025,540,647,-107
109000026,1254,462,792
109000027,194,418,-224
109000028,156,199,-43
109000029,237,289,-52
109000030,131,846,-715
109000031,244,295,-51
109000032,195,755,-560
109000033,502,236,266
109000034,67,72,-5
109000035,25,126,-101
109000036,145,580,-435
109000037,279,1477,-1198
109000038,802,568,234
109000039,1267,848,419
109000040,6940,9044,-2104
109000041,6161,2276,3885
109000042,1083,1786,-703
109000044,550,97,453
109000045,179,532,-353
109000046,435,139,296
109000047,129,638,-509
109000048,1187,327,860
109000049,449,874,-425
109000050,547,352,195
109000051,468,446,22
109000052,714,1903,-1189
109000053,301,150,151
109000054,826,975,-149
109000055,390,480,-90
109000056,421,821,-400
109000057,684,569,115
109000058,1537,504,1033
109000059,1224,1607,-383
109000060,716,382,334
109000061,1615,1364,251
109000062,245,494,-249
109000063,306,306,0
109000064,320,276,44
109000065,226,381,-155
109000066,482,193,289
109000067,80,440,-360
109000068,2707,20,2687
109000069,1603,40,1563
109000070,10,1415,-1405
109000071,646,116,530
109000072,133,498,-365
109000073,59,158,-99
109000074,37,297,-260
109000075,93,525,-432
109000076,89,301,-212
109000077,495,387,108
109000078,42,240,-198
109000079,155,288,-133
109000080,109,153,-44
109000081,108,698,-590
109000082,595,325,270
109000083,272,1325,-1053
109000088,225,731,-506
109000089,341,73,268
109000090,267,594,-327
109000091,380,233,147
109000092,467,804,-337
109000093,270,247,23
109000094,538,8,530
109000095,169,721,-552
109000096,722,398,324
109000097,104,217,-113
109000098,75,157,-82
109000099,1142,637,505
109000100,310,892,-582
109000101,1851,1169,682
109000102,441,1337,-896
109000103,506,1034,-528
109000104,1870,880,990
109000105,661,2000,-1339
109000106,2374,1116,1258
109000107,759,3208,-2449
109000108,1855,953,902
109000109,633,2987,-2354
109000110,1593,909,684
109000111,1387,3448,-2061
109000112,569,248,321
109000113,489,300,189
109000114,281,527,-246
109000115,1760,54,1706
109000116,3,375,-372
109000117,191,112,79
109000118,16,476,-460
109000119,1279,448,831
109000120,215,1431,-1216
109000121,465,71,394
109000122,168,1281,-1113
109000123,35,75,-40
109000124,668,684,-16
109000125,1006,532,474
109000126,486,1312,-826
109000127,854,316,538
109000128,706,2805,-2099
109000129,2446,1130,1316
109000130,816,3598,-2782
109000131,935,644,291
109000132,865,3006,-2141
109000133,463,1449,-986
109000134,1159,2053,-894
109000135,2307,2294,13
109000136,402,529,-127
109000137,352,571,-219
109000138,530,569,-39
109000139,537,627,-90
109000140,331,592,-261
109000141,668,661,7
109000142,144,780,-636
109000143,153,104,49
109000145,139,281,-142
109000146,77,196,-119
109000148,5782,2698,3084
109000149,41,55,-14
109000150,116,270,-154
109000155,974,835,139
109000156,2098,1084,1014
109000158,281,472,-191
109000159,294,862,-568
109000160,1381,415,966
109000161,509,2044,-1535
109000162,2561,1276,1285
109000163,1276,2782,-1506
109000164,1455,3586,-2131
109000165,1401,887,514
109000166,824,182,642
109000167,150,1004,-854
109000170,58,72,-14
109000171,67,78,-11
109000172,62,83,-21
109000173,33,104,-71
109000174,168,78,90
109000175,60,147,-87
109000176,433,317,116
109000177,19,207,-188
109000178,392,167,225
109000179,8616,5902,2714
109000180,8494,4719,3775
109000181,18,44,-26
109000182,55,44,11
109000183,45,88,-43
109000184,31,25,6
109000185,46,110,-64
109000188,950,3281,-2331
109000189,4091,1508,2583
109000190,1313,716,597
109000191,493,803,-310
109000192,493,483,10
109000193,319,513,-194
109000194,318,207,111
109000195,172,529,-357
109000196,316,200,116
109000197,179,597,-418
109000198,422,114,308
109000199,161,766,-605
109000206,283,45,238
109000207,156,51,105
109000208,120,97,23
109000209,170,150,20
109000210,205,806,-601
109000211,201,395,-194
109000214,516,731,-215
109000215,223,108,115
109000216,406,292,114
109000217,456,193,263
109000218,667,307,360
109000221,604,1510,-906
109000222,998,327,671
109000223,435,416,19
109000224,54,233,-179
109000225,76,63,13
109000226,40,335,-295
109000227,1159,1777,-618
109000228,15,775,-760
109000231,4,538,-534
109000232,364,595,-231
109000236,396,1159,-763
109000241,2543,2892,-349
109000242,2098,2239,-141
109000293,34,106,-72
109000361,149,460,-311
109000364,299,887,-588
109000396,6,777,-771
109000397,638,9,629
109000399,148,669,-521
109000400,108,380,-272
109000403,226,936,-710
109000406,684,8,676
109000407,416,303,113
109000408,1,900,-899
109000410,1223,356,867
109000411,94,29,65
109900001,126,2,124
109900002,933,21,912
109900003,225,1,224
109900004,1402,252,1150
109900005,30,4,26
109900006,526,405,121
109900007,688,904,-216
109900008,1,54,-53
109900009,208,1101,-893
109900010,720,33,687
109900011,131,60,71
109900012,442,255,187
109900013,539,233,306
109900014,401,80,321
109900015,645,267,378
109900016,119,54,65
109900017,210,291,-81
109900018,285,136,149
109900019,309,107,202
109900020,67,80,-13
109900021,34,31,3
109900022,68,410,-342
109900023,29,14,15
109900024,29,13,16
109900025,15,91,-76
109900026,7,283,-276
109900027,37,54,-17
109900028,2831,1126,1705
109900029,7,639,-632
109900030,63,22,41
109900031,1,230,-229
109900032,17,481,-464
109900033,3,715,-712
109900034,20,6,14
109900035,18,27,-9
109900036,33,106,-73
109900037,36,729,-693
109900038,63,360,-297
109900039,5,0,5
109900040,42,899,-857
109900041,67,564,-497
109900042,160,898,-738
109900044,192,330,-138
109900045,258,156,102
109900046,14,82,-68
109900047,463,479,-16
109900048,12,128,-116
109900049,17,44,-27
109900050,3,345,-342
109900051,2,57,-55
109900052,209,454,-245
109900053,7,659,-652
109900054,714,350,364
109900055,54,360,-306
109900056,44,231,-187
109900057,23,293,-270
109900058,0,124,-124
109900059,696,172,524
109900060,531,205,326
109900061,97,430,-333
109900062,1,401,-400
109900063,21,625,-604
109900064,749,431,318
109900065,101,184,-83
109900066,543,1437,-894
109900067,0,502,-502
109900068,98,5,93
109900069,9,59,-50
109900070,79,516,-437
109900071,6,39,-33
109900072,25,272,-247
109900073,417,853,-436
109900074,9,89,-80
109900075,26,58,-32
109900076,21,301,-280
109900077,39,91,-52
109900078,133,337,-204
109900080,188,489,-301
109900081,73,265,-192
109900082,58,571,-513
109900083,31,127,-96
109900084,78,225,-147
109900085,297,1254,-957
109900086,168,598,-430
109900087,473,622,-149
109900089,757,235,522
109900090,668,1718,-1050
109900091,366,129,237
109900092,4023,55,3968
109900093,993,217,776
109900094,127,173,-46
109900095,241,389,-148
109900096,63,4,59
109900097,104,3,101
109900098,563,123,440
109900099,172,2,170
109900100,79,0,79
109900101,499,22,477
109900102,543,44,499
109900103,40,73,-33
109900104,557,1138,-581
109900105,691,33,658
109900106,866,109,757
109900107,927,153,774
109900108,161,760,-599
109900109,27,237,-210
109900110,119,638,-519
109900111,510,1543,-1033
109900112,494,1024,-530
109900113,972,649,323
109900114,1931,813,1118
109900115,188,141,47
109900117,1271,220,1051
109900118,338,636,-298
109900119,800,464,336
109900120,84,41,43
109900121,586,491,95
109900122,458,10,448
109900123,35,256,-221
109900124,42,875,-833
109900125,1,241,-240
109900126,308,158,150
109900128,330,75,255
109900130,12710,3184,9526
109900131,90,237,-147
109900132,48,238,-190
109900133,98,454,-356
109900134,136,152,-16
109900135,481,106,375
109900136,126,230,-104
109900137,159,479,-320
109900138,446,515,-69
109900140,205,324,-119
109900141,473,380,93
109900142,1438,480,958
109900145,11,512,-501
109900146,745,62,683
109900148,48,123,-75
109900149,105,107,-2
109900150,12,94,-82
109900151,17,81,-64
109900152,0,46,-46
109900153,1,74,-73
109900154,91,2,89
109900155,92,34,58
109900157,96,355,-259
109900158,61,170,-109
109900159,194,51,143
109900160,175,68,107
109900161,271,104,167
109900162,201,166,35
109900163,1011,475,536
109900164,86,306,-220
109900165,1009,16,993
109900166,7,201,-194
109900167,203,751,-548
109900168,324,925,-601
109900169,294,248,46
109900170,415,1040,-625
109900171,242,149,93
109900172,237,333,-96
109900173,5335,2781,2554
109900174,48,207,-159
109900175,94,132,-38
109900176,144,264,-120
109900177,46,344,-298
109900178,20,266,-246
109900179,165,40,125
109900180,13,25,-12
110000001,1154,842,312
110000002,774,1010,-236
110000003,1563,934,629
110000004,780,1017,-237
110000005,846,3123,-2277
110000006,682,700,-18
110000007,201,238,-37
110000008,44,104,-60
110000009,97,50,47
110000010,28,106,-78
110000011,109,109,0
110000012,1028,671,357
110000013,53,949,-896
110000014,812,610,202
110000015,348,1006,-658
110000016,412,2456,-2044
110000017,4546,465,4081
110000018,4532,703,3829
110000019,12,166,-154
110000020,539,235,304
110000021,1878,761,1117
110000022,2034,411,1623
110000023,11,166,-155
110000024,936,679,257
110000025,325,12,313
110000026,12,529,-517
110000027,2139,698,1441
110000028,1091,1076,15
110000029,710,1198,-488
110000030,287,663,-376
110000031,364,796,-432
110000032,837,754,83
110000033,534,166,368
110000034,867,1355,-488
110000035,1885,1033,852
110000036,2024,1394,630
110000037,457,921,-464
110000038,356,1288,-932
110000039,1024,5488,-4464
110000040,528,556,-28
110000041,409,1783,-1374
110000042,167,531,-364
110000043,1190,476,714
110000044,556,368,188
110000045,3848,208,3640
110000046,14,25,-11
110000047,240,52,188
110000048,19,27,-8
110000049,251,12,239
110000050,21,60,-39
110000051,118,10,108
110000052,37,36,1
110000053,239,13,226
110000054,533,439,94
110000055,1521,55,1466
110000056,265,73,192
110000057,573,970,-397
110000058,2059,944,1115
110000059,1148,808,340
110000060,988,1572,-584
110000061,1187,1135,52
110000062,870,1298,-428
110000063,44,142,-98
110000064,151,171,-20
110000065,135,148,-13
110000066,114,69,45
110000067,156,396,-240
110000068,464,500,-36
110000069,365,209,156
110000071,148,219,-71
110000073,10,32,-22
110000075,18,188,-170
110000076,434,751,-317
110000077,737,3192,-2455
110000078,37,90,-53
110000080,377,1015,-638
110000081,57,442,-385
110000082,29,573,-544
110000083,336,855,-519
110000084,1259,1012,247
110000085,3398,2171,1227
110000086,2468,2700,-232
110000087,9,105,-96
110000088,105,335,-230
110000089,407,185,222
110000090,621,628,-7
110000091,2343,609,1734
110000092,44,105,-61
110000093,66,6,60
110000094,687,417,270
110000095,301,969,-668
110000096,3560,2569,991
110000097,1448,1760,-312
110000098,2768,1027,1741
110000099,1196,2323,-1127
110000100,1038,855,183
110000101,20,608,-588
110000102,48,51,-3
110000104,653,161,492
110000105,123,303,-180
110000106,882,447,435
110000107,421,516,-95
110000108,216,57,159
110000109,409,412,-3
110000110,4996,6340,-1344
110000111,11037,4068,6969
110000112,1799,1376,423
110000113,835,2785,-1950
110000114,252,892,-640
110000115,454,473,-19
110000116,53,81,-28
110000117,227,678,-451
110000118,507,342,165
110000119,294,596,-302
110000120,452,262,190
110000121,155,632,-477
110000122,605,940,-335
110000123,614,900,-286
110000124,5,1531,-1526
110000125,1269,14,1255
110000126,408,46,362
110000127,1459,91,1368
110000128,53,2217,-2164
110000129,7,680,-673
110000130,362,299,63
110000131,153,444,-291
110000132,3,1030,-1027
110000133,83,743,-660
110000134,34,522,-488
110000135,222,62,160
110000136,74,473,-399
110000137,709,968,-259
110000138,966,1052,-86
110000139,859,1921,-1062
110000140,1489,739,750
110000143,1009,634,375
110000144,7219,2283,4936
110000145,2352,1277,1075
110000146,3123,1337,1786
110000147,590,1181,-591
110000148,709,454,255
110000151,1395,1024,371
110000152,1361,543,818
110000153,147,73,74
110000154,158,58,100
110000155,2989,4988,-1999
110000156,1136,3282,-2146
110000157,2836,2642,194
110000160,470,470,0
110000161,219,525,-306
110000166,540,253,287
110000167,1032,714,318
110000168,1049,534,515
110000169,955,429,526
110000170,206,122,84
110000171,850,180,670
110000172,207,1121,-914
110000173,1362,1783,-421
110000174,282,1793,-1511
110000175,782,120,662
110000176,291,408,-117
110000177,212,1152,-940
110000178,782,2178,-1396
110000179,1999,515,1484
110000180,179,466,-287
110000181,731,743,-12
110000182,507,331,176
110000183,16189,10420,5769
110000184,946,3775,-2829
110000185,4124,1325,2799
110000186,1136,1920,-784
110000191,904,582,322
110000192,633,11,622
110000193,1296,8,1288
110000194,20,1755,-1735
110000195,477,527,-50
110000196,412,514,-102
110000197,135,301,-166
110000198,265,135,130
110000199,152,210,-58
110000200,2085,844,1241
110000201,1821,1246,575
110000202,1661,701,960
110000203,1020,1159,-139
110000204,8,453,-445
110000205,181,65,116
110000206,1093,2098,-1005
110000207,995,524,471
110000208,659,288,371
110000209,178,1724,-1546
110000210,1103,948,155
110000211,2605,1475,1130
110000212,498,1641,-1143
110000213,229,163,66
110000214,325,200,125
110000215,246,694,-448
110000216,126,733,-607
110000217,355,238,117
110000218,191,613,-422
110000219,404,106,298
110000220,100,497,-397
110000221,406,122,284
110000222,125,261,-136
110000223,6,232,-226
110000224,103,15,88
110000225,342,1018,-676
110000226,326,87,239
110000227,1181,1139,42
110000228,717,400,317
110000229,1,362,-361
110000230,1614,1036,578
110000231,197,334,-137
110000232,405,301,104
110000233,365,500,-135
110000234,2045,1058,987
110000235,1388,1708,-320
110000236,815,1157,-342
110000237,5705,2009,3696
110000238,1497,1951,-454
110000239,2622,1773,849
110000240,1,144,-143
110000242,0,26,-26
110000243,140,230,-90
110000244,235,566,-331
110000245,62,588,-526
110000246,1249,1033,216
110000247,1814,8687,-6873
110000248,3031,2585,446
110000249,91,13,78
110000250,99,336,-237
110000251,390,950,-560
110000252,424,350,74
110000253,1587,966,621
110000254,892,2375,-1483
110000255,375,1694,-1319
110000256,553,380,173
110000257,957,556,401
110000258,11,807,-796
110000259,197,39,158
110000260,26,586,-560
110000263,798,197,601
110000264,423,857,-434
110000265,1692,2849,-1157
110000266,3382,3810,-428
110000267,23,449,-426
110000268,377,722,-345
110000269,7,155,-148
110000270,65,4,61
110000271,2769,400,2369
110000272,1357,1397,-40
110000273,5353,2217,3136
110000274,500,1862,-1362
110000275,4027,860,3167
110000276,460,521,-61
110000277,760,627,133
110000278,640,1108,-468
110000279,998,917,81
110000280,544,554,-10
110000281,62,403,-341
110000282,484,70,414
110000283,87,152,-65
110000284,128,73,55
110000285,5,822,-817
110000286,46,0,46
110000287,159,4,155
110000288,66,161,-95
110000289,626,2475,-1849
110000290,1503,911,592
110000291,8516,1945,6571
110000292,1710,5519,-3809
110000293,873,1016,-143
110000294,1217,1522,-305
110000295,397,1496,-1099
110000296,729,507,222
110000297,3343,555,2788
110000298,240,869,-629
110000299,529,154,375
110000301,726,47,679
110000302,451,1597,-1146
110000303,621,18,603
110000304,119,395,-276
110000305,1606,37,1569
110000306,251,2272,-2021
110000307,1952,17,1935
110000308,933,31,902
110000309,33,1395,-1362
110000310,769,119,650
110000311,29,930,-901
110000312,468,140,328
110000313,4097,5089,-992
110000314,2,591,-589
110000315,5327,3749,1578
110000316,753,1811,-1058
110000317,1110,699,411
110000318,22,127,-105
110000319,38,25,13
110000320,197,72,125
110000321,60,67,-7
110000322,490,685,-195
110000323,927,349,578
110000324,5542,2008,3534
110000325,3999,3897,102
110000327,1017,595,422
110000328,358,621,-263
110000333,1590,956,634
110000334,1303,1981,-678
110000335,1342,719,623
110000336,1235,1493,-258
110000337,2121,893,1228
110000338,525,318,207
110000339,470,324,146
110000340,281,299,-18
110000341,573,623,-50
110000342,885,11,874
110000343,0,27,-27
110000344,445,247,198
110000345,602,221,381
110000346,3815,2493,1322
110000347,1425,1077,348
110000348,67,46,21
110000349,37,25,12
110000350,99,15,84
110000351,1196,1199,-3
110000352,848,2931,-2083
110000353,4004,974,3030
110000354,1993,6628,-4635
110000355,162,146,16
110000356,962,8,954
110000357,584,24,560
110000361,29,106,-77
110000362,71,173,-102
110000363,368,187,181
110000364,396,452,-56
110000365,311,3,308
110000366,0,139,-139
110000367,1046,376,670
110000368,5,108,-103
110000369,74,2,72
110000373,7,402,-395
110000374,417,14,403
110000375,142,1772,-1630
110000376,56,189,-133
110000377,77,964,-887
110000378,46,603,-557
110000379,5067,3002,2065
110000380,68,22,46
110000383,3,1396,-1393
110000384,3245,1145,2100
110000385,4,394,-390
110000387,161,8,153
110000388,33,328,-295
110000389,995,9,986
110000391,887,513,374
110000396,200,204,-4
110000397,158,303,-145
110000398,4,62,-58
110000399,287,0,287
110000587,168,76,92
110000589,203,253,-50
110000640,237,125,112
110000652,29,273,-244
110000653,355,657,-302
110000654,75,102,-27
110000656,2,794,-792
110000674,39,32,7
110000675,41,26,15
110000676,13,94,-81
110000679,559,1511,-952
110000682,180,234,-54
110000683,800,879,-79
110000684,19,89,-70
110000685,25,26,-1
110000686,2,72,-70
110000687,77,4,73
110000688,85,1044,-959
110000689,49,68,-19
110000692,220,404,-184
110000693,394,488,-94
110000694,1,222,-221
110000695,711,913,-202
110000696,170,197,-27
110900001,361,25,336
110900002,589,387,202
110900003,811,1079,-268
110900004,490,296,194
110900005,4964,2764,2200
110900006,16,8,8
110900007,165,25,140
110900008,21,60,-39
110900009,510,98,412
110900010,9,122,-113
110900011,27,136,-109
110900012,16,156,-140
110900013,1152,181,971
110900014,379,14,365
110900015,1014,723,291
110900016,72,231,-159
110900017,438,54,384
110900018,532,78,454
110900019,180,54,126
110900020,134,591,-457
110900021,89,921,-832
110900022,122,389,-267
110900023,152,909,-757
110900024,29,680,-651
110900025,75,119,-44
110900027,28,356,-328
110900028,66,256,-190
110900029,46,567,-521
110900030,60,424,-364
110900031,8,258,-250
110900032,0,129,-129
110900033,66,364,-298
110900035,47,697,-650
110900036,99,42,57
110900037,75,58,17
110900038,1574,276,1298
110900039,3,359,-356
110900040,343,51,292
110900041,21,193,-172
110900042,179,87,92
110900043,7,217,-210
110900044,374,26,348
110900045,51,694,-643
110900046,93,498,-405
110900047,876,421,455
110900049,153,109,44
110900050,38,4,34
110900051,66,284,-218
110900052,5,270,-265
110900053,162,67,95
110900054,55,450,-395
110900055,44,2,42
110900056,61,125,-64
110900057,17,288,-271
110900058,389,395,-6
110900059,675,933,-258
110900060,515,177,338
110900061,20,55,-35
110900062,160,395,-235
110900063,69,270,-201
110900064,23,0,23
110900065,351,124,227
110900066,16,138,-122
110900067,559,1279,-720
110900068,314,346,-32
110900069,18,38,-20
110900070,276,83,193
110900071,436,921,-485
110900073,1,48,-47
110900074,366,119,247
110900075,503,175,328
110900077,987,747,240
110900078,47,120,-73
110900079,2743,1524,1219
110900080,128,95,33
110900081,5,84,-79
110900082,111,225,-114
110900083,181,66,115
110900084,77,188,-111
110900085,108,511,-403
110900086,83,329,-246
110900087,424,140,284
110900088,24,1,23
110900090,54,56,-2
110900091,0,88,-88
110900093,846,139,707
110900095,66,108,-42
110900097,13,30,-17
110900098,40,121,-81
110900099,69,731,-662
110900100,1,40,-39
110900102,82,43,39
110900105,1400,466,934
110900108,19,160,-141
110900111,664,330,334
110900112,965,19,946
110900113,640,77,563
110900115,8,105,-97
110900116,777,2714,-1937
110900118,252,3372,-3120
110900119,6452,563,5889
110900120,15,174,-159
110900121,163,0,163
110900122,442,238,204
110900125,388,517,-129
110900127,903,1513,-610
110900128,324,322,2
110900129,553,899,-346
110900130,1355,588,767
110900131,476,106,370
110900132,397,89,308
110900133,303,349,-46
110900135,181,535,-354
110900136,321,29,292
110900137,198,0,198
110900138,3310,541,2769
110900139,218,110,108
110900140,219,12,207
110900141,18,191,-173
110900142,79,253,-174
110900143,216,121,95
110900144,4,935,-931
110900145,223,46,177
110900146,1157,206,951
110900147,174,480,-306
110900148,6,411,-405
110900149,3,112,-109
110900150,60,40,20
110900151,4,91,-87
110900152,27,427,-400
110900153,111,60,51
111000001,827,374,453
111000002,767,751,16
111000003,1297,1088,209
111000004,862,1435,-573
111000005,1955,1947,8
111000006,1527,2340,-813
111000007,6989,4574,2415
111000008,4255,4938,-683
111000009,427,1262,-835
111000010,1011,361,650
111000011,551,1259,-708
111000012,1052,583,469
111000013,504,1341,-837
111000014,1783,852,931
111000017,161,1105,-944
111000018,305,573,-268
111000020,2240,3527,-1287
111000021,155,197,-42
111000023,111,155,-44
111000025,7942,4803,3139
111000029,96,158,-62
111000030,42,157,-115
111000031,2951,1846,1105
111000032,963,406,557
111000033,428,399,29
111000034,524,258,266
111000037,3564,1881,1683
111000038,5335,4046,1289
111000039,3034,3876,-842
111000040,2347,3791,-1444
111000041,2454,2699,-245
111000042,6249,3927,2322
111000043,2888,4170,-1282
111000044,2068,1418,650
111000045,2588,2968,-380
111000046,2272,2206,66
111000047,3179,5454,-2275
111000049,710,963,-253
111000050,2270,2046,224
111000051,645,1568,-923
111000052,879,2475,-1596
111000053,545,1351,-806
111000054,440,1352,-912
111000055,1586,2867,-1281
111000056,224,866,-642
111000057,133,994,-861
111000058,342,129,213
111000059,818,452,366
111000060,5197,1264,3933
111000061,641,544,97
111000062,861,393,468
111000063,2594,1435,1159
111000064,641,886,-245
111000065,1474,1353,121
111000066,717,641,76
111000067,806,937,-131
111000068,668,1516,-848
111000069,2596,3691,-1095
111000070,2086,1465,621
111000071,240,837,-597
111000072,1050,548,502
111000073,349,1101,-752
111000074,2152,2268,-116
111000075,1479,1135,344
111000076,718,1349,-631
111000077,2047,2308,-261
111000078,3457,1914,1543
111000079,1899,1210,689
111000080,836,1127,-291
111000081,2661,10132,-7471
111000082,848,1006,-158
111000084,1143,1020,123
111000085,1463,2213,-750
111000086,4516,1692,2824
111000087,924,1071,-147
111000088,11350,3000,8350
111000089,1054,1395,-341
111000090,1387,1885,-498
111000091,968,814,154
111000092,1497,1398,99
111000093,1095,1308,-213
111000094,2589,1372,1217
111000095,891,2889,-1998
111000096,3472,9900,-6428
111000097,7027,1847,5180
111000098,913,1671,-758
111000099,849,3006,-2157
111000100,525,2622,-2097
111000101,585,1388,-803
111000102,302,1181,-879
111000104,892,330,562
111000107,151,995,-844
111000109,731,363,368
111000110,2233,1117,1116
111000111,2296,821,1475
111000112,2074,764,1310
111000113,962,1687,-725
111000114,2083,4193,-2110
111000115,9779,1692,8087
111000116,1310,1516,-206
111000117,604,1371,-767
111000118,2206,1635,571
111000119,1316,1986,-670
111000120,568,929,-361
111000121,368,929,-561
111000122,730,1615,-885
111000123,1404,4203,-2799
111000124,763,4162,-3399
111000125,306,2499,-2193
111000126,166,1414,-1248
111000127,1156,262,894
111000128,2184,495,1689
111000129,3806,778,3028
111000130,2375,1038,1337
111000131,1681,966,715
111000132,1443,1001,442
111000133,215,250,-35
111000134,230,181,49
111000135,53,170,-117
111000136,393,540,-147
111000138,24,22,2
111000140,6,13,-7
111000141,539,523,16
111000142,17,146,-129
111000143,2,100,-98
111000144,46,243,-197
111000145,2203,29,2174
111000146,115,23,92
111000147,340,67,273
111000148,819,143,676
111000149,6,94,-88
111000150,22,10,12
111000151,12,42,-30
111000153,786,927,-141
111000154,1044,278,766
111000155,142,300,-158
111000156,500,722,-222
111000157,295,1247,-952
111000158,1448,993,455
111000159,4384,962,3422
111000160,393,473,-80
111000161,16,390,-374
111000162,94,280,-186
111000163,849,1653,-804
111000164,1165,7048,-5883
111000165,1809,1013,796
111000166,3083,715,2368
111000167,181,861,-680
111000168,300,702,-402
111000169,470,903,-433
111000170,804,708,96
111000171,822,1237,-415
111000172,241,720,-479
111000173,519,1383,-864
111000174,201,750,-549
111000175,59,673,-614
111000176,855,190,665
111000177,338,310,28
111000178,1579,356,1223
111000179,268,327,-59
111000180,245,643,-398
111000181,1299,431,868
111000182,240,350,-110
111000183,872,508,364
111000184,552,427,125
111000185,507,727,-220
111000186,728,341,387
111000187,160,354,-194
111000188,262,668,-406
111000189,1569,799,770
111000190,212,590,-378
111000191,216,540,-324
111000192,296,741,-445
111000193,433,438,-5
111000194,51,477,-426
111000195,207,474,-267
111000196,63,351,-288
111000197,431,200,231
111000198,777,196,581
111000199,206,250,-44
111000200,450,396,54
111000201,655,428,227
111000202,229,308,-79
111000203,317,326,-9
111000204,517,916,-399
111000213,245,700,-455
111000214,2196,2254,-58
111000215,1320,1967,-647
111000217,1697,1525,172
111000218,1746,1500,246
111000219,536,330,206
111000220,2992,1961,1031
111000221,1070,166,904
111000224,1,383,-382
111000225,334,112,222
111000226,231,1,230
111000227,64,6,58
111000228,27,521,-494
111000229,64,940,-876
111000230,499,723,-224
111000231,1253,1470,-217
111000232,864,1389,-525
111000233,871,1149,-278
111000234,146,558,-412
111000239,140,248,-108
111000240,35,308,-273
111000241,55,439,-384
111000242,169,97,72
111000243,210,915,-705
111000244,528,157,371
111000245,1677,766,911
111000246,519,671,-152
111000247,377,1433,-1056
111000248,701,620,81
111000249,507,1119,-612
111000250,76,192,-116
111000251,79,194,-115
111000253,24,18,6
111000255,36,13,23
111000257,46,30,16
111000260,98,1624,-1526
111000261,1379,138,1241
111000271,74,448,-374
111000273,8077,2408,5669
111000274,1639,3797,-2158
111000275,170,138,32
111000276,383,2960,-2577
111000277,395,650,-255
111000278,822,403,419
111000291,894,7820,-6926
111000298,669,363,306
111000299,785,175,610
111000300,162,895,-733
111000302,339,162,177
111000303,99,367,-268
111000312,53,122,-69
111000315,0,106,-106
111000320,534,966,-432
111000321,482,146,336
111000322,432,611,-179
111000323,235,35,200
111000324,486,426,60
111000325,41,109,-68
111000326,261,459,-198
111000327,460,650,-190
111000328,293,770,-477
111000329,0,38,-38
111000330,66,10,56
111000331,27,13,14
111000332,696,2065,-1369
111000334,502,2036,-1534
111000335,1042,392,650
111000337,1257,636,621
111000338,115,234,-119
111000339,709,815,-106
111000340,218,1017,-799
111000341,1331,1036,295
111000342,406,639,-233
111000344,1228,1037,191
111000345,366,101,265
111000346,30,119,-89
111000347,166,20,146
111000350,251,167,84
111000351,151,335,-184
111000352,272,214,58
111000353,207,421,-214
111000354,840,222,618
111000355,538,1060,-522
111000358,208,2072,-1864
111000360,293,1069,-776
111000361,115,559,-444
111000546,937,939,-2
111000547,517,926,-409
111000548,128,442,-314
111000549,402,606,-204
111000550,109,964,-855
111000551,921,292,629
111000552,2772,159,2613
111000907,955,45,910
111000908,19,1,18
111000916,1909,418,1491
111000917,61,683,-622
111000918,247,1343,-1096
111000920,525,24,501
111000921,10,355,-345
111000922,626,549,77
111000924,71,1317,-1246
111000925,2374,2944,-570
111000926,1181,2550,-1369
111000927,3612,6228,-2616
111000928,6296,5071,1225
111000929,2102,1753,349
111000930,1106,3230,-2124
111000931,2519,3333,-814
111000932,5693,3529,2164
111000933,4912,3191,1721
111000934,3045,4657,-1612
111000935,1805,1616,189
111000936,1525,2995,-1470
111000937,1185,2024,-839
111000938,2306,2633,-327
111000939,518,81,437
111000940,482,241,241
111000941,483,734,-251
111000943,383,409,-26
111000944,208,650,-442
111000945,124,2606,-2482
111001109,613,414,199
111001110,294,789,-495
111001111,61,6,55
111001112,233,2,231
111001113,2,238,-236
111001114,2038,102,1936
111001115,26,432,-406
111001116,7635,5837,1798
111001117,919,3349,-2430
111001120,85,495,-410
111001121,185,375,-190
111001122,243,617,-374
111001123,176,99,77
111900001,9,154,-145
111900002,29,1156,-1127
111900003,3,605,-602
111900004,94,255,-161
111900006,6,37,-31
111900007,95,9,86
111900008,281,1,280
111900009,202,346,-144
111900010,437,819,-382
111900012,381,204,177
111900013,49,166,-117
111900014,8136,3913,4223
111900015,1,134,-133
111900016,0,215,-215
111900017,1,228,-227
111900018,211,5,206
111900019,7,154,-147
111900020,12,72,-60
111900021,51,164,-113
111900022,19,103,-84
111900023,178,159,19
111900024,0,144,-144
111900025,0,63,-63
111900026,3,151,-148
111900027,18,292,-274
111900028,2,652,-650
111900029,4,164,-160
111900030,77,548,-471
111900031,59,130,-71
111900032,2,412,-410
111900033,13,133,-120
111900034,436,794,-358
111900035,129,370,-241
111900036,2,403,-401
111900038,455,750,-295
111900039,83,633,-550
111900040,24,856,-832
111900042,52,178,-126
111900043,4,555,-551
111900044,467,350,117
111900046,81,244,-163
111900048,165,750,-585
111900049,51,394,-343
111900050,145,38,107
111900051,2,212,-210
111900052,516,875,-359
111900053,1658,1399,259
111900054,154,2,152
111900055,23,422,-399
111900056,252,322,-70
111900057,140,71,69
111900058,449,934,-485
111900059,3031,726,2305
111900060,345,2,343
111900061,13,215,-202
111900062,48,59,-11
111900063,347,294,53
111900064,100,204,-104
111900065,133,54,79
111900066,139,156,-17
111900067,2,448,-446
111900068,64,47,17
111900069,110,44,66
111900070,121,154,-33
111900071,0,322,-322
111900072,37,21,16
111900073,848,135,713
111900074,22,267,-245
111900075,86,11,75
111900076,180,50,130
111900077,54,1,53
111900078,331,22,309
111900079,33,23,10
111900080,290,296,-6
111900081,869,210,659
111900082,97,17,80
111900083,139,18,121
111900084,133,10,123
111900085,72,142,-70
111900086,18,4,14
111900087,45,2,43
111900088,501,6,495
111900089,100,4,96
111900090,96,59,37
111900091,171,0,171
111900092,129,2,127
111900093,407,2,405
111900094,79,0,79
111900095,200,37,163
111900096,91,0,91
111900097,57,0,57
111900098,164,0,164
111900099,108,1,107
111900100,251,6,245
111900101,122,45,77
111900102,547,893,-346
111900103,135,92,43
111900104,249,78,171
111900105,489,292,197
111900106,2596,155,2441
111900107,127,128,-1
111900108,222,181,41
111900109,871,459,412
111900110,3177,449,2728
111900111,143,247,-104
111900112,978,2801,-1823
111900113,329,62,267
111900114,276,204,72
111900115,18,55,-37
111900118,342,91,251
111900119,401,155,246
111900122,148,132,16
111900123,23,26,-3
111900124,55,172,-117
111900125,559,26,533
111900126,375,5,370
111900127,5,1073,-1068
111900128,6,714,-708
111900129,329,17,312
111900130,351,41,310
111900131,440,8,432
111900132,52,1693,-1641
111900133,35,647,-612
111900134,34,389,-355
111900135,20,48,-28
111900136,101,137,-36
111900137,78,91,-13
111900138,17,158,-141
111900139,19,224,-205
111900140,105,25,80
111900141,42,15,27
111900142,69,35,34
111900143,39,264,-225
111900144,3,156,-153
111900145,2,772,-770
111900146,2,381,-379
111900147,226,672,-446
111900148,30,1077,-1047
111900149,7,451,-444
111900150,15,261,-246
111900151,10,38,-28
111900152,100,99,1
111900153,2246,506,1740
111900154,18,251,-233
111900155,50,100,-50
111900156,53,79,-26
111900157,96,24,72
111900158,666,56,610
111900159,243,10,233
111900160,260,3,257
111900161,144,32,112
111900162,80,239,-159
111900163,58,270,-212
111900164,78,84,-6
111901113,455,296,159
111901114,646,436,210
111901115,106,4,102
111901116,71,4,67
111901117,36,49,-13
111901118,110,556,-446
111901119,1569,168,1401
111901120,181,328,-147
111901121,233,345,-112
111901122,6,757,-751
111901123,199,578,-379
111901124,190,6,184
111901125,382,243,139
111901126,117,91,26
111901127,1056,532,524
111901128,20,165,-145
111901129,13,225,-212
111901130,11,320,-309
111901131,8,287,-279
111901132,121,27,94
111901133,55,11,44
111901134,88,7,81
111901135,26,18,8
111901136,43,47,-4
111901137,0,29,-29
111901138,234,82,152
111901139,37,73,-36
111901140,12,206,-194
111901141,11,290,-279
111901142,9,150,-141
111901143,3,120,-117
111901144,38,45,-7
111901145,189,318,-129
112000001,2177,1200,977
112000002,1020,3429,-2409
112000003,1597,1389,208
112000004,972,1880,-908
112000005,3648,4333,-685
112000006,2813,3134,-321
112000007,3380,2542,838
112000008,3343,5083,-1740
112000009,5267,5095,172
112000010,4019,4445,-426
112000011,3076,3195,-119
112000012,10541,4800,5741
112000013,9219,5404,3815
112000014,5553,1834,3719
112000015,5633,5224,409
112000016,13541,2084,11457
112000017,5616,4215,1401
112000024,3276,1630,1646
112000026,5773,7100,-1327
112000027,1277,842,435
112000028,2455,2209,246
112000029,596,1163,-567
112000030,348,224,124
112000031,2656,6686,-4030
112000032,832,111,721
112000033,4006,2274,1732
112000034,561,138,423
112000035,264,565,-301
112000036,1880,1617,263
112000037,3209,1127,2082
112000038,2390,1583,807
112000039,78,119,-41
112000040,149,328,-179
112000041,767,699,68
112000042,1713,533,1180
112000050,1474,2570,-1096
112000051,1566,1742,-176
112000054,2430,3397,-967
112000057,863,706,157
112000058,760,1130,-370
112000059,1003,1423,-420
112000061,5315,3199,2116
112000062,2397,1334,1063
112000063,1792,2026,-234
112000064,5409,7510,-2101
112000065,3003,3501,-498
112000066,4335,2078,2257
112000067,1091,1006,85
112000068,4164,2837,1327
112000069,1397,2768,-1371
112000070,3270,1282,1988
112000071,1673,3698,-2025
112000072,3043,1439,1604
112000073,2663,3043,-380
112000074,2248,1512,736
112000075,2063,1748,315
112000076,5464,4055,1409
112000077,778,922,-144
112000078,2226,1220,1006
112000079,1876,2046,-170
112000080,1115,1498,-383
112000081,2246,3525,-1279
112000082,1916,1379,537
112000083,810,1814,-1004
112000084,1469,1297,172
112000085,1977,1734,243
112000086,2801,2147,654
112000087,503,601,-98
112000088,688,925,-237
112000089,674,539,135
112000090,533,483,50
112000091,729,1685,-956
112000092,1913,1720,193
112000093,1999,1382,617
112000094,642,1288,-646
112000095,792,1154,-362
112000096,641,956,-315
112000097,1597,946,651
112000098,1426,1888,-462
112000099,987,1986,-999
112000100,2126,1367,759
112000101,656,1513,-857
112000102,1341,774,567
112000103,456,1788,-1332
112000105,858,2495,-1637
112000106,2709,522,2187
112000107,28,426,-398
112000108,623,2369,-1746
112000109,220,134,86
112000110,2280,836,1444
112000111,2442,6842,-4400
112000112,9927,1025,8902
112000113,1985,3634,-1649
112000114,7475,1643,5832
112000115,478,803,-325
112000116,993,1756,-763
112000117,1677,1297,380
112000118,1836,1469,367
112000119,687,1280,-593
112000120,83,561,-478
112000121,112,819,-707
112000122,268,208,60
112000123,613,203,410
112000124,331,100,231
112000125,206,296,-90
112000126,251,878,-627
112000127,4638,3043,1595
112000128,2300,1236,1064
112000129,146,195,-49
112000130,274,97,177
112000131,104,557,-453
112000132,162,380,-218
112000133,557,435,122
112000134,716,595,121
112000135,3612,1242,2370
112000136,3526,2807,719
112000137,7003,5526,1477
112000138,8234,2828,5406
112000139,1166,681,485
112000140,1406,1439,-33
112000141,1030,431,599
112000142,346,1040,-694
112000143,1422,357,1065
112000144,353,1920,-1567
112000145,2692,1002,1690
112000146,735,2891,-2156
112000147,3370,2336,1034
112000148,2197,3369,-1172
112000149,609,1109,-500
112000150,370,1039,-669
112000151,378,769,-391
112000152,479,749,-270
112000153,249,382,-133
112000154,158,437,-279
112000155,192,138,54
112000157,1583,979,604
112000158,367,902,-535
112000159,714,671,43
112000167,588,115,473
112000169,556,550,6
112000173,976,326,650
112000175,1282,637,645
112000176,5049,3386,1663
112000177,889,252,637
112000178,145,704,-559
112000179,349,185,164
112000180,333,597,-264
112000181,1928,2968,-1040
112000182,1198,3032,-1834
112000183,47,72,-25
112000184,456,774,-318
112000185,529,772,-243
112000187,6243,4063,2180
112000195,267,41,226
112000196,444,4,440
112000197,294,174,120
112000198,43,395,-352
112000199,1227,1398,-171
112000202,431,2,429
112000216,80,355,-275
112000230,135,18,117
112000231,3,361,-358
112000256,65,427,-362
112000313,195,310,-115
112000314,91,35,56
112000337,469,919,-450
112000352,729,496,233
112000392,2051,2221,-170
112000398,1516,1317,199
112000399,4051,3184,867
112000400,2630,5139,-2509
112000401,4175,4134,41
112000402,4176,3511,665
112000403,4767,4451,316
112000404,773,1057,-284
112000405,2230,4184,-1954
112000406,4782,4118,664
112000407,7671,11483,-3812
112000408,11388,10394,994
112000409,2292,7364,-5072
112000410,594,318,276
112000411,6515,3031,3484
112000412,2032,892,1140
112000413,13627,7018,6609
112000414,130,114,16
112000415,353,75,278
112000416,2734,1997,737
112000417,328,117,211
112000421,62,206,-144
112000422,493,721,-228
112000424,3959,4208,-249
112000425,703,1240,-537
112000426,167,540,-373
112000427,1,32,-31
112000428,397,565,-168
112000429,3384,4262,-878
112000430,3583,4348,-765
112000431,116,232,-116
112000432,803,2025,-1222
112000433,862,1534,-672
112000437,79,333,-254
112900001,78,3,75
112900002,462,1640,-1178
112900003,56,517,-461
112900004,98,424,-326
112900005,226,289,-63
112900006,10,506,-496
112900007,90,342,-252
112900008,0,59,-59
112900009,490,142,348
112900010,322,1107,-785
112900011,285,384,-99
112900012,0,79,-79
112900013,21,350,-329
112900014,8,484,-476
112900015,497,1175,-678
112900016,12,390,-378
112900017,82,365,-283
112900018,5,422,-417
112900019,101,264,-163
112900020,547,1914,-1367
112900021,8,338,-330
112900022,17,149,-132
112900023,1,300,-299
112900024,49,394,-345
112900025,151,483,-332
112900026,7,351,-344
112900027,8,1819,-1811
112900028,47,188,-141
112900029,9,974,-965
112900030,254,287,-33
112900031,5,803,-798
112900032,276,429,-153
112900034,3,90,-87
112900035,13,648,-635
112900036,98,222,-124
112900037,229,282,-53
112900038,751,300,451
112900039,38,435,-397
112900040,7,659,-652
112900041,1731,1814,-83
112900042,80,540,-460
112900043,197,100,97
112900044,842,827,15
112900045,666,518,148
112900046,307,83,224
112900047,7,41,-34
112900049,408,150,258
112900050,72,803,-731
112900051,414,997,-583
112900052,34,1460,-1426
112900053,567,253,314
112900054,357,72,285
112900055,254,58,196
112900056,538,316,222
112900057,30,906,-876
112900058,390,386,4
112900059,259,208,51
112900060,23,306,-283
112900061,92,230,-138
112900062,94,241,-147
112900063,150,20,130
112900064,348,307,41
112900065,67,47,20
112900066,336,161,175
112900067,780,277,503
112900068,99,55,44
112900069,3155,1629,1526
112900071,44,7,37
112900072,368,3257,-2889
112900073,1053,105,948
112900074,150,315,-165
112900075,2498,1431,1067
112900076,144,41,103
112900078,383,829,-446
112900079,482,31,451
112900080,72,2,70
112900081,48,320,-272
112900082,646,30,616
112900083,174,94,80
112900084,207,168,39
112900085,0,15,-15
112900086,97,3,94
112900087,915,277,638
112900088,151,44,107
112900089,1067,38,1029
112900090,56,40,16
112900091,274,10,264
112900092,334,475,-141
112900093,2660,45,2615
112900094,860,4,856
112900095,37,1,36
112900096,470,313,157
112900097,117,539,-422
112900098,278,9,269
112900099,1002,26,976
112900100,106,3,103
112900101,337,4,333
112900102,1192,18,1174
112900103,230,8,222
112900104,66,2,64
112900105,18,0,18
112900106,629,270,359
112900107,12,2,10
112900108,134,1,133
112900109,124,3,121
112900110,1011,22,989
112900111,831,6,825
112900112,327,7,320
112900113,0,11,-11
112900114,99,137,-38
112900115,1138,4,1134
112900116,184,42,142
112900117,136,139,-3
112900118,60,135,-75
112900119,236,3,233
112900120,1132,428,704
112900121,283,318,-35
112900122,16,190,-174
112900123,324,30,294
112900124,22,228,-206
112900125,139,687,-548
112900126,272,329,-57
112900127,539,98,441
112900128,510,1067,-557
112900129,4,1375,-1371
112900130,358,148,210
112900131,79,333,-254
112900132,163,617,-454
112900133,34,1773,-1739
112900134,2,469,-467
112900135,206,61,145
112900136,0,41,-41
112900137,0,844,-844
112900138,15,578,-563
112900139,364,1716,-1352
112900140,2,74,-72
112900141,1064,62,1002
112900142,92,187,-95
112900143,56,895,-839
112900144,1,284,-283
112900145,43,671,-628
112900146,6,1811,-1805
112900147,6,2727,-2721
112900148,90,0,90
112900149,326,793,-467
112900151,32,100,-68
112900152,5844,1521,4323
112900153,2891,2793,98
112900154,1,169,-168
112900155,283,58,225
112900156,517,2085,-1568
112900157,379,12,367
112900158,68,56,12
112900159,282,143,139
112900160,74,399,-325
112900161,121,48,73
112900162,51,32,19
112900163,183,43,140
112900164,35,324,-289
112900165,365,50,315
112900166,32,102,-70
112900167,7,90,-83
112900168,2,2,0
112900169,11,13,-2
112900170,107,181,-74
112900172,84,10,74
112900173,296,161,135
112900174,370,68,302
112900175,272,223,49
112900176,13,47,-34
112900177,307,72,235
112900178,1103,5480,-4377
112900179,52,713,-661
112900180,4118,2484,1634
112900181,603,13,590
112900182,52,1774,-1722
112900183,255,432,-177
112900184,675,607,68
112900185,681,887,-206
112900186,2477,1444,1033
112900187,150,846,-696
112900188,1197,696,501
112900189,15,46,-31
112900190,47,79,-32
112900192,861,933,-72
112900193,1959,525,1434
112900194,83,183,-100
112900195,1458,74,1384
112900196,269,592,-323
112900197,307,590,-283
112900199,593,865,-272
112900200,730,422,308
112900201,94,108,-14
112900202,426,1508,-1082
112900203,245,469,-224
112900204,1385,761,624
112900205,14,23,-9
112900206,19,81,-62
112900207,18,0,18
112900208,85,375,-290
112900209,632,556,76
112900210,2,23,-21
112900211,151,238,-87
112900212,2,170,-168
112900213,30,7,23
112900214,34,4,30
112900215,16,274,-258
112900216,50,117,-67
112900217,0,78,-78
112900218,130,28,102
112900219,137,48,89
112900220,21,3,18
112900221,49,247,-198
112900222,0,70,-70
112900223,1600,34,1566
112900224,375,878,-503
112900225,571,623,-52
112900226,375,571,-196
112900227,641,1926,-1285
112900228,64,43,21
112900229,241,126,115
112900230,10852,6619,4233
112900232,367,382,-15
112900233,133,271,-138
112900234,13,212,-199
112900235,145,43,102
112900236,232,28,204
112900237,204,381,-177
112900238,8,75,-67
112900239,691,275,416
113000001,7522,9738,-2216
113000002,5155,6234,-1079
113000003,2483,3819,-1336
113000004,3251,4226,-975
113000005,2138,1605,533
113000006,1918,2419,-501
113000007,2907,2030,877
113000008,2801,2779,22
113000009,1339,1418,-79
113000010,1682,2324,-642
113000011,1060,2337,-1277
113000012,2281,1430,851
113000013,2252,1041,1211
113000014,2239,2675,-436
113000015,1349,508,841
113000016,975,1278,-303
113000017,207,501,-294
113000018,908,105,803
113000019,359,394,-35
113000020,552,46,506
113000021,2093,851,1242
113000022,856,1748,-892
113000025,198,547,-349
113000026,703,737,-34
113000027,1351,674,677
113000028,2130,861,1269
113000029,1149,848,301
113000030,467,1009,-542
113000031,366,458,-92
113000032,333,437,-104
113000033,508,577,-69
113000034,519,600,-81
113000035,56,60,-4
113000036,41,73,-32
113000037,100,70,30
113000038,28,111,-83
113000039,132,817,-685
113000040,76,115,-39
113000042,1230,964,266
113000051,1235,3736,-2501
113000052,2711,1792,919
113000053,477,695,-218
113000054,486,1384,-898
113000055,1521,1091,430
113000056,1138,1509,-371
113000058,1027,1239,-212
113000059,1457,974,483
113000060,278,800,-522
113000061,703,1461,-758
113000062,1768,450,1318
113000063,182,248,-66
113000064,59,569,-510
113000065,225,1540,-1315
113000066,849,187,662
113000067,2374,2052,322
113000068,526,2434,-1908
113000069,735,1915,-1180
113000070,2944,1653,1291
113000071,536,1030,-494
113000072,897,692,205
113000073,758,2519,-1761
113000074,1478,809,669
113000075,2573,938,1635
113000076,1270,2820,-1550
113000077,1941,841,1100
113000078,1263,4050,-2787
113000079,2057,1322,735
113000080,1303,838,465
113000081,1555,1291,264
113000082,2646,1249,1397
113000083,838,1293,-455
113000084,2558,1926,632
113000085,1307,1222,85
113000086,1890,1970,-80
113000087,1491,1375,116
113000088,4004,2131,1873
113000089,1421,2446,-1025
113000090,410,910,-500
113000091,873,510,363
113000094,1757,309,1448
113000095,368,1231,-863
113000096,264,1042,-778
113000097,1730,565,1165
113000098,179,38,141
113000099,1582,446,1136
113000100,203,607,-404
113000101,608,836,-228
113000102,779,469,310
113000103,3673,993,2680
113000104,625,3649,-3024
113000105,1175,645,530
113000106,597,998,-401
113000107,979,1119,-140
113000108,1123,2216,-1093
113000109,867,5011,-4144
113000110,2313,752,1561
113000111,168,1002,-834
113000112,456,506,-50
113000113,2574,531,2043
113000114,423,2757,-2334
113000116,1338,432,906
113000117,1405,199,1206
113000118,263,1326,-1063
113000119,701,519,182
113000120,167,429,-262
113000121,1675,1517,158
113000124,364,237,127
113000125,81,1039,-958
113000127,4309,630,3679
113000128,809,954,-145
113000129,816,1632,-816
113000133,4373,3173,1200
113000134,15,1676,-1661
113000135,4691,7112,-2421
113000137,3250,4347,-1097
113000139,622,251,371
113000140,242,457,-215
113000141,857,247,610
113000142,1606,2294,-688
113000143,440,271,169
113000144,466,1110,-644
113000145,81,217,-136
113000146,159,129,30
113000147,256,234,22
113000148,219,189,30
113000149,133,194,-61
113000150,884,564,320
113000151,193,119,74
113000152,43,172,-129
113000153,2237,948,1289
113000154,1012,2161,-1149
113000155,485,842,-357
113000156,242,624,-382
113000157,369,1339,-970
113000158,917,400,517
113000159,1234,903,331
113000160,735,1815,-1080
113000161,333,804,-471
113000162,960,607,353
113000163,226,76,150
113000164,17,148,-131
113000166,211,174,37
113000167,114,209,-95
113000168,93,216,-123
113000169,246,103,143
113000170,155,161,-6
113000171,94,158,-64
113000172,282,105,177
113000173,72,26,46
113000174,143,687,-544
113000175,579,151,428
113000176,604,242,362
113000177,257,680,-423
113000178,320,548,-228
113000179,369,337,32
113000180,1346,1994,-648
113000181,1705,1469,236
113000182,353,763,-410
113000183,281,844,-563
113000184,35,196,-161
113000189,814,1591,-777
113000190,1777,888,889
113000192,2572,2499,73
113000193,7256,1435,5821
113000194,3199,1696,1503
113000195,3863,1174,2689
113000196,291,112,179
113000197,3262,1837,1425
113000198,97,503,-406
113000199,3273,570,2703
113000201,1879,408,1471
113000202,6389,6119,270
113000203,442,324,118
113000204,2721,2601,120
113000205,36,57,-21
113000206,16,42,-26
113000207,94,26,68
113000208,34,79,-45
113000209,37,42,-5
113000210,10,35,-25
113000211,319,260,59
113000212,232,31,201
113000213,79,365,-286
113000214,239,416,-177
113000234,202,1462,-1260
113000410,816,441,375
113000411,5488,7103,-1615
113000412,12054,3677,8377
113000413,5002,4159,843
113000414,12408,24922,-12514
113000415,3865,5235,-1370
113000416,13507,7190,6317
113000417,4366,5444,-1078
113000418,7420,4859,2561
113000419,2618,3131,-513
113000420,5774,8885,-3111
113000421,6370,10179,-3809
113000422,20686,16668,4018
113000423,3443,7426,-3983
113000424,5279,13192,-7913
113000425,20,153,-133
113000428,574,157,417
113000430,70,590,-520
113000432,3411,229,3182
113000433,215,1206,-991
113000434,33,277,-244
113000435,57,1051,-994
113000436,62,1903,-1841
113000437,1174,43,1131
113000438,318,16,302
113000439,13,180,-167
113000440,101,46,55
113000441,204,306,-102
113000442,152,268,-116
113000443,236,342,-106
113000444,214,299,-85
113000445,122,182,-60
113000446,24,112,-88
113000448,244,344,-100
113000449,387,1583,-1196
113000450,1044,7243,-6199
113000451,1476,308,1168
113000452,739,1156,-417
113000453,58,376,-318
113000454,3756,27,3729
113000455,9,287,-278
113000456,6074,4152,1922
113000468,2730,567,2163
113000469,467,255,212
113000470,671,73,598
113000471,18,622,-604
113000472,154,488,-334
113000474,543,865,-322
113000475,2333,2931,-598
113000476,1769,2467,-698
113000477,3679,2886,793
113000478,5876,8228,-2352
113000479,118,363,-245
113000480,157,190,-33
113000482,0,0,0
113000485,24,0,24
113000486,32,0,32
113000487,3,13,-10
113000488,0,0,0
113000489,0,1,-1
113000490,0,22,-22
113000491,22,49,-27
113000492,4,3,1
113000493,7,0,7
113000495,161,175,-14
113000496,88,121,-33
113000497,0,0,0
113000499,0,0,0
113000500,0,3,-3
113900001,3,478,-475
113900002,4,311,-307
113900003,0,240,-240
113900004,1,140,-139
113900005,3,141,-138
113900006,0,73,-73
113900007,482,65,417
113900008,354,2,352
113900009,1105,6,1099
113900010,827,8,819
113900011,130,8,122
113900012,48,5,43
113900013,2625,35,2590
113900014,996,3,993
113900015,1,112,-111
113900016,48,0,48
113900017,5,59,-54
113900018,677,305,372
113900019,204,82,122
113900020,195,0,195
113900022,21,1,20
113900023,74,0,74
113900024,84,103,-19
113900025,438,44,394
113900026,55,0,55
113900027,10,70,-60
113900028,28,585,-557
113900029,55,275,-220
113900030,292,3,289
113900031,6,0,6
113900032,32,1,31
113900033,70,145,-75
113900035,68,2,66
113900036,19,143,-124
113900037,161,695,-534
113900038,40,149,-109
113900039,211,18,193
113900040,1,14,-13
113900041,9,10,-1
113900042,110,88,22
113900043,313,216,97
113900044,407,326,81
113900045,126,4,122
113900046,397,747,-350
113900047,50,125,-75
113900048,333,131,202
113900049,991,579,412
113900050,341,500,-159
113900051,345,624,-279
113900052,228,254,-26
113900053,911,843,68
113900054,33,6,27
113900055,104,582,-478
113900056,79,239,-160
113900057,20,145,-125
113900058,116,256,-140
113900059,306,500,-194
113900060,199,337,-138
113900061,1638,352,1286
113900062,102,19,83
113900063,144,186,-42
113900064,27,211,-184
113900065,917,25,892
113900066,385,556,-171
113900067,450,448,2
113900068,629,684,-55
113900069,64,52,12
113900070,262,682,-420
113900071,102,71,31
113900072,118,312,-194
113900073,304,606,-302
113900074,379,518,-139
113900075,1532,1774,-242
113900076,280,20,260
113900077,72,252,-180
113900078,44,62,-18
113900079,3,89,-86
113900080,611,294,317
113900081,96,382,-286
113900082,158,401,-243
113900083,274,609,-335
113900084,352,139,213
113900085,54,366,-312
113900086,42,19,23
113900087,101,313,-212
113900088,100,118,-18
113900089,496,54,442
113900090,796,557,239
113900091,17,49,-32
113900092,66,135,-69
113900093,115,1014,-899
113900094,517,639,-122
113900095,186,174,12
113900096,377,99,278
113900097,106,135,-29
113900098,706,126,580
113900099,1,118,-117
113900100,1,6,-5
113900101,22,116,-94
113900102,245,199,46
113900103,462,413,49
113900104,179,281,-102
113900105,121,482,-361
113900106,2,119,-117
113900107,0,55,-55
113900108,358,345,13
113900109,524,229,295
113900110,79,18,61
113900111,184,120,64
113900112,209,128,81
113900113,1604,678,926
113900114,3,148,-145
113900115,0,156,-156
113900116,146,235,-89
113900117,248,41,207
113900118,300,599,-299
113900119,357,619,-262
113900120,63,44,19
113900121,74,160,-86
113900122,483,2623,-2140
113900123,674,267,407
113900124,2,124,-122
113900125,1559,211,1348
113900126,170,78,92
113900127,382,952,-570
113900128,135,109,26
113900129,9,172,-163
113900130,15,55,-40
113900131,297,128,169
113900132,102,50,52
113900133,29,67,-38
113900135,352,560,-208
113900136,151,131,20
113900137,478,345,133
113900138,94,247,-153
113900139,593,196,397
113900140,526,442,84
113900141,588,598,-10
113900142,197,115,82
113900143,16,53,-37
113900144,601,358,243
113900145,435,214,221
113900146,209,121,88
113900148,175,406,-231
113900149,211,149,62
113900150,1271,828,443
113900151,465,277,188
113900152,60,73,-13
113900153,524,996,-472
113900154,2,183,-181
113900155,263,244,19
113900156,349,717,-368
113900157,51,412,-361
113900158,1111,696,415
113900159,16,338,-322
113900160,960,987,-27
113900161,316,202,114
113900162,1297,1247,50
113900163,422,373,49
113900164,369,76,293
113900165,1130,656,474
113900166,458,237,221
113900167,294,60,234
113900168,225,171,54
113900169,359,558,-199
113900171,216,100,116
113900172,12,269,-257
113900173,98,809,-711
113900174,607,869,-262
113900175,441,179,262
113900176,490,966,-476
113900177,535,318,217
113900178,600,185,415
113900179,19,714,-695
113900180,236,159,77
113900181,706,149,557
113900182,1031,1395,-364
113900183,107,110,-3
113900184,30,857,-827
113900185,253,117,136
113900186,49,62,-13
113900187,35,187,-152
113900188,50,276,-226
113900189,338,169,169
113900190,375,174,201
113900191,159,375,-216
113900192,10,679,-669
113900193,33,337,-304
113900194,2762,1561,1201
113900195,393,642,-249
113900196,30,236,-206
113900197,91,292,-201
113900198,27,221,-194
113900199,284,1063,-779
113900200,41,403,-362
113900201,2,253,-251
113900202,58,440,-382
113900203,1,137,-136
113900204,78,797,-719
113900205,17,268,-251
113900206,13,183,-170
113900207,2,87,-85
113900208,1,87,-86
113900209,0,146,-146
113900210,968,1251,-283
113900211,272,98,174
113900212,300,732,-432
113900214,613,654,-41
113900215,62,195,-133
113900216,95,1643,-1548
113900217,101,348,-247
113900218,195,106,89
113900219,132,493,-361
113900220,227,130,97
113900221,574,347,227
113900222,326,843,-517
113900223,168,1437,-1269
113900224,131,85,46
113900225,822,406,416
113900226,493,176,317
113900227,515,348,167
113900228,456,645,-189
113900229,88,1103,-1015
113900230,6939,4369,2570
113900231,265,305,-40
113900232,161,162,-1
113900233,93,101,-8
113900234,447,604,-157
113900235,114,54,60
113900236,182,453,-271
113900237,234,21,213
113900238,364,698,-334
113900239,73,118,-45
113900240,12,195,-183
113900241,146,79,67
113900242,54,196,-142
113900243,190,622,-432
113900244,561,334,227
113900245,1738,429,1309
113900246,19,39,-20
113900247,264,598,-334
113900248,4440,2759,1681
113900249,1662,713,949
113900250,92,190,-98
113900251,803,250,553
113900252,740,38,702
113900253,857,85,772
113900254,1125,204,921
113900255,606,39,567
113900256,528,47,481
113900257,37,872,-835
113900258,15,622,-607
113900259,678,226,452
113900260,233,12,221
113900261,17,138,-121
113900262,177,840,-663
113900263,269,970,-701
113900264,3,686,-683
113900265,280,451,-171
113900266,43,307,-264
113900267,178,662,-484
113900268,407,562,-155
113900269,124,255,-131
113900270,473,828,-355
113900271,885,1691,-806
113900273,189,12,177
113900274,119,40,79
113900275,31,91,-60
113900276,5,289,-284
113900277,155,10,145
113900278,431,269,162
113900279,137,156,-19
113900280,1777,671,1106
113900281,882,1873,-991
113900282,1197,856,341
113900283,494,667,-173
113900284,1333,374,959
113900285,221,62,159
113900286,110,176,-66
113900287,57,137,-80
113900288,4,292,-288
113900289,1723,159,1564
113900290,571,267,304
113900291,160,304,-144
113900292,20,14,6
113900293,4,452,-448
113900294,546,42,504
113900295,725,605,120
113900296,2658,534,2124
113900297,2914,80,2834
113900298,18,2253,-2235
113900299,59,249,-190
113900300,7470,4794,2676
113900301,1070,527,543
113900302,3198,1281,1917
113900303,877,762,115
113900304,1,193,-192
113900305,131,0,131
113900306,34,1,33
113900307,225,1,224
113900308,154,184,-30
113900309,4,1371,-1367
113900310,3,31,-28
113900311,10,1,9
113900312,241,221,20
113900313,13,18,-5
114000001,1523,4697,-3174
114000002,288,609,-321
114000003,40,457,-417
114000004,419,571,-152
114000005,354,404,-50
114000006,3652,3675,-23
114000007,1049,2219,-1170
114000008,2223,2711,-488
114000009,949,348,601
114000011,3254,4365,-1111
114000012,2945,3305,-360
114000013,2136,2806,-670
114000014,581,433,148
114000015,2939,659,2280
114000016,283,454,-171
114000017,160,420,-260
114000018,475,95,380
114000026,1903,1985,-82
114000027,3707,3042,665
114000028,3260,3632,-372
114000038,351,256,95
114000039,155,95,60
114000040,121,311,-190
114000042,166,251,-85
114000043,70,265,-195
114000044,212,82,130
114000045,119,128,-9
114000046,5267,7724,-2457
114000047,36,127,-91
114000048,99,60,39
114000049,2261,2364,-103
114000050,2438,3646,-1208
114000051,4357,2562,1795
114000052,7044,2103,4941
114000053,154,775,-621
114000054,240,1416,-1176
114000055,658,33,625
114000056,1709,1143,566
114000057,10406,3155,7251
114000058,877,2125,-1248
114000059,552,447,105
114000060,910,1231,-321
114000061,5180,3690,1490
114000062,3529,2079,1450
114000063,3607,2405,1202
114000064,9617,5484,4133
114000065,2709,3959,-1250
114000066,631,932,-301
114000067,47,800,-753
114000068,579,988,-409
114000069,1423,1070,353
114000070,2866,2113,753
114000071,954,1009,-55
114000072,589,452,137
114000073,47,148,-101
114000074,45,26,19
114000075,50,247,-197
114000076,18,234,-216
114000077,12,82,-70
114000078,423,1494,-1071
114000079,203,46,157
114000080,82,138,-56
114000081,111,102,9
114000082,65,733,-668
114000083,67,387,-320
114000084,448,142,306
114000085,152,954,-802
114000086,315,706,-391
114000087,163,314,-151
114000088,78,99,-21
114000089,1782,662,1120
114000090,1195,1477,-282
114000091,1917,1455,462
114000092,1353,1097,256
114000093,1605,1533,72
114000094,554,596,-42
114000095,496,175,321
114000096,206,627,-421
114000097,151,1054,-903
114000098,654,95,559
114000099,681,985,-304
114000100,1729,1192,537
114000101,548,1361,-813
114000102,601,556,45
114000103,182,588,-406
114000104,103,470,-367
114000105,256,190,66
114000106,1474,1294,180
114000107,488,197,291
114000108,2715,1807,908
114000109,568,1815,-1247
114000110,762,2295,-1533
114000111,1958,1334,624
114000112,723,2521,-1798
114000113,1724,647,1077
114000114,1846,2002,-156
114000115,3515,1324,2191
114000116,1059,981,78
114000117,3324,665,2659
114000118,2641,790,1851
114000119,2131,659,1472
114000120,781,1465,-684
114000121,580,1137,-557
114000122,510,483,27
114000123,2280,687,1593
114000124,1289,558,731
114000125,1317,2110,-793
114000126,6126,457,5669
114000127,349,278,71
114000128,1109,754,355
114000130,599,840,-241
114000131,411,331,80
114000132,852,920,-68
114000133,1222,2106,-884
114000134,95,302,-207
114000138,95,324,-229
114000139,662,290,372
114000144,1062,742,320
114000145,144,314,-170
114000146,179,418,-239
114000147,1854,2160,-306
114000148,2698,2613,85
114000149,499,424,75
114000150,904,1138,-234
114000151,1258,1697,-439
114000152,245,56,189
114000153,998,2923,-1925
114000154,1012,1277,-265
114000155,2338,3534,-1196
114000156,1610,809,801
114000157,393,1398,-1005
114000158,2373,1152,1221
114000159,234,695,-461
114000160,133,447,-314
114000161,1921,3534,-1613
114000162,1324,2776,-1452
114000163,12,232,-220
114000165,703,301,402
114000166,1215,573,642
114000167,5476,2159,3317
114000168,1018,974,44
114000169,2247,1598,649
114000170,1334,1196,138
114000171,1472,2538,-1066
114000174,296,788,-492
114000176,843,648,195
114000177,3304,1251,2053
114000178,94,71,23
114000179,1562,1108,454
114000180,644,1067,-423
114000181,2369,4616,-2247
114000182,8099,3303,4796
114000183,1238,1208,30
114000184,1004,2059,-1055
114000185,1636,1475,161
114000189,1206,160,1046
114000190,2719,334,2385
114000191,49,69,-20
114000192,463,2351,-1888
114000193,1193,4901,-3708
114000194,1622,1729,-107
114000195,175,32,143
114000196,5,480,-475
114000197,1435,42,1393
114000198,1944,588,1356
114000199,3652,2330,1322
114000200,819,2795,-1976
114000201,318,1308,-990
114000202,1935,997,938
114000203,665,1124,-459
114000204,253,713,-460
114000205,355,2337,-1982
114000206,819,2126,-1307
114000207,989,2980,-1991
114000208,599,4516,-3917
114000209,929,3988,-3059
114000210,438,2413,-1975
114000211,1570,3265,-1695
114000212,1099,1242,-143
114000213,1871,881,990
114000214,102,313,-211
114000215,263,129,134
114000216,3221,870,2351
114000217,317,526,-209
114000218,137,388,-251
114000219,1751,425,1326
114000220,29,1471,-1442
114000221,1167,250,917
114000222,212,1628,-1416
114000223,610,182,428
114000224,135,1011,-876
114000225,306,786,-480
114000226,220,300,-80
114000227,1739,812,927
114000228,967,1358,-391
114000229,1300,1804,-504
114000230,2442,1910,532
114000231,1326,1771,-445
114000232,734,188,546
114000233,2515,204,2311
114000234,1547,1506,41
114000235,1315,2270,-955
114000236,0,718,-718
114000237,161,1377,-1216
114000238,485,297,188
114000239,390,1921,-1531
114000240,1201,1169,32
114000241,318,1209,-891
114000242,1309,1222,87
114000243,2776,1206,1570
114000244,2411,634,1777
114000245,473,853,-380
114000246,296,74,222
114000247,2515,1074,1441
114000248,1538,888,650
114000249,634,992,-358
114000250,571,1113,-542
114000251,420,420,0
114000252,105,184,-79
114000253,100,222,-122
114000254,43,156,-113
114000255,1109,357,752
114000256,2481,2426,55
114000257,606,2041,-1435
114000258,690,564,126
114000259,381,317,64
114000260,1,47,-46
114000261,66,54,12
114000262,329,258,71
114000263,31,5,26
114000264,1621,914,707
114000265,0,6,-6
114000267,4,2945,-2941
114000268,21,2357,-2336
114000270,242,8,234
114000271,859,86,773
114000283,1878,737,1141
114000285,79,436,-357
114000288,104,484,-380
114000289,1578,219,1359
114000293,207,724,-517
114000294,242,454,-212
114000395,3141,97,3044
114000396,714,701,13
114000402,580,414,166
114000403,391,628,-237
114000405,167,763,-596
114000423,354,704,-350
114000424,706,307,399
114000425,756,682,74
114000426,401,1411,-1010
114000427,93,134,-41
114000428,326,239,87
114000429,29,281,-252
114000432,94,140,-46
114000434,39,127,-88
114000435,13,306,-293
114000436,6067,1691,4376
114000437,575,3161,-2586
114900001,847,1704,-857
114900002,1730,132,1598
114900003,792,2509,-1717
114900004,618,552,66
114900005,766,1277,-511
114900006,137,99,38
114900007,373,32,341
114900008,228,146,82
114900010,3322,2598,724
114900011,288,278,10
114900013,263,243,20
114900015,96,763,-667
114900018,1110,27,1083
114900020,291,125,166
114900022,22,937,-915
114900024,428,228,200
114900025,559,273,286
114900026,55,189,-134
114900027,346,388,-42
114900029,23,51,-28
114900030,378,343,35
114900031,426,45,381
114900032,518,64,454
114900033,1993,868,1125
114900034,72,359,-287
114900035,174,495,-321
114900036,336,1240,-904
114900037,191,255,-64
114900038,197,1154,-957
114900039,624,837,-213
114900040,109,255,-146
114900041,722,732,-10
114900042,972,1031,-59
114900043,982,454,528
114900044,181,44,137
114900046,55,187,-132
114900047,253,2227,-1974
114900048,159,402,-243
114900049,7,288,-281
114900050,75,642,-567
114900051,43,555,-512
114900052,182,292,-110
114900053,377,347,30
114900054,71,213,-142
114900057,301,12,289
114900058,0,145,-145
114900059,94,61,33
114900060,1859,1235,624
114900061,148,268,-120
114900062,389,543,-154
114900063,74,318,-244
114900064,1572,795,777
114900065,461,965,-504
114900067,89,452,-363
114900068,74,220,-146
114900069,319,228,91
114900070,620,743,-123
114900072,8,469,-461
114900073,1,353,-352
114900074,642,1092,-450
114900075,304,7,297
114900076,10,567,-557
114900080,3226,686,2540
114900082,5525,2375,3150
114900083,1965,1482,483
114900090,443,525,-82
114900091,171,310,-139
114900095,584,173,411
114900096,597,1054,-457
114900097,146,1,145
114900098,5,315,-310
114900099,282,10,272
115000001,9954,7741,2213
115000002,4763,5338,-575
115000003,6370,6015,355
115000004,5173,8077,-2904
115000005,2245,3611,-1366
115000006,1386,2328,-942
115000007,108,267,-159
115000008,574,561,13
115000009,331,312,19
115000010,483,242,241
115000013,104,241,-137
115000015,56,384,-328
115000016,294,356,-62
115000019,41,679,-638
115000020,187,796,-609
115000021,378,659,-281
115000022,752,538,214
115000023,591,763,-172
115000024,1707,664,1043
115000025,1222,950,272
115000026,200,544,-344
115000027,328,388,-60
115000028,300,1309,-1009
115000029,691,210,481
115000030,1162,1554,-392
115000031,1412,634,778
115000032,11,328,-317
115000033,268,38,230
115000034,186,1492,-1306
115000035,1522,105,1417
115000036,2,573,-571
115000037,877,19,858
115000038,66,230,-164
115000039,4862,4118,744
115000040,9692,4595,5097
115000041,2330,4268,-1938
115000042,1907,1000,907
115000043,4582,2916,1666
115000044,4995,5533,-538
115000045,4042,2902,1140
115000046,2674,3223,-549
115000047,2750,2356,394
115000048,2068,3812,-1744
115000049,2324,5078,-2754
115000050,4037,2801,1236
115000051,2205,3966,-1761
115000052,3599,2728,871
115000053,2134,2323,-189
115000054,945,1720,-775
115000055,166,512,-346
115000056,214,565,-351
115000057,848,856,-8
115000058,413,250,163
115000059,265,189,76
115000061,583,175,408
115000062,362,444,-82
115000063,358,519,-161
115000064,360,206,154
115000065,39,538,-499
115000067,321,44,277
115000069,93,501,-408
115000070,74,1522,-1448
115000071,183,21,162
115000072,23,91,-68
115000073,2078,76,2002
115000075,100,123,-23
115000076,5097,4505,592
115000077,2848,4128,-1280
115000078,1676,2440,-764
115000079,1966,3070,-1104
115000080,3131,3745,-614
115000081,610,1384,-774
115000082,4459,4915,-456
115000083,2471,3470,-999
115000084,2455,1836,619
115000085,911,1295,-384
115000086,1220,1308,-88
115000087,629,2197,-1568
115000088,2277,1072,1205
115000089,2235,1922,313
115000090,818,1502,-684
115000091,342,1473,-1131
115000092,426,486,-60
115000093,504,2,502
115000094,10502,7445,3057
115000095,8161,7907,254
115000096,724,2438,-1714
115000097,1053,1265,-212
115000098,1134,1203,-69
115000099,3018,4267,-1249
115000100,1221,659,562
115000101,619,2224,-1605
115000102,561,290,271
115000103,486,1021,-535
115000105,82,232,-150
115000106,620,443,177
115000107,293,738,-445
115000108,5086,3867,1219
115000109,7090,5913,1177
115000110,2090,1918,172
115000111,1031,2793,-1762
115000112,997,1015,-18
115000113,843,1424,-581
115000114,2493,1311,1182
115000116,5569,2965,2604
115000117,5883,4432,1451
115000118,3309,2464,845
115000119,3195,3539,-344
115000120,1054,1805,-751
115000121,2466,1588,878
115000122,5935,2928,3007
115000123,2704,3163,-459
115000124,1443,1381,62
115000125,790,729,61
115000126,264,421,-157
115000127,648,221,427
115000128,1085,1058,27
115000129,520,467,53
115000130,458,1418,-960
115000131,964,446,518
115000132,425,654,-229
115000133,1082,466,616
115000134,1002,397,605
115000135,669,346,323
115000136,460,292,168
115000137,308,325,-17
115000138,312,336,-24
115000139,340,363,-23
115000140,358,302,56
115000141,234,425,-191
115000142,192,446,-254
115000143,711,758,-47
115000144,624,112,512
115000145,315,595,-280
115000146,610,398,212
115000147,700,737,-37
115000148,431,1951,-1520
115000149,774,305,469
115000150,891,1710,-819
115000151,1375,850,525
115000152,891,2047,-1156
115000153,1496,979,517
115000154,976,598,378
115000155,832,1729,-897
115000156,1554,996,558
115000157,1303,1321,-18
115000158,1221,576,645
115000159,1106,833,273
115000160,1067,1000,67
115000161,744,858,-114
115000162,901,954,-53
115000163,879,862,17
115000164,882,844,38
115000165,645,613,32
115000167,233,106,127
115000168,896,461,435
115000169,920,485,435
115000170,399,159,240
115000171,458,305,153
115000172,1980,838,1142
115000173,541,721,-180
115000174,509,375,134
115000175,347,134,213
115000176,294,111,183
115000177,380,147,233
115000178,78,381,-303
115000179,89,57,32
115000180,221,1094,-873
115000181,704,203,501
115000182,859,505,354
115000183,429,1272,-843
115000186,827,426,401
115000187,294,1094,-800
115000188,558,862,-304
115000189,336,606,-270
115000190,1164,770,394
115000191,515,819,-304
115000194,237,257,-20
115000195,450,353,97
115000196,209,146,63
115000197,253,472,-219
115000198,336,299,37
115000199,372,344,28
115000200,485,150,335
115000201,162,533,-371
115000206,635,132,503
115000207,135,565,-430
115000208,629,948,-319
115000209,841,435,406
115000210,221,176,45
115000211,369,352,17
115000212,2387,449,1938
115000224,563,99,464
115000225,68,91,-23
115000229,315,225,90
115000230,208,627,-419
115000231,377,2936,-2559
115000232,1713,425,1288
115000233,325,289,36
115000234,22,503,-481
115000241,88,373,-285
115000242,125,509,-384
115000243,39,361,-322
115000244,11,170,-159
115000246,27,26,1
115000247,69,27,42
115000248,37,31,6
115000249,44,37,7
115000250,414,51,363
115000251,310,209,101
115000252,145,305,-160
115000253,33,520,-487
115000258,391,280,111
115000259,495,234,261
115000261,7,28,-21
115000262,30,37,-7
115000263,13,56,-43
115000264,33,68,-35
115000267,92,106,-14
115000268,37,152,-115
115000269,158,105,53
115000270,18,28,-10
115000272,77,229,-152
115000273,408,33,375
115000280,2944,232,2712
115000281,873,869,4
115000282,1891,1139,752
115000284,402,263,139
115000296,1158,7,1151
115000297,379,191,188
115000298,174,551,-377
115000300,297,299,-2
115000302,586,323,263
115000303,818,231,587
115000304,861,158,703
115000305,132,1323,-1191
115000306,289,685,-396
115000307,164,256,-92
115000308,63,24,39
115000309,31,11,20
115000310,1079,1371,-292
115000311,1009,1923,-914
115000313,138,1061,-923
115000314,478,200,278
115000315,1072,480,592
115000316,84,123,-39
115000317,204,754,-550
115000318,990,516,474
115000319,104,423,-319
115000320,26,418,-392
115000321,660,16,644
115000322,49,333,-284
115000449,401,275,126
115000557,73,1381,-1308
115000558,680,108,572
115000587,579,706,-127
115000588,3616,4414,-798
115000589,5098,3488,1610
115000590,1964,1934,30
115000591,3396,1104,2292
115000592,1132,2584,-1452
115000593,1965,807,1158
115000594,1218,3114,-1896
115000609,135,156,-21
115000617,3178,4650,-1472
115000624,312,118,194
115000633,711,3073,-2362
115000634,4029,1307,2722
115000635,640,202,438
115000638,1376,952,424
115000641,70,136,-66
115000642,479,419,60
115000643,187,785,-598
115000644,169,613,-444
115000646,1100,1997,-897
115000647,224,660,-436
115000648,1990,2572,-582
115000893,4323,1897,2426
115000894,217,1764,-1547
115000895,582,1154,-572
115000896,1666,400,1266
115000897,676,230,446
115000898,1273,335,938
115000899,836,1283,-447
115000900,258,558,-300
115000901,83,202,-119
115000912,427,161,266
115000913,5,13,-8
115000915,142,0,142
115000916,8,1,7
115000917,0,17,-17
115000918,117,919,-802
115000919,7,14,-7
115000920,113,108,5
115000921,1584,217,1367
115000922,2250,962,1288
115000923,674,1124,-450
115000925,84,113,-29
115000927,45,64,-19
115000933,351,181,170
115000934,177,288,-111
115000935,126,185,-59
115900001,134,81,53
115900002,116,214,-98
115900003,265,159,106
115900004,2,108,-106
115900005,180,11,169
115900006,223,478,-255
115900008,69,25,44
115900009,113,382,-269
115900010,341,209,132
115900011,1004,407,597
115900012,162,118,44
115900013,654,256,398
115900014,126,260,-134
115900015,133,142,-9
115900016,120,35,85
115900017,16,8,8
115900018,228,97,131
115900019,1275,28,1247
115900020,42,0,42
115900021,2236,247,1989
115900022,1803,28,1775
115900023,94,5,89
115900025,79,379,-300
115900026,1221,336,885
115900027,0,420,-420
115900028,1013,99,914
115900029,9,522,-513
115900030,48,35,13
115900031,463,466,-3
115900032,682,1179,-497
115900033,3,75,-72
115900034,33,690,-657
115900035,55,26,29
115900036,133,871,-738
115900037,52,620,-568
115900038,40,23,17
115900039,273,343,-70
115900041,580,705,-125
115900042,30,13,17
115900043,135,136,-1
115900044,372,388,-16
115900046,285,384,-99
115900047,232,145,87
115900049,213,355,-142
115900051,2,51,-49
115900052,9,288,-279
115900053,240,373,-133
115900054,225,72,153
115900055,29,151,-122
115900056,337,479,-142
115900057,139,13,126
115900058,42,72,-30
115900060,295,275,20
115900061,329,4,325
115900062,37,339,-302
115900063,86,11,75
115900064,229,347,-118
115900065,171,182,-11
115900066,267,253,14
115900067,7,876,-869
115900068,4414,1206,3208
115900069,111,279,-168
115900070,228,300,-72
115900071,1,638,-637
115900072,53,319,-266
115900073,80,79,1
115900074,1,436,-435
115900075,43,396,-353
115900076,11,105,-94
115900077,6,402,-396
115900078,108,218,-110
115900079,203,27,176
115900080,651,376,275
115900081,31,93,-62
115900082,166,332,-166
115900084,389,30,359
115900085,122,73,49
115900086,2289,966,1323
115900088,19,38,-19
115900089,371,910,-539
115900090,328,31,297
115900091,25,37,-12
115900092,33,311,-278
115900093,5,39,-34
115900094,6,508,-502
115900096,6,29,-23
115900097,20,634,-614
115900098,173,636,-463
115900099,261,90,171
115900100,14,821,-807
115900101,143,425,-282
115900102,54,98,-44
115900103,349,349,0
115900104,54,166,-112
115900105,246,907,-661
115900106,77,36,41
115900107,129,306,-177
115900108,82,88,-6
115900109,59,615,-556
115900110,1,40,-39
115900111,3,114,-111
115900112,67,1417,-1350
115900113,67,33,34
115900114,11,188,-177
115900115,75,381,-306
115900116,147,1488,-1341
115900117,71,22,49
115900118,2,407,-405
115900119,170,213,-43
115900120,47,624,-577
115900121,210,401,-191
115900124,379,717,-338
115900125,403,81,322
115900126,780,149,631
115900127,791,86,705
115900128,12,104,-92
115900129,859,65,794
115900130,35,242,-207
115900131,491,30,461
115900132,523,9,514
115900134,376,16,360
115900135,538,1377,-839
115900137,44,3,41
115900139,126,97,29
115900140,190,26,164
115900141,12,77,-65
115900142,8,30,-22
115900143,309,465,-156
115900144,74,362,-288
115900146,13,204,-191
115900147,312,373,-61
115900148,82,25,57
115900149,119,52,67
115900150,103,98,5
115900151,16,110,-94
115900152,157,466,-309
115900153,141,416,-275
115900154,854,453,401
115900155,1,102,-101
115900156,806,991,-185
115900157,232,611,-379
115900158,41,16,25
115900159,184,337,-153
115900160,25,8,17
115900161,164,301,-137
115900163,221,204,17
115900164,573,55,518
115900165,1,255,-254
115900166,280,328,-48
115900168,200,258,-58
115900171,174,603,-429
115900172,84,172,-88
115900173,248,190,58
115900174,412,290,122
115900175,98,288,-190
115900178,12,905,-893
115900179,222,15,207
115900180,101,335,-234
115900181,161,329,-168
115900182,425,388,37
115900183,172,37,135
115900184,2283,19,2264
115900187,12,125,-113
115900189,1,294,-293
115900190,637,1617,-980
115900191,70,617,-547
115900192,18,122,-104
115900193,349,167,182
115900194,737,63,674
115900195,817,2218,-1401
115900198,290,569,-279
115900199,260,376,-116
115900200,404,539,-135
115900201,598,414,184
115900202,2,62,-60
115900203,7,13,-6
115900204,0,3,-3
115900205,178,31,147
115900206,272,215,57
115900207,40,32,8
115900208,209,310,-101
115900209,6,185,-179
115900210,15,201,-186
115900211,2,341,-339
115900212,219,455,-236
115900213,270,87,183
115900214,502,385,117
115900215,38,100,-62
115900216,8,133,-125
115900217,15,62,-47
115900218,3,42,-39
115900219,94,9,85
115900220,110,28,82
115900221,78,34,44
115900222,54,26,28
115900223,13,331,-318
115900224,1915,1270,645
115900225,82,76,6
115900226,26,70,-44
115900227,18,54,-36
115900228,13,53,-40
115900229,14,49,-35
115900230,97,205,-108
115900231,139,9,130
115900232,82,0,82
115900233,98,16,82
115900234,67,51,16
115900235,14,67,-53
115900236,166,46,120
115900237,32,47,-15
115900238,79,36,43
115900239,11,50,-39
115900240,13,104,-91
115900241,241,222,19
115900242,280,401,-121
115900243,14,12,2
115900244,15,16,-1
115900245,35,18,17
115900246,96,11,85
115900247,35,20,15
115900248,15,3,12
115900249,11,22,-11
115900250,4,55,-51
115900251,1,14,-13
115900252,7,2,5
115900253,13,62,-49
115900254,35,52,-17
115900255,10,22,-12
115900256,24,31,-7
115900257,16,23,-7
115900258,0,3,-3
115900259,2,2,0
115900260,22,4,18
115900261,24,2,22
115900262,1,1,0
115900263,6,4,2
115900264,22,8,14
115900265,2,15,-13
115900266,6,12,-6
115900267,12,11,1
115900268,7,12,-5
115900269,504,654,-150
115900270,379,730,-351
115900271,46,0,46
115900272,22,2,20
115900273,22,14,8
115900274,2,13,-11
115900275,0,19,-19
115900276,0,47,-47
115900277,1,58,-57
115900278,28,127,-99
115900279,21,183,-162
115900280,25,427,-402
115900281,434,202,232
116000001,19891,7552,12339
116000002,6409,15025,-8616
116000003,2346,2489,-143
116000004,3199,4670,-1471
116000005,5162,4978,184
116000006,4545,2798,1747
116000007,6325,6015,310
116000008,9057,3232,5825
116000009,2382,3635,-1253
116000010,2476,1972,504
116000011,1326,2554,-1228
116000012,1999,1342,657
116000013,19003,7197,11806
116000014,23882,15338,8544
116000015,877,1995,-1118
116000016,11116,4995,6121
116000017,55,999,-944
116000018,919,722,197
116000019,1496,483,1013
116000020,821,1902,-1081
116000021,664,429,235
116000022,463,634,-171
116000023,1446,1095,351
116000024,959,1487,-528
116000025,1219,904,315
116000026,2797,3341,-544
116000027,2077,987,1090
116000028,627,1134,-507
116000029,1807,1181,626
116000030,927,733,194
116000031,315,356,-41
116000032,525,390,135
116000033,438,742,-304
116000034,1361,1597,-236
116000035,613,1668,-1055
116000036,2351,1225,1126
116000037,886,848,38
116000038,801,500,301
116000039,636,459,177
116000040,1999,337,1662
116000041,219,676,-457
116000042,801,275,526
116000043,98,735,-637
116000044,28,62,-34
116000045,3199,2268,931
116000046,2426,2444,-18
116000047,3716,4633,-917
116000048,4025,2687,1338
116000049,1558,3450,-1892
116000050,1729,2808,-1079
116000051,7576,3495,4081
116000052,7489,7330,159
116000053,3140,1728,1412
116000054,1112,3995,-2883
116000055,817,2197,-1380
116000056,1159,1780,-621
116000057,6290,3081,3209
116000058,5612,3914,1698
116000059,5013,7826,-2813
116000060,4255,1224,3031
116000061,574,1326,-752
116000062,1202,375,827
116000063,895,1624,-729
116000066,330,808,-478
116000067,291,746,-455
116000068,454,473,-19
116000069,378,668,-290
116000078,661,1287,-626
116000080,2416,1583,833
116000082,14,144,-130
116000083,1891,651,1240
116000084,3251,5215,-1964
116000085,2894,2370,524
116000086,2698,1628,1070
116000087,2285,2001,284
116000088,1145,1727,-582
116000089,243,151,92
116000090,179,178,1
116000091,708,410,298
116000093,800,730,70
116000094,907,973,-66
116000095,1002,1027,-25
116000096,1011,2447,-1436
116000097,1481,1277,204
116000098,128,11089,-10961
116000099,12117,427,11690
116000100,234,40,194
116000101,905,1678,-773
116000102,362,2227,-1865
116000103,688,494,194
116000104,462,2465,-2003
116000105,1603,270,1333
116000106,1305,1590,-285
116000107,5795,665,5130
116000108,1432,275,1157
116000111,175,57,118
116000113,167,154,13
116000114,56,228,-172
116000115,371,185,186
116000116,298,715,-417
116000117,1814,2596,-782
116000118,1650,2377,-727
116000119,3445,2473,972
116000120,3675,7092,-3417
116000121,1108,761,347
116000122,1596,2981,-1385
116000123,1352,620,732
116000124,530,1558,-1028
116000125,3067,1157,1910
116000126,483,2295,-1812
116000127,1588,2112,-524
116000128,1898,1288,610
116000129,1200,306,894
116000130,634,490,144
116000133,1019,1494,-475
116000134,2528,3805,-1277
116000135,2768,1916,852
116000136,1657,3170,-1513
116000137,1270,1053,217
116000138,1255,789,466
116000139,2769,3086,-317
116000140,242,305,-63
116000141,545,1173,-628
116000142,5418,4653,765
116000143,2318,3023,-705
116000144,2038,3616,-1578
116000145,2041,2062,-21
116000146,636,447,189
116000147,469,164,305
116000148,677,666,11
116000149,885,841,44
116000151,940,1039,-99
116000153,160,845,-685
116000155,323,497,-174
116000156,710,1601,-891
116000157,61,32,29
116000158,425,723,-298
116000159,29,16,13
116000160,13,137,-124
116000161,6,184,-178
116000162,160,133,27
116000163,42,13,29
116000164,84,17,67
116000177,1284,198,1086
116000194,126,642,-516
116000195,2519,900,1619
116000196,47,9,38
116000197,9,11,-2
116000198,3974,1776,2198
116000200,1182,662,520
116000201,989,1141,-152
116000202,13,442,-429
116000203,4,165,-161
116000204,14,75,-61
116000205,2,285,-283
116000206,0,161,-161
116000207,18,75,-57
116000233,234,937,-703
116000287,155,802,-647
116000288,298,386,-88
116000292,113,274,-161
116000296,36,258,-222
116000297,251,32,219
116000304,293,41,252
116000305,32,182,-150
116000346,261,197,64
116000352,263,75,188
116000354,149,17,132
116000357,41,36,5
116000358,395,53,342
116000361,123,1,122
116000372,12501,5832,6669
116000381,146,0,146
116000388,5,75,-70
116000389,1275,806,469
116000445,420,907,-487
116000446,726,1163,-437
116000447,22,703,-681
116000448,805,311,494
116000563,1754,1354,400
116000565,77,706,-629
116000568,106,309,-203
116000579,32,199,-167
116000584,28,10,18
116000585,31,29,2
116000586,261,211,50
116000587,781,1030,-249
116000589,75,100,-25
116000590,117,117,0
116000591,226,493,-267
116000592,19,144,-125
116000593,0,38,-38
116000594,639,754,-115
116000595,907,284,623
116000596,171,12,159
116000597,366,100,266
116000598,27,277,-250
116000602,113,845,-732
116000605,393,233,160
116000606,99,344,-245
116000607,15,101,-86
116000609,313,1126,-813
116000611,113,795,-682
116000612,907,2991,-2084
116000613,711,487,224
116000614,655,1067,-412
116000615,3,334,-331
116000616,58,157,-99
116000617,104,143,-39
116000618,11,222,-211
116000619,113,92,21
116000620,87,112,-25
116000621,52,218,-166
116000622,81,272,-191
116000624,438,153,285
116000627,21,45,-24
116000628,50,402,-352
116000629,13,723,-710
116000630,273,34,239
116000631,73,42,31
116000632,599,401,198
116000633,29,770,-741
116000634,714,30,684
116000635,3572,2301,1271
116900001,319,216,103
116900002,327,3,324
116900003,37,146,-109
116900004,54,97,-43
116900005,370,89,281
116900006,228,248,-20
116900007,155,231,-76
116900008,432,565,-133
116900009,18,13,5
116900010,5,2192,-2187
116900011,24,63,-39
116900012,305,323,-18
116900013,10,289,-279
116900014,105,372,-267
116900015,399,88,311
116900016,203,2,201
116900017,4,971,-967
116900018,72,71,1
116900019,12,540,-528
116900020,1787,1636,151
116900023,144,7,137
116900024,694,98,596
116900025,1489,1271,218
116900026,216,1100,-884
116900027,59,108,-49
116900028,11,211,-200
116900029,1,81,-80
116900031,0,11,-11
116900032,14,592,-578
116900033,13,33,-20
116900034,14,78,-64
116900035,197,358,-161
116900036,4,159,-155
116900038,93,6,87
116900041,60,17,43
116900042,1103,388,715
116900043,29,123,-94
116900045,431,73,358
116900047,101,132,-31
116900049,47,493,-446
116900050,173,779,-606
116900051,167,378,-211
116900052,284,106,178
116900055,1,9,-8
116900057,18,397,-379
116900058,75,640,-565
116900059,4,270,-266
116900060,307,265,42
116900062,3,39,-36
116900064,104,1240,-1136
116900065,35,166,-131
116900067,114,150,-36
116900068,200,457,-257
116900070,6,3,3
116900072,48,663,-615
116900073,16,211,-195
116900074,7,64,-57
116900076,16,70,-54
116900077,15,217,-202
116900078,407,216,191
116900079,30,419,-389
116900080,22,32,-10
116900081,523,2040,-1517
116900082,565,1412,-847
116900083,88,86,2
116900084,215,73,142
116900085,46,247,-201
116900086,45,358,-313
116900088,525,135,390
116900090,207,85,122
116900091,343,65,278
116900092,121,1250,-1129
116900093,2225,2792,-567
116900094,7853,6060,1793
116900095,389,159,230
116900096,110,291,-181
116900097,5671,3465,2206
116900098,1165,387,778
116900099,1204,813,391
116900100,1131,43,1088
116900101,423,845,-422
116900103,4,1,3
116900104,90,116,-26
116900105,526,158,368
116900106,2087,508,1579
116900107,6156,3107,3049
116900110,16,1,15
116900111,537,1242,-705
116900112,385,1810,-1425
116900113,3516,1883,1633
116900116,204,483,-279
116900117,134,147,-13
116900118,1028,994,34
116900120,355,163,192
116900121,225,67,158
116900122,1069,1315,-246
116900123,208,1262,-1054
116900124,221,1638,-1417
116900125,390,324,66
116900126,346,860,-514
116900128,1,61,-60
116900129,3,423,-420
116900130,1178,4237,-3059
116900131,146,413,-267
116900132,72,162,-90
116900133,141,173,-32
116900134,265,403,-138
116900136,449,251,198
116900137,455,235,220
116900138,324,254,70
116900139,173,491,-318
116900140,240,219,21
116900141,954,577,377
116900142,5,68,-63
116900143,365,643,-278
116900144,31,80,-49
116900145,146,388,-242
116900147,1067,527,540
116900148,23,54,-31
116900149,54,296,-242
116900150,16,12,4
116900151,29,11,18
116900153,137,101,36
116900154,861,641,220
116900155,111,83,28
116900157,603,461,142
116900158,378,339,39
116900159,75,423,-348
116900160,2919,647,2272
116900161,11774,7659,4115
116900162,25,134,-109
116900163,245,221,24
116900164,225,100,125
116900165,267,171,96
116900166,32,182,-150
116900167,532,132,400
116900168,449,102,347
116900169,1256,515,741
116900170,280,575,-295
116900171,54,371,-317
116900172,356,314,42
116900173,231,48,183
116900174,40,116,-76
116900175,302,216,86
116900178,22,261,-239
116900179,111,281,-170
116900180,126,44,82
116900182,476,419,57
116900183,201,183,18
116900185,56,49,7
116900186,133,376,-243
116900187,61,41,20
116900188,190,35,155
116900189,297,3,294
116900191,440,895,-455
116900192,311,204,107
116900194,147,1209,-1062
116900195,71,29,42
116900196,24,116,-92
116900197,121,15,106
116900198,263,274,-11
116900200,64,52,12
116900201,127,26,101
116900202,217,62,155
116900203,135,16,119
116900204,75,111,-36
116900206,7,30,-23
116900207,41,55,-14
116900208,12,159,-147
116900209,20,176,-156
116900210,602,426,176
116900211,321,24,297
116900212,74,138,-64
116900213,223,300,-77
116900214,223,244,-21
116900215,65,106,-41
116900216,458,392,66
116900218,11,390,-379
116900219,1707,735,972
116900220,135,331,-196
116900221,99,463,-364
116900222,513,548,-35
116900223,152,456,-304
116900226,131,132,-1
116900227,191,107,84
116900228,390,406,-16
116900230,78,411,-333
116900231,20,583,-563
116900232,10,657,-647
116900233,291,125,166
116900234,23,11,12
116900235,189,457,-268
116900238,2023,561,1462
116900239,76,1039,-963
116900240,9392,4882,4510
116900241,275,236,39
116900242,553,386,167
116900243,17,145,-128
116900245,58,35,23
116900246,150,29,121
116900247,914,52,862
116900248,131,81,50
116900249,385,206,179
116900250,497,112,385
116900251,704,724,-20
116900252,136,1508,-1372
116900253,190,152,38
116900254,37,148,-111
116900255,147,108,39
116900256,462,187,275
116900257,15,782,-767
116900258,7,444,-437
116900259,179,14,165
116900260,4,173,-169
116900261,42,8,34
116900262,277,204,73
116900263,0,7,-7
116900264,0,4,-4
116900265,22,0,22
116900266,14,78,-64
116900267,6,4,2
116900268,123,11,112
116900269,465,857,-392
116900271,2830,254,2576
116900272,502,777,-275
116900273,402,72,330
116900274,117,121,-4
116900275,176,210,-34
116900276,800,113,687
116900277,982,55,927
116900278,5,10,-5
116900279,1,39,-38
116900280,30,74,-44
116900281,10727,5227,5500
116900282,2,187,-185
116900283,42,161,-119
116900284,21,296,-275
116900285,478,359,119
116900286,283,27,256
116900287,14,89,-75
116900288,62,189,-127
116900289,11,46,-35
116900290,0,56,-56
116900291,13,15,-2
116900292,0,22,-22
116900293,47,97,-50
116900294,58,257,-199
116900295,399,53,346
116900296,99,40,59
116900297,12,114,-102
116900298,124,43,81
116900299,67,43,24
116900300,8,140,-132
116900301,119,91,28
116900302,53,52,1
116900303,466,140,326
116900304,1,178,-177
116900305,48,159,-111
116900306,289,99,190
117000001,2819,2600,219
117000002,3043,8235,-5192
117000003,10870,4967,5903
117000004,6725,8616,-1891
117000005,3329,2604,725
117000006,2021,5777,-3756
117000007,4861,1848,3013
117000008,1759,7020,-5261
117000009,6939,2914,4025
117000010,3973,6916,-2943
117000011,3184,3019,165
117000012,2020,2440,-420
117000013,2805,1496,1309
117000014,2223,3524,-1301
117000015,6717,2128,4589
117000016,788,63,725
117000017,915,212,703
117000018,339,740,-401
117000019,497,10,487
117000020,564,2361,-1797
117000021,3728,780,2948
117000022,779,142,637
117000023,1236,181,1055
117000024,1110,135,975
117000025,1488,731,757
117000026,5401,1330,4071
117000027,3786,3937,-151
117000028,6976,1858,5118
117000030,985,823,162
117000031,516,375,141
117000032,2789,1748,1041
117000033,2538,1978,560
117000034,485,486,-1
117000035,431,375,56
117000036,422,458,-36
117000037,361,281,80
117000038,366,809,-443
117000039,693,415,278
117000040,218,1677,-1459
117000041,1521,247,1274
117000044,25,1424,-1399
117000045,570,88,482
117000046,831,880,-49
117000047,1143,855,288
117000048,3045,1979,1066
117000049,189,1238,-1049
117000050,217,3481,-3264
117000051,2828,266,2562
117000052,71,596,-525
117000053,531,118,413
117000054,2068,16,2052
117000055,24,5071,-5047
117000056,851,27,824
117000057,932,3467,-2535
117000060,758,2932,-2174
117000061,2373,1460,913
117000062,391,973,-582
117000063,2979,1341,1638
117000064,1227,1151,76
117000066,2187,1355,832
117000067,206,593,-387
117000074,239,297,-58
117000076,79,78,1
117000077,208,266,-58
117000078,176,1075,-899
117000079,559,367,192
117000080,1,507,-506
117000081,1262,188,1074
117000082,25,127,-102
117000083,190,16,174
117000084,671,7,664
117000085,474,1033,-559
117000086,1464,857,607
117000087,160,837,-677
117000088,407,361,46
117000089,1943,409,1534
117000090,383,2116,-1733
117000091,1000,433,567
117000092,546,2215,-1669
117000093,1461,962,499
117000094,1715,4353,-2638
117000095,4146,1165,2981
117000096,843,3737,-2894
117000097,1651,1594,57
117000098,3694,7852,-4158
117000099,4179,1749,2430
117000100,222,375,-153
117000101,228,2080,-1852
117000102,2146,863,1283
117000103,1056,2993,-1937
117000104,1657,906,751
117000105,1182,2727,-1545
117000106,1488,1208,280
117000107,744,3099,-2355
117000108,2012,1364,648
117000109,2819,4519,-1700
117000110,2101,1382,719
117000111,5457,6973,-1516
117000112,4738,2942,1796
117000113,216,406,-190
117000114,303,225,78
117000115,135,204,-69
117000116,207,444,-237
117000117,2676,1263,1413
117000118,594,198,396
117000119,955,201,754
117000120,649,522,127
117000121,311,1542,-1231
117000122,676,1856,-1180
117000123,2889,67,2822
117000124,1198,76,1122
117000125,815,128,687
117000126,146,34,112
117000127,299,508,-209
117000128,700,1286,-586
117000129,628,101,527
117000130,262,2,260
117000131,0,57,-57
117000132,3814,61,3753
117000133,1533,162,1371
117000134,2,55,-53
117000135,8,35,-27
117000136,0,43,-43
117000137,104,115,-11
117000138,3,880,-877
117000140,633,2596,-1963
117000141,2218,851,1367
117000181,1359,699,660
117000182,426,608,-182
117000195,325,1938,-1613
117000196,451,118,333
117000225,397,20,377
117000226,30,202,-172
117000276,313,12,301
117000277,0,697,-697
117000310,3277,3823,-546
117000315,68,2326,-2258
117000320,120,1,119
117000906,333,18,315
117000907,8,588,-580
117000908,230,37,193
117000909,60,50,10
117000910,240,181,59
117000911,117,245,-128
117000915,17,968,-951
117000916,56,13,43
117000917,1481,61,1420
117000918,61,124,-63
117000919,6,190,-184
117000920,5,2148,-2143
117000921,8,2516,-2508
117000922,84,217,-133
117000924,1116,1121,-5
117000926,1673,126,1547
117000927,3583,1025,2558
117000928,0,197,-197
117000929,284,716,-432
117000930,203,18,185
117000931,754,193,561
117900002,289,731,-442
117900003,1156,737,419
117900005,31,53,-22
117900006,0,23,-23
117900007,269,162,107
117900008,1,73,-72
117900010,537,211,326
117900011,133,53,80
117900012,71,162,-91
117900013,1,456,-455
117900014,563,192,371
117900015,20,120,-100
117900016,2395,906,1489
117900017,1176,470,706
117900018,311,114,197
117900019,545,390,155
117900020,79,553,-474
117900021,52,120,-68
117900022,28,38,-10
117900023,972,850,122
117900024,116,99,17
117900025,40,13,27
117900026,417,497,-80
117900028,209,14,195
117900029,306,1284,-978
117900030,628,462,166
117900031,840,190,650
117900032,1063,913,150
117900033,250,1309,-1059
117900034,67,71,-4
117900035,353,129,224
117900036,331,809,-478
117900037,186,239,-53
117900038,38,580,-542
117900039,8,100,-92
117900040,143,726,-583
117900041,3,64,-61
117900042,7678,876,6802
117900043,41,77,-36
117900044,257,4778,-4521
117900045,443,257,186
117900048,339,448,-109
117900049,285,806,-521
117900050,38,69,-31
117900051,451,3,448
117900052,63,617,-554
117900053,1679,1112,567
117900054,0,34,-34
117900055,250,548,-298
117900056,960,58,902
117900057,1717,1885,-168
117900058,239,19,220
117900059,588,118,470
117900060,2531,8589,-6058
117900061,52,496,-444
117900063,528,358,170
117900065,1094,1897,-803
117900066,13,82,-69
117900067,475,365,110
117900069,1253,520,733
117900070,846,36,810
117900071,137,197,-60
117900073,546,608,-62
117900074,968,47,921
117900075,125,123,2
117900076,13,61,-48
117900077,411,309,102
117900078,419,900,-481
117900080,285,73,212
117900081,683,691,-8
117900082,484,438,46
117900083,405,847,-442
117900086,183,57,126
117900087,292,132,160
117900088,4237,3316,921
117900089,2330,844,1486
117900090,922,890,32
117900091,275,273,2
117900092,85,60,25
117900093,104,149,-45
117900094,81,25,56
117900095,372,469,-97
117900096,99,324,-225
117900097,339,149,190
117900098,48,12,36
117900099,204,337,-133
117900100,184,5,179
117900101,600,2091,-1491
117900102,49,101,-52
117900103,99,3,96
117900104,15,175,-160
117900105,198,426,-228
117900106,99,46,53
117900107,36,0,36
117900109,699,513,186
117900110,104,0,104
117900111,477,20,457
117900112,116,27,89
117900113,7340,2860,4480
117900114,36,0,36
117900115,421,83,338
117900116,1276,1442,-166
117900117,745,668,77
117900118,86,0,86
117900119,161,261,-100
117900120,252,253,-1
117900121,130,35,95
117900122,2353,4607,-2254
117900123,1140,699,441
117900124,1256,1108,148
117900125,2255,1982,273
117900126,362,927,-565
117900127,617,847,-230
117900128,406,1076,-670
117900129,109,3,106
117900130,1708,598,1110
117900131,0,223,-223
117900132,19,187,-168
117900133,5,207,-202
117900134,92,271,-179
117900135,24,307,-283
117900136,0,54,-54
117900137,154,554,-400
117900138,1,51,-50
117900139,150,170,-20
117900140,6370,686,5684
117900141,356,289,67
117900142,615,51,564
117900144,240,186,54
117900145,119,24,95
117900146,543,163,380
117900147,74,90,-16
117900148,5191,1835,3356
117900149,89,278,-189
117900150,73,96,-23
117900151,72,150,-78
117900152,165,126,39
117900153,50,180,-130
117900154,823,998,-175
117900156,1346,1347,-1
117900157,125,704,-579
117900158,356,239,117
117900160,727,841,-114
117900161,4083,3795,288
117900162,386,652,-266
117900163,389,85,304
117900165,0,29,-29
117900166,212,555,-343
117900168,33,299,-266
117900169,4,168,-164
117900170,1,63,-62
117900171,8,60,-52
117900172,12,72,-60
117900173,242,132,110
117900174,110,112,-2
117900175,4,58,-54
117900176,18,89,-71
117900177,24,100,-76
117900178,198,117,81
117900180,583,76,507
117900181,305,478,-173
117900182,8,36,-28
117900183,114,268,-154
117900184,24,86,-62
117900185,59,85,-26
117900186,44,21,23
117900187,12,19,-7
117900188,293,81,212
117900189,111,36,75
117900190,30,9,21
117900191,124,2,122
117900192,343,0,343
117900193,49,204,-155
117900194,11,8,3
117900195,57,64,-7
117900196,32,34,-2
117900207,193,199,-6
117900208,45,63,-18
117900209,248,277,-29
117900210,217,288,-71
117900211,20,352,-332
117900212,156,333,-177
117900213,35,35,0
117900214,8,51,-43
117900215,30,21,9
117900216,67,28,39
117900217,146,274,-128
117900218,169,262,-93
117900219,46,92,-46
117900220,385,177,208
118000001,1449,1010,439
118000002,1846,3168,-1322
118000003,3323,3123,200
118000004,4833,3089,1744
118000005,8243,6562,1681
118000006,10583,14289,-3706
118000007,13773,4644,9129
118000008,9469,5669,3800
118000009,3325,5621,-2296
118000010,8477,6709,1768
118000011,1806,3944,-2138
118000012,1738,3567,-1829
118000013,5061,4288,773
118000014,3208,3980,-772
118000016,283,542,-259
118000017,467,630,-163
118000018,859,769,90
118000019,3692,1847,1845
118000020,3209,3705,-496
118000021,1430,3698,-2268
118000022,3641,1022,2619
118000023,1965,333,1632
118000024,3425,1429,1996
118000025,139,116,23
118000027,24885,15694,9191
118000029,1773,947,826
118000032,1967,4399,-2432
118000033,4709,5816,-1107
118000034,9139,3540,5599
118000035,2702,3333,-631
118000036,2026,1440,586
118000037,1340,1246,94
118000038,251,112,139
118000039,220,559,-339
118000040,2504,2047,457
118000041,3443,2306,1137
118000045,1650,273,1377
118000046,3668,849,2819
118000047,3710,1045,2665
118000048,6330,2357,3973
118000051,4960,2181,2779
118000052,3797,969,2828
118000053,1543,2358,-815
118000054,4514,5307,-793
118000055,3794,5020,-1226
118000056,739,631,108
118000057,527,987,-460
118000058,7875,2345,5530
118000059,5909,1243,4666
118000060,1494,979,515
118000061,1821,2531,-710
118000062,886,501,385
118000063,598,831,-233
118000064,1464,1830,-366
118000065,6628,3018,3610
118000066,1180,2012,-832
118000067,2005,1285,720
118000068,3283,6742,-3459
118000069,5278,1924,3354
118000070,10337,2967,7370
118000071,6266,9684,-3418
118000072,4916,1547,3369
118000073,5471,870,4601
118000074,1434,789,645
118000075,1403,525,878
118000076,3112,2783,329
118000077,2145,1835,310
118000078,2656,2588,68
118000079,379,693,-314
118000080,1794,1287,507
118000081,2495,1246,1249
118000082,358,1526,-1168
118000083,2785,2409,376
118000084,4425,2739,1686
118000086,493,840,-347
118000087,8054,4035,4019
118000088,2595,2654,-59
118000089,5063,3176,1887
118000090,3486,4428,-942
118000091,2223,3424,-1201
118000092,1691,659,1032
118000093,159,1121,-962
118000096,857,985,-128
118000097,1117,838,279
118000098,430,302,128
118000099,714,1209,-495
118000101,1363,529,834
118000102,522,1846,-1324
118000107,3625,888,2737
118000108,1027,3609,-2582
118000110,1,37,-36
118000111,2,610,-608
118000112,655,7,648
118000113,7,1073,-1066
118000114,448,14,434
118000115,34,15,19
118000116,109,0,109
118000117,1766,1273,493
118000118,1110,885,225
118000119,1097,1366,-269
118000120,2509,1929,580
118000121,113,674,-561
118000122,2240,497,1743
118000123,52,311,-259
118000125,2785,1593,1192
118000126,1402,2315,-913
118000127,2723,916,1807
118000128,952,1576,-624
118000129,1986,586,1400
118000130,4404,6706,-2302
118000131,1369,1539,-170
118000132,3538,2558,980
118000133,1373,682,691
118000135,992,581,411
118000136,96,676,-580
118000137,1095,125,970
118000138,471,962,-491
118000139,458,148,310
118000140,4308,6483,-2175
118000141,2973,3197,-224
118000142,2360,3423,-1063
118000143,2521,1852,669
118000144,2179,1802,377
118000145,2629,4377,-1748
118000146,2216,1973,243
118000147,1537,2506,-969
118000148,856,2126,-1270
118000149,1086,1388,-302
118000150,703,365,338
118000151,554,658,-104
118000153,1699,2091,-392
118000154,1631,2501,-870
118000155,1515,2425,-910
118000156,4284,3927,357
118000157,788,576,212
118000158,238,658,-420
118000159,42,142,-100
118000160,590,689,-99
118000161,743,1327,-584
118000162,3313,1382,1931
118000163,1039,1575,-536
118000164,3659,2683,976
118000168,2423,870,1553
118000169,1886,2343,-457
118000170,6358,8755,-2397
118000171,488,946,-458
118000172,186,461,-275
118000173,1715,1800,-85
118000175,633,609,24
118000176,454,749,-295
118000177,355,820,-465
118000178,99,73,26
118000179,2304,1874,430
118000180,1320,1374,-54
118000181,1300,765,535
118000182,544,460,84
118000183,428,450,-22
118000184,1100,1517,-417
118000185,1717,1586,131
118000186,1188,1631,-443
118000187,1665,1175,490
118000188,1103,294,809
118000189,994,1214,-220
118000190,53,27,26
118000191,36,62,-26
118000192,985,636,349
118000193,793,785,8
118000194,4415,1852,2563
118000195,1738,1332,406
118000196,890,283,607
118000197,1731,175,1556
118000198,1282,897,385
118000199,3097,839,2258
118000200,119,336,-217
118000201,990,679,311
118000202,101,77,24
118000203,2424,718,1706
118000204,352,456,-104
118000205,437,420,17
118000206,327,326,1
118000207,0,111,-111
118000208,1846,2226,-380
118000209,2914,2520,394
118000210,64,49,15
118000211,28,55,-27
118000213,2126,1825,301
118000214,1038,914,124
118000215,417,625,-208
118000216,2806,6132,-3326
118000217,46,183,-137
118000218,78,154,-76
118000219,800,567,233
118000220,4,32,-28
118000221,213,459,-246
118000222,89,10,79
118000223,75,72,3
118000224,365,205,160
118000225,202,1167,-965
118000226,2164,312,1852
118000227,1268,518,750
118000228,293,293,0
118000229,541,82,459
118000230,211,352,-141
118000231,162,320,-158
118000232,1015,1387,-372
118000233,1330,1200,130
118000234,483,416,67
118000236,669,542,127
118000237,140,844,-704
118000238,323,350,-27
118000239,448,478,-30
118000240,848,199,649
118000241,229,378,-149
118000242,485,901,-416
118000243,312,316,-4
118000244,56,193,-137
118000246,1,18,-17
118000255,66,344,-278
118000256,123,382,-259
118000259,38,106,-68
118000260,301,132,169
118000261,51,230,-179
118000263,123,374,-251
118000266,301,570,-269
118000267,0,90,-90
118000268,931,5,926
118000270,92,58,34
118000271,176,450,-274
118000272,122,68,54
118000273,163,114,49
118000274,135,452,-317
118000276,567,555,12
118000295,14,141,-127
118000298,235,490,-255
118000299,91,269,-178
118000301,0,79,-79
118000302,176,133,43
118000311,486,147,339
118000312,318,304,14
118000313,66,377,-311
118000314,100,145,-45
118000315,42,105,-63
118000316,780,691,89
118000325,48,119,-71
118000326,46,66,-20
118000331,49,98,-49
118000332,21,75,-54
118000333,68,147,-79
118000335,389,0,389
118000336,1,389,-388
118000407,195,130,65
118000457,11,38,-27
118000465,4911,5407,-496
118000480,58,225,-167
118000489,144,483,-339
118000490,122,667,-545
118000492,341,331,10
118000510,102,24,78
118000514,204,527,-323
118000515,951,963,-12
118000517,629,304,325
118000524,816,383,433
118000525,1337,1202,135
118000530,31,167,-136
118000531,322,391,-69
118000532,237,478,-241
118000533,577,239,338
118000534,1048,702,346
118000535,288,218,70
118000536,1348,1984,-636
118000537,36,158,-122
118000538,62,141,-79
118000539,22,156,-134
118000540,387,268,119
118000541,338,101,237
118000542,201,276,-75
118000543,286,350,-64
118000546,84,33,51
118000560,4756,2423,2333
118000562,49,379,-330
118000563,3565,2141,1424
118000576,245,210,35
118000577,232,213,19
118000578,189,117,72
118000579,969,1614,-645
118000595,240,114,126
118000596,0,83,-83
118000597,105,174,-69
118000598,65,0,65
118000599,87,59,28
118000600,4,65,-61
118000601,17,0,17
118000602,0,34,-34
118000603,0,36,-36
118900001,1349,2066,-717
118900002,1545,1208,337
118900003,476,24,452
118900004,189,105,84
118900005,69,7,62
118900006,125,6,119
118900007,17,5,12
118900008,2082,93,1989
118900009,85,58,27
118900010,75,9,66
118900011,269,57,212
118900012,556,322,234
118900013,636,183,453
118900015,301,124,177
118900016,11,41,-30
118900017,418,320,98
118900018,1186,32,1154
118900019,85,43,42
118900020,244,150,94
118900021,256,497,-241
118900022,202,154,48
118900023,258,129,129
118900024,116,263,-147
118900025,64,37,27
118900026,79,131,-52
118900027,608,382,226
118900028,216,265,-49
118900029,419,508,-89
118900030,471,110,361
118900031,220,160,60
118900032,259,236,23
118900033,713,530,183
118900034,238,51,187
118900035,254,228,26
118900036,1203,1003,200
118900037,1258,351,907
118900038,485,280,205
118900039,631,286,345
118900040,301,326,-25
118900041,740,254,486
118900042,356,137,219
118900045,421,289,132
118900046,1491,470,1021
118900047,859,398,461
118900048,450,229,221
118900049,74,59,15
118900050,39,224,-185
118900051,88,73,15
118900052,804,317,487
118900053,63,94,-31
118900054,191,89,102
118900055,67,152,-85
118900056,26,355,-329
118900057,847,653,194
118900058,725,446,279
118900059,27,125,-98
118900060,94,116,-22
118900062,297,315,-18
118900064,1166,829,337
118900065,69,358,-289
118900066,124,137,-13
118900067,8386,4862,3524
118900068,12,769,-757
118900069,465,356,109
118900071,15,112,-97
118900072,540,680,-140
118900073,91,179,-88
118900074,159,292,-133
118900075,236,129,107
118900076,369,135,234
118900077,430,277,153
118900078,79,17,62
118900079,86,308,-222
118900080,43,173,-130
118900081,139,38,101
118900082,792,206,586
118900083,44,22,22
118900084,19,31,-12
118900085,867,1622,-755
118900086,54,130,-76
118900087,28,294,-266
118900088,0,12,-12
118900089,14,26,-12
118900090,782,724,58
118900091,251,298,-47
118900092,162,147,15
118900093,196,19,177
118900096,65,40,25
118900097,262,886,-624
118900099,138,365,-227
118900100,235,403,-168
118900101,157,987,-830
118900102,68,147,-79
118900103,58,168,-110
118900104,367,321,46
118900105,351,246,105
118900107,256,146,110
118900108,138,151,-13
118900109,152,76,76
118900110,1988,1117,871
118900111,758,882,-124
118900112,82,237,-155
118900113,152,852,-700
118900114,19,121,-102
118900115,195,620,-425
118900116,143,211,-68
118900117,128,238,-110
118900118,373,654,-281
118900119,149,410,-261
118900120,124,413,-289
118900121,22,321,-299
118900122,20,1160,-1140
118900123,209,336,-127
118900124,100,408,-308
118900126,36,524,-488
118900129,357,310,47
118900130,52,227,-175
118900131,155,392,-237
118900132,754,321,433
118900133,32,149,-117
118900135,287,359,-72
118900136,238,931,-693
118900137,19,47,-28
118900139,407,723,-316
118900140,626,1092,-466
118900141,135,270,-135
118900144,164,746,-582
118900145,51,243,-192
118900146,449,1141,-692
118900147,324,201,123
118900148,114,86,28
118900150,177,723,-546
118900152,652,1212,-560
118900157,144,193,-49
118900158,150,127,23
118900159,1,320,-319
118900161,123,10,113
118900163,306,164,142
118900164,12,209,-197
118900165,78,448,-370
118900166,61,3,58
118900167,107,200,-93
118900168,12,172,-160
118900169,225,774,-549
118900170,226,256,-30
118900171,35,62,-27
118900174,114,83,31
118900175,459,717,-258
118900176,186,308,-122
118900177,50,109,-59
118900178,90,234,-144
118900179,3,66,-63
118900181,89,149,-60
118900182,145,82,63
118900183,22,178,-156
118900184,585,175,410
118900185,187,147,40
118900186,110,151,-41
118900187,267,403,-136
118900188,445,429,16
118900189,51,1027,-976
118900190,32,663,-631
118900191,212,63,149
118900192,234,18,216
118900193,622,7,615
118900195,457,1228,-771
118900196,42,265,-223
118900197,163,99,64
118900198,25,60,-35
118900199,81,82,-1
118900200,14,15,-1
118900201,23,33,-10
118900202,15,123,-108
118900203,7,96,-89
118900204,27,69,-42
118900205,4,24,-20
118900206,7,47,-40
119000001,1993,2405,-412
119000002,6491,4622,1869
119000003,3486,2142,1344
119000004,3643,2275,1368
119000005,2677,3034,-357
119000006,3196,2230,966
119000007,5293,4967,326
119000008,3724,2959,765
119000009,4753,6467,-1714
119000010,10472,6042,4430
119000011,6958,4198,2760
119000012,5828,5228,600
119000013,3301,1986,1315
119000014,4437,5496,-1059
119000019,384,278,106
119000020,2560,2028,532
119000021,5622,3795,1827
119000022,5486,4146,1340
119000023,448,405,43
119000024,2590,13689,-11099
119000025,14586,2260,12326
119000026,261,438,-177
119000027,630,759,-129
119000028,3238,2409,829
119000029,158,473,-315
119000030,741,1674,-933
119000031,1238,1042,196
119000032,3684,4030,-346
119000033,3331,2457,874
119000034,1431,1759,-328
119000035,34,580,-546
119000036,2023,1427,596
119000037,1463,2881,-1418
119000038,213,1663,-1450
119000039,339,510,-171
119000040,1678,815,863
119000041,1489,1897,-408
119000048,4625,4842,-217
119000049,2103,3854,-1751
119000050,2497,3333,-836
119000051,3148,1316,1832
119000052,2624,4503,-1879
119000053,2437,1752,685
119000054,3946,5320,-1374
119000055,4498,5106,-608
119000056,2804,3171,-367
119000057,1914,3440,-1526
119000058,2749,3154,-405
119000059,1677,2652,-975
119000060,1850,1599,251
119000061,1344,1336,8
119000062,1635,2013,-378
119000063,640,625,15
119000064,1969,2356,-387
119000065,3113,5949,-2836
119000066,4148,1728,2420
119000067,2442,3586,-1144
119000068,1973,1719,254
119000069,1944,3892,-1948
119000070,2870,1474,1396
119000071,716,987,-271
119000072,9972,5234,4738
119000073,11000,9813,1187
119000074,1715,4547,-2832
119000075,2383,3514,-1131
119000076,1211,1268,-57
119000077,2269,862,1407
119000078,999,276,723
119000079,377,848,-471
119000080,745,422,323
119000081,743,916,-173
119000082,2187,397,1790
119000083,736,682,54
119000084,459,857,-398
119000085,927,384,543
119000086,319,800,-481
119000087,2017,1520,497
119000088,336,319,17
119000089,79,298,-219
119000090,182,271,-89
119000091,128,788,-660
119000092,775,291,484
119000093,5497,4369,1128
119000094,3484,8777,-5293
119000095,1957,4112,-2155
119000097,3530,2583,947
119000098,1004,3362,-2358
119000099,3153,3054,99
119000100,4244,3599,645
119000101,8932,3423,5509
119000102,1620,1346,274
119000103,3080,787,2293
119000104,4200,2306,1894
119000105,1403,2417,-1014
119000106,443,2431,-1988
119000107,1072,733,339
119000108,765,1513,-748
119000109,428,769,-341
119000110,1643,709,934
119000111,176,998,-822
119000112,387,190,197
119000113,5298,518,4780
119000114,1127,1574,-447
119000115,231,272,-41
119000116,216,157,59
119000117,207,545,-338
119000118,3,0,3
119000123,6984,1206,5778
119000124,1046,324,722
119000125,3880,1493,2387
119000126,620,1084,-464
119000127,631,1022,-391
119000128,86,8,78
119000131,1229,1190,39
119000132,6,12,-6
119000133,2,12,-10
119000134,3644,973,2671
119000135,116,316,-200
119000136,260,311,-51
119000137,216,484,-268
119000138,464,467,-3
119000139,349,404,-55
119000140,254,629,-375
119000284,1748,4395,-2647
119000285,3196,3669,-473
119000286,10595,8530,2065
119000287,2123,3426,-1303
119000288,2701,2345,356
119000289,3198,5781,-2583
119000290,296,832,-536
119000291,8,550,-542
119000293,220,248,-28
119000294,53,46,7
119000295,3018,851,2167
119000296,172,213,-41
119000302,4190,2316,1874
119000303,88,269,-181
119000314,1998,13094,-11096
119000315,6,733,-727
119000316,124,167,-43
119000317,93,471,-378
119900001,347,1937,-1590
119900002,249,412,-163
119900003,100,1856,-1756
119900004,489,1125,-636
119900005,258,166,92
119900006,332,667,-335
119900007,1355,221,1134
119900008,786,64,722
119900009,1209,1105,104
119900010,4403,2145,2258
119900011,34,110,-76
119900012,13,143,-130
119900013,2569,1216,1353
119900014,1294,501,793
119900015,137,41,96
119900016,39,157,-118
119900017,65,75,-10
119900018,3090,1045,2045
119900019,52,12,40
119900020,236,292,-56
119900021,222,209,13
119900022,193,795,-602
119900023,1091,1375,-284
119900025,158,48,110
119900026,1244,179,1065
119900027,52,51,1
119900028,403,92,311
119900029,3,5,-2
119900030,745,788,-43
119900031,93,438,-345
119900033,3599,410,3189
119900034,390,226,164
119900037,510,49,461
119900038,76,362,-286
119900039,42,5,37
119900040,172,17,155
119900041,176,69,107
119900042,329,254,75
119900043,134,302,-168
119900044,377,990,-613
119900046,148,110,38
119900047,395,78,317
119900048,218,76,142
119900049,137,10,127
119900050,201,185,16
119900051,703,16,687
119900052,48,103,-55
119900053,249,264,-15
119900054,129,15,114
119900055,1538,621,917
119900057,223,143,80
119900058,312,6,306
119900059,443,79,364
119900060,363,38,325
119900061,20,0,20
119900062,66,53,13
119900063,46,87,-41
119900064,599,124,475
119900065,347,12,335
119900066,1,1,0
119900067,216,77,139
119900068,503,7,496
119900069,143,28,115
119900070,1283,62,1221
119900071,830,31,799
119900072,20,24,-4
119900073,2811,940,1871
119900074,130,60,70
119900075,8719,3806,4913
119900076,522,513,9
119900077,979,1831,-852
119900078,585,1284,-699
119900079,238,380,-142
119900080,1764,1656,108
119900081,84,69,15
119900082,1782,568,1214
119900083,532,255,277
119900084,1202,475,727
119900085,141,147,-6
119900086,177,252,-75
119900087,1097,553,544
119900088,49,96,-47
119900089,71,1045,-974
119900090,236,107,129
119900091,99,1702,-1603
119900092,100,709,-609
119900093,1697,401,1296
119900094,115,311,-196
119900095,286,149,137
119900096,58,223,-165
119900097,1221,339,882
119900098,57,108,-51
119900099,32,429,-397
119900100,3786,4585,-799
119900101,337,2176,-1839
119900102,62,491,-429
119900103,39,687,-648
119900104,45,378,-333
119900105,2973,3360,-387
119900106,18,327,-309
119900107,577,4753,-4176
119900108,4318,914,3404
119900109,53,435,-382
119900110,782,969,-187
119900111,98,561,-463
119900112,3340,932,2408
119900113,147,547,-400
119900114,340,2189,-1849
119900115,351,1769,-1418
119900116,207,804,-597
119900117,347,1348,-1001
119900118,70,1558,-1488
119900119,275,384,-109
119900120,818,986,-168
119900121,410,1906,-1496
119900122,806,620,186
119900123,344,656,-312
119900124,225,1551,-1326
119900125,73,540,-467
119900126,8086,573,7513
119900127,3595,1549,2046
119900128,650,1535,-885
119900129,317,1122,-805
119900130,66,449,-383
119900131,50,421,-371
119900132,5,467,-462
119900133,102,163,-61
119900134,3265,420,2845
119900135,3,798,-795
119900136,196,702,-506
119900138,678,942,-264
119900139,289,224,65
119900140,4,261,-257
119900141,208,1053,-845
119900142,20,53,-33
119900143,22,335,-313
119900144,3078,432,2646
119900145,114,302,-188
119900146,275,341,-66
119900147,13,250,-237
119900148,233,121,112
119900149,2705,6206,-3501
119900150,198,311,-113
119900151,3017,1419,1598
119900152,116,728,-612
119900153,208,113,95
119900154,38,414,-376
119900155,78,51,27
119900156,27,8,19
119900157,246,389,-143
119900158,173,124,49
119900159,10,2698,-2688
119900160,14,369,-355
119900161,298,450,-152
119900162,993,1229,-236
119900163,232,235,-3
119900164,0,0,0
119900165,216,334,-118
119900166,123,86,37
119900167,170,261,-91
119900168,1003,711,292
119900169,264,495,-231
119900170,328,431,-103
119900171,1892,688,1204
119900172,230,33,197
119900173,11,696,-685
119900174,4,391,-387
119900175,1401,1126,275
119900177,107,316,-209
119900178,15,234,-219
119900179,167,589,-422
119900180,1299,1221,78
119900181,91,171,-80
119900182,14,781,-767
119900183,236,1121,-885
119900184,4787,1062,3725
119900185,90,229,-139
119900186,183,1077,-894
119900187,38,783,-745
119900188,92,633,-541
119900189,751,568,183
119900190,75,411,-336
119900191,466,237,229
119900192,101,285,-184
119900193,400,328,72
119900194,54,119,-65
119900195,88,406,-318
119900196,2761,800,1961
119900197,292,191,101
119900198,328,471,-143
119900199,246,41,205
119900200,895,941,-46
119900201,570,412,158
119900202,218,269,-51
119900203,311,757,-446
119900204,292,520,-228
119900205,776,942,-166
119900206,190,194,-4
119900208,325,331,-6
119900209,669,1475,-806
119900210,37,68,-31
119900211,136,17,119
119900212,316,594,-278
119900213,11,116,-105
119900214,50,155,-105
119900215,66,124,-58
119900216,20,142,-122
119900217,29,124,-95
119900218,73,119,-46
119900219,21,234,-213
119900220,9,132,-123
119900221,57,438,-381
119900222,38,359,-321
119900223,29,145,-116
119900224,15,37,-22
119900225,1482,97,1385
119900226,972,2927,-1955
119900227,1803,557,1246
119900228,813,661,152
119900229,431,774,-343
119900230,2585,995,1590
119900231,287,365,-78
119900232,332,139,193
119900233,100,10,90
119900234,71,112,-41
119900235,22,86,-64
119900236,38,377,-339
119900237,87,903,-816
119900238,23,133,-110
119900240,182,266,-84
119900241,214,409,-195
119900242,2660,2632,28
119900244,1224,3111,-1887
119900245,264,295,-31
119900246,503,720,-217
119900247,46,129,-83
119900248,125,219,-94
119900249,264,110,154
119900253,5715,735,4980
119900254,141,838,-697
119900255,268,977,-709
119900256,774,1729,-955
119900257,67,3,64
119900258,142,17,125
119900259,13,246,-233
119900260,148,9,139
119900261,403,354,49
119900262,2,429,-427
119900263,1595,706,889
119900264,125,383,-258
119900265,799,721,78
119900266,337,417,-80
119900267,420,824,-404
119900268,292,334,-42
119900269,1631,2397,-766
119900271,45,146,-101
119900272,516,129,387
119900275,221,25,196
119900276,85,3,82
119900277,60,60,0
119900278,430,148,282
119900279,212,538,-326
119900280,1224,340,884
119900281,2,254,-252
119900282,100,90,10
119900283,17,466,-449
119900284,64,564,-500
119900285,44,147,-103
119900286,2,81,-79
119900288,8,54,-46
119900289,2,62,-60
119900290,7,33,-26
119900291,0,94,-94
119900292,47,42,5
119900293,26,125,-99
119900294,33,164,-131
119900295,13,40,-27
119900296,93,484,-391
119900297,2,47,-45
119900298,8,18,-10
119900299,112,342,-230
119900300,571,308,263
119900301,163,65,98
119900302,149,143,6
119900303,361,357,4
119900304,232,62,170
119900305,25,207,-182
119900306,22,9,13
119900307,53,252,-199
119900308,11,60,-49
119900309,73,176,-103
119900310,437,454,-17
119900311,85,240,-155
119900312,170,147,23
119900313,377,558,-181
119900314,218,490,-272
119900315,1516,3799,-2283
119900318,44,31,13
119900319,6,474,-468
119900320,261,975,-714
119900321,115,11,104
120000001,11214,19881,-8667
120000002,3331,4124,-793
120000003,4737,2353,2384
120000004,3658,3020,638
120000005,6456,3083,3373
120000006,1649,1816,-167
120000007,5334,3928,1406
120000008,1677,2138,-461
120000009,5353,1598,3755
120000010,2621,4070,-1449
120000011,1715,3182,-1467
120000012,2171,4747,-2576
120000013,3820,4215,-395
120000014,1254,2678,-1424
120000015,3787,2560,1227
120000016,4686,3595,1091
120000017,5286,3677,1609
120000018,6210,14027,-7817
120000019,1146,2162,-1016
120000020,4346,4380,-34
120000021,2401,3556,-1155
120000022,4257,5389,-1132
120000023,1139,2577,-1438
120000024,2010,3342,-1332
120000025,2973,3354,-381
120000026,1869,2678,-809
120000027,2284,2898,-614
120000028,1873,993,880
120000029,13303,1088,12215
120000030,1462,2629,-1167
120000031,3145,20803,-17658
120000032,12988,6016,6972
120000033,6178,3220,2958
120000034,2294,3312,-1018
120000035,2681,3403,-722
120000036,3245,6901,-3656
120000037,936,2069,-1133
120000038,12365,5190,7175
120000039,745,1271,-526
120000040,393,408,-15
120000041,2286,2425,-139
120000042,3096,4469,-1373
120000043,7455,3318,4137
120000044,6175,2385,3790
120000045,6326,1828,4498
120000046,2969,4221,-1252
120000047,2534,7036,-4502
120000048,11860,6133,5727
120000049,5002,4259,743
120000050,5492,6606,-1114
120000051,4784,7028,-2244
120000052,16704,3656,13048
120000053,1433,4512,-3079
120000054,1871,7490,-5619
120000055,2189,7796,-5607
120000056,5428,6086,-658
120000057,4037,1117,2920
120000058,4153,655,3498
120000059,103,2276,-2173
120000061,195,913,-718
120000062,292,532,-240
120000063,2487,4140,-1653
120000064,355,2175,-1820
120000065,1205,2895,-1690
120000066,568,790,-222
120000067,217,841,-624
120000068,250,1508,-1258
120000069,1065,2219,-1154
120000070,100,1279,-1179
120000071,480,296,184
120000072,741,759,-18
120000073,763,148,615
120000074,488,123,365
120000075,1311,455,856
120000076,2975,732,2243
120000077,2551,858,1693
120000078,4995,1475,3520
120000079,189,242,-53
120000080,180,334,-154
120000081,563,278,285
120000082,205,326,-121
120000083,80,750,-670
120000084,637,611,26
120000085,681,427,254
120000086,468,741,-273
120000087,255,1130,-875
120000088,1109,2206,-1097
120000089,1324,1235,89
120000090,968,856,112
120000091,1199,1823,-624
120000092,1493,907,586
120000093,476,698,-222
120000094,153,911,-758
120000095,1311,847,464
120000096,336,1346,-1010
120000098,1219,1635,-416
120000099,647,1116,-469
120000100,912,1439,-527
120000101,705,716,-11
120000102,627,1002,-375
120000103,1710,1020,690
120000104,2004,594,1410
120000105,3155,1005,2150
120000106,2778,795,1983
120000107,4193,992,3201
120000108,1415,215,1200
120000109,1534,133,1401
120000110,102,1506,-1404
120000111,174,1782,-1608
120000112,1093,5631,-4538
120000113,920,3978,-3058
120000114,1294,4542,-3248
120000115,477,3644,-3167
120000116,940,3175,-2235
120000117,1972,2467,-495
120000118,48,41,7
120000119,33,96,-63
120000120,85,89,-4
120000121,44,84,-40
120000122,384,505,-121
120000123,9450,6743,2707
120000124,568,640,-72
120000125,654,1041,-387
120000126,625,1099,-474
120000127,3616,1319,2297
120000128,5378,4581,797
120000129,481,377,104
120000130,1231,927,304
120000131,351,786,-435
120000134,618,1772,-1154
120000135,678,650,28
120000137,314,2940,-2626
120000138,1029,738,291
120000139,356,1490,-1134
120000140,901,993,-92
120000141,746,846,-100
120000142,860,964,-104
120000143,2,198,-196
120000144,139,1,138
120000145,388,3,385
120000146,2935,1340,1595
120000149,760,1778,-1018
120000150,6250,15162,-8912
120000151,526,836,-310
120000152,677,434,243
120000153,332,1226,-894
120000154,626,768,-142
120000155,159,440,-281
120000156,1786,1290,496
120000157,1283,1340,-57
120000158,1104,1469,-365
120000159,2696,3623,-927
120000160,3077,2403,674
120000161,2748,3967,-1219
120000162,146,393,-247
120000163,730,2057,-1327
120000164,571,736,-165
120000165,677,1385,-708
120000166,1464,931,533
120000167,98,147,-49
120000168,29,458,-429
120000169,76,966,-890
120000170,114,541,-427
120000171,33,156,-123
120000172,69,141,-72
120000173,6883,666,6217
120000174,1631,26,1605
120000175,1617,46,1571
120000176,1175,46,1129
120000177,3719,203,3516
120000178,694,38,656
120000179,1153,57,1096
120000180,1702,174,1528
120000181,347,1098,-751
120000182,161,485,-324
120000183,48,350,-302
120000184,234,1333,-1099
120000186,185,270,-85
120000187,117,129,-12
120000188,1033,212,821
120000190,3027,59,2968
120000191,3047,69,2978
120000192,2150,43,2107
120000193,1283,18,1265
120000195,194,11,183
120000196,593,143,450
120000197,213,411,-198
120000198,194,166,28
120000199,98,0,98
120000200,58,1,57
120000201,4,31,-27
120000202,3,96,-93
120000203,41,345,-304
120000207,5,140,-135
120000208,18,397,-379
120000209,6,122,-116
120000210,224,259,-35
120000211,115,3,112
120000212,167,0,167
120000213,135,463,-328
120000214,1,505,-504
120000215,7,251,-244
120000216,81,9,72
120000217,1045,1762,-717
120000218,263,1167,-904
120000219,23,752,-729
120000220,14,2621,-2607
120000225,1496,4,1492
120000226,457,7,450
120000227,1173,79,1094
120000228,10007,4434,5573
120000230,407,17,390
120000231,1369,3338,-1969
120000233,358,31,327
120000235,226,1138,-912
120000236,1593,2,1591
120000237,7,2947,-2940
120000238,1,456,-455
120000241,1654,5571,-3917
120000412,1811,58,1753
120000413,351,494,-143
120000414,118,3,115
120000415,4,232,-228
120000416,320,15,305
120000417,7,179,-172
120000418,131,24,107
120000419,20,622,-602
120000420,77,58,19
120000421,18833,8677,10156
120000422,226,1141,-915
120000423,2,74,-72
120000424,62,204,-142
120000436,157,787,-630
120000437,232,212,20
120000438,5867,436,5431
120000439,244,524,-280
120000443,179,0,179
120000444,1839,1260,579
120000445,2393,1830,563
120000446,1189,326,863
120000447,213,14,199
120000449,130,17,113
120000450,5,390,-385
120000451,158,357,-199
120000452,156,3,153
120000453,2,772,-770
120000454,106,50,56
120000455,128,85,43
120000456,3523,5692,-2169
120000457,2350,1239,1111
120000458,892,1100,-208
120000459,129,140,-11
120000665,4525,381,4144
120000668,193,636,-443
120000669,89,365,-276
120000670,538,676,-138
120000671,2256,608,1648
120000672,133,596,-463
120900001,104,81,23
120900002,733,665,68
120900003,571,65,506
120900004,8,107,-99
120900005,11,2290,-2279
120900006,539,331,208
120900007,224,244,-20
120900008,301,1855,-1554
120900009,774,34,740
120900010,648,111,537
120900011,498,182,316
120900012,1012,1381,-369
120900013,459,130,329
120900014,5,1157,-1152
120900015,1340,146,1194
120900016,836,71,765
120900017,4456,145,4311
120900018,171,833,-662
120900019,828,321,507
120900020,1059,1320,-261
120900021,800,177,623
120900022,40,600,-560
120900023,282,69,213
120900024,2540,802,1738
120900025,2820,1481,1339
120900026,277,329,-52
120900027,1549,50,1499
120900028,407,86,321
120900029,244,397,-153
120900030,1412,942,470
120900031,335,133,202
120900032,985,246,739
120900033,1178,76,1102
120900034,42,3873,-3831
120900035,81,294,-213
120900037,229,14,215
120900038,49,237,-188
120900039,146,69,77
120900040,363,6,357
120900041,191,50,141
120900042,520,120,400
120900043,96,42,54
120900044,19,756,-737
120900045,271,283,-12
120900046,450,6,444
120900047,181,88,93
120900048,132,31,101
120900049,397,3,394
120900050,4660,1756,2904
120900051,392,229,163
120900052,671,7,664
120900053,348,132,216
120900054,2478,1169,1309
120900055,334,4,330
120900056,503,14,489
120900057,135,26,109
120900058,512,3,509
120900059,117,7,110
120900060,76,45,31
120900061,344,606,-262
120900062,239,0,239
120900063,551,10,541
120900064,540,3,537
120900065,489,12,477
120900066,382,425,-43
120900067,232,49,183
120900068,280,0,280
120900069,267,95,172
120900071,36,5,31
120900072,765,5,760
120900073,551,340,211
120900074,774,10,764
120900076,379,0,379
120900077,5893,750,5143
120900078,905,1506,-601
120900079,773,196,577
120900080,664,2882,-2218
120900081,999,1075,-76
120900082,928,689,239
120900083,116,3,113
120900084,311,539,-228
120900085,132,208,-76
120900086,232,406,-174
120900087,485,285,200
120900088,293,495,-202
120900089,6011,3038,2973
120900090,250,320,-70
120900091,761,814,-53
120900092,1763,1069,694
120900093,4438,411,4027
120900094,814,344,470
120900095,1042,76,966
120900096,105,322,-217
120900097,994,1299,-305
120900098,481,337,144
120900099,72,125,-53
120900100,183,495,-312
120900101,1048,523,525
120900102,43,342,-299
120900103,75,289,-214
120900104,35,90,-55
120900105,60,818,-758
120900106,2136,854,1282
120900107,367,259,108
120900108,55,1059,-1004
120900109,90,1120,-1030
120900110,29,2226,-2197
120900111,258,557,-299
120900112,12,1536,-1524
120900113,38,1311,-1273
120900114,43,255,-212
120900115,270,317,-47
120900116,513,827,-314
120900117,2,853,-851
120900118,19,1337,-1318
120900119,5535,13896,-8361
120900120,178,1095,-917
120900121,317,978,-661
120900122,559,870,-311
120900123,4,697,-693
120900124,5,997,-992
120900125,3,1485,-1482
120900126,2426,2011,415
120900127,20,800,-780
120900128,1532,2232,-700
120900129,87,573,-486
120900130,8,504,-496
120900131,59,121,-62
120900132,1001,661,340
120900133,271,1708,-1437
120900134,1076,684,392
120900135,16,973,-957
120900136,159,210,-51
120900137,334,197,137
120900138,48,359,-311
120900139,9,1176,-1167
120900140,7,221,-214
120900141,275,274,1
120900142,39,985,-946
120900143,11,1520,-1509
120900144,1,291,-290
120900145,534,1285,-751
120900146,6,1648,-1642
120900147,1,689,-688
120900148,146,235,-89
120900149,1,484,-483
120900150,82,871,-789
120900151,2,1070,-1068
120900152,0,88,-88
120900153,40,217,-177
120900154,0,422,-422
120900155,219,1627,-1408
120900156,76,630,-554
120900157,104,443,-339
120900158,55,879,-824
120900159,77,325,-248
120900160,42,886,-844
120900161,43,805,-762
120900162,37,859,-822
120900163,55,713,-658
120900164,0,3,-3
120900165,29,21,8
120900166,283,422,-139
120900167,677,218,459
120900169,78,710,-632
120900170,2832,3040,-208
120900171,1934,586,1348
120900172,4656,751,3905
120900173,1,101,-100
120900174,15,184,-169
120900175,403,381,22
120900176,16,500,-484
120900177,4,1295,-1291
120900178,3,583,-580
120900179,1462,847,615
120900180,277,215,62
120900181,498,155,343
120900182,29,1146,-1117
120900183,369,224,145
120900184,226,142,84
120900185,12,703,-691
120900186,3,649,-646
120900187,726,1609,-883
120900188,205,28,177
120900189,232,1151,-919
120900190,69,26,43
120900191,8,51,-43
120900192,18324,7745,10579
120900194,35,174,-139
120900195,211,414,-203
120900196,1722,71,1651
120900197,852,143,709
120900198,408,932,-524
120900199,595,2718,-2123
120900200,91,183,-92
120900201,715,268,447
120900202,4,361,-357
120900203,48,101,-53
120900204,182,423,-241
120900205,89,126,-37
120900206,16,37,-21
121000001,1470,1519,-49
121000002,4470,3032,1438
121000003,5170,2812,2358
121000004,5030,9787,-4757
121000005,3296,4152,-856
121000006,5905,2763,3142
121000007,5218,3955,1263
121000008,11375,5436,5939
121000009,9179,9005,174
121000010,14585,10274,4311
121000011,13620,20808,-7188
121000012,23969,16843,7126
121000013,7447,11454,-4007
121000014,9805,9517,288
121000015,7860,10894,-3034
121000016,6965,6249,716
121000017,3513,5923,-2410
121000018,3666,2898,768
121000019,30042,17605,12437
121000020,19823,22106,-2283
121000021,5591,5067,524
121000022,4505,4143,362
121000023,6207,4827,1380
121000024,6786,7282,-496
121000025,935,2245,-1310
121000026,480,227,253
121000027,2351,1756,595
121000028,1205,730,475
121000029,1485,1073,412
121000030,904,681,223
121000031,1270,1093,177
121000032,412,136,276
121000034,868,277,591
121000035,424,175,249
121000036,2260,1479,781
121000037,1164,797,367
121000038,1056,1244,-188
121000039,711,692,19
121000041,922,738,184
121000042,457,530,-73
121000043,1112,767,345
121000044,2489,1247,1242
121000045,849,469,380
121000046,1096,1315,-219
121000047,211,191,20
121000049,3010,927,2083
121000050,525,1619,-1094
121000051,1178,443,735
121000052,850,891,-41
121000053,623,143,480
121000054,60,443,-383
121000055,2071,1471,600
121000056,1199,1503,-304
121000057,603,832,-229
121000058,564,223,341
121000059,3264,1812,1452
121000060,731,1407,-676
121000061,342,273,69
121000062,325,549,-224
121000063,1062,741,321
121000064,828,669,159
121000065,630,619,11
121000066,503,477,26
121000067,1226,603,623
121000068,1037,499,538
121000069,1018,782,236
121000070,3017,1825,1192
121000071,2417,1945,472
121000072,3079,1152,1927
121000073,2196,1380,816
121000074,313,211,102
121000075,167,357,-190
121000076,1421,556,865
121000077,256,226,30
121000078,195,221,-26
121000080,3490,1105,2385
121000081,5932,4982,950
121000082,169,309,-140
121000083,327,186,141
121000084,277,185,92
121000085,363,677,-314
121000086,259,1281,-1022
121000087,88,469,-381
121000088,649,972,-323
121000089,647,564,83
121000090,713,519,194
121000091,2246,1294,952
121000092,245,140,105
121000093,260,315,-55
121000094,697,1197,-500
121000095,544,873,-329
121000096,2746,3630,-884
121000097,1772,2889,-1117
121000098,859,1655,-796
121000099,903,1130,-227
121000100,1589,750,839
121000101,643,468,175
121000102,492,555,-63
121000103,399,443,-44
121000104,534,298,236
121000105,587,424,163
121000106,484,684,-200
121000107,3468,5148,-1680
121000109,2243,1625,618
121000110,523,1094,-571
121000114,3906,2660,1246
121000115,1320,1138,182
121000116,379,1369,-990
121000117,1144,332,812
121000118,2089,371,1718
121000119,582,536,46
121000120,460,744,-284
121000121,951,1760,-809
121000123,2812,999,1813
121000126,217,462,-245
121000127,442,208,234
121000128,1289,799,490
121000129,1203,961,242
121000130,850,1496,-646
121000131,4217,3156,1061
121000132,2599,2449,150
121000135,857,1204,-347
121000136,3255,1041,2214
121000137,643,383,260
121000138,2647,1214,1433
121000139,1290,240,1050
121000141,378,260,118
121000142,1078,1356,-278
121000143,221,38,183
121000144,1566,2088,-522
121000145,1007,1738,-731
121000146,1924,1276,648
121000147,1562,848,714
121000148,1638,1615,23
121000149,3139,1996,1143
121000152,904,1075,-171
121000153,2875,1095,1780
121000154,1453,1266,187
121000155,2012,1845,167
121000156,612,1704,-1092
121000157,1748,3149,-1401
121000158,564,905,-341
121000159,255,727,-472
121000160,480,759,-279
121000161,302,523,-221
121000162,154,365,-211
121000165,2468,2358,110
121000166,35,770,-735
121000168,636,498,138
121000169,136,256,-120
121000170,526,275,251
121000171,108,289,-181
121000172,1045,779,266
121000173,2365,1535,830
121000174,471,545,-74
121000175,1333,583,750
121000176,562,316,246
121000177,1814,998,816
121000178,259,89,170
121000179,122,84,38
121000181,579,666,-87
121000182,166,267,-101
121000183,98,136,-38
121000184,361,162,199
121000185,57,252,-195
121000186,314,760,-446
121000187,312,346,-34
121000188,287,322,-35
121000192,1291,586,705
121000193,1037,791,246
121000194,3896,3255,641
121000195,494,1218,-724
121000196,1386,337,1049
121000197,468,1114,-646
121000198,715,173,542
121000199,416,603,-187
121000200,1415,119,1296
121000201,11,306,-295
121000202,1393,210,1183
121000203,1447,3236,-1789
121000204,4333,1152,3181
121000205,347,450,-103
121000206,374,57,317
121000207,3025,685,2340
121000208,14,655,-641
121000209,467,571,-104
121000210,632,744,-112
121000211,462,265,197
121000212,472,1088,-616
121000213,13067,4409,8658
121000214,1097,4717,-3620
121000215,1793,1287,506
121000216,887,1274,-387
121000217,8099,4893,3206
121000218,804,2347,-1543
121000219,3298,678,2620
121000220,489,62,427
121000221,249,374,-125
121000222,3981,3112,869
121000223,1351,419,932
121000224,599,282,317
121000225,4701,1870,2831
121000226,14301,1928,12373
121000227,8,278,-270
121000228,20,975,-955
121000229,419,577,-158
121000230,64,2248,-2184
121000231,1175,70,1105
121000232,404,419,-15
121000233,835,556,279
121000234,75,64,11
121000235,182,94,88
121000236,26,156,-130
121000237,92,17,75
121000238,11,182,-171
121000239,118,3,115
121000240,33,484,-451
121000241,115,16,99
121000242,92,357,-265
121000243,566,169,397
121000244,27,103,-76
121000245,155,32,123
121000246,2,149,-147
121000247,189,7,182
121000248,1574,941,633
121000249,202,504,-302
121000250,1217,212,1005
121000251,59,653,-594
121000252,144,105,39
121000253,648,660,-12
121000254,928,368,560
121000255,1147,268,879
121000256,1184,351,833
121000257,224,126,98
121000258,532,94,438
121000259,244,103,141
121000260,470,232,238
121000261,372,89,283
121000262,1423,1684,-261
121000263,687,617,70
121000271,381,2227,-1846
121000273,379,12,367
121000274,40,82,-42
121000275,6,29,-23
121000276,6,27,-21
121000278,97,97,0
121000279,147,23,124
121000280,388,77,311
121000289,412,56,356
121000290,1757,1028,729
121000294,231,288,-57
121000297,1246,2034,-788
121000299,870,437,433
121000300,1018,1218,-200
121000302,244,2283,-2039
121000303,959,1015,-56
121000304,704,88,616
121000305,275,68,207
121000306,155,192,-37
121000308,294,718,-424
121000309,771,962,-191
121000310,229,503,-274
121000311,121,1518,-1397
121000312,565,404,161
121000313,655,956,-301
121000314,184,231,-47
121000315,102,176,-74
121000530,1950,2025,-75
121000531,2606,2139,467
121000532,9253,9005,248
121000533,3855,4435,-580
121000918,232,218,14
121000919,98,46,52
121000938,709,1172,-463
121000939,780,1054,-274
121000956,1454,2253,-799
121000957,13,15,-2
121000958,306,75,231
121000959,956,1410,-454
121000960,2774,3202,-428
121000961,255,257,-2
121000962,465,1480,-1015
121000973,0,210,-210
121000976,37,313,-276
121000979,701,268,433
121000981,402,338,64
121000982,404,309,95
121000983,643,678,-35
121000984,117,78,39
121000985,721,983,-262
121000986,560,324,236
121000987,467,1982,-1515
121000988,972,234,738
121001302,462,217,245
121001308,5,6,-1
121001309,203,147,56
121001313,561,286,275
121001314,3627,5162,-1535
121001315,6546,3746,2800
121900001,191,268,-77
121900002,220,41,179
121900003,483,66,417
121900004,204,562,-358
121900005,58,12,46
121900006,171,37,134
121900007,3059,4161,-1102
121900008,1837,641,1196
121900009,1051,43,1008
121900010,291,4,287
121900011,483,611,-128
121900012,45,4,41
121900013,2670,53,2617
121900014,1998,499,1499
121900015,208,331,-123
121900016,8,54,-46
121900017,1003,870,133
121900018,502,18,484
121900019,571,412,159
121900020,56,2,54
121900021,1030,18,1012
121900022,353,295,58
121900023,176,582,-406
121900024,556,144,412
121900025,818,502,316
121900026,558,64,494
121900027,642,178,464
121900028,511,36,475
121900029,175,286,-111
121900030,884,926,-42
121900031,1658,10299,-8641
121900032,201,156,45
121900033,234,240,-6
121900034,656,118,538
121900035,3938,3224,714
121900036,106,475,-369
121900037,260,1017,-757
121900038,64,246,-182
121900039,594,60,534
121900040,83,155,-72
121900041,130,225,-95
121900042,513,163,350
121900043,46,15,31
121900044,345,118,227
121900046,521,524,-3
121900047,298,111,187
121900048,86,268,-182
121900050,43,80,-37
121900051,219,197,22
121900052,225,61,164
121900053,892,596,296
121900054,724,1563,-839
121900055,0,21,-21
121900058,336,286,50
121900059,626,228,398
121900060,202,493,-291
121900061,610,213,397
121900062,231,170,61
121900063,2731,465,2266
121900064,477,982,-505
121900066,109,42,67
121900067,108,110,-2
121900069,218,196,22
121900070,456,173,283
121900071,371,428,-57
121900072,67,218,-151
121900073,370,269,101
121900074,1144,1432,-288
121900075,1216,569,647
121900076,1225,863,362
121900077,36,99,-63
121900078,148,71,77
121900079,1,2,-1
121900080,1369,665,704
121900082,65,172,-107
121900084,9,309,-300
121900085,7,20,-13
121900086,11,77,-66
121900087,234,157,77
121900088,3227,4562,-1335
121900089,229,520,-291
121900090,72,141,-69
121900091,79,225,-146
121900092,211,151,60
121900093,102,115,-13
121900094,36,11,25
121900095,336,171,165
121900096,2083,1212,871
121900097,756,229,527
121900098,9,7,2
121900099,277,115,162
121900100,420,641,-221
121900101,162,200,-38
121900102,9,189,-180
121900103,1465,385,1080
121900104,2022,480,1542
121900105,331,313,18
121900106,8,10,-2
121900107,81,54,27
121900108,3,49,-46
121900109,444,201,243
121900110,568,1543,-975
121900111,2149,197,1952
121900112,330,226,104
121900113,114,773,-659
121900114,110,154,-44
121900115,244,404,-160
121900117,982,71,911
121900118,3366,853,2513
121900119,254,186,68
121900120,58,2165,-2107
121900121,888,84,804
121900122,36,100,-64
121900123,357,589,-232
121900124,221,227,-6
121900125,1829,1794,35
121900127,19,148,-129
121900128,155,181,-26
121900129,1111,244,867
121900130,165,322,-157
121900131,511,94,417
121900132,128,171,-43
121900133,109,681,-572
121900134,41,214,-173
121900135,3599,508,3091
121900136,487,638,-151
121900137,64,574,-510
121900138,233,385,-152
121900139,441,600,-159
121900140,104,298,-194
121900141,55,48,7
121900142,180,260,-80
121900143,36,264,-228
121900144,171,344,-173
121900145,302,393,-91
121900146,906,1206,-300
121900147,50,201,-151
121900148,269,451,-182
121900149,646,1049,-403
121900150,73,209,-136
121900151,131,390,-259
121900152,160,206,-46
121900153,180,1028,-848
121900154,17,298,-281
121900155,2,189,-187
121900156,231,172,59
121900157,4,584,-580
121900158,133,142,-9
121900159,4,316,-312
121900160,129,368,-239
121900161,518,515,3
121900162,184,239,-55
121900163,386,1020,-634
121900164,719,238,481
121900165,384,235,149
121900166,365,292,73
121900167,172,183,-11
121900168,258,316,-58
121900169,11,433,-422
121900170,14,333,-319
121900171,962,881,81
121900172,762,354,408
121900173,1324,382,942
121900174,57,115,-58
121900175,366,240,126
121900176,1032,2284,-1252
121900177,285,114,171
121900178,71,65,6
121900179,705,220,485
121900180,6836,5905,931
121900182,1063,397,666
121900183,1088,1158,-70
121900184,113,1001,-888
121900186,11,437,-426
121900187,102,265,-163
121900188,783,639,144
121900189,72,163,-91
121900190,495,750,-255
121900191,160,324,-164
121900192,529,942,-413
121900193,72,205,-133
121900194,11,255,-244
121900195,156,161,-5
121900196,1449,1742,-293
121900197,508,2300,-1792
121900198,1454,1656,-202
121900199,11,53,-42
121900200,129,381,-252
121900201,1859,1126,733
121900202,225,1014,-789
121900203,334,1415,-1081
121900204,1382,1820,-438
121900205,11,149,-138
121900206,27,44,-17
121900207,222,48,174
121900208,251,417,-166
121900209,81,58,23
121900210,1999,1721,278
121900211,15,114,-99
121900212,252,191,61
121900213,259,135,124
121900214,10,917,-907
121900215,98,168,-70
121900216,101,182,-81
121900217,290,240,50
121900218,364,721,-357
121900220,215,20,195
121900221,379,1107,-728
121900222,365,252,113
121900223,290,80,210
121900224,195,68,127
121900225,356,161,195
121900226,439,930,-491
121900227,334,710,-376
121900228,324,490,-166
121900229,369,380,-11
121900230,251,455,-204
121900231,522,2169,-1647
121900232,524,574,-50
121900233,367,365,2
121900234,723,510,213
121900235,860,316,544
121900236,565,241,324
121900237,300,341,-41
121900238,268,630,-362
121900239,333,61,272
121900240,373,224,149
121900241,68,86,-18
121900242,8,1,7
121900243,32,0,32
121900244,51,12,39
121900245,199,113,86
121900246,3046,501,2545
121900247,491,346,145
121900248,2026,1588,438
121900250,376,373,3
121900251,485,79,406
121900252,817,232,585
121900253,207,1031,-824
121900254,613,348,265
121900255,331,134,197
121900258,4285,3138,1147
121900259,538,928,-390
121900260,235,321,-86
121900261,248,854,-606
121900262,605,1668,-1063
121900263,367,474,-107
121900264,3077,2432,645
121900265,435,410,25
121900266,615,271,344
121900267,108,44,64
121900269,387,906,-519
121900270,42,341,-299
121900271,51,271,-220
121900273,823,2835,-2012
121900274,378,311,67
121900276,71,16,55
121900277,753,1674,-921
121900278,287,1262,-975
121900279,291,271,20
121900280,366,514,-148
121900281,878,481,397
121900284,261,30,231
121900286,554,196,358
121900287,37,54,-17
121900290,341,419,-78
121900291,533,846,-313
121900292,256,153,103
121900293,1237,3791,-2554
121900294,351,4,347
121900295,144,359,-215
121900296,195,274,-79
121900298,725,903,-178
121900299,0,0,0
121900300,244,20,224
121900301,82,23,59
121900302,2,97,-95
121900303,839,709,130
121900304,0,4,-4
121900305,4,4,0
121900306,68,3,65
121900307,46,28,18
121900308,43,396,-353
121900309,32,409,-377
121900310,44,589,-545
121900311,413,51,362
121900312,393,32,361
121900313,445,41,404
121900314,4,125,-121
121900315,7,2,5
121900316,1,13,-12
121900317,24,5,19
121900318,4,16,-12
121900319,27,228,-201
121900320,73,171,-98
121900321,20,2,18
121900322,4,56,-52
121900323,19,11,8
121900324,26,68,-42
121900325,9,3,6
121900326,5,23,-18
121900327,9,119,-110
121900328,0,61,-61
121900329,0,344,-344
121900330,0,24,-24
121900331,30,35,-5
121900332,108,59,49
121900333,21,2,19
122000001,4013,6569,-2556
122000002,7905,2576,5329
122000003,3587,3567,20
122000004,4889,2335,2554
122000005,3750,2374,1376
122000006,2699,1130,1569
122000007,1893,2587,-694
122000008,6990,7604,-614
122000009,600,491,109
122000010,2751,4008,-1257
122000011,4448,1915,2533
122000012,1716,1575,141
122000013,2513,1573,940
122000014,2135,2220,-85
122000015,1996,1559,437
122000016,797,1180,-383
122000017,1544,1407,137
122000018,2016,1573,443
122000019,1113,1604,-491
122000020,386,267,119
122000021,575,669,-94
122000022,1867,1650,217
122000023,924,3155,-2231
122000024,1123,1351,-228
122000025,2516,2102,414
122000026,1770,1201,569
122000027,843,4587,-3744
122000028,1069,675,394
122000029,770,597,173
122000030,496,223,273
122000031,292,348,-56
122000032,2208,3875,-1667
122000033,1280,1345,-65
122000034,1278,991,287
122000035,456,1199,-743
122000036,738,826,-88
122000037,506,471,35
122000038,361,607,-246
122000039,892,894,-2
122000040,490,726,-236
122000041,681,733,-52
122000042,489,669,-180
122000043,253,186,67
122000044,218,241,-23
122000045,2089,590,1499
122000046,1003,1259,-256
122000047,445,310,135
122000048,5393,7117,-1724
122000049,9061,4318,4743
122000050,2414,962,1452
122000051,496,396,100
122000052,788,508,280
122000053,218,975,-757
122000054,3346,2907,439
122000055,2983,3914,-931
122000056,7329,5207,2122
122000057,5114,4824,290
122000058,4515,1698,2817
122000059,4269,2077,2192
122000060,1243,858,385
122000061,698,605,93
122000062,1707,508,1199
122000063,2752,1001,1751
122000064,4987,3369,1618
122000065,7698,3394,4304
122000066,1763,1328,435
122000067,3041,1916,1125
122000068,2226,2215,11
122000069,1008,926,82
122000070,1305,4612,-3307
122000071,2247,2296,-49
122000072,507,508,-1
122000073,507,688,-181
122000074,3907,2133,1774
122000075,934,1933,-999
122000076,2677,1622,1055
122000077,2650,976,1674
122000078,3610,3048,562
122000079,3392,1566,1826
122000080,1663,516,1147
122000081,338,530,-192
122000082,1967,1036,931
122000083,2335,4063,-1728
122000084,1939,1345,594
122000085,434,2624,-2190
122000086,3538,7440,-3902
122000087,737,322,415
122000088,674,656,18
122000089,10062,4346,5716
122000090,442,755,-313
122000091,652,109,543
122000092,353,23,330
122000093,3046,1685,1361
122000094,11803,3484,8319
122000095,6095,5029,1066
122000096,4144,2725,1419
122000098,5717,2737,2980
122000099,4601,936,3665
122000100,1541,1007,534
122000101,408,1451,-1043
122000102,2753,1705,1048
122000103,2992,2199,793
122000104,669,260,409
122000105,1122,429,693
122000106,883,698,185
122000107,1320,718,602
122000108,532,1053,-521
122000109,450,541,-91
122000110,568,666,-98
122000111,3724,1903,1821
122000112,1089,2014,-925
122000113,838,915,-77
122000114,6596,2172,4424
122000115,2331,2807,-476
122000116,853,714,139
122000117,2622,772,1850
122000118,805,1260,-455
122000119,6042,4587,1455
122000120,3885,9142,-5257
122000121,4148,5907,-1759
122000122,1256,2775,-1519
122000123,2954,2956,-2
122000124,1448,1092,356
122000125,957,1158,-201
122000126,1031,2285,-1254
122000127,1721,2305,-584
122000128,707,1284,-577
122000129,669,2179,-1510
122000130,5531,2674,2857
122000131,2999,3121,-122
122000132,1067,1118,-51
122000133,1697,2535,-838
122000134,1402,1198,204
122000135,1146,1200,-54
122000136,1439,1044,395
122000137,2584,1661,923
122000139,2360,4968,-2608
122000140,1654,867,787
122000141,6773,1668,5105
122000142,733,1263,-530
122000143,828,1167,-339
122000144,2530,3340,-810
122000145,2387,1510,877
122000146,1176,2032,-856
122000147,1216,795,421
122000148,3265,2275,990
122000149,3054,2386,668
122000150,1841,1644,197
122000151,359,543,-184
122000152,565,655,-90
122000153,555,534,21
122000154,475,320,155
122000155,2545,4185,-1640
122000156,3156,3075,81
122000157,2517,2036,481
122000158,500,1123,-623
122000159,1404,3826,-2422
122000160,7660,5317,2343
122000161,2084,1908,176
122000162,3560,2986,574
122000163,394,125,269
122000164,45,125,-80
122000165,1883,990,893
122000166,2340,1582,758
122000167,313,271,42
122000168,302,714,-412
122000169,845,283,562
122000170,517,361,156
122000171,85,89,-4
122000172,2135,1959,176
122000173,1899,3087,-1188
122000174,4272,1075,3197
122000175,1939,494,1445
122000176,354,975,-621
122000177,2623,1813,810
122000178,4414,3984,430
122000179,2487,3538,-1051
122000180,2355,1876,479
122000181,2449,5215,-2766
122000182,2617,2337,280
122000183,2629,1547,1082
122000184,3710,2901,809
122000185,1713,1678,35
122000186,733,971,-238
122000187,2949,1533,1416
122000188,540,266,274
122000189,377,446,-69
122000190,1747,1539,208
122000191,1668,1182,486
122000192,1779,517,1262
122000193,650,788,-138
122000194,1307,299,1008
122000195,303,621,-318
122000196,1911,869,1042
122000197,819,879,-60
122000198,706,1090,-384
122000199,509,426,83
122000200,1722,963,759
122000201,1944,1695,249
122000202,2086,1569,517
122000203,5146,2304,2842
122000204,2563,3020,-457
122000205,2219,2353,-134
122000206,3104,1196,1908
122000207,2782,1709,1073
122000208,4438,1998,2440
122000209,3531,498,3033
122000210,3665,2572,1093
122000211,2924,1484,1440
122000212,1215,1026,189
122000213,1551,2400,-849
122000214,3188,2513,675
122000215,2747,2323,424
122000217,3494,1909,1585
122000218,1137,141,996
122000219,1850,1357,493
122000220,523,1039,-516
122000221,149,614,-465
122000222,886,335,551
122000223,2400,806,1594
122000225,1662,420,1242
122000226,3849,2890,959
122000227,638,4383,-3745
122000228,699,599,100
122000229,47,655,-608
122000230,99,820,-721
122000231,639,1225,-586
122000232,1219,1343,-124
122000233,5,116,-111
122000234,528,229,299
122000235,2599,239,2360
122000236,1539,261,1278
122000237,172,133,39
122000238,515,591,-76
122000239,1187,265,922
122000240,1754,893,861
122000241,2018,688,1330
122000242,1236,146,1090
122000243,1561,57,1504
122000244,74,353,-279
122000245,27,101,-74
122000246,188,142,46
122000247,1047,343,704
122000248,1613,2530,-917
122000249,1917,1806,111
122000250,3655,2900,755
122000251,470,595,-125
122000252,767,265,502
122000253,57,425,-368
122000254,435,145,290
122000255,1159,2304,-1145
122000256,606,1649,-1043
122000257,307,518,-211
122000258,373,403,-30
122000259,25,729,-704
122000260,7,112,-105
122000261,13,328,-315
122000262,3,77,-74
122000263,417,182,235
122000264,1708,667,1041
122000265,4259,1201,3058
122000266,8107,811,7296
122000267,360,140,220
122000268,300,502,-202
122000269,1504,549,955
122000270,1815,215,1600
122000271,504,1518,-1014
122000272,564,1583,-1019
122000273,621,635,-14
122000274,349,253,96
122000275,492,336,156
122000276,1185,840,345
122000277,2148,2121,27
122000278,3471,1400,2071
122000279,325,818,-493
122000280,1455,1227,228
122000281,1364,1293,71
122000282,449,257,192
122000283,1289,127,1162
122000284,394,173,221
122000285,948,151,797
122000286,301,224,77
122000287,2860,1936,924
122000288,1337,416,921
122000291,2435,1162,1273
122000293,518,430,88
122000294,251,361,-110
122000295,2162,290,1872
122000296,55,932,-877
122000297,4301,3961,340
122000299,567,611,-44
122000300,650,820,-170
122000301,18262,4852,13410
122000302,1502,2001,-499
122000303,5690,1963,3727
122000304,108,445,-337
122000305,1411,514,897
122000306,36,1173,-1137
122000307,393,187,206
122000309,277,82,195
122000310,48,94,-46
122000311,411,251,160
122000312,230,130,100
122000313,154,113,41
122000314,193,383,-190
122000315,425,37,388
122000316,965,328,637
122000317,1770,375,1395
122000318,390,1119,-729
122000319,361,768,-407
122000320,596,2855,-2259
122000321,155,273,-118
122000322,3401,3374,27
122000323,2088,2751,-663
122000324,1760,1679,81
122000325,1543,1961,-418
122000326,84,221,-137
122000327,1042,1536,-494
122000328,1778,1201,577
122000330,3313,1265,2048
122000332,698,517,181
122000333,15,144,-129
122000337,1364,2453,-1089
122000338,718,728,-10
122000340,545,536,9
122000342,2995,1541,1454
122000343,612,1287,-675
122000344,78,31,47
122000345,501,74,427
122000346,645,779,-134
122000348,941,1076,-135
122000349,155,1069,-914
122000351,147,280,-133
122000352,589,222,367
122000353,107,158,-51
122000355,259,254,5
122000356,2773,1486,1287
122000357,207,63,144
122000358,0,98,-98
122000359,0,36,-36
122000360,0,95,-95
122000362,13,155,-142
122000364,214,591,-377
122000365,6,71,-65
122000366,25,8,17
122000368,656,954,-298
122000370,30,93,-63
122000371,47,0,47
122000372,28,6,22
122000381,91,522,-431
122000382,75,323,-248
122000384,5573,2409,3164
122000385,100,2,98
122000386,1109,2013,-904
122000387,1353,723,630
122000388,2494,1090,1404
122000389,249,883,-634
122000390,839,314,525
122000391,557,222,335
122000392,251,277,-26
122000393,377,212,165
122000394,885,556,329
122000395,292,265,27
122000396,461,174,287
122000397,137,99,38
122000398,56,77,-21
122000399,233,123,110
122000400,234,593,-359
122000401,163,105,58
122000402,465,177,288
122000403,885,1480,-595
122000404,220,456,-236
122000408,1462,2002,-540
122000503,10,180,-170
122000524,255,161,94
122000544,129,5657,-5528
122000616,553,6,547
122000640,92,246,-154
122000641,137,511,-374
122000642,2581,1475,1106
122000643,72,194,-122
122000644,302,34,268
122000645,134,390,-256
122000651,3273,1008,2265
122000664,263,76,187
122000665,1732,815,917
122000666,873,1450,-577
122000673,51,443,-392
122000674,170,103,67
122000675,2460,1736,724
122000686,738,1809,-1071
122000687,2441,488,1953
122000688,410,1180,-770
122000689,1282,958,324
122000690,2078,921,1157
122000691,867,3031,-2164
122000692,2013,529,1484
122000693,757,2957,-2200
122000695,351,761,-410
122000696,560,502,58
122000698,487,1287,-800
122000699,390,219,171
122000701,1981,536,1445
122000702,736,2120,-1384
122000703,220,102,118
122000717,261,115,146
122000718,533,1105,-572
122000719,166,113,53
122000720,442,465,-23
122000724,47,10,37
122900001,66,17,49
122900002,1837,6832,-4995
122900003,652,113,539
122900004,1191,55,1136
122900005,164,70,94
122900006,2434,504,1930
122900007,351,96,255
122900008,1581,118,1463
122900009,1289,671,618
122900010,310,255,55
122900012,314,484,-170
122900014,233,446,-213
122900015,3592,1325,2267
122900016,274,443,-169
122900017,516,1363,-847
122900018,315,22,293
122900019,22,255,-233
122900020,907,600,307
122900021,85,1554,-1469
122900022,1086,1248,-162
122900023,708,420,288
122900024,201,163,38
122900025,36,323,-287
122900026,180,546,-366
122900027,94,1279,-1185
122900028,167,296,-129
122900029,6579,4450,2129
122900030,1906,850,1056
122900031,214,435,-221
122900032,166,569,-403
122900033,429,221,208
122900034,6167,8014,-1847
122900035,64,24,40
122900036,77,190,-113
122900037,720,208,512
122900038,210,5289,-5079
122900039,169,880,-711
122900040,546,566,-20
122900041,493,287,206
122900042,275,370,-95
122900043,783,225,558
122900044,139,505,-366
122900045,140,156,-16
122900046,597,168,429
122900047,343,282,61
122900048,79,545,-466
122900049,2217,207,2010
122900051,153,158,-5
122900052,124,240,-116
122900053,125,49,76
122900055,808,230,578
122900057,466,87,379
122900061,721,296,425
122900062,762,1094,-332
122900063,239,557,-318
122900064,2381,728,1653
122900065,878,271,607
122900066,867,485,382
122900067,1945,1130,815
122900068,266,394,-128
122900069,714,3587,-2873
122900070,528,53,475
122900071,159,633,-474
122900072,34,899,-865
122900073,47,370,-323
122900074,1165,1182,-17
122900075,1,109,-108
122900076,14,271,-257
122900077,1,226,-225
122900078,221,221,0
122900080,94,39,55
122900081,286,329,-43
122900082,967,457,510
122900083,218,322,-104
122900084,19,407,-388
122900086,33,152,-119
122900087,647,697,-50
122900088,67,198,-131
122900089,296,270,26
122900090,33,824,-791
122900091,280,1,279
122900092,1,282,-281
122900093,3,455,-452
122900094,4,370,-366
122900095,262,15,247
122900096,353,397,-44
122900097,58,44,14
122900098,172,166,6
122900099,88,17,71
122900100,1874,365,1509
122900101,995,382,613
122900102,42,44,-2
122900103,129,7,122
122900104,112,18,94
122900105,13,9,4
122900106,4,163,-159
122900107,6,337,-331
122900108,6,299,-293
123000001,2841,676,2165
123000002,7577,6239,1338
123000003,5672,5445,227
123000004,4350,6566,-2216
123000005,4101,4292,-191
123000006,3889,4321,-432
123000007,5948,4014,1934
123000008,4221,5257,-1036
123000009,6667,4634,2033
123000010,5030,4883,147
123000011,4639,1223,3416
123000012,1129,3411,-2282
123000013,4912,1241,3671
123000014,1564,5226,-3662
123000015,7139,1839,5300
123000016,8780,6711,2069
123000017,4387,2339,2048
123000018,83,151,-68
123000019,419,482,-63
123000020,210,189,21
123000021,106,465,-359
123000022,539,3914,-3375
123000023,2154,2049,105
123000024,2155,790,1365
123000025,734,330,404
123000026,40,82,-42
123000027,1168,526,642
123000028,3140,262,2878
123000029,2937,729,2208
123000030,567,713,-146
123000031,282,503,-221
123000032,413,390,23
123000033,463,91,372
123000034,1632,1590,42
123000035,492,830,-338
123000036,421,1917,-1496
123000037,411,520,-109
123000038,196,277,-81
123000039,610,1703,-1093
123000040,1319,512,807
123000041,2062,1482,580
123000042,1349,855,494
123000043,5345,10874,-5529
123000044,7471,3835,3636
123000045,14195,4169,10026
123000046,1321,2169,-848
123000047,3291,1857,1434
123000048,148,958,-810
123000049,11647,12765,-1118
123000050,1948,2199,-251
123000051,168,265,-97
123000052,1162,5178,-4016
123000053,4423,4999,-576
123000054,2151,3108,-957
123000055,3741,4314,-573
123000056,1863,2884,-1021
123000057,23791,9908,13883
123000058,918,1176,-258
123000059,688,989,-301
123000060,1158,515,643
123000061,424,1097,-673
123000063,1206,1313,-107
123000064,1505,425,1080
123000065,11804,6005,5799
123000066,1308,1199,109
123000067,1435,1038,397
123000068,4815,4765,50
123000069,10181,5870,4311
123000070,327,1244,-917
123000071,1342,1614,-272
123000072,1473,1769,-296
123000073,1485,1096,389
123000074,1410,2168,-758
123000075,511,1569,-1058
123000076,868,1239,-371
123000077,2478,4408,-1930
123000078,2009,2343,-334
123000079,2057,2702,-645
123000080,3165,3380,-215
123000081,224,764,-540
123000082,576,1629,-1053
123000083,1273,368,905
123000084,646,900,-254
123000085,352,149,203
123000086,545,359,186
123000087,387,564,-177
123000088,1883,1491,392
123000089,631,1844,-1213
123000090,1557,1396,161
123000091,2263,2352,-89
123000092,1272,1798,-526
123000094,727,392,335
123000095,756,943,-187
123000096,906,640,266
123000097,767,1315,-548
123000098,1050,825,225
123000099,797,1054,-257
123000100,772,1016,-244
123000101,886,823,63
123000102,791,980,-189
123000104,616,596,20
123000105,714,685,29
123000106,622,661,-39
123000107,600,725,-125
123000108,1034,1781,-747
123000111,1187,485,702
123000112,1434,983,451
123000113,750,2419,-1669
123000114,610,864,-254
123000115,415,492,-77
123000116,35,224,-189
123000117,2482,3306,-824
123000118,630,1541,-911
123000119,474,1375,-901
123000120,781,1290,-509
123000121,633,807,-174
123000122,488,342,146
123000123,585,889,-304
123000124,767,649,118
123000125,1650,1525,125
123000126,2500,4965,-2465
123000127,1395,1034,361
123000128,460,525,-65
123000129,871,417,454
123000130,672,117,555
123000131,1033,976,57
123000132,731,973,-242
123000133,324,647,-323
123000134,561,285,276
123000135,2865,1962,903
123000136,368,1471,-1103
123000137,170,500,-330
123000138,119,667,-548
123000139,593,222,371
123000140,162,1398,-1236
123000141,1141,223,918
123000142,1288,1414,-126
123000143,2143,3143,-1000
123000144,47,43,4
123000145,329,179,150
123000146,88,136,-48
123000147,278,211,67
123000149,665,761,-96
123000150,370,429,-59
123000151,439,622,-183
123000152,168,595,-427
123000153,359,1072,-713
123000154,2688,3027,-339
123000155,3397,1519,1878
123000156,140,269,-129
123000157,779,1331,-552
123000158,774,1098,-324
123000159,5201,3461,1740
123000160,1456,1034,422
123000161,2617,1800,817
123000162,1569,2331,-762
123000163,907,162,745
123000164,2131,500,1631
123000165,556,2515,-1959
123000166,77,260,-183
123000167,200,410,-210
123000168,358,415,-57
123000169,1037,200,837
123000170,110,392,-282
123000171,989,50,939
123000172,326,869,-543
123000173,908,376,532
123000174,1540,523,1017
123000175,1184,1987,-803
123000176,1618,385,1233
123000177,464,1644,-1180
123000178,1212,225,987
123000179,64,1021,-957
123000180,2275,599,1676
123000181,460,2199,-1739
123000182,378,672,-294
123000183,254,625,-371
123000184,200,1084,-884
123000185,975,720,255
123000186,4,978,-974
123000187,737,15,722
123000188,379,4,375
123000189,236,227,9
123000190,77,102,-25
123000192,29,639,-610
123000193,90,1220,-1130
123000194,668,412,256
123000195,364,65,299
123000196,416,49,367
123000197,89,193,-104
123000198,71,445,-374
123000199,13,906,-893
123000200,638,12,626
123000201,1133,28,1105
123000202,25,1846,-1821
123000203,1148,99,1049
123000204,133,1665,-1532
123000205,793,2850,-2057
123000206,2476,300,2176
123000207,115,1339,-1224
123000208,753,228,525
123000209,2810,710,2100
123000210,710,2877,-2167
123000211,793,4107,-3314
123000212,4220,732,3488
123000213,883,112,771
123000215,325,415,-90
123000216,420,2479,-2059
123000217,246,73,173
123000218,165,890,-725
123000219,1690,282,1408
123000220,718,152,566
123000221,333,235,98
123000222,605,1007,-402
123000223,431,693,-262
123000224,544,841,-297
123000225,678,123,555
123000226,139,605,-466
123000227,113,468,-355
123000228,417,108,309
123000229,1580,2596,-1016
123000232,133,922,-789
123000233,1014,264,750
123000234,283,953,-670
123000235,1277,581,696
123000236,384,1385,-1001
123000237,466,141,325
123000238,143,854,-711
123000239,665,2538,-1873
123000240,84,644,-560
123000241,1001,188,813
123000242,298,347,-49
123000243,1082,1262,-180
123000244,1364,1011,353
123000245,81,274,-193
123000249,741,1312,-571
123000252,1261,374,887
123000253,1341,637,704
123000254,821,1609,-788
123000255,1627,1321,306
123000256,52,390,-338
123000257,4882,3311,1571
123000258,1560,1501,59
123000259,430,597,-167
123000260,508,842,-334
123000261,300,419,-119
123000262,105,317,-212
123000263,437,144,293
123000264,273,99,174
123000265,59,199,-140
123000266,700,1143,-443
123000267,857,470,387
123000268,63,95,-32
123000269,38,58,-20
123000270,64,86,-22
123000271,103,100,3
123000272,957,379,578
123000273,397,880,-483
123000274,1705,887,818
123000275,509,1466,-957
123000278,4706,3929,777
123000279,102,177,-75
123000280,579,459,120
123000281,463,147,316
123000282,170,413,-243
123000283,145,131,14
123000284,74,219,-145
123000286,386,387,-1
123000287,776,393,383
123000288,1639,1112,527
123000289,671,1626,-955
123000291,460,1129,-669
123000294,167,319,-152
123000295,1309,1262,47
123000296,827,598,229
123000297,629,1033,-404
123000298,762,653,109
123000299,78,286,-208
123000300,1086,1218,-132
123000301,209,364,-155
123000302,90,326,-236
123000303,336,112,224
123000305,1355,1284,71
123000306,167,360,-193
123000309,57,79,-22
123000310,60,69,-9
123000311,2,160,-158
123000312,1089,1435,-346
123000313,610,725,-115
123000315,111,563,-452
123000316,2617,375,2242
123000317,312,78,234
123000318,83,394,-311
123000329,39,19,20
123000337,1000,329,671
123000338,1582,73,1509
123000339,244,265,-21
123000340,249,706,-457
123000342,29,24,5
123000343,88,4,84
123000344,1820,809,1011
123000345,505,984,-479
123000346,369,92,277
123000352,2570,1232,1338
123000353,26,156,-130
123000354,865,27,838
123000355,3,911,-908
123000356,441,29,412
123000357,2,355,-353
123000359,6,280,-274
123000360,336,262,74
123000361,803,502,301
123000362,522,186,336
123000363,148,351,-203
123000364,704,729,-25
123000365,32,607,-575
123000366,802,2845,-2043
123000367,430,1927,-1497
123000370,63,392,-329
123000371,1098,44,1054
123000372,570,31,539
123000373,14,713,-699
123000374,26,338,-312
123000375,466,58,408
123000376,1250,790,460
123000377,597,54,543
123000378,28,542,-514
123000379,9,312,-303
123000380,112,551,-439
123000381,282,61,221
123000382,2075,274,1801
123000383,362,1812,-1450
123000384,657,109,548
123000385,555,835,-280
123000436,83,1651,-1568
123000507,255,596,-341
123000508,347,1458,-1111
123000517,495,45,450
123000518,24,375,-351
123000519,228,115,113
123000520,78,418,-340
123000521,423,169,254
123000522,174,750,-576
123000541,4,4,0
123000542,0,34,-34
123000565,854,56,798
123000566,313,979,-666
123000567,124,350,-226
123000573,50,1272,-1222
123000574,1082,137,945
123000575,1676,1979,-303
123000576,1245,2762,-1517
123000577,125,1268,-1143
123000578,996,113,883
123000579,5340,7783,-2443
123000580,132,45,87
123000582,679,38,641
123000583,56,685,-629
123000584,268,458,-190
123000585,2,285,-283
123000586,297,164,133
123000596,141,197,-56
123000597,74,204,-130
123000602,33,5,28
123000603,685,1126,-441
123000604,699,1501,-802
123000605,1633,207,1426
123000606,2,778,-776
123000609,33,508,-475
123000610,280,212,68
123000613,45,239,-194
123000614,282,90,192
123000615,75,192,-117
123000616,806,109,697
123000617,150,902,-752
123000618,146,1031,-885
123000619,747,68,679
123000620,21,777,-756
123000622,535,35,500
123000624,164,62,102
123000630,936,637,299
123000631,405,2241,-1836
123000632,1307,1486,-179
123000633,0,327,-327
123000634,98,123,-25
123000635,218,155,63
123000636,66,1183,-1117
123000637,266,263,3
123000638,872,115,757
123000639,1689,5125,-3436
123000640,16,1160,-1144
123900001,1906,82,1824
123900002,65,2522,-2457
123900003,582,977,-395
123900005,408,261,147
123900006,507,66,441
124000001,2880,207,2673
124000002,161,2518,-2357
124000003,1008,221,787
124000004,90,997,-907
124000005,1366,875,491
124000006,419,1942,-1523
124000007,1163,207,956
124000008,24,1463,-1439
124000009,705,527,178
124000010,206,919,-713
124000011,2327,627,1700
124000012,602,972,-370
124000017,232,232,0
124000018,140,108,32
124000019,191,195,-4
124000020,79,215,-136
124000021,200,129,71
124000022,92,367,-275
124000023,2810,2001,809
124000024,1483,820,663
124000025,1980,2212,-232
124000026,1450,1506,-56
124000027,7018,6914,104
124000028,3626,6388,-2762
124000030,4231,1805,2426
124000031,1783,4767,-2984
124000032,5865,1499,4366
124000033,538,1138,-600
124000034,2742,927,1815
124000035,81,242,-161
124000036,244,286,-42
124000037,1101,1320,-219
124000038,88,75,13
124000039,1713,695,1018
124000040,814,1340,-526
124000041,660,166,494
124000042,139,638,-499
124000043,254,165,89
124000044,84,361,-277
124000045,977,879,98
124000046,356,1010,-654
124000047,1972,1503,469
124000048,1213,2558,-1345
124000049,2321,1035,1286
124000050,1061,3047,-1986
124000051,1137,789,348
124000052,815,1749,-934
124000053,648,2074,-1426
124000054,1118,1001,117
124000055,1703,3502,-1799
124000056,4599,2224,2375
124000057,1332,814,518
124000058,608,2068,-1460
124000059,788,1597,-809
124000060,1936,1322,614
124000061,2109,5981,-3872
124000062,6833,2517,4316
124000063,1924,2590,-666
124000064,3575,2321,1254
124000065,42,966,-924
124000066,202,65,137
124000067,238,387,-149
124000068,21,43,-22
124000069,203,43,160
124000070,129,183,-54
124000071,599,149,450
124000072,302,682,-380
124000073,1281,230,1051
124000074,374,1190,-816
124000075,360,49,311
124000076,11,311,-300
124000077,2436,954,1482
124000078,4672,1543,3129
124000079,749,1718,-969
124000080,873,253,620
124000081,264,1037,-773
124000082,81,250,-169
124000083,168,211,-43
124000084,81,344,-263
124000085,299,67,232
124000086,129,132,-3
124000087,296,115,181
124000088,389,445,-56
124000089,1040,515,525
124000090,135,508,-373
124000091,473,141,332
124000092,85,686,-601
124000093,123,161,-38
124000094,199,785,-586
124000095,102,162,-60
124000096,244,537,-293
124000097,161,266,-105
124000098,83,143,-60
124000099,262,190,72
124000100,77,156,-79
124000101,94,166,-72
124000102,190,136,54
124000103,91,148,-57
124000104,185,83,102
124000105,99,93,6
124000106,189,104,85
124000107,22,245,-223
124000108,81,45,36
124000109,160,167,-7
124000110,235,193,42
124000111,258,274,-16
124000112,886,1075,-189
124000113,121,192,-71
124000114,463,704,-241
124000115,576,948,-372
124000116,168,256,-88
124000117,87,131,-44
124000118,77,119,-42
124000119,1675,867,808
124000120,1057,662,395
124000121,2094,968,1126
124000122,868,2013,-1145
124000123,1562,823,739
124000124,677,1677,-1000
124000125,532,763,-231
124000126,448,953,-505
124000127,1188,579,609
124000128,742,1379,-637
124000129,2948,2052,896
124000130,1056,997,59
124000131,1426,665,761
124000132,1410,1155,255
124000133,1097,1325,-228
124000134,1289,1015,274
124000135,2410,2577,-167
124000136,1373,1614,-241
124000137,2180,890,1290
124000138,2434,1975,459
124000139,1369,34,1335
124000140,86,712,-626
124000141,673,32,641
124000142,9,273,-264
124000143,95,48,47
124000144,15,86,-71
124000145,311,97,214
124000146,208,175,33
124000148,143,186,-43
124000149,1945,667,1278
124000150,505,966,-461
124000151,971,462,509
124000152,966,1787,-821
124000153,932,916,16
124000154,482,1185,-703
124000155,1627,1398,229
124000156,2213,1364,849
124000169,231,868,-637
124000170,958,601,357
124000171,507,398,109
124000172,660,833,-173
124000173,912,352,560
124000174,499,953,-454
124000175,22,215,-193
124000176,114,28,86
124000177,13,65,-52
124000178,120,90,30
124000190,101,63,38
124000191,320,73,247
124000192,5346,594,4752
124000193,1663,1528,135
124000194,484,763,-279
124000195,374,743,-369
124000196,1505,1566,-61
124000197,141,86,55
124000198,51,77,-26
124000201,595,1394,-799
124000202,858,425,433
124000203,499,1182,-683
124000204,919,675,244
124000205,150,694,-544
124000206,941,588,353
124000207,0,80,-80
124000209,385,908,-523
124000210,614,278,336
124000211,780,1,779
124000212,5,769,-764
124000213,560,506,54
124000214,350,1108,-758
124000215,711,35,676
124000216,4,556,-552
124000329,186,2998,-2812
124000338,167,1479,-1312
124000339,1137,239,898
124000341,1446,221,1225
124000344,75,15,60
124000357,1453,3581,-2128
124000358,1041,2061,-1020
124000359,1604,993,611
124000360,1177,853,324
124000361,3352,1087,2265
124000362,2385,2548,-163
124000363,474,629,-155
124000364,971,1578,-607
124000365,899,1455,-556
124000366,2298,1193,1105
124000367,225,901,-676
124000368,656,580,76
124000369,300,254,46
124000370,119,812,-693
124000402,73,30,43
124000403,152,24,128
124000404,14,212,-198
124000405,1547,1097,450
124000406,1153,1351,-198
124000407,5,63,-58
124000411,7,543,-536
124000412,525,14,511
124000413,1146,72,1074
124000414,90,219,-129
124000415,73,265,-192
124000416,185,381,-196
124000417,173,186,-13
124000418,166,231,-65
124000419,80,195,-115
124000420,64,155,-91
124000421,65,319,-254
124000422,23,16,7
124000423,217,78,139
124000424,8,117,-109
124000425,44,131,-87
124000426,7,54,-47
124000427,57,39,18
124000428,67,37,30
124000429,102,82,20
124000430,1035,946,89
124000431,409,988,-579
124000432,345,1496,-1151
124000439,7,10,-3
124000442,9,204,-195
124000443,1,10,-9
124000445,167,661,-494
124000446,1736,54,1682
124900001,474,470,4
124900002,252,605,-353
124900003,957,789,168
124900004,685,505,180
124900005,446,343,103
124900006,756,523,233
124900008,1953,806,1147
124900009,225,453,-228
124900010,217,124,93
124900011,779,455,324
124900012,724,197,527
124900013,737,200,537
124900014,345,126,219
124900015,216,569,-353
124900016,75,150,-75
124900017,1247,1942,-695
124900018,89,16,73
124900020,110,106,4
124900021,290,87,203
124900022,142,36,106
124900024,410,114,296
124900026,587,47,540
124900027,131,486,-355
124900028,1005,187,818
124900029,15,599,-584
124900030,16,287,-271
124900031,69,623,-554
124900032,266,338,-72
124900033,218,624,-406
124900034,9,171,-162
124900035,305,698,-393
124900036,0,102,-102
124900037,198,595,-397
124900038,465,524,-59
124900039,0,50,-50
124900040,233,130,103
124900041,384,1496,-1112
124900042,416,2,414
124900043,567,1305,-738
124900044,88,2,86
124900045,1307,1337,-30
124900046,1796,295,1501
124900047,149,253,-104
124900048,237,171,66
124900050,177,296,-119
124900052,109,637,-528
124900053,150,600,-450
124900054,3363,890,2473
124900055,2,227,-225
124900057,32,101,-69
124900060,117,349,-232
124900061,125,11,114
124900062,193,35,158
124900066,0,23,-23
124900067,19,244,-225
124900068,275,812,-537
124900070,78,36,42
124900072,169,119,50
124900074,735,439,296
124900075,238,272,-34
124900076,21,1212,-1191
124900077,34,216,-182
124900078,115,30,85
124900079,825,457,368
124900080,336,873,-537
124900081,983,437,546
124900082,378,1119,-741
124900083,296,704,-408
124900084,3176,203,2973
124900085,1403,499,904
124900086,158,1538,-1380
124900087,847,148,699
124900088,1165,186,979
124900089,1734,36,1698
124900090,385,354,31
124900091,464,706,-242
124900092,381,497,-116
124900093,428,303,125
124900094,474,408,66
124900095,153,633,-480
124900096,795,476,319
124900097,386,150,236
124900098,169,578,-409
124900099,1115,850,265
124900100,420,201,219
124900101,114,431,-317
124900102,350,131,219
124900103,206,361,-155
124900104,91,243,-152
124900105,115,182,-67
124900106,593,95,498
124900107,154,25,129
124900108,246,145,101
124900109,121,207,-86
124900110,1064,597,467
124900111,2,169,-167
124900112,70,980,-910
124900113,117,337,-220
124900114,291,143,148
124900115,413,67,346
124900116,200,204,-4
124900117,601,216,385
124900118,427,238,189
124900119,419,196,223
124900120,82,543,-461
124900121,153,447,-294
124900122,479,316,163
124900123,338,144,194
124900124,194,349,-155
129000186,497,66,431
204000001,115,5,110
204000002,35,4,31
204000003,71,10,61
204000004,47,2,45
204000005,704,714,-10
204000006,1757,2153,-396
204000011,10,87,-77
204000012,70,129,-59
204000013,11,47,-36
204000019,677,782,-105
204000020,959,832,127
204000021,3018,1063,1955
204000022,575,675,-100
204000023,857,1291,-434
204000031,69,33,36
204000032,1171,73,1098
204000034,24,359,-335
204000035,5,12,-7
204000036,19,47,-28
204000037,0,29,-29
204000038,1,13,-12
204000039,15,54,-39
204000040,6,33,-27
204000041,32,51,-19
204000042,171,13,158
204000043,50,4,46
204000044,79,3,76
204000045,126,1,125
204000046,18,5,13
204000057,8,35,-27
204000062,7,19,-12
204000068,88,347,-259
204000069,28,410,-382
204000070,170,284,-114
204000080,92,97,-5
204000085,2498,2634,-136
204000086,3525,3292,233
204000087,32,5,27
204000088,8,148,-140
204000090,43,461,-418
204000093,420,118,302
204000096,1091,1360,-269
204000097,595,39,556
204000099,1472,2104,-632
204000100,1646,2459,-813
204000105,2768,2426,342
204000110,1697,2278,-581
204000111,575,1122,-547
204000112,2408,975,1433
204000113,633,1016,-383
204000114,1078,1120,-42
204000115,914,445,469
204000116,5232,820,4412
204000119,2493,3804,-1311
204000132,799,650,149
204000133,849,717,132
204000134,857,374,483
204000135,823,201,622
204000136,832,540,292
204000138,484,1126,-642
204000140,240,262,-22
204000141,203,128,75
204000144,17,41,-24
204000145,725,62,663
204000146,40,562,-522
204000147,29,236,-207
204000148,1114,50,1064
204000154,1,4,-3
204000155,5,3,2
204000177,99,118,-19
204000179,32,9,23
204000180,1,51,-50
204000222,71,15,56
204000235,24,33,-9
204000236,105,374,-269
204000238,53,18,35
204000240,460,137,323
204000263,572,1565,-993
204000268,1689,1104,585
204000308,279,26,253
204000317,16,139,-123
204000322,6,68,-62
204000323,22,8,14
204000328,300,77,223
204000329,47,255,-208
204000330,328,32,296
204000331,203,128,75
204010341,9,358,-349
205000001,1622,2392,-770
205000013,9,97,-88
205000014,18,147,-129
205000015,30,299,-269
205000016,20,222,-202
205000017,44,130,-86
205000022,360,1117,-757
205000025,1688,1524,164
205000029,219,17,202
205000045,181,361,-180
205000046,197,562,-365
205000047,167,675,-508
205000048,371,1622,-1251
205000049,177,1132,-955
205000050,1165,392,773
205000059,0,326,-326
205000060,2,87,-85
205000061,3,49,-46
205000062,3,49,-46
205000063,24,175,-151
205000064,11,171,-160
205000065,65,734,-669
205000066,122,1095,-973
205000067,58,1314,-1256
205000069,211,28,183
205000082,215,313,-98
205000110,60,310,-250
205000111,223,308,-85
205000112,354,315,39
205000113,295,482,-187
205000121,329,161,168
205000123,71,334,-263
205000126,569,231,338
205000127,788,455,333
205000128,869,211,658
205000129,945,280,665
205000130,1017,148,869
205000131,1188,38,1150
205000132,820,5,815
205000133,1240,1,1239
205000134,552,1,551
205000137,97,259,-162
205000138,354,417,-63
205000139,58,141,-83
205000144,267,100,167
205000145,801,278,523
205000151,314,94,220
205000152,337,70,267
205000153,271,114,157
205000154,156,160,-4
205000155,123,32,91
205000207,10,256,-246
205000233,30,0,30
205000234,0,1,-1
205000243,0,5,-5
205000244,0,6,-6
205000245,17,293,-276
205000249,0,46,-46
205000250,4,6,-2
205000264,10,111,-101
206000027,7,9,-2
206000028,16,4,12
206000043,63,120,-57
206000053,8,15,-7
206000054,3,43,-40
206000055,1,45,-44
206000075,11,18,-7
206000076,26,5,21
206000077,42,7,35
206000078,17,6,11
206000079,22,12,10
206000082,868,52,816
206000100,78,944,-866
206000103,4,45,-41
206000104,5,60,-55
206000105,7,21,-14
206000106,6,37,-31
206000108,806,47,759
206000125,80,0,80
206000157,67,1084,-1017
206000170,0,264,-264
206000171,11,244,-233
206000172,16,1023,-1007
206000173,3,386,-383
206000174,10,171,-161
206000175,4,188,-184
206000176,27,314,-287
206000177,0,257,-257
206000178,4,220,-216
206000179,26,159,-133
206000180,30,282,-252
206000181,51,304,-253
206000182,23,268,-245
206000183,73,1061,-988
206000184,13,585,-572
206000185,6,327,-321
206000186,159,1683,-1524
206000223,4,291,-287
206000226,33,7,26
206000227,42,5,37
206000237,47,597,-550
206000238,43,757,-714
206000239,510,2969,-2459
206000240,4,75,-71
206000241,0,134,-134
206000242,6,422,-416
206000243,6,358,-352
206000244,123,957,-834
206000245,853,102,751
206000246,177,18,159
206000247,224,20,204
206000248,411,28,383
206000252,90,23,67
206000258,37,60,-23
206000315,48,6,42
206000317,850,149,701
206000318,508,82,426
206000319,1340,155,1185
206000320,194,52,142
206000321,202,36,166
206000322,613,10,603
206000323,181,3,178
206000324,228,2,226
206000325,295,12,283
206000326,248,7,241
206000327,623,16,607
206000328,156,1,155
206000329,316,5,311
206000330,83,7,76
206000331,144,1,143
206000332,73,4,69
206000333,559,3,556
206000334,291,0,291
206000335,1,26,-25
206000361,6,324,-318
206000392,1,45,-44
206000405,231,0,231
206000441,50,26,24
206000498,65,3,62
206000515,107,39,68
206000530,253,93,160
206000531,251,284,-33
206000532,3253,324,2929
206000535,398,2860,-2462
206000536,29,288,-259
206000537,55,279,-224
206000613,2024,294,1730
207000001,193,673,-480
207000002,132,350,-218
207000003,166,224,-58
207000007,871,369,502
207000008,77,9,68
207000009,61,42,19
207000010,668,628,40
207000012,428,624,-196
207000015,381,1733,-1352
207000019,371,153,218
207000021,974,207,767
207000022,287,152,135
207000023,303,58,245
207000024,7,10,-3
207000025,49,108,-59
207000026,221,63,158
207000027,53,125,-72
207000028,105,360,-255
207000029,578,602,-24
207000033,355,465,-110
207000034,436,132,304
207000039,417,249,168
207000040,339,167,172
207000041,679,93,586
207000042,409,103,306
207000043,393,276,117
207000051,266,475,-209
207000052,579,292,287
207000053,535,864,-329
207000054,69,167,-98
207000055,200,213,-13
207000056,512,528,-16
207000057,247,316,-69
207000058,477,477,0
207000059,110,773,-663
207000060,113,275,-162
207000061,292,499,-207
207000062,299,71,228
207000063,319,169,150
207000064,782,249,533
207000065,520,368,152
207000066,229,318,-89
207000067,84,166,-82
207000068,129,120,9
207000069,857,627,230
207000082,8,311,-303
207000083,134,441,-307
207000084,264,400,-136
207000085,219,27,192
207000086,178,4,174
207000106,39,42,-3
207000107,148,37,111
207000108,77,30,47
207000109,88,22,66
207000110,124,173,-49
207000111,96,154,-58
207000112,378,824,-446
207000114,25,112,-87
207000115,30,193,-163
207000116,34,811,-777
207000117,21,258,-237
207000118,6,214,-208
207000119,62,181,-119
207000123,304,50,254
207000124,76,45,31
207000125,88,87,1
207000126,89,127,-38
207000134,53,187,-134
207000135,22,270,-248
207000148,73,546,-473
207000149,73,83,-10
207000152,190,624,-434
207000153,1532,1850,-318
207000154,550,270,280
207000159,142,235,-93
207000160,172,769,-597
207000238,0,215,-215
207000242,2,283,-281
207000248,87,45,42
207000249,312,76,236
207000250,1637,133,1504
207000251,166,117,49
207000252,137,152,-15
207000278,106,169,-63
207000279,19,251,-232
207000280,674,70,604
207000281,139,1254,-1115
207000282,303,126,177
207000283,116,319,-203
207000284,104,264,-160
207000285,154,61,93
207000291,29,299,-270
207000304,154,75,79
207000306,100,696,-596
207000310,144,124,20
207000353,278,4,274
207000356,27,94,-67
207000357,79,13,66
207000358,47,40,7
207000415,1,375,-374
207000417,61,2,59
207000418,55,179,-124
207000438,0,3,-3
207000439,1378,903,475
207000446,153,7,146
207000460,20,13,7
207000466,333,265,68
207000467,205,154,51
207000468,96,469,-373
207000476,9,109,-100
207000477,688,175,513
207000478,0,26,-26
207000523,0,10,-10
207000524,41,1,40
207000527,165,301,-136
207000530,427,6,421
207000531,497,9,488
207000532,169,31,138
207000534,740,98,642
207000535,58,611,-553
207000537,68,195,-127
207000540,9,346,-337
207000541,1,559,-558
207000548,28,514,-486
207000549,1108,19,1089
207000561,187,270,-83
207000562,48,375,-327
207000567,323,338,-15
207000568,165,151,14
207000569,547,1347,-800
207000584,514,474,40
207000585,141,631,-490
207000616,1,242,-241
207000617,308,3,305
207900008,310,173,137
208000001,995,1193,-198
208000002,846,604,242
208000003,1503,575,928
208000004,2222,989,1233
208000005,10,36,-26
208000019,846,1767,-921
208000020,310,754,-444
208000021,251,738,-487
208000022,1206,809,397
208000028,3376,1928,1448
208000033,638,872,-234
208000034,1614,2443,-829
208000040,360,269,91
208000041,1333,872,461
208000042,1897,1060,837
208000047,144,428,-284
208000064,4464,2148,2316
208000066,3027,2750,277
208000070,504,579,-75
208000071,446,1239,-793
208000072,450,1717,-1267
208000080,357,507,-150
208000081,440,209,231
208000082,512,400,112
208000083,178,557,-379
208000084,46,37,9
208000085,1750,918,832
208000086,774,1305,-531
208000087,637,1069,-432
208000089,1167,750,417
208000090,1085,1216,-131
208000093,175,174,1
208000094,868,735,133
208000095,963,588,375
208000104,1409,1425,-16
208000105,1350,1484,-134
208000114,263,377,-114
208000115,641,582,59
208000116,1026,1739,-713
208000117,283,210,73
208000118,123,141,-18
208000155,1422,1322,100
208000158,2358,4387,-2029
208000186,4935,4727,208
208000204,953,1438,-485
208000205,1389,1795,-406
208000282,7225,3555,3670
209000004,560,350,210
209000005,78,87,-9
209000006,648,204,444
209000007,598,398,200
209000010,714,205,509
209000011,295,340,-45
209000012,469,306,163
209000013,445,691,-246
209000014,717,1700,-983
209000025,397,53,344
209000026,831,219,612
209000027,647,1461,-814
209000028,560,1307,-747
209000029,1014,1270,-256
209000030,807,2506,-1699
209000031,4613,3833,780
209000034,215,284,-69
209000035,123,194,-71
209000036,185,166,19
209000037,310,318,-8
209000038,114,212,-98
209000039,107,179,-72
209000040,395,735,-340
209000041,225,641,-416
209000042,362,656,-294
209000043,1163,1193,-30
209000044,327,993,-666
209000045,1597,735,862
209000046,583,882,-299
209000047,680,250,430
209000048,726,481,245
209000049,155,146,9
209000050,369,235,134
209000051,522,430,92
209000052,224,438,-214
209000062,55,176,-121
209000063,82,137,-55
209000064,97,198,-101
209000065,106,45,61
209000066,91,48,43
209000067,98,78,20
209000080,71,302,-231
209000082,88,57,31
209000091,45,179,-134
209000093,83,48,35
209000094,264,318,-54
209000110,61,130,-69
209000111,558,2059,-1501
209000112,1239,834,405
209000113,2701,841,1860
209000114,778,587,191
209000115,112,204,-92
209000116,867,790,77
209000118,76,58,18
209000119,98,19,79
209000121,205,830,-625
209000135,97,234,-137
209000142,802,2152,-1350
209000143,243,143,100
209000144,188,153,35
209000229,268,327,-59
209000240,46,534,-488
209000259,102,160,-58
209000260,105,1767,-1662
209000261,19,1107,-1088
209000262,4,739,-735
209000263,1,226,-225
209000264,1,238,-237
209000265,764,2,762
209000266,216,2,214
209000267,1547,18,1529
209000268,1081,86,995
210000037,103,20,83
210000047,104,63,41
210000048,129,47,82
210000049,86,30,56
210000052,80,122,-42
210000053,38,83,-45
210000054,64,124,-60
210000070,148,11,137
210000071,224,0,224
210000072,149,0,149
210000073,0,33,-33
210000074,0,124,-124
210000075,3,104,-101
210000076,12,231,-219
210000077,144,49,95
210000078,47,67,-20
210000079,81,60,21
210000080,246,79,167
210000081,299,31,268
210000082,220,5,215
210000083,94,5,89
210000084,91,2,89
210000085,0,82,-82
210000086,5,172,-167
210000099,43,354,-311
210000100,48,288,-240
210000101,115,283,-168
210000105,91,380,-289
210000159,2,174,-172
210000163,237,282,-45
210000164,420,259,161
210000168,155,37,118
210000187,0,10,-10
210000188,0,34,-34
210000214,61,0,61
210000219,61,70,-9
210000220,90,113,-23
210000232,4,23,-19
210000233,35,73,-38
210000234,33,193,-160
210000235,65,149,-84
210000245,5,38,-33
210000246,52,1,51
210000258,21,159,-138
210000259,558,66,492
210000282,153,407,-254
210000285,4,131,-127
210000286,18,235,-217
210000290,1,8,-7
210000295,78,273,-195
210000296,84,66,18
210000320,170,121,49
210000321,149,159,-10
210000338,184,100,84
210000339,549,1580,-1031
210000340,163,695,-532
210000341,268,407,-139
210000342,220,329,-109
210000343,297,308,-11
210000344,422,198,224
210000345,354,489,-135
210000346,211,327,-116
210000347,700,78,622
210000348,415,30,385
210000349,332,22,310
210000350,243,79,164
210000351,247,147,100
210000352,84,132,-48
210000353,94,184,-90
210000354,341,179,162
210000355,169,145,24
210000356,266,102,164
210000357,219,75,144
210000358,525,168,357
210000359,236,110,126
210000360,252,172,80
210000361,249,260,-11
210000362,466,340,126
210000363,1268,371,897
210000364,234,241,-7
210000365,170,139,31
210000366,234,88,146
210000367,104,76,28
210000368,302,60,242
210000369,35,23,12
210000370,75,56,19
210000372,102,37,65
210000373,97,23,74
210000374,86,7,79
210000375,64,138,-74
210000376,180,179,1
210000404,103,175,-72
210000439,22,81,-59
210000472,171,10,161
210000482,121,121,0
210000564,869,488,381
210000567,0,11,-11
210000568,871,5,866
211000092,81,89,-8
211000094,57,10,47
211000169,246,20,226
211000172,20,332,-312
211000209,5,48,-43
211000226,9,12,-3
211000270,7,6,1
211000275,17,29,-12
211000276,121,44,77
211000279,58,56,2
211000281,61,59,2
211507980,0,84,-84
211977296,173,3,170
212000003,239,68,171
212000004,256,43,213
212000005,109,51,58
212000006,97,117,-20
212000008,217,189,28
212000009,38,194,-156
212000012,93,125,-32
212000013,28,82,-54
212000014,383,200,183
212000015,408,318,90
212000016,759,742,17
212000027,675,886,-211
212000028,367,743,-376
212000029,209,549,-340
212000030,68,68,0
212000031,101,104,-3
212000048,93,217,-124
212000049,26,163,-137
212000050,31,9,22
212000051,240,289,-49
212000052,195,432,-237
212000053,432,885,-453
212000054,219,237,-18
212000055,259,373,-114
212000056,18,101,-83
212000057,11,36,-25
212000058,454,65,389
212000070,118,390,-272
212000077,184,973,-789
212000099,393,431,-38
212000108,363,298,65
212000111,239,177,62
212000120,304,102,202
212000138,282,39,243
212000156,5,239,-234
212000158,16,28,-12
212000159,433,91,342
212000160,559,415,144
212000161,94,12,82
212000310,61,20,41
212000311,27,142,-115
212000374,65,18,47
213000001,92,778,-686
213000005,783,215,568
213000006,1486,424,1062
213000007,343,18,325
213000009,844,523,321
213000010,253,373,-120
213000011,306,154,152
213000012,188,332,-144
213000014,89,15,74
213000015,312,13,299
213000016,811,5,806
213000017,103,0,103
213000018,1,218,-217
213000019,1,218,-217
213000020,165,536,-371
213000021,8,160,-152
213000023,372,285,87
213000033,354,2081,-1727
213000034,823,517,306
213000035,131,565,-434
213000045,228,383,-155
213000046,282,332,-50
213000047,983,1468,-485
213000056,122,104,18
213000069,301,9,292
213000073,0,52,-52
213000074,134,554,-420
213000075,787,18,769
213000076,21,4,17
213000085,7,49,-42
213000086,33,229,-196
213000091,229,17,212
213000092,68,12,56
213000099,215,1472,-1257
213000100,1385,306,1079
213000101,365,179,186
213000102,444,446,-2
213000103,1101,1283,-182
213000104,66,697,-631
213000105,18,159,-141
213000106,77,200,-123
213000107,198,858,-660
213000108,68,813,-745
213000109,14,340,-326
213000110,12,106,-94
213000111,22,80,-58
213000112,215,149,66
213000115,73,15,58
213000116,77,907,-830
213000117,14,1360,-1346
213000118,482,509,-27
213000119,82,850,-768
213000120,159,698,-539
213000122,308,755,-447
213000123,609,1819,-1210
213000124,156,1746,-1590
213000125,167,31,136
213000126,150,215,-65
213000127,224,318,-94
213000128,821,1548,-727
213000129,635,793,-158
213000130,613,357,256
213000132,398,170,228
213000133,599,168,431
213000134,946,30,916
213000136,651,38,613
213000137,748,95,653
213000139,762,37,725
213000147,250,48,202
213000148,102,26,76
213000149,91,28,63
213000150,0,134,-134
213000151,17,135,-118
213000152,11,125,-114
213000153,11,113,-102
213000154,39,330,-291
213000155,92,456,-364
213000156,134,816,-682
213000157,817,613,204
213000158,495,1423,-928
213000159,702,736,-34
213000163,853,150,703
213000165,931,364,567
213000171,0,160,-160
213000172,2,480,-478
213000173,4,369,-365
213000174,3,274,-271
213000175,22,199,-177
213000176,78,35,43
213000177,118,10,108
213000178,109,5,104
213000179,235,1,234
213000180,214,0,214
213000184,272,689,-417
213000188,614,105,509
213000189,490,50,440
213000190,1025,1031,-6
213000191,381,600,-219
213000192,241,579,-338
213000193,1218,296,922
213000194,4,102,-98
213000195,25,520,-495
213000196,288,1514,-1226
213000197,426,1197,-771
213000198,199,2,197
213000200,198,1389,-1191
213000201,59,56,3
213000202,9,728,-719
213000203,3949,964,2985
213000204,847,160,687
213000205,547,271,276
213000206,805,156,649
213000207,398,20,378
213000208,374,5,369
213000209,259,3,256
213000210,1249,7,1242
213000211,14,22,-8
213000212,56,42,14
213000213,37,68,-31
213000218,332,1045,-713
213000219,715,26,689
213000220,563,13,550
213000223,362,322,40
213000224,81,53,28
213000225,119,24,95
213000226,164,12,152
213000227,1294,306,988
213000228,547,140,407
213000229,707,67,640
213000230,697,37,660
213000232,135,750,-615
213000233,20,142,-122
213000234,3,37,-34
213000293,92,57,35
213000294,516,22,494
213000295,35,97,-62
213000296,89,38,51
213000297,9,163,-154
213000298,41,190,-149
213000299,144,65,79
213000300,22,8,14
213000303,9,47,-38
213000304,4,18,-14
213000305,20,22,-2
213000306,151,51,100
213000307,596,141,455
213000308,190,327,-137
213000309,244,122,122
213000310,805,179,626
213000311,445,1059,-614
213000315,101,161,-60
213000316,183,129,54
213000322,104,240,-136
213000323,77,111,-34
213000324,98,170,-72
213000325,77,232,-155
213000326,57,67,-10
213000327,86,153,-67
213000328,42,196,-154
213000329,128,93,35
213000340,146,797,-651
213000341,467,206,261
213000347,1032,709,323
213000348,15,177,-162
213000349,34,29,5
213000350,358,1875,-1517
213000366,75,538,-463
213000367,309,43,266
213000379,143,104,39
213000386,27,363,-336
213000406,116,595,-479
213000417,1565,838,727
213000425,233,58,175
213000426,157,110,47
213000427,61,444,-383
213000428,92,332,-240
213000429,85,3,82
213000430,109,1172,-1063
213000431,201,8,193
213000432,4,37,-33
213000433,42,222,-180
213000434,98,164,-66
213000435,121,124,-3
213000436,43,109,-66
213000437,14,64,-50
213000438,208,225,-17
213000439,87,18,69
213000440,14,288,-274
213000441,1,1,0
213000442,6,88,-82
213000443,709,663,46
213000444,22,97,-75
213000445,1,151,-150
213000446,1,57,-56
213000447,2,54,-52
213000448,28,149,-121
213000449,339,6,333
213000450,23,70,-47
213000451,364,125,239
213000452,43,22,21
213000453,92,412,-320
213000455,561,45,516
213000456,0,327,-327
213000481,8,13,-5
213000484,68,1,67
213000489,866,125,741
213900002,2,154,-152
213900003,1195,12,1183
213900013,5,104,-99
213900015,1,14,-13
213900016,20,17,3
213900020,11,141,-130
213900030,0,60,-60
213900032,395,225,170
213900033,127,59,68
213900034,530,162,368
213900035,180,846,-666
213900036,131,301,-170
213900037,35,323,-288
213900038,458,281,177
213900039,0,143,-143
213900041,1,235,-234
213900042,329,311,18
213900043,269,257,12
213900244,32,0,32
213900245,0,40,-40
218000003,82,19,63
218000004,84,53,31
218000005,142,41,101
218000006,97,49,48
218000007,27,37,-10
218000012,388,283,105
218000013,131,254,-123
218000014,524,662,-138
218000019,1045,1021,24
218000020,342,791,-449
218000021,48,119,-71
218000022,4,46,-42
218000023,8,62,-54
218000024,1,22,-21
218000025,20,40,-20
218000026,26,80,-54
218000027,3,20,-17
218000028,12,5,7
218000029,15,5,10
218000030,34,59,-25
218000031,20,50,-30
218000032,22,35,-13
218000040,17,8,9
218000046,118,202,-84
218000047,35,270,-235
218000048,74,243,-169
218000049,157,267,-110
218000050,455,555,-100
218000051,166,489,-323
218000052,0,201,-201
218000053,8,14,-6
218000054,40,81,-41
218000055,73,12,61
218000056,51,57,-6
218000057,4,46,-42
218000064,7,31,-24
218000065,97,111,-14
218000066,22,106,-84
218000067,64,109,-45
218000068,107,130,-23
218000069,308,184,124
218000070,328,343,-15
218000071,188,273,-85
218000072,441,332,109
218000078,1003,1476,-473
218000079,133,106,27
218000080,117,153,-36
218000081,471,413,58
218000082,85,179,-94
218000083,77,126,-49
218000084,209,234,-25
218000085,184,618,-434
218000086,93,288,-195
218000087,284,298,-14
218000090,28,291,-263
218000091,1001,794,207
218000092,72,219,-147
218000093,101,110,-9
218000094,566,965,-399
218000099,431,1028,-597
218000100,313,409,-96
218000101,760,228,532
218000102,396,391,5
218000103,125,194,-69
218000104,88,59,29
218000105,42,23,19
218000106,20,14,6
218000107,54,118,-64
218000108,6,74,-68
218000112,124,33,91
218000117,97,98,-1
218000134,840,1286,-446
218000135,233,186,47
218000136,415,170,245
218000137,567,165,402
218000138,65,166,-101
218000139,302,457,-155
218000140,726,306,420
218000141,167,129,38
218000142,275,312,-37
218000143,162,441,-279
218000144,158,133,25
218000145,428,428,0
218000146,86,264,-178
218000151,10,38,-28
218000152,193,103,90
218000153,14,3,11
218000154,25,3,22
218000155,28,2,26
218000156,68,15,53
218000157,27,16,11
218000158,9,6,3
218000159,1,8,-7
218000160,9,4,5
218000161,27,8,19
218000162,42,8,34
218000163,12,1,11
218000164,74,9,65
218000165,58,25,33
218000170,5,63,-58
218000171,85,21,64
218000172,35,19,16
218000173,114,16,98
218000174,42,13,29
218000176,290,51,239
218000177,406,389,17
218000178,133,490,-357
218000179,94,149,-55
218000180,114,74,40
218000181,237,70,167
218000187,3,38,-35
218000188,47,88,-41
218000189,30,123,-93
218000190,29,49,-20
218000191,158,124,34
218000192,222,524,-302
218000193,597,650,-53
218000194,128,618,-490
218000195,135,111,24
218000196,472,462,10
218000197,339,501,-162
218000198,32,178,-146
218000199,58,43,15
218000200,93,41,52
218000201,28,10,18
218000202,155,372,-217
218000207,8,61,-53
218000208,68,88,-20
218000211,82,28,54
218000212,8,15,-7
218000213,149,103,46
218000214,2,24,-22
218000215,114,125,-11
218000217,8,151,-143
218000218,532,176,356
218000219,184,54,130
218000220,304,366,-62
218000221,1818,253,1565
218000222,94,40,54
218000223,47,584,-537
218000224,13,226,-213
218000225,154,52,102
218000226,189,94,95
218000230,1,7,-6
218000232,46,126,-80
218000239,236,16,220
218000240,86,7,79
218000241,143,2,141
218000242,144,4,140
218000243,170,6,164
218000244,41,0,41
218000245,492,3,489
218000246,23,1,22
218000247,27,0,27
218000248,1,22,-21
218000249,0,5,-5
218000250,7,12,-5
218000251,3,13,-10
218000252,2,35,-33
218000253,10,32,-22
218000254,2,26,-24
218000255,2,14,-12
218000256,6,61,-55
218000267,955,1700,-745
218000268,11,88,-77
218000269,4,16,-12
218000270,55,34,21
218000271,35,52,-17
218000273,19,5,14
218000274,16,8,8
218000275,35,82,-47
218000276,12,76,-64
218000278,31,47,-16
218000279,32,43,-11
218000280,11,35,-24
218000281,16,17,-1
218000282,680,444,236
218000284,141,17,124
218000301,111,168,-57
218000302,248,96,152
218000303,75,104,-29
218000316,796,1865,-1069
218000317,1233,1701,-468
218000318,668,1260,-592
218000319,1445,1950,-505
218000320,1125,1340,-215
218000338,141,52,89
218000345,206,71,135
218000346,41,298,-257
218000459,53,466,-413
218000490,87,68,19
218000501,209,110,99
218000502,62,162,-100
218000503,113,27,86
218000504,183,30,153
218000505,62,226,-164
218000506,30,303,-273
218000508,17,6,11
218000510,207,24,183
218000520,201,136,65
218000521,9,52,-43
218000522,1,171,-170
218000523,220,10,210
218000524,73,266,-193
218000525,292,20,272
218000526,31,217,-186
218000529,26,185,-159
218000530,14,4,10
218000531,23,75,-52
218000532,27,20,7
218000534,119,23,96
218000537,43,94,-51
218000538,377,278,99
218000540,790,99,691
218000543,108,86,22
218000544,99,93,6
218000545,99,105,-6
218000546,55,101,-46
218000547,287,166,121
218000548,431,198,233
218000549,575,327,248
218000550,293,549,-256
218000551,252,761,-509
218000552,820,85,735
218000553,24,138,-114
218000554,30,58,-28
218000555,26,45,-19
218000556,125,410,-285
218000557,249,190,59
218000558,276,55,221
218000559,0,62,-62
218000560,0,38,-38
218000561,26,0,26
218000562,25,269,-244
218000563,344,30,314
218000564,35,156,-121
218000565,261,44,217
218000566,493,43,450
218000567,1,136,-135
218000568,88,3,85
218000569,20,182,-162
218000570,240,43,197
218000571,9,150,-141
218000572,195,4,191
218000573,15,138,-123
218000574,166,66,100
218000575,198,1,197
218000576,2,94,-92
218000577,245,8,237
218000578,2,102,-100
218000579,152,34,118
218000581,9,82,-73
218000582,136,1,135
218000583,20,0,20
218000584,0,33,-33
218000585,36,8,28
218000586,7,68,-61
218000587,11,1,10
218000588,0,5,-5
218000589,2,6,-4
218000590,16,0,16
218000591,2,7,-5
218000592,11,1,10
218000593,0,0,0
218000594,4,1,3
218000595,1,0,1
218000596,0,0,0
218000597,0,0,0
218000598,0,0,0
218000599,0,0,0
218000600,4,0,4
218000601,0,1,-1
218000602,0,10,-10
218000603,0,6,-6
218000604,39,0,39
218000605,0,38,-38
218000606,114,5,109
218000607,17,46,-29
218000608,87,23,64
218000609,5,77,-72
218000610,112,4,108
218000611,24,0,24
218000612,1,37,-36
218000613,55,1,54
218000614,2,46,-44
218000615,271,1,270
218000616,4,293,-289
218000617,29,0,29
218000618,1,33,-32
218000619,328,88,240
218000620,30,31,-1
218000621,0,5,-5
218000622,0,21,-21
218000623,269,2,267
218000624,30,30,0
218000625,33,0,33
218000626,1,9,-8
218000628,118,92,26
218000631,55,17,38
218000632,2,131,-129
218000633,176,0,176
218000634,16,38,-22
218000635,17,15,2
218000636,1730,2215,-485
218000637,1202,841,361
218000638,227,62,165
218000639,46,320,-274
218000640,430,44,386
218000641,270,493,-223
218000652,103,177,-74
218000653,171,143,28
218000663,6,92,-86
218000675,66,51,15
218000676,2,33,-31
218000677,5,8,-3
218000680,342,533,-191
218000681,519,140,379
218000691,149,337,-188
218000693,229,109,120
218000703,8,53,-45
218000718,1019,1015,4
218000719,1833,469,1364
218000720,36,209,-173
218000721,413,23,390
218000725,14,15,-1
218001214,50,69,-19
218001329,104,135,-31
218001330,97,88,9
218001351,47,14,33
218001352,8,19,-11
218001353,25,5,20
218001354,10,64,-54
219000001,75,51,24
219000002,76,95,-19
219000003,70,21,49
219000004,46,51,-5
219000017,236,25,211
219000020,217,137,80
219000022,141,19,122
219000023,475,6,469
219000029,0,101,-101
219000034,66,23,43
219000039,116,97,19
219000040,61,32,29
219000041,105,28,77
219000051,0,57,-57
219000052,0,32,-32
219000053,2,201,-199
219000054,875,427,448
219000055,134,6,128
219000056,61,0,61
219000057,163,0,163
219000062,27,177,-150
219000063,96,13,83
219000064,2,172,-170
219000110,839,56,783
219000111,119,56,63
219000112,225,113,112
219000113,154,155,-1
219000114,273,355,-82
219000116,105,57,48
219000117,216,143,73
219000118,351,95,256
219000123,505,151,354
219000124,353,88,265
219000125,12,17,-5
219000126,134,105,29
219000127,0,3,-3
219000128,20,141,-121
219000129,50,144,-94
219000130,807,801,6
219000131,766,1147,-381
219000133,87,61,26
219000134,27,29,-2
219000135,47,66,-19
219000136,253,251,2
219000138,141,36,105
219000139,64,83,-19
219000140,52,5,47
219000141,27,162,-135
219000142,22,167,-145
219000143,16,124,-108
219000145,32,51,-19
219000146,8,48,-40
219000147,2,77,-75
219000148,2,58,-56
219000149,14,172,-158
219000150,4,174,-170
219000151,3,59,-56
219000157,260,235,25
219000158,305,329,-24
219000161,225,20,205
219000163,1986,675,1311
219000166,152,235,-83
219000167,143,326,-183
219000168,333,165,168
219000174,422,150,272
219000175,94,5,89
219000176,77,11,66
219000177,68,3,65
219000178,53,5,48
219000179,22,10,12
219000180,49,49,0
219000182,135,53,82
219000183,91,37,54
219000184,124,14,110
219000185,0,101,-101
219000186,56,96,-40
219000187,37,150,-113
219000189,200,243,-43
219000190,287,327,-40
219000191,1781,1709,72
219000192,226,198,28
219000193,601,172,429
219000195,2,100,-98
219000196,4,152,-148
219000198,36,250,-214
219000199,73,608,-535
219000200,68,465,-397
219000201,112,450,-338
219000203,33,184,-151
219000204,498,300,198
219000205,126,236,-110
219000207,208,450,-242
219000209,26,89,-63
219000210,130,100,30
219000213,2,254,-252
219000239,324,424,-100
219000240,314,509,-195
219000241,182,284,-102
219000242,142,257,-115
219000243,160,372,-212
219000244,60,80,-20
219000245,53,57,-4
219000246,48,33,15
219000247,129,36,93
219000248,892,479,413
219000249,197,111,86
219000250,162,149,13
219000251,819,298,521
219000252,280,232,48
219000253,584,146,438
219000255,138,156,-18
219000256,412,112,300
219000257,192,1,191
219000262,384,205,179
219000263,86,258,-172
219000267,3,157,-154
219000268,3,13,-10
219000269,7,7,0
219000270,33,0,33
219000271,132,19,113
219000278,0,6,-6
219000279,3,3,0
219000283,0,70,-70
219000295,13,149,-136
219000296,125,764,-639
219000297,20,196,-176
219000298,23,253,-230
219000299,523,179,344
219000300,35,348,-313
219000301,247,585,-338
219000302,40,373,-333
219000307,138,49,89
219000308,29,71,-42
219000311,213,67,146
219000312,781,138,643
219000313,588,97,491
219000314,67,848,-781
219000315,273,97,176
219000316,668,102,566
219000317,145,27,118
219000320,0,71,-71
219000321,0,12,-12
219000323,5,85,-80
219000325,0,21,-21
219000326,141,157,-16
219000327,87,54,33
219000328,45,72,-27
219000329,393,152,241
219000330,58,49,9
219000331,61,73,-12
219000332,116,132,-16
219000333,33,10,23
219000335,98,1,97
219000337,44,2,42
219000338,78,0,78
219000344,40,89,-49
219000345,53,137,-84
219000346,39,171,-132
219000348,122,142,-20
219000349,45,246,-201
219000350,104,200,-96
219000351,15,10,5
219000352,543,109,434
219000353,137,48,89
219000354,184,129,55
219000355,170,88,82
219000356,2339,1630,709
219000363,337,85,252
219000364,140,59,81
219000365,191,25,166
219000366,337,563,-226
219000368,594,700,-106
219000370,1700,496,1204
219000371,12,38,-26
219000382,24,43,-19
219000383,890,1239,-349
219000385,1181,697,484
219000386,1098,2083,-985
219000387,5,16,-11
219000390,8,4,4
219000391,12,1,11
219000397,68,90,-22
219000398,87,88,-1
219000401,14,229,-215
219000402,90,304,-214
219000403,172,484,-312
219000404,11,240,-229
219000407,1,79,-78
219000409,45,58,-13
219000410,239,85,154
219000411,96,28,68
219000446,223,481,-258
219000447,1,26,-25
219000448,201,7,194
219000452,140,80,60
219000453,119,203,-84
219000454,494,349,145
219000556,362,151,211
219000558,887,321,566
219000590,73,245,-172
219000591,90,111,-21
219000592,177,531,-354
219000595,4,31,-27
219000635,503,99,404
219000636,33,156,-123
219000657,36,36,0
219000658,38,97,-59
219000673,0,10,-10
219000676,245,13,232
219000679,66,17,49
219000684,174,6,168
219000685,3,117,-114
219000686,0,4,-4
219000688,1,131,-130
219000689,46,447,-401
219000690,161,44,117
219000691,69,327,-258
219000692,228,43,185
219000693,0,12,-12
219000694,14,0,14
219000695,23,11,12
219000698,33,0,33
219000699,0,17,-17
219000727,8,157,-149
219000728,457,16,441
219000770,53,3,50
219000771,3,68,-65
219001150,3,37,-34
219001151,10,7,3
219001166,7,24,-17
219001167,3,147,-144
220000001,251,91,160
220000002,84,165,-81
220000003,849,329,520
220000004,984,657,327
220000005,2491,2144,347
220000006,590,1217,-627
220000007,433,854,-421
220000008,351,1264,-913
220000009,447,575,-128
220000010,277,191,86
220000011,944,4645,-3701
220000012,130,594,-464
220000014,139,61,78
220000015,85,193,-108
220000017,54,478,-424
220000018,7896,3072,4824
220000019,118,380,-262
220000020,764,351,413
220000021,796,316,480
220000022,692,608,84
220000023,436,225,211
220000024,2263,476,1787
220000025,1232,1124,108
220000026,381,321,60
220000027,79,184,-105
220000028,51,58,-7
220000029,80,258,-178
220000030,178,100,78
220000031,525,425,100
220000064,15,1198,-1183
221000046,17,2,15
221000047,0,3,-3
221000048,0,3,-3
221000049,0,14,-14
221000050,128,1,127
221000055,65,67,-2
221000057,56,32,24
221000068,357,194,163
221000069,332,66,266
221000070,212,47,165
221000071,93,15,78
221000072,411,24,387
221000073,371,61,310
221000074,3,41,-38
221000075,32,22,10
221000076,21,45,-24
221000077,51,152,-101
221000081,37,33,4
221000082,70,19,51
221000083,36,13,23
221000084,4,5,-1
221000085,78,90,-12
221000086,37,152,-115
221000087,9,240,-231
221000088,13,216,-203
221000089,43,402,-359
221000090,166,744,-578
221000098,123,25,98
221000099,208,17,191
221000100,101,7,94
221000101,217,42,175
221000102,119,40,79
221000109,1,129,-128
221000110,14,189,-175
221000111,39,248,-209
221000112,14,217,-203
221000113,19,220,-201
221000114,13,216,-203
221000120,51,43,8
221000121,8,26,-18
221000122,150,24,126
221000123,11,21,-10
221000124,55,298,-243
221000155,186,24,162
221000156,76,24,52
221000175,0,4,-4
221000176,0,6,-6
221000182,75,29,46
221000241,616,459,157
221000242,285,489,-204
221000243,539,331,208
221000244,361,530,-169
221000245,142,111,31
221000246,72,274,-202
221000247,64,159,-95
221000248,94,158,-64
221000267,57,934,-877
221000325,96,69,27
221000331,60,147,-87
221000338,51,26,25
221000378,206,48,158
221000381,62,47,15
222000282,35,4,31
222000296,9,63,-54
222000568,400,27,373
222000569,210,57,153
222000570,169,12,157
222000571,355,25,330
222000577,18,310,-292
222000578,35,319,-284
222000579,45,232,-187
222000580,164,1439,-1275
222000599,0,244,-244
222000600,3,484,-481
222000601,12,1685,-1673
222000603,49,51,-2
222000604,10,38,-28
222000605,19,34,-15
222000606,25,12,13
222000607,33,6,27
222000608,85,10,75
222000609,37,321,-284
222000616,325,57,268
222000617,24,25,-1
222000618,8,4,4
222000620,68,11,57
222000621,113,12,101
222000623,876,8,868
222000624,326,5,321
222000625,621,45,576
222000636,106,5,101
222000686,24,48,-24
222000687,62,33,29
222001066,461,1,460
222001067,9,5,4
222001068,54,58,-4
222001069,35,58,-23
222001082,12,80,-68
222001083,20,104,-84
222001084,0,30,-30
222001085,0,304,-304
222001111,74,290,-216
222001112,103,49,54
222001313,54,6,48
222001314,8,257,-249
222001464,113,67,46
222001465,72,148,-76
222001484,120,93,27
222001485,25,49,-24
222001494,445,221,224
222001495,191,479,-288
222001496,475,146,329
222001497,253,793,-540
222001502,28,155,-127
222001503,160,97,63
222001504,28,351,-323
222001505,537,22,515
222001506,68,425,-357
222001507,351,49,302
222001510,430,62,368
222001511,43,547,-504
222001514,826,315,511
222001515,329,943,-614
222001518,353,178,175
222001519,56,409,-353
222001527,270,97,173
222001528,88,261,-173
222001529,318,106,212
222001530,64,345,-281
222001533,244,542,-298
222001534,449,163,286
222001535,258,287,-29
222001536,357,415,-58
222001537,360,75,285
222001538,84,755,-671
222001563,602,104,498
222001564,72,905,-833
222001568,432,134,298
222001576,4,1,3
222001579,2,8,-6
222001583,38,295,-257
222001584,106,15,91
222001596,1552,1897,-345
222001597,3920,447,3473
222001626,0,333,-333
222001650,73,139,-66
222001651,79,158,-79
222001914,250,133,117
222001915,58,337,-279
222900004,629,375,254
222900009,691,1011,-320
222900019,279,292,-13
222900024,28,57,-29
222900025,2,32,-30
225000001,554,413,141
225000002,905,366,539
225000003,821,222,599
225000004,463,529,-66
225000005,288,106,182
225000006,1,289,-288
225000007,3490,1976,1514
225000010,598,13,585
225000011,737,1461,-724
225000012,212,766,-554
225000013,172,241,-69
225000014,1740,103,1637
225000015,136,313,-177
225000021,907,316,591
225000027,325,878,-553
225000032,734,234,500
225000042,120,980,-860
225000049,140,106,34
225000050,140,19,121
225000053,3,548,-545
225000058,982,210,772
225000067,521,279,242
225000068,272,494,-222
225000069,222,615,-393
225000070,98,675,-577
225000071,62,322,-260
225000075,35,1545,-1510
225000076,137,177,-40
225000078,91,107,-16
225000085,60,143,-83
225000086,280,107,173
225000087,265,58,207
225000088,14,417,-403
225000089,418,1378,-960
225000090,100,609,-509
225000091,214,283,-69
225000092,130,141,-11
225000093,419,442,-23
225000094,11,452,-441
225000095,394,654,-260
225000096,392,714,-322
225000098,759,498,261
225000099,439,300,139
225000100,368,309,59
225000104,146,632,-486
225000110,23,656,-633
225000111,348,1704,-1356
225000112,670,1501,-831
225000113,365,785,-420
225000114,96,407,-311
225000115,2508,941,1567
225000116,1189,445,744
225000117,1040,546,494
225000118,1215,439,776
225000119,319,180,139
225000120,1232,186,1046
225000121,397,81,316
225000123,1700,45,1655
225000125,464,252,212
225000126,1141,333,808
225000127,972,1477,-505
225000128,538,884,-346
225000132,304,77,227
225000133,405,67,338
225000134,662,188,474
225000135,57,21,36
225000136,285,45,240
225000137,414,88,326
225000138,507,131,376
225000143,124,423,-299
225000144,15,540,-525
225000145,415,114,301
225000146,93,130,-37
225000147,23,376,-353
225000148,11,287,-276
225000149,185,668,-483
225000151,31,403,-372
225000155,450,686,-236
225000156,287,1252,-965
225000157,364,491,-127
225000158,102,477,-375
225000171,6,241,-235
225000180,73,33,40
225000181,0,97,-97
225000182,168,24,144
225000185,17,412,-395
225000187,142,589,-447
225000191,110,1,109
225000194,0,6,-6
225000208,1,106,-105
225000209,102,34,68
225000210,6,394,-388
225000217,0,26,-26
225000218,34,1,33
225000223,2,39,-37
225000224,450,2,448
225000225,3,29,-26
225000226,149,14,135
225000227,79,137,-58
225000228,28,204,-176
225000229,0,86,-86
225000230,554,5,549
225000231,0,94,-94
225000232,447,5,442
225000241,76,0,76
225000242,1,90,-89
225000249,24,0,24
225000250,73,1289,-1216
225000251,434,65,369
225000254,3,1,2
225000256,16,186,-170
225000257,1,192,-191
226000042,566,584,-18
226000043,88,388,-300
226000044,232,747,-515
226000045,92,547,-455
226000046,477,261,216
226000047,515,145,370
226000048,702,144,558
226000049,395,298,97
226000070,0,57,-57
226000071,0,87,-87
226000072,0,27,-27
226000073,0,8,-8
226000074,0,14,-14
226000084,7,80,-73
226000085,8,21,-13
226000086,3,19,-16
226000087,0,21,-21
226000088,94,40,54
226000090,389,113,276
226000091,24,76,-52
226000092,3,19,-16
226000093,41,4,37
226000094,30,4,26
226000095,56,5,51
226000105,22,2,20
226000106,40,0,40
226000107,6,1,5
226000108,92,0,92
226000109,73,0,73
226000124,202,104,98
226000134,602,573,29
226000135,1477,848,629
226000136,711,491,220
226000137,12,589,-577
226000138,10,392,-382
226000139,1,32,-31
226000156,225,4,221
226000157,730,18,712
226000163,159,118,41
226000202,18,545,-527
226000231,299,14,285
226000232,92,4,88
227000033,337,68,269
227000036,283,30,253
227000037,286,29,257
227000038,262,52,210
227000084,4,111,-107
227000085,0,58,-58
227000088,127,1,126
227000089,148,1,147
227000090,63,3,60
227000091,18,1,17
227000092,39,1,38
227000093,213,1,212
227000094,13,1,12
227000130,30,96,-66
227000131,56,346,-290
227000132,16,303,-287
227000133,14,292,-278
227000134,13,517,-504
227000152,0,4,-4
227000153,0,56,-56
227000154,0,36,-36
227000155,0,17,-17
227000156,2,20,-18
227000165,9,35,-26
227000196,341,397,-56
227000199,272,827,-555
227000230,22,732,-710
227000232,813,42,771
227000242,80,723,-643
227000243,443,75,368
227000245,20,540,-520
227000246,128,664,-536
227000247,365,112,253
227000248,232,42,190
227000249,36,262,-226
227000250,639,149,490
227000251,252,231,21
227000252,42,432,-390
227000253,132,24,108
227000262,362,31,331
227000266,1380,48,1332
227000267,36,2486,-2450
227000282,8,367,-359
227000284,538,32,506
227000286,3,113,-110
227000291,16,919,-903
227000296,406,387,19
227000484,398,19,379
227000485,28,1195,-1167
227000655,193,30,163
227000656,720,35,685
227000657,73,24,49
227000704,470,25,445
229000265,19,15,4
229000266,2,7,-5
229000267,17,6,11
229000268,38,0,38
229000269,247,2,245
229000274,2,64,-62
229000275,5,31,-26
229000276,5,52,-47
229000277,0,3,-3
229000278,12,6,6
229000295,42,38,4
229000296,185,21,164
229000297,22,43,-21
229000298,8,250,-242
229000320,16,19,-3
229000321,90,31,59
229000412,38,95,-57
229000414,13,116,-103
229000415,30,3,27
229000416,4,4,0
229000417,5,27,-22
229000419,232,522,-290
229000440,531,122,409
229000442,38,20,18
229000443,3,7,-4
229000444,18,49,-31
229000445,82,24,58
229000446,150,39,111
229000491,7,15,-8
229000492,20,185,-165
229000493,9,125,-116
229000494,45,4,41
229000495,94,6,88
229000496,48,3,45
229000507,0,79,-79
229000508,1,63,-62
229000509,1,82,-81
229000510,3,51,-48
229000511,7,61,-54
229000512,1,28,-27
229000513,0,14,-14
229000514,1,3,-2
229000517,2,8,-6
229000518,11,49,-38
229000519,0,18,-18
229000520,25,28,-3
229000521,29,14,15
229000522,8,12,-4
229000523,20,15,5
229000524,0,4,-4
229000527,4,0,4
229000528,0,0,0
229000529,16,0,16
229000530,106,4,102
229000531,42,7,35
229000532,38,0,38
229000533,99,0,99
229000534,77,0,77
229000564,40,0,40
229000565,15,4,11
229000566,0,34,-34
229000567,0,77,-77
229000582,70,1,69
229000583,14,0,14
229000584,0,41,-41
229000585,4,100,-96
229000718,0,3,-3
229000719,0,2,-2
229000720,0,13,-13
229000721,0,10,-10
229000722,0,5,-5
229000723,0,13,-13
229000724,0,2,-2
229000725,0,10,-10
229000738,3,0,3
229000739,3,0,3
229000740,2,0,2
229000741,17,0,17
229000742,5,0,5
229000743,14,0,14
229000744,1,0,1
229000745,7,0,7
229000746,38,1,37
229000847,72,1,71
229000848,44,0,44
229000849,139,1,138
229000851,40,1,39
229000854,0,77,-77
229000856,3,293,-290
229000857,0,83,-83
229000858,0,168,-168
229000919,54,171,-117
229000930,0,530,-530
229000937,150,15,135
229000966,67,17,50
229000981,18,68,-50
229000985,13,60,-47
229000986,3,8,-5
229000987,0,1,-1
229000988,17,17,0
229000989,100,10,90
229000990,8,2,6
229000991,7,1,6
229000992,13,13,0
229000993,270,60,210
229000998,23,121,-98
229000999,88,50,38
229001034,4,42,-38
229001035,10,4,6
229001036,15,105,-90
229001037,67,9,58
229001038,0,12,-12
229001039,12,8,4
229001040,1,363,-362
229001041,102,3,99
229001042,12,33,-21
229001047,19,102,-83
229001050,93,58,35
229001168,0,19,-19
229001200,18,10,8
229001338,11,85,-74
229001394,188,10,178
229001422,131,33,98
229001423,64,241,-177
229001431,63,59,4
229001432,149,132,17
229001444,238,98,140
229001445,65,256,-191
229001479,11,5,6
229001503,151,130,21
229001504,154,371,-217
229001505,93,42,51
229001506,185,279,-94
229001509,95,32,63
229001510,12,88,-76
229001545,89,6,83
229001546,22,149,-127
229001553,74,22,52
229001554,55,162,-107
229001630,99,30,69
229001631,61,43,18
229001635,0,9,-9
229001636,6,0,6
229001658,2,222,-220
229001659,86,5,81
229001660,10,3,7
229001661,32,49,-17
229001662,82,26,56
229001663,0,35,-35
229002584,312,324,-12
229002831,378,353,25
229002841,51,25,26
229002842,50,54,-4
229002843,179,28,151
229002844,167,67,100
229002845,61,85,-24
229002846,37,28,9
229002847,4,10,-6
229002848,41,34,7
229002849,74,86,-12
229002850,6,1,5
229002851,84,105,-21
229002852,290,23,267
229002853,235,38,197
229002854,119,35,84
229002855,26,23,3
229002856,172,40,132
229002857,16,54,-38
229002858,38,34,4
229002859,211,33,178
229002860,247,23,224
229002861,120,64,56
229002862,111,59,52
229002863,40,17,23
229002864,27,48,-21
229002865,22,10,12
229002866,31,29,2
229002867,3,32,-29
229002868,41,20,21
229002869,42,225,-183
229002870,96,10,86
235000066,602,103,499
235000067,219,125,94
235000072,29,164,-135
235000073,104,741,-637
235000074,99,107,-8
235000080,38,117,-79
235000081,126,187,-61
235000082,228,166,62
235000083,122,203,-81
235000084,62,94,-32
235000085,72,134,-62
235000089,110,42,68
235000092,80,378,-298
235000093,12,7,5
235000097,1,6,-5
235000098,80,24,56
235000099,122,26,96
235000116,77,19,58
235000117,1291,27,1264
235000133,18,604,-586
235000134,11,196,-185
235000206,10,4,6
235000207,2,1,1
235000208,14,3,11
235000209,12,4,8
235000210,8,4,4
235000212,5,34,-29
235000213,1,16,-15
235000220,5,14,-9
235000221,66,6,60
235000238,39,63,-24
235000239,0,15,-15
235000242,503,608,-105
235000245,958,251,707
235000246,45,76,-31
235000284,7,135,-128
235000295,209,17,192
235000305,326,26,300
235000306,182,7,175
235000307,117,7,110
235000308,82,2,80
235000309,90,0,90
235000310,44,0,44
235000311,206,17,189
235000322,0,44,-44
235000323,0,88,-88
235000324,2,23,-21
235000325,0,17,-17
235000326,18,333,-315
235000351,11,94,-83
235000352,45,57,-12
235000353,10,32,-22
235000354,20,30,-10
235000355,8,62,-54
235000356,475,10,465
235000357,123,12,111
235000358,78,8,70
235000359,26,6,20
235000360,150,17,133
235000361,100,11,89
235000381,89,339,-250
235000382,136,87,49
235000390,17,10,7
235000391,99,25,74
235000392,231,353,-122
235000393,153,189,-36
235000395,98,92,6
235000396,401,221,180
235000400,360,60,300
235000401,76,288,-212
235000405,123,405,-282
235000406,64,351,-287
235000407,167,154,13
235000409,422,254,168
235000410,38,340,-302
235000411,2,116,-114
235000485,1,8,-7
235000486,10,0,10
235000549,343,273,70
235000550,112,269,-157
235000599,98,53,45
235000600,1,17,-16
235000601,14,27,-13
235000602,95,111,-16
235000614,2,8,-6
235000648,1,21,-20
235000649,29,11,18
235000685,2,6,-4
235000815,12,27,-15
235000834,0,11,-11
235000855,203,124,79
235000862,73,252,-179
235000891,0,14,-14
235000892,35,6,29
235000901,535,143,392
235000907,17,11,6
235001010,234,198,36
235001029,742,645,97
235001030,376,392,-16
235001078,149,158,-9
235001079,140,150,-10
235001147,33,119,-86
235001166,73,131,-58
235001167,19,64,-45
235001169,39,438,-399
235001188,0,13,-13
235001189,9,0,9
235001197,11,18,-7
235001200,47,62,-15
235001208,34,27,7
235001209,29,96,-67
235001210,42,222,-180
235001239,2,118,-116
235001244,2,7,-5
235016267,1,57,-56
241900007,116,35,81
277101746,0,2,-2
277102712,0,2,-2
277103813,0,0,0
277103814,2,0,2
277103898,0,4,-4
277104249,0,1,-1
277104250,0,10,-10
277104251,0,8,-8
277104252,0,3,-3
990011530,1,220,-219
990014944,3,711,-708
990015176,59,7,52
990015618,3,203,-200
990016032,0,781,-781
990032570,10,464,-454
990070001,73,4,69
990070103,0,5,-5
990070601,0,113,-113
990070751,666,2,664
990070766,3,754,-751
990071180,723,344,379
990071343,16,0,16
990071387,0,11,-11
990071823,898,98,800
990072600,0,1044,-1044
990072964,7,786,-779
990073285,0,2,-2
990074393,4,1469,-1465
990074870,1311,81,1230
990075106,1699,39,1660
990075746,605,48,557
990076437,1101,7,1094
990076458,2,1356,-1354
997000007,751,6,745
997000041,0,254,-254
997000058,39,1,38
997000062,112,5,107
997000069,0,4,-4
997000070,0,51,-51
997000100,29,0,29
997000141,22,3210,-3188
997000198,10,1593,-1583
998000475,6,57,-51
998000736,0,291,-291
998000965,0,60,-60
998001031,0,82,-82
998001700,0,43,-43
998001899,0,0,0
998001900,7,3,4
998003073,3802,10,3792
998101900,0,0,0
998102850,3,204,-201
998501927,1361,709,652
998501929,73,5,68
998501930,101,0,101
998501931,214,80,134
998501932,7,0,7
998501933,112,6,106
998501937,60,2,58
998501944,15,0,15
998501950,0,0,0
998501970,75,35,40
998501971,1,143,-142
998501973,0,97,-97
998501974,0,326,-326
998501975,695,4,691
998501976,135,2,133
998501977,9,57,-48
998501978,70,2,68
998501979,0,18,-18
998501980,251,1,250
998501981,37,4,33
998501982,1,154,-153
998502006,0,2,-2
998502024,1,6,-5
998502032,0,1,-1
998502062,37,1,36
998502063,0,0,0
998502173,18,0,18
998502269,0,1,-1
998601159,1,311,-310
998601292,0,24,-24
999033574,0,333,-333
999800001,107,15,92
999800002,0,9,-9
999800003,12,1,11
999800004,0,8,-8
999800005,1,17,-16
