dong,insum,outsum,diff
강남구 개포1동,1491,1193,298
강남구 개포2동,22128,14484,7644
강남구 개포4동,14630,10885,3745
강남구 논현1동,51454,54134,-2680
강남구 논현2동,31634,50913,-19279
강남구 대치1동,14204,20180,-5976
강남구 대치2동,32054,53284,-21230
강남구 대치4동,34080,31257,2823
강남구 도곡1동,23247,27500,-4253
강남구 도곡2동,9242,9731,-489
강남구 삼성1동,53764,59127,-5363
강남구 삼성2동,21819,38126,-16307
강남구 세곡동,37820,19721,18099
강남구 수서동,17616,29991,-12375
강남구 신사동,20214,28614,-8400
강남구 압구정동,34099,55387,-21288
강남구 역삼1동,77526,94205,-16679
강남구 역삼2동,29381,34550,-5169
강남구 일원1동,11628,9933,1695
강남구 일원2동,3968,2757,1211
강남구 일원본동,15439,10075,5364
강남구 청담동,43963,57129,-13166
강동구 강일동,20658,8803,11855
강동구 고덕제1동,8801,5795,3006
강동구 고덕제2동,8617,14913,-6296
강동구 길동,14761,12348,2413
강동구 둔촌제1동,293,621,-328
강동구 둔촌제2동,9594,10895,-1301
강동구 명일제1동,13703,15030,-1327
강동구 명일제2동,8513,8925,-412
강동구 상일동,12328,13957,-1629
강동구 성내제1동,9324,7734,1590
강동구 성내제2동,9793,10458,-665
강동구 성내제3동,11925,14690,-2765
강동구 암사제1동,14609,5304,9305
강동구 암사제2동,2903,9417,-6514
강동구 암사제3동,3253,987,2266
강동구 천호제1동,6564,4482,2082
강동구 천호제2동,15490,23449,-7959
강동구 천호제3동,8385,9995,-1610
강북구 미아동,16242,20796,-4554
강북구 번1동,30335,33568,-3233
강북구 번2동,13237,8710,4527
강북구 번3동,26439,10456,15983
강북구 삼각산동,7906,4338,3568
강북구 삼양동,19876,9999,9877
강북구 송중동,42706,46068,-3362
강북구 송천동,37279,33272,4007
강북구 수유1동,25936,17967,7969
강북구 수유2동,18987,9740,9247
강북구 수유3동,33512,61138,-27626
강북구 우이동,20518,13779,6739
강북구 월곡제1동,2822,2947,-125
강북구 인수동,18744,11143,7601
강서구 가양제1동,13902,15631,-1729
강서구 가양제2동,3538,3574,-36
강서구 가양제3동,5387,2811,2576
강서구 공항동,15455,12709,2746
강서구 등촌제1동,17380,24310,-6930
강서구 등촌제2동,11428,6523,4905
강서구 등촌제3동,17592,27036,-9444
강서구 발산제1동,25147,23535,1612
강서구 방화제1동,13637,14276,-639
강서구 방화제2동,10886,11012,-126
강서구 방화제3동,3033,2242,791
강서구 염창동,14363,9142,5221
강서구 우장산동,19296,18435,861
강서구 화곡본동,14555,9492,5063
강서구 화곡제1동,38945,37081,1864
강서구 화곡제2동,14424,6215,8209
강서구 화곡제3동,8609,12266,-3657
강서구 화곡제4동,12555,8110,4445
강서구 화곡제6동,23935,20673,3262
강서구 화곡제8동,13762,16992,-3230
관악구 낙성대동,38978,52981,-14003
관악구 난곡동,29968,7532,22436
관악구 난향동,14415,5046,9369
관악구 남현동,16801,15745,1056
관악구 대학동,36803,69209,-32406
관악구 미성동,32202,21907,10295
관악구 보라매동,21074,22795,-1721
관악구 삼성동,24431,16175,8256
관악구 서림동,33879,9001,24878
관악구 서원동,37551,73349,-35798
관악구 성현동,26777,10288,16489
관악구 신림동,34850,58278,-23428
관악구 신사동,18432,12145,6287
관악구 신원동,7352,4913,2439
관악구 은천동,25179,23886,1293
관악구 인헌동,14558,11913,2645
관악구 조원동,27437,64062,-36625
관악구 중앙동,7841,5164,2677
관악구 청룡동,35905,33189,2716
관악구 청림동,9608,2916,6692
관악구 행운동,36427,37097,-670
광진구 광장동,8943,7318,1625
광진구 구의제1동,14022,13021,1001
광진구 구의제2동,16916,12495,4421
광진구 구의제3동,8750,17985,-9235
광진구 군자동,17955,16067,1888
광진구 능동,9749,9845,-96
광진구 자양제1동,7179,4230,2949
광진구 자양제2동,28703,17121,11582
광진구 자양제3동,7290,5347,1943
광진구 자양제4동,21430,19975,1455
광진구 중곡제1동,9481,6462,3019
광진구 중곡제2동,13932,12597,1335
광진구 중곡제3동,11120,5514,5606
광진구 중곡제4동,9210,5209,4001
광진구 화양동,13140,17519,-4379
구로구 가리봉동,12029,17962,-5933
구로구 개봉제1동,34263,32508,1755
구로구 개봉제2동,21646,21446,200
구로구 개봉제3동,11245,5893,5352
구로구 고척제1동,24369,25317,-948
구로구 고척제2동,24865,12232,12633
구로구 구로제1동,14095,11470,2625
구로구 구로제2동,41087,41390,-303
구로구 구로제3동,37264,74426,-37162
구로구 구로제4동,24403,25067,-664
구로구 구로제5동,27803,38775,-10972
구로구 수궁동,25896,26303,-407
구로구 신도림동,27616,41327,-13711
구로구 오류제1동,15250,11540,3710
구로구 오류제2동,15072,15354,-282
구로구 항동,6018,1420,4598
금천구 가산동,52776,79059,-26283
금천구 독산제1동,44247,46512,-2265
금천구 독산제2동,25174,12090,13084
금천구 독산제3동,31292,19605,11687
금천구 독산제4동,18259,10141,8118
금천구 미성동,208,114,94
금천구 시흥제1동,32037,38937,-6900
금천구 시흥제2동,16057,7677,8380
금천구 시흥제3동,11937,10581,1356
금천구 시흥제4동,16886,4173,12713
금천구 시흥제5동,27242,11413,15829
노원구 공릉1동,22875,18536,4339
노원구 공릉2동,20874,33306,-12432
노원구 상계10동,6744,7456,-712
노원구 상계1동,16079,13057,3022
노원구 상계2동,12139,24588,-12449
노원구 상계3.4동,5148,2875,2273
노원구 상계5동,14003,12125,1878
노원구 상계6.7동,16568,28639,-12071
노원구 상계8동,8926,3986,4940
노원구 상계9동,8373,5348,3025
노원구 월계1동,36785,45401,-8616
노원구 월계2동,15991,12051,3940
노원구 월계3동,13237,12169,1068
노원구 중계1동,12002,8058,3944
노원구 중계2.3동,14273,20051,-5778
노원구 중계4동,8497,12059,-3562
노원구 중계본동,14638,7227,7411
노원구 하계1동,19498,19787,-289
노원구 하계2동,13983,13010,973
도봉구 도봉제1동,18181,12510,5671
도봉구 도봉제2동,13301,17373,-4072
도봉구 방학제1동,20193,16249,3944
도봉구 방학제2동,10937,5773,5164
도봉구 방학제3동,20214,6498,13716
도봉구 쌍문제1동,17920,11164,6756
도봉구 쌍문제2동,20133,18927,1206
도봉구 쌍문제3동,12838,23084,-10246
도봉구 쌍문제4동,14364,4579,9785
도봉구 창제1동,19171,27232,-8061
도봉구 창제2동,14327,7577,6750
도봉구 창제3동,16017,6245,9772
도봉구 창제4동,18510,24972,-6462
도봉구 창제5동,12160,16784,-4624
동대문구 답십리제1동,22839,19642,3197
동대문구 답십리제2동,23663,15319,8344
동대문구 면목제5동,351,186,165
동대문구 용신동,46691,61162,-14471
동대문구 이문제1동,11481,16740,-5259
동대문구 이문제2동,6817,5668,1149
동대문구 장안제1동,30402,35993,-5591
동대문구 장안제2동,25230,18765,6465
동대문구 전농제1동,26453,36639,-10186
동대문구 전농제2동,22132,13458,8674
동대문구 제기동,35661,47485,-11824
동대문구 청량리동,40787,45502,-4715
동대문구 회기동,11031,21897,-10866
동대문구 휘경제1동,38115,30082,8033
동대문구 휘경제2동,17001,13798,3203
동작구 노량진제1동,40905,66794,-25889
동작구 노량진제2동,23520,22140,1380
동작구 대방동,57928,42637,15291
동작구 사당제1동,13308,13566,-258
동작구 사당제2동,19113,18086,1027
동작구 사당제3동,13054,6585,6469
동작구 사당제4동,2558,2805,-247
동작구 사당제5동,12778,6154,6624
동작구 상도제1동,58664,63594,-4930
동작구 상도제2동,25391,23062,2329
동작구 상도제3동,21610,12681,8929
동작구 상도제4동,22850,6748,16102
동작구 신대방제1동,12666,16595,-3929
동작구 신대방제2동,32823,32698,125
동작구 흑석동,34076,28444,5632
마포구 공덕동,23098,15650,7448
마포구 대흥동,24632,28806,-4174
마포구 도화동,7767,8740,-973
마포구 망원제1동,15539,8130,7409
마포구 망원제2동,10345,6153,4192
마포구 상암동,56411,82076,-25665
마포구 서강동,15843,10978,4865
마포구 서교동,69286,106101,-36815
마포구 성산제1동,17660,14360,3300
마포구 성산제2동,31133,17941,13192
마포구 신수동,6912,4809,2103
마포구 아현동,29397,23177,6220
마포구 연남동,16296,14178,2118
마포구 염리동,4422,4434,-12
마포구 용강동,18358,15942,2416
마포구 합정동,14581,22497,-7916
서대문구 남가좌제1동,17062,10452,6610
서대문구 남가좌제2동,23941,18684,5257
서대문구 북가좌제1동,8328,6698,1630
서대문구 북가좌제2동,25248,9432,15816
서대문구 북아현동,13370,12298,1072
서대문구 신촌동,69290,114871,-45581
서대문구 연희동,53763,46244,7519
서대문구 천연동,34538,31747,2791
서대문구 충현동,31509,48481,-16972
서대문구 홍은제1동,22758,13228,9530
서대문구 홍은제2동,41749,41884,-135
서대문구 홍제제1동,30579,35284,-4705
서대문구 홍제제2동,16796,7592,9204
서대문구 홍제제3동,19094,20641,-1547
서초구 내곡동,14805,18573,-3768
서초구 반포1동,42888,23011,19877
서초구 반포2동,7383,6813,570
서초구 반포3동,15359,15784,-425
서초구 반포4동,26732,42121,-15389
서초구 반포본동,12120,11545,575
서초구 방배1동,23211,21366,1845
서초구 방배2동,23212,24528,-1316
서초구 방배3동,25283,20749,4534
서초구 방배4동,23579,21783,1796
서초구 방배본동,15476,16703,-1227
서초구 서초1동,18672,23256,-4584
서초구 서초2동,33556,61021,-27465
서초구 서초3동,41234,55207,-13973
서초구 서초4동,36571,40866,-4295
서초구 양재1동,85025,75637,9388
서초구 양재2동,34475,40474,-5999
서초구 잠원동,22547,21368,1179
성동구 금호1가동,10852,5954,4898
성동구 금호2.3가동,15226,14239,987
성동구 금호4가동,11756,5345,6411
성동구 마장동,12646,15485,-2839
성동구 사근동,7265,10304,-3039
성동구 성수1가제1동,8199,9206,-1007
성동구 성수1가제2동,4572,8211,-3639
성동구 성수2가제1동,9787,5610,4177
성동구 성수2가제3동,6888,10737,-3849
성동구 송정동,8906,4847,4059
성동구 옥수동,16526,16809,-283
성동구 왕십리도선동,13802,14480,-678
성동구 왕십리제2동,11600,11570,30
성동구 용답동,10189,9976,213
성동구 응봉동,12035,3930,8105
성동구 행당제1동,11005,21599,-10594
성동구 행당제2동,13328,9292,4036
성북구 길음제1동,29637,27799,1838
성북구 길음제2동,12545,25186,-12641
성북구 돈암제1동,30103,18204,11899
성북구 돈암제2동,13407,4637,8770
성북구 동선동,22411,32545,-10134
성북구 보문동,14931,9884,5047
성북구 삼선동,34311,32005,2306
성북구 석관동,13541,10366,3175
성북구 성북동,30743,30643,100
성북구 안암동,14778,22793,-8015
성북구 월곡제1동,19584,16306,3278
성북구 월곡제2동,10122,11604,-1482
성북구 장위제1동,18798,8609,10189
성북구 장위제2동,13630,12102,1528
성북구 장위제3동,6871,4893,1978
성북구 정릉제1동,18138,13337,4801
성북구 정릉제2동,28974,12680,16294
성북구 정릉제3동,10676,28731,-18055
성북구 정릉제4동,28464,23740,4724
성북구 종암동,40728,26489,14239
송파구 가락1동,5278,4054,1224
송파구 가락2동,21372,15333,6039
송파구 가락본동,17114,22789,-5675
송파구 거여1동,6149,3888,2261
송파구 거여2동,1428,733,695
송파구 마천1동,9002,4249,4753
송파구 마천2동,16084,8371,7713
송파구 문정1동,7494,6788,706
송파구 문정2동,18221,34409,-16188
송파구 방이1동,9874,5677,4197
송파구 방이2동,16821,21276,-4455
송파구 삼전동,23651,11046,12605
송파구 석촌동,26696,22592,4104
송파구 송파1동,17800,16559,1241
송파구 송파2동,8514,4991,3523
송파구 오금동,21736,19479,2257
송파구 오륜동,7340,8695,-1355
송파구 위례동,17613,9268,8345
송파구 잠실2동,4913,10094,-5181
송파구 잠실3동,26438,53007,-26569
송파구 잠실4동,951,1335,-384
송파구 잠실6동,9300,30902,-21602
송파구 잠실7동,6804,9695,-2891
송파구 잠실본동,25955,20946,5009
송파구 장지동,18576,9436,9140
송파구 풍납1동,7807,4080,3727
송파구 풍납2동,11585,13526,-1941
양천구 목1동,21593,39670,-18077
양천구 목2동,25452,20182,5270
양천구 목3동,24722,21827,2895
양천구 목4동,23498,8954,14544
양천구 목5동,23036,22546,490
양천구 신월1동,10163,3805,6358
양천구 신월2동,12532,7058,5474
양천구 신월3동,8514,5104,3410
양천구 신월4동,10378,5766,4612
양천구 신월5동,8970,5662,3308
양천구 신월6동,7607,4090,3517
양천구 신월7동,18698,8179,10519
양천구 신정1동,10123,14372,-4249
양천구 신정2동,8900,4793,4107
양천구 신정3동,36148,21754,14394
양천구 신정4동,19353,31648,-12295
양천구 신정6동,6752,5390,1362
양천구 신정7동,11446,9614,1832
영등포구 당산제1동,12112,20597,-8485
영등포구 당산제2동,26176,37876,-11700
영등포구 대림제1동,14665,12710,1955
영등포구 대림제2동,5343,7495,-2152
영등포구 대림제3동,19319,17326,1993
영등포구 도림동,17197,8262,8935
영등포구 문래동,18605,30616,-12011
영등포구 신길제1동,16663,9237,7426
영등포구 신길제3동,20914,10121,10793
영등포구 신길제4동,9368,3750,5618
영등포구 신길제5동,13939,12879,1060
영등포구 신길제6동,16416,11618,4798
영등포구 신길제7동,16844,11173,5671
영등포구 양평제1동,9970,11626,-1656
영등포구 양평제2동,17430,18399,-969
영등포구 여의동,52925,121661,-68736
영등포구 영등포동,42717,68508,-25791
영등포구 영등포본동,18977,24133,-5156
용산구 남영동,38454,42287,-3833
용산구 보광동,14101,5031,9070
용산구 서빙고동,13774,10687,3087
용산구 용문동,5773,3727,2046
용산구 용산2가동,16666,11589,5077
용산구 원효로제1동,16449,16612,-163
용산구 원효로제2동,12697,8857,3840
용산구 이촌제1동,13147,12705,442
용산구 이촌제2동,6275,2778,3497
용산구 이태원제1동,13965,15597,-1632
용산구 이태원제2동,10215,6224,3991
용산구 청파동,23376,21875,1501
용산구 필동,345,596,-251
용산구 한강로동,39753,57278,-17525
용산구 한남동,51716,53339,-1623
용산구 효창동,12694,7022,5672
용산구 후암동,14639,9461,5178
은평구 갈현제1동,17463,8892,8571
은평구 갈현제2동,17739,10268,7471
은평구 구산동,23788,6250,17538
은평구 녹번동,26355,19332,7023
은평구 대조동,26286,49369,-23083
은평구 불광제1동,24037,18371,5666
은평구 불광제2동,22891,22175,716
은평구 수색동,12467,10566,1901
은평구 신사제1동,19218,18152,1066
은평구 신사제2동,25460,16072,9388
은평구 역촌동,28837,14776,14061
은평구 응암제1동,26040,37255,-11215
은평구 응암제2동,14012,5669,8343
은평구 응암제3동,17695,15089,2606
은평구 증산동,21404,18956,2448
은평구 진관동,38984,35337,3647
종로구 가회동,5422,6578,-1156
종로구 교남동,7505,4456,3049
종로구 무악동,3435,2525,910
종로구 부암동,17284,22497,-5213
종로구 사직동,40435,75380,-34945
종로구 삼청동,4140,10767,-6627
종로구 숭인제1동,1611,1113,498
종로구 숭인제2동,11871,18087,-6216
종로구 이화동,14859,21867,-7008
종로구 종로1.2.3.4가동,71416,164189,-92773
종로구 종로5.6가동,11918,25155,-13237
종로구 창신제1동,11912,9837,2075
종로구 창신제2동,7816,13307,-5491
종로구 창신제3동,5147,5001,146
종로구 청운효자동,12811,14542,-1731
종로구 충현동,2915,1386,1529
종로구 평창동,18670,16918,1752
종로구 혜화동,27276,36325,-9049
중구 광희동,13733,24986,-11253
중구 다산동,10358,7590,2768
중구 동화동,2046,1876,170
중구 명동,30152,52955,-22803
중구 소공동,24380,61396,-37016
중구 신당동,7517,8317,-800
중구 신당제5동,8708,11383,-2675
중구 약수동,6926,5094,1832
중구 을지로동,3092,10563,-7471
중구 장충동,4530,8413,-3883
중구 중림동,7741,8201,-460
중구 청구동,4649,3593,1056
중구 필동,4714,6881,-2167
중구 황학동,9586,7065,2521
중구 회현동,39733,67012,-27279
중랑구 망우본동,26117,19865,6252
중랑구 망우제3동,10477,4611,5866
중랑구 면목본동,25857,28638,-2781
중랑구 면목제2동,10851,6247,4604
중랑구 면목제3.8동,20647,23823,-3176
중랑구 면목제4동,11815,7445,4370
중랑구 면목제5동,9288,4168,5120
중랑구 면목제7동,6775,5987,788
중랑구 묵제1동,14941,14223,718
중랑구 묵제2동,7690,3948,3742
중랑구 상봉제1동,13117,11203,1914
중랑구 상봉제2동,16750,20912,-4162
중랑구 신내1동,28242,15816,12426
중랑구 신내2동,19852,18121,1731
중랑구 중화제1동,8205,10570,-2365
중랑구 중화제2동,21029,15852,5177
NA,499000,442768,56232
