ID,insum,outsum,diff
100000001,122,72,50
100000002,1223,2019,-796
100000003,1475,2389,-914
100000004,103,551,-448
100000005,1131,1773,-642
100000006,8,24,-16
100000007,110,173,-63
100000008,0,0,0
100000009,1,53,-52
100000010,0,18,-18
100000011,20,4,16
100000012,0,0,0
100000013,0,0,0
100000014,0,0,0
100000015,211,285,-74
100000016,0,0,0
100000017,0,0,0
100000018,88,47,41
100000019,112,305,-193
100000020,87,434,-347
100000021,0,0,0
100000022,68,226,-158
100000023,45,0,45
100000025,2,11,-9
100000028,9,29,-20
100000029,0,0,0
100000030,0,0,0
100000031,203,764,-561
100000032,199,180,19
100000033,103,165,-62
100000034,0,0,0
100000035,1,128,-127
100000036,10,68,-58
100000037,35,82,-47
100000038,288,98,190
100000039,113,8,105
100000040,2,10,-8
100000041,59,33,26
100000042,114,55,59
100000043,53,20,33
100000044,0,0,0
100000045,0,0,0
100000046,0,0,0
100000047,0,0,0
100000048,0,0,0
100000049,0,0,0
100000051,0,0,0
100000053,3,0,3
100000054,8,11,-3
100000055,0,0,0
100000056,4,27,-23
100000057,135,63,72
100000058,0,0,0
100000059,4,1,3
100000060,103,29,74
100000061,108,54,54
100000062,137,96,41
100000063,103,47,56
100000064,219,8,211
100000065,23,27,-4
100000066,2,7,-5
100000067,28,10,18
100000068,20,24,-4
100000069,19,25,-6
100000072,0,0,0
100000073,0,0,0
100000075,0,0,0
100000076,155,1153,-998
100000077,35,67,-32
100000078,18,154,-136
100000079,2,120,-118
100000080,0,54,-54
100000081,2,20,-18
100000102,298,1294,-996
100000103,113,105,8
100000104,112,181,-69
100000105,0,0,0
100000106,57,1363,-1306
100000107,5,362,-357
100000108,6,23,-17
100000109,121,31,90
100000116,158,109,49
100000117,2,57,-55
100000118,495,50,445
100000119,145,62,83
100000121,30,19,11
100000122,208,101,107
100000123,328,133,195
100000124,135,176,-41
100000125,61,112,-51
100000126,5,9,-4
100000127,2,5,-3
100000128,0,9,-9
100000129,44,21,23
100000130,0,0,0
100000131,0,0,0
100000132,15,141,-126
100000133,311,144,167
100000135,132,104,28
100000139,99,137,-38
100000140,0,0,0
100000142,133,45,88
100000143,0,0,0
100000144,0,0,0
100000147,304,1054,-750
100000150,28,20,8
100000151,107,548,-441
100000153,0,0,0
100000154,0,0,0
100000155,1,63,-62
100000156,42,124,-82
100000157,374,131,243
100000158,59,104,-45
100000159,14,61,-47
100000165,49,10,39
100000169,0,0,0
100000174,0,0,0
100000179,5,13,-8
100000180,0,0,0
100000181,28,3,25
100000188,0,0,0
100000189,157,63,94
100000190,73,232,-159
100000191,3,192,-189
100000192,2,296,-294
100000193,36,53,-17
100000330,0,0,0
100000355,18,16,2
100000362,194,75,119
100000363,2032,2630,-598
100000364,0,0,0
100000365,3083,1414,1669
100000366,540,351,189
100000367,2360,1826,534
100000368,63,69,-6
100000369,155,743,-588
100000370,1,53,-52
100000376,0,0,0
100000379,72,511,-439
100000380,1001,2042,-1041
100000384,1154,2409,-1255
100000385,104,722,-618
100000386,593,1155,-562
100000387,253,1361,-1108
100000388,1480,1245,235
100000389,1193,2121,-928
100000390,762,369,393
100000391,709,1994,-1285
100000392,123,246,-123
100000393,116,1004,-888
100000394,118,381,-263
100000395,69,195,-126
100000396,348,403,-55
100000397,442,583,-141
100000398,2471,1132,1339
100900002,0,0,0
100900003,0,0,0
100900004,0,0,0
100900005,0,0,0
100900006,0,0,0
100900007,0,0,0
100900008,0,0,0
100900009,0,0,0
100900010,0,0,0
100900011,0,0,0
100900012,0,0,0
100900013,0,0,0
100900014,0,0,0
100900015,0,0,0
100900016,0,0,0
100900017,0,0,0
100900018,0,0,0
100900019,0,0,0
100900020,0,0,0
100900021,0,0,0
100900022,0,0,0
100900023,0,0,0
100900024,0,0,0
100900025,0,0,0
100900026,0,0,0
100900027,1,0,1
100900028,0,0,0
100900029,0,0,0
100900030,0,0,0
100900031,0,0,0
100900032,0,0,0
100900033,0,0,0
100900034,0,0,0
100900035,0,0,0
100900036,0,0,0
100900037,0,0,0
100900038,0,0,0
100900039,0,0,0
100900040,0,0,0
100900041,0,0,0
100900042,6,8,-2
100900043,0,0,0
100900044,0,0,0
100900045,0,0,0
100900046,0,0,0
100900047,0,0,0
100900048,0,0,0
100900049,0,0,0
100900050,0,0,0
100900051,0,0,0
100900052,0,0,0
100900053,0,0,0
100900054,0,0,0
100900055,0,0,0
100900056,0,0,0
100900057,0,0,0
100900058,0,0,0
100900059,0,0,0
100900060,0,0,0
100900061,0,0,0
100900062,0,0,0
100900063,0,0,0
100900064,0,0,0
100900065,0,0,0
100900066,0,0,0
100900067,0,0,0
100900068,0,0,0
100900069,0,0,0
100900070,0,0,0
100900071,0,0,0
100900072,0,0,0
100900073,0,0,0
100900074,0,0,0
100900075,0,0,0
100900076,0,0,0
100900077,0,0,0
100900078,0,0,0
100900079,0,0,0
100900080,0,0,0
100900081,0,0,0
100900082,0,0,0
100900083,0,0,0
100900085,0,0,0
100900086,0,0,0
100900088,0,0,0
100900089,0,0,0
100900090,0,0,0
100900091,0,0,0
100900092,0,0,0
100900093,0,0,0
100900094,0,0,0
100900095,0,0,0
100900096,0,0,0
100900097,0,0,0
100900098,0,0,0
100900099,0,0,0
100900100,0,0,0
100900101,0,0,0
100900102,0,0,0
100900103,0,0,0
100900104,0,0,0
100900105,0,0,0
100900106,0,0,0
100900107,0,0,0
100900108,0,0,0
100900109,0,0,0
100900110,0,0,0
100900111,0,0,0
100900112,0,0,0
100900113,0,0,0
100900114,0,0,0
100900115,0,0,0
100900116,0,0,0
100900117,0,0,0
100900118,0,0,0
100900119,0,0,0
100900120,0,0,0
100900121,0,0,0
100900122,0,0,0
100900123,0,0,0
100900124,0,0,0
100900125,0,0,0
100900126,0,0,0
100900127,0,0,0
100900128,0,0,0
100900129,0,0,0
100900131,0,0,0
100900133,0,0,0
100900134,0,0,0
100900135,0,0,0
100900137,0,0,0
100900138,0,0,0
100900139,0,0,0
100900140,0,0,0
100900141,0,0,0
100900142,0,0,0
100900143,0,0,0
100900144,0,0,0
100900145,0,0,0
100900146,0,0,0
100900147,0,0,0
100900148,0,0,0
100900149,0,0,0
100900150,0,0,0
100900151,0,0,0
100900152,0,0,0
100900153,0,0,0
100900154,0,0,0
100900155,0,0,0
100900156,0,0,0
100900157,0,0,0
100900158,0,0,0
100900159,0,0,0
100900160,0,0,0
100900161,0,0,0
100900162,0,0,0
100900163,0,0,0
100900164,0,0,0
100900165,0,0,0
100900166,0,0,0
100900167,0,0,0
100900168,0,0,0
100900169,0,0,0
100900170,0,0,0
100900171,0,0,0
100900172,0,0,0
100900173,0,0,0
100900174,0,0,0
100900176,0,0,0
100900177,0,0,0
100900178,0,0,0
100900179,0,0,0
100900180,0,0,0
100900181,0,0,0
100900182,0,0,0
100900184,0,0,0
100900186,0,0,0
100900187,0,0,0
100900188,0,0,0
100900189,0,0,0
100900191,0,0,0
100900192,0,0,0
100900195,0,0,0
100900197,0,0,0
100900198,0,0,0
100900199,0,0,0
100900200,0,0,0
100900201,0,0,0
100900202,0,0,0
100900203,0,0,0
100900204,0,0,0
100900205,0,0,0
100900206,0,0,0
100900207,0,0,0
100900210,0,0,0
100900211,0,0,0
100900213,0,0,0
100900214,0,0,0
100900215,0,0,0
101000001,159,416,-257
101000002,65,154,-89
101000003,6,85,-79
101000004,1123,1756,-633
101000005,938,1457,-519
101000006,403,110,293
101000007,51,320,-269
101000008,198,843,-645
101000009,217,66,151
101000010,76,53,23
101000011,16,58,-42
101000012,0,0,0
101000013,35,110,-75
101000014,72,134,-62
101000015,9,31,-22
101000016,0,0,0
101000017,0,0,0
101000018,97,24,73
101000020,95,26,69
101000021,36,194,-158
101000022,0,0,0
101000023,125,192,-67
101000025,0,0,0
101000026,0,0,0
101000027,193,218,-25
101000028,0,0,0
101000029,0,0,0
101000030,0,0,0
101000031,1,27,-26
101000032,875,1172,-297
101000033,38,10,28
101000034,65,139,-74
101000035,0,0,0
101000036,2,27,-25
101000037,93,354,-261
101000039,0,0,0
101000040,56,226,-170
101000041,981,1838,-857
101000042,9,172,-163
101000043,55,162,-107
101000045,111,200,-89
101000046,416,480,-64
101000047,716,381,335
101000048,30,168,-138
101000049,0,1,-1
101000050,88,333,-245
101000051,110,593,-483
101000052,137,717,-580
101000053,157,148,9
101000054,303,44,259
101000055,428,594,-166
101000056,1,0,1
101000057,38,4,34
101000058,46,422,-376
101000059,379,1507,-1128
101000060,56,2,54
101000061,83,1225,-1142
101000062,17,3,14
101000063,66,714,-648
101000064,55,1,54
101000065,38,282,-244
101000066,141,196,-55
101000067,107,10,97
101000068,27,28,-1
101000069,112,15,97
101000070,204,10,194
101000071,80,89,-9
101000072,892,572,320
101000073,313,167,146
101000074,1897,556,1341
101000075,2137,438,1699
101000077,332,97,235
101000078,123,59,64
101000079,396,221,175
101000080,17,2,15
101000081,369,138,231
101000082,50,12,38
101000083,451,219,232
101000084,25,8,17
101000085,398,309,89
101000086,0,0,0
101000087,0,0,0
101000088,425,165,260
101000089,242,147,95
101000090,0,0,0
101000091,32,11,21
101000092,316,83,233
101000093,181,62,119
101000094,13,45,-32
101000095,2,13,-11
101000096,164,37,127
101000097,8,5,3
101000098,0,6,-6
101000099,103,177,-74
101000100,3,2,1
101000101,45,66,-21
101000102,92,115,-23
101000103,70,94,-24
101000104,17,164,-147
101000105,8,25,-17
101000106,0,0,0
101000107,0,0,0
101000108,0,0,0
101000109,0,0,0
101000110,0,0,0
101000111,0,0,0
101000113,0,0,0
101000114,449,121,328
101000115,0,0,0
101000116,0,0,0
101000117,0,0,0
101000119,0,14,-14
101000120,0,0,0
101000121,0,0,0
101000122,0,0,0
101000123,0,0,0
101000124,0,0,0
101000125,0,0,0
101000128,0,0,0
101000130,37,10,27
101000131,61,91,-30
101000132,11,8,3
101000135,0,0,0
101000136,0,0,0
101000137,0,18,-18
101000141,195,1976,-1781
101000147,5,6,-1
101000148,0,0,0
101000149,0,0,0
101000150,0,0,0
101000151,0,0,0
101000152,22,2,20
101000153,18,10,8
101000154,38,7,31
101000155,0,0,0
101000156,0,0,0
101000157,0,0,0
101000160,0,0,0
101000163,46,233,-187
101000164,0,0,0
101000165,139,81,58
101000166,9,55,-46
101000168,0,0,0
101000252,368,63,305
101000254,0,0,0
101000258,0,0,0
101000261,0,0,0
101000262,247,2141,-1894
101000263,71,311,-240
101000265,0,0,0
101000266,0,0,0
101000269,0,0,0
101000290,102,276,-174
101000293,0,0,0
101000294,31,21,10
101000295,3,15,-12
101000301,4,15,-11
101000304,184,611,-427
101000305,358,319,39
101900001,0,0,0
101900002,0,0,0
101900003,0,0,0
101900004,0,0,0
101900005,0,0,0
101900006,0,0,0
101900007,0,0,0
101900008,0,0,0
101900009,0,0,0
101900010,0,0,0
101900011,0,0,0
101900012,0,0,0
101900013,0,0,0
101900017,0,0,0
101900018,0,0,0
101900019,0,0,0
101900020,0,0,0
101900021,0,0,0
101900022,0,0,0
101900023,0,0,0
102000001,353,538,-185
102000002,137,40,97
102000003,192,334,-142
102000004,273,333,-60
102000005,69,366,-297
102000006,24,312,-288
102000007,61,512,-451
102000008,401,190,211
102000009,486,556,-70
102000010,329,283,46
102000011,212,510,-298
102000012,322,456,-134
102000018,73,116,-43
102000019,0,0,0
102000026,0,0,0
102000029,0,0,0
102000030,0,0,0
102000031,0,0,0
102000032,0,0,0
102000033,0,1,-1
102000034,0,0,0
102000035,0,0,0
102000036,0,0,0
102000037,0,0,0
102000038,0,0,0
102000039,0,0,0
102000040,0,0,0
102000041,0,0,0
102000042,0,0,0
102000043,0,0,0
102000044,0,0,0
102000045,71,74,-3
102000046,0,0,0
102000047,54,38,16
102000048,0,0,0
102000049,0,0,0
102000050,90,36,54
102000051,0,0,0
102000052,178,55,123
102000053,0,0,0
102000054,51,19,32
102000055,35,0,35
102000056,378,71,307
102000057,46,134,-88
102000058,21,8,13
102000059,22,42,-20
102000060,426,353,73
102000061,23,41,-18
102000062,178,166,12
102000063,17,7,10
102000064,5,51,-46
102000065,0,1,-1
102000066,50,14,36
102000067,26,142,-116
102000068,358,305,53
102000069,0,0,0
102000070,0,0,0
102000071,662,510,152
102000072,449,524,-75
102000073,0,0,0
102000074,0,0,0
102000075,0,0,0
102000076,0,0,0
102000077,24,1,23
102000078,0,0,0
102000079,7,0,7
102000080,0,0,0
102000081,7,0,7
102000082,0,0,0
102000083,2,1,1
102000084,132,59,73
102000085,1,1,0
102000086,255,61,194
102000087,10,7,3
102000088,8,24,-16
102000089,144,64,80
102000090,56,190,-134
102000091,182,238,-56
102000092,68,149,-81
102000093,194,179,15
102000094,122,76,46
102000095,0,0,0
102000096,726,177,549
102000097,0,0,0
102000098,126,98,28
102000099,54,4,50
102000100,33,57,-24
102000101,42,28,14
102000102,24,64,-40
102000103,1,57,-56
102000104,0,0,0
102000105,0,0,0
102000106,0,0,0
102000107,0,0,0
102000108,0,0,0
102000109,0,0,0
102000110,0,0,0
102000111,0,0,0
102000112,0,0,0
102000113,0,0,0
102000114,0,0,0
102000115,0,0,0
102000116,1,55,-54
102000117,0,0,0
102000118,19,314,-295
102000119,0,0,0
102000120,0,0,0
102000121,0,0,0
102000122,0,0,0
102000123,0,0,0
102000124,0,0,0
102000125,0,0,0
102000126,0,0,0
102000127,0,0,0
102000128,0,0,0
102000129,0,0,0
102000130,0,0,0
102000131,0,0,0
102000132,0,0,0
102000133,254,53,201
102000134,72,67,5
102000135,0,0,0
102000136,0,0,0
102000137,0,0,0
102000138,0,0,0
102000139,0,0,0
102000140,0,0,0
102000141,0,0,0
102000142,0,0,0
102000143,0,0,0
102000144,0,0,0
102000145,0,0,0
102000146,0,0,0
102000147,0,0,0
102000148,0,0,0
102000149,0,0,0
102000150,0,0,0
102000151,0,0,0
102000152,0,0,0
102000153,0,0,0
102000154,0,0,0
102000155,0,0,0
102000156,0,0,0
102000157,0,0,0
102000158,0,0,0
102000159,0,0,0
102000161,0,0,0
102000162,0,0,0
102000163,0,3,-3
102000164,0,0,0
102000165,0,0,0
102000166,0,3,-3
102000167,0,0,0
102000168,3,1,2
102000169,2,5,-3
102000170,0,0,0
102000171,0,0,0
102000172,1,4,-3
102000173,3,5,-2
102000174,0,0,0
102000175,18,5,13
102000176,0,0,0
102000178,36,0,36
102000179,12,5,7
102000180,46,2,44
102000181,92,4,88
102000182,35,6,29
102000183,194,125,69
102000184,10,2,8
102000185,376,109,267
102000186,33,6,27
102000187,18,4,14
102000188,195,69,126
102000189,69,20,49
102000190,237,262,-25
102000191,96,32,64
102000192,0,0,0
102000193,0,0,0
102000194,0,0,0
102000195,0,0,0
102000196,0,0,0
102000197,0,0,0
102000198,0,0,0
102000199,0,0,0
102000200,0,0,0
102000201,0,0,0
102000202,0,0,0
102000203,0,0,0
102000204,0,0,0
102000205,0,0,0
102000206,0,0,0
102000207,0,0,0
102000208,0,0,0
102000209,0,0,0
102000210,0,0,0
102000211,0,0,0
102000212,0,0,0
102000213,0,0,0
102000214,0,0,0
102000215,0,0,0
102000216,0,0,0
102000217,0,0,0
102000218,0,0,0
102000219,0,0,0
102000225,209,161,48
102000226,0,0,0
102000227,0,0,0
102000228,0,0,0
102000229,0,0,0
102000230,19,46,-27
102000231,0,0,0
102000232,0,0,0
102000233,59,62,-3
102000234,14,314,-300
102000236,0,0,0
102000237,0,0,0
102000238,0,0,0
102000240,0,0,0
102000241,0,0,0
102000243,2,7,-5
102000245,0,0,0
102000246,0,0,0
102000247,3,38,-35
102000248,28,144,-116
102000249,0,0,0
102000250,0,0,0
102000254,72,22,50
102000266,0,0,0
102000271,0,0,0
102000286,0,0,0
102000297,0,0,0
102000301,0,0,0
102000303,0,0,0
102000305,0,0,0
102000306,0,0,0
102000307,0,0,0
102000308,0,0,0
102900001,0,0,0
102900002,0,0,0
102900003,0,0,0
102900005,0,0,0
102900006,0,0,0
102900007,0,0,0
102900008,0,0,0
102900009,0,0,0
102900010,0,0,0
102900011,0,0,0
102900012,0,0,0
102900013,0,0,0
102900015,0,0,0
102900016,0,0,0
102900017,0,0,0
102900018,0,0,0
102900019,0,0,0
102900020,0,0,0
102900021,0,0,0
102900022,0,0,0
102900023,0,0,0
102900024,0,0,0
102900025,0,0,0
102900026,0,0,0
102900027,0,0,0
102900028,0,0,0
102900029,0,0,0
102900030,0,0,0
102900031,0,0,0
102900032,0,0,0
102900033,0,0,0
102900034,0,0,0
102900035,0,0,0
102900036,0,0,0
102900037,0,0,0
102900038,0,0,0
102900039,0,0,0
102900040,0,0,0
102900041,0,0,0
102900042,0,0,0
102900043,0,0,0
102900044,0,0,0
102900045,0,0,0
102900046,0,0,0
102900047,0,0,0
102900048,0,0,0
102900049,0,0,0
102900050,0,0,0
102900051,0,0,0
102900052,0,0,0
102900053,0,0,0
102900054,0,0,0
102900055,0,0,0
102900056,0,0,0
102900057,0,0,0
102900058,0,0,0
102900059,0,0,0
102900060,0,0,0
102900061,0,0,0
102900062,0,0,0
102900063,0,0,0
102900064,0,0,0
102900065,0,0,0
102900066,0,0,0
102900068,0,0,0
102900070,0,0,0
102900072,0,0,0
102900073,0,0,0
102900074,0,0,0
102900075,0,0,0
102900076,0,0,0
102900077,0,0,0
102900078,0,0,0
102900079,0,0,0
102900080,0,0,0
102900081,0,0,0
102900082,0,0,0
102900083,0,0,0
102900084,0,0,0
102900085,0,0,0
102900086,0,0,0
102900087,0,0,0
102900088,0,0,0
102900089,0,0,0
102900090,0,0,0
102900091,0,0,0
102900092,0,0,0
102900093,0,0,0
102900094,0,0,0
102900095,0,0,0
102900096,0,0,0
102900097,0,0,0
103000001,209,77,132
103000002,58,59,-1
103000003,78,90,-12
103000004,13,37,-24
103000005,458,287,171
103000006,183,198,-15
103000007,0,3,-3
103000008,0,0,0
103000009,59,125,-66
103000010,0,0,0
103000011,38,35,3
103000012,553,457,96
103000013,116,30,86
103000014,365,672,-307
103000015,0,0,0
103000016,52,68,-16
103000017,112,51,61
103000018,0,0,0
103000019,122,91,31
103000020,6,66,-60
103000021,1051,798,253
103000022,81,76,5
103000023,224,613,-389
103000024,0,0,0
103000025,3,127,-124
103000026,0,0,0
103000027,50,92,-42
103000028,17,36,-19
103000029,39,53,-14
103000030,93,78,15
103000031,192,345,-153
103000032,195,228,-33
103000033,1825,1067,758
103000034,28,45,-17
103000035,100,220,-120
103000036,8,213,-205
103000037,7,22,-15
103000038,188,239,-51
103000039,2,30,-28
103000040,46,87,-41
103000041,190,203,-13
103000042,86,36,50
103000043,92,145,-53
103000044,0,0,0
103000046,0,0,0
103000047,0,0,0
103000048,0,0,0
103000049,0,0,0
103000050,0,0,0
103000051,0,0,0
103000052,0,0,0
103000053,0,0,0
103000054,266,48,218
103000055,377,77,300
103000056,44,44,0
103000057,405,195,210
103000058,166,51,115
103000059,26,52,-26
103000060,105,21,84
103000061,102,190,-88
103000062,0,0,0
103000063,137,58,79
103000064,0,0,0
103000065,0,0,0
103000066,0,0,0
103000069,0,0,0
103000070,0,0,0
103000071,51,19,32
103000072,0,0,0
103000073,148,1,147
103000074,145,2,143
103000075,0,0,0
103000076,29,33,-4
103000077,0,0,0
103000078,80,44,36
103000079,2,57,-55
103000080,229,65,164
103000081,26,179,-153
103000082,166,38,128
103000083,0,0,0
103000084,18,0,18
103000085,0,0,0
103000086,285,149,136
103000087,71,229,-158
103000088,0,0,0
103000089,13,151,-138
103000090,677,209,468
103000091,16,29,-13
103000092,215,77,138
103000093,0,0,0
103000094,65,29,36
103000095,0,0,0
103000096,128,14,114
103000097,0,0,0
103000098,114,17,97
103000099,0,0,0
103000100,0,0,0
103000101,213,20,193
103000102,0,0,0
103000103,114,19,95
103000104,1,0,1
103000105,25,2,23
103000106,3,0,3
103000107,124,42,82
103000108,2,8,-6
103000109,0,0,0
103000110,31,21,10
103000111,0,0,0
103000112,38,42,-4
103000113,0,0,0
103000114,275,100,175
103000115,5,2,3
103000116,8,3,5
103000117,33,12,21
103000118,0,0,0
103000119,0,0,0
103000120,0,0,0
103000121,4,43,-39
103000122,287,797,-510
103000125,0,13,-13
103000126,37,0,37
103000127,0,6,-6
103000128,11,0,11
103000129,0,3,-3
103000130,54,1,53
103000131,11,32,-21
103000132,2,6,-4
103000133,0,23,-23
103000134,219,113,106
103000135,47,42,5
103000136,351,137,214
103000137,23,125,-102
103000138,94,117,-23
103000139,0,0,0
103000140,33,23,10
103000141,0,0,0
103000142,19,10,9
103000143,0,0,0
103000144,60,9,51
103000145,0,4,-4
103000150,0,0,0
103000152,0,0,0
103000153,101,35,66
103000156,0,16,-16
103000157,42,1,41
103000159,0,0,0
103000162,13,0,13
103000163,0,48,-48
103000164,0,0,0
103000165,0,0,0
103000166,49,48,1
103000167,38,11,27
103000168,0,0,0
103000169,17,26,-9
103000170,584,325,259
103000171,22,7,15
103000172,231,12,219
103000173,0,0,0
103000174,112,33,79
103000175,0,0,0
103000176,14,23,-9
103000177,0,0,0
103000178,0,0,0
103000179,0,0,0
103000183,107,20,87
103000185,15,0,15
103000186,1,5,-4
103000187,0,0,0
103000188,1,0,1
103000189,0,0,0
103000191,1,0,1
103000292,28,20,8
103000293,27,142,-115
103000295,84,13,71
103000296,3,1,2
103000297,5,0,5
103000504,0,0,0
103000505,3,0,3
103000506,0,0,0
103000507,0,0,0
103000508,0,0,0
103000509,0,0,0
103900001,0,0,0
103900002,0,0,0
103900003,0,0,0
103900004,0,0,0
103900005,0,0,0
103900006,0,0,0
103900007,0,0,0
103900008,0,0,0
103900009,0,0,0
103900010,0,0,0
103900011,0,0,0
103900012,0,0,0
103900013,0,0,0
103900014,0,0,0
103900015,0,0,0
103900016,0,0,0
103900017,0,0,0
103900018,0,0,0
103900019,0,0,0
103900020,0,0,0
103900021,0,0,0
103900022,0,0,0
103900023,0,0,0
103900024,0,0,0
103900025,0,0,0
103900026,0,0,0
103900027,0,0,0
103900028,0,0,0
103900029,0,0,0
103900030,0,0,0
103900031,0,0,0
103900032,0,0,0
103900033,0,0,0
103900034,0,0,0
103900035,0,0,0
103900036,0,0,0
103900037,0,0,0
103900038,0,0,0
103900039,0,0,0
103900040,0,0,0
103900041,0,0,0
103900042,0,0,0
103900043,0,0,0
103900044,0,0,0
103900045,0,0,0
103900047,0,0,0
103900048,0,0,0
103900049,0,0,0
103900050,0,0,0
103900051,0,0,0
103900052,0,0,0
103900053,0,0,0
103900054,0,0,0
103900055,0,0,0
103900056,0,0,0
103900057,0,0,0
103900058,0,0,0
103900059,0,0,0
103900060,0,0,0
103900061,0,0,0
103900062,0,0,0
103900063,0,0,0
103900064,0,0,0
103900065,0,0,0
103900066,0,0,0
103900067,0,0,0
103900068,0,0,0
103900069,0,0,0
103900070,0,0,0
103900071,0,0,0
103900072,0,0,0
103900073,0,0,0
103900074,0,0,0
103900075,0,0,0
103900076,0,0,0
103900077,0,0,0
103900078,0,0,0
103900079,0,0,0
103900080,0,0,0
103900081,0,0,0
103900082,0,0,0
103900083,0,0,0
103900084,0,0,0
103900085,0,0,0
103900086,0,0,0
103900087,0,0,0
103900088,0,0,0
103900089,0,0,0
103900090,0,0,0
103900091,0,0,0
103900092,0,0,0
103900093,0,0,0
103900094,0,0,0
103900095,0,0,0
103900096,0,0,0
103900097,0,0,0
103900098,0,0,0
103900099,0,0,0
103900100,0,0,0
103900101,0,0,0
103900102,0,0,0
103900104,0,0,0
103900105,0,0,0
103900106,0,0,0
103900107,0,0,0
103900108,0,0,0
103900109,0,0,0
103900110,0,0,0
103900111,0,0,0
103900112,0,0,0
103900113,0,0,0
103900114,0,0,0
103900115,0,0,0
103900116,0,0,0
103900117,0,0,0
103900119,0,0,0
103900120,0,0,0
103900122,0,0,0
103900123,0,0,0
103900124,0,0,0
103900125,0,0,0
103900126,0,0,0
103900127,0,0,0
103900128,0,0,0
103900131,0,0,0
103900133,0,0,0
103900134,0,0,0
103900135,0,0,0
103900137,0,0,0
103900138,0,0,0
103900139,0,0,0
103900140,0,0,0
103900141,0,0,0
103900142,0,0,0
103900143,0,0,0
103900144,0,0,0
103900145,0,0,0
103900146,0,0,0
103900147,0,0,0
103900148,0,0,0
103900149,0,0,0
103900150,0,0,0
103900151,0,0,0
103900152,0,0,0
103900153,0,0,0
103900154,0,0,0
103900155,0,0,0
103900156,0,0,0
103900157,0,0,0
103900158,0,0,0
103900159,0,0,0
103900160,0,0,0
103900161,0,0,0
103900162,0,0,0
103900163,0,0,0
103900164,0,0,0
103900167,0,0,0
103900168,0,0,0
103900169,0,0,0
103900170,0,0,0
103900171,0,0,0
103900172,0,0,0
103900173,0,0,0
103900174,0,0,0
103900175,0,0,0
103900176,0,0,0
103900177,0,0,0
103900178,0,0,0
103900179,0,0,0
103900180,0,0,0
103900181,0,0,0
103900182,0,0,0
103900184,0,0,0
103900185,0,0,0
103900187,0,0,0
103900188,0,0,0
103900189,0,0,0
103900190,0,0,0
103900191,0,0,0
103900192,0,0,0
103900193,0,0,0
103900194,0,0,0
103900195,0,0,0
103900196,0,0,0
103900197,0,0,0
103900198,0,0,0
103900199,0,0,0
103900200,0,0,0
103900201,0,0,0
103900202,0,0,0
103900203,0,0,0
103900204,0,0,0
103900207,0,0,0
103900208,0,0,0
103900209,0,0,0
103900210,0,0,0
103900211,0,0,0
103900212,0,0,0
103900213,6,129,-123
103900214,23,115,-92
103900215,38,53,-15
103900216,0,0,0
103900217,0,0,0
103900218,0,0,0
103900219,0,0,0
103900233,0,0,0
103900235,0,0,0
103900236,0,0,0
103900242,0,0,0
103900243,0,0,0
103900244,0,0,0
103900245,0,0,0
103900246,0,0,0
103900247,0,0,0
103900248,0,0,0
103900249,0,0,0
103900250,0,0,0
103900251,0,0,0
103900253,0,0,0
103900254,0,0,0
103900255,0,0,0
103900256,0,0,0
103900257,0,0,0
103900258,0,0,0
103900259,0,0,0
103900261,0,0,0
103900262,0,0,0
103900263,0,0,0
103900264,0,0,0
103900265,0,0,0
103900266,0,0,0
103900267,0,0,0
104000001,656,365,291
104000002,47,148,-101
104000003,964,458,506
104000004,811,337,474
104000005,525,685,-160
104000006,1304,485,819
104000007,959,179,780
104000008,112,97,15
104000009,66,78,-12
104000010,58,50,8
104000011,0,0,0
104000012,0,0,0
104000013,66,38,28
104000014,0,0,0
104000015,212,38,174
104000016,0,0,0
104000018,209,78,131
104000019,286,226,60
104000020,90,171,-81
104000021,158,105,53
104000022,57,40,17
104000023,183,39,144
104000024,0,0,0
104000026,0,0,0
104000027,17,32,-15
104000028,220,31,189
104000029,25,71,-46
104000030,97,71,26
104000031,228,34,194
104000032,0,0,0
104000033,264,48,216
104000034,0,0,0
104000035,354,31,323
104000036,243,101,142
104000037,0,0,0
104000038,207,55,152
104000039,123,88,35
104000040,70,90,-20
104000041,88,27,61
104000042,81,33,48
104000043,94,60,34
104000044,67,43,24
104000045,121,36,85
104000046,134,52,82
104000047,30,342,-312
104000048,239,540,-301
104000049,3,5,-2
104000050,2,11,-9
104000051,0,0,0
104000052,269,165,104
104000053,149,66,83
104000054,10,1,9
104000055,357,131,226
104000056,0,0,0
104000057,0,0,0
104000058,440,86,354
104000059,139,222,-83
104000060,240,95,145
104000061,83,77,6
104000062,27,1,26
104000064,0,0,0
104000065,0,1,-1
104000069,0,0,0
104000070,0,0,0
104000071,0,0,0
104000072,42,7,35
104000075,0,0,0
104000076,0,0,0
104000082,148,278,-130
104000083,22,24,-2
104000084,0,6,-6
104000085,3,6,-3
104000086,2,6,-4
104000087,0,2,-2
104000090,0,0,0
104000092,0,0,0
104000094,0,0,0
104000095,77,305,-228
104000096,399,1,398
104000097,527,86,441
104000098,1013,83,930
104000100,1136,92,1044
104000101,189,199,-10
104000106,0,0,0
104000107,245,13,232
104000108,61,18,43
104000109,52,18,34
104000110,35,5,30
104000111,115,18,97
104000112,3,4,-1
104000116,0,0,0
104000117,120,19,101
104000118,23,0,23
104000119,6,5,1
104000120,5,13,-8
104000121,6,59,-53
104000122,244,42,202
104000123,95,151,-56
104000124,350,603,-253
104000125,37,26,11
104000126,221,66,155
104000127,91,554,-463
104000128,239,31,208
104000129,83,1,82
104000130,9,4,5
104000131,0,0,0
104000132,0,0,0
104000133,32,25,7
104000134,154,80,74
104000135,66,169,-103
104000136,251,199,52
104000137,425,94,331
104000138,0,0,0
104000139,656,451,205
104000141,172,197,-25
104000142,0,0,0
104000143,0,0,0
104000144,0,0,0
104000145,253,51,202
104000146,0,0,0
104000147,0,0,0
104000148,100,46,54
104000149,0,0,0
104000150,310,124,186
104000151,0,0,0
104000152,0,0,0
104000153,227,132,95
104000154,0,0,0
104000155,151,121,30
104000157,101,7,94
104000158,16,12,4
104000159,9,9,0
104000160,223,97,126
104000161,18,21,-3
104000162,32,78,-46
104000165,216,382,-166
104000167,95,184,-89
104000168,98,0,98
104000169,55,8,47
104000170,0,0,0
104000248,0,0,0
104000251,0,0,0
104000272,0,0,0
104000273,0,0,0
104000274,0,0,0
104000275,0,0,0
104000279,0,0,0
104000290,0,0,0
104000291,110,130,-20
104000293,125,99,26
104000294,0,0,0
104000295,39,57,-18
104000296,323,219,104
104000297,51,209,-158
104000298,485,109,376
104000299,110,122,-12
104900001,0,0,0
104900002,0,0,0
104900003,0,0,0
104900004,0,0,0
104900005,0,0,0
104900006,0,0,0
104900007,0,0,0
104900009,0,0,0
104900010,0,0,0
104900011,0,0,0
104900012,0,0,0
104900013,0,0,0
104900014,0,0,0
104900015,0,0,0
104900016,0,0,0
104900017,0,0,0
104900018,0,0,0
104900019,0,0,0
104900020,0,0,0
104900021,0,0,0
104900022,0,0,0
104900023,0,0,0
104900024,0,0,0
104900025,0,0,0
104900026,0,0,0
104900027,0,0,0
104900028,0,0,0
104900029,0,0,0
104900030,0,0,0
104900031,0,0,0
104900032,0,0,0
104900033,0,0,0
104900034,0,0,0
104900035,0,0,0
104900036,0,0,0
104900037,0,0,0
104900038,0,0,0
104900039,0,0,0
104900040,0,0,0
104900041,0,0,0
104900042,0,0,0
104900043,0,0,0
104900044,0,0,0
104900045,0,0,0
104900046,0,0,0
104900047,0,0,0
104900048,0,0,0
104900049,0,0,0
104900050,0,0,0
104900051,0,0,0
104900052,0,0,0
104900053,0,0,0
104900054,0,0,0
104900055,0,0,0
104900056,0,0,0
104900057,0,0,0
104900058,0,0,0
104900059,0,0,0
104900060,0,0,0
104900061,0,0,0
104900063,0,0,0
104900064,0,0,0
104900065,0,0,0
104900066,0,0,0
104900067,0,0,0
104900068,0,0,0
104900070,0,0,0
104900071,0,0,0
104900072,0,0,0
104900073,0,0,0
104900074,0,0,0
104900075,0,0,0
104900076,0,0,0
104900077,0,0,0
104900078,0,0,0
104900079,0,0,0
104900080,0,0,0
104900082,0,0,0
104900085,0,0,0
104900087,0,0,0
104900089,0,0,0
104900090,0,0,0
104900091,0,0,0
104900093,0,0,0
104900097,0,0,0
104900098,0,0,0
104900099,0,0,0
104900100,0,0,0
104900102,0,0,0
104900103,0,0,0
104900104,0,0,0
104900106,0,0,0
104900107,0,0,0
104900108,0,0,0
104900109,0,0,0
104900110,0,0,0
104900111,0,0,0
104900112,0,0,0
104900113,0,0,0
104900114,0,0,0
104900115,0,0,0
104900116,0,0,0
104900118,0,0,0
104900119,0,0,0
104900120,0,0,0
104900121,0,0,0
104900122,0,0,0
104900123,0,0,0
104900124,0,0,0
104900125,0,0,0
104900126,0,0,0
104900127,0,0,0
104900128,0,0,0
104900129,0,0,0
105000001,940,232,708
105000002,372,388,-16
105000003,426,339,87
105000004,29,32,-3
105000005,87,302,-215
105000006,175,374,-199
105000007,51,272,-221
105000008,13,364,-351
105000009,1822,1035,787
105000010,23,197,-174
105000011,782,769,13
105000012,60,185,-125
105000013,354,848,-494
105000014,2660,1635,1025
105000015,2137,2621,-484
105000016,209,266,-57
105000017,33,34,-1
105000018,117,163,-46
105000019,0,0,0
105000020,0,0,0
105000021,0,0,0
105000022,14,3,11
105000023,0,0,0
105000028,0,1,-1
105000029,18,28,-10
105000030,269,283,-14
105000033,64,184,-120
105000034,0,0,0
105000037,0,0,0
105000038,342,311,31
105000039,121,226,-105
105000040,289,420,-131
105000041,55,158,-103
105000042,1015,495,520
105000043,105,104,1
105000044,300,95,205
105000045,22,69,-47
105000046,391,44,347
105000047,45,63,-18
105000048,492,306,186
105000049,7,1,6
105000050,501,217,284
105000051,0,0,0
105000052,134,58,76
105000053,4,8,-4
105000054,93,61,32
105000055,0,1,-1
105000056,446,341,105
105000057,54,2,52
105000058,20,35,-15
105000059,491,234,257
105000060,6,0,6
105000061,389,116,273
105000062,3,3,0
105000063,0,0,0
105000064,311,73,238
105000065,0,0,0
105000066,37,11,26
105000067,466,304,162
105000068,14,36,-22
105000069,34,121,-87
105000070,58,58,0
105000071,223,224,-1
105000072,627,111,516
105000073,241,104,137
105000074,0,0,0
105000075,17,20,-3
105000076,40,19,21
105000077,78,16,62
105000078,44,74,-30
105000079,4,25,-21
105000080,546,768,-222
105000081,5,0,5
105000082,253,602,-349
105000083,1143,903,240
105000084,0,0,0
105000085,693,904,-211
105000086,0,0,0
105000087,0,0,0
105000088,363,510,-147
105000089,46,64,-18
105000090,26,12,14
105000091,0,0,0
105000092,0,0,0
105000093,0,0,0
105000094,46,10,36
105000095,0,0,0
105000096,202,355,-153
105000097,0,0,0
105000098,204,137,67
105000099,0,0,0
105000100,0,0,0
105000101,188,71,117
105000102,0,0,0
105000103,160,121,39
105000104,0,0,0
105000105,221,84,137
105000106,6,2,4
105000107,450,52,398
105000108,353,54,299
105000109,19,1,18
105000110,26,19,7
105000111,10,3,7
105000112,46,36,10
105000113,0,0,0
105000114,41,142,-101
105000115,0,0,0
105000116,111,41,70
105000117,0,0,0
105000118,44,37,7
105000119,0,0,0
105000120,406,64,342
105000121,0,0,0
105000122,6,50,-44
105000123,204,20,184
105000124,113,50,63
105000125,167,50,117
105000126,95,39,56
105000127,150,25,125
105000128,58,31,27
105000129,11,75,-64
105000130,11,422,-411
105000131,0,0,0
105000132,149,110,39
105000133,0,0,0
105000134,254,29,225
105000135,0,0,0
105000136,0,0,0
105000137,0,0,0
105000138,0,0,0
105000139,0,0,0
105000140,203,45,158
105000141,0,0,0
105000142,99,69,30
105000143,0,0,0
105000144,0,0,0
105000145,261,61,200
105000146,0,0,0
105000147,384,67,317
105000148,259,91,168
105000149,590,149,441
105000150,0,0,0
105000151,0,0,0
105000152,0,1,-1
105000153,0,0,0
105000154,0,5,-5
105000155,0,0,0
105000156,8,4,4
105000157,36,3,33
105000158,42,16,26
105000159,32,11,21
105000160,97,39,58
105000161,60,17,43
105000162,19,34,-15
105000163,63,15,48
105000164,3,2,1
105000165,22,59,-37
105000166,30,52,-22
105000167,38,250,-212
105000168,203,119,84
105000169,44,17,27
105000170,0,0,0
105000171,0,0,0
105000172,11,1,10
105000173,8,3,5
105000174,1,13,-12
105000175,0,0,0
105000176,15,1,14
105000177,56,29,27
105000178,84,4,80
105000179,51,8,43
105000180,0,0,0
105000181,25,22,3
105000182,0,0,0
105000183,0,0,0
105000184,0,0,0
105000185,56,251,-195
105000186,0,0,0
105000187,108,27,81
105000188,3,68,-65
105000189,0,0,0
105000190,100,96,4
105000191,28,0,28
105000192,151,55,96
105000193,0,20,-20
105000194,100,11,89
105000195,0,3,-3
105000196,4,18,-14
105000197,2,11,-9
105000198,0,0,0
105000199,0,59,-59
105000200,57,168,-111
105000201,21,0,21
105000203,0,0,0
105000204,11,8,3
105000205,0,0,0
105000207,0,0,0
105000208,48,163,-115
105000209,0,0,0
105000212,121,16,105
105000213,65,24,41
105000214,1,5,-4
105000215,134,129,5
105000216,17,0,17
105000217,0,0,0
105000218,150,59,91
105000221,23,3,20
105000222,85,2,83
105000223,11,2,9
105000226,0,3,-3
105000227,22,2,20
105000228,1,19,-18
105000229,12,270,-258
105000231,228,66,162
105000233,335,403,-68
105000234,58,268,-210
105000235,191,161,30
105000237,57,2,55
105000243,0,0,0
105000248,0,0,0
105000262,2,0,2
105000269,0,0,0
105000270,50,0,50
105000271,0,0,0
105000282,21,2,19
105000287,0,0,0
105000288,2,21,-19
105000289,233,379,-146
105000290,1,0,1
105000402,43,121,-78
105000426,0,1,-1
105000438,32,144,-112
105000446,508,467,41
105000447,193,38,155
105000454,0,0,0
105000455,0,0,0
105000474,22,0,22
105000477,0,0,0
105000478,464,1303,-839
105000479,0,0,0
105000480,1916,1779,137
105000481,906,521,385
105000482,155,225,-70
105000483,287,974,-687
105000484,82,309,-227
105000485,259,1203,-944
105000486,288,380,-92
105000488,33,239,-206
105000489,359,149,210
105000549,0,29,-29
105000550,0,0,0
105000551,35,17,18
105000552,112,77,35
105900001,0,0,0
105900002,0,0,0
105900003,0,0,0
105900004,0,0,0
105900005,0,0,0
105900006,0,0,0
105900007,0,0,0
105900008,0,0,0
105900009,0,0,0
105900011,0,0,0
105900012,0,0,0
105900013,0,0,0
105900014,0,0,0
105900015,0,0,0
105900016,0,0,0
105900017,0,0,0
105900018,0,0,0
105900019,0,0,0
105900020,0,0,0
105900021,0,0,0
105900022,0,0,0
105900023,0,0,0
105900024,0,0,0
105900025,0,0,0
105900026,0,0,0
105900027,0,0,0
105900028,0,0,0
105900029,0,0,0
105900030,0,0,0
105900031,0,0,0
105900032,0,0,0
105900033,0,0,0
105900034,0,0,0
105900035,0,0,0
105900036,0,0,0
105900037,0,0,0
105900038,0,0,0
105900039,0,0,0
105900040,0,0,0
105900041,0,0,0
105900042,0,0,0
105900043,0,0,0
105900044,0,0,0
105900045,0,0,0
105900046,0,0,0
105900047,0,0,0
105900048,46,5,41
105900050,0,0,0
105900051,0,0,0
105900052,0,0,0
105900053,0,0,0
105900054,0,0,0
105900056,0,0,0
105900057,0,0,0
105900058,0,0,0
105900059,0,0,0
106000001,827,416,411
106000002,3,133,-130
106000003,1452,881,571
106000004,50,349,-299
106000005,2424,1383,1041
106000006,100,459,-359
106000007,708,125,583
106000008,50,100,-50
106000009,554,214,340
106000010,28,69,-41
106000011,838,513,325
106000012,15,45,-30
106000013,1225,611,614
106000014,78,90,-12
106000015,1140,499,641
106000016,83,123,-40
106000017,723,135,588
106000018,114,146,-32
106000019,283,106,177
106000020,2,55,-53
106000021,342,132,210
106000022,40,42,-2
106000023,509,125,384
106000024,16,67,-51
106000025,174,119,55
106000026,18,52,-34
106000027,872,402,470
106000028,10,69,-59
106000029,47,41,6
106000030,0,0,0
106000034,0,0,0
106000035,159,283,-124
106000036,0,0,0
106000037,0,0,0
106000038,0,0,0
106000039,0,0,0
106000040,0,0,0
106000041,157,61,96
106000043,149,5,144
106000046,0,0,0
106000047,0,0,0
106000049,183,6,177
106000050,0,0,0
106000051,101,125,-24
106000052,0,0,0
106000053,318,80,238
106000054,0,0,0
106000055,118,23,95
106000056,0,0,0
106000057,287,68,219
106000058,0,0,0
106000059,251,79,172
106000060,0,0,0
106000061,25,120,-95
106000062,0,0,0
106000063,523,181,342
106000064,0,0,0
106000065,210,40,170
106000066,9,3,6
106000067,236,31,205
106000068,3,1,2
106000069,62,0,62
106000070,6,6,0
106000071,289,21,268
106000072,321,251,70
106000073,373,172,201
106000074,195,189,6
106000075,144,164,-20
106000076,646,127,519
106000077,892,162,730
106000078,344,34,310
106000079,507,57,450
106000080,486,23,463
106000081,291,126,165
106000082,436,22,414
106000083,253,120,133
106000084,318,21,297
106000085,464,248,216
106000086,537,124,413
106000087,183,7,176
106000088,202,33,169
106000089,486,46,440
106000090,451,49,402
106000091,2,0,2
106000092,189,38,151
106000093,239,4,235
106000094,0,0,0
106000095,282,20,262
106000096,287,27,260
106000097,262,53,209
106000098,224,33,191
106000099,28,17,11
106000100,668,18,650
106000101,342,6,336
106000102,25,23,2
106000103,19,93,-74
106000104,145,35,110
106000105,22,82,-60
106000106,121,19,102
106000107,27,80,-53
106000108,67,4,63
106000109,12,67,-55
106000110,53,19,34
106000111,4,74,-70
106000112,195,30,165
106000113,1,45,-44
106000114,24,16,8
106000115,7,49,-42
106000116,78,66,12
106000117,0,0,0
106000118,436,81,355
106000119,0,0,0
106000120,356,148,208
106000121,10,26,-16
106000122,0,0,0
106000123,15,4,11
106000124,0,0,0
106000125,0,0,0
106000126,44,4,40
106000127,0,0,0
106000128,121,23,98
106000129,0,0,0
106000130,276,94,182
106000131,0,0,0
106000132,136,17,119
106000133,0,0,0
106000134,248,30,218
106000135,0,0,0
106000136,335,94,241
106000137,0,0,0
106000138,260,21,239
106000139,125,13,112
106000140,0,0,0
106000141,0,0,0
106000142,93,8,85
106000143,0,0,0
106000144,129,26,103
106000145,0,0,0
106000146,318,109,209
106000147,84,13,71
106000148,113,93,20
106000149,283,42,241
106000150,91,54,37
106000151,294,106,188
106000152,140,111,29
106000153,0,32,-32
106000154,22,1,21
106000155,36,19,17
106000156,408,29,379
106000157,150,113,37
106000158,741,164,577
106000159,202,60,142
106000160,218,244,-26
106000161,109,4,105
106000162,191,48,143
106000163,36,6,30
106000164,134,21,113
106000165,55,18,37
106000166,364,54,310
106000167,134,73,61
106000168,211,30,181
106000169,23,32,-9
106000170,181,16,165
106000171,39,81,-42
106000172,565,51,514
106000173,61,132,-71
106000174,255,9,246
106000175,86,5,81
106000176,262,69,193
106000177,0,0,0
106000178,403,73,330
106000179,0,0,0
106000180,124,29,95
106000181,77,95,-18
106000182,642,49,593
106000183,706,55,651
106000184,465,60,405
106000185,81,26,55
106000186,94,6,88
106000187,15,13,2
106000188,0,0,0
106000189,0,11,-11
106000190,9,0,9
106000191,149,7,142
106000192,0,0,0
106000193,109,43,66
106000194,0,31,-31
106000195,44,11,33
106000196,0,44,-44
106000197,194,9,185
106000198,2,16,-14
106000199,107,12,95
106000200,18,52,-34
106000201,36,31,5
106000202,16,25,-9
106000203,0,0,0
106000204,20,7,13
106000205,0,0,0
106000206,21,1,20
106000207,0,33,-33
106000208,449,44,405
106000209,701,67,634
106000210,1,16,-15
106000211,15,48,-33
106000212,679,113,566
106000213,0,0,0
106000214,282,87,195
106000215,2,53,-51
106000216,143,29,114
106000217,2,62,-60
106000218,138,29,109
106000219,24,84,-60
106000220,168,21,147
106000221,0,0,0
106000222,51,12,39
106000223,149,18,131
106000224,0,0,0
106000225,2,150,-148
106000226,0,0,0
106000228,0,0,0
106000229,0,0,0
106000231,208,0,208
106000232,0,0,0
106000233,43,21,22
106000234,0,0,0
106000235,63,44,19
106000236,0,0,0
106000237,0,0,0
106000238,0,0,0
106000239,0,0,0
106000240,0,0,0
106000241,0,52,-52
106000242,82,37,45
106000249,76,10,66
106000250,2,74,-72
106000251,0,0,0
106000252,0,0,0
106000253,0,0,0
106000254,0,0,0
106000255,0,0,0
106000256,0,0,0
106000257,35,33,2
106000258,0,0,0
106000259,0,0,0
106000260,0,0,0
106000261,0,0,0
106000262,0,0,0
106000263,0,0,0
106000264,0,0,0
106000265,0,0,0
106000266,0,0,0
106000267,0,0,0
106000268,0,0,0
106000269,0,0,0
106000270,23,0,23
106000271,0,0,0
106000272,0,0,0
106000273,0,0,0
106000274,0,0,0
106000275,0,0,0
106000276,0,0,0
106000277,0,0,0
106000278,0,0,0
106000279,0,0,0
106000280,0,0,0
106000281,0,0,0
106000282,0,0,0
106000283,0,0,0
106000284,0,0,0
106000285,0,0,0
106000286,0,0,0
106000287,0,0,0
106000288,0,0,0
106000289,0,0,0
106000290,0,0,0
106000291,0,0,0
106000292,0,0,0
106000293,0,0,0
106000294,0,0,0
106000295,0,0,0
106000296,0,0,0
106000297,0,0,0
106000298,0,0,0
106000299,0,0,0
106000300,0,0,0
106000301,0,0,0
106000303,0,0,0
106000304,0,0,0
106000305,0,0,0
106000306,0,0,0
106000307,0,0,0
106000308,0,0,0
106000309,0,0,0
106000310,46,1,45
106000311,79,41,38
106000312,0,19,-19
106000313,17,31,-14
106000318,0,0,0
106000319,427,50,377
106000320,0,0,0
106000321,0,0,0
106000322,0,0,0
106000324,0,0,0
106000325,1389,389,1000
106000326,36,92,-56
106000327,115,10,105
106000328,0,0,0
106000329,2,3,-1
106000330,0,27,-27
106000428,113,229,-116
106000429,0,0,0
106000430,0,0,0
106000431,384,279,105
106000432,6,104,-98
106000433,867,504,363
106000434,987,488,499
106000435,1,103,-102
106000436,0,0,0
106000437,22,11,11
106000438,22,12,10
106000439,0,0,0
106000440,29,31,-2
106000441,0,0,0
106000442,64,0,64
106000443,66,82,-16
106000450,0,0,0
106000451,19,52,-33
106000454,0,0,0
106000455,0,21,-21
106000456,66,0,66
106000457,0,0,0
106000458,211,30,181
106000459,0,0,0
106000460,344,19,325
106000461,0,0,0
106000462,0,0,0
106000463,11,4,7
106000464,0,0,0
106000465,180,1,179
106000466,0,0,0
106000467,0,87,-87
106000468,23,41,-18
106000469,52,0,52
106000470,0,0,0
106000471,0,0,0
106000472,25,0,25
106000473,0,0,0
106000474,18,69,-51
106000475,90,119,-29
106000476,16,17,-1
106000477,0,0,0
106900001,0,0,0
106900002,0,0,0
106900003,0,0,0
106900004,0,0,0
106900006,0,0,0
106900007,0,0,0
106900008,0,0,0
106900009,0,0,0
106900010,0,0,0
106900012,0,0,0
106900013,0,0,0
106900014,0,0,0
106900015,0,0,0
106900016,0,0,0
106900017,0,0,0
106900018,0,0,0
106900019,0,0,0
106900020,0,0,0
106900021,0,0,0
106900022,0,0,0
106900023,0,0,0
106900024,0,0,0
106900025,0,0,0
106900026,0,0,0
106900027,134,3,131
107000001,1593,2213,-620
107000002,228,436,-208
107000003,4839,4582,257
107000004,504,417,87
107000005,4632,3214,1418
107000006,305,256,49
107000007,1979,2767,-788
107000008,569,383,186
107000009,4396,3571,825
107000010,512,392,120
107000011,0,0,0
107000012,0,0,0
107000013,0,0,0
107000014,0,0,0
107000015,0,0,0
107000016,0,0,0
107000017,98,4,94
107000018,0,0,0
107000020,112,508,-396
107000021,16,3,13
107000022,63,378,-315
107000023,384,3,381
107000024,104,253,-149
107000025,38,33,5
107000026,63,69,-6
107000027,261,49,212
107000028,72,107,-35
107000029,918,115,803
107000030,107,116,-9
107000031,812,274,538
107000032,109,87,22
107000033,192,73,119
107000034,0,0,0
107000035,67,33,34
107000036,0,0,0
107000037,4,161,-157
107000038,1,41,-40
107000039,132,417,-285
107000040,58,9,49
107000041,455,108,347
107000042,63,42,21
107000043,409,114,295
107000044,28,14,14
107000045,6,11,-5
107000046,501,97,404
107000047,51,72,-21
107000048,397,53,344
107000049,36,83,-47
107000050,343,82,261
107000051,17,188,-171
107000052,347,168,179
107000053,329,59,270
107000054,15,136,-121
107000055,249,100,149
107000056,55,61,-6
107000057,81,159,-78
107000058,1198,1107,91
107000059,0,0,0
107000060,2375,1991,384
107000061,46,39,7
107000062,2067,1063,1004
107000063,21,32,-11
107000064,1257,1045,212
107000065,70,9,61
107000066,687,622,65
107000067,184,103,81
107000068,150,158,-8
107000069,131,277,-146
107000070,205,1,204
107000071,1024,31,993
107000072,0,0,0
107000073,176,44,132
107000074,0,0,0
107000075,1371,72,1299
107000076,0,0,0
107000077,1383,70,1313
107000078,0,0,0
107000079,1152,127,1025
107000080,0,0,0
107000081,1083,182,901
107000082,0,0,0
107000083,448,484,-36
107000084,0,0,0
107000085,723,600,123
107000086,141,387,-246
107000087,635,208,427
107000088,126,171,-45
107000089,249,167,82
107000090,93,53,40
107000091,372,124,248
107000092,70,55,15
107000093,318,323,-5
107000094,52,95,-43
107000095,1353,728,625
107000096,0,0,0
107000097,340,234,106
107000098,0,0,0
107000099,316,210,106
107000100,0,0,0
107000101,171,162,9
107000102,0,0,0
107000103,235,130,105
107000104,0,0,0
107000105,340,98,242
107000106,0,0,0
107000107,328,156,172
107000108,0,1,-1
107000109,290,18,272
107000110,0,0,0
107000111,182,7,175
107000112,0,0,0
107000113,372,24,348
107000114,0,0,0
107000115,470,78,392
107000116,0,0,0
107000117,244,26,218
107000118,0,0,0
107000119,802,197,605
107000120,0,0,0
107000121,436,72,364
107000122,11,102,-91
107000123,526,34,492
107000124,10,50,-40
107000125,689,39,650
107000126,36,60,-24
107000127,0,0,0
107000129,0,0,0
107000130,307,162,145
107000131,0,0,0
107000132,381,243,138
107000133,1,0,1
107000134,44,0,44
107000135,0,0,0
107000136,152,0,152
107000137,0,4,-4
107000138,0,0,0
107000139,0,0,0
107000140,91,0,91
107000141,2,1,1
107000142,42,3,39
107000143,1,3,-2
107000144,52,1,51
107000145,2,9,-7
107000146,0,0,0
107000147,3,29,-26
107000150,0,0,0
107000151,0,0,0
107000152,13,59,-46
107000153,0,0,0
107000154,0,0,0
107000155,47,6,41
107000156,139,1,138
107000157,0,3,-3
107000158,40,0,40
107000159,0,0,0
107000160,149,76,73
107000161,0,2,-2
107000162,23,110,-87
107000163,41,0,41
107000164,0,0,0
107000165,0,0,0
107000166,0,0,0
107000167,0,0,0
107000168,509,35,474
107000169,4,11,-7
107000170,534,98,436
107000171,17,20,-3
107000172,269,134,135
107000173,5,2,3
107000174,94,223,-129
107000175,65,27,38
107000176,0,0,0
107000177,2,0,2
107000178,2,0,2
107000179,0,0,0
107000180,602,29,573
107000181,0,0,0
107000182,479,50,429
107000183,0,0,0
107000184,430,57,373
107000185,0,0,0
107000186,412,101,311
107000187,120,89,31
107000188,0,0,0
107000189,48,19,29
107000190,0,0,0
107000191,169,87,82
107000192,0,0,0
107000193,49,37,12
107000194,0,0,0
107000197,207,55,152
107000198,0,0,0
107000199,107,83,24
107000200,7,49,-42
107000201,78,60,18
107000202,111,23,88
107000203,87,166,-79
107000204,75,554,-479
107000205,58,68,-10
107000206,35,449,-414
107000207,20,54,-34
107000208,16,45,-29
107000209,0,0,0
107000210,0,0,0
107000211,0,0,0
107000212,0,0,0
107000213,0,0,0
107000214,0,0,0
107000215,0,0,0
107000216,0,0,0
107000217,0,0,0
107000219,0,0,0
107000220,0,0,0
107000222,27,36,-9
107000224,11,1,10
107000225,0,0,0
107000226,89,8,81
107000227,0,0,0
107000228,0,0,0
107000229,0,0,0
107000230,25,6,19
107000231,58,123,-65
107000232,0,0,0
107000233,0,0,0
107000234,0,0,0
107000235,161,1,160
107000236,0,0,0
107000237,21,0,21
107000238,14,0,14
107000239,0,0,0
107000240,0,0,0
107000241,0,0,0
107000242,0,0,0
107000243,0,0,0
107000244,10,0,10
107000246,0,0,0
107000249,0,0,0
107000251,0,0,0
107000252,0,0,0
107000255,0,0,0
107000257,0,0,0
107000258,0,0,0
107000259,0,0,0
107000260,0,0,0
107000262,0,0,0
107000263,0,0,0
107000266,0,0,0
107000267,0,0,0
107000268,0,0,0
107000269,0,0,0
107000270,0,0,0
107000271,0,0,0
107000272,0,0,0
107000273,0,0,0
107000274,20,1,19
107000275,0,0,0
107000280,76,4,72
107000281,0,0,0
107000282,0,0,0
107000290,0,0,0
107000291,0,0,0
107000292,0,0,0
107000293,0,0,0
107000294,0,0,0
107000295,0,0,0
107000296,0,0,0
107000444,36,0,36
107000496,0,0,0
107000497,0,0,0
107000500,0,0,0
107000501,0,0,0
107000502,0,0,0
107000505,0,32,-32
107000506,0,0,0
107000508,0,0,0
107000509,70,61,9
107000510,0,0,0
107000514,0,0,0
107000515,0,0,0
107000516,131,106,25
107000518,344,70,274
107000519,0,0,0
107000520,0,0,0
107900001,0,0,0
107900002,0,0,0
107900003,0,0,0
107900004,0,0,0
107900005,0,0,0
107900006,0,0,0
107900007,0,0,0
107900008,0,0,0
107900009,0,0,0
107900010,0,0,0
107900012,0,0,0
107900013,0,0,0
107900014,0,0,0
107900015,0,0,0
107900016,0,0,0
107900017,0,0,0
107900018,0,0,0
107900019,0,0,0
107900020,0,0,0
107900021,0,0,0
107900023,0,0,0
107900024,0,0,0
107900025,0,0,0
107900026,0,0,0
107900027,0,0,0
107900028,0,0,0
107900030,0,0,0
107900031,0,0,0
107900032,0,0,0
107900033,0,0,0
107900034,0,0,0
107900035,0,0,0
107900036,0,0,0
107900037,0,0,0
107900038,0,0,0
107900039,0,0,0
107900040,0,0,0
107900041,0,0,0
107900043,0,0,0
107900044,0,0,0
107900045,0,0,0
107900046,0,0,0
107900047,0,0,0
107900048,0,0,0
107900049,0,0,0
107900050,0,0,0
107900051,0,0,0
107900052,0,0,0
107900053,0,0,0
107900055,0,0,0
107900056,0,0,0
107900057,0,0,0
107900058,0,0,0
107900060,0,0,0
107900061,0,0,0
107900063,0,0,0
107900064,0,0,0
107900065,0,0,0
107900066,0,0,0
107900067,0,0,0
107900068,0,0,0
107900069,0,0,0
107900070,0,0,0
107900071,0,0,0
107900072,0,0,0
107900073,0,0,0
107900074,0,0,0
107900076,0,0,0
107900077,0,0,0
107900078,0,0,0
107900079,0,0,0
107900080,0,0,0
107900081,0,0,0
107900082,0,0,0
107900083,0,0,0
107900084,0,0,0
107900086,0,0,0
107900087,0,0,0
107900088,0,0,0
107900089,0,0,0
107900090,0,0,0
107900091,0,0,0
107900092,0,0,0
107900093,0,0,0
107900095,0,0,0
107900097,0,0,0
107900098,0,0,0
107900100,0,0,0
107900101,0,0,0
107900102,0,0,0
107900103,0,0,0
107900104,0,0,0
107900105,0,0,0
107900106,0,0,0
107900107,0,0,0
107900108,0,0,0
107900109,0,0,0
107900110,0,0,0
107900111,0,0,0
107900112,0,0,0
107900113,0,0,0
107900114,0,0,0
107900115,0,0,0
107900116,0,0,0
107900117,0,0,0
107900118,0,0,0
107900119,0,0,0
107900120,0,0,0
107900121,0,0,0
107900122,0,0,0
107900123,0,0,0
107900124,0,0,0
107900125,0,0,0
107900126,0,0,0
107900127,0,0,0
107900128,0,0,0
107900129,0,0,0
107900130,0,0,0
107900131,0,0,0
107900132,0,0,0
107900133,0,0,0
107900134,0,0,0
107900135,0,0,0
107900136,0,0,0
107900137,0,0,0
107900138,0,0,0
107900139,0,0,0
107900140,0,0,0
107900141,0,0,0
107900142,0,0,0
107900143,0,0,0
107900144,0,0,0
107900145,0,0,0
107900146,0,0,0
107900147,0,0,0
107900148,0,0,0
107900149,0,0,0
107900150,0,0,0
107900151,0,0,0
107900152,0,0,0
107900153,0,0,0
107900154,0,0,0
107900155,0,0,0
107900156,0,0,0
107900157,0,0,0
107900158,0,0,0
107900159,0,0,0
107900160,0,0,0
107900161,0,0,0
107900162,0,0,0
107900163,0,0,0
107900164,0,0,0
107900165,0,0,0
107900166,0,0,0
107900167,0,0,0
107900168,0,0,0
107900169,0,0,0
107900171,0,0,0
107900172,0,0,0
107900173,0,0,0
107900174,0,0,0
107900175,0,0,0
107900176,0,0,0
107900177,0,0,0
107900178,0,0,0
107900179,0,0,0
107900180,0,0,0
107900181,0,0,0
107900182,0,0,0
107900183,0,0,0
107900184,0,0,0
107900185,0,0,0
107900186,0,0,0
107900187,0,0,0
107900188,0,0,0
107900189,0,0,0
107900190,0,0,0
107900191,0,0,0
107900193,0,0,0
107900194,0,0,0
107900195,0,0,0
107900196,0,0,0
107900197,0,0,0
107900199,0,0,0
107900201,0,0,0
107900203,0,0,0
107900204,0,0,0
107900205,0,0,0
107900206,0,0,0
107900207,0,0,0
107900208,0,0,0
107900209,0,0,0
107900210,0,0,0
107900213,0,0,0
107900214,0,0,0
107900215,0,0,0
107900216,0,0,0
107900217,0,0,0
107900218,0,0,0
107900219,0,0,0
107900220,0,0,0
107900221,0,0,0
107900223,0,0,0
107900224,0,0,0
107900225,0,0,0
107900226,0,0,0
107900227,0,0,0
107900228,0,0,0
107900229,0,0,0
107900230,0,0,0
107900231,0,0,0
107900232,0,0,0
107900233,0,0,0
107900234,0,0,0
107900235,0,0,0
107900236,0,0,0
107900237,0,0,0
107900238,0,0,0
107900239,0,0,0
107900240,0,0,0
107900241,0,0,0
107900242,0,0,0
107900243,0,0,0
107900244,0,0,0
107900245,0,0,0
107900246,0,0,0
107900248,0,0,0
107900249,0,0,0
107900250,0,0,0
107900251,0,0,0
107900252,0,0,0
107900253,0,0,0
107900254,0,0,0
107900255,0,0,0
107900256,0,0,0
107900257,0,0,0
107900258,0,0,0
107900259,0,0,0
107900261,0,0,0
107900262,0,0,0
107900264,0,0,0
107900265,0,0,0
107900267,0,0,0
107900268,0,0,0
107900269,0,0,0
107900270,0,0,0
107900271,0,0,0
107900272,0,0,0
107900273,0,0,0
107900274,0,0,0
107900275,0,0,0
107900276,0,0,0
107900277,0,0,0
107900278,0,0,0
107900279,0,0,0
107900280,0,0,0
107900281,0,0,0
107900282,0,0,0
107900283,0,0,0
107900284,0,0,0
107900285,0,0,0
107900286,0,0,0
107900287,0,0,0
107900290,0,0,0
107900291,0,0,0
107900292,0,0,0
107900293,0,0,0
107900295,0,0,0
107900297,0,0,0
107900298,0,0,0
107900299,0,0,0
107900300,6,14,-8
107900301,1,37,-36
107900302,0,0,0
107900303,0,0,0
107900304,0,0,0
107900305,0,0,0
107900306,0,0,0
107900307,0,0,0
107900308,0,0,0
107900309,0,0,0
107900310,0,0,0
107900311,0,0,0
107900312,0,0,0
107900313,0,0,0
107900314,0,0,0
107900315,0,0,0
107900316,0,0,0
107900317,0,0,0
107900318,0,0,0
107900319,0,0,0
107900320,0,0,0
107900321,0,0,0
107900322,0,0,0
107900323,0,0,0
107900324,0,0,0
107900325,0,0,0
107900326,0,0,0
107900327,0,0,0
107900328,0,0,0
107900329,0,0,0
107900330,0,0,0
107900331,0,0,0
107900332,0,0,0
107900333,0,0,0
107900334,0,0,0
107900335,0,0,0
107900336,0,0,0
107900337,0,0,0
107900338,0,0,0
107900339,0,0,0
107900340,0,0,0
107900341,0,0,0
107900342,0,0,0
107900343,0,0,0
107900344,0,0,0
107900345,0,0,0
107900346,0,0,0
107900347,0,0,0
107900348,0,0,0
107900349,0,0,0
107900350,0,0,0
108000001,2130,1136,994
108000002,100,228,-128
108000003,1745,824,921
108000004,442,1406,-964
108000005,5348,2087,3261
108000006,98,671,-573
108000007,4524,1304,3220
108000008,345,341,4
108000009,2856,1448,1408
108000010,169,292,-123
108000011,5285,1592,3693
108000012,603,571,32
108000014,262,1,261
108000015,536,6,530
108000016,0,6,-6
108000017,621,24,597
108000018,1563,78,1485
108000019,252,77,175
108000020,597,137,460
108000021,0,0,0
108000022,66,67,-1
108000023,675,78,597
108000024,64,36,28
108000025,31,5,26
108000026,401,44,357
108000027,64,6,58
108000028,563,8,555
108000029,147,2,145
108000030,502,15,487
108000031,25,7,18
108000032,1332,112,1220
108000033,0,0,0
108000034,1291,89,1202
108000035,0,0,0
108000036,16,25,-9
108000037,494,90,404
108000038,755,81,674
108000039,1,16,-15
108000040,1130,155,975
108000041,16,9,7
108000042,423,14,409
108000043,49,1,48
108000044,642,22,620
108000045,16,1,15
108000046,1251,165,1086
108000047,0,0,0
108000048,0,0,0
108000049,355,23,332
108000050,0,1,-1
108000051,116,21,95
108000052,3,8,-5
108000053,222,51,171
108000054,15,29,-14
108000055,439,117,322
108000056,27,28,-1
108000057,411,470,-59
108000058,446,623,-177
108000059,3,139,-136
108000060,143,175,-32
108000061,0,0,0
108000062,363,116,247
108000063,0,0,0
108000064,156,103,53
108000065,0,0,0
108000066,435,38,397
108000067,984,5,979
108000068,596,110,486
108000069,0,0,0
108000070,1644,108,1536
108000071,0,0,0
108000072,1845,206,1639
108000073,0,0,0
108000074,515,108,407
108000075,0,0,0
108000076,1092,206,886
108000077,0,0,0
108000078,1894,560,1334
108000079,0,0,0
108000080,1122,304,818
108000081,0,0,0
108000082,0,0,0
108000083,148,46,102
108000084,0,0,0
108000085,81,57,24
108000086,0,0,0
108000087,15,265,-250
108000088,216,6,210
108000089,0,0,0
108000090,350,37,313
108000091,0,0,0
108000092,610,23,587
108000093,0,0,0
108000094,935,55,880
108000095,0,0,0
108000096,515,203,312
108000097,0,0,0
108000098,1316,85,1231
108000099,102,32,70
108000100,158,35,123
108000101,1126,319,807
108000102,372,656,-284
108000106,199,0,199
108000107,0,0,0
108000108,123,9,114
108000109,0,0,0
108000110,6,6,0
108000111,0,0,0
108000112,4,34,-30
108000113,71,52,19
108000115,157,33,124
108000117,126,8,118
108000118,2,0,2
108000119,56,5,51
108000120,389,146,243
108000121,36,27,9
108000122,549,49,500
108000123,436,48,388
108000124,0,0,0
108000125,555,50,505
108000126,0,0,0
108000127,624,28,596
108000128,0,0,0
108000129,0,0,0
108000130,399,31,368
108000131,236,54,182
108000132,0,0,0
108000133,905,59,846
108000134,0,0,0
108000135,1606,71,1535
108000136,0,0,0
108000137,49,25,24
108000138,1,19,-18
108000139,127,16,111
108000140,0,0,0
108000141,0,0,0
108000142,0,0,0
108000143,0,0,0
108000144,0,0,0
108000145,0,0,0
108000146,0,0,0
108000147,0,0,0
108000148,0,0,0
108000149,0,0,0
108000150,0,0,0
108000151,0,0,0
108000152,0,0,0
108000153,0,0,0
108000154,0,0,0
108000155,0,0,0
108000156,0,0,0
108000157,0,0,0
108000158,0,0,0
108000159,44,5,39
108000160,69,17,52
108000161,208,53,155
108000165,0,0,0
108000172,0,0,0
108000173,0,0,0
108000175,300,12,288
108000178,0,0,0
108000179,102,598,-496
108000181,0,0,0
108000182,0,0,0
108000183,0,0,0
108000184,53,226,-173
108000185,0,0,0
108000186,0,0,0
108000187,0,0,0
108000188,0,0,0
108000189,64,24,40
108000190,0,0,0
108000192,0,0,0
108000193,0,0,0
108000194,8,0,8
108000195,0,0,0
108000196,21,0,21
108000198,0,0,0
108000199,0,0,0
108000200,0,0,0
108000202,1,164,-163
108000203,0,0,0
108000204,0,0,0
108000205,0,0,0
108000339,145,25,120
108000364,55,32,23
108000365,25,12,13
108000367,0,0,0
108000368,0,0,0
108000369,0,0,0
108000371,0,0,0
108000372,121,0,121
108000373,22,21,1
108000376,0,0,0
108000377,100,74,26
108000378,6197,2942,3255
108000379,0,0,0
108000381,0,0,0
108000382,50,0,50
108000383,0,0,0
108900001,0,0,0
108900002,0,0,0
108900003,0,0,0
108900004,99,50,49
108900005,0,2,-2
108900006,1,4,-3
108900007,67,15,52
108900008,10,0,10
108900009,7,0,7
108900010,0,0,0
108900011,80,20,60
108900012,49,2,47
108900013,81,33,48
108900014,0,0,0
108900015,0,0,0
108900016,0,0,0
108900017,0,0,0
108900018,0,0,0
108900019,0,0,0
108900020,0,0,0
108900021,0,0,0
108900022,0,0,0
108900023,0,0,0
108900024,0,0,0
108900025,0,0,0
108900026,0,0,0
108900027,0,0,0
108900028,0,0,0
108900029,0,0,0
108900030,0,0,0
108900031,0,0,0
108900032,0,0,0
108900033,0,0,0
108900034,0,0,0
108900035,0,0,0
108900036,0,0,0
108900037,0,0,0
108900038,0,0,0
108900039,0,0,0
108900040,0,0,0
108900041,151,107,44
108900042,0,0,0
108900043,0,0,0
108900044,0,0,0
108900045,0,0,0
108900046,0,0,0
108900047,0,0,0
108900048,0,0,0
108900049,0,0,0
108900050,0,0,0
108900051,0,0,0
108900052,0,0,0
108900053,0,0,0
108900054,0,0,0
108900055,0,0,0
108900056,0,0,0
108900057,0,0,0
108900058,0,0,0
108900059,0,0,0
108900060,1,3,-2
108900061,0,0,0
108900062,0,0,0
108900063,0,0,0
108900064,0,0,0
108900065,0,0,0
108900066,48,1,47
108900067,0,0,0
108900068,0,0,0
108900069,0,0,0
108900070,0,0,0
108900071,1,0,1
108900072,0,0,0
108900073,0,0,0
108900074,0,0,0
108900075,0,0,0
108900076,16,0,16
108900077,0,0,0
108900078,0,0,0
108900079,0,0,0
108900080,0,0,0
108900081,0,0,0
108900082,0,0,0
108900083,0,0,0
108900084,0,0,0
108900085,0,0,0
108900086,0,0,0
108900087,0,0,0
108900088,49,2,47
108900089,0,0,0
108900090,0,0,0
108900091,0,0,0
108900092,88,13,75
108900093,0,0,0
108900094,0,0,0
108900095,0,0,0
108900096,0,0,0
108900097,12,0,12
108900098,0,0,0
108900099,46,0,46
108900100,0,0,0
108900101,0,0,0
108900102,0,0,0
108900103,0,0,0
108900104,0,0,0
108900105,0,0,0
108900106,33,1,32
108900108,0,0,0
108900109,0,0,0
108900110,32,8,24
108900111,28,0,28
108900112,0,0,0
108900113,0,0,0
108900114,0,0,0
108900115,0,0,0
108900116,0,0,0
108900117,0,0,0
108900118,0,0,0
108900119,0,0,0
108900120,0,0,0
108900121,0,0,0
108900122,0,0,0
108900123,0,0,0
108900124,0,0,0
108900125,0,0,0
108900126,0,0,0
108900127,0,0,0
108900128,0,0,0
108900129,0,0,0
108900130,0,0,0
108900131,0,0,0
108900132,0,0,0
108900133,0,0,0
108900134,0,0,0
108900135,0,0,0
108900136,0,0,0
108900137,0,0,0
108900138,0,0,0
108900139,0,0,0
108900140,0,0,0
108900141,0,0,0
108900142,0,0,0
108900143,0,0,0
108900144,0,0,0
108900145,0,0,0
108900146,0,0,0
108900147,0,0,0
108900148,0,0,0
108900149,0,0,0
108900150,0,0,0
108900151,0,0,0
108900152,0,0,0
108900153,0,0,0
108900154,3,1,2
108900155,0,0,0
108900156,0,0,0
108900157,0,0,0
108900158,0,0,0
108900159,0,0,0
108900160,0,0,0
108900161,0,0,0
108900162,0,0,0
108900163,0,0,0
108900164,0,0,0
108900165,0,0,0
108900167,0,0,0
108900168,0,0,0
108900169,0,0,0
108900171,24,136,-112
108900172,0,0,0
108900173,0,0,0
108900174,0,0,0
108900176,0,0,0
108900177,0,0,0
108900178,0,0,0
108900179,2,151,-149
108900180,0,9,-9
108900182,0,22,-22
108900183,0,0,0
108900184,72,3,69
108900185,0,0,0
108900186,0,0,0
108900187,0,0,0
108900188,0,0,0
108900189,5,1,4
108900190,0,0,0
108900191,0,0,0
108900192,0,0,0
108900193,0,0,0
108900194,0,0,0
108900195,2,0,2
108900196,0,0,0
108900198,0,0,0
108900199,0,0,0
108900200,15,0,15
108900201,0,0,0
108900203,0,0,0
108900204,0,0,0
108900205,0,0,0
108900206,0,0,0
108900207,0,0,0
108900208,0,0,0
108900209,0,0,0
108900210,0,0,0
108900211,0,0,0
108900212,0,0,0
108900215,0,0,0
108900216,0,0,0
108900217,0,0,0
108900218,0,0,0
108900219,0,0,0
108900220,0,0,0
108900221,0,0,0
108900222,0,0,0
108900223,0,0,0
108900224,0,0,0
108900225,0,0,0
108900226,0,0,0
108900227,0,0,0
108900230,0,0,0
108900231,0,0,0
108900232,0,0,0
108900233,0,0,0
108900234,0,0,0
108900235,0,0,0
108900236,0,0,0
108900237,0,0,0
108900240,0,0,0
108900241,0,0,0
108900245,0,0,0
108900249,0,0,0
108900250,0,0,0
108900257,0,0,0
108900258,0,0,0
108900259,0,0,0
108900260,0,0,0
108900261,0,0,0
108900262,0,0,0
108900263,0,0,0
108900264,0,0,0
108900265,0,0,0
108900266,0,0,0
108900267,0,0,0
108900268,0,0,0
108900269,0,0,0
108900270,0,0,0
108900271,0,0,0
108900272,0,0,0
108900273,0,0,0
108900274,0,0,0
109000001,1128,766,362
109000002,1,353,-352
109000003,1955,328,1627
109000004,1,206,-205
109000005,1472,271,1201
109000006,3,142,-139
109000007,1386,286,1100
109000008,5,139,-134
109000009,2306,320,1986
109000010,20,215,-195
109000011,2750,758,1992
109000012,23,216,-193
109000013,2934,797,2137
109000014,40,293,-253
109000015,4064,723,3341
109000016,145,345,-200
109000017,2339,549,1790
109000018,43,321,-278
109000019,1772,392,1380
109000020,16,154,-138
109000023,7,1,6
109000024,0,0,0
109000025,0,0,0
109000026,27,19,8
109000027,0,0,0
109000028,8,2,6
109000029,0,0,0
109000030,0,0,0
109000031,161,29,132
109000032,0,0,0
109000033,215,30,185
109000034,0,0,0
109000035,0,0,0
109000036,0,9,-9
109000037,0,0,0
109000038,16,7,9
109000039,0,0,0
109000040,0,0,0
109000041,11,61,-50
109000042,5,62,-57
109000044,201,55,146
109000045,0,0,0
109000046,245,52,193
109000047,0,0,0
109000048,289,76,213
109000049,0,0,0
109000050,209,169,40
109000051,0,0,0
109000052,0,0,0
109000053,0,0,0
109000054,0,0,0
109000055,0,0,0
109000056,0,0,0
109000057,0,0,0
109000058,0,0,0
109000059,0,0,0
109000060,2,8,-6
109000061,0,0,0
109000062,10,13,-3
109000063,0,0,0
109000064,19,40,-21
109000065,0,0,0
109000066,23,0,23
109000067,0,0,0
109000068,169,1,168
109000069,398,30,368
109000070,0,0,0
109000071,0,0,0
109000072,0,26,-26
109000073,0,0,0
109000074,0,20,-20
109000075,0,0,0
109000076,4,31,-27
109000077,26,2,24
109000078,0,10,-10
109000079,35,0,35
109000080,2,3,-1
109000081,47,5,42
109000082,22,5,17
109000083,124,4,120
109000088,0,21,-21
109000089,0,0,0
109000090,0,5,-5
109000091,0,0,0
109000092,2,9,-7
109000093,0,0,0
109000094,1,0,1
109000095,0,5,-5
109000096,34,19,15
109000097,0,0,0
109000098,35,5,30
109000099,190,0,190
109000100,0,5,-5
109000101,382,11,371
109000102,7,44,-37
109000103,19,7,12
109000104,455,11,444
109000105,20,69,-49
109000106,446,13,433
109000107,12,46,-34
109000108,414,29,385
109000109,11,52,-41
109000110,167,95,72
109000111,46,203,-157
109000112,0,0,0
109000113,0,0,0
109000114,199,75,124
109000115,195,6,189
109000116,0,0,0
109000117,125,3,122
109000118,0,0,0
109000119,282,8,274
109000120,0,0,0
109000121,210,15,195
109000122,0,0,0
109000123,0,0,0
109000124,64,1,63
109000125,584,35,549
109000126,0,0,0
109000127,653,28,625
109000128,0,0,0
109000129,560,55,505
109000130,0,0,0
109000131,188,278,-90
109000132,2,10,-8
109000133,0,0,0
109000134,0,0,0
109000135,0,0,0
109000136,18,19,-1
109000137,41,6,35
109000138,7,4,3
109000139,145,27,118
109000140,1,10,-9
109000141,98,7,91
109000142,0,0,0
109000143,0,0,0
109000145,0,0,0
109000146,16,22,-6
109000148,0,0,0
109000149,0,0,0
109000150,20,121,-101
109000155,0,0,0
109000156,326,11,315
109000158,0,0,0
109000159,56,41,15
109000160,0,0,0
109000161,514,67,447
109000162,59,5,54
109000163,642,80,562
109000164,54,24,30
109000165,533,141,392
109000166,54,10,44
109000167,1,19,-18
109000170,0,0,0
109000171,0,0,0
109000172,0,0,0
109000173,0,0,0
109000174,0,0,0
109000175,0,0,0
109000176,18,4,14
109000177,0,0,0
109000178,9,2,7
109000179,0,0,0
109000180,0,0,0
109000181,0,0,0
109000182,0,0,0
109000183,0,8,-8
109000184,0,0,0
109000185,3,5,-2
109000188,19,31,-12
109000189,36,0,36
109000190,0,0,0
109000191,430,45,385
109000192,0,0,0
109000193,0,0,0
109000194,0,0,0
109000195,0,0,0
109000196,0,0,0
109000197,0,0,0
109000198,0,0,0
109000199,0,0,0
109000206,0,0,0
109000207,0,0,0
109000208,0,0,0
109000209,0,0,0
109000210,0,0,0
109000211,0,0,0
109000214,41,30,11
109000215,255,37,218
109000216,79,218,-139
109000217,0,0,0
109000218,0,0,0
109000221,0,10,-10
109000222,15,34,-19
109000223,7,40,-33
109000224,0,0,0
109000225,0,14,-14
109000226,0,6,-6
109000227,71,7,64
109000228,0,0,0
109000231,0,3,-3
109000232,52,1,51
109000236,0,0,0
109000241,81,5,76
109000242,404,74,330
109000293,0,0,0
109000361,0,0,0
109000364,0,0,0
109000396,1,5,-4
109000397,3,0,3
109000399,1,28,-27
109000400,0,0,0
109000403,0,0,0
109000406,161,3,158
109000407,0,0,0
109000408,1,186,-185
109000410,0,0,0
109000411,39,3,36
109900001,0,0,0
109900002,0,0,0
109900003,0,0,0
109900004,0,0,0
109900005,0,0,0
109900006,0,0,0
109900007,0,0,0
109900008,0,0,0
109900009,0,0,0
109900010,0,0,0
109900011,0,0,0
109900012,0,0,0
109900013,0,0,0
109900014,0,0,0
109900015,0,0,0
109900016,0,0,0
109900017,0,0,0
109900018,0,0,0
109900019,0,0,0
109900020,0,0,0
109900021,0,0,0
109900022,11,1,10
109900023,0,0,0
109900024,0,0,0
109900025,0,0,0
109900026,0,0,0
109900027,0,0,0
109900028,0,0,0
109900029,0,0,0
109900030,0,0,0
109900031,0,0,0
109900032,0,0,0
109900033,0,0,0
109900034,0,0,0
109900035,0,0,0
109900036,0,0,0
109900037,0,0,0
109900038,0,0,0
109900039,0,0,0
109900040,0,0,0
109900041,0,0,0
109900042,0,0,0
109900044,0,0,0
109900045,0,0,0
109900046,0,0,0
109900047,0,0,0
109900048,0,0,0
109900049,0,0,0
109900050,0,0,0
109900051,0,0,0
109900052,0,0,0
109900053,0,0,0
109900054,0,0,0
109900055,0,0,0
109900056,0,0,0
109900057,0,0,0
109900058,0,0,0
109900059,0,0,0
109900060,0,0,0
109900061,0,0,0
109900062,0,0,0
109900063,0,0,0
109900064,26,2,24
109900065,0,0,0
109900066,0,0,0
109900067,0,0,0
109900068,0,0,0
109900069,0,0,0
109900070,0,0,0
109900071,0,0,0
109900072,0,0,0
109900073,0,0,0
109900074,0,0,0
109900075,0,0,0
109900076,0,0,0
109900077,0,0,0
109900078,0,0,0
109900080,0,0,0
109900081,0,0,0
109900082,0,0,0
109900083,0,0,0
109900084,0,0,0
109900085,0,0,0
109900086,0,0,0
109900087,0,0,0
109900089,0,0,0
109900090,0,0,0
109900091,0,0,0
109900092,0,0,0
109900093,0,0,0
109900094,0,0,0
109900095,0,0,0
109900096,0,0,0
109900097,0,0,0
109900098,0,0,0
109900099,0,0,0
109900100,0,0,0
109900101,0,0,0
109900102,0,0,0
109900103,0,0,0
109900104,0,0,0
109900105,0,0,0
109900106,0,0,0
109900107,0,0,0
109900108,0,0,0
109900109,0,0,0
109900110,0,0,0
109900111,0,0,0
109900112,0,0,0
109900113,0,0,0
109900114,0,0,0
109900115,0,0,0
109900117,0,0,0
109900118,0,0,0
109900119,0,0,0
109900120,0,0,0
109900121,0,0,0
109900122,0,0,0
109900123,0,0,0
109900124,0,0,0
109900125,0,0,0
109900126,0,0,0
109900128,0,0,0
109900130,0,0,0
109900131,0,0,0
109900132,0,0,0
109900133,0,0,0
109900134,0,0,0
109900135,0,0,0
109900136,0,0,0
109900137,0,0,0
109900138,0,0,0
109900140,0,0,0
109900141,0,0,0
109900142,0,0,0
109900145,0,0,0
109900146,0,0,0
109900148,0,0,0
109900149,0,0,0
109900150,0,0,0
109900151,0,0,0
109900152,0,0,0
109900153,0,0,0
109900154,0,0,0
109900155,0,0,0
109900157,0,0,0
109900158,0,0,0
109900159,0,0,0
109900160,0,0,0
109900161,0,0,0
109900162,0,0,0
109900163,0,0,0
109900164,0,0,0
109900165,0,0,0
109900166,0,0,0
109900167,0,0,0
109900168,0,0,0
109900169,0,0,0
109900170,0,0,0
109900171,0,0,0
109900172,0,0,0
109900173,0,0,0
109900174,0,0,0
109900175,0,0,0
109900176,0,0,0
109900177,0,0,0
109900178,0,0,0
109900179,0,0,0
109900180,0,0,0
110000001,56,107,-51
110000002,742,360,382
110000003,146,257,-111
110000004,641,188,453
110000005,66,50,16
110000006,14,107,-93
110000007,4,3,1
110000008,0,0,0
110000009,0,0,0
110000010,0,0,0
110000011,0,2,-2
110000012,0,0,0
110000013,15,25,-10
110000014,49,44,5
110000015,10,5,5
110000016,81,65,16
110000017,79,26,53
110000018,13,59,-46
110000019,0,0,0
110000020,0,0,0
110000021,68,12,56
110000022,0,0,0
110000023,0,0,0
110000024,0,0,0
110000025,0,0,0
110000026,0,0,0
110000027,14,17,-3
110000028,213,14,199
110000029,0,0,0
110000030,48,20,28
110000031,0,0,0
110000032,245,3,242
110000033,0,4,-4
110000034,8,0,8
110000035,19,28,-9
110000036,52,0,52
110000037,9,14,-5
110000038,35,0,35
110000039,167,54,113
110000040,0,0,0
110000041,196,140,56
110000042,0,0,0
110000043,148,142,6
110000044,0,0,0
110000045,6,31,-25
110000046,0,0,0
110000047,0,16,-16
110000048,0,0,0
110000049,2,2,0
110000050,0,0,0
110000051,2,6,-4
110000052,8,4,4
110000053,2,2,0
110000054,0,0,0
110000055,26,6,20
110000056,154,70,84
110000057,0,0,0
110000058,107,113,-6
110000059,24,98,-74
110000060,872,238,634
110000061,90,181,-91
110000062,790,233,557
110000063,0,0,0
110000064,15,0,15
110000065,0,0,0
110000066,0,0,0
110000067,1,2,-1
110000068,0,1,-1
110000069,0,0,0
110000071,0,0,0
110000073,0,0,0
110000075,0,0,0
110000076,0,0,0
110000077,0,0,0
110000078,0,0,0
110000080,17,14,3
110000081,0,0,0
110000082,0,0,0
110000083,59,135,-76
110000084,458,162,296
110000085,430,416,14
110000086,448,277,171
110000087,0,46,-46
110000088,0,167,-167
110000089,476,18,458
110000090,0,0,0
110000091,0,0,0
110000092,0,0,0
110000093,120,4,116
110000094,19,3,16
110000095,444,83,361
110000096,85,50,35
110000097,813,105,708
110000098,449,74,375
110000099,74,100,-26
110000100,57,0,57
110000101,0,0,0
110000102,0,0,0
110000104,0,0,0
110000105,19,10,9
110000106,0,0,0
110000107,2,35,-33
110000108,409,1,408
110000109,0,0,0
110000110,1163,189,974
110000111,0,0,0
110000112,0,0,0
110000113,0,0,0
110000114,0,1,-1
110000115,0,36,-36
110000116,3,12,-9
110000117,0,0,0
110000118,161,12,149
110000119,0,0,0
110000120,121,17,104
110000121,0,0,0
110000122,3,12,-9
110000123,25,95,-70
110000124,0,0,0
110000125,337,25,312
110000126,188,29,159
110000127,335,15,320
110000128,0,0,0
110000129,0,0,0
110000130,66,23,43
110000131,0,0,0
110000132,0,0,0
110000133,0,0,0
110000134,0,0,0
110000135,42,1,41
110000136,0,0,0
110000137,107,9,98
110000138,0,0,0
110000139,191,4,187
110000140,726,54,672
110000143,154,15,139
110000144,1430,359,1071
110000145,281,185,96
110000146,917,137,780
110000147,0,0,0
110000148,73,41,32
110000151,9,78,-69
110000152,0,3,-3
110000153,0,0,0
110000154,1,0,1
110000155,133,430,-297
110000156,12,119,-107
110000157,54,234,-180
110000160,0,0,0
110000161,0,0,0
110000166,0,0,0
110000167,390,71,319
110000168,633,44,589
110000169,230,113,117
110000170,53,8,45
110000171,274,30,244
110000172,18,52,-34
110000173,45,29,16
110000174,0,0,0
110000175,86,15,71
110000176,13,17,-4
110000177,43,39,4
110000178,204,55,149
110000179,40,36,4
110000180,64,37,27
110000181,114,22,92
110000182,46,3,43
110000183,260,111,149
110000184,45,88,-43
110000185,0,0,0
110000186,0,0,0
110000191,156,2,154
110000192,0,0,0
110000193,0,0,0
110000194,0,0,0
110000195,0,0,0
110000196,0,0,0
110000197,0,0,0
110000198,0,0,0
110000199,0,0,0
110000200,3,0,3
110000201,0,0,0
110000202,0,0,0
110000203,0,0,0
110000204,0,0,0
110000205,0,0,0
110000206,0,0,0
110000207,0,0,0
110000208,0,0,0
110000209,0,0,0
110000210,849,229,620
110000211,765,299,466
110000212,110,29,81
110000213,4,0,4
110000214,29,1,28
110000215,0,0,0
110000216,0,0,0
110000217,197,0,197
110000218,0,0,0
110000219,100,0,100
110000220,0,0,0
110000221,43,1,42
110000222,0,0,0
110000223,0,0,0
110000224,0,0,0
110000225,0,0,0
110000226,348,39,309
110000227,0,0,0
110000228,87,1,86
110000229,0,0,0
110000230,389,56,333
110000231,85,71,14
110000232,0,0,0
110000233,60,76,-16
110000234,201,17,184
110000235,172,96,76
110000236,0,0,0
110000237,0,0,0
110000238,493,112,381
110000239,0,0,0
110000240,0,0,0
110000242,0,0,0
110000243,0,0,0
110000244,0,0,0
110000245,0,0,0
110000246,5,10,-5
110000247,56,162,-106
110000248,97,51,46
110000249,0,0,0
110000250,0,4,-4
110000251,12,19,-7
110000252,91,4,87
110000253,37,35,2
110000254,0,0,0
110000255,0,0,0
110000256,22,42,-20
110000257,34,0,34
110000258,0,7,-7
110000259,0,0,0
110000260,7,1,6
110000263,0,0,0
110000264,4,2,2
110000265,1251,235,1016
110000266,569,452,117
110000267,0,0,0
110000268,13,3,10
110000269,0,0,0
110000270,60,0,60
110000271,182,28,154
110000272,247,244,3
110000273,110,169,-59
110000274,25,148,-123
110000275,211,72,139
110000276,8,133,-125
110000277,639,120,519
110000278,5,175,-170
110000279,519,184,335
110000280,371,30,341
110000281,0,0,0
110000282,14,0,14
110000283,0,0,0
110000284,0,0,0
110000285,0,0,0
110000286,37,21,16
110000287,0,0,0
110000288,0,0,0
110000289,0,0,0
110000290,0,0,0
110000291,225,20,205
110000292,0,0,0
110000293,229,23,206
110000294,0,0,0
110000295,103,22,81
110000296,0,0,0
110000297,0,0,0
110000298,0,0,0
110000299,0,0,0
110000301,0,0,0
110000302,0,0,0
110000303,0,0,0
110000304,0,0,0
110000305,117,0,117
110000306,0,0,0
110000307,109,0,109
110000308,189,2,187
110000309,0,0,0
110000310,100,0,100
110000311,0,0,0
110000312,30,0,30
110000313,0,0,0
110000314,0,0,0
110000315,52,266,-214
110000316,5,191,-186
110000317,0,0,0
110000318,0,0,0
110000319,0,0,0
110000320,0,0,0
110000321,0,0,0
110000322,2,8,-6
110000323,0,0,0
110000324,0,0,0
110000325,766,410,356
110000327,198,9,189
110000328,0,0,0
110000333,42,181,-139
110000334,1,7,-6
110000335,24,31,-7
110000336,4,16,-12
110000337,831,130,701
110000338,12,9,3
110000339,27,39,-12
110000340,0,10,-10
110000341,52,0,52
110000342,13,0,13
110000343,0,0,0
110000344,0,0,0
110000345,2,6,-4
110000346,311,260,51
110000347,697,284,413
110000348,0,0,0
110000349,0,0,0
110000350,2,3,-1
110000351,361,59,302
110000352,0,0,0
110000353,1039,62,977
110000354,10,1,9
110000355,0,0,0
110000356,198,2,196
110000357,0,0,0
110000361,0,0,0
110000362,0,6,-6
110000363,101,0,101
110000364,76,59,17
110000365,26,1,25
110000366,0,0,0
110000367,0,0,0
110000368,0,0,0
110000369,9,0,9
110000373,0,0,0
110000374,0,0,0
110000375,87,53,34
110000376,0,0,0
110000377,68,150,-82
110000378,0,0,0
110000379,448,142,306
110000380,181,4,177
110000383,0,0,0
110000384,107,0,107
110000385,0,0,0
110000387,20,0,20
110000388,0,0,0
110000389,676,32,644
110000391,251,0,251
110000396,0,0,0
110000397,0,0,0
110000398,0,0,0
110000399,524,0,524
110000587,2,4,-2
110000589,1,7,-6
110000640,0,0,0
110000652,0,0,0
110000653,0,0,0
110000654,0,0,0
110000656,0,0,0
110000674,0,0,0
110000675,0,0,0
110000676,0,0,0
110000679,0,0,0
110000682,5,28,-23
110000683,84,33,51
110000684,0,0,0
110000685,4,6,-2
110000686,0,0,0
110000687,5,0,5
110000688,40,0,40
110000689,0,0,0
110000692,3,3,0
110000693,0,0,0
110000694,0,0,0
110000695,0,0,0
110000696,11,3,8
110900001,0,0,0
110900002,0,0,0
110900003,0,0,0
110900004,0,0,0
110900005,0,0,0
110900006,0,0,0
110900007,0,0,0
110900008,0,0,0
110900009,0,0,0
110900010,0,0,0
110900011,0,0,0
110900012,0,0,0
110900013,0,0,0
110900014,0,0,0
110900015,0,0,0
110900016,0,0,0
110900017,0,0,0
110900018,0,0,0
110900019,0,0,0
110900020,0,0,0
110900021,0,0,0
110900022,0,0,0
110900023,0,0,0
110900024,0,0,0
110900025,0,0,0
110900027,0,0,0
110900028,0,0,0
110900029,0,0,0
110900030,0,0,0
110900031,0,0,0
110900032,0,0,0
110900033,0,0,0
110900035,0,0,0
110900036,0,0,0
110900037,0,0,0
110900038,0,0,0
110900039,0,0,0
110900040,0,0,0
110900041,0,0,0
110900042,0,0,0
110900043,0,0,0
110900044,0,0,0
110900045,0,0,0
110900046,0,0,0
110900047,0,0,0
110900049,0,0,0
110900050,0,0,0
110900051,0,0,0
110900052,0,0,0
110900053,0,0,0
110900054,0,0,0
110900055,0,0,0
110900056,0,0,0
110900057,0,0,0
110900058,0,0,0
110900059,0,0,0
110900060,0,0,0
110900061,0,0,0
110900062,0,0,0
110900063,0,0,0
110900064,0,0,0
110900065,0,0,0
110900066,0,0,0
110900067,0,0,0
110900068,0,0,0
110900069,0,0,0
110900070,0,0,0
110900071,0,0,0
110900073,0,0,0
110900074,0,0,0
110900075,0,0,0
110900077,0,0,0
110900078,0,0,0
110900079,0,0,0
110900080,0,0,0
110900081,0,0,0
110900082,0,0,0
110900083,0,0,0
110900084,0,0,0
110900085,0,0,0
110900086,0,0,0
110900087,0,0,0
110900088,0,0,0
110900090,0,0,0
110900091,0,0,0
110900093,0,0,0
110900095,0,0,0
110900097,0,0,0
110900098,0,0,0
110900099,0,0,0
110900100,0,0,0
110900102,0,0,0
110900105,0,0,0
110900108,0,0,0
110900111,0,0,0
110900112,0,0,0
110900113,0,0,0
110900115,0,0,0
110900116,0,0,0
110900118,0,0,0
110900119,0,0,0
110900120,0,0,0
110900121,0,0,0
110900122,0,0,0
110900125,0,0,0
110900127,0,0,0
110900128,0,0,0
110900129,0,0,0
110900130,0,0,0
110900131,0,0,0
110900132,0,0,0
110900133,0,0,0
110900135,0,0,0
110900136,0,0,0
110900137,0,0,0
110900138,0,0,0
110900139,0,0,0
110900140,0,0,0
110900141,0,0,0
110900142,0,0,0
110900143,0,0,0
110900144,0,0,0
110900145,0,0,0
110900146,0,0,0
110900147,0,0,0
110900148,0,0,0
110900149,0,0,0
110900150,0,0,0
110900151,0,0,0
110900152,0,0,0
110900153,0,0,0
111000001,88,18,70
111000002,0,0,0
111000003,456,50,406
111000004,0,0,0
111000005,598,59,539
111000006,0,0,0
111000007,731,75,656
111000008,0,0,0
111000009,2,76,-74
111000010,544,96,448
111000011,0,0,0
111000012,271,101,170
111000013,0,42,-42
111000014,624,145,479
111000017,0,0,0
111000018,0,0,0
111000020,0,0,0
111000021,76,15,61
111000023,61,14,47
111000025,123,222,-99
111000029,0,0,0
111000030,0,0,0
111000031,573,116,457
111000032,105,26,79
111000033,40,14,26
111000034,13,19,-6
111000037,0,0,0
111000038,24,14,10
111000039,2,2,0
111000040,5,4,1
111000041,0,0,0
111000042,0,0,0
111000043,1081,163,918
111000044,978,119,859
111000045,1047,441,606
111000046,423,227,196
111000047,649,313,336
111000049,95,46,49
111000050,0,0,0
111000051,0,0,0
111000052,0,0,0
111000053,0,0,0
111000054,0,0,0
111000055,2,0,2
111000056,0,0,0
111000057,0,0,0
111000058,109,2,107
111000059,330,99,231
111000060,1941,134,1807
111000061,95,81,14
111000062,482,37,445
111000063,702,70,632
111000064,801,102,699
111000065,846,56,790
111000066,221,57,164
111000067,0,0,0
111000068,0,0,0
111000069,0,0,0
111000070,0,0,0
111000071,0,0,0
111000072,1118,117,1001
111000073,410,236,174
111000074,1128,319,809
111000075,216,15,201
111000076,318,38,280
111000077,777,220,557
111000078,194,49,145
111000079,290,60,230
111000080,248,41,207
111000081,132,117,15
111000082,135,39,96
111000084,50,107,-57
111000085,60,47,13
111000086,137,12,125
111000087,171,15,156
111000088,169,75,94
111000089,108,48,60
111000090,6,62,-56
111000091,0,0,0
111000092,3,0,3
111000093,2,0,2
111000094,14,7,7
111000095,36,24,12
111000096,66,23,43
111000097,0,0,0
111000098,0,0,0
111000099,0,0,0
111000100,0,0,0
111000101,0,0,0
111000102,0,0,0
111000104,132,41,91
111000107,0,0,0
111000109,87,53,34
111000110,271,90,181
111000111,1265,56,1209
111000112,1084,37,1047
111000113,656,241,415
111000114,378,164,214
111000115,1498,140,1358
111000116,281,46,235
111000117,99,18,81
111000118,246,29,217
111000119,330,67,263
111000120,290,38,252
111000121,159,57,102
111000122,10,11,-1
111000123,2,1,1
111000124,0,0,0
111000125,0,0,0
111000126,0,0,0
111000127,362,30,332
111000128,999,33,966
111000129,1275,39,1236
111000130,1494,57,1437
111000131,1129,58,1071
111000132,577,102,475
111000133,13,17,-4
111000134,69,20,49
111000135,0,0,0
111000136,320,20,300
111000138,8,2,6
111000140,0,0,0
111000141,2,3,-1
111000142,0,0,0
111000143,0,0,0
111000144,0,0,0
111000145,21,1,20
111000146,1,0,1
111000147,37,0,37
111000148,67,6,61
111000149,0,0,0
111000150,45,0,45
111000151,0,0,0
111000153,169,2,167
111000154,4,6,-2
111000155,58,6,52
111000156,164,93,71
111000157,143,117,26
111000158,341,142,199
111000159,379,127,252
111000160,80,37,43
111000161,0,72,-72
111000162,0,0,0
111000163,0,0,0
111000164,0,0,0
111000165,34,4,30
111000166,0,0,0
111000167,0,0,0
111000168,21,3,18
111000169,38,6,32
111000170,96,0,96
111000171,71,18,53
111000172,1,20,-19
111000173,14,18,-4
111000174,10,4,6
111000175,2,4,-2
111000176,0,0,0
111000177,0,0,0
111000178,0,0,0
111000179,0,0,0
111000180,0,0,0
111000181,94,0,94
111000182,49,1,48
111000183,61,3,58
111000184,89,8,81
111000185,16,6,10
111000186,11,0,11
111000187,25,3,22
111000188,7,4,3
111000189,0,0,0
111000190,0,0,0
111000191,0,0,0
111000192,0,0,0
111000193,0,0,0
111000194,0,0,0
111000195,0,0,0
111000196,0,0,0
111000197,74,10,64
111000198,175,3,172
111000199,44,7,37
111000200,294,29,265
111000201,182,6,176
111000202,114,7,107
111000203,158,32,126
111000204,57,154,-97
111000213,191,32,159
111000214,190,37,153
111000215,197,53,144
111000217,464,33,431
111000218,76,164,-88
111000219,0,0,0
111000220,178,32,146
111000221,35,31,4
111000224,0,0,0
111000225,26,1,25
111000226,0,1,-1
111000227,2,0,2
111000228,0,0,0
111000229,0,0,0
111000230,39,6,33
111000231,247,9,238
111000232,0,0,0
111000233,0,0,0
111000234,0,0,0
111000239,0,0,0
111000240,52,29,23
111000241,0,0,0
111000242,56,6,50
111000243,0,0,0
111000244,120,2,118
111000245,223,51,172
111000246,150,35,115
111000247,0,0,0
111000248,128,84,44
111000249,0,0,0
111000250,0,0,0
111000251,0,0,0
111000253,0,0,0
111000255,0,0,0
111000257,0,0,0
111000260,0,0,0
111000261,125,16,109
111000271,0,0,0
111000273,92,16,76
111000274,306,200,106
111000275,42,8,34
111000276,0,0,0
111000277,0,0,0
111000278,210,9,201
111000291,280,628,-348
111000298,0,0,0
111000299,117,0,117
111000300,0,0,0
111000302,0,0,0
111000303,0,0,0
111000312,0,0,0
111000315,0,0,0
111000320,40,11,29
111000321,57,25,32
111000322,63,7,56
111000323,10,4,6
111000324,6,1,5
111000325,0,0,0
111000326,6,0,6
111000327,36,28,8
111000328,31,55,-24
111000329,0,0,0
111000330,5,0,5
111000331,23,0,23
111000332,149,93,56
111000334,21,48,-27
111000335,109,6,103
111000337,93,1,92
111000338,0,0,0
111000339,6,0,6
111000340,8,6,2
111000341,181,6,175
111000342,0,0,0
111000344,226,8,218
111000345,29,7,22
111000346,0,0,0
111000347,0,0,0
111000350,15,16,-1
111000351,0,0,0
111000352,24,23,1
111000353,0,0,0
111000354,36,31,5
111000355,0,0,0
111000358,45,10,35
111000360,48,16,32
111000361,103,6,97
111000546,2,0,2
111000547,177,13,164
111000548,0,0,0
111000549,158,4,154
111000550,0,1,-1
111000551,77,5,72
111000552,10,13,-3
111000907,59,1,58
111000908,4,0,4
111000916,137,0,137
111000917,0,0,0
111000918,26,11,15
111000920,47,1,46
111000921,0,0,0
111000922,1,0,1
111000924,0,0,0
111000925,2254,330,1924
111000926,44,86,-42
111000927,2241,558,1683
111000928,36,400,-364
111000929,1508,283,1225
111000930,11,167,-156
111000931,2113,460,1653
111000932,42,131,-89
111000933,1901,687,1214
111000934,40,146,-106
111000935,1044,165,879
111000936,21,60,-39
111000937,615,253,362
111000938,17,76,-59
111000939,222,6,216
111000940,0,0,0
111000941,45,8,37
111000943,0,0,0
111000944,0,3,-3
111000945,16,0,16
111001109,130,23,107
111001110,0,0,0
111001111,0,0,0
111001112,332,4,328
111001113,1,230,-229
111001114,4,0,4
111001115,0,0,0
111001116,547,94,453
111001117,0,0,0
111001120,34,6,28
111001121,0,0,0
111001122,0,0,0
111001123,3,9,-6
111900001,0,0,0
111900002,0,0,0
111900003,0,0,0
111900004,0,0,0
111900006,0,0,0
111900007,0,0,0
111900008,0,0,0
111900009,0,0,0
111900010,0,0,0
111900012,0,0,0
111900013,0,0,0
111900014,20,0,20
111900015,0,0,0
111900016,0,0,0
111900017,0,0,0
111900018,0,0,0
111900019,0,0,0
111900020,0,0,0
111900021,0,0,0
111900022,0,0,0
111900023,0,0,0
111900024,0,0,0
111900025,0,0,0
111900026,0,0,0
111900027,0,0,0
111900028,0,0,0
111900029,0,0,0
111900030,0,0,0
111900031,0,0,0
111900032,0,0,0
111900033,0,0,0
111900034,0,0,0
111900035,0,0,0
111900036,0,0,0
111900038,0,0,0
111900039,0,0,0
111900040,0,0,0
111900042,0,0,0
111900043,0,0,0
111900044,0,0,0
111900046,0,0,0
111900048,0,0,0
111900049,0,0,0
111900050,0,0,0
111900051,0,0,0
111900052,0,0,0
111900053,0,0,0
111900054,0,0,0
111900055,0,0,0
111900056,0,0,0
111900057,28,0,28
111900058,0,0,0
111900059,29,21,8
111900060,0,0,0
111900061,0,0,0
111900062,0,0,0
111900063,0,0,0
111900064,0,0,0
111900065,0,0,0
111900066,0,0,0
111900067,0,0,0
111900068,0,0,0
111900069,0,0,0
111900070,0,0,0
111900071,0,0,0
111900072,0,0,0
111900073,0,0,0
111900074,0,0,0
111900075,0,0,0
111900076,0,0,0
111900077,0,0,0
111900078,0,0,0
111900079,0,0,0
111900080,0,0,0
111900081,0,0,0
111900082,0,0,0
111900083,0,0,0
111900084,0,0,0
111900085,0,0,0
111900086,0,0,0
111900087,0,0,0
111900088,0,0,0
111900089,0,0,0
111900090,0,0,0
111900091,0,0,0
111900092,0,0,0
111900093,0,0,0
111900094,0,0,0
111900095,0,0,0
111900096,0,0,0
111900097,0,0,0
111900098,0,0,0
111900099,0,0,0
111900100,0,0,0
111900101,0,0,0
111900102,0,0,0
111900103,0,0,0
111900104,0,0,0
111900105,0,0,0
111900106,0,0,0
111900107,0,0,0
111900108,0,0,0
111900109,0,0,0
111900110,0,0,0
111900111,11,0,11
111900112,0,0,0
111900113,0,0,0
111900114,0,0,0
111900115,0,0,0
111900118,0,0,0
111900119,0,0,0
111900122,0,0,0
111900123,0,0,0
111900124,0,0,0
111900125,0,0,0
111900126,0,0,0
111900127,0,0,0
111900128,0,0,0
111900129,0,0,0
111900130,0,0,0
111900131,0,0,0
111900132,0,0,0
111900133,0,0,0
111900134,0,0,0
111900135,0,0,0
111900136,0,0,0
111900137,0,0,0
111900138,0,0,0
111900139,0,0,0
111900140,0,0,0
111900141,0,0,0
111900142,0,0,0
111900143,0,0,0
111900144,0,0,0
111900145,0,0,0
111900146,0,0,0
111900147,0,0,0
111900148,0,0,0
111900149,0,0,0
111900150,0,0,0
111900151,0,0,0
111900152,0,0,0
111900153,0,0,0
111900154,0,0,0
111900155,0,0,0
111900156,0,0,0
111900157,0,0,0
111900158,0,0,0
111900159,0,0,0
111900160,0,0,0
111900161,0,0,0
111900162,0,0,0
111900163,0,0,0
111900164,0,0,0
111901113,0,0,0
111901114,0,0,0
111901115,0,0,0
111901116,0,0,0
111901117,0,0,0
111901118,0,0,0
111901119,0,0,0
111901120,0,0,0
111901121,0,0,0
111901122,0,0,0
111901123,0,0,0
111901124,0,0,0
111901125,10,26,-16
111901126,0,0,0
111901127,0,0,0
111901128,0,0,0
111901129,0,0,0
111901130,0,0,0
111901131,0,0,0
111901132,0,0,0
111901133,0,0,0
111901134,0,0,0
111901135,0,0,0
111901136,0,0,0
111901137,0,0,0
111901138,0,0,0
111901139,0,0,0
111901140,0,0,0
111901141,0,0,0
111901142,0,0,0
111901143,0,0,0
111901144,0,0,0
112000001,1266,398,868
112000002,0,0,0
112000003,637,141,496
112000004,0,0,0
112000005,3191,1567,1624
112000006,0,0,0
112000007,1356,1012,344
112000008,1975,1787,188
112000009,652,35,617
112000010,398,935,-537
112000011,164,32,132
112000012,673,1402,-729
112000013,123,88,35
112000014,199,502,-303
112000015,0,0,0
112000016,95,259,-164
112000017,0,0,0
112000024,0,0,0
112000026,0,0,0
112000027,643,515,128
112000028,0,0,0
112000029,0,0,0
112000030,0,0,0
112000031,1,85,-84
112000032,0,0,0
112000033,0,47,-47
112000034,0,0,0
112000035,0,0,0
112000036,0,0,0
112000037,0,0,0
112000038,0,0,0
112000039,27,10,17
112000040,0,0,0
112000041,0,0,0
112000042,0,0,0
112000050,767,541,226
112000051,752,963,-211
112000054,52,143,-91
112000057,0,0,0
112000058,0,0,0
112000059,0,0,0
112000061,0,0,0
112000062,25,90,-65
112000063,0,0,0
112000064,0,0,0
112000065,0,0,0
112000066,143,330,-187
112000067,0,0,0
112000068,153,264,-111
112000069,0,0,0
112000070,30,40,-10
112000071,0,0,0
112000072,276,41,235
112000073,0,0,0
112000074,154,37,117
112000075,429,170,259
112000076,88,62,26
112000077,111,10,101
112000078,176,43,133
112000079,85,26,59
112000080,46,46,0
112000081,50,118,-68
112000082,183,124,59
112000083,154,31,123
112000084,265,94,171
112000085,457,40,417
112000086,402,64,338
112000087,92,8,84
112000088,107,59,48
112000089,13,28,-15
112000090,11,2,9
112000091,50,43,7
112000092,1098,93,1005
112000093,132,19,113
112000094,504,132,372
112000095,186,11,175
112000096,500,55,445
112000097,488,437,51
112000098,0,0,0
112000099,58,1018,-960
112000100,629,127,502
112000101,0,0,0
112000102,521,38,483
112000103,0,0,0
112000105,0,0,0
112000106,440,63,377
112000107,2,6,-4
112000108,0,0,0
112000109,43,4,39
112000110,403,29,374
112000111,1,28,-27
112000112,427,12,415
112000113,1,26,-25
112000114,379,44,335
112000115,0,0,0
112000116,0,0,0
112000117,0,0,0
112000118,0,0,0
112000119,0,0,0
112000120,0,0,0
112000121,0,0,0
112000122,79,14,65
112000123,218,20,198
112000124,29,22,7
112000125,60,36,24
112000126,0,0,0
112000127,41,196,-155
112000128,0,0,0
112000129,147,1,146
112000130,0,0,0
112000131,0,0,0
112000132,0,0,0
112000133,42,0,42
112000134,62,9,53
112000135,202,81,121
112000136,1,9,-8
112000137,281,158,123
112000138,5,0,5
112000139,4,38,-34
112000140,0,0,0
112000141,40,2,38
112000142,0,0,0
112000143,212,6,206
112000144,0,0,0
112000145,277,21,256
112000146,0,0,0
112000147,177,27,150
112000148,0,0,0
112000149,12,1,11
112000150,0,0,0
112000151,5,1,4
112000152,0,0,0
112000153,10,5,5
112000154,85,0,85
112000155,0,0,0
112000157,24,321,-297
112000158,50,1,49
112000159,0,0,0
112000167,0,0,0
112000169,0,0,0
112000173,0,0,0
112000175,16,3,13
112000176,0,0,0
112000177,0,0,0
112000178,0,0,0
112000179,0,0,0
112000180,0,0,0
112000181,84,21,63
112000182,293,19,274
112000183,29,6,23
112000184,33,0,33
112000185,0,0,0
112000187,0,0,0
112000195,0,0,0
112000196,0,0,0
112000197,0,0,0
112000198,0,0,0
112000199,0,0,0
112000202,504,1,503
112000216,0,0,0
112000230,0,0,0
112000231,0,0,0
112000256,63,66,-3
112000313,0,0,0
112000314,0,0,0
112000337,0,0,0
112000352,0,0,0
112000392,87,126,-39
112000398,354,79,275
112000399,116,1914,-1798
112000400,4,58,-54
112000401,36,53,-17
112000402,492,1813,-1321
112000403,143,1084,-941
112000404,145,361,-216
112000405,1192,808,384
112000406,12,94,-82
112000407,3158,527,2631
112000408,94,170,-76
112000409,7,114,-107
112000410,0,0,0
112000411,0,0,0
112000412,0,0,0
112000413,0,0,0
112000414,0,0,0
112000415,0,0,0
112000416,926,219,707
112000417,20,22,-2
112000421,0,0,0
112000422,19,2,17
112000424,0,0,0
112000425,0,0,0
112000426,0,0,0
112000427,0,0,0
112000428,0,0,0
112000429,486,546,-60
112000430,412,892,-480
112000431,8,18,-10
112000432,0,0,0
112000433,16,80,-64
112000437,5,10,-5
112900001,0,0,0
112900002,0,0,0
112900003,0,0,0
112900004,0,0,0
112900005,0,0,0
112900006,0,0,0
112900007,0,0,0
112900008,0,0,0
112900009,0,0,0
112900010,0,0,0
112900011,0,0,0
112900012,0,0,0
112900013,0,0,0
112900014,0,0,0
112900015,0,0,0
112900016,0,0,0
112900017,0,0,0
112900018,0,0,0
112900019,0,0,0
112900020,0,0,0
112900021,0,0,0
112900022,0,0,0
112900023,0,0,0
112900024,0,0,0
112900025,0,0,0
112900026,0,0,0
112900027,0,0,0
112900028,0,0,0
112900029,0,0,0
112900030,0,0,0
112900031,0,0,0
112900032,0,0,0
112900034,0,0,0
112900035,0,0,0
112900036,0,0,0
112900037,0,0,0
112900038,0,0,0
112900039,0,0,0
112900040,0,0,0
112900041,0,0,0
112900042,0,0,0
112900043,0,0,0
112900044,0,0,0
112900045,0,0,0
112900046,0,0,0
112900047,0,0,0
112900049,0,0,0
112900050,0,0,0
112900051,0,0,0
112900052,0,0,0
112900053,0,0,0
112900054,0,0,0
112900055,0,0,0
112900056,0,0,0
112900057,0,0,0
112900058,0,0,0
112900059,0,0,0
112900060,0,0,0
112900061,0,0,0
112900062,0,0,0
112900063,0,0,0
112900064,0,0,0
112900065,0,0,0
112900066,0,0,0
112900067,0,0,0
112900068,0,0,0
112900069,0,0,0
112900071,0,0,0
112900072,0,0,0
112900073,0,0,0
112900074,0,0,0
112900075,0,0,0
112900076,0,0,0
112900078,0,0,0
112900079,0,0,0
112900080,0,0,0
112900081,0,0,0
112900082,0,0,0
112900083,0,0,0
112900084,0,0,0
112900085,0,0,0
112900086,0,0,0
112900087,0,0,0
112900088,0,0,0
112900089,0,0,0
112900090,0,0,0
112900091,0,0,0
112900092,0,0,0
112900093,0,0,0
112900094,0,0,0
112900095,0,0,0
112900096,0,0,0
112900097,0,0,0
112900098,0,0,0
112900099,0,0,0
112900100,0,0,0
112900101,0,0,0
112900102,0,0,0
112900103,0,0,0
112900104,0,0,0
112900105,0,0,0
112900106,0,0,0
112900107,0,0,0
112900108,0,0,0
112900109,0,0,0
112900110,0,0,0
112900111,0,0,0
112900112,0,0,0
112900113,0,0,0
112900114,0,0,0
112900115,0,0,0
112900116,0,0,0
112900117,0,0,0
112900118,0,0,0
112900119,0,0,0
112900120,0,0,0
112900121,0,0,0
112900122,0,0,0
112900123,0,0,0
112900124,0,0,0
112900125,0,0,0
112900126,0,0,0
112900127,0,0,0
112900128,0,0,0
112900129,0,0,0
112900130,0,0,0
112900131,0,0,0
112900132,0,0,0
112900133,0,0,0
112900134,0,0,0
112900135,0,0,0
112900136,0,0,0
112900137,0,0,0
112900138,0,0,0
112900139,0,0,0
112900140,0,0,0
112900141,0,0,0
112900142,0,0,0
112900143,0,0,0
112900144,0,0,0
112900145,0,0,0
112900146,0,0,0
112900147,0,0,0
112900148,0,0,0
112900149,0,0,0
112900151,0,0,0
112900152,0,0,0
112900153,0,0,0
112900154,0,0,0
112900155,0,0,0
112900156,0,0,0
112900157,0,0,0
112900158,0,0,0
112900159,0,0,0
112900160,0,0,0
112900161,0,0,0
112900162,0,0,0
112900163,0,0,0
112900164,0,0,0
112900165,0,0,0
112900166,0,0,0
112900167,0,0,0
112900168,0,0,0
112900169,0,0,0
112900170,0,0,0
112900172,0,0,0
112900173,0,0,0
112900174,0,0,0
112900175,0,0,0
112900176,0,0,0
112900177,0,0,0
112900178,0,0,0
112900179,0,0,0
112900180,0,0,0
112900181,0,0,0
112900182,0,0,0
112900183,0,0,0
112900184,0,0,0
112900185,0,0,0
112900186,0,0,0
112900187,0,0,0
112900188,0,0,0
112900189,0,0,0
112900190,0,0,0
112900192,0,0,0
112900193,0,0,0
112900194,0,0,0
112900195,0,0,0
112900196,0,0,0
112900197,0,0,0
112900199,0,0,0
112900200,0,0,0
112900201,0,0,0
112900202,0,0,0
112900203,0,0,0
112900204,0,0,0
112900205,0,0,0
112900206,0,0,0
112900207,0,0,0
112900208,0,0,0
112900209,0,0,0
112900210,0,0,0
112900211,0,0,0
112900212,0,0,0
112900213,0,0,0
112900214,0,0,0
112900215,0,0,0
112900216,0,0,0
112900217,0,0,0
112900218,0,0,0
112900219,0,0,0
112900220,0,0,0
112900221,0,0,0
112900222,0,0,0
112900223,0,0,0
112900224,0,0,0
112900225,0,0,0
112900226,0,0,0
112900227,0,0,0
112900228,0,0,0
112900229,0,0,0
112900230,0,0,0
112900232,0,0,0
112900233,0,0,0
112900234,0,0,0
112900235,0,0,0
112900236,0,0,0
112900237,0,0,0
112900238,0,0,0
113000001,371,226,145
113000002,338,341,-3
113000003,129,105,24
113000004,119,114,5
113000005,72,78,-6
113000006,78,95,-17
113000007,152,53,99
113000008,63,61,2
113000009,61,29,32
113000010,216,77,139
113000011,0,0,0
113000012,730,75,655
113000013,2,56,-54
113000014,61,0,61
113000015,18,0,18
113000016,5,0,5
113000017,0,0,0
113000018,47,14,33
113000019,0,0,0
113000020,297,16,281
113000021,352,22,330
113000022,125,0,125
113000025,0,0,0
113000026,35,19,16
113000027,72,2,70
113000028,8,0,8
113000029,67,25,42
113000030,0,0,0
113000031,0,0,0
113000032,63,18,45
113000033,71,21,50
113000034,0,0,0
113000035,0,0,0
113000036,0,0,0
113000037,0,0,0
113000038,0,0,0
113000039,0,0,0
113000040,0,0,0
113000042,0,0,0
113000051,147,184,-37
113000052,175,80,95
113000053,5,29,-24
113000054,48,54,-6
113000055,137,30,107
113000056,116,68,48
113000058,0,0,0
113000059,224,60,164
113000060,0,0,0
113000061,155,90,65
113000062,0,0,0
113000063,0,0,0
113000064,0,0,0
113000065,6,11,-5
113000066,192,1,191
113000067,93,3,90
113000068,35,25,10
113000069,38,42,-4
113000070,64,20,44
113000071,40,26,14
113000072,119,6,113
113000073,4,80,-76
113000074,85,17,68
113000075,332,29,303
113000076,8,221,-213
113000077,84,85,-1
113000078,0,0,0
113000079,0,0,0
113000080,59,70,-11
113000081,166,116,50
113000082,0,0,0
113000083,269,217,52
113000084,6,3,3
113000085,198,206,-8
113000086,10,6,4
113000087,111,451,-340
113000088,8,3,5
113000089,152,465,-313
113000090,4,30,-26
113000091,19,0,19
113000094,101,10,91
113000095,0,0,0
113000096,0,0,0
113000097,74,31,43
113000098,28,0,28
113000099,81,11,70
113000100,3,2,1
113000101,0,1,-1
113000102,28,60,-32
113000103,0,0,0
113000104,356,162,194
113000105,764,150,614
113000106,0,0,0
113000107,272,519,-247
113000108,105,26,79
113000109,0,0,0
113000110,91,204,-113
113000111,0,0,0
113000112,1,54,-53
113000113,86,85,1
113000114,0,0,0
113000116,0,0,0
113000117,0,0,0
113000118,0,0,0
113000119,0,0,0
113000120,0,1,-1
113000121,0,0,0
113000124,25,54,-29
113000125,0,0,0
113000127,0,0,0
113000128,0,0,0
113000129,0,0,0
113000133,43,0,43
113000134,4,80,-76
113000135,1309,1052,257
113000137,474,538,-64
113000139,78,47,31
113000140,0,0,0
113000141,63,32,31
113000142,0,0,0
113000143,6,16,-10
113000144,0,0,0
113000145,0,0,0
113000146,0,0,0
113000147,0,0,0
113000148,0,0,0
113000149,0,0,0
113000150,0,0,0
113000151,0,0,0
113000152,0,0,0
113000153,0,0,0
113000154,29,69,-40
113000155,52,40,12
113000156,0,0,0
113000157,0,0,0
113000158,81,3,78
113000159,200,3,197
113000160,0,0,0
113000161,0,0,0
113000162,0,0,0
113000163,28,2,26
113000164,0,0,0
113000166,86,2,84
113000167,0,0,0
113000168,0,0,0
113000169,94,3,91
113000170,273,26,247
113000171,0,0,0
113000172,110,8,102
113000173,16,9,7
113000174,0,0,0
113000175,56,13,43
113000176,268,18,250
113000177,0,0,0
113000178,0,0,0
113000179,101,10,91
113000180,115,15,100
113000181,81,8,73
113000182,17,7,10
113000183,1,83,-82
113000184,0,0,0
113000189,0,0,0
113000190,0,0,0
113000192,68,246,-178
113000193,163,20,143
113000194,52,28,24
113000195,51,34,17
113000196,85,3,82
113000197,30,21,9
113000198,0,0,0
113000199,0,0,0
113000201,0,0,0
113000202,0,0,0
113000203,11,1,10
113000204,17,130,-113
113000205,0,0,0
113000206,0,0,0
113000207,0,0,0
113000208,0,0,0
113000209,0,0,0
113000210,0,0,0
113000211,2,0,2
113000212,0,0,0
113000213,5,3,2
113000214,0,0,0
113000234,0,0,0
113000410,2,1,1
113000411,72,160,-88
113000412,580,320,260
113000413,358,412,-54
113000414,339,342,-3
113000415,14,76,-62
113000416,110,92,18
113000417,14,54,-40
113000418,521,334,187
113000419,128,155,-27
113000420,679,260,419
113000421,2176,1509,667
113000422,423,591,-168
113000423,369,358,11
113000424,987,453,534
113000425,0,0,0
113000428,0,0,0
113000430,0,0,0
113000432,302,13,289
113000433,0,0,0
113000434,0,0,0
113000435,0,0,0
113000436,0,0,0
113000437,70,0,70
113000438,1,0,1
113000439,0,0,0
113000440,0,0,0
113000441,0,0,0
113000442,0,0,0
113000443,0,0,0
113000444,0,0,0
113000445,0,0,0
113000446,0,0,0
113000448,0,0,0
113000449,0,0,0
113000450,0,1,-1
113000451,0,0,0
113000452,21,0,21
113000453,0,0,0
113000454,0,0,0
113000455,0,0,0
113000456,0,0,0
113000468,0,0,0
113000469,0,0,0
113000470,0,0,0
113000471,0,0,0
113000472,0,0,0
113000474,15,85,-70
113000475,99,139,-40
113000476,243,394,-151
113000477,1124,348,776
113000478,409,189,220
113000479,0,0,0
113000480,0,0,0
113000481,0,0,0
113000483,0,0,0
113000485,0,0,0
113000486,0,0,0
113000487,0,0,0
113000488,0,0,0
113000489,0,0,0
113000490,0,0,0
113000491,0,0,0
113000492,0,0,0
113000493,0,0,0
113000495,0,0,0
113000496,0,0,0
113000497,0,0,0
113000500,0,0,0
113900001,0,0,0
113900002,0,0,0
113900003,0,0,0
113900004,0,0,0
113900005,0,0,0
113900006,0,0,0
113900007,0,0,0
113900008,0,0,0
113900009,0,0,0
113900010,0,0,0
113900011,0,0,0
113900012,0,0,0
113900013,0,0,0
113900014,0,0,0
113900015,0,0,0
113900016,0,0,0
113900017,0,0,0
113900018,0,0,0
113900019,0,0,0
113900020,0,0,0
113900022,0,0,0
113900023,0,0,0
113900024,0,0,0
113900025,0,0,0
113900026,0,0,0
113900027,0,0,0
113900028,0,0,0
113900029,0,0,0
113900030,0,0,0
113900031,0,0,0
113900032,0,0,0
113900033,0,0,0
113900035,0,0,0
113900036,0,0,0
113900037,0,0,0
113900038,0,0,0
113900039,0,0,0
113900040,0,0,0
113900041,0,0,0
113900042,0,0,0
113900043,0,0,0
113900044,0,0,0
113900045,0,0,0
113900046,0,0,0
113900047,0,0,0
113900048,0,0,0
113900049,0,0,0
113900050,0,0,0
113900051,0,0,0
113900052,0,0,0
113900053,0,0,0
113900054,0,0,0
113900055,0,0,0
113900056,0,0,0
113900057,0,0,0
113900058,0,0,0
113900059,0,0,0
113900060,0,0,0
113900061,0,0,0
113900062,0,0,0
113900063,0,0,0
113900064,0,0,0
113900065,0,0,0
113900066,0,0,0
113900067,0,0,0
113900068,0,0,0
113900069,0,0,0
113900070,0,0,0
113900071,0,0,0
113900072,0,0,0
113900073,0,0,0
113900074,0,0,0
113900075,0,0,0
113900076,0,0,0
113900077,0,0,0
113900078,0,0,0
113900079,0,0,0
113900080,0,0,0
113900081,0,0,0
113900082,0,0,0
113900083,0,0,0
113900084,0,0,0
113900085,0,0,0
113900086,0,0,0
113900087,0,0,0
113900088,0,0,0
113900089,0,0,0
113900090,0,0,0
113900091,0,0,0
113900092,0,0,0
113900093,0,0,0
113900094,0,0,0
113900095,0,0,0
113900096,0,0,0
113900097,0,0,0
113900098,0,0,0
113900099,0,0,0
113900100,0,0,0
113900101,0,0,0
113900102,0,0,0
113900103,0,0,0
113900104,0,0,0
113900105,0,0,0
113900106,0,0,0
113900107,0,0,0
113900108,0,0,0
113900109,0,0,0
113900110,0,0,0
113900111,0,0,0
113900112,0,0,0
113900113,0,0,0
113900114,0,0,0
113900115,0,0,0
113900116,0,0,0
113900117,0,0,0
113900118,0,0,0
113900119,0,0,0
113900120,0,0,0
113900121,0,0,0
113900122,0,0,0
113900123,0,0,0
113900124,0,0,0
113900125,0,0,0
113900126,0,0,0
113900127,0,0,0
113900128,0,0,0
113900129,0,0,0
113900130,0,0,0
113900131,0,0,0
113900132,0,0,0
113900133,0,0,0
113900135,0,0,0
113900136,0,0,0
113900137,0,0,0
113900138,0,0,0
113900139,0,0,0
113900140,0,0,0
113900141,0,0,0
113900142,0,0,0
113900143,0,0,0
113900144,0,0,0
113900145,0,0,0
113900146,0,0,0
113900148,0,0,0
113900149,0,0,0
113900150,0,0,0
113900151,0,0,0
113900152,0,0,0
113900153,0,0,0
113900154,0,0,0
113900155,0,0,0
113900156,0,0,0
113900157,0,0,0
113900158,0,0,0
113900159,0,0,0
113900160,0,0,0
113900161,0,0,0
113900162,0,0,0
113900163,0,0,0
113900164,0,0,0
113900165,0,0,0
113900166,0,0,0
113900167,0,0,0
113900168,0,0,0
113900169,0,0,0
113900171,0,0,0
113900172,0,0,0
113900173,0,0,0
113900174,0,0,0
113900175,0,0,0
113900176,0,0,0
113900177,0,0,0
113900178,0,0,0
113900179,0,0,0
113900180,0,0,0
113900181,0,0,0
113900182,0,0,0
113900183,0,0,0
113900184,0,0,0
113900185,0,0,0
113900186,0,0,0
113900187,0,0,0
113900188,0,0,0
113900189,0,0,0
113900190,0,0,0
113900191,0,0,0
113900192,0,0,0
113900193,0,0,0
113900194,0,0,0
113900195,0,0,0
113900196,0,0,0
113900197,0,0,0
113900198,0,0,0
113900199,0,0,0
113900200,0,0,0
113900201,0,0,0
113900202,0,0,0
113900203,0,0,0
113900204,0,0,0
113900205,0,0,0
113900206,0,0,0
113900207,0,0,0
113900208,0,0,0
113900209,0,0,0
113900210,0,0,0
113900211,0,0,0
113900212,0,0,0
113900214,0,0,0
113900215,0,0,0
113900216,0,0,0
113900217,0,0,0
113900218,0,0,0
113900219,0,0,0
113900220,0,0,0
113900221,0,0,0
113900222,0,0,0
113900223,0,0,0
113900224,0,0,0
113900225,0,0,0
113900226,0,0,0
113900227,0,0,0
113900228,0,0,0
113900229,0,0,0
113900230,0,0,0
113900231,0,0,0
113900232,0,0,0
113900233,0,0,0
113900234,0,0,0
113900235,0,0,0
113900236,0,0,0
113900237,0,0,0
113900238,0,0,0
113900239,0,0,0
113900240,0,0,0
113900241,0,0,0
113900242,0,0,0
113900243,0,0,0
113900244,0,0,0
113900245,0,0,0
113900246,0,0,0
113900247,0,0,0
113900248,0,0,0
113900249,0,0,0
113900250,0,0,0
113900251,0,0,0
113900252,0,0,0
113900253,0,0,0
113900254,0,0,0
113900255,0,0,0
113900256,0,0,0
113900257,0,0,0
113900258,0,0,0
113900259,0,0,0
113900260,1,0,1
113900261,0,0,0
113900262,0,0,0
113900263,0,0,0
113900264,0,0,0
113900265,0,0,0
113900266,0,0,0
113900267,0,0,0
113900268,0,0,0
113900269,0,0,0
113900270,0,0,0
113900271,0,0,0
113900273,0,0,0
113900274,0,0,0
113900275,0,0,0
113900276,0,0,0
113900277,0,0,0
113900278,0,0,0
113900279,0,0,0
113900280,0,0,0
113900281,0,0,0
113900282,0,0,0
113900283,0,0,0
113900284,0,0,0
113900285,0,0,0
113900286,0,0,0
113900287,0,0,0
113900288,0,0,0
113900289,0,0,0
113900290,0,0,0
113900291,0,0,0
113900292,0,0,0
113900293,0,0,0
113900294,0,0,0
113900295,7,11,-4
113900296,0,0,0
113900297,0,0,0
113900298,0,0,0
113900299,0,0,0
113900300,0,0,0
113900301,0,0,0
113900302,0,0,0
113900303,0,0,0
113900304,0,0,0
113900305,0,0,0
113900306,0,0,0
113900307,0,0,0
113900308,0,0,0
113900309,0,0,0
113900310,0,0,0
113900311,0,0,0
113900312,0,0,0
113900313,0,0,0
114000001,251,123,128
114000002,65,37,28
114000003,0,0,0
114000004,0,0,0
114000005,0,0,0
114000006,0,0,0
114000007,0,0,0
114000008,3,40,-37
114000009,6,55,-49
114000011,872,227,645
114000012,528,93,435
114000013,227,175,52
114000014,0,0,0
114000015,0,0,0
114000016,0,0,0
114000017,23,8,15
114000018,0,0,0
114000026,269,125,144
114000027,381,133,248
114000028,355,311,44
114000038,0,0,0
114000039,0,0,0
114000040,9,4,5
114000042,0,0,0
114000043,0,0,0
114000044,23,2,21
114000045,0,0,0
114000046,0,0,0
114000047,0,0,0
114000048,1,30,-29
114000049,33,81,-48
114000050,5,113,-108
114000051,36,218,-182
114000052,21,119,-98
114000053,0,0,0
114000054,0,0,0
114000055,0,0,0
114000056,0,0,0
114000057,336,155,181
114000058,0,0,0
114000059,0,0,0
114000060,0,0,0
114000061,106,145,-39
114000062,38,155,-117
114000063,16,1,15
114000064,22,2,20
114000065,34,32,2
114000066,45,32,13
114000067,3,6,-3
114000068,36,2,34
114000069,51,0,51
114000070,884,383,501
114000071,0,0,0
114000072,0,0,0
114000073,4,1,3
114000074,0,0,0
114000075,8,0,8
114000076,27,4,23
114000077,18,0,18
114000078,0,0,0
114000079,0,0,0
114000080,0,8,-8
114000081,50,6,44
114000082,0,0,0
114000083,0,0,0
114000084,0,0,0
114000085,0,0,0
114000086,0,0,0
114000087,0,0,0
114000088,2,3,-1
114000089,2,6,-4
114000090,117,72,45
114000091,65,56,9
114000092,61,22,39
114000093,88,44,44
114000094,84,36,48
114000095,17,18,-1
114000096,0,0,0
114000097,0,0,0
114000098,56,2,54
114000099,0,0,0
114000100,1056,10,1046
114000101,0,0,0
114000102,100,23,77
114000103,0,0,0
114000104,0,0,0
114000105,0,0,0
114000106,0,0,0
114000107,0,0,0
114000108,0,0,0
114000109,401,217,184
114000110,0,0,0
114000111,497,149,348
114000112,0,0,0
114000113,401,25,376
114000114,0,0,0
114000115,571,120,451
114000116,318,117,201
114000117,1248,66,1182
114000118,693,100,593
114000119,730,75,655
114000120,104,2,102
114000121,0,0,0
114000122,166,10,156
114000123,440,41,399
114000124,89,50,39
114000125,41,120,-79
114000126,341,23,318
114000127,8,8,0
114000128,34,7,27
114000130,7,18,-11
114000131,16,21,-5
114000132,0,0,0
114000133,0,0,0
114000134,0,0,0
114000138,0,0,0
114000139,10,56,-46
114000144,130,87,43
114000145,0,0,0
114000146,0,0,0
114000147,365,98,267
114000148,56,63,-7
114000149,1,99,-98
114000150,0,0,0
114000151,85,101,-16
114000152,0,16,-16
114000153,0,1,-1
114000154,111,26,85
114000155,312,158,154
114000156,52,24,28
114000157,82,94,-12
114000158,0,0,0
114000159,0,0,0
114000160,0,0,0
114000161,125,550,-425
114000162,777,679,98
114000163,0,0,0
114000165,2,67,-65
114000166,19,29,-10
114000167,227,104,123
114000168,0,0,0
114000169,321,324,-3
114000170,672,234,438
114000171,1035,182,853
114000174,0,0,0
114000176,0,0,0
114000177,0,0,0
114000178,12,15,-3
114000179,270,75,195
114000180,0,0,0
114000181,231,675,-444
114000182,216,194,22
114000183,177,88,89
114000184,59,165,-106
114000185,380,130,250
114000189,332,16,316
114000190,880,17,863
114000191,0,0,0
114000192,0,30,-30
114000193,0,0,0
114000194,236,11,225
114000195,0,0,0
114000196,0,0,0
114000197,370,0,370
114000198,0,0,0
114000199,0,0,0
114000200,18,25,-7
114000201,1,0,1
114000202,193,63,130
114000203,44,17,27
114000204,0,0,0
114000205,0,2,-2
114000206,0,0,0
114000207,3,124,-121
114000208,4,42,-38
114000209,10,74,-64
114000210,0,74,-74
114000211,791,262,529
114000212,86,323,-237
114000213,641,350,291
114000214,24,0,24
114000215,0,0,0
114000216,391,121,270
114000217,162,20,142
114000218,3,0,3
114000219,291,19,272
114000220,0,44,-44
114000221,230,34,196
114000222,14,38,-24
114000223,312,44,268
114000224,4,39,-35
114000225,30,32,-2
114000226,129,43,86
114000227,310,126,184
114000228,356,86,270
114000229,140,21,119
114000230,682,114,568
114000231,90,43,47
114000232,412,80,332
114000233,928,135,793
114000234,620,144,476
114000235,157,42,115
114000236,0,0,0
114000237,14,5,9
114000238,0,140,-140
114000239,0,2,-2
114000240,149,70,79
114000241,29,67,-38
114000242,109,38,71
114000243,699,281,418
114000244,515,153,362
114000245,0,0,0
114000246,0,0,0
114000247,226,71,155
114000248,326,164,162
114000249,197,184,13
114000250,198,6,192
114000251,102,32,70
114000252,0,0,0
114000253,2,2,0
114000254,0,0,0
114000255,0,0,0
114000256,34,53,-19
114000257,1,183,-182
114000258,49,6,43
114000259,0,14,-14
114000260,0,0,0
114000261,132,21,111
114000262,0,0,0
114000263,47,0,47
114000264,0,0,0
114000265,0,0,0
114000267,3,311,-308
114000268,0,0,0
114000270,33,6,27
114000271,95,0,95
114000283,355,31,324
114000285,0,0,0
114000288,0,7,-7
114000289,0,0,0
114000293,61,8,53
114000294,0,0,0
114000395,466,5,461
114000396,114,104,10
114000402,0,0,0
114000403,41,16,25
114000405,39,10,29
114000423,134,18,116
114000424,68,12,56
114000425,217,26,191
114000426,60,34,26
114000427,0,0,0
114000428,0,0,0
114000429,0,0,0
114000432,2,0,2
114000434,0,0,0
114000435,0,0,0
114000436,2,0,2
114000437,102,153,-51
114900001,0,0,0
114900002,0,0,0
114900003,0,0,0
114900004,0,0,0
114900005,0,0,0
114900006,0,0,0
114900007,0,0,0
114900008,0,0,0
114900010,0,0,0
114900011,0,0,0
114900013,0,0,0
114900015,0,0,0
114900018,0,0,0
114900020,0,0,0
114900022,0,0,0
114900024,0,0,0
114900025,0,0,0
114900026,0,0,0
114900027,0,0,0
114900029,0,0,0
114900030,0,0,0
114900031,0,0,0
114900032,0,0,0
114900033,0,0,0
114900034,0,0,0
114900035,0,0,0
114900036,0,0,0
114900037,0,0,0
114900038,0,0,0
114900039,0,0,0
114900040,0,0,0
114900041,0,0,0
114900042,0,0,0
114900043,0,0,0
114900044,0,0,0
114900046,0,0,0
114900047,0,0,0
114900048,0,0,0
114900049,0,0,0
114900050,0,0,0
114900051,0,0,0
114900052,0,0,0
114900053,0,0,0
114900054,0,0,0
114900057,0,0,0
114900058,0,0,0
114900059,0,0,0
114900060,0,0,0
114900061,0,0,0
114900062,0,0,0
114900063,0,0,0
114900064,0,0,0
114900065,0,0,0
114900067,0,0,0
114900068,0,0,0
114900069,0,0,0
114900070,0,0,0
114900072,0,0,0
114900073,0,0,0
114900074,0,0,0
114900075,0,0,0
114900076,0,0,0
114900080,0,0,0
114900082,0,0,0
114900083,0,0,0
114900090,0,0,0
114900091,0,0,0
114900095,0,0,0
114900096,0,0,0
114900097,0,0,0
114900098,0,0,0
114900099,0,0,0
115000001,150,147,3
115000002,1745,550,1195
115000003,171,176,-5
115000004,1461,1122,339
115000005,47,119,-72
115000006,656,441,215
115000007,0,0,0
115000008,110,157,-47
115000009,0,0,0
115000010,155,296,-141
115000013,0,0,0
115000015,0,0,0
115000016,0,0,0
115000019,34,128,-94
115000020,0,0,0
115000021,2,337,-335
115000022,11,76,-65
115000023,461,202,259
115000024,6,60,-54
115000025,519,211,308
115000026,0,0,0
115000027,250,148,102
115000028,0,4,-4
115000029,494,22,472
115000030,0,52,-52
115000031,716,32,684
115000032,0,0,0
115000033,115,6,109
115000034,0,0,0
115000035,734,2,732
115000036,0,0,0
115000037,367,1,366
115000038,1,36,-35
115000039,12,68,-56
115000040,158,50,108
115000041,24,47,-23
115000042,107,42,65
115000043,1081,606,475
115000044,574,93,481
115000045,218,26,192
115000046,740,276,464
115000047,1178,239,939
115000048,132,72,60
115000049,91,289,-198
115000050,1465,336,1129
115000051,475,327,148
115000052,159,115,44
115000053,342,272,70
115000054,68,39,29
115000055,0,0,0
115000056,36,24,12
115000057,0,0,0
115000058,48,6,42
115000059,0,0,0
115000061,22,3,19
115000062,0,0,0
115000063,0,0,0
115000064,80,4,76
115000065,0,0,0
115000067,2,3,-1
115000069,0,0,0
115000070,0,27,-27
115000071,47,4,43
115000072,0,0,0
115000073,397,7,390
115000075,0,0,0
115000076,583,316,267
115000077,212,198,14
115000078,261,168,93
115000079,289,219,70
115000080,468,271,197
115000081,0,0,0
115000082,1146,709,437
115000083,0,0,0
115000084,781,221,560
115000085,0,0,0
115000086,621,25,596
115000087,0,0,0
115000088,883,199,684
115000089,0,0,0
115000090,129,113,16
115000091,75,40,35
115000092,367,9,358
115000093,481,32,449
115000094,1765,439,1326
115000095,1027,324,703
115000096,217,43,174
115000097,299,52,247
115000098,311,49,262
115000099,850,249,601
115000100,719,121,598
115000101,3,16,-13
115000102,273,86,187
115000103,28,2,26
115000105,0,12,-12
115000106,275,68,207
115000107,1,38,-37
115000108,104,98,6
115000109,1088,1109,-21
115000110,84,141,-57
115000111,4,94,-90
115000112,82,37,45
115000113,52,73,-21
115000114,56,17,39
115000116,86,87,-1
115000117,110,39,71
115000118,124,177,-53
115000119,47,78,-31
115000120,17,256,-239
115000121,118,124,-6
115000122,219,58,161
115000123,174,380,-206
115000124,80,23,57
115000125,74,61,13
115000126,48,18,30
115000127,12,0,12
115000128,5,21,-16
115000129,50,6,44
115000130,87,13,74
115000131,75,16,59
115000132,144,4,140
115000133,83,28,55
115000134,58,3,55
115000135,41,4,37
115000136,116,7,109
115000137,0,0,0
115000138,186,21,165
115000139,0,0,0
115000140,187,52,135
115000141,0,0,0
115000142,0,0,0
115000143,229,48,181
115000144,0,0,0
115000145,0,0,0
115000146,138,102,36
115000147,0,0,0
115000148,20,39,-19
115000149,2,14,-12
115000150,37,11,26
115000151,33,36,-3
115000152,8,5,3
115000153,22,21,1
115000154,17,6,11
115000155,22,8,14
115000156,20,64,-44
115000157,7,12,-5
115000158,18,20,-2
115000159,1,2,-1
115000160,1,0,1
115000161,165,105,60
115000162,339,72,267
115000163,0,0,0
115000164,0,0,0
115000165,97,89,8
115000167,66,2,64
115000168,90,30,60
115000169,0,0,0
115000170,0,0,0
115000171,80,107,-27
115000172,0,0,0
115000173,5,12,-7
115000174,26,28,-2
115000175,0,0,0
115000176,0,0,0
115000177,0,0,0
115000178,0,0,0
115000179,19,0,19
115000180,0,0,0
115000181,154,5,149
115000182,299,13,286
115000183,0,0,0
115000186,163,2,161
115000187,49,37,12
115000188,167,19,148
115000189,13,61,-48
115000190,564,23,541
115000191,11,60,-49
115000194,0,0,0
115000195,14,5,9
115000196,2,0,2
115000197,0,0,0
115000198,48,1,47
115000199,0,0,0
115000200,27,1,26
115000201,0,0,0
115000206,313,2,311
115000207,0,0,0
115000208,28,70,-42
115000209,475,6,469
115000210,33,127,-94
115000211,11,4,7
115000212,10,1,9
115000218,0,0,0
115000219,0,0,0
115000224,0,0,0
115000225,0,0,0
115000229,6,4,2
115000230,0,2,-2
115000231,56,10,46
115000232,396,3,393
115000233,0,0,0
115000234,0,0,0
115000241,0,0,0
115000242,0,0,0
115000243,0,0,0
115000244,0,0,0
115000246,0,0,0
115000247,0,0,0
115000248,0,0,0
115000249,0,0,0
115000250,0,0,0
115000251,0,0,0
115000252,0,0,0
115000253,0,0,0
115000258,0,0,0
115000259,0,0,0
115000261,0,0,0
115000262,0,0,0
115000263,0,0,0
115000264,0,0,0
115000267,0,0,0
115000268,0,0,0
115000269,0,0,0
115000270,0,0,0
115000272,3,5,-2
115000273,0,0,0
115000274,0,0,0
115000280,19,525,-506
115000281,0,0,0
115000282,213,431,-218
115000284,0,0,0
115000296,381,4,377
115000297,8,302,-294
115000298,0,0,0
115000300,0,0,0
115000302,83,1,82
115000303,146,2,144
115000304,119,19,100
115000305,0,0,0
115000306,0,0,0
115000307,0,0,0
115000308,0,0,0
115000309,0,0,0
115000310,0,0,0
115000311,407,77,330
115000313,0,0,0
115000314,53,13,40
115000315,11,71,-60
115000316,0,0,0
115000317,93,23,70
115000318,420,2,418
115000319,0,33,-33
115000320,1,69,-68
115000321,40,1,39
115000322,2,53,-51
115000449,0,0,0
115000557,0,0,0
115000558,100,4,96
115000587,15,4,11
115000588,123,217,-94
115000589,1934,1069,865
115000590,48,60,-12
115000591,571,429,142
115000592,28,110,-82
115000593,754,219,535
115000594,127,104,23
115000609,2,23,-21
115000617,170,90,80
115000624,0,0,0
115000633,296,159,137
115000634,1365,173,1192
115000635,398,55,343
115000638,0,0,0
115000641,0,0,0
115000642,194,15,179
115000643,0,25,-25
115000644,0,16,-16
115000646,142,83,59
115000647,58,27,31
115000648,266,28,238
115000893,1397,490,907
115000894,4,156,-152
115000895,14,117,-103
115000896,882,197,685
115000897,38,30,8
115000898,74,55,19
115000899,4,32,-28
115000900,2,44,-42
115000901,1,27,-26
115000912,120,6,114
115000913,0,0,0
115000915,0,0,0
115000916,1,0,1
115000917,0,0,0
115000918,0,0,0
115000919,0,0,0
115000920,0,0,0
115000921,0,0,0
115000922,46,291,-245
115000923,0,62,-62
115000925,0,0,0
115000927,0,0,0
115000933,0,12,-12
115000934,0,0,0
115000935,0,0,0
115900001,0,0,0
115900002,0,0,0
115900003,0,0,0
115900004,0,0,0
115900005,0,0,0
115900006,0,0,0
115900008,0,0,0
115900009,0,0,0
115900010,0,0,0
115900011,0,0,0
115900012,0,0,0
115900013,0,0,0
115900014,0,0,0
115900015,0,0,0
115900016,0,0,0
115900017,0,0,0
115900018,0,0,0
115900019,0,0,0
115900020,0,0,0
115900021,0,0,0
115900022,0,0,0
115900023,0,0,0
115900025,0,0,0
115900026,0,0,0
115900027,0,0,0
115900028,0,0,0
115900029,0,0,0
115900030,0,0,0
115900031,0,0,0
115900032,0,0,0
115900033,0,0,0
115900034,0,0,0
115900035,0,0,0
115900036,0,0,0
115900037,0,0,0
115900038,0,0,0
115900039,0,0,0
115900041,0,0,0
115900042,0,0,0
115900043,0,0,0
115900044,0,0,0
115900046,0,0,0
115900047,0,0,0
115900049,0,0,0
115900051,0,0,0
115900052,0,0,0
115900053,0,0,0
115900054,0,0,0
115900055,0,0,0
115900056,0,0,0
115900057,0,0,0
115900058,0,0,0
115900060,0,0,0
115900061,0,0,0
115900062,0,0,0
115900063,0,0,0
115900064,0,0,0
115900065,0,0,0
115900066,0,0,0
115900067,0,0,0
115900068,0,0,0
115900069,0,0,0
115900070,0,0,0
115900071,0,0,0
115900072,0,0,0
115900073,0,0,0
115900074,0,0,0
115900075,0,0,0
115900076,0,0,0
115900077,0,0,0
115900078,0,0,0
115900079,0,0,0
115900080,0,0,0
115900081,0,0,0
115900082,0,0,0
115900084,0,0,0
115900085,0,0,0
115900086,0,0,0
115900088,0,0,0
115900089,0,0,0
115900090,0,0,0
115900091,0,0,0
115900092,0,0,0
115900093,0,0,0
115900094,0,0,0
115900096,0,0,0
115900097,0,0,0
115900098,0,0,0
115900099,0,0,0
115900100,0,0,0
115900101,0,0,0
115900102,0,0,0
115900103,0,0,0
115900104,0,0,0
115900105,0,0,0
115900106,0,0,0
115900107,0,0,0
115900108,0,0,0
115900109,0,0,0
115900110,0,0,0
115900111,0,0,0
115900112,0,0,0
115900113,0,0,0
115900114,0,0,0
115900115,0,0,0
115900116,0,0,0
115900117,0,0,0
115900118,0,0,0
115900119,0,0,0
115900120,0,0,0
115900121,0,0,0
115900124,0,0,0
115900125,0,0,0
115900126,0,0,0
115900127,0,0,0
115900128,0,0,0
115900129,0,0,0
115900130,0,0,0
115900131,0,0,0
115900132,0,0,0
115900134,0,0,0
115900135,0,0,0
115900137,0,0,0
115900139,0,0,0
115900140,0,0,0
115900141,0,0,0
115900142,0,0,0
115900143,0,0,0
115900144,0,0,0
115900146,0,0,0
115900147,0,0,0
115900148,0,0,0
115900149,0,0,0
115900150,0,0,0
115900151,0,0,0
115900152,0,0,0
115900153,0,0,0
115900154,0,0,0
115900155,0,0,0
115900156,0,0,0
115900157,0,0,0
115900158,0,0,0
115900159,0,0,0
115900160,0,0,0
115900161,0,0,0
115900163,0,0,0
115900164,0,0,0
115900165,0,0,0
115900166,0,0,0
115900168,0,0,0
115900171,0,0,0
115900172,0,0,0
115900173,0,0,0
115900174,0,0,0
115900175,0,0,0
115900178,0,0,0
115900179,0,0,0
115900180,0,0,0
115900181,0,0,0
115900182,0,0,0
115900183,0,0,0
115900184,0,0,0
115900187,0,0,0
115900189,0,0,0
115900190,0,0,0
115900191,0,0,0
115900192,0,0,0
115900193,0,0,0
115900194,0,0,0
115900195,0,0,0
115900198,0,0,0
115900199,0,0,0
115900200,0,0,0
115900201,0,0,0
115900202,0,0,0
115900203,0,0,0
115900204,0,0,0
115900205,0,0,0
115900206,0,0,0
115900207,0,0,0
115900208,0,0,0
115900209,0,0,0
115900210,0,0,0
115900211,0,0,0
115900212,0,0,0
115900213,0,0,0
115900214,0,0,0
115900215,0,0,0
115900216,0,0,0
115900217,0,0,0
115900218,0,0,0
115900219,0,0,0
115900220,0,0,0
115900221,0,0,0
115900222,0,0,0
115900223,0,0,0
115900224,0,0,0
115900225,0,0,0
115900226,0,0,0
115900227,0,0,0
115900228,0,0,0
115900229,0,0,0
115900230,0,0,0
115900231,0,0,0
115900232,0,0,0
115900233,0,0,0
115900234,0,0,0
115900235,0,0,0
115900236,0,0,0
115900237,0,0,0
115900238,0,0,0
115900239,0,0,0
115900240,0,0,0
115900241,0,0,0
115900242,0,5,-5
115900243,0,0,0
115900244,0,0,0
115900245,0,0,0
115900246,0,0,0
115900247,0,0,0
115900248,0,0,0
115900249,0,0,0
115900250,0,0,0
115900251,0,0,0
115900252,0,0,0
115900253,0,0,0
115900254,0,0,0
115900255,0,0,0
115900256,0,0,0
115900257,0,0,0
115900258,0,0,0
115900259,0,0,0
115900260,0,0,0
115900261,0,0,0
115900262,0,0,0
115900263,0,0,0
115900264,0,0,0
115900265,0,0,0
115900266,0,0,0
115900267,0,0,0
115900268,0,0,0
115900269,0,0,0
115900270,0,0,0
115900271,0,0,0
115900272,0,0,0
115900273,0,0,0
115900274,0,0,0
115900275,0,0,0
115900276,0,0,0
115900277,0,0,0
115900278,0,0,0
115900279,0,0,0
115900280,0,0,0
115900281,0,0,0
116000001,164,247,-83
116000002,1660,2569,-909
116000003,54,141,-87
116000004,688,2154,-1466
116000005,24,79,-55
116000006,290,645,-355
116000007,177,235,-58
116000008,772,503,269
116000009,18,174,-156
116000010,737,711,26
116000011,38,221,-183
116000012,1000,337,663
116000013,181,509,-328
116000014,0,0,0
116000015,8,2,6
116000016,1142,64,1078
116000017,60,14,46
116000018,137,6,131
116000019,92,6,86
116000020,458,68,390
116000021,365,2,363
116000022,135,58,77
116000023,4,15,-11
116000024,257,30,227
116000025,3,42,-39
116000026,450,97,353
116000027,310,129,181
116000028,485,598,-113
116000029,0,0,0
116000030,478,419,59
116000031,0,0,0
116000032,152,3,149
116000033,346,215,131
116000034,1540,1096,444
116000035,307,89,218
116000036,12,100,-88
116000037,35,46,-11
116000038,11,88,-77
116000039,0,0,0
116000040,67,156,-89
116000041,0,0,0
116000042,281,228,53
116000043,0,0,0
116000044,0,0,0
116000045,2093,2127,-34
116000046,75,53,22
116000047,56,34,22
116000048,2468,1036,1432
116000049,1182,502,680
116000050,743,235,508
116000051,1601,363,1238
116000052,1016,203,813
116000053,798,379,419
116000054,0,0,0
116000055,0,0,0
116000056,340,907,-567
116000057,0,0,0
116000058,51,69,-18
116000059,520,2013,-1493
116000060,68,58,10
116000061,82,261,-179
116000062,14,17,-3
116000063,208,388,-180
116000066,46,462,-416
116000067,0,0,0
116000068,35,123,-88
116000069,0,0,0
116000078,172,454,-282
116000080,0,0,0
116000082,0,0,0
116000083,372,155,217
116000084,27,422,-395
116000085,397,99,298
116000086,9,109,-100
116000087,988,313,675
116000088,65,66,-1
116000089,0,0,0
116000090,0,0,0
116000091,0,0,0
116000093,442,136,306
116000094,1,40,-39
116000095,407,88,319
116000096,36,90,-54
116000097,622,20,602
116000098,0,324,-324
116000099,554,28,526
116000100,8,0,8
116000101,47,2,45
116000102,79,14,65
116000103,70,46,24
116000104,41,16,25
116000105,97,10,87
116000106,62,25,37
116000107,190,9,181
116000108,1,1,0
116000111,14,0,14
116000113,50,6,44
116000114,0,0,0
116000115,148,29,119
116000116,0,0,0
116000117,291,410,-119
116000118,0,0,0
116000119,1296,464,832
116000120,0,0,0
116000121,297,232,65
116000122,0,0,0
116000123,966,95,871
116000124,0,0,0
116000125,864,90,774
116000126,0,0,0
116000127,0,0,0
116000128,898,99,799
116000129,0,0,0
116000130,0,0,0
116000133,447,6,441
116000134,178,12,166
116000135,701,183,518
116000136,130,70,60
116000137,392,146,246
116000138,0,0,0
116000139,1032,918,114
116000140,8,11,-3
116000141,56,4,52
116000142,268,711,-443
116000143,514,230,284
116000144,149,249,-100
116000145,1414,413,1001
116000146,185,4,181
116000147,120,260,-140
116000148,0,29,-29
116000149,0,0,0
116000151,49,77,-28
116000153,148,785,-637
116000155,195,530,-335
116000156,19,51,-32
116000157,32,3,29
116000158,567,40,527
116000159,21,4,17
116000160,0,0,0
116000161,0,0,0
116000162,0,0,0
116000163,0,0,0
116000164,0,0,0
116000177,15,9,6
116000194,0,0,0
116000195,967,218,749
116000196,0,0,0
116000197,0,0,0
116000198,579,543,36
116000200,1,18,-17
116000201,0,0,0
116000202,0,1,-1
116000203,0,0,0
116000204,0,0,0
116000205,0,0,0
116000206,0,0,0
116000207,0,0,0
116000233,0,0,0
116000287,0,0,0
116000288,206,96,110
116000292,0,0,0
116000296,0,0,0
116000297,0,0,0
116000304,0,0,0
116000305,0,0,0
116000346,0,0,0
116000352,0,0,0
116000354,0,0,0
116000357,0,0,0
116000358,0,0,0
116000361,0,0,0
116000372,0,0,0
116000381,0,0,0
116000388,0,0,0
116000389,104,25,79
116000445,0,0,0
116000446,446,44,402
116000447,0,0,0
116000448,594,181,413
116000563,111,830,-719
116000565,0,0,0
116000568,0,0,0
116000579,0,0,0
116000584,0,0,0
116000585,0,0,0
116000586,0,0,0
116000587,619,0,619
116000589,0,0,0
116000590,2,5,-3
116000591,172,14,158
116000592,0,0,0
116000593,0,0,0
116000594,0,0,0
116000595,0,0,0
116000596,0,0,0
116000597,89,2,87
116000598,0,0,0
116000602,0,0,0
116000605,0,0,0
116000606,49,12,37
116000607,0,0,0
116000609,0,0,0
116000611,0,0,0
116000612,1115,455,660
116000613,489,118,371
116000614,0,0,0
116000615,0,0,0
116000616,0,0,0
116000617,0,0,0
116000618,0,0,0
116000619,0,1,-1
116000620,502,56,446
116000621,3,72,-69
116000622,85,34,51
116000624,0,1,-1
116000627,0,0,0
116000628,0,0,0
116000629,0,0,0
116000630,33,1,32
116000631,2,0,2
116000632,0,0,0
116000633,0,0,0
116000634,0,0,0
116000635,493,646,-153
116900001,0,0,0
116900002,0,0,0
116900003,0,0,0
116900004,0,0,0
116900005,0,0,0
116900006,0,0,0
116900007,0,0,0
116900008,0,0,0
116900009,0,0,0
116900010,0,0,0
116900011,0,0,0
116900012,0,0,0
116900013,0,0,0
116900014,0,0,0
116900015,0,0,0
116900016,0,0,0
116900017,0,0,0
116900018,0,0,0
116900019,0,0,0
116900020,0,0,0
116900023,0,0,0
116900024,0,0,0
116900025,0,0,0
116900026,0,0,0
116900027,0,0,0
116900028,0,0,0
116900029,0,0,0
116900031,0,0,0
116900032,0,0,0
116900033,0,0,0
116900034,0,0,0
116900035,0,0,0
116900036,0,0,0
116900038,0,0,0
116900041,0,0,0
116900042,0,0,0
116900043,0,0,0
116900045,0,0,0
116900047,0,0,0
116900049,0,0,0
116900050,0,0,0
116900051,0,0,0
116900052,0,0,0
116900055,0,0,0
116900057,0,0,0
116900058,0,0,0
116900059,0,0,0
116900060,0,0,0
116900062,0,0,0
116900064,0,0,0
116900065,0,0,0
116900067,0,0,0
116900068,0,0,0
116900070,0,0,0
116900072,0,0,0
116900073,0,0,0
116900074,0,0,0
116900076,0,0,0
116900077,0,0,0
116900078,0,0,0
116900079,0,0,0
116900080,0,0,0
116900081,0,0,0
116900082,0,0,0
116900083,0,0,0
116900084,0,0,0
116900085,0,0,0
116900086,0,0,0
116900088,0,0,0
116900090,0,0,0
116900091,0,0,0
116900092,0,0,0
116900093,0,0,0
116900094,0,0,0
116900095,0,0,0
116900096,0,0,0
116900097,0,0,0
116900098,0,0,0
116900099,0,0,0
116900100,0,0,0
116900101,0,0,0
116900103,0,0,0
116900104,0,0,0
116900105,0,0,0
116900106,0,0,0
116900107,0,0,0
116900110,0,0,0
116900111,342,1,341
116900112,129,2,127
116900113,75,44,31
116900116,0,0,0
116900117,0,0,0
116900118,0,0,0
116900120,0,0,0
116900121,0,0,0
116900122,0,0,0
116900123,0,0,0
116900124,0,0,0
116900125,0,0,0
116900126,0,0,0
116900128,0,0,0
116900129,0,0,0
116900130,0,0,0
116900131,0,0,0
116900132,0,0,0
116900133,0,0,0
116900134,0,0,0
116900136,0,0,0
116900137,0,0,0
116900138,0,0,0
116900139,0,0,0
116900140,0,0,0
116900141,0,0,0
116900142,0,0,0
116900143,10,137,-127
116900144,0,0,0
116900145,0,0,0
116900147,0,0,0
116900148,0,0,0
116900149,0,0,0
116900150,0,0,0
116900151,0,0,0
116900153,0,0,0
116900154,0,0,0
116900155,0,0,0
116900157,0,0,0
116900158,0,0,0
116900159,0,0,0
116900160,0,0,0
116900161,1,0,1
116900162,0,0,0
116900163,0,0,0
116900164,0,0,0
116900165,0,0,0
116900166,0,0,0
116900167,0,0,0
116900168,0,0,0
116900169,0,0,0
116900170,0,0,0
116900171,0,0,0
116900172,0,0,0
116900173,0,0,0
116900174,0,0,0
116900175,0,0,0
116900178,0,0,0
116900179,0,0,0
116900180,0,0,0
116900182,66,1,65
116900183,0,0,0
116900185,0,0,0
116900186,0,0,0
116900187,0,0,0
116900188,0,0,0
116900189,0,0,0
116900191,0,0,0
116900192,0,0,0
116900194,0,0,0
116900195,0,0,0
116900196,0,0,0
116900197,0,0,0
116900198,0,0,0
116900200,0,0,0
116900201,0,0,0
116900202,0,0,0
116900203,0,0,0
116900204,0,0,0
116900206,0,0,0
116900207,0,0,0
116900208,0,0,0
116900209,0,0,0
116900210,0,0,0
116900211,0,0,0
116900212,0,0,0
116900213,0,0,0
116900214,0,0,0
116900215,0,0,0
116900216,0,0,0
116900218,0,0,0
116900219,0,0,0
116900220,0,0,0
116900221,0,0,0
116900222,209,89,120
116900223,0,0,0
116900226,0,0,0
116900227,0,0,0
116900228,0,0,0
116900230,0,0,0
116900231,0,0,0
116900232,0,0,0
116900233,0,0,0
116900234,0,0,0
116900235,0,0,0
116900238,0,0,0
116900239,0,0,0
116900240,0,0,0
116900241,0,0,0
116900242,0,0,0
116900243,0,0,0
116900245,0,0,0
116900246,0,0,0
116900247,0,0,0
116900248,0,0,0
116900249,0,0,0
116900250,0,0,0
116900251,0,0,0
116900252,137,3,134
116900253,0,0,0
116900254,0,0,0
116900255,0,0,0
116900256,0,0,0
116900257,0,0,0
116900258,0,0,0
116900259,0,0,0
116900260,0,0,0
116900261,0,0,0
116900262,0,0,0
116900263,0,0,0
116900264,0,0,0
116900265,0,0,0
116900266,0,0,0
116900267,0,0,0
116900268,0,0,0
116900269,242,102,140
116900271,0,0,0
116900272,0,0,0
116900273,0,0,0
116900274,0,0,0
116900275,0,0,0
116900276,118,0,118
116900277,0,0,0
116900278,0,0,0
116900279,0,0,0
116900280,0,0,0
116900281,0,0,0
116900282,0,0,0
116900283,0,0,0
116900284,0,0,0
116900285,0,0,0
116900286,0,0,0
116900287,0,0,0
116900288,0,0,0
116900289,0,0,0
116900290,0,0,0
116900291,0,0,0
116900292,0,0,0
116900293,0,0,0
116900294,0,0,0
116900295,0,0,0
116900296,0,0,0
116900297,0,0,0
116900298,0,0,0
116900299,0,0,0
116900300,0,0,0
116900301,0,0,0
116900302,37,38,-1
116900303,0,0,0
116900304,0,0,0
116900305,0,0,0
116900306,13,0,13
117000001,1284,653,631
117000002,145,98,47
117000003,2319,1117,1202
117000004,253,197,56
117000005,1516,726,790
117000006,131,153,-22
117000007,2749,762,1987
117000008,150,180,-30
117000009,2064,461,1603
117000010,173,144,29
117000011,1173,341,832
117000012,183,70,113
117000013,1139,172,967
117000014,19,312,-293
117000015,763,229,534
117000016,86,7,79
117000017,62,22,40
117000018,0,37,-37
117000019,12,1,11
117000020,9,37,-28
117000021,19,4,15
117000022,48,14,34
117000023,23,2,21
117000024,0,0,0
117000025,0,0,0
117000026,777,1104,-327
117000027,0,0,0
117000028,300,123,177
117000030,145,66,79
117000031,87,86,1
117000032,264,275,-11
117000033,742,890,-148
117000034,101,64,37
117000035,240,56,184
117000036,71,81,-10
117000037,223,38,185
117000038,192,74,118
117000039,221,68,153
117000040,0,0,0
117000041,549,26,523
117000044,0,0,0
117000045,35,59,-24
117000046,0,0,0
117000047,786,293,493
117000048,0,0,0
117000049,5,104,-99
117000050,30,11,19
117000051,712,284,428
117000052,0,0,0
117000053,0,0,0
117000054,1351,87,1264
117000055,0,35,-35
117000056,437,60,377
117000057,0,32,-32
117000060,0,0,0
117000061,621,372,249
117000062,0,0,0
117000063,303,97,206
117000064,0,0,0
117000066,9,13,-4
117000067,23,63,-40
117000074,0,34,-34
117000076,0,0,0
117000077,83,43,40
117000078,0,0,0
117000079,77,20,57
117000080,0,0,0
117000081,198,6,192
117000082,0,0,0
117000083,55,2,53
117000084,32,0,32
117000085,21,26,-5
117000086,268,166,102
117000087,20,84,-64
117000088,251,73,178
117000089,1284,242,1042
117000090,2,55,-53
117000091,747,121,626
117000092,0,35,-35
117000093,1319,285,1034
117000094,63,61,2
117000095,2230,193,2037
117000096,8,62,-54
117000097,1418,220,1198
117000098,28,61,-33
117000099,1687,291,1396
117000100,0,0,0
117000101,0,0,0
117000102,935,368,567
117000103,40,78,-38
117000104,824,239,585
117000105,11,62,-51
117000106,950,236,714
117000107,64,16,48
117000108,1126,544,582
117000109,206,14,192
117000110,989,977,12
117000111,2652,1862,790
117000112,1001,585,416
117000113,0,0,0
117000114,2,3,-1
117000115,0,0,0
117000116,1,3,-2
117000117,225,178,47
117000118,21,29,-8
117000119,10,62,-52
117000120,0,46,-46
117000121,1,99,-98
117000122,12,151,-139
117000123,134,40,94
117000124,3,2,1
117000125,1,0,1
117000126,0,1,-1
117000127,12,0,12
117000128,2,2,0
117000129,70,84,-14
117000130,8,0,8
117000131,0,0,0
117000132,1848,66,1782
117000133,0,0,0
117000134,0,0,0
117000135,0,0,0
117000136,0,0,0
117000137,0,0,0
117000138,3,0,3
117000140,13,46,-33
117000141,1031,144,887
117000181,0,0,0
117000182,0,0,0
117000195,0,0,0
117000196,0,0,0
117000225,0,0,0
117000226,0,0,0
117000276,0,0,0
117000277,0,0,0
117000310,0,460,-460
117000315,0,0,0
117000320,21,0,21
117000906,100,2,98
117000907,0,0,0
117000908,0,0,0
117000909,0,38,-38
117000910,0,0,0
117000911,1,69,-68
117000915,0,0,0
117000916,66,10,56
117000917,316,51,265
117000918,61,41,20
117000919,0,1,-1
117000920,0,22,-22
117000921,0,0,0
117000922,14,7,7
117000924,175,344,-169
117000926,55,1,54
117000927,148,479,-331
117000928,0,0,0
117000929,0,0,0
117000930,0,0,0
117000931,0,0,0
117900002,0,0,0
117900003,0,0,0
117900005,0,0,0
117900006,0,0,0
117900007,0,0,0
117900008,0,0,0
117900010,0,0,0
117900011,0,0,0
117900012,0,0,0
117900013,0,0,0
117900014,0,0,0
117900015,0,0,0
117900016,0,0,0
117900017,0,0,0
117900018,0,0,0
117900019,0,0,0
117900020,0,0,0
117900021,0,0,0
117900022,0,0,0
117900023,0,0,0
117900024,0,0,0
117900025,0,0,0
117900026,0,0,0
117900028,0,0,0
117900029,0,0,0
117900030,0,0,0
117900031,0,0,0
117900032,0,0,0
117900033,0,0,0
117900034,0,0,0
117900035,0,0,0
117900036,0,0,0
117900037,0,0,0
117900038,0,0,0
117900039,0,0,0
117900040,0,0,0
117900041,0,0,0
117900042,0,0,0
117900043,0,0,0
117900044,0,0,0
117900045,0,0,0
117900048,0,0,0
117900049,0,0,0
117900050,0,0,0
117900051,0,0,0
117900052,0,0,0
117900053,0,0,0
117900054,0,0,0
117900055,0,0,0
117900056,0,0,0
117900057,0,0,0
117900058,0,0,0
117900059,0,0,0
117900060,0,0,0
117900061,0,0,0
117900063,0,0,0
117900065,0,0,0
117900066,0,0,0
117900067,0,0,0
117900069,0,0,0
117900070,0,0,0
117900071,0,0,0
117900073,0,0,0
117900074,0,0,0
117900075,0,0,0
117900076,0,0,0
117900077,0,0,0
117900078,0,0,0
117900080,0,0,0
117900081,0,0,0
117900082,0,0,0
117900083,0,0,0
117900086,0,0,0
117900087,0,0,0
117900088,0,0,0
117900089,0,0,0
117900090,0,0,0
117900091,0,0,0
117900092,0,0,0
117900093,0,0,0
117900094,0,0,0
117900095,0,0,0
117900096,0,0,0
117900097,0,0,0
117900098,0,0,0
117900099,0,0,0
117900100,0,0,0
117900101,0,0,0
117900102,0,0,0
117900103,0,0,0
117900104,0,0,0
117900105,0,0,0
117900106,0,0,0
117900107,0,0,0
117900109,0,0,0
117900110,0,0,0
117900111,0,1,-1
117900112,0,0,0
117900113,0,0,0
117900114,0,0,0
117900115,0,0,0
117900116,0,0,0
117900117,0,0,0
117900118,10,0,10
117900119,0,0,0
117900120,0,0,0
117900121,3,0,3
117900122,0,0,0
117900123,0,0,0
117900124,0,0,0
117900125,0,0,0
117900126,0,0,0
117900127,0,0,0
117900128,0,0,0
117900129,0,0,0
117900130,0,0,0
117900131,0,0,0
117900132,0,0,0
117900133,0,0,0
117900134,0,0,0
117900135,0,0,0
117900136,0,0,0
117900137,0,0,0
117900138,0,0,0
117900139,0,0,0
117900140,2,0,2
117900141,0,0,0
117900142,0,0,0
117900144,0,0,0
117900145,0,0,0
117900146,0,0,0
117900147,0,0,0
117900148,0,0,0
117900149,0,0,0
117900150,0,0,0
117900151,0,0,0
117900152,0,0,0
117900153,0,0,0
117900154,0,0,0
117900156,0,0,0
117900157,0,0,0
117900158,0,0,0
117900160,0,0,0
117900161,0,0,0
117900162,0,0,0
117900163,0,0,0
117900165,0,0,0
117900166,0,0,0
117900168,0,0,0
117900169,0,0,0
117900170,0,0,0
117900171,0,0,0
117900172,0,0,0
117900173,0,0,0
117900174,0,0,0
117900175,0,0,0
117900176,0,0,0
117900177,0,0,0
117900178,0,0,0
117900180,0,0,0
117900181,0,0,0
117900182,0,0,0
117900183,0,0,0
117900184,0,0,0
117900185,0,0,0
117900186,0,0,0
117900187,0,0,0
117900188,0,0,0
117900189,0,0,0
117900190,0,0,0
117900191,0,0,0
117900192,0,0,0
117900193,0,0,0
117900194,0,0,0
117900195,0,0,0
117900196,0,0,0
117900207,0,0,0
117900208,0,0,0
117900209,0,0,0
117900210,0,0,0
117900211,0,0,0
117900212,0,0,0
117900213,0,0,0
117900214,0,0,0
117900215,0,0,0
117900216,0,0,0
117900217,0,0,0
117900218,0,0,0
117900219,0,0,0
117900220,0,0,0
117900221,0,0,0
118000001,360,981,-621
118000002,6,103,-97
118000003,1139,1878,-739
118000004,28,61,-33
118000005,2197,1966,231
118000006,170,284,-114
118000007,118,763,-645
118000008,185,625,-440
118000009,52,266,-214
118000010,104,326,-222
118000011,0,0,0
118000012,0,0,0
118000013,0,0,0
118000014,0,0,0
118000016,0,0,0
118000017,105,109,-4
118000018,0,0,0
118000019,13,10,3
118000020,0,123,-123
118000021,2,132,-130
118000022,84,61,23
118000023,284,254,30
118000024,280,286,-6
118000025,4,24,-20
118000027,334,359,-25
118000029,68,476,-408
118000032,178,732,-554
118000033,1002,1612,-610
118000034,91,427,-336
118000035,76,397,-321
118000036,53,198,-145
118000037,0,4,-4
118000038,56,136,-80
118000039,0,0,0
118000040,255,236,19
118000041,0,0,0
118000045,4,70,-66
118000046,3,230,-227
118000047,0,27,-27
118000048,59,99,-40
118000051,41,371,-330
118000052,22,176,-154
118000053,21,43,-22
118000054,50,124,-74
118000055,16,115,-99
118000056,0,0,0
118000057,0,11,-11
118000058,0,1,-1
118000059,3,81,-78
118000060,39,11,28
118000061,27,116,-89
118000062,0,0,0
118000063,1,36,-35
118000064,11,193,-182
118000065,229,114,115
118000066,0,276,-276
118000067,3,47,-44
118000068,5,170,-165
118000069,4,20,-16
118000070,26,28,-2
118000071,93,144,-51
118000072,226,500,-274
118000073,20,99,-79
118000074,1,21,-20
118000075,1,35,-34
118000076,809,2490,-1681
118000077,0,0,0
118000078,788,1134,-346
118000079,3,92,-89
118000080,0,0,0
118000081,295,681,-386
118000082,0,0,0
118000083,0,0,0
118000084,0,0,0
118000086,0,0,0
118000087,134,253,-119
118000088,200,507,-307
118000089,446,221,225
118000090,10,186,-176
118000091,61,237,-176
118000092,0,0,0
118000093,0,0,0
118000096,0,0,0
118000097,0,0,0
118000098,0,0,0
118000099,0,0,0
118000101,487,217,270
118000102,82,36,46
118000107,54,10,44
118000108,28,10,18
118000110,0,0,0
118000111,0,0,0
118000112,141,0,141
118000113,0,0,0
118000114,85,0,85
118000115,1,0,1
118000116,1,1,0
118000117,53,7,46
118000118,229,330,-101
118000119,381,333,48
118000120,48,7,41
118000121,0,0,0
118000122,0,0,0
118000123,0,0,0
118000125,0,0,0
118000126,6,17,-11
118000127,127,307,-180
118000128,0,0,0
118000129,142,71,71
118000130,7,64,-57
118000131,16,90,-74
118000132,107,257,-150
118000133,133,101,32
118000135,202,242,-40
118000136,2,18,-16
118000137,0,0,0
118000138,0,0,0
118000139,0,0,0
118000140,34,109,-75
118000141,1407,1077,330
118000142,117,81,36
118000143,588,582,6
118000144,117,129,-12
118000145,381,135,246
118000146,368,44,324
118000147,335,70,265
118000148,34,169,-135
118000149,0,0,0
118000150,584,145,439
118000151,56,36,20
118000153,663,574,89
118000154,420,366,54
118000155,507,538,-31
118000156,267,143,124
118000157,210,113,97
118000158,0,0,0
118000159,102,203,-101
118000160,657,310,347
118000161,0,0,0
118000162,228,110,118
118000163,190,203,-13
118000164,784,261,523
118000168,0,0,0
118000169,0,0,0
118000170,32,29,3
118000171,30,5,25
118000172,2,4,-2
118000173,128,65,63
118000175,353,521,-168
118000176,235,555,-320
118000177,203,317,-114
118000178,0,0,0
118000179,739,865,-126
118000180,781,466,315
118000181,37,16,21
118000182,77,111,-34
118000183,55,53,2
118000184,807,263,544
118000185,0,0,0
118000186,0,0,0
118000187,0,0,0
118000188,0,0,0
118000189,0,0,0
118000190,0,0,0
118000191,0,0,0
118000192,0,25,-25
118000193,0,0,0
118000194,671,962,-291
118000195,15,49,-34
118000196,0,0,0
118000197,7,4,3
118000198,4,62,-58
118000199,223,143,80
118000200,0,0,0
118000201,0,0,0
118000202,0,0,0
118000203,0,0,0
118000204,2,14,-12
118000205,40,16,24
118000206,128,36,92
118000207,0,0,0
118000208,310,547,-237
118000209,237,76,161
118000210,51,16,35
118000211,14,26,-12
118000213,12,158,-146
118000214,46,42,4
118000215,0,0,0
118000216,0,0,0
118000217,0,0,0
118000218,0,0,0
118000219,0,0,0
118000220,2,29,-27
118000221,0,0,0
118000222,0,0,0
118000223,19,15,4
118000224,0,0,0
118000225,0,0,0
118000226,24,0,24
118000227,40,48,-8
118000228,0,14,-14
118000229,0,0,0
118000230,0,0,0
118000231,0,0,0
118000232,0,0,0
118000233,193,40,153
118000234,0,0,0
118000236,0,0,0
118000237,0,0,0
118000238,0,0,0
118000239,198,44,154
118000240,0,0,0
118000241,0,0,0
118000242,0,0,0
118000243,0,0,0
118000244,0,0,0
118000246,0,0,0
118000255,0,0,0
118000256,0,0,0
118000259,0,0,0
118000260,0,0,0
118000261,0,0,0
118000263,0,0,0
118000266,0,0,0
118000267,0,0,0
118000268,97,22,75
118000270,0,0,0
118000271,0,0,0
118000272,0,0,0
118000273,0,0,0
118000274,0,0,0
118000276,0,0,0
118000295,0,0,0
118000298,0,0,0
118000299,0,0,0
118000301,0,0,0
118000302,0,0,0
118000311,0,0,0
118000312,0,0,0
118000313,0,0,0
118000314,0,0,0
118000315,0,0,0
118000316,0,0,0
118000325,0,0,0
118000326,0,0,0
118000331,0,0,0
118000332,0,0,0
118000333,0,0,0
118000335,46,0,46
118000336,0,0,0
118000407,0,0,0
118000457,0,0,0
118000465,74,112,-38
118000480,0,0,0
118000489,15,114,-99
118000490,0,0,0
118000492,123,41,82
118000510,0,0,0
118000514,31,19,12
118000515,36,5,31
118000517,0,0,0
118000524,0,0,0
118000525,43,48,-5
118000530,15,95,-80
118000531,97,27,70
118000532,0,0,0
118000533,0,0,0
118000534,0,0,0
118000535,94,46,48
118000536,0,0,0
118000537,0,0,0
118000538,0,0,0
118000539,12,80,-68
118000540,0,0,0
118000541,0,0,0
118000542,39,84,-45
118000543,14,30,-16
118000546,0,0,0
118000560,0,0,0
118000562,0,0,0
118000563,165,775,-610
118000576,0,0,0
118000577,0,0,0
118000578,0,0,0
118000579,0,0,0
118000595,27,101,-74
118000596,0,0,0
118000597,0,0,0
118000598,0,0,0
118000599,0,0,0
118000600,0,0,0
118000601,0,0,0
118000602,0,0,0
118000603,0,0,0
118900001,0,0,0
118900002,0,0,0
118900003,0,0,0
118900004,0,0,0
118900005,0,0,0
118900006,0,0,0
118900007,0,0,0
118900008,0,0,0
118900009,0,0,0
118900010,0,0,0
118900011,0,0,0
118900012,0,0,0
118900013,0,0,0
118900015,0,0,0
118900016,0,0,0
118900017,0,0,0
118900018,0,0,0
118900019,0,0,0
118900020,0,0,0
118900021,0,0,0
118900022,0,0,0
118900023,0,0,0
118900024,0,0,0
118900025,0,0,0
118900026,0,0,0
118900027,0,0,0
118900028,0,0,0
118900029,0,0,0
118900030,0,0,0
118900031,0,0,0
118900032,0,0,0
118900033,0,0,0
118900034,0,0,0
118900035,0,0,0
118900036,0,0,0
118900037,0,0,0
118900038,0,0,0
118900039,0,0,0
118900040,0,0,0
118900041,0,0,0
118900042,0,0,0
118900045,0,0,0
118900046,0,0,0
118900047,0,0,0
118900048,0,0,0
118900049,0,0,0
118900050,0,0,0
118900051,0,0,0
118900052,0,0,0
118900053,0,0,0
118900054,0,0,0
118900055,0,0,0
118900056,0,0,0
118900057,0,0,0
118900058,0,0,0
118900059,0,0,0
118900060,0,0,0
118900062,0,0,0
118900064,0,0,0
118900065,0,0,0
118900066,0,0,0
118900067,0,0,0
118900068,0,0,0
118900069,0,0,0
118900071,0,0,0
118900072,0,0,0
118900073,0,0,0
118900074,0,0,0
118900075,0,0,0
118900076,0,0,0
118900077,0,0,0
118900078,0,0,0
118900079,0,0,0
118900080,0,0,0
118900081,0,0,0
118900082,0,0,0
118900083,0,0,0
118900084,0,0,0
118900085,0,0,0
118900086,0,0,0
118900087,0,0,0
118900088,0,0,0
118900089,0,0,0
118900090,0,0,0
118900091,0,0,0
118900092,0,0,0
118900093,0,0,0
118900096,0,0,0
118900097,0,0,0
118900099,0,0,0
118900100,0,0,0
118900101,0,0,0
118900102,0,0,0
118900103,0,0,0
118900104,0,0,0
118900105,0,0,0
118900107,0,0,0
118900108,0,0,0
118900109,0,0,0
118900110,0,0,0
118900111,0,0,0
118900112,0,0,0
118900113,0,0,0
118900114,0,0,0
118900115,0,0,0
118900116,0,0,0
118900117,0,0,0
118900118,0,0,0
118900119,0,0,0
118900120,0,0,0
118900121,0,0,0
118900122,0,0,0
118900123,0,0,0
118900124,0,0,0
118900126,0,0,0
118900129,0,0,0
118900130,0,0,0
118900131,0,0,0
118900132,0,0,0
118900133,0,0,0
118900135,0,0,0
118900136,0,0,0
118900137,0,0,0
118900139,0,0,0
118900140,0,0,0
118900141,0,0,0
118900144,0,0,0
118900145,0,0,0
118900146,0,0,0
118900147,0,0,0
118900148,0,0,0
118900150,0,0,0
118900152,0,0,0
118900157,0,0,0
118900158,0,0,0
118900159,0,0,0
118900161,0,0,0
118900163,0,0,0
118900164,0,0,0
118900165,0,0,0
118900166,0,0,0
118900167,0,0,0
118900168,0,0,0
118900169,0,0,0
118900170,0,0,0
118900171,0,0,0
118900174,0,0,0
118900175,0,0,0
118900176,0,0,0
118900177,0,0,0
118900178,0,0,0
118900179,0,0,0
118900181,0,0,0
118900182,0,0,0
118900183,0,0,0
118900184,0,0,0
118900185,0,0,0
118900186,0,0,0
118900187,0,0,0
118900188,0,0,0
118900189,0,0,0
118900190,0,0,0
118900191,0,0,0
118900192,0,0,0
118900193,0,0,0
118900195,0,0,0
118900196,0,0,0
118900197,0,0,0
118900198,0,0,0
118900199,0,0,0
118900200,0,0,0
118900201,0,0,0
118900202,0,0,0
118900203,0,0,0
118900204,0,0,0
118900205,0,0,0
118900206,0,0,0
119000001,470,386,84
119000002,566,354,212
119000003,109,111,-2
119000004,51,112,-61
119000005,149,98,51
119000006,111,22,89
119000007,925,597,328
119000008,0,0,0
119000009,448,427,21
119000010,0,0,0
119000011,599,348,251
119000012,20,95,-75
119000013,1386,595,791
119000014,18,96,-78
119000019,50,33,17
119000020,147,135,12
119000021,211,161,50
119000022,0,0,0
119000023,93,215,-122
119000024,250,1200,-950
119000025,42,59,-17
119000026,0,0,0
119000027,0,52,-52
119000028,83,38,45
119000029,0,0,0
119000030,15,114,-99
119000031,0,0,0
119000032,0,16,-16
119000033,290,104,186
119000034,0,0,0
119000035,0,12,-12
119000036,139,56,83
119000037,1,32,-31
119000038,1,21,-20
119000039,15,53,-38
119000040,1,183,-182
119000041,3,59,-56
119000048,405,169,236
119000049,74,58,16
119000050,32,8,24
119000051,88,55,33
119000052,3,9,-6
119000053,76,5,71
119000054,200,102,98
119000055,1179,201,978
119000056,693,386,307
119000057,65,76,-11
119000058,112,79,33
119000059,704,269,435
119000060,0,0,0
119000061,178,136,42
119000062,0,0,0
119000063,92,18,74
119000064,16,81,-65
119000065,55,38,17
119000066,165,68,97
119000067,317,97,220
119000068,161,43,118
119000069,297,86,211
119000070,94,16,78
119000071,0,0,0
119000072,289,92,197
119000073,130,30,100
119000074,419,104,315
119000075,265,85,180
119000076,0,0,0
119000077,0,0,0
119000078,0,0,0
119000079,0,0,0
119000080,0,0,0
119000081,0,0,0
119000082,0,0,0
119000083,0,0,0
119000084,0,0,0
119000085,0,0,0
119000086,0,0,0
119000087,0,0,0
119000088,0,0,0
119000089,0,0,0
119000090,0,0,0
119000091,0,0,0
119000092,0,0,0
119000093,289,122,167
119000094,965,251,714
119000095,143,80,63
119000097,62,98,-36
119000098,211,478,-267
119000099,580,184,396
119000100,474,328,146
119000101,0,0,0
119000102,0,0,0
119000103,28,15,13
119000104,0,0,0
119000105,44,195,-151
119000106,0,0,0
119000107,163,152,11
119000108,0,0,0
119000109,0,0,0
119000110,0,0,0
119000111,0,0,0
119000112,0,0,0
119000113,0,0,0
119000114,40,74,-34
119000115,0,0,0
119000116,7,59,-52
119000117,0,0,0
119000118,0,0,0
119000123,0,0,0
119000124,131,22,109
119000125,614,35,579
119000126,268,31,237
119000127,0,0,0
119000128,0,0,0
119000131,0,0,0
119000132,0,0,0
119000133,0,0,0
119000134,225,167,58
119000135,0,0,0
119000136,0,0,0
119000137,0,0,0
119000138,0,0,0
119000139,0,0,0
119000140,0,0,0
119000284,0,0,0
119000285,0,0,0
119000286,0,5,-5
119000287,0,0,0
119000288,0,2,-2
119000289,0,0,0
119000290,83,12,71
119000291,0,0,0
119000293,1,4,-3
119000294,162,122,40
119000295,0,0,0
119000296,0,0,0
119000302,0,0,0
119000303,0,12,-12
119000314,0,0,0
119000315,0,0,0
119000316,0,0,0
119000317,0,0,0
119900001,0,0,0
119900002,0,0,0
119900003,0,0,0
119900004,0,0,0
119900005,0,0,0
119900006,0,0,0
119900007,0,0,0
119900008,0,0,0
119900009,0,0,0
119900010,0,0,0
119900011,0,0,0
119900012,0,0,0
119900013,0,0,0
119900014,0,0,0
119900015,0,0,0
119900016,0,0,0
119900017,0,0,0
119900018,0,0,0
119900019,0,0,0
119900020,0,0,0
119900021,0,0,0
119900022,0,0,0
119900023,0,0,0
119900025,0,0,0
119900026,0,0,0
119900027,0,0,0
119900028,0,0,0
119900029,0,0,0
119900030,0,0,0
119900031,0,0,0
119900033,0,0,0
119900034,0,0,0
119900037,0,0,0
119900038,0,0,0
119900039,0,0,0
119900040,0,0,0
119900041,0,0,0
119900042,0,0,0
119900043,0,0,0
119900044,0,0,0
119900046,0,0,0
119900047,0,0,0
119900048,0,0,0
119900049,0,0,0
119900050,0,0,0
119900051,0,0,0
119900052,0,0,0
119900053,0,0,0
119900054,0,0,0
119900055,0,0,0
119900057,0,0,0
119900058,0,0,0
119900059,0,0,0
119900060,0,0,0
119900061,0,0,0
119900062,0,0,0
119900063,0,0,0
119900064,0,0,0
119900065,0,0,0
119900066,0,0,0
119900067,0,0,0
119900068,0,0,0
119900069,0,0,0
119900070,0,0,0
119900071,0,0,0
119900072,0,0,0
119900073,0,0,0
119900074,0,0,0
119900075,0,0,0
119900076,0,0,0
119900077,0,0,0
119900078,0,0,0
119900079,0,0,0
119900080,0,0,0
119900081,0,0,0
119900082,1,0,1
119900083,0,0,0
119900084,0,0,0
119900085,0,0,0
119900086,0,0,0
119900087,0,0,0
119900088,0,0,0
119900089,0,0,0
119900090,0,0,0
119900091,0,0,0
119900092,0,0,0
119900093,0,0,0
119900094,0,0,0
119900095,0,0,0
119900096,0,0,0
119900097,0,0,0
119900098,0,0,0
119900099,0,0,0
119900100,0,0,0
119900101,0,0,0
119900102,0,0,0
119900103,0,0,0
119900104,0,0,0
119900105,0,0,0
119900106,0,0,0
119900107,0,0,0
119900108,0,0,0
119900109,0,0,0
119900110,0,0,0
119900111,0,0,0
119900112,0,0,0
119900113,0,0,0
119900114,0,0,0
119900115,0,0,0
119900116,0,0,0
119900117,0,0,0
119900118,0,0,0
119900119,0,0,0
119900120,0,0,0
119900121,0,0,0
119900122,0,0,0
119900123,0,0,0
119900124,0,0,0
119900125,0,0,0
119900126,0,0,0
119900127,0,0,0
119900128,0,0,0
119900129,0,0,0
119900130,0,0,0
119900131,0,0,0
119900132,0,0,0
119900133,0,0,0
119900134,0,0,0
119900135,0,0,0
119900136,0,0,0
119900138,0,0,0
119900139,0,0,0
119900140,0,0,0
119900141,0,0,0
119900142,0,0,0
119900143,0,0,0
119900144,0,0,0
119900145,0,0,0
119900146,0,0,0
119900147,0,0,0
119900148,0,0,0
119900149,0,0,0
119900150,0,0,0
119900151,0,0,0
119900152,0,0,0
119900153,0,0,0
119900154,0,0,0
119900155,0,0,0
119900156,0,0,0
119900157,0,0,0
119900158,0,0,0
119900159,0,0,0
119900160,0,0,0
119900161,0,0,0
119900162,0,0,0
119900163,0,0,0
119900164,0,0,0
119900165,0,0,0
119900166,0,0,0
119900167,0,0,0
119900168,0,0,0
119900169,0,0,0
119900170,0,0,0
119900171,0,0,0
119900172,0,0,0
119900173,0,0,0
119900174,0,0,0
119900175,0,0,0
119900177,0,0,0
119900178,0,0,0
119900179,0,0,0
119900180,0,0,0
119900181,0,0,0
119900182,0,0,0
119900183,0,0,0
119900184,0,0,0
119900185,0,0,0
119900186,0,0,0
119900187,0,0,0
119900188,0,0,0
119900189,0,0,0
119900190,0,0,0
119900191,0,0,0
119900192,0,0,0
119900193,0,0,0
119900194,0,0,0
119900195,0,0,0
119900196,0,0,0
119900197,0,0,0
119900198,0,0,0
119900199,0,0,0
119900200,0,0,0
119900201,0,0,0
119900202,0,0,0
119900203,0,0,0
119900204,0,0,0
119900205,0,0,0
119900206,0,0,0
119900208,0,0,0
119900209,0,0,0
119900210,0,0,0
119900211,0,0,0
119900212,0,0,0
119900213,0,0,0
119900214,0,0,0
119900215,0,0,0
119900216,0,0,0
119900217,0,0,0
119900218,0,0,0
119900219,0,0,0
119900220,0,0,0
119900221,0,0,0
119900222,0,0,0
119900223,0,0,0
119900224,0,0,0
119900225,0,0,0
119900226,0,0,0
119900227,0,0,0
119900228,0,0,0
119900229,0,0,0
119900230,0,0,0
119900231,0,0,0
119900232,0,0,0
119900233,0,0,0
119900234,0,0,0
119900235,0,0,0
119900236,0,0,0
119900237,0,0,0
119900238,0,0,0
119900240,0,0,0
119900241,0,0,0
119900242,0,0,0
119900244,0,0,0
119900245,0,0,0
119900246,0,0,0
119900247,0,0,0
119900248,0,0,0
119900249,0,0,0
119900253,0,0,0
119900254,0,0,0
119900255,0,0,0
119900256,0,0,0
119900257,0,0,0
119900258,0,0,0
119900259,0,0,0
119900260,0,0,0
119900261,0,0,0
119900262,0,0,0
119900263,0,0,0
119900264,0,0,0
119900265,0,0,0
119900266,0,0,0
119900267,0,0,0
119900268,0,0,0
119900269,0,0,0
119900271,0,0,0
119900272,0,0,0
119900275,0,0,0
119900276,0,0,0
119900277,0,0,0
119900278,0,0,0
119900279,0,0,0
119900280,0,0,0
119900281,0,0,0
119900282,0,0,0
119900283,0,0,0
119900284,0,0,0
119900285,0,0,0
119900286,0,0,0
119900288,0,0,0
119900289,0,0,0
119900290,0,0,0
119900291,0,0,0
119900292,0,0,0
119900293,0,0,0
119900294,0,0,0
119900295,0,0,0
119900296,0,0,0
119900297,0,0,0
119900298,0,0,0
119900299,0,0,0
119900300,0,0,0
119900301,0,0,0
119900302,0,0,0
119900303,0,0,0
119900304,0,0,0
119900305,0,0,0
119900306,0,0,0
119900307,0,0,0
119900308,0,0,0
119900309,0,0,0
119900310,0,0,0
119900311,0,0,0
119900312,0,0,0
119900313,0,0,0
119900314,0,0,0
119900315,0,0,0
119900318,0,0,0
119900319,0,0,0
119900320,0,0,0
119900321,0,0,0
120000001,2198,2361,-163
120000002,132,115,17
120000003,52,75,-23
120000004,99,170,-71
120000005,202,253,-51
120000006,86,86,0
120000007,104,115,-11
120000008,77,99,-22
120000009,42,24,18
120000010,32,66,-34
120000011,36,152,-116
120000012,39,325,-286
120000013,708,235,473
120000014,231,412,-181
120000015,942,626,316
120000016,2471,905,1566
120000017,681,439,242
120000018,1684,556,1128
120000019,363,196,167
120000020,1048,431,617
120000021,282,811,-529
120000022,2314,1349,965
120000023,483,364,119
120000024,298,478,-180
120000025,1000,379,621
120000026,408,585,-177
120000027,726,881,-155
120000028,1,0,1
120000029,40,203,-163
120000030,15,222,-207
120000031,727,525,202
120000032,524,97,427
120000033,243,62,181
120000034,277,90,187
120000035,654,101,553
120000036,1376,880,496
120000037,360,774,-414
120000038,264,891,-627
120000039,4,49,-45
120000040,0,28,-28
120000041,25,9,16
120000042,36,27,9
120000043,158,20,138
120000044,11,2,9
120000045,6,1,5
120000046,142,51,91
120000047,22,28,-6
120000048,687,194,493
120000049,710,259,451
120000050,68,236,-168
120000051,65,314,-249
120000052,0,0,0
120000053,369,53,316
120000054,145,69,76
120000055,147,86,61
120000056,550,272,278
120000057,345,125,220
120000058,43,91,-48
120000059,5,331,-326
120000061,0,7,-7
120000062,0,0,0
120000063,104,3,101
120000064,41,5,36
120000065,101,4,97
120000066,44,5,39
120000067,12,19,-7
120000068,22,28,-6
120000069,87,21,66
120000070,2,7,-5
120000071,189,112,77
120000072,490,55,435
120000073,257,191,66
120000074,157,74,83
120000075,564,142,422
120000076,877,103,774
120000077,565,196,369
120000078,535,267,268
120000079,0,0,0
120000080,0,0,0
120000081,0,0,0
120000082,0,0,0
120000083,0,0,0
120000084,5,15,-10
120000085,16,4,12
120000086,35,2,33
120000087,15,11,4
120000088,546,113,433
120000089,744,74,670
120000090,402,92,310
120000091,779,193,586
120000092,806,156,650
120000093,154,219,-65
120000094,61,358,-297
120000095,0,0,0
120000096,0,0,0
120000098,112,0,112
120000099,10,0,10
120000100,168,0,168
120000101,86,5,81
120000102,167,770,-603
120000103,657,852,-195
120000104,1597,129,1468
120000105,1768,91,1677
120000106,1858,61,1797
120000107,2157,64,2093
120000108,1164,18,1146
120000109,315,23,292
120000110,0,39,-39
120000111,0,20,-20
120000112,8,76,-68
120000113,8,46,-38
120000114,46,18,28
120000115,80,6,74
120000116,26,33,-7
120000117,0,0,0
120000118,0,0,0
120000119,2,67,-65
120000120,0,0,0
120000121,0,61,-61
120000122,112,247,-135
120000123,321,251,70
120000124,264,127,137
120000125,32,45,-13
120000126,168,192,-24
120000127,203,106,97
120000128,120,26,94
120000129,140,96,44
120000130,709,137,572
120000131,66,73,-7
120000134,0,0,0
120000135,0,0,0
120000137,0,0,0
120000138,0,0,0
120000139,0,0,0
120000140,0,0,0
120000141,0,0,0
120000142,0,0,0
120000143,0,0,0
120000144,0,0,0
120000145,0,0,0
120000146,342,600,-258
120000149,0,0,0
120000150,0,0,0
120000151,181,81,100
120000152,304,29,275
120000153,0,0,0
120000154,82,1,81
120000155,121,38,83
120000156,183,21,162
120000157,183,82,101
120000158,0,0,0
120000159,81,286,-205
120000160,664,267,397
120000161,362,145,217
120000162,74,136,-62
120000163,0,0,0
120000164,0,0,0
120000165,133,12,121
120000166,110,86,24
120000167,0,0,0
120000168,0,0,0
120000169,0,0,0
120000170,0,0,0
120000171,0,0,0
120000172,0,0,0
120000173,0,0,0
120000174,0,0,0
120000175,0,0,0
120000176,0,0,0
120000177,0,0,0
120000178,0,0,0
120000179,0,0,0
120000180,0,0,0
120000181,0,0,0
120000182,0,0,0
120000183,0,0,0
120000184,0,0,0
120000186,0,0,0
120000187,0,0,0
120000188,0,0,0
120000190,0,0,0
120000191,0,0,0
120000192,0,0,0
120000193,0,0,0
120000195,0,0,0
120000196,0,0,0
120000197,0,0,0
120000198,0,0,0
120000199,0,0,0
120000200,0,0,0
120000201,0,0,0
120000202,0,0,0
120000203,0,0,0
120000207,0,0,0
120000208,0,0,0
120000209,0,0,0
120000210,0,0,0
120000211,0,0,0
120000212,0,0,0
120000213,0,0,0
120000214,0,0,0
120000215,0,0,0
120000216,0,0,0
120000217,0,0,0
120000218,0,0,0
120000219,0,0,0
120000220,0,0,0
120000225,0,0,0
120000226,0,0,0
120000227,0,0,0
120000228,0,0,0
120000230,0,0,0
120000231,0,0,0
120000233,398,5,393
120000235,8,58,-50
120000236,837,8,829
120000237,0,0,0
120000238,0,0,0
120000241,592,566,26
120000412,0,0,0
120000413,0,0,0
120000414,0,0,0
120000415,0,0,0
120000416,0,0,0
120000417,0,0,0
120000418,0,0,0
120000419,0,0,0
120000420,58,4,54
120000421,450,376,74
120000422,0,0,0
120000423,0,0,0
120000424,0,0,0
120000436,111,85,26
120000437,0,0,0
120000438,0,0,0
120000439,443,205,238
120000443,1,0,1
120000444,554,126,428
120000445,179,374,-195
120000446,261,77,184
120000447,438,4,434
120000449,0,0,0
120000450,0,0,0
120000451,50,37,13
120000452,13,0,13
120000453,0,0,0
120000454,29,3,26
120000455,10,73,-63
120000456,11,218,-207
120000457,124,27,97
120000458,6,0,6
120000459,10,38,-28
120000665,11,149,-138
120000668,1,62,-61
120000669,15,12,3
120000670,0,37,-37
120000671,130,27,103
120000672,1,41,-40
120900001,0,0,0
120900002,0,0,0
120900003,0,0,0
120900004,0,0,0
120900005,0,0,0
120900006,0,0,0
120900007,0,0,0
120900008,0,0,0
120900009,0,0,0
120900010,0,0,0
120900011,0,0,0
120900012,0,0,0
120900013,0,0,0
120900014,0,0,0
120900015,0,0,0
120900016,0,0,0
120900017,0,0,0
120900018,0,0,0
120900019,0,0,0
120900020,0,0,0
120900021,0,0,0
120900022,0,0,0
120900023,0,0,0
120900024,0,0,0
120900025,0,0,0
120900026,0,0,0
120900027,0,0,0
120900028,0,0,0
120900029,0,0,0
120900030,0,0,0
120900031,0,0,0
120900032,0,0,0
120900033,0,0,0
120900034,0,0,0
120900035,0,0,0
120900037,0,0,0
120900038,0,0,0
120900039,0,0,0
120900040,0,0,0
120900041,0,0,0
120900042,0,0,0
120900043,0,0,0
120900044,0,0,0
120900045,0,0,0
120900046,0,0,0
120900047,0,0,0
120900048,0,0,0
120900049,0,0,0
120900050,0,0,0
120900051,0,0,0
120900052,0,0,0
120900053,0,0,0
120900054,0,0,0
120900055,0,0,0
120900056,0,0,0
120900057,0,0,0
120900058,0,0,0
120900059,0,0,0
120900060,0,0,0
120900061,0,0,0
120900062,0,0,0
120900063,0,0,0
120900064,0,0,0
120900065,0,0,0
120900066,0,0,0
120900067,0,0,0
120900068,0,0,0
120900069,0,0,0
120900071,0,0,0
120900072,0,0,0
120900073,0,0,0
120900074,0,0,0
120900076,0,0,0
120900077,0,0,0
120900078,0,0,0
120900079,0,0,0
120900080,0,0,0
120900081,0,0,0
120900082,0,0,0
120900083,0,0,0
120900084,0,0,0
120900085,0,0,0
120900086,0,0,0
120900087,0,0,0
120900088,0,0,0
120900089,0,0,0
120900090,0,0,0
120900091,0,0,0
120900092,0,0,0
120900093,0,0,0
120900094,0,0,0
120900095,0,0,0
120900096,0,0,0
120900097,0,0,0
120900098,0,0,0
120900099,0,0,0
120900100,0,0,0
120900101,0,0,0
120900102,0,0,0
120900103,0,0,0
120900104,0,0,0
120900105,0,0,0
120900106,0,0,0
120900107,0,0,0
120900108,0,0,0
120900109,0,0,0
120900110,0,0,0
120900111,0,0,0
120900112,0,0,0
120900113,0,0,0
120900114,0,0,0
120900115,67,37,30
120900116,0,0,0
120900117,0,0,0
120900118,0,0,0
120900119,0,0,0
120900120,0,0,0
120900121,0,0,0
120900122,0,0,0
120900123,0,0,0
120900124,0,0,0
120900125,0,0,0
120900126,0,0,0
120900127,0,0,0
120900128,0,0,0
120900129,0,0,0
120900130,0,0,0
120900131,0,0,0
120900132,0,0,0
120900133,0,0,0
120900134,0,0,0
120900135,0,0,0
120900136,0,0,0
120900137,0,0,0
120900138,0,0,0
120900139,0,0,0
120900140,0,0,0
120900141,0,0,0
120900142,0,0,0
120900143,0,0,0
120900144,0,0,0
120900145,0,0,0
120900146,0,0,0
120900147,0,0,0
120900148,0,0,0
120900149,0,0,0
120900150,0,0,0
120900151,0,0,0
120900152,0,0,0
120900153,0,0,0
120900154,0,0,0
120900155,0,0,0
120900156,0,0,0
120900157,0,0,0
120900158,0,0,0
120900159,0,0,0
120900160,0,0,0
120900161,0,0,0
120900162,0,0,0
120900163,0,0,0
120900164,0,0,0
120900165,0,0,0
120900166,0,0,0
120900167,0,0,0
120900169,0,0,0
120900170,0,0,0
120900171,0,0,0
120900172,0,0,0
120900173,0,0,0
120900174,0,0,0
120900175,0,0,0
120900176,0,0,0
120900177,0,0,0
120900178,0,0,0
120900179,0,0,0
120900180,0,0,0
120900181,0,0,0
120900182,0,0,0
120900183,0,0,0
120900184,0,0,0
120900185,0,0,0
120900186,0,0,0
120900187,0,0,0
120900188,0,0,0
120900189,0,0,0
120900190,0,0,0
120900191,0,0,0
120900192,0,0,0
120900194,0,0,0
120900195,0,0,0
120900196,0,0,0
120900197,0,0,0
120900198,0,0,0
120900199,0,0,0
120900200,0,0,0
120900201,0,0,0
120900202,0,0,0
120900203,0,0,0
120900204,0,0,0
120900205,0,0,0
120900206,0,0,0
121000001,0,0,0
121000002,217,224,-7
121000003,0,0,0
121000004,322,185,137
121000005,5,25,-20
121000006,242,338,-96
121000007,6,35,-29
121000008,431,533,-102
121000009,59,69,-10
121000010,786,370,416
121000011,306,222,84
121000012,1724,670,1054
121000013,313,327,-14
121000014,2150,741,1409
121000015,582,1057,-475
121000016,972,708,264
121000017,78,291,-213
121000018,130,234,-104
121000019,368,313,55
121000020,756,1018,-262
121000021,36,48,-12
121000022,132,379,-247
121000023,55,28,27
121000024,764,700,64
121000025,48,79,-31
121000026,35,87,-52
121000027,111,135,-24
121000028,15,95,-80
121000029,89,40,49
121000030,0,0,0
121000031,3,18,-15
121000032,0,0,0
121000034,4,27,-23
121000035,0,0,0
121000036,8,38,-30
121000037,47,60,-13
121000038,68,146,-78
121000039,0,0,0
121000041,0,0,0
121000042,2,79,-77
121000043,94,9,85
121000044,2,53,-51
121000045,6,15,-9
121000046,0,0,0
121000047,0,0,0
121000049,106,50,56
121000050,1,226,-225
121000051,9,15,-6
121000052,32,95,-63
121000053,25,8,17
121000054,0,0,0
121000055,0,0,0
121000056,296,323,-27
121000057,0,0,0
121000058,0,0,0
121000059,20,24,-4
121000060,60,29,31
121000061,0,27,-27
121000062,0,18,-18
121000063,14,21,-7
121000064,10,9,1
121000065,1,17,-16
121000066,0,0,0
121000067,0,0,0
121000068,20,12,8
121000069,0,18,-18
121000070,61,128,-67
121000071,38,159,-121
121000072,17,25,-8
121000073,40,151,-111
121000074,0,0,0
121000075,0,0,0
121000076,2,2,0
121000077,15,5,10
121000078,0,0,0
121000080,152,65,87
121000081,278,249,29
121000082,13,60,-47
121000083,7,30,-23
121000084,0,0,0
121000085,71,25,46
121000086,2,68,-66
121000087,1,96,-95
121000088,0,0,0
121000089,3,126,-123
121000090,0,0,0
121000091,498,105,393
121000092,39,11,28
121000093,9,37,-28
121000094,38,46,-8
121000095,10,7,3
121000096,0,0,0
121000097,0,0,0
121000098,41,37,4
121000099,12,10,2
121000100,0,0,0
121000101,10,18,-8
121000102,0,0,0
121000103,7,7,0
121000104,0,0,0
121000105,0,0,0
121000106,18,8,10
121000107,247,277,-30
121000109,65,234,-169
121000110,0,2,-2
121000114,322,465,-143
121000115,0,0,0
121000116,0,0,0
121000117,0,0,0
121000118,0,0,0
121000119,0,0,0
121000120,5,106,-101
121000121,0,5,-5
121000123,0,0,0
121000126,0,0,0
121000127,0,0,0
121000128,0,0,0
121000129,0,0,0
121000130,7,25,-18
121000131,0,0,0
121000132,8,88,-80
121000135,0,0,0
121000136,6,86,-80
121000137,0,0,0
121000138,17,28,-11
121000139,0,0,0
121000141,0,0,0
121000142,0,0,0
121000143,0,0,0
121000144,0,0,0
121000145,1,2,-1
121000146,59,16,43
121000147,65,26,39
121000148,0,0,0
121000149,148,284,-136
121000152,24,22,2
121000153,115,23,92
121000154,118,35,83
121000155,75,59,16
121000156,101,21,80
121000157,99,19,80
121000158,73,27,46
121000159,13,26,-13
121000160,17,8,9
121000161,0,0,0
121000162,0,0,0
121000165,89,699,-610
121000166,2,30,-28
121000168,42,63,-21
121000169,3,10,-7
121000170,94,27,67
121000171,31,76,-45
121000172,19,42,-23
121000173,1,4,-3
121000174,4,13,-9
121000175,8,10,-2
121000176,11,11,0
121000177,5,0,5
121000178,0,0,0
121000179,5,9,-4
121000181,48,122,-74
121000182,46,60,-14
121000183,11,32,-21
121000184,2,27,-25
121000185,1,18,-17
121000186,0,16,-16
121000187,0,0,0
121000188,0,0,0
121000192,9,22,-13
121000193,0,0,0
121000194,94,166,-72
121000195,0,0,0
121000196,0,0,0
121000197,2,12,-10
121000198,0,0,0
121000199,0,0,0
121000200,0,0,0
121000201,0,0,0
121000202,0,0,0
121000203,0,0,0
121000204,0,0,0
121000205,15,14,1
121000206,0,0,0
121000207,0,0,0
121000208,0,0,0
121000209,18,2,16
121000210,0,0,0
121000211,0,3,-3
121000212,0,0,0
121000213,47,140,-93
121000214,9,117,-108
121000215,57,80,-23
121000216,80,62,18
121000217,613,199,414
121000218,3,22,-19
121000219,121,99,22
121000220,0,0,0
121000221,6,90,-84
121000222,9,57,-48
121000223,0,0,0
121000224,0,0,0
121000225,2,48,-46
121000226,36,154,-118
121000227,0,0,0
121000228,0,0,0
121000229,0,0,0
121000230,0,0,0
121000231,168,7,161
121000232,0,0,0
121000233,190,18,172
121000234,5,2,3
121000235,0,4,-4
121000236,0,3,-3
121000237,25,0,25
121000238,0,2,-2
121000239,15,0,15
121000240,0,13,-13
121000241,49,0,49
121000242,0,14,-14
121000243,37,0,37
121000244,0,2,-2
121000245,3,0,3
121000246,2,0,2
121000247,22,0,22
121000248,22,7,15
121000249,0,0,0
121000250,35,72,-37
121000251,0,0,0
121000252,7,29,-22
121000253,0,0,0
121000254,102,13,89
121000255,0,0,0
121000256,21,28,-7
121000257,0,0,0
121000258,23,57,-34
121000259,0,0,0
121000260,0,0,0
121000261,24,18,6
121000262,0,0,0
121000263,29,55,-26
121000271,0,0,0
121000273,0,0,0
121000274,1,16,-15
121000275,0,0,0
121000276,0,21,-21
121000278,26,1,25
121000279,0,0,0
121000280,0,4,-4
121000289,32,0,32
121000290,49,61,-12
121000294,0,0,0
121000297,63,52,11
121000299,0,0,0
121000300,0,0,0
121000302,2,45,-43
121000303,27,15,12
121000304,209,128,81
121000305,32,81,-49
121000306,20,65,-45
121000308,0,0,0
121000309,0,0,0
121000310,0,0,0
121000311,0,0,0
121000312,39,18,21
121000313,0,0,0
121000314,0,0,0
121000315,0,0,0
121000530,236,186,50
121000531,513,250,263
121000532,1398,473,925
121000533,3942,1576,2366
121000918,0,0,0
121000919,0,0,0
121000938,0,0,0
121000939,5,51,-46
121000956,0,0,0
121000957,0,0,0
121000958,1,7,-6
121000959,7,14,-7
121000960,41,44,-3
121000961,154,0,154
121000962,0,18,-18
121000973,0,0,0
121000976,0,0,0
121000979,0,0,0
121000981,81,2,79
121000982,0,0,0
121000983,10,0,10
121000984,0,0,0
121000985,0,0,0
121000986,0,0,0
121000987,0,0,0
121000988,204,28,176
121001302,0,0,0
121001308,0,0,0
121001309,0,0,0
121001313,0,0,0
121001314,0,0,0
121001315,1461,150,1311
121900001,3,64,-61
121900002,0,0,0
121900003,0,0,0
121900004,0,0,0
121900005,0,0,0
121900006,0,0,0
121900007,5,0,5
121900008,0,0,0
121900009,0,0,0
121900010,0,0,0
121900011,0,0,0
121900012,0,0,0
121900013,0,0,0
121900014,0,0,0
121900015,0,0,0
121900016,0,0,0
121900017,0,0,0
121900018,0,0,0
121900019,0,0,0
121900020,0,0,0
121900021,0,0,0
121900022,0,0,0
121900023,0,0,0
121900024,0,0,0
121900025,0,0,0
121900026,0,0,0
121900027,0,0,0
121900028,0,0,0
121900029,0,0,0
121900030,0,0,0
121900031,0,0,0
121900032,0,0,0
121900033,0,0,0
121900034,0,0,0
121900035,0,0,0
121900036,0,0,0
121900037,0,0,0
121900038,0,0,0
121900039,0,0,0
121900040,0,0,0
121900041,0,0,0
121900042,0,0,0
121900043,0,0,0
121900044,0,0,0
121900046,0,0,0
121900047,0,0,0
121900048,0,0,0
121900050,0,0,0
121900051,0,0,0
121900052,0,0,0
121900053,0,0,0
121900054,0,0,0
121900055,0,0,0
121900058,0,0,0
121900059,0,0,0
121900060,0,0,0
121900061,0,0,0
121900062,0,0,0
121900063,0,0,0
121900064,0,0,0
121900066,0,0,0
121900067,0,0,0
121900069,0,0,0
121900070,0,0,0
121900071,0,0,0
121900072,0,0,0
121900073,0,0,0
121900074,0,0,0
121900075,0,0,0
121900076,0,0,0
121900077,0,0,0
121900078,0,0,0
121900079,0,0,0
121900080,0,0,0
121900082,0,0,0
121900084,0,0,0
121900085,0,0,0
121900086,0,0,0
121900087,0,0,0
121900088,0,0,0
121900089,0,0,0
121900090,0,0,0
121900091,0,0,0
121900092,0,0,0
121900093,0,0,0
121900094,0,0,0
121900095,0,0,0
121900096,0,0,0
121900097,0,0,0
121900098,0,0,0
121900099,0,0,0
121900100,0,0,0
121900101,0,0,0
121900102,0,0,0
121900103,0,0,0
121900104,0,0,0
121900105,0,0,0
121900106,0,0,0
121900107,0,0,0
121900108,0,0,0
121900109,0,0,0
121900110,0,0,0
121900111,0,0,0
121900112,0,0,0
121900113,0,0,0
121900114,0,0,0
121900115,0,0,0
121900117,0,0,0
121900118,0,0,0
121900119,0,0,0
121900120,0,0,0
121900121,0,0,0
121900122,0,0,0
121900123,0,0,0
121900124,0,0,0
121900125,0,0,0
121900127,0,0,0
121900128,0,0,0
121900129,0,0,0
121900130,0,0,0
121900131,0,0,0
121900132,0,0,0
121900133,0,0,0
121900134,0,0,0
121900135,0,0,0
121900136,0,0,0
121900137,0,0,0
121900138,0,0,0
121900139,0,0,0
121900140,0,0,0
121900141,0,0,0
121900142,0,0,0
121900143,0,0,0
121900144,0,0,0
121900145,0,0,0
121900146,0,0,0
121900147,0,0,0
121900148,0,0,0
121900149,0,0,0
121900150,0,0,0
121900151,0,0,0
121900152,0,0,0
121900153,0,0,0
121900154,0,0,0
121900155,0,0,0
121900156,0,0,0
121900157,0,0,0
121900158,0,0,0
121900159,0,0,0
121900160,0,0,0
121900161,0,0,0
121900162,0,0,0
121900163,0,0,0
121900164,0,0,0
121900165,0,0,0
121900166,0,0,0
121900167,0,0,0
121900168,0,0,0
121900169,0,0,0
121900170,0,0,0
121900171,0,0,0
121900172,0,0,0
121900173,0,0,0
121900174,0,0,0
121900175,0,0,0
121900176,0,0,0
121900177,0,0,0
121900178,0,0,0
121900179,0,0,0
121900180,0,0,0
121900182,0,0,0
121900183,0,0,0
121900184,0,0,0
121900186,0,0,0
121900187,0,0,0
121900188,0,0,0
121900189,0,0,0
121900190,0,0,0
121900191,0,0,0
121900192,0,0,0
121900193,0,0,0
121900194,0,0,0
121900195,0,0,0
121900196,0,0,0
121900197,0,0,0
121900198,0,0,0
121900199,0,0,0
121900200,0,0,0
121900201,0,0,0
121900202,0,0,0
121900203,0,0,0
121900204,0,0,0
121900205,0,0,0
121900206,0,0,0
121900207,0,0,0
121900208,0,0,0
121900209,0,0,0
121900210,0,0,0
121900211,0,0,0
121900212,0,0,0
121900213,0,0,0
121900214,0,0,0
121900215,0,0,0
121900216,0,0,0
121900217,0,0,0
121900218,0,0,0
121900219,0,0,0
121900220,0,0,0
121900221,0,0,0
121900222,0,0,0
121900223,0,0,0
121900224,0,0,0
121900225,0,0,0
121900226,0,0,0
121900227,0,0,0
121900228,0,0,0
121900229,0,0,0
121900230,0,0,0
121900231,0,0,0
121900232,0,0,0
121900233,0,0,0
121900234,0,0,0
121900235,0,0,0
121900236,0,0,0
121900237,0,0,0
121900238,0,0,0
121900239,0,0,0
121900240,0,0,0
121900241,0,0,0
121900242,0,0,0
121900243,0,0,0
121900244,0,0,0
121900245,0,0,0
121900246,0,0,0
121900247,0,0,0
121900248,0,0,0
121900250,0,0,0
121900251,0,0,0
121900252,0,0,0
121900253,0,0,0
121900254,0,0,0
121900255,0,0,0
121900258,0,0,0
121900259,0,0,0
121900260,0,0,0
121900261,0,0,0
121900262,0,0,0
121900263,0,0,0
121900264,0,0,0
121900265,0,0,0
121900266,0,0,0
121900267,0,0,0
121900269,0,0,0
121900270,0,0,0
121900271,0,0,0
121900273,0,0,0
121900274,0,0,0
121900276,0,0,0
121900277,0,0,0
121900278,0,0,0
121900279,0,0,0
121900280,0,0,0
121900281,0,0,0
121900284,0,0,0
121900286,0,0,0
121900287,0,0,0
121900290,0,0,0
121900291,0,0,0
121900292,0,0,0
121900293,0,0,0
121900294,0,0,0
121900295,0,0,0
121900296,0,0,0
121900298,0,0,0
121900299,0,0,0
121900300,0,0,0
121900301,0,0,0
121900302,0,0,0
121900303,0,0,0
121900304,0,0,0
121900305,0,0,0
121900306,0,0,0
121900307,0,0,0
121900308,0,0,0
121900309,0,0,0
121900310,0,0,0
121900311,0,0,0
121900312,0,0,0
121900313,0,0,0
121900314,0,0,0
121900315,0,0,0
121900316,0,0,0
121900317,0,0,0
121900318,0,0,0
121900319,0,0,0
121900320,0,0,0
121900321,0,0,0
121900322,0,0,0
121900323,0,0,0
121900324,0,0,0
121900325,0,0,0
121900326,0,0,0
121900327,0,0,0
121900328,0,0,0
121900329,0,0,0
121900330,0,0,0
121900331,0,0,0
121900332,0,0,0
121900333,0,0,0
122000001,76,82,-6
122000002,104,65,39
122000003,114,161,-47
122000004,192,191,1
122000005,676,857,-181
122000006,44,261,-217
122000007,55,339,-284
122000008,114,246,-132
122000009,43,21,22
122000010,664,382,282
122000011,197,177,20
122000012,201,109,92
122000013,38,139,-101
122000014,8,85,-77
122000015,44,86,-42
122000016,5,100,-95
122000017,0,0,0
122000018,0,0,0
122000019,9,61,-52
122000020,0,0,0
122000021,0,0,0
122000022,82,6,76
122000023,28,13,15
122000024,252,149,103
122000025,62,199,-137
122000026,458,287,171
122000027,0,0,0
122000028,53,67,-14
122000029,61,27,34
122000030,0,0,0
122000031,1,19,-18
122000032,103,65,38
122000033,88,249,-161
122000034,0,0,0
122000035,0,0,0
122000036,0,0,0
122000037,0,1,-1
122000038,20,3,17
122000039,0,0,0
122000040,0,0,0
122000041,0,6,-6
122000042,0,8,-8
122000043,0,0,0
122000044,0,0,0
122000045,123,74,49
122000046,111,50,61
122000047,0,0,0
122000048,334,642,-308
122000049,488,220,268
122000050,26,12,14
122000051,2,16,-14
122000052,6,24,-18
122000053,11,503,-492
122000054,60,158,-98
122000055,409,647,-238
122000056,254,161,93
122000057,83,192,-109
122000058,84,82,2
122000059,93,78,15
122000060,0,0,0
122000061,0,0,0
122000062,104,13,91
122000063,0,4,-4
122000064,81,56,25
122000065,191,227,-36
122000066,65,145,-80
122000067,195,501,-306
122000068,67,277,-210
122000069,36,27,9
122000070,426,92,334
122000071,42,96,-54
122000072,0,0,0
122000073,0,0,0
122000074,69,92,-23
122000075,70,93,-23
122000076,91,99,-8
122000077,0,0,0
122000078,429,240,189
122000079,2,49,-47
122000080,0,0,0
122000081,0,0,0
122000082,156,83,73
122000083,0,0,0
122000084,0,0,0
122000085,6,19,-13
122000086,24,223,-199
122000087,27,37,-10
122000088,0,0,0
122000089,188,257,-69
122000090,0,0,0
122000091,0,0,0
122000092,0,0,0
122000093,220,656,-436
122000094,487,472,15
122000095,20,107,-87
122000096,10,239,-229
122000098,339,584,-245
122000099,8,44,-36
122000100,36,5,31
122000101,3,8,-5
122000102,0,0,0
122000103,0,0,0
122000104,4,6,-2
122000105,1,6,-5
122000106,2,2,0
122000107,32,46,-14
122000108,0,0,0
122000109,4,10,-6
122000110,0,0,0
122000111,361,44,317
122000112,25,67,-42
122000113,77,21,56
122000114,385,697,-312
122000115,485,387,98
122000116,10,94,-84
122000117,129,5,124
122000118,49,3,46
122000119,0,0,0
122000120,0,0,0
122000121,83,17,66
122000122,8,4,4
122000123,86,88,-2
122000124,11,52,-41
122000125,7,88,-81
122000126,2,45,-43
122000127,31,75,-44
122000128,2,2,0
122000129,38,7,31
122000130,152,154,-2
122000131,20,14,6
122000132,0,0,0
122000133,0,0,0
122000134,49,92,-43
122000135,5,20,-15
122000136,11,73,-62
122000137,24,35,-11
122000139,12,189,-177
122000140,0,0,0
122000141,25,5,20
122000142,0,0,0
122000143,0,0,0
122000144,6,24,-18
122000145,1,0,1
122000146,30,61,-31
122000147,25,68,-43
122000148,236,227,9
122000149,128,28,100
122000150,96,64,32
122000151,0,0,0
122000152,0,0,0
122000153,62,57,5
122000154,84,16,68
122000155,194,87,107
122000156,476,416,60
122000157,246,245,1
122000158,1,1,0
122000159,53,13,40
122000160,130,56,74
122000161,45,14,31
122000162,140,59,81
122000163,0,0,0
122000164,0,0,0
122000165,1,25,-24
122000166,91,60,31
122000167,0,0,0
122000168,0,3,-3
122000169,0,0,0
122000170,0,0,0
122000171,0,0,0
122000172,0,0,0
122000173,0,0,0
122000174,363,295,68
122000175,0,0,0
122000176,0,0,0
122000177,438,473,-35
122000178,497,106,391
122000179,0,20,-20
122000180,233,418,-185
122000181,698,548,150
122000182,60,40,20
122000183,20,6,14
122000184,510,401,109
122000185,139,92,47
122000186,0,0,0
122000187,99,64,35
122000188,0,0,0
122000189,27,34,-7
122000190,230,53,177
122000191,43,20,23
122000192,0,0,0
122000193,0,0,0
122000194,0,0,0
122000195,0,0,0
122000196,0,0,0
122000197,22,9,13
122000198,0,0,0
122000199,45,104,-59
122000200,55,52,3
122000201,170,208,-38
122000202,127,175,-48
122000203,0,0,0
122000204,0,0,0
122000205,0,0,0
122000206,112,50,62
122000207,111,39,72
122000208,105,16,89
122000209,162,65,97
122000210,17,9,8
122000211,1,24,-23
122000212,66,92,-26
122000213,71,210,-139
122000214,206,197,9
122000215,80,125,-45
122000217,7,21,-14
122000218,113,15,98
122000219,21,34,-13
122000220,14,16,-2
122000221,0,0,0
122000222,0,0,0
122000223,83,54,29
122000225,116,17,99
122000226,0,3,-3
122000227,0,7,-7
122000228,3,9,-6
122000229,0,0,0
122000230,0,14,-14
122000231,0,25,-25
122000232,0,4,-4
122000233,0,0,0
122000234,41,14,27
122000235,56,1,55
122000236,11,17,-6
122000237,0,0,0
122000238,7,6,1
122000239,48,0,48
122000240,32,2,30
122000241,17,49,-32
122000242,0,0,0
122000243,0,0,0
122000244,0,0,0
122000245,0,0,0
122000246,23,41,-18
122000247,2,0,2
122000248,1,28,-27
122000249,80,72,8
122000250,156,77,79
122000251,0,0,0
122000252,7,0,7
122000253,0,0,0
122000254,6,1,5
122000255,0,0,0
122000256,5,41,-36
122000257,1,25,-24
122000258,53,56,-3
122000259,0,0,0
122000260,0,0,0
122000261,0,0,0
122000262,0,0,0
122000263,0,0,0
122000264,175,27,148
122000265,172,16,156
122000266,239,5,234
122000267,0,0,0
122000268,0,0,0
122000269,0,0,0
122000270,0,0,0
122000271,0,0,0
122000272,0,0,0
122000273,0,0,0
122000274,0,0,0
122000275,0,0,0
122000276,72,61,11
122000277,213,116,97
122000278,88,37,51
122000279,2,7,-5
122000280,5,10,-5
122000281,5,13,-8
122000282,4,13,-9
122000283,0,0,0
122000284,0,0,0
122000285,0,0,0
122000286,0,0,0
122000287,581,97,484
122000288,45,8,37
122000291,1170,94,1076
122000293,0,0,0
122000294,80,29,51
122000295,165,2,163
122000296,9,164,-155
122000297,931,377,554
122000299,104,17,87
122000300,0,16,-16
122000301,53,101,-48
122000302,0,4,-4
122000303,43,104,-61
122000304,0,0,0
122000305,486,64,422
122000306,2,28,-26
122000307,0,0,0
122000309,0,0,0
122000310,0,0,0
122000311,0,0,0
122000312,9,67,-58
122000313,23,41,-18
122000314,95,58,37
122000315,0,0,0
122000316,47,3,44
122000317,31,14,17
122000318,40,66,-26
122000319,8,1,7
122000320,0,0,0
122000321,1,0,1
122000322,112,80,32
122000323,77,57,20
122000324,20,54,-34
122000325,67,165,-98
122000326,2,0,2
122000327,0,17,-17
122000328,0,0,0
122000330,103,187,-84
122000332,0,0,0
122000333,0,0,0
122000337,45,35,10
122000338,6,5,1
122000340,1,0,1
122000342,4,18,-14
122000343,0,8,-8
122000344,17,0,17
122000345,12,3,9
122000346,0,0,0
122000348,18,19,-1
122000349,0,0,0
122000351,2,1,1
122000352,0,0,0
122000353,0,0,0
122000355,0,0,0
122000356,24,26,-2
122000357,0,9,-9
122000358,0,0,0
122000359,0,0,0
122000360,0,0,0
122000362,0,0,0
122000364,0,0,0
122000365,0,0,0
122000366,0,0,0
122000368,0,0,0
122000370,0,0,0
122000371,0,0,0
122000372,0,0,0
122000381,0,0,0
122000382,0,0,0
122000384,2,5,-3
122000385,0,0,0
122000386,8,159,-151
122000387,0,0,0
122000388,18,62,-44
122000389,0,0,0
122000390,5,91,-86
122000391,0,0,0
122000392,0,0,0
122000393,0,0,0
122000394,0,0,0
122000395,0,0,0
122000396,0,0,0
122000397,0,0,0
122000398,11,40,-29
122000399,0,0,0
122000400,12,58,-46
122000401,0,0,0
122000402,22,9,13
122000403,0,0,0
122000404,147,42,105
122000408,229,247,-18
122000503,0,0,0
122000524,0,0,0
122000544,0,0,0
122000616,0,0,0
122000640,0,0,0
122000641,0,0,0
122000642,0,0,0
122000643,1,16,-15
122000644,0,0,0
122000645,0,0,0
122000651,10,34,-24
122000664,12,17,-5
122000665,0,0,0
122000666,106,33,73
122000673,0,0,0
122000674,36,33,3
122000675,34,37,-3
122000686,119,21,98
122000687,42,25,17
122000688,121,53,68
122000689,151,64,87
122000690,297,2,295
122000691,286,68,218
122000692,16,15,1
122000693,24,47,-23
122000695,0,0,0
122000696,67,20,47
122000698,0,0,0
122000699,1,1,0
122000701,137,25,112
122000702,73,27,46
122000703,34,5,29
122000717,0,0,0
122000718,75,206,-131
122000719,1,7,-6
122000720,79,24,55
122900001,0,0,0
122900002,0,0,0
122900003,0,0,0
122900004,0,0,0
122900005,0,0,0
122900006,0,0,0
122900007,0,0,0
122900008,0,0,0
122900009,0,0,0
122900010,0,0,0
122900012,0,0,0
122900013,0,0,0
122900014,0,0,0
122900015,0,0,0
122900016,0,0,0
122900017,0,0,0
122900018,0,0,0
122900019,0,0,0
122900020,0,0,0
122900021,0,0,0
122900022,0,0,0
122900023,0,0,0
122900024,0,0,0
122900025,0,0,0
122900026,0,0,0
122900027,0,0,0
122900028,0,0,0
122900029,0,0,0
122900030,0,0,0
122900031,0,0,0
122900032,0,0,0
122900033,0,0,0
122900034,0,0,0
122900035,0,0,0
122900036,0,0,0
122900037,0,0,0
122900038,0,0,0
122900039,0,0,0
122900040,0,0,0
122900041,0,0,0
122900042,0,0,0
122900043,0,0,0
122900044,0,0,0
122900045,0,0,0
122900046,0,0,0
122900047,0,0,0
122900048,0,0,0
122900049,0,0,0
122900051,0,0,0
122900052,0,0,0
122900053,0,0,0
122900055,0,0,0
122900057,0,0,0
122900061,0,0,0
122900062,0,0,0
122900063,0,0,0
122900064,0,0,0
122900065,0,0,0
122900066,0,0,0
122900067,0,0,0
122900068,0,0,0
122900069,0,0,0
122900070,0,0,0
122900071,0,0,0
122900072,0,0,0
122900073,0,0,0
122900074,0,0,0
122900075,0,0,0
122900076,0,0,0
122900077,0,0,0
122900078,0,0,0
122900080,0,0,0
122900081,0,0,0
122900082,0,0,0
122900083,0,0,0
122900084,0,0,0
122900086,0,0,0
122900087,0,0,0
122900088,0,0,0
122900089,0,0,0
122900090,0,0,0
122900091,0,0,0
122900092,0,0,0
122900093,0,0,0
122900094,0,0,0
122900095,0,0,0
122900096,0,0,0
122900097,0,0,0
122900098,0,0,0
122900099,0,0,0
122900100,0,0,0
122900101,0,0,0
122900102,0,0,0
122900103,0,0,0
122900104,0,0,0
122900105,0,0,0
122900106,0,0,0
122900107,0,0,0
122900108,0,0,0
123000001,159,28,131
123000002,231,1240,-1009
123000003,869,332,537
123000004,181,539,-358
123000005,1017,314,703
123000006,202,621,-419
123000007,800,472,328
123000008,40,128,-88
123000009,2547,1878,669
123000010,40,279,-239
123000011,754,689,65
123000012,2,182,-180
123000013,1148,275,873
123000014,6,171,-165
123000015,1345,388,957
123000016,42,203,-161
123000017,998,330,668
123000018,57,1,56
123000019,132,0,132
123000020,35,1,34
123000021,88,13,75
123000022,229,27,202
123000023,255,94,161
123000024,102,66,36
123000025,11,30,-19
123000026,0,0,0
123000027,0,0,0
123000028,36,106,-70
123000029,0,0,0
123000030,0,0,0
123000031,26,6,20
123000032,38,12,26
123000033,2,20,-18
123000034,395,49,346
123000035,104,81,23
123000036,27,423,-396
123000037,0,0,0
123000038,0,0,0
123000039,0,0,0
123000040,0,0,0
123000041,48,728,-680
123000042,0,0,0
123000043,183,266,-83
123000044,18,74,-56
123000045,0,0,0
123000046,0,0,0
123000047,0,0,0
123000048,15,70,-55
123000049,3571,1138,2433
123000050,175,186,-11
123000051,1,0,1
123000052,134,329,-195
123000053,829,313,516
123000054,172,462,-290
123000055,653,845,-192
123000056,0,41,-41
123000057,33,113,-80
123000058,0,0,0
123000059,0,4,-4
123000060,0,0,0
123000061,0,8,-8
123000063,25,34,-9
123000064,3,2,1
123000065,17,74,-57
123000066,0,13,-13
123000067,4,16,-12
123000068,43,143,-100
123000069,101,102,-1
123000070,11,2,9
123000071,113,30,83
123000072,0,0,0
123000073,207,35,172
123000074,0,0,0
123000075,48,142,-94
123000076,0,0,0
123000077,42,1,41
123000078,285,90,195
123000079,456,195,261
123000080,33,1,32
123000081,0,0,0
123000082,0,0,0
123000083,1,3,-2
123000084,0,0,0
123000085,0,0,0
123000086,0,0,0
123000087,0,0,0
123000088,3,1,2
123000089,361,152,209
123000090,0,0,0
123000091,214,49,165
123000092,0,0,0
123000094,12,4,8
123000095,24,30,-6
123000096,190,49,141
123000097,0,0,0
123000098,53,16,37
123000099,0,0,0
123000100,0,0,0
123000101,44,7,37
123000102,89,63,26
123000104,0,0,0
123000105,0,0,0
123000106,0,0,0
123000107,0,0,0
123000108,0,0,0
123000111,50,18,32
123000112,33,8,25
123000113,0,0,0
123000114,2,29,-27
123000115,12,26,-14
123000116,0,0,0
123000117,5,8,-3
123000118,7,24,-17
123000119,4,10,-6
123000120,6,20,-14
123000121,0,0,0
123000122,0,0,0
123000123,0,0,0
123000124,0,0,0
123000125,106,38,68
123000126,153,295,-142
123000127,0,0,0
123000128,0,0,0
123000129,203,15,188
123000130,123,14,109
123000131,103,12,91
123000132,0,0,0
123000133,0,0,0
123000134,0,0,0
123000135,58,62,-4
123000136,0,0,0
123000137,0,0,0
123000138,0,0,0
123000139,109,2,107
123000140,0,0,0
123000141,52,7,45
123000142,0,0,0
123000143,0,0,0
123000144,0,0,0
123000145,0,0,0
123000146,0,0,0
123000147,0,0,0
123000149,17,51,-34
123000150,28,32,-4
123000151,41,67,-26
123000152,0,0,0
123000153,1,16,-15
123000154,29,79,-50
123000155,13,53,-40
123000156,0,0,0
123000157,17,11,6
123000158,65,71,-6
123000159,178,200,-22
123000160,50,97,-47
123000161,157,41,116
123000162,319,155,164
123000163,11,14,-3
123000164,332,8,324
123000165,0,0,0
123000166,0,0,0
123000167,20,6,14
123000168,74,0,74
123000169,186,20,166
123000170,0,0,0
123000171,317,1,316
123000172,0,0,0
123000173,76,56,20
123000174,145,15,130
123000175,0,0,0
123000176,101,20,81
123000177,0,0,0
123000178,206,12,194
123000179,0,0,0
123000180,488,30,458
123000181,0,0,0
123000182,0,0,0
123000183,59,18,41
123000184,0,0,0
123000185,285,18,267
123000186,0,0,0
123000187,490,2,488
123000188,264,0,264
123000189,251,0,251
123000190,58,1,57
123000192,0,0,0
123000193,0,0,0
123000194,0,0,0
123000195,237,3,234
123000196,230,0,230
123000197,51,1,50
123000198,3,0,3
123000199,0,0,0
123000200,253,17,236
123000201,489,23,466
123000202,0,0,0
123000203,498,7,491
123000204,0,0,0
123000205,0,0,0
123000206,561,38,523
123000207,0,0,0
123000208,146,12,134
123000209,204,14,190
123000210,0,0,0
123000211,0,0,0
123000212,613,27,586
123000213,215,1,214
123000215,112,139,-27
123000216,16,188,-172
123000217,79,2,77
123000218,0,0,0
123000219,60,16,44
123000220,244,12,232
123000221,2,9,-7
123000222,21,27,-6
123000223,89,13,76
123000224,19,47,-28
123000225,15,5,10
123000226,79,2,77
123000227,4,2,2
123000228,61,4,57
123000229,0,0,0
123000232,0,0,0
123000233,229,9,220
123000234,0,0,0
123000235,141,39,102
123000236,0,0,0
123000237,68,11,57
123000238,0,0,0
123000239,0,0,0
123000240,0,0,0
123000241,25,10,15
123000242,0,0,0
123000243,13,74,-61
123000244,4,75,-71
123000245,0,0,0
123000249,0,0,0
123000252,285,145,140
123000253,441,188,253
123000254,9,10,-1
123000255,91,102,-11
123000256,0,0,0
123000257,0,0,0
123000258,0,0,0
123000259,6,0,6
123000260,9,2,7
123000261,0,0,0
123000262,0,0,0
123000263,52,6,46
123000264,25,15,10
123000265,0,0,0
123000266,7,1,6
123000267,33,121,-88
123000268,0,0,0
123000269,2,25,-23
123000270,17,6,11
123000271,0,0,0
123000272,343,107,236
123000273,87,464,-377
123000274,225,83,142
123000275,0,0,0
123000278,1,61,-60
123000279,7,26,-19
123000280,7,9,-2
123000281,42,4,38
123000282,0,0,0
123000283,1,0,1
123000284,0,0,0
123000286,0,2,-2
123000287,12,48,-36
123000288,292,128,164
123000289,107,100,7
123000291,0,0,0
123000294,0,0,0
123000295,358,188,170
123000296,137,275,-138
123000297,0,0,0
123000298,29,43,-14
123000299,11,114,-103
123000300,69,90,-21
123000301,0,0,0
123000302,180,30,150
123000303,0,49,-49
123000305,0,0,0
123000306,0,0,0
123000309,0,0,0
123000310,4,1,3
123000311,0,0,0
123000312,0,0,0
123000313,140,21,119
123000315,154,9,145
123000316,417,2,415
123000317,0,0,0
123000318,0,0,0
123000329,0,0,0
123000337,89,5,84
123000338,137,14,123
123000339,0,0,0
123000340,1,44,-43
123000342,0,0,0
123000343,1,0,1
123000344,40,1,39
123000345,10,0,10
123000346,132,31,101
123000352,0,0,0
123000353,0,0,0
123000354,434,1,433
123000355,0,0,0
123000356,118,0,118
123000357,0,0,0
123000359,0,0,0
123000360,72,43,29
123000361,0,0,0
123000362,169,3,166
123000363,31,0,31
123000364,13,34,-21
123000365,0,0,0
123000366,14,90,-76
123000367,0,32,-32
123000370,0,0,0
123000371,81,4,77
123000372,108,0,108
123000373,0,0,0
123000374,0,0,0
123000375,129,3,126
123000376,91,74,17
123000377,212,2,210
123000378,0,0,0
123000379,0,0,0
123000380,0,0,0
123000381,58,24,34
123000382,77,6,71
123000383,0,0,0
123000384,18,6,12
123000385,0,0,0
123000436,0,1,-1
123000507,2,32,-30
123000508,140,681,-541
123000517,0,0,0
123000518,0,0,0
123000519,0,0,0
123000520,0,0,0
123000521,0,0,0
123000522,0,0,0
123000541,3,3,0
123000542,0,0,0
123000565,26,0,26
123000566,14,0,14
123000567,47,0,47
123000573,0,0,0
123000574,94,3,91
123000575,228,6,222
123000576,123,10,113
123000577,0,0,0
123000578,35,23,12
123000579,531,226,305
123000580,9,0,9
123000582,86,3,83
123000583,0,0,0
123000584,98,55,43
123000585,0,0,0
123000586,13,0,13
123000596,0,0,0
123000597,2,4,-2
123000602,7,5,2
123000603,226,2,224
123000604,18,2,16
123000605,907,426,481
123000606,0,0,0
123000609,0,0,0
123000610,126,40,86
123000613,0,0,0
123000614,74,0,74
123000615,0,0,0
123000616,79,4,75
123000617,0,0,0
123000618,0,0,0
123000619,10,4,6
123000620,0,0,0
123000622,101,16,85
123000624,65,6,59
123000630,462,35,427
123000631,32,25,7
123000632,0,0,0
123000633,1,294,-293
123000634,3,2,1
123000635,0,0,0
123000636,0,0,0
123000637,3,3,0
123000638,11,3,8
123000639,474,336,138
123000640,0,0,0
123900001,0,0,0
123900002,0,0,0
123900003,0,0,0
123900005,0,0,0
123900006,0,0,0
124000001,573,153,420
124000002,0,192,-192
124000003,297,40,257
124000004,0,16,-16
124000005,181,47,134
124000006,0,32,-32
124000007,85,22,63
124000008,0,0,0
124000009,170,14,156
124000010,0,0,0
124000011,250,66,184
124000012,0,0,0
124000017,134,119,15
124000018,0,0,0
124000019,190,25,165
124000020,0,0,0
124000021,318,36,282
124000022,0,0,0
124000023,480,48,432
124000024,0,0,0
124000025,360,58,302
124000026,0,0,0
124000027,1539,310,1229
124000028,92,607,-515
124000030,0,0,0
124000031,443,161,282
124000032,0,26,-26
124000033,65,4,61
124000034,0,31,-31
124000035,1,6,-5
124000036,0,2,-2
124000037,13,57,-44
124000038,0,3,-3
124000039,63,6,57
124000040,69,68,1
124000041,128,13,115
124000042,0,20,-20
124000043,6,4,2
124000044,0,17,-17
124000045,69,4,65
124000046,0,0,0
124000047,264,29,235
124000048,0,0,0
124000049,346,17,329
124000050,0,0,0
124000051,244,11,233
124000052,0,0,0
124000053,77,85,-8
124000054,0,0,0
124000055,353,75,278
124000056,0,0,0
124000057,207,69,138
124000058,0,0,0
124000059,97,87,10
124000060,0,0,0
124000061,91,151,-60
124000062,0,0,0
124000063,0,0,0
124000064,0,0,0
124000065,0,0,0
124000066,3,1,2
124000067,68,14,54
124000068,0,0,0
124000069,254,25,229
124000070,0,0,0
124000071,67,28,39
124000072,0,0,0
124000073,268,26,242
124000074,0,0,0
124000075,143,61,82
124000076,0,0,0
124000077,0,0,0
124000078,185,198,-13
124000079,0,0,0
124000080,209,83,126
124000081,0,0,0
124000082,13,160,-147
124000083,0,0,0
124000084,2,93,-91
124000085,0,0,0
124000086,0,0,0
124000087,0,0,0
124000088,2,40,-38
124000089,173,8,165
124000090,0,0,0
124000091,195,32,163
124000092,0,0,0
124000093,0,30,-30
124000094,0,0,0
124000095,62,2,60
124000096,0,0,0
124000097,28,0,28
124000098,0,0,0
124000099,4,3,1
124000100,0,0,0
124000101,24,3,21
124000102,0,0,0
124000103,22,13,9
124000104,0,0,0
124000105,15,12,3
124000106,0,0,0
124000107,3,16,-13
124000108,0,0,0
124000109,16,0,16
124000110,0,0,0
124000111,177,7,170
124000112,0,0,0
124000113,16,27,-11
124000114,0,0,0
124000115,0,0,0
124000116,4,27,-23
124000117,0,0,0
124000118,7,18,-11
124000119,0,0,0
124000120,50,6,44
124000121,169,44,125
124000122,0,0,0
124000123,125,47,78
124000124,20,28,-8
124000125,100,11,89
124000126,11,52,-41
124000127,208,9,199
124000128,17,60,-43
124000129,125,55,70
124000130,56,48,8
124000131,79,81,-2
124000132,95,110,-15
124000133,316,52,264
124000134,0,0,0
124000135,336,73,263
124000136,0,0,0
124000137,189,54,135
124000138,0,0,0
124000139,35,0,35
124000140,0,0,0
124000141,0,0,0
124000142,0,0,0
124000143,0,0,0
124000144,0,0,0
124000145,21,3,18
124000146,0,0,0
124000148,2,19,-17
124000149,76,18,58
124000150,0,0,0
124000151,44,49,-5
124000152,0,0,0
124000153,61,127,-66
124000154,0,0,0
124000155,167,85,82
124000156,0,0,0
124000169,27,10,17
124000170,0,0,0
124000171,58,33,25
124000172,0,0,0
124000173,19,36,-17
124000174,0,0,0
124000175,0,0,0
124000176,110,74,36
124000177,0,0,0
124000178,2,4,-2
124000190,0,0,0
124000191,0,0,0
124000192,140,64,76
124000193,0,0,0
124000194,8,58,-50
124000195,109,13,96
124000196,0,0,0
124000197,0,0,0
124000198,2,7,-5
124000201,0,0,0
124000202,232,8,224
124000203,0,0,0
124000204,283,8,275
124000205,52,0,52
124000206,423,0,423
124000207,0,0,0
124000209,74,0,74
124000210,141,60,81
124000211,419,1,418
124000212,0,0,0
124000213,0,0,0
124000214,247,5,242
124000215,77,0,77
124000216,0,0,0
124000329,0,0,0
124000338,0,0,0
124000339,184,0,184
124000341,358,0,358
124000344,18,1,17
124000357,479,178,301
124000358,901,273,628
124000359,403,80,323
124000360,185,141,44
124000361,613,143,470
124000362,0,0,0
124000363,0,0,0
124000364,0,0,0
124000365,31,244,-213
124000366,17,166,-149
124000367,0,0,0
124000368,19,47,-28
124000369,11,68,-57
124000370,0,0,0
124000402,1,0,1
124000403,39,0,39
124000404,0,0,0
124000405,218,25,193
124000406,18,59,-41
124000407,0,0,0
124000411,0,0,0
124000412,21,2,19
124000413,1,0,1
124000414,18,13,5
124000415,0,0,0
124000416,0,0,0
124000417,5,6,-1
124000418,9,3,6
124000419,0,0,0
124000420,56,6,50
124000421,0,0,0
124000422,0,0,0
124000423,0,0,0
124000424,0,0,0
124000425,3,0,3
124000426,0,0,0
124000427,0,0,0
124000428,0,0,0
124000429,19,0,19
124000430,2,0,2
124000431,4,3,1
124000432,0,0,0
124000439,0,1,-1
124000442,0,0,0
124000443,0,0,0
124000445,6,114,-108
124000446,0,0,0
124900001,0,0,0
124900002,0,0,0
124900003,0,0,0
124900004,0,0,0
124900005,0,0,0
124900006,0,0,0
124900008,0,0,0
124900009,0,0,0
124900010,0,0,0
124900011,0,0,0
124900012,0,0,0
124900013,0,0,0
124900014,0,0,0
124900015,0,0,0
124900016,0,0,0
124900017,0,0,0
124900018,0,0,0
124900020,0,0,0
124900021,0,0,0
124900022,0,0,0
124900024,0,0,0
124900026,0,0,0
124900027,0,0,0
124900028,0,0,0
124900029,0,0,0
124900030,0,0,0
124900031,0,0,0
124900032,0,0,0
124900033,0,0,0
124900034,0,0,0
124900035,0,0,0
124900036,0,0,0
124900037,0,0,0
124900038,0,0,0
124900039,0,0,0
124900040,0,0,0
124900041,0,0,0
124900042,0,0,0
124900043,0,0,0
124900044,0,0,0
124900045,0,0,0
124900046,0,0,0
124900047,0,0,0
124900048,0,0,0
124900050,0,0,0
124900052,0,0,0
124900053,0,0,0
124900054,0,0,0
124900055,0,0,0
124900057,0,0,0
124900060,0,0,0
124900061,0,0,0
124900062,0,0,0
124900066,0,0,0
124900067,0,0,0
124900068,0,0,0
124900070,0,0,0
124900072,0,0,0
124900074,0,0,0
124900075,0,0,0
124900076,0,0,0
124900077,0,0,0
124900078,0,0,0
124900079,0,0,0
124900080,0,0,0
124900081,0,0,0
124900082,0,0,0
124900083,0,0,0
124900084,0,0,0
124900085,0,0,0
124900086,0,0,0
124900087,0,0,0
124900088,0,0,0
124900089,0,0,0
124900090,0,0,0
124900091,0,0,0
124900092,0,0,0
124900093,0,0,0
124900094,0,0,0
124900095,0,0,0
124900096,0,0,0
124900097,0,0,0
124900098,0,0,0
124900099,0,0,0
124900100,0,0,0
124900101,0,0,0
124900102,0,0,0
124900103,0,0,0
124900104,0,0,0
124900105,0,0,0
124900106,0,0,0
124900107,0,0,0
124900108,0,0,0
124900109,0,0,0
124900110,0,0,0
124900111,0,0,0
124900112,0,0,0
124900113,0,0,0
124900114,0,0,0
124900115,0,0,0
124900116,0,0,0
124900117,0,0,0
124900118,0,0,0
124900119,0,0,0
124900120,0,0,0
124900121,0,0,0
124900122,0,0,0
124900123,0,0,0
124900124,0,0,0
129000186,0,0,0
204000001,5,1,4
204000002,4,1,3
204000003,5,5,0
204000004,2,0,2
204000005,536,348,188
204000006,1602,1301,301
204000008,666,231,435
204000011,0,0,0
204000012,0,0,0
204000013,0,0,0
204000019,772,412,360
204000020,134,55,79
204000021,248,75,173
204000022,708,360,348
204000023,0,0,0
204000031,5,14,-9
204000032,190,15,175
204000034,0,0,0
204000035,0,0,0
204000036,0,0,0
204000037,0,0,0
204000038,0,0,0
204000039,0,0,0
204000040,0,0,0
204000041,0,0,0
204000042,4,11,-7
204000043,1,0,1
204000044,4,0,4
204000045,6,0,6
204000046,0,0,0
204000057,0,0,0
204000062,0,0,0
204000068,0,0,0
204000069,0,0,0
204000070,271,263,8
204000080,0,0,0
204000085,0,0,0
204000086,0,0,0
204000087,0,0,0
204000088,0,0,0
204000090,0,0,0
204000093,376,9,367
204000096,454,234,220
204000097,135,2,133
204000099,877,522,355
204000100,865,403,462
204000105,0,0,0
204000110,0,0,0
204000111,0,0,0
204000112,0,0,0
204000113,0,0,0
204000114,114,250,-136
204000115,57,125,-68
204000116,84,63,21
204000119,1646,634,1012
204000132,976,78,898
204000133,859,91,768
204000134,107,61,46
204000135,462,3,459
204000136,318,193,125
204000138,470,133,337
204000140,224,199,25
204000141,269,125,144
204000144,1,11,-10
204000145,61,2,59
204000146,0,0,0
204000147,0,0,0
204000148,233,9,224
204000154,0,0,0
204000155,0,0,0
204000177,52,27,25
204000179,3,0,3
204000180,0,0,0
204000222,0,0,0
204000235,0,0,0
204000236,5,7,-2
204000238,11,11,0
204000240,15,1,14
204000263,0,0,0
204000308,54,16,38
204000317,0,0,0
204000322,0,0,0
204000323,4,8,-4
204000328,136,12,124
204000329,0,0,0
204000330,80,1,79
204000331,0,0,0
204010341,7,0,7
205000001,0,0,0
205000013,0,0,0
205000014,0,0,0
205000015,0,0,0
205000016,0,0,0
205000017,0,0,0
205000022,0,0,0
205000025,0,0,0
205000029,45,9,36
205000045,0,0,0
205000047,0,0,0
205000048,0,0,0
205000049,0,0,0
205000050,0,0,0
205000059,0,0,0
205000060,0,0,0
205000061,0,0,0
205000062,0,0,0
205000063,0,0,0
205000064,0,0,0
205000065,0,0,0
205000066,0,0,0
205000067,0,0,0
205000069,0,0,0
205000082,134,63,71
205000110,0,0,0
205000111,0,0,0
205000112,163,46,117
205000113,0,0,0
205000121,193,74,119
205000123,0,0,0
205000126,1005,195,810
205000127,1155,57,1098
205000128,384,59,325
205000129,667,23,644
205000130,81,13,68
205000131,15,0,15
205000132,21,6,15
205000133,16,0,16
205000134,271,0,271
205000137,0,0,0
205000138,0,0,0
205000139,0,0,0
205000144,55,12,43
205000145,134,27,107
205000151,17,35,-18
205000152,117,34,83
205000153,291,23,268
205000154,94,64,30
205000155,108,27,81
205000207,0,0,0
205000233,6,0,6
205000234,0,0,0
205000243,0,1,-1
205000244,0,0,0
205000245,0,0,0
205000249,0,0,0
205000250,6,3,3
205000251,0,0,0
205000264,0,0,0
206000027,17,2,15
206000028,7,5,2
206000043,0,0,0
206000053,0,0,0
206000054,0,0,0
206000055,0,0,0
206000075,0,0,0
206000076,0,0,0
206000077,0,0,0
206000078,0,0,0
206000079,0,0,0
206000082,192,4,188
206000100,0,0,0
206000103,0,0,0
206000104,0,0,0
206000105,0,0,0
206000106,0,0,0
206000108,333,135,198
206000125,160,0,160
206000157,0,0,0
206000170,0,0,0
206000171,0,0,0
206000172,0,0,0
206000173,0,0,0
206000174,0,0,0
206000175,0,0,0
206000176,0,0,0
206000177,0,0,0
206000178,0,0,0
206000179,0,0,0
206000180,0,0,0
206000181,0,0,0
206000182,0,0,0
206000183,0,0,0
206000184,0,0,0
206000185,0,0,0
206000186,0,0,0
206000223,0,0,0
206000226,3,2,1
206000227,34,1,33
206000237,0,0,0
206000238,0,0,0
206000239,0,0,0
206000240,0,0,0
206000241,0,0,0
206000242,0,0,0
206000243,0,0,0
206000244,0,0,0
206000245,114,9,105
206000246,79,0,79
206000247,38,0,38
206000248,25,2,23
206000252,0,0,0
206000258,0,0,0
206000315,0,0,0
206000317,95,7,88
206000318,35,20,15
206000319,188,7,181
206000320,65,5,60
206000321,70,0,70
206000322,74,12,62
206000323,51,1,50
206000324,62,0,62
206000325,53,0,53
206000326,60,6,54
206000327,4,14,-10
206000328,192,3,189
206000329,43,0,43
206000330,24,0,24
206000331,48,1,47
206000332,3,0,3
206000333,229,0,229
206000334,66,1,65
206000335,0,0,0
206000361,0,0,0
206000392,0,0,0
206000405,133,0,133
206000441,92,39,53
206000498,38,0,38
206000515,0,0,0
206000530,9,0,9
206000531,44,2,42
206000532,105,2,103
206000535,0,0,0
206000536,0,0,0
206000537,0,0,0
206000613,82,5,77
207000001,0,0,0
207000002,0,0,0
207000003,0,0,0
207000007,272,77,195
207000008,0,0,0
207000009,0,0,0
207000010,4,14,-10
207000012,150,108,42
207000015,8,26,-18
207000019,302,12,290
207000021,473,73,400
207000022,301,34,267
207000023,243,18,225
207000024,2,3,-1
207000025,5,19,-14
207000026,0,0,0
207000027,0,0,0
207000028,0,0,0
207000029,0,0,0
207000033,257,299,-42
207000034,59,30,29
207000039,187,36,151
207000040,258,9,249
207000041,117,7,110
207000042,354,44,310
207000043,178,87,91
207000051,0,0,0
207000052,0,0,0
207000053,0,0,0
207000054,0,0,0
207000055,0,0,0
207000056,0,0,0
207000057,0,0,0
207000058,0,0,0
207000059,0,0,0
207000060,0,0,0
207000061,38,432,-394
207000062,242,93,149
207000063,162,77,85
207000064,372,122,250
207000065,306,59,247
207000066,332,74,258
207000067,62,49,13
207000068,149,23,126
207000069,695,135,560
207000082,0,11,-11
207000083,1,13,-12
207000084,102,50,52
207000085,0,0,0
207000086,0,0,0
207000106,40,2,38
207000107,114,2,112
207000108,77,2,75
207000109,39,0,39
207000110,37,11,26
207000111,166,16,150
207000112,111,60,51
207000114,0,0,0
207000115,0,0,0
207000116,0,0,0
207000117,0,0,0
207000118,0,0,0
207000119,0,0,0
207000123,112,1,111
207000124,75,4,71
207000125,29,0,29
207000126,84,10,74
207000134,0,0,0
207000135,0,0,0
207000148,199,67,132
207000149,0,0,0
207000152,0,0,0
207000153,0,0,0
207000154,391,44,347
207000159,0,0,0
207000160,0,0,0
207000238,0,0,0
207000242,0,0,0
207000248,0,0,0
207000249,0,0,0
207000250,0,0,0
207000251,0,0,0
207000252,0,0,0
207000278,87,62,25
207000279,0,0,0
207000280,195,10,185
207000281,32,72,-40
207000282,0,9,-9
207000283,0,20,-20
207000284,0,0,0
207000285,2,18,-16
207000291,0,0,0
207000304,27,31,-4
207000306,0,0,0
207000310,173,129,44
207000353,37,0,37
207000356,0,0,0
207000357,0,41,-41
207000358,0,8,-8
207000415,0,0,0
207000417,45,0,45
207000418,0,6,-6
207000437,0,0,0
207000439,703,96,607
207000446,115,0,115
207000460,0,0,0
207000466,0,0,0
207000467,70,15,55
207000468,0,0,0
207000476,0,0,0
207000477,0,0,0
207000523,0,0,0
207000524,15,0,15
207000527,393,63,330
207000530,287,0,287
207000531,129,1,128
207000532,80,2,78
207000534,168,22,146
207000535,0,0,0
207000537,0,0,0
207000540,0,0,0
207000541,0,0,0
207000548,0,0,0
207000549,139,2,137
207000561,125,18,107
207000562,0,0,0
207000567,0,0,0
207000568,0,0,0
207000569,0,0,0
207000584,0,0,0
207000585,50,81,-31
207000616,0,0,0
207000617,155,0,155
207900008,0,0,0
208000001,152,185,-33
208000002,173,118,55
208000003,248,119,129
208000004,308,156,152
208000005,0,0,0
208000019,252,166,86
208000020,303,178,125
208000021,0,0,0
208000022,0,0,0
208000028,0,0,0
208000033,0,0,0
208000034,0,0,0
208000040,75,70,5
208000041,321,116,205
208000042,258,80,178
208000047,0,0,0
208000064,802,493,309
208000066,367,393,-26
208000070,43,30,13
208000071,126,66,60
208000072,121,100,21
208000080,90,105,-15
208000081,84,20,64
208000082,0,0,0
208000083,0,0,0
208000084,0,2,-2
208000085,0,0,0
208000086,0,0,0
208000087,0,0,0
208000089,0,0,0
208000090,0,0,0
208000093,0,0,0
208000094,0,0,0
208000095,0,0,0
208000104,588,128,460
208000105,577,152,425
208000114,140,175,-35
208000115,308,124,184
208000116,226,259,-33
208000117,1,10,-9
208000118,67,14,53
208000155,0,0,0
208000158,0,0,0
208000186,534,388,146
208000204,0,0,0
208000205,0,0,0
208000282,0,0,0
209000004,12,29,-17
209000005,2,5,-3
209000006,150,38,112
209000007,0,0,0
209000010,0,0,0
209000011,0,0,0
209000012,0,0,0
209000013,0,0,0
209000014,0,0,0
209000025,105,37,68
209000026,168,24,144
209000027,0,0,0
209000028,0,0,0
209000029,0,0,0
209000030,0,0,0
209000031,0,0,0
209000034,0,0,0
209000035,0,0,0
209000036,0,0,0
209000037,0,0,0
209000038,0,0,0
209000039,0,0,0
209000040,0,0,0
209000041,0,0,0
209000042,0,0,0
209000043,0,0,0
209000044,0,0,0
209000045,232,24,208
209000046,123,29,94
209000047,297,13,284
209000048,334,61,273
209000049,0,0,0
209000050,0,0,0
209000051,0,0,0
209000052,0,0,0
209000062,0,0,0
209000063,0,0,0
209000064,0,0,0
209000065,10,4,6
209000066,10,1,9
209000067,38,3,35
209000080,0,0,0
209000082,4,1,3
209000091,0,0,0
209000093,0,0,0
209000094,0,0,0
209000110,15,16,-1
209000111,154,83,71
209000112,148,52,96
209000113,178,42,136
209000114,54,3,51
209000115,0,0,0
209000116,0,0,0
209000118,0,4,-4
209000119,0,0,0
209000121,0,0,0
209000135,11,8,3
209000142,164,17,147
209000143,0,0,0
209000144,0,0,0
209000229,155,1,154
209000240,0,0,0
209000259,0,0,0
209000260,0,0,0
209000261,0,0,0
209000262,0,0,0
209000263,0,0,0
209000264,0,0,0
209000265,54,0,54
209000266,14,0,14
209000267,255,2,253
209000268,666,4,662
210000037,35,0,35
210000047,69,1,68
210000048,19,3,16
210000049,10,0,10
210000052,0,0,0
210000053,0,0,0
210000054,0,0,0
210000070,44,0,44
210000071,77,1,76
210000072,16,0,16
210000073,0,0,0
210000074,0,0,0
210000075,0,0,0
210000076,0,0,0
210000077,0,0,0
210000078,0,0,0
210000079,18,5,13
210000080,78,16,62
210000081,42,13,29
210000082,1,0,1
210000083,36,0,36
210000084,52,0,52
210000085,0,0,0
210000086,0,0,0
210000099,0,0,0
210000100,0,0,0
210000101,0,0,0
210000105,0,0,0
210000159,0,0,0
210000163,0,0,0
210000164,94,14,80
210000168,32,1,31
210000187,0,0,0
210000188,0,0,0
210000214,27,0,27
210000219,27,10,17
210000220,24,1,23
210000232,0,0,0
210000233,0,0,0
210000234,0,0,0
210000235,0,0,0
210000245,0,0,0
210000246,22,0,22
210000258,0,0,0
210000259,85,29,56
210000282,0,0,0
210000285,0,0,0
210000286,0,0,0
210000290,0,0,0
210000295,0,0,0
210000296,0,0,0
210000320,59,1,58
210000321,50,0,50
210000338,0,0,0
210000339,0,0,0
210000340,0,0,0
210000341,0,0,0
210000342,0,0,0
210000343,0,0,0
210000344,0,0,0
210000345,0,0,0
210000346,0,0,0
210000347,0,0,0
210000348,0,0,0
210000349,0,0,0
210000350,0,0,0
210000351,0,0,0
210000352,15,11,4
210000353,13,2,11
210000354,12,22,-10
210000355,5,4,1
210000356,0,5,-5
210000357,24,23,1
210000358,12,7,5
210000359,30,14,16
210000360,127,36,91
210000361,132,62,70
210000362,72,59,13
210000363,247,71,176
210000364,128,30,98
210000365,88,6,82
210000366,107,0,107
210000367,65,1,64
210000368,62,2,60
210000369,5,15,-10
210000370,13,3,10
210000372,3,8,-5
210000373,1,5,-4
210000374,118,3,115
210000375,2,5,-3
210000376,29,37,-8
210000404,0,0,0
210000439,21,0,21
210000472,16,1,15
210000482,33,34,-1
210000564,317,44,273
210000567,0,0,0
210000568,29,0,29
211000092,0,0,0
211000094,0,0,0
211000169,0,0,0
211000172,0,0,0
211000209,0,0,0
211000226,0,0,0
211000270,0,0,0
211000275,0,0,0
211000276,0,0,0
211000279,0,0,0
211000281,0,0,0
211507980,0,0,0
211977296,0,0,0
212000003,96,22,74
212000004,0,0,0
212000005,0,0,0
212000006,0,0,0
212000008,0,0,0
212000009,0,0,0
212000012,0,0,0
212000013,0,0,0
212000014,0,0,0
212000015,0,0,0
212000016,0,0,0
212000027,485,77,408
212000028,256,153,103
212000029,209,189,20
212000030,0,19,-19
212000031,16,4,12
212000048,0,0,0
212000049,0,0,0
212000050,0,0,0
212000051,0,0,0
212000052,0,0,0
212000053,0,0,0
212000054,241,11,230
212000055,178,43,135
212000056,27,17,10
212000057,3,23,-20
212000058,22,6,16
212000070,0,0,0
212000077,0,0,0
212000099,138,30,108
212000108,104,29,75
212000111,81,6,75
212000120,0,0,0
212000138,0,0,0
212000156,0,0,0
212000158,0,62,-62
212000159,344,39,305
212000160,244,27,217
212000161,1,4,-3
212000310,0,0,0
212000311,4,21,-17
212000374,0,0,0
213000001,0,0,0
213000005,203,20,183
213000006,169,35,134
213000007,3,0,3
213000009,270,54,216
213000010,300,20,280
213000011,137,6,131
213000012,0,0,0
213000014,22,44,-22
213000015,206,3,203
213000016,101,0,101
213000017,9,0,9
213000018,0,0,0
213000019,0,0,0
213000020,0,0,0
213000021,0,0,0
213000023,1034,52,982
213000033,0,0,0
213000034,410,38,372
213000035,241,19,222
213000045,0,0,0
213000046,0,0,0
213000047,0,0,0
213000056,227,6,221
213000069,9,0,9
213000073,0,0,0
213000074,0,0,0
213000075,383,0,383
213000085,0,0,0
213000086,0,0,0
213000091,365,1,364
213000092,31,0,31
213000099,0,0,0
213000100,558,128,430
213000101,391,8,383
213000102,407,2,405
213000103,346,1,345
213000104,0,0,0
213000105,0,0,0
213000106,0,0,0
213000107,0,0,0
213000108,0,0,0
213000109,0,0,0
213000110,0,0,0
213000111,0,0,0
213000112,0,0,0
213000115,18,0,18
213000116,0,0,0
213000117,0,0,0
213000118,110,197,-87
213000119,0,0,0
213000120,0,0,0
213000122,0,0,0
213000123,0,0,0
213000124,0,0,0
213000125,159,122,37
213000126,0,0,0
213000127,0,0,0
213000128,0,0,0
213000129,286,91,195
213000130,412,105,307
213000132,260,54,206
213000133,461,94,367
213000134,442,3,439
213000136,253,2,251
213000137,459,20,439
213000139,92,0,92
213000147,1,0,1
213000148,1,0,1
213000149,4,0,4
213000150,0,0,0
213000151,0,0,0
213000152,0,0,0
213000153,0,0,0
213000154,0,0,0
213000155,0,0,0
213000156,0,0,0
213000157,0,0,0
213000158,0,0,0
213000159,556,42,514
213000163,266,113,153
213000165,528,114,414
213000171,0,0,0
213000172,0,0,0
213000173,0,0,0
213000174,0,0,0
213000175,0,0,0
213000176,405,82,323
213000177,230,6,224
213000178,399,20,379
213000179,82,0,82
213000180,251,2,249
213000184,0,0,0
213000188,152,5,147
213000189,166,7,159
213000190,266,10,256
213000191,164,0,164
213000192,71,0,71
213000193,0,0,0
213000194,0,0,0
213000195,0,0,0
213000196,0,0,0
213000197,535,56,479
213000198,16,0,16
213000200,0,0,0
213000201,0,0,0
213000202,0,0,0
213000203,784,147,637
213000204,667,41,626
213000205,415,17,398
213000206,575,20,555
213000207,1,6,-5
213000208,1,0,1
213000209,8,0,8
213000210,55,0,55
213000211,0,0,0
213000212,0,0,0
213000213,0,0,0
213000218,44,147,-103
213000219,267,16,251
213000220,224,27,197
213000223,10,47,-37
213000224,1,18,-17
213000225,25,21,4
213000226,51,2,49
213000227,558,12,546
213000228,274,3,271
213000229,18,0,18
213000230,118,1,117
213000232,0,0,0
213000233,0,0,0
213000234,0,0,0
213000293,0,0,0
213000294,28,1,27
213000295,0,0,0
213000296,21,3,18
213000297,0,0,0
213000298,0,0,0
213000299,5,0,5
213000300,1,6,-5
213000303,0,0,0
213000304,0,0,0
213000305,0,5,-5
213000306,0,0,0
213000307,6,3,3
213000308,0,0,0
213000309,97,2,95
213000310,64,14,50
213000311,0,0,0
213000315,0,0,0
213000316,43,4,39
213000322,0,0,0
213000323,0,0,0
213000324,0,0,0
213000325,0,0,0
213000326,0,0,0
213000327,0,0,0
213000328,0,0,0
213000329,0,0,0
213000340,0,0,0
213000341,264,40,224
213000347,129,22,107
213000348,0,0,0
213000349,0,0,0
213000350,0,0,0
213000366,0,0,0
213000367,132,1,131
213000379,0,0,0
213000386,0,0,0
213000406,0,0,0
213000417,493,181,312
213000425,0,0,0
213000426,0,0,0
213000427,0,0,0
213000428,0,0,0
213000429,0,0,0
213000430,0,0,0
213000431,0,0,0
213000432,0,0,0
213000433,0,0,0
213000434,0,0,0
213000435,0,0,0
213000436,0,0,0
213000437,0,0,0
213000438,0,0,0
213000439,0,0,0
213000440,0,0,0
213000441,0,0,0
213000442,0,0,0
213000443,0,0,0
213000444,0,0,0
213000445,0,0,0
213000446,0,0,0
213000447,0,0,0
213000448,0,0,0
213000449,0,0,0
213000450,0,0,0
213000451,0,0,0
213000452,0,0,0
213000453,0,0,0
213000455,45,1,44
213000456,0,0,0
213000481,3,0,3
213000484,0,0,0
213000489,27,2,25
213900002,0,0,0
213900003,58,0,58
213900013,0,0,0
213900015,0,0,0
213900016,110,2,108
213900020,0,0,0
213900030,0,0,0
213900032,28,3,25
213900033,35,6,29
213900034,264,17,247
213900035,0,0,0
213900036,0,0,0
213900037,0,0,0
213900038,593,89,504
213900039,0,0,0
213900041,0,0,0
213900042,3,19,-16
213900043,185,14,171
213900244,96,0,96
213900245,0,0,0
218000003,0,0,0
218000004,0,0,0
218000005,1,18,-17
218000006,0,0,0
218000007,0,0,0
218000012,0,1,-1
218000013,12,74,-62
218000014,56,92,-36
218000019,0,0,0
218000020,0,0,0
218000021,0,0,0
218000022,0,0,0
218000023,0,0,0
218000024,0,0,0
218000025,0,0,0
218000026,0,0,0
218000027,0,0,0
218000028,0,0,0
218000029,0,0,0
218000030,0,0,0
218000031,0,0,0
218000032,0,0,0
218000040,1,0,1
218000046,0,0,0
218000047,0,0,0
218000048,0,0,0
218000049,0,0,0
218000050,0,0,0
218000051,0,0,0
218000052,0,0,0
218000053,0,0,0
218000054,0,0,0
218000055,0,0,0
218000056,0,0,0
218000057,0,0,0
218000064,1,0,1
218000065,85,3,82
218000066,41,7,34
218000067,0,0,0
218000068,0,0,0
218000069,0,0,0
218000070,0,0,0
218000071,0,0,0
218000072,0,0,0
218000078,0,0,0
218000079,0,0,0
218000080,0,0,0
218000081,0,0,0
218000082,0,0,0
218000083,0,0,0
218000084,0,0,0
218000085,0,0,0
218000086,0,0,0
218000087,0,0,0
218000090,0,0,0
218000091,155,90,65
218000092,0,0,0
218000093,6,0,6
218000094,0,0,0
218000099,66,76,-10
218000100,32,24,8
218000101,3,12,-9
218000102,131,16,115
218000103,14,8,6
218000104,10,1,9
218000105,0,0,0
218000106,0,0,0
218000107,0,0,0
218000108,0,0,0
218000112,0,0,0
218000117,79,7,72
218000134,0,0,0
218000135,0,0,0
218000136,0,0,0
218000137,0,0,0
218000138,0,0,0
218000139,0,0,0
218000140,0,0,0
218000141,0,0,0
218000142,0,0,0
218000143,0,0,0
218000144,0,0,0
218000145,0,0,0
218000146,0,0,0
218000151,0,5,-5
218000152,42,2,40
218000153,0,0,0
218000154,0,0,0
218000155,0,0,0
218000156,0,0,0
218000157,0,0,0
218000158,0,0,0
218000159,0,0,0
218000160,0,0,0
218000161,0,0,0
218000162,0,0,0
218000163,0,0,0
218000164,0,0,0
218000165,0,0,0
218000170,0,0,0
218000171,56,7,49
218000172,4,13,-9
218000173,7,1,6
218000174,17,0,17
218000176,211,17,194
218000177,455,49,406
218000178,166,39,127
218000179,461,23,438
218000180,39,0,39
218000181,198,25,173
218000187,0,0,0
218000188,0,0,0
218000189,0,0,0
218000190,0,0,0
218000191,0,0,0
218000192,0,0,0
218000193,0,0,0
218000194,0,0,0
218000195,0,0,0
218000196,0,0,0
218000197,0,0,0
218000198,0,3,-3
218000199,0,0,0
218000200,0,0,0
218000201,1,0,1
218000202,0,0,0
218000207,0,0,0
218000208,0,0,0
218000211,0,0,0
218000212,0,0,0
218000213,0,0,0
218000214,0,0,0
218000215,0,0,0
218000217,0,0,0
218000218,0,0,0
218000219,0,0,0
218000220,6,1,5
218000221,241,124,117
218000222,1,31,-30
218000223,97,254,-157
218000224,24,123,-99
218000225,246,25,221
218000226,118,21,97
218000230,0,0,0
218000232,0,0,0
218000239,24,0,24
218000240,0,0,0
218000241,0,0,0
218000242,1,0,1
218000243,0,0,0
218000244,2,0,2
218000245,0,0,0
218000246,0,0,0
218000247,0,0,0
218000248,0,0,0
218000249,0,0,0
218000250,0,0,0
218000251,0,0,0
218000252,0,0,0
218000253,0,0,0
218000254,0,0,0
218000255,0,0,0
218000256,0,0,0
218000267,0,0,0
218000268,0,0,0
218000269,0,0,0
218000270,0,0,0
218000271,0,0,0
218000273,43,13,30
218000274,34,10,24
218000275,0,0,0
218000276,0,0,0
218000278,0,0,0
218000279,0,0,0
218000280,0,0,0
218000281,0,0,0
218000282,26,11,15
218000284,133,58,75
218000301,0,0,0
218000302,0,0,0
218000303,0,0,0
218000316,17,47,-30
218000317,26,7,19
218000318,0,0,0
218000319,0,0,0
218000320,0,0,0
218000338,0,0,0
218000345,0,0,0
218000346,25,32,-7
218000459,0,0,0
218000490,0,0,0
218000501,10,2,8
218000502,0,0,0
218000503,17,6,11
218000504,38,3,35
218000505,0,0,0
218000506,0,0,0
218000508,0,0,0
218000510,81,2,79
218000520,0,0,0
218000521,0,0,0
218000522,0,0,0
218000523,68,0,68
218000524,0,0,0
218000525,0,1,-1
218000526,0,0,0
218000529,0,0,0
218000530,0,0,0
218000531,71,4,67
218000532,0,0,0
218000534,14,2,12
218000537,1,17,-16
218000538,0,0,0
218000540,0,0,0
218000543,0,0,0
218000544,0,0,0
218000545,0,0,0
218000546,0,0,0
218000547,0,0,0
218000548,0,0,0
218000549,188,6,182
218000550,0,0,0
218000551,0,0,0
218000552,89,2,87
218000553,0,0,0
218000554,0,0,0
218000555,0,2,-2
218000556,0,0,0
218000557,21,17,4
218000558,27,3,24
218000559,0,0,0
218000560,0,0,0
218000561,0,0,0
218000562,0,0,0
218000563,126,0,126
218000564,0,0,0
218000565,14,0,14
218000566,38,4,34
218000567,0,0,0
218000568,1,0,1
218000569,0,0,0
218000570,0,0,0
218000571,0,0,0
218000572,8,0,8
218000573,0,0,0
218000574,1,2,-1
218000575,33,0,33
218000576,0,0,0
218000577,26,1,25
218000578,0,0,0
218000579,0,0,0
218000581,0,0,0
218000582,0,0,0
218000583,0,0,0
218000584,0,0,0
218000585,0,0,0
218000586,0,0,0
218000587,0,0,0
218000588,0,0,0
218000589,0,0,0
218000590,0,0,0
218000591,0,0,0
218000592,0,0,0
218000593,0,0,0
218000594,0,0,0
218000595,0,0,0
218000596,0,0,0
218000597,0,0,0
218000598,0,0,0
218000599,0,0,0
218000600,0,0,0
218000601,0,0,0
218000602,0,0,0
218000603,0,0,0
218000604,1,1,0
218000605,0,0,0
218000606,0,0,0
218000607,0,0,0
218000608,0,0,0
218000609,0,0,0
218000610,0,0,0
218000611,0,0,0
218000612,0,0,0
218000613,0,0,0
218000614,0,0,0
218000615,0,0,0
218000616,0,0,0
218000617,0,0,0
218000618,0,0,0
218000619,4,2,2
218000620,0,0,0
218000621,0,6,-6
218000622,0,0,0
218000623,0,0,0
218000624,0,0,0
218000625,0,0,0
218000626,0,0,0
218000628,38,18,20
218000631,0,2,-2
218000632,0,0,0
218000633,0,0,0
218000634,0,0,0
218000635,0,0,0
218000636,0,0,0
218000637,0,0,0
218000638,282,62,220
218000639,0,0,0
218000640,120,4,116
218000641,0,0,0
218000652,0,0,0
218000653,301,65,236
218000663,0,0,0
218000675,0,0,0
218000676,0,0,0
218000677,0,0,0
218000680,0,0,0
218000681,51,8,43
218000691,0,0,0
218000693,83,24,59
218000703,0,0,0
218000718,0,0,0
218000719,37,23,14
218000720,0,0,0
218000721,3,4,-1
218000725,0,0,0
218001214,0,0,0
218001329,20,14,6
218001330,0,0,0
218001351,2,2,0
218001352,0,0,0
218001353,0,0,0
218001354,0,0,0
219000001,0,0,0
219000002,0,0,0
219000003,52,9,43
219000004,12,30,-18
219000017,0,0,0
219000020,77,2,75
219000022,72,3,69
219000023,32,0,32
219000029,0,0,0
219000034,6,2,4
219000039,0,0,0
219000040,0,0,0
219000041,0,0,0
219000051,0,0,0
219000052,0,0,0
219000053,0,0,0
219000054,0,0,0
219000055,0,0,0
219000056,0,0,0
219000057,0,0,0
219000062,0,0,0
219000063,0,0,0
219000064,0,0,0
219000110,53,13,40
219000111,84,4,80
219000112,45,2,43
219000113,47,6,41
219000114,89,0,89
219000116,1,0,1
219000117,1,1,0
219000118,16,5,11
219000123,70,1,69
219000124,2,0,2
219000125,0,0,0
219000126,0,0,0
219000127,0,0,0
219000128,0,0,0
219000129,0,0,0
219000130,0,0,0
219000131,218,192,26
219000133,2,1,1
219000134,5,5,0
219000135,5,3,2
219000136,37,24,13
219000138,3,0,3
219000139,0,0,0
219000140,3,1,2
219000141,0,0,0
219000142,0,0,0
219000143,0,0,0
219000145,26,2,24
219000146,0,0,0
219000147,0,0,0
219000148,0,0,0
219000149,0,0,0
219000150,0,0,0
219000151,0,0,0
219000157,26,12,14
219000158,23,3,20
219000161,0,0,0
219000163,41,11,30
219000166,2,21,-19
219000167,0,0,0
219000168,22,31,-9
219000174,47,4,43
219000175,0,0,0
219000176,0,0,0
219000177,0,0,0
219000178,0,0,0
219000179,0,0,0
219000180,0,0,0
219000182,53,2,51
219000183,45,1,44
219000184,9,2,7
219000185,0,0,0
219000186,21,12,9
219000187,2,1,1
219000189,0,0,0
219000190,0,0,0
219000191,0,0,0
219000192,53,12,41
219000193,0,0,0
219000195,0,0,0
219000196,0,0,0
219000198,0,0,0
219000199,0,0,0
219000200,0,0,0
219000201,0,0,0
219000203,0,0,0
219000204,0,0,0
219000205,0,0,0
219000207,0,0,0
219000209,0,0,0
219000210,0,0,0
219000213,0,0,0
219000239,0,0,0
219000240,0,0,0
219000241,0,0,0
219000242,0,0,0
219000243,0,0,0
219000244,0,0,0
219000245,0,0,0
219000246,6,3,3
219000247,99,9,90
219000248,147,111,36
219000249,38,9,29
219000250,15,13,2
219000251,97,80,17
219000252,88,101,-13
219000253,39,11,28
219000255,4,12,-8
219000256,26,3,23
219000257,55,1,54
219000262,0,0,0
219000263,0,0,0
219000267,0,0,0
219000268,0,0,0
219000269,0,0,0
219000270,0,0,0
219000271,0,0,0
219000278,0,0,0
219000279,0,0,0
219000283,0,0,0
219000295,0,0,0
219000296,0,0,0
219000297,0,0,0
219000298,0,0,0
219000299,125,17,108
219000300,0,0,0
219000301,0,0,0
219000302,0,0,0
219000307,0,0,0
219000308,0,0,0
219000311,66,10,56
219000312,47,8,39
219000313,83,6,77
219000314,0,0,0
219000315,158,6,152
219000316,135,1,134
219000317,43,1,42
219000320,0,0,0
219000321,0,0,0
219000323,0,0,0
219000325,0,0,0
219000326,0,0,0
219000327,0,0,0
219000328,0,0,0
219000329,0,0,0
219000330,0,0,0
219000331,0,0,0
219000332,23,6,17
219000333,0,0,0
219000335,0,0,0
219000337,15,0,15
219000338,12,0,12
219000344,0,0,0
219000345,0,0,0
219000346,0,0,0
219000348,0,0,0
219000349,0,0,0
219000350,0,0,0
219000351,0,0,0
219000352,20,40,-20
219000353,2,29,-27
219000354,16,6,10
219000355,52,18,34
219000356,44,49,-5
219000363,85,4,81
219000364,116,0,116
219000365,28,1,27
219000366,70,9,61
219000368,33,41,-8
219000370,41,68,-27
219000371,0,0,0
219000382,0,0,0
219000383,0,0,0
219000385,0,0,0
219000386,0,0,0
219000387,0,0,0
219000390,0,0,0
219000391,0,0,0
219000397,0,0,0
219000398,0,0,0
219000401,0,0,0
219000402,0,0,0
219000403,0,0,0
219000404,0,0,0
219000407,0,0,0
219000409,7,35,-28
219000410,105,0,105
219000411,33,1,32
219000446,0,0,0
219000447,0,0,0
219000448,36,0,36
219000452,0,0,0
219000453,0,0,0
219000454,10,11,-1
219000556,38,9,29
219000558,0,0,0
219000590,0,0,0
219000591,17,20,-3
219000592,0,0,0
219000595,0,0,0
219000635,65,5,60
219000636,0,0,0
219000657,3,0,3
219000658,0,0,0
219000673,0,0,0
219000676,1,0,1
219000679,6,0,6
219000684,0,0,0
219000685,0,0,0
219000686,0,0,0
219000688,0,0,0
219000689,0,0,0
219000690,277,7,270
219000691,0,0,0
219000692,34,1,33
219000693,0,0,0
219000694,0,0,0
219000695,0,0,0
219000698,23,0,23
219000699,0,0,0
219000727,0,0,0
219000728,0,0,0
219000770,7,0,7
219000771,0,0,0
219001150,0,0,0
219001151,0,0,0
219001166,1,0,1
219001167,0,0,0
220000001,0,10,-10
220000002,0,0,0
220000003,0,0,0
220000004,0,0,0
220000005,0,0,0
220000006,0,0,0
220000007,0,0,0
220000008,0,0,0
220000009,0,0,0
220000010,1,3,-2
220000011,12,6,6
220000012,0,0,0
220000014,0,0,0
220000015,0,0,0
220000017,0,0,0
220000018,1,0,1
220000019,0,0,0
220000020,7,1,6
220000021,0,0,0
220000022,0,0,0
220000023,0,0,0
220000024,4,0,4
220000025,2,8,-6
220000026,11,13,-2
220000027,1,7,-6
220000028,2,4,-2
220000029,0,0,0
220000030,0,0,0
220000031,38,39,-1
220000064,0,0,0
221000046,14,0,14
221000047,0,0,0
221000048,0,0,0
221000049,0,0,0
221000050,45,0,45
221000055,38,0,38
221000057,117,38,79
221000068,386,20,366
221000069,205,26,179
221000070,134,25,109
221000071,89,1,88
221000072,174,1,173
221000073,82,29,53
221000074,0,0,0
221000075,0,0,0
221000076,0,0,0
221000077,0,0,0
221000081,23,0,23
221000082,17,1,16
221000083,36,0,36
221000084,46,0,46
221000085,6,0,6
221000086,0,0,0
221000087,0,0,0
221000088,0,0,0
221000089,0,0,0
221000090,0,0,0
221000098,89,22,67
221000099,102,5,97
221000100,90,1,89
221000101,130,4,126
221000102,91,2,89
221000109,0,0,0
221000110,0,0,0
221000111,0,0,0
221000112,0,0,0
221000113,0,0,0
221000114,0,0,0
221000120,0,0,0
221000121,0,23,-23
221000122,0,6,-6
221000123,0,0,0
221000124,0,0,0
221000155,57,22,35
221000156,0,0,0
221000175,0,0,0
221000176,0,0,0
221000182,18,1,17
221000241,861,79,782
221000242,0,0,0
221000243,360,55,305
221000244,0,0,0
221000245,188,17,171
221000246,0,0,0
221000247,256,59,197
221000248,0,0,0
221000267,0,0,0
221000325,0,0,0
221000331,0,0,0
221000338,1,20,-19
221000378,125,13,112
221000381,0,0,0
222000282,0,0,0
222000296,0,0,0
222000568,71,4,67
222000569,59,16,43
222000570,51,3,48
222000571,179,11,168
222000577,0,0,0
222000578,0,0,0
222000579,0,0,0
222000580,0,0,0
222000599,0,0,0
222000600,0,0,0
222000601,0,0,0
222000603,0,0,0
222000604,0,0,0
222000605,0,0,0
222000606,0,0,0
222000607,0,0,0
222000608,0,0,0
222000609,0,0,0
222000616,65,0,65
222000617,2,0,2
222000618,0,0,0
222000620,1,0,1
222000621,21,1,20
222000623,250,0,250
222000624,227,0,227
222000625,216,0,216
222000636,23,0,23
222000686,0,1,-1
222000687,3,0,3
222001066,211,1,210
222001067,38,0,38
222001068,72,0,72
222001069,20,0,20
222001082,0,0,0
222001083,0,0,0
222001084,0,0,0
222001085,0,0,0
222001111,0,0,0
222001112,124,14,110
222001313,1,0,1
222001314,0,0,0
222001464,3,1,2
222001465,0,0,0
222001484,13,0,13
222001485,0,0,0
222001494,119,6,113
222001495,0,0,0
222001496,111,2,109
222001497,0,0,0
222001502,0,0,0
222001503,50,2,48
222001504,0,0,0
222001505,190,0,190
222001506,0,0,0
222001507,101,0,101
222001510,251,12,239
222001511,0,0,0
222001514,265,10,255
222001515,0,0,0
222001518,94,3,91
222001519,0,0,0
222001527,30,0,30
222001528,0,0,0
222001529,137,3,134
222001530,0,0,0
222001533,0,0,0
222001534,396,27,369
222001535,42,18,24
222001536,0,0,0
222001537,44,1,43
222001538,0,0,0
222001563,247,13,234
222001564,0,0,0
222001568,33,4,29
222001576,0,1,-1
222001579,0,0,0
222001583,0,0,0
222001584,45,1,44
222001596,0,0,0
222001597,204,51,153
222001626,0,0,0
222001650,0,8,-8
222001651,0,0,0
222001914,17,10,7
222001915,0,0,0
222900004,39,25,14
222900009,0,0,0
222900019,22,0,22
222900024,5,0,5
222900025,0,0,0
225000001,109,25,84
225000002,207,29,178
225000003,120,9,111
225000004,157,34,123
225000005,71,6,65
225000006,0,0,0
225000007,0,0,0
225000010,16,0,16
225000011,86,179,-93
225000012,45,102,-57
225000013,69,12,57
225000014,60,12,48
225000015,0,0,0
225000021,148,12,136
225000027,0,0,0
225000032,157,45,112
225000042,0,0,0
225000049,0,0,0
225000050,25,1,24
225000053,0,0,0
225000058,201,9,192
225000067,0,0,0
225000068,0,0,0
225000069,0,0,0
225000070,0,0,0
225000071,0,0,0
225000075,0,0,0
225000076,0,0,0
225000078,0,9,-9
225000085,24,22,2
225000086,23,6,17
225000087,49,4,45
225000088,0,0,0
225000089,0,0,0
225000090,0,0,0
225000091,0,0,0
225000092,0,0,0
225000093,0,0,0
225000094,0,0,0
225000095,0,0,0
225000096,0,0,0
225000098,347,127,220
225000099,194,24,170
225000100,82,32,50
225000104,0,0,0
225000110,0,0,0
225000111,0,0,0
225000112,0,0,0
225000113,0,0,0
225000114,0,0,0
225000115,0,0,0
225000116,110,39,71
225000117,357,70,287
225000118,430,77,353
225000119,51,3,48
225000120,170,0,170
225000121,121,4,117
225000123,683,6,677
225000125,134,38,96
225000126,165,48,117
225000127,456,95,361
225000128,294,157,137
225000132,0,0,0
225000133,0,0,0
225000134,44,62,-18
225000135,18,0,18
225000136,43,0,43
225000137,19,0,19
225000138,235,0,235
225000143,0,0,0
225000144,0,0,0
225000145,74,32,42
225000146,0,0,0
225000147,0,0,0
225000148,0,0,0
225000149,0,0,0
225000151,0,0,0
225000155,0,0,0
225000156,0,0,0
225000157,0,0,0
225000158,0,0,0
225000171,0,0,0
225000180,4,0,4
225000181,0,0,0
225000182,11,2,9
225000185,0,0,0
225000187,0,0,0
225000191,40,0,40
225000194,0,0,0
225000208,0,0,0
225000209,44,8,36
225000210,0,0,0
225000217,0,0,0
225000218,14,0,14
225000223,0,0,0
225000224,1,0,1
225000225,0,0,0
225000226,213,18,195
225000227,0,0,0
225000228,3,2,1
225000229,0,0,0
225000230,2,0,2
225000231,0,0,0
225000232,46,0,46
225000241,135,0,135
225000242,0,0,0
225000249,25,0,25
225000250,0,0,0
225000251,0,0,0
225000254,0,0,0
225000256,0,0,0
225000257,0,0,0
226000042,0,0,0
226000043,0,0,0
226000044,0,0,0
226000045,0,0,0
226000046,99,26,73
226000047,93,6,87
226000048,132,3,129
226000049,96,41,55
226000070,0,0,0
226000071,0,0,0
226000072,0,0,0
226000073,0,0,0
226000074,0,0,0
226000084,0,0,0
226000085,0,0,0
226000086,0,0,0
226000087,0,0,0
226000088,0,0,0
226000090,0,31,-31
226000091,0,1,-1
226000092,0,0,0
226000093,0,0,0
226000094,0,2,-2
226000095,2,7,-5
226000105,0,0,0
226000106,3,0,3
226000107,5,0,5
226000108,2,0,2
226000109,7,0,7
226000124,58,26,32
226000134,101,37,64
226000135,138,24,114
226000136,11,31,-20
226000137,0,0,0
226000138,0,0,0
226000139,0,0,0
226000156,41,0,41
226000157,114,0,114
226000163,0,0,0
226000202,0,0,0
226000231,147,1,146
226000232,1,0,1
227000033,128,5,123
227000036,181,2,179
227000037,84,1,83
227000038,55,0,55
227000084,0,0,0
227000085,0,0,0
227000088,13,0,13
227000089,2,0,2
227000090,5,0,5
227000091,1,0,1
227000092,11,0,11
227000093,3,0,3
227000094,1,0,1
227000130,0,0,0
227000131,0,0,0
227000132,0,0,0
227000133,0,0,0
227000134,0,0,0
227000152,0,0,0
227000153,0,0,0
227000154,0,0,0
227000155,0,0,0
227000156,0,0,0
227000165,0,0,0
227000196,74,1,73
227000199,159,7,152
227000230,0,0,0
227000232,51,4,47
227000242,0,0,0
227000243,133,3,130
227000245,0,0,0
227000246,0,0,0
227000247,137,3,134
227000248,10,7,3
227000249,0,0,0
227000250,14,108,-94
227000251,0,0,0
227000252,0,0,0
227000253,68,4,64
227000262,222,8,214
227000266,197,0,197
227000267,0,0,0
227000282,0,0,0
227000284,184,2,182
227000286,0,0,0
227000291,0,0,0
227000296,22,0,22
227000484,151,0,151
227000485,0,0,0
227000655,51,0,51
227000656,87,7,80
227000657,6,2,4
227000704,21,2,19
229000265,0,1,-1
229000266,0,0,0
229000267,22,0,22
229000268,0,0,0
229000269,2,0,2
229000274,0,0,0
229000275,0,0,0
229000276,0,0,0
229000277,0,0,0
229000278,0,0,0
229000295,0,0,0
229000296,0,0,0
229000297,0,0,0
229000298,0,0,0
229000320,2,3,-1
229000321,4,0,4
229000412,0,0,0
229000414,0,0,0
229000415,0,0,0
229000416,0,0,0
229000417,0,0,0
229000419,0,0,0
229000440,60,7,53
229000442,5,0,5
229000443,0,0,0
229000444,0,0,0
229000445,16,0,16
229000446,28,3,25
229000491,0,0,0
229000492,0,0,0
229000493,0,0,0
229000494,0,0,0
229000495,0,0,0
229000496,0,0,0
229000507,0,0,0
229000508,0,0,0
229000509,0,0,0
229000510,0,0,0
229000511,0,0,0
229000512,0,0,0
229000513,0,0,0
229000514,0,0,0
229000517,0,0,0
229000518,0,0,0
229000519,0,0,0
229000520,0,0,0
229000521,0,0,0
229000522,0,0,0
229000523,0,0,0
229000524,0,0,0
229000527,0,0,0
229000528,0,0,0
229000529,0,0,0
229000530,0,0,0
229000531,0,0,0
229000532,0,0,0
229000533,13,1,12
229000534,4,0,4
229000564,63,9,54
229000565,45,2,43
229000566,0,0,0
229000567,0,0,0
229000582,41,6,35
229000583,0,20,-20
229000584,0,0,0
229000585,0,0,0
229000718,0,0,0
229000719,0,0,0
229000720,0,0,0
229000721,0,0,0
229000722,0,0,0
229000723,0,0,0
229000724,0,0,0
229000725,0,0,0
229000738,1,0,1
229000739,1,0,1
229000740,2,0,2
229000741,46,0,46
229000742,34,0,34
229000743,19,0,19
229000744,0,0,0
229000745,1,0,1
229000746,20,0,20
229000847,0,0,0
229000848,0,0,0
229000849,0,0,0
229000851,0,0,0
229000854,0,0,0
229000856,0,0,0
229000857,0,0,0
229000858,0,0,0
229000919,0,0,0
229000930,0,0,0
229000937,60,0,60
229000966,18,1,17
229000981,0,0,0
229000985,0,0,0
229000986,0,0,0
229000987,0,0,0
229000988,0,0,0
229000989,0,1,-1
229000990,0,0,0
229000991,0,0,0
229000992,19,0,19
229000993,32,7,25
229000998,0,0,0
229000999,7,11,-4
229001034,0,0,0
229001035,0,0,0
229001036,0,0,0
229001037,11,7,4
229001038,0,0,0
229001039,0,0,0
229001040,0,0,0
229001041,50,1,49
229001042,1,2,-1
229001047,0,0,0
229001050,16,0,16
229001168,0,0,0
229001200,0,0,0
229001338,0,0,0
229001394,114,0,114
229001422,55,5,50
229001423,0,0,0
229001431,31,4,27
229001432,0,0,0
229001444,90,8,82
229001445,0,0,0
229001479,0,0,0
229001503,79,6,73
229001504,0,0,0
229001505,74,4,70
229001506,0,0,0
229001509,2,6,-4
229001510,0,0,0
229001545,62,0,62
229001546,0,0,0
229001553,39,0,39
229001554,0,0,0
229001630,30,2,28
229001631,0,0,0
229001635,0,0,0
229001636,0,0,0
229001658,0,0,0
229001659,85,0,85
229001660,0,0,0
229001661,0,0,0
229001662,19,0,19
229001663,0,0,0
229002584,34,9,25
229002831,0,0,0
229002841,0,0,0
229002842,2,0,2
229002843,1,2,-1
229002844,0,0,0
229002845,0,0,0
229002846,0,1,-1
229002847,0,0,0
229002848,0,0,0
229002849,0,0,0
229002850,27,0,27
229002851,0,0,0
229002852,23,2,21
229002853,8,0,8
229002854,0,0,0
229002855,0,0,0
229002856,0,2,-2
229002857,0,0,0
229002858,0,0,0
229002859,0,0,0
229002860,2,0,2
229002861,4,21,-17
229002862,0,0,0
229002863,0,0,0
229002864,5,2,3
229002865,0,0,0
229002866,2,0,2
229002867,0,0,0
229002868,1,1,0
229002869,0,0,0
229002870,17,3,14
235000066,255,4,251
235000067,166,11,155
235000072,0,0,0
235000073,0,0,0
235000074,0,0,0
235000080,0,0,0
235000081,0,0,0
235000082,161,3,158
235000083,102,6,96
235000084,21,3,18
235000085,332,9,323
235000089,21,3,18
235000092,0,0,0
235000093,0,0,0
235000097,0,0,0
235000098,128,1,127
235000099,1,2,-1
235000116,8,0,8
235000117,81,0,81
235000133,0,0,0
235000134,0,0,0
235000206,0,2,-2
235000207,0,5,-5
235000208,0,2,-2
235000209,1,1,0
235000210,0,0,0
235000212,0,0,0
235000213,0,0,0
235000220,0,0,0
235000221,0,0,0
235000238,12,178,-166
235000239,1,8,-7
235000242,39,448,-409
235000245,0,0,0
235000246,0,0,0
235000284,0,0,0
235000295,6,0,6
235000305,163,30,133
235000306,106,0,106
235000307,36,0,36
235000308,2,0,2
235000309,1,0,1
235000310,2,0,2
235000311,8,0,8
235000322,0,0,0
235000323,0,0,0
235000324,0,0,0
235000325,0,0,0
235000326,0,0,0
235000351,0,0,0
235000352,0,0,0
235000353,0,0,0
235000354,0,0,0
235000355,0,0,0
235000356,12,0,12
235000357,18,0,18
235000358,2,3,-1
235000359,0,4,-4
235000360,5,0,5
235000361,17,0,17
235000381,0,0,0
235000382,49,3,46
235000390,0,0,0
235000391,201,3,198
235000392,206,49,157
235000393,116,22,94
235000395,124,6,118
235000396,378,8,370
235000400,49,7,42
235000401,0,0,0
235000405,0,0,0
235000406,0,0,0
235000407,0,0,0
235000409,0,0,0
235000410,0,0,0
235000411,0,0,0
235000485,0,0,0
235000486,49,0,49
235000549,50,5,45
235000550,0,0,0
235000599,0,0,0
235000600,0,0,0
235000601,17,1,16
235000602,25,3,22
235000614,0,0,0
235000648,0,0,0
235000649,59,0,59
235000685,0,0,0
235000815,0,0,0
235000834,0,0,0
235000855,47,13,34
235000862,0,0,0
235000891,0,0,0
235000892,0,0,0
235000901,0,0,0
235000907,0,0,0
235001010,35,4,31
235001029,0,0,0
235001030,312,11,301
235001078,52,23,29
235001079,0,0,0
235001147,0,8,-8
235001166,10,1,9
235001167,0,0,0
235001169,0,0,0
235001188,0,0,0
235001189,0,0,0
235001197,0,0,0
235001200,0,0,0
235001208,16,1,15
235001209,0,0,0
235001210,0,0,0
235001239,0,0,0
235001244,0,0,0
235016267,0,0,0
241900007,81,0,81
277101746,0,0,0
277102712,5,0,5
277103813,0,0,0
277103814,0,0,0
277103898,0,0,0
277104249,0,0,0
277104250,0,0,0
277104251,0,0,0
277104252,0,0,0
990011530,0,0,0
990014944,0,3,-3
990015176,8,0,8
990015618,0,0,0
990016032,0,0,0
990032570,0,2,-2
990070001,33,0,33
990070103,0,0,0
990070601,0,0,0
990070751,0,0,0
990070766,0,0,0
990071180,456,0,456
990071343,9,0,9
990071387,0,0,0
990071823,73,0,73
990072600,0,0,0
990072964,0,0,0
990073285,0,0,0
990074393,0,0,0
990074870,454,0,454
990075106,192,0,192
990075746,185,0,185
990076437,1540,35,1505
990076458,0,0,0
997000007,171,0,171
997000041,0,0,0
997000058,40,0,40
997000062,66,1,65
997000069,0,0,0
997000070,0,0,0
997000100,0,0,0
997000141,0,0,0
997000198,0,0,0
998000475,0,0,0
998000736,0,0,0
998000965,0,0,0
998001031,0,0,0
998001700,0,0,0
998001899,0,0,0
998001900,26,170,-144
998003073,444,1,443
998101900,4,67,-63
998102850,0,0,0
998501927,255,0,255
998501929,576,85,491
998501930,66,1,65
998501931,238,56,182
998501932,7,0,7
998501933,524,1,523
998501937,49,11,38
998501944,3,0,3
998501950,0,0,0
998501970,31,0,31
998501971,0,147,-147
998501972,129,0,129
998501973,0,0,0
998501974,0,0,0
998501975,45,0,45
998501976,35,0,35
998501977,0,4,-4
998501978,10,0,10
998501979,0,0,0
998501980,54,0,54
998501981,184,0,184
998501982,0,0,0
998502006,0,0,0
998502024,0,0,0
998502032,0,2,-2
998502062,4,1,3
998502063,0,0,0
998502173,0,0,0
998502269,0,0,0
998601159,0,0,0
998601292,0,0,0
999033574,0,0,0
999800001,36,3,33
999800002,0,0,0
999800003,8,0,8
999800004,0,0,0
999800005,0,0,0
