ID,insum,outsum,diff
100000001,104,48,56
100000002,1041,1626,-585
100000003,1067,1944,-877
100000004,63,465,-402
100000005,933,1335,-402
100000006,3,15,-12
100000007,82,137,-55
100000008,0,0,0
100000009,0,46,-46
100000010,0,14,-14
100000011,27,7,20
100000012,0,0,0
100000013,0,0,0
100000014,0,0,0
100000015,176,222,-46
100000016,0,1,-1
100000017,0,0,0
100000018,64,40,24
100000019,114,208,-94
100000020,85,302,-217
100000021,0,0,0
100000022,21,188,-167
100000023,43,0,43
100000025,2,11,-9
100000028,7,37,-30
100000029,0,0,0
100000030,0,0,0
100000031,151,623,-472
100000032,127,140,-13
100000033,81,130,-49
100000034,0,0,0
100000035,1,51,-50
100000036,11,93,-82
100000037,29,48,-19
100000038,247,95,152
100000039,70,9,61
100000040,1,6,-5
100000041,45,26,19
100000042,65,54,11
100000043,30,30,0
100000044,0,0,0
100000045,0,0,0
100000046,0,0,0
100000047,0,0,0
100000048,0,0,0
100000049,0,0,0
100000051,0,0,0
100000053,2,0,2
100000054,17,4,13
100000055,0,0,0
100000056,9,26,-17
100000057,104,31,73
100000058,0,0,0
100000059,6,3,3
100000060,70,37,33
100000061,71,67,4
100000062,66,73,-7
100000063,82,46,36
100000064,152,19,133
100000065,24,12,12
100000066,5,3,2
100000067,20,14,6
100000068,12,12,0
100000069,5,17,-12
100000072,0,0,0
100000073,0,0,0
100000075,0,0,0
100000076,130,750,-620
100000077,15,67,-52
100000078,15,139,-124
100000079,0,89,-89
100000080,0,45,-45
100000081,0,28,-28
100000102,263,1006,-743
100000103,137,70,67
100000104,83,139,-56
100000105,0,0,0
100000106,67,969,-902
100000107,9,285,-276
100000108,0,22,-22
100000109,66,27,39
100000116,179,47,132
100000117,2,41,-39
100000118,378,41,337
100000119,104,48,56
100000121,29,23,6
100000122,150,91,59
100000123,190,109,81
100000124,121,142,-21
100000125,57,101,-44
100000126,4,14,-10
100000127,2,14,-12
100000128,0,15,-15
100000129,41,13,28
100000130,0,0,0
100000131,3,0,3
100000132,8,159,-151
100000133,209,81,128
100000135,144,54,90
100000139,86,110,-24
100000140,0,0,0
100000142,98,31,67
100000143,0,0,0
100000144,0,0,0
100000147,167,763,-596
100000150,7,22,-15
100000151,80,382,-302
100000153,0,2,-2
100000154,0,0,0
100000155,0,56,-56
100000156,48,118,-70
100000157,310,85,225
100000158,37,96,-59
100000159,5,49,-44
100000165,50,21,29
100000169,0,0,0
100000174,0,0,0
100000179,3,13,-10
100000180,0,0,0
100000181,3,4,-1
100000188,0,0,0
100000189,121,52,69
100000190,50,168,-118
100000191,13,124,-111
100000192,3,223,-220
100000193,40,18,22
100000330,0,0,0
100000355,3,6,-3
100000362,130,88,42
100000363,1537,1989,-452
100000364,0,0,0
100000365,2500,1122,1378
100000366,465,306,159
100000367,1819,1521,298
100000368,67,65,2
100000369,113,653,-540
100000370,0,52,-52
100000376,0,2,-2
100000379,72,386,-314
100000380,760,1566,-806
100000384,891,1868,-977
100000385,103,589,-486
100000386,422,932,-510
100000387,244,999,-755
100000388,1253,922,331
100000389,1010,1556,-546
100000390,578,310,268
100000391,516,1450,-934
100000392,147,222,-75
100000393,87,790,-703
100000394,106,334,-228
100000395,63,137,-74
100000396,259,327,-68
100000397,377,457,-80
100000398,1960,806,1154
100900002,0,0,0
100900003,0,0,0
100900004,0,0,0
100900005,0,0,0
100900006,0,0,0
100900007,0,0,0
100900008,0,0,0
100900009,0,0,0
100900010,0,0,0
100900011,0,0,0
100900012,0,0,0
100900013,0,0,0
100900014,0,0,0
100900015,0,0,0
100900016,0,0,0
100900017,0,0,0
100900018,0,0,0
100900019,0,0,0
100900020,0,0,0
100900021,0,0,0
100900022,0,0,0
100900023,0,0,0
100900024,0,0,0
100900025,0,0,0
100900026,0,0,0
100900027,0,0,0
100900028,0,0,0
100900029,0,0,0
100900030,0,0,0
100900031,0,0,0
100900032,0,0,0
100900033,0,0,0
100900034,0,0,0
100900035,0,0,0
100900036,0,0,0
100900037,0,0,0
100900038,0,0,0
100900039,0,0,0
100900040,0,0,0
100900041,0,0,0
100900042,3,4,-1
100900043,0,0,0
100900044,0,0,0
100900045,0,0,0
100900046,0,0,0
100900047,0,0,0
100900048,0,0,0
100900049,0,0,0
100900050,0,0,0
100900051,0,0,0
100900052,0,0,0
100900053,0,0,0
100900054,0,0,0
100900055,0,0,0
100900056,0,0,0
100900057,0,0,0
100900058,0,0,0
100900059,0,0,0
100900060,0,0,0
100900061,0,0,0
100900062,0,0,0
100900063,0,0,0
100900064,0,0,0
100900065,0,0,0
100900066,0,0,0
100900067,0,0,0
100900068,0,0,0
100900069,0,0,0
100900070,0,0,0
100900071,0,0,0
100900072,0,0,0
100900073,0,0,0
100900074,0,0,0
100900075,0,0,0
100900076,0,0,0
100900077,0,0,0
100900078,0,0,0
100900079,0,0,0
100900080,0,0,0
100900081,0,0,0
100900082,0,0,0
100900083,0,0,0
100900085,0,0,0
100900086,0,0,0
100900088,0,0,0
100900089,0,0,0
100900090,0,0,0
100900091,0,0,0
100900092,0,0,0
100900093,0,0,0
100900094,0,0,0
100900095,0,0,0
100900096,0,0,0
100900097,0,0,0
100900098,0,0,0
100900099,0,0,0
100900100,0,0,0
100900101,0,0,0
100900102,0,0,0
100900103,0,0,0
100900104,0,0,0
100900105,0,0,0
100900106,0,0,0
100900107,0,0,0
100900108,0,0,0
100900109,0,0,0
100900110,0,0,0
100900111,0,0,0
100900112,0,0,0
100900113,0,0,0
100900114,0,0,0
100900115,0,0,0
100900116,0,0,0
100900117,0,0,0
100900118,0,0,0
100900119,0,0,0
100900120,0,0,0
100900121,0,0,0
100900122,0,0,0
100900123,0,0,0
100900124,0,0,0
100900125,0,0,0
100900126,0,0,0
100900127,0,0,0
100900128,0,0,0
100900129,0,0,0
100900131,0,0,0
100900133,0,0,0
100900134,0,0,0
100900135,0,0,0
100900137,0,0,0
100900138,0,0,0
100900139,0,0,0
100900140,0,0,0
100900141,0,0,0
100900142,0,0,0
100900143,0,0,0
100900144,0,0,0
100900145,0,0,0
100900146,0,0,0
100900147,0,0,0
100900148,0,0,0
100900149,0,0,0
100900150,0,0,0
100900151,0,0,0
100900152,0,0,0
100900153,0,0,0
100900154,0,0,0
100900155,0,0,0
100900156,0,0,0
100900157,0,0,0
100900158,0,0,0
100900159,0,0,0
100900160,0,0,0
100900161,0,0,0
100900162,0,0,0
100900163,0,0,0
100900164,0,0,0
100900165,0,0,0
100900166,0,0,0
100900167,0,0,0
100900168,0,0,0
100900169,0,0,0
100900170,0,0,0
100900171,0,0,0
100900172,0,0,0
100900173,0,0,0
100900174,0,0,0
100900176,0,0,0
100900177,0,0,0
100900178,0,0,0
100900179,0,0,0
100900180,0,0,0
100900181,0,0,0
100900182,0,0,0
100900184,0,0,0
100900186,0,0,0
100900187,0,0,0
100900188,0,0,0
100900189,0,0,0
100900191,0,0,0
100900192,0,0,0
100900195,0,0,0
100900197,0,0,0
100900198,0,0,0
100900199,0,0,0
100900200,0,0,0
100900201,0,0,0
100900202,0,0,0
100900203,0,0,0
100900204,0,0,0
100900205,0,0,0
100900206,0,0,0
100900207,0,0,0
100900210,0,0,0
100900211,0,0,0
100900213,0,0,0
100900214,0,0,0
100900215,0,0,0
101000001,117,378,-261
101000002,53,100,-47
101000003,0,69,-69
101000004,933,1404,-471
101000005,701,1043,-342
101000006,340,81,259
101000007,45,313,-268
101000008,173,633,-460
101000009,237,58,179
101000010,69,43,26
101000011,8,37,-29
101000012,0,0,0
101000013,36,75,-39
101000014,58,137,-79
101000015,16,24,-8
101000016,0,0,0
101000017,0,0,0
101000018,77,26,51
101000020,71,30,41
101000021,22,137,-115
101000022,0,0,0
101000023,8,144,-136
101000025,0,0,0
101000026,0,0,0
101000027,105,176,-71
101000028,0,0,0
101000029,0,0,0
101000030,0,0,0
101000031,4,59,-55
101000032,711,884,-173
101000033,15,8,7
101000034,44,123,-79
101000035,0,0,0
101000036,1,22,-21
101000037,84,338,-254
101000039,0,0,0
101000040,48,138,-90
101000041,758,1494,-736
101000042,7,189,-182
101000043,75,152,-77
101000045,60,147,-87
101000046,325,376,-51
101000047,400,344,56
101000048,17,97,-80
101000049,0,3,-3
101000050,77,237,-160
101000051,92,464,-372
101000052,106,623,-517
101000053,98,108,-10
101000054,240,34,206
101000055,308,423,-115
101000056,0,1,-1
101000057,30,2,28
101000058,43,340,-297
101000059,394,1216,-822
101000060,18,4,14
101000061,109,1102,-993
101000062,14,1,13
101000063,38,579,-541
101000064,34,1,33
101000065,34,200,-166
101000066,87,173,-86
101000067,56,10,46
101000068,10,27,-17
101000069,79,7,72
101000070,210,15,195
101000071,73,62,11
101000072,734,448,286
101000073,223,155,68
101000074,1649,418,1231
101000075,1656,309,1347
101000077,296,94,202
101000078,95,58,37
101000079,312,194,118
101000080,35,0,35
101000081,350,122,228
101000082,44,26,18
101000083,408,152,256
101000084,35,7,28
101000085,359,227,132
101000086,0,0,0
101000087,0,0,0
101000088,296,95,201
101000089,168,150,18
101000090,0,0,0
101000091,27,11,16
101000092,274,52,222
101000093,124,47,77
101000094,9,39,-30
101000095,4,24,-20
101000096,94,34,60
101000097,3,10,-7
101000098,1,3,-2
101000099,104,119,-15
101000100,9,4,5
101000101,66,52,14
101000102,99,115,-16
101000103,73,68,5
101000104,24,130,-106
101000105,4,17,-13
101000106,0,0,0
101000107,0,0,0
101000108,0,0,0
101000109,0,0,0
101000110,0,0,0
101000111,0,0,0
101000113,0,0,0
101000114,374,113,261
101000115,0,0,0
101000116,0,0,0
101000117,0,0,0
101000119,3,5,-2
101000120,0,0,0
101000121,0,0,0
101000122,0,0,0
101000123,0,0,0
101000124,0,0,0
101000125,0,0,0
101000128,0,0,0
101000130,16,6,10
101000131,61,44,17
101000132,4,10,-6
101000135,0,0,0
101000136,0,0,0
101000137,1,10,-9
101000141,211,1463,-1252
101000147,3,10,-7
101000148,0,0,0
101000149,0,0,0
101000150,0,0,0
101000151,0,0,0
101000152,29,3,26
101000153,10,11,-1
101000154,26,16,10
101000155,0,0,0
101000156,0,0,0
101000157,0,0,0
101000160,0,0,0
101000163,37,141,-104
101000164,0,0,0
101000165,111,57,54
101000166,10,24,-14
101000168,0,0,0
101000252,322,60,262
101000254,0,0,0
101000258,0,0,0
101000261,6,0,6
101000262,170,1723,-1553
101000263,83,306,-223
101000265,0,0,0
101000266,0,0,0
101000269,0,0,0
101000290,59,228,-169
101000293,0,0,0
101000294,31,29,2
101000295,6,13,-7
101000301,2,36,-34
101000304,183,453,-270
101000305,298,254,44
101900001,0,0,0
101900002,0,0,0
101900003,0,0,0
101900004,0,0,0
101900005,0,0,0
101900006,0,0,0
101900007,0,0,0
101900008,0,0,0
101900009,0,0,0
101900010,0,0,0
101900011,0,0,0
101900012,0,0,0
101900013,0,0,0
101900017,0,0,0
101900018,0,0,0
101900019,0,0,0
101900020,0,0,0
101900021,0,0,0
101900022,0,0,0
101900023,0,0,0
102000001,243,385,-142
102000002,117,34,83
102000003,144,294,-150
102000004,175,291,-116
102000005,55,239,-184
102000006,37,239,-202
102000007,36,322,-286
102000008,427,141,286
102000009,438,509,-71
102000010,216,237,-21
102000011,184,460,-276
102000012,259,379,-120
102000018,98,103,-5
102000019,0,0,0
102000026,0,0,0
102000029,0,0,0
102000030,0,0,0
102000031,0,0,0
102000032,0,0,0
102000033,0,0,0
102000034,0,0,0
102000035,0,0,0
102000036,0,0,0
102000037,0,0,0
102000038,0,0,0
102000039,0,0,0
102000040,0,0,0
102000041,0,0,0
102000042,0,0,0
102000043,0,0,0
102000044,0,0,0
102000045,20,69,-49
102000046,0,0,0
102000047,30,59,-29
102000048,0,0,0
102000049,0,0,0
102000050,89,51,38
102000051,0,0,0
102000052,148,39,109
102000053,0,0,0
102000054,25,9,16
102000055,34,2,32
102000056,337,52,285
102000057,60,149,-89
102000058,16,11,5
102000059,14,23,-9
102000060,266,237,29
102000061,16,18,-2
102000062,153,92,61
102000063,11,6,5
102000064,12,36,-24
102000065,5,0,5
102000066,74,30,44
102000067,26,111,-85
102000068,330,278,52
102000069,0,0,0
102000070,0,0,0
102000071,537,457,80
102000072,380,457,-77
102000073,2,0,2
102000074,0,0,0
102000075,1,0,1
102000076,0,0,0
102000077,19,0,19
102000078,0,0,0
102000079,2,0,2
102000080,0,0,0
102000081,13,6,7
102000082,0,0,0
102000083,0,0,0
102000084,148,32,116
102000085,0,0,0
102000086,204,46,158
102000087,7,1,6
102000088,8,29,-21
102000089,119,55,64
102000090,61,183,-122
102000091,125,180,-55
102000092,90,145,-55
102000093,136,139,-3
102000094,162,50,112
102000095,0,0,0
102000096,731,156,575
102000097,0,0,0
102000098,114,95,19
102000099,51,4,47
102000100,29,42,-13
102000101,32,17,15
102000102,26,54,-28
102000103,2,55,-53
102000104,0,0,0
102000105,0,0,0
102000106,0,0,0
102000107,0,0,0
102000108,0,0,0
102000109,0,0,0
102000110,0,0,0
102000111,0,0,0
102000112,0,0,0
102000113,0,0,0
102000114,0,0,0
102000115,0,0,0
102000116,4,48,-44
102000117,0,0,0
102000118,9,280,-271
102000119,0,0,0
102000120,0,0,0
102000121,0,0,0
102000122,0,0,0
102000123,0,0,0
102000124,0,0,0
102000125,0,0,0
102000126,0,0,0
102000127,0,0,0
102000128,0,0,0
102000129,0,0,0
102000130,0,0,0
102000131,0,0,0
102000132,0,0,0
102000133,178,49,129
102000134,65,56,9
102000135,0,0,0
102000136,0,0,0
102000137,0,0,0
102000138,0,0,0
102000139,0,0,0
102000140,0,0,0
102000141,0,0,0
102000142,0,0,0
102000143,0,0,0
102000144,0,0,0
102000145,0,0,0
102000146,0,0,0
102000147,0,0,0
102000148,0,0,0
102000149,0,0,0
102000150,0,0,0
102000151,0,0,0
102000152,0,0,0
102000153,0,0,0
102000154,0,0,0
102000155,0,0,0
102000156,0,0,0
102000157,0,0,0
102000158,0,0,0
102000159,0,0,0
102000161,0,0,0
102000162,0,0,0
102000163,0,1,-1
102000164,0,0,0
102000165,0,0,0
102000166,0,3,-3
102000167,0,0,0
102000168,3,0,3
102000169,1,3,-2
102000170,0,0,0
102000171,0,0,0
102000172,0,3,-3
102000173,3,2,1
102000174,0,0,0
102000175,11,3,8
102000176,0,1,-1
102000178,25,1,24
102000179,13,3,10
102000180,22,1,21
102000181,70,6,64
102000182,24,9,15
102000183,138,78,60
102000184,13,6,7
102000185,270,68,202
102000186,30,10,20
102000187,13,11,2
102000188,135,61,74
102000189,59,11,48
102000190,240,309,-69
102000191,65,36,29
102000192,0,0,0
102000193,0,0,0
102000194,0,0,0
102000195,0,0,0
102000196,0,0,0
102000197,0,0,0
102000198,0,0,0
102000199,0,0,0
102000200,0,0,0
102000201,0,0,0
102000202,0,0,0
102000203,0,0,0
102000204,0,0,0
102000205,0,0,0
102000206,0,0,0
102000207,0,0,0
102000208,0,0,0
102000209,0,0,0
102000210,0,0,0
102000211,0,0,0
102000212,0,0,0
102000213,0,0,0
102000214,0,0,0
102000215,0,0,0
102000216,0,0,0
102000217,0,0,0
102000218,0,0,0
102000219,0,0,0
102000225,187,119,68
102000226,0,0,0
102000227,0,0,0
102000228,0,0,0
102000229,0,0,0
102000230,11,41,-30
102000231,0,0,0
102000232,0,0,0
102000233,45,51,-6
102000234,11,279,-268
102000236,0,0,0
102000237,0,0,0
102000238,0,0,0
102000240,0,0,0
102000241,0,0,0
102000243,1,3,-2
102000245,0,0,0
102000246,0,0,0
102000247,1,46,-45
102000248,20,127,-107
102000249,0,0,0
102000250,0,2,-2
102000254,42,16,26
102000266,0,0,0
102000271,0,0,0
102000286,0,0,0
102000297,0,0,0
102000299,0,0,0
102000302,0,0,0
102000305,0,0,0
102000306,0,0,0
102000307,0,0,0
102000308,0,0,0
102900001,0,0,0
102900002,0,0,0
102900003,0,0,0
102900005,0,0,0
102900006,0,0,0
102900007,0,0,0
102900008,0,0,0
102900009,0,0,0
102900010,0,0,0
102900011,0,0,0
102900012,0,0,0
102900013,0,0,0
102900015,0,0,0
102900016,0,0,0
102900017,0,0,0
102900018,0,0,0
102900019,0,0,0
102900020,0,0,0
102900021,0,0,0
102900022,0,0,0
102900023,0,0,0
102900024,0,0,0
102900025,0,0,0
102900026,0,0,0
102900027,0,0,0
102900028,0,0,0
102900029,0,0,0
102900030,0,0,0
102900031,0,0,0
102900032,0,0,0
102900033,0,0,0
102900034,0,0,0
102900035,0,0,0
102900036,0,0,0
102900037,0,0,0
102900038,0,0,0
102900039,0,0,0
102900040,0,0,0
102900041,0,0,0
102900042,0,0,0
102900043,0,0,0
102900044,0,0,0
102900045,0,0,0
102900046,0,0,0
102900047,0,0,0
102900048,0,0,0
102900049,0,0,0
102900050,0,0,0
102900051,0,0,0
102900052,0,0,0
102900053,0,0,0
102900054,0,0,0
102900055,0,0,0
102900056,0,0,0
102900057,0,0,0
102900058,0,0,0
102900059,0,0,0
102900060,0,0,0
102900061,0,0,0
102900062,0,0,0
102900063,0,0,0
102900064,0,0,0
102900065,0,0,0
102900066,0,0,0
102900068,0,0,0
102900070,0,0,0
102900072,0,0,0
102900073,0,0,0
102900074,0,0,0
102900075,0,0,0
102900076,0,0,0
102900077,0,0,0
102900078,0,0,0
102900079,0,0,0
102900080,0,0,0
102900081,0,0,0
102900082,0,0,0
102900083,0,0,0
102900084,0,0,0
102900085,0,0,0
102900086,0,0,0
102900087,0,0,0
102900088,0,0,0
102900089,0,0,0
102900090,0,0,0
102900091,0,0,0
102900092,0,0,0
102900093,0,0,0
102900094,0,0,0
102900095,0,0,0
102900096,0,0,0
102900097,0,0,0
103000001,95,80,15
103000002,48,32,16
103000003,63,70,-7
103000004,8,41,-33
103000005,401,185,216
103000006,100,164,-64
103000007,3,16,-13
103000008,0,0,0
103000009,46,96,-50
103000010,0,0,0
103000011,18,42,-24
103000012,426,362,64
103000013,63,30,33
103000014,345,455,-110
103000015,0,0,0
103000016,35,46,-11
103000017,89,42,47
103000018,0,0,0
103000019,68,81,-13
103000020,3,40,-37
103000021,803,555,248
103000022,53,40,13
103000023,190,464,-274
103000024,0,0,0
103000025,1,79,-78
103000026,0,0,0
103000027,54,78,-24
103000028,7,29,-22
103000029,33,48,-15
103000030,27,69,-42
103000031,157,275,-118
103000032,138,169,-31
103000033,1408,787,621
103000034,17,37,-20
103000035,66,208,-142
103000036,6,216,-210
103000037,17,20,-3
103000038,148,197,-49
103000039,16,36,-20
103000040,7,45,-38
103000041,151,236,-85
103000042,74,28,46
103000043,59,98,-39
103000044,0,0,0
103000046,0,0,0
103000047,0,0,0
103000048,0,0,0
103000049,0,0,0
103000050,0,0,0
103000051,0,0,0
103000052,0,0,0
103000053,0,0,0
103000054,241,39,202
103000055,364,54,310
103000056,49,42,7
103000057,336,175,161
103000058,135,39,96
103000059,52,54,-2
103000060,79,21,58
103000061,75,103,-28
103000062,0,0,0
103000063,87,29,58
103000064,0,0,0
103000065,0,0,0
103000066,0,0,0
103000069,0,0,0
103000070,0,0,0
103000071,48,26,22
103000072,0,0,0
103000073,105,5,100
103000074,123,9,114
103000075,0,0,0
103000076,21,47,-26
103000077,0,0,0
103000078,67,46,21
103000079,0,35,-35
103000080,132,61,71
103000081,26,104,-78
103000082,128,21,107
103000083,0,0,0
103000084,5,1,4
103000085,0,0,0
103000086,211,131,80
103000087,54,152,-98
103000088,0,0,0
103000089,24,102,-78
103000090,665,193,472
103000091,35,35,0
103000092,147,39,108
103000093,0,0,0
103000094,63,21,42
103000095,0,0,0
103000096,105,10,95
103000097,0,0,0
103000098,92,8,84
103000099,0,0,0
103000100,0,0,0
103000101,196,9,187
103000102,0,0,0
103000103,93,10,83
103000104,0,0,0
103000105,42,2,40
103000106,0,0,0
103000107,108,50,58
103000108,3,9,-6
103000109,0,0,0
103000110,31,33,-2
103000111,0,0,0
103000112,12,17,-5
103000113,0,0,0
103000114,195,86,109
103000115,6,5,1
103000116,15,4,11
103000117,34,7,27
103000118,0,0,0
103000119,0,0,0
103000120,0,0,0
103000121,2,28,-26
103000122,265,664,-399
103000125,0,7,-7
103000126,43,0,43
103000127,0,2,-2
103000128,4,0,4
103000129,0,1,-1
103000130,43,1,42
103000131,8,14,-6
103000132,2,0,2
103000133,2,18,-16
103000134,153,80,73
103000135,2,10,-8
103000136,220,109,111
103000137,10,66,-56
103000138,106,147,-41
103000139,0,0,0
103000140,28,14,14
103000141,0,0,0
103000142,8,6,2
103000143,0,0,0
103000144,35,16,19
103000145,1,5,-4
103000150,0,0,0
103000152,0,0,0
103000153,83,31,52
103000156,0,10,-10
103000157,25,0,25
103000159,0,0,0
103000162,5,0,5
103000163,1,34,-33
103000164,0,0,0
103000165,0,0,0
103000166,34,31,3
103000167,6,5,1
103000168,0,0,0
103000169,3,30,-27
103000170,459,228,231
103000171,2,5,-3
103000172,141,4,137
103000173,0,0,0
103000174,119,25,94
103000175,0,0,0
103000176,5,9,-4
103000177,0,0,0
103000178,0,0,0
103000179,0,0,0
103000183,44,0,44
103000185,10,0,10
103000186,1,8,-7
103000187,0,0,0
103000188,0,0,0
103000189,0,0,0
103000191,2,8,-6
103000292,0,27,-27
103000293,20,115,-95
103000295,56,11,45
103000296,0,0,0
103000297,1,0,1
103000504,0,0,0
103000505,0,0,0
103000506,0,0,0
103000507,0,0,0
103000508,0,0,0
103000509,0,0,0
103900001,0,0,0
103900002,0,0,0
103900003,0,0,0
103900004,0,0,0
103900005,0,0,0
103900006,0,0,0
103900007,0,0,0
103900008,0,0,0
103900009,0,0,0
103900010,0,0,0
103900011,0,0,0
103900012,0,0,0
103900013,0,0,0
103900014,0,0,0
103900015,0,0,0
103900016,0,0,0
103900017,0,0,0
103900018,0,0,0
103900019,0,0,0
103900020,0,0,0
103900021,0,0,0
103900022,0,0,0
103900023,0,0,0
103900024,0,0,0
103900025,0,0,0
103900026,0,0,0
103900027,0,0,0
103900028,0,0,0
103900029,0,0,0
103900030,0,0,0
103900031,0,0,0
103900032,0,0,0
103900033,0,0,0
103900034,0,0,0
103900035,0,0,0
103900036,0,0,0
103900037,0,0,0
103900038,0,0,0
103900039,0,0,0
103900040,0,0,0
103900041,0,0,0
103900042,0,0,0
103900043,0,0,0
103900044,0,0,0
103900045,0,0,0
103900047,0,0,0
103900048,0,0,0
103900049,0,0,0
103900050,0,0,0
103900051,0,0,0
103900052,0,0,0
103900053,0,0,0
103900054,0,0,0
103900055,0,0,0
103900056,0,0,0
103900057,0,0,0
103900058,0,0,0
103900059,0,0,0
103900060,0,0,0
103900061,0,0,0
103900062,0,0,0
103900063,0,0,0
103900064,0,0,0
103900065,0,0,0
103900066,0,0,0
103900067,0,0,0
103900068,0,0,0
103900069,0,0,0
103900070,0,0,0
103900071,0,0,0
103900072,0,0,0
103900073,0,0,0
103900074,0,0,0
103900075,0,0,0
103900076,0,0,0
103900077,0,0,0
103900078,0,0,0
103900079,0,0,0
103900080,0,0,0
103900081,0,0,0
103900082,0,0,0
103900083,0,0,0
103900084,0,0,0
103900085,0,0,0
103900086,0,0,0
103900087,0,0,0
103900088,0,0,0
103900089,0,0,0
103900090,0,0,0
103900091,0,0,0
103900092,0,0,0
103900093,0,0,0
103900094,0,0,0
103900095,0,0,0
103900096,0,0,0
103900097,0,0,0
103900098,0,0,0
103900099,0,0,0
103900100,0,0,0
103900101,0,0,0
103900102,0,0,0
103900104,0,0,0
103900105,0,0,0
103900106,0,0,0
103900107,0,0,0
103900108,0,0,0
103900109,0,0,0
103900110,0,0,0
103900111,0,0,0
103900112,0,0,0
103900113,0,0,0
103900114,0,0,0
103900115,0,0,0
103900116,0,0,0
103900117,0,0,0
103900119,0,0,0
103900120,0,0,0
103900122,0,0,0
103900123,0,0,0
103900124,0,0,0
103900125,0,0,0
103900126,0,0,0
103900127,0,0,0
103900128,0,0,0
103900131,0,0,0
103900133,0,0,0
103900134,0,0,0
103900135,0,0,0
103900137,0,0,0
103900138,0,0,0
103900139,0,0,0
103900140,0,0,0
103900141,0,0,0
103900142,0,0,0
103900143,0,0,0
103900144,0,0,0
103900145,0,0,0
103900146,0,0,0
103900147,0,0,0
103900148,0,0,0
103900149,0,0,0
103900150,0,0,0
103900151,0,0,0
103900152,0,0,0
103900153,0,0,0
103900154,0,0,0
103900155,0,0,0
103900156,0,0,0
103900157,0,0,0
103900158,0,0,0
103900159,0,0,0
103900160,0,0,0
103900161,0,0,0
103900162,0,0,0
103900163,0,0,0
103900164,0,0,0
103900167,0,0,0
103900168,0,0,0
103900169,0,0,0
103900170,0,0,0
103900171,0,0,0
103900172,0,0,0
103900173,0,0,0
103900174,0,0,0
103900175,0,0,0
103900176,0,0,0
103900177,0,0,0
103900178,0,0,0
103900179,0,0,0
103900180,0,0,0
103900181,0,0,0
103900182,0,0,0
103900184,0,0,0
103900185,0,0,0
103900187,0,0,0
103900188,0,0,0
103900189,0,0,0
103900190,0,0,0
103900191,0,0,0
103900192,0,0,0
103900193,0,0,0
103900194,0,0,0
103900195,0,0,0
103900196,0,0,0
103900197,0,0,0
103900198,0,0,0
103900199,0,0,0
103900200,0,0,0
103900201,0,0,0
103900202,0,0,0
103900203,0,0,0
103900204,0,0,0
103900207,0,0,0
103900208,0,0,0
103900209,0,0,0
103900210,0,0,0
103900211,1,1,0
103900212,0,0,0
103900213,3,67,-64
103900214,21,126,-105
103900215,33,57,-24
103900216,0,0,0
103900217,0,0,0
103900218,0,0,0
103900219,0,0,0
103900233,0,0,0
103900235,0,0,0
103900236,0,0,0
103900242,0,0,0
103900243,0,0,0
103900244,0,0,0
103900245,0,0,0
103900246,0,0,0
103900247,0,0,0
103900248,0,0,0
103900249,0,0,0
103900250,0,0,0
103900251,0,0,0
103900253,0,0,0
103900254,0,0,0
103900255,0,0,0
103900256,0,0,0
103900257,0,0,0
103900258,0,0,0
103900259,0,0,0
103900261,0,0,0
103900262,0,0,0
103900263,0,0,0
103900264,0,0,0
103900265,0,0,0
103900266,0,0,0
103900267,0,0,0
104000001,491,299,192
104000002,35,91,-56
104000003,734,376,358
104000004,520,266,254
104000005,405,479,-74
104000006,1057,360,697
104000007,782,161,621
104000008,76,107,-31
104000009,58,69,-11
104000010,42,65,-23
104000011,0,0,0
104000012,0,0,0
104000013,93,12,81
104000014,0,0,0
104000015,197,28,169
104000016,0,0,0
104000018,146,77,69
104000019,219,179,40
104000020,77,123,-46
104000021,83,96,-13
104000022,34,34,0
104000023,144,29,115
104000024,0,0,0
104000026,0,0,0
104000027,18,34,-16
104000028,195,31,164
104000029,13,47,-34
104000030,84,31,53
104000031,99,22,77
104000032,0,0,0
104000033,195,21,174
104000034,0,0,0
104000035,304,31,273
104000036,211,86,125
104000037,0,0,0
104000038,111,57,54
104000039,114,60,54
104000040,65,68,-3
104000041,66,23,43
104000042,61,36,25
104000043,69,25,44
104000044,47,26,21
104000045,113,49,64
104000046,91,39,52
104000047,31,270,-239
104000048,284,395,-111
104000049,0,3,-3
104000050,18,6,12
104000051,0,0,0
104000052,197,109,88
104000053,106,51,55
104000054,7,1,6
104000055,286,139,147
104000056,0,0,0
104000057,0,0,0
104000058,329,43,286
104000059,126,202,-76
104000060,219,80,139
104000061,46,48,-2
104000062,24,1,23
104000064,0,0,0
104000065,0,0,0
104000069,0,0,0
104000070,0,0,0
104000071,0,0,0
104000072,11,6,5
104000075,0,0,0
104000076,0,0,0
104000082,110,220,-110
104000083,12,14,-2
104000084,0,7,-7
104000085,3,2,1
104000086,3,8,-5
104000087,2,4,-2
104000090,0,0,0
104000092,0,0,0
104000094,0,0,0
104000095,40,251,-211
104000096,322,0,322
104000097,369,45,324
104000098,752,59,693
104000100,957,78,879
104000101,128,182,-54
104000106,0,1,-1
104000107,128,15,113
104000108,62,2,60
104000109,41,31,10
104000110,16,4,12
104000111,119,18,101
104000112,7,3,4
104000116,0,0,0
104000117,99,23,76
104000118,38,1,37
104000119,4,15,-11
104000120,12,11,1
104000121,3,35,-32
104000122,211,39,172
104000123,43,110,-67
104000124,269,421,-152
104000125,42,29,13
104000126,205,44,161
104000127,88,462,-374
104000128,187,15,172
104000129,27,0,27
104000130,0,0,0
104000131,0,0,0
104000132,0,0,0
104000133,30,28,2
104000134,124,77,47
104000135,45,159,-114
104000136,266,157,109
104000137,318,73,245
104000138,0,0,0
104000139,517,335,182
104000141,88,177,-89
104000142,0,0,0
104000143,0,0,0
104000144,0,0,0
104000145,241,55,186
104000146,0,0,0
104000147,0,0,0
104000148,102,33,69
104000149,0,0,0
104000150,190,147,43
104000151,0,0,0
104000152,0,0,0
104000153,170,77,93
104000154,0,0,0
104000155,141,86,55
104000157,82,4,78
104000158,12,3,9
104000159,5,4,1
104000160,225,74,151
104000161,16,30,-14
104000162,25,48,-23
104000165,180,396,-216
104000167,72,114,-42
104000168,79,0,79
104000169,50,4,46
104000170,0,0,0
104000248,0,0,0
104000251,0,0,0
104000272,0,0,0
104000273,0,0,0
104000274,0,0,0
104000275,0,0,0
104000279,0,0,0
104000290,0,0,0
104000291,94,130,-36
104000293,99,68,31
104000294,0,0,0
104000295,23,73,-50
104000296,156,129,27
104000297,45,130,-85
104000298,250,64,186
104000299,69,108,-39
104900001,0,0,0
104900002,0,0,0
104900003,0,0,0
104900004,0,0,0
104900005,0,0,0
104900006,0,0,0
104900007,0,0,0
104900009,0,0,0
104900010,0,0,0
104900011,0,0,0
104900012,0,0,0
104900013,0,0,0
104900014,0,0,0
104900015,0,0,0
104900016,0,0,0
104900017,0,0,0
104900018,0,0,0
104900019,0,0,0
104900020,0,0,0
104900021,0,0,0
104900022,0,0,0
104900023,0,0,0
104900024,0,0,0
104900025,0,0,0
104900026,0,0,0
104900027,0,0,0
104900028,0,0,0
104900029,0,0,0
104900030,0,0,0
104900031,0,0,0
104900032,0,0,0
104900033,0,0,0
104900034,0,0,0
104900035,0,0,0
104900036,0,0,0
104900037,0,0,0
104900038,0,0,0
104900039,0,0,0
104900040,0,0,0
104900041,0,0,0
104900042,0,0,0
104900043,0,0,0
104900044,0,0,0
104900045,0,0,0
104900046,0,0,0
104900047,0,0,0
104900048,0,0,0
104900049,0,0,0
104900050,0,0,0
104900051,0,0,0
104900052,0,0,0
104900053,0,0,0
104900054,0,0,0
104900055,0,0,0
104900056,0,0,0
104900057,0,0,0
104900058,0,0,0
104900059,0,0,0
104900060,0,0,0
104900061,0,0,0
104900063,0,0,0
104900064,0,0,0
104900065,0,0,0
104900066,0,0,0
104900067,0,0,0
104900068,0,0,0
104900070,0,0,0
104900071,0,0,0
104900072,0,0,0
104900073,0,0,0
104900074,0,0,0
104900075,0,0,0
104900076,0,0,0
104900077,0,0,0
104900078,0,0,0
104900079,0,0,0
104900080,0,0,0
104900082,0,0,0
104900085,0,0,0
104900087,0,0,0
104900089,0,0,0
104900090,0,0,0
104900091,0,0,0
104900093,0,0,0
104900097,0,0,0
104900098,0,0,0
104900099,0,0,0
104900100,0,0,0
104900102,0,0,0
104900103,0,0,0
104900104,0,0,0
104900106,0,0,0
104900107,0,0,0
104900108,0,0,0
104900109,0,0,0
104900110,0,0,0
104900111,0,0,0
104900112,0,0,0
104900113,0,0,0
104900114,0,0,0
104900115,0,0,0
104900116,0,0,0
104900118,0,0,0
104900119,0,0,0
104900120,0,0,0
104900121,0,0,0
104900122,0,0,0
104900123,0,0,0
104900124,0,0,0
104900125,0,0,0
104900126,0,0,0
104900127,0,0,0
104900128,0,0,0
104900129,0,0,0
105000001,700,189,511
105000002,324,299,25
105000003,302,233,69
105000004,20,38,-18
105000005,89,236,-147
105000006,137,254,-117
105000007,43,173,-130
105000008,17,369,-352
105000009,1379,786,593
105000010,34,137,-103
105000011,657,515,142
105000012,28,102,-74
105000013,314,590,-276
105000014,2094,1215,879
105000015,1499,2123,-624
105000016,172,307,-135
105000017,24,19,5
105000018,117,102,15
105000019,0,1,-1
105000020,0,0,0
105000021,0,0,0
105000022,22,4,18
105000023,0,0,0
105000028,0,0,0
105000029,2,9,-7
105000030,236,262,-26
105000033,33,126,-93
105000034,0,0,0
105000037,0,0,0
105000038,259,258,1
105000039,82,124,-42
105000040,230,266,-36
105000041,12,116,-104
105000042,774,369,405
105000043,68,134,-66
105000044,389,60,329
105000045,31,46,-15
105000046,311,38,273
105000047,33,61,-28
105000048,384,206,178
105000049,10,0,10
105000050,379,119,260
105000051,0,0,0
105000052,73,41,32
105000053,3,6,-3
105000054,78,46,32
105000055,0,4,-4
105000056,340,203,137
105000057,30,1,29
105000058,21,18,3
105000059,303,138,165
105000060,2,1,1
105000061,358,132,226
105000062,3,1,2
105000063,0,0,0
105000064,273,55,218
105000065,0,0,0
105000066,22,1,21
105000067,320,228,92
105000068,8,19,-11
105000069,42,106,-64
105000070,32,33,-1
105000071,159,138,21
105000072,407,97,310
105000073,172,83,89
105000074,0,0,0
105000075,9,16,-7
105000076,30,18,12
105000077,65,13,52
105000078,34,57,-23
105000079,1,11,-10
105000080,427,613,-186
105000081,0,3,-3
105000082,190,434,-244
105000083,728,763,-35
105000084,0,0,0
105000085,520,706,-186
105000086,0,0,0
105000087,0,0,0
105000088,274,458,-184
105000089,37,37,0
105000090,30,7,23
105000091,0,0,0
105000092,0,0,0
105000093,1,0,1
105000094,23,12,11
105000095,0,1,-1
105000096,192,299,-107
105000097,0,0,0
105000098,148,100,48
105000099,0,0,0
105000100,0,0,0
105000101,66,21,45
105000102,0,0,0
105000103,128,64,64
105000104,0,0,0
105000105,205,37,168
105000106,4,7,-3
105000107,325,49,276
105000108,301,46,255
105000109,25,1,24
105000110,40,7,33
105000111,0,0,0
105000112,41,24,17
105000113,0,1,-1
105000114,33,74,-41
105000115,0,0,0
105000116,99,19,80
105000117,0,0,0
105000118,25,34,-9
105000119,0,0,0
105000120,308,81,227
105000121,0,0,0
105000122,5,62,-57
105000123,146,19,127
105000124,100,43,57
105000125,128,51,77
105000126,112,58,54
105000127,161,23,138
105000128,42,11,31
105000129,19,53,-34
105000130,11,381,-370
105000131,0,0,0
105000132,101,93,8
105000133,0,0,0
105000134,178,18,160
105000135,0,0,0
105000136,0,0,0
105000137,0,0,0
105000138,0,0,0
105000139,0,0,0
105000140,152,19,133
105000141,0,0,0
105000142,65,26,39
105000143,0,0,0
105000144,0,0,0
105000145,175,33,142
105000146,0,0,0
105000147,340,32,308
105000148,217,84,133
105000149,518,136,382
105000150,0,0,0
105000151,0,0,0
105000152,0,3,-3
105000153,0,0,0
105000154,1,1,0
105000155,0,0,0
105000156,1,3,-2
105000157,12,13,-1
105000158,30,5,25
105000159,8,13,-5
105000160,69,37,32
105000161,35,5,30
105000162,10,23,-13
105000163,44,8,36
105000164,3,1,2
105000165,14,48,-34
105000166,18,46,-28
105000167,26,192,-166
105000168,147,112,35
105000169,28,15,13
105000170,0,0,0
105000171,0,0,0
105000172,0,0,0
105000173,4,1,3
105000174,0,10,-10
105000175,0,0,0
105000176,9,1,8
105000177,60,20,40
105000178,52,4,48
105000179,41,7,34
105000180,0,0,0
105000181,5,4,1
105000182,0,0,0
105000183,0,0,0
105000184,0,0,0
105000185,24,209,-185
105000186,0,0,0
105000187,90,14,76
105000188,4,48,-44
105000189,0,0,0
105000190,82,63,19
105000191,27,0,27
105000192,93,36,57
105000193,0,15,-15
105000194,128,11,117
105000195,0,0,0
105000196,1,24,-23
105000197,1,3,-2
105000198,0,0,0
105000199,10,69,-59
105000200,25,91,-66
105000201,15,0,15
105000203,0,0,0
105000204,0,13,-13
105000205,0,0,0
105000207,0,0,0
105000208,45,133,-88
105000209,0,0,0
105000212,114,12,102
105000213,35,18,17
105000214,12,1,11
105000215,135,107,28
105000216,23,0,23
105000217,0,0,0
105000218,126,31,95
105000221,9,1,8
105000222,78,0,78
105000223,14,0,14
105000226,0,1,-1
105000227,8,1,7
105000228,0,16,-16
105000229,8,193,-185
105000231,220,43,177
105000233,264,313,-49
105000234,55,163,-108
105000235,142,76,66
105000237,30,5,25
105000243,1,0,1
105000248,0,0,0
105000262,3,1,2
105000269,0,0,0
105000270,26,2,24
105000271,0,0,0
105000282,7,0,7
105000287,0,0,0
105000288,1,13,-12
105000289,180,320,-140
105000290,0,1,-1
105000402,39,79,-40
105000426,1,6,-5
105000438,34,93,-59
105000446,486,319,167
105000447,150,18,132
105000454,0,0,0
105000455,0,0,0
105000474,16,0,16
105000477,0,0,0
105000478,360,1075,-715
105000479,0,0,0
105000480,1514,1360,154
105000481,625,371,254
105000482,129,217,-88
105000483,230,782,-552
105000484,58,243,-185
105000485,173,1024,-851
105000486,199,347,-148
105000488,39,260,-221
105000489,267,119,148
105000549,0,26,-26
105000550,0,0,0
105000551,23,4,19
105000552,86,44,42
105900001,0,0,0
105900002,0,0,0
105900003,0,0,0
105900004,0,0,0
105900005,0,0,0
105900006,0,0,0
105900007,0,0,0
105900008,0,0,0
105900009,0,0,0
105900011,0,0,0
105900012,0,0,0
105900013,0,0,0
105900014,0,0,0
105900015,0,0,0
105900016,0,0,0
105900017,0,0,0
105900018,0,0,0
105900019,0,0,0
105900020,0,0,0
105900021,0,0,0
105900022,0,0,0
105900023,0,0,0
105900024,0,0,0
105900025,0,0,0
105900026,0,0,0
105900027,0,0,0
105900028,0,0,0
105900029,0,0,0
105900030,0,0,0
105900031,0,0,0
105900032,0,0,0
105900033,0,0,0
105900034,0,0,0
105900035,0,0,0
105900036,0,0,0
105900037,0,0,0
105900038,0,0,0
105900039,0,0,0
105900040,0,0,0
105900041,0,0,0
105900042,0,0,0
105900043,0,0,0
105900044,0,0,0
105900045,0,0,0
105900046,0,0,0
105900047,0,0,0
105900048,46,4,42
105900050,0,0,0
105900051,0,0,0
105900052,0,0,0
105900053,0,0,0
105900054,0,0,0
105900056,0,0,0
105900057,0,0,0
105900058,0,0,0
105900059,0,0,0
106000001,643,389,254
106000002,6,100,-94
106000003,1064,628,436
106000004,72,240,-168
106000005,1938,1093,845
106000006,41,266,-225
106000007,482,119,363
106000008,39,81,-42
106000009,478,194,284
106000010,26,56,-30
106000011,625,307,318
106000012,7,23,-16
106000013,1127,470,657
106000014,49,61,-12
106000015,991,378,613
106000016,57,126,-69
106000017,454,126,328
106000018,101,164,-63
106000019,168,89,79
106000020,7,51,-44
106000021,293,112,181
106000022,21,47,-26
106000023,371,43,328
106000024,21,71,-50
106000025,146,85,61
106000026,15,41,-26
106000027,656,335,321
106000028,14,68,-54
106000029,21,45,-24
106000030,0,0,0
106000034,0,0,0
106000035,156,228,-72
106000036,0,0,0
106000037,0,0,0
106000038,0,0,0
106000039,0,0,0
106000040,0,0,0
106000041,183,63,120
106000043,88,8,80
106000046,0,0,0
106000047,0,0,0
106000049,114,5,109
106000050,0,0,0
106000051,42,75,-33
106000052,0,0,0
106000053,207,25,182
106000054,0,0,0
106000055,91,9,82
106000056,0,0,0
106000057,209,29,180
106000058,0,0,0
106000059,203,78,125
106000060,0,0,0
106000061,27,110,-83
106000062,0,0,0
106000063,377,171,206
106000064,0,0,0
106000065,161,30,131
106000066,12,0,12
106000067,189,5,184
106000068,0,0,0
106000069,28,0,28
106000070,13,1,12
106000071,184,31,153
106000072,247,175,72
106000073,378,122,256
106000074,127,105,22
106000075,112,114,-2
106000076,436,89,347
106000077,637,75,562
106000078,251,33,218
106000079,432,62,370
106000080,386,23,363
106000081,246,55,191
106000082,288,34,254
106000083,135,91,44
106000084,240,12,228
106000085,392,146,246
106000086,333,50,283
106000087,148,18,130
106000088,157,12,145
106000089,371,22,349
106000090,323,37,286
106000091,5,0,5
106000092,121,37,84
106000093,136,2,134
106000094,0,0,0
106000095,203,37,166
106000096,241,17,224
106000097,215,37,178
106000098,180,17,163
106000099,24,9,15
106000100,468,9,459
106000101,296,3,293
106000102,6,19,-13
106000103,16,108,-92
106000104,86,25,61
106000105,32,64,-32
106000106,95,23,72
106000107,22,73,-51
106000108,54,3,51
106000109,5,50,-45
106000110,47,13,34
106000111,10,54,-44
106000112,143,29,114
106000113,8,52,-44
106000114,14,14,0
106000115,18,42,-24
106000116,63,41,22
106000117,0,0,0
106000118,375,76,299
106000119,0,0,0
106000120,212,136,76
106000121,8,20,-12
106000122,0,0,0
106000123,17,3,14
106000124,0,0,0
106000125,0,0,0
106000126,32,4,28
106000127,0,0,0
106000128,100,14,86
106000129,0,0,0
106000130,197,60,137
106000131,0,0,0
106000132,90,21,69
106000133,0,0,0
106000134,214,28,186
106000135,0,0,0
106000136,235,55,180
106000137,0,0,0
106000138,221,6,215
106000139,62,19,43
106000140,0,0,0
106000141,0,0,0
106000142,56,4,52
106000143,0,0,0
106000144,100,6,94
106000145,0,0,0
106000146,222,104,118
106000147,53,7,46
106000148,93,108,-15
106000149,275,65,210
106000150,42,52,-10
106000151,171,76,95
106000152,136,67,69
106000153,0,18,-18
106000154,22,3,19
106000155,26,18,8
106000156,402,25,377
106000157,88,70,18
106000158,464,98,366
106000159,194,50,144
106000160,176,164,12
106000161,71,5,66
106000162,173,34,139
106000163,75,8,67
106000164,125,14,111
106000165,55,22,33
106000166,259,21,238
106000167,85,47,38
106000168,139,18,121
106000169,16,35,-19
106000170,126,11,115
106000171,26,81,-55
106000172,360,37,323
106000173,65,123,-58
106000174,152,10,142
106000175,78,2,76
106000176,216,73,143
106000177,0,0,0
106000178,244,60,184
106000179,0,0,0
106000180,77,34,43
106000181,31,84,-53
106000182,503,40,463
106000183,545,49,496
106000184,338,41,297
106000185,17,6,11
106000186,68,5,63
106000187,2,11,-9
106000188,0,0,0
106000189,0,6,-6
106000190,11,0,11
106000191,109,14,95
106000192,0,0,0
106000193,53,28,25
106000194,1,16,-15
106000195,37,3,34
106000196,0,9,-9
106000197,155,4,151
106000198,0,4,-4
106000199,105,9,96
106000200,20,35,-15
106000201,31,27,4
106000202,11,12,-1
106000203,0,0,0
106000204,12,6,6
106000205,0,0,0
106000206,6,0,6
106000207,0,16,-16
106000208,302,30,272
106000209,569,59,510
106000210,0,9,-9
106000211,10,72,-62
106000212,594,120,474
106000213,0,0,0
106000214,234,30,204
106000215,0,62,-62
106000216,108,13,95
106000217,1,38,-37
106000218,50,27,23
106000219,18,52,-34
106000220,81,16,65
106000221,0,0,0
106000222,40,15,25
106000223,113,12,101
106000224,0,0,0
106000225,1,95,-94
106000226,0,0,0
106000228,0,0,0
106000229,0,0,0
106000231,188,0,188
106000232,0,0,0
106000233,24,20,4
106000234,0,0,0
106000235,51,21,30
106000236,0,0,0
106000237,0,0,0
106000238,0,1,-1
106000239,0,0,0
106000240,0,0,0
106000241,0,39,-39
106000242,76,30,46
106000249,46,7,39
106000250,1,58,-57
106000251,0,0,0
106000252,0,0,0
106000253,0,0,0
106000254,0,0,0
106000255,0,0,0
106000256,0,0,0
106000257,22,39,-17
106000258,0,0,0
106000259,0,0,0
106000260,0,0,0
106000261,0,0,0
106000262,0,0,0
106000263,0,0,0
106000264,0,0,0
106000265,0,0,0
106000266,0,0,0
106000267,0,0,0
106000268,0,0,0
106000269,0,0,0
106000270,18,0,18
106000271,0,0,0
106000272,0,0,0
106000273,0,0,0
106000274,0,0,0
106000275,0,0,0
106000276,0,0,0
106000277,0,0,0
106000278,0,0,0
106000279,0,0,0
106000280,0,0,0
106000281,0,0,0
106000282,0,0,0
106000283,0,0,0
106000284,0,0,0
106000285,0,0,0
106000286,0,0,0
106000287,0,0,0
106000288,0,0,0
106000289,0,0,0
106000290,0,0,0
106000291,0,0,0
106000292,0,0,0
106000293,0,0,0
106000294,0,0,0
106000295,0,0,0
106000296,0,0,0
106000297,0,0,0
106000298,0,0,0
106000299,0,0,0
106000300,0,0,0
106000301,0,0,0
106000303,0,0,0
106000304,0,0,0
106000305,0,0,0
106000306,0,0,0
106000307,0,0,0
106000308,0,0,0
106000309,0,0,0
106000310,36,1,35
106000311,58,22,36
106000312,0,12,-12
106000313,4,28,-24
106000318,0,0,0
106000319,305,39,266
106000320,0,0,0
106000321,0,0,0
106000322,0,0,0
106000324,0,0,0
106000325,1233,347,886
106000326,34,74,-40
106000327,85,10,75
106000328,0,0,0
106000329,1,6,-5
106000330,0,19,-19
106000428,53,192,-139
106000429,0,0,0
106000430,0,0,0
106000431,298,198,100
106000432,6,114,-108
106000433,671,451,220
106000434,846,412,434
106000435,6,98,-92
106000436,0,0,0
106000437,14,5,9
106000438,8,13,-5
106000439,0,0,0
106000440,16,48,-32
106000441,0,0,0
106000442,39,0,39
106000443,70,67,3
106000450,0,0,0
106000451,13,32,-19
106000454,0,0,0
106000455,0,16,-16
106000456,45,0,45
106000457,0,0,0
106000458,165,3,162
106000459,0,0,0
106000460,235,2,233
106000461,0,0,0
106000462,0,0,0
106000463,0,2,-2
106000464,0,0,0
106000465,152,3,149
106000466,0,0,0
106000467,0,47,-47
106000468,24,27,-3
106000469,8,1,7
106000470,0,0,0
106000471,0,0,0
106000472,7,0,7
106000473,0,0,0
106000474,34,67,-33
106000475,82,117,-35
106000476,6,4,2
106000477,0,0,0
106900001,0,0,0
106900002,0,0,0
106900003,0,0,0
106900004,0,0,0
106900006,0,0,0
106900007,0,0,0
106900008,0,0,0
106900009,0,0,0
106900010,0,0,0
106900012,0,0,0
106900013,0,0,0
106900014,0,0,0
106900015,0,0,0
106900016,0,0,0
106900017,0,0,0
106900018,0,0,0
106900019,0,0,0
106900020,0,0,0
106900021,0,0,0
106900022,0,0,0
106900023,0,0,0
106900024,0,0,0
106900025,0,0,0
106900026,0,0,0
106900027,127,0,127
107000001,1284,1855,-571
107000002,241,313,-72
107000003,3641,3397,244
107000004,398,313,85
107000005,3462,2480,982
107000006,242,272,-30
107000007,1548,2037,-489
107000008,407,272,135
107000009,3442,2880,562
107000010,433,261,172
107000011,0,0,0
107000012,0,0,0
107000013,0,0,0
107000014,0,0,0
107000015,0,0,0
107000016,0,0,0
107000017,17,7,10
107000018,0,0,0
107000020,37,384,-347
107000021,4,5,-1
107000022,40,313,-273
107000023,288,1,287
107000024,73,154,-81
107000025,24,19,5
107000026,41,73,-32
107000027,174,24,150
107000028,39,88,-49
107000029,668,88,580
107000030,44,114,-70
107000031,601,183,418
107000032,82,89,-7
107000033,146,77,69
107000034,0,0,0
107000035,38,18,20
107000036,0,0,0
107000037,4,98,-94
107000038,5,24,-19
107000039,102,262,-160
107000040,51,4,47
107000041,369,94,275
107000042,43,36,7
107000043,326,91,235
107000044,21,7,14
107000045,4,5,-1
107000046,421,72,349
107000047,18,82,-64
107000048,292,58,234
107000049,24,40,-16
107000050,222,79,143
107000051,15,174,-159
107000052,252,111,141
107000053,314,91,223
107000054,9,114,-105
107000055,177,76,101
107000056,45,51,-6
107000057,86,222,-136
107000058,820,874,-54
107000059,0,0,0
107000060,1737,1550,187
107000061,23,9,14
107000062,1583,901,682
107000063,19,18,1
107000064,1040,842,198
107000065,32,3,29
107000066,667,603,64
107000067,162,119,43
107000068,104,129,-25
107000069,89,214,-125
107000070,138,1,137
107000071,752,16,736
107000072,0,0,0
107000073,186,40,146
107000074,0,0,0
107000075,971,45,926
107000076,0,0,0
107000077,1160,27,1133
107000078,0,0,0
107000079,853,85,768
107000080,0,0,0
107000081,809,166,643
107000082,0,0,0
107000083,382,397,-15
107000084,0,0,0
107000085,641,487,154
107000086,118,274,-156
107000087,468,164,304
107000088,73,98,-25
107000089,219,133,86
107000090,79,38,41
107000091,306,87,219
107000092,54,33,21
107000093,251,248,3
107000094,28,79,-51
107000095,1075,553,522
107000096,0,0,0
107000097,236,132,104
107000098,0,0,0
107000099,225,185,40
107000100,0,0,0
107000101,133,156,-23
107000102,0,0,0
107000103,157,90,67
107000104,0,0,0
107000105,270,101,169
107000106,0,0,0
107000107,257,118,139
107000108,0,0,0
107000109,228,13,215
107000110,0,0,0
107000111,173,3,170
107000112,0,0,0
107000113,203,20,183
107000114,0,0,0
107000115,313,50,263
107000116,0,0,0
107000117,183,26,157
107000118,0,0,0
107000119,631,184,447
107000120,0,0,0
107000121,330,58,272
107000122,18,93,-75
107000123,395,27,368
107000124,3,53,-50
107000125,426,39,387
107000126,30,44,-14
107000127,0,0,0
107000129,0,0,0
107000130,273,134,139
107000131,0,0,0
107000132,315,184,131
107000133,3,0,3
107000134,45,0,45
107000135,0,0,0
107000136,110,0,110
107000137,0,0,0
107000138,3,0,3
107000139,0,0,0
107000140,51,0,51
107000141,0,1,-1
107000142,54,8,46
107000143,0,2,-2
107000144,43,10,33
107000145,0,8,-8
107000146,0,0,0
107000147,6,34,-28
107000150,0,0,0
107000151,0,0,0
107000152,9,104,-95
107000153,0,0,0
107000154,0,0,0
107000155,64,0,64
107000156,120,0,120
107000157,0,0,0
107000158,16,1,15
107000159,0,0,0
107000160,139,43,96
107000161,0,2,-2
107000162,3,55,-52
107000163,36,0,36
107000164,0,0,0
107000165,0,0,0
107000166,0,0,0
107000167,0,0,0
107000168,371,55,316
107000169,2,14,-12
107000170,387,87,300
107000171,8,19,-11
107000172,229,105,124
107000173,3,4,-1
107000174,78,181,-103
107000175,23,16,7
107000176,0,0,0
107000177,8,0,8
107000178,1,2,-1
107000179,0,0,0
107000180,425,22,403
107000181,0,0,0
107000182,377,45,332
107000183,0,0,0
107000184,330,61,269
107000185,0,0,0
107000186,296,53,243
107000187,69,51,18
107000188,0,0,0
107000189,31,11,20
107000190,0,0,0
107000191,119,74,45
107000192,0,0,0
107000193,62,43,19
107000194,0,0,0
107000197,196,52,144
107000198,0,0,0
107000199,101,60,41
107000200,4,35,-31
107000201,71,45,26
107000202,55,23,32
107000203,67,118,-51
107000204,51,422,-371
107000205,52,48,4
107000206,18,435,-417
107000207,17,22,-5
107000208,13,25,-12
107000209,0,0,0
107000210,0,0,0
107000211,0,0,0
107000212,0,0,0
107000213,0,0,0
107000214,0,0,0
107000215,0,0,0
107000216,0,0,0
107000217,0,0,0
107000219,0,0,0
107000220,0,0,0
107000222,0,36,-36
107000224,2,1,1
107000225,0,0,0
107000226,35,10,25
107000227,0,0,0
107000228,0,0,0
107000229,0,0,0
107000230,25,15,10
107000231,52,107,-55
107000232,0,0,0
107000233,0,0,0
107000234,0,0,0
107000235,114,1,113
107000236,0,0,0
107000237,18,0,18
107000238,7,0,7
107000239,0,0,0
107000240,0,0,0
107000241,0,0,0
107000242,0,0,0
107000243,0,0,0
107000244,7,0,7
107000246,0,0,0
107000249,0,0,0
107000251,0,0,0
107000252,0,0,0
107000255,0,0,0
107000257,0,0,0
107000258,0,0,0
107000259,0,0,0
107000260,0,0,0
107000262,0,0,0
107000263,0,0,0
107000266,0,0,0
107000267,0,0,0
107000268,0,0,0
107000269,0,0,0
107000270,0,0,0
107000271,0,0,0
107000272,0,0,0
107000273,0,0,0
107000274,3,0,3
107000275,0,0,0
107000280,38,1,37
107000281,0,0,0
107000282,0,0,0
107000290,0,0,0
107000291,0,0,0
107000292,0,0,0
107000293,0,0,0
107000294,0,0,0
107000295,0,0,0
107000296,0,2,-2
107000444,15,0,15
107000496,0,2,-2
107000497,0,0,0
107000500,0,0,0
107000501,0,0,0
107000502,0,0,0
107000505,0,16,-16
107000506,0,0,0
107000508,0,0,0
107000509,50,58,-8
107000510,0,0,0
107000514,0,0,0
107000515,0,0,0
107000516,134,90,44
107000518,238,71,167
107000519,0,0,0
107000520,0,0,0
107900001,0,0,0
107900002,0,0,0
107900003,0,0,0
107900004,0,0,0
107900005,0,0,0
107900006,0,0,0
107900007,0,0,0
107900008,0,0,0
107900009,0,0,0
107900010,0,0,0
107900012,0,0,0
107900013,0,0,0
107900014,0,0,0
107900015,0,0,0
107900016,0,0,0
107900017,0,0,0
107900018,0,0,0
107900019,0,0,0
107900020,0,0,0
107900021,0,0,0
107900023,0,0,0
107900024,0,0,0
107900025,0,0,0
107900026,0,0,0
107900027,0,0,0
107900028,0,0,0
107900030,0,0,0
107900031,0,0,0
107900032,0,0,0
107900033,0,0,0
107900034,0,0,0
107900035,0,0,0
107900036,0,0,0
107900037,0,0,0
107900038,0,0,0
107900039,0,0,0
107900040,0,0,0
107900041,0,0,0
107900043,0,0,0
107900044,0,0,0
107900045,0,0,0
107900046,0,0,0
107900047,0,0,0
107900048,0,0,0
107900049,0,0,0
107900050,0,0,0
107900051,0,0,0
107900052,0,0,0
107900053,0,0,0
107900055,0,0,0
107900056,0,0,0
107900057,0,0,0
107900058,0,0,0
107900060,0,0,0
107900061,0,0,0
107900063,0,0,0
107900064,0,0,0
107900065,0,0,0
107900066,0,0,0
107900067,0,0,0
107900068,0,0,0
107900069,0,0,0
107900070,0,0,0
107900071,0,0,0
107900072,0,0,0
107900073,0,0,0
107900074,0,0,0
107900076,0,0,0
107900077,0,0,0
107900078,0,0,0
107900079,0,0,0
107900080,0,0,0
107900081,0,0,0
107900082,0,0,0
107900083,0,0,0
107900084,0,0,0
107900086,0,0,0
107900087,0,0,0
107900088,0,0,0
107900089,0,0,0
107900090,0,0,0
107900091,0,0,0
107900092,0,0,0
107900093,0,0,0
107900095,0,0,0
107900097,0,0,0
107900098,0,0,0
107900100,0,0,0
107900101,0,0,0
107900102,0,0,0
107900103,0,0,0
107900104,0,0,0
107900105,0,0,0
107900106,0,0,0
107900107,0,0,0
107900108,0,0,0
107900109,0,0,0
107900110,0,0,0
107900111,0,0,0
107900112,0,0,0
107900113,0,0,0
107900114,0,0,0
107900115,0,0,0
107900116,0,0,0
107900117,0,0,0
107900118,0,0,0
107900119,0,0,0
107900120,0,0,0
107900121,0,0,0
107900122,0,0,0
107900123,0,0,0
107900124,0,0,0
107900125,0,0,0
107900126,0,0,0
107900127,0,0,0
107900128,0,0,0
107900129,0,0,0
107900130,0,0,0
107900131,0,0,0
107900132,0,0,0
107900133,0,0,0
107900134,0,0,0
107900135,0,0,0
107900136,0,0,0
107900137,0,0,0
107900138,0,0,0
107900139,0,0,0
107900140,0,0,0
107900141,0,0,0
107900142,0,0,0
107900143,0,0,0
107900144,0,0,0
107900145,0,0,0
107900146,0,0,0
107900147,0,0,0
107900148,0,0,0
107900149,0,0,0
107900150,0,0,0
107900151,0,0,0
107900152,0,0,0
107900153,0,0,0
107900154,0,0,0
107900155,0,0,0
107900156,0,0,0
107900157,0,0,0
107900158,0,0,0
107900159,0,0,0
107900160,0,0,0
107900161,0,0,0
107900162,0,0,0
107900163,0,0,0
107900164,0,0,0
107900165,0,0,0
107900166,0,0,0
107900167,0,0,0
107900168,0,0,0
107900169,0,0,0
107900171,0,0,0
107900172,0,0,0
107900173,0,0,0
107900174,0,0,0
107900175,0,0,0
107900176,0,0,0
107900177,0,0,0
107900178,0,0,0
107900179,0,0,0
107900180,0,0,0
107900181,0,0,0
107900182,0,0,0
107900183,0,0,0
107900184,0,0,0
107900185,0,0,0
107900186,0,0,0
107900187,0,0,0
107900188,0,0,0
107900189,0,0,0
107900190,0,0,0
107900191,0,0,0
107900193,0,0,0
107900194,0,0,0
107900195,0,0,0
107900196,0,0,0
107900197,0,0,0
107900199,0,0,0
107900201,0,0,0
107900203,0,0,0
107900204,0,0,0
107900205,0,0,0
107900206,0,0,0
107900207,0,0,0
107900208,0,0,0
107900209,0,0,0
107900210,0,0,0
107900213,0,0,0
107900214,0,0,0
107900215,0,0,0
107900216,0,0,0
107900217,0,0,0
107900218,0,0,0
107900219,0,0,0
107900220,0,0,0
107900221,0,0,0
107900223,0,0,0
107900224,0,0,0
107900225,0,0,0
107900226,0,0,0
107900227,0,0,0
107900228,0,0,0
107900229,0,0,0
107900230,0,0,0
107900231,0,0,0
107900232,0,0,0
107900233,0,0,0
107900234,0,0,0
107900235,0,0,0
107900236,0,0,0
107900237,0,0,0
107900238,0,0,0
107900239,0,0,0
107900240,0,0,0
107900241,0,0,0
107900242,0,0,0
107900243,0,0,0
107900244,0,0,0
107900245,0,0,0
107900246,0,0,0
107900248,0,0,0
107900249,0,0,0
107900250,0,0,0
107900251,0,0,0
107900252,0,0,0
107900253,0,0,0
107900254,0,0,0
107900255,0,0,0
107900256,0,0,0
107900257,0,0,0
107900258,0,0,0
107900259,0,0,0
107900261,0,0,0
107900262,0,0,0
107900264,0,0,0
107900265,0,0,0
107900267,0,0,0
107900268,0,0,0
107900269,0,0,0
107900270,0,0,0
107900271,0,0,0
107900272,0,0,0
107900273,0,0,0
107900274,0,0,0
107900275,0,0,0
107900276,0,0,0
107900277,0,0,0
107900278,0,0,0
107900279,0,0,0
107900280,0,0,0
107900281,0,0,0
107900282,0,0,0
107900283,0,0,0
107900284,0,0,0
107900285,0,0,0
107900286,0,0,0
107900287,0,0,0
107900290,0,0,0
107900291,0,0,0
107900292,0,0,0
107900293,0,0,0
107900295,0,0,0
107900297,0,0,0
107900298,0,0,0
107900299,0,0,0
107900300,2,8,-6
107900301,0,9,-9
107900302,0,0,0
107900303,0,0,0
107900304,0,0,0
107900305,0,0,0
107900306,0,0,0
107900307,0,0,0
107900308,0,0,0
107900309,0,0,0
107900310,0,0,0
107900311,0,0,0
107900312,0,0,0
107900313,0,0,0
107900314,0,0,0
107900315,0,0,0
107900316,0,0,0
107900317,0,0,0
107900318,0,0,0
107900319,0,0,0
107900320,0,0,0
107900321,0,0,0
107900322,0,0,0
107900323,0,0,0
107900324,0,0,0
107900325,0,0,0
107900326,0,0,0
107900327,0,0,0
107900328,0,0,0
107900329,0,0,0
107900330,0,0,0
107900331,0,0,0
107900332,0,0,0
107900333,0,0,0
107900334,0,0,0
107900335,0,0,0
107900336,0,0,0
107900337,0,0,0
107900338,0,0,0
107900339,0,0,0
107900340,0,0,0
107900341,0,0,0
107900342,0,0,0
107900343,0,0,0
107900344,0,0,0
107900345,0,0,0
107900346,0,0,0
107900347,0,0,0
107900348,0,0,0
107900349,0,0,0
107900350,0,0,0
108000001,1800,938,862
108000002,99,195,-96
108000003,1283,731,552
108000004,401,1103,-702
108000005,4187,1593,2594
108000006,81,504,-423
108000007,3451,1071,2380
108000008,263,315,-52
108000009,2155,1181,974
108000010,124,289,-165
108000011,3934,1280,2654
108000012,623,592,31
108000014,152,2,150
108000015,401,2,399
108000016,0,3,-3
108000017,462,21,441
108000018,1155,62,1093
108000019,164,33,131
108000020,458,147,311
108000021,0,0,0
108000022,67,38,29
108000023,523,67,456
108000024,86,23,63
108000025,26,6,20
108000026,341,39,302
108000027,42,0,42
108000028,465,6,459
108000029,89,0,89
108000030,367,13,354
108000031,58,3,55
108000032,913,68,845
108000033,0,0,0
108000034,930,50,880
108000035,0,0,0
108000036,8,26,-18
108000037,338,86,252
108000038,555,97,458
108000039,15,27,-12
108000040,969,97,872
108000041,8,6,2
108000042,329,2,327
108000043,28,0,28
108000044,491,5,486
108000045,45,0,45
108000046,1022,114,908
108000047,0,0,0
108000048,0,0,0
108000049,289,15,274
108000050,1,3,-2
108000051,89,21,68
108000052,3,4,-1
108000053,137,35,102
108000054,16,18,-2
108000055,317,95,222
108000056,24,26,-2
108000057,299,438,-139
108000058,372,472,-100
108000059,1,99,-98
108000060,144,120,24
108000061,0,0,0
108000062,296,99,197
108000063,0,0,0
108000064,102,79,23
108000065,0,0,0
108000066,376,38,338
108000067,674,2,672
108000068,499,52,447
108000069,0,0,0
108000070,1312,100,1212
108000071,0,0,0
108000072,1451,143,1308
108000073,0,0,0
108000074,404,80,324
108000075,0,0,0
108000076,915,170,745
108000077,0,0,0
108000078,1502,506,996
108000079,0,0,0
108000080,884,222,662
108000081,0,0,0
108000082,0,0,0
108000083,111,18,93
108000084,0,0,0
108000085,54,28,26
108000086,0,0,0
108000087,5,173,-168
108000088,176,4,172
108000089,0,0,0
108000090,295,12,283
108000091,0,0,0
108000092,482,34,448
108000093,0,0,0
108000094,644,60,584
108000095,0,0,0
108000096,422,169,253
108000097,0,0,0
108000098,1040,39,1001
108000099,108,14,94
108000100,126,39,87
108000101,843,229,614
108000102,349,575,-226
108000106,140,0,140
108000107,0,0,0
108000108,71,4,67
108000109,0,0,0
108000110,1,5,-4
108000111,0,0,0
108000112,0,17,-17
108000113,44,27,17
108000115,114,35,79
108000117,95,6,89
108000118,0,0,0
108000119,25,5,20
108000120,238,132,106
108000121,38,24,14
108000122,441,25,416
108000123,375,38,337
108000124,0,0,0
108000125,503,43,460
108000126,0,0,0
108000127,399,20,379
108000128,0,0,0
108000129,0,0,0
108000130,339,16,323
108000131,177,60,117
108000132,0,0,0
108000133,682,47,635
108000134,0,0,0
108000135,1204,81,1123
108000136,0,0,0
108000137,46,17,29
108000138,1,14,-13
108000139,133,30,103
108000140,0,0,0
108000141,0,0,0
108000142,0,0,0
108000143,0,0,0
108000144,0,0,0
108000145,0,0,0
108000146,0,0,0
108000147,0,0,0
108000148,0,0,0
108000149,0,0,0
108000150,0,0,0
108000151,0,0,0
108000152,0,0,0
108000153,0,0,0
108000154,0,0,0
108000155,0,0,0
108000156,0,0,0
108000157,0,0,0
108000158,0,0,0
108000159,47,2,45
108000160,36,11,25
108000161,154,28,126
108000165,0,0,0
108000172,0,0,0
108000173,0,0,0
108000175,185,12,173
108000178,0,0,0
108000179,56,439,-383
108000181,0,0,0
108000182,0,0,0
108000183,0,0,0
108000184,21,174,-153
108000185,0,0,0
108000186,0,0,0
108000187,0,0,0
108000188,0,0,0
108000189,51,13,38
108000190,0,0,0
108000192,0,0,0
108000193,0,0,0
108000194,6,0,6
108000195,0,0,0
108000196,8,2,6
108000197,0,0,0
108000198,0,0,0
108000199,0,0,0
108000200,0,0,0
108000202,2,146,-144
108000203,0,0,0
108000204,0,0,0
108000205,0,0,0
108000339,134,12,122
108000364,14,21,-7
108000365,19,13,6
108000367,0,0,0
108000368,0,0,0
108000369,0,0,0
108000371,0,0,0
108000372,80,1,79
108000373,9,10,-1
108000376,0,0,0
108000377,71,76,-5
108000378,4879,2171,2708
108000379,0,0,0
108000381,0,0,0
108000382,41,1,40
108000383,0,0,0
108900001,0,0,0
108900002,0,0,0
108900003,0,0,0
108900004,63,34,29
108900005,0,2,-2
108900006,1,1,0
108900007,58,14,44
108900008,5,0,5
108900009,13,0,13
108900010,0,0,0
108900011,65,14,51
108900012,35,1,34
108900013,87,47,40
108900014,0,0,0
108900015,0,0,0
108900016,0,0,0
108900017,0,0,0
108900018,0,0,0
108900019,0,0,0
108900020,0,0,0
108900021,0,0,0
108900022,0,0,0
108900023,0,0,0
108900024,0,0,0
108900025,0,0,0
108900026,0,0,0
108900027,0,0,0
108900028,0,0,0
108900029,0,0,0
108900030,0,0,0
108900031,0,0,0
108900032,0,0,0
108900033,0,0,0
108900034,0,0,0
108900035,0,0,0
108900036,0,0,0
108900037,0,0,0
108900038,0,0,0
108900039,0,0,0
108900040,0,0,0
108900041,151,95,56
108900042,0,0,0
108900043,0,0,0
108900044,0,0,0
108900045,0,0,0
108900046,0,0,0
108900047,0,0,0
108900048,0,0,0
108900049,0,0,0
108900050,0,0,0
108900051,0,0,0
108900052,0,0,0
108900053,0,0,0
108900054,0,0,0
108900055,0,0,0
108900056,0,0,0
108900057,0,0,0
108900058,0,0,0
108900059,0,0,0
108900060,3,2,1
108900061,0,0,0
108900062,0,0,0
108900063,0,0,0
108900064,0,0,0
108900065,0,0,0
108900066,38,1,37
108900067,0,0,0
108900068,0,0,0
108900069,0,0,0
108900070,0,0,0
108900071,3,0,3
108900072,0,0,0
108900073,0,0,0
108900074,0,0,0
108900075,0,0,0
108900076,15,3,12
108900077,0,0,0
108900078,0,0,0
108900079,0,0,0
108900080,0,0,0
108900081,0,0,0
108900082,0,0,0
108900083,0,0,0
108900084,0,0,0
108900085,0,0,0
108900086,0,0,0
108900087,0,0,0
108900088,72,10,62
108900089,0,0,0
108900090,0,0,0
108900091,0,0,0
108900092,66,7,59
108900093,0,0,0
108900094,0,0,0
108900095,0,0,0
108900096,0,0,0
108900097,7,4,3
108900098,0,0,0
108900099,43,2,41
108900100,0,0,0
108900101,0,0,0
108900102,0,0,0
108900103,0,0,0
108900104,0,0,0
108900105,0,0,0
108900106,21,1,20
108900108,0,0,0
108900109,0,0,0
108900110,8,3,5
108900111,16,0,16
108900112,0,0,0
108900113,0,0,0
108900114,0,0,0
108900115,0,0,0
108900116,0,0,0
108900117,0,0,0
108900118,0,0,0
108900119,0,0,0
108900120,0,0,0
108900121,0,0,0
108900122,0,0,0
108900123,0,0,0
108900124,0,0,0
108900125,0,0,0
108900126,0,0,0
108900127,0,0,0
108900128,0,0,0
108900129,0,0,0
108900130,0,0,0
108900131,0,0,0
108900132,0,0,0
108900133,0,0,0
108900134,0,0,0
108900135,0,0,0
108900136,0,0,0
108900137,0,0,0
108900138,0,0,0
108900139,0,0,0
108900140,0,0,0
108900141,0,0,0
108900142,0,0,0
108900143,0,0,0
108900144,0,0,0
108900145,0,0,0
108900146,0,0,0
108900147,0,0,0
108900148,0,0,0
108900149,0,0,0
108900150,0,0,0
108900151,0,0,0
108900152,0,0,0
108900153,0,0,0
108900154,1,0,1
108900155,0,0,0
108900156,0,0,0
108900157,0,0,0
108900158,0,0,0
108900159,0,0,0
108900160,0,0,0
108900161,0,0,0
108900162,0,0,0
108900163,0,0,0
108900164,0,0,0
108900165,0,0,0
108900167,0,0,0
108900168,0,0,0
108900169,0,0,0
108900171,16,99,-83
108900172,0,0,0
108900173,0,0,0
108900174,0,0,0
108900176,0,0,0
108900177,0,0,0
108900178,0,0,0
108900179,1,119,-118
108900180,0,4,-4
108900182,1,25,-24
108900183,0,0,0
108900184,45,2,43
108900185,0,0,0
108900186,0,0,0
108900187,0,0,0
108900188,0,0,0
108900189,2,0,2
108900190,0,0,0
108900191,0,0,0
108900192,0,0,0
108900193,0,0,0
108900194,0,0,0
108900195,5,0,5
108900196,0,0,0
108900198,0,0,0
108900199,0,0,0
108900200,3,0,3
108900201,0,0,0
108900203,0,0,0
108900204,0,0,0
108900205,0,0,0
108900206,0,0,0
108900207,0,0,0
108900208,0,0,0
108900209,0,0,0
108900210,0,0,0
108900211,0,0,0
108900212,0,0,0
108900215,0,0,0
108900216,0,0,0
108900217,0,0,0
108900218,0,0,0
108900219,0,0,0
108900220,0,0,0
108900221,0,0,0
108900222,0,0,0
108900223,0,0,0
108900224,0,0,0
108900225,0,0,0
108900226,0,0,0
108900227,0,0,0
108900230,0,0,0
108900231,0,0,0
108900232,0,0,0
108900233,0,0,0
108900234,0,0,0
108900235,0,0,0
108900236,0,0,0
108900237,0,0,0
108900240,0,0,0
108900241,0,0,0
108900245,0,0,0
108900249,0,0,0
108900250,0,0,0
108900257,0,0,0
108900258,0,0,0
108900259,0,0,0
108900260,0,0,0
108900261,0,0,0
108900262,0,0,0
108900263,0,0,0
108900264,0,0,0
108900265,0,0,0
108900266,0,0,0
108900267,0,0,0
108900268,0,0,0
108900269,0,0,0
108900270,0,0,0
108900271,0,0,0
108900272,0,0,0
108900273,0,0,0
108900274,0,0,0
109000001,921,609,312
109000002,0,257,-257
109000003,1556,287,1269
109000004,0,180,-180
109000005,1128,273,855
109000006,3,115,-112
109000007,980,234,746
109000008,3,131,-128
109000009,1646,230,1416
109000010,16,245,-229
109000011,1917,530,1387
109000012,43,168,-125
109000013,2308,620,1688
109000014,30,214,-184
109000015,3039,520,2519
109000016,97,252,-155
109000017,1827,411,1416
109000018,35,242,-207
109000019,1347,332,1015
109000020,9,114,-105
109000023,7,0,7
109000024,0,0,0
109000025,0,0,0
109000026,52,61,-9
109000027,0,0,0
109000028,7,3,4
109000029,0,0,0
109000030,0,0,0
109000031,144,36,108
109000032,0,0,0
109000033,167,46,121
109000034,0,0,0
109000035,0,0,0
109000036,0,13,-13
109000037,0,0,0
109000038,9,4,5
109000039,0,0,0
109000040,0,0,0
109000041,6,38,-32
109000042,2,28,-26
109000044,144,44,100
109000045,0,0,0
109000046,164,28,136
109000047,0,0,0
109000048,245,56,189
109000049,0,0,0
109000050,167,100,67
109000051,0,0,0
109000052,0,0,0
109000053,0,0,0
109000054,0,0,0
109000055,0,0,0
109000056,0,0,0
109000057,0,0,0
109000058,0,0,0
109000059,0,0,0
109000060,1,4,-3
109000061,0,0,0
109000062,5,16,-11
109000063,0,0,0
109000064,0,3,-3
109000065,0,0,0
109000066,24,2,22
109000067,0,0,0
109000068,158,2,156
109000069,304,10,294
109000070,0,0,0
109000071,0,0,0
109000072,0,57,-57
109000073,0,0,0
109000074,0,30,-30
109000075,0,0,0
109000076,5,25,-20
109000077,25,5,20
109000078,0,0,0
109000079,1,0,1
109000080,0,0,0
109000081,32,12,20
109000082,7,5,2
109000083,79,3,76
109000088,0,9,-9
109000089,0,0,0
109000090,4,6,-2
109000091,0,0,0
109000092,3,5,-2
109000093,0,0,0
109000094,1,0,1
109000095,0,9,-9
109000096,28,6,22
109000097,0,0,0
109000098,7,14,-7
109000099,148,3,145
109000100,0,17,-17
109000101,292,9,283
109000102,3,51,-48
109000103,7,8,-1
109000104,355,6,349
109000105,32,61,-29
109000106,362,16,346
109000107,9,43,-34
109000108,386,34,352
109000109,15,70,-55
109000110,75,79,-4
109000111,22,169,-147
109000112,0,0,0
109000113,0,0,0
109000114,145,53,92
109000115,109,4,105
109000116,0,0,0
109000117,96,11,85
109000118,0,0,0
109000119,240,3,237
109000120,0,0,0
109000121,123,8,115
109000122,0,0,0
109000123,0,0,0
109000124,64,1,63
109000125,498,26,472
109000126,0,0,0
109000127,489,12,477
109000128,0,0,0
109000129,385,57,328
109000130,0,0,0
109000131,120,183,-63
109000132,5,20,-15
109000133,0,0,0
109000134,0,0,0
109000135,0,0,0
109000136,21,3,18
109000137,47,2,45
109000138,5,5,0
109000139,126,4,122
109000140,24,9,15
109000141,56,2,54
109000142,0,0,0
109000143,0,0,0
109000145,0,0,0
109000146,36,31,5
109000148,0,0,0
109000149,0,0,0
109000150,13,72,-59
109000155,0,0,0
109000156,242,22,220
109000158,0,0,0
109000159,34,38,-4
109000160,0,0,0
109000161,340,62,278
109000162,45,3,42
109000163,526,50,476
109000164,49,22,27
109000165,369,102,267
109000166,71,11,60
109000167,1,21,-20
109000170,0,0,0
109000171,0,0,0
109000172,0,0,0
109000173,0,0,0
109000174,0,0,0
109000175,0,0,0
109000176,20,4,16
109000177,0,0,0
109000178,4,7,-3
109000179,0,0,0
109000180,0,0,0
109000181,0,0,0
109000182,0,0,0
109000183,1,1,0
109000184,0,0,0
109000185,1,5,-4
109000188,5,26,-21
109000189,8,1,7
109000190,0,0,0
109000191,347,30,317
109000192,0,0,0
109000193,0,0,0
109000194,0,0,0
109000195,0,0,0
109000196,0,0,0
109000197,0,0,0
109000198,0,0,0
109000199,0,0,0
109000206,0,0,0
109000207,0,0,0
109000208,0,0,0
109000209,0,0,0
109000210,0,0,0
109000211,1,0,1
109000214,44,16,28
109000215,227,42,185
109000216,65,166,-101
109000217,0,0,0
109000218,0,0,0
109000221,2,19,-17
109000222,6,30,-24
109000223,3,39,-36
109000224,0,0,0
109000225,0,10,-10
109000226,0,2,-2
109000227,39,13,26
109000228,0,0,0
109000231,0,1,-1
109000232,39,8,31
109000236,0,0,0
109000241,67,14,53
109000242,311,81,230
109000293,0,0,0
109000361,0,0,0
109000364,0,0,0
109000396,1,13,-12
109000397,0,0,0
109000399,2,26,-24
109000400,0,0,0
109000403,0,0,0
109000406,173,26,147
109000407,0,0,0
109000408,0,98,-98
109000410,0,0,0
109000411,40,4,36
109900001,0,0,0
109900002,0,0,0
109900003,0,0,0
109900004,0,0,0
109900005,0,0,0
109900006,0,0,0
109900007,0,0,0
109900008,0,0,0
109900009,0,0,0
109900010,0,0,0
109900011,0,0,0
109900012,0,0,0
109900013,0,0,0
109900014,0,0,0
109900015,0,0,0
109900016,0,0,0
109900017,0,0,0
109900018,0,0,0
109900019,0,0,0
109900020,0,0,0
109900021,0,0,0
109900022,3,0,3
109900023,0,0,0
109900024,0,0,0
109900025,0,0,0
109900026,0,0,0
109900027,0,0,0
109900028,0,0,0
109900029,0,0,0
109900030,0,0,0
109900031,0,0,0
109900032,0,0,0
109900033,0,0,0
109900034,0,0,0
109900035,0,0,0
109900036,0,0,0
109900037,0,0,0
109900038,0,0,0
109900039,0,0,0
109900040,0,0,0
109900041,0,0,0
109900042,0,0,0
109900044,0,0,0
109900045,0,0,0
109900046,0,0,0
109900047,0,0,0
109900048,0,0,0
109900049,0,0,0
109900050,0,0,0
109900051,0,0,0
109900052,0,0,0
109900053,0,0,0
109900054,0,0,0
109900055,0,0,0
109900056,0,0,0
109900057,0,0,0
109900058,0,0,0
109900059,0,0,0
109900060,0,0,0
109900061,0,0,0
109900062,0,0,0
109900063,0,0,0
109900064,6,1,5
109900065,0,0,0
109900066,0,0,0
109900067,0,0,0
109900068,0,0,0
109900069,0,0,0
109900070,0,0,0
109900071,0,0,0
109900072,0,0,0
109900073,0,0,0
109900074,0,0,0
109900075,0,0,0
109900076,0,0,0
109900077,0,0,0
109900078,0,0,0
109900080,0,0,0
109900081,0,0,0
109900082,0,0,0
109900083,0,0,0
109900084,0,0,0
109900085,0,0,0
109900086,0,0,0
109900087,0,0,0
109900089,0,0,0
109900090,0,0,0
109900091,0,0,0
109900092,0,0,0
109900093,0,0,0
109900094,0,0,0
109900095,0,0,0
109900096,0,0,0
109900097,0,0,0
109900098,0,0,0
109900099,0,0,0
109900100,0,0,0
109900101,0,0,0
109900102,0,0,0
109900103,0,0,0
109900104,0,0,0
109900105,0,0,0
109900106,0,0,0
109900107,0,0,0
109900108,0,0,0
109900109,0,0,0
109900110,0,0,0
109900111,0,0,0
109900112,0,0,0
109900113,0,0,0
109900114,2,0,2
109900115,0,0,0
109900117,0,0,0
109900118,0,0,0
109900119,0,0,0
109900120,0,0,0
109900121,0,0,0
109900122,0,0,0
109900123,0,0,0
109900124,0,0,0
109900125,0,0,0
109900126,1,0,1
109900128,0,0,0
109900130,0,0,0
109900131,0,0,0
109900132,0,0,0
109900133,0,0,0
109900134,0,0,0
109900135,0,0,0
109900136,0,0,0
109900137,0,0,0
109900138,0,0,0
109900140,0,0,0
109900141,0,0,0
109900142,0,0,0
109900145,0,0,0
109900146,0,0,0
109900148,0,0,0
109900149,0,0,0
109900150,0,0,0
109900151,0,0,0
109900152,0,0,0
109900153,0,0,0
109900154,0,0,0
109900155,0,0,0
109900157,0,0,0
109900158,0,0,0
109900159,0,0,0
109900160,0,0,0
109900161,0,0,0
109900162,0,0,0
109900163,0,0,0
109900164,0,0,0
109900165,0,0,0
109900166,0,0,0
109900167,0,0,0
109900168,0,0,0
109900169,0,0,0
109900170,0,0,0
109900171,0,0,0
109900172,0,0,0
109900173,0,0,0
109900174,0,0,0
109900175,0,0,0
109900176,0,0,0
109900177,0,0,0
109900178,0,0,0
109900179,0,0,0
109900180,0,0,0
110000001,49,84,-35
110000002,507,297,210
110000003,119,252,-133
110000004,554,179,375
110000005,53,70,-17
110000006,5,88,-83
110000007,9,2,7
110000008,0,0,0
110000009,2,0,2
110000010,0,0,0
110000011,4,0,4
110000012,0,0,0
110000013,9,20,-11
110000014,39,33,6
110000015,17,8,9
110000016,27,50,-23
110000017,58,22,36
110000018,21,25,-4
110000019,0,0,0
110000020,0,0,0
110000021,37,9,28
110000022,0,0,0
110000023,0,0,0
110000024,0,0,0
110000025,0,0,0
110000026,0,0,0
110000027,8,12,-4
110000028,102,18,84
110000029,0,0,0
110000030,52,30,22
110000031,0,0,0
110000032,168,9,159
110000033,1,1,0
110000034,8,0,8
110000035,11,21,-10
110000036,35,1,34
110000037,10,12,-2
110000038,21,3,18
110000039,152,33,119
110000040,0,0,0
110000041,178,113,65
110000042,0,0,0
110000043,99,135,-36
110000044,0,0,0
110000045,4,34,-30
110000046,0,0,0
110000047,0,9,-9
110000048,0,0,0
110000049,1,3,-2
110000050,0,0,0
110000051,1,4,-3
110000052,2,3,-1
110000053,2,8,-6
110000054,0,0,0
110000055,9,6,3
110000056,140,54,86
110000057,0,0,0
110000058,118,107,11
110000059,17,85,-68
110000060,624,192,432
110000061,94,150,-56
110000062,594,181,413
110000063,0,0,0
110000064,10,0,10
110000065,0,0,0
110000066,0,0,0
110000067,2,0,2
110000068,1,4,-3
110000069,0,0,0
110000071,0,0,0
110000073,0,0,0
110000075,0,0,0
110000076,0,0,0
110000077,0,0,0
110000078,0,0,0
110000080,31,9,22
110000081,0,0,0
110000082,0,0,0
110000083,30,74,-44
110000084,405,141,264
110000085,365,360,5
110000086,323,214,109
110000087,1,25,-24
110000088,0,125,-125
110000089,357,7,350
110000090,0,0,0
110000091,0,0,0
110000092,0,0,0
110000093,149,2,147
110000094,62,1,61
110000095,417,78,339
110000096,93,29,64
110000097,667,84,583
110000098,401,47,354
110000099,76,67,9
110000100,22,0,22
110000101,0,0,0
110000102,0,0,0
110000104,0,0,0
110000105,15,7,8
110000106,0,0,0
110000107,4,35,-31
110000108,373,5,368
110000109,0,0,0
110000110,1044,166,878
110000111,0,0,0
110000112,0,0,0
110000113,0,0,0
110000114,1,2,-1
110000115,2,16,-14
110000116,0,17,-17
110000117,0,0,0
110000118,124,31,93
110000119,0,0,0
110000120,100,27,73
110000121,0,0,0
110000122,4,16,-12
110000123,45,85,-40
110000124,0,0,0
110000125,222,15,207
110000126,114,15,99
110000127,260,15,245
110000128,0,0,0
110000129,0,0,0
110000130,68,16,52
110000131,0,0,0
110000132,0,0,0
110000133,0,0,0
110000134,0,0,0
110000135,25,1,24
110000136,0,0,0
110000137,83,3,80
110000138,0,0,0
110000139,121,3,118
110000140,629,22,607
110000143,116,11,105
110000144,1207,302,905
110000145,254,137,117
110000146,735,77,658
110000147,0,0,0
110000148,72,27,45
110000151,24,52,-28
110000152,0,0,0
110000153,0,0,0
110000154,0,3,-3
110000155,95,371,-276
110000156,9,94,-85
110000157,49,212,-163
110000160,0,0,0
110000161,0,0,0
110000166,0,0,0
110000167,337,64,273
110000168,428,50,378
110000169,154,92,62
110000170,55,15,40
110000171,198,24,174
110000172,15,23,-8
110000173,46,25,21
110000174,0,0,0
110000175,39,1,38
110000176,15,17,-2
110000177,40,39,1
110000178,146,36,110
110000179,39,23,16
110000180,60,19,41
110000181,113,4,109
110000182,42,4,38
110000183,225,65,160
110000184,30,35,-5
110000185,0,0,0
110000186,0,0,0
110000191,101,0,101
110000192,0,0,0
110000193,0,0,0
110000194,0,0,0
110000195,0,0,0
110000196,0,0,0
110000197,0,0,0
110000198,0,0,0
110000199,0,0,0
110000200,21,0,21
110000201,0,0,0
110000202,0,0,0
110000203,0,0,0
110000204,0,0,0
110000205,0,0,0
110000206,0,0,0
110000207,0,0,0
110000208,0,0,0
110000209,0,0,0
110000210,620,135,485
110000211,647,248,399
110000212,56,15,41
110000213,19,0,19
110000214,23,0,23
110000215,0,0,0
110000216,0,0,0
110000217,139,0,139
110000218,0,0,0
110000219,33,0,33
110000220,0,0,0
110000221,20,0,20
110000222,0,0,0
110000223,0,0,0
110000224,0,0,0
110000225,0,0,0
110000226,215,26,189
110000227,0,0,0
110000228,51,1,50
110000229,0,0,0
110000230,227,46,181
110000231,55,50,5
110000232,0,0,0
110000233,23,36,-13
110000234,105,16,89
110000235,102,75,27
110000236,0,0,0
110000237,0,0,0
110000238,407,97,310
110000239,0,0,0
110000240,0,0,0
110000242,0,0,0
110000243,0,0,0
110000244,0,0,0
110000245,0,0,0
110000246,26,15,11
110000247,33,138,-105
110000248,76,47,29
110000249,0,0,0
110000250,0,2,-2
110000251,3,18,-15
110000252,43,1,42
110000253,39,18,21
110000254,0,0,0
110000255,0,0,0
110000256,8,30,-22
110000257,13,0,13
110000258,0,4,-4
110000259,0,0,0
110000260,1,3,-2
110000263,0,0,0
110000264,2,3,-1
110000265,1039,217,822
110000266,363,295,68
110000267,0,0,0
110000268,26,1,25
110000269,0,0,0
110000270,62,0,62
110000271,94,25,69
110000272,167,177,-10
110000273,109,163,-54
110000274,9,103,-94
110000275,151,53,98
110000276,4,111,-107
110000277,570,88,482
110000278,4,156,-152
110000279,524,167,357
110000280,248,37,211
110000281,0,0,0
110000282,24,0,24
110000283,0,0,0
110000284,0,0,0
110000285,0,0,0
110000286,10,4,6
110000287,0,0,0
110000288,0,0,0
110000289,0,0,0
110000290,0,0,0
110000291,189,11,178
110000292,0,0,0
110000293,196,7,189
110000294,0,0,0
110000295,65,15,50
110000296,0,0,0
110000297,0,0,0
110000298,0,0,0
110000299,0,0,0
110000301,0,0,0
110000302,0,0,0
110000303,0,0,0
110000304,0,0,0
110000305,76,0,76
110000306,0,0,0
110000307,86,0,86
110000308,132,1,131
110000309,0,0,0
110000310,64,2,62
110000311,0,0,0
110000312,11,0,11
110000313,0,0,0
110000314,0,0,0
110000315,29,228,-199
110000316,7,163,-156
110000317,0,0,0
110000318,0,0,0
110000319,0,0,0
110000320,0,0,0
110000321,0,0,0
110000322,1,9,-8
110000323,0,0,0
110000324,0,0,0
110000325,680,320,360
110000327,175,2,173
110000328,0,0,0
110000333,32,132,-100
110000334,1,4,-3
110000335,19,21,-2
110000336,2,13,-11
110000337,559,94,465
110000338,7,5,2
110000339,19,35,-16
110000340,0,10,-10
110000341,41,0,41
110000342,7,0,7
110000343,0,0,0
110000344,0,0,0
110000345,2,7,-5
110000346,308,235,73
110000347,615,189,426
110000348,0,0,0
110000349,0,0,0
110000350,4,0,4
110000351,254,62,192
110000352,0,0,0
110000353,876,55,821
110000354,16,9,7
110000355,0,0,0
110000356,135,1,134
110000357,0,0,0
110000361,0,0,0
110000362,3,13,-10
110000363,72,1,71
110000364,86,66,20
110000365,5,0,5
110000366,0,0,0
110000367,0,0,0
110000368,0,0,0
110000369,7,0,7
110000373,0,0,0
110000374,0,0,0
110000375,113,8,105
110000376,0,0,0
110000377,69,125,-56
110000378,0,0,0
110000379,406,137,269
110000380,88,1,87
110000383,0,0,0
110000384,104,0,104
110000385,0,0,0
110000387,56,12,44
110000388,0,0,0
110000389,542,2,540
110000391,204,0,204
110000396,0,0,0
110000397,0,0,0
110000398,0,0,0
110000399,353,2,351
110000587,0,2,-2
110000589,0,1,-1
110000640,0,0,0
110000652,0,0,0
110000653,0,0,0
110000654,0,0,0
110000656,0,0,0
110000674,0,0,0
110000675,0,0,0
110000676,0,0,0
110000679,0,0,0
110000682,3,22,-19
110000683,50,50,0
110000684,0,0,0
110000685,1,4,-3
110000686,0,0,0
110000687,7,0,7
110000688,35,0,35
110000689,0,0,0
110000692,0,6,-6
110000693,0,0,0
110000694,0,0,0
110000695,0,0,0
110000696,12,3,9
110900001,0,0,0
110900002,0,0,0
110900003,0,0,0
110900004,0,0,0
110900005,0,0,0
110900006,0,0,0
110900007,0,0,0
110900008,0,0,0
110900009,0,0,0
110900010,0,0,0
110900011,0,0,0
110900012,0,0,0
110900013,0,0,0
110900014,0,0,0
110900015,0,0,0
110900016,0,0,0
110900017,0,0,0
110900018,0,0,0
110900019,0,0,0
110900020,0,0,0
110900021,0,0,0
110900022,0,0,0
110900023,0,0,0
110900024,0,0,0
110900025,0,0,0
110900027,0,0,0
110900028,0,0,0
110900029,0,0,0
110900030,0,0,0
110900031,0,0,0
110900032,0,0,0
110900033,0,0,0
110900035,0,0,0
110900036,0,0,0
110900037,0,0,0
110900038,0,0,0
110900039,0,0,0
110900040,0,0,0
110900041,0,0,0
110900042,0,0,0
110900043,0,0,0
110900044,0,0,0
110900045,0,0,0
110900046,0,0,0
110900047,0,0,0
110900049,0,0,0
110900050,0,0,0
110900051,0,0,0
110900052,0,0,0
110900053,0,0,0
110900054,0,0,0
110900055,0,0,0
110900056,0,0,0
110900057,0,0,0
110900058,0,0,0
110900059,0,0,0
110900060,0,0,0
110900061,0,0,0
110900062,0,0,0
110900063,0,0,0
110900064,0,0,0
110900065,0,0,0
110900066,0,0,0
110900067,0,0,0
110900068,0,0,0
110900069,0,0,0
110900070,0,0,0
110900071,0,0,0
110900073,0,0,0
110900074,0,0,0
110900075,0,0,0
110900077,0,0,0
110900078,0,0,0
110900079,0,0,0
110900080,0,0,0
110900081,0,0,0
110900082,0,0,0
110900083,0,0,0
110900084,0,0,0
110900085,0,0,0
110900086,0,0,0
110900087,0,0,0
110900088,0,0,0
110900090,0,0,0
110900091,0,0,0
110900093,0,0,0
110900095,0,0,0
110900097,0,0,0
110900098,0,0,0
110900099,0,0,0
110900100,0,0,0
110900102,0,0,0
110900105,0,0,0
110900108,0,0,0
110900111,0,0,0
110900112,0,0,0
110900113,0,0,0
110900115,0,0,0
110900116,0,0,0
110900118,0,0,0
110900119,0,0,0
110900120,0,0,0
110900121,0,0,0
110900122,0,0,0
110900125,0,0,0
110900127,0,0,0
110900128,0,0,0
110900129,0,0,0
110900130,0,0,0
110900131,0,0,0
110900132,0,0,0
110900133,0,0,0
110900135,0,0,0
110900136,0,0,0
110900137,0,0,0
110900138,0,0,0
110900139,0,0,0
110900140,0,0,0
110900141,0,0,0
110900142,0,0,0
110900143,0,0,0
110900144,0,0,0
110900145,0,0,0
110900146,0,0,0
110900147,0,0,0
110900148,0,0,0
110900149,0,0,0
110900150,0,0,0
110900151,0,0,0
110900152,0,0,0
110900153,0,0,0
111000001,59,2,57
111000002,0,0,0
111000003,361,29,332
111000004,0,0,0
111000005,523,63,460
111000006,0,0,0
111000007,541,50,491
111000008,0,0,0
111000009,2,55,-53
111000010,388,62,326
111000011,0,0,0
111000012,243,43,200
111000013,3,33,-30
111000014,432,93,339
111000017,0,0,0
111000018,0,0,0
111000020,0,0,0
111000021,44,1,43
111000023,44,2,42
111000025,142,216,-74
111000029,0,0,0
111000030,0,0,0
111000031,390,109,281
111000032,96,13,83
111000033,28,12,16
111000034,4,5,-1
111000037,1,0,1
111000038,8,12,-4
111000039,3,2,1
111000040,2,3,-1
111000041,0,0,0
111000042,0,0,0
111000043,843,142,701
111000044,690,104,586
111000045,789,282,507
111000046,363,174,189
111000047,550,190,360
111000049,83,34,49
111000050,0,0,0
111000051,0,0,0
111000052,0,0,0
111000053,0,0,0
111000054,0,0,0
111000055,3,0,3
111000056,0,0,0
111000057,0,0,0
111000058,96,3,93
111000059,271,88,183
111000060,1471,89,1382
111000061,74,42,32
111000062,401,45,356
111000063,537,54,483
111000064,597,91,506
111000065,631,35,596
111000066,161,42,119
111000067,0,0,0
111000068,0,0,0
111000069,0,0,0
111000070,0,0,0
111000071,0,0,0
111000072,770,46,724
111000073,263,163,100
111000074,775,218,557
111000075,150,14,136
111000076,278,32,246
111000077,606,188,418
111000078,148,26,122
111000079,199,89,110
111000080,178,40,138
111000081,148,63,85
111000082,123,30,93
111000084,32,109,-77
111000085,56,33,23
111000086,104,15,89
111000087,116,19,97
111000088,132,41,91
111000089,62,47,15
111000090,12,56,-44
111000091,0,0,0
111000092,0,0,0
111000093,0,0,0
111000094,11,11,0
111000095,37,13,24
111000096,46,25,21
111000097,0,0,0
111000098,0,0,0
111000099,0,0,0
111000100,0,0,0
111000101,0,0,0
111000102,0,0,0
111000104,92,32,60
111000107,0,0,0
111000109,54,41,13
111000110,183,64,119
111000111,946,45,901
111000112,904,9,895
111000113,489,192,297
111000114,303,132,171
111000115,1284,103,1181
111000116,208,35,173
111000117,70,22,48
111000118,173,23,150
111000119,261,58,203
111000120,265,43,222
111000121,175,37,138
111000122,15,16,-1
111000123,4,3,1
111000124,0,0,0
111000125,0,0,0
111000126,0,0,0
111000127,272,51,221
111000128,821,11,810
111000129,1017,33,984
111000130,1141,58,1083
111000131,872,59,813
111000132,448,93,355
111000133,6,12,-6
111000134,36,10,26
111000135,0,0,0
111000136,241,9,232
111000138,7,0,7
111000140,0,0,0
111000141,2,2,0
111000142,0,0,0
111000143,0,0,0
111000144,0,0,0
111000145,17,1,16
111000146,1,0,1
111000147,34,3,31
111000148,66,10,56
111000149,0,0,0
111000150,19,0,19
111000151,0,0,0
111000153,120,2,118
111000154,18,6,12
111000155,38,4,34
111000156,184,44,140
111000157,117,113,4
111000158,271,147,124
111000159,276,89,187
111000160,72,39,33
111000161,1,70,-69
111000162,0,0,0
111000163,0,0,0
111000164,0,0,0
111000165,37,5,32
111000166,0,0,0
111000167,0,0,0
111000168,17,3,14
111000169,39,3,36
111000170,70,4,66
111000171,66,7,59
111000172,7,16,-9
111000173,8,5,3
111000174,15,3,12
111000175,0,0,0
111000176,0,0,0
111000177,0,0,0
111000178,0,0,0
111000179,0,0,0
111000180,0,0,0
111000181,83,0,83
111000182,35,0,35
111000183,55,1,54
111000184,72,15,57
111000185,2,9,-7
111000186,7,0,7
111000187,28,2,26
111000188,4,7,-3
111000189,0,0,0
111000190,0,0,0
111000191,0,0,0
111000192,0,0,0
111000193,0,0,0
111000194,0,0,0
111000195,0,0,0
111000196,0,0,0
111000197,45,7,38
111000198,123,2,121
111000199,27,10,17
111000200,206,16,190
111000201,164,3,161
111000202,117,2,115
111000203,141,18,123
111000204,47,124,-77
111000213,114,30,84
111000214,132,25,107
111000215,143,32,111
111000217,284,21,263
111000218,67,121,-54
111000219,0,0,0
111000220,170,40,130
111000221,49,42,7
111000224,0,0,0
111000225,22,0,22
111000226,2,0,2
111000227,2,0,2
111000228,0,0,0
111000229,0,0,0
111000230,33,3,30
111000231,174,18,156
111000232,0,0,0
111000233,0,0,0
111000234,0,0,0
111000239,0,0,0
111000240,55,30,25
111000241,0,0,0
111000242,34,7,27
111000243,0,0,0
111000244,65,7,58
111000245,224,41,183
111000246,64,47,17
111000247,0,0,0
111000248,114,54,60
111000249,0,0,0
111000250,0,0,0
111000251,0,0,0
111000253,0,0,0
111000255,0,0,0
111000257,0,0,0
111000260,0,0,0
111000261,77,9,68
111000271,0,0,0
111000273,59,9,50
111000274,236,119,117
111000275,34,2,32
111000276,0,0,0
111000277,0,0,0
111000278,121,7,114
111000291,225,463,-238
111000298,0,0,0
111000299,86,0,86
111000300,0,0,0
111000302,0,0,0
111000303,0,0,0
111000312,0,0,0
111000315,0,0,0
111000320,15,21,-6
111000321,12,2,10
111000322,48,4,44
111000323,12,0,12
111000324,7,0,7
111000325,0,0,0
111000326,3,0,3
111000327,36,33,3
111000328,49,51,-2
111000329,0,0,0
111000330,6,1,5
111000331,16,0,16
111000332,106,49,57
111000334,12,37,-25
111000335,50,0,50
111000337,74,2,72
111000338,1,0,1
111000339,3,0,3
111000340,7,6,1
111000341,130,12,118
111000342,0,0,0
111000344,167,23,144
111000345,22,12,10
111000346,0,0,0
111000347,2,0,2
111000350,12,9,3
111000351,0,0,0
111000352,12,2,10
111000353,0,0,0
111000354,28,2,26
111000355,0,0,0
111000358,35,8,27
111000360,42,20,22
111000361,73,2,71
111000546,0,0,0
111000547,131,13,118
111000548,0,0,0
111000549,122,2,120
111000550,0,0,0
111000551,72,2,70
111000552,8,16,-8
111000907,16,0,16
111000908,0,0,0
111000916,95,2,93
111000917,0,0,0
111000918,10,23,-13
111000920,41,0,41
111000921,0,0,0
111000922,1,0,1
111000924,0,0,0
111000925,1765,209,1556
111000926,43,76,-33
111000927,1794,466,1328
111000928,65,338,-273
111000929,1255,202,1053
111000930,11,133,-122
111000931,1691,372,1319
111000932,34,94,-60
111000933,1471,547,924
111000934,17,138,-121
111000935,763,154,609
111000936,2,64,-62
111000937,459,203,256
111000938,6,87,-81
111000939,163,7,156
111000940,0,0,0
111000941,26,4,22
111000943,0,0,0
111000944,2,12,-10
111000945,9,0,9
111001109,105,23,82
111001110,0,0,0
111001111,0,0,0
111001112,203,0,203
111001113,0,149,-149
111001114,2,0,2
111001115,0,0,0
111001116,420,84,336
111001117,0,0,0
111001120,40,3,37
111001121,0,0,0
111001122,0,0,0
111900001,0,0,0
111900002,0,0,0
111900003,0,0,0
111900004,0,0,0
111900006,0,0,0
111900007,0,0,0
111900008,0,0,0
111900009,0,0,0
111900010,0,0,0
111900012,0,0,0
111900013,0,0,0
111900014,17,1,16
111900015,0,0,0
111900016,0,0,0
111900017,0,0,0
111900018,0,0,0
111900019,0,0,0
111900020,0,0,0
111900021,0,0,0
111900022,0,0,0
111900023,0,0,0
111900024,0,0,0
111900025,0,0,0
111900026,0,0,0
111900027,0,0,0
111900028,0,0,0
111900029,0,0,0
111900030,0,0,0
111900031,0,0,0
111900032,0,0,0
111900033,0,0,0
111900034,0,0,0
111900035,0,0,0
111900036,0,0,0
111900038,0,0,0
111900039,0,0,0
111900040,0,0,0
111900042,0,0,0
111900043,0,0,0
111900044,0,0,0
111900046,0,0,0
111900048,0,0,0
111900049,0,0,0
111900050,0,0,0
111900051,0,0,0
111900052,0,0,0
111900053,0,0,0
111900054,0,0,0
111900055,0,0,0
111900056,0,0,0
111900057,22,0,22
111900058,0,0,0
111900059,28,13,15
111900060,0,0,0
111900061,0,0,0
111900062,0,0,0
111900063,0,0,0
111900064,0,0,0
111900065,0,0,0
111900066,0,0,0
111900067,0,0,0
111900068,0,0,0
111900069,0,0,0
111900070,0,0,0
111900071,0,0,0
111900072,0,0,0
111900073,0,0,0
111900074,0,0,0
111900075,0,0,0
111900076,0,0,0
111900077,0,0,0
111900078,0,0,0
111900079,0,0,0
111900080,0,0,0
111900081,0,0,0
111900082,0,0,0
111900083,0,0,0
111900084,0,0,0
111900085,0,0,0
111900086,0,0,0
111900087,0,0,0
111900088,0,0,0
111900089,0,0,0
111900090,0,0,0
111900091,0,0,0
111900092,0,0,0
111900093,0,0,0
111900094,0,0,0
111900095,0,0,0
111900096,0,0,0
111900097,0,0,0
111900098,0,0,0
111900099,0,0,0
111900100,0,0,0
111900101,0,0,0
111900102,0,0,0
111900103,0,0,0
111900104,0,0,0
111900105,0,0,0
111900106,0,0,0
111900107,0,0,0
111900108,0,0,0
111900109,0,0,0
111900110,0,0,0
111900111,4,0,4
111900112,0,0,0
111900113,0,0,0
111900114,0,0,0
111900115,0,0,0
111900118,0,0,0
111900119,0,0,0
111900122,0,0,0
111900123,0,0,0
111900124,0,0,0
111900125,0,0,0
111900126,0,0,0
111900127,0,0,0
111900128,0,0,0
111900129,0,0,0
111900130,0,0,0
111900131,0,0,0
111900132,0,0,0
111900133,0,0,0
111900134,0,0,0
111900135,0,0,0
111900136,0,0,0
111900137,0,0,0
111900138,0,0,0
111900139,0,0,0
111900140,0,0,0
111900141,0,0,0
111900142,0,0,0
111900143,0,0,0
111900144,0,0,0
111900145,0,0,0
111900146,0,0,0
111900147,0,0,0
111900148,0,0,0
111900149,0,0,0
111900150,0,0,0
111900151,0,0,0
111900152,0,0,0
111900153,0,0,0
111900154,0,0,0
111900155,0,0,0
111900156,0,0,0
111900157,0,0,0
111900158,0,0,0
111900159,0,0,0
111900160,0,0,0
111900161,0,0,0
111900162,0,0,0
111900163,0,0,0
111900164,0,0,0
111901113,0,0,0
111901114,0,0,0
111901115,0,0,0
111901116,0,0,0
111901117,0,0,0
111901118,0,0,0
111901119,0,0,0
111901120,0,0,0
111901121,0,0,0
111901122,0,0,0
111901123,0,0,0
111901124,0,0,0
111901125,1,5,-4
111901126,0,0,0
111901127,0,0,0
111901128,0,0,0
111901129,0,0,0
111901130,0,0,0
111901131,0,0,0
111901132,0,0,0
111901133,0,0,0
111901134,0,0,0
111901135,0,0,0
111901136,0,0,0
111901137,0,0,0
111901138,0,0,0
111901139,0,0,0
111901140,0,0,0
111901141,0,0,0
111901142,0,0,0
111901143,0,0,0
111901144,0,0,0
112000001,912,294,618
112000002,0,0,0
112000003,445,128,317
112000004,0,0,0
112000005,2405,1126,1279
112000006,0,0,0
112000007,1018,782,236
112000008,1449,1291,158
112000009,626,40,586
112000010,287,750,-463
112000011,166,26,140
112000012,570,1115,-545
112000013,38,51,-13
112000014,125,320,-195
112000015,0,0,0
112000016,40,160,-120
112000017,0,0,0
112000024,0,0,0
112000026,0,0,0
112000027,453,430,23
112000028,0,0,0
112000029,0,0,0
112000030,0,0,0
112000031,0,64,-64
112000032,0,0,0
112000033,1,32,-31
112000034,0,0,0
112000035,0,0,0
112000036,0,0,0
112000037,0,0,0
112000038,0,0,0
112000039,13,11,2
112000040,0,0,0
112000041,0,0,0
112000042,0,0,0
112000050,599,383,216
112000051,646,811,-165
112000054,30,145,-115
112000057,0,0,0
112000058,0,0,0
112000059,0,0,0
112000061,0,0,0
112000062,22,63,-41
112000063,0,0,0
112000064,0,0,0
112000065,0,0,0
112000066,105,273,-168
112000067,0,0,0
112000068,98,186,-88
112000069,0,0,0
112000070,25,53,-28
112000071,0,0,0
112000072,215,14,201
112000073,0,0,0
112000074,99,19,80
112000075,337,147,190
112000076,98,25,73
112000077,82,2,80
112000078,153,28,125
112000079,78,14,64
112000080,69,42,27
112000081,48,86,-38
112000082,140,59,81
112000083,111,38,73
112000084,156,56,100
112000085,352,30,322
112000086,284,26,258
112000087,74,11,63
112000088,109,40,69
112000089,13,25,-12
112000090,7,3,4
112000091,33,28,5
112000092,782,67,715
112000093,106,17,89
112000094,347,101,246
112000095,162,17,145
112000096,386,53,333
112000097,366,281,85
112000098,0,0,0
112000099,64,712,-648
112000100,405,91,314
112000101,0,0,0
112000102,375,34,341
112000103,0,0,0
112000105,0,0,0
112000106,368,22,346
112000107,0,4,-4
112000108,0,0,0
112000109,45,4,41
112000110,263,22,241
112000111,13,13,0
112000112,238,9,229
112000113,1,17,-16
112000114,197,33,164
112000115,0,0,0
112000116,0,0,0
112000117,0,0,0
112000118,0,0,0
112000119,0,0,0
112000120,0,0,0
112000121,0,0,0
112000122,61,15,46
112000123,127,13,114
112000124,21,11,10
112000125,69,42,27
112000126,0,0,0
112000127,21,119,-98
112000128,0,0,0
112000129,129,0,129
112000130,0,0,0
112000131,0,0,0
112000132,0,0,0
112000133,56,0,56
112000134,61,7,54
112000135,125,20,105
112000136,1,1,0
112000137,197,56,141
112000138,2,2,0
112000139,2,27,-25
112000140,0,0,0
112000141,33,1,32
112000142,0,0,0
112000143,164,1,163
112000144,0,0,0
112000145,257,21,236
112000146,0,0,0
112000147,168,26,142
112000148,0,0,0
112000149,2,1,1
112000150,0,0,0
112000151,3,1,2
112000152,0,0,0
112000153,10,1,9
112000154,64,0,64
112000155,0,0,0
112000157,15,259,-244
112000158,44,3,41
112000159,0,0,0
112000167,0,0,0
112000169,0,0,0
112000173,0,0,0
112000175,6,0,6
112000176,0,0,0
112000177,0,0,0
112000178,0,0,0
112000179,0,0,0
112000180,0,0,0
112000181,41,32,9
112000182,227,9,218
112000183,18,1,17
112000184,23,0,23
112000185,0,0,0
112000187,0,0,0
112000195,0,0,0
112000196,0,0,0
112000197,0,0,0
112000198,0,0,0
112000199,0,0,0
112000202,341,0,341
112000216,0,0,0
112000230,0,0,0
112000231,0,0,0
112000256,44,54,-10
112000313,0,0,0
112000314,0,0,0
112000337,0,0,0
112000352,0,0,0
112000392,61,100,-39
112000398,289,78,211
112000399,62,1470,-1408
112000400,13,51,-38
112000401,12,52,-40
112000402,434,1401,-967
112000403,84,766,-682
112000404,158,275,-117
112000405,936,663,273
112000406,16,62,-46
112000407,2322,358,1964
112000408,72,103,-31
112000409,2,75,-73
112000410,0,0,0
112000411,0,0,0
112000412,0,0,0
112000413,0,0,0
112000414,0,0,0
112000415,0,0,0
112000416,679,120,559
112000417,25,30,-5
112000421,0,0,0
112000422,16,0,16
112000424,0,0,0
112000425,0,0,0
112000426,0,0,0
112000427,0,0,0
112000428,0,0,0
112000429,327,357,-30
112000430,363,656,-293
112000431,8,7,1
112000432,0,0,0
112000433,21,68,-47
112000437,0,20,-20
112900001,0,0,0
112900002,0,0,0
112900003,0,0,0
112900004,0,0,0
112900005,0,0,0
112900006,0,0,0
112900007,0,0,0
112900008,0,0,0
112900009,0,0,0
112900010,0,0,0
112900011,0,0,0
112900012,0,0,0
112900013,0,0,0
112900014,0,0,0
112900015,0,0,0
112900016,0,0,0
112900017,0,0,0
112900018,0,0,0
112900019,0,0,0
112900020,0,0,0
112900021,0,0,0
112900022,0,0,0
112900023,0,0,0
112900024,0,0,0
112900025,0,0,0
112900026,0,0,0
112900027,0,0,0
112900028,0,0,0
112900029,0,0,0
112900030,0,0,0
112900031,0,0,0
112900032,0,0,0
112900034,0,0,0
112900035,0,0,0
112900036,0,0,0
112900037,0,0,0
112900038,0,0,0
112900039,0,0,0
112900040,0,0,0
112900041,0,0,0
112900042,0,0,0
112900043,0,0,0
112900044,0,0,0
112900045,0,0,0
112900046,0,0,0
112900047,0,0,0
112900049,0,0,0
112900050,0,0,0
112900051,0,0,0
112900052,0,0,0
112900053,0,0,0
112900054,0,0,0
112900055,0,0,0
112900056,0,0,0
112900057,0,0,0
112900058,0,0,0
112900059,0,0,0
112900060,0,0,0
112900061,0,0,0
112900062,0,0,0
112900063,0,0,0
112900064,0,0,0
112900065,0,0,0
112900066,0,0,0
112900067,0,0,0
112900068,0,0,0
112900069,0,0,0
112900071,0,0,0
112900072,0,0,0
112900073,0,0,0
112900074,0,0,0
112900075,0,0,0
112900076,0,0,0
112900078,0,0,0
112900079,0,0,0
112900080,0,0,0
112900081,0,0,0
112900082,0,0,0
112900083,0,0,0
112900084,0,0,0
112900085,0,0,0
112900086,0,0,0
112900087,0,0,0
112900088,0,0,0
112900089,0,0,0
112900090,0,0,0
112900091,0,0,0
112900092,0,0,0
112900093,0,0,0
112900094,0,0,0
112900095,0,0,0
112900096,0,0,0
112900097,0,0,0
112900098,0,0,0
112900099,0,0,0
112900100,0,0,0
112900101,0,0,0
112900102,0,0,0
112900103,0,0,0
112900104,0,0,0
112900105,0,0,0
112900106,0,0,0
112900107,0,0,0
112900108,0,0,0
112900109,0,0,0
112900110,0,0,0
112900111,0,0,0
112900112,0,0,0
112900113,0,0,0
112900114,0,0,0
112900115,0,0,0
112900116,0,0,0
112900117,0,0,0
112900118,0,0,0
112900119,0,0,0
112900120,0,0,0
112900121,0,0,0
112900122,0,0,0
112900123,0,0,0
112900124,0,0,0
112900125,0,0,0
112900126,0,0,0
112900127,0,0,0
112900128,0,0,0
112900129,0,0,0
112900130,0,0,0
112900131,0,0,0
112900132,0,0,0
112900133,0,0,0
112900134,0,0,0
112900135,0,0,0
112900136,0,0,0
112900137,0,0,0
112900138,0,0,0
112900139,0,0,0
112900140,0,0,0
112900141,0,0,0
112900142,0,0,0
112900143,0,0,0
112900144,0,0,0
112900145,0,0,0
112900146,0,0,0
112900147,0,0,0
112900148,0,0,0
112900149,0,0,0
112900151,0,0,0
112900152,0,0,0
112900153,0,0,0
112900154,0,0,0
112900155,0,0,0
112900156,0,0,0
112900157,0,0,0
112900158,0,0,0
112900159,0,0,0
112900160,0,0,0
112900161,0,0,0
112900162,0,0,0
112900163,0,0,0
112900164,0,0,0
112900165,0,0,0
112900166,0,0,0
112900167,0,0,0
112900168,0,0,0
112900169,0,0,0
112900170,0,0,0
112900172,0,0,0
112900173,0,0,0
112900174,0,0,0
112900175,0,0,0
112900176,0,0,0
112900177,0,0,0
112900178,0,0,0
112900179,0,0,0
112900180,0,0,0
112900181,0,0,0
112900182,0,0,0
112900183,0,0,0
112900184,0,0,0
112900185,0,0,0
112900186,0,0,0
112900187,0,0,0
112900188,0,0,0
112900189,0,0,0
112900190,0,0,0
112900192,0,0,0
112900193,0,0,0
112900194,0,0,0
112900195,0,0,0
112900196,0,0,0
112900197,0,0,0
112900199,0,0,0
112900200,0,0,0
112900201,0,0,0
112900202,0,0,0
112900203,0,0,0
112900204,0,0,0
112900205,0,0,0
112900206,0,0,0
112900207,0,0,0
112900208,0,0,0
112900209,0,0,0
112900210,0,0,0
112900211,0,0,0
112900212,0,0,0
112900213,0,0,0
112900214,0,0,0
112900215,0,0,0
112900216,0,0,0
112900217,0,0,0
112900218,0,0,0
112900219,0,0,0
112900220,0,0,0
112900221,0,0,0
112900222,0,0,0
112900223,0,0,0
112900224,0,0,0
112900225,0,0,0
112900226,0,0,0
112900227,0,0,0
112900228,0,0,0
112900229,0,0,0
112900230,0,0,0
112900232,0,0,0
112900233,0,0,0
112900234,0,0,0
112900235,0,0,0
112900236,0,0,0
112900237,0,0,0
112900238,0,0,0
113000001,286,205,81
113000002,276,267,9
113000003,115,123,-8
113000004,91,103,-12
113000005,82,63,19
113000006,25,70,-45
113000007,128,50,78
113000008,65,46,19
113000009,49,27,22
113000010,117,44,73
113000011,0,0,0
113000012,490,77,413
113000013,1,28,-27
113000014,34,0,34
113000015,3,0,3
113000016,0,4,-4
113000017,0,0,0
113000018,26,11,15
113000019,0,0,0
113000020,175,13,162
113000021,230,11,219
113000022,75,0,75
113000025,0,0,0
113000026,21,12,9
113000027,72,3,69
113000028,2,0,2
113000029,41,9,32
113000030,0,0,0
113000031,0,0,0
113000032,40,5,35
113000033,43,9,34
113000034,0,0,0
113000035,0,0,0
113000036,0,3,-3
113000037,0,0,0
113000038,0,0,0
113000039,0,0,0
113000040,0,0,0
113000042,0,0,0
113000051,129,133,-4
113000052,118,69,49
113000053,7,14,-7
113000054,44,53,-9
113000055,105,42,63
113000056,52,50,2
113000058,0,0,0
113000059,125,56,69
113000060,1,0,1
113000061,109,90,19
113000062,0,0,0
113000063,0,0,0
113000064,0,0,0
113000065,14,5,9
113000066,106,5,101
113000067,81,2,79
113000068,27,15,12
113000069,54,31,23
113000070,83,18,65
113000071,16,37,-21
113000072,56,4,52
113000073,2,110,-108
113000074,36,20,16
113000075,246,25,221
113000076,12,159,-147
113000077,93,71,22
113000078,0,0,0
113000079,0,0,0
113000080,37,48,-11
113000081,102,120,-18
113000082,0,0,0
113000083,180,168,12
113000084,2,1,1
113000085,104,156,-52
113000086,5,5,0
113000087,99,357,-258
113000088,13,2,11
113000089,156,387,-231
113000090,4,33,-29
113000091,16,0,16
113000094,61,3,58
113000095,0,2,-2
113000096,0,0,0
113000097,55,15,40
113000098,1,0,1
113000099,30,19,11
113000100,1,3,-2
113000101,2,0,2
113000102,10,32,-22
113000103,0,0,0
113000104,202,152,50
113000105,559,137,422
113000106,0,0,0
113000107,231,394,-163
113000108,104,24,80
113000109,0,3,-3
113000110,88,109,-21
113000111,0,0,0
113000112,10,28,-18
113000113,44,81,-37
113000114,0,0,0
113000116,0,0,0
113000117,0,0,0
113000118,0,0,0
113000119,0,0,0
113000120,0,1,-1
113000121,0,0,0
113000124,36,13,23
113000125,0,0,0
113000127,0,0,0
113000128,0,0,0
113000129,0,0,0
113000133,26,2,24
113000134,3,44,-41
113000135,1117,808,309
113000137,383,363,20
113000139,70,34,36
113000140,0,0,0
113000141,43,16,27
113000142,0,0,0
113000143,7,24,-17
113000144,0,0,0
113000145,0,0,0
113000146,0,0,0
113000147,0,0,0
113000148,0,0,0
113000149,0,0,0
113000150,0,0,0
113000151,0,0,0
113000152,0,0,0
113000153,0,0,0
113000154,14,26,-12
113000155,91,43,48
113000156,0,0,0
113000157,0,0,0
113000158,96,4,92
113000159,199,4,195
113000160,0,0,0
113000161,0,0,0
113000162,0,0,0
113000163,10,3,7
113000164,0,0,0
113000166,62,2,60
113000167,0,0,0
113000168,0,0,0
113000169,84,3,81
113000170,249,27,222
113000171,0,0,0
113000172,82,7,75
113000173,4,11,-7
113000174,0,0,0
113000175,51,3,48
113000176,243,1,242
113000177,0,0,0
113000178,0,0,0
113000179,136,5,131
113000180,90,29,61
113000181,53,15,38
113000182,14,7,7
113000183,0,47,-47
113000184,0,0,0
113000189,0,0,0
113000190,0,0,0
113000192,67,216,-149
113000193,107,17,90
113000194,24,28,-4
113000195,24,38,-14
113000196,78,11,67
113000197,27,49,-22
113000198,0,0,0
113000199,1,0,1
113000201,0,0,0
113000202,1,0,1
113000203,8,0,8
113000204,6,87,-81
113000205,0,0,0
113000206,0,0,0
113000207,0,0,0
113000208,0,0,0
113000209,0,0,0
113000210,0,0,0
113000211,0,0,0
113000212,0,0,0
113000213,11,3,8
113000214,0,0,0
113000234,0,0,0
113000410,3,2,1
113000411,51,109,-58
113000412,432,243,189
113000413,280,366,-86
113000414,279,296,-17
113000415,16,76,-60
113000416,129,62,67
113000417,17,48,-31
113000418,435,229,206
113000419,97,129,-32
113000420,530,182,348
113000421,1716,1150,566
113000422,345,468,-123
113000423,270,311,-41
113000424,797,414,383
113000425,0,0,0
113000428,0,0,0
113000430,0,0,0
113000432,232,16,216
113000433,0,0,0
113000434,0,0,0
113000435,0,0,0
113000436,0,0,0
113000437,65,0,65
113000438,11,0,11
113000439,0,0,0
113000440,0,0,0
113000441,0,0,0
113000442,0,0,0
113000443,0,0,0
113000444,0,0,0
113000445,0,0,0
113000446,0,0,0
113000448,0,0,0
113000449,0,0,0
113000450,0,1,-1
113000451,0,0,0
113000452,17,0,17
113000453,0,0,0
113000454,1,0,1
113000455,0,0,0
113000456,0,0,0
113000468,0,0,0
113000469,0,0,0
113000470,0,0,0
113000471,0,0,0
113000472,0,0,0
113000474,13,102,-89
113000475,50,59,-9
113000476,173,250,-77
113000477,932,280,652
113000478,352,115,237
113000479,0,0,0
113000480,0,2,-2
113000482,0,0,0
113000484,0,0,0
113000485,0,0,0
113000486,0,0,0
113000487,0,0,0
113000489,0,0,0
113000490,0,0,0
113000491,0,0,0
113000492,0,0,0
113000493,0,0,0
113000495,0,0,0
113000496,0,0,0
113000498,0,0,0
113000499,0,0,0
113000500,0,0,0
113900001,0,0,0
113900002,0,0,0
113900003,0,0,0
113900004,0,0,0
113900005,0,0,0
113900006,0,0,0
113900007,0,0,0
113900008,0,0,0
113900009,0,0,0
113900010,0,0,0
113900011,0,0,0
113900012,0,0,0
113900013,0,0,0
113900014,0,0,0
113900015,0,0,0
113900016,0,0,0
113900017,0,0,0
113900018,0,0,0
113900019,0,0,0
113900020,0,0,0
113900022,0,0,0
113900023,0,0,0
113900024,0,0,0
113900025,0,0,0
113900026,0,0,0
113900027,0,0,0
113900028,0,0,0
113900029,0,0,0
113900030,0,0,0
113900031,0,0,0
113900032,0,0,0
113900033,0,0,0
113900035,0,0,0
113900036,0,0,0
113900037,0,0,0
113900038,0,0,0
113900039,0,0,0
113900040,0,0,0
113900041,0,0,0
113900042,0,0,0
113900043,0,0,0
113900044,0,0,0
113900045,0,0,0
113900046,0,0,0
113900047,0,0,0
113900048,0,0,0
113900049,0,0,0
113900050,0,0,0
113900051,0,0,0
113900052,0,0,0
113900053,0,0,0
113900054,0,0,0
113900055,0,0,0
113900056,0,0,0
113900057,0,0,0
113900058,0,0,0
113900059,0,0,0
113900060,0,0,0
113900061,0,0,0
113900062,0,0,0
113900063,0,0,0
113900064,0,0,0
113900065,0,0,0
113900066,0,0,0
113900067,0,0,0
113900068,0,0,0
113900069,0,0,0
113900070,0,0,0
113900071,0,0,0
113900072,0,0,0
113900073,0,0,0
113900074,0,0,0
113900075,0,0,0
113900076,0,0,0
113900077,0,0,0
113900078,0,0,0
113900079,0,0,0
113900080,0,0,0
113900081,0,0,0
113900082,0,0,0
113900083,0,0,0
113900084,0,0,0
113900085,0,0,0
113900086,0,0,0
113900087,0,0,0
113900088,0,0,0
113900089,0,0,0
113900090,0,0,0
113900091,0,0,0
113900092,0,0,0
113900093,0,0,0
113900094,0,0,0
113900095,0,0,0
113900096,0,0,0
113900097,0,0,0
113900098,0,0,0
113900099,0,0,0
113900100,0,0,0
113900101,0,0,0
113900102,0,0,0
113900103,0,0,0
113900104,0,0,0
113900105,0,0,0
113900106,0,0,0
113900107,0,0,0
113900108,0,0,0
113900109,0,0,0
113900110,0,0,0
113900111,0,0,0
113900112,0,0,0
113900113,0,0,0
113900114,0,0,0
113900115,0,0,0
113900116,0,0,0
113900117,0,0,0
113900118,0,0,0
113900119,0,0,0
113900120,0,0,0
113900121,0,0,0
113900122,0,0,0
113900123,0,0,0
113900124,0,0,0
113900125,0,0,0
113900126,0,0,0
113900127,0,0,0
113900128,0,0,0
113900129,0,0,0
113900130,0,0,0
113900131,0,0,0
113900132,0,0,0
113900133,0,0,0
113900135,0,0,0
113900136,0,0,0
113900137,0,0,0
113900138,0,0,0
113900139,0,0,0
113900140,0,0,0
113900141,0,0,0
113900142,0,0,0
113900143,0,0,0
113900144,0,0,0
113900145,0,0,0
113900146,0,0,0
113900148,0,0,0
113900149,0,0,0
113900150,0,0,0
113900151,0,0,0
113900152,0,0,0
113900153,0,0,0
113900154,0,0,0
113900155,0,0,0
113900156,0,0,0
113900157,0,0,0
113900158,0,0,0
113900159,0,0,0
113900160,0,0,0
113900161,0,0,0
113900162,0,0,0
113900163,0,0,0
113900164,0,0,0
113900165,0,0,0
113900166,0,0,0
113900167,0,0,0
113900168,0,0,0
113900169,0,0,0
113900171,0,0,0
113900172,0,0,0
113900173,0,0,0
113900174,0,0,0
113900175,0,0,0
113900176,0,0,0
113900177,0,0,0
113900178,0,0,0
113900179,0,0,0
113900180,0,0,0
113900181,0,0,0
113900182,0,0,0
113900183,0,0,0
113900184,0,0,0
113900185,0,0,0
113900186,0,0,0
113900187,0,0,0
113900188,0,0,0
113900189,0,0,0
113900190,0,0,0
113900191,0,0,0
113900192,0,0,0
113900193,0,0,0
113900194,0,0,0
113900195,0,0,0
113900196,0,0,0
113900197,0,0,0
113900198,0,0,0
113900199,0,0,0
113900200,0,0,0
113900201,0,0,0
113900202,0,0,0
113900203,0,0,0
113900204,0,0,0
113900205,0,0,0
113900206,0,0,0
113900207,0,0,0
113900208,0,0,0
113900209,0,0,0
113900210,0,0,0
113900211,0,0,0
113900212,0,0,0
113900214,0,0,0
113900215,0,0,0
113900216,0,0,0
113900217,0,0,0
113900218,0,0,0
113900219,0,0,0
113900220,0,0,0
113900221,0,0,0
113900222,0,0,0
113900223,0,0,0
113900224,0,0,0
113900225,0,0,0
113900226,0,0,0
113900227,0,0,0
113900228,0,0,0
113900229,0,0,0
113900230,0,0,0
113900231,0,0,0
113900232,0,0,0
113900233,0,0,0
113900234,0,0,0
113900235,0,0,0
113900236,0,0,0
113900237,0,0,0
113900238,0,0,0
113900239,0,0,0
113900240,0,0,0
113900241,0,0,0
113900242,0,0,0
113900243,0,0,0
113900244,0,0,0
113900245,0,0,0
113900246,0,0,0
113900247,0,0,0
113900248,0,0,0
113900249,0,0,0
113900250,0,0,0
113900251,0,0,0
113900252,0,0,0
113900253,0,0,0
113900254,0,0,0
113900255,0,0,0
113900256,0,0,0
113900257,0,0,0
113900258,0,0,0
113900259,0,0,0
113900260,0,0,0
113900261,0,0,0
113900262,0,0,0
113900263,0,0,0
113900264,0,0,0
113900265,0,0,0
113900266,0,0,0
113900267,0,0,0
113900268,0,0,0
113900269,0,0,0
113900270,0,0,0
113900271,0,0,0
113900273,0,0,0
113900274,0,0,0
113900275,0,0,0
113900276,0,0,0
113900277,0,0,0
113900278,0,0,0
113900279,0,0,0
113900280,0,0,0
113900281,0,0,0
113900282,0,0,0
113900283,0,0,0
113900284,0,0,0
113900285,0,0,0
113900286,0,0,0
113900287,0,0,0
113900288,0,0,0
113900289,0,0,0
113900290,0,0,0
113900291,0,0,0
113900292,0,0,0
113900293,0,0,0
113900294,0,0,0
113900295,3,11,-8
113900296,0,0,0
113900297,0,0,0
113900298,0,0,0
113900299,0,0,0
113900300,0,0,0
113900301,0,0,0
113900302,0,0,0
113900303,0,0,0
113900304,0,0,0
113900305,0,0,0
113900306,0,0,0
113900307,0,0,0
113900308,0,0,0
113900309,0,0,0
113900310,0,0,0
113900311,0,0,0
113900312,0,0,0
113900313,0,0,0
114000001,183,101,82
114000002,55,22,33
114000003,0,0,0
114000004,0,0,0
114000005,0,0,0
114000006,0,0,0
114000007,0,0,0
114000008,5,49,-44
114000009,5,40,-35
114000011,662,132,530
114000012,417,71,346
114000013,193,110,83
114000014,0,0,0
114000015,0,0,0
114000016,0,0,0
114000017,12,3,9
114000018,0,0,0
114000026,235,126,109
114000027,320,107,213
114000028,220,255,-35
114000038,0,0,0
114000039,0,0,0
114000040,3,0,3
114000042,0,0,0
114000043,0,0,0
114000044,19,1,18
114000045,0,0,0
114000046,0,0,0
114000047,0,0,0
114000048,0,13,-13
114000049,20,40,-20
114000050,5,102,-97
114000051,23,189,-166
114000052,21,95,-74
114000053,0,0,0
114000054,0,0,0
114000055,0,0,0
114000056,0,0,0
114000057,304,136,168
114000058,0,0,0
114000059,0,0,0
114000060,0,0,0
114000061,57,121,-64
114000062,24,157,-133
114000063,8,1,7
114000064,0,1,-1
114000065,33,32,1
114000066,6,21,-15
114000067,13,8,5
114000068,8,1,7
114000069,48,2,46
114000070,527,309,218
114000071,0,0,0
114000072,0,0,0
114000073,0,0,0
114000074,0,0,0
114000075,19,0,19
114000076,25,4,21
114000077,21,0,21
114000078,2,2,0
114000079,0,0,0
114000080,0,3,-3
114000081,35,4,31
114000082,0,0,0
114000083,0,0,0
114000084,0,0,0
114000085,0,0,0
114000086,0,0,0
114000087,0,0,0
114000088,2,0,2
114000089,4,5,-1
114000090,97,64,33
114000091,35,33,2
114000092,43,28,15
114000093,112,35,77
114000094,68,28,40
114000095,31,22,9
114000096,0,0,0
114000097,0,0,0
114000098,54,5,49
114000099,0,0,0
114000100,669,5,664
114000101,0,0,0
114000102,117,16,101
114000103,0,0,0
114000104,0,0,0
114000105,0,0,0
114000106,0,0,0
114000107,0,0,0
114000108,0,0,0
114000109,255,130,125
114000110,0,0,0
114000111,363,83,280
114000112,0,0,0
114000113,361,26,335
114000114,0,0,0
114000115,519,112,407
114000116,259,114,145
114000117,961,69,892
114000118,585,78,507
114000119,515,46,469
114000120,74,5,69
114000121,0,0,0
114000122,178,14,164
114000123,395,32,363
114000124,69,70,-1
114000125,48,115,-67
114000126,268,10,258
114000127,27,8,19
114000128,22,5,17
114000130,3,15,-12
114000131,10,11,-1
114000132,0,0,0
114000133,0,0,0
114000134,0,0,0
114000138,0,0,0
114000139,6,49,-43
114000144,113,65,48
114000145,0,0,0
114000146,0,0,0
114000147,261,44,217
114000148,41,35,6
114000149,1,69,-68
114000150,0,0,0
114000151,57,90,-33
114000152,22,11,11
114000153,0,0,0
114000154,36,1,35
114000155,281,127,154
114000156,34,42,-8
114000157,77,86,-9
114000158,0,0,0
114000159,0,0,0
114000160,0,0,0
114000161,120,353,-233
114000162,691,600,91
114000163,0,0,0
114000165,2,56,-54
114000166,20,10,10
114000167,148,71,77
114000168,0,0,0
114000169,248,228,20
114000170,472,219,253
114000171,771,123,648
114000174,0,0,0
114000176,0,0,0
114000177,0,0,0
114000178,4,1,3
114000179,177,72,105
114000180,0,0,0
114000181,178,539,-361
114000182,151,150,1
114000183,106,64,42
114000184,46,119,-73
114000185,270,86,184
114000189,197,10,187
114000190,724,7,717
114000191,0,0,0
114000192,0,38,-38
114000193,0,0,0
114000194,213,12,201
114000195,0,0,0
114000196,0,0,0
114000197,304,1,303
114000198,0,0,0
114000199,0,0,0
114000200,20,10,10
114000201,0,3,-3
114000202,134,53,81
114000203,35,22,13
114000204,0,0,0
114000205,0,1,-1
114000206,0,0,0
114000207,5,86,-81
114000208,6,31,-25
114000209,3,88,-85
114000210,0,52,-52
114000211,576,195,381
114000212,70,242,-172
114000213,438,267,171
114000214,18,1,17
114000215,0,0,0
114000216,282,82,200
114000217,111,24,87
114000218,7,0,7
114000219,204,10,194
114000220,0,31,-31
114000221,235,27,208
114000222,14,35,-21
114000223,198,52,146
114000224,6,24,-18
114000225,39,21,18
114000226,117,47,70
114000227,228,83,145
114000228,246,77,169
114000229,108,21,87
114000230,520,84,436
114000231,47,30,17
114000232,295,86,209
114000233,729,88,641
114000234,445,115,330
114000235,95,16,79
114000236,0,0,0
114000237,11,1,10
114000238,0,99,-99
114000239,4,0,4
114000240,119,63,56
114000241,21,62,-41
114000242,111,28,83
114000243,454,190,264
114000244,373,107,266
114000245,0,0,0
114000246,0,0,0
114000247,173,49,124
114000248,213,78,135
114000249,192,114,78
114000250,120,8,112
114000251,55,42,13
114000252,0,0,0
114000253,5,3,2
114000254,0,0,0
114000255,0,0,0
114000256,24,33,-9
114000257,2,191,-189
114000258,59,15,44
114000259,0,13,-13
114000260,0,0,0
114000261,90,17,73
114000262,0,0,0
114000263,25,1,24
114000264,0,0,0
114000265,0,0,0
114000267,6,264,-258
114000268,0,0,0
114000270,52,6,46
114000271,83,1,82
114000283,272,12,260
114000285,0,0,0
114000288,0,3,-3
114000289,0,0,0
114000293,35,5,30
114000294,0,0,0
114000395,456,28,428
114000396,95,58,37
114000402,0,0,0
114000403,34,18,16
114000405,46,9,37
114000423,97,20,77
114000424,68,8,60
114000425,123,13,110
114000426,53,48,5
114000427,0,0,0
114000428,0,0,0
114000429,0,0,0
114000432,3,0,3
114000434,0,0,0
114000435,0,0,0
114900001,0,0,0
114900002,0,0,0
114900003,0,0,0
114900004,0,0,0
114900005,0,0,0
114900006,0,0,0
114900007,0,0,0
114900008,0,0,0
114900010,0,0,0
114900011,0,0,0
114900013,0,0,0
114900015,0,0,0
114900018,0,0,0
114900020,0,0,0
114900021,0,0,0
114900022,0,0,0
114900024,0,0,0
114900025,0,0,0
114900026,0,0,0
114900027,0,0,0
114900029,0,0,0
114900030,0,0,0
114900031,0,0,0
114900032,0,0,0
114900033,0,0,0
114900034,0,0,0
114900035,0,0,0
114900036,0,0,0
114900037,0,0,0
114900038,0,0,0
114900039,0,0,0
114900040,0,0,0
114900041,0,0,0
114900042,0,0,0
114900043,0,0,0
114900044,0,0,0
114900045,0,0,0
114900046,0,0,0
114900047,0,0,0
114900048,0,0,0
114900049,0,0,0
114900050,0,0,0
114900051,0,0,0
114900052,0,0,0
114900053,0,0,0
114900054,0,0,0
114900057,0,0,0
114900058,0,0,0
114900059,0,0,0
114900060,0,0,0
114900061,0,0,0
114900062,0,0,0
114900063,0,0,0
114900064,0,0,0
114900065,0,0,0
114900067,0,0,0
114900068,0,0,0
114900069,0,0,0
114900070,0,0,0
114900072,0,0,0
114900073,0,0,0
114900074,0,0,0
114900075,0,0,0
114900076,0,0,0
114900080,0,0,0
114900082,0,0,0
114900083,0,0,0
114900084,0,0,0
114900090,0,0,0
114900091,0,0,0
114900095,0,0,0
114900096,0,0,0
114900097,0,0,0
114900098,0,0,0
114900099,0,0,0
115000001,149,157,-8
115000002,1315,519,796
115000003,97,119,-22
115000004,1228,793,435
115000005,31,93,-62
115000006,432,405,27
115000007,0,0,0
115000008,96,92,4
115000009,0,0,0
115000010,134,201,-67
115000013,0,0,0
115000015,0,0,0
115000016,0,0,0
115000019,28,137,-109
115000020,0,0,0
115000021,2,289,-287
115000022,5,71,-66
115000023,361,207,154
115000024,5,50,-45
115000025,411,88,323
115000026,1,0,1
115000027,187,41,146
115000028,2,4,-2
115000029,403,7,396
115000030,3,77,-74
115000031,500,15,485
115000032,0,0,0
115000033,115,3,112
115000034,0,0,0
115000035,574,0,574
115000036,0,0,0
115000037,230,0,230
115000038,18,53,-35
115000039,18,85,-67
115000040,123,51,72
115000041,27,41,-14
115000042,77,24,53
115000043,849,498,351
115000044,532,93,439
115000045,171,16,155
115000046,578,260,318
115000047,855,196,659
115000048,116,52,64
115000049,51,244,-193
115000050,1099,248,851
115000051,435,209,226
115000052,129,96,33
115000053,285,180,105
115000054,60,38,22
115000055,0,0,0
115000056,26,31,-5
115000057,0,0,0
115000058,60,12,48
115000059,0,0,0
115000061,16,5,11
115000062,0,0,0
115000063,0,0,0
115000064,55,7,48
115000065,0,0,0
115000067,14,3,11
115000069,0,0,0
115000070,0,27,-27
115000071,59,3,56
115000072,0,0,0
115000073,328,4,324
115000075,0,0,0
115000076,441,232,209
115000077,152,142,10
115000078,197,124,73
115000079,195,187,8
115000080,367,251,116
115000081,0,0,0
115000082,863,488,375
115000083,0,0,0
115000084,601,173,428
115000085,0,0,0
115000086,450,33,417
115000087,0,0,0
115000088,748,156,592
115000089,0,0,0
115000090,91,73,18
115000091,56,34,22
115000092,255,13,242
115000093,326,12,314
115000094,1398,308,1090
115000095,840,234,606
115000096,166,48,118
115000097,252,30,222
115000098,224,30,194
115000099,662,244,418
115000100,578,103,475
115000101,0,14,-14
115000102,207,53,154
115000103,19,2,17
115000105,1,4,-3
115000106,230,55,175
115000107,3,36,-33
115000108,63,83,-20
115000109,808,788,20
115000110,62,150,-88
115000111,4,106,-102
115000112,70,26,44
115000113,34,32,2
115000114,48,15,33
115000116,94,87,7
115000117,96,21,75
115000118,90,133,-43
115000119,56,76,-20
115000120,9,161,-152
115000121,90,96,-6
115000122,211,45,166
115000123,130,265,-135
115000124,71,33,38
115000125,59,50,9
115000126,12,22,-10
115000127,22,5,17
115000128,11,3,8
115000129,30,18,12
115000130,37,4,33
115000131,59,9,50
115000132,112,1,111
115000133,57,4,53
115000134,52,3,49
115000135,32,1,31
115000136,92,10,82
115000137,0,0,0
115000138,110,30,80
115000139,0,0,0
115000140,113,47,66
115000141,0,0,0
115000142,0,0,0
115000143,180,40,140
115000144,0,0,0
115000145,0,0,0
115000146,113,89,24
115000147,0,0,0
115000148,10,18,-8
115000149,0,1,-1
115000150,34,11,23
115000151,22,13,9
115000152,4,4,0
115000153,7,8,-1
115000154,17,5,12
115000155,38,9,29
115000156,22,80,-58
115000157,5,5,0
115000158,1,15,-14
115000159,0,1,-1
115000160,1,0,1
115000161,186,95,91
115000162,235,31,204
115000163,0,0,0
115000164,0,0,0
115000165,53,56,-3
115000167,47,3,44
115000168,86,41,45
115000169,0,0,0
115000170,0,0,0
115000171,43,89,-46
115000172,0,0,0
115000173,1,7,-6
115000174,21,19,2
115000175,0,0,0
115000176,3,2,1
115000177,0,0,0
115000178,0,0,0
115000179,11,0,11
115000180,0,0,0
115000181,147,5,142
115000182,188,17,171
115000183,0,0,0
115000186,100,7,93
115000187,26,31,-5
115000188,134,21,113
115000189,6,33,-27
115000190,372,19,353
115000191,13,43,-30
115000194,0,0,0
115000195,1,2,-1
115000196,0,0,0
115000197,0,0,0
115000198,44,1,43
115000199,0,0,0
115000200,7,0,7
115000201,0,0,0
115000206,275,1,274
115000207,0,0,0
115000208,40,54,-14
115000209,401,4,397
115000210,40,79,-39
115000211,3,15,-12
115000212,10,3,7
115000218,0,0,0
115000219,0,0,0
115000224,0,0,0
115000225,0,0,0
115000229,4,0,4
115000230,4,1,3
115000231,63,4,59
115000232,293,2,291
115000233,0,0,0
115000234,0,0,0
115000241,0,0,0
115000242,0,0,0
115000243,0,0,0
115000244,0,0,0
115000246,0,0,0
115000247,0,0,0
115000248,0,0,0
115000249,0,0,0
115000250,0,0,0
115000251,0,0,0
115000252,0,0,0
115000253,0,0,0
115000258,0,0,0
115000259,0,0,0
115000261,0,0,0
115000262,0,0,0
115000263,0,0,0
115000264,0,0,0
115000267,0,0,0
115000268,0,0,0
115000269,0,0,0
115000270,0,0,0
115000272,1,0,1
115000273,0,0,0
115000274,0,0,0
115000280,9,488,-479
115000281,0,0,0
115000282,175,394,-219
115000284,0,0,0
115000296,232,1,231
115000297,5,266,-261
115000298,0,0,0
115000300,0,0,0
115000302,71,1,70
115000303,130,1,129
115000304,98,29,69
115000305,0,0,0
115000306,0,0,0
115000307,0,0,0
115000308,0,0,0
115000310,0,0,0
115000311,308,42,266
115000313,0,0,0
115000314,41,19,22
115000315,6,39,-33
115000316,0,0,0
115000317,55,15,40
115000318,372,2,370
115000319,1,27,-26
115000320,0,43,-43
115000321,31,2,29
115000322,0,36,-36
115000449,0,0,0
115000557,0,0,0
115000558,46,4,42
115000587,0,1,-1
115000588,87,137,-50
115000589,1547,978,569
115000590,44,54,-10
115000591,467,305,162
115000592,48,66,-18
115000593,651,146,505
115000594,116,103,13
115000609,0,5,-5
115000617,190,87,103
115000624,0,0,0
115000633,272,153,119
115000634,997,136,861
115000635,299,12,287
115000638,0,0,0
115000641,0,0,0
115000642,151,7,144
115000643,0,19,-19
115000644,0,9,-9
115000646,84,72,12
115000647,51,24,27
115000648,251,31,220
115000893,1126,387,739
115000894,2,116,-114
115000895,14,84,-70
115000896,726,121,605
115000897,51,28,23
115000898,103,13,90
115000899,6,12,-6
115000900,0,41,-41
115000901,0,16,-16
115000912,98,5,93
115000913,0,0,0
115000915,3,0,3
115000916,0,1,-1
115000917,0,0,0
115000918,0,0,0
115000919,0,0,0
115000920,0,0,0
115000921,0,0,0
115000922,45,207,-162
115000923,2,48,-46
115000925,0,0,0
115000927,0,0,0
115000933,1,9,-8
115900001,0,0,0
115900002,0,0,0
115900003,0,0,0
115900004,0,0,0
115900005,0,0,0
115900006,0,0,0
115900008,0,0,0
115900009,0,0,0
115900010,0,0,0
115900011,0,0,0
115900012,0,0,0
115900013,0,0,0
115900014,0,0,0
115900015,0,0,0
115900016,0,0,0
115900017,0,0,0
115900018,0,0,0
115900019,0,0,0
115900020,0,0,0
115900021,0,0,0
115900022,0,0,0
115900023,0,0,0
115900025,0,0,0
115900026,0,0,0
115900027,0,0,0
115900028,0,0,0
115900029,0,0,0
115900030,0,0,0
115900031,0,0,0
115900032,0,0,0
115900033,0,0,0
115900034,0,0,0
115900035,0,0,0
115900036,0,0,0
115900037,0,0,0
115900038,0,0,0
115900039,0,0,0
115900041,0,0,0
115900042,0,0,0
115900043,0,0,0
115900044,0,0,0
115900046,0,0,0
115900047,0,0,0
115900049,0,0,0
115900051,0,0,0
115900052,0,0,0
115900053,0,0,0
115900054,0,0,0
115900055,0,0,0
115900056,0,0,0
115900057,0,0,0
115900058,0,0,0
115900060,0,0,0
115900061,0,0,0
115900062,0,0,0
115900063,0,0,0
115900064,0,0,0
115900065,0,0,0
115900066,0,0,0
115900067,0,0,0
115900068,0,0,0
115900069,0,0,0
115900070,0,0,0
115900071,0,0,0
115900072,0,0,0
115900073,0,0,0
115900074,0,0,0
115900075,0,0,0
115900076,0,0,0
115900077,0,0,0
115900078,0,0,0
115900079,0,0,0
115900080,0,0,0
115900081,0,0,0
115900082,0,0,0
115900084,0,0,0
115900085,0,0,0
115900086,0,0,0
115900088,0,0,0
115900089,0,0,0
115900090,0,0,0
115900091,0,0,0
115900092,0,0,0
115900093,0,0,0
115900094,0,0,0
115900096,0,0,0
115900097,0,0,0
115900098,0,0,0
115900099,0,0,0
115900100,0,0,0
115900101,0,0,0
115900102,0,0,0
115900103,0,0,0
115900104,0,0,0
115900105,0,0,0
115900106,0,0,0
115900107,0,0,0
115900108,0,0,0
115900109,0,0,0
115900110,0,0,0
115900111,0,0,0
115900112,0,0,0
115900113,0,0,0
115900114,0,0,0
115900115,0,0,0
115900116,0,0,0
115900117,0,0,0
115900118,0,0,0
115900119,0,0,0
115900120,0,0,0
115900121,0,0,0
115900124,0,0,0
115900125,0,0,0
115900126,0,0,0
115900127,0,0,0
115900128,0,0,0
115900129,0,0,0
115900130,0,0,0
115900131,0,0,0
115900132,0,0,0
115900134,0,0,0
115900135,0,0,0
115900137,0,0,0
115900139,0,0,0
115900140,0,0,0
115900141,0,0,0
115900142,0,0,0
115900143,0,0,0
115900144,0,0,0
115900146,0,0,0
115900147,0,0,0
115900148,0,0,0
115900149,0,0,0
115900150,0,0,0
115900151,0,0,0
115900152,0,0,0
115900153,0,0,0
115900154,0,0,0
115900155,0,0,0
115900156,0,0,0
115900157,0,0,0
115900158,0,0,0
115900159,0,0,0
115900160,0,0,0
115900161,0,0,0
115900163,0,0,0
115900164,0,0,0
115900165,0,0,0
115900166,0,0,0
115900168,0,0,0
115900171,0,0,0
115900172,0,0,0
115900173,0,0,0
115900174,0,0,0
115900175,0,0,0
115900178,0,0,0
115900179,0,0,0
115900180,0,0,0
115900181,0,0,0
115900182,0,0,0
115900183,0,0,0
115900184,0,0,0
115900187,0,0,0
115900189,0,0,0
115900190,0,0,0
115900191,0,0,0
115900192,0,0,0
115900193,0,0,0
115900194,0,0,0
115900195,0,0,0
115900198,0,0,0
115900199,0,0,0
115900200,0,0,0
115900201,0,0,0
115900202,0,0,0
115900203,0,0,0
115900204,0,0,0
115900205,0,0,0
115900206,0,0,0
115900207,0,0,0
115900208,0,0,0
115900209,0,0,0
115900210,0,0,0
115900211,0,0,0
115900212,0,0,0
115900213,0,0,0
115900214,0,0,0
115900215,0,0,0
115900216,0,0,0
115900217,0,0,0
115900218,0,0,0
115900219,0,0,0
115900220,0,0,0
115900221,0,0,0
115900222,0,0,0
115900223,0,0,0
115900224,0,0,0
115900225,0,0,0
115900226,0,0,0
115900227,0,0,0
115900228,0,0,0
115900229,0,0,0
115900230,0,0,0
115900231,0,0,0
115900232,0,0,0
115900233,0,0,0
115900234,0,0,0
115900235,0,0,0
115900236,0,0,0
115900237,0,0,0
115900238,0,0,0
115900239,0,0,0
115900240,0,0,0
115900241,0,0,0
115900242,0,1,-1
115900243,0,0,0
115900244,0,0,0
115900245,0,0,0
115900246,0,0,0
115900247,0,0,0
115900248,0,0,0
115900249,0,0,0
115900250,0,0,0
115900251,0,0,0
115900252,0,0,0
115900253,0,0,0
115900254,0,0,0
115900255,0,0,0
115900256,0,0,0
115900257,0,0,0
115900258,0,0,0
115900259,0,0,0
115900260,0,0,0
115900261,0,0,0
115900262,0,0,0
115900263,0,0,0
115900264,0,0,0
115900265,0,0,0
115900266,0,0,0
115900267,0,0,0
115900268,0,0,0
115900269,0,0,0
115900270,0,0,0
116000001,99,251,-152
116000002,1393,1882,-489
116000003,42,107,-65
116000004,550,1787,-1237
116000005,32,87,-55
116000006,244,604,-360
116000007,140,196,-56
116000008,560,455,105
116000009,10,124,-114
116000010,514,516,-2
116000011,35,160,-125
116000012,749,298,451
116000013,154,289,-135
116000014,0,0,0
116000015,8,4,4
116000016,689,45,644
116000017,50,8,42
116000018,112,11,101
116000019,55,7,48
116000020,248,56,192
116000021,142,5,137
116000022,116,47,69
116000023,6,27,-21
116000024,206,8,198
116000025,10,40,-30
116000026,347,34,313
116000027,224,94,130
116000028,313,355,-42
116000029,0,0,0
116000030,441,284,157
116000031,0,0,0
116000032,118,3,115
116000033,244,57,187
116000034,956,455,501
116000035,93,103,-10
116000036,53,241,-188
116000037,81,63,18
116000038,8,70,-62
116000039,0,0,0
116000040,50,84,-34
116000041,0,0,0
116000042,215,159,56
116000043,0,0,0
116000044,0,0,0
116000045,1440,1477,-37
116000046,0,0,0
116000047,0,0,0
116000048,1187,681,506
116000049,780,411,369
116000050,366,133,233
116000051,1042,276,766
116000052,712,124,588
116000053,505,212,293
116000054,0,0,0
116000055,0,0,0
116000056,216,588,-372
116000057,0,0,0
116000058,82,58,24
116000059,351,907,-556
116000060,55,47,8
116000061,44,180,-136
116000062,13,21,-8
116000063,142,289,-147
116000066,23,409,-386
116000067,0,0,0
116000068,38,137,-99
116000069,0,0,0
116000078,155,337,-182
116000080,0,0,0
116000082,0,0,0
116000083,278,125,153
116000084,15,301,-286
116000085,348,88,260
116000086,5,58,-53
116000087,773,223,550
116000088,61,53,8
116000089,0,0,0
116000090,0,0,0
116000091,0,0,0
116000093,333,194,139
116000094,2,38,-36
116000095,335,45,290
116000096,52,105,-53
116000097,494,23,471
116000098,3,250,-247
116000099,439,31,408
116000100,5,0,5
116000101,63,6,57
116000102,81,19,62
116000103,46,20,26
116000104,28,16,12
116000105,71,9,62
116000106,60,16,44
116000107,132,2,130
116000108,0,6,-6
116000111,18,1,17
116000113,19,16,3
116000114,0,0,0
116000115,106,21,85
116000116,0,0,0
116000117,230,256,-26
116000118,0,0,0
116000119,1006,291,715
116000120,0,0,0
116000121,269,171,98
116000122,0,0,0
116000123,710,74,636
116000124,0,0,0
116000125,727,73,654
116000126,0,0,0
116000127,0,0,0
116000128,684,76,608
116000129,0,0,0
116000130,0,0,0
116000133,367,7,360
116000134,157,23,134
116000135,557,140,417
116000136,92,52,40
116000137,359,110,249
116000138,0,0,0
116000139,759,870,-111
116000140,3,4,-1
116000141,32,8,24
116000142,223,685,-462
116000143,387,158,229
116000144,116,228,-112
116000145,1100,292,808
116000146,148,3,145
116000147,105,197,-92
116000148,1,19,-18
116000149,0,0,0
116000151,41,66,-25
116000153,124,515,-391
116000155,75,314,-239
116000156,4,26,-22
116000157,31,0,31
116000158,331,39,292
116000159,12,17,-5
116000160,0,0,0
116000161,0,0,0
116000162,0,0,0
116000163,0,0,0
116000164,0,0,0
116000177,6,6,0
116000194,0,0,0
116000195,679,163,516
116000196,0,0,0
116000197,0,0,0
116000198,277,277,0
116000200,0,12,-12
116000201,0,0,0
116000202,15,0,15
116000203,0,0,0
116000204,0,0,0
116000205,0,0,0
116000206,0,0,0
116000207,0,0,0
116000233,0,0,0
116000287,0,0,0
116000288,154,76,78
116000292,0,0,0
116000296,0,0,0
116000297,0,0,0
116000304,0,0,0
116000305,0,0,0
116000346,0,0,0
116000352,0,0,0
116000354,0,0,0
116000357,0,0,0
116000358,0,0,0
116000361,0,0,0
116000372,0,0,0
116000381,0,0,0
116000388,0,0,0
116000389,34,17,17
116000445,0,0,0
116000446,315,24,291
116000447,0,0,0
116000448,423,166,257
116000563,67,342,-275
116000565,0,0,0
116000568,0,0,0
116000579,0,0,0
116000584,0,0,0
116000585,0,0,0
116000586,0,0,0
116000587,176,3,173
116000589,0,0,0
116000590,3,5,-2
116000591,120,2,118
116000592,0,0,0
116000593,0,0,0
116000594,0,0,0
116000595,0,0,0
116000596,0,0,0
116000597,62,1,61
116000598,0,0,0
116000602,0,0,0
116000605,0,0,0
116000606,33,2,31
116000607,0,0,0
116000609,0,0,0
116000611,0,0,0
116000612,808,375,433
116000613,272,84,188
116000614,0,0,0
116000615,0,0,0
116000616,0,0,0
116000617,0,0,0
116000618,0,0,0
116000619,0,1,-1
116000620,336,39,297
116000621,32,45,-13
116000622,101,39,62
116000624,0,0,0
116900001,0,0,0
116900002,0,0,0
116900003,0,0,0
116900004,0,0,0
116900005,0,0,0
116900006,0,0,0
116900007,0,0,0
116900008,0,0,0
116900009,0,0,0
116900010,0,0,0
116900011,0,0,0
116900012,0,0,0
116900013,0,0,0
116900014,0,0,0
116900015,0,0,0
116900016,0,0,0
116900017,0,0,0
116900018,0,0,0
116900019,0,0,0
116900020,0,0,0
116900023,0,0,0
116900024,0,0,0
116900025,0,0,0
116900026,0,0,0
116900027,0,0,0
116900028,0,0,0
116900029,0,0,0
116900031,0,0,0
116900032,0,0,0
116900033,0,0,0
116900034,0,0,0
116900035,0,0,0
116900036,0,0,0
116900038,0,0,0
116900041,0,0,0
116900042,0,0,0
116900043,0,0,0
116900045,0,0,0
116900047,0,0,0
116900049,0,0,0
116900050,0,0,0
116900051,0,0,0
116900052,0,0,0
116900055,0,0,0
116900057,0,0,0
116900058,0,0,0
116900059,0,0,0
116900060,0,0,0
116900062,0,0,0
116900064,0,0,0
116900065,0,0,0
116900067,0,0,0
116900068,0,0,0
116900070,0,0,0
116900072,0,0,0
116900073,0,0,0
116900074,0,0,0
116900076,0,0,0
116900077,0,0,0
116900078,0,0,0
116900079,0,0,0
116900080,0,0,0
116900081,0,0,0
116900082,0,0,0
116900083,0,0,0
116900084,0,0,0
116900085,0,0,0
116900086,0,0,0
116900088,0,0,0
116900090,0,0,0
116900091,0,0,0
116900092,0,0,0
116900093,0,0,0
116900094,1,1,0
116900095,0,0,0
116900096,0,0,0
116900097,0,0,0
116900098,0,0,0
116900099,0,0,0
116900100,0,0,0
116900101,0,0,0
116900103,0,0,0
116900104,0,0,0
116900105,0,0,0
116900106,0,0,0
116900107,0,0,0
116900110,0,0,0
116900111,266,1,265
116900112,77,2,75
116900113,54,13,41
116900116,0,0,0
116900117,0,0,0
116900118,0,0,0
116900120,0,0,0
116900121,0,0,0
116900122,0,0,0
116900123,0,0,0
116900124,0,0,0
116900125,0,0,0
116900126,0,0,0
116900128,0,0,0
116900129,0,0,0
116900130,0,0,0
116900131,0,0,0
116900132,0,0,0
116900133,0,0,0
116900134,0,0,0
116900136,0,0,0
116900137,0,0,0
116900138,0,0,0
116900139,0,0,0
116900140,0,0,0
116900141,0,0,0
116900142,0,0,0
116900143,3,240,-237
116900144,0,0,0
116900145,0,0,0
116900147,0,0,0
116900148,0,0,0
116900149,0,0,0
116900150,0,0,0
116900151,0,0,0
116900153,0,0,0
116900154,0,0,0
116900155,0,0,0
116900157,0,0,0
116900158,0,0,0
116900159,0,0,0
116900160,0,0,0
116900161,0,0,0
116900162,0,0,0
116900163,0,0,0
116900164,0,0,0
116900165,0,0,0
116900166,0,0,0
116900167,0,0,0
116900168,0,0,0
116900169,0,0,0
116900170,0,0,0
116900171,0,0,0
116900172,0,0,0
116900173,0,0,0
116900174,0,0,0
116900175,0,0,0
116900178,0,0,0
116900179,0,0,0
116900180,0,0,0
116900182,174,10,164
116900183,0,0,0
116900185,0,0,0
116900186,0,0,0
116900187,0,0,0
116900188,0,0,0
116900189,0,0,0
116900191,0,0,0
116900192,0,0,0
116900194,0,0,0
116900195,0,0,0
116900196,0,0,0
116900197,0,0,0
116900198,0,0,0
116900200,0,0,0
116900201,0,0,0
116900202,0,0,0
116900203,0,0,0
116900204,0,0,0
116900206,0,0,0
116900207,0,0,0
116900208,0,0,0
116900209,0,0,0
116900210,0,0,0
116900211,0,0,0
116900212,0,0,0
116900213,0,0,0
116900214,0,0,0
116900215,0,0,0
116900216,0,0,0
116900218,0,0,0
116900219,0,0,0
116900220,0,0,0
116900221,0,0,0
116900222,193,53,140
116900223,0,0,0
116900226,0,0,0
116900227,0,0,0
116900228,0,0,0
116900230,0,0,0
116900231,0,0,0
116900232,0,0,0
116900233,0,0,0
116900234,0,0,0
116900235,0,0,0
116900238,0,0,0
116900239,0,0,0
116900240,0,0,0
116900241,0,0,0
116900242,0,0,0
116900243,0,0,0
116900245,0,0,0
116900246,0,0,0
116900247,0,0,0
116900248,0,0,0
116900249,0,0,0
116900250,0,0,0
116900251,0,0,0
116900252,129,1,128
116900253,0,0,0
116900254,0,0,0
116900255,0,0,0
116900256,0,0,0
116900257,0,0,0
116900258,0,0,0
116900259,0,0,0
116900260,0,0,0
116900261,0,0,0
116900262,0,0,0
116900263,0,0,0
116900264,0,0,0
116900265,0,0,0
116900266,0,0,0
116900267,0,0,0
116900268,0,0,0
116900269,132,74,58
116900271,0,0,0
116900272,0,0,0
116900273,0,0,0
116900274,0,0,0
116900275,0,0,0
116900276,105,1,104
116900277,0,0,0
116900278,0,0,0
116900279,0,0,0
116900280,0,0,0
116900281,0,0,0
116900282,0,0,0
116900283,0,0,0
116900284,0,0,0
116900285,0,0,0
116900286,0,0,0
116900287,0,0,0
116900288,0,0,0
116900289,0,0,0
116900290,0,0,0
116900291,0,0,0
116900292,0,0,0
116900293,0,0,0
116900294,0,0,0
116900295,0,0,0
116900296,0,0,0
116900297,0,0,0
116900298,0,0,0
116900299,0,0,0
116900300,0,0,0
116900301,0,0,0
116900302,140,126,14
116900303,0,0,0
116900304,0,0,0
116900305,0,0,0
116900306,8,0,8
117000001,888,473,415
117000002,261,71,190
117000003,1508,810,698
117000004,159,138,21
117000005,955,592,363
117000006,97,136,-39
117000007,1976,582,1394
117000008,93,124,-31
117000009,1473,338,1135
117000010,103,112,-9
117000011,786,263,523
117000012,141,39,102
117000013,886,185,701
117000014,3,171,-168
117000015,529,178,351
117000016,48,10,38
117000017,37,18,19
117000018,1,18,-17
117000019,12,0,12
117000020,21,36,-15
117000021,60,1,59
117000022,17,7,10
117000023,15,4,11
117000024,0,0,0
117000025,0,0,0
117000026,604,684,-80
117000027,0,0,0
117000028,121,21,100
117000030,28,0,28
117000032,143,172,-29
117000033,542,684,-142
117000034,8,11,-3
117000036,50,24,26
117000038,91,29,62
117000039,0,0,0
117000040,0,0,0
117000041,411,25,386
117000044,0,0,0
117000045,26,60,-34
117000046,0,0,0
117000047,608,167,441
117000048,0,0,0
117000049,5,78,-73
117000050,39,3,36
117000051,546,222,324
117000052,0,0,0
117000053,0,0,0
117000054,1047,75,972
117000055,0,29,-29
117000056,324,60,264
117000057,0,19,-19
117000060,0,0,0
117000061,505,254,251
117000062,0,0,0
117000063,199,82,117
117000064,0,0,0
117000066,6,7,-1
117000067,13,58,-45
117000074,0,31,-31
117000076,0,2,-2
117000077,56,32,24
117000078,0,0,0
117000079,64,17,47
117000080,0,0,0
117000081,165,8,157
117000082,0,0,0
117000083,27,0,27
117000084,43,0,43
117000085,7,19,-12
117000086,150,123,27
117000087,17,39,-22
117000088,158,51,107
117000089,914,206,708
117000090,1,54,-53
117000091,519,67,452
117000092,1,29,-28
117000093,951,174,777
117000094,50,41,9
117000095,1686,175,1511
117000096,3,61,-58
117000097,1034,207,827
117000098,26,40,-14
117000099,1216,238,978
117000100,0,0,0
117000101,0,0,0
117000102,646,339,307
117000103,33,42,-9
117000104,600,180,420
117000105,22,37,-15
117000106,743,155,588
117000107,23,6,17
117000108,754,423,331
117000109,172,12,160
117000110,724,698,26
117000111,1937,1368,569
117000112,744,414,330
117000113,0,0,0
117000114,1,1,0
117000115,0,0,0
117000116,0,1,-1
117000117,426,151,275
117000118,53,27,26
117000119,19,64,-45
117000120,1,37,-36
117000121,0,89,-89
117000122,5,120,-115
117000123,104,28,76
117000124,5,0,5
117000125,2,0,2
117000126,0,1,-1
117000127,9,0,9
117000128,3,2,1
117000129,99,69,30
117000130,11,3,8
117000131,0,0,0
117000132,1346,98,1248
117000133,0,0,0
117000134,0,0,0
117000135,0,0,0
117000136,0,0,0
117000137,0,0,0
117000138,1,0,1
117000140,7,42,-35
117000141,748,130,618
117000181,0,0,0
117000182,0,0,0
117000195,0,0,0
117000196,0,0,0
117000225,0,0,0
117000226,0,0,0
117000276,0,0,0
117000277,0,0,0
117000310,0,216,-216
117000315,0,0,0
117000320,21,0,21
117000906,55,8,47
117000907,0,0,0
117000908,0,0,0
117000909,0,55,-55
117000910,0,0,0
117000911,0,71,-71
117000915,0,0,0
117000916,27,15,12
117000917,269,29,240
117000918,38,31,7
117000919,0,0,0
117000920,0,24,-24
117000921,0,0,0
117000922,3,8,-5
117000924,106,243,-137
117000926,47,4,43
117000927,80,293,-213
117000928,0,0,0
117000929,0,0,0
117000930,0,0,0
117000931,0,0,0
117900002,0,0,0
117900003,0,0,0
117900005,0,0,0
117900006,0,0,0
117900007,0,0,0
117900008,0,0,0
117900010,0,0,0
117900011,0,0,0
117900012,0,0,0
117900013,0,0,0
117900014,0,0,0
117900015,0,0,0
117900016,0,0,0
117900017,0,0,0
117900018,0,0,0
117900019,0,0,0
117900020,0,0,0
117900021,0,0,0
117900022,0,0,0
117900023,0,0,0
117900024,0,0,0
117900025,0,0,0
117900026,0,0,0
117900028,0,0,0
117900029,0,0,0
117900030,0,0,0
117900031,0,0,0
117900032,0,0,0
117900033,0,0,0
117900034,0,0,0
117900035,0,0,0
117900036,0,0,0
117900037,0,0,0
117900038,0,0,0
117900039,0,0,0
117900040,0,0,0
117900041,0,0,0
117900042,0,0,0
117900043,0,0,0
117900044,0,0,0
117900045,0,0,0
117900048,0,0,0
117900049,0,0,0
117900050,0,0,0
117900051,0,0,0
117900052,0,0,0
117900053,0,0,0
117900054,0,0,0
117900055,0,0,0
117900056,0,0,0
117900057,0,0,0
117900058,0,0,0
117900059,0,0,0
117900060,0,0,0
117900061,0,0,0
117900063,0,0,0
117900065,0,0,0
117900066,0,0,0
117900067,0,0,0
117900069,0,0,0
117900070,0,0,0
117900071,0,0,0
117900073,0,0,0
117900074,0,0,0
117900075,0,0,0
117900076,0,0,0
117900077,0,0,0
117900078,0,0,0
117900080,0,0,0
117900081,0,0,0
117900082,0,0,0
117900083,0,0,0
117900086,0,0,0
117900087,0,0,0
117900088,0,0,0
117900089,0,0,0
117900090,0,0,0
117900091,0,0,0
117900092,0,0,0
117900093,0,0,0
117900094,0,0,0
117900095,0,0,0
117900096,0,0,0
117900097,0,0,0
117900098,0,0,0
117900099,0,0,0
117900100,0,0,0
117900101,0,0,0
117900102,0,0,0
117900103,0,0,0
117900104,0,0,0
117900105,0,0,0
117900106,0,0,0
117900107,0,0,0
117900109,0,0,0
117900110,0,0,0
117900111,0,0,0
117900112,0,0,0
117900113,0,0,0
117900114,0,0,0
117900115,0,0,0
117900116,0,0,0
117900117,0,0,0
117900118,1,0,1
117900119,0,0,0
117900120,1,0,1
117900121,1,0,1
117900122,0,0,0
117900123,0,0,0
117900124,0,0,0
117900125,0,0,0
117900126,0,0,0
117900127,0,0,0
117900128,0,0,0
117900129,0,0,0
117900130,0,0,0
117900131,0,0,0
117900132,0,0,0
117900133,0,0,0
117900134,0,0,0
117900135,0,0,0
117900136,0,0,0
117900137,0,0,0
117900138,0,0,0
117900139,0,0,0
117900140,0,0,0
117900141,0,0,0
117900142,0,0,0
117900144,0,0,0
117900145,0,0,0
117900146,0,0,0
117900147,0,0,0
117900148,0,0,0
117900149,0,0,0
117900150,0,0,0
117900151,0,0,0
117900152,0,0,0
117900153,0,0,0
117900154,0,0,0
117900156,0,0,0
117900157,0,0,0
117900158,0,0,0
117900160,0,0,0
117900161,0,0,0
117900162,0,0,0
117900163,0,0,0
117900165,0,0,0
117900166,0,0,0
117900168,0,0,0
117900169,0,0,0
117900170,0,0,0
117900171,0,0,0
117900172,0,0,0
117900173,0,0,0
117900174,0,0,0
117900175,0,0,0
117900176,0,0,0
117900177,0,0,0
117900178,0,0,0
117900180,0,0,0
117900181,0,0,0
117900182,0,0,0
117900183,0,0,0
117900184,0,0,0
117900185,0,0,0
117900186,0,0,0
117900187,0,0,0
117900188,0,0,0
117900189,0,0,0
117900190,0,0,0
117900191,0,0,0
117900192,0,0,0
117900193,0,0,0
117900194,0,0,0
117900195,0,0,0
117900196,0,0,0
117900207,0,0,0
117900208,0,0,0
117900209,0,0,0
117900210,0,0,0
117900211,0,0,0
117900212,0,0,0
117900213,0,0,0
117900214,0,0,0
117900216,0,0,0
117900217,0,0,0
117900218,0,0,0
117900219,0,0,0
117900220,0,0,0
117900221,0,0,0
118000001,223,655,-432
118000002,6,101,-95
118000003,982,1629,-647
118000004,18,52,-34
118000005,1818,1687,131
118000006,134,170,-36
118000007,109,731,-622
118000008,256,469,-213
118000009,35,154,-119
118000010,43,179,-136
118000011,0,0,0
118000012,0,0,0
118000013,0,0,0
118000014,0,0,0
118000016,0,0,0
118000017,81,72,9
118000018,0,0,0
118000019,5,2,3
118000020,2,108,-106
118000021,3,64,-61
118000022,81,44,37
118000023,252,160,92
118000024,229,261,-32
118000025,13,24,-11
118000027,227,239,-12
118000029,41,321,-280
118000032,193,592,-399
118000033,828,1166,-338
118000034,45,346,-301
118000035,45,288,-243
118000036,43,169,-126
118000037,0,0,0
118000038,55,131,-76
118000039,0,0,0
118000040,203,162,41
118000041,0,0,0
118000045,1,67,-66
118000046,4,218,-214
118000047,2,69,-67
118000048,52,42,10
118000051,28,306,-278
118000052,30,152,-122
118000053,19,31,-12
118000054,29,116,-87
118000055,4,90,-86
118000056,0,2,-2
118000057,1,8,-7
118000058,4,8,-4
118000059,1,75,-74
118000060,13,8,5
118000061,34,98,-64
118000062,0,1,-1
118000063,0,41,-41
118000064,2,175,-173
118000065,204,81,123
118000066,0,243,-243
118000067,1,27,-26
118000068,12,173,-161
118000069,6,17,-11
118000070,29,29,0
118000071,81,122,-41
118000072,178,333,-155
118000073,18,110,-92
118000074,3,25,-22
118000075,0,38,-38
118000076,616,2093,-1477
118000077,0,0,0
118000078,537,796,-259
118000079,3,87,-84
118000080,0,0,0
118000081,201,377,-176
118000082,0,0,0
118000083,0,0,0
118000084,0,0,0
118000086,0,0,0
118000087,129,166,-37
118000088,133,392,-259
118000089,339,211,128
118000090,4,151,-147
118000091,39,172,-133
118000092,0,0,0
118000093,0,0,0
118000096,0,0,0
118000097,0,0,0
118000098,0,0,0
118000099,0,0,0
118000101,483,225,258
118000102,66,26,40
118000107,38,10,28
118000108,39,13,26
118000110,0,0,0
118000111,0,0,0
118000112,122,3,119
118000113,0,0,0
118000114,76,4,72
118000115,2,0,2
118000116,0,0,0
118000117,28,16,12
118000118,193,254,-61
118000119,273,273,0
118000120,39,13,26
118000121,0,1,-1
118000122,0,0,0
118000123,0,0,0
118000125,0,0,0
118000126,9,9,0
118000127,97,226,-129
118000128,0,0,0
118000129,110,69,41
118000130,5,51,-46
118000131,11,91,-80
118000132,112,198,-86
118000133,120,81,39
118000135,162,150,12
118000136,1,6,-5
118000137,0,0,0
118000138,1,2,-1
118000139,0,0,0
118000140,20,124,-104
118000141,1017,864,153
118000142,112,64,48
118000143,362,426,-64
118000144,73,111,-38
118000145,242,145,97
118000146,198,36,162
118000147,266,51,215
118000148,41,151,-110
118000149,0,0,0
118000150,511,119,392
118000151,64,23,41
118000153,536,395,141
118000154,360,268,92
118000155,275,378,-103
118000156,158,120,38
118000157,156,41,115
118000158,0,0,0
118000159,80,157,-77
118000160,594,215,379
118000161,0,0,0
118000162,155,80,75
118000163,169,137,32
118000164,633,194,439
118000168,0,0,0
118000169,0,0,0
118000170,22,24,-2
118000171,25,6,19
118000172,0,4,-4
118000173,73,68,5
118000175,223,248,-25
118000176,185,279,-94
118000177,165,284,-119
118000178,0,0,0
118000179,573,499,74
118000180,498,304,194
118000181,24,25,-1
118000182,22,73,-51
118000183,34,46,-12
118000184,735,245,490
118000185,0,0,0
118000186,0,0,0
118000187,0,0,0
118000188,0,0,0
118000189,0,0,0
118000190,0,0,0
118000191,0,0,0
118000192,0,12,-12
118000193,0,0,0
118000194,482,613,-131
118000195,20,18,2
118000196,0,0,0
118000197,14,11,3
118000198,2,64,-62
118000199,178,103,75
118000200,0,0,0
118000201,0,0,0
118000202,0,0,0
118000203,0,0,0
118000204,7,14,-7
118000205,25,8,17
118000206,80,22,58
118000207,0,0,0
118000208,230,429,-199
118000209,209,52,157
118000210,49,21,28
118000211,19,13,6
118000213,8,138,-130
118000214,66,28,38
118000215,0,0,0
118000216,0,0,0
118000217,0,0,0
118000218,0,0,0
118000219,0,0,0
118000220,0,16,-16
118000221,0,0,0
118000222,0,0,0
118000223,9,12,-3
118000224,0,0,0
118000225,0,0,0
118000226,10,0,10
118000227,46,31,15
118000228,1,22,-21
118000229,0,0,0
118000230,0,0,0
118000231,0,0,0
118000232,0,0,0
118000233,133,45,88
118000234,0,0,0
118000236,0,0,0
118000237,0,0,0
118000238,0,0,0
118000239,129,25,104
118000240,0,0,0
118000241,0,0,0
118000242,0,0,0
118000243,0,0,0
118000244,0,0,0
118000246,0,0,0
118000255,0,0,0
118000256,2,0,2
118000259,0,0,0
118000260,0,0,0
118000261,0,0,0
118000263,0,0,0
118000266,0,0,0
118000267,0,0,0
118000268,65,10,55
118000270,0,0,0
118000271,8,0,8
118000272,0,0,0
118000273,0,0,0
118000274,0,0,0
118000276,0,0,0
118000295,0,0,0
118000298,0,0,0
118000299,0,0,0
118000301,0,0,0
118000302,0,0,0
118000311,0,0,0
118000312,0,0,0
118000313,0,0,0
118000314,0,0,0
118000315,0,0,0
118000316,0,0,0
118000325,0,0,0
118000326,0,0,0
118000331,0,0,0
118000332,0,0,0
118000333,0,0,0
118000335,49,0,49
118000336,0,0,0
118000407,0,0,0
118000457,0,0,0
118000465,84,118,-34
118000480,0,0,0
118000489,5,89,-84
118000490,0,0,0
118000492,91,33,58
118000510,0,0,0
118000514,33,11,22
118000515,14,4,10
118000517,0,0,0
118000524,0,0,0
118000525,36,28,8
118000530,8,86,-78
118000531,54,30,24
118000532,0,0,0
118000533,0,0,0
118000534,0,0,0
118000535,77,29,48
118000536,0,0,0
118000537,0,0,0
118000538,0,0,0
118000539,1,32,-31
118000540,0,0,0
118000541,0,0,0
118000542,10,54,-44
118000543,3,34,-31
118000546,0,0,0
118000560,0,0,0
118000562,0,0,0
118000563,155,608,-453
118000576,0,0,0
118000577,0,0,0
118000578,0,0,0
118000579,13,12,1
118000595,41,76,-35
118000596,0,0,0
118000597,0,0,0
118000598,0,0,0
118000599,0,0,0
118000600,0,0,0
118000601,0,0,0
118000602,0,0,0
118000603,0,0,0
118900001,0,0,0
118900002,0,0,0
118900003,0,0,0
118900004,0,0,0
118900005,0,0,0
118900006,0,0,0
118900007,0,0,0
118900008,0,0,0
118900009,0,0,0
118900010,0,0,0
118900011,0,0,0
118900012,0,0,0
118900013,0,0,0
118900015,0,0,0
118900016,0,0,0
118900017,0,0,0
118900018,0,0,0
118900019,0,0,0
118900020,0,0,0
118900021,0,0,0
118900022,0,0,0
118900023,0,0,0
118900024,0,0,0
118900025,0,0,0
118900026,0,0,0
118900027,0,0,0
118900028,0,0,0
118900029,0,0,0
118900030,0,0,0
118900031,0,0,0
118900032,0,0,0
118900033,0,0,0
118900034,0,0,0
118900035,0,0,0
118900036,0,0,0
118900037,0,0,0
118900038,0,0,0
118900039,0,0,0
118900040,0,0,0
118900041,0,0,0
118900042,0,0,0
118900045,0,0,0
118900046,0,0,0
118900047,0,0,0
118900048,0,0,0
118900049,0,0,0
118900050,0,0,0
118900051,0,0,0
118900052,0,0,0
118900053,0,0,0
118900054,0,0,0
118900055,0,0,0
118900056,0,0,0
118900057,0,0,0
118900058,0,0,0
118900059,0,0,0
118900060,0,0,0
118900062,0,0,0
118900064,0,0,0
118900065,0,0,0
118900066,0,0,0
118900067,0,0,0
118900068,0,0,0
118900069,0,0,0
118900071,0,0,0
118900072,0,0,0
118900073,0,0,0
118900074,0,0,0
118900075,0,0,0
118900076,0,0,0
118900077,0,0,0
118900078,0,0,0
118900079,0,0,0
118900080,0,0,0
118900081,0,0,0
118900082,0,0,0
118900083,0,0,0
118900084,0,0,0
118900085,0,0,0
118900086,0,0,0
118900087,0,0,0
118900088,0,0,0
118900089,0,0,0
118900090,0,0,0
118900091,0,0,0
118900092,0,0,0
118900093,0,0,0
118900096,0,0,0
118900097,0,0,0
118900099,0,0,0
118900100,0,0,0
118900101,0,0,0
118900102,0,0,0
118900103,0,0,0
118900104,0,0,0
118900105,0,0,0
118900107,0,0,0
118900108,0,0,0
118900109,0,0,0
118900110,0,0,0
118900111,0,0,0
118900112,0,0,0
118900113,0,0,0
118900114,0,0,0
118900115,0,0,0
118900116,0,0,0
118900117,0,0,0
118900118,0,0,0
118900119,0,0,0
118900120,0,0,0
118900121,0,0,0
118900122,0,0,0
118900123,0,0,0
118900124,0,0,0
118900126,0,0,0
118900129,0,0,0
118900130,0,0,0
118900131,0,0,0
118900132,0,0,0
118900133,0,0,0
118900135,0,0,0
118900136,0,0,0
118900137,0,0,0
118900139,0,0,0
118900140,0,0,0
118900141,0,0,0
118900144,0,0,0
118900145,0,0,0
118900146,0,0,0
118900147,0,0,0
118900148,0,0,0
118900150,0,0,0
118900152,0,0,0
118900157,0,0,0
118900158,0,0,0
118900159,0,0,0
118900161,0,0,0
118900163,0,0,0
118900164,0,0,0
118900165,0,0,0
118900166,0,0,0
118900167,0,0,0
118900168,0,0,0
118900169,0,0,0
118900170,0,0,0
118900171,0,0,0
118900174,0,0,0
118900175,0,0,0
118900176,0,0,0
118900177,0,0,0
118900178,0,0,0
118900179,0,0,0
118900181,0,0,0
118900182,0,0,0
118900183,0,0,0
118900184,0,0,0
118900185,0,0,0
118900186,0,0,0
118900187,0,0,0
118900188,0,0,0
118900189,0,0,0
118900190,0,0,0
118900191,0,0,0
118900192,0,0,0
118900193,0,0,0
118900195,0,0,0
118900196,0,0,0
118900197,0,0,0
118900198,0,0,0
118900199,0,0,0
118900200,0,0,0
118900201,0,0,0
118900202,0,0,0
118900203,0,0,0
118900204,0,0,0
118900205,0,0,0
118900206,0,0,0
119000001,340,332,8
119000002,484,231,253
119000003,90,85,5
119000004,39,68,-29
119000005,120,64,56
119000006,79,12,67
119000007,722,441,281
119000008,0,0,0
119000009,334,329,5
119000010,0,0,0
119000011,392,273,119
119000012,40,62,-22
119000013,1159,544,615
119000014,26,61,-35
119000019,25,44,-19
119000020,153,94,59
119000021,151,117,34
119000022,0,0,0
119000023,78,159,-81
119000024,182,944,-762
119000025,26,32,-6
119000026,0,0,0
119000027,4,28,-24
119000028,25,43,-18
119000029,0,0,0
119000030,15,146,-131
119000031,0,5,-5
119000032,0,8,-8
119000033,263,106,157
119000034,6,3,3
119000035,0,16,-16
119000036,137,27,110
119000037,5,27,-22
119000038,1,14,-13
119000039,8,48,-40
119000040,0,164,-164
119000041,8,51,-43
119000048,344,146,198
119000049,49,57,-8
119000050,18,4,14
119000051,56,38,18
119000052,1,2,-1
119000053,37,5,32
119000054,159,75,84
119000055,894,171,723
119000056,482,222,260
119000057,38,63,-25
119000058,86,58,28
119000059,506,238,268
119000060,0,0,0
119000061,136,81,55
119000062,0,0,0
119000063,55,24,31
119000064,13,60,-47
119000065,41,39,2
119000066,95,48,47
119000067,265,58,207
119000068,133,31,102
119000069,193,54,139
119000070,74,8,66
119000071,0,0,0
119000072,239,51,188
119000073,89,36,53
119000074,347,77,270
119000075,212,32,180
119000076,0,0,0
119000077,0,0,0
119000078,0,0,0
119000079,0,0,0
119000080,0,0,0
119000081,0,0,0
119000082,0,0,0
119000083,0,0,0
119000084,0,0,0
119000085,0,0,0
119000086,0,0,0
119000087,0,0,0
119000088,0,0,0
119000089,0,0,0
119000090,0,0,0
119000091,0,0,0
119000092,0,0,0
119000093,224,102,122
119000094,761,237,524
119000095,94,66,28
119000097,61,100,-39
119000098,132,360,-228
119000099,431,155,276
119000100,368,248,120
119000101,0,0,0
119000102,0,0,0
119000103,30,10,20
119000104,0,0,0
119000105,32,80,-48
119000106,0,0,0
119000107,162,98,64
119000108,0,0,0
119000109,0,0,0
119000110,0,0,0
119000111,0,0,0
119000112,0,0,0
119000113,0,0,0
119000114,40,35,5
119000115,0,0,0
119000116,4,56,-52
119000117,0,0,0
119000118,0,0,0
119000123,0,0,0
119000124,90,27,63
119000125,373,27,346
119000126,158,23,135
119000127,0,0,0
119000128,0,0,0
119000131,0,0,0
119000132,0,0,0
119000133,0,0,0
119000134,211,169,42
119000135,0,0,0
119000136,0,0,0
119000137,0,0,0
119000138,0,0,0
119000139,0,0,0
119000140,0,0,0
119000284,0,0,0
119000285,0,0,0
119000286,0,0,0
119000287,0,0,0
119000288,0,0,0
119000289,0,0,0
119000290,57,10,47
119000291,0,0,0
119000293,0,0,0
119000294,137,108,29
119000295,0,0,0
119000296,0,0,0
119000302,0,0,0
119000303,0,9,-9
119000314,0,0,0
119000315,0,0,0
119000316,0,0,0
119000317,0,0,0
119900001,0,0,0
119900002,0,0,0
119900003,0,0,0
119900004,0,0,0
119900005,0,0,0
119900006,0,0,0
119900007,0,0,0
119900008,0,0,0
119900009,0,0,0
119900010,0,0,0
119900011,0,0,0
119900012,0,0,0
119900013,0,0,0
119900014,0,0,0
119900015,0,0,0
119900016,0,0,0
119900017,0,0,0
119900018,0,0,0
119900019,0,0,0
119900020,0,0,0
119900021,0,0,0
119900022,0,0,0
119900023,0,0,0
119900025,0,0,0
119900026,0,0,0
119900027,0,0,0
119900028,0,0,0
119900029,0,0,0
119900030,0,0,0
119900031,0,0,0
119900033,0,0,0
119900034,0,0,0
119900037,0,0,0
119900038,0,0,0
119900039,0,0,0
119900040,0,0,0
119900041,0,0,0
119900042,0,0,0
119900043,0,0,0
119900044,0,0,0
119900046,0,0,0
119900047,0,0,0
119900048,0,0,0
119900049,0,0,0
119900050,0,0,0
119900051,0,0,0
119900052,0,0,0
119900053,0,0,0
119900054,0,0,0
119900055,0,0,0
119900057,0,0,0
119900058,0,0,0
119900059,0,0,0
119900060,0,0,0
119900061,0,0,0
119900062,0,0,0
119900063,0,0,0
119900064,0,0,0
119900065,0,0,0
119900066,0,0,0
119900067,0,0,0
119900068,0,0,0
119900069,0,0,0
119900070,0,0,0
119900071,0,0,0
119900072,0,0,0
119900073,0,0,0
119900074,0,0,0
119900075,0,0,0
119900076,0,0,0
119900077,0,0,0
119900078,0,0,0
119900079,0,0,0
119900080,0,0,0
119900081,0,0,0
119900082,1,0,1
119900083,0,0,0
119900084,0,0,0
119900085,0,0,0
119900086,0,0,0
119900087,0,0,0
119900088,0,0,0
119900089,0,0,0
119900090,0,0,0
119900091,0,0,0
119900092,0,0,0
119900093,0,0,0
119900094,0,0,0
119900095,0,0,0
119900096,0,0,0
119900097,0,0,0
119900098,0,0,0
119900099,0,0,0
119900100,0,0,0
119900101,0,0,0
119900102,0,0,0
119900103,0,0,0
119900104,0,0,0
119900105,0,0,0
119900106,0,0,0
119900107,0,0,0
119900108,0,0,0
119900109,0,0,0
119900110,0,0,0
119900111,0,0,0
119900112,0,0,0
119900113,0,0,0
119900114,0,0,0
119900115,0,0,0
119900116,0,0,0
119900117,0,0,0
119900118,0,0,0
119900119,0,0,0
119900120,0,0,0
119900121,0,0,0
119900122,0,0,0
119900123,0,0,0
119900124,0,0,0
119900125,0,0,0
119900126,0,0,0
119900127,0,0,0
119900128,0,0,0
119900129,0,0,0
119900130,0,0,0
119900131,0,0,0
119900132,0,0,0
119900133,0,0,0
119900134,0,0,0
119900135,0,0,0
119900136,0,0,0
119900138,0,0,0
119900139,0,0,0
119900140,0,0,0
119900141,0,0,0
119900142,0,0,0
119900143,0,0,0
119900144,0,0,0
119900145,0,0,0
119900146,0,0,0
119900147,0,0,0
119900148,0,0,0
119900149,0,0,0
119900150,0,0,0
119900151,0,0,0
119900152,0,0,0
119900153,0,0,0
119900154,0,0,0
119900155,0,0,0
119900156,0,0,0
119900157,0,0,0
119900158,0,0,0
119900159,0,0,0
119900160,0,0,0
119900161,0,0,0
119900162,0,0,0
119900163,0,0,0
119900164,0,0,0
119900165,0,0,0
119900166,0,0,0
119900167,0,0,0
119900168,0,0,0
119900169,0,0,0
119900170,0,0,0
119900171,0,0,0
119900172,0,0,0
119900173,0,0,0
119900174,0,0,0
119900175,0,0,0
119900177,0,0,0
119900178,0,0,0
119900179,0,0,0
119900180,0,0,0
119900181,0,0,0
119900182,0,0,0
119900183,0,0,0
119900184,0,0,0
119900185,0,0,0
119900186,0,0,0
119900187,0,0,0
119900188,0,0,0
119900189,0,0,0
119900190,0,0,0
119900191,0,0,0
119900192,0,0,0
119900193,0,0,0
119900194,0,0,0
119900195,0,0,0
119900196,0,0,0
119900197,0,0,0
119900198,0,0,0
119900199,0,0,0
119900200,0,0,0
119900201,0,0,0
119900202,0,0,0
119900203,0,0,0
119900204,0,0,0
119900205,0,0,0
119900206,0,0,0
119900208,0,0,0
119900209,0,0,0
119900210,0,0,0
119900211,0,0,0
119900212,0,0,0
119900213,0,0,0
119900214,0,0,0
119900215,0,0,0
119900216,0,0,0
119900217,0,0,0
119900218,0,0,0
119900219,0,0,0
119900220,0,0,0
119900221,0,0,0
119900222,0,0,0
119900223,0,0,0
119900224,0,0,0
119900225,0,0,0
119900226,0,0,0
119900227,0,0,0
119900228,0,0,0
119900229,0,0,0
119900230,0,0,0
119900231,0,0,0
119900232,0,0,0
119900233,0,0,0
119900234,0,0,0
119900235,0,0,0
119900236,0,0,0
119900237,0,0,0
119900238,0,0,0
119900240,0,0,0
119900241,0,0,0
119900242,0,0,0
119900244,0,0,0
119900245,0,0,0
119900246,0,0,0
119900247,0,0,0
119900248,0,0,0
119900249,0,0,0
119900253,0,0,0
119900254,0,0,0
119900255,0,0,0
119900256,0,0,0
119900257,0,0,0
119900258,0,0,0
119900259,0,0,0
119900260,0,0,0
119900261,0,0,0
119900262,0,0,0
119900263,0,0,0
119900264,0,0,0
119900265,0,0,0
119900266,0,0,0
119900267,0,0,0
119900268,0,0,0
119900269,0,0,0
119900271,0,0,0
119900272,0,0,0
119900275,0,0,0
119900276,0,0,0
119900277,0,0,0
119900278,0,0,0
119900279,0,0,0
119900280,0,0,0
119900281,0,0,0
119900282,0,0,0
119900283,0,0,0
119900284,0,0,0
119900285,0,0,0
119900286,0,0,0
119900288,0,0,0
119900289,0,0,0
119900290,0,0,0
119900291,0,0,0
119900292,0,0,0
119900293,0,0,0
119900294,0,0,0
119900295,0,0,0
119900296,0,0,0
119900297,0,0,0
119900298,0,0,0
119900299,0,0,0
119900300,0,0,0
119900301,0,0,0
119900302,0,0,0
119900303,0,0,0
119900304,0,0,0
119900305,0,0,0
119900306,0,0,0
119900307,0,0,0
119900308,0,0,0
119900309,0,0,0
119900310,0,0,0
119900311,0,0,0
119900312,0,0,0
119900313,0,0,0
119900314,0,0,0
119900315,0,0,0
119900318,0,0,0
119900319,0,0,0
119900320,0,0,0
119900321,0,0,0
120000001,1589,1667,-78
120000002,75,94,-19
120000003,34,100,-66
120000004,66,138,-72
120000005,133,194,-61
120000006,65,88,-23
120000007,65,109,-44
120000008,40,113,-73
120000009,46,13,33
120000010,28,63,-35
120000011,29,132,-103
120000012,39,240,-201
120000013,572,196,376
120000014,117,284,-167
120000015,648,541,107
120000016,1913,674,1239
120000017,635,379,256
120000018,1216,459,757
120000019,273,126,147
120000020,780,365,415
120000021,265,671,-406
120000022,1666,1009,657
120000023,320,258,62
120000024,195,340,-145
120000025,899,279,620
120000026,343,407,-64
120000027,556,616,-60
120000028,0,0,0
120000029,22,187,-165
120000030,8,171,-163
120000031,548,445,103
120000032,394,57,337
120000033,160,61,99
120000034,236,61,175
120000035,451,63,388
120000036,1005,780,225
120000037,259,518,-259
120000038,239,569,-330
120000039,4,27,-23
120000040,0,20,-20
120000041,21,10,11
120000042,21,32,-11
120000043,129,47,82
120000044,27,6,21
120000045,1,0,1
120000046,101,33,68
120000047,18,11,7
120000048,778,172,606
120000049,477,248,229
120000050,27,207,-180
120000051,60,262,-202
120000052,0,0,0
120000053,253,41,212
120000054,97,63,34
120000055,163,91,72
120000056,407,209,198
120000057,269,99,170
120000058,45,82,-37
120000059,1,224,-223
120000061,0,4,-4
120000062,0,0,0
120000063,75,2,73
120000064,21,4,17
120000065,100,4,96
120000066,39,1,38
120000067,9,15,-6
120000068,31,36,-5
120000069,65,33,32
120000070,2,4,-2
120000071,205,140,65
120000072,391,70,321
120000073,203,135,68
120000074,94,54,40
120000075,419,111,308
120000076,585,109,476
120000077,354,132,222
120000078,458,179,279
120000079,0,0,0
120000080,0,0,0
120000081,0,0,0
120000082,0,0,0
120000083,0,0,0
120000084,8,9,-1
120000085,9,2,7
120000086,32,2,30
120000087,4,11,-7
120000088,391,82,309
120000089,537,57,480
120000090,244,75,169
120000091,548,120,428
120000092,594,115,479
120000093,114,140,-26
120000094,37,242,-205
120000095,0,0,0
120000096,0,0,0
120000098,115,1,114
120000099,28,0,28
120000100,132,1,131
120000101,66,2,64
120000102,120,563,-443
120000103,501,651,-150
120000104,1263,97,1166
120000105,1257,56,1201
120000106,1405,44,1361
120000107,1764,21,1743
120000108,817,6,811
120000109,208,15,193
120000110,0,35,-35
120000111,0,10,-10
120000112,3,21,-18
120000113,3,32,-29
120000114,16,18,-2
120000115,2,8,-6
120000116,30,29,1
120000117,0,0,0
120000118,0,0,0
120000119,4,37,-33
120000120,0,0,0
120000121,1,73,-72
120000122,77,210,-133
120000123,251,226,25
120000124,177,163,14
120000125,3,6,-3
120000126,117,150,-33
120000127,172,71,101
120000128,123,45,78
120000129,109,84,25
120000130,515,106,409
120000131,62,70,-8
120000134,0,0,0
120000135,0,0,0
120000137,0,0,0
120000138,0,0,0
120000139,0,0,0
120000140,0,0,0
120000141,0,0,0
120000142,0,0,0
120000143,0,0,0
120000144,0,0,0
120000145,0,0,0
120000146,314,363,-49
120000149,0,0,0
120000150,0,0,0
120000151,123,48,75
120000152,236,34,202
120000153,0,0,0
120000154,59,1,58
120000155,95,20,75
120000156,146,11,135
120000157,115,77,38
120000158,0,0,0
120000159,74,241,-167
120000160,540,206,334
120000161,275,120,155
120000162,19,170,-151
120000163,0,0,0
120000164,0,0,0
120000165,72,21,51
120000166,109,61,48
120000167,0,0,0
120000168,0,0,0
120000169,0,0,0
120000170,0,0,0
120000171,0,0,0
120000172,0,0,0
120000173,0,0,0
120000174,0,0,0
120000175,0,0,0
120000176,0,0,0
120000177,0,0,0
120000178,0,0,0
120000179,0,0,0
120000180,0,0,0
120000181,0,0,0
120000182,0,0,0
120000183,0,0,0
120000184,0,0,0
120000186,0,0,0
120000187,0,0,0
120000188,0,0,0
120000190,0,0,0
120000191,0,0,0
120000192,0,0,0
120000193,0,0,0
120000195,0,0,0
120000196,0,0,0
120000197,0,0,0
120000198,0,0,0
120000199,0,0,0
120000200,0,0,0
120000201,0,0,0
120000202,0,0,0
120000203,0,0,0
120000207,0,0,0
120000208,0,0,0
120000209,0,0,0
120000210,0,0,0
120000211,0,0,0
120000212,0,0,0
120000213,0,0,0
120000214,0,0,0
120000215,0,0,0
120000216,0,0,0
120000217,0,0,0
120000218,0,0,0
120000219,0,0,0
120000220,0,0,0
120000225,0,0,0
120000226,0,0,0
120000227,0,0,0
120000228,0,0,0
120000230,0,0,0
120000231,0,0,0
120000233,347,9,338
120000235,0,41,-41
120000236,719,26,693
120000237,0,0,0
120000238,0,0,0
120000241,568,427,141
120000412,0,0,0
120000413,0,0,0
120000414,0,0,0
120000415,0,0,0
120000416,0,0,0
120000417,0,0,0
120000418,0,0,0
120000419,0,0,0
120000420,43,2,41
120000421,560,343,217
120000422,0,0,0
120000423,0,0,0
120000424,0,0,0
120000436,58,50,8
120000437,0,0,0
120000438,0,0,0
120000439,377,128,249
120000443,1,0,1
120000444,449,79,370
120000445,169,261,-92
120000446,173,69,104
120000447,342,1,341
120000449,0,0,0
120000450,0,0,0
120000451,46,36,10
120000452,33,0,33
120000453,0,0,0
120000454,79,2,77
120000455,9,71,-62
120000456,16,144,-128
120000457,79,16,63
120000458,2,0,2
120000459,6,34,-28
120000665,4,74,-70
120000668,2,54,-52
120000669,13,29,-16
120000670,1,12,-11
120000671,101,32,69
120000672,1,21,-20
120900001,0,0,0
120900002,0,0,0
120900003,0,0,0
120900004,0,0,0
120900005,0,0,0
120900006,0,0,0
120900007,0,0,0
120900008,0,0,0
120900009,0,0,0
120900010,0,0,0
120900011,0,0,0
120900012,0,0,0
120900013,0,0,0
120900014,0,0,0
120900015,0,0,0
120900016,0,0,0
120900017,0,0,0
120900018,0,0,0
120900019,0,0,0
120900020,0,0,0
120900021,0,0,0
120900022,0,0,0
120900023,0,0,0
120900024,0,0,0
120900025,0,0,0
120900026,0,0,0
120900027,0,0,0
120900028,0,0,0
120900029,0,0,0
120900030,0,0,0
120900031,0,0,0
120900032,0,0,0
120900033,0,0,0
120900034,0,0,0
120900035,0,0,0
120900037,0,0,0
120900038,0,0,0
120900039,0,0,0
120900040,0,0,0
120900041,0,0,0
120900042,0,0,0
120900043,0,0,0
120900044,0,0,0
120900045,0,0,0
120900046,0,0,0
120900047,0,0,0
120900048,0,0,0
120900049,0,0,0
120900050,0,0,0
120900051,0,0,0
120900052,0,0,0
120900053,0,0,0
120900054,0,0,0
120900055,0,0,0
120900056,0,0,0
120900057,0,0,0
120900058,0,0,0
120900059,0,0,0
120900060,0,0,0
120900061,0,0,0
120900062,0,0,0
120900063,0,0,0
120900064,0,0,0
120900065,0,0,0
120900066,0,0,0
120900067,0,0,0
120900068,0,0,0
120900069,0,0,0
120900071,0,0,0
120900072,0,0,0
120900073,0,0,0
120900074,0,0,0
120900076,0,0,0
120900077,0,0,0
120900078,0,0,0
120900079,0,0,0
120900080,0,0,0
120900081,0,0,0
120900082,0,0,0
120900083,0,0,0
120900084,0,0,0
120900085,0,0,0
120900086,0,0,0
120900087,0,0,0
120900088,0,0,0
120900089,0,0,0
120900090,0,0,0
120900091,0,0,0
120900092,0,0,0
120900093,0,0,0
120900094,0,0,0
120900095,0,0,0
120900096,0,0,0
120900097,0,0,0
120900098,0,0,0
120900099,0,0,0
120900100,0,0,0
120900101,0,0,0
120900102,0,0,0
120900103,0,0,0
120900104,0,0,0
120900105,0,0,0
120900106,0,0,0
120900107,0,0,0
120900108,0,0,0
120900109,0,0,0
120900110,0,0,0
120900111,0,0,0
120900112,0,0,0
120900113,0,0,0
120900114,0,0,0
120900115,56,33,23
120900116,0,0,0
120900117,0,0,0
120900118,0,0,0
120900119,0,0,0
120900120,0,0,0
120900121,0,0,0
120900122,0,0,0
120900123,0,0,0
120900124,0,0,0
120900125,0,0,0
120900126,0,0,0
120900127,0,0,0
120900128,0,0,0
120900129,0,0,0
120900130,0,0,0
120900131,0,0,0
120900132,0,0,0
120900133,0,0,0
120900134,0,0,0
120900135,0,0,0
120900136,0,0,0
120900137,0,0,0
120900138,0,0,0
120900139,0,0,0
120900140,0,0,0
120900141,0,0,0
120900142,0,0,0
120900143,0,0,0
120900144,0,0,0
120900145,0,0,0
120900146,0,0,0
120900147,0,0,0
120900148,0,0,0
120900149,0,0,0
120900150,0,0,0
120900151,0,0,0
120900152,0,0,0
120900153,0,0,0
120900154,0,0,0
120900155,0,0,0
120900156,0,0,0
120900157,0,0,0
120900158,0,0,0
120900159,0,0,0
120900160,0,0,0
120900161,0,0,0
120900162,0,0,0
120900163,0,0,0
120900164,0,0,0
120900165,0,0,0
120900166,0,0,0
120900167,0,0,0
120900169,0,0,0
120900170,0,0,0
120900171,0,0,0
120900172,0,0,0
120900173,0,0,0
120900174,0,0,0
120900175,0,0,0
120900176,0,0,0
120900177,0,0,0
120900178,0,0,0
120900179,0,0,0
120900180,0,0,0
120900181,0,0,0
120900182,0,0,0
120900183,0,0,0
120900184,0,0,0
120900185,0,0,0
120900186,0,0,0
120900187,0,0,0
120900188,0,0,0
120900189,0,0,0
120900190,0,0,0
120900191,0,0,0
120900192,0,0,0
120900194,0,0,0
120900195,0,0,0
120900196,0,0,0
120900197,0,0,0
120900198,0,0,0
120900199,0,0,0
120900200,0,0,0
120900201,0,0,0
120900202,0,0,0
120900203,0,0,0
120900204,0,0,0
120900205,0,0,0
120900206,0,0,0
121000001,0,0,0
121000002,242,159,83
121000003,0,0,0
121000004,236,155,81
121000005,3,22,-19
121000006,183,268,-85
121000007,4,20,-16
121000008,290,359,-69
121000009,31,46,-15
121000010,585,246,339
121000011,275,152,123
121000012,1556,641,915
121000013,255,289,-34
121000014,1849,632,1217
121000015,415,975,-560
121000016,832,744,88
121000017,59,240,-181
121000018,112,248,-136
121000019,390,283,107
121000020,859,801,58
121000021,28,34,-6
121000022,102,310,-208
121000023,29,25,4
121000024,421,496,-75
121000025,24,77,-53
121000026,90,71,19
121000027,68,101,-33
121000028,9,102,-93
121000029,117,22,95
121000030,0,0,0
121000031,6,6,0
121000032,0,0,0
121000034,10,29,-19
121000035,0,0,0
121000036,8,29,-21
121000037,38,54,-16
121000038,78,201,-123
121000039,0,0,0
121000041,0,0,0
121000042,0,76,-76
121000043,77,11,66
121000044,5,42,-37
121000045,4,16,-12
121000046,0,0,0
121000047,0,0,0
121000049,78,37,41
121000050,4,221,-217
121000051,19,11,8
121000052,28,46,-18
121000053,33,4,29
121000054,0,0,0
121000055,0,0,0
121000056,231,249,-18
121000057,0,0,0
121000058,0,0,0
121000059,6,25,-19
121000060,48,22,26
121000061,0,25,-25
121000062,0,11,-11
121000063,10,22,-12
121000064,7,10,-3
121000065,3,9,-6
121000066,0,0,0
121000067,0,0,0
121000068,15,0,15
121000069,2,9,-7
121000070,57,132,-75
121000071,25,109,-84
121000072,14,26,-12
121000073,40,114,-74
121000074,0,0,0
121000075,0,0,0
121000076,1,1,0
121000077,13,8,5
121000078,0,0,0
121000080,121,41,80
121000081,209,165,44
121000082,29,50,-21
121000083,11,23,-12
121000084,0,0,0
121000085,74,21,53
121000086,4,45,-41
121000087,4,53,-49
121000088,0,0,0
121000089,5,133,-128
121000090,0,0,0
121000091,422,81,341
121000092,16,17,-1
121000093,3,38,-35
121000094,45,25,20
121000095,1,3,-2
121000096,0,0,0
121000097,0,0,0
121000098,23,24,-1
121000099,7,11,-4
121000100,0,0,0
121000101,7,18,-11
121000102,0,0,0
121000103,1,16,-15
121000104,0,0,0
121000105,0,0,0
121000106,17,4,13
121000107,207,233,-26
121000109,52,200,-148
121000110,0,1,-1
121000114,264,348,-84
121000115,0,0,0
121000116,0,0,0
121000117,53,2,51
121000118,4,0,4
121000119,0,0,0
121000120,4,84,-80
121000121,0,7,-7
121000123,2,3,-1
121000126,0,0,0
121000127,0,0,0
121000128,0,0,0
121000129,0,0,0
121000130,4,7,-3
121000131,0,0,0
121000132,29,69,-40
121000135,0,0,0
121000136,6,67,-61
121000137,0,0,0
121000138,18,17,1
121000139,0,0,0
121000141,0,0,0
121000142,0,0,0
121000143,0,0,0
121000144,0,0,0
121000145,1,5,-4
121000146,39,22,17
121000147,62,21,41
121000148,0,3,-3
121000149,135,215,-80
121000152,20,27,-7
121000153,91,14,77
121000154,102,20,82
121000155,54,36,18
121000156,71,15,56
121000157,79,28,51
121000158,70,26,44
121000159,5,21,-16
121000160,25,9,16
121000161,0,0,0
121000162,0,0,0
121000165,102,593,-491
121000166,1,25,-24
121000168,5,61,-56
121000169,3,7,-4
121000170,82,21,61
121000171,22,77,-55
121000172,14,29,-15
121000173,3,10,-7
121000174,4,12,-8
121000175,1,13,-12
121000176,11,11,0
121000177,2,16,-14
121000178,0,0,0
121000179,10,16,-6
121000181,38,92,-54
121000182,36,72,-36
121000183,7,32,-25
121000184,3,26,-23
121000185,0,4,-4
121000186,0,5,-5
121000187,0,0,0
121000188,0,0,0
121000192,5,7,-2
121000193,0,0,0
121000194,52,126,-74
121000195,0,0,0
121000196,0,0,0
121000197,0,7,-7
121000198,0,0,0
121000199,5,0,5
121000200,0,0,0
121000201,0,0,0
121000202,0,0,0
121000203,0,0,0
121000204,0,0,0
121000205,19,1,18
121000206,0,0,0
121000207,0,0,0
121000208,0,0,0
121000209,26,5,21
121000210,0,0,0
121000211,0,2,-2
121000212,0,0,0
121000213,31,99,-68
121000214,12,78,-66
121000215,31,58,-27
121000216,64,35,29
121000217,436,169,267
121000218,6,31,-25
121000219,85,84,1
121000220,0,0,0
121000221,2,99,-97
121000222,7,59,-52
121000223,0,0,0
121000224,0,0,0
121000225,4,44,-40
121000226,23,161,-138
121000227,0,0,0
121000228,0,0,0
121000229,0,0,0
121000230,0,0,0
121000231,139,1,138
121000232,0,0,0
121000233,140,22,118
121000234,0,2,-2
121000235,2,9,-7
121000236,1,1,0
121000237,19,1,18
121000238,0,1,-1
121000239,3,1,2
121000240,0,8,-8
121000241,40,0,40
121000242,0,4,-4
121000243,46,0,46
121000244,0,5,-5
121000245,7,0,7
121000246,0,2,-2
121000247,23,0,23
121000248,15,5,10
121000249,0,0,0
121000250,35,97,-62
121000251,0,0,0
121000252,5,23,-18
121000253,0,0,0
121000254,107,13,94
121000255,0,0,0
121000256,8,39,-31
121000257,0,0,0
121000258,25,41,-16
121000259,0,0,0
121000260,0,0,0
121000261,14,11,3
121000262,0,0,0
121000263,13,40,-27
121000271,0,0,0
121000273,0,0,0
121000274,0,20,-20
121000275,0,0,0
121000276,0,16,-16
121000278,15,3,12
121000279,0,0,0
121000280,3,5,-2
121000289,22,0,22
121000290,45,53,-8
121000294,0,0,0
121000297,63,69,-6
121000299,0,0,0
121000300,0,0,0
121000302,2,68,-66
121000303,18,3,15
121000304,156,119,37
121000305,6,64,-58
121000306,22,40,-18
121000308,0,0,0
121000309,0,0,0
121000310,0,0,0
121000311,0,0,0
121000312,23,15,8
121000313,0,0,0
121000314,0,0,0
121000315,0,0,0
121000530,223,167,56
121000531,450,193,257
121000532,1241,325,916
121000533,3166,1335,1831
121000918,0,0,0
121000919,0,0,0
121000938,0,0,0
121000939,7,26,-19
121000956,0,0,0
121000957,0,0,0
121000958,0,6,-6
121000959,12,8,4
121000960,47,29,18
121000961,107,0,107
121000962,1,16,-15
121000973,0,0,0
121000976,0,0,0
121000979,0,0,0
121000981,46,0,46
121000982,0,0,0
121000983,9,0,9
121000984,0,0,0
121000985,0,0,0
121000986,0,0,0
121000987,0,0,0
121000988,185,15,170
121001302,0,0,0
121001308,0,0,0
121001309,0,0,0
121001313,0,0,0
121001314,0,0,0
121001315,1233,97,1136
121900001,0,67,-67
121900002,0,0,0
121900003,0,0,0
121900004,0,0,0
121900005,0,0,0
121900006,0,0,0
121900007,3,2,1
121900008,0,0,0
121900009,0,0,0
121900010,0,0,0
121900011,0,0,0
121900012,0,0,0
121900013,0,0,0
121900014,0,0,0
121900015,0,0,0
121900016,0,0,0
121900017,0,0,0
121900018,0,0,0
121900019,0,0,0
121900020,0,0,0
121900021,0,0,0
121900022,0,0,0
121900023,0,0,0
121900024,0,0,0
121900025,0,0,0
121900026,0,0,0
121900027,0,0,0
121900028,0,0,0
121900029,0,0,0
121900030,0,0,0
121900031,0,0,0
121900032,0,0,0
121900033,0,0,0
121900034,0,0,0
121900035,0,0,0
121900036,0,0,0
121900037,0,0,0
121900038,0,0,0
121900039,0,0,0
121900040,0,0,0
121900041,0,0,0
121900042,0,0,0
121900043,0,0,0
121900044,0,0,0
121900045,0,0,0
121900046,0,0,0
121900047,0,0,0
121900048,0,0,0
121900050,0,0,0
121900051,0,0,0
121900052,0,0,0
121900053,0,0,0
121900054,0,0,0
121900055,0,0,0
121900058,0,0,0
121900059,0,0,0
121900060,0,0,0
121900061,0,0,0
121900062,0,0,0
121900063,0,0,0
121900064,0,0,0
121900066,0,0,0
121900067,0,0,0
121900069,0,0,0
121900070,0,0,0
121900071,0,0,0
121900072,0,0,0
121900073,0,0,0
121900074,0,0,0
121900075,0,0,0
121900076,0,0,0
121900077,0,0,0
121900078,0,0,0
121900079,0,0,0
121900080,0,0,0
121900082,0,0,0
121900084,0,0,0
121900085,0,0,0
121900086,0,0,0
121900087,0,0,0
121900088,0,0,0
121900089,0,0,0
121900090,0,0,0
121900091,0,0,0
121900092,0,0,0
121900093,0,0,0
121900094,0,0,0
121900095,0,0,0
121900096,0,0,0
121900097,0,0,0
121900098,0,0,0
121900099,0,0,0
121900100,0,0,0
121900101,0,0,0
121900102,0,0,0
121900103,0,0,0
121900104,0,0,0
121900105,0,0,0
121900106,0,0,0
121900107,0,0,0
121900108,0,0,0
121900109,0,0,0
121900110,0,0,0
121900111,0,0,0
121900112,0,0,0
121900113,0,0,0
121900114,0,0,0
121900115,0,0,0
121900117,0,0,0
121900118,0,0,0
121900119,0,0,0
121900120,0,0,0
121900121,0,0,0
121900122,0,0,0
121900123,0,0,0
121900124,0,0,0
121900125,0,0,0
121900127,0,0,0
121900128,0,0,0
121900129,0,0,0
121900130,0,0,0
121900131,0,0,0
121900132,0,0,0
121900133,0,0,0
121900134,0,0,0
121900135,0,0,0
121900136,0,0,0
121900137,0,0,0
121900138,0,0,0
121900139,0,0,0
121900140,0,0,0
121900141,0,0,0
121900142,0,0,0
121900143,0,0,0
121900144,0,0,0
121900145,0,0,0
121900146,0,0,0
121900147,0,0,0
121900148,0,0,0
121900149,0,0,0
121900150,0,0,0
121900151,0,0,0
121900152,0,0,0
121900153,0,0,0
121900154,0,0,0
121900155,0,0,0
121900156,0,0,0
121900157,0,0,0
121900158,0,0,0
121900159,0,0,0
121900160,0,0,0
121900161,0,0,0
121900162,0,0,0
121900163,0,0,0
121900164,0,0,0
121900165,0,0,0
121900166,0,0,0
121900167,0,0,0
121900168,0,0,0
121900169,0,0,0
121900170,0,0,0
121900171,0,0,0
121900172,0,0,0
121900173,0,0,0
121900174,0,0,0
121900175,0,0,0
121900176,0,0,0
121900177,0,0,0
121900179,0,0,0
121900180,0,0,0
121900182,0,0,0
121900183,0,0,0
121900184,0,0,0
121900185,0,0,0
121900186,0,0,0
121900187,0,0,0
121900188,0,0,0
121900189,0,0,0
121900190,0,0,0
121900191,0,0,0
121900192,0,0,0
121900194,0,0,0
121900195,0,0,0
121900196,0,0,0
121900197,0,0,0
121900198,0,0,0
121900199,0,0,0
121900200,0,0,0
121900201,0,0,0
121900202,0,0,0
121900203,0,0,0
121900204,0,0,0
121900205,0,0,0
121900206,0,0,0
121900207,0,0,0
121900208,0,0,0
121900209,0,0,0
121900210,0,0,0
121900211,0,0,0
121900212,0,0,0
121900213,0,0,0
121900214,0,0,0
121900215,0,0,0
121900216,0,0,0
121900217,0,0,0
121900218,0,0,0
121900219,0,0,0
121900220,0,0,0
121900221,0,0,0
121900222,0,0,0
121900223,0,0,0
121900224,0,0,0
121900225,0,0,0
121900226,0,0,0
121900227,0,0,0
121900228,0,0,0
121900229,0,0,0
121900230,0,0,0
121900231,0,0,0
121900232,0,0,0
121900233,0,0,0
121900234,0,0,0
121900235,0,0,0
121900236,0,0,0
121900237,0,0,0
121900238,0,0,0
121900239,0,0,0
121900240,0,0,0
121900241,0,0,0
121900242,0,0,0
121900243,0,0,0
121900244,0,0,0
121900245,0,0,0
121900246,0,0,0
121900247,0,0,0
121900248,0,0,0
121900250,0,0,0
121900251,0,0,0
121900252,0,0,0
121900253,0,0,0
121900254,0,0,0
121900255,0,0,0
121900258,0,0,0
121900259,0,0,0
121900260,0,0,0
121900261,0,0,0
121900262,0,0,0
121900263,0,0,0
121900264,0,0,0
121900265,0,0,0
121900266,0,0,0
121900267,0,0,0
121900269,0,0,0
121900270,0,0,0
121900271,0,0,0
121900273,0,0,0
121900274,0,0,0
121900276,0,0,0
121900277,0,0,0
121900278,0,0,0
121900279,0,0,0
121900280,0,0,0
121900281,0,0,0
121900284,0,0,0
121900286,0,0,0
121900287,0,0,0
121900290,0,0,0
121900291,0,0,0
121900292,0,0,0
121900293,0,0,0
121900294,0,0,0
121900295,0,0,0
121900296,0,0,0
121900298,0,0,0
121900299,0,0,0
121900300,0,0,0
121900301,0,0,0
121900302,0,0,0
121900303,0,0,0
121900304,0,0,0
121900305,0,0,0
121900306,0,0,0
121900307,0,0,0
121900308,0,0,0
121900309,0,0,0
121900310,0,0,0
121900311,0,0,0
121900312,0,0,0
121900313,0,0,0
121900314,0,0,0
121900315,0,0,0
121900316,0,0,0
121900317,0,0,0
121900318,0,0,0
121900319,0,0,0
121900320,0,0,0
121900321,0,0,0
121900322,0,0,0
121900323,0,0,0
121900324,0,0,0
121900325,0,0,0
121900326,0,0,0
121900327,0,0,0
121900328,0,0,0
121900329,0,0,0
121900330,0,0,0
121900331,0,0,0
121900332,0,0,0
122000001,84,101,-17
122000002,82,67,15
122000003,71,108,-37
122000004,122,159,-37
122000005,538,777,-239
122000006,45,254,-209
122000007,69,295,-226
122000008,125,241,-116
122000009,37,25,12
122000010,646,360,286
122000011,214,170,44
122000012,175,101,74
122000013,25,90,-65
122000014,4,82,-78
122000015,44,66,-22
122000016,2,72,-70
122000017,0,0,0
122000018,0,0,0
122000019,12,74,-62
122000020,0,0,0
122000021,0,0,0
122000022,76,11,65
122000023,6,12,-6
122000024,135,140,-5
122000025,52,123,-71
122000026,363,257,106
122000027,1,1,0
122000028,54,44,10
122000029,70,24,46
122000030,0,0,0
122000031,1,3,-2
122000032,48,46,2
122000033,87,216,-129
122000034,0,0,0
122000035,0,0,0
122000036,0,0,0
122000037,3,1,2
122000038,12,2,10
122000039,0,0,0
122000040,0,0,0
122000041,0,0,0
122000042,0,1,-1
122000043,0,3,-3
122000044,0,2,-2
122000045,112,61,51
122000046,91,68,23
122000047,0,0,0
122000048,237,522,-285
122000049,403,172,231
122000050,54,25,29
122000051,3,3,0
122000052,0,7,-7
122000053,10,387,-377
122000054,56,105,-49
122000055,365,530,-165
122000056,140,148,-8
122000057,89,199,-110
122000058,52,43,9
122000059,103,68,35
122000060,0,0,0
122000061,0,0,0
122000062,63,12,51
122000063,2,6,-4
122000064,95,53,42
122000065,195,200,-5
122000066,89,99,-10
122000067,157,490,-333
122000068,47,245,-198
122000069,41,26,15
122000070,333,59,274
122000071,56,63,-7
122000072,0,0,0
122000073,0,0,0
122000074,51,101,-50
122000075,56,91,-35
122000076,84,71,13
122000077,0,0,0
122000078,345,204,141
122000079,1,22,-21
122000080,0,0,0
122000081,0,0,0
122000082,92,119,-27
122000083,0,0,0
122000084,0,0,0
122000085,3,12,-9
122000086,29,262,-233
122000087,46,29,17
122000088,0,0,0
122000089,124,190,-66
122000090,0,0,0
122000091,0,0,0
122000092,0,0,0
122000093,130,534,-404
122000094,394,403,-9
122000095,14,79,-65
122000096,26,196,-170
122000098,243,373,-130
122000099,7,29,-22
122000100,9,4,5
122000101,0,2,-2
122000102,0,0,0
122000103,0,0,0
122000104,4,3,1
122000105,6,4,2
122000106,0,3,-3
122000107,18,43,-25
122000108,0,0,0
122000109,2,1,1
122000110,0,0,0
122000111,254,35,219
122000112,37,49,-12
122000113,67,10,57
122000114,381,506,-125
122000115,366,305,61
122000116,7,86,-79
122000117,68,1,67
122000118,23,10,13
122000119,0,0,0
122000120,0,0,0
122000121,64,10,54
122000122,8,6,2
122000123,80,79,1
122000124,10,40,-30
122000125,21,69,-48
122000126,5,49,-44
122000127,10,45,-35
122000128,1,3,-2
122000129,34,4,30
122000130,141,113,28
122000131,16,31,-15
122000132,0,0,0
122000133,0,0,0
122000134,50,56,-6
122000135,9,11,-2
122000136,29,63,-34
122000137,25,28,-3
122000139,12,160,-148
122000140,0,1,-1
122000141,2,0,2
122000142,0,0,0
122000143,0,0,0
122000144,6,11,-5
122000145,0,0,0
122000146,15,44,-29
122000147,15,31,-16
122000148,181,141,40
122000149,106,36,70
122000150,65,45,20
122000151,0,0,0
122000152,0,0,0
122000153,43,53,-10
122000154,66,5,61
122000155,162,58,104
122000156,354,367,-13
122000157,170,197,-27
122000158,1,1,0
122000159,37,30,7
122000160,102,57,45
122000161,46,16,30
122000162,157,64,93
122000163,0,0,0
122000164,0,0,0
122000165,3,22,-19
122000166,81,46,35
122000167,0,0,0
122000168,0,1,-1
122000169,0,0,0
122000170,0,0,0
122000171,0,0,0
122000172,0,0,0
122000173,0,0,0
122000174,287,284,3
122000175,0,0,0
122000176,0,0,0
122000177,372,324,48
122000178,433,103,330
122000179,1,27,-26
122000180,171,311,-140
122000181,568,416,152
122000182,75,58,17
122000183,21,5,16
122000184,433,377,56
122000185,95,119,-24
122000186,0,0,0
122000187,94,46,48
122000188,0,0,0
122000189,22,28,-6
122000190,195,34,161
122000191,34,9,25
122000192,0,0,0
122000193,0,0,0
122000194,0,0,0
122000195,0,0,0
122000196,0,0,0
122000197,6,7,-1
122000198,0,0,0
122000199,25,69,-44
122000200,33,39,-6
122000201,151,236,-85
122000202,122,177,-55
122000203,0,0,0
122000204,0,0,0
122000205,0,0,0
122000206,102,37,65
122000207,66,42,24
122000208,82,23,59
122000209,169,51,118
122000210,18,2,16
122000211,1,19,-18
122000212,61,74,-13
122000213,41,159,-118
122000214,185,209,-24
122000215,42,97,-55
122000217,10,15,-5
122000218,111,15,96
122000219,37,11,26
122000220,10,27,-17
122000221,0,0,0
122000222,1,2,-1
122000223,58,69,-11
122000225,92,7,85
122000226,0,5,-5
122000227,0,11,-11
122000228,0,6,-6
122000229,0,0,0
122000230,0,11,-11
122000231,1,25,-24
122000232,0,16,-16
122000233,0,0,0
122000234,39,1,38
122000235,54,1,53
122000236,17,4,13
122000237,0,0,0
122000238,6,16,-10
122000239,35,0,35
122000240,54,2,52
122000241,10,21,-11
122000242,0,0,0
122000243,0,0,0
122000244,0,0,0
122000245,0,0,0
122000246,42,63,-21
122000247,6,4,2
122000248,5,4,1
122000249,75,53,22
122000250,85,34,51
122000251,0,0,0
122000252,4,3,1
122000253,0,0,0
122000254,1,1,0
122000255,0,0,0
122000256,18,31,-13
122000257,5,11,-6
122000258,56,38,18
122000259,0,0,0
122000260,0,0,0
122000261,0,1,-1
122000262,0,0,0
122000263,0,0,0
122000264,112,23,89
122000265,111,11,100
122000266,244,4,240
122000267,0,0,0
122000268,0,0,0
122000269,0,0,0
122000270,0,0,0
122000271,0,0,0
122000272,0,0,0
122000273,0,0,0
122000274,0,0,0
122000275,0,0,0
122000276,49,60,-11
122000277,120,106,14
122000278,140,38,102
122000279,11,3,8
122000280,5,9,-4
122000281,3,30,-27
122000282,2,4,-2
122000283,0,0,0
122000284,0,0,0
122000285,0,0,0
122000286,0,0,0
122000287,396,58,338
122000288,44,3,41
122000291,899,82,817
122000293,0,0,0
122000294,71,22,49
122000295,101,3,98
122000296,5,131,-126
122000297,741,293,448
122000299,90,7,83
122000300,2,12,-10
122000301,43,32,11
122000302,0,0,0
122000303,26,80,-54
122000304,0,0,0
122000305,315,39,276
122000306,0,19,-19
122000307,0,0,0
122000309,0,0,0
122000310,0,0,0
122000311,0,0,0
122000312,7,54,-47
122000313,21,30,-9
122000314,82,45,37
122000315,0,0,0
122000316,52,4,48
122000317,30,8,22
122000318,25,48,-23
122000319,8,1,7
122000320,0,0,0
122000321,0,0,0
122000322,126,95,31
122000323,63,38,25
122000324,18,43,-25
122000325,62,147,-85
122000326,6,0,6
122000327,0,17,-17
122000328,0,0,0
122000330,70,117,-47
122000332,0,0,0
122000333,0,0,0
122000337,17,22,-5
122000338,9,8,1
122000340,0,0,0
122000342,3,8,-5
122000343,0,8,-8
122000344,18,0,18
122000345,1,3,-2
122000346,0,0,0
122000348,23,11,12
122000349,0,0,0
122000351,6,0,6
122000352,0,0,0
122000353,0,0,0
122000355,0,0,0
122000356,32,16,16
122000357,0,0,0
122000358,0,0,0
122000359,0,0,0
122000360,0,0,0
122000362,0,0,0
122000364,0,0,0
122000365,0,0,0
122000366,0,0,0
122000368,0,0,0
122000370,0,0,0
122000371,0,0,0
122000372,0,0,0
122000381,0,0,0
122000382,0,0,0
122000384,0,5,-5
122000385,0,0,0
122000386,2,146,-144
122000387,0,0,0
122000388,6,58,-52
122000389,0,0,0
122000390,8,70,-62
122000391,0,0,0
122000392,0,0,0
122000393,0,0,0
122000394,0,0,0
122000395,0,0,0
122000396,0,0,0
122000397,0,0,0
122000398,20,43,-23
122000399,0,0,0
122000400,5,49,-44
122000401,0,0,0
122000402,5,27,-22
122000403,0,0,0
122000404,121,34,87
122000408,227,186,41
122000503,0,0,0
122000524,0,0,0
122000544,0,0,0
122000616,0,0,0
122000640,0,0,0
122000641,0,0,0
122000642,0,0,0
122000643,3,9,-6
122000644,0,0,0
122000645,0,0,0
122000651,7,40,-33
122000664,5,7,-2
122000665,0,0,0
122000666,91,28,63
122000673,0,0,0
122000674,31,32,-1
122000675,25,24,1
122000686,64,14,50
122000687,32,14,18
122000688,107,31,76
122000689,74,56,18
122000690,223,1,222
122000691,248,43,205
122000692,15,0,15
122000693,10,32,-22
122000695,0,0,0
122000696,43,14,29
122000698,0,0,0
122000699,3,26,-23
122000701,114,5,109
122000702,55,30,25
122000703,18,8,10
122000717,0,0,0
122000718,62,160,-98
122000719,0,2,-2
122000720,61,18,43
122900001,0,0,0
122900002,0,0,0
122900003,0,0,0
122900004,0,0,0
122900005,0,0,0
122900006,0,0,0
122900007,0,0,0
122900008,0,0,0
122900009,0,0,0
122900010,0,0,0
122900012,0,0,0
122900014,0,0,0
122900015,0,0,0
122900016,0,0,0
122900017,0,0,0
122900018,0,0,0
122900019,0,0,0
122900020,0,0,0
122900021,0,0,0
122900022,0,0,0
122900023,0,0,0
122900024,0,0,0
122900025,0,0,0
122900026,0,0,0
122900027,0,0,0
122900028,0,0,0
122900029,0,0,0
122900030,0,0,0
122900031,0,0,0
122900032,0,0,0
122900033,0,0,0
122900034,0,0,0
122900035,0,0,0
122900036,0,0,0
122900037,0,0,0
122900038,0,0,0
122900039,0,0,0
122900040,0,0,0
122900041,0,0,0
122900042,0,0,0
122900043,0,0,0
122900044,0,0,0
122900045,0,0,0
122900046,0,0,0
122900047,0,0,0
122900048,0,0,0
122900049,0,0,0
122900051,0,0,0
122900052,0,0,0
122900053,0,0,0
122900055,0,0,0
122900057,0,0,0
122900061,0,0,0
122900062,0,0,0
122900063,0,0,0
122900064,0,0,0
122900065,0,0,0
122900066,0,0,0
122900067,0,0,0
122900068,0,0,0
122900069,0,0,0
122900070,0,0,0
122900071,0,0,0
122900072,0,0,0
122900073,0,0,0
122900074,0,0,0
122900075,0,0,0
122900076,0,0,0
122900077,0,0,0
122900078,0,0,0
122900080,0,0,0
122900081,0,0,0
122900082,0,0,0
122900083,0,0,0
122900084,0,0,0
122900086,0,0,0
122900087,0,0,0
122900088,0,0,0
122900089,0,0,0
122900090,0,0,0
122900091,0,0,0
122900092,0,0,0
122900093,0,0,0
122900094,0,0,0
122900095,0,0,0
122900096,0,0,0
122900097,0,0,0
122900098,0,0,0
122900099,0,0,0
122900100,0,0,0
122900101,0,0,0
123000001,86,22,64
123000002,201,979,-778
123000003,806,362,444
123000004,155,358,-203
123000005,756,273,483
123000006,119,372,-253
123000007,578,340,238
123000008,21,79,-58
123000009,2023,1465,558
123000010,40,178,-138
123000011,672,544,128
123000012,3,155,-152
123000013,986,238,748
123000014,2,161,-159
123000015,969,320,649
123000016,29,141,-112
123000017,875,235,640
123000018,49,2,47
123000019,93,0,93
123000020,54,4,50
123000021,58,27,31
123000022,190,46,144
123000023,190,70,120
123000024,109,62,47
123000025,0,16,-16
123000026,0,0,0
123000027,0,0,0
123000028,7,113,-106
123000029,0,0,0
123000030,0,0,0
123000031,27,3,24
123000032,36,11,25
123000033,3,18,-15
123000034,334,39,295
123000035,86,72,14
123000036,17,314,-297
123000037,0,0,0
123000038,0,0,0
123000039,0,0,0
123000040,0,0,0
123000041,31,423,-392
123000042,0,0,0
123000043,142,207,-65
123000044,15,32,-17
123000045,0,0,0
123000046,0,0,0
123000047,0,0,0
123000048,9,52,-43
123000049,2684,910,1774
123000050,200,150,50
123000051,0,1,-1
123000052,83,331,-248
123000053,757,285,472
123000054,126,360,-234
123000055,510,644,-134
123000056,6,49,-43
123000057,38,87,-49
123000058,0,0,0
123000059,22,4,18
123000060,0,0,0
123000061,2,9,-7
123000063,30,23,7
123000064,2,1,1
123000065,16,54,-38
123000066,1,18,-17
123000067,3,16,-13
123000068,43,100,-57
123000069,97,70,27
123000070,17,1,16
123000071,102,28,74
123000072,0,0,0
123000073,152,33,119
123000074,0,0,0
123000075,79,110,-31
123000076,0,0,0
123000077,53,6,47
123000078,236,60,176
123000079,361,114,247
123000080,18,0,18
123000081,0,0,0
123000082,0,0,0
123000083,5,2,3
123000084,0,0,0
123000085,0,0,0
123000086,0,0,0
123000087,0,0,0
123000088,6,0,6
123000089,226,122,104
123000090,0,0,0
123000091,173,49,124
123000092,0,0,0
123000094,8,1,7
123000095,26,16,10
123000096,130,15,115
123000097,0,0,0
123000098,10,20,-10
123000099,0,0,0
123000100,0,0,0
123000101,21,6,15
123000102,70,41,29
123000104,0,0,0
123000105,0,0,0
123000106,0,0,0
123000107,0,0,0
123000108,0,0,0
123000111,8,8,0
123000112,23,19,4
123000113,0,0,0
123000114,4,12,-8
123000115,11,25,-14
123000116,0,0,0
123000117,1,16,-15
123000118,11,10,1
123000119,0,11,-11
123000120,9,20,-11
123000121,0,0,0
123000122,0,0,0
123000123,0,0,0
123000124,0,0,0
123000125,96,44,52
123000126,141,193,-52
123000127,0,0,0
123000128,0,0,0
123000129,160,15,145
123000130,101,8,93
123000131,116,12,104
123000132,0,0,0
123000133,0,0,0
123000134,0,0,0
123000135,44,40,4
123000136,0,0,0
123000137,0,0,0
123000138,0,0,0
123000139,85,4,81
123000140,0,0,0
123000141,58,4,54
123000142,0,0,0
123000143,0,0,0
123000144,0,0,0
123000145,0,0,0
123000146,0,0,0
123000147,0,0,0
123000149,12,35,-23
123000150,14,6,8
123000151,50,37,13
123000152,0,0,0
123000153,2,29,-27
123000154,38,66,-28
123000155,5,20,-15
123000156,0,0,0
123000157,11,6,5
123000158,59,51,8
123000159,146,125,21
123000160,49,102,-53
123000161,95,35,60
123000162,254,106,148
123000163,30,14,16
123000164,200,8,192
123000165,0,0,0
123000166,0,0,0
123000167,17,5,12
123000168,76,0,76
123000169,130,24,106
123000170,0,0,0
123000171,232,1,231
123000172,0,0,0
123000173,50,45,5
123000174,128,13,115
123000175,0,0,0
123000176,76,12,64
123000177,0,0,0
123000178,151,16,135
123000179,0,0,0
123000180,381,7,374
123000181,0,0,0
123000182,0,0,0
123000183,40,12,28
123000184,0,0,0
123000185,177,9,168
123000186,0,0,0
123000187,365,0,365
123000188,196,1,195
123000189,207,1,206
123000190,35,0,35
123000192,0,0,0
123000193,0,0,0
123000194,0,0,0
123000195,166,1,165
123000196,191,1,190
123000197,62,0,62
123000198,0,0,0
123000199,0,0,0
123000200,209,12,197
123000201,356,20,336
123000202,0,0,0
123000203,411,10,401
123000204,0,0,0
123000205,0,0,0
123000206,410,34,376
123000207,0,0,0
123000208,112,10,102
123000209,162,21,141
123000210,0,0,0
123000211,0,0,0
123000212,419,18,401
123000213,198,3,195
123000215,68,135,-67
123000216,12,95,-83
123000217,42,4,38
123000218,0,0,0
123000219,36,6,30
123000220,137,4,133
123000221,0,2,-2
123000222,2,8,-6
123000223,57,7,50
123000224,6,39,-33
123000225,32,1,31
123000226,68,2,66
123000227,2,0,2
123000228,68,1,67
123000229,0,0,0
123000232,0,0,0
123000233,183,4,179
123000234,0,0,0
123000235,151,39,112
123000236,0,7,-7
123000237,44,12,32
123000238,0,0,0
123000239,0,0,0
123000240,0,0,0
123000241,21,9,12
123000242,0,0,0
123000243,7,68,-61
123000244,5,45,-40
123000245,0,0,0
123000249,0,0,0
123000252,188,114,74
123000253,354,154,200
123000254,1,9,-8
123000255,74,104,-30
123000256,0,0,0
123000257,0,0,0
123000258,0,0,0
123000259,1,4,-3
123000260,3,7,-4
123000261,0,0,0
123000262,0,0,0
123000263,41,0,41
123000264,2,4,-2
123000265,0,0,0
123000266,8,8,0
123000267,17,120,-103
123000268,0,0,0
123000269,3,19,-16
123000270,12,3,9
123000271,0,0,0
123000272,248,84,164
123000273,77,322,-245
123000274,198,79,119
123000275,0,0,0
123000278,1,54,-53
123000279,2,10,-8
123000280,2,11,-9
123000281,46,7,39
123000282,0,0,0
123000283,2,4,-2
123000284,0,0,0
123000286,1,1,0
123000287,25,39,-14
123000288,221,102,119
123000289,63,80,-17
123000291,0,0,0
123000294,0,0,0
123000295,246,160,86
123000296,105,167,-62
123000297,0,0,0
123000298,2,15,-13
123000299,18,119,-101
123000300,52,37,15
123000301,0,0,0
123000302,128,24,104
123000303,0,65,-65
123000305,0,0,0
123000306,0,0,0
123000309,0,0,0
123000310,0,0,0
123000311,0,0,0
123000312,0,0,0
123000313,103,24,79
123000315,79,1,78
123000316,375,1,374
123000317,0,0,0
123000318,0,0,0
123000329,0,0,0
123000337,71,5,66
123000338,126,5,121
123000339,0,0,0
123000340,6,30,-24
123000342,0,0,0
123000343,2,0,2
123000344,5,2,3
123000345,3,6,-3
123000346,99,16,83
123000352,0,0,0
123000353,0,0,0
123000354,403,2,401
123000355,0,0,0
123000356,92,1,91
123000357,0,0,0
123000359,0,0,0
123000360,47,44,3
123000361,0,0,0
123000362,105,7,98
123000363,32,0,32
123000364,18,27,-9
123000365,0,0,0
123000366,21,97,-76
123000367,0,30,-30
123000370,0,0,0
123000371,42,2,40
123000372,60,0,60
123000373,0,0,0
123000374,0,0,0
123000375,87,8,79
123000376,64,35,29
123000377,215,4,211
123000378,0,0,0
123000379,0,0,0
123000380,0,0,0
123000381,2,18,-16
123000382,83,6,77
123000383,0,0,0
123000384,15,3,12
123000385,0,0,0
123000436,0,0,0
123000507,0,18,-18
123000508,45,465,-420
123000517,0,0,0
123000518,0,0,0
123000519,0,0,0
123000520,0,0,0
123000521,0,0,0
123000522,0,0,0
123000541,0,7,-7
123000542,0,0,0
123000565,26,0,26
123000566,19,0,19
123000567,32,2,30
123000573,0,0,0
123000574,68,10,58
123000575,185,7,178
123000576,93,1,92
123000577,0,0,0
123000578,22,30,-8
123000579,653,183,470
123000580,6,0,6
123000582,71,3,68
123000583,0,0,0
123000584,44,41,3
123000585,0,0,0
123000586,15,0,15
123000596,0,0,0
123000597,3,2,1
123000602,23,3,20
123000603,163,0,163
123000604,6,3,3
123000605,573,330,243
123000606,0,0,0
123000609,0,0,0
123000610,66,47,19
123000613,0,0,0
123000614,68,6,62
123000615,0,0,0
123000616,90,0,90
123000617,0,0,0
123000618,0,0,0
123000619,24,2,22
123000620,0,0,0
123000622,90,18,72
123000624,63,11,52
123000630,356,22,334
123000631,28,12,16
123000632,0,0,0
123000633,1,225,-224
123000634,3,0,3
123000635,0,0,0
123000636,0,0,0
123000637,4,0,4
123000638,14,3,11
123000639,342,331,11
123000640,0,0,0
123900001,0,0,0
123900002,0,0,0
123900003,0,0,0
123900005,0,0,0
123900006,0,0,0
124000001,535,149,386
124000002,1,138,-137
124000003,215,35,180
124000004,0,14,-14
124000005,115,37,78
124000006,0,22,-22
124000007,65,21,44
124000008,0,0,0
124000009,128,9,119
124000010,0,0,0
124000011,219,56,163
124000012,0,0,0
124000017,106,61,45
124000018,0,0,0
124000019,164,34,130
124000020,0,0,0
124000021,185,17,168
124000022,0,0,0
124000023,395,44,351
124000024,0,0,0
124000025,340,47,293
124000026,0,0,0
124000027,1168,244,924
124000028,76,461,-385
124000030,0,0,0
124000031,373,97,276
124000032,0,33,-33
124000033,50,9,41
124000034,0,9,-9
124000035,2,4,-2
124000036,0,2,-2
124000037,19,58,-39
124000038,1,4,-3
124000039,36,4,32
124000040,63,69,-6
124000041,89,6,83
124000042,0,10,-10
124000043,7,6,1
124000044,3,12,-9
124000045,63,7,56
124000046,0,0,0
124000047,222,20,202
124000048,0,0,0
124000049,284,9,275
124000050,0,0,0
124000051,222,13,209
124000052,0,0,0
124000053,77,50,27
124000054,0,0,0
124000055,351,51,300
124000056,0,0,0
124000057,170,53,117
124000058,0,0,0
124000059,91,50,41
124000060,0,0,0
124000061,62,158,-96
124000062,0,0,0
124000063,0,0,0
124000064,0,0,0
124000065,0,0,0
124000066,3,1,2
124000067,53,15,38
124000068,0,0,0
124000069,176,21,155
124000070,0,0,0
124000071,33,25,8
124000072,0,0,0
124000073,159,23,136
124000074,0,0,0
124000075,97,34,63
124000076,0,0,0
124000077,0,0,0
124000078,117,172,-55
124000079,0,0,0
124000080,159,68,91
124000081,0,0,0
124000082,12,107,-95
124000083,0,0,0
124000084,0,76,-76
124000085,0,0,0
124000086,0,0,0
124000087,0,0,0
124000088,2,27,-25
124000089,121,8,113
124000090,0,0,0
124000091,109,25,84
124000092,0,0,0
124000093,2,34,-32
124000094,0,0,0
124000095,49,3,46
124000096,0,0,0
124000097,28,1,27
124000098,0,0,0
124000099,10,1,9
124000100,0,0,0
124000101,19,4,15
124000102,0,0,0
124000103,14,4,10
124000104,0,0,0
124000105,13,5,8
124000106,0,0,0
124000107,1,8,-7
124000108,0,0,0
124000109,7,0,7
124000110,0,0,0
124000111,151,2,149
124000112,0,0,0
124000113,15,30,-15
124000114,0,0,0
124000115,0,0,0
124000116,8,17,-9
124000117,0,0,0
124000118,3,16,-13
124000119,0,0,0
124000120,62,9,53
124000121,151,37,114
124000122,0,0,0
124000123,116,33,83
124000124,22,47,-25
124000125,83,18,65
124000126,4,48,-44
124000127,198,9,189
124000128,13,45,-32
124000129,80,51,29
124000130,63,38,25
124000131,60,47,13
124000132,39,59,-20
124000133,243,52,191
124000134,0,0,0
124000135,311,72,239
124000136,0,0,0
124000137,166,52,114
124000138,0,0,0
124000139,30,0,30
124000140,0,0,0
124000141,0,0,0
124000142,0,0,0
124000143,0,0,0
124000144,0,0,0
124000145,27,2,25
124000146,0,0,0
124000148,0,5,-5
124000149,50,12,38
124000150,0,0,0
124000151,42,25,17
124000152,0,0,0
124000153,40,102,-62
124000154,0,0,0
124000155,105,66,39
124000156,0,0,0
124000169,10,24,-14
124000170,0,0,0
124000171,30,10,20
124000172,0,0,0
124000173,8,25,-17
124000174,0,0,0
124000175,0,0,0
124000176,93,52,41
124000177,0,0,0
124000178,8,5,3
124000190,0,2,-2
124000191,0,0,0
124000192,115,80,35
124000193,0,0,0
124000194,6,35,-29
124000195,94,11,83
124000196,0,0,0
124000197,0,0,0
124000198,0,9,-9
124000201,0,0,0
124000202,165,6,159
124000203,0,0,0
124000204,206,5,201
124000205,56,0,56
124000206,358,0,358
124000207,0,0,0
124000209,56,1,55
124000210,85,56,29
124000211,361,3,358
124000212,0,0,0
124000213,0,0,0
124000214,230,6,224
124000215,80,0,80
124000216,0,0,0
124000329,0,0,0
124000338,0,0,0
124000339,156,3,153
124000341,210,1,209
124000344,20,0,20
124000357,404,149,255
124000358,683,262,421
124000359,355,100,255
124000360,156,123,33
124000361,484,131,353
124000362,0,0,0
124000363,0,0,0
124000364,0,0,0
124000365,46,175,-129
124000366,19,103,-84
124000367,0,0,0
124000368,10,38,-28
124000369,6,61,-55
124000370,0,0,0
124000402,0,0,0
124000403,11,0,11
124000404,0,0,0
124000405,204,18,186
124000406,16,63,-47
124000407,0,0,0
124000411,0,0,0
124000412,19,0,19
124000413,0,0,0
124000414,10,14,-4
124000415,0,0,0
124000416,0,0,0
124000417,14,8,6
124000418,4,6,-2
124000419,0,0,0
124000420,55,4,51
124000421,0,0,0
124000422,0,0,0
124000423,0,0,0
124000424,0,0,0
124000425,0,0,0
124000426,0,0,0
124000427,1,0,1
124000428,0,0,0
124000429,36,2,34
124000430,2,0,2
124000431,2,0,2
124000432,0,0,0
124000439,0,0,0
124000442,0,0,0
124000443,0,0,0
124000445,3,77,-74
124000446,0,0,0
124900001,0,0,0
124900002,0,0,0
124900003,0,0,0
124900004,0,0,0
124900005,0,0,0
124900006,0,0,0
124900008,0,0,0
124900009,0,0,0
124900010,0,0,0
124900011,0,0,0
124900012,0,0,0
124900013,0,0,0
124900014,0,0,0
124900015,0,0,0
124900016,0,0,0
124900017,0,0,0
124900018,0,0,0
124900019,0,0,0
124900020,0,0,0
124900021,0,0,0
124900022,0,0,0
124900024,0,0,0
124900026,0,0,0
124900027,0,0,0
124900028,0,0,0
124900029,0,0,0
124900030,0,0,0
124900031,0,0,0
124900032,0,0,0
124900033,0,0,0
124900034,0,0,0
124900035,0,0,0
124900036,0,0,0
124900037,0,0,0
124900038,0,0,0
124900039,0,0,0
124900040,0,0,0
124900041,0,0,0
124900042,0,0,0
124900043,0,0,0
124900044,0,0,0
124900045,0,0,0
124900046,0,0,0
124900047,0,0,0
124900048,0,0,0
124900050,0,0,0
124900052,0,0,0
124900053,0,0,0
124900054,0,0,0
124900055,0,0,0
124900057,0,0,0
124900060,0,0,0
124900061,0,0,0
124900062,0,0,0
124900066,0,0,0
124900067,0,0,0
124900068,0,0,0
124900069,0,0,0
124900070,0,0,0
124900072,0,0,0
124900074,0,0,0
124900075,0,0,0
124900076,0,0,0
124900077,0,0,0
124900078,0,0,0
124900079,0,0,0
124900080,0,0,0
124900081,0,0,0
124900082,0,0,0
124900083,0,0,0
124900084,0,0,0
124900085,0,0,0
124900086,0,0,0
124900087,0,0,0
124900088,0,0,0
124900089,0,0,0
124900090,0,0,0
124900091,0,0,0
124900092,0,0,0
124900093,0,0,0
124900094,0,0,0
124900095,0,0,0
124900096,0,0,0
124900097,0,0,0
124900098,0,0,0
124900099,0,0,0
124900100,0,0,0
124900101,0,0,0
124900102,0,0,0
124900103,0,0,0
124900104,0,0,0
124900105,0,0,0
124900106,0,0,0
124900107,0,0,0
124900108,0,0,0
124900109,0,0,0
124900110,0,0,0
124900111,0,0,0
124900112,0,0,0
129000186,0,0,0
204000001,1,1,0
204000002,1,0,1
204000003,0,0,0
204000004,0,0,0
204000005,420,264,156
204000006,1267,1020,247
204000008,528,184,344
204000011,0,0,0
204000012,0,0,0
204000013,0,0,0
204000019,601,359,242
204000020,131,95,36
204000021,195,54,141
204000022,549,274,275
204000023,0,0,0
204000031,2,15,-13
204000032,168,15,153
204000034,0,0,0
204000035,0,0,0
204000036,0,0,0
204000037,0,0,0
204000038,0,0,0
204000039,0,0,0
204000040,0,0,0
204000041,0,0,0
204000042,4,2,2
204000043,1,1,0
204000044,9,0,9
204000045,4,0,4
204000046,1,0,1
204000057,0,0,0
204000062,0,0,0
204000068,0,0,0
204000069,0,0,0
204000070,209,183,26
204000080,0,0,0
204000085,0,0,0
204000086,0,0,0
204000087,0,0,0
204000088,0,0,0
204000090,0,0,0
204000093,306,2,304
204000096,325,133,192
204000097,116,3,113
204000099,593,371,222
204000100,701,269,432
204000105,0,0,0
204000110,0,0,0
204000111,0,0,0
204000112,0,0,0
204000113,0,0,0
204000114,78,172,-94
204000115,41,68,-27
204000116,65,47,18
204000119,1382,465,917
204000132,732,49,683
204000133,663,52,611
204000134,89,39,50
204000135,419,8,411
204000136,246,160,86
204000138,318,109,209
204000140,243,189,54
204000141,177,31,146
204000144,0,10,-10
204000145,53,1,52
204000146,0,0,0
204000147,0,0,0
204000148,180,7,173
204000154,0,1,-1
204000155,0,0,0
204000177,42,9,33
204000179,0,2,-2
204000180,0,0,0
204000222,0,0,0
204000235,0,0,0
204000236,9,11,-2
204000238,8,2,6
204000240,10,2,8
204000308,30,6,24
204000317,0,0,0
204000322,0,0,0
204000323,3,1,2
204000328,129,22,107
204000329,0,0,0
204000330,80,4,76
204000331,0,0,0
204010341,7,3,4
205000001,0,0,0
205000013,0,0,0
205000014,0,0,0
205000015,0,0,0
205000016,0,0,0
205000017,0,0,0
205000022,0,0,0
205000025,0,0,0
205000029,34,6,28
205000045,0,0,0
205000047,0,0,0
205000048,0,0,0
205000049,0,0,0
205000050,0,0,0
205000059,0,0,0
205000060,0,0,0
205000061,0,0,0
205000062,0,0,0
205000063,0,0,0
205000064,0,0,0
205000065,0,0,0
205000066,0,0,0
205000067,0,0,0
205000069,0,0,0
205000082,98,42,56
205000110,0,0,0
205000111,0,0,0
205000112,115,35,80
205000113,0,0,0
205000121,120,41,79
205000123,0,0,0
205000126,707,130,577
205000127,815,55,760
205000128,293,32,261
205000129,425,31,394
205000130,40,14,26
205000131,3,1,2
205000132,3,4,-1
205000133,25,0,25
205000134,245,1,244
205000137,0,0,0
205000138,0,0,0
205000139,0,0,0
205000144,50,26,24
205000145,117,20,97
205000151,25,23,2
205000152,67,34,33
205000153,182,20,162
205000154,106,33,73
205000155,70,2,68
205000207,0,0,0
205000233,4,0,4
205000234,0,0,0
205000243,0,0,0
205000244,0,0,0
205000245,0,0,0
205000249,0,0,0
205000250,0,1,-1
205000251,0,0,0
205000264,0,0,0
206000027,22,0,22
206000028,1,4,-3
206000043,0,0,0
206000053,0,0,0
206000054,0,0,0
206000055,0,0,0
206000075,0,0,0
206000076,0,0,0
206000077,0,0,0
206000078,0,0,0
206000079,0,0,0
206000082,173,10,163
206000100,0,0,0
206000103,0,0,0
206000104,0,0,0
206000105,0,0,0
206000106,0,0,0
206000108,257,117,140
206000125,137,0,137
206000157,0,0,0
206000170,0,0,0
206000171,0,0,0
206000172,0,0,0
206000173,0,0,0
206000174,0,0,0
206000175,0,0,0
206000176,0,0,0
206000177,0,0,0
206000178,0,0,0
206000179,0,0,0
206000180,0,0,0
206000181,0,0,0
206000182,0,0,0
206000183,0,0,0
206000184,0,0,0
206000185,0,0,0
206000186,0,0,0
206000223,0,0,0
206000226,4,0,4
206000227,28,0,28
206000237,0,0,0
206000238,0,0,0
206000239,0,0,0
206000240,0,0,0
206000241,0,0,0
206000242,0,0,0
206000243,0,0,0
206000244,0,0,0
206000245,95,2,93
206000246,56,1,55
206000247,29,0,29
206000248,35,1,34
206000252,0,0,0
206000258,0,0,0
206000315,0,0,0
206000317,92,16,76
206000318,27,3,24
206000319,169,5,164
206000320,52,1,51
206000321,35,0,35
206000322,48,6,42
206000323,65,7,58
206000324,49,0,49
206000325,28,3,25
206000326,55,8,47
206000327,13,7,6
206000328,138,7,131
206000329,35,6,29
206000330,26,1,25
206000331,45,2,43
206000332,4,2,2
206000333,235,1,234
206000334,55,1,54
206000335,0,0,0
206000361,0,0,0
206000392,0,0,0
206000405,134,0,134
206000441,59,56,3
206000498,16,2,14
206000515,0,0,0
206000530,4,1,3
206000531,21,3,18
206000532,67,2,65
206000535,0,0,0
206000536,0,0,0
206000537,0,0,0
206000613,80,8,72
207000001,0,0,0
207000002,0,0,0
207000003,0,0,0
207000007,211,67,144
207000008,0,0,0
207000009,0,0,0
207000010,10,15,-5
207000012,153,99,54
207000015,4,56,-52
207000019,215,16,199
207000021,328,55,273
207000022,223,33,190
207000023,186,14,172
207000024,1,2,-1
207000025,8,12,-4
207000026,0,0,0
207000027,0,0,0
207000028,0,0,0
207000029,0,0,0
207000033,222,202,20
207000034,43,29,14
207000039,207,29,178
207000040,189,18,171
207000041,82,4,78
207000042,255,7,248
207000043,209,71,138
207000051,0,0,0
207000052,0,0,0
207000053,0,0,0
207000054,0,0,0
207000055,0,0,0
207000056,0,0,0
207000057,0,0,0
207000058,0,0,0
207000059,0,0,0
207000060,0,0,0
207000061,30,318,-288
207000062,176,56,120
207000063,103,57,46
207000064,263,113,150
207000065,288,68,220
207000066,295,66,229
207000067,58,18,40
207000068,118,18,100
207000069,564,115,449
207000082,0,12,-12
207000083,0,13,-13
207000084,76,28,48
207000085,0,0,0
207000086,0,0,0
207000106,24,10,14
207000107,42,4,38
207000108,36,2,34
207000109,38,1,37
207000110,42,4,38
207000111,154,13,141
207000112,71,37,34
207000114,0,0,0
207000115,0,0,0
207000116,0,0,0
207000117,0,0,0
207000118,0,0,0
207000119,0,0,0
207000123,98,2,96
207000124,108,0,108
207000125,19,1,18
207000126,85,1,84
207000134,0,0,0
207000135,0,2,-2
207000148,191,50,141
207000149,0,0,0
207000152,0,0,0
207000153,0,0,0
207000154,258,16,242
207000159,0,0,0
207000160,0,0,0
207000238,0,0,0
207000242,0,0,0
207000248,0,0,0
207000249,0,0,0
207000250,0,0,0
207000251,0,0,0
207000252,0,0,0
207000278,65,53,12
207000279,0,0,0
207000280,173,17,156
207000281,5,80,-75
207000282,3,9,-6
207000283,0,8,-8
207000284,0,0,0
207000285,0,5,-5
207000291,0,0,0
207000304,27,23,4
207000306,0,0,0
207000310,129,105,24
207000353,39,1,38
207000356,0,0,0
207000357,0,48,-48
207000415,0,0,0
207000417,42,0,42
207000437,0,0,0
207000439,584,97,487
207000446,99,0,99
207000460,0,0,0
207000466,0,0,0
207000467,0,1,-1
207000468,0,0,0
207000476,0,0,0
207000477,0,0,0
207000523,0,0,0
207000524,32,3,29
207000527,273,69,204
207000530,200,0,200
207000531,131,2,129
207000532,74,2,72
207000534,186,6,180
207000535,0,0,0
207000537,0,0,0
207000540,0,0,0
207000541,0,0,0
207000548,0,0,0
207000549,52,1,51
207000561,107,9,98
207000562,0,0,0
207000567,0,0,0
207000568,0,0,0
207000569,0,0,0
207000584,0,0,0
207000585,40,54,-14
207000616,0,0,0
207000617,65,1,64
207000628,0,0,0
207900008,0,0,0
208000001,65,157,-92
208000002,85,105,-20
208000003,145,80,65
208000004,279,112,167
208000005,0,0,0
208000019,201,96,105
208000020,228,142,86
208000021,0,0,0
208000022,0,0,0
208000028,0,0,0
208000033,0,0,0
208000034,0,0,0
208000040,75,56,19
208000041,340,100,240
208000042,237,54,183
208000047,0,0,0
208000064,669,365,304
208000066,265,271,-6
208000070,44,32,12
208000071,88,39,49
208000072,128,77,51
208000080,79,96,-17
208000081,84,10,74
208000082,0,0,0
208000083,0,0,0
208000084,1,8,-7
208000085,0,0,0
208000086,0,0,0
208000087,0,0,0
208000089,0,0,0
208000090,0,0,0
208000093,0,0,0
208000094,0,0,0
208000095,1,0,1
208000104,402,96,306
208000105,355,124,231
208000114,83,129,-46
208000115,258,117,141
208000116,165,188,-23
208000117,0,11,-11
208000118,48,20,28
208000155,0,0,0
208000158,0,0,0
208000186,388,372,16
208000204,0,0,0
208000205,0,0,0
208000282,0,0,0
209000004,6,29,-23
209000005,5,4,1
209000006,133,6,127
209000007,0,0,0
209000010,0,0,0
209000011,0,0,0
209000012,0,0,0
209000013,0,0,0
209000014,0,0,0
209000025,74,10,64
209000026,114,5,109
209000027,0,0,0
209000028,0,0,0
209000029,0,0,0
209000030,0,0,0
209000031,0,0,0
209000034,0,0,0
209000035,0,0,0
209000036,0,0,0
209000037,0,0,0
209000038,0,0,0
209000039,0,0,0
209000040,0,0,0
209000041,0,0,0
209000042,0,0,0
209000043,0,0,0
209000044,0,0,0
209000045,176,12,164
209000046,128,14,114
209000047,252,15,237
209000048,267,47,220
209000049,0,0,0
209000050,0,0,0
209000051,0,0,0
209000052,0,0,0
209000062,0,0,0
209000063,0,0,0
209000064,0,0,0
209000065,7,3,4
209000066,11,2,9
209000067,53,0,53
209000080,0,0,0
209000082,2,0,2
209000091,0,0,0
209000093,0,0,0
209000094,0,0,0
209000110,12,13,-1
209000111,99,44,55
209000112,102,59,43
209000113,125,41,84
209000114,58,3,55
209000115,0,0,0
209000116,0,0,0
209000118,1,3,-2
209000119,0,0,0
209000121,0,0,0
209000135,8,6,2
209000142,135,19,116
209000143,0,0,0
209000144,0,0,0
209000229,45,2,43
209000240,0,0,0
209000259,0,0,0
209000260,0,0,0
209000261,0,0,0
209000262,0,0,0
209000263,0,0,0
209000264,0,0,0
209000265,43,4,39
209000266,14,0,14
209000267,180,1,179
209000268,553,4,549
210000037,29,1,28
210000047,61,0,61
210000048,18,0,18
210000049,4,0,4
210000052,0,0,0
210000053,0,0,0
210000054,0,0,0
210000070,26,1,25
210000071,36,0,36
210000072,6,0,6
210000073,0,0,0
210000074,0,0,0
210000075,0,0,0
210000076,0,0,0
210000077,0,0,0
210000078,0,0,0
210000079,15,5,10
210000080,45,16,29
210000081,21,1,20
210000082,8,0,8
210000083,20,0,20
210000084,18,0,18
210000085,0,0,0
210000086,0,0,0
210000099,0,0,0
210000100,0,0,0
210000101,0,0,0
210000105,0,0,0
210000159,0,0,0
210000163,0,0,0
210000164,78,11,67
210000168,2,0,2
210000187,0,0,0
210000188,0,0,0
210000214,21,0,21
210000219,26,2,24
210000220,14,0,14
210000232,0,0,0
210000233,0,0,0
210000234,0,0,0
210000235,0,0,0
210000245,0,0,0
210000246,14,0,14
210000258,0,0,0
210000259,51,1,50
210000282,0,0,0
210000285,0,0,0
210000286,0,0,0
210000295,0,0,0
210000296,0,0,0
210000320,56,0,56
210000321,24,0,24
210000338,0,0,0
210000339,0,0,0
210000340,0,0,0
210000341,0,0,0
210000342,0,0,0
210000343,0,0,0
210000344,0,0,0
210000345,0,0,0
210000346,0,0,0
210000347,0,0,0
210000348,0,0,0
210000349,0,0,0
210000350,0,0,0
210000351,0,0,0
210000352,4,2,2
210000353,5,0,5
210000354,10,13,-3
210000355,2,14,-12
210000356,0,5,-5
210000357,7,14,-7
210000358,1,1,0
210000359,13,7,6
210000360,97,15,82
210000361,100,41,59
210000362,49,63,-14
210000363,203,61,142
210000364,87,26,61
210000365,51,2,49
210000366,75,2,73
210000367,67,0,67
210000368,40,1,39
210000369,6,9,-3
210000370,6,4,2
210000372,0,5,-5
210000373,0,4,-4
210000374,81,5,76
210000375,1,6,-5
210000376,25,14,11
210000404,0,0,0
210000439,18,0,18
210000472,10,0,10
210000482,43,13,30
210000564,224,34,190
210000568,11,0,11
211000092,0,0,0
211000094,0,0,0
211000169,0,0,0
211000172,0,0,0
211000209,0,0,0
211000275,0,0,0
211000276,0,0,0
211000279,0,0,0
211000281,0,0,0
211507980,0,0,0
211977296,0,0,0
212000003,65,23,42
212000004,0,0,0
212000005,0,0,0
212000006,0,0,0
212000008,0,0,0
212000009,0,0,0
212000012,0,0,0
212000013,0,0,0
212000014,0,0,0
212000015,0,0,0
212000016,0,0,0
212000027,350,65,285
212000028,141,111,30
212000029,166,144,22
212000030,2,9,-7
212000031,5,2,3
212000048,0,0,0
212000049,0,0,0
212000050,0,0,0
212000051,0,0,0
212000052,0,0,0
212000053,0,0,0
212000054,171,4,167
212000055,99,25,74
212000056,23,23,0
212000057,0,20,-20
212000058,19,4,15
212000070,0,0,0
212000077,0,0,0
212000099,85,14,71
212000108,46,16,30
212000111,43,3,40
212000120,0,0,0
212000138,0,0,0
212000156,0,0,0
212000158,0,18,-18
212000159,244,31,213
212000160,134,17,117
212000161,2,0,2
212000310,0,0,0
212000311,3,19,-16
212000374,0,0,0
213000001,0,0,0
213000005,164,19,145
213000006,112,28,84
213000007,9,1,8
213000009,186,38,148
213000010,206,15,191
213000011,109,12,97
213000012,0,0,0
213000014,12,59,-47
213000015,171,4,167
213000016,102,0,102
213000017,6,0,6
213000018,0,0,0
213000019,0,0,0
213000020,0,0,0
213000021,0,0,0
213000023,618,22,596
213000033,0,0,0
213000034,287,18,269
213000035,190,31,159
213000045,0,0,0
213000046,0,0,0
213000047,0,0,0
213000056,187,19,168
213000069,8,0,8
213000073,0,0,0
213000074,0,0,0
213000075,248,3,245
213000085,0,0,0
213000086,0,0,0
213000091,296,1,295
213000092,7,0,7
213000099,0,0,0
213000100,402,76,326
213000101,322,15,307
213000102,321,5,316
213000103,291,8,283
213000104,0,0,0
213000105,0,0,0
213000106,0,0,0
213000107,0,0,0
213000108,0,0,0
213000109,0,0,0
213000110,0,0,0
213000111,0,0,0
213000112,0,0,0
213000115,25,0,25
213000116,0,0,0
213000117,0,0,0
213000118,101,136,-35
213000119,0,0,0
213000120,0,0,0
213000122,0,0,0
213000123,0,0,0
213000124,0,0,0
213000125,90,92,-2
213000126,0,0,0
213000127,0,0,0
213000128,0,0,0
213000129,183,105,78
213000130,304,70,234
213000132,207,39,168
213000133,369,75,294
213000134,347,9,338
213000136,219,6,213
213000137,341,12,329
213000139,61,0,61
213000147,6,0,6
213000148,1,0,1
213000149,0,0,0
213000150,0,0,0
213000151,0,0,0
213000152,0,0,0
213000153,0,0,0
213000154,0,0,0
213000155,0,0,0
213000156,0,0,0
213000157,0,0,0
213000158,0,0,0
213000159,510,35,475
213000163,194,85,109
213000165,396,113,283
213000171,0,0,0
213000172,0,0,0
213000173,0,0,0
213000174,0,0,0
213000175,0,0,0
213000176,403,67,336
213000177,114,9,105
213000178,266,12,254
213000179,132,0,132
213000180,197,3,194
213000184,0,0,0
213000188,81,9,72
213000189,122,15,107
213000190,191,4,187
213000191,116,0,116
213000192,74,1,73
213000193,0,0,0
213000194,0,0,0
213000195,0,0,0
213000196,0,0,0
213000197,354,49,305
213000198,2,0,2
213000200,0,0,0
213000201,0,0,0
213000202,0,0,0
213000203,559,100,459
213000204,534,29,505
213000205,286,11,275
213000206,362,1,361
213000207,2,1,1
213000208,1,0,1
213000209,2,0,2
213000210,35,0,35
213000211,0,0,0
213000212,0,0,0
213000213,0,0,0
213000218,30,134,-104
213000219,193,7,186
213000220,146,2,144
213000223,7,31,-24
213000224,2,5,-3
213000225,33,3,30
213000226,31,5,26
213000227,492,16,476
213000228,209,2,207
213000229,11,1,10
213000230,107,1,106
213000232,0,0,0
213000233,0,0,0
213000234,0,0,0
213000293,0,0,0
213000294,14,0,14
213000295,0,0,0
213000296,7,0,7
213000297,0,0,0
213000298,0,0,0
213000299,2,0,2
213000300,0,1,-1
213000303,0,0,0
213000304,0,0,0
213000305,0,1,-1
213000306,0,0,0
213000307,6,4,2
213000308,0,0,0
213000309,73,0,73
213000310,58,13,45
213000311,0,0,0
213000315,0,0,0
213000316,56,1,55
213000322,0,0,0
213000323,0,0,0
213000324,0,0,0
213000325,0,0,0
213000326,0,0,0
213000327,0,0,0
213000328,0,0,0
213000329,0,0,0
213000340,0,0,0
213000341,189,12,177
213000347,92,25,67
213000348,0,0,0
213000349,0,0,0
213000350,0,0,0
213000366,0,0,0
213000367,76,2,74
213000379,0,0,0
213000386,0,0,0
213000406,0,0,0
213000417,341,103,238
213000425,0,0,0
213000426,0,0,0
213000427,0,0,0
213000428,0,0,0
213000429,0,0,0
213000430,0,0,0
213000431,0,0,0
213000432,0,0,0
213000433,0,0,0
213000434,0,0,0
213000435,0,0,0
213000436,0,0,0
213000437,0,0,0
213000438,0,0,0
213000439,0,0,0
213000440,0,0,0
213000441,0,0,0
213000442,0,0,0
213000443,0,0,0
213000444,0,0,0
213000445,0,0,0
213000446,0,0,0
213000447,0,0,0
213000448,0,0,0
213000449,0,0,0
213000450,0,0,0
213000451,0,0,0
213000452,0,0,0
213000453,0,0,0
213000455,22,0,22
213000456,0,0,0
213000481,1,0,1
213000484,5,0,5
213000489,37,3,34
213900002,0,0,0
213900003,50,0,50
213900013,0,0,0
213900015,0,0,0
213900016,93,0,93
213900020,0,0,0
213900030,0,0,0
213900032,15,3,12
213900033,25,6,19
213900034,166,7,159
213900035,0,0,0
213900036,0,0,0
213900037,0,0,0
213900038,541,60,481
213900039,0,0,0
213900041,0,0,0
213900042,5,15,-10
213900043,117,17,100
213900244,57,0,57
213900245,0,0,0
218000003,0,0,0
218000004,0,0,0
218000005,1,12,-11
218000006,0,0,0
218000007,0,0,0
218000012,0,1,-1
218000013,2,84,-82
218000014,81,115,-34
218000019,0,0,0
218000020,0,0,0
218000021,0,0,0
218000022,0,0,0
218000023,0,0,0
218000024,0,0,0
218000025,0,0,0
218000026,0,0,0
218000027,0,0,0
218000028,0,0,0
218000029,0,0,0
218000030,0,0,0
218000031,0,0,0
218000032,0,0,0
218000039,1,1,0
218000040,1,1,0
218000046,0,0,0
218000047,0,0,0
218000048,0,0,0
218000049,0,0,0
218000050,0,0,0
218000051,0,0,0
218000052,0,0,0
218000053,0,0,0
218000054,0,0,0
218000055,0,0,0
218000056,0,0,0
218000057,0,0,0
218000064,0,1,-1
218000065,84,5,79
218000066,20,19,1
218000067,0,0,0
218000068,0,0,0
218000069,0,0,0
218000070,0,0,0
218000071,0,0,0
218000072,0,0,0
218000078,0,0,0
218000079,0,0,0
218000080,0,0,0
218000081,1,0,1
218000082,2,0,2
218000083,0,0,0
218000084,0,0,0
218000085,0,0,0
218000086,0,0,0
218000087,0,0,0
218000090,0,0,0
218000091,44,32,12
218000092,0,0,0
218000093,13,1,12
218000094,0,0,0
218000099,35,71,-36
218000100,38,21,17
218000101,5,26,-21
218000102,94,42,52
218000103,35,7,28
218000104,20,6,14
218000105,0,0,0
218000106,0,0,0
218000107,0,0,0
218000108,0,0,0
218000112,0,0,0
218000117,118,17,101
218000134,0,0,0
218000135,0,0,0
218000136,0,0,0
218000137,0,0,0
218000138,0,0,0
218000139,0,0,0
218000140,0,0,0
218000141,0,0,0
218000142,0,0,0
218000143,0,0,0
218000144,0,0,0
218000145,4,1,3
218000146,2,0,2
218000151,0,3,-3
218000152,40,4,36
218000153,0,0,0
218000154,0,0,0
218000155,0,0,0
218000156,0,0,0
218000157,0,0,0
218000158,0,0,0
218000159,0,0,0
218000160,0,0,0
218000161,0,0,0
218000162,0,0,0
218000163,0,0,0
218000164,0,0,0
218000165,0,0,0
218000170,0,1,-1
218000171,44,10,34
218000172,4,12,-8
218000173,1,0,1
218000174,14,1,13
218000176,148,7,141
218000177,362,54,308
218000178,127,28,99
218000179,329,26,303
218000180,35,3,32
218000181,155,13,142
218000187,0,0,0
218000188,0,0,0
218000189,0,0,0
218000190,0,0,0
218000191,0,0,0
218000192,0,0,0
218000193,0,0,0
218000194,0,0,0
218000195,0,4,-4
218000196,10,6,4
218000197,11,4,7
218000198,0,3,-3
218000199,1,0,1
218000200,1,1,0
218000201,0,0,0
218000202,0,0,0
218000207,0,0,0
218000208,0,0,0
218000211,0,0,0
218000212,0,0,0
218000213,0,0,0
218000214,0,0,0
218000215,0,0,0
218000217,0,0,0
218000218,0,0,0
218000219,0,0,0
218000220,4,1,3
218000221,207,86,121
218000222,0,33,-33
218000223,67,180,-113
218000224,13,82,-69
218000225,157,27,130
218000226,113,22,91
218000230,0,0,0
218000232,0,0,0
218000234,0,0,0
218000239,31,0,31
218000240,0,0,0
218000241,0,0,0
218000242,0,0,0
218000243,1,0,1
218000244,2,0,2
218000245,0,0,0
218000246,0,0,0
218000247,0,0,0
218000248,0,0,0
218000249,0,0,0
218000250,0,0,0
218000251,0,0,0
218000252,0,0,0
218000253,0,0,0
218000254,0,0,0
218000255,0,0,0
218000256,0,0,0
218000267,0,0,0
218000268,0,0,0
218000269,0,0,0
218000270,0,0,0
218000271,0,0,0
218000273,26,10,16
218000274,24,2,22
218000275,0,0,0
218000276,0,0,0
218000278,0,0,0
218000279,0,0,0
218000280,0,0,0
218000281,0,0,0
218000282,11,9,2
218000284,79,39,40
218000301,0,0,0
218000302,0,0,0
218000303,0,0,0
218000316,19,22,-3
218000317,21,5,16
218000318,4,0,4
218000319,0,0,0
218000320,0,0,0
218000338,0,0,0
218000339,0,0,0
218000342,14,7,7
218000343,0,0,0
218000345,0,0,0
218000346,0,12,-12
218000353,0,0,0
218000354,15,1,14
218000459,0,0,0
218000490,0,0,0
218000501,1,1,0
218000502,0,0,0
218000503,29,2,27
218000504,75,11,64
218000505,0,0,0
218000506,0,0,0
218000508,0,0,0
218000510,99,8,91
218000520,16,2,14
218000521,0,0,0
218000522,0,0,0
218000523,20,0,20
218000524,0,0,0
218000525,1,3,-2
218000526,0,0,0
218000529,0,0,0
218000530,0,0,0
218000531,51,6,45
218000532,0,0,0
218000534,2,1,1
218000537,0,8,-8
218000538,0,0,0
218000539,0,0,0
218000540,0,0,0
218000543,0,0,0
218000544,0,0,0
218000545,0,0,0
218000546,0,0,0
218000547,0,0,0
218000548,0,0,0
218000549,118,2,116
218000550,0,0,0
218000551,0,0,0
218000552,66,1,65
218000553,0,0,0
218000554,0,0,0
218000555,0,1,-1
218000556,0,0,0
218000557,7,3,4
218000558,38,8,30
218000559,0,0,0
218000560,0,0,0
218000561,2,0,2
218000562,0,0,0
218000563,91,3,88
218000564,0,0,0
218000565,5,1,4
218000566,12,0,12
218000567,0,0,0
218000568,5,0,5
218000569,0,0,0
218000570,0,2,-2
218000571,0,0,0
218000572,1,0,1
218000573,0,0,0
218000574,1,0,1
218000575,30,0,30
218000576,0,0,0
218000577,22,0,22
218000578,0,0,0
218000579,0,0,0
218000581,0,0,0
218000582,0,0,0
218000583,0,0,0
218000584,0,0,0
218000585,0,0,0
218000586,0,0,0
218000587,0,0,0
218000588,0,0,0
218000589,0,0,0
218000590,0,0,0
218000591,0,0,0
218000592,0,0,0
218000593,0,0,0
218000594,0,0,0
218000595,0,0,0
218000596,0,0,0
218000597,0,0,0
218000598,0,0,0
218000599,0,0,0
218000600,0,0,0
218000601,0,0,0
218000602,0,0,0
218000603,0,0,0
218000604,1,0,1
218000605,0,0,0
218000606,0,0,0
218000607,0,0,0
218000608,0,0,0
218000609,0,0,0
218000610,0,0,0
218000611,0,0,0
218000612,0,0,0
218000613,0,0,0
218000614,0,0,0
218000615,0,0,0
218000616,0,0,0
218000617,0,0,0
218000618,0,0,0
218000619,2,0,2
218000620,0,0,0
218000621,0,0,0
218000622,0,0,0
218000623,0,0,0
218000624,0,0,0
218000625,0,0,0
218000626,0,0,0
218000628,4,17,-13
218000631,1,1,0
218000632,0,0,0
218000633,0,0,0
218000634,0,0,0
218000635,0,0,0
218000636,0,0,0
218000637,0,2,-2
218000638,251,37,214
218000639,0,0,0
218000640,93,4,89
218000641,0,0,0
218000652,0,0,0
218000653,194,41,153
218000663,0,0,0
218000675,1,2,-1
218000676,0,0,0
218000677,0,0,0
218000680,0,0,0
218000681,9,0,9
218000691,0,0,0
218000693,26,6,20
218000703,0,0,0
218000718,0,0,0
218000719,28,20,8
218000720,0,0,0
218000721,1,0,1
218000725,0,0,0
218001214,0,0,0
218001329,9,1,8
218001330,0,0,0
219000001,0,0,0
219000002,0,0,0
219000003,24,3,21
219000004,19,27,-8
219000017,0,0,0
219000020,56,3,53
219000022,78,0,78
219000023,19,0,19
219000029,0,0,0
219000034,2,1,1
219000039,0,0,0
219000040,0,0,0
219000041,0,0,0
219000051,0,0,0
219000052,0,0,0
219000053,0,0,0
219000054,0,0,0
219000055,0,0,0
219000056,0,0,0
219000057,0,0,0
219000062,0,0,0
219000063,0,0,0
219000064,0,0,0
219000110,42,14,28
219000111,62,4,58
219000112,39,3,36
219000113,57,3,54
219000114,55,0,55
219000116,0,0,0
219000117,5,1,4
219000118,13,7,6
219000123,54,0,54
219000124,2,0,2
219000125,0,0,0
219000126,0,0,0
219000127,0,0,0
219000128,0,0,0
219000129,0,0,0
219000130,0,0,0
219000131,168,141,27
219000133,0,0,0
219000134,0,6,-6
219000135,0,4,-4
219000136,37,28,9
219000138,1,0,1
219000139,0,0,0
219000140,1,0,1
219000141,0,0,0
219000142,0,0,0
219000143,0,0,0
219000145,16,0,16
219000146,0,0,0
219000147,0,0,0
219000148,0,0,0
219000149,0,0,0
219000150,0,0,0
219000151,0,0,0
219000157,22,9,13
219000158,19,4,15
219000161,0,0,0
219000163,14,13,1
219000166,5,18,-13
219000167,0,0,0
219000168,26,12,14
219000174,29,21,8
219000175,0,0,0
219000176,0,0,0
219000177,0,0,0
219000178,0,0,0
219000179,0,0,0
219000180,0,0,0
219000182,21,0,21
219000183,48,3,45
219000184,5,0,5
219000185,0,0,0
219000186,6,11,-5
219000187,14,2,12
219000189,0,0,0
219000190,0,0,0
219000191,0,0,0
219000192,62,12,50
219000193,0,0,0
219000195,0,0,0
219000196,0,0,0
219000198,0,0,0
219000199,0,0,0
219000200,0,0,0
219000201,0,0,0
219000203,0,0,0
219000204,0,0,0
219000205,0,0,0
219000207,0,0,0
219000209,0,0,0
219000210,0,0,0
219000213,0,0,0
219000239,0,0,0
219000240,0,0,0
219000241,0,0,0
219000242,0,0,0
219000243,0,0,0
219000244,0,0,0
219000245,0,0,0
219000246,5,6,-1
219000247,71,1,70
219000248,146,72,74
219000249,29,17,12
219000250,15,9,6
219000251,84,73,11
219000252,61,67,-6
219000253,37,4,33
219000255,3,29,-26
219000256,19,0,19
219000257,66,1,65
219000262,0,0,0
219000263,0,0,0
219000267,0,0,0
219000268,0,0,0
219000269,0,0,0
219000270,0,0,0
219000271,0,0,0
219000278,0,0,0
219000279,0,0,0
219000283,0,0,0
219000295,0,0,0
219000296,0,0,0
219000297,0,0,0
219000298,0,0,0
219000299,93,3,90
219000300,0,0,0
219000301,0,0,0
219000302,0,0,0
219000307,0,0,0
219000308,0,0,0
219000311,78,4,74
219000312,43,9,34
219000313,73,1,72
219000314,0,0,0
219000315,118,0,118
219000316,105,4,101
219000317,20,1,19
219000320,0,0,0
219000321,0,0,0
219000323,0,0,0
219000325,0,0,0
219000326,0,0,0
219000327,0,0,0
219000328,0,0,0
219000329,0,0,0
219000330,0,0,0
219000331,0,0,0
219000332,20,2,18
219000333,0,0,0
219000335,0,0,0
219000337,0,0,0
219000338,5,0,5
219000344,0,0,0
219000345,0,0,0
219000346,0,0,0
219000348,0,0,0
219000349,0,0,0
219000350,0,0,0
219000351,0,0,0
219000352,18,30,-12
219000353,3,28,-25
219000354,9,4,5
219000355,25,19,6
219000356,42,63,-21
219000363,65,3,62
219000364,83,3,80
219000365,28,1,27
219000366,63,3,60
219000368,45,37,8
219000370,36,51,-15
219000371,0,0,0
219000382,0,0,0
219000383,0,0,0
219000385,0,0,0
219000386,0,0,0
219000387,0,0,0
219000390,0,0,0
219000391,0,0,0
219000397,0,0,0
219000398,0,0,0
219000401,0,0,0
219000402,0,0,0
219000403,0,0,0
219000404,0,0,0
219000407,0,0,0
219000409,12,23,-11
219000410,80,2,78
219000411,26,5,21
219000446,0,0,0
219000447,0,0,0
219000448,29,0,29
219000452,0,0,0
219000453,0,0,0
219000454,4,22,-18
219000556,13,10,3
219000558,0,0,0
219000590,0,0,0
219000591,10,17,-7
219000592,0,0,0
219000595,0,0,0
219000635,60,0,60
219000636,0,0,0
219000657,1,0,1
219000658,0,0,0
219000673,0,0,0
219000676,0,0,0
219000679,7,0,7
219000684,0,0,0
219000685,0,0,0
219000686,0,0,0
219000688,0,0,0
219000689,0,0,0
219000690,261,5,256
219000691,0,0,0
219000692,10,0,10
219000693,0,0,0
219000694,0,0,0
219000695,0,0,0
219000698,17,0,17
219000699,0,0,0
219000727,0,0,0
219000728,0,0,0
219000770,3,0,3
219000771,0,0,0
219001150,0,0,0
219001151,0,0,0
219001166,9,0,9
219001167,0,0,0
220000001,1,7,-6
220000002,0,0,0
220000003,0,0,0
220000004,0,0,0
220000005,0,0,0
220000006,0,0,0
220000007,0,0,0
220000008,0,0,0
220000009,0,0,0
220000010,2,0,2
220000011,0,2,-2
220000012,2,1,1
220000014,0,0,0
220000015,0,0,0
220000017,0,0,0
220000018,0,0,0
220000019,0,0,0
220000020,11,0,11
220000021,0,0,0
220000022,0,0,0
220000023,0,0,0
220000024,2,1,1
220000025,0,12,-12
220000026,14,19,-5
220000027,0,13,-13
220000028,2,6,-4
220000029,0,0,0
220000030,0,0,0
220000031,33,49,-16
220000064,0,0,0
221000046,14,1,13
221000047,0,0,0
221000048,0,0,0
221000049,0,0,0
221000050,35,0,35
221000055,26,0,26
221000057,88,25,63
221000068,300,24,276
221000069,181,12,169
221000070,140,23,117
221000071,95,2,93
221000072,123,5,118
221000073,60,4,56
221000074,0,0,0
221000075,0,0,0
221000076,0,0,0
221000077,0,0,0
221000081,10,1,9
221000082,15,0,15
221000083,22,0,22
221000084,38,0,38
221000085,3,0,3
221000086,0,0,0
221000087,0,0,0
221000088,0,0,0
221000089,0,0,0
221000090,0,0,0
221000098,68,7,61
221000099,120,1,119
221000100,86,1,85
221000101,118,2,116
221000102,73,6,67
221000109,0,0,0
221000110,0,0,0
221000111,0,0,0
221000112,0,0,0
221000113,0,0,0
221000114,0,0,0
221000120,0,0,0
221000121,0,22,-22
221000122,1,11,-10
221000123,0,0,0
221000124,0,0,0
221000155,48,17,31
221000156,1,3,-2
221000175,0,2,-2
221000176,0,0,0
221000182,13,1,12
221000241,604,71,533
221000242,0,0,0
221000243,322,26,296
221000244,0,0,0
221000245,136,19,117
221000246,0,0,0
221000247,181,40,141
221000248,0,0,0
221000267,0,0,0
221000325,0,0,0
221000331,0,0,0
221000338,0,17,-17
221000378,108,25,83
221000381,0,0,0
222000282,0,0,0
222000296,0,0,0
222000568,53,2,51
222000569,27,9,18
222000570,48,1,47
222000571,174,2,172
222000577,0,0,0
222000578,0,0,0
222000579,0,0,0
222000580,0,0,0
222000599,0,0,0
222000600,0,0,0
222000601,0,0,0
222000603,0,0,0
222000604,0,0,0
222000605,0,0,0
222000606,0,0,0
222000607,0,0,0
222000608,0,0,0
222000609,0,0,0
222000616,77,0,77
222000617,0,0,0
222000618,0,1,-1
222000620,0,0,0
222000621,17,1,16
222000623,182,2,180
222000624,171,0,171
222000625,178,0,178
222000636,6,0,6
222000686,0,0,0
222000687,1,0,1
222001066,159,0,159
222001067,20,0,20
222001068,38,0,38
222001069,8,1,7
222001082,0,0,0
222001083,0,0,0
222001084,0,0,0
222001085,0,0,0
222001111,0,0,0
222001112,72,6,66
222001313,2,0,2
222001314,0,0,0
222001464,1,0,1
222001465,0,0,0
222001484,14,1,13
222001485,0,0,0
222001494,92,10,82
222001495,0,0,0
222001496,74,3,71
222001497,0,0,0
222001502,0,0,0
222001503,18,7,11
222001504,0,0,0
222001505,175,0,175
222001506,0,0,0
222001507,89,0,89
222001510,200,17,183
222001511,0,0,0
222001514,182,14,168
222001515,0,0,0
222001518,63,2,61
222001519,0,0,0
222001527,24,0,24
222001528,0,0,0
222001529,145,2,143
222001530,0,0,0
222001533,0,0,0
222001534,301,18,283
222001535,30,21,9
222001536,0,0,0
222001537,31,3,28
222001538,0,0,0
222001563,239,11,228
222001564,0,0,0
222001568,32,3,29
222001576,0,0,0
222001579,0,0,0
222001583,0,0,0
222001584,27,0,27
222001596,0,0,0
222001597,124,20,104
222001626,0,0,0
222001650,0,7,-7
222001651,5,0,5
222001914,13,1,12
222001915,0,0,0
222900004,30,16,14
222900009,0,0,0
222900019,19,0,19
222900024,13,0,13
222900025,0,0,0
225000001,80,8,72
225000002,141,32,109
225000003,112,1,111
225000004,98,23,75
225000005,56,3,53
225000006,0,0,0
225000007,0,0,0
225000010,12,0,12
225000011,106,226,-120
225000012,62,92,-30
225000013,64,11,53
225000014,59,12,47
225000015,0,0,0
225000021,156,15,141
225000027,0,0,0
225000032,161,32,129
225000042,0,0,0
225000049,0,0,0
225000050,11,0,11
225000053,0,0,0
225000058,128,21,107
225000067,0,0,0
225000068,0,0,0
225000069,0,0,0
225000070,0,0,0
225000071,0,0,0
225000075,0,0,0
225000076,0,0,0
225000078,2,6,-4
225000085,16,19,-3
225000086,16,0,16
225000087,50,3,47
225000088,0,0,0
225000089,0,0,0
225000090,0,0,0
225000091,0,0,0
225000092,0,0,0
225000093,0,0,0
225000094,0,0,0
225000095,0,0,0
225000096,0,0,0
225000098,212,81,131
225000099,115,19,96
225000100,87,26,61
225000104,0,0,0
225000110,0,0,0
225000111,0,0,0
225000112,0,0,0
225000113,0,0,0
225000114,0,0,0
225000115,0,0,0
225000116,83,55,28
225000117,257,31,226
225000118,323,42,281
225000119,38,5,33
225000120,126,3,123
225000121,90,3,87
225000123,419,4,415
225000125,56,16,40
225000126,146,48,98
225000127,380,65,315
225000128,220,107,113
225000132,0,0,0
225000133,0,0,0
225000134,23,57,-34
225000135,16,0,16
225000136,24,0,24
225000137,23,0,23
225000138,192,2,190
225000143,0,0,0
225000144,0,0,0
225000145,61,21,40
225000146,0,0,0
225000147,0,0,0
225000148,0,0,0
225000149,0,0,0
225000151,0,0,0
225000155,0,0,0
225000156,0,0,0
225000157,0,0,0
225000158,0,0,0
225000171,0,0,0
225000180,8,0,8
225000181,0,0,0
225000182,10,1,9
225000185,0,0,0
225000187,0,0,0
225000191,48,0,48
225000194,0,0,0
225000208,0,0,0
225000209,33,12,21
225000210,0,0,0
225000217,0,0,0
225000218,15,0,15
225000223,0,0,0
225000224,1,0,1
225000225,0,0,0
225000226,242,10,232
225000227,0,0,0
225000228,3,3,0
225000229,0,0,0
225000230,3,0,3
225000231,0,0,0
225000232,36,0,36
225000241,105,0,105
225000242,0,0,0
225000249,5,0,5
225000250,0,0,0
225000251,0,0,0
225000254,0,0,0
225000256,0,0,0
225000257,0,0,0
226000042,0,0,0
226000043,0,0,0
226000044,0,0,0
226000045,0,0,0
226000046,78,13,65
226000047,57,23,34
226000048,68,3,65
226000049,71,11,60
226000070,0,0,0
226000071,0,0,0
226000072,0,0,0
226000073,0,0,0
226000074,0,0,0
226000084,0,0,0
226000085,0,0,0
226000086,0,0,0
226000087,0,0,0
226000088,0,0,0
226000090,0,6,-6
226000091,0,1,-1
226000092,0,0,0
226000093,0,0,0
226000094,1,2,-1
226000095,0,16,-16
226000105,0,0,0
226000106,4,0,4
226000107,1,0,1
226000108,2,0,2
226000109,2,0,2
226000124,39,21,18
226000134,81,42,39
226000135,126,29,97
226000136,25,19,6
226000137,0,0,0
226000138,0,0,0
226000139,0,0,0
226000156,47,0,47
226000157,93,0,93
226000163,0,0,0
226000202,0,0,0
226000231,75,0,75
226000232,2,0,2
227000033,120,3,117
227000036,129,3,126
227000037,57,1,56
227000038,65,3,62
227000084,0,0,0
227000085,0,0,0
227000088,12,0,12
227000089,5,0,5
227000090,0,0,0
227000091,2,0,2
227000092,10,1,9
227000093,3,0,3
227000094,0,0,0
227000130,0,0,0
227000131,0,0,0
227000132,0,0,0
227000133,0,0,0
227000134,0,0,0
227000152,0,0,0
227000153,0,0,0
227000154,0,0,0
227000155,0,0,0
227000156,0,0,0
227000165,0,0,0
227000196,78,1,77
227000199,114,6,108
227000230,0,0,0
227000232,55,7,48
227000242,0,0,0
227000243,72,2,70
227000245,0,0,0
227000246,0,0,0
227000247,127,4,123
227000248,4,3,1
227000249,0,0,0
227000250,5,50,-45
227000251,0,0,0
227000252,0,0,0
227000253,70,2,68
227000262,135,2,133
227000266,121,1,120
227000267,0,0,0
227000282,0,0,0
227000284,165,3,162
227000286,0,0,0
227000291,0,0,0
227000296,21,0,21
227000484,119,0,119
227000485,0,0,0
227000655,57,0,57
227000656,95,10,85
227000657,6,4,2
227000704,7,0,7
229000265,0,1,-1
229000266,0,0,0
229000267,19,0,19
229000268,3,0,3
229000269,5,0,5
229000274,0,0,0
229000275,0,0,0
229000276,0,0,0
229000277,0,0,0
229000278,0,0,0
229000295,0,0,0
229000296,0,0,0
229000297,0,0,0
229000298,0,0,0
229000320,0,2,-2
229000321,0,1,-1
229000412,0,0,0
229000414,0,0,0
229000415,2,0,2
229000416,0,0,0
229000417,0,0,0
229000419,0,0,0
229000440,50,9,41
229000442,5,0,5
229000443,0,0,0
229000444,0,0,0
229000445,11,0,11
229000446,19,2,17
229000491,0,0,0
229000492,0,0,0
229000493,0,0,0
229000494,0,0,0
229000495,0,0,0
229000496,0,0,0
229000507,0,0,0
229000508,0,0,0
229000509,0,0,0
229000510,0,0,0
229000511,0,0,0
229000512,0,0,0
229000513,0,0,0
229000514,0,0,0
229000517,0,0,0
229000518,0,0,0
229000519,0,0,0
229000520,0,0,0
229000521,0,0,0
229000522,0,0,0
229000523,0,0,0
229000524,0,0,0
229000527,0,0,0
229000528,0,0,0
229000529,0,0,0
229000530,0,0,0
229000531,0,0,0
229000532,0,0,0
229000533,11,0,11
229000534,6,1,5
229000564,54,5,49
229000565,27,3,24
229000566,0,0,0
229000567,0,0,0
229000582,47,8,39
229000583,0,11,-11
229000584,0,0,0
229000585,0,0,0
229000718,0,0,0
229000719,0,0,0
229000720,0,0,0
229000721,0,0,0
229000722,0,0,0
229000723,0,0,0
229000724,0,0,0
229000725,0,0,0
229000738,0,0,0
229000739,1,0,1
229000740,0,0,0
229000741,32,0,32
229000742,29,0,29
229000743,27,0,27
229000744,0,0,0
229000745,1,0,1
229000746,15,0,15
229000847,0,0,0
229000848,0,0,0
229000849,0,0,0
229000851,0,0,0
229000854,0,0,0
229000856,0,0,0
229000857,0,0,0
229000858,0,0,0
229000919,0,0,0
229000930,0,0,0
229000937,46,0,46
229000966,7,2,5
229000981,0,0,0
229000985,0,0,0
229000986,0,0,0
229000987,0,0,0
229000988,0,0,0
229000989,0,0,0
229000990,0,0,0
229000991,0,0,0
229000992,7,0,7
229000993,19,13,6
229000998,0,0,0
229000999,8,10,-2
229001034,0,0,0
229001035,0,0,0
229001036,0,0,0
229001037,19,1,18
229001038,0,0,0
229001039,0,0,0
229001040,0,0,0
229001041,53,0,53
229001042,0,3,-3
229001047,0,0,0
229001050,18,3,15
229001168,0,0,0
229001200,0,0,0
229001338,0,0,0
229001394,99,0,99
229001422,41,2,39
229001423,0,0,0
229001431,34,11,23
229001432,0,0,0
229001444,27,6,21
229001445,0,0,0
229001479,0,0,0
229001503,70,4,66
229001504,0,0,0
229001505,70,0,70
229001506,0,0,0
229001509,3,2,1
229001510,0,0,0
229001545,46,0,46
229001546,0,0,0
229001553,31,4,27
229001554,0,0,0
229001630,22,1,21
229001631,0,0,0
229001635,0,0,0
229001636,0,0,0
229001658,0,0,0
229001659,67,0,67
229001660,0,0,0
229001661,0,0,0
229001662,18,0,18
229001663,0,0,0
229002584,32,13,19
229002831,0,0,0
229002841,0,0,0
229002842,0,0,0
229002843,1,1,0
229002844,0,0,0
229002845,0,0,0
229002846,2,1,1
229002847,0,0,0
229002848,0,1,-1
229002849,0,0,0
229002850,20,0,20
229002851,0,0,0
229002852,22,1,21
229002853,3,0,3
229002854,0,0,0
229002855,0,0,0
229002856,0,3,-3
229002857,0,0,0
229002858,0,0,0
229002859,0,0,0
229002860,1,0,1
229002861,1,0,1
229002862,0,0,0
229002863,0,0,0
229002864,2,3,-1
229002865,0,0,0
229002866,2,1,1
229002867,0,0,0
229002868,0,0,0
229002869,0,0,0
229002870,8,0,8
235000066,60,0,60
235000067,193,6,187
235000072,0,0,0
235000073,0,0,0
235000074,0,0,0
235000080,0,0,0
235000081,0,0,0
235000082,134,2,132
235000083,96,4,92
235000084,7,3,4
235000085,249,7,242
235000089,4,0,4
235000092,0,0,0
235000093,0,0,0
235000097,4,2,2
235000098,69,1,68
235000099,1,0,1
235000115,94,4,90
235000116,11,2,9
235000117,65,1,64
235000133,0,0,0
235000134,0,0,0
235000206,0,1,-1
235000207,0,4,-4
235000208,0,2,-2
235000209,0,0,0
235000210,1,1,0
235000212,0,0,0
235000213,0,0,0
235000220,0,0,0
235000221,0,0,0
235000238,2,140,-138
235000239,0,4,-4
235000242,9,292,-283
235000245,0,0,0
235000246,0,0,0
235000284,0,0,0
235000295,7,5,2
235000305,105,21,84
235000306,72,0,72
235000307,27,0,27
235000308,0,0,0
235000309,3,0,3
235000310,2,0,2
235000311,4,0,4
235000322,0,0,0
235000323,0,0,0
235000324,0,0,0
235000325,0,0,0
235000326,0,0,0
235000351,0,0,0
235000352,0,0,0
235000353,0,0,0
235000354,0,0,0
235000355,0,0,0
235000356,11,0,11
235000357,12,0,12
235000358,1,0,1
235000359,1,0,1
235000360,1,0,1
235000361,2,0,2
235000381,0,0,0
235000382,20,6,14
235000390,1,0,1
235000391,123,2,121
235000392,150,34,116
235000393,100,19,81
235000395,98,11,87
235000396,296,2,294
235000399,23,2,21
235000400,25,6,19
235000401,0,0,0
235000402,0,0,0
235000405,0,0,0
235000406,0,0,0
235000407,0,0,0
235000409,0,0,0
235000410,0,0,0
235000411,0,0,0
235000485,0,0,0
235000486,41,0,41
235000549,38,6,32
235000550,0,0,0
235000599,0,0,0
235000600,0,0,0
235000601,12,2,10
235000602,13,6,7
235000614,0,0,0
235000648,0,0,0
235000649,39,0,39
235000685,0,0,0
235000815,0,0,0
235000834,0,0,0
235000855,59,12,47
235000862,0,0,0
235000891,0,0,0
235000892,2,0,2
235000901,0,0,0
235000907,0,0,0
235001010,29,20,9
235001029,0,0,0
235001030,243,12,231
235001078,48,12,36
235001079,0,0,0
235001147,1,3,-2
235001166,19,3,16
235001167,0,0,0
235001169,0,0,0
235001188,0,0,0
235001189,0,0,0
235001197,0,0,0
235001200,0,0,0
235001208,6,4,2
235001209,0,0,0
235001210,0,0,0
235001239,0,0,0
235001244,0,0,0
235016267,0,0,0
235900013,0,0,0
235900014,0,2,-2
241900007,63,0,63
277101746,0,0,0
277102712,57,16,41
277103813,0,0,0
277103814,0,0,0
277103898,0,0,0
990010990,0,0,0
990011530,0,0,0
990014944,0,3,-3
990015176,0,0,0
990015618,0,0,0
990015888,0,0,0
990016032,0,0,0
990032570,0,1,-1
990070001,54,7,47
990070103,0,0,0
990070601,0,0,0
990070751,0,0,0
990070766,0,0,0
990071180,364,10,354
990071343,14,0,14
990071387,0,0,0
990071823,80,0,80
990072600,0,0,0
990072964,0,0,0
990073285,0,0,0
990074393,0,0,0
990074714,12,3,9
990074870,334,1,333
990075106,169,4,165
990075746,147,1,146
990076437,1172,35,1137
990076458,0,0,0
997000007,125,0,125
997000041,0,0,0
997000058,29,0,29
997000062,66,0,66
997000069,0,0,0
997000070,0,0,0
997000100,3,0,3
997000141,0,0,0
997000198,0,0,0
998000475,0,0,0
998000736,0,0,0
998000965,0,0,0
998001031,0,0,0
998001072,0,0,0
998001091,1,0,1
998001093,0,4,-4
998001103,0,0,0
998001105,0,0,0
998001700,0,0,0
998001899,0,0,0
998001900,23,136,-113
998003073,319,24,295
998003124,0,0,0
998003125,0,0,0
998101900,3,41,-38
998102850,0,0,0
998501819,0,0,0
998501820,0,0,0
998501832,0,0,0
998501927,131,0,131
998501929,436,3,433
998501930,49,1,48
998501931,154,3,151
998501932,0,0,0
998501933,459,0,459
998501937,21,0,21
998501944,28,21,7
998501950,0,0,0
998501970,63,6,57
998501971,1,104,-103
998501972,147,0,147
998501973,0,0,0
998501974,0,0,0
998501975,33,1,32
998501976,31,1,30
998501977,0,1,-1
998501978,6,0,6
998501979,0,0,0
998501980,43,0,43
998501981,55,0,55
998501982,0,0,0
998502006,0,0,0
998502024,0,0,0
998502032,0,2,-2
998502062,6,0,6
998502063,0,0,0
998502173,5,0,5
998502269,0,0,0
998601159,0,0,0
998601292,0,0,0
999033574,0,0,0
999800001,17,0,17
999800002,0,0,0
999800003,5,0,5
999800004,0,0,0
999800005,0,0,0
