ID,insum,outsum,diff
100000001,237,219,18
100000002,91,112,-21
100000003,814,315,499
100000004,90,29,61
100000005,142,416,-274
100000006,1,0,1
100000007,4,2,2
100000008,10,88,-78
100000009,0,0,0
100000010,0,0,0
100000011,0,0,0
100000012,2,143,-141
100000013,2,44,-42
100000014,19,49,-30
100000015,6,3,3
100000016,65,194,-129
100000017,48,188,-140
100000018,134,121,13
100000019,927,358,569
100000020,36,22,14
100000021,910,195,715
100000022,131,75,56
100000023,652,72,580
100000025,878,326,552
100000028,471,333,138
100000029,72,77,-5
100000030,0,0,0
100000031,484,342,142
100000032,701,515,186
100000033,106,500,-394
100000034,493,398,95
100000035,66,92,-26
100000036,182,254,-72
100000037,0,0,0
100000038,1,2,-1
100000039,7,6,1
100000040,3,0,3
100000041,0,3,-3
100000042,1,0,1
100000043,0,0,0
100000044,38,153,-115
100000045,89,268,-179
100000046,50,289,-239
100000047,84,406,-322
100000048,253,386,-133
100000049,356,789,-433
100000051,94,322,-228
100000053,2,2,0
100000054,2,2,0
100000055,84,164,-80
100000056,0,0,0
100000057,2,0,2
100000058,176,479,-303
100000059,0,24,-24
100000060,42,108,-66
100000061,124,127,-3
100000062,88,87,1
100000063,63,63,0
100000064,96,117,-21
100000065,109,360,-251
100000066,36,318,-282
100000067,53,185,-132
100000068,104,315,-211
100000069,48,326,-278
100000072,38,150,-112
100000073,338,778,-440
100000075,75,144,-69
100000076,88,208,-120
100000077,0,0,0
100000078,0,0,0
100000079,0,0,0
100000080,0,0,0
100000081,0,0,0
100000102,59,170,-111
100000103,561,130,431
100000104,651,208,443
100000105,774,115,659
100000106,129,78,51
100000107,51,45,6
100000108,259,469,-210
100000109,1707,614,1093
100000116,313,148,165
100000117,0,0,0
100000118,780,1019,-239
100000119,76,441,-365
100000121,0,0,0
100000122,34,231,-197
100000123,846,947,-101
100000124,3158,1387,1771
100000125,480,44,436
100000126,48,32,16
100000127,121,32,89
100000128,221,280,-59
100000129,101,160,-59
100000130,0,0,0
100000131,2016,884,1132
100000132,422,127,295
100000133,5421,1733,3688
100000135,11,0,11
100000139,0,0,0
100000140,154,165,-11
100000142,0,0,0
100000143,212,402,-190
100000144,862,262,600
100000147,71,156,-85
100000150,0,83,-83
100000151,2,8,-6
100000153,0,0,0
100000154,5,107,-102
100000155,0,0,0
100000156,0,0,0
100000157,0,0,0
100000158,0,0,0
100000159,28,54,-26
100000165,284,164,120
100000169,0,0,0
100000174,18,14,4
100000179,0,0,0
100000180,0,36,-36
100000181,1,65,-64
100000188,4,7,-3
100000189,0,0,0
100000190,259,85,174
100000191,45,43,2
100000192,0,0,0
100000193,0,0,0
100000330,315,100,215
100000355,37,151,-114
100000362,1315,970,345
100000363,140,219,-79
100000364,19,48,-29
100000365,1585,1400,185
100000366,3091,1380,1711
100000367,929,1149,-220
100000368,769,853,-84
100000369,1,35,-34
100000370,1,34,-33
100000376,2,12,-10
100000379,214,197,17
100000380,448,545,-97
100000384,2235,1025,1210
100000385,1293,1016,277
100000386,1662,805,857
100000387,1742,794,948
100000388,6169,1525,4644
100000389,4488,944,3544
100000390,5534,1428,4106
100000391,3001,763,2238
100000392,1557,486,1071
100000393,322,268,54
100000394,2013,1310,703
100000395,903,295,608
100000396,1311,775,536
100000397,960,329,631
100000398,6030,3829,2201
100900002,0,0,0
100900003,0,0,0
100900004,4,136,-132
100900005,0,0,0
100900006,0,0,0
100900007,0,0,0
100900008,1,118,-117
100900009,0,0,0
100900010,0,0,0
100900011,0,0,0
100900012,0,42,-42
100900013,0,0,0
100900014,0,0,0
100900015,0,0,0
100900016,0,0,0
100900017,0,0,0
100900018,0,0,0
100900019,0,0,0
100900020,0,0,0
100900021,0,0,0
100900022,0,0,0
100900023,0,0,0
100900024,0,0,0
100900025,0,0,0
100900026,0,0,0
100900027,0,0,0
100900028,0,0,0
100900029,0,0,0
100900030,0,0,0
100900031,0,0,0
100900032,0,0,0
100900033,4,0,4
100900034,0,0,0
100900035,0,0,0
100900036,0,0,0
100900037,0,0,0
100900038,0,0,0
100900039,26,96,-70
100900040,0,165,-165
100900041,1,67,-66
100900042,0,0,0
100900043,0,0,0
100900044,0,0,0
100900045,0,0,0
100900046,0,0,0
100900047,0,0,0
100900048,0,0,0
100900049,0,0,0
100900050,0,0,0
100900051,0,0,0
100900052,0,0,0
100900053,0,0,0
100900054,0,0,0
100900055,0,0,0
100900056,0,0,0
100900057,0,0,0
100900058,0,0,0
100900059,0,0,0
100900060,0,0,0
100900061,0,0,0
100900062,0,0,0
100900063,0,0,0
100900064,0,0,0
100900065,0,0,0
100900066,0,0,0
100900067,0,0,0
100900068,0,0,0
100900069,0,0,0
100900070,0,0,0
100900071,0,0,0
100900072,0,0,0
100900073,0,0,0
100900074,0,0,0
100900075,248,12,236
100900076,0,0,0
100900077,0,0,0
100900078,0,0,0
100900079,0,0,0
100900080,0,0,0
100900081,0,0,0
100900082,0,0,0
100900083,0,0,0
100900085,0,0,0
100900086,0,0,0
100900088,0,0,0
100900089,0,0,0
100900090,0,0,0
100900091,0,0,0
100900092,0,0,0
100900093,0,0,0
100900094,0,0,0
100900095,0,0,0
100900096,0,0,0
100900097,0,0,0
100900098,0,0,0
100900099,1,10,-9
100900100,0,0,0
100900101,0,0,0
100900102,0,0,0
100900103,0,0,0
100900104,0,1,-1
100900105,0,0,0
100900106,0,0,0
100900107,0,0,0
100900108,0,0,0
100900109,0,0,0
100900110,0,0,0
100900111,1,0,1
100900112,0,0,0
100900113,0,0,0
100900114,0,0,0
100900115,0,0,0
100900116,0,0,0
100900117,0,0,0
100900118,0,0,0
100900119,0,0,0
100900120,0,0,0
100900121,0,0,0
100900122,6,8,-2
100900123,0,0,0
100900124,0,0,0
100900125,0,0,0
100900126,0,0,0
100900127,0,0,0
100900128,1,2,-1
100900129,0,0,0
100900131,0,0,0
100900133,0,0,0
100900134,0,0,0
100900135,0,0,0
100900137,0,0,0
100900138,0,0,0
100900139,0,0,0
100900140,0,38,-38
100900141,0,0,0
100900142,0,0,0
100900143,0,5,-5
100900144,0,0,0
100900145,0,0,0
100900146,0,0,0
100900147,0,0,0
100900148,6,68,-62
100900149,0,0,0
100900150,0,0,0
100900151,6,47,-41
100900152,0,0,0
100900153,0,0,0
100900154,0,0,0
100900155,0,0,0
100900156,0,0,0
100900157,0,0,0
100900158,97,18,79
100900159,0,0,0
100900160,0,0,0
100900161,0,0,0
100900162,0,0,0
100900163,7,14,-7
100900164,0,0,0
100900165,0,0,0
100900166,0,0,0
100900167,0,0,0
100900168,0,0,0
100900169,19,209,-190
100900170,0,0,0
100900171,0,91,-91
100900172,0,0,0
100900173,1,52,-51
100900174,0,0,0
100900176,0,0,0
100900177,0,0,0
100900178,0,0,0
100900179,0,0,0
100900180,0,0,0
100900181,0,0,0
100900182,0,0,0
100900184,0,0,0
100900186,0,0,0
100900187,0,0,0
100900188,0,0,0
100900189,0,0,0
100900191,0,0,0
100900192,0,0,0
100900195,0,0,0
100900197,0,0,0
100900198,0,0,0
100900199,0,0,0
100900200,42,27,15
100900201,5,89,-84
100900202,0,0,0
100900203,0,0,0
100900204,0,0,0
100900205,0,0,0
100900206,0,0,0
100900207,0,0,0
100900210,5,83,-78
100900211,0,0,0
100900213,0,0,0
100900214,149,5,144
100900215,0,0,0
101000001,760,282,478
101000002,905,379,526
101000003,124,80,44
101000004,3718,384,3334
101000005,1325,440,885
101000006,1838,1042,796
101000007,2126,1140,986
101000008,1064,444,620
101000009,155,424,-269
101000010,157,172,-15
101000011,548,25,523
101000012,0,0,0
101000013,209,83,126
101000014,47,20,27
101000015,170,171,-1
101000016,13,11,2
101000017,106,111,-5
101000018,575,651,-76
101000020,884,167,717
101000021,56,23,33
101000022,746,106,640
101000023,609,535,74
101000025,0,0,0
101000026,23,2,21
101000027,491,169,322
101000028,154,34,120
101000029,5,82,-77
101000030,207,19,188
101000031,33,2,31
101000032,517,457,60
101000033,738,380,358
101000034,440,308,132
101000035,338,52,286
101000036,274,129,145
101000037,475,90,385
101000039,456,257,199
101000040,1347,400,947
101000041,768,156,612
101000042,35,114,-79
101000043,2144,510,1634
101000045,183,48,135
101000046,468,167,301
101000047,96,109,-13
101000048,88,88,0
101000049,62,145,-83
101000050,250,87,163
101000051,1089,177,912
101000052,353,86,267
101000053,75,100,-25
101000054,374,156,218
101000055,441,119,322
101000056,12,6,6
101000057,1243,212,1031
101000058,289,44,245
101000059,136,33,103
101000060,466,107,359
101000061,38,30,8
101000062,1087,124,963
101000063,10,24,-14
101000064,462,108,354
101000065,13,14,-1
101000066,1,13,-12
101000067,277,161,116
101000068,91,53,38
101000069,139,35,104
101000070,854,495,359
101000071,840,188,652
101000072,501,461,40
101000073,66,38,28
101000074,2176,437,1739
101000075,5030,1131,3899
101000077,303,203,100
101000078,194,101,93
101000079,156,187,-31
101000080,640,408,232
101000081,163,146,17
101000082,632,329,303
101000083,122,111,11
101000084,321,249,72
101000085,93,15,78
101000086,535,318,217
101000087,315,252,63
101000088,50,22,28
101000089,35,41,-6
101000090,670,287,383
101000091,30,135,-105
101000092,240,108,132
101000093,148,37,111
101000094,191,353,-162
101000095,87,280,-193
101000096,13,39,-26
101000097,38,70,-32
101000098,13,35,-22
101000099,290,153,137
101000100,302,228,74
101000101,10,24,-14
101000102,239,69,170
101000103,142,63,79
101000104,43,65,-22
101000105,0,0,0
101000106,39,52,-13
101000107,14,51,-37
101000108,12,1,11
101000109,0,9,-9
101000110,0,5,-5
101000111,13,36,-23
101000113,0,0,0
101000114,695,315,380
101000115,0,1,-1
101000116,1,19,-18
101000117,10,19,-9
101000119,39,4,35
101000120,54,14,40
101000121,28,1,27
101000122,15,16,-1
101000123,25,19,6
101000124,413,194,219
101000125,66,153,-87
101000128,180,114,66
101000130,195,40,155
101000131,47,34,13
101000132,124,427,-303
101000135,61,13,48
101000136,122,108,14
101000137,5,36,-31
101000141,176,148,28
101000147,176,184,-8
101000148,322,0,322
101000149,5,6,-1
101000150,0,8,-8
101000151,4,5,-1
101000152,36,32,4
101000153,60,41,19
101000154,5,235,-230
101000155,21,33,-12
101000156,4,68,-64
101000157,0,0,0
101000160,0,5,-5
101000163,0,0,0
101000164,57,137,-80
101000165,116,71,45
101000166,24,29,-5
101000168,61,60,1
101000252,85,146,-61
101000254,316,34,282
101000258,0,0,0
101000261,0,0,0
101000262,52,110,-58
101000263,3,18,-15
101000265,4,102,-98
101000266,104,65,39
101000269,271,41,230
101000290,206,31,175
101000293,0,5,-5
101000294,208,99,109
101000295,14,46,-32
101000301,141,40,101
101000304,641,1073,-432
101000305,404,441,-37
101900001,0,3,-3
101900002,0,0,0
101900003,1,5,-4
101900004,0,0,0
101900005,520,42,478
101900006,0,0,0
101900007,0,0,0
101900008,0,0,0
101900009,0,0,0
101900010,0,0,0
101900011,0,0,0
101900012,0,0,0
101900013,70,0,70
101900017,0,0,0
101900018,0,0,0
101900019,0,0,0
101900020,0,0,0
101900021,0,0,0
101900022,0,0,0
101900023,0,0,0
102000001,327,652,-325
102000002,189,218,-29
102000003,1817,846,971
102000004,1335,304,1031
102000005,419,545,-126
102000006,279,225,54
102000007,625,1127,-502
102000008,1007,286,721
102000009,1420,1532,-112
102000010,1712,760,952
102000011,793,761,32
102000012,437,553,-116
102000018,378,36,342
102000019,44,36,8
102000026,0,0,0
102000029,0,0,0
102000030,7,14,-7
102000031,0,1,-1
102000032,18,47,-29
102000033,0,3,-3
102000034,62,42,20
102000035,0,0,0
102000036,0,0,0
102000037,5,3,2
102000038,2,8,-6
102000039,0,0,0
102000040,14,3,11
102000041,0,0,0
102000042,0,0,0
102000043,18,9,9
102000044,0,0,0
102000045,72,71,1
102000046,66,15,51
102000047,44,137,-93
102000048,11,25,-14
102000049,21,12,9
102000050,66,185,-119
102000051,35,26,9
102000052,115,191,-76
102000053,52,60,-8
102000054,48,149,-101
102000055,149,193,-44
102000056,56,173,-117
102000057,133,48,85
102000058,245,259,-14
102000059,203,382,-179
102000060,62,52,10
102000061,193,647,-454
102000062,57,110,-53
102000063,290,353,-63
102000064,88,146,-58
102000065,14,32,-18
102000066,377,278,99
102000067,623,539,84
102000068,1010,407,603
102000069,0,0,0
102000070,354,18,336
102000071,1867,2367,-500
102000072,956,1624,-668
102000073,25,191,-166
102000074,57,323,-266
102000075,8,100,-92
102000076,11,263,-252
102000077,26,390,-364
102000078,66,626,-560
102000079,14,89,-75
102000080,37,72,-35
102000081,60,260,-200
102000082,113,137,-24
102000083,34,157,-123
102000084,0,0,0
102000085,155,151,4
102000086,82,58,24
102000087,107,302,-195
102000088,18,17,1
102000089,0,0,0
102000090,128,110,18
102000091,397,117,280
102000092,215,204,11
102000093,80,154,-74
102000094,0,0,0
102000095,154,521,-367
102000096,0,0,0
102000097,726,665,61
102000098,12,47,-35
102000099,243,106,137
102000100,26,15,11
102000101,164,38,126
102000102,58,6,52
102000103,190,51,139
102000104,182,54,128
102000105,14,152,-138
102000106,30,190,-160
102000107,0,0,0
102000108,58,101,-43
102000109,0,0,0
102000110,0,0,0
102000111,0,0,0
102000112,18,13,5
102000113,0,0,0
102000114,0,0,0
102000115,43,17,26
102000116,6,38,-32
102000117,13,109,-96
102000118,51,188,-137
102000119,560,72,488
102000120,11,7,4
102000121,60,94,-34
102000122,37,6,31
102000123,174,95,79
102000124,125,21,104
102000125,53,79,-26
102000126,42,25,17
102000127,95,34,61
102000128,42,43,-1
102000129,67,52,15
102000130,46,53,-7
102000131,85,40,45
102000132,42,32,10
102000133,179,540,-361
102000134,72,102,-30
102000135,0,0,0
102000136,23,25,-2
102000137,47,30,17
102000138,0,0,0
102000139,0,0,0
102000140,20,17,3
102000141,8,26,-18
102000142,6,29,-23
102000143,4,40,-36
102000144,28,59,-31
102000145,6,32,-26
102000146,1,2,-1
102000147,11,29,-18
102000148,0,0,0
102000149,4,0,4
102000150,0,2,-2
102000151,0,0,0
102000152,0,0,0
102000153,0,0,0
102000154,13,33,-20
102000155,19,28,-9
102000156,50,15,35
102000157,6,13,-7
102000158,24,4,20
102000159,191,4,187
102000161,947,303,644
102000162,59,57,2
102000163,0,0,0
102000164,5,0,5
102000165,109,58,51
102000166,6,25,-19
102000167,58,104,-46
102000168,37,43,-6
102000169,75,82,-7
102000170,425,108,317
102000171,19,48,-29
102000172,10,50,-40
102000173,41,22,19
102000174,11,25,-14
102000175,2,0,2
102000176,1,0,1
102000178,22,135,-113
102000179,3,27,-24
102000180,69,145,-76
102000181,19,182,-163
102000182,67,244,-177
102000183,105,270,-165
102000184,152,461,-309
102000185,73,196,-123
102000186,115,741,-626
102000187,118,675,-557
102000188,31,197,-166
102000189,1107,267,840
102000190,197,348,-151
102000191,266,42,224
102000192,166,281,-115
102000193,0,0,0
102000194,0,0,0
102000195,13,43,-30
102000196,2,0,2
102000197,8,74,-66
102000198,1,1,0
102000199,17,57,-40
102000200,0,0,0
102000201,22,51,-29
102000202,0,0,0
102000203,28,95,-67
102000204,6,17,-11
102000205,15,18,-3
102000206,81,182,-101
102000207,2,8,-6
102000208,18,142,-124
102000209,2,6,-4
102000210,0,188,-188
102000211,10,100,-90
102000212,0,0,0
102000213,1,57,-56
102000214,0,0,0
102000215,2,101,-99
102000216,0,0,0
102000217,2,31,-29
102000218,0,0,0
102000219,32,37,-5
102000225,0,0,0
102000226,19,13,6
102000227,0,0,0
102000228,0,30,-30
102000229,3,4,-1
102000230,26,80,-54
102000231,14,18,-4
102000232,0,0,0
102000233,21,47,-26
102000234,0,0,0
102000236,3,0,3
102000237,16,8,8
102000238,4,1,3
102000240,207,372,-165
102000241,69,13,56
102000243,0,0,0
102000245,5,16,-11
102000246,0,0,0
102000247,50,138,-88
102000248,52,117,-65
102000249,6,63,-57
102000250,7,120,-113
102000254,0,0,0
102000266,0,2,-2
102000271,0,0,0
102000286,0,1,-1
102000297,51,26,25
102000299,0,0,0
102000301,1,1,0
102000303,0,0,0
102000305,0,4,-4
102000307,0,7,-7
102000308,0,10,-10
102900001,0,0,0
102900002,0,0,0
102900003,0,27,-27
102900005,0,0,0
102900006,0,0,0
102900007,0,0,0
102900008,0,0,0
102900009,0,0,0
102900010,0,0,0
102900011,0,0,0
102900012,0,0,0
102900013,0,0,0
102900015,0,0,0
102900016,0,0,0
102900017,0,0,0
102900018,0,0,0
102900019,0,0,0
102900020,0,0,0
102900021,0,0,0
102900022,17,13,4
102900023,0,0,0
102900024,0,0,0
102900025,0,0,0
102900026,0,0,0
102900027,0,0,0
102900028,0,0,0
102900029,0,1,-1
102900030,0,0,0
102900031,0,0,0
102900032,0,15,-15
102900033,0,0,0
102900034,0,0,0
102900035,3,57,-54
102900036,0,0,0
102900037,0,0,0
102900038,0,0,0
102900039,0,0,0
102900040,0,0,0
102900041,0,0,0
102900042,0,0,0
102900043,0,0,0
102900044,0,0,0
102900045,0,0,0
102900046,0,0,0
102900047,0,0,0
102900048,0,0,0
102900049,0,0,0
102900050,0,0,0
102900051,0,0,0
102900052,0,0,0
102900053,0,0,0
102900054,0,0,0
102900055,0,0,0
102900056,0,0,0
102900057,0,0,0
102900058,0,0,0
102900059,0,0,0
102900060,0,0,0
102900061,0,0,0
102900062,0,0,0
102900063,0,0,0
102900064,0,0,0
102900065,0,0,0
102900066,0,0,0
102900068,0,0,0
102900070,3,45,-42
102900072,0,8,-8
102900073,10,2,8
102900074,0,0,0
102900075,0,0,0
102900076,0,0,0
102900077,0,0,0
102900078,0,0,0
102900079,0,0,0
102900080,0,0,0
102900081,0,0,0
102900082,0,0,0
102900083,0,0,0
102900084,0,0,0
102900085,0,0,0
102900086,0,0,0
102900087,0,0,0
102900088,0,0,0
102900089,0,0,0
102900090,0,106,-106
102900091,1,2,-1
102900092,19,247,-228
102900093,0,0,0
102900094,0,0,0
102900095,0,0,0
102900096,2,2,0
102900097,0,36,-36
103000001,642,620,22
103000002,209,370,-161
103000003,694,532,162
103000004,198,195,3
103000005,152,127,25
103000006,32,114,-82
103000007,16,70,-54
103000008,109,324,-215
103000009,23,15,8
103000010,4,18,-14
103000011,399,275,124
103000012,172,108,64
103000013,2612,590,2022
103000014,26,69,-43
103000015,889,288,601
103000016,58,28,30
103000017,0,0,0
103000018,0,0,0
103000019,0,0,0
103000020,219,469,-250
103000021,38,18,20
103000022,233,420,-187
103000023,10,45,-35
103000024,0,0,0
103000025,0,0,0
103000026,0,0,0
103000027,0,0,0
103000028,0,0,0
103000029,32,2,30
103000030,949,120,829
103000031,102,73,29
103000032,374,391,-17
103000033,156,61,95
103000034,753,335,418
103000035,128,90,38
103000036,109,35,74
103000037,247,153,94
103000038,75,80,-5
103000039,20,131,-111
103000040,18,72,-54
103000041,389,909,-520
103000042,184,233,-49
103000043,14,87,-73
103000044,23,5,18
103000046,73,26,47
103000047,1,6,-5
103000048,20,11,9
103000049,0,0,0
103000050,16,32,-16
103000051,33,20,13
103000052,17,10,7
103000053,12,39,-27
103000054,532,205,327
103000055,103,79,24
103000056,62,221,-159
103000057,47,54,-7
103000058,74,171,-97
103000059,27,62,-35
103000060,210,264,-54
103000061,20,38,-18
103000062,172,240,-68
103000063,64,70,-6
103000064,64,97,-33
103000065,0,2,-2
103000066,1,2,-1
103000069,2,11,-9
103000070,75,302,-227
103000071,54,25,29
103000072,22,327,-305
103000073,0,0,0
103000074,2,0,2
103000075,50,374,-324
103000076,0,0,0
103000077,8,159,-151
103000078,5,0,5
103000079,310,64,246
103000080,5,2,3
103000081,59,84,-25
103000082,0,0,0
103000083,5,89,-84
103000084,0,0,0
103000085,0,14,-14
103000086,21,16,5
103000087,32,125,-93
103000088,74,85,-11
103000089,6,12,-6
103000090,326,240,86
103000091,57,78,-21
103000092,3,12,-9
103000093,45,187,-142
103000094,0,3,-3
103000095,5,88,-83
103000096,8,1,7
103000097,4,145,-141
103000098,1,0,1
103000099,21,125,-104
103000100,13,326,-313
103000101,0,0,0
103000102,34,304,-270
103000103,0,18,-18
103000104,2,59,-57
103000105,0,21,-21
103000106,2,66,-64
103000107,7,25,-18
103000108,51,99,-48
103000109,54,64,-10
103000110,165,101,64
103000111,165,90,75
103000112,8,17,-9
103000113,53,149,-96
103000114,11,8,3
103000115,38,55,-17
103000116,26,71,-45
103000117,6,70,-64
103000118,221,318,-97
103000119,738,239,499
103000120,13,45,-32
103000121,35,92,-57
103000122,8,10,-2
103000125,0,0,0
103000126,1,0,1
103000127,0,0,0
103000128,2,0,2
103000129,0,0,0
103000130,0,0,0
103000131,0,0,0
103000132,2,3,-1
103000133,0,0,0
103000134,160,94,66
103000135,292,44,248
103000136,140,89,51
103000137,114,82,32
103000138,270,68,202
103000139,0,13,-13
103000140,0,0,0
103000141,6,20,-14
103000142,0,0,0
103000143,11,51,-40
103000144,0,0,0
103000145,0,0,0
103000150,3,5,-2
103000152,34,60,-26
103000153,4,10,-6
103000156,0,0,0
103000157,2,0,2
103000159,8,31,-23
103000162,0,0,0
103000163,0,0,0
103000164,0,0,0
103000165,0,5,-5
103000166,0,0,0
103000167,7,16,-9
103000168,19,26,-7
103000169,0,0,0
103000170,112,53,59
103000171,0,0,0
103000172,6,90,-84
103000173,34,185,-151
103000174,7,19,-12
103000175,107,328,-221
103000176,35,10,25
103000177,250,121,129
103000178,199,158,41
103000179,2,0,2
103000183,0,16,-16
103000185,0,16,-16
103000186,0,0,0
103000187,31,163,-132
103000188,2,34,-32
103000189,97,341,-244
103000191,23,60,-37
103000292,409,37,372
103000293,0,0,0
103000295,0,0,0
103000296,1,0,1
103000297,0,0,0
103000504,0,0,0
103000505,0,0,0
103000506,0,2,-2
103000507,4,0,4
103000508,7,5,2
103000509,29,139,-110
103900001,0,0,0
103900002,0,0,0
103900003,0,1,-1
103900004,0,0,0
103900005,0,0,0
103900006,0,0,0
103900007,0,0,0
103900008,0,0,0
103900009,2,64,-62
103900010,0,55,-55
103900011,2,51,-49
103900012,0,0,0
103900013,0,15,-15
103900014,0,0,0
103900015,0,0,0
103900016,26,39,-13
103900017,4,18,-14
103900018,72,14,58
103900019,0,0,0
103900020,0,0,0
103900021,0,0,0
103900022,1,64,-63
103900023,0,0,0
103900024,0,0,0
103900025,0,0,0
103900026,0,0,0
103900027,0,0,0
103900028,0,46,-46
103900029,15,35,-20
103900030,0,0,0
103900031,0,0,0
103900032,0,0,0
103900033,0,0,0
103900034,1,34,-33
103900035,2,2,0
103900036,0,0,0
103900037,0,0,0
103900038,0,0,0
103900039,2,86,-84
103900040,0,5,-5
103900041,0,0,0
103900042,1,143,-142
103900043,0,0,0
103900044,0,0,0
103900045,0,0,0
103900047,1,20,-19
103900048,0,0,0
103900049,0,0,0
103900050,0,30,-30
103900051,0,8,-8
103900052,4,41,-37
103900053,2,165,-163
103900054,0,0,0
103900055,10,13,-3
103900056,1,4,-3
103900057,0,0,0
103900058,6,146,-140
103900059,0,0,0
103900060,0,0,0
103900061,0,0,0
103900062,6,7,-1
103900063,0,0,0
103900064,0,0,0
103900065,76,25,51
103900066,0,0,0
103900067,0,0,0
103900068,0,0,0
103900069,0,0,0
103900070,0,0,0
103900071,5,15,-10
103900072,0,81,-81
103900073,0,0,0
103900074,0,0,0
103900075,0,0,0
103900076,3,24,-21
103900077,0,0,0
103900078,0,0,0
103900079,0,0,0
103900080,0,0,0
103900081,0,0,0
103900082,0,0,0
103900083,0,0,0
103900084,0,0,0
103900085,0,0,0
103900086,0,0,0
103900087,0,0,0
103900088,0,0,0
103900089,0,0,0
103900090,0,0,0
103900091,0,0,0
103900092,2,25,-23
103900093,0,0,0
103900094,0,0,0
103900095,4,3,1
103900096,0,0,0
103900097,0,2,-2
103900098,11,3,8
103900099,0,0,0
103900100,6,44,-38
103900101,0,4,-4
103900102,0,0,0
103900104,0,0,0
103900105,8,20,-12
103900106,0,1,-1
103900107,0,0,0
103900108,9,146,-137
103900109,0,0,0
103900110,18,6,12
103900111,2,143,-141
103900112,0,0,0
103900113,5,2,3
103900114,23,16,7
103900115,26,1,25
103900116,336,15,321
103900117,39,22,17
103900119,0,0,0
103900120,0,0,0
103900122,0,97,-97
103900123,23,19,4
103900124,2,0,2
103900125,5,7,-2
103900126,0,0,0
103900127,9,98,-89
103900128,3,44,-41
103900131,1,20,-19
103900133,0,0,0
103900134,0,0,0
103900135,0,0,0
103900137,0,0,0
103900138,0,0,0
103900139,0,52,-52
103900140,0,0,0
103900141,0,0,0
103900142,0,0,0
103900143,0,0,0
103900144,0,0,0
103900145,0,0,0
103900146,0,0,0
103900147,6,16,-10
103900148,8,54,-46
103900149,0,0,0
103900150,3,97,-94
103900151,0,0,0
103900152,0,5,-5
103900153,0,0,0
103900154,88,10,78
103900155,0,0,0
103900156,0,0,0
103900157,0,0,0
103900158,0,0,0
103900159,0,0,0
103900160,0,0,0
103900161,0,0,0
103900162,10,20,-10
103900163,0,3,-3
103900164,0,0,0
103900167,0,0,0
103900168,0,0,0
103900169,0,0,0
103900170,0,0,0
103900171,0,0,0
103900172,0,0,0
103900173,0,0,0
103900174,0,0,0
103900175,0,0,0
103900176,0,0,0
103900177,0,0,0
103900178,0,1,-1
103900179,0,0,0
103900180,0,0,0
103900181,0,0,0
103900182,0,0,0
103900184,0,0,0
103900185,0,0,0
103900187,1,1,0
103900188,2,0,2
103900189,5,2,3
103900190,0,0,0
103900191,0,0,0
103900192,0,0,0
103900193,0,0,0
103900194,0,0,0
103900195,0,0,0
103900196,0,0,0
103900197,0,0,0
103900198,0,1,-1
103900199,1,5,-4
103900200,0,2,-2
103900201,1,2,-1
103900202,0,0,0
103900203,0,1,-1
103900204,0,0,0
103900207,0,1,-1
103900208,1,0,1
103900209,0,0,0
103900210,0,0,0
103900211,7,6,1
103900212,2,79,-77
103900213,35,190,-155
103900214,33,8,25
103900215,700,143,557
103900216,0,147,-147
103900217,0,0,0
103900218,0,0,0
103900219,0,0,0
103900233,0,0,0
103900235,0,0,0
103900236,0,0,0
103900242,0,0,0
103900243,0,0,0
103900244,0,0,0
103900245,0,0,0
103900246,2,1,1
103900247,0,0,0
103900248,0,0,0
103900249,0,0,0
103900250,0,0,0
103900251,0,0,0
103900253,0,0,0
103900254,0,0,0
103900255,0,0,0
103900256,0,0,0
103900257,0,0,0
103900258,0,0,0
103900259,0,0,0
103900261,0,0,0
103900262,0,0,0
103900263,0,0,0
103900264,0,0,0
103900265,0,0,0
103900266,0,0,0
103900267,0,7,-7
104000001,544,512,32
104000002,470,660,-190
104000003,553,678,-125
104000004,1565,723,842
104000005,116,495,-379
104000006,556,968,-412
104000007,1034,1008,26
104000008,307,419,-112
104000009,32,65,-33
104000010,0,0,0
104000011,330,404,-74
104000012,45,315,-270
104000013,0,0,0
104000014,83,472,-389
104000015,0,0,0
104000016,78,217,-139
104000018,42,8,34
104000019,28,9,19
104000020,1,13,-12
104000021,19,30,-11
104000022,3,15,-12
104000023,50,48,2
104000024,9,7,2
104000026,0,0,0
104000027,78,305,-227
104000028,62,48,14
104000029,101,362,-261
104000030,27,46,-19
104000031,17,6,11
104000032,23,220,-197
104000033,6,7,-1
104000034,93,338,-245
104000035,13,20,-7
104000036,22,24,-2
104000037,64,230,-166
104000038,62,59,3
104000039,8,20,-12
104000040,26,22,4
104000041,69,45,24
104000042,36,93,-57
104000043,46,107,-61
104000044,49,203,-154
104000045,114,196,-82
104000046,197,187,10
104000047,34,31,3
104000048,47,101,-54
104000049,13,27,-14
104000050,0,43,-43
104000051,31,275,-244
104000052,192,485,-293
104000053,164,159,5
104000054,40,121,-81
104000055,849,350,499
104000056,54,20,34
104000057,10,208,-198
104000058,199,224,-25
104000059,34,359,-325
104000060,100,235,-135
104000061,120,150,-30
104000062,0,0,0
104000064,74,30,44
104000065,2,27,-25
104000069,288,44,244
104000070,0,8,-8
104000071,23,101,-78
104000072,0,0,0
104000075,0,0,0
104000076,0,0,0
104000082,425,617,-192
104000083,74,45,29
104000084,20,97,-77
104000085,14,19,-5
104000086,67,121,-54
104000087,14,57,-43
104000090,48,427,-379
104000092,78,625,-547
104000094,74,443,-369
104000095,473,519,-46
104000096,0,53,-53
104000097,0,0,0
104000098,0,0,0
104000100,0,0,0
104000101,182,295,-113
104000106,6,30,-24
104000107,74,210,-136
104000108,43,103,-60
104000109,0,0,0
104000110,126,98,28
104000111,187,192,-5
104000112,252,44,208
104000116,2,664,-662
104000117,0,259,-259
104000118,9,38,-29
104000119,9,18,-9
104000120,2,240,-238
104000121,11,81,-70
104000122,87,145,-58
104000123,219,195,24
104000124,511,375,136
104000125,1103,243,860
104000126,30,117,-87
104000127,442,901,-459
104000128,89,147,-58
104000129,36,2,34
104000130,12,88,-76
104000131,986,453,533
104000132,411,588,-177
104000133,352,224,128
104000134,271,182,89
104000135,99,149,-50
104000136,476,300,176
104000137,1034,89,945
104000138,743,115,628
104000139,3150,539,2611
104000141,319,472,-153
104000142,105,422,-317
104000143,124,459,-335
104000144,0,0,0
104000145,0,0,0
104000146,199,515,-316
104000147,63,224,-161
104000148,0,0,0
104000149,36,248,-212
104000150,0,0,0
104000151,217,360,-143
104000152,73,608,-535
104000153,0,0,0
104000154,466,464,2
104000155,0,0,0
104000157,205,453,-248
104000158,130,73,57
104000159,71,34,37
104000160,512,188,324
104000161,0,0,0
104000162,0,0,0
104000165,0,0,0
104000167,23,77,-54
104000168,0,0,0
104000169,0,0,0
104000170,392,69,323
104000248,1,124,-123
104000251,17,107,-90
104000272,14,2,12
104000273,9,0,9
104000274,3,2,1
104000275,13,1,12
104000279,182,81,101
104000290,35,122,-87
104000291,106,161,-55
104000293,10,35,-25
104000294,0,0,0
104000295,84,322,-238
104000296,44,139,-95
104000297,441,479,-38
104000298,409,167,242
104000299,109,412,-303
104900001,0,0,0
104900002,0,0,0
104900003,0,0,0
104900004,0,0,0
104900005,3,6,-3
104900006,0,0,0
104900007,4,11,-7
104900009,0,0,0
104900010,0,0,0
104900011,0,0,0
104900012,0,0,0
104900013,0,0,0
104900014,0,0,0
104900015,0,0,0
104900016,1,4,-3
104900017,0,0,0
104900018,0,0,0
104900019,0,0,0
104900020,0,0,0
104900021,0,0,0
104900022,0,0,0
104900023,0,0,0
104900024,0,0,0
104900025,0,0,0
104900026,0,0,0
104900027,0,0,0
104900028,0,0,0
104900029,0,0,0
104900030,0,0,0
104900031,0,0,0
104900032,0,0,0
104900033,0,0,0
104900034,0,0,0
104900035,0,0,0
104900036,0,0,0
104900037,0,0,0
104900038,0,0,0
104900039,0,0,0
104900040,0,0,0
104900041,0,0,0
104900042,0,0,0
104900043,0,0,0
104900044,0,0,0
104900045,0,0,0
104900046,0,0,0
104900047,0,0,0
104900048,0,0,0
104900049,0,0,0
104900050,0,0,0
104900051,0,0,0
104900052,0,0,0
104900053,0,0,0
104900054,0,0,0
104900055,0,0,0
104900056,0,0,0
104900057,0,0,0
104900058,0,0,0
104900059,0,0,0
104900060,0,0,0
104900061,0,0,0
104900063,0,0,0
104900064,0,0,0
104900065,0,0,0
104900066,0,0,0
104900067,0,0,0
104900068,0,0,0
104900070,0,0,0
104900071,2,139,-137
104900072,0,0,0
104900073,0,0,0
104900074,0,0,0
104900075,0,0,0
104900076,0,0,0
104900077,0,0,0
104900078,0,0,0
104900079,0,0,0
104900080,0,0,0
104900082,0,0,0
104900085,0,0,0
104900087,0,0,0
104900089,0,0,0
104900090,0,0,0
104900091,0,0,0
104900093,0,0,0
104900097,0,0,0
104900098,0,0,0
104900099,0,0,0
104900100,0,0,0
104900102,0,0,0
104900103,0,0,0
104900104,0,0,0
104900106,0,0,0
104900107,0,4,-4
104900108,0,0,0
104900109,0,0,0
104900110,0,0,0
104900111,0,0,0
104900112,0,0,0
104900113,1,26,-25
104900114,0,0,0
104900115,13,38,-25
104900116,0,0,0
104900118,0,0,0
104900119,0,0,0
104900120,0,0,0
104900121,0,0,0
104900122,0,0,0
104900123,0,0,0
104900124,0,0,0
104900125,0,0,0
104900126,0,0,0
104900127,0,0,0
104900128,0,0,0
104900129,0,0,0
105000001,514,648,-134
105000002,169,379,-210
105000003,355,675,-320
105000004,100,317,-217
105000005,125,310,-185
105000006,70,230,-160
105000007,47,190,-143
105000008,37,387,-350
105000009,200,310,-110
105000010,939,1263,-324
105000011,284,292,-8
105000012,1599,2031,-432
105000013,259,174,85
105000014,276,199,77
105000015,1367,561,806
105000016,1655,619,1036
105000017,351,212,139
105000018,106,225,-119
105000019,12,9,3
105000020,12,116,-104
105000021,4,0,4
105000022,0,0,0
105000023,0,0,0
105000028,8,48,-40
105000029,83,133,-50
105000030,1443,2121,-678
105000033,376,1492,-1116
105000034,0,7,-7
105000037,50,64,-14
105000038,146,110,36
105000039,1651,1883,-232
105000040,32,52,-20
105000041,233,1127,-894
105000042,194,99,95
105000043,1073,2176,-1103
105000044,25,29,-4
105000045,58,678,-620
105000046,44,15,29
105000047,138,789,-651
105000048,11,5,6
105000049,78,370,-292
105000050,0,0,0
105000051,75,150,-75
105000052,7,88,-81
105000053,17,102,-85
105000054,2,109,-107
105000055,27,92,-65
105000056,17,350,-333
105000057,156,287,-131
105000058,150,267,-117
105000059,25,82,-57
105000060,67,206,-139
105000061,17,39,-22
105000062,171,381,-210
105000063,59,246,-187
105000064,30,95,-65
105000065,30,313,-283
105000066,173,551,-378
105000067,72,58,14
105000068,117,187,-70
105000069,402,147,255
105000070,70,75,-5
105000071,0,0,0
105000072,0,0,0
105000073,28,14,14
105000074,177,354,-177
105000075,109,195,-86
105000076,323,280,43
105000077,737,238,499
105000078,200,149,51
105000079,529,780,-251
105000080,104,79,25
105000081,314,281,33
105000082,43,94,-51
105000083,28,38,-10
105000084,90,340,-250
105000085,52,46,6
105000086,126,266,-140
105000087,762,568,194
105000088,42,14,28
105000089,1612,1419,193
105000090,587,597,-10
105000091,1094,1190,-96
105000092,176,506,-330
105000093,15,60,-45
105000094,10,5,5
105000095,5,73,-68
105000096,9,3,6
105000097,112,199,-87
105000098,0,0,0
105000099,82,277,-195
105000100,269,225,44
105000101,216,499,-283
105000102,315,267,48
105000103,134,468,-334
105000104,139,197,-58
105000105,33,347,-314
105000106,161,546,-385
105000107,85,55,30
105000108,181,117,64
105000109,174,442,-268
105000110,53,30,23
105000111,16,39,-23
105000112,261,37,224
105000113,7,30,-23
105000114,0,0,0
105000115,20,40,-20
105000116,9,13,-4
105000117,49,185,-136
105000118,3,10,-7
105000119,121,299,-178
105000120,5,2,3
105000121,195,309,-114
105000122,14,134,-120
105000123,158,335,-177
105000124,108,257,-149
105000125,101,505,-404
105000126,222,652,-430
105000127,191,471,-280
105000128,20,353,-333
105000129,53,103,-50
105000130,0,0,0
105000131,95,105,-10
105000132,0,0,0
105000133,98,442,-344
105000134,0,0,0
105000135,81,242,-161
105000136,2,43,-41
105000137,41,64,-23
105000138,10,54,-44
105000139,154,322,-168
105000140,0,0,0
105000141,40,182,-142
105000142,0,0,0
105000143,46,234,-188
105000144,61,305,-244
105000145,0,0,0
105000146,138,336,-198
105000147,0,0,0
105000148,0,0,0
105000149,0,0,0
105000150,523,515,8
105000151,26,27,-1
105000152,7,230,-223
105000153,41,41,0
105000154,17,290,-273
105000155,2,45,-43
105000156,49,270,-221
105000157,136,606,-470
105000158,109,131,-22
105000159,32,515,-483
105000160,56,68,-12
105000161,84,651,-567
105000162,13,73,-60
105000163,162,310,-148
105000164,104,78,26
105000165,117,200,-83
105000166,2111,74,2037
105000167,319,305,14
105000168,11,289,-278
105000169,68,267,-199
105000170,0,0,0
105000171,106,36,70
105000172,0,0,0
105000173,0,0,0
105000174,0,0,0
105000175,8,65,-57
105000176,5,22,-17
105000177,4,45,-41
105000178,0,0,0
105000179,16,28,-12
105000180,4,28,-24
105000181,0,0,0
105000182,2,12,-10
105000183,72,7,65
105000184,786,575,211
105000185,345,151,194
105000186,100,734,-634
105000187,101,51,50
105000188,17,32,-15
105000189,49,439,-390
105000190,0,0,0
105000191,100,291,-191
105000192,18,76,-58
105000193,25,82,-57
105000194,93,66,27
105000195,33,322,-289
105000196,10,39,-29
105000197,43,200,-157
105000198,187,98,89
105000199,43,63,-20
105000200,4,46,-42
105000201,10,7,3
105000203,2,42,-40
105000204,32,29,3
105000205,35,34,1
105000207,354,149,205
105000208,0,0,0
105000209,52,209,-157
105000212,132,304,-172
105000213,0,0,0
105000214,0,0,0
105000215,4,76,-72
105000216,46,234,-188
105000217,33,234,-201
105000218,15,216,-201
105000221,2,50,-48
105000222,5,8,-3
105000223,10,43,-33
105000226,0,0,0
105000227,0,0,0
105000228,4,103,-99
105000229,0,0,0
105000231,0,0,0
105000233,59,39,20
105000234,240,1012,-772
105000235,7,28,-21
105000237,0,0,0
105000243,0,0,0
105000248,57,31,26
105000262,27,364,-337
105000269,6,11,-5
105000270,17,56,-39
105000271,0,16,-16
105000282,2,8,-6
105000287,12,3,9
105000288,10,86,-76
105000289,128,247,-119
105000290,0,0,0
105000402,632,238,394
105000426,80,47,33
105000438,146,116,30
105000446,2526,1360,1166
105000447,2700,944,1756
105000454,0,25,-25
105000455,0,1,-1
105000474,0,0,0
105000477,1,2,-1
105000478,109,172,-63
105000479,8,46,-38
105000480,304,446,-142
105000481,457,456,1
105000482,1637,1253,384
105000483,371,491,-120
105000484,553,1144,-591
105000485,748,782,-34
105000486,1118,1130,-12
105000488,891,1123,-232
105000489,30,100,-70
105000549,0,0,0
105000550,100,464,-364
105000551,0,0,0
105000552,2003,884,1119
105900001,0,0,0
105900002,5,16,-11
105900003,0,13,-13
105900004,94,20,74
105900005,1,51,-50
105900006,0,0,0
105900007,0,0,0
105900008,4,160,-156
105900009,0,0,0
105900011,0,0,0
105900012,0,0,0
105900013,0,0,0
105900014,0,0,0
105900015,11,38,-27
105900016,0,0,0
105900017,0,0,0
105900018,18,37,-19
105900019,0,0,0
105900020,0,5,-5
105900021,0,0,0
105900022,5,18,-13
105900023,0,0,0
105900024,0,0,0
105900025,0,0,0
105900026,14,3,11
105900027,0,0,0
105900028,0,50,-50
105900029,6,55,-49
105900030,11,36,-25
105900031,37,35,2
105900032,6,26,-20
105900033,1,30,-29
105900034,9,49,-40
105900035,4,31,-27
105900036,2,10,-8
105900037,9,12,-3
105900038,5,25,-20
105900039,0,13,-13
105900040,3,13,-10
105900041,9,23,-14
105900042,4,25,-21
105900043,43,2,41
105900044,0,29,-29
105900045,0,82,-82
105900046,0,41,-41
105900047,0,1,-1
105900048,2,92,-90
105900050,0,0,0
105900051,0,0,0
105900052,0,0,0
105900053,469,15,454
105900054,8,33,-25
105900056,0,0,0
105900057,0,0,0
105900058,1,1,0
105900059,0,0,0
106000001,391,224,167
106000002,856,1498,-642
106000003,684,433,251
106000004,1030,866,164
106000005,537,624,-87
106000006,2091,1987,104
106000007,114,56,58
106000008,199,186,13
106000009,74,44,30
106000010,226,266,-40
106000011,100,73,27
106000012,214,562,-348
106000013,203,204,-1
106000014,640,638,2
106000015,95,155,-60
106000016,427,949,-522
106000017,202,118,84
106000018,290,409,-119
106000019,29,44,-15
106000020,32,235,-203
106000021,54,63,-9
106000022,79,186,-107
106000023,40,24,16
106000024,149,411,-262
106000025,42,45,-3
106000026,112,194,-82
106000027,43,102,-59
106000028,264,456,-192
106000029,410,916,-506
106000030,78,74,4
106000034,170,341,-171
106000035,50,112,-62
106000036,80,145,-65
106000037,407,586,-179
106000038,0,0,0
106000039,0,0,0
106000040,41,270,-229
106000041,108,81,27
106000043,0,0,0
106000046,0,0,0
106000047,2,59,-57
106000049,31,6,25
106000050,51,507,-456
106000051,5,15,-10
106000052,31,478,-447
106000053,0,0,0
106000054,124,299,-175
106000055,0,0,0
106000056,95,365,-270
106000057,0,0,0
106000058,30,135,-105
106000059,0,5,-5
106000060,224,372,-148
106000061,2,7,-5
106000062,68,378,-310
106000063,2,7,-5
106000064,19,299,-280
106000065,3,17,-14
106000066,26,189,-163
106000067,3,7,-4
106000068,11,326,-315
106000069,14,8,6
106000070,55,342,-287
106000071,13,17,-4
106000072,1304,475,829
106000073,415,332,83
106000074,65,195,-130
106000075,45,306,-261
106000076,176,481,-305
106000077,563,359,204
106000078,110,391,-281
106000079,67,347,-280
106000080,182,324,-142
106000081,43,293,-250
106000082,630,399,231
106000083,25,354,-329
106000084,122,363,-241
106000085,139,339,-200
106000086,53,238,-185
106000087,73,214,-141
106000088,7,351,-344
106000089,77,220,-143
106000090,2,319,-317
106000091,109,224,-115
106000092,0,29,-29
106000093,0,0,0
106000094,22,133,-111
106000095,25,292,-267
106000096,18,221,-203
106000097,55,514,-459
106000098,6,365,-359
106000099,8,479,-471
106000100,42,34,8
106000101,25,27,-2
106000102,1,265,-264
106000103,17,81,-64
106000104,133,90,43
106000105,36,143,-107
106000106,45,74,-29
106000107,2,101,-99
106000108,25,68,-43
106000109,9,69,-60
106000110,30,24,6
106000111,28,122,-94
106000112,17,48,-31
106000113,124,84,40
106000114,71,69,2
106000115,31,66,-35
106000116,30,43,-13
106000117,212,304,-92
106000118,89,138,-49
106000119,824,402,422
106000120,36,20,16
106000121,0,7,-7
106000122,7,67,-60
106000123,7,4,3
106000124,8,68,-60
106000125,1,60,-59
106000126,1,5,-4
106000127,25,124,-99
106000128,3,5,-2
106000129,59,164,-105
106000130,0,0,0
106000131,15,164,-149
106000132,0,0,0
106000133,1476,270,1206
106000134,0,0,0
106000135,47,317,-270
106000136,0,0,0
106000137,25,779,-754
106000138,0,0,0
106000139,0,0,0
106000140,6,88,-82
106000141,7,69,-62
106000142,0,0,0
106000143,5,92,-87
106000144,0,0,0
106000145,25,275,-250
106000146,0,0,0
106000147,63,133,-70
106000148,51,223,-172
106000149,59,68,-9
106000150,84,386,-302
106000151,1106,165,941
106000152,144,115,29
106000153,9,225,-216
106000154,156,20,136
106000155,2,14,-12
106000156,55,64,-9
106000157,116,701,-585
106000158,740,114,626
106000159,1494,520,974
106000160,29,220,-191
106000161,401,220,181
106000162,9,83,-74
106000163,42,227,-185
106000164,21,48,-27
106000165,26,293,-267
106000166,58,95,-37
106000167,67,655,-588
106000168,14,80,-66
106000169,14,348,-334
106000170,50,73,-23
106000171,9,317,-308
106000172,334,342,-8
106000173,85,881,-796
106000174,16,98,-82
106000175,36,436,-400
106000176,45,63,-18
106000177,92,885,-793
106000178,192,180,12
106000179,183,693,-510
106000180,193,777,-584
106000181,48,762,-714
106000182,52,213,-161
106000183,49,415,-366
106000184,100,356,-256
106000185,86,307,-221
106000186,152,43,109
106000187,15,217,-202
106000188,0,2,-2
106000189,0,0,0
106000190,0,0,0
106000191,29,73,-44
106000192,0,11,-11
106000193,47,24,23
106000194,21,74,-53
106000195,16,13,3
106000196,1,78,-77
106000197,23,72,-49
106000198,15,98,-83
106000199,162,73,89
106000200,196,72,124
106000201,58,72,-14
106000202,2502,130,2372
106000203,12,97,-85
106000204,0,0,0
106000205,19,84,-65
106000206,0,0,0
106000207,21,527,-506
106000208,16,1,15
106000209,20,24,-4
106000210,47,637,-590
106000211,165,799,-634
106000212,4,2,2
106000213,86,334,-248
106000214,204,43,161
106000215,6,50,-44
106000216,39,58,-19
106000217,17,39,-22
106000218,58,51,7
106000219,6,28,-22
106000220,46,20,26
106000221,15,117,-102
106000222,0,0,0
106000223,0,0,0
106000224,31,120,-89
106000225,0,0,0
106000226,15,182,-167
106000228,6,88,-82
106000229,13,386,-373
106000231,14,1,13
106000232,1,169,-168
106000233,5,1,4
106000234,2,106,-104
106000235,1,1,0
106000236,8,20,-12
106000237,1,2,-1
106000238,0,0,0
106000239,0,5,-5
106000240,0,0,0
106000241,12,349,-337
106000242,5,0,5
106000249,0,0,0
106000250,3,142,-139
106000251,0,0,0
106000252,3,38,-35
106000253,0,0,0
106000254,13,24,-11
106000255,0,0,0
106000256,37,33,4
106000257,16,111,-95
106000258,0,0,0
106000259,2,10,-8
106000260,0,0,0
106000261,0,15,-15
106000262,0,0,0
106000263,0,17,-17
106000264,0,0,0
106000265,0,37,-37
106000266,0,0,0
106000267,3,25,-22
106000268,0,0,0
106000269,11,19,-8
106000270,18,171,-153
106000271,0,0,0
106000272,3,10,-7
106000273,0,0,0
106000274,16,6,10
106000275,0,0,0
106000276,27,5,22
106000277,2,3,-1
106000278,8,7,1
106000279,1,9,-8
106000280,2,23,-21
106000281,6,6,0
106000282,6,13,-7
106000283,9,10,-1
106000284,6,22,-16
106000285,4,10,-6
106000286,3,30,-27
106000287,6,15,-9
106000288,10,24,-14
106000289,4,13,-9
106000290,10,38,-28
106000291,6,9,-3
106000292,14,28,-14
106000293,3,9,-6
106000294,15,24,-9
106000295,7,11,-4
106000296,22,13,9
106000297,21,10,11
106000298,18,10,8
106000299,8,6,2
106000300,6,11,-5
106000301,2,18,-16
106000303,0,0,0
106000304,2,3,-1
106000305,0,0,0
106000306,6,12,-6
106000307,0,0,0
106000308,5,30,-25
106000309,5,8,-3
106000310,27,124,-97
106000311,43,15,28
106000312,4,43,-39
106000313,5,31,-26
106000318,34,52,-18
106000319,52,0,52
106000320,0,2,-2
106000321,10,2,8
106000322,11,91,-80
106000324,0,10,-10
106000325,115,75,40
106000326,290,774,-484
106000327,0,0,0
106000328,0,0,0
106000329,6,43,-37
106000330,7,39,-32
106000428,28,69,-41
106000429,32,105,-73
106000430,94,469,-375
106000431,58,78,-20
106000432,400,931,-531
106000433,177,170,7
106000434,189,88,101
106000435,764,953,-189
106000436,9,203,-194
106000437,0,0,0
106000438,0,0,0
106000439,26,188,-162
106000440,28,70,-42
106000441,0,0,0
106000442,0,0,0
106000443,2,30,-28
106000450,5,105,-100
106000451,0,0,0
106000454,3,19,-16
106000455,1,73,-72
106000456,0,0,0
106000457,5,569,-564
106000458,0,0,0
106000459,17,235,-218
106000460,0,0,0
106000461,14,881,-867
106000462,1,9,-8
106000463,0,0,0
106000464,3,255,-252
106000465,0,0,0
106000466,7,326,-319
106000467,218,205,13
106000468,1,1,0
106000469,0,0,0
106000470,78,284,-206
106000471,7,267,-260
106000472,0,0,0
106000473,5,11,-6
106000474,105,328,-223
106000475,21,37,-16
106000476,54,8,46
106000477,9,54,-45
106900001,0,0,0
106900002,0,0,0
106900003,0,0,0
106900004,0,4,-4
106900006,0,0,0
106900007,0,1,-1
106900008,0,0,0
106900009,0,0,0
106900010,0,0,0
106900012,0,0,0
106900013,0,0,0
106900014,0,0,0
106900015,0,0,0
106900016,0,0,0
106900017,0,0,0
106900018,0,0,0
106900019,0,0,0
106900020,0,0,0
106900021,0,0,0
106900022,0,0,0
106900023,0,0,0
106900024,0,0,0
106900025,0,0,0
106900026,0,0,0
106900027,0,0,0
107000001,408,581,-173
107000002,1391,2195,-804
107000003,764,1078,-314
107000004,2603,3361,-758
107000005,226,593,-367
107000006,1382,3542,-2160
107000007,792,876,-84
107000008,11548,7793,3755
107000009,477,605,-128
107000010,7656,5767,1889
107000011,477,528,-51
107000012,1025,1122,-97
107000013,29,172,-143
107000014,11,224,-213
107000015,89,682,-593
107000016,100,792,-692
107000017,736,299,437
107000018,1,113,-112
107000020,257,101,156
107000021,565,487,78
107000022,163,1132,-969
107000023,727,209,518
107000024,178,1571,-1393
107000025,74,118,-44
107000026,41,427,-386
107000027,394,179,215
107000028,292,593,-301
107000029,261,261,0
107000030,463,1173,-710
107000031,207,377,-170
107000032,21,71,-50
107000033,956,1755,-799
107000034,3125,862,2263
107000035,6,7,-1
107000036,44,246,-202
107000037,3,31,-28
107000038,121,143,-22
107000039,0,0,0
107000040,51,166,-115
107000041,257,99,158
107000042,156,437,-281
107000043,486,154,332
107000044,150,180,-30
107000045,10,113,-103
107000046,64,72,-8
107000047,63,232,-169
107000048,44,90,-46
107000049,25,246,-221
107000050,61,97,-36
107000051,103,103,0
107000052,204,70,134
107000053,12,14,-2
107000054,9,126,-117
107000055,27,4,23
107000056,102,331,-229
107000057,166,20,146
107000058,1,3,-2
107000059,454,1338,-884
107000060,48,76,-28
107000061,1467,1781,-314
107000062,20,54,-34
107000063,903,2526,-1623
107000064,62,84,-22
107000065,916,2415,-1499
107000066,23,81,-58
107000067,17,60,-43
107000068,0,0,0
107000069,0,0,0
107000070,0,1,-1
107000071,0,0,0
107000072,11,1665,-1654
107000073,0,0,0
107000074,61,562,-501
107000075,0,0,0
107000076,282,1284,-1002
107000077,0,0,0
107000078,312,1883,-1571
107000079,0,9,-9
107000080,305,1467,-1162
107000081,13,5,8
107000082,132,1373,-1241
107000083,2,8,-6
107000084,168,1191,-1023
107000085,566,622,-56
107000086,484,777,-293
107000087,305,496,-191
107000088,337,818,-481
107000089,124,195,-71
107000090,335,402,-67
107000091,103,175,-72
107000092,299,458,-159
107000093,74,181,-107
107000094,201,487,-286
107000095,0,0,0
107000096,259,595,-336
107000097,0,0,0
107000098,108,217,-109
107000099,0,0,0
107000100,79,93,-14
107000101,0,0,0
107000102,167,138,29
107000103,0,0,0
107000104,53,149,-96
107000105,10,0,10
107000106,35,129,-94
107000107,13,2,11
107000108,46,399,-353
107000109,0,0,0
107000110,15,266,-251
107000111,0,0,0
107000112,1,183,-182
107000113,0,0,0
107000114,28,276,-248
107000115,0,0,0
107000116,31,522,-491
107000117,0,0,0
107000118,31,141,-110
107000119,183,39,144
107000120,747,286,461
107000121,40,11,29
107000122,237,448,-211
107000123,12,16,-4
107000124,62,439,-377
107000125,52,33,19
107000126,124,609,-485
107000127,21,328,-307
107000129,23,90,-67
107000130,0,0,0
107000131,196,214,-18
107000132,0,0,0
107000133,9,12,-3
107000134,4,0,4
107000135,0,11,-11
107000136,9,0,9
107000137,0,11,-11
107000138,11,1,10
107000139,3,57,-54
107000140,62,2,60
107000141,24,97,-73
107000142,18,0,18
107000143,7,139,-132
107000144,18,8,10
107000145,18,40,-22
107000146,7,1,6
107000147,412,29,383
107000150,26,35,-9
107000151,2,15,-13
107000152,9,57,-48
107000153,47,63,-16
107000154,7,5,2
107000155,45,2,43
107000156,107,2,105
107000157,4,453,-449
107000158,13,0,13
107000159,1,155,-154
107000160,24,7,17
107000161,0,210,-210
107000162,13,24,-11
107000163,0,0,0
107000164,0,0,0
107000165,0,0,0
107000166,9,467,-458
107000167,21,45,-24
107000168,106,16,90
107000169,103,578,-475
107000170,61,20,41
107000171,67,1475,-1408
107000172,34,80,-46
107000173,131,442,-311
107000174,159,558,-399
107000175,2997,509,2488
107000176,0,0,0
107000177,0,0,0
107000178,0,0,0
107000179,71,1432,-1361
107000180,0,0,0
107000181,62,568,-506
107000182,5,125,-120
107000183,63,472,-409
107000184,28,133,-105
107000185,42,605,-563
107000186,0,0,0
107000187,111,169,-58
107000188,71,86,-15
107000189,13,100,-87
107000190,57,224,-167
107000191,3,6,-3
107000192,160,251,-91
107000193,0,3,-3
107000194,183,224,-41
107000197,0,0,0
107000198,49,341,-292
107000199,287,359,-72
107000200,0,0,0
107000201,105,98,7
107000202,0,0,0
107000203,141,284,-143
107000204,16,11,5
107000205,1744,763,981
107000206,0,0,0
107000207,43,26,17
107000208,68,3,65
107000209,120,7,113
107000210,281,45,236
107000211,0,0,0
107000212,0,100,-100
107000213,0,0,0
107000214,0,16,-16
107000215,12,38,-26
107000216,2,59,-57
107000217,3,12,-9
107000219,2,9,-7
107000220,8,38,-30
107000222,55,305,-250
107000224,0,0,0
107000225,30,215,-185
107000226,0,0,0
107000227,13,149,-136
107000228,15,17,-2
107000229,28,5,23
107000230,348,194,154
107000231,18,22,-4
107000232,0,0,0
107000233,26,29,-3
107000234,0,0,0
107000235,0,1,-1
107000236,24,396,-372
107000237,0,0,0
107000238,0,1,-1
107000239,297,27,270
107000240,5,377,-372
107000241,50,14,36
107000242,230,53,177
107000243,0,45,-45
107000244,3,122,-119
107000246,6,684,-678
107000249,0,318,-318
107000251,0,121,-121
107000252,3,595,-592
107000255,99,33,66
107000257,1,64,-63
107000258,0,15,-15
107000259,0,24,-24
107000260,0,0,0
107000262,0,116,-116
107000263,0,0,0
107000266,0,0,0
107000267,1,18,-17
107000268,13,31,-18
107000269,0,0,0
107000270,0,0,0
107000271,0,194,-194
107000272,1,63,-62
107000273,9,50,-41
107000274,156,71,85
107000275,54,126,-72
107000280,22,3,19
107000281,5,123,-118
107000282,3,349,-346
107000290,1,13,-12
107000291,0,0,0
107000292,0,27,-27
107000293,0,0,0
107000294,0,17,-17
107000295,0,0,0
107000296,0,0,0
107000444,25,1,24
107000496,0,0,0
107000497,277,1616,-1339
107000500,0,0,0
107000501,0,0,0
107000502,0,0,0
107000505,111,284,-173
107000506,0,3,-3
107000508,1,248,-247
107000509,22,27,-5
107000510,0,0,0
107000514,1,27,-26
107000515,0,41,-41
107000516,0,0,0
107000518,0,0,0
107000519,807,743,64
107000520,0,0,0
107900001,0,5,-5
107900002,0,0,0
107900003,0,0,0
107900004,1,0,1
107900005,38,0,38
107900006,0,0,0
107900007,1,0,1
107900008,16,5,11
107900009,0,0,0
107900010,0,0,0
107900012,43,0,43
107900013,20,5,15
107900014,0,0,0
107900015,36,2,34
107900016,14,5,9
107900017,0,0,0
107900018,2,0,2
107900019,0,15,-15
107900020,0,0,0
107900021,2,36,-34
107900023,0,0,0
107900024,0,0,0
107900025,2,21,-19
107900026,0,9,-9
107900027,0,0,0
107900028,0,25,-25
107900030,7,0,7
107900031,1,51,-50
107900032,0,0,0
107900033,0,0,0
107900034,29,0,29
107900035,30,3,27
107900036,0,0,0
107900037,0,0,0
107900038,24,7,17
107900039,0,7,-7
107900040,0,0,0
107900041,0,0,0
107900043,2,34,-32
107900044,0,0,0
107900045,3,0,3
107900046,0,5,-5
107900047,0,0,0
107900048,8,0,8
107900049,30,40,-10
107900050,29,60,-31
107900051,8,13,-5
107900052,0,0,0
107900053,1,13,-12
107900055,18,29,-11
107900056,3,1,2
107900057,0,0,0
107900058,12,141,-129
107900060,0,0,0
107900061,0,0,0
107900063,7,19,-12
107900064,11,1,10
107900065,8,1,7
107900066,0,0,0
107900067,0,0,0
107900068,7,8,-1
107900069,1,6,-5
107900070,0,0,0
107900071,1,301,-300
107900072,2,29,-27
107900073,0,0,0
107900074,0,0,0
107900076,3,14,-11
107900077,0,0,0
107900078,21,2,19
107900079,3,0,3
107900080,7,6,1
107900081,0,0,0
107900082,0,0,0
107900083,5,32,-27
107900084,2,6,-4
107900086,4,18,-14
107900087,60,5,55
107900088,0,0,0
107900089,29,77,-48
107900090,29,37,-8
107900091,2,59,-57
107900092,514,93,421
107900093,0,0,0
107900095,220,106,114
107900097,0,11,-11
107900098,4,10,-6
107900100,234,79,155
107900101,227,28,199
107900102,0,0,0
107900103,2,22,-20
107900104,0,0,0
107900105,0,149,-149
107900106,2,436,-434
107900107,402,28,374
107900108,14,3,11
107900109,0,0,0
107900110,1,8,-7
107900111,0,298,-298
107900112,6,35,-29
107900113,0,0,0
107900114,3,45,-42
107900115,0,0,0
107900116,3,49,-46
107900117,18,54,-36
107900118,12,42,-30
107900119,0,4,-4
107900120,0,0,0
107900121,0,9,-9
107900122,0,2,-2
107900123,0,18,-18
107900124,2,1,1
107900125,0,50,-50
107900126,0,23,-23
107900127,131,11,120
107900128,8,1,7
107900129,0,5,-5
107900130,0,0,0
107900131,4,2,2
107900132,8,87,-79
107900133,0,13,-13
107900134,0,0,0
107900135,0,49,-49
107900136,4,5,-1
107900137,1,7,-6
107900138,2,3,-1
107900139,0,0,0
107900140,6,15,-9
107900141,2,1,1
107900142,10,245,-235
107900143,5,6,-1
107900144,0,41,-41
107900145,3,20,-17
107900146,1,8,-7
107900147,1,2,-1
107900148,47,33,14
107900149,475,36,439
107900150,9,164,-155
107900151,0,35,-35
107900152,2,52,-50
107900153,9,16,-7
107900154,1,1,0
107900155,0,0,0
107900156,0,1,-1
107900157,10,18,-8
107900158,38,0,38
107900159,3,312,-309
107900160,1,47,-46
107900161,2,87,-85
107900162,2,60,-58
107900163,0,1,-1
107900164,1,6,-5
107900165,6,4,2
107900166,1,128,-127
107900167,0,0,0
107900168,0,7,-7
107900169,0,50,-50
107900171,3,513,-510
107900172,0,103,-103
107900173,0,87,-87
107900174,2,1,1
107900175,0,0,0
107900176,0,2,-2
107900177,0,58,-58
107900178,0,56,-56
107900179,0,37,-37
107900180,121,8,113
107900181,124,109,15
107900182,2,426,-424
107900183,0,108,-108
107900184,0,8,-8
107900185,10,3,7
107900186,4,5,-1
107900187,1,83,-82
107900188,73,14,59
107900189,0,28,-28
107900190,14,7,7
107900191,1,29,-28
107900193,0,31,-31
107900194,8,0,8
107900195,691,46,645
107900196,0,0,0
107900197,24,4,20
107900199,0,195,-195
107900201,10,33,-23
107900203,5,11,-6
107900204,93,68,25
107900205,26,180,-154
107900206,17,3,14
107900207,0,200,-200
107900208,0,204,-204
107900209,56,21,35
107900210,4,28,-24
107900213,42,123,-81
107900214,0,57,-57
107900215,52,146,-94
107900216,0,7,-7
107900217,0,0,0
107900218,1,197,-196
107900219,4,28,-24
107900220,22,12,10
107900221,46,65,-19
107900223,0,0,0
107900224,34,91,-57
107900225,2,59,-57
107900226,2,33,-31
107900227,21,91,-70
107900228,0,44,-44
107900229,3,92,-89
107900230,3,22,-19
107900231,0,0,0
107900232,1,60,-59
107900233,1,17,-16
107900234,13,90,-77
107900235,20,30,-10
107900236,3,44,-41
107900237,21,190,-169
107900238,0,0,0
107900239,268,160,108
107900240,1,33,-32
107900241,1,15,-14
107900242,0,124,-124
107900243,0,2,-2
107900244,0,0,0
107900245,2,1,1
107900246,0,0,0
107900248,13,208,-195
107900249,2,0,2
107900250,0,127,-127
107900251,2,260,-258
107900252,0,0,0
107900253,0,0,0
107900254,5,15,-10
107900255,33,2,31
107900256,40,120,-80
107900257,3,6,-3
107900258,1,37,-36
107900259,2,13,-11
107900261,2,138,-136
107900262,0,0,0
107900264,0,0,0
107900265,0,18,-18
107900267,4,3,1
107900268,0,0,0
107900269,0,0,0
107900270,0,0,0
107900271,0,0,0
107900272,0,0,0
107900273,0,46,-46
107900274,0,0,0
107900275,0,0,0
107900276,0,27,-27
107900277,0,79,-79
107900278,0,72,-72
107900279,15,5,10
107900280,7,122,-115
107900281,645,91,554
107900282,2,20,-18
107900283,71,21,50
107900284,11,280,-269
107900285,3,18,-15
107900286,15,21,-6
107900287,1,10,-9
107900290,0,5,-5
107900291,21,0,21
107900292,7,46,-39
107900293,2,65,-63
107900295,2,30,-28
107900297,2,56,-54
107900298,68,127,-59
107900299,811,119,692
107900300,11,43,-32
107900301,7,40,-33
107900302,7,2,5
107900303,1,74,-73
107900304,6,167,-161
107900305,15,0,15
107900306,0,0,0
107900307,6,115,-109
107900308,25,1,24
107900309,0,0,0
107900310,0,0,0
107900311,3,6,-3
107900312,0,0,0
107900313,0,8,-8
107900314,0,10,-10
107900315,0,12,-12
107900316,1,0,1
107900317,1,0,1
107900318,0,12,-12
107900319,1,85,-84
107900320,1,46,-45
107900321,1,0,1
107900322,0,57,-57
107900323,0,30,-30
107900324,4,0,4
107900325,0,0,0
107900326,0,116,-116
107900327,1,0,1
107900328,0,0,0
107900329,0,0,0
107900330,2,172,-170
107900331,0,0,0
107900332,4,1,3
107900333,3,3,0
107900334,1,56,-55
107900335,7,10,-3
107900336,2,7,-5
107900337,229,30,199
107900338,0,65,-65
107900339,0,9,-9
107900340,0,14,-14
107900341,3,0,3
107900342,3,32,-29
107900343,3,1,2
107900344,3,43,-40
107900345,0,4,-4
107900346,0,0,0
107900347,0,0,0
107900348,0,0,0
107900349,1,0,1
107900350,11,77,-66
108000001,435,546,-111
108000002,1504,2412,-908
108000003,490,336,154
108000004,9673,8536,1137
108000005,427,419,8
108000006,1413,3452,-2039
108000007,451,588,-137
108000008,1727,3157,-1430
108000009,286,700,-414
108000010,815,2977,-2162
108000011,1746,1198,548
108000012,8814,7849,965
108000014,21,105,-84
108000015,6,42,-36
108000016,93,449,-356
108000017,2,40,-38
108000018,3,63,-60
108000019,6,77,-71
108000020,0,0,0
108000021,177,1121,-944
108000022,156,707,-551
108000023,0,0,0
108000024,14,274,-260
108000025,12,88,-76
108000026,23,231,-208
108000027,22,294,-272
108000028,7,165,-158
108000029,17,403,-386
108000030,10,96,-86
108000031,37,363,-326
108000032,0,0,0
108000033,150,642,-492
108000034,1,0,1
108000035,251,1442,-1191
108000036,113,846,-733
108000037,122,16,106
108000038,83,12,71
108000039,113,1238,-1125
108000040,35,28,7
108000041,266,1576,-1310
108000042,0,103,-103
108000043,17,224,-207
108000044,5,63,-58
108000045,38,785,-747
108000046,2,3,-1
108000047,99,750,-651
108000048,72,417,-345
108000049,22,17,5
108000050,22,228,-206
108000051,12,7,5
108000052,138,260,-122
108000053,25,25,0
108000054,69,268,-199
108000055,42,23,19
108000056,285,514,-229
108000057,30,96,-66
108000058,16,275,-259
108000059,1165,561,604
108000060,2,14,-12
108000061,74,158,-84
108000062,16,16,0
108000063,37,228,-191
108000064,0,0,0
108000065,74,208,-134
108000066,367,104,263
108000067,62,67,-5
108000068,0,0,0
108000069,80,840,-760
108000070,0,0,0
108000071,120,1096,-976
108000072,0,0,0
108000073,256,988,-732
108000074,0,0,0
108000075,42,383,-341
108000076,0,0,0
108000077,162,558,-396
108000078,19,53,-34
108000079,511,1056,-545
108000080,5,18,-13
108000081,162,1381,-1219
108000082,258,779,-521
108000083,29,17,12
108000084,48,501,-453
108000085,1,7,-6
108000086,186,330,-144
108000087,0,16,-16
108000088,0,0,0
108000089,41,57,-16
108000090,11,1,10
108000091,11,305,-294
108000092,1,3,-2
108000093,61,389,-328
108000094,0,0,0
108000095,68,317,-249
108000096,0,0,0
108000097,39,370,-331
108000098,36,138,-102
108000099,0,0,0
108000100,0,0,0
108000101,0,3,-3
108000102,118,274,-156
108000106,0,0,0
108000107,1,351,-350
108000108,0,0,0
108000109,5,401,-396
108000110,14,60,-46
108000111,58,481,-423
108000112,0,0,0
108000113,25,19,6
108000115,67,88,-21
108000117,107,75,32
108000118,20,76,-56
108000119,54,218,-164
108000120,4,78,-74
108000121,10,293,-283
108000122,12,81,-69
108000123,3,0,3
108000124,11,469,-458
108000125,7,0,7
108000126,19,379,-360
108000127,8,3,5
108000128,45,473,-428
108000129,41,867,-826
108000130,1,2,-1
108000131,6,0,6
108000132,279,499,-220
108000133,4,3,1
108000134,132,657,-525
108000135,18,4,14
108000136,244,850,-606
108000137,2,6,-4
108000138,26,155,-129
108000139,1,9,-8
108000140,21,8,13
108000141,11,89,-78
108000142,40,144,-104
108000143,11,69,-58
108000144,6,6,0
108000145,15,144,-129
108000146,9,3,6
108000147,2,136,-134
108000148,6,1,5
108000149,4,37,-33
108000150,5,2,3
108000151,1,3,-2
108000152,15,111,-96
108000153,6,8,-2
108000154,10,21,-11
108000155,4,5,-1
108000156,171,18,153
108000157,13,9,4
108000158,17,75,-58
108000159,43,6,37
108000160,853,172,681
108000161,761,196,565
108000165,0,12,-12
108000172,0,0,0
108000173,610,69,541
108000175,0,40,-40
108000178,157,208,-51
108000179,0,0,0
108000181,6,7,-1
108000182,6,3,3
108000183,1,18,-17
108000184,140,183,-43
108000185,8,277,-269
108000186,3,11,-8
108000187,12,164,-152
108000188,13,32,-19
108000189,16,37,-21
108000190,13,80,-67
108000192,15,206,-191
108000193,193,10,183
108000194,0,0,0
108000195,1,1025,-1024
108000196,0,43,-43
108000198,81,145,-64
108000199,0,92,-92
108000200,9,111,-102
108000202,2,160,-158
108000203,7,348,-341
108000204,11,3,8
108000205,136,116,20
108000339,67,21,46
108000364,3,12,-9
108000365,0,47,-47
108000367,10,48,-38
108000368,2,24,-22
108000369,551,41,510
108000371,0,324,-324
108000372,0,0,0
108000373,0,0,0
108000376,15,6,9
108000377,33,11,22
108000378,1843,967,876
108000379,11,54,-43
108000381,0,0,0
108000382,0,0,0
108000383,0,33,-33
108900001,8,52,-44
108900002,19,5,14
108900003,43,110,-67
108900004,168,76,92
108900005,1,20,-19
108900006,71,51,20
108900007,3,21,-18
108900008,1,26,-25
108900009,0,18,-18
108900010,13,21,-8
108900011,5,61,-56
108900012,14,91,-77
108900013,6,65,-59
108900014,0,8,-8
108900015,0,1,-1
108900016,2,19,-17
108900017,9,15,-6
108900018,3,112,-109
108900019,0,242,-242
108900020,0,55,-55
108900021,9,45,-36
108900022,1,44,-43
108900023,0,15,-15
108900024,0,22,-22
108900025,0,0,0
108900026,0,8,-8
108900028,1,76,-75
108900029,1,23,-22
108900031,1,140,-139
108900032,0,35,-35
108900034,0,18,-18
108900035,4,392,-388
108900036,24,64,-40
108900037,1,57,-56
108900039,0,21,-21
108900040,0,22,-22
108900041,593,73,520
108900042,0,58,-58
108900043,5,47,-42
108900045,6,107,-101
108900046,0,19,-19
108900047,0,11,-11
108900048,3,106,-103
108900049,494,30,464
108900050,0,25,-25
108900051,0,42,-42
108900052,0,65,-65
108900053,8,7,1
108900054,1,13,-12
108900055,4,95,-91
108900056,1,71,-70
108900057,0,54,-54
108900058,2,113,-111
108900059,10,0,10
108900060,0,0,0
108900061,3,0,3
108900062,0,111,-111
108900063,0,45,-45
108900064,1,2,-1
108900065,0,21,-21
108900066,0,0,0
108900067,2,44,-42
108900068,0,23,-23
108900069,0,7,-7
108900070,3,14,-11
108900071,0,0,0
108900072,7,0,7
108900073,0,7,-7
108900074,0,58,-58
108900075,1,14,-13
108900076,0,0,0
108900077,4,13,-9
108900078,0,15,-15
108900079,16,24,-8
108900080,0,0,0
108900081,11,55,-44
108900082,2,5,-3
108900083,0,0,0
108900084,27,14,13
108900085,217,11,206
108900086,2,22,-20
108900087,4,11,-7
108900088,0,0,0
108900089,0,0,0
108900090,0,22,-22
108900091,18,8,10
108900092,0,3,-3
108900093,0,0,0
108900094,4,3,1
108900095,2,34,-32
108900096,33,3,30
108900097,0,96,-96
108900098,13,1,12
108900099,0,101,-101
108900100,3,10,-7
108900101,0,0,0
108900102,0,8,-8
108900103,0,0,0
108900104,39,48,-9
108900105,0,0,0
108900106,1,107,-106
108900108,0,0,0
108900109,0,0,0
108900110,2,100,-98
108900111,3,155,-152
108900112,0,0,0
108900113,1,0,1
108900114,0,0,0
108900115,0,0,0
108900116,0,0,0
108900117,0,0,0
108900119,0,0,0
108900120,0,0,0
108900121,0,0,0
108900122,0,0,0
108900123,0,0,0
108900124,0,1,-1
108900126,0,0,0
108900127,0,0,0
108900128,0,0,0
108900129,0,0,0
108900131,0,0,0
108900132,0,0,0
108900133,0,0,0
108900134,0,0,0
108900135,0,0,0
108900137,1,0,1
108900138,0,0,0
108900139,0,0,0
108900140,0,0,0
108900141,0,0,0
108900142,0,0,0
108900143,0,0,0
108900144,0,0,0
108900145,0,0,0
108900146,0,0,0
108900147,3,0,3
108900148,13,6,7
108900149,54,26,28
108900150,0,0,0
108900151,0,0,0
108900152,0,5,-5
108900153,0,29,-29
108900154,1,3,-2
108900155,1,4,-3
108900156,0,0,0
108900157,0,59,-59
108900158,0,2,-2
108900159,0,26,-26
108900160,1,25,-24
108900161,1,71,-70
108900162,0,0,0
108900163,0,0,0
108900164,3,6,-3
108900165,8,5,3
108900167,114,23,91
108900168,974,61,913
108900169,20,27,-7
108900171,548,209,339
108900172,0,0,0
108900173,12,19,-7
108900174,0,0,0
108900176,10,90,-80
108900177,1105,92,1013
108900178,325,43,282
108900179,5,21,-16
108900180,0,0,0
108900182,0,2,-2
108900183,9,12,-3
108900184,11,5,6
108900185,1,54,-53
108900186,0,49,-49
108900187,0,0,0
108900188,0,0,0
108900189,0,0,0
108900190,1,503,-502
108900191,0,0,0
108900192,0,41,-41
108900193,0,0,0
108900194,0,55,-55
108900195,3,47,-44
108900196,3,113,-110
108900198,0,73,-73
108900199,9,60,-51
108900200,67,56,11
108900201,21,161,-140
108900203,6,0,6
108900204,2,0,2
108900205,6,0,6
108900206,0,0,0
108900207,0,0,0
108900208,8,52,-44
108900209,22,126,-104
108900210,4,3,1
108900211,2,7,-5
108900212,27,20,7
108900215,9,92,-83
108900216,2,9,-7
108900217,0,0,0
108900218,0,0,0
108900219,0,0,0
108900220,0,0,0
108900221,1,1,0
108900222,0,0,0
108900223,0,2,-2
108900224,3,5,-2
108900225,0,13,-13
108900226,0,0,0
108900227,0,2,-2
108900230,21,24,-3
108900231,0,34,-34
108900232,0,135,-135
108900233,0,0,0
108900234,0,0,0
108900235,6,38,-32
108900236,2,22,-20
108900237,1,20,-19
108900240,0,18,-18
108900241,0,0,0
108900245,0,0,0
108900249,0,0,0
108900250,0,14,-14
108900257,4,105,-101
108900258,1,9,-8
108900259,0,5,-5
108900260,1,13,-12
108900261,1,9,-8
108900262,0,0,0
108900263,0,0,0
108900264,0,0,0
108900265,0,0,0
108900266,0,0,0
108900267,0,0,0
108900268,0,0,0
108900269,0,0,0
108900270,0,0,0
108900271,0,0,0
108900272,0,0,0
108900273,0,0,0
108900274,11,7,4
108900275,0,0,0
108900276,0,8,-8
109000001,584,194,390
109000002,4566,676,3890
109000003,324,151,173
109000004,370,1735,-1365
109000005,223,167,56
109000006,395,1522,-1127
109000007,121,141,-20
109000008,231,1233,-1002
109000009,508,268,240
109000010,763,2522,-1759
109000011,317,246,71
109000012,832,2342,-1510
109000013,415,237,178
109000014,545,2214,-1669
109000015,512,395,117
109000016,5788,2849,2939
109000017,245,235,10
109000018,451,2311,-1860
109000019,317,255,62
109000020,574,1385,-811
109000023,0,0,0
109000024,2,24,-22
109000025,135,64,71
109000026,101,82,19
109000027,13,49,-36
109000028,5,30,-25
109000029,53,35,18
109000030,17,193,-176
109000031,0,0,0
109000032,8,191,-183
109000033,0,0,0
109000034,1,1,0
109000035,0,0,0
109000036,13,186,-173
109000037,18,39,-21
109000038,348,144,204
109000039,92,25,67
109000040,628,121,507
109000041,3619,339,3280
109000042,96,300,-204
109000044,2,4,-2
109000045,31,295,-264
109000046,0,3,-3
109000047,7,354,-347
109000048,2,2,0
109000049,89,516,-427
109000050,4,3,1
109000051,112,306,-194
109000052,56,404,-348
109000053,0,1,-1
109000054,9,176,-167
109000055,9,33,-24
109000056,19,100,-81
109000057,29,28,1
109000058,92,21,71
109000059,30,149,-119
109000060,33,6,27
109000061,364,67,297
109000062,7,7,0
109000063,62,57,5
109000064,5,1,4
109000065,4,95,-91
109000066,10,1,9
109000067,8,94,-86
109000068,0,0,0
109000069,0,0,0
109000070,1,335,-334
109000071,143,12,131
109000072,6,76,-70
109000073,11,21,-10
109000074,2,37,-35
109000075,31,478,-447
109000076,3,24,-21
109000077,41,61,-20
109000078,5,9,-4
109000079,6,54,-48
109000080,1,32,-31
109000081,0,133,-133
109000082,15,68,-53
109000083,8,203,-195
109000088,12,82,-70
109000089,16,2,14
109000090,26,123,-97
109000091,37,16,21
109000092,93,232,-139
109000093,35,10,25
109000094,15,0,15
109000095,8,186,-178
109000096,30,2,28
109000097,9,22,-13
109000098,0,0,0
109000099,56,93,-37
109000100,16,256,-240
109000101,101,154,-53
109000102,27,563,-536
109000103,35,199,-164
109000104,105,69,36
109000105,55,1012,-957
109000106,189,96,93
109000107,64,858,-794
109000108,106,91,15
109000109,141,876,-735
109000110,124,117,7
109000111,249,1029,-780
109000112,53,52,1
109000113,28,117,-89
109000114,0,17,-17
109000115,57,1,56
109000116,2,129,-127
109000117,4,5,-1
109000118,2,168,-166
109000119,20,26,-6
109000120,18,730,-712
109000121,4,9,-5
109000122,12,925,-913
109000123,2,20,-18
109000124,58,119,-61
109000125,43,79,-36
109000126,60,1163,-1103
109000127,24,37,-13
109000128,66,1502,-1436
109000129,23,16,7
109000130,182,1812,-1630
109000131,65,35,30
109000132,274,933,-659
109000133,44,441,-397
109000134,126,969,-843
109000135,131,644,-513
109000136,8,17,-9
109000137,51,71,-20
109000138,11,26,-15
109000139,28,81,-53
109000140,4,23,-19
109000141,24,171,-147
109000142,11,100,-89
109000143,2,9,-7
109000145,37,9,28
109000146,2,1,1
109000148,1286,114,1172
109000149,7,27,-20
109000150,0,0,0
109000155,58,150,-92
109000156,314,219,95
109000158,1,81,-80
109000159,8,197,-189
109000160,92,128,-36
109000161,27,428,-401
109000162,189,434,-245
109000163,50,315,-265
109000164,106,631,-525
109000165,69,156,-87
109000166,45,84,-39
109000167,11,182,-171
109000170,0,0,0
109000171,0,0,0
109000172,0,0,0
109000173,0,1,-1
109000174,0,2,-2
109000175,0,0,0
109000176,9,165,-156
109000177,0,0,0
109000178,14,49,-35
109000179,1168,227,941
109000180,1228,479,749
109000181,13,26,-13
109000182,3,21,-18
109000183,3,9,-6
109000184,3,2,1
109000185,1,11,-10
109000188,9,125,-116
109000189,112,211,-99
109000190,84,316,-232
109000191,0,0,0
109000192,1,23,-22
109000193,22,153,-131
109000194,1,10,-9
109000195,7,152,-145
109000196,6,8,-2
109000197,25,140,-115
109000198,2,7,-5
109000199,19,133,-114
109000206,12,12,0
109000207,6,7,-1
109000208,24,16,8
109000209,2,8,-6
109000210,36,92,-56
109000211,0,1,-1
109000214,6,52,-46
109000215,0,2,-2
109000216,10,21,-11
109000217,18,18,0
109000218,14,30,-16
109000221,16,226,-210
109000222,34,3,31
109000223,28,53,-25
109000224,7,31,-24
109000225,2,7,-5
109000226,8,62,-54
109000227,45,274,-229
109000228,2,152,-150
109000231,3,145,-142
109000232,11,136,-125
109000236,43,513,-470
109000241,133,511,-378
109000242,65,184,-119
109000293,0,0,0
109000361,12,39,-27
109000364,11,151,-140
109000396,0,292,-292
109000397,47,4,43
109000399,38,114,-76
109000400,7,129,-122
109000403,2,30,-28
109000406,19,3,16
109000407,11,19,-8
109000408,2,100,-98
109000410,193,84,109
109000411,0,0,0
109900001,0,0,0
109900002,0,0,0
109900003,0,0,0
109900004,37,30,7
109900005,0,2,-2
109900006,0,22,-22
109900007,0,220,-220
109900008,0,5,-5
109900009,4,313,-309
109900010,0,0,0
109900011,3,2,1
109900012,5,6,-1
109900013,17,15,2
109900014,13,6,7
109900015,9,6,3
109900016,8,13,-5
109900017,11,10,1
109900018,4,37,-33
109900019,7,14,-7
109900020,0,0,0
109900021,0,0,0
109900022,0,29,-29
109900023,0,0,0
109900024,0,0,0
109900025,0,8,-8
109900026,0,12,-12
109900027,0,1,-1
109900028,231,32,199
109900029,1,66,-65
109900030,0,0,0
109900031,0,21,-21
109900032,0,38,-38
109900033,0,0,0
109900034,2,0,2
109900035,0,3,-3
109900036,1,18,-17
109900037,0,88,-88
109900038,0,0,0
109900039,0,0,0
109900040,0,144,-144
109900041,0,65,-65
109900042,5,99,-94
109900044,1,20,-19
109900045,1,5,-4
109900046,0,0,0
109900047,17,37,-20
109900048,2,23,-21
109900049,1,5,-4
109900050,0,56,-56
109900051,0,2,-2
109900052,1,60,-59
109900053,3,93,-90
109900054,0,0,0
109900055,1,66,-65
109900056,0,2,-2
109900057,2,29,-27
109900058,0,9,-9
109900059,0,0,0
109900060,0,0,0
109900061,23,92,-69
109900062,0,40,-40
109900063,2,25,-23
109900064,4,1,3
109900065,9,25,-16
109900066,26,179,-153
109900067,0,95,-95
109900068,0,0,0
109900069,0,5,-5
109900070,20,58,-38
109900071,0,3,-3
109900072,6,58,-52
109900073,0,39,-39
109900074,1,25,-24
109900075,0,0,0
109900076,0,28,-28
109900077,0,29,-29
109900078,2,50,-48
109900080,3,31,-28
109900081,1,3,-2
109900082,2,48,-46
109900083,0,11,-11
109900084,0,23,-23
109900085,3,88,-85
109900086,0,0,0
109900087,10,72,-62
109900089,0,0,0
109900090,14,41,-27
109900091,0,0,0
109900092,0,0,0
109900093,0,0,0
109900094,1,17,-16
109900095,0,0,0
109900096,0,0,0
109900097,0,0,0
109900098,0,0,0
109900099,0,0,0
109900100,0,0,0
109900101,0,0,0
109900102,0,0,0
109900103,1,9,-8
109900104,0,388,-388
109900105,0,0,0
109900106,0,0,0
109900107,0,0,0
109900108,6,320,-314
109900109,0,74,-74
109900110,1,22,-21
109900111,9,43,-34
109900112,6,56,-50
109900113,0,0,0
109900114,0,3,-3
109900115,0,0,0
109900117,0,0,0
109900118,25,114,-89
109900119,48,60,-12
109900120,1,1,0
109900121,20,7,13
109900122,0,0,0
109900123,0,23,-23
109900124,2,43,-41
109900125,0,21,-21
109900126,1,22,-21
109900128,0,0,0
109900130,201,6,195
109900131,0,0,0
109900132,0,0,0
109900133,0,0,0
109900134,0,0,0
109900135,27,4,23
109900136,4,20,-16
109900137,0,0,0
109900138,0,0,0
109900140,6,101,-95
109900141,10,28,-18
109900142,50,27,23
109900145,0,8,-8
109900146,10,2,8
109900148,2,17,-15
109900149,3,2,1
109900150,1,14,-13
109900151,0,4,-4
109900152,1,3,-2
109900153,0,5,-5
109900154,0,0,0
109900155,0,0,0
109900157,5,37,-32
109900158,18,21,-3
109900159,7,7,0
109900160,6,4,2
109900161,3,4,-1
109900162,14,6,8
109900163,22,2,20
109900164,5,58,-53
109900165,9,0,9
109900166,0,18,-18
109900167,7,110,-103
109900168,5,114,-109
109900169,11,52,-41
109900170,33,30,3
109900171,5,6,-1
109900172,11,11,0
109900173,642,58,584
109900174,4,15,-11
109900175,6,56,-50
109900176,20,76,-56
109900177,12,121,-109
109900178,0,14,-14
109900179,0,0,0
109900180,0,0,0
110000001,189,239,-50
110000002,58,67,-9
110000003,1007,409,598
110000004,180,97,83
110000005,484,210,274
110000006,89,158,-69
110000007,1,18,-17
110000008,3,33,-30
110000009,0,0,0
110000010,3,39,-36
110000011,0,17,-17
110000012,318,213,105
110000013,2,49,-47
110000014,244,54,190
110000015,16,41,-25
110000016,88,117,-29
110000017,205,28,177
110000018,1039,79,960
110000019,1,66,-65
110000020,95,91,4
110000021,20,28,-8
110000022,59,4,55
110000023,1,50,-49
110000024,293,217,76
110000025,11,0,11
110000026,4,140,-136
110000027,78,46,32
110000028,33,51,-18
110000029,121,391,-270
110000030,6,25,-19
110000031,49,262,-213
110000032,15,15,0
110000033,16,18,-2
110000034,86,327,-241
110000035,42,200,-158
110000036,84,223,-139
110000037,2,150,-148
110000038,75,142,-67
110000039,106,125,-19
110000040,53,117,-64
110000041,0,0,0
110000042,17,111,-94
110000043,0,0,0
110000044,1,9,-8
110000045,0,0,0
110000046,0,2,-2
110000047,0,0,0
110000048,0,1,-1
110000049,0,0,0
110000050,0,1,-1
110000051,0,0,0
110000052,0,0,0
110000053,0,0,0
110000054,4,54,-50
110000055,0,0,0
110000056,0,0,0
110000057,90,387,-297
110000058,90,69,21
110000059,163,395,-232
110000060,76,91,-15
110000061,524,562,-38
110000062,230,138,92
110000063,5,39,-34
110000064,0,0,0
110000065,9,21,-12
110000066,7,11,-4
110000067,4,7,-3
110000068,0,0,0
110000069,15,36,-21
110000071,4,38,-34
110000073,0,7,-7
110000075,0,87,-87
110000076,24,7,17
110000077,50,33,17
110000078,7,20,-13
110000080,79,272,-193
110000081,2,75,-73
110000082,6,62,-56
110000083,76,290,-214
110000084,59,80,-21
110000085,1553,539,1014
110000086,115,249,-134
110000087,0,21,-21
110000088,1,128,-127
110000089,3,32,-29
110000090,7,87,-80
110000091,544,137,407
110000092,5,18,-13
110000093,31,0,31
110000094,129,225,-96
110000095,9,105,-96
110000096,1128,605,523
110000097,214,186,28
110000098,102,88,14
110000099,168,480,-312
110000100,5,161,-156
110000101,0,178,-178
110000102,14,2,12
110000104,11,4,7
110000105,2,47,-45
110000106,29,22,7
110000107,39,29,10
110000108,29,0,29
110000109,38,224,-186
110000110,650,260,390
110000111,2864,671,2193
110000112,206,92,114
110000113,119,107,12
110000114,51,69,-18
110000115,11,32,-21
110000116,3,5,-2
110000117,5,282,-277
110000118,32,84,-52
110000119,20,255,-235
110000120,38,30,8
110000121,11,111,-100
110000122,55,202,-147
110000123,21,65,-44
110000124,3,394,-391
110000125,0,0,0
110000126,0,0,0
110000127,0,0,0
110000128,2,836,-834
110000129,3,303,-300
110000130,0,0,0
110000131,34,165,-131
110000132,1,318,-317
110000133,16,109,-93
110000134,10,96,-86
110000135,0,0,0
110000136,7,98,-91
110000137,4,99,-95
110000138,29,340,-311
110000139,18,206,-188
110000140,0,0,0
110000143,75,26,49
110000144,1062,280,782
110000145,245,125,120
110000146,534,190,344
110000147,43,287,-244
110000148,0,0,0
110000151,38,33,5
110000152,70,78,-8
110000153,6,28,-22
110000154,0,0,0
110000155,509,918,-409
110000156,162,527,-365
110000157,593,591,2
110000160,54,96,-42
110000161,36,128,-92
110000166,15,6,9
110000167,53,103,-50
110000168,96,50,46
110000169,34,44,-10
110000170,0,1,-1
110000171,5,8,-3
110000172,32,476,-444
110000173,241,522,-281
110000174,16,511,-495
110000175,0,0,0
110000176,0,0,0
110000177,3,47,-44
110000178,542,196,346
110000179,335,116,219
110000180,29,98,-69
110000181,50,115,-65
110000182,171,80,91
110000183,1413,642,771
110000184,44,181,-137
110000185,239,383,-144
110000186,202,177,25
110000191,9,156,-147
110000192,15,0,15
110000193,23,0,23
110000194,4,523,-519
110000195,3,41,-38
110000196,21,132,-111
110000197,0,18,-18
110000198,0,7,-7
110000199,12,49,-37
110000200,95,279,-184
110000201,51,108,-57
110000202,150,116,34
110000203,48,336,-288
110000204,1,94,-93
110000205,1,4,-3
110000206,29,544,-515
110000207,35,90,-55
110000208,9,10,-1
110000209,39,337,-298
110000210,0,0,0
110000211,0,0,0
110000212,16,98,-82
110000213,4,4,0
110000214,7,20,-13
110000215,9,266,-257
110000216,8,248,-240
110000217,6,32,-26
110000218,20,260,-240
110000219,7,2,5
110000220,8,208,-200
110000221,14,4,10
110000222,12,104,-92
110000223,4,3,1
110000224,1,4,-3
110000225,27,233,-206
110000226,13,3,10
110000227,87,83,4
110000228,18,3,15
110000229,0,99,-99
110000230,63,65,-2
110000231,4,30,-26
110000232,7,154,-147
110000233,0,45,-45
110000234,10,69,-59
110000235,41,196,-155
110000236,134,623,-489
110000237,383,533,-150
110000238,62,327,-265
110000239,166,511,-345
110000240,1,71,-70
110000242,0,31,-31
110000243,14,63,-49
110000244,10,146,-136
110000245,5,169,-164
110000246,55,186,-131
110000247,184,1162,-978
110000248,16,440,-424
110000249,0,0,0
110000250,5,56,-51
110000251,10,147,-137
110000252,15,123,-108
110000253,48,60,-12
110000254,129,680,-551
110000255,27,497,-470
110000256,15,17,-2
110000257,67,236,-169
110000258,0,63,-63
110000259,8,9,-1
110000260,7,74,-67
110000263,88,45,43
110000264,28,138,-110
110000265,345,333,12
110000266,409,437,-28
110000267,6,109,-103
110000268,6,63,-57
110000269,0,34,-34
110000270,0,0,0
110000271,25,19,6
110000272,151,405,-254
110000273,426,524,-98
110000274,28,203,-175
110000275,770,157,613
110000276,39,108,-69
110000277,16,63,-47
110000278,66,286,-220
110000279,6,128,-122
110000280,2,97,-95
110000281,7,54,-47
110000282,7,15,-8
110000283,0,2,-2
110000284,2,5,-3
110000285,0,93,-93
110000286,0,0,0
110000287,0,0,0
110000288,0,39,-39
110000289,27,383,-356
110000290,494,262,232
110000291,1777,400,1377
110000292,404,554,-150
110000293,31,386,-355
110000294,60,266,-206
110000295,7,288,-281
110000296,24,209,-185
110000297,366,199,167
110000298,21,154,-133
110000299,0,0,0
110000301,0,0,0
110000302,19,557,-538
110000303,0,0,0
110000304,18,123,-105
110000305,10,1,9
110000306,24,1063,-1039
110000307,29,0,29
110000308,0,1,-1
110000309,2,732,-730
110000310,42,19,23
110000311,4,512,-508
110000312,28,7,21
110000313,403,822,-419
110000314,1,134,-133
110000315,807,603,204
110000316,221,652,-431
110000317,186,169,17
110000318,2,39,-37
110000319,0,0,0
110000320,4,29,-25
110000321,1,0,1
110000322,15,106,-91
110000323,29,139,-110
110000324,2360,987,1373
110000325,10,43,-33
110000327,0,61,-61
110000328,85,361,-276
110000333,16,8,8
110000334,87,676,-589
110000335,80,102,-22
110000336,63,688,-625
110000337,48,94,-46
110000338,1,70,-69
110000339,10,70,-60
110000340,4,78,-74
110000341,50,427,-377
110000342,0,0,0
110000343,0,12,-12
110000344,4,64,-60
110000345,4,7,-3
110000346,684,465,219
110000347,228,51,177
110000348,0,11,-11
110000349,0,7,-7
110000350,0,0,0
110000351,43,261,-218
110000352,52,801,-749
110000353,755,325,430
110000354,132,776,-644
110000355,1,37,-36
110000356,0,0,0
110000357,46,8,38
110000361,2,26,-24
110000362,0,0,0
110000363,10,19,-9
110000364,1,68,-67
110000365,0,0,0
110000366,0,56,-56
110000367,73,154,-81
110000368,0,51,-51
110000369,0,0,0
110000373,0,131,-131
110000374,2,0,2
110000375,15,312,-297
110000376,7,40,-33
110000377,0,0,0
110000378,12,187,-175
110000379,859,395,464
110000380,4,3,1
110000383,0,150,-150
110000384,1,33,-32
110000385,0,130,-130
110000387,0,18,-18
110000388,3,115,-112
110000389,0,3,-3
110000391,2,127,-125
110000396,9,76,-67
110000397,0,20,-20
110000398,1,4,-3
110000399,0,0,0
110000587,0,1,-1
110000589,2,3,-1
110000640,16,31,-15
110000652,1,12,-11
110000653,39,234,-195
110000654,0,5,-5
110000656,1,211,-210
110000674,2,2,0
110000675,1,0,1
110000676,0,17,-17
110000679,290,150,140
110000682,0,0,0
110000683,15,24,-9
110000684,0,34,-34
110000685,0,0,0
110000686,2,9,-7
110000687,0,0,0
110000688,18,8,10
110000689,3,23,-20
110000692,14,41,-27
110000693,16,91,-75
110000694,0,134,-134
110000695,55,417,-362
110000696,0,0,0
110900001,0,6,-6
110900002,0,44,-44
110900003,0,283,-283
110900004,0,80,-80
110900005,346,37,309
110900006,0,0,0
110900007,0,0,0
110900008,1,5,-4
110900009,0,0,0
110900010,0,16,-16
110900011,1,17,-16
110900012,0,18,-18
110900013,0,0,0
110900014,0,0,0
110900015,0,0,0
110900016,0,23,-23
110900017,0,0,0
110900018,0,0,0
110900019,0,0,0
110900020,0,112,-112
110900021,3,137,-134
110900022,3,77,-74
110900023,10,86,-76
110900024,3,169,-166
110900025,1,9,-8
110900027,1,35,-34
110900028,1,22,-21
110900029,31,108,-77
110900030,2,30,-28
110900031,0,43,-43
110900032,0,17,-17
110900033,9,56,-47
110900035,2,60,-58
110900036,0,2,-2
110900037,3,2,1
110900038,28,2,26
110900039,1,22,-21
110900040,6,2,4
110900041,0,47,-47
110900042,0,0,0
110900043,0,30,-30
110900044,0,0,0
110900045,2,146,-144
110900046,21,82,-61
110900047,0,0,0
110900049,0,0,0
110900050,0,0,0
110900051,4,24,-20
110900052,0,47,-47
110900053,0,0,0
110900054,0,61,-61
110900055,0,0,0
110900056,10,24,-14
110900057,0,53,-53
110900058,0,0,0
110900059,42,143,-101
110900060,0,2,-2
110900061,1,2,-1
110900062,0,0,0
110900063,0,18,-18
110900064,0,0,0
110900065,9,0,9
110900066,0,19,-19
110900067,0,0,0
110900068,17,28,-11
110900069,0,6,-6
110900070,1,1,0
110900071,0,0,0
110900073,0,9,-9
110900074,1,11,-10
110900075,4,5,-1
110900077,1,2,-1
110900078,1,33,-32
110900079,107,15,92
110900080,0,0,0
110900081,0,25,-25
110900082,0,0,0
110900083,0,0,0
110900084,1,83,-82
110900085,2,144,-142
110900086,0,0,0
110900087,0,0,0
110900088,0,0,0
110900090,0,0,0
110900091,0,0,0
110900093,0,0,0
110900095,0,5,-5
110900097,0,3,-3
110900098,0,31,-31
110900099,9,98,-89
110900100,0,1,-1
110900102,0,2,-2
110900105,122,63,59
110900108,0,22,-22
110900111,3,6,-3
110900112,0,0,0
110900113,0,0,0
110900115,0,0,0
110900116,13,587,-574
110900118,5,13,-8
110900119,1091,23,1068
110900120,0,39,-39
110900121,0,0,0
110900122,1,1,0
110900125,0,5,-5
110900127,42,154,-112
110900128,5,6,-1
110900129,0,0,0
110900130,57,7,50
110900131,0,0,0
110900132,3,0,3
110900133,3,51,-48
110900135,8,90,-82
110900136,0,0,0
110900137,0,0,0
110900138,0,194,-194
110900139,0,3,-3
110900140,0,0,0
110900141,0,17,-17
110900142,10,31,-21
110900143,0,0,0
110900144,4,288,-284
110900145,4,0,4
110900146,23,0,23
110900147,69,124,-55
110900148,0,130,-130
110900149,0,7,-7
110900150,1,1,0
110900151,1,24,-23
110900152,1,88,-87
110900153,0,0,0
111000001,199,51,148
111000002,235,263,-28
111000003,71,133,-62
111000004,235,604,-369
111000005,113,201,-88
111000006,386,817,-431
111000007,686,474,212
111000008,2038,872,1166
111000009,277,527,-250
111000010,167,99,68
111000011,631,454,177
111000012,244,99,145
111000013,206,647,-441
111000014,154,113,41
111000017,50,247,-197
111000018,46,198,-152
111000020,847,1201,-354
111000021,0,0,0
111000023,0,0,0
111000025,1792,550,1242
111000029,3,26,-23
111000030,13,35,-22
111000031,106,22,84
111000032,21,27,-6
111000033,0,0,0
111000034,67,159,-92
111000037,651,309,342
111000038,378,588,-210
111000039,130,471,-341
111000040,200,573,-373
111000041,136,237,-101
111000042,1764,510,1254
111000043,0,0,0
111000044,0,0,0
111000045,28,43,-15
111000046,13,26,-13
111000047,139,179,-40
111000049,75,287,-212
111000050,617,870,-253
111000051,160,576,-416
111000052,239,620,-381
111000053,148,474,-326
111000054,150,428,-278
111000055,337,994,-657
111000056,41,267,-226
111000057,16,281,-265
111000058,17,50,-33
111000059,22,84,-62
111000060,93,116,-23
111000061,70,75,-5
111000062,35,84,-49
111000063,105,127,-22
111000064,32,74,-42
111000065,69,93,-24
111000066,52,107,-55
111000067,50,271,-221
111000068,37,249,-212
111000069,559,693,-134
111000070,995,456,539
111000071,57,412,-355
111000072,0,0,0
111000073,0,0,0
111000074,0,0,0
111000075,0,0,0
111000076,0,0,0
111000077,100,177,-77
111000078,460,530,-70
111000079,223,215,8
111000080,83,146,-63
111000081,938,700,238
111000082,128,229,-101
111000084,114,194,-80
111000085,122,134,-12
111000086,115,172,-57
111000087,113,135,-22
111000088,176,154,22
111000089,121,237,-116
111000090,494,425,69
111000091,169,275,-106
111000092,177,407,-230
111000093,70,229,-159
111000094,162,263,-101
111000095,65,441,-376
111000096,552,2113,-1561
111000097,2750,288,2462
111000098,151,574,-423
111000099,90,1122,-1032
111000100,68,1082,-1014
111000101,123,404,-281
111000102,22,409,-387
111000104,0,0,0
111000107,13,345,-332
111000109,0,0,0
111000110,31,4,27
111000111,39,3,36
111000112,36,5,31
111000113,19,6,13
111000114,27,27,0
111000115,1597,151,1446
111000116,58,125,-67
111000117,74,204,-130
111000118,248,142,106
111000119,139,333,-194
111000120,37,142,-105
111000121,19,124,-105
111000122,89,388,-299
111000123,69,1177,-1108
111000124,99,1363,-1264
111000125,35,777,-742
111000126,9,394,-385
111000127,0,0,0
111000128,0,0,0
111000129,0,0,0
111000130,27,81,-54
111000131,41,73,-32
111000132,0,0,0
111000133,8,27,-19
111000134,11,12,-1
111000135,3,65,-62
111000136,10,28,-18
111000138,0,2,-2
111000140,0,3,-3
111000141,16,147,-131
111000142,11,40,-29
111000143,2,31,-29
111000144,1,72,-71
111000145,0,0,0
111000146,0,0,0
111000147,0,0,0
111000148,3,27,-24
111000149,1,25,-24
111000150,0,0,0
111000151,5,7,-2
111000153,68,133,-65
111000154,11,77,-66
111000155,3,64,-61
111000156,0,0,0
111000157,0,0,0
111000158,0,0,0
111000159,0,0,0
111000160,0,0,0
111000161,0,0,0
111000162,1,46,-45
111000163,91,265,-174
111000164,316,844,-528
111000165,362,202,160
111000166,210,81,129
111000167,37,160,-123
111000168,22,71,-49
111000169,11,64,-53
111000170,24,68,-44
111000171,53,192,-139
111000172,10,145,-135
111000173,27,330,-303
111000174,3,170,-167
111000175,6,79,-73
111000176,9,75,-66
111000177,23,67,-44
111000178,39,120,-81
111000179,6,52,-46
111000180,43,106,-63
111000181,47,66,-19
111000182,11,45,-34
111000183,10,38,-28
111000184,19,29,-10
111000185,46,257,-211
111000186,37,138,-101
111000187,14,167,-153
111000188,10,188,-178
111000189,389,188,201
111000190,36,198,-162
111000191,28,165,-137
111000192,47,218,-171
111000193,156,156,0
111000194,7,137,-130
111000195,12,180,-168
111000196,7,89,-82
111000197,0,0,0
111000198,0,0,0
111000199,0,0,0
111000200,0,0,0
111000201,0,0,0
111000202,0,0,0
111000203,0,0,0
111000204,0,0,0
111000213,2,15,-13
111000214,114,287,-173
111000215,93,297,-204
111000217,107,194,-87
111000218,100,242,-142
111000219,81,196,-115
111000220,15,285,-270
111000221,0,0,0
111000224,0,96,-96
111000225,6,16,-10
111000226,0,0,0
111000227,0,0,0
111000228,8,51,-43
111000229,9,118,-109
111000230,0,0,0
111000231,1,8,-7
111000232,53,324,-271
111000233,70,350,-280
111000234,4,120,-116
111000239,61,80,-19
111000240,0,0,0
111000241,6,238,-232
111000242,0,0,0
111000243,19,565,-546
111000244,0,0,0
111000245,1,12,-11
111000246,1,17,-16
111000247,34,569,-535
111000248,13,26,-13
111000249,96,370,-274
111000250,6,38,-32
111000251,4,36,-32
111000253,0,0,0
111000255,0,0,0
111000257,0,0,0
111000260,26,582,-556
111000261,33,2,31
111000271,3,101,-98
111000273,1336,208,1128
111000274,233,494,-261
111000275,0,0,0
111000276,65,639,-574
111000277,29,137,-108
111000278,60,44,16
111000291,20,193,-173
111000298,12,16,-4
111000299,0,0,0
111000300,3,116,-113
111000302,16,4,12
111000303,10,57,-47
111000312,1,11,-10
111000315,0,64,-64
111000320,50,97,-47
111000321,20,7,13
111000322,3,63,-60
111000323,4,7,-3
111000324,0,0,0
111000325,1,32,-31
111000326,9,116,-107
111000327,38,79,-41
111000328,41,133,-92
111000329,1,22,-21
111000330,0,0,0
111000331,1,0,1
111000332,54,235,-181
111000334,80,666,-586
111000335,53,60,-7
111000337,75,325,-250
111000338,1,55,-54
111000339,29,277,-248
111000340,11,289,-278
111000341,80,49,31
111000342,7,138,-131
111000344,119,123,-4
111000345,2,0,2
111000346,7,47,-40
111000347,6,0,6
111000350,5,2,3
111000351,15,50,-35
111000352,3,0,3
111000353,12,56,-44
111000354,8,1,7
111000355,30,140,-110
111000358,5,602,-597
111000360,3,345,-342
111000361,11,158,-147
111000546,70,391,-321
111000547,2,123,-121
111000548,42,114,-72
111000549,16,68,-52
111000550,12,137,-125
111000551,81,15,66
111000552,7,0,7
111000907,0,1,-1
111000908,0,0,0
111000916,110,143,-33
111000917,7,124,-117
111000918,3,367,-364
111000920,0,0,0
111000921,2,166,-164
111000922,43,197,-154
111000924,3,487,-484
111000925,184,444,-260
111000926,445,1363,-918
111000927,1130,968,162
111000928,3990,1740,2250
111000929,112,216,-104
111000930,225,1219,-994
111000931,221,403,-182
111000932,1759,1239,520
111000933,349,202,147
111000934,964,1449,-485
111000935,87,160,-73
111000936,178,1033,-855
111000937,123,86,37
111000938,408,1302,-894
111000939,0,0,0
111000940,28,91,-63
111000941,1,111,-110
111000943,19,54,-35
111000944,2,120,-118
111000945,3,1350,-1347
111001109,0,4,-4
111001110,54,489,-435
111001111,2,3,-1
111001112,28,0,28
111001113,3,79,-76
111001114,0,0,0
111001115,11,161,-150
111001116,610,61,549
111001117,453,392,61
111001120,8,79,-71
111001121,19,90,-71
111001122,28,236,-208
111001123,0,0,0
111900001,0,20,-20
111900002,0,30,-30
111900003,0,22,-22
111900004,0,9,-9
111900006,0,0,0
111900007,0,0,0
111900008,0,0,0
111900009,0,6,-6
111900010,48,72,-24
111900012,17,9,8
111900013,0,10,-10
111900014,890,99,791
111900015,0,10,-10
111900016,0,52,-52
111900017,0,33,-33
111900018,0,0,0
111900019,0,8,-8
111900020,0,5,-5
111900021,0,16,-16
111900022,2,7,-5
111900023,20,7,13
111900024,0,25,-25
111900025,0,7,-7
111900026,0,17,-17
111900027,0,13,-13
111900028,1,166,-165
111900029,0,8,-8
111900030,0,0,0
111900031,0,37,-37
111900032,0,134,-134
111900033,0,2,-2
111900034,0,0,0
111900035,0,32,-32
111900036,0,99,-99
111900038,0,0,0
111900039,3,91,-88
111900040,1,119,-118
111900042,2,8,-6
111900043,1,88,-87
111900044,0,0,0
111900046,13,38,-25
111900048,5,239,-234
111900049,4,73,-69
111900050,1,1,0
111900051,0,47,-47
111900052,66,100,-34
111900053,0,1,-1
111900054,5,0,5
111900055,2,178,-176
111900056,0,0,0
111900057,0,3,-3
111900058,5,259,-254
111900059,0,0,0
111900060,6,0,6
111900061,0,58,-58
111900062,0,0,0
111900063,6,13,-7
111900064,5,80,-75
111900065,0,0,0
111900066,0,0,0
111900067,2,44,-42
111900068,0,0,0
111900069,0,0,0
111900070,0,0,0
111900071,1,47,-46
111900072,0,0,0
111900073,1,1,0
111900074,1,9,-8
111900075,0,0,0
111900076,0,1,-1
111900077,0,0,0
111900078,3,1,2
111900079,0,0,0
111900080,0,0,0
111900081,0,0,0
111900082,0,0,0
111900083,0,0,0
111900084,0,0,0
111900085,0,0,0
111900086,0,0,0
111900087,0,0,0
111900088,0,0,0
111900089,0,0,0
111900090,0,0,0
111900091,2,0,2
111900092,0,0,0
111900093,4,0,4
111900094,0,0,0
111900095,0,0,0
111900096,0,0,0
111900097,0,0,0
111900098,1,0,1
111900099,0,0,0
111900100,0,0,0
111900101,0,0,0
111900102,2,146,-144
111900103,0,0,0
111900104,0,0,0
111900105,0,0,0
111900106,84,0,84
111900107,0,1,-1
111900108,6,1,5
111900109,5,12,-7
111900110,297,7,290
111900111,0,12,-12
111900112,0,0,0
111900113,0,0,0
111900114,3,1,2
111900115,0,0,0
111900118,0,0,0
111900119,0,0,0
111900122,0,0,0
111900123,0,0,0
111900124,4,7,-3
111900125,0,0,0
111900126,0,0,0
111900127,0,0,0
111900128,0,0,0
111900129,0,0,0
111900130,0,0,0
111900131,0,0,0
111900132,0,0,0
111900133,0,0,0
111900134,8,63,-55
111900135,0,0,0
111900136,0,0,0
111900137,4,9,-5
111900138,1,15,-14
111900139,3,37,-34
111900140,0,0,0
111900141,0,0,0
111900142,0,0,0
111900143,0,45,-45
111900144,1,36,-35
111900145,0,112,-112
111900146,1,40,-39
111900147,13,66,-53
111900148,0,74,-74
111900149,0,35,-35
111900150,1,9,-8
111900151,0,2,-2
111900152,9,10,-1
111900153,2,0,2
111900154,0,0,0
111900155,0,0,0
111900156,0,0,0
111900157,0,0,0
111900158,0,0,0
111900159,0,0,0
111900160,0,0,0
111900161,0,1,-1
111900162,0,0,0
111900163,0,0,0
111900164,0,0,0
111901113,1,39,-38
111901114,0,2,-2
111901115,0,0,0
111901116,0,0,0
111901117,0,0,0
111901118,0,0,0
111901119,0,0,0
111901120,0,2,-2
111901121,6,32,-26
111901122,1,86,-85
111901123,0,70,-70
111901124,0,0,0
111901125,0,0,0
111901126,0,0,0
111901127,0,0,0
111901128,0,0,0
111901129,0,0,0
111901130,0,2,-2
111901131,0,39,-39
111901132,0,0,0
111901133,0,0,0
111901134,0,0,0
111901135,0,0,0
111901136,0,0,0
111901137,0,0,0
111901138,0,0,0
111901139,0,0,0
111901140,0,0,0
111901141,0,0,0
111901142,0,0,0
111901143,0,0,0
111901144,0,0,0
111901145,0,0,0
112000001,279,196,83
112000002,311,1036,-725
112000003,154,253,-99
112000004,196,706,-510
112000005,356,329,27
112000006,420,945,-525
112000007,119,195,-76
112000008,273,519,-246
112000009,972,1251,-279
112000010,247,345,-98
112000011,441,1028,-587
112000012,508,426,82
112000013,3319,1405,1914
112000014,215,121,94
112000015,535,852,-317
112000016,211,187,24
112000017,319,737,-418
112000024,642,260,382
112000026,1559,2317,-758
112000027,9,24,-15
112000028,539,1052,-513
112000029,34,27,7
112000030,106,36,70
112000031,444,386,58
112000032,669,39,630
112000033,795,81,714
112000034,122,18,104
112000035,21,102,-81
112000036,105,89,16
112000037,51,266,-215
112000038,106,148,-42
112000039,0,0,0
112000040,15,65,-50
112000041,27,71,-44
112000042,147,100,47
112000050,0,0,0
112000051,30,55,-25
112000054,595,411,184
112000057,161,99,62
112000058,159,106,53
112000059,0,0,0
112000061,2202,583,1619
112000062,1511,81,1430
112000063,178,89,89
112000064,2358,2345,13
112000065,906,979,-73
112000066,0,1,-1
112000067,196,295,-99
112000068,0,0,0
112000069,130,2047,-1917
112000070,70,18,52
112000071,131,1656,-1525
112000072,69,38,31
112000073,156,465,-309
112000074,4,115,-111
112000075,14,83,-69
112000076,323,502,-179
112000077,51,270,-219
112000078,58,256,-198
112000079,188,522,-334
112000080,52,306,-254
112000081,502,695,-193
112000082,33,24,9
112000083,187,495,-308
112000084,44,19,25
112000085,74,508,-434
112000086,32,41,-9
112000087,33,231,-198
112000088,6,12,-6
112000089,25,157,-132
112000090,16,9,7
112000091,132,781,-649
112000092,84,78,6
112000093,321,629,-308
112000094,25,89,-64
112000095,107,384,-277
112000096,11,100,-89
112000097,9,22,-13
112000098,156,663,-507
112000099,10,6,4
112000100,59,38,21
112000101,86,505,-419
112000102,20,17,3
112000103,74,686,-612
112000105,78,972,-894
112000106,22,21,1
112000107,0,0,0
112000108,18,216,-198
112000109,0,0,0
112000110,86,33,53
112000111,414,2934,-2520
112000112,174,21,153
112000113,489,1528,-1039
112000114,31,37,-6
112000115,9,113,-104
112000116,5,151,-146
112000117,4,116,-112
112000118,146,380,-234
112000119,87,394,-307
112000120,15,167,-152
112000121,0,0,0
112000122,0,0,0
112000123,0,0,0
112000124,0,0,0
112000125,0,0,0
112000126,0,0,0
112000127,443,107,336
112000128,229,73,156
112000129,2,37,-35
112000130,6,8,-2
112000131,1,110,-109
112000132,12,240,-228
112000133,0,123,-123
112000134,33,204,-171
112000135,48,16,32
112000136,159,476,-317
112000137,38,14,24
112000138,185,549,-364
112000139,0,0,0
112000140,96,323,-227
112000141,0,0,0
112000142,32,382,-350
112000143,0,0,0
112000144,32,751,-719
112000145,2,27,-25
112000146,164,1018,-854
112000147,0,0,0
112000148,153,854,-701
112000149,0,0,0
112000150,5,124,-119
112000151,0,0,0
112000152,23,78,-55
112000153,0,12,-12
112000154,11,26,-15
112000155,13,8,5
112000157,94,80,14
112000158,16,74,-58
112000159,25,89,-64
112000167,4,2,2
112000169,24,28,-4
112000173,4,68,-64
112000175,12,28,-16
112000176,1848,699,1149
112000177,2,19,-17
112000178,2,2,0
112000179,6,17,-11
112000180,17,84,-67
112000181,161,740,-579
112000182,24,392,-368
112000183,0,0,0
112000184,0,0,0
112000185,24,129,-105
112000187,524,895,-371
112000195,0,0,0
112000196,0,0,0
112000197,0,0,0
112000198,0,8,-8
112000199,39,20,19
112000202,0,1,-1
112000216,5,20,-15
112000230,0,0,0
112000231,0,10,-10
112000256,0,0,0
112000313,4,34,-30
112000314,3,0,3
112000337,22,270,-248
112000352,11,11,0
112000392,412,181,231
112000398,92,72,20
112000399,21,59,-38
112000400,390,1237,-847
112000401,1562,943,619
112000402,145,266,-121
112000403,33,77,-44
112000404,52,55,-3
112000405,50,209,-159
112000406,825,1214,-389
112000407,428,506,-78
112000408,3396,2379,1017
112000409,395,1736,-1341
112000410,0,0,0
112000411,394,28,366
112000412,157,52,105
112000413,230,12,218
112000414,7,26,-19
112000415,0,0,0
112000416,176,110,66
112000417,0,0,0
112000421,6,19,-13
112000422,18,43,-25
112000424,351,258,93
112000425,78,423,-345
112000426,4,62,-58
112000427,0,0,0
112000428,1,28,-27
112000429,425,820,-395
112000430,513,1185,-672
112000431,0,0,0
112000432,128,968,-840
112000433,168,67,101
112000437,4,59,-55
112900001,0,0,0
112900002,0,0,0
112900003,1,49,-48
112900004,1,63,-62
112900005,1,35,-34
112900006,0,122,-122
112900007,0,0,0
112900008,0,0,0
112900009,0,0,0
112900010,0,134,-134
112900011,17,15,2
112900012,0,10,-10
112900013,0,0,0
112900014,0,22,-22
112900015,89,476,-387
112900016,0,64,-64
112900017,0,0,0
112900018,0,92,-92
112900019,4,6,-2
112900020,157,710,-553
112900021,0,63,-63
112900022,0,0,0
112900023,0,37,-37
112900024,3,42,-39
112900025,0,0,0
112900026,1,54,-53
112900027,0,0,0
112900028,5,29,-24
112900029,0,0,0
112900030,36,51,-15
112900031,0,0,0
112900032,6,23,-17
112900034,0,0,0
112900035,0,0,0
112900036,12,8,4
112900037,0,0,0
112900038,1,40,-39
112900039,0,0,0
112900040,0,9,-9
112900041,229,93,136
112900042,3,60,-57
112900043,0,3,-3
112900044,33,71,-38
112900045,0,0,0
112900046,21,3,18
112900047,1,0,1
112900049,0,9,-9
112900050,22,195,-173
112900051,105,211,-106
112900052,1,185,-184
112900053,10,98,-88
112900054,2,0,2
112900055,0,0,0
112900056,0,0,0
112900057,0,151,-151
112900058,20,7,13
112900059,3,10,-7
112900060,1,38,-37
112900061,3,2,1
112900062,5,11,-6
112900063,0,0,0
112900064,12,6,6
112900065,0,0,0
112900066,3,0,3
112900067,64,8,56
112900068,0,0,0
112900069,186,13,173
112900071,0,0,0
112900072,6,19,-13
112900073,0,2,-2
112900074,0,0,0
112900075,10,5,5
112900076,0,0,0
112900078,0,0,0
112900079,0,0,0
112900080,0,0,0
112900081,2,1,1
112900082,4,0,4
112900083,1,2,-1
112900084,0,0,0
112900085,0,0,0
112900086,0,0,0
112900087,4,3,1
112900088,0,0,0
112900089,9,0,9
112900090,1,0,1
112900091,0,0,0
112900092,0,0,0
112900093,0,0,0
112900094,0,0,0
112900095,0,0,0
112900096,8,2,6
112900097,0,42,-42
112900098,0,0,0
112900099,6,1,5
112900100,0,0,0
112900101,0,0,0
112900102,0,0,0
112900103,0,0,0
112900104,0,0,0
112900105,0,0,0
112900106,8,2,6
112900107,0,0,0
112900108,0,0,0
112900109,0,0,0
112900110,0,0,0
112900111,0,0,0
112900112,0,0,0
112900113,0,1,-1
112900114,0,0,0
112900115,23,0,23
112900116,0,9,-9
112900117,7,7,0
112900118,1,13,-12
112900119,0,0,0
112900120,146,44,102
112900121,16,12,4
112900122,3,25,-22
112900123,0,0,0
112900124,0,18,-18
112900125,0,3,-3
112900126,12,31,-19
112900127,0,0,0
112900128,80,282,-202
112900129,0,395,-395
112900130,0,0,0
112900131,5,79,-74
112900132,7,109,-102
112900133,4,197,-193
112900134,0,140,-140
112900135,0,0,0
112900136,1,3,-2
112900137,0,109,-109
112900138,3,256,-253
112900139,56,478,-422
112900140,0,15,-15
112900141,31,8,23
112900142,0,0,0
112900143,19,252,-233
112900144,0,80,-80
112900145,7,194,-187
112900146,1,159,-158
112900147,4,1104,-1100
112900148,2,0,2
112900149,3,52,-49
112900151,0,0,0
112900152,653,115,538
112900153,16,3,13
112900154,0,0,0
112900155,0,0,0
112900156,1,141,-140
112900157,32,6,26
112900158,0,0,0
112900159,0,8,-8
112900160,3,25,-22
112900161,0,0,0
112900162,1,2,-1
112900163,0,0,0
112900164,0,0,0
112900165,3,3,0
112900166,0,0,0
112900167,0,0,0
112900168,0,0,0
112900169,0,0,0
112900170,0,0,0
112900172,0,0,0
112900173,4,8,-4
112900174,0,0,0
112900175,0,0,0
112900176,0,0,0
112900177,0,0,0
112900178,0,0,0
112900179,5,91,-86
112900180,6,498,-492
112900181,0,0,0
112900182,0,52,-52
112900183,4,0,4
112900184,69,114,-45
112900185,1,15,-14
112900186,171,130,41
112900187,0,0,0
112900188,393,81,312
112900189,0,1,-1
112900190,0,10,-10
112900192,40,22,18
112900193,143,34,109
112900194,0,9,-9
112900195,22,4,18
112900196,75,310,-235
112900197,31,181,-150
112900199,0,0,0
112900200,0,0,0
112900201,0,0,0
112900202,3,133,-130
112900203,0,0,0
112900204,36,4,32
112900205,0,3,-3
112900206,0,9,-9
112900207,0,0,0
112900208,4,2,2
112900209,42,129,-87
112900210,0,3,-3
112900211,2,0,2
112900212,0,0,0
112900213,0,1,-1
112900214,0,0,0
112900215,2,31,-29
112900216,3,1,2
112900217,0,41,-41
112900218,0,0,0
112900219,0,0,0
112900220,0,0,0
112900221,0,0,0
112900222,0,0,0
112900223,57,0,57
112900224,5,211,-206
112900225,5,162,-157
112900226,4,1,3
112900227,2,400,-398
112900228,0,1,-1
112900229,0,0,0
112900230,2608,402,2206
112900232,8,13,-5
112900233,1,44,-43
112900234,0,25,-25
112900235,0,0,0
112900236,0,1,-1
112900237,1,56,-55
112900238,0,4,-4
112900239,41,22,19
113000001,1395,1216,179
113000002,537,196,341
113000003,720,397,323
113000004,678,222,456
113000005,265,271,-6
113000006,110,128,-18
113000007,317,386,-69
113000008,244,162,82
113000009,309,272,37
113000010,204,161,43
113000011,160,651,-491
113000012,218,118,100
113000013,307,174,133
113000014,174,379,-205
113000015,33,47,-14
113000016,70,170,-100
113000017,0,130,-130
113000018,24,5,19
113000019,15,213,-198
113000020,0,0,0
113000021,91,314,-223
113000022,71,662,-591
113000025,18,88,-70
113000026,19,76,-57
113000027,30,84,-54
113000028,156,146,10
113000029,0,0,0
113000030,440,353,87
113000031,227,125,102
113000032,0,0,0
113000033,0,0,0
113000034,344,196,148
113000035,15,21,-6
113000036,0,0,0
113000037,28,14,14
113000038,0,0,0
113000039,15,47,-32
113000040,39,18,21
113000042,152,60,92
113000051,121,240,-119
113000052,603,142,461
113000053,27,138,-111
113000054,21,82,-61
113000055,54,151,-97
113000056,94,377,-283
113000058,158,272,-114
113000059,0,0,0
113000060,10,104,-94
113000061,108,140,-32
113000062,82,1,81
113000063,0,0,0
113000064,0,0,0
113000065,44,491,-447
113000066,34,33,1
113000067,62,108,-46
113000068,52,734,-682
113000069,65,509,-444
113000070,60,60,0
113000071,46,234,-188
113000072,45,37,8
113000073,164,515,-351
113000074,71,59,12
113000075,174,112,62
113000076,411,561,-150
113000077,0,0,0
113000078,207,648,-441
113000079,337,213,124
113000080,8,3,5
113000081,0,0,0
113000082,455,249,206
113000083,0,0,0
113000084,389,326,63
113000085,56,54,2
113000086,149,318,-169
113000087,62,46,16
113000088,670,339,331
113000089,28,90,-62
113000090,3,43,-40
113000091,436,114,322
113000094,38,12,26
113000095,72,547,-475
113000096,70,397,-327
113000097,22,18,4
113000098,0,0,0
113000099,50,23,27
113000100,62,220,-158
113000101,130,134,-4
113000102,3,18,-15
113000103,577,420,157
113000104,13,167,-154
113000105,13,30,-17
113000106,50,350,-300
113000107,59,82,-23
113000108,174,548,-374
113000109,94,217,-123
113000110,1,0,1
113000111,22,56,-34
113000112,0,0,0
113000113,2,0,2
113000114,146,164,-18
113000116,108,35,73
113000117,83,29,54
113000118,0,23,-23
113000119,21,59,-38
113000120,0,16,-16
113000121,57,162,-105
113000124,0,0,0
113000125,0,0,0
113000127,1012,136,876
113000128,2,8,-6
113000129,631,283,348
113000133,1821,434,1387
113000134,5,188,-183
113000135,37,49,-12
113000137,0,0,0
113000139,0,0,0
113000140,241,205,36
113000141,0,0,0
113000142,250,288,-38
113000143,0,0,0
113000144,130,94,36
113000145,0,0,0
113000146,31,41,-10
113000147,31,68,-37
113000148,0,0,0
113000149,0,0,0
113000150,99,77,22
113000151,94,35,59
113000152,0,2,-2
113000153,471,59,412
113000154,117,216,-99
113000155,96,87,9
113000156,62,71,-9
113000157,47,144,-97
113000158,197,80,117
113000159,321,152,169
113000160,121,297,-176
113000161,10,62,-52
113000162,256,152,104
113000163,0,0,0
113000164,7,72,-65
113000166,0,0,0
113000167,11,228,-217
113000168,21,285,-264
113000169,0,0,0
113000170,0,0,0
113000171,48,79,-31
113000172,0,0,0
113000173,0,0,0
113000174,50,541,-491
113000175,0,0,0
113000176,0,0,0
113000177,29,453,-424
113000178,39,383,-344
113000179,0,0,0
113000180,51,240,-189
113000181,151,438,-287
113000182,78,35,43
113000183,65,269,-204
113000184,9,65,-56
113000189,47,94,-47
113000190,185,46,139
113000192,652,448,204
113000193,584,238,346
113000194,370,364,6
113000195,127,92,35
113000196,12,32,-20
113000197,99,90,9
113000198,5,89,-84
113000199,23,9,14
113000201,21,72,-51
113000202,820,159,661
113000203,0,0,0
113000204,328,405,-77
113000205,14,13,1
113000206,0,0,0
113000207,24,14,10
113000208,0,0,0
113000209,16,13,3
113000210,0,0,0
113000211,42,11,31
113000212,20,0,20
113000213,3,17,-14
113000214,5,47,-42
113000234,16,514,-498
113000410,11,19,-8
113000411,826,1240,-414
113000412,3781,766,3015
113000413,1673,682,991
113000414,3609,992,2617
113000415,1223,1151,72
113000416,4576,1574,3002
113000417,1166,1003,163
113000418,923,883,40
113000419,557,556,1
113000420,1832,910,922
113000421,704,426,278
113000422,7654,1016,6638
113000423,2011,908,1103
113000424,1883,991,892
113000425,3,42,-39
113000428,45,62,-17
113000430,13,45,-32
113000432,34,14,20
113000433,47,398,-351
113000434,5,225,-220
113000435,6,437,-431
113000436,10,579,-569
113000437,0,0,0
113000438,0,0,0
113000439,4,67,-63
113000440,0,0,0
113000441,0,0,0
113000442,8,143,-135
113000443,0,0,0
113000444,11,151,-140
113000445,0,0,0
113000446,2,51,-49
113000448,56,39,17
113000449,0,0,0
113000450,37,17,20
113000451,271,27,244
113000452,0,0,0
113000453,21,112,-91
113000454,0,0,0
113000455,1,64,-63
113000456,276,216,60
113000468,149,12,137
113000469,47,19,28
113000470,0,0,0
113000471,0,0,0
113000472,32,39,-7
113000474,47,201,-154
113000475,365,464,-99
113000476,178,744,-566
113000477,488,957,-469
113000478,902,1432,-530
113000479,1,201,-200
113000480,2,21,-19
113000482,0,1,-1
113000485,0,0,0
113000486,0,0,0
113000487,0,0,0
113000488,0,0,0
113000489,0,0,0
113000490,0,0,0
113000491,0,0,0
113000492,0,0,0
113000493,0,0,0
113000495,23,75,-52
113000496,0,0,0
113000497,0,6,-6
113000499,0,0,0
113000500,0,14,-14
113900001,0,0,0
113900002,0,0,0
113900003,0,0,0
113900004,0,0,0
113900005,0,0,0
113900006,0,0,0
113900007,0,0,0
113900008,0,0,0
113900009,0,0,0
113900010,0,0,0
113900011,0,0,0
113900012,0,0,0
113900013,0,0,0
113900014,0,0,0
113900015,0,7,-7
113900016,0,0,0
113900017,0,0,0
113900018,38,0,38
113900019,0,1,-1
113900020,0,0,0
113900022,0,0,0
113900023,0,0,0
113900024,3,4,-1
113900025,0,0,0
113900026,0,0,0
113900027,0,0,0
113900028,0,0,0
113900029,0,13,-13
113900030,0,0,0
113900031,0,0,0
113900032,0,0,0
113900033,0,3,-3
113900035,0,0,0
113900036,0,0,0
113900037,0,0,0
113900038,2,1,1
113900039,0,0,0
113900040,0,0,0
113900041,0,0,0
113900042,1,2,-1
113900043,9,11,-2
113900044,0,0,0
113900045,0,0,0
113900046,45,88,-43
113900047,0,0,0
113900048,64,7,57
113900049,86,2,84
113900050,25,49,-24
113900051,3,70,-67
113900052,0,0,0
113900053,0,0,0
113900054,0,0,0
113900055,6,85,-79
113900056,0,0,0
113900057,2,14,-12
113900058,4,18,-14
113900059,4,44,-40
113900060,0,0,0
113900061,0,0,0
113900062,0,0,0
113900063,0,0,0
113900064,3,12,-9
113900065,0,0,0
113900066,3,55,-52
113900067,0,0,0
113900068,0,0,0
113900069,0,0,0
113900070,18,70,-52
113900071,0,0,0
113900072,2,23,-21
113900073,3,57,-54
113900074,0,0,0
113900075,0,0,0
113900076,0,0,0
113900077,4,51,-47
113900078,0,0,0
113900079,0,5,-5
113900080,0,0,0
113900081,0,18,-18
113900082,1,34,-33
113900083,0,0,0
113900084,0,0,0
113900085,2,68,-66
113900086,0,0,0
113900087,0,0,0
113900088,0,0,0
113900089,0,0,0
113900090,5,2,3
113900091,0,0,0
113900092,0,10,-10
113900093,0,41,-41
113900094,0,0,0
113900095,0,0,0
113900096,0,0,0
113900097,0,10,-10
113900098,0,0,0
113900099,0,0,0
113900100,0,0,0
113900101,0,7,-7
113900102,0,7,-7
113900103,0,0,0
113900104,0,0,0
113900105,0,56,-56
113900106,0,0,0
113900107,0,0,0
113900108,2,36,-34
113900109,0,12,-12
113900110,0,0,0
113900111,0,0,0
113900112,0,7,-7
113900113,15,5,10
113900114,0,0,0
113900115,0,0,0
113900116,0,16,-16
113900117,3,3,0
113900118,0,0,0
113900119,0,0,0
113900120,0,0,0
113900121,0,0,0
113900122,0,0,0
113900123,5,5,0
113900124,0,0,0
113900125,4,18,-14
113900126,5,4,1
113900127,2,8,-6
113900128,0,0,0
113900129,0,0,0
113900130,0,0,0
113900131,9,3,6
113900132,0,0,0
113900133,5,5,0
113900135,19,83,-64
113900136,1,5,-4
113900137,2,5,-3
113900138,0,0,0
113900139,103,9,94
113900140,0,0,0
113900141,3,18,-15
113900142,2,5,-3
113900143,0,1,-1
113900144,3,3,0
113900145,0,11,-11
113900146,0,4,-4
113900148,5,10,-5
113900149,0,0,0
113900150,284,100,184
113900151,6,9,-3
113900152,0,2,-2
113900153,104,34,70
113900154,0,0,0
113900155,27,10,17
113900156,37,170,-133
113900157,0,7,-7
113900158,100,14,86
113900159,0,0,0
113900160,76,177,-101
113900161,0,4,-4
113900162,78,69,9
113900163,21,28,-7
113900164,0,0,0
113900165,105,91,14
113900166,10,1,9
113900167,0,0,0
113900168,23,18,5
113900169,31,121,-90
113900171,0,0,0
113900172,1,40,-39
113900173,0,94,-94
113900174,28,248,-220
113900175,0,0,0
113900176,42,258,-216
113900177,12,4,8
113900178,0,0,0
113900179,2,89,-87
113900180,20,18,2
113900181,0,0,0
113900182,57,233,-176
113900183,6,9,-3
113900184,2,107,-105
113900185,3,14,-11
113900186,5,6,-1
113900187,4,17,-13
113900188,1,11,-10
113900189,0,0,0
113900190,88,16,72
113900191,17,16,1
113900192,0,0,0
113900193,1,52,-51
113900194,195,108,87
113900195,36,93,-57
113900196,0,18,-18
113900197,1,54,-53
113900198,1,42,-41
113900199,34,92,-58
113900200,0,29,-29
113900201,1,40,-39
113900202,4,20,-16
113900203,0,44,-44
113900204,3,93,-90
113900205,9,13,-4
113900206,0,11,-11
113900207,0,20,-20
113900208,0,4,-4
113900209,0,28,-28
113900210,81,72,9
113900211,11,0,11
113900212,1,117,-116
113900214,72,40,32
113900215,0,26,-26
113900216,0,101,-101
113900217,0,0,0
113900218,0,0,0
113900219,4,28,-24
113900220,0,0,0
113900221,0,0,0
113900222,0,11,-11
113900223,0,162,-162
113900224,11,5,6
113900225,0,0,0
113900226,1,2,-1
113900227,0,0,0
113900228,30,11,19
113900229,0,11,-11
113900230,238,33,205
113900231,12,24,-12
113900232,3,11,-8
113900233,0,13,-13
113900234,4,5,-1
113900235,0,0,0
113900236,0,0,0
113900237,0,0,0
113900238,4,7,-3
113900239,1,2,-1
113900240,0,8,-8
113900241,16,6,10
113900242,2,12,-10
113900243,9,47,-38
113900244,115,27,88
113900245,193,11,182
113900246,0,0,0
113900247,0,0,0
113900248,393,33,360
113900249,0,0,0
113900250,0,0,0
113900251,0,28,-28
113900252,0,0,0
113900253,0,0,0
113900254,0,0,0
113900255,0,0,0
113900256,0,0,0
113900257,14,105,-91
113900258,2,86,-84
113900259,0,48,-48
113900260,0,4,-4
113900261,0,30,-30
113900262,0,134,-134
113900263,3,65,-62
113900264,1,133,-132
113900265,29,59,-30
113900266,2,61,-59
113900267,6,60,-54
113900268,1,2,-1
113900269,7,23,-16
113900270,19,88,-69
113900271,30,419,-389
113900273,0,0,0
113900274,0,0,0
113900275,3,6,-3
113900276,0,37,-37
113900277,0,0,0
113900278,16,17,-1
113900279,3,27,-24
113900280,59,41,18
113900281,18,99,-81
113900282,48,10,38
113900283,0,0,0
113900284,0,5,-5
113900285,0,2,-2
113900286,0,0,0
113900287,2,24,-22
113900288,0,24,-24
113900289,173,4,169
113900290,73,7,66
113900291,4,38,-34
113900292,0,0,0
113900293,0,47,-47
113900294,0,0,0
113900295,21,11,10
113900296,10,2,8
113900297,0,0,0
113900298,5,432,-427
113900299,0,0,0
113900300,509,8,501
113900301,0,0,0
113900302,0,7,-7
113900303,39,6,33
113900304,2,46,-44
113900305,0,0,0
113900306,0,0,0
113900307,0,0,0
113900308,6,20,-14
113900309,0,210,-210
113900310,0,0,0
113900311,0,0,0
113900312,0,3,-3
113900313,0,0,0
114000001,403,1035,-632
114000002,0,0,0
114000003,0,1,-1
114000004,19,56,-37
114000005,9,8,1
114000006,561,663,-102
114000007,85,502,-417
114000008,295,374,-79
114000009,13,8,5
114000011,613,1052,-439
114000012,237,928,-691
114000013,203,780,-577
114000014,118,166,-48
114000015,90,112,-22
114000016,17,134,-117
114000017,20,21,-1
114000018,92,11,81
114000026,152,543,-391
114000027,227,576,-349
114000028,351,595,-244
114000038,3,3,0
114000039,33,55,-22
114000040,15,34,-19
114000042,32,67,-35
114000043,3,41,-38
114000044,7,11,-4
114000045,4,17,-13
114000046,359,1547,-1188
114000047,1,13,-12
114000048,5,12,-7
114000049,51,107,-56
114000050,32,100,-68
114000051,172,185,-13
114000052,119,93,26
114000053,3,24,-21
114000054,1,67,-66
114000055,20,9,11
114000056,215,208,7
114000057,2704,793,1911
114000058,43,30,13
114000059,58,49,9
114000060,72,349,-277
114000061,196,44,152
114000062,97,59,38
114000063,936,1107,-171
114000064,2383,683,1700
114000065,389,806,-417
114000066,33,213,-180
114000067,0,0,0
114000068,31,31,0
114000069,79,52,27
114000070,107,19,88
114000071,33,117,-84
114000072,14,79,-65
114000073,0,0,0
114000074,4,14,-10
114000075,0,0,0
114000076,0,0,0
114000077,0,0,0
114000078,15,193,-178
114000079,5,16,-11
114000080,4,4,0
114000081,0,0,0
114000082,8,218,-210
114000083,27,102,-75
114000084,3,6,-3
114000085,21,265,-244
114000086,16,287,-271
114000087,5,63,-58
114000088,0,0,0
114000089,201,81,120
114000090,62,42,20
114000091,160,75,85
114000092,94,73,21
114000093,34,141,-107
114000094,42,74,-32
114000095,0,0,0
114000096,12,149,-137
114000097,9,187,-178
114000098,0,0,0
114000099,22,202,-180
114000100,14,104,-90
114000101,33,383,-350
114000102,0,0,0
114000103,5,52,-47
114000104,0,34,-34
114000105,4,4,0
114000106,180,50,130
114000107,18,20,-2
114000108,810,518,292
114000109,0,0,0
114000110,81,537,-456
114000111,0,0,0
114000112,60,619,-559
114000113,0,0,0
114000114,235,598,-363
114000115,0,0,0
114000116,75,29,46
114000117,54,15,39
114000118,107,21,86
114000119,68,9,59
114000120,174,363,-189
114000121,109,188,-79
114000122,122,124,-2
114000123,10,7,3
114000124,2,3,-1
114000125,230,626,-396
114000126,14,10,4
114000127,11,59,-48
114000128,37,92,-55
114000130,0,0,0
114000131,0,0,0
114000132,225,304,-79
114000133,243,364,-121
114000134,10,42,-32
114000138,38,27,11
114000139,0,8,-8
114000144,11,13,-2
114000145,5,38,-33
114000146,10,46,-36
114000147,26,22,4
114000148,70,5,65
114000149,10,24,-14
114000150,288,190,98
114000151,8,5,3
114000152,9,20,-11
114000153,188,314,-126
114000154,123,150,-27
114000155,60,138,-78
114000156,17,66,-49
114000157,25,135,-110
114000158,510,127,383
114000159,45,46,-1
114000160,13,29,-16
114000161,63,18,45
114000162,3,6,-3
114000163,0,19,-19
114000165,2,21,-19
114000166,98,21,77
114000167,902,402,500
114000168,192,341,-149
114000169,238,122,116
114000170,77,83,-6
114000171,69,76,-7
114000174,39,208,-169
114000176,169,210,-41
114000177,769,352,417
114000178,0,0,0
114000179,76,8,68
114000180,125,227,-102
114000181,205,360,-155
114000182,1734,832,902
114000183,374,287,87
114000184,284,815,-531
114000185,56,50,6
114000189,0,0,0
114000190,0,0,0
114000191,0,0,0
114000192,127,675,-548
114000193,353,1557,-1204
114000194,309,428,-119
114000195,0,0,0
114000196,2,129,-127
114000197,0,63,-63
114000198,290,108,182
114000199,376,195,181
114000200,61,729,-668
114000201,23,357,-334
114000202,230,272,-42
114000203,78,313,-235
114000204,24,117,-93
114000205,17,511,-494
114000206,74,481,-407
114000207,216,1000,-784
114000208,87,1316,-1229
114000209,154,1572,-1418
114000210,89,847,-758
114000211,48,238,-190
114000212,103,209,-106
114000213,256,72,184
114000214,3,40,-37
114000215,1,39,-38
114000216,54,1,53
114000217,0,85,-85
114000218,8,53,-45
114000219,53,139,-86
114000220,13,654,-641
114000221,50,17,33
114000222,34,488,-454
114000223,0,0,0
114000224,34,255,-221
114000225,40,248,-208
114000226,5,122,-117
114000227,76,121,-45
114000228,47,156,-109
114000229,119,470,-351
114000230,86,219,-133
114000231,190,467,-277
114000232,20,61,-41
114000233,80,39,41
114000234,56,135,-79
114000235,157,521,-364
114000236,1,440,-439
114000237,25,467,-442
114000238,1,10,-9
114000239,20,592,-572
114000240,174,252,-78
114000241,51,549,-498
114000242,263,378,-115
114000243,141,145,-4
114000244,0,0,0
114000245,77,413,-336
114000246,82,31,51
114000247,58,86,-28
114000248,64,108,-44
114000249,47,99,-52
114000250,72,185,-113
114000251,17,117,-100
114000252,12,18,-6
114000253,0,0,0
114000254,1,25,-24
114000255,137,45,92
114000256,29,31,-2
114000257,139,1070,-931
114000258,19,128,-109
114000259,10,185,-175
114000260,0,61,-61
114000261,20,2,18
114000262,11,52,-41
114000263,0,0,0
114000264,14,108,-94
114000265,1,5,-4
114000267,5,588,-583
114000268,1,827,-826
114000270,0,0,0
114000271,58,27,31
114000283,33,115,-82
114000285,30,136,-106
114000288,13,170,-157
114000289,106,44,62
114000293,24,180,-156
114000294,17,18,-1
114000395,56,3,53
114000396,3,28,-25
114000402,14,57,-43
114000403,29,52,-23
114000405,7,235,-228
114000423,5,209,-204
114000424,14,72,-58
114000425,37,297,-260
114000426,0,0,0
114000427,11,83,-72
114000428,0,0,0
114000429,0,83,-83
114000432,3,13,-10
114000434,5,34,-29
114000435,0,47,-47
114000436,1464,525,939
114000437,2,13,-11
114900001,0,0,0
114900002,0,0,0
114900003,0,0,0
114900004,0,0,0
114900005,0,0,0
114900006,0,0,0
114900007,0,0,0
114900008,0,0,0
114900010,2,0,2
114900011,0,0,0
114900013,0,0,0
114900015,0,0,0
114900018,0,0,0
114900020,0,0,0
114900022,0,30,-30
114900024,0,0,0
114900025,0,0,0
114900026,0,0,0
114900027,0,0,0
114900029,0,0,0
114900030,0,0,0
114900031,0,0,0
114900032,0,0,0
114900033,0,0,0
114900034,2,31,-29
114900035,4,12,-8
114900036,16,214,-198
114900037,5,25,-20
114900038,10,208,-198
114900039,39,176,-137
114900040,0,11,-11
114900041,24,151,-127
114900042,13,191,-178
114900043,40,18,22
114900044,0,0,0
114900046,1,11,-10
114900047,9,91,-82
114900048,1,16,-15
114900049,1,24,-23
114900050,1,85,-84
114900051,2,67,-65
114900052,8,15,-7
114900053,9,26,-17
114900054,5,25,-20
114900057,0,0,0
114900058,0,29,-29
114900059,0,0,0
114900060,45,25,20
114900061,5,16,-11
114900062,1,20,-19
114900063,4,37,-33
114900064,19,150,-131
114900065,4,82,-78
114900067,0,38,-38
114900068,4,46,-42
114900069,24,12,12
114900070,0,0,0
114900072,2,40,-38
114900073,1,46,-45
114900074,0,0,0
114900075,0,0,0
114900076,0,80,-80
114900080,0,0,0
114900082,1,145,-144
114900083,1,64,-63
114900090,0,0,0
114900091,4,6,-2
114900095,66,22,44
114900096,21,49,-28
114900097,0,1,-1
114900098,0,0,0
114900099,0,0,0
115000001,3101,3338,-237
115000002,548,324,224
115000003,1131,2400,-1269
115000004,322,432,-110
115000005,526,1755,-1229
115000006,107,181,-74
115000007,1,6,-5
115000008,47,41,6
115000009,13,29,-16
115000010,0,0,0
115000013,28,67,-39
115000015,45,114,-69
115000016,134,105,29
115000019,1,52,-51
115000020,0,0,0
115000021,60,140,-80
115000022,237,137,100
115000023,35,47,-12
115000024,385,180,205
115000025,25,59,-34
115000026,42,132,-90
115000027,25,37,-12
115000028,23,270,-247
115000029,15,18,-3
115000030,55,380,-325
115000031,182,65,117
115000032,9,121,-112
115000033,0,0,0
115000034,12,358,-346
115000035,0,0,0
115000036,1,185,-184
115000037,0,0,0
115000038,0,0,0
115000039,233,272,-39
115000040,932,502,430
115000041,67,329,-262
115000042,79,117,-38
115000043,213,880,-667
115000044,1480,1930,-450
115000045,298,1252,-954
115000046,104,423,-319
115000047,221,384,-163
115000048,367,1644,-1277
115000049,456,1308,-852
115000050,503,269,234
115000051,653,215,438
115000052,1595,838,757
115000053,327,232,95
115000054,200,405,-205
115000055,17,266,-249
115000056,2,19,-17
115000057,30,166,-136
115000058,2,20,-18
115000059,3,75,-72
115000061,0,0,0
115000062,5,81,-76
115000063,23,125,-102
115000064,0,0,0
115000065,5,65,-60
115000067,0,0,0
115000069,2,77,-75
115000070,7,108,-101
115000071,0,0,0
115000072,25,12,13
115000073,188,7,181
115000075,1,4,-3
115000076,597,684,-87
115000077,148,1020,-872
115000078,79,568,-489
115000079,136,717,-581
115000080,137,859,-722
115000081,47,180,-133
115000082,369,721,-352
115000083,314,955,-641
115000084,0,0,0
115000085,64,327,-263
115000086,0,0,0
115000087,85,435,-350
115000088,0,0,0
115000089,580,657,-77
115000090,29,17,12
115000091,77,413,-336
115000092,25,94,-69
115000093,0,0,0
115000094,1893,779,1114
115000095,1269,1282,-13
115000096,56,655,-599
115000097,42,278,-236
115000098,53,399,-346
115000099,83,966,-883
115000100,18,50,-32
115000101,108,814,-706
115000102,34,35,-1
115000103,106,397,-291
115000105,0,4,-4
115000106,20,26,-6
115000107,27,312,-285
115000108,1343,1272,71
115000109,354,185,169
115000110,491,238,253
115000111,147,342,-195
115000112,116,131,-15
115000113,150,230,-80
115000114,466,250,216
115000116,606,264,342
115000117,273,292,-19
115000118,206,365,-159
115000119,210,274,-64
115000120,115,266,-151
115000121,720,223,497
115000122,775,228,547
115000123,483,269,214
115000124,114,150,-36
115000125,33,144,-111
115000126,14,107,-93
115000127,32,38,-6
115000128,144,117,27
115000129,7,32,-25
115000130,9,202,-193
115000131,24,77,-53
115000132,8,100,-92
115000133,13,76,-63
115000134,7,45,-38
115000135,5,56,-51
115000136,0,0,0
115000137,8,107,-99
115000138,0,0,0
115000139,44,173,-129
115000140,0,0,0
115000141,25,179,-154
115000142,24,180,-156
115000143,0,0,0
115000144,4,2,2
115000145,25,236,-211
115000146,0,0,0
115000147,18,220,-202
115000148,62,379,-317
115000149,46,26,20
115000150,115,335,-220
115000151,37,52,-15
115000152,96,591,-495
115000153,33,43,-10
115000154,38,26,12
115000155,98,364,-266
115000156,52,26,26
115000157,204,218,-14
115000158,30,39,-9
115000159,34,35,-1
115000160,117,37,80
115000161,54,114,-60
115000162,0,0,0
115000163,256,293,-37
115000164,141,188,-47
115000165,0,0,0
115000167,0,0,0
115000168,0,0,0
115000169,177,238,-61
115000170,18,72,-54
115000171,0,0,0
115000172,300,154,146
115000173,0,0,0
115000174,0,0,0
115000175,6,50,-44
115000176,0,0,0
115000177,3,34,-31
115000178,1,69,-68
115000179,0,0,0
115000180,13,261,-248
115000181,0,0,0
115000182,0,0,0
115000183,40,413,-373
115000186,38,50,-12
115000187,21,269,-248
115000188,81,77,4
115000189,52,162,-110
115000190,83,59,24
115000191,37,114,-77
115000194,65,65,0
115000195,0,0,0
115000196,0,0,0
115000197,7,103,-96
115000198,0,0,0
115000199,11,100,-89
115000200,0,0,0
115000201,27,180,-153
115000206,0,0,0
115000207,5,160,-155
115000208,159,298,-139
115000209,64,27,37
115000210,9,21,-12
115000211,68,91,-23
115000212,260,109,151
115000224,0,0,0
115000225,0,0,0
115000229,0,0,0
115000230,0,0,0
115000231,80,996,-916
115000232,41,106,-65
115000233,17,216,-199
115000234,0,0,0
115000241,0,0,0
115000242,0,0,0
115000243,0,0,0
115000244,0,0,0
115000246,0,0,0
115000247,0,0,0
115000248,0,0,0
115000249,0,0,0
115000250,3,9,-6
115000251,0,0,0
115000252,0,0,0
115000253,0,0,0
115000258,0,0,0
115000259,0,0,0
115000261,0,0,0
115000262,0,0,0
115000263,0,0,0
115000264,0,0,0
115000267,0,0,0
115000268,1,10,-9
115000269,0,0,0
115000270,0,0,0
115000272,0,0,0
115000273,0,0,0
115000280,0,0,0
115000281,115,28,87
115000282,116,22,94
115000284,150,96,54
115000296,0,0,0
115000297,0,0,0
115000298,17,14,3
115000300,2,68,-66
115000302,0,0,0
115000303,0,0,0
115000304,0,0,0
115000305,8,319,-311
115000306,13,171,-158
115000307,3,117,-114
115000308,7,2,5
115000309,0,0,0
115000310,128,379,-251
115000311,0,0,0
115000313,59,165,-106
115000314,0,0,0
115000315,355,163,192
115000316,0,0,0
115000317,23,283,-260
115000318,89,49,40
115000319,5,127,-122
115000320,2,41,-39
115000321,111,2,109
115000322,7,120,-113
115000449,0,0,0
115000557,0,13,-13
115000558,0,0,0
115000587,24,24,0
115000588,1188,2341,-1153
115000589,767,476,291
115000590,225,962,-737
115000591,92,96,-4
115000592,167,859,-692
115000593,129,55,74
115000594,331,750,-419
115000609,0,0,0
115000617,236,82,154
115000624,0,2,-2
115000633,33,748,-715
115000634,855,168,687
115000635,40,14,26
115000638,0,0,0
115000641,0,0,0
115000642,30,35,-5
115000643,9,124,-115
115000644,13,118,-105
115000646,196,266,-70
115000647,17,217,-200
115000648,64,573,-509
115000893,415,166,249
115000894,20,704,-684
115000895,76,626,-550
115000896,116,34,82
115000897,106,3,103
115000898,166,29,137
115000899,205,195,10
115000900,40,50,-10
115000901,28,36,-8
115000912,20,8,12
115000913,1,10,-9
115000915,0,0,0
115000916,0,0,0
115000917,0,0,0
115000918,0,0,0
115000919,0,0,0
115000920,1,3,-2
115000921,196,5,191
115000922,36,47,-11
115000923,140,512,-372
115000925,14,29,-15
115000927,0,0,0
115000933,35,22,13
115000934,0,0,0
115000935,0,0,0
115900001,0,0,0
115900002,0,0,0
115900003,0,0,0
115900004,0,0,0
115900005,0,0,0
115900006,0,0,0
115900008,0,0,0
115900009,0,0,0
115900010,0,0,0
115900011,8,16,-8
115900012,0,0,0
115900013,0,0,0
115900014,9,19,-10
115900015,0,0,0
115900016,0,0,0
115900017,0,0,0
115900018,34,9,25
115900019,0,0,0
115900020,0,0,0
115900021,83,2,81
115900022,0,0,0
115900023,0,0,0
115900025,0,0,0
115900026,0,0,0
115900027,0,15,-15
115900028,21,1,20
115900029,1,92,-91
115900030,0,10,-10
115900031,0,0,0
115900032,0,0,0
115900033,0,0,0
115900034,2,54,-52
115900035,0,0,0
115900036,5,5,0
115900037,2,61,-59
115900038,0,0,0
115900039,0,0,0
115900041,4,6,-2
115900042,0,0,0
115900043,0,0,0
115900044,0,0,0
115900046,1,21,-20
115900047,0,0,0
115900049,1,3,-2
115900051,0,16,-16
115900052,1,35,-34
115900053,0,0,0
115900054,0,13,-13
115900055,0,21,-21
115900056,0,0,0
115900057,0,0,0
115900058,6,1,5
115900060,0,0,0
115900061,0,0,0
115900062,1,83,-82
115900063,6,0,6
115900064,0,0,0
115900065,0,0,0
115900066,27,12,15
115900067,0,162,-162
115900068,447,2,445
115900069,0,0,0
115900070,0,0,0
115900071,0,38,-38
115900072,23,18,5
115900073,0,0,0
115900074,1,64,-63
115900075,2,40,-38
115900076,0,0,0
115900077,0,72,-72
115900078,1,10,-9
115900079,0,0,0
115900080,0,0,0
115900081,0,23,-23
115900082,4,8,-4
115900084,0,0,0
115900085,0,14,-14
115900086,148,23,125
115900088,0,6,-6
115900089,2,95,-93
115900090,0,0,0
115900091,0,3,-3
115900092,0,24,-24
115900093,0,4,-4
115900094,0,51,-51
115900096,0,2,-2
115900097,0,58,-58
115900098,2,42,-40
115900099,0,0,0
115900100,1,85,-84
115900101,3,47,-44
115900102,0,0,0
115900103,2,15,-13
115900104,0,0,0
115900105,0,0,0
115900106,0,0,0
115900107,0,0,0
115900108,0,0,0
115900109,5,64,-59
115900110,0,0,0
115900111,0,33,-33
115900112,2,102,-100
115900113,0,0,0
115900114,1,16,-15
115900115,0,4,-4
115900116,7,120,-113
115900117,0,0,0
115900118,0,94,-94
115900119,1,2,-1
115900120,0,38,-38
115900121,17,45,-28
115900124,8,60,-52
115900125,8,1,7
115900126,70,2,68
115900127,43,6,37
115900128,0,1,-1
115900129,55,5,50
115900130,0,1,-1
115900131,10,0,10
115900132,7,0,7
115900134,13,1,12
115900135,0,0,0
115900137,1,4,-3
115900139,0,0,0
115900140,0,0,0
115900141,1,0,1
115900142,0,0,0
115900143,3,23,-20
115900144,0,23,-23
115900146,0,0,0
115900147,0,0,0
115900148,0,7,-7
115900149,0,3,-3
115900150,0,0,0
115900151,1,9,-8
115900152,1,89,-88
115900153,4,76,-72
115900154,112,55,57
115900155,0,0,0
115900156,61,152,-91
115900157,4,91,-87
115900158,0,0,0
115900159,9,38,-29
115900160,0,0,0
115900161,1,48,-47
115900163,11,28,-17
115900164,0,2,-2
115900165,0,3,-3
115900166,0,0,0
115900168,2,3,-1
115900171,2,70,-68
115900172,3,34,-31
115900173,0,0,0
115900174,47,43,4
115900175,3,9,-6
115900178,0,146,-146
115900179,0,0,0
115900180,0,0,0
115900181,2,22,-20
115900182,4,30,-26
115900183,0,1,-1
115900184,0,0,0
115900187,0,2,-2
115900189,0,16,-16
115900190,0,38,-38
115900191,11,46,-35
115900192,0,8,-8
115900193,10,9,1
115900194,39,0,39
115900195,62,57,5
115900198,0,8,-8
115900199,20,47,-27
115900200,43,77,-34
115900201,12,39,-27
115900202,0,0,0
115900203,0,0,0
115900204,0,0,0
115900205,2,1,1
115900206,0,9,-9
115900207,0,0,0
115900208,0,0,0
115900209,0,26,-26
115900210,0,26,-26
115900211,0,17,-17
115900212,2,6,-4
115900213,0,0,0
115900214,0,35,-35
115900215,0,0,0
115900216,1,35,-34
115900217,0,20,-20
115900218,0,12,-12
115900219,0,0,0
115900220,0,0,0
115900221,0,0,0
115900222,0,0,0
115900223,0,0,0
115900224,0,0,0
115900225,0,0,0
115900226,0,0,0
115900227,0,0,0
115900228,0,0,0
115900229,0,0,0
115900230,0,0,0
115900231,0,0,0
115900232,0,0,0
115900233,0,0,0
115900234,0,0,0
115900235,0,1,-1
115900236,0,2,-2
115900237,0,20,-20
115900238,0,9,-9
115900239,0,11,-11
115900240,0,24,-24
115900241,0,3,-3
115900242,1,2,-1
115900243,2,0,2
115900244,0,3,-3
115900245,0,0,0
115900246,0,0,0
115900247,0,0,0
115900248,0,0,0
115900249,0,0,0
115900250,0,0,0
115900251,0,0,0
115900252,0,0,0
115900253,0,0,0
115900254,0,0,0
115900255,0,0,0
115900256,0,0,0
115900257,0,0,0
115900258,0,0,0
115900259,0,0,0
115900260,0,0,0
115900261,0,0,0
115900262,0,0,0
115900263,0,0,0
115900264,0,0,0
115900265,0,0,0
115900266,0,0,0
115900267,0,0,0
115900268,0,0,0
115900269,4,10,-6
115900270,0,0,0
115900271,0,0,0
115900272,0,0,0
115900273,0,0,0
115900274,0,1,-1
115900275,0,3,-3
115900276,0,15,-15
115900277,0,12,-12
115900278,1,9,-8
115900279,0,23,-23
115900280,0,8,-8
115900281,0,10,-10
116000001,9244,1262,7982
116000002,973,350,623
116000003,615,702,-87
116000004,638,180,458
116000005,548,956,-408
116000006,267,197,70
116000007,1081,1438,-357
116000008,583,500,83
116000009,325,784,-459
116000010,189,66,123
116000011,162,231,-69
116000012,137,107,30
116000013,7921,1307,6614
116000014,790,146,644
116000015,79,330,-251
116000016,481,88,393
116000017,26,134,-108
116000018,49,41,8
116000019,57,98,-41
116000020,34,111,-77
116000021,33,76,-43
116000022,13,37,-24
116000023,21,58,-37
116000024,59,148,-89
116000025,39,60,-21
116000026,168,665,-497
116000027,35,147,-112
116000028,0,0,0
116000029,344,153,191
116000030,0,0,0
116000031,74,56,18
116000032,18,130,-112
116000033,2,118,-116
116000034,15,178,-163
116000035,36,251,-215
116000036,114,51,63
116000037,0,0,0
116000038,0,0,0
116000039,136,65,71
116000040,0,0,0
116000041,36,127,-91
116000042,0,0,0
116000043,8,195,-187
116000044,0,0,0
116000045,1,0,1
116000046,329,407,-78
116000047,348,534,-186
116000048,68,96,-28
116000049,42,164,-122
116000050,262,497,-235
116000051,102,124,-22
116000052,450,888,-438
116000053,0,0,0
116000054,116,730,-614
116000055,84,415,-331
116000056,0,0,0
116000057,1404,501,903
116000058,814,254,560
116000059,260,174,86
116000060,1002,110,892
116000061,110,73,37
116000062,79,97,-18
116000063,84,130,-46
116000066,0,0,0
116000067,76,176,-100
116000068,0,0,0
116000069,139,142,-3
116000078,0,0,0
116000080,327,405,-78
116000082,1,76,-75
116000083,119,62,57
116000084,103,418,-315
116000085,234,93,141
116000086,76,240,-164
116000087,181,91,90
116000088,146,330,-184
116000089,3,9,-6
116000090,0,0,0
116000091,2,0,2
116000093,93,51,42
116000094,26,311,-285
116000095,51,50,1
116000096,47,283,-236
116000097,46,173,-127
116000098,10,470,-460
116000099,1294,35,1259
116000100,4,0,4
116000101,12,61,-49
116000102,18,268,-250
116000103,12,40,-28
116000104,8,293,-285
116000105,16,49,-33
116000106,6,253,-247
116000107,27,141,-114
116000108,0,46,-46
116000111,0,0,0
116000113,0,0,0
116000114,0,16,-16
116000115,0,0,0
116000116,8,50,-42
116000117,20,48,-28
116000118,123,651,-528
116000119,7,50,-43
116000120,432,1602,-1170
116000121,0,0,0
116000122,325,1462,-1137
116000123,0,0,0
116000124,88,846,-758
116000125,4,5,-1
116000126,83,949,-866
116000127,216,628,-412
116000128,12,7,5
116000129,2,13,-11
116000130,0,10,-10
116000133,191,399,-208
116000134,144,1217,-1073
116000135,132,224,-92
116000136,132,900,-768
116000137,56,90,-34
116000138,432,93,339
116000139,249,597,-348
116000140,40,97,-57
116000141,46,225,-179
116000142,1093,1394,-301
116000143,523,131,392
116000144,275,1202,-927
116000145,286,257,29
116000146,26,85,-59
116000147,55,8,47
116000148,15,57,-42
116000149,1,63,-62
116000151,102,373,-271
116000153,0,0,0
116000155,0,0,0
116000156,76,304,-228
116000157,0,0,0
116000158,30,176,-146
116000159,0,0,0
116000160,11,47,-36
116000161,2,20,-18
116000162,147,4,143
116000163,8,1,7
116000164,3,15,-12
116000177,1,37,-36
116000194,1,212,-211
116000195,85,82,3
116000196,1,1,0
116000197,1,1,0
116000198,125,110,15
116000200,0,0,0
116000201,97,127,-30
116000202,0,1,-1
116000203,0,14,-14
116000204,1,3,-2
116000205,0,35,-35
116000206,0,16,-16
116000207,0,12,-12
116000233,6,54,-48
116000287,16,220,-204
116000288,0,0,0
116000292,1,24,-23
116000296,0,0,0
116000297,0,0,0
116000304,0,0,0
116000305,0,0,0
116000346,13,37,-24
116000352,1,11,-10
116000354,10,4,6
116000357,0,1,-1
116000358,0,0,0
116000361,0,0,0
116000372,2350,685,1665
116000381,0,0,0
116000388,0,22,-22
116000389,21,32,-11
116000445,29,431,-402
116000446,0,0,0
116000447,4,189,-185
116000448,0,0,0
116000563,0,0,0
116000565,27,55,-28
116000568,1,9,-8
116000579,0,16,-16
116000584,1,1,0
116000585,1,0,1
116000586,84,28,56
116000587,0,74,-74
116000589,2,24,-22
116000590,0,0,0
116000591,0,0,0
116000592,0,0,0
116000593,0,9,-9
116000594,13,119,-106
116000595,7,40,-33
116000596,1,1,0
116000597,0,0,0
116000598,0,27,-27
116000602,0,31,-31
116000605,1,18,-17
116000606,0,0,0
116000607,0,11,-11
116000609,5,118,-113
116000611,6,281,-275
116000612,113,253,-140
116000613,0,0,0
116000614,115,409,-294
116000615,1,128,-127
116000616,9,57,-48
116000617,4,50,-46
116000618,2,70,-68
116000619,1,7,-6
116000620,0,0,0
116000621,0,0,0
116000622,0,0,0
116000624,0,2,-2
116000627,0,8,-8
116000628,0,0,0
116000629,0,0,0
116000630,0,0,0
116000631,0,0,0
116000632,0,0,0
116000633,0,0,0
116000634,0,0,0
116000635,108,108,0
116900001,0,0,0
116900002,0,0,0
116900003,0,0,0
116900004,0,0,0
116900005,0,10,-10
116900006,0,0,0
116900007,0,0,0
116900008,0,154,-154
116900009,0,0,0
116900010,1,303,-302
116900011,0,3,-3
116900012,0,0,0
116900013,1,68,-67
116900014,0,0,0
116900015,0,0,0
116900016,0,0,0
116900017,0,118,-118
116900018,0,0,0
116900019,3,70,-67
116900020,29,6,23
116900023,0,0,0
116900024,0,0,0
116900025,0,83,-83
116900026,7,99,-92
116900027,0,0,0
116900028,1,22,-21
116900029,0,0,0
116900031,0,0,0
116900032,0,10,-10
116900033,0,0,0
116900034,1,13,-12
116900035,1,20,-19
116900036,0,12,-12
116900038,0,0,0
116900041,0,0,0
116900042,136,35,101
116900043,1,4,-3
116900045,0,0,0
116900047,0,0,0
116900049,1,35,-34
116900050,1,24,-23
116900051,0,0,0
116900052,0,0,0
116900055,0,0,0
116900057,2,57,-55
116900058,3,34,-31
116900059,0,0,0
116900060,4,41,-37
116900062,0,0,0
116900064,6,197,-191
116900065,0,10,-10
116900067,0,0,0
116900068,21,73,-52
116900070,0,0,0
116900072,1,86,-85
116900073,1,27,-26
116900074,0,0,0
116900076,0,0,0
116900077,2,23,-21
116900078,29,19,10
116900079,0,21,-21
116900080,0,0,0
116900081,0,82,-82
116900082,14,96,-82
116900083,0,0,0
116900084,1,2,-1
116900085,1,21,-20
116900086,3,36,-33
116900088,0,0,0
116900090,0,0,0
116900091,0,14,-14
116900092,1,71,-70
116900093,5,1,4
116900094,278,24,254
116900095,0,29,-29
116900096,1,8,-7
116900097,3,1,2
116900098,63,3,60
116900099,19,16,3
116900100,0,0,0
116900101,13,72,-59
116900103,0,0,0
116900104,2,12,-10
116900105,0,0,0
116900106,0,48,-48
116900107,8,2,6
116900110,0,0,0
116900111,0,100,-100
116900112,1,59,-58
116900113,197,12,185
116900116,0,0,0
116900117,1,18,-17
116900118,4,205,-201
116900120,0,0,0
116900121,0,0,0
116900122,8,259,-251
116900123,5,236,-231
116900124,1,43,-42
116900125,1,16,-15
116900126,10,82,-72
116900128,0,15,-15
116900129,2,87,-85
116900130,172,255,-83
116900131,3,58,-55
116900132,2,24,-22
116900133,2,21,-19
116900134,10,27,-17
116900136,0,23,-23
116900137,4,14,-10
116900138,10,24,-14
116900139,4,50,-46
116900140,11,21,-10
116900141,24,26,-2
116900142,0,0,0
116900143,4,23,-19
116900144,1,2,-1
116900145,1,15,-14
116900147,8,10,-2
116900148,1,0,1
116900149,0,0,0
116900150,0,1,-1
116900151,0,0,0
116900153,0,0,0
116900154,1,1,0
116900155,2,9,-7
116900157,0,0,0
116900158,0,3,-3
116900159,1,45,-44
116900160,0,0,0
116900161,827,184,643
116900162,0,0,0
116900163,0,0,0
116900164,0,1,-1
116900165,0,0,0
116900166,0,0,0
116900167,0,0,0
116900168,0,6,-6
116900169,0,0,0
116900170,0,0,0
116900171,0,0,0
116900172,0,0,0
116900173,0,8,-8
116900174,0,0,0
116900175,0,0,0
116900178,0,0,0
116900179,0,0,0
116900180,1,2,-1
116900182,0,0,0
116900183,0,0,0
116900185,0,0,0
116900186,0,0,0
116900187,0,0,0
116900188,3,0,3
116900189,0,0,0
116900191,0,0,0
116900192,0,0,0
116900194,0,0,0
116900195,0,0,0
116900196,0,0,0
116900197,0,0,0
116900198,22,16,6
116900200,0,0,0
116900201,0,0,0
116900202,0,0,0
116900203,0,0,0
116900204,3,8,-5
116900206,0,0,0
116900207,0,3,-3
116900208,0,0,0
116900209,0,0,0
116900210,0,7,-7
116900211,0,0,0
116900212,0,0,0
116900213,0,0,0
116900214,2,13,-11
116900215,0,0,0
116900216,0,12,-12
116900218,1,68,-67
116900219,114,49,65
116900220,0,0,0
116900221,2,27,-25
116900222,0,0,0
116900223,0,0,0
116900226,0,16,-16
116900227,0,9,-9
116900228,5,33,-28
116900230,0,21,-21
116900231,0,24,-24
116900232,1,30,-29
116900233,0,0,0
116900234,0,0,0
116900235,10,218,-208
116900238,35,22,13
116900239,0,12,-12
116900240,265,38,227
116900241,0,0,0
116900242,41,13,28
116900243,1,5,-4
116900245,0,0,0
116900246,0,0,0
116900247,0,0,0
116900248,0,2,-2
116900249,0,1,-1
116900250,5,5,0
116900251,0,0,0
116900252,1,83,-82
116900253,0,0,0
116900254,0,0,0
116900255,6,2,4
116900256,8,1,7
116900257,3,128,-125
116900258,1,96,-95
116900259,0,0,0
116900260,0,25,-25
116900261,0,0,0
116900262,0,47,-47
116900263,0,0,0
116900264,0,0,0
116900265,0,0,0
116900266,0,3,-3
116900267,0,0,0
116900268,0,2,-2
116900269,0,18,-18
116900271,0,0,0
116900272,16,39,-23
116900273,1,0,1
116900274,0,0,0
116900275,0,0,0
116900276,0,0,0
116900277,0,0,0
116900278,0,0,0
116900279,0,2,-2
116900280,0,0,0
116900281,164,34,130
116900282,0,14,-14
116900283,0,9,-9
116900284,0,8,-8
116900285,0,0,0
116900286,0,0,0
116900287,0,0,0
116900288,0,0,0
116900289,0,0,0
116900290,0,0,0
116900291,0,0,0
116900292,0,0,0
116900293,0,0,0
116900294,1,12,-11
116900295,0,0,0
116900296,0,0,0
116900297,0,0,0
116900298,0,0,0
116900299,0,0,0
116900300,0,0,0
116900301,0,0,0
116900302,0,5,-5
116900303,1,4,-3
116900304,0,33,-33
116900305,0,0,0
116900306,0,0,0
117000001,145,132,13
117000002,434,1441,-1007
117000003,360,111,249
117000004,1307,1740,-433
117000005,86,51,35
117000006,225,1807,-1582
117000007,111,11,100
117000008,287,1751,-1464
117000009,3,3,0
117000010,702,1810,-1108
117000011,0,1,-1
117000012,295,888,-593
117000013,0,0,0
117000014,185,1057,-872
117000015,0,0,0
117000016,18,22,-4
117000017,25,27,-2
117000018,5,101,-96
117000019,0,0,0
117000020,116,432,-316
117000021,708,97,611
117000022,13,11,2
117000023,35,60,-25
117000024,42,81,-39
117000025,166,280,-114
117000026,56,28,28
117000027,452,764,-312
117000028,0,0,0
117000030,35,86,-51
117000031,0,0,0
117000032,217,368,-151
117000033,320,304,16
117000034,12,38,-26
117000035,0,0,0
117000036,44,55,-11
117000037,0,0,0
117000038,9,120,-111
117000039,7,27,-20
117000040,20,494,-474
117000041,0,0,0
117000044,8,415,-407
117000045,0,0,0
117000046,106,299,-193
117000047,0,3,-3
117000048,490,342,148
117000049,13,53,-40
117000050,6,868,-862
117000051,109,43,66
117000052,0,39,-39
117000053,6,15,-9
117000054,51,0,51
117000055,5,1347,-1342
117000056,33,0,33
117000057,77,583,-506
117000060,56,202,-146
117000061,1,10,-9
117000062,16,48,-32
117000063,0,0,0
117000064,73,214,-141
117000066,270,126,144
117000067,3,43,-40
117000074,0,0,0
117000076,0,0,0
117000077,30,31,-1
117000078,9,114,-105
117000079,3,15,-12
117000080,0,227,-227
117000081,7,6,1
117000082,4,39,-35
117000083,0,0,0
117000084,0,0,0
117000085,19,150,-131
117000086,24,153,-129
117000087,30,254,-224
117000088,0,0,0
117000089,22,21,1
117000090,56,852,-796
117000091,9,11,-2
117000092,60,828,-768
117000093,14,12,2
117000094,194,1132,-938
117000095,22,21,1
117000096,180,1414,-1234
117000097,22,39,-17
117000098,531,1947,-1416
117000099,24,36,-12
117000100,2,20,-18
117000101,23,225,-202
117000102,0,0,0
117000103,438,866,-428
117000104,0,0,0
117000105,165,805,-640
117000106,0,0,0
117000107,156,1035,-879
117000108,0,0,0
117000109,645,1260,-615
117000110,0,0,0
117000111,394,425,-31
117000112,131,219,-88
117000113,14,70,-56
117000114,0,0,0
117000115,3,35,-32
117000116,0,13,-13
117000117,38,18,20
117000118,1,18,-17
117000119,0,0,0
117000120,1,1,0
117000121,0,4,-4
117000122,0,0,0
117000123,0,0,0
117000124,0,0,0
117000125,1,1,0
117000126,0,0,0
117000127,0,8,-8
117000128,17,12,5
117000129,0,0,0
117000130,0,2,-2
117000131,0,20,-20
117000132,86,14,72
117000133,1,133,-132
117000134,0,43,-43
117000135,0,28,-28
117000136,0,14,-14
117000137,0,0,0
117000138,0,229,-229
117000140,115,686,-571
117000141,0,0,0
117000181,94,19,75
117000182,0,0,0
117000195,13,206,-193
117000196,0,0,0
117000225,0,0,0
117000226,0,3,-3
117000276,0,0,0
117000277,1,86,-85
117000310,460,804,-344
117000315,0,0,0
117000320,0,0,0
117000906,0,0,0
117000907,0,182,-182
117000908,3,0,3
117000909,1,7,-6
117000910,58,58,0
117000911,19,24,-5
117000915,1,99,-98
117000916,0,0,0
117000917,0,0,0
117000918,0,0,0
117000919,0,7,-7
117000920,5,987,-982
117000921,0,364,-364
117000922,0,0,0
117000924,40,4,36
117000926,350,23,327
117000927,4,42,-38
117000928,0,151,-151
117000929,10,84,-74
117000930,3,4,-1
117000931,38,15,23
117900002,11,71,-60
117900003,36,16,20
117900005,0,1,-1
117900006,0,9,-9
117900007,3,35,-32
117900008,0,9,-9
117900010,1,28,-27
117900011,0,0,0
117900012,11,37,-26
117900013,0,29,-29
117900014,0,54,-54
117900015,0,24,-24
117900016,100,20,80
117900017,3,66,-63
117900018,8,3,5
117900019,0,79,-79
117900020,2,6,-4
117900021,0,9,-9
117900022,2,0,2
117900023,17,3,14
117900024,3,21,-18
117900025,0,2,-2
117900026,7,38,-31
117900028,0,0,0
117900029,0,69,-69
117900030,3,17,-14
117900031,0,0,0
117900032,15,9,6
117900033,5,43,-38
117900034,0,0,0
117900035,8,2,6
117900036,0,51,-51
117900037,0,0,0
117900038,0,70,-70
117900039,0,24,-24
117900040,19,84,-65
117900041,0,18,-18
117900042,8,7,1
117900043,2,9,-7
117900044,0,40,-40
117900045,0,0,0
117900048,20,36,-16
117900049,1,52,-51
117900050,0,0,0
117900051,0,0,0
117900052,0,0,0
117900053,51,116,-65
117900054,0,0,0
117900055,0,0,0
117900056,0,0,0
117900057,24,183,-159
117900058,0,0,0
117900059,0,0,0
117900060,16,661,-645
117900061,0,0,0
117900063,1,33,-32
117900065,58,98,-40
117900066,1,0,1
117900067,3,46,-43
117900069,3,62,-59
117900070,0,0,0
117900071,0,0,0
117900073,12,39,-27
117900074,0,0,0
117900075,0,0,0
117900076,1,4,-3
117900077,0,0,0
117900078,11,44,-33
117900080,0,0,0
117900081,19,33,-14
117900082,10,16,-6
117900083,6,97,-91
117900086,0,0,0
117900087,0,0,0
117900088,149,76,73
117900089,56,17,39
117900090,3,134,-131
117900091,26,1,25
117900092,0,0,0
117900093,0,0,0
117900094,0,0,0
117900095,4,98,-94
117900096,0,0,0
117900097,0,0,0
117900098,0,0,0
117900099,4,70,-66
117900100,0,0,0
117900101,45,44,1
117900102,0,0,0
117900103,0,0,0
117900104,0,4,-4
117900105,4,18,-14
117900106,0,0,0
117900107,0,0,0
117900109,6,49,-43
117900110,0,0,0
117900111,0,0,0
117900112,0,0,0
117900113,0,0,0
117900114,0,0,0
117900115,8,4,4
117900116,31,35,-4
117900117,26,88,-62
117900118,0,0,0
117900119,0,98,-98
117900120,0,11,-11
117900121,0,7,-7
117900122,33,40,-7
117900123,39,91,-52
117900124,25,54,-29
117900125,191,130,61
117900126,25,51,-26
117900127,9,54,-45
117900128,1,85,-84
117900129,0,0,0
117900130,0,37,-37
117900131,0,16,-16
117900132,0,27,-27
117900133,0,25,-25
117900134,4,36,-32
117900135,0,50,-50
117900136,0,13,-13
117900137,3,60,-57
117900138,0,7,-7
117900139,0,10,-10
117900140,6,1,5
117900141,15,38,-23
117900142,0,0,0
117900144,0,0,0
117900145,0,0,0
117900146,0,0,0
117900147,0,0,0
117900148,103,97,6
117900149,1,10,-9
117900150,2,17,-15
117900151,0,22,-22
117900152,9,3,6
117900153,0,15,-15
117900154,2,59,-57
117900156,12,46,-34
117900157,0,8,-8
117900158,0,0,0
117900160,35,29,6
117900161,205,186,19
117900162,0,23,-23
117900163,0,4,-4
117900165,0,0,0
117900166,0,13,-13
117900168,4,33,-29
117900169,0,31,-31
117900170,0,2,-2
117900171,0,2,-2
117900172,5,3,2
117900173,34,3,31
117900174,0,11,-11
117900175,0,0,0
117900176,0,0,0
117900177,0,0,0
117900178,0,0,0
117900180,0,0,0
117900181,0,0,0
117900182,0,0,0
117900183,0,0,0
117900184,0,0,0
117900185,0,0,0
117900186,0,0,0
117900187,0,0,0
117900188,0,0,0
117900189,0,0,0
117900190,0,0,0
117900191,0,0,0
117900192,0,0,0
117900193,0,12,-12
117900194,0,0,0
117900195,0,0,0
117900196,0,0,0
117900207,0,0,0
117900208,0,0,0
117900209,0,3,-3
117900210,0,0,0
117900211,0,0,0
117900212,3,6,-3
117900213,0,0,0
117900214,0,0,0
117900215,0,0,0
117900216,0,0,0
117900217,0,9,-9
117900218,0,0,0
117900219,0,11,-11
117900220,0,0,0
118000001,64,78,-14
118000002,232,415,-183
118000003,106,217,-111
118000004,373,324,49
118000005,857,582,275
118000006,2178,1242,936
118000007,908,388,520
118000008,628,557,71
118000009,404,651,-247
118000010,368,680,-312
118000011,110,611,-501
118000012,181,573,-392
118000013,707,681,26
118000014,177,659,-482
118000016,34,72,-38
118000017,0,0,0
118000018,42,117,-75
118000019,977,264,713
118000020,415,338,77
118000021,269,508,-239
118000022,213,31,182
118000023,115,149,-34
118000024,115,181,-66
118000025,6,4,2
118000027,3882,662,3220
118000029,130,47,83
118000032,51,66,-15
118000033,164,174,-10
118000034,1112,357,755
118000035,105,470,-365
118000036,50,220,-170
118000037,103,311,-208
118000038,0,0,0
118000039,15,34,-19
118000040,78,605,-527
118000041,292,381,-89
118000045,11,1,10
118000046,104,33,71
118000047,90,59,31
118000048,201,134,67
118000051,46,6,40
118000052,51,30,21
118000053,25,5,20
118000054,367,54,313
118000055,236,48,188
118000056,19,5,14
118000057,13,9,4
118000058,66,49,17
118000059,76,44,32
118000060,10,47,-37
118000061,23,48,-25
118000062,13,12,1
118000063,11,14,-3
118000064,21,51,-30
118000065,266,78,188
118000066,35,13,22
118000067,247,150,97
118000068,160,278,-118
118000069,249,90,159
118000070,807,72,735
118000071,509,303,206
118000072,224,169,55
118000073,102,21,81
118000074,10,17,-7
118000075,63,34,29
118000076,177,192,-15
118000077,408,248,160
118000078,120,122,-2
118000079,40,99,-59
118000080,325,216,109
118000081,87,81,6
118000082,4,15,-11
118000083,58,30,28
118000084,308,129,179
118000086,12,75,-63
118000087,2588,535,2053
118000088,109,170,-61
118000089,867,1194,-327
118000090,1687,470,1217
118000091,1326,722,604
118000092,133,17,116
118000093,21,28,-7
118000096,4,20,-16
118000097,18,39,-21
118000098,6,6,0
118000099,68,219,-151
118000101,79,108,-29
118000102,14,165,-151
118000107,759,88,671
118000108,1,41,-40
118000110,0,6,-6
118000111,0,309,-309
118000112,0,0,0
118000113,3,550,-547
118000114,0,0,0
118000115,0,0,0
118000116,0,0,0
118000117,244,254,-10
118000118,26,41,-15
118000119,27,53,-26
118000120,372,592,-220
118000121,2,84,-82
118000122,60,7,53
118000123,2,68,-66
118000125,309,381,-72
118000126,12,36,-24
118000127,19,23,-4
118000128,188,470,-282
118000129,103,54,49
118000130,1187,1690,-503
118000131,143,577,-434
118000132,109,86,23
118000133,21,84,-63
118000135,0,0,0
118000136,12,77,-65
118000137,91,15,76
118000138,9,53,-44
118000139,4,22,-18
118000140,725,420,305
118000141,143,127,16
118000142,276,600,-324
118000143,31,55,-24
118000144,76,66,10
118000145,439,892,-453
118000146,199,417,-218
118000147,190,508,-318
118000148,61,299,-238
118000149,46,168,-122
118000150,10,0,10
118000151,4,22,-18
118000153,18,85,-67
118000154,21,117,-96
118000155,23,89,-66
118000156,499,422,77
118000157,13,16,-3
118000158,10,95,-85
118000159,0,0,0
118000160,0,0,0
118000161,47,254,-207
118000162,14,76,-62
118000163,16,41,-25
118000164,150,71,79
118000168,13,33,-20
118000169,315,677,-362
118000170,447,668,-221
118000171,0,0,0
118000172,0,0,0
118000173,80,182,-102
118000175,29,19,10
118000176,14,36,-22
118000177,1,15,-14
118000178,3,11,-8
118000179,0,0,0
118000180,0,0,0
118000181,305,156,149
118000182,67,83,-16
118000183,37,91,-54
118000184,0,0,0
118000185,533,215,318
118000186,234,240,-6
118000187,95,192,-97
118000188,16,51,-35
118000189,20,114,-94
118000190,1,3,-2
118000191,1,4,-3
118000192,10,59,-49
118000193,6,40,-34
118000194,323,46,277
118000195,6,2,4
118000196,0,0,0
118000197,23,6,17
118000198,10,10,0
118000199,132,78,54
118000200,0,0,0
118000201,14,6,8
118000202,0,0,0
118000203,97,27,70
118000204,51,43,8
118000205,32,24,8
118000206,7,0,7
118000207,0,9,-9
118000208,63,111,-48
118000209,213,541,-328
118000210,0,0,0
118000211,0,0,0
118000213,8,15,-7
118000214,145,44,101
118000215,50,126,-76
118000216,0,0,0
118000217,2,9,-7
118000218,1,9,-8
118000219,3,17,-14
118000220,0,0,0
118000221,8,24,-16
118000222,71,3,68
118000223,0,0,0
118000224,4,7,-3
118000225,0,293,-293
118000226,0,0,0
118000227,92,19,73
118000228,81,22,59
118000229,0,0,0
118000230,8,26,-18
118000231,2,26,-24
118000232,75,235,-160
118000233,24,39,-15
118000234,2,26,-24
118000236,11,84,-73
118000237,0,0,0
118000238,6,61,-55
118000239,0,12,-12
118000240,70,14,56
118000241,2,28,-26
118000242,21,134,-113
118000243,5,16,-11
118000244,4,30,-26
118000246,0,8,-8
118000255,0,12,-12
118000256,0,13,-13
118000259,0,3,-3
118000260,0,0,0
118000261,1,7,-6
118000263,3,16,-13
118000266,8,33,-25
118000267,0,38,-38
118000268,0,4,-4
118000270,0,0,0
118000271,1,26,-25
118000272,0,0,0
118000273,3,30,-27
118000274,12,72,-60
118000276,2,17,-15
118000295,1,8,-7
118000298,29,150,-121
118000299,38,66,-28
118000301,0,12,-12
118000302,0,6,-6
118000311,11,31,-20
118000312,6,34,-28
118000313,2,27,-25
118000314,7,10,-3
118000315,5,18,-13
118000316,6,66,-60
118000325,0,10,-10
118000326,0,0,0
118000331,0,5,-5
118000332,0,11,-11
118000333,0,6,-6
118000335,0,0,0
118000336,0,164,-164
118000407,0,0,0
118000457,2,14,-12
118000465,728,381,347
118000480,2,15,-13
118000489,0,2,-2
118000490,22,186,-164
118000492,0,13,-13
118000510,6,5,1
118000514,9,129,-120
118000515,4,24,-20
118000517,119,54,65
118000524,884,189,695
118000525,260,365,-105
118000530,0,0,0
118000531,0,1,-1
118000532,58,114,-56
118000533,101,111,-10
118000534,62,161,-99
118000535,3,20,-17
118000536,26,35,-9
118000537,10,42,-32
118000538,7,46,-39
118000539,0,0,0
118000540,22,136,-114
118000541,15,61,-46
118000542,0,0,0
118000543,0,0,0
118000546,3,19,-16
118000560,499,68,431
118000562,0,0,0
118000563,183,87,96
118000576,7,48,-41
118000577,27,12,15
118000578,12,20,-8
118000579,77,176,-99
118000595,1,1,0
118000596,0,9,-9
118000597,3,17,-14
118000598,0,0,0
118000599,0,0,0
118000600,0,17,-17
118000601,0,0,0
118000602,0,3,-3
118000603,0,22,-22
118900001,0,0,0
118900002,0,28,-28
118900003,0,0,0
118900004,0,0,0
118900005,0,0,0
118900006,0,0,0
118900007,1,2,-1
118900008,0,0,0
118900009,0,0,0
118900010,0,0,0
118900011,2,0,2
118900012,2,4,-2
118900013,0,0,0
118900015,5,1,4
118900016,0,0,0
118900017,0,0,0
118900018,0,0,0
118900019,10,0,10
118900020,0,0,0
118900021,0,0,0
118900022,3,7,-4
118900023,0,0,0
118900024,0,0,0
118900025,0,0,0
118900026,1,4,-3
118900027,0,0,0
118900028,0,0,0
118900029,0,0,0
118900030,0,0,0
118900031,10,7,3
118900032,0,0,0
118900033,0,0,0
118900034,0,0,0
118900035,3,20,-17
118900036,16,84,-68
118900037,0,0,0
118900038,5,44,-39
118900039,0,0,0
118900040,2,6,-4
118900041,0,0,0
118900042,0,9,-9
118900045,3,16,-13
118900046,56,4,52
118900047,67,14,53
118900048,0,0,0
118900049,0,0,0
118900050,0,29,-29
118900051,0,0,0
118900052,0,0,0
118900053,0,0,0
118900054,0,4,-4
118900055,5,13,-8
118900056,0,0,0
118900057,1,26,-25
118900058,0,0,0
118900059,0,0,0
118900060,1,10,-9
118900062,0,0,0
118900064,0,0,0
118900065,0,0,0
118900066,0,0,0
118900067,33,2,31
118900068,0,0,0
118900069,9,22,-13
118900071,0,0,0
118900072,0,0,0
118900073,1,9,-8
118900074,0,0,0
118900075,0,0,0
118900076,0,0,0
118900077,0,14,-14
118900078,1,0,1
118900079,0,0,0
118900080,0,0,0
118900081,0,0,0
118900082,2,12,-10
118900083,0,1,-1
118900084,0,0,0
118900085,20,79,-59
118900086,0,0,0
118900087,0,9,-9
118900088,0,2,-2
118900089,0,0,0
118900090,16,29,-13
118900091,0,0,0
118900092,6,43,-37
118900093,0,0,0
118900096,0,0,0
118900097,6,83,-77
118900099,1,40,-39
118900100,0,0,0
118900101,0,69,-69
118900102,2,13,-11
118900103,1,4,-3
118900104,5,31,-26
118900105,39,22,17
118900107,5,9,-4
118900108,0,13,-13
118900109,0,0,0
118900110,0,0,0
118900111,0,0,0
118900112,0,0,0
118900113,0,0,0
118900114,0,0,0
118900115,0,0,0
118900116,1,34,-33
118900117,3,52,-49
118900118,5,116,-111
118900119,2,52,-50
118900120,5,51,-46
118900121,0,0,0
118900122,0,24,-24
118900123,27,62,-35
118900124,0,0,0
118900126,0,28,-28
118900129,1,12,-11
118900130,0,0,0
118900131,5,81,-76
118900132,5,14,-9
118900133,0,0,0
118900135,0,40,-40
118900136,15,181,-166
118900137,0,0,0
118900139,0,0,0
118900140,14,165,-151
118900141,0,0,0
118900144,6,174,-168
118900145,0,0,0
118900146,6,135,-129
118900147,0,0,0
118900148,0,0,0
118900150,0,0,0
118900152,10,106,-96
118900157,0,0,0
118900158,0,0,0
118900159,0,0,0
118900161,0,0,0
118900163,0,0,0
118900164,0,0,0
118900165,2,53,-51
118900166,5,1,4
118900167,1,9,-8
118900168,0,11,-11
118900169,7,56,-49
118900170,1,26,-25
118900171,0,7,-7
118900174,2,20,-18
118900175,3,20,-17
118900176,0,11,-11
118900177,0,3,-3
118900178,0,1,-1
118900179,0,8,-8
118900181,1,13,-12
118900182,2,4,-2
118900183,3,2,1
118900184,1,1,0
118900185,3,8,-5
118900186,3,29,-26
118900187,0,0,0
118900188,0,0,0
118900189,0,20,-20
118900190,0,0,0
118900191,0,0,0
118900192,0,0,0
118900193,0,0,0
118900195,0,0,0
118900196,11,41,-30
118900197,0,0,0
118900198,0,5,-5
118900199,0,7,-7
118900200,0,0,0
118900201,0,1,-1
118900202,2,11,-9
118900203,0,13,-13
118900204,0,4,-4
118900205,1,3,-2
118900206,0,17,-17
119000001,88,96,-8
119000002,175,278,-103
119000003,94,377,-283
119000004,119,210,-91
119000005,145,191,-46
119000006,113,181,-68
119000007,172,284,-112
119000008,343,1127,-784
119000009,474,511,-37
119000010,2365,1543,822
119000011,1239,486,753
119000012,1547,1083,464
119000013,615,392,223
119000014,489,1166,-677
119000019,8,38,-30
119000020,122,211,-89
119000021,307,278,29
119000022,86,139,-53
119000023,0,0,0
119000024,273,393,-120
119000025,2911,273,2638
119000026,0,0,0
119000027,65,70,-5
119000028,236,347,-111
119000029,0,3,-3
119000030,72,195,-123
119000031,133,225,-92
119000032,276,282,-6
119000033,604,424,180
119000034,225,301,-76
119000035,5,181,-176
119000036,142,301,-159
119000037,88,606,-518
119000038,42,296,-254
119000039,23,69,-46
119000040,402,60,342
119000041,573,150,423
119000048,1195,676,519
119000049,127,651,-524
119000050,74,115,-41
119000051,131,65,66
119000052,98,135,-37
119000053,158,89,69
119000054,156,806,-650
119000055,320,594,-274
119000056,217,392,-175
119000057,72,509,-437
119000058,145,414,-269
119000059,40,41,-1
119000060,109,200,-91
119000061,24,25,-1
119000062,177,340,-163
119000063,70,85,-15
119000064,29,70,-41
119000065,48,208,-160
119000066,279,191,88
119000067,88,133,-45
119000068,150,257,-107
119000069,32,165,-133
119000070,211,267,-56
119000071,0,0,0
119000072,931,472,459
119000073,761,795,-34
119000074,49,546,-497
119000075,125,1189,-1064
119000076,0,0,0
119000077,0,0,0
119000078,0,0,0
119000079,0,0,0
119000080,0,0,0
119000081,0,0,0
119000082,0,0,0
119000083,0,0,0
119000084,0,0,0
119000085,0,0,0
119000086,0,0,0
119000087,46,53,-7
119000088,0,0,0
119000089,0,1,-1
119000090,0,0,0
119000091,1,10,-9
119000092,0,0,0
119000093,710,498,212
119000094,345,884,-539
119000095,98,454,-356
119000097,676,307,369
119000098,129,259,-130
119000099,259,495,-236
119000100,392,462,-70
119000101,899,834,65
119000102,19,26,-7
119000103,75,5,70
119000104,869,948,-79
119000105,0,0,0
119000106,76,814,-738
119000107,0,0,0
119000108,73,791,-718
119000109,0,11,-11
119000110,74,160,-86
119000111,0,22,-22
119000112,32,10,22
119000113,345,20,325
119000114,2,14,-12
119000115,57,13,44
119000116,0,0,0
119000117,7,11,-4
119000118,4,1,3
119000123,65,9,56
119000124,0,0,0
119000125,0,0,0
119000126,0,0,0
119000127,112,446,-334
119000128,49,4,45
119000131,99,681,-582
119000132,9,2,7
119000133,0,0,0
119000134,0,0,0
119000135,0,2,-2
119000136,11,60,-49
119000137,0,3,-3
119000138,8,100,-92
119000139,0,0,0
119000140,6,37,-31
119000284,486,1331,-845
119000285,1123,1188,-65
119000286,1569,1374,195
119000287,213,777,-564
119000288,235,574,-339
119000289,351,1116,-765
119000290,9,23,-14
119000291,9,119,-110
119000293,49,74,-25
119000294,0,0,0
119000295,668,119,549
119000296,0,0,0
119000302,909,137,772
119000303,0,0,0
119000314,307,524,-217
119000315,1,9,-8
119000316,1,26,-25
119000317,0,4,-4
119900001,3,39,-36
119900002,0,0,0
119900003,3,72,-69
119900004,0,0,0
119900005,0,0,0
119900006,2,20,-18
119900007,0,0,0
119900008,0,0,0
119900009,2,45,-43
119900010,16,135,-119
119900011,0,0,0
119900012,0,0,0
119900013,96,97,-1
119900014,34,23,11
119900015,0,0,0
119900016,0,0,0
119900017,0,0,0
119900018,0,0,0
119900019,0,0,0
119900020,0,0,0
119900021,0,2,-2
119900022,0,0,0
119900023,0,0,0
119900025,0,0,0
119900026,0,0,0
119900027,0,0,0
119900028,0,0,0
119900029,0,0,0
119900030,0,6,-6
119900031,0,0,0
119900033,234,0,234
119900034,0,0,0
119900037,0,0,0
119900038,0,0,0
119900039,0,0,0
119900040,0,0,0
119900041,0,0,0
119900042,0,0,0
119900043,0,0,0
119900044,0,0,0
119900046,0,0,0
119900047,0,0,0
119900048,0,1,-1
119900049,0,0,0
119900050,0,0,0
119900051,0,0,0
119900052,0,0,0
119900053,0,0,0
119900054,0,0,0
119900055,8,25,-17
119900057,0,0,0
119900058,0,0,0
119900059,0,1,-1
119900060,0,0,0
119900061,0,0,0
119900062,0,0,0
119900063,0,0,0
119900064,0,0,0
119900065,0,0,0
119900066,0,0,0
119900067,0,0,0
119900068,0,0,0
119900069,0,0,0
119900070,0,6,-6
119900071,0,0,0
119900072,2,8,-6
119900073,0,16,-16
119900074,0,0,0
119900075,478,138,340
119900076,0,39,-39
119900077,1,150,-149
119900078,0,0,0
119900079,0,0,0
119900080,1,226,-225
119900081,0,22,-22
119900082,0,30,-30
119900083,0,0,0
119900084,3,10,-7
119900085,34,8,26
119900086,4,63,-59
119900087,2,12,-10
119900088,2,10,-8
119900089,2,222,-220
119900090,38,7,31
119900091,3,269,-266
119900092,2,172,-170
119900093,20,4,16
119900094,5,52,-47
119900095,0,2,-2
119900096,4,12,-8
119900097,71,23,48
119900098,1,1,0
119900099,1,34,-33
119900100,629,285,344
119900101,39,164,-125
119900102,1,43,-42
119900103,1,40,-39
119900104,3,49,-46
119900105,87,470,-383
119900106,1,34,-33
119900107,22,256,-234
119900108,378,251,127
119900109,0,13,-13
119900110,21,132,-111
119900111,0,0,0
119900112,163,21,142
119900113,0,0,0
119900114,4,385,-381
119900115,0,0,0
119900116,0,5,-5
119900117,15,170,-155
119900118,0,1,-1
119900119,0,19,-19
119900120,55,60,-5
119900121,4,60,-56
119900122,0,0,0
119900123,0,5,-5
119900124,1,63,-62
119900125,0,0,0
119900126,711,14,697
119900127,1,0,1
119900128,1,43,-42
119900129,1,30,-29
119900130,0,0,0
119900131,0,15,-15
119900132,0,0,0
119900133,0,0,0
119900134,101,2,99
119900135,0,0,0
119900136,0,0,0
119900138,0,0,0
119900139,0,9,-9
119900140,0,1,-1
119900141,0,0,0
119900142,0,0,0
119900143,0,0,0
119900144,0,0,0
119900145,0,29,-29
119900146,5,3,2
119900147,0,0,0
119900148,0,0,0
119900149,5,17,-12
119900150,15,13,2
119900151,69,26,43
119900152,0,0,0
119900153,0,0,0
119900154,0,76,-76
119900155,1,6,-5
119900156,0,1,-1
119900157,0,0,0
119900158,0,0,0
119900159,1,379,-378
119900160,0,8,-8
119900161,0,0,0
119900162,0,0,0
119900163,7,6,1
119900164,0,0,0
119900165,0,0,0
119900166,0,0,0
119900167,0,1,-1
119900168,0,0,0
119900169,13,19,-6
119900170,8,6,2
119900171,8,40,-32
119900172,0,0,0
119900173,0,84,-84
119900174,1,2,-1
119900175,0,0,0
119900177,0,48,-48
119900178,0,0,0
119900179,0,0,0
119900180,0,0,0
119900181,0,0,0
119900182,0,65,-65
119900183,2,157,-155
119900184,9,0,9
119900185,0,0,0
119900186,0,0,0
119900187,1,60,-59
119900188,0,20,-20
119900189,14,13,1
119900190,0,0,0
119900191,0,0,0
119900192,0,29,-29
119900193,0,0,0
119900194,0,0,0
119900195,3,20,-17
119900196,0,0,0
119900197,0,0,0
119900198,1,67,-66
119900199,0,0,0
119900200,0,0,0
119900201,23,23,0
119900202,0,0,0
119900203,0,0,0
119900204,0,0,0
119900205,0,0,0
119900206,0,0,0
119900208,0,0,0
119900209,1,19,-18
119900210,0,0,0
119900211,0,0,0
119900212,0,27,-27
119900213,0,5,-5
119900214,0,9,-9
119900215,0,29,-29
119900216,0,30,-30
119900217,0,8,-8
119900218,1,14,-13
119900219,0,4,-4
119900220,0,2,-2
119900221,1,6,-5
119900222,0,0,0
119900223,0,1,-1
119900224,0,0,0
119900225,0,0,0
119900226,0,0,0
119900227,301,32,269
119900228,0,25,-25
119900229,0,0,0
119900230,34,21,13
119900231,0,0,0
119900232,0,0,0
119900233,0,0,0
119900234,0,1,-1
119900235,1,1,0
119900236,0,0,0
119900237,0,0,0
119900238,0,19,-19
119900240,1,29,-28
119900241,5,97,-92
119900242,0,12,-12
119900244,0,0,0
119900245,2,3,-1
119900246,0,0,0
119900247,0,0,0
119900248,0,0,0
119900249,0,0,0
119900253,0,0,0
119900254,0,0,0
119900255,9,126,-117
119900256,1,83,-82
119900257,0,0,0
119900258,0,1,-1
119900259,0,7,-7
119900260,0,0,0
119900261,0,0,0
119900262,1,51,-50
119900263,57,57,0
119900264,0,0,0
119900265,0,0,0
119900266,0,0,0
119900267,0,14,-14
119900268,0,24,-24
119900269,5,168,-163
119900271,0,0,0
119900272,0,0,0
119900275,0,1,-1
119900276,0,0,0
119900277,0,0,0
119900278,18,2,16
119900279,7,2,5
119900280,57,30,27
119900281,0,13,-13
119900282,0,0,0
119900283,0,0,0
119900284,9,194,-185
119900285,0,2,-2
119900286,4,1,3
119900288,1,18,-17
119900289,0,19,-19
119900290,0,4,-4
119900291,0,4,-4
119900292,1,0,1
119900293,0,1,-1
119900294,0,4,-4
119900295,0,5,-5
119900296,0,37,-37
119900297,0,6,-6
119900298,0,34,-34
119900299,0,0,0
119900300,0,0,0
119900301,0,0,0
119900302,0,3,-3
119900303,2,20,-18
119900304,1,1,0
119900305,0,0,0
119900306,0,0,0
119900307,0,0,0
119900308,0,1,-1
119900309,0,0,0
119900310,8,13,-5
119900311,0,0,0
119900312,0,0,0
119900313,2,16,-14
119900314,0,0,0
119900315,1,257,-256
119900318,0,0,0
119900319,0,44,-44
119900320,1,122,-121
119900321,0,0,0
120000001,1166,461,705
120000002,330,763,-433
120000003,585,511,74
120000004,529,728,-199
120000005,1852,933,919
120000006,309,463,-154
120000007,906,909,-3
120000008,232,677,-445
120000009,1781,363,1418
120000010,268,1352,-1084
120000011,173,874,-701
120000012,590,1630,-1040
120000013,326,1141,-815
120000014,79,573,-494
120000015,389,686,-297
120000016,287,70,217
120000017,50,60,-10
120000018,436,329,107
120000019,70,106,-36
120000020,330,304,26
120000021,303,336,-33
120000022,1400,571,829
120000023,178,231,-53
120000024,333,377,-44
120000025,240,500,-260
120000026,61,490,-429
120000027,294,567,-273
120000028,128,483,-355
120000029,559,141,418
120000030,3,77,-74
120000031,302,481,-179
120000032,2521,366,2155
120000033,133,332,-199
120000034,111,631,-520
120000035,120,257,-137
120000036,135,459,-324
120000037,1,32,-31
120000038,1769,282,1487
120000039,59,159,-100
120000040,3,46,-43
120000041,29,379,-350
120000042,88,1079,-991
120000043,262,429,-167
120000044,320,196,124
120000045,357,169,188
120000046,175,240,-65
120000047,329,338,-9
120000048,2101,337,1764
120000049,341,681,-340
120000050,340,814,-474
120000051,1224,1109,115
120000052,5075,255,4820
120000053,67,854,-787
120000054,185,2229,-2044
120000055,179,1503,-1324
120000056,147,1635,-1488
120000057,71,437,-366
120000058,12,32,-20
120000059,4,18,-14
120000061,47,335,-288
120000062,19,83,-64
120000063,571,1509,-938
120000064,50,668,-618
120000065,61,658,-597
120000066,19,138,-119
120000067,27,148,-121
120000068,14,536,-522
120000069,102,749,-647
120000070,4,296,-292
120000071,41,36,5
120000072,74,215,-141
120000073,53,62,-9
120000074,5,25,-20
120000075,21,86,-65
120000076,76,131,-55
120000077,126,176,-50
120000078,584,233,351
120000079,0,0,0
120000080,0,0,0
120000081,0,0,0
120000082,0,0,0
120000083,0,0,0
120000084,67,81,-14
120000085,31,55,-24
120000086,21,122,-101
120000087,8,360,-352
120000088,49,107,-58
120000089,0,0,0
120000090,0,0,0
120000091,0,0,0
120000092,0,0,0
120000093,0,0,0
120000094,0,0,0
120000095,64,89,-25
120000096,19,210,-191
120000098,52,137,-85
120000099,17,96,-79
120000100,46,114,-68
120000101,31,88,-57
120000102,20,47,-27
120000103,61,48,13
120000104,94,24,70
120000105,89,31,58
120000106,87,28,59
120000107,91,26,65
120000108,31,11,20
120000109,109,13,96
120000110,26,362,-336
120000111,33,508,-475
120000112,109,2015,-1906
120000113,111,1204,-1093
120000114,112,1030,-918
120000115,50,887,-837
120000116,119,849,-730
120000117,477,639,-162
120000118,0,0,0
120000119,0,0,0
120000120,0,0,0
120000121,0,0,0
120000122,0,0,0
120000123,397,106,291
120000124,22,34,-12
120000125,19,132,-113
120000126,9,59,-50
120000127,58,65,-7
120000128,131,164,-33
120000129,5,9,-4
120000130,0,0,0
120000131,18,97,-79
120000134,0,0,0
120000135,1,62,-61
120000137,0,0,0
120000138,10,62,-52
120000139,0,0,0
120000140,13,74,-61
120000141,0,0,0
120000142,4,56,-52
120000143,0,0,0
120000144,0,0,0
120000145,1,0,1
120000146,298,95,203
120000149,35,125,-90
120000150,12,162,-150
120000151,0,0,0
120000152,0,0,0
120000153,43,318,-275
120000154,97,305,-208
120000155,0,0,0
120000156,0,0,0
120000157,0,0,0
120000158,120,449,-329
120000159,371,1201,-830
120000160,496,144,352
120000161,94,666,-572
120000162,15,18,-3
120000163,45,534,-489
120000164,28,258,-230
120000165,32,408,-376
120000166,39,227,-188
120000167,2,6,-4
120000168,1,10,-9
120000169,65,48,17
120000170,129,25,104
120000171,44,10,34
120000172,9,8,1
120000173,201,5,196
120000174,60,3,57
120000175,67,2,65
120000176,8,36,-28
120000177,186,254,-68
120000178,6,0,6
120000179,38,9,29
120000180,156,34,122
120000181,19,37,-18
120000182,9,7,2
120000183,0,77,-77
120000184,9,1766,-1757
120000186,0,9,-9
120000187,0,4,-4
120000188,0,3,-3
120000190,0,0,0
120000191,0,0,0
120000192,0,0,0
120000193,0,0,0
120000195,0,0,0
120000196,0,0,0
120000197,0,0,0
120000198,0,38,-38
120000199,0,0,0
120000200,0,0,0
120000201,0,0,0
120000202,0,15,-15
120000203,0,86,-86
120000207,0,0,0
120000208,0,0,0
120000209,0,0,0
120000210,0,3,-3
120000211,0,0,0
120000212,0,0,0
120000213,0,0,0
120000214,0,0,0
120000215,0,0,0
120000216,0,0,0
120000217,96,263,-167
120000218,37,285,-248
120000219,5,195,-190
120000220,3,761,-758
120000225,0,0,0
120000226,0,0,0
120000227,0,0,0
120000228,1734,311,1423
120000230,0,0,0
120000231,0,0,0
120000233,0,3,-3
120000235,77,381,-304
120000236,0,0,0
120000237,2,536,-534
120000238,0,38,-38
120000241,0,0,0
120000412,0,0,0
120000413,0,0,0
120000414,0,0,0
120000415,0,0,0
120000416,0,0,0
120000417,0,0,0
120000418,0,0,0
120000419,0,0,0
120000420,0,0,0
120000421,5827,2922,2905
120000422,99,94,5
120000423,2,19,-17
120000424,1,41,-40
120000436,26,36,-10
120000437,92,35,57
120000438,1493,77,1416
120000439,15,85,-70
120000443,0,0,0
120000444,20,342,-322
120000445,37,30,7
120000446,111,11,100
120000447,0,0,0
120000449,0,0,0
120000450,0,0,0
120000451,7,46,-39
120000452,0,0,0
120000453,1,513,-512
120000454,0,0,0
120000455,2,13,-11
120000456,445,495,-50
120000457,249,131,118
120000458,217,245,-28
120000459,0,0,0
120000665,115,8,107
120000668,9,68,-59
120000669,0,0,0
120000670,36,35,1
120000671,106,118,-12
120000672,29,216,-187
120900001,0,0,0
120900002,0,0,0
120900003,0,0,0
120900004,0,0,0
120900005,0,0,0
120900006,0,0,0
120900007,3,21,-18
120900008,0,10,-10
120900009,0,0,0
120900010,4,4,0
120900011,0,0,0
120900012,22,17,5
120900013,0,0,0
120900014,0,0,0
120900015,0,0,0
120900016,0,0,0
120900017,235,18,217
120900018,0,1,-1
120900019,4,1,3
120900020,11,9,2
120900021,0,0,0
120900022,0,0,0
120900023,0,0,0
120900024,71,44,27
120900025,0,0,0
120900026,0,0,0
120900027,0,0,0
120900028,3,0,3
120900029,0,0,0
120900030,1,6,-5
120900031,0,1,-1
120900032,0,0,0
120900033,0,0,0
120900034,0,0,0
120900035,0,1,-1
120900037,2,0,2
120900038,0,0,0
120900039,0,0,0
120900040,0,1,-1
120900041,0,0,0
120900042,0,0,0
120900043,0,0,0
120900044,0,0,0
120900045,0,2,-2
120900046,2,0,2
120900047,0,0,0
120900048,0,0,0
120900049,0,0,0
120900050,0,0,0
120900051,0,0,0
120900052,0,0,0
120900053,0,0,0
120900054,0,0,0
120900055,2,0,2
120900056,0,0,0
120900057,0,0,0
120900058,0,0,0
120900059,0,0,0
120900060,0,0,0
120900061,0,0,0
120900062,0,0,0
120900063,0,0,0
120900064,0,0,0
120900065,0,1,-1
120900066,0,56,-56
120900067,0,0,0
120900068,0,0,0
120900069,0,0,0
120900071,0,0,0
120900072,0,0,0
120900073,0,0,0
120900074,0,0,0
120900076,0,0,0
120900077,0,4,-4
120900078,3,121,-118
120900079,0,4,-4
120900080,3,254,-251
120900081,0,0,0
120900082,0,61,-61
120900083,0,0,0
120900084,0,2,-2
120900085,0,0,0
120900086,7,7,0
120900087,0,0,0
120900088,1,0,1
120900089,493,43,450
120900090,0,2,-2
120900091,0,0,0
120900092,20,68,-48
120900093,0,0,0
120900094,57,29,28
120900095,0,0,0
120900096,0,2,-2
120900097,31,140,-109
120900098,0,0,0
120900099,1,14,-13
120900100,0,2,-2
120900101,0,0,0
120900102,0,0,0
120900103,1,1,0
120900104,1,4,-3
120900105,0,0,0
120900106,209,124,85
120900107,63,26,37
120900108,0,0,0
120900109,5,156,-151
120900110,0,0,0
120900111,1,11,-10
120900112,0,0,0
120900113,2,226,-224
120900114,0,47,-47
120900115,51,30,21
120900116,0,37,-37
120900117,0,2,-2
120900118,0,224,-224
120900119,0,0,0
120900120,0,96,-96
120900121,16,60,-44
120900122,0,24,-24
120900123,0,8,-8
120900124,0,179,-179
120900125,0,151,-151
120900126,114,116,-2
120900127,0,11,-11
120900128,137,173,-36
120900129,7,98,-91
120900130,1,185,-184
120900131,0,0,0
120900132,0,1,-1
120900133,14,187,-173
120900134,17,75,-58
120900135,2,194,-192
120900136,0,0,0
120900137,0,0,0
120900138,4,34,-30
120900139,1,253,-252
120900140,0,0,0
120900141,0,2,-2
120900142,3,210,-207
120900143,0,230,-230
120900144,0,69,-69
120900145,3,237,-234
120900146,1,215,-214
120900147,1,12,-11
120900148,0,5,-5
120900149,2,99,-97
120900150,0,96,-96
120900151,0,149,-149
120900152,0,2,-2
120900153,1,1,0
120900154,0,65,-65
120900155,10,332,-322
120900156,2,103,-101
120900157,0,2,-2
120900158,1,143,-142
120900159,0,17,-17
120900160,9,152,-143
120900161,0,175,-175
120900162,1,151,-150
120900163,0,0,0
120900164,0,0,0
120900165,0,0,0
120900166,0,5,-5
120900167,0,5,-5
120900169,6,97,-91
120900170,58,34,24
120900171,112,22,90
120900172,0,0,0
120900173,0,11,-11
120900174,1,17,-16
120900175,0,0,0
120900176,0,5,-5
120900177,0,6,-6
120900178,0,10,-10
120900179,86,52,34
120900180,0,3,-3
120900181,0,0,0
120900182,0,0,0
120900183,0,0,0
120900184,0,0,0
120900185,0,7,-7
120900186,0,147,-147
120900187,2,9,-7
120900188,0,0,0
120900189,0,0,0
120900190,0,0,0
120900191,0,0,0
120900192,808,38,770
120900194,0,0,0
120900195,7,36,-29
120900196,0,0,0
120900197,0,0,0
120900198,14,103,-89
120900199,6,146,-140
120900200,0,0,0
120900201,50,15,35
120900202,1,49,-48
120900203,0,0,0
120900204,94,130,-36
120900205,0,0,0
120900206,0,0,0
121000001,333,593,-260
121000002,338,256,82
121000003,3268,993,2275
121000004,740,498,242
121000005,1016,948,68
121000006,955,429,526
121000007,1387,1556,-169
121000008,1267,623,644
121000009,4300,2159,2141
121000010,3067,879,2188
121000011,7805,2473,5332
121000012,5844,1394,4450
121000013,3469,2659,810
121000014,3222,1928,1294
121000015,1636,2398,-762
121000016,2718,2140,578
121000017,382,715,-333
121000018,814,590,224
121000019,5697,1418,4279
121000020,5157,1481,3676
121000021,783,1023,-240
121000022,569,517,52
121000023,1171,1049,122
121000024,688,1211,-523
121000025,138,78,60
121000026,50,23,27
121000027,831,218,613
121000028,148,81,67
121000029,46,100,-54
121000030,29,28,1
121000031,59,141,-82
121000032,41,30,11
121000034,0,0,0
121000035,5,32,-27
121000036,34,109,-75
121000037,80,167,-87
121000038,123,132,-9
121000039,14,29,-15
121000041,12,76,-64
121000042,0,0,0
121000043,41,21,20
121000044,219,98,121
121000045,18,58,-40
121000046,26,54,-28
121000047,0,16,-16
121000049,244,176,68
121000050,58,470,-412
121000051,49,38,11
121000052,36,211,-175
121000053,0,0,0
121000054,3,116,-113
121000055,510,255,255
121000056,232,262,-30
121000057,34,58,-24
121000058,74,43,31
121000059,86,30,56
121000060,98,79,19
121000061,3,29,-26
121000062,15,18,-3
121000063,93,269,-176
121000064,32,56,-24
121000065,44,61,-17
121000066,21,119,-98
121000067,103,72,31
121000068,0,0,0
121000069,0,0,0
121000070,148,188,-40
121000071,111,244,-133
121000072,315,112,203
121000073,291,313,-22
121000074,37,41,-4
121000075,37,12,25
121000076,73,25,48
121000077,0,0,0
121000078,19,71,-52
121000080,441,123,318
121000081,347,368,-21
121000082,93,123,-30
121000083,0,0,0
121000084,79,73,6
121000085,250,181,69
121000086,0,0,0
121000087,0,0,0
121000088,120,240,-120
121000089,0,0,0
121000090,67,151,-84
121000091,621,533,88
121000092,62,33,29
121000093,13,42,-29
121000094,102,44,58
121000095,0,0,0
121000096,1545,1073,472
121000097,619,562,57
121000098,127,344,-217
121000099,113,316,-203
121000100,60,231,-171
121000101,0,0,0
121000102,30,142,-112
121000103,0,0,0
121000104,7,79,-72
121000105,36,116,-80
121000106,0,0,0
121000107,755,1042,-287
121000109,563,524,39
121000110,79,100,-21
121000114,906,1332,-426
121000115,362,403,-41
121000116,127,391,-264
121000117,33,5,28
121000118,75,13,62
121000119,6,24,-18
121000120,0,0,0
121000121,0,0,0
121000123,0,0,0
121000126,16,25,-9
121000127,1,11,-10
121000128,41,210,-169
121000129,66,133,-67
121000130,150,273,-123
121000131,250,197,53
121000132,179,157,22
121000135,25,26,-1
121000136,217,40,177
121000137,38,3,35
121000138,79,66,13
121000139,118,66,52
121000141,22,57,-35
121000142,146,129,17
121000143,0,0,0
121000144,56,44,12
121000145,51,189,-138
121000146,116,179,-63
121000147,62,118,-56
121000148,58,132,-74
121000149,260,402,-142
121000152,42,59,-17
121000153,483,113,370
121000154,249,60,189
121000155,285,165,120
121000156,201,217,-16
121000157,214,92,122
121000158,40,81,-41
121000159,10,114,-104
121000160,25,141,-116
121000161,0,9,-9
121000162,2,6,-4
121000165,0,0,0
121000166,9,32,-23
121000168,26,73,-47
121000169,8,151,-143
121000170,75,17,58
121000171,51,98,-47
121000172,112,204,-92
121000173,377,234,143
121000174,95,158,-63
121000175,86,127,-41
121000176,152,94,58
121000177,76,112,-36
121000178,9,15,-6
121000179,9,12,-3
121000181,45,77,-32
121000182,71,29,42
121000183,20,3,17
121000184,3,3,0
121000185,0,0,0
121000186,7,129,-122
121000187,0,0,0
121000188,0,0,0
121000192,107,77,30
121000193,83,106,-23
121000194,1691,710,981
121000195,86,428,-342
121000196,0,0,0
121000197,28,238,-210
121000198,23,67,-44
121000199,17,469,-452
121000200,60,42,18
121000201,0,66,-66
121000202,16,3,13
121000203,3,212,-209
121000204,72,23,49
121000205,55,340,-285
121000206,17,56,-39
121000207,121,113,8
121000208,3,130,-127
121000209,24,359,-335
121000210,60,335,-275
121000211,19,64,-45
121000212,95,347,-252
121000213,264,255,9
121000214,108,194,-86
121000215,329,263,66
121000216,63,131,-68
121000217,792,263,529
121000218,144,984,-840
121000219,218,99,119
121000220,145,80,65
121000221,31,16,15
121000222,692,1343,-651
121000223,40,143,-103
121000224,0,0,0
121000225,175,180,-5
121000226,97,103,-6
121000227,1,79,-78
121000228,14,746,-732
121000229,7,417,-410
121000230,45,1545,-1500
121000231,0,0,0
121000232,0,0,0
121000233,8,31,-23
121000234,0,0,0
121000235,0,2,-2
121000236,0,0,0
121000237,1,0,1
121000238,0,0,0
121000239,0,0,0
121000240,0,0,0
121000241,1,2,-1
121000242,0,0,0
121000243,5,1,4
121000244,0,1,-1
121000245,0,0,0
121000246,0,0,0
121000247,1,0,1
121000248,2,16,-14
121000249,25,96,-71
121000250,20,21,-1
121000251,8,247,-239
121000252,4,16,-12
121000253,52,433,-381
121000254,113,58,55
121000255,34,62,-28
121000256,16,19,-3
121000257,13,34,-21
121000258,18,5,13
121000259,8,11,-3
121000260,15,79,-64
121000261,8,4,4
121000262,357,211,146
121000263,99,178,-79
121000271,131,332,-201
121000273,6,8,-2
121000274,0,1,-1
121000275,1,22,-21
121000276,0,1,-1
121000278,0,3,-3
121000279,2,16,-14
121000280,0,0,0
121000289,2,0,2
121000290,322,185,137
121000294,5,63,-58
121000297,86,81,5
121000299,4,139,-135
121000300,158,170,-12
121000302,62,94,-32
121000303,152,75,77
121000304,0,0,0
121000305,0,0,0
121000306,0,0,0
121000308,46,113,-67
121000309,229,266,-37
121000310,14,213,-199
121000311,19,410,-391
121000312,0,0,0
121000313,250,181,69
121000314,45,37,8
121000315,42,23,19
121000530,108,389,-281
121000531,128,372,-244
121000532,1210,479,731
121000533,749,493,256
121000918,1,87,-86
121000919,0,0,0
121000938,146,37,109
121000939,73,10,63
121000956,113,523,-410
121000957,5,90,-85
121000958,4,117,-113
121000959,55,412,-357
121000960,84,709,-625
121000961,11,0,11
121000962,0,0,0
121000973,6,90,-84
121000976,0,0,0
121000979,0,0,0
121000981,12,0,12
121000982,0,0,0
121000983,35,143,-108
121000984,0,13,-13
121000985,62,203,-141
121000986,4,69,-65
121000987,67,985,-918
121000988,146,19,127
121001302,75,58,17
121001308,4,15,-11
121001309,3,10,-7
121001313,6,114,-108
121001314,4187,2005,2182
121001315,1643,1056,587
121900001,0,0,0
121900002,0,4,-4
121900003,0,0,0
121900004,0,0,0
121900005,1,3,-2
121900006,0,0,0
121900007,0,0,0
121900008,0,0,0
121900009,0,0,0
121900010,0,0,0
121900011,0,0,0
121900012,0,0,0
121900013,0,0,0
121900014,0,0,0
121900015,0,0,0
121900016,0,0,0
121900017,0,0,0
121900018,0,0,0
121900019,0,0,0
121900020,0,0,0
121900021,0,0,0
121900022,0,0,0
121900023,0,0,0
121900024,0,0,0
121900025,0,0,0
121900026,0,0,0
121900027,0,0,0
121900028,0,0,0
121900029,0,0,0
121900030,0,0,0
121900031,0,0,0
121900032,0,0,0
121900033,0,0,0
121900034,0,0,0
121900035,0,0,0
121900036,0,0,0
121900037,0,0,0
121900038,0,0,0
121900039,0,0,0
121900040,0,0,0
121900041,0,0,0
121900042,0,0,0
121900043,0,0,0
121900044,0,0,0
121900046,0,0,0
121900047,0,0,0
121900048,0,0,0
121900050,0,0,0
121900051,0,0,0
121900052,0,0,0
121900053,23,55,-32
121900054,0,0,0
121900055,0,0,0
121900058,0,0,0
121900059,0,0,0
121900060,0,0,0
121900061,0,0,0
121900062,0,0,0
121900063,0,0,0
121900064,0,0,0
121900066,0,0,0
121900067,0,0,0
121900069,0,0,0
121900070,0,0,0
121900071,0,0,0
121900072,0,0,0
121900073,0,0,0
121900074,0,0,0
121900075,0,0,0
121900076,0,0,0
121900077,0,0,0
121900078,0,0,0
121900079,0,0,0
121900080,0,0,0
121900082,0,0,0
121900084,0,0,0
121900085,0,0,0
121900086,0,0,0
121900087,0,0,0
121900088,0,0,0
121900089,0,0,0
121900090,0,0,0
121900091,0,0,0
121900092,0,0,0
121900093,0,0,0
121900094,0,0,0
121900095,0,0,0
121900096,0,0,0
121900097,0,0,0
121900098,0,0,0
121900099,0,0,0
121900100,0,0,0
121900101,0,0,0
121900102,0,0,0
121900103,0,0,0
121900104,0,0,0
121900105,0,0,0
121900106,0,0,0
121900107,0,0,0
121900108,0,0,0
121900109,0,0,0
121900110,0,0,0
121900111,0,0,0
121900112,0,0,0
121900113,0,0,0
121900114,0,0,0
121900115,0,0,0
121900117,0,0,0
121900118,0,0,0
121900119,0,0,0
121900120,0,0,0
121900121,0,0,0
121900122,0,0,0
121900123,0,0,0
121900124,0,0,0
121900125,0,0,0
121900127,0,0,0
121900128,0,0,0
121900129,0,0,0
121900130,0,0,0
121900131,0,0,0
121900132,0,0,0
121900133,0,0,0
121900134,0,0,0
121900135,0,0,0
121900136,0,0,0
121900137,0,0,0
121900138,0,0,0
121900139,0,0,0
121900140,0,0,0
121900141,0,0,0
121900142,0,0,0
121900143,0,0,0
121900144,6,5,1
121900145,0,0,0
121900146,0,0,0
121900147,0,1,-1
121900148,0,0,0
121900149,0,0,0
121900150,4,2,2
121900151,0,0,0
121900152,0,0,0
121900153,0,0,0
121900154,0,0,0
121900155,0,0,0
121900156,0,0,0
121900157,0,0,0
121900158,1,0,1
121900159,0,0,0
121900160,0,0,0
121900161,0,0,0
121900162,1,0,1
121900163,0,0,0
121900164,0,0,0
121900165,0,0,0
121900166,0,0,0
121900167,0,0,0
121900168,0,0,0
121900169,0,74,-74
121900170,0,0,0
121900171,0,0,0
121900172,0,0,0
121900173,0,0,0
121900174,0,0,0
121900175,0,0,0
121900176,17,148,-131
121900177,0,1,-1
121900178,0,0,0
121900179,0,0,0
121900180,7,1,6
121900182,0,0,0
121900183,0,0,0
121900184,0,0,0
121900186,0,0,0
121900187,0,3,-3
121900188,0,0,0
121900189,0,0,0
121900190,0,0,0
121900191,0,0,0
121900192,0,0,0
121900193,0,0,0
121900194,0,0,0
121900195,0,0,0
121900196,0,0,0
121900197,10,83,-73
121900198,0,0,0
121900199,0,0,0
121900200,0,0,0
121900201,0,0,0
121900202,1,2,-1
121900203,0,0,0
121900204,0,0,0
121900205,0,0,0
121900206,0,0,0
121900207,0,0,0
121900208,0,0,0
121900209,0,0,0
121900210,0,0,0
121900211,0,0,0
121900212,0,0,0
121900213,0,0,0
121900214,0,0,0
121900215,0,0,0
121900216,0,0,0
121900217,0,0,0
121900218,0,0,0
121900220,0,0,0
121900221,0,0,0
121900222,0,0,0
121900223,0,0,0
121900224,0,0,0
121900225,0,0,0
121900226,0,0,0
121900227,0,0,0
121900228,0,0,0
121900229,0,0,0
121900230,0,0,0
121900231,0,0,0
121900232,0,0,0
121900233,0,0,0
121900234,0,0,0
121900235,0,0,0
121900236,0,0,0
121900237,0,0,0
121900238,0,0,0
121900239,0,0,0
121900240,0,0,0
121900241,0,0,0
121900242,0,0,0
121900243,0,0,0
121900244,0,0,0
121900245,0,0,0
121900246,0,0,0
121900247,0,0,0
121900248,0,0,0
121900250,0,0,0
121900251,0,0,0
121900252,0,0,0
121900253,0,0,0
121900254,0,0,0
121900255,0,0,0
121900258,0,0,0
121900259,0,0,0
121900260,0,0,0
121900261,0,0,0
121900262,0,0,0
121900263,0,0,0
121900264,0,0,0
121900265,0,0,0
121900266,0,0,0
121900267,0,0,0
121900269,0,0,0
121900270,0,0,0
121900271,0,0,0
121900273,0,0,0
121900274,0,0,0
121900276,0,0,0
121900277,0,0,0
121900278,0,0,0
121900279,0,0,0
121900280,0,0,0
121900281,0,0,0
121900284,0,0,0
121900286,0,21,-21
121900287,1,1,0
121900290,0,0,0
121900291,7,37,-30
121900292,0,0,0
121900293,23,312,-289
121900294,0,0,0
121900295,0,0,0
121900296,0,0,0
121900298,1,1,0
121900299,0,0,0
121900300,0,0,0
121900301,0,0,0
121900302,0,0,0
121900303,0,0,0
121900304,0,0,0
121900305,0,0,0
121900306,0,0,0
121900307,0,0,0
121900308,1,24,-23
121900309,0,17,-17
121900310,2,57,-55
121900311,0,0,0
121900312,0,0,0
121900313,0,0,0
121900314,0,0,0
121900315,0,0,0
121900316,0,0,0
121900317,0,0,0
121900318,0,0,0
121900319,0,0,0
121900320,0,0,0
121900321,0,0,0
121900322,0,0,0
121900323,0,0,0
121900324,0,0,0
121900325,0,0,0
121900326,0,0,0
121900327,0,0,0
121900328,0,0,0
121900329,0,0,0
121900330,0,0,0
121900331,0,0,0
121900332,0,0,0
121900333,0,0,0
122000001,598,781,-183
122000002,695,317,378
122000003,529,422,107
122000004,455,244,211
122000005,326,143,183
122000006,149,71,78
122000007,114,154,-40
122000008,746,482,264
122000009,171,19,152
122000010,363,234,129
122000011,289,161,128
122000012,144,241,-97
122000013,154,218,-64
122000014,248,223,25
122000015,124,107,17
122000016,129,142,-13
122000017,296,265,31
122000018,304,427,-123
122000019,190,576,-386
122000020,35,43,-8
122000021,179,88,91
122000022,194,67,127
122000023,56,82,-26
122000024,88,133,-45
122000025,64,173,-109
122000026,52,25,27
122000027,289,561,-272
122000028,0,0,0
122000029,0,0,0
122000030,116,38,78
122000031,0,0,0
122000032,70,90,-20
122000033,64,70,-6
122000034,173,212,-39
122000035,180,237,-57
122000036,87,233,-146
122000037,93,80,13
122000038,54,76,-22
122000039,135,192,-57
122000040,99,103,-4
122000041,0,0,0
122000042,0,0,0
122000043,0,0,0
122000044,0,0,0
122000045,47,33,14
122000046,53,64,-11
122000047,122,71,51
122000048,666,423,243
122000049,1441,749,692
122000050,174,199,-25
122000051,0,0,0
122000052,7,9,-2
122000053,17,139,-122
122000054,367,277,90
122000055,462,684,-222
122000056,665,617,48
122000057,1190,911,279
122000058,623,605,18
122000059,619,560,59
122000060,233,156,77
122000061,116,38,78
122000062,325,63,262
122000063,89,136,-47
122000064,662,856,-194
122000065,1034,815,219
122000066,311,354,-43
122000067,249,378,-129
122000068,229,185,44
122000069,371,224,147
122000070,22,56,-34
122000071,48,53,-5
122000072,101,63,38
122000073,83,117,-34
122000074,13,4,9
122000075,8,8,0
122000076,133,116,17
122000077,158,215,-57
122000078,326,560,-234
122000079,249,287,-38
122000080,43,64,-21
122000081,17,12,5
122000082,0,0,0
122000083,285,360,-75
122000084,253,243,10
122000085,94,334,-240
122000086,375,577,-202
122000087,14,14,0
122000088,83,91,-8
122000089,887,435,452
122000090,24,37,-13
122000091,12,13,-1
122000092,23,0,23
122000093,162,500,-338
122000094,1231,253,978
122000095,913,377,536
122000096,231,37,194
122000098,900,655,245
122000099,56,205,-149
122000100,73,74,-1
122000101,10,26,-16
122000102,458,278,180
122000103,219,250,-31
122000104,50,20,30
122000105,13,46,-33
122000106,85,70,15
122000107,25,40,-15
122000108,111,160,-49
122000109,3,10,-7
122000110,55,130,-75
122000111,468,145,323
122000112,59,118,-59
122000113,43,85,-42
122000114,619,1048,-429
122000115,677,402,275
122000116,170,84,86
122000117,179,20,159
122000118,61,42,19
122000119,537,595,-58
122000120,483,896,-413
122000121,619,469,150
122000122,232,237,-5
122000123,457,81,376
122000124,122,53,69
122000125,378,170,208
122000126,88,171,-83
122000127,348,352,-4
122000128,109,237,-128
122000129,55,14,41
122000130,73,11,62
122000131,89,25,64
122000132,295,110,185
122000133,158,657,-499
122000134,138,85,53
122000135,82,379,-297
122000136,3,20,-17
122000137,38,25,13
122000139,285,361,-76
122000140,182,94,88
122000141,1287,219,1068
122000142,56,354,-298
122000143,39,11,28
122000144,76,44,32
122000145,112,131,-19
122000146,0,0,0
122000147,37,15,22
122000148,980,383,597
122000149,390,113,277
122000150,93,83,10
122000151,112,112,0
122000152,105,59,46
122000153,0,0,0
122000154,0,0,0
122000155,231,159,72
122000156,1350,1126,224
122000157,601,694,-93
122000158,23,90,-67
122000159,47,53,-6
122000160,318,64,254
122000161,91,26,65
122000162,122,47,75
122000163,0,0,0
122000164,0,0,0
122000165,106,83,23
122000166,25,48,-23
122000167,77,68,9
122000168,0,0,0
122000169,132,76,56
122000170,44,113,-69
122000171,7,62,-55
122000172,345,414,-69
122000173,295,524,-229
122000174,345,346,-1
122000175,333,107,226
122000176,3,6,-3
122000177,333,634,-301
122000178,174,38,136
122000179,459,335,124
122000180,277,512,-235
122000181,499,1196,-697
122000182,275,82,193
122000183,313,27,286
122000184,3834,747,3087
122000185,796,621,175
122000186,120,154,-34
122000187,62,134,-72
122000188,73,72,1
122000189,0,0,0
122000190,13,196,-183
122000191,94,43,51
122000192,91,7,84
122000193,3,10,-7
122000194,54,23,31
122000195,1,6,-5
122000196,31,46,-15
122000197,26,35,-9
122000198,79,117,-38
122000199,73,30,43
122000200,172,45,127
122000201,785,1194,-409
122000202,539,660,-121
122000203,802,594,208
122000204,200,730,-530
122000205,142,420,-278
122000206,130,54,76
122000207,45,109,-64
122000208,40,142,-102
122000209,70,4,66
122000210,170,880,-710
122000211,158,461,-303
122000212,145,103,42
122000213,184,177,7
122000214,190,265,-75
122000215,261,270,-9
122000217,402,714,-312
122000218,0,0,0
122000219,638,512,126
122000220,86,287,-201
122000221,38,81,-43
122000222,94,18,76
122000223,153,185,-32
122000225,184,70,114
122000226,144,698,-554
122000227,52,412,-360
122000228,76,264,-188
122000229,7,181,-174
122000230,15,343,-328
122000231,18,278,-260
122000232,24,352,-328
122000233,0,0,0
122000234,8,24,-16
122000235,12,20,-8
122000236,50,21,29
122000237,8,7,1
122000238,23,3,20
122000239,2,4,-2
122000240,19,19,0
122000241,2,0,2
122000242,6,4,2
122000243,3,2,1
122000244,1,130,-129
122000245,4,31,-27
122000246,0,6,-6
122000247,110,138,-28
122000248,281,553,-272
122000249,23,49,-26
122000250,68,17,51
122000251,93,139,-46
122000252,14,6,8
122000253,9,148,-139
122000254,4,9,-5
122000255,61,26,35
122000256,157,1038,-881
122000257,30,232,-202
122000258,23,43,-20
122000259,5,267,-262
122000260,5,98,-93
122000261,0,7,-7
122000262,1,71,-70
122000263,4,70,-66
122000264,0,0,0
122000265,0,0,0
122000266,0,0,0
122000267,0,0,0
122000268,0,0,0
122000269,0,0,0
122000270,0,0,0
122000271,7,43,-36
122000272,3,54,-51
122000273,7,44,-37
122000274,6,12,-6
122000275,4,8,-4
122000276,26,82,-56
122000277,120,240,-120
122000278,78,64,14
122000279,46,315,-269
122000280,322,397,-75
122000281,125,325,-200
122000282,5,48,-43
122000283,214,35,179
122000284,28,29,-1
122000285,140,76,64
122000286,62,112,-50
122000287,17,6,11
122000288,14,1,13
122000291,132,37,95
122000293,45,28,17
122000294,0,0,0
122000295,4,1,3
122000296,10,102,-92
122000297,427,166,261
122000299,25,61,-36
122000300,59,169,-110
122000301,2712,279,2433
122000302,93,55,38
122000303,2257,554,1703
122000304,4,69,-65
122000305,203,40,163
122000306,6,355,-349
122000307,64,62,2
122000309,22,185,-163
122000310,3,12,-9
122000311,13,32,-19
122000312,13,5,8
122000313,1,8,-7
122000314,12,41,-29
122000315,6,4,2
122000316,23,2,21
122000317,59,7,52
122000318,1,20,-19
122000319,72,185,-113
122000320,71,943,-872
122000321,17,300,-283
122000322,529,152,377
122000323,323,152,171
122000324,206,229,-23
122000325,30,123,-93
122000326,0,0,0
122000327,34,78,-44
122000328,163,373,-210
122000330,74,26,48
122000332,18,82,-64
122000333,1,115,-114
122000337,122,934,-812
122000338,51,236,-185
122000340,68,42,26
122000342,601,454,147
122000343,35,397,-362
122000344,0,0,0
122000345,3,3,0
122000346,59,19,40
122000348,58,128,-70
122000349,5,243,-238
122000351,0,2,-2
122000352,49,5,44
122000353,3,78,-75
122000355,1,3,-2
122000356,694,338,356
122000357,0,0,0
122000358,0,0,0
122000359,0,0,0
122000360,0,0,0
122000362,3,37,-34
122000364,7,115,-108
122000365,0,0,0
122000366,3,4,-1
122000368,71,171,-100
122000370,2,30,-28
122000371,0,0,0
122000372,0,0,0
122000381,9,88,-79
122000382,4,37,-33
122000384,557,435,122
122000385,0,0,0
122000386,16,58,-42
122000387,27,99,-72
122000388,70,36,34
122000389,74,333,-259
122000390,21,81,-60
122000391,0,0,0
122000392,24,37,-13
122000393,0,18,-18
122000394,12,96,-84
122000395,7,55,-48
122000396,21,31,-10
122000397,8,30,-22
122000398,0,0,0
122000399,6,17,-11
122000400,0,0,0
122000401,15,37,-22
122000402,0,0,0
122000403,131,1274,-1143
122000404,13,3,10
122000408,208,330,-122
122000503,0,0,0
122000524,6,1,5
122000544,0,0,0
122000616,531,3,528
122000640,1,10,-9
122000641,1,37,-36
122000642,6,68,-62
122000643,0,0,0
122000644,80,53,27
122000645,84,201,-117
122000651,126,165,-39
122000664,16,20,-4
122000665,494,280,214
122000666,53,144,-91
122000673,22,203,-181
122000674,86,25,61
122000675,174,465,-291
122000686,0,0,0
122000687,47,164,-117
122000688,0,0,0
122000689,95,468,-373
122000690,101,621,-520
122000691,0,0,0
122000692,156,327,-171
122000693,0,0,0
122000695,47,272,-225
122000696,2,12,-10
122000698,33,491,-458
122000699,26,5,21
122000701,140,173,-33
122000702,0,0,0
122000703,0,0,0
122000717,134,25,109
122000718,50,15,35
122000719,0,0,0
122000720,1,16,-15
122000724,11,3,8
122900001,0,0,0
122900002,0,0,0
122900003,0,0,0
122900004,0,0,0
122900005,0,0,0
122900006,0,0,0
122900007,0,0,0
122900008,0,0,0
122900009,0,0,0
122900010,0,0,0
122900012,0,0,0
122900014,0,0,0
122900015,0,0,0
122900016,0,0,0
122900017,0,0,0
122900018,0,0,0
122900019,0,16,-16
122900020,0,0,0
122900021,0,2,-2
122900022,16,58,-42
122900023,11,20,-9
122900024,13,8,5
122900025,0,0,0
122900026,0,0,0
122900027,2,57,-55
122900028,0,0,0
122900029,0,0,0
122900030,264,8,256
122900031,0,0,0
122900032,3,13,-10
122900033,0,0,0
122900034,0,0,0
122900035,0,0,0
122900036,0,0,0
122900037,0,0,0
122900038,0,46,-46
122900039,0,0,0
122900040,0,0,0
122900041,0,0,0
122900042,0,0,0
122900043,0,0,0
122900044,0,0,0
122900045,0,0,0
122900046,0,0,0
122900047,0,0,0
122900048,0,0,0
122900049,0,0,0
122900051,1,1,0
122900052,0,9,-9
122900053,0,0,0
122900055,0,0,0
122900057,0,0,0
122900061,0,0,0
122900062,5,12,-7
122900063,0,0,0
122900064,0,0,0
122900065,6,8,-2
122900066,7,18,-11
122900067,0,0,0
122900068,0,0,0
122900069,1,15,-14
122900070,4,3,1
122900071,1,25,-24
122900072,2,68,-66
122900073,0,0,0
122900074,0,0,0
122900075,0,7,-7
122900076,0,8,-8
122900077,0,62,-62
122900078,1,107,-106
122900080,0,0,0
122900081,0,0,0
122900082,0,0,0
122900083,0,0,0
122900084,0,0,0
122900086,0,0,0
122900087,0,6,-6
122900088,0,0,0
122900089,0,0,0
122900090,2,48,-46
122900091,0,0,0
122900092,0,0,0
122900093,0,0,0
122900094,0,0,0
122900095,0,0,0
122900096,0,0,0
122900097,0,0,0
122900098,0,0,0
122900099,0,0,0
122900100,0,0,0
122900101,0,0,0
122900102,0,0,0
122900103,0,0,0
122900104,0,0,0
122900105,0,0,0
122900106,0,0,0
122900107,0,0,0
122900108,0,0,0
123000001,442,249,193
123000002,2401,734,1667
123000003,787,648,139
123000004,1553,1995,-442
123000005,245,417,-172
123000006,1171,1565,-394
123000007,277,393,-116
123000008,778,2196,-1418
123000009,1018,666,352
123000010,2507,2815,-308
123000011,378,266,112
123000012,530,1702,-1172
123000013,552,132,420
123000014,847,2183,-1336
123000015,1013,250,763
123000016,3581,1725,1856
123000017,312,124,188
123000018,4,34,-30
123000019,0,34,-34
123000020,3,3,0
123000021,1,1,0
123000022,3,10,-7
123000023,107,81,26
123000024,56,45,11
123000025,1,2,-1
123000026,1,16,-15
123000027,20,77,-57
123000028,23,8,15
123000029,75,101,-26
123000030,1,393,-392
123000031,6,32,-26
123000032,6,13,-7
123000033,5,3,2
123000034,30,38,-8
123000035,17,14,3
123000036,17,10,7
123000037,64,163,-99
123000038,19,88,-69
123000039,225,168,57
123000040,444,198,246
123000041,66,34,32
123000042,114,210,-96
123000043,256,233,23
123000044,1509,764,745
123000045,3472,697,2775
123000046,10,19,-9
123000047,746,274,472
123000048,0,0,0
123000049,904,183,721
123000050,138,77,61
123000051,0,13,-13
123000052,143,245,-102
123000053,983,458,525
123000054,424,244,180
123000055,165,162,3
123000056,335,749,-414
123000057,5431,1331,4100
123000058,59,68,-9
123000059,45,64,-19
123000060,97,83,14
123000061,24,70,-46
123000063,104,215,-111
123000064,104,72,32
123000065,2212,988,1224
123000066,371,249,122
123000067,30,87,-57
123000068,1020,1246,-226
123000069,5025,1326,3699
123000070,33,64,-31
123000071,30,48,-18
123000072,313,578,-265
123000073,24,45,-21
123000074,216,610,-394
123000075,25,60,-35
123000076,76,302,-226
123000077,752,1154,-402
123000078,36,64,-28
123000079,28,36,-8
123000080,418,951,-533
123000081,26,72,-46
123000082,89,161,-72
123000083,37,10,27
123000084,28,259,-231
123000085,9,12,-3
123000086,1,60,-59
123000087,9,65,-56
123000088,107,380,-273
123000089,3,17,-14
123000090,409,581,-172
123000091,13,6,7
123000092,250,421,-171
123000094,24,41,-17
123000095,2,16,-14
123000096,6,11,-5
123000097,45,368,-323
123000098,9,15,-6
123000099,90,225,-135
123000100,175,126,49
123000101,4,0,4
123000102,48,110,-62
123000104,24,67,-43
123000105,202,173,29
123000106,22,99,-77
123000107,93,172,-79
123000108,215,412,-197
123000111,28,12,16
123000112,30,40,-10
123000113,87,568,-481
123000114,2,5,-3
123000115,7,47,-40
123000116,6,40,-34
123000117,185,729,-544
123000118,84,302,-218
123000119,45,296,-251
123000120,104,190,-86
123000121,48,53,-5
123000122,92,133,-41
123000123,39,36,3
123000124,218,258,-40
123000125,67,16,51
123000126,47,110,-63
123000127,1227,503,724
123000128,62,187,-125
123000129,0,0,0
123000130,0,0,0
123000131,16,103,-87
123000132,82,223,-141
123000133,75,204,-129
123000134,139,47,92
123000135,93,171,-78
123000136,63,664,-601
123000137,17,181,-164
123000138,23,236,-213
123000139,0,0,0
123000140,42,333,-291
123000141,0,0,0
123000142,338,424,-86
123000143,365,1200,-835
123000144,10,6,4
123000145,34,48,-14
123000146,3,12,-9
123000147,2,20,-18
123000149,0,0,0
123000150,0,0,0
123000151,50,53,-3
123000152,11,138,-127
123000153,9,63,-54
123000154,345,180,165
123000155,550,166,384
123000156,10,38,-28
123000157,111,291,-180
123000158,0,0,0
123000159,349,219,130
123000160,82,26,56
123000161,221,20,201
123000162,36,37,-1
123000163,0,0,0
123000164,0,0,0
123000165,66,582,-516
123000166,11,56,-45
123000167,3,117,-114
123000168,28,160,-132
123000169,0,0,0
123000170,1,137,-136
123000171,0,12,-12
123000172,54,335,-281
123000173,0,0,0
123000174,0,0,0
123000175,285,681,-396
123000176,0,0,0
123000177,66,401,-335
123000178,0,0,0
123000179,4,256,-252
123000180,143,13,130
123000181,72,583,-511
123000182,16,129,-113
123000183,29,7,22
123000184,18,290,-272
123000185,0,0,0
123000186,6,425,-419
123000187,0,0,0
123000188,0,0,0
123000189,14,63,-49
123000190,0,12,-12
123000192,1,180,-179
123000193,8,190,-182
123000194,106,76,30
123000195,0,0,0
123000196,0,0,0
123000197,0,61,-61
123000198,1,102,-101
123000199,0,178,-178
123000200,0,0,0
123000201,0,0,0
123000202,6,637,-631
123000203,0,0,0
123000204,8,608,-600
123000205,77,754,-677
123000206,89,2,87
123000207,16,333,-317
123000208,14,7,7
123000209,107,12,95
123000210,103,458,-355
123000211,154,1126,-972
123000212,0,0,0
123000213,0,0,0
123000215,173,46,127
123000216,0,0,0
123000217,0,0,0
123000218,25,90,-65
123000219,0,0,0
123000220,0,0,0
123000221,0,0,0
123000222,13,22,-9
123000223,7,16,-9
123000224,16,77,-61
123000225,8,28,-20
123000226,5,237,-232
123000227,13,169,-156
123000228,4,17,-13
123000229,253,816,-563
123000232,58,215,-157
123000233,0,0,0
123000234,44,357,-313
123000235,0,0,0
123000236,42,462,-420
123000237,0,0,0
123000238,12,319,-307
123000239,97,1071,-974
123000240,22,98,-76
123000241,0,0,0
123000242,19,72,-53
123000243,239,537,-298
123000244,326,334,-8
123000245,23,114,-91
123000249,812,382,430
123000252,0,0,0
123000253,0,0,0
123000254,28,325,-297
123000255,48,99,-51
123000256,9,98,-89
123000257,898,932,-34
123000258,136,518,-382
123000259,27,122,-95
123000260,45,268,-223
123000261,14,126,-112
123000262,26,87,-61
123000263,20,12,8
123000264,7,1,6
123000265,30,44,-14
123000266,118,194,-76
123000267,0,0,0
123000268,5,21,-16
123000269,0,0,0
123000270,0,0,0
123000271,22,29,-7
123000272,0,0,0
123000273,0,0,0
123000274,0,0,0
123000275,69,542,-473
123000278,660,569,91
123000279,0,0,0
123000280,6,86,-80
123000281,0,0,0
123000282,13,82,-69
123000283,0,0,0
123000284,8,57,-49
123000286,105,44,61
123000287,62,52,10
123000288,0,0,0
123000289,0,0,0
123000291,100,511,-411
123000294,20,28,-8
123000295,144,46,98
123000296,35,14,21
123000297,1,9,-8
123000298,5,40,-35
123000299,0,0,0
123000300,31,119,-88
123000301,6,34,-28
123000302,2,17,-15
123000303,1,10,-9
123000305,308,281,27
123000306,4,151,-147
123000309,13,23,-10
123000310,0,0,0
123000311,0,142,-142
123000312,138,249,-111
123000313,0,0,0
123000315,4,21,-17
123000316,0,0,0
123000317,0,0,0
123000318,4,51,-47
123000329,181,45,136
123000337,0,51,-51
123000338,19,7,12
123000339,2,351,-349
123000340,2,19,-17
123000342,0,4,-4
123000343,0,0,0
123000344,192,98,94
123000345,38,164,-126
123000346,0,0,0
123000352,704,445,259
123000353,17,55,-38
123000354,7,0,7
123000355,0,166,-166
123000356,1,0,1
123000357,1,84,-83
123000359,2,93,-91
123000360,0,0,0
123000361,148,58,90
123000362,13,67,-54
123000363,1,162,-161
123000364,32,30,2
123000365,13,73,-60
123000366,77,208,-131
123000367,44,304,-260
123000370,4,141,-137
123000371,0,0,0
123000372,0,0,0
123000373,0,195,-195
123000374,4,59,-55
123000375,0,1,-1
123000376,30,57,-27
123000377,0,0,0
123000378,2,253,-251
123000379,1,100,-99
123000380,1,67,-66
123000381,6,0,6
123000382,48,3,45
123000383,27,241,-214
123000384,30,1,29
123000385,47,350,-303
123000436,42,328,-286
123000507,27,32,-5
123000508,49,101,-52
123000517,156,11,145
123000518,5,65,-60
123000519,112,38,74
123000520,19,64,-45
123000521,77,49,28
123000522,43,158,-115
123000541,0,0,0
123000542,0,21,-21
123000565,21,5,16
123000566,8,245,-237
123000567,38,68,-30
123000573,29,749,-720
123000574,0,0,0
123000575,120,832,-712
123000576,29,1186,-1157
123000577,27,376,-349
123000578,0,0,0
123000579,437,102,335
123000580,44,1,43
123000582,1,4,-3
123000583,3,298,-295
123000584,0,0,0
123000585,1,40,-39
123000586,0,0,0
123000596,29,48,-19
123000597,0,0,0
123000602,0,0,0
123000603,36,180,-144
123000604,13,699,-686
123000605,377,48,329
123000606,2,1039,-1037
123000609,9,199,-190
123000610,3,3,0
123000613,89,151,-62
123000614,0,0,0
123000615,94,211,-117
123000616,0,0,0
123000617,53,660,-607
123000618,37,428,-391
123000619,0,0,0
123000620,64,472,-408
123000622,0,0,0
123000624,0,0,0
123000630,48,38,10
123000631,35,870,-835
123000632,212,398,-186
123000633,0,70,-70
123000634,0,0,0
123000635,72,60,12
123000636,6,221,-215
123000637,0,0,0
123000638,0,0,0
123000639,0,0,0
123000640,1,548,-547
123900001,70,4,66
123900002,0,0,0
123900003,0,0,0
123900005,0,0,0
123900006,0,0,0
124000001,207,0,207
124000002,77,711,-634
124000003,21,1,20
124000004,24,354,-330
124000005,13,0,13
124000006,151,748,-597
124000007,21,1,20
124000008,4,203,-199
124000009,3,2,1
124000010,30,313,-283
124000011,17,4,13
124000012,62,505,-443
124000017,0,0,0
124000018,62,52,10
124000019,0,0,0
124000020,24,101,-77
124000021,0,0,0
124000022,76,143,-67
124000023,226,118,108
124000024,267,256,11
124000025,131,77,54
124000026,398,262,136
124000027,995,276,719
124000028,1261,1553,-292
124000030,1110,492,618
124000031,44,2,42
124000032,2217,500,1717
124000033,22,1,21
124000034,875,235,640
124000035,4,1,3
124000036,8,103,-95
124000037,1,3,-2
124000038,4,7,-3
124000039,206,69,137
124000040,129,331,-202
124000041,53,7,46
124000042,23,256,-233
124000043,12,9,3
124000044,5,190,-185
124000045,0,0,0
124000046,54,447,-393
124000047,0,0,0
124000048,137,1048,-911
124000049,0,0,0
124000050,166,1222,-1056
124000051,0,0,0
124000052,126,731,-605
124000053,0,0,0
124000054,283,352,-69
124000055,0,0,0
124000056,1243,822,421
124000057,0,0,0
124000058,152,795,-643
124000059,16,32,-16
124000060,419,373,46
124000061,15,69,-54
124000062,3203,716,2487
124000063,738,790,-52
124000064,639,846,-207
124000065,3,37,-34
124000066,0,0,0
124000067,0,0,0
124000068,3,4,-1
124000069,0,0,0
124000070,7,176,-169
124000071,0,0,0
124000072,24,165,-141
124000073,0,0,0
124000074,48,303,-255
124000075,0,0,0
124000076,11,165,-154
124000077,381,159,222
124000078,25,0,25
124000079,319,370,-51
124000080,0,0,0
124000081,35,335,-300
124000082,0,0,0
124000083,7,77,-70
124000084,0,0,0
124000085,7,22,-15
124000086,0,0,0
124000087,0,0,0
124000088,5,7,-2
124000089,0,0,0
124000090,18,210,-192
124000091,0,0,0
124000092,21,295,-274
124000093,0,0,0
124000094,10,73,-63
124000095,0,0,0
124000096,11,64,-53
124000097,0,0,0
124000098,32,69,-37
124000099,0,0,0
124000100,2,84,-82
124000101,1,6,-5
124000102,16,68,-52
124000103,4,4,0
124000104,7,66,-59
124000105,0,5,-5
124000106,11,72,-61
124000107,0,11,-11
124000108,19,31,-12
124000109,0,0,0
124000110,8,44,-36
124000111,7,31,-24
124000112,39,104,-65
124000113,0,0,0
124000114,17,82,-65
124000115,63,103,-40
124000116,0,2,-2
124000117,32,39,-7
124000118,2,1,1
124000119,76,199,-123
124000120,7,29,-22
124000121,112,15,97
124000122,400,380,20
124000123,147,57,90
124000124,111,276,-165
124000125,34,59,-25
124000126,115,212,-97
124000127,62,87,-25
124000128,213,586,-373
124000129,212,403,-191
124000130,353,261,92
124000131,110,111,-1
124000132,522,452,70
124000133,45,62,-17
124000134,148,273,-125
124000135,133,127,6
124000136,260,462,-202
124000137,69,73,-4
124000138,276,328,-52
124000139,0,0,0
124000140,13,176,-163
124000141,0,0,0
124000142,1,48,-47
124000143,0,0,0
124000144,15,11,4
124000145,0,0,0
124000146,2,59,-57
124000148,0,0,0
124000149,13,3,10
124000150,103,276,-173
124000151,14,11,3
124000152,143,349,-206
124000153,8,8,0
124000154,101,407,-306
124000155,19,9,10
124000156,397,358,39
124000169,4,3,1
124000170,157,136,21
124000171,1,10,-9
124000172,51,239,-188
124000173,13,26,-13
124000174,39,305,-266
124000175,15,109,-94
124000176,0,0,0
124000177,26,31,-5
124000178,0,0,0
124000190,0,0,0
124000191,43,12,31
124000192,28,10,18
124000193,107,651,-544
124000194,85,348,-263
124000195,21,115,-94
124000196,360,646,-286
124000197,22,24,-2
124000198,1,2,-1
124000201,8,500,-492
124000202,0,22,-22
124000203,16,512,-496
124000204,4,102,-98
124000205,12,365,-353
124000206,6,111,-105
124000207,3,99,-96
124000209,31,333,-302
124000210,12,145,-133
124000211,0,0,0
124000212,4,359,-355
124000213,6,260,-254
124000214,5,225,-220
124000215,0,0,0
124000216,3,360,-357
124000329,34,1131,-1097
124000338,26,586,-560
124000339,9,0,9
124000341,23,0,23
124000344,0,4,-4
124000357,77,54,23
124000358,101,70,31
124000359,72,48,24
124000360,26,19,7
124000361,60,23,37
124000362,551,1075,-524
124000363,140,448,-308
124000364,213,1003,-790
124000365,464,1321,-857
124000366,1461,947,514
124000367,67,346,-279
124000368,5,1,4
124000369,4,6,-2
124000370,22,281,-259
124000402,0,0,0
124000403,0,0,0
124000404,4,42,-38
124000405,230,102,128
124000406,323,442,-119
124000407,2,16,-14
124000411,0,127,-127
124000412,0,0,0
124000413,0,0,0
124000414,14,10,4
124000415,10,100,-90
124000416,26,154,-128
124000417,6,25,-19
124000418,0,20,-20
124000419,6,114,-108
124000420,2,19,-17
124000421,11,160,-149
124000422,1,0,1
124000423,3,7,-4
124000424,3,42,-39
124000425,0,0,0
124000426,4,24,-20
124000427,0,0,0
124000428,8,2,6
124000429,1,223,-222
124000430,72,141,-69
124000431,15,130,-115
124000432,36,163,-127
124000439,0,0,0
124000442,21,109,-88
124000443,3,11,-8
124000445,0,0,0
124000446,394,23,371
124900001,0,0,0
124900002,0,0,0
124900003,0,0,0
124900004,0,0,0
124900005,0,0,0
124900006,0,0,0
124900008,0,0,0
124900009,0,0,0
124900010,0,0,0
124900011,0,0,0
124900012,0,0,0
124900013,0,0,0
124900014,0,0,0
124900015,0,0,0
124900016,0,0,0
124900017,0,0,0
124900018,0,0,0
124900020,0,0,0
124900021,0,0,0
124900022,0,0,0
124900024,0,0,0
124900026,0,2,-2
124900027,0,0,0
124900028,0,0,0
124900029,0,0,0
124900030,0,0,0
124900031,0,0,0
124900032,0,0,0
124900033,0,0,0
124900034,0,0,0
124900035,0,3,-3
124900036,0,0,0
124900037,1,9,-8
124900038,6,2,4
124900039,0,0,0
124900040,0,0,0
124900041,5,36,-31
124900042,0,0,0
124900043,32,76,-44
124900044,0,0,0
124900045,43,36,7
124900046,99,10,89
124900047,1,3,-2
124900048,5,20,-15
124900050,4,25,-21
124900052,13,49,-36
124900053,2,99,-97
124900054,405,57,348
124900055,1,26,-25
124900057,1,12,-11
124900060,13,54,-41
124900061,0,0,0
124900062,0,0,0
124900066,0,7,-7
124900067,1,28,-27
124900068,0,0,0
124900070,0,0,0
124900072,0,0,0
124900074,0,0,0
124900075,0,0,0
124900076,0,0,0
124900077,0,0,0
124900078,0,0,0
124900079,6,1,5
124900080,9,59,-50
124900081,0,0,0
124900082,4,13,-9
124900083,5,44,-39
124900084,0,0,0
124900085,0,0,0
124900086,0,0,0
124900087,0,0,0
124900088,0,0,0
124900089,71,1,70
124900090,0,0,0
124900091,0,0,0
124900092,0,0,0
124900093,0,0,0
124900094,0,0,0
124900095,0,0,0
124900096,0,0,0
124900097,0,0,0
124900098,0,0,0
124900099,0,0,0
124900100,0,0,0
124900101,0,0,0
124900102,0,0,0
124900103,0,7,-7
124900104,1,6,-5
124900105,1,6,-5
124900106,0,0,0
124900107,0,0,0
124900108,0,0,0
124900109,2,8,-6
124900110,13,107,-94
124900111,0,16,-16
124900112,9,90,-81
124900113,0,6,-6
124900114,0,1,-1
124900115,0,0,0
124900116,0,0,0
124900117,0,0,0
124900118,0,0,0
124900119,0,0,0
124900120,2,76,-74
124900121,0,0,0
124900122,110,28,82
124900123,0,0,0
124900124,15,12,3
129000186,0,0,0
204000001,0,0,0
204000002,0,0,0
204000003,0,0,0
204000004,0,0,0
204000005,0,0,0
204000006,2,1,1
204000011,37,83,-46
204000012,5,142,-137
204000013,1,22,-21
204000019,177,158,19
204000020,93,131,-38
204000021,307,149,158
204000022,51,160,-109
204000023,263,1003,-740
204000031,0,0,0
204000032,0,0,0
204000034,122,647,-525
204000035,10,4,6
204000036,10,16,-6
204000037,4,9,-5
204000038,2,12,-10
204000039,9,49,-40
204000040,11,19,-8
204000041,10,68,-58
204000042,0,0,0
204000043,0,0,0
204000044,0,0,0
204000045,0,0,0
204000046,0,0,0
204000057,6,62,-56
204000062,9,30,-21
204000068,46,133,-87
204000069,3,47,-44
204000070,0,0,0
204000080,32,72,-40
204000085,529,795,-266
204000086,1497,1219,278
204000087,82,179,-97
204000088,32,100,-68
204000090,81,525,-444
204000093,0,0,0
204000096,11,9,2
204000097,0,0,0
204000099,31,32,-1
204000100,17,15,2
204000105,747,928,-181
204000110,493,929,-436
204000111,204,537,-333
204000112,261,617,-356
204000113,122,465,-343
204000114,47,53,-6
204000115,57,50,7
204000116,156,99,57
204000119,4,21,-17
204000132,2,0,2
204000133,5,0,5
204000134,1,0,1
204000135,0,0,0
204000136,0,0,0
204000138,0,0,0
204000140,0,0,0
204000141,0,0,0
204000144,0,0,0
204000145,0,0,0
204000146,59,397,-338
204000147,25,121,-96
204000148,0,0,0
204000154,0,0,0
204000155,6,9,-3
204000177,0,0,0
204000179,0,0,0
204000180,0,70,-70
204000222,2,12,-10
204000235,48,24,24
204000236,27,319,-292
204000238,0,0,0
204000240,28,57,-29
204000263,145,612,-467
204000268,0,5,-5
204000308,0,0,0
204000317,38,65,-27
204000322,12,24,-12
204000323,0,0,0
204000328,0,0,0
204000329,78,170,-92
204000330,0,0,0
204000331,120,130,-10
204010341,0,0,0
205000001,947,593,354
205000013,5,108,-103
205000014,18,152,-134
205000015,26,293,-267
205000016,16,200,-184
205000017,64,46,18
205000022,201,467,-266
205000025,1546,771,775
205000029,58,40,18
205000045,20,174,-154
205000046,38,423,-385
205000047,47,463,-416
205000048,57,759,-702
205000049,70,671,-601
205000050,941,311,630
205000059,1,311,-310
205000060,1,34,-33
205000061,0,19,-19
205000062,0,15,-15
205000063,4,30,-26
205000064,21,149,-128
205000065,40,491,-451
205000066,14,641,-627
205000067,17,1093,-1076
205000069,418,383,35
205000082,0,0,0
205000110,37,198,-161
205000111,82,229,-147
205000112,0,0,0
205000113,150,146,4
205000121,0,0,0
205000123,200,135,65
205000126,0,0,0
205000127,0,0,0
205000128,0,0,0
205000129,0,0,0
205000130,0,0,0
205000131,0,0,0
205000132,0,0,0
205000133,0,0,0
205000134,0,0,0
205000137,53,116,-63
205000138,167,155,12
205000139,10,46,-36
205000144,0,0,0
205000145,0,0,0
205000151,0,0,0
205000152,0,0,0
205000153,0,0,0
205000154,0,0,0
205000155,0,0,0
205000207,274,208,66
205000233,0,1,-1
205000234,0,1,-1
205000243,0,0,0
205000244,0,7,-7
205000245,20,220,-200
205000249,1,16,-15
205000250,0,0,0
205000264,7,93,-86
206000027,0,0,0
206000028,0,0,0
206000043,11,158,-147
206000053,11,26,-15
206000054,8,59,-51
206000055,9,76,-67
206000075,0,10,-10
206000076,27,39,-12
206000077,18,26,-8
206000078,27,27,0
206000079,50,13,37
206000082,0,0,0
206000100,75,805,-730
206000103,24,36,-12
206000104,33,52,-19
206000105,9,34,-25
206000106,25,80,-55
206000108,761,150,611
206000125,0,0,0
206000157,314,935,-621
206000170,6,458,-452
206000171,7,314,-307
206000172,23,997,-974
206000173,5,284,-279
206000174,12,217,-205
206000175,5,265,-260
206000176,19,464,-445
206000177,4,293,-289
206000178,8,281,-273
206000179,2,191,-189
206000180,42,293,-251
206000181,29,308,-279
206000182,31,332,-301
206000183,38,830,-792
206000184,22,559,-537
206000185,17,447,-430
206000186,102,1229,-1127
206000223,11,319,-308
206000226,0,0,0
206000227,0,0,0
206000237,29,368,-339
206000238,44,429,-385
206000239,747,1279,-532
206000240,0,66,-66
206000241,1,353,-352
206000242,16,548,-532
206000243,11,456,-445
206000244,112,1058,-946
206000245,67,14,53
206000246,12,2,10
206000247,20,2,18
206000248,31,4,27
206000252,25,62,-37
206000258,18,64,-46
206000315,59,17,42
206000317,83,23,60
206000318,23,11,12
206000319,109,12,97
206000320,29,12,17
206000321,24,3,21
206000322,0,0,0
206000323,0,0,0
206000324,0,0,0
206000325,0,0,0
206000326,0,0,0
206000327,3,1,2
206000328,22,1,21
206000329,6,1,5
206000330,1,0,1
206000331,3,0,3
206000332,1,0,1
206000333,10,1,9
206000334,25,0,25
206000335,1,41,-40
206000361,23,327,-304
206000392,4,98,-94
206000405,33,0,33
206000441,0,0,0
206000498,6,3,3
206000515,421,51,370
206000530,0,0,0
206000531,0,0,0
206000532,0,0,0
206000535,226,549,-323
206000536,18,131,-113
206000537,12,70,-58
206000613,0,0,0
207000001,112,402,-290
207000002,37,319,-282
207000003,61,358,-297
207000007,61,6,55
207000008,2,8,-6
207000009,10,4,6
207000010,184,367,-183
207000012,0,0,0
207000015,300,859,-559
207000019,41,25,16
207000021,61,40,21
207000022,6,13,-7
207000023,7,10,-3
207000024,0,0,0
207000025,1,14,-13
207000026,54,172,-118
207000027,10,180,-170
207000028,35,306,-271
207000029,188,593,-405
207000033,32,41,-9
207000034,23,5,18
207000039,0,0,0
207000040,0,0,0
207000041,0,0,0
207000042,0,0,0
207000043,0,0,0
207000051,33,480,-447
207000052,8,293,-285
207000053,549,934,-385
207000054,15,125,-110
207000055,53,229,-176
207000056,146,437,-291
207000057,129,374,-245
207000058,63,421,-358
207000059,30,875,-845
207000060,38,200,-162
207000061,7,35,-28
207000062,65,23,42
207000063,47,79,-32
207000064,200,97,103
207000065,71,95,-24
207000066,33,102,-69
207000067,25,67,-42
207000068,23,26,-3
207000069,367,167,200
207000082,1,10,-9
207000083,30,184,-154
207000084,8,2,6
207000085,19,2,17
207000086,9,0,9
207000106,0,0,0
207000107,0,0,0
207000108,0,0,0
207000109,0,0,0
207000110,0,0,0
207000111,0,0,0
207000112,0,0,0
207000114,4,25,-21
207000115,6,125,-119
207000116,7,298,-291
207000117,5,167,-162
207000118,1,222,-221
207000119,15,237,-222
207000123,0,0,0
207000124,0,0,0
207000125,0,0,0
207000126,0,0,0
207000134,2,31,-29
207000135,3,33,-30
207000148,0,0,0
207000149,31,60,-29
207000152,108,437,-329
207000153,1938,979,959
207000154,112,42,70
207000159,28,275,-247
207000160,72,513,-441
207000238,0,45,-45
207000242,0,113,-113
207000248,25,24,1
207000249,52,91,-39
207000250,293,51,242
207000251,40,66,-26
207000252,18,117,-99
207000278,0,0,0
207000279,31,214,-183
207000280,17,4,13
207000281,43,523,-480
207000282,0,1,-1
207000283,29,114,-85
207000284,3,7,-4
207000285,0,0,0
207000291,13,210,-197
207000304,28,17,11
207000306,25,542,-517
207000310,0,0,0
207000353,0,0,0
207000356,4,24,-20
207000357,0,0,0
207000358,0,0,0
207000415,2,142,-140
207000417,0,0,0
207000418,22,64,-42
207000438,0,1,-1
207000439,360,122,238
207000446,0,0,0
207000460,1,4,-3
207000466,81,311,-230
207000467,0,0,0
207000468,15,412,-397
207000476,8,8,0
207000477,2,8,-6
207000478,0,7,-7
207000523,0,15,-15
207000524,0,1,-1
207000527,24,45,-21
207000530,0,0,0
207000531,0,0,0
207000532,0,0,0
207000534,0,0,0
207000535,32,180,-148
207000537,12,84,-72
207000540,2,145,-143
207000541,1,237,-236
207000548,5,233,-228
207000549,0,0,0
207000561,0,0,0
207000562,26,114,-88
207000567,226,326,-100
207000568,8,31,-23
207000569,10,409,-399
207000584,186,89,97
207000585,0,0,0
207000616,2,275,-273
207000617,0,0,0
207900008,3,82,-79
208000001,40,69,-29
208000002,15,44,-29
208000003,82,81,1
208000004,69,87,-18
208000005,1,34,-33
208000019,0,0,0
208000020,0,0,0
208000021,31,250,-219
208000022,218,287,-69
208000028,118,69,49
208000033,134,314,-180
208000034,275,606,-331
208000040,0,0,0
208000041,0,0,0
208000042,0,0,0
208000047,12,215,-203
208000064,0,0,0
208000066,0,0,0
208000070,0,0,0
208000071,0,0,0
208000072,0,0,0
208000080,7,49,-42
208000081,14,34,-20
208000082,34,152,-118
208000083,56,251,-195
208000084,0,0,0
208000085,354,325,29
208000086,193,565,-372
208000087,81,404,-323
208000089,207,297,-90
208000090,200,553,-353
208000093,20,64,-44
208000094,162,343,-181
208000095,365,279,86
208000104,0,0,0
208000105,0,0,0
208000114,0,0,0
208000115,52,217,-165
208000116,0,0,0
208000117,0,0,0
208000118,0,0,0
208000155,225,554,-329
208000158,905,1350,-445
208000186,0,0,0
208000204,107,491,-384
208000205,334,591,-257
208000282,2175,609,1566
209000004,43,58,-15
209000005,21,13,8
209000006,164,173,-9
209000007,150,96,54
209000010,126,99,27
209000011,56,118,-62
209000012,45,236,-191
209000013,67,526,-459
209000014,242,1419,-1177
209000025,42,33,9
209000026,217,46,171
209000027,114,1036,-922
209000028,160,1045,-885
209000029,195,948,-753
209000030,158,1706,-1548
209000031,4095,2048,2047
209000034,133,331,-198
209000035,41,156,-115
209000036,68,93,-25
209000037,64,128,-64
209000038,50,170,-120
209000039,68,105,-37
209000040,115,463,-348
209000041,137,413,-276
209000042,183,349,-166
209000043,216,294,-78
209000044,247,313,-66
209000045,40,146,-106
209000046,30,176,-146
209000047,26,99,-73
209000048,25,86,-61
209000049,46,121,-75
209000050,112,211,-99
209000051,95,257,-162
209000052,41,252,-211
209000062,12,122,-110
209000063,24,77,-53
209000064,7,137,-130
209000065,0,0,0
209000066,0,0,0
209000067,0,0,0
209000080,11,118,-107
209000082,0,0,0
209000091,18,43,-25
209000093,52,45,7
209000094,194,110,84
209000110,0,0,0
209000111,149,677,-528
209000112,177,190,-13
209000113,240,189,51
209000114,117,146,-29
209000115,72,148,-76
209000116,1226,349,877
209000118,0,0,0
209000119,30,20,10
209000121,85,491,-406
209000135,0,0,0
209000142,614,418,196
209000143,17,38,-21
209000144,9,35,-26
209000229,16,98,-82
209000240,11,304,-293
209000259,82,127,-45
209000260,12,699,-687
209000261,0,285,-285
209000262,2,210,-208
209000263,0,44,-44
209000264,0,16,-16
209000265,0,1,-1
209000266,0,0,0
209000267,0,0,0
209000268,0,0,0
210000037,0,0,0
210000047,0,0,0
210000048,0,0,0
210000049,0,0,0
210000052,5,121,-116
210000053,11,57,-46
210000054,36,52,-16
210000070,0,0,0
210000071,0,0,0
210000072,0,0,0
210000073,0,32,-32
210000074,0,64,-64
210000075,0,39,-39
210000076,1,116,-115
210000077,13,30,-17
210000078,26,31,-5
210000079,0,0,0
210000080,0,0,0
210000081,0,0,0
210000082,0,0,0
210000083,0,0,0
210000084,0,0,0
210000085,0,47,-47
210000086,3,107,-104
210000099,23,188,-165
210000100,18,181,-163
210000101,46,167,-121
210000105,46,43,3
210000159,0,46,-46
210000163,152,152,0
210000164,0,0,0
210000168,0,0,0
210000187,0,7,-7
210000188,0,18,-18
210000214,0,0,0
210000219,0,0,0
210000220,0,0,0
210000232,1,21,-20
210000233,0,29,-29
210000234,12,61,-49
210000235,13,102,-89
210000245,1,22,-21
210000246,0,5,-5
210000258,2,111,-109
210000259,0,0,0
210000282,23,123,-100
210000285,1,32,-31
210000286,3,95,-92
210000290,0,0,0
210000295,23,45,-22
210000296,14,34,-20
210000320,0,0,0
210000321,0,0,0
210000338,14,87,-73
210000339,452,408,44
210000340,67,148,-81
210000341,47,118,-71
210000342,78,110,-32
210000343,43,151,-108
210000344,93,78,15
210000345,65,64,1
210000346,5,31,-26
210000347,11,13,-2
210000348,14,13,1
210000349,15,19,-4
210000350,41,67,-26
210000351,64,105,-41
210000352,0,1,-1
210000353,0,3,-3
210000354,0,0,0
210000355,0,0,0
210000356,0,0,0
210000357,0,0,0
210000358,0,0,0
210000359,0,0,0
210000360,0,0,0
210000361,0,0,0
210000362,0,0,0
210000363,0,0,0
210000364,0,0,0
210000365,0,0,0
210000366,0,0,0
210000367,0,0,0
210000368,0,0,0
210000369,0,0,0
210000370,0,0,0
210000372,0,0,0
210000373,0,0,0
210000374,0,0,0
210000375,0,0,0
210000376,0,0,0
210000404,113,88,25
210000439,0,0,0
210000472,0,0,0
210000482,0,0,0
210000564,0,0,0
210000567,0,0,0
210000568,0,0,0
211000092,0,0,0
211000094,0,0,0
211000169,0,0,0
211000172,0,0,0
211000209,0,0,0
211000226,0,0,0
211000270,1,2,-1
211000275,0,0,0
211000276,0,0,0
211000279,0,0,0
211000281,0,0,0
211507980,0,0,0
211977296,0,0,0
212000003,0,0,0
212000004,3,18,-15
212000005,8,39,-31
212000006,6,80,-74
212000008,72,241,-169
212000009,9,128,-119
212000012,20,77,-57
212000013,12,43,-31
212000014,177,140,37
212000015,147,158,-11
212000016,354,445,-91
212000027,10,9,1
212000028,3,5,-2
212000029,4,6,-2
212000030,0,2,-2
212000031,4,3,1
212000048,18,41,-23
212000049,12,35,-23
212000050,12,17,-5
212000051,63,179,-116
212000052,83,261,-178
212000053,245,495,-250
212000054,11,12,-1
212000055,1,15,-14
212000056,0,0,0
212000057,0,0,0
212000058,0,0,0
212000070,45,198,-153
212000077,70,527,-457
212000099,19,32,-13
212000108,0,0,0
212000111,0,0,0
212000120,51,95,-44
212000138,32,28,4
212000156,11,59,-48
212000158,1,0,1
212000159,22,8,14
212000160,38,28,10
212000161,0,0,0
212000310,8,37,-29
212000311,0,0,0
212000374,17,22,-5
213000001,9,303,-294
213000005,10,1,9
213000006,22,4,18
213000007,0,0,0
213000009,0,0,0
213000010,0,0,0
213000011,0,0,0
213000012,33,147,-114
213000014,0,0,0
213000015,0,0,0
213000016,0,0,0
213000017,0,0,0
213000018,1,103,-102
213000019,1,108,-107
213000020,13,124,-111
213000021,1,66,-65
213000023,0,0,0
213000033,28,251,-223
213000034,0,0,0
213000035,0,0,0
213000045,29,35,-6
213000046,24,34,-10
213000047,145,73,72
213000056,0,0,0
213000069,0,0,0
213000073,0,10,-10
213000074,38,296,-258
213000075,0,0,0
213000076,0,0,0
213000085,2,32,-30
213000086,1,224,-223
213000091,0,0,0
213000092,0,0,0
213000099,67,233,-166
213000100,0,0,0
213000101,0,68,-68
213000102,3,193,-190
213000103,77,218,-141
213000104,39,149,-110
213000105,2,21,-19
213000106,7,139,-132
213000107,44,384,-340
213000108,5,316,-311
213000109,0,125,-125
213000110,0,19,-19
213000111,7,15,-8
213000112,92,71,21
213000115,0,0,0
213000116,20,217,-197
213000117,0,315,-315
213000118,83,83,0
213000119,28,590,-562
213000120,38,543,-505
213000122,103,338,-235
213000123,430,504,-74
213000124,25,697,-672
213000125,0,0,0
213000126,5,12,-7
213000127,62,42,20
213000128,284,137,147
213000129,0,0,0
213000130,0,0,0
213000132,0,0,0
213000133,0,0,0
213000134,0,0,0
213000136,0,0,0
213000137,0,0,0
213000139,0,0,0
213000147,0,0,0
213000148,0,0,0
213000149,0,0,0
213000150,0,49,-49
213000151,2,35,-33
213000152,0,35,-35
213000153,0,21,-21
213000154,7,111,-104
213000155,22,234,-212
213000156,21,267,-246
213000157,230,338,-108
213000158,44,356,-312
213000159,0,0,0
213000163,0,0,0
213000165,0,0,0
213000171,1,78,-77
213000172,1,151,-150
213000173,4,143,-139
213000174,1,170,-169
213000175,3,136,-133
213000176,0,0,0
213000177,0,0,0
213000178,0,0,0
213000179,0,0,0
213000180,0,0,0
213000184,23,175,-152
213000188,0,0,0
213000189,0,0,0
213000190,16,464,-448
213000191,10,387,-377
213000192,17,308,-291
213000193,1408,92,1316
213000194,0,16,-16
213000195,2,208,-206
213000196,26,493,-467
213000197,0,0,0
213000198,0,0,0
213000200,77,565,-488
213000201,18,26,-8
213000202,6,529,-523
213000203,0,0,0
213000204,0,0,0
213000205,0,0,0
213000206,0,0,0
213000207,0,0,0
213000208,0,0,0
213000209,0,0,0
213000210,0,0,0
213000211,1,2,-1
213000212,2,10,-8
213000213,0,15,-15
213000218,52,384,-332
213000219,0,0,0
213000220,0,0,0
213000223,0,0,0
213000224,0,0,0
213000225,0,0,0
213000226,0,0,0
213000227,0,0,0
213000228,0,0,0
213000229,0,0,0
213000230,0,0,0
213000232,11,205,-194
213000233,1,10,-9
213000234,0,53,-53
213000293,2,45,-43
213000294,0,0,0
213000295,6,43,-37
213000296,0,0,0
213000297,7,35,-28
213000298,11,42,-31
213000299,0,0,0
213000300,0,0,0
213000303,4,36,-32
213000304,7,10,-3
213000305,0,0,0
213000306,15,11,4
213000307,0,0,0
213000308,27,123,-96
213000309,0,0,0
213000310,0,0,0
213000311,73,225,-152
213000315,10,70,-60
213000316,0,0,0
213000322,7,33,-26
213000323,0,0,0
213000324,5,36,-31
213000325,0,0,0
213000326,2,20,-18
213000327,0,0,0
213000328,3,37,-34
213000329,0,0,0
213000340,76,730,-654
213000341,0,0,0
213000347,0,0,0
213000348,0,69,-69
213000349,2,7,-5
213000350,50,706,-656
213000366,14,157,-143
213000367,2,0,2
213000379,22,57,-35
213000386,4,133,-129
213000406,41,185,-144
213000417,27,16,11
213000425,0,0,0
213000426,0,0,0
213000427,3,72,-69
213000428,1,52,-51
213000429,0,0,0
213000430,1,90,-89
213000431,27,0,27
213000432,1,0,1
213000433,0,17,-17
213000434,0,0,0
213000435,0,0,0
213000436,0,0,0
213000437,0,0,0
213000438,0,0,0
213000439,0,3,-3
213000440,2,68,-66
213000441,0,0,0
213000442,0,12,-12
213000443,5,21,-16
213000444,18,31,-13
213000445,0,16,-16
213000446,0,1,-1
213000447,1,1,0
213000448,0,0,0
213000449,0,0,0
213000450,0,0,0
213000451,0,0,0
213000452,0,0,0
213000453,12,128,-116
213000455,2,3,-1
213000456,0,38,-38
213000481,0,0,0
213000484,0,0,0
213000489,0,0,0
213900002,0,38,-38
213900003,0,0,0
213900013,2,155,-153
213900015,0,18,-18
213900016,0,14,-14
213900020,4,130,-126
213900030,1,26,-25
213900032,0,0,0
213900033,0,0,0
213900034,0,0,0
213900035,16,287,-271
213900036,31,82,-51
213900037,6,148,-142
213900038,0,0,0
213900039,0,71,-71
213900041,1,38,-37
213900042,0,0,0
213900043,0,0,0
213900244,0,0,0
213900245,0,31,-31
218000003,7,11,-4
218000004,9,22,-13
218000005,0,0,0
218000006,11,68,-57
218000007,0,11,-11
218000012,170,36,134
218000013,23,159,-136
218000014,290,206,84
218000019,836,389,447
218000020,330,327,3
218000021,34,121,-87
218000022,7,72,-65
218000023,0,53,-53
218000024,1,29,-28
218000025,7,59,-52
218000026,5,118,-113
218000027,4,33,-29
218000028,0,13,-13
218000029,0,12,-12
218000030,30,77,-47
218000031,4,100,-96
218000032,1,73,-72
218000040,0,0,0
218000046,16,169,-153
218000047,7,198,-191
218000048,27,324,-297
218000049,52,202,-150
218000050,150,430,-280
218000051,8,472,-464
218000052,0,78,-78
218000053,0,10,-10
218000054,2,47,-45
218000055,1,13,-12
218000056,12,44,-32
218000057,1,48,-47
218000064,0,0,0
218000065,0,0,0
218000066,0,0,0
218000067,8,105,-97
218000068,26,99,-73
218000069,61,222,-161
218000070,53,325,-272
218000071,130,228,-98
218000072,458,264,194
218000078,342,837,-495
218000079,18,79,-61
218000080,61,115,-54
218000081,172,212,-40
218000082,15,72,-57
218000083,6,56,-50
218000084,68,238,-170
218000085,185,438,-253
218000086,31,136,-105
218000087,135,212,-77
218000090,11,57,-46
218000091,309,215,94
218000092,47,172,-125
218000093,75,107,-32
218000094,262,647,-385
218000099,265,260,5
218000100,110,196,-86
218000101,68,99,-31
218000102,98,159,-61
218000103,18,128,-110
218000104,22,33,-11
218000105,12,17,-5
218000106,10,13,-3
218000107,15,143,-128
218000108,1,80,-79
218000112,45,9,36
218000117,0,0,0
218000134,236,453,-217
218000135,13,44,-31
218000136,76,53,23
218000137,63,129,-66
218000138,1,70,-69
218000139,59,252,-193
218000140,36,90,-54
218000141,7,30,-23
218000142,62,162,-100
218000143,16,126,-110
218000144,3,46,-43
218000145,109,199,-90
218000146,34,134,-100
218000151,9,24,-15
218000152,40,55,-15
218000153,6,35,-29
218000154,12,11,1
218000155,29,7,22
218000156,124,56,68
218000157,20,44,-24
218000158,1,16,-15
218000159,15,7,8
218000160,8,8,0
218000161,45,21,24
218000162,50,39,11
218000163,11,5,6
218000164,63,20,43
218000165,106,67,39
218000170,0,5,-5
218000171,3,4,-1
218000172,1,4,-3
218000173,1,4,-3
218000174,0,1,-1
218000176,9,0,9
218000177,41,6,35
218000178,2,1,1
218000179,2,0,2
218000180,0,0,0
218000181,0,0,0
218000187,1,16,-15
218000188,1,22,-21
218000189,3,36,-33
218000190,3,30,-27
218000191,58,99,-41
218000192,72,409,-337
218000193,438,422,16
218000194,41,480,-439
218000195,136,125,11
218000196,185,208,-23
218000197,131,274,-143
218000198,1,95,-94
218000199,14,23,-9
218000200,6,20,-14
218000201,0,1,-1
218000202,110,52,58
218000207,3,50,-47
218000208,12,40,-28
218000211,9,47,-38
218000212,1,7,-6
218000213,112,61,51
218000214,1,20,-19
218000215,28,206,-178
218000217,7,129,-122
218000218,665,145,520
218000219,3,19,-16
218000220,60,167,-107
218000221,51,59,-8
218000222,9,14,-5
218000223,115,149,-34
218000224,5,46,-41
218000225,119,26,93
218000226,53,62,-9
218000230,0,4,-4
218000232,48,24,24
218000239,0,0,0
218000240,0,0,0
218000241,0,0,0
218000242,0,0,0
218000243,0,0,0
218000244,0,0,0
218000245,0,0,0
218000246,0,0,0
218000247,0,0,0
218000248,0,18,-18
218000249,0,1,-1
218000250,0,13,-13
218000251,0,13,-13
218000252,0,23,-23
218000253,1,3,-2
218000254,0,2,-2
218000255,0,7,-7
218000256,0,29,-29
218000267,491,503,-12
218000268,3,49,-46
218000269,0,14,-14
218000270,25,97,-72
218000271,54,139,-85
218000273,0,0,0
218000274,0,0,0
218000275,11,42,-31
218000276,9,95,-86
218000278,20,26,-6
218000279,15,43,-28
218000280,1,12,-11
218000281,6,7,-1
218000282,89,31,58
218000284,0,0,0
218000301,26,127,-101
218000302,42,26,16
218000303,10,39,-29
218000316,500,407,93
218000317,236,449,-213
218000318,126,451,-325
218000319,386,1067,-681
218000320,279,618,-339
218000338,6,11,-5
218000345,34,58,-24
218000346,0,0,0
218000459,77,526,-449
218000490,3,34,-31
218000501,2,1,1
218000502,4,111,-107
218000503,8,2,6
218000504,21,4,17
218000505,10,149,-139
218000506,46,114,-68
218000508,6,0,6
218000510,58,8,50
218000520,69,102,-33
218000521,0,9,-9
218000522,0,52,-52
218000523,0,0,0
218000524,8,22,-14
218000525,5,5,0
218000526,7,45,-38
218000529,5,46,-41
218000530,16,14,2
218000531,0,0,0
218000532,2,35,-33
218000534,0,0,0
218000537,0,0,0
218000538,58,72,-14
218000540,314,162,152
218000543,68,36,32
218000544,60,154,-94
218000545,15,42,-27
218000546,21,127,-106
218000547,39,49,-10
218000548,61,113,-52
218000549,92,30,62
218000550,112,472,-360
218000551,98,121,-23
218000552,49,13,36
218000553,1,23,-22
218000554,6,17,-11
218000555,0,23,-23
218000556,60,383,-323
218000557,126,80,46
218000558,0,0,0
218000559,0,8,-8
218000560,0,3,-3
218000561,0,0,0
218000562,10,100,-90
218000563,10,10,0
218000564,2,44,-42
218000565,6,10,-4
218000566,13,14,-1
218000567,0,16,-16
218000568,0,0,0
218000569,3,18,-15
218000570,3,1,2
218000571,0,21,-21
218000572,0,0,0
218000573,0,8,-8
218000574,1,15,-14
218000575,0,0,0
218000576,0,26,-26
218000577,0,0,0
218000578,1,16,-15
218000579,17,0,17
218000581,1,33,-32
218000582,0,0,0
218000583,2,0,2
218000584,0,10,-10
218000585,0,10,-10
218000586,1,33,-32
218000587,0,0,0
218000588,0,1,-1
218000589,0,0,0
218000590,0,0,0
218000591,0,18,-18
218000592,0,0,0
218000593,0,0,0
218000594,1,2,-1
218000595,0,0,0
218000596,0,0,0
218000597,0,0,0
218000598,0,0,0
218000599,0,0,0
218000600,0,0,0
218000601,0,0,0
218000602,0,1,-1
218000603,0,1,-1
218000604,0,0,0
218000605,0,8,-8
218000606,2,0,2
218000607,3,23,-20
218000608,2,1,1
218000609,1,11,-10
218000610,2,0,2
218000611,0,0,0
218000612,0,10,-10
218000613,6,1,5
218000614,0,20,-20
218000615,1,0,1
218000616,0,63,-63
218000617,0,0,0
218000618,0,10,-10
218000619,0,0,0
218000620,2,24,-22
218000621,0,0,0
218000622,0,4,-4
218000623,0,0,0
218000624,0,3,-3
218000625,0,0,0
218000626,0,1,-1
218000628,15,12,3
218000631,0,0,0
218000632,0,25,-25
218000633,0,0,0
218000634,1,8,-7
218000635,0,3,-3
218000636,376,901,-525
218000637,239,263,-24
218000638,0,0,0
218000639,13,321,-308
218000640,0,0,0
218000641,9,302,-293
218000652,106,225,-119
218000653,156,100,56
218000663,3,18,-15
218000675,3,3,0
218000676,1,40,-39
218000677,5,22,-17
218000680,17,107,-90
218000681,0,0,0
218000691,20,92,-72
218000693,0,0,0
218000703,11,112,-101
218000718,72,148,-76
218000719,8,12,-4
218000720,2,6,-4
218000721,1,3,-2
218000725,4,17,-13
218001214,11,13,-2
218001329,0,0,0
218001330,12,19,-7
218001351,0,0,0
218001352,0,0,0
218001353,0,0,0
218001354,0,2,-2
219000001,17,56,-39
219000002,30,63,-33
219000003,192,41,151
219000004,222,102,120
219000017,31,18,13
219000020,33,1,32
219000022,23,3,20
219000023,19,3,16
219000029,1,100,-99
219000034,0,0,0
219000039,7,31,-24
219000040,11,13,-2
219000041,31,45,-14
219000051,1,109,-108
219000052,0,42,-42
219000053,2,180,-178
219000054,154,357,-203
219000055,40,0,40
219000056,3,0,3
219000057,32,0,32
219000062,5,150,-145
219000063,42,21,21
219000064,2,25,-23
219000110,46,14,32
219000111,30,15,15
219000112,91,18,73
219000113,53,17,36
219000114,103,7,96
219000116,67,50,17
219000117,127,157,-30
219000118,33,178,-145
219000123,147,58,89
219000124,26,43,-17
219000125,12,26,-14
219000126,21,51,-30
219000127,0,9,-9
219000128,27,120,-93
219000129,24,181,-157
219000130,1618,662,956
219000131,1528,1373,155
219000133,16,76,-60
219000134,14,25,-11
219000135,199,90,109
219000136,262,289,-27
219000138,13,18,-5
219000139,4,65,-61
219000140,0,0,0
219000141,3,95,-92
219000142,8,76,-68
219000143,14,75,-61
219000145,1,19,-18
219000146,9,93,-84
219000147,1,50,-49
219000148,3,51,-48
219000149,29,197,-168
219000150,3,127,-124
219000151,2,115,-113
219000157,56,80,-24
219000158,61,236,-175
219000161,123,43,80
219000163,980,157,823
219000166,41,107,-66
219000167,43,242,-199
219000168,112,18,94
219000174,0,0,0
219000175,0,0,0
219000176,0,0,0
219000177,0,0,0
219000178,0,0,0
219000179,0,0,0
219000180,7,36,-29
219000182,0,0,0
219000183,0,58,-58
219000184,0,0,0
219000185,0,157,-157
219000186,0,23,-23
219000187,1,118,-117
219000189,131,124,7
219000190,165,174,-9
219000191,1254,573,681
219000192,172,387,-215
219000193,520,266,254
219000195,2,53,-51
219000196,8,67,-59
219000198,18,119,-101
219000199,29,140,-111
219000200,17,172,-155
219000201,69,154,-85
219000203,11,112,-101
219000204,32,133,-101
219000205,19,166,-147
219000207,57,178,-121
219000209,25,62,-37
219000210,17,68,-51
219000213,9,167,-158
219000239,38,71,-33
219000240,48,178,-130
219000241,18,116,-98
219000242,29,87,-58
219000243,31,208,-177
219000244,10,70,-60
219000245,4,37,-33
219000246,0,0,0
219000247,0,0,0
219000248,0,0,0
219000249,0,0,0
219000250,0,0,0
219000251,0,0,0
219000252,0,0,0
219000253,0,0,0
219000255,0,0,0
219000256,0,0,0
219000257,0,0,0
219000262,44,282,-238
219000263,32,167,-135
219000267,0,125,-125
219000268,2,7,-5
219000269,0,0,0
219000270,0,0,0
219000271,94,10,84
219000278,2,5,-3
219000279,2,6,-4
219000283,0,8,-8
219000295,18,84,-66
219000296,36,399,-363
219000297,23,159,-136
219000298,16,201,-185
219000299,0,0,0
219000300,13,365,-352
219000301,52,321,-269
219000302,15,176,-161
219000307,17,87,-70
219000308,59,55,4
219000311,0,0,0
219000312,0,0,0
219000313,0,0,0
219000314,130,440,-310
219000315,0,0,0
219000316,0,0,0
219000317,0,0,0
219000320,1,28,-27
219000321,0,21,-21
219000323,6,55,-49
219000325,4,52,-48
219000326,37,164,-127
219000327,40,31,9
219000328,29,36,-7
219000329,439,185,254
219000330,17,51,-34
219000331,20,37,-17
219000332,0,0,0
219000333,0,0,0
219000335,0,0,0
219000337,0,0,0
219000338,0,0,0
219000344,50,67,-17
219000345,69,159,-90
219000346,28,140,-112
219000348,40,123,-83
219000349,21,209,-188
219000350,19,89,-70
219000351,0,3,-3
219000352,60,31,29
219000353,74,62,12
219000354,79,173,-94
219000355,21,13,8
219000356,937,444,493
219000363,226,72,154
219000364,98,52,46
219000365,108,16,92
219000366,474,160,314
219000368,200,82,118
219000370,378,180,198
219000371,6,11,-5
219000382,9,27,-18
219000383,603,530,73
219000385,589,387,202
219000386,699,795,-96
219000387,1,1,0
219000390,0,0,0
219000391,0,0,0
219000397,65,93,-28
219000398,61,45,16
219000401,2,46,-44
219000402,6,42,-36
219000403,27,39,-12
219000404,5,21,-16
219000407,5,18,-13
219000409,0,0,0
219000410,0,0,0
219000411,0,0,0
219000446,180,334,-154
219000447,2,29,-27
219000448,0,0,0
219000452,0,0,0
219000453,19,47,-28
219000454,150,77,73
219000556,0,0,0
219000558,51,212,-161
219000590,8,79,-71
219000591,0,0,0
219000592,70,375,-305
219000595,0,28,-28
219000635,0,0,0
219000636,13,107,-94
219000657,7,10,-3
219000658,9,42,-33
219000673,0,15,-15
219000676,0,4,-4
219000679,13,35,-22
219000684,19,3,16
219000685,1,93,-92
219000686,1,1,0
219000688,0,179,-179
219000689,60,63,-3
219000690,0,0,0
219000691,35,29,6
219000692,3,37,-34
219000693,0,19,-19
219000694,0,0,0
219000695,0,0,0
219000698,0,0,0
219000699,0,9,-9
219000727,7,158,-151
219000728,23,4,19
219000770,0,0,0
219000771,0,17,-17
219001150,22,15,7
219001151,3,8,-5
219001166,0,0,0
219001167,3,30,-27
220000001,7,21,-14
220000002,9,91,-82
220000003,161,228,-67
220000004,235,378,-143
220000005,829,894,-65
220000006,82,478,-396
220000007,166,630,-464
220000008,124,743,-619
220000009,246,330,-84
220000010,40,53,-13
220000011,162,135,27
220000012,3,14,-11
220000014,2,28,-26
220000015,0,0,0
220000017,21,155,-134
220000018,1183,131,1052
220000019,18,98,-80
220000020,52,229,-177
220000021,207,140,67
220000022,228,387,-159
220000023,97,107,-10
220000024,930,306,624
220000025,408,325,83
220000026,179,99,80
220000027,7,35,-28
220000028,11,64,-53
220000029,33,90,-57
220000030,22,45,-23
220000031,30,120,-90
220000064,0,0,0
221000046,2,0,2
221000047,0,0,0
221000048,0,1,-1
221000049,1,13,-12
221000050,1,0,1
221000055,23,63,-40
221000057,11,2,9
221000068,80,29,51
221000069,71,15,56
221000070,55,5,50
221000071,3,0,3
221000072,35,3,32
221000073,15,32,-17
221000074,1,17,-16
221000075,8,14,-6
221000076,18,68,-50
221000077,21,101,-80
221000081,5,0,5
221000082,4,2,2
221000083,3,0,3
221000084,0,0,0
221000085,20,68,-48
221000086,17,175,-158
221000087,6,173,-167
221000088,23,138,-115
221000089,25,147,-122
221000090,234,282,-48
221000098,19,3,16
221000099,27,1,26
221000100,6,2,4
221000101,48,3,45
221000102,24,3,21
221000109,3,112,-109
221000110,5,162,-157
221000111,8,134,-126
221000112,8,93,-85
221000113,21,229,-208
221000114,12,196,-184
221000120,0,7,-7
221000121,0,0,0
221000122,0,0,0
221000123,0,2,-2
221000124,2,82,-80
221000155,0,0,0
221000156,0,0,0
221000175,0,0,0
221000176,0,0,0
221000182,7,3,4
221000241,376,68,308
221000242,406,284,122
221000243,161,38,123
221000244,89,255,-166
221000245,16,63,-47
221000246,22,121,-99
221000247,9,60,-51
221000248,30,136,-106
221000267,6,224,-218
221000325,1,12,-11
221000331,0,13,-13
221000338,0,0,0
221000378,0,0,0
221000381,5,14,-9
222000282,0,0,0
222000296,0,3,-3
222000568,0,0,0
222000569,0,0,0
222000570,0,0,0
222000571,0,0,0
222000577,1,82,-81
222000578,1,79,-78
222000579,9,35,-26
222000580,34,234,-200
222000599,0,25,-25
222000600,0,48,-48
222000601,0,92,-92
222000603,4,0,4
222000604,1,2,-1
222000605,0,0,0
222000606,0,1,-1
222000607,0,0,0
222000608,0,2,-2
222000609,2,43,-41
222000616,0,0,0
222000617,0,0,0
222000618,0,0,0
222000620,0,0,0
222000621,0,0,0
222000623,0,0,0
222000624,0,0,0
222000625,0,12,-12
222000636,0,0,0
222000686,0,0,0
222000687,0,0,0
222001066,0,0,0
222001067,0,0,0
222001068,0,0,0
222001069,0,0,0
222001082,3,18,-15
222001083,0,23,-23
222001084,1,11,-10
222001085,0,106,-106
222001111,0,103,-103
222001112,0,0,0
222001313,0,0,0
222001314,0,4,-4
222001464,0,0,0
222001465,0,14,-14
222001484,0,0,0
222001485,5,9,-4
222001494,0,0,0
222001495,3,32,-29
222001496,0,0,0
222001497,2,50,-48
222001502,28,147,-119
222001503,0,0,0
222001504,9,193,-184
222001505,0,0,0
222001506,13,209,-196
222001507,0,0,0
222001510,0,0,0
222001511,14,226,-212
222001514,0,0,0
222001515,110,381,-271
222001518,0,0,0
222001519,28,254,-226
222001527,0,0,0
222001528,30,107,-77
222001529,0,0,0
222001530,18,144,-126
222001533,96,478,-382
222001534,0,0,0
222001535,0,0,0
222001536,1,20,-19
222001537,0,0,0
222001538,38,226,-188
222001563,0,0,0
222001564,17,567,-550
222001568,0,48,-48
222001576,0,0,0
222001579,0,1,-1
222001583,2,41,-39
222001584,0,0,0
222001596,26,559,-533
222001597,0,0,0
222001626,0,52,-52
222001650,1,31,-30
222001651,0,1,-1
222001914,0,0,0
222001915,12,110,-98
222900004,0,0,0
222900009,1,23,-22
222900019,0,0,0
222900024,0,0,0
222900025,0,19,-19
225000001,14,2,12
225000002,10,11,-1
225000003,25,5,20
225000004,21,28,-7
225000005,8,4,4
225000006,0,78,-78
225000007,2515,476,2039
225000010,91,1,90
225000011,0,0,0
225000012,0,0,0
225000013,0,0,0
225000014,0,0,0
225000015,64,170,-106
225000021,0,0,0
225000027,86,314,-228
225000032,0,0,0
225000042,26,513,-487
225000049,25,45,-20
225000050,24,9,15
225000053,1,81,-80
225000058,0,0,0
225000067,49,227,-178
225000068,34,462,-428
225000069,62,368,-306
225000070,38,313,-275
225000071,10,233,-223
225000075,17,417,-400
225000076,38,55,-17
225000078,0,0,0
225000085,0,0,0
225000086,0,0,0
225000087,0,0,0
225000088,3,74,-71
225000089,492,304,188
225000090,7,173,-166
225000091,28,182,-154
225000092,9,49,-40
225000093,29,405,-376
225000094,7,426,-419
225000095,180,530,-350
225000096,74,300,-226
225000098,27,13,14
225000099,13,0,13
225000100,11,5,6
225000104,11,279,-268
225000110,10,270,-260
225000111,63,741,-678
225000112,55,640,-585
225000113,21,366,-345
225000114,45,220,-175
225000115,1959,307,1652
225000116,0,0,0
225000117,0,0,0
225000118,0,0,0
225000119,0,0,0
225000120,0,0,0
225000121,0,0,0
225000123,0,0,0
225000125,19,24,-5
225000126,226,13,213
225000127,303,30,273
225000128,35,17,18
225000132,80,30,50
225000133,71,22,49
225000134,157,23,134
225000135,33,5,28
225000136,59,4,55
225000137,30,16,14
225000138,140,6,134
225000143,53,81,-28
225000144,2,240,-238
225000145,0,0,0
225000146,3,94,-91
225000147,7,261,-254
225000148,0,132,-132
225000149,55,259,-204
225000151,36,116,-80
225000155,111,209,-98
225000156,48,248,-200
225000157,58,177,-119
225000158,22,284,-262
225000171,3,127,-124
225000180,24,2,22
225000181,0,27,-27
225000182,0,0,0
225000185,7,129,-122
225000187,36,282,-246
225000191,0,0,0
225000194,0,14,-14
225000208,0,41,-41
225000209,0,0,0
225000210,0,66,-66
225000217,0,15,-15
225000218,0,0,0
225000223,0,35,-35
225000224,0,0,0
225000225,1,2,-1
225000226,0,0,0
225000227,63,51,12
225000228,0,0,0
225000229,0,61,-61
225000230,0,0,0
225000231,0,80,-80
225000232,0,0,0
225000241,0,0,0
225000242,0,36,-36
225000249,0,0,0
225000250,38,448,-410
225000251,114,14,100
225000254,0,0,0
225000256,0,1,-1
225000257,0,5,-5
226000042,104,257,-153
226000043,12,160,-148
226000044,62,575,-513
226000045,54,388,-334
226000046,88,34,54
226000047,105,28,77
226000048,130,21,109
226000049,79,37,42
226000070,1,50,-49
226000071,0,48,-48
226000072,0,1,-1
226000073,0,7,-7
226000074,0,2,-2
226000084,2,33,-31
226000085,1,3,-2
226000086,9,12,-3
226000087,2,14,-12
226000088,2,7,-5
226000090,2,2,0
226000091,0,0,0
226000092,0,0,0
226000093,4,0,4
226000094,2,0,2
226000095,2,1,1
226000105,0,0,0
226000106,0,0,0
226000107,2,0,2
226000108,4,0,4
226000109,29,12,17
226000124,129,20,109
226000134,208,166,42
226000135,436,273,163
226000136,67,73,-6
226000137,13,288,-275
226000138,9,151,-142
226000139,0,10,-10
226000156,15,0,15
226000157,67,2,65
226000163,2,30,-28
226000202,2,193,-191
226000231,31,0,31
226000232,9,1,8
227000033,0,1,-1
227000036,0,0,0
227000037,0,0,0
227000038,0,0,0
227000084,0,28,-28
227000085,0,19,-19
227000088,0,0,0
227000089,0,0,0
227000090,0,0,0
227000091,0,0,0
227000092,0,0,0
227000093,0,0,0
227000094,0,2,-2
227000130,7,62,-55
227000131,7,249,-242
227000132,10,242,-232
227000133,8,202,-194
227000134,19,303,-284
227000152,0,3,-3
227000153,0,44,-44
227000154,0,16,-16
227000155,0,11,-11
227000156,0,20,-20
227000165,2,23,-21
227000196,62,219,-157
227000199,7,336,-329
227000230,25,316,-291
227000232,0,0,0
227000242,54,368,-314
227000243,6,1,5
227000245,27,378,-351
227000246,55,377,-322
227000247,1,2,-1
227000248,1,0,1
227000249,13,182,-169
227000250,6,3,3
227000251,69,182,-113
227000252,7,335,-328
227000253,0,1,-1
227000262,2,3,-1
227000266,0,0,0
227000267,21,1326,-1305
227000282,29,89,-60
227000284,0,0,0
227000286,28,64,-36
227000291,43,443,-400
227000296,0,0,0
227000484,0,0,0
227000485,32,469,-437
227000655,0,0,0
227000656,0,0,0
227000657,0,0,0
227000704,0,0,0
229000265,0,0,0
229000266,0,0,0
229000267,0,0,0
229000268,0,0,0
229000269,0,0,0
229000274,1,10,-9
229000275,1,10,-9
229000276,0,5,-5
229000277,0,0,0
229000278,0,4,-4
229000295,11,10,1
229000296,2,1,1
229000297,5,18,-13
229000298,27,69,-42
229000320,0,0,0
229000321,0,0,0
229000412,5,43,-38
229000414,0,22,-22
229000415,0,0,0
229000416,0,0,0
229000417,2,5,-3
229000419,40,131,-91
229000440,0,0,0
229000442,0,0,0
229000443,0,0,0
229000444,2,23,-21
229000445,0,0,0
229000446,0,0,0
229000491,7,36,-29
229000492,23,138,-115
229000493,2,99,-97
229000494,35,36,-1
229000495,182,116,66
229000496,15,139,-124
229000507,0,28,-28
229000508,7,29,-22
229000509,0,47,-47
229000510,3,30,-27
229000511,7,53,-46
229000512,1,25,-24
229000513,0,6,-6
229000514,0,10,-10
229000517,0,9,-9
229000518,7,24,-17
229000519,0,20,-20
229000520,13,39,-26
229000521,44,55,-11
229000522,2,26,-24
229000523,14,32,-18
229000524,8,22,-14
229000527,8,9,-1
229000528,0,8,-8
229000529,16,1,15
229000530,67,64,3
229000531,20,47,-27
229000532,26,26,0
229000533,274,91,183
229000534,96,28,68
229000564,87,19,68
229000565,16,12,4
229000566,0,41,-41
229000567,4,131,-127
229000582,293,23,270
229000583,4,24,-20
229000584,0,56,-56
229000585,16,63,-47
229000718,0,5,-5
229000719,0,2,-2
229000720,0,25,-25
229000721,0,16,-16
229000722,0,25,-25
229000723,0,10,-10
229000724,0,2,-2
229000725,0,18,-18
229000738,15,2,13
229000739,1,1,0
229000740,5,1,4
229000741,56,0,56
229000742,25,0,25
229000743,56,5,51
229000744,9,2,7
229000745,2,1,1
229000746,98,2,96
229000847,41,2,39
229000848,25,1,24
229000849,352,4,348
229000851,14,1,13
229000854,0,58,-58
229000856,2,120,-118
229000857,0,28,-28
229000858,1,111,-110
229000919,7,112,-105
229000930,1,126,-125
229000937,334,63,271
229000966,95,28,67
229000981,21,36,-15
229000985,2,9,-7
229000986,0,0,0
229000987,0,1,-1
229000988,1,0,1
229000989,0,0,0
229000990,0,0,0
229000991,0,0,0
229000992,0,0,0
229000993,0,0,0
229000998,15,14,1
229000999,0,0,0
229001034,0,29,-29
229001035,0,0,0
229001036,7,26,-19
229001037,0,0,0
229001038,0,2,-2
229001039,0,0,0
229001040,0,112,-112
229001041,0,0,0
229001042,0,0,0
229001047,2,17,-15
229001050,0,0,0
229001168,2,12,-10
229001200,0,0,0
229001338,1,20,-19
229001394,285,4,281
229001422,388,43,345
229001423,20,124,-104
229001431,209,75,134
229001432,17,73,-56
229001444,0,0,0
229001445,11,155,-144
229001479,14,17,-3
229001503,312,83,229
229001504,52,104,-52
229001505,360,56,304
229001506,42,138,-96
229001509,0,0,0
229001510,4,12,-8
229001545,104,16,88
229001546,8,68,-60
229001553,90,40,50
229001554,7,94,-87
229001630,0,0,0
229001631,20,20,0
229001635,0,4,-4
229001636,0,0,0
229001658,1,49,-48
229001659,216,1,215
229001660,0,0,0
229001661,0,14,-14
229001662,23,1,22
229001663,0,16,-16
229002584,0,0,0
229002831,38,47,-9
229002841,0,5,-5
229002842,0,0,0
229002843,0,0,0
229002844,3,33,-30
229002845,0,53,-53
229002846,0,0,0
229002847,1,5,-4
229002848,0,0,0
229002849,2,24,-22
229002850,0,0,0
229002851,4,31,-27
229002852,0,0,0
229002853,0,0,0
229002854,6,24,-18
229002855,1,21,-20
229002856,0,0,0
229002857,1,14,-13
229002858,0,0,0
229002859,5,5,0
229002860,0,0,0
229002861,0,0,0
229002862,1,14,-13
229002863,1,10,-9
229002864,0,0,0
229002865,0,4,-4
229002866,0,0,0
229002867,2,6,-4
229002868,0,0,0
229002869,1,57,-56
229002870,0,0,0
235000066,0,0,0
235000067,0,0,0
235000072,15,82,-67
235000073,38,267,-229
235000074,29,74,-45
235000080,3,50,-47
235000081,36,101,-65
235000082,0,0,0
235000083,0,0,0
235000084,0,0,0
235000085,0,0,0
235000089,0,0,0
235000092,16,132,-116
235000093,2,2,0
235000097,0,0,0
235000098,0,0,0
235000099,0,0,0
235000116,0,0,0
235000117,0,0,0
235000133,7,154,-147
235000134,4,69,-65
235000206,0,1,-1
235000207,0,0,0
235000208,0,0,0
235000209,0,0,0
235000210,0,0,0
235000212,1,16,-15
235000213,5,8,-3
235000220,0,5,-5
235000221,2,11,-9
235000238,0,0,0
235000239,0,0,0
235000242,21,18,3
235000245,628,220,408
235000246,2,67,-65
235000284,2,31,-29
235000295,0,0,0
235000305,0,0,0
235000306,0,0,0
235000307,0,0,0
235000308,0,0,0
235000309,0,0,0
235000310,0,0,0
235000311,0,1,-1
235000322,0,9,-9
235000323,0,32,-32
235000324,0,7,-7
235000325,1,9,-8
235000326,2,147,-145
235000351,0,25,-25
235000352,1,40,-39
235000353,0,18,-18
235000354,0,20,-20
235000355,1,54,-53
235000356,0,0,0
235000357,0,0,0
235000358,0,0,0
235000359,0,0,0
235000360,0,0,0
235000361,0,0,0
235000381,42,207,-165
235000382,0,0,0
235000390,0,0,0
235000391,0,0,0
235000392,0,0,0
235000393,0,0,0
235000395,0,0,0
235000396,0,0,0
235000400,0,0,0
235000401,3,116,-113
235000405,76,313,-237
235000406,20,186,-166
235000407,47,115,-68
235000409,119,145,-26
235000410,20,184,-164
235000411,0,60,-60
235000485,1,13,-12
235000486,0,0,0
235000549,0,0,0
235000550,79,213,-134
235000599,80,90,-10
235000600,6,5,1
235000601,0,0,0
235000602,0,0,0
235000614,1,3,-2
235000648,2,74,-72
235000649,0,0,0
235000685,1,1,0
235000815,2,26,-24
235000834,0,2,-2
235000855,0,0,0
235000862,12,128,-116
235000891,0,3,-3
235000892,0,2,-2
235000901,80,116,-36
235000907,0,4,-4
235001010,0,0,0
235001029,423,278,145
235001030,0,0,0
235001078,0,0,0
235001079,29,76,-47
235001147,0,0,0
235001166,0,0,0
235001167,10,83,-73
235001169,1,177,-176
235001188,1,8,-7
235001189,0,0,0
235001197,4,8,-4
235001200,17,45,-28
235001208,0,0,0
235001209,14,20,-6
235001210,8,144,-136
235001239,0,55,-55
235001244,0,0,0
235016267,0,13,-13
241900007,24,1,23
277101746,0,54,-54
277102712,0,0,0
277103813,1,0,1
277103814,0,0,0
277103898,0,3,-3
277104249,0,1,-1
277104250,0,0,0
277104251,0,2,-2
277104252,0,0,0
990011530,0,178,-178
990014944,4,376,-372
990015176,0,0,0
990015618,1,64,-63
990016032,0,175,-175
990032570,3,73,-70
990070001,0,0,0
990070103,1,4,-3
990070601,0,22,-22
990070751,0,1,-1
990070766,1,142,-141
990071180,0,85,-85
990071343,0,0,0
990071387,0,6,-6
990071823,0,0,0
990072600,2,390,-388
990072964,2,321,-319
990073285,0,2,-2
990074393,0,364,-364
990074870,0,1,-1
990075106,7,13,-6
990075746,0,1,-1
990076437,0,1,-1
990076458,2,696,-694
997000007,0,1,-1
997000041,0,92,-92
997000058,0,3,-3
997000062,0,0,0
997000069,0,5,-5
997000070,0,46,-46
997000100,0,0,0
997000141,0,5,-5
997000198,0,6,-6
998000475,0,6,-6
998000736,0,98,-98
998000965,0,0,0
998001031,0,35,-35
998001700,0,16,-16
998001899,0,0,0
998001900,10,1,9
998003073,0,1,-1
998101900,0,0,0
998102850,0,3,-3
998501927,1,221,-220
998501929,13,4,9
998501930,5,0,5
998501931,10,12,-2
998501932,13,1,12
998501933,2,4,-2
998501937,0,1,-1
998501944,0,0,0
998501950,0,1,-1
998501970,9,1,8
998501971,1,107,-106
998501973,0,43,-43
998501974,1,160,-159
998501975,0,0,0
998501976,47,24,23
998501977,0,12,-12
998501978,0,0,0
998501979,0,31,-31
998501980,0,1,-1
998501981,0,2,-2
998501982,0,125,-125
998502006,0,0,0
998502024,0,5,-5
998502032,1,2,-1
998502062,0,2,-2
998502063,0,0,0
998502173,0,0,0
998502269,0,0,0
998601159,2,80,-78
998601292,0,4,-4
999033574,1,173,-172
999800001,0,1,-1
999800002,0,1,-1
999800003,0,3,-3
999800004,0,15,-15
999800005,0,24,-24
