ID,insum,outsum,diff
100000001,619,1183,-564
100000002,6131,1484,4647
100000003,9806,4974,4832
100000004,1901,1549,352
100000005,3145,6255,-3110
100000006,1005,208,797
100000007,3827,955,2872
100000008,360,762,-402
100000009,1159,947,212
100000010,155,128,27
100000011,1422,141,1281
100000012,193,964,-771
100000013,425,302,123
100000014,959,408,551
100000015,2368,3591,-1223
100000016,1427,1793,-366
100000017,1385,1276,109
100000018,2680,878,1802
100000019,6710,2777,3933
100000020,3062,10927,-7865
100000021,7764,3229,4535
100000022,2970,2362,608
100000023,7343,2173,5170
100000025,3278,1265,2013
100000028,2941,1315,1626
100000029,319,341,-22
100000030,471,99,372
100000031,7373,10265,-2892
100000032,3923,6394,-2471
100000033,1501,3924,-2423
100000034,834,574,260
100000035,2623,1430,1193
100000036,3743,1946,1797
100000037,757,650,107
100000038,2715,1382,1333
100000039,1895,376,1519
100000040,452,252,200
100000041,1684,737,947
100000042,1937,673,1264
100000043,1382,508,874
100000044,505,931,-426
100000045,799,1763,-964
100000046,1560,1604,-44
100000047,680,1012,-332
100000048,1876,971,905
100000049,2691,3269,-578
100000051,759,1354,-595
100000053,251,6,245
100000054,758,52,706
100000055,1987,329,1658
100000056,765,730,35
100000057,2858,1094,1764
100000058,1588,1565,23
100000059,20,181,-161
100000060,588,618,-30
100000061,3187,856,2331
100000062,3363,864,2499
100000063,1081,404,677
100000064,1992,515,1477
100000065,694,1533,-839
100000066,450,1163,-713
100000067,787,1063,-276
100000068,932,2571,-1639
100000069,584,2279,-1695
100000072,482,1547,-1065
100000073,1834,1907,-73
100000075,977,541,436
100000076,6059,3666,2393
100000077,471,306,165
100000078,120,57,63
100000079,58,95,-37
100000080,43,95,-52
100000081,167,171,-4
100000102,4228,2171,2057
100000103,7969,1544,6425
100000104,7358,3000,4358
100000105,4321,1862,2459
100000106,3861,3036,825
100000107,1331,1227,104
100000108,1554,1465,89
100000109,5540,1696,3844
100000116,2311,1407,904
100000117,129,137,-8
100000118,2777,1274,1503
100000119,897,857,40
100000121,467,624,-157
100000122,1904,1335,569
100000123,4941,6972,-2031
100000124,8431,9731,-1300
100000125,4975,1787,3188
100000126,1471,550,921
100000127,2667,470,2197
100000128,2552,2573,-21
100000129,622,617,5
100000130,524,735,-211
100000131,4196,4949,-753
100000132,2346,4357,-2011
100000133,9393,3785,5608
100000135,707,1445,-738
100000139,638,286,352
100000140,741,401,340
100000142,563,778,-215
100000143,1242,655,587
100000144,5236,1288,3948
100000147,1443,3627,-2184
100000150,45,526,-481
100000151,1546,1079,467
100000153,514,543,-29
100000154,208,238,-30
100000155,31,83,-52
100000156,553,241,312
100000157,139,108,31
100000158,252,74,178
100000159,475,727,-252
100000165,2345,1085,1260
100000169,669,476,193
100000174,1565,580,985
100000179,147,811,-664
100000180,7988,2808,5180
100000181,715,366,349
100000188,130,508,-378
100000189,2649,543,2106
100000190,1409,802,607
100000191,1023,725,298
100000192,73,181,-108
100000193,241,228,13
100000330,1954,1273,681
100000355,486,918,-432
100000362,6875,4793,2082
100000363,4860,6159,-1299
100000364,511,244,267
100000365,6119,6695,-576
100000366,8976,3944,5032
100000367,6701,5960,741
100000368,3449,2213,1236
100000369,2189,2818,-629
100000370,540,827,-287
100000376,206,126,80
100000379,6119,2143,3976
100000380,10956,4093,6863
100000384,8306,6347,1959
100000385,6838,5550,1288
100000386,11682,6688,4994
100000387,9162,7093,2069
100000388,10737,9000,1737
100000389,11087,8786,2301
100000390,11694,7501,4193
100000391,9069,9879,-810
100000392,5762,4053,1709
100000393,3999,4801,-802
100000394,12108,8095,4013
100000395,7305,3623,3682
100000396,11380,3641,7739
100000397,7726,4860,2866
100000398,15522,9974,5548
100900002,12,104,-92
100900003,499,167,332
100900004,48,1145,-1097
100900005,215,22,193
100900006,30,171,-141
100900007,682,15,667
100900008,9,544,-535
100900009,87,111,-24
100900010,166,163,3
100900011,203,368,-165
100900012,1,258,-257
100900013,1633,7,1626
100900014,1,19,-18
100900015,140,126,14
100900016,15,88,-73
100900017,1346,116,1230
100900018,0,23,-23
100900019,62,415,-353
100900020,683,12,671
100900021,582,5,577
100900022,15,108,-93
100900023,19,106,-87
100900024,1531,11,1520
100900025,12,16,-4
100900026,181,191,-10
100900027,866,4323,-3457
100900028,216,287,-71
100900029,156,41,115
100900030,3,49,-46
100900031,883,73,810
100900032,267,0,267
100900033,304,258,46
100900034,594,6,588
100900035,1534,1,1533
100900036,47,8,39
100900037,128,342,-214
100900038,215,58,157
100900039,319,799,-480
100900040,607,1088,-481
100900041,861,982,-121
100900042,1625,500,1125
100900043,1,15,-14
100900044,3493,957,2536
100900045,62,3,59
100900046,1974,20,1954
100900047,1527,466,1061
100900048,273,111,162
100900049,121,264,-143
100900050,1,46,-45
100900051,157,143,14
100900052,615,69,546
100900053,485,34,451
100900054,41,203,-162
100900055,517,931,-414
100900056,288,514,-226
100900057,813,1747,-934
100900058,404,95,309
100900059,202,14,188
100900060,179,10,169
100900061,489,427,62
100900062,5,115,-110
100900063,273,954,-681
100900064,1122,25,1097
100900065,190,152,38
100900066,130,232,-102
100900067,15,16,-1
100900068,460,162,298
100900069,1628,15,1613
100900070,419,3,416
100900071,987,460,527
100900072,9,73,-64
100900073,161,560,-399
100900074,14,34,-20
100900075,2691,536,2155
100900076,57,65,-8
100900077,33,155,-122
100900078,160,794,-634
100900079,17,60,-43
100900080,46,248,-202
100900081,52,330,-278
100900082,161,806,-645
100900083,22,84,-62
100900085,15,118,-103
100900086,410,2042,-1632
100900088,164,850,-686
100900089,26,45,-19
100900090,197,742,-545
100900091,4,35,-31
100900092,498,417,81
100900093,286,779,-493
100900094,140,772,-632
100900095,4,59,-55
100900096,87,143,-56
100900097,3,4,-1
100900098,43,30,13
100900099,44,810,-766
100900100,27,487,-460
100900101,483,79,404
100900102,169,173,-4
100900103,36,19,17
100900104,15,254,-239
100900105,49,381,-332
100900106,52,4,48
100900107,2447,894,1553
100900108,20,41,-21
100900109,41,67,-26
100900110,3,15,-12
100900111,77,303,-226
100900112,6,14,-8
100900113,41,35,6
100900114,29,45,-16
100900115,9,75,-66
100900116,1162,1446,-284
100900117,382,1179,-797
100900118,120,130,-10
100900119,34,91,-57
100900120,4,30,-26
100900121,431,1072,-641
100900122,233,350,-117
100900123,114,355,-241
100900124,34,24,10
100900125,52,114,-62
100900126,209,529,-320
100900127,3,20,-17
100900128,220,276,-56
100900129,0,208,-208
100900131,124,322,-198
100900133,130,85,45
100900134,10,19,-9
100900135,0,193,-193
100900137,417,246,171
100900138,990,672,318
100900139,28,20,8
100900140,9,899,-890
100900141,4,560,-556
100900142,2,24,-22
100900143,1405,513,892
100900144,33,13,20
100900145,378,265,113
100900146,34,128,-94
100900147,56,414,-358
100900148,41,892,-851
100900149,41,289,-248
100900150,12,128,-116
100900151,185,750,-565
100900152,264,8,256
100900153,6,224,-218
100900154,22,61,-39
100900155,26,32,-6
100900156,54,12,42
100900157,13,243,-230
100900158,1040,382,658
100900159,2,51,-49
100900160,32,24,8
100900161,189,19,170
100900162,33,391,-358
100900163,265,344,-79
100900164,63,97,-34
100900165,46,123,-77
100900166,36,30,6
100900167,38,106,-68
100900168,74,226,-152
100900169,205,1267,-1062
100900170,76,22,54
100900171,26,837,-811
100900172,0,8,-8
100900173,10,596,-586
100900174,987,81,906
100900176,1877,316,1561
100900177,1027,509,518
100900178,832,211,621
100900179,190,220,-30
100900180,6,2,4
100900181,180,186,-6
100900182,95,62,33
100900184,30,284,-254
100900186,1110,776,334
100900187,14,127,-113
100900188,87,32,55
100900189,1531,258,1273
100900191,1843,1435,408
100900192,452,361,91
100900195,189,215,-26
100900197,5,66,-61
100900198,34,318,-284
100900199,11,4,7
100900200,878,591,287
100900201,144,1199,-1055
100900202,88,1,87
100900203,0,124,-124
100900204,1711,962,749
100900205,254,588,-334
100900206,156,107,49
100900207,309,138,171
100900210,130,1264,-1134
100900211,618,270,348
100900213,133,44,89
100900214,1078,182,896
100900215,17,117,-100
100900217,4,4,0
101000001,6391,3471,2920
101000002,6529,7447,-918
101000003,1068,3231,-2163
101000004,13503,11296,2207
101000005,6783,7077,-294
101000006,10726,11102,-376
101000007,3807,4648,-841
101000008,6369,3970,2399
101000009,3232,2307,925
101000010,1377,1714,-337
101000011,3080,910,2170
101000012,2291,1051,1240
101000013,852,1546,-694
101000014,776,1085,-309
101000015,1298,1094,204
101000016,836,605,231
101000017,940,762,178
101000018,5555,3965,1590
101000020,5678,1590,4088
101000021,2078,525,1553
101000022,663,129,534
101000023,2764,1127,1637
101000025,316,620,-304
101000026,657,39,618
101000027,2985,2710,275
101000028,1485,291,1194
101000029,313,1669,-1356
101000030,2822,147,2675
101000031,1675,806,869
101000032,15722,4285,11437
101000033,4134,4251,-117
101000034,4570,2083,2487
101000035,1706,838,868
101000036,2566,1115,1451
101000037,5487,2146,3341
101000039,4062,3113,949
101000040,4535,4215,320
101000041,18048,9587,8461
101000042,1272,1745,-473
101000043,12818,9663,3155
101000045,3319,980,2339
101000046,6986,1469,5517
101000047,4751,3103,1648
101000048,1592,1191,401
101000049,1391,2194,-803
101000050,4620,3864,756
101000051,3979,3167,812
101000052,2474,1291,1183
101000053,1656,2572,-916
101000054,3064,2303,761
101000055,2239,1946,293
101000056,62,139,-77
101000057,3656,1230,2426
101000058,2168,1453,715
101000059,5054,2660,2394
101000060,2368,740,1628
101000061,1330,1876,-546
101000062,968,1076,-108
101000063,1021,1212,-191
101000064,1850,1027,823
101000065,529,507,22
101000066,1006,622,384
101000067,1676,963,713
101000068,515,473,42
101000069,714,94,620
101000070,1916,1352,564
101000071,3157,1150,2007
101000072,1394,4827,-3433
101000073,1306,925,381
101000074,10727,4738,5989
101000075,9091,4602,4489
101000077,1868,1377,491
101000078,1568,2769,-1201
101000079,981,505,476
101000080,972,490,482
101000081,1770,1907,-137
101000082,4510,4324,186
101000083,2958,2926,32
101000084,1809,1418,391
101000085,2077,1669,408
101000086,1323,1408,-85
101000087,1157,1481,-324
101000088,1562,1579,-17
101000089,1385,2111,-726
101000090,2906,1882,1024
101000091,473,1698,-1225
101000092,1105,1573,-468
101000093,2000,1289,711
101000094,1082,1824,-742
101000095,434,1075,-641
101000096,443,849,-406
101000097,1500,523,977
101000098,1079,757,322
101000099,1905,1884,21
101000100,1690,1228,462
101000101,524,559,-35
101000102,2048,514,1534
101000103,1494,695,799
101000104,569,806,-237
101000105,1387,543,844
101000106,1498,1040,458
101000107,275,433,-158
101000108,1554,561,993
101000109,367,84,283
101000110,60,902,-842
101000111,185,368,-183
101000113,349,1282,-933
101000114,13773,4613,9160
101000115,186,141,45
101000116,329,260,69
101000117,1704,520,1184
101000119,122,74,48
101000120,268,62,206
101000121,86,64,22
101000122,183,100,83
101000123,137,100,37
101000124,745,187,558
101000125,302,675,-373
101000128,1503,527,976
101000130,466,421,45
101000131,1067,843,224
101000132,744,1825,-1081
101000135,111,44,67
101000136,795,165,630
101000137,46,478,-432
101000141,2741,3858,-1117
101000147,1106,625,481
101000148,2545,46,2499
101000149,272,212,60
101000150,99,1102,-1003
101000151,263,76,187
101000152,579,651,-72
101000153,828,576,252
101000154,367,1998,-1631
101000155,394,253,141
101000156,33,364,-331
101000157,57,72,-15
101000160,198,48,150
101000163,367,273,94
101000164,737,525,212
101000165,378,454,-76
101000166,351,622,-271
101000168,1104,502,602
101000252,2121,1255,866
101000254,878,123,755
101000258,54,15,39
101000261,352,25,327
101000262,1842,2029,-187
101000263,510,1727,-1217
101000265,128,1003,-875
101000266,671,524,147
101000269,142,12,130
101000290,2269,4756,-2487
101000293,68,129,-61
101000294,931,711,220
101000295,161,841,-680
101000301,1123,574,549
101000304,3056,3060,-4
101000305,4414,2288,2126
101900001,42,96,-54
101900002,0,34,-34
101900003,82,132,-50
101900004,5,82,-77
101900005,6487,2503,3984
101900006,1196,105,1091
101900007,1083,268,815
101900008,169,554,-385
101900009,94,826,-732
101900010,1135,932,203
101900011,492,2455,-1963
101900012,303,683,-380
101900013,1756,247,1509
101900017,31,235,-204
101900018,1802,328,1474
101900019,388,178,210
101900020,700,321,379
101900021,0,91,-91
101900022,241,1858,-1617
101900023,223,309,-86
102000001,5823,6033,-210
102000002,5307,1608,3699
102000003,5649,10052,-4403
102000004,13276,4579,8697
102000005,1965,3370,-1405
102000006,2144,2970,-826
102000007,2653,7334,-4681
102000008,8770,2440,6330
102000009,8502,10433,-1931
102000010,8143,5353,2790
102000011,4396,3832,564
102000012,5263,4887,376
102000018,4657,4281,376
102000019,4004,2339,1665
102000026,442,997,-555
102000029,465,285,180
102000030,176,521,-345
102000031,79,216,-137
102000032,629,490,139
102000033,295,534,-239
102000034,796,631,165
102000035,1589,984,605
102000036,32,428,-396
102000037,255,129,126
102000038,312,341,-29
102000039,393,118,275
102000040,692,308,384
102000041,332,390,-58
102000042,422,400,22
102000043,643,295,348
102000044,823,582,241
102000045,1083,1580,-497
102000046,1328,838,490
102000047,1275,1562,-287
102000048,467,1170,-703
102000049,1505,903,602
102000050,1719,1739,-20
102000051,609,805,-196
102000052,2206,1204,1002
102000053,1331,1305,26
102000054,753,1267,-514
102000055,1157,1098,59
102000056,937,2162,-1225
102000057,2474,994,1480
102000058,1699,2559,-860
102000059,2113,2289,-176
102000060,1856,1524,332
102000061,2134,3207,-1073
102000062,2077,1994,83
102000063,1592,2115,-523
102000064,879,1180,-301
102000065,60,239,-179
102000066,1687,1644,43
102000067,3944,5043,-1099
102000068,13761,4096,9665
102000069,106,2272,-2166
102000070,2995,90,2905
102000071,12151,13468,-1317
102000072,4946,6221,-1275
102000073,2751,1611,1140
102000074,1567,1542,25
102000075,295,592,-297
102000076,319,957,-638
102000077,585,1304,-719
102000078,1155,1247,-92
102000079,435,428,7
102000080,521,459,62
102000081,684,1218,-534
102000082,1072,591,481
102000083,837,520,317
102000084,308,431,-123
102000085,2348,1685,663
102000086,1446,2404,-958
102000087,1306,2309,-1003
102000088,440,486,-46
102000089,1436,675,761
102000090,1116,1763,-647
102000091,2927,813,2114
102000092,554,1311,-757
102000093,1057,953,104
102000094,1364,982,382
102000095,1458,1998,-540
102000096,1196,1402,-206
102000097,1485,1601,-116
102000098,826,1672,-846
102000099,1320,1075,245
102000100,1307,1900,-593
102000101,1892,1030,862
102000102,606,3094,-2488
102000103,2195,769,1426
102000104,1335,459,876
102000105,274,842,-568
102000106,973,1198,-225
102000107,1119,827,292
102000108,926,333,593
102000109,950,842,108
102000110,1056,1956,-900
102000111,23,419,-396
102000112,275,128,147
102000113,24,44,-20
102000114,1259,555,704
102000115,261,349,-88
102000116,1779,530,1249
102000117,684,867,-183
102000118,2776,1424,1352
102000119,3047,1099,1948
102000120,302,556,-254
102000121,1420,790,630
102000122,719,1135,-416
102000123,1954,1846,108
102000124,1877,1521,356
102000125,1209,1732,-523
102000126,1082,909,173
102000127,1588,1143,445
102000128,1007,1227,-220
102000129,1950,1182,768
102000130,963,1004,-41
102000131,2717,1094,1623
102000132,1090,1246,-156
102000133,2285,2706,-421
102000134,815,1061,-246
102000135,1154,1291,-137
102000136,1514,948,566
102000137,1702,1207,495
102000138,634,718,-84
102000139,405,583,-178
102000140,819,500,319
102000141,1111,944,167
102000142,452,562,-110
102000143,181,598,-417
102000144,369,612,-243
102000145,584,649,-65
102000146,512,417,95
102000147,635,779,-144
102000148,265,671,-406
102000149,245,898,-653
102000150,379,253,126
102000151,184,538,-354
102000152,222,211,11
102000153,1268,622,646
102000154,455,933,-478
102000155,178,424,-246
102000156,526,162,364
102000157,170,394,-224
102000158,477,398,79
102000159,1762,614,1148
102000161,5454,3104,2350
102000162,303,228,75
102000163,223,896,-673
102000164,1634,1587,47
102000165,443,207,236
102000166,115,211,-96
102000167,344,337,7
102000168,362,142,220
102000169,205,851,-646
102000170,953,263,690
102000171,562,212,350
102000172,570,491,79
102000173,647,412,235
102000174,118,133,-15
102000175,175,193,-18
102000176,80,47,33
102000178,461,599,-138
102000179,702,333,369
102000180,1014,693,321
102000181,798,879,-81
102000182,692,891,-199
102000183,2021,2403,-382
102000184,2211,1206,1005
102000185,3181,2013,1168
102000186,1528,2640,-1112
102000187,1840,2321,-481
102000188,2140,2061,79
102000189,3640,1315,2325
102000190,852,4481,-3629
102000191,1607,858,749
102000192,1343,1996,-653
102000193,65,207,-142
102000194,108,170,-62
102000195,581,710,-129
102000196,245,598,-353
102000197,741,686,55
102000198,280,1040,-760
102000199,988,459,529
102000200,401,1531,-1130
102000201,1076,690,386
102000202,4,171,-167
102000203,471,458,13
102000204,583,1135,-552
102000205,1361,793,568
102000206,1255,1148,107
102000207,2003,582,1421
102000208,847,825,22
102000209,136,94,42
102000210,513,615,-102
102000211,884,644,240
102000212,549,17,532
102000213,9,448,-439
102000214,364,25,339
102000215,18,652,-634
102000216,72,76,-4
102000217,17,212,-195
102000218,284,191,93
102000219,572,451,121
102000225,873,893,-20
102000226,6792,1550,5242
102000227,268,2,266
102000228,4,161,-157
102000229,41,66,-25
102000230,380,770,-390
102000231,394,666,-272
102000232,31,292,-261
102000233,583,1230,-647
102000234,181,1671,-1490
102000236,500,127,373
102000237,1037,218,819
102000238,255,434,-179
102000240,871,838,33
102000241,339,191,148
102000243,24,135,-111
102000245,44,151,-107
102000246,30,30,0
102000247,580,1287,-707
102000248,351,789,-438
102000249,219,262,-43
102000250,137,533,-396
102000254,102,527,-425
102000266,124,386,-262
102000271,42,0,42
102000286,659,529,130
102000297,2460,1486,974
102000299,0,0,0
102000301,0,0,0
102000302,0,0,0
102000303,0,0,0
102000304,0,0,0
102000305,0,0,0
102000306,0,0,0
102000307,0,2,-2
102000308,0,3,-3
102900001,1695,1310,385
102900002,663,76,587
102900003,68,289,-221
102900005,443,468,-25
102900006,640,273,367
102900007,597,87,510
102900008,253,136,117
102900009,745,330,415
102900010,1194,815,379
102900011,2768,570,2198
102900012,498,114,384
102900013,37,85,-48
102900015,1218,767,451
102900016,75,160,-85
102900017,203,787,-584
102900018,22,147,-125
102900019,606,677,-71
102900020,162,43,119
102900021,29,123,-94
102900022,655,207,448
102900023,25,105,-80
102900024,39,91,-52
102900025,299,131,168
102900026,821,2223,-1402
102900027,93,83,10
102900028,242,934,-692
102900029,204,245,-41
102900030,878,368,510
102900031,193,193,0
102900032,171,152,19
102900033,175,321,-146
102900034,577,174,403
102900035,174,440,-266
102900036,406,837,-431
102900037,534,937,-403
102900038,778,886,-108
102900039,27,803,-776
102900040,237,392,-155
102900041,135,248,-113
102900042,243,421,-178
102900043,260,380,-120
102900044,933,2650,-1717
102900045,167,715,-548
102900046,157,390,-233
102900047,93,877,-784
102900048,874,906,-32
102900049,144,499,-355
102900050,535,529,6
102900051,268,345,-77
102900052,70,52,18
102900053,586,1014,-428
102900054,1249,1693,-444
102900055,195,257,-62
102900056,163,668,-505
102900057,5,70,-65
102900058,446,80,366
102900059,11,72,-61
102900060,139,586,-447
102900061,217,626,-409
102900062,214,1350,-1136
102900063,1191,593,598
102900064,264,666,-402
102900065,2098,799,1299
102900066,461,54,407
102900068,173,140,33
102900070,363,757,-394
102900072,19,44,-25
102900073,239,11,228
102900074,372,324,48
102900075,63,58,5
102900076,327,165,162
102900077,66,63,3
102900078,58,138,-80
102900079,229,21,208
102900080,456,65,391
102900081,127,535,-408
102900082,17,329,-312
102900083,317,18,299
102900084,23,21,2
102900085,413,207,206
102900086,30,68,-38
102900087,304,135,169
102900088,63,47,16
102900089,381,226,155
102900090,5,634,-629
102900091,250,6,244
102900092,472,972,-500
102900093,423,452,-29
102900094,10,141,-131
102900095,102,3,99
102900096,35,3,32
102900097,489,938,-449
103000001,2878,3509,-631
103000002,3432,3484,-52
103000003,5860,3811,2049
103000004,1205,1065,140
103000005,2386,4332,-1946
103000006,767,1906,-1139
103000007,564,1019,-455
103000008,1477,1019,458
103000009,1600,1538,62
103000010,248,169,79
103000011,2400,1991,409
103000012,1597,2065,-468
103000013,7397,3054,4343
103000014,1807,3811,-2004
103000015,2712,958,1754
103000016,587,2053,-1466
103000017,247,542,-295
103000018,1275,617,658
103000019,369,428,-59
103000020,3672,1907,1765
103000021,2460,2009,451
103000022,1241,1536,-295
103000023,851,2308,-1457
103000024,197,316,-119
103000025,163,937,-774
103000026,2133,198,1935
103000027,461,787,-326
103000028,738,534,204
103000029,533,413,120
103000030,2771,1360,1411
103000031,2329,2796,-467
103000032,2572,2804,-232
103000033,3810,3785,25
103000034,2519,1756,763
103000035,580,2030,-1450
103000036,604,885,-281
103000037,781,737,44
103000038,684,1489,-805
103000039,484,580,-96
103000040,545,1658,-1113
103000041,2155,3783,-1628
103000042,1432,789,643
103000043,638,1462,-824
103000044,253,259,-6
103000046,298,577,-279
103000047,787,969,-182
103000048,198,234,-36
103000049,180,227,-47
103000050,879,899,-20
103000051,718,809,-91
103000052,966,585,381
103000053,294,915,-621
103000054,3069,1934,1135
103000055,2334,2952,-618
103000056,785,2653,-1868
103000057,567,435,132
103000058,753,1269,-516
103000059,548,1209,-661
103000060,1195,988,207
103000061,489,1180,-691
103000062,1270,853,417
103000063,920,1072,-152
103000064,172,328,-156
103000065,7,594,-587
103000066,296,13,283
103000069,522,487,35
103000070,1225,1199,26
103000071,1409,606,803
103000072,187,1230,-1043
103000073,654,220,434
103000074,897,139,758
103000075,204,1068,-864
103000076,497,487,10
103000077,89,576,-487
103000078,1972,873,1099
103000079,1594,832,762
103000080,1611,543,1068
103000081,737,1353,-616
103000082,682,315,367
103000083,153,443,-290
103000084,217,15,202
103000085,6,194,-188
103000086,1248,585,663
103000087,272,978,-706
103000088,506,468,38
103000089,313,728,-415
103000090,2299,1068,1231
103000091,725,611,114
103000092,371,404,-33
103000093,381,613,-232
103000094,233,161,72
103000095,79,467,-388
103000096,713,136,577
103000097,91,892,-801
103000098,1488,268,1220
103000099,585,761,-176
103000100,165,1161,-996
103000101,1201,187,1014
103000102,117,875,-758
103000103,793,300,493
103000104,49,169,-120
103000105,175,131,44
103000106,30,186,-156
103000107,326,107,219
103000108,762,641,121
103000109,397,409,-12
103000110,480,482,-2
103000111,731,571,160
103000112,483,265,218
103000113,1206,851,355
103000114,2517,443,2074
103000115,533,706,-173
103000116,729,662,67
103000117,408,641,-233
103000118,1407,1195,212
103000119,2321,879,1442
103000120,160,171,-11
103000121,820,1005,-185
103000122,804,727,77
103000125,24,446,-422
103000126,711,11,700
103000127,3,243,-240
103000128,194,10,184
103000129,4,162,-158
103000130,71,65,6
103000131,278,126,152
103000132,175,262,-87
103000133,34,189,-155
103000134,944,1142,-198
103000135,1240,431,809
103000136,1021,545,476
103000137,893,828,65
103000138,1214,934,280
103000139,6,77,-71
103000140,189,35,154
103000141,96,142,-46
103000142,227,119,108
103000143,93,249,-156
103000144,262,112,150
103000145,142,98,44
103000150,128,86,42
103000152,289,335,-46
103000153,257,238,19
103000156,14,495,-481
103000157,514,4,510
103000159,172,80,92
103000162,154,54,100
103000163,41,47,-6
103000164,75,23,52
103000165,170,529,-359
103000166,269,372,-103
103000167,269,144,125
103000168,113,233,-120
103000169,252,669,-417
103000170,869,666,203
103000171,48,123,-75
103000172,731,1035,-304
103000173,593,816,-223
103000174,214,530,-316
103000175,233,536,-303
103000176,1077,784,293
103000177,996,653,343
103000178,499,466,33
103000179,278,66,212
103000183,258,39,219
103000185,132,73,59
103000186,165,303,-138
103000187,650,761,-111
103000188,10,114,-104
103000189,1767,1241,526
103000191,781,907,-126
103000292,2772,2232,540
103000293,1560,2676,-1116
103000295,192,152,40
103000296,518,5,513
103000297,298,118,180
103000504,252,21,231
103000505,11,29,-18
103000506,1,266,-265
103000507,229,1,228
103000508,83,49,34
103000509,263,787,-524
103900001,4,471,-467
103900002,2222,267,1955
103900003,2512,239,2273
103900004,130,30,100
103900005,11,357,-346
103900006,2,2,0
103900007,65,11,54
103900008,21,0,21
103900009,309,676,-367
103900010,199,399,-200
103900011,388,263,125
103900012,8,12,-4
103900013,83,103,-20
103900014,84,32,52
103900015,77,27,50
103900016,278,306,-28
103900017,47,119,-72
103900018,703,253,450
103900019,92,317,-225
103900020,294,578,-284
103900021,1051,134,917
103900022,1204,761,443
103900023,156,2,154
103900024,203,643,-440
103900025,18,54,-36
103900026,248,1,247
103900027,852,410,442
103900028,40,395,-355
103900029,1330,146,1184
103900030,578,90,488
103900031,37,5,32
103900032,88,44,44
103900033,167,14,153
103900034,32,236,-204
103900035,79,81,-2
103900036,51,36,15
103900037,143,61,82
103900038,127,205,-78
103900039,86,547,-461
103900040,5,296,-291
103900041,62,111,-49
103900042,46,445,-399
103900043,164,157,7
103900044,192,302,-110
103900045,319,238,81
103900047,75,46,29
103900048,165,41,124
103900049,281,1720,-1439
103900050,4,131,-127
103900051,0,57,-57
103900052,213,677,-464
103900053,222,1142,-920
103900054,152,686,-534
103900055,591,331,260
103900056,63,42,21
103900057,48,256,-208
103900058,352,1006,-654
103900059,0,19,-19
103900060,60,298,-238
103900061,164,80,84
103900062,493,141,352
103900063,17,0,17
103900064,111,16,95
103900065,1101,532,569
103900066,161,23,138
103900067,184,7,177
103900068,17,0,17
103900069,142,12,130
103900070,187,316,-129
103900071,32,222,-190
103900072,16,327,-311
103900073,50,45,5
103900074,81,128,-47
103900075,158,94,64
103900076,532,878,-346
103900077,103,125,-22
103900078,418,161,257
103900079,198,374,-176
103900080,13,64,-51
103900081,123,32,91
103900082,17,166,-149
103900083,2236,1272,964
103900084,105,231,-126
103900085,101,158,-57
103900086,735,492,243
103900087,23,174,-151
103900088,461,587,-126
103900089,65,159,-94
103900090,9,334,-325
103900091,1536,335,1201
103900092,1440,671,769
103900093,164,431,-267
103900094,23,194,-171
103900095,738,265,473
103900096,39,307,-268
103900097,17,726,-709
103900098,253,168,85
103900099,82,320,-238
103900100,301,539,-238
103900101,103,1488,-1385
103900102,4,41,-37
103900104,1,40,-39
103900105,173,263,-90
103900106,1,57,-56
103900107,123,298,-175
103900108,62,506,-444
103900109,97,146,-49
103900110,372,63,309
103900111,90,919,-829
103900112,92,133,-41
103900113,166,321,-155
103900114,528,463,65
103900115,348,357,-9
103900116,7273,3051,4222
103900117,225,203,22
103900119,76,81,-5
103900120,48,107,-59
103900122,118,382,-264
103900123,1923,789,1134
103900124,30,152,-122
103900125,117,83,34
103900126,595,683,-88
103900127,223,813,-590
103900128,153,241,-88
103900131,42,120,-78
103900133,1171,154,1017
103900134,3,8,-5
103900135,5,10,-5
103900137,0,55,-55
103900138,128,450,-322
103900139,227,2211,-1984
103900140,24,115,-91
103900141,369,83,286
103900142,202,268,-66
103900143,49,7,42
103900144,1,68,-67
103900145,160,421,-261
103900146,380,397,-17
103900147,574,197,377
103900148,228,345,-117
103900149,351,1093,-742
103900150,9498,5286,4212
103900151,76,232,-156
103900152,526,820,-294
103900153,18,1,17
103900154,1547,2267,-720
103900155,67,382,-315
103900156,35,243,-208
103900157,42,354,-312
103900158,130,243,-113
103900159,224,125,99
103900160,74,39,35
103900161,131,314,-183
103900162,72,311,-239
103900163,24,601,-577
103900164,233,31,202
103900167,23,155,-132
103900168,183,161,22
103900169,43,68,-25
103900170,7,161,-154
103900171,4,100,-96
103900172,6,39,-33
103900173,19,20,-1
103900174,209,110,99
103900175,107,142,-35
103900176,22,49,-27
103900177,24,84,-60
103900178,79,117,-38
103900179,50,244,-194
103900180,17,129,-112
103900181,70,53,17
103900182,66,36,30
103900184,680,119,561
103900185,351,439,-88
103900187,64,83,-19
103900188,55,26,29
103900189,113,10,103
103900190,130,89,41
103900191,30,105,-75
103900192,43,104,-61
103900193,181,271,-90
103900194,94,398,-304
103900195,17,99,-82
103900196,57,62,-5
103900197,10,54,-44
103900198,18,96,-78
103900199,266,79,187
103900200,155,194,-39
103900201,193,338,-145
103900202,14,68,-54
103900203,58,26,32
103900204,2,173,-171
103900207,0,215,-215
103900208,109,1,108
103900209,14,158,-144
103900210,55,38,17
103900211,618,610,8
103900212,142,560,-418
103900213,166,357,-191
103900214,430,167,263
103900215,608,414,194
103900216,17,994,-977
103900217,612,125,487
103900218,1,482,-481
103900219,197,496,-299
103900233,195,4,191
103900235,91,21,70
103900236,27,2,25
103900242,9,26,-17
103900243,19,27,-8
103900244,134,363,-229
103900245,165,251,-86
103900246,94,46,48
103900247,39,168,-129
103900248,35,93,-58
103900249,40,65,-25
103900250,59,46,13
103900251,8,32,-24
103900253,71,101,-30
103900254,13,45,-32
103900255,45,34,11
103900256,28,54,-26
103900257,78,213,-135
103900258,82,3,79
103900259,198,15,183
103900261,12,8,4
103900262,55,11,44
103900263,58,146,-88
103900264,123,50,73
103900265,156,55,101
103900266,2,98,-96
103900267,10,59,-49
103900268,2,27,-25
103900269,36,39,-3
103900270,8,31,-23
104000001,2748,2842,-94
104000002,2214,3880,-1666
104000003,3397,3254,143
104000004,4153,3948,205
104000005,1753,2759,-1006
104000006,4134,4048,86
104000007,5868,5392,476
104000008,409,486,-77
104000009,186,199,-13
104000010,204,303,-99
104000011,765,495,270
104000012,226,552,-326
104000013,291,188,103
104000014,415,838,-423
104000015,341,234,107
104000016,628,572,56
104000018,912,205,707
104000019,684,239,445
104000020,276,853,-577
104000021,321,802,-481
104000022,125,377,-252
104000023,948,483,465
104000024,319,497,-178
104000026,71,462,-391
104000027,492,572,-80
104000028,502,325,177
104000029,467,618,-151
104000030,353,313,40
104000031,1191,504,687
104000032,301,431,-130
104000033,664,593,71
104000034,401,465,-64
104000035,941,520,421
104000036,959,714,245
104000037,345,339,6
104000038,434,339,95
104000039,239,335,-96
104000040,431,515,-84
104000041,1193,471,722
104000042,255,543,-288
104000043,501,475,26
104000044,307,979,-672
104000045,1265,1467,-202
104000046,1857,2095,-238
104000047,1371,1695,-324
104000048,1221,2358,-1137
104000049,754,501,253
104000050,338,943,-605
104000051,149,778,-629
104000052,1810,2318,-508
104000053,1357,746,611
104000054,818,598,220
104000055,5005,3460,1545
104000056,1784,313,1471
104000057,174,624,-450
104000058,1127,1088,39
104000059,664,1442,-778
104000060,1415,1628,-213
104000061,1846,1473,373
104000062,361,191,170
104000064,642,434,208
104000065,328,775,-447
104000069,1644,1180,464
104000070,95,682,-587
104000071,198,775,-577
104000072,793,370,423
104000075,140,382,-242
104000076,763,211,552
104000082,2843,4283,-1440
104000083,939,295,644
104000084,169,714,-545
104000085,359,402,-43
104000086,263,504,-241
104000087,642,2154,-1512
104000090,989,1997,-1008
104000092,1278,3382,-2104
104000094,1167,2365,-1198
104000095,2417,2040,377
104000096,2030,467,1563
104000097,1930,1267,663
104000098,2253,1566,687
104000100,1917,941,976
104000101,1453,2800,-1347
104000106,122,763,-641
104000107,847,683,164
104000108,434,774,-340
104000109,404,123,281
104000110,1102,1438,-336
104000111,5995,3193,2802
104000112,3252,785,2467
104000116,3,1727,-1724
104000117,181,973,-792
104000118,676,336,340
104000119,704,393,311
104000120,306,1189,-883
104000121,267,1051,-784
104000122,700,1108,-408
104000123,1200,1547,-347
104000124,1399,3787,-2388
104000125,5762,4963,799
104000126,633,603,30
104000127,2019,4088,-2069
104000128,981,601,380
104000129,601,37,564
104000130,26,422,-396
104000131,892,631,261
104000132,985,800,185
104000133,1491,1202,289
104000134,1252,2333,-1081
104000135,530,2377,-1847
104000136,1154,4890,-3736
104000137,1954,541,1413
104000138,1779,604,1175
104000139,9373,4033,5340
104000141,1455,1855,-400
104000142,745,1073,-328
104000143,723,776,-53
104000144,102,255,-153
104000145,474,237,237
104000146,373,802,-429
104000147,192,463,-271
104000148,365,187,178
104000149,211,409,-198
104000150,1631,648,983
104000151,649,683,-34
104000152,723,964,-241
104000153,712,697,15
104000154,1231,957,274
104000155,464,590,-126
104000157,1435,1856,-421
104000158,929,569,360
104000159,989,625,364
104000160,2173,2457,-284
104000161,303,273,30
104000162,57,193,-136
104000165,1630,1360,270
104000167,728,1160,-432
104000168,667,18,649
104000169,96,60,36
104000170,717,805,-88
104000248,441,992,-551
104000251,78,359,-281
104000272,0,0,0
104000273,0,0,0
104000274,0,0,0
104000275,0,0,0
104000279,937,620,317
104000290,188,402,-214
104000291,824,1646,-822
104000293,953,882,71
104000294,29,0,29
104000295,947,1114,-167
104000296,485,1255,-770
104000297,1035,2511,-1476
104000298,2627,1319,1308
104000299,925,2036,-1111
104900001,187,541,-354
104900002,66,221,-155
104900003,78,449,-371
104900004,134,405,-271
104900005,406,267,139
104900006,340,114,226
104900007,267,298,-31
104900009,176,500,-324
104900010,53,59,-6
104900011,56,6,50
104900012,309,49,260
104900013,218,26,192
104900014,4153,507,3646
104900015,142,8,134
104900016,278,391,-113
104900017,239,301,-62
104900018,17,280,-263
104900019,434,3119,-2685
104900020,103,360,-257
104900021,6,296,-290
104900022,28,145,-117
104900023,3,149,-146
104900024,71,129,-58
104900025,91,449,-358
104900026,2,168,-166
104900027,523,389,134
104900028,19,129,-110
104900029,90,130,-40
104900030,671,339,332
104900031,123,254,-131
104900032,36,195,-159
104900033,178,357,-179
104900034,457,204,253
104900035,330,269,61
104900036,257,156,101
104900037,179,354,-175
104900038,830,1051,-221
104900039,1266,485,781
104900040,464,150,314
104900041,264,250,14
104900042,185,362,-177
104900043,15,174,-159
104900044,585,329,256
104900045,598,69,529
104900046,220,223,-3
104900047,370,210,160
104900048,301,133,168
104900049,45,28,17
104900050,321,197,124
104900051,349,90,259
104900052,73,1,72
104900053,533,143,390
104900054,225,93,132
104900055,161,1,160
104900056,323,19,304
104900057,73,0,73
104900058,1718,533,1185
104900059,179,62,117
104900060,2,641,-639
104900061,369,796,-427
104900063,2,135,-133
104900064,2,136,-134
104900065,1,191,-190
104900066,4,347,-343
104900067,4,445,-441
104900068,30,340,-310
104900070,239,385,-146
104900071,4,854,-850
104900072,102,378,-276
104900073,87,331,-244
104900074,107,300,-193
104900075,131,100,31
104900076,132,449,-317
104900077,1543,309,1234
104900078,218,788,-570
104900079,192,562,-370
104900080,126,654,-528
104900082,12,605,-593
104900085,1,277,-276
104900087,786,11,775
104900089,228,1,227
104900090,1011,793,218
104900091,1114,968,146
104900093,262,735,-473
104900097,3912,2449,1463
104900098,143,39,104
104900099,290,791,-501
104900100,726,421,305
104900102,36,274,-238
104900103,563,137,426
104900104,4355,2413,1942
104900106,105,205,-100
104900107,118,380,-262
104900108,60,356,-296
104900109,127,509,-382
104900110,12,75,-63
104900111,213,220,-7
104900112,357,1100,-743
104900113,705,553,152
104900114,411,828,-417
104900115,749,634,115
104900116,211,338,-127
104900118,39,98,-59
104900119,7,50,-43
104900120,36,248,-212
104900121,3,149,-146
104900122,5,100,-95
104900123,92,20,72
104900124,45,2,43
104900125,712,9,703
104900126,103,91,12
104900127,31,118,-87
104900128,91,333,-242
104900129,3428,2321,1107
105000001,3068,2238,830
105000002,3095,2467,628
105000003,4446,4890,-444
105000004,857,1566,-709
105000005,1241,1485,-244
105000006,1669,1934,-265
105000007,1534,1872,-338
105000008,2624,3743,-1119
105000009,2557,4011,-1454
105000010,4190,3659,531
105000011,3828,3343,485
105000012,5978,4404,1574
105000013,1169,1431,-262
105000014,2542,3270,-728
105000015,13069,15698,-2629
105000016,4903,3072,1831
105000017,2677,1331,1346
105000018,2036,2090,-54
105000019,2639,1369,1270
105000020,303,548,-245
105000021,550,139,411
105000022,362,100,262
105000023,781,511,270
105000028,104,146,-42
105000029,767,1514,-747
105000030,5610,4232,1378
105000033,1633,2720,-1087
105000034,280,1116,-836
105000037,935,567,368
105000038,3025,2311,714
105000039,4006,2970,1036
105000040,1355,1412,-57
105000041,1122,1969,-847
105000042,5955,2009,3946
105000043,3075,3464,-389
105000044,747,569,178
105000045,522,1326,-804
105000046,1239,532,707
105000047,717,2192,-1475
105000048,799,306,493
105000049,343,923,-580
105000050,847,491,356
105000051,368,643,-275
105000052,790,1250,-460
105000053,277,241,36
105000054,543,1317,-774
105000055,1228,511,717
105000056,2040,3648,-1608
105000057,1646,1264,382
105000058,2026,1942,84
105000059,966,995,-29
105000060,652,904,-252
105000061,702,846,-144
105000062,1158,1358,-200
105000063,500,848,-348
105000064,1457,1143,314
105000065,468,1108,-640
105000066,1562,2597,-1035
105000067,1588,1061,527
105000068,865,1198,-333
105000069,3456,1839,1617
105000070,1186,1055,131
105000071,351,948,-597
105000072,804,2154,-1350
105000073,1032,837,195
105000074,1601,1244,357
105000075,905,1087,-182
105000076,1729,1346,383
105000077,3846,1267,2579
105000078,1971,1632,339
105000079,2233,3434,-1201
105000080,2713,1959,754
105000081,3965,1423,2542
105000082,1650,1496,154
105000083,4884,2920,1964
105000084,1162,1409,-247
105000085,2352,1822,530
105000086,777,1378,-601
105000087,2494,2692,-198
105000088,2326,2090,236
105000089,4819,2996,1823
105000090,1445,1092,353
105000091,2339,2134,205
105000092,1284,1352,-68
105000093,525,312,213
105000094,379,340,39
105000095,117,642,-525
105000096,2001,1105,896
105000097,1746,924,822
105000098,1553,1000,553
105000099,1673,1033,640
105000100,1605,1566,39
105000101,2857,2791,66
105000102,4219,2025,2194
105000103,2782,3272,-490
105000104,2883,1282,1601
105000105,1756,2986,-1230
105000106,2291,3023,-732
105000107,1577,1554,23
105000108,1891,2713,-822
105000109,1942,2935,-993
105000110,798,1021,-223
105000111,770,1045,-275
105000112,1275,1198,77
105000113,482,886,-404
105000114,4487,1750,2737
105000115,337,1214,-877
105000116,938,801,137
105000117,995,1537,-542
105000118,698,785,-87
105000119,913,1857,-944
105000120,1328,1025,303
105000121,1170,1900,-730
105000122,511,867,-356
105000123,1635,2054,-419
105000124,2176,1266,910
105000125,1146,2806,-1660
105000126,2590,2612,-22
105000127,3296,3038,258
105000128,1084,1814,-730
105000129,1143,439,704
105000130,343,2511,-2168
105000131,1154,535,619
105000132,1115,681,434
105000133,638,1430,-792
105000134,893,671,222
105000135,584,1001,-417
105000136,77,203,-126
105000137,341,507,-166
105000138,58,146,-88
105000139,1432,1434,-2
105000140,210,708,-498
105000141,346,865,-519
105000142,172,599,-427
105000143,325,927,-602
105000144,419,1038,-619
105000145,725,640,85
105000146,710,1160,-450
105000147,730,564,166
105000148,1760,784,976
105000149,2823,2856,-33
105000150,2846,2455,391
105000151,763,578,185
105000152,187,747,-560
105000153,697,979,-282
105000154,847,924,-77
105000155,651,1412,-761
105000156,1399,1115,284
105000157,1350,2537,-1187
105000158,2613,1213,1400
105000159,341,1568,-1227
105000160,2088,871,1217
105000161,855,1763,-908
105000162,839,2291,-1452
105000163,1853,1373,480
105000164,288,469,-181
105000165,1938,6656,-4718
105000166,8889,1134,7755
105000167,3686,2010,1676
105000168,437,1063,-626
105000169,543,675,-132
105000170,229,1873,-1644
105000171,1746,490,1256
105000172,181,82,99
105000173,213,101,112
105000174,143,83,60
105000175,137,196,-59
105000176,404,198,206
105000177,330,277,53
105000178,213,949,-736
105000179,539,284,255
105000180,204,176,28
105000181,130,587,-457
105000182,96,96,0
105000183,3654,2245,1409
105000184,2056,1369,687
105000185,2538,1141,1397
105000186,931,1142,-211
105000187,1431,337,1094
105000188,686,185,501
105000189,407,661,-254
105000190,479,652,-173
105000191,466,403,63
105000192,475,95,380
105000193,155,212,-57
105000194,305,136,169
105000195,460,1211,-751
105000196,38,202,-164
105000197,330,805,-475
105000198,754,535,219
105000199,402,687,-285
105000200,271,337,-66
105000201,182,55,127
105000203,13,225,-212
105000204,130,141,-11
105000205,142,284,-142
105000207,1056,292,764
105000208,408,713,-305
105000209,306,458,-152
105000212,1470,1942,-472
105000213,281,335,-54
105000214,281,491,-210
105000215,312,329,-17
105000216,169,660,-491
105000217,189,539,-350
105000218,1330,1562,-232
105000221,213,354,-141
105000222,474,74,400
105000223,409,204,205
105000226,97,464,-367
105000227,112,296,-184
105000228,390,1868,-1478
105000229,227,526,-299
105000231,312,386,-74
105000233,1003,940,63
105000234,915,1786,-871
105000235,515,946,-431
105000237,937,141,796
105000243,39,300,-261
105000248,144,124,20
105000262,411,1950,-1539
105000269,151,275,-124
105000270,443,96,347
105000271,0,348,-348
105000282,128,76,52
105000287,468,179,289
105000288,739,651,88
105000289,3616,2251,1365
105000290,41,8,33
105000402,5541,4452,1089
105000426,803,747,56
105000438,4393,1567,2826
105000446,18643,7814,10829
105000447,11129,4424,6705
105000454,489,702,-213
105000455,421,308,113
105000474,47,6,41
105000477,386,577,-191
105000478,2531,4760,-2229
105000479,251,175,76
105000480,8345,5485,2860
105000481,4918,3779,1139
105000482,8059,7703,356
105000483,1701,2204,-503
105000484,3311,4080,-769
105000485,2271,3096,-825
105000486,7220,3855,3365
105000488,10407,6901,3506
105000489,1083,1279,-196
105000549,122,221,-99
105000550,762,2079,-1317
105000551,41,163,-122
105000552,4448,2693,1755
105900001,18,1667,-1649
105900002,2053,863,1190
105900003,5,131,-126
105900004,668,176,492
105900005,7,441,-434
105900006,19,118,-99
105900007,273,30,243
105900008,79,806,-727
105900009,69,33,36
105900011,561,49,512
105900012,950,158,792
105900013,12,64,-52
105900014,17,138,-121
105900015,233,492,-259
105900016,619,897,-278
105900017,1588,89,1499
105900018,244,339,-95
105900019,82,735,-653
105900020,50,97,-47
105900021,66,501,-435
105900022,429,402,27
105900023,6,185,-179
105900024,40,259,-219
105900025,229,57,172
105900026,370,40,330
105900027,9364,13077,-3713
105900028,402,344,58
105900029,2354,471,1883
105900030,324,339,-15
105900031,558,282,276
105900032,80,241,-161
105900033,173,180,-7
105900034,308,352,-44
105900035,420,239,181
105900036,76,200,-124
105900037,95,84,11
105900038,190,422,-232
105900039,125,167,-42
105900040,98,118,-20
105900041,162,398,-236
105900042,97,176,-79
105900043,2483,88,2395
105900044,7,364,-357
105900045,15,1285,-1270
105900046,2,301,-299
105900047,18,45,-27
105900048,135,964,-829
105900050,10571,2938,7633
105900051,23,1655,-1632
105900052,745,423,322
105900053,5576,3405,2171
105900054,590,390,200
105900056,942,404,538
105900057,52,249,-197
105900058,10,25,-15
105900059,0,35,-35
106000001,5698,2941,2757
106000002,3515,6758,-3243
106000003,4336,4654,-318
106000004,2562,3621,-1059
106000005,3459,7839,-4380
106000006,7679,6503,1176
106000007,547,709,-162
106000008,517,418,99
106000009,562,519,43
106000010,702,749,-47
106000011,996,1512,-516
106000012,1050,2040,-990
106000013,2092,2817,-725
106000014,2291,2373,-82
106000015,1681,1806,-125
106000016,1631,3214,-1583
106000017,753,871,-118
106000018,813,747,66
106000019,347,608,-261
106000020,309,612,-303
106000021,305,626,-321
106000022,447,396,51
106000023,699,423,276
106000024,879,944,-65
106000025,114,299,-185
106000026,160,354,-194
106000027,1467,1974,-507
106000028,667,793,-126
106000029,1248,1475,-227
106000030,996,540,456
106000034,368,827,-459
106000035,1214,2232,-1018
106000036,360,587,-227
106000037,2646,2017,629
106000038,659,154,505
106000039,269,127,142
106000040,208,1145,-937
106000041,1136,628,508
106000043,753,243,510
106000046,591,90,501
106000047,61,662,-601
106000049,1002,257,745
106000050,523,1152,-629
106000051,696,538,158
106000052,142,933,-791
106000053,288,163,125
106000054,500,667,-167
106000055,1142,1467,-325
106000056,319,562,-243
106000057,316,365,-49
106000058,193,314,-121
106000059,393,408,-15
106000060,466,736,-270
106000061,222,683,-461
106000062,201,879,-678
106000063,840,612,228
106000064,46,545,-499
106000065,409,350,59
106000066,169,495,-326
106000067,550,155,395
106000068,69,766,-697
106000069,267,103,164
106000070,517,1138,-621
106000071,1147,495,652
106000072,4630,2222,2408
106000073,2538,3787,-1249
106000074,654,903,-249
106000075,413,1826,-1413
106000076,2051,3064,-1013
106000077,4498,1897,2601
106000078,1116,1337,-221
106000079,714,1473,-759
106000080,1766,939,827
106000081,799,1596,-797
106000082,3128,1206,1922
106000083,414,2273,-1859
106000084,1252,896,356
106000085,2026,2263,-237
106000086,823,1126,-303
106000087,1024,643,381
106000088,422,1043,-621
106000089,1199,492,707
106000090,311,899,-588
106000091,346,785,-439
106000092,857,385,472
106000093,348,200,148
106000094,134,425,-291
106000095,770,1259,-489
106000096,1045,928,117
106000097,1211,1476,-265
106000098,902,1430,-528
106000099,301,1435,-1134
106000100,1721,364,1357
106000101,2267,505,1762
106000102,469,1352,-883
106000103,381,860,-479
106000104,1078,576,502
106000105,663,1011,-348
106000106,712,692,20
106000107,137,466,-329
106000108,305,465,-160
106000109,187,376,-189
106000110,211,374,-163
106000111,289,572,-283
106000112,215,611,-396
106000113,1197,772,425
106000114,540,714,-174
106000115,279,675,-396
106000116,253,292,-39
106000117,1294,1001,293
106000118,1447,1865,-418
106000119,2194,1503,691
106000120,1125,1395,-270
106000121,242,222,20
106000122,95,417,-322
106000123,455,291,164
106000124,66,392,-326
106000125,26,469,-443
106000126,270,163,107
106000127,936,1243,-307
106000128,833,266,567
106000129,490,903,-413
106000130,786,434,352
106000131,146,965,-819
106000132,730,211,519
106000133,3926,1659,2267
106000134,889,2586,-1697
106000135,345,921,-576
106000136,672,1087,-415
106000137,109,1490,-1381
106000138,1196,110,1086
106000139,58,194,-136
106000140,77,114,-37
106000141,103,126,-23
106000142,108,135,-27
106000143,170,154,16
106000144,42,86,-44
106000145,300,454,-154
106000146,377,236,141
106000147,712,721,-9
106000148,880,1180,-300
106000149,682,478,204
106000150,585,2423,-1838
106000151,5614,1136,4478
106000152,2079,2618,-539
106000153,133,2609,-2476
106000154,1932,331,1601
106000155,130,330,-200
106000156,978,473,505
106000157,928,2559,-1631
106000158,3464,1208,2256
106000159,4949,2583,2366
106000160,492,3294,-2802
106000161,1997,601,1396
106000162,292,1078,-786
106000163,432,647,-215
106000164,465,536,-71
106000165,251,836,-585
106000166,911,390,521
106000167,502,1650,-1148
106000168,508,369,139
106000169,251,862,-611
106000170,904,332,572
106000171,238,1414,-1176
106000172,3690,1918,1772
106000173,1401,3770,-2369
106000174,1271,555,716
106000175,371,1468,-1097
106000176,2133,1021,1112
106000177,1099,3379,-2280
106000178,4049,2356,1693
106000179,1560,3405,-1845
106000180,1152,2106,-954
106000181,898,2396,-1498
106000182,1236,1084,152
106000183,1435,1113,322
106000184,2953,1077,1876
106000185,1976,1643,333
106000186,1242,258,984
106000187,357,1498,-1141
106000188,2,6,-4
106000189,9,63,-54
106000190,27,1,26
106000191,821,303,518
106000192,13,46,-33
106000193,578,295,283
106000194,266,640,-374
106000195,1305,334,971
106000196,383,820,-437
106000197,717,435,282
106000198,259,468,-209
106000199,1243,1382,-139
106000200,461,322,139
106000201,691,3829,-3138
106000202,7236,965,6271
106000203,139,271,-132
106000204,109,7,102
106000205,47,183,-136
106000206,130,24,106
106000207,42,1147,-1105
106000208,1328,216,1112
106000209,1687,513,1174
106000210,475,1625,-1150
106000211,482,1725,-1243
106000212,975,479,496
106000213,1126,2170,-1044
106000214,3600,902,2698
106000215,461,616,-155
106000216,510,547,-37
106000217,343,633,-290
106000218,546,518,28
106000219,195,419,-224
106000220,554,412,142
106000221,156,449,-293
106000222,81,153,-72
106000223,227,144,83
106000224,227,360,-133
106000225,86,155,-69
106000226,142,405,-263
106000228,54,123,-69
106000229,135,899,-764
106000231,1001,194,807
106000232,82,422,-340
106000233,956,147,809
106000234,244,215,29
106000235,1102,110,992
106000236,428,78,350
106000237,4,27,-23
106000238,71,24,47
106000239,4,171,-167
106000240,73,11,62
106000241,29,965,-936
106000242,416,43,373
106000249,54,145,-91
106000250,75,793,-718
106000251,165,61,104
106000252,43,127,-84
106000253,61,109,-48
106000254,61,64,-3
106000255,40,207,-167
106000256,76,112,-36
106000257,174,330,-156
106000258,596,26,570
106000259,15,81,-66
106000260,34,3,31
106000261,5,82,-77
106000262,159,14,145
106000263,34,98,-64
106000264,332,14,318
106000265,23,216,-193
106000266,187,30,157
106000267,8,138,-130
106000268,698,71,627
106000269,70,94,-24
106000270,206,740,-534
106000271,119,331,-212
106000272,308,62,246
106000273,10,351,-341
106000274,250,58,192
106000275,162,319,-157
106000276,222,73,149
106000277,180,276,-96
106000278,289,67,222
106000279,33,42,-9
106000280,126,140,-14
106000281,93,91,2
106000282,96,75,21
106000283,162,89,73
106000284,86,155,-69
106000285,158,136,22
106000286,102,216,-114
106000287,126,113,13
106000288,109,187,-78
106000289,99,96,3
106000290,64,135,-71
106000291,135,140,-5
106000292,82,174,-92
106000293,166,143,23
106000294,146,191,-45
106000295,45,90,-45
106000296,90,160,-70
106000297,88,275,-187
106000298,193,105,88
106000299,91,260,-169
106000300,62,137,-75
106000301,97,147,-50
106000303,42,134,-92
106000304,30,46,-16
106000305,38,60,-22
106000306,35,74,-39
106000307,62,31,31
106000308,43,167,-124
106000309,23,98,-75
106000310,324,747,-423
106000311,469,243,226
106000312,131,225,-94
106000313,178,299,-121
106000318,219,509,-290
106000319,1236,261,975
106000320,12,86,-74
106000321,545,144,401
106000322,150,251,-101
106000324,8,165,-157
106000325,1879,1169,710
106000326,1245,2517,-1272
106000327,150,164,-14
106000328,26,189,-163
106000329,147,435,-288
106000330,76,87,-11
106000428,106,196,-90
106000429,191,527,-336
106000430,439,1587,-1148
106000431,2632,420,2212
106000432,2264,3709,-1445
106000433,2405,1569,836
106000434,4310,2098,2212
106000435,2440,3576,-1136
106000436,21,446,-425
106000437,376,46,330
106000438,884,259,625
106000439,106,617,-511
106000440,443,751,-308
106000441,2,0,2
106000442,199,5,194
106000443,182,536,-354
106000450,4,234,-230
106000451,35,54,-19
106000454,8,256,-248
106000455,11,251,-240
106000456,222,49,173
106000457,31,1494,-1463
106000458,777,205,572
106000459,200,658,-458
106000460,1599,50,1549
106000461,112,2168,-2056
106000462,0,34,-34
106000463,5,45,-40
106000464,3,750,-747
106000465,708,4,704
106000466,13,968,-955
106000467,634,875,-241
106000468,117,305,-188
106000469,283,5,278
106000470,295,2435,-2140
106000471,45,923,-878
106000472,192,14,178
106000473,35,15,20
106000474,441,761,-320
106000475,315,248,67
106000476,222,193,29
106000477,18,72,-54
106900001,1,13,-12
106900002,3,704,-701
106900003,334,2150,-1816
106900004,3,70,-67
106900006,0,17,-17
106900007,0,26,-26
106900008,447,389,58
106900009,369,526,-157
106900010,290,482,-192
106900012,2680,3359,-679
106900013,971,197,774
106900014,39,3,36
106900015,23,0,23
106900016,318,9,309
106900017,6,1,5
106900018,3,0,3
106900019,38,4,34
106900020,4400,1673,2727
106900021,106,84,22
106900022,825,5,820
106900023,92,406,-314
106900024,1163,61,1102
106900025,100,951,-851
106900026,4,837,-833
106900027,968,8,960
107000001,5752,4473,1279
107000002,5413,6958,-1545
107000003,6470,8419,-1949
107000004,7980,8084,-104
107000005,4939,7019,-2080
107000006,6763,7837,-1074
107000007,7138,14243,-7105
107000008,17784,13442,4342
107000009,8526,9514,-988
107000010,16197,15682,515
107000011,1426,2017,-591
107000012,6054,5039,1015
107000013,63,158,-95
107000014,41,336,-295
107000015,629,1013,-384
107000016,836,1238,-402
107000017,8998,2291,6707
107000018,164,1577,-1413
107000020,6463,1697,4766
107000021,2338,889,1449
107000022,2570,2356,214
107000023,2710,457,2253
107000024,862,2272,-1410
107000025,314,661,-347
107000026,307,878,-571
107000027,1628,1795,-167
107000028,1806,2376,-570
107000029,3764,3557,207
107000030,4352,5049,-697
107000031,4491,3599,892
107000032,816,1460,-644
107000033,4784,8717,-3933
107000034,6433,2839,3594
107000035,445,409,36
107000036,602,1869,-1267
107000037,106,1150,-1044
107000038,388,396,-8
107000039,977,1117,-140
107000040,253,526,-273
107000041,2326,1060,1266
107000042,1174,2705,-1531
107000043,3789,1463,2326
107000044,759,474,285
107000045,196,428,-232
107000046,1122,585,537
107000047,638,1221,-583
107000048,860,449,411
107000049,775,1109,-334
107000050,1497,783,714
107000051,658,537,121
107000052,1522,1360,162
107000053,613,338,275
107000054,84,398,-314
107000055,179,128,51
107000056,553,1349,-796
107000057,1914,312,1602
107000058,2566,2981,-415
107000059,3166,5185,-2019
107000060,5031,7311,-2280
107000061,7506,5654,1852
107000062,4524,3937,587
107000063,5335,7687,-2352
107000064,5986,3176,2810
107000065,6354,6967,-613
107000066,2895,3919,-1024
107000067,1580,1649,-69
107000068,2262,948,1314
107000069,980,647,333
107000070,1236,15,1221
107000071,3550,88,3462
107000072,81,4162,-4081
107000073,980,373,607
107000074,196,1460,-1264
107000075,2075,604,1471
107000076,1041,2255,-1214
107000077,3769,1490,2279
107000078,3222,4957,-1735
107000079,3393,1110,2283
107000080,1798,5090,-3292
107000081,1966,919,1047
107000082,764,2731,-1967
107000083,1559,629,930
107000084,610,3018,-2408
107000085,3602,4485,-883
107000086,4699,4957,-258
107000087,3391,2811,580
107000088,3968,4963,-995
107000089,1769,2644,-875
107000090,1543,1588,-45
107000091,1474,1230,244
107000092,985,1548,-563
107000093,1267,1196,71
107000094,1444,1708,-264
107000095,1016,859,157
107000096,796,1492,-696
107000097,1269,281,988
107000098,733,549,184
107000099,788,445,343
107000100,424,399,25
107000101,137,277,-140
107000102,608,479,129
107000103,517,302,215
107000104,259,445,-186
107000105,390,204,186
107000106,356,441,-85
107000107,757,297,460
107000108,272,915,-643
107000109,915,284,631
107000110,127,671,-544
107000111,428,53,375
107000112,67,457,-390
107000113,873,173,700
107000114,128,803,-675
107000115,594,209,385
107000116,128,1217,-1089
107000117,124,669,-545
107000118,173,348,-175
107000119,2222,2225,-3
107000120,2097,653,1444
107000121,817,985,-168
107000122,1404,1402,2
107000123,450,1026,-576
107000124,683,1270,-587
107000125,867,1057,-190
107000126,1146,1103,43
107000127,55,507,-452
107000129,1153,269,884
107000130,1114,391,723
107000131,713,530,183
107000132,1016,501,515
107000133,1241,179,1062
107000134,479,3,476
107000135,12,382,-370
107000136,1048,13,1035
107000137,15,535,-520
107000138,521,59,462
107000139,32,606,-574
107000140,2322,175,2147
107000141,224,1135,-911
107000142,517,187,330
107000143,87,1088,-1001
107000144,624,720,-96
107000145,229,846,-617
107000146,254,541,-287
107000147,4040,1307,2733
107000150,1131,4635,-3504
107000151,84,138,-54
107000152,770,1375,-605
107000153,314,573,-259
107000154,374,280,94
107000155,1478,54,1424
107000156,1472,38,1434
107000157,109,2696,-2587
107000158,681,29,652
107000159,46,1529,-1483
107000160,1006,274,732
107000161,128,2351,-2223
107000162,243,794,-551
107000163,375,11,364
107000164,754,4,750
107000165,949,15,934
107000166,88,1865,-1777
107000167,697,303,394
107000168,1088,650,438
107000169,1104,1187,-83
107000170,2524,1142,1382
107000171,953,3349,-2396
107000172,1285,1709,-424
107000173,865,1679,-814
107000174,1247,7009,-5762
107000175,11082,2688,8394
107000176,1,2,-1
107000177,20,4,16
107000178,14,43,-29
107000179,389,3326,-2937
107000180,1398,514,884
107000181,503,1635,-1132
107000182,1893,1348,545
107000183,187,1280,-1093
107000184,1081,903,178
107000185,695,2085,-1390
107000186,1577,580,997
107000187,1605,1810,-205
107000188,694,879,-185
107000189,492,1405,-913
107000190,741,1139,-398
107000191,828,1432,-604
107000192,2099,1207,892
107000193,487,695,-208
107000194,1157,1079,78
107000197,1181,386,795
107000198,356,999,-643
107000199,872,1164,-292
107000200,1175,968,207
107000201,500,333,167
107000202,328,761,-433
107000203,1695,885,810
107000204,2611,897,1714
107000205,3215,1482,1733
107000206,1584,1768,-184
107000207,1058,1548,-490
107000208,1957,703,1254
107000209,3269,1659,1610
107000210,1229,473,756
107000211,8,46,-38
107000212,27,549,-522
107000213,14,46,-32
107000214,18,262,-244
107000215,696,677,19
107000216,593,589,4
107000217,218,203,15
107000219,125,170,-45
107000220,238,308,-70
107000222,316,1228,-912
107000224,689,96,593
107000225,401,789,-388
107000226,569,126,443
107000227,164,433,-269
107000228,116,289,-173
107000229,377,275,102
107000230,1483,681,802
107000231,2476,1646,830
107000232,147,90,57
107000233,1901,1071,830
107000234,1,70,-69
107000235,89,6,83
107000236,20,1126,-1106
107000237,20,0,20
107000238,29,1,28
107000239,5440,717,4723
107000240,92,1520,-1428
107000241,133,31,102
107000242,590,55,535
107000243,0,69,-69
107000244,9,91,-82
107000246,5,1575,-1570
107000249,2,1448,-1446
107000251,1,400,-399
107000252,9,1503,-1494
107000255,752,146,606
107000257,2,602,-600
107000258,3,189,-186
107000259,7,266,-259
107000260,672,10,662
107000262,5,776,-771
107000263,296,15,281
107000266,11,19,-8
107000267,95,212,-117
107000268,194,263,-69
107000269,1163,63,1100
107000270,2,22,-20
107000271,22,1023,-1001
107000272,42,218,-176
107000273,12,318,-306
107000274,5139,512,4627
107000275,314,1391,-1077
107000280,862,52,810
107000281,68,1345,-1277
107000282,89,1333,-1244
107000290,10,43,-33
107000291,31,27,4
107000292,2,94,-92
107000293,247,2,245
107000294,0,43,-43
107000295,60,3,57
107000296,0,19,-19
107000444,457,9,448
107000496,1,19,-18
107000497,1997,3463,-1466
107000500,454,389,65
107000501,203,268,-65
107000502,265,416,-151
107000505,617,1198,-581
107000506,2,69,-67
107000508,13,839,-826
107000509,285,1405,-1120
107000510,34,39,-5
107000514,74,479,-405
107000515,32,337,-305
107000516,338,416,-78
107000518,1332,1515,-183
107000519,3282,1512,1770
107000520,66,39,27
107900001,42,235,-193
107900002,53,7,46
107900003,233,17,216
107900004,113,2,111
107900005,1672,4,1668
107900006,302,3,299
107900007,432,55,377
107900008,145,64,81
107900009,311,10,301
107900010,14,2,12
107900012,417,20,397
107900013,372,70,302
107900014,67,5,62
107900015,1143,22,1121
107900016,762,148,614
107900017,51,3,48
107900018,72,189,-117
107900019,25,57,-32
107900020,162,23,139
107900021,79,171,-92
107900023,4,1,3
107900024,0,72,-72
107900025,218,365,-147
107900026,83,111,-28
107900027,94,97,-3
107900028,68,99,-31
107900030,212,21,191
107900031,131,244,-113
107900032,42,3,39
107900033,25,7,18
107900034,460,27,433
107900035,894,124,770
107900036,81,22,59
107900037,2,74,-72
107900038,171,283,-112
107900039,55,76,-21
107900040,113,384,-271
107900041,2,3,-1
107900043,47,268,-221
107900044,33,11,22
107900045,138,50,88
107900046,212,233,-21
107900047,25,157,-132
107900048,228,9,219
107900049,457,2236,-1779
107900050,165,516,-351
107900051,147,104,43
107900052,31,48,-17
107900053,45,173,-128
107900055,1015,427,588
107900056,253,64,189
107900057,1,0,1
107900058,75,1022,-947
107900060,76,68,8
107900061,16,8,8
107900063,130,189,-59
107900064,452,150,302
107900065,183,13,170
107900066,29,10,19
107900067,2,0,2
107900068,274,372,-98
107900069,41,2115,-2074
107900070,164,65,99
107900071,54,1333,-1279
107900072,110,272,-162
107900073,188,138,50
107900074,1061,317,744
107900076,166,84,82
107900077,51,5,46
107900078,260,47,213
107900079,18,26,-8
107900080,386,378,8
107900081,46,169,-123
107900082,32,14,18
107900083,608,264,344
107900084,153,178,-25
107900086,55,199,-144
107900087,927,164,763
107900088,28,8,20
107900089,388,1488,-1100
107900090,1026,3519,-2493
107900091,317,726,-409
107900092,2816,721,2095
107900093,130,106,24
107900095,4683,2787,1896
107900097,43,125,-82
107900098,71,251,-180
107900100,1416,1532,-116
107900101,1581,290,1291
107900102,45,12,33
107900103,74,230,-156
107900104,345,6,339
107900105,0,595,-595
107900106,3,1959,-1956
107900107,2044,707,1337
107900108,515,222,293
107900109,1365,15,1350
107900110,47,148,-101
107900111,7,1221,-1214
107900112,99,519,-420
107900113,249,207,42
107900114,188,244,-56
107900115,7,43,-36
107900116,188,276,-88
107900117,649,650,-1
107900118,130,205,-75
107900119,57,383,-326
107900120,32,28,4
107900121,5,327,-322
107900122,7,115,-108
107900123,5,53,-48
107900124,37,47,-10
107900125,57,260,-203
107900126,9,63,-54
107900127,695,368,327
107900128,137,98,39
107900129,58,56,2
107900130,77,44,33
107900131,953,298,655
107900132,164,616,-452
107900133,1,116,-115
107900134,30,56,-26
107900135,9,234,-225
107900136,75,80,-5
107900137,233,193,40
107900138,52,82,-30
107900139,55,88,-33
107900140,135,72,63
107900141,114,64,50
107900142,156,1342,-1186
107900143,107,42,65
107900144,4,208,-204
107900145,24,156,-132
107900146,85,207,-122
107900147,98,81,17
107900148,204,188,16
107900149,1728,324,1404
107900150,109,1053,-944
107900151,58,214,-156
107900152,16,343,-327
107900153,185,434,-249
107900154,59,34,25
107900155,66,85,-19
107900156,17,391,-374
107900157,36,61,-25
107900158,890,38,852
107900159,44,1306,-1262
107900160,138,202,-64
107900161,30,245,-215
107900162,0,236,-236
107900163,188,231,-43
107900164,8,43,-35
107900165,51,147,-96
107900166,17,287,-270
107900167,101,31,70
107900168,28,40,-12
107900169,0,291,-291
107900171,21,2121,-2100
107900172,1,445,-444
107900173,11,241,-230
107900174,171,8,163
107900175,56,31,25
107900176,49,52,-3
107900177,3,307,-304
107900178,1,261,-260
107900179,44,172,-128
107900180,1053,601,452
107900181,558,325,233
107900182,18,1967,-1949
107900183,26,406,-380
107900184,176,419,-243
107900185,137,7,130
107900186,20,56,-36
107900187,0,218,-218
107900188,1033,213,820
107900189,40,162,-122
107900190,104,138,-34
107900191,75,171,-96
107900193,38,106,-68
107900194,301,20,281
107900195,4218,691,3527
107900196,89,130,-41
107900197,1397,410,987
107900199,2,1219,-1217
107900201,106,145,-39
107900203,40,114,-74
107900204,257,377,-120
107900205,268,503,-235
107900206,1203,245,958
107900207,6,659,-653
107900208,11,858,-847
107900209,535,173,362
107900210,109,152,-43
107900213,1153,905,248
107900214,26,174,-148
107900215,240,396,-156
107900216,209,136,73
107900217,91,114,-23
107900218,45,2063,-2018
107900219,38,164,-126
107900220,339,375,-36
107900221,277,294,-17
107900223,114,858,-744
107900224,170,413,-243
107900225,11,941,-930
107900226,94,223,-129
107900227,173,649,-476
107900228,40,139,-99
107900229,3,406,-403
107900230,14,153,-139
107900231,18,305,-287
107900232,71,246,-175
107900233,6,224,-218
107900234,129,181,-52
107900235,49,152,-103
107900236,131,126,5
107900237,86,620,-534
107900238,28,153,-125
107900239,1297,562,735
107900240,44,179,-135
107900241,21,138,-117
107900242,39,339,-300
107900243,4,88,-84
107900244,412,1,411
107900245,658,66,592
107900246,437,31,406
107900248,530,712,-182
107900249,785,34,751
107900250,2,768,-766
107900251,71,1723,-1652
107900252,1170,37,1133
107900253,179,12,167
107900254,114,660,-546
107900255,494,135,359
107900256,2560,1399,1161
107900257,265,176,89
107900258,131,355,-224
107900259,148,2392,-2244
107900261,20,854,-834
107900262,66,172,-106
107900264,364,6,358
107900265,249,263,-14
107900267,190,12,178
107900268,69,17,52
107900269,0,9,-9
107900270,0,0,0
107900271,13,16,-3
107900272,221,15,206
107900273,56,92,-36
107900274,57,0,57
107900275,36,0,36
107900276,1,109,-108
107900277,0,272,-272
107900278,302,512,-210
107900279,183,234,-51
107900280,2380,3189,-809
107900281,3105,3140,-35
107900282,84,523,-439
107900283,1978,750,1228
107900284,737,1014,-277
107900285,127,142,-15
107900286,215,131,84
107900287,186,286,-100
107900290,0,121,-121
107900291,525,13,512
107900292,191,372,-181
107900293,82,649,-567
107900295,89,118,-29
107900297,1,494,-493
107900298,1245,1219,26
107900299,4234,3063,1171
107900300,91,348,-257
107900301,1190,746,444
107900302,111,57,54
107900303,282,523,-241
107900304,249,720,-471
107900305,418,27,391
107900306,15,19,-4
107900307,55,281,-226
107900308,142,125,17
107900309,251,1,250
107900310,558,6,552
107900311,9,271,-262
107900312,125,4,121
107900313,2,206,-204
107900314,3,62,-59
107900315,2,108,-106
107900316,131,4,127
107900317,231,45,186
107900318,30,245,-215
107900319,11,398,-387
107900320,3,227,-224
107900321,156,4,152
107900322,16,202,-186
107900323,19,270,-251
107900324,147,6,141
107900325,82,0,82
107900326,687,369,318
107900327,2,81,-79
107900328,288,3,285
107900329,324,132,192
107900330,8,533,-525
107900331,161,33,128
107900332,254,75,179
107900333,70,24,46
107900334,24,244,-220
107900335,81,74,7
107900336,69,58,11
107900337,1813,959,854
107900338,8,252,-244
107900339,2,49,-47
107900340,2,76,-74
107900341,94,1,93
107900342,156,136,20
107900343,178,4,174
107900344,17,131,-114
107900345,170,53,117
107900346,30,2,28
107900347,28,0,28
107900348,6,2,4
107900349,19,5,14
107900350,52,346,-294
108000001,3162,4750,-1588
108000002,2815,4138,-1323
108000003,4625,3558,1067
108000004,19044,22762,-3718
108000005,9583,6772,2811
108000006,11046,10307,739
108000007,5998,5197,801
108000008,6314,8917,-2603
108000009,4325,5311,-986
108000010,4677,6910,-2233
108000011,14667,14045,622
108000012,23868,24160,-292
108000014,1389,887,502
108000015,747,362,385
108000016,396,801,-405
108000017,1136,535,601
108000018,2098,853,1245
108000019,3566,1207,2359
108000020,1716,648,1068
108000021,556,2425,-1869
108000022,660,1952,-1292
108000023,1320,299,1021
108000024,333,797,-464
108000025,356,429,-73
108000026,569,576,-7
108000027,749,637,112
108000028,559,374,185
108000029,555,699,-144
108000030,1096,336,760
108000031,442,889,-447
108000032,1579,789,790
108000033,899,1552,-653
108000034,1931,670,1261
108000035,1139,3440,-2301
108000036,405,1598,-1193
108000037,1761,578,1183
108000038,2658,742,1916
108000039,712,2953,-2241
108000040,2049,1203,846
108000041,944,3670,-2726
108000042,312,331,-19
108000043,291,449,-158
108000044,540,265,275
108000045,399,982,-583
108000046,1594,416,1178
108000047,622,1536,-914
108000048,252,594,-342
108000049,1198,381,817
108000050,131,568,-437
108000051,289,151,138
108000052,323,952,-629
108000053,450,250,200
108000054,714,1487,-773
108000055,1409,582,827
108000056,1261,1568,-307
108000057,894,1337,-443
108000058,2207,4376,-2169
108000059,4354,2831,1523
108000060,218,519,-301
108000061,215,356,-141
108000062,786,795,-9
108000063,548,829,-281
108000064,216,329,-113
108000065,797,937,-140
108000066,2074,1146,928
108000067,2101,863,1238
108000068,876,468,408
108000069,300,1510,-1210
108000070,1946,883,1063
108000071,853,2202,-1349
108000072,1841,1461,380
108000073,1977,2751,-774
108000074,659,470,189
108000075,412,1165,-753
108000076,891,706,185
108000077,735,996,-261
108000078,2451,1981,470
108000079,1049,2319,-1270
108000080,1310,844,466
108000081,707,2638,-1931
108000082,1269,2664,-1395
108000083,2142,1180,962
108000084,582,1615,-1033
108000085,797,566,231
108000086,1027,1064,-37
108000087,174,2191,-2017
108000088,203,15,188
108000089,532,638,-106
108000090,543,229,314
108000091,315,675,-360
108000092,120,147,-27
108000093,205,1095,-890
108000094,620,141,479
108000095,184,686,-502
108000096,298,227,71
108000097,186,776,-590
108000098,1724,2026,-302
108000099,382,174,208
108000100,76,282,-206
108000101,1748,1941,-193
108000102,2008,3880,-1872
108000106,1160,2,1158
108000107,5,1116,-1111
108000108,1011,68,943
108000109,11,1033,-1022
108000110,191,489,-298
108000111,238,1056,-818
108000112,70,173,-103
108000113,718,396,322
108000115,513,487,26
108000117,987,489,498
108000118,99,316,-217
108000119,918,460,458
108000120,143,1015,-872
108000121,235,756,-521
108000122,666,463,203
108000123,1070,335,735
108000124,458,891,-433
108000125,346,410,-64
108000126,209,623,-414
108000127,599,440,159
108000128,801,710,91
108000129,665,1586,-921
108000130,755,353,402
108000131,930,685,245
108000132,2717,2160,557
108000133,899,671,228
108000134,644,802,-158
108000135,1316,629,687
108000136,701,1466,-765
108000137,503,578,-75
108000138,416,1299,-883
108000139,504,454,50
108000140,164,46,118
108000141,69,170,-101
108000142,70,169,-99
108000143,30,43,-13
108000144,49,28,21
108000145,62,28,34
108000146,76,42,34
108000147,109,70,39
108000148,153,25,128
108000149,50,36,14
108000150,41,8,33
108000151,61,17,44
108000152,111,696,-585
108000153,470,196,274
108000154,102,19,83
108000155,69,42,27
108000156,431,202,229
108000157,285,1055,-770
108000158,110,856,-746
108000159,750,204,546
108000160,4879,1353,3526
108000161,4848,3272,1576
108000165,11,265,-254
108000172,7,340,-333
108000173,2890,2559,331
108000175,231,161,70
108000178,586,454,132
108000179,268,1001,-733
108000181,63,52,11
108000182,141,27,114
108000183,79,29,50
108000184,1382,2541,-1159
108000185,325,929,-604
108000186,235,82,153
108000187,182,954,-772
108000188,641,352,289
108000189,915,1589,-674
108000190,50,194,-144
108000192,285,809,-524
108000193,1187,64,1123
108000194,66,22,44
108000195,4,1535,-1531
108000196,449,209,240
108000198,547,481,66
108000199,0,251,-251
108000200,459,843,-384
108000202,4,319,-315
108000203,156,1166,-1010
108000204,148,52,96
108000205,488,747,-259
108000339,2014,454,1560
108000364,189,405,-216
108000365,115,385,-270
108000367,189,623,-434
108000368,20,87,-67
108000369,2126,276,1850
108000371,4,820,-816
108000372,676,3,673
108000373,264,220,44
108000376,72,34,38
108000377,409,387,22
108000378,10918,12435,-1517
108000379,44,331,-287
108000381,64,20,44
108000382,147,2,145
108000383,0,162,-162
108900001,132,1449,-1317
108900002,347,92,255
108900003,398,1054,-656
108900004,124,452,-328
108900005,89,472,-383
108900006,910,234,676
108900007,277,241,36
108900008,130,162,-32
108900009,96,172,-76
108900010,232,209,23
108900011,502,517,-15
108900012,405,588,-183
108900013,136,339,-203
108900014,8,126,-118
108900015,2,84,-82
108900016,6,348,-342
108900017,335,371,-36
108900018,108,675,-567
108900019,135,1395,-1260
108900020,38,350,-312
108900021,141,373,-232
108900022,147,50,97
108900023,23,51,-28
108900024,43,150,-107
108900025,111,227,-116
108900026,26,134,-108
108900027,0,119,-119
108900028,82,503,-421
108900029,82,366,-284
108900030,0,111,-111
108900031,123,573,-450
108900032,22,327,-305
108900033,0,128,-128
108900034,0,302,-302
108900035,330,1916,-1586
108900036,217,436,-219
108900037,117,568,-451
108900038,5,402,-397
108900039,3,596,-593
108900040,11,145,-134
108900041,7252,3598,3654
108900042,13,456,-443
108900043,121,644,-523
108900044,4,689,-685
108900045,73,788,-715
108900046,52,1148,-1096
108900047,0,81,-81
108900048,163,1335,-1172
108900049,6006,1770,4236
108900050,2,355,-353
108900051,1,312,-311
108900052,44,335,-291
108900053,144,225,-81
108900054,104,330,-226
108900055,86,483,-397
108900056,1,245,-244
108900057,0,259,-259
108900058,35,607,-572
108900059,542,38,504
108900060,137,239,-102
108900061,94,61,33
108900062,8,376,-368
108900063,9,472,-463
108900064,222,133,89
108900065,27,365,-338
108900066,325,161,164
108900067,71,230,-159
108900068,0,125,-125
108900069,63,190,-127
108900070,76,167,-91
108900071,75,83,-8
108900072,3360,1058,2302
108900073,17,139,-122
108900074,238,625,-387
108900075,76,84,-8
108900076,346,120,226
108900077,167,176,-9
108900078,15,229,-214
108900079,1261,322,939
108900080,46,1235,-1189
108900081,82,374,-292
108900082,77,156,-79
108900083,41,444,-403
108900084,550,231,319
108900085,2648,291,2357
108900086,95,406,-311
108900087,119,323,-204
108900088,1263,537,726
108900089,24,224,-200
108900090,67,425,-358
108900091,163,122,41
108900092,589,460,129
108900093,143,149,-6
108900094,257,132,125
108900095,69,635,-566
108900096,416,24,392
108900097,340,348,-8
108900098,3895,874,3021
108900099,380,421,-41
108900100,82,170,-88
108900101,229,194,35
108900102,130,1073,-943
108900103,334,123,211
108900104,181,546,-365
108900105,10,1379,-1369
108900106,378,507,-129
108900108,971,77,894
108900109,511,36,475
108900110,268,669,-401
108900111,454,811,-357
108900112,294,39,255
108900113,30,63,-33
108900114,1,1,0
108900115,95,111,-16
108900116,124,21,103
108900117,171,27,144
108900118,605,28,577
108900119,316,38,278
108900120,431,244,187
108900121,348,125,223
108900122,138,49,89
108900123,148,148,0
108900124,488,267,221
108900125,385,8,377
108900126,114,47,67
108900127,175,48,127
108900128,83,41,42
108900129,779,232,547
108900130,313,3,310
108900131,487,5,482
108900132,511,103,408
108900133,284,91,193
108900134,333,360,-27
108900135,143,15,128
108900136,96,0,96
108900137,146,0,146
108900138,697,53,644
108900139,810,221,589
108900140,281,364,-83
108900141,319,13,306
108900142,166,11,155
108900143,50,0,50
108900144,110,0,110
108900145,162,7,155
108900146,49,0,49
108900147,236,0,236
108900148,96,48,48
108900149,733,462,271
108900150,260,5,255
108900151,304,15,289
108900152,172,63,109
108900153,128,574,-446
108900154,5959,720,5239
108900155,315,134,181
108900156,113,3,110
108900157,21,668,-647
108900158,606,57,549
108900159,8,413,-405
108900160,19,380,-361
108900161,20,637,-617
108900162,102,1,101
108900163,9,298,-289
108900164,98,126,-28
108900165,239,124,115
108900167,2533,7090,-4557
108900168,10806,3276,7530
108900169,74,191,-117
108900171,11198,3500,7698
108900172,257,66,191
108900173,301,525,-224
108900174,790,832,-42
108900176,205,606,-401
108900177,9343,6530,2813
108900178,6302,3585,2717
108900179,786,1792,-1006
108900180,136,401,-265
108900182,40,361,-321
108900183,227,340,-113
108900184,596,371,225
108900185,185,490,-305
108900186,81,538,-457
108900187,360,64,296
108900188,491,103,388
108900189,518,264,254
108900190,67,4219,-4152
108900191,262,23,239
108900192,111,293,-182
108900193,501,98,403
108900194,79,503,-424
108900195,131,455,-324
108900196,40,666,-626
108900198,6,678,-672
108900199,290,519,-229
108900200,1093,432,661
108900201,568,1804,-1236
108900203,531,60,471
108900204,425,24,401
108900205,187,43,144
108900206,603,61,542
108900207,185,100,85
108900208,17,537,-520
108900209,312,811,-499
108900210,285,353,-68
108900211,176,510,-334
108900212,918,1493,-575
108900215,143,677,-534
108900216,655,177,478
108900217,160,4,156
108900218,284,21,263
108900219,134,14,120
108900220,70,41,29
108900221,57,220,-163
108900222,284,14,270
108900223,15,161,-146
108900224,59,265,-206
108900225,1,302,-301
108900226,281,17,264
108900227,114,328,-214
108900230,421,398,23
108900231,49,291,-242
108900232,9,451,-442
108900233,663,135,528
108900234,399,231,168
108900235,299,841,-542
108900236,98,447,-349
108900237,121,341,-220
108900240,139,124,15
108900241,42,42,0
108900245,18,1516,-1498
108900249,166,75,91
108900250,287,188,99
108900257,260,818,-558
108900258,10,262,-252
108900259,168,94,74
108900260,8,125,-117
108900261,140,219,-79
108900262,278,164,114
108900263,60,282,-222
108900264,627,386,241
108900265,1429,375,1054
108900266,1291,574,717
108900267,11,127,-116
108900268,6,7,-1
108900269,82,10,72
108900270,81,14,67
108900271,36,12,24
108900272,222,12,210
108900273,1171,763,408
108900274,56,95,-39
108900275,1,0,1
108900276,0,12,-12
109000001,4830,1653,3177
109000002,2619,1998,621
109000003,3222,676,2546
109000004,724,3193,-2469
109000005,3110,904,2206
109000006,950,2724,-1774
109000007,1732,855,877
109000008,696,2645,-1949
109000009,4226,1858,2368
109000010,1883,5354,-3471
109000011,3963,2734,1229
109000012,2516,4957,-2441
109000013,4055,3820,235
109000014,2480,4539,-2059
109000015,3915,8280,-4365
109000016,10610,5591,5019
109000017,2656,1606,1050
109000018,1512,4427,-2915
109000019,3380,1648,1732
109000020,1493,2688,-1195
109000023,377,51,326
109000024,16,271,-255
109000025,531,587,-56
109000026,1103,492,611
109000027,126,411,-285
109000028,125,155,-30
109000029,208,254,-46
109000030,130,740,-610
109000031,215,240,-25
109000032,167,673,-506
109000033,512,236,276
109000034,64,61,3
109000035,22,92,-70
109000036,139,538,-399
109000037,253,1482,-1229
109000038,862,544,318
109000039,1171,883,288
109000040,6482,8948,-2466
109000041,5865,2171,3694
109000042,1016,1705,-689
109000044,582,75,507
109000045,134,457,-323
109000046,412,115,297
109000047,121,540,-419
109000048,1165,275,890
109000049,452,887,-435
109000050,502,346,156
109000051,410,469,-59
109000052,609,1697,-1088
109000053,247,150,97
109000054,794,999,-205
109000055,378,461,-83
109000056,410,771,-361
109000057,702,580,122
109000058,1468,466,1002
109000059,1174,1637,-463
109000060,566,309,257
109000061,1471,1205,266
109000062,214,410,-196
109000063,297,288,9
109000064,275,251,24
109000065,174,344,-170
109000066,502,162,340
109000067,73,440,-367
109000068,2487,7,2480
109000069,1386,46,1340
109000070,10,1460,-1450
109000071,609,136,473
109000072,122,470,-348
109000073,68,172,-104
109000074,26,269,-243
109000075,129,450,-321
109000076,121,297,-176
109000077,459,379,80
109000078,98,220,-122
109000079,180,331,-151
109000080,128,164,-36
109000081,132,755,-623
109000082,555,317,238
109000083,283,1117,-834
109000088,263,650,-387
109000089,347,89,258
109000090,289,531,-242
109000091,438,222,216
109000092,457,745,-288
109000093,286,227,59
109000094,525,4,521
109000095,172,765,-593
109000096,625,326,299
109000097,109,214,-105
109000098,66,131,-65
109000099,1135,597,538
109000100,308,897,-589
109000101,1844,1075,769
109000102,416,1225,-809
109000103,493,927,-434
109000104,1794,882,912
109000105,651,1780,-1129
109000106,2350,1065,1285
109000107,810,2940,-2130
109000108,1950,863,1087
109000109,629,2858,-2229
109000110,1349,765,584
109000111,1288,3139,-1851
109000112,515,260,255
109000113,476,300,176
109000114,267,513,-246
109000115,1639,56,1583
109000116,4,389,-385
109000117,205,91,114
109000118,18,421,-403
109000119,1288,412,876
109000120,221,1284,-1063
109000121,537,72,465
109000122,191,1312,-1121
109000123,43,89,-46
109000124,696,650,46
109000125,1086,517,569
109000126,436,1247,-811
109000127,917,340,577
109000128,667,2584,-1917
109000129,2372,1057,1315
109000130,784,3375,-2591
109000131,933,669,264
109000132,868,2845,-1977
109000133,433,1331,-898
109000134,1165,1903,-738
109000135,1884,2237,-353
109000136,343,451,-108
109000137,346,556,-210
109000138,524,518,6
109000139,549,646,-97
109000140,305,590,-285
109000141,547,693,-146
109000142,128,734,-606
109000143,135,117,18
109000145,107,247,-140
109000146,56,190,-134
109000148,5766,2771,2995
109000149,18,42,-24
109000150,102,256,-154
109000155,832,806,26
109000156,1864,1022,842
109000158,335,450,-115
109000159,293,963,-670
109000160,1349,392,957
109000161,507,1899,-1392
109000162,2524,1041,1483
109000163,1221,2679,-1458
109000164,1368,3429,-2061
109000165,1382,856,526
109000166,746,189,557
109000167,137,896,-759
109000170,56,73,-17
109000171,67,75,-8
109000172,58,66,-8
109000173,23,112,-89
109000174,171,74,97
109000175,82,136,-54
109000176,395,317,78
109000177,34,144,-110
109000178,393,185,208
109000179,8258,6045,2213
109000180,8242,4753,3489
109000181,21,51,-30
109000182,45,43,2
109000183,47,80,-33
109000184,39,23,16
109000185,39,92,-53
109000188,1151,3032,-1881
109000189,4609,1400,3209
109000190,1330,673,657
109000191,449,726,-277
109000192,456,450,6
109000193,257,418,-161
109000194,272,216,56
109000195,170,514,-344
109000196,311,229,82
109000197,218,595,-377
109000198,370,119,251
109000199,146,653,-507
109000206,234,62,172
109000207,132,56,76
109000208,127,123,4
109000209,147,160,-13
109000210,195,764,-569
109000211,389,530,-141
109000214,439,694,-255
109000215,182,123,59
109000216,414,290,124
109000217,350,203,147
109000218,600,318,282
109000221,576,1496,-920
109000222,1001,291,710
109000223,383,387,-4
109000224,55,234,-179
109000225,77,57,20
109000226,53,274,-221
109000227,1186,1786,-600
109000228,6,766,-760
109000231,4,518,-514
109000232,369,636,-267
109000236,352,1046,-694
109000241,2535,2648,-113
109000242,1988,2203,-215
109000293,17,82,-65
109000361,129,433,-304
109000364,281,810,-529
109000396,4,755,-751
109000397,575,8,567
109000399,156,636,-480
109000400,121,461,-340
109000403,208,955,-747
109000406,549,12,537
109000407,430,281,149
109000408,4,898,-894
109000410,1360,351,1009
109000411,129,37,92
109900001,111,0,111
109900002,791,23,768
109900003,261,2,259
109900004,1343,234,1109
109900005,22,2,20
109900006,524,437,87
109900007,771,828,-57
109900008,0,43,-43
109900009,205,976,-771
109900010,750,34,716
109900011,118,59,59
109900012,464,278,186
109900013,510,222,288
109900014,443,64,379
109900015,558,277,281
109900016,159,42,117
109900017,195,248,-53
109900018,259,142,117
109900019,343,122,221
109900020,67,79,-12
109900021,39,43,-4
109900022,97,385,-288
109900023,26,8,18
109900024,33,12,21
109900025,28,88,-60
109900026,1,235,-234
109900027,43,92,-49
109900028,2650,1064,1586
109900029,3,587,-584
109900030,68,22,46
109900031,2,208,-206
109900032,23,446,-423
109900033,4,705,-701
109900034,29,2,27
109900035,35,52,-17
109900036,37,113,-76
109900037,59,738,-679
109900038,57,333,-276
109900039,5,1,4
109900040,32,854,-822
109900041,79,518,-439
109900042,97,711,-614
109900044,156,338,-182
109900045,346,139,207
109900046,24,83,-59
109900047,484,423,61
109900048,21,95,-74
109900049,19,45,-26
109900050,0,332,-332
109900051,0,61,-61
109900052,127,374,-247
109900053,11,614,-603
109900054,663,322,341
109900055,87,387,-300
109900056,37,215,-178
109900057,9,254,-245
109900058,0,157,-157
109900059,661,150,511
109900060,512,190,322
109900061,101,420,-319
109900062,2,354,-352
109900063,22,594,-572
109900064,585,361,224
109900065,108,162,-54
109900066,465,1280,-815
109900067,1,475,-474
109900068,106,10,96
109900069,1,45,-44
109900070,70,485,-415
109900071,3,44,-41
109900072,30,200,-170
109900073,377,791,-414
109900074,9,87,-78
109900075,32,73,-41
109900076,34,279,-245
109900077,51,67,-16
109900078,156,311,-155
109900080,193,498,-305
109900081,35,236,-201
109900082,52,488,-436
109900083,24,78,-54
109900084,76,226,-150
109900085,323,1139,-816
109900086,155,581,-426
109900087,389,587,-198
109900089,778,246,532
109900090,602,1514,-912
109900091,460,137,323
109900092,2175,30,2145
109900093,905,223,682
109900094,75,179,-104
109900095,199,309,-110
109900096,55,7,48
109900097,100,6,94
109900098,466,65,401
109900099,163,1,162
109900100,48,0,48
109900101,463,18,445
109900102,533,31,502
109900103,39,61,-22
109900104,498,1228,-730
109900105,645,47,598
109900106,647,93,554
109900107,719,132,587
109900108,177,666,-489
109900109,41,191,-150
109900110,109,582,-473
109900111,466,1264,-798
109900112,402,922,-520
109900113,880,577,303
109900114,1626,712,914
109900115,225,157,68
109900117,1160,193,967
109900118,308,641,-333
109900119,713,441,272
109900120,76,36,40
109900121,562,462,100
109900122,466,6,460
109900123,24,239,-215
109900124,49,791,-742
109900125,4,234,-230
109900126,282,173,109
109900128,270,72,198
109900130,11914,2700,9214
109900131,69,224,-155
109900132,41,208,-167
109900133,144,375,-231
109900134,108,121,-13
109900135,516,120,396
109900136,82,209,-127
109900137,111,534,-423
109900138,351,568,-217
109900140,223,320,-97
109900141,357,256,101
109900142,1425,432,993
109900145,5,502,-497
109900146,586,67,519
109900148,51,132,-81
109900149,65,81,-16
109900150,11,115,-104
109900151,14,55,-41
109900152,4,32,-28
109900153,2,78,-76
109900154,65,0,65
109900155,91,32,59
109900157,69,404,-335
109900158,59,160,-101
109900159,180,74,106
109900160,164,93,71
109900161,303,114,189
109900162,218,129,89
109900163,913,395,518
109900164,95,308,-213
109900165,955,23,932
109900166,14,243,-229
109900167,194,789,-595
109900168,297,813,-516
109900169,324,236,88
109900170,404,1134,-730
109900171,183,118,65
109900172,226,331,-105
109900173,5004,2787,2217
109900174,63,191,-128
109900175,70,144,-74
109900176,97,292,-195
109900177,50,306,-256
109900178,19,196,-177
109900179,137,36,101
109900180,10,13,-3
110000001,1024,749,275
110000002,708,902,-194
110000003,1288,927,361
110000004,629,826,-197
110000005,661,2416,-1755
110000006,588,423,165
110000007,216,228,-12
110000008,27,104,-77
110000009,90,44,46
110000010,43,83,-40
110000011,65,120,-55
110000012,890,602,288
110000013,42,708,-666
110000014,800,587,213
110000015,342,860,-518
110000016,385,2011,-1626
110000017,3779,432,3347
110000018,3870,596,3274
110000019,10,139,-129
110000020,500,241,259
110000021,1241,680,561
110000022,1410,400,1010
110000023,13,185,-172
110000024,971,595,376
110000025,343,7,336
110000026,6,487,-481
110000027,1936,708,1228
110000028,1036,1078,-42
110000029,661,1062,-401
110000030,281,510,-229
110000031,294,709,-415
110000032,827,734,93
110000033,517,152,365
110000034,722,1488,-766
110000035,1646,1021,625
110000036,1569,1283,286
110000037,354,751,-397
110000038,295,1048,-753
110000039,895,4224,-3329
110000040,414,463,-49
110000041,381,1699,-1318
110000042,173,429,-256
110000043,1083,459,624
110000044,408,311,97
110000045,2492,190,2302
110000046,19,21,-2
110000047,177,44,133
110000048,26,27,-1
110000049,153,18,135
110000050,9,44,-35
110000051,116,27,89
110000052,38,39,-1
110000053,239,7,232
110000054,475,333,142
110000055,1021,47,974
110000056,256,71,185
110000057,622,907,-285
110000058,1846,940,906
110000059,1219,702,517
110000060,796,1426,-630
110000061,1157,1025,132
110000062,804,1187,-383
110000063,37,156,-119
110000064,147,142,5
110000065,111,192,-81
110000066,97,72,25
110000067,229,424,-195
110000068,398,414,-16
110000069,325,209,116
110000071,183,206,-23
110000073,10,41,-31
110000075,7,169,-162
110000076,368,630,-262
110000077,595,2298,-1703
110000078,45,79,-34
110000080,359,1007,-648
110000081,78,495,-417
110000082,27,533,-506
110000083,314,855,-541
110000084,1126,926,200
110000085,3052,2034,1018
110000086,2146,2463,-317
110000087,6,74,-68
110000088,78,352,-274
110000089,363,210,153
110000090,613,482,131
110000091,2016,525,1491
110000092,51,125,-74
110000093,63,7,56
110000094,708,371,337
110000095,288,960,-672
110000096,3313,2455,858
110000097,1271,1646,-375
110000098,2542,961,1581
110000099,1076,2206,-1130
110000100,964,801,163
110000101,18,565,-547
110000102,49,50,-1
110000104,639,143,496
110000105,85,310,-225
110000106,832,401,431
110000107,380,517,-137
110000108,189,61,128
110000109,396,404,-8
110000110,4614,6219,-1605
110000111,9737,3636,6101
110000112,1894,1493,401
110000113,665,2728,-2063
110000114,165,702,-537
110000115,321,387,-66
110000116,56,102,-46
110000117,229,674,-445
110000118,481,361,120
110000119,254,547,-293
110000120,420,259,161
110000121,118,523,-405
110000122,545,849,-304
110000123,634,907,-273
110000124,4,1547,-1543
110000125,1120,3,1117
110000126,404,33,371
110000127,1462,90,1372
110000128,73,2092,-2019
110000129,2,756,-754
110000130,339,255,84
110000131,184,420,-236
110000132,4,996,-992
110000133,71,776,-705
110000134,32,551,-519
110000135,241,53,188
110000136,75,442,-367
110000137,729,866,-137
110000138,940,1010,-70
110000139,1066,1774,-708
110000140,1465,779,686
110000143,813,660,153
110000144,6684,2191,4493
110000145,2165,1123,1042
110000146,3106,1078,2028
110000147,567,1057,-490
110000148,661,436,225
110000151,1241,1025,216
110000152,1337,491,846
110000153,132,72,60
110000154,135,53,82
110000155,2714,4810,-2096
110000156,1175,3016,-1841
110000157,2691,2543,148
110000160,432,425,7
110000161,183,470,-287
110000166,573,208,365
110000167,1033,643,390
110000168,992,505,487
110000169,813,387,426
110000170,164,118,46
110000171,909,210,699
110000172,200,1099,-899
110000173,1221,1724,-503
110000174,269,1593,-1324
110000175,702,132,570
110000176,299,419,-120
110000177,205,1158,-953
110000178,680,1947,-1267
110000179,1815,522,1293
110000180,209,432,-223
110000181,533,729,-196
110000182,506,269,237
110000183,14446,8870,5576
110000184,855,3081,-2226
110000185,2773,1139,1634
110000186,1039,1521,-482
110000191,805,412,393
110000192,670,12,658
110000193,1204,8,1196
110000194,17,1609,-1592
110000195,528,570,-42
110000196,407,541,-134
110000197,127,280,-153
110000198,241,144,97
110000199,152,188,-36
110000200,2074,756,1318
110000201,1763,1226,537
110000202,1641,644,997
110000203,1005,1094,-89
110000204,15,368,-353
110000205,230,74,156
110000206,1055,2070,-1015
110000207,1029,419,610
110000208,450,248,202
110000209,165,1444,-1279
110000210,1014,887,127
110000211,1668,1143,525
110000212,444,1485,-1041
110000213,242,102,140
110000214,280,131,149
110000215,207,667,-460
110000216,116,732,-616
110000217,330,222,108
110000218,218,591,-373
110000219,340,109,231
110000220,104,455,-351
110000221,336,116,220
110000222,131,316,-185
110000223,4,234,-230
110000224,132,20,112
110000225,349,914,-565
110000226,298,99,199
110000227,1089,1068,21
110000228,591,418,173
110000229,2,315,-313
110000230,1173,852,321
110000231,183,283,-100
110000232,420,299,121
110000233,311,413,-102
110000234,1255,961,294
110000235,1271,1459,-188
110000236,760,1031,-271
110000237,3888,1755,2133
110000238,1476,1832,-356
110000239,2201,1606,595
110000240,0,117,-117
110000242,0,18,-18
110000243,122,179,-57
110000244,237,523,-286
110000245,55,533,-478
110000246,1306,950,356
110000247,1919,8430,-6511
110000248,3194,2629,565
110000249,99,10,89
110000250,86,322,-236
110000251,354,918,-564
110000252,403,336,67
110000253,1485,886,599
110000254,973,2218,-1245
110000255,330,1473,-1143
110000256,547,364,183
110000257,976,537,439
110000258,8,709,-701
110000259,185,22,163
110000260,36,482,-446
110000263,920,210,710
110000264,365,775,-410
110000265,1518,2563,-1045
110000266,2998,3665,-667
110000267,44,390,-346
110000268,370,738,-368
110000269,3,161,-158
110000270,49,11,38
110000271,2417,377,2040
110000272,1298,1304,-6
110000273,5015,2079,2936
110000274,441,1825,-1384
110000275,3796,846,2950
110000276,472,455,17
110000277,743,564,179
110000278,626,1008,-382
110000279,1014,815,199
110000280,573,504,69
110000281,40,383,-343
110000282,470,70,400
110000283,93,144,-51
110000284,75,79,-4
110000285,5,673,-668
110000286,44,0,44
110000287,176,3,173
110000288,57,193,-136
110000289,612,2267,-1655
110000290,1454,905,549
110000291,7804,1654,6150
110000292,1566,5710,-4144
110000293,787,1016,-229
110000294,1114,1576,-462
110000295,349,1344,-995
110000296,793,495,298
110000297,3681,486,3195
110000298,243,756,-513
110000299,573,159,414
110000301,758,38,720
110000302,446,1524,-1078
110000303,627,11,616
110000304,104,382,-278
110000305,1448,48,1400
110000306,223,1931,-1708
110000307,1809,20,1789
110000308,973,25,948
110000309,24,1291,-1267
110000310,852,94,758
110000311,31,1005,-974
110000312,743,147,596
110000313,4430,5032,-602
110000314,5,485,-480
110000315,4960,3341,1619
110000316,737,1735,-998
110000317,824,580,244
110000318,13,100,-87
110000319,34,26,8
110000320,165,61,104
110000321,23,69,-46
110000322,413,586,-173
110000323,789,278,511
110000324,5058,1721,3337
110000325,3587,3544,43
110000327,958,631,327
110000328,334,564,-230
110000333,1387,903,484
110000334,1224,1865,-641
110000335,1143,778,365
110000336,1217,1405,-188
110000337,1968,847,1121
110000338,497,277,220
110000339,445,309,136
110000340,301,250,51
110000341,566,606,-40
110000342,793,7,786
110000343,1,21,-20
110000344,489,253,236
110000345,506,171,335
110000346,3360,2415,945
110000347,1438,1056,382
110000348,42,39,3
110000349,26,42,-16
110000350,65,11,54
110000351,1083,1100,-17
110000352,782,2477,-1695
110000353,3451,933,2518
110000354,1848,4818,-2970
110000355,126,135,-9
110000356,890,8,882
110000357,553,16,537
110000361,36,85,-49
110000362,75,156,-81
110000363,379,159,220
110000364,289,443,-154
110000365,380,1,379
110000366,5,129,-124
110000367,736,383,353
110000368,3,101,-98
110000369,50,3,47
110000373,3,330,-327
110000374,408,16,392
110000375,159,1516,-1357
110000376,52,114,-62
110000377,93,775,-682
110000378,40,523,-483
110000379,4540,2746,1794
110000380,81,19,62
110000383,2,1275,-1273
110000384,3102,1122,1980
110000385,3,336,-333
110000387,110,11,99
110000388,55,300,-245
110000389,957,24,933
110000391,833,475,358
110000396,159,195,-36
110000397,132,239,-107
110000398,2,59,-57
110000399,254,3,251
110000587,143,70,73
110000589,245,180,65
110000640,221,100,121
110000652,21,196,-175
110000653,337,611,-274
110000654,100,124,-24
110000656,1,823,-822
110000674,48,43,5
110000675,34,40,-6
110000676,4,99,-95
110000679,444,1423,-979
110000682,167,219,-52
110000683,582,896,-314
110000684,14,79,-65
110000685,25,17,8
110000686,3,65,-62
110000687,57,6,51
110000688,73,1126,-1053
110000689,48,87,-39
110000692,138,294,-156
110000693,251,407,-156
110000694,1,207,-206
110000695,683,814,-131
110000696,168,197,-29
110900001,361,27,334
110900002,495,319,176
110900003,845,1074,-229
110900004,490,318,172
110900005,4744,2706,2038
110900006,47,15,32
110900007,154,28,126
110900008,11,43,-32
110900009,490,118,372
110900010,14,125,-111
110900011,30,162,-132
110900012,29,132,-103
110900013,1135,194,941
110900014,462,22,440
110900015,983,746,237
110900016,67,216,-149
110900017,449,59,390
110900018,579,82,497
110900019,177,49,128
110900020,169,542,-373
110900021,74,844,-770
110900022,97,439,-342
110900023,139,789,-650
110900024,25,577,-552
110900025,35,98,-63
110900027,37,320,-283
110900028,52,212,-160
110900029,39,535,-496
110900030,45,370,-325
110900031,0,271,-271
110900032,0,139,-139
110900033,67,315,-248
110900035,39,607,-568
110900036,80,37,43
110900037,92,38,54
110900038,1430,285,1145
110900039,7,321,-314
110900040,310,50,260
110900041,18,192,-174
110900042,150,80,70
110900043,6,186,-180
110900044,325,37,288
110900045,53,660,-607
110900046,89,437,-348
110900047,849,340,509
110900049,139,116,23
110900050,36,6,30
110900051,65,229,-164
110900052,7,261,-254
110900053,107,70,37
110900054,57,358,-301
110900055,31,1,30
110900056,75,125,-50
110900057,7,263,-256
110900058,348,384,-36
110900059,735,875,-140
110900060,545,164,381
110900061,34,59,-25
110900062,160,381,-221
110900063,59,244,-185
110900064,27,0,27
110900065,373,131,242
110900066,9,91,-82
110900067,601,1080,-479
110900068,286,343,-57
110900069,12,27,-15
110900070,238,83,155
110900071,385,842,-457
110900073,5,47,-42
110900074,357,140,217
110900075,478,157,321
110900077,869,626,243
110900078,46,156,-110
110900079,2621,1360,1261
110900080,128,101,27
110900081,8,86,-78
110900082,169,254,-85
110900083,172,68,104
110900084,61,177,-116
110900085,66,468,-402
110900086,88,390,-302
110900087,432,143,289
110900088,17,0,17
110900090,57,51,6
110900091,2,92,-90
110900093,674,122,552
110900095,69,87,-18
110900097,20,32,-12
110900098,38,118,-80
110900099,74,720,-646
110900100,0,30,-30
110900102,88,41,47
110900105,1097,428,669
110900108,11,120,-109
110900111,660,291,369
110900112,893,20,873
110900113,624,60,564
110900115,13,97,-84
110900116,736,2588,-1852
110900118,158,3170,-3012
110900119,5969,553,5416
110900120,16,138,-122
110900121,138,2,136
110900122,436,214,222
110900125,439,525,-86
110900127,910,1518,-608
110900128,302,289,13
110900129,529,939,-410
110900130,1279,668,611
110900131,428,99,329
110900132,359,107,252
110900133,281,318,-37
110900135,184,563,-379
110900136,359,22,337
110900137,132,3,129
110900138,1962,473,1489
110900139,120,78,42
110900140,168,9,159
110900141,14,157,-143
110900142,66,288,-222
110900143,143,105,38
110900144,6,940,-934
110900145,270,45,225
110900146,812,227,585
110900147,125,458,-333
110900148,8,404,-396
110900149,5,119,-114
110900150,64,44,20
110900151,5,90,-85
110900152,30,357,-327
110900153,131,61,70
111000001,824,330,494
111000002,628,706,-78
111000003,1351,1095,256
111000004,708,1284,-576
111000005,1617,1636,-19
111000006,1401,2057,-656
111000007,6234,4249,1985
111000008,3778,4626,-848
111000009,352,1220,-868
111000010,1083,392,691
111000011,520,1295,-775
111000012,932,557,375
111000013,471,1258,-787
111000014,1805,762,1043
111000017,188,1123,-935
111000018,271,585,-314
111000020,1981,3403,-1422
111000021,109,163,-54
111000023,105,124,-19
111000025,7297,4626,2671
111000029,120,143,-23
111000030,38,132,-94
111000031,2689,1738,951
111000032,944,461,483
111000033,381,368,13
111000034,496,272,224
111000037,3059,1706,1353
111000038,4856,3832,1024
111000039,2646,3598,-952
111000040,2251,3535,-1284
111000041,2410,2503,-93
111000042,6136,3800,2336
111000043,2599,4120,-1521
111000044,1964,1415,549
111000045,2417,2827,-410
111000046,2047,2023,24
111000047,2847,5106,-2259
111000049,603,890,-287
111000050,2109,1989,120
111000051,652,1381,-729
111000052,792,2383,-1591
111000053,549,1285,-736
111000054,441,1328,-887
111000055,1510,2633,-1123
111000056,188,815,-627
111000057,108,925,-817
111000058,376,124,252
111000059,781,412,369
111000060,4657,1055,3602
111000061,716,539,177
111000062,868,405,463
111000063,2600,1382,1218
111000064,681,935,-254
111000065,1331,1358,-27
111000066,622,620,2
111000067,752,902,-150
111000068,678,1344,-666
111000069,2344,3140,-796
111000070,2105,1478,627
111000071,195,767,-572
111000072,980,481,499
111000073,344,1095,-751
111000074,1955,2122,-167
111000075,1383,1027,356
111000076,696,1153,-457
111000077,1986,2252,-266
111000078,3418,1869,1549
111000079,1872,1158,714
111000080,771,978,-207
111000081,2453,7333,-4880
111000082,756,870,-114
111000084,1090,861,229
111000085,1442,2038,-596
111000086,4184,1635,2549
111000087,826,1021,-195
111000088,9807,2856,6951
111000089,932,1256,-324
111000090,1393,1902,-509
111000091,922,864,58
111000092,1470,1250,220
111000093,982,1242,-260
111000094,2433,1248,1185
111000095,817,2700,-1883
111000096,3184,9373,-6189
111000097,6313,1772,4541
111000098,822,1484,-662
111000099,705,2792,-2087
111000100,470,2393,-1923
111000101,544,1197,-653
111000102,309,1052,-743
111000104,882,337,545
111000107,112,935,-823
111000109,730,366,364
111000110,2289,1113,1176
111000111,2304,724,1580
111000112,1971,701,1270
111000113,983,1793,-810
111000114,1873,4099,-2226
111000115,8813,1670,7143
111000116,1169,1364,-195
111000117,562,1303,-741
111000118,2169,1602,567
111000119,1289,1877,-588
111000120,597,867,-270
111000121,322,944,-622
111000122,599,1356,-757
111000123,1232,3902,-2670
111000124,732,4048,-3316
111000125,299,2254,-1955
111000126,166,1250,-1084
111000127,989,242,747
111000128,2000,485,1515
111000129,3626,711,2915
111000130,2229,1006,1223
111000131,1780,853,927
111000132,1396,914,482
111000133,216,230,-14
111000134,182,178,4
111000135,39,170,-131
111000136,336,445,-109
111000138,12,17,-5
111000140,5,14,-9
111000141,584,502,82
111000142,25,139,-114
111000143,4,106,-102
111000144,52,254,-202
111000145,2098,27,2071
111000146,90,40,50
111000147,280,76,204
111000148,698,144,554
111000149,0,65,-65
111000150,32,11,21
111000151,4,26,-22
111000153,818,947,-129
111000154,972,329,643
111000155,131,304,-173
111000156,503,628,-125
111000157,262,1219,-957
111000158,1309,973,336
111000159,3914,992,2922
111000160,394,487,-93
111000161,32,403,-371
111000162,62,253,-191
111000163,822,1366,-544
111000164,1143,6004,-4861
111000165,1650,921,729
111000166,2990,621,2369
111000167,213,772,-559
111000168,301,707,-406
111000169,407,793,-386
111000170,737,656,81
111000171,667,1216,-549
111000172,235,572,-337
111000173,461,1244,-783
111000174,196,682,-486
111000175,73,559,-486
111000176,655,186,469
111000177,397,330,67
111000178,1451,372,1079
111000179,217,320,-103
111000180,275,557,-282
111000181,1188,353,835
111000182,201,323,-122
111000183,699,483,216
111000184,492,354,138
111000185,495,700,-205
111000186,628,334,294
111000187,135,291,-156
111000188,255,628,-373
111000189,1543,722,821
111000190,244,570,-326
111000191,203,522,-319
111000192,309,747,-438
111000193,396,405,-9
111000194,54,434,-380
111000195,182,456,-274
111000196,67,304,-237
111000197,396,194,202
111000198,817,187,630
111000199,244,201,43
111000200,394,428,-34
111000201,653,408,245
111000202,238,312,-74
111000203,323,359,-36
111000204,449,944,-495
111000213,256,631,-375
111000214,2265,2092,173
111000215,1189,1638,-449
111000217,1572,1279,293
111000218,1741,1497,244
111000219,492,273,219
111000220,2454,1321,1133
111000221,838,114,724
111000224,0,370,-370
111000225,333,92,241
111000226,208,3,205
111000227,66,3,63
111000228,31,430,-399
111000229,65,874,-809
111000230,355,576,-221
111000231,1147,1235,-88
111000232,826,1312,-486
111000233,759,945,-186
111000234,121,467,-346
111000239,130,238,-108
111000240,41,249,-208
111000241,38,392,-354
111000242,179,86,93
111000243,196,863,-667
111000244,486,134,352
111000245,1610,647,963
111000246,559,629,-70
111000247,332,1296,-964
111000248,706,576,130
111000249,510,1153,-643
111000250,93,175,-82
111000251,58,167,-109
111000253,16,18,-2
111000255,41,12,29
111000257,37,39,-2
111000260,91,1610,-1519
111000261,1409,134,1275
111000271,57,418,-361
111000273,7635,2251,5384
111000274,1581,3357,-1776
111000275,194,106,88
111000276,395,2868,-2473
111000277,380,584,-204
111000278,758,409,349
111000291,841,6958,-6117
111000298,638,359,279
111000299,740,152,588
111000300,146,831,-685
111000302,320,139,181
111000303,82,397,-315
111000312,48,92,-44
111000315,0,105,-105
111000320,496,969,-473
111000321,465,127,338
111000322,370,653,-283
111000323,200,33,167
111000324,466,359,107
111000325,46,71,-25
111000326,265,480,-215
111000327,504,644,-140
111000328,315,743,-428
111000329,2,38,-36
111000330,94,43,51
111000331,18,14,4
111000332,638,1849,-1211
111000334,508,1943,-1435
111000335,923,358,565
111000337,1285,523,762
111000338,128,266,-138
111000339,721,824,-103
111000340,153,941,-788
111000341,1270,990,280
111000342,366,598,-232
111000344,1289,1022,267
111000345,410,96,314
111000346,25,168,-143
111000347,167,13,154
111000350,299,169,130
111000351,133,328,-195
111000352,216,230,-14
111000353,155,389,-234
111000354,829,242,587
111000355,528,917,-389
111000358,223,1880,-1657
111000360,288,1060,-772
111000361,127,488,-361
111000546,996,942,54
111000547,435,858,-423
111000548,168,400,-232
111000549,353,569,-216
111000550,96,1005,-909
111000551,966,296,670
111000552,2817,212,2605
111000907,885,29,856
111000908,32,0,32
111000916,1799,413,1386
111000917,78,603,-525
111000918,255,1263,-1008
111000920,507,37,470
111000921,11,346,-335
111000922,598,494,104
111000924,53,1300,-1247
111000925,2606,2929,-323
111000926,1282,2394,-1112
111000927,3295,6535,-3240
111000928,6132,4796,1336
111000929,1895,1739,156
111000930,1122,3060,-1938
111000931,2485,3170,-685
111000932,5452,3349,2103
111000933,4711,3252,1459
111000934,2784,4399,-1615
111000935,1671,1525,146
111000936,1462,3021,-1559
111000937,1075,1860,-785
111000938,2153,2589,-436
111000939,483,70,413
111000940,451,248,203
111000941,402,781,-379
111000943,431,382,49
111000944,211,536,-325
111000945,123,2537,-2414
111001109,593,340,253
111001110,260,717,-457
111001111,67,10,57
111001112,283,5,278
111001113,0,220,-220
111001114,1745,115,1630
111001115,37,419,-382
111001116,7323,5360,1963
111001117,952,3472,-2520
111001120,103,489,-386
111001121,180,394,-214
111001122,225,648,-423
111001123,140,118,22
111900001,11,144,-133
111900002,37,1077,-1040
111900003,2,607,-605
111900004,95,211,-116
111900006,9,33,-24
111900007,116,11,105
111900008,240,2,238
111900009,225,320,-95
111900010,411,737,-326
111900012,522,210,312
111900013,41,119,-78
111900014,7306,3679,3627
111900015,1,131,-130
111900016,1,174,-173
111900017,0,203,-203
111900018,213,5,208
111900019,7,165,-158
111900020,7,92,-85
111900021,55,188,-133
111900022,14,128,-114
111900023,173,124,49
111900024,0,135,-135
111900025,0,82,-82
111900026,2,154,-152
111900027,17,199,-182
111900028,4,547,-543
111900029,4,158,-154
111900030,73,523,-450
111900031,22,64,-42
111900032,1,426,-425
111900033,7,153,-146
111900034,395,765,-370
111900035,129,324,-195
111900036,4,385,-381
111900038,448,760,-312
111900039,90,610,-520
111900040,4,703,-699
111900042,56,186,-130
111900043,6,503,-497
111900044,400,327,73
111900046,84,258,-174
111900048,166,687,-521
111900049,41,370,-329
111900050,151,38,113
111900051,1,164,-163
111900052,512,839,-327
111900053,1659,1385,274
111900054,151,4,147
111900055,30,393,-363
111900056,253,345,-92
111900057,114,87,27
111900058,388,908,-520
111900059,2818,680,2138
111900060,519,7,512
111900061,11,199,-188
111900062,49,65,-16
111900063,382,308,74
111900064,92,182,-90
111900065,153,55,98
111900066,132,179,-47
111900067,4,439,-435
111900068,65,60,5
111900069,109,35,74
111900070,127,141,-14
111900071,3,284,-281
111900072,42,26,16
111900073,838,156,682
111900074,22,243,-221
111900075,91,1,90
111900076,123,46,77
111900077,51,2,49
111900078,282,16,266
111900079,46,20,26
111900080,274,302,-28
111900081,789,239,550
111900082,80,26,54
111900083,154,19,135
111900084,143,10,133
111900085,72,130,-58
111900086,30,7,23
111900087,67,0,67
111900088,447,6,441
111900089,107,11,96
111900090,92,59,33
111900091,157,2,155
111900092,91,1,90
111900093,398,6,392
111900094,91,7,84
111900095,251,48,203
111900096,84,0,84
111900097,67,0,67
111900098,190,1,189
111900099,89,1,88
111900100,244,3,241
111900101,128,31,97
111900102,550,841,-291
111900103,104,89,15
111900104,216,87,129
111900105,460,232,228
111900106,2459,134,2325
111900107,105,124,-19
111900108,241,202,39
111900109,791,503,288
111900110,2697,451,2246
111900111,140,243,-103
111900112,913,2699,-1786
111900113,327,43,284
111900114,267,205,62
111900115,17,59,-42
111900118,331,83,248
111900119,359,151,208
111900122,175,99,76
111900123,24,39,-15
111900124,57,162,-105
111900125,539,28,511
111900126,333,6,327
111900127,6,1056,-1050
111900128,3,527,-524
111900129,275,7,268
111900130,322,31,291
111900131,460,7,453
111900132,40,1461,-1421
111900133,16,603,-587
111900134,27,339,-312
111900135,19,48,-29
111900136,90,171,-81
111900137,94,156,-62
111900138,22,156,-134
111900139,29,226,-197
111900140,91,24,67
111900141,39,16,23
111900142,72,39,33
111900143,49,203,-154
111900144,43,258,-215
111900145,8,780,-772
111900146,2,375,-373
111900147,225,654,-429
111900148,31,948,-917
111900149,10,457,-447
111900150,14,261,-247
111900151,9,33,-24
111900152,115,83,32
111900153,2264,528,1736
111900154,25,265,-240
111900155,62,95,-33
111900156,44,83,-39
111900157,120,29,91
111900158,606,55,551
111900159,273,21,252
111900160,260,2,258
111900161,197,62,135
111900162,74,218,-144
111900163,36,242,-206
111900164,106,52,54
111901113,392,281,111
111901114,425,473,-48
111901115,115,3,112
111901116,71,3,68
111901117,33,47,-14
111901118,108,458,-350
111901119,1329,111,1218
111901120,157,263,-106
111901121,241,368,-127
111901122,11,679,-668
111901123,179,491,-312
111901124,170,2,168
111901125,355,264,91
111901126,130,73,57
111901127,984,520,464
111901128,26,143,-117
111901129,8,193,-185
111901130,15,292,-277
111901131,2,273,-271
111901132,99,11,88
111901133,54,5,49
111901134,99,16,83
111901135,32,16,16
111901136,49,29,20
111901137,1,29,-28
111901138,227,71,156
111901139,35,83,-48
111901140,21,194,-173
111901141,10,267,-257
111901142,6,164,-158
111901143,4,208,-204
111901144,39,61,-22
111901145,157,314,-157
112000001,2288,1119,1169
112000002,965,3290,-2325
112000003,1480,1264,216
112000004,906,1802,-896
112000005,3177,3843,-666
112000006,2707,3014,-307
112000007,3136,2463,673
112000008,3129,4629,-1500
112000009,4857,4702,155
112000010,3850,4030,-180
112000011,2812,2905,-93
112000012,8405,4434,3971
112000013,7779,4740,3039
112000014,4900,1763,3137
112000015,5403,4651,752
112000016,11353,1817,9536
112000017,4773,3333,1440
112000024,3044,1529,1515
112000026,5422,6646,-1224
112000027,1289,754,535
112000028,2204,2149,55
112000029,622,1060,-438
112000030,255,152,103
112000031,2293,5950,-3657
112000032,640,95,545
112000033,3469,1848,1621
112000034,549,98,451
112000035,192,515,-323
112000036,1617,1316,301
112000037,2582,1054,1528
112000038,2190,1287,903
112000039,78,109,-31
112000040,173,341,-168
112000041,769,657,112
112000042,1590,531,1059
112000050,1467,2435,-968
112000051,1362,1730,-368
112000054,2456,3211,-755
112000057,791,602,189
112000058,521,952,-431
112000059,796,1252,-456
112000061,5075,2929,2146
112000062,2109,1162,947
112000063,1679,1942,-263
112000064,4953,7229,-2276
112000065,2711,3067,-356
112000066,4277,1902,2375
112000067,937,954,-17
112000068,3996,2584,1412
112000069,1172,2655,-1483
112000070,2774,1236,1538
112000071,1464,3397,-1933
112000072,2918,1361,1557
112000073,2398,2840,-442
112000074,2054,1396,658
112000075,1946,1658,288
112000076,4632,3552,1080
112000077,632,866,-234
112000078,2005,1100,905
112000079,1753,1772,-19
112000080,932,1318,-386
112000081,1999,3261,-1262
112000082,1828,1321,507
112000083,708,1788,-1080
112000084,1492,1157,335
112000085,1605,1597,8
112000086,2388,1941,447
112000087,468,552,-84
112000088,664,794,-130
112000089,545,434,111
112000090,360,451,-91
112000091,745,1460,-715
112000092,1880,1570,310
112000093,1788,1225,563
112000094,660,1156,-496
112000095,813,1142,-329
112000096,616,1002,-386
112000097,1489,952,537
112000098,1357,1791,-434
112000099,879,1767,-888
112000100,2014,1308,706
112000101,663,1459,-796
112000102,1331,736,595
112000103,421,1696,-1275
112000105,808,2238,-1430
112000106,2579,589,1990
112000107,37,424,-387
112000108,567,2048,-1481
112000109,216,116,100
112000110,2171,720,1451
112000111,2051,5499,-3448
112000112,7714,908,6806
112000113,1784,3053,-1269
112000114,5398,1481,3917
112000115,439,717,-278
112000116,1075,1736,-661
112000117,1620,1218,402
112000118,1508,1268,240
112000119,596,1167,-571
112000120,75,498,-423
112000121,110,733,-623
112000122,239,188,51
112000123,579,210,369
112000124,307,107,200
112000125,202,271,-69
112000126,246,873,-627
112000127,4049,2649,1400
112000128,1916,1127,789
112000129,127,179,-52
112000130,247,80,167
112000131,79,526,-447
112000132,135,386,-251
112000133,513,406,107
112000134,653,599,54
112000135,2764,1128,1636
112000136,2446,2189,257
112000137,3972,3928,44
112000138,4394,2203,2191
112000139,1200,667,533
112000140,1287,1351,-64
112000141,998,417,581
112000142,378,918,-540
112000143,1338,312,1026
112000144,359,1811,-1452
112000145,2607,961,1646
112000146,721,2593,-1872
112000147,3048,2111,937
112000148,1918,2775,-857
112000149,596,950,-354
112000150,316,1023,-707
112000151,353,811,-458
112000152,418,748,-330
112000153,209,379,-170
112000154,119,414,-295
112000155,189,147,42
112000157,1200,871,329
112000158,378,886,-508
112000159,683,599,84
112000167,568,92,476
112000169,509,517,-8
112000173,877,280,597
112000175,884,613,271
112000176,4750,2977,1773
112000177,816,192,624
112000178,149,698,-549
112000179,302,162,140
112000180,317,535,-218
112000181,1700,2547,-847
112000182,1104,2936,-1832
112000183,48,79,-31
112000184,469,714,-245
112000185,577,723,-146
112000187,5032,3389,1643
112000195,253,35,218
112000196,376,3,373
112000197,267,148,119
112000198,54,347,-293
112000199,1657,1517,140
112000202,474,2,472
112000216,70,318,-248
112000230,163,4,159
112000231,2,347,-345
112000256,54,315,-261
112000313,170,257,-87
112000314,107,31,76
112000337,508,778,-270
112000352,663,458,205
112000392,1971,2012,-41
112000398,1512,1234,278
112000399,3953,3006,947
112000400,2343,4781,-2438
112000401,3851,3911,-60
112000402,3762,3385,377
112000403,3824,3925,-101
112000404,801,983,-182
112000405,2193,3964,-1771
112000406,4553,3670,883
112000407,7301,10175,-2874
112000408,10675,9778,897
112000409,2156,6779,-4623
112000410,665,350,315
112000411,6076,2428,3648
112000412,1971,792,1179
112000413,12559,6430,6129
112000414,143,112,31
112000415,283,79,204
112000416,2556,1902,654
112000417,351,122,229
112000421,67,170,-103
112000422,476,777,-301
112000424,3509,3812,-303
112000425,781,1153,-372
112000426,166,532,-366
112000427,2,13,-11
112000428,296,508,-212
112000429,3071,3935,-864
112000430,3392,3926,-534
112000431,104,222,-118
112000432,809,2037,-1228
112000433,786,1390,-604
112000437,53,267,-214
112900001,64,0,64
112900002,403,1554,-1151
112900003,56,482,-426
112900004,83,425,-342
112900005,214,315,-101
112900006,11,507,-496
112900007,52,298,-246
112900008,5,57,-52
112900009,539,135,404
112900010,305,998,-693
112900011,250,414,-164
112900012,1,66,-65
112900013,19,260,-241
112900014,0,479,-479
112900015,507,1109,-602
112900016,4,419,-415
112900017,72,320,-248
112900018,6,365,-359
112900019,76,236,-160
112900020,507,1743,-1236
112900021,3,308,-305
112900022,10,100,-90
112900023,1,303,-302
112900024,36,365,-329
112900025,123,394,-271
112900026,7,341,-334
112900027,44,1713,-1669
112900028,34,173,-139
112900029,11,901,-890
112900030,268,294,-26
112900031,3,725,-722
112900032,283,419,-136
112900034,1,92,-91
112900035,12,621,-609
112900036,70,200,-130
112900037,216,247,-31
112900038,705,250,455
112900039,43,425,-382
112900040,8,482,-474
112900041,1595,1765,-170
112900042,87,642,-555
112900043,324,59,265
112900044,771,726,45
112900045,649,454,195
112900046,248,91,157
112900047,14,35,-21
112900049,388,122,266
112900050,80,837,-757
112900051,415,925,-510
112900052,40,1338,-1298
112900053,605,176,429
112900054,285,71,214
112900055,236,44,192
112900056,501,320,181
112900057,25,904,-879
112900058,361,356,5
112900059,231,207,24
112900060,21,335,-314
112900061,114,194,-80
112900062,77,296,-219
112900063,183,14,169
112900064,337,299,38
112900065,67,60,7
112900066,285,172,113
112900067,725,247,478
112900068,66,52,14
112900069,2968,1057,1911
112900071,45,7,38
112900072,382,2818,-2436
112900073,561,84,477
112900074,145,293,-148
112900075,2321,1233,1088
112900076,126,30,96
112900078,423,677,-254
112900079,388,35,353
112900080,69,3,66
112900081,66,331,-265
112900082,609,18,591
112900083,141,92,49
112900084,207,148,59
112900085,0,10,-10
112900086,128,4,124
112900087,859,217,642
112900088,174,33,141
112900089,968,29,939
112900090,43,38,5
112900091,241,10,231
112900092,226,331,-105
112900093,2162,39,2123
112900094,1014,10,1004
112900095,41,2,39
112900096,502,268,234
112900097,128,536,-408
112900098,258,4,254
112900099,989,12,977
112900100,74,0,74
112900101,288,3,285
112900102,417,24,393
112900103,212,4,208
112900104,36,0,36
112900105,30,0,30
112900106,521,200,321
112900107,2,0,2
112900108,150,0,150
112900109,124,1,123
112900110,1016,21,995
112900111,794,5,789
112900112,304,2,302
112900113,2,12,-10
112900114,102,105,-3
112900115,1126,5,1121
112900116,176,45,131
112900117,118,174,-56
112900118,52,121,-69
112900119,272,4,268
112900120,1167,358,809
112900121,304,337,-33
112900122,32,210,-178
112900123,256,32,224
112900124,18,223,-205
112900125,133,710,-577
112900126,250,351,-101
112900127,472,114,358
112900128,467,1054,-587
112900129,11,1200,-1189
112900130,346,151,195
112900131,83,298,-215
112900132,149,555,-406
112900133,40,1690,-1650
112900134,1,448,-447
112900135,143,81,62
112900136,0,43,-43
112900137,3,892,-889
112900138,12,500,-488
112900139,312,1727,-1415
112900140,0,115,-115
112900141,900,44,856
112900142,112,160,-48
112900143,74,833,-759
112900144,0,297,-297
112900145,44,620,-576
112900146,11,1730,-1719
112900147,11,2641,-2630
112900148,100,2,98
112900149,315,910,-595
112900151,22,70,-48
112900152,5708,1423,4285
112900153,2720,2545,175
112900154,1,143,-142
112900155,256,45,211
112900156,471,2070,-1599
112900157,345,24,321
112900158,54,48,6
112900159,304,94,210
112900160,70,377,-307
112900161,141,47,94
112900162,44,27,17
112900163,169,60,109
112900164,66,299,-233
112900165,356,45,311
112900166,32,83,-51
112900167,12,66,-54
112900168,8,3,5
112900169,13,20,-7
112900170,96,145,-49
112900172,76,8,68
112900173,258,152,106
112900174,429,37,392
112900175,226,227,-1
112900176,10,53,-43
112900177,347,94,253
112900178,1083,4488,-3405
112900179,44,642,-598
112900180,3173,2284,889
112900181,613,6,607
112900182,68,1668,-1600
112900183,231,389,-158
112900184,606,607,-1
112900185,529,748,-219
112900186,2551,1346,1205
112900187,140,738,-598
112900188,1012,572,440
112900189,26,60,-34
112900190,67,71,-4
112900192,756,885,-129
112900193,1806,449,1357
112900194,72,209,-137
112900195,1272,72,1200
112900196,238,557,-319
112900197,240,553,-313
112900199,586,766,-180
112900200,637,410,227
112900201,94,145,-51
112900202,421,1337,-916
112900203,256,464,-208
112900204,1375,750,625
112900205,7,4,3
112900206,29,102,-73
112900207,16,0,16
112900208,105,393,-288
112900209,589,505,84
112900210,1,15,-14
112900211,136,137,-1
112900212,2,124,-122
112900213,37,10,27
112900214,45,10,35
112900215,7,245,-238
112900216,43,137,-94
112900217,2,87,-85
112900218,62,23,39
112900219,129,62,67
112900220,21,1,20
112900221,56,190,-134
112900222,1,52,-51
112900223,1454,25,1429
112900224,339,847,-508
112900225,476,633,-157
112900226,378,579,-201
112900227,549,1850,-1301
112900228,63,37,26
112900229,195,72,123
112900230,10057,6130,3927
112900232,352,375,-23
112900233,114,248,-134
112900234,19,183,-164
112900235,113,41,72
112900236,277,21,256
112900237,190,354,-164
112900238,6,59,-53
112900239,913,390,523
113000001,6911,9342,-2431
113000002,4769,5376,-607
113000003,2539,3671,-1132
113000004,2864,3702,-838
113000005,2128,1633,495
113000006,1660,2315,-655
113000007,2734,1889,845
113000008,2585,2504,81
113000009,1263,1307,-44
113000010,1515,2241,-726
113000011,956,2284,-1328
113000012,2147,1240,907
113000013,2001,1052,949
113000014,2039,2352,-313
113000015,1134,569,565
113000016,826,1252,-426
113000017,144,436,-292
113000018,839,116,723
113000019,344,359,-15
113000020,526,45,481
113000021,2040,793,1247
113000022,820,1470,-650
113000025,167,560,-393
113000026,692,733,-41
113000027,1326,705,621
113000028,2138,826,1312
113000029,1100,814,286
113000030,523,975,-452
113000031,427,482,-55
113000032,364,470,-106
113000033,450,590,-140
113000034,481,535,-54
113000035,45,80,-35
113000036,28,82,-54
113000037,111,58,53
113000038,21,109,-88
113000039,119,821,-702
113000040,60,109,-49
113000042,1202,913,289
113000051,1193,3497,-2304
113000052,2728,1778,950
113000053,398,665,-267
113000054,441,1436,-995
113000055,1388,1059,329
113000056,1001,1441,-440
113000058,998,1265,-267
113000059,1516,995,521
113000060,234,714,-480
113000061,532,1322,-790
113000062,1745,385,1360
113000063,197,250,-53
113000064,55,545,-490
113000065,193,1360,-1167
113000066,783,170,613
113000067,2285,2118,167
113000068,462,2333,-1871
113000069,738,1881,-1143
113000070,2805,1522,1283
113000071,572,944,-372
113000072,768,675,93
113000073,655,2258,-1603
113000074,1457,803,654
113000075,2500,1015,1485
113000076,1192,2748,-1556
113000077,1823,740,1083
113000078,1136,3515,-2379
113000079,1511,1188,323
113000080,1067,786,281
113000081,1375,1209,166
113000082,2409,1174,1235
113000083,774,1279,-505
113000084,2318,1801,517
113000085,1246,1207,39
113000086,1731,1904,-173
113000087,1369,1293,76
113000088,3571,1967,1604
113000089,1338,2279,-941
113000090,353,755,-402
113000091,792,500,292
113000094,1670,302,1368
113000095,337,1146,-809
113000096,221,929,-708
113000097,1656,514,1142
113000098,169,51,118
113000099,1409,437,972
113000100,194,556,-362
113000101,609,792,-183
113000102,744,481,263
113000103,3410,938,2472
113000104,585,3382,-2797
113000105,1166,662,504
113000106,615,991,-376
113000107,893,1110,-217
113000108,999,1960,-961
113000109,791,4684,-3893
113000110,1984,709,1275
113000111,151,953,-802
113000112,415,420,-5
113000113,2396,451,1945
113000114,351,2444,-2093
113000116,1149,401,748
113000117,1367,155,1212
113000118,293,1155,-862
113000119,625,476,149
113000120,161,390,-229
113000121,1420,1366,54
113000124,316,169,147
113000125,74,882,-808
113000127,3818,593,3225
113000128,752,880,-128
113000129,792,1684,-892
113000133,3988,2847,1141
113000134,13,1724,-1711
113000135,4335,6241,-1906
113000137,2978,4078,-1100
113000139,528,252,276
113000140,228,440,-212
113000141,649,284,365
113000142,1126,2007,-881
113000143,443,252,191
113000144,487,1093,-606
113000145,96,233,-137
113000146,188,137,51
113000147,224,213,11
113000148,174,168,6
113000149,133,198,-65
113000150,768,550,218
113000151,138,90,48
113000152,54,151,-97
113000153,2191,888,1303
113000154,914,2060,-1146
113000155,468,794,-326
113000156,198,585,-387
113000157,360,1270,-910
113000158,857,369,488
113000159,1172,860,312
113000160,726,1742,-1016
113000161,339,797,-458
113000162,953,626,327
113000163,206,68,138
113000164,22,109,-87
113000166,221,148,73
113000167,96,185,-89
113000168,94,188,-94
113000169,166,93,73
113000170,128,168,-40
113000171,85,131,-46
113000172,289,87,202
113000173,83,35,48
113000174,145,621,-476
113000175,505,184,321
113000176,579,200,379
113000177,245,577,-332
113000178,283,515,-232
113000179,394,339,55
113000180,1210,1843,-633
113000181,1557,1390,167
113000182,345,770,-425
113000183,283,820,-537
113000184,30,193,-163
113000189,676,1234,-558
113000190,1676,868,808
113000192,2550,2257,293
113000193,7042,1378,5664
113000194,2945,1588,1357
113000195,3654,1145,2509
113000196,287,110,177
113000197,3097,1666,1431
113000198,88,465,-377
113000199,2943,541,2402
113000201,1813,388,1425
113000202,5908,5700,208
113000203,446,362,84
113000204,2571,2416,155
113000205,20,52,-32
113000206,11,48,-37
113000207,87,48,39
113000208,42,72,-30
113000209,46,43,3
113000210,14,39,-25
113000211,336,277,59
113000212,211,36,175
113000213,77,367,-290
113000214,231,462,-231
113000234,204,1371,-1167
113000410,563,303,260
113000411,4520,6440,-1920
113000412,11079,3404,7675
113000413,4527,4054,473
113000414,11013,21833,-10820
113000415,3555,4813,-1258
113000416,12913,6598,6315
113000417,4439,4984,-545
113000418,6321,4349,1972
113000419,2633,2884,-251
113000420,5331,7920,-2589
113000421,5737,8837,-3100
113000422,18749,15341,3408
113000423,3008,6781,-3773
113000424,4869,12734,-7865
113000425,16,201,-185
113000428,231,134,97
113000430,45,687,-642
113000432,3160,225,2935
113000433,191,1155,-964
113000434,32,229,-197
113000435,49,970,-921
113000436,52,1775,-1723
113000437,1014,25,989
113000438,277,16,261
113000439,29,154,-125
113000440,122,47,75
113000441,193,254,-61
113000442,137,265,-128
113000443,240,321,-81
113000444,208,288,-80
113000445,123,181,-58
113000446,29,122,-93
113000448,235,335,-100
113000449,359,1397,-1038
113000450,966,6715,-5749
113000451,1456,280,1176
113000452,708,1064,-356
113000453,60,386,-326
113000454,3456,32,3424
113000455,7,278,-271
113000456,5472,3745,1727
113000468,2707,434,2273
113000469,428,217,211
113000470,651,71,580
113000471,25,677,-652
113000472,130,462,-332
113000474,565,845,-280
113000475,2278,2694,-416
113000476,1490,2283,-793
113000477,3454,2757,697
113000478,5632,7904,-2272
113000479,137,362,-225
113000480,154,145,9
113000481,0,0,0
113000482,0,0,0
113000483,0,0,0
113000484,0,0,0
113000485,8,0,8
113000486,26,0,26
113000487,1,2,-1
113000488,0,1,-1
113000489,0,1,-1
113000490,0,21,-21
113000491,42,22,20
113000492,6,3,3
113000493,3,0,3
113000495,167,123,44
113000496,77,124,-47
113000500,0,3,-3
113900001,5,392,-387
113900002,2,244,-242
113900003,0,168,-168
113900004,5,96,-91
113900005,0,132,-132
113900006,1,66,-65
113900007,432,61,371
113900008,334,0,334
113900009,1036,0,1036
113900010,757,6,751
113900011,128,3,125
113900012,39,2,37
113900013,2339,16,2323
113900014,771,3,768
113900015,3,63,-60
113900016,75,0,75
113900017,3,74,-71
113900018,646,292,354
113900019,191,86,105
113900020,183,0,183
113900022,21,0,21
113900023,49,0,49
113900024,79,82,-3
113900025,456,46,410
113900026,43,0,43
113900027,3,85,-82
113900028,25,591,-566
113900029,45,284,-239
113900030,265,4,261
113900031,8,1,7
113900032,14,1,13
113900033,53,119,-66
113900035,77,0,77
113900036,16,131,-115
113900037,171,665,-494
113900038,55,182,-127
113900039,214,23,191
113900040,4,4,0
113900041,11,8,3
113900042,139,41,98
113900043,302,180,122
113900044,368,313,55
113900045,118,1,117
113900046,397,732,-335
113900047,60,142,-82
113900048,287,132,155
113900049,907,571,336
113900050,322,512,-190
113900051,328,642,-314
113900052,224,241,-17
113900053,839,768,71
113900054,38,3,35
113900055,71,539,-468
113900056,80,175,-95
113900057,22,153,-131
113900058,115,278,-163
113900059,227,482,-255
113900060,211,368,-157
113900061,1579,324,1255
113900062,115,15,100
113900063,127,173,-46
113900064,38,191,-153
113900065,739,30,709
113900066,402,552,-150
113900067,358,393,-35
113900068,616,650,-34
113900069,91,42,49
113900070,249,622,-373
113900071,84,101,-17
113900072,116,265,-149
113900073,332,610,-278
113900074,293,517,-224
113900075,1522,1574,-52
113900076,240,8,232
113900077,82,259,-177
113900078,46,75,-29
113900079,2,91,-89
113900080,677,280,397
113900081,98,371,-273
113900082,178,407,-229
113900083,311,668,-357
113900084,335,159,176
113900085,60,315,-255
113900086,21,24,-3
113900087,99,279,-180
113900088,65,119,-54
113900089,484,55,429
113900090,745,522,223
113900091,22,34,-12
113900092,84,123,-39
113900093,122,917,-795
113900094,514,583,-69
113900095,128,158,-30
113900096,356,99,257
113900097,76,131,-55
113900098,681,114,567
113900099,2,103,-101
113900100,0,9,-9
113900101,21,113,-92
113900102,176,156,20
113900103,442,431,11
113900104,148,262,-114
113900105,132,445,-313
113900106,1,136,-135
113900107,2,48,-46
113900108,356,354,2
113900109,522,229,293
113900110,74,18,56
113900111,171,156,15
113900112,168,131,37
113900113,1450,606,844
113900114,2,161,-159
113900115,2,145,-143
113900116,149,223,-74
113900117,250,58,192
113900118,297,511,-214
113900119,313,574,-261
113900120,45,45,0
113900121,76,147,-71
113900122,471,2228,-1757
113900123,622,270,352
113900124,2,149,-147
113900125,1533,192,1341
113900126,183,65,118
113900127,403,767,-364
113900128,135,87,48
113900129,14,161,-147
113900130,0,41,-41
113900131,293,143,150
113900132,117,53,64
113900133,6,36,-30
113900135,381,525,-144
113900136,157,145,12
113900137,450,304,146
113900138,72,218,-146
113900139,615,215,400
113900140,479,451,28
113900141,568,586,-18
113900142,170,106,64
113900143,26,47,-21
113900144,507,341,166
113900145,385,228,157
113900146,213,107,106
113900148,165,440,-275
113900149,224,146,78
113900150,1169,846,323
113900151,479,318,161
113900152,50,80,-30
113900153,603,843,-240
113900154,2,134,-132
113900155,279,220,59
113900156,275,633,-358
113900157,48,320,-272
113900158,807,595,212
113900159,11,348,-337
113900160,927,853,74
113900161,185,237,-52
113900162,1064,1096,-32
113900163,465,400,65
113900164,365,90,275
113900165,986,625,361
113900166,404,217,187
113900167,280,73,207
113900168,224,187,37
113900169,373,502,-129
113900171,275,90,185
113900172,13,277,-264
113900173,64,740,-676
113900174,676,754,-78
113900175,361,190,171
113900176,417,866,-449
113900177,501,321,180
113900178,522,152,370
113900179,19,697,-678
113900180,204,136,68
113900181,687,144,543
113900182,965,1412,-447
113900183,102,106,-4
113900184,19,791,-772
113900185,220,108,112
113900186,57,89,-32
113900187,45,161,-116
113900188,67,301,-234
113900189,344,162,182
113900190,327,136,191
113900191,192,376,-184
113900192,8,634,-626
113900193,35,263,-228
113900194,2492,1529,963
113900195,355,560,-205
113900196,14,215,-201
113900197,2,254,-252
113900198,40,232,-192
113900199,292,1015,-723
113900200,32,397,-365
113900201,0,205,-205
113900202,74,452,-378
113900203,0,182,-182
113900204,85,792,-707
113900205,15,253,-238
113900206,10,201,-191
113900207,3,93,-90
113900208,0,91,-91
113900209,0,121,-121
113900210,936,1168,-232
113900211,327,101,226
113900212,247,698,-451
113900214,663,575,88
113900215,65,174,-109
113900216,121,1538,-1417
113900217,77,329,-252
113900218,165,83,82
113900219,126,481,-355
113900220,252,145,107
113900221,491,287,204
113900222,382,812,-430
113900223,111,1281,-1170
113900224,121,86,35
113900225,812,369,443
113900226,426,181,245
113900227,481,289,192
113900228,423,585,-162
113900229,95,1071,-976
113900230,6172,3896,2276
113900231,293,241,52
113900232,122,137,-15
113900233,87,99,-12
113900234,457,578,-121
113900235,122,36,86
113900236,151,416,-265
113900237,194,21,173
113900238,360,666,-306
113900239,64,115,-51
113900240,21,224,-203
113900241,132,70,62
113900242,50,206,-156
113900243,167,601,-434
113900244,514,334,180
113900245,1572,383,1189
113900246,26,38,-12
113900247,255,562,-307
113900248,3956,2542,1414
113900249,1544,572,972
113900250,85,183,-98
113900251,732,256,476
113900252,707,37,670
113900253,899,89,810
113900254,1013,206,807
113900255,485,25,460
113900256,379,33,346
113900257,26,729,-703
113900258,17,562,-545
113900259,627,233,394
113900260,218,23,195
113900261,33,146,-113
113900262,203,839,-636
113900263,237,870,-633
113900264,15,672,-657
113900265,274,395,-121
113900266,44,288,-244
113900267,165,646,-481
113900268,370,535,-165
113900269,113,214,-101
113900270,393,785,-392
113900271,792,1542,-750
113900273,110,16,94
113900274,120,31,89
113900275,58,78,-20
113900276,2,261,-259
113900277,183,2,181
113900278,429,264,165
113900279,145,147,-2
113900280,1599,611,988
113900281,885,1709,-824
113900282,1334,872,462
113900283,516,695,-179
113900284,1193,259,934
113900285,148,40,108
113900286,83,165,-82
113900287,37,198,-161
113900288,4,268,-264
113900289,1710,159,1551
113900290,474,252,222
113900291,138,290,-152
113900292,50,7,43
113900293,8,422,-414
113900294,466,48,418
113900295,677,548,129
113900296,2674,521,2153
113900297,2735,61,2674
113900298,12,2055,-2043
113900299,88,233,-145
113900300,7291,4424,2867
113900301,1130,476,654
113900302,3136,1273,1863
113900303,806,656,150
113900304,1,175,-174
113900305,107,0,107
113900306,40,1,39
113900307,162,0,162
113900308,135,165,-30
113900309,5,1280,-1275
113900310,0,27,-27
113900311,15,1,14
113900312,221,218,3
113900313,20,24,-4
114000001,1446,4659,-3213
114000002,328,581,-253
114000003,65,379,-314
114000004,364,504,-140
114000005,308,300,8
114000006,3885,3399,486
114000007,877,1889,-1012
114000008,1916,2367,-451
114000009,809,317,492
114000011,3076,3932,-856
114000012,2840,3007,-167
114000013,1974,2585,-611
114000014,602,454,148
114000015,2584,626,1958
114000016,305,410,-105
114000017,128,420,-292
114000018,490,82,408
114000026,1765,1970,-205
114000027,3611,2665,946
114000028,2994,3384,-390
114000038,337,232,105
114000039,122,94,28
114000040,137,260,-123
114000042,153,240,-87
114000043,87,224,-137
114000044,196,68,128
114000045,106,95,11
114000046,5222,6809,-1587
114000047,44,163,-119
114000048,109,57,52
114000049,1950,2282,-332
114000050,2266,3347,-1081
114000051,4339,2592,1747
114000052,6300,1879,4421
114000053,168,675,-507
114000054,265,1246,-981
114000055,629,44,585
114000056,1540,1137,403
114000057,9557,3113,6444
114000058,818,1967,-1149
114000059,498,457,41
114000060,801,1106,-305
114000061,4973,3326,1647
114000062,3296,1756,1540
114000063,3568,2399,1169
114000064,8777,5120,3657
114000065,2390,3400,-1010
114000066,556,849,-293
114000067,43,826,-783
114000068,522,1044,-522
114000069,1340,977,363
114000070,2820,2205,615
114000071,985,970,15
114000072,544,437,107
114000073,27,139,-112
114000074,33,26,7
114000075,43,183,-140
114000076,13,220,-207
114000077,6,69,-63
114000078,460,1237,-777
114000079,207,56,151
114000080,105,127,-22
114000081,104,136,-32
114000082,62,660,-598
114000083,84,360,-276
114000084,378,102,276
114000085,135,927,-792
114000086,287,612,-325
114000087,151,307,-156
114000088,70,71,-1
114000089,1665,588,1077
114000090,1148,1322,-174
114000091,1905,1296,609
114000092,1138,1100,38
114000093,1548,1552,-4
114000094,461,517,-56
114000095,491,179,312
114000096,225,674,-449
114000097,163,1038,-875
114000098,535,126,409
114000099,685,946,-261
114000100,1599,1178,421
114000101,486,1246,-760
114000102,614,503,111
114000103,155,581,-426
114000104,85,405,-320
114000105,212,180,32
114000106,1333,1274,59
114000107,407,199,208
114000108,2376,1540,836
114000109,606,1476,-870
114000110,844,2221,-1377
114000111,1745,1326,419
114000112,662,2327,-1665
114000113,1563,695,868
114000114,1577,1832,-255
114000115,2819,1278,1541
114000116,1104,866,238
114000117,3225,650,2575
114000118,2822,758,2064
114000119,2033,614,1419
114000120,749,1377,-628
114000121,522,1048,-526
114000122,502,496,6
114000123,2044,617,1427
114000124,1222,513,709
114000125,1317,2134,-817
114000126,5967,389,5578
114000127,309,275,34
114000128,1093,658,435
114000130,628,827,-199
114000131,319,284,35
114000132,818,920,-102
114000133,1179,2058,-879
114000134,97,214,-117
114000138,68,310,-242
114000139,618,272,346
114000144,994,703,291
114000145,148,328,-180
114000146,132,404,-272
114000147,1729,2214,-485
114000148,2481,2401,80
114000149,448,423,25
114000150,834,851,-17
114000151,1088,1504,-416
114000152,194,51,143
114000153,1123,2651,-1528
114000154,908,1091,-183
114000155,2204,3168,-964
114000156,1408,740,668
114000157,363,1318,-955
114000158,2038,1060,978
114000159,214,548,-334
114000160,147,354,-207
114000161,1943,3526,-1583
114000162,1267,2646,-1379
114000163,16,203,-187
114000165,636,281,355
114000166,906,522,384
114000167,4927,2017,2910
114000168,864,910,-46
114000169,2169,1561,608
114000170,1405,1048,357
114000171,1306,2398,-1092
114000174,271,618,-347
114000176,805,613,192
114000177,2900,1172,1728
114000178,90,72,18
114000179,1489,1065,424
114000180,650,891,-241
114000181,2319,4375,-2056
114000182,7446,3149,4297
114000183,1157,1005,152
114000184,874,1989,-1115
114000185,1476,1276,200
114000189,1007,145,862
114000190,2686,347,2339
114000191,43,80,-37
114000192,435,2218,-1783
114000193,1076,4272,-3196
114000194,1622,1526,96
114000195,186,32,154
114000196,6,437,-431
114000197,1270,90,1180
114000198,1973,604,1369
114000199,3326,2274,1052
114000200,789,2611,-1822
114000201,277,1158,-881
114000202,1858,919,939
114000203,648,1099,-451
114000204,247,699,-452
114000205,360,2263,-1903
114000206,790,2087,-1297
114000207,886,2655,-1769
114000208,615,4131,-3516
114000209,1002,3624,-2622
114000210,434,2199,-1765
114000211,1328,2925,-1597
114000212,1090,1036,54
114000213,1840,780,1060
114000214,123,300,-177
114000215,265,110,155
114000216,3056,775,2281
114000217,279,517,-238
114000218,127,388,-261
114000219,1676,453,1223
114000220,21,1462,-1441
114000221,1086,303,783
114000222,200,1500,-1300
114000223,571,173,398
114000224,119,944,-825
114000225,273,797,-524
114000226,204,320,-116
114000227,1394,711,683
114000228,896,1218,-322
114000229,1264,1847,-583
114000230,2218,1786,432
114000231,1167,1813,-646
114000232,729,164,565
114000233,2328,169,2159
114000234,1494,1321,173
114000235,1257,2090,-833
114000236,2,643,-641
114000237,139,1262,-1123
114000238,419,276,143
114000239,261,1685,-1424
114000240,1120,1053,67
114000241,297,1259,-962
114000242,1273,1182,91
114000243,2457,1118,1339
114000244,2065,520,1545
114000245,417,858,-441
114000246,288,43,245
114000247,1931,1010,921
114000248,1390,760,630
114000249,588,869,-281
114000250,578,1059,-481
114000251,376,448,-72
114000252,101,158,-57
114000253,96,219,-123
114000254,53,138,-85
114000255,1053,341,712
114000256,2467,2431,36
114000257,639,1929,-1290
114000258,696,577,119
114000259,372,338,34
114000260,0,48,-48
114000261,60,51,9
114000262,291,270,21
114000263,34,6,28
114000264,1479,865,614
114000265,0,12,-12
114000267,3,2831,-2828
114000268,2,2117,-2115
114000270,181,11,170
114000271,871,93,778
114000283,1831,661,1170
114000285,62,401,-339
114000288,94,405,-311
114000289,1600,168,1432
114000293,185,644,-459
114000294,273,405,-132
114000395,3151,94,3057
114000396,630,605,25
114000402,592,471,121
114000403,390,636,-246
114000405,182,722,-540
114000423,348,565,-217
114000424,730,297,433
114000425,713,597,116
114000426,368,1224,-856
114000427,80,117,-37
114000428,328,199,129
114000429,20,252,-232
114000432,75,144,-69
114000434,34,110,-76
114000435,13,294,-281
114000436,5564,1530,4034
114000437,558,3028,-2470
114900001,870,1572,-702
114900002,1645,144,1501
114900003,814,2394,-1580
114900004,561,528,33
114900005,759,1229,-470
114900006,130,66,64
114900007,302,28,274
114900008,215,148,67
114900010,3064,2648,416
114900011,232,237,-5
114900013,289,247,42
114900015,110,684,-574
114900018,1155,29,1126
114900020,267,102,165
114900022,11,795,-784
114900024,424,171,253
114900025,557,340,217
114900026,60,159,-99
114900027,294,356,-62
114900029,33,20,13
114900030,429,319,110
114900031,495,45,450
114900032,488,52,436
114900033,1778,828,950
114900034,82,304,-222
114900035,143,420,-277
114900036,276,1046,-770
114900037,164,279,-115
114900038,175,1050,-875
114900039,568,849,-281
114900040,115,228,-113
114900041,711,770,-59
114900042,853,936,-83
114900043,960,390,570
114900044,174,38,136
114900046,93,189,-96
114900047,281,1982,-1701
114900048,121,341,-220
114900049,10,272,-262
114900050,77,594,-517
114900051,49,510,-461
114900052,207,252,-45
114900053,352,359,-7
114900054,83,241,-158
114900057,315,8,307
114900058,2,139,-137
114900059,89,70,19
114900060,1791,1123,668
114900061,139,242,-103
114900062,371,483,-112
114900063,84,302,-218
114900064,1472,735,737
114900065,481,878,-397
114900067,66,504,-438
114900068,87,239,-152
114900069,311,222,89
114900070,608,697,-89
114900072,8,440,-432
114900073,0,384,-384
114900074,658,1045,-387
114900075,306,10,296
114900076,26,579,-553
114900080,3190,657,2533
114900082,5166,2209,2957
114900083,1736,1406,330
114900090,469,460,9
114900091,180,272,-92
114900095,611,216,395
114900096,612,1101,-489
114900097,113,0,113
114900098,1,295,-294
114900099,257,3,254
115000001,9361,6831,2530
115000002,4388,5019,-631
115000003,6224,5650,574
115000004,4788,7237,-2449
115000005,1976,3268,-1292
115000006,1286,2114,-828
115000007,93,254,-161
115000008,634,672,-38
115000009,330,314,16
115000010,425,197,228
115000013,108,231,-123
115000015,57,405,-348
115000016,303,375,-72
115000019,42,645,-603
115000020,163,845,-682
115000021,300,607,-307
115000022,721,435,286
115000023,575,769,-194
115000024,1516,589,927
115000025,1032,876,156
115000026,208,517,-309
115000027,326,423,-97
115000028,286,1163,-877
115000029,698,177,521
115000030,1048,1425,-377
115000031,1362,616,746
115000032,7,330,-323
115000033,337,44,293
115000034,166,1449,-1283
115000035,1391,83,1308
115000036,1,555,-554
115000037,728,12,716
115000038,68,233,-165
115000039,4485,3518,967
115000040,9044,4127,4917
115000041,2233,4403,-2170
115000042,1708,909,799
115000043,3897,2734,1163
115000044,4656,5253,-597
115000045,3450,2675,775
115000046,2558,3097,-539
115000047,2394,2146,248
115000048,1919,3536,-1617
115000049,2211,4861,-2650
115000050,3588,2614,974
115000051,2233,3775,-1542
115000052,3305,2631,674
115000053,2176,2398,-222
115000054,916,1729,-813
115000055,182,499,-317
115000056,208,472,-264
115000057,776,758,18
115000058,295,166,129
115000059,234,193,41
115000061,493,133,360
115000062,318,411,-93
115000063,348,472,-124
115000064,301,162,139
115000065,37,523,-486
115000067,290,38,252
115000069,67,436,-369
115000070,42,1459,-1417
115000071,165,20,145
115000072,11,113,-102
115000073,2017,72,1945
115000075,103,67,36
115000076,4849,4140,709
115000077,2651,3861,-1210
115000078,1476,2237,-761
115000079,1767,2701,-934
115000080,2958,3525,-567
115000081,604,1397,-793
115000082,4402,4783,-381
115000083,2695,3328,-633
115000084,2478,1694,784
115000085,917,1295,-378
115000086,1243,1291,-48
115000087,634,2136,-1502
115000088,2175,1004,1171
115000089,2083,1861,222
115000090,779,1502,-723
115000091,364,1417,-1053
115000092,456,484,-28
115000093,542,1,541
115000094,9782,6925,2857
115000095,7741,7167,574
115000096,737,2306,-1569
115000097,1075,1109,-34
115000098,1213,1149,64
115000099,2707,4000,-1293
115000100,1114,613,501
115000101,545,2135,-1590
115000102,577,369,208
115000103,418,953,-535
115000105,67,253,-186
115000106,624,384,240
115000107,236,672,-436
115000108,4723,3610,1113
115000109,6539,5440,1099
115000110,1927,1832,95
115000111,892,2542,-1650
115000112,923,896,27
115000113,832,1308,-476
115000114,2210,1302,908
115000116,5291,2734,2557
115000117,5291,4088,1203
115000118,3169,2355,814
115000119,2997,3207,-210
115000120,943,1686,-743
115000121,2227,1489,738
115000122,5454,2546,2908
115000123,2218,2880,-662
115000124,1363,1371,-8
115000125,783,740,43
115000126,222,405,-183
115000127,661,148,513
115000128,853,999,-146
115000129,435,381,54
115000130,446,1123,-677
115000131,900,382,518
115000132,452,557,-105
115000133,950,439,511
115000134,974,338,636
115000135,560,311,249
115000136,364,275,89
115000137,250,291,-41
115000138,320,324,-4
115000139,357,303,54
115000140,345,286,59
115000141,222,408,-186
115000142,205,422,-217
115000143,650,706,-56
115000144,617,94,523
115000145,271,558,-287
115000146,607,355,252
115000147,650,691,-41
115000148,376,1839,-1463
115000149,751,295,456
115000150,875,1619,-744
115000151,1391,850,541
115000152,847,1838,-991
115000153,1266,1006,260
115000154,1005,486,519
115000155,722,1588,-866
115000156,1438,936,502
115000157,1226,1212,14
115000158,1099,531,568
115000159,1114,729,385
115000160,1074,948,126
115000161,766,882,-116
115000162,890,918,-28
115000163,896,809,87
115000164,875,784,91
115000165,672,556,116
115000167,184,102,82
115000168,872,495,377
115000169,935,489,446
115000170,416,174,242
115000171,564,280,284
115000172,1900,888,1012
115000173,509,786,-277
115000174,285,358,-73
115000175,296,119,177
115000176,299,114,185
115000177,361,124,237
115000178,50,364,-314
115000179,130,44,86
115000180,219,923,-704
115000181,662,209,453
115000182,836,549,287
115000183,416,1234,-818
115000186,781,374,407
115000187,307,1100,-793
115000188,635,817,-182
115000189,351,618,-267
115000190,1133,707,426
115000191,502,763,-261
115000194,297,275,22
115000195,442,317,125
115000196,163,134,29
115000197,224,431,-207
115000198,275,293,-18
115000199,501,315,186
115000200,444,146,298
115000201,142,532,-390
115000206,508,114,394
115000207,137,487,-350
115000208,612,947,-335
115000209,814,383,431
115000210,218,186,32
115000211,340,388,-48
115000212,2187,438,1749
115000224,563,60,503
115000225,76,93,-17
115000229,276,209,67
115000230,153,605,-452
115000231,340,2856,-2516
115000232,1654,450,1204
115000233,245,279,-34
115000234,32,443,-411
115000241,98,398,-300
115000242,113,450,-337
115000243,46,319,-273
115000244,10,157,-147
115000246,45,30,15
115000247,51,30,21
115000248,32,30,2
115000249,43,40,3
115000250,354,35,319
115000251,298,209,89
115000252,124,284,-160
115000253,27,512,-485
115000258,358,274,84
115000259,454,200,254
115000261,17,31,-14
115000262,14,14,0
115000263,15,64,-49
115000264,34,65,-31
115000267,69,95,-26
115000268,36,146,-110
115000269,161,93,68
115000270,21,19,2
115000272,63,211,-148
115000273,449,50,399
115000280,2732,214,2518
115000281,795,829,-34
115000282,1912,1075,837
115000284,403,208,195
115000296,1082,13,1069
115000297,310,155,155
115000298,124,475,-351
115000300,201,273,-72
115000302,572,269,303
115000303,793,207,586
115000304,783,135,648
115000305,135,1190,-1055
115000306,241,582,-341
115000307,134,209,-75
115000308,33,14,19
115000309,41,24,17
115000310,1041,1235,-194
115000311,977,1884,-907
115000313,121,966,-845
115000314,565,169,396
115000315,1123,534,589
115000316,97,127,-30
115000317,204,739,-535
115000318,999,447,552
115000319,108,465,-357
115000320,20,439,-419
115000321,727,20,707
115000322,57,301,-244
115000449,410,280,130
115000557,52,1382,-1330
115000558,563,88,475
115000587,572,671,-99
115000588,3487,4003,-516
115000589,4758,3298,1460
115000590,1665,1779,-114
115000591,2760,1013,1747
115000592,1053,2431,-1378
115000593,1902,781,1121
115000594,1069,2891,-1822
115000609,127,183,-56
115000617,3049,4277,-1228
115000624,309,115,194
115000633,649,2766,-2117
115000634,3721,1234,2487
115000635,693,186,507
115000638,1456,1000,456
115000641,70,172,-102
115000642,434,484,-50
115000643,158,831,-673
115000644,182,654,-472
115000646,981,1789,-808
115000647,216,657,-441
115000648,1944,2448,-504
115000893,4109,1802,2307
115000894,165,1578,-1413
115000895,527,1089,-562
115000896,1493,406,1087
115000897,758,262,496
115000898,1222,305,917
115000899,870,1437,-567
115000900,247,556,-309
115000901,93,169,-76
115000912,365,156,209
115000913,6,22,-16
115000915,97,1,96
115000916,10,4,6
115000917,0,14,-14
115000918,114,914,-800
115000919,8,18,-10
115000920,129,81,48
115000921,1491,260,1231
115000922,2288,914,1374
115000923,597,1009,-412
115000925,71,93,-22
115000927,40,72,-32
115000933,354,183,171
115000934,161,254,-93
115000935,162,165,-3
115900001,115,65,50
115900002,114,222,-108
115900003,239,156,83
115900004,0,93,-93
115900005,158,10,148
115900006,159,426,-267
115900008,46,19,27
115900009,82,375,-293
115900010,377,207,170
115900011,792,377,415
115900012,158,108,50
115900013,645,208,437
115900014,152,205,-53
115900015,119,135,-16
115900016,103,43,60
115900017,19,7,12
115900018,217,116,101
115900019,1462,27,1435
115900020,56,1,55
115900021,1957,227,1730
115900022,1367,24,1343
115900023,67,8,59
115900025,97,341,-244
115900026,1153,368,785
115900027,2,419,-417
115900028,900,100,800
115900029,14,518,-504
115900030,58,25,33
115900031,420,356,64
115900032,660,1113,-453
115900033,1,72,-71
115900034,24,636,-612
115900035,65,31,34
115900036,129,765,-636
115900037,84,563,-479
115900038,58,15,43
115900039,229,315,-86
115900041,553,693,-140
115900042,19,5,14
115900043,165,121,44
115900044,365,370,-5
115900046,305,375,-70
115900047,176,158,18
115900049,208,313,-105
115900051,4,51,-47
115900052,12,270,-258
115900053,234,358,-124
115900054,191,59,132
115900055,15,155,-140
115900056,270,430,-160
115900057,59,9,50
115900058,45,72,-27
115900060,225,236,-11
115900061,291,2,289
115900062,58,362,-304
115900063,53,16,37
115900064,175,257,-82
115900065,201,156,45
115900066,267,235,32
115900067,4,832,-828
115900068,4040,1195,2845
115900069,96,263,-167
115900070,246,282,-36
115900071,2,622,-620
115900072,71,293,-222
115900073,77,71,6
115900074,3,439,-436
115900075,48,404,-356
115900076,5,100,-95
115900077,5,343,-338
115900078,106,181,-75
115900079,215,14,201
115900080,616,362,254
115900081,31,80,-49
115900082,202,283,-81
115900084,419,33,386
115900085,122,78,44
115900086,2003,867,1136
115900088,13,73,-60
115900089,302,882,-580
115900090,339,45,294
115900091,33,25,8
115900092,22,210,-188
115900093,11,40,-29
115900094,4,408,-404
115900096,2,24,-22
115900097,9,609,-600
115900098,174,576,-402
115900099,239,81,158
115900100,22,681,-659
115900101,164,444,-280
115900102,52,101,-49
115900103,382,322,60
115900104,55,159,-104
115900105,260,892,-632
115900106,60,32,28
115900107,94,273,-179
115900108,130,72,58
115900109,59,630,-571
115900110,3,50,-47
115900111,3,127,-124
115900112,65,1429,-1364
115900113,41,34,7
115900114,9,191,-182
115900115,81,311,-230
115900116,132,1354,-1222
115900117,105,42,63
115900118,4,392,-388
115900119,152,242,-90
115900120,40,539,-499
115900121,235,391,-156
115900124,363,769,-406
115900125,351,63,288
115900126,741,129,612
115900127,708,112,596
115900128,9,118,-109
115900129,888,71,817
115900130,31,239,-208
115900131,497,39,458
115900132,518,9,509
115900134,382,15,367
115900135,531,1326,-795
115900137,44,5,39
115900139,108,80,28
115900140,196,31,165
115900141,13,71,-58
115900142,11,30,-19
115900143,311,416,-105
115900144,79,384,-305
115900146,8,209,-201
115900147,308,311,-3
115900148,76,21,55
115900149,102,33,69
115900150,126,90,36
115900151,10,98,-88
115900152,168,424,-256
115900153,131,322,-191
115900154,784,446,338
115900155,1,107,-106
115900156,746,1022,-276
115900157,215,593,-378
115900158,44,16,28
115900159,143,299,-156
115900160,23,3,20
115900161,215,246,-31
115900163,237,195,42
115900164,677,25,652
115900165,7,228,-221
115900166,263,290,-27
115900168,231,274,-43
115900171,160,546,-386
115900172,71,177,-106
115900173,242,204,38
115900174,341,271,70
115900175,101,267,-166
115900178,7,902,-895
115900179,190,12,178
115900180,69,313,-244
115900181,149,298,-149
115900182,404,352,52
115900183,146,48,98
115900184,2084,18,2066
115900187,14,150,-136
115900189,1,235,-234
115900190,564,1639,-1075
115900191,34,503,-469
115900192,11,99,-88
115900193,263,177,86
115900194,743,67,676
115900195,842,2143,-1301
115900198,295,547,-252
115900199,251,364,-113
115900200,365,511,-146
115900201,539,324,215
115900202,1,80,-79
115900203,14,11,3
115900204,4,6,-2
115900205,169,10,159
115900206,249,233,16
115900207,40,30,10
115900208,156,296,-140
115900209,10,161,-151
115900210,6,173,-167
115900211,5,283,-278
115900212,195,498,-303
115900213,190,112,78
115900214,483,379,104
115900215,26,99,-73
115900216,10,110,-100
115900217,15,114,-99
115900218,1,45,-44
115900219,85,16,69
115900220,147,33,114
115900221,62,20,42
115900222,39,26,13
115900223,20,368,-348
115900224,1770,1312,458
115900225,74,47,27
115900226,17,59,-42
115900227,38,83,-45
115900228,9,44,-35
115900229,6,72,-66
115900230,78,175,-97
115900231,131,4,127
115900232,59,4,55
115900233,108,18,90
115900234,64,39,25
115900235,23,56,-33
115900236,172,36,136
115900237,44,36,8
115900238,114,41,73
115900239,25,39,-14
115900240,11,75,-64
115900241,239,182,57
115900242,283,437,-154
115900243,15,11,4
115900244,8,14,-6
115900245,46,13,33
115900246,105,3,102
115900247,27,10,17
115900248,34,20,14
115900249,5,24,-19
115900250,9,49,-40
115900251,1,28,-27
115900252,4,4,0
115900253,14,59,-45
115900254,17,36,-19
115900255,6,21,-15
115900256,27,20,7
115900257,6,11,-5
115900258,1,2,-1
115900259,6,5,1
115900260,18,0,18
115900261,17,4,13
115900262,1,1,0
115900263,17,2,15
115900264,16,10,6
115900265,3,9,-6
115900266,5,13,-8
115900267,9,19,-10
115900268,9,5,4
115900269,482,640,-158
115900270,393,709,-316
115900271,79,0,79
115900272,30,3,27
115900273,14,25,-11
115900274,2,12,-10
115900275,3,22,-19
115900276,1,55,-54
115900277,0,73,-73
115900278,35,158,-123
115900279,13,199,-186
115900280,14,358,-344
115900281,489,198,291
116000001,18251,7108,11143
116000002,5954,12715,-6761
116000003,2342,2269,73
116000004,2917,4336,-1419
116000005,4839,4590,249
116000006,3899,2543,1356
116000007,5271,5673,-402
116000008,6512,2934,3578
116000009,2138,3595,-1457
116000010,2234,2024,210
116000011,1183,2520,-1337
116000012,1591,1250,341
116000013,17787,6863,10924
116000014,22093,14979,7114
116000015,782,1849,-1067
116000016,10599,4899,5700
116000017,44,955,-911
116000018,889,692,197
116000019,1464,488,976
116000020,841,1686,-845
116000021,678,390,288
116000022,527,558,-31
116000023,1471,1051,420
116000024,837,1420,-583
116000025,1055,822,233
116000026,2461,3182,-721
116000027,1926,823,1103
116000028,627,1234,-607
116000029,1758,1089,669
116000030,933,695,238
116000031,301,404,-103
116000032,496,401,95
116000033,488,730,-242
116000034,1271,1444,-173
116000035,613,1488,-875
116000036,2201,1120,1081
116000037,930,873,57
116000038,855,456,399
116000039,726,451,275
116000040,1822,342,1480
116000041,271,599,-328
116000042,768,318,450
116000043,112,746,-634
116000044,21,55,-34
116000045,2806,2152,654
116000046,2167,2299,-132
116000047,3601,4373,-772
116000048,3813,2654,1159
116000049,1448,3317,-1869
116000050,1730,2837,-1107
116000051,6950,3321,3629
116000052,7070,7109,-39
116000053,2757,1558,1199
116000054,1110,3693,-2583
116000055,708,1966,-1258
116000056,1152,1612,-460
116000057,6108,2929,3179
116000058,5055,3329,1726
116000059,4627,7836,-3209
116000060,3759,1218,2541
116000061,532,1206,-674
116000062,1071,316,755
116000063,849,1431,-582
116000066,270,790,-520
116000067,293,685,-392
116000068,367,360,7
116000069,336,637,-301
116000078,551,1361,-810
116000080,2359,1574,785
116000082,15,158,-143
116000083,1829,594,1235
116000084,3032,5149,-2117
116000085,2974,2248,726
116000086,2534,1609,925
116000087,2085,1934,151
116000088,1179,1584,-405
116000089,248,157,91
116000090,174,145,29
116000091,579,437,142
116000093,832,846,-14
116000094,824,978,-154
116000095,992,948,44
116000096,925,2337,-1412
116000097,1687,1168,519
116000098,126,10571,-10445
116000099,11368,390,10978
116000100,211,34,177
116000101,916,1550,-634
116000102,326,2123,-1797
116000103,751,509,242
116000104,388,2265,-1877
116000105,1507,283,1224
116000106,1288,1403,-115
116000107,5510,633,4877
116000108,1388,236,1152
116000111,172,55,117
116000113,150,167,-17
116000114,58,196,-138
116000115,322,150,172
116000116,323,732,-409
116000117,1774,2487,-713
116000118,1615,2230,-615
116000119,3344,2413,931
116000120,3652,6518,-2866
116000121,922,740,182
116000122,1496,2664,-1168
116000123,1231,598,633
116000124,476,1487,-1011
116000125,2785,1030,1755
116000126,498,2011,-1513
116000127,1461,1941,-480
116000128,1843,1302,541
116000129,1199,301,898
116000130,562,477,85
116000133,1013,1354,-341
116000134,2389,3664,-1275
116000135,2625,1879,746
116000136,1518,3014,-1496
116000137,1182,1055,127
116000138,1236,751,485
116000139,2595,2939,-344
116000140,228,347,-119
116000141,517,1028,-511
116000142,5045,4422,623
116000143,2359,2684,-325
116000144,1947,3426,-1479
116000145,2005,1994,11
116000146,582,409,173
116000147,454,179,275
116000148,649,669,-20
116000149,845,848,-3
116000151,914,931,-17
116000153,143,868,-725
116000155,320,433,-113
116000156,624,1546,-922
116000157,75,30,45
116000158,472,766,-294
116000159,30,28,2
116000160,15,154,-139
116000161,4,193,-189
116000162,131,132,-1
116000163,39,22,17
116000164,50,28,22
116000177,1292,193,1099
116000194,118,631,-513
116000195,2103,900,1203
116000196,41,11,30
116000197,16,18,-2
116000198,4078,1638,2440
116000200,1216,652,564
116000201,879,1073,-194
116000202,16,341,-325
116000203,2,146,-144
116000204,14,60,-46
116000205,0,269,-269
116000206,1,157,-156
116000207,9,67,-58
116000233,250,842,-592
116000287,155,701,-546
116000288,273,361,-88
116000292,115,235,-120
116000296,40,220,-180
116000297,237,29,208
116000304,239,33,206
116000305,20,171,-151
116000346,256,147,109
116000352,224,52,172
116000354,121,13,108
116000357,35,33,2
116000358,440,50,390
116000361,101,4,97
116000372,11377,5267,6110
116000381,145,2,143
116000388,2,93,-91
116000389,1288,734,554
116000445,432,816,-384
116000446,636,1142,-506
116000447,28,676,-648
116000448,750,323,427
116000563,1694,1115,579
116000565,98,666,-568
116000568,98,335,-237
116000579,39,172,-133
116000584,41,10,31
116000585,28,30,-2
116000586,278,181,97
116000587,813,1064,-251
116000589,63,76,-13
116000590,93,130,-37
116000591,229,440,-211
116000592,26,172,-146
116000593,0,28,-28
116000594,677,739,-62
116000595,793,257,536
116000596,160,10,150
116000597,381,129,252
116000598,26,277,-251
116000602,123,756,-633
116000605,369,185,184
116000606,74,334,-260
116000607,9,83,-74
116000609,277,1070,-793
116000611,120,776,-656
116000612,842,2817,-1975
116000613,672,520,152
116000614,597,935,-338
116000615,5,281,-276
116000616,93,157,-64
116000617,89,154,-65
116000618,0,213,-213
116000619,107,85,22
116000620,121,96,25
116000621,49,188,-139
116000622,68,225,-157
116000624,367,127,240
116000627,23,30,-7
116000628,39,398,-359
116000629,12,546,-534
116000630,299,34,265
116000631,96,35,61
116000632,562,387,175
116000633,57,791,-734
116000634,695,35,660
116000635,3459,2215,1244
116900001,334,259,75
116900002,332,11,321
116900003,37,152,-115
116900004,44,104,-60
116900005,282,84,198
116900006,226,235,-9
116900007,181,243,-62
116900008,461,489,-28
116900009,22,8,14
116900010,15,2203,-2188
116900011,14,52,-38
116900012,316,319,-3
116900013,4,296,-292
116900014,104,385,-281
116900015,367,91,276
116900016,213,6,207
116900017,2,845,-843
116900018,89,90,-1
116900019,18,548,-530
116900020,1546,1396,150
116900023,92,8,84
116900024,657,109,548
116900025,1440,1162,278
116900026,265,1000,-735
116900027,54,103,-49
116900028,5,143,-138
116900029,0,89,-89
116900031,2,12,-10
116900032,13,485,-472
116900033,14,26,-12
116900034,39,91,-52
116900035,186,332,-146
116900036,3,146,-143
116900038,150,4,146
116900041,60,21,39
116900042,1041,343,698
116900043,22,124,-102
116900045,378,72,306
116900047,95,121,-26
116900049,34,465,-431
116900050,146,705,-559
116900051,164,338,-174
116900052,310,91,219
116900055,5,9,-4
116900057,23,368,-345
116900058,74,560,-486
116900059,4,257,-253
116900060,263,283,-20
116900062,1,21,-20
116900064,112,1033,-921
116900065,36,185,-149
116900067,134,162,-28
116900068,196,429,-233
116900070,1,9,-8
116900072,23,648,-625
116900073,14,219,-205
116900074,8,78,-70
116900076,20,45,-25
116900077,11,295,-284
116900078,362,187,175
116900079,39,388,-349
116900080,27,33,-6
116900081,514,2022,-1508
116900082,598,1350,-752
116900083,89,76,13
116900084,225,77,148
116900085,42,203,-161
116900086,65,326,-261
116900088,485,139,346
116900090,222,73,149
116900091,330,50,280
116900092,130,1121,-991
116900093,2152,2751,-599
116900094,7709,5478,2231
116900095,375,146,229
116900096,100,254,-154
116900097,5315,3160,2155
116900098,1093,348,745
116900099,1083,814,269
116900100,1040,43,997
116900101,458,787,-329
116900103,10,2,8
116900104,62,98,-36
116900105,419,156,263
116900106,2147,441,1706
116900107,5674,3304,2370
116900110,8,3,5
116900111,504,1204,-700
116900112,325,1727,-1402
116900113,3364,1758,1606
116900116,200,531,-331
116900117,109,154,-45
116900118,1150,1081,69
116900120,289,146,143
116900121,148,38,110
116900122,935,1145,-210
116900123,227,1144,-917
116900124,179,1512,-1333
116900125,379,268,111
116900126,339,873,-534
116900128,0,37,-37
116900129,10,454,-444
116900130,989,4238,-3249
116900131,191,431,-240
116900132,68,141,-73
116900133,135,193,-58
116900134,241,398,-157
116900136,383,217,166
116900137,543,200,343
116900138,348,256,92
116900139,148,443,-295
116900140,271,199,72
116900141,1008,584,424
116900142,13,55,-42
116900143,416,614,-198
116900144,29,77,-48
116900145,128,410,-282
116900147,899,493,406
116900148,22,48,-26
116900149,57,252,-195
116900150,12,23,-11
116900151,33,22,11
116900153,121,100,21
116900154,835,667,168
116900155,113,94,19
116900157,629,470,159
116900158,409,328,81
116900159,72,380,-308
116900160,2582,579,2003
116900161,11066,7341,3725
116900162,36,171,-135
116900163,230,223,7
116900164,152,96,56
116900165,326,222,104
116900166,28,198,-170
116900167,519,114,405
116900168,394,102,292
116900169,1241,499,742
116900170,292,575,-283
116900171,49,370,-321
116900172,334,273,61
116900173,235,68,167
116900174,43,79,-36
116900175,265,171,94
116900178,25,236,-211
116900179,107,278,-171
116900180,117,33,84
116900182,521,397,124
116900183,200,167,33
116900185,38,61,-23
116900186,114,405,-291
116900187,74,45,29
116900188,170,35,135
116900189,211,1,210
116900191,470,847,-377
116900192,331,216,115
116900194,206,1262,-1056
116900195,55,28,27
116900196,20,117,-97
116900197,133,13,120
116900198,256,234,22
116900200,54,71,-17
116900201,133,39,94
116900202,197,72,125
116900203,198,21,177
116900204,59,95,-36
116900206,10,29,-19
116900207,35,53,-18
116900208,22,182,-160
116900209,25,128,-103
116900210,572,356,216
116900211,275,14,261
116900212,71,132,-61
116900213,239,252,-13
116900214,209,254,-45
116900215,72,85,-13
116900216,444,385,59
116900218,12,376,-364
116900219,1549,684,865
116900220,113,317,-204
116900221,103,460,-357
116900222,479,548,-69
116900223,140,402,-262
116900226,127,111,16
116900227,211,112,99
116900228,368,374,-6
116900230,68,423,-355
116900231,16,554,-538
116900232,13,554,-541
116900233,284,152,132
116900234,23,11,12
116900235,196,409,-213
116900238,1937,450,1487
116900239,30,1057,-1027
116900240,8793,4556,4237
116900241,268,214,54
116900242,455,400,55
116900243,7,157,-150
116900245,51,22,29
116900246,127,22,105
116900247,832,29,803
116900248,140,68,72
116900249,368,220,148
116900250,471,81,390
116900251,651,626,25
116900252,170,1353,-1183
116900253,172,129,43
116900254,34,149,-115
116900255,230,119,111
116900256,396,160,236
116900257,34,731,-697
116900258,6,364,-358
116900259,171,23,148
116900260,2,183,-181
116900261,43,5,38
116900262,235,211,24
116900263,1,11,-10
116900264,0,0,0
116900265,17,0,17
116900266,19,64,-45
116900267,3,2,1
116900268,112,15,97
116900269,476,776,-300
116900271,2612,271,2341
116900272,484,632,-148
116900273,309,65,244
116900274,130,121,9
116900275,153,170,-17
116900276,761,132,629
116900277,831,41,790
116900278,14,14,0
116900279,0,27,-27
116900280,14,63,-49
116900281,10244,5147,5097
116900282,8,141,-133
116900283,19,135,-116
116900284,31,279,-248
116900285,435,342,93
116900286,270,33,237
116900287,4,77,-73
116900288,44,169,-125
116900289,21,47,-26
116900290,1,62,-61
116900291,9,11,-2
116900292,0,17,-17
116900293,39,88,-49
116900294,50,240,-190
116900295,347,30,317
116900296,104,45,59
116900297,18,97,-79
116900298,117,27,90
116900299,108,33,75
116900300,7,97,-90
116900301,132,67,65
116900302,59,48,11
116900303,463,84,379
116900304,1,220,-219
116900305,42,125,-83
116900306,205,113,92
117000001,2555,2523,32
117000002,2891,7198,-4307
117000003,10045,4575,5470
117000004,6305,7905,-1600
117000005,2899,2544,355
117000006,1856,5486,-3630
117000007,4725,1778,2947
117000008,1650,6610,-4960
117000009,6494,2795,3699
117000010,3813,6578,-2765
117000011,2909,2682,227
117000012,1808,2183,-375
117000013,2498,1398,1100
117000014,2148,3339,-1191
117000015,5876,1941,3935
117000016,680,69,611
117000017,865,196,669
117000018,384,760,-376
117000019,457,7,450
117000020,544,2156,-1612
117000021,3452,679,2773
117000022,740,149,591
117000023,1103,131,972
117000024,981,143,838
117000025,1424,663,761
117000026,5174,1234,3940
117000027,3598,3787,-189
117000028,6332,1765,4567
117000030,1041,745,296
117000031,546,373,173
117000032,2592,1675,917
117000033,2501,1962,539
117000034,478,426,52
117000035,463,413,50
117000036,555,500,55
117000037,367,310,57
117000038,389,894,-505
117000039,685,412,273
117000040,223,1619,-1396
117000041,1378,225,1153
117000044,23,1259,-1236
117000045,493,89,404
117000046,791,855,-64
117000047,1159,843,316
117000048,2903,1939,964
117000049,187,1136,-949
117000050,199,3166,-2967
117000051,2594,200,2394
117000052,55,528,-473
117000053,448,105,343
117000054,2031,18,2013
117000055,21,4850,-4829
117000056,831,37,794
117000057,859,3385,-2526
117000060,662,2784,-2122
117000061,2261,1337,924
117000062,422,921,-499
117000063,2649,1315,1334
117000064,1114,1109,5
117000066,1961,1261,700
117000067,231,662,-431
117000074,256,319,-63
117000076,79,108,-29
117000077,200,259,-59
117000078,218,1013,-795
117000079,573,332,241
117000080,3,439,-436
117000081,1425,189,1236
117000082,27,108,-81
117000083,205,15,190
117000084,546,5,541
117000085,486,1052,-566
117000086,1410,774,636
117000087,130,741,-611
117000088,309,315,-6
117000089,1856,433,1423
117000090,371,1881,-1510
117000091,1090,439,651
117000092,559,2083,-1524
117000093,1390,931,459
117000094,1566,4309,-2743
117000095,3892,1243,2649
117000096,799,3489,-2690
117000097,1602,1565,37
117000098,3617,7587,-3970
117000099,3842,1622,2220
117000100,205,366,-161
117000101,239,2016,-1777
117000102,2126,882,1244
117000103,992,2660,-1668
117000104,1659,908,751
117000105,1064,2698,-1634
117000106,1450,1053,397
117000107,769,3122,-2353
117000108,2003,1254,749
117000109,2689,4154,-1465
117000110,1973,1312,661
117000111,5265,6675,-1410
117000112,4275,2764,1511
117000113,255,398,-143
117000114,297,216,81
117000115,122,183,-61
117000116,172,402,-230
117000117,2460,1339,1121
117000118,630,252,378
117000119,954,204,750
117000120,585,528,57
117000121,248,1401,-1153
117000122,647,1643,-996
117000123,2705,67,2638
117000124,1127,89,1038
117000125,794,96,698
117000126,130,24,106
117000127,318,499,-181
117000128,621,1092,-471
117000129,635,93,542
117000130,199,30,169
117000131,0,69,-69
117000132,3560,132,3428
117000133,1408,210,1198
117000134,3,64,-61
117000135,7,43,-36
117000136,2,59,-57
117000137,111,119,-8
117000138,8,879,-871
117000140,668,2509,-1841
117000141,2035,821,1214
117000181,1072,531,541
117000182,445,657,-212
117000195,297,1774,-1477
117000196,428,142,286
117000225,346,27,319
117000226,27,165,-138
117000276,296,14,282
117000277,2,666,-664
117000310,3139,3603,-464
117000315,56,2115,-2059
117000320,88,0,88
117000906,335,20,315
117000907,12,564,-552
117000908,201,47,154
117000909,73,50,23
117000910,269,223,46
117000911,122,284,-162
117000915,9,957,-948
117000916,46,9,37
117000917,1377,56,1321
117000918,64,99,-35
117000919,13,202,-189
117000920,4,2007,-2003
117000921,7,2295,-2288
117000922,51,189,-138
117000924,766,973,-207
117000926,1394,135,1259
117000927,3419,963,2456
117000928,1,165,-164
117000929,301,670,-369
117000930,238,25,213
117000931,780,190,590
117900002,251,678,-427
117900003,1117,701,416
117900005,29,51,-22
117900006,0,33,-33
117900007,253,164,89
117900008,0,56,-56
117900010,374,134,240
117900011,87,44,43
117900012,92,152,-60
117900013,2,454,-452
117900014,556,184,372
117900015,35,153,-118
117900016,2146,984,1162
117900017,1212,485,727
117900018,252,81,171
117900019,488,454,34
117900020,91,534,-443
117900021,50,129,-79
117900022,33,32,1
117900023,866,596,270
117900024,93,122,-29
117900025,37,16,21
117900026,416,495,-79
117900028,153,4,149
117900029,308,1151,-843
117900030,622,443,179
117900031,592,156,436
117900032,1160,858,302
117900033,245,1099,-854
117900034,55,54,1
117900035,350,95,255
117900036,315,807,-492
117900037,175,250,-75
117900038,39,509,-470
117900039,5,112,-107
117900040,165,661,-496
117900041,14,68,-54
117900042,6918,671,6247
117900043,47,63,-16
117900044,96,4670,-4574
117900045,426,232,194
117900048,221,374,-153
117900049,280,744,-464
117900050,16,86,-70
117900051,464,1,463
117900052,60,516,-456
117900053,1518,1003,515
117900054,2,35,-33
117900055,184,509,-325
117900056,800,70,730
117900057,1535,1851,-316
117900058,174,24,150
117900059,678,149,529
117900060,2377,7567,-5190
117900061,57,462,-405
117900063,455,351,104
117900065,1098,1770,-672
117900066,16,72,-56
117900067,459,338,121
117900069,1098,471,627
117900070,704,22,682
117900071,144,231,-87
117900073,579,575,4
117900074,829,43,786
117900075,89,122,-33
117900076,14,50,-36
117900077,441,332,109
117900078,406,897,-491
117900080,277,66,211
117900081,744,675,69
117900082,458,442,16
117900083,422,764,-342
117900086,209,57,152
117900087,278,156,122
117900088,3881,3105,776
117900089,2221,752,1469
117900090,937,827,110
117900091,254,280,-26
117900092,75,49,26
117900093,106,182,-76
117900094,71,22,49
117900095,457,555,-98
117900096,116,343,-227
117900097,364,170,194
117900098,23,19,4
117900099,184,356,-172
117900100,194,3,191
117900101,569,2010,-1441
117900102,68,73,-5
117900103,78,12,66
117900104,28,208,-180
117900105,170,391,-221
117900106,95,70,25
117900107,49,0,49
117900109,641,484,157
117900110,153,2,151
117900111,473,33,440
117900112,112,27,85
117900113,6749,2816,3933
117900114,60,0,60
117900115,459,74,385
117900116,1246,1394,-148
117900117,702,540,162
117900118,65,0,65
117900119,208,273,-65
117900120,250,172,78
117900121,195,42,153
117900122,2300,4255,-1955
117900123,1114,722,392
117900124,1184,1044,140
117900125,2142,1891,251
117900126,375,872,-497
117900127,602,802,-200
117900128,450,1096,-646
117900129,91,1,90
117900130,1817,644,1173
117900131,4,212,-208
117900132,20,189,-169
117900133,11,188,-177
117900134,114,244,-130
117900135,35,282,-247
117900136,0,81,-81
117900137,111,524,-413
117900138,0,58,-58
117900139,142,188,-46
117900140,6162,433,5729
117900141,351,281,70
117900142,476,50,426
117900144,198,154,44
117900145,75,34,41
117900146,470,188,282
117900147,54,98,-44
117900148,4817,2002,2815
117900149,95,245,-150
117900150,71,106,-35
117900151,100,146,-46
117900152,152,101,51
117900153,48,164,-116
117900154,751,1041,-290
117900156,1237,1206,31
117900157,148,664,-516
117900158,361,213,148
117900160,695,698,-3
117900161,3741,3485,256
117900162,373,715,-342
117900163,334,65,269
117900165,2,30,-28
117900166,160,512,-352
117900168,35,229,-194
117900169,2,187,-185
117900170,3,64,-61
117900171,1,44,-43
117900172,12,45,-33
117900173,179,132,47
117900174,74,106,-32
117900175,9,70,-61
117900176,26,71,-45
117900177,32,84,-52
117900178,178,89,89
117900180,526,68,458
117900181,290,438,-148
117900182,6,42,-36
117900183,115,289,-174
117900184,33,75,-42
117900185,44,78,-34
117900186,68,28,40
117900187,17,26,-9
117900188,303,86,217
117900189,94,38,56
117900190,32,4,28
117900191,123,0,123
117900192,323,1,322
117900193,36,159,-123
117900194,10,12,-2
117900195,54,75,-21
117900196,26,41,-15
117900207,205,184,21
117900208,52,41,11
117900209,226,255,-29
117900210,204,354,-150
117900211,28,362,-334
117900212,178,328,-150
117900213,35,23,12
117900214,14,53,-39
117900215,24,26,-2
117900216,54,20,34
117900217,116,257,-141
117900218,169,259,-90
117900219,52,103,-51
117900220,384,143,241
117900222,105,231,-126
117900223,101,244,-143
118000001,1290,873,417
118000002,1715,3116,-1401
118000003,3101,2583,518
118000004,4343,2885,1458
118000005,8024,5959,2065
118000006,9961,13609,-3648
118000007,12812,4544,8268
118000008,8894,5163,3731
118000009,3314,5185,-1871
118000010,8157,6288,1869
118000011,1748,3826,-2078
118000012,1563,3561,-1998
118000013,4347,4028,319
118000014,3160,3702,-542
118000016,303,535,-232
118000017,478,626,-148
118000018,804,721,83
118000019,3578,1725,1853
118000020,3133,3717,-584
118000021,1363,3706,-2343
118000022,3467,1101,2366
118000023,1821,298,1523
118000024,3372,1258,2114
118000027,23912,15165,8747
118000029,1821,978,843
118000032,1891,4343,-2452
118000033,4513,5697,-1184
118000034,8643,3328,5315
118000035,2565,3047,-482
118000036,1993,1343,650
118000037,1246,1131,115
118000038,220,103,117
118000039,181,466,-285
118000040,2526,1949,577
118000041,3259,2109,1150
118000045,1550,321,1229
118000046,3372,891,2481
118000047,3623,961,2662
118000048,5790,2314,3476
118000051,4887,1796,3091
118000052,3556,992,2564
118000053,1322,1736,-414
118000054,3722,3770,-48
118000055,2555,4000,-1445
118000056,502,536,-34
118000057,375,830,-455
118000058,6997,2035,4962
118000059,5297,1230,4067
118000060,1458,950,508
118000061,1615,2337,-722
118000062,823,437,386
118000063,577,751,-174
118000064,1243,1714,-471
118000065,6159,2680,3479
118000066,1102,1804,-702
118000067,1815,1124,691
118000068,3118,6022,-2904
118000069,5387,1803,3584
118000070,9675,2749,6926
118000071,5705,9026,-3321
118000072,4416,1529,2887
118000073,5042,824,4218
118000074,1250,668,582
118000075,1143,449,694
118000076,2803,2613,190
118000077,1952,1647,305
118000078,2653,2489,164
118000079,382,606,-224
118000080,1609,1225,384
118000081,2373,1251,1122
118000082,392,1496,-1104
118000083,2567,2219,348
118000084,4072,2583,1489
118000086,455,809,-354
118000087,7390,3942,3448
118000088,2345,2496,-151
118000089,4937,2956,1981
118000090,3360,4126,-766
118000091,2088,3424,-1336
118000092,1580,683,897
118000093,154,1080,-926
118000096,798,888,-90
118000097,1099,707,392
118000098,372,272,100
118000099,665,1141,-476
118000101,1293,427,866
118000102,478,1783,-1305
118000107,3462,834,2628
118000108,923,3332,-2409
118000110,1,39,-38
118000111,6,589,-583
118000112,497,3,494
118000113,8,1035,-1027
118000114,415,5,410
118000115,43,21,22
118000116,97,0,97
118000117,1546,1102,444
118000118,1195,845,350
118000119,1212,1431,-219
118000120,2167,1723,444
118000121,110,583,-473
118000122,2122,520,1602
118000123,63,284,-221
118000125,2613,1436,1177
118000126,1314,2221,-907
118000127,2546,888,1658
118000128,912,1695,-783
118000129,1770,562,1208
118000130,4168,6137,-1969
118000131,1192,1270,-78
118000132,3397,2283,1114
118000133,1432,582,850
118000135,996,564,432
118000136,114,604,-490
118000137,1058,101,957
118000138,415,887,-472
118000139,456,136,320
118000140,3878,6097,-2219
118000141,2729,2846,-117
118000142,2305,3109,-804
118000143,2459,1770,689
118000144,2044,1550,494
118000145,2683,3957,-1274
118000146,2122,1780,342
118000147,1403,2183,-780
118000148,854,1879,-1025
118000149,1169,1443,-274
118000150,581,362,219
118000151,626,713,-87
118000153,1660,1992,-332
118000154,1652,2503,-851
118000155,1444,2025,-581
118000156,3946,3643,303
118000157,835,520,315
118000158,262,648,-386
118000159,29,146,-117
118000160,545,637,-92
118000161,665,1343,-678
118000162,3204,1492,1712
118000163,1043,1389,-346
118000164,3402,2519,883
118000168,2093,638,1455
118000169,1803,2304,-501
118000170,6130,8058,-1928
118000171,489,809,-320
118000172,163,395,-232
118000173,1661,1711,-50
118000175,608,566,42
118000176,396,690,-294
118000177,359,819,-460
118000178,104,95,9
118000179,2189,1640,549
118000180,1383,1308,75
118000181,1406,671,735
118000182,564,445,119
118000183,391,475,-84
118000184,1063,1499,-436
118000185,1787,1408,379
118000186,1273,1579,-306
118000187,1526,1192,334
118000188,1074,289,785
118000189,862,1120,-258
118000190,53,29,24
118000191,40,44,-4
118000192,497,440,57
118000193,402,632,-230
118000194,3792,1691,2101
118000195,1757,1168,589
118000196,851,253,598
118000197,1471,192,1279
118000198,1254,860,394
118000199,2966,722,2244
118000200,150,290,-140
118000201,985,660,325
118000202,108,70,38
118000203,2473,726,1747
118000204,341,461,-120
118000205,386,417,-31
118000206,368,250,118
118000207,0,111,-111
118000208,1768,2150,-382
118000209,2682,2311,371
118000210,70,57,13
118000211,37,35,2
118000213,2036,1683,353
118000214,911,884,27
118000215,450,547,-97
118000216,2650,5643,-2993
118000217,28,190,-162
118000218,94,133,-39
118000219,713,578,135
118000220,3,46,-43
118000221,181,413,-232
118000222,121,15,106
118000223,54,88,-34
118000224,388,154,234
118000225,168,1111,-943
118000226,2037,244,1793
118000227,1155,499,656
118000228,249,321,-72
118000229,496,78,418
118000230,195,351,-156
118000231,127,294,-167
118000232,988,1334,-346
118000233,1358,1123,235
118000234,504,336,168
118000236,602,493,109
118000237,162,776,-614
118000238,327,313,14
118000239,376,437,-61
118000240,783,228,555
118000241,207,365,-158
118000242,475,931,-456
118000243,280,320,-40
118000244,59,169,-110
118000246,1,22,-21
118000255,63,346,-283
118000256,111,371,-260
118000259,35,119,-84
118000260,276,131,145
118000261,65,183,-118
118000263,135,318,-183
118000266,230,522,-292
118000267,0,104,-104
118000268,882,7,875
118000270,97,56,41
118000271,183,446,-263
118000272,104,54,50
118000273,171,98,73
118000274,138,430,-292
118000276,507,516,-9
118000295,6,156,-150
118000298,230,542,-312
118000299,102,249,-147
118000301,0,80,-80
118000302,134,118,16
118000311,516,147,369
118000312,313,323,-10
118000313,84,291,-207
118000314,99,141,-42
118000315,43,82,-39
118000316,829,663,166
118000325,50,134,-84
118000326,49,58,-9
118000331,29,82,-53
118000332,38,80,-42
118000333,40,121,-81
118000335,381,1,380
118000336,1,364,-363
118000407,205,118,87
118000457,4,50,-46
118000465,4703,5301,-598
118000480,50,226,-176
118000489,101,512,-411
118000490,93,569,-476
118000492,281,313,-32
118000510,82,25,57
118000514,163,466,-303
118000515,983,816,167
118000517,604,325,279
118000524,800,297,503
118000525,1238,1198,40
118000530,20,193,-173
118000531,284,409,-125
118000532,283,476,-193
118000533,581,207,374
118000534,1002,662,340
118000535,275,208,67
118000536,1296,1933,-637
118000537,42,164,-122
118000538,61,113,-52
118000539,6,136,-130
118000540,392,264,128
118000541,360,113,247
118000542,187,260,-73
118000543,318,292,26
118000546,84,30,54
118000560,4470,2359,2111
118000562,25,321,-296
118000563,3100,1991,1109
118000576,189,206,-17
118000577,245,205,40
118000578,255,112,143
118000579,922,1658,-736
118000595,245,100,145
118000596,0,69,-69
118000597,83,172,-89
118000598,43,0,43
118000599,59,56,3
118000600,1,70,-69
118000601,15,0,15
118000602,0,54,-54
118000603,1,26,-25
118900001,1246,2067,-821
118900002,1492,1250,242
118900003,417,24,393
118900004,138,90,48
118900005,86,12,74
118900006,124,6,118
118900007,12,6,6
118900008,2004,88,1916
118900009,78,83,-5
118900010,88,10,78
118900011,231,59,172
118900012,628,335,293
118900013,629,129,500
118900015,315,125,190
118900016,10,50,-40
118900017,330,283,47
118900018,1148,34,1114
118900019,101,43,58
118900020,253,148,105
118900021,296,545,-249
118900022,223,129,94
118900023,212,123,89
118900024,100,199,-99
118900025,90,53,37
118900026,94,111,-17
118900027,558,315,243
118900028,177,254,-77
118900029,316,536,-220
118900030,438,116,322
118900031,222,130,92
118900032,259,208,51
118900033,684,514,170
118900034,247,51,196
118900035,223,247,-24
118900036,1218,956,262
118900037,1149,354,795
118900038,466,332,134
118900039,626,247,379
118900040,323,297,26
118900041,679,252,427
118900042,294,145,149
118900045,408,259,149
118900046,1444,448,996
118900047,851,400,451
118900048,432,250,182
118900049,64,51,13
118900050,53,212,-159
118900051,108,76,32
118900052,725,299,426
118900053,63,104,-41
118900054,175,83,92
118900055,88,168,-80
118900056,33,324,-291
118900057,854,642,212
118900058,617,397,220
118900059,29,119,-90
118900060,109,139,-30
118900062,295,301,-6
118900064,979,825,154
118900065,53,357,-304
118900066,107,158,-51
118900067,7373,4749,2624
118900068,15,632,-617
118900069,416,339,77
118900071,17,104,-87
118900072,466,587,-121
118900073,94,154,-60
118900074,179,270,-91
118900075,378,110,268
118900076,362,130,232
118900077,377,262,115
118900078,74,13,61
118900079,71,300,-229
118900080,56,170,-114
118900081,133,51,82
118900082,773,238,535
118900083,29,51,-22
118900084,17,36,-19
118900085,873,1468,-595
118900086,41,125,-84
118900087,26,331,-305
118900088,1,18,-17
118900089,25,18,7
118900090,627,565,62
118900091,227,294,-67
118900092,145,147,-2
118900093,232,37,195
118900096,79,36,43
118900097,232,795,-563
118900099,134,396,-262
118900100,208,343,-135
118900101,165,891,-726
118900102,58,141,-83
118900103,65,179,-114
118900104,124,73,51
118900105,335,272,63
118900107,227,131,96
118900108,152,165,-13
118900110,1835,1026,809
118900111,713,845,-132
118900112,76,218,-142
118900113,92,768,-676
118900114,25,103,-78
118900115,195,574,-379
118900116,163,308,-145
118900117,133,276,-143
118900118,345,618,-273
118900119,181,385,-204
118900120,158,400,-242
118900121,27,303,-276
118900122,29,1262,-1233
118900123,190,332,-142
118900124,78,378,-300
118900126,24,511,-487
118900129,367,322,45
118900130,61,220,-159
118900131,193,362,-169
118900132,840,315,525
118900133,23,133,-110
118900135,308,334,-26
118900136,273,954,-681
118900137,10,46,-36
118900139,293,675,-382
118900140,606,1042,-436
118900141,120,253,-133
118900144,178,671,-493
118900145,51,231,-180
118900146,461,1021,-560
118900147,327,166,161
118900148,130,96,34
118900150,156,721,-565
118900152,615,1110,-495
118900157,122,209,-87
118900158,128,108,20
118900159,0,277,-277
118900161,127,8,119
118900163,268,98,170
118900164,13,197,-184
118900165,85,381,-296
118900166,41,2,39
118900167,105,178,-73
118900168,15,173,-158
118900169,158,681,-523
118900170,177,218,-41
118900171,21,61,-40
118900174,100,105,-5
118900175,428,728,-300
118900176,217,405,-188
118900177,48,89,-41
118900178,76,216,-140
118900179,14,66,-52
118900181,122,138,-16
118900182,111,88,23
118900183,40,218,-178
118900184,543,175,368
118900185,178,168,10
118900186,147,103,44
118900187,327,431,-104
118900188,399,390,9
118900189,51,1136,-1085
118900190,41,596,-555
118900191,216,65,151
118900192,249,34,215
118900193,575,10,565
118900195,478,1207,-729
118900196,20,260,-240
118900197,143,86,57
118900198,22,47,-25
118900199,94,93,1
118900200,23,15,8
118900201,38,34,4
118900202,15,100,-85
118900203,14,85,-71
118900204,23,67,-44
118900205,10,23,-13
118900206,8,47,-39
119000001,1981,2370,-389
119000002,5968,4578,1390
119000003,3154,1910,1244
119000004,3439,1991,1448
119000005,2400,2893,-493
119000006,3036,2271,765
119000007,5097,4719,378
119000008,3363,2767,596
119000009,4272,6179,-1907
119000010,9801,5789,4012
119000011,6493,4007,2486
119000012,5196,4932,264
119000013,3085,1925,1160
119000014,4192,5157,-965
119000019,334,228,106
119000020,2463,2133,330
119000021,5673,3378,2295
119000022,4898,3818,1080
119000023,419,375,44
119000024,2410,12877,-10467
119000025,13437,2086,11351
119000026,238,439,-201
119000027,643,651,-8
119000028,3086,2123,963
119000029,163,442,-279
119000030,776,1759,-983
119000031,1160,1044,116
119000032,2907,3670,-763
119000033,2876,2325,551
119000034,1306,1500,-194
119000035,50,426,-376
119000036,1892,1392,500
119000037,1445,2686,-1241
119000038,211,1460,-1249
119000039,366,476,-110
119000040,1601,827,774
119000041,1412,1847,-435
119000048,4559,4421,138
119000049,2098,3725,-1627
119000050,2074,3238,-1164
119000051,2927,1255,1672
119000052,2460,4351,-1891
119000053,2371,1635,736
119000054,3773,4985,-1212
119000055,4351,4887,-536
119000056,2760,3109,-349
119000057,2000,3247,-1247
119000058,2660,2919,-259
119000059,1735,2568,-833
119000060,1759,1493,266
119000061,1240,1230,10
119000062,1444,1796,-352
119000063,621,532,89
119000064,1725,2141,-416
119000065,2874,4858,-1984
119000066,3279,1615,1664
119000067,2437,3338,-901
119000068,1967,1570,397
119000069,1870,3803,-1933
119000070,2893,1472,1421
119000071,699,961,-262
119000072,8521,4778,3743
119000073,8590,8934,-344
119000074,1499,4088,-2589
119000075,2375,3390,-1015
119000076,898,1263,-365
119000077,1678,867,811
119000078,742,303,439
119000079,233,944,-711
119000080,699,337,362
119000081,618,789,-171
119000082,1950,369,1581
119000083,671,582,89
119000084,412,807,-395
119000085,877,447,430
119000086,368,754,-386
119000087,1949,1404,545
119000088,340,285,55
119000089,108,332,-224
119000090,146,206,-60
119000091,146,582,-436
119000092,568,295,273
119000093,5366,4311,1055
119000094,3298,8521,-5223
119000095,2065,3957,-1892
119000097,3350,2419,931
119000098,875,3297,-2422
119000099,3167,2880,287
119000100,4265,3459,806
119000101,6860,2985,3875
119000102,1463,1276,187
119000103,2709,766,1943
119000104,3987,2241,1746
119000105,1565,2112,-547
119000106,417,2316,-1899
119000107,999,712,287
119000108,657,1400,-743
119000109,268,626,-358
119000110,1085,598,487
119000111,150,826,-676
119000112,294,138,156
119000113,4170,399,3771
119000114,1066,1639,-573
119000115,229,247,-18
119000116,247,158,89
119000117,237,508,-271
119000118,1,0,1
119000123,7047,1105,5942
119000124,990,289,701
119000125,3680,1270,2410
119000126,538,1107,-569
119000127,624,981,-357
119000128,79,10,69
119000131,1080,1071,9
119000132,5,3,2
119000133,2,7,-5
119000134,3428,892,2536
119000135,120,299,-179
119000136,347,241,106
119000137,198,508,-310
119000138,432,472,-40
119000139,325,392,-67
119000140,257,547,-290
119000284,1703,4386,-2683
119000285,2971,3416,-445
119000286,9626,7970,1656
119000287,2221,3122,-901
119000288,2554,2187,367
119000289,3053,5248,-2195
119000290,294,795,-501
119000291,18,472,-454
119000293,148,219,-71
119000294,44,24,20
119000295,2935,780,2155
119000296,174,202,-28
119000302,4030,2057,1973
119000303,74,280,-206
119000314,1976,11661,-9685
119000315,17,693,-676
119000316,123,149,-26
119000317,94,429,-335
119900001,339,1788,-1449
119900002,225,400,-175
119900003,96,1558,-1462
119900004,469,1091,-622
119900005,255,178,77
119900006,287,698,-411
119900007,1214,259,955
119900008,587,68,519
119900009,953,957,-4
119900010,2926,1827,1099
119900011,43,88,-45
119900012,23,131,-108
119900013,2421,1119,1302
119900014,941,377,564
119900015,139,27,112
119900016,41,134,-93
119900017,32,49,-17
119900018,2745,1067,1678
119900019,49,11,38
119900020,230,243,-13
119900021,234,181,53
119900022,231,708,-477
119900023,1021,1387,-366
119900025,204,53,151
119900026,1070,183,887
119900027,49,63,-14
119900028,423,147,276
119900029,3,7,-4
119900030,694,815,-121
119900031,103,439,-336
119900033,3068,388,2680
119900034,385,228,157
119900037,446,95,351
119900038,86,362,-276
119900039,48,10,38
119900040,161,30,131
119900041,159,62,97
119900042,241,234,7
119900043,110,296,-186
119900044,343,955,-612
119900046,131,111,20
119900047,360,75,285
119900048,166,87,79
119900049,167,23,144
119900050,194,168,26
119900051,740,15,725
119900052,49,100,-51
119900053,237,262,-25
119900054,116,17,99
119900055,1536,631,905
119900057,243,144,99
119900058,278,3,275
119900059,346,94,252
119900060,341,29,312
119900062,45,43,2
119900063,40,84,-44
119900064,567,94,473
119900065,298,10,288
119900066,6,0,6
119900067,194,73,121
119900068,410,5,405
119900069,152,40,112
119900070,1038,16,1022
119900071,795,31,764
119900073,2481,814,1667
119900074,119,40,79
119900075,8283,3627,4656
119900076,565,627,-62
119900077,988,1614,-626
119900078,570,1188,-618
119900079,301,404,-103
119900080,1870,1766,104
119900081,120,55,65
119900082,1466,206,1260
119900083,526,180,346
119900084,1050,447,603
119900085,157,132,25
119900086,14,79,-65
119900087,996,460,536
119900088,40,112,-72
119900089,57,853,-796
119900090,195,103,92
119900091,102,1563,-1461
119900092,104,673,-569
119900093,1394,350,1044
119900094,96,289,-193
119900095,266,163,103
119900096,61,201,-140
119900097,1123,302,821
119900098,52,57,-5
119900099,54,407,-353
119900100,3329,3585,-256
119900101,308,1753,-1445
119900102,65,487,-422
119900103,40,721,-681
119900104,71,411,-340
119900105,2027,2922,-895
119900106,22,301,-279
119900107,499,4584,-4085
119900108,3634,913,2721
119900109,28,345,-317
119900110,734,950,-216
119900111,108,495,-387
119900112,3230,834,2396
119900113,110,549,-439
119900114,315,2199,-1884
119900115,349,1615,-1266
119900116,212,799,-587
119900117,351,1296,-945
119900118,85,1504,-1419
119900119,270,319,-49
119900120,877,993,-116
119900121,431,1900,-1469
119900122,765,574,191
119900123,329,587,-258
119900124,245,1501,-1256
119900125,71,566,-495
119900126,7405,500,6905
119900127,3418,1408,2010
119900128,585,1576,-991
119900129,322,1086,-764
119900130,59,450,-391
119900131,76,479,-403
119900132,4,401,-397
119900133,73,120,-47
119900134,3266,425,2841
119900135,1,777,-776
119900136,145,633,-488
119900138,592,905,-313
119900139,232,205,27
119900140,6,262,-256
119900141,199,893,-694
119900142,53,72,-19
119900143,35,334,-299
119900144,3005,406,2599
119900145,127,300,-173
119900146,265,343,-78
119900147,8,178,-170
119900148,229,119,110
119900149,2451,5428,-2977
119900150,219,308,-89
119900151,2783,1192,1591
119900152,139,720,-581
119900153,224,109,115
119900154,2,417,-415
119900155,68,60,8
119900156,18,8,10
119900157,197,411,-214
119900158,170,128,42
119900159,10,2543,-2533
119900160,25,351,-326
119900161,256,399,-143
119900162,960,1230,-270
119900163,225,231,-6
119900164,0,6,-6
119900165,197,361,-164
119900166,106,65,41
119900167,179,268,-89
119900168,968,662,306
119900169,282,557,-275
119900170,352,410,-58
119900171,1716,718,998
119900172,250,44,206
119900173,22,622,-600
119900174,8,351,-343
119900175,1356,1058,298
119900177,93,332,-239
119900178,11,256,-245
119900179,107,563,-456
119900180,1178,1186,-8
119900181,94,159,-65
119900182,20,744,-724
119900183,249,1033,-784
119900184,4208,971,3237
119900185,91,236,-145
119900186,164,997,-833
119900187,19,753,-734
119900188,109,552,-443
119900189,749,513,236
119900190,67,353,-286
119900191,425,210,215
119900192,89,257,-168
119900193,444,360,84
119900194,44,96,-52
119900195,96,382,-286
119900196,2482,727,1755
119900197,284,209,75
119900198,305,489,-184
119900199,231,36,195
119900200,791,1009,-218
119900201,566,332,234
119900202,191,230,-39
119900203,308,646,-338
119900204,297,505,-208
119900205,705,911,-206
119900206,190,253,-63
119900208,339,278,61
119900209,701,1486,-785
119900210,30,62,-32
119900211,121,16,105
119900212,241,560,-319
119900213,9,119,-110
119900214,57,168,-111
119900215,78,97,-19
119900216,17,150,-133
119900217,36,117,-81
119900218,50,137,-87
119900219,21,260,-239
119900220,6,172,-166
119900221,54,476,-422
119900222,34,340,-306
119900223,22,144,-122
119900224,23,37,-14
119900225,1449,82,1367
119900226,935,2647,-1712
119900227,1694,584,1110
119900228,729,547,182
119900229,414,683,-269
119900230,2518,941,1577
119900231,251,289,-38
119900232,316,142,174
119900233,104,5,99
119900234,76,108,-32
119900235,52,107,-55
119900236,33,319,-286
119900237,69,813,-744
119900238,8,91,-83
119900240,136,235,-99
119900241,260,410,-150
119900242,2294,2520,-226
119900244,1143,2328,-1185
119900245,257,302,-45
119900246,503,683,-180
119900247,61,130,-69
119900248,93,196,-103
119900249,263,127,136
119900253,5384,653,4731
119900254,113,766,-653
119900255,163,777,-614
119900256,687,1624,-937
119900257,87,2,85
119900258,216,14,202
119900259,9,209,-200
119900260,184,8,176
119900261,390,352,38
119900262,0,430,-430
119900263,1441,693,748
119900264,107,353,-246
119900265,722,615,107
119900266,349,410,-61
119900267,353,774,-421
119900268,249,307,-58
119900269,1501,2235,-734
119900271,42,155,-113
119900272,600,126,474
119900275,184,17,167
119900276,57,3,54
119900277,9,10,-1
119900278,427,140,287
119900279,162,505,-343
119900280,1142,303,839
119900281,3,194,-191
119900282,104,98,6
119900283,21,449,-428
119900284,77,389,-312
119900285,269,358,-89
119900286,23,55,-32
119900288,5,72,-67
119900289,0,67,-67
119900290,3,38,-35
119900291,5,79,-74
119900292,52,47,5
119900293,24,125,-101
119900294,31,157,-126
119900295,11,44,-33
119900296,75,490,-415
119900297,1,39,-38
119900298,5,14,-9
119900299,72,350,-278
119900300,550,298,252
119900301,170,66,104
119900302,154,119,35
119900303,384,355,29
119900304,219,85,134
119900305,29,157,-128
119900306,37,3,34
119900307,77,268,-191
119900308,8,37,-29
119900309,70,172,-102
119900310,421,452,-31
119900311,90,191,-101
119900312,136,138,-2
119900313,383,542,-159
119900314,266,536,-270
119900315,1787,3796,-2009
119900318,47,33,14
119900319,61,466,-405
119900320,212,909,-697
119900321,108,8,100
119900322,4,5,-1
119900323,1,11,-10
119900324,0,2,-2
119900325,0,41,-41
120000001,10867,19098,-8231
120000002,3017,4044,-1027
120000003,4578,2233,2345
120000004,3450,2919,531
120000005,6142,2843,3299
120000006,1641,1826,-185
120000007,5040,3756,1284
120000008,1587,1981,-394
120000009,5028,1381,3647
120000010,2382,3784,-1402
120000011,1682,3108,-1426
120000012,2064,4440,-2376
120000013,3414,3864,-450
120000014,1073,2507,-1434
120000015,3523,2310,1213
120000016,4487,3428,1059
120000017,5307,3587,1720
120000018,5779,13645,-7866
120000019,1116,2148,-1032
120000020,4087,4233,-146
120000021,2402,3491,-1089
120000022,3841,5213,-1372
120000023,1095,2278,-1183
120000024,1833,3134,-1301
120000025,2719,3085,-366
120000026,1806,2465,-659
120000027,2196,2967,-771
120000028,1361,801,560
120000029,9118,974,8144
120000030,1213,1952,-739
120000031,2858,15672,-12814
120000032,12284,5675,6609
120000033,5629,3056,2573
120000034,2114,3104,-990
120000035,2499,3152,-653
120000036,3122,6867,-3745
120000037,938,2136,-1198
120000038,11486,4926,6560
120000039,699,1288,-589
120000040,298,365,-67
120000041,2366,2262,104
120000042,2713,4112,-1399
120000043,6758,3247,3511
120000044,6031,2217,3814
120000045,6257,1611,4646
120000046,2996,3779,-783
120000047,2448,6800,-4352
120000048,11278,5649,5629
120000049,4613,4010,603
120000050,5212,6392,-1180
120000051,4455,6870,-2415
120000052,15057,3542,11515
120000053,1395,4290,-2895
120000054,1794,7079,-5285
120000055,2139,7406,-5267
120000056,5016,5851,-835
120000057,3480,920,2560
120000058,4043,598,3445
120000059,83,2001,-1918
120000061,210,847,-637
120000062,287,535,-248
120000063,2438,3887,-1449
120000064,340,1964,-1624
120000065,1160,2751,-1591
120000066,577,802,-225
120000067,194,770,-576
120000068,228,1477,-1249
120000069,1050,2105,-1055
120000070,78,1241,-1163
120000071,492,244,248
120000072,745,663,82
120000073,815,147,668
120000074,425,144,281
120000075,1202,433,769
120000076,2751,683,2068
120000077,2273,903,1370
120000078,4608,1370,3238
120000079,259,181,78
120000080,161,325,-164
120000081,558,287,271
120000082,205,334,-129
120000083,69,736,-667
120000084,656,613,43
120000085,521,349,172
120000086,374,683,-309
120000087,183,912,-729
120000088,1145,2096,-951
120000089,1281,1051,230
120000090,928,837,91
120000091,1291,1777,-486
120000092,1493,884,609
120000093,456,668,-212
120000094,142,834,-692
120000095,1248,830,418
120000096,273,1310,-1037
120000098,1148,1493,-345
120000099,560,1096,-536
120000100,917,1426,-509
120000101,711,625,86
120000102,619,1068,-449
120000103,1662,1013,649
120000104,1989,596,1393
120000105,3041,850,2191
120000106,2877,828,2049
120000107,3913,960,2953
120000108,1212,182,1030
120000109,1464,127,1337
120000110,93,1376,-1283
120000111,201,1742,-1541
120000112,1036,5155,-4119
120000113,800,3836,-3036
120000114,1174,4366,-3192
120000115,416,3488,-3072
120000116,869,2930,-2061
120000117,1858,2285,-427
120000118,36,36,0
120000119,54,104,-50
120000120,70,68,2
120000121,55,74,-19
120000122,464,512,-48
120000123,8726,6261,2465
120000124,590,625,-35
120000125,607,1071,-464
120000126,632,1106,-474
120000127,3323,1215,2108
120000128,4836,4293,543
120000129,409,415,-6
120000130,1201,1000,201
120000131,345,709,-364
120000134,506,1733,-1227
120000135,679,651,28
120000137,348,2744,-2396
120000138,998,828,170
120000139,359,1319,-960
120000140,860,970,-110
120000141,698,782,-84
120000142,835,875,-40
120000143,3,132,-129
120000144,131,1,130
120000145,386,3,383
120000146,2546,1239,1307
120000149,795,1659,-864
120000150,5805,14098,-8293
120000151,562,794,-232
120000152,611,404,207
120000153,342,1129,-787
120000154,601,693,-92
120000155,142,418,-276
120000156,1603,1256,347
120000157,1241,1219,22
120000158,972,1329,-357
120000159,2418,3376,-958
120000160,3061,2202,859
120000161,2793,3740,-947
120000162,142,311,-169
120000163,687,1916,-1229
120000164,579,646,-67
120000165,639,1353,-714
120000166,1397,851,546
120000167,125,125,0
120000168,20,315,-295
120000169,74,966,-892
120000170,131,624,-493
120000171,35,184,-149
120000172,41,64,-23
120000173,5108,649,4459
120000174,1409,25,1384
120000175,1483,41,1442
120000176,1069,45,1024
120000177,3003,190,2813
120000178,410,21,389
120000179,850,36,814
120000180,1648,112,1536
120000181,286,736,-450
120000182,138,428,-290
120000183,44,373,-329
120000184,209,1251,-1042
120000186,152,304,-152
120000187,115,145,-30
120000188,778,192,586
120000190,2332,32,2300
120000191,2721,52,2669
120000192,2069,44,2025
120000193,954,16,938
120000195,119,8,111
120000196,542,116,426
120000197,209,289,-80
120000198,196,187,9
120000199,108,3,105
120000200,72,1,71
120000201,5,23,-18
120000202,2,74,-72
120000203,46,386,-340
120000207,3,140,-137
120000208,20,322,-302
120000209,10,122,-112
120000210,171,136,35
120000211,117,2,115
120000212,189,1,188
120000213,144,464,-320
120000214,2,527,-525
120000215,8,236,-228
120000216,89,15,74
120000217,1081,1654,-573
120000218,306,1117,-811
120000219,23,796,-773
120000220,14,2552,-2538
120000225,1494,3,1491
120000226,420,7,413
120000227,937,52,885
120000228,9224,4128,5096
120000230,363,19,344
120000231,1445,3205,-1760
120000233,338,14,324
120000235,221,1115,-894
120000236,1254,3,1251
120000237,3,2647,-2644
120000238,2,410,-408
120000241,1668,5379,-3711
120000412,1772,32,1740
120000413,315,493,-178
120000414,123,5,118
120000415,4,249,-245
120000416,281,15,266
120000417,6,159,-153
120000418,132,15,117
120000419,19,568,-549
120000420,78,49,29
120000421,17558,8556,9002
120000422,238,1044,-806
120000423,3,75,-72
120000424,70,197,-127
120000436,132,776,-644
120000437,208,243,-35
120000438,5453,406,5047
120000439,245,594,-349
120000443,185,1,184
120000444,1721,1115,606
120000445,2407,1647,760
120000446,1150,319,831
120000447,216,17,199
120000449,123,14,109
120000450,8,428,-420
120000451,205,316,-111
120000452,156,9,147
120000453,0,735,-735
120000454,110,52,58
120000455,99,78,21
120000456,3494,5159,-1665
120000457,2039,1034,1005
120000458,851,1107,-256
120000459,126,117,9
120000665,3590,322,3268
120000668,198,538,-340
120000669,79,324,-245
120000670,426,580,-154
120000671,2163,656,1507
120000672,128,591,-463
120900001,82,88,-6
120900002,830,698,132
120900003,548,53,495
120900004,16,88,-72
120900005,16,1943,-1927
120900006,390,329,61
120900007,187,229,-42
120900008,245,1670,-1425
120900009,812,43,769
120900010,501,108,393
120900011,506,215,291
120900012,1095,1509,-414
120900013,381,121,260
120900014,6,942,-936
120900015,1183,103,1080
120900016,870,83,787
120900017,4360,279,4081
120900018,170,743,-573
120900019,710,301,409
120900020,993,1443,-450
120900021,752,192,560
120900022,37,563,-526
120900023,280,52,228
120900024,2524,814,1710
120900025,2825,1475,1350
120900026,252,294,-42
120900027,1432,37,1395
120900028,391,82,309
120900029,208,455,-247
120900030,1296,957,339
120900031,307,124,183
120900032,916,237,679
120900033,1143,135,1008
120900034,49,3532,-3483
120900035,102,348,-246
120900037,189,9,180
120900038,59,214,-155
120900039,142,61,81
120900040,388,4,384
120900041,235,51,184
120900042,517,86,431
120900043,94,35,59
120900044,25,656,-631
120900045,280,253,27
120900046,461,4,457
120900047,168,92,76
120900048,121,38,83
120900049,419,4,415
120900050,4052,1718,2334
120900051,393,196,197
120900052,674,31,643
120900053,310,115,195
120900054,2176,1003,1173
120900055,359,2,357
120900056,573,16,557
120900057,151,24,127
120900058,500,0,500
120900059,117,16,101
120900060,110,52,58
120900061,316,584,-268
120900062,219,1,218
120900063,609,7,602
120900064,521,0,521
120900065,508,11,497
120900066,331,488,-157
120900067,220,56,164
120900068,253,1,252
120900069,245,90,155
120900071,32,12,20
120900072,706,7,699
120900073,501,314,187
120900074,650,7,643
120900076,836,1,835
120900077,5450,579,4871
120900078,835,1182,-347
120900079,815,210,605
120900080,653,2797,-2144
120900081,1114,1123,-9
120900082,859,671,188
120900083,787,6,781
120900084,301,506,-205
120900085,142,223,-81
120900086,180,381,-201
120900087,519,295,224
120900088,281,439,-158
120900089,5560,2790,2770
120900090,194,309,-115
120900091,720,903,-183
120900092,1730,974,756
120900093,4175,381,3794
120900094,751,304,447
120900095,1006,77,929
120900096,94,310,-216
120900097,956,1217,-261
120900098,439,309,130
120900099,91,108,-17
120900100,171,469,-298
120900101,1138,519,619
120900102,42,242,-200
120900103,73,305,-232
120900104,48,105,-57
120900105,50,901,-851
120900106,2042,827,1215
120900107,340,229,111
120900108,6,904,-898
120900109,78,1014,-936
120900110,35,1821,-1786
120900111,232,518,-286
120900112,15,1491,-1476
120900113,29,1411,-1382
120900114,40,243,-203
120900115,232,315,-83
120900116,424,756,-332
120900117,6,925,-919
120900118,9,1131,-1122
120900119,5127,10937,-5810
120900120,68,873,-805
120900121,268,881,-613
120900122,589,851,-262
120900123,7,735,-728
120900124,3,912,-909
120900125,11,1317,-1306
120900126,2318,1801,517
120900127,29,718,-689
120900128,1354,2049,-695
120900129,72,495,-423
120900130,30,699,-669
120900131,54,123,-69
120900132,931,621,310
120900133,266,1533,-1267
120900134,984,607,377
120900135,18,985,-967
120900136,111,128,-17
120900137,279,184,95
120900138,37,316,-279
120900139,8,1145,-1137
120900140,7,166,-159
120900141,273,249,24
120900142,47,1009,-962
120900143,6,1396,-1390
120900144,0,262,-262
120900145,372,1137,-765
120900146,9,1644,-1635
120900147,3,744,-741
120900148,158,238,-80
120900149,1,478,-477
120900150,70,860,-790
120900151,2,953,-951
120900152,8,64,-56
120900153,24,213,-189
120900154,4,440,-436
120900155,220,1508,-1288
120900156,51,387,-336
120900157,68,369,-301
120900158,58,875,-817
120900159,75,319,-244
120900160,50,787,-737
120900161,44,827,-783
120900162,45,821,-776
120900163,41,564,-523
120900164,8,7,1
120900165,32,20,12
120900166,253,301,-48
120900167,751,232,519
120900169,78,653,-575
120900170,2728,3045,-317
120900171,1765,632,1133
120900172,3590,662,2928
120900173,11,98,-87
120900174,9,200,-191
120900175,441,305,136
120900176,11,510,-499
120900177,2,1303,-1301
120900178,2,571,-569
120900179,1322,699,623
120900180,253,176,77
120900181,280,122,158
120900182,27,983,-956
120900183,370,155,215
120900184,193,115,78
120900185,23,743,-720
120900186,1,657,-656
120900187,603,1425,-822
120900188,197,29,168
120900189,192,1216,-1024
120900190,72,15,57
120900191,13,40,-27
120900192,16889,7707,9182
120900194,33,155,-122
120900195,231,447,-216
120900196,1282,47,1235
120900197,739,161,578
120900198,374,788,-414
120900199,619,2724,-2105
120900200,116,189,-73
120900201,761,242,519
120900202,2,275,-273
120900203,43,124,-81
120900204,188,438,-250
120900205,81,113,-32
120900206,9,35,-26
121000001,1333,1496,-163
121000002,4298,2775,1523
121000003,4836,2860,1976
121000004,4815,8714,-3899
121000005,3085,4008,-923
121000006,5614,2518,3096
121000007,4724,3731,993
121000008,10543,5513,5030
121000009,8620,8222,398
121000010,13774,9974,3800
121000011,13275,19677,-6402
121000012,23202,16691,6511
121000013,6910,11170,-4260
121000014,9327,9254,73
121000015,7250,10148,-2898
121000016,6511,5830,681
121000017,3348,5723,-2375
121000018,3432,2706,726
121000019,28074,16612,11462
121000020,18596,20516,-1920
121000021,5311,4786,525
121000022,3907,3574,333
121000023,5925,4681,1244
121000024,6924,6885,39
121000025,984,2114,-1130
121000026,471,276,195
121000027,2253,1647,606
121000028,1198,799,399
121000029,1491,952,539
121000030,892,567,325
121000031,1175,921,254
121000032,352,137,215
121000034,891,289,602
121000035,380,134,246
121000036,2245,1519,726
121000037,1061,735,326
121000038,1019,1197,-178
121000039,660,701,-41
121000041,863,705,158
121000042,440,532,-92
121000043,1044,774,270
121000044,2506,1225,1281
121000045,781,456,325
121000046,904,1256,-352
121000047,232,167,65
121000049,2896,858,2038
121000050,478,1462,-984
121000051,1227,449,778
121000052,785,807,-22
121000053,594,128,466
121000054,92,401,-309
121000055,1889,1470,419
121000056,1081,1375,-294
121000057,503,745,-242
121000058,451,182,269
121000059,3128,1734,1394
121000060,652,1336,-684
121000061,286,314,-28
121000062,246,495,-249
121000063,1160,694,466
121000064,1039,1105,-66
121000065,572,606,-34
121000066,840,807,33
121000067,1105,637,468
121000068,1091,538,553
121000069,1203,764,439
121000070,2846,1655,1191
121000071,2423,1840,583
121000072,2911,1175,1736
121000073,1965,1370,595
121000074,296,203,93
121000075,138,331,-193
121000076,1745,549,1196
121000077,182,218,-36
121000078,188,222,-34
121000080,3271,1044,2227
121000081,5512,4643,869
121000082,166,305,-139
121000083,336,180,156
121000084,245,158,87
121000085,341,613,-272
121000086,229,1082,-853
121000087,113,454,-341
121000088,644,924,-280
121000089,672,512,160
121000090,693,469,224
121000091,2327,1211,1116
121000092,256,119,137
121000093,229,276,-47
121000094,648,1180,-532
121000095,467,843,-376
121000096,2680,3529,-849
121000097,1633,2805,-1172
121000098,838,1527,-689
121000099,801,1057,-256
121000100,1331,714,617
121000101,569,450,119
121000102,404,515,-111
121000103,386,480,-94
121000104,439,294,145
121000105,566,427,139
121000106,478,631,-153
121000107,3302,4854,-1552
121000109,1985,1523,462
121000110,456,1084,-628
121000114,3946,2639,1307
121000115,1358,1064,294
121000116,344,1272,-928
121000117,1169,356,813
121000118,1905,370,1535
121000119,582,596,-14
121000120,406,639,-233
121000121,815,1652,-837
121000123,2783,911,1872
121000126,181,499,-318
121000127,391,171,220
121000128,1241,727,514
121000129,1181,871,310
121000130,816,1356,-540
121000131,3804,2751,1053
121000132,2457,2337,120
121000135,734,1206,-472
121000136,3193,1032,2161
121000137,709,337,372
121000138,2482,1176,1306
121000139,1086,225,861
121000141,430,201,229
121000142,948,1118,-170
121000143,213,40,173
121000144,1480,2328,-848
121000145,907,1638,-731
121000146,1799,1222,577
121000147,1433,770,663
121000148,1556,1583,-27
121000149,3079,1879,1200
121000152,754,960,-206
121000153,2817,1131,1686
121000154,1311,1257,54
121000155,1798,1715,83
121000156,579,1627,-1048
121000157,1593,3071,-1478
121000158,554,888,-334
121000159,203,687,-484
121000160,412,691,-279
121000161,287,448,-161
121000162,124,329,-205
121000165,2312,2364,-52
121000166,27,751,-724
121000168,721,457,264
121000169,124,226,-102
121000170,498,224,274
121000171,75,271,-196
121000172,907,796,111
121000173,1994,1496,498
121000174,443,488,-45
121000175,1206,600,606
121000176,576,291,285
121000177,1539,1052,487
121000178,182,86,96
121000179,106,77,29
121000181,548,570,-22
121000182,167,248,-81
121000183,130,138,-8
121000184,379,207,172
121000185,46,198,-152
121000186,287,594,-307
121000187,217,330,-113
121000188,243,354,-111
121000192,1099,554,545
121000193,1068,792,276
121000194,3618,3209,409
121000195,518,1137,-619
121000196,1215,343,872
121000197,524,1014,-490
121000198,595,139,456
121000199,252,558,-306
121000200,938,131,807
121000201,7,308,-301
121000202,1524,181,1343
121000203,1313,3110,-1797
121000204,4183,1011,3172
121000205,338,425,-87
121000206,470,52,418
121000207,2790,748,2042
121000208,24,596,-572
121000209,508,530,-22
121000210,589,737,-148
121000211,389,241,148
121000212,402,1038,-636
121000213,12125,4352,7773
121000214,1125,4146,-3021
121000215,1747,1222,525
121000216,820,1047,-227
121000217,7548,4380,3168
121000218,713,2171,-1458
121000219,2973,623,2350
121000220,431,61,370
121000221,248,384,-136
121000222,3671,3046,625
121000223,1179,366,813
121000224,460,195,265
121000225,4393,1728,2665
121000226,12709,1752,10957
121000227,7,252,-245
121000228,23,888,-865
121000229,391,523,-132
121000230,73,1945,-1872
121000231,1097,70,1027
121000232,362,432,-70
121000233,819,478,341
121000234,41,52,-11
121000235,138,103,35
121000236,32,137,-105
121000237,84,25,59
121000238,13,162,-149
121000239,82,10,72
121000240,16,447,-431
121000241,133,23,110
121000242,88,351,-263
121000243,513,166,347
121000244,27,106,-79
121000245,158,30,128
121000246,4,158,-154
121000247,85,11,74
121000248,1774,897,877
121000249,163,485,-322
121000250,1062,223,839
121000251,27,609,-582
121000252,156,117,39
121000253,498,591,-93
121000254,913,335,578
121000255,851,273,578
121000256,1108,371,737
121000257,163,106,57
121000258,478,74,404
121000259,270,110,160
121000260,366,190,176
121000261,290,89,201
121000262,1363,1674,-311
121000263,650,547,103
121000271,348,2166,-1818
121000273,373,10,363
121000274,45,64,-19
121000275,5,28,-23
121000276,12,25,-13
121000278,119,75,44
121000279,133,27,106
121000280,383,65,318
121000289,503,63,440
121000290,1640,1064,576
121000294,200,281,-81
121000297,1264,1948,-684
121000299,680,436,244
121000300,870,1044,-174
121000302,174,2160,-1986
121000303,884,1076,-192
121000304,660,91,569
121000305,217,77,140
121000306,148,166,-18
121000308,275,723,-448
121000309,773,857,-84
121000310,193,477,-284
121000311,108,1308,-1200
121000312,581,356,225
121000313,604,953,-349
121000314,205,221,-16
121000315,71,168,-97
121000530,1809,1996,-187
121000531,2681,1998,683
121000532,8645,8822,-177
121000533,3626,4165,-539
121000918,160,194,-34
121000919,57,36,21
121000938,402,811,-409
121000939,439,793,-354
121000956,1327,2186,-859
121000957,15,16,-1
121000958,305,66,239
121000959,870,1205,-335
121000960,2612,2862,-250
121000961,275,197,78
121000962,494,1459,-965
121000973,0,184,-184
121000976,28,354,-326
121000979,627,219,408
121000981,444,308,136
121000982,444,259,185
121000983,577,637,-60
121000984,135,68,67
121000985,722,882,-160
121000986,463,416,47
121000987,413,1704,-1291
121000988,986,225,761
121001302,452,204,248
121001308,7,17,-10
121001309,208,151,57
121001313,492,228,264
121001314,3450,5136,-1686
121001315,6052,3559,2493
121900001,168,202,-34
121900002,235,33,202
121900003,480,43,437
121900004,234,495,-261
121900005,28,17,11
121900006,152,36,116
121900007,2807,3685,-878
121900008,2588,700,1888
121900009,939,25,914
121900010,298,1,297
121900011,504,616,-112
121900012,30,0,30
121900013,2474,65,2409
121900014,1799,475,1324
121900015,210,236,-26
121900016,11,53,-42
121900017,1012,784,228
121900018,409,10,399
121900019,583,432,151
121900020,50,5,45
121900021,1005,46,959
121900022,311,309,2
121900023,168,552,-384
121900024,521,132,389
121900025,777,531,246
121900026,534,58,476
121900027,619,229,390
121900028,404,25,379
121900029,216,255,-39
121900030,805,950,-145
121900031,1512,9056,-7544
121900032,203,135,68
121900033,210,256,-46
121900034,574,137,437
121900035,3755,3179,576
121900036,146,481,-335
121900037,234,1102,-868
121900038,33,229,-196
121900039,596,69,527
121900040,91,124,-33
121900041,148,222,-74
121900042,500,197,303
121900043,65,11,54
121900044,305,97,208
121900046,527,433,94
121900047,247,102,145
121900048,46,223,-177
121900050,28,61,-33
121900051,215,223,-8
121900052,229,69,160
121900053,815,509,306
121900054,648,1408,-760
121900055,1,22,-21
121900058,335,291,44
121900059,607,216,391
121900060,226,458,-232
121900061,516,248,268
121900062,247,166,81
121900063,1881,402,1479
121900064,402,896,-494
121900066,105,55,50
121900067,97,99,-2
121900069,200,192,8
121900070,564,165,399
121900071,361,440,-79
121900072,63,240,-177
121900073,405,257,148
121900074,1125,1331,-206
121900075,1143,534,609
121900076,1183,818,365
121900077,35,75,-40
121900078,147,42,105
121900079,0,0,0
121900080,1239,630,609
121900082,45,173,-128
121900084,17,269,-252
121900085,5,28,-23
121900086,18,62,-44
121900087,248,161,87
121900088,3081,4798,-1717
121900089,240,517,-277
121900090,52,130,-78
121900091,65,221,-156
121900092,171,119,52
121900093,84,75,9
121900094,19,4,15
121900095,322,245,77
121900096,2013,1185,828
121900097,768,267,501
121900098,6,11,-5
121900099,257,130,127
121900100,372,633,-261
121900101,168,196,-28
121900102,13,191,-178
121900103,1356,356,1000
121900104,1727,392,1335
121900105,270,334,-64
121900106,9,9,0
121900107,70,55,15
121900108,6,39,-33
121900109,419,213,206
121900110,622,1448,-826
121900111,2013,201,1812
121900112,286,194,92
121900113,110,729,-619
121900114,111,137,-26
121900117,1006,99,907
121900118,3153,812,2341
121900119,270,144,126
121900120,70,2111,-2041
121900121,800,67,733
121900122,45,109,-64
121900123,299,557,-258
121900124,194,178,16
121900125,1856,1876,-20
121900127,20,115,-95
121900128,116,163,-47
121900129,990,192,798
121900130,175,332,-157
121900131,470,93,377
121900132,102,158,-56
121900133,100,713,-613
121900134,32,224,-192
121900135,3318,539,2779
121900136,548,572,-24
121900137,57,533,-476
121900138,198,324,-126
121900139,410,601,-191
121900140,124,301,-177
121900141,78,56,22
121900142,196,202,-6
121900143,35,289,-254
121900144,172,397,-225
121900145,273,347,-74
121900146,915,1209,-294
121900147,56,207,-151
121900148,299,449,-150
121900149,568,940,-372
121900150,112,192,-80
121900151,79,283,-204
121900152,122,186,-64
121900153,166,984,-818
121900154,19,250,-231
121900155,0,206,-206
121900156,251,139,112
121900157,3,566,-563
121900158,120,146,-26
121900159,1,281,-280
121900160,74,364,-290
121900161,444,471,-27
121900162,166,240,-74
121900163,309,910,-601
121900164,702,267,435
121900165,337,271,66
121900166,386,271,115
121900167,154,150,4
121900168,255,288,-33
121900169,11,362,-351
121900170,13,307,-294
121900171,874,822,52
121900172,688,350,338
121900173,1404,416,988
121900174,41,119,-78
121900175,281,220,61
121900176,956,2131,-1175
121900177,280,122,158
121900178,91,71,20
121900179,598,242,356
121900180,6349,5698,651
121900182,1028,405,623
121900183,1105,1068,37
121900184,97,892,-795
121900186,8,440,-432
121900187,84,258,-174
121900188,739,652,87
121900189,47,141,-94
121900190,523,618,-95
121900191,159,356,-197
121900192,489,906,-417
121900193,82,233,-151
121900194,13,295,-282
121900195,147,223,-76
121900196,1423,1808,-385
121900197,545,2188,-1643
121900198,1382,1554,-172
121900199,5,35,-30
121900200,124,366,-242
121900201,1719,1117,602
121900202,220,909,-689
121900203,328,1412,-1084
121900204,1289,1729,-440
121900205,19,131,-112
121900206,44,26,18
121900207,214,77,137
121900208,262,418,-156
121900209,94,44,50
121900210,2026,1475,551
121900211,11,137,-126
121900212,272,186,86
121900213,189,96,93
121900214,9,989,-980
121900215,99,156,-57
121900216,95,208,-113
121900217,368,186,182
121900218,334,625,-291
121900220,267,27,240
121900221,380,1151,-771
121900222,301,202,99
121900223,298,80,218
121900224,175,74,101
121900225,276,141,135
121900226,449,1331,-882
121900227,321,627,-306
121900228,321,532,-211
121900230,184,435,-251
121900231,643,2272,-1629
121900232,481,554,-73
121900233,331,329,2
121900234,682,492,190
121900235,786,306,480
121900236,493,217,276
121900237,259,356,-97
121900238,188,469,-281
121900239,332,68,264
121900240,326,214,112
121900241,68,94,-26
121900242,9,1,8
121900243,15,1,14
121900244,66,15,51
121900245,261,98,163
121900246,2692,466,2226
121900247,424,345,79
121900248,1967,1558,409
121900250,379,309,70
121900251,479,81,398
121900252,844,200,644
121900253,181,944,-763
121900254,687,333,354
121900255,335,122,213
121900258,4155,3084,1071
121900259,564,895,-331
121900260,223,336,-113
121900261,213,920,-707
121900262,551,1499,-948
121900263,333,424,-91
121900264,2913,2386,527
121900265,436,350,86
121900266,573,261,312
121900267,91,45,46
121900269,311,786,-475
121900270,37,273,-236
121900271,54,253,-199
121900273,704,2737,-2033
121900274,336,331,5
121900277,585,1579,-994
121900278,278,1161,-883
121900279,244,235,9
121900280,340,523,-183
121900281,997,434,563
121900284,231,15,216
121900286,719,183,536
121900287,45,57,-12
121900290,323,404,-81
121900291,474,825,-351
121900292,270,160,110
121900293,1115,3602,-2487
121900294,338,5,333
121900295,156,309,-153
121900296,261,238,23
121900298,640,839,-199
121900299,3,2,1
121900300,143,2,141
121900301,155,21,134
121900302,5,85,-80
121900303,763,569,194
121900304,2,9,-7
121900305,0,3,-3
121900306,71,3,68
121900307,23,33,-10
121900308,62,405,-343
121900309,22,352,-330
121900310,30,577,-547
121900311,406,104,302
121900312,362,42,320
121900313,406,45,361
121900314,3,89,-86
121900315,3,0,3
121900316,0,18,-18
121900317,13,3,10
121900318,4,15,-11
121900319,32,170,-138
121900320,87,139,-52
121900321,9,6,3
121900322,6,39,-33
121900323,7,10,-3
121900324,42,91,-49
121900325,17,1,16
121900326,1,24,-23
121900327,11,91,-80
121900328,2,43,-41
121900329,1,307,-306
121900330,1,25,-24
121900331,254,89,165
121900332,117,57,60
121900333,43,4,39
122000001,3893,6189,-2296
122000002,7235,2658,4577
122000003,3366,3430,-64
122000004,4908,2384,2524
122000005,3702,2350,1352
122000006,2956,1099,1857
122000007,1739,2441,-702
122000008,6780,7556,-776
122000009,583,449,134
122000010,2783,3871,-1088
122000011,4386,1811,2575
122000012,1617,1586,31
122000013,2529,1404,1125
122000014,1988,2121,-133
122000015,2053,1567,486
122000016,902,1173,-271
122000017,1456,1368,88
122000018,1924,1475,449
122000019,1008,1585,-577
122000020,420,285,135
122000021,603,663,-60
122000022,1862,1583,279
122000023,850,3067,-2217
122000024,992,1341,-349
122000025,2360,2078,282
122000026,1714,1321,393
122000027,812,4416,-3604
122000028,1120,650,470
122000029,668,541,127
122000030,464,201,263
122000031,287,289,-2
122000032,2211,3816,-1605
122000033,1076,1349,-273
122000034,1146,874,272
122000035,445,1165,-720
122000036,783,713,70
122000037,490,422,68
122000038,348,591,-243
122000039,897,830,67
122000040,454,608,-154
122000041,642,740,-98
122000042,449,684,-235
122000043,242,164,78
122000044,157,230,-73
122000045,2024,589,1435
122000046,880,1236,-356
122000047,424,283,141
122000048,5328,6837,-1509
122000049,8806,4311,4495
122000050,2223,960,1263
122000051,488,356,132
122000052,885,466,419
122000053,222,836,-614
122000054,3538,2838,700
122000055,2935,3784,-849
122000056,7240,5044,2196
122000057,5045,4760,285
122000058,4237,1668,2569
122000059,4441,2051,2390
122000060,1212,833,379
122000061,720,611,109
122000062,1709,503,1206
122000063,2556,980,1576
122000064,4721,3403,1318
122000065,7221,3446,3775
122000066,1624,1247,377
122000067,2952,1778,1174
122000068,2079,2084,-5
122000069,1004,936,68
122000070,1052,4316,-3264
122000071,1937,2067,-130
122000072,551,539,12
122000073,460,684,-224
122000074,3488,2093,1395
122000075,976,1837,-861
122000076,2652,1495,1157
122000077,2495,950,1545
122000078,3399,3067,332
122000079,3410,1588,1822
122000080,1589,473,1116
122000081,323,444,-121
122000082,1694,1070,624
122000083,2105,3842,-1737
122000084,1776,1179,597
122000085,406,2419,-2013
122000086,3298,7058,-3760
122000087,736,317,419
122000088,605,577,28
122000089,9501,4056,5445
122000090,404,687,-283
122000091,592,109,483
122000092,302,23,279
122000093,2795,1602,1193
122000094,11124,2954,8170
122000095,5705,4644,1061
122000096,4118,2500,1618
122000098,5328,2407,2921
122000099,4055,889,3166
122000100,1494,913,581
122000101,369,1365,-996
122000102,2443,1560,883
122000103,2674,2043,631
122000104,556,282,274
122000105,875,379,496
122000106,785,687,98
122000107,1330,668,662
122000108,569,1071,-502
122000109,436,492,-56
122000110,626,636,-10
122000111,3415,1766,1649
122000112,1108,1930,-822
122000113,753,950,-197
122000114,5958,2011,3947
122000115,2293,2629,-336
122000116,787,733,54
122000117,2404,628,1776
122000118,788,1313,-525
122000119,5615,4136,1479
122000120,3653,8107,-4454
122000121,3937,5324,-1387
122000122,1213,2681,-1468
122000123,2935,3137,-202
122000124,1536,1037,499
122000125,882,1158,-276
122000126,953,2154,-1201
122000127,1701,2338,-637
122000128,704,1227,-523
122000129,668,2076,-1408
122000130,5160,2333,2827
122000131,2714,2860,-146
122000132,1123,1073,50
122000133,1581,2474,-893
122000134,1183,1200,-17
122000135,1062,1113,-51
122000136,1456,1002,454
122000137,2325,1506,819
122000139,2218,4715,-2497
122000140,1564,784,780
122000141,6119,1466,4653
122000142,695,1230,-535
122000143,822,942,-120
122000144,2460,2660,-200
122000145,2217,1427,790
122000146,1156,1872,-716
122000147,1123,762,361
122000148,3294,2220,1074
122000149,3225,2346,879
122000150,1908,1477,431
122000151,402,529,-127
122000152,591,614,-23
122000153,527,506,21
122000154,450,323,127
122000155,2626,3936,-1310
122000156,3001,2769,232
122000157,2437,2075,362
122000158,507,1085,-578
122000159,1451,3087,-1636
122000160,7472,4871,2601
122000161,1896,1912,-16
122000162,3683,2761,922
122000163,342,115,227
122000164,43,92,-49
122000165,1902,959,943
122000166,2155,1517,638
122000167,323,316,7
122000168,281,732,-451
122000169,755,282,473
122000170,518,366,152
122000171,74,111,-37
122000172,1995,1904,91
122000173,1850,3173,-1323
122000174,3969,1147,2822
122000175,1998,529,1469
122000176,365,1008,-643
122000177,2617,1744,873
122000178,4308,3945,363
122000179,2453,3624,-1171
122000180,2329,2020,309
122000181,2459,4630,-2171
122000182,2592,2413,179
122000183,2607,1633,974
122000184,3521,2701,820
122000185,1802,1638,164
122000186,687,970,-283
122000187,2959,1390,1569
122000188,592,302,290
122000189,379,435,-56
122000190,1628,1525,103
122000191,1548,1117,431
122000192,1661,503,1158
122000193,623,808,-185
122000194,1196,318,878
122000195,301,560,-259
122000196,1822,797,1025
122000197,680,897,-217
122000198,603,1043,-440
122000199,532,452,80
122000200,1699,1024,675
122000201,1863,1786,77
122000202,2004,1584,420
122000203,5399,2202,3197
122000204,2526,2804,-278
122000205,2189,2165,24
122000206,3198,1229,1969
122000207,2833,1832,1001
122000208,4512,2049,2463
122000209,3635,499,3136
122000210,3314,2412,902
122000211,2658,1399,1259
122000212,1286,990,296
122000213,1576,2282,-706
122000214,3028,2278,750
122000215,2647,2173,474
122000217,3106,1827,1279
122000218,952,89,863
122000219,1768,1362,406
122000220,571,999,-428
122000221,130,662,-532
122000222,915,275,640
122000223,2299,709,1590
122000225,1587,417,1170
122000226,3545,2649,896
122000227,528,3992,-3464
122000228,628,530,98
122000229,47,723,-676
122000230,113,871,-758
122000231,610,1109,-499
122000232,1025,1268,-243
122000233,0,153,-153
122000234,530,235,295
122000235,2293,266,2027
122000236,1435,258,1177
122000237,163,135,28
122000238,585,525,60
122000239,1078,206,872
122000240,1701,849,852
122000241,1978,680,1298
122000242,1271,149,1122
122000243,962,54,908
122000244,57,327,-270
122000245,57,104,-47
122000246,450,100,350
122000247,1001,360,641
122000248,1495,2365,-870
122000249,1905,1573,332
122000250,3561,2634,927
122000251,378,609,-231
122000252,781,217,564
122000253,68,414,-346
122000254,352,153,199
122000255,1074,2327,-1253
122000256,625,1578,-953
122000257,254,465,-211
122000258,427,413,14
122000259,20,635,-615
122000260,7,97,-90
122000261,16,295,-279
122000262,0,73,-73
122000263,353,160,193
122000264,1484,681,803
122000265,3867,1250,2617
122000266,7896,766,7130
122000267,319,179,140
122000268,268,509,-241
122000269,1424,443,981
122000270,1777,191,1586
122000271,492,1407,-915
122000272,527,1371,-844
122000273,611,597,14
122000274,312,252,60
122000275,297,283,14
122000276,1157,775,382
122000277,2001,2044,-43
122000278,3403,1309,2094
122000279,362,732,-370
122000280,1346,1118,228
122000281,1290,1265,25
122000282,419,232,187
122000283,1133,101,1032
122000284,333,177,156
122000285,900,161,739
122000286,264,267,-3
122000287,2496,1904,592
122000288,1240,402,838
122000291,2385,1047,1338
122000293,495,420,75
122000294,213,340,-127
122000295,2103,302,1801
122000296,73,882,-809
122000297,4029,3603,426
122000299,583,589,-6
122000300,661,852,-191
122000301,16649,4756,11893
122000302,1482,2015,-533
122000303,5499,1925,3574
122000304,78,381,-303
122000305,1402,470,932
122000306,43,1173,-1130
122000307,313,211,102
122000309,249,82,167
122000310,51,81,-30
122000311,362,217,145
122000312,207,111,96
122000313,183,98,85
122000314,204,302,-98
122000315,326,33,293
122000316,846,283,563
122000317,1554,363,1191
122000318,372,1039,-667
122000319,342,685,-343
122000320,517,2606,-2089
122000321,158,310,-152
122000322,3382,3158,224
122000323,2086,2804,-718
122000324,1820,1521,299
122000325,1409,1929,-520
122000326,90,197,-107
122000327,934,1421,-487
122000328,1685,1075,610
122000330,3160,1175,1985
122000332,591,477,114
122000333,13,158,-145
122000337,1327,2282,-955
122000338,675,713,-38
122000340,543,460,83
122000342,2915,1508,1407
122000343,592,1375,-783
122000344,87,38,49
122000345,416,52,364
122000346,537,749,-212
122000348,925,1048,-123
122000349,206,1039,-833
122000351,165,256,-91
122000352,591,172,419
122000353,99,115,-16
122000355,249,269,-20
122000356,2636,1425,1211
122000357,185,63,122
122000358,1,69,-68
122000359,0,47,-47
122000360,0,87,-87
122000362,16,93,-77
122000364,208,556,-348
122000365,5,57,-52
122000366,28,6,22
122000368,587,966,-379
122000370,32,90,-58
122000371,46,0,46
122000372,30,3,27
122000381,94,529,-435
122000382,84,318,-234
122000384,5457,2287,3170
122000385,101,1,100
122000386,1133,1980,-847
122000387,1239,701,538
122000388,2363,1040,1323
122000389,239,770,-531
122000390,730,314,416
122000391,529,175,354
122000392,305,287,18
122000393,459,224,235
122000394,770,536,234
122000395,250,220,30
122000396,467,157,310
122000397,117,99,18
122000398,56,78,-22
122000399,201,109,92
122000400,193,595,-402
122000401,166,108,58
122000402,414,170,244
122000403,767,1370,-603
122000404,253,457,-204
122000408,1323,1900,-577
122000503,18,168,-150
122000524,236,156,80
122000544,136,5226,-5090
122000616,547,11,536
122000640,95,234,-139
122000641,131,415,-284
122000642,2367,1377,990
122000643,69,161,-92
122000644,282,31,251
122000645,154,351,-197
122000651,3171,936,2235
122000664,233,70,163
122000665,1568,770,798
122000666,805,1438,-633
122000673,36,416,-380
122000674,159,86,73
122000675,2232,1561,671
122000686,677,1644,-967
122000687,2512,486,2026
122000688,335,1029,-694
122000689,1108,912,196
122000690,2007,867,1140
122000691,724,3049,-2325
122000692,1956,572,1384
122000693,766,2940,-2174
122000695,340,767,-427
122000696,523,481,42
122000698,419,1146,-727
122000699,308,197,111
122000701,1810,517,1293
122000702,655,1853,-1198
122000703,216,75,141
122000717,243,88,155
122000718,493,1026,-533
122000719,122,93,29
122000720,436,418,18
122000724,99,24,75
122900001,57,20,37
122900002,1657,6482,-4825
122900003,558,88,470
122900004,1309,77,1232
122900005,166,63,103
122900006,2109,527,1582
122900007,386,68,318
122900008,1451,100,1351
122900009,1226,637,589
122900010,272,256,16
122900012,311,476,-165
122900014,223,467,-244
122900015,3172,1350,1822
122900016,234,430,-196
122900017,593,1277,-684
122900018,345,22,323
122900019,18,236,-218
122900020,901,529,372
122900021,81,1370,-1289
122900022,1012,1196,-184
122900023,713,434,279
122900024,202,159,43
122900025,50,314,-264
122900026,135,452,-317
122900027,88,1145,-1057
122900028,152,264,-112
122900029,6107,4312,1795
122900030,1735,855,880
122900031,177,357,-180
122900032,178,584,-406
122900033,385,205,180
122900034,5892,7539,-1647
122900035,42,32,10
122900036,81,216,-135
122900037,734,198,536
122900038,203,4797,-4594
122900039,178,810,-632
122900040,486,453,33
122900041,432,297,135
122900042,270,417,-147
122900043,738,228,510
122900044,186,474,-288
122900045,141,167,-26
122900046,487,169,318
122900047,330,245,85
122900048,80,474,-394
122900049,1976,195,1781
122900051,138,173,-35
122900052,82,225,-143
122900053,94,60,34
122900055,705,236,469
122900057,426,89,337
122900061,645,349,296
122900062,667,1084,-417
122900063,233,466,-233
122900064,2164,704,1460
122900065,832,279,553
122900066,842,468,374
122900067,1806,1102,704
122900068,296,390,-94
122900069,683,3400,-2717
122900070,538,66,472
122900071,139,590,-451
122900072,18,827,-809
122900073,53,320,-267
122900074,1209,1028,181
122900075,2,104,-102
122900076,7,240,-233
122900077,3,237,-234
122900078,236,139,97
122900080,70,35,35
122900081,317,280,37
122900082,979,353,626
122900083,272,276,-4
122900084,22,419,-397
122900086,19,110,-91
122900087,583,660,-77
122900088,89,185,-96
122900089,229,219,10
122900090,28,751,-723
122900091,292,2,290
122900092,1,321,-320
122900093,0,405,-405
122900094,7,347,-340
122900095,303,11,292
122900096,367,246,121
122900097,60,45,15
122900098,168,171,-3
122900099,75,16,59
122900100,1691,427,1264
122900101,920,402,518
122900102,45,53,-8
122900103,142,13,129
122900104,138,13,125
122900105,10,7,3
122900106,8,131,-123
122900107,5,283,-278
122900108,11,293,-282
123000001,2709,558,2151
123000002,6903,5553,1350
123000003,5024,5030,-6
123000004,3949,6018,-2069
123000005,3932,3814,118
123000006,3768,4063,-295
123000007,5625,3798,1827
123000008,4060,4945,-885
123000009,6171,4330,1841
123000010,4441,4692,-251
123000011,4458,1167,3291
123000012,1137,3276,-2139
123000013,4937,1274,3663
123000014,1434,5053,-3619
123000015,6618,1473,5145
123000016,8180,6228,1952
123000017,4098,2241,1857
123000018,68,177,-109
123000019,431,476,-45
123000020,214,171,43
123000021,116,441,-325
123000022,562,3634,-3072
123000023,2112,1966,146
123000024,1910,773,1137
123000025,618,348,270
123000026,66,86,-20
123000027,1059,600,459
123000028,2977,338,2639
123000029,2727,734,1993
123000030,528,686,-158
123000031,273,458,-185
123000032,396,415,-19
123000033,339,62,277
123000034,1607,1486,121
123000035,459,824,-365
123000036,424,1757,-1333
123000037,369,507,-138
123000038,207,317,-110
123000039,567,1594,-1027
123000040,1301,500,801
123000041,1828,1416,412
123000042,1396,816,580
123000043,4998,10382,-5384
123000044,7057,3873,3184
123000045,13943,4136,9807
123000046,1190,1985,-795
123000047,3181,1775,1406
123000048,196,990,-794
123000049,10892,11995,-1103
123000050,1843,2042,-199
123000051,130,279,-149
123000052,1079,4761,-3682
123000053,4115,4721,-606
123000054,2039,2766,-727
123000055,2175,3989,-1814
123000056,1811,2660,-849
123000057,21733,9344,12389
123000058,891,1195,-304
123000059,667,841,-174
123000060,1113,528,585
123000061,419,1086,-667
123000063,1260,1235,25
123000064,1357,384,973
123000065,10096,5434,4662
123000066,1153,1034,119
123000067,1388,958,430
123000068,4299,4389,-90
123000069,9489,5479,4010
123000070,365,1243,-878
123000071,1344,1565,-221
123000072,1424,1712,-288
123000073,1485,1151,334
123000074,1452,2119,-667
123000075,500,1607,-1107
123000076,932,1229,-297
123000077,2467,4116,-1649
123000078,1930,2237,-307
123000079,2058,2460,-402
123000080,3711,3024,687
123000081,230,753,-523
123000082,555,1593,-1038
123000083,1354,371,983
123000084,630,836,-206
123000085,335,159,176
123000086,573,351,222
123000087,375,594,-219
123000088,1776,1329,447
123000089,642,1533,-891
123000090,1485,1287,198
123000091,2038,2143,-105
123000092,1283,1717,-434
123000094,718,423,295
123000095,831,924,-93
123000096,880,577,303
123000097,789,1202,-413
123000098,1025,826,199
123000099,833,1025,-192
123000100,644,974,-330
123000101,837,799,38
123000102,739,966,-227
123000104,501,581,-80
123000105,771,680,91
123000106,634,770,-136
123000107,511,723,-212
123000108,1030,1682,-652
123000111,1049,492,557
123000112,1341,909,432
123000113,729,2354,-1625
123000114,562,887,-325
123000115,361,445,-84
123000116,33,234,-201
123000117,2368,3080,-712
123000118,591,1410,-819
123000119,446,1261,-815
123000120,743,1252,-509
123000121,553,779,-226
123000122,478,291,187
123000123,609,875,-266
123000124,758,618,140
123000125,1540,1515,25
123000126,2282,4673,-2391
123000127,1319,941,378
123000128,458,505,-47
123000129,835,390,445
123000130,635,96,539
123000131,952,866,86
123000132,592,1018,-426
123000133,368,649,-281
123000134,615,361,254
123000135,2881,1880,1001
123000136,392,1328,-936
123000137,197,521,-324
123000138,92,615,-523
123000139,570,265,305
123000140,172,1273,-1101
123000141,1170,235,935
123000142,1242,1295,-53
123000143,1924,2919,-995
123000144,81,66,15
123000145,357,224,133
123000146,99,119,-20
123000147,256,181,75
123000149,569,677,-108
123000150,370,377,-7
123000151,420,582,-162
123000152,199,532,-333
123000153,409,1017,-608
123000154,2734,3029,-295
123000155,3202,1730,1472
123000156,115,274,-159
123000157,808,1304,-496
123000158,807,1088,-281
123000159,4764,3257,1507
123000160,1394,965,429
123000161,2434,1839,595
123000162,1489,2221,-732
123000163,750,181,569
123000164,1953,448,1505
123000165,478,2554,-2076
123000166,83,273,-190
123000167,179,381,-202
123000168,337,396,-59
123000169,962,212,750
123000170,118,359,-241
123000171,898,37,861
123000172,332,839,-507
123000173,910,406,504
123000174,1491,460,1031
123000175,1171,1948,-777
123000176,1564,407,1157
123000177,517,1498,-981
123000178,1092,200,892
123000179,60,935,-875
123000180,2109,534,1575
123000181,467,2100,-1633
123000182,277,669,-392
123000183,263,587,-324
123000184,180,1005,-825
123000185,887,652,235
123000186,4,825,-821
123000187,747,10,737
123000188,296,1,295
123000189,220,267,-47
123000190,63,96,-33
123000192,26,568,-542
123000193,100,1041,-941
123000194,618,449,169
123000195,360,34,326
123000196,436,87,349
123000197,74,205,-131
123000198,150,473,-323
123000199,13,901,-888
123000200,585,20,565
123000201,1180,26,1154
123000202,41,1651,-1610
123000203,1172,102,1070
123000204,137,1539,-1402
123000205,779,2813,-2034
123000206,2274,300,1974
123000207,96,1243,-1147
123000208,861,249,612
123000209,2421,676,1745
123000210,629,2621,-1992
123000211,860,3917,-3057
123000212,3812,671,3141
123000213,798,80,718
123000215,237,263,-26
123000216,349,1421,-1072
123000217,212,60,152
123000218,156,913,-757
123000219,1541,247,1294
123000220,695,145,550
123000221,260,239,21
123000222,612,915,-303
123000223,378,647,-269
123000224,514,772,-258
123000225,541,133,408
123000226,109,576,-467
123000227,113,481,-368
123000228,362,118,244
123000229,1402,2559,-1157
123000232,179,932,-753
123000233,1028,270,758
123000234,265,970,-705
123000235,1205,500,705
123000236,371,1226,-855
123000237,415,139,276
123000238,135,861,-726
123000239,657,2561,-1904
123000240,103,623,-520
123000241,931,190,741
123000242,246,328,-82
123000243,978,1253,-275
123000244,1278,1033,245
123000245,84,284,-200
123000249,637,1061,-424
123000252,1293,328,965
123000253,1148,676,472
123000254,813,1607,-794
123000255,1467,1278,189
123000256,36,356,-320
123000257,4669,3344,1325
123000258,1526,1571,-45
123000259,415,600,-185
123000260,497,713,-216
123000261,278,374,-96
123000262,127,257,-130
123000263,503,143,360
123000264,213,112,101
123000265,69,225,-156
123000266,609,1018,-409
123000267,826,421,405
123000268,51,89,-38
123000269,42,65,-23
123000270,41,72,-31
123000271,126,102,24
123000272,901,359,542
123000273,399,905,-506
123000274,1652,843,809
123000275,501,1394,-893
123000278,4462,3717,745
123000279,121,142,-21
123000280,466,434,32
123000281,478,151,327
123000282,199,365,-166
123000283,149,118,31
123000284,111,218,-107
123000286,383,423,-40
123000287,685,365,320
123000288,1569,1047,522
123000289,648,1699,-1051
123000291,437,1069,-632
123000294,155,268,-113
123000295,1179,1158,21
123000296,680,613,67
123000297,602,1024,-422
123000298,768,654,114
123000299,58,253,-195
123000300,1066,1028,38
123000301,206,367,-161
123000302,93,304,-211
123000303,341,101,240
123000305,1263,1210,53
123000306,149,315,-166
123000309,78,107,-29
123000310,70,66,4
123000311,1,160,-159
123000312,983,1314,-331
123000313,603,644,-41
123000315,91,557,-466
123000316,2341,270,2071
123000317,299,90,209
123000318,63,340,-277
123000329,21,26,-5
123000337,1081,380,701
123000338,1617,81,1536
123000339,263,215,48
123000340,261,653,-392
123000342,16,13,3
123000343,110,7,103
123000344,1725,923,802
123000345,443,1040,-597
123000346,400,87,313
123000352,2304,1132,1172
123000353,30,116,-86
123000354,787,42,745
123000355,1,790,-789
123000356,602,17,585
123000357,0,357,-357
123000359,2,248,-246
123000360,297,221,76
123000361,715,482,233
123000362,478,202,276
123000363,136,330,-194
123000364,684,712,-28
123000365,37,506,-469
123000366,717,2724,-2007
123000367,452,1819,-1367
123000370,59,364,-305
123000371,1064,79,985
123000372,616,33,583
123000373,25,665,-640
123000374,17,340,-323
123000375,498,85,413
123000376,1076,792,284
123000377,572,35,537
123000378,25,499,-474
123000379,9,308,-299
123000380,101,611,-510
123000381,285,49,236
123000382,2046,278,1768
123000383,368,1902,-1534
123000384,621,123,498
123000385,628,860,-232
123000436,57,1518,-1461
123000507,204,479,-275
123000508,310,1238,-928
123000517,400,46,354
123000518,36,365,-329
123000519,203,91,112
123000520,68,323,-255
123000521,450,141,309
123000522,175,580,-405
123000541,6,5,1
123000542,0,40,-40
123000565,491,34,457
123000566,716,1069,-353
123000567,140,366,-226
123000573,54,1208,-1154
123000574,1099,138,961
123000575,1597,1776,-179
123000576,1150,2594,-1444
123000577,154,1068,-914
123000578,870,145,725
123000579,5099,6999,-1900
123000580,96,36,60
123000582,571,36,535
123000583,36,646,-610
123000584,266,447,-181
123000585,2,221,-219
123000586,124,0,124
123000596,111,188,-77
123000597,74,178,-104
123000602,44,14,30
123000603,799,1048,-249
123000604,683,1359,-676
123000605,1447,201,1246
123000606,0,582,-582
123000609,25,519,-494
123000610,271,242,29
123000613,60,250,-190
123000614,298,83,215
123000615,64,200,-136
123000616,884,93,791
123000617,137,813,-676
123000618,148,1017,-869
123000619,717,66,651
123000620,16,719,-703
123000622,496,27,469
123000624,166,73,93
123000630,988,751,237
123000631,433,2176,-1743
123000632,1161,1364,-203
123000633,1,306,-305
123000634,98,126,-28
123000635,224,164,60
123000636,66,1081,-1015
123000637,238,255,-17
123000638,822,105,717
123000639,1547,5254,-3707
123000640,11,1190,-1179
123900001,1846,84,1762
123900002,51,2342,-2291
123900003,530,895,-365
123900005,374,206,168
123900006,412,52,360
124000001,2813,242,2571
124000002,155,2430,-2275
124000003,955,199,756
124000004,83,905,-822
124000005,1380,883,497
124000006,407,1831,-1424
124000007,1150,211,939
124000008,23,1329,-1306
124000009,687,493,194
124000010,188,720,-532
124000011,2210,612,1598
124000012,579,919,-340
124000017,208,227,-19
124000018,152,130,22
124000019,193,183,10
124000020,53,226,-173
124000021,191,128,63
124000022,106,344,-238
124000023,2366,1815,551
124000024,1419,720,699
124000025,1934,2118,-184
124000026,1377,1392,-15
124000027,6624,6600,24
124000028,3301,5990,-2689
124000030,4116,1819,2297
124000031,1737,4550,-2813
124000032,5443,1399,4044
124000033,468,1099,-631
124000034,2602,851,1751
124000035,68,243,-175
124000036,185,259,-74
124000037,1178,1354,-176
124000038,98,97,1
124000039,1649,697,952
124000040,814,1324,-510
124000041,568,163,405
124000042,119,644,-525
124000043,225,148,77
124000044,83,312,-229
124000045,877,876,1
124000046,330,934,-604
124000047,1822,1395,427
124000048,1211,2291,-1080
124000049,2263,990,1273
124000050,1037,2836,-1799
124000051,1142,791,351
124000052,750,1718,-968
124000053,700,1965,-1265
124000054,1074,886,188
124000055,1606,3438,-1832
124000056,4145,2116,2029
124000057,1206,793,413
124000058,687,1829,-1142
124000059,829,1417,-588
124000060,1754,1174,580
124000061,1986,5609,-3623
124000062,6014,2412,3602
124000063,1775,2433,-658
124000064,3523,2313,1210
124000065,24,788,-764
124000066,165,53,112
124000067,238,364,-126
124000068,21,33,-12
124000069,164,20,144
124000070,111,154,-43
124000071,650,122,528
124000072,324,692,-368
124000073,1166,271,895
124000074,346,1111,-765
124000075,361,51,310
124000076,15,325,-310
124000077,2379,938,1441
124000078,4365,1599,2766
124000079,705,1598,-893
124000080,834,253,581
124000081,216,876,-660
124000082,117,205,-88
124000083,165,202,-37
124000084,57,310,-253
124000085,222,52,170
124000086,153,122,31
124000087,318,116,202
124000088,429,426,3
124000089,972,457,515
124000090,128,474,-346
124000091,320,143,177
124000092,106,664,-558
124000093,100,176,-76
124000094,250,683,-433
124000095,55,189,-134
124000096,217,491,-274
124000097,170,226,-56
124000098,86,152,-66
124000099,292,169,123
124000100,82,202,-120
124000101,83,134,-51
124000102,188,108,80
124000103,94,175,-81
124000104,150,72,78
124000105,92,106,-14
124000106,207,103,104
124000107,17,212,-195
124000108,81,39,42
124000109,150,187,-37
124000110,274,190,84
124000111,250,287,-37
124000112,814,999,-185
124000113,126,206,-80
124000114,423,653,-230
124000115,562,868,-306
124000116,153,315,-162
124000117,87,131,-44
124000118,68,133,-65
124000119,1535,844,691
124000120,1039,603,436
124000121,2032,843,1189
124000122,807,1805,-998
124000123,1414,871,543
124000124,595,1549,-954
124000125,570,806,-236
124000126,453,916,-463
124000127,1241,586,655
124000128,865,1449,-584
124000129,2852,1982,870
124000130,1040,885,155
124000131,1347,652,695
124000132,1384,1113,271
124000133,979,1235,-256
124000134,1265,1116,149
124000135,2234,2373,-139
124000136,1345,1585,-240
124000137,2241,938,1303
124000138,2282,1733,549
124000139,1404,49,1355
124000140,102,711,-609
124000141,733,12,721
124000142,16,246,-230
124000143,88,47,41
124000144,19,66,-47
124000145,419,95,324
124000146,178,180,-2
124000148,102,175,-73
124000149,1755,681,1074
124000150,453,904,-451
124000151,1083,500,583
124000152,1001,1728,-727
124000153,926,951,-25
124000154,463,1089,-626
124000155,1689,1313,376
124000156,2096,1368,728
124000169,213,709,-496
124000170,952,704,248
124000171,504,399,105
124000172,618,833,-215
124000173,667,340,327
124000174,486,964,-478
124000175,27,197,-170
124000176,83,16,67
124000177,13,70,-57
124000178,111,63,48
124000190,77,49,28
124000191,260,87,173
124000192,4826,574,4252
124000193,1466,1376,90
124000194,465,745,-280
124000195,334,682,-348
124000196,1410,1508,-98
124000197,123,79,44
124000198,53,53,0
124000201,534,1355,-821
124000202,733,462,271
124000203,537,1189,-652
124000204,935,581,354
124000205,132,731,-599
124000206,755,582,173
124000207,0,63,-63
124000209,381,841,-460
124000210,586,310,276
124000211,749,3,746
124000212,4,738,-734
124000213,514,518,-4
124000214,363,1015,-652
124000215,812,34,778
124000216,6,601,-595
124000329,198,2866,-2668
124000338,185,1328,-1143
124000339,1131,227,904
124000341,1366,213,1153
124000344,43,3,40
124000357,1248,3283,-2035
124000358,970,1864,-894
124000359,1582,918,664
124000360,1062,824,238
124000361,3081,984,2097
124000362,2163,2547,-384
124000363,431,572,-141
124000364,885,1433,-548
124000365,901,1434,-533
124000366,2068,1152,916
124000367,218,831,-613
124000368,567,575,-8
124000369,278,235,43
124000370,106,734,-628
124000402,84,23,61
124000403,149,26,123
124000404,12,219,-207
124000405,1567,1078,489
124000406,1168,1248,-80
124000407,4,52,-48
124000411,8,511,-503
124000412,543,22,521
124000413,989,66,923
124000414,88,249,-161
124000415,69,208,-139
124000416,193,367,-174
124000417,180,184,-4
124000418,195,197,-2
124000419,68,189,-121
124000420,72,127,-55
124000421,57,277,-220
124000422,38,22,16
124000423,196,49,147
124000424,4,112,-108
124000425,33,125,-92
124000426,15,53,-38
124000427,72,114,-42
124000428,50,69,-19
124000429,139,100,39
124000430,949,957,-8
124000431,370,943,-573
124000432,363,1232,-869
124000439,13,12,1
124000442,8,212,-204
124000443,0,8,-8
124000445,177,695,-518
124000446,1572,81,1491
124900001,464,443,21
124900002,275,556,-281
124900003,916,753,163
124900004,590,502,88
124900005,426,312,114
124900006,676,502,174
124900008,1678,826,852
124900009,197,451,-254
124900010,198,123,75
124900011,724,476,248
124900012,623,215,408
124900013,736,177,559
124900014,423,120,303
124900015,191,546,-355
124900016,89,171,-82
124900017,1143,1901,-758
124900018,51,24,27
124900020,111,118,-7
124900021,322,109,213
124900022,231,30,201
124900024,366,111,255
124900026,578,23,555
124900027,140,497,-357
124900028,900,189,711
124900029,15,626,-611
124900030,21,218,-197
124900031,59,515,-456
124900032,224,274,-50
124900033,248,627,-379
124900034,11,131,-120
124900035,327,632,-305
124900036,4,65,-61
124900037,238,536,-298
124900038,433,455,-22
124900039,0,45,-45
124900040,249,110,139
124900041,359,1437,-1078
124900042,326,5,321
124900043,557,1272,-715
124900044,96,7,89
124900045,1181,1363,-182
124900046,1646,333,1313
124900047,159,265,-106
124900048,276,191,85
124900050,263,354,-91
124900052,102,589,-487
124900053,144,521,-377
124900054,3215,846,2369
124900055,3,214,-211
124900057,24,82,-58
124900060,132,353,-221
124900061,112,17,95
124900062,163,28,135
124900066,0,29,-29
124900067,15,233,-218
124900068,180,723,-543
124900070,70,21,49
124900072,161,117,44
124900074,742,389,353
124900075,235,248,-13
124900076,28,1206,-1178
124900077,27,173,-146
124900078,88,49,39
124900079,813,360,453
124900080,354,880,-526
124900081,976,354,622
124900082,337,972,-635
124900083,266,698,-432
124900084,2917,182,2735
124900085,1419,528,891
124900086,174,1341,-1167
124900087,729,128,601
124900088,1106,221,885
124900089,1655,33,1622
124900090,352,376,-24
124900091,477,670,-193
124900092,355,463,-108
124900093,451,284,167
124900094,466,398,68
124900095,113,592,-479
124900096,758,387,371
124900097,331,142,189
124900098,159,577,-418
124900099,1005,789,216
124900100,358,201,157
124900101,197,437,-240
124900102,344,179,165
124900103,209,372,-163
124900104,71,262,-191
124900105,142,194,-52
124900106,529,118,411
124900107,145,26,119
124900108,241,142,99
124900109,86,165,-79
124900110,824,540,284
124900111,12,158,-146
124900112,67,826,-759
124900113,123,344,-221
124900114,295,157,138
124900115,322,69,253
124900116,185,187,-2
124900117,727,237,490
124900118,404,250,154
124900119,387,256,131
124900120,68,510,-442
124900121,168,483,-315
124900122,483,317,166
124900123,412,151,261
124900124,222,354,-132
129000186,389,41,348
204000001,76,2,74
204000002,28,5,23
204000003,75,8,67
204000004,31,3,28
204000005,778,688,90
204000006,1548,1940,-392
204000011,15,73,-58
204000012,60,127,-67
204000013,2,49,-47
204000019,599,765,-166
204000020,813,752,61
204000021,2221,935,1286
204000022,592,621,-29
204000023,736,1103,-367
204000031,95,36,59
204000032,987,61,926
204000034,28,324,-296
204000035,0,9,-9
204000036,11,41,-30
204000037,1,29,-28
204000038,1,13,-12
204000039,19,53,-34
204000040,13,31,-18
204000041,37,52,-15
204000042,163,23,140
204000043,39,2,37
204000044,81,7,74
204000045,124,10,114
204000046,31,4,27
204000057,7,45,-38
204000062,16,19,-3
204000068,62,313,-251
204000069,31,370,-339
204000070,122,275,-153
204000080,89,93,-4
204000085,2368,2361,7
204000086,3202,2883,319
204000087,29,17,12
204000088,12,147,-135
204000090,62,446,-384
204000093,392,117,275
204000096,1006,1388,-382
204000097,599,31,568
204000099,1332,2035,-703
204000100,1535,2196,-661
204000105,2610,2170,440
204000110,1325,1620,-295
204000111,526,873,-347
204000112,1357,878,479
204000113,571,945,-374
204000114,998,753,245
204000115,733,389,344
204000116,2474,662,1812
204000119,2361,3797,-1436
204000132,940,576,364
204000133,817,568,249
204000134,474,313,161
204000135,682,197,485
204000136,799,511,288
204000138,462,722,-260
204000140,226,239,-13
204000141,183,97,86
204000144,13,52,-39
204000145,702,56,646
204000146,31,501,-470
204000147,19,217,-198
204000148,941,40,901
204000154,11,3,8
204000155,7,10,-3
204000177,93,113,-20
204000179,39,16,23
204000180,1,35,-34
204000222,69,18,51
204000235,20,48,-28
204000236,92,395,-303
204000238,38,27,11
204000240,512,106,406
204000263,563,1382,-819
204000268,1546,1063,483
204000308,239,25,214
204000317,18,143,-125
204000322,4,99,-95
204000323,26,13,13
204000328,326,68,258
204000329,56,221,-165
204000330,290,21,269
204000331,148,128,20
204010341,8,304,-296
205000001,1816,2192,-376
205000013,5,97,-92
205000014,26,160,-134
205000015,46,284,-238
205000016,22,188,-166
205000017,43,136,-93
205000022,426,1046,-620
205000025,1601,1337,264
205000029,241,10,231
205000045,185,305,-120
205000046,127,527,-400
205000047,121,593,-472
205000048,328,1473,-1145
205000049,157,1069,-912
205000050,987,352,635
205000059,0,311,-311
205000060,1,99,-98
205000061,2,46,-44
205000062,5,55,-50
205000063,15,131,-116
205000064,16,170,-154
205000065,52,722,-670
205000066,108,987,-879
205000067,52,1173,-1121
205000069,202,22,180
205000082,195,329,-134
205000110,66,285,-219
205000111,206,312,-106
205000112,321,347,-26
205000113,228,471,-243
205000121,291,113,178
205000123,75,289,-214
205000126,552,237,315
205000127,769,357,412
205000128,759,215,544
205000129,930,268,662
205000130,875,91,784
205000131,1229,40,1189
205000132,752,7,745
205000133,968,3,965
205000134,504,1,503
205000137,105,181,-76
205000138,339,395,-56
205000139,48,146,-98
205000144,338,89,249
205000145,819,247,572
205000151,362,73,289
205000152,377,56,321
205000153,235,119,116
205000154,122,112,10
205000155,129,27,102
205000207,12,229,-217
205000233,70,12,58
205000234,0,2,-2
205000243,1,1,0
205000244,0,6,-6
205000245,13,327,-314
205000249,2,41,-39
205000250,11,0,11
205000264,14,83,-69
206000027,9,12,-3
206000028,11,0,11
206000043,49,123,-74
206000053,12,15,-3
206000054,8,41,-33
206000055,1,42,-41
206000075,16,7,9
206000076,28,18,10
206000077,67,5,62
206000078,25,5,20
206000079,10,4,6
206000082,792,47,745
206000100,67,904,-837
206000103,7,26,-19
206000104,25,41,-16
206000105,13,31,-18
206000106,11,45,-34
206000108,685,62,623
206000125,68,0,68
206000157,70,1028,-958
206000170,1,293,-292
206000171,6,259,-253
206000172,7,927,-920
206000173,1,372,-371
206000174,11,137,-126
206000175,5,176,-171
206000176,23,323,-300
206000177,4,245,-241
206000178,5,198,-193
206000179,12,149,-137
206000180,20,268,-248
206000181,65,251,-186
206000182,12,235,-223
206000183,50,946,-896
206000184,3,527,-524
206000185,8,298,-290
206000186,191,1532,-1341
206000223,7,226,-219
206000226,42,9,33
206000227,16,1,15
206000237,23,540,-517
206000238,35,703,-668
206000239,446,2683,-2237
206000240,5,90,-85
206000241,0,161,-161
206000242,10,382,-372
206000243,7,309,-302
206000244,100,905,-805
206000245,763,77,686
206000246,179,22,157
206000247,198,8,190
206000248,394,11,383
206000252,92,48,44
206000258,36,65,-29
206000315,61,10,51
206000317,789,125,664
206000318,426,76,350
206000319,1322,144,1178
206000320,191,64,127
206000321,218,31,187
206000322,597,21,576
206000323,171,6,165
206000324,212,6,206
206000325,270,13,257
206000326,247,12,235
206000327,618,11,607
206000328,169,1,168
206000329,315,7,308
206000330,56,9,47
206000331,146,5,141
206000332,55,2,53
206000333,564,2,562
206000334,305,2,303
206000335,1,27,-26
206000361,4,285,-281
206000392,1,47,-46
206000405,199,0,199
206000441,55,20,35
206000498,43,1,42
206000515,128,26,102
206000530,243,85,158
206000531,239,275,-36
206000532,2709,341,2368
206000535,447,2518,-2071
206000536,21,274,-253
206000537,37,235,-198
206000613,1922,247,1675
207000001,173,613,-440
207000002,151,336,-185
207000003,116,225,-109
207000007,887,378,509
207000008,75,8,67
207000009,54,55,-1
207000010,608,563,45
207000012,367,618,-251
207000015,416,1624,-1208
207000019,258,157,101
207000021,972,203,769
207000022,270,165,105
207000023,293,53,240
207000024,16,20,-4
207000025,39,92,-53
207000026,206,80,126
207000027,75,119,-44
207000028,101,277,-176
207000029,618,598,20
207000033,296,463,-167
207000034,346,109,237
207000039,364,202,162
207000040,316,187,129
207000041,674,81,593
207000042,388,103,285
207000043,358,253,105
207000051,297,401,-104
207000052,498,237,261
207000053,585,811,-226
207000054,40,152,-112
207000055,217,177,40
207000056,446,463,-17
207000057,183,337,-154
207000058,461,405,56
207000059,110,791,-681
207000060,87,304,-217
207000061,302,495,-193
207000062,279,57,222
207000063,297,125,172
207000064,585,225,360
207000065,491,316,175
207000066,225,237,-12
207000067,59,136,-77
207000068,142,88,54
207000069,787,589,198
207000082,15,321,-306
207000083,105,399,-294
207000084,222,360,-138
207000085,178,33,145
207000086,163,4,159
207000106,67,35,32
207000107,141,28,113
207000108,68,28,40
207000109,115,21,94
207000110,130,194,-64
207000111,96,182,-86
207000112,361,881,-520
207000114,29,78,-49
207000115,29,157,-128
207000116,34,676,-642
207000117,15,248,-233
207000118,10,171,-161
207000119,42,178,-136
207000123,283,63,220
207000124,107,60,47
207000125,75,96,-21
207000126,90,130,-40
207000134,50,165,-115
207000135,25,259,-234
207000148,63,571,-508
207000149,85,75,10
207000152,195,598,-403
207000153,1343,1632,-289
207000154,459,250,209
207000159,169,263,-94
207000160,222,649,-427
207000238,1,240,-239
207000242,2,279,-277
207000248,115,57,58
207000249,263,54,209
207000250,1509,111,1398
207000251,156,129,27
207000252,127,117,10
207000278,98,134,-36
207000279,20,273,-253
207000280,578,75,503
207000281,147,1209,-1062
207000282,325,97,228
207000283,131,323,-192
207000284,105,189,-84
207000285,144,59,85
207000291,23,269,-246
207000304,194,96,98
207000306,84,608,-524
207000310,126,116,10
207000353,247,2,245
207000356,20,81,-61
207000357,98,3,95
207000358,123,28,95
207000415,3,329,-326
207000417,51,4,47
207000418,147,179,-32
207000438,0,2,-2
207000439,1298,995,303
207000446,169,4,165
207000460,14,5,9
207000466,325,254,71
207000467,244,152,92
207000468,95,478,-383
207000476,10,88,-78
207000477,756,148,608
207000478,7,48,-41
207000523,0,11,-11
207000524,103,58,45
207000527,140,285,-145
207000530,448,13,435
207000531,529,16,513
207000532,178,52,126
207000534,682,105,577
207000535,71,546,-475
207000537,50,176,-126
207000540,21,386,-365
207000541,6,561,-555
207000548,35,491,-456
207000549,1167,21,1146
207000561,155,283,-128
207000562,47,378,-331
207000567,247,333,-86
207000568,215,194,21
207000569,475,1172,-697
207000584,483,446,37
207000585,152,633,-481
207000616,0,224,-224
207000617,352,4,348
207900008,257,155,102
208000001,848,1046,-198
208000002,916,625,291
208000003,1383,563,820
208000004,1908,873,1035
208000005,18,24,-6
208000019,869,1686,-817
208000020,309,722,-413
208000021,245,632,-387
208000022,1194,731,463
208000028,2573,1617,956
208000033,606,857,-251
208000034,1502,2324,-822
208000040,304,220,84
208000041,1160,894,266
208000042,1754,989,765
208000047,157,403,-246
208000064,4112,1962,2150
208000066,2616,2453,163
208000070,418,511,-93
208000071,438,1167,-729
208000072,442,1603,-1161
208000080,289,442,-153
208000081,393,193,200
208000082,477,411,66
208000083,169,467,-298
208000084,43,19,24
208000085,1501,781,720
208000086,704,1167,-463
208000087,648,1089,-441
208000089,1020,687,333
208000090,1088,1128,-40
208000093,190,197,-7
208000094,830,643,187
208000095,900,526,374
208000104,1308,1334,-26
208000105,1356,1432,-76
208000114,181,392,-211
208000115,538,556,-18
208000116,924,1575,-651
208000117,186,193,-7
208000118,128,146,-18
208000155,1137,1195,-58
208000158,2232,4148,-1916
208000186,4580,4215,365
208000204,917,1312,-395
208000205,1348,1599,-251
208000282,7034,3207,3827
209000004,558,312,246
209000005,67,61,6
209000006,595,180,415
209000007,446,362,84
209000010,700,182,518
209000011,257,347,-90
209000012,404,293,111
209000013,394,673,-279
209000014,683,1729,-1046
209000025,397,59,338
209000026,810,235,575
209000027,508,1289,-781
209000028,517,1201,-684
209000029,938,1110,-172
209000030,711,2297,-1586
209000031,4338,3581,757
209000034,204,239,-35
209000035,140,159,-19
209000036,155,124,31
209000037,256,284,-28
209000038,86,194,-108
209000039,65,162,-97
209000040,363,688,-325
209000041,262,560,-298
209000042,342,648,-306
209000043,1053,1082,-29
209000044,285,924,-639
209000045,1493,651,842
209000046,525,814,-289
209000047,518,273,245
209000048,694,478,216
209000049,142,133,9
209000050,311,226,85
209000051,443,430,13
209000052,191,401,-210
209000062,35,156,-121
209000063,63,131,-68
209000064,83,143,-60
209000065,95,39,56
209000066,89,31,58
209000067,86,57,29
209000080,61,322,-261
209000082,81,45,36
209000091,45,158,-113
209000093,83,37,46
209000094,304,293,11
209000110,66,106,-40
209000111,487,1894,-1407
209000112,1137,804,333
209000113,2418,657,1761
209000114,739,541,198
209000115,69,178,-109
209000116,797,762,35
209000118,61,50,11
209000119,87,29,58
209000121,188,782,-594
209000135,82,187,-105
209000142,820,2012,-1192
209000143,182,134,48
209000144,240,142,98
209000229,258,358,-100
209000240,37,536,-499
209000259,99,153,-54
209000260,86,1655,-1569
209000261,8,936,-928
209000262,2,708,-706
209000263,1,241,-240
209000264,2,214,-212
209000265,722,5,717
209000266,193,2,191
209000267,1630,24,1606
209000268,1089,98,991
210000037,82,17,65
210000047,103,58,45
210000048,108,45,63
210000049,58,24,34
210000052,64,109,-45
210000053,26,65,-39
210000054,74,99,-25
210000070,223,14,209
210000071,265,1,264
210000072,144,0,144
210000073,0,34,-34
210000074,1,161,-160
210000075,4,78,-74
210000076,20,196,-176
210000077,75,65,10
210000078,73,63,10
210000079,126,19,107
210000080,232,66,166
210000081,238,31,207
210000082,187,4,183
210000083,75,2,73
210000084,75,0,75
210000085,2,101,-99
210000086,4,153,-149
210000099,47,328,-281
210000100,41,250,-209
210000101,101,289,-188
210000105,69,349,-280
210000159,1,179,-178
210000163,218,294,-76
210000164,437,253,184
210000168,93,17,76
210000187,0,12,-12
210000188,1,32,-31
210000214,64,0,64
210000219,45,48,-3
210000220,79,102,-23
210000232,0,22,-22
210000233,33,86,-53
210000234,36,189,-153
210000235,55,147,-92
210000245,3,58,-55
210000246,48,2,46
210000258,19,134,-115
210000259,536,82,454
210000282,131,329,-198
210000285,1,144,-143
210000286,12,197,-185
210000290,0,8,-8
210000295,49,241,-192
210000296,73,63,10
210000320,154,127,27
210000321,150,156,-6
210000338,141,111,30
210000339,513,1610,-1097
210000340,142,549,-407
210000341,287,373,-86
210000342,253,281,-28
210000343,326,312,14
210000344,433,186,247
210000345,317,455,-138
210000346,213,244,-31
210000347,566,57,509
210000348,460,18,442
210000349,298,22,276
210000350,221,91,130
210000351,251,180,71
210000352,75,124,-49
210000353,87,165,-78
210000354,426,137,289
210000355,182,121,61
210000356,292,103,189
210000357,222,63,159
210000358,453,170,283
210000359,224,111,113
210000360,252,143,109
210000361,241,237,4
210000362,389,340,49
210000363,969,358,611
210000364,192,224,-32
210000365,177,122,55
210000366,175,98,77
210000367,119,51,68
210000368,244,62,182
210000369,32,24,8
210000370,49,38,11
210000372,125,36,89
210000373,97,22,75
210000374,106,16,90
210000375,66,103,-37
210000376,186,181,5
210000404,101,175,-74
210000439,23,59,-36
210000472,166,3,163
210000482,129,126,3
210000564,691,498,193
210000567,0,17,-17
210000568,851,8,843
211000092,51,90,-39
211000094,40,13,27
211000169,220,29,191
211000172,16,303,-287
211000209,1,46,-45
211000226,12,12,0
211000270,17,3,14
211000275,25,24,1
211000276,121,49,72
211000279,47,51,-4
211000281,70,58,12
211507980,1,89,-88
211977296,137,6,131
212000003,240,63,177
212000004,227,31,196
212000005,91,41,50
212000006,83,118,-35
212000008,246,192,54
212000009,29,207,-178
212000012,123,121,2
212000013,44,68,-24
212000014,305,178,127
212000015,382,319,63
212000016,635,717,-82
212000027,593,739,-146
212000028,300,757,-457
212000029,270,548,-278
212000030,88,80,8
212000031,105,111,-6
212000048,69,178,-109
212000049,21,149,-128
212000050,33,16,17
212000051,217,267,-50
212000052,191,445,-254
212000053,376,842,-466
212000054,214,226,-12
212000055,326,390,-64
212000056,21,88,-67
212000057,22,39,-17
212000058,443,59,384
212000070,112,388,-276
212000077,165,932,-767
212000099,363,476,-113
212000108,420,304,116
212000111,258,160,98
212000120,305,87,218
212000138,255,40,215
212000156,7,199,-192
212000158,11,12,-1
212000159,401,74,327
212000160,628,419,209
212000161,107,28,79
212000310,104,26,78
212000311,23,167,-144
212000374,50,15,35
213000001,75,684,-609
213000005,690,265,425
213000006,1408,458,950
213000007,381,12,369
213000009,759,492,267
213000010,245,303,-58
213000011,305,169,136
213000012,166,328,-162
213000014,68,7,61
213000015,304,11,293
213000016,867,5,862
213000017,77,2,75
213000018,0,198,-198
213000019,3,199,-196
213000020,159,479,-320
213000021,20,176,-156
213000023,356,264,92
213000033,363,1930,-1567
213000034,895,457,438
213000035,128,568,-440
213000045,264,384,-120
213000046,260,341,-81
213000047,919,1373,-454
213000056,121,86,35
213000069,307,5,302
213000073,2,40,-38
213000074,118,565,-447
213000075,687,16,671
213000076,35,1,34
213000085,14,51,-37
213000086,32,227,-195
213000091,187,30,157
213000092,83,9,74
213000099,206,1424,-1218
213000100,1385,315,1070
213000101,339,169,170
213000102,421,433,-12
213000103,1094,1185,-91
213000104,60,634,-574
213000105,7,138,-131
213000106,55,206,-151
213000107,176,858,-682
213000108,32,753,-721
213000109,14,367,-353
213000110,16,118,-102
213000111,19,62,-43
213000112,212,155,57
213000115,66,16,50
213000116,95,907,-812
213000117,18,1306,-1288
213000118,448,394,54
213000119,76,881,-805
213000120,127,771,-644
213000122,288,778,-490
213000123,553,1782,-1229
213000124,136,1648,-1512
213000125,151,14,137
213000126,154,209,-55
213000127,208,262,-54
213000128,752,1426,-674
213000129,609,802,-193
213000130,631,365,266
213000132,412,160,252
213000133,617,173,444
213000134,1005,39,966
213000136,665,37,628
213000137,770,111,659
213000139,794,42,752
213000147,184,33,151
213000148,96,34,62
213000149,105,31,74
213000150,0,131,-131
213000151,14,142,-128
213000152,6,119,-113
213000153,3,125,-122
213000154,38,345,-307
213000155,87,467,-380
213000156,160,720,-560
213000157,772,610,162
213000158,461,1270,-809
213000159,665,835,-170
213000163,849,140,709
213000165,930,335,595
213000171,2,114,-112
213000172,3,482,-479
213000173,6,306,-300
213000174,3,257,-254
213000175,21,163,-142
213000176,60,35,25
213000177,81,10,71
213000178,142,13,129
213000179,190,5,185
213000180,198,2,196
213000184,334,690,-356
213000188,576,129,447
213000189,440,61,379
213000190,995,995,0
213000191,385,590,-205
213000192,273,559,-286
213000193,1347,276,1071
213000194,1,89,-88
213000195,36,523,-487
213000196,282,1514,-1232
213000197,449,1077,-628
213000198,164,3,161
213000200,183,1255,-1072
213000201,85,65,20
213000202,22,671,-649
213000203,3663,895,2768
213000204,763,176,587
213000205,477,245,232
213000206,789,114,675
213000207,307,17,290
213000208,342,8,334
213000209,256,2,254
213000210,1026,6,1020
213000211,19,29,-10
213000212,60,25,35
213000213,45,43,2
213000218,332,1017,-685
213000219,641,30,611
213000220,550,7,543
213000223,323,316,7
213000224,81,62,19
213000225,155,17,138
213000226,133,19,114
213000227,1307,341,966
213000228,560,134,426
213000229,704,60,644
213000230,583,52,531
213000232,136,701,-565
213000233,20,186,-166
213000234,4,42,-38
213000293,46,67,-21
213000294,536,16,520
213000295,34,79,-45
213000296,92,48,44
213000297,1,127,-126
213000298,41,150,-109
213000299,86,53,33
213000300,9,14,-5
213000303,0,42,-42
213000304,3,12,-9
213000305,21,23,-2
213000306,139,46,93
213000307,581,130,451
213000308,205,324,-119
213000309,272,101,171
213000310,858,192,666
213000311,388,1024,-636
213000315,106,184,-78
213000316,162,93,69
213000322,77,280,-203
213000323,80,96,-16
213000324,72,124,-52
213000325,52,144,-92
213000326,47,60,-13
213000327,56,122,-66
213000328,42,166,-124
213000329,142,81,61
213000340,158,842,-684
213000341,467,200,267
213000347,940,809,131
213000348,22,163,-141
213000349,34,11,23
213000350,277,1775,-1498
213000366,69,572,-503
213000367,285,42,243
213000379,125,140,-15
213000386,14,305,-291
213000406,101,545,-444
213000417,1561,838,723
213000425,222,44,178
213000426,166,102,64
213000427,49,437,-388
213000428,77,287,-210
213000429,55,6,49
213000430,116,941,-825
213000431,177,4,173
213000432,3,30,-27
213000433,55,197,-142
213000434,95,151,-56
213000435,121,128,-7
213000436,31,95,-64
213000437,12,53,-41
213000438,160,174,-14
213000439,102,41,61
213000440,11,375,-364
213000441,1,1,0
213000442,1,54,-53
213000443,627,611,16
213000444,41,76,-35
213000445,0,124,-124
213000446,0,37,-37
213000447,9,92,-83
213000448,7,140,-133
213000449,370,5,365
213000450,13,54,-41
213000451,346,134,212
213000452,57,35,22
213000453,81,400,-319
213000455,721,108,613
213000456,1,317,-316
213000481,31,7,24
213000484,72,7,65
213000489,766,141,625
213900002,1,157,-156
213900003,1177,6,1171
213900013,1,140,-139
213900015,0,18,-18
213900016,23,16,7
213900020,13,136,-123
213900030,1,56,-55
213900032,398,300,98
213900033,153,86,67
213900034,522,168,354
213900035,177,787,-610
213900036,132,244,-112
213900037,33,350,-317
213900038,404,241,163
213900039,2,141,-139
213900041,3,219,-216
213900042,302,475,-173
213900043,238,261,-23
213900244,40,0,40
213900245,1,30,-29
218000003,49,27,22
218000004,80,47,33
218000005,127,58,69
218000006,98,48,50
218000007,12,26,-14
218000012,329,270,59
218000013,124,291,-167
218000014,494,690,-196
218000019,967,905,62
218000020,346,749,-403
218000021,65,100,-35
218000022,11,53,-42
218000023,4,56,-52
218000024,4,41,-37
218000025,18,28,-10
218000026,13,66,-53
218000027,4,20,-16
218000028,12,5,7
218000029,15,5,10
218000030,44,52,-8
218000031,17,81,-64
218000032,3,45,-42
218000040,11,2,9
218000046,91,188,-97
218000047,27,257,-230
218000048,80,242,-162
218000049,161,244,-83
218000050,426,464,-38
218000051,166,477,-311
218000052,2,194,-192
218000053,11,28,-17
218000054,49,58,-9
218000055,33,35,-2
218000056,23,48,-25
218000057,4,28,-24
218000064,3,20,-17
218000065,108,122,-14
218000066,5,134,-129
218000067,49,125,-76
218000068,112,145,-33
218000069,295,199,96
218000070,293,325,-32
218000071,194,238,-44
218000072,424,357,67
218000078,1064,1415,-351
218000079,125,112,13
218000080,92,160,-68
218000081,437,377,60
218000082,54,177,-123
218000083,46,113,-67
218000084,177,227,-50
218000085,192,565,-373
218000086,89,245,-156
218000087,247,241,6
218000090,16,351,-335
218000091,958,743,215
218000092,63,211,-148
218000093,94,119,-25
218000094,580,991,-411
218000099,385,922,-537
218000100,286,394,-108
218000101,629,203,426
218000102,445,394,51
218000103,118,238,-120
218000104,86,69,17
218000105,26,17,9
218000106,25,16,9
218000107,40,127,-87
218000108,15,81,-66
218000112,94,33,61
218000117,82,78,4
218000134,821,1095,-274
218000135,210,142,68
218000136,360,138,222
218000137,429,196,233
218000138,52,148,-96
218000139,305,424,-119
218000140,774,266,508
218000141,155,106,49
218000142,274,318,-44
218000143,219,369,-150
218000144,128,123,5
218000145,342,457,-115
218000146,89,203,-114
218000151,6,49,-43
218000152,178,112,66
218000153,6,8,-2
218000154,31,2,29
218000155,18,6,12
218000156,64,18,46
218000157,41,18,23
218000158,12,8,4
218000159,3,5,-2
218000160,4,3,1
218000161,25,12,13
218000162,49,23,26
218000163,13,1,12
218000164,55,18,37
218000165,62,36,26
218000170,7,77,-70
218000171,102,27,75
218000172,46,14,32
218000173,79,21,58
218000174,55,10,45
218000176,347,58,289
218000177,492,356,136
218000178,127,425,-298
218000179,102,159,-57
218000180,125,43,82
218000181,229,77,152
218000187,6,28,-22
218000188,34,73,-39
218000189,21,83,-62
218000190,31,52,-21
218000191,118,123,-5
218000192,220,433,-213
218000193,489,552,-63
218000194,111,539,-428
218000195,127,118,9
218000196,425,425,0
218000197,341,403,-62
218000198,30,142,-112
218000199,87,32,55
218000200,78,24,54
218000201,15,17,-2
218000202,134,360,-226
218000207,15,68,-53
218000208,58,77,-19
218000211,82,28,54
218000212,1,5,-4
218000213,154,100,54
218000214,5,37,-32
218000215,102,119,-17
218000217,2,167,-165
218000218,403,172,231
218000219,200,38,162
218000220,256,392,-136
218000221,1733,275,1458
218000222,91,40,51
218000223,59,519,-460
218000224,15,193,-178
218000225,155,37,118
218000226,184,125,59
218000230,1,6,-5
218000232,59,126,-67
218000239,222,16,206
218000240,51,9,42
218000241,148,2,146
218000242,128,4,124
218000243,204,5,199
218000244,160,4,156
218000245,734,4,730
218000246,15,3,12
218000247,32,0,32
218000248,0,38,-38
218000249,1,4,-3
218000250,18,12,6
218000251,6,23,-17
218000252,2,30,-28
218000253,8,27,-19
218000254,1,18,-17
218000255,5,24,-19
218000256,16,90,-74
218000267,926,1631,-705
218000268,9,82,-73
218000269,4,17,-13
218000270,42,36,6
218000271,21,59,-38
218000273,34,8,26
218000274,21,4,17
218000275,38,92,-54
218000276,15,85,-70
218000278,28,49,-21
218000279,36,43,-7
218000280,13,19,-6
218000281,17,8,9
218000282,678,562,116
218000284,118,9,109
218000301,98,122,-24
218000302,167,91,76
218000303,66,90,-24
218000316,804,1600,-796
218000317,1190,1603,-413
218000318,601,1061,-460
218000319,1364,1758,-394
218000320,1064,1287,-223
218000338,125,53,72
218000345,173,61,112
218000346,47,214,-167
218000459,64,415,-351
218000490,63,50,13
218000501,198,100,98
218000502,42,131,-89
218000503,151,49,102
218000504,229,35,194
218000505,40,194,-154
218000506,27,272,-245
218000508,10,8,2
218000510,280,25,255
218000520,178,104,74
218000521,8,53,-45
218000522,1,151,-150
218000523,169,5,164
218000524,57,268,-211
218000525,370,23,347
218000526,35,222,-187
218000529,36,191,-155
218000530,34,6,28
218000531,11,76,-65
218000532,31,21,10
218000534,133,14,119
218000537,53,105,-52
218000538,221,262,-41
218000540,631,100,531
218000543,157,71,86
218000544,69,92,-23
218000545,73,102,-29
218000546,46,107,-61
218000547,230,182,48
218000548,482,157,325
218000549,585,338,247
218000550,274,525,-251
218000551,272,793,-521
218000552,761,79,682
218000553,29,126,-97
218000554,60,51,9
218000555,41,64,-23
218000556,123,390,-267
218000557,271,226,45
218000558,187,0,187
218000559,3,36,-33
218000560,0,26,-26
218000561,37,0,37
218000562,33,262,-229
218000563,304,24,280
218000564,37,137,-100
218000565,236,30,206
218000566,441,58,383
218000567,6,145,-139
218000568,59,1,58
218000569,22,249,-227
218000570,212,15,197
218000571,4,119,-115
218000572,164,3,161
218000573,7,177,-170
218000574,137,85,52
218000575,145,1,144
218000576,1,104,-103
218000577,220,8,212
218000578,1,102,-101
218000579,104,50,54
218000581,14,66,-52
218000582,109,4,105
218000583,16,1,15
218000584,1,39,-38
218000585,49,12,37
218000586,11,44,-33
218000587,9,3,6
218000588,1,1,0
218000589,0,4,-4
218000590,7,0,7
218000591,1,5,-4
218000592,7,0,7
218000593,1,2,-1
218000594,4,0,4
218000595,0,0,0
218000596,0,0,0
218000597,0,0,0
218000598,1,0,1
218000599,0,2,-2
218000600,9,3,6
218000601,0,0,0
218000602,0,7,-7
218000603,0,10,-10
218000604,43,3,40
218000605,0,46,-46
218000606,100,2,98
218000607,17,54,-37
218000608,93,18,75
218000609,2,70,-68
218000610,102,3,99
218000611,27,4,23
218000612,1,40,-39
218000613,35,0,35
218000614,3,26,-23
218000615,250,4,246
218000616,7,257,-250
218000617,24,1,23
218000618,0,24,-24
218000619,342,60,282
218000620,28,32,-4
218000621,0,5,-5
218000622,0,17,-17
218000623,141,2,139
218000624,20,40,-20
218000625,30,0,30
218000626,4,7,-3
218000628,174,72,102
218000631,41,14,27
218000632,4,133,-129
218000633,167,2,165
218000634,9,42,-33
218000635,18,9,9
218000636,1672,1817,-145
218000637,1163,745,418
218000638,177,39,138
218000639,41,293,-252
218000640,424,39,385
218000641,316,513,-197
218000652,99,175,-76
218000653,208,126,82
218000663,19,83,-64
218000675,52,64,-12
218000676,7,34,-27
218000677,5,8,-3
218000680,364,519,-155
218000681,433,87,346
218000691,124,345,-221
218000693,209,134,75
218000703,18,59,-41
218000718,1113,1033,80
218000719,1721,479,1242
218000720,19,168,-149
218000721,326,31,295
218000725,4,14,-10
218001214,30,64,-34
218001329,115,162,-47
218001330,82,103,-21
218001351,81,19,62
218001352,22,21,1
218001353,48,13,35
218001354,17,41,-24
219000001,60,44,16
219000002,71,78,-7
219000003,74,30,44
219000004,49,50,-1
219000017,255,27,228
219000020,208,210,-2
219000022,156,25,131
219000023,611,6,605
219000029,1,101,-100
219000034,42,22,20
219000039,86,107,-21
219000040,68,41,27
219000041,129,38,91
219000051,1,54,-53
219000052,0,22,-22
219000053,2,233,-231
219000054,706,361,345
219000055,125,1,124
219000056,67,0,67
219000057,114,2,112
219000062,17,167,-150
219000063,98,4,94
219000064,1,194,-193
219000110,716,66,650
219000111,143,58,85
219000112,233,59,174
219000113,126,143,-17
219000114,288,463,-175
219000116,106,82,24
219000117,179,129,50
219000118,370,117,253
219000123,451,120,331
219000124,278,67,211
219000125,16,30,-14
219000126,122,129,-7
219000127,0,6,-6
219000128,21,123,-102
219000129,62,125,-63
219000130,707,687,20
219000131,688,1029,-341
219000133,98,59,39
219000134,28,19,9
219000135,55,63,-8
219000136,272,219,53
219000138,117,32,85
219000139,50,67,-17
219000140,59,10,49
219000141,23,130,-107
219000142,25,108,-83
219000143,15,138,-123
219000145,41,58,-17
219000146,1,41,-40
219000147,3,63,-60
219000148,6,52,-46
219000149,7,146,-139
219000150,5,98,-93
219000151,2,75,-73
219000157,236,191,45
219000158,289,324,-35
219000161,180,11,169
219000163,1899,629,1270
219000166,121,238,-117
219000167,136,266,-130
219000168,332,146,186
219000174,377,128,249
219000175,115,5,110
219000176,73,9,64
219000177,58,1,57
219000178,44,5,39
219000179,30,2,28
219000180,39,35,4
219000182,120,62,58
219000183,68,48,20
219000184,114,12,102
219000185,3,70,-67
219000186,43,74,-31
219000187,31,142,-111
219000189,195,203,-8
219000190,309,324,-15
219000191,1431,1495,-64
219000192,233,177,56
219000193,475,175,300
219000195,4,110,-106
219000196,15,183,-168
219000198,13,234,-221
219000199,112,612,-500
219000200,61,442,-381
219000201,103,422,-319
219000203,33,212,-179
219000204,464,287,177
219000205,127,241,-114
219000207,229,419,-190
219000209,33,95,-62
219000210,91,92,-1
219000213,9,216,-207
219000239,286,428,-142
219000240,292,498,-206
219000241,155,288,-133
219000242,122,213,-91
219000243,152,324,-172
219000244,66,73,-7
219000245,47,56,-9
219000246,46,22,24
219000247,160,39,121
219000248,851,387,464
219000249,196,96,100
219000250,166,160,6
219000251,708,278,430
219000252,247,204,43
219000253,495,134,361
219000255,133,116,17
219000256,501,79,422
219000257,149,0,149
219000262,437,209,228
219000263,69,247,-178
219000267,6,155,-149
219000268,4,9,-5
219000269,2,3,-1
219000270,32,0,32
219000271,128,16,112
219000278,8,7,1
219000279,2,4,-2
219000283,1,35,-34
219000295,13,109,-96
219000296,96,712,-616
219000297,13,184,-171
219000298,11,202,-191
219000299,401,181,220
219000300,36,331,-295
219000301,210,568,-358
219000302,52,403,-351
219000307,152,54,98
219000308,56,54,2
219000311,214,65,149
219000312,696,103,593
219000313,434,84,350
219000314,80,687,-607
219000315,237,86,151
219000316,651,104,547
219000317,122,42,80
219000320,2,50,-48
219000321,1,18,-17
219000323,5,97,-92
219000325,4,24,-20
219000326,81,120,-39
219000327,65,27,38
219000328,52,86,-34
219000329,374,158,216
219000330,70,41,29
219000331,52,55,-3
219000332,113,103,10
219000333,32,5,27
219000335,113,6,107
219000337,40,0,40
219000338,78,3,75
219000344,55,109,-54
219000345,58,93,-35
219000346,38,149,-111
219000348,171,159,12
219000349,64,229,-165
219000350,119,200,-81
219000351,23,9,14
219000352,456,101,355
219000353,117,44,73
219000354,196,147,49
219000355,175,73,102
219000356,1867,1430,437
219000363,367,80,287
219000364,94,51,43
219000365,172,12,160
219000366,332,535,-203
219000368,556,626,-70
219000370,1430,494,936
219000371,13,33,-20
219000382,23,23,0
219000383,921,1142,-221
219000385,1000,591,409
219000386,1073,2015,-942
219000387,2,10,-8
219000390,4,1,3
219000391,7,0,7
219000397,58,97,-39
219000398,78,85,-7
219000401,14,232,-218
219000402,65,281,-216
219000403,134,508,-374
219000404,21,195,-174
219000407,3,71,-68
219000409,48,62,-14
219000410,170,75,95
219000411,81,44,37
219000446,215,465,-250
219000447,1,23,-22
219000448,235,16,219
219000452,111,75,36
219000453,80,161,-81
219000454,372,321,51
219000556,324,144,180
219000558,848,330,518
219000590,68,246,-178
219000591,92,111,-19
219000592,196,462,-266
219000595,12,23,-11
219000635,400,103,297
219000636,42,142,-100
219000657,42,33,9
219000658,32,79,-47
219000673,0,18,-18
219000676,185,14,171
219000679,63,9,54
219000684,113,0,113
219000685,3,87,-84
219000686,1,1,0
219000688,0,133,-133
219000689,44,407,-363
219000690,184,41,143
219000691,52,311,-259
219000692,208,44,164
219000693,0,33,-33
219000694,11,0,11
219000695,20,6,14
219000698,23,0,23
219000699,0,25,-25
219000727,1,173,-172
219000728,439,10,429
219000770,57,5,52
219000771,0,47,-47
219000788,27,22,5
219001150,6,50,-44
219001151,5,4,1
219001166,27,16,11
219001167,6,172,-166
220000001,242,84,158
220000002,44,152,-108
220000003,796,337,459
220000004,875,662,213
220000005,2394,2121,273
220000006,533,1137,-604
220000007,436,762,-326
220000008,340,1057,-717
220000009,340,566,-226
220000010,294,178,116
220000011,839,4287,-3448
220000012,127,470,-343
220000014,140,60,80
220000015,68,191,-123
220000017,49,461,-412
220000018,7420,2789,4631
220000019,130,378,-248
220000020,789,312,477
220000021,687,223,464
220000022,686,556,130
220000023,417,211,206
220000024,2027,473,1554
220000025,1167,1098,69
220000026,357,290,67
220000027,63,163,-100
220000028,52,45,7
220000029,87,269,-182
220000030,171,99,72
220000031,536,418,118
220000064,15,1158,-1143
221000046,20,1,19
221000047,3,7,-4
221000048,0,2,-2
221000049,0,7,-7
221000050,129,1,128
221000055,57,75,-18
221000057,65,37,28
221000068,329,195,134
221000069,351,76,275
221000070,203,24,179
221000071,108,19,89
221000072,409,17,392
221000073,369,62,307
221000074,5,19,-14
221000075,30,22,8
221000076,16,52,-36
221000077,27,153,-126
221000081,40,24,16
221000082,75,15,60
221000083,19,6,13
221000084,5,10,-5
221000085,95,87,8
221000086,22,128,-106
221000087,7,221,-214
221000088,10,234,-224
221000089,28,412,-384
221000090,183,650,-467
221000098,132,16,116
221000099,194,21,173
221000100,95,7,88
221000101,209,52,157
221000102,106,71,35
221000109,1,118,-117
221000110,13,131,-118
221000111,20,273,-253
221000112,8,194,-186
221000113,17,193,-176
221000114,19,193,-174
221000120,51,43,8
221000121,7,29,-22
221000122,128,29,99
221000123,10,11,-1
221000124,64,306,-242
221000155,131,19,112
221000156,87,35,52
221000175,0,5,-5
221000176,3,6,-3
221000182,63,38,25
221000241,576,463,113
221000242,284,514,-230
221000243,527,304,223
221000244,363,584,-221
221000245,134,140,-6
221000246,60,253,-193
221000247,88,147,-59
221000248,110,167,-57
221000267,73,874,-801
221000325,120,72,48
221000331,56,125,-69
221000338,50,30,20
221000378,179,31,148
221000381,47,42,5
222000282,41,2,39
222000296,4,61,-57
222000568,338,18,320
222000569,137,41,96
222000570,114,18,96
222000571,327,14,313
222000577,19,239,-220
222000578,50,276,-226
222000579,19,222,-203
222000580,132,1166,-1034
222000599,0,185,-185
222000600,5,436,-431
222000601,4,1453,-1449
222000603,32,28,4
222000604,9,34,-25
222000605,17,47,-30
222000606,30,15,15
222000607,34,6,28
222000608,56,15,41
222000609,41,338,-297
222000616,300,93,207
222000617,9,25,-16
222000618,10,9,1
222000620,66,17,49
222000621,93,8,85
222000623,906,6,900
222000624,357,3,354
222000625,535,64,471
222000636,96,9,87
222000686,50,44,6
222000687,68,34,34
222001066,487,3,484
222001067,13,10,3
222001068,35,60,-25
222001069,42,60,-18
222001082,11,71,-60
222001083,16,91,-75
222001084,1,23,-22
222001085,0,303,-303
222001111,82,214,-132
222001112,120,55,65
222001313,79,7,72
222001314,7,202,-195
222001464,103,74,29
222001465,65,148,-83
222001484,121,81,40
222001485,19,55,-36
222001494,407,235,172
222001495,146,411,-265
222001496,455,156,299
222001497,267,638,-371
222001502,21,137,-116
222001503,151,106,45
222001504,33,315,-282
222001505,465,25,440
222001506,33,329,-296
222001507,326,33,293
222001510,362,61,301
222001511,51,503,-452
222001514,775,280,495
222001515,292,852,-560
222001518,297,103,194
222001519,64,385,-321
222001527,258,100,158
222001528,96,217,-121
222001529,296,99,197
222001530,66,290,-224
222001533,185,434,-249
222001534,363,153,210
222001535,263,289,-26
222001536,321,399,-78
222001537,286,75,211
222001538,83,648,-565
222001563,608,99,509
222001564,67,802,-735
222001568,390,169,221
222001576,0,1,-1
222001579,2,12,-10
222001583,30,261,-231
222001584,102,17,85
222001596,1029,1529,-500
222001597,2496,403,2093
222001626,1,311,-310
222001650,85,147,-62
222001651,111,173,-62
222001914,243,104,139
222001915,63,289,-226
222900004,524,379,145
222900009,691,807,-116
222900019,233,268,-35
222900024,35,45,-10
222900025,0,33,-33
225000001,519,332,187
225000002,877,288,589
225000003,790,213,577
225000004,458,470,-12
225000005,91,90,1
225000006,0,248,-248
225000007,2856,1698,1158
225000010,419,9,410
225000011,686,1514,-828
225000012,206,757,-551
225000013,181,223,-42
225000014,1650,120,1530
225000015,95,278,-183
225000021,865,290,575
225000027,307,862,-555
225000032,683,256,427
225000042,89,941,-852
225000049,165,121,44
225000050,72,26,46
225000053,9,471,-462
225000058,992,203,789
225000067,520,216,304
225000068,266,432,-166
225000069,182,578,-396
225000070,107,510,-403
225000071,66,280,-214
225000075,56,1582,-1526
225000076,166,152,14
225000078,72,98,-26
225000085,86,149,-63
225000086,238,121,117
225000087,274,69,205
225000088,12,365,-353
225000089,421,1279,-858
225000090,59,568,-509
225000091,178,222,-44
225000092,76,104,-28
225000093,424,406,18
225000094,32,421,-389
225000095,397,585,-188
225000096,353,667,-314
225000098,684,466,218
225000099,408,315,93
225000100,319,280,39
225000104,125,576,-451
225000110,19,628,-609
225000111,337,1588,-1251
225000112,678,1472,-794
225000113,312,714,-402
225000114,90,374,-284
225000115,2275,853,1422
225000116,1195,492,703
225000117,961,419,542
225000118,1053,399,654
225000119,261,160,101
225000120,1241,192,1049
225000121,352,55,297
225000123,1520,39,1481
225000125,426,236,190
225000126,1019,314,705
225000127,990,1265,-275
225000128,512,845,-333
225000132,272,74,198
225000133,391,42,349
225000134,642,208,434
225000135,70,17,53
225000136,239,43,196
225000137,376,78,298
225000138,418,97,321
225000143,108,410,-302
225000144,8,491,-483
225000145,366,110,256
225000146,96,132,-36
225000147,32,417,-385
225000148,13,296,-283
225000149,171,621,-450
225000151,43,323,-280
225000155,371,650,-279
225000156,258,1184,-926
225000157,361,479,-118
225000158,71,467,-396
225000171,4,226,-222
225000180,42,1,41
225000181,0,93,-93
225000182,151,23,128
225000185,15,441,-426
225000187,130,514,-384
225000191,111,3,108
225000194,0,10,-10
225000208,4,103,-99
225000209,102,49,53
225000210,12,377,-365
225000217,0,23,-23
225000218,38,3,35
225000223,1,51,-50
225000224,376,3,373
225000225,1,14,-13
225000226,132,7,125
225000227,79,128,-49
225000228,19,206,-187
225000229,0,105,-105
225000230,544,1,543
225000231,2,139,-137
225000232,471,4,467
225000241,87,1,86
225000242,4,72,-68
225000249,4,0,4
225000250,53,1191,-1138
225000251,445,51,394
225000254,4,3,1
225000256,23,191,-168
225000257,1,158,-157
226000042,588,543,45
226000043,97,295,-198
226000044,217,702,-485
226000045,76,530,-454
226000046,409,288,121
226000047,452,152,300
226000048,574,195,379
226000049,364,262,102
226000070,0,52,-52
226000071,0,69,-69
226000072,0,13,-13
226000073,0,15,-15
226000074,0,27,-27
226000084,6,72,-66
226000085,4,17,-13
226000086,4,21,-17
226000087,3,14,-11
226000088,90,43,47
226000090,328,126,202
226000091,25,58,-33
226000092,8,19,-11
226000093,57,0,57
226000094,28,1,27
226000095,50,8,42
226000105,42,1,41
226000106,25,0,25
226000107,8,0,8
226000108,57,1,56
226000109,98,0,98
226000124,174,123,51
226000134,626,605,21
226000135,1319,831,488
226000136,730,460,270
226000137,22,589,-567
226000138,8,386,-378
226000139,1,35,-34
226000156,234,8,226
226000157,710,9,701
226000163,142,113,29
226000202,29,549,-520
226000231,288,18,270
226000232,76,6,70
227000033,333,68,265
227000036,299,32,267
227000037,312,31,281
227000038,233,38,195
227000084,2,127,-125
227000085,1,62,-61
227000088,119,1,118
227000089,144,3,141
227000090,63,1,62
227000091,19,0,19
227000092,49,0,49
227000093,192,0,192
227000094,13,0,13
227000130,42,98,-56
227000131,52,278,-226
227000132,25,302,-277
227000133,22,251,-229
227000134,32,416,-384
227000152,0,1,-1
227000153,0,71,-71
227000154,0,21,-21
227000155,1,26,-25
227000156,1,18,-17
227000165,6,48,-42
227000196,374,327,47
227000199,271,838,-567
227000230,32,649,-617
227000232,726,59,667
227000242,68,673,-605
227000243,370,97,273
227000245,14,427,-413
227000246,109,586,-477
227000247,303,102,201
227000248,172,40,132
227000249,27,224,-197
227000250,521,128,393
227000251,198,239,-41
227000252,24,411,-387
227000253,135,22,113
227000262,272,41,231
227000266,1340,19,1321
227000267,53,2307,-2254
227000282,7,330,-323
227000284,551,30,521
227000286,2,109,-107
227000291,15,814,-799
227000296,390,316,74
227000484,372,19,353
227000485,27,1122,-1095
227000655,135,31,104
227000656,661,38,623
227000657,56,18,38
227000704,505,10,495
229000265,15,18,-3
229000266,4,2,2
229000267,8,11,-3
229000268,23,1,22
229000269,248,1,247
229000274,7,45,-38
229000275,0,37,-37
229000276,1,36,-35
229000277,3,5,-2
229000278,4,14,-10
229000295,21,40,-19
229000296,237,12,225
229000297,29,39,-10
229000298,6,209,-203
229000320,14,21,-7
229000321,105,19,86
229000412,44,113,-69
229000414,15,104,-89
229000415,26,4,22
229000416,1,2,-1
229000417,5,17,-12
229000419,242,451,-209
229000440,541,112,429
229000442,19,16,3
229000443,6,4,2
229000444,25,37,-12
229000445,63,12,51
229000446,106,42,64
229000491,8,25,-17
229000492,15,142,-127
229000493,11,120,-109
229000494,62,3,59
229000495,101,6,95
229000496,33,3,30
229000507,1,85,-84
229000508,0,77,-77
229000509,0,80,-80
229000510,2,44,-42
229000511,11,61,-50
229000512,0,48,-48
229000513,0,20,-20
229000514,1,3,-2
229000517,3,11,-8
229000518,23,57,-34
229000519,2,15,-13
229000520,24,23,1
229000521,41,18,23
229000522,16,12,4
229000523,15,11,4
229000524,2,4,-2
229000527,0,0,0
229000528,0,0,0
229000529,1,0,1
229000530,81,1,80
229000531,38,2,36
229000532,40,0,40
229000533,60,0,60
229000534,58,2,56
229000564,39,1,38
229000565,17,0,17
229000566,0,17,-17
229000567,1,67,-66
229000582,87,4,83
229000583,2,3,-1
229000584,1,73,-72
229000585,3,98,-95
229000718,0,4,-4
229000719,0,1,-1
229000720,0,2,-2
229000721,0,9,-9
229000722,0,20,-20
229000723,0,14,-14
229000724,0,4,-4
229000725,0,3,-3
229000738,1,0,1
229000739,2,0,2
229000740,1,0,1
229000741,11,0,11
229000742,10,0,10
229000743,17,0,17
229000744,8,0,8
229000745,3,0,3
229000746,35,0,35
229000847,66,0,66
229000848,30,0,30
229000849,109,0,109
229000851,43,0,43
229000854,0,74,-74
229000856,1,224,-223
229000857,0,70,-70
229000858,1,146,-145
229000919,34,150,-116
229000930,2,456,-454
229000937,123,17,106
229000966,59,19,40
229000981,34,52,-18
229000985,15,54,-39
229000986,5,11,-6
229000987,0,3,-3
229000988,13,14,-1
229000989,90,13,77
229000990,11,2,9
229000991,6,4,2
229000992,17,31,-14
229000993,263,59,204
229000998,21,114,-93
229000999,78,36,42
229001034,5,35,-30
229001035,12,5,7
229001036,12,106,-94
229001037,82,7,75
229001038,0,11,-11
229001039,6,5,1
229001040,0,425,-425
229001041,77,1,76
229001042,14,24,-10
229001047,14,98,-84
229001050,54,59,-5
229001168,0,14,-14
229001200,7,7,0
229001338,6,69,-63
229001394,184,7,177
229001422,111,22,89
229001423,42,221,-179
229001431,48,56,-8
229001432,150,89,61
229001444,188,119,69
229001445,45,254,-209
229001479,13,5,8
229001503,137,130,7
229001504,139,312,-173
229001505,130,45,85
229001506,127,284,-157
229001509,112,23,89
229001510,5,90,-85
229001545,61,4,57
229001546,19,126,-107
229001553,54,11,43
229001554,55,167,-112
229001630,61,31,30
229001631,68,58,10
229001635,1,7,-6
229001636,10,1,9
229001658,0,184,-184
229001659,63,1,62
229001660,14,6,8
229001661,36,46,-10
229001662,59,2,57
229001663,0,30,-30
229002584,303,302,1
229002831,402,292,110
229002841,30,20,10
229002842,62,47,15
229002843,201,34,167
229002844,123,75,48
229002845,61,98,-37
229002846,46,39,7
229002847,2,10,-8
229002848,28,17,11
229002849,85,85,0
229002850,31,3,28
229002851,59,130,-71
229002852,241,33,208
229002853,185,34,151
229002854,119,55,64
229002855,27,25,2
229002856,135,31,104
229002857,12,45,-33
229002858,36,14,22
229002859,192,30,162
229002860,181,25,156
229002861,132,51,81
229002862,114,59,55
229002863,31,20,11
229002864,35,45,-10
229002865,18,9,9
229002866,32,23,9
229002867,6,39,-33
229002868,45,19,26
229002869,49,215,-166
229002870,51,10,41
235000066,506,102,404
235000067,182,132,50
235000072,36,166,-130
235000073,110,663,-553
235000074,70,110,-40
235000080,32,86,-54
235000081,102,182,-80
235000082,187,130,57
235000083,141,192,-51
235000084,47,75,-28
235000085,87,81,6
235000089,87,45,42
235000092,74,337,-263
235000093,19,7,12
235000097,2,7,-5
235000098,71,17,54
235000099,110,42,68
235000116,84,23,61
235000117,1080,28,1052
235000133,17,617,-600
235000134,14,164,-150
235000206,9,2,7
235000207,0,3,-3
235000208,3,2,1
235000209,11,2,9
235000210,8,3,5
235000212,7,17,-10
235000213,2,16,-14
235000220,1,4,-3
235000221,62,9,53
235000238,27,62,-35
235000239,3,10,-7
235000242,382,573,-191
235000245,834,291,543
235000246,44,87,-43
235000284,9,138,-129
235000295,173,24,149
235000305,315,30,285
235000306,202,18,184
235000307,159,4,155
235000308,140,6,134
235000309,92,0,92
235000310,75,0,75
235000311,249,23,226
235000322,0,56,-56
235000323,0,66,-66
235000324,0,25,-25
235000325,11,18,-7
235000326,14,318,-304
235000351,4,69,-65
235000352,37,66,-29
235000353,9,45,-36
235000354,61,28,33
235000355,4,59,-55
235000356,610,12,598
235000357,123,9,114
235000358,81,9,72
235000359,6,5,1
235000360,154,8,146
235000361,78,8,70
235000381,88,324,-236
235000382,135,89,46
235000390,22,14,8
235000391,143,22,121
235000392,176,294,-118
235000393,142,186,-44
235000395,107,86,21
235000396,391,185,206
235000400,244,51,193
235000401,45,238,-193
235000405,84,376,-292
235000406,47,329,-282
235000407,137,182,-45
235000409,278,227,51
235000410,38,350,-312
235000411,0,100,-100
235000485,0,10,-10
235000486,9,0,9
235000549,339,231,108
235000550,94,217,-123
235000599,68,48,20
235000600,4,15,-11
235000601,27,40,-13
235000602,70,128,-58
235000614,3,4,-1
235000648,1,32,-31
235000649,36,9,27
235000685,0,11,-11
235000815,15,34,-19
235000834,0,10,-10
235000855,155,129,26
235000862,65,242,-177
235000891,0,9,-9
235000892,44,3,41
235000901,548,109,439
235000907,11,11,0
235001010,213,144,69
235001029,733,587,146
235001030,382,361,21
235001078,134,206,-72
235001079,107,126,-19
235001147,26,85,-59
235001166,67,113,-46
235001167,25,70,-45
235001169,33,415,-382
235001188,4,21,-17
235001189,3,0,3
235001197,21,11,10
235001200,45,52,-7
235001207,113,14,99
235001208,13,7,6
235001209,18,20,-2
235001210,36,166,-130
235001215,13,54,-41
235001239,2,97,-95
235001244,0,11,-11
235016267,0,46,-46
241900007,153,1,152
277101746,0,2,-2
277102712,0,0,0
277103813,0,0,0
277103898,0,3,-3
277104249,0,1,-1
277104250,0,14,-14
277104251,0,5,-5
277104252,0,2,-2
990011530,1,179,-178
990014944,2,790,-788
990015176,54,4,50
990015618,0,252,-252
990016032,3,730,-727
990032570,13,398,-385
990070001,55,2,53
990070103,0,2,-2
990070601,1,94,-93
990070751,691,2,689
990070766,5,791,-786
990071180,698,315,383
990071343,52,0,52
990071387,0,24,-24
990071823,759,49,710
990072600,2,931,-929
990072964,1,635,-634
990073285,0,7,-7
990074393,4,1304,-1300
990074870,1352,6,1346
990075106,1418,57,1361
990075746,501,8,493
990076437,1019,3,1016
990076458,1,1221,-1220
997000007,759,14,745
997000041,1,263,-262
997000058,42,1,41
997000062,132,1,131
997000069,0,4,-4
997000070,0,60,-60
997000100,22,0,22
997000141,10,2996,-2986
997000198,4,1681,-1677
998000475,17,76,-59
998000736,0,256,-256
998000965,0,59,-59
998001031,0,91,-91
998001700,0,53,-53
998001899,0,2,-2
998001900,4,2,2
998003073,2765,69,2696
998101900,0,0,0
998102850,2,170,-168
998501927,1110,647,463
998501929,111,5,106
998501930,73,2,71
998501931,162,29,133
998501932,41,33,8
998501933,85,1,84
998501937,31,34,-3
998501944,8,2,6
998501950,0,0,0
998501970,73,6,67
998501971,0,112,-112
998501973,0,74,-74
998501974,2,269,-267
998501975,618,2,616
998501976,117,1,116
998501977,16,26,-10
998501978,60,0,60
998501979,0,29,-29
998501980,95,0,95
998501981,23,4,19
998501982,2,131,-129
998501983,0,0,0
998502006,0,1,-1
998502024,0,10,-10
998502032,0,9,-9
998502062,50,0,50
998502063,0,0,0
998502173,17,0,17
998502269,0,3,-3
998601159,1,274,-273
998601292,0,17,-17
999033574,0,284,-284
999800001,44,3,41
999800002,0,1,-1
999800003,3,0,3
999800004,0,5,-5
999800005,0,14,-14
