ID,insum,outsum,diff
100000001,1232,803,429
100000002,7328,14082,-6754
100000003,6643,11122,-4479
100000004,382,1647,-1265
100000005,4515,7511,-2996
100000006,975,1116,-141
100000007,4030,1112,2918
100000008,145,2033,-1888
100000009,708,1062,-354
100000010,68,2362,-2294
100000011,619,389,230
100000012,46,526,-480
100000013,7,965,-958
100000014,727,1531,-804
100000015,1882,2879,-997
100000016,543,3788,-3245
100000017,585,4954,-4369
100000018,1239,1139,100
100000019,5268,5374,-106
100000020,2528,9706,-7178
100000021,11999,2410,9589
100000022,1377,9391,-8014
100000023,8298,4694,3604
100000025,768,3443,-2675
100000028,612,5121,-4509
100000029,87,1678,-1591
100000030,46,70,-24
100000031,2975,13101,-10126
100000032,4383,10400,-6017
100000033,1730,7381,-5651
100000034,307,2998,-2691
100000035,1067,2944,-1877
100000036,1168,3216,-2048
100000037,1326,907,419
100000038,4274,1964,2310
100000039,263,1289,-1026
100000040,947,309,638
100000041,2643,859,1784
100000042,2046,725,1321
100000043,1065,292,773
100000044,453,630,-177
100000045,513,1291,-778
100000046,836,1168,-332
100000047,275,757,-482
100000048,275,1106,-831
100000049,2359,2548,-189
100000051,883,673,210
100000053,131,22,109
100000054,485,45,440
100000055,798,267,531
100000056,538,990,-452
100000057,2828,1024,1804
100000058,1510,759,751
100000059,77,749,-672
100000060,1229,830,399
100000061,3279,1190,2089
100000062,2483,1532,951
100000063,1640,627,1013
100000064,2290,929,1361
100000065,437,944,-507
100000066,234,699,-465
100000067,346,1017,-671
100000068,648,3049,-2401
100000069,359,1559,-1200
100000072,247,597,-350
100000073,1725,1262,463
100000075,1507,323,1184
100000076,2536,9221,-6685
100000077,186,1114,-928
100000078,16,73,-57
100000079,25,58,-33
100000080,19,75,-56
100000081,30,197,-167
100000102,4683,13996,-9313
100000103,3087,3681,-594
100000104,9712,3587,6125
100000105,1456,5173,-3717
100000106,1157,7380,-6223
100000107,123,2392,-2269
100000108,537,2711,-2174
100000109,760,3775,-3015
100000116,249,1085,-836
100000117,76,208,-132
100000118,557,2042,-1485
100000119,1290,1612,-322
100000121,354,1149,-795
100000122,747,7814,-7067
100000123,1972,4399,-2427
100000124,3109,4193,-1084
100000125,17059,4049,13010
100000126,720,3041,-2321
100000127,1863,3056,-1193
100000128,493,6387,-5894
100000129,488,1763,-1275
100000130,1334,368,966
100000131,1208,2582,-1374
100000132,1842,2547,-705
100000133,2181,1586,595
100000135,1196,1741,-545
100000139,172,774,-602
100000140,118,263,-145
100000142,763,936,-173
100000143,2610,500,2110
100000144,2884,674,2210
100000147,2799,7617,-4818
100000150,158,1044,-886
100000151,570,3658,-3088
100000153,86,991,-905
100000154,27,2248,-2221
100000155,6,111,-105
100000156,126,322,-196
100000157,399,238,161
100000158,272,155,117
100000159,114,3446,-3332
100000165,1131,1080,51
100000169,31,3626,-3595
100000174,354,2269,-1915
100000179,110,2398,-2288
100000180,921,7836,-6915
100000181,501,768,-267
100000188,135,559,-424
100000189,1274,876,398
100000190,704,2667,-1963
100000191,1482,1156,326
100000192,42,159,-117
100000193,414,199,215
100000330,1047,1624,-577
100000355,356,1199,-843
100000362,2718,1348,1370
100000363,8828,12422,-3594
100000364,119,393,-274
100000365,9145,13281,-4136
100000366,2325,1574,751
100000367,9090,10714,-1624
100000368,2529,1857,672
100000369,1095,4186,-3091
100000370,441,1466,-1025
100000376,49,484,-435
100000379,1114,7599,-6485
100000380,4257,16927,-12670
100000384,8663,14438,-5775
100000385,2413,10297,-7884
100000386,2101,13598,-11497
100000387,6682,15744,-9062
100000388,2453,6318,-3865
100000389,7276,11333,-4057
100000390,3793,4940,-1147
100000391,3570,11277,-7707
100000392,782,3962,-3180
100000393,1027,6936,-5909
100000394,2617,8946,-6329
100000395,1285,8666,-7381
100000396,1259,2771,-1512
100000397,2291,11161,-8870
100000398,8417,5344,3073
100900002,12,23,-11
100900003,941,394,547
100900004,16,2429,-2413
100900005,275,9,266
100900006,83,29,54
100900007,338,4,334
100900008,26,577,-551
100900009,67,81,-14
100900010,93,18,75
100900011,302,126,176
100900012,19,51,-32
100900013,1620,9,1611
100900014,2,1,1
100900015,88,89,-1
100900016,1,29,-28
100900017,2059,271,1788
100900018,2,17,-15
100900019,68,137,-69
100900020,684,7,677
100900021,720,6,714
100900022,2,43,-41
100900023,0,55,-55
100900024,599,20,579
100900025,51,8,43
100900026,234,79,155
100900027,866,4556,-3690
100900028,92,767,-675
100900029,26,3,23
100900030,3,617,-614
100900031,1564,172,1392
100900032,923,5,918
100900033,173,1141,-968
100900034,2625,3,2622
100900035,338,0,338
100900036,49,1,48
100900037,279,96,183
100900038,5,275,-270
100900039,346,140,206
100900040,1096,542,554
100900041,2519,279,2240
100900042,316,4227,-3911
100900043,1,145,-144
100900044,1725,1362,363
100900045,2,12,-10
100900046,1811,26,1785
100900047,1007,172,835
100900048,269,107,162
100900049,249,166,83
100900050,4,42,-38
100900051,28,431,-403
100900052,511,39,472
100900053,1203,51,1152
100900054,22,40,-18
100900055,1169,2356,-1187
100900056,37,133,-96
100900057,4458,698,3760
100900058,176,125,51
100900059,233,9,224
100900060,330,7,323
100900061,241,244,-3
100900062,4,6,-2
100900063,623,1567,-944
100900064,750,21,729
100900065,57,242,-185
100900066,288,102,186
100900067,64,11,53
100900068,158,306,-148
100900069,228,14,214
100900070,1130,37,1093
100900071,368,140,228
100900072,0,29,-29
100900073,453,956,-503
100900074,3,26,-23
100900075,2856,426,2430
100900076,6,47,-41
100900077,90,15,75
100900078,499,342,157
100900079,9,39,-30
100900080,150,169,-19
100900081,41,206,-165
100900082,481,145,336
100900083,26,69,-43
100900085,5,871,-866
100900086,58,526,-468
100900088,803,176,627
100900089,6,16,-10
100900090,180,3117,-2937
100900091,1,9,-8
100900092,148,264,-116
100900093,532,981,-449
100900094,385,95,290
100900095,8,25,-17
100900096,32,692,-660
100900097,4,0,4
100900098,7,26,-19
100900099,12,696,-684
100900100,18,393,-375
100900101,418,71,347
100900102,2,196,-194
100900103,8,2,6
100900104,3,316,-313
100900105,42,1038,-996
100900106,16,9,7
100900107,4925,1480,3445
100900108,8,57,-49
100900109,27,81,-54
100900110,22,36,-14
100900111,15,396,-381
100900112,8,67,-59
100900113,17,10,7
100900114,10,41,-31
100900115,10,88,-78
100900116,2090,612,1478
100900117,440,1637,-1197
100900118,29,154,-125
100900119,8,13,-5
100900120,18,27,-9
100900121,1109,592,517
100900122,73,124,-51
100900123,389,62,327
100900124,1,0,1
100900125,11,56,-45
100900126,1324,394,930
100900127,12,3,9
100900128,171,1327,-1156
100900129,0,469,-469
100900131,18,187,-169
100900133,192,51,141
100900134,21,10,11
100900135,7,1363,-1356
100900137,549,370,179
100900138,720,859,-139
100900139,3,31,-28
100900140,2,209,-207
100900141,3,1015,-1012
100900142,2,9,-7
100900143,460,1928,-1468
100900144,19,3,16
100900145,66,1719,-1653
100900146,9,56,-47
100900147,17,4063,-4046
100900148,445,160,285
100900149,13,1228,-1215
100900150,17,75,-58
100900151,179,857,-678
100900152,953,36,917
100900153,4,473,-469
100900154,15,525,-510
100900155,9,7,2
100900156,104,9,95
100900157,26,562,-536
100900159,16,142,-126
100900160,62,0,62
100900161,182,1,181
100900162,13,385,-372
100900163,190,88,102
100900164,344,58,286
100900165,37,37,0
100900166,119,0,119
100900167,19,65,-46
100900168,47,183,-136
100900169,47,1398,-1351
100900170,52,36,16
100900171,8,751,-743
100900172,0,96,-96
100900173,21,142,-121
100900174,59,53,6
100900176,2407,961,1446
100900177,645,472,173
100900178,465,307,158
100900179,416,613,-197
100900180,0,15,-15
100900181,116,106,10
100900182,149,17,132
100900184,65,305,-240
100900186,1158,429,729
100900187,101,84,17
100900188,36,21,15
100900189,4292,304,3988
100900191,810,1437,-627
100900192,195,648,-453
100900195,158,1315,-1157
100900197,53,94,-41
100900198,68,45,23
100900199,5,3,2
100900200,1511,498,1013
100900201,290,1528,-1238
100900202,134,0,134
100900203,0,128,-128
100900204,271,3148,-2877
100900205,328,796,-468
100900206,220,352,-132
100900207,450,221,229
100900210,202,647,-445
100900211,956,233,723
100900213,368,93,275
100900214,506,235,271
100900215,192,34,158
100900217,118,228,-110
101000001,2144,2665,-521
101000002,10097,12871,-2774
101000003,724,1241,-517
101000004,10877,7787,3090
101000005,6311,9148,-2837
101000006,16064,15889,175
101000007,6985,8138,-1153
101000008,2336,3917,-1581
101000009,4770,1368,3402
101000010,2054,1323,731
101000011,2684,657,2027
101000012,549,1078,-529
101000013,829,2268,-1439
101000014,539,643,-104
101000015,3089,2936,153
101000016,418,1473,-1055
101000017,527,998,-471
101000018,2000,15813,-13813
101000020,2079,2696,-617
101000021,699,1853,-1154
101000022,94,613,-519
101000023,1644,1545,99
101000025,572,1108,-536
101000026,322,30,292
101000027,2203,6494,-4291
101000028,1765,487,1278
101000029,123,2167,-2044
101000030,1416,216,1200
101000031,110,965,-855
101000032,2721,6651,-3930
101000033,1887,10809,-8922
101000034,1000,5567,-4567
101000035,461,971,-510
101000036,559,4369,-3810
101000037,1316,6516,-5200
101000039,2784,7745,-4961
101000040,4301,11185,-6884
101000041,3102,10036,-6934
101000042,68,1767,-1699
101000043,4616,14217,-9601
101000045,352,1454,-1102
101000046,1487,3114,-1627
101000047,1161,6910,-5749
101000048,751,851,-100
101000049,721,4312,-3591
101000050,1044,3628,-2584
101000051,730,3655,-2925
101000052,2246,3146,-900
101000053,674,2265,-1591
101000054,4099,1394,2705
101000055,1928,2558,-630
101000056,34,251,-217
101000057,705,4508,-3803
101000058,1222,4023,-2801
101000059,3482,4510,-1028
101000060,3590,2545,1045
101000061,491,3535,-3044
101000062,315,1269,-954
101000063,253,2935,-2682
101000064,319,2293,-1974
101000065,210,2113,-1903
101000066,378,2449,-2071
101000067,335,1106,-771
101000068,92,506,-414
101000069,322,117,205
101000070,420,995,-575
101000071,6335,2732,3603
101000072,1009,3732,-2723
101000073,567,1562,-995
101000074,2401,5007,-2606
101000075,2169,4029,-1860
101000077,2715,3112,-397
101000078,1074,1571,-497
101000079,1020,1481,-461
101000080,865,1658,-793
101000081,2645,1964,681
101000082,2647,2620,27
101000083,5152,3078,2074
101000084,1439,703,736
101000085,2422,1903,519
101000086,1202,1670,-468
101000087,1387,1882,-495
101000088,2914,2082,832
101000089,1674,2850,-1176
101000090,2694,984,1710
101000091,1070,499,571
101000092,3239,762,2477
101000093,2599,724,1875
101000094,1669,1180,489
101000095,1275,795,480
101000096,1041,475,566
101000097,706,2037,-1331
101000098,634,1917,-1283
101000099,939,2059,-1120
101000100,947,2887,-1940
101000101,261,2678,-2417
101000102,738,3171,-2433
101000103,575,2317,-1742
101000104,450,1318,-868
101000105,147,1055,-908
101000106,223,4067,-3844
101000107,416,1033,-617
101000108,1035,154,881
101000109,1480,287,1193
101000110,52,249,-197
101000111,60,380,-320
101000113,236,1846,-1610
101000114,2353,9882,-7529
101000115,12,20,-8
101000116,47,77,-30
101000117,2002,453,1549
101000119,42,133,-91
101000120,93,141,-48
101000121,17,67,-50
101000122,117,93,24
101000123,29,105,-76
101000124,595,677,-82
101000125,105,172,-67
101000128,194,2659,-2465
101000130,267,276,-9
101000131,2704,473,2231
101000132,1492,938,554
101000135,8,43,-35
101000136,109,225,-116
101000137,31,896,-865
101000141,824,8534,-7710
101000147,2285,450,1835
101000148,1183,27,1156
101000149,23,92,-69
101000150,288,476,-188
101000151,561,94,467
101000152,652,659,-7
101000153,663,326,337
101000154,1025,982,43
101000155,996,373,623
101000156,86,1200,-1114
101000157,95,571,-476
101000160,3,12,-9
101000163,113,933,-820
101000164,586,179,407
101000165,445,978,-533
101000166,366,399,-33
101000168,1299,811,488
101000252,4465,1601,2864
101000254,39,68,-29
101000258,96,13,83
101000261,50,117,-67
101000262,4243,10315,-6072
101000263,610,2221,-1611
101000265,182,893,-711
101000266,562,511,51
101000269,49,82,-33
101000290,420,5167,-4747
101000293,13,82,-69
101000294,1251,1185,66
101000295,603,226,377
101000301,253,1535,-1282
101000304,4242,7189,-2947
101000305,4190,3219,971
101000328,94,1004,-910
101900001,62,39,23
101900002,0,7,-7
101900003,34,535,-501
101900004,1,368,-367
101900005,1894,7427,-5533
101900006,3566,332,3234
101900007,819,580,239
101900008,140,857,-717
101900009,44,888,-844
101900010,706,1311,-605
101900011,124,2464,-2340
101900012,1158,177,981
101900013,1110,128,982
101900017,15,100,-85
101900018,2378,639,1739
101900019,129,210,-81
101900020,173,213,-40
101900021,2,107,-105
101900022,501,2033,-1532
101900023,369,375,-6
101900026,246,81,165
101900027,44,213,-169
102000001,5995,12750,-6755
102000002,3549,9466,-5917
102000003,3276,8861,-5585
102000004,10768,6759,4009
102000005,2854,5822,-2968
102000006,1304,2394,-1090
102000007,4695,7352,-2657
102000008,10926,2605,8321
102000009,14225,14117,108
102000010,6113,3913,2200
102000011,8984,9118,-134
102000012,5775,4683,1092
102000018,5989,5843,146
102000019,5497,3378,2119
102000026,1324,748,576
102000029,465,664,-199
102000030,234,791,-557
102000031,153,243,-90
102000032,1267,899,368
102000033,817,484,333
102000034,988,728,260
102000035,3091,947,2144
102000036,57,351,-294
102000037,312,70,242
102000038,140,689,-549
102000039,144,275,-131
102000040,268,587,-319
102000041,36,981,-945
102000042,110,653,-543
102000043,148,1056,-908
102000044,807,2369,-1562
102000045,1403,1964,-561
102000046,2980,1898,1082
102000047,1903,1334,569
102000048,1540,945,595
102000049,1724,2540,-816
102000050,3067,1985,1082
102000051,366,1214,-848
102000052,1954,2495,-541
102000053,1785,2760,-975
102000054,1438,1816,-378
102000055,2387,251,2136
102000056,3653,338,3315
102000057,3172,650,2522
102000058,1545,977,568
102000059,1634,2429,-795
102000060,1548,1377,171
102000061,3428,2738,690
102000062,3735,1798,1937
102000063,2326,2761,-435
102000064,820,911,-91
102000065,62,184,-122
102000066,1143,1090,53
102000067,11226,6862,4364
102000068,13936,6244,7692
102000069,177,3089,-2912
102000070,2805,51,2754
102000071,10113,17068,-6955
102000072,4106,6390,-2284
102000073,1390,902,488
102000074,1325,2151,-826
102000075,329,360,-31
102000076,586,260,326
102000077,1569,595,974
102000078,2324,462,1862
102000079,327,162,165
102000080,685,274,411
102000081,411,1112,-701
102000082,812,566,246
102000083,2023,598,1425
102000084,1069,344,725
102000085,5972,1254,4718
102000086,2992,1124,1868
102000087,1464,1936,-472
102000088,729,558,171
102000089,2479,514,1965
102000090,449,2065,-1616
102000091,1761,1057,704
102000092,509,951,-442
102000093,1486,677,809
102000094,719,418,301
102000095,1092,1418,-326
102000096,567,552,15
102000097,1243,486,757
102000098,437,652,-215
102000099,1042,913,129
102000100,314,1203,-889
102000101,431,534,-103
102000102,505,1893,-1388
102000103,5773,548,5225
102000104,1351,661,690
102000105,571,843,-272
102000106,1534,659,875
102000107,4217,337,3880
102000108,1175,597,578
102000109,2195,952,1243
102000110,2896,1180,1716
102000111,13,1082,-1069
102000112,137,269,-132
102000113,28,142,-114
102000114,2540,596,1944
102000115,493,672,-179
102000116,385,1069,-684
102000117,101,2016,-1915
102000118,1255,2592,-1337
102000119,1111,2154,-1043
102000120,506,1033,-527
102000121,1668,632,1036
102000122,1142,1324,-182
102000123,1623,1206,417
102000124,2406,2380,26
102000125,762,1765,-1003
102000126,910,1639,-729
102000127,1945,1090,855
102000128,1231,1278,-47
102000129,2637,693,1944
102000130,831,1324,-493
102000131,2384,1351,1033
102000132,625,1947,-1322
102000133,6085,3164,2921
102000134,1639,1410,229
102000135,1720,1154,566
102000136,2499,1012,1487
102000137,650,1401,-751
102000138,488,674,-186
102000139,137,1990,-1853
102000140,287,1730,-1443
102000141,416,2614,-2198
102000142,714,619,95
102000143,486,340,146
102000144,736,340,396
102000145,731,482,249
102000146,870,627,243
102000147,1069,862,207
102000148,568,1166,-598
102000149,929,215,714
102000150,1274,161,1113
102000151,227,181,46
102000152,533,270,263
102000153,1254,1092,162
102000154,228,385,-157
102000155,55,906,-851
102000156,313,318,-5
102000157,79,2225,-2146
102000158,456,785,-329
102000159,3857,2188,1669
102000161,5381,3503,1878
102000162,215,587,-372
102000163,221,635,-414
102000164,1161,1255,-94
102000165,237,759,-522
102000166,53,563,-510
102000167,360,475,-115
102000168,397,361,36
102000169,317,990,-673
102000170,1725,278,1447
102000171,93,273,-180
102000172,12,574,-562
102000173,753,604,149
102000174,283,268,15
102000175,101,86,15
102000176,36,77,-41
102000178,213,1345,-1132
102000179,793,505,288
102000180,1710,362,1348
102000181,1862,467,1395
102000182,1096,1280,-184
102000183,3767,1574,2193
102000184,3244,1198,2046
102000185,5093,987,4106
102000186,3023,1193,1830
102000187,1780,2483,-703
102000188,2742,3056,-314
102000189,4069,953,3116
102000190,881,3728,-2847
102000191,1388,427,961
102000192,3607,2499,1108
102000193,283,274,9
102000194,77,657,-580
102000195,1121,937,184
102000196,816,548,268
102000197,2293,252,2041
102000198,515,532,-17
102000199,2528,160,2368
102000200,715,869,-154
102000201,2832,568,2264
102000202,7,327,-320
102000203,1285,262,1023
102000204,1778,982,796
102000205,2384,1060,1324
102000206,1250,568,682
102000207,1625,1060,565
102000208,960,1439,-479
102000209,100,564,-464
102000210,1284,829,455
102000211,1067,306,761
102000212,1013,51,962
102000213,12,374,-362
102000214,1163,13,1150
102000215,3,333,-330
102000216,270,285,-15
102000217,31,107,-76
102000218,394,500,-106
102000219,386,125,261
102000225,453,834,-381
102000226,203,392,-189
102000227,226,2,224
102000228,0,275,-275
102000229,119,181,-62
102000230,832,422,410
102000231,648,535,113
102000232,237,331,-94
102000233,2398,796,1602
102000234,193,1733,-1540
102000236,465,98,367
102000237,1669,1048,621
102000238,437,542,-105
102000240,524,1291,-767
102000241,645,219,426
102000243,27,86,-59
102000245,14,174,-160
102000246,7,167,-160
102000247,374,517,-143
102000248,253,1457,-1204
102000249,282,143,139
102000250,199,226,-27
102000254,570,222,348
102000266,14,1701,-1687
102000271,61,0,61
102000286,878,451,427
102000297,5243,2064,3179
102000299,0,0,0
102000301,0,0,0
102000303,0,0,0
102000305,0,0,0
102000307,0,1,-1
102900001,1395,982,413
102900002,321,58,263
102900003,196,192,4
102900005,1067,330,737
102900006,996,119,877
102900007,1553,9,1544
102900008,466,63,403
102900009,352,641,-289
102900010,198,1608,-1410
102900011,1250,1182,68
102900012,596,293,303
102900013,148,9,139
102900015,1301,1047,254
102900016,184,24,160
102900017,823,166,657
102900018,188,57,131
102900019,1098,1172,-74
102900020,527,53,474
102900021,90,30,60
102900022,100,86,14
102900023,30,245,-215
102900024,154,75,79
102900025,126,98,28
102900026,999,3546,-2547
102900027,89,127,-38
102900028,307,1872,-1565
102900029,331,868,-537
102900030,572,698,-126
102900031,566,205,361
102900032,168,74,94
102900033,255,306,-51
102900034,1455,45,1410
102900035,487,377,110
102900036,999,300,699
102900037,570,381,189
102900038,590,200,390
102900039,25,1410,-1385
102900040,516,558,-42
102900041,308,170,138
102900042,781,195,586
102900043,608,173,435
102900044,959,2151,-1192
102900045,433,466,-33
102900046,357,163,194
102900047,225,1040,-815
102900048,1180,318,862
102900049,99,275,-176
102900050,332,769,-437
102900051,353,657,-304
102900052,54,93,-39
102900053,600,896,-296
102900054,391,2599,-2208
102900055,373,789,-416
102900056,247,584,-337
102900057,5,214,-209
102900058,696,137,559
102900059,55,41,14
102900060,169,649,-480
102900061,543,938,-395
102900062,604,790,-186
102900063,3240,739,2501
102900064,137,813,-676
102900065,1399,273,1126
102900066,735,13,722
102900068,98,444,-346
102900070,542,1069,-527
102900072,25,96,-71
102900073,42,13,29
102900075,25,81,-56
102900076,94,263,-169
102900077,72,31,41
102900078,51,38,13
102900079,458,8,450
102900080,742,35,707
102900081,92,199,-107
102900082,44,302,-258
102900083,163,32,131
102900084,7,74,-67
102900085,325,149,176
102900086,20,185,-165
102900087,314,126,188
102900088,76,65,11
102900089,360,422,-62
102900090,0,336,-336
102900091,575,1,574
102900092,1324,274,1050
102900093,586,272,314
102900094,0,244,-244
102900095,87,0,87
102900096,146,15,131
102900097,147,103,44
103000001,3539,4675,-1136
103000002,3738,6160,-2422
103000003,5001,4895,106
103000004,1172,928,244
103000005,2111,7685,-5574
103000006,2141,2294,-153
103000007,993,697,296
103000008,1810,2399,-589
103000009,4614,3020,1594
103000010,260,125,135
103000011,2011,1041,970
103000012,1746,2916,-1170
103000013,5825,3568,2257
103000014,1714,6861,-5147
103000015,4687,1967,2720
103000016,1007,4153,-3146
103000017,451,1439,-988
103000018,1192,288,904
103000019,678,1029,-351
103000020,2097,3057,-960
103000021,3073,6204,-3131
103000022,1359,2628,-1269
103000023,1530,5258,-3728
103000024,214,134,80
103000025,197,2191,-1994
103000026,547,506,41
103000027,199,688,-489
103000028,336,392,-56
103000029,99,420,-321
103000030,3096,2659,437
103000031,1047,5210,-4163
103000032,3303,1954,1349
103000033,4088,4112,-24
103000034,2049,1388,661
103000035,360,1988,-1628
103000036,350,349,1
103000037,1248,596,652
103000038,906,1330,-424
103000039,1440,516,924
103000040,1100,764,336
103000041,5188,1980,3208
103000042,4153,665,3488
103000043,1660,965,695
103000044,601,193,408
103000046,713,907,-194
103000047,1217,401,816
103000048,457,545,-88
103000049,103,175,-72
103000050,1456,271,1185
103000051,1035,783,252
103000052,1604,351,1253
103000053,454,469,-15
103000054,3098,642,2456
103000055,4062,1841,2221
103000056,1816,830,986
103000057,2553,140,2413
103000058,1721,499,1222
103000059,1575,957,618
103000060,1517,377,1140
103000061,1273,939,334
103000062,1255,262,993
103000063,1891,1366,525
103000064,323,124,199
103000065,14,278,-264
103000066,512,20,492
103000069,676,582,94
103000070,1293,432,861
103000071,3171,1802,1369
103000072,232,924,-692
103000073,2271,279,1992
103000074,2006,316,1690
103000075,118,675,-557
103000076,568,1748,-1180
103000077,17,469,-452
103000078,1919,3133,-1214
103000079,894,1606,-712
103000080,698,740,-42
103000081,477,1423,-946
103000082,1009,434,575
103000083,332,1084,-752
103000084,164,5,159
103000085,2,156,-154
103000086,551,1015,-464
103000087,307,1038,-731
103000088,360,744,-384
103000089,644,1586,-942
103000090,6896,1650,5246
103000091,1929,790,1139
103000092,557,428,129
103000093,599,994,-395
103000094,626,291,335
103000095,335,752,-417
103000096,1179,84,1095
103000097,205,1104,-899
103000098,1132,312,820
103000099,226,1246,-1020
103000100,170,735,-565
103000101,2927,147,2780
103000102,136,436,-300
103000103,1343,269,1074
103000104,253,112,141
103000105,479,174,305
103000106,17,177,-160
103000107,446,217,229
103000108,2625,2314,311
103000109,1178,1548,-370
103000110,1078,1292,-214
103000111,591,1634,-1043
103000112,451,1299,-848
103000113,252,3398,-3146
103000114,3179,3612,-433
103000115,1634,1491,143
103000116,1159,633,526
103000117,568,630,-62
103000118,725,628,97
103000119,2337,814,1523
103000120,137,1176,-1039
103000121,130,215,-85
103000122,504,492,12
103000125,35,95,-60
103000126,1662,5,1657
103000127,3,125,-122
103000128,254,3,251
103000129,4,106,-102
103000130,228,92,136
103000131,183,195,-12
103000132,45,161,-116
103000133,20,147,-127
103000134,486,2351,-1865
103000135,1282,248,1034
103000136,883,1010,-127
103000137,638,1192,-554
103000138,772,1293,-521
103000139,0,158,-158
103000140,393,32,361
103000141,75,338,-263
103000142,178,272,-94
103000143,182,339,-157
103000144,340,290,50
103000145,20,347,-327
103000150,161,73,88
103000152,334,763,-429
103000153,337,644,-307
103000156,26,145,-119
103000157,864,0,864
103000159,955,127,828
103000162,54,15,39
103000163,9,13,-4
103000164,12,9,3
103000165,131,228,-97
103000166,537,1885,-1348
103000167,477,482,-5
103000168,376,672,-296
103000169,282,1346,-1064
103000170,2163,304,1859
103000171,10,273,-263
103000172,2003,224,1779
103000173,2303,307,1996
103000174,718,436,282
103000175,628,166,462
103000176,1517,2058,-541
103000177,314,856,-542
103000178,143,427,-284
103000179,184,358,-174
103000183,961,6,955
103000185,449,102,347
103000186,498,167,331
103000187,2657,216,2441
103000188,94,122,-28
103000189,1129,1014,115
103000191,911,849,62
103000292,822,3687,-2865
103000293,1273,7490,-6217
103000295,130,315,-185
103000296,151,3,148
103000297,8,151,-143
103000504,34,8,26
103000505,0,35,-35
103000506,3,97,-94
103000507,439,4,435
103000508,170,81,89
103000509,491,928,-437
103900001,134,39,95
103900002,1037,88,949
103900003,1411,299,1112
103900004,242,0,242
103900005,5,122,-117
103900006,0,12,-12
103900007,293,7,286
103900008,20,0,20
103900009,710,272,438
103900010,645,190,455
103900011,1015,93,922
103900012,8,95,-87
103900013,186,14,172
103900014,157,61,96
103900015,155,4,151
103900016,256,274,-18
103900017,141,154,-13
103900018,515,87,428
103900019,50,741,-691
103900020,881,640,241
103900021,160,82,78
103900022,976,634,342
103900023,466,7,459
103900024,157,506,-349
103900025,14,49,-35
103900026,26,3,23
103900027,677,365,312
103900028,152,741,-589
103900029,2184,255,1929
103900030,476,281,195
103900031,146,0,146
103900032,325,254,71
103900033,79,82,-3
103900034,106,26,80
103900035,175,91,84
103900036,73,65,8
103900037,397,359,38
103900038,207,354,-147
103900039,551,142,409
103900040,41,167,-126
103900041,158,89,69
103900042,455,54,401
103900043,446,55,391
103900044,68,1476,-1408
103900045,773,256,517
103900047,321,26,295
103900048,91,411,-320
103900049,184,1902,-1718
103900050,75,519,-444
103900051,2,144,-142
103900052,449,794,-345
103900053,705,210,495
103900054,695,182,513
103900055,976,313,663
103900056,165,141,24
103900057,714,78,636
103900058,960,297,663
103900059,2,263,-261
103900060,183,117,66
103900061,463,11,452
103900062,2090,641,1449
103900063,10,1,9
103900064,412,9,403
103900065,312,378,-66
103900066,414,148,266
103900067,669,31,638
103900068,7,0,7
103900069,251,22,229
103900070,717,202,515
103900071,40,62,-22
103900072,157,139,18
103900073,32,45,-13
103900074,287,174,113
103900075,665,79,586
103900076,1619,357,1262
103900077,49,314,-265
103900078,821,1217,-396
103900079,106,275,-169
103900080,3,42,-39
103900081,6,16,-10
103900082,186,132,54
103900083,3343,4238,-895
103900084,46,1767,-1721
103900085,92,99,-7
103900086,3276,386,2890
103900088,377,599,-222
103900089,70,366,-296
103900090,11,146,-135
103900091,1375,166,1209
103900092,1143,2198,-1055
103900093,130,810,-680
103900094,28,38,-10
103900095,270,1100,-830
103900096,484,71,413
103900097,63,437,-374
103900098,879,165,714
103900099,861,124,737
103900100,462,148,314
103900101,1639,1375,264
103900102,4,124,-120
103900104,0,19,-19
103900105,39,96,-57
103900106,5,1974,-1969
103900107,436,20,416
103900108,52,137,-85
103900109,419,10,409
103900110,804,68,736
103900111,514,192,322
103900112,13,115,-102
103900113,216,303,-87
103900114,2401,422,1979
103900115,231,298,-67
103900116,2394,5457,-3063
103900117,61,65,-4
103900119,52,366,-314
103900120,232,81,151
103900122,810,126,684
103900123,704,1840,-1136
103900124,97,284,-187
103900125,213,128,85
103900126,1063,105,958
103900127,273,285,-12
103900128,321,110,211
103900131,57,106,-49
103900133,1268,57,1211
103900134,1,59,-58
103900135,2,3,-1
103900137,0,10,-10
103900138,606,67,539
103900139,320,6928,-6608
103900140,25,895,-870
103900141,338,61,277
103900142,675,61,614
103900143,545,3,542
103900144,17,49,-32
103900145,203,299,-96
103900146,889,125,764
103900147,1168,230,938
103900148,792,144,648
103900149,693,185,508
103900150,7226,11077,-3851
103900151,17,237,-220
103900152,2812,542,2270
103900153,30,17,13
103900154,365,5066,-4701
103900155,60,156,-96
103900156,97,73,24
103900157,558,104,454
103900158,649,61,588
103900159,974,39,935
103900160,62,65,-3
103900161,124,218,-94
103900162,130,42,88
103900163,62,956,-894
103900167,8,235,-227
103900168,236,145,91
103900169,25,141,-116
103900170,1,56,-55
103900171,4,47,-43
103900172,0,19,-19
103900173,41,49,-8
103900174,808,68,740
103900175,82,357,-275
103900176,9,77,-68
103900177,48,10,38
103900178,139,4,135
103900179,146,15,131
103900180,48,50,-2
103900181,2,199,-197
103900182,32,47,-15
103900184,398,165,233
103900185,99,1809,-1710
103900187,21,344,-323
103900188,298,114,184
103900189,177,12,165
103900190,360,95,265
103900191,89,73,16
103900192,29,76,-47
103900193,56,106,-50
103900194,125,143,-18
103900195,4,271,-267
103900196,134,272,-138
103900197,8,63,-55
103900198,18,37,-19
103900199,214,95,119
103900200,556,106,450
103900201,214,76,138
103900202,23,79,-56
103900203,88,98,-10
103900204,3,24,-21
103900207,1,14,-13
103900208,294,0,294
103900209,8,112,-104
103900210,68,71,-3
103900211,1627,183,1444
103900212,433,108,325
103900213,17,614,-597
103900214,339,988,-649
103900215,178,904,-726
103900216,17,196,-179
103900217,670,167,503
103900218,0,742,-742
103900219,643,242,401
103900233,509,46,463
103900235,29,554,-525
103900236,20,91,-71
103900242,0,6,-6
103900243,1,1,0
103900244,347,140,207
103900245,302,92,210
103900246,67,75,-8
103900247,25,67,-42
103900248,7,114,-107
103900249,46,109,-63
103900250,274,178,96
103900251,21,137,-116
103900253,7,145,-138
103900254,16,134,-118
103900255,4,101,-97
103900256,56,97,-41
103900257,592,513,79
103900258,80,29,51
103900259,54,102,-48
103900261,86,2,84
103900262,59,11,48
103900263,42,179,-137
103900264,35,2,33
103900265,18,1,17
103900266,5,723,-718
103900267,3,101,-98
103900268,47,25,22
103900269,404,13,391
103900270,143,99,44
103900271,127,127,0
103900272,152,92,60
103900273,254,9,245
103900274,668,4,664
103900275,330,15,315
103900276,66,20,46
103900277,47,37,10
103900278,9,19,-10
103900279,2,128,-126
104000001,6085,4113,1972
104000002,3549,3352,197
104000003,4502,3226,1276
104000004,4959,3521,1438
104000005,4869,3677,1192
104000006,5517,3318,2199
104000007,7047,5424,1623
104000008,288,455,-167
104000009,356,332,24
104000010,245,969,-724
104000011,532,270,262
104000012,294,296,-2
104000013,537,848,-311
104000014,332,507,-175
104000015,969,316,653
104000016,500,339,161
104000018,1238,533,705
104000019,993,889,104
104000020,192,246,-54
104000021,671,377,294
104000022,625,644,-19
104000023,1997,1094,903
104000024,530,597,-67
104000026,135,291,-156
104000027,678,343,335
104000028,745,705,40
104000029,598,550,48
104000030,663,755,-92
104000031,2497,558,1939
104000032,323,199,124
104000033,1480,824,656
104000034,459,186,273
104000035,1997,469,1528
104000036,2170,474,1696
104000037,305,214,91
104000038,664,689,-25
104000039,330,160,170
104000040,191,1053,-862
104000041,1021,892,129
104000042,294,238,56
104000043,276,462,-186
104000044,615,1098,-483
104000045,1197,871,326
104000046,1107,1138,-31
104000047,1177,1196,-19
104000048,1415,960,455
104000049,1576,686,890
104000050,234,1500,-1266
104000051,481,1675,-1194
104000052,3994,5760,-1766
104000053,2532,724,1808
104000054,1362,371,991
104000055,4265,4152,113
104000056,919,270,649
104000057,407,204,203
104000058,2567,1440,1127
104000059,1672,1697,-25
104000060,2383,4082,-1699
104000061,2079,1249,830
104000062,559,249,310
104000064,1249,357,892
104000065,240,978,-738
104000069,660,3161,-2501
104000070,122,1013,-891
104000071,462,285,177
104000072,1158,213,945
104000075,191,506,-315
104000076,1082,98,984
104000082,3343,7887,-4544
104000083,895,351,544
104000084,251,408,-157
104000085,1055,601,454
104000086,477,585,-108
104000087,555,3551,-2996
104000090,2255,1035,1220
104000092,3262,1387,1875
104000094,1587,1175,412
104000095,6468,2532,3936
104000096,5552,134,5418
104000097,5856,827,5029
104000098,7412,721,6691
104000100,4650,1454,3196
104000101,3646,2618,1028
104000106,76,879,-803
104000107,1033,248,785
104000108,464,421,43
104000109,788,381,407
104000110,1222,2432,-1210
104000111,3435,8787,-5352
104000112,876,773,103
104000116,2,933,-931
104000117,608,489,119
104000118,3740,252,3488
104000119,2043,524,1519
104000120,505,605,-100
104000121,598,693,-95
104000122,1331,872,459
104000123,1413,1004,409
104000124,527,1727,-1200
104000125,3313,9387,-6074
104000126,937,817,120
104000127,2075,1888,187
104000128,1182,151,1031
104000129,803,37,766
104000130,3,520,-517
104000131,498,607,-109
104000132,731,757,-26
104000133,2559,1046,1513
104000134,1929,2409,-480
104000135,1071,2192,-1121
104000136,1145,4180,-3035
104000137,3729,631,3098
104000138,2757,604,2153
104000139,3407,3741,-334
104000141,1163,882,281
104000142,1377,497,880
104000143,1688,406,1282
104000144,301,486,-185
104000145,547,376,171
104000146,235,789,-554
104000147,223,509,-286
104000148,613,400,213
104000149,307,94,213
104000150,1577,894,683
104000151,602,256,346
104000152,1229,397,832
104000153,1387,1143,244
104000154,699,341,358
104000155,742,1483,-741
104000157,3075,1400,1675
104000158,212,1084,-872
104000159,1660,1434,226
104000160,3019,4177,-1158
104000161,418,167,251
104000162,212,218,-6
104000165,1638,1001,637
104000167,1300,2810,-1510
104000168,2094,32,2062
104000169,255,151,104
104000170,272,512,-240
104000248,843,1178,-335
104000251,153,268,-115
104000272,0,0,0
104000273,0,0,0
104000274,0,0,0
104000275,0,0,0
104000279,880,781,99
104000290,118,749,-631
104000291,871,2979,-2108
104000293,3263,1944,1319
104000294,273,1,272
104000295,1643,1884,-241
104000296,952,1114,-162
104000297,1817,4056,-2239
104000298,2555,1465,1090
104000299,2528,1253,1275
104900001,233,398,-165
104900002,143,550,-407
104900003,176,189,-13
104900004,169,92,77
104900005,1024,508,516
104900006,1579,107,1472
104900007,1259,241,1018
104900009,289,255,34
104900010,250,24,226
104900011,39,808,-769
104900012,1057,204,853
104900013,172,18,154
104900014,2067,514,1553
104900015,178,2,176
104900016,359,291,68
104900017,250,244,6
104900018,10,190,-180
104900019,321,9543,-9222
104900020,89,491,-402
104900021,1,28,-27
104900022,34,728,-694
104900023,4,19,-15
104900024,23,577,-554
104900025,228,249,-21
104900026,0,24,-24
104900027,1020,589,431
104900028,30,246,-216
104900029,40,34,6
104900030,1119,224,895
104900031,65,389,-324
104900032,160,83,77
104900033,405,302,103
104900034,591,290,301
104900035,575,392,183
104900036,581,73,508
104900037,458,224,234
104900038,237,3473,-3236
104900039,410,451,-41
104900040,935,73,862
104900041,855,233,622
104900042,395,314,81
104900043,85,619,-534
104900044,1770,147,1623
104900045,577,105,472
104900046,1313,117,1196
104900047,1006,124,882
104900048,957,66,891
104900049,129,43,86
104900050,1178,147,1031
104900051,626,75,551
104900052,285,4,281
104900053,1093,156,937
104900054,460,71,389
104900055,463,0,463
104900056,586,31,555
104900057,129,0,129
104900058,670,753,-83
104900059,200,104,96
104900060,0,648,-648
104900061,240,218,22
104900063,4,588,-584
104900064,0,184,-184
104900065,2,685,-683
104900066,0,67,-67
104900067,12,700,-688
104900068,268,416,-148
104900070,155,276,-121
104900071,2,626,-624
104900072,168,263,-95
104900073,225,180,45
104900074,129,198,-69
104900075,224,60,164
104900076,353,164,189
104900077,537,276,261
104900078,375,170,205
104900079,363,2776,-2413
104900080,252,255,-3
104900082,11,374,-363
104900085,20,288,-268
104900087,683,5,678
104900089,693,2,691
104900090,2559,2474,85
104900091,852,772,80
104900093,357,427,-70
104900097,1947,5839,-3892
104900098,616,67,549
104900099,624,3222,-2598
104900100,786,288,498
104900102,166,105,61
104900103,419,116,303
104900104,2791,2489,302
104900106,878,404,474
104900107,134,342,-208
104900108,57,324,-267
104900109,275,297,-22
104900110,23,85,-62
104900111,959,141,818
104900112,1087,400,687
104900113,1680,327,1353
104900114,1525,596,929
104900115,2232,258,1974
104900116,1625,501,1124
104900118,62,171,-109
104900119,3,364,-361
104900120,23,1969,-1946
104900121,0,22,-22
104900122,0,29,-29
104900123,163,11,152
104900124,250,3,247
104900125,624,8,616
104900126,119,70,49
104900127,100,42,58
104900128,177,180,-3
104900129,1250,5723,-4473
105000001,6342,2136,4206
105000002,4781,3676,1105
105000003,4802,8097,-3295
105000004,2386,1695,691
105000005,3148,3109,39
105000006,2259,4678,-2419
105000007,3178,5416,-2238
105000008,1509,7174,-5665
105000009,5437,7284,-1847
105000010,4533,1797,2736
105000011,5095,7333,-2238
105000012,3222,2551,671
105000013,2524,3114,-590
105000014,6979,6472,507
105000015,12711,25691,-12980
105000016,1277,1360,-83
105000017,2239,1476,763
105000018,782,3513,-2731
105000019,1739,2025,-286
105000020,190,1061,-871
105000021,415,364,51
105000022,172,272,-100
105000023,1971,334,1637
105000028,22,112,-90
105000029,1082,2647,-1565
105000030,5572,3221,2351
105000033,1985,1713,272
105000034,264,2956,-2692
105000037,1193,329,864
105000038,1958,3793,-1835
105000039,1908,1563,345
105000040,1540,4005,-2465
105000041,422,1709,-1287
105000042,2790,3250,-460
105000043,1232,3111,-1879
105000044,1313,880,433
105000045,295,419,-124
105000046,3290,561,2729
105000047,968,508,460
105000048,2229,627,1602
105000049,491,660,-169
105000050,2175,976,1199
105000051,383,620,-237
105000052,1255,2383,-1128
105000053,305,327,-22
105000054,796,2889,-2093
105000055,1507,565,942
105000056,3288,3376,-88
105000057,2961,1539,1422
105000058,2515,1467,1048
105000059,2207,1335,872
105000060,947,669,278
105000061,3245,1240,2005
105000062,1098,854,244
105000063,623,696,-73
105000064,5371,1504,3867
105000065,843,823,20
105000066,1794,2343,-549
105000067,3236,2391,845
105000068,611,1844,-1233
105000069,2331,5964,-3633
105000070,1135,2348,-1213
105000071,271,4303,-4032
105000072,2820,13196,-10376
105000073,2182,1850,332
105000074,829,934,-105
105000075,1054,1264,-210
105000076,2157,2063,94
105000077,4274,1455,2819
105000078,1328,2390,-1062
105000079,1410,3670,-2260
105000080,3255,3915,-660
105000081,1681,2008,-327
105000082,1262,2762,-1500
105000083,2853,3725,-872
105000084,943,1341,-398
105000085,4005,3895,110
105000086,1522,1727,-205
105000087,5222,4818,404
105000088,3465,5754,-2289
105000089,3469,2524,945
105000090,978,970,8
105000091,1268,1553,-285
105000092,1001,1445,-444
105000093,645,773,-128
105000094,504,333,171
105000095,463,1491,-1028
105000096,2453,4258,-1805
105000097,686,1123,-437
105000098,2736,3277,-541
105000099,1122,2393,-1271
105000100,3651,1960,1691
105000101,5439,2769,2670
105000102,3368,2872,496
105000103,2298,4210,-1912
105000104,4699,2665,2034
105000105,2429,2512,-83
105000106,3371,1341,2030
105000107,3414,1538,1876
105000108,3345,1700,1645
105000109,5846,1369,4477
105000110,2041,755,1286
105000111,3218,743,2475
105000112,2327,941,1386
105000113,1123,1671,-548
105000114,2528,2683,-155
105000115,672,4035,-3363
105000116,2404,1484,920
105000117,1644,959,685
105000118,2106,969,1137
105000119,1154,1004,150
105000120,3275,1192,2083
105000121,2078,854,1224
105000122,819,1091,-272
105000123,963,903,60
105000124,4418,1513,2905
105000125,2079,1884,195
105000126,4012,2622,1390
105000127,5495,2815,2680
105000128,1617,2736,-1119
105000129,2921,941,1980
105000130,411,6290,-5879
105000131,565,253,312
105000132,2818,1595,1223
105000133,977,1108,-131
105000134,2875,891,1984
105000135,595,885,-290
105000136,168,197,-29
105000137,1255,343,912
105000138,344,197,147
105000139,1370,551,819
105000140,941,633,308
105000141,840,395,445
105000142,679,775,-96
105000143,258,727,-469
105000144,558,922,-364
105000145,1443,565,878
105000146,875,916,-41
105000147,1417,908,509
105000148,1324,1858,-534
105000149,5824,3677,2147
105000150,2037,1094,943
105000151,1567,750,817
105000152,450,1062,-612
105000153,1937,890,1047
105000154,1252,1000,252
105000155,1083,859,224
105000156,620,1352,-732
105000157,1387,1874,-487
105000158,5269,1222,4047
105000159,752,1159,-407
105000160,5966,1228,4738
105000161,1460,1165,295
105000162,1217,5798,-4581
105000163,1902,1535,367
105000164,255,836,-581
105000165,2172,20405,-18233
105000166,8451,3061,5390
105000167,2251,6438,-4187
105000168,890,843,47
105000169,2197,189,2008
105000170,752,1829,-1077
105000171,3092,461,2631
105000172,712,77,635
105000173,823,61,762
105000174,234,55,179
105000175,296,101,195
105000176,1353,150,1203
105000177,998,651,347
105000178,643,328,315
105000179,2091,219,1872
105000180,592,193,399
105000181,451,212,239
105000182,152,169,-17
105000183,3906,5207,-1301
105000184,456,1742,-1286
105000185,989,2003,-1014
105000186,901,1380,-479
105000187,1422,1000,422
105000188,229,834,-605
105000189,113,995,-882
105000190,329,605,-276
105000191,860,603,257
105000192,818,96,722
105000193,123,385,-262
105000194,1302,172,1130
105000195,837,1143,-306
105000196,91,417,-326
105000197,390,741,-351
105000198,506,246,260
105000199,78,847,-769
105000200,162,945,-783
105000201,177,119,58
105000203,68,191,-123
105000204,108,56,52
105000205,167,161,6
105000207,327,104,223
105000208,294,1207,-913
105000209,259,180,79
105000212,2356,730,1626
105000213,89,285,-196
105000214,183,365,-182
105000215,618,291,327
105000216,498,76,422
105000217,478,162,316
105000218,4408,2052,2356
105000221,320,627,-307
105000222,769,692,77
105000223,988,861,127
105000226,400,222,178
105000227,106,281,-175
105000228,155,2915,-2760
105000229,341,1729,-1388
105000231,1172,417,755
105000233,1743,1996,-253
105000234,833,1080,-247
105000235,941,1336,-395
105000237,3142,253,2889
105000243,184,114,70
105000248,83,207,-124
105000262,1285,544,741
105000269,269,205,64
105000270,1205,45,1160
105000271,0,402,-402
105000282,105,136,-31
105000287,372,221,151
105000288,1777,996,781
105000289,684,2356,-1672
105000290,81,32,49
105000402,2651,7896,-5245
105000426,472,857,-385
105000438,906,1598,-692
105000446,11062,4969,6093
105000447,2821,1694,1127
105000454,1892,376,1516
105000455,306,147,159
105000474,327,1,326
105000477,2376,1017,1359
105000478,4233,9336,-5103
105000479,171,369,-198
105000480,6107,11600,-5493
105000481,7953,9136,-1183
105000482,3210,3821,-611
105000483,3689,6275,-2586
105000484,2635,2572,63
105000485,1649,5761,-4112
105000486,2658,3278,-620
105000488,3808,2112,1696
105000489,3284,1850,1434
105000549,213,1079,-866
105000550,473,1158,-685
105000551,39,162,-123
105000552,3611,1720,1891
105000555,514,2141,-1627
105900001,19,6078,-6059
105900002,1251,2463,-1212
105900003,25,271,-246
105900004,317,86,231
105900005,798,799,-1
105900006,26,504,-478
105900007,91,406,-315
105900008,304,239,65
105900009,120,116,4
105900011,321,167,154
105900012,867,125,742
105900013,9,62,-53
105900014,4,130,-126
105900015,121,603,-482
105900016,1667,547,1120
105900017,3798,72,3726
105900018,232,231,1
105900019,230,463,-233
105900020,100,127,-27
105900021,122,1872,-1750
105900022,542,575,-33
105900023,17,354,-337
105900024,12,752,-740
105900025,623,7,616
105900026,400,21,379
105900027,27822,6892,20930
105900028,379,1718,-1339
105900029,3334,450,2884
105900030,505,619,-114
105900031,949,240,709
105900032,331,201,130
105900033,167,257,-90
105900034,1086,748,338
105900035,853,380,473
105900036,241,150,91
105900037,477,60,417
105900038,285,329,-44
105900039,342,108,234
105900040,319,129,190
105900041,289,654,-365
105900042,250,519,-269
105900043,2424,98,2326
105900044,8,910,-902
105900045,1,2804,-2803
105900046,19,350,-331
105900047,34,110,-76
105900048,263,713,-450
105900050,2099,13427,-11328
105900051,79,1994,-1915
105900052,2313,202,2111
105900053,4598,7526,-2928
105900054,371,403,-32
105900056,1472,1008,464
105900057,13,261,-248
105900058,37,40,-3
105900059,2,335,-333
106000001,3028,4119,-1091
106000002,1499,3988,-2489
106000003,6221,7917,-1696
106000004,2504,2702,-198
106000005,7017,6749,268
106000006,7486,2426,5060
106000007,831,633,198
106000008,538,440,98
106000009,604,385,219
106000010,387,462,-75
106000011,3073,1553,1520
106000012,1592,1456,136
106000013,3539,2322,1217
106000014,2392,1767,625
106000015,4495,1809,2686
106000016,2354,2249,105
106000017,1032,1421,-389
106000018,1033,789,244
106000019,794,822,-28
106000020,700,566,134
106000021,639,894,-255
106000022,631,476,155
106000023,1355,811,544
106000024,1009,779,230
106000025,261,384,-123
106000026,261,291,-30
106000027,2970,2689,281
106000028,1404,390,1014
106000029,1290,986,304
106000030,345,903,-558
106000034,279,573,-294
106000035,1346,3072,-1726
106000036,277,532,-255
106000037,2148,1928,220
106000038,148,314,-166
106000039,102,337,-235
106000040,200,1243,-1043
106000041,1181,748,433
106000043,523,407,116
106000046,848,100,748
106000047,64,719,-655
106000049,2252,353,1899
106000050,352,1065,-713
106000051,1705,992,713
106000052,409,473,-64
106000053,977,192,785
106000054,619,441,178
106000055,1912,1164,748
106000056,832,379,453
106000057,1089,575,514
106000058,532,201,331
106000059,976,651,325
106000060,708,432,276
106000061,333,1492,-1159
106000062,273,420,-147
106000063,1785,1438,347
106000064,25,645,-620
106000065,975,393,582
106000066,288,1027,-739
106000067,1131,162,969
106000068,189,850,-661
106000069,999,168,831
106000070,598,894,-296
106000071,1397,339,1058
106000072,5293,2001,3292
106000073,2893,10306,-7413
106000074,1411,1174,237
106000075,592,1889,-1297
106000076,2269,2164,105
106000077,3039,1202,1837
106000078,2746,980,1766
106000079,1633,1290,343
106000080,2524,920,1604
106000081,1616,1206,410
106000082,2508,948,1560
106000083,793,1436,-643
106000084,1393,627,766
106000085,2537,1657,880
106000086,883,964,-81
106000087,1318,509,809
106000088,801,908,-107
106000089,2322,412,1910
106000090,622,835,-213
106000091,412,712,-300
106000092,2697,518,2179
106000093,1167,209,958
106000094,92,471,-379
106000095,2274,1406,868
106000096,2692,950,1742
106000097,2340,1599,741
106000098,2435,1116,1319
106000099,383,1062,-679
106000100,2698,430,2268
106000101,1932,770,1162
106000102,177,1312,-1135
106000103,501,1189,-688
106000104,2103,772,1331
106000105,736,1134,-398
106000106,1744,527,1217
106000107,180,320,-140
106000108,765,214,551
106000109,432,138,294
106000110,842,219,623
106000111,222,239,-17
106000112,546,1595,-1049
106000113,1062,640,422
106000114,1290,2311,-1021
106000115,626,447,179
106000116,800,387,413
106000117,1681,712,969
106000118,2476,1850,626
106000119,1664,751,913
106000120,1880,2611,-731
106000121,1057,452,605
106000122,581,89,492
106000123,1979,206,1773
106000124,458,108,350
106000125,156,217,-61
106000126,865,108,757
106000127,3861,920,2941
106000128,2583,382,2201
106000129,1918,648,1270
106000130,2530,540,1990
106000131,379,1603,-1224
106000132,1593,373,1220
106000133,3641,3971,-330
106000134,1003,7114,-6111
106000135,380,1197,-817
106000136,1648,3309,-1661
106000137,139,1627,-1488
106000138,5300,191,5109
106000139,246,105,141
106000140,83,123,-40
106000141,258,77,181
106000142,215,125,90
106000143,81,67,14
106000144,114,214,-100
106000145,1181,161,1020
106000146,788,284,504
106000147,705,620,85
106000148,830,853,-23
106000149,1493,520,973
106000150,1658,4084,-2426
106000151,5835,717,5118
106000152,1460,4659,-3199
106000153,221,3183,-2962
106000154,1966,228,1738
106000155,380,567,-187
106000156,3589,380,3209
106000157,1342,2947,-1605
106000158,2960,960,2000
106000159,5077,4492,585
106000160,1624,8330,-6706
106000161,1569,571,998
106000162,832,2774,-1942
106000163,955,485,470
106000164,1417,488,929
106000165,526,805,-279
106000166,2391,555,1836
106000167,850,1610,-760
106000168,2100,658,1442
106000169,588,858,-270
106000170,2139,1258,881
106000171,365,2099,-1734
106000172,4145,3081,1064
106000173,1184,4493,-3309
106000174,2291,663,1628
106000175,335,754,-419
106000176,4881,1494,3387
106000177,1747,2674,-927
106000178,5285,2139,3146
106000179,1144,2139,-995
106000180,1356,770,586
106000181,3256,1870,1386
106000182,3940,899,3041
106000183,4396,426,3970
106000184,3014,888,2126
106000185,3509,2947,562
106000186,605,68,537
106000187,364,2615,-2251
106000188,4,3,1
106000189,19,90,-71
106000190,60,5,55
106000191,1085,195,890
106000192,1,4,-3
106000193,650,388,262
106000194,202,551,-349
106000195,417,322,95
106000196,116,759,-643
106000197,1477,419,1058
106000198,345,482,-137
106000199,1168,2533,-1365
106000200,727,457,270
106000201,753,12516,-11763
106000202,5212,966,4246
106000203,67,320,-253
106000204,113,6,107
106000205,13,165,-152
106000206,234,27,207
106000207,21,312,-291
106000208,6060,598,5462
106000209,4059,1457,2602
106000210,614,1009,-395
106000211,230,1669,-1439
106000212,2137,774,1363
106000213,367,1487,-1120
106000214,2317,704,1613
106000215,633,597,36
106000216,1518,749,769
106000217,261,500,-239
106000218,460,402,58
106000219,320,362,-42
106000220,1068,437,631
106000221,859,177,682
106000222,225,109,116
106000223,935,204,731
106000224,799,135,664
106000225,247,226,21
106000226,167,269,-102
106000228,130,164,-34
106000229,405,887,-482
106000231,2439,150,2289
106000232,157,544,-387
106000233,1023,1521,-498
106000234,113,1006,-893
106000235,528,1335,-807
106000236,197,932,-735
106000237,1,51,-50
106000238,32,99,-67
106000239,2,215,-213
106000240,153,7,146
106000241,31,894,-863
106000242,857,39,818
106000249,195,100,95
106000250,292,1545,-1253
106000251,317,17,300
106000252,57,122,-65
106000253,109,80,29
106000254,386,42,344
106000255,97,281,-184
106000256,325,32,293
106000257,230,250,-20
106000258,168,494,-326
106000259,19,391,-372
106000260,99,24,75
106000261,9,147,-138
106000262,167,48,119
106000263,37,161,-124
106000264,278,30,248
106000265,76,222,-146
106000266,284,63,221
106000267,38,162,-124
106000268,439,60,379
106000269,75,78,-3
106000270,158,280,-122
106000271,170,178,-8
106000272,212,116,96
106000273,8,337,-329
106000274,196,59,137
106000275,384,262,122
106000276,207,27,180
106000277,179,245,-66
106000278,166,37,129
106000279,66,23,43
106000280,287,39,248
106000281,138,31,107
106000282,186,111,75
106000283,264,56,208
106000284,310,89,221
106000285,207,185,22
106000286,290,116,174
106000287,129,115,14
106000288,255,154,101
106000289,177,103,74
106000290,172,91,81
106000291,171,141,30
106000292,305,216,89
106000293,194,91,103
106000294,175,117,58
106000295,81,89,-8
106000296,93,80,13
106000297,84,242,-158
106000298,62,225,-163
106000299,104,73,31
106000300,93,136,-43
106000301,131,223,-92
106000303,79,68,11
106000304,143,17,126
106000305,158,45,113
106000306,33,39,-6
106000307,238,13,225
106000308,86,88,-2
106000309,48,61,-13
106000310,611,544,67
106000311,898,226,672
106000312,269,257,12
106000313,729,135,594
106000318,170,604,-434
106000319,5071,827,4244
106000320,2,199,-197
106000321,282,475,-193
106000322,724,56,668
106000324,107,195,-88
106000325,3529,1146,2383
106000326,1305,1594,-289
106000327,505,107,398
106000328,43,923,-880
106000329,92,1088,-996
106000330,44,430,-386
106000428,125,406,-281
106000429,163,284,-121
106000430,438,2795,-2357
106000431,3607,650,2957
106000432,1187,3475,-2288
106000433,3762,1770,1992
106000434,5988,1708,4280
106000435,1859,2816,-957
106000436,12,297,-285
106000437,1232,142,1090
106000438,355,876,-521
106000439,142,1823,-1681
106000440,322,799,-477
106000441,6,2,4
106000442,918,10,908
106000443,687,221,466
106000450,2,100,-98
106000451,56,353,-297
106000454,2,222,-220
106000455,5,125,-120
106000456,341,61,280
106000457,62,728,-666
106000458,2383,155,2228
106000459,1048,124,924
106000460,3584,92,3492
106000461,858,358,500
106000462,2,69,-67
106000463,5,13,-8
106000464,9,275,-266
106000465,1619,13,1606
106000466,20,336,-316
106000467,199,423,-224
106000468,272,184,88
106000469,253,4,249
106000470,244,4552,-4308
106000471,25,365,-340
106000472,376,26,350
106000473,145,8,137
106000474,663,739,-76
106000475,882,284,598
106000476,288,413,-125
106000477,26,41,-15
106000480,0,2025,-2025
106900001,0,28,-28
106900002,1,211,-210
106900003,112,2826,-2714
106900004,2,25,-23
106900006,0,20,-20
106900007,0,22,-22
106900008,1711,119,1592
106900009,1493,202,1291
106900010,925,441,484
106900012,2014,6517,-4503
106900013,1559,382,1177
106900014,220,8,212
106900015,69,3,66
106900016,861,35,826
106900017,65,1,64
106900018,14,1,13
106900019,433,2,431
106900020,3668,5929,-2261
106900021,275,103,172
106900022,2726,5,2721
106900023,314,134,180
106900024,1344,135,1209
106900025,41,1324,-1283
106900026,0,159,-159
106900027,2165,4,2161
107000001,5317,6921,-1604
107000002,1940,2220,-280
107000003,17159,12638,4521
107000004,5557,2166,3391
107000005,16881,12786,4095
107000006,5604,3356,2248
107000007,10479,13892,-3413
107000008,7043,4380,2663
107000009,17122,12713,4409
107000010,7709,4898,2811
107000011,1163,1860,-697
107000012,3526,3987,-461
107000013,310,58,252
107000014,224,97,127
107000015,920,492,428
107000016,1743,526,1217
107000017,1062,5469,-4407
107000018,13,4708,-4695
107000020,1038,5071,-4033
107000021,1489,696,793
107000022,1469,5251,-3782
107000023,2949,375,2574
107000024,1042,6219,-5177
107000025,706,376,330
107000026,687,1100,-413
107000027,3301,1008,2293
107000028,3464,682,2782
107000029,8782,4382,4400
107000030,4657,2094,2563
107000031,10271,4918,5353
107000032,547,744,-197
107000033,3733,6528,-2795
107000034,6528,1782,4746
107000035,1047,375,672
107000036,1488,2830,-1342
107000037,182,1217,-1035
107000038,630,270,360
107000039,2090,1818,272
107000040,920,277,643
107000041,1669,1349,320
107000042,1236,3750,-2514
107000043,2488,1385,1103
107000044,494,816,-322
107000045,92,603,-511
107000046,1069,802,267
107000047,1001,1648,-647
107000048,1148,729,419
107000049,722,972,-250
107000050,1157,901,256
107000051,450,550,-100
107000052,1936,3138,-1202
107000053,715,1060,-345
107000054,90,163,-73
107000055,574,234,340
107000056,658,695,-37
107000057,1782,164,1618
107000058,3035,5092,-2057
107000059,3359,3635,-276
107000060,11218,8832,2386
107000061,6901,3552,3349
107000062,12572,6289,6283
107000063,5899,3681,2218
107000064,10648,10117,531
107000065,4433,7150,-2717
107000066,2701,6251,-3550
107000067,2661,2246,415
107000068,1210,1948,-738
107000069,2003,1562,441
107000070,2445,8,2437
107000071,8823,107,8716
107000072,17,1244,-1227
107000073,2658,1433,1225
107000074,116,520,-404
107000075,4431,556,3875
107000076,432,933,-501
107000077,5925,1146,4779
107000078,883,1705,-822
107000079,5790,2162,3628
107000080,668,1950,-1282
107000081,5442,1266,4176
107000082,1348,955,393
107000083,2936,1586,1350
107000084,403,1011,-608
107000085,5153,4568,585
107000086,4237,3205,1032
107000087,6781,5251,1530
107000088,4757,5696,-939
107000089,3387,5605,-2218
107000090,2617,1346,1271
107000091,3351,2208,1143
107000092,1739,1125,614
107000093,2515,2227,288
107000094,1840,1246,594
107000095,2609,1553,1056
107000096,1300,755,545
107000097,2255,1704,551
107000098,904,924,-20
107000099,1012,848,164
107000100,351,789,-438
107000101,305,556,-251
107000102,409,623,-214
107000103,730,525,205
107000104,282,543,-261
107000105,1249,541,708
107000106,278,395,-117
107000107,1844,514,1330
107000108,344,707,-363
107000109,2274,386,1888
107000110,158,325,-167
107000111,1219,109,1110
107000112,71,250,-179
107000113,2501,183,2318
107000114,95,430,-335
107000115,1854,1504,350
107000116,121,907,-786
107000117,247,6876,-6629
107000118,123,181,-58
107000119,2645,2181,464
107000120,1267,1979,-712
107000121,1969,1049,920
107000122,1472,1100,372
107000123,1046,715,331
107000124,1346,464,882
107000125,2764,725,2039
107000126,3649,272,3377
107000129,402,684,-282
107000130,1703,336,1367
107000131,593,564,29
107000132,1083,499,584
107000133,470,423,47
107000134,415,2,413
107000135,3,412,-409
107000136,891,19,872
107000137,10,681,-671
107000138,297,33,264
107000139,11,1331,-1320
107000140,3175,153,3022
107000141,185,1365,-1180
107000142,995,122,873
107000143,156,2615,-2459
107000144,1096,1130,-34
107000145,418,968,-550
107000146,355,544,-189
107000147,5675,931,4744
107000150,828,8314,-7486
107000151,12,55,-43
107000152,1668,5232,-3564
107000153,117,338,-221
107000154,10,348,-338
107000155,1884,56,1828
107000156,2423,34,2389
107000157,70,615,-545
107000158,2246,25,2221
107000159,22,665,-643
107000160,3917,404,3513
107000161,240,466,-226
107000162,877,1637,-760
107000163,432,7,425
107000164,2350,4,2346
107000165,3045,7,3038
107000166,229,327,-98
107000167,2143,434,1709
107000168,2654,932,1722
107000169,633,439,194
107000170,7434,1621,5813
107000171,1336,1078,258
107000172,3024,3884,-860
107000173,719,518,201
107000174,2696,13351,-10655
107000175,5243,882,4361
107000176,1,2,-1
107000177,4,1,3
107000178,32,5,27
107000179,764,1319,-555
107000180,3828,384,3444
107000181,884,729,155
107000182,4608,764,3844
107000183,576,675,-99
107000184,2740,865,1875
107000185,567,1557,-990
107000186,1802,732,1070
107000187,2392,2207,185
107000188,1149,509,640
107000189,1743,1159,584
107000190,1450,841,609
107000191,1581,1498,83
107000192,3124,821,2303
107000193,759,1184,-425
107000194,856,679,177
107000197,1660,452,1208
107000198,557,783,-226
107000199,1935,1295,640
107000200,2110,1445,665
107000201,940,774,166
107000202,587,771,-184
107000203,666,2246,-1580
107000204,628,2571,-1943
107000205,1318,1357,-39
107000206,527,1956,-1429
107000207,730,1709,-979
107000208,1185,1006,179
107000209,846,1406,-560
107000210,164,235,-71
107000211,1,91,-90
107000212,11,165,-154
107000213,6,37,-31
107000214,35,116,-81
107000215,1075,397,678
107000216,953,787,166
107000217,411,785,-374
107000219,168,425,-257
107000220,309,428,-119
107000222,583,339,244
107000224,1480,627,853
107000225,356,526,-170
107000226,1199,704,495
107000227,254,230,24
107000228,845,1020,-175
107000229,150,298,-148
107000230,2533,1118,1415
107000231,608,2064,-1456
107000232,234,43,191
107000233,310,791,-481
107000234,4,128,-124
107000235,162,53,109
107000236,28,876,-848
107000237,165,2,163
107000238,69,7,62
107000239,3624,1215,2409
107000240,998,672,326
107000241,43,4,39
107000242,250,33,217
107000243,0,115,-115
107000244,10,203,-193
107000246,0,638,-638
107000249,1,677,-676
107000251,5,352,-347
107000252,4,1528,-1524
107000255,397,524,-127
107000257,1,1607,-1606
107000258,2,329,-327
107000259,39,226,-187
107000260,4014,28,3986
107000262,428,252,176
107000263,978,21,957
107000266,51,81,-30
107000267,67,138,-71
107000268,475,87,388
107000269,130,2,128
107000270,451,144,307
107000271,36,0,36
107000272,243,1,242
107000273,8,301,-293
107000274,899,1248,-349
107000275,26,3155,-3129
107000280,2712,45,2667
107000281,39,485,-446
107000282,53,447,-394
107000290,28,176,-148
107000291,54,16,38
107000292,4,1009,-1005
107000293,40,24,16
107000294,1,539,-538
107000295,62,13,49
107000296,0,18,-18
107000444,496,8,488
107000496,17,4,13
107000497,1880,1632,248
107000500,959,767,192
107000501,256,415,-159
107000502,465,1017,-552
107000505,567,1077,-510
107000506,0,0,0
107000508,78,316,-238
107000509,269,1061,-792
107000510,103,271,-168
107000514,80,822,-742
107000515,64,62,2
107000516,1007,847,160
107000518,3974,4991,-1017
107000519,1806,703,1103
107000520,319,270,49
107000521,1854,569,1285
107000522,2832,551,2281
107900001,240,35,205
107900002,150,15,135
107900003,1754,21,1733
107900004,485,4,481
107900005,5839,20,5819
107900006,408,6,402
107900007,472,108,364
107900008,77,4,73
107900009,202,8,194
107900010,172,9,163
107900012,770,136,634
107900013,422,18,404
107900014,302,15,287
107900015,4127,27,4100
107900016,749,80,669
107900017,146,1,145
107900018,88,705,-617
107900019,50,17,33
107900020,57,49,8
107900021,504,56,448
107900023,9,4,5
107900024,0,7,-7
107900025,487,107,380
107900026,151,29,122
107900027,20,96,-76
107900028,700,40,660
107900030,456,63,393
107900031,281,83,198
107900032,82,42,40
107900033,50,22,28
107900034,476,20,456
107900035,3554,210,3344
107900036,122,70,52
107900037,0,16,-16
107900038,126,619,-493
107900039,68,8,60
107900040,12,420,-408
107900041,1,6,-5
107900043,300,116,184
107900044,16,29,-13
107900045,249,102,147
107900046,658,708,-50
107900047,125,96,29
107900048,739,61,678
107900049,650,2017,-1367
107900050,62,391,-329
107900051,121,26,95
107900052,33,160,-127
107900053,219,95,124
107900055,1039,534,505
107900056,182,304,-122
107900057,8,0,8
107900058,74,760,-686
107900060,24,345,-321
107900061,4,17,-13
107900063,129,221,-92
107900064,317,1234,-917
107900065,1048,37,1011
107900066,39,11,28
107900067,2,2,0
107900068,189,1363,-1174
107900069,57,6771,-6714
107900070,282,319,-37
107900071,29,426,-397
107900072,525,66,459
107900073,247,356,-109
107900074,216,798,-582
107900076,345,67,278
107900077,230,7,223
107900078,327,109,218
107900079,28,29,-1
107900080,106,1413,-1307
107900081,169,96,73
107900082,1,3,-2
107900083,934,174,760
107900084,281,374,-93
107900086,48,758,-710
107900087,480,84,396
107900088,208,22,186
107900089,451,1241,-790
107900090,1527,3835,-2308
107900091,236,142,94
107900092,2007,334,1673
107900093,107,110,-3
107900095,2118,1805,313
107900097,82,128,-46
107900098,229,1332,-1103
107900100,438,2544,-2106
107900101,778,99,679
107900102,113,11,102
107900103,162,180,-18
107900104,592,8,584
107900105,27,122,-95
107900106,19,411,-392
107900107,1534,455,1079
107900108,377,52,325
107900109,4114,112,4002
107900110,189,112,77
107900111,5,300,-295
107900112,114,1144,-1030
107900113,464,43,421
107900114,467,119,348
107900115,0,8,-8
107900116,600,76,524
107900117,369,348,21
107900118,89,199,-110
107900119,210,392,-182
107900120,80,40,40
107900121,3,254,-251
107900122,0,330,-330
107900123,32,257,-225
107900124,17,108,-91
107900125,14,294,-280
107900126,131,751,-620
107900127,927,331,596
107900128,117,160,-43
107900129,248,18,230
107900130,206,13,193
107900131,96,252,-156
107900132,171,325,-154
107900133,0,47,-47
107900134,33,93,-60
107900135,8,31,-23
107900136,25,14,11
107900137,106,171,-65
107900138,227,35,192
107900139,245,46,199
107900140,132,81,51
107900141,41,25,16
107900142,161,668,-507
107900143,19,20,-1
107900144,1,44,-43
107900145,5,44,-39
107900146,49,134,-85
107900147,47,51,-4
107900148,245,189,56
107900149,842,68,774
107900150,165,562,-397
107900151,112,32,80
107900152,22,107,-85
107900153,273,466,-193
107900154,90,68,22
107900155,209,206,3
107900156,9,113,-104
107900157,51,97,-46
107900158,3199,94,3105
107900159,119,468,-349
107900160,249,66,183
107900161,378,90,288
107900162,0,79,-79
107900163,46,122,-76
107900164,75,143,-68
107900165,26,518,-492
107900166,95,74,21
107900167,42,90,-48
107900168,228,101,127
107900169,10,5922,-5912
107900171,266,583,-317
107900172,2,354,-352
107900173,105,45,60
107900174,307,4,303
107900175,48,463,-415
107900176,190,30,160
107900177,1,287,-286
107900178,0,349,-349
107900179,115,176,-61
107900180,315,1922,-1607
107900181,352,431,-79
107900182,5,540,-535
107900183,223,61,162
107900184,485,967,-482
107900185,288,11,277
107900186,48,36,12
107900187,3,356,-353
107900188,1040,102,938
107900189,124,151,-27
107900190,37,202,-165
107900191,110,185,-75
107900193,7,138,-131
107900194,369,12,357
107900195,3003,236,2767
107900196,304,48,256
107900197,323,401,-78
107900199,4,613,-609
107900201,228,112,116
107900203,37,29,8
107900204,318,378,-60
107900205,419,346,73
107900206,308,930,-622
107900207,2,300,-298
107900208,10,382,-372
107900209,600,174,426
107900210,47,64,-17
107900213,865,546,319
107900214,22,359,-337
107900215,338,608,-270
107900216,16,40,-24
107900217,128,94,34
107900218,46,2366,-2320
107900219,259,25,234
107900220,72,279,-207
107900221,253,388,-135
107900223,401,137,264
107900224,367,748,-381
107900225,2,664,-662
107900226,21,74,-53
107900227,270,527,-257
107900228,95,199,-104
107900229,3,47,-44
107900230,44,25,19
107900231,72,82,-10
107900232,659,63,596
107900233,18,39,-21
107900234,593,127,466
107900235,164,267,-103
107900236,1039,99,940
107900237,15,524,-509
107900238,171,29,142
107900239,573,1271,-698
107900240,264,57,207
107900241,12,25,-13
107900242,43,443,-400
107900243,0,34,-34
107900244,636,3,633
107900245,1846,106,1740
107900246,380,153,227
107900248,1029,176,853
107900249,2246,289,1957
107900250,1,289,-288
107900251,71,684,-613
107900252,1623,80,1543
107900253,405,46,359
107900254,121,284,-163
107900255,340,68,272
107900256,810,2623,-1813
107900257,768,245,523
107900258,229,66,163
107900259,52,7532,-7480
107900261,13,149,-136
107900262,259,81,178
107900264,911,49,862
107900265,247,451,-204
107900267,933,23,910
107900268,79,0,79
107900269,0,5,-5
107900270,3,0,3
107900271,2,103,-101
107900272,52,34,18
107900273,93,60,33
107900274,186,0,186
107900275,114,1,113
107900276,0,11,-11
107900277,0,43,-43
107900278,1219,117,1102
107900279,25,51,-26
107900280,3875,1462,2413
107900281,1843,15198,-13355
107900282,35,1738,-1703
107900283,950,1796,-846
107900284,1470,1690,-220
107900285,376,30,346
107900286,50,53,-3
107900287,889,155,734
107900290,3,1560,-1557
107900291,1004,35,969
107900292,374,102,272
107900293,160,292,-132
107900295,195,64,131
107900297,4,579,-575
107900298,913,874,39
107900299,3115,5006,-1891
107900300,174,1426,-1252
107900301,1907,1367,540
107900302,238,82,156
107900303,839,674,165
107900304,1213,132,1081
107900305,551,16,535
107900306,2,77,-75
107900307,10,261,-251
107900308,221,332,-111
107900309,85,0,85
107900310,100,0,100
107900311,15,443,-428
107900312,90,1,89
107900313,3,168,-165
107900314,0,149,-149
107900315,1,79,-78
107900316,27,2,25
107900317,138,20,118
107900318,1,278,-277
107900319,12,41,-29
107900320,4,71,-67
107900321,508,32,476
107900322,1,47,-46
107900323,7,99,-92
107900324,284,10,274
107900325,483,9,474
107900326,1419,73,1346
107900327,6,285,-279
107900328,33,2,31
107900329,47,641,-594
107900330,9,91,-82
107900331,1216,54,1162
107900332,930,24,906
107900333,179,62,117
107900334,34,79,-45
107900335,56,182,-126
107900336,41,255,-214
107900337,662,1739,-1077
107900338,6,182,-176
107900339,4,8,-4
107900340,1,151,-150
107900341,126,2,124
107900342,294,184,110
107900343,105,0,105
107900344,17,65,-48
107900345,139,58,81
107900346,45,10,35
107900347,44,1,43
107900348,1,16,-15
107900349,42,26,16
107900350,57,281,-224
107900351,1,11,-10
108000001,7312,6412,900
108000002,2384,1931,453
108000003,4698,5404,-706
108000004,12673,12884,-211
108000005,11499,9024,2475
108000006,4861,5838,-977
108000007,9887,9233,654
108000008,4509,5414,-905
108000009,9926,10398,-472
108000010,3385,5785,-2400
108000011,20939,16357,4582
108000012,12093,11142,951
108000014,1072,2123,-1051
108000015,1991,300,1691
108000016,587,449,138
108000017,2571,594,1977
108000018,3386,1628,1758
108000019,1364,1610,-246
108000020,2136,517,1619
108000021,518,2022,-1504
108000022,619,990,-371
108000023,3480,467,3013
108000024,811,410,401
108000025,1166,228,938
108000026,1397,941,456
108000027,1648,291,1357
108000028,1345,510,835
108000029,1287,586,701
108000030,770,441,329
108000031,258,1102,-844
108000032,4530,1147,3383
108000033,1308,742,566
108000034,3429,971,2458
108000035,871,1733,-862
108000036,1023,1005,18
108000037,5287,595,4692
108000038,6798,649,6149
108000039,980,1442,-462
108000040,4445,1713,2732
108000041,537,2171,-1634
108000042,940,173,767
108000043,561,318,243
108000044,1330,192,1138
108000045,637,301,336
108000046,3698,652,3046
108000047,635,804,-169
108000048,126,333,-207
108000049,1405,240,1165
108000050,244,347,-103
108000051,764,467,297
108000052,343,438,-95
108000053,744,506,238
108000054,464,1261,-797
108000055,1849,1126,723
108000056,809,1663,-854
108000057,1087,2496,-1409
108000058,3122,8786,-5664
108000059,2607,1595,1012
108000060,490,851,-361
108000061,110,214,-104
108000062,2712,1099,1613
108000063,750,647,103
108000064,621,423,198
108000065,1075,613,462
108000066,3482,2103,1379
108000067,4930,1566,3364
108000068,1820,877,943
108000069,231,840,-609
108000070,4029,1409,2620
108000071,874,1704,-830
108000072,2282,1280,1002
108000073,1216,1359,-143
108000074,1241,1113,128
108000075,746,531,215
108000076,1830,995,835
108000077,1107,690,417
108000078,4442,1307,3135
108000079,1259,890,369
108000080,3783,743,3040
108000081,1647,949,698
108000082,959,1423,-464
108000083,4031,1298,2733
108000084,855,1686,-831
108000085,2531,1198,1333
108000086,683,647,36
108000087,282,4540,-4258
108000088,641,27,614
108000089,607,769,-162
108000090,1254,547,707
108000091,195,746,-551
108000092,563,259,304
108000093,587,609,-22
108000094,2162,308,1854
108000095,391,510,-119
108000096,1478,416,1062
108000097,370,582,-212
108000098,5017,2073,2944
108000099,469,137,332
108000100,156,500,-344
108000101,2289,2554,-265
108000102,2359,5050,-2691
108000106,1560,4,1556
108000107,6,1279,-1273
108000108,1239,138,1101
108000109,13,538,-525
108000110,930,480,450
108000111,456,1202,-746
108000112,108,272,-164
108000113,742,335,407
108000115,556,474,82
108000117,797,676,121
108000118,28,769,-741
108000119,904,445,459
108000120,455,1880,-1425
108000121,486,726,-240
108000122,1906,672,1234
108000123,1569,612,957
108000124,720,1670,-950
108000125,1447,480,967
108000126,469,508,-39
108000127,1509,609,900
108000128,1820,325,1495
108000129,597,1559,-962
108000130,1120,833,287
108000131,1029,273,756
108000132,871,788,83
108000133,2155,439,1716
108000134,1105,449,656
108000135,2124,1120,1004
108000136,875,632,243
108000137,1074,258,816
108000138,1105,705,400
108000139,1266,271,995
108000140,1047,18,1029
108000141,167,33,134
108000142,132,97,35
108000143,75,31,44
108000144,233,7,226
108000145,151,7,144
108000146,288,12,276
108000147,81,6,75
108000148,226,16,210
108000149,86,18,68
108000150,130,20,110
108000151,11,7,4
108000152,416,283,133
108000153,2291,230,2061
108000154,94,8,86
108000155,137,60,77
108000156,418,216,202
108000157,544,4570,-4026
108000158,201,2033,-1832
108000159,283,406,-123
108000160,2600,2521,79
108000161,2661,8102,-5441
108000165,13,905,-892
108000172,4,580,-576
108000173,574,3953,-3379
108000175,819,229,590
108000178,481,360,121
108000179,224,1661,-1437
108000181,164,28,136
108000182,140,11,129
108000183,4,12,-8
108000184,783,6091,-5308
108000185,860,363,497
108000186,632,192,440
108000187,378,392,-14
108000188,2038,169,1869
108000189,669,3160,-2491
108000190,103,129,-26
108000192,546,115,431
108000193,466,28,438
108000194,46,16,30
108000195,0,1111,-1111
108000196,522,619,-97
108000198,1082,95,987
108000199,1,460,-459
108000200,1444,389,1055
108000202,10,504,-494
108000203,669,599,70
108000204,318,114,204
108000205,382,378,4
108000339,1530,660,870
108000364,83,362,-279
108000365,55,950,-895
108000367,345,268,77
108000368,89,64,25
108000369,709,170,539
108000371,2,508,-506
108000372,1450,2,1448
108000373,426,101,325
108000376,277,33,244
108000377,1657,98,1559
108000378,13444,23265,-9821
108000379,20,477,-457
108000381,332,8,324
108000382,187,1,186
108000383,0,290,-290
108900001,125,494,-369
108900002,461,80,381
108900003,272,747,-475
108900004,10,871,-861
108900005,92,689,-597
108900006,1663,484,1179
108900007,686,181,505
108900008,307,133,174
108900009,311,420,-109
108900010,763,240,523
108900011,2059,301,1758
108900012,935,343,592
108900013,242,607,-365
108900014,189,218,-29
108900015,1,317,-316
108900016,1,156,-155
108900017,255,1367,-1112
108900018,316,547,-231
108900019,93,324,-231
108900020,39,163,-124
108900021,191,172,19
108900022,199,25,174
108900023,15,145,-130
108900024,89,36,53
108900025,687,92,595
108900026,30,26,4
108900027,0,33,-33
108900028,360,119,241
108900029,213,259,-46
108900030,0,13,-13
108900031,932,153,779
108900032,14,248,-234
108900033,0,64,-64
108900034,1,36,-35
108900035,778,490,288
108900036,321,316,5
108900037,70,266,-196
108900038,0,83,-83
108900039,0,58,-58
108900040,26,42,-16
108900041,6475,4207,2268
108900042,8,410,-402
108900043,51,925,-874
108900044,0,144,-144
108900045,105,108,-3
108900046,20,225,-205
108900047,2,309,-307
108900048,282,359,-77
108900049,1605,5876,-4271
108900050,2,82,-80
108900051,2,70,-68
108900052,46,76,-30
108900053,228,1311,-1083
108900054,80,94,-14
108900055,34,482,-448
108900056,0,21,-21
108900057,2,104,-102
108900058,122,99,23
108900059,2856,120,2736
108900060,82,339,-257
108900061,136,23,113
108900062,6,284,-278
108900063,32,89,-57
108900064,1037,33,1004
108900065,103,110,-7
108900066,859,245,614
108900067,2,246,-244
108900068,9,35,-26
108900069,448,19,429
108900070,44,41,3
108900071,270,97,173
108900072,1712,253,1459
108900073,131,210,-79
108900074,1280,74,1206
108900075,9,32,-23
108900076,951,46,905
108900077,241,294,-53
108900078,139,57,82
108900079,349,326,23
108900080,7,2000,-1993
108900081,60,347,-287
108900082,212,44,168
108900083,21,632,-611
108900084,380,170,210
108900085,1787,269,1518
108900086,483,91,392
108900087,92,345,-253
108900088,1239,682,557
108900089,9,272,-263
108900090,332,67,265
108900091,133,131,2
108900092,898,518,380
108900093,154,156,-2
108900094,706,241,465
108900095,49,529,-480
108900096,426,11,415
108900097,465,132,333
108900098,1936,2241,-305
108900099,1092,205,887
108900100,174,124,50
108900101,532,888,-356
108900102,19,2792,-2773
108900103,438,399,39
108900104,81,487,-406
108900105,16,5258,-5242
108900106,1159,256,903
108900108,564,59,505
108900109,1714,172,1542
108900110,487,223,264
108900111,1137,295,842
108900112,946,54,892
108900113,81,180,-99
108900114,255,21,234
108900115,285,334,-49
108900116,202,27,175
108900117,643,32,611
108900118,1688,66,1622
108900119,987,28,959
108900120,673,550,123
108900121,444,171,273
108900122,596,63,533
108900123,689,180,509
108900124,2340,298,2042
108900125,1772,32,1740
108900126,305,104,201
108900127,623,106,517
108900128,595,112,483
108900129,2779,279,2500
108900130,1980,3,1977
108900131,1152,22,1130
108900132,1488,133,1355
108900133,812,56,756
108900134,1592,274,1318
108900135,852,35,817
108900136,52,1,51
108900137,715,15,700
108900138,2654,142,2512
108900139,1527,93,1434
108900140,1689,60,1629
108900141,1268,21,1247
108900142,150,30,120
108900143,214,1,213
108900144,318,6,312
108900145,903,92,811
108900146,316,0,316
108900147,811,2,809
108900148,198,39,159
108900149,777,1202,-425
108900150,582,3,579
108900151,78,11,67
108900152,335,92,243
108900153,681,87,594
108900154,10629,458,10171
108900155,785,65,720
108900156,359,14,345
108900157,117,376,-259
108900158,1362,202,1160
108900159,175,97,78
108900160,12,187,-175
108900161,127,597,-470
108900162,511,13,498
108900163,6,605,-599
108900164,205,96,109
108900165,205,49,156
108900167,1674,24684,-23010
108900168,5663,3485,2178
108900169,127,180,-53
108900171,4294,6129,-1835
108900172,348,173,175
108900173,100,517,-417
108900174,1912,777,1135
108900176,256,378,-122
108900177,5895,18166,-12271
108900178,3234,9569,-6335
108900179,486,3814,-3328
108900180,78,552,-474
108900182,122,833,-711
108900183,244,487,-243
108900184,633,414,219
108900185,101,861,-760
108900186,168,545,-377
108900187,1603,60,1543
108900188,1758,110,1648
108900189,794,699,95
108900190,144,3560,-3416
108900191,199,254,-55
108900192,137,212,-75
108900193,51,30,21
108900194,6,268,-262
108900195,192,163,29
108900196,311,302,9
108900198,7,284,-277
108900199,411,511,-100
108900200,1569,771,798
108900201,566,1330,-764
108900203,503,198,305
108900204,715,22,693
108900205,434,46,388
108900206,989,178,811
108900207,497,586,-89
108900208,5,436,-431
108900209,172,720,-548
108900210,194,166,28
108900211,324,992,-668
108900212,118,3696,-3578
108900215,111,336,-225
108900216,297,683,-386
108900217,158,3,155
108900218,101,75,26
108900219,50,4,46
108900220,133,57,76
108900221,46,70,-24
108900222,586,24,562
108900223,4,78,-74
108900224,85,184,-99
108900225,1,196,-195
108900226,977,96,881
108900227,372,748,-376
108900230,144,277,-133
108900231,15,152,-137
108900232,0,159,-159
108900233,992,274,718
108900234,479,335,144
108900235,329,434,-105
108900236,75,594,-519
108900237,59,52,7
108900240,207,164,43
108900241,160,73,87
108900245,7,4081,-4074
108900249,175,31,144
108900250,702,271,431
108900257,520,343,177
108900258,21,109,-88
108900259,42,45,-3
108900260,16,27,-11
108900261,73,78,-5
108900262,128,259,-131
108900263,80,256,-176
108900264,243,323,-80
108900265,2441,1095,1346
108900266,182,3526,-3344
108900267,3,851,-848
108900268,18,101,-83
108900269,519,83,436
108900270,584,44,540
108900271,148,362,-214
108900272,961,136,825
108900273,382,2827,-2445
108900274,187,12,175
109000001,6631,4879,1752
109000002,944,4384,-3440
109000003,6784,820,5964
109000004,1027,2803,-1776
109000005,4120,1073,3047
109000006,1259,2189,-930
109000007,4295,1452,2843
109000008,1167,1707,-540
109000009,6989,2194,4795
109000010,1076,3858,-2782
109000011,8548,4190,4358
109000012,2291,3827,-1536
109000013,9895,9605,290
109000014,2801,2820,-19
109000015,5565,23828,-18263
109000016,6364,2927,3437
109000017,6259,2211,4048
109000018,2324,2560,-236
109000019,5033,2506,2527
109000020,1599,3155,-1556
109000023,556,33,523
109000024,6,223,-217
109000025,242,918,-676
109000026,1070,296,774
109000027,199,558,-359
109000028,226,103,123
109000029,87,628,-541
109000030,27,521,-494
109000031,628,178,450
109000032,186,776,-590
109000033,953,398,555
109000034,90,130,-40
109000035,13,66,-53
109000036,84,464,-380
109000037,584,5575,-4991
109000038,386,433,-47
109000039,1287,1423,-136
109000040,5706,26435,-20729
109000041,1749,5277,-3528
109000042,830,3229,-2399
109000044,803,178,625
109000045,145,442,-297
109000046,988,195,793
109000047,132,462,-330
109000048,588,750,-162
109000049,337,989,-652
109000050,535,585,-50
109000051,429,239,190
109000052,1176,699,477
109000053,834,116,718
109000054,285,636,-351
109000055,887,478,409
109000056,610,708,-98
109000057,2334,653,1681
109000058,453,160,293
109000059,258,1497,-1239
109000060,196,665,-469
109000061,631,3397,-2766
109000062,372,641,-269
109000063,425,359,66
109000064,1079,229,850
109000065,500,797,-297
109000066,1320,96,1224
109000067,195,632,-437
109000068,990,93,897
109000069,1037,32,1005
109000070,126,1286,-1160
109000071,671,78,593
109000072,108,341,-233
109000073,121,199,-78
109000074,22,243,-221
109000075,156,445,-289
109000076,133,551,-418
109000077,420,267,153
109000078,202,211,-9
109000079,307,94,213
109000080,511,139,372
109000081,261,507,-246
109000082,2007,198,1809
109000083,681,644,37
109000088,239,316,-77
109000089,555,194,361
109000090,188,317,-129
109000091,791,246,545
109000092,347,305,42
109000093,491,310,181
109000094,1837,4,1833
109000095,328,410,-82
109000096,2264,304,1960
109000097,79,103,-24
109000098,150,207,-57
109000099,1529,112,1417
109000100,744,584,160
109000101,3474,626,2848
109000102,1247,608,639
109000103,1439,898,541
109000104,5254,561,4693
109000105,1039,818,221
109000106,3855,739,3116
109000107,1084,1758,-674
109000108,4237,980,3257
109000109,1127,1329,-202
109000110,2517,873,1644
109000111,1426,1924,-498
109000112,967,266,701
109000113,504,814,-310
109000114,271,1179,-908
109000115,1449,22,1427
109000116,10,419,-409
109000117,513,33,480
109000118,22,253,-231
109000119,3740,127,3613
109000120,874,1019,-145
109000121,1257,50,1207
109000122,408,460,-52
109000123,47,69,-22
109000124,1973,560,1413
109000125,1782,558,1224
109000126,1155,729,426
109000127,2876,196,2680
109000128,1233,809,424
109000129,6635,773,5862
109000130,684,866,-182
109000131,1301,972,329
109000132,499,1674,-1175
109000133,392,595,-203
109000134,919,2530,-1611
109000135,660,2401,-1741
109000136,491,454,37
109000137,550,624,-74
109000138,1045,268,777
109000139,1418,794,624
109000140,453,385,68
109000141,1373,707,666
109000142,289,636,-347
109000143,270,198,72
109000145,148,320,-172
109000146,20,113,-93
109000148,3405,3581,-176
109000149,11,130,-119
109000150,73,374,-301
109000155,1572,1168,404
109000156,1632,340,1292
109000158,77,291,-214
109000159,171,905,-734
109000160,2946,305,2641
109000161,1261,1731,-470
109000162,4125,708,3417
109000163,2559,1709,850
109000164,3192,2545,647
109000165,3303,827,2476
109000166,2990,195,2795
109000167,326,743,-417
109000170,64,53,11
109000171,215,54,161
109000172,46,64,-18
109000173,39,333,-294
109000174,339,75,264
109000175,98,132,-34
109000176,1332,415,917
109000177,86,173,-87
109000178,2118,448,1670
109000179,4363,11088,-6725
109000180,5013,5080,-67
109000181,30,14,16
109000182,217,6,211
109000183,98,25,73
109000184,84,9,75
109000185,49,20,29
109000188,557,2858,-2301
109000189,6228,3647,2581
109000190,1436,652,784
109000191,583,579,4
109000192,1169,269,900
109000193,1247,142,1105
109000194,782,115,667
109000195,835,102,733
109000196,534,61,473
109000197,906,281,625
109000198,669,53,616
109000199,538,366,172
109000206,262,57,205
109000207,300,41,259
109000208,170,195,-25
109000209,222,139,83
109000210,370,587,-217
109000211,2295,806,1489
109000214,786,232,554
109000215,185,68,117
109000216,578,579,-1
109000217,235,846,-611
109000218,455,682,-227
109000221,214,850,-636
109000222,1037,290,747
109000223,1201,773,428
109000224,196,50,146
109000225,364,52,312
109000226,167,234,-67
109000227,4253,785,3468
109000228,1,703,-702
109000231,10,97,-87
109000232,1790,92,1698
109000236,510,584,-74
109000241,3042,1379,1663
109000242,1986,706,1280
109000293,154,425,-271
109000361,83,188,-105
109000364,166,1593,-1427
109000396,4,292,-288
109000397,1538,35,1503
109000399,236,372,-136
109000400,205,289,-84
109000403,51,2139,-2088
109000406,1320,73,1247
109000407,361,201,160
109000408,1,807,-806
109000410,1212,336,876
109000411,617,73,544
109900001,309,0,309
109900002,1661,13,1648
109900003,1088,2,1086
109900004,408,145,263
109900005,57,3,54
109900006,1217,79,1138
109900007,2745,92,2653
109900008,0,25,-25
109900009,344,317,27
109900010,1337,95,1242
109900011,43,93,-50
109900012,818,1902,-1084
109900013,729,597,132
109900014,833,187,646
109900015,225,143,82
109900016,229,12,217
109900017,686,537,149
109900018,441,44,397
109900019,467,238,229
109900020,151,63,88
109900021,133,35,98
109900022,290,563,-273
109900023,35,20,15
109900024,39,2,37
109900025,1,54,-53
109900026,2,133,-131
109900027,69,73,-4
109900028,635,4319,-3684
109900029,25,151,-126
109900030,72,41,31
109900031,0,628,-628
109900032,12,185,-173
109900033,2,700,-698
109900034,112,5,107
109900035,112,280,-168
109900036,38,68,-30
109900037,20,367,-347
109900038,118,345,-227
109900039,13,0,13
109900040,44,329,-285
109900041,61,393,-332
109900042,29,2585,-2556
109900044,127,401,-274
109900045,199,15,184
109900046,112,121,-9
109900047,397,340,57
109900048,2,239,-237
109900049,30,123,-93
109900050,0,48,-48
109900051,0,5,-5
109900052,108,254,-146
109900053,0,73,-73
109900054,1944,175,1769
109900055,123,262,-139
109900056,68,539,-471
109900057,3,69,-66
109900058,0,67,-67
109900059,2721,87,2634
109900060,1985,111,1874
109900061,80,124,-44
109900062,0,127,-127
109900063,17,572,-555
109900064,1376,137,1239
109900065,176,113,63
109900066,510,716,-206
109900067,0,129,-129
109900068,215,6,209
109900069,206,23,183
109900070,87,146,-59
109900071,91,29,62
109900072,67,90,-23
109900073,1241,164,1077
109900074,44,19,25
109900075,55,58,-3
109900076,49,59,-10
109900077,71,23,48
109900078,175,170,5
109900080,374,213,161
109900081,5,343,-338
109900082,228,188,40
109900083,59,55,4
109900084,44,256,-212
109900085,108,288,-180
109900086,214,1719,-1505
109900087,84,543,-459
109900089,1610,211,1399
109900090,331,763,-432
109900091,977,204,773
109900092,490,231,259
109900093,2610,248,2362
109900094,141,143,-2
109900095,79,211,-132
109900096,239,8,231
109900097,366,3,363
109900098,1060,78,982
109900099,730,7,723
109900100,104,0,104
109900101,1999,16,1983
109900102,1227,37,1190
109900103,48,105,-57
109900104,2165,140,2025
109900105,1244,58,1186
109900106,800,44,756
109900107,1999,67,1932
109900108,588,386,202
109900109,101,568,-467
109900110,174,231,-57
109900111,165,428,-263
109900112,240,293,-53
109900113,1335,764,571
109900114,1234,2825,-1591
109900115,270,196,74
109900117,2788,80,2708
109900118,252,264,-12
109900119,181,625,-444
109900120,174,24,150
109900121,485,411,74
109900122,1290,10,1280
109900123,28,74,-46
109900124,277,227,50
109900125,0,234,-234
109900126,973,21,952
109900128,761,100,661
109900130,4499,6947,-2448
109900131,128,115,13
109900132,31,71,-40
109900133,217,286,-69
109900134,70,529,-459
109900135,367,62,305
109900136,100,184,-84
109900137,510,477,33
109900140,367,181,186
109900142,3820,281,3539
109900145,9,1074,-1065
109900146,214,53,161
109900148,53,99,-46
109900149,98,55,43
109900150,110,81,29
109900151,12,37,-25
109900152,0,41,-41
109900153,5,573,-568
109900154,73,0,73
109900155,139,56,83
109900157,36,78,-42
109900158,97,137,-40
109900159,353,79,274
109900160,305,42,263
109900161,802,101,701
109900162,966,219,747
109900163,443,303,140
109900164,84,368,-284
109900165,470,18,452
109900166,2,97,-95
109900167,354,435,-81
109900168,246,698,-452
109900169,323,210,113
109900170,537,3066,-2529
109900171,726,182,544
109900172,622,726,-104
109900173,2849,4200,-1351
109900174,50,155,-105
109900175,153,221,-68
109900176,378,403,-25
109900177,105,128,-23
109900178,3,1010,-1007
109900179,6,271,-265
109900180,27,18,9
110000001,1073,606,467
110000002,729,1023,-294
110000003,856,1173,-317
110000004,488,916,-428
110000005,499,2978,-2479
110000006,421,370,51
110000007,323,176,147
110000008,37,423,-386
110000009,72,66,6
110000010,69,220,-151
110000011,77,60,17
110000012,1487,230,1257
110000013,105,1698,-1593
110000014,856,498,358
110000015,344,1224,-880
110000016,568,2726,-2158
110000017,3740,535,3205
110000018,3483,397,3086
110000019,19,179,-160
110000020,1798,479,1319
110000021,225,756,-531
110000022,2463,204,2259
110000023,23,225,-202
110000024,813,645,168
110000025,2228,17,2211
110000026,10,342,-332
110000027,678,3288,-2610
110000028,1873,695,1178
110000029,635,679,-44
110000030,746,706,40
110000031,417,315,102
110000032,2114,275,1839
110000033,411,550,-139
110000034,941,704,237
110000035,1184,579,605
110000036,2926,1046,1880
110000037,540,614,-74
110000038,632,1111,-479
110000039,1881,10783,-8902
110000040,508,493,15
110000041,497,3963,-3466
110000042,183,1095,-912
110000043,1268,628,640
110000044,53,1556,-1503
110000045,407,392,15
110000046,2,83,-81
110000047,13,312,-299
110000048,1,170,-169
110000049,3,26,-23
110000050,8,361,-353
110000051,23,15,8
110000052,112,35,77
110000053,25,13,12
110000054,116,2368,-2252
110000055,192,581,-389
110000056,110,498,-388
110000057,563,762,-199
110000058,2046,701,1345
110000059,1388,954,434
110000060,2343,1380,963
110000061,719,873,-154
110000062,762,1308,-546
110000063,90,425,-335
110000064,86,45,41
110000065,364,307,57
110000066,188,37,151
110000067,106,162,-56
110000068,634,147,487
110000069,1263,53,1210
110000071,1093,38,1055
110000073,40,14,26
110000075,46,181,-135
110000076,684,985,-301
110000077,456,2609,-2153
110000078,292,29,263
110000080,325,506,-181
110000081,100,419,-319
110000082,50,535,-485
110000083,459,350,109
110000084,2423,1875,548
110000085,1025,1387,-362
110000086,1278,4168,-2890
110000087,37,72,-35
110000088,254,417,-163
110000089,769,75,694
110000090,100,520,-420
110000091,1192,233,959
110000092,62,41,21
110000093,126,35,91
110000094,858,268,590
110000095,302,909,-607
110000096,1689,3367,-1678
110000097,1199,2531,-1332
110000098,3603,1150,2453
110000099,1499,2145,-646
110000100,3143,318,2825
110000101,237,232,5
110000102,181,39,142
110000104,576,633,-57
110000105,66,532,-466
110000106,895,737,158
110000107,195,434,-239
110000108,237,330,-93
110000109,350,466,-116
110000110,2995,4967,-1972
110000111,4989,4347,642
110000112,250,1824,-1574
110000113,124,5087,-4963
110000114,768,1194,-426
110000115,1092,568,524
110000116,148,89,59
110000117,820,327,493
110000118,1318,255,1063
110000119,1009,346,663
110000120,823,249,574
110000121,180,695,-515
110000122,415,370,45
110000123,1047,521,526
110000124,2,596,-594
110000125,1517,8,1509
110000126,467,34,433
110000127,2193,338,1855
110000128,27,776,-749
110000129,4,346,-342
110000130,610,809,-199
110000131,74,434,-360
110000132,0,459,-459
110000133,50,724,-674
110000134,48,455,-407
110000135,352,71,281
110000136,133,401,-268
110000137,1327,804,523
110000138,1895,796,1099
110000139,2908,561,2347
110000140,1287,1345,-58
110000143,938,484,454
110000144,2463,2663,-200
110000145,2167,2264,-97
110000146,1785,1851,-66
110000147,498,1967,-1469
110000148,1461,315,1146
110000151,600,2664,-2064
110000152,469,1124,-655
110000153,683,34,649
110000154,143,50,93
110000155,1127,2744,-1617
110000156,1280,2199,-919
110000157,1487,2983,-1496
110000160,665,408,257
110000161,537,400,137
110000166,1726,200,1526
110000167,3371,1166,2205
110000168,1271,1283,-12
110000169,1410,484,926
110000170,533,236,297
110000171,1839,131,1708
110000172,802,694,108
110000173,941,844,97
110000174,232,485,-253
110000175,2100,184,1916
110000176,130,1506,-1376
110000177,510,2781,-2271
110000178,622,4780,-4158
110000179,2116,416,1700
110000180,984,525,459
110000181,2321,510,1811
110000182,1010,173,837
110000183,8517,13888,-5371
110000184,566,6557,-5991
110000185,843,1224,-381
110000186,720,1588,-868
110000191,2613,114,2499
110000192,1045,25,1020
110000193,2525,24,2501
110000194,5,769,-764
110000195,1305,112,1193
110000196,1415,64,1351
110000197,241,61,180
110000198,130,148,-18
110000199,156,1068,-912
110000200,995,1306,-311
110000201,1682,3841,-2159
110000202,1584,691,893
110000203,538,761,-223
110000204,3,259,-256
110000205,643,32,611
110000206,621,1045,-424
110000207,2886,305,2581
110000208,336,560,-224
110000209,79,1024,-945
110000210,2679,805,1874
110000211,1688,1010,678
110000212,1017,2495,-1478
110000213,851,71,780
110000214,954,75,879
110000215,391,214,177
110000216,194,149,45
110000217,1253,193,1060
110000218,471,173,298
110000219,854,72,782
110000220,84,56,28
110000221,1415,30,1385
110000222,176,122,54
110000223,40,151,-111
110000224,5,5,0
110000225,366,1211,-845
110000226,588,99,489
110000227,1061,1901,-840
110000228,763,206,557
110000229,0,142,-142
110000230,906,1137,-231
110000231,511,691,-180
110000232,235,707,-472
110000233,252,1917,-1665
110000234,653,3093,-2440
110000235,2770,1380,1390
110000236,1574,594,980
110000237,4763,2387,2376
110000238,1371,2005,-634
110000239,3299,1653,1646
110000240,1,25,-24
110000242,0,13,-13
110000243,450,63,387
110000244,300,578,-278
110000245,83,468,-385
110000246,2083,700,1383
110000247,1572,3502,-1930
110000248,1350,984,366
110000249,216,25,191
110000250,33,182,-149
110000251,909,292,617
110000252,952,283,669
110000253,4119,557,3562
110000254,1102,695,407
110000255,198,729,-531
110000256,815,341,474
110000257,481,321,160
110000258,15,1088,-1073
110000259,474,53,421
110000260,101,116,-15
110000263,823,19,804
110000264,1097,445,652
110000265,2097,2816,-719
110000266,1395,2737,-1342
110000267,58,117,-59
110000268,498,325,173
110000269,5,113,-108
110000270,193,5,188
110000271,2641,362,2279
110000272,1803,2024,-221
110000273,1747,1644,103
110000274,466,5627,-5161
110000275,2720,1370,1350
110000276,526,1604,-1078
110000277,615,732,-117
110000278,810,971,-161
110000279,1089,878,211
110000280,1195,825,370
110000281,159,326,-167
110000282,161,35,126
110000283,14,105,-91
110000284,13,12,1
110000285,1,481,-480
110000286,1,2,-1
110000287,255,40,215
110000288,7,142,-135
110000289,643,4702,-4059
110000290,619,1119,-500
110000291,4679,1141,3538
110000292,1417,12528,-11111
110000293,1078,505,573
110000294,2461,2796,-335
110000295,230,918,-688
110000296,1397,693,704
110000297,4118,341,3777
110000298,151,469,-318
110000299,201,102,99
110000301,933,26,907
110000302,860,2823,-1963
110000303,960,43,917
110000304,390,367,23
110000305,2626,68,2558
110000306,534,954,-420
110000307,4510,16,4494
110000308,924,6,918
110000309,10,1154,-1144
110000310,1633,31,1602
110000311,3,681,-678
110000312,1010,82,928
110000313,3134,1844,1290
110000314,0,129,-129
110000315,2101,2081,20
110000316,774,1263,-489
110000317,206,2667,-2461
110000318,6,71,-65
110000319,9,38,-29
110000320,33,67,-34
110000321,54,98,-44
110000322,384,791,-407
110000323,1009,529,480
110000324,3936,1881,2055
110000325,1878,7369,-5491
110000327,640,386,254
110000328,99,1028,-929
110000333,2323,2431,-108
110000334,589,2064,-1475
110000335,893,880,13
110000336,737,2395,-1658
110000337,2830,1262,1568
110000338,835,726,109
110000339,718,520,198
110000340,149,445,-296
110000341,1225,521,704
110000342,218,18,200
110000343,0,16,-16
110000344,138,3123,-2985
110000345,263,3405,-3142
110000346,1901,2706,-805
110000347,2873,1191,1682
110000348,39,12,27
110000349,5,21,-16
110000350,217,3,214
110000351,2550,738,1812
110000352,1222,3223,-2001
110000353,4145,437,3708
110000354,2020,8846,-6826
110000355,393,43,350
110000356,1471,6,1465
110000357,1318,14,1304
110000361,200,35,165
110000362,210,38,172
110000363,1850,208,1642
110000364,753,625,128
110000365,246,2,244
110000366,1,432,-431
110000367,903,326,577
110000368,6,147,-141
110000369,191,17,174
110000373,1,1029,-1028
110000374,135,58,77
110000375,163,1429,-1266
110000376,25,81,-56
110000377,96,543,-447
110000378,30,760,-730
110000379,3106,4691,-1585
110000380,192,7,185
110000383,1,892,-891
110000384,1410,305,1105
110000385,0,262,-262
110000387,275,3,272
110000388,131,218,-87
110000389,2052,36,2016
110000391,1781,561,1220
110000396,533,235,298
110000397,291,87,204
110000398,26,67,-41
110000399,633,12,621
110000587,223,741,-518
110000589,438,224,214
110000640,338,27,311
110000652,16,885,-869
110000653,677,299,378
110000654,4,312,-308
110000656,0,257,-257
110000674,72,26,46
110000675,73,59,14
110000676,0,70,-70
110000679,80,1207,-1127
110000682,230,454,-224
110000683,375,445,-70
110000684,2,102,-100
110000685,10,29,-19
110000686,3,232,-229
110000687,14,7,7
110000688,62,2388,-2326
110000689,93,29,64
110000692,26,403,-377
110000693,40,1070,-1030
110000694,3,241,-238
110000695,278,1754,-1476
110000696,99,85,14
110900001,719,49,670
110900002,554,1119,-565
110900003,2971,265,2706
110900004,1175,34,1141
110900005,2249,9194,-6945
110900006,216,82,134
110900007,580,221,359
110900008,4,33,-29
110900009,552,945,-393
110900010,16,45,-29
110900011,65,132,-67
110900012,14,42,-28
110900013,2526,261,2265
110900014,510,83,427
110900015,416,1162,-746
110900016,154,54,100
110900017,1120,101,1019
110900018,478,59,419
110900019,913,49,864
110900020,447,232,215
110900021,184,887,-703
110900022,82,162,-80
110900023,101,739,-638
110900024,134,229,-95
110900025,58,320,-262
110900027,96,148,-52
110900028,68,84,-16
110900029,39,117,-78
110900030,69,130,-61
110900031,2,178,-176
110900032,0,43,-43
110900033,66,296,-230
110900035,33,929,-896
110900036,313,6,307
110900037,486,32,454
110900038,734,251,483
110900039,5,394,-389
110900040,502,5,497
110900041,57,31,26
110900042,239,94,145
110900043,4,69,-65
110900044,610,66,544
110900045,163,357,-194
110900046,10,113,-103
110900047,305,1288,-983
110900049,227,228,-1
110900050,61,6,55
110900051,56,116,-60
110900052,3,258,-255
110900053,470,31,439
110900054,97,355,-258
110900055,42,0,42
110900056,82,177,-95
110900057,2,140,-138
110900058,1050,236,814
110900059,1271,352,919
110900060,507,208,299
110900061,10,49,-39
110900062,413,106,307
110900063,157,75,82
110900064,33,0,33
110900065,86,123,-37
110900066,24,64,-40
110900067,300,1254,-954
110900068,349,208,141
110900069,12,10,2
110900070,401,73,328
110900071,210,1675,-1465
110900073,0,12,-12
110900074,1014,141,873
110900075,1086,147,939
110900077,2674,643,2031
110900078,360,8,352
110900079,1036,1523,-487
110900080,347,131,216
110900081,28,15,13
110900082,634,101,533
110900083,227,50,177
110900084,236,16,220
110900085,263,220,43
110900086,178,540,-362
110900087,873,438,435
110900088,14,1,13
110900090,109,214,-105
110900091,0,41,-41
110900093,289,181,108
110900095,179,27,152
110900097,60,10,50
110900098,91,107,-16
110900099,68,334,-266
110900100,0,16,-16
110900102,124,41,83
110900105,2889,129,2760
110900108,74,19,55
110900111,2572,144,2428
110900112,1207,22,1185
110900113,469,183,286
110900115,39,92,-53
110900116,2636,767,1869
110900118,177,7140,-6963
110900119,1906,193,1713
110900120,338,64,274
110900121,243,2,241
110900122,1000,404,596
110900125,720,1751,-1031
110900127,305,1714,-1409
110900128,99,410,-311
110900129,214,1506,-1292
110900130,449,673,-224
110900131,675,593,82
110900132,1061,170,891
110900133,203,629,-426
110900135,83,269,-186
110900136,595,50,545
110900137,8,1,7
110900138,498,1346,-848
110900139,4,616,-612
110900140,8,5,3
110900141,4,532,-528
110900142,119,279,-160
110900143,497,45,452
110900144,0,177,-177
110900145,334,257,77
110900146,206,845,-639
110900147,150,865,-715
110900148,1,492,-491
110900149,5,128,-123
110900150,60,13,47
110900151,4,92,-88
110900152,97,66,31
110900153,397,72,325
111000001,2206,1521,685
111000002,1239,779,460
111000003,4434,2254,2180
111000004,1856,2009,-153
111000005,1775,3618,-1843
111000006,1393,3920,-2527
111000007,7681,10745,-3064
111000008,5711,7144,-1433
111000009,733,1835,-1102
111000010,2983,520,2463
111000011,368,1102,-734
111000012,707,438,269
111000013,753,1831,-1078
111000014,3742,985,2757
111000017,22,1011,-989
111000018,242,446,-204
111000020,944,1264,-320
111000021,58,130,-72
111000023,297,235,62
111000025,4014,6333,-2319
111000029,244,191,53
111000030,45,62,-17
111000031,2414,908,1506
111000032,863,556,307
111000033,340,138,202
111000034,57,282,-225
111000037,2069,725,1344
111000038,2466,2943,-477
111000039,2837,2820,17
111000040,2224,1691,533
111000041,834,791,43
111000042,3637,3057,580
111000043,3748,11104,-7356
111000044,3216,1191,2025
111000045,5952,3211,2741
111000046,4490,2340,2150
111000047,4511,10861,-6350
111000049,1068,470,598
111000050,2221,890,1331
111000051,1117,1155,-38
111000052,936,1915,-979
111000053,338,795,-457
111000054,492,892,-400
111000055,1197,2140,-943
111000056,349,1717,-1368
111000057,210,222,-12
111000058,1405,126,1279
111000059,1395,580,815
111000060,10062,1595,8467
111000061,1709,590,1119
111000062,2176,1099,1077
111000063,2099,2007,92
111000064,1899,819,1080
111000065,2573,1384,1189
111000066,1552,644,908
111000067,2491,649,1842
111000068,1727,733,994
111000069,1838,2306,-468
111000070,1122,602,520
111000071,338,373,-35
111000072,2598,1244,1354
111000073,352,2629,-2277
111000074,3561,2567,994
111000075,1009,1099,-90
111000076,1587,1361,226
111000077,1299,1391,-92
111000078,2285,776,1509
111000079,1359,1080,279
111000080,1882,689,1193
111000081,2416,10503,-8087
111000082,1848,1059,789
111000084,1838,873,965
111000085,1907,1461,446
111000086,3422,1294,2128
111000087,1334,650,684
111000088,8645,8191,454
111000089,1466,765,701
111000090,880,1167,-287
111000091,1378,406,972
111000092,3907,991,2916
111000093,1875,1885,-10
111000094,3649,1834,1815
111000095,1945,5344,-3399
111000096,1225,14435,-13210
111000097,4519,1363,3156
111000098,558,1626,-1068
111000099,707,2302,-1595
111000100,850,2401,-1551
111000101,582,997,-415
111000102,458,683,-225
111000104,1999,836,1163
111000107,147,937,-790
111000109,1563,400,1163
111000110,2955,1255,1700
111000111,7697,733,6964
111000112,4896,527,4369
111000113,1017,4247,-3230
111000114,1891,10727,-8836
111000115,4461,1556,2905
111000116,1206,1296,-90
111000117,292,1247,-955
111000118,1233,1434,-201
111000119,3034,1163,1871
111000120,1217,1130,87
111000121,488,1495,-1007
111000122,703,877,-174
111000123,2395,1839,556
111000124,747,2995,-2248
111000125,646,1936,-1290
111000126,175,1296,-1121
111000127,2475,351,2124
111000128,5897,714,5183
111000129,7125,887,6238
111000130,6222,782,5440
111000131,6174,731,5443
111000132,3412,3123,289
111000133,456,179,277
111000134,702,68,634
111000135,131,284,-153
111000136,868,348,520
111000138,62,11,51
111000140,7,1,6
111000141,471,598,-127
111000142,3,64,-61
111000143,2,279,-277
111000144,7,756,-749
111000145,121,5,116
111000146,209,10,199
111000147,140,57,83
111000148,488,101,387
111000149,11,34,-23
111000150,177,16,161
111000151,63,99,-36
111000153,656,444,212
111000154,509,281,228
111000155,166,164,2
111000156,1426,511,915
111000157,359,670,-311
111000158,1259,938,321
111000159,4061,1609,2452
111000160,707,338,369
111000161,10,527,-517
111000162,17,63,-46
111000163,1786,1025,761
111000164,496,4678,-4182
111000165,943,295,648
111000166,584,159,425
111000167,161,284,-123
111000168,286,464,-178
111000169,675,430,245
111000170,537,349,188
111000171,772,496,276
111000172,357,651,-294
111000173,463,1094,-631
111000174,726,266,460
111000175,79,994,-915
111000176,1152,44,1108
111000177,1973,257,1716
111000178,3843,235,3608
111000179,624,127,497
111000180,433,411,22
111000181,4017,344,3673
111000182,480,261,219
111000183,421,680,-259
111000184,534,214,320
111000185,811,708,103
111000186,480,674,-194
111000187,473,195,278
111000188,1057,622,435
111000189,516,394,122
111000190,623,181,442
111000191,486,209,277
111000192,191,271,-80
111000193,450,191,259
111000194,38,532,-494
111000195,205,1912,-1707
111000196,103,118,-15
111000197,1571,188,1383
111000198,1331,184,1147
111000199,765,549,216
111000200,1361,819,542
111000201,1977,111,1866
111000202,1216,162,1054
111000203,965,398,567
111000204,461,3989,-3528
111000213,499,677,-178
111000214,2416,1368,1048
111000215,2205,1150,1055
111000217,3497,978,2519
111000218,3778,1433,2345
111000219,558,263,295
111000220,1286,941,345
111000221,490,302,188
111000224,39,163,-124
111000225,1237,649,588
111000226,249,7,242
111000227,21,5,16
111000228,13,1292,-1279
111000229,18,2419,-2401
111000230,318,171,147
111000231,2679,511,2168
111000232,1835,1442,393
111000233,3526,748,2778
111000234,412,1587,-1175
111000239,158,51,107
111000240,169,897,-728
111000241,197,136,61
111000242,784,103,681
111000243,407,520,-113
111000244,2022,856,1166
111000245,1558,655,903
111000246,1084,193,891
111000247,1282,471,811
111000248,1508,312,1196
111000249,1149,335,814
111000250,129,33,96
111000251,117,77,40
111000253,94,41,53
111000255,147,13,134
111000257,139,32,107
111000260,74,674,-600
111000261,3278,132,3146
111000271,54,509,-455
111000273,5945,1731,4214
111000274,2982,5694,-2712
111000275,443,97,346
111000276,504,1101,-597
111000277,538,325,213
111000278,625,243,382
111000291,3524,25255,-21731
111000298,942,334,608
111000299,1685,274,1411
111000300,87,693,-606
111000302,673,110,563
111000303,259,199,60
111000312,81,85,-4
111000315,4,62,-58
111000320,360,392,-32
111000321,748,296,452
111000322,1227,220,1007
111000323,636,135,501
111000324,604,209,395
111000325,54,68,-14
111000326,495,208,287
111000327,613,340,273
111000328,694,1978,-1284
111000329,17,54,-37
111000330,261,16,245
111000331,47,7,40
111000332,781,1220,-439
111000334,325,1206,-881
111000335,2538,372,2166
111000337,4014,338,3676
111000338,276,156,120
111000339,1812,290,1522
111000340,323,1672,-1349
111000341,3664,2566,1098
111000342,122,810,-688
111000344,2442,717,1725
111000345,373,93,280
111000346,15,109,-94
111000347,404,14,390
111000350,433,214,219
111000351,211,486,-275
111000352,475,215,260
111000353,210,193,17
111000354,1187,495,692
111000355,695,654,41
111000358,202,921,-719
111000360,391,204,187
111000361,324,91,233
111000546,2158,1464,694
111000547,875,1824,-949
111000548,508,279,229
111000549,439,371,68
111000550,43,2004,-1961
111000551,683,225,458
111000552,730,215,515
111000907,3476,31,3445
111000908,341,1,340
111000916,4996,544,4452
111000917,147,301,-154
111000918,455,559,-104
111000920,1750,16,1734
111000921,42,94,-52
111000922,1953,192,1761
111000924,70,535,-465
111000925,8663,3504,5159
111000926,1767,1612,155
111000927,3253,8493,-5240
111000928,4248,1981,2267
111000929,3382,1953,1429
111000930,2002,1943,59
111000931,2989,2541,448
111000932,3260,1588,1672
111000933,5063,5943,-880
111000934,2231,2019,212
111000935,5491,2083,3408
111000936,2570,1608,962
111000937,2387,2433,-46
111000938,1701,1218,483
111000939,1681,71,1610
111000940,1827,63,1764
111000941,635,1843,-1208
111000943,1092,199,893
111000944,310,236,74
111000945,518,2132,-1614
111001109,931,1930,-999
111001110,309,472,-163
111001111,328,21,307
111001112,94,11,83
111001113,4,1195,-1191
111001114,905,419,486
111001115,52,2835,-2783
111001116,5006,12278,-7272
111001117,591,4904,-4313
111001120,125,377,-252
111001121,761,114,647
111001122,554,143,411
111001123,654,215,439
111001124,262,86,176
111001125,9,564,-555
111900001,199,32,167
111900002,324,182,142
111900003,5,145,-140
111900004,18,39,-21
111900006,40,251,-211
111900007,862,22,840
111900008,1072,11,1061
111900009,933,34,899
111900010,37,399,-362
111900012,25,80,-55
111900013,118,52,66
111900014,2200,13905,-11705
111900015,0,88,-88
111900016,0,55,-55
111900017,0,18,-18
111900018,284,7,277
111900019,2,248,-246
111900020,1,53,-52
111900021,28,75,-47
111900022,33,57,-24
111900023,117,67,50
111900024,51,317,-266
111900025,0,190,-190
111900026,0,21,-21
111900027,34,222,-188
111900028,36,60,-24
111900029,86,22,64
111900030,97,505,-408
111900031,3,23,-20
111900032,0,49,-49
111900033,124,33,91
111900034,103,398,-295
111900035,142,751,-609
111900036,0,56,-56
111900038,118,318,-200
111900039,49,347,-298
111900040,1,78,-77
111900042,47,101,-54
111900043,1,125,-124
111900044,99,199,-100
111900046,29,156,-127
111900048,984,240,744
111900049,8,165,-157
111900050,398,45,353
111900051,1,49,-48
111900052,105,168,-63
111900053,585,4732,-4147
111900054,679,16,663
111900055,7,122,-115
111900056,126,582,-456
111900057,532,43,489
111900058,1556,245,1311
111900059,1723,1843,-120
111900060,722,7,715
111900061,0,79,-79
111900062,137,157,-20
111900063,632,108,524
111900064,31,82,-51
111900065,392,67,325
111900066,326,384,-58
111900067,4,309,-305
111900068,48,250,-202
111900069,180,28,152
111900070,661,100,561
111900071,0,147,-147
111900072,70,257,-187
111900073,3330,926,2404
111900074,6,245,-239
111900075,97,31,66
111900076,824,298,526
111900077,80,10,70
111900078,1120,143,977
111900079,72,106,-34
111900080,203,221,-18
111900082,476,99,377
111900083,697,133,564
111900084,245,9,236
111900085,117,188,-71
111900086,144,21,123
111900087,197,7,190
111900088,2069,92,1977
111900089,378,10,368
111900090,148,243,-95
111900091,1777,26,1751
111900092,246,1,245
111900093,1729,49,1680
111900094,445,4,441
111900095,910,128,782
111900096,747,6,741
111900097,188,0,188
111900098,1348,30,1318
111900099,186,0,186
111900100,201,26,175
111900101,374,11,363
111900102,1889,1281,608
111900103,162,367,-205
111900104,227,188,39
111900105,256,437,-181
111900106,404,18,386
111900110,3063,547,2516
111900111,522,54,468
111900112,572,10839,-10267
111900113,654,154,500
111900118,1351,103,1248
111900119,546,191,355
111900122,66,84,-18
111900123,12,42,-30
111900124,58,29,29
111900125,1231,212,1019
111900126,1336,16,1320
111900127,0,304,-304
111900128,104,345,-241
111900129,557,22,535
111900130,571,170,401
111900131,1507,9,1498
111900132,55,475,-420
111900133,17,317,-300
111900134,9,211,-202
111900135,13,65,-52
111900136,52,151,-99
111900137,28,43,-15
111900138,62,36,26
111900139,134,61,73
111900140,232,48,184
111900141,230,24,206
111900142,177,56,121
111900143,307,122,185
111900144,10,38,-28
111900145,0,169,-169
111900146,0,77,-77
111900147,53,327,-274
111900148,29,610,-581
111900149,16,250,-234
111900150,25,102,-77
111900151,18,119,-101
111900152,96,78,18
111900153,573,984,-411
111900154,47,1505,-1458
111900155,142,443,-301
111900156,83,121,-38
111900157,322,44,278
111900158,1681,179,1502
111900159,1145,182,963
111900160,851,7,844
111900161,821,3,818
111900162,267,826,-559
111900163,27,189,-162
111900164,314,83,231
111901113,1718,82,1636
111901114,913,780,133
111901115,905,7,898
111901116,263,1,262
111901117,52,246,-194
111901118,24,1645,-1621
111901119,418,109,309
111901121,23,100,-77
111901122,18,117,-99
111901123,1136,112,1024
111901124,771,43,728
111901125,2291,227,2064
111901127,1028,3192,-2164
111901128,36,157,-121
111901129,3,408,-405
111901130,14,95,-81
111901131,1,266,-265
111901132,217,84,133
111901133,327,2,325
111901134,423,7,416
111901135,89,20,69
111901136,154,55,99
111901137,0,56,-56
111901138,40,47,-7
111901139,10,33,-23
111901140,3,58,-55
111901141,3,107,-104
111901142,7,43,-36
111901143,0,150,-150
111901144,71,104,-33
111901145,109,1120,-1011
111901146,33,9,24
112000001,4495,1482,3013
112000002,1489,3045,-1556
112000003,6847,2034,4813
112000004,2137,522,1615
112000005,6667,7934,-1267
112000006,980,655,325
112000007,8943,5767,3176
112000008,7441,7362,79
112000009,4786,1625,3161
112000010,9080,8747,333
112000011,2323,1583,740
112000012,6197,8179,-1982
112000013,2008,3974,-1966
112000014,1287,6725,-5438
112000015,1381,4721,-3340
112000016,4444,8971,-4527
112000017,697,8500,-7803
112000024,1249,288,961
112000026,2494,1708,786
112000027,1171,1170,1
112000028,1057,1375,-318
112000029,1094,1151,-57
112000030,415,61,354
112000031,2394,6742,-4348
112000032,260,12,248
112000033,2062,6054,-3992
112000034,84,43,41
112000035,37,1949,-1912
112000036,258,3042,-2784
112000037,886,1628,-742
112000038,1445,2540,-1095
112000039,210,72,138
112000040,41,220,-179
112000041,509,455,54
112000042,1588,271,1317
112000050,2361,1732,629
112000051,2482,6253,-3771
112000054,2135,2043,92
112000057,1261,290,971
112000058,507,633,-126
112000059,1015,653,362
112000061,4746,958,3788
112000062,552,1977,-1425
112000063,300,4144,-3844
112000064,4564,4050,514
112000065,1437,2342,-905
112000066,4310,1948,2362
112000067,724,1052,-328
112000068,4830,3903,927
112000069,687,4931,-4244
112000070,2386,2142,244
112000071,1877,2754,-877
112000072,4855,1600,3255
112000073,1830,4486,-2656
112000074,1394,2859,-1465
112000075,1689,2661,-972
112000076,4802,3978,824
112000077,2167,593,1574
112000078,4170,1223,2947
112000079,3897,2199,1698
112000080,1396,1049,347
112000081,1405,2107,-702
112000082,2069,641,1428
112000083,1430,1347,83
112000084,1641,731,910
112000085,2840,1108,1732
112000086,3241,1379,1862
112000087,1392,263,1129
112000088,1781,269,1512
112000089,780,453,327
112000090,409,363,46
112000091,965,526,439
112000092,4010,1201,2809
112000093,2685,554,2131
112000094,1252,929,323
112000095,1550,490,1060
112000096,1253,860,393
112000097,4687,878,3809
112000098,519,650,-131
112000099,1204,3360,-2156
112000100,4340,1076,3264
112000101,1070,416,654
112000102,3196,640,2556
112000103,670,428,242
112000105,738,558,180
112000106,4650,513,4137
112000107,45,187,-142
112000108,1247,1290,-43
112000109,113,118,-5
112000110,4040,1090,2950
112000111,879,5164,-4285
112000112,3664,931,2733
112000113,1796,1966,-170
112000114,4389,1363,3026
112000115,705,480,225
112000116,938,1660,-722
112000117,2267,975,1292
112000118,853,998,-145
112000119,717,607,110
112000120,58,251,-193
112000121,634,270,364
112000122,1116,155,961
112000123,1809,257,1552
112000124,1153,244,909
112000125,694,769,-75
112000126,1372,212,1160
112000127,4097,3932,165
112000128,982,766,216
112000129,363,79,284
112000130,732,248,484
112000131,66,177,-111
112000132,331,238,93
112000133,739,128,611
112000134,1128,432,696
112000135,2742,1520,1222
112000136,1494,3935,-2441
112000137,3320,6986,-3666
112000138,2092,2491,-399
112000139,784,1862,-1078
112000140,385,906,-521
112000141,1968,734,1234
112000142,215,327,-112
112000143,3122,293,2829
112000144,637,710,-73
112000145,5347,563,4784
112000146,1197,1195,2
112000147,3925,2110,1815
112000148,1439,1618,-179
112000149,1103,1455,-352
112000150,1110,590,520
112000151,1013,250,763
112000152,1985,362,1623
112000153,651,208,443
112000154,287,1055,-768
112000155,381,232,149
112000157,580,1930,-1350
112000158,625,367,258
112000159,2566,531,2035
112000167,627,435,192
112000169,391,2524,-2133
112000173,2586,252,2334
112000175,973,442,531
112000176,1261,1506,-245
112000177,1646,613,1033
112000178,196,244,-48
112000179,833,67,766
112000180,871,299,572
112000181,1808,1064,744
112000182,4165,746,3419
112000183,74,22,52
112000184,946,489,457
112000185,2914,307,2607
112000187,8385,4937,3448
112000195,338,22,316
112000196,299,1,298
112000197,202,124,78
112000198,34,385,-351
112000199,882,650,232
112000202,1645,5,1640
112000216,70,227,-157
112000230,336,5,331
112000231,4,112,-108
112000256,118,1124,-1006
112000313,141,75,66
112000314,120,144,-24
112000337,375,2094,-1719
112000352,180,1165,-985
112000392,3219,705,2514
112000398,4450,1217,3233
112000399,1988,14081,-12093
112000400,2184,1313,871
112000401,1590,1194,396
112000402,6723,7553,-830
112000403,2870,13912,-11042
112000404,3331,2212,1119
112000405,6415,4937,1478
112000406,3609,1231,2378
112000407,17324,10818,6506
112000408,6724,2499,4225
112000409,1984,1766,218
112000410,336,416,-80
112000411,3485,2374,1111
112000412,679,419,260
112000413,5882,9143,-3261
112000414,337,31,306
112000415,233,53,180
112000416,7605,1562,6043
112000417,524,152,372
112000421,147,54,93
112000422,513,392,121
112000424,1687,6155,-4468
112000425,674,560,114
112000426,780,636,144
112000427,3,12,-9
112000428,922,304,618
112000429,3394,3253,141
112000430,4232,7858,-3626
112000431,255,559,-304
112000432,891,959,-68
112000433,449,757,-308
112000437,114,110,4
112900001,85,1,84
112900002,1856,212,1644
112900003,88,63,25
112900004,174,301,-127
112900005,793,134,659
112900006,78,87,-9
112900007,78,43,35
112900008,1,151,-150
112900009,784,371,413
112900010,1076,238,838
112900011,63,504,-441
112900012,1,23,-22
112900013,11,1506,-1495
112900014,13,94,-81
112900015,158,378,-220
112900016,4,827,-823
112900017,410,220,190
112900018,5,203,-198
112900019,49,193,-144
112900020,631,769,-138
112900021,3,107,-104
112900022,130,73,57
112900023,0,72,-72
112900024,23,93,-70
112900025,741,192,549
112900026,0,39,-39
112900027,113,307,-194
112900028,232,81,151
112900029,19,52,-33
112900030,243,55,188
112900031,8,2082,-2074
112900032,342,279,63
112900034,0,16,-16
112900035,5,318,-313
112900036,14,289,-275
112900037,684,430,254
112900038,1470,132,1338
112900039,9,221,-212
112900040,4,1572,-1568
112900041,1229,1457,-228
112900042,158,279,-121
112900043,49,67,-18
112900044,291,241,50
112900045,1363,225,1138
112900046,103,90,13
112900047,18,43,-25
112900049,785,72,713
112900050,31,580,-549
112900051,338,286,52
112900052,17,421,-404
112900053,188,354,-166
112900054,342,159,183
112900055,124,86,38
112900056,626,329,297
112900057,124,265,-141
112900058,321,1047,-726
112900059,287,1712,-1425
112900060,92,38,54
112900061,229,409,-180
112900062,147,79,68
112900063,32,30,2
112900064,182,86,96
112900065,20,57,-37
112900066,236,645,-409
112900067,450,58,392
112900068,49,179,-130
112900069,3707,2501,1206
112900071,60,23,37
112900072,473,10934,-10461
112900073,381,422,-41
112900074,270,723,-453
112900075,1676,3098,-1422
112900076,79,47,32
112900078,349,999,-650
112900079,462,128,334
112900080,473,9,464
112900081,80,767,-687
112900082,809,72,737
112900083,408,350,58
112900084,564,506,58
112900086,446,1,445
112900087,3249,279,2970
112900088,684,22,662
112900089,1173,91,1082
112900090,119,126,-7
112900091,799,39,760
112900092,94,2474,-2380
112900093,1702,65,1637
112900095,139,0,139
112900096,1371,673,698
112900097,108,343,-235
112900098,313,8,305
112900099,1939,81,1858
112900100,203,7,196
112900101,924,33,891
112900102,105,151,-46
112900103,434,13,421
112900104,353,9,344
112900105,48,0,48
112900106,1329,372,957
112900107,7,2,5
112900108,17,3,14
112900109,419,1,418
112900110,3272,76,3196
112900111,1560,12,1548
112900112,545,1,544
112900113,0,11,-11
112900114,896,24,872
112900115,4313,18,4295
112900116,332,11,321
112900117,81,58,23
112900118,22,62,-40
112900119,1248,31,1217
112900120,764,345,419
112900121,69,84,-15
112900122,5,72,-67
112900123,1050,74,976
112900124,16,28,-12
112900125,49,544,-495
112900126,192,63,129
112900127,1072,136,936
112900128,113,436,-323
112900129,2,660,-658
112900130,671,577,94
112900131,21,451,-430
112900132,645,609,36
112900133,9,1768,-1759
112900134,6,669,-663
112900135,214,356,-142
112900137,0,448,-448
112900138,34,58,-24
112900139,56,646,-590
112900141,1382,21,1361
112900142,124,838,-714
112900143,3,388,-385
112900144,4,505,-501
112900145,10,362,-352
112900146,4,816,-812
112900147,1,538,-537
112900148,64,0,64
112900149,316,278,38
112900151,1,20,-19
112900152,3553,362,3191
112900153,324,11349,-11025
112900154,0,30,-30
112900155,313,49,264
112900156,2025,464,1561
112900157,1253,24,1229
112900158,184,0,184
112900159,144,711,-567
112900160,71,242,-171
112900161,350,127,223
112900162,23,34,-11
112900163,43,81,-38
112900164,87,261,-174
112900165,59,94,-35
112900166,40,240,-200
112900167,9,1139,-1130
112900168,13,10,3
112900169,7,68,-61
112900170,223,123,100
112900172,67,24,43
112900173,100,184,-84
112900174,977,70,907
112900175,252,538,-286
112900176,10,63,-53
112900177,356,149,207
112900178,755,5506,-4751
112900179,60,488,-428
112900180,3885,1141,2744
112900181,2407,17,2390
112900182,181,335,-154
112900183,111,279,-168
112900184,572,472,100
112900185,174,1098,-924
112900186,1136,1415,-279
112900187,68,530,-462
112900188,789,3953,-3164
112900189,15,29,-14
112900190,25,224,-199
112900192,897,729,168
112900193,1201,489,712
112900194,153,27,126
112900195,1052,101,951
112900196,698,413,285
112900197,185,620,-435
112900199,1644,143,1501
112900200,1177,89,1088
112900201,310,308,2
112900202,1262,471,791
112900203,719,49,670
112900204,1123,507,616
112900205,12,4,8
112900206,35,43,-8
112900207,85,0,85
112900208,72,1671,-1599
112900209,138,235,-97
112900210,1,58,-57
112900211,131,2,129
112900212,5,16,-11
112900213,76,2,74
112900214,14,21,-7
112900215,17,34,-17
112900216,59,27,32
112900217,8,40,-32
112900218,156,2,154
112900219,219,25,194
112900220,10,0,10
112900221,98,73,25
112900222,1,241,-240
112900223,1682,43,1639
112900224,1513,207,1306
112900225,1380,236,1144
112900226,416,422,-6
112900227,2258,1312,946
112900228,188,47,141
112900229,873,9,864
112900230,12847,3909,8938
112900232,754,409,345
112900233,163,162,1
112900234,93,3,90
112900235,23,7,16
112900236,1578,24,1554
112900237,878,184,694
112900238,27,5,22
112900239,462,1340,-878
113000001,8910,6506,2404
113000002,10305,5231,5074
113000003,4377,2760,1617
113000004,4825,2542,2283
113000005,4263,2768,1495
113000006,2686,2107,579
113000007,5281,2558,2723
113000008,4161,2509,1652
113000009,2765,1450,1315
113000010,3400,1529,1871
113000011,2933,1584,1349
113000012,2708,1116,1592
113000013,868,614,254
113000014,1808,2318,-510
113000015,186,264,-78
113000016,436,960,-524
113000017,148,789,-641
113000018,664,45,619
113000019,324,487,-163
113000020,413,168,245
113000021,2759,1331,1428
113000022,1679,6535,-4856
113000025,288,477,-189
113000026,1313,1619,-306
113000027,1047,2501,-1454
113000028,687,4932,-4245
113000029,1567,1329,238
113000030,222,850,-628
113000031,359,332,27
113000032,263,529,-266
113000033,328,551,-223
113000034,320,181,139
113000035,55,71,-16
113000036,21,145,-124
113000037,34,68,-34
113000038,29,55,-26
113000039,79,421,-342
113000040,90,129,-39
113000042,1319,989,330
113000051,4306,4625,-319
113000052,4645,612,4033
113000053,1629,697,932
113000054,1716,1758,-42
113000055,4241,647,3594
113000056,3857,1484,2373
113000058,896,1623,-727
113000059,1211,394,817
113000060,1091,1109,-18
113000061,1296,1513,-217
113000062,671,566,105
113000063,911,61,850
113000064,296,251,45
113000065,290,546,-256
113000066,2019,213,1806
113000067,5934,968,4966
113000068,951,445,506
113000069,1102,589,513
113000070,4672,886,3786
113000071,1366,598,768
113000072,1953,910,1043
113000073,1078,2160,-1082
113000074,1496,536,960
113000075,2989,1049,1940
113000076,731,5348,-4617
113000077,975,1371,-396
113000078,584,2166,-1582
113000079,531,1756,-1225
113000080,1014,1811,-797
113000081,1699,2097,-398
113000082,1506,1543,-37
113000083,871,1531,-660
113000084,3118,1787,1331
113000085,1551,1017,534
113000086,1532,3880,-2348
113000087,1638,2551,-913
113000088,5040,2806,2234
113000089,1042,2444,-1402
113000090,162,1477,-1315
113000091,288,739,-451
113000094,2615,636,1979
113000095,428,1249,-821
113000096,220,1793,-1573
113000097,2507,973,1534
113000098,136,92,44
113000099,1806,824,982
113000100,298,832,-534
113000101,246,1426,-1180
113000102,1147,908,239
113000103,7619,622,6997
113000104,1422,5220,-3798
113000105,2099,1059,1040
113000106,1114,449,665
113000107,2570,1881,689
113000108,1984,1221,763
113000109,665,1748,-1083
113000110,13108,1409,11699
113000111,556,700,-144
113000112,2068,577,1491
113000113,4646,487,4159
113000114,297,1423,-1126
113000116,1198,431,767
113000117,1713,339,1374
113000118,48,1531,-1483
113000119,608,856,-248
113000120,125,767,-642
113000121,607,1979,-1372
113000124,702,271,431
113000125,49,2617,-2568
113000127,2234,310,1924
113000128,3810,403,3407
113000129,616,1378,-762
113000133,4976,817,4159
113000134,11,2575,-2564
113000135,7993,7413,580
113000137,1322,3228,-1906
113000139,359,262,97
113000140,129,134,-5
113000141,129,193,-64
113000142,235,704,-469
113000143,517,237,280
113000144,392,479,-87
113000145,159,151,8
113000146,133,57,76
113000147,383,52,331
113000148,390,126,264
113000149,277,204,73
113000150,589,537,52
113000151,102,53,49
113000152,75,341,-266
113000153,1600,358,1242
113000154,847,3568,-2721
113000155,838,1342,-504
113000156,348,471,-123
113000157,541,412,129
113000158,991,268,723
113000159,1895,392,1503
113000160,1038,539,499
113000161,599,256,343
113000162,1906,183,1723
113000163,258,43,215
113000164,60,64,-4
113000166,553,115,438
113000167,161,80,81
113000168,364,123,241
113000169,372,68,304
113000170,106,148,-42
113000171,80,147,-67
113000172,574,81,493
113000173,131,55,76
113000174,450,193,257
113000175,1267,98,1169
113000176,1275,106,1169
113000177,400,131,269
113000178,265,299,-34
113000179,649,91,558
113000180,1357,2942,-1585
113000181,1935,1202,733
113000182,181,1109,-928
113000183,376,945,-569
113000184,77,135,-58
113000189,415,1365,-950
113000190,324,279,45
113000192,462,8749,-8287
113000193,2057,5288,-3231
113000194,1295,7774,-6479
113000195,2089,7630,-5541
113000196,635,149,486
113000197,2504,6663,-4159
113000198,265,663,-398
113000199,3871,867,3004
113000201,1257,1189,68
113000202,27122,5095,22027
113000203,130,1213,-1083
113000204,513,10272,-9759
113000205,60,18,42
113000206,4,104,-100
113000207,174,44,130
113000208,34,137,-103
113000209,9,22,-13
113000210,3,28,-25
113000211,104,422,-318
113000212,40,62,-22
113000213,39,173,-134
113000214,384,577,-193
113000234,523,974,-451
113000410,43,288,-245
113000411,1803,3011,-1208
113000412,11289,1588,9701
113000413,1401,3604,-2203
113000414,5959,17197,-11238
113000415,3316,1965,1351
113000416,3144,2657,487
113000417,1368,1709,-341
113000418,7265,5064,2201
113000419,2765,2547,218
113000420,4005,6681,-2676
113000421,8284,9306,-1022
113000422,12154,13519,-1365
113000423,1704,7225,-5521
113000424,2951,17285,-14334
113000425,70,144,-74
113000428,48,58,-10
113000430,16,130,-114
113000432,5445,462,4983
113000433,112,1406,-1294
113000434,40,123,-83
113000435,42,151,-109
113000436,8,1207,-1199
113000437,4000,120,3880
113000438,974,45,929
113000439,77,87,-10
113000440,393,88,305
113000441,382,302,80
113000442,538,49,489
113000443,776,238,538
113000444,1096,72,1024
113000445,170,180,-10
113000446,189,303,-114
113000448,1603,781,822
113000449,502,1689,-1187
113000450,3680,6313,-2633
113000451,6030,844,5186
113000452,95,1199,-1104
113000453,32,1645,-1613
113000454,340,561,-221
113000455,17,3428,-3411
113000456,2664,2858,-194
113000468,1275,150,1125
113000469,72,402,-330
113000470,1178,21,1157
113000471,50,852,-802
113000472,112,420,-308
113000474,2848,1406,1442
113000475,2255,1113,1142
113000476,6133,3388,2745
113000477,9091,3398,5693
113000478,4280,4030,250
113000479,353,200,153
113000480,158,785,-627
113000484,0,0,0
113000485,0,0,0
113000486,0,0,0
113000487,0,0,0
113000488,0,0,0
113000489,0,0,0
113000490,0,0,0
113000491,0,0,0
113000492,0,0,0
113000493,0,0,0
113000495,592,160,432
113000496,244,239,5
113000499,0,0,0
113900001,41,4367,-4326
113900002,49,288,-239
113900003,7,607,-600
113900004,8,888,-880
113900005,17,1326,-1309
113900006,6,100,-94
113900007,119,190,-71
113900008,70,1,69
113900009,144,4,140
113900010,139,23,116
113900011,603,8,595
113900012,226,15,211
113900013,167,18,149
113900014,1823,10,1813
113900015,0,39,-39
113900016,57,0,57
113900017,19,45,-26
113900018,165,305,-140
113900019,483,40,443
113900020,410,7,403
113900022,168,7,161
113900023,84,0,84
113900024,342,80,262
113900025,700,109,591
113900026,186,0,186
113900027,26,115,-89
113900028,79,213,-134
113900029,314,96,218
113900030,981,7,974
113900031,93,6,87
113900032,99,0,99
113900033,249,52,197
113900035,111,0,111
113900036,159,115,44
113900037,368,462,-94
113900038,26,291,-265
113900039,608,37,571
113900040,16,41,-25
113900041,29,1,28
113900042,224,33,191
113900043,377,70,307
113900044,87,303,-216
113900045,373,1,372
113900046,234,1518,-1284
113900047,433,86,347
113900048,328,200,128
113900049,152,702,-550
113900050,600,630,-30
113900051,559,195,364
113900052,237,112,125
113900053,796,1496,-700
113900054,83,2,81
113900055,197,647,-450
113900056,167,46,121
113900057,30,71,-41
113900058,218,36,182
113900059,703,238,465
113900060,92,715,-623
113900061,1024,170,854
113900062,205,77,128
113900063,234,36,198
113900064,28,43,-15
113900065,1298,14,1284
113900066,1861,321,1540
113900067,686,1070,-384
113900068,542,1872,-1330
113900069,62,49,13
113900070,185,312,-127
113900071,278,16,262
113900072,249,66,183
113900073,1202,402,800
113900074,630,1782,-1152
113900075,1482,4737,-3255
113900076,210,57,153
113900077,78,114,-36
113900078,80,6,74
113900079,2,26,-24
113900080,961,373,588
113900081,227,98,129
113900082,506,479,27
113900083,1111,136,975
113900084,344,177,167
113900085,29,228,-199
113900086,221,46,175
113900087,153,119,34
113900088,283,158,125
113900089,683,52,631
113900090,1029,450,579
113900091,2,10,-8
113900092,31,289,-258
113900093,97,3519,-3422
113900094,1629,439,1190
113900095,220,334,-114
113900096,626,164,462
113900097,64,300,-236
113900098,1055,458,597
113900099,0,44,-44
113900100,1,4,-3
113900101,13,484,-471
113900102,151,321,-170
113900103,325,776,-451
113900104,239,535,-296
113900105,623,32,591
113900106,0,25,-25
113900107,3,9,-6
113900108,94,649,-555
113900109,398,480,-82
113900110,72,50,22
113900111,458,92,366
113900112,606,87,519
113900113,2286,698,1588
113900114,1,7,-6
113900115,2,7,-5
113900116,60,356,-296
113900117,49,87,-38
113900118,177,1665,-1488
113900119,97,325,-228
113900120,253,70,183
113900121,326,101,225
113900122,689,6767,-6078
113900123,1254,241,1013
113900124,0,82,-82
113900125,1708,301,1407
113900126,98,94,4
113900127,708,1196,-488
113900128,657,136,521
113900129,2,321,-319
113900130,0,189,-189
113900131,381,40,341
113900132,63,221,-158
113900133,34,34,0
113900135,546,688,-142
113900136,67,47,20
113900137,490,412,78
113900138,25,358,-333
113900139,502,611,-109
113900140,34,309,-275
113900141,1435,237,1198
113900142,188,62,126
113900143,23,116,-93
113900144,147,517,-370
113900145,589,236,353
113900146,443,234,209
113900148,73,369,-296
113900149,273,286,-13
113900150,354,220,134
113900151,678,231,447
113900152,66,232,-166
113900153,108,544,-436
113900154,1,146,-145
113900155,89,253,-164
113900156,584,376,208
113900157,99,786,-687
113900158,129,678,-549
113900159,7,221,-214
113900160,761,661,100
113900161,281,480,-199
113900162,307,722,-415
113900163,435,164,271
113900164,826,53,773
113900165,806,706,100
113900166,31,113,-82
113900167,722,41,681
113900168,58,69,-11
113900169,360,436,-76
113900171,559,64,495
113900172,9,139,-130
113900173,17,301,-284
113900174,835,619,216
113900175,417,168,249
113900176,564,391,173
113900177,309,235,74
113900178,505,341,164
113900179,54,203,-149
113900180,239,101,138
113900181,1795,311,1484
113900182,917,663,254
113900183,153,53,100
113900184,65,448,-383
113900185,124,54,70
113900186,265,23,242
113900187,49,87,-38
113900188,64,134,-70
113900189,469,307,162
113900190,244,119,125
113900191,76,128,-52
113900192,8,1629,-1621
113900193,8,218,-210
113900194,1931,497,1434
113900195,474,343,131
113900196,11,963,-952
113900197,2,86,-84
113900198,27,1110,-1083
113900199,56,400,-344
113900200,20,146,-126
113900201,0,60,-60
113900202,35,86,-51
113900203,0,19,-19
113900204,17,417,-400
113900205,4,56,-52
113900206,4,94,-90
113900207,0,54,-54
113900208,0,26,-26
113900209,0,24,-24
113900210,1800,1374,426
113900211,260,54,206
113900212,873,317,556
113900214,340,661,-321
113900215,83,207,-124
113900216,335,395,-60
113900217,270,86,184
113900218,95,149,-54
113900219,297,991,-694
113900220,194,346,-152
113900221,331,1025,-694
113900222,349,1393,-1044
113900223,498,302,196
113900224,60,92,-32
113900225,2251,199,2052
113900226,772,228,544
113900227,525,846,-321
113900228,222,992,-770
113900229,62,2286,-2224
113900230,3056,5145,-2089
113900231,271,88,183
113900232,422,33,389
113900233,250,98,152
113900234,737,633,104
113900235,186,38,148
113900236,518,86,432
113900237,297,204,93
113900238,221,999,-778
113900239,111,225,-114
113900240,3,367,-364
113900241,73,180,-107
113900242,17,419,-402
113900243,55,223,-168
113900244,155,196,-41
113900245,579,456,123
113900246,34,37,-3
113900247,105,951,-846
113900248,3253,3530,-277
113900249,401,837,-436
113900250,117,1386,-1269
113900251,2382,141,2241
113900252,2091,69,2022
113900253,1150,76,1074
113900254,752,315,437
113900255,1901,28,1873
113900256,922,41,881
113900257,49,384,-335
113900258,72,244,-172
113900259,1478,105,1373
113900260,577,37,540
113900261,85,82,3
113900262,340,250,90
113900263,19,429,-410
113900264,1,237,-236
113900265,216,856,-640
113900266,78,190,-112
113900267,79,1354,-1275
113900268,330,842,-512
113900269,299,216,83
113900270,399,560,-161
113900271,1070,462,608
113900273,13,20,-7
113900274,87,117,-30
113900275,14,424,-410
113900276,10,114,-104
113900277,584,16,568
113900278,188,232,-44
113900279,185,76,109
113900280,1655,692,963
113900281,191,1376,-1185
113900282,408,342,66
113900283,682,965,-283
113900284,2318,136,2182
113900285,162,16,146
113900286,58,23,35
113900287,262,21,241
113900288,3,300,-297
113900289,363,305,58
113900290,595,998,-403
113900291,135,92,43
113900292,0,16,-16
113900293,1,390,-389
113900294,1485,27,1458
113900295,680,744,-64
113900296,2958,386,2572
113900297,3643,88,3555
113900298,53,2852,-2799
113900299,290,13,277
113900300,7131,7163,-32
113900301,609,1506,-897
113900302,1766,1648,118
113900303,250,2490,-2240
113900304,2,176,-174
113900305,399,7,392
113900306,264,1,263
113900307,10,1,9
113900308,33,117,-84
113900309,1,437,-436
113900310,1,2,-1
113900311,58,1,57
113900312,237,337,-100
113900313,19,4,15
114000001,1431,1997,-566
114000002,912,398,514
114000003,311,274,37
114000004,1039,568,471
114000005,912,311,601
114000006,1786,1473,313
114000007,1389,1233,156
114000008,2877,2462,415
114000009,2502,439,2063
114000011,5114,2420,2694
114000012,7322,2131,5191
114000013,3768,1526,2242
114000014,1410,121,1289
114000015,4084,271,3813
114000016,899,119,780
114000017,248,1719,-1471
114000018,105,75,30
114000026,5094,1959,3135
114000027,6280,4555,1725
114000028,2993,6554,-3561
114000038,574,297,277
114000039,101,20,81
114000040,282,757,-475
114000042,346,283,63
114000043,77,52,25
114000044,653,27,626
114000045,21,34,-13
114000046,2363,5920,-3557
114000047,8,224,-216
114000048,220,50,170
114000049,3382,1938,1444
114000050,3202,2020,1182
114000051,5699,3143,2556
114000052,6069,4323,1746
114000053,49,887,-838
114000054,378,1168,-790
114000055,656,81,575
114000056,192,1435,-1243
114000057,4835,2272,2563
114000058,122,1991,-1869
114000059,76,2452,-2376
114000060,846,1404,-558
114000061,3664,5642,-1978
114000062,473,1682,-1209
114000063,1372,1308,64
114000064,2046,7366,-5320
114000065,1511,2585,-1074
114000066,1107,1330,-223
114000067,52,2127,-2075
114000068,578,1522,-944
114000069,2118,778,1340
114000070,4349,2076,2273
114000071,1681,991,690
114000072,1373,411,962
114000073,45,34,11
114000074,168,12,156
114000075,115,88,27
114000076,41,73,-32
114000077,7,4,3
114000078,824,623,201
114000079,481,75,406
114000080,256,140,116
114000081,124,172,-48
114000082,146,488,-342
114000083,210,97,113
114000084,461,193,268
114000085,117,305,-188
114000086,476,461,15
114000087,641,55,586
114000088,52,40,12
114000089,599,299,300
114000090,1223,1919,-696
114000091,1383,1408,-25
114000092,849,546,303
114000093,2213,678,1535
114000094,1179,756,423
114000095,399,323,76
114000096,99,477,-378
114000097,205,234,-29
114000098,1204,334,870
114000099,1900,165,1735
114000100,3122,441,2681
114000101,851,292,559
114000102,1197,394,803
114000103,190,170,20
114000104,50,331,-281
114000105,543,254,289
114000106,1277,4598,-3321
114000107,950,258,692
114000108,1261,928,333
114000109,1347,4523,-3176
114000110,827,1073,-246
114000111,4494,2240,2254
114000112,728,1129,-401
114000113,1859,524,1335
114000114,471,1056,-585
114000115,3019,922,2097
114000116,1416,8392,-6976
114000117,7170,1437,5733
114000118,7476,713,6763
114000119,6369,731,5638
114000120,1081,1078,3
114000121,959,850,109
114000122,716,488,228
114000123,4939,756,4183
114000124,2969,927,2042
114000125,1878,1682,196
114000126,3928,516,3412
114000127,435,196,239
114000128,1776,281,1495
114000130,1157,761,396
114000131,820,166,654
114000132,1119,339,780
114000133,868,1278,-410
114000134,197,91,106
114000138,124,177,-53
114000139,766,785,-19
114000144,1087,904,183
114000145,109,55,54
114000146,265,58,207
114000147,1800,3685,-1885
114000148,975,2999,-2024
114000149,515,806,-291
114000150,314,759,-445
114000151,859,3555,-2696
114000152,153,62,91
114000153,731,3752,-3021
114000154,723,973,-250
114000155,1384,6489,-5105
114000156,1161,1367,-206
114000157,607,3206,-2599
114000158,1482,887,595
114000159,169,464,-295
114000160,121,1014,-893
114000161,1382,3146,-1764
114000162,2189,3674,-1485
114000163,27,52,-25
114000165,919,682,237
114000166,516,937,-421
114000167,3280,1649,1631
114000168,882,277,605
114000169,1665,1424,241
114000170,1555,1353,202
114000171,2647,23081,-20434
114000174,431,340,91
114000176,376,805,-429
114000177,825,530,295
114000178,165,51,114
114000179,1289,1524,-235
114000180,314,303,11
114000181,1982,14744,-12762
114000182,1603,3540,-1937
114000183,1819,788,1031
114000184,3740,799,2941
114000185,2308,1315,993
114000189,3262,216,3046
114000190,6658,672,5986
114000191,196,815,-619
114000192,198,850,-652
114000193,258,1433,-1175
114000194,2975,1254,1721
114000195,500,531,-31
114000196,0,132,-132
114000197,4353,42,4311
114000198,1079,540,539
114000199,1651,1787,-136
114000200,1570,1666,-96
114000201,487,1113,-626
114000202,1530,915,615
114000203,1093,1070,23
114000204,258,696,-438
114000205,481,2914,-2433
114000206,1360,3632,-2272
114000207,762,2589,-1827
114000208,895,1504,-609
114000209,711,2067,-1356
114000210,408,934,-526
114000211,2157,2169,-12
114000212,1326,1755,-429
114000213,2834,565,2269
114000214,129,180,-51
114000215,280,177,103
114000216,3942,586,3356
114000217,668,248,420
114000218,856,223,633
114000219,3260,284,2976
114000220,64,954,-890
114000221,2365,329,2036
114000222,377,1032,-655
114000223,1374,231,1143
114000224,125,554,-429
114000225,735,359,376
114000226,516,266,250
114000227,1233,728,505
114000228,1404,815,589
114000229,2635,1759,876
114000230,2739,1291,1448
114000231,1569,2232,-663
114000232,2090,306,1784
114000233,4797,118,4679
114000234,2397,1111,1286
114000235,2957,1944,1013
114000236,0,457,-457
114000237,397,927,-530
114000238,240,634,-394
114000239,272,1259,-987
114000240,1494,2723,-1229
114000241,539,4058,-3519
114000242,1085,1276,-191
114000243,4551,1467,3084
114000244,1218,585,633
114000245,929,1571,-642
114000246,258,78,180
114000247,1015,1050,-35
114000248,3499,914,2585
114000249,923,791,132
114000250,1296,331,965
114000251,623,251,372
114000252,83,26,57
114000253,84,209,-125
114000254,98,159,-61
114000255,990,413,577
114000256,545,2833,-2288
114000257,1137,1350,-213
114000258,1059,859,200
114000259,397,2244,-1847
114000260,0,48,-48
114000261,68,62,6
114000262,692,282,410
114000263,67,3,64
114000264,3421,554,2867
114000265,0,1,-1
114000267,11,5802,-5791
114000268,3,913,-910
114000270,524,29,495
114000271,631,197,434
114000283,3590,610,2980
114000285,47,107,-60
114000288,327,613,-286
114000289,3342,211,3131
114000293,613,896,-283
114000294,522,665,-143
114000395,3662,33,3629
114000396,961,732,229
114000402,2280,244,2036
114000403,778,260,518
114000405,549,313,236
114000423,937,214,723
114000424,976,732,244
114000425,2314,193,2121
114000426,510,1390,-880
114000427,181,98,83
114000428,96,200,-104
114000429,7,166,-159
114000432,320,82,238
114000434,57,64,-7
114000435,20,83,-63
114900001,1368,388,980
114900002,624,170,454
114900003,1754,413,1341
114900004,346,1027,-681
114900005,1168,305,863
114900006,124,184,-60
114900007,409,37,372
114900008,856,187,669
114900010,1256,2977,-1721
114900011,675,166,509
114900013,644,192,452
114900015,158,1354,-1196
114900018,1430,94,1336
114900020,217,119,98
114900022,59,731,-672
114900024,316,181,135
114900025,984,135,849
114900026,135,135,0
114900027,500,196,304
114900029,29,14,15
114900030,551,303,248
114900031,1140,28,1112
114900032,1107,48,1059
114900033,1017,3999,-2982
114900034,29,45,-16
114900035,147,631,-484
114900036,539,358,181
114900037,141,122,19
114900038,657,361,296
114900039,1414,196,1218
114900040,239,22,217
114900041,2522,206,2316
114900042,3218,260,2958
114900043,461,172,289
114900044,260,96,164
114900046,50,111,-61
114900047,388,7628,-7240
114900048,68,126,-58
114900049,7,85,-78
114900050,186,164,22
114900051,38,152,-114
114900052,85,419,-334
114900053,158,471,-313
114900054,46,49,-3
114900057,359,42,317
114900058,0,39,-39
114900059,285,130,155
114900060,350,818,-468
114900061,127,49,78
114900062,309,546,-237
114900063,242,89,153
114900064,3595,184,3411
114900065,438,1251,-813
114900067,52,650,-598
114900068,27,84,-57
114900069,237,20,217
114900070,1012,223,789
114900072,0,378,-378
114900073,2,56,-54
114900074,1871,268,1603
114900075,390,17,373
114900076,6,225,-219
114900080,1071,179,892
114900082,2613,4498,-1885
114900083,521,1072,-551
114900090,1255,237,1018
114900091,177,166,11
114900095,559,94,465
114900096,187,513,-326
114900097,343,3,340
114900098,4,436,-432
114900099,443,24,419
115000001,7111,3638,3473
115000002,8696,9474,-778
115000003,6192,3288,2904
115000004,8842,10638,-1796
115000005,3277,4460,-1183
115000006,2816,3478,-662
115000007,535,461,74
115000008,826,2285,-1459
115000009,813,763,50
115000010,530,579,-49
115000013,42,340,-298
115000015,46,496,-450
115000016,254,465,-211
115000019,60,1093,-1033
115000020,446,2144,-1698
115000021,307,466,-159
115000022,632,239,393
115000023,699,729,-30
115000024,968,232,736
115000025,1382,922,460
115000026,266,298,-32
115000027,721,381,340
115000028,402,528,-126
115000029,1691,207,1484
115000030,857,979,-122
115000031,980,387,593
115000032,26,238,-212
115000033,321,22,299
115000034,193,1635,-1442
115000035,1215,184,1031
115000036,0,602,-602
115000037,860,83,777
115000038,93,261,-168
115000039,3790,8097,-4307
115000040,6550,3741,2809
115000041,3569,8271,-4702
115000042,843,1262,-419
115000043,5506,4821,685
115000044,4265,4841,-576
115000045,4780,1423,3357
115000046,5405,5210,195
115000047,5547,2652,2895
115000048,5909,2955,2954
115000049,3863,5154,-1291
115000050,5634,1572,4062
115000051,3307,9465,-6158
115000052,1802,1366,436
115000053,4995,4806,189
115000054,787,1743,-956
115000055,270,1737,-1467
115000056,145,502,-357
115000057,806,2423,-1617
115000058,82,721,-639
115000059,140,590,-450
115000061,240,422,-182
115000062,414,1004,-590
115000063,903,587,316
115000064,530,255,275
115000065,90,682,-592
115000067,591,83,508
115000069,248,422,-174
115000070,29,1943,-1914
115000071,132,35,97
115000072,4,34,-30
115000073,2997,128,2869
115000075,233,129,104
115000076,3222,2921,301
115000077,3980,1674,2306
115000078,3795,1263,2532
115000079,3662,1467,2195
115000080,7539,1750,5789
115000081,292,588,-296
115000082,11895,8735,3160
115000083,4300,1272,3028
115000084,5890,1285,4605
115000085,2452,1357,1095
115000086,2639,1340,1299
115000087,1075,3058,-1983
115000088,2552,1290,1262
115000089,2934,1619,1315
115000090,790,1377,-587
115000091,526,637,-111
115000092,1671,2075,-404
115000093,1327,1,1326
115000094,6676,14315,-7639
115000095,5506,14912,-9406
115000096,2201,1036,1165
115000097,3759,3416,343
115000098,3944,808,3136
115000099,4993,1934,3059
115000100,3507,598,2909
115000101,1239,1362,-123
115000102,973,314,659
115000103,820,676,144
115000105,260,156,104
115000106,1987,1135,852
115000107,377,347,30
115000108,3076,2363,713
115000109,5032,8500,-3468
115000110,2113,3498,-1385
115000111,535,998,-463
115000112,1184,1280,-96
115000113,564,1019,-455
115000114,1295,751,544
115000116,4236,2768,1468
115000117,2769,3621,-852
115000118,3431,2637,794
115000119,2815,3579,-764
115000120,1029,1468,-439
115000121,671,840,-169
115000122,1009,3095,-2086
115000123,2906,2818,88
115000124,1588,2277,-689
115000125,911,2608,-1697
115000126,258,1382,-1124
115000127,740,356,384
115000128,564,1765,-1201
115000129,377,1143,-766
115000130,828,808,20
115000131,1422,444,978
115000132,886,832,54
115000133,1544,779,765
115000134,577,1161,-584
115000135,259,630,-371
115000136,449,629,-180
115000137,97,452,-355
115000138,598,411,187
115000139,575,328,247
115000140,860,324,536
115000141,401,139,262
115000142,502,96,406
115000143,1744,1770,-26
115000144,757,100,657
115000145,422,287,135
115000146,875,1789,-914
115000147,667,1152,-485
115000148,858,995,-137
115000149,1570,442,1128
115000150,1426,951,475
115000151,2675,588,2087
115000152,1931,2152,-221
115000153,3229,713,2516
115000154,2028,341,1687
115000155,1617,2062,-445
115000156,1149,1705,-556
115000157,669,2776,-2107
115000158,849,956,-107
115000159,731,2046,-1315
115000160,1167,1215,-48
115000161,1568,563,1005
115000162,626,1656,-1030
115000163,747,877,-130
115000164,792,1073,-281
115000165,237,1167,-930
115000167,190,423,-233
115000168,646,1350,-704
115000169,483,2269,-1786
115000170,101,386,-285
115000171,346,966,-620
115000172,1336,1478,-142
115000173,587,2359,-1772
115000174,156,1317,-1161
115000175,330,489,-159
115000176,86,316,-230
115000177,57,371,-314
115000178,21,279,-258
115000179,28,151,-123
115000180,212,431,-219
115000181,1629,250,1379
115000182,2843,496,2347
115000183,914,967,-53
115000186,1370,251,1119
115000187,312,492,-180
115000188,967,753,214
115000189,609,611,-2
115000190,1593,1393,200
115000191,486,1168,-682
115000194,123,201,-78
115000195,237,671,-434
115000196,536,169,367
115000197,691,161,530
115000198,1243,233,1010
115000199,1215,121,1094
115000200,1049,330,719
115000201,540,323,217
115000206,1032,79,953
115000207,735,670,65
115000208,805,1571,-766
115000209,1777,1063,714
115000210,365,678,-313
115000211,750,377,373
115000212,1988,677,1311
115000224,308,104,204
115000225,266,82,184
115000229,312,92,220
115000230,226,717,-491
115000231,510,1261,-751
115000232,6242,701,5541
115000233,247,464,-217
115000234,79,487,-408
115000241,370,150,220
115000242,560,91,469
115000243,389,176,213
115000244,13,505,-492
115000246,74,57,17
115000247,29,65,-36
115000248,113,28,85
115000249,18,17,1
115000250,438,47,391
115000251,873,105,768
115000252,294,426,-132
115000253,38,1091,-1053
115000258,1158,87,1071
115000259,578,138,440
115000261,86,42,44
115000262,32,72,-40
115000263,56,54,2
115000264,21,67,-46
115000267,104,110,-6
115000268,33,120,-87
115000269,166,67,99
115000270,25,44,-19
115000272,243,133,110
115000273,1264,30,1234
115000280,2007,448,1559
115000281,418,901,-483
115000282,932,2252,-1320
115000284,190,513,-323
115000296,665,11,654
115000297,138,643,-505
115000298,94,1125,-1031
115000300,390,174,216
115000302,1444,262,1182
115000303,2417,107,2310
115000304,2238,184,2054
115000305,159,448,-289
115000306,557,387,170
115000307,343,379,-36
115000308,50,36,14
115000309,39,138,-99
115000310,4415,883,3532
115000311,2616,1625,991
115000313,537,388,149
115000314,1458,485,973
115000315,1870,1846,24
115000316,175,349,-174
115000317,424,946,-522
115000318,1939,803,1136
115000319,264,181,83
115000320,76,740,-664
115000321,1011,38,973
115000322,105,148,-43
115000449,251,314,-63
115000557,4,4282,-4278
115000558,173,292,-119
115000587,1621,529,1092
115000588,3557,4830,-1273
115000589,8255,5607,2648
115000590,1392,3563,-2171
115000591,2189,1893,296
115000592,704,3070,-2366
115000593,2506,2307,199
115000594,273,3731,-3458
115000609,650,215,435
115000617,688,3713,-3025
115000624,930,98,832
115000633,607,1719,-1112
115000634,5127,1024,4103
115000635,1301,242,1059
115000638,558,382,176
115000641,146,671,-525
115000642,539,360,179
115000643,186,352,-166
115000644,190,379,-189
115000646,1019,1983,-964
115000647,282,842,-560
115000648,6303,1252,5051
115000893,3599,1618,1981
115000894,199,1082,-883
115000895,383,1473,-1090
115000896,2121,966,1155
115000897,624,233,391
115000898,827,709,118
115000899,339,2650,-2311
115000900,127,947,-820
115000901,145,317,-172
115000912,886,126,760
115000913,2,9,-7
115000915,16,1,15
115000916,5,0,5
115000917,0,39,-39
115000918,129,1176,-1047
115000919,8,189,-181
115000920,21,177,-156
115000921,521,212,309
115000922,769,1887,-1118
115000923,79,3124,-3045
115000925,183,228,-45
115000927,81,174,-93
115000933,64,943,-879
115000934,173,235,-62
115000935,468,35,433
115000936,209,2263,-2054
115000937,1659,720,939
115000938,28,385,-357
115000939,17,180,-163
115900001,541,31,510
115900002,150,116,34
115900003,475,162,313
115900004,0,40,-40
115900005,427,25,402
115900006,291,269,22
115900008,263,4,259
115900009,111,850,-739
115900010,1045,145,900
115900011,811,383,428
115900012,630,15,615
115900013,551,227,324
115900014,288,189,99
115900015,495,108,387
115900016,172,85,87
115900017,115,50,65
115900018,276,42,234
115900019,293,38,255
115900020,158,2,156
115900021,1020,604,416
115900022,1666,10,1656
115900023,5,20,-15
115900025,47,521,-474
115900026,1132,185,947
115900027,2,222,-220
115900028,251,56,195
115900029,42,201,-159
115900030,71,42,29
115900031,60,523,-463
115900032,603,1190,-587
115900033,0,133,-133
115900034,39,159,-120
115900035,85,49,36
115900036,100,5398,-5298
115900037,115,160,-45
115900038,104,53,51
115900039,460,144,316
115900041,164,2198,-2034
115900042,53,22,31
115900043,289,56,233
115900044,341,1247,-906
115900046,1457,157,1300
115900047,67,297,-230
115900049,463,217,246
115900051,1,31,-30
115900052,120,88,32
115900053,1205,96,1109
115900054,561,27,534
115900055,35,78,-43
115900056,604,165,439
115900057,20,85,-65
115900058,5,59,-54
115900060,164,215,-51
115900061,692,18,674
115900062,131,119,12
115900063,61,6,55
115900064,483,439,44
115900065,437,126,311
115900066,88,179,-91
115900067,38,77,-39
115900068,1414,2526,-1112
115900069,129,346,-217
115900070,421,56,365
115900071,0,143,-143
115900072,30,163,-133
115900073,263,252,11
115900074,5,58,-53
115900075,100,213,-113
115900076,26,16,10
115900077,3,47,-44
115900078,64,994,-930
115900079,957,19,938
115900080,195,139,56
115900081,128,28,100
115900082,244,1802,-1558
115900084,1200,16,1184
115900085,59,154,-95
115900086,1679,889,790
115900088,2,199,-197
115900089,1050,319,731
115900090,1347,18,1329
115900091,4,126,-122
115900092,99,57,42
115900093,13,28,-15
115900094,7,48,-41
115900096,7,3,4
115900097,41,96,-55
115900098,867,203,664
115900099,147,801,-654
115900100,48,294,-246
115900101,925,179,746
115900102,149,230,-81
115900103,741,108,633
115900104,180,142,38
115900105,415,307,108
115900106,319,6,313
115900107,152,88,64
115900108,363,17,346
115900109,22,292,-270
115900110,68,1,67
115900111,0,79,-79
115900112,169,472,-303
115900113,130,136,-6
115900114,64,86,-22
115900115,186,142,44
115900116,325,588,-263
115900117,279,67,212
115900118,0,72,-72
115900119,272,79,193
115900120,72,280,-208
115900121,593,228,365
115900124,233,1551,-1318
115900125,1071,326,745
115900126,2021,90,1931
115900127,1942,103,1839
115900128,6,327,-321
115900129,1057,59,998
115900130,28,1760,-1732
115900131,871,43,828
115900132,1489,15,1474
115900134,759,17,742
115900135,1486,928,558
115900137,19,2,17
115900139,17,122,-105
115900140,815,61,754
115900141,3,103,-100
115900142,1,58,-57
115900143,645,508,137
115900144,685,282,403
115900146,29,106,-77
115900147,354,579,-225
115900148,21,33,-12
115900149,493,21,472
115900150,206,37,169
115900151,202,151,51
115900152,449,143,306
115900153,369,119,250
115900154,652,706,-54
115900155,0,22,-22
115900156,1210,1353,-143
115900157,710,983,-273
115900158,21,19,2
115900159,730,355,375
115900160,12,56,-44
115900161,57,143,-86
115900163,798,216,582
115900164,1976,20,1956
115900165,5,482,-477
115900166,155,203,-48
115900168,544,185,359
115900171,243,415,-172
115900172,145,217,-72
115900173,435,140,295
115900174,211,444,-233
115900175,412,296,116
115900178,18,172,-154
115900179,742,12,730
115900180,264,83,181
115900181,738,91,647
115900182,1423,70,1353
115900183,32,283,-251
115900184,620,35,585
115900187,9,587,-578
115900189,0,343,-343
115900190,456,1968,-1512
115900191,62,348,-286
115900192,82,267,-185
115900193,254,568,-314
115900194,2088,81,2007
115900195,992,5964,-4972
115900198,998,420,578
115900199,706,106,600
115900200,521,157,364
115900201,326,559,-233
115900202,1,338,-337
115900203,1,25,-24
115900204,1,27,-26
115900205,23,5,18
115900206,838,210,628
115900207,153,5,148
115900208,335,100,235
115900209,10,156,-146
115900210,4,542,-538
115900211,0,181,-181
115900212,494,247,247
115900213,177,393,-216
115900214,1473,150,1323
115900215,29,523,-494
115900216,6,75,-69
115900217,12,23,-11
115900218,2,45,-43
115900219,405,7,398
115900220,620,16,604
115900221,220,13,207
115900222,142,65,77
115900223,11,828,-817
115900224,1307,3768,-2461
115900225,150,61,89
115900226,38,127,-89
115900227,26,85,-59
115900228,15,126,-111
115900229,120,117,3
115900230,176,67,109
115900231,280,9,271
115900232,215,2,213
115900233,333,13,320
115900234,176,91,85
115900235,104,88,16
115900236,45,874,-829
115900237,92,97,-5
115900238,37,38,-1
115900239,14,84,-70
115900240,67,68,-1
115900241,511,27,484
115900242,957,999,-42
115900243,15,10,5
115900244,28,14,14
115900245,139,39,100
115900246,13,6,7
115900247,4,22,-18
115900248,7,1,6
115900249,9,5,4
115900250,37,3,34
115900251,15,3,12
115900252,19,1,18
115900253,71,11,60
115900254,20,46,-26
115900255,3,73,-70
115900256,118,123,-5
115900257,21,81,-60
115900258,0,6,-6
115900259,4,12,-8
115900260,38,23,15
115900261,17,3,14
115900262,7,7,0
115900263,40,3,37
115900264,32,0,32
115900265,3,1,2
115900266,5,4,1
115900267,2,14,-12
115900268,6,27,-21
115900269,1852,409,1443
115900270,728,160,568
115900271,420,1,419
115900272,170,50,120
115900273,21,80,-59
115900274,9,4,5
115900275,27,10,17
115900276,2,15,-13
115900277,0,49,-49
115900278,114,99,15
115900279,65,453,-388
115900280,68,1882,-1814
115900281,172,425,-253
115900282,66,77,-11
115900283,69,6,63
115900284,37,1,36
116000001,13259,3598,9661
116000002,9971,26860,-16889
116000003,2011,2933,-922
116000004,7070,10662,-3592
116000005,1417,8301,-6884
116000006,5352,11012,-5660
116000007,2572,5470,-2898
116000008,9800,5986,3814
116000009,1327,1276,51
116000010,5927,2999,2928
116000011,979,1257,-278
116000012,4220,2107,2113
116000013,6347,9127,-2780
116000014,19744,40894,-21150
116000015,379,3809,-3430
116000016,8897,10928,-2031
116000017,121,1250,-1129
116000018,889,863,26
116000019,3364,484,2880
116000020,1108,2284,-1176
116000021,2092,402,1690
116000022,1241,708,533
116000023,3181,2460,721
116000024,1280,1777,-497
116000025,1835,1716,119
116000026,1934,7692,-5758
116000027,826,1545,-719
116000028,789,1773,-984
116000029,636,554,82
116000030,992,1239,-247
116000031,78,273,-195
116000032,621,161,460
116000033,1389,967,422
116000034,1228,1409,-181
116000035,1216,424,792
116000036,549,4717,-4168
116000037,204,762,-558
116000038,134,2313,-2179
116000039,472,1752,-1280
116000040,700,2756,-2056
116000041,161,1810,-1649
116000042,1651,1850,-199
116000043,299,606,-307
116000044,6,22,-16
116000045,1839,2370,-531
116000046,1403,2905,-1502
116000047,4090,5365,-1275
116000048,5762,1836,3926
116000049,3492,3943,-451
116000050,2813,2086,727
116000051,4475,4186,289
116000052,5289,4465,824
116000053,4252,1535,2717
116000054,2161,3637,-1476
116000055,2121,1693,428
116000056,3361,2223,1138
116000057,4679,1607,3072
116000058,9256,5445,3811
116000059,4485,7673,-3188
116000060,5522,2794,2728
116000061,810,1977,-1167
116000062,1220,781,439
116000063,979,3609,-2630
116000066,793,1193,-400
116000067,664,627,37
116000068,267,709,-442
116000069,877,343,534
116000078,1060,1359,-299
116000080,2873,656,2217
116000082,21,14,7
116000083,3844,563,3281
116000084,1740,2188,-448
116000085,3023,3150,-127
116000086,1088,694,394
116000087,5264,2861,2403
116000088,3028,1458,1570
116000089,333,193,140
116000090,338,256,82
116000091,239,1501,-1262
116000093,1344,331,1013
116000094,2648,769,1879
116000095,1267,847,420
116000096,4340,5718,-1378
116000097,1958,828,1130
116000098,140,22526,-22386
116000099,11282,913,10369
116000100,698,82,616
116000101,2866,1213,1653
116000102,489,917,-428
116000103,1392,600,792
116000104,367,1635,-1268
116000105,3496,231,3265
116000106,839,4687,-3848
116000107,5504,1259,4245
116000108,73,2146,-2073
116000111,303,38,265
116000113,227,183,44
116000114,32,109,-77
116000115,549,182,367
116000116,371,264,107
116000117,2442,2007,435
116000118,3613,1327,2286
116000119,6897,2066,4831
116000120,4660,2831,1829
116000121,1806,713,1093
116000122,1215,832,383
116000123,2472,1009,1463
116000124,879,525,354
116000125,6108,972,5136
116000126,618,657,-39
116000127,1422,692,730
116000128,3866,1156,2710
116000129,2735,185,2550
116000130,2029,1036,993
116000133,3861,1213,2648
116000134,2303,1375,928
116000135,5452,1826,3626
116000136,1362,2123,-761
116000137,2220,1574,646
116000138,2332,905,1427
116000139,3789,9826,-6037
116000140,390,593,-203
116000141,1120,591,529
116000142,4585,2511,2074
116000143,4216,1791,2425
116000144,3594,2730,864
116000145,4826,1370,3456
116000146,1996,200,1796
116000147,515,689,-174
116000148,2040,3086,-1046
116000149,1405,1536,-131
116000151,996,1387,-391
116000153,289,581,-292
116000155,426,901,-475
116000156,1893,884,1009
116000157,156,14,142
116000158,1015,192,823
116000159,11,23,-12
116000160,126,99,27
116000161,6,158,-152
116000162,219,477,-258
116000163,180,94,86
116000164,79,176,-97
116000177,205,1923,-1718
116000194,139,632,-493
116000195,3320,988,2332
116000196,291,16,275
116000197,91,94,-3
116000198,3235,2009,1226
116000200,1502,1507,-5
116000201,1043,984,59
116000202,22,507,-485
116000203,0,34,-34
116000204,11,7,4
116000205,1,152,-151
116000206,1,354,-353
116000207,43,172,-129
116000233,279,903,-624
116000287,674,157,517
116000288,732,421,311
116000292,229,297,-68
116000296,11,81,-70
116000297,249,12,237
116000304,634,24,610
116000305,61,242,-181
116000346,494,330,164
116000352,354,327,27
116000354,102,142,-40
116000357,46,45,1
116000358,1227,317,910
116000361,76,6,70
116000372,5852,15290,-9438
116000381,371,1,370
116000388,4,112,-108
116000389,1774,506,1268
116000445,1902,356,1546
116000446,1289,364,925
116000447,75,1155,-1080
116000448,877,112,765
116000563,1086,1266,-180
116000565,77,247,-170
116000568,82,1168,-1086
116000579,21,114,-93
116000584,167,7,160
116000585,147,60,87
116000586,102,171,-69
116000587,562,439,123
116000589,109,60,49
116000590,316,204,112
116000591,639,367,272
116000592,2,24,-22
116000593,1,14,-13
116000594,3026,163,2863
116000595,1670,101,1569
116000596,387,12,375
116000597,1463,656,807
116000598,65,116,-51
116000602,71,1565,-1494
116000605,283,320,-37
116000606,139,1743,-1604
116000607,1,209,-208
116000609,128,2806,-2678
116000611,548,207,341
116000612,3394,2720,674
116000613,1336,475,861
116000614,999,304,695
116000615,3,1046,-1043
116000616,179,108,71
116000617,381,42,339
116000618,20,105,-85
116000619,56,254,-198
116000620,763,262,501
116000621,207,137,70
116000622,285,118,167
116000624,176,570,-394
116000627,228,35,193
116000628,264,262,2
116000629,75,324,-249
116000630,2388,63,2325
116000631,1988,52,1936
116000632,2167,106,2061
116000633,67,263,-196
116000634,1424,36,1388
116000635,3645,6765,-3120
116000636,637,3222,-2585
116000637,1137,31,1106
116000638,5,196,-191
116900001,871,480,391
116900002,414,18,396
116900003,106,13,93
116900004,121,230,-109
116900005,582,40,542
116900006,172,622,-450
116900007,271,582,-311
116900008,1799,192,1607
116900009,15,37,-22
116900010,1,799,-798
116900011,75,224,-149
116900012,512,719,-207
116900013,11,66,-55
116900014,384,67,317
116900015,1434,114,1320
116900016,360,5,355
116900017,6,570,-564
116900018,225,205,20
116900019,2,146,-144
116900020,757,4059,-3302
116900023,129,21,108
116900024,1918,45,1873
116900025,3065,981,2084
116900026,166,815,-649
116900027,150,92,58
116900028,13,40,-27
116900029,2,337,-335
116900031,5,7,-2
116900032,1,97,-96
116900033,40,13,27
116900034,83,21,62
116900035,316,373,-57
116900036,23,215,-192
116900038,29,6,23
116900041,275,35,240
116900042,374,202,172
116900043,26,89,-63
116900047,54,418,-364
116900049,76,450,-374
116900050,67,304,-237
116900051,859,17,842
116900052,465,109,356
116900055,1,158,-157
116900057,36,174,-138
116900058,35,365,-330
116900059,0,41,-41
116900060,720,630,90
116900062,1,57,-56
116900064,162,214,-52
116900065,18,146,-128
116900067,383,77,306
116900068,213,149,64
116900070,8,21,-13
116900072,30,152,-122
116900073,14,98,-84
116900074,6,68,-62
116900076,85,155,-70
116900077,14,39,-25
116900078,148,40,108
116900079,104,208,-104
116900080,2,51,-49
116900081,347,1083,-736
116900082,143,1562,-1419
116900083,27,18,9
116900084,82,70,12
116900085,22,104,-82
116900086,74,405,-331
116900088,661,58,603
116900090,25,45,-20
116900091,1413,55,1358
116900092,175,486,-311
116900093,4986,1735,3251
116900094,6778,10719,-3941
116900095,689,846,-157
116900096,206,769,-563
116900097,1764,7553,-5789
116900098,1718,680,1038
116900099,368,1780,-1412
116900100,2138,219,1919
116900101,367,1187,-820
116900103,86,1,85
116900104,24,784,-760
116900105,780,389,391
116900106,6633,169,6464
116900107,2033,5688,-3655
116900110,37,0,37
116900111,1746,378,1368
116900112,385,418,-33
116900113,2143,6908,-4765
116900116,42,1615,-1573
116900117,506,949,-443
116900118,2455,1240,1215
116900120,821,111,710
116900121,449,68,381
116900122,2148,426,1722
116900123,1527,415,1112
116900124,194,455,-261
116900125,1317,149,1168
116900126,214,1251,-1037
116900128,8,76,-68
116900129,1,337,-336
116900130,2356,9555,-7199
116900131,195,428,-233
116900132,196,126,70
116900133,447,314,133
116900134,598,440,158
116900136,531,446,85
116900137,356,273,83
116900138,208,114,94
116900139,75,345,-270
116900140,273,118,155
116900141,717,167,550
116900142,16,66,-50
116900143,781,176,605
116900144,152,33,119
116900145,175,632,-457
116900147,267,3139,-2872
116900148,1,42,-41
116900149,77,571,-494
116900150,16,17,-1
116900151,218,86,132
116900153,254,228,26
116900154,282,1008,-726
116900155,104,266,-162
116900157,1798,74,1724
116900158,169,482,-313
116900159,233,950,-717
116900160,1721,1174,547
116900161,7063,19509,-12446
116900162,68,137,-69
116900163,568,85,483
116900164,225,102,123
116900165,1429,710,719
116900166,192,56,136
116900167,869,45,824
116900168,1200,62,1138
116900169,351,3538,-3187
116900170,1202,598,604
116900171,101,200,-99
116900172,169,1063,-894
116900173,729,13,716
116900174,49,314,-265
116900175,535,966,-431
116900178,188,132,56
116900179,18,763,-745
116900180,130,20,110
116900182,1881,507,1374
116900183,424,231,193
116900185,45,59,-14
116900186,283,104,179
116900187,113,195,-82
116900188,316,49,267
116900189,73,0,73
116900191,228,527,-299
116900192,679,215,464
116900194,220,3097,-2877
116900195,80,17,63
116900196,42,34,8
116900197,264,37,227
116900198,73,1301,-1228
116900200,136,2,134
116900201,476,9,467
116900202,124,26,98
116900203,302,22,280
116900204,41,488,-447
116900206,39,0,39
116900207,44,73,-29
116900208,5,83,-78
116900209,90,28,62
116900210,1323,628,695
116900211,420,28,392
116900212,245,8,237
116900213,564,226,338
116900214,748,486,262
116900215,139,87,52
116900216,643,358,285
116900218,1,336,-335
116900219,375,216,159
116900220,160,522,-362
116900221,497,481,16
116900222,706,397,309
116900223,70,254,-184
116900226,414,34,380
116900227,679,47,632
116900228,723,320,403
116900230,95,102,-7
116900231,132,257,-125
116900232,85,434,-349
116900233,568,182,386
116900234,55,13,42
116900235,419,245,174
116900238,874,311,563
116900239,10,1156,-1146
116900240,6564,7328,-764
116900241,158,139,19
116900242,451,2340,-1889
116900243,0,46,-46
116900245,99,69,30
116900246,118,47,71
116900247,1676,63,1613
116900248,122,25,97
116900249,1284,153,1131
116900250,999,109,890
116900251,595,2379,-1784
116900252,531,2453,-1922
116900253,277,118,159
116900254,185,248,-63
116900255,231,248,-17
116900256,1454,248,1206
116900257,240,801,-561
116900258,25,59,-34
116900259,597,27,570
116900260,3,32,-29
116900261,182,5,177
116900262,321,510,-189
116900263,12,14,-2
116900264,2,5,-3
116900265,411,0,411
116900266,39,19,20
116900267,19,0,19
116900268,56,304,-248
116900269,654,2719,-2065
116900271,1006,1295,-289
116900272,1145,700,445
116900273,53,1426,-1373
116900274,364,126,238
116900275,883,93,790
116900276,694,1155,-461
116900277,304,127,177
116900278,11,8,3
116900279,7,55,-48
116900280,197,40,157
116900281,4978,12722,-7744
116900282,5,16,-11
116900283,18,14,4
116900284,26,116,-90
116900285,234,1057,-823
116900286,133,11,122
116900287,24,25,-1
116900288,285,31,254
116900289,66,3,63
116900290,57,1,56
116900291,71,10,61
116900292,1,35,-34
116900293,145,0,145
116900294,41,177,-136
116900295,389,803,-414
116900296,83,607,-524
116900297,5,136,-131
116900298,127,303,-176
116900299,43,519,-476
116900300,2,231,-229
116900301,64,1273,-1209
116900302,35,351,-316
116900303,377,305,72
116900304,2,317,-315
116900305,56,91,-35
116900306,632,104,528
117000001,5095,8619,-3524
117000002,2856,7789,-4933
117000003,10579,8335,2244
117000004,3309,11247,-7938
117000005,6605,5548,1057
117000006,1517,4199,-2682
117000007,13651,2573,11078
117000008,1735,4208,-2473
117000009,8770,2859,5911
117000010,1733,3532,-1799
117000011,6594,3314,3280
117000012,3269,1907,1362
117000013,5028,2934,2094
117000014,2653,3568,-915
117000015,7136,3358,3778
117000016,560,1259,-699
117000017,126,3702,-3576
117000018,200,2214,-2014
117000019,87,4,83
117000020,1953,4487,-2534
117000021,5270,1087,4183
117000022,394,1264,-870
117000023,135,1153,-1018
117000024,226,2829,-2603
117000025,173,9617,-9444
117000026,2716,8926,-6210
117000027,3122,6062,-2940
117000028,1638,5691,-4053
117000030,506,924,-418
117000031,968,848,120
117000032,2298,3801,-1503
117000033,3213,2148,1065
117000034,448,455,-7
117000035,785,1050,-265
117000036,1137,863,274
117000037,622,528,94
117000038,733,1324,-591
117000039,481,710,-229
117000040,258,797,-539
117000041,2389,167,2222
117000044,27,987,-960
117000045,2423,755,1668
117000046,696,2173,-1477
117000047,1589,1954,-365
117000048,2441,1906,535
117000049,40,560,-520
117000050,973,2732,-1759
117000051,5196,122,5074
117000052,156,193,-37
117000053,1849,61,1788
117000054,3449,16,3433
117000055,5,1585,-1580
117000056,1193,50,1143
117000057,1203,2293,-1090
117000060,845,2239,-1394
117000061,4601,4160,441
117000062,338,2386,-2048
117000063,3240,1573,1667
117000064,1220,1165,55
117000066,722,1498,-776
117000067,149,993,-844
117000074,27,388,-361
117000076,73,92,-19
117000077,420,197,223
117000078,481,1409,-928
117000079,898,560,338
117000080,1,919,-918
117000081,1617,300,1317
117000082,55,199,-144
117000083,371,12,359
117000084,497,1,496
117000085,999,1668,-669
117000086,1866,571,1295
117000087,275,845,-570
117000088,627,232,395
117000089,5461,378,5083
117000090,759,961,-202
117000091,3140,588,2552
117000092,836,1130,-294
117000093,4471,830,3641
117000094,1523,1925,-402
117000095,6567,1308,5259
117000096,1426,1667,-241
117000097,5354,1995,3359
117000098,2746,2934,-188
117000099,9576,1997,7579
117000100,484,468,16
117000101,288,863,-575
117000102,4596,1111,3485
117000103,1006,1481,-475
117000104,3533,1317,2216
117000105,538,1428,-890
117000106,4915,1067,3848
117000107,998,1851,-853
117000108,4714,1908,2806
117000109,1764,2757,-993
117000110,3370,3982,-612
117000111,8293,8193,100
117000112,8198,2022,6176
117000113,252,201,51
117000114,741,1469,-728
117000115,129,88,41
117000116,398,1357,-959
117000117,3356,2146,1210
117000118,918,1029,-111
117000119,303,1436,-1133
117000120,90,4006,-3916
117000121,112,2419,-2307
117000122,3103,3265,-162
117000123,7390,126,7264
117000124,161,811,-650
117000125,87,2527,-2440
117000126,33,126,-93
117000127,203,1894,-1691
117000128,203,3772,-3569
117000129,615,2957,-2342
117000130,461,10,451
117000131,3,218,-215
117000132,10166,82,10084
117000133,6563,36,6527
117000134,0,533,-533
117000135,4,554,-550
117000136,0,201,-201
117000137,423,220,203
117000138,4,1773,-1769
117000140,767,1188,-421
117000141,3482,964,2518
117000181,1378,230,1148
117000182,5145,2747,2398
117000195,550,831,-281
117000196,664,309,355
117000225,49,568,-519
117000226,3,624,-621
117000276,781,78,703
117000277,2,103,-101
117000310,2164,4932,-2768
117000315,662,1601,-939
117000320,185,0,185
117000906,1587,25,1562
117000907,6,271,-265
117000908,8,472,-464
117000909,155,206,-51
117000910,465,188,277
117000911,113,193,-80
117000915,7,200,-193
117000916,182,27,155
117000917,3406,190,3216
117000918,467,155,312
117000919,18,67,-49
117000920,3,2369,-2366
117000921,0,278,-278
117000922,106,167,-61
117000924,2004,1942,62
117000926,1991,1486,505
117000927,309,1010,-701
117000928,1,234,-233
117000929,1266,222,1044
117000930,1632,35,1597
117000931,216,345,-129
117900002,105,1550,-1445
117900003,120,455,-335
117900005,8,405,-397
117900006,1,168,-167
117900007,322,99,223
117900008,0,11,-11
117900010,946,131,815
117900011,23,2788,-2765
117900012,159,69,90
117900013,1,556,-555
117900014,1472,562,910
117900015,62,338,-276
117900016,1837,2472,-635
117900017,2167,780,1387
117900018,902,1602,-700
117900019,2087,382,1705
117900020,111,456,-345
117900021,37,431,-394
117900022,43,8,35
117900023,6442,260,6182
117900024,176,318,-142
117900025,32,2,30
117900026,1513,394,1119
117900028,214,23,191
117900029,959,1193,-234
117900030,951,915,36
117900031,909,1889,-980
117900032,1351,904,447
117900033,1371,848,523
117900034,231,109,122
117900035,612,2070,-1458
117900036,830,463,367
117900037,555,165,390
117900038,363,143,220
117900039,2,90,-88
117900040,475,164,311
117900041,0,65,-65
117900042,4669,1274,3395
117900043,2,48,-46
117900044,131,10883,-10752
117900045,669,146,523
117900048,550,329,221
117900049,825,856,-31
117900050,45,1909,-1864
117900051,49,95,-46
117900052,182,1366,-1184
117900053,3456,233,3223
117900054,9,13,-4
117900055,5073,810,4263
117900056,108,593,-485
117900057,2490,1118,1372
117900058,94,301,-207
117900059,186,542,-356
117900060,5410,3454,1956
117900061,77,761,-684
117900063,1546,517,1029
117900065,511,1877,-1366
117900066,19,324,-305
117900067,2176,420,1756
117900069,2549,263,2286
117900070,48,752,-704
117900071,538,137,401
117900073,2247,595,1652
117900074,52,1492,-1440
117900075,264,191,73
117900076,188,322,-134
117900077,1546,173,1373
117900078,876,945,-69
117900080,395,113,282
117900081,362,532,-170
117900082,1516,507,1009
117900083,1478,1084,394
117900086,564,226,338
117900087,288,95,193
117900088,883,1468,-585
117900089,4766,850,3916
117900090,1682,1193,489
117900091,355,96,259
117900092,266,143,123
117900093,165,93,72
117900094,109,59,50
117900095,1343,2121,-778
117900096,371,1117,-746
117900097,287,77,210
117900098,148,23,125
117900099,792,2150,-1358
117900100,1565,13,1552
117900101,1973,4899,-2926
117900102,235,67,168
117900103,272,34,238
117900104,32,678,-646
117900105,115,323,-208
117900106,233,47,186
117900107,192,1,191
117900109,1782,594,1188
117900110,529,7,522
117900111,2602,267,2335
117900112,128,23,105
117900113,1860,4796,-2936
117900114,93,0,93
117900115,41,758,-717
117900116,1360,753,607
117900117,1638,288,1350
117900118,481,7,474
117900119,624,51,573
117900120,2054,52,2002
117900121,205,136,69
117900122,1234,11952,-10718
117900123,2397,834,1563
117900124,381,1743,-1362
117900125,2499,1754,745
117900126,244,399,-155
117900127,1607,411,1196
117900128,1030,294,736
117900129,366,9,357
117900130,1577,1979,-402
117900131,14,305,-291
117900132,18,110,-92
117900133,71,58,13
117900134,333,363,-30
117900135,154,120,34
117900136,0,18,-18
117900137,446,324,122
117900138,0,6,-6
117900139,76,149,-73
117900140,12901,1044,11857
117900141,93,903,-810
117900142,23,988,-965
117900144,60,2718,-2658
117900145,15,613,-598
117900146,230,976,-746
117900147,284,432,-148
117900148,7337,6938,399
117900149,162,853,-691
117900150,159,120,39
117900151,129,580,-451
117900152,132,318,-186
117900153,29,304,-275
117900154,1463,1517,-54
117900156,583,604,-21
117900157,136,803,-667
117900158,636,189,447
117900160,1533,1192,341
117900161,1349,1068,281
117900162,1533,679,854
117900163,51,1773,-1722
117900165,0,3,-3
117900166,33,576,-543
117900168,152,306,-154
117900169,2,83,-81
117900170,6,112,-106
117900171,13,13,0
117900172,88,11,77
117900173,127,95,32
117900174,40,57,-17
117900175,11,73,-62
117900176,39,18,21
117900177,113,78,35
117900178,182,110,72
117900180,355,78,277
117900181,134,923,-789
117900182,10,134,-124
117900183,197,333,-136
117900184,102,185,-83
117900185,130,82,48
117900186,117,11,106
117900187,50,8,42
117900188,585,117,468
117900189,410,91,319
117900190,30,0,30
117900191,285,1,284
117900192,497,2,495
117900193,2,107,-105
117900194,17,4,13
117900195,25,705,-680
117900196,119,57,62
117900207,154,291,-137
117900208,71,85,-14
117900209,427,86,341
117900210,225,120,105
117900211,11,45,-34
117900212,227,319,-92
117900213,58,15,43
117900214,22,29,-7
117900215,98,29,69
117900216,24,242,-218
117900217,163,419,-256
117900218,179,224,-45
117900219,17,384,-367
117900220,22,890,-868
117900222,403,180,223
117900223,136,778,-642
118000001,1416,5578,-4162
118000002,1183,2342,-1159
118000003,3522,9975,-6453
118000004,1538,14345,-12807
118000005,7389,4687,2702
118000006,11534,7809,3725
118000007,8503,21607,-13104
118000008,1557,13554,-11997
118000009,2553,7122,-4569
118000010,5976,7213,-1237
118000011,4828,2478,2350
118000012,2061,3503,-1442
118000013,5714,5642,72
118000014,3061,3182,-121
118000016,678,238,440
118000017,1656,663,993
118000018,788,257,531
118000019,1611,3421,-1810
118000020,710,3286,-2576
118000021,1057,5275,-4218
118000022,1617,991,626
118000023,823,682,141
118000024,707,1366,-659
118000027,23101,11439,11662
118000029,1188,944,244
118000032,358,3592,-3234
118000033,2617,7595,-4978
118000034,4995,6864,-1869
118000035,3165,3587,-422
118000036,1448,2048,-600
118000037,1823,5151,-3328
118000038,1474,199,1275
118000039,292,111,181
118000040,3741,3888,-147
118000041,7928,3234,4694
118000045,267,614,-347
118000046,1710,2792,-1082
118000047,935,6021,-5086
118000048,2334,10568,-8234
118000051,2148,9702,-7554
118000052,1187,3749,-2562
118000053,848,3960,-3112
118000054,7021,2105,4916
118000055,7096,3073,4023
118000056,132,1711,-1579
118000057,200,1007,-807
118000058,3024,10750,-7726
118000059,2343,5491,-3148
118000060,2666,1458,1208
118000061,2008,2917,-909
118000062,591,398,193
118000063,763,1576,-813
118000064,1262,2662,-1400
118000065,3104,3473,-369
118000066,3482,7961,-4479
118000067,670,1127,-457
118000068,1797,19921,-18124
118000069,1743,2886,-1143
118000070,14925,4440,10485
118000071,9016,19683,-10667
118000072,921,6847,-5926
118000073,623,3452,-2829
118000074,895,814,81
118000075,998,555,443
118000076,4026,19067,-15041
118000077,1869,3919,-2050
118000078,3330,5553,-2223
118000079,455,1003,-548
118000080,616,3135,-2519
118000081,2569,3766,-1197
118000082,785,2264,-1479
118000083,2328,3783,-1455
118000084,3029,5276,-2247
118000086,213,1546,-1333
118000087,11115,5440,5675
118000088,1773,3797,-2024
118000089,7602,6628,974
118000090,1660,7378,-5718
118000091,3288,9864,-6576
118000092,1901,1416,485
118000093,242,1353,-1111
118000096,1589,1512,77
118000097,1294,1735,-441
118000098,295,832,-537
118000099,1779,670,1109
118000101,3996,749,3247
118000102,722,909,-187
118000107,6099,1014,5085
118000108,2050,9431,-7381
118000110,2,43,-41
118000111,3,251,-248
118000112,2404,23,2381
118000113,22,742,-720
118000114,2053,41,2012
118000115,35,5,30
118000116,115,0,115
118000117,1110,2768,-1658
118000118,2431,4243,-1812
118000119,2095,4197,-2102
118000120,1998,2263,-265
118000121,20,1146,-1126
118000122,988,551,437
118000123,145,488,-343
118000125,1602,5285,-3683
118000126,1233,5790,-4557
118000127,2079,2836,-757
118000128,533,6339,-5806
118000129,3634,2551,1083
118000130,4077,6292,-2215
118000131,744,2333,-1589
118000132,5423,4929,494
118000133,3556,1974,1582
118000135,1270,2675,-1405
118000136,267,3021,-2754
118000137,810,564,246
118000138,920,867,53
118000139,1183,329,854
118000140,9029,17927,-8898
118000141,6541,2804,3737
118000142,6673,3160,3513
118000143,6584,2691,3893
118000144,1070,715,355
118000145,2513,1803,710
118000146,2896,736,2160
118000147,2571,1243,1328
118000148,1892,2703,-811
118000149,1649,806,843
118000150,1612,396,1216
118000151,1645,578,1067
118000153,3644,1521,2123
118000154,2743,1790,953
118000155,5227,1678,3549
118000156,4411,7274,-2863
118000157,1427,659,768
118000158,620,1188,-568
118000159,82,196,-114
118000160,1577,515,1062
118000161,1483,527,956
118000162,2281,1498,783
118000163,2013,1857,156
118000164,4172,2544,1628
118000168,883,2892,-2009
118000169,1954,1221,733
118000170,5530,4164,1366
118000171,827,1019,-192
118000172,108,394,-286
118000173,1501,2638,-1137
118000175,341,402,-61
118000176,813,723,90
118000177,654,1022,-368
118000178,98,39,59
118000179,1335,1266,69
118000180,1136,967,169
118000181,955,283,672
118000182,480,347,133
118000183,453,576,-123
118000184,2664,694,1970
118000185,846,3245,-2399
118000186,574,2486,-1912
118000187,5044,724,4320
118000188,2089,113,1976
118000189,2378,616,1762
118000190,10,26,-16
118000191,13,64,-51
118000192,54,542,-488
118000193,13,226,-213
118000194,4303,1391,2912
118000195,466,11704,-11238
118000196,116,2460,-2344
118000197,58,460,-402
118000198,473,3240,-2767
118000199,508,3412,-2904
118000200,218,1583,-1365
118000201,149,1692,-1543
118000202,64,1145,-1081
118000203,537,2297,-1760
118000204,86,1335,-1249
118000205,156,653,-497
118000206,410,831,-421
118000207,0,139,-139
118000208,2862,2492,370
118000209,4997,1129,3868
118000210,289,87,202
118000211,207,129,78
118000213,1069,12566,-11497
118000214,671,2036,-1365
118000215,713,256,457
118000216,18161,4169,13992
118000217,27,69,-42
118000218,237,57,180
118000219,366,593,-227
118000220,86,76,10
118000221,1889,1882,7
118000222,103,32,71
118000223,227,45,182
118000224,301,79,222
118000225,488,3020,-2532
118000226,2629,377,2252
118000227,1883,941,942
118000228,145,1027,-882
118000229,87,1859,-1772
118000230,190,668,-478
118000231,176,1125,-949
118000232,2093,391,1702
118000233,2911,1070,1841
118000234,1161,162,999
118000236,488,1072,-584
118000237,429,462,-33
118000238,479,235,244
118000239,594,1005,-411
118000240,150,140,10
118000241,733,259,474
118000242,1038,358,680
118000243,638,190,448
118000244,235,77,158
118000246,3,86,-83
118000255,48,666,-618
118000256,244,332,-88
118000259,65,233,-168
118000260,595,136,459
118000261,205,57,148
118000263,277,421,-144
118000266,439,341,98
118000267,3,925,-922
118000268,677,24,653
118000270,680,9,671
118000271,415,248,167
118000272,194,50,144
118000273,732,55,677
118000274,153,682,-529
118000276,699,413,286
118000295,86,326,-240
118000298,342,189,153
118000299,92,78,14
118000301,1,257,-256
118000302,244,53,191
118000311,2837,141,2696
118000312,1111,194,917
118000313,275,115,160
118000314,401,36,365
118000315,221,17,204
118000316,1985,677,1308
118000325,171,70,101
118000326,120,51,69
118000331,45,11,34
118000332,35,39,-4
118000333,48,49,-1
118000335,1570,5,1565
118000336,0,269,-269
118000407,655,70,585
118000457,44,184,-140
118000465,870,4511,-3641
118000480,159,126,33
118000489,16,1341,-1325
118000490,13,677,-664
118000492,1148,247,901
118000510,76,60,16
118000514,151,1251,-1100
118000515,834,2572,-1738
118000517,1066,321,745
118000524,148,1017,-869
118000525,995,1013,-18
118000530,38,406,-368
118000531,867,307,560
118000532,458,340,118
118000533,497,226,271
118000534,1717,621,1096
118000535,609,149,460
118000536,91,1026,-935
118000537,34,323,-289
118000538,30,283,-253
118000539,89,263,-174
118000540,362,598,-236
118000541,133,162,-29
118000542,236,950,-714
118000543,488,950,-462
118000546,73,105,-32
118000553,0,0,0
118000557,0,0,0
118000560,2096,5553,-3457
118000562,215,212,3
118000563,2397,1269,1128
118000576,246,48,198
118000577,285,233,52
118000578,168,57,111
118000579,892,4340,-3448
118000583,0,0,0
118000595,325,113,212
118000596,7,1032,-1025
118000597,305,100,205
118000598,22,2,20
118000599,435,111,324
118000600,1,14,-13
118000601,33,0,33
118000602,4,12,-8
118000603,0,23,-23
118900001,1117,2218,-1101
118900002,1637,1577,60
118900003,1440,9,1431
118900004,465,113,352
118900005,250,64,186
118900006,566,13,553
118900007,3,0,3
118900008,2368,92,2276
118900009,279,249,30
118900010,304,64,240
118900011,312,15,297
118900012,426,525,-99
118900013,3065,1036,2029
118900015,649,75,574
118900016,10,3,7
118900017,41,596,-555
118900018,2518,59,2459
118900019,3,7,-4
118900020,51,435,-384
118900021,216,1666,-1450
118900022,156,16,140
118900023,118,362,-244
118900024,146,262,-116
118900025,28,282,-254
118900026,92,15,77
118900027,970,393,577
118900028,363,193,170
118900029,422,864,-442
118900030,1248,383,865
118900031,205,83,122
118900032,376,90,286
118900033,665,1589,-924
118900034,460,117,343
118900035,261,137,124
118900036,2415,650,1765
118900037,497,1392,-895
118900038,1015,111,904
118900039,1464,360,1104
118900040,374,168,206
118900041,1762,585,1177
118900042,148,62,86
118900045,392,280,112
118900046,566,512,54
118900047,711,762,-51
118900048,294,1409,-1115
118900049,446,106,340
118900050,168,8,160
118900051,78,380,-302
118900052,524,1094,-570
118900053,50,172,-122
118900054,321,66,255
118900055,508,16,492
118900056,36,844,-808
118900057,1323,840,483
118900058,1212,1324,-112
118900059,35,291,-256
118900060,286,141,145
118900062,627,227,400
118900064,448,1215,-767
118900065,142,456,-314
118900066,261,147,114
118900067,6245,7387,-1142
118900068,17,1148,-1131
118900069,1184,504,680
118900071,9,12,-3
118900072,1998,1621,377
118900073,379,294,85
118900074,651,107,544
118900075,489,34,455
118900076,436,386,50
118900077,1174,240,934
118900078,1,1,0
118900079,97,283,-186
118900080,273,80,193
118900081,98,77,21
118900082,3826,461,3365
118900083,85,8,77
118900084,15,41,-26
118900085,547,790,-243
118900086,28,205,-177
118900087,286,1944,-1658
118900088,1,6,-5
118900089,26,63,-37
118900090,613,303,310
118900091,269,567,-298
118900092,838,53,785
118900093,265,55,210
118900096,101,66,35
118900097,726,795,-69
118900099,85,207,-122
118900100,140,481,-341
118900101,638,209,429
118900102,55,133,-78
118900103,42,228,-186
118900104,852,169,683
118900105,264,138,126
118900107,97,66,31
118900108,159,456,-297
118900110,2757,2261,496
118900111,2066,841,1225
118900112,386,866,-480
118900113,149,615,-466
118900114,14,317,-303
118900115,481,664,-183
118900116,154,256,-102
118900117,193,167,26
118900118,621,364,257
118900119,336,362,-26
118900120,69,411,-342
118900121,67,230,-163
118900122,18,1629,-1611
118900123,341,457,-116
118900124,364,635,-271
118900126,82,446,-364
118900129,484,201,283
118900130,40,384,-344
118900131,904,613,291
118900132,673,335,338
118900133,36,409,-373
118900135,601,280,321
118900136,599,353,246
118900137,12,246,-234
118900139,949,411,538
118900140,1434,488,946
118900141,352,167,185
118900144,635,241,394
118900145,36,259,-223
118900146,959,579,380
118900147,217,1955,-1738
118900148,145,76,69
118900150,216,1063,-847
118900152,929,513,416
118900157,93,862,-769
118900158,539,74,465
118900159,1,315,-314
118900161,82,73,9
118900163,104,100,4
118900164,2,76,-74
118900165,193,61,132
118900166,4,1,3
118900167,138,50,88
118900168,84,244,-160
118900169,394,163,231
118900170,687,94,593
118900171,193,76,117
118900174,183,78,105
118900175,1029,474,555
118900176,355,341,14
118900177,267,9,258
118900178,175,93,82
118900179,1,38,-37
118900181,348,182,166
118900182,20,122,-102
118900183,27,496,-469
118900184,287,56,231
118900185,264,50,214
118900186,108,396,-288
118900187,175,1263,-1088
118900188,477,492,-15
118900189,79,994,-915
118900190,262,351,-89
118900191,935,107,828
118900192,1181,46,1135
118900193,2122,7,2115
118900195,282,854,-572
118900196,51,200,-149
118900197,709,99,610
118900198,82,2,80
118900199,159,6,153
118900200,60,32,28
118900201,81,128,-47
118900202,9,111,-102
118900203,115,5,110
118900204,123,3,120
118900205,9,5,4
118900206,2,3,-1
119000001,3030,3915,-885
119000002,5276,7398,-2122
119000003,6628,1834,4794
119000004,4892,4255,637
119000005,3774,6008,-2234
119000006,7717,3312,4405
119000007,8025,7507,518
119000008,3965,3398,567
119000009,3974,13015,-9041
119000010,6544,7426,-882
119000011,3573,4168,-595
119000012,1871,6016,-4145
119000013,5519,3052,2467
119000014,3514,3814,-300
119000019,512,291,221
119000020,5508,2344,3164
119000021,10104,5658,4446
119000022,2778,8554,-5776
119000023,320,696,-376
119000024,3928,43589,-39661
119000025,6962,2077,4885
119000026,124,1240,-1116
119000027,197,746,-549
119000028,3488,942,2546
119000029,81,572,-491
119000030,957,1161,-204
119000031,2758,1195,1563
119000032,4414,2901,1513
119000033,3749,1287,2462
119000034,3136,1252,1884
119000035,45,291,-246
119000036,6247,558,5689
119000037,3594,1088,2506
119000038,707,425,282
119000039,1638,990,648
119000040,1465,1991,-526
119000041,1622,3359,-1737
119000048,3497,2358,1139
119000049,6610,4150,2460
119000050,1964,5165,-3201
119000051,4684,2692,1992
119000052,8010,3838,4172
119000053,3537,1821,1716
119000054,5906,1794,4112
119000055,11298,1974,9324
119000056,8172,2163,6009
119000057,3450,1113,2337
119000058,2833,1580,1253
119000059,1728,1798,-70
119000060,4085,1047,3038
119000061,1631,647,984
119000062,1689,1252,437
119000063,1603,1044,559
119000064,1405,1520,-115
119000065,1805,6032,-4227
119000066,3551,1759,1792
119000067,3098,1758,1340
119000068,3885,1306,2579
119000069,4259,2091,2168
119000070,5765,793,4972
119000071,2315,857,1458
119000072,6782,4872,1910
119000073,6436,20999,-14563
119000074,3055,1886,1169
119000075,7748,3988,3760
119000076,236,2145,-1909
119000077,1281,1664,-383
119000078,816,1742,-926
119000079,276,1123,-847
119000080,1645,301,1344
119000081,609,1321,-712
119000082,1894,342,1552
119000083,1183,719,464
119000084,513,658,-145
119000085,1203,207,996
119000086,355,1451,-1096
119000087,1102,333,769
119000088,355,115,240
119000089,127,258,-131
119000090,175,91,84
119000091,109,231,-122
119000092,512,200,312
119000093,8045,4552,3493
119000094,8283,9425,-1142
119000095,4948,12124,-7176
119000097,2547,1335,1212
119000098,2046,13347,-11301
119000099,3220,1213,2007
119000100,10149,5424,4725
119000101,6070,3030,3040
119000102,604,2399,-1795
119000103,912,882,30
119000104,2252,1395,857
119000105,1988,6108,-4120
119000106,783,1075,-292
119000107,2422,986,1436
119000108,1518,1189,329
119000109,328,1372,-1044
119000110,365,1474,-1109
119000111,85,1454,-1369
119000112,207,314,-107
119000113,1313,611,702
119000114,3151,2616,535
119000115,128,277,-149
119000116,231,241,-10
119000117,500,639,-139
119000118,17,1,16
119000123,2442,6612,-4170
119000124,2743,383,2360
119000125,10584,915,9669
119000126,4399,945,3454
119000127,1725,485,1240
119000128,31,2,29
119000131,2316,292,2024
119000132,2,1,1
119000133,5,18,-13
119000134,1917,1199,718
119000135,285,633,-348
119000136,776,163,613
119000137,415,195,220
119000138,1880,88,1792
119000139,305,156,149
119000140,470,596,-126
119000284,1733,2342,-609
119000285,2578,1637,941
119000286,5274,4255,1019
119000287,2150,2089,61
119000288,4299,1250,3049
119000289,2142,3665,-1523
119000290,297,397,-100
119000291,312,601,-289
119000293,195,310,-115
119000294,144,58,86
119000295,3345,386,2959
119000296,590,154,436
119000302,3896,1631,2265
119000303,30,768,-738
119000304,0,0,0
119000310,0,0,0
119000314,3586,22405,-18819
119000315,0,185,-185
119000316,516,110,406
119000317,188,132,56
119900001,143,3538,-3395
119900002,667,540,127
119900003,12,348,-336
119900004,168,5268,-5100
119900005,787,141,646
119900006,132,853,-721
119900007,872,462,410
119900008,69,146,-77
119900009,984,544,440
119900010,1098,1625,-527
119900011,29,623,-594
119900012,10,271,-261
119900013,2193,2285,-92
119900014,822,306,516
119900015,679,132,547
119900016,147,142,5
119900017,70,135,-65
119900018,1380,2448,-1068
119900019,152,23,129
119900020,271,333,-62
119900021,458,94,364
119900022,110,1541,-1431
119900023,828,6477,-5649
119900025,907,35,872
119900026,1115,214,901
119900027,10,20,-10
119900028,422,424,-2
119900029,15,8,7
119900030,1089,835,254
119900031,85,2062,-1977
119900033,1543,366,1177
119900034,1934,49,1885
119900037,337,28,309
119900038,31,986,-955
119900039,136,30,106
119900040,220,42,178
119900041,630,24,606
119900042,90,673,-583
119900043,257,198,59
119900044,354,1330,-976
119900046,703,27,676
119900047,1011,452,559
119900048,147,11,136
119900049,340,11,329
119900050,201,527,-326
119900051,1449,28,1421
119900052,382,35,347
119900053,714,224,490
119900054,1061,18,1043
119900055,2040,613,1427
119900057,1012,11,1001
119900058,969,20,949
119900059,126,76,50
119900060,609,152,457
119900062,360,5,355
119900063,12,174,-162
119900065,393,7,386
119900066,3,1,2
119900067,217,51,166
119900068,1586,1,1585
119900069,202,51,151
119900070,1643,11,1632
119900071,1672,91,1581
119900073,2307,318,1989
119900074,26,72,-46
119900075,2520,2017,503
119900076,2766,297,2469
119900077,2088,512,1576
119900078,1558,825,733
119900079,1653,112,1541
119900080,3430,1005,2425
119900081,1472,52,1420
119900082,4203,405,3798
119900083,1155,60,1095
119900084,754,1135,-381
119900085,145,87,58
119900087,285,2010,-1725
119900088,34,22,12
119900089,62,114,-52
119900090,126,19,107
119900091,171,257,-86
119900092,167,1958,-1791
119900093,4784,269,4515
119900094,30,582,-552
119900095,217,109,108
119900096,48,131,-83
119900097,283,257,26
119900098,94,18,76
119900099,54,187,-133
119900100,858,3271,-2413
119900101,328,2128,-1800
119900102,102,119,-17
119900103,89,122,-33
119900104,86,110,-24
119900105,1560,5111,-3551
119900106,26,76,-50
119900107,642,1561,-919
119900108,5819,719,5100
119900109,30,127,-97
119900110,1098,468,630
119900111,461,106,355
119900112,1074,1940,-866
119900113,40,269,-229
119900114,464,671,-207
119900115,976,308,668
119900116,203,1140,-937
119900117,862,362,500
119900118,320,210,110
119900119,721,290,431
119900120,835,407,428
119900121,1427,709,718
119900122,45,140,-95
119900123,307,445,-138
119900124,780,606,174
119900125,44,263,-219
119900126,3351,249,3102
119900127,691,473,218
119900128,1119,1475,-356
119900129,752,206,546
119900130,22,211,-189
119900131,139,100,39
119900132,213,110,103
119900133,315,118,197
119900134,815,113,702
119900135,1,214,-213
119900136,110,247,-137
119900138,263,385,-122
119900139,32,313,-281
119900140,13,133,-120
119900141,63,2312,-2249
119900142,34,48,-14
119900143,47,402,-355
119900144,1280,271,1009
119900145,88,465,-377
119900146,416,206,210
119900147,1,414,-413
119900148,637,77,560
119900149,806,13841,-13035
119900150,227,192,35
119900151,3966,1751,2215
119900152,519,159,360
119900153,379,75,304
119900154,67,291,-224
119900155,43,14,29
119900156,26,15,11
119900157,637,252,385
119900158,406,100,306
119900159,0,447,-447
119900160,24,252,-228
119900161,270,186,84
119900162,2240,1121,1119
119900163,101,234,-133
119900164,1,0,1
119900165,499,96,403
119900166,258,56,202
119900167,7,124,-117
119900168,3505,384,3121
119900169,64,836,-772
119900170,250,305,-55
119900171,1650,735,915
119900172,46,30,16
119900173,104,159,-55
119900174,5,285,-280
119900175,4490,484,4006
119900177,62,131,-69
119900178,0,215,-215
119900179,529,1921,-1392
119900180,2709,905,1804
119900181,36,159,-123
119900182,3,109,-106
119900183,190,849,-659
119900184,784,530,254
119900185,116,771,-655
119900186,15,4131,-4116
119900187,5,283,-278
119900188,349,442,-93
119900189,220,699,-479
119900190,182,693,-511
119900191,255,870,-615
119900192,189,315,-126
119900193,1312,168,1144
119900194,25,76,-51
119900195,18,383,-365
119900196,474,143,331
119900197,824,521,303
119900198,217,456,-239
119900199,513,31,482
119900200,1839,1099,740
119900201,392,315,77
119900202,193,642,-449
119900203,329,1563,-1234
119900204,627,433,194
119900205,2628,466,2162
119900206,688,301,387
119900208,177,185,-8
119900209,1115,5058,-3943
119900210,212,5,207
119900211,103,3,100
119900212,634,325,309
119900213,12,119,-107
119900214,327,59,268
119900215,178,41,137
119900216,43,12,31
119900217,12,10,2
119900218,26,139,-113
119900219,71,64,7
119900220,3,15,-12
119900221,134,82,52
119900222,34,64,-30
119900223,24,26,-2
119900224,65,9,56
119900225,285,56,229
119900226,232,3790,-3558
119900227,406,271,135
119900228,41,666,-625
119900229,149,314,-165
119900230,1887,335,1552
119900231,659,102,557
119900232,244,139,105
119900233,135,25,110
119900234,32,376,-344
119900235,12,82,-70
119900236,32,442,-410
119900237,71,735,-664
119900238,4,539,-535
119900240,115,415,-300
119900241,398,254,144
119900242,2899,2203,696
119900244,966,1259,-293
119900245,587,470,117
119900246,243,756,-513
119900247,12,95,-83
119900248,50,1080,-1030
119900249,773,441,332
119900253,1962,407,1555
119900254,181,2980,-2799
119900255,246,928,-682
119900256,1613,443,1170
119900257,202,8,194
119900258,490,28,462
119900259,106,109,-3
119900260,392,22,370
119900261,1123,764,359
119900262,76,390,-314
119900263,2886,311,2575
119900264,511,61,450
119900265,1325,364,961
119900266,1523,301,1222
119900267,220,388,-168
119900268,808,94,714
119900269,3716,739,2977
119900271,163,187,-24
119900272,144,360,-216
119900275,276,101,175
119900276,257,107,150
119900277,29,39,-10
119900278,1164,127,1037
119900279,235,652,-417
119900280,804,94,710
119900281,3,664,-661
119900282,32,189,-157
119900283,71,76,-5
119900284,127,172,-45
119900285,8,152,-144
119900286,1,20,-19
119900288,60,19,41
119900289,1,77,-76
119900290,20,2,18
119900291,0,101,-101
119900292,79,119,-40
119900293,38,29,9
119900294,39,1,38
119900295,0,0,0
119900296,2,0,2
119900299,193,948,-755
119900300,513,442,71
119900301,90,473,-383
119900302,81,741,-660
119900303,695,470,225
119900304,550,24,526
119900305,27,153,-126
119900306,34,2,32
119900307,84,152,-68
119900308,3,76,-73
119900309,68,641,-573
119900310,381,425,-44
119900311,532,41,491
119900312,386,57,329
119900313,576,447,129
119900314,591,845,-254
119900315,4833,1233,3600
119900318,19,245,-226
119900319,293,177,116
119900320,679,351,328
119900321,470,50,420
119900322,5,67,-62
119900323,1,45,-44
119900324,2,57,-55
119900325,356,83,273
119900326,48,79,-31
120000001,17060,60848,-43788
120000002,4632,4569,63
120000003,3559,1597,1962
120000004,4784,1731,3053
120000005,3701,1892,1809
120000006,3064,1563,1501
120000007,4612,7932,-3320
120000008,2308,1602,706
120000009,2411,1320,1091
120000010,4445,5001,-556
120000011,2632,2162,470
120000012,3677,2751,926
120000013,8129,4959,3170
120000014,1993,3409,-1416
120000015,5759,4037,1722
120000016,7594,4544,3050
120000017,8294,9127,-833
120000018,5872,34795,-28923
120000019,2386,2730,-344
120000020,3980,6314,-2334
120000021,3228,3345,-117
120000022,3469,4712,-1243
120000023,2372,2508,-136
120000024,1835,3128,-1293
120000025,5179,2787,2392
120000026,6915,3051,3864
120000027,4527,2965,1562
120000028,1376,3913,-2537
120000029,2277,3632,-1355
120000030,236,1980,-1744
120000031,3191,9834,-6643
120000032,7053,4185,2868
120000033,7027,1854,5173
120000034,7053,1709,5344
120000035,7213,2291,4922
120000036,6536,9259,-2723
120000037,1034,3313,-2279
120000038,8115,5481,2634
120000039,1449,2845,-1396
120000040,142,4425,-4283
120000041,716,2660,-1944
120000042,3917,2554,1363
120000043,8790,1113,7677
120000044,12053,1969,10084
120000045,14875,1194,13681
120000046,6996,7167,-171
120000047,1286,21221,-19935
120000048,17949,7360,10589
120000049,7999,9014,-1015
120000050,5972,10221,-4249
120000051,3626,7578,-3952
120000052,7893,1361,6532
120000053,1925,1895,30
120000054,2606,2669,-63
120000055,2878,3772,-894
120000056,7219,5164,2055
120000057,7082,2858,4224
120000058,1769,1799,-30
120000059,11,2777,-2766
120000061,311,2489,-2178
120000062,234,432,-198
120000063,853,2217,-1364
120000064,796,822,-26
120000065,835,1445,-610
120000066,195,633,-438
120000067,46,142,-96
120000068,602,345,257
120000069,1776,397,1379
120000070,371,559,-188
120000071,1785,206,1579
120000072,2973,935,2038
120000073,2666,108,2558
120000074,138,444,-306
120000075,2373,1399,974
120000076,5616,595,5021
120000077,5172,865,4307
120000078,3632,1707,1925
120000079,438,273,165
120000080,197,391,-194
120000081,410,145,265
120000082,328,260,68
120000083,74,1126,-1052
120000084,503,482,21
120000085,513,718,-205
120000086,299,395,-96
120000087,478,364,114
120000088,1566,1218,348
120000089,1770,655,1115
120000090,1600,825,775
120000091,2707,904,1803
120000092,1714,569,1145
120000093,1538,763,775
120000094,656,2150,-1494
120000095,1608,365,1243
120000096,899,457,442
120000098,2012,779,1233
120000099,959,882,77
120000100,1407,647,760
120000101,1661,546,1115
120000102,1740,2048,-308
120000103,3490,1777,1713
120000104,4601,843,3758
120000105,6242,591,5651
120000106,7258,540,6718
120000107,13086,1027,12059
120000108,4914,426,4488
120000109,2886,271,2615
120000110,113,946,-833
120000111,250,1320,-1070
120000112,969,1703,-734
120000113,1069,1519,-450
120000114,774,1449,-675
120000115,748,1386,-638
120000116,786,1917,-1131
120000117,727,1151,-424
120000118,78,167,-89
120000119,29,48,-19
120000120,231,533,-302
120000121,14,48,-34
120000122,505,2181,-1676
120000123,2950,19351,-16401
120000124,942,1286,-344
120000125,2607,920,1687
120000126,802,5767,-4965
120000127,1310,2802,-1492
120000128,3982,10416,-6434
120000129,438,286,152
120000130,1957,913,1044
120000131,1001,1148,-147
120000134,1296,663,633
120000135,2170,1042,1128
120000137,907,358,549
120000138,4597,324,4273
120000139,972,417,555
120000140,3540,227,3313
120000141,697,1659,-962
120000142,1841,2217,-376
120000143,0,52,-52
120000144,247,54,193
120000145,1943,5,1938
120000146,1839,2904,-1065
120000149,1007,942,65
120000150,2957,18887,-15930
120000151,1078,686,392
120000152,2249,194,2055
120000153,1038,693,345
120000154,1305,1275,30
120000155,559,1014,-455
120000156,985,5648,-4663
120000157,2223,805,1418
120000158,2043,1008,1035
120000159,4020,2026,1994
120000160,3916,2985,931
120000161,6812,3827,2985
120000162,364,676,-312
120000163,1771,854,917
120000164,1370,224,1146
120000165,2115,586,1529
120000166,3799,542,3257
120000167,450,459,-9
120000168,9,1052,-1043
120000169,82,2611,-2529
120000170,27,2463,-2436
120000171,10,787,-777
120000172,8,550,-542
120000173,173,1764,-1591
120000174,45,58,-13
120000175,34,141,-107
120000176,33,100,-67
120000177,689,133,556
120000178,8,56,-48
120000179,44,128,-84
120000180,35,66,-31
120000181,128,3207,-3079
120000182,39,2069,-2030
120000183,7,486,-479
120000184,318,1836,-1518
120000186,35,2077,-2042
120000187,23,1357,-1334
120000188,66,1132,-1066
120000190,50,96,-46
120000191,59,225,-166
120000192,95,20,75
120000193,57,2,55
120000195,16,0,16
120000196,64,8,56
120000197,5,10,-5
120000198,664,22,642
120000199,985,2,983
120000200,602,3,599
120000201,94,198,-104
120000202,4,40,-36
120000203,600,234,366
120000207,3,47,-44
120000208,28,67,-39
120000209,34,17,17
120000210,67,40,27
120000211,858,13,845
120000212,891,3,888
120000213,781,273,508
120000214,1,68,-67
120000215,14,73,-59
120000216,855,48,807
120000217,308,969,-661
120000218,27,391,-364
120000219,3,294,-291
120000220,2,720,-718
120000225,5028,11,5017
120000226,1158,24,1134
120000227,1745,213,1532
120000228,14737,7726,7011
120000230,1131,80,1051
120000231,4113,903,3210
120000233,1510,28,1482
120000235,648,558,90
120000236,3996,4,3992
120000237,0,1134,-1134
120000238,0,717,-717
120000241,2316,8958,-6642
120000412,328,24,304
120000413,1744,306,1438
120000414,726,52,674
120000415,7,168,-161
120000416,434,13,421
120000417,52,419,-367
120000418,1008,19,989
120000419,91,65,26
120000420,101,21,80
120000421,12461,6270,6191
120000422,206,6668,-6462
120000423,12,438,-426
120000424,851,131,720
120000436,182,2637,-2455
120000437,126,206,-80
120000438,2269,457,1812
120000439,565,1543,-978
120000443,358,1,357
120000444,3822,894,2928
120000445,4738,3557,1181
120000446,4739,241,4498
120000447,1234,4,1230
120000449,770,7,763
120000450,27,109,-82
120000451,565,272,293
120000452,1072,7,1065
120000453,0,38,-38
120000454,58,158,-100
120000455,346,101,245
120000456,3092,10976,-7884
120000457,531,391,140
120000458,592,985,-393
120000459,433,115,318
120000665,199,941,-742
120000668,186,5949,-5763
120000669,773,167,606
120000670,116,1250,-1134
120000671,7328,1842,5486
120000672,135,911,-776
120900001,262,67,195
120900002,205,1305,-1100
120900003,377,26,351
120900004,9,332,-323
120900005,168,396,-228
120900006,1521,254,1267
120900007,674,124,550
120900008,1728,1574,154
120900009,557,38,519
120900010,1511,382,1129
120900011,88,895,-807
120900012,35,2363,-2328
120900013,814,553,261
120900014,0,411,-411
120900015,2214,728,1486
120900016,4210,289,3921
120900017,3340,461,2879
120900018,583,284,299
120900019,720,934,-214
120900020,405,1044,-639
120900021,730,328,402
120900022,20,322,-302
120900023,758,392,366
120900024,2599,703,1896
120900025,1804,1312,492
120900026,360,207,153
120900027,758,50,708
120900028,1313,493,820
120900029,41,1823,-1782
120900030,5074,919,4155
120900031,648,117,531
120900032,2997,174,2823
120900033,3377,758,2619
120900034,39,6570,-6531
120900035,467,189,278
120900037,1066,76,990
120900038,353,884,-531
120900039,257,90,167
120900040,714,16,698
120900041,19,61,-42
120900042,1327,45,1282
120900043,206,288,-82
120900044,19,941,-922
120900045,475,103,372
120900046,1572,15,1557
120900047,308,319,-11
120900048,560,32,528
120900049,1317,14,1303
120900050,1459,6438,-4979
120900051,1050,115,935
120900052,3019,60,2959
120900053,1186,54,1132
120900054,2173,417,1756
120900055,1775,10,1765
120900056,1750,69,1681
120900057,746,31,715
120900058,1709,10,1699
120900059,570,15,555
120900060,167,14,153
120900061,476,279,197
120900062,1034,6,1028
120900063,2660,74,2586
120900064,2141,12,2129
120900065,1688,4,1684
120900066,2542,212,2330
120900067,641,226,415
120900068,1423,4,1419
120900069,1460,32,1428
120900071,80,3,77
120900072,2396,49,2347
120900073,2713,88,2625
120900074,2296,178,2118
120900076,1600,2,1598
120900077,2248,453,1795
120900078,1823,402,1421
120900079,3365,86,3279
120900080,3050,322,2728
120900081,4814,411,4403
120900082,501,806,-305
120900083,256,2,254
120900084,1190,944,246
120900085,103,146,-43
120900086,90,1496,-1406
120900087,905,355,550
120900088,418,1730,-1312
120900089,2596,7715,-5119
120900090,933,33,900
120900091,304,1324,-1020
120900092,182,361,-179
120900093,1628,150,1478
120900094,376,320,56
120900095,866,62,804
120900096,311,190,121
120900097,1113,800,313
120900098,138,139,-1
120900099,151,88,63
120900100,114,231,-117
120900101,50,148,-98
120900102,254,194,60
120900103,362,378,-16
120900104,14,29,-15
120900105,65,918,-853
120900106,337,241,96
120900107,146,120,26
120900108,116,308,-192
120900109,102,456,-354
120900110,58,289,-231
120900111,337,195,142
120900112,82,285,-203
120900113,51,537,-486
120900114,73,215,-142
120900115,175,398,-223
120900116,1745,197,1548
120900117,52,90,-38
120900118,73,476,-403
120900119,13392,3629,9763
120900120,186,980,-794
120900121,80,445,-365
120900122,2013,197,1816
120900123,55,90,-35
120900124,15,171,-156
120900125,19,400,-381
120900126,250,700,-450
120900127,88,181,-93
120900128,516,654,-138
120900129,10,159,-149
120900130,18,284,-266
120900131,304,260,44
120900132,2756,190,2566
120900133,159,808,-649
120900134,272,213,59
120900135,26,355,-329
120900136,79,213,-134
120900137,935,235,700
120900138,2,189,-187
120900139,4,190,-186
120900140,10,222,-212
120900141,636,391,245
120900142,15,159,-144
120900143,3,188,-185
120900144,0,50,-50
120900145,263,1963,-1700
120900146,4,172,-168
120900147,150,57,93
120900148,465,201,264
120900149,0,143,-143
120900150,213,239,-26
120900151,0,98,-98
120900152,24,4,20
120900153,0,0,0
120900154,8,204,-196
120900155,429,329,100
120900156,829,140,689
120900157,2,7,-5
120900158,205,357,-152
120900159,15,51,-36
120900160,136,480,-344
120900161,77,421,-344
120900162,35,755,-720
120900163,184,1905,-1721
120900164,0,43,-43
120900165,3,88,-85
120900166,114,1701,-1587
120900167,188,92,96
120900169,480,266,214
120900170,235,9816,-9581
120900171,598,132,466
120900172,126,3168,-3042
120900173,24,47,-23
120900174,9,180,-171
120900175,419,179,240
120900176,50,923,-873
120900177,7,4743,-4736
120900178,0,1807,-1807
120900179,140,290,-150
120900180,91,639,-548
120900181,34,45,-11
120900182,120,438,-318
120900183,1160,114,1046
120900184,328,134,194
120900185,1730,2537,-807
120900186,0,133,-133
120900187,1920,761,1159
120900188,615,20,595
120900189,148,7632,-7484
120900190,593,4,589
120900191,511,25,486
120900192,7713,31897,-24184
120900194,175,460,-285
120900195,144,352,-208
120900196,528,100,428
120900197,1557,254,1303
120900198,189,490,-301
120900199,509,464,45
120900200,21,160,-139
120900201,329,70,259
120900202,2,214,-212
120900203,65,99,-34
120900204,113,150,-37
120900205,228,17,211
120900206,120,58,62
120900207,38,1107,-1069
121000001,1193,4838,-3645
121000002,3948,4434,-486
121000003,12089,3820,8269
121000004,3434,6167,-2733
121000005,4022,5124,-1102
121000006,4373,5016,-643
121000007,4474,10843,-6369
121000008,5409,8800,-3391
121000009,7658,14745,-7087
121000010,9807,10652,-845
121000011,9914,12879,-2965
121000012,15814,7585,8229
121000013,10446,8823,1623
121000014,7493,5952,1541
121000015,8070,11032,-2962
121000016,5818,6483,-665
121000017,4701,2473,2228
121000018,5975,3347,2628
121000019,11889,10764,1125
121000020,14003,21331,-7328
121000021,3213,3517,-304
121000022,4330,7100,-2770
121000023,4076,1462,2614
121000024,7782,9341,-1559
121000025,889,2985,-2096
121000026,591,348,243
121000027,2404,2104,300
121000028,1491,1334,157
121000029,1649,1129,520
121000030,1341,1229,112
121000031,753,1644,-891
121000032,317,322,-5
121000034,725,2022,-1297
121000035,451,912,-461
121000036,2000,2175,-175
121000037,1115,2889,-1774
121000038,590,1888,-1298
121000039,291,813,-522
121000041,869,933,-64
121000042,300,728,-428
121000043,955,813,142
121000044,2268,1730,538
121000045,904,477,427
121000046,1427,2437,-1010
121000047,135,170,-35
121000049,1580,1242,338
121000050,546,3595,-3049
121000051,936,754,182
121000052,747,2147,-1400
121000053,939,545,394
121000054,112,1189,-1077
121000055,1529,6005,-4476
121000056,1488,2250,-762
121000057,217,848,-631
121000058,278,138,140
121000059,4950,2257,2693
121000060,608,1804,-1196
121000061,50,822,-772
121000062,169,2244,-2075
121000063,1425,1923,-498
121000064,1146,1350,-204
121000065,261,1159,-898
121000066,1313,2566,-1253
121000067,672,1924,-1252
121000068,618,925,-307
121000069,192,2217,-2025
121000070,2064,3401,-1337
121000071,3525,3722,-197
121000072,1102,3414,-2312
121000073,1508,2925,-1417
121000074,93,569,-476
121000075,16,353,-337
121000076,498,1011,-513
121000077,154,251,-97
121000078,245,460,-215
121000080,5111,1181,3930
121000081,8240,7273,967
121000082,123,551,-428
121000083,87,320,-233
121000084,329,389,-60
121000085,560,796,-236
121000086,2223,805,1418
121000087,213,386,-173
121000088,1407,746,661
121000089,341,1165,-824
121000090,339,758,-419
121000091,1770,1295,475
121000092,342,168,174
121000093,474,452,22
121000094,500,1742,-1242
121000095,238,1465,-1227
121000096,9926,3160,6766
121000097,858,3802,-2944
121000098,1203,882,321
121000099,1789,794,995
121000100,1938,314,1624
121000101,751,289,462
121000102,1049,242,807
121000103,393,148,245
121000104,747,135,612
121000105,951,339,612
121000106,591,318,273
121000107,2593,4333,-1740
121000109,1956,1107,849
121000110,276,1016,-740
121000114,6302,4290,2012
121000115,6807,973,5834
121000116,626,1757,-1131
121000117,409,499,-90
121000118,2591,521,2070
121000119,640,407,233
121000120,936,757,179
121000121,774,3903,-3129
121000123,1322,565,757
121000126,57,575,-518
121000127,187,273,-86
121000128,2259,285,1974
121000129,2136,357,1779
121000130,1047,1091,-44
121000131,2366,1337,1029
121000132,859,1342,-483
121000135,531,733,-202
121000136,1256,2767,-1511
121000137,2014,717,1297
121000138,656,2538,-1882
121000139,233,887,-654
121000141,437,668,-231
121000142,877,933,-56
121000143,192,29,163
121000144,879,965,-86
121000145,1362,1140,222
121000146,2216,2719,-503
121000147,3201,1187,2014
121000148,1448,1394,54
121000149,4782,4118,664
121000152,601,693,-92
121000153,2613,931,1682
121000154,2833,1066,1767
121000155,6652,2306,4346
121000156,755,2058,-1303
121000157,1671,2016,-345
121000158,311,458,-147
121000159,486,838,-352
121000160,458,959,-501
121000161,573,533,40
121000162,262,114,148
121000165,1843,2942,-1099
121000166,97,956,-859
121000168,712,405,307
121000169,254,366,-112
121000170,578,126,452
121000171,208,457,-249
121000172,2152,2870,-718
121000173,2877,2946,-69
121000174,1441,1269,172
121000175,3515,1648,1867
121000176,1383,532,851
121000177,1269,1606,-337
121000178,138,221,-83
121000179,72,150,-78
121000181,514,631,-117
121000182,595,761,-166
121000183,123,335,-212
121000184,39,696,-657
121000185,75,832,-757
121000186,565,1833,-1268
121000187,527,150,377
121000188,756,140,616
121000192,1820,654,1166
121000193,1445,513,932
121000194,3504,3810,-306
121000195,498,2775,-2277
121000196,1103,1248,-145
121000197,156,3314,-3158
121000198,277,714,-437
121000199,303,1463,-1160
121000200,1202,522,680
121000201,43,820,-777
121000202,917,426,491
121000203,1657,3213,-1556
121000204,6053,1137,4916
121000205,181,391,-210
121000206,204,289,-85
121000207,4318,835,3483
121000208,2,481,-479
121000209,1668,124,1544
121000210,1717,722,995
121000211,1105,247,858
121000212,741,1231,-490
121000213,31238,5726,25512
121000214,2717,4326,-1609
121000215,1122,4477,-3355
121000216,942,1432,-490
121000217,6813,6287,526
121000218,686,4754,-4068
121000219,3012,1973,1039
121000220,471,175,296
121000221,376,1424,-1048
121000222,10584,6731,3853
121000223,331,1669,-1338
121000224,216,1082,-866
121000225,875,9393,-8518
121000226,1315,4124,-2809
121000227,30,214,-184
121000228,79,1380,-1301
121000229,1029,1080,-51
121000230,134,5819,-5685
121000231,3655,70,3585
121000232,1175,552,623
121000233,1291,578,713
121000234,8,87,-79
121000235,80,94,-14
121000236,15,38,-23
121000237,36,41,-5
121000238,13,125,-112
121000239,140,15,125
121000240,19,216,-197
121000241,147,19,128
121000242,38,397,-359
121000243,175,76,99
121000244,0,61,-61
121000245,41,31,10
121000246,1,96,-95
121000247,155,6,149
121000248,711,773,-62
121000249,201,745,-544
121000250,1053,1032,21
121000251,29,438,-409
121000252,221,238,-17
121000253,932,1755,-823
121000254,1439,772,667
121000255,316,1028,-712
121000256,747,1089,-342
121000257,53,358,-305
121000258,71,551,-480
121000259,50,331,-281
121000260,40,499,-459
121000261,69,566,-497
121000262,4767,577,4190
121000263,658,811,-153
121000271,1955,2708,-753
121000273,30,79,-49
121000274,48,467,-419
121000275,2,38,-36
121000276,20,139,-119
121000278,190,132,58
121000279,158,252,-94
121000280,121,270,-149
121000289,1040,26,1014
121000290,3427,2939,488
121000294,605,78,527
121000297,646,1973,-1327
121000299,209,9837,-9628
121000300,3642,1268,2374
121000302,15,1117,-1102
121000303,1182,458,724
121000304,717,107,610
121000305,484,180,304
121000306,393,611,-218
121000308,95,453,-358
121000309,394,715,-321
121000310,180,522,-342
121000311,90,520,-430
121000312,1144,839,305
121000313,593,492,101
121000314,67,94,-27
121000315,21,108,-87
121000530,4332,4017,315
121000531,4282,2756,1526
121000532,8976,8381,595
121000533,6041,6294,-253
121000918,27,112,-85
121000919,28,145,-117
121000938,137,99,38
121000939,24,411,-387
121000956,2888,3959,-1071
121000957,5,150,-145
121000958,10,831,-821
121000959,2962,491,2471
121000960,3471,2096,1375
121000961,770,86,684
121000962,494,510,-16
121000973,3,556,-553
121000976,39,130,-91
121000979,972,357,615
121000981,907,138,769
121000982,793,454,339
121000983,1382,254,1128
121000984,7,219,-212
121000985,2455,866,1589
121000986,1201,561,640
121000987,513,1090,-577
121000988,2239,240,1999
121001302,538,327,211
121001308,0,177,-177
121001309,132,563,-431
121001311,0,0,0
121001313,604,185,419
121001314,3711,2440,1271
121001315,8896,6374,2522
121001318,0,0,0
121900001,291,734,-443
121900002,59,357,-298
121900003,426,10,416
121900004,56,2442,-2386
121900005,36,9,27
121900006,328,60,268
121900007,4258,3085,1173
121900008,21,320,-299
121900009,2334,48,2286
121900010,475,1,474
121900011,472,178,294
121900012,12,1,11
121900013,321,188,133
121900014,7216,688,6528
121900015,220,327,-107
121900016,31,110,-79
121900017,1075,1872,-797
121900018,1138,12,1126
121900019,1499,283,1216
121900020,116,2,114
121900021,2884,131,2753
121900022,465,451,14
121900023,796,881,-85
121900024,1336,56,1280
121900025,1199,1083,116
121900026,752,188,564
121900027,727,485,242
121900028,429,40,389
121900029,309,1000,-691
121900030,667,1059,-392
121900031,3450,11577,-8127
121900032,262,197,65
121900033,272,538,-266
121900034,306,963,-657
121900035,14130,6999,7131
121900036,311,732,-421
121900037,256,2272,-2016
121900038,125,167,-42
121900039,410,52,358
121900040,95,280,-185
121900041,57,369,-312
121900042,967,374,593
121900043,1,11,-10
121900044,125,42,83
121900046,238,482,-244
121900047,298,119,179
121900048,153,136,17
121900050,49,127,-78
121900051,254,603,-349
121900052,480,101,379
121900053,838,1115,-277
121900054,403,3290,-2887
121900055,11,17,-6
121900058,720,841,-121
121900059,610,215,395
121900060,250,1594,-1344
121900061,253,241,12
121900062,136,149,-13
121900063,2765,1750,1015
121900064,751,1339,-588
121900066,237,42,195
121900067,127,98,29
121900069,276,567,-291
121900070,175,426,-251
121900071,1410,803,607
121900072,52,410,-358
121900073,329,728,-399
121900074,736,1073,-337
121900075,388,1631,-1243
121900076,882,2879,-1997
121900077,64,45,19
121900078,364,56,308
121900079,0,1,-1
121900080,1976,529,1447
121900082,138,239,-101
121900084,62,61,1
121900085,3,12,-9
121900086,46,49,-3
121900087,116,185,-69
121900088,2356,3349,-993
121900089,954,378,576
121900090,32,108,-76
121900091,169,42,127
121900092,359,150,209
121900093,138,130,8
121900094,10,33,-23
121900095,696,199,497
121900096,1836,1503,333
121900097,1667,252,1415
121900098,51,3,48
121900099,624,61,563
121900100,99,204,-105
121900101,137,196,-59
121900102,4,192,-188
121900103,680,602,78
121900104,3835,1337,2498
121900105,445,315,130
121900106,12,15,-3
121900107,314,57,257
121900108,5,122,-117
121900109,370,189,181
121900110,1663,1233,430
121900111,1142,839,303
121900112,209,379,-170
121900113,162,1054,-892
121900114,69,126,-57
121900117,244,828,-584
121900118,4979,1608,3371
121900119,228,105,123
121900120,446,1864,-1418
121900121,1029,45,984
121900122,93,102,-9
121900123,540,553,-13
121900124,459,393,66
121900125,6612,2506,4106
121900127,12,268,-256
121900128,152,95,57
121900129,375,132,243
121900130,210,836,-626
121900131,555,424,131
121900132,141,139,2
121900133,18,866,-848
121900134,24,896,-872
121900135,9059,671,8388
121900136,444,1008,-564
121900137,101,595,-494
121900138,83,505,-422
121900139,556,5864,-5308
121900140,90,122,-32
121900141,97,153,-56
121900142,203,82,121
121900143,56,229,-173
121900144,273,1123,-850
121900145,310,494,-184
121900146,789,1152,-363
121900147,80,761,-681
121900148,562,753,-191
121900149,671,533,138
121900150,71,479,-408
121900151,50,717,-667
121900152,344,120,224
121900153,69,275,-206
121900154,41,822,-781
121900155,8,1047,-1039
121900156,414,343,71
121900157,3,520,-517
121900158,148,203,-55
121900159,0,205,-205
121900160,110,310,-200
121900161,355,853,-498
121900162,137,351,-214
121900163,897,270,627
121900164,356,475,-119
121900165,323,517,-194
121900166,220,212,8
121900167,82,97,-15
121900168,196,89,107
121900169,44,645,-601
121900170,31,223,-192
121900171,2049,1334,715
121900172,1303,810,493
121900173,1473,811,662
121900174,182,70,112
121900175,163,2082,-1919
121900176,1085,3770,-2685
121900177,268,157,111
121900178,145,155,-10
121900179,723,848,-125
121900180,2800,9796,-6996
121900182,1236,2227,-991
121900183,298,2918,-2620
121900184,45,1874,-1829
121900186,13,879,-866
121900187,22,238,-216
121900188,3523,328,3195
121900189,301,206,95
121900190,433,976,-543
121900191,65,515,-450
121900192,401,4470,-4069
121900193,116,640,-524
121900194,12,309,-297
121900195,12,92,-80
121900196,2107,1688,419
121900197,518,1669,-1151
121900198,6424,4964,1460
121900199,2,26,-24
121900200,71,444,-373
121900201,2281,1352,929
121900202,463,2048,-1585
121900203,220,2419,-2199
121900204,3893,2552,1341
121900205,31,180,-149
121900206,18,370,-352
121900207,64,188,-124
121900208,200,2467,-2267
121900209,190,142,48
121900210,4014,2126,1888
121900211,150,187,-37
121900212,32,466,-434
121900213,1031,50,981
121900214,13,1018,-1005
121900215,87,539,-452
121900216,16,814,-798
121900217,571,610,-39
121900218,208,1176,-968
121900220,172,31,141
121900221,2251,876,1375
121900222,758,160,598
121900223,320,292,28
121900224,235,230,5
121900225,252,1319,-1067
121900226,491,25,466
121900227,638,5446,-4808
121900228,483,208,275
121900230,131,736,-605
121900231,67,2598,-2531
121900232,259,1180,-921
121900233,1465,325,1140
121900234,659,760,-101
121900235,1495,288,1207
121900236,705,446,259
121900237,390,1678,-1288
121900238,339,1000,-661
121900239,240,141,99
121900240,199,423,-224
121900241,104,65,39
121900242,38,2,36
121900243,20,1,19
121900244,32,12,20
121900245,795,45,750
121900246,12989,782,12207
121900247,967,539,428
121900248,4005,1295,2710
121900250,220,411,-191
121900251,1305,30,1275
121900252,765,230,535
121900253,56,1726,-1670
121900254,460,624,-164
121900255,1181,375,806
121900258,9524,2835,6689
121900259,180,964,-784
121900260,331,317,14
121900261,146,1490,-1344
121900262,1317,2625,-1308
121900263,449,276,173
121900264,1793,1186,607
121900265,954,254,700
121900266,1248,300,948
121900267,487,50,437
121900269,759,1965,-1206
121900270,120,436,-316
121900271,192,403,-211
121900273,807,3840,-3033
121900274,770,481,289
121900277,408,3021,-2613
121900278,204,4661,-4457
121900279,394,443,-49
121900280,132,561,-429
121900281,172,705,-533
121900284,65,4,61
121900286,513,344,169
121900287,8,94,-86
121900288,2,0,2
121900290,346,2499,-2153
121900291,683,3177,-2494
121900292,281,305,-24
121900293,1255,13999,-12744
121900294,747,19,728
121900295,364,172,192
121900296,193,496,-303
121900298,284,2517,-2233
121900299,0,22,-22
121900300,117,8,109
121900301,36,4,32
121900302,10,134,-124
121900303,256,2070,-1814
121900304,119,51,68
121900305,65,52,13
121900306,692,10,682
121900307,439,29,410
121900308,23,447,-424
121900309,13,367,-354
121900310,11,234,-223
121900311,1267,69,1198
121900312,990,71,919
121900313,945,122,823
121900314,11,18,-7
121900315,80,11,69
121900316,0,4,-4
121900317,33,36,-3
121900318,0,5,-5
121900319,118,427,-309
121900320,263,27,236
121900321,40,4,36
121900322,26,17,9
121900323,119,41,78
121900324,4,105,-101
121900325,60,1,59
121900326,2,7,-5
121900327,1,59,-58
121900328,2,131,-129
121900329,1,48,-47
121900330,1,74,-73
121900331,54,152,-98
121900332,76,78,-2
121900333,190,5,185
121900334,4,11,-7
122000001,2658,5684,-3026
122000002,3561,1415,2146
122000003,1542,3248,-1706
122000004,1645,1607,38
122000005,11282,2842,8440
122000006,725,1901,-1176
122000007,832,2197,-1365
122000008,1629,4049,-2420
122000009,719,667,52
122000010,3784,4052,-268
122000011,8870,3107,5763
122000012,1148,5334,-4186
122000013,815,2977,-2162
122000014,9127,2853,6274
122000015,1608,1157,451
122000016,655,743,-88
122000017,2111,2280,-169
122000018,5012,3606,1406
122000019,1534,4479,-2945
122000020,259,1011,-752
122000021,237,592,-355
122000022,2171,2848,-677
122000023,2000,4140,-2140
122000024,561,4711,-4150
122000025,766,5580,-4814
122000026,375,1546,-1171
122000027,1383,1212,171
122000028,4615,1634,2981
122000029,390,3311,-2921
122000030,242,656,-414
122000031,277,1025,-748
122000032,9325,4863,4462
122000033,658,6475,-5817
122000034,352,1929,-1577
122000035,447,768,-321
122000036,710,1828,-1118
122000037,1864,403,1461
122000038,332,925,-593
122000039,729,1509,-780
122000040,267,718,-451
122000041,3177,1822,1355
122000042,666,1525,-859
122000043,133,366,-233
122000044,117,219,-102
122000045,3651,1726,1925
122000046,1618,2675,-1057
122000047,86,426,-340
122000048,2954,7115,-4161
122000049,11864,7215,4649
122000050,900,1098,-198
122000051,348,850,-502
122000052,764,792,-28
122000053,586,1954,-1368
122000054,2975,4549,-1574
122000055,2222,4887,-2665
122000056,5332,3461,1871
122000057,7403,4486,2917
122000058,1072,2422,-1350
122000059,984,4773,-3789
122000060,381,1694,-1313
122000061,167,1100,-933
122000062,878,423,455
122000063,329,2086,-1757
122000064,4421,10369,-5948
122000065,3140,7358,-4218
122000066,1143,5398,-4255
122000067,2031,3775,-1744
122000068,9825,2669,7156
122000069,2965,2546,419
122000070,3569,2992,577
122000071,7085,2164,4921
122000072,2893,1397,1496
122000073,249,2828,-2579
122000074,4158,3598,560
122000075,2272,1648,624
122000076,13426,3313,10113
122000077,760,3192,-2432
122000078,540,4017,-3477
122000079,288,5024,-4736
122000080,631,878,-247
122000081,143,523,-380
122000082,350,2026,-1676
122000083,19145,1790,17355
122000084,7548,3297,4251
122000085,638,1810,-1172
122000086,6073,15464,-9391
122000087,410,399,11
122000088,63,466,-403
122000089,11519,5470,6049
122000090,1563,3806,-2243
122000091,153,2402,-2249
122000092,36,211,-175
122000093,2649,10210,-7561
122000094,13045,5591,7454
122000095,1085,10842,-9757
122000096,522,6172,-5650
122000098,7414,6479,935
122000099,663,3700,-3037
122000100,1027,1147,-120
122000101,469,1341,-872
122000102,8928,2435,6493
122000103,2060,4916,-2856
122000104,3061,271,2790
122000105,369,978,-609
122000106,944,3151,-2207
122000107,2088,737,1351
122000108,1205,1381,-176
122000109,543,377,166
122000110,1199,919,280
122000111,4998,2224,2774
122000112,3358,2980,378
122000113,1057,1516,-459
122000114,2142,6390,-4248
122000115,3654,2188,1466
122000116,474,1069,-595
122000117,2573,831,1742
122000118,1456,847,609
122000119,3061,1359,1702
122000120,1259,2514,-1255
122000121,928,1664,-736
122000122,434,956,-522
122000123,1610,2309,-699
122000124,1021,690,331
122000125,612,864,-252
122000126,547,674,-127
122000127,617,591,26
122000128,389,549,-160
122000129,694,4389,-3695
122000130,5690,1247,4443
122000131,2592,1091,1501
122000132,359,451,-92
122000133,1707,1095,612
122000134,2220,959,1261
122000135,787,315,472
122000136,1400,696,704
122000137,5143,1813,3330
122000139,1306,7015,-5709
122000140,198,3152,-2954
122000141,10457,5577,4880
122000142,206,6476,-6270
122000143,484,389,95
122000144,3370,2571,799
122000145,1111,4213,-3102
122000146,673,7519,-6846
122000147,671,2179,-1508
122000148,427,2465,-2038
122000149,3257,1389,1868
122000150,2705,2094,611
122000151,292,519,-227
122000152,747,778,-31
122000153,889,786,103
122000154,432,324,108
122000155,1777,6074,-4297
122000156,17260,7771,9489
122000157,859,17378,-16519
122000158,426,2294,-1868
122000159,1474,1778,-304
122000160,3715,1980,1735
122000161,1902,1495,407
122000162,1923,1582,341
122000163,1118,325,793
122000164,99,456,-357
122000165,1915,2865,-950
122000166,1232,4170,-2938
122000167,462,1229,-767
122000168,489,2499,-2010
122000169,894,502,392
122000170,542,668,-126
122000171,54,153,-99
122000172,4574,2757,1817
122000173,2979,5603,-2624
122000174,1715,3686,-1971
122000175,1128,740,388
122000176,644,2998,-2354
122000177,1350,2769,-1419
122000178,9017,6848,2169
122000179,5917,5669,248
122000180,820,1611,-791
122000181,887,2070,-1183
122000182,1981,2020,-39
122000183,4270,1632,2638
122000184,5109,4257,852
122000185,1708,5153,-3445
122000186,1229,4296,-3067
122000187,3078,3290,-212
122000188,679,643,36
122000189,445,630,-185
122000190,905,3387,-2482
122000191,1318,1406,-88
122000192,1852,805,1047
122000193,906,1787,-881
122000194,959,628,331
122000195,226,2803,-2577
122000196,1789,531,1258
122000197,762,1271,-509
122000198,740,5336,-4596
122000199,560,788,-228
122000200,1361,1527,-166
122000201,2009,4953,-2944
122000202,1312,3800,-2488
122000203,3250,2665,585
122000204,1728,2041,-313
122000205,1341,836,505
122000206,12114,2202,9912
122000207,3046,4648,-1602
122000208,3485,5871,-2386
122000209,4208,1519,2689
122000210,2935,6281,-3346
122000211,1602,4104,-2502
122000212,1337,761,576
122000213,1553,3489,-1936
122000214,3226,3301,-75
122000215,4505,3179,1326
122000217,2122,5026,-2904
122000218,1380,171,1209
122000219,3446,1802,1644
122000220,417,1216,-799
122000221,518,595,-77
122000222,862,213,649
122000223,992,1140,-148
122000225,851,1134,-283
122000226,2031,1892,139
122000227,359,2131,-1772
122000228,614,489,125
122000229,39,996,-957
122000230,78,1222,-1144
122000231,602,1234,-632
122000232,824,802,22
122000233,0,122,-122
122000234,1113,110,1003
122000235,1006,182,824
122000236,2787,116,2671
122000237,185,404,-219
122000238,630,1960,-1330
122000239,1445,1569,-124
122000240,2060,992,1068
122000241,6211,1023,5188
122000242,1159,274,885
122000243,783,65,718
122000244,148,728,-580
122000245,168,94,74
122000246,754,370,384
122000247,1318,1171,147
122000248,2448,1264,1184
122000249,2765,2177,588
122000250,3828,2184,1644
122000251,153,265,-112
122000252,320,187,133
122000253,226,289,-63
122000254,756,196,560
122000255,653,1047,-394
122000256,481,1048,-567
122000257,719,157,562
122000258,427,986,-559
122000259,67,780,-713
122000260,21,56,-35
122000261,10,511,-501
122000262,0,47,-47
122000263,479,486,-7
122000264,3286,852,2434
122000265,5637,2448,3189
122000266,6933,1362,5571
122000267,191,228,-37
122000268,309,653,-344
122000269,1817,675,1142
122000270,1241,668,573
122000271,345,6953,-6608
122000272,754,1969,-1215
122000273,1181,829,352
122000274,717,507,210
122000275,79,501,-422
122000276,2300,927,1373
122000277,1648,3188,-1540
122000278,3671,292,3379
122000279,485,605,-120
122000280,933,1449,-516
122000281,882,717,165
122000282,92,588,-496
122000283,346,376,-30
122000284,109,221,-112
122000285,546,123,423
122000286,126,185,-59
122000287,2941,1757,1184
122000288,700,367,333
122000291,5855,1511,4344
122000293,387,194,193
122000294,266,633,-367
122000295,1909,295,1614
122000296,55,2096,-2041
122000297,3305,6195,-2890
122000299,1205,629,576
122000300,597,712,-115
122000301,14203,5656,8547
122000302,941,8180,-7239
122000303,3440,1381,2059
122000304,43,426,-383
122000305,3946,867,3079
122000306,283,361,-78
122000307,228,240,-12
122000309,129,80,49
122000310,39,122,-83
122000311,27,224,-197
122000312,202,362,-160
122000313,65,225,-160
122000314,278,962,-684
122000315,535,47,488
122000316,2792,622,2170
122000317,5207,522,4685
122000318,426,3567,-3141
122000319,160,487,-327
122000320,485,1687,-1202
122000321,195,362,-167
122000322,2705,4087,-1382
122000323,784,4329,-3545
122000324,2826,3849,-1023
122000325,1231,6186,-4955
122000326,224,183,41
122000327,496,2362,-1866
122000328,848,1773,-925
122000330,5044,4274,770
122000332,568,943,-375
122000333,49,75,-26
122000337,2737,509,2228
122000338,941,380,561
122000340,332,6934,-6602
122000342,3417,1581,1836
122000343,1053,703,350
122000344,257,14,243
122000345,40,44,-4
122000346,266,272,-6
122000348,1113,1251,-138
122000349,85,947,-862
122000351,380,453,-73
122000352,262,321,-59
122000353,325,144,181
122000355,219,541,-322
122000356,353,4131,-3778
122000357,97,37,60
122000358,5,17,-12
122000359,0,31,-31
122000360,0,7,-7
122000362,38,28,10
122000364,611,252,359
122000365,6,117,-111
122000366,33,29,4
122000368,814,1203,-389
122000370,59,19,40
122000371,94,0,94
122000372,33,6,27
122000381,442,680,-238
122000382,83,281,-198
122000384,1828,2012,-184
122000385,222,1,221
122000386,215,4316,-4101
122000387,657,3958,-3301
122000388,2208,3331,-1123
122000389,531,2504,-1973
122000390,416,1631,-1215
122000391,152,2916,-2764
122000392,342,350,-8
122000393,78,212,-134
122000394,1739,435,1304
122000395,276,255,21
122000396,809,139,670
122000397,70,192,-122
122000398,16,349,-333
122000399,244,118,126
122000400,36,2840,-2804
122000401,314,94,220
122000402,973,337,636
122000403,1086,824,262
122000404,547,333,214
122000408,745,1214,-469
122000503,3,187,-184
122000524,100,1072,-972
122000544,138,6062,-5924
122000616,276,4,272
122000640,226,79,147
122000641,467,265,202
122000642,2990,824,2166
122000643,50,514,-464
122000644,474,144,330
122000645,20,257,-237
122000651,624,4941,-4317
122000664,377,232,145
122000665,3655,1264,2391
122000666,730,1349,-619
122000673,75,203,-128
122000674,1152,561,591
122000675,4373,1002,3371
122000686,1536,4331,-2795
122000687,3733,419,3314
122000688,514,904,-390
122000689,2553,730,1823
122000690,6821,3122,3699
122000691,1753,2280,-527
122000692,2245,473,1772
122000693,452,1237,-785
122000695,706,383,323
122000696,1527,354,1173
122000698,974,310,664
122000699,1130,292,838
122000701,4978,335,4643
122000702,849,1974,-1125
122000703,449,218,231
122000717,232,167,65
122000718,513,5051,-4538
122000719,59,236,-177
122000720,1689,241,1448
122000724,193,26,167
122900001,41,46,-5
122900002,1246,13101,-11855
122900003,1260,48,1212
122900004,2624,286,2338
122900005,63,217,-154
122900006,448,1304,-856
122900007,197,570,-373
122900008,275,178,97
122900009,1874,570,1304
122900010,459,248,211
122900012,340,706,-366
122900014,184,150,34
122900015,1888,1431,457
122900016,376,299,77
122900017,433,3706,-3273
122900018,399,15,384
122900019,21,106,-85
122900020,359,471,-112
122900021,55,740,-685
122900022,2652,1419,1233
122900023,1726,276,1450
122900024,131,204,-73
122900025,3,441,-438
122900026,12,229,-217
122900027,59,1181,-1122
122900028,120,107,13
122900029,15257,3459,11798
122900030,7715,816,6899
122900031,92,631,-539
122900032,2052,744,1308
122900033,264,274,-10
122900034,8697,7927,770
122900035,42,31,11
122900036,105,55,50
122900037,805,893,-88
122900038,131,5141,-5010
122900039,118,773,-655
122900040,358,2878,-2520
122900041,203,702,-499
122900042,267,475,-208
122900043,794,697,97
122900044,233,623,-390
122900045,261,662,-401
122900046,224,649,-425
122900047,110,299,-189
122900048,38,785,-747
122900049,8206,310,7896
122900051,156,2631,-2475
122900052,265,103,162
122900053,12,46,-34
122900055,899,143,756
122900057,547,64,483
122900061,1064,81,983
122900062,970,1474,-504
122900063,467,223,244
122900064,1263,508,755
122900065,1036,355,681
122900066,1254,483,771
122900067,1234,825,409
122900068,194,405,-211
122900069,822,3536,-2714
122900070,668,175,493
122900071,172,558,-386
122900072,21,457,-436
122900073,16,150,-134
122900074,2165,191,1974
122900075,4,473,-469
122900076,11,674,-663
122900077,3,87,-84
122900078,426,11,415
122900080,40,89,-49
122900081,283,439,-156
122900082,3156,154,3002
122900083,441,96,345
122900084,21,176,-155
122900086,26,200,-174
122900087,914,760,154
122900088,54,1226,-1172
122900089,147,765,-618
122900090,12,435,-423
122900091,786,2,784
122900092,1,202,-201
122900093,1,123,-122
122900094,1,200,-199
122900095,410,48,362
122900096,1038,254,784
122900097,41,112,-71
122900098,16,163,-147
122900099,186,90,96
122900100,98,1144,-1046
122900101,770,477,293
122900102,72,120,-48
122900103,550,7,543
122900104,643,13,630
122900105,22,35,-13
122900106,1,77,-76
122900107,8,101,-93
122900108,2,165,-163
123000001,1096,1948,-852
123000002,3243,10195,-6952
123000003,8875,7884,991
123000004,6054,5281,773
123000005,6339,3735,2604
123000006,5086,2870,2216
123000007,6851,4331,2520
123000008,5167,5242,-75
123000009,6781,6282,499
123000010,4740,8644,-3904
123000011,2523,3959,-1436
123000012,1258,10044,-8786
123000013,10438,3065,7373
123000014,1298,5894,-4596
123000015,5004,1933,3071
123000016,4708,5169,-461
123000017,7158,3202,3956
123000018,215,236,-21
123000019,1718,70,1648
123000020,1008,57,951
123000021,672,786,-114
123000022,1268,4135,-2867
123000023,3847,6086,-2239
123000024,3326,2270,1056
123000025,235,366,-131
123000026,27,384,-357
123000027,68,1717,-1649
123000028,525,3128,-2603
123000029,556,2154,-1598
123000030,499,355,144
123000031,845,347,498
123000032,1325,334,991
123000033,813,421,392
123000034,2408,1344,1064
123000035,1155,1012,143
123000036,407,2692,-2285
123000037,349,316,33
123000038,145,607,-462
123000039,861,2499,-1638
123000040,714,384,330
123000041,988,3286,-2298
123000042,670,2003,-1333
123000043,3083,26541,-23458
123000044,4256,4005,251
123000045,6783,3569,3214
123000046,271,2013,-1742
123000047,683,1914,-1231
123000048,119,2824,-2705
123000049,8133,17476,-9343
123000050,5115,3201,1914
123000051,213,527,-314
123000052,1548,5386,-3838
123000053,4633,4136,497
123000054,5630,3837,1793
123000055,3546,10970,-7424
123000056,2566,1095,1471
123000057,6111,10738,-4627
123000058,1463,3032,-1569
123000059,450,689,-239
123000060,2246,682,1564
123000061,645,779,-134
123000063,3063,2022,1041
123000064,3327,437,2890
123000065,6465,6090,375
123000066,803,959,-156
123000067,2332,1283,1049
123000068,2936,3117,-181
123000069,4974,1884,3090
123000070,362,873,-511
123000071,5046,1321,3725
123000072,2512,851,1661
123000073,5101,1496,3605
123000074,2627,1894,733
123000075,860,4029,-3169
123000076,1925,854,1071
123000077,4601,2226,2375
123000078,6642,2088,4554
123000079,6747,3143,3604
123000080,6253,1869,4384
123000081,765,737,28
123000082,767,1320,-553
123000083,2886,307,2579
123000084,2196,826,1370
123000085,1165,207,958
123000086,2641,362,2279
123000087,1058,382,676
123000088,2939,1114,1825
123000089,2456,2125,331
123000090,3652,1591,2061
123000091,4416,2508,1908
123000092,2054,2836,-782
123000094,1856,364,1492
123000095,2426,2157,269
123000096,3005,842,2163
123000097,2021,553,1468
123000098,2562,923,1639
123000099,2007,548,1459
123000100,547,1608,-1061
123000101,888,728,160
123000102,1070,2124,-1054
123000104,810,763,47
123000105,670,449,221
123000106,1250,644,606
123000107,671,560,111
123000108,1189,1602,-413
123000111,2624,901,1723
123000112,3177,772,2405
123000113,1424,1334,90
123000114,799,1610,-811
123000115,784,856,-72
123000116,105,249,-144
123000117,5695,2494,3201
123000118,1173,678,495
123000119,515,746,-231
123000120,551,1306,-755
123000121,1254,1613,-359
123000122,764,652,112
123000123,1042,1030,12
123000124,799,642,157
123000125,2813,1831,982
123000126,1769,10179,-8410
123000127,655,787,-132
123000128,577,472,105
123000129,2082,400,1682
123000130,2178,129,2049
123000131,3565,1548,2017
123000132,664,1214,-550
123000133,295,469,-174
123000134,510,174,336
123000135,5978,1849,4129
123000136,427,769,-342
123000137,359,352,7
123000138,363,467,-104
123000139,1294,447,847
123000140,62,609,-547
123000141,1423,262,1161
123000142,1868,1203,665
123000143,1265,3077,-1812
123000144,4,107,-103
123000145,391,1067,-676
123000146,32,341,-309
123000147,130,500,-370
123000149,558,636,-78
123000150,209,447,-238
123000151,224,952,-728
123000152,69,1550,-1481
123000153,151,1429,-1278
123000154,1948,3232,-1284
123000155,3439,3247,192
123000156,95,157,-62
123000157,1708,1607,101
123000158,915,1616,-701
123000159,5610,11582,-5972
123000160,2419,3319,-900
123000161,2863,2417,446
123000162,4102,4019,83
123000163,1676,870,806
123000164,5348,511,4837
123000165,414,1574,-1160
123000166,47,95,-48
123000167,277,431,-154
123000168,838,189,649
123000169,2313,369,1944
123000170,227,79,148
123000171,3353,12,3341
123000172,156,732,-576
123000173,1513,1972,-459
123000174,1644,905,739
123000175,565,1377,-812
123000176,1873,1130,743
123000177,703,1754,-1051
123000178,2375,496,1879
123000179,68,1080,-1012
123000180,3289,722,2567
123000181,507,1276,-769
123000182,511,1082,-571
123000183,338,897,-559
123000184,90,954,-864
123000185,2169,1495,674
123000186,30,369,-339
123000187,1417,37,1380
123000188,985,7,978
123000189,440,179,261
123000190,166,64,102
123000192,5,450,-445
123000193,14,736,-722
123000194,323,248,75
123000195,1075,25,1050
123000196,1435,64,1371
123000197,194,224,-30
123000198,220,294,-74
123000199,56,447,-391
123000200,1662,12,1650
123000201,3664,52,3612
123000202,29,474,-445
123000203,3292,105,3187
123000204,101,622,-521
123000205,213,881,-668
123000206,6692,455,6237
123000207,107,956,-849
123000208,1738,288,1450
123000209,3980,1214,2766
123000210,152,1828,-1676
123000211,702,2048,-1346
123000212,9922,872,9050
123000213,1222,72,1150
123000215,113,417,-304
123000216,284,2548,-2264
123000217,439,111,328
123000218,41,1266,-1225
123000219,1680,200,1480
123000220,1419,397,1022
123000221,374,651,-277
123000222,767,659,108
123000223,1444,455,989
123000224,1100,475,625
123000225,576,125,451
123000226,200,1504,-1304
123000227,184,362,-178
123000228,777,61,716
123000229,1091,1602,-511
123000232,462,747,-285
123000233,1738,228,1510
123000234,204,924,-720
123000235,3080,427,2653
123000236,708,785,-77
123000237,950,265,685
123000238,76,534,-458
123000239,524,1040,-516
123000240,156,2294,-2138
123000241,1101,293,808
123000242,430,659,-229
123000243,1273,1363,-90
123000244,1137,646,491
123000245,94,187,-93
123000249,835,1338,-503
123000252,1944,814,1130
123000253,3214,1294,1920
123000254,1370,1212,158
123000255,2051,1382,669
123000256,64,385,-321
123000257,4471,2129,2342
123000258,1640,1020,620
123000259,1259,789,470
123000260,1465,389,1076
123000261,752,308,444
123000262,82,174,-92
123000263,1027,123,904
123000264,282,149,133
123000265,63,192,-129
123000266,906,754,152
123000267,1571,645,926
123000268,103,66,37
123000269,62,281,-219
123000270,78,164,-86
123000271,58,105,-47
123000272,1225,376,849
123000273,545,2136,-1591
123000274,2257,1951,306
123000275,455,1275,-820
123000278,3203,8484,-5281
123000279,455,157,298
123000280,601,484,117
123000281,766,429,337
123000282,254,670,-416
123000283,391,231,160
123000284,121,88,33
123000286,165,1089,-924
123000287,645,912,-267
123000288,1223,2880,-1657
123000289,286,3606,-3320
123000291,224,2064,-1840
123000294,141,197,-56
123000295,894,2375,-1481
123000296,1410,1023,387
123000297,1817,590,1227
123000298,2567,564,2003
123000299,193,140,53
123000300,3086,1898,1188
123000301,304,1193,-889
123000302,447,174,273
123000303,135,903,-768
123000305,1959,1540,419
123000306,490,100,390
123000309,113,183,-70
123000310,148,112,36
123000311,1,372,-371
123000312,953,731,222
123000313,1147,1187,-40
123000315,367,409,-42
123000316,1510,542,968
123000317,598,332,266
123000318,127,575,-448
123000329,2,48,-46
123000337,441,333,108
123000338,131,372,-241
123000339,903,33,870
123000340,142,592,-450
123000342,7,211,-204
123000343,488,38,450
123000344,726,206,520
123000345,698,553,145
123000346,1265,164,1101
123000352,3317,1547,1770
123000353,177,240,-63
123000354,1142,21,1121
123000355,0,533,-533
123000356,1205,41,1164
123000357,12,173,-161
123000359,57,101,-44
123000360,752,591,161
123000361,1198,429,769
123000362,847,299,548
123000363,339,388,-49
123000364,949,1145,-196
123000365,53,726,-673
123000366,557,7143,-6586
123000367,730,1111,-381
123000370,73,2588,-2515
123000371,1133,642,491
123000372,893,230,663
123000373,60,517,-457
123000374,24,174,-150
123000375,1057,155,902
123000376,1824,1910,-86
123000377,1416,43,1373
123000378,25,528,-503
123000379,33,999,-966
123000380,18,611,-593
123000381,90,285,-195
123000382,1148,276,872
123000383,213,1696,-1483
123000384,1496,360,1136
123000385,426,1315,-889
123000436,146,3406,-3260
123000507,92,211,-119
123000508,277,2658,-2381
123000517,375,36,339
123000518,59,174,-115
123000519,379,136,243
123000520,64,90,-26
123000521,1106,117,989
123000522,374,310,64
123000541,36,1,35
123000542,0,21,-21
123000565,1647,94,1553
123000566,1436,142,1294
123000567,294,95,199
123000573,90,867,-777
123000574,2224,179,2045
123000575,4617,724,3893
123000576,1694,1238,456
123000577,183,1856,-1673
123000578,970,474,496
123000579,1506,14316,-12810
123000580,276,253,23
123000582,1482,55,1427
123000583,35,690,-655
123000584,380,454,-74
123000585,0,102,-102
123000586,629,2,627
123000596,191,110,81
123000597,167,299,-132
123000602,258,16,242
123000603,3362,692,2670
123000604,2041,452,1589
123000605,2018,192,1826
123000606,2,1383,-1381
123000609,39,667,-628
123000610,211,174,37
123000613,128,165,-37
123000614,677,101,576
123000615,131,79,52
123000616,2813,54,2759
123000617,249,485,-236
123000618,47,903,-856
123000619,755,47,708
123000620,26,435,-409
123000622,1152,27,1125
123000624,490,109,381
123000630,4660,1093,3567
123000631,597,789,-192
123000632,1302,1175,127
123000633,1,377,-376
123000634,127,1188,-1061
123000635,164,354,-190
123000636,81,907,-826
123000637,544,132,412
123000638,1700,96,1604
123000639,1633,14975,-13342
123000640,10,560,-550
123000648,989,236,753
123000649,72,706,-634
123900001,1755,253,1502
123900002,52,3270,-3218
123900003,206,707,-501
123900005,615,531,84
123900006,1071,260,811
124000001,3537,369,3168
124000002,62,1819,-1757
124000003,2708,328,2380
124000004,134,564,-430
124000005,2385,2872,-487
124000006,358,672,-314
124000007,2504,309,2195
124000008,9,896,-887
124000009,1527,1113,414
124000010,636,764,-128
124000011,1790,2149,-359
124000012,447,546,-99
124000017,609,218,391
124000018,231,107,124
124000019,639,302,337
124000020,39,203,-164
124000021,318,179,139
124000022,97,197,-100
124000023,2956,2498,458
124000024,1814,504,1310
124000025,2269,2800,-531
124000026,1634,1304,330
124000027,5237,5196,41
124000028,1925,4490,-2565
124000030,2325,1691,634
124000031,1971,16968,-14997
124000032,2155,939,1216
124000033,1389,1306,83
124000034,1350,1158,192
124000035,946,382,564
124000036,186,637,-451
124000037,608,1190,-582
124000038,6,182,-176
124000039,573,502,71
124000040,260,1318,-1058
124000041,1325,478,847
124000042,270,619,-349
124000043,304,256,48
124000044,112,377,-265
124000045,3619,702,2917
124000046,424,1211,-787
124000047,6039,1020,5019
124000048,1884,1021,863
124000049,3960,744,3216
124000050,1738,1267,471
124000051,2310,785,1525
124000052,1375,1020,355
124000053,535,4668,-4133
124000054,955,446,509
124000055,1870,12187,-10317
124000056,2111,1038,1073
124000057,3533,614,2919
124000058,1572,1434,138
124000059,2612,2275,337
124000060,740,659,81
124000061,2382,10758,-8376
124000062,4186,1568,2618
124000063,1774,1199,575
124000064,2128,1430,698
124000065,71,1632,-1561
124000066,451,189,262
124000067,367,300,67
124000068,224,354,-130
124000069,1392,396,996
124000070,1127,562,565
124000071,288,464,-176
124000072,753,1729,-976
124000073,1950,335,1615
124000074,605,926,-321
124000075,1013,111,902
124000076,43,122,-79
124000077,319,1321,-1002
124000078,1935,1632,303
124000079,339,1552,-1213
124000080,1907,450,1457
124000081,487,775,-288
124000082,147,278,-131
124000083,79,102,-23
124000084,44,1747,-1703
124000085,83,40,43
124000086,13,604,-591
124000087,158,493,-335
124000088,157,644,-487
124000089,1354,439,915
124000090,348,402,-54
124000091,1383,362,1021
124000092,528,1088,-560
124000093,282,217,65
124000094,254,894,-640
124000095,301,142,159
124000096,419,323,96
124000097,381,222,159
124000098,230,79,151
124000099,564,140,424
124000100,120,152,-32
124000101,312,381,-69
124000102,126,65,61
124000103,515,384,131
124000104,295,87,208
124000105,431,259,172
124000106,167,53,114
124000107,68,539,-471
124000108,75,9,66
124000109,319,196,123
124000110,177,118,59
124000111,668,166,502
124000112,1642,750,892
124000113,389,253,136
124000114,743,617,126
124000115,459,1045,-586
124000116,216,346,-130
124000117,49,116,-67
124000118,63,122,-59
124000119,1602,1659,-57
124000120,1325,1220,105
124000121,1573,1289,284
124000122,701,2001,-1300
124000123,1283,621,662
124000124,644,798,-154
124000125,776,493,283
124000126,480,580,-100
124000127,1825,471,1354
124000128,996,768,228
124000129,2596,1833,763
124000130,592,677,-85
124000131,1229,1196,33
124000132,770,903,-133
124000133,2630,1541,1089
124000134,1558,1145,413
124000135,2904,3539,-635
124000136,1126,1264,-138
124000137,1573,2252,-679
124000138,1190,1575,-385
124000139,809,258,551
124000140,14,822,-808
124000141,45,91,-46
124000142,13,483,-470
124000143,120,60,60
124000144,44,118,-74
124000145,175,362,-187
124000146,62,473,-411
124000148,16,123,-107
124000149,1831,461,1370
124000150,400,1273,-873
124000151,2265,881,1384
124000152,1444,1455,-11
124000153,1768,1456,312
124000154,997,1016,-19
124000155,1864,1165,699
124000156,1140,1382,-242
124000169,388,1709,-1321
124000170,1513,1137,376
124000171,590,903,-313
124000172,504,998,-494
124000173,1794,442,1352
124000174,931,801,130
124000175,45,107,-62
124000176,135,58,77
124000177,7,48,-41
124000178,98,100,-2
124000190,205,145,60
124000191,144,569,-425
124000192,2165,1994,171
124000193,426,7547,-7121
124000194,413,538,-125
124000195,644,812,-168
124000196,878,1106,-228
124000197,131,57,74
124000198,102,161,-59
124000201,89,785,-696
124000202,1232,150,1082
124000203,1650,249,1401
124000204,3609,1415,2194
124000205,238,453,-215
124000206,2458,529,1929
124000207,0,21,-21
124000209,380,297,83
124000210,2140,424,1716
124000211,2281,7,2274
124000212,0,176,-176
124000213,1494,144,1350
124000214,1457,525,932
124000215,1164,12,1152
124000216,5,257,-252
124000329,769,971,-202
124000338,666,750,-84
124000339,4606,82,4524
124000341,4796,168,4628
124000344,106,4,102
124000357,1778,5734,-3956
124000358,841,3034,-2193
124000359,2046,1367,679
124000360,2251,1089,1162
124000361,3743,1861,1882
124000362,2901,5285,-2384
124000363,622,352,270
124000364,893,759,134
124000365,1123,1328,-205
124000366,3486,877,2609
124000367,83,520,-437
124000368,561,2668,-2107
124000369,105,240,-135
124000370,65,1297,-1232
124000402,43,57,-14
124000403,327,78,249
124000404,67,152,-85
124000405,1117,935,182
124000406,802,526,276
124000407,3,39,-36
124000411,11,425,-414
124000412,915,5,910
124000413,265,599,-334
124000414,208,180,28
124000415,159,46,113
124000416,250,222,28
124000417,632,240,392
124000418,706,68,638
124000419,230,51,179
124000420,414,31,383
124000421,111,43,68
124000422,63,16,47
124000423,131,50,81
124000424,6,40,-34
124000425,99,74,25
124000426,16,122,-106
124000427,109,7,102
124000428,5,653,-648
124000429,252,48,204
124000430,1398,669,729
124000431,704,713,-9
124000432,502,1331,-829
124000439,13,1,12
124000443,5,9,-4
124000445,182,5339,-5157
124000446,1715,523,1192
124900001,1896,497,1399
124900002,372,265,107
124900003,2530,578,1952
124900004,2048,434,1614
124900005,384,99,285
124900006,1987,454,1533
124900008,875,758,117
124900009,203,757,-554
124900010,488,193,295
124900011,1592,450,1142
124900012,565,148,417
124900013,1164,252,912
124900014,589,190,399
124900015,314,655,-341
124900016,216,403,-187
124900017,546,6655,-6109
124900018,333,11,322
124900020,305,61,244
124900021,776,334,442
124900022,104,5,99
124900024,1174,6,1168
124900026,114,95,19
124900027,261,684,-423
124900028,427,165,262
124900029,33,1364,-1331
124900030,2,112,-110
124900031,76,286,-210
124900032,514,358,156
124900033,230,308,-78
124900034,21,409,-388
124900035,242,240,2
124900036,7,118,-111
124900037,259,189,70
124900038,254,265,-11
124900039,2,48,-46
124900040,255,109,146
124900041,717,905,-188
124900042,69,2,67
124900043,996,605,391
124900044,194,7,187
124900045,474,1649,-1175
124900046,748,341,407
124900047,101,250,-149
124900048,527,130,397
124900050,365,168,197
124900052,171,373,-202
124900053,288,563,-275
124900054,1285,655,630
124900055,0,97,-97
124900057,9,99,-90
124900060,63,446,-383
124900061,248,12,236
124900062,343,18,325
124900066,0,7,-7
124900067,23,104,-81
124900068,338,1380,-1042
124900070,126,72,54
124900072,532,68,464
124900075,1660,189,1471
124900076,35,4862,-4827
124900077,16,131,-115
124900078,277,30,247
124900079,311,503,-192
124900080,857,274,583
124900081,2435,323,2112
124900082,696,574,122
124900083,677,522,155
124900085,724,619,105
124900086,41,1717,-1676
124900087,386,182,204
124900088,143,140,3
124900089,766,27,739
124900090,1269,390,879
124900091,615,297,318
124900092,542,378,164
124900093,1376,386,990
124900094,1845,473,1372
124900095,307,1206,-899
124900096,557,166,391
124900097,1158,120,1038
124900098,340,386,-46
124900099,222,931,-709
124900100,1163,32,1131
124900101,142,491,-349
124900102,801,26,775
124900103,432,158,274
124900104,160,280,-120
124900105,211,168,43
124900106,766,121,645
124900107,408,69,339
124900108,311,246,65
124900111,0,172,-172
124900112,363,331,32
124900113,91,346,-255
124900114,144,334,-190
124900115,101,288,-187
124900116,768,910,-142
124900117,260,330,-70
124900118,163,2560,-2397
124900119,915,442,473
124900120,25,368,-343
124900121,135,962,-827
124900122,436,313,123
124900123,156,153,3
124900124,115,268,-153
204000001,336,30,306
204000002,8,32,-24
204000003,15,18,-3
204000004,7,14,-7
204000005,868,632,236
204000006,1567,1552,15
204000011,30,40,-10
204000012,160,196,-36
204000019,1955,613,1342
204000020,2065,1135,930
204000021,3060,1668,1392
204000022,2396,828,1568
204000023,1101,638,463
204000031,100,16,84
204000032,618,42,576
204000034,81,197,-116
204000035,1,1,0
204000036,14,65,-51
204000037,0,36,-36
204000038,2,7,-5
204000039,9,15,-6
204000040,25,39,-14
204000041,6,46,-40
204000042,90,35,55
204000043,45,7,38
204000044,121,17,104
204000045,129,6,123
204000046,29,2,27
204000057,36,7,29
204000062,81,11,70
204000068,47,1084,-1037
204000069,278,1140,-862
204000070,102,315,-213
204000080,304,244,60
204000085,1558,1241,317
204000086,3481,1451,2030
204000087,68,21,47
204000088,7,94,-87
204000090,118,429,-311
204000093,1286,116,1170
204000096,3367,1156,2211
204000097,1055,26,1029
204000099,1497,4288,-2791
204000100,2846,2212,634
204000105,2296,813,1483
204000110,540,1979,-1439
204000111,1212,1070,142
204000112,1195,1309,-114
204000113,516,1247,-731
204000114,1828,2130,-302
204000115,2720,1270,1450
204000116,1155,1826,-671
204000119,4533,2800,1733
204000132,1194,1056,138
204000133,1788,176,1612
204000134,474,82,392
204000135,1235,143,1092
204000136,760,568,192
204000138,440,1882,-1442
204000140,581,200,381
204000141,300,112,188
204000144,6,15,-9
204000145,1064,96,968
204000146,55,344,-289
204000147,39,1139,-1100
204000148,563,110,453
204000154,19,13,6
204000155,3,22,-19
204000177,88,350,-262
204000179,40,28,12
204000180,0,72,-72
204000222,13,10,3
204000235,201,49,152
204000236,76,290,-214
204000238,18,51,-33
204000240,659,119,540
204000263,1020,1483,-463
204000268,861,564,297
204000308,233,65,168
204000317,61,231,-170
204000322,82,135,-53
204000323,40,8,32
204000328,352,43,309
204000329,164,185,-21
204000330,350,18,332
204000331,120,249,-129
204010341,44,217,-173
205000001,1041,1570,-529
205000013,186,206,-20
205000014,230,109,121
205000015,308,92,216
205000016,145,249,-104
205000017,194,112,82
205000022,450,656,-206
205000025,2640,809,1831
205000029,814,58,756
205000045,486,355,131
205000046,511,541,-30
205000047,257,738,-481
205000048,833,622,211
205000049,377,564,-187
205000050,1882,353,1529
205000059,1,986,-985
205000060,3,1644,-1641
205000061,39,2461,-2422
205000062,10,2737,-2727
205000063,119,2757,-2638
205000064,235,690,-455
205000065,1008,793,215
205000066,503,474,29
205000067,285,689,-404
205000069,135,34,101
205000082,248,560,-312
205000110,111,314,-203
205000111,331,154,177
205000112,204,178,26
205000113,170,359,-189
205000121,329,195,134
205000123,222,287,-65
205000126,1230,125,1105
205000127,1430,138,1292
205000128,851,94,757
205000129,1633,99,1534
205000130,127,52,75
205000131,24,66,-42
205000132,114,52,62
205000133,112,3,109
205000134,592,0,592
205000137,604,118,486
205000138,757,490,267
205000139,88,192,-104
205000144,132,131,1
205000145,584,561,23
205000151,382,91,291
205000152,261,269,-8
205000153,296,255,41
205000154,188,346,-158
205000155,520,140,380
205000207,5,146,-141
205000233,32,1,31
205000234,0,1,-1
205000243,0,0,0
205000244,0,3,-3
205000245,13,287,-274
205000249,0,36,-36
205000250,5,2,3
205000264,48,164,-116
206000027,19,45,-26
206000028,33,39,-6
206000043,13,78,-65
206000053,14,40,-26
206000054,1,44,-43
206000055,0,29,-29
206000075,35,44,-9
206000076,67,12,55
206000077,68,19,49
206000078,27,31,-4
206000079,34,13,21
206000082,338,164,174
206000100,43,1024,-981
206000103,4,40,-36
206000104,8,35,-27
206000105,37,28,9
206000106,9,29,-20
206000108,883,167,716
206000125,215,0,215
206000157,31,633,-602
206000170,0,304,-304
206000171,34,214,-180
206000172,44,243,-199
206000173,10,112,-102
206000174,57,29,28
206000175,5,100,-95
206000176,36,167,-131
206000177,0,96,-96
206000178,4,535,-531
206000179,3,781,-778
206000180,15,145,-130
206000181,22,46,-24
206000182,15,79,-64
206000183,36,161,-125
206000184,4,92,-88
206000185,67,37,30
206000186,202,299,-97
206000223,19,663,-644
206000226,69,16,53
206000227,33,22,11
206000237,75,164,-89
206000238,86,246,-160
206000239,354,1814,-1460
206000240,0,79,-79
206000241,0,81,-81
206000242,28,219,-191
206000243,53,59,-6
206000244,147,157,-10
206000245,2465,228,2237
206000246,793,20,773
206000247,909,28,881
206000248,1111,242,869
206000252,170,142,28
206000258,5,57,-52
206000315,125,26,99
206000317,632,233,399
206000318,980,132,848
206000319,3374,206,3168
206000320,805,67,738
206000321,949,40,909
206000322,1475,148,1327
206000323,567,26,541
206000324,596,175,421
206000325,353,64,289
206000326,442,190,252
206000327,75,62,13
206000328,600,53,547
206000329,739,38,701
206000330,188,129,59
206000331,603,113,490
206000332,130,28,102
206000333,2530,3,2527
206000334,1288,4,1284
206000335,0,51,-51
206000361,6,164,-158
206000392,5,20,-15
206000405,300,1,299
206000441,108,44,64
206000498,67,5,62
206000515,77,90,-13
206000530,488,163,325
206000531,204,501,-297
206000532,1289,692,597
206000535,125,5028,-4903
206000536,31,97,-66
206000537,55,161,-106
206000613,816,390,426
207000001,274,401,-127
207000002,253,365,-112
207000003,287,210,77
207000007,2806,285,2521
207000008,619,31,588
207000009,228,52,176
207000010,833,432,401
207000012,801,351,450
207000015,612,749,-137
207000019,654,134,520
207000021,538,656,-118
207000022,492,325,167
207000023,515,261,254
207000024,2,75,-73
207000025,36,170,-134
207000026,161,67,94
207000027,53,87,-34
207000028,89,228,-139
207000029,197,628,-431
207000033,378,385,-7
207000034,588,193,395
207000039,1133,175,958
207000040,1374,81,1293
207000041,455,548,-93
207000042,721,238,483
207000043,399,360,39
207000051,219,466,-247
207000052,32,449,-417
207000053,511,405,106
207000054,89,104,-15
207000055,305,122,183
207000056,386,496,-110
207000057,226,254,-28
207000058,355,233,122
207000059,232,216,16
207000060,81,490,-409
207000061,116,1684,-1568
207000062,1250,66,1184
207000063,1237,381,856
207000064,652,207,445
207000065,577,283,294
207000066,816,285,531
207000067,124,148,-24
207000068,306,90,216
207000069,1510,449,1061
207000082,54,267,-213
207000083,268,364,-96
207000084,1005,596,409
207000085,523,94,429
207000086,821,14,807
207000106,180,44,136
207000107,425,25,400
207000108,246,4,242
207000109,196,15,181
207000110,98,239,-141
207000111,134,206,-72
207000112,151,2615,-2464
207000114,78,49,29
207000115,132,191,-59
207000116,52,485,-433
207000117,10,195,-185
207000118,5,267,-262
207000119,39,126,-87
207000123,640,17,623
207000124,261,17,244
207000125,97,32,65
207000126,100,39,61
207000134,368,242,126
207000135,79,420,-341
207000148,149,1195,-1046
207000149,138,45,93
207000152,208,715,-507
207000153,307,709,-402
207000154,541,367,174
207000159,444,211,233
207000160,618,257,361
207000238,0,131,-131
207000242,1,70,-69
207000248,91,88,3
207000249,274,67,207
207000250,901,239,662
207000251,202,195,7
207000252,81,79,2
207000278,288,247,41
207000279,132,140,-8
207000280,1654,100,1554
207000281,484,359,125
207000282,56,778,-722
207000283,21,216,-195
207000284,30,2085,-2055
207000285,113,141,-28
207000291,21,158,-137
207000304,75,141,-66
207000306,107,331,-224
207000310,263,161,102
207000353,282,1,281
207000356,29,271,-242
207000357,5,51,-46
207000358,6,36,-30
207000415,4,129,-125
207000417,124,8,116
207000418,139,115,24
207000438,0,2,-2
207000439,565,357,208
207000446,562,5,557
207000460,217,21,196
207000466,183,485,-302
207000467,974,196,778
207000468,155,166,-11
207000476,7,20,-13
207000477,1498,23,1475
207000478,1,62,-61
207000523,0,9,-9
207000524,88,0,88
207000527,473,210,263
207000530,2127,3,2124
207000531,749,38,711
207000532,347,367,-20
207000534,265,45,220
207000535,21,487,-466
207000537,20,224,-204
207000540,9,110,-101
207000541,1,199,-198
207000548,17,726,-709
207000549,968,200,768
207000561,473,301,172
207000562,66,135,-69
207000567,115,329,-214
207000568,963,97,866
207000569,2260,212,2048
207000584,102,283,-181
207000585,23,466,-443
207000587,13,53,-40
207000616,1,220,-219
207000617,328,0,328
207900008,800,127,673
208000001,1248,2325,-1077
208000002,1480,1523,-43
208000003,1616,693,923
208000004,1543,2085,-542
208000005,2,193,-191
208000019,2011,716,1295
208000020,628,250,378
208000021,652,630,22
208000022,2056,435,1621
208000028,1643,2943,-1300
208000033,986,424,562
208000034,1223,2001,-778
208000037,1387,125,1262
208000040,429,339,90
208000041,1964,975,989
208000042,2889,910,1979
208000047,252,305,-53
208000064,3106,2661,445
208000066,1707,2532,-825
208000070,1239,780,459
208000071,1432,405,1027
208000072,1562,833,729
208000080,650,1253,-603
208000081,774,185,589
208000082,1264,275,989
208000083,359,333,26
208000084,5,136,-131
208000085,1185,1123,62
208000086,1285,1637,-352
208000087,771,1224,-453
208000089,2072,605,1467
208000090,1902,558,1344
208000093,40,212,-172
208000094,1101,385,716
208000095,1331,969,362
208000104,2737,604,2133
208000105,1724,1348,376
208000114,199,773,-574
208000115,1017,656,361
208000116,2305,3054,-749
208000117,37,336,-299
208000118,306,670,-364
208000155,1290,2282,-992
208000158,2771,4208,-1437
208000186,1317,2994,-1677
208000204,1609,2610,-1001
208000205,3107,1681,1426
208000282,1177,1977,-800
209000004,1258,442,816
209000005,135,797,-662
209000006,551,747,-196
209000007,709,995,-286
209000010,491,705,-214
209000011,140,400,-260
209000012,249,622,-373
209000013,661,1218,-557
209000014,1067,1413,-346
209000025,1109,117,992
209000026,1916,336,1580
209000027,737,522,215
209000028,694,388,306
209000029,1575,3018,-1443
209000030,1422,2959,-1537
209000031,7403,2411,4992
209000034,455,822,-367
209000035,366,745,-379
209000036,739,465,274
209000037,963,518,445
209000038,366,327,39
209000039,221,182,39
209000040,514,834,-320
209000041,595,611,-16
209000042,1756,370,1386
209000043,1063,818,245
209000044,728,1070,-342
209000045,1009,334,675
209000046,1034,469,565
209000047,856,429,427
209000048,994,894,100
209000049,185,86,99
209000050,319,123,196
209000051,492,276,216
209000052,320,381,-61
209000062,151,68,83
209000063,139,72,67
209000064,146,32,114
209000065,385,154,231
209000066,209,67,142
209000067,284,49,235
209000080,15,305,-290
209000082,96,76,20
209000091,76,129,-53
209000093,65,167,-102
209000094,108,302,-194
209000110,98,250,-152
209000111,638,3554,-2916
209000112,1988,1228,760
209000113,3786,2601,1185
209000114,1508,1682,-174
209000115,143,165,-22
209000116,937,492,445
209000118,30,232,-202
209000119,36,181,-145
209000121,228,581,-353
209000135,36,205,-169
209000142,1371,5659,-4288
209000143,84,351,-267
209000144,141,1055,-914
209000229,333,143,190
209000240,122,356,-234
209000259,99,182,-83
209000260,28,895,-867
209000261,2,354,-352
209000262,3,396,-393
209000263,10,2295,-2285
209000264,1,168,-167
209000265,914,3,911
209000266,272,3,269
209000267,2544,16,2528
209000268,754,158,596
210000037,197,248,-51
210000047,197,30,167
210000048,249,64,185
210000049,237,11,226
210000052,165,78,87
210000053,82,57,25
210000054,28,138,-110
210000070,469,19,450
210000071,447,2,445
210000072,98,0,98
210000073,0,69,-69
210000074,0,169,-169
210000075,1,300,-299
210000076,21,366,-345
210000077,11,441,-430
210000078,39,442,-403
210000079,38,136,-98
210000080,58,509,-451
210000081,491,40,451
210000082,14,2,12
210000083,103,1,102
210000084,182,3,179
210000085,3,360,-357
210000086,11,214,-203
210000099,138,331,-193
210000100,187,181,6
210000101,293,182,111
210000105,27,391,-364
210000159,0,311,-311
210000163,73,250,-177
210000164,400,333,67
210000168,532,116,416
210000187,0,77,-77
210000188,0,85,-85
210000214,7,0,7
210000219,98,69,29
210000220,295,42,253
210000232,4,19,-15
210000233,29,27,2
210000234,84,63,21
210000235,159,85,74
210000245,1,174,-173
210000246,122,79,43
210000258,50,117,-67
210000259,465,201,264
210000282,117,449,-332
210000285,6,169,-163
210000286,39,174,-135
210000290,1,10,-9
210000295,121,259,-138
210000296,144,98,46
210000320,614,94,520
210000321,393,35,358
210000338,87,167,-80
210000339,192,918,-726
210000340,271,366,-95
210000341,398,327,71
210000342,425,283,142
210000343,328,387,-59
210000344,167,493,-326
210000345,274,673,-399
210000346,135,364,-229
210000347,88,560,-472
210000348,270,396,-126
210000349,114,164,-50
210000350,319,321,-2
210000351,388,223,165
210000352,45,46,-1
210000353,65,78,-13
210000354,96,110,-14
210000355,76,655,-579
210000356,48,963,-915
210000357,74,962,-888
210000358,1456,788,668
210000359,147,1053,-906
210000360,506,875,-369
210000361,605,366,239
210000362,569,485,84
210000363,1257,428,829
210000364,546,316,230
210000365,454,149,305
210000366,548,103,445
210000367,332,41,291
210000368,406,70,336
210000369,79,310,-231
210000370,177,463,-286
210000372,91,95,-4
210000373,40,333,-293
210000374,127,445,-318
210000375,62,83,-21
210000376,54,582,-528
210000404,97,172,-75
210000439,117,38,79
210000472,70,10,60
210000482,91,206,-115
210000564,469,292,177
210000567,5,90,-85
210000568,443,5,438
211000092,181,26,155
211000094,67,1,66
211000169,374,10,364
211000172,33,143,-110
211000209,1,60,-59
211000226,61,45,16
211000270,157,43,114
211000275,36,37,-1
211000276,250,20,230
211000279,24,68,-44
211000281,225,22,203
211507980,1,131,-130
211977296,77,6,71
212000003,512,231,281
212000004,15,251,-236
212000005,29,277,-248
212000006,82,298,-216
212000008,437,353,84
212000009,151,196,-45
212000012,224,87,137
212000013,74,61,13
212000014,661,108,553
212000015,679,160,519
212000016,1021,417,604
212000027,703,334,369
212000028,429,310,119
212000029,371,230,141
212000030,78,30,48
212000031,103,60,43
212000048,118,795,-677
212000049,15,358,-343
212000050,35,15,20
212000051,569,130,439
212000052,476,171,305
212000053,422,244,178
212000054,983,89,894
212000055,759,136,623
212000056,16,62,-46
212000057,6,44,-38
212000058,202,69,133
212000070,301,161,140
212000077,492,314,178
212000099,681,297,384
212000108,435,619,-184
212000111,523,195,328
212000120,278,363,-85
212000138,364,123,241
212000156,9,45,-36
212000158,9,27,-18
212000159,1163,203,960
212000160,961,265,696
212000161,121,6,115
212000310,78,14,64
212000311,20,51,-31
212000374,75,20,55
213000001,26,745,-719
213000005,1207,725,482
213000006,1219,528,691
213000007,142,55,87
213000009,452,323,129
213000010,518,317,201
213000011,428,278,150
213000012,483,298,185
213000014,176,85,91
213000015,594,18,576
213000016,874,1,873
213000017,181,0,181
213000018,8,33,-25
213000019,5,441,-436
213000020,158,166,-8
213000021,4,72,-68
213000023,545,677,-132
213000033,692,1911,-1219
213000034,628,288,340
213000035,227,552,-325
213000045,373,431,-58
213000046,167,133,34
213000047,491,1295,-804
213000056,300,114,186
213000069,368,55,313
213000073,0,21,-21
213000074,90,783,-693
213000075,1514,2,1512
213000076,21,1,20
213000085,1,30,-29
213000086,42,273,-231
213000091,613,9,604
213000092,97,40,57
213000099,537,1733,-1196
213000100,1269,827,442
213000101,1690,191,1499
213000102,1971,206,1765
213000103,1187,583,604
213000104,81,325,-244
213000105,86,2478,-2392
213000106,76,483,-407
213000107,237,476,-239
213000108,69,573,-504
213000109,7,312,-305
213000110,24,176,-152
213000111,7,180,-173
213000112,58,153,-95
213000115,97,19,78
213000116,25,464,-439
213000117,9,529,-520
213000118,2299,524,1775
213000119,58,446,-388
213000120,160,433,-273
213000122,289,416,-127
213000123,210,554,-344
213000124,663,797,-134
213000125,260,86,174
213000126,282,364,-82
213000127,109,347,-238
213000128,116,720,-604
213000129,279,3488,-3209
213000130,1965,1890,75
213000132,1920,524,1396
213000133,2480,164,2316
213000134,4335,107,4228
213000136,1187,57,1130
213000137,1203,87,1116
213000139,474,66,408
213000147,30,42,-12
213000148,23,74,-51
213000149,9,71,-62
213000150,2,1054,-1052
213000151,6,348,-342
213000152,3,657,-654
213000153,5,263,-258
213000154,180,939,-759
213000155,68,820,-752
213000156,255,533,-278
213000157,1831,284,1547
213000158,703,870,-167
213000159,1204,513,691
213000163,3265,478,2787
213000165,1193,614,579
213000171,1,41,-40
213000172,0,147,-147
213000173,0,125,-125
213000174,0,77,-77
213000175,26,16,10
213000176,322,67,255
213000177,268,5,263
213000178,576,6,570
213000179,561,2,559
213000180,571,0,571
213000184,202,670,-468
213000188,1118,168,950
213000189,1397,89,1308
213000190,874,512,362
213000191,1161,254,907
213000192,872,213,659
213000193,1257,428,829
213000194,7,286,-279
213000195,59,401,-342
213000196,751,2860,-2109
213000197,940,1396,-456
213000198,46,1,45
213000200,263,569,-306
213000201,35,131,-96
213000202,43,791,-748
213000203,2264,374,1890
213000204,1533,117,1416
213000205,869,96,773
213000206,1363,136,1227
213000207,59,14,45
213000208,91,2,89
213000209,162,15,147
213000210,526,29,497
213000211,7,110,-103
213000212,13,160,-147
213000213,26,133,-107
213000218,649,694,-45
213000219,2099,148,1951
213000220,2076,20,2056
213000223,504,341,163
213000224,32,84,-52
213000225,102,42,60
213000226,68,40,28
213000227,2688,221,2467
213000228,1548,1171,377
213000229,191,126,65
213000230,2122,39,2083
213000232,208,13,195
213000233,41,216,-175
213000234,28,112,-84
213000293,14,155,-141
213000294,134,74,60
213000295,43,175,-132
213000296,227,44,183
213000297,5,107,-102
213000298,8,222,-214
213000299,187,31,156
213000300,0,7,-7
213000303,3,20,-17
213000304,3,10,-7
213000305,7,72,-65
213000306,89,1013,-924
213000307,164,773,-609
213000308,206,230,-24
213000309,421,142,279
213000310,398,264,134
213000311,349,787,-438
213000315,167,341,-174
213000316,501,216,285
213000322,249,22,227
213000323,345,143,202
213000324,169,7,162
213000325,195,105,90
213000326,124,6,118
213000327,101,26,75
213000328,70,84,-14
213000329,208,14,194
213000340,255,675,-420
213000341,2000,122,1878
213000346,227,705,-478
213000347,358,1910,-1552
213000348,13,180,-167
213000349,6,4,2
213000350,381,1245,-864
213000366,139,259,-120
213000367,961,15,946
213000379,48,106,-58
213000386,50,29,21
213000406,733,82,651
213000417,3256,780,2476
213000425,637,152,485
213000426,590,76,514
213000427,157,70,87
213000428,97,277,-180
213000429,10,21,-11
213000430,174,534,-360
213000431,9,2,7
213000432,1,41,-40
213000433,67,48,19
213000434,290,199,91
213000435,249,82,167
213000436,137,150,-13
213000437,4,8,-4
213000438,263,63,200
213000439,84,39,45
213000440,18,121,-103
213000441,4,1,3
213000442,10,28,-18
213000443,1078,849,229
213000444,111,6,105
213000445,0,83,-83
213000446,1,37,-36
213000447,3,184,-181
213000448,12,309,-297
213000449,2086,37,2049
213000450,59,77,-18
213000451,730,88,642
213000452,42,21,21
213000453,67,321,-254
213000455,144,3,141
213000456,0,297,-297
213000481,3,2,1
213000482,106,1,105
213000489,225,48,177
213000491,35,611,-576
213000492,135,2,133
213000493,5,467,-462
213000494,628,140,488
213000495,0,74,-74
213000496,1236,273,963
213000497,179,214,-35
213000498,345,130,215
213000499,499,217,282
213000500,1889,94,1795
213000501,508,143,365
213000502,251,303,-52
213000503,0,65,-65
213000504,57,52,5
213000505,27,1,26
213000506,1,5,-4
213000507,7,108,-101
213900016,0,1,-1
213900244,153,0,153
213900245,0,29,-29
218000003,138,96,42
218000004,114,192,-78
218000005,106,123,-17
218000006,80,72,8
218000007,12,36,-24
218000012,390,353,37
218000013,617,320,297
218000014,575,409,166
218000019,613,563,50
218000020,534,410,124
218000021,24,46,-22
218000022,52,19,33
218000023,27,15,12
218000024,2,10,-8
218000025,12,20,-8
218000026,15,26,-11
218000027,3,4,-1
218000028,4,4,0
218000029,1,15,-14
218000030,6,20,-14
218000031,16,15,1
218000032,3,17,-14
218000040,7,8,-1
218000046,209,135,74
218000047,23,54,-31
218000048,64,50,14
218000049,45,40,5
218000050,169,97,72
218000051,110,184,-74
218000052,0,39,-39
218000053,3,38,-35
218000054,10,90,-80
218000055,28,60,-32
218000056,23,95,-72
218000057,1,54,-53
218000064,1,22,-21
218000065,208,37,171
218000066,23,165,-142
218000067,209,149,60
218000068,328,130,198
218000069,715,128,587
218000070,387,438,-51
218000071,422,361,61
218000072,162,526,-364
218000078,2440,610,1830
218000079,457,198,259
218000080,345,222,123
218000081,1119,210,909
218000082,291,118,173
218000083,175,133,42
218000084,417,74,343
218000085,406,220,186
218000086,201,68,133
218000087,398,110,288
218000090,75,379,-304
218000091,2180,1008,1172
218000092,440,233,207
218000093,186,117,69
218000094,896,672,224
218000099,377,785,-408
218000100,649,394,255
218000101,635,252,383
218000102,1042,551,491
218000103,200,165,35
218000104,317,70,247
218000105,33,27,6
218000106,22,11,11
218000107,216,58,158
218000108,24,41,-17
218000112,110,59,51
218000117,59,214,-155
218000134,1224,538,686
218000135,15,109,-94
218000136,345,224,121
218000137,488,249,239
218000138,93,135,-42
218000139,465,1053,-588
218000140,1209,722,487
218000141,106,153,-47
218000142,397,306,91
218000143,90,816,-726
218000144,45,241,-196
218000145,1095,531,564
218000146,278,284,-6
218000151,4,55,-51
218000152,132,44,88
218000153,1,4,-3
218000154,44,1,43
218000155,69,5,64
218000156,172,15,157
218000157,105,16,89
218000158,16,54,-38
218000159,6,29,-23
218000160,8,7,1
218000161,110,1,109
218000162,89,26,63
218000163,44,14,30
218000164,233,21,212
218000165,212,37,175
218000170,2,19,-17
218000171,70,3,67
218000172,50,22,28
218000173,31,19,12
218000174,20,14,6
218000176,305,250,55
218000177,344,197,147
218000178,119,224,-105
218000179,263,101,162
218000180,190,68,122
218000181,603,51,552
218000187,9,108,-99
218000188,40,36,4
218000189,47,82,-35
218000190,90,31,59
218000191,272,22,250
218000192,527,206,321
218000193,700,302,398
218000194,346,359,-13
218000195,241,53,188
218000196,761,215,546
218000197,1276,354,922
218000198,181,77,104
218000199,125,21,104
218000200,72,110,-38
218000201,37,7,30
218000202,92,1118,-1026
218000207,6,12,-6
218000208,62,213,-151
218000211,61,22,39
218000212,1,5,-4
218000213,260,107,153
218000214,2,24,-22
218000215,100,96,4
218000217,16,82,-66
218000218,146,35,111
218000219,8,504,-496
218000220,96,2458,-2362
218000221,943,544,399
218000222,4,366,-362
218000223,109,844,-735
218000224,14,276,-262
218000225,242,30,212
218000226,328,107,221
218000230,0,6,-6
218000232,77,73,4
218000239,148,7,141
218000240,17,8,9
218000241,74,0,74
218000242,27,16,11
218000243,14,22,-8
218000244,42,6,36
218000245,217,26,191
218000246,0,6,-6
218000247,0,0,0
218000248,0,20,-20
218000249,0,1,-1
218000250,5,136,-131
218000251,2,29,-27
218000252,0,62,-62
218000253,0,74,-74
218000254,0,48,-48
218000255,2,17,-15
218000256,2,24,-22
218000267,729,1742,-1013
218000268,53,81,-28
218000269,5,58,-53
218000270,377,55,322
218000271,8,26,-18
218000273,81,5,76
218000274,9,6,3
218000275,168,89,79
218000276,48,28,20
218000278,1,124,-123
218000279,160,66,94
218000280,3,39,-36
218000281,33,46,-13
218000282,924,1639,-715
218000284,121,9,112
218000301,184,182,2
218000302,67,63,4
218000303,23,130,-107
218000316,2475,1252,1223
218000317,4022,1267,2755
218000318,2450,1011,1439
218000319,2669,806,1863
218000320,2375,951,1424
218000338,6,185,-179
218000345,244,297,-53
218000346,38,421,-383
218000459,50,136,-86
218000490,15,83,-68
218000501,268,83,185
218000502,281,171,110
218000503,322,26,296
218000504,354,46,308
218000505,71,141,-70
218000506,17,418,-401
218000508,0,19,-19
218000510,87,6,81
218000520,310,180,130
218000521,8,42,-34
218000522,3,640,-637
218000523,222,0,222
218000524,3,437,-434
218000525,202,47,155
218000526,19,276,-257
218000529,79,99,-20
218000530,72,18,54
218000531,40,19,21
218000532,96,5,91
218000534,439,15,424
218000537,35,265,-230
218000538,120,826,-706
218000540,160,220,-60
218000543,254,136,118
218000544,52,155,-103
218000545,241,193,48
218000546,84,80,4
218000547,241,464,-223
218000548,200,158,42
218000549,1367,175,1192
218000550,325,294,31
218000551,187,365,-178
218000552,428,356,72
218000553,48,196,-148
218000554,49,42,7
218000555,82,43,39
218000556,311,111,200
218000557,1023,278,745
218000558,187,0,187
218000559,0,58,-58
218000560,0,25,-25
218000561,26,0,26
218000562,61,147,-86
218000563,309,77,232
218000564,10,208,-198
218000565,111,95,16
218000566,54,36,18
218000567,1,85,-84
218000568,14,1,13
218000569,2,333,-331
218000570,26,17,9
218000571,1,251,-250
218000572,342,23,319
218000573,14,78,-64
218000574,79,46,33
218000575,114,0,114
218000576,1,76,-75
218000577,136,2,134
218000578,2,357,-355
218000579,91,58,33
218000581,0,100,-100
218000582,120,8,112
218000583,20,0,20
218000584,0,26,-26
218000585,63,18,45
218000586,35,44,-9
218000587,1,0,1
218000588,0,21,-21
218000589,0,10,-10
218000590,10,1,9
218000591,2,11,-9
218000592,4,1,3
218000593,0,3,-3
218000594,0,0,0
218000597,0,0,0
218000598,0,0,0
218000599,0,3,-3
218000600,2,3,-1
218000601,0,4,-4
218000602,0,1,-1
218000603,0,14,-14
218000604,89,72,17
218000605,0,50,-50
218000606,100,0,100
218000607,30,85,-55
218000608,94,26,68
218000609,19,106,-87
218000610,104,2,102
218000611,78,1,77
218000612,6,62,-56
218000613,62,2,60
218000614,1,62,-61
218000615,387,28,359
218000616,13,301,-288
218000617,7,12,-5
218000618,0,27,-27
218000619,149,67,82
218000620,42,120,-78
218000621,0,4,-4
218000622,0,95,-95
218000623,90,5,85
218000624,0,275,-275
218000625,5,15,-10
218000626,1,15,-14
218000628,429,450,-21
218000631,29,19,10
218000632,2,196,-194
218000633,230,4,226
218000634,10,47,-37
218000635,4,30,-26
218000636,1766,1028,738
218000637,2291,970,1321
218000638,543,52,491
218000639,81,129,-48
218000640,989,80,909
218000641,230,232,-2
218000652,76,56,20
218000653,356,75,281
218000663,14,76,-62
218000675,28,88,-60
218000676,6,13,-7
218000677,68,8,60
218000680,351,242,109
218000681,861,422,439
218000691,613,230,383
218000693,686,264,422
218000703,12,21,-9
218000718,27,195,-168
218000719,107,266,-159
218000720,2,129,-127
218000721,23,24,-1
218000725,8,26,-18
218001147,1,121,-120
218001214,12,140,-128
218001258,343,2,341
218001329,171,256,-85
218001330,104,84,20
218001351,10,38,-28
218001352,30,55,-25
218001353,17,20,-3
218001354,4,29,-25
218001355,11,58,-47
218001356,1199,120,1079
218001357,39,49,-10
218001358,965,12,953
218001361,748,3,745
218001362,2,25,-23
219000001,44,81,-37
219000002,71,82,-11
219000003,116,56,60
219000004,84,133,-49
219000017,111,478,-367
219000020,432,64,368
219000022,303,2,301
219000023,111,0,111
219000029,0,289,-289
219000034,121,59,62
219000039,42,437,-395
219000040,26,148,-122
219000041,285,109,176
219000051,0,367,-367
219000052,0,258,-258
219000053,2,145,-143
219000054,44,100,-56
219000055,616,2,614
219000056,13,1,12
219000057,137,0,137
219000062,34,319,-285
219000063,243,33,210
219000064,7,133,-126
219000110,322,643,-321
219000111,175,206,-31
219000112,471,145,326
219000113,741,129,612
219000114,495,60,435
219000116,299,75,224
219000117,311,81,230
219000118,228,135,93
219000123,325,225,100
219000124,101,79,22
219000125,71,13,58
219000126,144,267,-123
219000127,1,18,-17
219000128,50,178,-128
219000129,55,177,-122
219000130,287,941,-654
219000131,1179,1716,-537
219000133,55,159,-104
219000134,20,108,-88
219000135,18,263,-245
219000136,111,445,-334
219000138,260,34,226
219000139,127,27,100
219000140,168,2,166
219000141,75,44,31
219000142,21,35,-14
219000143,41,57,-16
219000145,26,81,-55
219000146,15,24,-9
219000147,1,31,-30
219000148,6,32,-26
219000149,27,50,-23
219000150,6,63,-57
219000151,5,44,-39
219000157,488,373,115
219000158,427,699,-272
219000161,307,30,277
219000163,1635,370,1265
219000166,298,427,-129
219000167,296,384,-88
219000168,350,132,218
219000174,896,329,567
219000175,392,7,385
219000176,378,30,348
219000177,186,5,181
219000178,176,7,169
219000179,126,20,106
219000180,106,37,69
219000182,254,13,241
219000183,265,40,225
219000184,228,12,216
219000185,6,80,-74
219000186,206,68,138
219000187,68,187,-119
219000189,108,275,-167
219000190,125,357,-232
219000191,228,2246,-2018
219000192,296,414,-118
219000193,864,270,594
219000195,7,804,-797
219000196,7,322,-315
219000198,196,255,-59
219000199,436,182,254
219000200,439,158,281
219000201,120,189,-69
219000203,73,347,-274
219000204,130,549,-419
219000205,112,312,-200
219000207,185,169,16
219000209,61,60,1
219000210,39,803,-764
219000213,10,353,-343
219000239,356,335,21
219000240,334,805,-471
219000241,253,292,-39
219000242,122,396,-274
219000243,232,304,-72
219000244,32,133,-101
219000245,18,117,-99
219000246,56,77,-21
219000247,306,47,259
219000248,758,998,-240
219000249,306,280,26
219000250,400,195,205
219000251,875,521,354
219000252,511,249,262
219000253,525,59,466
219000255,400,170,230
219000256,654,621,33
219000257,284,0,284
219000262,134,471,-337
219000263,132,235,-103
219000267,21,67,-46
219000268,24,40,-16
219000269,4,7,-3
219000270,66,3,63
219000271,740,10,730
219000278,2,58,-56
219000279,1,16,-15
219000283,0,151,-151
219000295,32,116,-84
219000296,246,510,-264
219000297,118,46,72
219000298,165,51,114
219000299,688,63,625
219000300,159,163,-4
219000301,102,468,-366
219000302,52,152,-100
219000307,142,32,110
219000308,160,178,-18
219000311,285,146,139
219000312,952,196,756
219000313,879,78,801
219000314,240,216,24
219000315,709,51,658
219000316,1364,104,1260
219000317,429,43,386
219000320,3,183,-180
219000321,0,56,-56
219000323,17,66,-49
219000325,2,8,-6
219000326,96,55,41
219000327,27,34,-7
219000328,77,36,41
219000329,250,134,116
219000330,60,53,7
219000331,147,108,39
219000332,415,366,49
219000333,119,16,103
219000335,123,5,118
219000337,46,1,45
219000338,79,16,63
219000344,24,221,-197
219000345,196,133,63
219000346,79,66,13
219000348,262,161,101
219000349,99,170,-71
219000350,143,543,-400
219000351,0,14,-14
219000352,119,190,-71
219000353,270,107,163
219000354,523,99,424
219000355,341,139,202
219000356,683,2645,-1962
219000363,150,191,-41
219000364,315,129,186
219000365,102,45,57
219000366,235,1286,-1051
219000368,464,855,-391
219000370,852,966,-114
219000371,14,15,-1
219000382,17,44,-27
219000383,397,2068,-1671
219000385,380,1132,-752
219000386,1244,2649,-1405
219000387,1,11,-10
219000390,28,47,-19
219000391,3,26,-23
219000397,122,35,87
219000398,89,71,18
219000401,55,143,-88
219000402,123,116,7
219000403,83,868,-785
219000404,57,149,-92
219000407,11,29,-18
219000409,147,89,58
219000410,349,148,201
219000411,280,45,235
219000446,165,496,-331
219000447,5,41,-36
219000448,14,17,-3
219000452,141,133,8
219000453,44,383,-339
219000454,324,833,-509
219000556,709,420,289
219000558,128,346,-218
219000590,23,339,-316
219000591,303,658,-355
219000592,112,321,-209
219000595,5,19,-14
219000635,419,133,286
219000636,173,323,-150
219000657,73,13,60
219000658,102,262,-160
219000673,0,105,-105
219000676,29,29,0
219000679,28,33,-5
219000684,176,20,156
219000685,1,90,-89
219000686,0,11,-11
219000688,0,81,-81
219000689,25,195,-170
219000690,314,8,306
219000691,91,152,-61
219000692,303,28,275
219000693,15,22,-7
219000694,22,1,21
219000695,111,5,106
219000698,67,0,67
219000699,0,300,-300
219000727,7,758,-751
219000728,243,3,240
219000770,71,2,69
219000771,2,133,-131
219000788,341,388,-47
219001150,1,74,-73
219001151,6,2,4
219001166,80,62,18
219001167,9,101,-92
219001178,124,0,124
220000001,61,302,-241
220000002,14,306,-292
220000003,482,546,-64
220000004,632,1284,-652
220000005,761,3315,-2554
220000006,238,1314,-1076
220000007,1101,338,763
220000008,561,548,13
220000009,821,779,42
220000010,152,157,-5
220000011,809,6528,-5719
220000012,55,1021,-966
220000014,283,167,116
220000015,80,665,-585
220000017,25,611,-586
220000018,12685,5486,7199
220000019,446,1335,-889
220000020,1083,347,736
220000021,1793,608,1185
220000022,1847,497,1350
220000023,486,308,178
220000024,1383,1024,359
220000025,1010,3246,-2236
220000026,516,1763,-1247
220000027,21,434,-413
220000028,80,233,-153
220000029,71,149,-78
220000030,91,221,-130
220000031,1076,1176,-100
220000064,73,1768,-1695
221000046,7,1,6
221000047,0,0,0
221000048,0,1,-1
221000049,0,70,-70
221000050,61,8,53
221000055,91,204,-113
221000057,185,10,175
221000068,265,122,143
221000069,407,54,353
221000070,407,18,389
221000071,189,6,183
221000072,604,20,584
221000073,383,117,266
221000074,1,28,-27
221000075,25,102,-77
221000076,70,23,47
221000077,60,68,-8
221000081,32,15,17
221000082,103,7,96
221000083,19,19,0
221000084,10,21,-11
221000085,44,286,-242
221000086,22,129,-107
221000087,7,222,-215
221000088,16,276,-260
221000089,52,272,-220
221000090,77,465,-388
221000098,280,55,225
221000099,326,23,303
221000100,241,10,231
221000101,211,16,195
221000102,173,46,127
221000109,51,76,-25
221000110,24,24,0
221000111,10,54,-44
221000112,8,82,-74
221000113,21,211,-190
221000114,11,195,-184
221000120,18,204,-186
221000121,6,74,-68
221000122,54,65,-11
221000123,11,48,-37
221000124,15,75,-60
221000155,188,66,122
221000156,116,75,41
221000175,2,38,-36
221000176,1,17,-16
221000182,75,27,48
221000241,474,414,60
221000242,233,303,-70
221000243,800,332,468
221000244,424,633,-209
221000245,171,270,-99
221000246,106,556,-450
221000247,199,218,-19
221000248,185,298,-113
221000267,43,848,-805
221000325,47,184,-137
221000331,1,85,-84
221000338,29,94,-65
221000378,521,54,467
221000381,107,85,22
222000282,1,11,-10
222000296,2,35,-33
222000568,624,23,601
222000569,218,75,143
222000570,246,49,197
222000571,605,87,518
222000577,19,37,-18
222000578,2,146,-144
222000579,14,92,-78
222000580,56,647,-591
222000599,0,88,-88
222000600,2,146,-144
222000601,3,946,-943
222000603,2,293,-291
222000604,5,227,-222
222000605,13,104,-91
222000606,0,19,-19
222000607,7,11,-4
222000608,34,31,3
222000609,150,100,50
222000616,854,90,764
222000617,7,120,-113
222000618,3,48,-45
222000620,28,82,-54
222000621,65,78,-13
222000623,1213,22,1191
222000624,855,8,847
222000625,2196,3,2193
222000636,57,14,43
222000686,36,70,-34
222000687,84,116,-32
222001066,1035,6,1029
222001067,135,9,126
222001068,296,38,258
222001069,187,77,110
222001082,82,3,79
222001083,119,8,111
222001084,0,134,-134
222001085,0,370,-370
222001111,217,118,99
222001112,364,224,140
222001313,9,68,-59
222001314,2,142,-140
222001464,128,132,-4
222001465,57,168,-111
222001484,437,118,319
222001485,59,92,-33
222001494,1306,527,779
222001495,183,142,41
222001496,788,340,448
222001497,289,269,20
222001502,24,60,-36
222001503,468,192,276
222001504,43,549,-506
222001505,1232,39,1193
222001506,16,325,-309
222001507,779,12,767
222001510,1224,66,1158
222001511,85,196,-111
222001514,1339,121,1218
222001515,215,304,-89
222001518,789,49,740
222001519,340,108,232
222001527,239,195,44
222001528,40,243,-203
222001529,744,19,725
222001530,199,126,73
222001533,399,385,14
222001534,934,501,433
222001535,568,670,-102
222001536,201,121,80
222001537,778,80,698
222001538,46,335,-289
222001563,1515,139,1376
222001564,108,246,-138
222001568,360,262,98
222001576,3,16,-13
222001579,0,12,-12
222001583,43,60,-17
222001584,280,67,213
222001596,751,1499,-748
222001597,2027,640,1387
222001626,0,48,-48
222001650,34,162,-128
222001651,52,314,-262
222001914,436,41,395
222001915,91,275,-184
222001968,813,366,447
222001969,460,430,30
222001970,141,354,-213
222001971,149,12,137
222001972,13,4,9
225000001,785,220,565
225000002,1441,515,926
225000003,1676,661,1015
225000004,1108,1377,-269
225000005,122,342,-220
225000006,2,411,-409
225000007,2969,1966,1003
225000010,810,19,791
225000011,449,2867,-2418
225000012,479,1226,-747
225000013,159,306,-147
225000014,1263,441,822
225000015,317,336,-19
225000021,1621,231,1390
225000027,603,797,-194
225000032,1149,232,917
225000042,247,756,-509
225000049,326,358,-32
225000050,415,115,300
225000053,31,294,-263
225000058,1289,541,748
225000067,734,244,490
225000068,396,565,-169
225000069,196,648,-452
225000070,459,415,44
225000071,126,144,-18
225000075,169,3298,-3129
225000076,152,457,-305
225000078,93,161,-68
225000085,290,71,219
225000086,659,109,550
225000087,953,18,935
225000088,68,390,-322
225000089,111,689,-578
225000090,115,1225,-1110
225000091,157,330,-173
225000092,93,331,-238
225000093,879,723,156
225000094,45,353,-308
225000095,620,451,169
225000096,290,426,-136
225000098,1558,217,1341
225000099,910,202,708
225000100,1115,218,897
225000104,347,568,-221
225000110,37,629,-592
225000111,665,895,-230
225000112,1008,1231,-223
225000113,427,2441,-2014
225000114,336,987,-651
225000115,2272,979,1293
225000116,510,332,178
225000117,1145,631,514
225000118,2582,660,1922
225000119,1057,258,799
225000120,2148,379,1769
225000121,389,52,337
225000123,1102,91,1011
225000125,1137,504,633
225000126,1519,744,775
225000127,752,4489,-3737
225000128,675,1855,-1180
225000132,1196,58,1138
225000133,739,41,698
225000134,1527,215,1312
225000135,249,46,203
225000136,1249,9,1240
225000137,806,348,458
225000138,1537,216,1321
225000143,323,515,-192
225000144,42,531,-489
225000145,147,221,-74
225000146,236,401,-165
225000147,150,228,-78
225000148,7,96,-89
225000149,208,291,-83
225000151,159,168,-9
225000155,443,376,67
225000156,449,1624,-1175
225000157,1289,767,522
225000158,113,323,-210
225000171,48,231,-183
225000180,197,137,60
225000181,1,329,-328
225000182,123,47,76
225000185,21,662,-641
225000187,308,685,-377
225000191,180,2,178
225000194,0,1,-1
225000208,3,69,-66
225000209,506,57,449
225000210,19,367,-348
225000217,0,68,-68
225000218,76,4,72
225000223,2,476,-474
225000224,320,16,304
225000225,2,221,-219
225000226,9,16,-7
225000227,741,933,-192
225000228,3,60,-57
225000229,2,650,-648
225000230,24,9,15
225000231,1,67,-66
225000232,537,0,537
225000241,211,3,208
225000242,0,50,-50
225000249,36,0,36
225000250,125,450,-325
225000251,1217,404,813
225000254,1,186,-185
225000256,10,1332,-1322
225000257,2,190,-188
226000042,401,667,-266
226000043,127,509,-382
226000044,477,1267,-790
226000045,228,614,-386
226000046,1021,477,544
226000047,1124,446,678
226000048,873,295,578
226000049,1006,636,370
226000070,0,10,-10
226000071,0,148,-148
226000072,0,49,-49
226000073,0,17,-17
226000074,0,30,-30
226000084,1,60,-59
226000085,2,61,-59
226000086,4,76,-72
226000087,2,50,-48
226000088,10,77,-67
226000090,109,439,-330
226000091,13,216,-203
226000092,0,54,-54
226000093,66,2,64
226000094,6,5,1
226000095,11,23,-12
226000105,14,2,12
226000106,31,0,31
226000107,16,4,12
226000108,56,0,56
226000109,436,0,436
226000124,274,351,-77
226000134,1687,907,780
226000135,3513,964,2549
226000136,1511,966,545
226000137,10,551,-541
226000138,36,172,-136
226000139,0,118,-118
226000156,1115,11,1104
226000157,899,49,850
226000163,143,573,-430
226000202,14,406,-392
226000231,1777,41,1736
226000232,84,14,70
227000033,765,45,720
227000036,985,35,950
227000037,949,179,770
227000038,345,90,255
227000084,6,217,-211
227000085,1,234,-233
227000088,76,3,73
227000089,74,0,74
227000090,38,0,38
227000091,56,1,55
227000092,67,1,66
227000093,283,0,283
227000094,7,0,7
227000130,112,288,-176
227000131,65,298,-233
227000132,80,247,-167
227000133,40,118,-78
227000134,121,221,-100
227000152,0,8,-8
227000153,0,317,-317
227000154,0,121,-121
227000155,2,59,-57
227000156,0,43,-43
227000165,1,125,-124
227000196,1148,137,1011
227000199,984,270,714
227000230,55,213,-158
227000232,1569,56,1513
227000242,87,699,-612
227000243,459,75,384
227000245,31,296,-265
227000246,185,272,-87
227000247,852,53,799
227000248,237,159,78
227000249,43,365,-322
227000250,567,527,40
227000251,144,880,-736
227000252,134,194,-60
227000253,427,50,377
227000262,1017,57,960
227000266,2821,73,2748
227000267,30,949,-919
227000282,4,216,-212
227000284,1616,34,1582
227000286,25,57,-32
227000287,36,42,-6
227000291,3,469,-466
227000296,485,286,199
227000484,259,7,252
227000485,7,754,-747
227000655,462,3,459
227000656,1256,35,1221
227000657,598,21,577
227000661,1360,35,1325
227000680,297,269,28
229000265,89,46,43
229000296,2,167,-165
229000297,11,52,-41
229000298,17,160,-143
229000320,27,12,15
229000321,59,90,-31
229000412,29,129,-100
229000414,10,73,-63
229000415,13,5,8
229000416,6,3,3
229000417,6,1,5
229000419,103,351,-248
229000440,353,187,166
229000442,46,4,42
229000443,22,11,11
229000444,0,94,-94
229000445,123,9,114
229000446,98,34,64
229000491,7,20,-13
229000492,20,68,-48
229000493,6,112,-106
229000494,83,3,80
229000495,165,5,160
229000496,160,9,151
229000507,1,41,-40
229000508,0,47,-47
229000509,0,97,-97
229000510,7,92,-85
229000511,18,30,-12
229000512,1,21,-20
229000513,0,7,-7
229000514,1,2,-1
229000517,2,2,0
229000518,44,19,25
229000519,1,11,-10
229000520,27,14,13
229000521,103,15,88
229000522,7,9,-2
229000523,8,7,1
229000524,7,7,0
229000527,0,1,-1
229000528,2,0,2
229000529,14,1,13
229000530,67,1,66
229000531,69,6,63
229000532,9,4,5
229000533,73,2,71
229000534,49,1,48
229000564,54,0,54
229000565,37,1,36
229000566,0,2,-2
229000567,0,16,-16
229000582,101,10,91
229000583,2,23,-21
229000584,0,3,-3
229000585,2,72,-70
229000718,0,1,-1
229000719,0,0,0
229000720,0,40,-40
229000721,0,7,-7
229000722,0,5,-5
229000723,0,0,0
229000724,0,6,-6
229000725,0,2,-2
229000738,4,0,4
229000739,1,1,0
229000740,1,0,1
229000741,83,0,83
229000742,31,0,31
229000743,32,0,32
229000744,0,0,0
229000745,0,0,0
229000746,15,0,15
229000847,63,1,62
229000848,25,0,25
229000849,104,1,103
229000851,87,0,87
229000854,0,51,-51
229000856,2,87,-85
229000857,1,24,-23
229000858,1,44,-43
229000919,10,106,-96
229000930,13,224,-211
229000937,187,45,142
229000966,97,40,57
229000981,19,15,4
229000985,30,9,21
229000986,6,0,6
229000987,0,0,0
229000988,1,0,1
229000989,22,13,9
229000990,1,4,-3
229000991,2,2,0
229000992,36,2,34
229000993,358,10,348
229000998,20,48,-28
229000999,153,8,145
229001034,1,18,-17
229001035,16,12,4
229001037,115,1,114
229001042,45,18,27
229001047,46,59,-13
229001050,107,27,80
229001168,2,60,-58
229001200,87,0,87
229001338,2,12,-10
229001394,380,9,371
229001422,272,54,218
229001423,8,140,-132
229001431,122,85,37
229001432,38,124,-86
229001444,332,100,232
229001445,136,94,42
229001479,47,4,43
229001503,440,70,370
229001504,193,125,68
229001505,252,58,194
229001506,88,153,-65
229001509,84,14,70
229001545,234,18,216
229001546,11,77,-66
229001553,279,79,200
229001554,28,126,-98
229001559,5,7,-2
229001560,5,56,-51
229001630,123,17,106
229001631,4,54,-50
229001635,1,57,-56
229001636,0,0,0
229001658,1,71,-70
229001659,130,5,125
229001660,18,51,-33
229001661,1,59,-58
229001662,75,3,72
229001663,1,219,-218
229002584,230,320,-90
229002831,142,65,77
229002841,19,28,-9
229002842,13,83,-70
229002843,57,105,-48
229002844,42,120,-78
229002845,18,144,-126
229002846,11,35,-24
229002847,2,30,-28
229002848,10,55,-45
229002849,4,44,-40
229002850,5,3,2
229002851,66,112,-46
229002852,154,22,132
229002853,116,121,-5
229002854,69,86,-17
229002855,31,148,-117
229002856,38,27,11
229002857,12,201,-189
229002858,6,31,-25
229002859,21,141,-120
229002860,148,62,86
229002861,80,111,-31
229002862,31,70,-39
229002863,25,43,-18
229002864,43,93,-50
229002865,6,31,-25
229002866,4,19,-15
229002867,2,29,-27
229002868,19,46,-27
229002869,8,75,-67
229002870,57,30,27
235000066,558,83,475
235000067,271,142,129
235000072,29,84,-55
235000073,125,481,-356
235000074,98,47,51
235000080,16,77,-61
235000081,275,135,140
235000082,343,23,320
235000083,582,49,533
235000084,58,44,14
235000085,243,106,137
235000089,130,368,-238
235000092,57,329,-272
235000093,5,17,-12
235000097,15,3,12
235000098,291,1,290
235000099,85,150,-65
235000116,32,21,11
235000117,1206,49,1157
235000133,35,1262,-1227
235000134,23,326,-303
235000206,25,22,3
235000207,1,5,-4
235000208,2,0,2
235000209,3,0,3
235000210,9,2,7
235000212,2,16,-14
235000213,0,18,-18
235000220,0,11,-11
235000221,10,126,-116
235000238,20,314,-294
235000239,2,89,-87
235000242,530,1062,-532
235000245,481,272,209
235000246,16,88,-72
235000284,29,101,-72
235000295,137,172,-35
235000305,420,78,342
235000306,666,14,652
235000307,83,1,82
235000308,60,2,58
235000309,181,2,179
235000310,79,0,79
235000311,213,192,21
235000322,0,59,-59
235000323,1,47,-46
235000324,0,20,-20
235000325,1,27,-26
235000326,7,45,-38
235000351,4,50,-46
235000352,8,79,-71
235000353,2,38,-36
235000354,21,14,7
235000355,16,166,-150
235000356,280,2,278
235000357,383,14,369
235000358,52,7,45
235000359,20,4,16
235000360,191,6,185
235000361,136,2,134
235000381,435,131,304
235000382,346,230,116
235000390,16,1,15
235000391,193,41,152
235000392,334,302,32
235000393,226,776,-550
235000395,304,78,226
235000396,854,114,740
235000400,96,330,-234
235000401,10,299,-289
235000405,358,97,261
235000406,129,101,28
235000407,133,83,50
235000409,220,205,15
235000410,160,179,-19
235000411,0,62,-62
235000485,0,22,-22
235000486,2,0,2
235000549,108,757,-649
235000550,265,209,56
235000599,358,59,299
235000600,7,23,-16
235000601,9,27,-18
235000602,257,83,174
235000614,3,7,-4
235000648,2,10,-8
235000649,224,19,205
235000685,1,4,-3
235000815,3,20,-17
235000834,0,26,-26
235000855,76,69,7
235000862,25,78,-53
235000891,0,97,-97
235000892,62,17,45
235000901,111,419,-308
235000907,10,22,-12
235001010,209,89,120
235001029,246,271,-25
235001030,228,163,65
235001078,121,308,-187
235001079,105,52,53
235001147,1,104,-103
235001166,36,42,-6
235001167,139,25,114
235001169,68,121,-53
235001188,0,15,-15
235001189,4,0,4
235001197,1,13,-12
235001200,167,98,69
235001207,361,98,263
235001210,39,224,-185
235001215,66,133,-67
235001239,0,66,-66
235001244,0,9,-9
235016267,0,301,-301
277101746,0,0,0
277102712,9,0,9
277103813,0,2,-2
277103814,0,0,0
277103898,0,0,0
277104249,0,9,-9
277104250,0,11,-11
277104251,0,15,-15
277104252,0,5,-5
990011530,1,554,-553
990014944,31,317,-286
990015176,427,0,427
990015618,0,260,-260
990016032,0,342,-342
990032570,0,25,-25
990070001,49,2,47
990070103,0,5,-5
990070601,3,59,-56
990070751,3889,11,3878
990070766,0,141,-141
990071180,1051,626,425
990071343,133,2,131
990071387,2,4,-2
990071823,674,7,667
990072600,2,787,-785
990072964,8,171,-163
990073285,0,2,-2
990074393,3,813,-810
990074870,3271,51,3220
990075106,1385,8,1377
990075746,1091,26,1065
990076437,6779,6,6773
990076458,1,534,-533
997000007,511,9,502
997000041,2,462,-460
997000058,79,1,78
997000062,19,1,18
997000069,0,4,-4
997000070,0,18,-18
997000100,259,0,259
997000141,0,442,-442
997000198,0,245,-245
998000475,0,1,-1
998000736,0,361,-361
998000965,0,57,-57
998001031,0,129,-129
998001700,1,68,-67
998001899,0,1,-1
998001900,18,0,18
998003073,1769,1,1768
998101900,0,0,0
998102850,1,150,-149
998501927,621,1446,-825
998501929,359,4,355
998501930,97,1,96
998501931,542,146,396
998501932,10,0,10
998501933,137,1,136
998501937,25,3,22
998501944,56,55,1
998501950,0,0,0
998501970,367,9,358
998501971,0,435,-435
998501973,0,19,-19
998501974,1,114,-113
998501975,269,46,223
998501976,857,2,855
998501977,0,75,-75
998501978,15,0,15
998501979,0,4,-4
998501980,406,5,401
998501981,129,10,119
998501982,0,193,-193
998501983,0,0,0
998502006,0,0,0
998502024,0,47,-47
998502032,0,0,0
998502062,15,12,3
998502063,0,0,0
998502173,18,0,18
998502269,0,11,-11
998502546,0,596,-596
998601159,1,47,-46
998601292,0,38,-38
999033574,4,159,-155
999800001,56,7,49
999800002,0,3,-3
999800003,1,3,-2
999800004,0,6,-6
999800005,0,56,-56
