ID,insum,outsum,diff
100000001,665,597,68
100000002,5038,717,4321
100000003,7276,2581,4695
100000004,1852,891,961
100000005,1903,2976,-1073
100000006,429,122,307
100000007,1363,394,969
100000008,213,595,-382
100000009,257,171,86
100000010,40,52,-12
100000011,578,72,506
100000012,96,911,-815
100000013,36,191,-155
100000014,353,343,10
100000015,1269,1207,62
100000016,1142,1314,-172
100000017,784,1123,-339
100000018,1595,526,1069
100000019,5554,1708,3846
100000020,1954,3565,-1611
100000021,7433,2369,5064
100000022,2012,899,1113
100000023,7143,1122,6021
100000025,3476,445,3031
100000028,1958,778,1180
100000029,290,184,106
100000030,638,76,562
100000031,6749,4985,1764
100000032,2639,2766,-127
100000033,808,1745,-937
100000034,915,339,576
100000035,2139,782,1357
100000036,3547,1080,2467
100000037,531,456,75
100000038,1182,815,367
100000039,646,140,506
100000040,141,86,55
100000041,600,335,265
100000042,568,355,213
100000043,813,333,480
100000044,464,798,-334
100000045,550,1584,-1034
100000046,807,1484,-677
100000047,328,823,-495
100000048,534,680,-146
100000049,1988,2931,-943
100000051,295,1220,-925
100000053,27,5,22
100000054,202,30,172
100000055,443,231,212
100000056,160,558,-398
100000057,1776,787,989
100000058,987,1618,-631
100000059,6,134,-128
100000060,267,257,10
100000061,1528,449,1079
100000062,1414,471,943
100000063,363,270,93
100000064,763,350,413
100000065,491,1187,-696
100000066,181,1024,-843
100000067,429,1109,-680
100000068,520,1990,-1470
100000069,257,2013,-1756
100000072,408,1246,-838
100000073,1177,1388,-211
100000075,568,370,198
100000076,2397,1620,777
100000077,717,106,611
100000078,105,39,66
100000079,70,34,36
100000080,8,10,-2
100000081,83,25,58
100000102,2644,1238,1406
100000103,4181,738,3443
100000104,6561,1234,5327
100000105,4033,766,3267
100000106,2916,1411,1505
100000107,853,382,471
100000108,893,1007,-114
100000109,3962,1119,2843
100000116,1671,739,932
100000117,66,29,37
100000118,1221,932,289
100000119,542,529,13
100000121,231,676,-445
100000122,1069,751,318
100000123,3880,4159,-279
100000124,8705,5887,2818
100000125,3681,829,2852
100000126,749,206,543
100000127,1558,280,1278
100000128,1763,1206,557
100000129,559,347,212
100000130,425,698,-273
100000131,4102,3249,853
100000132,1968,2039,-71
100000133,9891,2967,6924
100000135,521,859,-338
100000139,212,282,-70
100000140,232,335,-103
100000142,355,485,-130
100000143,905,745,160
100000144,5092,1121,3971
100000147,1021,2121,-1100
100000150,25,518,-493
100000151,745,642,103
100000153,360,288,72
100000154,139,115,24
100000155,16,29,-13
100000156,101,55,46
100000157,42,307,-265
100000158,54,128,-74
100000159,285,415,-130
100000165,1065,656,409
100000169,906,349,557
100000174,2076,437,1639
100000179,78,621,-543
100000180,1661,1175,486
100000181,94,317,-223
100000188,82,381,-299
100000189,742,254,488
100000190,412,452,-40
100000191,668,388,280
100000192,130,116,14
100000193,124,147,-23
100000330,2497,550,1947
100000355,147,591,-444
100000362,4963,3866,1097
100000363,2204,3269,-1065
100000364,395,158,237
100000365,3773,5817,-2044
100000366,4692,2413,2279
100000367,3341,3641,-300
100000368,2305,1926,379
100000369,1332,1323,9
100000370,224,299,-75
100000376,79,90,-11
100000379,2814,1122,1692
100000380,3850,1818,2032
100000384,6727,2809,3918
100000385,7235,3487,3748
100000386,10921,3039,7882
100000387,8274,3995,4279
100000388,12430,4200,8230
100000389,12047,4396,7651
100000390,12129,3333,8796
100000391,8392,4296,4096
100000392,3703,1517,2186
100000393,1792,1639,153
100000394,7446,3636,3810
100000395,4468,1265,3203
100000396,4788,1792,2996
100000397,3399,1750,1649
100000398,11624,8148,3476
100900002,1,65,-64
100900003,262,86,176
100900004,32,1000,-968
100900005,109,10,99
100900006,7,291,-284
100900007,716,7,709
100900008,10,540,-530
100900009,20,79,-59
100900010,56,167,-111
100900011,64,472,-408
100900012,1,301,-300
100900013,427,7,420
100900014,1,8,-7
100900015,128,124,4
100900016,0,57,-57
100900017,832,95,737
100900018,0,12,-12
100900019,28,103,-75
100900020,250,1,249
100900021,390,2,388
100900022,11,18,-7
100900023,0,28,-28
100900024,1167,4,1163
100900025,5,8,-3
100900026,59,184,-125
100900027,632,2313,-1681
100900028,120,179,-59
100900029,110,9,101
100900030,1,12,-11
100900031,299,89,210
100900032,93,1,92
100900033,320,137,183
100900034,355,1,354
100900035,724,4,720
100900036,42,0,42
100900037,34,446,-412
100900038,86,20,66
100900039,912,990,-78
100900040,216,1117,-901
100900041,363,1194,-831
100900042,642,236,406
100900043,0,13,-13
100900044,3107,373,2734
100900045,57,0,57
100900046,843,9,834
100900047,1014,104,910
100900048,175,29,146
100900049,66,270,-204
100900050,1,32,-31
100900051,52,47,5
100900052,191,18,173
100900053,245,16,229
100900054,6,149,-143
100900055,216,340,-124
100900056,117,353,-236
100900057,505,661,-156
100900058,319,28,291
100900059,63,3,60
100900060,156,8,148
100900061,333,227,106
100900062,3,88,-85
100900063,119,393,-274
100900064,549,12,537
100900065,80,79,1
100900066,43,57,-14
100900067,2,11,-9
100900068,151,186,-35
100900069,509,2,507
100900070,137,7,130
100900071,794,259,535
100900072,0,52,-52
100900073,113,795,-682
100900074,1,13,-12
100900075,2793,429,2364
100900076,48,51,-3
100900077,37,230,-193
100900078,66,245,-179
100900079,8,34,-26
100900080,21,242,-221
100900081,24,100,-76
100900082,61,828,-767
100900083,0,40,-40
100900085,17,85,-68
100900086,174,710,-536
100900088,58,995,-937
100900089,2,25,-23
100900090,79,388,-309
100900091,2,23,-21
100900092,273,176,97
100900093,117,257,-140
100900094,73,773,-700
100900095,1,57,-56
100900096,33,96,-63
100900097,0,5,-5
100900098,9,18,-9
100900099,48,600,-552
100900100,21,296,-275
100900101,427,53,374
100900102,118,66,52
100900103,2,16,-14
100900104,20,186,-166
100900105,7,126,-119
100900106,57,10,47
100900107,1782,592,1190
100900108,7,19,-12
100900109,4,36,-32
100900110,8,51,-43
100900111,57,167,-110
100900112,0,4,-4
100900113,2,28,-26
100900114,1,26,-25
100900115,2,31,-29
100900116,837,630,207
100900117,267,752,-485
100900118,7,48,-41
100900119,10,19,-9
100900120,1,30,-29
100900121,296,430,-134
100900122,133,201,-68
100900123,100,165,-65
100900124,2,2,0
100900125,22,126,-104
100900126,76,236,-160
100900127,0,7,-7
100900128,92,115,-23
100900129,0,83,-83
100900131,103,166,-63
100900133,37,39,-2
100900134,2,11,-9
100900135,2,123,-121
100900137,276,190,86
100900138,548,312,236
100900139,3,5,-2
100900140,5,994,-989
100900141,0,349,-349
100900142,2,16,-14
100900143,1129,362,767
100900144,2,5,-3
100900145,29,123,-94
100900146,7,14,-7
100900147,14,295,-281
100900148,29,1203,-1174
100900149,21,120,-99
100900150,8,18,-10
100900151,127,634,-507
100900152,97,1,96
100900153,2,163,-161
100900154,2,34,-32
100900155,2,7,-5
100900156,22,3,19
100900157,5,125,-120
100900158,1098,443,655
100900159,1,22,-21
100900160,11,10,1
100900161,147,0,147
100900162,20,218,-198
100900163,148,227,-79
100900164,20,56,-36
100900165,22,21,1
100900166,55,0,55
100900167,23,132,-109
100900168,39,103,-64
100900169,217,1245,-1028
100900170,15,8,7
100900171,22,781,-759
100900172,0,6,-6
100900173,15,802,-787
100900174,484,62,422
100900176,1385,130,1255
100900177,991,273,718
100900178,431,137,294
100900179,102,71,31
100900180,0,0,0
100900181,124,30,94
100900182,14,12,2
100900184,4,195,-191
100900186,1150,538,612
100900187,9,145,-136
100900188,52,13,39
100900189,868,196,672
100900191,1336,735,601
100900192,363,177,186
100900195,72,141,-69
100900197,16,146,-130
100900198,28,271,-243
100900199,28,16,12
100900200,774,386,388
100900201,64,1094,-1030
100900202,9,0,9
100900203,0,83,-83
100900204,308,219,89
100900205,131,464,-333
100900206,81,34,47
100900207,138,87,51
100900210,85,1061,-976
100900211,353,108,245
100900213,41,21,20
100900214,1045,49,996
100900215,16,58,-42
100900217,134,77,57
101000001,5063,2363,2700
101000002,4212,3630,582
101000003,880,1700,-820
101000004,11053,7988,3065
101000005,5508,4891,617
101000006,9318,7048,2270
101000007,2904,3050,-146
101000008,3804,3177,627
101000009,1417,2401,-984
101000010,980,1762,-782
101000011,2725,940,1785
101000012,2073,631,1442
101000013,559,1039,-480
101000014,678,783,-105
101000015,765,811,-46
101000016,421,440,-19
101000017,509,545,-36
101000018,3918,2543,1375
101000020,3883,1335,2548
101000021,1265,295,970
101000022,540,148,392
101000023,1768,839,929
101000025,131,377,-246
101000026,387,16,371
101000027,1748,1538,210
101000028,689,162,527
101000029,80,921,-841
101000030,1020,73,947
101000031,1086,738,348
101000032,7455,2316,5139
101000033,2849,1913,936
101000034,3229,1070,2159
101000035,1517,322,1195
101000036,1798,338,1460
101000037,5209,1096,4113
101000039,4065,1368,2697
101000040,5725,2789,2936
101000041,20758,3963,16795
101000042,1263,689,574
101000043,13707,3796,9911
101000045,2468,392,2076
101000046,2800,671,2129
101000047,1569,1415,154
101000048,1168,1193,-25
101000049,1192,1136,56
101000050,4477,3006,1471
101000051,4120,1621,2499
101000052,1826,621,1205
101000053,1419,1970,-551
101000054,2592,2031,561
101000055,1663,1018,645
101000056,63,49,14
101000057,3874,672,3202
101000058,2749,840,1909
101000059,4481,1712,2769
101000060,2164,333,1831
101000061,1508,1037,471
101000062,1259,547,712
101000063,529,584,-55
101000064,1269,359,910
101000065,197,367,-170
101000066,484,221,263
101000067,844,503,341
101000068,349,165,184
101000069,300,87,213
101000070,1942,1118,824
101000071,2471,856,1615
101000072,1234,4163,-2929
101000073,978,599,379
101000074,5979,3403,2576
101000075,8273,4201,4072
101000077,1293,1575,-282
101000078,1266,2018,-752
101000079,457,668,-211
101000080,533,438,95
101000081,1185,1310,-125
101000082,3709,2936,773
101000083,2040,1935,105
101000084,1594,1506,88
101000085,1721,1197,524
101000086,1395,1245,150
101000087,1001,1419,-418
101000088,1129,1077,52
101000089,991,1525,-534
101000090,2651,1718,933
101000091,323,1989,-1666
101000092,880,1315,-435
101000093,1544,921,623
101000094,689,1437,-748
101000095,262,868,-606
101000096,317,783,-466
101000097,1486,380,1106
101000098,981,582,399
101000099,1087,1385,-298
101000100,1095,825,270
101000101,455,438,17
101000102,1035,339,696
101000103,919,538,381
101000104,320,410,-90
101000105,970,548,422
101000106,1711,1066,645
101000107,213,339,-126
101000108,1588,470,1118
101000109,169,58,111
101000110,41,920,-879
101000111,224,280,-56
101000113,153,946,-793
101000114,4464,1400,3064
101000115,316,187,129
101000116,306,330,-24
101000117,1493,384,1109
101000119,269,35,234
101000120,307,25,282
101000121,80,32,48
101000122,110,40,70
101000123,22,39,-17
101000124,157,337,-180
101000125,181,490,-309
101000128,1097,488,609
101000130,349,345,4
101000131,489,826,-337
101000132,522,1893,-1371
101000135,73,20,53
101000136,326,164,162
101000137,37,255,-218
101000141,2729,1978,751
101000147,963,675,288
101000148,2816,33,2783
101000149,293,230,63
101000150,71,1303,-1232
101000151,142,86,56
101000152,310,300,10
101000153,716,570,146
101000154,150,2111,-1961
101000155,154,195,-41
101000156,21,312,-291
101000157,41,34,7
101000160,84,106,-22
101000163,224,73,151
101000164,593,434,159
101000165,226,414,-188
101000166,372,552,-180
101000168,731,364,367
101000252,1328,875,453
101000254,686,60,626
101000258,50,9,41
101000261,78,211,-133
101000262,853,969,-116
101000263,360,1538,-1178
101000265,75,655,-580
101000266,374,317,57
101000269,125,14,111
101000290,2495,1934,561
101000293,80,134,-54
101000294,656,603,53
101000295,153,595,-442
101000301,1069,266,803
101000304,2024,2466,-442
101000305,2622,1787,835
101900001,33,92,-59
101900002,0,14,-14
101900003,106,135,-29
101900004,12,34,-22
101900005,6626,1249,5377
101900006,1032,52,980
101900007,485,61,424
101900008,108,326,-218
101900009,60,495,-435
101900010,1117,592,525
101900011,338,1397,-1059
101900012,115,495,-380
101900013,1659,150,1509
101900017,19,108,-89
101900018,2228,265,1963
101900019,277,131,146
101900020,197,176,21
101900021,0,50,-50
101900022,101,1829,-1728
101900023,126,341,-215
102000001,2318,3921,-1603
102000002,2882,1481,1401
102000003,4736,5304,-568
102000004,11939,3064,8875
102000005,1473,2142,-669
102000006,1886,1794,92
102000007,1430,4101,-2671
102000008,6907,1992,4915
102000009,5788,6965,-1177
102000010,6751,3944,2807
102000011,2681,2154,527
102000012,3608,3664,-56
102000018,3865,2677,1188
102000019,3055,1477,1578
102000026,262,623,-361
102000029,437,272,165
102000030,106,360,-254
102000031,29,253,-224
102000032,268,431,-163
102000033,160,542,-382
102000034,636,553,83
102000035,1316,730,586
102000036,3,251,-248
102000037,150,116,34
102000038,182,106,76
102000039,139,55,84
102000040,517,99,418
102000041,171,241,-70
102000042,275,128,147
102000043,451,216,235
102000044,381,466,-85
102000045,659,1288,-629
102000046,915,503,412
102000047,779,1426,-647
102000048,241,777,-536
102000049,947,678,269
102000050,990,1198,-208
102000051,411,554,-143
102000052,1285,975,310
102000053,699,813,-114
102000054,302,920,-618
102000055,759,1213,-454
102000056,709,1894,-1185
102000057,1616,779,837
102000058,1402,2670,-1268
102000059,1406,2078,-672
102000060,1154,1160,-6
102000061,1323,3108,-1785
102000062,1164,1800,-636
102000063,1292,1633,-341
102000064,464,657,-193
102000065,21,149,-128
102000066,889,1166,-277
102000067,2306,3356,-1050
102000068,10586,2854,7732
102000069,54,2107,-2053
102000070,2161,64,2097
102000071,7554,10357,-2803
102000072,3259,5642,-2383
102000073,1427,1482,-55
102000074,994,1044,-50
102000075,298,401,-103
102000076,291,651,-360
102000077,364,1486,-1122
102000078,836,1068,-232
102000079,124,418,-294
102000080,261,352,-91
102000081,251,980,-729
102000082,863,424,439
102000083,279,775,-496
102000084,138,494,-356
102000085,1502,1660,-158
102000086,1193,1291,-98
102000087,880,2686,-1806
102000088,237,267,-30
102000089,1066,638,428
102000090,450,1511,-1061
102000091,1668,632,1036
102000092,640,1287,-647
102000093,769,662,107
102000094,1404,768,636
102000095,1392,1739,-347
102000096,1659,1128,531
102000097,1787,1797,-10
102000098,764,1633,-869
102000099,1212,680,532
102000100,1279,1136,143
102000101,1595,545,1050
102000102,477,2099,-1622
102000103,1403,470,933
102000104,1241,436,805
102000105,200,1008,-808
102000106,619,1113,-494
102000107,722,744,-22
102000108,477,263,214
102000109,353,789,-436
102000110,617,2109,-1492
102000111,18,387,-369
102000112,168,54,114
102000113,8,30,-22
102000114,1163,437,726
102000115,220,217,3
102000116,844,266,578
102000117,344,550,-206
102000118,1971,1128,843
102000119,2926,740,2186
102000120,139,573,-434
102000121,1018,659,359
102000122,490,899,-409
102000123,1752,1210,542
102000124,1153,1081,72
102000125,1026,1109,-83
102000126,658,755,-97
102000127,1004,893,111
102000128,487,1210,-723
102000129,1139,1131,8
102000130,491,848,-357
102000131,2586,968,1618
102000132,870,948,-78
102000133,1237,2797,-1560
102000134,446,839,-393
102000135,1044,751,293
102000136,1332,550,782
102000137,1274,1102,172
102000138,297,559,-262
102000139,80,414,-334
102000140,261,254,7
102000141,251,570,-319
102000142,201,446,-245
102000143,62,610,-548
102000144,123,594,-471
102000145,237,549,-312
102000146,301,385,-84
102000147,406,374,32
102000148,239,257,-18
102000149,149,746,-597
102000150,163,320,-157
102000151,139,477,-338
102000152,82,147,-65
102000153,808,324,484
102000154,410,654,-244
102000155,105,308,-203
102000156,428,64,364
102000157,127,187,-60
102000158,418,222,196
102000159,1868,387,1481
102000161,6049,1750,4299
102000162,299,130,169
102000163,95,458,-363
102000164,1781,999,782
102000165,274,198,76
102000166,27,121,-94
102000167,178,239,-61
102000168,261,117,144
102000169,97,405,-308
102000170,700,111,589
102000171,177,113,64
102000172,119,215,-96
102000173,286,212,74
102000174,62,65,-3
102000175,145,154,-9
102000176,31,51,-20
102000178,300,688,-388
102000179,305,309,-4
102000180,600,726,-126
102000181,387,883,-496
102000182,414,863,-449
102000183,1349,2404,-1055
102000184,1158,1130,28
102000185,1886,2056,-170
102000186,851,2385,-1534
102000187,561,2322,-1761
102000188,688,1741,-1053
102000189,3843,1395,2448
102000190,896,3152,-2256
102000191,1519,738,781
102000192,779,1228,-449
102000193,35,203,-168
102000194,65,212,-147
102000195,351,787,-436
102000196,115,709,-594
102000197,383,698,-315
102000198,134,1147,-1013
102000199,541,567,-26
102000200,242,1720,-1478
102000201,533,610,-77
102000202,3,152,-149
102000203,214,400,-186
102000204,273,1129,-856
102000205,632,710,-78
102000206,518,930,-412
102000207,752,526,226
102000208,359,705,-346
102000209,82,59,23
102000210,186,662,-476
102000211,412,564,-152
102000212,152,20,132
102000213,5,447,-442
102000214,132,11,121
102000215,6,752,-746
102000216,22,47,-25
102000217,15,238,-223
102000218,145,122,23
102000219,438,440,-2
102000225,790,791,-1
102000226,10537,2025,8512
102000227,211,6,205
102000228,0,114,-114
102000229,14,38,-24
102000230,344,765,-421
102000231,237,593,-356
102000232,11,211,-200
102000233,428,741,-313
102000234,93,1706,-1613
102000236,309,89,220
102000237,559,179,380
102000238,179,337,-158
102000240,752,568,184
102000241,207,133,74
102000243,9,64,-55
102000245,50,139,-89
102000246,50,34,16
102000247,813,931,-118
102000248,147,411,-264
102000249,104,248,-144
102000250,49,552,-503
102000254,62,514,-452
102000266,59,218,-159
102000271,15,0,15
102000286,572,458,114
102000297,1826,1040,786
102000301,0,0,0
102000303,0,3,-3
102000305,0,0,0
102000307,0,43,-43
102000308,0,3,-3
102900001,1332,1317,15
102900002,441,20,421
102900003,40,381,-341
102900005,231,439,-208
102900006,497,331,166
102900007,430,33,397
102900008,260,156,104
102900009,675,306,369
102900010,604,665,-61
102900011,2275,347,1928
102900012,358,72,286
102900013,27,129,-102
102900015,892,299,593
102900016,59,208,-149
102900017,119,936,-817
102900018,32,207,-175
102900019,367,578,-211
102900020,97,48,49
102900021,14,147,-133
102900022,407,82,325
102900023,28,66,-38
102900024,6,50,-44
102900025,433,154,279
102900026,691,1582,-891
102900027,33,54,-21
102900028,131,554,-423
102900029,192,139,53
102900030,359,241,118
102900031,89,190,-101
102900032,31,137,-106
102900033,104,216,-112
102900034,311,137,174
102900035,69,597,-528
102900036,182,702,-520
102900037,153,886,-733
102900038,404,794,-390
102900039,61,462,-401
102900040,127,304,-177
102900041,91,254,-163
102900042,202,425,-223
102900043,112,314,-202
102900044,818,2439,-1621
102900045,102,690,-588
102900046,109,412,-303
102900047,71,937,-866
102900048,651,797,-146
102900049,105,458,-353
102900050,354,440,-86
102900051,183,274,-91
102900052,34,31,3
102900053,441,777,-336
102900054,1069,1147,-78
102900055,111,210,-99
102900056,122,579,-457
102900057,10,55,-45
102900058,393,80,313
102900059,33,87,-54
102900060,91,534,-443
102900061,134,593,-459
102900062,190,1671,-1481
102900063,743,494,249
102900064,168,476,-308
102900065,2091,721,1370
102900066,392,57,335
102900068,80,92,-12
102900070,144,832,-688
102900072,17,43,-26
102900073,185,12,173
102900074,309,175,134
102900075,18,38,-20
102900076,364,71,293
102900077,39,28,11
102900078,50,97,-47
102900079,247,20,227
102900080,322,36,286
102900081,99,389,-290
102900082,8,292,-284
102900083,334,14,320
102900084,10,25,-15
102900085,231,93,138
102900086,13,40,-27
102900087,86,137,-51
102900088,22,35,-13
102900089,272,163,109
102900090,5,611,-606
102900091,124,7,117
102900092,173,1259,-1086
102900093,301,300,1
102900094,1,56,-55
102900095,92,3,89
102900096,56,16,40
102900097,14,156,-142
103000001,2278,2745,-467
103000002,1894,2174,-280
103000003,4708,2484,2224
103000004,1107,758,349
103000005,2327,2553,-226
103000006,742,1543,-801
103000007,377,1059,-682
103000008,863,1311,-448
103000009,816,1088,-272
103000010,112,154,-42
103000011,2044,1268,776
103000012,1183,1387,-204
103000013,7318,2370,4948
103000014,1402,1840,-438
103000015,2873,989,1884
103000016,541,1068,-527
103000017,148,337,-189
103000018,1104,393,711
103000019,244,182,62
103000020,2000,1539,461
103000021,1558,1618,-60
103000022,988,1224,-236
103000023,467,1376,-909
103000024,131,182,-51
103000025,87,405,-318
103000026,1977,161,1816
103000027,310,492,-182
103000028,800,518,282
103000029,526,209,317
103000030,2228,774,1454
103000031,1602,1519,83
103000032,2238,1957,281
103000033,2761,2579,182
103000034,1951,1221,730
103000035,538,1056,-518
103000036,537,511,26
103000037,686,543,143
103000038,551,981,-430
103000039,258,559,-301
103000040,270,1363,-1093
103000041,1651,3460,-1809
103000042,791,917,-126
103000043,385,1409,-1024
103000044,197,339,-142
103000046,257,443,-186
103000047,576,950,-374
103000048,145,192,-47
103000049,108,237,-129
103000050,646,812,-166
103000051,309,737,-428
103000052,751,513,238
103000053,178,589,-411
103000054,2080,1446,634
103000055,1741,2063,-322
103000056,566,3177,-2611
103000057,364,370,-6
103000058,385,1172,-787
103000059,301,799,-498
103000060,587,983,-396
103000061,269,912,-643
103000062,1082,1083,-1
103000063,647,770,-123
103000064,110,355,-245
103000065,1,462,-461
103000066,99,7,92
103000069,209,462,-253
103000070,711,1513,-802
103000071,780,404,376
103000072,118,1104,-986
103000073,487,166,321
103000074,535,132,403
103000075,181,1123,-942
103000076,235,190,45
103000077,59,494,-435
103000078,1246,484,762
103000079,1671,470,1201
103000080,1354,281,1073
103000081,692,810,-118
103000082,402,235,167
103000083,110,430,-320
103000084,115,4,111
103000085,6,123,-117
103000086,717,349,368
103000087,141,592,-451
103000088,344,363,-19
103000089,200,312,-112
103000090,1738,1210,528
103000091,661,471,190
103000092,294,393,-99
103000093,303,547,-244
103000094,213,160,53
103000095,31,489,-458
103000096,945,117,828
103000097,61,836,-775
103000098,1100,171,929
103000099,423,683,-260
103000100,103,961,-858
103000101,700,217,483
103000102,121,827,-706
103000103,525,291,234
103000104,66,238,-172
103000105,96,163,-67
103000106,11,123,-112
103000107,296,102,194
103000108,569,580,-11
103000109,393,391,2
103000110,394,532,-138
103000111,650,360,290
103000112,314,273,41
103000113,617,651,-34
103000114,948,403,545
103000115,518,590,-72
103000116,449,609,-160
103000117,276,552,-276
103000118,1323,1269,54
103000119,2166,795,1371
103000120,72,111,-39
103000121,386,679,-293
103000122,330,272,58
103000125,7,660,-653
103000126,376,5,371
103000127,2,371,-369
103000128,114,7,107
103000129,1,201,-200
103000130,51,35,16
103000131,310,124,186
103000132,110,191,-81
103000133,9,267,-258
103000134,823,822,1
103000135,920,294,626
103000136,944,350,594
103000137,589,643,-54
103000138,892,843,49
103000139,1,60,-59
103000140,148,20,128
103000141,19,116,-97
103000142,158,81,77
103000143,55,232,-177
103000144,187,91,96
103000145,45,96,-51
103000150,114,81,33
103000152,253,218,35
103000153,147,207,-60
103000156,6,663,-657
103000157,299,2,297
103000159,122,139,-17
103000162,86,9,77
103000163,12,24,-12
103000164,30,8,22
103000165,141,497,-356
103000166,170,182,-12
103000167,157,124,33
103000168,58,202,-144
103000169,184,379,-195
103000170,489,570,-81
103000171,51,85,-34
103000172,290,425,-135
103000173,268,1013,-745
103000174,132,396,-264
103000175,199,589,-390
103000176,796,384,412
103000177,966,514,452
103000178,457,325,132
103000179,88,43,45
103000183,85,32,53
103000185,79,111,-32
103000186,68,226,-158
103000187,317,878,-561
103000188,17,95,-78
103000189,774,1114,-340
103000191,716,958,-242
103000292,3045,1275,1770
103000293,1720,1430,290
103000295,129,75,54
103000296,246,3,243
103000297,131,23,108
103000504,87,23,64
103000505,7,14,-7
103000506,1,259,-258
103000507,111,1,110
103000508,81,29,52
103000509,230,686,-456
103900001,2,539,-537
103900002,2250,203,2047
103900003,2061,127,1934
103900004,48,1,47
103900005,3,351,-348
103900006,2,0,2
103900007,35,18,17
103900008,8,2,6
103900009,186,346,-160
103900010,131,361,-230
103900011,127,277,-150
103900012,5,14,-9
103900013,42,88,-46
103900014,39,24,15
103900015,27,20,7
103900016,252,268,-16
103900017,24,129,-105
103900018,850,212,638
103900019,69,271,-202
103900020,236,370,-134
103900021,1098,59,1039
103900022,1096,818,278
103900023,86,0,86
103900024,100,909,-809
103900025,5,56,-51
103900026,20,2,18
103900027,508,373,135
103900028,19,280,-261
103900029,881,172,709
103900030,182,40,142
103900031,7,3,4
103900032,78,35,43
103900033,111,15,96
103900034,35,294,-259
103900035,55,65,-10
103900036,44,33,11
103900037,46,67,-21
103900038,92,142,-50
103900039,48,506,-458
103900040,3,250,-247
103900041,15,52,-37
103900042,23,536,-513
103900043,101,146,-45
103900044,257,168,89
103900045,217,248,-31
103900047,35,38,-3
103900048,38,34,4
103900049,295,1684,-1389
103900050,42,158,-116
103900051,10,50,-40
103900052,138,684,-546
103900053,119,1268,-1149
103900054,102,781,-679
103900055,341,265,76
103900056,41,62,-21
103900057,17,289,-272
103900058,134,1070,-936
103900059,0,0,0
103900060,37,298,-261
103900061,82,62,20
103900062,148,73,75
103900063,7,0,7
103900064,63,0,63
103900065,853,420,433
103900066,91,8,83
103900067,89,8,81
103900068,2,0,2
103900069,54,8,46
103900070,151,364,-213
103900071,20,185,-165
103900072,7,426,-419
103900073,29,30,-1
103900074,60,125,-65
103900075,200,126,74
103900076,283,894,-611
103900077,88,67,21
103900078,114,157,-43
103900079,103,301,-198
103900080,16,43,-27
103900081,166,9,157
103900082,11,147,-136
103900083,2239,545,1694
103900084,82,144,-62
103900085,104,93,11
103900086,377,339,38
103900087,17,116,-99
103900088,402,297,105
103900089,39,195,-156
103900090,4,320,-316
103900091,1220,294,926
103900092,292,498,-206
103900093,125,490,-365
103900094,5,210,-205
103900095,201,169,32
103900096,17,347,-330
103900097,14,686,-672
103900098,200,110,90
103900099,27,310,-283
103900100,140,534,-394
103900101,58,1256,-1198
103900102,1,43,-42
103900104,6,44,-38
103900105,126,251,-125
103900106,0,21,-21
103900107,57,329,-272
103900108,59,538,-479
103900109,57,125,-68
103900110,184,52,132
103900111,51,1097,-1046
103900112,19,58,-39
103900113,137,258,-121
103900114,482,373,109
103900115,251,113,138
103900116,8252,2038,6214
103900117,241,161,80
103900119,32,35,-3
103900120,40,165,-125
103900122,58,424,-366
103900123,1775,599,1176
103900124,57,802,-745
103900125,65,128,-63
103900126,344,572,-228
103900127,130,967,-837
103900128,79,255,-176
103900131,23,161,-138
103900133,906,35,871
103900134,0,1,-1
103900135,6,6,0
103900137,0,58,-58
103900138,68,584,-516
103900139,257,1170,-913
103900140,14,89,-75
103900141,354,91,263
103900142,69,336,-267
103900143,28,3,25
103900144,2,103,-101
103900145,183,442,-259
103900146,277,447,-170
103900147,345,148,197
103900148,121,298,-177
103900149,199,999,-800
103900150,9547,2499,7048
103900151,79,217,-138
103900152,244,892,-648
103900153,2,5,-3
103900154,1504,1043,461
103900155,31,286,-255
103900156,14,257,-243
103900157,32,399,-367
103900158,36,213,-177
103900159,59,92,-33
103900160,23,28,-5
103900161,71,229,-158
103900162,55,296,-241
103900163,17,518,-501
103900167,24,92,-68
103900168,118,220,-102
103900169,41,50,-9
103900170,7,129,-122
103900171,10,107,-97
103900172,37,34,3
103900173,13,14,-1
103900174,99,122,-23
103900175,86,49,37
103900176,22,18,4
103900177,7,61,-54
103900178,28,104,-76
103900179,24,210,-186
103900180,17,115,-98
103900181,80,41,39
103900182,59,14,45
103900184,566,51,515
103900185,287,155,132
103900187,105,60,45
103900188,44,15,29
103900189,90,16,74
103900190,59,40,19
103900191,21,93,-72
103900192,53,134,-81
103900193,241,204,37
103900194,66,509,-443
103900195,5,42,-37
103900196,19,26,-7
103900197,18,37,-19
103900198,27,80,-53
103900199,98,89,9
103900200,182,203,-21
103900201,132,247,-115
103900202,9,73,-64
103900203,35,14,21
103900204,3,216,-213
103900207,1,266,-265
103900208,48,0,48
103900209,8,156,-148
103900210,23,34,-11
103900211,543,835,-292
103900212,87,566,-479
103900213,135,231,-96
103900214,209,118,91
103900215,690,236,454
103900216,23,589,-566
103900217,317,52,265
103900218,0,272,-272
103900219,91,418,-327
103900233,78,1,77
103900235,21,17,4
103900236,22,5,17
103900242,7,9,-2
103900243,8,9,-1
103900244,97,470,-373
103900245,75,295,-220
103900246,51,51,0
103900247,32,134,-102
103900248,13,16,-3
103900249,30,34,-4
103900250,35,29,6
103900251,1,49,-48
103900253,33,64,-31
103900254,8,24,-16
103900255,8,13,-5
103900256,22,19,3
103900257,80,119,-39
103900258,18,1,17
103900259,73,4,69
103900261,15,0,15
103900262,8,1,7
103900263,39,37,2
103900264,84,26,58
103900265,63,16,47
103900266,2,63,-61
103900267,6,78,-72
103900268,22,120,-98
103900269,115,261,-146
103900270,27,193,-166
103900271,9,47,-38
104000001,2094,2354,-260
104000002,1575,3022,-1447
104000003,2363,2495,-132
104000004,3452,2959,493
104000005,1108,1959,-851
104000006,2860,3484,-624
104000007,4502,4150,352
104000008,314,546,-232
104000009,143,112,31
104000010,147,198,-51
104000011,903,555,348
104000012,181,650,-469
104000013,138,172,-34
104000014,243,883,-640
104000015,202,230,-28
104000016,638,532,106
104000018,662,181,481
104000019,494,133,361
104000020,202,1108,-906
104000021,310,955,-645
104000022,193,421,-228
104000023,437,433,4
104000024,182,546,-364
104000026,40,488,-448
104000027,258,554,-296
104000028,372,267,105
104000029,524,739,-215
104000030,308,244,64
104000031,819,361,458
104000032,215,550,-335
104000033,579,531,48
104000034,317,628,-311
104000035,647,531,116
104000036,499,958,-459
104000037,319,414,-95
104000038,265,367,-102
104000039,274,578,-304
104000040,575,607,-32
104000041,410,389,21
104000042,222,527,-305
104000043,229,509,-280
104000044,259,957,-698
104000045,966,1503,-537
104000046,1597,1822,-225
104000047,768,1723,-955
104000048,1280,2736,-1456
104000049,309,319,-10
104000050,234,642,-408
104000051,85,752,-667
104000052,1113,1687,-574
104000053,607,775,-168
104000054,502,806,-304
104000055,3725,3723,2
104000056,1809,338,1471
104000057,89,688,-599
104000058,595,762,-167
104000059,555,1370,-815
104000060,863,1162,-299
104000061,1024,1540,-516
104000062,214,196,18
104000064,459,309,150
104000065,130,473,-343
104000069,1600,726,874
104000070,66,378,-312
104000071,124,438,-314
104000072,450,252,198
104000075,63,314,-251
104000076,394,134,260
104000082,1951,2802,-851
104000083,816,226,590
104000084,136,658,-522
104000085,211,238,-27
104000086,190,550,-360
104000087,599,1320,-721
104000090,657,1949,-1292
104000092,766,3418,-2652
104000094,805,2665,-1860
104000095,1444,1471,-27
104000096,1316,578,738
104000097,1286,1540,-254
104000098,1444,1623,-179
104000100,1109,892,217
104000101,864,2506,-1642
104000106,97,720,-623
104000107,556,695,-139
104000108,455,693,-238
104000109,236,96,140
104000110,975,1092,-117
104000111,7193,2270,4923
104000112,3514,687,2827
104000116,5,1579,-1574
104000117,170,1161,-991
104000118,387,334,53
104000119,396,285,111
104000120,216,1263,-1047
104000121,218,733,-515
104000122,547,790,-243
104000123,998,1441,-443
104000124,1876,3579,-1703
104000125,5783,3590,2193
104000126,334,558,-224
104000127,1764,4218,-2454
104000128,915,644,271
104000129,548,40,508
104000130,10,395,-385
104000131,976,793,183
104000132,736,1073,-337
104000133,1087,890,197
104000134,989,1634,-645
104000135,409,1310,-901
104000136,1022,3163,-2141
104000137,2052,402,1650
104000138,1274,370,904
104000139,11485,3891,7594
104000141,1479,2337,-858
104000142,708,1284,-576
104000143,485,923,-438
104000144,42,221,-179
104000145,324,219,105
104000146,468,750,-282
104000147,117,420,-303
104000148,216,161,55
104000149,108,571,-463
104000150,733,524,209
104000151,366,884,-518
104000152,451,1027,-576
104000153,364,513,-149
104000154,1137,919,218
104000155,365,551,-186
104000157,1230,2259,-1029
104000158,439,269,170
104000159,612,365,247
104000160,1879,1738,141
104000161,242,213,29
104000162,26,140,-114
104000165,1693,1257,436
104000167,461,676,-215
104000168,598,12,586
104000169,50,67,-17
104000170,915,479,436
104000248,282,1031,-749
104000251,50,394,-344
104000272,0,0,0
104000273,0,0,0
104000274,0,0,0
104000275,0,0,0
104000279,789,691,98
104000290,83,349,-266
104000291,552,1291,-739
104000293,586,911,-325
104000294,19,0,19
104000295,528,946,-418
104000296,290,915,-625
104000297,796,1921,-1125
104000298,2131,1104,1027
104000299,739,1647,-908
104900001,157,548,-391
104900002,45,115,-70
104900003,53,453,-400
104900004,75,416,-341
104900005,184,220,-36
104900006,122,99,23
104900007,211,339,-128
104900009,102,595,-493
104900010,37,44,-7
104900011,3,7,-4
104900012,188,16,172
104900013,94,4,90
104900014,4634,541,4093
104900015,70,8,62
104900016,135,396,-261
104900017,77,235,-158
104900018,7,269,-262
104900019,334,1602,-1268
104900020,60,335,-275
104900021,2,405,-403
104900022,38,145,-107
104900023,2,191,-189
104900024,10,106,-96
104900025,37,464,-427
104900026,1,146,-145
104900027,234,304,-70
104900028,40,120,-80
104900029,53,91,-38
104900030,432,253,179
104900031,154,216,-62
104900032,36,237,-201
104900033,108,199,-91
104900034,272,134,138
104900035,181,152,29
104900036,125,117,8
104900037,113,404,-291
104900038,785,477,308
104900039,1204,273,931
104900040,206,107,99
104900041,184,138,46
104900042,148,463,-315
104900043,9,74,-65
104900044,348,231,117
104900045,299,57,242
104900046,70,145,-75
104900047,228,159,69
104900048,151,114,37
104900049,10,25,-15
104900050,116,99,17
104900051,173,59,114
104900052,42,4,38
104900053,339,96,243
104900054,191,44,147
104900055,73,0,73
104900056,123,22,101
104900057,19,1,18
104900058,895,232,663
104900059,86,63,23
104900060,2,459,-457
104900061,352,836,-484
104900063,0,149,-149
104900064,0,137,-137
104900065,2,155,-153
104900066,1,261,-260
104900067,4,346,-342
104900068,19,288,-269
104900070,170,367,-197
104900071,6,927,-921
104900072,41,274,-233
104900073,29,397,-368
104900074,45,312,-267
104900075,41,133,-92
104900076,88,488,-400
104900077,1606,161,1445
104900078,143,943,-800
104900079,143,201,-58
104900080,38,598,-560
104900082,12,444,-432
104900085,8,289,-281
104900087,384,8,376
104900089,86,3,83
104900090,476,569,-93
104900091,481,1201,-720
104900093,255,702,-447
104900097,4007,1806,2201
104900098,106,15,91
104900099,49,483,-434
104900100,899,301,598
104900102,24,405,-381
104900103,539,122,417
104900104,5248,1675,3573
104900106,54,182,-128
104900107,48,417,-369
104900108,39,422,-383
104900109,88,227,-139
104900110,8,61,-53
104900111,109,205,-96
104900112,221,1275,-1054
104900113,589,562,27
104900114,246,882,-636
104900115,430,633,-203
104900116,128,358,-230
104900118,14,91,-77
104900119,2,34,-32
104900120,84,87,-3
104900121,0,181,-181
104900122,2,88,-86
104900123,40,18,22
104900124,45,0,45
104900125,534,5,529
104900126,80,60,20
104900127,12,41,-29
104900128,90,173,-83
104900129,3364,1056,2308
105000001,2042,2015,27
105000002,1916,1928,-12
105000003,3094,4367,-1273
105000004,405,1135,-730
105000005,595,1214,-619
105000006,1009,1530,-521
105000007,835,1301,-466
105000008,1019,1830,-811
105000009,1176,2786,-1610
105000010,3249,2987,262
105000011,1926,2072,-146
105000012,4129,3885,244
105000013,601,1024,-423
105000014,1108,2025,-917
105000015,11467,6371,5096
105000016,4662,2267,2395
105000017,1786,1238,548
105000018,1292,1102,190
105000019,1638,970,668
105000020,141,345,-204
105000021,241,138,103
105000022,165,48,117
105000023,549,274,275
105000028,80,165,-85
105000029,310,1038,-728
105000030,4393,4086,307
105000033,844,2415,-1571
105000034,176,556,-380
105000037,688,666,22
105000038,1692,1330,362
105000039,3445,2492,953
105000040,743,795,-52
105000041,796,1730,-934
105000042,2412,1295,1117
105000043,2284,3009,-725
105000044,359,357,2
105000045,355,1084,-729
105000046,569,450,119
105000047,490,1802,-1312
105000048,436,250,186
105000049,249,874,-625
105000050,486,458,28
105000051,198,482,-284
105000052,598,1018,-420
105000053,130,193,-63
105000054,227,1153,-926
105000055,332,432,-100
105000056,856,2991,-2135
105000057,1043,1192,-149
105000058,1355,1711,-356
105000059,449,533,-84
105000060,494,873,-379
105000061,381,534,-153
105000062,798,1451,-653
105000063,340,842,-502
105000064,830,871,-41
105000065,356,1248,-892
105000066,1102,2770,-1668
105000067,874,692,182
105000068,564,1163,-599
105000069,3563,792,2771
105000070,972,844,128
105000071,198,503,-305
105000072,643,1102,-459
105000073,708,561,147
105000074,989,1303,-314
105000075,556,928,-372
105000076,1143,1161,-18
105000077,2043,818,1225
105000078,1583,1239,344
105000079,1872,2042,-170
105000080,2238,1204,1034
105000081,1478,787,691
105000082,579,589,-10
105000083,1393,979,414
105000084,523,1397,-874
105000085,1220,1100,120
105000086,560,1020,-460
105000087,2690,2217,473
105000088,1336,1526,-190
105000089,3256,2481,775
105000090,999,1002,-3
105000091,1943,2630,-687
105000092,629,1205,-576
105000093,354,224,130
105000094,265,244,21
105000095,95,383,-288
105000096,988,757,231
105000097,967,629,338
105000098,713,589,124
105000099,849,1120,-271
105000100,845,1287,-442
105000101,1603,2608,-1005
105000102,1384,1736,-352
105000103,1264,2720,-1456
105000104,1695,1265,430
105000105,1120,2464,-1344
105000106,1108,1835,-727
105000107,786,1210,-424
105000108,1126,2263,-1137
105000109,1123,2052,-929
105000110,532,1045,-513
105000111,515,704,-189
105000112,1106,1076,30
105000113,393,753,-360
105000114,4264,1142,3122
105000115,321,878,-557
105000116,467,532,-65
105000117,643,1781,-1138
105000118,227,373,-146
105000119,493,1541,-1048
105000120,635,688,-53
105000121,721,1454,-733
105000122,266,553,-287
105000123,1206,1977,-771
105000124,1284,1038,246
105000125,634,2423,-1789
105000126,1792,2843,-1051
105000127,2212,2496,-284
105000128,296,1811,-1515
105000129,673,393,280
105000130,121,1116,-995
105000131,671,482,189
105000132,552,519,33
105000133,348,1394,-1046
105000134,489,694,-205
105000135,507,844,-337
105000136,92,410,-318
105000137,183,273,-90
105000138,239,484,-245
105000139,1165,1354,-189
105000140,173,654,-481
105000141,234,921,-687
105000142,111,599,-488
105000143,202,851,-649
105000144,208,844,-636
105000145,412,645,-233
105000146,463,835,-372
105000147,355,360,-5
105000148,993,718,275
105000149,1814,2062,-248
105000150,2332,1710,622
105000151,324,405,-81
105000152,166,853,-687
105000153,548,540,8
105000154,689,1125,-436
105000155,286,773,-487
105000156,985,1066,-81
105000157,1072,2700,-1628
105000158,1888,967,921
105000159,361,1656,-1295
105000160,1302,700,602
105000161,712,2424,-1712
105000162,509,1411,-902
105000163,1666,1564,102
105000164,260,401,-141
105000165,1922,3612,-1690
105000166,9301,477,8824
105000167,3452,1306,2146
105000168,314,1100,-786
105000169,235,593,-358
105000170,134,1450,-1316
105000171,1094,350,744
105000172,39,61,-22
105000173,96,43,53
105000174,53,44,9
105000175,63,146,-83
105000176,130,80,50
105000177,129,134,-5
105000178,108,980,-872
105000179,217,150,67
105000180,90,105,-15
105000181,83,669,-586
105000182,35,46,-11
105000183,2902,1614,1288
105000184,1329,916,413
105000185,1238,802,436
105000186,420,1052,-632
105000187,642,313,329
105000188,205,117,88
105000189,152,631,-479
105000190,207,389,-182
105000191,255,549,-294
105000192,148,92,56
105000193,69,194,-125
105000194,183,78,105
105000195,337,1354,-1017
105000196,27,113,-86
105000197,289,897,-608
105000198,716,374,342
105000199,277,272,5
105000200,125,276,-151
105000201,100,29,71
105000203,8,324,-316
105000204,38,86,-48
105000205,115,290,-175
105000207,690,343,347
105000208,264,437,-173
105000209,219,432,-213
105000212,1026,1840,-814
105000213,220,194,26
105000214,82,280,-198
105000215,231,351,-120
105000216,54,504,-450
105000217,124,377,-253
105000218,763,1204,-441
105000221,141,361,-220
105000222,76,53,23
105000223,101,199,-98
105000226,24,563,-539
105000227,33,277,-244
105000228,418,940,-522
105000229,109,236,-127
105000231,173,281,-108
105000233,499,666,-167
105000234,515,1644,-1129
105000235,274,535,-261
105000237,594,57,537
105000243,27,262,-235
105000248,50,57,-7
105000262,261,2515,-2254
105000269,94,250,-156
105000270,318,108,210
105000271,0,300,-300
105000282,129,51,78
105000287,370,171,199
105000288,449,516,-67
105000289,1353,918,435
105000290,7,3,4
105000402,5888,1953,3935
105000426,556,542,14
105000438,1164,682,482
105000446,18094,5611,12483
105000447,11233,3216,8017
105000454,203,1207,-1004
105000455,199,238,-39
105000474,9,1,8
105000477,254,437,-183
105000478,1514,2344,-830
105000479,112,129,-17
105000480,2217,2111,106
105000481,2915,2002,913
105000482,5364,2952,2412
105000483,1093,1257,-164
105000484,2418,2811,-393
105000485,1192,1540,-348
105000486,3500,2606,894
105000488,3875,3250,625
105000489,581,908,-327
105000549,16,109,-93
105000550,514,1488,-974
105000551,28,141,-113
105000552,3751,2123,1628
105900001,13,1015,-1002
105900002,1924,432,1492
105900003,13,101,-88
105900004,322,186,136
105900005,3,212,-209
105900006,12,64,-52
105900007,64,26,38
105900008,68,931,-863
105900009,10,24,-14
105900011,134,42,92
105900012,397,154,243
105900013,2,23,-21
105900014,4,68,-64
105900015,146,454,-308
105900016,194,780,-586
105900017,650,66,584
105900018,283,269,14
105900019,68,527,-459
105900020,41,72,-31
105900021,15,402,-387
105900022,217,441,-224
105900023,0,132,-132
105900024,10,232,-222
105900025,77,52,25
105900026,184,38,146
105900027,5847,4007,1840
105900028,79,193,-114
105900029,2225,361,1864
105900030,177,342,-165
105900031,687,226,461
105900032,57,176,-119
105900033,55,164,-109
105900034,177,291,-114
105900035,179,284,-105
105900036,36,134,-98
105900037,62,81,-19
105900038,165,317,-152
105900039,74,160,-86
105900040,47,128,-81
105900041,167,475,-308
105900042,38,153,-115
105900043,2021,128,1893
105900044,0,183,-183
105900045,2,613,-611
105900046,3,238,-235
105900047,8,29,-21
105900048,108,561,-453
105900050,2590,971,1619
105900051,11,1693,-1682
105900052,302,107,195
105900053,4536,1455,3081
105900054,321,334,-13
105900056,989,241,748
105900057,32,213,-181
105900058,8,36,-28
105900059,0,51,-51
106000001,4584,1793,2791
106000002,3454,5101,-1647
106000003,2889,2757,132
106000004,2379,2782,-403
106000005,2420,5587,-3167
106000006,6237,5220,1017
106000007,406,587,-181
106000008,446,374,72
106000009,413,363,50
106000010,583,700,-117
106000011,701,909,-208
106000012,738,1860,-1122
106000013,1580,1801,-221
106000014,2024,2317,-293
106000015,1300,1159,141
106000016,1242,3060,-1818
106000017,708,755,-47
106000018,566,769,-203
106000019,254,492,-238
106000020,226,502,-276
106000021,228,496,-268
106000022,264,434,-170
106000023,627,424,203
106000024,639,1027,-388
106000025,113,230,-117
106000026,169,410,-241
106000027,859,1493,-634
106000028,577,890,-313
106000029,870,1739,-869
106000030,1086,461,625
106000034,215,699,-484
106000035,760,1219,-459
106000036,433,498,-65
106000037,2068,1736,332
106000038,724,111,613
106000039,256,45,211
106000040,243,900,-657
106000041,848,324,524
106000043,606,115,491
106000046,349,57,292
106000047,35,420,-385
106000049,523,166,357
106000050,249,1104,-855
106000051,437,422,15
106000052,60,773,-713
106000053,227,121,106
106000054,407,546,-139
106000055,682,1147,-465
106000056,334,602,-268
106000057,169,273,-104
106000058,172,261,-89
106000059,185,372,-187
106000060,585,680,-95
106000061,199,430,-231
106000062,199,742,-543
106000063,520,528,-8
106000064,34,573,-539
106000065,321,239,82
106000066,112,437,-325
106000067,284,137,147
106000068,69,760,-691
106000069,141,123,18
106000070,351,1007,-656
106000071,821,419,402
106000072,4661,1665,2996
106000073,1985,2246,-261
106000074,360,748,-388
106000075,307,1174,-867
106000076,1478,2009,-531
106000077,3393,1472,1921
106000078,795,1132,-337
106000079,501,1209,-708
106000080,1056,1031,25
106000081,549,1287,-738
106000082,2677,1152,1525
106000083,351,1487,-1136
106000084,1093,839,254
106000085,1592,1385,207
106000086,666,869,-203
106000087,821,690,131
106000088,417,898,-481
106000089,879,565,314
106000090,258,640,-382
106000091,229,783,-554
106000092,546,368,178
106000093,244,125,119
106000094,103,498,-395
106000095,444,1473,-1029
106000096,688,901,-213
106000097,720,1657,-937
106000098,567,1302,-735
106000099,168,1061,-893
106000100,783,380,403
106000101,929,356,573
106000102,148,724,-576
106000103,283,733,-450
106000104,602,535,67
106000105,482,1124,-642
106000106,521,489,32
106000107,88,517,-429
106000108,231,384,-153
106000109,119,423,-304
106000110,125,381,-256
106000111,133,722,-589
106000112,141,430,-289
106000113,1176,806,370
106000114,484,456,28
106000115,152,715,-563
106000116,110,324,-214
106000117,919,936,-17
106000118,1028,1160,-132
106000119,2685,1422,1263
106000120,688,775,-87
106000121,170,183,-13
106000122,65,438,-373
106000123,233,303,-70
106000124,37,461,-424
106000125,18,489,-471
106000126,129,190,-61
106000127,608,1162,-554
106000128,506,317,189
106000129,347,953,-606
106000130,588,453,135
106000131,138,784,-646
106000132,800,167,633
106000133,4084,1238,2846
106000134,901,1173,-272
106000135,280,1067,-787
106000136,610,609,1
106000137,66,1737,-1671
106000138,754,85,669
106000139,41,158,-117
106000140,31,134,-103
106000141,62,156,-94
106000142,71,95,-24
106000143,19,160,-141
106000144,22,70,-48
106000145,118,386,-268
106000146,219,245,-26
106000147,413,678,-265
106000148,666,967,-301
106000149,463,523,-60
106000150,468,1999,-1531
106000151,5406,934,4472
106000152,1677,1422,255
106000153,97,1575,-1478
106000154,1646,304,1342
106000155,70,237,-167
106000156,604,378,226
106000157,677,2259,-1582
106000158,3145,958,2187
106000159,5182,1466,3716
106000160,260,1858,-1598
106000161,1644,572,1072
106000162,149,817,-668
106000163,333,727,-394
106000164,245,517,-272
106000165,187,915,-728
106000166,458,435,23
106000167,302,1790,-1488
106000168,249,313,-64
106000169,150,1050,-900
106000170,328,324,4
106000171,100,1051,-951
106000172,2120,1118,1002
106000173,766,3299,-2533
106000174,960,375,585
106000175,283,1366,-1083
106000176,1090,740,350
106000177,712,2847,-2135
106000178,2741,1860,881
106000179,1277,2791,-1514
106000180,804,2355,-1551
106000181,459,2560,-2101
106000182,631,904,-273
106000183,780,1401,-621
106000184,955,1336,-381
106000185,570,1293,-723
106000186,884,229,655
106000187,284,925,-641
106000188,0,3,-3
106000189,7,46,-39
106000190,4,3,1
106000191,529,213,316
106000192,0,31,-31
106000193,297,191,106
106000194,166,420,-254
106000195,925,153,772
106000196,288,624,-336
106000197,310,425,-115
106000198,177,383,-206
106000199,942,632,310
106000200,524,178,346
106000201,548,1561,-1013
106000202,8068,709,7359
106000203,255,192,63
106000204,23,4,19
106000205,27,174,-147
106000206,81,11,70
106000207,66,1069,-1003
106000208,679,99,580
106000209,945,339,606
106000210,221,1623,-1402
106000211,361,1817,-1456
106000212,549,204,345
106000213,1101,1682,-581
106000214,3584,602,2982
106000215,238,565,-327
106000216,298,431,-133
106000217,290,512,-222
106000218,526,409,117
106000219,165,329,-164
106000220,410,334,76
106000221,88,418,-330
106000222,29,169,-140
106000223,90,131,-41
106000224,144,395,-251
106000225,70,85,-15
106000226,136,382,-246
106000228,38,136,-98
106000229,48,850,-802
106000231,562,154,408
106000232,65,450,-385
106000233,337,121,216
106000234,58,265,-207
106000235,393,61,332
106000236,193,87,106
106000237,2,7,-5
106000238,9,15,-6
106000239,2,103,-101
106000240,22,7,15
106000241,23,814,-791
106000242,184,16,168
106000249,47,138,-91
106000250,63,464,-401
106000251,76,20,56
106000252,41,139,-98
106000253,26,39,-13
106000254,42,89,-47
106000255,15,85,-70
106000256,80,111,-31
106000257,115,305,-190
106000258,238,13,225
106000259,3,38,-35
106000260,23,6,17
106000261,1,117,-116
106000262,25,14,11
106000263,8,92,-84
106000264,149,12,137
106000265,15,167,-152
106000266,127,16,111
106000267,9,134,-125
106000268,482,31,451
106000269,122,63,59
106000270,165,479,-314
106000271,48,241,-193
106000272,94,80,14
106000273,10,247,-237
106000274,179,66,113
106000275,167,174,-7
106000276,159,85,74
106000277,148,180,-32
106000278,162,34,128
106000279,15,102,-87
106000280,40,188,-148
106000281,110,101,9
106000282,95,69,26
106000283,128,133,-5
106000284,46,148,-102
106000285,147,151,-4
106000286,70,228,-158
106000287,105,100,5
106000288,91,178,-87
106000289,78,126,-48
106000290,45,132,-87
106000291,103,135,-32
106000292,86,156,-70
106000293,118,149,-31
106000294,154,159,-5
106000295,56,69,-13
106000296,74,150,-76
106000297,107,295,-188
106000298,159,94,65
106000299,83,214,-131
106000300,54,136,-82
106000301,90,126,-36
106000303,17,55,-38
106000304,40,53,-13
106000305,36,58,-22
106000306,57,82,-25
106000307,62,16,46
106000308,25,213,-188
106000309,23,94,-71
106000310,215,734,-519
106000311,297,168,129
106000312,85,249,-164
106000313,135,298,-163
106000318,228,341,-113
106000319,537,59,478
106000320,1,56,-55
106000321,354,104,250
106000322,97,300,-203
106000324,2,247,-245
106000325,1150,961,189
106000326,1062,2232,-1170
106000327,70,177,-107
106000328,18,126,-108
106000329,43,364,-321
106000330,48,55,-7
106000428,44,164,-120
106000429,70,573,-503
106000430,335,1691,-1356
106000431,1173,303,870
106000432,1660,2962,-1302
106000433,1448,835,613
106000434,2841,1058,1783
106000435,2419,2951,-532
106000436,17,336,-319
106000437,176,54,122
106000438,366,129,237
106000439,54,598,-544
106000440,213,634,-421
106000441,1,2,-1
106000442,141,14,127
106000443,124,648,-524
106000450,2,282,-280
106000451,10,29,-19
106000454,3,96,-93
106000455,25,212,-187
106000456,89,15,74
106000457,13,1420,-1407
106000458,274,200,74
106000459,51,578,-527
106000460,541,28,513
106000461,45,2518,-2473
106000462,0,27,-27
106000463,8,39,-31
106000464,3,783,-780
106000465,280,2,278
106000466,2,1021,-1019
106000467,469,635,-166
106000468,43,281,-238
106000469,268,3,265
106000470,300,1585,-1285
106000471,37,887,-850
106000472,85,7,78
106000473,37,47,-10
106000474,309,910,-601
106000475,230,122,108
106000476,251,169,82
106000477,21,62,-41
106900001,0,10,-10
106900002,4,863,-859
106900003,355,1125,-770
106900004,1,81,-80
106900006,0,18,-18
106900007,0,20,-20
106900008,128,352,-224
106900009,184,538,-354
106900010,199,464,-265
106900012,2593,1564,1029
106900013,397,95,302
106900014,21,6,15
106900015,17,2,15
106900016,152,2,150
106900017,13,0,13
106900018,0,0,0
106900019,76,4,72
106900020,3900,1002,2898
106900021,33,70,-37
106900022,307,0,307
106900023,25,303,-278
106900024,334,20,314
106900025,60,966,-906
106900026,3,1180,-1177
106900027,330,1,329
107000001,4220,1818,2402
107000002,7018,4288,2730
107000003,3950,5009,-1059
107000004,5196,6937,-1741
107000005,2094,4218,-2124
107000006,3718,7291,-3573
107000007,4532,7616,-3084
107000008,18698,13493,5205
107000009,4472,5234,-762
107000010,10615,13882,-3267
107000011,1783,1498,285
107000012,5339,4617,722
107000013,33,165,-132
107000014,19,336,-317
107000015,383,1108,-725
107000016,442,1410,-968
107000017,2343,959,1384
107000018,16,335,-319
107000020,1277,512,765
107000021,826,874,-48
107000022,606,1610,-1004
107000023,1446,321,1125
107000024,455,2234,-1779
107000025,127,362,-235
107000026,137,840,-703
107000027,898,913,-15
107000028,1336,1942,-606
107000029,1616,1649,-33
107000030,3599,4000,-401
107000031,2605,1985,620
107000032,458,1215,-757
107000033,4222,4173,49
107000034,5667,2505,3162
107000035,286,222,64
107000036,361,1055,-694
107000037,60,644,-584
107000038,193,313,-120
107000039,662,574,88
107000040,127,384,-257
107000041,1401,716,685
107000042,882,2096,-1214
107000043,3275,1142,2133
107000044,739,448,291
107000045,105,338,-233
107000046,511,404,107
107000047,329,1001,-672
107000048,545,359,186
107000049,538,837,-299
107000050,723,533,190
107000051,652,396,256
107000052,1043,820,223
107000053,303,177,126
107000054,86,362,-276
107000055,117,89,28
107000056,476,1085,-609
107000057,1616,265,1351
107000058,2247,2329,-82
107000059,2493,3785,-1292
107000060,3129,5244,-2115
107000061,5988,4782,1206
107000062,2594,3099,-505
107000063,3933,7568,-3635
107000064,2588,2047,541
107000065,3480,6755,-3275
107000066,1299,1954,-655
107000067,780,1024,-244
107000068,1410,651,759
107000069,512,388,124
107000070,457,5,452
107000071,1637,22,1615
107000072,49,4882,-4833
107000073,327,167,160
107000074,155,1253,-1098
107000075,985,433,552
107000076,1139,2230,-1091
107000077,2131,747,1384
107000078,2532,4457,-1925
107000079,1673,653,1020
107000080,1448,4009,-2561
107000081,907,615,292
107000082,545,3415,-2870
107000083,792,290,502
107000084,441,3002,-2561
107000085,2679,3455,-776
107000086,4141,3374,767
107000087,2386,1980,406
107000088,2887,3757,-870
107000089,1266,1883,-617
107000090,928,1315,-387
107000091,971,1035,-64
107000092,707,1251,-544
107000093,986,862,124
107000094,846,1641,-795
107000095,589,608,-19
107000096,638,1324,-686
107000097,337,233,104
107000098,257,807,-550
107000099,421,312,109
107000100,303,353,-50
107000101,75,177,-102
107000102,357,428,-71
107000103,283,195,88
107000104,274,419,-145
107000105,366,151,215
107000106,182,362,-180
107000107,420,210,210
107000108,139,942,-803
107000109,393,195,198
107000110,82,825,-743
107000111,165,50,115
107000112,37,507,-470
107000113,393,128,265
107000114,101,1031,-930
107000115,288,117,171
107000116,147,1363,-1216
107000117,109,301,-192
107000118,211,376,-165
107000119,2147,1180,967
107000120,2800,421,2379
107000121,528,798,-270
107000122,1057,1080,-23
107000123,281,996,-715
107000124,446,967,-521
107000125,489,949,-460
107000126,715,1435,-720
107000129,276,579,-303
107000130,346,479,-133
107000131,437,720,-283
107000132,450,362,88
107000133,663,170,493
107000134,323,2,321
107000135,12,259,-247
107000136,615,5,610
107000137,18,439,-421
107000138,347,18,329
107000139,14,420,-406
107000140,800,73,727
107000141,152,1047,-895
107000142,277,70,207
107000143,59,1144,-1085
107000144,236,362,-126
107000145,150,727,-577
107000146,149,214,-65
107000147,3266,793,2473
107000150,983,1454,-471
107000151,55,73,-18
107000152,555,486,69
107000153,486,609,-123
107000154,247,129,118
107000155,474,26,448
107000156,822,56,766
107000157,46,3046,-3000
107000158,342,13,329
107000159,23,1764,-1741
107000160,570,84,486
107000161,99,2679,-2580
107000162,170,313,-143
107000163,29,0,29
107000164,242,2,240
107000165,505,1,504
107000166,57,2117,-2060
107000167,363,341,22
107000168,567,305,262
107000169,1182,1297,-115
107000170,1036,620,416
107000171,647,3431,-2784
107000172,590,824,-234
107000173,848,1583,-735
107000174,792,2737,-1945
107000175,12665,2088,10577
107000176,4,1,3
107000177,4,6,-2
107000178,8,51,-43
107000179,340,4110,-3770
107000180,928,1268,-340
107000181,311,1721,-1410
107000182,1124,1219,-95
107000183,95,1321,-1226
107000184,646,943,-297
107000185,472,1849,-1377
107000186,778,447,331
107000187,1167,1531,-364
107000188,462,633,-171
107000189,390,1148,-758
107000190,427,918,-491
107000191,447,1169,-722
107000192,1171,1098,73
107000193,381,471,-90
107000194,753,926,-173
107000197,666,230,436
107000198,257,953,-696
107000199,723,723,0
107000200,991,583,408
107000201,314,256,58
107000202,200,478,-278
107000203,767,567,200
107000204,896,575,321
107000205,2794,1325,1469
107000206,1246,1243,3
107000207,485,814,-329
107000208,939,266,673
107000209,3036,945,2091
107000210,1678,482,1196
107000211,16,28,-12
107000212,7,346,-339
107000213,40,40,0
107000214,15,166,-151
107000215,316,589,-273
107000216,220,458,-238
107000217,94,173,-79
107000219,73,127,-54
107000220,139,309,-170
107000222,228,860,-632
107000224,328,109,219
107000225,234,784,-550
107000226,213,130,83
107000227,81,622,-541
107000228,118,184,-66
107000229,204,159,45
107000230,1119,580,539
107000231,2836,600,2236
107000232,104,60,44
107000233,2265,687,1578
107000234,1,18,-17
107000235,73,12,61
107000236,19,396,-377
107000237,15,0,15
107000238,33,1,32
107000239,5972,502,5470
107000240,56,1521,-1465
107000241,169,35,134
107000242,800,66,734
107000243,0,76,-76
107000244,9,111,-102
107000246,4,1600,-1596
107000249,6,1350,-1344
107000251,3,318,-315
107000252,1,1734,-1733
107000255,870,122,748
107000257,3,755,-752
107000258,3,190,-187
107000259,6,300,-294
107000260,280,1,279
107000262,13,1013,-1000
107000263,128,3,125
107000266,5,1,4
107000267,84,243,-159
107000268,158,248,-90
107000269,307,88,219
107000270,0,29,-29
107000271,12,1429,-1417
107000272,7,406,-399
107000273,1,293,-292
107000274,887,331,556
107000275,45,864,-819
107000280,424,22,402
107000281,50,1549,-1499
107000282,31,1675,-1644
107000290,4,44,-40
107000291,12,7,5
107000292,3,35,-32
107000293,57,3,54
107000294,1,34,-33
107000295,32,3,29
107000296,0,13,-13
107000444,129,5,124
107000496,1,26,-25
107000497,1612,3847,-2235
107000500,252,395,-143
107000501,74,211,-137
107000502,197,484,-287
107000505,623,928,-305
107000506,0,48,-48
107000508,8,1064,-1056
107000509,208,562,-354
107000510,9,16,-7
107000514,25,274,-249
107000515,15,408,-393
107000516,187,220,-33
107000518,651,583,68
107000519,4494,1351,3143
107000520,51,20,31
107900001,26,320,-294
107900002,44,2,42
107900003,193,12,181
107900004,85,2,83
107900005,506,3,503
107900006,81,1,80
107900007,164,24,140
107900008,39,63,-24
107900009,121,8,113
107900010,18,2,16
107900012,101,8,93
107900013,276,82,194
107900014,43,8,35
107900015,458,5,453
107900016,495,129,366
107900017,9,0,9
107900018,35,55,-20
107900019,2,98,-96
107900020,89,12,77
107900021,21,199,-178
107900023,14,1,13
107900024,0,26,-26
107900025,218,432,-214
107900026,42,138,-96
107900027,21,74,-53
107900028,35,127,-92
107900030,168,14,154
107900031,59,242,-183
107900032,11,9,2
107900033,27,12,15
107900034,323,8,315
107900035,450,19,431
107900036,32,5,27
107900037,0,79,-79
107900038,127,147,-20
107900039,6,87,-81
107900040,99,130,-31
107900041,1,0,1
107900043,32,172,-140
107900044,9,7,2
107900045,85,16,69
107900046,86,102,-16
107900047,14,133,-119
107900048,91,12,79
107900049,352,679,-327
107900050,107,428,-321
107900051,119,109,10
107900052,21,61,-40
107900053,18,85,-67
107900055,719,318,401
107900056,91,35,56
107900057,2,0,2
107900058,33,911,-878
107900060,18,43,-25
107900061,17,9,8
107900063,93,137,-44
107900064,328,44,284
107900065,124,6,118
107900066,10,9,1
107900067,0,0,0
107900068,119,237,-118
107900069,45,802,-757
107900070,64,29,35
107900071,17,1315,-1298
107900072,71,275,-204
107900073,82,147,-65
107900074,1246,200,1046
107900076,103,129,-26
107900077,44,2,42
107900078,197,26,171
107900079,8,17,-9
107900080,116,208,-92
107900081,15,106,-91
107900082,37,19,18
107900083,250,101,149
107900084,88,160,-72
107900086,41,100,-59
107900087,441,82,359
107900088,13,4,9
107900089,295,1130,-835
107900090,577,1308,-731
107900091,179,681,-502
107900092,2540,626,1914
107900093,63,80,-17
107900095,3716,1439,2277
107900097,22,37,-15
107900098,65,244,-179
107900100,1522,908,614
107900101,1257,180,1077
107900102,15,5,10
107900103,33,214,-181
107900104,210,9,201
107900105,1,774,-773
107900106,4,1870,-1866
107900107,1734,245,1489
107900108,422,146,276
107900109,639,7,632
107900110,23,139,-116
107900111,2,1585,-1583
107900112,84,325,-241
107900113,137,174,-37
107900114,105,218,-113
107900115,3,57,-54
107900116,81,292,-211
107900117,329,634,-305
107900118,81,200,-119
107900119,37,123,-86
107900120,18,9,9
107900121,0,136,-136
107900122,0,59,-59
107900123,1,31,-30
107900124,7,31,-24
107900125,36,231,-195
107900126,7,30,-23
107900127,630,162,468
107900128,124,106,18
107900129,14,48,-34
107900130,33,42,-9
107900131,751,79,672
107900132,156,560,-404
107900133,0,110,-110
107900134,20,27,-7
107900135,8,238,-230
107900136,68,31,37
107900137,98,114,-16
107900138,47,41,6
107900139,16,57,-41
107900140,155,62,93
107900141,70,50,20
107900142,61,1239,-1178
107900143,20,56,-36
107900144,2,184,-182
107900145,15,129,-114
107900146,88,168,-80
107900147,41,22,19
107900148,139,196,-57
107900149,2019,322,1697
107900150,76,980,-904
107900151,19,111,-92
107900152,21,424,-403
107900153,192,246,-54
107900154,25,7,18
107900155,17,41,-24
107900156,7,581,-574
107900157,33,113,-80
107900158,393,13,380
107900159,43,1440,-1397
107900160,42,216,-174
107900161,7,352,-345
107900162,1,241,-240
107900163,117,37,80
107900164,6,33,-27
107900165,11,72,-61
107900166,6,391,-385
107900167,10,57,-47
107900168,15,41,-26
107900169,9,240,-231
107900171,8,2294,-2286
107900172,2,467,-465
107900173,15,299,-284
107900174,53,9,44
107900175,11,34,-23
107900176,7,49,-42
107900177,2,324,-322
107900178,1,366,-365
107900179,17,176,-159
107900180,1197,336,861
107900181,322,539,-217
107900182,7,2141,-2134
107900183,32,465,-433
107900184,45,415,-370
107900185,39,6,33
107900186,16,38,-22
107900187,0,177,-177
107900188,972,113,859
107900189,17,163,-146
107900190,124,59,65
107900191,42,178,-136
107900193,4,29,-25
107900194,146,7,139
107900195,4983,631,4352
107900196,63,140,-77
107900197,1200,169,1031
107900199,10,1441,-1431
107900201,65,139,-74
107900203,43,94,-51
107900204,275,278,-3
107900205,223,551,-328
107900206,530,178,352
107900207,1,834,-833
107900208,6,1069,-1063
107900209,442,116,326
107900210,80,165,-85
107900213,928,574,354
107900214,7,209,-202
107900215,237,396,-159
107900216,128,70,58
107900217,48,76,-28
107900218,30,2024,-1994
107900219,24,192,-168
107900220,258,139,119
107900221,163,272,-109
107900223,67,911,-844
107900224,214,360,-146
107900225,12,1203,-1191
107900226,72,158,-86
107900227,111,676,-565
107900228,8,118,-110
107900229,2,164,-162
107900230,5,202,-197
107900231,19,300,-281
107900232,18,290,-272
107900233,4,187,-183
107900234,54,219,-165
107900235,32,113,-81
107900236,33,103,-70
107900237,58,237,-179
107900238,15,126,-111
107900239,1723,479,1244
107900240,12,171,-159
107900241,25,129,-104
107900242,3,499,-496
107900243,8,59,-51
107900244,149,6,143
107900245,249,43,206
107900246,177,35,142
107900248,144,736,-592
107900249,358,14,344
107900250,6,693,-687
107900251,72,1764,-1692
107900252,556,17,539
107900253,82,1,81
107900254,61,195,-134
107900255,551,68,483
107900256,615,574,41
107900257,130,47,83
107900258,60,272,-212
107900259,129,981,-852
107900261,4,608,-604
107900262,42,146,-104
107900264,101,7,94
107900265,93,206,-113
107900267,142,31,111
107900268,74,20,54
107900269,2,13,-11
107900270,1,0,1
107900271,6,13,-7
107900272,199,10,189
107900273,43,147,-104
107900274,34,0,34
107900275,12,2,10
107900276,1,93,-92
107900277,1,272,-271
107900278,153,442,-289
107900279,203,125,78
107900280,2174,1563,611
107900281,3452,1112,2340
107900282,68,207,-139
107900283,1513,377,1136
107900284,185,970,-785
107900285,49,143,-94
107900286,187,130,57
107900287,89,215,-126
107900290,0,41,-41
107900291,303,15,288
107900292,108,380,-272
107900293,45,692,-647
107900295,38,129,-91
107900297,4,353,-349
107900298,866,1264,-398
107900299,4478,1790,2688
107900300,29,275,-246
107900301,468,364,104
107900302,120,32,88
107900303,54,431,-377
107900304,121,609,-488
107900305,151,8,143
107900306,29,13,16
107900307,56,289,-233
107900308,206,65,141
107900309,16,0,16
107900310,0,0,0
107900311,402,143,259
107900312,1,0,1
107900313,0,117,-117
107900314,2,80,-78
107900315,0,63,-63
107900316,37,0,37
107900317,82,6,76
107900318,6,150,-144
107900319,2,360,-358
107900320,0,227,-227
107900321,64,2,62
107900322,8,258,-250
107900323,23,186,-163
107900324,146,0,146
107900325,34,0,34
107900326,158,560,-402
107900327,3,1,2
107900328,0,0,0
107900329,0,0,0
107900330,7,844,-837
107900331,134,37,97
107900332,124,40,84
107900333,43,20,23
107900334,20,357,-337
107900335,50,65,-15
107900336,15,31,-16
107900337,1691,538,1153
107900338,2,197,-195
107900339,0,26,-26
107900340,0,60,-60
107900341,13,1,12
107900342,101,149,-48
107900343,31,2,29
107900344,9,202,-193
107900345,83,34,49
107900346,19,5,14
107900347,28,1,27
107900348,1,3,-2
107900349,24,11,13
107900350,49,352,-303
108000001,2559,3284,-725
108000002,2628,3855,-1227
108000003,3223,2087,1136
108000004,18131,19697,-1566
108000005,5442,3275,2167
108000006,7197,7784,-587
108000007,3941,3315,626
108000008,5570,7003,-1433
108000009,2424,3292,-868
108000010,2594,5900,-3306
108000011,11110,9472,1638
108000012,23946,18867,5079
108000014,984,635,349
108000015,530,331,199
108000016,221,935,-714
108000017,699,370,329
108000018,1135,573,562
108000019,1512,614,898
108000020,1116,468,648
108000021,520,1940,-1420
108000022,699,2034,-1335
108000023,928,270,658
108000024,206,844,-638
108000025,208,255,-47
108000026,304,819,-515
108000027,358,605,-247
108000028,219,332,-113
108000029,245,646,-401
108000030,394,259,135
108000031,176,681,-505
108000032,844,608,236
108000033,646,1758,-1112
108000034,1257,439,818
108000035,1088,3265,-2177
108000036,353,1862,-1509
108000037,1213,371,842
108000038,1684,452,1232
108000039,569,3228,-2659
108000040,1177,778,399
108000041,735,3489,-2754
108000042,126,343,-217
108000043,194,370,-176
108000044,296,266,30
108000045,204,934,-730
108000046,1009,380,629
108000047,382,1541,-1159
108000048,134,626,-492
108000049,470,294,176
108000050,129,655,-526
108000051,184,93,91
108000052,329,1013,-684
108000053,239,97,142
108000054,560,1166,-606
108000055,803,340,463
108000056,1027,1251,-224
108000057,492,782,-290
108000058,2132,2909,-777
108000059,4653,2378,2275
108000060,134,304,-170
108000061,229,340,-111
108000062,501,430,71
108000063,361,805,-444
108000064,157,266,-109
108000065,473,764,-291
108000066,1744,801,943
108000067,1468,506,962
108000068,618,362,256
108000069,206,1372,-1166
108000070,1272,746,526
108000071,657,2392,-1735
108000072,1275,1144,131
108000073,1693,2863,-1170
108000074,280,398,-118
108000075,347,1064,-717
108000076,608,532,76
108000077,722,995,-273
108000078,1761,1534,227
108000079,1072,2314,-1242
108000080,680,593,87
108000081,516,3364,-2848
108000082,1204,2552,-1348
108000083,1569,757,812
108000084,422,1716,-1294
108000085,376,298,78
108000086,1139,1146,-7
108000087,124,1304,-1180
108000088,140,12,128
108000089,343,342,1
108000090,241,137,104
108000091,122,644,-522
108000092,77,82,-5
108000093,122,1107,-985
108000094,447,154,293
108000095,142,680,-538
108000096,178,181,-3
108000097,99,730,-631
108000098,850,1658,-808
108000099,161,82,79
108000100,41,182,-141
108000101,693,1061,-368
108000102,1387,2127,-740
108000106,1178,1,1177
108000107,2,901,-899
108000108,684,46,638
108000109,11,1142,-1131
108000110,117,290,-173
108000111,177,920,-743
108000112,40,112,-72
108000113,521,418,103
108000115,547,398,149
108000117,978,362,616
108000118,129,166,-37
108000119,693,468,225
108000120,105,666,-561
108000121,139,601,-462
108000122,345,318,27
108000123,549,387,162
108000124,306,846,-540
108000125,212,472,-260
108000126,94,756,-662
108000127,374,449,-75
108000128,417,979,-562
108000129,196,1853,-1657
108000130,209,400,-191
108000131,725,383,342
108000132,2296,1928,368
108000133,617,588,29
108000134,728,900,-172
108000135,723,323,400
108000136,1045,1441,-396
108000137,243,488,-245
108000138,257,1525,-1268
108000139,219,485,-266
108000140,29,21,8
108000141,23,217,-194
108000142,50,187,-137
108000143,20,54,-34
108000144,18,3,15
108000145,43,44,-1
108000146,43,8,35
108000147,60,48,12
108000148,39,7,32
108000149,20,34,-14
108000150,17,3,14
108000151,40,16,24
108000152,88,717,-629
108000153,269,109,160
108000154,42,18,24
108000155,28,22,6
108000156,522,154,368
108000157,140,442,-302
108000158,83,624,-541
108000159,773,181,592
108000160,6335,1003,5332
108000161,5892,1692,4200
108000165,3,90,-87
108000172,3,228,-225
108000173,3476,1427,2049
108000175,121,142,-21
108000178,447,439,8
108000179,288,534,-246
108000181,47,29,18
108000182,165,14,151
108000183,49,24,25
108000184,1479,1545,-66
108000185,117,925,-808
108000186,67,82,-15
108000187,98,1045,-947
108000188,281,353,-72
108000189,778,830,-52
108000190,36,150,-114
108000192,82,818,-736
108000193,998,66,932
108000194,8,8,0
108000195,8,1404,-1396
108000196,159,147,12
108000198,387,483,-96
108000199,0,144,-144
108000200,181,865,-684
108000202,4,226,-222
108000203,77,1375,-1298
108000204,72,39,33
108000205,507,825,-318
108000339,1883,357,1526
108000364,198,230,-32
108000365,58,493,-435
108000367,207,528,-321
108000368,10,68,-58
108000369,1912,141,1771
108000371,2,763,-761
108000372,416,4,412
108000373,119,185,-66
108000376,51,47,4
108000377,323,475,-152
108000378,9236,8765,471
108000379,27,221,-194
108000381,41,17,24
108000382,70,0,70
108000383,0,103,-103
108900001,222,1517,-1295
108900002,223,79,144
108900003,437,1226,-789
108900004,158,164,-6
108900005,25,180,-155
108900006,476,214,262
108900007,121,233,-112
108900008,60,148,-88
108900009,34,135,-101
108900010,119,185,-66
108900011,225,423,-198
108900012,225,584,-359
108900013,100,321,-221
108900014,30,93,-63
108900015,0,32,-32
108900016,0,335,-335
108900017,126,219,-93
108900018,103,690,-587
108900019,40,1612,-1572
108900020,38,398,-360
108900021,76,353,-277
108900022,39,1,38
108900023,5,37,-32
108900024,15,161,-146
108900025,51,195,-144
108900026,22,124,-102
108900027,0,143,-143
108900028,38,626,-588
108900029,66,265,-199
108900030,1,134,-133
108900031,42,738,-696
108900032,3,315,-312
108900033,1,98,-97
108900034,2,455,-453
108900035,238,2392,-2154
108900036,265,450,-185
108900037,31,537,-506
108900038,1,579,-578
108900039,0,829,-829
108900040,4,139,-135
108900041,6787,2389,4398
108900042,6,317,-311
108900043,70,616,-546
108900044,3,903,-900
108900045,31,922,-891
108900046,73,1565,-1492
108900047,0,67,-67
108900048,65,1473,-1408
108900049,6667,791,5876
108900050,2,363,-361
108900051,1,319,-318
108900052,23,405,-382
108900053,134,131,3
108900054,66,283,-217
108900055,111,634,-523
108900056,2,227,-225
108900057,1,296,-295
108900058,17,596,-579
108900059,189,35,154
108900060,91,129,-38
108900061,62,34,28
108900062,2,426,-424
108900063,15,598,-583
108900064,61,66,-5
108900065,9,424,-415
108900066,190,130,60
108900067,98,258,-160
108900068,1,198,-197
108900069,22,137,-115
108900070,31,188,-157
108900071,62,81,-19
108900072,2965,401,2564
108900073,9,130,-121
108900074,115,643,-528
108900075,90,63,27
108900076,195,99,96
108900077,129,198,-69
108900078,12,300,-288
108900079,1179,336,843
108900080,29,470,-441
108900081,64,340,-276
108900082,26,136,-110
108900083,20,259,-239
108900084,456,174,282
108900085,2531,171,2360
108900086,46,502,-456
108900087,161,315,-154
108900088,758,343,415
108900089,18,126,-108
108900090,26,684,-658
108900091,160,194,-34
108900092,268,301,-33
108900093,93,79,14
108900094,227,119,108
108900095,50,801,-751
108900096,616,46,570
108900097,233,321,-88
108900098,3819,434,3385
108900099,312,438,-126
108900100,108,190,-82
108900101,187,71,116
108900102,277,731,-454
108900103,34,61,-27
108900104,272,527,-255
108900105,6,662,-656
108900106,194,724,-530
108900108,224,65,159
108900109,15,19,-4
108900110,130,753,-623
108900111,298,1116,-818
108900112,119,53,66
108900113,35,29,6
108900114,0,0,0
108900115,59,64,-5
108900116,18,9,9
108900117,95,12,83
108900118,387,20,367
108900119,154,44,110
108900120,79,121,-42
108900121,242,60,182
108900122,72,48,24
108900123,69,62,7
108900124,305,141,164
108900125,258,6,252
108900126,55,13,42
108900127,109,34,75
108900128,71,31,40
108900129,496,108,388
108900130,191,1,190
108900131,206,2,204
108900132,313,105,208
108900133,133,37,96
108900134,129,315,-186
108900135,71,8,63
108900136,75,0,75
108900137,87,2,85
108900138,270,28,242
108900139,302,86,216
108900140,126,255,-129
108900141,162,9,153
108900142,85,2,83
108900143,18,0,18
108900144,36,0,36
108900145,57,4,53
108900146,50,0,50
108900147,129,1,128
108900148,54,58,-4
108900149,545,362,183
108900150,213,6,207
108900151,127,6,121
108900152,43,41,2
108900153,70,695,-625
108900154,3603,538,3065
108900155,159,96,63
108900156,43,8,35
108900157,20,827,-807
108900158,190,35,155
108900159,8,482,-474
108900160,7,359,-352
108900161,6,696,-690
108900162,59,0,59
108900163,5,186,-181
108900164,39,99,-60
108900165,238,106,132
108900167,2386,2824,-438
108900168,11852,2220,9632
108900169,39,146,-107
108900171,11556,2039,9517
108900172,135,41,94
108900173,259,454,-195
108900174,364,606,-242
108900176,160,693,-533
108900177,9755,2730,7025
108900178,6723,2413,4310
108900179,561,959,-398
108900180,72,202,-130
108900182,16,177,-161
108900183,208,272,-64
108900184,329,257,72
108900185,51,424,-373
108900186,108,423,-315
108900187,177,78,99
108900188,280,57,223
108900189,186,164,22
108900190,59,4687,-4628
108900191,158,28,130
108900192,66,396,-330
108900193,280,52,228
108900194,56,495,-439
108900195,63,480,-417
108900196,35,826,-791
108900198,8,809,-801
108900199,197,354,-157
108900200,291,416,-125
108900201,342,1438,-1096
108900203,393,41,352
108900204,350,8,342
108900205,162,15,147
108900206,273,31,242
108900207,187,54,133
108900208,32,452,-420
108900209,247,843,-596
108900210,168,265,-97
108900211,122,331,-209
108900212,961,807,154
108900215,120,765,-645
108900216,492,119,373
108900217,87,1,86
108900218,204,12,192
108900219,75,3,72
108900220,56,26,30
108900221,84,138,-54
108900222,143,10,133
108900223,13,62,-49
108900224,55,150,-95
108900225,4,258,-254
108900226,162,17,145
108900227,136,179,-43
108900230,475,437,38
108900231,97,354,-257
108900232,1,625,-624
108900233,288,91,197
108900234,216,122,94
108900235,228,842,-614
108900236,55,478,-423
108900237,68,328,-260
108900240,124,105,19
108900241,21,26,-5
108900245,6,814,-808
108900249,86,32,54
108900250,200,176,24
108900257,101,785,-684
108900258,17,350,-333
108900259,23,99,-76
108900260,6,149,-143
108900261,147,221,-74
108900262,373,155,218
108900263,98,302,-204
108900264,572,359,213
108900265,1662,286,1376
108900266,1738,296,1442
108900267,2,58,-56
108900268,2,4,-2
108900269,16,8,8
108900270,36,9,27
108900271,31,23,8
108900272,132,4,128
108900273,1329,448,881
108900274,29,80,-51
109000001,3560,1182,2378
109000002,3017,1480,1537
109000003,1993,604,1389
109000004,508,3093,-2585
109000005,1643,838,805
109000006,613,2621,-2008
109000007,987,730,257
109000008,391,2208,-1817
109000009,2895,1165,1730
109000010,1367,4899,-3532
109000011,2003,1537,466
109000012,1511,4618,-3107
109000013,2835,2007,828
109000014,1695,4738,-3043
109000015,2955,4212,-1257
109000016,11279,5199,6080
109000017,1682,1135,547
109000018,850,4359,-3509
109000019,1682,1269,413
109000020,1116,2512,-1396
109000023,263,28,235
109000024,8,199,-191
109000025,369,278,91
109000026,818,325,493
109000027,79,244,-165
109000028,99,135,-36
109000029,121,143,-22
109000030,119,761,-642
109000031,153,125,28
109000032,98,637,-539
109000033,234,109,125
109000034,41,44,-3
109000035,21,48,-27
109000036,79,420,-341
109000037,174,732,-558
109000038,629,423,206
109000039,783,618,165
109000040,6716,4269,2447
109000041,6036,1241,4795
109000042,1069,1344,-275
109000044,229,76,153
109000045,87,469,-382
109000046,316,71,245
109000047,84,492,-408
109000048,678,172,506
109000049,187,651,-464
109000050,314,255,59
109000051,368,360,8
109000052,375,2194,-1819
109000053,146,92,54
109000054,416,875,-459
109000055,168,235,-67
109000056,341,836,-495
109000057,423,278,145
109000058,884,340,544
109000059,674,975,-301
109000060,538,216,322
109000061,1848,703,1145
109000062,146,271,-125
109000063,203,282,-79
109000064,131,193,-62
109000065,102,449,-347
109000066,235,170,65
109000067,31,591,-560
109000068,836,6,830
109000069,888,37,851
109000070,9,1006,-997
109000071,282,79,203
109000072,73,313,-240
109000073,24,97,-73
109000074,35,287,-252
109000075,64,408,-344
109000076,76,188,-112
109000077,347,374,-27
109000078,71,122,-51
109000079,156,278,-122
109000080,73,164,-91
109000081,84,671,-587
109000082,387,379,8
109000083,181,1113,-932
109000088,150,597,-447
109000089,248,40,208
109000090,122,599,-477
109000091,201,153,48
109000092,370,771,-401
109000093,167,177,-10
109000094,238,4,234
109000095,76,764,-688
109000096,418,208,210
109000097,69,141,-72
109000098,36,99,-63
109000099,629,427,202
109000100,183,717,-534
109000101,909,1197,-288
109000102,274,1056,-782
109000103,280,738,-458
109000104,887,785,102
109000105,416,1978,-1562
109000106,1326,707,619
109000107,537,2529,-1992
109000108,1143,548,595
109000109,451,2422,-1971
109000110,1088,509,579
109000111,1053,2945,-1892
109000112,336,183,153
109000113,179,209,-30
109000114,162,457,-295
109000115,1067,49,1018
109000116,2,211,-209
109000117,98,131,-33
109000118,12,341,-329
109000119,721,503,218
109000120,155,1606,-1451
109000121,213,58,155
109000122,90,1558,-1468
109000123,19,126,-107
109000124,397,443,-46
109000125,500,334,166
109000126,270,1236,-966
109000127,467,187,280
109000128,429,3079,-2650
109000129,1295,616,679
109000130,592,3550,-2958
109000131,568,338,230
109000132,726,2393,-1667
109000133,360,1270,-910
109000134,712,1760,-1048
109000135,1026,1576,-550
109000136,198,601,-403
109000137,181,330,-149
109000138,377,746,-369
109000139,342,593,-251
109000140,105,637,-532
109000141,254,503,-249
109000142,96,772,-676
109000143,94,57,37
109000145,57,211,-154
109000146,53,95,-42
109000148,5052,1305,3747
109000149,12,50,-38
109000150,34,236,-202
109000155,467,617,-150
109000156,1434,1120,314
109000158,134,320,-186
109000159,123,830,-707
109000160,539,314,225
109000161,268,1813,-1545
109000162,1432,1218,214
109000163,825,2291,-1466
109000164,790,3284,-2494
109000165,1027,768,259
109000166,449,202,247
109000167,115,1209,-1094
109000170,70,50,20
109000171,36,66,-30
109000172,44,57,-13
109000173,14,85,-71
109000174,55,83,-28
109000175,72,117,-45
109000176,200,373,-173
109000177,16,145,-129
109000178,246,128,118
109000179,9285,3050,6235
109000180,6233,3266,2967
109000181,6,40,-34
109000182,20,55,-35
109000183,24,52,-28
109000184,27,18,9
109000185,14,88,-74
109000188,446,3266,-2820
109000189,1746,1142,604
109000190,459,581,-122
109000191,160,809,-649
109000192,183,309,-126
109000193,107,585,-478
109000194,125,188,-63
109000195,75,595,-520
109000196,176,95,81
109000197,167,695,-528
109000198,227,74,153
109000199,88,573,-485
109000206,209,13,196
109000207,87,60,27
109000208,93,72,21
109000209,173,114,59
109000210,167,669,-502
109000211,266,428,-162
109000214,218,741,-523
109000215,53,60,-7
109000216,138,154,-16
109000217,160,81,79
109000218,222,171,51
109000221,321,1412,-1091
109000222,653,152,501
109000223,187,300,-113
109000224,27,376,-349
109000225,67,75,-8
109000226,35,350,-315
109000227,894,1891,-997
109000228,2,393,-391
109000231,2,623,-621
109000232,271,525,-254
109000236,246,1008,-762
109000241,1451,2425,-974
109000242,1379,1772,-393
109000293,13,59,-46
109000361,94,313,-219
109000364,206,782,-576
109000396,8,1034,-1026
109000397,309,17,292
109000399,133,648,-515
109000400,36,307,-271
109000403,71,400,-329
109000406,207,5,202
109000407,231,314,-83
109000408,1,929,-928
109000410,621,211,410
109000411,76,23,53
109900001,91,66,25
109900002,495,4,491
109900003,123,1,122
109900004,546,304,242
109900005,25,3,22
109900006,203,302,-99
109900007,363,1047,-684
109900008,0,33,-33
109900009,97,969,-872
109900010,313,21,292
109900011,50,43,7
109900012,168,167,1
109900013,275,123,152
109900014,243,56,187
109900015,420,178,242
109900016,84,79,5
109900017,91,131,-40
109900018,165,204,-39
109900019,86,97,-11
109900020,15,40,-25
109900021,12,12,0
109900022,42,477,-435
109900023,10,3,7
109900024,15,2,13
109900025,5,87,-82
109900026,3,218,-215
109900027,23,7,16
109900028,2907,501,2406
109900029,6,776,-770
109900030,30,6,24
109900031,3,147,-144
109900032,3,330,-327
109900033,4,717,-713
109900034,10,0,10
109900035,11,16,-5
109900036,7,129,-122
109900037,15,682,-667
109900038,41,313,-272
109900039,8,1,7
109900040,11,793,-782
109900041,63,737,-674
109900042,11,501,-490
109900044,77,373,-296
109900045,88,44,44
109900046,13,57,-44
109900047,393,430,-37
109900048,0,107,-107
109900049,4,40,-36
109900050,1,382,-381
109900051,2,64,-62
109900052,67,384,-317
109900053,5,725,-720
109900054,337,199,138
109900055,35,323,-288
109900056,11,143,-132
109900057,12,295,-283
109900058,0,144,-144
109900059,328,102,226
109900060,328,213,115
109900061,104,375,-271
109900062,0,415,-415
109900063,13,432,-419
109900064,281,338,-57
109900065,136,151,-15
109900066,348,1318,-970
109900067,4,602,-598
109900068,31,2,29
109900069,7,47,-40
109900070,49,342,-293
109900071,0,57,-57
109900072,14,173,-159
109900073,278,1066,-788
109900074,10,62,-52
109900075,10,17,-7
109900076,24,313,-289
109900077,21,63,-42
109900078,104,369,-265
109900080,119,427,-308
109900081,15,116,-101
109900082,66,619,-553
109900083,17,67,-50
109900084,47,159,-112
109900085,192,1398,-1206
109900086,120,221,-101
109900087,365,451,-86
109900089,411,124,287
109900090,569,1588,-1019
109900091,162,91,71
109900092,327,10,317
109900093,419,123,296
109900094,33,132,-99
109900095,129,279,-150
109900096,12,4,8
109900097,68,1,67
109900098,200,31,169
109900099,120,0,120
109900100,40,0,40
109900101,252,6,246
109900102,345,34,311
109900103,17,40,-23
109900104,255,1585,-1330
109900105,297,23,274
109900106,258,76,182
109900107,212,79,133
109900108,79,532,-453
109900109,8,206,-198
109900110,73,652,-579
109900111,339,1573,-1234
109900112,500,1266,-766
109900113,517,406,111
109900114,889,606,283
109900115,85,99,-14
109900117,625,128,497
109900118,298,514,-216
109900119,528,321,207
109900120,38,13,25
109900121,309,323,-14
109900122,217,2,215
109900123,9,220,-211
109900124,55,1002,-947
109900125,4,299,-295
109900126,136,260,-124
109900128,155,70,85
109900130,14301,1752,12549
109900131,84,169,-85
109900132,41,213,-172
109900133,52,491,-439
109900134,65,69,-4
109900135,507,75,432
109900136,37,181,-144
109900137,67,547,-480
109900138,310,507,-197
109900140,104,402,-298
109900142,621,289,332
109900145,5,187,-182
109900146,387,32,355
109900148,37,83,-46
109900149,32,80,-48
109900150,1,84,-83
109900151,4,50,-46
109900152,0,19,-19
109900153,0,54,-54
109900154,10,0,10
109900155,67,8,59
109900157,55,422,-367
109900158,55,141,-86
109900159,108,28,80
109900160,88,72,16
109900161,191,83,108
109900162,155,78,77
109900163,964,373,591
109900164,56,260,-204
109900165,259,5,254
109900166,6,246,-240
109900167,110,799,-689
109900168,140,795,-655
109900169,94,152,-58
109900170,277,482,-205
109900171,125,84,41
109900172,119,198,-79
109900173,5466,1547,3919
109900174,36,232,-196
109900175,41,45,-4
109900176,73,214,-141
109900177,35,365,-330
109900178,3,134,-131
109900179,11,24,-13
109900180,3,7,-4
110000001,644,754,-110
110000002,534,492,42
110000003,1066,813,253
110000004,509,589,-80
110000005,660,1144,-484
110000006,648,341,307
110000007,128,241,-113
110000008,11,59,-48
110000009,20,40,-20
110000010,29,70,-41
110000011,32,140,-108
110000012,780,542,238
110000013,47,343,-296
110000014,636,403,233
110000015,285,477,-192
110000016,286,891,-605
110000017,4426,287,4139
110000018,3987,519,3468
110000019,9,204,-195
110000020,688,325,363
110000021,453,467,-14
110000022,703,202,501
110000023,13,233,-220
110000024,657,470,187
110000025,156,2,154
110000026,21,928,-907
110000027,916,451,465
110000028,642,750,-108
110000029,523,1206,-683
110000030,225,292,-67
110000031,201,712,-511
110000032,579,444,135
110000033,165,156,9
110000034,171,874,-703
110000035,336,1204,-868
110000036,498,873,-375
110000037,172,888,-716
110000038,200,690,-490
110000039,614,1536,-922
110000040,305,619,-314
110000041,212,791,-579
110000042,69,315,-246
110000043,315,144,171
110000044,85,68,17
110000045,251,72,179
110000046,4,6,-2
110000047,3,2,1
110000048,1,4,-3
110000049,27,3,24
110000050,14,18,-4
110000051,18,2,16
110000052,27,36,-9
110000053,49,9,40
110000054,162,295,-133
110000055,250,61,189
110000056,189,45,144
110000057,264,1058,-794
110000058,715,721,-6
110000059,555,621,-66
110000060,460,910,-450
110000061,1059,1013,46
110000062,830,794,36
110000063,30,102,-72
110000064,36,165,-129
110000065,70,105,-35
110000066,71,44,27
110000067,61,479,-418
110000068,123,577,-454
110000069,143,127,16
110000071,68,168,-100
110000073,2,30,-28
110000075,7,113,-106
110000076,244,288,-44
110000077,584,775,-191
110000078,23,94,-71
110000080,275,705,-430
110000081,27,312,-285
110000082,16,304,-288
110000083,241,631,-390
110000084,649,552,97
110000085,3189,1625,1564
110000086,1487,1218,269
110000087,11,76,-65
110000088,50,269,-219
110000089,208,188,20
110000090,74,412,-338
110000091,2131,353,1778
110000092,27,114,-87
110000093,29,15,14
110000094,462,235,227
110000095,95,568,-473
110000096,4563,1880,2683
110000097,921,1036,-115
110000098,1533,534,999
110000099,839,1663,-824
110000100,393,1017,-624
110000101,20,722,-702
110000102,33,35,-2
110000104,167,103,64
110000105,29,336,-307
110000106,453,264,189
110000107,436,437,-1
110000108,158,56,102
110000109,337,322,15
110000110,5785,3682,2103
110000111,10029,2073,7956
110000112,1700,491,1209
110000113,906,1201,-295
110000114,119,370,-251
110000115,228,288,-60
110000116,26,52,-26
110000117,101,709,-608
110000118,277,286,-9
110000119,170,479,-309
110000120,213,202,11
110000121,85,353,-268
110000122,233,664,-431
110000123,378,459,-81
110000124,3,1057,-1054
110000125,785,6,779
110000126,284,25,259
110000127,641,42,599
110000128,33,2060,-2027
110000129,2,705,-703
110000130,112,100,12
110000131,114,400,-286
110000132,2,883,-881
110000133,55,303,-248
110000134,25,390,-365
110000135,180,38,142
110000136,52,383,-331
110000137,293,885,-592
110000138,435,1048,-613
110000139,526,2108,-1582
110000140,796,426,370
110000143,691,510,181
110000144,5395,1277,4118
110000145,1219,829,390
110000146,2247,993,1254
110000147,298,841,-543
110000148,276,459,-183
110000151,816,565,251
110000152,591,313,278
110000153,40,71,-31
110000154,43,24,19
110000155,2785,2418,367
110000156,731,1374,-643
110000157,1415,1793,-378
110000160,382,502,-120
110000161,111,541,-430
110000166,264,168,96
110000167,502,467,35
110000168,715,307,408
110000169,577,277,300
110000170,100,113,-13
110000171,608,208,400
110000172,136,829,-693
110000173,1260,1363,-103
110000174,112,1698,-1586
110000175,396,106,290
110000176,60,294,-234
110000177,141,787,-646
110000178,549,887,-338
110000179,1683,414,1269
110000180,130,374,-244
110000181,224,481,-257
110000182,491,333,158
110000183,13892,4920,8972
110000184,883,1810,-927
110000185,948,744,204
110000186,741,684,57
110000191,415,606,-191
110000192,284,9,275
110000193,430,6,424
110000194,16,1875,-1859
110000195,236,563,-327
110000196,251,683,-432
110000197,59,299,-240
110000198,57,117,-60
110000199,45,116,-71
110000200,1561,727,834
110000201,688,790,-102
110000202,1124,521,603
110000203,772,1019,-247
110000204,1,484,-483
110000205,89,98,-9
110000206,752,2236,-1484
110000207,491,352,139
110000208,196,126,70
110000209,141,1083,-942
110000210,455,729,-274
110000211,480,878,-398
110000212,318,949,-631
110000213,89,67,22
110000214,94,131,-37
110000215,104,766,-662
110000216,68,884,-816
110000217,225,304,-79
110000218,127,694,-567
110000219,215,117,98
110000220,35,592,-557
110000221,214,117,97
110000222,29,426,-397
110000223,6,156,-150
110000224,106,13,93
110000225,205,654,-449
110000226,135,78,57
110000227,810,410,400
110000228,391,459,-68
110000229,3,340,-337
110000230,426,566,-140
110000231,134,232,-98
110000232,108,243,-135
110000233,134,298,-164
110000234,586,466,120
110000235,1124,1113,11
110000236,354,1045,-691
110000237,1379,1289,90
110000238,915,1493,-578
110000239,1154,1618,-464
110000240,0,125,-125
110000242,0,12,-12
110000243,53,221,-168
110000244,185,383,-198
110000245,18,477,-459
110000246,445,796,-351
110000247,1786,4561,-2775
110000248,2644,1589,1055
110000249,76,9,67
110000250,18,245,-227
110000251,156,519,-363
110000252,179,357,-178
110000253,973,457,516
110000254,646,1647,-1001
110000255,227,1497,-1270
110000256,403,272,131
110000257,656,537,119
110000258,10,601,-591
110000259,63,28,35
110000260,4,511,-507
110000263,734,102,632
110000264,169,760,-591
110000265,993,1552,-559
110000266,2255,2327,-72
110000267,32,229,-197
110000268,302,731,-429
110000269,1,104,-103
110000270,42,4,38
110000271,2210,342,1868
110000272,806,974,-168
110000273,3288,1723,1565
110000274,228,923,-695
110000275,3820,592,3228
110000276,97,270,-173
110000277,155,513,-358
110000278,171,942,-771
110000279,508,749,-241
110000280,210,472,-262
110000281,31,207,-176
110000282,293,63,230
110000283,65,85,-20
110000284,46,39,7
110000285,4,350,-346
110000286,31,0,31
110000287,38,2,36
110000288,9,124,-115
110000289,446,1399,-953
110000290,1558,648,910
110000291,7074,1676,5398
110000292,1381,3559,-2178
110000293,385,1317,-932
110000294,619,803,-184
110000295,109,1134,-1025
110000296,234,417,-183
110000297,2682,346,2336
110000298,334,508,-174
110000299,549,46,503
110000301,162,11,151
110000302,205,1682,-1477
110000303,255,6,249
110000304,77,310,-233
110000305,565,30,535
110000306,130,2459,-2329
110000307,837,11,826
110000308,394,16,378
110000309,13,1691,-1678
110000310,521,77,444
110000311,24,982,-958
110000312,450,51,399
110000313,3337,2305,1032
110000314,2,267,-265
110000315,3297,2027,1270
110000316,546,1078,-532
110000317,501,332,169
110000318,6,113,-107
110000319,28,26,2
110000320,51,70,-19
110000321,34,51,-17
110000322,143,679,-536
110000323,232,316,-84
110000324,5844,1488,4356
110000325,2730,2043,687
110000327,630,349,281
110000328,206,619,-413
110000333,606,446,160
110000334,703,1742,-1039
110000335,941,687,254
110000336,404,1578,-1174
110000337,865,720,145
110000338,186,292,-106
110000339,114,327,-213
110000340,25,247,-222
110000341,286,691,-405
110000342,509,3,506
110000343,0,13,-13
110000344,57,220,-163
110000345,94,71,23
110000346,2600,1491,1109
110000347,963,773,190
110000348,10,24,-14
110000349,12,23,-11
110000350,40,8,32
110000351,565,1094,-529
110000352,444,1433,-989
110000353,3332,876,2456
110000354,883,1808,-925
110000355,55,87,-32
110000356,633,7,626
110000357,270,15,255
110000361,14,90,-76
110000362,56,257,-201
110000363,182,152,30
110000364,120,408,-288
110000365,142,4,138
110000366,1,125,-124
110000367,270,348,-78
110000368,3,68,-65
110000369,31,0,31
110000373,2,410,-408
110000374,71,4,67
110000375,238,823,-585
110000376,55,104,-49
110000377,49,315,-266
110000378,45,328,-283
110000379,4457,1310,3147
110000380,50,18,32
110000383,0,960,-960
110000384,2635,1177,1458
110000385,1,264,-263
110000387,47,8,39
110000388,46,248,-202
110000389,386,6,380
110000391,206,508,-302
110000396,65,134,-69
110000397,59,303,-244
110000398,1,30,-29
110000399,134,1,133
110000587,51,53,-2
110000589,141,208,-67
110000640,134,142,-8
110000652,27,167,-140
110000653,165,575,-410
110000654,17,33,-16
110000656,2,877,-875
110000674,24,15,9
110000675,35,12,23
110000676,16,83,-67
110000679,599,629,-30
110000682,84,152,-68
110000683,362,634,-272
110000684,4,83,-79
110000685,8,13,-5
110000686,1,36,-35
110000687,13,5,8
110000688,48,586,-538
110000689,32,65,-33
110000692,91,354,-263
110000693,161,289,-128
110000694,1,113,-112
110000695,141,786,-645
110000696,133,203,-70
110900001,267,23,244
110900002,117,246,-129
110900003,352,1257,-905
110900004,260,354,-94
110900005,5411,1538,3873
110900006,65,10,55
110900007,51,15,36
110900008,23,45,-22
110900009,332,41,291
110900010,8,141,-133
110900011,9,111,-102
110900012,9,206,-197
110900013,686,192,494
110900014,91,8,83
110900015,1119,478,641
110900016,38,247,-209
110900017,217,50,167
110900018,394,72,322
110900019,78,32,46
110900020,55,643,-588
110900021,74,828,-754
110900022,71,531,-460
110900023,111,740,-629
110900024,21,693,-672
110900025,4,65,-61
110900027,39,358,-319
110900028,43,270,-227
110900029,53,629,-576
110900030,27,482,-455
110900031,3,233,-230
110900032,0,156,-156
110900033,17,333,-316
110900035,41,533,-492
110900036,71,43,28
110900037,34,37,-3
110900038,1763,223,1540
110900039,16,286,-270
110900040,175,68,107
110900041,17,208,-191
110900042,39,42,-3
110900043,4,237,-233
110900044,298,28,270
110900045,43,845,-802
110900046,176,417,-241
110900047,852,145,707
110900049,73,53,20
110900050,9,3,6
110900051,39,236,-197
110900052,2,303,-301
110900053,93,68,25
110900054,25,407,-382
110900055,25,1,24
110900056,80,150,-70
110900057,10,280,-270
110900058,74,363,-289
110900059,676,1073,-397
110900060,354,98,256
110900061,19,52,-33
110900062,82,404,-322
110900063,60,129,-69
110900064,9,0,9
110900065,504,128,376
110900066,13,108,-95
110900067,658,518,140
110900068,195,316,-121
110900069,4,42,-38
110900070,114,43,71
110900071,306,392,-86
110900073,0,16,-16
110900074,235,78,157
110900075,227,89,138
110900077,427,484,-57
110900078,14,160,-146
110900079,2331,650,1681
110900080,59,53,6
110900081,7,129,-122
110900082,69,329,-260
110900083,101,29,72
110900084,37,219,-182
110900085,66,565,-499
110900086,38,263,-225
110900087,174,78,96
110900088,4,0,4
110900090,20,27,-7
110900091,0,117,-117
110900093,253,60,193
110900095,30,50,-20
110900097,6,17,-11
110900098,18,119,-101
110900099,79,812,-733
110900100,0,29,-29
110900102,11,16,-5
110900105,819,544,275
110900108,12,141,-129
110900111,335,110,225
110900112,486,7,479
110900113,650,60,590
110900115,2,131,-129
110900116,378,3082,-2704
110900118,187,1672,-1485
110900119,6779,360,6419
110900120,16,162,-146
110900121,60,1,59
110900122,223,153,70
110900125,262,324,-62
110900127,468,740,-272
110900128,234,193,41
110900129,483,435,48
110900130,1580,378,1202
110900131,126,68,58
110900132,192,43,149
110900133,67,370,-303
110900135,106,693,-587
110900136,236,10,226
110900137,43,0,43
110900138,507,261,246
110900139,8,30,-22
110900140,40,1,39
110900141,2,62,-60
110900142,63,361,-298
110900143,69,81,-12
110900144,3,861,-858
110900145,76,14,62
110900146,341,56,285
110900147,246,275,-29
110900148,2,465,-463
110900149,0,77,-77
110900150,22,28,-6
110900151,6,77,-71
110900152,17,501,-484
110900153,85,49,36
111000001,260,235,25
111000002,379,631,-252
111000003,620,590,30
111000004,492,1177,-685
111000005,884,795,89
111000006,868,1322,-454
111000007,4507,1846,2661
111000008,3235,3964,-729
111000009,319,1070,-751
111000010,654,271,383
111000011,391,1041,-650
111000012,697,385,312
111000013,313,1377,-1064
111000014,990,558,432
111000017,146,600,-454
111000018,276,390,-114
111000020,2573,2655,-82
111000021,97,126,-29
111000023,83,177,-94
111000025,8483,2760,5723
111000029,74,152,-78
111000030,36,133,-97
111000031,2477,977,1500
111000032,578,232,346
111000033,375,188,187
111000034,360,184,176
111000037,3611,1406,2205
111000038,3435,2998,437
111000039,1578,3009,-1431
111000040,1667,3122,-1455
111000041,2020,2206,-186
111000042,7459,3362,4097
111000043,1755,1824,-69
111000044,1248,864,384
111000045,1318,1807,-489
111000046,981,1245,-264
111000047,1613,2034,-421
111000049,398,690,-292
111000050,1925,1914,11
111000051,590,1324,-734
111000052,630,1633,-1003
111000053,367,1361,-994
111000054,284,1370,-1086
111000055,1264,2444,-1180
111000056,111,835,-724
111000057,106,1249,-1143
111000058,187,137,50
111000059,260,350,-90
111000060,2399,709,1690
111000061,334,437,-103
111000062,529,243,286
111000063,1581,779,802
111000064,499,618,-119
111000065,859,827,32
111000066,282,276,6
111000067,373,756,-383
111000068,349,829,-480
111000069,1772,2330,-558
111000070,2648,1465,1183
111000071,140,695,-555
111000072,546,307,239
111000073,185,647,-462
111000074,1409,1413,-4
111000075,630,768,-138
111000076,349,901,-552
111000077,1174,1403,-229
111000078,2098,1282,816
111000079,1498,913,585
111000080,396,757,-361
111000081,2303,3440,-1137
111000082,587,813,-226
111000084,593,643,-50
111000085,902,1893,-991
111000086,3813,1493,2320
111000087,867,1072,-205
111000088,7066,1979,5087
111000089,588,1071,-483
111000090,1263,1914,-651
111000091,682,864,-182
111000092,907,1289,-382
111000093,508,799,-291
111000094,1419,937,482
111000095,1063,1880,-817
111000096,3390,6777,-3387
111000097,6849,1243,5606
111000098,595,1578,-983
111000099,500,3012,-2512
111000100,394,2983,-2589
111000101,445,1065,-620
111000102,131,1022,-891
111000104,238,281,-43
111000107,66,1041,-975
111000109,255,265,-10
111000110,739,673,66
111000111,1330,514,816
111000112,1015,359,656
111000113,516,698,-182
111000114,1208,1556,-348
111000115,9022,1104,7918
111000116,896,884,12
111000117,475,864,-389
111000118,1503,1045,458
111000119,737,1928,-1191
111000120,309,643,-334
111000121,186,652,-466
111000122,432,1170,-738
111000123,801,4280,-3479
111000124,454,4464,-4010
111000125,265,2513,-2248
111000126,87,1160,-1073
111000127,500,146,354
111000128,962,368,594
111000129,1689,481,1208
111000130,1204,761,443
111000131,855,577,278
111000132,686,468,218
111000133,83,178,-95
111000134,95,153,-58
111000135,37,130,-93
111000136,229,299,-70
111000138,4,7,-3
111000140,0,5,-5
111000141,225,429,-204
111000142,37,130,-93
111000143,1,87,-86
111000144,24,145,-121
111000145,593,8,585
111000146,37,7,30
111000147,258,27,231
111000148,213,141,72
111000149,3,49,-46
111000150,6,3,3
111000151,2,20,-18
111000153,719,778,-59
111000154,797,248,549
111000155,106,195,-89
111000156,397,413,-16
111000157,169,637,-468
111000158,968,563,405
111000159,3092,700,2392
111000160,204,435,-231
111000161,8,299,-291
111000162,8,174,-166
111000163,351,865,-514
111000164,923,2425,-1502
111000165,1428,507,921
111000166,1937,431,1506
111000167,169,583,-414
111000168,234,562,-328
111000169,280,714,-434
111000170,577,535,42
111000171,449,1199,-750
111000172,81,739,-658
111000173,210,1597,-1387
111000174,159,852,-693
111000175,54,354,-300
111000176,158,200,-42
111000177,141,311,-170
111000178,609,348,261
111000179,88,223,-135
111000180,153,330,-177
111000181,629,319,310
111000182,132,226,-94
111000183,261,314,-53
111000184,307,231,76
111000185,305,583,-278
111000186,231,382,-151
111000187,90,367,-277
111000188,166,597,-431
111000189,1842,641,1201
111000190,202,667,-465
111000191,114,516,-402
111000192,225,802,-577
111000193,389,477,-88
111000194,20,470,-450
111000195,77,614,-537
111000196,34,333,-299
111000197,209,235,-26
111000198,264,126,138
111000199,86,151,-65
111000200,163,435,-272
111000201,339,267,72
111000202,191,266,-75
111000203,149,217,-68
111000204,286,511,-225
111000213,94,406,-312
111000214,1304,1793,-489
111000215,827,1550,-723
111000217,937,1079,-142
111000218,765,1010,-245
111000219,354,261,93
111000220,3605,632,2973
111000221,679,281,398
111000224,4,386,-382
111000225,244,92,152
111000226,154,4,150
111000227,42,1,41
111000228,20,177,-157
111000229,56,415,-359
111000230,202,641,-439
111000231,615,1772,-1157
111000232,352,1067,-715
111000233,343,846,-503
111000234,96,307,-211
111000239,202,315,-113
111000240,33,163,-130
111000241,41,537,-496
111000242,74,59,15
111000243,110,1029,-919
111000244,223,89,134
111000245,539,838,-299
111000246,239,795,-556
111000247,122,1509,-1387
111000248,372,503,-131
111000249,469,1081,-612
111000250,25,221,-196
111000251,36,215,-179
111000253,7,7,0
111000255,10,4,6
111000257,24,27,-3
111000260,66,1572,-1506
111000261,578,86,492
111000271,59,350,-291
111000273,7600,1568,6032
111000274,1159,1954,-795
111000275,73,75,-2
111000276,308,3011,-2703
111000277,169,598,-429
111000278,559,299,260
111000291,443,2785,-2342
111000298,362,308,54
111000299,510,105,405
111000300,111,782,-671
111000302,255,79,176
111000303,79,428,-349
111000312,95,75,20
111000315,0,197,-197
111000320,389,790,-401
111000321,212,75,137
111000322,172,730,-558
111000323,92,24,68
111000324,320,310,10
111000325,31,105,-74
111000326,113,476,-363
111000327,354,571,-217
111000328,181,491,-310
111000329,0,17,-17
111000330,9,8,1
111000331,15,3,12
111000332,416,1350,-934
111000334,480,1866,-1386
111000335,295,159,136
111000337,470,469,1
111000338,17,174,-157
111000339,221,993,-772
111000340,86,1084,-998
111000341,681,381,300
111000342,133,434,-301
111000344,707,693,14
111000345,272,36,236
111000346,31,114,-83
111000347,52,7,45
111000350,159,153,6
111000351,100,303,-203
111000352,116,164,-48
111000353,83,319,-236
111000354,380,184,196
111000355,376,766,-390
111000358,78,2196,-2118
111000360,112,1294,-1182
111000361,110,550,-440
111000546,354,782,-428
111000547,240,902,-662
111000548,98,235,-137
111000549,191,604,-413
111000550,91,540,-449
111000551,815,218,597
111000552,723,87,636
111000907,252,88,164
111000908,10,0,10
111000916,619,298,321
111000917,25,418,-393
111000918,126,1452,-1326
111000920,267,6,261
111000921,18,281,-263
111000922,245,361,-116
111000924,35,1627,-1592
111000925,1552,1781,-229
111000926,851,2830,-1979
111000927,2873,3521,-648
111000928,6411,4254,2157
111000929,793,878,-85
111000930,706,2690,-1984
111000931,1641,1841,-200
111000932,4158,2771,1387
111000933,3195,1942,1253
111000934,2570,3337,-767
111000935,855,1088,-233
111000936,788,2510,-1722
111000937,555,1081,-526
111000938,1722,2721,-999
111000939,173,77,96
111000940,186,264,-78
111000941,166,860,-694
111000943,152,314,-162
111000944,92,691,-599
111000945,58,2954,-2896
111001109,356,149,207
111001110,190,765,-575
111001111,28,2,26
111001112,51,0,51
111001113,6,102,-96
111001114,1446,100,1346
111001115,51,339,-288
111001116,7070,1978,5092
111001117,801,967,-166
111001120,73,416,-343
111001121,158,406,-248
111001122,155,773,-618
111001123,94,88,6
111001124,23,248,-225
111900001,3,165,-162
111900002,17,1181,-1164
111900003,5,616,-611
111900004,28,245,-217
111900006,9,37,-28
111900007,58,11,47
111900008,100,0,100
111900009,78,261,-183
111900010,356,717,-361
111900012,91,132,-41
111900013,8,121,-113
111900014,9602,2504,7098
111900015,0,115,-115
111900016,0,270,-270
111900017,0,226,-226
111900018,59,1,58
111900019,3,132,-129
111900020,1,90,-89
111900021,33,159,-126
111900022,12,103,-91
111900023,243,71,172
111900024,0,107,-107
111900025,0,53,-53
111900026,0,133,-133
111900027,6,186,-180
111900028,1,602,-601
111900029,3,146,-143
111900030,96,553,-457
111900031,11,97,-86
111900032,12,574,-562
111900033,7,159,-152
111900034,299,701,-402
111900035,31,324,-293
111900036,4,444,-440
111900038,453,667,-214
111900039,54,640,-586
111900040,7,955,-948
111900042,61,138,-77
111900043,2,598,-596
111900044,347,336,11
111900046,47,292,-245
111900048,108,1255,-1147
111900049,43,334,-291
111900050,71,20,51
111900051,4,413,-409
111900052,475,631,-156
111900053,1947,583,1364
111900054,87,3,84
111900055,25,924,-899
111900056,313,127,186
111900057,64,64,0
111900058,216,1066,-850
111900059,2914,288,2626
111900060,280,2,278
111900061,23,405,-382
111900062,13,24,-11
111900063,152,327,-175
111900064,191,380,-189
111900065,69,16,53
111900066,114,150,-36
111900067,1,514,-513
111900068,19,41,-22
111900069,34,21,13
111900070,55,193,-138
111900071,1,452,-451
111900072,16,21,-5
111900073,410,116,294
111900074,12,252,-240
111900075,37,6,31
111900076,63,28,35
111900077,35,2,33
111900078,139,8,131
111900079,24,14,10
111900080,316,164,152
111900081,1000,119,881
111900082,100,17,83
111900083,71,11,60
111900084,34,0,34
111900085,44,63,-19
111900086,30,1,29
111900087,24,0,24
111900088,253,8,245
111900089,41,0,41
111900090,70,52,18
111900091,165,2,163
111900092,41,2,39
111900093,204,2,202
111900094,41,0,41
111900095,125,14,111
111900096,88,1,87
111900097,31,0,31
111900098,79,2,77
111900099,20,1,19
111900100,105,6,99
111900101,57,22,35
111900102,194,952,-758
111900103,104,56,48
111900104,88,60,28
111900105,222,146,76
111900106,2010,75,1935
111900107,102,142,-40
111900108,126,88,38
111900109,627,187,440
111900110,3779,378,3401
111900111,46,399,-353
111900112,1316,1415,-99
111900113,316,88,228
111900114,215,138,77
111900115,30,34,-4
111900118,150,48,102
111900119,203,134,69
111900122,78,28,50
111900123,9,12,-3
111900124,34,163,-129
111900125,221,17,204
111900126,177,2,175
111900127,5,930,-925
111900128,4,869,-865
111900129,162,7,155
111900130,152,8,144
111900131,217,5,212
111900132,39,1995,-1956
111900133,6,523,-517
111900134,34,446,-412
111900135,3,27,-24
111900136,86,125,-39
111900137,95,73,22
111900138,17,124,-107
111900139,19,218,-199
111900140,32,14,18
111900141,21,18,3
111900142,54,29,25
111900143,12,490,-478
111900144,1,151,-150
111900145,3,926,-923
111900146,6,502,-496
111900147,209,676,-467
111900148,52,1279,-1227
111900149,14,559,-545
111900150,7,300,-293
111900151,2,16,-14
111900152,126,94,32
111900153,1729,258,1471
111900154,12,155,-143
111900155,72,48,24
111900156,34,22,12
111900157,41,17,24
111900158,253,22,231
111900159,179,7,172
111900160,168,2,166
111900161,76,0,76
111900162,93,137,-44
111900163,94,252,-158
111900164,78,44,34
111901113,166,236,-70
111901114,62,519,-457
111901115,29,0,29
111901116,35,4,31
111901117,9,7,2
111901118,128,68,60
111901119,1904,143,1761
111901120,124,329,-205
111901121,212,474,-262
111901122,9,796,-787
111901123,107,648,-541
111901124,88,3,85
111901125,160,218,-58
111901126,88,48,40
111901127,1246,275,971
111901128,8,149,-141
111901129,7,206,-199
111901130,18,381,-363
111901131,1,416,-415
111901132,69,10,59
111901133,27,7,20
111901134,57,4,53
111901135,19,3,16
111901136,25,14,11
111901137,0,12,-12
111901138,109,42,67
111901139,42,66,-24
111901140,8,206,-198
111901141,16,314,-298
111901142,7,182,-175
111901143,3,164,-161
111901144,39,25,14
111901145,96,191,-95
111901146,456,19,437
112000001,1225,833,392
112000002,707,2964,-2257
112000003,536,868,-332
112000004,500,1956,-1456
112000005,1773,1674,99
112000006,1548,2360,-812
112000007,1452,1294,158
112000008,2043,3209,-1166
112000009,4164,4127,37
112000010,1756,2458,-702
112000011,1918,2777,-859
112000012,5228,2119,3109
112000013,5941,3551,2390
112000014,2894,867,2027
112000015,3484,2846,638
112000016,4376,847,3529
112000017,1885,1637,248
112000024,2261,851,1410
112000026,5155,5975,-820
112000027,772,402,370
112000028,1712,1914,-202
112000029,356,602,-246
112000030,207,123,84
112000031,1561,3036,-1475
112000032,661,63,598
112000033,2013,1083,930
112000034,233,49,184
112000035,116,339,-223
112000036,712,716,-4
112000037,758,938,-180
112000038,1018,1025,-7
112000039,45,108,-63
112000040,207,396,-189
112000041,535,580,-45
112000042,1088,333,755
112000050,848,1510,-662
112000051,577,897,-320
112000054,1742,3097,-1355
112000057,567,383,184
112000058,362,603,-241
112000059,1058,528,530
112000061,5880,2006,3874
112000062,3080,763,2317
112000063,2120,840,1280
112000064,5306,6842,-1536
112000065,2582,3199,-617
112000066,3314,951,2363
112000067,849,809,40
112000068,1931,1291,640
112000069,694,2748,-2054
112000070,1653,587,1066
112000071,703,3813,-3110
112000072,1155,880,275
112000073,1388,2062,-674
112000074,978,930,48
112000075,870,1012,-142
112000076,3359,3311,48
112000077,346,839,-493
112000078,1015,772,243
112000079,1056,1528,-472
112000080,535,1155,-620
112000081,1248,2234,-986
112000082,1137,727,410
112000083,558,1717,-1159
112000084,1010,824,186
112000085,729,1416,-687
112000086,1152,1812,-660
112000087,208,632,-424
112000088,290,884,-594
112000089,146,342,-196
112000090,163,431,-268
112000091,629,1414,-785
112000092,1236,1001,235
112000093,1536,1323,213
112000094,399,909,-510
112000095,482,864,-382
112000096,318,776,-458
112000097,596,578,18
112000098,1016,1908,-892
112000099,574,768,-194
112000100,992,1061,-69
112000101,401,1269,-868
112000102,661,549,112
112000103,253,1589,-1336
112000105,418,2383,-1965
112000106,753,384,369
112000107,14,242,-228
112000108,132,2006,-1874
112000109,77,72,5
112000110,1091,488,603
112000111,1559,5194,-3635
112000112,2861,622,2239
112000113,1083,2699,-1616
112000114,1765,1002,763
112000115,204,707,-503
112000116,504,1317,-813
112000117,700,956,-256
112000118,841,1058,-217
112000119,372,1179,-807
112000120,78,488,-410
112000121,101,944,-843
112000122,153,165,-12
112000123,362,149,213
112000124,189,97,92
112000125,67,149,-82
112000126,149,938,-789
112000127,3098,1411,1687
112000128,1590,730,860
112000129,65,144,-79
112000130,95,65,30
112000131,27,500,-473
112000132,90,412,-322
112000133,252,400,-148
112000134,369,456,-87
112000135,749,677,72
112000136,996,1482,-486
112000137,1154,1400,-246
112000138,1602,1446,156
112000139,937,242,695
112000140,1041,1299,-258
112000141,434,207,227
112000142,145,1156,-1011
112000143,630,270,360
112000144,296,2078,-1782
112000145,1604,728,876
112000146,655,2821,-2166
112000147,1485,1853,-368
112000148,1849,2569,-720
112000149,205,971,-766
112000150,138,851,-713
112000151,280,733,-453
112000152,186,474,-288
112000153,219,370,-151
112000154,84,180,-96
112000155,119,109,10
112000157,736,590,146
112000158,161,867,-706
112000159,325,477,-152
112000167,163,26,137
112000169,345,336,9
112000173,313,335,-22
112000175,273,488,-215
112000176,5847,2113,3734
112000177,342,125,217
112000178,72,686,-614
112000179,136,191,-55
112000180,227,350,-123
112000181,1062,2567,-1505
112000182,578,2932,-2354
112000183,55,78,-23
112000184,227,808,-581
112000185,283,733,-450
112000187,3005,2674,331
112000195,73,8,65
112000196,131,1,130
112000197,133,124,9
112000198,43,476,-433
112000199,1217,1042,175
112000202,234,2,232
112000216,52,235,-183
112000230,54,4,50
112000231,5,457,-452
112000256,29,172,-143
112000313,197,193,4
112000314,29,25,4
112000337,202,678,-476
112000352,305,198,107
112000392,1899,1437,462
112000398,792,891,-99
112000399,2891,1724,1167
112000400,1908,4800,-2892
112000401,2915,3366,-451
112000402,1723,2259,-536
112000403,2019,1606,413
112000404,297,719,-422
112000405,1261,2553,-1292
112000406,3795,4000,-205
112000407,4228,6001,-1773
112000408,8957,8419,538
112000409,1919,5954,-4035
112000410,322,155,167
112000411,6448,927,5521
112000412,1419,481,938
112000413,11632,3026,8606
112000414,82,130,-48
112000415,59,47,12
112000416,1541,1426,115
112000417,151,70,81
112000421,25,187,-162
112000422,346,659,-313
112000424,2929,1509,1420
112000425,388,1239,-851
112000426,109,280,-171
112000427,1,13,-12
112000428,132,678,-546
112000429,1847,3056,-1209
112000430,1829,3245,-1416
112000431,38,128,-90
112000432,680,2546,-1866
112000433,588,876,-288
112000437,49,389,-340
112900001,56,1,55
112900002,147,1708,-1561
112900003,32,466,-434
112900004,33,664,-631
112900005,114,337,-223
112900006,8,553,-545
112900007,12,283,-271
112900008,7,17,-10
112900009,394,75,319
112900010,207,1047,-840
112900011,370,379,-9
112900012,0,56,-56
112900013,4,212,-208
112900014,1,469,-468
112900015,503,1244,-741
112900016,0,369,-369
112900017,30,291,-261
112900018,4,532,-528
112900019,69,171,-102
112900020,548,1954,-1406
112900021,0,456,-456
112900022,5,110,-105
112900023,1,362,-361
112900024,24,353,-329
112900025,93,366,-273
112900026,6,410,-404
112900027,10,1799,-1789
112900028,12,221,-209
112900029,17,933,-916
112900030,345,277,68
112900031,5,710,-705
112900032,145,280,-135
112900034,2,88,-86
112900035,8,662,-654
112900036,31,173,-142
112900037,226,127,99
112900038,392,227,165
112900039,10,436,-426
112900040,1,384,-383
112900041,1526,966,560
112900042,28,571,-543
112900043,15,66,-51
112900044,648,527,121
112900045,720,359,361
112900046,426,85,341
112900047,23,15,8
112900049,62,116,-54
112900050,80,739,-659
112900051,359,1014,-655
112900052,11,1462,-1451
112900053,372,121,251
112900054,280,35,245
112900055,210,31,179
112900056,305,173,132
112900057,7,1071,-1064
112900058,295,147,148
112900059,81,139,-58
112900060,23,361,-338
112900061,72,187,-115
112900062,68,196,-128
112900063,134,7,127
112900064,295,208,87
112900065,39,18,21
112900066,213,57,156
112900067,763,233,530
112900068,40,26,14
112900069,3096,517,2579
112900071,19,2,17
112900072,347,777,-430
112900073,277,51,226
112900074,72,90,-18
112900075,2666,570,2096
112900076,129,17,112
112900078,201,278,-77
112900079,143,8,135
112900080,24,1,23
112900081,23,121,-98
112900082,213,18,195
112900083,54,50,4
112900084,111,82,29
112900085,0,5,-5
112900086,35,2,33
112900087,386,102,284
112900088,72,18,54
112900089,606,24,582
112900090,34,17,17
112900091,76,2,74
112900092,173,188,-15
112900093,976,14,962
112900094,42,2,40
112900095,30,0,30
112900096,256,120,136
112900097,36,561,-525
112900098,199,1,198
112900099,400,9,391
112900100,27,1,26
112900101,134,0,134
112900102,85,1,84
112900103,110,2,108
112900104,9,0,9
112900105,9,0,9
112900106,314,89,225
112900107,8,0,8
112900108,48,1,47
112900109,47,1,46
112900110,442,8,434
112900111,345,5,340
112900112,192,3,189
112900113,0,18,-18
112900114,42,38,4
112900115,499,0,499
112900116,36,29,7
112900117,108,182,-74
112900118,57,93,-36
112900119,89,1,88
112900120,865,255,610
112900121,366,276,90
112900122,21,207,-186
112900123,116,14,102
112900124,6,202,-196
112900125,93,503,-410
112900126,177,279,-102
112900127,287,55,232
112900128,504,944,-440
112900129,4,1255,-1251
112900130,170,56,114
112900131,61,255,-194
112900132,78,462,-384
112900133,27,1530,-1503
112900134,2,384,-382
112900135,37,37,0
112900136,1,48,-47
112900137,0,902,-902
112900138,1,680,-679
112900139,268,1459,-1191
112900140,0,109,-109
112900141,444,41,403
112900142,100,92,8
112900143,51,762,-711
112900144,0,375,-375
112900145,64,630,-566
112900146,5,1924,-1919
112900147,10,3090,-3080
112900148,54,0,54
112900149,191,721,-530
112900151,28,57,-29
112900152,5858,1314,4544
112900153,2333,1213,1120
112900154,2,132,-130
112900155,86,20,66
112900156,205,2429,-2224
112900157,114,17,97
112900158,13,17,-4
112900159,211,57,154
112900160,31,337,-306
112900161,67,22,45
112900162,43,12,31
112900163,140,35,105
112900164,33,124,-91
112900165,87,47,40
112900166,27,37,-10
112900167,6,35,-29
112900168,2,3,-1
112900169,11,9,2
112900170,42,164,-122
112900172,71,8,63
112900173,362,119,243
112900174,229,26,203
112900175,204,123,81
112900176,11,18,-7
112900177,167,18,149
112900178,698,1226,-528
112900179,60,684,-624
112900180,1066,2542,-1476
112900181,267,4,263
112900182,37,1850,-1813
112900183,159,296,-137
112900184,430,351,79
112900185,410,504,-94
112900186,2147,733,1414
112900187,75,427,-352
112900188,781,386,395
112900189,52,38,14
112900190,4,56,-52
112900192,471,411,60
112900193,1208,339,869
112900194,28,108,-80
112900195,549,34,515
112900196,263,579,-316
112900197,167,482,-315
112900199,367,729,-362
112900200,329,379,-50
112900201,89,104,-15
112900202,240,1181,-941
112900203,101,429,-328
112900204,1107,408,699
112900205,2,4,-2
112900206,5,67,-62
112900207,3,0,3
112900208,66,149,-83
112900209,444,547,-103
112900210,0,16,-16
112900211,38,37,1
112900212,0,78,-78
112900213,17,25,-8
112900214,13,10,3
112900215,2,336,-334
112900216,34,70,-36
112900217,0,87,-87
112900218,31,27,4
112900219,50,0,50
112900220,7,0,7
112900221,14,140,-126
112900222,0,24,-24
112900223,470,13,457
112900224,160,990,-830
112900225,269,667,-398
112900226,377,421,-44
112900227,240,1878,-1638
112900228,27,12,15
112900229,107,93,14
112900230,9750,3629,6121
112900232,183,181,2
112900233,36,237,-201
112900234,16,132,-116
112900235,101,26,75
112900236,126,15,111
112900237,69,381,-312
112900238,8,43,-35
112900239,477,263,214
113000001,4939,5640,-701
113000002,4034,4394,-360
113000003,2112,2157,-45
113000004,2072,2651,-579
113000005,1306,1283,23
113000006,1026,1502,-476
113000007,1490,1584,-94
113000008,1533,2129,-596
113000009,877,1032,-155
113000010,1061,1887,-826
113000011,744,2157,-1413
113000012,1188,857,331
113000013,1081,531,550
113000014,2149,1900,249
113000015,1016,343,673
113000016,643,608,35
113000017,76,331,-255
113000018,223,41,182
113000019,85,290,-205
113000020,99,32,67
113000021,923,670,253
113000022,501,1519,-1018
113000025,110,326,-216
113000026,228,536,-308
113000027,985,527,458
113000028,1432,470,962
113000029,1024,668,356
113000030,682,837,-155
113000031,453,377,76
113000032,370,328,42
113000033,507,472,35
113000034,672,493,179
113000035,31,57,-26
113000036,24,58,-34
113000037,86,48,38
113000038,23,85,-62
113000039,147,557,-410
113000040,43,108,-65
113000042,881,729,152
113000051,800,2217,-1417
113000052,2372,1353,1019
113000053,391,749,-358
113000054,215,1023,-808
113000055,710,1205,-495
113000056,590,1443,-853
113000058,803,1254,-451
113000059,1425,800,625
113000060,176,737,-561
113000061,841,957,-116
113000062,1541,231,1310
113000063,116,256,-140
113000064,23,526,-503
113000065,211,1403,-1192
113000066,392,72,320
113000067,1225,1565,-340
113000068,411,2272,-1861
113000069,434,1699,-1265
113000070,1152,975,177
113000071,449,982,-533
113000072,466,610,-144
113000073,544,1927,-1383
113000074,1117,343,774
113000075,1994,675,1319
113000076,1353,2079,-726
113000077,1618,393,1225
113000078,1244,2089,-845
113000079,808,737,71
113000080,688,485,203
113000081,881,885,-4
113000082,1328,852,476
113000083,579,757,-178
113000084,1412,1371,41
113000085,972,662,310
113000086,985,1366,-381
113000087,1090,848,242
113000088,2268,1341,927
113000089,965,1502,-537
113000090,224,369,-145
113000091,894,356,538
113000094,890,193,697
113000095,228,1316,-1088
113000096,166,1081,-915
113000097,794,348,446
113000098,126,42,84
113000099,720,292,428
113000100,169,459,-290
113000101,418,637,-219
113000102,469,247,222
113000103,2556,612,1944
113000104,350,2338,-1988
113000105,556,456,100
113000106,379,563,-184
113000107,470,916,-446
113000108,780,1712,-932
113000109,484,3121,-2637
113000110,1697,488,1209
113000111,90,579,-489
113000112,274,274,0
113000113,2650,302,2348
113000114,403,1350,-947
113000116,731,288,443
113000117,894,176,718
113000118,189,372,-183
113000119,161,432,-271
113000120,43,186,-143
113000121,682,1009,-327
113000124,192,160,32
113000125,58,647,-589
113000127,4099,707,3392
113000128,572,629,-57
113000129,731,1654,-923
113000133,4682,1558,3124
113000134,5,873,-868
113000135,3323,2798,525
113000137,2995,1912,1083
113000139,448,184,264
113000140,183,360,-177
113000141,415,166,249
113000142,725,1239,-514
113000143,280,225,55
113000144,397,792,-395
113000145,66,181,-115
113000146,154,125,29
113000147,162,192,-30
113000148,89,218,-129
113000149,66,172,-106
113000150,536,505,31
113000151,139,80,59
113000152,63,241,-178
113000153,2212,668,1544
113000154,907,1536,-629
113000155,309,520,-211
113000156,195,413,-218
113000157,328,1009,-681
113000158,710,225,485
113000159,1027,749,278
113000160,807,1527,-720
113000161,341,886,-545
113000162,640,452,188
113000163,81,64,17
113000164,36,148,-112
113000166,103,64,39
113000167,26,276,-250
113000168,56,319,-263
113000169,90,53,37
113000170,95,100,-5
113000171,66,134,-68
113000172,188,79,109
113000173,42,16,26
113000174,108,656,-548
113000175,353,114,239
113000176,390,127,263
113000177,153,532,-379
113000178,284,523,-239
113000179,224,135,89
113000180,649,1611,-962
113000181,773,1245,-472
113000182,240,394,-154
113000183,209,629,-420
113000184,12,166,-154
113000189,499,723,-224
113000190,1839,678,1161
113000192,2586,1520,1066
113000193,6187,1041,5146
113000194,2166,1256,910
113000195,2471,602,1869
113000196,112,83,29
113000197,1539,927,612
113000198,54,321,-267
113000199,1133,451,682
113000201,419,231,188
113000202,3924,2524,1400
113000203,511,251,260
113000204,2233,1370,863
113000205,21,36,-15
113000206,11,60,-49
113000207,74,15,59
113000208,46,55,-9
113000209,19,29,-10
113000210,2,41,-39
113000211,309,163,146
113000212,279,20,259
113000213,35,133,-98
113000214,101,251,-150
113000234,189,1603,-1414
113000410,339,139,200
113000411,3136,4736,-1600
113000412,10998,2387,8611
113000413,4776,2831,1945
113000414,12402,11015,1387
113000415,2865,3138,-273
113000416,12626,4080,8546
113000417,4258,3370,888
113000418,3646,2662,984
113000419,2244,2178,66
113000420,4575,4176,399
113000421,4434,5164,-730
113000422,18596,9613,8983
113000423,2920,4502,-1582
113000424,4694,7569,-2875
113000425,8,71,-63
113000428,560,56,504
113000430,118,160,-42
113000432,1258,124,1134
113000433,138,1154,-1016
113000434,15,422,-407
113000435,25,1066,-1041
113000436,57,1781,-1724
113000437,475,18,457
113000438,130,15,115
113000439,21,217,-196
113000440,73,32,41
113000441,196,247,-51
113000442,142,415,-273
113000443,108,408,-300
113000444,108,429,-321
113000445,75,165,-90
113000446,25,86,-61
113000448,143,135,8
113000449,345,1013,-668
113000450,885,2909,-2024
113000451,1465,206,1259
113000452,638,512,126
113000453,112,268,-156
113000454,1247,38,1209
113000455,17,146,-129
113000456,4656,2174,2482
113000468,3027,331,2696
113000469,413,187,226
113000470,556,77,479
113000471,7,373,-366
113000472,92,289,-197
113000474,329,846,-517
113000475,1530,2168,-638
113000476,775,1931,-1156
113000477,2065,2261,-196
113000478,4187,7134,-2947
113000479,100,242,-142
113000480,102,69,33
113000485,19,0,19
113000486,6,0,6
113000487,0,2,-2
113000488,0,0,0
113000489,2,0,2
113000490,0,3,-3
113000491,4,57,-53
113000492,2,5,-3
113000493,2,0,2
113000495,162,301,-139
113000496,107,100,7
113000497,0,0,0
113000499,0,0,0
113000500,0,6,-6
113900001,3,164,-161
113900002,3,262,-259
113900003,2,188,-186
113900004,0,46,-46
113900005,1,45,-44
113900006,0,43,-43
113900007,61,40,21
113900008,128,1,127
113900009,306,3,303
113900010,239,2,237
113900011,20,4,16
113900012,12,4,8
113900013,932,3,929
113900014,931,2,929
113900015,0,91,-91
113900016,21,0,21
113900017,3,86,-83
113900018,627,154,473
113900019,98,72,26
113900020,89,1,88
113900022,8,0,8
113900023,20,0,20
113900024,21,91,-70
113900025,358,30,328
113900026,62,1,61
113900027,2,91,-89
113900028,18,616,-598
113900029,40,411,-371
113900030,103,4,99
113900031,8,1,7
113900032,7,0,7
113900033,48,89,-41
113900035,40,2,38
113900036,17,131,-114
113900037,80,662,-582
113900038,46,111,-65
113900039,103,11,92
113900040,5,13,-8
113900041,3,4,-1
113900042,60,49,11
113900043,192,140,52
113900044,214,75,139
113900045,40,4,36
113900046,195,813,-618
113900047,39,196,-157
113900048,403,65,338
113900049,1270,247,1023
113900050,214,468,-254
113900051,184,509,-325
113900052,242,151,91
113900053,537,256,281
113900054,4,8,-4
113900055,112,762,-650
113900056,89,171,-82
113900057,14,166,-152
113900058,37,297,-260
113900059,168,416,-248
113900060,142,308,-166
113900061,1443,166,1277
113900062,68,32,36
113900063,91,168,-77
113900064,28,207,-179
113900065,732,38,694
113900066,260,498,-238
113900067,71,456,-385
113900068,380,421,-41
113900069,108,27,81
113900070,191,574,-383
113900071,36,83,-47
113900072,70,244,-174
113900073,130,453,-323
113900074,46,661,-615
113900075,1009,1202,-193
113900076,179,16,163
113900077,45,279,-234
113900078,57,50,7
113900079,5,65,-60
113900080,381,196,185
113900081,44,307,-263
113900082,90,256,-166
113900083,180,935,-755
113900084,193,124,69
113900085,56,376,-320
113900086,17,19,-2
113900087,42,259,-217
113900088,34,75,-41
113900089,380,53,327
113900090,436,378,58
113900091,21,18,3
113900092,51,91,-40
113900093,57,572,-515
113900094,310,597,-287
113900095,162,148,14
113900096,173,77,96
113900097,19,163,-144
113900098,431,70,361
113900099,0,72,-72
113900100,0,2,-2
113900101,20,62,-42
113900102,130,95,35
113900103,238,264,-26
113900104,94,146,-52
113900105,73,522,-449
113900106,1,130,-129
113900107,0,35,-35
113900108,210,205,5
113900109,357,133,224
113900110,38,15,23
113900111,99,119,-20
113900112,62,111,-49
113900113,636,426,210
113900114,1,120,-119
113900115,2,147,-145
113900116,91,146,-55
113900117,97,40,57
113900118,140,332,-192
113900119,354,477,-123
113900120,53,36,17
113900121,59,135,-76
113900122,414,1482,-1068
113900123,444,142,302
113900124,6,113,-107
113900125,1388,195,1193
113900126,108,44,64
113900127,216,450,-234
113900128,64,80,-16
113900129,13,139,-126
113900130,2,17,-15
113900131,128,100,28
113900132,24,49,-25
113900133,18,33,-15
113900135,239,595,-356
113900136,116,97,19
113900137,321,214,107
113900138,60,165,-105
113900139,586,98,488
113900140,597,298,299
113900141,256,536,-280
113900142,62,95,-33
113900143,10,24,-14
113900144,360,172,188
113900145,240,213,27
113900146,80,62,18
113900148,189,304,-115
113900149,131,50,81
113900150,1323,884,439
113900151,239,221,18
113900152,23,36,-13
113900153,580,655,-75
113900154,1,101,-100
113900155,295,114,181
113900156,211,719,-508
113900157,36,213,-177
113900158,523,251,272
113900159,13,263,-250
113900160,461,836,-375
113900161,95,169,-74
113900162,715,797,-82
113900163,271,353,-82
113900164,221,84,137
113900165,541,604,-63
113900166,300,200,100
113900167,297,66,231
113900168,168,157,11
113900169,204,463,-259
113900171,111,71,40
113900172,10,296,-286
113900173,53,811,-758
113900174,412,761,-349
113900175,339,99,240
113900176,272,775,-503
113900177,254,199,55
113900178,259,118,141
113900179,11,739,-728
113900180,180,128,52
113900181,472,110,362
113900182,609,1144,-535
113900183,48,67,-19
113900184,24,845,-821
113900185,186,111,75
113900186,28,65,-37
113900187,39,142,-103
113900188,67,224,-157
113900189,311,67,244
113900190,286,153,133
113900191,112,284,-172
113900192,6,367,-361
113900193,28,313,-285
113900194,2546,1204,1342
113900195,364,494,-130
113900196,4,158,-154
113900197,4,323,-319
113900198,27,165,-138
113900199,307,765,-458
113900200,17,333,-316
113900201,4,383,-379
113900202,54,376,-322
113900203,1,277,-276
113900204,84,739,-655
113900205,16,224,-208
113900206,19,184,-165
113900207,1,56,-55
113900208,1,70,-69
113900209,0,147,-147
113900210,597,756,-159
113900211,163,52,111
113900212,135,700,-565
113900214,480,461,19
113900215,33,151,-118
113900216,87,1649,-1562
113900217,48,407,-359
113900218,89,44,45
113900219,129,629,-500
113900220,111,66,45
113900221,284,162,122
113900222,500,330,170
113900223,126,1390,-1264
113900224,176,90,86
113900225,947,237,710
113900226,324,131,193
113900227,335,187,148
113900228,404,318,86
113900229,57,559,-502
113900230,5888,2011,3877
113900231,174,291,-117
113900232,83,127,-44
113900233,40,67,-27
113900234,227,425,-198
113900235,49,32,17
113900236,57,441,-384
113900237,94,14,80
113900238,202,417,-215
113900239,52,43,9
113900240,11,136,-125
113900241,114,79,35
113900242,56,157,-101
113900243,149,451,-302
113900244,571,221,350
113900245,1603,290,1313
113900246,54,20,34
113900247,179,255,-76
113900248,4319,1349,2970
113900249,1342,281,1061
113900250,54,121,-67
113900251,438,264,174
113900252,354,19,335
113900253,566,51,515
113900254,645,125,520
113900255,272,24,248
113900256,309,17,292
113900257,50,932,-882
113900258,17,689,-672
113900259,334,285,49
113900260,97,16,81
113900261,26,159,-133
113900262,133,885,-752
113900263,210,675,-465
113900264,13,678,-665
113900265,114,368,-254
113900266,33,317,-284
113900267,134,549,-415
113900268,217,326,-109
113900269,39,146,-107
113900270,334,401,-67
113900271,578,1585,-1007
113900273,20,5,15
113900274,44,4,40
113900275,21,64,-43
113900276,6,324,-318
113900277,70,2,68
113900278,303,169,134
113900279,138,114,24
113900280,1232,466,766
113900281,508,1072,-564
113900282,1153,617,536
113900283,256,432,-176
113900284,949,275,674
113900285,123,36,87
113900286,76,204,-128
113900287,26,72,-46
113900288,4,97,-93
113900289,1570,107,1463
113900290,513,148,365
113900291,107,204,-97
113900292,9,9,0
113900293,2,330,-328
113900294,325,33,292
113900295,360,356,4
113900296,3013,434,2579
113900297,891,38,853
113900298,8,1913,-1905
113900299,38,269,-231
113900300,7335,2725,4610
113900301,1070,385,685
113900302,2982,633,2349
113900303,786,292,494
113900304,1,202,-201
113900305,61,0,61
113900306,20,1,19
113900307,39,1,38
113900308,139,126,13
113900309,3,1493,-1490
113900310,1,17,-16
113900311,4,1,3
113900312,150,122,28
113900313,36,15,21
114000001,1226,4359,-3133
114000002,147,578,-431
114000003,39,380,-341
114000004,222,480,-258
114000005,138,274,-136
114000006,3151,2242,909
114000007,642,1580,-938
114000008,1492,1241,251
114000009,392,215,177
114000011,2470,4316,-1846
114000012,1726,3404,-1678
114000013,1256,2575,-1319
114000014,360,535,-175
114000015,1040,636,404
114000016,198,588,-390
114000017,104,185,-81
114000018,539,119,420
114000026,981,1986,-1005
114000027,1792,2564,-772
114000028,1735,2291,-556
114000038,166,182,-16
114000039,61,125,-64
114000040,60,197,-137
114000042,86,197,-111
114000043,42,228,-186
114000044,90,86,4
114000045,37,121,-84
114000046,2724,5205,-2481
114000047,20,82,-62
114000048,70,71,-1
114000049,1690,1228,462
114000050,1515,1262,253
114000051,3289,1647,1642
114000052,3067,1450,1617
114000053,55,529,-474
114000054,82,1635,-1553
114000055,194,28,166
114000056,1606,697,909
114000057,10080,2917,7163
114000058,831,1013,-182
114000059,457,237,220
114000060,515,808,-293
114000061,4177,1654,2523
114000062,3666,1097,2569
114000063,3686,1853,1833
114000064,10988,3270,7718
114000065,2106,2668,-562
114000066,349,728,-379
114000067,46,525,-479
114000068,470,499,-29
114000069,823,564,259
114000070,2678,1550,1128
114000071,508,878,-370
114000072,205,556,-351
114000073,13,171,-158
114000074,26,25,1
114000075,57,230,-173
114000076,12,239,-227
114000077,10,84,-74
114000078,131,1635,-1504
114000079,112,22,90
114000080,89,109,-20
114000081,49,119,-70
114000082,65,766,-701
114000083,53,422,-369
114000084,191,67,124
114000085,111,1128,-1017
114000086,169,831,-662
114000087,45,414,-369
114000088,37,69,-32
114000089,1892,551,1341
114000090,585,578,7
114000091,1420,478,942
114000092,992,342,650
114000093,927,645,282
114000094,278,382,-104
114000095,126,109,17
114000096,101,731,-630
114000097,152,1345,-1193
114000098,247,75,172
114000099,246,1257,-1011
114000100,721,993,-272
114000101,338,1703,-1365
114000102,227,346,-119
114000103,105,698,-593
114000104,6,418,-412
114000105,42,67,-25
114000106,1098,480,618
114000107,118,134,-16
114000108,2810,1591,1219
114000109,331,597,-266
114000110,523,2282,-1759
114000111,862,692,170
114000112,371,2144,-1773
114000113,624,543,81
114000114,1354,1894,-540
114000115,1345,844,501
114000116,403,561,-158
114000117,1697,400,1297
114000118,1395,465,930
114000119,921,401,520
114000120,560,1239,-679
114000121,408,823,-415
114000122,330,277,53
114000123,1005,256,749
114000124,561,322,239
114000125,838,2391,-1553
114000126,940,262,678
114000127,125,222,-97
114000128,731,671,60
114000130,306,563,-257
114000131,131,53,78
114000132,679,812,-133
114000133,1247,1512,-265
114000134,43,281,-238
114000138,46,256,-210
114000139,398,121,277
114000144,613,322,291
114000145,100,240,-140
114000146,106,396,-290
114000147,964,1107,-143
114000148,2374,1421,953
114000149,275,204,71
114000150,883,443,440
114000151,825,903,-78
114000152,95,28,67
114000153,834,1307,-473
114000154,607,525,82
114000155,1331,1770,-439
114000156,714,445,269
114000157,188,899,-711
114000158,2670,865,1805
114000159,238,434,-196
114000160,174,224,-50
114000161,1572,1691,-119
114000162,887,1336,-449
114000163,7,215,-208
114000165,215,176,39
114000166,738,241,497
114000167,4763,1326,3437
114000168,805,762,43
114000169,1836,825,1011
114000170,847,560,287
114000171,840,1125,-285
114000174,185,603,-418
114000176,689,412,277
114000177,2889,1059,1830
114000178,42,82,-40
114000179,1425,778,647
114000180,565,713,-148
114000181,1745,2536,-791
114000182,8088,2678,5410
114000183,1009,998,11
114000184,663,2297,-1634
114000185,996,1042,-46
114000189,547,117,430
114000190,1529,234,1295
114000191,22,51,-29
114000192,430,2192,-1762
114000193,1339,4399,-3060
114000194,1151,1678,-527
114000195,99,32,67
114000196,6,485,-479
114000197,806,31,775
114000198,1378,450,928
114000199,2322,1381,941
114000200,538,3172,-2634
114000201,176,1389,-1213
114000202,956,1077,-121
114000203,400,1125,-725
114000204,126,554,-428
114000205,247,2388,-2141
114000206,476,1609,-1133
114000207,612,3012,-2400
114000208,505,4483,-3978
114000209,764,4193,-3429
114000210,407,2261,-1854
114000211,862,1696,-834
114000212,494,879,-385
114000213,997,701,296
114000214,77,295,-218
114000215,163,99,64
114000216,745,384,361
114000217,194,360,-166
114000218,85,398,-313
114000219,750,419,331
114000220,12,1822,-1810
114000221,491,155,336
114000222,272,1495,-1223
114000223,385,117,268
114000224,149,1022,-873
114000225,231,714,-483
114000226,116,285,-169
114000227,529,529,0
114000228,600,1138,-538
114000229,752,1530,-778
114000230,1262,1795,-533
114000231,707,1498,-791
114000232,516,172,344
114000233,1401,92,1309
114000234,939,1248,-309
114000235,853,2020,-1167
114000236,3,666,-663
114000237,98,1554,-1456
114000238,54,188,-134
114000239,156,1757,-1601
114000240,574,801,-227
114000241,271,1150,-879
114000242,1066,1052,14
114000243,1160,900,260
114000244,569,411,158
114000245,261,627,-366
114000246,129,28,101
114000247,486,814,-328
114000248,666,632,34
114000249,403,554,-151
114000250,354,806,-452
114000251,240,361,-121
114000252,69,129,-60
114000253,33,233,-200
114000254,16,132,-116
114000255,606,137,469
114000256,3139,1070,2069
114000257,580,2319,-1739
114000258,166,694,-528
114000259,37,348,-311
114000260,0,30,-30
114000261,40,26,14
114000262,47,195,-148
114000263,21,4,17
114000264,556,952,-396
114000265,0,18,-18
114000267,2,1523,-1521
114000268,6,2856,-2850
114000270,109,1,108
114000271,477,127,350
114000283,565,631,-66
114000285,64,433,-369
114000288,69,559,-490
114000289,749,92,657
114000293,92,433,-341
114000294,166,351,-185
114000395,1331,84,1247
114000396,295,384,-89
114000402,284,430,-146
114000403,243,757,-514
114000405,88,720,-632
114000423,128,701,-573
114000424,237,317,-80
114000425,315,781,-466
114000426,283,753,-470
114000427,24,92,-68
114000428,347,128,219
114000429,14,243,-229
114000432,48,160,-112
114000434,15,128,-113
114000435,4,198,-194
114000436,6512,1838,4674
114000437,404,1208,-804
114900001,401,1675,-1274
114900002,450,155,295
114900003,327,2730,-2403
114900004,126,224,-98
114900005,295,1349,-1054
114900006,29,38,-9
114900007,115,6,109
114900008,100,55,45
114900010,3128,1777,1351
114900011,79,143,-64
114900013,141,88,53
114900015,56,238,-182
114900018,783,51,732
114900020,165,63,102
114900022,28,860,-832
114900024,168,159,9
114900025,224,324,-100
114900026,63,98,-35
114900027,184,262,-78
114900029,16,17,-1
114900030,186,259,-73
114900031,131,20,111
114900032,203,37,166
114900033,1608,291,1317
114900034,55,292,-237
114900035,199,308,-109
114900036,211,1350,-1139
114900037,96,342,-246
114900038,153,1231,-1078
114900039,413,936,-523
114900040,48,316,-268
114900041,351,821,-470
114900042,552,1199,-647
114900043,965,425,540
114900044,100,24,76
114900046,68,140,-72
114900047,218,1350,-1132
114900048,76,258,-182
114900049,11,283,-272
114900050,39,845,-806
114900051,42,741,-699
114900052,80,339,-259
114900053,92,296,-204
114900054,53,190,-137
114900057,177,25,152
114900058,1,90,-89
114900059,40,29,11
114900060,1720,552,1168
114900061,113,224,-111
114900062,292,285,7
114900063,85,335,-250
114900064,799,961,-162
114900065,231,768,-537
114900067,23,473,-450
114900068,89,229,-140
114900069,310,226,84
114900070,283,815,-532
114900072,6,348,-342
114900073,2,166,-164
114900074,260,1182,-922
114900075,183,6,177
114900076,16,427,-411
114900080,3833,548,3285
114900082,4402,1634,2768
114900083,1078,1008,70
114900090,170,184,-14
114900091,128,293,-165
114900095,464,143,321
114900096,517,697,-180
114900097,69,0,69
114900098,5,259,-254
114900099,78,8,70
115000001,9856,7218,2638
115000002,3005,3147,-142
115000003,4302,5042,-740
115000004,2558,4183,-1625
115000005,1185,3354,-2169
115000006,508,1428,-920
115000007,59,190,-131
115000008,402,459,-57
115000009,145,396,-251
115000010,261,145,116
115000013,93,174,-81
115000015,71,236,-165
115000016,197,322,-125
115000019,14,465,-451
115000020,184,447,-263
115000021,348,515,-167
115000022,585,395,190
115000023,357,517,-160
115000024,1241,690,551
115000025,790,568,222
115000026,190,509,-319
115000027,173,283,-110
115000028,261,857,-596
115000029,428,192,236
115000030,504,1086,-582
115000031,883,342,541
115000032,8,281,-273
115000033,185,21,164
115000034,164,1317,-1153
115000035,1006,76,930
115000036,1,482,-481
115000037,287,6,281
115000038,44,238,-194
115000039,3464,2517,947
115000040,7858,3763,4095
115000041,808,2456,-1648
115000042,888,793,95
115000043,2784,3347,-563
115000044,3019,5194,-2175
115000045,1761,2817,-1056
115000046,1253,2966,-1713
115000047,1479,2153,-674
115000048,1295,3304,-2009
115000049,1635,3183,-1548
115000050,2767,2076,691
115000051,2360,2002,358
115000052,3140,2301,839
115000053,1419,1406,13
115000054,848,1462,-614
115000055,183,386,-203
115000056,164,297,-133
115000057,282,548,-266
115000058,122,152,-30
115000059,173,127,46
115000061,174,131,43
115000062,173,329,-156
115000063,222,397,-175
115000064,183,255,-72
115000065,34,258,-224
115000067,273,24,249
115000069,72,492,-420
115000070,39,964,-925
115000071,125,13,112
115000072,10,82,-72
115000073,1299,73,1226
115000075,49,54,-5
115000076,3401,4163,-762
115000077,1242,4435,-3193
115000078,797,2329,-1532
115000079,947,2611,-1664
115000080,1757,3119,-1362
115000081,426,1158,-732
115000082,3000,3508,-508
115000083,1789,4216,-2427
115000084,1252,1264,-12
115000085,615,1267,-652
115000086,698,1192,-494
115000087,682,1778,-1096
115000088,1699,756,943
115000089,1679,1719,-40
115000090,913,764,149
115000091,356,1671,-1315
115000092,361,360,1
115000093,448,3,445
115000094,10597,5527,5070
115000095,7969,4745,3224
115000096,506,2890,-2384
115000097,647,858,-211
115000098,804,1019,-215
115000099,1850,4494,-2644
115000100,696,671,25
115000101,333,1928,-1595
115000102,306,253,53
115000103,348,1187,-839
115000105,81,269,-188
115000106,372,324,48
115000107,167,690,-523
115000108,4798,3122,1676
115000109,6973,3202,3771
115000110,1272,981,291
115000111,747,1702,-955
115000112,670,648,22
115000113,804,942,-138
115000114,2067,924,1143
115000116,3910,1589,2321
115000117,4545,2131,2414
115000118,1895,1512,383
115000119,1756,1815,-59
115000120,626,827,-201
115000121,1897,851,1046
115000122,4923,1393,3530
115000123,2565,1739,826
115000124,689,951,-262
115000125,405,590,-185
115000126,132,324,-192
115000127,325,141,184
115000128,1346,820,526
115000129,226,181,45
115000130,286,1626,-1340
115000131,506,296,210
115000132,109,638,-529
115000133,260,529,-269
115000134,184,281,-97
115000135,230,350,-120
115000136,147,218,-71
115000137,62,242,-180
115000138,141,237,-96
115000139,180,317,-137
115000140,207,261,-54
115000141,167,464,-297
115000142,101,485,-384
115000143,382,547,-165
115000144,342,107,235
115000145,166,535,-369
115000146,293,290,3
115000147,497,693,-196
115000148,300,1914,-1614
115000149,408,288,120
115000150,774,1551,-777
115000151,580,545,35
115000152,602,2203,-1601
115000153,584,588,-4
115000154,419,379,40
115000155,637,1484,-847
115000156,1104,574,530
115000157,1058,1168,-110
115000158,842,422,420
115000159,797,592,205
115000160,725,805,-80
115000161,554,766,-212
115000162,671,584,87
115000163,709,655,54
115000164,753,507,246
115000165,336,366,-30
115000167,115,57,58
115000168,586,297,289
115000169,744,354,390
115000170,119,132,-13
115000171,195,138,57
115000172,2193,645,1548
115000173,314,359,-45
115000174,96,226,-130
115000175,77,117,-40
115000176,236,165,71
115000177,252,186,66
115000178,8,294,-286
115000179,22,46,-24
115000180,85,893,-808
115000181,330,132,198
115000182,495,494,1
115000183,245,1332,-1087
115000186,561,355,206
115000187,170,781,-611
115000188,427,502,-75
115000189,321,543,-222
115000190,863,495,368
115000191,309,540,-231
115000194,237,158,79
115000195,335,252,83
115000196,82,138,-56
115000197,138,496,-358
115000198,216,287,-71
115000199,150,414,-264
115000200,234,129,105
115000201,138,431,-293
115000206,268,127,141
115000207,83,499,-416
115000208,715,1007,-292
115000209,506,193,313
115000210,108,140,-32
115000211,243,327,-84
115000212,1538,360,1178
115000224,192,84,108
115000225,96,71,25
115000229,277,203,74
115000230,86,594,-508
115000231,340,3273,-2933
115000232,835,510,325
115000233,112,264,-152
115000234,13,297,-284
115000241,48,393,-345
115000242,75,384,-309
115000243,25,396,-371
115000244,9,113,-104
115000246,46,11,35
115000247,16,11,5
115000248,7,8,-1
115000249,71,15,56
115000250,187,82,105
115000251,147,154,-7
115000252,45,247,-202
115000253,16,242,-226
115000258,206,227,-21
115000259,364,245,119
115000261,16,28,-12
115000262,11,27,-16
115000263,14,41,-27
115000264,14,55,-41
115000267,54,76,-22
115000268,56,96,-40
115000269,111,78,33
115000270,3,27,-24
115000272,84,213,-129
115000273,421,29,392
115000280,3011,122,2889
115000281,1071,218,853
115000282,2401,562,1839
115000284,310,59,251
115000296,630,10,620
115000297,252,123,129
115000298,127,235,-108
115000300,111,243,-132
115000302,208,279,-71
115000303,444,190,254
115000304,502,113,389
115000305,82,1512,-1430
115000306,114,637,-523
115000307,56,359,-303
115000308,74,44,30
115000309,18,11,7
115000310,724,1429,-705
115000311,496,1603,-1107
115000313,115,975,-860
115000314,245,90,155
115000315,1407,495,912
115000316,65,97,-32
115000317,164,842,-678
115000318,681,302,379
115000319,56,360,-304
115000320,13,354,-341
115000321,470,8,462
115000322,69,370,-301
115000449,465,182,283
115000557,1,700,-699
115000558,236,72,164
115000587,331,410,-79
115000588,2301,4467,-2166
115000589,2571,2879,-308
115000590,880,2014,-1134
115000591,1111,863,248
115000592,715,1723,-1008
115000593,1402,649,753
115000594,989,1742,-753
115000609,58,125,-67
115000617,3020,1932,1088
115000624,187,119,68
115000633,424,2036,-1612
115000634,2910,1089,1821
115000635,268,158,110
115000638,1447,797,650
115000641,76,169,-93
115000642,444,283,161
115000643,135,566,-431
115000644,157,522,-365
115000646,756,1204,-448
115000647,153,551,-398
115000648,978,2016,-1038
115000893,3462,1120,2342
115000894,85,1393,-1308
115000895,344,931,-587
115000896,846,359,487
115000897,527,96,431
115000898,823,281,542
115000899,1079,1218,-139
115000900,132,386,-254
115000901,88,112,-24
115000912,214,81,133
115000913,4,64,-60
115000915,33,0,33
115000916,8,1,7
115000917,0,4,-4
115000918,69,257,-188
115000919,14,18,-4
115000920,16,44,-28
115000921,1583,91,1492
115000922,934,558,376
115000923,398,829,-431
115000925,45,67,-22
115000927,26,29,-3
115000933,311,135,176
115000934,66,244,-178
115000935,121,137,-16
115000936,43,241,-198
115000937,679,144,535
115000938,52,96,-44
115000939,74,123,-49
115900001,35,99,-64
115900002,128,223,-95
115900003,127,145,-18
115900004,3,87,-84
115900005,134,10,124
115900006,84,530,-446
115900008,16,16,0
115900009,106,393,-287
115900010,156,316,-160
115900011,260,323,-63
115900012,66,137,-71
115900013,495,202,293
115900014,127,248,-121
115900015,46,161,-115
115900016,82,25,57
115900017,0,8,-8
115900018,187,124,63
115900019,650,11,639
115900020,46,1,45
115900021,2105,105,2000
115900022,2709,11,2698
115900023,47,0,47
115900025,123,383,-260
115900026,983,457,526
115900027,0,494,-494
115900028,742,94,648
115900029,16,638,-622
115900030,83,11,72
115900031,377,215,162
115900032,350,1084,-734
115900033,0,44,-44
115900034,24,815,-791
115900035,40,154,-114
115900036,287,355,-68
115900037,44,672,-628
115900038,14,3,11
115900039,125,415,-290
115900041,436,386,50
115900042,14,9,5
115900043,111,202,-91
115900044,262,296,-34
115900046,230,368,-138
115900047,92,42,50
115900049,128,255,-127
115900051,1,37,-36
115900052,16,358,-342
115900053,120,337,-217
115900054,92,52,40
115900055,12,196,-184
115900056,127,588,-461
115900057,5,3,2
115900058,25,111,-86
115900060,20,165,-145
115900061,110,0,110
115900062,23,387,-364
115900063,58,11,47
115900064,159,258,-99
115900065,55,167,-112
115900066,236,213,23
115900067,10,1141,-1131
115900068,4615,384,4231
115900069,66,238,-172
115900070,75,349,-274
115900071,4,815,-811
115900072,86,301,-215
115900073,38,68,-30
115900074,7,483,-476
115900075,17,426,-409
115900076,9,114,-105
115900077,6,468,-462
115900078,37,181,-144
115900079,131,11,120
115900080,746,296,450
115900081,16,112,-96
115900082,260,194,66
115900084,219,44,175
115900085,93,73,20
115900086,2011,612,1399
115900088,42,50,-8
115900089,157,1004,-847
115900090,163,30,133
115900091,11,24,-13
115900092,30,326,-296
115900093,1,22,-21
115900094,6,522,-516
115900096,0,19,-19
115900097,16,705,-689
115900098,115,648,-533
115900099,44,113,-69
115900100,7,766,-759
115900101,145,638,-493
115900102,24,139,-115
115900103,257,335,-78
115900104,29,245,-216
115900105,108,990,-882
115900106,27,40,-13
115900107,27,343,-316
115900108,79,44,35
115900109,50,509,-459
115900110,0,33,-33
115900111,2,88,-86
115900112,44,1292,-1248
115900113,62,37,25
115900114,5,197,-192
115900115,52,157,-105
115900116,67,1450,-1383
115900117,63,37,26
115900118,4,566,-562
115900119,118,144,-26
115900120,27,576,-549
115900121,105,313,-208
115900124,260,385,-125
115900125,206,57,149
115900126,462,68,394
115900127,418,61,357
115900128,9,77,-68
115900129,559,41,518
115900130,25,182,-157
115900131,193,35,158
115900132,260,9,251
115900134,205,12,193
115900135,530,681,-151
115900137,12,3,9
115900139,75,109,-34
115900140,155,21,134
115900141,6,72,-66
115900142,9,22,-13
115900143,136,397,-261
115900144,91,284,-193
115900146,8,163,-155
115900147,156,244,-88
115900148,6,5,1
115900149,42,30,12
115900150,21,88,-67
115900151,17,79,-62
115900152,72,486,-414
115900153,77,318,-241
115900154,806,359,447
115900155,0,123,-123
115900156,524,913,-389
115900157,96,490,-394
115900158,51,9,42
115900159,55,302,-247
115900160,8,6,2
115900161,48,292,-244
115900163,129,173,-44
115900164,185,66,119
115900165,1,156,-155
115900166,241,328,-87
115900168,38,219,-181
115900171,111,536,-425
115900172,49,203,-154
115900173,169,184,-15
115900174,372,192,180
115900175,78,205,-127
115900178,5,937,-932
115900179,153,30,123
115900180,77,544,-467
115900181,125,334,-209
115900182,225,394,-169
115900183,106,36,70
115900184,1882,27,1855
115900187,2,104,-102
115900189,0,142,-142
115900190,566,883,-317
115900191,64,548,-484
115900192,9,84,-75
115900193,95,68,27
115900194,387,38,349
115900195,655,1004,-349
115900198,220,265,-45
115900199,157,305,-148
115900200,305,461,-156
115900201,398,244,154
115900202,3,19,-16
115900203,1,16,-15
115900204,1,6,-5
115900205,28,6,22
115900206,63,180,-117
115900207,13,15,-2
115900208,84,435,-351
115900209,3,143,-140
115900210,5,215,-210
115900211,2,291,-289
115900212,72,326,-254
115900213,31,51,-20
115900214,256,365,-109
115900215,30,34,-4
115900216,8,92,-84
115900217,2,92,-90
115900218,1,61,-60
115900219,35,17,18
115900220,82,9,73
115900221,46,19,27
115900222,46,14,32
115900223,9,134,-125
115900224,1902,540,1362
115900225,72,54,18
115900226,45,55,-10
115900227,19,53,-34
115900228,6,45,-39
115900229,9,77,-68
115900230,77,135,-58
115900231,82,3,79
115900232,40,1,39
115900233,57,2,55
115900234,44,20,24
115900235,4,21,-17
115900236,20,11,9
115900237,16,31,-15
115900238,12,15,-3
115900239,14,34,-20
115900240,6,67,-61
115900241,129,131,-2
115900242,185,193,-8
115900243,13,12,1
115900244,32,18,14
115900245,12,22,-10
115900246,12,10,2
115900247,9,3,6
115900248,6,9,-3
115900249,2,8,-6
115900250,17,16,1
115900251,0,8,-8
115900252,1,1,0
115900253,7,5,2
115900254,14,23,-9
115900255,6,16,-10
115900256,17,13,4
115900257,0,3,-3
115900258,1,3,-2
115900259,8,1,7
115900260,16,3,13
115900261,8,0,8
115900262,1,0,1
115900263,9,3,6
115900264,15,5,10
115900265,3,8,-5
115900266,9,8,1
115900267,5,10,-5
115900268,10,7,3
115900269,259,541,-282
115900270,261,987,-726
115900271,30,0,30
115900272,22,0,22
115900273,8,2,6
115900274,1,33,-32
115900275,0,42,-42
115900276,0,136,-136
115900277,0,148,-148
115900278,15,146,-131
115900279,5,177,-172
115900280,15,230,-215
115900281,549,155,394
115900282,12,7,5
116000001,19863,5825,14038
116000002,4366,5933,-1567
116000003,1542,2041,-499
116000004,1635,2120,-485
116000005,3002,3981,-979
116000006,1767,1462,305
116000007,5087,5136,-49
116000008,4452,1810,2642
116000009,1849,3152,-1303
116000010,1518,1050,468
116000011,892,2181,-1289
116000012,781,601,180
116000013,18607,4914,13693
116000014,21605,7763,13842
116000015,840,1122,-282
116000016,10138,2550,7588
116000017,35,551,-516
116000018,920,459,461
116000019,623,299,324
116000020,444,1325,-881
116000021,298,292,6
116000022,278,613,-335
116000023,831,593,238
116000024,692,1886,-1194
116000025,673,582,91
116000026,1721,2938,-1217
116000027,690,568,122
116000028,455,621,-166
116000029,1015,668,347
116000030,505,414,91
116000031,174,224,-50
116000032,343,277,66
116000033,287,693,-406
116000034,614,1050,-436
116000035,335,712,-377
116000036,2385,740,1645
116000037,735,555,180
116000038,639,335,304
116000039,949,421,528
116000040,996,435,561
116000041,404,609,-205
116000042,489,333,156
116000043,140,588,-448
116000044,8,86,-78
116000045,1646,1069,577
116000046,1321,983,338
116000047,2281,1904,377
116000048,2057,1755,302
116000049,1048,1959,-911
116000050,1446,1532,-86
116000051,3661,1848,1813
116000052,4166,3964,202
116000053,1630,1082,548
116000054,623,2206,-1583
116000055,411,1377,-966
116000056,610,1146,-536
116000057,3529,2143,1386
116000058,4153,2296,1857
116000059,4445,4843,-398
116000060,2875,959,1916
116000061,438,793,-355
116000062,647,310,337
116000063,503,1093,-590
116000066,163,497,-334
116000067,291,678,-387
116000068,201,219,-18
116000069,264,507,-243
116000078,312,1116,-804
116000080,1241,1247,-6
116000082,5,147,-142
116000083,996,353,643
116000084,2875,4884,-2009
116000085,1769,1248,521
116000086,2537,1478,1059
116000087,969,1218,-249
116000088,1097,1826,-729
116000089,166,160,6
116000090,123,145,-22
116000091,163,93,70
116000093,577,1446,-869
116000094,361,863,-502
116000095,473,1010,-537
116000096,547,1308,-761
116000097,500,982,-482
116000098,348,4140,-3792
116000099,11229,360,10869
116000100,133,15,118
116000101,495,1934,-1439
116000102,192,1819,-1627
116000103,503,334,169
116000104,208,2095,-1887
116000105,765,209,556
116000106,320,1426,-1106
116000107,1518,543,975
116000108,91,204,-113
116000111,69,22,47
116000113,121,95,26
116000114,26,202,-176
116000115,208,76,132
116000116,272,766,-494
116000117,913,2120,-1207
116000118,981,1827,-846
116000119,2121,1712,409
116000120,2732,5567,-2835
116000121,561,480,81
116000122,1586,3178,-1592
116000123,601,531,70
116000124,320,1569,-1249
116000125,1959,683,1276
116000126,327,1899,-1572
116000127,1326,2157,-831
116000128,1071,844,227
116000129,684,257,427
116000130,293,263,30
116000133,409,1086,-677
116000134,1583,3784,-2201
116000135,1177,1397,-220
116000136,1079,3193,-2114
116000137,535,597,-62
116000138,1552,580,972
116000139,1574,2578,-1004
116000140,90,220,-130
116000141,384,1202,-818
116000142,4275,4539,-264
116000143,1738,1400,338
116000144,1111,3424,-2313
116000145,1433,1611,-178
116000146,300,482,-182
116000147,223,113,110
116000148,294,435,-141
116000149,359,606,-247
116000151,512,1217,-705
116000153,67,429,-362
116000155,269,300,-31
116000156,721,2350,-1629
116000157,20,22,-2
116000158,391,380,11
116000159,4,15,-11
116000160,16,197,-181
116000161,11,150,-139
116000162,229,86,143
116000163,20,19,1
116000164,22,24,-2
116000177,106,102,4
116000194,59,542,-483
116000195,1626,740,886
116000196,15,9,6
116000197,6,9,-3
116000198,2682,1115,1567
116000200,880,200,680
116000201,821,827,-6
116000202,6,405,-399
116000203,11,99,-88
116000204,10,73,-63
116000205,1,199,-198
116000206,1,138,-137
116000207,0,37,-37
116000233,164,1099,-935
116000287,104,797,-693
116000288,89,297,-208
116000292,37,197,-160
116000296,12,270,-258
116000297,53,5,48
116000304,54,39,15
116000305,9,153,-144
116000346,175,233,-58
116000352,153,78,75
116000354,65,12,53
116000357,32,13,19
116000358,154,61,93
116000361,123,5,118
116000372,9232,2559,6673
116000381,74,0,74
116000388,0,45,-45
116000389,644,642,2
116000445,259,1102,-843
116000446,274,1497,-1223
116000447,24,540,-516
116000448,630,319,311
116000563,1587,778,809
116000565,74,595,-521
116000568,97,192,-95
116000579,24,127,-103
116000584,10,23,-13
116000585,20,26,-6
116000586,269,137,132
116000587,453,832,-379
116000589,24,95,-71
116000590,59,89,-30
116000591,105,425,-320
116000592,7,196,-189
116000593,0,54,-54
116000594,315,786,-471
116000595,525,201,324
116000596,64,15,49
116000597,183,70,113
116000598,24,288,-264
116000602,98,427,-329
116000605,308,215,93
116000606,51,212,-161
116000607,6,126,-120
116000609,302,742,-440
116000611,90,735,-645
116000612,631,1737,-1106
116000613,335,327,8
116000614,462,1052,-590
116000615,0,126,-126
116000616,49,167,-118
116000617,72,167,-95
116000618,0,225,-225
116000619,20,57,-37
116000620,61,41,20
116000621,36,145,-109
116000622,27,186,-159
116000624,80,83,-3
116000627,25,40,-15
116000628,25,1199,-1174
116000629,11,845,-834
116000630,158,155,3
116000631,58,99,-41
116000632,189,699,-510
116000633,21,874,-853
116000634,173,24,149
116000635,2300,1391,909
116000636,999,981,18
116000637,78,8,70
116000638,10,534,-524
116900001,226,191,35
116900002,311,3,308
116900003,15,108,-93
116900004,37,56,-19
116900005,175,66,109
116900006,158,159,-1
116900007,105,260,-155
116900008,295,651,-356
116900009,10,7,3
116900010,4,2499,-2495
116900011,16,71,-55
116900012,152,296,-144
116900013,2,300,-298
116900014,62,573,-511
116900015,181,110,71
116900016,101,1,100
116900017,4,960,-956
116900018,46,76,-30
116900019,5,607,-602
116900020,2352,516,1836
116900023,89,17,72
116900024,338,103,235
116900025,498,1500,-1002
116900026,278,947,-669
116900027,17,67,-50
116900028,2,175,-173
116900029,0,26,-26
116900031,1,20,-19
116900032,27,537,-510
116900033,14,14,0
116900034,10,91,-81
116900035,106,235,-129
116900036,1,121,-120
116900038,8,6,2
116900041,55,10,45
116900042,1238,257,981
116900043,11,74,-63
116900047,133,79,54
116900049,58,407,-349
116900050,74,566,-492
116900051,50,443,-393
116900052,166,92,74
116900055,0,5,-5
116900057,24,416,-392
116900058,21,458,-437
116900059,2,240,-238
116900060,214,258,-44
116900062,1,5,-4
116900064,67,1393,-1326
116900065,9,131,-122
116900067,79,203,-124
116900068,110,447,-337
116900070,1,6,-5
116900072,17,666,-649
116900073,3,246,-243
116900074,4,94,-90
116900076,14,45,-31
116900077,10,290,-280
116900078,266,227,39
116900079,23,501,-478
116900080,18,36,-18
116900081,417,1726,-1309
116900082,281,1063,-782
116900083,80,91,-11
116900084,183,54,129
116900085,33,215,-182
116900086,32,330,-298
116900088,472,65,407
116900090,192,77,115
116900091,139,94,45
116900092,98,1039,-941
116900093,2075,2258,-183
116900094,7643,2743,4900
116900095,257,212,45
116900096,125,174,-49
116900097,4824,1931,2893
116900098,1059,331,728
116900099,782,445,337
116900100,462,21,441
116900101,298,792,-494
116900103,10,2,8
116900104,30,63,-33
116900105,217,52,165
116900106,926,304,622
116900107,5622,1568,4054
116900110,28,3,25
116900111,217,1559,-1342
116900112,171,1442,-1271
116900113,4124,1084,3040
116900116,138,424,-286
116900117,13,123,-110
116900118,1172,700,472
116900120,137,225,-88
116900121,33,61,-28
116900122,417,1389,-972
116900123,126,1338,-1212
116900124,202,1083,-881
116900125,211,406,-195
116900126,384,607,-223
116900128,0,60,-60
116900129,3,445,-442
116900130,1305,1993,-688
116900131,99,207,-108
116900132,17,106,-89
116900133,83,129,-46
116900134,126,255,-129
116900136,178,187,-9
116900137,232,246,-14
116900138,141,272,-131
116900139,87,464,-377
116900140,159,258,-99
116900141,504,425,79
116900142,4,29,-25
116900143,238,605,-367
116900144,30,44,-14
116900145,79,463,-384
116900147,675,327,348
116900148,1,21,-20
116900149,29,148,-119
116900150,13,6,7
116900151,93,17,76
116900153,60,64,-4
116900154,702,304,398
116900155,70,71,-1
116900157,242,438,-196
116900158,79,123,-44
116900159,47,261,-214
116900160,824,323,501
116900161,10833,4419,6414
116900162,9,179,-170
116900163,86,231,-145
116900164,57,66,-9
116900165,201,107,94
116900166,13,162,-149
116900167,276,92,184
116900168,160,115,45
116900169,834,290,544
116900170,281,253,28
116900171,25,340,-315
116900172,245,128,117
116900173,91,69,22
116900174,20,22,-2
116900175,196,132,64
116900178,24,233,-209
116900179,123,158,-35
116900180,82,46,36
116900182,368,244,124
116900183,95,90,5
116900185,10,23,-13
116900186,80,477,-397
116900187,23,28,-5
116900188,95,12,83
116900189,54,0,54
116900191,374,520,-146
116900192,160,297,-137
116900194,90,628,-538
116900195,33,16,17
116900196,15,134,-119
116900197,50,4,46
116900198,343,172,171
116900200,28,29,-1
116900201,51,7,44
116900202,178,73,105
116900203,146,4,142
116900204,44,94,-50
116900206,1,32,-31
116900207,35,34,1
116900208,10,183,-173
116900209,16,214,-198
116900210,391,300,91
116900211,185,19,166
116900212,22,142,-120
116900213,201,290,-89
116900214,101,158,-57
116900215,32,110,-78
116900216,216,447,-231
116900218,13,437,-424
116900219,1045,439,606
116900220,65,250,-185
116900221,62,297,-235
116900222,398,370,28
116900223,103,264,-161
116900226,54,128,-74
116900227,114,82,32
116900228,195,381,-186
116900230,43,514,-471
116900231,22,654,-632
116900232,10,778,-768
116900233,119,109,10
116900234,15,5,10
116900235,116,452,-336
116900238,1757,370,1387
116900239,130,1057,-927
116900240,8021,2851,5170
116900241,73,216,-143
116900242,532,265,267
116900243,3,203,-200
116900245,28,6,22
116900246,72,6,66
116900247,362,23,339
116900248,61,23,38
116900249,140,165,-25
116900250,206,40,166
116900251,540,250,290
116900252,71,1308,-1237
116900253,78,103,-25
116900254,11,122,-111
116900255,100,28,72
116900256,227,126,101
116900257,17,958,-941
116900258,2,498,-496
116900259,66,8,58
116900260,0,151,-151
116900261,26,4,22
116900262,116,167,-51
116900263,0,21,-21
116900264,1,7,-6
116900265,14,1,13
116900266,17,111,-94
116900267,0,3,-3
116900268,12,17,-5
116900269,258,609,-351
116900271,2929,83,2846
116900272,534,668,-134
116900273,291,66,225
116900274,64,95,-31
116900275,102,147,-45
116900276,1473,60,1413
116900277,836,40,796
116900278,3,17,-14
116900279,2,22,-20
116900280,11,54,-43
116900281,9722,2492,7230
116900282,7,258,-251
116900283,20,235,-215
116900284,21,329,-308
116900285,541,213,328
116900286,272,5,267
116900287,5,112,-107
116900288,51,177,-126
116900289,2,49,-47
116900290,1,70,-69
116900291,6,11,-5
116900292,0,8,-8
116900293,26,139,-113
116900294,40,149,-109
116900295,176,107,69
116900296,45,74,-29
116900297,6,65,-59
116900298,119,33,86
116900299,58,73,-15
116900300,12,351,-339
116900301,88,99,-11
116900302,57,37,20
116900303,577,41,536
116900304,0,135,-135
116900305,14,63,-49
116900306,72,170,-98
117000001,1402,1222,180
117000002,1791,4846,-3055
117000003,6933,3008,3925
117000004,5421,6413,-992
117000005,1395,1518,-123
117000006,1139,4797,-3658
117000007,2485,1263,1222
117000008,1402,5694,-4292
117000009,4199,1634,2565
117000010,3178,5668,-2490
117000011,1292,1879,-587
117000012,1090,2158,-1068
117000013,948,1297,-349
117000014,916,3096,-2180
117000015,3176,1283,1893
117000016,595,88,507
117000017,561,200,361
117000018,230,418,-188
117000019,195,2,193
117000020,860,1123,-263
117000021,3797,511,3286
117000022,682,66,616
117000023,622,113,509
117000024,702,103,599
117000025,1135,755,380
117000026,3580,905,2675
117000027,3869,1741,2128
117000028,4705,858,3847
117000030,999,727,272
117000031,403,290,113
117000032,1968,1848,120
117000033,1270,916,354
117000034,379,460,-81
117000035,237,244,-7
117000036,501,476,25
117000037,269,200,69
117000038,302,662,-360
117000039,413,374,39
117000040,149,1957,-1808
117000041,540,161,379
117000044,21,1601,-1580
117000045,301,70,231
117000046,504,919,-415
117000047,562,492,70
117000048,2566,1964,602
117000049,193,441,-248
117000050,121,3661,-3540
117000051,1492,185,1307
117000052,13,873,-860
117000053,207,97,110
117000054,1282,2,1280
117000055,18,4962,-4944
117000056,512,48,464
117000057,766,2888,-2122
117000060,442,2208,-1766
117000061,1387,787,600
117000062,269,724,-455
117000063,1483,752,731
117000064,1063,1036,27
117000066,1882,1126,756
117000067,178,390,-212
117000074,245,175,70
117000076,105,63,42
117000077,151,156,-5
117000078,142,808,-666
117000079,278,191,87
117000080,1,422,-421
117000081,800,119,681
117000082,22,70,-48
117000083,102,9,93
117000084,358,1,357
117000085,201,626,-425
117000086,1244,851,393
117000087,122,661,-539
117000088,234,228,6
117000089,1233,408,825
117000090,253,1867,-1614
117000091,514,359,155
117000092,339,2343,-2004
117000093,942,742,200
117000094,856,3393,-2537
117000095,2269,921,1348
117000096,649,3440,-2791
117000097,1024,1286,-262
117000098,3279,7436,-4157
117000099,2340,1062,1278
117000100,184,226,-42
117000101,226,1771,-1545
117000102,1350,704,646
117000103,842,2611,-1769
117000104,1178,730,448
117000105,933,2613,-1680
117000106,866,955,-89
117000107,615,2803,-2188
117000108,1284,1023,261
117000109,2044,3975,-1931
117000110,1295,842,453
117000111,3726,5537,-1811
117000112,2798,2422,376
117000113,163,467,-304
117000114,149,160,-11
117000115,81,268,-187
117000116,83,280,-197
117000117,1567,789,778
117000118,306,154,152
117000119,729,60,669
117000120,363,161,202
117000121,248,494,-246
117000122,850,964,-114
117000123,2237,35,2202
117000124,976,42,934
117000125,468,61,407
117000126,66,54,12
117000127,232,401,-169
117000128,647,780,-133
117000129,513,188,325
117000130,131,0,131
117000131,1,45,-44
117000132,1552,24,1528
117000133,807,304,503
117000134,2,76,-74
117000135,11,36,-25
117000136,1,50,-49
117000137,61,87,-26
117000138,7,889,-882
117000140,533,2289,-1756
117000141,1529,703,826
117000181,1271,562,709
117000182,280,211,69
117000195,225,1782,-1557
117000196,130,76,54
117000225,171,7,164
117000226,2,104,-102
117000276,183,4,179
117000277,2,873,-871
117000310,2472,3170,-698
117000315,55,853,-798
117000320,77,0,77
117000906,179,10,169
117000907,14,634,-620
117000908,99,16,83
117000909,81,28,53
117000910,159,152,7
117000911,136,230,-94
117000915,13,858,-845
117000916,8,2,6
117000917,666,26,640
117000918,37,70,-33
117000919,5,199,-194
117000920,7,2221,-2214
117000921,11,2757,-2746
117000922,54,144,-90
117000924,251,692,-441
117000926,1554,106,1448
117000927,2522,518,2004
117000928,4,332,-328
117000929,89,711,-622
117000930,111,17,94
117000931,830,113,717
117900002,143,464,-321
117900003,1091,523,568
117900005,6,9,-3
117900006,0,29,-29
117900007,81,219,-138
117900008,0,30,-30
117900010,352,163,189
117900011,67,6,61
117900012,48,237,-189
117900013,4,428,-424
117900014,419,269,150
117900015,30,267,-237
117900016,1674,496,1178
117900017,476,591,-115
117900018,297,43,254
117900019,279,688,-409
117900020,71,312,-241
117900021,38,152,-114
117900022,22,16,6
117900023,862,289,573
117900024,107,202,-95
117900025,29,22,7
117900026,285,618,-333
117900028,81,1,80
117900029,220,1502,-1282
117900030,265,163,102
117900031,280,109,171
117900032,722,497,225
117900033,148,1114,-966
117900034,22,61,-39
117900035,142,88,54
117900036,171,853,-682
117900037,78,143,-65
117900038,20,584,-564
117900039,10,103,-93
117900040,109,761,-652
117900041,6,57,-51
117900042,5580,498,5082
117900043,42,71,-29
117900044,102,3130,-3028
117900045,175,124,51
117900048,178,439,-261
117900049,104,877,-773
117900050,11,60,-49
117900051,66,6,60
117900052,61,305,-244
117900053,842,896,-54
117900054,0,24,-24
117900055,197,221,-24
117900056,625,56,569
117900057,956,1568,-612
117900058,132,17,115
117900059,475,95,380
117900060,952,7563,-6611
117900061,16,205,-189
117900063,264,296,-32
117900065,805,1534,-729
117900066,13,46,-33
117900067,290,397,-107
117900069,487,624,-137
117900070,417,9,408
117900071,77,159,-82
117900073,236,535,-299
117900074,233,5,228
117900075,80,101,-21
117900076,19,46,-27
117900077,209,190,19
117900078,302,481,-179
117900080,202,84,118
117900081,714,530,184
117900082,267,333,-66
117900083,212,882,-670
117900086,89,51,38
117900087,81,65,16
117900088,3344,2473,871
117900089,1295,426,869
117900090,265,1153,-888
117900091,193,230,-37
117900092,47,58,-11
117900093,35,80,-45
117900094,28,8,20
117900095,296,725,-429
117900096,44,266,-222
117900097,344,101,243
117900098,8,5,3
117900099,131,604,-473
117900100,95,2,93
117900101,499,1132,-633
117900102,38,87,-49
117900103,26,0,26
117900104,6,187,-181
117900105,154,300,-146
117900106,59,78,-19
117900107,21,0,21
117900109,347,397,-50
117900110,27,2,25
117900111,188,8,180
117900112,46,19,27
117900113,5359,1832,3527
117900114,7,0,7
117900115,443,43,400
117900116,999,1030,-31
117900117,374,467,-93
117900118,14,0,14
117900119,82,395,-313
117900120,88,158,-70
117900121,39,34,5
117900122,1320,1928,-608
117900123,665,1022,-357
117900124,765,788,-23
117900125,1532,1201,331
117900126,346,778,-432
117900127,405,865,-460
117900128,247,1332,-1085
117900129,12,0,12
117900130,856,443,413
117900131,3,168,-165
117900132,9,151,-142
117900133,3,191,-188
117900134,112,350,-238
117900135,13,316,-303
117900136,0,77,-77
117900137,32,453,-421
117900138,0,92,-92
117900139,62,169,-107
117900140,6306,354,5952
117900141,236,270,-34
117900142,65,10,55
117900144,139,149,-10
117900145,100,6,94
117900146,199,132,67
117900147,43,72,-29
117900148,3540,997,2543
117900149,50,215,-165
117900150,37,136,-99
117900151,32,187,-155
117900152,162,95,67
117900153,15,118,-103
117900154,283,859,-576
117900156,990,934,56
117900157,63,563,-500
117900158,148,108,40
117900160,390,395,-5
117900161,3215,3267,-52
117900162,257,465,-208
117900163,57,20,37
117900165,0,12,-12
117900166,143,265,-122
117900168,48,187,-139
117900169,0,145,-145
117900170,6,29,-23
117900171,2,27,-25
117900172,12,42,-30
117900173,156,58,98
117900174,37,53,-16
117900175,2,39,-37
117900176,7,81,-74
117900177,26,76,-50
117900178,90,28,62
117900180,254,18,236
117900181,191,270,-79
117900182,5,20,-15
117900183,33,169,-136
117900184,7,63,-56
117900185,19,68,-49
117900186,48,28,20
117900187,17,17,0
117900188,248,17,231
117900189,57,23,34
117900190,13,1,12
117900191,91,1,90
117900192,167,0,167
117900193,2,68,-66
117900194,9,5,4
117900195,32,67,-35
117900196,15,35,-20
117900207,137,122,15
117900208,28,67,-39
117900209,210,197,13
117900210,184,191,-7
117900211,7,252,-245
117900212,122,213,-91
117900213,20,23,-3
117900214,4,60,-56
117900215,19,48,-29
117900216,58,6,52
117900217,163,100,63
117900218,208,260,-52
117900219,10,56,-46
117900220,146,101,45
117900222,134,324,-190
117900223,91,187,-96
118000001,870,544,326
118000002,1316,2154,-838
118000003,1916,1337,579
118000004,2978,2241,737
118000005,8659,2888,5771
118000006,11208,8430,2778
118000007,8217,3017,5200
118000008,6281,3814,2467
118000009,2454,3200,-746
118000010,4150,4664,-514
118000011,960,3413,-2453
118000012,1114,3543,-2429
118000013,3404,3515,-111
118000014,2068,3500,-1432
118000016,231,557,-326
118000017,279,329,-50
118000018,310,716,-406
118000019,2228,1418,810
118000020,1970,1703,267
118000021,730,2067,-1337
118000022,2436,683,1753
118000023,1198,290,908
118000024,2658,839,1819
118000027,24898,7527,17371
118000029,1683,657,1026
118000032,2220,2170,50
118000033,3105,2780,325
118000034,6368,2305,4063
118000035,1695,1771,-76
118000036,1123,918,205
118000037,652,1031,-379
118000038,169,112,57
118000039,92,507,-415
118000040,1452,2455,-1003
118000041,2033,1729,304
118000045,746,142,604
118000046,2371,711,1660
118000047,2039,538,1501
118000048,4033,1408,2625
118000051,3425,2344,1081
118000052,2456,1160,1296
118000053,1305,1544,-239
118000054,3513,3018,495
118000055,3239,3134,105
118000056,380,454,-74
118000057,592,584,8
118000058,4218,1550,2668
118000059,2619,998,1621
118000060,758,849,-91
118000061,686,1628,-942
118000062,673,314,359
118000063,388,551,-163
118000064,1019,1398,-379
118000065,5710,1774,3936
118000066,922,1209,-287
118000067,1191,808,383
118000068,2136,3898,-1762
118000069,3882,1307,2575
118000070,8686,1683,7003
118000071,4615,5394,-779
118000072,2458,1169,1289
118000073,2994,540,2454
118000074,428,661,-233
118000075,1101,332,769
118000076,1228,1295,-67
118000077,1535,1313,222
118000078,1909,1693,216
118000079,337,431,-94
118000080,1259,943,316
118000081,1640,1232,408
118000082,346,863,-517
118000083,2426,1352,1074
118000084,2696,1531,1165
118000086,228,593,-365
118000087,7631,3076,4555
118000088,2142,2001,141
118000089,4512,2672,1840
118000090,2303,2769,-466
118000091,1873,1785,88
118000092,1475,435,1040
118000093,159,789,-630
118000096,525,607,-82
118000097,637,491,146
118000098,220,205,15
118000099,333,1100,-767
118000101,706,343,363
118000102,282,1665,-1383
118000107,4147,599,3548
118000108,783,1357,-574
118000110,0,31,-31
118000111,2,797,-795
118000112,174,1,173
118000113,8,1342,-1334
118000114,159,7,152
118000115,34,16,18
118000116,55,0,55
118000117,1294,1006,288
118000118,761,766,-5
118000119,684,1213,-529
118000120,1600,1998,-398
118000121,77,607,-530
118000122,1242,301,941
118000123,53,317,-264
118000125,2069,1465,604
118000126,647,1587,-940
118000127,1781,703,1078
118000128,716,1353,-637
118000129,827,361,466
118000130,3114,4556,-1442
118000131,757,1219,-462
118000132,1918,1464,454
118000133,500,485,15
118000135,535,326,209
118000136,117,523,-406
118000137,712,139,573
118000138,280,1161,-881
118000139,178,102,76
118000140,2550,3399,-849
118000141,1781,2341,-560
118000142,1260,2251,-991
118000143,1300,1103,197
118000144,1481,1265,216
118000145,1347,3056,-1709
118000146,1002,1438,-436
118000147,672,1974,-1302
118000148,363,1408,-1045
118000149,706,1509,-803
118000150,230,322,-92
118000151,242,523,-281
118000153,687,1280,-593
118000154,812,1684,-872
118000155,824,1380,-556
118000156,2782,2524,258
118000157,475,450,25
118000158,170,580,-410
118000159,31,70,-39
118000160,332,485,-153
118000161,338,1158,-820
118000162,1051,932,119
118000163,465,731,-266
118000164,2180,1397,783
118000168,1717,345,1372
118000169,1010,1944,-934
118000170,4150,7482,-3332
118000171,233,754,-521
118000172,107,357,-250
118000173,810,1335,-525
118000175,308,407,-99
118000176,270,454,-184
118000177,197,595,-398
118000178,87,52,35
118000179,1754,1013,741
118000180,818,950,-132
118000181,944,342,602
118000182,351,288,63
118000183,249,267,-18
118000184,524,1169,-645
118000185,1433,826,607
118000186,778,975,-197
118000187,843,1019,-176
118000188,505,297,208
118000189,295,1159,-864
118000190,11,10,1
118000191,21,76,-55
118000192,262,229,33
118000193,178,326,-148
118000194,1914,1134,780
118000195,1243,652,591
118000196,482,114,368
118000197,282,121,161
118000198,622,502,120
118000199,756,508,248
118000200,113,253,-140
118000201,568,375,193
118000202,83,74,9
118000203,1608,423,1185
118000204,207,258,-51
118000205,321,286,35
118000206,187,204,-17
118000207,1,166,-165
118000208,971,1762,-791
118000209,1417,2129,-712
118000210,45,55,-10
118000211,29,35,-6
118000213,1098,1695,-597
118000214,670,402,268
118000215,257,304,-47
118000216,1767,4443,-2676
118000217,26,112,-86
118000218,46,127,-81
118000219,558,418,140
118000220,1,21,-20
118000221,113,311,-198
118000222,90,28,62
118000223,22,42,-20
118000224,235,68,167
118000225,107,1161,-1054
118000226,739,178,561
118000227,971,270,701
118000228,191,170,21
118000229,288,40,248
118000230,78,417,-339
118000231,49,244,-195
118000232,570,1200,-630
118000233,662,1035,-373
118000234,209,401,-192
118000236,323,568,-245
118000237,61,723,-662
118000238,154,390,-236
118000239,243,320,-77
118000240,767,103,664
118000241,136,263,-127
118000242,270,820,-550
118000243,156,262,-106
118000244,28,203,-175
118000246,0,7,-7
118000255,59,239,-180
118000256,84,231,-147
118000259,9,61,-52
118000260,94,129,-35
118000261,21,134,-113
118000263,57,252,-195
118000266,105,499,-394
118000267,0,99,-99
118000268,335,19,316
118000270,31,54,-23
118000271,162,387,-225
118000272,98,45,53
118000273,115,83,32
118000274,94,468,-374
118000276,381,438,-57
118000295,4,101,-97
118000298,189,509,-320
118000299,70,236,-166
118000301,0,92,-92
118000302,60,119,-59
118000311,203,162,41
118000312,210,235,-25
118000313,17,255,-238
118000314,56,77,-21
118000315,43,110,-67
118000316,429,547,-118
118000325,40,137,-97
118000326,30,45,-15
118000331,35,75,-40
118000332,15,96,-81
118000333,29,140,-111
118000335,161,0,161
118000336,2,484,-482
118000407,100,61,39
118000457,4,36,-32
118000465,5181,3225,1956
118000480,17,145,-128
118000489,90,147,-57
118000490,137,511,-374
118000492,139,227,-88
118000510,59,28,31
118000514,205,426,-221
118000515,634,486,148
118000517,470,202,268
118000524,755,158,597
118000525,866,1110,-244
118000530,17,141,-124
118000531,134,330,-196
118000532,153,340,-187
118000533,300,174,126
118000534,463,457,6
118000535,192,147,45
118000536,1475,976,499
118000537,21,138,-117
118000538,16,143,-127
118000539,8,59,-51
118000540,355,400,-45
118000541,176,125,51
118000542,70,218,-148
118000543,261,275,-14
118000546,30,19,11
118000560,4354,1106,3248
118000562,29,565,-536
118000563,1883,1673,210
118000576,146,230,-84
118000577,127,122,5
118000578,132,137,-5
118000579,746,1097,-351
118000595,125,63,62
118000596,0,72,-72
118000597,76,129,-53
118000598,9,2,7
118000599,26,55,-29
118000600,0,57,-57
118000601,15,0,15
118000602,0,56,-56
118000603,0,35,-35
118900001,1629,1009,620
118900002,1398,650,748
118900003,151,24,127
118900004,27,82,-55
118900005,55,7,48
118900006,77,4,73
118900007,2,4,-2
118900008,1446,52,1394
118900009,22,19,3
118900010,54,5,49
118900011,114,39,75
118900012,411,246,165
118900013,773,51,722
118900015,127,58,69
118900016,3,15,-12
118900017,231,246,-15
118900018,1449,25,1424
118900019,65,21,44
118900020,174,139,35
118900021,146,516,-370
118900022,124,131,-7
118900023,83,113,-30
118900024,45,291,-246
118900025,35,22,13
118900026,58,133,-75
118900027,490,353,137
118900028,69,221,-152
118900029,132,614,-482
118900030,145,73,72
118900031,115,188,-73
118900032,129,277,-148
118900033,353,914,-561
118900034,93,9,84
118900035,138,322,-184
118900036,730,798,-68
118900037,283,391,-108
118900038,227,414,-187
118900039,305,340,-35
118900040,209,198,11
118900041,263,170,93
118900042,135,115,20
118900045,219,148,71
118900046,1013,204,809
118900047,801,223,578
118900048,135,161,-26
118900049,71,33,38
118900050,3,200,-197
118900051,68,53,15
118900052,164,343,-179
118900053,31,104,-73
118900054,78,120,-42
118900055,34,182,-148
118900056,18,194,-176
118900057,340,338,2
118900058,353,632,-279
118900059,37,94,-57
118900060,56,120,-64
118900062,94,270,-176
118900064,829,468,361
118900065,33,152,-119
118900066,54,140,-86
118900067,7019,2534,4485
118900068,1,199,-198
118900069,350,225,125
118900071,3,76,-73
118900072,357,518,-161
118900073,43,129,-86
118900074,89,260,-171
118900075,27,119,-92
118900076,214,96,118
118900077,204,236,-32
118900078,38,4,34
118900079,56,281,-225
118900080,15,103,-88
118900081,48,16,32
118900082,497,201,296
118900083,17,22,-5
118900084,14,26,-12
118900085,603,1169,-566
118900086,26,57,-31
118900087,11,177,-166
118900088,0,15,-15
118900089,31,11,20
118900090,422,508,-86
118900091,259,163,96
118900092,80,110,-30
118900093,123,14,109
118900096,46,11,35
118900097,172,954,-782
118900099,75,353,-278
118900100,223,283,-60
118900101,51,733,-682
118900102,25,93,-68
118900103,37,66,-29
118900104,73,161,-88
118900105,186,117,69
118900107,154,82,72
118900108,30,114,-84
118900110,2190,541,1649
118900111,281,940,-659
118900112,37,134,-97
118900113,57,917,-860
118900114,16,122,-106
118900115,122,477,-355
118900116,129,237,-108
118900117,106,180,-74
118900118,216,536,-320
118900119,92,317,-225
118900120,99,260,-161
118900121,16,425,-409
118900122,11,629,-618
118900123,121,227,-106
118900124,86,250,-164
118900126,26,249,-223
118900129,134,189,-55
118900130,21,114,-93
118900131,93,341,-248
118900132,421,222,199
118900133,21,104,-83
118900135,104,269,-165
118900136,247,943,-696
118900137,5,17,-12
118900139,133,742,-609
118900140,371,952,-581
118900141,64,443,-379
118900144,106,751,-645
118900145,31,246,-215
118900146,243,1118,-875
118900147,163,77,86
118900148,29,120,-91
118900150,173,504,-331
118900152,434,1128,-694
118900157,98,172,-74
118900158,51,86,-35
118900159,4,310,-306
118900161,71,9,62
118900163,366,72,294
118900164,8,166,-158
118900165,38,348,-310
118900166,121,17,104
118900167,53,202,-149
118900168,3,93,-90
118900169,104,565,-461
118900170,70,180,-110
118900171,16,35,-19
118900174,67,68,-1
118900175,214,452,-238
118900176,96,235,-139
118900177,21,94,-73
118900178,38,98,-60
118900179,0,49,-49
118900181,89,144,-55
118900182,78,43,35
118900183,9,69,-60
118900184,228,78,150
118900185,68,151,-83
118900186,114,107,7
118900187,128,358,-230
118900188,178,449,-271
118900189,23,559,-536
118900190,18,699,-681
118900191,133,58,75
118900192,107,44,63
118900193,221,12,209
118900195,405,1115,-710
118900196,27,244,-217
118900197,95,135,-40
118900198,11,77,-66
118900199,36,83,-47
118900200,16,11,5
118900201,18,8,10
118900202,12,57,-45
118900203,5,67,-62
118900204,7,51,-44
118900205,18,18,0
118900206,3,80,-77
119000001,1030,1504,-474
119000002,2925,4130,-1205
119000003,1589,1936,-347
119000004,2001,1697,304
119000005,1527,1679,-152
119000006,1755,1773,-18
119000007,2829,3306,-477
119000008,1603,2519,-916
119000009,3622,2774,848
119000010,8540,4180,4360
119000011,6542,2693,3849
119000012,6225,4119,2106
119000013,2399,1385,1014
119000014,2653,4497,-1844
119000019,276,186,90
119000020,1196,1326,-130
119000021,2898,2331,567
119000022,4546,1851,2695
119000023,190,220,-30
119000024,2459,7132,-4673
119000025,13707,1695,12012
119000026,290,280,10
119000027,559,453,106
119000028,2507,1453,1054
119000029,124,318,-194
119000030,455,1507,-1052
119000031,716,872,-156
119000032,2615,2969,-354
119000033,1880,2025,-145
119000034,990,1353,-363
119000035,46,495,-449
119000036,882,1421,-539
119000037,1032,2939,-1907
119000038,132,1581,-1449
119000039,121,396,-275
119000040,1108,473,635
119000041,984,1190,-206
119000048,4116,5068,-952
119000049,1124,4690,-3566
119000050,1687,2724,-1037
119000051,1790,1172,618
119000052,2293,3796,-1503
119000053,1931,1331,600
119000054,2864,5037,-2173
119000055,2730,4792,-2062
119000056,1881,2675,-794
119000057,1533,3316,-1783
119000058,1834,2678,-844
119000059,936,1974,-1038
119000060,1082,910,172
119000061,871,1151,-280
119000062,1009,1547,-538
119000063,309,315,-6
119000064,1282,1991,-709
119000065,1873,3668,-1795
119000066,1463,1113,350
119000067,1924,3562,-1638
119000068,1089,1215,-126
119000069,1291,3375,-2084
119000070,1581,1365,216
119000071,665,1154,-489
119000072,7322,4323,2999
119000073,5085,5996,-911
119000074,799,4467,-3668
119000075,1006,3060,-2054
119000076,453,1186,-733
119000077,630,668,-38
119000078,314,386,-72
119000079,110,862,-752
119000080,221,268,-47
119000081,159,489,-330
119000082,510,327,183
119000083,335,354,-19
119000084,292,691,-399
119000085,714,393,321
119000086,287,388,-101
119000087,2159,1454,705
119000088,301,255,46
119000089,64,205,-141
119000090,150,206,-56
119000091,177,421,-244
119000092,791,252,539
119000093,4982,4786,196
119000094,2206,6932,-4726
119000095,1209,3729,-2520
119000097,2753,2078,675
119000098,749,1710,-961
119000099,2390,2319,71
119000100,2772,2471,301
119000101,2703,3003,-300
119000102,759,938,-179
119000103,1483,639,844
119000104,3948,1819,2129
119000105,844,1157,-313
119000106,264,2555,-2291
119000107,417,566,-149
119000108,331,1669,-1338
119000109,97,337,-240
119000110,352,505,-153
119000111,38,604,-566
119000112,182,149,33
119000113,2967,311,2656
119000114,810,853,-43
119000115,212,294,-82
119000116,97,152,-55
119000117,126,423,-297
119000118,1,4,-3
119000123,4095,895,3200
119000124,426,279,147
119000125,2008,1567,441
119000126,254,1327,-1073
119000127,317,1063,-746
119000128,41,9,32
119000131,729,1466,-737
119000132,3,5,-2
119000133,1,16,-15
119000134,2735,619,2116
119000135,74,278,-204
119000136,134,468,-334
119000137,161,778,-617
119000138,174,717,-543
119000139,177,421,-244
119000140,144,361,-217
119000284,1789,3405,-1616
119000285,3025,2792,233
119000286,8562,6340,2222
119000287,1401,2741,-1340
119000288,1722,2275,-553
119000289,2548,4951,-2403
119000290,194,739,-545
119000291,3,487,-484
119000293,92,196,-104
119000294,39,33,6
119000295,2588,705,1883
119000296,142,144,-2
119000302,4991,1660,3331
119000303,39,192,-153
119000314,1880,6724,-4844
119000315,0,873,-873
119000316,43,174,-131
119000317,44,669,-625
119900001,222,837,-615
119900002,76,346,-270
119900003,73,1702,-1629
119900004,451,573,-122
119900005,94,217,-123
119900006,204,435,-231
119900007,750,128,622
119900008,76,50,26
119900009,535,681,-146
119900010,895,1281,-386
119900011,31,55,-24
119900012,12,62,-50
119900013,1805,783,1022
119900014,506,270,236
119900015,74,28,46
119900016,25,129,-104
119900017,11,54,-43
119900018,1947,323,1624
119900019,37,17,20
119900020,114,178,-64
119900021,87,107,-20
119900022,162,405,-243
119900023,991,634,357
119900025,103,47,56
119900026,1182,103,1079
119900027,9,32,-23
119900028,143,45,98
119900029,1,11,-10
119900030,448,525,-77
119900031,26,213,-187
119900033,2342,239,2103
119900034,188,222,-34
119900037,73,64,9
119900038,33,259,-226
119900039,50,8,42
119900040,36,4,32
119900041,70,63,7
119900042,78,188,-110
119900043,43,304,-261
119900044,186,417,-231
119900046,61,148,-87
119900047,171,62,109
119900048,3,45,-42
119900049,38,19,19
119900050,85,103,-18
119900051,253,5,248
119900052,37,112,-75
119900053,84,275,-191
119900054,67,4,63
119900055,914,344,570
119900057,119,122,-3
119900058,137,6,131
119900059,124,73,51
119900060,160,9,151
119900062,44,45,-1
119900063,12,72,-60
119900064,262,71,191
119900065,153,8,145
119900066,1,0,1
119900067,43,58,-15
119900068,193,2,191
119900069,66,48,18
119900070,417,12,405
119900071,389,23,366
119900073,2107,496,1611
119900074,49,23,26
119900075,8237,2603,5634
119900076,261,672,-411
119900077,415,1920,-1505
119900078,354,1295,-941
119900079,105,425,-320
119900080,997,1742,-745
119900081,60,50,10
119900082,525,130,395
119900083,421,109,312
119900084,782,220,562
119900085,169,104,65
119900087,546,351,195
119900088,61,89,-28
119900089,16,769,-753
119900090,217,88,129
119900091,53,1581,-1528
119900092,16,528,-512
119900093,841,145,696
119900094,46,296,-250
119900095,202,123,79
119900096,57,146,-89
119900097,578,196,382
119900098,38,78,-40
119900099,34,387,-353
119900100,3689,2159,1530
119900101,284,1128,-844
119900102,28,405,-377
119900103,38,789,-751
119900104,41,499,-458
119900105,631,1565,-934
119900106,19,303,-284
119900107,506,4664,-4158
119900108,2520,870,1650
119900109,21,351,-330
119900110,481,841,-360
119900111,77,640,-563
119900112,3506,593,2913
119900113,64,654,-590
119900114,187,2286,-2099
119900115,193,2005,-1812
119900116,203,374,-171
119900117,212,1399,-1187
119900118,42,1880,-1838
119900119,168,345,-177
119900120,771,992,-221
119900121,143,1990,-1847
119900122,328,565,-237
119900123,227,366,-139
119900124,81,1562,-1481
119900125,56,592,-536
119900126,6787,367,6420
119900127,4432,1389,3043
119900128,293,1162,-869
119900129,116,1320,-1204
119900130,83,361,-278
119900131,47,472,-425
119900132,5,630,-625
119900133,25,41,-16
119900134,3102,350,2752
119900135,3,836,-833
119900136,232,775,-543
119900138,510,863,-353
119900139,32,88,-56
119900140,2,187,-185
119900141,241,528,-287
119900142,13,40,-27
119900143,6,236,-230
119900144,3034,349,2685
119900145,87,422,-335
119900146,171,178,-7
119900147,4,164,-160
119900148,93,62,31
119900149,2296,2246,50
119900150,237,326,-89
119900151,1852,842,1010
119900152,71,624,-553
119900153,101,98,3
119900154,10,524,-514
119900155,17,47,-30
119900156,9,7,2
119900157,52,436,-384
119900158,107,73,34
119900159,10,2638,-2628
119900160,29,427,-398
119900161,194,419,-225
119900162,766,893,-127
119900163,173,164,9
119900164,0,0,0
119900165,75,398,-323
119900166,80,31,49
119900167,145,267,-122
119900168,428,524,-96
119900169,175,365,-190
119900170,187,193,-6
119900171,757,741,16
119900172,141,14,127
119900173,8,816,-808
119900174,13,426,-413
119900175,690,887,-197
119900177,21,353,-332
119900178,14,316,-302
119900179,76,237,-161
119900180,846,885,-39
119900181,36,66,-30
119900182,10,807,-797
119900183,122,1146,-1024
119900184,4675,835,3840
119900185,30,110,-80
119900186,65,466,-401
119900187,21,937,-916
119900188,36,356,-320
119900189,554,229,325
119900190,70,143,-73
119900191,412,161,251
119900192,46,228,-182
119900193,213,357,-144
119900194,10,63,-53
119900195,37,363,-326
119900196,3200,812,2388
119900197,147,125,22
119900198,148,570,-422
119900199,138,24,114
119900200,426,770,-344
119900201,580,278,302
119900202,228,134,94
119900203,134,338,-204
119900204,161,486,-325
119900205,327,955,-628
119900206,55,149,-94
119900208,180,145,35
119900209,338,800,-462
119900210,22,74,-52
119900211,103,12,91
119900212,77,354,-277
119900213,3,94,-91
119900214,8,128,-120
119900215,24,117,-93
119900216,12,130,-118
119900217,17,99,-82
119900218,15,105,-90
119900219,10,228,-218
119900220,4,187,-183
119900221,17,676,-659
119900222,12,566,-554
119900223,24,230,-206
119900224,29,63,-34
119900225,2067,98,1969
119900226,1440,1544,-104
119900227,2088,489,1599
119900228,67,410,-343
119900229,304,647,-343
119900230,1773,785,988
119900231,139,290,-151
119900232,243,82,161
119900233,39,2,37
119900234,33,81,-48
119900235,19,46,-27
119900236,27,273,-246
119900237,58,885,-827
119900238,1,128,-127
119900240,62,183,-121
119900241,152,349,-197
119900242,2096,1472,624
119900244,928,1380,-452
119900245,53,142,-89
119900246,294,414,-120
119900247,22,66,-44
119900248,51,105,-54
119900249,162,114,48
119900253,5402,443,4959
119900254,68,326,-258
119900255,71,610,-539
119900256,258,2365,-2107
119900257,35,4,31
119900258,70,8,62
119900259,8,401,-393
119900260,98,6,92
119900261,226,277,-51
119900262,3,449,-446
119900263,979,604,375
119900264,44,393,-349
119900265,232,481,-249
119900266,154,439,-285
119900267,173,476,-303
119900268,143,343,-200
119900269,468,2023,-1555
119900271,12,121,-109
119900272,139,81,58
119900275,92,14,78
119900276,39,1,38
119900277,12,5,7
119900278,339,92,247
119900279,108,297,-189
119900280,1269,262,1007
119900281,0,143,-143
119900282,66,36,30
119900283,5,515,-510
119900284,85,228,-143
119900285,30,70,-40
119900286,7,14,-7
119900288,1,43,-42
119900289,0,52,-52
119900290,4,60,-56
119900291,2,54,-52
119900292,12,16,-4
119900293,20,0,20
119900294,21,0,21
119900295,4,0,4
119900296,54,6,48
119900299,29,356,-327
119900300,174,279,-105
119900301,165,80,85
119900302,106,108,-2
119900303,203,287,-84
119900304,84,51,33
119900305,49,157,-108
119900306,20,0,20
119900307,57,277,-220
119900308,16,21,-5
119900309,18,64,-46
119900310,317,443,-126
119900311,45,292,-247
119900312,72,139,-67
119900313,222,489,-267
119900314,111,330,-219
119900315,867,4122,-3255
119900318,11,15,-4
119900319,4,477,-473
119900320,158,1079,-921
119900321,35,3,32
119900322,84,97,-13
119900323,1,168,-167
119900324,0,65,-65
119900325,3,717,-714
119900326,162,62,100
120000001,10334,10642,-308
120000002,2370,4153,-1783
120000003,4268,2494,1774
120000004,3348,3281,67
120000005,5933,2885,3048
120000006,1288,1629,-341
120000007,4117,2842,1275
120000008,1130,1655,-525
120000009,5888,1246,4642
120000010,1861,4230,-2369
120000011,1421,2939,-1518
120000012,1885,3968,-2083
120000013,2643,3343,-700
120000014,610,2121,-1511
120000015,2554,2025,529
120000016,3477,2919,558
120000017,2811,2339,472
120000018,6544,9515,-2971
120000019,891,1253,-362
120000020,3794,2969,825
120000021,2319,2242,77
120000022,3339,3922,-583
120000023,1081,2042,-961
120000024,1690,2759,-1069
120000025,2084,2876,-792
120000026,913,2328,-1415
120000027,1499,2126,-627
120000028,754,521,233
120000029,3251,665,2586
120000030,467,804,-337
120000031,2271,6247,-3976
120000032,13053,4252,8801
120000033,3485,2388,1097
120000034,1214,3156,-1942
120000035,1771,3136,-1365
120000036,2676,4877,-2201
120000037,710,1171,-461
120000038,13020,4293,8727
120000039,511,1279,-768
120000040,122,225,-103
120000041,782,2332,-1550
120000042,1769,5762,-3993
120000043,5015,3665,1350
120000044,3546,1660,1886
120000045,3881,1305,2576
120000046,1854,2296,-442
120000047,2844,4097,-1253
120000048,11097,4379,6718
120000049,4071,3506,565
120000050,4021,6313,-2292
120000051,4512,5630,-1118
120000052,17554,3350,14204
120000053,1038,5594,-4556
120000054,1662,8901,-7239
120000055,1688,6420,-4732
120000056,3300,6856,-3556
120000057,1724,1032,692
120000058,798,320,478
120000059,104,1261,-1157
120000061,127,1083,-956
120000062,196,403,-207
120000063,2416,4247,-1831
120000064,247,2386,-2139
120000065,742,2597,-1855
120000066,153,712,-559
120000067,44,931,-887
120000068,170,1615,-1445
120000069,567,2268,-1701
120000070,25,1487,-1462
120000071,168,227,-59
120000072,298,521,-223
120000073,365,150,215
120000074,46,93,-47
120000075,428,299,129
120000076,1345,432,913
120000077,1310,563,747
120000078,3011,867,2144
120000079,127,115,12
120000080,82,170,-88
120000081,214,108,106
120000082,121,139,-18
120000083,61,310,-249
120000084,564,830,-266
120000085,390,597,-207
120000086,330,1051,-721
120000087,169,1779,-1610
120000088,718,2095,-1377
120000089,1012,772,240
120000090,535,729,-194
120000091,606,1284,-678
120000092,1069,813,256
120000093,263,656,-393
120000094,124,553,-429
120000095,850,968,-118
120000096,220,1727,-1507
120000098,772,1462,-690
120000099,338,947,-609
120000100,648,1211,-563
120000101,433,633,-200
120000102,347,647,-300
120000103,1004,667,337
120000104,1505,373,1132
120000105,1896,424,1472
120000106,1535,520,1015
120000107,2168,520,1648
120000108,667,124,543
120000109,667,90,577
120000110,107,1392,-1285
120000111,137,1841,-1704
120000112,869,6061,-5192
120000113,633,4378,-3745
120000114,763,4178,-3415
120000115,394,3450,-3056
120000116,713,2883,-2170
120000117,1750,2191,-441
120000118,61,48,13
120000119,44,71,-27
120000120,108,88,20
120000121,47,83,-36
120000122,352,387,-35
120000123,8389,4122,4267
120000124,359,660,-301
120000125,408,857,-449
120000126,276,909,-633
120000127,3007,835,2172
120000128,6032,2505,3527
120000129,404,379,25
120000130,817,922,-105
120000131,248,576,-328
120000134,388,2106,-1718
120000135,215,385,-170
120000137,159,3090,-2931
120000138,357,830,-473
120000139,178,1573,-1395
120000140,343,970,-627
120000141,201,877,-676
120000142,274,879,-605
120000143,3,181,-178
120000144,49,0,49
120000145,182,8,174
120000146,2750,1299,1451
120000149,550,1259,-709
120000150,6877,9271,-2394
120000151,405,742,-337
120000152,370,477,-107
120000153,182,1123,-941
120000154,549,525,24
120000155,98,276,-178
120000156,2115,659,1456
120000157,1006,996,10
120000158,669,1344,-675
120000159,1932,2932,-1000
120000160,2217,1474,743
120000161,1276,3359,-2083
120000162,72,321,-249
120000163,373,2225,-1852
120000164,300,755,-455
120000165,267,1596,-1329
120000166,638,999,-361
120000167,40,74,-34
120000168,8,186,-178
120000169,96,535,-439
120000170,156,281,-125
120000171,23,72,-49
120000172,19,41,-22
120000173,2635,256,2379
120000174,530,5,525
120000175,627,10,617
120000176,386,69,317
120000177,1672,336,1336
120000178,119,7,112
120000179,447,42,405
120000180,656,67,589
120000181,137,245,-108
120000182,110,137,-27
120000183,5,167,-162
120000184,124,1305,-1181
120000186,54,86,-32
120000187,112,51,61
120000188,255,66,189
120000190,1462,24,1438
120000191,2118,18,2100
120000192,2463,20,2443
120000193,718,8,710
120000195,165,9,156
120000196,402,38,364
120000197,98,134,-36
120000198,141,236,-95
120000199,52,1,51
120000200,68,4,64
120000201,17,34,-17
120000202,1,87,-86
120000203,27,531,-504
120000207,1,186,-185
120000208,14,492,-478
120000209,3,186,-183
120000210,261,176,85
120000211,60,2,58
120000212,76,1,75
120000213,71,742,-671
120000214,5,762,-757
120000215,4,341,-337
120000216,60,6,54
120000217,1327,2047,-720
120000218,372,1730,-1358
120000219,15,1290,-1275
120000220,17,4197,-4180
120000225,730,3,727
120000226,163,3,160
120000227,756,30,726
120000228,9347,2477,6870
120000230,199,15,184
120000231,733,3564,-2831
120000233,198,99,99
120000235,102,985,-883
120000236,736,0,736
120000237,8,3356,-3348
120000238,3,166,-163
120000241,1650,3940,-2290
120000412,2289,93,2196
120000413,125,610,-485
120000414,41,5,36
120000415,1,268,-267
120000416,22,13,9
120000417,6,149,-143
120000418,101,21,80
120000419,8,759,-751
120000420,68,44,24
120000421,19905,7835,12070
120000422,287,561,-274
120000423,2,55,-53
120000424,48,221,-173
120000436,133,374,-241
120000437,270,244,26
120000438,6249,587,5662
120000439,198,353,-155
120000443,90,2,88
120000444,822,853,-31
120000445,2108,1487,621
120000446,1307,412,895
120000447,164,13,151
120000449,75,10,65
120000450,8,641,-633
120000451,157,358,-201
120000452,92,0,92
120000453,1,536,-535
120000454,84,36,48
120000455,62,80,-18
120000456,4069,3163,906
120000457,2572,1308,1264
120000458,680,1053,-373
120000459,74,120,-46
120000665,1348,216,1132
120000668,93,342,-249
120000669,132,595,-463
120000670,278,481,-203
120000671,799,340,459
120000672,123,754,-631
120900001,56,40,16
120900002,521,327,194
120900003,178,33,145
120900004,20,52,-32
120900005,34,2169,-2135
120900006,204,247,-43
120900007,108,239,-131
120900008,148,1977,-1829
120900009,217,31,186
120900010,292,95,197
120900011,564,174,390
120900012,1698,1172,526
120900013,251,46,205
120900014,4,1086,-1082
120900015,397,103,294
120900016,451,64,387
120900017,3993,122,3871
120900018,53,742,-689
120900019,462,129,333
120900020,980,907,73
120900021,540,112,428
120900022,26,630,-604
120900023,113,52,61
120900024,2115,610,1505
120900025,2701,1216,1485
120900026,72,257,-185
120900027,771,100,671
120900028,246,42,204
120900029,171,279,-108
120900030,764,574,190
120900031,152,58,94
120900032,555,244,311
120900033,798,45,753
120900034,35,2113,-2078
120900035,27,335,-308
120900037,114,4,110
120900038,55,173,-118
120900039,79,25,54
120900040,144,0,144
120900041,221,44,177
120900042,202,90,112
120900043,48,21,27
120900044,14,631,-617
120900045,132,285,-153
120900046,262,14,248
120900047,128,46,82
120900048,68,18,50
120900049,212,1,211
120900050,5584,1393,4191
120900051,204,146,58
120900052,288,2,286
120900053,146,123,23
120900054,2091,1144,947
120900055,180,7,173
120900056,313,6,307
120900057,96,34,62
120900058,233,1,232
120900059,60,1,59
120900060,41,49,-8
120900061,349,463,-114
120900062,105,1,104
120900063,288,3,285
120900064,270,2,268
120900065,192,0,192
120900066,170,521,-351
120900067,190,35,155
120900068,127,1,126
120900069,117,121,-4
120900071,9,2,7
120900072,387,3,384
120900073,307,404,-97
120900074,515,11,504
120900076,162,0,162
120900077,5393,372,5021
120900078,465,1242,-777
120900079,368,139,229
120900080,335,4002,-3667
120900081,408,1627,-1219
120900082,918,442,476
120900083,41,4,37
120900084,177,236,-59
120900085,180,150,30
120900086,232,254,-22
120900087,305,128,177
120900088,206,315,-109
120900089,6612,1685,4927
120900090,128,301,-173
120900091,505,350,155
120900092,1268,1070,198
120900093,5666,307,5359
120900094,685,309,376
120900095,425,38,387
120900096,22,206,-184
120900097,811,1578,-767
120900098,332,285,47
120900099,56,96,-40
120900100,150,472,-322
120900101,797,509,288
120900102,43,126,-83
120900103,34,195,-161
120900104,14,75,-61
120900105,60,1292,-1232
120900106,1846,930,916
120900107,434,227,207
120900108,8,1496,-1488
120900109,42,1254,-1212
120900110,10,760,-750
120900111,169,547,-378
120900112,6,2129,-2123
120900113,19,1384,-1365
120900114,27,291,-264
120900115,175,206,-31
120900116,161,985,-824
120900117,3,915,-912
120900118,10,1515,-1505
120900119,4448,4176,272
120900120,76,1115,-1039
120900121,93,715,-622
120900122,240,1055,-815
120900123,4,908,-904
120900124,2,1197,-1195
120900125,6,1675,-1669
120900126,1994,1078,916
120900127,9,901,-892
120900128,1144,1416,-272
120900129,69,580,-511
120900130,9,568,-559
120900131,23,122,-99
120900132,536,691,-155
120900133,268,1857,-1589
120900134,643,697,-54
120900135,20,991,-971
120900136,17,47,-30
120900137,83,107,-24
120900138,13,324,-311
120900139,2,1255,-1253
120900140,0,99,-99
120900141,95,120,-25
120900142,49,1447,-1398
120900143,7,1564,-1557
120900144,2,371,-369
120900145,122,1418,-1296
120900146,8,1779,-1771
120900147,1,584,-583
120900148,74,166,-92
120900149,2,673,-671
120900150,27,922,-895
120900151,3,1252,-1249
120900152,1,103,-102
120900153,11,84,-73
120900154,0,573,-573
120900155,160,1734,-1574
120900156,21,830,-809
120900157,20,326,-306
120900158,48,792,-744
120900159,42,458,-416
120900160,32,632,-600
120900161,11,981,-970
120900162,20,1193,-1173
120900163,17,236,-219
120900164,0,2,-2
120900165,0,4,-4
120900166,38,191,-153
120900167,441,85,356
120900169,45,811,-766
120900170,3643,1852,1791
120900171,1876,531,1345
120900172,1324,218,1106
120900173,0,148,-148
120900174,9,193,-184
120900175,387,293,94
120900176,8,234,-226
120900177,2,559,-557
120900178,1,318,-317
120900179,1166,595,571
120900180,142,113,29
120900181,85,64,21
120900182,25,501,-476
120900183,407,88,319
120900184,179,104,75
120900185,11,682,-671
120900186,1,797,-796
120900187,294,918,-624
120900188,95,20,75
120900189,256,509,-253
120900190,23,17,6
120900191,2,53,-51
120900192,18312,3670,14642
120900194,28,114,-86
120900195,128,289,-161
120900196,448,42,406
120900197,411,88,323
120900198,270,896,-626
120900199,306,2055,-1749
120900200,178,177,1
120900201,835,180,655
120900202,1,361,-360
120900203,25,75,-50
120900204,268,525,-257
120900205,103,165,-62
120900206,3,31,-28
120900207,5,132,-127
121000001,1081,1402,-321
121000002,2444,1257,1187
121000003,4996,2401,2595
121000004,3058,3746,-688
121000005,2585,3176,-591
121000006,3590,1339,2251
121000007,3350,3506,-156
121000008,5935,3050,2885
121000009,8339,6470,1869
121000010,10655,4742,5913
121000011,14216,14234,-18
121000012,19897,10139,9758
121000013,6101,8638,-2537
121000014,7936,7069,867
121000015,5226,7195,-1969
121000016,5352,3924,1428
121000017,2229,4407,-2178
121000018,2516,2302,214
121000019,27476,10734,16742
121000020,18487,10397,8090
121000021,3400,4008,-608
121000022,1970,2223,-253
121000023,5262,3954,1308
121000024,3222,3600,-378
121000025,687,1046,-359
121000026,331,129,202
121000027,1690,1123,567
121000028,995,601,394
121000029,903,871,32
121000030,607,518,89
121000031,598,657,-59
121000032,241,95,146
121000034,250,170,80
121000035,126,106,20
121000036,1037,870,167
121000037,569,693,-124
121000038,612,774,-162
121000039,403,447,-44
121000041,412,552,-140
121000042,281,400,-119
121000043,905,742,163
121000044,1874,861,1013
121000045,382,397,-15
121000046,473,957,-484
121000047,31,104,-73
121000049,1943,726,1217
121000050,362,1252,-890
121000051,659,435,224
121000052,265,596,-331
121000053,394,96,298
121000054,60,258,-198
121000055,1601,1258,343
121000056,1037,1161,-124
121000057,201,357,-156
121000058,542,156,386
121000059,2263,1090,1173
121000060,486,1084,-598
121000061,135,217,-82
121000062,110,332,-222
121000063,703,453,250
121000064,583,738,-155
121000065,471,408,63
121000066,614,683,-69
121000067,1166,419,747
121000068,705,439,266
121000069,946,316,630
121000070,1970,1490,480
121000071,1116,938,178
121000072,1394,899,495
121000073,961,847,114
121000074,98,113,-15
121000075,91,74,17
121000076,1571,380,1191
121000077,150,100,50
121000078,186,177,9
121000080,3298,749,2549
121000081,3300,2390,910
121000082,153,287,-134
121000083,240,147,93
121000084,188,116,72
121000085,409,529,-120
121000086,197,1168,-971
121000087,59,280,-221
121000088,420,876,-456
121000089,660,299,361
121000090,480,449,31
121000091,2452,1019,1433
121000092,189,126,63
121000093,179,331,-152
121000094,556,738,-182
121000095,328,590,-262
121000096,2531,3443,-912
121000097,1823,2279,-456
121000098,403,1820,-1417
121000099,396,1105,-709
121000100,590,781,-191
121000101,189,399,-210
121000102,127,597,-470
121000103,124,463,-339
121000104,136,259,-123
121000105,350,407,-57
121000106,164,622,-458
121000107,2579,4442,-1863
121000109,1666,1190,476
121000110,435,592,-157
121000114,3130,2650,480
121000115,845,897,-52
121000116,400,1101,-701
121000117,1219,298,921
121000118,1222,338,884
121000119,230,375,-145
121000120,215,604,-389
121000121,454,1125,-671
121000123,1665,819,846
121000126,106,350,-244
121000127,154,116,38
121000128,720,704,16
121000129,516,608,-92
121000130,396,1345,-949
121000131,2606,1590,1016
121000132,1852,1643,209
121000135,692,636,56
121000136,1331,732,599
121000137,684,260,424
121000138,1011,904,107
121000139,745,196,549
121000141,200,193,7
121000142,929,650,279
121000143,277,21,256
121000144,1898,1337,561
121000145,502,1567,-1065
121000146,981,885,96
121000147,598,480,118
121000148,857,1255,-398
121000149,1920,1295,625
121000152,475,657,-182
121000153,1883,639,1244
121000154,873,619,254
121000155,1210,1291,-81
121000156,369,1126,-757
121000157,1778,2354,-576
121000158,414,736,-322
121000159,162,674,-512
121000160,285,933,-648
121000161,86,402,-316
121000162,33,488,-455
121000165,2285,1952,333
121000166,29,505,-476
121000168,225,305,-80
121000169,43,221,-178
121000170,212,102,110
121000171,29,227,-198
121000172,447,498,-51
121000173,1156,849,307
121000174,227,501,-274
121000175,612,605,7
121000176,318,308,10
121000177,724,762,-38
121000178,108,99,9
121000179,154,97,57
121000181,392,456,-64
121000182,72,148,-76
121000183,32,104,-72
121000184,49,97,-48
121000185,11,163,-152
121000186,136,283,-147
121000187,158,405,-247
121000188,69,369,-300
121000192,587,405,182
121000193,531,548,-17
121000194,2885,2439,446
121000195,396,1217,-821
121000196,749,263,486
121000197,322,1078,-756
121000198,272,88,184
121000199,112,612,-500
121000200,316,152,164
121000201,9,314,-305
121000202,737,117,620
121000203,666,3220,-2554
121000204,1686,672,1014
121000205,178,358,-180
121000206,157,40,117
121000207,1205,538,667
121000208,6,687,-681
121000209,147,570,-423
121000210,246,746,-500
121000211,182,130,52
121000212,271,1025,-754
121000213,11149,2967,8182
121000214,974,1849,-875
121000215,1513,966,547
121000216,388,517,-129
121000217,4370,2415,1955
121000218,651,1998,-1347
121000219,1502,402,1100
121000220,380,105,275
121000221,184,281,-97
121000222,3322,2644,678
121000223,781,453,328
121000224,263,127,136
121000225,1523,998,525
121000226,3023,739,2284
121000227,3,287,-284
121000228,14,1065,-1051
121000229,127,692,-565
121000230,92,2221,-2129
121000231,563,34,529
121000232,415,235,180
121000233,492,360,132
121000234,11,23,-12
121000235,49,49,0
121000236,6,80,-74
121000237,89,15,74
121000238,5,104,-99
121000239,29,6,23
121000240,8,238,-230
121000241,115,29,86
121000242,67,210,-143
121000243,566,82,484
121000244,8,88,-80
121000245,15,13,2
121000246,0,91,-91
121000247,28,4,24
121000248,680,702,-22
121000249,149,257,-108
121000250,285,70,215
121000251,23,732,-709
121000252,76,41,35
121000253,260,717,-457
121000254,507,299,208
121000255,154,235,-81
121000256,326,271,55
121000257,46,113,-67
121000258,49,79,-30
121000259,28,49,-21
121000260,64,139,-75
121000261,41,64,-23
121000262,1191,812,379
121000263,380,562,-182
121000271,263,2052,-1789
121000273,84,10,74
121000274,14,29,-15
121000275,0,21,-21
121000276,2,17,-15
121000278,48,54,-6
121000279,66,35,31
121000280,36,78,-42
121000289,246,21,225
121000290,1436,730,706
121000294,107,333,-226
121000297,1187,884,303
121000299,39,301,-262
121000300,791,877,-86
121000302,519,1773,-1254
121000303,1121,1302,-181
121000304,452,62,390
121000305,154,68,86
121000306,65,150,-85
121000308,196,406,-210
121000309,487,691,-204
121000310,105,536,-431
121000311,86,956,-870
121000312,332,263,69
121000313,576,531,45
121000314,310,156,154
121000315,97,220,-123
121000530,894,1704,-810
121000531,1012,1543,-531
121000532,6305,5300,1005
121000533,2751,2867,-116
121000918,25,278,-253
121000919,3,42,-39
121000938,1828,1392,436
121000939,2243,1235,1008
121000956,623,1785,-1162
121000957,3,11,-8
121000958,126,43,83
121000959,375,1277,-902
121000960,1513,2829,-1316
121000961,150,81,69
121000962,366,789,-423
121000973,0,503,-503
121000976,17,178,-161
121000979,404,89,315
121000981,279,181,98
121000982,175,290,-115
121000983,368,548,-180
121000984,31,65,-34
121000985,320,897,-577
121000986,133,534,-401
121000987,208,1830,-1622
121000988,472,115,357
121001302,389,179,210
121001308,8,14,-6
121001309,81,92,-11
121001313,100,483,-383
121001314,4075,5071,-996
121001315,4493,1578,2915
121900001,75,196,-121
121900002,30,19,11
121900003,370,8,362
121900004,110,473,-363
121900005,6,6,0
121900006,109,24,85
121900007,2546,2520,26
121900008,1899,193,1706
121900009,661,17,644
121900010,251,4,247
121900011,292,567,-275
121900012,9,1,8
121900013,1245,83,1162
121900014,1093,389,704
121900015,192,269,-77
121900016,1,33,-32
121900017,341,657,-316
121900018,340,5,335
121900019,206,241,-35
121900020,25,2,23
121900021,774,29,745
121900022,151,173,-22
121900023,82,498,-416
121900024,501,99,402
121900025,495,410,85
121900026,326,62,264
121900027,290,195,95
121900028,278,17,261
121900029,154,195,-41
121900030,584,462,122
121900031,1233,4235,-3002
121900032,77,87,-10
121900033,183,149,34
121900034,226,85,141
121900035,2592,1590,1002
121900036,70,432,-362
121900037,145,663,-518
121900038,31,212,-181
121900039,328,38,290
121900040,52,103,-51
121900041,101,150,-49
121900042,283,118,165
121900043,1,3,-2
121900044,388,58,330
121900046,312,271,41
121900047,145,81,64
121900048,32,213,-181
121900050,17,39,-22
121900051,96,238,-142
121900052,138,45,93
121900053,279,255,24
121900054,501,856,-355
121900055,0,10,-10
121900058,131,293,-162
121900059,251,96,155
121900060,74,318,-244
121900061,156,160,-4
121900062,133,74,59
121900063,699,383,316
121900064,163,794,-631
121900066,32,48,-16
121900067,11,45,-34
121900069,171,140,31
121900070,227,134,93
121900071,131,304,-173
121900072,17,222,-205
121900073,222,180,42
121900074,1082,534,548
121900075,530,308,222
121900076,297,637,-340
121900077,13,75,-62
121900078,38,50,-12
121900079,0,1,-1
121900080,623,642,-19
121900082,20,138,-118
121900084,4,351,-347
121900085,0,24,-24
121900086,14,62,-48
121900087,177,145,32
121900088,3084,3039,45
121900089,85,520,-435
121900090,21,174,-153
121900091,23,160,-137
121900092,83,167,-84
121900093,49,65,-16
121900094,19,11,8
121900095,156,118,38
121900096,1703,726,977
121900097,234,165,69
121900098,2,8,-6
121900099,146,103,43
121900100,242,287,-45
121900101,132,102,30
121900102,22,130,-108
121900103,588,353,235
121900104,935,300,635
121900105,87,102,-15
121900106,12,3,9
121900107,34,51,-17
121900108,0,22,-22
121900109,350,167,183
121900110,264,1737,-1473
121900111,1052,101,951
121900112,143,125,18
121900113,62,218,-156
121900114,20,61,-41
121900117,281,34,247
121900118,2381,440,1941
121900119,109,164,-55
121900120,26,1375,-1349
121900121,563,65,498
121900122,18,51,-33
121900123,189,433,-244
121900124,97,216,-119
121900125,945,1004,-59
121900127,12,119,-107
121900128,45,190,-145
121900129,1127,155,972
121900130,79,299,-220
121900131,178,97,81
121900132,50,195,-145
121900133,107,507,-400
121900134,22,134,-112
121900135,2851,312,2539
121900136,174,519,-345
121900137,61,319,-258
121900138,80,250,-170
121900139,340,433,-93
121900140,41,207,-166
121900141,34,15,19
121900142,54,187,-133
121900143,9,158,-149
121900144,216,337,-121
121900145,208,243,-35
121900146,560,815,-255
121900147,44,180,-136
121900148,171,267,-96
121900149,357,787,-430
121900150,73,149,-76
121900151,80,184,-104
121900152,78,176,-98
121900153,112,601,-489
121900154,14,122,-108
121900155,2,105,-103
121900156,155,111,44
121900157,7,541,-534
121900158,64,102,-38
121900159,0,242,-242
121900160,23,250,-227
121900161,483,398,85
121900162,144,165,-21
121900163,106,960,-854
121900164,365,266,99
121900165,185,271,-86
121900166,90,239,-149
121900167,160,108,52
121900168,201,129,72
121900169,2,323,-321
121900170,8,205,-197
121900171,562,698,-136
121900172,381,393,-12
121900173,1029,203,826
121900174,26,77,-51
121900175,108,160,-52
121900176,520,1924,-1404
121900177,160,47,113
121900178,25,64,-39
121900179,246,139,107
121900180,6593,2982,3611
121900182,506,318,188
121900183,435,541,-106
121900184,40,661,-621
121900186,20,352,-332
121900187,19,144,-125
121900188,597,445,152
121900189,28,129,-101
121900190,145,586,-441
121900191,63,162,-99
121900192,385,637,-252
121900193,24,273,-249
121900194,8,179,-171
121900195,127,102,25
121900196,759,1044,-285
121900197,380,2378,-1998
121900198,1066,1208,-142
121900199,4,26,-22
121900200,97,247,-150
121900201,1392,580,812
121900202,103,370,-267
121900203,332,1016,-684
121900204,1399,897,502
121900205,7,126,-119
121900206,13,5,8
121900207,231,45,186
121900208,194,386,-192
121900209,52,28,24
121900210,1175,1294,-119
121900211,19,73,-54
121900212,184,157,27
121900213,66,162,-96
121900214,4,493,-489
121900215,62,73,-11
121900216,22,100,-78
121900217,265,141,124
121900218,285,525,-240
121900220,218,12,206
121900221,271,646,-375
121900222,135,197,-62
121900223,136,78,58
121900224,80,100,-20
121900225,64,61,3
121900226,276,1134,-858
121900227,151,370,-219
121900228,210,352,-142
121900230,118,91,27
121900231,658,484,174
121900232,308,348,-40
121900233,286,315,-29
121900234,196,425,-229
121900235,272,351,-79
121900236,238,158,80
121900237,169,344,-175
121900238,158,223,-65
121900239,137,59,78
121900240,198,169,29
121900241,48,62,-14
121900242,3,0,3
121900243,1,0,1
121900244,5,2,3
121900245,166,176,-10
121900246,1500,422,1078
121900247,294,282,12
121900248,1761,840,921
121900250,280,358,-78
121900251,410,44,366
121900252,537,146,391
121900253,150,801,-651
121900254,525,264,261
121900255,199,83,116
121900258,2889,1777,1112
121900259,371,519,-148
121900260,62,249,-187
121900261,142,405,-263
121900262,446,795,-349
121900263,113,336,-223
121900264,2698,1475,1223
121900265,182,336,-154
121900266,203,212,-9
121900267,37,34,3
121900269,123,350,-227
121900270,14,189,-175
121900271,35,213,-178
121900273,380,1314,-934
121900274,170,258,-88
121900277,363,1677,-1314
121900278,134,929,-795
121900279,242,305,-63
121900280,199,366,-167
121900281,682,118,564
121900284,161,21,140
121900286,75,297,-222
121900287,31,24,7
121900288,3,1,2
121900290,248,303,-55
121900291,444,625,-181
121900292,255,108,147
121900293,925,3439,-2514
121900294,283,8,275
121900295,56,268,-212
121900296,85,61,24
121900298,430,411,19
121900299,0,0,0
121900300,13,1,12
121900301,15,5,10
121900302,0,54,-54
121900303,304,459,-155
121900304,1,9,-8
121900305,3,4,-1
121900306,62,0,62
121900307,14,38,-24
121900308,29,475,-446
121900309,9,374,-365
121900310,62,587,-525
121900311,206,14,192
121900312,131,4,127
121900313,208,29,179
121900314,7,100,-93
121900315,10,1,9
121900316,0,28,-28
121900317,0,1,-1
121900318,1,22,-21
121900319,22,44,-22
121900320,75,92,-17
121900321,4,2,2
121900322,1,31,-30
121900323,12,7,5
121900324,4,55,-51
121900325,11,1,10
121900326,2,19,-17
121900327,1,66,-65
121900328,0,24,-24
121900329,2,225,-223
121900330,1,83,-82
121900331,432,53,379
121900332,58,11,47
121900333,6,1,5
122000001,2767,4283,-1516
122000002,6895,2031,4864
122000003,2646,1737,909
122000004,4059,1566,2493
122000005,3308,1094,2214
122000006,2583,495,2088
122000007,1674,1504,170
122000008,7963,5084,2879
122000009,640,307,333
122000010,2243,2698,-455
122000011,3643,1193,2450
122000012,1337,1072,265
122000013,2301,1278,1023
122000014,1599,2139,-540
122000015,1716,984,732
122000016,579,1033,-454
122000017,1282,1285,-3
122000018,1678,1418,260
122000019,791,1726,-935
122000020,233,263,-30
122000021,584,579,5
122000022,1433,1516,-83
122000023,618,2726,-2108
122000024,1009,975,34
122000025,1739,1226,513
122000026,2146,756,1390
122000027,791,4785,-3994
122000028,875,476,399
122000029,431,298,133
122000030,411,112,299
122000031,156,260,-104
122000032,1816,3155,-1339
122000033,1021,901,120
122000034,667,571,96
122000035,414,788,-374
122000036,473,699,-226
122000037,404,260,144
122000038,352,423,-71
122000039,669,573,96
122000040,372,334,38
122000041,424,591,-167
122000042,300,514,-214
122000043,150,123,27
122000044,153,156,-3
122000045,1363,566,797
122000046,662,1012,-350
122000047,370,227,143
122000048,3585,4493,-908
122000049,5889,2720,3169
122000050,1681,655,1026
122000051,404,662,-258
122000052,621,286,335
122000053,134,473,-339
122000054,2659,2121,538
122000055,2308,2755,-447
122000056,8566,3642,4924
122000057,5345,2784,2561
122000058,4987,1112,3875
122000059,4457,1419,3038
122000060,1163,508,655
122000061,650,309,341
122000062,1533,473,1060
122000063,1676,504,1172
122000064,3786,3240,546
122000065,5909,3126,2783
122000066,1155,1241,-86
122000067,1757,1468,289
122000068,1035,1356,-321
122000069,610,810,-200
122000070,615,3488,-2873
122000071,986,2053,-1067
122000072,348,338,10
122000073,508,412,96
122000074,1954,1529,425
122000075,685,1444,-759
122000076,1895,1271,624
122000077,1542,651,891
122000078,3548,1837,1711
122000079,1840,762,1078
122000080,1268,386,882
122000081,266,308,-42
122000082,1235,725,510
122000083,1355,3903,-2548
122000084,914,907,7
122000085,268,1856,-1588
122000086,2330,4873,-2543
122000087,598,163,435
122000088,445,364,81
122000089,7555,3215,4340
122000090,282,418,-136
122000091,240,76,164
122000092,200,20,180
122000093,1623,1020,603
122000094,9592,1896,7696
122000095,4798,2388,2410
122000096,4368,1541,2827
122000098,5460,1596,3864
122000099,2811,568,2243
122000100,1427,712,715
122000101,306,866,-560
122000102,1687,1390,297
122000103,1597,1578,19
122000104,242,207,35
122000105,258,309,-51
122000106,455,558,-103
122000107,1122,573,549
122000108,456,954,-498
122000109,386,336,50
122000110,338,630,-292
122000111,2799,1209,1590
122000112,680,1402,-722
122000113,557,699,-142
122000114,3876,1688,2188
122000115,2048,1606,442
122000116,501,568,-67
122000117,1096,395,701
122000118,431,701,-270
122000119,3505,1609,1896
122000120,2764,2536,228
122000121,3449,2550,899
122000122,960,1287,-327
122000123,2427,1413,1014
122000124,1562,507,1055
122000125,571,692,-121
122000126,958,845,113
122000127,1707,990,717
122000128,614,987,-373
122000129,376,705,-329
122000130,2515,644,1871
122000131,1683,606,1077
122000132,777,435,342
122000133,1122,2387,-1265
122000134,459,618,-159
122000135,611,952,-341
122000136,480,269,211
122000137,1007,836,171
122000139,1699,2776,-1077
122000140,1181,526,655
122000141,5747,971,4776
122000142,597,731,-134
122000143,500,288,212
122000144,1978,969,1009
122000145,1818,671,1147
122000146,705,958,-253
122000147,996,378,618
122000148,3791,1441,2350
122000149,2607,1325,1282
122000150,1392,975,417
122000151,310,339,-29
122000152,589,354,235
122000153,513,252,261
122000154,324,170,154
122000155,1672,2047,-375
122000156,2635,1910,725
122000157,2409,1487,922
122000158,386,559,-173
122000159,1178,1547,-369
122000160,5113,1184,3929
122000161,1268,732,536
122000162,2797,1469,1328
122000163,448,116,332
122000164,59,102,-43
122000165,863,716,147
122000166,956,1089,-133
122000167,286,314,-28
122000168,231,621,-390
122000169,462,196,266
122000170,336,358,-22
122000171,48,88,-40
122000172,1657,1642,15
122000173,1809,2700,-891
122000174,2252,1013,1239
122000175,1337,320,1017
122000176,365,747,-382
122000177,1831,1518,313
122000178,3556,2436,1120
122000179,2204,2863,-659
122000180,2079,984,1095
122000181,2153,3313,-1160
122000182,2879,1344,1535
122000183,2106,1096,1010
122000184,3617,2151,1466
122000185,1572,1377,195
122000186,717,854,-137
122000187,1857,1096,761
122000188,464,238,226
122000189,266,395,-129
122000190,1186,923,263
122000191,1109,531,578
122000192,871,353,518
122000193,368,835,-467
122000194,639,153,486
122000195,153,542,-389
122000196,1057,714,343
122000197,541,825,-284
122000198,710,1140,-430
122000199,464,409,55
122000200,1633,557,1076
122000201,1512,1748,-236
122000202,1227,1298,-71
122000203,3058,1800,1258
122000204,1514,2340,-826
122000205,1935,1267,668
122000206,2144,838,1306
122000207,1269,1411,-142
122000208,2167,1777,390
122000209,2475,405,2070
122000210,1571,2277,-706
122000211,1232,1392,-160
122000212,750,529,221
122000213,1053,1371,-318
122000214,1863,1840,23
122000215,2197,1537,660
122000217,2171,1595,576
122000218,635,65,570
122000219,1547,1088,459
122000220,331,996,-665
122000221,121,480,-359
122000222,584,95,489
122000223,1188,513,675
122000225,694,307,387
122000226,1438,2045,-607
122000227,448,1942,-1494
122000228,342,528,-186
122000229,26,475,-449
122000230,93,917,-824
122000231,234,938,-704
122000232,751,1369,-618
122000233,1,183,-182
122000234,157,188,-31
122000235,356,242,114
122000236,502,229,273
122000237,129,56,73
122000238,134,169,-35
122000239,456,136,320
122000240,939,464,475
122000241,721,545,176
122000242,645,107,538
122000243,52,40,12
122000244,15,387,-372
122000245,29,79,-50
122000246,53,66,-13
122000247,624,408,216
122000248,1216,2294,-1078
122000249,487,614,-127
122000250,1385,779,606
122000251,244,476,-232
122000252,760,147,613
122000253,36,317,-281
122000254,158,132,26
122000255,872,2354,-1482
122000256,399,1667,-1268
122000257,136,520,-384
122000258,123,280,-157
122000259,15,833,-818
122000260,7,157,-150
122000261,5,251,-246
122000262,0,87,-87
122000263,84,134,-50
122000264,615,541,74
122000265,2069,885,1184
122000266,4550,635,3915
122000267,76,143,-67
122000268,113,502,-389
122000269,662,309,353
122000270,684,130,554
122000271,268,1300,-1032
122000272,279,1279,-1000
122000273,295,611,-316
122000274,84,183,-99
122000275,32,175,-143
122000276,522,795,-273
122000277,595,1676,-1081
122000278,631,1144,-513
122000279,203,672,-469
122000280,748,989,-241
122000281,588,947,-359
122000282,158,128,30
122000283,390,79,311
122000284,114,129,-15
122000285,472,122,350
122000286,87,207,-120
122000287,860,1457,-597
122000288,277,322,-45
122000291,965,582,383
122000293,456,362,94
122000294,132,214,-82
122000295,1281,231,1050
122000296,56,625,-569
122000297,3931,2252,1679
122000299,417,542,-125
122000300,592,642,-50
122000301,17159,3007,14152
122000302,1300,859,441
122000303,5186,1489,3697
122000304,52,210,-158
122000305,712,332,380
122000306,15,987,-972
122000307,148,105,43
122000309,80,75,5
122000310,30,23,7
122000311,129,77,52
122000312,112,48,64
122000313,92,34,58
122000314,98,263,-165
122000315,222,18,204
122000316,390,241,149
122000317,827,204,623
122000318,190,488,-298
122000319,367,803,-436
122000320,374,2961,-2587
122000321,86,395,-309
122000322,3435,2547,888
122000323,1940,1756,184
122000324,1592,1606,-14
122000325,1012,1141,-129
122000326,37,159,-122
122000327,326,474,-148
122000328,1204,963,241
122000330,2404,737,1667
122000332,214,369,-155
122000333,8,149,-141
122000337,842,2326,-1484
122000338,518,596,-78
122000340,519,266,253
122000342,3260,1293,1967
122000343,439,1892,-1453
122000344,56,34,22
122000345,20,39,-19
122000346,332,769,-437
122000348,702,975,-273
122000349,160,916,-756
122000351,101,279,-178
122000352,294,76,218
122000353,46,140,-94
122000355,126,199,-73
122000356,1879,917,962
122000357,34,18,16
122000358,1,88,-87
122000359,0,38,-38
122000360,1,85,-84
122000362,19,159,-140
122000364,120,527,-407
122000365,3,26,-23
122000366,7,11,-4
122000368,550,946,-396
122000370,19,78,-59
122000371,29,0,29
122000372,3,0,3
122000381,70,398,-328
122000382,63,306,-243
122000384,4916,2340,2576
122000385,23,0,23
122000386,529,844,-315
122000387,484,673,-189
122000388,1523,426,1097
122000389,174,854,-680
122000390,393,284,109
122000391,352,129,223
122000392,180,363,-183
122000393,17,268,-251
122000394,416,433,-17
122000395,122,224,-102
122000396,236,126,110
122000397,27,79,-52
122000398,17,68,-51
122000399,63,112,-49
122000400,152,270,-118
122000401,111,129,-18
122000402,238,137,101
122000403,484,1522,-1038
122000404,147,418,-271
122000408,1061,1490,-429
122000503,12,88,-76
122000524,254,114,140
122000544,72,1916,-1844
122000616,658,3,655
122000640,58,288,-230
122000641,63,581,-518
122000642,924,1477,-553
122000643,16,139,-123
122000644,187,26,161
122000645,128,227,-99
122000651,2247,771,1476
122000664,181,55,126
122000665,1133,725,408
122000666,642,1226,-584
122000673,13,415,-402
122000674,77,51,26
122000675,1253,1250,3
122000686,253,1625,-1372
122000687,706,416,290
122000688,137,1067,-930
122000689,407,803,-396
122000690,650,862,-212
122000691,372,3415,-3043
122000692,1091,497,594
122000693,525,2410,-1885
122000695,182,712,-530
122000696,179,434,-255
122000698,156,1238,-1082
122000699,152,188,-36
122000701,1071,391,680
122000702,463,2780,-2317
122000703,150,71,79
122000717,282,90,192
122000718,495,470,25
122000719,104,105,-1
122000720,161,424,-263
122000724,144,49,95
122900001,39,6,33
122900002,1358,2299,-941
122900003,227,43,184
122900004,985,34,951
122900005,54,52,2
122900006,1075,448,627
122900007,216,38,178
122900008,1020,120,900
122900009,902,423,479
122900010,244,172,72
122900012,284,538,-254
122900014,129,423,-294
122900015,3307,638,2669
122900016,107,407,-300
122900017,429,920,-491
122900018,215,19,196
122900019,8,167,-159
122900020,477,498,-21
122900021,66,739,-673
122900022,449,1154,-705
122900023,293,412,-119
122900024,84,84,0
122900025,18,182,-164
122900026,138,420,-282
122900027,78,744,-666
122900028,104,216,-112
122900029,5249,2603,2646
122900030,1540,510,1030
122900031,124,160,-36
122900032,122,285,-163
122900033,152,198,-46
122900034,4716,4451,265
122900035,27,22,5
122900036,38,153,-115
122900037,284,134,150
122900038,140,1971,-1831
122900039,104,444,-340
122900040,287,533,-246
122900041,285,299,-14
122900042,160,375,-215
122900043,303,250,53
122900044,72,327,-255
122900045,92,124,-32
122900046,121,137,-16
122900047,267,163,104
122900048,44,195,-151
122900049,1812,167,1645
122900051,115,132,-17
122900052,41,195,-154
122900053,21,16,5
122900055,301,144,157
122900057,275,26,249
122900061,440,223,217
122900062,358,502,-144
122900063,206,520,-314
122900064,1124,792,332
122900065,390,206,184
122900066,439,284,155
122900067,2036,1021,1015
122900068,224,542,-318
122900069,220,1925,-1705
122900070,188,46,142
122900071,142,482,-340
122900072,14,783,-769
122900073,48,363,-315
122900074,232,903,-671
122900075,1,57,-56
122900076,2,272,-270
122900077,0,210,-210
122900078,76,208,-132
122900080,66,22,44
122900081,188,181,7
122900082,583,257,326
122900083,220,110,110
122900084,7,352,-345
122900086,15,45,-30
122900087,105,683,-578
122900088,41,70,-29
122900089,10,216,-206
122900090,14,734,-720
122900091,89,0,89
122900092,2,268,-266
122900093,1,535,-534
122900094,7,318,-311
122900095,138,6,132
122900096,134,401,-267
122900097,28,15,13
122900098,95,159,-64
122900099,21,6,15
122900100,763,376,387
122900101,719,261,458
122900102,16,18,-2
122900103,44,5,39
122900104,83,10,73
122900105,7,5,2
122900106,4,128,-124
122900107,10,245,-235
122900108,9,266,-257
123000001,2524,484,2040
123000002,7737,3029,4708
123000003,4080,2869,1211
123000004,3883,5912,-2029
123000005,2547,2529,18
123000006,3143,3938,-795
123000007,3185,2664,521
123000008,2760,4852,-2092
123000009,4543,3076,1467
123000010,4038,4856,-818
123000011,3233,753,2480
123000012,1062,3018,-1956
123000013,3287,898,2389
123000014,1404,4837,-3433
123000015,5533,708,4825
123000016,7648,3327,4321
123000017,3701,1400,2301
123000018,35,123,-88
123000019,136,360,-224
123000020,126,158,-32
123000021,68,161,-93
123000022,549,1153,-604
123000023,1284,1309,-25
123000024,994,552,442
123000025,14,103,-89
123000026,1,104,-103
123000027,271,589,-318
123000028,1388,240,1148
123000029,927,608,319
123000030,190,862,-672
123000031,82,573,-491
123000032,206,387,-181
123000033,162,83,79
123000034,736,626,110
123000035,193,311,-118
123000036,302,760,-458
123000037,260,428,-168
123000038,96,225,-129
123000039,591,903,-312
123000040,1184,410,774
123000041,1171,794,377
123000042,973,493,480
123000043,5077,4949,128
123000044,7794,2799,4995
123000045,13940,2518,11422
123000046,1075,884,191
123000047,2708,1505,1203
123000048,108,441,-333
123000049,9798,5144,4654
123000050,907,1294,-387
123000051,110,160,-50
123000052,590,2784,-2194
123000053,2564,3692,-1128
123000054,1286,1476,-190
123000055,2526,1446,1080
123000056,1358,2261,-903
123000057,22386,6215,16171
123000058,838,773,65
123000059,526,582,-56
123000060,663,342,321
123000061,178,889,-711
123000063,801,736,65
123000064,888,199,689
123000065,9893,3918,5975
123000066,1196,921,275
123000067,420,648,-228
123000068,3821,4597,-776
123000069,10729,4893,5836
123000070,345,1127,-782
123000071,653,1444,-791
123000072,976,1957,-981
123000073,795,973,-178
123000074,829,2418,-1589
123000075,333,1017,-684
123000076,504,1301,-797
123000077,2376,4653,-2277
123000078,1130,1949,-819
123000079,1075,2258,-1183
123000080,2286,3368,-1082
123000081,181,862,-681
123000082,505,1497,-992
123000083,895,133,762
123000084,397,768,-371
123000085,135,211,-76
123000086,286,596,-310
123000087,123,655,-532
123000088,921,1612,-691
123000089,444,1614,-1170
123000090,1178,1378,-200
123000091,1736,1751,-15
123000092,1214,1285,-71
123000094,402,357,45
123000095,364,749,-385
123000096,378,539,-161
123000097,332,1430,-1098
123000098,581,650,-69
123000099,598,1210,-612
123000100,571,717,-146
123000101,704,499,205
123000102,660,692,-32
123000104,383,326,57
123000105,637,611,26
123000106,549,371,178
123000107,445,658,-213
123000108,975,1682,-707
123000111,566,331,235
123000112,755,683,72
123000113,540,2388,-1848
123000114,423,462,-39
123000115,243,331,-88
123000116,36,179,-143
123000117,1328,2710,-1382
123000118,442,1325,-883
123000119,236,1327,-1091
123000120,420,1158,-738
123000121,441,752,-311
123000122,341,286,55
123000123,366,662,-296
123000124,619,690,-71
123000125,1136,891,245
123000126,1937,2701,-764
123000127,1436,1097,339
123000128,246,440,-194
123000129,416,236,180
123000130,442,100,342
123000131,660,592,68
123000132,321,735,-414
123000133,396,442,-46
123000134,597,164,433
123000135,1396,1375,21
123000136,258,1743,-1485
123000137,117,554,-437
123000138,84,611,-527
123000139,322,137,185
123000140,182,1052,-870
123000141,798,113,685
123000142,1023,1218,-195
123000143,1255,3030,-1775
123000144,38,40,-2
123000145,215,314,-99
123000146,49,147,-98
123000147,104,184,-80
123000149,308,295,13
123000150,199,222,-23
123000151,260,426,-166
123000152,71,443,-372
123000153,183,536,-353
123000154,2248,1640,608
123000155,2935,1051,1884
123000156,67,102,-35
123000157,585,938,-353
123000158,724,620,104
123000159,3386,2080,1306
123000160,787,547,240
123000161,1390,989,401
123000162,403,1425,-1022
123000163,328,66,262
123000164,1006,272,734
123000165,360,2421,-2061
123000166,48,232,-184
123000167,111,410,-299
123000168,207,414,-207
123000169,506,142,364
123000170,62,457,-395
123000171,288,103,185
123000172,235,866,-631
123000173,454,225,229
123000174,909,277,632
123000175,1113,1677,-564
123000176,1132,202,930
123000177,400,1381,-981
123000178,511,152,359
123000179,44,963,-919
123000180,1282,371,911
123000181,398,1967,-1569
123000182,185,753,-568
123000183,187,342,-155
123000184,86,1075,-989
123000185,378,478,-100
123000186,5,794,-789
123000187,387,3,384
123000188,90,1,89
123000189,169,204,-35
123000190,42,61,-19
123000192,32,416,-384
123000193,52,699,-647
123000194,608,356,252
123000195,182,19,163
123000196,185,15,170
123000197,56,142,-86
123000198,23,229,-206
123000199,5,625,-620
123000200,369,6,363
123000201,668,17,651
123000202,36,1616,-1580
123000203,702,70,632
123000204,103,1419,-1316
123000205,558,2523,-1965
123000206,1570,191,1379
123000207,71,1209,-1138
123000208,341,109,232
123000209,1558,424,1134
123000210,488,2039,-1551
123000211,665,3495,-2830
123000212,1831,420,1411
123000213,407,57,350
123000215,173,88,85
123000216,269,349,-80
123000217,168,25,143
123000218,139,459,-320
123000219,1254,61,1193
123000220,464,110,354
123000221,117,216,-99
123000222,319,911,-592
123000223,169,778,-609
123000224,312,748,-436
123000225,307,114,193
123000226,88,511,-423
123000227,79,414,-335
123000228,234,70,164
123000229,1195,2357,-1162
123000232,141,759,-618
123000233,501,208,293
123000234,118,928,-810
123000235,418,397,21
123000236,221,1219,-998
123000237,205,122,83
123000238,68,944,-876
123000239,473,2623,-2150
123000240,47,385,-338
123000241,1027,191,836
123000242,104,264,-160
123000243,431,1270,-839
123000244,865,628,237
123000245,98,209,-111
123000249,344,755,-411
123000252,641,209,432
123000253,621,454,167
123000254,550,1278,-728
123000255,858,918,-60
123000256,19,326,-307
123000257,4116,2767,1349
123000258,983,1377,-394
123000259,181,501,-320
123000260,431,877,-446
123000261,133,301,-168
123000262,105,361,-256
123000263,343,154,189
123000264,164,62,102
123000265,51,244,-193
123000266,417,922,-505
123000267,291,354,-63
123000268,42,92,-50
123000269,32,42,-10
123000270,19,40,-21
123000271,71,98,-27
123000272,846,262,584
123000273,247,451,-204
123000274,1257,424,833
123000275,323,1429,-1106
123000278,3795,2780,1015
123000279,70,126,-56
123000280,291,437,-146
123000281,164,108,56
123000282,79,289,-210
123000283,82,28,54
123000284,36,151,-115
123000286,328,292,36
123000287,521,295,226
123000288,869,631,238
123000289,600,777,-177
123000291,486,1065,-579
123000294,173,271,-98
123000295,824,1150,-326
123000296,267,503,-236
123000297,283,1136,-853
123000298,258,957,-699
123000299,44,349,-305
123000300,651,777,-126
123000301,70,235,-165
123000302,58,297,-239
123000303,88,128,-40
123000305,988,945,43
123000306,52,343,-291
123000309,39,84,-45
123000310,55,29,26
123000311,0,138,-138
123000312,849,1291,-442
123000313,208,317,-109
123000315,111,499,-388
123000316,2007,40,1967
123000317,237,55,182
123000318,53,346,-293
123000329,9,21,-12
123000337,227,272,-45
123000338,754,67,687
123000339,105,322,-217
123000340,160,535,-375
123000342,2,7,-5
123000343,77,1,76
123000344,1385,520,865
123000345,385,767,-382
123000346,203,87,116
123000352,2693,942,1751
123000353,30,110,-80
123000354,131,4,127
123000355,1,540,-539
123000356,213,7,206
123000357,2,370,-368
123000359,1,342,-341
123000360,162,33,129
123000361,706,338,368
123000362,297,197,100
123000363,92,306,-214
123000364,521,352,169
123000365,28,352,-324
123000366,309,1573,-1264
123000367,241,1462,-1221
123000370,29,487,-458
123000371,466,18,448
123000372,213,27,186
123000373,13,555,-542
123000374,8,283,-275
123000375,196,28,168
123000376,711,581,130
123000377,287,26,261
123000378,20,604,-584
123000379,0,259,-259
123000380,62,310,-248
123000381,165,42,123
123000382,1758,115,1643
123000383,359,890,-531
123000384,507,94,413
123000385,513,790,-277
123000436,53,961,-908
123000507,202,493,-291
123000508,332,517,-185
123000517,305,26,279
123000518,49,352,-303
123000519,125,71,54
123000520,87,355,-268
123000521,292,129,163
123000522,198,777,-579
123000541,2,0,2
123000542,1,28,-27
123000565,0,0,0
123000566,394,1075,-681
123000567,132,321,-189
123000573,55,1284,-1229
123000574,387,81,306
123000575,965,1748,-783
123000576,723,2523,-1800
123000577,118,821,-703
123000578,832,116,716
123000579,7862,3300,4562
123000580,69,9,60
123000582,302,37,265
123000583,28,734,-706
123000584,138,220,-82
123000585,0,183,-183
123000586,113,41,72
123000596,81,176,-95
123000597,50,94,-44
123000602,16,3,13
123000603,278,1027,-749
123000604,368,1636,-1268
123000605,759,107,652
123000606,0,278,-278
123000609,23,386,-363
123000610,195,102,93
123000613,22,145,-123
123000614,126,54,72
123000615,20,162,-142
123000616,217,64,153
123000617,91,619,-528
123000618,113,920,-807
123000619,581,41,540
123000620,25,735,-710
123000622,297,25,272
123000624,84,40,44
123000630,534,409,125
123000631,249,2421,-2172
123000632,1133,1587,-454
123000633,0,231,-231
123000634,82,62,20
123000635,321,105,216
123000636,30,804,-774
123000637,115,170,-55
123000638,383,167,216
123000639,1519,2267,-748
123000640,43,1371,-1328
123900001,1812,73,1739
123900002,22,1159,-1137
123900003,403,854,-451
123900005,157,129,28
123900006,124,19,105
124000001,1465,128,1337
124000002,157,2350,-2193
124000003,530,178,352
124000004,72,955,-883
124000005,761,202,559
124000006,302,2025,-1723
124000007,617,120,497
124000008,14,618,-604
124000009,222,324,-102
124000010,147,620,-473
124000011,672,375,297
124000012,318,1149,-831
124000017,94,114,-20
124000018,121,118,3
124000019,95,105,-10
124000020,77,256,-179
124000021,82,83,-1
124000022,108,310,-202
124000023,1164,1291,-127
124000024,1117,820,297
124000025,1215,1388,-173
124000026,1319,1231,88
124000027,6203,3686,2517
124000028,3952,4372,-420
124000030,4262,1508,2754
124000031,731,1043,-312
124000032,5426,1173,4253
124000033,5,112,-107
124000034,2711,718,1993
124000035,54,93,-39
124000036,90,202,-112
124000037,562,564,-2
124000038,95,65,30
124000039,1285,368,917
124000040,768,870,-102
124000041,307,105,202
124000042,67,514,-447
124000043,66,100,-34
124000044,53,350,-297
124000045,478,632,-154
124000046,236,969,-733
124000047,946,1021,-75
124000048,720,2530,-1810
124000049,1067,725,342
124000050,652,3011,-2359
124000051,480,515,-35
124000052,572,1834,-1262
124000053,468,1060,-592
124000054,1003,950,53
124000055,1266,1528,-262
124000056,4579,1817,2762
124000057,704,479,225
124000058,424,1775,-1351
124000059,528,697,-169
124000060,1317,1204,113
124000061,1577,3141,-1564
124000062,6690,1846,4844
124000063,1514,1778,-264
124000064,2926,2086,840
124000065,74,227,-153
124000066,539,258,281
124000067,91,304,-213
124000068,7,20,-13
124000069,66,33,33
124000070,33,151,-118
124000071,103,87,16
124000072,173,708,-535
124000073,677,90,587
124000074,236,1211,-975
124000075,157,23,134
124000076,9,303,-294
124000077,1909,780,1129
124000078,2615,585,2030
124000079,640,1248,-608
124000080,301,157,144
124000081,143,967,-824
124000082,8,127,-119
124000083,36,194,-158
124000084,77,231,-154
124000085,96,66,30
124000086,44,107,-63
124000087,78,64,14
124000088,217,612,-395
124000089,561,497,64
124000090,78,551,-473
124000091,400,150,250
124000092,99,883,-784
124000093,81,92,-11
124000094,150,512,-362
124000095,64,62,2
124000096,123,324,-201
124000097,69,75,-6
124000098,69,143,-74
124000099,158,111,47
124000100,31,200,-169
124000101,52,101,-49
124000102,98,121,-23
124000103,56,92,-36
124000104,105,107,-2
124000105,51,69,-18
124000106,121,138,-17
124000107,21,125,-104
124000108,121,43,78
124000109,82,45,37
124000110,163,194,-31
124000111,149,158,-9
124000112,514,894,-380
124000113,44,74,-30
124000114,246,735,-489
124000115,407,1015,-608
124000116,86,103,-17
124000117,68,121,-53
124000118,25,47,-22
124000119,895,812,83
124000120,493,628,-135
124000121,1605,492,1113
124000122,658,1267,-609
124000123,890,406,484
124000124,552,1115,-563
124000125,411,432,-21
124000126,382,657,-275
124000127,767,406,361
124000128,718,1190,-472
124000129,2138,1615,523
124000130,854,616,238
124000131,922,504,418
124000132,996,891,105
124000133,764,807,-43
124000134,906,724,182
124000135,1738,1742,-4
124000136,1044,1177,-133
124000137,1286,766,520
124000138,1439,1257,182
124000139,436,17,419
124000140,31,503,-472
124000141,52,9,43
124000142,6,191,-185
124000143,30,11,19
124000144,13,77,-64
124000145,41,19,22
124000146,20,172,-152
124000148,12,39,-27
124000149,847,325,522
124000150,327,617,-290
124000151,607,283,324
124000152,736,1228,-492
124000153,714,512,202
124000154,534,936,-402
124000155,1138,679,459
124000156,1577,1121,456
124000169,185,309,-124
124000170,815,516,299
124000171,229,265,-36
124000172,468,801,-333
124000173,297,350,-53
124000174,284,978,-694
124000175,10,157,-147
124000176,29,7,22
124000177,17,35,-18
124000178,21,28,-7
124000190,173,66,107
124000191,438,75,363
124000192,2800,370,2430
124000193,581,1330,-749
124000194,411,666,-255
124000195,231,581,-350
124000196,974,1507,-533
124000197,42,60,-18
124000198,34,28,6
124000201,362,1442,-1080
124000202,436,230,206
124000203,166,1348,-1182
124000204,382,709,-327
124000205,42,938,-896
124000206,349,495,-146
124000207,1,62,-61
124000209,227,953,-726
124000210,199,263,-64
124000211,219,1,218
124000212,0,816,-816
124000213,184,515,-331
124000214,197,1117,-920
124000215,115,7,108
124000216,1,724,-723
124000329,112,3093,-2981
124000338,61,1706,-1645
124000339,366,154,212
124000341,506,95,411
124000344,40,20,20
124000357,772,1533,-761
124000358,657,982,-325
124000359,643,457,186
124000360,395,335,60
124000361,1215,775,440
124000362,1988,2642,-654
124000363,293,508,-215
124000364,521,933,-412
124000365,623,1449,-826
124000366,1941,1105,836
124000367,122,689,-567
124000368,197,147,50
124000369,182,88,94
124000370,103,901,-798
124000402,26,8,18
124000403,45,14,31
124000404,8,118,-110
124000405,1158,840,318
124000406,1146,985,161
124000407,2,36,-34
124000411,4,552,-548
124000412,204,12,192
124000413,282,60,222
124000414,58,122,-64
124000415,63,225,-162
124000416,162,486,-324
124000417,133,156,-23
124000418,109,146,-37
124000419,72,256,-184
124000420,36,74,-38
124000421,47,381,-334
124000422,27,21,6
124000423,117,40,77
124000424,3,146,-143
124000425,17,14,3
124000426,3,80,-77
124000427,16,25,-9
124000428,26,37,-11
124000429,28,81,-53
124000430,503,889,-386
124000431,265,846,-581
124000432,181,876,-695
124000439,2,12,-10
124000443,0,5,-5
124000445,157,486,-329
124000446,2317,93,2224
124900001,299,280,19
124900002,151,585,-434
124900003,593,547,46
124900004,369,390,-21
124900005,259,351,-92
124900006,403,454,-51
124900008,1067,539,528
124900009,127,212,-85
124900010,130,61,69
124900011,300,146,154
124900012,422,61,361
124900013,285,124,161
124900014,125,132,-7
124900015,117,212,-95
124900016,45,82,-37
124900017,670,406,264
124900018,19,9,10
124900020,45,49,-4
124900021,190,37,153
124900022,20,9,11
124900024,185,16,169
124900026,171,35,136
124900027,53,194,-141
124900028,820,179,641
124900029,10,386,-376
124900030,7,206,-199
124900031,25,477,-452
124900032,251,211,40
124900033,61,495,-434
124900034,8,131,-123
124900035,175,587,-412
124900036,2,83,-81
124900037,191,466,-275
124900038,343,421,-78
124900039,1,34,-33
124900040,53,98,-45
124900041,179,1440,-1261
124900042,45,2,43
124900043,333,1381,-1048
124900044,57,4,53
124900045,777,1072,-295
124900046,1870,288,1582
124900047,135,232,-97
124900048,137,208,-71
124900050,168,391,-223
124900052,68,479,-411
124900053,79,519,-440
124900054,3204,359,2845
124900055,0,135,-135
124900057,7,98,-91
124900060,63,273,-210
124900061,20,7,13
124900062,57,13,44
124900066,0,20,-20
124900067,9,187,-178
124900068,196,308,-112
124900070,53,28,25
124900072,62,22,40
124900074,284,440,-156
124900075,131,252,-121
124900076,28,594,-566
124900077,30,125,-95
124900078,63,6,57
124900079,902,74,828
124900080,222,935,-713
124900081,511,177,334
124900082,347,1086,-739
124900083,168,694,-526
124900084,2848,128,2720
124900085,1461,246,1215
124900086,102,830,-728
124900087,667,102,565
124900088,776,122,654
124900089,1614,39,1575
124900090,198,208,-10
124900091,253,754,-501
124900092,185,568,-383
124900093,191,208,-17
124900094,187,252,-65
124900095,113,382,-269
124900096,559,196,363
124900097,222,76,146
124900098,159,532,-373
124900099,850,477,373
124900100,301,56,245
124900101,27,479,-452
124900102,147,26,121
124900103,91,426,-335
124900104,58,247,-189
124900105,61,192,-131
124900106,300,39,261
124900107,88,32,56
124900108,226,36,190
124900109,45,110,-65
124900110,192,505,-313
124900111,1,66,-65
124900112,43,1041,-998
124900113,120,194,-74
124900114,220,100,120
124900115,71,42,29
124900116,125,134,-9
124900117,690,157,533
124900118,149,128,21
124900119,307,97,210
124900120,17,492,-475
124900121,116,228,-112
124900122,663,270,393
124900123,416,75,341
124900124,180,203,-23
129000186,122,34,88
204000001,34,7,27
204000002,30,3,27
204000003,37,3,34
204000004,6,4,2
204000005,390,375,15
204000006,842,1097,-255
204000011,15,72,-57
204000012,71,89,-18
204000013,1,26,-25
204000019,482,548,-66
204000020,339,700,-361
204000021,1569,756,813
204000022,449,507,-58
204000023,456,1204,-748
204000031,71,39,32
204000032,538,35,503
204000034,16,333,-317
204000035,2,0,2
204000036,11,27,-16
204000037,0,7,-7
204000038,1,24,-23
204000039,11,31,-20
204000040,16,55,-39
204000041,10,59,-49
204000042,25,11,14
204000043,22,7,15
204000044,32,3,29
204000045,49,6,43
204000046,46,10,36
204000057,8,51,-43
204000062,6,35,-29
204000068,29,172,-143
204000069,22,231,-209
204000070,33,117,-84
204000080,28,63,-35
204000085,1622,1760,-138
204000086,2977,2129,848
204000087,41,19,22
204000088,14,140,-126
204000090,8,437,-429
204000093,197,51,146
204000096,611,768,-157
204000097,185,22,163
204000099,774,1212,-438
204000100,924,1146,-222
204000105,2149,1784,365
204000110,634,1260,-626
204000111,307,781,-474
204000112,520,981,-461
204000113,332,997,-665
204000114,525,551,-26
204000115,269,378,-109
204000116,568,470,98
204000119,1610,1967,-357
204000132,447,193,254
204000133,544,256,288
204000134,98,133,-35
204000135,246,80,166
204000136,294,244,50
204000138,213,195,18
204000140,146,89,57
204000141,72,83,-11
204000144,10,22,-12
204000145,487,42,445
204000146,19,540,-521
204000147,10,117,-107
204000148,268,27,241
204000154,4,1,3
204000155,9,11,-2
204000177,119,76,43
204000179,19,5,14
204000180,0,31,-31
204000222,5,55,-50
204000235,15,22,-7
204000236,105,408,-303
204000238,14,53,-39
204000240,309,80,229
204000263,411,1268,-857
204000268,1129,548,581
204000308,218,27,191
204000317,11,84,-73
204000322,0,41,-41
204000323,40,15,25
204000328,239,85,154
204000329,71,122,-51
204000330,185,21,164
204000331,28,147,-119
204010341,14,304,-290
205000001,1212,1578,-366
205000013,10,104,-94
205000014,9,102,-93
205000015,45,238,-193
205000016,20,214,-194
205000017,21,123,-102
205000022,280,657,-377
205000025,1500,1001,499
205000029,214,4,210
205000045,90,281,-191
205000046,60,544,-484
205000047,61,600,-539
205000048,186,1131,-945
205000049,154,808,-654
205000050,1095,345,750
205000059,0,275,-275
205000060,0,70,-70
205000061,1,56,-55
205000062,1,39,-38
205000063,7,82,-75
205000064,15,122,-107
205000065,64,788,-724
205000066,95,851,-756
205000067,34,994,-960
205000069,182,35,147
205000082,186,250,-64
205000110,71,190,-119
205000111,179,264,-85
205000112,108,167,-59
205000113,213,293,-80
205000121,219,43,176
205000123,66,267,-201
205000126,278,128,150
205000127,573,151,422
205000128,429,86,343
205000129,475,77,398
205000130,273,17,256
205000131,404,4,400
205000132,400,1,399
205000133,211,2,209
205000134,165,0,165
205000137,132,135,-3
205000138,235,341,-106
205000139,31,113,-82
205000144,89,55,34
205000145,327,158,169
205000151,156,39,117
205000152,88,39,49
205000153,154,37,117
205000154,105,53,52
205000155,56,15,41
205000207,13,194,-181
205000233,8,0,8
205000234,0,0,0
205000243,0,0,0
205000244,0,2,-2
205000245,11,421,-410
205000249,0,57,-57
205000250,1,2,-1
205000264,1,87,-86
206000027,4,3,1
206000028,5,0,5
206000043,11,170,-159
206000053,1,16,-15
206000054,4,36,-32
206000055,0,22,-22
206000075,8,6,2
206000076,18,16,2
206000077,14,6,8
206000078,5,3,2
206000079,19,6,13
206000082,530,20,510
206000100,83,878,-795
206000103,2,21,-19
206000104,11,43,-32
206000105,5,35,-30
206000106,7,38,-31
206000108,649,24,625
206000125,31,0,31
206000157,88,985,-897
206000170,1,376,-375
206000171,8,357,-349
206000172,10,1552,-1542
206000173,3,494,-491
206000174,11,231,-220
206000175,2,315,-313
206000176,21,582,-561
206000177,2,403,-401
206000178,3,281,-278
206000179,11,172,-161
206000180,24,263,-239
206000181,18,523,-505
206000182,9,499,-490
206000183,23,1490,-1467
206000184,6,654,-648
206000185,14,583,-569
206000186,131,2566,-2435
206000223,6,492,-486
206000226,12,11,1
206000227,32,0,32
206000237,26,561,-535
206000238,41,917,-876
206000239,785,3498,-2713
206000240,0,62,-62
206000241,0,180,-180
206000242,7,803,-796
206000243,12,717,-705
206000244,61,1514,-1453
206000245,300,35,265
206000246,64,6,58
206000247,94,11,83
206000248,172,15,157
206000252,55,27,28
206000258,22,40,-18
206000315,27,5,22
206000317,242,81,161
206000318,165,33,132
206000319,517,61,456
206000320,66,50,16
206000321,48,14,34
206000322,182,15,167
206000323,74,4,70
206000324,44,6,38
206000325,131,6,125
206000326,102,11,91
206000327,134,10,124
206000328,68,7,61
206000329,110,7,103
206000330,31,11,20
206000331,132,3,129
206000332,12,10,2
206000333,250,2,248
206000334,107,0,107
206000335,0,29,-29
206000361,5,300,-295
206000392,3,54,-51
206000405,93,0,93
206000441,8,14,-6
206000498,31,4,27
206000515,125,24,101
206000530,82,58,24
206000531,88,59,29
206000532,3262,85,3177
206000535,555,2461,-1906
206000536,15,306,-291
206000537,10,260,-250
206000613,1317,176,1141
207000001,150,501,-351
207000002,109,323,-214
207000003,119,217,-98
207000007,530,242,288
207000008,50,18,32
207000009,60,24,36
207000010,564,757,-193
207000012,234,250,-16
207000015,391,2199,-1808
207000019,128,85,43
207000021,513,162,351
207000022,89,103,-14
207000023,142,48,94
207000024,1,11,-10
207000025,8,39,-31
207000026,95,57,38
207000027,15,115,-100
207000028,66,271,-205
207000029,315,506,-191
207000033,182,267,-85
207000034,194,53,141
207000039,212,145,67
207000040,196,130,66
207000041,68,45,23
207000042,207,86,121
207000043,171,193,-22
207000051,104,522,-418
207000052,15,249,-234
207000053,479,730,-251
207000054,30,146,-116
207000055,85,216,-131
207000056,229,503,-274
207000057,143,321,-178
207000058,107,528,-421
207000059,79,922,-843
207000060,42,305,-263
207000061,108,184,-76
207000062,158,54,104
207000063,118,142,-24
207000064,290,189,101
207000065,284,236,48
207000066,101,193,-92
207000067,37,136,-99
207000068,104,66,38
207000069,647,340,307
207000082,40,455,-415
207000083,68,611,-543
207000084,119,250,-131
207000085,132,16,116
207000086,70,10,60
207000106,39,25,14
207000107,39,15,24
207000108,32,8,24
207000109,36,9,27
207000110,35,56,-21
207000111,57,71,-14
207000112,164,318,-154
207000114,16,30,-14
207000115,23,118,-95
207000116,12,381,-369
207000117,9,123,-114
207000118,4,125,-121
207000119,41,189,-148
207000123,203,32,171
207000124,69,23,46
207000125,25,29,-4
207000126,66,36,30
207000134,32,323,-291
207000135,32,422,-390
207000148,30,175,-145
207000149,80,48,32
207000152,164,435,-271
207000153,1455,1231,224
207000154,607,124,483
207000159,74,452,-378
207000160,122,969,-847
207000238,1,95,-94
207000242,4,201,-197
207000248,28,21,7
207000249,150,71,79
207000250,791,100,691
207000251,69,97,-28
207000252,57,86,-29
207000278,61,91,-30
207000279,16,337,-321
207000280,200,79,121
207000281,73,1638,-1565
207000282,256,44,212
207000283,163,296,-133
207000284,48,89,-41
207000285,171,39,132
207000291,11,146,-135
207000304,151,136,15
207000306,98,461,-363
207000310,55,63,-8
207000353,207,6,201
207000356,11,14,-3
207000357,153,12,141
207000358,240,11,229
207000415,1,178,-177
207000417,33,3,30
207000418,105,139,-34
207000438,0,4,-4
207000439,1261,367,894
207000446,123,13,110
207000460,13,9,4
207000466,177,276,-99
207000467,101,106,-5
207000468,36,821,-785
207000476,7,135,-128
207000477,319,153,166
207000478,29,25,4
207000523,0,10,-10
207000524,16,0,16
207000527,100,141,-41
207000530,263,3,260
207000531,239,10,229
207000532,143,45,98
207000534,646,32,614
207000535,50,295,-245
207000537,25,123,-98
207000540,10,209,-199
207000541,4,331,-327
207000548,8,320,-312
207000549,201,18,183
207000561,96,205,-109
207000562,47,163,-116
207000567,188,306,-118
207000568,86,164,-78
207000569,231,1478,-1247
207000584,416,233,183
207000585,117,309,-192
207000616,0,313,-313
207000617,115,1,114
207900008,93,352,-259
208000001,409,647,-238
208000002,397,450,-53
208000003,686,484,202
208000004,768,634,134
208000005,11,31,-20
208000019,521,1003,-482
208000020,187,496,-309
208000021,124,677,-553
208000022,765,927,-162
208000028,1346,1000,346
208000033,391,842,-451
208000034,1112,1865,-753
208000040,142,198,-56
208000041,835,521,314
208000042,810,542,268
208000047,103,461,-358
208000064,2886,1316,1570
208000066,1568,1062,506
208000070,206,490,-284
208000071,290,983,-693
208000072,264,1395,-1131
208000080,193,328,-135
208000081,173,181,-8
208000082,226,368,-142
208000083,108,395,-287
208000084,22,16,6
208000085,749,544,205
208000086,377,903,-526
208000087,289,807,-518
208000089,755,826,-71
208000090,620,1361,-741
208000093,56,130,-74
208000094,382,576,-194
208000095,429,415,14
208000104,849,977,-128
208000105,616,1101,-485
208000114,67,195,-128
208000115,571,512,59
208000116,273,923,-650
208000117,78,147,-69
208000118,63,113,-50
208000155,465,1029,-564
208000158,1810,3117,-1307
208000186,3591,2346,1245
208000204,427,1103,-676
208000205,888,1572,-684
208000282,4308,1947,2361
209000004,132,217,-85
209000005,21,34,-13
209000006,471,98,373
209000007,281,267,14
209000010,589,130,459
209000011,180,213,-33
209000012,98,204,-106
209000013,169,622,-453
209000014,727,1904,-1177
209000025,188,31,157
209000026,451,85,366
209000027,366,1203,-837
209000028,325,1203,-878
209000029,679,1059,-380
209000030,575,1915,-1340
209000031,3955,3167,788
209000034,110,123,-13
209000035,89,126,-37
209000036,112,79,33
209000037,146,172,-26
209000038,70,128,-58
209000039,29,148,-119
209000040,275,498,-223
209000041,202,417,-215
209000042,236,346,-110
209000043,715,635,80
209000044,183,590,-407
209000045,1011,507,504
209000046,292,555,-263
209000047,245,195,50
209000048,373,279,94
209000049,91,177,-86
209000050,159,253,-94
209000051,263,450,-187
209000052,130,441,-311
209000062,50,231,-181
209000063,29,167,-138
209000064,23,206,-183
209000065,25,31,-6
209000066,27,32,-5
209000067,34,75,-41
209000080,16,181,-165
209000082,62,47,15
209000091,52,122,-70
209000093,131,52,79
209000094,213,187,26
209000110,43,79,-36
209000111,386,937,-551
209000112,625,433,192
209000113,1226,352,874
209000114,291,383,-92
209000115,60,240,-180
209000116,930,808,122
209000118,23,49,-26
209000119,28,10,18
209000121,115,790,-675
209000135,62,110,-48
209000142,643,851,-208
209000143,81,116,-35
209000144,41,101,-60
209000229,172,182,-10
209000240,28,472,-444
209000259,118,137,-19
209000260,134,1233,-1099
209000261,14,782,-768
209000262,4,594,-590
209000263,0,197,-197
209000264,0,208,-208
209000265,395,0,395
209000266,85,1,84
209000267,882,13,869
209000268,567,31,536
210000037,57,24,33
210000047,45,21,24
210000048,41,34,7
210000049,63,48,15
210000052,32,182,-150
210000053,8,115,-107
210000054,49,113,-64
210000070,88,4,84
210000071,49,0,49
210000072,20,1,19
210000073,0,25,-25
210000074,0,114,-114
210000075,2,71,-69
210000076,28,133,-105
210000077,38,32,6
210000078,61,48,13
210000079,53,15,38
210000080,169,50,119
210000081,154,10,144
210000082,30,2,28
210000083,70,0,70
210000084,28,0,28
210000085,1,78,-77
210000086,6,109,-103
210000099,37,244,-207
210000100,25,227,-202
210000101,51,235,-184
210000105,38,187,-149
210000159,0,138,-138
210000163,228,262,-34
210000164,433,109,324
210000168,165,37,128
210000187,0,10,-10
210000188,0,20,-20
210000214,96,3,93
210000219,27,58,-31
210000220,34,104,-70
210000232,4,18,-14
210000233,19,66,-47
210000234,31,143,-112
210000235,38,173,-135
210000245,2,27,-25
210000246,76,31,45
210000258,7,116,-109
210000259,255,39,216
210000282,60,199,-139
210000285,2,98,-96
210000286,17,174,-157
210000290,2,6,-4
210000295,32,194,-162
210000296,58,63,-5
210000320,175,137,38
210000321,90,127,-37
210000338,51,91,-40
210000339,519,972,-453
210000340,115,278,-163
210000341,134,271,-137
210000342,172,180,-8
210000343,133,251,-118
210000344,273,129,144
210000345,220,197,23
210000346,88,101,-13
210000347,231,40,191
210000348,155,26,129
210000349,96,19,77
210000350,78,87,-9
210000351,87,108,-21
210000352,56,90,-34
210000353,31,103,-72
210000354,67,124,-57
210000355,41,85,-44
210000356,78,69,9
210000357,62,51,11
210000358,345,99,246
210000359,128,68,60
210000360,138,109,29
210000361,123,143,-20
210000362,191,150,41
210000363,888,134,754
210000364,75,160,-85
210000365,109,56,53
210000366,96,55,41
210000367,63,27,36
210000368,139,27,112
210000369,23,26,-3
210000370,51,61,-10
210000372,39,31,8
210000373,112,14,98
210000374,45,15,30
210000375,17,112,-95
210000376,60,190,-130
210000404,105,125,-20
210000439,35,61,-26
210000472,86,8,78
210000482,72,91,-19
210000564,612,243,369
210000567,0,13,-13
210000568,694,3,691
211000092,14,89,-75
211000094,15,6,9
211000169,196,13,183
211000172,15,260,-245
211000209,2,21,-19
211000226,20,25,-5
211000270,13,10,3
211000275,13,30,-17
211000276,24,43,-19
211000279,10,67,-57
211000281,44,74,-30
211507980,6,45,-39
211977296,40,7,33
212000003,85,88,-3
212000004,59,18,41
212000005,32,28,4
212000006,36,61,-25
212000008,103,257,-154
212000009,17,184,-167
212000012,52,86,-34
212000013,17,74,-57
212000014,214,174,40
212000015,187,252,-65
212000016,435,624,-189
212000027,439,535,-96
212000028,223,424,-201
212000029,168,282,-114
212000030,43,28,15
212000031,39,62,-23
212000048,34,100,-66
212000049,10,63,-53
212000050,14,7,7
212000051,153,252,-99
212000052,152,444,-292
212000053,314,629,-315
212000054,127,164,-37
212000055,227,261,-34
212000056,7,55,-48
212000057,8,39,-31
212000058,267,36,231
212000070,87,325,-238
212000077,119,737,-618
212000099,195,312,-117
212000108,184,227,-43
212000111,142,146,-4
212000120,118,109,9
212000138,84,29,55
212000156,4,115,-111
212000158,10,13,-3
212000159,261,76,185
212000160,434,280,154
212000161,28,4,24
212000310,22,22,0
212000311,14,78,-64
212000374,16,10,6
213000001,33,874,-841
213000005,326,132,194
213000006,1250,230,1020
213000007,125,10,115
213000009,589,273,316
213000010,170,257,-87
213000011,202,104,98
213000012,135,534,-399
213000014,39,13,26
213000015,141,9,132
213000016,233,2,231
213000017,26,0,26
213000018,4,314,-310
213000019,1,236,-235
213000020,89,490,-401
213000021,2,155,-153
213000023,259,222,37
213000033,251,996,-745
213000034,607,411,196
213000035,109,251,-142
213000045,166,235,-69
213000046,151,207,-56
213000047,504,917,-413
213000056,41,45,-4
213000069,69,4,65
213000073,0,21,-21
213000074,280,726,-446
213000075,506,6,500
213000076,11,0,11
213000085,8,47,-39
213000086,7,234,-227
213000091,128,20,108
213000092,111,20,91
213000099,141,909,-768
213000100,1243,232,1011
213000101,171,191,-20
213000102,232,544,-312
213000103,716,1185,-469
213000104,94,688,-594
213000105,7,105,-98
213000106,33,260,-227
213000107,102,899,-797
213000108,15,759,-744
213000109,3,387,-384
213000110,16,98,-82
213000111,17,85,-68
213000112,162,207,-45
213000115,27,7,20
213000116,158,1070,-912
213000117,19,1418,-1399
213000118,252,313,-61
213000119,61,1109,-1048
213000120,102,977,-875
213000122,210,1027,-817
213000123,842,2147,-1305
213000124,108,2215,-2107
213000125,171,8,163
213000126,132,100,32
213000127,220,180,40
213000128,937,960,-23
213000129,642,336,306
213000130,315,163,152
213000132,205,67,138
213000133,265,93,172
213000134,643,37,606
213000136,317,24,293
213000137,435,67,368
213000139,340,20,320
213000147,93,13,80
213000148,20,11,9
213000149,37,3,34
213000150,0,75,-75
213000151,1,93,-92
213000152,3,71,-68
213000153,2,52,-50
213000154,21,226,-205
213000155,35,382,-347
213000156,120,694,-574
213000157,603,593,10
213000158,276,917,-641
213000159,405,645,-240
213000163,375,97,278
213000165,676,221,455
213000171,1,166,-165
213000172,4,478,-474
213000173,1,413,-412
213000174,3,278,-275
213000175,8,188,-180
213000176,34,9,25
213000177,40,10,30
213000178,68,4,64
213000179,125,2,123
213000180,93,1,92
213000184,105,761,-656
213000188,316,112,204
213000189,229,51,178
213000190,823,1016,-193
213000191,172,685,-513
213000192,201,732,-531
213000193,1542,273,1269
213000194,0,40,-40
213000195,14,542,-528
213000196,172,1131,-959
213000197,276,485,-209
213000198,47,0,47
213000200,118,1413,-1295
213000201,88,74,14
213000202,20,1052,-1032
213000203,3255,528,2727
213000204,428,60,368
213000205,206,66,140
213000206,786,61,725
213000207,70,7,63
213000208,165,0,165
213000209,138,1,137
213000210,319,4,315
213000211,15,11,4
213000212,10,32,-22
213000213,9,40,-31
213000218,212,1204,-992
213000219,370,23,347
213000220,347,15,332
213000223,192,117,75
213000224,51,34,17
213000225,100,14,86
213000226,40,7,33
213000227,532,186,346
213000228,185,62,123
213000229,616,19,597
213000230,208,36,172
213000232,112,396,-284
213000233,4,33,-29
213000234,9,43,-34
213000293,14,62,-48
213000294,149,14,135
213000295,6,94,-88
213000296,78,17,61
213000297,12,139,-127
213000298,28,119,-91
213000299,61,47,14
213000300,11,6,5
213000303,5,32,-27
213000304,0,3,-3
213000305,4,14,-10
213000306,101,37,64
213000307,272,89,183
213000308,97,406,-309
213000309,175,47,128
213000310,496,102,394
213000311,340,809,-469
213000315,75,191,-116
213000316,88,64,24
213000322,83,214,-131
213000323,50,108,-58
213000324,57,64,-7
213000325,14,162,-148
213000326,44,55,-11
213000327,24,119,-95
213000328,10,96,-86
213000329,53,70,-17
213000340,107,1167,-1060
213000341,237,77,160
213000346,335,132,203
213000347,1067,193,874
213000348,17,272,-255
213000349,67,25,42
213000350,260,1966,-1706
213000366,72,470,-398
213000367,163,41,122
213000379,134,419,-285
213000386,25,263,-238
213000406,127,477,-350
213000417,1148,404,744
213000425,110,60,50
213000426,60,83,-23
213000427,30,518,-488
213000428,22,309,-287
213000429,8,8,0
213000430,159,1397,-1238
213000431,19,2,17
213000432,0,11,-11
213000433,11,187,-176
213000434,69,156,-87
213000435,65,106,-41
213000436,15,147,-132
213000437,0,49,-49
213000438,134,110,24
213000439,65,16,49
213000440,14,261,-247
213000441,4,1,3
213000442,0,57,-57
213000443,370,484,-114
213000444,41,90,-49
213000445,0,120,-120
213000446,1,14,-13
213000447,1,27,-26
213000448,9,99,-90
213000449,144,0,144
213000450,15,52,-37
213000451,220,113,107
213000452,4,26,-22
213000453,30,511,-481
213000455,456,76,380
213000456,0,232,-232
213000481,6,4,2
213000482,33,3,30
213000489,554,71,483
213000491,0,101,-101
213000492,291,41,250
213000493,0,78,-78
213000494,221,175,46
213000495,1,172,-171
213000496,294,295,-1
213000497,45,486,-441
213000498,124,352,-228
213000499,153,915,-762
213000500,262,151,111
213000501,116,26,90
213000502,207,83,124
213000503,0,101,-101
213000504,8,248,-240
213000505,2,5,-3
213000506,0,5,-5
213000507,1,176,-175
213900016,0,10,-10
213900244,23,1,22
213900245,0,30,-30
218000003,27,30,-3
218000004,52,18,34
218000005,33,44,-11
218000006,72,28,44
218000007,4,10,-6
218000012,237,116,121
218000013,75,139,-64
218000014,513,439,74
218000019,850,583,267
218000020,254,434,-180
218000021,66,143,-77
218000022,12,78,-66
218000023,3,76,-73
218000024,2,38,-36
218000025,11,56,-45
218000026,10,115,-105
218000027,2,41,-39
218000028,3,13,-10
218000029,7,5,2
218000030,26,51,-25
218000031,7,91,-84
218000032,5,47,-42
218000040,8,7,1
218000046,41,216,-175
218000047,15,263,-248
218000048,90,305,-215
218000049,371,262,109
218000050,569,413,156
218000051,75,449,-374
218000052,1,156,-155
218000053,4,17,-13
218000054,37,48,-11
218000055,21,25,-4
218000056,15,75,-60
218000057,1,47,-46
218000064,0,7,-7
218000065,48,80,-32
218000066,9,79,-70
218000067,24,85,-61
218000068,98,130,-32
218000069,120,163,-43
218000070,122,309,-187
218000071,133,270,-137
218000072,292,325,-33
218000078,569,1356,-787
218000079,48,76,-28
218000080,60,48,12
218000081,241,280,-39
218000082,17,151,-134
218000083,44,80,-36
218000084,86,249,-163
218000085,86,618,-532
218000086,34,210,-176
218000087,179,270,-91
218000090,7,82,-75
218000091,739,510,229
218000092,34,142,-108
218000093,73,114,-41
218000094,490,884,-394
218000099,329,531,-202
218000100,221,309,-88
218000101,173,225,-52
218000102,205,405,-200
218000103,116,258,-142
218000104,45,67,-22
218000105,18,8,10
218000106,9,20,-11
218000107,49,104,-55
218000108,5,57,-52
218000112,45,23,22
218000117,57,39,18
218000134,554,971,-417
218000135,46,127,-81
218000136,194,85,109
218000137,116,204,-88
218000138,26,107,-81
218000139,115,461,-346
218000140,178,198,-20
218000141,55,98,-43
218000142,114,208,-94
218000143,64,214,-150
218000144,51,103,-52
218000145,204,477,-273
218000146,51,163,-112
218000151,3,13,-10
218000152,35,49,-14
218000153,0,3,-3
218000154,7,0,7
218000155,6,4,2
218000156,35,20,15
218000157,11,15,-4
218000158,5,8,-3
218000159,2,7,-5
218000160,1,5,-4
218000161,8,11,-3
218000162,9,5,4
218000163,6,5,1
218000164,35,17,18
218000165,18,27,-9
218000170,1,31,-30
218000171,40,8,32
218000172,18,30,-12
218000173,52,21,31
218000174,6,7,-1
218000176,70,28,42
218000177,247,125,122
218000178,76,117,-41
218000179,44,49,-5
218000180,28,23,5
218000181,68,39,29
218000187,4,32,-28
218000188,37,96,-59
218000189,14,105,-91
218000190,11,29,-18
218000191,54,87,-33
218000192,131,621,-490
218000193,328,627,-299
218000194,73,619,-546
218000195,135,106,29
218000196,187,368,-181
218000197,182,477,-295
218000198,8,144,-136
218000199,34,28,6
218000200,105,69,36
218000201,6,20,-14
218000202,143,131,12
218000207,12,66,-54
218000208,48,82,-34
218000211,46,12,34
218000212,5,2,3
218000213,106,58,48
218000214,2,20,-18
218000215,56,99,-43
218000217,3,130,-127
218000218,329,112,217
218000219,34,21,13
218000220,125,351,-226
218000221,635,172,463
218000222,49,18,31
218000223,16,149,-133
218000224,7,88,-81
218000225,102,8,94
218000226,56,45,11
218000230,0,5,-5
218000232,43,109,-66
218000239,110,4,106
218000240,35,4,31
218000241,22,0,22
218000242,73,2,71
218000243,82,2,80
218000244,34,2,32
218000245,12,4,8
218000246,0,0,0
218000247,0,0,0
218000248,2,49,-47
218000249,0,3,-3
218000250,9,38,-29
218000251,6,33,-27
218000252,4,23,-19
218000253,19,19,0
218000254,0,13,-13
218000255,5,16,-11
218000256,13,50,-37
218000267,879,1312,-433
218000268,12,97,-85
218000269,13,16,-3
218000270,36,74,-38
218000271,25,102,-77
218000273,24,11,13
218000274,12,14,-2
218000275,12,28,-16
218000276,6,54,-48
218000278,11,16,-5
218000279,23,38,-15
218000280,14,38,-24
218000281,18,16,2
218000282,444,221,223
218000284,127,13,114
218000301,65,122,-57
218000302,70,46,24
218000303,97,66,31
218000316,658,1138,-480
218000317,616,1251,-635
218000318,316,1007,-691
218000319,626,1872,-1246
218000320,514,759,-245
218000338,66,31,35
218000345,83,63,20
218000346,44,160,-116
218000459,100,392,-292
218000490,28,103,-75
218000501,37,22,15
218000502,48,116,-68
218000503,35,11,24
218000504,102,4,98
218000505,37,141,-104
218000506,32,220,-188
218000508,0,7,-7
218000510,168,5,163
218000520,163,106,57
218000521,0,78,-78
218000522,0,183,-183
218000523,99,1,98
218000524,61,168,-107
218000525,78,13,65
218000526,35,101,-66
218000529,24,322,-298
218000530,8,2,6
218000531,7,25,-18
218000532,15,47,-32
218000534,74,12,62
218000537,13,52,-39
218000538,119,132,-13
218000540,265,61,204
218000543,79,58,21
218000544,66,159,-93
218000545,25,61,-36
218000546,43,146,-103
218000547,86,121,-35
218000548,140,234,-94
218000549,318,186,132
218000550,176,648,-472
218000551,240,476,-236
218000552,726,52,674
218000553,46,118,-72
218000554,7,28,-21
218000555,15,50,-35
218000556,82,563,-481
218000557,168,143,25
218000558,51,1,50
218000559,0,15,-15
218000560,1,13,-12
218000561,29,0,29
218000562,13,189,-176
218000563,126,25,101
218000564,12,145,-133
218000565,197,26,171
218000566,663,65,598
218000567,8,63,-55
218000568,8,3,5
218000569,10,175,-165
218000570,267,14,253
218000571,1,86,-85
218000572,121,0,121
218000573,41,84,-43
218000574,188,70,118
218000575,87,1,86
218000576,0,55,-55
218000577,39,1,38
218000578,0,75,-75
218000579,29,4,25
218000581,4,129,-125
218000582,30,2,28
218000583,11,2,9
218000584,0,35,-35
218000585,28,4,24
218000586,7,33,-26
218000587,1,1,0
218000588,0,4,-4
218000589,1,2,-1
218000590,0,1,-1
218000591,2,3,-1
218000592,4,0,4
218000593,0,0,0
218000594,0,0,0
218000595,0,0,0
218000596,0,0,0
218000597,0,0,0
218000598,0,0,0
218000599,0,0,0
218000600,1,0,1
218000601,0,0,0
218000602,0,3,-3
218000603,0,3,-3
218000604,28,20,8
218000605,0,11,-11
218000606,34,0,34
218000607,6,58,-52
218000608,28,12,16
218000609,0,53,-53
218000610,46,0,46
218000611,25,0,25
218000612,0,28,-28
218000613,41,0,41
218000614,2,68,-66
218000615,76,1,75
218000616,8,169,-161
218000617,17,1,16
218000618,1,17,-16
218000619,11,27,-16
218000620,6,176,-170
218000621,1,4,-3
218000622,0,20,-20
218000623,9,2,7
218000624,0,31,-31
218000625,11,1,10
218000626,1,8,-7
218000628,65,47,18
218000631,15,14,1
218000632,4,93,-89
218000633,30,0,30
218000634,29,28,1
218000635,70,13,57
218000636,655,1732,-1077
218000637,710,756,-46
218000638,110,66,44
218000639,12,265,-253
218000640,114,27,87
218000641,40,522,-482
218000652,159,128,31
218000653,86,63,23
218000663,2,108,-106
218000675,47,71,-24
218000676,0,70,-70
218000677,5,11,-6
218000680,155,729,-574
218000681,324,92,232
218000691,79,533,-454
218000693,89,104,-15
218000703,10,122,-112
218000718,1588,601,987
218000719,2267,198,2069
218000720,10,55,-45
218000721,44,20,24
218000725,7,15,-8
218001214,28,15,13
218001258,9,2,7
218001329,100,88,12
218001330,80,113,-33
218001351,17,19,-2
218001352,6,28,-22
218001353,21,13,8
218001354,2,16,-14
218001355,37,6,31
218001356,44,9,35
218001357,9,2,7
218001358,31,6,25
218001361,37,21,16
219000001,18,69,-51
219000002,19,66,-47
219000003,24,17,7
219000004,77,35,42
219000017,112,32,80
219000020,65,37,28
219000022,64,2,62
219000023,82,0,82
219000029,0,120,-120
219000034,27,5,22
219000039,42,103,-61
219000040,42,26,16
219000041,76,31,45
219000051,0,92,-92
219000052,0,40,-40
219000053,4,280,-276
219000054,56,219,-163
219000055,78,1,77
219000056,20,1,19
219000057,37,1,36
219000062,11,345,-334
219000063,41,8,33
219000064,3,35,-32
219000110,254,26,228
219000111,84,30,54
219000112,151,43,108
219000113,72,32,40
219000114,271,51,220
219000116,66,42,24
219000117,190,99,91
219000118,92,81,11
219000123,195,96,99
219000124,77,61,16
219000125,7,21,-14
219000126,47,115,-68
219000127,1,3,-2
219000128,17,139,-122
219000129,42,133,-91
219000130,861,914,-53
219000131,769,857,-88
219000133,45,28,17
219000134,1,11,-10
219000135,17,49,-32
219000136,152,148,4
219000138,51,27,24
219000139,20,56,-36
219000140,19,4,15
219000141,32,127,-95
219000142,13,74,-61
219000143,30,134,-104
219000145,25,61,-36
219000146,9,69,-60
219000147,1,69,-68
219000148,5,88,-83
219000149,24,285,-261
219000150,8,198,-190
219000151,4,133,-129
219000157,110,125,-15
219000158,118,244,-126
219000161,139,6,133
219000163,1694,439,1255
219000166,69,185,-116
219000167,86,255,-169
219000168,321,58,263
219000174,234,77,157
219000175,53,1,52
219000176,42,5,37
219000177,11,7,4
219000178,16,2,14
219000179,10,23,-13
219000180,37,32,5
219000182,63,11,52
219000183,44,91,-47
219000184,39,5,34
219000185,0,102,-102
219000186,23,88,-65
219000187,10,182,-172
219000189,158,141,17
219000190,163,246,-83
219000191,1669,1124,545
219000192,129,122,7
219000193,677,175,502
219000195,1,67,-66
219000196,4,116,-112
219000198,39,182,-143
219000199,111,222,-111
219000200,33,184,-151
219000201,71,278,-207
219000203,27,161,-134
219000204,92,239,-147
219000205,31,268,-237
219000207,134,295,-161
219000209,31,107,-76
219000210,78,130,-52
219000213,4,426,-422
219000239,152,212,-60
219000240,198,428,-230
219000241,127,244,-117
219000242,54,237,-183
219000243,64,380,-316
219000244,8,104,-96
219000245,102,61,41
219000246,29,20,9
219000247,70,17,53
219000248,330,188,142
219000249,93,43,50
219000250,87,110,-23
219000251,401,164,237
219000252,137,133,4
219000253,196,38,158
219000255,58,79,-21
219000256,99,51,48
219000257,82,1,81
219000262,104,345,-241
219000263,46,277,-231
219000267,7,231,-224
219000268,2,3,-1
219000269,2,1,1
219000270,9,1,8
219000271,56,3,53
219000278,1,11,-10
219000279,2,3,-1
219000283,0,22,-22
219000295,14,120,-106
219000296,49,639,-590
219000297,11,176,-165
219000298,13,243,-230
219000299,376,76,300
219000300,22,340,-318
219000301,178,316,-138
219000302,22,187,-165
219000307,27,48,-21
219000308,33,27,6
219000311,114,49,65
219000312,346,44,302
219000313,170,37,133
219000314,126,629,-503
219000315,132,37,95
219000316,289,31,258
219000317,64,24,40
219000320,4,41,-37
219000321,1,28,-27
219000323,9,170,-161
219000325,1,51,-50
219000326,49,122,-73
219000327,69,44,25
219000328,16,53,-37
219000329,287,80,207
219000330,47,28,19
219000331,24,47,-23
219000332,63,87,-24
219000333,18,7,11
219000335,60,2,58
219000337,13,1,12
219000338,41,0,41
219000344,37,75,-38
219000345,75,148,-73
219000346,24,180,-156
219000348,76,222,-146
219000349,43,361,-318
219000350,62,104,-42
219000351,23,8,15
219000352,293,46,247
219000353,82,36,46
219000354,125,120,5
219000355,94,32,62
219000356,2107,620,1487
219000363,386,18,368
219000364,84,14,70
219000365,80,12,68
219000366,223,142,81
219000368,348,337,11
219000370,1136,224,912
219000371,2,19,-17
219000382,5,6,-1
219000383,843,746,97
219000385,697,502,195
219000386,1167,1599,-432
219000387,1,1,0
219000390,2,0,2
219000391,3,0,3
219000397,98,116,-18
219000398,67,24,43
219000401,7,118,-111
219000402,27,83,-56
219000403,95,166,-71
219000404,24,85,-61
219000407,2,28,-26
219000409,31,48,-17
219000410,40,13,27
219000411,28,14,14
219000446,253,633,-380
219000447,0,28,-28
219000448,19,4,15
219000452,95,57,38
219000453,74,101,-27
219000454,303,208,95
219000556,156,97,59
219000558,163,428,-265
219000590,22,248,-226
219000591,27,54,-27
219000592,95,439,-344
219000595,1,59,-58
219000635,67,16,51
219000636,11,93,-82
219000657,38,10,28
219000658,11,41,-30
219000673,0,10,-10
219000676,204,1,203
219000679,40,8,32
219000684,84,2,82
219000685,3,121,-118
219000686,1,0,1
219000688,0,88,-88
219000689,68,230,-162
219000690,206,39,167
219000691,85,143,-58
219000692,168,35,133
219000693,0,38,-38
219000694,8,0,8
219000695,14,10,4
219000698,27,1,26
219000699,0,12,-12
219000727,15,301,-286
219000728,44,3,41
219000770,22,1,21
219000771,0,41,-41
219000788,203,181,22
219001150,0,24,-24
219001151,0,4,-4
219001166,25,18,7
219001167,1,71,-70
219001178,22,0,22
220000001,118,65,53
220000002,32,168,-136
220000003,437,342,95
220000004,627,670,-43
220000005,1552,2045,-493
220000006,131,915,-784
220000007,311,698,-387
220000008,252,1201,-949
220000009,169,600,-431
220000010,180,135,45
220000011,844,2508,-1664
220000012,213,268,-55
220000014,70,76,-6
220000015,37,183,-146
220000017,80,459,-379
220000018,6123,1573,4550
220000019,59,229,-170
220000020,229,246,-17
220000021,425,184,241
220000022,312,526,-214
220000023,155,151,4
220000024,1545,329,1216
220000025,583,548,35
220000026,167,136,31
220000027,33,111,-78
220000028,19,36,-17
220000029,68,171,-103
220000030,152,89,63
220000031,167,240,-73
220000064,27,1172,-1145
221000046,4,0,4
221000047,0,1,-1
221000048,0,2,-2
221000049,0,13,-13
221000050,15,0,15
221000055,64,35,29
221000057,32,6,26
221000068,347,111,236
221000069,294,37,257
221000070,132,16,116
221000071,68,10,58
221000072,138,17,121
221000073,184,43,141
221000074,2,23,-21
221000075,14,14,0
221000076,17,30,-13
221000077,22,68,-46
221000081,29,7,22
221000082,25,11,14
221000083,33,4,29
221000084,5,6,-1
221000085,15,81,-66
221000086,8,120,-112
221000087,3,179,-176
221000088,15,202,-187
221000089,41,342,-301
221000090,123,469,-346
221000098,84,10,74
221000099,90,12,78
221000100,47,6,41
221000101,182,9,173
221000102,79,11,68
221000109,5,80,-75
221000110,9,109,-100
221000111,19,162,-143
221000112,4,159,-155
221000113,20,218,-198
221000114,7,189,-182
221000120,26,35,-9
221000121,11,29,-18
221000122,17,39,-22
221000123,2,19,-17
221000124,31,291,-260
221000155,69,11,58
221000156,33,27,6
221000175,0,6,-6
221000176,0,1,-1
221000182,22,11,11
221000241,517,241,276
221000242,210,357,-147
221000243,298,122,176
221000244,172,437,-265
221000245,46,103,-57
221000246,22,228,-206
221000247,33,116,-83
221000248,73,167,-94
221000267,64,898,-834
221000325,56,72,-16
221000331,5,94,-89
221000338,12,13,-1
221000378,114,34,80
221000381,43,105,-62
222000282,9,1,8
222000296,3,30,-27
222000568,230,19,211
222000569,74,24,50
222000570,119,12,107
222000571,147,20,127
222000577,9,343,-334
222000578,33,233,-200
222000579,41,182,-141
222000580,165,1107,-942
222000599,4,141,-137
222000600,1,368,-367
222000601,8,994,-986
222000603,15,24,-9
222000604,12,25,-13
222000605,8,5,3
222000606,2,12,-10
222000607,2,5,-3
222000608,17,7,10
222000609,42,473,-431
222000616,112,59,53
222000617,13,11,2
222000618,10,12,-2
222000620,82,20,62
222000621,63,19,44
222000623,397,7,390
222000624,202,4,198
222000625,302,40,262
222000636,37,3,34
222000686,16,35,-19
222000687,20,21,-1
222001066,343,0,343
222001067,3,20,-17
222001068,22,69,-47
222001069,37,57,-20
222001082,10,54,-44
222001083,15,73,-58
222001084,0,19,-19
222001085,0,177,-177
222001111,27,335,-308
222001112,25,74,-49
222001313,50,11,39
222001314,9,105,-96
222001464,100,49,51
222001465,22,157,-135
222001484,50,73,-23
222001485,14,78,-64
222001494,200,135,65
222001495,121,514,-393
222001496,126,59,67
222001497,58,888,-830
222001502,19,128,-109
222001503,71,38,33
222001504,39,375,-336
222001505,246,10,236
222001506,33,330,-297
222001507,206,33,173
222001510,212,46,166
222001511,52,517,-465
222001514,610,158,452
222001515,270,858,-588
222001518,106,75,31
222001519,36,506,-470
222001527,172,66,106
222001528,82,209,-127
222001529,102,49,53
222001530,41,360,-319
222001533,123,525,-402
222001534,198,39,159
222001535,70,134,-64
222001536,84,550,-466
222001537,233,33,200
222001538,68,666,-598
222001563,300,81,219
222001564,67,838,-771
222001568,231,115,116
222001576,0,1,-1
222001579,2,5,-3
222001583,8,310,-302
222001584,87,17,70
222001596,658,1750,-1092
222001597,1220,293,927
222001626,1,171,-170
222001650,76,75,1
222001651,176,279,-103
222001914,224,97,127
222001915,120,269,-149
222001968,381,208,173
222001969,383,1186,-803
222001970,112,372,-260
222001971,11,37,-26
222001972,2,29,-27
225000001,313,97,216
225000002,192,70,122
225000003,247,78,169
225000004,132,174,-42
225000005,19,62,-43
225000006,1,94,-93
225000007,3238,1148,2090
225000010,82,2,80
225000011,432,688,-256
225000012,156,486,-330
225000013,92,130,-38
225000014,644,76,568
225000015,84,243,-159
225000021,556,118,438
225000027,290,473,-183
225000032,441,122,319
225000042,62,692,-630
225000049,38,53,-15
225000050,35,10,25
225000053,10,229,-219
225000058,454,117,337
225000067,132,250,-118
225000068,78,570,-492
225000069,142,581,-439
225000070,55,527,-472
225000071,16,366,-350
225000075,12,771,-759
225000076,91,142,-51
225000078,67,39,28
225000085,16,102,-86
225000086,131,45,86
225000087,103,27,76
225000088,19,156,-137
225000089,303,769,-466
225000090,23,395,-372
225000091,136,224,-88
225000092,37,73,-36
225000093,99,381,-282
225000094,8,434,-426
225000095,292,678,-386
225000096,191,475,-284
225000098,354,121,233
225000099,194,114,80
225000100,123,97,26
225000104,69,410,-341
225000110,6,493,-487
225000111,168,1267,-1099
225000112,270,1198,-928
225000113,129,654,-525
225000114,44,308,-264
225000115,2423,611,1812
225000116,942,109,833
225000117,736,371,365
225000118,695,265,430
225000119,136,44,92
225000120,488,50,438
225000121,212,26,186
225000123,742,17,725
225000125,244,246,-2
225000126,870,150,720
225000127,807,498,309
225000128,326,363,-37
225000132,214,23,191
225000133,216,25,191
225000134,503,102,401
225000135,19,4,15
225000136,115,9,106
225000137,124,52,72
225000138,240,28,212
225000143,64,143,-79
225000144,1,328,-327
225000145,28,25,3
225000146,23,126,-103
225000147,13,321,-308
225000148,5,232,-227
225000149,87,588,-501
225000151,23,223,-200
225000155,229,405,-176
225000156,205,819,-614
225000157,216,363,-147
225000158,55,365,-310
225000171,4,174,-170
225000180,17,3,14
225000181,0,45,-45
225000182,47,5,42
225000185,7,314,-307
225000187,40,379,-339
225000191,91,1,90
225000194,0,1,-1
225000208,1,57,-56
225000209,29,14,15
225000210,4,205,-201
225000217,0,10,-10
225000218,25,0,25
225000223,0,33,-33
225000224,266,3,263
225000225,0,14,-14
225000226,31,1,30
225000227,41,64,-23
225000228,8,2,6
225000229,0,69,-69
225000230,15,0,15
225000231,0,45,-45
225000232,65,0,65
225000241,42,3,39
225000242,0,42,-42
225000249,0,0,0
225000250,46,981,-935
225000251,282,25,257
225000254,2,0,2
225000256,3,37,-34
225000257,1,17,-16
226000042,361,399,-38
226000043,61,267,-206
226000044,146,720,-574
226000045,70,422,-352
226000046,309,48,261
226000047,274,60,214
226000048,255,40,215
226000049,195,66,129
226000070,0,55,-55
226000071,1,68,-67
226000072,1,7,-6
226000073,0,11,-11
226000074,0,15,-15
226000084,0,52,-52
226000085,0,6,-6
226000086,2,12,-10
226000087,0,9,-9
226000088,65,12,53
226000090,132,18,114
226000091,9,2,7
226000092,4,3,1
226000093,15,2,13
226000094,13,3,10
226000095,15,0,15
226000105,6,1,5
226000106,5,1,4
226000107,8,0,8
226000108,21,0,21
226000109,38,0,38
226000124,95,72,23
226000134,208,384,-176
226000135,642,468,174
226000136,188,329,-141
226000137,5,390,-385
226000138,9,244,-235
226000139,3,23,-20
226000156,64,7,57
226000157,66,8,58
226000163,44,29,15
226000202,12,411,-399
226000231,171,2,169
226000232,17,2,15
227000033,168,43,125
227000036,145,19,126
227000037,91,15,76
227000038,65,27,38
227000084,0,58,-58
227000085,0,43,-43
227000088,26,2,24
227000089,77,1,76
227000090,14,0,14
227000091,12,0,12
227000092,13,0,13
227000093,39,0,39
227000094,17,19,-2
227000130,28,47,-19
227000131,5,244,-239
227000132,17,284,-267
227000133,14,318,-304
227000134,14,449,-435
227000152,0,5,-5
227000153,0,30,-30
227000154,2,24,-22
227000155,0,15,-15
227000156,0,28,-28
227000165,3,18,-15
227000196,154,515,-361
227000199,93,754,-661
227000230,36,673,-637
227000232,174,16,158
227000242,51,524,-473
227000243,259,46,213
227000245,16,420,-404
227000246,69,454,-385
227000247,139,53,86
227000248,39,10,29
227000249,24,258,-234
227000250,189,67,122
227000251,140,221,-81
227000252,13,419,-406
227000253,47,13,34
227000262,157,22,135
227000266,410,12,398
227000267,39,2509,-2470
227000282,4,281,-277
227000284,192,18,174
227000286,1,123,-122
227000287,6,188,-182
227000291,22,774,-752
227000296,407,232,175
227000484,238,13,225
227000485,25,890,-865
227000655,37,19,18
227000656,507,21,486
227000657,19,17,2
227000661,194,11,183
229000265,11,34,-23
229000266,0,0,0
229000267,1,0,1
229000268,0,0,0
229000269,4,0,4
229000274,0,3,-3
229000275,0,3,-3
229000276,0,4,-4
229000277,0,0,0
229000278,0,1,-1
229000295,0,3,-3
229000296,1,18,-17
229000297,7,64,-57
229000298,4,186,-182
229000320,9,5,4
229000321,29,8,21
229000412,23,65,-42
229000414,5,72,-67
229000415,4,0,4
229000416,4,4,0
229000417,1,10,-9
229000419,167,383,-216
229000440,236,65,171
229000442,18,9,9
229000443,1,1,0
229000444,1,31,-30
229000445,25,2,23
229000446,55,15,40
229000491,5,50,-45
229000492,9,263,-254
229000493,5,181,-176
229000494,15,1,14
229000495,75,11,64
229000496,19,5,14
229000507,0,54,-54
229000508,1,35,-34
229000509,0,101,-101
229000510,3,65,-62
229000511,6,83,-77
229000512,0,62,-62
229000513,0,9,-9
229000514,0,5,-5
229000517,4,14,-10
229000518,5,54,-49
229000519,3,22,-19
229000520,8,68,-60
229000521,18,20,-2
229000522,0,10,-10
229000523,5,9,-4
229000524,0,12,-12
229000527,2,1,1
229000528,0,1,-1
229000529,9,0,9
229000530,47,1,46
229000531,36,0,36
229000532,16,3,13
229000533,51,0,51
229000534,66,0,66
229000564,33,0,33
229000565,8,0,8
229000566,0,14,-14
229000567,0,114,-114
229000582,117,2,115
229000583,2,1,1
229000584,0,60,-60
229000585,1,80,-79
229000718,0,2,-2
229000719,0,6,-6
229000720,0,12,-12
229000721,0,21,-21
229000722,1,41,-40
229000723,0,9,-9
229000724,0,1,-1
229000725,0,7,-7
229000738,0,0,0
229000739,0,0,0
229000740,0,0,0
229000741,5,0,5
229000742,6,0,6
229000743,9,0,9
229000744,2,0,2
229000745,1,0,1
229000746,13,0,13
229000847,34,0,34
229000848,6,0,6
229000849,68,4,64
229000851,13,0,13
229000854,0,56,-56
229000856,4,181,-177
229000857,0,39,-39
229000858,0,143,-143
229000919,15,68,-53
229000930,2,217,-215
229000937,74,32,42
229000966,47,39,8
229000981,15,50,-35
229000985,14,47,-33
229000986,0,4,-4
229000987,0,1,-1
229000988,1,11,-10
229000989,6,1,5
229000990,0,4,-4
229000991,1,6,-5
229000992,8,13,-5
229000993,190,21,169
229000998,8,102,-94
229000999,59,6,53
229001034,0,24,-24
229001035,8,0,8
229001036,2,6,-4
229001037,52,9,43
229001038,0,0,0
229001039,0,0,0
229001040,0,13,-13
229001041,11,0,11
229001042,9,40,-31
229001047,1,91,-90
229001050,33,36,-3
229001168,0,14,-14
229001200,16,2,14
229001338,22,37,-15
229001394,261,5,256
229001422,96,31,65
229001423,37,114,-77
229001431,62,37,25
229001432,38,86,-48
229001444,125,65,60
229001445,39,281,-242
229001479,4,8,-4
229001503,80,90,-10
229001504,71,156,-85
229001505,55,66,-11
229001506,36,166,-130
229001509,33,29,4
229001510,1,9,-8
229001545,51,6,45
229001546,3,78,-75
229001553,40,24,16
229001554,25,86,-61
229001630,60,15,45
229001631,8,89,-81
229001635,0,9,-9
229001636,2,1,1
229001658,3,85,-82
229001659,76,4,72
229001660,4,3,1
229001661,2,34,-32
229001662,19,0,19
229001663,0,15,-15
229002584,263,184,79
229002831,253,163,90
229002841,13,24,-11
229002842,9,24,-15
229002843,29,32,-3
229002844,27,75,-48
229002845,18,91,-73
229002846,11,15,-4
229002847,1,5,-4
229002848,2,11,-9
229002849,3,73,-70
229002850,20,1,19
229002851,21,124,-103
229002852,62,31,31
229002853,82,23,59
229002854,33,56,-23
229002855,2,49,-47
229002856,11,19,-8
229002857,4,79,-75
229002858,2,8,-6
229002859,29,51,-22
229002860,37,22,15
229002861,15,39,-24
229002862,22,81,-59
229002863,10,34,-24
229002864,17,60,-43
229002865,27,7,20
229002866,39,10,29
229002867,2,28,-26
229002868,17,14,3
229002869,9,152,-143
229002870,20,2,18
235000066,352,77,275
235000067,121,132,-11
235000072,38,56,-18
235000073,38,226,-188
235000074,19,84,-65
235000080,8,85,-77
235000081,73,205,-132
235000082,76,63,13
235000083,88,119,-31
235000084,20,55,-35
235000085,53,64,-11
235000089,14,39,-25
235000092,2,154,-152
235000093,3,4,-1
235000097,2,7,-5
235000098,46,18,28
235000099,24,34,-10
235000116,50,26,24
235000117,774,8,766
235000133,9,189,-180
235000134,8,68,-60
235000206,3,1,2
235000207,2,10,-8
235000208,7,1,6
235000209,5,1,4
235000210,6,3,3
235000212,4,14,-10
235000213,1,6,-5
235000220,1,5,-4
235000221,26,4,22
235000238,11,20,-9
235000239,1,5,-4
235000242,190,256,-66
235000245,708,195,513
235000246,5,59,-54
235000284,6,125,-119
235000295,118,9,109
235000305,137,14,123
235000306,42,12,30
235000307,17,5,12
235000308,16,0,16
235000309,25,0,25
235000310,28,0,28
235000311,84,15,69
235000322,0,34,-34
235000323,0,71,-71
235000324,0,26,-26
235000325,0,26,-26
235000326,8,412,-404
235000351,5,76,-71
235000352,25,225,-200
235000353,1,64,-63
235000354,3,48,-45
235000355,10,83,-73
235000356,35,5,30
235000357,15,6,9
235000358,43,8,35
235000359,2,2,0
235000360,88,19,69
235000361,30,7,23
235000381,24,261,-237
235000382,68,53,15
235000390,14,6,8
235000391,61,18,43
235000392,52,167,-115
235000393,39,54,-15
235000395,38,20,18
235000396,170,52,118
235000400,74,19,55
235000401,57,188,-131
235000405,73,330,-257
235000406,17,306,-289
235000407,45,105,-60
235000409,174,155,19
235000410,26,222,-196
235000411,3,84,-81
235000485,1,7,-6
235000486,2,0,2
235000549,39,95,-56
235000550,52,202,-150
235000599,47,94,-47
235000600,2,8,-6
235000601,18,43,-25
235000602,55,159,-104
235000614,0,2,-2
235000648,0,20,-20
235000649,32,2,30
235000685,0,3,-3
235000815,17,18,-1
235000834,0,15,-15
235000855,14,46,-32
235000862,10,230,-220
235000891,0,6,-6
235000892,9,0,9
235000901,53,86,-33
235000907,3,27,-24
235001010,27,82,-55
235001029,688,388,300
235001030,333,191,142
235001078,79,44,35
235001079,30,100,-70
235001147,15,52,-37
235001166,14,81,-67
235001167,9,80,-71
235001169,51,394,-343
235001188,0,7,-7
235001189,2,1,1
235001197,9,18,-9
235001200,22,29,-7
235001207,113,24,89
235001210,38,148,-110
235001215,31,123,-92
235001239,3,40,-37
235001244,0,6,-6
235016267,1,57,-56
277101746,0,0,0
277102712,0,0,0
277103813,0,0,0
277103898,0,2,-2
277104249,0,1,-1
277104250,0,13,-13
277104251,0,2,-2
277104252,0,1,-1
990011530,0,270,-270
990014944,2,624,-622
990015176,11,4,7
990015618,0,91,-91
990016032,1,589,-588
990032570,16,165,-149
990070001,40,0,40
990070103,1,5,-4
990070601,0,87,-87
990070751,270,0,270
990070766,1,1063,-1062
990071180,470,262,208
990071343,18,0,18
990071387,0,7,-7
990071823,311,5,306
990072600,5,830,-825
990072964,2,595,-593
990073285,0,1,-1
990074393,5,1482,-1477
990074870,559,3,556
990075106,509,3,506
990075746,259,5,254
990076437,515,4,511
990076458,4,1653,-1649
997000007,187,25,162
997000041,2,181,-179
997000058,32,0,32
997000062,19,1,18
997000069,0,9,-9
997000070,0,80,-80
997000100,12,0,12
997000141,61,4157,-4096
997000198,22,1853,-1831
998000475,1,22,-21
998000736,6,400,-394
998000965,0,11,-11
998001031,0,49,-49
998001700,0,22,-22
998001899,0,1,-1
998001900,4,1,3
998003073,581,6,575
998101900,0,0,0
998102850,6,128,-122
998501927,464,384,80
998501929,70,4,66
998501930,83,0,83
998501931,50,0,50
998501932,8,1,7
998501933,37,4,33
998501937,7,2,5
998501944,0,1,-1
998501950,0,0,0
998501970,25,5,20
998501971,0,112,-112
998501973,0,84,-84
998501974,1,352,-351
998501975,123,1,122
998501976,32,1,31
998501977,0,38,-38
998501978,35,0,35
998501979,0,6,-6
998501980,146,1,145
998501981,51,25,26
998501982,2,120,-118
998502006,0,0,0
998502024,0,12,-12
998502032,0,6,-6
998502062,13,1,12
998502063,0,0,0
998502173,30,1,29
998502269,0,4,-4
998601159,1,377,-376
998601292,0,16,-16
999033574,0,700,-700
999800001,111,35,76
999800002,0,5,-5
999800003,7,2,5
999800004,0,2,-2
999800005,0,12,-12
