dong,insum,outsum,diff
강남구 개포1동,1008,943,65
강남구 개포2동,14029,13101,928
강남구 개포4동,10759,7449,3310
강남구 논현1동,27614,26756,858
강남구 논현2동,17089,17903,-814
강남구 대치1동,19451,22096,-2645
강남구 대치2동,29274,30388,-1114
강남구 대치4동,24178,23366,812
강남구 도곡1동,19356,17779,1577
강남구 도곡2동,6430,6639,-209
강남구 삼성1동,32713,29358,3355
강남구 삼성2동,15517,13366,2151
강남구 세곡동,23710,19227,4483
강남구 수서동,17473,16539,934
강남구 신사동,20560,21396,-836
강남구 압구정동,35410,30844,4566
강남구 역삼1동,64934,53508,11426
강남구 역삼2동,21426,20112,1314
강남구 일원1동,8241,8192,49
강남구 일원2동,4092,2820,1272
강남구 일원본동,13236,10356,2880
강남구 청담동,25935,22808,3127
강동구 강일동,13449,10981,2468
강동구 고덕제1동,5596,5298,298
강동구 고덕제2동,7047,8329,-1282
강동구 길동,12170,10634,1536
강동구 둔촌제1동,532,277,255
강동구 둔촌제2동,7069,7067,2
강동구 명일제1동,12012,12336,-324
강동구 명일제2동,9574,8613,961
강동구 상일동,11545,10272,1273
강동구 성내제1동,8469,6741,1728
강동구 성내제2동,7153,9597,-2444
강동구 성내제3동,12318,10755,1563
강동구 암사제1동,8948,6939,2009
강동구 암사제2동,2873,4393,-1520
강동구 암사제3동,1882,869,1013
강동구 천호제1동,4397,5117,-720
강동구 천호제2동,13832,17688,-3856
강동구 천호제3동,7458,9013,-1555
강북구 미아동,19356,16950,2406
강북구 번1동,31980,32625,-645
강북구 번2동,9026,9873,-847
강북구 번3동,18153,14929,3224
강북구 삼각산동,5776,6322,-546
강북구 삼양동,16054,13459,2595
강북구 송중동,52939,47890,5049
강북구 송천동,28312,30762,-2450
강북구 수유1동,20242,16756,3486
강북구 수유2동,12508,10902,1606
강북구 수유3동,31906,41000,-9094
강북구 우이동,17649,11991,5658
강북구 월곡제1동,2019,2076,-57
강북구 인수동,14161,12670,1491
강서구 가양제1동,15487,13047,2440
강서구 가양제2동,2914,2724,190
강서구 가양제3동,3115,2861,254
강서구 공항동,12759,10944,1815
강서구 등촌제1동,15336,18771,-3435
강서구 등촌제2동,8495,7386,1109
강서구 등촌제3동,21252,22442,-1190
강서구 발산제1동,25394,23121,2273
강서구 방화제1동,11097,11798,-701
강서구 방화제2동,9469,9856,-387
강서구 방화제3동,2557,1775,782
강서구 염창동,10175,9038,1137
강서구 우장산동,17709,17840,-131
강서구 화곡본동,9270,7725,1545
강서구 화곡제1동,28240,29690,-1450
강서구 화곡제2동,7295,5900,1395
강서구 화곡제3동,9882,10309,-427
강서구 화곡제4동,8178,7643,535
강서구 화곡제6동,20077,15777,4300
강서구 화곡제8동,12667,10973,1694
관악구 낙성대동,23449,36913,-13464
관악구 난곡동,15985,11076,4909
관악구 난향동,9120,6534,2586
관악구 남현동,10350,10813,-463
관악구 대학동,35611,27755,7856
관악구 미성동,21811,21193,618
관악구 보라매동,17467,17421,46
관악구 삼성동,18007,20564,-2557
관악구 서림동,20851,11900,8951
관악구 서원동,32777,40117,-7340
관악구 성현동,14859,13991,868
관악구 신림동,36566,40346,-3780
관악구 신사동,10801,11099,-298
관악구 신원동,4693,4845,-152
관악구 은천동,19454,18706,748
관악구 인헌동,8495,7863,632
관악구 조원동,21676,31472,-9796
관악구 중앙동,7074,4975,2099
관악구 청룡동,25639,18500,7139
관악구 청림동,4724,4033,691
관악구 행운동,30843,28135,2708
광진구 광장동,6772,5882,890
광진구 구의제1동,11057,10492,565
광진구 구의제2동,12153,11644,509
광진구 구의제3동,9946,11233,-1287
광진구 군자동,12374,12087,287
광진구 능동,8961,9549,-588
광진구 자양제1동,3757,3352,405
광진구 자양제2동,17102,14948,2154
광진구 자양제3동,5317,5596,-279
광진구 자양제4동,15856,16503,-647
광진구 중곡제1동,6629,5216,1413
광진구 중곡제2동,8989,8843,146
광진구 중곡제3동,7919,5439,2480
광진구 중곡제4동,6336,5790,546
광진구 화양동,13074,16487,-3413
구로구 가리봉동,7316,9317,-2001
구로구 개봉제1동,29578,28437,1141
구로구 개봉제2동,17209,16256,953
구로구 개봉제3동,6914,6584,330
구로구 고척제1동,19700,18277,1423
구로구 고척제2동,18033,14578,3455
구로구 구로제1동,9519,8110,1409
구로구 구로제2동,32399,32054,345
구로구 구로제3동,35326,32576,2750
구로구 구로제4동,20296,18346,1950
구로구 구로제5동,25455,26297,-842
구로구 수궁동,18857,18034,823
구로구 신도림동,26019,28438,-2419
구로구 오류제1동,11514,11018,496
구로구 오류제2동,11040,10510,530
구로구 항동,877,753,124
금천구 가산동,33481,32739,742
금천구 독산제1동,31305,34057,-2752
금천구 독산제2동,14244,12749,1495
금천구 독산제3동,19929,17383,2546
금천구 독산제4동,12601,8841,3760
금천구 미성동,117,204,-87
금천구 시흥제1동,31302,35770,-4468
금천구 시흥제2동,11885,11035,850
금천구 시흥제3동,9192,7738,1454
금천구 시흥제4동,9465,5332,4133
금천구 시흥제5동,20017,13501,6516
노원구 공릉1동,15042,15965,-923
노원구 공릉2동,19174,18442,732
노원구 상계10동,9260,7439,1821
노원구 상계1동,13970,12627,1343
노원구 상계2동,14469,22004,-7535
노원구 상계3.4동,3839,3414,425
노원구 상계5동,10734,9594,1140
노원구 상계6.7동,23310,23578,-268
노원구 상계8동,6380,4478,1902
노원구 상계9동,6434,5967,467
노원구 월계1동,29575,26452,3123
노원구 월계2동,12076,10520,1556
노원구 월계3동,9596,10377,-781
노원구 중계1동,10190,11490,-1300
노원구 중계2.3동,16118,16998,-880
노원구 중계4동,7794,9140,-1346
노원구 중계본동,12462,9552,2910
노원구 하계1동,17493,14677,2816
노원구 하계2동,10770,10730,40
도봉구 도봉제1동,15246,8928,6318
도봉구 도봉제2동,10958,12571,-1613
도봉구 방학제1동,17015,16919,96
도봉구 방학제2동,6545,7461,-916
도봉구 방학제3동,13689,8506,5183
도봉구 쌍문제1동,12597,10994,1603
도봉구 쌍문제2동,14274,14101,173
도봉구 쌍문제3동,10864,13666,-2802
도봉구 쌍문제4동,8856,7682,1174
도봉구 창제1동,20667,18079,2588
도봉구 창제2동,8452,9683,-1231
도봉구 창제3동,10641,8577,2064
도봉구 창제4동,18841,20174,-1333
도봉구 창제5동,13423,14508,-1085
동대문구 답십리제1동,13654,14300,-646
동대문구 답십리제2동,17282,13734,3548
동대문구 면목제5동,385,72,313
동대문구 용신동,55426,54830,596
동대문구 이문제1동,12121,12150,-29
동대문구 이문제2동,5340,4581,759
동대문구 장안제1동,23452,22938,514
동대문구 장안제2동,18896,18123,773
동대문구 전농제1동,19842,25908,-6066
동대문구 전농제2동,15184,11349,3835
동대문구 제기동,40868,35083,5785
동대문구 청량리동,40037,42830,-2793
동대문구 회기동,13311,12823,488
동대문구 휘경제1동,23696,22126,1570
동대문구 휘경제2동,13423,12031,1392
동작구 노량진제1동,39809,45321,-5512
동작구 노량진제2동,21762,16957,4805
동작구 대방동,42306,35489,6817
동작구 사당제1동,11365,12701,-1336
동작구 사당제2동,23248,20056,3192
동작구 사당제3동,8950,8633,317
동작구 사당제4동,1991,1784,207
동작구 사당제5동,7585,6383,1202
동작구 상도제1동,41205,40227,978
동작구 상도제2동,20336,20857,-521
동작구 상도제3동,14852,13562,1290
동작구 상도제4동,12201,10092,2109
동작구 신대방제1동,9711,9272,439
동작구 신대방제2동,24653,21714,2939
동작구 흑석동,29026,24051,4975
마포구 공덕동,14172,13166,1006
마포구 대흥동,22164,21540,624
마포구 도화동,7076,7063,13
마포구 망원제1동,11580,8183,3397
마포구 망원제2동,6587,6025,562
마포구 상암동,37069,32677,4392
마포구 서강동,9168,9158,10
마포구 서교동,76027,96457,-20430
마포구 성산제1동,12911,11938,973
마포구 성산제2동,22775,20595,2180
마포구 신수동,5099,5089,10
마포구 아현동,21580,18772,2808
마포구 연남동,9937,9543,394
마포구 염리동,3772,3937,-165
마포구 용강동,14309,11289,3020
마포구 합정동,12168,16269,-4101
서대문구 남가좌제1동,13771,10892,2879
서대문구 남가좌제2동,18281,15046,3235
서대문구 북가좌제1동,5236,7146,-1910
서대문구 북가좌제2동,15886,13149,2737
서대문구 북아현동,12029,12912,-883
서대문구 신촌동,70733,73560,-2827
서대문구 연희동,48197,46308,1889
서대문구 천연동,26409,22642,3767
서대문구 충현동,25707,26057,-350
서대문구 홍은제1동,17717,15005,2712
서대문구 홍은제2동,29306,24988,4318
서대문구 홍제제1동,26824,27588,-764
서대문구 홍제제2동,13214,13339,-125
서대문구 홍제제3동,15039,13688,1351
서초구 내곡동,12241,9677,2564
서초구 반포1동,20280,17787,2493
서초구 반포2동,7362,6511,851
서초구 반포3동,25232,21846,3386
서초구 반포4동,28725,32812,-4087
서초구 반포본동,11575,11379,196
서초구 방배1동,15010,14059,951
서초구 방배2동,17153,16461,692
서초구 방배3동,13836,11343,2493
서초구 방배4동,17781,17910,-129
서초구 방배본동,11611,9990,1621
서초구 서초1동,14929,13938,991
서초구 서초2동,25451,28384,-2933
서초구 서초3동,34694,34086,608
서초구 서초4동,26772,30784,-4012
서초구 양재1동,51101,48003,3098
서초구 양재2동,26472,21526,4946
서초구 잠원동,16694,19881,-3187
성동구 금호1가동,7118,6674,444
성동구 금호2.3가동,12861,13360,-499
성동구 금호4가동,7131,6681,450
성동구 마장동,10050,10062,-12
성동구 사근동,6051,5404,647
성동구 성수1가제1동,6599,5760,839
성동구 성수1가제2동,4344,5021,-677
성동구 성수2가제1동,5987,5006,981
성동구 성수2가제3동,5763,5539,224
성동구 송정동,4799,2869,1930
성동구 옥수동,14190,13085,1105
성동구 왕십리도선동,11720,10063,1657
성동구 왕십리제2동,8634,9643,-1009
성동구 용답동,9289,8880,409
성동구 응봉동,6790,5942,848
성동구 행당제1동,14405,16188,-1783
성동구 행당제2동,10670,9240,1430
성북구 길음제1동,22848,24823,-1975
성북구 길음제2동,15825,21499,-5674
성북구 돈암제1동,18807,17065,1742
성북구 돈암제2동,7916,6696,1220
성북구 동선동,26583,31084,-4501
성북구 보문동,10124,8432,1692
성북구 삼선동,35859,33795,2064
성북구 석관동,9053,9539,-486
성북구 성북동,23031,23673,-642
성북구 안암동,14103,14496,-393
성북구 월곡제1동,17021,17798,-777
성북구 월곡제2동,10959,9676,1283
성북구 장위제1동,11602,11692,-90
성북구 장위제2동,11919,9289,2630
성북구 장위제3동,4869,4094,775
성북구 정릉제1동,13379,13799,-420
성북구 정릉제2동,18933,17233,1700
성북구 정릉제3동,9950,8716,1234
성북구 정릉제4동,19980,17715,2265
성북구 종암동,29397,25823,3574
송파구 가락1동,2867,2941,-74
송파구 가락2동,16031,14306,1725
송파구 가락본동,15758,14157,1601
송파구 거여1동,4210,3427,783
송파구 거여2동,1182,943,239
송파구 마천1동,6252,3404,2848
송파구 마천2동,10927,9599,1328
송파구 문정1동,5135,5436,-301
송파구 문정2동,17895,22267,-4372
송파구 방이1동,7542,6163,1379
송파구 방이2동,12424,15034,-2610
송파구 삼전동,13483,10638,2845
송파구 석촌동,16754,17973,-1219
송파구 송파1동,12280,13031,-751
송파구 송파2동,5265,4718,547
송파구 오금동,16286,14734,1552
송파구 오륜동,6378,6551,-173
송파구 위례동,9703,8439,1264
송파구 잠실2동,4241,8339,-4098
송파구 잠실3동,34395,38810,-4415
송파구 잠실4동,1168,1144,24
송파구 잠실6동,14298,19901,-5603
송파구 잠실7동,7188,4944,2244
송파구 잠실본동,20355,18594,1761
송파구 장지동,11449,7512,3937
송파구 풍납1동,4760,3462,1298
송파구 풍납2동,10275,9111,1164
양천구 목1동,33171,35417,-2246
양천구 목2동,20058,17981,2077
양천구 목3동,19635,18215,1420
양천구 목4동,15136,12253,2883
양천구 목5동,21701,22040,-339
양천구 신월1동,6261,3289,2972
양천구 신월2동,8222,8423,-201
양천구 신월3동,5658,5230,428
양천구 신월4동,7606,7034,572
양천구 신월5동,6213,6669,-456
양천구 신월6동,5425,4044,1381
양천구 신월7동,11647,10838,809
양천구 신정1동,10109,11781,-1672
양천구 신정2동,6351,4825,1526
양천구 신정3동,25703,21236,4467
양천구 신정4동,23281,24408,-1127
양천구 신정6동,6599,5161,1438
양천구 신정7동,9203,8264,939
영등포구 당산제1동,11779,11838,-59
영등포구 당산제2동,24025,22731,1294
영등포구 대림제1동,13574,10002,3572
영등포구 대림제2동,5109,6878,-1769
영등포구 대림제3동,13818,12640,1178
영등포구 도림동,8852,8650,202
영등포구 문래동,14618,16161,-1543
영등포구 신길제1동,9326,7459,1867
영등포구 신길제3동,12309,10982,1327
영등포구 신길제4동,4540,3875,665
영등포구 신길제5동,8258,8052,206
영등포구 신길제6동,11492,11115,377
영등포구 신길제7동,10654,10054,600
영등포구 양평제1동,8772,6982,1790
영등포구 양평제2동,13307,10029,3278
영등포구 여의동,58870,51035,7835
영등포구 영등포동,54082,70307,-16225
영등포구 영등포본동,16407,19228,-2821
용산구 남영동,29273,29297,-24
용산구 보광동,8523,6065,2458
용산구 서빙고동,11126,9321,1805
용산구 용문동,4129,3610,519
용산구 용산2가동,11114,11946,-832
용산구 원효로제1동,11317,10992,325
용산구 원효로제2동,8508,6741,1767
용산구 이촌제1동,10808,10098,710
용산구 이촌제2동,3802,2934,868
용산구 이태원제1동,12339,13120,-781
용산구 이태원제2동,7657,6193,1464
용산구 청파동,13129,13236,-107
용산구 필동,4050,1451,2599
용산구 한강로동,35262,38780,-3518
용산구 한남동,35675,34081,1594
용산구 효창동,6862,6217,645
용산구 후암동,10227,8711,1516
은평구 갈현제1동,9730,9490,240
은평구 갈현제2동,14627,12123,2504
은평구 구산동,14018,7619,6399
은평구 녹번동,21607,19711,1896
은평구 대조동,27237,35723,-8486
은평구 불광제1동,22658,20861,1797
은평구 불광제2동,16948,17697,-749
은평구 수색동,7884,7621,263
은평구 신사제1동,13569,15529,-1960
은평구 신사제2동,13252,11839,1413
은평구 역촌동,20349,15977,4372
은평구 응암제1동,20573,26362,-5789
은평구 응암제2동,8083,6816,1267
은평구 응암제3동,13773,14027,-254
은평구 증산동,14497,13747,750
은평구 진관동,31274,29161,2113
종로구 가회동,3620,3834,-214
종로구 교남동,6918,5222,1696
종로구 무악동,4244,3766,478
종로구 부암동,15344,13478,1866
종로구 사직동,41779,43253,-1474
종로구 삼청동,6106,6757,-651
종로구 숭인제1동,1207,1491,-284
종로구 숭인제2동,16716,16593,123
종로구 이화동,16507,18289,-1782
종로구 종로1.2.3.4가동,114061,116391,-2330
종로구 종로5.6가동,24745,20803,3942
종로구 창신제1동,15382,12139,3243
종로구 창신제2동,6632,8525,-1893
종로구 창신제3동,3081,3197,-116
종로구 청운효자동,11059,10899,160
종로구 충현동,2720,1485,1235
종로구 평창동,17599,12297,5302
종로구 혜화동,25017,28861,-3844
중구 광희동,21912,22955,-1043
중구 다산동,6801,6291,510
중구 동화동,1523,1569,-46
중구 명동,30432,33209,-2777
중구 소공동,55344,48486,6858
중구 신당동,5967,5738,229
중구 신당제5동,10118,8492,1626
중구 약수동,5339,4582,757
중구 을지로동,6728,7337,-609
중구 장충동,5762,4725,1037
중구 중림동,7964,6334,1630
중구 청구동,4323,3383,940
중구 필동,5996,5139,857
중구 황학동,7490,6732,758
중구 회현동,46333,47200,-867
중랑구 망우본동,22637,19216,3421
중랑구 망우제3동,6065,5067,998
중랑구 면목본동,18718,20305,-1587
중랑구 면목제2동,7066,6275,791
중랑구 면목제3.8동,16770,15070,1700
중랑구 면목제4동,6943,5975,968
중랑구 면목제5동,5620,4372,1248
중랑구 면목제7동,5281,5516,-235
중랑구 묵제1동,12866,13276,-410
중랑구 묵제2동,4744,3272,1472
중랑구 상봉제1동,11434,10674,760
중랑구 상봉제2동,19661,22370,-2709
중랑구 신내1동,19829,18074,1755
중랑구 신내2동,17900,14576,3324
중랑구 중화제1동,6294,7859,-1565
중랑구 중화제2동,14511,14461,50
NA,393347,370634,22713
