ID,insum,outsum,diff
100000001,120,80,40
100000002,1045,1719,-674
100000003,1376,2168,-792
100000004,100,498,-398
100000005,1058,1535,-477
100000006,11,21,-10
100000007,97,118,-21
100000008,0,0,0
100000009,0,42,-42
100000010,0,14,-14
100000011,21,3,18
100000012,0,0,0
100000013,0,0,0
100000014,0,0,0
100000015,167,224,-57
100000016,0,0,0
100000017,0,0,0
100000018,118,52,66
100000019,140,243,-103
100000020,69,396,-327
100000021,0,0,0
100000022,57,213,-156
100000023,80,0,80
100000025,0,2,-2
100000028,18,33,-15
100000029,0,0,0
100000030,0,0,0
100000031,188,648,-460
100000032,177,213,-36
100000033,100,156,-56
100000034,0,0,0
100000035,4,114,-110
100000036,10,77,-67
100000037,28,62,-34
100000038,322,146,176
100000039,130,6,124
100000040,1,12,-11
100000041,54,76,-22
100000042,103,61,42
100000043,28,22,6
100000044,0,0,0
100000045,0,0,0
100000046,0,0,0
100000047,0,0,0
100000048,0,0,0
100000049,0,0,0
100000051,0,0,0
100000053,11,2,9
100000054,7,7,0
100000055,0,0,0
100000056,7,40,-33
100000057,142,76,66
100000058,0,0,0
100000059,3,3,0
100000060,87,51,36
100000061,119,64,55
100000062,100,78,22
100000063,118,58,60
100000064,150,18,132
100000065,27,15,12
100000066,3,3,0
100000067,16,13,3
100000068,22,14,8
100000069,19,22,-3
100000072,0,0,0
100000073,0,0,0
100000075,0,0,0
100000076,144,996,-852
100000077,25,58,-33
100000078,18,155,-137
100000079,5,116,-111
100000080,0,34,-34
100000081,2,24,-22
100000102,278,1133,-855
100000103,98,94,4
100000104,158,177,-19
100000105,0,0,0
100000106,81,1173,-1092
100000107,13,345,-332
100000108,5,17,-12
100000109,99,35,64
100000116,117,99,18
100000117,0,73,-73
100000118,461,79,382
100000119,180,96,84
100000121,27,29,-2
100000122,178,96,82
100000123,284,159,125
100000124,185,222,-37
100000125,71,98,-27
100000126,3,11,-8
100000127,2,5,-3
100000128,0,14,-14
100000129,30,12,18
100000130,0,0,0
100000131,0,0,0
100000132,19,153,-134
100000133,348,117,231
100000135,178,92,86
100000139,78,154,-76
100000140,0,0,0
100000142,81,37,44
100000143,0,0,0
100000144,0,0,0
100000147,333,1152,-819
100000150,5,31,-26
100000151,79,498,-419
100000153,0,0,0
100000154,0,0,0
100000155,3,52,-49
100000156,39,108,-69
100000157,320,131,189
100000158,49,113,-64
100000159,3,70,-67
100000165,68,12,56
100000169,0,0,0
100000174,0,0,0
100000179,8,11,-3
100000180,0,0,0
100000181,24,5,19
100000188,0,0,0
100000189,175,81,94
100000190,84,205,-121
100000191,8,156,-148
100000192,2,232,-230
100000193,38,45,-7
100000330,0,0,0
100000355,31,5,26
100000362,209,70,139
100000363,1753,2553,-800
100000364,0,0,0
100000365,3035,1452,1583
100000366,587,473,114
100000367,2278,1720,558
100000368,105,60,45
100000369,152,709,-557
100000370,0,42,-42
100000376,0,0,0
100000379,100,475,-375
100000380,763,1670,-907
100000384,1127,2105,-978
100000385,150,666,-516
100000386,451,1027,-576
100000387,244,1210,-966
100000388,1541,1197,344
100000389,1252,1825,-573
100000390,804,357,447
100000391,747,1784,-1037
100000392,207,194,13
100000393,119,956,-837
100000394,129,357,-228
100000395,114,192,-78
100000396,382,391,-9
100000397,400,596,-196
100000398,2276,1001,1275
100900002,0,0,0
100900003,0,0,0
100900004,0,0,0
100900005,0,0,0
100900006,0,0,0
100900007,0,0,0
100900008,0,0,0
100900009,0,11,-11
100900010,0,0,0
100900011,0,0,0
100900012,0,0,0
100900013,0,0,0
100900014,0,0,0
100900015,0,0,0
100900016,0,0,0
100900017,0,0,0
100900018,0,0,0
100900019,0,0,0
100900020,0,0,0
100900021,0,0,0
100900022,0,0,0
100900023,0,0,0
100900024,0,0,0
100900025,0,0,0
100900026,0,0,0
100900027,4,2,2
100900028,0,0,0
100900029,0,0,0
100900030,0,0,0
100900031,0,0,0
100900032,0,0,0
100900033,0,0,0
100900034,0,0,0
100900035,0,0,0
100900036,0,0,0
100900037,0,0,0
100900038,1,0,1
100900039,0,0,0
100900040,0,0,0
100900041,0,0,0
100900042,5,8,-3
100900043,0,0,0
100900044,0,0,0
100900045,0,0,0
100900046,0,0,0
100900047,0,0,0
100900048,0,0,0
100900049,0,0,0
100900050,0,0,0
100900051,0,0,0
100900052,0,0,0
100900053,0,0,0
100900054,0,0,0
100900055,0,0,0
100900056,0,0,0
100900057,0,0,0
100900058,0,0,0
100900059,0,0,0
100900060,0,0,0
100900061,0,0,0
100900062,0,0,0
100900063,0,0,0
100900064,0,0,0
100900065,0,0,0
100900066,0,3,-3
100900067,0,0,0
100900068,0,0,0
100900069,0,0,0
100900070,0,0,0
100900071,0,0,0
100900072,0,0,0
100900073,0,0,0
100900074,0,0,0
100900075,0,0,0
100900076,0,0,0
100900077,0,0,0
100900078,0,0,0
100900079,0,0,0
100900080,0,0,0
100900081,0,0,0
100900082,0,0,0
100900083,0,0,0
100900085,0,0,0
100900086,0,0,0
100900088,0,0,0
100900089,0,0,0
100900090,0,0,0
100900091,0,0,0
100900092,0,0,0
100900093,0,0,0
100900094,0,0,0
100900095,0,0,0
100900096,0,0,0
100900097,0,0,0
100900098,0,0,0
100900099,0,0,0
100900100,0,0,0
100900101,0,0,0
100900102,0,0,0
100900103,0,0,0
100900104,0,0,0
100900105,0,0,0
100900106,0,0,0
100900107,0,0,0
100900108,0,0,0
100900109,0,0,0
100900110,0,0,0
100900111,0,0,0
100900112,0,0,0
100900113,0,0,0
100900114,0,0,0
100900115,0,0,0
100900116,0,0,0
100900117,0,0,0
100900118,0,0,0
100900119,0,0,0
100900120,0,0,0
100900121,0,0,0
100900122,0,0,0
100900123,0,0,0
100900124,0,0,0
100900125,0,0,0
100900126,0,0,0
100900127,0,0,0
100900128,0,0,0
100900129,0,0,0
100900131,0,0,0
100900133,0,0,0
100900134,0,0,0
100900135,0,0,0
100900137,0,0,0
100900138,0,0,0
100900139,0,0,0
100900140,0,0,0
100900141,0,0,0
100900142,0,0,0
100900143,0,0,0
100900144,0,0,0
100900145,0,0,0
100900146,0,0,0
100900147,0,0,0
100900148,0,0,0
100900149,0,0,0
100900150,0,0,0
100900151,0,0,0
100900152,0,0,0
100900153,0,0,0
100900154,0,0,0
100900155,0,0,0
100900156,0,0,0
100900157,0,0,0
100900158,0,0,0
100900159,0,0,0
100900160,0,0,0
100900161,0,0,0
100900162,0,0,0
100900163,0,0,0
100900164,0,0,0
100900165,0,0,0
100900166,0,0,0
100900167,0,0,0
100900168,0,0,0
100900169,0,0,0
100900170,0,0,0
100900171,0,0,0
100900172,0,0,0
100900173,0,0,0
100900174,0,0,0
100900176,0,0,0
100900177,0,0,0
100900178,0,0,0
100900179,0,0,0
100900180,0,0,0
100900181,0,0,0
100900182,0,0,0
100900184,0,0,0
100900186,0,0,0
100900187,0,0,0
100900188,0,0,0
100900189,0,0,0
100900191,0,0,0
100900192,0,0,0
100900195,0,0,0
100900197,0,0,0
100900198,0,0,0
100900199,0,0,0
100900200,0,0,0
100900201,0,0,0
100900202,0,0,0
100900203,0,0,0
100900204,0,0,0
100900205,0,0,0
100900206,0,0,0
100900207,0,0,0
100900210,0,0,0
100900211,0,0,0
100900213,0,0,0
100900214,0,0,0
100900215,0,0,0
100900217,0,0,0
101000001,176,429,-253
101000002,42,151,-109
101000003,6,94,-88
101000004,1240,1735,-495
101000005,916,1391,-475
101000006,429,108,321
101000007,83,270,-187
101000008,314,798,-484
101000009,213,75,138
101000010,62,62,0
101000011,20,62,-42
101000012,0,0,0
101000013,32,130,-98
101000014,90,149,-59
101000015,22,39,-17
101000016,0,0,0
101000017,0,0,0
101000018,76,6,70
101000020,107,26,81
101000021,23,136,-113
101000022,0,0,0
101000023,77,251,-174
101000025,0,0,0
101000026,0,0,0
101000027,131,235,-104
101000028,0,0,0
101000029,0,0,0
101000030,0,0,0
101000031,0,26,-26
101000032,839,1054,-215
101000033,22,11,11
101000034,68,127,-59
101000035,0,0,0
101000036,7,31,-24
101000037,92,330,-238
101000039,0,0,0
101000040,75,151,-76
101000041,1044,1893,-849
101000042,17,185,-168
101000043,75,172,-97
101000045,128,180,-52
101000046,329,416,-87
101000047,522,320,202
101000048,41,129,-88
101000049,0,1,-1
101000050,61,204,-143
101000051,110,649,-539
101000052,116,559,-443
101000053,145,150,-5
101000054,239,43,196
101000055,435,573,-138
101000056,0,0,0
101000057,34,2,32
101000058,54,394,-340
101000059,355,1339,-984
101000060,80,0,80
101000061,104,1115,-1011
101000062,28,1,27
101000063,87,661,-574
101000064,48,4,44
101000065,38,292,-254
101000066,143,209,-66
101000067,86,8,78
101000068,33,13,20
101000069,166,11,155
101000070,170,25,145
101000071,103,69,34
101000072,1192,609,583
101000073,270,134,136
101000074,1874,511,1363
101000075,1909,380,1529
101000077,309,67,242
101000078,131,78,53
101000079,402,203,199
101000080,48,7,41
101000081,286,136,150
101000082,37,21,16
101000083,404,175,229
101000084,19,21,-2
101000085,358,305,53
101000086,0,0,0
101000087,0,0,0
101000088,379,171,208
101000089,217,169,48
101000090,0,0,0
101000091,38,26,12
101000092,303,64,239
101000093,141,50,91
101000094,2,39,-37
101000095,5,21,-16
101000096,77,32,45
101000097,9,18,-9
101000098,2,15,-13
101000099,121,235,-114
101000100,12,7,5
101000101,66,54,12
101000102,118,134,-16
101000103,91,67,24
101000104,31,149,-118
101000105,6,66,-60
101000106,0,0,0
101000107,0,0,0
101000108,0,0,0
101000109,0,0,0
101000110,0,0,0
101000111,0,0,0
101000113,0,0,0
101000114,319,152,167
101000115,0,0,0
101000116,0,0,0
101000117,0,0,0
101000119,1,14,-13
101000120,0,0,0
101000121,0,0,0
101000122,0,0,0
101000123,0,0,0
101000124,0,0,0
101000125,0,0,0
101000128,0,0,0
101000130,21,17,4
101000131,40,33,7
101000132,18,10,8
101000135,0,0,0
101000136,0,0,0
101000137,0,0,0
101000141,199,1557,-1358
101000147,5,17,-12
101000148,0,0,0
101000149,0,0,0
101000150,0,0,0
101000151,0,0,0
101000152,22,3,19
101000153,24,4,20
101000154,45,7,38
101000155,0,0,0
101000156,0,0,0
101000157,0,0,0
101000160,0,0,0
101000163,46,167,-121
101000164,1,0,1
101000165,160,85,75
101000166,8,44,-36
101000168,0,0,0
101000252,366,89,277
101000254,0,0,0
101000258,0,0,0
101000261,12,0,12
101000262,268,1995,-1727
101000263,52,406,-354
101000265,0,0,0
101000266,0,0,0
101000269,0,0,0
101000290,94,193,-99
101000293,0,0,0
101000294,38,29,9
101000295,2,14,-12
101000301,3,27,-24
101000304,219,581,-362
101000305,403,376,27
101900001,0,0,0
101900002,0,0,0
101900003,0,0,0
101900004,0,0,0
101900005,0,0,0
101900006,0,0,0
101900007,0,0,0
101900008,0,0,0
101900009,0,0,0
101900010,0,0,0
101900011,0,0,0
101900012,0,0,0
101900013,0,0,0
101900017,0,0,0
101900018,0,0,0
101900019,0,0,0
101900020,0,0,0
101900021,0,0,0
101900022,0,0,0
101900023,0,0,0
102000001,290,555,-265
102000002,126,50,76
102000003,228,348,-120
102000004,304,390,-86
102000005,62,361,-299
102000006,52,263,-211
102000007,64,458,-394
102000008,504,194,310
102000009,448,491,-43
102000010,311,342,-31
102000011,247,501,-254
102000012,377,448,-71
102000018,76,137,-61
102000019,0,0,0
102000026,0,0,0
102000029,0,0,0
102000030,0,0,0
102000031,0,0,0
102000032,0,0,0
102000033,0,0,0
102000034,0,0,0
102000035,1,0,1
102000036,0,0,0
102000037,0,0,0
102000038,0,0,0
102000039,0,0,0
102000040,0,0,0
102000041,0,0,0
102000042,0,0,0
102000043,0,0,0
102000044,0,0,0
102000045,59,89,-30
102000046,0,0,0
102000047,68,39,29
102000048,0,0,0
102000049,0,0,0
102000050,106,70,36
102000051,0,0,0
102000052,181,76,105
102000053,0,0,0
102000054,61,7,54
102000055,56,4,52
102000056,304,64,240
102000057,98,139,-41
102000058,27,9,18
102000059,26,29,-3
102000060,392,297,95
102000061,2,23,-21
102000062,143,175,-32
102000063,14,27,-13
102000064,11,33,-22
102000065,3,0,3
102000066,118,31,87
102000067,57,164,-107
102000068,353,289,64
102000069,0,0,0
102000070,0,0,0
102000071,736,629,107
102000072,496,569,-73
102000073,0,0,0
102000074,0,0,0
102000075,0,0,0
102000076,0,0,0
102000077,0,0,0
102000078,0,0,0
102000079,2,0,2
102000080,0,0,0
102000081,1,7,-6
102000082,0,0,0
102000083,1,0,1
102000084,134,48,86
102000085,1,1,0
102000086,191,81,110
102000087,6,11,-5
102000088,4,27,-23
102000089,152,88,64
102000090,66,221,-155
102000091,241,189,52
102000092,118,117,1
102000093,151,176,-25
102000094,191,69,122
102000095,0,0,0
102000096,1135,180,955
102000097,0,0,0
102000098,211,123,88
102000099,52,5,47
102000100,62,66,-4
102000101,22,32,-10
102000102,12,59,-47
102000103,6,66,-60
102000104,0,0,0
102000105,0,0,0
102000106,0,0,0
102000107,0,0,0
102000108,0,0,0
102000109,0,0,0
102000110,0,0,0
102000111,0,0,0
102000112,0,0,0
102000113,0,0,0
102000114,0,0,0
102000115,0,0,0
102000116,2,61,-59
102000117,0,0,0
102000118,27,314,-287
102000119,0,0,0
102000120,0,0,0
102000121,0,0,0
102000122,0,0,0
102000123,0,0,0
102000124,0,0,0
102000125,0,0,0
102000126,0,0,0
102000127,0,0,0
102000128,0,0,0
102000129,0,0,0
102000130,0,0,0
102000131,0,0,0
102000132,0,0,0
102000133,227,77,150
102000134,91,102,-11
102000135,0,0,0
102000136,0,0,0
102000137,0,0,0
102000138,0,0,0
102000139,0,0,0
102000140,0,0,0
102000141,0,0,0
102000142,0,0,0
102000143,0,0,0
102000144,0,0,0
102000145,0,0,0
102000146,0,0,0
102000147,0,0,0
102000148,0,0,0
102000149,0,0,0
102000150,0,0,0
102000151,0,0,0
102000152,0,0,0
102000153,0,0,0
102000154,0,0,0
102000155,0,0,0
102000156,0,0,0
102000157,0,0,0
102000158,0,0,0
102000159,0,0,0
102000161,0,0,0
102000162,0,0,0
102000163,0,6,-6
102000164,2,13,-11
102000165,0,0,0
102000166,0,4,-4
102000167,0,0,0
102000168,5,5,0
102000169,6,3,3
102000170,0,0,0
102000171,0,0,0
102000172,2,2,0
102000173,2,4,-2
102000174,0,0,0
102000175,30,4,26
102000176,1,0,1
102000178,33,1,32
102000179,10,2,8
102000180,35,0,35
102000181,65,7,58
102000182,34,8,26
102000183,224,120,104
102000184,6,7,-1
102000185,411,115,296
102000186,45,7,38
102000187,30,7,23
102000188,204,105,99
102000189,124,17,107
102000190,337,334,3
102000191,93,50,43
102000192,0,0,0
102000193,0,0,0
102000194,0,0,0
102000195,0,0,0
102000196,0,0,0
102000197,0,0,0
102000198,0,0,0
102000199,0,0,0
102000200,0,0,0
102000201,0,0,0
102000202,0,0,0
102000203,0,0,0
102000204,0,0,0
102000205,0,0,0
102000206,0,0,0
102000207,0,0,0
102000208,0,0,0
102000209,0,0,0
102000210,0,0,0
102000211,0,0,0
102000212,0,0,0
102000213,0,0,0
102000214,0,0,0
102000215,0,0,0
102000216,0,0,0
102000217,0,0,0
102000218,0,0,0
102000219,0,0,0
102000225,210,195,15
102000226,0,0,0
102000227,0,0,0
102000228,0,0,0
102000229,0,0,0
102000230,28,55,-27
102000231,0,0,0
102000232,0,0,0
102000233,61,60,1
102000234,21,391,-370
102000236,0,0,0
102000237,0,0,0
102000238,0,0,0
102000240,0,0,0
102000241,0,0,0
102000243,2,0,2
102000245,0,0,0
102000246,0,0,0
102000247,4,70,-66
102000248,25,123,-98
102000249,0,0,0
102000250,0,1,-1
102000254,64,27,37
102000266,0,0,0
102000271,0,0,0
102000286,0,0,0
102000297,0,0,0
102000299,0,0,0
102000301,0,0,0
102000302,0,0,0
102000303,0,0,0
102000304,0,0,0
102000305,0,0,0
102000306,0,0,0
102000307,0,0,0
102000308,0,0,0
102900001,0,0,0
102900002,0,0,0
102900003,0,0,0
102900005,0,0,0
102900006,0,0,0
102900007,0,0,0
102900008,0,0,0
102900009,0,0,0
102900010,0,0,0
102900011,0,0,0
102900012,0,0,0
102900013,0,0,0
102900015,0,0,0
102900016,0,0,0
102900017,0,0,0
102900018,0,0,0
102900019,0,0,0
102900020,0,0,0
102900021,0,0,0
102900022,0,0,0
102900023,0,0,0
102900024,0,0,0
102900025,0,0,0
102900026,0,0,0
102900027,0,0,0
102900028,0,0,0
102900029,0,0,0
102900030,0,0,0
102900031,0,0,0
102900032,0,0,0
102900033,0,0,0
102900034,0,0,0
102900035,0,0,0
102900036,0,0,0
102900037,0,0,0
102900038,0,0,0
102900039,0,0,0
102900040,0,0,0
102900041,0,0,0
102900042,0,0,0
102900043,0,0,0
102900044,0,0,0
102900045,0,0,0
102900046,0,0,0
102900047,0,0,0
102900048,0,0,0
102900049,0,0,0
102900050,0,0,0
102900051,0,0,0
102900052,0,0,0
102900053,0,0,0
102900054,0,0,0
102900055,0,0,0
102900056,0,0,0
102900057,0,0,0
102900058,0,0,0
102900059,0,0,0
102900060,0,0,0
102900061,0,0,0
102900062,0,0,0
102900063,0,0,0
102900064,0,0,0
102900065,0,0,0
102900066,0,0,0
102900068,0,0,0
102900070,0,0,0
102900072,0,0,0
102900073,0,0,0
102900074,0,0,0
102900075,0,0,0
102900076,0,0,0
102900077,0,0,0
102900078,0,0,0
102900079,0,0,0
102900080,0,0,0
102900081,0,0,0
102900082,0,0,0
102900083,0,0,0
102900084,0,0,0
102900085,0,0,0
102900086,0,0,0
102900087,0,0,0
102900088,0,0,0
102900089,0,0,0
102900090,0,0,0
102900091,0,0,0
102900092,0,0,0
102900093,0,0,0
102900094,0,0,0
102900095,0,0,0
102900096,0,0,0
102900097,0,0,0
103000001,198,105,93
103000002,49,91,-42
103000003,61,132,-71
103000004,6,29,-23
103000005,511,285,226
103000006,156,194,-38
103000007,1,2,-1
103000008,0,0,0
103000009,98,130,-32
103000010,0,0,0
103000011,39,46,-7
103000012,499,436,63
103000013,100,30,70
103000014,427,602,-175
103000015,0,0,0
103000016,34,47,-13
103000017,127,55,72
103000018,0,0,0
103000019,103,107,-4
103000020,11,79,-68
103000021,926,573,353
103000022,61,66,-5
103000023,239,605,-366
103000024,0,0,0
103000025,3,133,-130
103000026,0,0,0
103000027,41,65,-24
103000028,15,33,-18
103000029,45,54,-9
103000030,77,79,-2
103000031,174,359,-185
103000032,201,247,-46
103000033,1547,894,653
103000034,30,60,-30
103000035,74,204,-130
103000036,10,238,-228
103000037,20,44,-24
103000038,241,230,11
103000039,9,34,-25
103000040,30,51,-21
103000041,167,232,-65
103000042,93,29,64
103000043,71,102,-31
103000044,0,0,0
103000046,0,0,0
103000047,0,0,0
103000048,0,0,0
103000049,0,0,0
103000050,0,0,0
103000051,0,0,0
103000052,0,0,0
103000053,0,0,0
103000054,296,48,248
103000055,379,83,296
103000056,64,28,36
103000057,369,176,193
103000058,221,46,175
103000059,22,51,-29
103000060,68,26,42
103000061,111,128,-17
103000062,0,0,0
103000063,107,44,63
103000064,0,0,0
103000065,0,0,0
103000066,0,0,0
103000069,0,0,0
103000070,0,0,0
103000071,41,32,9
103000072,0,0,0
103000073,131,3,128
103000074,164,6,158
103000075,0,0,0
103000076,37,46,-9
103000077,0,0,0
103000078,54,30,24
103000079,3,54,-51
103000080,263,58,205
103000081,34,154,-120
103000082,160,33,127
103000083,0,0,0
103000084,13,3,10
103000085,0,0,0
103000086,285,112,173
103000087,62,210,-148
103000088,0,0,0
103000089,42,131,-89
103000090,584,196,388
103000091,37,43,-6
103000092,203,67,136
103000093,0,0,0
103000094,78,35,43
103000095,0,0,0
103000096,138,24,114
103000097,0,0,0
103000098,187,12,175
103000099,0,0,0
103000100,0,0,0
103000101,149,10,139
103000102,0,0,0
103000103,160,15,145
103000104,6,0,6
103000105,25,0,25
103000106,0,0,0
103000107,112,17,95
103000108,1,0,1
103000109,0,0,0
103000110,52,21,31
103000111,0,0,0
103000112,38,22,16
103000113,0,0,0
103000114,295,105,190
103000115,1,0,1
103000116,12,1,11
103000117,32,5,27
103000118,0,0,0
103000119,0,0,0
103000120,0,0,0
103000121,12,35,-23
103000122,256,778,-522
103000125,2,9,-7
103000126,49,0,49
103000127,0,3,-3
103000128,6,0,6
103000129,0,3,-3
103000130,51,2,49
103000131,4,7,-3
103000132,2,0,2
103000133,2,24,-22
103000134,198,112,86
103000135,72,38,34
103000136,320,151,169
103000137,22,145,-123
103000138,70,107,-37
103000139,0,0,0
103000140,7,13,-6
103000141,0,0,0
103000142,13,10,3
103000143,0,0,0
103000144,38,26,12
103000145,2,5,-3
103000150,0,0,0
103000152,0,0,0
103000153,95,21,74
103000156,0,9,-9
103000157,19,0,19
103000159,0,0,0
103000162,5,0,5
103000163,0,39,-39
103000164,0,0,0
103000165,0,0,0
103000166,32,71,-39
103000167,47,6,41
103000168,0,0,0
103000169,28,22,6
103000170,574,283,291
103000171,20,46,-26
103000172,227,18,209
103000173,0,0,0
103000174,108,24,84
103000175,0,0,0
103000176,25,44,-19
103000177,0,0,0
103000178,0,0,0
103000179,0,0,0
103000183,60,1,59
103000185,57,2,55
103000186,8,10,-2
103000187,0,0,0
103000188,0,1,-1
103000189,0,0,0
103000191,1,2,-1
103000292,3,32,-29
103000293,29,195,-166
103000295,72,16,56
103000296,8,1,7
103000297,4,2,2
103000504,0,0,0
103000505,1,3,-2
103000506,0,0,0
103000507,0,0,0
103000508,0,0,0
103000509,0,0,0
103900001,0,0,0
103900002,0,0,0
103900003,0,0,0
103900004,0,0,0
103900005,0,0,0
103900006,0,0,0
103900007,0,0,0
103900008,0,0,0
103900009,0,0,0
103900010,0,0,0
103900011,0,0,0
103900012,0,0,0
103900013,0,0,0
103900014,0,0,0
103900015,0,0,0
103900016,0,0,0
103900017,0,0,0
103900018,0,0,0
103900019,0,0,0
103900020,0,0,0
103900021,0,0,0
103900022,0,0,0
103900023,0,0,0
103900024,0,0,0
103900025,0,0,0
103900026,0,0,0
103900027,0,0,0
103900028,0,0,0
103900029,0,0,0
103900030,0,0,0
103900031,0,0,0
103900032,0,0,0
103900033,0,0,0
103900034,0,0,0
103900035,0,0,0
103900036,0,0,0
103900037,0,0,0
103900038,0,0,0
103900039,0,0,0
103900040,0,0,0
103900041,0,0,0
103900042,0,0,0
103900043,0,0,0
103900044,0,0,0
103900045,0,0,0
103900047,0,0,0
103900048,0,0,0
103900049,0,0,0
103900050,0,0,0
103900051,0,0,0
103900052,0,0,0
103900053,0,0,0
103900054,0,0,0
103900055,0,0,0
103900056,0,0,0
103900057,0,0,0
103900058,0,0,0
103900059,0,0,0
103900060,0,0,0
103900061,0,0,0
103900062,0,0,0
103900063,0,0,0
103900064,0,0,0
103900065,0,0,0
103900066,0,0,0
103900067,0,0,0
103900068,0,0,0
103900069,0,0,0
103900070,0,0,0
103900071,0,0,0
103900072,0,0,0
103900073,0,0,0
103900074,0,0,0
103900075,0,0,0
103900076,0,0,0
103900077,0,0,0
103900078,0,0,0
103900079,0,0,0
103900080,0,0,0
103900081,0,0,0
103900082,0,0,0
103900083,0,0,0
103900084,0,0,0
103900085,0,0,0
103900086,0,0,0
103900087,0,0,0
103900088,0,0,0
103900089,0,0,0
103900090,0,0,0
103900091,0,0,0
103900092,0,0,0
103900093,0,0,0
103900094,0,0,0
103900095,0,0,0
103900096,0,0,0
103900097,0,0,0
103900098,0,0,0
103900099,0,0,0
103900100,0,0,0
103900101,0,0,0
103900102,0,0,0
103900104,0,0,0
103900105,0,0,0
103900106,0,0,0
103900107,0,0,0
103900108,0,0,0
103900109,0,0,0
103900110,0,0,0
103900111,0,0,0
103900112,0,0,0
103900113,0,0,0
103900114,0,0,0
103900115,0,0,0
103900116,0,0,0
103900117,0,0,0
103900119,0,0,0
103900120,0,0,0
103900122,0,0,0
103900123,0,0,0
103900124,0,0,0
103900125,0,0,0
103900126,0,0,0
103900127,0,0,0
103900128,0,0,0
103900131,0,0,0
103900133,0,0,0
103900134,0,0,0
103900135,0,0,0
103900137,0,0,0
103900138,0,0,0
103900139,0,0,0
103900140,0,0,0
103900141,0,0,0
103900142,0,0,0
103900143,0,0,0
103900144,0,0,0
103900145,0,0,0
103900146,0,0,0
103900147,0,0,0
103900148,0,0,0
103900149,0,0,0
103900150,0,0,0
103900151,0,0,0
103900152,0,0,0
103900153,0,0,0
103900154,0,0,0
103900155,0,0,0
103900156,0,0,0
103900157,0,0,0
103900158,0,0,0
103900159,0,0,0
103900160,0,0,0
103900161,0,0,0
103900162,0,0,0
103900163,0,0,0
103900164,0,0,0
103900167,0,0,0
103900168,0,0,0
103900169,0,0,0
103900170,0,0,0
103900171,0,0,0
103900172,0,0,0
103900173,0,0,0
103900174,0,0,0
103900175,0,0,0
103900176,0,0,0
103900177,0,0,0
103900178,0,0,0
103900179,0,0,0
103900180,0,0,0
103900181,0,0,0
103900182,0,0,0
103900184,0,0,0
103900185,0,0,0
103900187,0,0,0
103900188,0,0,0
103900189,0,0,0
103900190,0,0,0
103900191,0,0,0
103900192,0,0,0
103900193,0,0,0
103900194,0,0,0
103900195,0,0,0
103900196,0,0,0
103900197,0,0,0
103900198,0,0,0
103900199,0,0,0
103900200,0,0,0
103900201,0,0,0
103900202,0,0,0
103900203,0,0,0
103900204,0,0,0
103900207,0,0,0
103900208,0,0,0
103900209,0,0,0
103900210,0,0,0
103900211,0,0,0
103900212,0,0,0
103900213,3,139,-136
103900214,56,134,-78
103900215,45,56,-11
103900216,0,0,0
103900217,0,0,0
103900218,0,0,0
103900219,0,0,0
103900233,0,0,0
103900235,0,0,0
103900236,0,0,0
103900242,0,0,0
103900243,0,0,0
103900244,0,0,0
103900245,0,0,0
103900246,0,0,0
103900247,0,0,0
103900248,0,0,0
103900249,0,0,0
103900250,0,0,0
103900251,0,0,0
103900253,0,0,0
103900254,0,0,0
103900255,0,0,0
103900256,0,0,0
103900257,0,0,0
103900258,0,0,0
103900259,0,0,0
103900261,0,0,0
103900262,0,0,0
103900263,0,0,0
103900264,0,0,0
103900265,0,0,0
103900266,0,0,0
103900267,0,0,0
103900268,0,0,0
103900269,0,0,0
103900270,0,0,0
104000001,528,348,180
104000002,44,149,-105
104000003,807,463,344
104000004,862,379,483
104000005,540,657,-117
104000006,1215,476,739
104000007,877,245,632
104000008,146,97,49
104000009,84,79,5
104000010,41,94,-53
104000011,0,0,0
104000012,0,0,0
104000013,65,31,34
104000014,0,0,0
104000015,173,35,138
104000016,0,0,0
104000018,169,106,63
104000019,241,208,33
104000020,102,148,-46
104000021,133,116,17
104000022,51,51,0
104000023,156,52,104
104000024,0,0,0
104000026,0,0,0
104000027,23,43,-20
104000028,232,36,196
104000029,11,67,-56
104000030,117,55,62
104000031,187,43,144
104000032,0,0,0
104000033,308,40,268
104000034,0,0,0
104000035,316,48,268
104000036,263,116,147
104000037,0,0,0
104000038,158,63,95
104000039,99,67,32
104000040,68,94,-26
104000041,116,23,93
104000042,77,51,26
104000043,70,39,31
104000044,67,22,45
104000045,151,29,122
104000046,100,57,43
104000047,45,370,-325
104000048,186,549,-363
104000049,2,7,-5
104000050,2,6,-4
104000051,0,0,0
104000052,214,182,32
104000053,108,67,41
104000054,9,0,9
104000055,359,148,211
104000056,0,0,0
104000057,0,0,0
104000058,387,77,310
104000059,120,219,-99
104000060,237,93,144
104000061,72,83,-11
104000062,20,6,14
104000064,0,0,0
104000065,0,0,0
104000069,0,0,0
104000070,0,0,0
104000071,0,0,0
104000072,26,6,20
104000075,0,0,0
104000076,0,0,0
104000082,217,259,-42
104000083,16,22,-6
104000084,1,9,-8
104000085,20,4,16
104000086,5,8,-3
104000087,0,6,-6
104000090,0,0,0
104000092,0,0,0
104000094,0,0,0
104000095,67,268,-201
104000096,359,2,357
104000097,509,85,424
104000098,947,75,872
104000100,1083,91,992
104000101,170,213,-43
104000106,0,1,-1
104000107,161,20,141
104000108,65,11,54
104000109,49,4,45
104000110,56,15,41
104000111,113,18,95
104000112,11,1,10
104000116,0,0,0
104000117,131,22,109
104000118,26,0,26
104000119,14,8,6
104000120,13,14,-1
104000121,2,56,-54
104000122,257,25,232
104000123,63,147,-84
104000124,327,675,-348
104000125,48,14,34
104000126,216,71,145
104000127,99,527,-428
104000128,285,30,255
104000129,148,3,145
104000130,16,0,16
104000131,0,0,0
104000132,0,0,0
104000133,46,26,20
104000134,124,95,29
104000135,73,179,-106
104000136,323,195,128
104000137,397,101,296
104000138,0,0,0
104000139,703,443,260
104000141,164,225,-61
104000142,0,0,0
104000143,0,0,0
104000144,0,0,0
104000145,269,44,225
104000146,0,0,0
104000147,0,0,0
104000148,84,54,30
104000149,0,0,0
104000150,291,144,147
104000151,0,0,0
104000152,0,0,0
104000153,171,76,95
104000154,0,0,0
104000155,172,126,46
104000157,107,25,82
104000158,20,10,10
104000159,9,18,-9
104000160,221,83,138
104000161,19,15,4
104000162,40,83,-43
104000165,217,395,-178
104000167,93,145,-52
104000168,86,0,86
104000169,55,7,48
104000170,0,0,0
104000248,0,0,0
104000251,0,0,0
104000272,0,0,0
104000273,0,0,0
104000274,0,0,0
104000275,0,0,0
104000279,0,0,0
104000290,0,0,0
104000291,140,148,-8
104000293,117,95,22
104000294,0,0,0
104000295,37,75,-38
104000296,268,146,122
104000297,67,170,-103
104000298,414,122,292
104000299,124,152,-28
104900001,0,0,0
104900002,0,0,0
104900003,0,0,0
104900004,0,0,0
104900005,0,0,0
104900006,0,0,0
104900007,0,0,0
104900009,0,0,0
104900010,0,0,0
104900011,0,0,0
104900012,0,0,0
104900013,0,0,0
104900014,0,0,0
104900015,0,0,0
104900016,0,0,0
104900017,0,0,0
104900018,0,0,0
104900019,0,0,0
104900020,0,0,0
104900021,0,0,0
104900022,0,0,0
104900023,0,0,0
104900024,0,0,0
104900025,0,0,0
104900026,0,0,0
104900027,0,0,0
104900028,0,0,0
104900029,0,0,0
104900030,0,0,0
104900031,0,0,0
104900032,0,0,0
104900033,0,0,0
104900034,0,0,0
104900035,0,0,0
104900036,0,0,0
104900037,0,0,0
104900038,0,0,0
104900039,0,0,0
104900040,0,0,0
104900041,0,0,0
104900042,0,0,0
104900043,0,0,0
104900044,0,0,0
104900045,0,0,0
104900046,0,0,0
104900047,0,0,0
104900048,0,0,0
104900049,0,0,0
104900050,0,0,0
104900051,0,0,0
104900052,0,0,0
104900053,0,0,0
104900054,0,0,0
104900055,0,0,0
104900056,0,0,0
104900057,0,0,0
104900058,0,0,0
104900059,0,0,0
104900060,0,0,0
104900061,0,0,0
104900063,0,0,0
104900064,0,0,0
104900065,0,0,0
104900066,0,0,0
104900067,0,0,0
104900068,0,0,0
104900070,0,0,0
104900071,0,0,0
104900072,0,0,0
104900073,0,0,0
104900074,0,0,0
104900075,0,0,0
104900076,0,0,0
104900077,0,0,0
104900078,0,0,0
104900079,0,0,0
104900080,0,0,0
104900082,0,0,0
104900085,0,0,0
104900087,0,0,0
104900089,0,0,0
104900090,0,0,0
104900091,0,0,0
104900093,0,0,0
104900097,0,0,0
104900098,0,0,0
104900099,0,0,0
104900100,0,0,0
104900102,0,0,0
104900103,0,0,0
104900104,0,0,0
104900106,0,0,0
104900107,0,0,0
104900108,0,0,0
104900109,0,0,0
104900110,0,0,0
104900111,0,0,0
104900112,0,0,0
104900113,0,0,0
104900114,0,0,0
104900115,0,0,0
104900116,0,0,0
104900118,0,0,0
104900119,0,0,0
104900120,0,0,0
104900121,0,0,0
104900122,0,0,0
104900123,0,0,0
104900124,0,0,0
104900125,0,0,0
104900126,0,0,0
104900127,0,0,0
104900128,0,0,0
104900129,0,0,0
105000001,898,216,682
105000002,349,326,23
105000003,392,345,47
105000004,22,57,-35
105000005,116,332,-216
105000006,170,393,-223
105000007,53,234,-181
105000008,7,410,-403
105000009,1651,1012,639
105000010,38,204,-166
105000011,871,809,62
105000012,62,103,-41
105000013,307,702,-395
105000014,2397,1480,917
105000015,2008,2528,-520
105000016,142,236,-94
105000017,29,8,21
105000018,107,184,-77
105000019,0,3,-3
105000020,0,0,0
105000021,0,0,0
105000022,18,11,7
105000023,0,0,0
105000028,0,2,-2
105000029,2,18,-16
105000030,319,224,95
105000033,57,174,-117
105000034,0,0,0
105000037,0,0,0
105000038,310,269,41
105000039,113,186,-73
105000040,284,460,-176
105000041,46,144,-98
105000042,1045,568,477
105000043,131,146,-15
105000044,286,70,216
105000045,13,74,-61
105000046,363,39,324
105000047,28,80,-52
105000048,418,220,198
105000049,1,1,0
105000050,418,169,249
105000051,0,0,0
105000052,104,53,51
105000053,2,4,-2
105000054,93,49,44
105000055,0,2,-2
105000056,417,291,126
105000057,36,5,31
105000058,4,31,-27
105000059,435,237,198
105000060,0,1,-1
105000061,382,107,275
105000062,0,0,0
105000063,0,0,0
105000064,332,70,262
105000065,0,0,0
105000066,61,13,48
105000067,418,245,173
105000068,27,22,5
105000069,36,133,-97
105000070,72,43,29
105000071,198,174,24
105000072,461,113,348
105000073,218,113,105
105000074,0,0,0
105000075,23,32,-9
105000076,50,24,26
105000077,47,13,34
105000078,68,132,-64
105000079,8,57,-49
105000080,595,778,-183
105000081,0,0,0
105000082,252,584,-332
105000083,992,801,191
105000084,0,0,0
105000085,689,822,-133
105000086,0,0,0
105000087,0,0,0
105000088,314,558,-244
105000089,51,64,-13
105000090,35,7,28
105000091,0,0,0
105000092,0,0,0
105000093,0,0,0
105000094,45,6,39
105000095,0,1,-1
105000096,168,224,-56
105000097,0,0,0
105000098,172,76,96
105000099,0,0,0
105000100,0,0,0
105000101,142,70,72
105000102,0,0,0
105000103,161,111,50
105000104,0,0,0
105000105,252,93,159
105000106,4,1,3
105000107,379,30,349
105000108,414,74,340
105000109,10,0,10
105000110,21,14,7
105000111,2,1,1
105000112,31,34,-3
105000113,0,0,0
105000114,43,99,-56
105000115,0,0,0
105000116,98,49,49
105000117,0,0,0
105000118,65,34,31
105000119,0,0,0
105000120,369,51,318
105000121,0,0,0
105000122,15,42,-27
105000123,173,26,147
105000124,156,24,132
105000125,137,54,83
105000126,73,29,44
105000127,225,36,189
105000128,34,11,23
105000129,34,60,-26
105000130,16,403,-387
105000131,0,0,0
105000132,116,111,5
105000133,0,0,0
105000134,190,35,155
105000135,0,0,0
105000136,0,0,0
105000137,0,0,0
105000138,0,0,0
105000139,0,0,0
105000140,214,28,186
105000141,0,0,0
105000142,112,37,75
105000143,0,0,0
105000144,0,0,0
105000145,215,79,136
105000146,0,0,0
105000147,308,101,207
105000148,242,52,190
105000149,608,132,476
105000150,0,0,0
105000151,0,0,0
105000152,0,0,0
105000153,0,0,0
105000154,1,3,-2
105000155,0,0,0
105000156,2,3,-1
105000157,40,27,13
105000158,37,5,32
105000159,10,6,4
105000160,63,37,26
105000161,29,8,21
105000162,18,21,-3
105000163,55,15,40
105000164,3,7,-4
105000165,27,63,-36
105000166,34,27,7
105000167,40,170,-130
105000168,170,141,29
105000169,55,21,34
105000170,0,0,0
105000171,0,0,0
105000172,9,1,8
105000173,11,3,8
105000174,0,8,-8
105000175,0,0,0
105000176,24,2,22
105000177,92,34,58
105000178,72,2,70
105000179,44,5,39
105000180,0,0,0
105000181,32,1,31
105000182,0,0,0
105000183,0,0,0
105000184,0,0,0
105000185,41,198,-157
105000186,0,0,0
105000187,100,22,78
105000188,1,46,-45
105000189,0,0,0
105000190,111,85,26
105000191,3,1,2
105000192,127,48,79
105000193,1,15,-14
105000194,78,9,69
105000195,5,1,4
105000196,1,23,-22
105000197,1,4,-3
105000198,0,0,0
105000199,1,26,-25
105000200,49,147,-98
105000201,15,0,15
105000203,0,0,0
105000204,5,3,2
105000205,0,0,0
105000207,0,0,0
105000208,24,182,-158
105000209,0,0,0
105000212,81,16,65
105000213,53,30,23
105000214,11,8,3
105000215,163,102,61
105000216,19,1,18
105000217,0,0,0
105000218,157,56,101
105000221,22,6,16
105000222,76,0,76
105000223,27,1,26
105000226,4,4,0
105000227,1,0,1
105000228,0,15,-15
105000229,28,236,-208
105000231,209,36,173
105000233,281,332,-51
105000234,62,218,-156
105000235,166,136,30
105000237,43,0,43
105000243,0,0,0
105000248,0,0,0
105000262,1,0,1
105000269,0,0,0
105000270,52,1,51
105000271,0,0,0
105000282,12,0,12
105000287,0,0,0
105000288,1,27,-26
105000289,264,360,-96
105000290,1,0,1
105000402,29,114,-85
105000426,0,1,-1
105000438,38,184,-146
105000446,529,475,54
105000447,132,31,101
105000454,0,0,0
105000455,0,0,0
105000474,7,0,7
105000477,0,0,0
105000478,449,1301,-852
105000479,0,0,0
105000480,1729,1625,104
105000481,884,454,430
105000482,108,181,-73
105000483,263,899,-636
105000484,98,326,-228
105000485,310,1173,-863
105000486,218,375,-157
105000488,44,221,-177
105000489,254,118,136
105000549,0,35,-35
105000550,0,0,0
105000551,23,12,11
105000552,130,102,28
105900001,0,0,0
105900002,0,0,0
105900003,0,0,0
105900004,0,0,0
105900005,0,0,0
105900006,0,0,0
105900007,0,0,0
105900008,0,0,0
105900009,0,0,0
105900011,0,0,0
105900012,0,0,0
105900013,0,0,0
105900014,0,0,0
105900015,0,0,0
105900016,0,0,0
105900017,0,0,0
105900018,0,0,0
105900019,0,0,0
105900020,0,0,0
105900021,0,0,0
105900022,0,0,0
105900023,0,0,0
105900024,0,0,0
105900025,0,0,0
105900026,0,0,0
105900027,0,0,0
105900028,0,0,0
105900029,0,0,0
105900030,0,0,0
105900031,0,0,0
105900032,0,0,0
105900033,0,0,0
105900034,0,0,0
105900035,0,0,0
105900036,0,0,0
105900037,0,0,0
105900038,0,0,0
105900039,0,0,0
105900040,0,0,0
105900041,0,0,0
105900042,0,0,0
105900043,0,0,0
105900044,0,0,0
105900045,0,0,0
105900046,0,0,0
105900047,0,0,0
105900048,35,4,31
105900050,0,0,0
105900051,0,0,0
105900052,0,0,0
105900053,0,0,0
105900054,0,0,0
105900056,0,0,0
105900057,0,0,0
105900058,0,0,0
105900059,0,0,0
106000001,862,432,430
106000002,9,152,-143
106000003,1307,836,471
106000004,66,358,-292
106000005,2319,1294,1025
106000006,100,377,-277
106000007,657,120,537
106000008,53,111,-58
106000009,535,213,322
106000010,40,78,-38
106000011,848,407,441
106000012,14,54,-40
106000013,1180,555,625
106000014,80,93,-13
106000015,1090,516,574
106000016,77,145,-68
106000017,706,157,549
106000018,128,169,-41
106000019,209,107,102
106000020,5,52,-47
106000021,293,121,172
106000022,43,43,0
106000023,401,67,334
106000024,29,72,-43
106000025,151,105,46
106000026,13,44,-31
106000027,749,383,366
106000028,10,54,-44
106000029,51,68,-17
106000030,0,0,0
106000034,0,0,0
106000035,168,271,-103
106000036,0,0,0
106000037,0,0,0
106000038,0,0,0
106000039,0,0,0
106000040,0,0,0
106000041,180,50,130
106000043,129,6,123
106000046,0,0,0
106000047,0,0,0
106000049,236,6,230
106000050,0,0,0
106000051,61,97,-36
106000052,0,0,0
106000053,244,49,195
106000054,0,0,0
106000055,146,17,129
106000056,0,0,0
106000057,250,47,203
106000058,0,0,0
106000059,242,133,109
106000060,0,0,0
106000061,40,107,-67
106000062,0,0,0
106000063,504,184,320
106000064,0,0,0
106000065,241,43,198
106000066,1,1,0
106000067,184,26,158
106000068,2,3,-1
106000069,39,1,38
106000070,12,7,5
106000071,275,20,255
106000072,267,266,1
106000073,372,186,186
106000074,213,230,-17
106000075,159,132,27
106000076,582,88,494
106000077,780,134,646
106000078,276,51,225
106000079,518,56,462
106000080,470,27,443
106000081,292,150,142
106000082,432,17,415
106000083,269,160,109
106000084,376,14,362
106000085,398,251,147
106000086,451,89,362
106000087,203,20,183
106000088,265,26,239
106000089,448,31,417
106000090,363,37,326
106000091,5,0,5
106000092,190,44,146
106000093,165,0,165
106000094,0,0,0
106000095,297,21,276
106000096,320,34,286
106000097,254,38,216
106000098,178,23,155
106000099,11,2,9
106000100,654,28,626
106000101,334,5,329
106000102,9,22,-13
106000103,3,87,-84
106000104,113,28,85
106000105,5,84,-79
106000106,158,15,143
106000107,24,88,-64
106000108,61,2,59
106000109,9,63,-54
106000110,89,11,78
106000111,6,61,-55
106000112,179,18,161
106000113,6,70,-64
106000114,17,9,8
106000115,11,64,-53
106000116,71,62,9
106000117,0,0,0
106000118,322,119,203
106000119,0,0,0
106000120,302,165,137
106000121,10,11,-1
106000122,0,0,0
106000123,11,2,9
106000124,0,0,0
106000125,0,0,0
106000126,25,5,20
106000127,0,0,0
106000128,177,14,163
106000129,0,0,0
106000130,193,48,145
106000131,0,0,0
106000132,168,14,154
106000133,0,0,0
106000134,226,42,184
106000135,0,0,0
106000136,401,91,310
106000137,0,0,0
106000138,187,8,179
106000139,136,16,120
106000140,0,0,0
106000141,0,0,0
106000142,29,7,22
106000143,0,0,0
106000144,143,11,132
106000145,0,0,0
106000146,234,93,141
106000147,56,12,44
106000148,133,98,35
106000149,276,50,226
106000150,82,69,13
106000151,238,87,151
106000152,134,94,40
106000153,1,33,-32
106000154,72,5,67
106000155,58,36,22
106000156,343,37,306
106000157,119,76,43
106000158,637,130,507
106000159,212,59,153
106000160,232,225,7
106000161,110,1,109
106000162,199,39,160
106000163,36,7,29
106000164,160,7,153
106000165,45,24,21
106000166,340,19,321
106000167,118,59,59
106000168,166,37,129
106000169,39,26,13
106000170,176,17,159
106000171,33,68,-35
106000172,479,67,412
106000173,63,141,-78
106000174,222,8,214
106000175,88,10,78
106000176,290,73,217
106000177,0,0,0
106000178,353,66,287
106000179,0,0,0
106000180,107,37,70
106000181,56,60,-4
106000182,615,40,575
106000183,570,43,527
106000184,405,62,343
106000185,70,17,53
106000186,88,4,84
106000187,18,9,9
106000188,0,0,0
106000189,1,12,-11
106000190,19,0,19
106000191,147,11,136
106000192,0,0,0
106000193,99,36,63
106000194,0,17,-17
106000195,37,0,37
106000196,1,31,-30
106000197,171,2,169
106000198,1,12,-11
106000199,98,9,89
106000200,34,77,-43
106000201,31,35,-4
106000202,36,22,14
106000203,0,0,0
106000204,20,7,13
106000205,0,0,0
106000206,13,0,13
106000207,2,29,-27
106000208,387,37,350
106000209,632,75,557
106000210,1,32,-31
106000211,18,88,-70
106000212,619,104,515
106000213,0,0,0
106000214,235,35,200
106000215,1,61,-60
106000216,148,45,103
106000217,3,61,-58
106000218,103,35,68
106000219,21,66,-45
106000220,136,18,118
106000221,0,0,0
106000222,52,12,40
106000223,181,12,169
106000224,0,0,0
106000225,3,158,-155
106000226,0,0,0
106000228,0,0,0
106000229,0,0,0
106000231,193,5,188
106000232,0,0,0
106000233,76,18,58
106000234,0,0,0
106000235,56,37,19
106000236,0,0,0
106000237,0,0,0
106000238,0,1,-1
106000239,0,0,0
106000240,1,0,1
106000241,0,54,-54
106000242,78,41,37
106000249,73,12,61
106000250,0,59,-59
106000251,0,0,0
106000252,0,0,0
106000253,0,0,0
106000254,0,0,0
106000255,0,0,0
106000256,0,0,0
106000257,21,31,-10
106000258,0,0,0
106000259,0,0,0
106000260,0,0,0
106000261,0,0,0
106000262,0,0,0
106000263,0,0,0
106000264,0,0,0
106000265,0,0,0
106000266,0,0,0
106000267,0,0,0
106000268,0,0,0
106000269,0,0,0
106000270,24,0,24
106000271,0,0,0
106000272,0,0,0
106000273,0,0,0
106000274,0,0,0
106000275,0,0,0
106000276,0,0,0
106000277,0,0,0
106000278,0,0,0
106000279,0,0,0
106000280,0,0,0
106000281,0,0,0
106000282,0,0,0
106000283,0,0,0
106000284,0,0,0
106000285,0,0,0
106000286,0,0,0
106000287,0,0,0
106000288,0,0,0
106000289,0,0,0
106000290,0,0,0
106000291,0,0,0
106000292,0,0,0
106000293,0,0,0
106000294,0,0,0
106000295,0,0,0
106000296,0,0,0
106000297,0,0,0
106000298,0,0,0
106000299,0,0,0
106000300,0,0,0
106000301,0,0,0
106000303,0,0,0
106000304,0,0,0
106000305,0,0,0
106000306,0,0,0
106000307,0,0,0
106000308,0,0,0
106000309,0,0,0
106000310,16,11,5
106000311,87,32,55
106000312,1,13,-12
106000313,17,20,-3
106000318,0,0,0
106000319,338,45,293
106000320,0,0,0
106000321,0,0,0
106000322,0,0,0
106000324,0,0,0
106000325,1269,284,985
106000326,25,103,-78
106000327,88,7,81
106000328,0,0,0
106000329,3,2,1
106000330,0,20,-20
106000428,41,185,-144
106000429,0,0,0
106000430,0,0,0
106000431,399,279,120
106000432,13,118,-105
106000433,918,572,346
106000434,1014,440,574
106000435,1,117,-116
106000436,0,0,0
106000437,13,11,2
106000438,26,13,13
106000439,0,0,0
106000440,7,39,-32
106000441,0,0,0
106000442,58,0,58
106000443,58,60,-2
106000450,0,0,0
106000451,16,34,-18
106000454,0,0,0
106000455,0,22,-22
106000456,85,0,85
106000457,0,0,0
106000458,139,12,127
106000459,0,0,0
106000460,297,24,273
106000461,0,0,0
106000462,0,0,0
106000463,0,3,-3
106000464,0,0,0
106000465,158,0,158
106000466,0,0,0
106000467,0,67,-67
106000468,24,27,-3
106000469,35,0,35
106000470,0,0,0
106000471,0,0,0
106000472,18,1,17
106000473,0,0,0
106000474,22,83,-61
106000475,83,106,-23
106000476,4,12,-8
106000477,0,0,0
106900001,0,0,0
106900002,0,0,0
106900003,0,0,0
106900004,0,0,0
106900006,0,0,0
106900007,0,0,0
106900008,0,0,0
106900009,0,0,0
106900010,0,0,0
106900012,0,0,0
106900013,0,0,0
106900014,0,0,0
106900015,0,0,0
106900016,0,0,0
106900017,0,0,0
106900018,0,0,0
106900019,0,0,0
106900020,0,0,0
106900021,0,0,0
106900022,0,0,0
106900023,0,0,0
106900024,0,0,0
106900025,0,0,0
106900026,0,0,0
106900027,149,0,149
107000001,1399,2061,-662
107000002,250,408,-158
107000003,4399,4174,225
107000004,513,374,139
107000005,4175,3028,1147
107000006,346,339,7
107000007,1999,2560,-561
107000008,574,364,210
107000009,3969,3422,547
107000010,536,389,147
107000011,0,0,0
107000012,0,0,0
107000013,0,0,0
107000014,0,0,0
107000015,0,0,0
107000016,0,0,0
107000017,61,5,56
107000018,0,0,0
107000020,84,401,-317
107000021,19,4,15
107000022,86,369,-283
107000023,334,4,330
107000024,93,207,-114
107000025,53,24,29
107000026,42,64,-22
107000027,265,40,225
107000028,44,105,-61
107000029,920,122,798
107000030,117,138,-21
107000031,811,237,574
107000032,109,117,-8
107000033,202,91,111
107000034,0,0,0
107000035,58,58,0
107000036,0,0,0
107000037,12,147,-135
107000038,10,19,-9
107000039,102,424,-322
107000040,37,3,34
107000041,448,124,324
107000042,88,53,35
107000043,361,97,264
107000044,31,5,26
107000045,6,8,-2
107000046,447,91,356
107000047,90,77,13
107000048,345,64,281
107000049,31,103,-72
107000050,312,89,223
107000051,22,214,-192
107000052,303,122,181
107000053,277,66,211
107000054,11,134,-123
107000055,175,74,101
107000056,58,78,-20
107000057,93,189,-96
107000058,1147,1206,-59
107000059,0,0,0
107000060,2306,1988,318
107000061,47,32,15
107000062,1848,996,852
107000063,10,14,-4
107000064,1149,916,233
107000065,43,12,31
107000066,611,564,47
107000067,197,116,81
107000068,182,158,24
107000069,115,265,-150
107000070,180,1,179
107000071,886,18,868
107000072,0,0,0
107000073,223,51,172
107000074,0,0,0
107000075,1352,57,1295
107000076,0,0,0
107000077,1256,51,1205
107000078,0,0,0
107000079,1068,68,1000
107000080,0,0,0
107000081,1113,196,917
107000082,0,4,-4
107000083,490,497,-7
107000084,0,1,-1
107000085,768,640,128
107000086,156,400,-244
107000087,565,215,350
107000088,128,174,-46
107000089,277,200,77
107000090,70,72,-2
107000091,400,142,258
107000092,74,75,-1
107000093,271,329,-58
107000094,38,65,-27
107000095,1272,732,540
107000096,0,0,0
107000097,341,174,167
107000098,0,0,0
107000099,243,166,77
107000100,0,0,0
107000101,152,156,-4
107000102,0,0,0
107000103,225,74,151
107000104,0,0,0
107000105,283,71,212
107000106,0,0,0
107000107,265,116,149
107000108,0,0,0
107000109,215,17,198
107000110,0,0,0
107000111,149,5,144
107000112,0,0,0
107000113,319,27,292
107000114,0,0,0
107000115,373,64,309
107000116,0,0,0
107000117,274,44,230
107000118,0,0,0
107000119,711,202,509
107000120,0,0,0
107000121,442,59,383
107000122,6,107,-101
107000123,432,36,396
107000124,19,66,-47
107000125,828,26,802
107000126,32,81,-49
107000127,0,0,0
107000129,0,0,0
107000130,343,153,190
107000131,0,0,0
107000132,332,186,146
107000133,5,0,5
107000134,38,1,37
107000135,0,0,0
107000136,117,0,117
107000137,0,0,0
107000138,5,0,5
107000139,0,0,0
107000140,98,0,98
107000141,0,1,-1
107000142,68,1,67
107000143,0,3,-3
107000144,48,3,45
107000145,1,23,-22
107000146,0,0,0
107000147,3,25,-22
107000150,0,0,0
107000151,0,0,0
107000152,12,72,-60
107000153,0,0,0
107000154,0,0,0
107000155,41,0,41
107000156,88,0,88
107000157,0,0,0
107000158,30,0,30
107000159,0,0,0
107000160,110,66,44
107000161,0,1,-1
107000162,2,91,-89
107000163,44,0,44
107000164,0,0,0
107000165,0,0,0
107000166,0,0,0
107000167,0,0,0
107000168,472,28,444
107000169,4,14,-10
107000170,494,92,402
107000171,11,7,4
107000172,317,139,178
107000173,2,5,-3
107000174,152,229,-77
107000175,59,9,50
107000176,0,0,0
107000177,1,0,1
107000178,0,0,0
107000179,0,0,0
107000180,546,44,502
107000181,0,0,0
107000182,402,48,354
107000183,0,0,0
107000184,461,59,402
107000185,0,0,0
107000186,367,76,291
107000187,80,60,20
107000188,0,0,0
107000189,40,27,13
107000190,0,0,0
107000191,143,106,37
107000192,0,0,0
107000193,69,33,36
107000194,0,0,0
107000197,222,50,172
107000198,0,0,0
107000199,119,53,66
107000200,9,54,-45
107000201,67,44,23
107000202,82,25,57
107000203,79,144,-65
107000204,84,451,-367
107000205,83,56,27
107000206,82,395,-313
107000207,15,34,-19
107000208,11,40,-29
107000209,0,0,0
107000210,0,0,0
107000211,0,0,0
107000212,0,0,0
107000213,0,0,0
107000214,0,0,0
107000215,0,0,0
107000216,0,0,0
107000217,0,0,0
107000219,0,0,0
107000220,0,0,0
107000222,2,41,-39
107000224,7,0,7
107000225,0,0,0
107000226,76,11,65
107000227,0,0,0
107000228,0,0,0
107000229,0,0,0
107000230,30,23,7
107000231,79,138,-59
107000232,0,0,0
107000233,0,0,0
107000234,0,0,0
107000235,163,5,158
107000236,0,0,0
107000237,23,0,23
107000238,31,3,28
107000239,0,0,0
107000240,0,0,0
107000241,0,0,0
107000242,0,0,0
107000243,0,0,0
107000244,12,1,11
107000246,0,0,0
107000249,0,0,0
107000251,0,0,0
107000252,0,0,0
107000255,0,0,0
107000257,0,0,0
107000258,0,0,0
107000259,0,0,0
107000260,0,0,0
107000262,0,0,0
107000263,0,0,0
107000266,0,0,0
107000267,0,0,0
107000268,0,0,0
107000269,0,0,0
107000270,0,0,0
107000271,0,0,0
107000272,0,0,0
107000273,0,0,0
107000274,10,0,10
107000275,3,0,3
107000280,79,1,78
107000281,0,0,0
107000282,0,0,0
107000290,0,0,0
107000291,0,0,0
107000292,0,0,0
107000293,0,0,0
107000294,0,0,0
107000295,0,0,0
107000296,0,3,-3
107000444,46,0,46
107000496,0,0,0
107000497,0,0,0
107000500,0,0,0
107000501,0,0,0
107000502,0,0,0
107000505,2,36,-34
107000506,0,0,0
107000508,0,0,0
107000509,59,56,3
107000510,0,0,0
107000514,0,0,0
107000515,0,0,0
107000516,164,87,77
107000518,347,59,288
107000519,0,0,0
107000520,0,0,0
107900001,0,0,0
107900002,0,0,0
107900003,0,0,0
107900004,0,0,0
107900005,0,0,0
107900006,0,0,0
107900007,0,0,0
107900008,0,0,0
107900009,0,0,0
107900010,0,0,0
107900012,0,0,0
107900013,0,0,0
107900014,0,0,0
107900015,0,0,0
107900016,0,0,0
107900017,0,0,0
107900018,0,0,0
107900019,0,0,0
107900020,0,0,0
107900021,0,0,0
107900023,0,0,0
107900024,0,0,0
107900025,0,0,0
107900026,0,0,0
107900027,0,0,0
107900028,0,0,0
107900030,0,0,0
107900031,0,0,0
107900032,0,0,0
107900033,0,0,0
107900034,0,0,0
107900035,0,0,0
107900036,0,0,0
107900037,0,0,0
107900038,0,0,0
107900039,0,0,0
107900040,0,0,0
107900041,0,0,0
107900043,0,0,0
107900044,0,0,0
107900045,0,0,0
107900046,0,0,0
107900047,0,0,0
107900048,0,0,0
107900049,0,0,0
107900050,0,0,0
107900051,0,0,0
107900052,0,0,0
107900053,0,0,0
107900055,0,0,0
107900056,0,0,0
107900057,0,0,0
107900058,0,0,0
107900060,0,0,0
107900061,0,0,0
107900063,0,0,0
107900064,0,0,0
107900065,0,0,0
107900066,0,0,0
107900067,0,0,0
107900068,0,0,0
107900069,0,0,0
107900070,0,0,0
107900071,0,0,0
107900072,0,0,0
107900073,0,0,0
107900074,0,0,0
107900076,0,0,0
107900077,0,0,0
107900078,0,0,0
107900079,0,0,0
107900080,0,0,0
107900081,0,0,0
107900082,0,0,0
107900083,0,0,0
107900084,0,0,0
107900086,0,0,0
107900087,0,0,0
107900088,0,0,0
107900089,0,0,0
107900090,0,0,0
107900091,0,0,0
107900092,0,0,0
107900093,0,0,0
107900095,0,0,0
107900097,0,0,0
107900098,0,0,0
107900100,0,0,0
107900101,0,0,0
107900102,0,0,0
107900103,0,0,0
107900104,0,0,0
107900105,0,0,0
107900106,0,0,0
107900107,0,0,0
107900108,0,0,0
107900109,0,0,0
107900110,0,0,0
107900111,0,0,0
107900112,0,0,0
107900113,0,0,0
107900114,0,0,0
107900115,0,0,0
107900116,0,0,0
107900117,0,0,0
107900118,0,0,0
107900119,0,0,0
107900120,0,0,0
107900121,0,0,0
107900122,0,0,0
107900123,0,0,0
107900124,0,0,0
107900125,0,0,0
107900126,0,0,0
107900127,0,0,0
107900128,0,0,0
107900129,0,0,0
107900130,0,0,0
107900131,0,0,0
107900132,0,0,0
107900133,0,0,0
107900134,0,0,0
107900135,0,0,0
107900136,0,0,0
107900137,0,0,0
107900138,0,0,0
107900139,0,0,0
107900140,0,0,0
107900141,0,0,0
107900142,0,0,0
107900143,0,0,0
107900144,0,0,0
107900145,0,0,0
107900146,0,0,0
107900147,0,0,0
107900148,0,0,0
107900149,0,0,0
107900150,0,0,0
107900151,0,0,0
107900152,0,0,0
107900153,0,0,0
107900154,0,0,0
107900155,0,0,0
107900156,0,0,0
107900157,0,0,0
107900158,0,0,0
107900159,0,0,0
107900160,0,0,0
107900161,0,0,0
107900162,0,0,0
107900163,0,0,0
107900164,0,0,0
107900165,0,0,0
107900166,0,0,0
107900167,0,0,0
107900168,0,0,0
107900169,0,0,0
107900171,0,0,0
107900172,0,0,0
107900173,0,0,0
107900174,0,0,0
107900175,0,0,0
107900176,0,0,0
107900177,0,0,0
107900178,0,0,0
107900179,0,0,0
107900180,0,0,0
107900181,0,0,0
107900182,0,0,0
107900183,0,0,0
107900184,0,0,0
107900185,0,0,0
107900186,0,0,0
107900187,0,0,0
107900188,0,0,0
107900189,0,0,0
107900190,0,0,0
107900191,0,0,0
107900193,0,0,0
107900194,0,0,0
107900195,0,0,0
107900196,0,0,0
107900197,0,0,0
107900199,0,0,0
107900201,0,0,0
107900203,0,0,0
107900204,0,0,0
107900205,0,0,0
107900206,0,0,0
107900207,0,0,0
107900208,0,0,0
107900209,0,0,0
107900210,0,0,0
107900213,0,0,0
107900214,0,0,0
107900215,0,0,0
107900216,0,0,0
107900217,0,0,0
107900218,0,0,0
107900219,0,0,0
107900220,0,0,0
107900221,0,0,0
107900223,0,0,0
107900224,0,0,0
107900225,0,0,0
107900226,0,0,0
107900227,0,0,0
107900228,0,0,0
107900229,0,0,0
107900230,0,0,0
107900231,0,0,0
107900232,0,0,0
107900233,0,0,0
107900234,0,0,0
107900235,0,0,0
107900236,0,0,0
107900237,0,0,0
107900238,0,0,0
107900239,0,0,0
107900240,0,0,0
107900241,0,0,0
107900242,0,0,0
107900243,0,0,0
107900244,0,0,0
107900245,0,0,0
107900246,0,0,0
107900248,1,1,0
107900249,0,0,0
107900250,0,0,0
107900251,0,0,0
107900252,0,0,0
107900253,0,0,0
107900254,0,0,0
107900255,0,0,0
107900256,0,0,0
107900257,0,0,0
107900258,0,0,0
107900259,0,0,0
107900261,0,0,0
107900262,0,0,0
107900264,0,0,0
107900265,0,0,0
107900267,0,0,0
107900268,0,0,0
107900269,0,0,0
107900270,0,0,0
107900271,0,0,0
107900272,0,0,0
107900273,0,0,0
107900274,0,0,0
107900275,0,0,0
107900276,0,0,0
107900277,0,0,0
107900278,0,0,0
107900279,0,0,0
107900280,0,0,0
107900281,0,0,0
107900282,0,0,0
107900283,0,0,0
107900284,0,0,0
107900285,0,0,0
107900286,0,0,0
107900287,0,0,0
107900290,0,0,0
107900291,0,0,0
107900292,0,0,0
107900293,0,0,0
107900295,0,0,0
107900297,0,0,0
107900298,0,0,0
107900299,0,0,0
107900300,16,17,-1
107900301,0,24,-24
107900302,0,0,0
107900303,0,0,0
107900304,0,0,0
107900305,0,0,0
107900306,0,0,0
107900307,0,0,0
107900308,0,0,0
107900309,0,0,0
107900310,0,0,0
107900311,0,0,0
107900312,0,0,0
107900313,0,0,0
107900314,0,0,0
107900315,0,0,0
107900316,0,0,0
107900317,0,0,0
107900318,0,0,0
107900319,0,0,0
107900320,0,0,0
107900321,0,0,0
107900322,0,0,0
107900323,0,0,0
107900324,0,0,0
107900325,0,0,0
107900326,0,0,0
107900327,0,0,0
107900328,0,0,0
107900329,0,0,0
107900330,0,0,0
107900331,0,0,0
107900332,0,0,0
107900333,0,0,0
107900334,0,0,0
107900335,0,0,0
107900336,0,0,0
107900337,0,0,0
107900338,0,0,0
107900339,0,0,0
107900340,0,0,0
107900341,0,0,0
107900342,0,0,0
107900343,0,0,0
107900344,0,0,0
107900345,0,0,0
107900346,0,0,0
107900347,0,0,0
107900348,0,0,0
107900349,0,0,0
107900350,0,0,0
108000001,2090,1135,955
108000002,139,218,-79
108000003,1804,867,937
108000004,439,1558,-1119
108000005,4758,1803,2955
108000006,104,708,-604
108000007,4363,1320,3043
108000008,387,322,65
108000009,2650,1431,1219
108000010,214,275,-61
108000011,4895,1595,3300
108000012,601,641,-40
108000014,192,1,191
108000015,553,6,547
108000016,0,4,-4
108000017,483,21,462
108000018,1574,73,1501
108000019,238,92,146
108000020,597,133,464
108000021,0,0,0
108000022,58,88,-30
108000023,729,64,665
108000024,80,13,67
108000025,44,13,31
108000026,413,43,370
108000027,48,1,47
108000028,504,21,483
108000029,123,1,122
108000030,460,23,437
108000031,19,8,11
108000032,1112,100,1012
108000033,0,0,0
108000034,1255,116,1139
108000035,0,0,0
108000036,19,30,-11
108000037,445,52,393
108000038,782,91,691
108000039,4,25,-21
108000040,1057,158,899
108000041,3,9,-6
108000042,358,20,338
108000043,58,4,54
108000044,644,14,630
108000045,20,1,19
108000046,1036,132,904
108000047,0,0,0
108000048,0,0,0
108000049,348,26,322
108000050,0,3,-3
108000051,131,30,101
108000052,0,10,-10
108000053,267,71,196
108000054,6,22,-16
108000055,450,122,328
108000056,24,39,-15
108000057,422,409,13
108000058,527,679,-152
108000059,4,127,-123
108000060,139,131,8
108000061,0,0,0
108000062,286,102,184
108000063,0,0,0
108000064,142,81,61
108000065,0,0,0
108000066,464,36,428
108000067,946,5,941
108000068,551,76,475
108000069,0,0,0
108000070,1558,97,1461
108000071,0,0,0
108000072,1721,221,1500
108000073,0,0,0
108000074,459,148,311
108000075,0,0,0
108000076,1009,174,835
108000077,0,0,0
108000078,1784,589,1195
108000079,0,0,0
108000080,1093,313,780
108000081,0,0,0
108000082,0,0,0
108000083,125,33,92
108000084,0,0,0
108000085,60,37,23
108000086,0,0,0
108000087,15,214,-199
108000088,165,7,158
108000089,0,0,0
108000090,330,38,292
108000091,0,0,0
108000092,486,32,454
108000093,0,0,0
108000094,808,53,755
108000095,0,0,0
108000096,452,247,205
108000097,0,0,0
108000098,1274,120,1154
108000099,93,38,55
108000100,165,47,118
108000101,1065,273,792
108000102,386,624,-238
108000106,162,0,162
108000107,0,0,0
108000108,157,9,148
108000109,0,0,0
108000110,10,17,-7
108000111,0,0,0
108000112,4,47,-43
108000113,68,36,32
108000115,116,27,89
108000117,127,7,120
108000118,0,0,0
108000119,54,5,49
108000120,406,149,257
108000121,43,20,23
108000122,517,46,471
108000123,440,39,401
108000124,0,0,0
108000125,483,55,428
108000126,0,0,0
108000127,559,22,537
108000128,0,0,0
108000129,0,0,0
108000130,417,34,383
108000131,215,60,155
108000132,0,0,0
108000133,847,50,797
108000134,0,0,0
108000135,1430,59,1371
108000136,0,0,0
108000137,63,24,39
108000138,0,3,-3
108000139,119,17,102
108000140,0,0,0
108000141,0,0,0
108000142,0,0,0
108000143,0,0,0
108000144,0,0,0
108000145,0,0,0
108000146,0,0,0
108000147,0,0,0
108000148,0,0,0
108000149,0,0,0
108000150,0,0,0
108000151,0,0,0
108000152,0,0,0
108000153,0,0,0
108000154,0,0,0
108000155,0,0,0
108000156,0,0,0
108000157,0,0,0
108000158,0,0,0
108000159,46,10,36
108000160,116,13,103
108000161,205,64,141
108000165,0,0,0
108000172,0,0,0
108000173,0,0,0
108000175,259,8,251
108000178,0,0,0
108000179,88,522,-434
108000181,0,0,0
108000182,0,0,0
108000183,0,0,0
108000184,47,175,-128
108000185,0,0,0
108000186,0,0,0
108000187,0,0,0
108000188,0,0,0
108000189,71,24,47
108000190,0,0,0
108000192,0,0,0
108000193,0,0,0
108000194,11,0,11
108000195,0,0,0
108000196,21,1,20
108000198,0,0,0
108000199,0,0,0
108000200,0,0,0
108000202,3,184,-181
108000203,0,0,0
108000204,0,0,0
108000205,0,0,0
108000339,241,20,221
108000364,32,28,4
108000365,25,13,12
108000367,0,0,0
108000368,0,0,0
108000369,0,0,0
108000371,0,0,0
108000372,127,0,127
108000373,24,11,13
108000376,0,0,0
108000377,62,63,-1
108000378,5853,2912,2941
108000379,0,0,0
108000381,0,0,0
108000382,52,0,52
108000383,0,0,0
108900001,0,0,0
108900002,0,0,0
108900003,0,0,0
108900004,70,34,36
108900005,0,2,-2
108900006,5,9,-4
108900007,97,18,79
108900008,19,2,17
108900009,7,0,7
108900010,0,0,0
108900011,66,14,52
108900012,24,2,22
108900013,78,30,48
108900014,0,0,0
108900015,0,0,0
108900016,0,0,0
108900017,0,0,0
108900018,0,0,0
108900019,0,0,0
108900020,0,0,0
108900021,0,0,0
108900022,0,0,0
108900023,0,0,0
108900024,0,0,0
108900025,0,0,0
108900026,0,0,0
108900027,0,0,0
108900028,0,0,0
108900029,0,0,0
108900030,0,0,0
108900031,0,0,0
108900032,0,0,0
108900033,0,0,0
108900034,0,0,0
108900035,0,0,0
108900036,0,0,0
108900037,0,0,0
108900038,0,0,0
108900039,0,0,0
108900040,0,0,0
108900041,141,97,44
108900042,0,0,0
108900043,0,0,0
108900044,0,0,0
108900045,0,0,0
108900046,0,0,0
108900047,0,0,0
108900048,0,0,0
108900049,0,0,0
108900050,0,0,0
108900051,0,0,0
108900052,0,0,0
108900053,0,0,0
108900054,0,0,0
108900055,0,0,0
108900056,0,0,0
108900057,0,0,0
108900058,0,0,0
108900059,0,0,0
108900060,1,7,-6
108900061,0,0,0
108900062,0,0,0
108900063,0,0,0
108900064,0,0,0
108900065,0,0,0
108900066,39,5,34
108900067,0,0,0
108900068,0,0,0
108900069,0,0,0
108900070,0,0,0
108900071,5,0,5
108900072,0,0,0
108900073,0,0,0
108900074,0,0,0
108900075,0,0,0
108900076,2,0,2
108900077,0,0,0
108900078,0,0,0
108900079,0,0,0
108900080,0,0,0
108900081,0,0,0
108900082,0,0,0
108900083,0,0,0
108900084,0,0,0
108900085,0,0,0
108900086,0,0,0
108900087,0,0,0
108900088,14,6,8
108900089,0,0,0
108900090,0,0,0
108900091,0,0,0
108900092,130,17,113
108900093,0,0,0
108900094,0,0,0
108900095,0,0,0
108900096,0,0,0
108900097,25,1,24
108900098,0,0,0
108900099,40,2,38
108900100,0,0,0
108900101,0,0,0
108900102,0,0,0
108900103,0,0,0
108900104,0,0,0
108900105,0,0,0
108900106,18,0,18
108900108,0,0,0
108900109,0,0,0
108900110,19,4,15
108900111,23,1,22
108900112,0,0,0
108900113,0,0,0
108900114,0,0,0
108900115,0,0,0
108900116,0,0,0
108900117,0,0,0
108900118,0,0,0
108900119,0,0,0
108900120,0,0,0
108900121,0,0,0
108900122,0,0,0
108900123,0,0,0
108900124,0,0,0
108900125,0,0,0
108900126,0,0,0
108900127,0,0,0
108900128,0,0,0
108900129,0,0,0
108900130,0,0,0
108900131,0,0,0
108900132,0,0,0
108900133,0,0,0
108900134,0,0,0
108900135,0,0,0
108900136,0,0,0
108900137,0,0,0
108900138,0,0,0
108900139,0,0,0
108900140,0,0,0
108900141,0,0,0
108900142,0,0,0
108900143,0,0,0
108900144,0,0,0
108900145,0,0,0
108900146,0,0,0
108900147,0,0,0
108900148,0,0,0
108900149,0,0,0
108900150,0,0,0
108900151,0,0,0
108900152,0,0,0
108900153,0,0,0
108900154,5,0,5
108900155,0,0,0
108900156,0,0,0
108900157,0,0,0
108900158,0,0,0
108900159,0,0,0
108900160,0,0,0
108900161,0,0,0
108900162,0,0,0
108900163,0,0,0
108900164,0,0,0
108900165,0,0,0
108900167,0,0,0
108900168,0,0,0
108900169,0,0,0
108900171,20,107,-87
108900172,0,0,0
108900173,0,0,0
108900174,0,0,0
108900176,0,0,0
108900177,0,0,0
108900178,0,0,0
108900179,4,82,-78
108900180,0,0,0
108900182,3,25,-22
108900183,0,0,0
108900184,54,0,54
108900185,0,0,0
108900186,0,0,0
108900187,0,0,0
108900188,0,0,0
108900189,1,2,-1
108900190,0,0,0
108900191,0,0,0
108900192,0,0,0
108900193,0,0,0
108900194,0,0,0
108900195,1,0,1
108900196,0,0,0
108900198,0,0,0
108900199,0,0,0
108900200,16,1,15
108900201,0,0,0
108900203,0,0,0
108900204,0,0,0
108900205,0,0,0
108900206,0,0,0
108900207,0,0,0
108900208,0,0,0
108900209,0,0,0
108900210,0,0,0
108900211,0,0,0
108900212,0,0,0
108900215,0,0,0
108900216,0,0,0
108900217,0,0,0
108900218,0,0,0
108900219,0,0,0
108900220,0,0,0
108900221,0,0,0
108900222,0,0,0
108900223,0,0,0
108900224,0,0,0
108900225,0,0,0
108900226,0,0,0
108900227,0,0,0
108900230,0,0,0
108900231,0,0,0
108900232,0,0,0
108900233,0,0,0
108900234,0,0,0
108900235,0,0,0
108900236,0,0,0
108900237,0,0,0
108900240,0,0,0
108900241,0,0,0
108900245,0,0,0
108900249,0,0,0
108900250,0,0,0
108900257,0,0,0
108900258,0,0,0
108900259,0,0,0
108900260,0,0,0
108900261,0,0,0
108900262,0,0,0
108900263,0,0,0
108900264,0,0,0
108900265,0,0,0
108900266,0,0,0
108900267,0,0,0
108900268,0,0,0
108900269,0,0,0
108900270,0,0,0
108900271,0,0,0
108900272,0,0,0
108900273,0,0,0
108900274,0,0,0
108900275,0,0,0
108900276,0,0,0
109000001,1007,660,347
109000002,0,390,-390
109000003,1835,310,1525
109000004,1,229,-228
109000005,1446,223,1223
109000006,3,171,-168
109000007,1384,281,1103
109000008,6,154,-148
109000009,2121,299,1822
109000010,36,232,-196
109000011,2580,603,1977
109000012,49,244,-195
109000013,2997,813,2184
109000014,71,275,-204
109000015,3930,737,3193
109000016,119,393,-274
109000017,2143,527,1616
109000018,34,346,-312
109000019,1555,326,1229
109000020,7,183,-176
109000023,17,1,16
109000024,0,0,0
109000025,0,0,0
109000026,43,3,40
109000027,0,0,0
109000028,18,3,15
109000029,0,0,0
109000030,0,0,0
109000031,221,30,191
109000032,0,0,0
109000033,271,28,243
109000034,0,0,0
109000035,0,0,0
109000036,0,5,-5
109000037,0,0,0
109000038,40,13,27
109000039,0,0,0
109000040,0,0,0
109000041,28,95,-67
109000042,10,77,-67
109000044,186,42,144
109000045,0,0,0
109000046,183,38,145
109000047,0,0,0
109000048,293,76,217
109000049,0,0,0
109000050,219,127,92
109000051,0,0,0
109000052,0,0,0
109000053,0,0,0
109000054,0,0,0
109000055,0,0,0
109000056,0,0,0
109000057,0,0,0
109000058,0,0,0
109000059,0,0,0
109000060,2,6,-4
109000061,0,0,0
109000062,9,14,-5
109000063,0,0,0
109000064,0,16,-16
109000065,0,0,0
109000066,25,2,23
109000067,0,0,0
109000068,123,1,122
109000069,371,17,354
109000070,0,0,0
109000071,0,0,0
109000072,0,2,-2
109000073,0,0,0
109000074,0,13,-13
109000075,0,0,0
109000076,3,28,-25
109000077,24,3,21
109000078,0,10,-10
109000079,29,1,28
109000080,0,0,0
109000081,58,11,47
109000082,53,0,53
109000083,108,4,104
109000088,0,20,-20
109000089,0,0,0
109000090,1,7,-6
109000091,0,0,0
109000092,2,7,-5
109000093,0,0,0
109000094,1,0,1
109000095,0,9,-9
109000096,22,12,10
109000097,0,0,0
109000098,23,16,7
109000099,181,1,180
109000100,0,15,-15
109000101,315,19,296
109000102,27,53,-26
109000103,5,15,-10
109000104,457,10,447
109000105,10,57,-47
109000106,431,26,405
109000107,8,57,-49
109000108,486,55,431
109000109,25,62,-37
109000110,162,76,86
109000111,82,214,-132
109000112,0,0,0
109000113,0,0,0
109000114,180,100,80
109000115,132,1,131
109000116,0,0,0
109000117,153,3,150
109000118,0,0,0
109000119,309,6,303
109000120,0,0,0
109000121,194,16,178
109000122,0,0,0
109000123,0,0,0
109000124,43,1,42
109000125,582,31,551
109000126,0,0,0
109000127,629,13,616
109000128,0,0,0
109000129,484,54,430
109000130,0,0,0
109000131,174,157,17
109000132,5,19,-14
109000133,0,0,0
109000134,0,0,0
109000135,0,0,0
109000136,20,15,5
109000137,54,6,48
109000138,8,3,5
109000139,133,31,102
109000140,5,6,-1
109000141,88,6,82
109000142,0,0,0
109000143,0,0,0
109000145,0,0,0
109000146,24,40,-16
109000148,0,0,0
109000149,0,0,0
109000150,14,82,-68
109000155,0,0,0
109000156,309,13,296
109000158,0,0,0
109000159,57,25,32
109000160,0,0,0
109000161,459,60,399
109000162,93,2,91
109000163,594,78,516
109000164,53,35,18
109000165,463,178,285
109000166,78,37,41
109000167,2,18,-16
109000170,0,0,0
109000171,0,0,0
109000172,0,0,0
109000173,0,0,0
109000174,0,0,0
109000175,0,0,0
109000176,16,1,15
109000177,0,0,0
109000178,11,1,10
109000179,0,0,0
109000180,0,0,0
109000181,0,0,0
109000182,0,0,0
109000183,1,6,-5
109000184,0,0,0
109000185,13,9,4
109000188,21,28,-7
109000189,44,5,39
109000190,0,0,0
109000191,409,52,357
109000192,0,0,0
109000193,0,0,0
109000194,0,0,0
109000195,0,0,0
109000196,0,0,0
109000197,0,0,0
109000198,0,0,0
109000199,0,0,0
109000206,0,0,0
109000207,0,0,0
109000208,0,0,0
109000209,0,0,0
109000210,0,0,0
109000211,0,0,0
109000214,43,21,22
109000215,204,38,166
109000216,66,200,-134
109000217,0,0,0
109000218,0,0,0
109000221,0,14,-14
109000222,8,34,-26
109000223,5,60,-55
109000224,0,0,0
109000225,0,3,-3
109000226,0,1,-1
109000227,86,9,77
109000228,0,0,0
109000231,0,7,-7
109000232,38,1,37
109000236,0,0,0
109000241,80,12,68
109000242,342,57,285
109000293,0,0,0
109000361,0,0,0
109000364,0,0,0
109000396,0,5,-5
109000397,0,0,0
109000399,1,25,-24
109000400,0,0,0
109000403,0,0,0
109000406,114,1,113
109000407,0,0,0
109000408,0,197,-197
109000410,0,0,0
109000411,32,1,31
109900001,0,0,0
109900002,0,0,0
109900003,0,0,0
109900004,0,0,0
109900005,0,0,0
109900006,0,0,0
109900007,0,0,0
109900008,0,0,0
109900009,0,0,0
109900010,0,0,0
109900011,0,0,0
109900012,0,0,0
109900013,0,0,0
109900014,0,0,0
109900015,0,0,0
109900016,0,0,0
109900017,0,0,0
109900018,0,0,0
109900019,0,0,0
109900020,0,0,0
109900021,0,0,0
109900022,20,5,15
109900023,0,0,0
109900024,0,0,0
109900025,0,0,0
109900026,0,0,0
109900027,0,0,0
109900028,0,0,0
109900029,0,0,0
109900030,0,0,0
109900031,0,0,0
109900032,0,0,0
109900033,0,0,0
109900034,0,0,0
109900035,0,0,0
109900036,0,0,0
109900037,0,0,0
109900038,0,0,0
109900039,0,0,0
109900040,0,0,0
109900041,0,0,0
109900042,0,0,0
109900044,0,0,0
109900045,0,0,0
109900046,0,0,0
109900047,0,0,0
109900048,0,0,0
109900049,0,0,0
109900050,0,0,0
109900051,0,0,0
109900052,0,0,0
109900053,0,0,0
109900054,0,0,0
109900055,0,0,0
109900056,0,0,0
109900057,0,0,0
109900058,0,0,0
109900059,0,0,0
109900060,0,0,0
109900061,0,0,0
109900062,0,0,0
109900063,0,0,0
109900064,32,2,30
109900065,0,0,0
109900066,0,0,0
109900067,0,0,0
109900068,0,0,0
109900069,0,0,0
109900070,0,0,0
109900071,0,0,0
109900072,0,0,0
109900073,0,0,0
109900074,0,0,0
109900075,0,0,0
109900076,0,0,0
109900077,0,0,0
109900078,0,0,0
109900080,0,0,0
109900081,0,0,0
109900082,0,0,0
109900083,0,0,0
109900084,0,0,0
109900085,0,0,0
109900086,0,0,0
109900087,0,0,0
109900089,0,0,0
109900090,0,0,0
109900091,0,0,0
109900092,0,0,0
109900093,0,0,0
109900094,0,0,0
109900095,0,0,0
109900096,0,0,0
109900097,0,0,0
109900098,0,0,0
109900099,0,0,0
109900100,0,0,0
109900101,0,0,0
109900102,0,0,0
109900103,0,0,0
109900104,0,0,0
109900105,0,0,0
109900106,0,0,0
109900107,0,0,0
109900108,0,0,0
109900109,0,0,0
109900110,0,0,0
109900111,0,0,0
109900112,0,0,0
109900113,0,0,0
109900114,0,0,0
109900115,0,0,0
109900117,0,0,0
109900118,0,0,0
109900119,0,0,0
109900120,0,0,0
109900121,0,0,0
109900122,0,0,0
109900123,0,0,0
109900124,0,0,0
109900125,0,0,0
109900126,0,0,0
109900128,0,0,0
109900130,0,0,0
109900131,0,0,0
109900132,0,0,0
109900133,0,0,0
109900134,0,0,0
109900135,0,0,0
109900136,0,0,0
109900137,0,0,0
109900138,0,0,0
109900140,0,0,0
109900141,0,0,0
109900142,0,0,0
109900145,0,0,0
109900146,0,0,0
109900148,0,0,0
109900149,0,0,0
109900150,0,0,0
109900151,0,0,0
109900152,0,0,0
109900153,0,0,0
109900154,0,0,0
109900155,0,0,0
109900157,0,0,0
109900158,0,0,0
109900159,0,0,0
109900160,0,0,0
109900161,0,0,0
109900162,0,0,0
109900163,0,0,0
109900164,0,0,0
109900165,0,0,0
109900166,0,0,0
109900167,0,0,0
109900168,0,0,0
109900169,0,0,0
109900170,0,0,0
109900171,0,0,0
109900172,0,0,0
109900173,0,0,0
109900174,0,0,0
109900175,0,0,0
109900176,0,0,0
109900177,0,0,0
109900178,0,0,0
109900179,0,0,0
109900180,0,0,0
110000001,63,109,-46
110000002,614,338,276
110000003,112,289,-177
110000004,572,219,353
110000005,88,55,33
110000006,1,82,-81
110000007,20,0,20
110000008,0,0,0
110000009,0,1,-1
110000010,0,0,0
110000011,14,0,14
110000012,0,0,0
110000013,3,25,-22
110000014,47,39,8
110000015,19,9,10
110000016,49,70,-21
110000017,93,36,57
110000018,24,47,-23
110000019,0,0,0
110000020,0,0,0
110000021,60,6,54
110000022,0,0,0
110000023,0,0,0
110000024,0,0,0
110000025,0,0,0
110000026,0,0,0
110000027,16,11,5
110000028,190,14,176
110000029,0,0,0
110000030,48,24,24
110000031,0,0,0
110000032,267,4,263
110000033,2,4,-2
110000034,3,0,3
110000035,55,23,32
110000036,43,1,42
110000037,4,18,-14
110000038,20,1,19
110000039,162,71,91
110000040,0,0,0
110000041,267,160,107
110000042,0,0,0
110000043,167,141,26
110000044,0,0,0
110000045,7,48,-41
110000046,0,0,0
110000047,1,25,-24
110000048,0,0,0
110000049,2,7,-5
110000050,0,0,0
110000051,0,6,-6
110000052,7,12,-5
110000053,1,1,0
110000054,0,0,0
110000055,26,10,16
110000056,185,67,118
110000057,0,0,0
110000058,170,130,40
110000059,31,97,-66
110000060,824,216,608
110000061,98,189,-91
110000062,755,196,559
110000063,0,0,0
110000064,11,0,11
110000065,0,0,0
110000066,0,0,0
110000067,2,0,2
110000068,2,1,1
110000069,0,0,0
110000071,0,0,0
110000073,0,0,0
110000075,0,0,0
110000076,0,0,0
110000077,0,0,0
110000078,0,0,0
110000080,22,20,2
110000081,0,0,0
110000082,0,0,0
110000083,41,155,-114
110000084,462,130,332
110000085,352,392,-40
110000086,440,259,181
110000087,0,35,-35
110000088,1,170,-169
110000089,420,8,412
110000090,0,0,0
110000091,0,0,0
110000092,0,0,0
110000093,127,3,124
110000094,35,4,31
110000095,484,66,418
110000096,126,46,80
110000097,717,82,635
110000098,492,52,440
110000099,87,61,26
110000100,80,0,80
110000101,0,0,0
110000102,0,0,0
110000104,0,0,0
110000105,15,12,3
110000106,0,0,0
110000107,3,47,-44
110000108,383,5,378
110000109,0,0,0
110000110,1051,216,835
110000111,0,0,0
110000112,0,0,0
110000113,0,0,0
110000114,0,2,-2
110000115,7,35,-28
110000116,1,12,-11
110000117,0,0,0
110000118,147,15,132
110000119,0,0,0
110000120,78,9,69
110000121,0,0,0
110000122,20,4,16
110000123,41,110,-69
110000124,0,0,0
110000125,308,3,305
110000126,125,10,115
110000127,339,4,335
110000128,0,0,0
110000129,0,0,0
110000130,80,19,61
110000131,0,0,0
110000132,0,0,0
110000133,0,0,0
110000134,0,0,0
110000135,32,3,29
110000136,0,0,0
110000137,100,1,99
110000138,0,0,0
110000139,118,3,115
110000140,687,27,660
110000143,124,9,115
110000144,1201,332,869
110000145,279,170,109
110000146,863,104,759
110000147,0,0,0
110000148,79,23,56
110000151,31,43,-12
110000152,0,0,0
110000153,0,0,0
110000154,3,17,-14
110000155,84,419,-335
110000156,8,173,-165
110000157,57,324,-267
110000160,0,0,0
110000161,0,0,0
110000166,0,0,0
110000167,394,57,337
110000168,567,77,490
110000169,232,113,119
110000170,76,16,60
110000171,223,30,193
110000172,15,43,-28
110000173,47,30,17
110000174,0,0,0
110000175,90,0,90
110000176,11,12,-1
110000177,39,37,2
110000178,222,86,136
110000179,36,57,-21
110000180,55,46,9
110000181,114,23,91
110000182,48,4,44
110000183,246,159,87
110000184,41,65,-24
110000185,0,0,0
110000186,0,0,0
110000191,191,4,187
110000192,0,0,0
110000193,0,0,0
110000194,0,0,0
110000195,0,0,0
110000196,0,0,0
110000197,0,0,0
110000198,0,0,0
110000199,0,0,0
110000200,4,0,4
110000201,0,0,0
110000202,0,0,0
110000203,0,0,0
110000204,0,0,0
110000205,0,0,0
110000206,0,0,0
110000207,0,0,0
110000208,0,0,0
110000209,0,0,0
110000210,768,203,565
110000211,816,264,552
110000212,126,31,95
110000213,3,1,2
110000214,56,0,56
110000215,0,0,0
110000216,0,0,0
110000217,177,0,177
110000218,0,0,0
110000219,81,0,81
110000220,0,0,0
110000221,65,0,65
110000222,0,0,0
110000223,0,0,0
110000224,0,0,0
110000225,0,0,0
110000226,327,25,302
110000227,0,0,0
110000228,77,1,76
110000229,0,0,0
110000230,384,62,322
110000231,115,46,69
110000232,0,0,0
110000233,37,35,2
110000234,186,24,162
110000235,139,133,6
110000236,0,0,0
110000237,0,0,0
110000238,425,102,323
110000239,0,0,0
110000240,0,0,0
110000242,0,0,0
110000243,0,0,0
110000244,0,0,0
110000245,0,0,0
110000246,8,7,1
110000247,63,136,-73
110000248,75,67,8
110000249,0,0,0
110000250,0,4,-4
110000251,2,27,-25
110000252,71,3,68
110000253,54,29,25
110000254,0,0,0
110000255,0,0,0
110000256,33,39,-6
110000257,23,5,18
110000258,0,7,-7
110000259,0,0,0
110000260,4,3,1
110000263,0,0,0
110000264,2,3,-1
110000265,1171,146,1025
110000266,537,395,142
110000267,0,0,0
110000268,5,1,4
110000269,0,0,0
110000270,68,1,67
110000271,159,38,121
110000272,223,262,-39
110000273,109,159,-50
110000274,28,114,-86
110000275,175,59,116
110000276,3,123,-120
110000277,534,97,437
110000278,5,142,-137
110000279,488,65,423
110000280,405,31,374
110000281,0,0,0
110000282,38,0,38
110000283,0,0,0
110000284,0,0,0
110000285,0,0,0
110000286,10,12,-2
110000287,0,0,0
110000288,0,0,0
110000289,0,0,0
110000290,0,0,0
110000291,214,11,203
110000292,0,0,0
110000293,251,17,234
110000294,0,0,0
110000295,74,22,52
110000296,0,0,0
110000297,0,0,0
110000298,0,0,0
110000299,0,0,0
110000301,0,0,0
110000302,0,0,0
110000303,0,0,0
110000304,0,0,0
110000305,101,0,101
110000306,0,0,0
110000307,125,0,125
110000308,236,3,233
110000309,0,0,0
110000310,66,1,65
110000311,0,0,0
110000312,11,1,10
110000313,0,0,0
110000314,0,0,0
110000315,75,256,-181
110000316,6,164,-158
110000317,0,0,0
110000318,0,0,0
110000319,0,0,0
110000320,0,0,0
110000321,0,0,0
110000322,4,16,-12
110000323,0,0,0
110000324,0,0,0
110000325,662,360,302
110000327,195,2,193
110000328,0,0,0
110000333,42,124,-82
110000334,0,11,-11
110000335,32,21,11
110000336,0,19,-19
110000337,696,125,571
110000338,35,11,24
110000339,21,28,-7
110000340,2,3,-1
110000341,60,2,58
110000342,8,0,8
110000343,0,0,0
110000344,0,0,0
110000345,2,8,-6
110000346,264,251,13
110000347,664,255,409
110000348,0,0,0
110000349,0,0,0
110000350,3,0,3
110000351,411,83,328
110000352,0,0,0
110000353,949,70,879
110000354,1,4,-3
110000355,0,0,0
110000356,205,3,202
110000357,0,0,0
110000361,0,0,0
110000362,4,17,-13
110000363,96,0,96
110000364,95,75,20
110000365,22,0,22
110000366,0,0,0
110000367,0,0,0
110000368,0,0,0
110000369,4,0,4
110000373,0,0,0
110000374,0,0,0
110000375,82,58,24
110000376,0,0,0
110000377,88,205,-117
110000378,0,0,0
110000379,528,156,372
110000380,136,5,131
110000383,0,0,0
110000384,91,1,90
110000385,0,0,0
110000387,23,0,23
110000388,0,0,0
110000389,596,11,585
110000391,241,7,234
110000396,0,0,0
110000397,0,0,0
110000398,0,0,0
110000399,403,2,401
110000587,1,1,0
110000589,0,0,0
110000640,0,0,0
110000652,0,0,0
110000653,0,0,0
110000654,0,0,0
110000656,0,0,0
110000674,0,0,0
110000675,0,0,0
110000676,0,0,0
110000679,0,0,0
110000682,6,25,-19
110000683,103,38,65
110000684,0,0,0
110000685,8,3,5
110000686,0,0,0
110000687,6,0,6
110000688,36,0,36
110000689,0,0,0
110000692,3,4,-1
110000693,0,0,0
110000694,0,0,0
110000695,0,0,0
110000696,15,1,14
110900001,0,0,0
110900002,0,0,0
110900003,0,0,0
110900004,0,0,0
110900005,0,0,0
110900006,0,0,0
110900007,0,0,0
110900008,0,0,0
110900009,0,0,0
110900010,0,0,0
110900011,0,0,0
110900012,0,0,0
110900013,0,0,0
110900014,0,0,0
110900015,0,0,0
110900016,0,0,0
110900017,0,0,0
110900018,0,0,0
110900019,0,0,0
110900020,0,0,0
110900021,0,0,0
110900022,0,0,0
110900023,0,0,0
110900024,0,0,0
110900025,0,0,0
110900027,0,0,0
110900028,0,0,0
110900029,0,0,0
110900030,0,0,0
110900031,0,0,0
110900032,0,0,0
110900033,0,0,0
110900035,0,0,0
110900036,0,0,0
110900037,0,0,0
110900038,0,0,0
110900039,0,0,0
110900040,0,0,0
110900041,0,0,0
110900042,0,0,0
110900043,0,0,0
110900044,0,0,0
110900045,0,0,0
110900046,0,0,0
110900047,0,0,0
110900049,0,0,0
110900050,0,0,0
110900051,0,0,0
110900052,0,0,0
110900053,0,0,0
110900054,0,0,0
110900055,0,0,0
110900056,0,0,0
110900057,0,0,0
110900058,0,0,0
110900059,0,0,0
110900060,0,0,0
110900061,0,0,0
110900062,0,0,0
110900063,0,0,0
110900064,0,0,0
110900065,0,0,0
110900066,0,0,0
110900067,0,0,0
110900068,0,0,0
110900069,0,0,0
110900070,0,0,0
110900071,0,0,0
110900073,0,0,0
110900074,0,0,0
110900075,0,0,0
110900077,0,0,0
110900078,0,0,0
110900079,0,0,0
110900080,0,0,0
110900081,0,0,0
110900082,0,0,0
110900083,0,0,0
110900084,0,0,0
110900085,0,0,0
110900086,0,0,0
110900087,0,0,0
110900088,0,0,0
110900090,0,0,0
110900091,0,0,0
110900093,0,0,0
110900095,0,0,0
110900097,0,0,0
110900098,0,0,0
110900099,0,0,0
110900100,0,0,0
110900102,0,0,0
110900105,0,0,0
110900108,0,0,0
110900111,0,0,0
110900112,0,0,0
110900113,0,0,0
110900115,0,0,0
110900116,0,0,0
110900118,0,0,0
110900119,0,0,0
110900120,0,0,0
110900121,0,0,0
110900122,0,0,0
110900125,0,0,0
110900127,0,0,0
110900128,0,0,0
110900129,0,0,0
110900130,0,0,0
110900131,0,0,0
110900132,0,0,0
110900133,0,0,0
110900135,0,0,0
110900136,0,0,0
110900137,0,0,0
110900138,0,0,0
110900139,0,0,0
110900140,0,0,0
110900141,0,0,0
110900142,0,0,0
110900143,0,0,0
110900144,0,0,0
110900145,0,0,0
110900146,0,0,0
110900147,0,0,0
110900148,0,0,0
110900149,0,0,0
110900150,0,0,0
110900151,0,0,0
110900152,0,0,0
110900153,0,0,0
111000001,59,6,53
111000002,0,0,0
111000003,415,43,372
111000004,0,0,0
111000005,535,75,460
111000006,0,0,0
111000007,737,69,668
111000008,0,0,0
111000009,5,117,-112
111000010,607,145,462
111000011,0,0,0
111000012,239,105,134
111000013,20,44,-24
111000014,588,142,446
111000017,0,0,0
111000018,0,0,0
111000020,0,0,0
111000021,103,4,99
111000023,49,7,42
111000025,108,209,-101
111000029,0,0,0
111000030,0,0,0
111000031,525,137,388
111000032,94,18,76
111000033,48,9,39
111000034,8,18,-10
111000037,0,0,0
111000038,10,8,2
111000039,16,3,13
111000040,2,2,0
111000041,0,0,0
111000042,0,0,0
111000043,1019,157,862
111000044,945,118,827
111000045,905,336,569
111000046,416,203,213
111000047,608,246,362
111000049,92,48,44
111000050,0,0,0
111000051,0,0,0
111000052,0,0,0
111000053,0,0,0
111000054,0,0,0
111000055,7,0,7
111000056,0,0,0
111000057,0,0,0
111000058,76,4,72
111000059,298,66,232
111000060,1750,95,1655
111000061,75,46,29
111000062,430,41,389
111000063,700,107,593
111000064,706,159,547
111000065,828,64,764
111000066,184,41,143
111000067,0,0,0
111000068,0,0,0
111000069,0,0,0
111000070,0,0,0
111000071,0,0,0
111000072,906,92,814
111000073,297,162,135
111000074,1001,223,778
111000075,178,17,161
111000076,260,42,218
111000077,756,218,538
111000078,185,27,158
111000079,276,56,220
111000080,208,47,161
111000081,173,100,73
111000082,145,22,123
111000084,64,154,-90
111000085,56,44,12
111000086,92,16,76
111000087,99,10,89
111000088,196,38,158
111000089,104,48,56
111000090,11,56,-45
111000091,0,0,0
111000092,0,0,0
111000093,0,0,0
111000094,30,6,24
111000095,29,17,12
111000096,62,22,40
111000097,0,0,0
111000098,0,0,0
111000099,0,0,0
111000100,0,0,0
111000101,0,0,0
111000102,0,0,0
111000104,141,37,104
111000107,0,0,0
111000109,65,58,7
111000110,248,98,150
111000111,1128,43,1085
111000112,1087,37,1050
111000113,549,199,350
111000114,324,173,151
111000115,1478,148,1330
111000116,277,64,213
111000117,111,22,89
111000118,205,60,145
111000119,333,72,261
111000120,288,40,248
111000121,149,64,85
111000122,12,21,-9
111000123,11,2,9
111000124,0,0,0
111000125,0,0,0
111000126,0,0,0
111000127,321,8,313
111000128,911,28,883
111000129,1100,17,1083
111000130,1255,53,1202
111000131,906,53,853
111000132,575,72,503
111000133,7,19,-12
111000134,45,13,32
111000135,0,0,0
111000136,302,23,279
111000138,13,0,13
111000140,0,0,0
111000141,4,3,1
111000142,0,0,0
111000143,0,0,0
111000144,0,0,0
111000145,7,0,7
111000146,5,0,5
111000147,19,0,19
111000148,72,7,65
111000149,0,0,0
111000150,44,0,44
111000151,0,0,0
111000153,129,3,126
111000154,0,1,-1
111000155,52,1,51
111000156,184,55,129
111000157,121,101,20
111000158,284,111,173
111000159,319,153,166
111000160,83,44,39
111000161,1,75,-74
111000162,0,0,0
111000163,0,0,0
111000164,0,0,0
111000165,49,6,43
111000166,0,0,0
111000167,0,0,0
111000168,19,8,11
111000169,49,7,42
111000170,44,9,35
111000171,49,6,43
111000172,17,20,-3
111000173,30,18,12
111000174,10,3,7
111000175,0,2,-2
111000176,0,0,0
111000177,0,0,0
111000178,0,0,0
111000179,0,0,0
111000180,0,0,0
111000181,84,0,84
111000182,100,1,99
111000183,41,19,22
111000184,91,11,80
111000185,2,11,-9
111000186,9,1,8
111000187,22,2,20
111000188,32,7,25
111000189,0,0,0
111000190,0,0,0
111000191,0,0,0
111000192,0,0,0
111000193,0,0,0
111000194,0,0,0
111000195,0,0,0
111000196,0,0,0
111000197,82,14,68
111000198,159,2,157
111000199,43,4,39
111000200,280,26,254
111000201,153,5,148
111000202,102,8,94
111000203,154,32,122
111000204,23,143,-120
111000213,129,23,106
111000214,184,48,136
111000215,193,62,131
111000217,353,44,309
111000218,85,125,-40
111000219,0,0,0
111000220,184,18,166
111000221,35,44,-9
111000224,0,0,0
111000225,23,1,22
111000226,1,2,-1
111000227,0,0,0
111000228,0,0,0
111000229,0,0,0
111000230,12,14,-2
111000231,230,25,205
111000232,0,0,0
111000233,0,0,0
111000234,0,0,0
111000239,0,0,0
111000240,33,19,14
111000241,0,0,0
111000242,52,4,48
111000243,0,0,0
111000244,84,1,83
111000245,206,24,182
111000246,115,38,77
111000247,0,0,0
111000248,105,74,31
111000249,0,0,0
111000250,0,0,0
111000251,0,0,0
111000253,0,0,0
111000255,0,0,0
111000257,0,0,0
111000260,0,0,0
111000261,105,15,90
111000271,0,0,0
111000273,96,5,91
111000274,276,219,57
111000275,29,3,26
111000276,0,0,0
111000277,0,0,0
111000278,149,2,147
111000291,300,614,-314
111000298,1,3,-2
111000299,135,0,135
111000300,0,0,0
111000302,0,0,0
111000303,0,0,0
111000312,0,0,0
111000315,0,0,0
111000320,45,16,29
111000321,6,17,-11
111000322,72,8,64
111000323,7,3,4
111000324,11,2,9
111000325,0,0,0
111000326,4,0,4
111000327,61,24,37
111000328,29,51,-22
111000329,0,0,0
111000330,7,1,6
111000331,26,1,25
111000332,121,72,49
111000334,25,47,-22
111000335,69,3,66
111000337,128,1,127
111000338,0,0,0
111000339,6,0,6
111000340,8,7,1
111000341,180,13,167
111000342,0,0,0
111000344,224,16,208
111000345,22,13,9
111000346,0,0,0
111000347,0,0,0
111000350,24,40,-16
111000351,0,0,0
111000352,46,12,34
111000353,0,0,0
111000354,37,60,-23
111000355,0,0,0
111000358,44,16,28
111000360,31,15,16
111000361,84,6,78
111000546,2,0,2
111000547,168,18,150
111000548,0,0,0
111000549,124,6,118
111000550,0,1,-1
111000551,62,9,53
111000552,2,8,-6
111000907,93,3,90
111000908,7,0,7
111000916,146,1,145
111000917,0,0,0
111000918,20,9,11
111000920,48,0,48
111000921,0,0,0
111000922,0,0,0
111000924,0,0,0
111000925,2285,271,2014
111000926,37,102,-65
111000927,2070,509,1561
111000928,73,390,-317
111000929,1434,284,1150
111000930,12,157,-145
111000931,1952,400,1552
111000932,44,157,-113
111000933,1691,619,1072
111000934,28,190,-162
111000935,1066,197,869
111000936,6,77,-71
111000937,560,289,271
111000938,27,125,-98
111000939,181,2,179
111000940,0,0,0
111000941,58,11,47
111000943,0,0,0
111000944,2,1,1
111000945,9,0,9
111001109,137,28,109
111001110,0,0,0
111001111,1,0,1
111001112,235,2,233
111001113,0,218,-218
111001114,25,0,25
111001115,0,0,0
111001116,613,113,500
111001117,0,0,0
111001120,32,8,24
111001121,0,0,0
111001122,0,0,0
111001123,9,9,0
111900001,0,0,0
111900002,0,0,0
111900003,0,0,0
111900004,0,0,0
111900006,0,0,0
111900007,0,0,0
111900008,0,0,0
111900009,0,0,0
111900010,0,0,0
111900012,0,0,0
111900013,0,0,0
111900014,14,0,14
111900015,0,0,0
111900016,0,0,0
111900017,0,0,0
111900018,0,0,0
111900019,0,0,0
111900020,0,0,0
111900021,0,0,0
111900022,0,0,0
111900023,0,0,0
111900024,0,0,0
111900025,0,0,0
111900026,0,0,0
111900027,0,0,0
111900028,0,0,0
111900029,0,0,0
111900030,0,0,0
111900031,0,0,0
111900032,0,0,0
111900033,0,0,0
111900034,0,0,0
111900035,0,0,0
111900036,0,0,0
111900038,0,0,0
111900039,0,0,0
111900040,0,0,0
111900042,0,0,0
111900043,0,0,0
111900044,0,0,0
111900046,0,0,0
111900048,0,0,0
111900049,0,0,0
111900050,0,0,0
111900051,0,0,0
111900052,0,0,0
111900053,0,0,0
111900054,0,0,0
111900055,0,0,0
111900056,0,0,0
111900057,24,0,24
111900058,0,0,0
111900059,55,17,38
111900060,0,0,0
111900061,0,0,0
111900062,0,0,0
111900063,0,0,0
111900064,0,0,0
111900065,0,0,0
111900066,0,0,0
111900067,0,0,0
111900068,0,0,0
111900069,0,0,0
111900070,0,0,0
111900071,0,0,0
111900072,0,0,0
111900073,0,0,0
111900074,0,0,0
111900075,0,0,0
111900076,0,0,0
111900077,0,0,0
111900078,0,0,0
111900079,0,0,0
111900080,0,0,0
111900081,0,0,0
111900082,0,0,0
111900083,0,0,0
111900084,0,0,0
111900085,0,0,0
111900086,0,0,0
111900087,0,0,0
111900088,0,0,0
111900089,0,0,0
111900090,0,0,0
111900091,0,0,0
111900092,0,0,0
111900093,0,0,0
111900094,0,0,0
111900095,0,0,0
111900096,0,0,0
111900097,0,0,0
111900098,0,0,0
111900099,0,0,0
111900100,0,0,0
111900101,0,0,0
111900102,0,0,0
111900103,0,0,0
111900104,0,0,0
111900105,0,0,0
111900106,0,0,0
111900107,0,0,0
111900108,0,0,0
111900109,0,0,0
111900110,0,0,0
111900111,25,2,23
111900112,0,0,0
111900113,0,0,0
111900114,0,0,0
111900115,0,0,0
111900118,0,0,0
111900119,0,0,0
111900122,0,0,0
111900123,0,0,0
111900124,0,0,0
111900125,0,0,0
111900126,0,0,0
111900127,0,0,0
111900128,0,0,0
111900129,0,0,0
111900130,0,0,0
111900131,0,0,0
111900132,0,0,0
111900133,0,0,0
111900134,0,0,0
111900135,0,0,0
111900136,0,0,0
111900137,0,0,0
111900138,0,0,0
111900139,0,0,0
111900140,0,0,0
111900141,0,0,0
111900142,0,0,0
111900143,0,0,0
111900144,0,0,0
111900145,0,0,0
111900146,0,0,0
111900147,0,0,0
111900148,0,0,0
111900149,0,0,0
111900150,0,0,0
111900151,0,0,0
111900152,0,0,0
111900153,0,0,0
111900154,0,0,0
111900155,0,0,0
111900156,0,0,0
111900157,0,0,0
111900158,0,0,0
111900159,0,0,0
111900160,0,0,0
111900161,0,0,0
111900162,0,0,0
111900163,0,0,0
111900164,0,0,0
111901113,0,0,0
111901114,0,0,0
111901115,0,0,0
111901116,0,0,0
111901117,0,0,0
111901118,0,0,0
111901119,0,0,0
111901120,0,0,0
111901121,0,0,0
111901122,0,0,0
111901123,0,0,0
111901124,0,0,0
111901125,31,27,4
111901126,0,0,0
111901127,0,0,0
111901128,0,0,0
111901129,0,0,0
111901130,0,0,0
111901131,0,0,0
111901132,0,0,0
111901133,0,0,0
111901134,0,0,0
111901135,0,0,0
111901136,0,0,0
111901137,0,0,0
111901138,0,0,0
111901139,0,0,0
111901140,0,0,0
111901141,0,0,0
111901142,0,0,0
111901143,0,0,0
111901144,0,0,0
111901145,0,0,0
112000001,1205,336,869
112000002,0,0,0
112000003,559,132,427
112000004,0,0,0
112000005,2964,1331,1633
112000006,0,0,0
112000007,1242,969,273
112000008,1858,1672,186
112000009,630,33,597
112000010,389,842,-453
112000011,180,29,151
112000012,682,1331,-649
112000013,131,108,23
112000014,200,528,-328
112000015,0,0,0
112000016,176,287,-111
112000017,0,0,0
112000024,0,0,0
112000026,0,0,0
112000027,564,511,53
112000028,0,0,0
112000029,0,0,0
112000030,0,0,0
112000031,4,71,-67
112000032,0,0,0
112000033,2,24,-22
112000034,0,0,0
112000035,0,0,0
112000036,0,0,0
112000037,0,0,0
112000038,0,0,0
112000039,24,6,18
112000040,0,0,0
112000041,0,0,0
112000042,0,0,0
112000050,728,571,157
112000051,563,833,-270
112000054,79,171,-92
112000057,0,0,0
112000058,0,0,0
112000059,0,0,0
112000061,0,0,0
112000062,26,77,-51
112000063,0,0,0
112000064,0,0,0
112000065,0,0,0
112000066,79,342,-263
112000067,0,0,0
112000068,88,222,-134
112000069,0,0,0
112000070,40,68,-28
112000071,0,0,0
112000072,269,24,245
112000073,0,0,0
112000074,153,38,115
112000075,356,132,224
112000076,146,65,81
112000077,116,13,103
112000078,208,39,169
112000079,86,29,57
112000080,49,80,-31
112000081,46,110,-64
112000082,180,169,11
112000083,125,34,91
112000084,208,72,136
112000085,361,19,342
112000086,397,67,330
112000087,100,24,76
112000088,135,51,84
112000089,14,26,-12
112000090,10,8,2
112000091,39,34,5
112000092,1001,71,930
112000093,107,26,81
112000094,439,120,319
112000095,203,13,190
112000096,429,47,382
112000097,500,413,87
112000098,0,0,0
112000099,34,968,-934
112000100,635,92,543
112000101,0,0,0
112000102,505,55,450
112000103,0,0,0
112000105,0,0,0
112000106,347,46,301
112000107,0,6,-6
112000108,0,0,0
112000109,36,1,35
112000110,336,9,327
112000111,11,30,-19
112000112,443,14,429
112000113,6,21,-15
112000114,331,49,282
112000115,0,0,0
112000116,0,0,0
112000117,0,0,0
112000118,0,0,0
112000119,0,0,0
112000120,0,0,0
112000121,0,0,0
112000122,60,14,46
112000123,203,8,195
112000124,26,18,8
112000125,67,31,36
112000126,0,0,0
112000127,31,189,-158
112000128,0,0,0
112000129,137,1,136
112000130,0,0,0
112000131,0,0,0
112000132,0,0,0
112000133,69,2,67
112000134,103,13,90
112000135,252,25,227
112000136,5,0,5
112000137,242,81,161
112000138,10,1,9
112000139,2,36,-34
112000140,0,0,0
112000141,43,7,36
112000142,0,0,0
112000143,193,15,178
112000144,0,0,0
112000145,252,21,231
112000146,0,0,0
112000147,150,21,129
112000148,0,0,0
112000149,9,5,4
112000150,0,0,0
112000151,12,3,9
112000152,0,0,0
112000153,2,4,-2
112000154,70,0,70
112000155,0,0,0
112000157,23,325,-302
112000158,56,0,56
112000159,0,0,0
112000167,0,0,0
112000169,0,0,0
112000173,0,0,0
112000175,15,2,13
112000176,0,0,0
112000177,0,0,0
112000178,0,0,0
112000179,0,0,0
112000180,0,0,0
112000181,66,15,51
112000182,230,33,197
112000183,9,4,5
112000184,19,1,18
112000185,0,0,0
112000187,0,0,0
112000195,0,0,0
112000196,0,0,0
112000197,0,0,0
112000198,0,0,0
112000199,0,0,0
112000202,430,2,428
112000216,0,0,0
112000230,0,0,0
112000231,0,0,0
112000256,51,79,-28
112000313,0,0,0
112000314,0,0,0
112000337,0,0,0
112000352,0,0,0
112000392,122,130,-8
112000398,345,73,272
112000399,126,1680,-1554
112000400,8,77,-69
112000401,26,66,-40
112000402,491,1682,-1191
112000403,152,988,-836
112000404,135,326,-191
112000405,1199,802,397
112000406,29,88,-59
112000407,2899,501,2398
112000408,100,132,-32
112000409,19,115,-96
112000410,0,0,0
112000411,0,0,0
112000412,0,0,0
112000413,0,0,0
112000414,0,0,0
112000415,0,0,0
112000416,812,192,620
112000417,21,27,-6
112000421,0,0,0
112000422,18,0,18
112000424,0,0,0
112000425,0,0,0
112000426,0,0,0
112000427,0,0,0
112000428,0,0,0
112000429,495,534,-39
112000430,437,782,-345
112000431,14,24,-10
112000432,0,0,0
112000433,25,101,-76
112000437,0,9,-9
112900001,0,0,0
112900002,0,0,0
112900003,0,0,0
112900004,0,0,0
112900005,0,0,0
112900006,0,0,0
112900007,0,0,0
112900008,0,0,0
112900009,0,0,0
112900010,0,0,0
112900011,0,0,0
112900012,0,0,0
112900013,0,0,0
112900014,0,0,0
112900015,0,0,0
112900016,0,0,0
112900017,0,0,0
112900018,0,0,0
112900019,0,0,0
112900020,0,0,0
112900021,0,0,0
112900022,0,0,0
112900023,0,0,0
112900024,0,0,0
112900025,0,0,0
112900026,0,0,0
112900027,0,0,0
112900028,0,0,0
112900029,0,0,0
112900030,0,0,0
112900031,0,0,0
112900032,0,0,0
112900034,0,0,0
112900035,0,0,0
112900036,0,0,0
112900037,0,0,0
112900038,0,0,0
112900039,0,0,0
112900040,0,0,0
112900041,0,0,0
112900042,0,0,0
112900043,0,0,0
112900044,0,0,0
112900045,0,0,0
112900046,0,0,0
112900047,0,0,0
112900049,0,0,0
112900050,0,0,0
112900051,0,0,0
112900052,0,0,0
112900053,0,0,0
112900054,0,0,0
112900055,0,0,0
112900056,0,0,0
112900057,0,0,0
112900058,0,0,0
112900059,0,0,0
112900060,0,0,0
112900061,0,0,0
112900062,0,0,0
112900063,0,0,0
112900064,0,0,0
112900065,0,0,0
112900066,0,0,0
112900067,0,0,0
112900068,0,0,0
112900069,0,0,0
112900071,0,0,0
112900072,0,0,0
112900073,0,0,0
112900074,0,0,0
112900075,0,0,0
112900076,0,0,0
112900078,0,0,0
112900079,0,0,0
112900080,0,0,0
112900081,0,0,0
112900082,0,0,0
112900083,0,0,0
112900084,0,0,0
112900085,0,0,0
112900086,0,0,0
112900087,0,0,0
112900088,0,0,0
112900089,0,0,0
112900090,0,0,0
112900091,0,0,0
112900092,0,0,0
112900093,0,0,0
112900094,0,0,0
112900095,0,0,0
112900096,0,0,0
112900097,0,0,0
112900098,0,0,0
112900099,0,0,0
112900100,0,0,0
112900101,0,0,0
112900102,0,0,0
112900103,0,0,0
112900104,0,0,0
112900105,0,0,0
112900106,0,0,0
112900107,0,0,0
112900108,0,0,0
112900109,0,0,0
112900110,0,0,0
112900111,0,0,0
112900112,0,0,0
112900113,0,0,0
112900114,0,0,0
112900115,0,0,0
112900116,0,0,0
112900117,0,0,0
112900118,0,0,0
112900119,0,0,0
112900120,0,0,0
112900121,0,0,0
112900122,0,0,0
112900123,0,0,0
112900124,0,0,0
112900125,0,0,0
112900126,0,0,0
112900127,0,0,0
112900128,0,0,0
112900129,0,0,0
112900130,0,0,0
112900131,0,0,0
112900132,0,0,0
112900133,0,0,0
112900134,0,0,0
112900135,0,0,0
112900136,0,0,0
112900137,0,0,0
112900138,0,0,0
112900139,0,0,0
112900140,0,0,0
112900141,0,0,0
112900142,0,0,0
112900143,0,0,0
112900144,0,0,0
112900145,0,0,0
112900146,0,0,0
112900147,0,0,0
112900148,0,0,0
112900149,0,0,0
112900151,0,0,0
112900152,0,0,0
112900153,0,0,0
112900154,0,0,0
112900155,0,0,0
112900156,0,0,0
112900157,0,0,0
112900158,0,0,0
112900159,0,0,0
112900160,0,0,0
112900161,0,0,0
112900162,0,0,0
112900163,0,0,0
112900164,0,0,0
112900165,0,0,0
112900166,0,0,0
112900167,0,0,0
112900168,0,0,0
112900169,0,0,0
112900170,0,0,0
112900172,0,0,0
112900173,0,0,0
112900174,0,0,0
112900175,0,0,0
112900176,0,0,0
112900177,0,0,0
112900178,0,0,0
112900179,0,0,0
112900180,0,0,0
112900181,0,0,0
112900182,0,0,0
112900183,0,0,0
112900184,0,0,0
112900185,0,0,0
112900186,0,0,0
112900187,0,0,0
112900188,0,0,0
112900189,0,0,0
112900190,0,0,0
112900192,0,0,0
112900193,0,0,0
112900194,0,0,0
112900195,0,0,0
112900196,0,0,0
112900197,0,0,0
112900199,0,0,0
112900200,0,0,0
112900201,0,0,0
112900202,0,0,0
112900203,0,0,0
112900204,0,0,0
112900205,0,0,0
112900206,0,0,0
112900207,0,0,0
112900208,0,0,0
112900209,0,0,0
112900210,0,0,0
112900211,0,0,0
112900212,0,0,0
112900213,0,0,0
112900214,0,0,0
112900215,0,0,0
112900216,0,0,0
112900217,0,0,0
112900218,0,0,0
112900219,0,0,0
112900220,0,0,0
112900221,0,0,0
112900222,0,0,0
112900223,0,0,0
112900224,0,0,0
112900225,0,0,0
112900226,0,0,0
112900227,0,0,0
112900228,0,0,0
112900229,0,0,0
112900230,0,0,0
112900232,0,0,0
112900233,0,0,0
112900234,0,0,0
112900235,0,0,0
112900236,0,0,0
112900237,0,0,0
112900238,0,0,0
112900239,0,0,0
113000001,297,278,19
113000002,367,427,-60
113000003,112,149,-37
113000004,137,133,4
113000005,67,46,21
113000006,65,106,-41
113000007,104,53,51
113000008,68,59,9
113000009,48,46,2
113000010,185,82,103
113000011,0,0,0
113000012,697,81,616
113000013,70,52,18
113000014,46,2,44
113000015,20,0,20
113000016,58,1,57
113000017,0,0,0
113000018,69,26,43
113000019,0,0,0
113000020,203,0,203
113000021,334,23,311
113000022,87,0,87
113000025,0,0,0
113000026,27,8,19
113000027,79,0,79
113000028,8,0,8
113000029,53,42,11
113000030,0,0,0
113000031,0,0,0
113000032,74,13,61
113000033,76,20,56
113000034,0,0,0
113000035,0,0,0
113000036,0,2,-2
113000037,0,0,0
113000038,0,0,0
113000039,0,0,0
113000040,0,0,0
113000042,0,0,0
113000051,168,164,4
113000052,136,73,63
113000053,8,21,-13
113000054,52,60,-8
113000055,124,34,90
113000056,107,62,45
113000058,0,0,0
113000059,257,73,184
113000060,0,0,0
113000061,134,74,60
113000062,0,0,0
113000063,0,0,0
113000064,0,0,0
113000065,6,17,-11
113000066,144,0,144
113000067,62,3,59
113000068,63,22,41
113000069,38,51,-13
113000070,67,20,47
113000071,29,23,6
113000072,109,3,106
113000073,0,86,-86
113000074,85,22,63
113000075,292,11,281
113000076,5,202,-197
113000077,116,94,22
113000078,0,0,0
113000079,0,0,0
113000080,62,67,-5
113000081,186,92,94
113000082,0,0,0
113000083,220,182,38
113000084,4,0,4
113000085,212,242,-30
113000086,2,5,-3
113000087,102,452,-350
113000088,9,5,4
113000089,190,455,-265
113000090,6,31,-25
113000091,26,0,26
113000094,107,6,101
113000095,0,0,0
113000096,0,0,0
113000097,62,43,19
113000098,20,1,19
113000099,42,8,34
113000100,0,0,0
113000101,3,0,3
113000102,32,38,-6
113000103,0,0,0
113000104,343,145,198
113000105,711,150,561
113000106,0,0,0
113000107,247,452,-205
113000108,81,30,51
113000109,0,0,0
113000110,110,132,-22
113000111,0,0,0
113000112,7,67,-60
113000113,90,45,45
113000114,0,0,0
113000116,0,0,0
113000117,0,0,0
113000118,0,0,0
113000119,0,0,0
113000120,0,0,0
113000121,0,0,0
113000124,5,25,-20
113000125,0,0,0
113000127,0,0,0
113000128,0,0,0
113000129,0,0,0
113000133,46,0,46
113000134,1,44,-43
113000135,1207,901,306
113000137,536,486,50
113000139,82,34,48
113000140,0,0,0
113000141,62,28,34
113000142,0,0,0
113000143,5,19,-14
113000144,0,0,0
113000145,0,0,0
113000146,0,0,0
113000147,0,0,0
113000148,0,0,0
113000149,0,0,0
113000150,0,0,0
113000151,0,0,0
113000152,0,0,0
113000153,0,0,0
113000154,20,65,-45
113000155,63,60,3
113000156,0,0,0
113000157,0,0,0
113000158,89,0,89
113000159,190,5,185
113000160,0,0,0
113000161,0,0,0
113000162,0,0,0
113000163,29,0,29
113000164,0,0,0
113000166,82,4,78
113000167,0,0,0
113000168,0,0,0
113000169,123,14,109
113000170,270,25,245
113000171,0,0,0
113000172,107,4,103
113000173,20,4,16
113000174,0,0,0
113000175,72,15,57
113000176,223,10,213
113000177,0,0,0
113000178,0,0,0
113000179,53,16,37
113000180,117,14,103
113000181,65,10,55
113000182,17,2,15
113000183,1,46,-45
113000184,0,0,0
113000189,0,0,0
113000190,0,0,0
113000192,62,245,-183
113000193,156,12,144
113000194,32,53,-21
113000195,59,39,20
113000196,112,7,105
113000197,44,20,24
113000198,0,0,0
113000199,0,0,0
113000201,0,0,0
113000202,1,0,1
113000203,8,3,5
113000204,10,114,-104
113000205,0,0,0
113000206,0,0,0
113000207,0,0,0
113000208,0,0,0
113000209,0,0,0
113000210,0,0,0
113000211,1,1,0
113000212,0,0,0
113000213,34,0,34
113000214,0,0,0
113000234,0,0,0
113000410,1,1,0
113000411,52,129,-77
113000412,574,251,323
113000413,413,402,11
113000414,420,396,24
113000415,27,101,-74
113000416,110,75,35
113000417,21,89,-68
113000418,538,296,242
113000419,130,133,-3
113000420,747,212,535
113000421,2189,1481,708
113000422,592,571,21
113000423,460,351,109
113000424,937,432,505
113000425,0,0,0
113000428,0,0,0
113000430,0,0,0
113000432,291,9,282
113000433,0,0,0
113000434,0,0,0
113000435,0,0,0
113000436,0,0,0
113000437,63,0,63
113000438,1,0,1
113000439,0,0,0
113000440,0,0,0
113000441,0,0,0
113000442,0,0,0
113000443,0,0,0
113000444,0,0,0
113000445,0,0,0
113000446,0,0,0
113000448,0,0,0
113000449,0,0,0
113000450,0,1,-1
113000451,0,0,0
113000452,20,1,19
113000453,0,0,0
113000454,0,0,0
113000455,0,0,0
113000456,0,0,0
113000468,0,0,0
113000469,0,0,0
113000470,0,0,0
113000471,0,0,0
113000472,0,0,0
113000474,17,104,-87
113000475,90,69,21
113000476,216,339,-123
113000477,959,364,595
113000478,411,194,217
113000479,0,0,0
113000480,0,0,0
113000481,0,0,0
113000482,0,0,0
113000483,0,0,0
113000484,0,0,0
113000485,0,0,0
113000486,0,0,0
113000487,0,0,0
113000488,0,0,0
113000489,0,0,0
113000490,0,0,0
113000491,0,0,0
113000492,0,0,0
113000493,0,0,0
113000495,0,0,0
113000496,0,0,0
113000500,0,0,0
113900001,0,0,0
113900002,0,0,0
113900003,0,0,0
113900004,0,0,0
113900005,0,0,0
113900006,0,0,0
113900007,0,0,0
113900008,0,0,0
113900009,0,0,0
113900010,0,0,0
113900011,0,0,0
113900012,0,0,0
113900013,0,0,0
113900014,0,0,0
113900015,0,0,0
113900016,0,0,0
113900017,0,0,0
113900018,0,0,0
113900019,0,0,0
113900020,0,0,0
113900022,0,0,0
113900023,0,0,0
113900024,0,0,0
113900025,0,0,0
113900026,0,0,0
113900027,0,0,0
113900028,0,0,0
113900029,0,0,0
113900030,0,0,0
113900031,0,0,0
113900032,0,0,0
113900033,0,0,0
113900035,0,0,0
113900036,0,0,0
113900037,0,0,0
113900038,0,0,0
113900039,0,0,0
113900040,0,0,0
113900041,0,0,0
113900042,0,0,0
113900043,0,0,0
113900044,0,0,0
113900045,0,0,0
113900046,0,0,0
113900047,0,0,0
113900048,0,0,0
113900049,0,0,0
113900050,0,0,0
113900051,0,0,0
113900052,0,0,0
113900053,0,0,0
113900054,0,0,0
113900055,0,0,0
113900056,0,0,0
113900057,0,0,0
113900058,0,0,0
113900059,0,0,0
113900060,0,0,0
113900061,0,0,0
113900062,0,0,0
113900063,0,0,0
113900064,0,0,0
113900065,0,0,0
113900066,0,0,0
113900067,0,0,0
113900068,0,0,0
113900069,0,0,0
113900070,0,0,0
113900071,0,0,0
113900072,0,0,0
113900073,0,0,0
113900074,0,0,0
113900075,0,0,0
113900076,0,0,0
113900077,0,0,0
113900078,0,0,0
113900079,0,0,0
113900080,0,0,0
113900081,0,0,0
113900082,0,0,0
113900083,0,0,0
113900084,0,0,0
113900085,0,0,0
113900086,0,0,0
113900087,0,0,0
113900088,0,0,0
113900089,0,0,0
113900090,0,0,0
113900091,0,0,0
113900092,0,0,0
113900093,0,0,0
113900094,0,0,0
113900095,0,0,0
113900096,0,0,0
113900097,0,0,0
113900098,0,0,0
113900099,0,0,0
113900100,0,0,0
113900101,0,0,0
113900102,0,0,0
113900103,0,0,0
113900104,0,0,0
113900105,0,0,0
113900106,0,0,0
113900107,0,0,0
113900108,0,0,0
113900109,0,0,0
113900110,0,0,0
113900111,0,0,0
113900112,0,0,0
113900113,0,0,0
113900114,0,0,0
113900115,0,0,0
113900116,0,0,0
113900117,0,0,0
113900118,0,0,0
113900119,0,0,0
113900120,0,0,0
113900121,0,0,0
113900122,0,0,0
113900123,0,0,0
113900124,0,0,0
113900125,0,0,0
113900126,0,0,0
113900127,0,0,0
113900128,0,0,0
113900129,0,0,0
113900130,0,0,0
113900131,0,0,0
113900132,0,0,0
113900133,0,0,0
113900135,0,0,0
113900136,0,0,0
113900137,0,0,0
113900138,0,0,0
113900139,0,0,0
113900140,0,0,0
113900141,0,0,0
113900142,0,0,0
113900143,0,0,0
113900144,0,0,0
113900145,0,0,0
113900146,0,0,0
113900148,0,0,0
113900149,0,0,0
113900150,0,0,0
113900151,0,0,0
113900152,0,0,0
113900153,0,0,0
113900154,0,0,0
113900155,0,0,0
113900156,0,0,0
113900157,0,0,0
113900158,0,0,0
113900159,0,0,0
113900160,0,0,0
113900161,0,0,0
113900162,0,0,0
113900163,0,0,0
113900164,0,0,0
113900165,0,0,0
113900166,0,0,0
113900167,0,0,0
113900168,0,0,0
113900169,0,0,0
113900171,0,0,0
113900172,0,0,0
113900173,0,0,0
113900174,0,0,0
113900175,0,0,0
113900176,0,0,0
113900177,0,0,0
113900178,0,0,0
113900179,0,0,0
113900180,0,0,0
113900181,0,0,0
113900182,0,0,0
113900183,0,0,0
113900184,0,0,0
113900185,0,0,0
113900186,0,0,0
113900187,0,0,0
113900188,0,0,0
113900189,0,0,0
113900190,0,0,0
113900191,0,0,0
113900192,0,0,0
113900193,0,0,0
113900194,0,0,0
113900195,0,0,0
113900196,0,0,0
113900197,0,0,0
113900198,0,0,0
113900199,0,0,0
113900200,0,0,0
113900201,0,0,0
113900202,0,0,0
113900203,0,0,0
113900204,0,0,0
113900205,0,0,0
113900206,0,0,0
113900207,0,0,0
113900208,0,0,0
113900209,0,0,0
113900210,0,0,0
113900211,0,0,0
113900212,0,0,0
113900214,0,0,0
113900215,0,0,0
113900216,0,0,0
113900217,0,0,0
113900218,0,0,0
113900219,0,0,0
113900220,0,0,0
113900221,0,0,0
113900222,0,0,0
113900223,0,0,0
113900224,0,0,0
113900225,0,0,0
113900226,0,0,0
113900227,0,0,0
113900228,0,0,0
113900229,0,0,0
113900230,0,0,0
113900231,0,0,0
113900232,0,0,0
113900233,0,0,0
113900234,0,0,0
113900235,0,0,0
113900236,0,0,0
113900237,0,0,0
113900238,0,0,0
113900239,0,0,0
113900240,0,0,0
113900241,0,0,0
113900242,0,0,0
113900243,0,0,0
113900244,0,0,0
113900245,0,0,0
113900246,0,0,0
113900247,0,0,0
113900248,0,0,0
113900249,0,0,0
113900250,0,0,0
113900251,0,0,0
113900252,0,0,0
113900253,0,0,0
113900254,0,0,0
113900255,0,0,0
113900256,0,0,0
113900257,0,0,0
113900258,0,0,0
113900259,0,0,0
113900260,0,0,0
113900261,0,0,0
113900262,0,0,0
113900263,0,0,0
113900264,0,0,0
113900265,0,0,0
113900266,0,0,0
113900267,0,0,0
113900268,0,0,0
113900269,0,0,0
113900270,0,0,0
113900271,0,0,0
113900273,0,0,0
113900274,0,0,0
113900275,0,0,0
113900276,0,0,0
113900277,0,0,0
113900278,0,0,0
113900279,0,0,0
113900280,0,0,0
113900281,0,0,0
113900282,0,0,0
113900283,0,0,0
113900284,0,0,0
113900285,0,0,0
113900286,0,0,0
113900287,0,0,0
113900288,0,0,0
113900289,0,0,0
113900290,0,0,0
113900291,0,0,0
113900292,0,0,0
113900293,0,0,0
113900294,0,0,0
113900295,7,7,0
113900296,0,0,0
113900297,0,0,0
113900298,0,0,0
113900299,0,0,0
113900300,0,0,0
113900301,0,0,0
113900302,0,0,0
113900303,0,0,0
113900304,0,0,0
113900305,0,0,0
113900306,0,0,0
113900307,0,0,0
113900308,0,0,0
113900309,0,0,0
113900310,0,0,0
113900311,0,0,0
113900312,0,0,0
113900313,0,0,0
114000001,239,123,116
114000002,50,50,0
114000003,0,0,0
114000004,0,0,0
114000005,0,0,0
114000006,0,0,0
114000007,0,0,0
114000008,5,54,-49
114000009,10,37,-27
114000011,753,143,610
114000012,411,72,339
114000013,261,141,120
114000014,0,0,0
114000015,0,0,0
114000016,0,0,0
114000017,30,14,16
114000018,0,0,0
114000026,274,97,177
114000027,345,153,192
114000028,255,247,8
114000038,0,0,0
114000039,0,0,0
114000040,3,2,1
114000042,0,0,0
114000043,0,0,0
114000044,13,3,10
114000045,0,0,0
114000046,0,0,0
114000047,0,0,0
114000048,2,12,-10
114000049,22,67,-45
114000050,11,116,-105
114000051,40,237,-197
114000052,18,96,-78
114000053,0,0,0
114000054,0,0,0
114000055,0,0,0
114000056,0,0,0
114000057,305,195,110
114000058,0,0,0
114000059,0,0,0
114000060,0,0,0
114000061,83,108,-25
114000062,48,142,-94
114000063,4,13,-9
114000064,19,1,18
114000065,31,28,3
114000066,29,23,6
114000067,7,6,1
114000068,37,2,35
114000069,64,3,61
114000070,729,403,326
114000071,0,0,0
114000072,0,0,0
114000073,0,0,0
114000074,0,0,0
114000075,8,3,5
114000076,21,1,20
114000077,14,1,13
114000078,0,1,-1
114000079,0,0,0
114000080,1,7,-6
114000081,46,36,10
114000082,0,0,0
114000083,0,0,0
114000084,0,0,0
114000085,0,0,0
114000086,0,0,0
114000087,0,0,0
114000088,1,1,0
114000089,1,12,-11
114000090,94,75,19
114000091,45,22,23
114000092,77,16,61
114000093,55,53,2
114000094,55,42,13
114000095,17,15,2
114000096,0,0,0
114000097,0,0,0
114000098,62,10,52
114000099,0,0,0
114000100,842,10,832
114000101,0,0,0
114000102,78,15,63
114000103,0,0,0
114000104,0,0,0
114000105,0,0,0
114000106,0,0,0
114000107,0,0,0
114000108,0,0,0
114000109,362,213,149
114000110,0,0,0
114000111,438,146,292
114000112,0,0,0
114000113,321,25,296
114000114,0,0,0
114000115,570,116,454
114000116,391,117,274
114000117,1190,85,1105
114000118,657,87,570
114000119,684,60,624
114000120,93,3,90
114000121,0,0,0
114000122,227,13,214
114000123,450,49,401
114000124,81,59,22
114000125,54,165,-111
114000126,289,21,268
114000127,10,5,5
114000128,38,3,35
114000130,6,7,-1
114000131,17,21,-4
114000132,0,0,0
114000133,0,0,0
114000134,0,0,0
114000138,0,0,0
114000139,9,55,-46
114000144,145,51,94
114000145,0,0,0
114000146,0,0,0
114000147,360,56,304
114000148,46,43,3
114000149,4,60,-56
114000150,0,0,0
114000151,63,109,-46
114000152,2,12,-10
114000153,0,0,0
114000154,99,13,86
114000155,324,89,235
114000156,42,47,-5
114000157,39,78,-39
114000158,0,0,0
114000159,0,0,0
114000160,0,0,0
114000161,169,504,-335
114000162,804,734,70
114000163,0,0,0
114000165,6,59,-53
114000166,13,22,-9
114000167,253,80,173
114000168,0,0,0
114000169,387,361,26
114000170,617,213,404
114000171,849,187,662
114000174,0,0,0
114000176,0,0,0
114000177,0,0,0
114000178,6,6,0
114000179,255,88,167
114000180,0,0,0
114000181,187,643,-456
114000182,265,208,57
114000183,146,98,48
114000184,40,153,-113
114000185,270,151,119
114000189,254,18,236
114000190,755,17,738
114000191,0,0,0
114000192,0,37,-37
114000193,0,0,0
114000194,213,13,200
114000195,0,0,0
114000196,0,0,0
114000197,379,0,379
114000198,0,0,0
114000199,0,0,0
114000200,2,15,-13
114000201,0,0,0
114000202,213,74,139
114000203,40,25,15
114000204,0,0,0
114000205,0,6,-6
114000206,0,0,0
114000207,6,132,-126
114000208,1,57,-56
114000209,2,121,-119
114000210,2,78,-76
114000211,668,259,409
114000212,82,332,-250
114000213,636,368,268
114000214,27,1,26
114000215,0,0,0
114000216,359,132,227
114000217,121,26,95
114000218,14,2,12
114000219,270,9,261
114000220,0,43,-43
114000221,285,16,269
114000222,10,41,-31
114000223,351,31,320
114000224,12,37,-25
114000225,14,29,-15
114000226,136,40,96
114000227,297,134,163
114000228,277,106,171
114000229,176,52,124
114000230,564,88,476
114000231,125,49,76
114000232,328,75,253
114000233,869,107,762
114000234,606,184,422
114000235,147,30,117
114000236,0,0,0
114000237,12,3,9
114000238,3,135,-132
114000239,0,0,0
114000240,136,54,82
114000241,33,71,-38
114000242,140,65,75
114000243,573,225,348
114000244,496,155,341
114000245,0,0,0
114000246,0,0,0
114000247,241,83,158
114000248,352,99,253
114000249,224,171,53
114000250,194,8,186
114000251,62,32,30
114000252,0,0,0
114000253,10,4,6
114000254,0,0,0
114000255,0,0,0
114000256,20,70,-50
114000257,1,149,-148
114000258,36,7,29
114000259,0,13,-13
114000260,0,0,0
114000261,116,24,92
114000262,0,0,0
114000263,52,2,50
114000264,0,0,0
114000265,0,0,0
114000267,2,379,-377
114000268,0,0,0
114000270,49,0,49
114000271,133,0,133
114000283,362,42,320
114000285,0,0,0
114000288,0,5,-5
114000289,0,0,0
114000293,39,6,33
114000294,0,0,0
114000395,467,15,452
114000396,105,53,52
114000402,0,0,0
114000403,37,18,19
114000405,25,13,12
114000423,136,28,108
114000424,64,29,35
114000425,185,15,170
114000426,89,38,51
114000427,0,0,0
114000428,0,0,0
114000429,0,0,0
114000432,0,0,0
114000434,0,0,0
114000435,0,0,0
114000436,2,3,-1
114000437,188,121,67
114900001,0,0,0
114900002,0,0,0
114900003,0,0,0
114900004,0,0,0
114900005,0,0,0
114900006,0,0,0
114900007,0,0,0
114900008,0,0,0
114900010,0,0,0
114900011,0,0,0
114900013,0,0,0
114900015,0,0,0
114900018,0,0,0
114900020,0,0,0
114900022,0,0,0
114900024,0,0,0
114900025,0,0,0
114900026,0,0,0
114900027,0,0,0
114900029,0,0,0
114900030,0,0,0
114900031,0,0,0
114900032,0,0,0
114900033,0,0,0
114900034,0,0,0
114900035,0,0,0
114900036,0,0,0
114900037,0,0,0
114900038,0,0,0
114900039,0,0,0
114900040,0,0,0
114900041,0,0,0
114900042,0,0,0
114900043,0,0,0
114900044,0,0,0
114900046,0,0,0
114900047,0,0,0
114900048,0,0,0
114900049,0,0,0
114900050,0,0,0
114900051,0,0,0
114900052,0,0,0
114900053,0,0,0
114900054,0,0,0
114900057,0,0,0
114900058,0,0,0
114900059,0,0,0
114900060,0,0,0
114900061,0,0,0
114900062,0,0,0
114900063,0,0,0
114900064,0,0,0
114900065,0,0,0
114900067,0,0,0
114900068,0,0,0
114900069,0,0,0
114900070,0,0,0
114900072,0,0,0
114900073,0,0,0
114900074,0,0,0
114900075,0,0,0
114900076,0,0,0
114900080,0,0,0
114900082,0,0,0
114900083,0,0,0
114900090,0,0,0
114900091,0,0,0
114900095,0,0,0
114900096,0,0,0
114900097,0,0,0
114900098,0,0,0
114900099,0,0,0
115000001,196,254,-58
115000002,1626,579,1047
115000003,199,208,-9
115000004,1412,1020,392
115000005,16,121,-105
115000006,590,419,171
115000007,0,0,0
115000008,89,129,-40
115000009,0,0,0
115000010,187,221,-34
115000013,0,0,0
115000015,0,0,0
115000016,0,0,0
115000019,26,140,-114
115000020,0,0,0
115000021,11,391,-380
115000022,13,90,-77
115000023,470,233,237
115000024,2,61,-59
115000025,456,144,312
115000026,2,0,2
115000027,218,74,144
115000028,1,9,-8
115000029,501,7,494
115000030,2,76,-74
115000031,655,19,636
115000032,0,0,0
115000033,98,7,91
115000034,0,0,0
115000035,625,1,624
115000036,0,0,0
115000037,260,0,260
115000038,6,57,-51
115000039,21,69,-48
115000040,191,31,160
115000041,36,61,-25
115000042,82,35,47
115000043,947,488,459
115000044,567,90,477
115000045,238,26,212
115000046,681,324,357
115000047,1110,233,877
115000048,171,114,57
115000049,95,332,-237
115000050,1410,341,1069
115000051,435,373,62
115000052,106,120,-14
115000053,324,230,94
115000054,102,47,55
115000055,0,0,0
115000056,23,41,-18
115000057,0,0,0
115000058,44,18,26
115000059,0,0,0
115000061,41,3,38
115000062,0,0,0
115000063,0,0,0
115000064,122,15,107
115000065,0,0,0
115000067,7,0,7
115000069,0,0,0
115000070,3,41,-38
115000071,41,5,36
115000072,0,0,0
115000073,395,12,383
115000075,0,0,0
115000076,618,310,308
115000077,194,148,46
115000078,186,162,24
115000079,259,167,92
115000080,418,212,206
115000081,0,0,0
115000082,1141,625,516
115000083,0,0,0
115000084,760,179,581
115000085,0,0,0
115000086,582,79,503
115000087,0,0,0
115000088,761,225,536
115000089,0,0,0
115000090,97,109,-12
115000091,113,33,80
115000092,332,15,317
115000093,421,4,417
115000094,1742,388,1354
115000095,1139,310,829
115000096,225,36,189
115000097,246,46,200
115000098,304,19,285
115000099,786,211,575
115000100,610,108,502
115000101,2,11,-9
115000102,247,69,178
115000103,36,6,30
115000105,1,8,-7
115000106,232,49,183
115000107,4,44,-40
115000108,96,94,2
115000109,993,1071,-78
115000110,160,140,20
115000111,2,88,-86
115000112,82,48,34
115000113,52,67,-15
115000114,93,28,65
115000116,94,101,-7
115000117,117,43,74
115000118,103,228,-125
115000119,78,65,13
115000120,28,300,-272
115000121,101,129,-28
115000122,164,13,151
115000123,166,353,-187
115000124,95,39,56
115000125,95,91,4
115000126,16,59,-43
115000127,13,4,9
115000128,12,16,-4
115000129,53,1,52
115000130,95,1,94
115000131,64,6,58
115000132,79,1,78
115000133,83,23,60
115000134,52,1,51
115000135,31,9,22
115000136,105,5,100
115000137,0,0,0
115000138,130,32,98
115000139,0,0,0
115000140,189,44,145
115000141,0,0,0
115000142,0,0,0
115000143,199,38,161
115000144,0,0,0
115000145,0,0,0
115000146,142,79,63
115000147,0,0,0
115000148,26,48,-22
115000149,0,2,-2
115000150,43,20,23
115000151,38,19,19
115000152,32,4,28
115000153,51,29,22
115000154,15,9,6
115000155,25,14,11
115000156,5,58,-53
115000157,5,25,-20
115000158,9,28,-19
115000159,0,1,-1
115000160,0,0,0
115000161,133,125,8
115000162,302,76,226
115000163,0,0,0
115000164,0,0,0
115000165,119,93,26
115000167,47,3,44
115000168,123,42,81
115000169,0,0,0
115000170,0,0,0
115000171,58,109,-51
115000172,0,0,0
115000173,4,23,-19
115000174,25,22,3
115000175,0,0,0
115000176,6,1,5
115000177,0,0,0
115000178,0,0,0
115000179,23,0,23
115000180,0,0,0
115000181,142,1,141
115000182,253,15,238
115000183,0,0,0
115000186,95,5,90
115000187,43,54,-11
115000188,198,29,169
115000189,11,53,-42
115000190,483,31,452
115000191,12,70,-58
115000194,0,0,0
115000195,17,4,13
115000196,0,0,0
115000197,0,0,0
115000198,28,0,28
115000199,0,0,0
115000200,6,1,5
115000201,0,0,0
115000206,242,2,240
115000207,0,0,0
115000208,23,74,-51
115000209,489,3,486
115000210,57,91,-34
115000211,9,9,0
115000212,22,0,22
115000224,0,0,0
115000225,0,0,0
115000229,3,2,1
115000230,1,0,1
115000231,92,6,86
115000232,347,2,345
115000233,0,0,0
115000234,0,0,0
115000241,0,0,0
115000242,0,0,0
115000243,0,0,0
115000244,0,0,0
115000246,0,0,0
115000247,0,0,0
115000248,0,0,0
115000249,0,0,0
115000250,0,0,0
115000251,0,0,0
115000252,0,0,0
115000253,0,0,0
115000258,0,0,0
115000259,0,0,0
115000261,0,0,0
115000262,0,0,0
115000263,0,0,0
115000264,0,0,0
115000267,0,0,0
115000268,0,0,0
115000269,0,0,0
115000270,0,0,0
115000272,4,0,4
115000273,0,0,0
115000280,12,492,-480
115000281,0,0,0
115000282,174,493,-319
115000284,0,0,0
115000296,321,11,310
115000297,3,300,-297
115000298,0,0,0
115000300,0,0,0
115000302,71,0,71
115000303,123,2,121
115000304,82,16,66
115000305,0,0,0
115000306,0,0,0
115000307,0,0,0
115000308,0,0,0
115000309,0,0,0
115000310,0,0,0
115000311,369,66,303
115000313,0,0,0
115000314,11,14,-3
115000315,8,59,-51
115000316,0,0,0
115000317,90,20,70
115000318,411,3,408
115000319,1,40,-39
115000320,3,58,-55
115000321,49,3,46
115000322,0,38,-38
115000449,0,0,0
115000557,0,0,0
115000558,100,4,96
115000587,25,3,22
115000588,114,212,-98
115000589,1781,1014,767
115000590,35,85,-50
115000591,476,414,62
115000592,32,138,-106
115000593,689,203,486
115000594,168,123,45
115000609,0,18,-18
115000617,263,117,146
115000624,0,0,0
115000633,264,145,119
115000634,1332,165,1167
115000635,355,39,316
115000638,0,0,0
115000641,0,0,0
115000642,202,11,191
115000643,1,32,-31
115000644,1,24,-23
115000646,115,84,31
115000647,57,24,33
115000648,276,39,237
115000893,1449,429,1020
115000894,2,192,-190
115000895,14,151,-137
115000896,855,158,697
115000897,43,37,6
115000898,103,57,46
115000899,4,35,-31
115000900,1,48,-47
115000901,2,18,-16
115000912,88,13,75
115000913,0,0,0
115000915,0,0,0
115000916,1,1,0
115000917,0,0,0
115000918,0,0,0
115000919,0,0,0
115000920,0,0,0
115000921,0,0,0
115000922,59,227,-168
115000923,6,74,-68
115000925,0,0,0
115000927,0,0,0
115000933,0,14,-14
115000934,0,0,0
115000935,0,0,0
115900001,0,0,0
115900002,0,0,0
115900003,0,0,0
115900004,0,0,0
115900005,0,0,0
115900006,0,0,0
115900008,0,0,0
115900009,0,0,0
115900010,0,0,0
115900011,0,0,0
115900012,0,0,0
115900013,0,0,0
115900014,0,0,0
115900015,0,0,0
115900016,0,0,0
115900017,0,0,0
115900018,0,0,0
115900019,0,0,0
115900020,0,0,0
115900021,0,0,0
115900022,0,0,0
115900023,0,0,0
115900025,0,0,0
115900026,0,0,0
115900027,0,0,0
115900028,0,0,0
115900029,0,0,0
115900030,0,0,0
115900031,0,0,0
115900032,0,0,0
115900033,0,0,0
115900034,0,0,0
115900035,0,0,0
115900036,0,0,0
115900037,0,0,0
115900038,0,0,0
115900039,0,0,0
115900041,0,0,0
115900042,0,0,0
115900043,0,0,0
115900044,0,0,0
115900046,0,0,0
115900047,0,0,0
115900049,0,0,0
115900051,0,0,0
115900052,0,0,0
115900053,0,0,0
115900054,0,0,0
115900055,0,0,0
115900056,0,0,0
115900057,0,0,0
115900058,0,0,0
115900060,0,0,0
115900061,0,0,0
115900062,0,0,0
115900063,0,0,0
115900064,0,0,0
115900065,0,0,0
115900066,0,0,0
115900067,0,0,0
115900068,0,0,0
115900069,0,0,0
115900070,0,0,0
115900071,0,0,0
115900072,0,0,0
115900073,0,0,0
115900074,0,0,0
115900075,0,0,0
115900076,0,0,0
115900077,0,0,0
115900078,0,0,0
115900079,0,0,0
115900080,0,0,0
115900081,0,0,0
115900082,0,0,0
115900084,0,0,0
115900085,0,0,0
115900086,0,0,0
115900088,0,0,0
115900089,0,0,0
115900090,0,0,0
115900091,0,0,0
115900092,0,0,0
115900093,0,0,0
115900094,0,0,0
115900096,0,0,0
115900097,0,0,0
115900098,0,0,0
115900099,0,0,0
115900100,0,0,0
115900101,0,0,0
115900102,0,0,0
115900103,0,0,0
115900104,0,0,0
115900105,0,0,0
115900106,0,0,0
115900107,0,0,0
115900108,0,0,0
115900109,0,0,0
115900110,0,0,0
115900111,0,0,0
115900112,0,0,0
115900113,0,0,0
115900114,0,0,0
115900115,0,0,0
115900116,0,0,0
115900117,0,0,0
115900118,0,0,0
115900119,0,0,0
115900120,0,0,0
115900121,0,0,0
115900124,0,0,0
115900125,0,0,0
115900126,0,0,0
115900127,0,0,0
115900128,0,0,0
115900129,0,0,0
115900130,0,0,0
115900131,0,0,0
115900132,0,0,0
115900134,0,0,0
115900135,0,0,0
115900137,0,0,0
115900139,0,0,0
115900140,0,0,0
115900141,0,0,0
115900142,0,0,0
115900143,0,0,0
115900144,0,0,0
115900146,0,0,0
115900147,0,0,0
115900148,0,0,0
115900149,0,0,0
115900150,0,0,0
115900151,0,0,0
115900152,0,0,0
115900153,0,0,0
115900154,0,0,0
115900155,0,0,0
115900156,0,0,0
115900157,0,0,0
115900158,0,0,0
115900159,0,0,0
115900160,0,0,0
115900161,0,0,0
115900163,0,0,0
115900164,0,0,0
115900165,0,0,0
115900166,0,0,0
115900168,0,0,0
115900171,0,0,0
115900172,0,0,0
115900173,0,0,0
115900174,0,0,0
115900175,0,0,0
115900178,0,0,0
115900179,0,0,0
115900180,0,0,0
115900181,0,0,0
115900182,0,0,0
115900183,0,0,0
115900184,0,0,0
115900187,0,0,0
115900189,0,0,0
115900190,0,0,0
115900191,0,0,0
115900192,0,0,0
115900193,0,0,0
115900194,0,0,0
115900195,0,0,0
115900198,0,0,0
115900199,0,0,0
115900200,0,0,0
115900201,0,0,0
115900202,0,0,0
115900203,0,0,0
115900204,0,0,0
115900205,0,0,0
115900206,0,0,0
115900207,0,0,0
115900208,0,0,0
115900209,0,0,0
115900210,0,0,0
115900211,0,0,0
115900212,0,0,0
115900213,0,0,0
115900214,0,0,0
115900215,0,0,0
115900216,0,0,0
115900217,0,0,0
115900218,0,0,0
115900219,0,0,0
115900220,0,0,0
115900221,0,0,0
115900222,0,0,0
115900223,0,0,0
115900224,0,0,0
115900225,0,0,0
115900226,0,0,0
115900227,0,0,0
115900228,0,0,0
115900229,0,0,0
115900230,0,0,0
115900231,0,0,0
115900232,0,0,0
115900233,0,0,0
115900234,0,0,0
115900235,0,0,0
115900236,0,0,0
115900237,0,0,0
115900238,0,0,0
115900239,0,0,0
115900240,0,0,0
115900241,0,0,0
115900242,0,2,-2
115900243,0,0,0
115900244,0,0,0
115900245,0,0,0
115900246,0,0,0
115900247,0,0,0
115900248,0,0,0
115900249,0,0,0
115900250,0,0,0
115900251,0,0,0
115900252,0,0,0
115900253,0,0,0
115900254,0,0,0
115900255,0,0,0
115900256,0,0,0
115900257,0,0,0
115900258,0,0,0
115900259,0,0,0
115900260,0,0,0
115900261,0,0,0
115900262,0,0,0
115900263,0,0,0
115900264,0,0,0
115900265,0,0,0
115900266,0,0,0
115900267,0,0,0
115900268,0,0,0
115900269,0,0,0
115900270,0,0,0
115900271,0,0,0
115900272,0,0,0
115900273,0,0,0
115900274,0,0,0
115900275,0,0,0
115900276,0,0,0
115900277,0,0,0
115900278,0,0,0
115900279,0,0,0
115900280,0,0,0
115900281,0,0,0
116000001,166,315,-149
116000002,1429,2452,-1023
116000003,69,161,-92
116000004,568,1847,-1279
116000005,29,113,-84
116000006,238,651,-413
116000007,152,229,-77
116000008,816,547,269
116000009,16,185,-169
116000010,583,555,28
116000011,57,246,-189
116000012,925,367,558
116000013,178,477,-299
116000014,1,1,0
116000015,8,2,6
116000016,929,66,863
116000017,65,10,55
116000018,100,5,95
116000019,64,6,58
116000020,411,57,354
116000021,290,5,285
116000022,125,55,70
116000023,2,4,-2
116000024,267,28,239
116000025,5,26,-21
116000026,538,52,486
116000027,256,106,150
116000028,555,643,-88
116000029,0,0,0
116000030,469,529,-60
116000031,0,0,0
116000032,180,2,178
116000033,372,221,151
116000034,1524,1341,183
116000035,568,60,508
116000036,0,0,0
116000037,4,43,-39
116000038,7,92,-85
116000039,0,0,0
116000040,77,118,-41
116000041,0,0,0
116000042,321,226,95
116000043,0,0,0
116000044,0,0,0
116000045,2427,2163,264
116000046,214,76,138
116000047,208,44,164
116000048,2068,870,1198
116000049,1264,522,742
116000050,595,242,353
116000051,1832,478,1354
116000052,894,216,678
116000053,737,368,369
116000054,0,0,0
116000055,0,0,0
116000056,350,1010,-660
116000057,0,0,0
116000058,53,81,-28
116000059,413,2078,-1665
116000060,67,68,-1
116000061,118,329,-211
116000062,15,18,-3
116000063,156,398,-242
116000066,28,339,-311
116000067,0,0,0
116000068,15,127,-112
116000069,0,0,0
116000078,180,506,-326
116000080,0,0,0
116000082,0,0,0
116000083,349,184,165
116000084,29,463,-434
116000085,450,90,360
116000086,4,102,-98
116000087,949,287,662
116000088,59,57,2
116000089,0,0,0
116000090,0,0,0
116000091,0,0,0
116000093,327,122,205
116000094,0,38,-38
116000095,369,60,309
116000096,49,102,-53
116000097,573,17,556
116000098,3,294,-291
116000099,582,27,555
116000100,3,0,3
116000101,51,4,47
116000102,92,15,77
116000103,46,44,2
116000104,23,12,11
116000105,92,9,83
116000106,62,31,31
116000107,154,3,151
116000108,1,5,-4
116000111,18,1,17
116000113,27,5,22
116000114,0,0,0
116000115,149,18,131
116000116,0,0,0
116000117,330,414,-84
116000118,0,0,0
116000119,1170,589,581
116000120,0,0,0
116000121,251,245,6
116000122,0,0,0
116000123,964,137,827
116000124,0,0,0
116000125,894,88,806
116000126,0,0,0
116000127,0,0,0
116000128,871,87,784
116000129,0,0,0
116000130,0,0,0
116000133,382,14,368
116000134,157,18,139
116000135,666,204,462
116000136,142,80,62
116000137,320,140,180
116000138,0,0,0
116000139,742,953,-211
116000140,0,6,-6
116000141,54,1,53
116000142,316,667,-351
116000143,508,246,262
116000144,189,275,-86
116000145,1438,381,1057
116000146,162,2,160
116000147,175,299,-124
116000148,0,23,-23
116000149,0,0,0
116000151,55,78,-23
116000153,142,745,-603
116000155,200,487,-287
116000156,10,52,-42
116000157,40,2,38
116000158,578,54,524
116000159,18,5,13
116000160,0,0,0
116000161,0,0,0
116000162,0,0,0
116000163,0,0,0
116000164,0,0,0
116000177,11,3,8
116000194,0,0,0
116000195,802,171,631
116000196,0,0,0
116000197,0,0,0
116000198,559,496,63
116000200,1,29,-28
116000201,0,0,0
116000202,0,1,-1
116000203,0,0,0
116000204,0,0,0
116000205,0,0,0
116000206,0,0,0
116000207,0,0,0
116000233,0,0,0
116000287,0,0,0
116000288,201,61,140
116000292,0,0,0
116000296,0,0,0
116000297,0,0,0
116000304,0,0,0
116000305,0,0,0
116000346,0,0,0
116000352,0,0,0
116000354,0,0,0
116000357,0,0,0
116000358,0,0,0
116000361,0,0,0
116000372,0,0,0
116000381,0,0,0
116000388,0,0,0
116000389,85,15,70
116000445,0,0,0
116000446,359,24,335
116000447,0,0,0
116000448,538,132,406
116000563,107,1018,-911
116000565,0,0,0
116000568,0,0,0
116000579,0,0,0
116000584,0,0,0
116000585,0,0,0
116000586,0,0,0
116000587,619,2,617
116000589,0,0,0
116000590,4,4,0
116000591,170,15,155
116000592,0,0,0
116000593,0,0,0
116000594,0,0,0
116000595,0,0,0
116000596,0,0,0
116000597,90,1,89
116000598,0,0,0
116000602,0,0,0
116000605,0,0,0
116000606,47,13,34
116000607,0,0,0
116000609,0,0,0
116000611,0,0,0
116000612,1096,437,659
116000613,431,81,350
116000614,0,0,0
116000615,0,0,0
116000616,0,0,0
116000617,0,0,0
116000618,0,0,0
116000619,0,0,0
116000620,420,69,351
116000621,27,52,-25
116000622,109,33,76
116000624,0,1,-1
116000627,0,0,0
116000628,0,0,0
116000629,0,0,0
116000630,64,4,60
116000631,0,2,-2
116000632,0,0,0
116000633,0,0,0
116000634,0,0,0
116000635,1429,1330,99
116900001,0,0,0
116900002,0,0,0
116900003,0,0,0
116900004,0,0,0
116900005,0,0,0
116900006,0,0,0
116900007,0,0,0
116900008,0,0,0
116900009,0,0,0
116900010,0,0,0
116900011,0,0,0
116900012,0,0,0
116900013,0,0,0
116900014,0,0,0
116900015,0,0,0
116900016,0,0,0
116900017,0,0,0
116900018,0,0,0
116900019,0,0,0
116900020,0,0,0
116900023,0,0,0
116900024,0,0,0
116900025,0,0,0
116900026,0,0,0
116900027,0,0,0
116900028,0,0,0
116900029,0,0,0
116900031,0,0,0
116900032,0,0,0
116900033,0,0,0
116900034,0,0,0
116900035,0,0,0
116900036,0,0,0
116900038,0,0,0
116900041,0,0,0
116900042,0,0,0
116900043,0,0,0
116900045,0,0,0
116900047,0,0,0
116900049,0,0,0
116900050,0,0,0
116900051,0,0,0
116900052,0,0,0
116900055,0,0,0
116900057,0,0,0
116900058,0,0,0
116900059,0,0,0
116900060,0,0,0
116900062,0,0,0
116900064,0,0,0
116900065,0,0,0
116900067,0,0,0
116900068,0,0,0
116900070,0,0,0
116900072,0,0,0
116900073,0,0,0
116900074,0,0,0
116900076,0,0,0
116900077,0,0,0
116900078,0,0,0
116900079,0,0,0
116900080,0,0,0
116900081,0,0,0
116900082,0,0,0
116900083,0,0,0
116900084,0,0,0
116900085,0,0,0
116900086,0,0,0
116900088,0,0,0
116900090,0,0,0
116900091,0,0,0
116900092,0,0,0
116900093,0,0,0
116900094,0,0,0
116900095,0,0,0
116900096,0,0,0
116900097,0,0,0
116900098,0,0,0
116900099,0,0,0
116900100,0,0,0
116900101,0,0,0
116900103,0,0,0
116900104,0,0,0
116900105,0,0,0
116900106,0,0,0
116900107,0,0,0
116900110,0,0,0
116900111,275,3,272
116900112,97,4,93
116900113,62,52,10
116900116,0,0,0
116900117,0,0,0
116900118,0,0,0
116900120,0,0,0
116900121,0,0,0
116900122,0,0,0
116900123,0,0,0
116900124,0,0,0
116900125,0,0,0
116900126,0,0,0
116900128,0,0,0
116900129,0,0,0
116900130,0,0,0
116900131,0,0,0
116900132,0,0,0
116900133,0,0,0
116900134,0,0,0
116900136,0,0,0
116900137,0,0,0
116900138,0,0,0
116900139,0,0,0
116900140,0,0,0
116900141,0,0,0
116900142,0,0,0
116900143,0,0,0
116900144,0,0,0
116900145,0,0,0
116900147,0,0,0
116900148,0,0,0
116900149,0,0,0
116900150,0,0,0
116900151,0,0,0
116900153,0,0,0
116900154,0,0,0
116900155,0,0,0
116900157,0,0,0
116900158,0,0,0
116900159,0,0,0
116900160,0,0,0
116900161,0,0,0
116900162,0,0,0
116900163,0,0,0
116900164,0,0,0
116900165,0,0,0
116900166,0,0,0
116900167,0,0,0
116900168,0,0,0
116900169,0,0,0
116900170,0,0,0
116900171,0,0,0
116900172,0,0,0
116900173,0,0,0
116900174,0,0,0
116900175,0,0,0
116900178,0,0,0
116900179,0,0,0
116900180,0,0,0
116900182,0,0,0
116900183,0,0,0
116900185,0,0,0
116900186,0,0,0
116900187,0,0,0
116900188,0,0,0
116900189,0,0,0
116900191,0,0,0
116900192,0,0,0
116900194,0,0,0
116900195,0,0,0
116900196,0,0,0
116900197,0,0,0
116900198,0,0,0
116900200,0,0,0
116900201,0,0,0
116900202,0,0,0
116900203,0,0,0
116900204,0,0,0
116900206,0,0,0
116900207,0,0,0
116900208,0,0,0
116900209,0,0,0
116900210,0,0,0
116900211,0,0,0
116900212,0,0,0
116900213,0,0,0
116900214,0,0,0
116900215,0,0,0
116900216,0,0,0
116900218,0,0,0
116900219,0,0,0
116900220,0,0,0
116900221,0,0,0
116900222,276,91,185
116900223,0,0,0
116900226,0,0,0
116900227,0,0,0
116900228,0,0,0
116900230,0,0,0
116900231,0,0,0
116900232,0,0,0
116900233,0,0,0
116900234,0,0,0
116900235,0,0,0
116900238,0,0,0
116900239,0,0,0
116900240,0,0,0
116900241,0,0,0
116900242,0,0,0
116900243,0,0,0
116900245,0,0,0
116900246,0,0,0
116900247,0,0,0
116900248,0,0,0
116900249,0,0,0
116900250,0,0,0
116900251,0,0,0
116900252,115,9,106
116900253,0,0,0
116900254,0,0,0
116900255,0,0,0
116900256,0,0,0
116900257,0,0,0
116900258,0,0,0
116900259,0,0,0
116900260,0,0,0
116900261,0,0,0
116900262,0,0,0
116900263,0,0,0
116900264,0,0,0
116900265,0,0,0
116900266,0,0,0
116900267,0,0,0
116900268,0,0,0
116900269,278,133,145
116900271,0,0,0
116900272,0,0,0
116900273,0,0,0
116900274,0,0,0
116900275,0,0,0
116900276,98,0,98
116900277,0,0,0
116900278,0,0,0
116900279,0,0,0
116900280,0,0,0
116900281,0,0,0
116900282,0,0,0
116900283,0,0,0
116900284,0,0,0
116900285,0,0,0
116900286,0,0,0
116900287,0,0,0
116900288,0,0,0
116900289,0,0,0
116900290,0,0,0
116900291,0,0,0
116900292,0,0,0
116900293,0,0,0
116900294,0,0,0
116900295,0,0,0
116900296,0,0,0
116900297,0,0,0
116900298,0,0,0
116900299,0,0,0
116900300,0,0,0
116900301,0,0,0
116900302,0,0,0
116900303,0,0,0
116900304,0,0,0
116900305,0,0,0
116900306,11,1,10
117000001,1396,555,841
117000002,19,65,-46
117000003,2486,1088,1398
117000004,334,256,78
117000005,1659,777,882
117000006,164,242,-78
117000007,2861,773,2088
117000008,145,193,-48
117000009,2094,399,1695
117000010,143,146,-3
117000011,1103,332,771
117000012,210,61,149
117000013,1075,171,904
117000014,8,339,-331
117000015,750,232,518
117000016,112,7,105
117000017,57,29,28
117000018,1,33,-32
117000019,8,1,7
117000020,40,28,12
117000021,29,15,14
117000022,55,29,26
117000023,34,4,30
117000024,0,0,0
117000025,0,0,0
117000026,815,1006,-191
117000027,0,0,0
117000028,382,205,177
117000030,234,168,66
117000031,162,161,1
117000032,235,203,32
117000033,715,946,-231
117000034,164,122,42
117000035,327,67,260
117000036,87,155,-68
117000037,532,52,480
117000038,189,156,33
117000039,513,58,455
117000040,0,0,0
117000041,502,24,478
117000044,0,0,0
117000045,32,59,-27
117000046,0,0,0
117000047,722,308,414
117000048,0,0,0
117000049,4,121,-117
117000050,15,11,4
117000051,648,208,440
117000052,0,0,0
117000053,0,0,0
117000054,1286,108,1178
117000055,0,38,-38
117000056,400,38,362
117000057,0,21,-21
117000060,0,0,0
117000061,566,380,186
117000062,0,0,0
117000063,264,121,143
117000064,0,0,0
117000066,8,14,-6
117000067,18,64,-46
117000074,0,25,-25
117000076,2,2,0
117000077,82,62,20
117000078,0,0,0
117000079,76,15,61
117000080,0,0,0
117000081,205,14,191
117000082,0,0,0
117000083,61,2,59
117000084,34,0,34
117000085,65,33,32
117000086,255,237,18
117000087,19,107,-88
117000088,245,95,150
117000089,1232,216,1016
117000090,25,88,-63
117000091,764,96,668
117000092,1,33,-32
117000093,1307,245,1062
117000094,62,64,-2
117000095,2232,170,2062
117000096,10,59,-49
117000097,1470,178,1292
117000098,35,49,-14
117000099,1745,249,1496
117000100,0,0,0
117000101,0,0,0
117000102,942,328,614
117000103,49,84,-35
117000104,770,252,518
117000105,16,56,-40
117000106,1089,280,809
117000107,83,15,68
117000108,1005,579,426
117000109,197,7,190
117000110,1026,884,142
117000111,2431,1693,738
117000112,773,484,289
117000113,0,0,0
117000114,0,5,-5
117000115,0,0,0
117000116,3,5,-2
117000117,111,106,5
117000118,24,17,7
117000119,0,59,-59
117000120,0,71,-71
117000121,0,76,-76
117000122,3,144,-141
117000123,164,54,110
117000124,3,0,3
117000125,2,0,2
117000126,0,0,0
117000127,22,0,22
117000128,3,4,-1
117000129,133,90,43
117000130,13,2,11
117000131,0,0,0
117000132,1737,61,1676
117000133,0,0,0
117000134,0,0,0
117000135,0,0,0
117000136,0,0,0
117000137,0,0,0
117000138,2,0,2
117000140,28,34,-6
117000141,1117,192,925
117000181,0,0,0
117000182,0,0,0
117000195,0,0,0
117000196,0,0,0
117000225,0,0,0
117000226,0,0,0
117000276,0,0,0
117000277,0,0,0
117000310,1,454,-453
117000315,0,0,0
117000320,22,0,22
117000906,70,2,68
117000907,0,0,0
117000908,0,0,0
117000909,3,28,-25
117000910,0,0,0
117000911,1,56,-55
117000915,0,0,0
117000916,26,6,20
117000917,342,55,287
117000918,46,37,9
117000919,0,0,0
117000920,1,28,-27
117000921,0,0,0
117000922,7,24,-17
117000924,108,298,-190
117000926,77,6,71
117000927,130,547,-417
117000928,0,0,0
117000929,0,0,0
117000930,0,0,0
117000931,0,0,0
117900002,0,0,0
117900003,0,0,0
117900005,0,0,0
117900006,0,0,0
117900007,0,0,0
117900008,0,0,0
117900010,0,0,0
117900011,0,0,0
117900012,0,0,0
117900013,0,0,0
117900014,0,0,0
117900015,0,0,0
117900016,0,0,0
117900017,0,0,0
117900018,0,0,0
117900019,0,0,0
117900020,0,0,0
117900021,0,0,0
117900022,0,0,0
117900023,0,0,0
117900024,0,0,0
117900025,0,0,0
117900026,0,0,0
117900028,0,0,0
117900029,0,0,0
117900030,0,0,0
117900031,0,0,0
117900032,0,0,0
117900033,0,0,0
117900034,0,0,0
117900035,0,0,0
117900036,0,0,0
117900037,0,0,0
117900038,0,0,0
117900039,0,0,0
117900040,0,0,0
117900041,0,0,0
117900042,0,0,0
117900043,0,0,0
117900044,0,0,0
117900045,0,0,0
117900048,0,0,0
117900049,0,0,0
117900050,0,0,0
117900051,0,0,0
117900052,0,0,0
117900053,0,0,0
117900054,0,0,0
117900055,0,0,0
117900056,0,0,0
117900057,0,0,0
117900058,0,0,0
117900059,0,0,0
117900060,0,0,0
117900061,0,0,0
117900063,0,0,0
117900065,0,0,0
117900066,0,0,0
117900067,0,0,0
117900069,0,0,0
117900070,0,0,0
117900071,0,0,0
117900073,0,0,0
117900074,0,0,0
117900075,0,0,0
117900076,0,0,0
117900077,0,0,0
117900078,0,0,0
117900080,0,0,0
117900081,0,0,0
117900082,0,0,0
117900083,0,0,0
117900086,0,0,0
117900087,0,0,0
117900088,0,0,0
117900089,0,0,0
117900090,0,0,0
117900091,0,0,0
117900092,0,0,0
117900093,0,0,0
117900094,0,0,0
117900095,0,0,0
117900096,0,0,0
117900097,0,0,0
117900098,0,0,0
117900099,0,0,0
117900100,0,0,0
117900101,0,0,0
117900102,0,0,0
117900103,0,0,0
117900104,0,0,0
117900105,0,0,0
117900106,0,0,0
117900107,0,0,0
117900109,0,0,0
117900110,0,0,0
117900111,7,2,5
117900112,0,0,0
117900113,0,0,0
117900114,0,0,0
117900115,0,0,0
117900116,0,0,0
117900117,0,0,0
117900118,2,0,2
117900119,0,0,0
117900120,0,0,0
117900121,5,0,5
117900122,0,0,0
117900123,0,0,0
117900124,0,0,0
117900125,0,0,0
117900126,0,0,0
117900127,0,0,0
117900128,0,0,0
117900129,0,0,0
117900130,0,0,0
117900131,0,0,0
117900132,0,0,0
117900133,0,0,0
117900134,0,0,0
117900135,0,0,0
117900136,0,0,0
117900137,0,0,0
117900138,0,0,0
117900139,0,0,0
117900140,0,0,0
117900141,0,0,0
117900142,0,0,0
117900144,0,0,0
117900145,0,0,0
117900146,0,0,0
117900147,0,0,0
117900148,0,0,0
117900149,0,0,0
117900150,0,0,0
117900151,0,0,0
117900152,0,0,0
117900153,0,0,0
117900154,0,0,0
117900156,0,0,0
117900157,0,0,0
117900158,0,0,0
117900160,0,0,0
117900161,0,0,0
117900162,0,0,0
117900163,0,0,0
117900165,0,0,0
117900166,0,0,0
117900168,0,0,0
117900169,0,0,0
117900170,0,0,0
117900171,0,0,0
117900172,0,0,0
117900173,0,0,0
117900174,0,0,0
117900175,0,0,0
117900176,0,0,0
117900177,0,0,0
117900178,0,0,0
117900180,0,0,0
117900181,0,0,0
117900182,0,0,0
117900183,0,0,0
117900184,0,0,0
117900185,0,0,0
117900186,0,0,0
117900187,0,0,0
117900188,0,0,0
117900189,0,0,0
117900190,0,0,0
117900191,0,0,0
117900192,0,0,0
117900193,0,0,0
117900194,0,0,0
117900195,0,0,0
117900196,0,0,0
117900207,0,0,0
117900208,0,0,0
117900209,0,0,0
117900210,0,0,0
117900211,0,0,0
117900212,0,0,0
117900213,0,0,0
117900214,0,0,0
117900215,0,0,0
117900216,0,0,0
117900217,0,0,0
117900218,0,0,0
117900219,0,0,0
117900220,0,0,0
117900222,0,0,0
117900223,0,0,0
118000001,223,769,-546
118000002,12,124,-112
118000003,993,1873,-880
118000004,59,76,-17
118000005,2057,1741,316
118000006,198,261,-63
118000007,150,545,-395
118000008,233,695,-462
118000009,44,319,-275
118000010,85,248,-163
118000011,0,0,0
118000012,0,0,0
118000013,0,0,0
118000014,0,1,-1
118000016,0,0,0
118000017,88,83,5
118000018,0,0,0
118000019,4,2,2
118000020,2,101,-99
118000021,3,145,-142
118000022,83,35,48
118000023,293,192,101
118000024,243,248,-5
118000027,283,384,-101
118000029,58,498,-440
118000032,211,754,-543
118000033,876,1443,-567
118000034,111,412,-301
118000035,52,391,-339
118000036,81,193,-112
118000037,0,2,-2
118000038,27,128,-101
118000039,0,0,0
118000040,238,239,-1
118000041,1,1,0
118000045,1,68,-67
118000046,3,189,-186
118000047,0,0,0
118000048,34,117,-83
118000051,28,278,-250
118000052,30,95,-65
118000053,12,45,-33
118000054,94,120,-26
118000055,12,62,-50
118000056,0,0,0
118000057,2,3,-1
118000058,0,0,0
118000059,5,56,-51
118000060,14,6,8
118000061,26,96,-70
118000062,0,0,0
118000063,2,19,-17
118000064,4,146,-142
118000065,137,74,63
118000066,1,233,-232
118000067,2,53,-51
118000068,6,181,-175
118000069,5,23,-18
118000070,28,40,-12
118000071,42,137,-95
118000072,239,472,-233
118000073,27,90,-63
118000074,1,19,-18
118000075,5,22,-17
118000076,663,2042,-1379
118000077,0,0,0
118000078,794,1019,-225
118000079,8,90,-82
118000080,0,0,0
118000081,302,560,-258
118000082,0,0,0
118000083,0,0,0
118000084,0,0,0
118000086,0,0,0
118000087,145,152,-7
118000088,200,441,-241
118000089,451,200,251
118000090,7,115,-108
118000091,68,218,-150
118000092,0,0,0
118000093,0,0,0
118000096,0,0,0
118000097,0,0,0
118000098,0,0,0
118000099,0,0,0
118000101,382,208,174
118000102,90,31,59
118000107,47,0,47
118000108,43,17,26
118000110,0,0,0
118000111,0,0,0
118000112,151,1,150
118000113,0,0,0
118000114,90,0,90
118000115,5,0,5
118000116,4,0,4
118000117,24,2,22
118000118,286,291,-5
118000119,315,305,10
118000120,53,9,44
118000121,0,0,0
118000122,0,0,0
118000123,0,0,0
118000125,0,0,0
118000126,4,19,-15
118000127,124,289,-165
118000128,0,0,0
118000129,125,64,61
118000130,9,64,-55
118000131,25,106,-81
118000132,115,217,-102
118000133,125,111,14
118000135,196,200,-4
118000136,3,16,-13
118000137,0,0,0
118000138,2,0,2
118000139,0,0,0
118000140,43,118,-75
118000141,1257,939,318
118000142,80,87,-7
118000143,459,527,-68
118000144,82,104,-22
118000145,277,132,145
118000146,327,73,254
118000147,391,63,328
118000148,39,105,-66
118000149,0,0,0
118000150,394,89,305
118000151,45,36,9
118000153,562,620,-58
118000154,413,397,16
118000155,456,630,-174
118000156,214,141,73
118000157,189,102,87
118000158,0,0,0
118000159,71,177,-106
118000160,594,323,271
118000161,0,0,0
118000162,226,102,124
118000163,224,149,75
118000164,750,260,490
118000168,0,0,0
118000169,0,0,0
118000170,42,37,5
118000171,27,22,5
118000172,2,1,1
118000173,189,63,126
118000175,244,609,-365
118000176,256,531,-275
118000177,180,335,-155
118000178,0,0,0
118000179,774,820,-46
118000180,772,429,343
118000181,33,28,5
118000182,74,116,-42
118000183,51,121,-70
118000184,765,319,446
118000185,0,0,0
118000186,0,0,0
118000187,0,0,0
118000188,0,0,0
118000189,0,0,0
118000190,0,0,0
118000191,0,0,0
118000192,0,25,-25
118000193,0,0,0
118000194,705,958,-253
118000195,12,45,-33
118000196,0,0,0
118000197,4,7,-3
118000198,1,39,-38
118000199,113,150,-37
118000200,0,0,0
118000201,0,0,0
118000202,0,0,0
118000203,0,0,0
118000204,1,19,-18
118000205,52,27,25
118000206,99,23,76
118000207,0,0,0
118000208,284,482,-198
118000209,212,60,152
118000210,56,4,52
118000211,20,8,12
118000213,8,140,-132
118000214,18,18,0
118000215,0,0,0
118000216,0,0,0
118000217,0,0,0
118000218,0,0,0
118000219,0,0,0
118000220,5,18,-13
118000221,0,0,0
118000222,0,0,0
118000223,17,7,10
118000224,0,0,0
118000225,0,0,0
118000226,27,0,27
118000227,35,68,-33
118000228,1,25,-24
118000229,0,0,0
118000230,0,0,0
118000231,0,0,0
118000232,0,0,0
118000233,134,33,101
118000234,0,0,0
118000236,0,0,0
118000237,0,0,0
118000238,0,0,0
118000239,160,51,109
118000240,0,0,0
118000241,0,0,0
118000242,0,0,0
118000243,0,0,0
118000244,0,0,0
118000246,0,0,0
118000255,0,0,0
118000256,0,0,0
118000259,0,0,0
118000260,0,0,0
118000261,0,0,0
118000263,0,0,0
118000266,0,0,0
118000267,0,0,0
118000268,41,7,34
118000270,0,0,0
118000271,0,1,-1
118000272,0,0,0
118000273,0,0,0
118000274,0,0,0
118000276,0,0,0
118000295,0,0,0
118000298,0,0,0
118000299,0,0,0
118000301,0,0,0
118000302,0,0,0
118000311,0,0,0
118000312,0,0,0
118000313,0,0,0
118000314,0,0,0
118000315,0,0,0
118000316,0,0,0
118000325,0,0,0
118000326,0,0,0
118000331,0,0,0
118000332,0,0,0
118000333,0,0,0
118000335,94,0,94
118000336,0,0,0
118000407,0,0,0
118000457,0,0,0
118000465,77,136,-59
118000480,0,0,0
118000489,6,99,-93
118000490,0,0,0
118000492,119,47,72
118000510,0,0,0
118000514,26,0,26
118000515,41,6,35
118000517,0,0,0
118000524,0,0,0
118000525,73,34,39
118000530,16,54,-38
118000531,85,32,53
118000532,0,0,0
118000533,0,0,0
118000534,0,0,0
118000535,82,23,59
118000536,0,0,0
118000537,0,0,0
118000538,0,0,0
118000539,8,83,-75
118000540,0,0,0
118000541,0,0,0
118000542,10,81,-71
118000543,6,34,-28
118000546,0,0,0
118000560,0,0,0
118000562,0,0,0
118000563,145,602,-457
118000576,0,0,0
118000577,0,0,0
118000578,0,0,0
118000579,2,11,-9
118000595,21,116,-95
118000596,0,0,0
118000597,0,0,0
118000598,0,0,0
118000599,0,0,0
118000600,0,0,0
118000601,0,0,0
118000602,0,0,0
118000603,0,0,0
118900001,0,0,0
118900002,0,0,0
118900003,0,0,0
118900004,0,0,0
118900005,0,0,0
118900006,0,0,0
118900007,0,0,0
118900008,0,0,0
118900009,0,0,0
118900010,0,0,0
118900011,0,0,0
118900012,0,0,0
118900013,0,0,0
118900015,0,0,0
118900016,0,0,0
118900017,0,0,0
118900018,0,0,0
118900019,0,0,0
118900020,0,0,0
118900021,0,0,0
118900022,0,0,0
118900023,0,0,0
118900024,0,0,0
118900025,0,0,0
118900026,0,0,0
118900027,0,0,0
118900028,0,0,0
118900029,0,0,0
118900030,0,0,0
118900031,0,0,0
118900032,0,0,0
118900033,0,0,0
118900034,0,0,0
118900035,0,0,0
118900036,0,0,0
118900037,0,0,0
118900038,0,0,0
118900039,0,0,0
118900040,0,0,0
118900041,0,0,0
118900042,0,0,0
118900045,0,0,0
118900046,0,0,0
118900047,0,0,0
118900048,0,0,0
118900049,0,0,0
118900050,0,0,0
118900051,0,0,0
118900052,0,0,0
118900053,0,0,0
118900054,0,0,0
118900055,0,0,0
118900056,0,0,0
118900057,0,0,0
118900058,0,0,0
118900059,0,0,0
118900060,0,0,0
118900062,0,0,0
118900064,0,0,0
118900065,0,0,0
118900066,0,0,0
118900067,0,0,0
118900068,0,0,0
118900069,0,0,0
118900071,0,0,0
118900072,0,0,0
118900073,0,0,0
118900074,0,0,0
118900075,0,0,0
118900076,0,0,0
118900077,0,0,0
118900078,0,0,0
118900079,0,0,0
118900080,0,0,0
118900081,0,0,0
118900082,0,0,0
118900083,0,0,0
118900084,0,0,0
118900085,0,0,0
118900086,0,0,0
118900087,0,0,0
118900088,0,0,0
118900089,0,0,0
118900090,0,0,0
118900091,0,0,0
118900092,0,0,0
118900093,0,0,0
118900096,0,0,0
118900097,0,0,0
118900099,0,0,0
118900100,0,0,0
118900101,0,0,0
118900102,0,0,0
118900103,0,0,0
118900104,0,0,0
118900105,0,0,0
118900107,0,0,0
118900108,0,0,0
118900110,0,0,0
118900111,0,0,0
118900112,0,0,0
118900113,0,0,0
118900114,0,0,0
118900115,0,0,0
118900116,0,0,0
118900117,0,0,0
118900118,0,0,0
118900119,0,0,0
118900120,0,0,0
118900121,0,0,0
118900122,0,0,0
118900123,0,0,0
118900124,0,0,0
118900126,0,0,0
118900129,0,0,0
118900130,0,0,0
118900131,0,0,0
118900132,0,0,0
118900133,0,0,0
118900135,0,0,0
118900136,0,0,0
118900137,0,0,0
118900139,0,0,0
118900140,0,0,0
118900141,0,0,0
118900144,0,0,0
118900145,0,0,0
118900146,0,0,0
118900147,0,0,0
118900148,0,0,0
118900150,0,0,0
118900152,0,0,0
118900157,0,0,0
118900158,0,0,0
118900159,0,0,0
118900161,0,0,0
118900163,0,0,0
118900164,0,0,0
118900165,0,0,0
118900166,0,0,0
118900167,0,0,0
118900168,0,0,0
118900169,0,0,0
118900170,0,0,0
118900171,0,0,0
118900174,0,0,0
118900175,0,0,0
118900176,0,0,0
118900177,0,0,0
118900178,0,0,0
118900179,0,0,0
118900181,0,0,0
118900182,0,0,0
118900183,0,0,0
118900184,0,0,0
118900185,0,0,0
118900186,0,0,0
118900187,0,0,0
118900188,0,0,0
118900189,0,0,0
118900190,0,0,0
118900191,0,0,0
118900192,0,0,0
118900193,0,0,0
118900195,0,0,0
118900196,0,0,0
118900197,0,0,0
118900198,0,0,0
118900199,0,0,0
118900200,0,0,0
118900201,0,0,0
118900202,0,0,0
118900203,0,0,0
118900204,0,0,0
118900205,0,0,0
118900206,0,0,0
119000001,416,553,-137
119000002,610,314,296
119000003,96,66,30
119000004,48,70,-22
119000005,164,97,67
119000006,98,25,73
119000007,882,554,328
119000008,0,0,0
119000009,432,427,5
119000010,0,0,0
119000011,545,352,193
119000012,27,101,-74
119000013,1285,573,712
119000014,29,101,-72
119000019,40,32,8
119000020,133,152,-19
119000021,202,186,16
119000022,0,0,0
119000023,78,164,-86
119000024,239,1110,-871
119000025,43,64,-21
119000026,0,0,0
119000027,12,33,-21
119000028,57,42,15
119000029,0,0,0
119000030,25,129,-104
119000031,0,0,0
119000032,10,12,-2
119000033,306,130,176
119000034,4,0,4
119000035,0,3,-3
119000036,145,26,119
119000037,0,19,-19
119000038,0,14,-14
119000039,15,34,-19
119000040,2,116,-114
119000041,3,55,-52
119000048,385,180,205
119000049,78,70,8
119000050,23,11,12
119000051,74,44,30
119000052,2,10,-8
119000053,65,13,52
119000054,199,91,108
119000055,1140,174,966
119000056,662,339,323
119000057,74,96,-22
119000058,102,98,4
119000059,658,271,387
119000060,0,0,0
119000061,150,117,33
119000062,0,0,0
119000063,70,60,10
119000064,21,99,-78
119000065,34,45,-11
119000066,151,72,79
119000067,284,114,170
119000068,192,40,152
119000069,242,93,149
119000070,74,12,62
119000071,0,0,0
119000072,287,94,193
119000073,166,58,108
119000074,395,111,284
119000075,207,52,155
119000076,0,0,0
119000077,0,0,0
119000078,0,0,0
119000079,0,0,0
119000080,0,0,0
119000081,0,0,0
119000082,0,0,0
119000083,0,0,0
119000084,0,0,0
119000085,0,0,0
119000086,0,0,0
119000087,0,0,0
119000088,0,0,0
119000089,0,0,0
119000090,0,0,0
119000091,0,0,0
119000092,0,0,0
119000093,253,133,120
119000094,895,248,647
119000095,112,106,6
119000097,97,98,-1
119000098,244,463,-219
119000099,605,129,476
119000100,433,313,120
119000101,0,0,0
119000102,0,0,0
119000103,14,19,-5
119000104,0,0,0
119000105,54,124,-70
119000106,0,0,0
119000107,163,142,21
119000108,0,0,0
119000109,0,0,0
119000110,0,0,0
119000111,0,0,0
119000112,0,0,0
119000113,0,0,0
119000114,37,66,-29
119000115,0,0,0
119000116,8,87,-79
119000117,0,0,0
119000118,0,0,0
119000123,0,0,0
119000124,125,14,111
119000125,486,35,451
119000126,254,32,222
119000127,0,0,0
119000128,0,0,0
119000131,0,0,0
119000132,0,0,0
119000133,0,0,0
119000134,210,193,17
119000135,0,0,0
119000136,0,0,0
119000137,0,0,0
119000138,0,0,0
119000139,0,0,0
119000140,0,0,0
119000284,0,0,0
119000285,0,0,0
119000286,0,0,0
119000287,0,0,0
119000288,1,0,1
119000289,0,0,0
119000290,87,16,71
119000291,0,0,0
119000293,2,5,-3
119000294,143,131,12
119000295,0,0,0
119000296,0,0,0
119000302,0,0,0
119000303,1,13,-12
119000314,0,0,0
119000315,0,0,0
119000316,0,0,0
119000317,0,0,0
119900001,0,0,0
119900002,0,0,0
119900003,0,0,0
119900004,0,0,0
119900005,0,0,0
119900006,0,0,0
119900007,0,0,0
119900008,0,0,0
119900009,0,0,0
119900010,0,0,0
119900011,0,0,0
119900012,0,0,0
119900013,0,0,0
119900014,0,0,0
119900015,0,0,0
119900016,0,0,0
119900017,0,0,0
119900018,0,0,0
119900019,0,0,0
119900020,0,0,0
119900021,0,0,0
119900022,0,0,0
119900023,0,0,0
119900025,0,0,0
119900026,0,0,0
119900027,0,0,0
119900028,0,0,0
119900029,0,0,0
119900030,0,0,0
119900031,0,0,0
119900033,0,0,0
119900034,0,0,0
119900037,0,0,0
119900038,0,0,0
119900039,0,0,0
119900040,0,0,0
119900041,0,0,0
119900042,0,0,0
119900043,0,0,0
119900044,0,0,0
119900046,0,0,0
119900047,0,0,0
119900048,0,0,0
119900049,0,0,0
119900050,0,0,0
119900051,0,0,0
119900052,0,0,0
119900053,0,0,0
119900054,0,0,0
119900055,0,0,0
119900057,0,0,0
119900058,0,0,0
119900059,0,0,0
119900060,0,0,0
119900062,0,0,0
119900063,0,0,0
119900064,0,0,0
119900065,0,0,0
119900066,0,0,0
119900067,0,0,0
119900068,0,0,0
119900069,0,0,0
119900070,0,0,0
119900071,0,0,0
119900073,0,0,0
119900074,0,0,0
119900075,0,0,0
119900076,0,0,0
119900077,0,0,0
119900078,0,0,0
119900079,0,0,0
119900080,0,0,0
119900081,0,0,0
119900082,2,0,2
119900083,0,0,0
119900084,0,0,0
119900085,0,0,0
119900086,0,0,0
119900087,0,0,0
119900088,0,0,0
119900089,0,0,0
119900090,0,0,0
119900091,0,0,0
119900092,0,0,0
119900093,0,0,0
119900094,0,0,0
119900095,0,0,0
119900096,0,0,0
119900097,0,0,0
119900098,0,0,0
119900099,0,0,0
119900100,0,0,0
119900101,0,0,0
119900102,0,0,0
119900103,0,0,0
119900104,0,0,0
119900105,0,0,0
119900106,0,0,0
119900107,0,0,0
119900108,0,0,0
119900109,0,0,0
119900110,0,0,0
119900111,0,0,0
119900112,0,0,0
119900113,0,0,0
119900114,0,0,0
119900115,0,0,0
119900116,0,0,0
119900117,0,0,0
119900118,0,0,0
119900119,0,0,0
119900120,0,0,0
119900121,0,0,0
119900122,0,0,0
119900123,0,0,0
119900124,0,0,0
119900125,0,0,0
119900126,0,0,0
119900127,0,0,0
119900128,0,0,0
119900129,0,0,0
119900130,0,0,0
119900131,0,0,0
119900132,0,0,0
119900133,0,0,0
119900134,0,0,0
119900135,0,0,0
119900136,0,0,0
119900138,0,0,0
119900139,0,0,0
119900140,0,0,0
119900141,0,0,0
119900142,0,0,0
119900143,0,0,0
119900144,0,0,0
119900145,0,0,0
119900146,0,0,0
119900147,0,0,0
119900148,0,0,0
119900149,0,0,0
119900150,0,0,0
119900151,0,0,0
119900152,0,0,0
119900153,0,0,0
119900154,0,0,0
119900155,0,0,0
119900156,0,0,0
119900157,0,0,0
119900158,0,0,0
119900159,0,0,0
119900160,0,0,0
119900161,0,0,0
119900162,0,0,0
119900163,0,0,0
119900164,0,0,0
119900165,0,0,0
119900166,0,0,0
119900167,0,0,0
119900168,0,0,0
119900169,0,0,0
119900170,0,0,0
119900171,0,0,0
119900172,0,0,0
119900173,0,0,0
119900174,0,0,0
119900175,0,0,0
119900177,0,0,0
119900178,0,0,0
119900179,0,0,0
119900180,0,0,0
119900181,0,0,0
119900182,0,0,0
119900183,0,0,0
119900184,0,0,0
119900185,0,0,0
119900186,0,0,0
119900187,0,0,0
119900188,0,0,0
119900189,0,0,0
119900190,0,0,0
119900191,0,0,0
119900192,0,0,0
119900193,0,0,0
119900194,0,0,0
119900195,0,0,0
119900196,0,0,0
119900197,0,0,0
119900198,0,0,0
119900199,0,0,0
119900200,0,0,0
119900201,0,0,0
119900202,0,0,0
119900203,0,0,0
119900204,0,0,0
119900205,0,0,0
119900206,0,0,0
119900208,0,0,0
119900209,0,0,0
119900210,0,0,0
119900211,0,0,0
119900212,0,0,0
119900213,0,0,0
119900214,0,0,0
119900215,0,0,0
119900216,0,0,0
119900217,0,0,0
119900218,0,0,0
119900219,0,0,0
119900220,0,0,0
119900221,0,0,0
119900222,0,0,0
119900223,0,0,0
119900224,0,0,0
119900225,0,0,0
119900226,0,0,0
119900227,0,0,0
119900228,0,0,0
119900229,0,0,0
119900230,0,0,0
119900231,0,0,0
119900232,0,0,0
119900233,0,0,0
119900234,0,0,0
119900235,0,0,0
119900236,0,0,0
119900237,0,0,0
119900238,0,0,0
119900240,0,0,0
119900241,0,0,0
119900242,0,0,0
119900244,0,0,0
119900245,0,0,0
119900246,0,0,0
119900247,0,0,0
119900248,0,0,0
119900249,0,0,0
119900253,0,0,0
119900254,0,0,0
119900255,0,0,0
119900256,0,0,0
119900257,0,0,0
119900258,0,0,0
119900259,0,0,0
119900260,0,0,0
119900261,0,0,0
119900262,0,0,0
119900263,0,0,0
119900264,0,0,0
119900265,0,0,0
119900266,0,0,0
119900267,0,0,0
119900268,0,0,0
119900269,0,0,0
119900271,0,0,0
119900272,0,0,0
119900275,0,0,0
119900276,0,0,0
119900277,0,0,0
119900278,0,0,0
119900279,0,0,0
119900280,0,0,0
119900281,0,0,0
119900282,0,0,0
119900283,0,0,0
119900284,0,0,0
119900285,0,0,0
119900286,0,0,0
119900288,0,0,0
119900289,0,0,0
119900290,0,0,0
119900291,0,0,0
119900292,0,0,0
119900293,0,0,0
119900294,0,0,0
119900295,0,0,0
119900296,0,0,0
119900297,0,0,0
119900298,0,0,0
119900299,0,0,0
119900300,0,0,0
119900301,0,0,0
119900302,0,0,0
119900303,0,0,0
119900304,0,0,0
119900305,0,0,0
119900306,0,0,0
119900307,0,0,0
119900308,0,0,0
119900309,0,0,0
119900310,0,0,0
119900311,0,0,0
119900312,0,0,0
119900313,0,0,0
119900314,0,0,0
119900315,0,0,0
119900318,0,0,0
119900319,0,0,0
119900320,0,0,0
119900321,0,0,0
119900322,0,0,0
119900323,0,0,0
119900324,0,0,0
119900325,0,0,0
120000001,1988,2482,-494
120000002,133,163,-30
120000003,47,126,-79
120000004,101,187,-86
120000005,197,243,-46
120000006,99,105,-6
120000007,91,128,-37
120000008,87,102,-15
120000009,78,39,39
120000010,48,79,-31
120000011,19,132,-113
120000012,101,272,-171
120000013,646,219,427
120000014,245,372,-127
120000015,924,624,300
120000016,2357,945,1412
120000017,700,485,215
120000018,1585,518,1067
120000019,288,195,93
120000020,976,434,542
120000021,296,764,-468
120000022,2194,1399,795
120000023,428,408,20
120000024,277,457,-180
120000025,910,329,581
120000026,386,497,-111
120000027,582,791,-209
120000028,2,0,2
120000029,36,216,-180
120000030,25,163,-138
120000031,689,618,71
120000032,494,77,417
120000033,193,67,126
120000034,285,92,193
120000035,527,129,398
120000036,1105,853,252
120000037,304,623,-319
120000038,274,741,-467
120000039,5,67,-62
120000040,3,49,-46
120000041,31,19,12
120000042,77,23,54
120000043,137,12,125
120000044,1,2,-1
120000045,0,0,0
120000046,95,40,55
120000047,12,19,-7
120000048,703,218,485
120000049,602,266,336
120000050,45,253,-208
120000051,67,403,-336
120000052,0,0,0
120000053,269,36,233
120000054,108,64,44
120000055,117,55,62
120000056,469,240,229
120000057,331,85,246
120000058,40,62,-22
120000059,2,322,-320
120000061,0,6,-6
120000062,2,1,1
120000063,130,6,124
120000064,41,1,40
120000065,105,2,103
120000066,39,0,39
120000067,9,18,-9
120000068,25,35,-10
120000069,68,26,42
120000070,0,8,-8
120000071,201,131,70
120000072,397,47,350
120000073,265,160,105
120000074,130,54,76
120000075,490,140,350
120000076,882,116,766
120000077,515,209,306
120000078,558,222,336
120000079,0,0,0
120000080,0,0,0
120000081,0,0,0
120000082,0,0,0
120000083,0,0,0
120000084,24,14,10
120000085,4,4,0
120000086,31,3,28
120000087,7,12,-5
120000088,493,118,375
120000089,667,46,621
120000090,314,74,240
120000091,724,168,556
120000092,720,193,527
120000093,127,140,-13
120000094,90,295,-205
120000095,0,0,0
120000096,0,0,0
120000098,176,0,176
120000099,9,0,9
120000100,188,1,187
120000101,101,33,68
120000102,120,720,-600
120000103,665,862,-197
120000104,1311,157,1154
120000105,1716,90,1626
120000106,1804,50,1754
120000107,2249,53,2196
120000108,1138,22,1116
120000109,385,34,351
120000110,0,36,-36
120000111,4,16,-12
120000112,0,12,-12
120000113,7,15,-8
120000114,51,11,40
120000115,1,17,-16
120000116,26,36,-10
120000117,0,0,0
120000118,0,0,0
120000119,9,74,-65
120000120,0,0,0
120000121,3,57,-54
120000122,66,341,-275
120000123,325,295,30
120000124,270,117,153
120000125,41,8,33
120000126,142,175,-33
120000127,186,85,101
120000128,127,24,103
120000129,135,123,12
120000130,639,154,485
120000131,100,71,29
120000134,0,0,0
120000135,0,0,0
120000137,0,0,0
120000138,0,0,0
120000139,0,0,0
120000140,0,0,0
120000141,0,0,0
120000142,0,0,0
120000143,0,0,0
120000144,0,0,0
120000145,0,0,0
120000146,374,558,-184
120000149,0,0,0
120000150,0,0,0
120000151,158,47,111
120000152,246,48,198
120000153,0,0,0
120000154,66,5,61
120000155,126,28,98
120000156,171,20,151
120000157,158,101,57
120000158,0,0,0
120000159,93,291,-198
120000160,751,266,485
120000161,391,135,256
120000162,25,112,-87
120000163,0,0,0
120000164,0,0,0
120000165,100,11,89
120000166,144,80,64
120000167,0,0,0
120000168,0,0,0
120000169,0,0,0
120000170,0,0,0
120000171,0,0,0
120000172,0,0,0
120000173,0,0,0
120000174,0,0,0
120000175,0,0,0
120000176,0,0,0
120000177,0,0,0
120000178,0,0,0
120000179,0,0,0
120000180,0,0,0
120000181,0,0,0
120000182,0,0,0
120000183,0,0,0
120000184,0,0,0
120000186,0,0,0
120000187,0,0,0
120000188,0,0,0
120000190,0,0,0
120000191,0,0,0
120000192,0,0,0
120000193,0,0,0
120000195,0,0,0
120000196,0,0,0
120000197,0,0,0
120000198,0,0,0
120000199,0,0,0
120000200,0,0,0
120000201,0,0,0
120000202,0,0,0
120000203,0,0,0
120000207,0,0,0
120000208,0,0,0
120000209,0,0,0
120000210,0,0,0
120000211,0,0,0
120000212,0,0,0
120000213,0,0,0
120000214,0,0,0
120000215,0,0,0
120000216,0,0,0
120000217,0,0,0
120000218,0,0,0
120000219,0,0,0
120000220,0,0,0
120000225,0,0,0
120000226,0,0,0
120000227,0,0,0
120000228,0,0,0
120000230,0,0,0
120000231,0,0,0
120000233,386,1,385
120000235,1,61,-60
120000236,882,3,879
120000237,0,0,0
120000238,0,0,0
120000241,594,560,34
120000412,0,0,0
120000413,0,0,0
120000414,0,0,0
120000415,0,0,0
120000416,0,0,0
120000417,0,0,0
120000418,0,0,0
120000419,0,0,0
120000420,69,1,68
120000421,527,444,83
120000422,0,0,0
120000423,0,0,0
120000424,0,0,0
120000436,129,71,58
120000437,0,0,0
120000438,0,0,0
120000439,488,183,305
120000443,0,0,0
120000444,547,90,457
120000445,238,325,-87
120000446,206,58,148
120000447,381,1,380
120000449,0,0,0
120000450,0,0,0
120000451,38,39,-1
120000452,9,0,9
120000453,0,0,0
120000454,13,2,11
120000455,20,56,-36
120000456,26,206,-180
120000457,67,20,47
120000458,11,2,9
120000459,16,34,-18
120000665,11,102,-91
120000668,0,37,-37
120000669,19,14,5
120000670,2,66,-64
120000671,139,35,104
120000672,0,21,-21
120900001,0,0,0
120900002,0,0,0
120900003,0,0,0
120900004,0,0,0
120900005,0,0,0
120900006,0,0,0
120900007,0,0,0
120900008,0,0,0
120900009,0,0,0
120900010,0,0,0
120900011,0,0,0
120900012,0,0,0
120900013,0,0,0
120900014,0,0,0
120900015,0,0,0
120900016,0,0,0
120900017,0,0,0
120900018,0,0,0
120900019,0,0,0
120900020,0,0,0
120900021,0,0,0
120900022,0,0,0
120900023,0,0,0
120900024,0,0,0
120900025,0,0,0
120900026,0,0,0
120900027,0,0,0
120900028,0,0,0
120900029,0,0,0
120900030,0,0,0
120900031,0,0,0
120900032,0,0,0
120900033,0,0,0
120900034,0,0,0
120900035,0,0,0
120900037,0,0,0
120900038,0,0,0
120900039,0,0,0
120900040,0,0,0
120900041,0,0,0
120900042,0,0,0
120900043,0,0,0
120900044,0,0,0
120900045,0,0,0
120900046,0,0,0
120900047,0,0,0
120900048,0,0,0
120900049,0,0,0
120900050,0,0,0
120900051,0,0,0
120900052,0,0,0
120900053,0,0,0
120900054,0,0,0
120900055,0,0,0
120900056,0,0,0
120900057,0,0,0
120900058,0,0,0
120900059,0,0,0
120900060,0,0,0
120900061,0,0,0
120900062,0,0,0
120900063,0,0,0
120900064,0,0,0
120900065,0,0,0
120900066,2,0,2
120900067,0,0,0
120900068,0,0,0
120900069,0,0,0
120900071,0,0,0
120900072,0,0,0
120900073,0,0,0
120900074,0,0,0
120900076,0,0,0
120900077,0,0,0
120900078,0,0,0
120900079,0,0,0
120900080,0,0,0
120900081,0,0,0
120900082,0,0,0
120900083,0,0,0
120900084,0,0,0
120900085,0,0,0
120900086,0,0,0
120900087,0,0,0
120900088,0,0,0
120900089,0,0,0
120900090,0,0,0
120900091,0,0,0
120900092,0,0,0
120900093,0,0,0
120900094,0,0,0
120900095,0,0,0
120900096,0,0,0
120900097,0,0,0
120900098,0,0,0
120900099,0,0,0
120900100,0,0,0
120900101,0,0,0
120900102,0,0,0
120900103,0,0,0
120900104,0,0,0
120900105,0,0,0
120900106,0,0,0
120900107,0,0,0
120900108,0,0,0
120900109,0,0,0
120900110,0,0,0
120900111,0,0,0
120900112,0,0,0
120900113,0,0,0
120900114,0,0,0
120900115,81,35,46
120900116,0,0,0
120900117,0,0,0
120900118,0,0,0
120900119,0,0,0
120900120,0,0,0
120900121,0,0,0
120900122,0,0,0
120900123,0,0,0
120900124,0,0,0
120900125,0,0,0
120900126,0,0,0
120900127,0,0,0
120900128,0,0,0
120900129,0,0,0
120900130,0,0,0
120900131,0,0,0
120900132,0,0,0
120900133,0,0,0
120900134,0,0,0
120900135,0,0,0
120900136,1,0,1
120900137,0,0,0
120900138,0,0,0
120900139,0,0,0
120900140,0,0,0
120900141,0,0,0
120900142,0,0,0
120900143,0,0,0
120900144,0,0,0
120900145,0,0,0
120900146,0,2,-2
120900147,0,0,0
120900148,0,0,0
120900149,0,0,0
120900150,0,0,0
120900151,0,0,0
120900152,0,0,0
120900153,0,0,0
120900154,0,0,0
120900155,0,0,0
120900156,0,0,0
120900157,0,0,0
120900158,0,0,0
120900159,0,0,0
120900160,0,0,0
120900161,0,0,0
120900162,0,0,0
120900163,0,0,0
120900164,0,0,0
120900165,0,0,0
120900166,0,0,0
120900167,0,0,0
120900169,0,0,0
120900170,0,0,0
120900171,0,0,0
120900172,0,0,0
120900173,0,0,0
120900174,0,0,0
120900175,0,0,0
120900176,0,0,0
120900177,0,0,0
120900178,0,0,0
120900179,0,0,0
120900180,0,0,0
120900181,0,0,0
120900182,0,0,0
120900183,0,0,0
120900184,0,0,0
120900185,0,0,0
120900186,0,0,0
120900187,0,0,0
120900188,0,0,0
120900189,0,0,0
120900190,0,0,0
120900191,0,0,0
120900192,0,0,0
120900194,0,0,0
120900195,0,0,0
120900196,0,0,0
120900197,0,0,0
120900198,0,0,0
120900199,0,0,0
120900200,0,0,0
120900201,0,0,0
120900202,0,0,0
120900203,0,0,0
120900204,0,0,0
120900205,0,0,0
120900206,0,0,0
121000001,0,0,0
121000002,261,140,121
121000003,0,0,0
121000004,326,149,177
121000005,5,48,-43
121000006,238,316,-78
121000007,20,51,-31
121000008,420,407,13
121000009,72,61,11
121000010,831,412,419
121000011,361,200,161
121000012,2128,747,1381
121000013,310,345,-35
121000014,2219,735,1484
121000015,652,1139,-487
121000016,1037,846,191
121000017,79,268,-189
121000018,161,269,-108
121000019,398,303,95
121000020,837,952,-115
121000021,40,57,-17
121000022,128,349,-221
121000023,58,32,26
121000024,481,617,-136
121000025,45,85,-40
121000026,36,84,-48
121000027,140,131,9
121000028,10,44,-34
121000029,36,22,14
121000030,0,0,0
121000031,5,3,2
121000032,0,0,0
121000034,4,14,-10
121000035,0,0,0
121000036,27,29,-2
121000037,47,53,-6
121000038,39,100,-61
121000039,0,0,0
121000041,0,0,0
121000042,1,57,-56
121000043,55,29,26
121000044,2,52,-50
121000045,5,15,-10
121000046,0,0,0
121000047,0,0,0
121000049,118,55,63
121000050,13,202,-189
121000051,13,22,-9
121000052,38,81,-43
121000053,19,9,10
121000054,0,0,0
121000055,0,0,0
121000056,286,326,-40
121000057,0,0,0
121000058,0,0,0
121000059,10,26,-16
121000060,48,45,3
121000061,0,35,-35
121000062,0,14,-14
121000063,7,11,-4
121000064,34,3,31
121000065,0,15,-15
121000066,0,0,0
121000067,0,0,0
121000068,19,2,17
121000069,2,11,-9
121000070,61,114,-53
121000071,65,212,-147
121000072,21,36,-15
121000073,46,159,-113
121000074,0,0,0
121000075,0,0,0
121000076,0,3,-3
121000077,11,8,3
121000078,0,0,0
121000080,172,48,124
121000081,222,222,0
121000082,15,46,-31
121000083,10,8,2
121000084,0,0,0
121000085,81,39,42
121000086,2,61,-59
121000087,0,84,-84
121000088,0,0,0
121000089,2,123,-121
121000090,0,0,0
121000091,580,95,485
121000092,29,13,16
121000093,6,37,-31
121000094,40,74,-34
121000095,5,3,2
121000096,0,0,0
121000097,0,0,0
121000098,46,31,15
121000099,11,26,-15
121000100,0,0,0
121000101,11,29,-18
121000102,0,0,0
121000103,7,9,-2
121000104,0,0,0
121000105,0,0,0
121000106,14,7,7
121000107,234,274,-40
121000109,68,185,-117
121000110,0,0,0
121000114,339,421,-82
121000115,0,0,0
121000116,0,0,0
121000117,0,0,0
121000118,0,0,0
121000119,0,0,0
121000120,5,70,-65
121000121,0,6,-6
121000123,2,2,0
121000126,0,0,0
121000127,0,0,0
121000128,0,0,0
121000129,0,0,0
121000130,9,29,-20
121000131,0,0,0
121000132,8,93,-85
121000135,0,0,0
121000136,14,96,-82
121000137,0,0,0
121000138,11,25,-14
121000139,0,0,0
121000141,0,0,0
121000142,0,0,0
121000143,0,0,0
121000144,0,0,0
121000145,1,1,0
121000146,38,20,18
121000147,42,31,11
121000148,0,0,0
121000149,161,282,-121
121000152,24,36,-12
121000153,100,21,79
121000154,143,16,127
121000155,86,61,25
121000156,99,38,61
121000157,110,23,87
121000158,50,23,27
121000159,2,27,-25
121000160,19,5,14
121000161,0,0,0
121000162,0,0,0
121000165,122,676,-554
121000166,0,35,-35
121000168,35,71,-36
121000169,3,17,-14
121000170,86,39,47
121000171,23,82,-59
121000172,29,44,-15
121000173,0,3,-3
121000174,1,10,-9
121000175,5,8,-3
121000176,9,0,9
121000177,2,3,-1
121000178,0,0,0
121000179,7,8,-1
121000181,36,142,-106
121000182,59,55,4
121000183,6,11,-5
121000184,1,25,-24
121000185,1,25,-24
121000186,0,9,-9
121000187,0,0,0
121000188,0,0,0
121000192,41,19,22
121000193,0,0,0
121000194,65,169,-104
121000195,0,0,0
121000196,0,0,0
121000197,1,5,-4
121000198,0,0,0
121000199,2,0,2
121000200,0,0,0
121000201,0,0,0
121000202,0,0,0
121000203,0,0,0
121000204,0,0,0
121000205,19,8,11
121000206,0,0,0
121000207,0,0,0
121000208,0,0,0
121000209,24,11,13
121000210,0,0,0
121000211,1,5,-4
121000212,0,0,0
121000213,49,133,-84
121000214,17,122,-105
121000215,32,81,-49
121000216,68,50,18
121000217,586,135,451
121000218,6,28,-22
121000219,125,90,35
121000220,0,0,0
121000221,1,76,-75
121000222,18,56,-38
121000223,0,0,0
121000224,0,0,0
121000225,10,47,-37
121000226,36,168,-132
121000227,0,0,0
121000228,0,0,0
121000229,0,0,0
121000230,0,0,0
121000231,158,11,147
121000232,0,0,0
121000233,163,21,142
121000234,4,2,2
121000235,0,7,-7
121000236,2,2,0
121000237,21,1,20
121000238,0,3,-3
121000239,1,0,1
121000240,0,17,-17
121000241,29,0,29
121000242,0,15,-15
121000243,59,0,59
121000244,1,9,-8
121000245,6,1,5
121000246,1,4,-3
121000247,22,0,22
121000248,26,10,16
121000249,0,0,0
121000250,26,95,-69
121000251,0,0,0
121000252,1,38,-37
121000253,0,0,0
121000254,108,11,97
121000255,0,0,0
121000256,24,37,-13
121000257,0,0,0
121000258,33,47,-14
121000259,0,0,0
121000260,0,0,0
121000261,26,9,17
121000262,0,0,0
121000263,6,56,-50
121000271,0,0,0
121000273,0,0,0
121000274,1,16,-15
121000275,0,0,0
121000276,0,16,-16
121000278,16,7,9
121000279,0,0,0
121000280,2,9,-7
121000289,19,0,19
121000290,74,56,18
121000294,0,0,0
121000297,60,58,2
121000299,0,0,0
121000300,0,0,0
121000302,3,70,-67
121000303,16,9,7
121000304,184,166,18
121000305,43,69,-26
121000306,14,60,-46
121000308,0,0,0
121000309,0,0,0
121000310,0,0,0
121000311,0,0,0
121000312,47,24,23
121000313,0,0,0
121000314,0,0,0
121000315,0,0,0
121000530,261,197,64
121000531,475,238,237
121000532,1224,398,826
121000533,4002,1448,2554
121000918,0,0,0
121000919,0,0,0
121000938,0,0,0
121000939,13,52,-39
121000956,0,0,0
121000957,0,0,0
121000958,2,5,-3
121000959,16,5,11
121000960,48,33,15
121000961,145,1,144
121000962,1,25,-24
121000973,0,0,0
121000976,0,0,0
121000979,0,0,0
121000981,68,2,66
121000982,0,0,0
121000983,4,1,3
121000984,0,0,0
121000985,0,0,0
121000986,0,0,0
121000987,0,0,0
121000988,238,19,219
121001302,0,0,0
121001308,0,0,0
121001309,0,0,0
121001313,0,0,0
121001314,0,0,0
121001315,1279,105,1174
121900001,1,28,-27
121900002,0,0,0
121900003,0,0,0
121900004,0,0,0
121900005,0,0,0
121900006,0,0,0
121900007,0,0,0
121900008,0,0,0
121900009,0,0,0
121900010,0,0,0
121900011,0,0,0
121900012,0,0,0
121900013,0,0,0
121900014,0,0,0
121900015,0,0,0
121900016,0,0,0
121900017,0,0,0
121900018,0,0,0
121900019,0,0,0
121900020,0,0,0
121900021,0,0,0
121900022,0,0,0
121900023,0,0,0
121900024,0,0,0
121900025,0,0,0
121900026,0,0,0
121900027,0,0,0
121900028,0,0,0
121900029,0,0,0
121900030,0,0,0
121900031,0,0,0
121900032,0,0,0
121900033,0,0,0
121900034,0,0,0
121900035,0,0,0
121900036,0,0,0
121900037,0,0,0
121900038,0,0,0
121900039,0,0,0
121900040,0,0,0
121900041,0,0,0
121900042,0,0,0
121900043,0,0,0
121900044,0,0,0
121900046,0,0,0
121900047,0,0,0
121900048,0,0,0
121900050,0,0,0
121900051,0,0,0
121900052,0,0,0
121900053,0,0,0
121900054,0,0,0
121900055,0,0,0
121900058,0,0,0
121900059,0,0,0
121900060,0,0,0
121900061,0,0,0
121900062,0,0,0
121900063,0,0,0
121900064,0,0,0
121900066,0,0,0
121900067,0,0,0
121900069,0,0,0
121900070,0,0,0
121900071,0,0,0
121900072,0,0,0
121900073,0,0,0
121900074,0,0,0
121900075,0,0,0
121900076,0,0,0
121900077,0,0,0
121900078,0,0,0
121900079,0,0,0
121900080,0,0,0
121900082,0,0,0
121900084,0,0,0
121900085,0,0,0
121900086,0,0,0
121900087,0,0,0
121900088,0,0,0
121900089,0,0,0
121900090,0,0,0
121900091,0,0,0
121900092,0,0,0
121900093,0,0,0
121900094,0,0,0
121900095,0,0,0
121900096,0,0,0
121900097,0,0,0
121900098,0,0,0
121900099,0,0,0
121900100,0,0,0
121900101,0,0,0
121900102,0,0,0
121900103,0,0,0
121900104,0,0,0
121900105,0,0,0
121900106,0,0,0
121900107,0,0,0
121900108,0,0,0
121900109,0,0,0
121900110,0,0,0
121900111,0,0,0
121900112,0,0,0
121900113,0,0,0
121900114,0,0,0
121900117,0,0,0
121900118,0,0,0
121900119,0,0,0
121900120,0,0,0
121900121,0,0,0
121900122,0,0,0
121900123,0,0,0
121900124,0,0,0
121900125,0,0,0
121900127,0,0,0
121900128,0,0,0
121900129,0,0,0
121900130,0,0,0
121900131,0,0,0
121900132,0,0,0
121900133,0,0,0
121900134,0,0,0
121900135,0,0,0
121900136,0,0,0
121900137,0,0,0
121900138,0,0,0
121900139,0,0,0
121900140,0,0,0
121900141,0,0,0
121900142,0,0,0
121900143,0,0,0
121900144,0,0,0
121900145,0,0,0
121900146,0,0,0
121900147,0,0,0
121900148,0,0,0
121900149,0,0,0
121900150,0,0,0
121900151,0,0,0
121900152,0,0,0
121900153,0,0,0
121900154,0,0,0
121900155,0,0,0
121900156,0,0,0
121900157,0,0,0
121900158,0,0,0
121900159,0,0,0
121900160,0,0,0
121900161,0,0,0
121900162,0,0,0
121900163,0,0,0
121900164,0,0,0
121900165,0,0,0
121900166,0,0,0
121900167,0,0,0
121900168,0,0,0
121900169,0,0,0
121900170,0,0,0
121900171,0,0,0
121900172,0,0,0
121900173,0,0,0
121900174,0,0,0
121900175,0,0,0
121900176,0,0,0
121900177,0,0,0
121900178,0,0,0
121900179,0,0,0
121900180,0,0,0
121900182,0,0,0
121900183,0,0,0
121900184,0,0,0
121900186,0,0,0
121900187,0,0,0
121900188,0,0,0
121900189,0,0,0
121900190,0,0,0
121900191,0,0,0
121900192,0,0,0
121900193,0,0,0
121900194,0,0,0
121900195,0,0,0
121900196,0,0,0
121900197,0,0,0
121900198,0,0,0
121900199,0,0,0
121900200,0,0,0
121900201,0,0,0
121900202,0,0,0
121900203,0,0,0
121900204,0,0,0
121900205,0,0,0
121900206,0,0,0
121900207,0,0,0
121900208,0,0,0
121900209,0,0,0
121900210,0,0,0
121900211,0,0,0
121900212,0,0,0
121900213,0,0,0
121900214,0,0,0
121900215,0,0,0
121900216,0,0,0
121900217,0,0,0
121900218,0,0,0
121900220,0,0,0
121900221,0,0,0
121900222,0,0,0
121900223,0,0,0
121900224,0,0,0
121900225,0,0,0
121900226,0,0,0
121900227,0,0,0
121900228,0,0,0
121900230,0,0,0
121900231,0,0,0
121900232,0,0,0
121900233,0,0,0
121900234,0,0,0
121900235,0,0,0
121900236,0,0,0
121900237,0,0,0
121900238,0,0,0
121900239,0,0,0
121900240,0,0,0
121900241,0,0,0
121900242,0,0,0
121900243,0,0,0
121900244,0,0,0
121900245,0,0,0
121900246,0,0,0
121900247,0,0,0
121900248,0,0,0
121900250,0,0,0
121900251,0,0,0
121900252,0,0,0
121900253,0,0,0
121900254,0,0,0
121900255,0,0,0
121900258,0,0,0
121900259,0,0,0
121900260,0,0,0
121900261,0,0,0
121900262,0,0,0
121900263,0,0,0
121900264,0,0,0
121900265,0,0,0
121900266,0,0,0
121900267,0,0,0
121900269,0,0,0
121900270,0,0,0
121900271,0,0,0
121900273,0,0,0
121900274,0,0,0
121900277,0,0,0
121900278,0,0,0
121900279,0,0,0
121900280,0,0,0
121900281,0,0,0
121900284,0,0,0
121900286,0,0,0
121900287,0,0,0
121900290,0,0,0
121900291,0,0,0
121900292,0,0,0
121900293,0,0,0
121900294,0,0,0
121900295,0,0,0
121900296,0,0,0
121900298,0,0,0
121900299,0,0,0
121900300,0,0,0
121900301,0,0,0
121900302,0,0,0
121900303,0,0,0
121900304,0,0,0
121900305,0,0,0
121900306,0,0,0
121900307,0,0,0
121900308,0,0,0
121900309,0,0,0
121900310,0,0,0
121900311,0,0,0
121900312,0,0,0
121900313,0,0,0
121900314,0,0,0
121900315,0,0,0
121900316,0,0,0
121900317,0,0,0
121900318,0,0,0
121900319,0,0,0
121900320,0,0,0
121900321,0,0,0
121900322,0,0,0
121900323,0,0,0
121900324,0,0,0
121900325,0,0,0
121900326,0,0,0
121900327,0,0,0
121900328,0,0,0
121900329,0,0,0
121900330,0,0,0
121900331,0,0,0
121900332,0,0,0
121900333,0,0,0
122000001,141,81,60
122000002,85,51,34
122000003,90,129,-39
122000004,104,347,-243
122000005,584,757,-173
122000006,24,270,-246
122000007,79,299,-220
122000008,86,193,-107
122000009,28,42,-14
122000010,698,398,300
122000011,223,148,75
122000012,197,125,72
122000013,24,118,-94
122000014,10,100,-90
122000015,45,74,-29
122000016,4,124,-120
122000017,0,2,-2
122000018,0,0,0
122000019,11,48,-37
122000020,0,0,0
122000021,0,0,0
122000022,62,12,50
122000023,31,22,9
122000024,254,137,117
122000025,47,135,-88
122000026,466,293,173
122000027,0,0,0
122000028,61,29,32
122000029,50,7,43
122000030,0,0,0
122000031,0,3,-3
122000032,119,75,44
122000033,109,265,-156
122000034,0,0,0
122000035,0,0,0
122000036,0,0,0
122000037,0,4,-4
122000038,14,2,12
122000039,0,0,0
122000040,0,0,0
122000041,0,2,-2
122000042,0,0,0
122000043,1,2,-1
122000044,0,0,0
122000045,106,39,67
122000046,150,68,82
122000047,0,0,0
122000048,361,677,-316
122000049,437,229,208
122000050,50,22,28
122000051,2,3,-1
122000052,2,13,-11
122000053,18,441,-423
122000054,102,118,-16
122000055,247,604,-357
122000056,374,162,212
122000057,68,132,-64
122000058,70,44,26
122000059,111,59,52
122000060,0,0,0
122000061,0,0,0
122000062,148,16,132
122000063,1,5,-4
122000064,68,81,-13
122000065,155,223,-68
122000066,109,116,-7
122000067,166,498,-332
122000068,74,218,-144
122000069,51,40,11
122000070,397,92,305
122000071,36,67,-31
122000072,0,0,0
122000073,0,0,0
122000074,46,81,-35
122000075,54,58,-4
122000076,129,146,-17
122000077,0,0,0
122000078,390,240,150
122000079,0,47,-47
122000080,0,0,0
122000081,0,0,0
122000082,149,111,38
122000083,0,0,0
122000084,0,0,0
122000085,6,18,-12
122000086,37,260,-223
122000087,10,36,-26
122000088,0,0,0
122000089,151,324,-173
122000090,0,0,0
122000091,0,0,0
122000092,0,0,0
122000093,204,634,-430
122000094,419,403,16
122000095,26,89,-63
122000096,11,254,-243
122000098,346,485,-139
122000099,5,41,-36
122000100,43,3,40
122000101,1,2,-1
122000102,0,0,0
122000103,0,0,0
122000104,2,0,2
122000105,10,3,7
122000106,1,1,0
122000107,15,21,-6
122000108,0,0,0
122000109,4,5,-1
122000110,0,0,0
122000111,324,28,296
122000112,132,77,55
122000113,79,26,53
122000114,406,672,-266
122000115,544,345,199
122000116,7,80,-73
122000117,105,2,103
122000118,42,3,39
122000119,0,0,0
122000120,0,0,0
122000121,67,9,58
122000122,15,19,-4
122000123,144,91,53
122000124,15,63,-48
122000125,21,93,-72
122000126,9,44,-35
122000127,36,76,-40
122000128,2,2,0
122000129,84,12,72
122000130,196,108,88
122000131,12,22,-10
122000132,0,0,0
122000133,0,0,0
122000134,30,77,-47
122000135,8,27,-19
122000136,18,83,-65
122000137,25,27,-2
122000139,14,145,-131
122000140,0,2,-2
122000141,23,6,17
122000142,0,0,0
122000143,0,0,0
122000144,6,6,0
122000145,0,0,0
122000146,30,46,-16
122000147,18,70,-52
122000148,249,198,51
122000149,143,45,98
122000150,71,85,-14
122000151,0,0,0
122000152,0,0,0
122000153,51,34,17
122000154,90,12,78
122000155,197,98,99
122000156,407,434,-27
122000157,213,244,-31
122000158,0,0,0
122000159,70,4,66
122000160,134,52,82
122000161,61,17,44
122000162,200,54,146
122000163,0,0,0
122000164,0,0,0
122000165,0,40,-40
122000166,88,69,19
122000167,0,0,0
122000168,0,0,0
122000169,0,0,0
122000170,0,0,0
122000171,0,0,0
122000172,0,0,0
122000173,0,0,0
122000174,434,301,133
122000175,0,0,0
122000176,0,0,0
122000177,421,403,18
122000178,487,113,374
122000179,0,1,-1
122000180,251,405,-154
122000181,827,561,266
122000182,95,78,17
122000183,62,3,59
122000184,645,406,239
122000185,197,128,69
122000186,0,0,0
122000187,106,70,36
122000188,0,0,0
122000189,28,33,-5
122000190,262,64,198
122000191,44,11,33
122000192,0,0,0
122000193,0,0,0
122000194,0,0,0
122000195,0,0,0
122000196,0,0,0
122000197,14,12,2
122000198,0,0,0
122000199,31,73,-42
122000200,48,29,19
122000201,193,233,-40
122000202,142,169,-27
122000203,0,0,0
122000204,0,0,0
122000205,0,0,0
122000206,133,46,87
122000207,98,59,39
122000208,122,30,92
122000209,183,69,114
122000210,12,3,9
122000211,1,21,-20
122000212,42,97,-55
122000213,64,216,-152
122000214,202,222,-20
122000215,51,112,-61
122000217,5,7,-2
122000218,82,15,67
122000219,56,34,22
122000220,24,20,4
122000221,0,0,0
122000222,2,1,1
122000223,77,41,36
122000225,76,30,46
122000226,0,4,-4
122000227,0,7,-7
122000228,1,2,-1
122000229,0,0,0
122000230,0,10,-10
122000231,0,25,-25
122000232,0,9,-9
122000233,0,0,0
122000234,37,3,34
122000235,38,3,35
122000236,13,21,-8
122000237,0,0,0
122000238,4,9,-5
122000239,75,1,74
122000240,28,2,26
122000241,57,31,26
122000242,0,0,0
122000243,0,0,0
122000244,0,0,0
122000245,2,0,2
122000246,9,30,-21
122000247,6,1,5
122000248,26,10,16
122000249,83,92,-9
122000250,157,78,79
122000251,0,0,0
122000252,7,3,4
122000253,0,0,0
122000254,1,2,-1
122000255,0,0,0
122000256,7,56,-49
122000257,2,18,-16
122000258,29,37,-8
122000259,0,0,0
122000260,0,0,0
122000261,0,1,-1
122000262,0,0,0
122000263,0,0,0
122000264,208,21,187
122000265,133,12,121
122000266,263,3,260
122000267,0,0,0
122000268,0,0,0
122000269,0,0,0
122000270,0,0,0
122000271,0,0,0
122000272,0,0,0
122000273,0,0,0
122000274,0,0,0
122000275,0,0,0
122000276,39,69,-30
122000277,187,143,44
122000278,92,49,43
122000279,3,14,-11
122000280,14,14,0
122000281,3,9,-6
122000282,1,5,-4
122000283,0,0,0
122000284,0,0,0
122000285,0,0,0
122000286,0,0,0
122000287,529,77,452
122000288,43,6,37
122000291,928,79,849
122000293,0,0,0
122000294,64,21,43
122000295,157,1,156
122000296,1,132,-131
122000297,904,382,522
122000299,89,13,76
122000300,0,20,-20
122000301,69,72,-3
122000302,7,6,1
122000303,36,98,-62
122000304,0,0,0
122000305,360,69,291
122000306,1,30,-29
122000307,0,0,0
122000309,0,0,0
122000310,0,0,0
122000311,0,0,0
122000312,5,63,-58
122000313,24,77,-53
122000314,65,87,-22
122000315,0,0,0
122000316,41,9,32
122000317,43,12,31
122000318,25,49,-24
122000319,10,4,6
122000320,0,0,0
122000321,0,0,0
122000322,140,84,56
122000323,78,72,6
122000324,22,52,-30
122000325,85,187,-102
122000326,0,0,0
122000327,0,10,-10
122000328,0,0,0
122000330,97,138,-41
122000332,0,0,0
122000333,0,0,0
122000337,44,39,5
122000338,1,3,-2
122000340,0,1,-1
122000342,11,12,-1
122000343,2,10,-8
122000344,23,0,23
122000345,10,1,9
122000346,0,0,0
122000348,61,30,31
122000349,0,0,0
122000351,0,1,-1
122000352,0,0,0
122000353,0,0,0
122000355,0,0,0
122000356,35,27,8
122000357,0,12,-12
122000358,0,0,0
122000359,0,0,0
122000360,0,0,0
122000362,0,0,0
122000364,0,0,0
122000365,0,0,0
122000366,0,0,0
122000368,0,0,0
122000370,0,0,0
122000371,0,0,0
122000372,0,0,0
122000381,0,0,0
122000382,0,0,0
122000384,0,0,0
122000385,0,0,0
122000386,2,171,-169
122000387,0,0,0
122000388,6,63,-57
122000389,0,0,0
122000390,13,83,-70
122000391,0,0,0
122000392,0,0,0
122000393,0,0,0
122000394,0,0,0
122000395,0,0,0
122000396,0,0,0
122000397,0,0,0
122000398,5,64,-59
122000399,0,0,0
122000400,10,50,-40
122000401,0,0,0
122000402,35,6,29
122000403,0,0,0
122000404,140,27,113
122000408,240,274,-34
122000503,0,0,0
122000524,0,0,0
122000544,0,0,0
122000616,0,0,0
122000640,0,0,0
122000641,0,0,0
122000642,0,0,0
122000643,4,6,-2
122000644,0,0,0
122000645,0,0,0
122000651,11,23,-12
122000664,13,8,5
122000665,0,0,0
122000666,102,32,70
122000673,0,0,0
122000674,32,27,5
122000675,38,30,8
122000686,101,34,67
122000687,69,14,55
122000688,92,32,60
122000689,119,36,83
122000690,259,2,257
122000691,240,58,182
122000692,32,3,29
122000693,28,40,-12
122000695,0,0,0
122000696,69,23,46
122000698,0,0,0
122000699,5,8,-3
122000701,109,12,97
122000702,85,53,32
122000703,41,6,35
122000717,0,0,0
122000718,72,156,-84
122000719,1,13,-12
122000720,82,18,64
122000724,0,0,0
122900001,0,0,0
122900002,0,0,0
122900003,0,0,0
122900004,0,0,0
122900005,0,0,0
122900006,0,0,0
122900007,0,0,0
122900008,0,0,0
122900009,0,0,0
122900010,0,0,0
122900012,0,0,0
122900014,0,0,0
122900015,0,0,0
122900016,0,0,0
122900017,0,0,0
122900018,0,0,0
122900019,0,0,0
122900020,0,0,0
122900021,0,0,0
122900022,0,0,0
122900023,0,0,0
122900024,0,0,0
122900025,0,0,0
122900026,0,0,0
122900027,0,0,0
122900028,0,0,0
122900029,0,0,0
122900030,0,0,0
122900031,0,0,0
122900032,0,0,0
122900033,0,0,0
122900034,0,0,0
122900035,0,0,0
122900036,0,0,0
122900037,0,0,0
122900038,0,0,0
122900039,0,0,0
122900040,0,0,0
122900041,0,0,0
122900042,0,0,0
122900043,0,0,0
122900044,0,0,0
122900045,0,0,0
122900046,0,0,0
122900047,0,0,0
122900048,0,0,0
122900049,0,0,0
122900051,0,0,0
122900052,0,0,0
122900053,0,4,-4
122900055,0,0,0
122900057,0,0,0
122900061,0,0,0
122900062,0,0,0
122900063,0,0,0
122900064,0,0,0
122900065,0,0,0
122900066,0,0,0
122900067,0,0,0
122900068,0,0,0
122900069,0,0,0
122900070,0,0,0
122900071,0,0,0
122900072,0,0,0
122900073,0,0,0
122900074,0,0,0
122900075,0,0,0
122900076,0,0,0
122900077,0,0,0
122900078,0,0,0
122900080,0,0,0
122900081,0,0,0
122900082,0,0,0
122900083,0,0,0
122900084,0,0,0
122900086,0,0,0
122900087,0,0,0
122900088,0,0,0
122900089,0,0,0
122900090,0,0,0
122900091,0,0,0
122900092,0,0,0
122900093,0,0,0
122900094,0,0,0
122900095,0,0,0
122900096,0,0,0
122900097,0,0,0
122900098,0,0,0
122900099,0,0,0
122900100,0,0,0
122900101,0,0,0
122900102,0,0,0
122900103,0,0,0
122900104,0,0,0
122900105,0,0,0
122900106,0,0,0
122900107,0,0,0
122900108,0,0,0
123000001,159,17,142
123000002,293,1162,-869
123000003,818,365,453
123000004,165,516,-351
123000005,930,319,611
123000006,203,559,-356
123000007,799,421,378
123000008,40,141,-101
123000009,2350,1786,564
123000010,62,264,-202
123000011,765,649,116
123000012,19,211,-192
123000013,1089,274,815
123000014,6,197,-191
123000015,1328,406,922
123000016,19,225,-206
123000017,838,215,623
123000018,101,5,96
123000019,126,2,124
123000020,19,3,16
123000021,43,6,37
123000022,206,24,182
123000023,206,63,143
123000024,95,65,30
123000025,0,61,-61
123000026,0,0,0
123000027,0,0,0
123000028,43,94,-51
123000029,0,0,0
123000030,0,0,0
123000031,19,5,14
123000032,34,4,30
123000033,5,17,-12
123000034,292,65,227
123000035,71,66,5
123000036,18,421,-403
123000037,0,0,0
123000038,0,0,0
123000039,0,0,0
123000040,0,0,0
123000041,29,672,-643
123000042,0,0,0
123000043,212,274,-62
123000044,12,49,-37
123000045,0,0,0
123000046,0,0,0
123000047,0,0,0
123000048,4,92,-88
123000049,3336,1088,2248
123000050,193,188,5
123000051,0,0,0
123000052,153,328,-175
123000053,866,350,516
123000054,153,456,-303
123000055,711,766,-55
123000056,14,57,-43
123000057,53,124,-71
123000058,0,0,0
123000059,2,2,0
123000060,1,1,0
123000061,1,3,-2
123000063,37,32,5
123000064,1,2,-1
123000065,21,86,-65
123000066,2,14,-12
123000067,8,13,-5
123000068,45,178,-133
123000069,161,107,54
123000070,12,3,9
123000071,99,36,63
123000072,0,0,0
123000073,164,30,134
123000074,0,0,0
123000075,49,160,-111
123000076,0,0,0
123000077,39,0,39
123000078,250,113,137
123000079,405,116,289
123000080,19,0,19
123000081,0,0,0
123000082,0,0,0
123000083,8,2,6
123000084,0,0,0
123000085,0,0,0
123000086,0,0,0
123000087,0,0,0
123000088,4,1,3
123000089,369,143,226
123000090,0,0,0
123000091,175,46,129
123000092,0,0,0
123000094,5,1,4
123000095,49,46,3
123000096,142,16,126
123000097,1,1,0
123000098,104,18,86
123000099,0,0,0
123000100,0,0,0
123000101,61,32,29
123000102,92,51,41
123000104,0,0,0
123000105,0,0,0
123000106,0,0,0
123000107,0,0,0
123000108,0,0,0
123000111,29,8,21
123000112,30,3,27
123000113,0,0,0
123000114,4,35,-31
123000115,17,24,-7
123000116,0,0,0
123000117,4,6,-2
123000118,8,10,-2
123000119,1,15,-14
123000120,3,32,-29
123000121,0,0,0
123000122,0,0,0
123000123,0,0,0
123000124,0,0,0
123000125,76,64,12
123000126,215,310,-95
123000127,0,0,0
123000128,0,0,0
123000129,193,24,169
123000130,110,13,97
123000131,113,23,90
123000132,0,0,0
123000133,0,0,0
123000134,0,0,0
123000135,58,32,26
123000136,0,0,0
123000137,0,0,0
123000138,0,0,0
123000139,97,4,93
123000140,0,0,0
123000141,43,7,36
123000142,0,0,0
123000143,0,0,0
123000144,0,0,0
123000145,0,0,0
123000146,0,0,0
123000147,0,0,0
123000149,16,50,-34
123000150,26,21,5
123000151,36,47,-11
123000152,0,0,0
123000153,4,20,-16
123000154,48,70,-22
123000155,15,43,-28
123000156,0,0,0
123000157,14,12,2
123000158,60,65,-5
123000159,125,172,-47
123000160,43,84,-41
123000161,96,39,57
123000162,278,181,97
123000163,26,13,13
123000164,297,10,287
123000165,0,0,0
123000166,0,0,0
123000167,17,16,1
123000168,42,0,42
123000169,172,17,155
123000170,1,0,1
123000171,250,3,247
123000172,0,0,0
123000173,86,49,37
123000174,188,9,179
123000175,0,0,0
123000176,149,31,118
123000177,0,0,0
123000178,175,15,160
123000179,0,0,0
123000180,407,50,357
123000181,0,0,0
123000182,0,0,0
123000183,62,7,55
123000184,0,0,0
123000185,277,16,261
123000186,0,0,0
123000187,437,3,434
123000188,269,0,269
123000189,252,2,250
123000190,33,1,32
123000192,0,0,0
123000193,0,0,0
123000194,0,0,0
123000195,215,5,210
123000196,301,1,300
123000197,56,0,56
123000198,0,0,0
123000199,0,0,0
123000200,251,16,235
123000201,407,20,387
123000202,0,0,0
123000203,525,6,519
123000204,0,0,0
123000205,0,0,0
123000206,542,14,528
123000207,0,0,0
123000208,164,17,147
123000209,193,24,169
123000210,0,0,0
123000211,0,0,0
123000212,537,21,516
123000213,234,5,229
123000215,122,129,-7
123000216,16,166,-150
123000217,69,4,65
123000218,0,0,0
123000219,85,7,78
123000220,233,4,229
123000221,4,4,0
123000222,8,16,-8
123000223,64,11,53
123000224,37,37,0
123000225,28,6,22
123000226,50,17,33
123000227,2,9,-7
123000228,61,2,59
123000229,0,0,0
123000232,0,0,0
123000233,243,8,235
123000234,0,0,0
123000235,179,29,150
123000236,0,3,-3
123000237,42,12,30
123000238,0,0,0
123000239,0,0,0
123000240,0,0,0
123000241,19,7,12
123000242,0,0,0
123000243,6,77,-71
123000244,10,76,-66
123000245,0,0,0
123000249,0,0,0
123000252,232,114,118
123000253,334,132,202
123000254,13,6,7
123000255,63,85,-22
123000256,0,0,0
123000257,0,0,0
123000258,0,0,0
123000259,13,3,10
123000260,2,9,-7
123000261,0,0,0
123000262,0,0,0
123000263,48,4,44
123000264,6,5,1
123000265,0,0,0
123000266,9,3,6
123000267,17,119,-102
123000268,0,0,0
123000269,2,15,-13
123000270,5,1,4
123000271,0,0,0
123000272,276,75,201
123000273,110,416,-306
123000274,247,94,153
123000275,0,0,0
123000278,0,63,-63
123000279,3,8,-5
123000280,12,4,8
123000281,56,1,55
123000282,0,0,0
123000283,1,1,0
123000284,0,0,0
123000286,0,1,-1
123000287,7,30,-23
123000288,275,117,158
123000289,70,108,-38
123000291,0,0,0
123000294,0,0,0
123000295,340,242,98
123000296,126,216,-90
123000297,0,0,0
123000298,9,30,-21
123000299,13,132,-119
123000300,37,45,-8
123000301,0,0,0
123000302,159,26,133
123000303,3,52,-49
123000305,0,0,0
123000306,0,0,0
123000309,0,0,0
123000310,4,1,3
123000311,0,0,0
123000312,0,0,0
123000313,115,22,93
123000315,145,10,135
123000316,403,7,396
123000317,0,0,0
123000318,0,0,0
123000329,0,0,0
123000337,72,4,68
123000338,162,16,146
123000339,0,0,0
123000340,2,42,-40
123000342,0,0,0
123000343,3,0,3
123000344,36,1,35
123000345,0,0,0
123000346,127,19,108
123000352,0,0,0
123000353,0,0,0
123000354,412,0,412
123000355,0,0,0
123000356,124,3,121
123000357,0,0,0
123000359,0,0,0
123000360,93,48,45
123000361,0,0,0
123000362,120,5,115
123000363,28,2,26
123000364,5,20,-15
123000365,0,0,0
123000366,5,88,-83
123000367,0,32,-32
123000370,0,0,0
123000371,99,1,98
123000372,103,1,102
123000373,0,0,0
123000374,0,0,0
123000375,130,3,127
123000376,113,56,57
123000377,204,4,200
123000378,0,0,0
123000379,0,0,0
123000380,0,0,0
123000381,38,22,16
123000382,95,6,89
123000383,0,0,0
123000384,31,1,30
123000385,0,0,0
123000436,0,0,0
123000507,3,23,-20
123000508,289,625,-336
123000517,0,0,0
123000518,0,0,0
123000519,0,0,0
123000520,0,0,0
123000521,0,0,0
123000522,0,0,0
123000541,1,3,-2
123000542,0,0,0
123000565,20,0,20
123000566,23,0,23
123000567,44,0,44
123000573,0,0,0
123000574,99,5,94
123000575,241,11,230
123000576,103,4,99
123000577,0,0,0
123000578,50,24,26
123000579,624,233,391
123000580,13,0,13
123000582,114,1,113
123000583,0,0,0
123000584,62,53,9
123000585,0,0,0
123000586,28,0,28
123000596,0,0,0
123000597,16,6,10
123000602,19,1,18
123000603,256,3,253
123000604,38,1,37
123000605,810,439,371
123000606,0,0,0
123000609,0,0,0
123000610,144,59,85
123000613,0,0,0
123000614,64,7,57
123000615,0,0,0
123000616,71,0,71
123000617,0,0,0
123000618,0,0,0
123000619,13,4,9
123000620,0,0,0
123000622,107,21,86
123000624,102,6,96
123000630,404,29,375
123000631,46,19,27
123000632,0,0,0
123000633,0,344,-344
123000634,1,1,0
123000635,0,0,0
123000636,0,0,0
123000637,2,1,1
123000638,16,10,6
123000639,353,337,16
123000640,0,0,0
123900001,0,0,0
123900002,0,0,0
123900003,0,0,0
123900005,0,0,0
123900006,0,0,0
124000001,541,162,379
124000002,1,250,-249
124000003,301,46,255
124000004,0,23,-23
124000005,223,43,180
124000006,0,63,-63
124000007,69,17,52
124000008,0,0,0
124000009,197,43,154
124000010,0,0,0
124000011,233,53,180
124000012,0,0,0
124000017,142,107,35
124000018,0,0,0
124000019,180,23,157
124000020,0,0,0
124000021,249,14,235
124000022,0,0,0
124000023,378,63,315
124000024,0,0,0
124000025,412,51,361
124000026,0,0,0
124000027,1538,323,1215
124000028,111,588,-477
124000030,0,0,0
124000031,350,148,202
124000032,0,42,-42
124000033,65,2,63
124000034,1,32,-31
124000035,1,7,-6
124000036,0,4,-4
124000037,8,74,-66
124000038,1,1,0
124000039,44,3,41
124000040,86,69,17
124000041,105,3,102
124000042,2,23,-21
124000043,4,4,0
124000044,8,15,-7
124000045,62,6,56
124000046,0,0,0
124000047,251,17,234
124000048,0,0,0
124000049,321,5,316
124000050,0,0,0
124000051,275,7,268
124000052,0,0,0
124000053,80,55,25
124000054,0,0,0
124000055,391,79,312
124000056,0,0,0
124000057,199,63,136
124000058,0,0,0
124000059,126,110,16
124000060,0,0,0
124000061,78,166,-88
124000062,0,0,0
124000063,0,0,0
124000064,0,0,0
124000065,0,0,0
124000066,16,2,14
124000067,50,12,38
124000068,0,0,0
124000069,242,12,230
124000070,0,0,0
124000071,48,33,15
124000072,0,0,0
124000073,214,21,193
124000074,0,0,0
124000075,128,54,74
124000076,0,0,0
124000077,0,0,0
124000078,165,204,-39
124000079,0,0,0
124000080,230,52,178
124000081,0,0,0
124000082,15,182,-167
124000083,0,0,0
124000084,0,103,-103
124000085,0,0,0
124000086,0,0,0
124000087,0,0,0
124000088,21,39,-18
124000089,169,18,151
124000090,0,0,0
124000091,168,29,139
124000092,0,0,0
124000093,3,23,-20
124000094,0,0,0
124000095,40,0,40
124000096,0,0,0
124000097,46,2,44
124000098,0,0,0
124000099,2,5,-3
124000100,0,0,0
124000101,13,7,6
124000102,0,0,0
124000103,13,7,6
124000104,0,0,0
124000105,5,3,2
124000106,0,0,0
124000107,3,10,-7
124000108,0,0,0
124000109,30,4,26
124000110,0,0,0
124000111,173,7,166
124000112,0,0,0
124000113,18,34,-16
124000114,0,0,0
124000115,0,0,0
124000116,31,24,7
124000117,0,0,0
124000118,2,17,-15
124000119,0,0,0
124000120,56,22,34
124000121,124,28,96
124000122,0,1,-1
124000123,150,22,128
124000124,17,34,-17
124000125,99,16,83
124000126,8,49,-41
124000127,259,6,253
124000128,16,90,-74
124000129,123,59,64
124000130,79,38,41
124000131,58,75,-17
124000132,67,133,-66
124000133,302,42,260
124000134,0,0,0
124000135,373,65,308
124000136,0,0,0
124000137,139,40,99
124000138,0,0,0
124000139,36,3,33
124000140,0,0,0
124000141,0,0,0
124000142,0,0,0
124000143,0,0,0
124000144,0,0,0
124000145,25,6,19
124000146,0,0,0
124000148,7,12,-5
124000149,66,7,59
124000150,0,0,0
124000151,38,23,15
124000152,0,0,0
124000153,30,82,-52
124000154,0,0,0
124000155,130,94,36
124000156,0,0,0
124000169,22,15,7
124000170,0,0,0
124000171,41,50,-9
124000172,0,0,0
124000173,33,20,13
124000174,0,0,0
124000175,0,0,0
124000176,95,55,40
124000177,0,0,0
124000178,5,4,1
124000190,2,1,1
124000191,0,0,0
124000192,140,97,43
124000193,0,0,0
124000194,4,53,-49
124000195,102,11,91
124000196,0,0,0
124000197,0,0,0
124000198,1,12,-11
124000201,0,0,0
124000202,229,1,228
124000203,0,0,0
124000204,229,4,225
124000205,93,1,92
124000206,400,1,399
124000207,0,0,0
124000209,49,0,49
124000210,132,39,93
124000211,444,0,444
124000212,0,0,0
124000213,0,0,0
124000214,239,0,239
124000215,48,0,48
124000216,0,0,0
124000329,0,0,0
124000338,0,0,0
124000339,183,2,181
124000341,278,2,276
124000344,65,4,61
124000357,470,169,301
124000358,826,297,529
124000359,478,100,378
124000360,174,133,41
124000361,643,183,460
124000362,0,0,0
124000363,0,0,0
124000364,0,0,0
124000365,35,243,-208
124000366,8,158,-150
124000367,0,0,0
124000368,10,58,-48
124000369,3,55,-52
124000370,0,0,0
124000402,4,1,3
124000403,24,2,22
124000404,0,0,0
124000405,213,26,187
124000406,34,81,-47
124000407,0,0,0
124000411,0,0,0
124000412,46,1,45
124000413,0,0,0
124000414,25,16,9
124000415,0,0,0
124000416,0,0,0
124000417,14,16,-2
124000418,7,9,-2
124000419,0,0,0
124000420,52,4,48
124000421,0,0,0
124000422,0,0,0
124000423,0,0,0
124000424,0,0,0
124000425,2,0,2
124000426,0,0,0
124000427,2,0,2
124000428,0,0,0
124000429,29,0,29
124000430,4,0,4
124000431,6,7,-1
124000432,0,0,0
124000439,3,0,3
124000442,0,0,0
124000443,0,0,0
124000445,15,103,-88
124000446,0,0,0
124900001,0,0,0
124900002,0,0,0
124900003,0,0,0
124900004,0,0,0
124900005,0,0,0
124900006,0,0,0
124900008,0,0,0
124900009,0,0,0
124900010,0,0,0
124900011,0,0,0
124900012,0,0,0
124900013,0,0,0
124900014,0,0,0
124900015,0,0,0
124900016,0,0,0
124900017,0,0,0
124900018,0,0,0
124900020,0,0,0
124900021,0,0,0
124900022,0,0,0
124900024,0,0,0
124900026,0,0,0
124900027,0,0,0
124900028,0,0,0
124900029,0,0,0
124900030,0,0,0
124900031,0,0,0
124900032,0,0,0
124900033,0,0,0
124900034,0,0,0
124900035,0,0,0
124900036,0,0,0
124900037,0,0,0
124900038,0,0,0
124900039,0,0,0
124900040,0,0,0
124900041,0,0,0
124900042,0,0,0
124900043,0,0,0
124900044,0,0,0
124900045,0,0,0
124900046,0,0,0
124900047,0,0,0
124900048,0,0,0
124900050,0,0,0
124900052,0,0,0
124900053,0,0,0
124900054,0,0,0
124900055,0,0,0
124900057,0,0,0
124900060,0,0,0
124900061,0,0,0
124900062,0,0,0
124900066,0,0,0
124900067,0,0,0
124900068,0,0,0
124900070,0,0,0
124900072,0,0,0
124900074,0,0,0
124900075,0,0,0
124900076,0,0,0
124900077,0,0,0
124900078,0,0,0
124900079,0,0,0
124900080,0,0,0
124900081,0,0,0
124900082,0,0,0
124900083,0,0,0
124900084,0,0,0
124900085,0,0,0
124900086,0,0,0
124900087,0,0,0
124900088,0,0,0
124900089,0,0,0
124900090,0,0,0
124900091,0,0,0
124900092,0,0,0
124900093,0,0,0
124900094,0,0,0
124900095,0,0,0
124900096,0,0,0
124900097,0,0,0
124900098,0,0,0
124900099,0,0,0
124900100,0,0,0
124900101,0,0,0
124900102,0,0,0
124900103,0,0,0
124900104,0,0,0
124900105,0,0,0
124900106,0,0,0
124900107,0,0,0
124900108,0,0,0
124900109,0,0,0
124900110,0,0,0
124900111,0,0,0
124900112,0,0,0
124900113,0,0,0
124900114,0,0,0
124900115,0,0,0
124900116,0,0,0
124900117,0,0,0
124900118,0,0,0
124900119,0,0,0
124900120,0,0,0
124900121,0,0,0
124900122,0,0,0
124900123,0,0,0
124900124,0,0,0
129000186,0,0,0
204000001,3,2,1
204000002,3,3,0
204000003,7,8,-1
204000004,3,10,-7
204000005,475,342,133
204000006,1667,1221,446
204000011,0,0,0
204000012,0,0,0
204000013,0,0,0
204000019,683,369,314
204000020,131,86,45
204000021,236,84,152
204000022,648,313,335
204000023,0,0,0
204000031,4,21,-17
204000032,204,25,179
204000034,0,0,0
204000035,0,0,0
204000036,0,0,0
204000037,0,0,0
204000038,0,0,0
204000039,0,0,0
204000040,0,0,0
204000041,0,0,0
204000042,2,14,-12
204000043,2,1,1
204000044,2,0,2
204000045,4,0,4
204000046,1,0,1
204000057,0,0,0
204000062,0,0,0
204000068,0,0,0
204000069,0,0,0
204000070,305,205,100
204000080,0,0,0
204000085,0,0,0
204000086,0,0,0
204000087,0,0,0
204000088,0,0,0
204000090,0,0,0
204000093,365,6,359
204000096,413,265,148
204000097,162,3,159
204000099,874,511,363
204000100,970,410,560
204000105,0,0,0
204000110,0,0,0
204000111,0,0,0
204000112,0,0,0
204000113,0,0,0
204000114,114,249,-135
204000115,43,138,-95
204000116,98,72,26
204000119,1448,682,766
204000132,841,47,794
204000133,793,84,709
204000134,118,45,73
204000135,551,18,533
204000136,322,197,125
204000138,450,101,349
204000140,269,194,75
204000141,301,105,196
204000144,1,15,-14
204000145,65,1,64
204000146,0,0,0
204000147,0,0,0
204000148,253,9,244
204000154,0,13,-13
204000155,0,0,0
204000177,81,29,52
204000179,4,1,3
204000180,0,0,0
204000222,0,0,0
204000235,0,0,0
204000236,7,17,-10
204000238,12,5,7
204000240,26,0,26
204000263,0,0,0
204000268,713,266,447
204000308,34,3,31
204000317,0,0,0
204000322,0,0,0
204000323,7,2,5
204000328,130,25,105
204000329,0,0,0
204000330,106,9,97
204000331,0,0,0
204010341,5,3,2
205000001,0,0,0
205000013,0,0,0
205000014,0,0,0
205000015,0,0,0
205000016,0,0,0
205000017,0,0,0
205000022,0,0,0
205000025,0,0,0
205000029,50,21,29
205000045,0,0,0
205000046,0,0,0
205000047,0,0,0
205000048,0,0,0
205000049,0,0,0
205000050,0,0,0
205000059,0,0,0
205000060,0,0,0
205000061,0,0,0
205000062,0,0,0
205000063,0,0,0
205000064,0,0,0
205000065,0,0,0
205000066,0,0,0
205000067,0,0,0
205000069,0,0,0
205000082,136,52,84
205000110,0,0,0
205000111,0,0,0
205000112,136,111,25
205000113,0,0,0
205000121,190,89,101
205000123,0,0,0
205000126,1049,198,851
205000127,1198,87,1111
205000128,376,49,327
205000129,747,44,703
205000130,57,14,43
205000131,24,1,23
205000132,7,0,7
205000133,13,2,11
205000134,289,1,288
205000137,0,0,0
205000138,0,0,0
205000139,0,0,0
205000144,76,13,63
205000145,135,34,101
205000151,35,27,8
205000152,134,31,103
205000153,269,26,243
205000154,80,92,-12
205000155,181,8,173
205000207,0,0,0
205000233,26,0,26
205000234,0,0,0
205000243,0,7,-7
205000244,0,0,0
205000245,0,0,0
205000249,0,0,0
205000250,25,8,17
205000264,0,0,0
206000027,20,10,10
206000028,3,4,-1
206000043,0,0,0
206000053,0,0,0
206000054,0,0,0
206000055,0,0,0
206000075,0,0,0
206000076,0,0,0
206000077,0,0,0
206000078,0,0,0
206000079,0,0,0
206000082,174,7,167
206000100,0,0,0
206000103,0,0,0
206000104,0,0,0
206000105,0,0,0
206000106,0,0,0
206000108,340,103,237
206000125,142,0,142
206000157,0,0,0
206000170,0,0,0
206000171,0,0,0
206000172,0,0,0
206000173,0,0,0
206000174,0,0,0
206000175,0,0,0
206000176,0,0,0
206000177,0,0,0
206000178,0,0,0
206000179,0,0,0
206000180,0,0,0
206000181,0,0,0
206000182,0,0,0
206000183,0,0,0
206000184,0,0,0
206000185,0,0,0
206000186,0,0,0
206000223,0,0,0
206000226,0,1,-1
206000227,35,1,34
206000237,0,0,0
206000238,0,0,0
206000239,0,0,0
206000240,0,0,0
206000241,0,0,0
206000242,0,0,0
206000243,0,0,0
206000244,0,0,0
206000245,136,12,124
206000246,83,1,82
206000247,62,1,61
206000248,29,1,28
206000252,0,0,0
206000258,0,0,0
206000315,0,0,0
206000317,108,4,104
206000318,54,4,50
206000319,197,6,191
206000320,70,2,68
206000321,25,4,21
206000322,82,6,76
206000323,62,3,59
206000324,65,2,63
206000325,75,0,75
206000326,38,7,31
206000327,15,6,9
206000328,175,0,175
206000329,32,1,31
206000330,22,0,22
206000331,29,0,29
206000332,4,0,4
206000333,233,2,231
206000334,71,0,71
206000335,0,0,0
206000361,0,0,0
206000392,0,0,0
206000405,159,0,159
206000441,69,49,20
206000498,31,0,31
206000515,0,0,0
206000530,18,2,16
206000531,29,3,26
206000532,107,2,105
206000535,0,0,0
206000536,0,0,0
206000537,0,0,0
206000613,88,7,81
207000001,0,0,0
207000002,0,0,0
207000003,0,0,0
207000007,266,69,197
207000008,0,0,0
207000009,0,0,0
207000010,6,10,-4
207000012,116,100,16
207000015,4,35,-31
207000019,271,9,262
207000021,430,77,353
207000022,271,38,233
207000023,232,23,209
207000024,3,7,-4
207000025,4,23,-19
207000026,0,0,0
207000027,0,0,0
207000028,0,0,0
207000029,0,0,0
207000033,233,242,-9
207000034,66,57,9
207000039,258,41,217
207000040,243,20,223
207000041,63,18,45
207000042,324,55,269
207000043,207,96,111
207000051,0,0,0
207000052,0,0,0
207000053,0,0,0
207000054,0,0,0
207000055,0,0,0
207000056,0,0,0
207000057,0,0,0
207000058,0,0,0
207000059,0,0,0
207000060,0,0,0
207000061,41,338,-297
207000062,236,142,94
207000063,199,77,122
207000064,296,95,201
207000065,277,46,231
207000066,275,63,212
207000067,56,34,22
207000068,135,4,131
207000069,673,98,575
207000082,0,7,-7
207000083,2,10,-8
207000084,110,60,50
207000085,0,0,0
207000086,0,0,0
207000106,39,7,32
207000107,160,6,154
207000108,46,3,43
207000109,67,1,66
207000110,71,13,58
207000111,186,19,167
207000112,106,30,76
207000114,0,0,0
207000115,0,0,0
207000116,0,0,0
207000117,0,0,0
207000118,0,0,0
207000119,0,0,0
207000123,91,3,88
207000124,96,10,86
207000125,27,5,22
207000126,68,10,58
207000134,0,0,0
207000135,0,0,0
207000148,227,59,168
207000149,0,0,0
207000152,0,0,0
207000153,0,0,0
207000154,306,41,265
207000159,0,0,0
207000160,0,0,0
207000238,0,0,0
207000242,0,0,0
207000248,0,0,0
207000249,0,0,0
207000250,0,0,0
207000251,0,0,0
207000252,0,0,0
207000278,92,54,38
207000279,0,0,0
207000280,202,17,185
207000281,36,54,-18
207000282,3,7,-4
207000283,4,1,3
207000284,0,0,0
207000285,1,6,-5
207000291,0,0,0
207000304,36,22,14
207000306,0,0,0
207000310,135,95,40
207000353,44,0,44
207000356,0,0,0
207000357,0,40,-40
207000358,0,10,-10
207000415,0,0,0
207000417,50,0,50
207000418,17,40,-23
207000438,0,0,0
207000439,623,112,511
207000446,98,0,98
207000460,0,0,0
207000466,0,0,0
207000467,160,17,143
207000468,0,0,0
207000476,0,0,0
207000477,0,0,0
207000478,0,0,0
207000523,0,0,0
207000524,2,0,2
207000527,296,51,245
207000530,267,1,266
207000531,97,4,93
207000532,74,3,71
207000534,261,15,246
207000535,0,0,0
207000537,0,0,0
207000540,0,0,0
207000541,0,0,0
207000548,0,0,0
207000549,113,2,111
207000561,108,14,94
207000562,0,0,0
207000567,0,0,0
207000568,0,0,0
207000569,0,0,0
207000584,0,0,0
207000585,55,69,-14
207000616,0,0,0
207000617,119,0,119
207900008,0,0,0
208000001,125,173,-48
208000002,105,133,-28
208000003,223,114,109
208000004,188,193,-5
208000005,0,0,0
208000019,263,171,92
208000020,304,137,167
208000021,0,0,0
208000022,0,0,0
208000028,0,0,0
208000033,0,0,0
208000034,0,0,0
208000040,48,64,-16
208000041,296,112,184
208000042,309,85,224
208000047,0,0,0
208000064,823,484,339
208000066,363,341,22
208000070,59,35,24
208000071,158,57,101
208000072,124,103,21
208000080,84,104,-20
208000081,110,50,60
208000082,0,0,0
208000083,0,0,0
208000084,1,9,-8
208000085,0,0,0
208000086,0,0,0
208000087,0,0,0
208000089,0,0,0
208000090,0,0,0
208000093,0,0,0
208000094,0,0,0
208000095,2,0,2
208000104,600,122,478
208000105,552,126,426
208000114,196,171,25
208000115,245,138,107
208000116,224,291,-67
208000117,0,16,-16
208000118,46,19,27
208000155,0,0,0
208000158,0,0,0
208000186,540,380,160
208000204,0,0,0
208000205,0,0,0
208000282,0,0,0
209000004,23,19,4
209000005,9,4,5
209000006,166,17,149
209000007,0,0,0
209000010,0,0,0
209000011,0,0,0
209000012,0,0,0
209000013,0,0,0
209000014,0,0,0
209000025,90,23,67
209000026,246,27,219
209000027,0,0,0
209000028,0,0,0
209000029,0,0,0
209000030,0,0,0
209000031,0,0,0
209000034,0,0,0
209000035,0,0,0
209000036,0,0,0
209000037,0,0,0
209000038,0,0,0
209000039,0,0,0
209000040,0,0,0
209000041,0,0,0
209000042,0,0,0
209000043,0,0,0
209000044,0,0,0
209000045,229,24,205
209000046,149,29,120
209000047,317,15,302
209000048,397,49,348
209000049,0,0,0
209000050,0,0,0
209000051,0,0,0
209000052,0,0,0
209000062,0,0,0
209000063,0,0,0
209000064,0,0,0
209000065,8,1,7
209000066,4,4,0
209000067,45,1,44
209000080,0,0,0
209000082,1,4,-3
209000091,0,0,0
209000093,0,0,0
209000094,0,0,0
209000110,17,16,1
209000111,165,77,88
209000112,177,48,129
209000113,138,38,100
209000114,27,9,18
209000115,0,0,0
209000116,0,0,0
209000118,2,5,-3
209000119,0,0,0
209000121,0,0,0
209000135,7,15,-8
209000142,144,22,122
209000143,0,0,0
209000144,0,0,0
209000229,124,6,118
209000240,0,0,0
209000259,0,0,0
209000260,0,0,0
209000261,0,0,0
209000262,0,0,0
209000263,0,0,0
209000264,0,0,0
209000265,52,2,50
209000266,12,0,12
209000267,266,1,265
209000268,617,3,614
210000037,34,0,34
210000047,71,3,68
210000048,15,1,14
210000049,4,0,4
210000052,0,0,0
210000053,0,0,0
210000054,0,0,0
210000070,39,0,39
210000071,51,1,50
210000072,19,0,19
210000073,0,0,0
210000074,0,0,0
210000075,0,0,0
210000076,0,0,0
210000077,0,0,0
210000078,0,0,0
210000079,14,8,6
210000080,60,16,44
210000081,74,0,74
210000082,2,0,2
210000083,32,0,32
210000084,39,0,39
210000085,0,0,0
210000086,0,0,0
210000099,0,0,0
210000100,0,0,0
210000101,0,0,0
210000105,0,0,0
210000159,0,0,0
210000163,0,0,0
210000164,104,14,90
210000168,17,1,16
210000187,0,0,0
210000188,0,0,0
210000214,17,0,17
210000219,23,9,14
210000220,15,1,14
210000232,0,0,0
210000233,0,0,0
210000234,0,0,0
210000235,0,0,0
210000245,0,0,0
210000246,4,0,4
210000258,0,0,0
210000259,106,2,104
210000282,0,0,0
210000285,0,0,0
210000286,0,0,0
210000290,0,0,0
210000295,0,0,0
210000296,0,0,0
210000320,57,0,57
210000321,22,1,21
210000338,0,0,0
210000339,0,0,0
210000340,0,0,0
210000341,0,0,0
210000342,0,0,0
210000343,0,0,0
210000344,0,0,0
210000345,0,0,0
210000346,0,0,0
210000347,0,0,0
210000348,0,0,0
210000349,0,0,0
210000350,0,0,0
210000351,0,0,0
210000352,11,4,7
210000353,18,5,13
210000354,11,20,-9
210000355,1,8,-7
210000356,0,3,-3
210000357,27,18,9
210000358,11,6,5
210000359,44,24,20
210000360,133,22,111
210000361,91,46,45
210000362,80,49,31
210000363,225,84,141
210000364,106,54,52
210000365,92,14,78
210000366,91,7,84
210000367,81,1,80
210000368,61,1,60
210000369,8,13,-5
210000370,25,2,23
210000372,1,2,-1
210000373,0,0,0
210000374,99,1,98
210000375,3,2,1
210000376,21,28,-7
210000404,0,0,0
210000439,16,1,15
210000472,13,0,13
210000482,18,19,-1
210000564,293,41,252
210000567,0,0,0
210000568,21,0,21
211000092,0,0,0
211000094,0,0,0
211000169,0,0,0
211000172,0,0,0
211000209,0,0,0
211000226,13,2,11
211000270,0,0,0
211000275,0,0,0
211000276,0,0,0
211000279,0,0,0
211000281,0,0,0
211507980,0,0,0
211977296,0,0,0
212000003,98,15,83
212000004,0,0,0
212000005,0,0,0
212000006,0,0,0
212000008,0,0,0
212000009,0,0,0
212000012,0,0,0
212000013,0,0,0
212000014,0,0,0
212000015,0,0,0
212000016,0,0,0
212000027,405,44,361
212000028,227,183,44
212000029,216,200,16
212000030,26,34,-8
212000031,33,6,27
212000048,0,0,0
212000049,0,0,0
212000050,0,0,0
212000051,0,0,0
212000052,0,0,0
212000053,0,0,0
212000054,182,4,178
212000055,162,29,133
212000056,28,23,5
212000057,0,18,-18
212000058,11,10,1
212000070,0,0,0
212000077,0,0,0
212000099,92,18,74
212000108,156,23,133
212000111,48,5,43
212000120,0,0,0
212000138,0,0,0
212000156,0,0,0
212000158,0,31,-31
212000159,308,21,287
212000160,223,22,201
212000161,0,0,0
212000310,0,0,0
212000311,4,23,-19
212000374,0,0,0
213000001,0,0,0
213000005,194,15,179
213000006,191,36,155
213000007,7,1,6
213000009,276,51,225
213000010,280,18,262
213000011,132,9,123
213000012,0,0,0
213000014,13,52,-39
213000015,223,2,221
213000016,121,0,121
213000017,9,0,9
213000018,0,0,0
213000019,0,0,0
213000020,0,0,0
213000021,0,0,0
213000023,958,40,918
213000033,0,0,0
213000034,467,22,445
213000035,221,28,193
213000045,0,0,0
213000046,0,0,0
213000047,0,0,0
213000056,228,3,225
213000069,9,1,8
213000073,0,0,0
213000074,0,0,0
213000075,334,7,327
213000076,0,0,0
213000085,0,0,0
213000086,0,0,0
213000091,285,0,285
213000092,35,0,35
213000099,0,0,0
213000100,466,106,360
213000101,395,3,392
213000102,338,4,334
213000103,365,8,357
213000104,0,0,0
213000105,0,0,0
213000106,0,0,0
213000107,0,0,0
213000108,0,0,0
213000109,0,0,0
213000110,0,0,0
213000111,0,0,0
213000112,0,0,0
213000115,22,0,22
213000116,0,0,0
213000117,0,0,0
213000118,95,232,-137
213000119,0,0,0
213000120,0,0,0
213000122,0,0,0
213000123,0,0,0
213000124,0,0,0
213000125,134,109,25
213000126,0,0,0
213000127,0,0,0
213000128,0,0,0
213000129,306,106,200
213000130,400,72,328
213000132,248,39,209
213000133,367,91,276
213000134,357,4,353
213000136,179,1,178
213000137,515,14,501
213000139,72,0,72
213000147,5,0,5
213000148,0,0,0
213000149,1,0,1
213000150,0,0,0
213000151,0,0,0
213000152,0,0,0
213000153,0,0,0
213000154,0,0,0
213000155,0,0,0
213000156,0,0,0
213000157,0,0,0
213000158,0,0,0
213000159,574,40,534
213000163,318,136,182
213000165,516,85,431
213000171,0,0,0
213000172,0,0,0
213000173,0,0,0
213000174,0,0,0
213000175,0,0,0
213000176,288,55,233
213000177,158,2,156
213000178,403,4,399
213000179,100,4,96
213000180,240,3,237
213000184,0,0,0
213000188,100,3,97
213000189,168,21,147
213000190,189,14,175
213000191,146,1,145
213000192,86,0,86
213000193,0,0,0
213000194,0,0,0
213000195,0,0,0
213000196,0,0,0
213000197,458,62,396
213000198,0,0,0
213000200,0,0,0
213000201,0,0,0
213000202,0,0,0
213000203,934,122,812
213000204,706,20,686
213000205,410,6,404
213000206,540,19,521
213000207,9,11,-2
213000208,1,0,1
213000209,5,1,4
213000210,49,0,49
213000211,0,0,0
213000212,0,0,0
213000213,0,0,0
213000218,29,200,-171
213000219,258,31,227
213000220,224,30,194
213000223,17,45,-28
213000224,2,11,-9
213000225,31,0,31
213000226,68,1,67
213000227,579,30,549
213000228,287,14,273
213000229,11,1,10
213000230,94,0,94
213000232,0,0,0
213000233,0,0,0
213000234,0,0,0
213000293,0,0,0
213000294,33,0,33
213000295,0,0,0
213000296,15,5,10
213000297,0,0,0
213000298,0,0,0
213000299,11,1,10
213000300,0,7,-7
213000303,0,0,0
213000304,0,0,0
213000305,0,14,-14
213000306,0,0,0
213000307,5,10,-5
213000308,0,0,0
213000309,102,6,96
213000310,66,12,54
213000311,0,0,0
213000315,0,0,0
213000316,85,3,82
213000322,0,0,0
213000323,0,0,0
213000324,0,0,0
213000325,0,0,0
213000326,0,0,0
213000327,0,0,0
213000328,0,0,0
213000329,0,0,0
213000340,0,0,0
213000341,237,16,221
213000347,140,13,127
213000348,0,0,0
213000349,0,0,0
213000350,0,0,0
213000366,0,0,0
213000367,145,6,139
213000379,0,0,0
213000386,0,0,0
213000406,0,0,0
213000417,497,167,330
213000425,0,0,0
213000426,0,0,0
213000427,0,0,0
213000428,0,0,0
213000429,0,0,0
213000430,0,0,0
213000431,0,0,0
213000432,0,0,0
213000433,0,0,0
213000434,0,0,0
213000435,0,0,0
213000436,0,0,0
213000437,0,0,0
213000438,0,0,0
213000439,0,0,0
213000440,0,0,0
213000441,0,0,0
213000442,0,0,0
213000443,0,0,0
213000444,0,0,0
213000445,0,0,0
213000446,0,0,0
213000447,0,0,0
213000448,0,0,0
213000449,0,0,0
213000450,0,0,0
213000451,0,0,0
213000452,0,0,0
213000453,0,0,0
213000455,55,14,41
213000456,0,0,0
213000481,1,2,-1
213000484,4,0,4
213000489,67,3,64
213900002,0,0,0
213900003,38,0,38
213900013,0,0,0
213900015,0,0,0
213900016,79,1,78
213900020,0,0,0
213900030,0,0,0
213900032,34,1,33
213900033,29,5,24
213900034,306,3,303
213900035,0,0,0
213900036,0,0,0
213900037,0,0,0
213900038,626,112,514
213900039,0,0,0
213900041,0,0,0
213900042,4,26,-22
213900043,186,4,182
213900244,79,2,77
213900245,0,0,0
218000003,0,0,0
218000004,0,0,0
218000005,2,37,-35
218000006,0,0,0
218000007,0,0,0
218000012,0,0,0
218000013,25,56,-31
218000014,74,70,4
218000019,0,0,0
218000020,0,0,0
218000021,0,0,0
218000022,0,0,0
218000023,0,0,0
218000024,0,0,0
218000025,0,0,0
218000026,0,0,0
218000027,0,0,0
218000028,0,0,0
218000029,0,0,0
218000030,0,0,0
218000031,0,0,0
218000032,0,0,0
218000040,2,0,2
218000046,0,0,0
218000047,0,0,0
218000048,0,0,0
218000049,0,0,0
218000050,0,0,0
218000051,0,0,0
218000052,0,0,0
218000053,0,0,0
218000054,0,0,0
218000055,0,0,0
218000056,0,0,0
218000057,0,0,0
218000064,0,0,0
218000065,67,4,63
218000066,58,9,49
218000067,0,0,0
218000068,0,0,0
218000069,0,0,0
218000070,0,0,0
218000071,0,0,0
218000072,0,0,0
218000078,0,0,0
218000079,0,0,0
218000080,0,0,0
218000081,0,0,0
218000082,0,0,0
218000083,0,0,0
218000084,0,0,0
218000085,0,0,0
218000086,0,0,0
218000087,0,0,0
218000090,0,0,0
218000091,139,78,61
218000092,0,0,0
218000093,14,1,13
218000094,0,0,0
218000099,60,66,-6
218000100,37,43,-6
218000101,2,20,-18
218000102,130,14,116
218000103,28,5,23
218000104,20,1,19
218000105,0,0,0
218000106,0,0,0
218000107,0,0,0
218000108,0,0,0
218000112,0,0,0
218000117,64,13,51
218000134,0,0,0
218000135,0,0,0
218000136,0,0,0
218000137,0,0,0
218000138,0,0,0
218000139,0,0,0
218000140,0,0,0
218000141,0,0,0
218000142,0,0,0
218000143,0,0,0
218000144,0,0,0
218000145,0,0,0
218000146,0,0,0
218000151,4,22,-18
218000152,41,10,31
218000153,0,0,0
218000154,0,0,0
218000155,0,0,0
218000156,0,0,0
218000157,0,0,0
218000158,0,0,0
218000159,0,0,0
218000160,0,0,0
218000161,0,0,0
218000162,0,0,0
218000163,0,0,0
218000164,0,0,0
218000165,0,0,0
218000170,0,3,-3
218000171,55,8,47
218000172,1,7,-6
218000173,3,4,-1
218000174,16,2,14
218000176,199,16,183
218000177,467,45,422
218000178,127,52,75
218000179,488,40,448
218000180,77,4,73
218000181,223,23,200
218000187,0,0,0
218000188,0,0,0
218000189,0,0,0
218000190,0,0,0
218000191,0,0,0
218000192,0,0,0
218000193,0,0,0
218000194,0,0,0
218000195,0,0,0
218000196,0,0,0
218000197,0,1,-1
218000198,0,0,0
218000199,0,0,0
218000200,0,0,0
218000201,0,0,0
218000202,0,0,0
218000207,0,0,0
218000208,0,0,0
218000211,0,0,0
218000212,0,0,0
218000213,0,0,0
218000214,0,0,0
218000215,0,0,0
218000217,0,0,0
218000218,0,0,0
218000219,0,0,0
218000220,27,1,26
218000221,254,217,37
218000222,0,25,-25
218000223,44,239,-195
218000224,10,102,-92
218000225,202,53,149
218000226,133,24,109
218000230,0,0,0
218000232,0,0,0
218000239,23,1,22
218000240,0,0,0
218000241,1,0,1
218000242,0,0,0
218000243,0,0,0
218000244,1,0,1
218000245,0,0,0
218000246,0,0,0
218000247,0,0,0
218000248,0,0,0
218000249,0,0,0
218000250,0,0,0
218000251,0,0,0
218000252,0,0,0
218000253,0,0,0
218000254,0,0,0
218000255,0,0,0
218000256,0,0,0
218000267,0,0,0
218000268,0,0,0
218000269,0,0,0
218000270,0,0,0
218000271,0,0,0
218000273,48,14,34
218000274,32,11,21
218000275,0,0,0
218000276,0,0,0
218000278,0,0,0
218000279,0,0,0
218000280,0,0,0
218000281,0,0,0
218000282,51,12,39
218000284,104,84,20
218000301,0,0,0
218000302,0,0,0
218000303,0,0,0
218000316,10,45,-35
218000317,9,0,9
218000318,0,0,0
218000319,0,0,0
218000320,0,0,0
218000338,1,0,1
218000345,0,0,0
218000346,56,35,21
218000459,0,0,0
218000490,0,0,0
218000501,14,5,9
218000502,0,0,0
218000503,19,1,18
218000504,40,0,40
218000505,0,0,0
218000506,0,0,0
218000508,0,0,0
218000510,82,9,73
218000520,0,0,0
218000521,0,0,0
218000522,0,0,0
218000523,31,0,31
218000524,0,0,0
218000525,10,1,9
218000526,0,0,0
218000529,0,0,0
218000530,0,0,0
218000531,52,3,49
218000532,0,0,0
218000534,5,0,5
218000537,0,13,-13
218000538,0,0,0
218000540,0,0,0
218000543,0,0,0
218000544,0,0,0
218000545,0,0,0
218000546,0,0,0
218000547,0,0,0
218000548,0,0,0
218000549,302,2,300
218000550,0,0,0
218000551,0,0,0
218000552,80,2,78
218000553,0,0,0
218000554,0,0,0
218000555,0,1,-1
218000556,0,0,0
218000557,48,31,17
218000558,23,0,23
218000559,0,0,0
218000560,0,0,0
218000561,0,0,0
218000562,0,0,0
218000563,121,0,121
218000564,0,0,0
218000565,17,1,16
218000566,16,2,14
218000567,0,0,0
218000568,0,0,0
218000569,0,0,0
218000570,4,0,4
218000571,0,0,0
218000572,4,0,4
218000573,0,0,0
218000574,6,1,5
218000575,38,0,38
218000576,0,0,0
218000577,24,0,24
218000578,0,0,0
218000579,0,0,0
218000581,0,0,0
218000582,0,0,0
218000583,0,0,0
218000584,0,0,0
218000585,0,0,0
218000586,0,0,0
218000587,0,0,0
218000588,0,0,0
218000589,0,0,0
218000590,0,0,0
218000591,0,0,0
218000592,0,0,0
218000593,0,0,0
218000594,0,0,0
218000595,0,0,0
218000596,0,0,0
218000597,0,0,0
218000598,0,0,0
218000599,0,0,0
218000600,0,0,0
218000601,0,0,0
218000602,0,0,0
218000603,0,0,0
218000604,2,0,2
218000605,0,0,0
218000606,0,1,-1
218000607,0,0,0
218000608,0,0,0
218000609,0,0,0
218000610,0,0,0
218000611,0,0,0
218000612,0,0,0
218000613,0,0,0
218000614,0,0,0
218000615,0,0,0
218000616,0,0,0
218000617,0,0,0
218000618,0,0,0
218000619,2,7,-5
218000620,0,0,0
218000621,0,8,-8
218000622,0,0,0
218000623,1,0,1
218000624,0,0,0
218000625,0,0,0
218000626,0,0,0
218000628,34,30,4
218000631,0,0,0
218000632,0,0,0
218000633,1,0,1
218000634,0,0,0
218000635,0,2,-2
218000636,0,0,0
218000637,0,0,0
218000638,320,44,276
218000639,0,0,0
218000640,135,7,128
218000641,0,0,0
218000652,0,0,0
218000653,320,49,271
218000663,0,0,0
218000675,0,3,-3
218000676,0,0,0
218000677,0,0,0
218000680,0,0,0
218000681,49,4,45
218000691,0,0,0
218000693,155,27,128
218000703,0,0,0
218000718,0,0,0
218000719,38,15,23
218000720,0,0,0
218000721,2,1,1
218000725,0,0,0
218001214,0,0,0
218001329,31,21,10
218001330,0,0,0
218001351,1,1,0
218001352,0,0,0
218001353,0,0,0
218001354,0,0,0
219000001,0,0,0
219000002,0,0,0
219000003,33,6,27
219000004,22,29,-7
219000017,0,0,0
219000020,61,2,59
219000022,53,1,52
219000023,34,0,34
219000029,0,0,0
219000034,5,31,-26
219000039,0,0,0
219000040,0,0,0
219000041,0,0,0
219000051,0,0,0
219000052,0,0,0
219000053,0,0,0
219000054,0,0,0
219000055,0,0,0
219000056,0,0,0
219000057,0,0,0
219000062,0,0,0
219000063,0,0,0
219000064,0,0,0
219000110,40,5,35
219000111,71,0,71
219000112,86,1,85
219000113,34,4,30
219000114,63,0,63
219000116,1,0,1
219000117,2,0,2
219000118,12,5,7
219000123,64,0,64
219000124,7,0,7
219000125,0,0,0
219000126,0,0,0
219000127,0,0,0
219000128,0,0,0
219000129,0,0,0
219000130,0,0,0
219000131,193,209,-16
219000133,0,0,0
219000134,6,9,-3
219000135,2,5,-3
219000136,23,24,-1
219000138,0,0,0
219000139,0,0,0
219000140,10,0,10
219000141,0,0,0
219000142,0,0,0
219000143,0,0,0
219000145,19,2,17
219000146,0,0,0
219000147,0,0,0
219000148,0,0,0
219000149,0,0,0
219000150,0,0,0
219000151,0,0,0
219000157,39,8,31
219000158,0,6,-6
219000161,0,0,0
219000163,16,6,10
219000166,1,23,-22
219000167,0,0,0
219000168,41,5,36
219000174,22,2,20
219000175,0,0,0
219000176,0,0,0
219000177,0,0,0
219000178,0,0,0
219000179,0,0,0
219000180,0,0,0
219000182,48,11,37
219000183,50,3,47
219000184,5,2,3
219000185,0,0,0
219000186,19,0,19
219000187,23,0,23
219000189,0,0,0
219000190,0,0,0
219000191,0,0,0
219000192,24,14,10
219000193,0,0,0
219000195,0,0,0
219000196,0,0,0
219000198,0,0,0
219000199,0,0,0
219000200,0,0,0
219000201,0,0,0
219000203,0,0,0
219000204,0,0,0
219000205,0,0,0
219000207,0,0,0
219000209,0,0,0
219000210,0,0,0
219000213,0,0,0
219000239,0,0,0
219000240,0,0,0
219000241,0,0,0
219000242,0,0,0
219000243,0,0,0
219000244,0,0,0
219000245,0,0,0
219000246,5,20,-15
219000247,84,1,83
219000248,170,113,57
219000249,51,14,37
219000250,9,18,-9
219000251,116,72,44
219000252,123,67,56
219000253,79,6,73
219000255,3,26,-23
219000256,32,2,30
219000257,57,0,57
219000262,0,0,0
219000263,0,0,0
219000267,0,0,0
219000268,0,0,0
219000269,0,0,0
219000270,0,0,0
219000271,0,0,0
219000278,0,0,0
219000279,0,0,0
219000283,0,0,0
219000295,0,0,0
219000296,0,0,0
219000297,0,0,0
219000298,0,0,0
219000299,142,5,137
219000300,0,0,0
219000301,0,0,0
219000302,0,0,0
219000307,0,0,0
219000308,0,0,0
219000311,60,2,58
219000312,80,4,76
219000313,78,2,76
219000314,0,0,0
219000315,147,9,138
219000316,164,6,158
219000317,32,0,32
219000320,0,0,0
219000321,0,0,0
219000323,0,0,0
219000325,0,0,0
219000326,0,0,0
219000327,0,0,0
219000328,0,0,0
219000329,0,0,0
219000330,0,0,0
219000331,0,0,0
219000332,21,3,18
219000333,0,0,0
219000335,0,0,0
219000337,2,0,2
219000338,16,0,16
219000344,0,0,0
219000345,0,0,0
219000346,0,0,0
219000348,0,0,0
219000349,0,0,0
219000350,0,0,0
219000351,0,0,0
219000352,23,29,-6
219000353,6,11,-5
219000354,6,9,-3
219000355,27,17,10
219000356,55,57,-2
219000363,81,2,79
219000364,127,3,124
219000365,24,3,21
219000366,85,5,80
219000368,32,17,15
219000370,54,29,25
219000371,0,0,0
219000382,0,0,0
219000383,0,0,0
219000385,0,0,0
219000386,0,0,0
219000387,0,0,0
219000390,0,0,0
219000391,0,0,0
219000397,0,0,0
219000398,0,0,0
219000401,0,0,0
219000402,0,0,0
219000403,0,0,0
219000404,0,0,0
219000407,0,0,0
219000409,14,31,-17
219000410,91,6,85
219000411,36,3,33
219000446,0,0,0
219000447,0,0,0
219000448,15,1,14
219000452,0,0,0
219000453,0,0,0
219000454,10,12,-2
219000556,44,33,11
219000558,0,0,0
219000590,0,0,0
219000591,15,26,-11
219000592,0,0,0
219000595,0,0,0
219000635,64,0,64
219000636,0,0,0
219000657,2,2,0
219000658,0,0,0
219000673,0,0,0
219000676,0,0,0
219000679,3,0,3
219000684,0,0,0
219000685,0,0,0
219000686,0,0,0
219000688,0,0,0
219000689,0,0,0
219000690,270,9,261
219000691,0,0,0
219000692,40,2,38
219000693,0,0,0
219000694,0,0,0
219000695,0,0,0
219000698,24,0,24
219000699,0,0,0
219000727,0,0,0
219000728,0,0,0
219000770,4,0,4
219000771,0,0,0
219000788,0,0,0
219001150,0,0,0
219001151,0,0,0
219001166,5,0,5
219001167,0,0,0
220000001,0,4,-4
220000002,0,0,0
220000003,0,0,0
220000004,0,0,0
220000005,0,0,0
220000006,0,0,0
220000007,0,0,0
220000008,0,0,0
220000009,0,0,0
220000010,2,1,1
220000011,11,1,10
220000012,1,3,-2
220000014,0,0,0
220000015,0,0,0
220000017,0,0,0
220000018,0,0,0
220000019,0,0,0
220000020,8,1,7
220000021,0,0,0
220000022,0,0,0
220000023,0,0,0
220000024,3,1,2
220000025,8,14,-6
220000026,17,38,-21
220000027,0,10,-10
220000028,1,5,-4
220000029,0,0,0
220000030,0,0,0
220000031,24,31,-7
220000064,0,0,0
221000046,21,0,21
221000047,0,0,0
221000048,0,0,0
221000049,0,0,0
221000050,28,2,26
221000055,33,0,33
221000057,91,26,65
221000068,317,26,291
221000069,168,22,146
221000070,135,17,118
221000071,91,3,88
221000072,210,4,206
221000073,90,6,84
221000074,0,0,0
221000075,0,0,0
221000076,0,0,0
221000077,0,0,0
221000081,11,1,10
221000082,15,0,15
221000083,23,0,23
221000084,20,0,20
221000085,5,0,5
221000086,0,0,0
221000087,0,0,0
221000088,0,0,0
221000089,0,0,0
221000090,0,0,0
221000098,93,20,73
221000099,100,1,99
221000100,88,1,87
221000101,117,1,116
221000102,110,1,109
221000109,0,0,0
221000110,0,0,0
221000111,0,0,0
221000112,0,0,0
221000113,0,0,0
221000114,0,0,0
221000120,0,0,0
221000121,0,27,-27
221000122,3,13,-10
221000123,0,0,0
221000124,0,0,0
221000155,50,15,35
221000156,3,0,3
221000175,0,0,0
221000176,0,0,0
221000182,13,0,13
221000241,812,85,727
221000242,0,0,0
221000243,287,44,243
221000244,0,0,0
221000245,188,28,160
221000246,0,0,0
221000247,270,51,219
221000248,0,0,0
221000267,0,0,0
221000325,0,0,0
221000331,0,0,0
221000338,1,10,-9
221000378,139,11,128
221000381,0,0,0
222000282,0,0,0
222000296,0,0,0
222000568,89,3,86
222000569,71,22,49
222000570,47,9,38
222000571,192,7,185
222000577,0,0,0
222000578,0,0,0
222000579,0,0,0
222000580,0,0,0
222000599,0,0,0
222000600,0,0,0
222000601,0,0,0
222000603,0,0,0
222000604,0,0,0
222000605,0,0,0
222000606,0,0,0
222000607,0,0,0
222000608,0,0,0
222000609,0,0,0
222000616,81,1,80
222000617,0,0,0
222000618,0,0,0
222000620,0,1,-1
222000621,21,2,19
222000623,220,0,220
222000624,204,1,203
222000625,218,1,217
222000636,5,0,5
222000686,1,0,1
222000687,3,1,2
222001066,157,2,155
222001067,33,0,33
222001068,93,0,93
222001069,13,0,13
222001082,0,0,0
222001083,0,0,0
222001084,0,0,0
222001085,0,0,0
222001111,0,0,0
222001112,50,16,34
222001313,0,0,0
222001314,0,0,0
222001464,2,0,2
222001465,0,0,0
222001484,20,0,20
222001485,0,0,0
222001494,83,4,79
222001495,0,0,0
222001496,104,2,102
222001497,0,0,0
222001502,0,0,0
222001503,69,4,65
222001504,0,0,0
222001505,213,0,213
222001506,0,0,0
222001507,124,2,122
222001510,213,19,194
222001511,0,0,0
222001514,227,15,212
222001515,0,0,0
222001518,84,7,77
222001519,0,0,0
222001527,25,2,23
222001528,0,0,0
222001529,106,1,105
222001530,0,0,0
222001533,0,0,0
222001534,376,11,365
222001535,77,18,59
222001536,0,0,0
222001537,39,0,39
222001538,0,0,0
222001563,279,9,270
222001564,0,0,0
222001568,35,3,32
222001576,0,0,0
222001579,0,0,0
222001583,0,0,0
222001584,32,0,32
222001596,0,0,0
222001597,261,62,199
222001626,0,0,0
222001650,0,11,-11
222001651,34,11,23
222001914,26,1,25
222001915,0,0,0
222900004,52,15,37
222900009,0,0,0
222900019,22,0,22
222900024,1,0,1
222900025,0,0,0
225000001,118,19,99
225000002,230,33,197
225000003,103,8,95
225000004,172,32,140
225000005,58,6,52
225000006,0,0,0
225000007,0,0,0
225000010,19,0,19
225000011,57,154,-97
225000012,72,106,-34
225000013,52,23,29
225000014,46,16,30
225000015,0,0,0
225000021,166,9,157
225000027,0,0,0
225000032,165,49,116
225000042,0,0,0
225000049,0,0,0
225000050,21,0,21
225000053,0,0,0
225000058,96,29,67
225000067,0,0,0
225000068,0,0,0
225000069,0,0,0
225000070,0,0,0
225000071,0,0,0
225000075,0,0,0
225000076,0,0,0
225000078,1,16,-15
225000085,25,29,-4
225000086,6,1,5
225000087,59,3,56
225000088,0,0,0
225000089,0,0,0
225000090,0,0,0
225000091,0,0,0
225000092,0,0,0
225000093,0,0,0
225000094,0,0,0
225000095,0,0,0
225000096,0,0,0
225000098,324,80,244
225000099,221,18,203
225000100,76,23,53
225000104,0,0,0
225000110,0,0,0
225000111,0,0,0
225000112,0,0,0
225000113,0,0,0
225000114,0,0,0
225000115,0,0,0
225000116,155,36,119
225000117,381,60,321
225000118,361,65,296
225000119,46,7,39
225000120,161,1,160
225000121,115,4,111
225000123,591,10,581
225000125,148,53,95
225000126,220,39,181
225000127,396,117,279
225000128,308,158,150
225000132,0,0,0
225000133,0,0,0
225000134,73,73,0
225000135,9,0,9
225000136,26,1,25
225000137,34,1,33
225000138,243,0,243
225000143,0,0,0
225000144,0,0,0
225000145,54,36,18
225000146,0,0,0
225000147,0,0,0
225000148,0,0,0
225000149,0,0,0
225000151,0,0,0
225000155,0,0,0
225000156,0,0,0
225000157,0,0,0
225000158,0,0,0
225000171,0,0,0
225000180,6,1,5
225000181,0,0,0
225000182,17,1,16
225000185,0,0,0
225000187,0,0,0
225000191,22,0,22
225000194,0,0,0
225000208,0,0,0
225000209,47,5,42
225000210,0,0,0
225000217,0,0,0
225000218,29,0,29
225000223,0,0,0
225000224,3,0,3
225000225,0,0,0
225000226,215,16,199
225000227,0,0,0
225000228,2,2,0
225000229,0,0,0
225000230,0,0,0
225000231,0,0,0
225000232,51,0,51
225000241,113,1,112
225000242,0,0,0
225000249,30,0,30
225000250,0,0,0
225000251,0,0,0
225000254,0,0,0
225000256,0,0,0
225000257,0,0,0
226000042,0,0,0
226000043,0,0,0
226000044,0,0,0
226000045,0,0,0
226000046,79,24,55
226000047,74,12,62
226000048,142,9,133
226000049,74,67,7
226000070,0,0,0
226000071,0,0,0
226000072,0,0,0
226000073,0,0,0
226000074,0,0,0
226000084,0,0,0
226000085,0,0,0
226000086,0,0,0
226000087,0,0,0
226000088,0,0,0
226000090,0,19,-19
226000091,2,2,0
226000092,1,0,1
226000093,0,0,0
226000094,1,0,1
226000095,2,1,1
226000105,0,0,0
226000106,2,0,2
226000107,0,0,0
226000108,2,0,2
226000109,13,0,13
226000124,54,30,24
226000134,104,54,50
226000135,143,40,103
226000136,11,31,-20
226000137,0,0,0
226000138,0,0,0
226000139,0,0,0
226000156,54,0,54
226000157,119,0,119
226000163,0,0,0
226000202,0,0,0
226000231,133,0,133
226000232,3,0,3
227000033,80,4,76
227000036,159,0,159
227000037,78,0,78
227000038,40,0,40
227000084,0,0,0
227000085,0,0,0
227000088,6,0,6
227000089,3,0,3
227000090,2,0,2
227000091,1,1,0
227000092,7,0,7
227000093,2,0,2
227000094,0,0,0
227000130,0,0,0
227000131,0,0,0
227000132,0,0,0
227000133,0,0,0
227000134,0,0,0
227000152,0,0,0
227000153,0,0,0
227000154,0,0,0
227000155,0,0,0
227000156,0,0,0
227000165,0,0,0
227000196,86,1,85
227000199,114,2,112
227000230,0,0,0
227000232,58,2,56
227000242,0,0,0
227000243,157,5,152
227000245,0,0,0
227000246,0,0,0
227000247,162,0,162
227000248,8,3,5
227000249,0,0,0
227000250,4,96,-92
227000251,0,0,0
227000252,0,0,0
227000253,71,0,71
227000262,212,3,209
227000266,159,0,159
227000267,0,0,0
227000282,0,0,0
227000284,175,6,169
227000286,0,0,0
227000291,0,0,0
227000296,22,1,21
227000484,147,0,147
227000485,0,0,0
227000655,47,1,46
227000656,82,1,81
227000657,7,1,6
227000704,12,1,11
229000265,4,0,4
229000266,0,0,0
229000267,18,0,18
229000268,2,1,1
229000269,4,0,4
229000274,0,0,0
229000275,0,0,0
229000276,0,0,0
229000277,0,0,0
229000278,0,0,0
229000295,0,0,0
229000296,0,0,0
229000297,0,0,0
229000298,0,0,0
229000320,1,0,1
229000321,2,0,2
229000412,0,0,0
229000414,0,0,0
229000415,0,0,0
229000416,0,0,0
229000417,0,0,0
229000419,0,0,0
229000440,64,8,56
229000442,14,0,14
229000443,2,0,2
229000444,0,0,0
229000445,17,0,17
229000446,28,3,25
229000491,0,0,0
229000492,0,0,0
229000493,0,0,0
229000494,0,0,0
229000495,0,0,0
229000496,0,0,0
229000507,0,0,0
229000508,0,0,0
229000509,0,0,0
229000510,0,0,0
229000511,0,0,0
229000512,0,0,0
229000513,0,0,0
229000514,0,0,0
229000517,0,0,0
229000518,0,0,0
229000519,0,0,0
229000520,0,0,0
229000521,0,0,0
229000522,0,0,0
229000523,0,0,0
229000524,0,0,0
229000527,0,0,0
229000528,0,0,0
229000529,0,0,0
229000530,0,0,0
229000531,0,0,0
229000532,0,0,0
229000533,10,1,9
229000534,7,6,1
229000564,56,8,48
229000565,14,1,13
229000566,0,0,0
229000567,0,0,0
229000582,42,10,32
229000583,1,14,-13
229000584,0,0,0
229000585,0,0,0
229000718,0,0,0
229000719,0,0,0
229000720,0,0,0
229000721,0,0,0
229000722,0,0,0
229000723,0,0,0
229000724,0,0,0
229000725,0,0,0
229000738,3,0,3
229000739,0,0,0
229000740,0,0,0
229000741,44,0,44
229000742,51,1,50
229000743,23,0,23
229000744,1,0,1
229000745,0,0,0
229000746,27,0,27
229000847,0,0,0
229000848,0,0,0
229000849,0,0,0
229000851,0,0,0
229000854,0,0,0
229000856,0,0,0
229000857,0,0,0
229000858,0,0,0
229000919,0,0,0
229000930,0,0,0
229000937,87,1,86
229000966,28,0,28
229000981,0,0,0
229000985,0,0,0
229000986,0,0,0
229000987,0,0,0
229000988,0,0,0
229000989,0,2,-2
229000990,0,0,0
229000991,0,0,0
229000992,5,0,5
229000993,39,15,24
229000998,0,0,0
229000999,5,8,-3
229001034,0,0,0
229001035,0,0,0
229001036,0,0,0
229001037,12,13,-1
229001038,0,0,0
229001039,0,0,0
229001040,0,0,0
229001041,71,0,71
229001042,4,6,-2
229001047,0,0,0
229001050,19,2,17
229001168,0,0,0
229001200,6,0,6
229001338,0,0,0
229001394,130,0,130
229001422,57,5,52
229001423,0,0,0
229001431,42,9,33
229001432,0,0,0
229001444,80,1,79
229001445,0,0,0
229001479,0,0,0
229001503,83,3,80
229001504,0,0,0
229001505,106,2,104
229001506,0,0,0
229001509,11,5,6
229001510,0,0,0
229001545,44,0,44
229001546,0,0,0
229001553,41,1,40
229001554,0,0,0
229001630,28,0,28
229001631,0,0,0
229001635,0,0,0
229001636,0,0,0
229001658,0,0,0
229001659,65,0,65
229001660,1,0,1
229001661,0,0,0
229001662,12,0,12
229001663,0,1,-1
229002584,41,18,23
229002831,0,0,0
229002841,0,0,0
229002842,1,3,-2
229002843,4,0,4
229002844,0,0,0
229002845,0,0,0
229002846,0,1,-1
229002847,0,0,0
229002848,0,1,-1
229002849,0,0,0
229002850,20,0,20
229002851,0,0,0
229002852,18,1,17
229002853,14,1,13
229002854,0,0,0
229002855,0,0,0
229002856,1,2,-1
229002857,0,0,0
229002858,0,0,0
229002859,0,0,0
229002860,4,0,4
229002861,3,16,-13
229002862,0,0,0
229002863,0,0,0
229002864,5,2,3
229002865,0,0,0
229002866,3,1,2
229002867,0,0,0
229002868,10,0,10
229002869,0,0,0
229002870,3,1,2
235000066,265,1,264
235000067,116,4,112
235000072,0,0,0
235000073,0,0,0
235000074,0,0,0
235000080,0,0,0
235000081,0,0,0
235000082,146,2,144
235000083,117,8,109
235000084,30,3,27
235000085,326,7,319
235000089,34,2,32
235000092,0,0,0
235000093,0,0,0
235000097,2,0,2
235000098,136,1,135
235000099,27,4,23
235000116,2,0,2
235000117,81,0,81
235000133,0,0,0
235000134,0,0,0
235000206,0,0,0
235000207,1,4,-3
235000208,0,3,-3
235000209,0,1,-1
235000210,1,0,1
235000212,0,0,0
235000213,0,0,0
235000220,0,0,0
235000221,0,0,0
235000238,21,158,-137
235000239,0,1,-1
235000242,41,409,-368
235000245,0,0,0
235000246,0,0,0
235000284,0,0,0
235000295,20,0,20
235000305,111,27,84
235000306,71,0,71
235000307,28,0,28
235000308,0,0,0
235000309,5,1,4
235000310,1,0,1
235000311,15,0,15
235000322,0,0,0
235000323,0,0,0
235000324,0,0,0
235000325,0,0,0
235000326,0,0,0
235000351,0,0,0
235000352,0,0,0
235000353,0,0,0
235000354,0,0,0
235000355,0,0,0
235000356,2,0,2
235000357,15,0,15
235000358,6,13,-7
235000359,1,1,0
235000360,2,0,2
235000361,4,0,4
235000381,0,0,0
235000382,47,3,44
235000390,1,1,0
235000391,203,1,202
235000392,195,42,153
235000393,141,18,123
235000395,118,10,108
235000396,338,7,331
235000400,29,4,25
235000401,0,0,0
235000405,0,0,0
235000406,0,0,0
235000407,0,0,0
235000409,0,0,0
235000410,0,0,0
235000411,0,0,0
235000485,0,0,0
235000486,46,0,46
235000549,57,8,49
235000550,0,0,0
235000599,0,0,0
235000600,0,0,0
235000601,1,0,1
235000602,48,5,43
235000614,0,0,0
235000648,0,0,0
235000649,72,0,72
235000685,0,0,0
235000815,0,0,0
235000834,0,0,0
235000855,45,16,29
235000862,0,0,0
235000891,0,0,0
235000892,1,0,1
235000901,0,0,0
235000907,0,0,0
235001010,44,5,39
235001029,0,0,0
235001030,273,7,266
235001078,68,14,54
235001079,0,0,0
235001147,1,6,-5
235001166,11,2,9
235001167,0,0,0
235001169,0,0,0
235001188,0,0,0
235001189,0,0,0
235001197,0,0,0
235001200,0,0,0
235001207,40,1,39
235001208,5,0,5
235001209,0,0,0
235001210,0,0,0
235001215,0,0,0
235001239,0,0,0
235001244,0,0,0
235016267,0,0,0
241900007,83,0,83
277101746,0,0,0
277102712,0,0,0
277103813,0,0,0
277103898,0,0,0
277104249,0,0,0
277104250,0,0,0
277104251,0,0,0
277104252,0,0,0
990011530,0,0,0
990014944,0,2,-2
990015176,9,0,9
990015618,0,0,0
990016032,0,0,0
990032570,0,1,-1
990070001,26,1,25
990070103,0,0,0
990070601,0,0,0
990070751,0,0,0
990070766,0,0,0
990071180,450,7,443
990071343,9,1,8
990071387,0,0,0
990071823,50,2,48
990072600,0,0,0
990072964,0,0,0
990073285,0,0,0
990074393,0,0,0
990074870,435,5,430
990075106,178,0,178
990075746,194,1,193
990076437,1365,28,1337
990076458,0,0,0
997000007,124,1,123
997000041,0,0,0
997000058,46,0,46
997000062,66,2,64
997000069,0,0,0
997000070,0,0,0
997000100,2,0,2
997000141,0,0,0
997000198,0,0,0
998000475,0,0,0
998000736,0,0,0
998000965,0,0,0
998001031,0,0,0
998001700,0,0,0
998001899,0,0,0
998001900,16,137,-121
998003073,530,26,504
998101900,3,55,-52
998102850,0,0,0
998501927,211,1,210
998501929,486,6,480
998501930,55,0,55
998501931,151,1,150
998501932,0,0,0
998501933,376,2,374
998501937,10,7,3
998501944,4,0,4
998501950,0,0,0
998501970,22,1,21
998501971,2,184,-182
998501973,0,0,0
998501974,0,0,0
998501975,39,0,39
998501976,38,1,37
998501977,0,1,-1
998501978,8,0,8
998501979,0,0,0
998501980,47,0,47
998501981,172,2,170
998501982,0,0,0
998501983,0,0,0
998502006,0,0,0
998502024,0,0,0
998502032,0,2,-2
998502062,3,0,3
998502063,0,0,0
998502173,0,0,0
998502269,0,0,0
998601159,0,0,0
998601292,0,0,0
999033574,0,0,0
999800001,18,0,18
999800002,0,0,0
999800003,9,0,9
999800004,0,0,0
999800005,0,0,0
