ID,insum,outsum,diff
100000001,679,1315,-636
100000002,6322,1441,4881
100000003,10137,5225,4912
100000004,2008,1687,321
100000005,3101,6433,-3332
100000006,1017,197,820
100000007,3694,1034,2660
100000008,285,728,-443
100000009,1037,995,42
100000010,167,127,40
100000011,1337,141,1196
100000012,166,863,-697
100000013,302,304,-2
100000014,507,360,147
100000015,2590,3595,-1005
100000016,1320,1948,-628
100000017,1005,1314,-309
100000018,2353,878,1475
100000019,7076,3133,3943
100000020,3119,11174,-8055
100000021,7814,3308,4506
100000022,3245,2696,549
100000023,7942,2227,5715
100000025,3501,1649,1852
100000028,3159,1516,1643
100000029,421,401,20
100000030,519,196,323
100000031,7954,11426,-3472
100000032,3859,7197,-3338
100000033,1410,4318,-2908
100000034,940,817,123
100000035,3018,1599,1419
100000036,3760,1916,1844
100000037,863,677,186
100000038,2913,1641,1272
100000039,1711,378,1333
100000040,367,311,56
100000041,1942,753,1189
100000042,2866,662,2204
100000043,1877,557,1320
100000044,581,834,-253
100000045,903,1878,-975
100000046,1564,1658,-94
100000047,574,978,-404
100000048,1739,955,784
100000049,2771,3179,-408
100000051,798,1424,-626
100000053,211,11,200
100000054,681,65,616
100000055,1920,315,1605
100000056,856,863,-7
100000057,2982,1202,1780
100000058,1610,1677,-67
100000059,37,150,-113
100000060,557,626,-69
100000061,3226,807,2419
100000062,3216,885,2331
100000063,1047,493,554
100000064,1974,605,1369
100000065,777,1460,-683
100000066,437,1085,-648
100000067,867,1134,-267
100000068,887,2469,-1582
100000069,642,2259,-1617
100000072,590,1549,-959
100000073,1873,1855,18
100000075,981,401,580
100000076,6452,3858,2594
100000077,565,343,222
100000078,99,94,5
100000079,96,98,-2
100000080,54,58,-4
100000081,201,167,34
100000102,5113,2522,2591
100000103,7995,1583,6412
100000104,7575,3481,4094
100000105,4680,1953,2727
100000106,3971,3746,225
100000107,1456,1359,97
100000108,1721,1325,396
100000109,6029,1692,4337
100000116,2357,1395,962
100000117,174,84,90
100000118,3108,1476,1632
100000119,946,850,96
100000121,480,586,-106
100000122,2338,1438,900
100000123,4937,7404,-2467
100000124,8368,11840,-3472
100000125,5406,1871,3535
100000126,1475,540,935
100000127,2908,557,2351
100000128,2460,2422,38
100000129,704,593,111
100000130,545,817,-272
100000131,4410,5325,-915
100000132,2172,4306,-2134
100000133,9830,4241,5589
100000135,723,1339,-616
100000139,802,321,481
100000140,807,385,422
100000142,621,704,-83
100000143,2339,1032,1307
100000144,5526,1289,4237
100000147,1666,3749,-2083
100000150,83,568,-485
100000151,1574,1237,337
100000153,607,690,-83
100000154,287,272,15
100000155,62,75,-13
100000156,512,213,299
100000157,101,117,-16
100000158,260,58,202
100000159,644,737,-93
100000165,2402,1064,1338
100000169,723,628,95
100000174,1621,794,827
100000179,131,795,-664
100000180,7767,2848,4919
100000181,664,365,299
100000188,104,422,-318
100000189,2615,603,2012
100000190,1421,749,672
100000191,1271,681,590
100000192,90,229,-139
100000193,308,242,66
100000330,2230,1627,603
100000355,441,936,-495
100000362,7393,4921,2472
100000363,5510,6507,-997
100000364,443,192,251
100000365,6508,7367,-859
100000366,8698,3531,5167
100000367,6852,6175,677
100000368,3504,2292,1212
100000369,2425,3154,-729
100000370,402,806,-404
100000376,216,156,60
100000379,5897,2254,3643
100000380,10187,5042,5145
100000384,9265,8511,754
100000385,7922,7720,202
100000386,12823,8003,4820
100000387,9576,8559,1017
100000388,11223,10169,1054
100000389,11819,10747,1072
100000390,12617,7582,5035
100000391,9722,11090,-1368
100000392,5758,4093,1665
100000393,3988,5643,-1655
100000394,13180,9267,3913
100000395,8342,3815,4527
100000396,12157,3873,8284
100000397,8326,5011,3315
100000398,16482,10399,6083
100900002,7,83,-76
100900003,614,209,405
100900004,46,1317,-1271
100900005,249,34,215
100900006,39,193,-154
100900007,904,20,884
100900008,3,468,-465
100900009,79,189,-110
100900010,308,170,138
100900011,219,422,-203
100900012,4,271,-267
100900013,1692,9,1683
100900014,10,39,-29
100900015,158,146,12
100900016,17,58,-41
100900017,1350,91,1259
100900018,0,49,-49
100900019,59,466,-407
100900020,597,21,576
100900021,722,7,715
100900022,22,54,-32
100900023,9,120,-111
100900024,1685,7,1678
100900025,30,24,6
100900026,160,206,-46
100900027,1024,4836,-3812
100900028,173,323,-150
100900029,106,27,79
100900030,2,54,-52
100900031,914,65,849
100900032,287,0,287
100900033,349,328,21
100900034,792,3,789
100900035,1273,1,1272
100900036,18,3,15
100900037,105,382,-277
100900038,244,42,202
100900039,505,829,-324
100900040,606,1014,-408
100900041,893,982,-89
100900042,1708,500,1208
100900043,0,34,-34
100900044,3775,854,2921
100900045,111,3,108
100900046,2130,20,2110
100900047,1180,306,874
100900048,293,74,219
100900049,95,273,-178
100900050,4,37,-33
100900051,87,118,-31
100900052,779,64,715
100900053,483,36,447
100900054,26,144,-118
100900055,546,920,-374
100900056,282,454,-172
100900057,850,1749,-899
100900058,455,94,361
100900059,329,5,324
100900060,239,12,227
100900061,551,509,42
100900062,6,73,-67
100900063,333,935,-602
100900064,1314,31,1283
100900065,228,158,70
100900066,97,243,-146
100900067,5,11,-6
100900068,333,132,201
100900069,1873,18,1855
100900070,487,4,483
100900071,990,419,571
100900072,6,56,-50
100900073,225,627,-402
100900074,9,22,-13
100900075,2757,587,2170
100900076,66,53,13
100900077,59,148,-89
100900078,152,780,-628
100900079,21,43,-22
100900080,72,251,-179
100900081,130,376,-246
100900082,139,810,-671
100900083,13,72,-59
100900085,25,163,-138
100900086,439,2218,-1779
100900088,104,876,-772
100900089,2,39,-37
100900090,205,916,-711
100900091,8,33,-25
100900092,647,441,206
100900093,325,719,-394
100900094,121,794,-673
100900095,4,38,-34
100900096,71,150,-79
100900097,0,10,-10
100900098,24,41,-17
100900099,59,757,-698
100900100,13,590,-577
100900101,577,82,495
100900102,172,120,52
100900103,17,16,1
100900104,11,301,-290
100900105,36,405,-369
100900106,86,5,81
100900107,2737,1144,1593
100900108,12,30,-18
100900109,48,55,-7
100900110,1,23,-22
100900111,61,269,-208
100900112,0,7,-7
100900113,24,29,-5
100900114,30,38,-8
100900115,8,89,-81
100900116,1186,1729,-543
100900117,366,1223,-857
100900118,95,108,-13
100900119,27,27,0
100900120,10,23,-13
100900121,368,1217,-849
100900122,217,306,-89
100900123,124,249,-125
100900124,6,10,-4
100900125,25,136,-111
100900126,175,406,-231
100900127,1,14,-13
100900128,175,285,-110
100900129,2,220,-218
100900131,124,416,-292
100900133,109,89,20
100900134,4,5,-1
100900135,3,241,-238
100900137,465,266,199
100900138,789,711,78
100900139,35,15,20
100900140,14,844,-830
100900141,6,644,-638
100900142,0,25,-25
100900143,1342,626,716
100900144,27,17,10
100900145,167,213,-46
100900146,21,116,-95
100900147,24,469,-445
100900148,47,1086,-1039
100900149,37,205,-168
100900150,5,97,-92
100900151,186,737,-551
100900152,245,18,227
100900153,4,299,-295
100900154,29,60,-31
100900155,26,16,10
100900156,42,9,33
100900157,9,255,-246
100900159,5,29,-24
100900160,22,30,-8
100900161,150,14,136
100900162,23,379,-356
100900163,301,323,-22
100900164,65,75,-10
100900165,21,124,-103
100900166,79,23,56
100900167,23,136,-113
100900168,74,219,-145
100900169,188,1460,-1272
100900170,34,11,23
100900171,43,902,-859
100900172,0,8,-8
100900173,16,670,-654
100900174,1357,99,1258
100900176,1984,387,1597
100900177,1092,560,532
100900178,1136,234,902
100900179,296,239,57
100900180,6,9,-3
100900181,112,154,-42
100900182,71,53,18
100900184,10,255,-245
100900186,1103,904,199
100900187,26,154,-128
100900188,57,31,26
100900189,1779,318,1461
100900191,2289,1713,576
100900192,421,377,44
100900195,190,257,-67
100900197,5,45,-40
100900198,34,333,-299
100900199,3,5,-2
100900200,909,602,307
100900201,136,1280,-1144
100900202,68,2,66
100900203,0,81,-81
100900204,1613,1037,576
100900205,299,734,-435
100900206,202,146,56
100900207,315,179,136
100900210,99,902,-803
100900211,699,312,387
100900213,104,75,29
100900214,1106,257,849
100900215,36,70,-34
100900217,228,120,108
101000001,6446,3495,2951
101000002,6996,8653,-1657
101000003,1131,3209,-2078
101000004,13258,12051,1207
101000005,6380,6946,-566
101000006,10773,11191,-418
101000007,3825,4914,-1089
101000008,7004,4172,2832
101000009,2966,2319,647
101000010,1495,1934,-439
101000011,2952,1005,1947
101000012,2721,1181,1540
101000013,814,1708,-894
101000014,891,1054,-163
101000015,1396,1090,306
101000016,910,763,147
101000017,990,740,250
101000018,5921,4115,1806
101000020,5816,1868,3948
101000021,2505,500,2005
101000022,613,117,496
101000023,3069,1164,1905
101000025,326,675,-349
101000026,639,30,609
101000027,3463,2619,844
101000028,1799,309,1490
101000029,460,1523,-1063
101000030,2883,160,2723
101000031,1416,788,628
101000032,15724,4299,11425
101000033,4545,4833,-288
101000034,5015,2113,2902
101000035,1565,838,727
101000036,2596,1031,1565
101000037,5669,2032,3637
101000039,4638,4020,618
101000040,5029,5466,-437
101000041,19095,10808,8287
101000042,1432,1917,-485
101000043,14012,10684,3328
101000045,3123,1174,1949
101000046,6597,1256,5341
101000047,4722,3082,1640
101000048,1630,1370,260
101000049,1507,2502,-995
101000050,4784,4329,455
101000051,3657,3403,254
101000052,2404,1305,1099
101000053,1759,2693,-934
101000054,2982,2022,960
101000055,2093,2210,-117
101000056,78,199,-121
101000057,3484,1465,2019
101000058,2229,1954,275
101000059,5044,2525,2519
101000060,2488,764,1724
101000061,1227,2064,-837
101000062,1010,1062,-52
101000063,996,1251,-255
101000064,2129,1115,1014
101000065,570,524,46
101000066,977,689,288
101000067,1623,985,638
101000068,579,526,53
101000069,736,128,608
101000070,2033,1330,703
101000071,2994,1227,1767
101000072,1487,5155,-3668
101000073,1139,997,142
101000074,9668,4818,4850
101000075,8755,4729,4026
101000077,1882,1467,415
101000078,1455,2791,-1336
101000079,942,498,444
101000080,913,431,482
101000081,1948,2143,-195
101000082,4924,4080,844
101000083,3174,3199,-25
101000084,1894,1459,435
101000085,2361,1716,645
101000086,1260,1582,-322
101000087,1230,1666,-436
101000088,1506,1647,-141
101000089,1169,2210,-1041
101000090,2975,1827,1148
101000091,506,1491,-985
101000092,1002,1651,-649
101000093,2363,1282,1081
101000094,1142,2110,-968
101000095,533,1124,-591
101000096,475,851,-376
101000097,1622,622,1000
101000098,1081,937,144
101000099,1697,2225,-528
101000100,1573,1331,242
101000101,598,554,44
101000102,2414,575,1839
101000103,1426,768,658
101000104,575,861,-286
101000105,1737,410,1327
101000106,1541,637,904
101000107,247,557,-310
101000108,1555,544,1011
101000109,385,116,269
101000110,60,893,-833
101000111,260,411,-151
101000113,344,1444,-1100
101000114,12988,5087,7901
101000115,215,229,-14
101000116,263,305,-42
101000117,2139,404,1735
101000119,172,116,56
101000120,244,57,187
101000121,82,79,3
101000122,214,142,72
101000123,110,87,23
101000124,665,215,450
101000125,337,697,-360
101000128,1481,503,978
101000130,392,447,-55
101000131,1151,853,298
101000132,780,1988,-1208
101000135,72,35,37
101000136,798,181,617
101000137,61,495,-434
101000141,2699,4981,-2282
101000147,1340,764,576
101000148,2685,65,2620
101000149,121,180,-59
101000150,106,1128,-1022
101000151,298,88,210
101000152,496,598,-102
101000153,760,622,138
101000154,455,1900,-1445
101000155,502,247,255
101000156,29,405,-376
101000157,66,76,-10
101000160,122,46,76
101000163,365,313,52
101000164,703,581,122
101000165,408,538,-130
101000166,401,646,-245
101000168,1216,581,635
101000252,2299,1326,973
101000254,825,96,729
101000258,37,27,10
101000261,221,20,201
101000262,2093,2285,-192
101000263,670,1758,-1088
101000265,151,930,-779
101000266,581,511,70
101000269,170,10,160
101000290,2393,5158,-2765
101000293,62,90,-28
101000294,863,706,157
101000295,171,887,-716
101000301,1123,725,398
101000304,3619,3421,198
101000305,4598,2579,2019
101000328,48,362,-314
101900001,44,109,-65
101900002,1,18,-17
101900003,95,178,-83
101900004,11,81,-70
101900005,6606,2739,3867
101900006,1339,108,1231
101900007,1137,207,930
101900008,155,553,-398
101900009,125,1032,-907
101900010,1341,999,342
101900011,503,2920,-2417
101900012,233,742,-509
101900013,1798,203,1595
101900017,24,191,-167
101900018,2264,403,1861
101900019,410,185,225
101900020,161,232,-71
101900021,5,69,-64
101900022,223,1821,-1598
101900023,169,327,-158
101900026,126,68,58
101900027,18,153,-135
102000001,6361,6400,-39
102000002,4662,1840,2822
102000003,5825,11020,-5195
102000004,12826,4558,8268
102000005,2321,3582,-1261
102000006,2364,3164,-800
102000007,2676,8336,-5660
102000008,8362,2701,5661
102000009,8478,10586,-2108
102000010,8150,5557,2593
102000011,4798,4043,755
102000012,5614,5175,439
102000018,4906,4409,497
102000019,4150,2707,1443
102000026,377,1185,-808
102000029,407,343,64
102000030,218,627,-409
102000031,115,248,-133
102000032,663,567,96
102000033,300,617,-317
102000034,805,692,113
102000035,1496,1026,470
102000036,30,516,-486
102000037,241,141,100
102000038,294,323,-29
102000039,296,103,193
102000040,749,374,375
102000041,380,475,-95
102000042,603,428,175
102000043,616,385,231
102000044,1227,646,581
102000045,1065,1544,-479
102000046,1493,1022,471
102000047,1187,1699,-512
102000048,492,1196,-704
102000049,1563,1050,513
102000050,1694,1786,-92
102000051,695,909,-214
102000052,2236,1315,921
102000053,1717,1252,465
102000054,891,1536,-645
102000055,1352,1163,189
102000056,988,2293,-1305
102000057,2368,1041,1327
102000058,1769,2734,-965
102000059,2751,2698,53
102000060,2193,1481,712
102000061,2325,3246,-921
102000062,2143,1484,659
102000063,1684,2182,-498
102000064,750,1115,-365
102000065,41,263,-222
102000066,1395,2005,-610
102000067,4248,5362,-1114
102000068,15032,4542,10490
102000069,130,2610,-2480
102000070,2591,52,2539
102000071,11742,13059,-1317
102000072,5003,6834,-1831
102000073,2246,1272,974
102000074,1252,1370,-118
102000075,289,398,-109
102000076,285,810,-525
102000077,710,1398,-688
102000078,1208,1357,-149
102000079,297,377,-80
102000080,419,427,-8
102000081,636,1327,-691
102000082,1002,593,409
102000083,796,563,233
102000084,302,493,-191
102000085,2517,1672,845
102000086,1257,2411,-1154
102000087,1457,2284,-827
102000088,508,445,63
102000089,1469,611,858
102000090,794,1756,-962
102000091,2502,775,1727
102000092,544,1597,-1053
102000093,610,865,-255
102000094,1433,1005,428
102000095,1657,2144,-487
102000096,1226,1406,-180
102000097,1395,1680,-285
102000098,763,1575,-812
102000099,1407,1122,285
102000100,1208,1995,-787
102000101,2038,1217,821
102000102,593,3457,-2864
102000103,2438,814,1624
102000104,1345,519,826
102000105,329,953,-624
102000106,1056,1117,-61
102000107,1469,812,657
102000108,937,323,614
102000109,1118,915,203
102000110,1137,2043,-906
102000111,14,431,-417
102000112,215,150,65
102000113,15,38,-23
102000114,1196,541,655
102000115,282,423,-141
102000116,985,516,469
102000117,493,637,-144
102000118,2476,1594,882
102000119,2829,1028,1801
102000120,426,649,-223
102000121,1626,810,816
102000122,913,1280,-367
102000123,1935,1944,-9
102000124,2142,1678,464
102000125,1193,1832,-639
102000126,1115,1094,21
102000127,1736,1244,492
102000128,1182,1415,-233
102000129,2286,1288,998
102000130,1032,1108,-76
102000131,2907,1145,1762
102000132,1200,1423,-223
102000133,2230,2762,-532
102000134,954,1116,-162
102000135,1212,1562,-350
102000136,1449,873,576
102000137,1721,1160,561
102000138,537,677,-140
102000139,358,622,-264
102000140,761,450,311
102000141,1103,812,291
102000142,487,505,-18
102000143,154,587,-433
102000144,430,543,-113
102000145,579,665,-86
102000146,561,421,140
102000147,629,652,-23
102000148,252,670,-418
102000149,243,730,-487
102000150,467,306,161
102000151,167,444,-277
102000152,220,241,-21
102000153,1371,631,740
102000154,534,951,-417
102000155,145,447,-302
102000156,510,154,356
102000157,200,372,-172
102000158,924,931,-7
102000159,1766,727,1039
102000161,6058,3134,2924
102000162,294,219,75
102000163,168,881,-713
102000164,1746,1600,146
102000165,363,144,219
102000166,71,249,-178
102000167,409,293,116
102000168,363,188,175
102000169,188,928,-740
102000170,1009,234,775
102000171,536,169,367
102000172,516,498,18
102000173,724,416,308
102000174,74,89,-15
102000175,199,216,-17
102000176,61,59,2
102000178,481,713,-232
102000179,754,322,432
102000180,1008,771,237
102000181,884,851,33
102000182,711,889,-178
102000183,2273,2597,-324
102000184,2314,1244,1070
102000185,3294,1935,1359
102000186,1563,2751,-1188
102000187,1637,2369,-732
102000188,1831,2271,-440
102000189,3767,1359,2408
102000190,924,4476,-3552
102000191,1798,658,1140
102000192,1489,1942,-453
102000193,91,248,-157
102000194,141,199,-58
102000195,644,710,-66
102000196,302,662,-360
102000197,903,602,301
102000198,344,1203,-859
102000199,1272,540,732
102000200,414,1536,-1122
102000201,1171,762,409
102000202,22,203,-181
102000203,514,403,111
102000204,657,1283,-626
102000205,1430,807,623
102000206,1306,1143,163
102000207,2259,671,1588
102000208,880,748,132
102000209,64,74,-10
102000210,528,813,-285
102000211,842,467,375
102000212,552,41,511
102000213,6,429,-423
102000214,391,34,357
102000215,11,543,-532
102000216,80,116,-36
102000217,10,211,-201
102000218,349,210,139
102000219,496,402,94
102000225,1006,888,118
102000226,6895,1964,4931
102000227,266,3,263
102000228,1,123,-122
102000229,31,54,-23
102000230,411,689,-278
102000231,563,813,-250
102000232,27,304,-277
102000233,610,1292,-682
102000234,125,1542,-1417
102000236,538,185,353
102000237,1136,222,914
102000238,274,466,-192
102000240,1037,913,124
102000241,296,170,126
102000243,17,131,-114
102000245,41,158,-117
102000246,24,39,-15
102000247,1544,1634,-90
102000248,1182,1160,22
102000249,292,255,37
102000250,97,569,-472
102000254,131,525,-394
102000266,104,335,-231
102000271,29,0,29
102000286,676,597,79
102000297,2871,1582,1289
102000299,0,0,0
102000301,0,0,0
102000303,0,2,-2
102000305,0,0,0
102000307,0,7,-7
102900001,1797,1208,589
102900002,479,62,417
102900003,64,316,-252
102900005,497,532,-35
102900006,693,416,277
102900007,616,46,570
102900008,288,183,105
102900009,758,436,322
102900010,905,792,113
102900011,2798,595,2203
102900012,551,119,432
102900013,60,61,-1
102900015,1214,668,546
102900016,100,124,-24
102900017,245,870,-625
102900018,33,198,-165
102900019,608,744,-136
102900020,176,36,140
102900021,40,144,-104
102900022,766,199,567
102900023,37,103,-66
102900024,52,48,4
102900025,364,167,197
102900026,929,2469,-1540
102900027,79,103,-24
102900028,204,1034,-830
102900029,213,269,-56
102900030,735,478,257
102900031,256,235,21
102900032,158,125,33
102900033,145,283,-138
102900034,657,179,478
102900035,224,482,-258
102900036,415,892,-477
102900037,393,912,-519
102900038,547,970,-423
102900039,53,696,-643
102900040,250,397,-147
102900041,164,312,-148
102900042,250,513,-263
102900043,258,483,-225
102900044,964,2727,-1763
102900045,179,828,-649
102900046,161,374,-213
102900047,136,956,-820
102900048,879,924,-45
102900049,148,499,-351
102900050,437,502,-65
102900051,243,294,-51
102900052,65,55,10
102900053,599,1067,-468
102900054,1397,1691,-294
102900055,237,268,-31
102900056,150,689,-539
102900057,7,79,-72
102900058,436,96,340
102900059,32,80,-48
102900060,163,552,-389
102900061,200,648,-448
102900062,300,1419,-1119
102900063,1438,597,841
102900064,212,599,-387
102900065,2331,766,1565
102900066,484,80,404
102900068,170,114,56
102900070,386,752,-366
102900072,33,52,-19
102900073,256,11,245
102900075,51,78,-27
102900076,321,158,163
102900077,47,55,-8
102900078,62,124,-62
102900079,293,24,269
102900080,479,75,404
102900081,125,343,-218
102900082,19,364,-345
102900083,368,23,345
102900084,12,49,-37
102900085,412,166,246
102900086,26,77,-51
102900087,175,141,34
102900088,57,37,20
102900089,429,246,183
102900090,3,721,-718
102900091,331,6,325
102900092,427,1325,-898
102900093,489,386,103
102900094,8,153,-145
102900095,104,3,101
102900096,95,22,73
102900097,2,159,-157
103000001,3125,3699,-574
103000002,3534,3778,-244
103000003,6213,4061,2152
103000004,1219,1130,89
103000005,2493,4947,-2454
103000006,844,2182,-1338
103000007,534,1145,-611
103000008,1684,1239,445
103000009,1831,1816,15
103000010,252,199,53
103000011,2387,2024,363
103000012,1668,1981,-313
103000013,7839,3028,4811
103000014,1863,4268,-2405
103000015,2771,1099,1672
103000016,631,2260,-1629
103000017,237,661,-424
103000018,1226,642,584
103000019,355,456,-101
103000020,4094,2202,1892
103000021,2859,2290,569
103000022,1434,1676,-242
103000023,893,2569,-1676
103000024,133,275,-142
103000025,129,853,-724
103000026,2068,179,1889
103000027,453,854,-401
103000028,775,558,217
103000029,497,483,14
103000030,2800,1252,1548
103000031,2278,3217,-939
103000032,2644,2688,-44
103000033,3777,4007,-230
103000034,2208,1781,427
103000035,628,2099,-1471
103000036,577,795,-218
103000037,736,790,-54
103000038,689,1770,-1081
103000039,431,623,-192
103000040,653,1739,-1086
103000041,2299,3545,-1246
103000042,1664,847,817
103000043,729,1663,-934
103000044,252,306,-54
103000046,309,711,-402
103000047,903,899,4
103000048,236,284,-48
103000049,171,243,-72
103000050,944,833,111
103000051,705,797,-92
103000052,1188,632,556
103000053,349,785,-436
103000054,3287,1759,1528
103000055,2614,2873,-259
103000056,789,2646,-1857
103000057,446,400,46
103000058,853,1236,-383
103000059,690,1250,-560
103000060,1537,991,546
103000061,659,1341,-682
103000062,1386,790,596
103000063,987,1200,-213
103000064,193,331,-138
103000065,5,585,-580
103000066,267,6,261
103000069,501,596,-95
103000070,1378,1234,144
103000071,1504,619,885
103000072,175,1165,-990
103000073,824,186,638
103000074,964,167,797
103000075,161,1172,-1011
103000076,452,497,-45
103000077,50,597,-547
103000078,1943,955,988
103000079,1636,870,766
103000080,1549,533,1016
103000081,660,1304,-644
103000082,745,344,401
103000083,231,466,-235
103000084,268,16,252
103000085,5,189,-184
103000086,1138,540,598
103000087,243,786,-543
103000088,498,418,80
103000089,390,803,-413
103000090,2481,931,1550
103000091,692,597,95
103000092,389,355,34
103000093,377,691,-314
103000094,248,158,90
103000095,111,583,-472
103000096,787,151,636
103000097,109,959,-850
103000098,1467,258,1209
103000099,660,798,-138
103000100,127,1109,-982
103000101,1329,197,1132
103000102,109,857,-748
103000103,894,313,581
103000104,88,169,-81
103000105,216,165,51
103000106,19,108,-89
103000107,397,97,300
103000108,1098,784,314
103000109,427,403,24
103000110,502,527,-25
103000111,817,551,266
103000112,518,324,194
103000113,1326,974,352
103000114,2901,525,2376
103000115,622,791,-169
103000116,652,771,-119
103000117,382,710,-328
103000118,1512,1265,247
103000119,2227,898,1329
103000120,178,169,9
103000121,478,778,-300
103000122,667,490,177
103000125,21,477,-456
103000126,862,12,850
103000127,5,265,-260
103000128,276,4,272
103000129,9,176,-167
103000130,84,56,28
103000131,305,125,180
103000132,166,260,-94
103000133,22,181,-159
103000134,920,1286,-366
103000135,1178,434,744
103000136,1047,648,399
103000137,838,933,-95
103000138,1271,962,309
103000139,2,119,-117
103000140,136,27,109
103000141,70,188,-118
103000142,190,123,67
103000143,123,303,-180
103000144,283,110,173
103000145,128,99,29
103000150,104,79,25
103000152,317,311,6
103000153,333,234,99
103000156,3,495,-492
103000157,616,6,610
103000159,204,139,65
103000162,102,22,80
103000163,25,44,-19
103000164,48,20,28
103000165,145,545,-400
103000166,314,396,-82
103000167,314,154,160
103000168,103,281,-178
103000169,268,724,-456
103000170,1058,660,398
103000171,72,127,-55
103000172,654,491,163
103000173,717,930,-213
103000174,220,521,-301
103000175,306,559,-253
103000176,1251,844,407
103000177,1070,722,348
103000178,398,468,-70
103000179,201,62,139
103000183,201,28,173
103000185,139,119,20
103000186,206,325,-119
103000187,658,748,-90
103000188,18,102,-84
103000189,2070,1348,722
103000191,803,981,-178
103000292,2917,2489,428
103000293,1612,3022,-1410
103000295,174,145,29
103000296,666,5,661
103000297,238,98,140
103000504,317,19,298
103000505,7,20,-13
103000506,0,369,-369
103000507,297,3,294
103000508,105,70,35
103000509,319,881,-562
103900001,8,486,-478
103900002,2185,273,1912
103900003,2705,248,2457
103900004,159,0,159
103900005,2,411,-409
103900006,1,0,1
103900007,66,4,62
103900008,30,1,29
103900009,337,558,-221
103900010,223,493,-270
103900011,384,298,86
103900012,16,26,-10
103900013,81,138,-57
103900014,76,32,44
103900015,82,24,58
103900016,314,300,14
103900017,44,152,-108
103900018,892,350,542
103900019,96,492,-396
103900020,305,645,-340
103900021,1116,115,1001
103900022,1556,987,569
103900023,158,6,152
103900024,156,702,-546
103900025,20,61,-41
103900026,160,0,160
103900027,872,392,480
103900028,29,431,-402
103900029,1609,255,1354
103900030,756,94,662
103900031,32,0,32
103900032,102,106,-4
103900033,279,13,266
103900034,30,275,-245
103900035,114,85,29
103900036,66,32,34
103900037,143,74,69
103900038,146,234,-88
103900039,103,500,-397
103900040,7,249,-242
103900041,52,53,-1
103900042,84,511,-427
103900043,161,156,5
103900044,201,424,-223
103900045,419,230,189
103900047,94,33,61
103900048,80,22,58
103900049,271,1899,-1628
103900050,19,139,-120
103900051,1,44,-43
103900052,269,696,-427
103900053,320,1135,-815
103900054,154,659,-505
103900055,653,395,258
103900056,87,83,4
103900057,53,314,-261
103900058,396,1050,-654
103900059,0,9,-9
103900060,68,326,-258
103900061,166,88,78
103900062,520,198,322
103900063,15,0,15
103900064,184,10,174
103900065,955,549,406
103900066,253,36,217
103900067,273,12,261
103900068,9,1,8
103900069,159,9,150
103900070,202,413,-211
103900071,25,225,-200
103900072,9,344,-335
103900073,44,34,10
103900074,134,166,-32
103900075,337,140,197
103900076,544,923,-379
103900077,83,154,-71
103900078,356,182,174
103900079,169,344,-175
103900080,16,65,-49
103900081,166,33,133
103900082,14,150,-136
103900083,2385,1603,782
103900084,106,288,-182
103900085,99,205,-106
103900086,972,498,474
103900088,534,614,-80
103900089,76,228,-152
103900090,3,246,-243
103900091,1430,330,1100
103900092,1404,647,757
103900093,172,471,-299
103900094,17,198,-181
103900095,925,328,597
103900096,39,385,-346
103900097,20,726,-706
103900098,289,151,138
103900099,100,327,-227
103900100,274,593,-319
103900101,67,1558,-1491
103900102,0,54,-54
103900104,5,54,-49
103900105,129,283,-154
103900106,1,29,-28
103900107,148,388,-240
103900108,57,539,-482
103900109,100,120,-20
103900110,413,63,350
103900111,106,948,-842
103900112,46,112,-66
103900113,149,314,-165
103900114,653,430,223
103900115,350,370,-20
103900116,9040,3868,5172
103900117,206,134,72
103900119,64,77,-13
103900120,122,127,-5
103900122,142,406,-264
103900123,2312,978,1334
103900124,86,639,-553
103900125,156,104,52
103900126,681,770,-89
103900127,196,782,-586
103900128,151,234,-83
103900131,44,146,-102
103900133,1332,117,1215
103900134,1,10,-9
103900135,16,15,1
103900137,1,73,-72
103900138,126,473,-347
103900139,307,2316,-2009
103900140,21,141,-120
103900141,457,112,345
103900142,252,221,31
103900143,45,4,41
103900144,0,103,-103
103900145,210,429,-219
103900146,447,505,-58
103900147,663,181,482
103900148,325,404,-79
103900149,439,1086,-647
103900150,10172,5845,4327
103900151,69,279,-210
103900152,658,804,-146
103900153,25,10,15
103900154,1775,2880,-1105
103900155,61,280,-219
103900156,59,243,-184
103900157,60,348,-288
103900158,151,304,-153
103900159,262,162,100
103900160,84,42,42
103900161,170,320,-150
103900162,81,365,-284
103900163,14,698,-684
103900167,33,139,-106
103900168,193,185,8
103900169,59,69,-10
103900170,2,211,-209
103900171,3,98,-95
103900172,13,63,-50
103900173,17,33,-16
103900174,208,104,104
103900175,89,101,-12
103900176,21,47,-26
103900177,18,80,-62
103900178,95,145,-50
103900179,74,246,-172
103900180,27,164,-137
103900181,89,74,15
103900182,64,28,36
103900184,749,137,612
103900185,430,505,-75
103900187,77,99,-22
103900188,71,25,46
103900189,170,11,159
103900190,173,97,76
103900191,50,115,-65
103900192,40,156,-116
103900193,205,295,-90
103900194,137,359,-222
103900195,7,118,-111
103900196,93,48,45
103900197,18,40,-22
103900198,20,97,-77
103900199,234,76,158
103900200,166,190,-24
103900201,169,309,-140
103900202,20,93,-73
103900203,55,68,-13
103900204,1,184,-183
103900207,1,205,-204
103900208,101,3,98
103900209,12,127,-115
103900210,82,34,48
103900211,810,846,-36
103900212,137,582,-445
103900213,136,397,-261
103900214,463,217,246
103900215,622,404,218
103900216,9,657,-648
103900217,558,156,402
103900218,3,524,-521
103900219,277,498,-221
103900233,141,3,138
103900235,79,46,33
103900236,36,5,31
103900242,2,27,-25
103900243,8,11,-3
103900244,187,426,-239
103900245,186,313,-127
103900246,91,117,-26
103900247,123,191,-68
103900248,15,75,-60
103900249,54,79,-25
103900250,78,52,26
103900251,1,72,-71
103900253,78,100,-22
103900254,27,32,-5
103900255,41,37,4
103900256,65,80,-15
103900257,212,308,-96
103900258,82,2,80
103900259,261,6,255
103900261,8,13,-5
103900262,49,9,40
103900263,106,186,-80
103900264,82,63,19
103900265,58,14,44
103900266,2,120,-118
103900267,14,82,-68
103900268,17,161,-144
103900269,213,48,165
103900270,86,206,-120
103900271,21,215,-194
103900272,90,175,-85
103900273,43,184,-141
103900274,132,34,98
103900275,86,10,76
103900276,19,179,-160
103900277,11,295,-284
103900278,11,82,-71
103900279,3,42,-39
104000001,3001,2945,56
104000002,2295,4252,-1957
104000003,3352,3381,-29
104000004,4284,4034,250
104000005,1873,2992,-1119
104000006,3760,4255,-495
104000007,5895,5510,385
104000008,440,489,-49
104000009,177,175,2
104000010,219,316,-97
104000011,857,456,401
104000012,219,529,-310
104000013,251,222,29
104000014,455,953,-498
104000015,401,215,186
104000016,746,622,124
104000018,992,255,737
104000019,740,310,430
104000020,209,874,-665
104000021,412,714,-302
104000022,188,340,-152
104000023,894,548,346
104000024,353,531,-178
104000026,81,486,-405
104000027,513,575,-62
104000028,530,352,178
104000029,571,623,-52
104000030,398,316,82
104000031,1499,606,893
104000032,293,479,-186
104000033,705,627,78
104000034,388,544,-156
104000035,1097,609,488
104000036,1000,846,154
104000037,369,341,28
104000038,505,492,13
104000039,199,404,-205
104000040,515,544,-29
104000041,817,457,360
104000042,301,526,-225
104000043,424,549,-125
104000044,337,915,-578
104000045,1418,1586,-168
104000046,2055,2168,-113
104000047,1200,1659,-459
104000048,1299,2352,-1053
104000049,688,449,239
104000050,407,947,-540
104000051,208,810,-602
104000052,2047,2461,-414
104000053,1324,683,641
104000054,886,687,199
104000055,5463,3760,1703
104000056,2008,342,1666
104000057,183,675,-492
104000058,990,1110,-120
104000059,796,1702,-906
104000060,1514,1736,-222
104000061,2199,1602,597
104000062,499,226,273
104000064,586,426,160
104000065,354,807,-453
104000069,1789,1296,493
104000070,100,754,-654
104000071,172,620,-448
104000072,813,341,472
104000075,109,481,-372
104000076,828,216,612
104000082,3092,4473,-1381
104000083,1066,309,757
104000084,160,694,-534
104000085,333,452,-119
104000086,288,569,-281
104000087,632,2638,-2006
104000090,1179,2016,-837
104000092,1596,3415,-1819
104000094,1317,2530,-1213
104000095,2939,1946,993
104000096,2127,531,1596
104000097,2246,1431,815
104000098,2338,1626,712
104000100,2362,939,1423
104000101,1791,2902,-1111
104000106,162,820,-658
104000107,885,614,271
104000108,410,803,-393
104000109,409,87,322
104000110,1136,1499,-363
104000111,6408,3496,2912
104000112,3556,823,2733
104000116,4,1700,-1696
104000117,161,1235,-1074
104000118,881,325,556
104000119,853,410,443
104000120,337,1230,-893
104000121,331,971,-640
104000122,839,1074,-235
104000123,1237,1539,-302
104000124,1325,3310,-1985
104000125,6250,5499,751
104000126,473,636,-163
104000127,1969,4202,-2233
104000128,922,616,306
104000129,603,48,555
104000130,7,283,-276
104000131,976,613,363
104000132,1233,797,436
104000133,1726,1231,495
104000134,1425,2417,-992
104000135,562,2635,-2073
104000136,1092,5457,-4365
104000137,2055,536,1519
104000138,1687,599,1088
104000139,10187,4118,6069
104000141,1468,1922,-454
104000142,887,976,-89
104000143,692,846,-154
104000144,103,303,-200
104000145,491,271,220
104000146,479,845,-366
104000147,174,516,-342
104000148,469,177,292
104000149,216,450,-234
104000150,1670,695,975
104000151,679,712,-33
104000152,829,1005,-176
104000153,851,650,201
104000154,1377,942,435
104000155,574,649,-75
104000157,1471,2276,-805
104000158,884,666,218
104000159,1076,628,448
104000160,2392,2542,-150
104000161,313,294,19
104000162,70,217,-147
104000165,1820,1468,352
104000167,837,1298,-461
104000168,789,15,774
104000169,132,59,73
104000170,716,821,-105
104000248,457,1120,-663
104000251,58,383,-325
104000272,0,0,0
104000273,0,0,0
104000274,0,0,0
104000275,0,0,0
104000279,849,548,301
104000290,219,448,-229
104000291,985,1705,-720
104000293,1099,894,205
104000294,32,0,32
104000295,940,1293,-353
104000296,602,1295,-693
104000297,1088,2584,-1496
104000298,2696,1310,1386
104000299,890,2268,-1378
104900001,203,604,-401
104900002,69,244,-175
104900003,85,471,-386
104900004,124,459,-335
104900005,421,363,58
104900006,425,133,292
104900007,374,311,63
104900009,197,531,-334
104900010,78,74,4
104900011,88,9,79
104900012,299,64,235
104900013,236,35,201
104900014,4271,571,3700
104900015,142,13,129
104900016,294,425,-131
104900017,291,274,17
104900018,15,304,-289
104900019,580,3521,-2941
104900020,115,413,-298
104900021,1,311,-310
104900022,12,160,-148
104900023,0,193,-193
104900024,43,144,-101
104900025,78,505,-427
104900026,3,132,-129
104900027,673,396,277
104900028,38,137,-99
104900029,66,126,-60
104900030,724,328,396
104900031,174,283,-109
104900032,40,216,-176
104900033,200,369,-169
104900034,573,231,342
104900035,386,275,111
104900036,229,137,92
104900037,179,421,-242
104900038,824,1181,-357
104900039,1251,461,790
104900040,460,133,327
104900041,294,290,4
104900042,254,502,-248
104900043,23,134,-111
104900044,640,343,297
104900045,551,68,483
104900046,223,200,23
104900047,448,183,265
104900048,327,126,201
104900049,47,25,22
104900050,373,215,158
104900051,397,70,327
104900052,70,2,68
104900053,588,122,466
104900054,256,109,147
104900055,153,2,151
104900056,208,48,160
104900057,55,2,53
104900058,1876,441,1435
104900059,82,56,26
104900060,3,644,-641
104900061,377,878,-501
104900063,1,151,-150
104900064,1,141,-140
104900065,2,289,-287
104900066,5,371,-366
104900067,7,441,-434
104900068,42,353,-311
104900070,265,422,-157
104900071,3,935,-932
104900072,99,370,-271
104900073,122,411,-289
104900074,123,321,-198
104900075,76,139,-63
104900076,147,506,-359
104900077,2012,340,1672
104900078,253,778,-525
104900079,192,751,-559
104900080,130,633,-503
104900082,10,517,-507
104900085,4,335,-331
104900087,479,10,469
104900089,225,3,222
104900090,1035,791,244
104900091,811,986,-175
104900093,327,762,-435
104900097,4041,2848,1193
104900098,112,48,64
104900099,228,920,-692
104900100,939,455,484
104900102,57,314,-257
104900103,632,132,500
104900104,4624,2689,1935
104900106,109,187,-78
104900107,157,367,-210
104900108,56,427,-371
104900109,157,581,-424
104900110,7,77,-70
104900111,210,260,-50
104900112,348,1205,-857
104900113,848,576,272
104900114,487,916,-429
104900115,994,722,272
104900116,429,325,104
104900118,30,103,-73
104900119,7,53,-46
104900120,117,253,-136
104900121,0,132,-132
104900122,2,141,-139
104900123,72,11,61
104900124,66,1,65
104900125,733,11,722
104900126,109,98,11
104900127,52,96,-44
104900128,129,320,-191
104900129,3419,2602,817
105000001,3160,2324,836
105000002,3179,2665,514
105000003,5125,5146,-21
105000004,973,1830,-857
105000005,1258,1842,-584
105000006,1815,2171,-356
105000007,1877,1882,-5
105000008,2860,3685,-825
105000009,2603,4526,-1923
105000010,4831,4036,795
105000011,3922,3658,264
105000012,6433,4745,1688
105000013,1291,1652,-361
105000014,2532,3341,-809
105000015,13395,16357,-2962
105000016,5706,3485,2221
105000017,3052,1318,1734
105000018,2115,2320,-205
105000019,2805,1466,1339
105000020,351,657,-306
105000021,637,162,475
105000022,346,110,236
105000023,820,421,399
105000028,139,199,-60
105000029,804,1624,-820
105000030,6326,4660,1666
105000033,1969,3280,-1311
105000034,348,1238,-890
105000037,1058,595,463
105000038,2872,2461,411
105000039,4178,2946,1232
105000040,1347,1626,-279
105000041,1123,2150,-1027
105000042,6035,2125,3910
105000043,3317,3139,178
105000044,693,658,35
105000045,669,1408,-739
105000046,1232,525,707
105000047,750,2128,-1378
105000048,918,372,546
105000049,333,929,-596
105000050,898,592,306
105000051,300,739,-439
105000052,797,1316,-519
105000053,274,284,-10
105000054,675,1481,-806
105000055,1401,595,806
105000056,1603,3620,-2017
105000057,1559,1234,325
105000058,2200,2102,98
105000059,1045,996,49
105000060,733,990,-257
105000061,874,829,45
105000062,1101,1350,-249
105000063,533,803,-270
105000064,1707,1203,504
105000065,539,1112,-573
105000066,1816,2782,-966
105000067,1734,1017,717
105000068,980,1375,-395
105000069,3951,2286,1665
105000070,1294,983,311
105000071,509,1181,-672
105000072,1323,3157,-1834
105000073,1168,820,348
105000074,1739,1222,517
105000075,1050,1096,-46
105000076,1791,1420,371
105000077,3561,1272,2289
105000078,2225,1825,400
105000079,2665,2999,-334
105000080,2593,1773,820
105000081,4005,1268,2737
105000082,1942,1368,574
105000083,4869,2026,2843
105000084,1261,1436,-175
105000085,2430,1812,618
105000086,808,1441,-633
105000087,3048,2970,78
105000088,2326,2269,57
105000089,5116,3184,1932
105000090,1497,1308,189
105000091,2513,2334,179
105000092,1257,1472,-215
105000093,688,356,332
105000094,400,340,60
105000095,135,690,-555
105000096,2074,1263,811
105000097,1949,918,1031
105000098,1839,1022,817
105000099,1977,1165,812
105000100,1888,1830,58
105000101,2845,2963,-118
105000102,4068,2167,1901
105000103,3038,3340,-302
105000104,3110,1538,1572
105000105,1802,3219,-1417
105000106,1947,2660,-713
105000107,1557,1506,51
105000108,1829,2383,-554
105000109,1991,2583,-592
105000110,986,1246,-260
105000111,1025,1275,-250
105000112,1594,1304,290
105000113,584,1106,-522
105000114,4996,1763,3233
105000115,424,1668,-1244
105000116,1054,807,247
105000117,1369,1790,-421
105000118,688,599,89
105000119,761,1503,-742
105000120,1394,824,570
105000121,1196,1720,-524
105000122,504,901,-397
105000123,1827,2092,-265
105000124,2356,1359,997
105000125,1282,2829,-1547
105000126,2753,2907,-154
105000127,3548,3217,331
105000128,966,2032,-1066
105000129,1310,487,823
105000130,458,2790,-2332
105000131,1137,788,349
105000132,1162,786,376
105000133,735,1516,-781
105000134,978,850,128
105000135,676,981,-305
105000136,212,564,-352
105000137,529,350,179
105000138,351,566,-215
105000139,1578,1594,-16
105000140,461,841,-380
105000141,466,960,-494
105000142,263,730,-467
105000143,355,1086,-731
105000144,496,1364,-868
105000145,856,647,209
105000146,817,1476,-659
105000147,755,588,167
105000148,1609,851,758
105000149,3297,3154,143
105000150,3183,2391,792
105000151,742,530,212
105000152,286,912,-626
105000153,855,939,-84
105000154,945,1015,-70
105000155,572,1374,-802
105000156,1461,1140,321
105000157,1400,2765,-1365
105000158,2958,1259,1699
105000159,320,1860,-1540
105000160,2415,964,1451
105000161,918,2167,-1249
105000162,1001,2580,-1579
105000163,2032,1568,464
105000164,334,442,-108
105000165,2273,7528,-5255
105000166,9928,1309,8619
105000167,3877,2255,1622
105000168,457,1095,-638
105000169,757,644,113
105000170,350,1860,-1510
105000171,1792,530,1262
105000172,212,70,142
105000173,246,62,184
105000174,153,62,91
105000175,140,226,-86
105000176,545,147,398
105000177,406,254,152
105000178,154,974,-820
105000179,729,280,449
105000180,245,185,60
105000181,129,700,-571
105000182,76,83,-7
105000183,3796,2706,1090
105000184,1966,1502,464
105000185,2559,1228,1331
105000186,854,1345,-491
105000187,1358,320,1038
105000188,806,220,586
105000189,440,723,-283
105000190,407,665,-258
105000191,550,439,111
105000192,474,94,380
105000193,156,213,-57
105000194,364,118,246
105000195,446,1325,-879
105000196,51,242,-191
105000197,374,975,-601
105000198,776,531,245
105000199,439,750,-311
105000200,277,334,-57
105000201,192,41,151
105000203,15,307,-292
105000204,108,143,-35
105000205,171,262,-91
105000207,1081,312,769
105000208,415,718,-303
105000209,282,528,-246
105000212,1653,2079,-426
105000213,350,308,42
105000214,195,491,-296
105000215,344,353,-9
105000216,224,563,-339
105000217,210,474,-264
105000218,1483,1431,52
105000221,227,363,-136
105000222,582,83,499
105000223,404,258,146
105000226,114,551,-437
105000227,115,310,-195
105000228,450,1941,-1491
105000229,176,525,-349
105000231,369,392,-23
105000233,1079,999,80
105000234,831,1846,-1015
105000235,528,899,-371
105000237,1198,169,1029
105000243,27,337,-310
105000248,202,100,102
105000262,373,2089,-1716
105000269,181,283,-102
105000270,613,102,511
105000271,1,306,-305
105000282,214,78,136
105000287,529,214,315
105000288,687,689,-2
105000289,3896,2258,1638
105000290,28,5,23
105000402,5982,4826,1156
105000426,934,726,208
105000438,4246,1413,2833
105000446,20297,7950,12347
105000447,12051,4808,7243
105000454,591,1265,-674
105000455,427,296,131
105000474,23,4,19
105000477,504,735,-231
105000478,2378,5183,-2805
105000479,225,216,9
105000480,7973,5298,2675
105000481,4898,4006,892
105000482,8745,6984,1761
105000483,1851,2413,-562
105000484,3540,3926,-386
105000485,2265,3293,-1028
105000486,6626,4123,2503
105000488,10771,6877,3894
105000489,1194,1268,-74
105000549,157,204,-47
105000550,820,2178,-1358
105000551,61,185,-124
105000552,5090,3014,2076
105000555,962,995,-33
105900001,28,1756,-1728
105900002,2319,1035,1284
105900003,21,156,-135
105900004,601,187,414
105900005,14,418,-404
105900006,26,140,-114
105900007,246,37,209
105900008,94,868,-774
105900009,32,25,7
105900011,587,65,522
105900012,1129,333,796
105900013,2,46,-44
105900014,11,110,-99
105900015,290,515,-225
105900016,691,910,-219
105900017,1680,94,1586
105900018,220,329,-109
105900019,139,1111,-972
105900020,98,79,19
105900021,87,475,-388
105900022,436,370,66
105900023,5,183,-178
105900024,21,257,-236
105900025,215,80,135
105900026,374,56,318
105900027,10406,14685,-4279
105900028,529,304,225
105900029,2706,612,2094
105900030,376,437,-61
105900031,636,252,384
105900032,92,202,-110
105900033,252,209,43
105900034,317,379,-62
105900035,405,240,165
105900036,98,208,-110
105900037,89,88,1
105900038,206,482,-276
105900039,135,188,-53
105900040,123,160,-37
105900041,251,406,-155
105900042,99,190,-91
105900043,2605,137,2468
105900044,5,387,-382
105900045,0,1189,-1189
105900046,9,342,-333
105900047,11,72,-61
105900048,115,961,-846
105900050,12058,3393,8665
105900051,32,1722,-1690
105900052,877,558,319
105900053,5671,3604,2067
105900054,565,389,176
105900056,1235,583,652
105900057,83,207,-124
105900058,11,30,-19
105900059,0,46,-46
106000001,6685,3699,2986
106000002,3966,7584,-3618
106000003,4804,5692,-888
106000004,2968,4411,-1443
106000005,3753,7927,-4174
106000006,8458,6905,1553
106000007,711,891,-180
106000008,490,517,-27
106000009,647,544,103
106000010,814,852,-38
106000011,1174,1509,-335
106000012,1117,2145,-1028
106000013,2200,2815,-615
106000014,2562,2568,-6
106000015,1753,1697,56
106000016,1767,3370,-1603
106000017,841,954,-113
106000018,838,755,83
106000019,483,620,-137
106000020,397,604,-207
106000021,311,573,-262
106000022,496,364,132
106000023,837,454,383
106000024,886,980,-94
106000025,112,332,-220
106000026,127,326,-199
106000027,1601,1996,-395
106000028,743,899,-156
106000029,1391,1828,-437
106000030,1023,539,484
106000034,351,964,-613
106000035,1364,2246,-882
106000036,333,686,-353
106000037,2979,2065,914
106000038,689,171,518
106000039,265,137,128
106000040,291,1082,-791
106000041,1088,778,310
106000043,872,212,660
106000046,520,82,438
106000047,73,622,-549
106000049,1258,263,995
106000050,469,1249,-780
106000051,723,632,91
106000052,119,1019,-900
106000053,483,167,316
106000054,484,725,-241
106000055,1251,1564,-313
106000056,458,618,-160
106000057,378,445,-67
106000058,193,308,-115
106000059,356,426,-70
106000060,597,793,-196
106000061,290,775,-485
106000062,170,797,-627
106000063,857,832,25
106000064,64,652,-588
106000065,484,429,55
106000066,150,484,-334
106000067,535,170,365
106000068,88,889,-801
106000069,278,134,144
106000070,630,1238,-608
106000071,1427,415,1012
106000072,5287,2599,2688
106000073,2597,4269,-1672
106000074,680,1177,-497
106000075,483,1980,-1497
106000076,2299,3141,-842
106000077,4977,1982,2995
106000078,1239,1587,-348
106000079,866,1540,-674
106000080,1871,991,880
106000081,885,1765,-880
106000082,3387,1247,2140
106000083,486,2333,-1847
106000084,1484,949,535
106000085,2037,2470,-433
106000086,957,1262,-305
106000087,1189,760,429
106000088,490,1101,-611
106000089,1171,536,635
106000090,328,958,-630
106000091,411,937,-526
106000092,1028,436,592
106000093,428,175,253
106000094,116,415,-299
106000095,942,1423,-481
106000096,1375,1059,316
106000097,1253,1612,-359
106000098,955,1453,-498
106000099,310,1261,-951
106000100,1672,423,1249
106000101,1981,448,1533
106000102,319,1285,-966
106000103,352,852,-500
106000104,1123,689,434
106000105,605,1004,-399
106000106,850,731,119
106000107,168,488,-320
106000108,312,449,-137
106000109,199,402,-203
106000110,275,453,-178
106000111,224,584,-360
106000112,263,753,-490
106000113,1076,797,279
106000114,777,759,18
106000115,335,778,-443
106000116,263,334,-71
106000117,1353,1057,296
106000118,1593,2017,-424
106000119,2574,1830,744
106000120,1106,1694,-588
106000121,326,257,69
106000122,147,415,-268
106000123,517,289,228
106000124,69,378,-309
106000125,35,425,-390
106000126,354,185,169
106000127,1134,1406,-272
106000128,981,339,642
106000129,601,826,-225
106000130,853,550,303
106000131,200,1112,-912
106000132,915,230,685
106000133,4045,1723,2322
106000134,968,2828,-1860
106000135,335,979,-644
106000136,824,1357,-533
106000137,119,1504,-1385
106000138,1516,117,1399
106000139,80,173,-93
106000140,40,102,-62
106000141,171,112,59
106000142,116,120,-4
106000143,51,134,-83
106000144,46,106,-60
106000145,380,469,-89
106000146,403,271,132
106000147,640,765,-125
106000148,952,1166,-214
106000149,718,592,126
106000150,701,2786,-2085
106000151,5992,1062,4930
106000152,1950,2638,-688
106000153,137,2246,-2109
106000154,2080,337,1743
106000155,137,346,-209
106000156,1056,438,618
106000157,844,2895,-2051
106000158,3963,1312,2651
106000159,5413,2732,2681
106000160,552,3971,-3419
106000161,2183,683,1500
106000162,299,1367,-1068
106000163,485,647,-162
106000164,506,568,-62
106000165,317,917,-600
106000166,1035,388,647
106000167,535,1686,-1151
106000168,562,367,195
106000169,302,817,-515
106000170,955,345,610
106000171,225,1698,-1473
106000172,4045,1844,2201
106000173,1524,3910,-2386
106000174,1463,621,842
106000175,361,1519,-1158
106000176,2066,1069,997
106000177,1257,3546,-2289
106000178,4558,2371,2187
106000179,1767,3456,-1689
106000180,1314,2335,-1021
106000181,1089,2725,-1636
106000182,1354,1192,162
106000183,1572,1143,429
106000184,3110,1154,1956
106000185,2275,1830,445
106000186,1281,238,1043
106000187,427,1728,-1301
106000188,3,4,-1
106000189,53,83,-30
106000190,26,1,25
106000191,797,358,439
106000192,23,49,-26
106000193,442,332,110
106000194,231,508,-277
106000195,661,248,413
106000196,202,597,-395
106000197,710,423,287
106000198,177,424,-247
106000199,1232,1313,-81
106000200,443,340,103
106000201,762,4593,-3831
106000202,7768,1030,6738
106000203,153,269,-116
106000204,183,18,165
106000205,31,256,-225
106000206,132,40,92
106000207,74,1218,-1144
106000208,1617,239,1378
106000209,1901,466,1435
106000210,497,1686,-1189
106000211,605,1903,-1298
106000212,1140,562,578
106000213,1311,2291,-980
106000214,4215,853,3362
106000215,416,705,-289
106000216,504,537,-33
106000217,382,657,-275
106000218,595,643,-48
106000219,176,430,-254
106000220,513,439,74
106000221,209,354,-145
106000222,44,184,-140
106000223,229,160,69
106000224,289,359,-70
106000225,87,127,-40
106000226,161,405,-244
106000228,93,186,-93
106000229,150,891,-741
106000231,1163,203,960
106000232,106,513,-407
106000233,902,178,724
106000234,199,258,-59
106000235,638,132,506
106000236,289,102,187
106000237,7,18,-11
106000238,210,38,172
106000239,15,214,-199
106000240,107,10,97
106000241,21,977,-956
106000242,439,46,393
106000249,54,145,-91
106000250,75,820,-745
106000251,134,66,68
106000252,46,124,-78
106000253,61,116,-55
106000254,85,67,18
106000255,40,246,-206
106000256,137,101,36
106000257,179,320,-141
106000258,329,38,291
106000259,2,60,-58
106000260,44,9,35
106000261,3,76,-73
106000262,122,18,104
106000263,17,78,-61
106000264,310,29,281
106000265,8,183,-175
106000266,211,36,175
106000267,7,118,-111
106000268,768,66,702
106000269,66,82,-16
106000270,202,754,-552
106000271,79,337,-258
106000272,290,108,182
106000273,17,377,-360
106000274,288,67,221
106000275,186,412,-226
106000276,238,81,157
106000277,193,265,-72
106000278,310,108,202
106000279,5,63,-58
106000280,111,145,-34
106000281,111,126,-15
106000282,92,91,1
106000283,162,118,44
106000284,95,141,-46
106000285,151,168,-17
106000286,113,227,-114
106000287,175,92,83
106000288,120,268,-148
106000289,101,99,2
106000290,84,162,-78
106000291,127,155,-28
106000292,92,194,-102
106000293,150,150,0
106000294,173,179,-6
106000295,73,82,-9
106000296,92,144,-52
106000297,86,289,-203
106000298,221,94,127
106000299,82,219,-137
106000300,67,116,-49
106000301,82,156,-74
106000303,32,129,-97
106000304,45,70,-25
106000305,79,86,-7
106000306,28,86,-58
106000307,72,19,53
106000308,39,206,-167
106000309,30,82,-52
106000310,444,723,-279
106000311,419,280,139
106000312,159,289,-130
106000313,195,325,-130
106000318,185,610,-425
106000319,1344,353,991
106000320,1,61,-60
106000321,488,152,336
106000322,149,267,-118
106000324,19,179,-160
106000325,1997,1262,735
106000326,1341,2687,-1346
106000327,158,210,-52
106000328,27,169,-142
106000329,83,482,-399
106000330,60,92,-32
106000428,103,219,-116
106000429,224,700,-476
106000430,517,1798,-1281
106000431,2890,546,2344
106000432,2506,4025,-1519
106000433,2872,1663,1209
106000434,4356,2126,2230
106000435,2663,3883,-1220
106000436,27,389,-362
106000437,470,42,428
106000438,1046,314,732
106000439,114,742,-628
106000440,421,727,-306
106000441,2,3,-1
106000442,211,11,200
106000443,175,548,-373
106000450,9,321,-312
106000451,53,96,-43
106000454,4,208,-204
106000455,42,307,-265
106000456,193,86,107
106000457,29,1437,-1408
106000458,891,212,679
106000459,257,600,-343
106000460,1879,56,1823
106000461,119,2262,-2143
106000462,1,46,-45
106000463,5,37,-32
106000464,8,749,-741
106000465,813,9,804
106000466,20,1015,-995
106000467,653,859,-206
106000468,125,282,-157
106000469,314,12,302
106000470,363,2406,-2043
106000471,40,884,-844
106000472,210,22,188
106000473,49,43,6
106000474,424,855,-431
106000475,239,234,5
106000476,232,288,-56
106000477,20,113,-93
106000480,2,382,-380
106900001,0,20,-20
106900002,3,694,-691
106900003,316,1882,-1566
106900004,1,71,-70
106900006,0,15,-15
106900007,0,25,-25
106900008,463,440,23
106900009,404,582,-178
106900010,396,486,-90
106900012,2976,3106,-130
106900013,904,193,711
106900014,33,2,31
106900015,25,1,24
106900016,356,7,349
106900017,15,0,15
106900018,0,0,0
106900019,38,10,28
106900020,4245,1891,2354
106900021,111,66,45
106900022,858,5,853
106900023,64,341,-277
106900024,997,60,937
106900025,79,950,-871
106900026,5,985,-980
106900027,1413,13,1400
107000001,6105,4498,1607
107000002,6046,7539,-1493
107000003,6958,8741,-1783
107000004,8415,8122,293
107000005,5673,7443,-1770
107000006,6113,8240,-2127
107000007,7438,14911,-7473
107000008,19412,14279,5133
107000009,8993,9957,-964
107000010,16460,16578,-118
107000011,1815,2111,-296
107000012,6527,5349,1178
107000013,79,185,-106
107000014,70,400,-330
107000015,735,1159,-424
107000016,923,1374,-451
107000017,9324,2166,7158
107000018,137,1438,-1301
107000020,6253,1488,4765
107000021,2428,893,1535
107000022,2486,2160,326
107000023,2992,525,2467
107000024,840,2330,-1490
107000025,311,693,-382
107000026,335,858,-523
107000027,1834,1954,-120
107000028,1824,2444,-620
107000029,4369,3947,422
107000030,4533,5170,-637
107000031,5086,3733,1353
107000032,723,1349,-626
107000033,5111,8983,-3872
107000034,6936,3094,3842
107000035,505,450,55
107000036,681,2196,-1515
107000037,131,1278,-1147
107000038,352,390,-38
107000039,1206,1235,-29
107000040,219,584,-365
107000041,2510,1122,1388
107000042,1174,2895,-1721
107000043,4144,1474,2670
107000044,907,537,370
107000045,211,433,-222
107000046,1149,679,470
107000047,695,1194,-499
107000048,891,501,390
107000049,877,1108,-231
107000050,1419,916,503
107000051,693,646,47
107000052,1680,1587,93
107000053,671,399,272
107000054,101,456,-355
107000055,263,209,54
107000056,597,1380,-783
107000057,1905,471,1434
107000058,2776,3072,-296
107000059,3652,5896,-2244
107000060,5393,7656,-2263
107000061,8354,6073,2281
107000062,5340,4353,987
107000063,6106,8117,-2011
107000064,6682,3467,3215
107000065,6728,7600,-872
107000066,3129,4190,-1061
107000067,1735,1631,104
107000068,2506,870,1636
107000069,1095,773,322
107000070,1094,51,1043
107000071,4012,71,3941
107000072,94,4690,-4596
107000073,861,507,354
107000074,215,1663,-1448
107000075,2248,771,1477
107000076,1049,2446,-1397
107000077,4374,1635,2739
107000078,3631,4981,-1350
107000079,3599,1233,2366
107000080,1957,4825,-2868
107000081,2318,928,1390
107000082,790,2893,-2103
107000083,1711,684,1027
107000084,550,2959,-2409
107000085,3906,4716,-810
107000086,5036,5260,-224
107000087,3311,3106,205
107000088,4211,5472,-1261
107000089,1869,2729,-860
107000090,1594,1856,-262
107000091,1603,1231,372
107000092,1275,1712,-437
107000093,1691,1350,341
107000094,1777,1803,-26
107000095,971,976,-5
107000096,879,1376,-497
107000097,1207,527,680
107000098,832,991,-159
107000099,684,435,249
107000100,453,446,7
107000101,132,347,-215
107000102,595,531,64
107000103,489,300,189
107000104,301,418,-117
107000105,479,243,236
107000106,296,445,-149
107000107,876,279,597
107000108,338,986,-648
107000109,931,293,638
107000110,110,704,-594
107000111,654,53,601
107000112,48,500,-452
107000113,904,164,740
107000114,124,899,-775
107000115,674,238,436
107000116,163,1259,-1096
107000117,129,1090,-961
107000118,198,389,-191
107000119,2637,2373,264
107000120,2689,702,1987
107000121,960,1074,-114
107000122,1479,1548,-69
107000123,525,1360,-835
107000124,813,1353,-540
107000125,1052,1158,-106
107000126,1453,1200,253
107000129,646,1111,-465
107000130,895,337,558
107000131,666,936,-270
107000132,881,519,362
107000133,1295,160,1135
107000134,413,1,412
107000135,7,367,-360
107000136,1250,21,1229
107000137,14,616,-602
107000138,495,45,450
107000139,34,732,-698
107000140,2099,156,1943
107000141,156,1165,-1009
107000142,642,168,474
107000143,82,1157,-1075
107000144,673,762,-89
107000145,223,805,-582
107000146,254,572,-318
107000147,4077,1208,2869
107000150,1174,4799,-3625
107000151,61,130,-69
107000152,908,1747,-839
107000153,358,611,-253
107000154,343,298,45
107000155,1366,50,1316
107000156,1537,69,1468
107000157,91,2633,-2542
107000158,939,38,901
107000159,36,1726,-1690
107000160,1222,289,933
107000161,121,2296,-2175
107000162,267,994,-727
107000163,159,21,138
107000164,765,0,765
107000165,1212,7,1205
107000166,79,1709,-1630
107000167,730,371,359
107000168,1217,770,447
107000169,1308,1196,112
107000170,2993,1133,1860
107000171,915,3345,-2430
107000172,1504,2156,-652
107000173,884,1760,-876
107000174,1334,7697,-6363
107000175,10788,2629,8159
107000176,3,0,3
107000177,7,2,5
107000178,17,62,-45
107000179,383,3501,-3118
107000180,1605,561,1044
107000181,608,1754,-1146
107000182,2101,1338,763
107000183,224,1277,-1053
107000184,1210,1027,183
107000185,670,1997,-1327
107000186,1647,536,1111
107000187,1714,1922,-208
107000188,760,969,-209
107000189,601,1706,-1105
107000190,883,1214,-331
107000191,854,1572,-718
107000192,2364,1283,1081
107000193,570,820,-250
107000194,1406,1117,289
107000197,1364,404,960
107000198,397,1175,-778
107000199,811,1394,-583
107000200,1264,1055,209
107000201,490,331,159
107000202,419,848,-429
107000203,1740,846,894
107000204,2772,830,1942
107000205,3350,1545,1805
107000206,1662,1814,-152
107000207,1264,1768,-504
107000208,2101,676,1425
107000209,3322,1737,1585
107000210,1170,551,619
107000211,21,53,-32
107000212,16,707,-691
107000213,9,38,-29
107000214,16,341,-325
107000215,694,683,11
107000216,592,624,-32
107000217,187,252,-65
107000219,178,189,-11
107000220,353,404,-51
107000222,329,1198,-869
107000224,616,98,518
107000225,334,859,-525
107000226,619,129,490
107000227,137,437,-300
107000228,147,365,-218
107000229,456,326,130
107000230,1754,857,897
107000231,2664,1855,809
107000232,183,118,65
107000233,2030,1221,809
107000234,1,70,-69
107000235,86,8,78
107000236,29,1150,-1121
107000237,20,7,13
107000238,26,1,25
107000239,5551,972,4579
107000240,138,1510,-1372
107000241,134,27,107
107000242,675,83,592
107000243,1,79,-78
107000244,6,118,-112
107000246,9,1706,-1697
107000249,0,1486,-1486
107000251,3,372,-369
107000252,4,1621,-1617
107000255,858,149,709
107000257,3,570,-567
107000258,5,148,-143
107000259,7,295,-288
107000260,736,13,723
107000262,11,808,-797
107000263,350,7,343
107000266,7,10,-3
107000267,122,219,-97
107000268,222,226,-4
107000269,1117,58,1059
107000270,6,28,-22
107000271,32,1147,-1115
107000272,46,232,-186
107000273,9,257,-248
107000274,6080,455,5625
107000275,232,1243,-1011
107000280,851,44,807
107000281,55,1460,-1405
107000282,84,1423,-1339
107000290,7,39,-32
107000291,57,39,18
107000292,4,88,-84
107000293,380,10,370
107000294,1,47,-46
107000295,71,5,66
107000296,0,28,-28
107000444,522,14,508
107000496,0,36,-36
107000497,2070,3779,-1709
107000500,537,539,-2
107000501,211,238,-27
107000502,425,524,-99
107000505,810,1184,-374
107000506,8,45,-37
107000508,11,855,-844
107000509,318,1438,-1120
107000510,61,33,28
107000514,88,425,-337
107000515,22,337,-315
107000516,399,455,-56
107000518,1572,1761,-189
107000519,3828,1642,2186
107000520,121,39,82
107000521,780,627,153
107000522,1124,1075,49
107900001,58,228,-170
107900002,79,7,72
107900003,311,23,288
107900004,114,4,110
107900005,1872,8,1864
107900006,420,2,418
107900007,546,37,509
107900008,182,60,122
107900009,265,6,259
107900010,22,2,20
107900012,404,29,375
107900013,354,74,280
107900014,59,5,54
107900015,1438,23,1415
107900016,758,177,581
107900017,41,6,35
107900018,108,285,-177
107900019,23,94,-71
107900020,176,20,156
107900021,78,231,-153
107900023,2,0,2
107900024,1,32,-31
107900025,275,455,-180
107900026,67,141,-74
107900027,86,123,-37
107900028,64,115,-51
107900030,185,25,160
107900031,107,272,-165
107900032,22,2,20
107900033,27,10,17
107900034,548,32,516
107900035,1131,65,1066
107900036,71,19,52
107900037,0,49,-49
107900038,186,361,-175
107900039,31,82,-51
107900040,286,490,-204
107900041,2,3,-1
107900043,43,242,-199
107900044,14,6,8
107900045,157,56,101
107900046,221,231,-10
107900047,40,173,-133
107900048,254,6,248
107900049,478,2475,-1997
107900050,151,484,-333
107900051,131,104,27
107900052,45,17,28
107900053,49,144,-95
107900055,918,405,513
107900056,218,72,146
107900057,1,0,1
107900058,85,983,-898
107900060,47,55,-8
107900061,21,12,9
107900063,112,144,-32
107900064,649,194,455
107900065,274,16,258
107900066,15,16,-1
107900067,0,0,0
107900068,383,416,-33
107900069,83,2453,-2370
107900070,141,73,68
107900071,62,1167,-1105
107900072,83,251,-168
107900073,123,170,-47
107900074,1238,358,880
107900076,127,76,51
107900077,45,2,43
107900078,327,49,278
107900079,8,29,-21
107900080,492,465,27
107900081,47,243,-196
107900082,40,30,10
107900083,469,240,229
107900084,215,215,0
107900086,63,256,-193
107900087,903,148,755
107900088,16,7,9
107900089,459,1618,-1159
107900090,1135,3731,-2596
107900091,329,666,-337
107900092,2671,685,1986
107900093,144,112,32
107900095,4589,3119,1470
107900097,25,128,-103
107900098,59,282,-223
107900100,1545,1755,-210
107900101,1490,305,1185
107900102,23,10,13
107900103,53,213,-160
107900104,301,10,291
107900105,1,664,-663
107900106,3,1817,-1814
107900107,2011,704,1307
107900108,585,201,384
107900109,1767,18,1749
107900110,52,124,-72
107900111,7,1267,-1260
107900112,191,589,-398
107900113,257,171,86
107900114,195,246,-51
107900115,5,54,-49
107900116,177,301,-124
107900117,717,666,51
107900118,112,273,-161
107900119,103,389,-286
107900120,44,12,32
107900121,8,226,-218
107900122,11,92,-81
107900123,4,59,-55
107900124,32,44,-12
107900125,37,245,-208
107900126,1,53,-52
107900127,830,414,416
107900128,152,114,38
107900129,89,66,23
107900130,74,36,38
107900131,933,286,647
107900132,150,692,-542
107900133,4,137,-133
107900134,30,40,-10
107900135,12,259,-247
107900136,71,61,10
107900137,180,155,25
107900138,71,64,7
107900139,35,74,-39
107900140,134,98,36
107900141,70,87,-17
107900142,107,1453,-1346
107900143,116,50,66
107900144,5,230,-225
107900145,16,132,-116
107900146,74,263,-189
107900147,71,48,23
107900148,228,245,-17
107900149,1820,311,1509
107900150,150,1132,-982
107900151,41,168,-127
107900152,17,366,-349
107900153,227,532,-305
107900154,68,35,33
107900155,105,90,15
107900156,8,463,-455
107900157,50,107,-57
107900158,1070,26,1044
107900159,50,1464,-1414
107900160,114,208,-94
107900161,34,261,-227
107900162,1,198,-197
107900163,351,327,24
107900164,13,61,-48
107900165,36,139,-103
107900166,38,332,-294
107900167,36,30,6
107900168,42,72,-30
107900169,4,256,-252
107900171,19,2290,-2271
107900172,3,482,-479
107900173,18,198,-180
107900174,171,12,159
107900175,35,25,10
107900176,36,71,-35
107900177,4,284,-280
107900178,2,278,-276
107900179,27,215,-188
107900180,1122,731,391
107900181,566,463,103
107900182,8,1847,-1839
107900183,44,430,-386
107900184,123,316,-193
107900185,146,15,131
107900186,23,71,-48
107900187,1,230,-229
107900188,1004,220,784
107900189,22,199,-177
107900190,125,151,-26
107900191,75,154,-79
107900193,23,90,-67
107900194,320,30,290
107900195,4497,693,3804
107900196,165,98,67
107900197,1468,436,1032
107900199,3,1392,-1389
107900201,118,145,-27
107900203,48,97,-49
107900204,274,309,-35
107900205,252,578,-326
107900206,1473,258,1215
107900207,2,795,-793
107900208,9,910,-901
107900209,495,186,309
107900210,116,152,-36
107900213,966,802,164
107900214,21,198,-177
107900215,185,387,-202
107900216,205,121,84
107900217,37,86,-49
107900218,38,2417,-2379
107900219,69,137,-68
107900220,359,382,-23
107900221,314,262,52
107900223,161,706,-545
107900224,216,501,-285
107900225,16,1112,-1096
107900226,109,220,-111
107900227,221,693,-472
107900228,33,142,-109
107900229,5,384,-379
107900230,24,187,-163
107900231,16,308,-292
107900232,66,233,-167
107900233,2,295,-293
107900234,98,202,-104
107900235,43,159,-116
107900236,112,118,-6
107900237,108,644,-536
107900238,28,138,-110
107900239,1437,583,854
107900240,43,173,-130
107900241,17,126,-109
107900242,41,399,-358
107900243,4,71,-67
107900244,471,82,389
107900245,709,50,659
107900246,394,18,376
107900248,722,690,32
107900249,988,64,924
107900250,1,736,-735
107900251,160,2014,-1854
107900252,1297,21,1276
107900253,204,15,189
107900254,86,686,-600
107900255,515,156,359
107900256,2800,1573,1227
107900257,322,182,140
107900258,166,478,-312
107900259,165,2786,-2621
107900261,2,522,-520
107900262,69,178,-109
107900264,338,7,331
107900265,148,274,-126
107900267,333,30,303
107900268,71,19,52
107900269,1,17,-16
107900270,0,0,0
107900271,12,25,-13
107900272,184,22,162
107900273,38,144,-106
107900274,51,0,51
107900275,17,0,17
107900276,0,105,-105
107900277,1,328,-327
107900278,357,535,-178
107900279,203,198,5
107900280,2580,3262,-682
107900281,3677,3831,-154
107900282,107,639,-532
107900283,1978,756,1222
107900284,820,987,-167
107900285,125,159,-34
107900286,206,138,68
107900287,221,287,-66
107900290,1,161,-160
107900291,593,18,575
107900292,133,326,-193
107900293,88,685,-597
107900295,92,134,-42
107900297,4,477,-473
107900298,1287,1140,147
107900299,4642,2919,1723
107900300,89,371,-282
107900301,938,829,109
107900302,141,55,86
107900303,283,480,-197
107900304,311,704,-393
107900305,425,29,396
107900306,21,29,-8
107900307,77,294,-217
107900308,188,109,79
107900309,236,0,236
107900310,435,10,425
107900311,3,179,-176
107900312,115,8,107
107900313,4,159,-155
107900314,1,77,-76
107900315,0,99,-99
107900316,115,3,112
107900317,199,22,177
107900318,12,276,-264
107900319,10,372,-362
107900320,1,248,-247
107900321,168,7,161
107900322,3,159,-156
107900323,13,260,-247
107900324,272,2,270
107900325,142,1,141
107900326,557,438,119
107900327,5,76,-71
107900328,420,6,414
107900329,312,136,176
107900330,12,656,-644
107900331,284,39,245
107900332,332,76,256
107900333,56,36,20
107900334,17,286,-269
107900335,71,87,-16
107900336,43,57,-14
107900337,1933,1109,824
107900338,5,192,-187
107900339,7,23,-16
107900340,1,71,-70
107900341,113,1,112
107900342,207,205,2
107900343,221,3,218
107900344,7,117,-110
107900345,181,57,124
107900346,34,1,33
107900347,31,4,27
107900348,9,4,5
107900349,28,9,19
107900350,23,358,-335
107900351,0,93,-93
108000001,3571,5155,-1584
108000002,3224,4126,-902
108000003,5058,4061,997
108000004,20915,22943,-2028
108000005,10565,6977,3588
108000006,11501,10843,658
108000007,6408,5566,842
108000008,6593,9233,-2640
108000009,4593,6163,-1570
108000010,4459,7026,-2567
108000011,15082,15577,-495
108000012,25795,24997,798
108000014,1223,840,383
108000015,848,397,451
108000016,461,853,-392
108000017,1340,505,835
108000018,2230,796,1434
108000019,3368,1014,2354
108000020,1781,831,950
108000021,583,2370,-1787
108000022,768,2088,-1320
108000023,1432,310,1122
108000024,335,848,-513
108000025,430,384,46
108000026,660,715,-55
108000027,939,669,270
108000028,557,391,166
108000029,673,666,7
108000030,1217,388,829
108000031,492,846,-354
108000032,1661,829,832
108000033,1095,1794,-699
108000034,2087,675,1412
108000035,1227,3397,-2170
108000036,529,1809,-1280
108000037,2119,707,1412
108000038,3045,826,2219
108000039,755,3152,-2397
108000040,2409,1294,1115
108000041,967,3820,-2853
108000042,365,414,-49
108000043,349,445,-96
108000044,547,286,261
108000045,388,1021,-633
108000046,1652,376,1276
108000047,630,1582,-952
108000048,200,687,-487
108000049,1096,366,730
108000050,140,711,-571
108000051,319,198,121
108000052,374,991,-617
108000053,451,304,147
108000054,721,1378,-657
108000055,1473,678,795
108000056,1538,1681,-143
108000057,938,1513,-575
108000058,2602,5005,-2403
108000059,4877,2992,1885
108000060,243,616,-373
108000061,181,418,-237
108000062,808,727,81
108000063,580,878,-298
108000064,237,393,-156
108000065,794,919,-125
108000066,2196,1142,1054
108000067,2336,927,1409
108000068,833,488,345
108000069,328,1472,-1144
108000070,2232,1021,1211
108000071,960,2224,-1264
108000072,2092,1417,675
108000073,2061,2821,-760
108000074,745,483,262
108000075,480,1260,-780
108000076,981,775,206
108000077,930,1027,-97
108000078,2791,2043,748
108000079,1274,2469,-1195
108000080,1412,843,569
108000081,757,2937,-2180
108000082,1447,2839,-1392
108000083,2509,1193,1316
108000084,494,1797,-1303
108000085,843,672,171
108000086,1058,1144,-86
108000087,206,2635,-2429
108000088,207,11,196
108000089,462,568,-106
108000090,637,225,412
108000091,334,760,-426
108000092,184,144,40
108000093,228,1003,-775
108000094,784,186,598
108000095,182,622,-440
108000096,324,261,63
108000097,182,793,-611
108000098,1991,2181,-190
108000099,287,138,149
108000100,60,421,-361
108000101,1638,1975,-337
108000102,1998,4194,-2196
108000106,1265,2,1263
108000107,2,1051,-1049
108000108,834,81,753
108000109,12,1035,-1023
108000110,245,509,-264
108000111,257,1208,-951
108000112,78,200,-122
108000113,748,371,377
108000115,589,493,96
108000117,1310,500,810
108000118,170,266,-96
108000119,929,555,374
108000120,169,1070,-901
108000121,240,806,-566
108000122,706,513,193
108000123,756,313,443
108000124,355,858,-503
108000125,446,417,29
108000126,182,602,-420
108000127,648,431,217
108000128,788,797,-9
108000129,404,1620,-1216
108000130,498,371,127
108000131,1012,652,360
108000132,2790,2111,679
108000133,1070,720,350
108000134,737,894,-157
108000135,1478,644,834
108000136,804,1451,-647
108000137,507,621,-114
108000138,501,1474,-973
108000139,481,517,-36
108000140,117,35,82
108000141,75,157,-82
108000142,110,171,-61
108000143,49,53,-4
108000144,61,15,46
108000145,66,33,33
108000146,85,17,68
108000147,96,57,39
108000148,121,18,103
108000149,43,32,11
108000150,49,3,46
108000151,39,17,22
108000152,158,756,-598
108000153,615,230,385
108000154,97,25,72
108000155,48,22,26
108000156,423,209,214
108000157,237,1135,-898
108000158,139,950,-811
108000159,921,223,698
108000160,5826,1393,4433
108000161,5018,3254,1764
108000165,6,284,-278
108000172,6,409,-403
108000173,3487,2954,533
108000175,318,175,143
108000178,723,516,207
108000179,309,1001,-692
108000181,71,46,25
108000182,167,29,138
108000183,36,36,0
108000184,1525,2522,-997
108000185,348,1021,-673
108000186,222,87,135
108000187,155,924,-769
108000188,755,368,387
108000189,971,1838,-867
108000190,58,188,-130
108000192,340,804,-464
108000193,1220,89,1131
108000194,61,15,46
108000195,5,1576,-1571
108000196,237,272,-35
108000198,653,491,162
108000199,1,226,-225
108000200,625,972,-347
108000202,1,326,-325
108000203,224,1225,-1001
108000204,157,60,97
108000205,553,789,-236
108000339,2379,505,1874
108000364,192,407,-215
108000365,61,423,-362
108000367,261,602,-341
108000368,5,109,-104
108000369,2195,295,1900
108000371,0,748,-748
108000372,635,2,633
108000373,273,250,23
108000376,61,35,26
108000377,446,416,30
108000378,11619,13958,-2339
108000379,44,375,-331
108000381,77,13,64
108000382,155,0,155
108000383,0,249,-249
108900001,150,1406,-1256
108900002,286,111,175
108900003,519,1218,-699
108900004,114,489,-375
108900005,113,529,-416
108900006,1047,203,844
108900007,263,272,-9
108900008,112,181,-69
108900009,108,172,-64
108900010,247,279,-32
108900011,566,572,-6
108900012,383,659,-276
108900013,156,340,-184
108900014,19,138,-119
108900015,0,26,-26
108900016,1,311,-310
108900017,370,428,-58
108900018,148,709,-561
108900019,44,1270,-1226
108900020,68,329,-261
108900021,130,412,-282
108900022,168,16,152
108900023,4,32,-28
108900024,28,185,-157
108900025,141,200,-59
108900026,30,138,-108
108900027,0,97,-97
108900028,91,509,-418
108900029,131,449,-318
108900030,1,174,-173
108900031,118,597,-479
108900032,26,338,-312
108900033,0,87,-87
108900034,0,308,-308
108900035,401,1943,-1542
108900036,215,415,-200
108900037,113,556,-443
108900038,1,442,-441
108900039,0,603,-603
108900040,1,145,-144
108900041,7680,3776,3904
108900042,18,483,-465
108900043,85,754,-669
108900044,2,697,-695
108900045,53,768,-715
108900046,65,1321,-1256
108900047,0,173,-173
108900048,156,1509,-1353
108900049,6417,1680,4737
108900050,0,350,-350
108900051,1,265,-264
108900052,41,311,-270
108900053,113,254,-141
108900054,100,342,-242
108900055,96,550,-454
108900056,2,276,-274
108900057,0,239,-239
108900058,52,523,-471
108900059,570,36,534
108900060,153,247,-94
108900061,90,47,43
108900062,6,382,-376
108900063,13,539,-526
108900064,261,151,110
108900065,12,332,-320
108900066,335,165,170
108900067,19,284,-265
108900068,7,283,-276
108900069,80,196,-116
108900070,74,156,-82
108900071,93,78,15
108900072,3389,728,2661
108900073,59,511,-452
108900074,249,696,-447
108900075,88,67,21
108900076,358,105,253
108900077,163,700,-537
108900078,25,257,-232
108900079,1342,355,987
108900080,41,1327,-1286
108900081,73,335,-262
108900082,52,172,-120
108900083,32,472,-440
108900084,622,222,400
108900085,3122,247,2875
108900086,131,368,-237
108900087,154,317,-163
108900088,1361,544,817
108900089,28,241,-213
108900090,42,474,-432
108900091,161,172,-11
108900092,654,540,114
108900093,102,112,-10
108900094,256,134,122
108900095,56,660,-604
108900096,499,37,462
108900097,378,349,29
108900098,3757,756,3001
108900099,385,451,-66
108900100,85,268,-183
108900101,272,170,102
108900102,207,1306,-1099
108900103,111,145,-34
108900104,195,651,-456
108900105,20,1632,-1612
108900106,507,579,-72
108900108,1029,88,941
108900109,681,87,594
108900110,229,639,-410
108900111,517,897,-380
108900112,276,46,230
108900113,37,82,-45
108900114,91,21,70
108900115,102,147,-45
108900116,97,15,82
108900117,230,36,194
108900118,695,15,680
108900119,302,48,254
108900120,297,190,107
108900121,430,131,299
108900122,143,43,100
108900123,166,135,31
108900124,599,246,353
108900125,447,7,440
108900126,121,29,92
108900127,261,56,205
108900128,134,48,86
108900129,903,197,706
108900130,362,6,356
108900131,546,7,539
108900132,546,89,457
108900133,321,105,216
108900134,364,404,-40
108900135,174,29,145
108900136,31,1,30
108900137,147,1,146
108900138,761,35,726
108900139,673,119,554
108900140,296,392,-96
108900141,474,10,464
108900142,78,4,74
108900143,53,1,52
108900144,100,3,97
108900145,140,10,130
108900146,76,0,76
108900147,295,0,295
108900148,119,47,72
108900149,635,665,-30
108900150,273,8,265
108900151,88,5,83
108900152,137,19,118
108900153,165,586,-421
108900154,6297,651,5646
108900155,436,152,284
108900156,117,10,107
108900157,34,756,-722
108900158,517,51,466
108900159,13,464,-451
108900160,23,364,-341
108900161,17,613,-596
108900162,105,1,104
108900163,12,364,-352
108900164,51,119,-68
108900165,268,123,145
108900167,2812,7945,-5133
108900168,12306,3410,8896
108900169,99,188,-89
108900171,11605,3750,7855
108900172,244,81,163
108900173,281,520,-239
108900174,950,935,15
108900176,177,799,-622
108900177,9793,7189,2604
108900178,6415,3966,2449
108900179,915,1908,-993
108900180,156,416,-260
108900182,47,367,-320
108900183,251,334,-83
108900184,601,318,283
108900185,177,504,-327
108900186,104,648,-544
108900187,446,98,348
108900188,620,82,538
108900189,511,244,267
108900190,79,4284,-4205
108900191,316,55,261
108900192,145,345,-200
108900193,254,63,191
108900194,41,431,-390
108900195,147,469,-322
108900196,45,630,-585
108900198,4,672,-668
108900199,329,490,-161
108900200,1226,449,777
108900201,667,1898,-1231
108900203,675,105,570
108900204,473,13,460
108900205,252,48,204
108900206,645,57,588
108900207,219,113,106
108900208,39,578,-539
108900209,402,904,-502
108900210,298,364,-66
108900211,205,649,-444
108900212,965,1709,-744
108900215,173,751,-578
108900216,614,206,408
108900217,117,1,116
108900218,223,22,201
108900219,127,11,116
108900220,69,24,45
108900221,44,215,-171
108900222,268,25,243
108900223,7,144,-137
108900224,38,257,-219
108900225,1,269,-268
108900226,350,22,328
108900227,206,397,-191
108900230,437,415,22
108900231,48,266,-218
108900232,0,499,-499
108900233,595,124,471
108900234,379,165,214
108900235,313,876,-563
108900236,103,525,-422
108900237,87,311,-224
108900240,142,160,-18
108900241,55,63,-8
108900245,14,1687,-1673
108900249,188,60,128
108900250,298,180,118
108900257,256,878,-622
108900258,12,344,-332
108900259,171,130,41
108900260,14,139,-125
108900261,155,215,-60
108900262,257,173,84
108900263,88,264,-176
108900264,777,357,420
108900265,1401,403,998
108900266,1386,653,733
108900267,4,135,-131
108900268,24,5,19
108900269,84,18,66
108900270,72,12,60
108900271,58,10,48
108900272,233,14,219
108900273,1303,871,432
108900274,62,92,-30
109000001,4806,1986,2820
109000002,2817,2165,652
109000003,3566,753,2813
109000004,708,3527,-2819
109000005,3414,1053,2361
109000006,1099,3062,-1963
109000007,2000,935,1065
109000008,819,2666,-1847
109000009,4722,1860,2862
109000010,2035,6030,-3995
109000011,4445,2811,1634
109000012,2984,5329,-2345
109000013,4547,4806,-259
109000014,2574,5009,-2435
109000015,4379,9668,-5289
109000016,11403,6185,5218
109000017,3163,1830,1333
109000018,1425,4647,-3222
109000019,4122,1974,2148
109000020,1746,2965,-1219
109000023,339,77,262
109000024,14,284,-270
109000025,498,696,-198
109000026,1177,539,638
109000027,135,435,-300
109000028,172,169,3
109000029,243,306,-63
109000030,118,712,-594
109000031,215,236,-21
109000032,183,711,-528
109000033,542,202,340
109000034,78,65,13
109000035,16,76,-60
109000036,145,597,-452
109000037,327,1651,-1324
109000038,910,649,261
109000039,1294,888,406
109000040,6749,9945,-3196
109000041,5912,2344,3568
109000042,1163,1854,-691
109000044,536,90,446
109000045,153,500,-347
109000046,533,137,396
109000047,105,577,-472
109000048,1331,276,1055
109000049,469,778,-309
109000050,517,427,90
109000051,538,387,151
109000052,768,1824,-1056
109000053,256,149,107
109000054,444,1100,-656
109000055,381,403,-22
109000056,466,902,-436
109000057,965,511,454
109000058,1316,459,857
109000059,1117,1360,-243
109000060,622,348,274
109000061,1571,1312,259
109000062,216,448,-232
109000063,335,311,24
109000064,349,246,103
109000065,185,411,-226
109000066,540,166,374
109000067,78,482,-404
109000068,1612,19,1593
109000069,1169,29,1140
109000070,11,1565,-1554
109000071,533,132,401
109000072,159,576,-417
109000073,98,138,-40
109000074,40,340,-300
109000075,114,474,-360
109000076,157,289,-132
109000077,505,360,145
109000078,118,237,-119
109000079,150,308,-158
109000080,217,169,48
109000081,139,717,-578
109000082,709,282,427
109000083,363,1117,-754
109000088,234,682,-448
109000089,304,117,187
109000090,250,589,-339
109000091,416,213,203
109000092,483,871,-388
109000093,283,259,24
109000094,564,3,561
109000095,156,676,-520
109000096,768,309,459
109000097,115,234,-119
109000098,75,116,-41
109000099,1226,634,592
109000100,297,857,-560
109000101,1873,1180,693
109000102,396,1296,-900
109000103,581,919,-338
109000104,2086,917,1169
109000105,647,1962,-1315
109000106,2677,1092,1585
109000107,811,2939,-2128
109000108,2283,1023,1260
109000109,630,3011,-2381
109000110,1680,874,806
109000111,1443,3433,-1990
109000112,536,206,330
109000113,690,370,320
109000114,264,604,-340
109000115,1849,75,1774
109000116,8,373,-365
109000117,226,105,121
109000118,12,452,-440
109000119,1490,451,1039
109000120,206,1425,-1219
109000121,622,95,527
109000122,163,1340,-1177
109000123,35,146,-111
109000124,809,573,236
109000125,1180,517,663
109000126,507,1526,-1019
109000127,1165,340,825
109000128,761,2599,-1838
109000129,2811,1121,1690
109000130,1020,3591,-2571
109000131,1067,717,350
109000132,953,3015,-2062
109000133,594,1607,-1013
109000134,1216,2235,-1019
109000135,1943,2090,-147
109000136,490,476,14
109000137,432,493,-61
109000138,703,552,151
109000139,630,601,29
109000140,284,757,-473
109000141,667,711,-44
109000142,153,768,-615
109000143,124,124,0
109000145,146,284,-138
109000146,70,180,-110
109000148,5817,2709,3108
109000149,43,73,-30
109000150,133,316,-183
109000155,981,934,47
109000156,1932,1088,844
109000158,313,456,-143
109000159,260,894,-634
109000160,1524,314,1210
109000161,502,1910,-1408
109000162,2470,1054,1416
109000163,1230,2790,-1560
109000164,1643,3705,-2062
109000165,1553,781,772
109000166,919,185,734
109000167,161,973,-812
109000170,46,74,-28
109000171,44,68,-24
109000172,35,76,-41
109000173,27,147,-120
109000174,177,65,112
109000175,50,179,-129
109000176,402,385,17
109000177,44,176,-132
109000178,871,618,253
109000179,9249,6374,2875
109000180,8639,4830,3809
109000181,25,42,-17
109000182,80,50,30
109000183,60,68,-8
109000184,44,17,27
109000185,46,124,-78
109000188,956,3216,-2260
109000189,4241,1457,2784
109000190,842,747,95
109000191,392,796,-404
109000192,533,411,122
109000193,330,544,-214
109000194,308,227,81
109000195,183,574,-391
109000196,386,183,203
109000197,219,587,-368
109000198,391,99,292
109000199,153,712,-559
109000206,281,64,217
109000207,141,61,80
109000208,104,107,-3
109000209,233,166,67
109000210,249,806,-557
109000211,801,718,83
109000214,435,640,-205
109000215,259,148,111
109000216,386,285,101
109000217,302,193,109
109000218,506,331,175
109000221,702,1524,-822
109000222,1097,259,838
109000223,418,426,-8
109000224,70,253,-183
109000225,90,62,28
109000226,62,320,-258
109000227,1404,1720,-316
109000228,0,541,-541
109000231,3,483,-480
109000232,356,600,-244
109000236,360,1235,-875
109000241,2576,2929,-353
109000242,2281,2094,187
109000293,29,149,-120
109000361,142,412,-270
109000364,330,855,-525
109000396,8,862,-854
109000397,599,9,590
109000399,186,723,-537
109000400,132,452,-320
109000403,141,957,-816
109000406,569,4,565
109000407,315,295,20
109000408,0,812,-812
109000410,1502,406,1096
109000411,225,45,180
109900001,122,0,122
109900002,1027,27,1000
109900003,268,1,267
109900004,1055,316,739
109900005,27,7,20
109900006,547,433,114
109900007,935,919,16
109900008,1,39,-38
109900009,197,988,-791
109900010,642,29,613
109900011,122,65,57
109900012,389,303,86
109900013,553,213,340
109900014,401,113,288
109900015,733,235,498
109900016,157,50,107
109900017,227,273,-46
109900018,294,163,131
109900019,236,112,124
109900020,47,67,-20
109900021,37,15,22
109900022,128,391,-263
109900023,10,1,9
109900024,53,1,52
109900025,10,95,-85
109900026,5,239,-234
109900027,72,43,29
109900028,2886,1278,1608
109900029,8,515,-507
109900030,66,4,62
109900031,0,126,-126
109900032,18,452,-434
109900033,3,707,-704
109900034,30,1,29
109900035,23,15,8
109900036,27,92,-65
109900037,38,794,-756
109900038,56,333,-277
109900039,12,0,12
109900040,34,872,-838
109900041,93,501,-408
109900042,68,631,-563
109900044,171,383,-212
109900045,93,47,46
109900046,32,99,-67
109900047,344,447,-103
109900048,2,146,-144
109900049,23,47,-24
109900050,2,331,-329
109900051,0,74,-74
109900052,203,481,-278
109900053,15,600,-585
109900054,728,322,406
109900055,88,452,-364
109900056,37,172,-135
109900057,18,349,-331
109900058,0,161,-161
109900059,808,161,647
109900060,577,170,407
109900061,83,423,-340
109900062,0,332,-332
109900063,3,491,-488
109900064,689,313,376
109900065,149,170,-21
109900066,462,1315,-853
109900067,4,457,-453
109900068,95,6,89
109900069,3,51,-48
109900070,92,559,-467
109900071,6,53,-47
109900072,40,289,-249
109900073,469,899,-430
109900074,10,86,-76
109900075,31,60,-29
109900076,13,292,-279
109900077,37,79,-42
109900078,156,331,-175
109900080,191,551,-360
109900081,37,210,-173
109900082,46,646,-600
109900083,18,105,-87
109900084,87,241,-154
109900085,364,1191,-827
109900086,150,568,-418
109900087,496,697,-201
109900089,753,214,539
109900090,671,1657,-986
109900091,465,136,329
109900092,2264,22,2242
109900093,1121,199,922
109900094,82,132,-50
109900095,214,379,-165
109900096,53,3,50
109900097,129,4,125
109900098,526,76,450
109900099,219,5,214
109900100,80,0,80
109900101,532,19,513
109900102,509,38,471
109900103,44,80,-36
109900104,598,1192,-594
109900105,690,43,647
109900106,610,104,506
109900107,875,136,739
109900108,210,695,-485
109900109,62,197,-135
109900110,171,621,-450
109900111,507,1501,-994
109900112,533,1067,-534
109900113,935,645,290
109900114,2030,721,1309
109900115,206,136,70
109900117,1342,170,1172
109900118,351,628,-277
109900119,962,450,512
109900120,99,27,72
109900121,667,469,198
109900122,469,29,440
109900123,32,196,-164
109900124,74,866,-792
109900125,2,261,-259
109900126,329,204,125
109900128,293,63,230
109900130,12912,3273,9639
109900131,79,237,-158
109900132,43,228,-185
109900133,147,409,-262
109900134,77,135,-58
109900135,489,99,390
109900136,58,182,-124
109900137,140,531,-391
109900140,223,354,-131
109900142,1713,451,1262
109900145,5,533,-528
109900146,597,44,553
109900148,51,153,-102
109900149,45,94,-49
109900150,6,103,-97
109900151,6,60,-54
109900152,0,41,-41
109900153,1,61,-60
109900154,35,0,35
109900155,71,22,49
109900157,115,419,-304
109900158,88,199,-111
109900159,198,64,134
109900160,169,76,93
109900161,295,101,194
109900162,233,107,126
109900163,1052,563,489
109900164,69,352,-283
109900165,436,7,429
109900166,1,221,-220
109900167,219,890,-671
109900168,255,939,-684
109900169,323,256,67
109900170,429,1104,-675
109900171,281,158,123
109900172,280,386,-106
109900173,5310,3066,2244
109900174,46,212,-166
109900175,57,102,-45
109900176,104,250,-146
109900177,67,350,-283
109900178,9,157,-148
109900179,83,27,56
109900180,13,15,-2
110000001,1131,742,389
110000002,809,968,-159
110000003,1326,937,389
110000004,773,975,-202
110000005,689,2340,-1651
110000006,543,513,30
110000007,206,248,-42
110000008,28,87,-59
110000009,113,59,54
110000010,35,77,-42
110000011,84,162,-78
110000012,1067,725,342
110000013,67,888,-821
110000014,771,509,262
110000015,425,894,-469
110000016,354,2368,-2014
110000017,4100,408,3692
110000018,4272,700,3572
110000019,15,139,-124
110000020,546,308,238
110000021,1231,739,492
110000022,1672,409,1263
110000023,14,211,-197
110000024,1048,615,433
110000025,335,13,322
110000026,16,534,-518
110000027,2173,663,1510
110000028,1289,1088,201
110000029,792,1122,-330
110000030,355,633,-278
110000031,357,808,-451
110000032,1056,668,388
110000033,554,126,428
110000034,764,1143,-379
110000035,1699,1002,697
110000036,1837,1099,738
110000037,358,826,-468
110000038,332,1156,-824
110000039,899,4672,-3773
110000040,404,585,-181
110000041,434,1655,-1221
110000042,155,584,-429
110000043,1200,489,711
110000044,391,317,74
110000045,2150,205,1945
110000046,16,24,-8
110000047,194,54,140
110000048,19,32,-13
110000049,127,16,111
110000050,8,51,-43
110000051,157,12,145
110000052,50,40,10
110000053,642,21,621
110000054,339,369,-30
110000055,805,61,744
110000056,251,78,173
110000057,577,967,-390
110000058,1837,914,923
110000059,1283,758,525
110000060,946,1634,-688
110000061,1267,1155,112
110000062,803,1303,-500
110000063,57,167,-110
110000064,189,142,47
110000065,96,173,-77
110000066,139,58,81
110000067,163,362,-199
110000068,560,397,163
110000069,397,158,239
110000071,211,231,-20
110000073,7,42,-35
110000075,12,169,-157
110000076,486,667,-181
110000077,606,2518,-1912
110000078,54,86,-32
110000080,457,1021,-564
110000081,62,464,-402
110000082,61,575,-514
110000083,374,807,-433
110000084,1411,1194,217
110000085,3199,2258,941
110000086,1911,2991,-1080
110000087,17,94,-77
110000088,77,343,-266
110000089,356,214,142
110000090,254,451,-197
110000091,1996,545,1451
110000092,40,113,-73
110000093,72,15,57
110000094,807,383,424
110000095,257,1020,-763
110000096,3638,2669,969
110000097,1333,1775,-442
110000098,2679,1074,1605
110000099,1290,2500,-1210
110000100,1111,827,284
110000101,57,692,-635
110000102,80,40,40
110000104,486,210,276
110000105,112,322,-210
110000106,849,527,322
110000107,510,564,-54
110000108,209,95,114
110000109,444,447,-3
110000110,5273,6829,-1556
110000111,10340,3918,6422
110000112,1996,1640,356
110000113,822,3194,-2372
110000114,201,893,-692
110000115,409,501,-92
110000116,65,65,0
110000117,242,608,-366
110000118,540,295,245
110000119,277,518,-241
110000120,629,255,374
110000121,158,528,-370
110000122,582,968,-386
110000123,693,964,-271
110000124,7,1302,-1295
110000125,1121,11,1110
110000126,367,44,323
110000127,1648,93,1555
110000128,26,1955,-1929
110000129,9,731,-722
110000130,343,274,69
110000131,131,444,-313
110000132,4,923,-919
110000133,59,669,-610
110000134,25,516,-491
110000135,270,74,196
110000136,99,411,-312
110000137,816,943,-127
110000138,1105,969,136
110000139,1104,1912,-808
110000140,1631,796,835
110000143,958,671,287
110000144,7147,2101,5046
110000145,2567,1178,1389
110000146,2947,1368,1579
110000147,666,1143,-477
110000148,616,401,215
110000151,1437,1000,437
110000152,1297,592,705
110000153,183,69,114
110000154,101,56,45
110000155,3068,5202,-2134
110000156,1274,3156,-1882
110000157,2675,2510,165
110000160,552,501,51
110000161,227,526,-299
110000166,687,197,490
110000167,1181,844,337
110000168,1145,629,516
110000169,1070,541,529
110000170,192,158,34
110000171,901,258,643
110000172,247,1316,-1069
110000173,1514,1806,-292
110000174,309,1584,-1275
110000175,731,111,620
110000176,107,419,-312
110000177,211,1290,-1079
110000178,783,1839,-1056
110000179,1911,521,1390
110000180,191,425,-234
110000181,698,694,4
110000182,526,335,191
110000183,15621,9301,6320
110000184,1054,3346,-2292
110000185,2685,1181,1504
110000186,1062,1356,-294
110000191,888,655,233
110000192,656,19,637
110000193,1313,13,1300
110000194,28,1821,-1793
110000195,566,561,5
110000196,443,543,-100
110000197,121,357,-236
110000198,233,113,120
110000199,109,163,-54
110000200,1875,729,1146
110000201,1387,1165,222
110000202,1736,743,993
110000203,1012,1130,-118
110000204,10,398,-388
110000205,205,88,117
110000206,919,2124,-1205
110000207,1028,510,518
110000208,452,300,152
110000209,210,1510,-1300
110000210,1079,800,279
110000211,1545,1327,218
110000212,521,1545,-1024
110000213,307,136,171
110000214,330,138,192
110000215,256,768,-512
110000216,155,691,-536
110000217,425,282,143
110000218,233,594,-361
110000219,368,101,267
110000220,136,503,-367
110000221,415,118,297
110000222,92,306,-214
110000223,14,181,-167
110000224,118,17,101
110000225,308,995,-687
110000226,288,78,210
110000227,1083,1020,63
110000228,559,379,180
110000229,2,374,-372
110000230,1186,1017,169
110000231,279,342,-63
110000232,277,302,-25
110000233,339,412,-73
110000234,1467,889,578
110000235,1700,1548,152
110000236,847,1158,-311
110000237,3925,2014,1911
110000238,1534,1882,-348
110000239,2563,1679,884
110000240,3,137,-134
110000242,0,19,-19
110000243,118,248,-130
110000244,255,603,-348
110000245,62,602,-540
110000246,1309,857,452
110000247,1952,8709,-6757
110000248,3281,2591,690
110000249,92,8,84
110000250,48,378,-330
110000251,385,1141,-756
110000252,357,296,61
110000253,1948,968,980
110000254,933,2352,-1419
110000255,410,1717,-1307
110000256,779,428,351
110000257,958,603,355
110000258,11,631,-620
110000259,169,29,140
110000260,33,442,-409
110000263,928,203,725
110000264,367,775,-408
110000265,1473,2586,-1113
110000266,3104,3839,-735
110000267,45,341,-296
110000268,406,817,-411
110000269,3,148,-145
110000270,60,4,56
110000271,2396,390,2006
110000272,1491,1529,-38
110000273,5480,2107,3373
110000274,379,1837,-1458
110000275,3358,787,2571
110000276,372,521,-149
110000277,310,527,-217
110000278,441,1213,-772
110000279,906,940,-34
110000280,531,614,-83
110000281,41,378,-337
110000282,445,73,372
110000283,76,171,-95
110000284,95,98,-3
110000285,4,682,-678
110000286,49,4,45
110000287,98,1,97
110000288,3,166,-163
110000289,693,2262,-1569
110000290,1376,867,509
110000291,8577,2082,6495
110000292,1852,5988,-4136
110000293,738,1118,-380
110000294,1092,1684,-592
110000295,152,1372,-1220
110000296,542,503,39
110000297,3697,441,3256
110000298,405,973,-568
110000299,560,137,423
110000301,395,41,354
110000302,444,1632,-1188
110000303,607,6,601
110000304,187,473,-286
110000305,1553,27,1526
110000306,236,2078,-1842
110000307,2114,17,2097
110000308,844,29,815
110000309,16,1397,-1381
110000310,966,116,850
110000311,38,1015,-977
110000312,680,129,551
110000313,4371,5550,-1179
110000314,0,539,-539
110000315,4716,3593,1123
110000316,716,1688,-972
110000317,885,559,326
110000318,19,127,-108
110000319,21,29,-8
110000320,92,60,32
110000321,38,74,-36
110000322,490,632,-142
110000323,672,273,399
110000324,6009,1924,4085
110000325,3639,3902,-263
110000327,862,607,255
110000328,323,712,-389
110000333,1345,1016,329
110000334,1168,2175,-1007
110000335,1240,895,345
110000336,1021,1541,-520
110000337,1752,941,811
110000338,556,337,219
110000339,410,366,44
110000340,101,288,-187
110000341,693,718,-25
110000342,756,10,746
110000343,0,24,-24
110000344,184,238,-54
110000345,242,184,58
110000346,3481,2264,1217
110000347,1529,1107,422
110000348,25,46,-21
110000349,7,41,-34
110000350,91,12,79
110000351,1094,1135,-41
110000352,902,2481,-1579
110000353,3764,991,2773
110000354,1665,5128,-3463
110000355,160,146,14
110000356,1033,5,1028
110000357,487,19,468
110000361,42,94,-52
110000362,91,174,-83
110000363,379,170,209
110000364,303,591,-288
110000365,266,2,264
110000366,0,165,-165
110000367,611,275,336
110000368,5,93,-88
110000369,47,2,45
110000373,8,409,-401
110000374,282,23,259
110000375,182,1559,-1377
110000376,67,143,-76
110000377,97,821,-724
110000378,34,585,-551
110000379,4742,2788,1954
110000380,70,24,46
110000383,3,1167,-1164
110000384,3258,1125,2133
110000385,4,295,-291
110000387,103,11,92
110000388,80,302,-222
110000389,913,6,907
110000391,830,461,369
110000396,194,193,1
110000397,158,260,-102
110000398,2,54,-52
110000399,288,2,286
110000587,179,73,106
110000589,281,195,86
110000640,280,83,197
110000652,84,168,-84
110000653,418,599,-181
110000654,35,80,-45
110000656,2,843,-841
110000674,56,26,30
110000675,19,34,-15
110000676,6,66,-60
110000679,593,1602,-1009
110000682,155,263,-108
110000683,625,834,-209
110000684,9,71,-62
110000685,14,11,3
110000686,8,54,-46
110000687,42,3,39
110000688,112,1248,-1136
110000689,21,56,-35
110000692,165,361,-196
110000693,315,385,-70
110000694,1,186,-185
110000695,415,1051,-636
110000696,146,213,-67
110900001,292,25,267
110900002,670,406,264
110900003,1024,1138,-114
110900004,505,324,181
110900005,4908,2853,2055
110900006,53,16,37
110900007,156,27,129
110900008,8,54,-46
110900009,555,140,415
110900010,21,114,-93
110900011,21,154,-133
110900012,15,156,-141
110900013,1347,274,1073
110900014,290,16,274
110900015,1050,858,192
110900016,55,248,-193
110900017,555,54,501
110900018,638,94,544
110900019,196,34,162
110900020,136,652,-516
110900021,92,878,-786
110900022,129,511,-382
110900023,131,671,-540
110900024,45,613,-568
110900025,27,89,-62
110900027,66,306,-240
110900028,52,224,-172
110900029,32,588,-556
110900030,72,474,-402
110900031,2,252,-250
110900032,0,120,-120
110900033,69,350,-281
110900035,34,759,-725
110900036,102,37,65
110900037,100,38,62
110900038,1599,351,1248
110900039,7,385,-378
110900040,300,67,233
110900041,14,201,-187
110900042,139,89,50
110900043,11,221,-210
110900044,337,27,310
110900045,63,694,-631
110900046,97,362,-265
110900047,896,377,519
110900049,140,119,21
110900050,33,9,24
110900051,68,266,-198
110900052,10,260,-250
110900053,131,75,56
110900054,42,345,-303
110900055,43,6,37
110900056,92,145,-53
110900057,7,284,-277
110900058,403,341,62
110900059,827,986,-159
110900060,690,150,540
110900061,18,55,-37
110900062,173,356,-183
110900063,83,213,-130
110900064,20,0,20
110900065,579,217,362
110900066,7,122,-115
110900067,577,1156,-579
110900068,295,293,2
110900069,8,47,-39
110900070,122,47,75
110900071,452,853,-401
110900073,1,44,-43
110900074,443,130,313
110900075,567,147,420
110900077,1068,740,328
110900078,51,129,-78
110900079,2809,1447,1362
110900080,183,107,76
110900081,10,105,-95
110900082,140,245,-105
110900083,142,71,71
110900084,76,182,-106
110900085,75,532,-457
110900086,88,464,-376
110900087,470,134,336
110900088,12,0,12
110900090,49,67,-18
110900091,3,73,-70
110900093,697,140,557
110900095,95,82,13
110900097,23,18,5
110900098,41,162,-121
110900099,82,700,-618
110900100,0,33,-33
110900102,166,37,129
110900105,996,487,509
110900108,10,107,-97
110900111,565,192,373
110900112,1008,6,1002
110900113,656,55,601
110900115,20,123,-103
110900116,906,3046,-2140
110900118,138,3659,-3521
110900119,6268,510,5758
110900120,22,162,-140
110900121,126,2,124
110900122,444,259,185
110900125,435,510,-75
110900127,876,1561,-685
110900128,299,284,15
110900129,607,963,-356
110900130,1654,785,869
110900131,311,61,250
110900132,480,94,386
110900133,164,388,-224
110900135,150,591,-441
110900136,413,22,391
110900137,150,2,148
110900138,2019,445,1574
110900139,112,91,21
110900140,128,4,124
110900141,6,148,-142
110900142,121,233,-112
110900143,217,152,65
110900144,4,1014,-1010
110900145,239,66,173
110900146,843,225,618
110900147,180,471,-291
110900148,7,437,-430
110900149,1,175,-174
110900150,79,49,30
110900151,12,112,-100
110900152,44,425,-381
110900153,151,77,74
111000001,1162,711,451
111000002,935,970,-35
111000003,1498,1137,361
111000004,799,1461,-662
111000005,1794,1880,-86
111000006,1446,2185,-739
111000007,6777,5264,1513
111000008,4459,5269,-810
111000009,542,1330,-788
111000010,1091,468,623
111000011,634,1347,-713
111000012,1048,610,438
111000013,474,1454,-980
111000014,1970,906,1064
111000017,170,1075,-905
111000018,351,488,-137
111000020,2297,3447,-1150
111000021,128,163,-35
111000023,145,131,14
111000025,8558,5298,3260
111000029,117,148,-31
111000030,70,138,-68
111000031,2888,1647,1241
111000032,743,434,309
111000033,443,326,117
111000034,468,401,67
111000037,3443,1846,1597
111000038,5351,4204,1147
111000039,2849,3682,-833
111000040,2446,3769,-1323
111000041,2450,2547,-97
111000042,6512,3946,2566
111000043,2682,4302,-1620
111000044,2096,1393,703
111000045,2864,2877,-13
111000046,2184,2157,27
111000047,3037,5361,-2324
111000049,654,724,-70
111000050,2511,2383,128
111000051,801,1735,-934
111000052,870,2477,-1607
111000053,618,1366,-748
111000054,633,1374,-741
111000055,1643,2842,-1199
111000056,205,881,-676
111000057,93,926,-833
111000058,404,135,269
111000059,638,343,295
111000060,4818,1177,3641
111000061,652,550,102
111000062,1049,470,579
111000063,2523,1288,1235
111000064,727,964,-237
111000065,1457,1437,20
111000066,707,653,54
111000067,819,924,-105
111000068,812,1386,-574
111000069,2536,3166,-630
111000070,2509,1610,899
111000071,365,1006,-641
111000072,1351,675,676
111000073,409,1182,-773
111000074,2005,2253,-248
111000075,1302,1073,229
111000076,746,1184,-438
111000077,2349,2199,150
111000078,3632,2026,1606
111000079,1839,1180,659
111000080,699,1073,-374
111000081,2681,6675,-3994
111000082,895,922,-27
111000084,1083,790,293
111000085,1381,2090,-709
111000086,4519,1804,2715
111000087,1109,967,142
111000088,9692,2958,6734
111000089,1075,1207,-132
111000090,1268,1934,-666
111000091,1015,922,93
111000092,1579,1254,325
111000093,949,1390,-441
111000094,2675,1451,1224
111000095,892,3242,-2350
111000096,3245,10347,-7102
111000097,7610,1810,5800
111000098,1051,1869,-818
111000099,754,3023,-2269
111000100,566,2659,-2093
111000101,567,1284,-717
111000102,311,1070,-759
111000104,750,333,417
111000107,181,1095,-914
111000109,788,385,403
111000110,2277,1094,1183
111000111,2617,650,1967
111000112,2049,607,1442
111000113,1209,1873,-664
111000114,2810,4429,-1619
111000115,9615,1776,7839
111000116,1233,1567,-334
111000117,607,1323,-716
111000118,2009,1496,513
111000119,1448,1973,-525
111000120,619,985,-366
111000121,393,1012,-619
111000122,844,1438,-594
111000123,1492,4182,-2690
111000124,834,4440,-3606
111000125,328,2373,-2045
111000126,120,1418,-1298
111000127,1193,221,972
111000128,2141,562,1579
111000129,4023,727,3296
111000130,2569,1006,1563
111000131,1895,801,1094
111000132,1724,1108,616
111000133,232,235,-3
111000134,199,161,38
111000135,82,206,-124
111000136,513,488,25
111000138,30,27,3
111000140,5,15,-10
111000141,591,473,118
111000142,21,149,-128
111000143,4,129,-125
111000144,22,187,-165
111000145,1346,11,1335
111000146,122,16,106
111000147,305,39,266
111000148,603,166,437
111000149,11,49,-38
111000150,103,26,77
111000151,11,44,-33
111000153,884,923,-39
111000154,1136,277,859
111000155,141,307,-166
111000156,613,836,-223
111000157,323,1266,-943
111000158,1323,1007,316
111000159,4069,1007,3062
111000160,370,484,-114
111000161,15,397,-382
111000162,36,249,-213
111000163,868,1512,-644
111000164,1083,5711,-4628
111000165,1787,916,871
111000166,3021,588,2433
111000167,292,798,-506
111000168,328,681,-353
111000169,461,908,-447
111000170,717,761,-44
111000171,678,1143,-465
111000172,222,738,-516
111000173,531,1452,-921
111000174,243,679,-436
111000175,78,516,-438
111000176,534,229,305
111000177,396,371,25
111000178,1693,468,1225
111000179,252,236,16
111000180,376,503,-127
111000181,1277,444,833
111000182,221,290,-69
111000183,483,530,-47
111000184,532,362,170
111000185,552,600,-48
111000186,441,395,46
111000187,165,310,-145
111000188,297,690,-393
111000189,1785,734,1051
111000190,253,620,-367
111000191,252,640,-388
111000192,287,693,-406
111000193,442,481,-39
111000194,60,490,-430
111000195,210,483,-273
111000196,76,376,-300
111000197,481,235,246
111000198,719,177,542
111000199,244,240,4
111000200,413,454,-41
111000201,768,379,389
111000202,314,276,38
111000203,329,340,-11
111000204,534,1370,-836
111000213,304,673,-369
111000214,2121,2285,-164
111000215,1429,2025,-596
111000217,1931,1469,462
111000218,1591,1526,65
111000219,568,283,285
111000220,3126,1223,1903
111000221,1091,160,931
111000224,150,528,-378
111000225,397,288,109
111000226,227,3,224
111000227,77,3,74
111000228,31,485,-454
111000229,49,987,-938
111000230,422,702,-280
111000231,1212,1396,-184
111000232,676,1313,-637
111000233,1123,1057,66
111000234,150,459,-309
111000239,158,265,-107
111000240,46,274,-228
111000241,59,518,-459
111000242,127,135,-8
111000243,174,892,-718
111000244,560,149,411
111000245,1291,708,583
111000246,545,644,-99
111000247,370,1309,-939
111000248,714,617,97
111000249,680,1129,-449
111000250,39,134,-95
111000251,74,149,-75
111000253,8,19,-11
111000255,28,13,15
111000257,43,30,13
111000260,130,1552,-1422
111000261,1580,156,1424
111000271,54,380,-326
111000273,8300,2313,5987
111000274,1694,3618,-1924
111000275,191,107,84
111000276,428,3016,-2588
111000277,354,599,-245
111000278,826,405,421
111000291,953,7906,-6953
111000298,798,327,471
111000299,931,171,760
111000300,140,859,-719
111000302,319,130,189
111000303,92,349,-257
111000312,61,132,-71
111000315,31,356,-325
111000320,553,993,-440
111000321,459,173,286
111000322,397,702,-305
111000323,300,48,252
111000324,467,371,96
111000325,66,108,-42
111000326,237,507,-270
111000327,474,641,-167
111000328,275,695,-420
111000329,0,49,-49
111000330,87,45,42
111000331,27,14,13
111000332,706,2057,-1351
111000334,510,2166,-1656
111000335,1179,320,859
111000337,1648,567,1081
111000338,121,210,-89
111000339,839,829,10
111000340,206,1103,-897
111000341,1539,1191,348
111000342,362,551,-189
111000344,1303,1093,210
111000345,317,94,223
111000346,12,155,-143
111000347,213,15,198
111000350,272,164,108
111000351,146,397,-251
111000352,233,225,8
111000353,184,351,-167
111000354,700,220,480
111000355,417,835,-418
111000358,216,2128,-1912
111000360,249,1199,-950
111000361,109,504,-395
111000546,1158,925,233
111000547,388,950,-562
111000548,153,496,-343
111000549,375,622,-247
111000550,110,1208,-1098
111000551,1049,286,763
111000552,2179,147,2032
111000907,933,28,905
111000908,61,24,37
111000916,2270,434,1836
111000917,60,653,-593
111000918,227,1505,-1278
111000920,594,40,554
111000921,11,482,-471
111000922,684,530,154
111000924,52,1403,-1351
111000925,2783,3060,-277
111000926,1195,3013,-1818
111000927,3789,6546,-2757
111000928,6696,5588,1108
111000929,1624,1565,59
111000930,1200,3589,-2389
111000931,2451,3404,-953
111000932,6128,3234,2894
111000933,5048,3099,1949
111000934,2970,4474,-1504
111000935,1956,1644,312
111000936,1530,3059,-1529
111000937,1345,1830,-485
111000938,2323,2698,-375
111000939,536,68,468
111000940,531,259,272
111000941,433,922,-489
111000943,438,369,69
111000944,197,604,-407
111000945,124,2624,-2500
111001109,698,447,251
111001110,301,743,-442
111001111,112,9,103
111001112,281,0,281
111001113,9,274,-265
111001114,1811,211,1600
111001115,134,550,-416
111001116,7919,5429,2490
111001117,1006,3306,-2300
111001120,144,430,-286
111001121,239,390,-151
111001122,228,871,-643
111001123,288,185,103
111001124,141,282,-141
111001125,15,98,-83
111900001,4,151,-147
111900002,47,1156,-1109
111900003,6,607,-601
111900004,64,247,-183
111900006,4,79,-75
111900007,126,10,116
111900008,232,3,229
111900009,252,352,-100
111900010,400,829,-429
111900012,197,218,-21
111900013,39,123,-84
111900014,8323,4123,4200
111900015,0,85,-85
111900016,0,218,-218
111900017,0,211,-211
111900018,220,10,210
111900019,3,140,-137
111900020,5,72,-67
111900021,74,199,-125
111900022,43,122,-79
111900023,129,136,-7
111900024,0,99,-99
111900025,0,67,-67
111900026,4,145,-141
111900027,12,268,-256
111900028,4,582,-578
111900029,4,198,-194
111900030,67,504,-437
111900031,2,47,-45
111900032,0,493,-493
111900033,6,188,-182
111900034,385,925,-540
111900035,85,299,-214
111900036,0,368,-368
111900038,426,937,-511
111900039,75,557,-482
111900040,7,773,-766
111900042,63,212,-149
111900043,5,548,-543
111900044,444,311,133
111900046,48,307,-259
111900048,146,709,-563
111900049,37,404,-367
111900050,127,19,108
111900051,1,195,-194
111900052,597,912,-315
111900053,1667,1328,339
111900054,202,5,197
111900055,27,396,-369
111900056,356,262,94
111900057,82,72,10
111900058,338,962,-624
111900059,3071,623,2448
111900060,396,2,394
111900061,8,174,-166
111900062,32,79,-47
111900063,235,267,-32
111900064,113,208,-95
111900065,63,48,15
111900066,129,217,-88
111900067,4,448,-444
111900068,72,47,25
111900069,90,26,64
111900070,125,176,-51
111900071,3,271,-268
111900072,35,24,11
111900073,1052,180,872
111900074,15,243,-228
111900075,75,17,58
111900076,183,45,138
111900077,34,3,31
111900078,330,23,307
111900079,48,35,13
111900080,326,283,43
111900082,84,18,66
111900083,175,12,163
111900084,144,5,139
111900085,57,159,-102
111900086,25,3,22
111900087,62,1,61
111900088,562,7,555
111900089,113,9,104
111900090,97,48,49
111900091,140,2,138
111900092,116,0,116
111900093,534,8,526
111900094,101,2,99
111900095,231,26,205
111900096,91,0,91
111900097,53,0,53
111900098,201,5,196
111900099,92,0,92
111900100,116,5,111
111900101,140,33,107
111900102,572,958,-386
111900103,107,83,24
111900104,202,104,98
111900105,471,220,251
111900106,1867,102,1765
111900110,2837,429,2408
111900111,131,221,-90
111900112,1141,2782,-1641
111900113,404,117,287
111900118,495,105,390
111900119,387,174,213
111900122,155,88,67
111900123,31,33,-2
111900124,41,175,-134
111900125,597,25,572
111900126,363,6,357
111900127,4,858,-854
111900128,6,685,-679
111900129,331,14,317
111900130,299,37,262
111900131,497,5,492
111900132,41,1637,-1596
111900133,13,648,-635
111900134,37,372,-335
111900135,16,44,-28
111900136,130,174,-44
111900137,102,103,-1
111900138,17,139,-122
111900139,20,267,-247
111900140,98,28,70
111900141,50,5,45
111900142,85,20,65
111900143,11,313,-302
111900144,1,123,-122
111900145,2,746,-744
111900146,9,411,-402
111900147,207,616,-409
111900148,49,989,-940
111900149,18,440,-422
111900150,19,233,-214
111900151,6,29,-23
111900152,109,108,1
111900153,2148,528,1620
111900154,22,315,-293
111900155,49,110,-61
111900156,40,71,-31
111900157,125,21,104
111900158,646,71,575
111900159,323,28,295
111900160,264,0,264
111900161,188,2,186
111900162,105,268,-163
111900163,39,348,-309
111900164,128,101,27
111901113,615,459,156
111901114,260,496,-236
111901115,119,1,118
111901116,58,0,58
111901117,20,37,-17
111901118,127,306,-179
111901119,1454,102,1352
111901121,254,343,-89
111901122,8,711,-703
111901123,174,492,-318
111901124,184,3,181
111901125,399,300,99
111901127,1036,513,523
111901128,20,131,-111
111901129,6,208,-202
111901130,17,323,-306
111901131,4,318,-314
111901132,147,28,119
111901133,60,4,56
111901134,90,11,79
111901135,17,9,8
111901136,55,72,-17
111901137,2,46,-44
111901138,201,75,126
111901139,23,63,-40
111901140,25,181,-156
111901141,11,281,-270
111901142,1,172,-171
111901143,2,99,-97
111901144,61,66,-5
111901145,280,399,-119
111901146,657,45,612
112000001,2417,1230,1187
112000002,1007,3671,-2664
112000003,1642,1311,331
112000004,907,1811,-904
112000005,3648,3821,-173
112000006,2872,2847,25
112000007,3460,2630,830
112000008,3797,5135,-1338
112000009,5176,5142,34
112000010,3998,4264,-266
112000011,2767,3063,-296
112000012,9009,5050,3959
112000013,8372,4760,3612
112000014,5862,1778,4084
112000015,5465,5026,439
112000016,12756,1881,10875
112000017,5077,3354,1723
112000024,3329,1298,2031
112000026,5600,6818,-1218
112000027,1407,846,561
112000028,2338,2333,5
112000029,537,1131,-594
112000030,285,227,58
112000031,2575,7347,-4772
112000032,897,111,786
112000033,3311,2087,1224
112000034,613,96,517
112000035,182,576,-394
112000036,1869,1444,425
112000037,2762,1151,1611
112000038,2436,1423,1013
112000039,83,78,5
112000040,132,326,-194
112000041,815,725,90
112000042,1761,566,1195
112000050,1396,2521,-1125
112000051,1374,1660,-286
112000054,2447,3030,-583
112000057,757,539,218
112000058,746,1110,-364
112000059,786,1225,-439
112000061,5413,3153,2260
112000062,1949,1042,907
112000063,1569,1750,-181
112000064,5674,7983,-2309
112000065,3005,3590,-585
112000066,5119,2089,3030
112000067,1142,1059,83
112000068,4646,2873,1773
112000069,1373,2992,-1619
112000070,3367,1373,1994
112000071,1636,3656,-2020
112000072,3211,1331,1880
112000073,2385,2838,-453
112000074,2344,1611,733
112000075,2219,1776,443
112000076,4900,3710,1190
112000077,668,952,-284
112000078,2343,1188,1155
112000079,1938,1991,-53
112000080,987,1425,-438
112000081,2140,3025,-885
112000082,2087,1188,899
112000083,815,1798,-983
112000084,1606,1065,541
112000085,1849,1592,257
112000086,2459,1990,469
112000087,561,581,-20
112000088,802,896,-94
112000089,513,445,68
112000090,449,453,-4
112000091,872,1663,-791
112000092,2179,1580,599
112000093,2037,1278,759
112000094,779,1380,-601
112000095,904,1233,-329
112000096,681,1064,-383
112000097,1796,928,868
112000098,1335,1892,-557
112000099,966,1852,-886
112000100,2266,1395,871
112000101,735,1576,-841
112000102,1537,794,743
112000103,414,1667,-1253
112000105,834,2392,-1558
112000106,2246,598,1648
112000107,44,351,-307
112000108,449,2351,-1902
112000109,132,103,29
112000110,2748,857,1891
112000111,2156,5628,-3472
112000112,7862,1026,6836
112000113,1564,2699,-1135
112000114,5249,1508,3741
112000115,591,813,-222
112000116,1102,1625,-523
112000117,1800,1343,457
112000118,1732,1374,358
112000119,644,1121,-477
112000120,90,623,-533
112000121,170,787,-617
112000122,321,247,74
112000123,661,257,404
112000124,401,128,273
112000125,213,276,-63
112000126,277,766,-489
112000127,4288,2590,1698
112000128,1385,1080,305
112000129,167,168,-1
112000130,236,91,145
112000131,85,563,-478
112000132,152,430,-278
112000133,568,453,115
112000134,612,572,40
112000135,2156,1122,1034
112000136,1972,2027,-55
112000137,3394,3280,114
112000138,3657,2072,1585
112000139,1384,745,639
112000140,1491,1565,-74
112000141,1132,437,695
112000142,281,1099,-818
112000143,1507,373,1134
112000144,501,1996,-1495
112000145,2992,998,1994
112000146,970,2987,-2017
112000147,3000,2671,329
112000148,2349,3243,-894
112000149,645,990,-345
112000150,342,1004,-662
112000151,427,789,-362
112000152,445,642,-197
112000153,242,408,-166
112000154,103,396,-293
112000155,200,162,38
112000157,1365,902,463
112000158,373,932,-559
112000159,814,637,177
112000167,498,145,353
112000169,546,553,-7
112000173,927,325,602
112000175,795,581,214
112000176,5264,3366,1898
112000177,1001,285,716
112000178,152,658,-506
112000179,405,186,219
112000180,325,496,-171
112000181,1934,2870,-936
112000182,1414,2967,-1553
112000183,66,80,-14
112000184,521,840,-319
112000185,698,825,-127
112000187,5221,3237,1984
112000195,237,41,196
112000196,420,12,408
112000197,343,193,150
112000198,66,440,-374
112000199,1481,1510,-29
112000202,436,2,434
112000216,72,382,-310
112000230,152,15,137
112000231,4,369,-365
112000256,74,344,-270
112000313,124,208,-84
112000314,96,33,63
112000337,631,931,-300
112000352,757,594,163
112000392,1799,1856,-57
112000398,1772,1260,512
112000399,4034,3339,695
112000400,2569,5011,-2442
112000401,3706,4014,-308
112000402,3966,3599,367
112000403,4108,4127,-19
112000404,1015,1126,-111
112000405,2310,3860,-1550
112000406,5016,3943,1073
112000407,8086,10395,-2309
112000408,11450,10005,1445
112000409,2224,7291,-5067
112000410,587,314,273
112000411,6789,2610,4179
112000412,1872,754,1118
112000413,13293,6771,6522
112000414,130,163,-33
112000415,207,81,126
112000416,2879,1960,919
112000417,377,99,278
112000421,70,173,-103
112000422,529,786,-257
112000424,3944,4105,-161
112000425,672,1302,-630
112000426,193,589,-396
112000427,12,12,0
112000428,366,543,-177
112000429,3342,4488,-1146
112000430,3480,4268,-788
112000431,102,244,-142
112000432,826,1965,-1139
112000433,914,1500,-586
112000437,60,289,-229
112900001,43,2,41
112900002,466,1520,-1054
112900003,57,458,-401
112900004,87,414,-327
112900005,224,322,-98
112900006,19,545,-526
112900007,77,358,-281
112900008,1,45,-44
112900009,570,170,400
112900010,464,1083,-619
112900011,319,449,-130
112900012,0,39,-39
112900013,103,287,-184
112900014,4,442,-438
112900015,552,1074,-522
112900016,11,419,-408
112900017,73,390,-317
112900018,1,441,-440
112900019,78,284,-206
112900020,512,1724,-1212
112900021,3,393,-390
112900022,15,153,-138
112900023,2,316,-314
112900024,23,320,-297
112900025,138,511,-373
112900026,5,418,-413
112900027,21,1781,-1760
112900028,31,182,-151
112900029,8,936,-928
112900030,276,319,-43
112900031,2,751,-749
112900032,332,396,-64
112900034,1,82,-81
112900035,20,615,-595
112900036,59,215,-156
112900037,211,232,-21
112900038,801,229,572
112900039,31,469,-438
112900040,10,537,-527
112900041,1583,1785,-202
112900042,90,507,-417
112900043,87,48,39
112900044,854,659,195
112900045,556,505,51
112900046,296,118,178
112900047,21,20,1
112900049,267,131,136
112900050,85,755,-670
112900051,467,1006,-539
112900052,78,1535,-1457
112900053,447,168,279
112900054,241,56,185
112900055,227,33,194
112900056,649,226,423
112900057,22,882,-860
112900058,332,451,-119
112900059,192,240,-48
112900060,21,308,-287
112900061,103,219,-116
112900062,74,245,-171
112900063,134,13,121
112900064,314,286,28
112900065,49,31,18
112900066,254,198,56
112900067,694,282,412
112900068,50,42,8
112900069,3164,1292,1872
112900071,64,3,61
112900072,363,3203,-2840
112900073,529,120,409
112900074,162,258,-96
112900075,2363,1323,1040
112900076,142,27,115
112900078,376,637,-261
112900079,356,46,310
112900080,62,1,61
112900081,82,282,-200
112900082,616,30,586
112900083,163,96,67
112900084,334,159,175
112900086,67,0,67
112900087,1095,228,867
112900088,162,25,137
112900089,1057,49,1008
112900090,43,21,22
112900091,350,7,343
112900092,249,346,-97
112900093,2231,39,2192
112900095,24,0,24
112900096,643,262,381
112900097,128,538,-410
112900098,304,3,301
112900099,1240,28,1212
112900100,95,1,94
112900101,376,5,371
112900102,537,10,527
112900103,218,9,209
112900104,546,19,527
112900105,21,0,21
112900106,682,209,473
112900107,3,0,3
112900108,84,1,83
112900109,91,0,91
112900110,1126,13,1113
112900111,826,23,803
112900112,421,4,417
112900113,0,11,-11
112900114,144,80,64
112900115,1316,3,1313
112900116,104,31,73
112900117,99,117,-18
112900118,47,113,-66
112900119,270,2,268
112900120,1105,398,707
112900121,285,325,-40
112900122,27,201,-174
112900123,171,32,139
112900124,38,181,-143
112900125,132,745,-613
112900126,311,327,-16
112900127,511,112,399
112900128,525,1024,-499
112900129,2,1358,-1356
112900130,354,157,197
112900131,72,331,-259
112900132,131,683,-552
112900133,48,1732,-1684
112900134,1,393,-392
112900135,158,85,73
112900137,9,850,-841
112900138,5,568,-563
112900139,383,1720,-1337
112900141,1122,118,1004
112900142,104,253,-149
112900143,66,841,-775
112900144,1,422,-421
112900145,40,701,-661
112900146,9,1720,-1711
112900147,3,2796,-2793
112900148,104,1,103
112900149,337,738,-401
112900151,30,84,-54
112900152,5896,1331,4565
112900153,2797,2660,137
112900154,2,167,-165
112900155,269,31,238
112900156,424,1958,-1534
112900157,363,121,242
112900158,60,30,30
112900159,327,150,177
112900160,87,396,-309
112900161,150,48,102
112900162,43,35,8
112900163,156,51,105
112900164,55,267,-212
112900165,249,45,204
112900166,38,91,-53
112900167,11,54,-43
112900168,8,5,3
112900169,13,20,-7
112900170,91,118,-27
112900172,77,24,53
112900173,275,131,144
112900174,447,65,382
112900175,244,266,-22
112900176,10,54,-44
112900177,314,92,222
112900178,1039,4083,-3044
112900179,54,671,-617
112900180,3352,2653,699
112900181,708,10,698
112900182,82,1730,-1648
112900183,232,403,-171
112900184,609,635,-26
112900185,556,839,-283
112900186,2464,1257,1207
112900187,124,658,-534
112900188,911,615,296
112900189,20,57,-37
112900190,58,83,-25
112900192,843,933,-90
112900193,2029,491,1538
112900194,125,198,-73
112900195,1431,84,1347
112900196,229,513,-284
112900197,279,551,-272
112900199,788,942,-154
112900200,666,397,269
112900201,75,119,-44
112900202,445,1239,-794
112900203,266,514,-248
112900204,1346,717,629
112900205,4,15,-11
112900206,17,102,-85
112900207,24,0,24
112900208,62,455,-393
112900209,671,549,122
112900210,5,24,-19
112900211,130,191,-61
112900212,6,153,-147
112900213,27,10,17
112900214,43,14,29
112900215,4,247,-243
112900216,46,149,-103
112900217,1,81,-80
112900218,60,31,29
112900219,67,44,23
112900220,4,0,4
112900221,40,190,-150
112900222,2,139,-137
112900223,1645,19,1626
112900224,411,879,-468
112900225,566,675,-109
112900226,388,542,-154
112900227,530,1870,-1340
112900228,79,48,31
112900229,228,104,124
112900230,10867,6693,4174
112900232,342,363,-21
112900233,117,276,-159
112900234,16,222,-206
112900235,131,33,98
112900236,321,20,301
112900237,321,366,-45
112900238,6,80,-74
112900239,1371,558,813
113000001,7475,10236,-2761
113000002,4827,5462,-635
113000003,2541,4039,-1498
113000004,2701,4246,-1545
113000005,2043,1665,378
113000006,1697,2449,-752
113000007,2856,2027,829
113000008,2949,2761,188
113000009,1414,1326,88
113000010,1626,2244,-618
113000011,1206,2250,-1044
113000012,2094,1318,776
113000013,1822,906,916
113000014,2084,1722,362
113000015,949,306,643
113000016,670,843,-173
113000017,129,466,-337
113000018,611,72,539
113000019,426,340,86
113000020,463,52,411
113000021,2656,965,1691
113000022,844,1580,-736
113000025,131,404,-273
113000026,735,713,22
113000027,1703,760,943
113000028,2053,805,1248
113000029,1069,860,209
113000030,578,936,-358
113000031,410,446,-36
113000032,368,469,-101
113000033,402,621,-219
113000034,547,521,26
113000035,52,56,-4
113000036,32,65,-33
113000037,98,55,43
113000038,13,59,-46
113000039,96,985,-889
113000040,55,129,-74
113000042,1029,960,69
113000051,1226,3989,-2763
113000052,3020,1663,1357
113000053,546,864,-318
113000054,429,1489,-1060
113000055,1678,1170,508
113000056,1216,1528,-312
113000058,1186,1204,-18
113000059,1539,920,619
113000060,331,794,-463
113000061,706,1533,-827
113000062,1835,396,1439
113000063,226,281,-55
113000064,55,552,-497
113000065,243,1353,-1110
113000066,899,166,733
113000067,2693,2149,544
113000068,543,2351,-1808
113000069,833,1868,-1035
113000070,3123,1571,1552
113000071,580,982,-402
113000072,1018,709,309
113000073,732,2403,-1671
113000074,1589,704,885
113000075,2655,1107,1548
113000076,1303,2879,-1576
113000077,2044,843,1201
113000078,1071,3857,-2786
113000079,1501,1361,140
113000080,1155,946,209
113000081,1315,1364,-49
113000082,2312,1197,1115
113000083,821,1390,-569
113000084,2488,1772,716
113000085,1201,1173,28
113000086,1720,1915,-195
113000087,1345,1541,-196
113000088,3950,1962,1988
113000089,1250,2641,-1391
113000090,403,1055,-652
113000091,1004,581,423
113000094,1974,345,1629
113000095,431,1266,-835
113000096,250,1077,-827
113000097,1826,592,1234
113000098,149,38,111
113000099,1687,547,1140
113000100,186,594,-408
113000101,565,869,-304
113000102,981,603,378
113000103,3411,752,2659
113000104,646,3522,-2876
113000105,1033,572,461
113000106,450,821,-371
113000107,1064,1102,-38
113000108,1131,2084,-953
113000109,793,4874,-4081
113000110,2203,755,1448
113000111,244,1095,-851
113000112,527,528,-1
113000113,2083,498,1585
113000114,441,2554,-2113
113000116,1272,439,833
113000117,1294,174,1120
113000118,311,1092,-781
113000119,712,547,165
113000120,201,378,-177
113000121,1363,1455,-92
113000124,303,192,111
113000125,73,1083,-1010
113000127,4150,709,3441
113000128,783,976,-193
113000129,919,1772,-853
113000133,4362,2726,1636
113000134,20,1853,-1833
113000135,5126,6948,-1822
113000137,2875,4638,-1763
113000139,635,342,293
113000140,254,481,-227
113000141,661,315,346
113000142,1490,1966,-476
113000143,442,314,128
113000144,681,1227,-546
113000145,90,187,-97
113000146,184,105,79
113000147,192,149,43
113000148,168,167,1
113000149,116,196,-80
113000150,857,507,350
113000151,122,128,-6
113000152,38,172,-134
113000153,2336,997,1339
113000154,1088,2425,-1337
113000155,508,941,-433
113000156,201,609,-408
113000157,434,1560,-1126
113000158,967,394,573
113000159,1358,1018,340
113000160,901,1852,-951
113000161,409,848,-439
113000162,1257,711,546
113000163,147,93,54
113000164,53,134,-81
113000166,233,181,52
113000167,75,163,-88
113000168,99,240,-141
113000169,192,90,102
113000170,173,118,55
113000171,76,139,-63
113000172,319,117,202
113000173,84,22,62
113000174,172,739,-567
113000175,580,172,408
113000176,615,192,423
113000177,195,578,-383
113000178,227,528,-301
113000179,490,264,226
113000180,1325,2021,-696
113000181,1541,1443,98
113000182,264,747,-483
113000183,278,814,-536
113000184,19,176,-157
113000189,758,1397,-639
113000190,2174,961,1213
113000192,2740,2476,264
113000193,6797,1589,5208
113000194,3050,1630,1420
113000195,3890,1199,2691
113000196,376,89,287
113000197,2993,1732,1261
113000198,109,503,-394
113000199,3108,565,2543
113000201,2154,404,1750
113000202,6245,5564,681
113000203,552,400,152
113000204,2508,2453,55
113000205,21,27,-6
113000206,7,69,-62
113000207,65,30,35
113000208,47,73,-26
113000209,33,46,-13
113000210,7,38,-31
113000211,406,290,116
113000212,259,37,222
113000213,129,305,-176
113000214,283,523,-240
113000234,216,1594,-1378
113000410,613,296,317
113000411,4963,6538,-1575
113000412,11138,3556,7582
113000413,5180,5124,56
113000414,12198,22814,-10616
113000415,3857,5144,-1287
113000416,13401,6932,6469
113000417,4393,5503,-1110
113000418,6627,4344,2283
113000419,2754,3236,-482
113000420,5907,8639,-2732
113000421,5777,9772,-3995
113000422,20811,16603,4208
113000423,3678,7826,-4148
113000424,5294,13910,-8616
113000425,53,174,-121
113000428,131,22,109
113000430,21,53,-32
113000432,3385,235,3150
113000433,182,1255,-1073
113000434,42,279,-237
113000435,37,980,-943
113000436,79,1822,-1743
113000437,1134,40,1094
113000438,391,16,375
113000439,28,189,-161
113000440,195,52,143
113000441,296,411,-115
113000442,177,257,-80
113000443,359,415,-56
113000444,298,383,-85
113000445,150,238,-88
113000446,56,154,-98
113000448,376,324,52
113000449,450,2185,-1735
113000450,1126,8782,-7656
113000451,2049,319,1730
113000452,784,1409,-625
113000453,137,558,-421
113000454,3789,140,3649
113000455,106,263,-157
113000456,5938,4188,1750
113000468,2964,593,2371
113000469,470,360,110
113000470,767,71,696
113000471,16,696,-680
113000472,151,554,-403
113000474,662,956,-294
113000475,2326,2529,-203
113000476,1721,2428,-707
113000477,3479,3024,455
113000478,5626,7879,-2253
113000479,158,329,-171
113000480,164,173,-9
113000484,0,0,0
113000485,3,0,3
113000486,4,0,4
113000487,0,0,0
113000488,0,0,0
113000489,0,0,0
113000490,0,0,0
113000491,2,8,-6
113000492,0,0,0
113000493,0,0,0
113000495,301,239,62
113000496,212,185,27
113000499,0,0,0
113900001,10,448,-438
113900002,2,260,-258
113900003,0,244,-244
113900004,3,156,-153
113900005,1,146,-145
113900006,59,54,5
113900007,585,64,521
113900008,470,3,467
113900009,870,2,868
113900010,1202,7,1195
113900011,193,4,189
113900012,69,7,62
113900013,2950,36,2914
113900014,790,4,786
113900015,0,68,-68
113900016,52,0,52
113900017,4,101,-97
113900018,687,315,372
113900019,199,81,118
113900020,216,0,216
113900022,26,0,26
113900023,61,1,60
113900024,82,111,-29
113900025,410,36,374
113900026,61,1,60
113900027,2,117,-115
113900028,39,579,-540
113900029,79,272,-193
113900030,334,15,319
113900031,23,1,22
113900032,33,1,32
113900033,148,117,31
113900035,63,2,61
113900036,43,157,-114
113900037,156,715,-559
113900038,110,183,-73
113900039,255,25,230
113900040,10,16,-6
113900041,6,11,-5
113900042,165,67,98
113900043,333,213,120
113900044,306,310,-4
113900045,101,3,98
113900046,355,812,-457
113900047,91,191,-100
113900048,345,115,230
113900049,861,548,313
113900050,442,551,-109
113900051,413,596,-183
113900052,196,260,-64
113900053,1078,761,317
113900054,42,6,36
113900055,90,674,-584
113900056,125,308,-183
113900057,19,173,-154
113900058,143,311,-168
113900059,319,546,-227
113900060,165,438,-273
113900061,1485,356,1129
113900062,142,19,123
113900063,203,225,-22
113900064,38,218,-180
113900065,633,31,602
113900066,525,607,-82
113900067,270,465,-195
113900068,777,707,70
113900069,145,38,107
113900070,297,641,-344
113900071,137,118,19
113900072,91,284,-193
113900073,317,648,-331
113900074,421,512,-91
113900075,1892,1873,19
113900076,383,15,368
113900077,88,360,-272
113900078,80,94,-14
113900079,2,83,-81
113900080,687,284,403
113900081,115,385,-270
113900082,205,478,-273
113900083,377,670,-293
113900084,377,200,177
113900085,53,449,-396
113900086,16,26,-10
113900087,111,200,-89
113900088,101,140,-39
113900089,608,85,523
113900090,895,546,349
113900091,34,36,-2
113900092,93,149,-56
113900093,125,1171,-1046
113900094,586,642,-56
113900095,193,220,-27
113900096,446,68,378
113900097,61,163,-102
113900098,789,173,616
113900099,2,107,-105
113900100,2,1,1
113900101,35,116,-81
113900102,257,190,67
113900103,560,405,155
113900104,152,371,-219
113900105,156,544,-388
113900106,1,111,-110
113900107,1,58,-57
113900108,393,415,-22
113900109,526,248,278
113900110,108,41,67
113900111,219,154,65
113900112,197,126,71
113900113,1520,723,797
113900114,5,212,-207
113900115,0,138,-138
113900116,154,243,-89
113900117,315,58,257
113900118,297,575,-278
113900119,383,764,-381
113900120,86,59,27
113900121,70,131,-61
113900122,585,2543,-1958
113900123,688,267,421
113900124,0,105,-105
113900125,1681,211,1470
113900126,209,76,133
113900127,408,856,-448
113900128,183,91,92
113900129,11,199,-188
113900130,9,78,-69
113900131,322,182,140
113900132,136,113,23
113900133,26,58,-32
113900135,472,594,-122
113900136,162,160,2
113900137,623,375,248
113900138,100,388,-288
113900139,662,156,506
113900140,530,456,74
113900141,653,590,63
113900142,161,108,53
113900143,9,64,-55
113900144,657,377,280
113900145,496,261,235
113900146,228,91,137
113900148,201,560,-359
113900149,267,125,142
113900150,1319,1050,269
113900151,661,356,305
113900152,33,52,-19
113900153,721,1008,-287
113900154,2,129,-127
113900155,348,233,115
113900156,332,806,-474
113900157,62,391,-329
113900158,1041,628,413
113900159,20,304,-284
113900160,855,1011,-156
113900161,87,343,-256
113900162,1160,1313,-153
113900163,501,405,96
113900164,465,108,357
113900165,875,735,140
113900166,385,270,115
113900167,385,74,311
113900168,213,209,4
113900169,348,611,-263
113900171,291,103,188
113900172,15,249,-234
113900173,67,825,-758
113900174,646,872,-226
113900175,539,219,320
113900176,429,883,-454
113900177,498,341,157
113900178,382,177,205
113900179,24,766,-742
113900180,234,158,76
113900181,1000,163,837
113900182,1099,1431,-332
113900183,87,100,-13
113900184,14,633,-619
113900185,279,121,158
113900186,33,70,-37
113900187,44,223,-179
113900188,70,232,-162
113900189,377,185,192
113900190,433,197,236
113900191,159,346,-187
113900192,7,890,-883
113900193,45,348,-303
113900194,2583,1626,957
113900195,415,702,-287
113900196,18,192,-174
113900197,4,289,-285
113900198,34,236,-202
113900199,230,1081,-851
113900200,29,423,-394
113900201,4,298,-294
113900202,50,506,-456
113900203,3,163,-160
113900204,70,809,-739
113900205,11,261,-250
113900206,15,215,-200
113900207,0,75,-75
113900208,0,80,-80
113900209,0,132,-132
113900210,953,1092,-139
113900211,331,102,229
113900212,324,784,-460
113900214,740,618,122
113900215,66,173,-107
113900216,135,1555,-1420
113900217,107,353,-246
113900218,164,63,101
113900219,139,519,-380
113900220,251,186,65
113900221,453,352,101
113900222,388,839,-451
113900223,234,1435,-1201
113900224,141,110,31
113900225,880,361,519
113900226,464,194,270
113900227,437,336,101
113900228,428,593,-165
113900229,88,1126,-1038
113900230,7026,4592,2434
113900231,238,356,-118
113900232,155,149,6
113900233,128,79,49
113900234,498,699,-201
113900235,147,69,78
113900236,137,499,-362
113900237,259,16,243
113900238,407,856,-449
113900239,110,121,-11
113900240,12,239,-227
113900241,163,89,74
113900242,53,234,-181
113900243,173,710,-537
113900244,618,419,199
113900245,1813,414,1399
113900246,42,40,2
113900247,284,575,-291
113900248,4585,2792,1793
113900249,1559,605,954
113900250,64,233,-169
113900251,928,315,613
113900252,860,40,820
113900253,1198,87,1111
113900254,1205,272,933
113900255,648,29,619
113900256,501,52,449
113900257,27,831,-804
113900258,22,695,-673
113900259,869,267,602
113900260,270,32,238
113900261,60,114,-54
113900262,218,947,-729
113900263,262,926,-664
113900264,7,689,-682
113900265,196,491,-295
113900266,59,310,-251
113900267,171,658,-487
113900268,513,594,-81
113900269,105,225,-120
113900270,401,772,-371
113900271,898,1787,-889
113900273,58,19,39
113900274,105,40,65
113900275,47,101,-54
113900276,5,292,-287
113900277,177,6,171
113900278,376,234,142
113900279,166,120,46
113900280,1866,777,1089
113900281,809,1950,-1141
113900282,1207,753,454
113900283,607,658,-51
113900284,1170,195,975
113900285,160,30,130
113900286,12,147,-135
113900287,67,52,15
113900288,1,294,-293
113900289,1654,165,1489
113900290,624,332,292
113900291,184,239,-55
113900292,8,11,-3
113900293,10,475,-465
113900294,712,33,679
113900295,685,568,117
113900296,2719,513,2206
113900297,2741,72,2669
113900298,16,2219,-2203
113900299,99,245,-146
113900300,7752,4736,3016
113900301,1523,747,776
113900302,3295,1484,1811
113900303,819,672,147
113900304,2,225,-223
113900305,138,1,137
113900306,37,0,37
113900307,173,0,173
113900308,130,206,-76
113900309,5,1069,-1064
113900310,4,20,-16
113900311,5,0,5
113900312,262,247,15
113900313,39,16,23
114000001,1452,4705,-3253
114000002,341,632,-291
114000003,65,420,-355
114000004,460,508,-48
114000005,408,313,95
114000006,4105,3466,639
114000007,1175,2160,-985
114000008,2120,2401,-281
114000009,1171,370,801
114000011,3481,4451,-970
114000012,2862,3359,-497
114000013,2131,2918,-787
114000014,673,442,231
114000015,2849,723,2126
114000016,310,537,-227
114000017,174,558,-384
114000018,460,75,385
114000026,2263,2035,228
114000027,4485,2971,1514
114000028,3395,3735,-340
114000038,483,197,286
114000039,195,98,97
114000040,147,359,-212
114000042,184,254,-70
114000043,81,187,-106
114000044,296,70,226
114000045,86,122,-36
114000046,4642,7475,-2833
114000047,52,116,-64
114000048,104,77,27
114000049,2546,2251,295
114000050,2467,3129,-662
114000051,5079,2968,2111
114000052,6493,2268,4225
114000053,129,876,-747
114000054,351,1572,-1221
114000055,706,89,617
114000056,1613,1095,518
114000057,11103,3260,7843
114000058,843,2447,-1604
114000059,476,627,-151
114000060,990,1415,-425
114000061,5003,3844,1159
114000062,3746,1971,1775
114000063,3736,2460,1276
114000064,9750,5619,4131
114000065,2299,3689,-1390
114000066,614,844,-230
114000067,44,1047,-1003
114000068,663,1130,-467
114000069,1722,992,730
114000070,3301,2380,921
114000071,1218,968,250
114000072,693,556,137
114000073,16,133,-117
114000074,45,21,24
114000075,54,246,-192
114000076,22,193,-171
114000077,12,61,-49
114000078,414,1230,-816
114000079,208,33,175
114000080,116,145,-29
114000081,83,105,-22
114000082,72,757,-685
114000083,86,440,-354
114000084,526,121,405
114000085,150,1031,-881
114000086,346,707,-361
114000087,147,375,-228
114000088,49,60,-11
114000089,1767,674,1093
114000090,1004,1225,-221
114000091,2124,1323,801
114000092,1516,1048,468
114000093,1921,1436,485
114000094,596,515,81
114000095,573,201,372
114000096,219,619,-400
114000097,176,1010,-834
114000098,707,137,570
114000099,726,922,-196
114000100,1720,1149,571
114000101,556,1281,-725
114000102,724,589,135
114000103,163,655,-492
114000104,41,441,-400
114000105,196,159,37
114000106,1604,1500,104
114000107,475,186,289
114000108,2834,1680,1154
114000109,579,1479,-900
114000110,887,2220,-1333
114000111,2025,1090,935
114000112,670,2520,-1850
114000113,1493,677,816
114000114,1843,2042,-199
114000115,2827,1322,1505
114000116,1021,2091,-1070
114000117,3806,678,3128
114000118,2945,678,2267
114000119,2211,635,1576
114000120,718,1297,-579
114000121,630,1121,-491
114000122,595,506,89
114000123,2454,555,1899
114000124,1326,472,854
114000125,1230,2136,-906
114000126,4603,340,4263
114000127,268,298,-30
114000128,1205,726,479
114000130,713,825,-112
114000131,362,274,88
114000132,873,915,-42
114000133,1425,2297,-872
114000134,107,294,-187
114000138,76,348,-272
114000139,558,262,296
114000144,1062,719,343
114000145,135,375,-240
114000146,182,445,-263
114000147,1873,2157,-284
114000148,2706,2655,51
114000149,489,472,17
114000150,1007,877,130
114000151,1117,1630,-513
114000152,232,45,187
114000153,1074,2655,-1581
114000154,1092,1082,10
114000155,1803,3540,-1737
114000156,1403,874,529
114000157,389,1441,-1052
114000158,2673,1229,1444
114000159,221,611,-390
114000160,163,400,-237
114000161,2114,3784,-1670
114000162,1496,3385,-1889
114000163,21,246,-225
114000165,697,291,406
114000166,1004,563,441
114000167,5196,1930,3266
114000168,977,999,-22
114000169,2341,1409,932
114000170,1714,1476,238
114000171,1347,4760,-3413
114000174,348,783,-435
114000176,861,586,275
114000177,3169,1159,2010
114000178,80,78,2
114000179,1661,1285,376
114000180,712,1021,-309
114000181,2270,4654,-2384
114000182,6220,3217,3003
114000183,1379,1397,-18
114000184,7406,1805,5601
114000185,1510,1304,206
114000189,1141,171,970
114000190,3191,438,2753
114000191,72,91,-19
114000192,427,2333,-1906
114000193,1157,4424,-3267
114000194,1852,1559,293
114000195,213,22,191
114000196,1,437,-436
114000197,1483,54,1429
114000198,1880,489,1391
114000199,3162,2165,997
114000200,862,2710,-1848
114000201,333,1282,-949
114000202,1548,953,595
114000203,641,1041,-400
114000204,214,741,-527
114000205,380,2020,-1640
114000206,659,1940,-1281
114000207,1032,2938,-1906
114000208,680,4304,-3624
114000209,946,3809,-2863
114000210,482,2213,-1731
114000211,1362,2248,-886
114000212,1194,1105,89
114000213,1845,922,923
114000214,128,317,-189
114000215,293,148,145
114000216,2615,551,2064
114000217,276,453,-177
114000218,171,376,-205
114000219,1780,430,1350
114000220,32,1555,-1523
114000221,1082,298,784
114000222,249,1631,-1382
114000223,557,172,385
114000224,149,1000,-851
114000225,307,879,-572
114000226,217,326,-109
114000227,1329,672,657
114000228,1006,1261,-255
114000229,1519,1664,-145
114000230,2042,1867,175
114000231,1258,1902,-644
114000232,833,184,649
114000233,2666,197,2469
114000234,1507,1183,324
114000235,1338,2000,-662
114000236,0,707,-707
114000237,160,1435,-1275
114000238,233,290,-57
114000239,242,1926,-1684
114000240,1140,1093,47
114000241,321,1410,-1089
114000242,1266,1358,-92
114000243,2488,1237,1251
114000244,1092,592,500
114000245,435,860,-425
114000246,294,47,247
114000247,1049,1020,29
114000248,1670,887,783
114000249,697,763,-66
114000250,583,991,-408
114000251,433,424,9
114000252,103,107,-4
114000253,69,200,-131
114000254,64,157,-93
114000255,1040,319,721
114000256,2880,2890,-10
114000257,653,2115,-1462
114000258,457,582,-125
114000259,187,339,-152
114000260,0,39,-39
114000261,79,59,20
114000262,349,284,65
114000263,11,7,4
114000264,1680,843,837
114000265,0,1,-1
114000267,11,2230,-2219
114000268,2,2354,-2352
114000270,215,2,213
114000271,791,93,698
114000283,1483,631,852
114000285,50,399,-349
114000288,97,448,-351
114000289,1926,168,1758
114000293,211,781,-570
114000294,167,451,-284
114000395,2411,87,2324
114000396,685,638,47
114000402,637,382,255
114000403,347,581,-234
114000405,171,806,-635
114000423,339,680,-341
114000424,553,273,280
114000425,810,600,210
114000426,412,1332,-920
114000427,42,126,-84
114000428,405,150,255
114000429,28,311,-283
114000432,106,158,-52
114000434,68,132,-64
114000435,10,360,-350
114900001,1004,1746,-742
114900002,1102,153,949
114900003,843,2383,-1540
114900004,418,585,-167
114900005,841,1278,-437
114900006,108,88,20
114900007,345,43,302
114900008,286,130,156
114900010,3402,2990,412
114900011,284,217,67
114900013,407,249,158
114900015,126,711,-585
114900018,1165,23,1142
114900020,307,131,176
114900022,57,928,-871
114900024,549,184,365
114900025,629,329,300
114900026,104,152,-48
114900027,371,338,33
114900029,94,36,58
114900030,556,311,245
114900031,526,47,479
114900032,597,70,527
114900033,2062,1082,980
114900034,76,337,-261
114900035,211,499,-288
114900036,319,1204,-885
114900037,175,283,-108
114900038,274,1097,-823
114900039,794,896,-102
114900040,113,316,-203
114900041,1021,774,247
114900042,1054,1008,46
114900043,1150,484,666
114900044,206,35,171
114900046,57,233,-176
114900047,317,2541,-2224
114900048,127,380,-253
114900049,11,308,-297
114900050,74,733,-659
114900051,61,561,-500
114900052,102,305,-203
114900053,258,462,-204
114900054,77,205,-128
114900057,375,17,358
114900058,0,122,-122
114900059,105,82,23
114900060,2040,1302,738
114900061,189,286,-97
114900062,402,569,-167
114900063,79,320,-241
114900064,1641,806,835
114900065,464,1073,-609
114900067,100,562,-462
114900068,94,208,-114
114900069,299,195,104
114900070,810,686,124
114900072,7,533,-526
114900073,3,336,-333
114900074,720,1123,-403
114900075,400,8,392
114900076,19,523,-504
114900080,3300,600,2700
114900082,5254,2478,2776
114900083,1842,1721,121
114900090,610,425,185
114900091,182,299,-117
114900095,635,221,414
114900096,650,1183,-533
114900097,160,0,160
114900098,3,319,-316
114900099,320,16,304
115000001,10470,7179,3291
115000002,4695,5650,-955
115000003,6541,5388,1153
115000004,5298,7922,-2624
115000005,2250,3601,-1351
115000006,1401,2377,-976
115000007,118,323,-205
115000008,599,699,-100
115000009,351,393,-42
115000010,514,210,304
115000013,164,335,-171
115000015,84,507,-423
115000016,287,446,-159
115000019,32,708,-676
115000020,208,923,-715
115000021,359,539,-180
115000022,763,482,281
115000023,498,812,-314
115000024,1674,775,899
115000025,1242,965,277
115000026,220,668,-448
115000027,360,480,-120
115000028,343,1142,-799
115000029,886,222,664
115000030,1071,1406,-335
115000031,1553,527,1026
115000032,5,275,-270
115000033,225,36,189
115000034,209,1580,-1371
115000035,1453,86,1367
115000036,2,551,-549
115000037,722,13,709
115000038,65,268,-203
115000039,4878,4290,588
115000040,9260,4189,5071
115000041,1856,4164,-2308
115000042,1450,1093,357
115000043,4761,3253,1508
115000044,5160,5387,-227
115000045,3908,2787,1121
115000046,2738,3760,-1022
115000047,2505,2381,124
115000048,2177,3891,-1714
115000049,2343,5400,-3057
115000050,4063,2713,1350
115000051,2564,4117,-1553
115000052,3856,2748,1108
115000053,2167,2583,-416
115000054,955,1843,-888
115000055,193,631,-438
115000056,268,600,-332
115000057,1153,969,184
115000058,575,217,358
115000059,267,246,21
115000061,464,157,307
115000062,428,417,11
115000063,440,532,-92
115000064,306,194,112
115000065,56,630,-574
115000067,305,32,273
115000069,124,377,-253
115000070,41,1352,-1311
115000071,177,21,156
115000072,9,93,-84
115000073,1742,113,1629
115000075,140,114,26
115000076,4899,4242,657
115000077,2659,3839,-1180
115000078,1816,2267,-451
115000079,1639,2873,-1234
115000080,3062,3531,-469
115000081,573,1370,-797
115000082,5160,5052,108
115000083,2889,3593,-704
115000084,2742,1855,887
115000085,961,1409,-448
115000086,1358,1256,102
115000087,574,2224,-1650
115000088,2333,989,1344
115000089,2180,1802,378
115000090,869,1361,-492
115000091,401,1392,-991
115000092,524,543,-19
115000093,603,5,598
115000094,10817,7285,3532
115000095,7754,7715,39
115000096,851,2695,-1844
115000097,1051,1475,-424
115000098,1314,1202,112
115000099,3202,4180,-978
115000100,1527,730,797
115000101,814,2129,-1315
115000102,567,333,234
115000103,470,999,-529
115000105,60,231,-171
115000106,796,507,289
115000107,251,716,-465
115000108,5099,3529,1570
115000109,6932,5422,1510
115000110,1919,1880,39
115000111,902,2300,-1398
115000112,922,854,68
115000113,771,1235,-464
115000114,2194,1162,1032
115000116,5552,2672,2880
115000117,5717,4090,1627
115000118,3165,2625,540
115000119,2657,3270,-613
115000120,909,1873,-964
115000121,2087,1444,643
115000122,5422,3049,2373
115000123,2564,3008,-444
115000124,1318,1501,-183
115000125,776,799,-23
115000126,275,436,-161
115000127,596,201,395
115000128,1033,1107,-74
115000129,480,487,-7
115000130,555,1365,-810
115000131,1099,385,714
115000132,326,670,-344
115000133,897,426,471
115000134,623,339,284
115000135,578,326,252
115000136,425,274,151
115000137,250,290,-40
115000138,335,345,-10
115000139,336,327,9
115000140,359,365,-6
115000141,254,400,-146
115000142,236,465,-229
115000143,742,691,51
115000144,598,103,495
115000145,308,569,-261
115000146,619,343,276
115000147,720,712,8
115000148,406,1917,-1511
115000149,1033,347,686
115000150,961,1699,-738
115000151,1635,797,838
115000152,990,2022,-1032
115000153,1532,844,688
115000154,1201,509,692
115000155,891,1492,-601
115000156,1566,953,613
115000157,1226,1189,37
115000158,1114,584,530
115000159,1082,747,335
115000160,996,1018,-22
115000161,768,850,-82
115000162,876,942,-66
115000163,852,678,174
115000164,875,722,153
115000165,589,530,59
115000167,198,122,76
115000168,893,452,441
115000169,971,470,501
115000170,288,174,114
115000171,423,280,143
115000172,2197,924,1273
115000173,578,765,-187
115000174,284,403,-119
115000175,350,131,219
115000176,235,113,122
115000177,287,183,104
115000178,63,414,-351
115000179,94,44,50
115000180,240,960,-720
115000181,776,207,569
115000182,1039,577,462
115000183,369,1377,-1008
115000186,827,389,438
115000187,256,1149,-893
115000188,555,754,-199
115000189,351,611,-260
115000190,1151,730,421
115000191,440,749,-309
115000194,295,291,4
115000195,559,392,167
115000196,207,135,72
115000197,325,429,-104
115000198,393,322,71
115000199,471,357,114
115000200,459,168,291
115000201,231,557,-326
115000206,575,139,436
115000207,176,471,-295
115000208,716,1008,-292
115000209,835,391,444
115000210,232,143,89
115000211,314,341,-27
115000212,2503,461,2042
115000224,530,100,430
115000225,73,93,-20
115000229,317,244,73
115000230,116,546,-430
115000231,404,3160,-2756
115000232,1784,445,1339
115000233,199,274,-75
115000234,50,454,-404
115000241,103,354,-251
115000242,160,503,-343
115000243,47,327,-280
115000244,12,141,-129
115000246,51,45,6
115000247,43,37,6
115000248,42,32,10
115000249,41,28,13
115000250,495,55,440
115000251,344,212,132
115000252,133,317,-184
115000253,13,517,-504
115000258,376,268,108
115000259,454,193,261
115000261,23,19,4
115000262,7,27,-20
115000263,18,86,-68
115000264,42,62,-20
115000267,85,116,-31
115000268,33,137,-104
115000269,141,86,55
115000270,8,25,-17
115000272,82,221,-139
115000273,571,55,516
115000280,2630,240,2390
115000281,717,865,-148
115000282,1996,987,1009
115000284,453,275,178
115000296,1495,38,1457
115000297,421,155,266
115000298,110,542,-432
115000300,375,273,102
115000302,868,324,544
115000303,1031,194,837
115000304,1038,132,906
115000305,135,1418,-1283
115000306,284,641,-357
115000307,147,284,-137
115000308,43,20,23
115000309,24,79,-55
115000310,1266,1341,-75
115000311,1052,1842,-790
115000313,151,1053,-902
115000314,576,157,419
115000315,1309,630,679
115000316,52,178,-126
115000317,317,839,-522
115000318,1233,504,729
115000319,84,443,-359
115000320,19,379,-360
115000321,631,19,612
115000322,60,352,-292
115000449,402,272,130
115000557,3,1726,-1723
115000558,766,97,669
115000587,781,606,175
115000588,3601,4672,-1071
115000589,5358,3417,1941
115000590,1660,2102,-442
115000591,2322,1130,1192
115000592,1066,2830,-1764
115000593,1963,953,1010
115000594,1126,3337,-2211
115000609,217,205,12
115000617,3187,4789,-1602
115000624,361,147,214
115000633,549,3052,-2503
115000634,3781,1342,2439
115000635,796,183,613
115000638,1534,1093,441
115000641,80,200,-120
115000642,405,378,27
115000643,151,790,-639
115000644,192,612,-420
115000646,1102,1923,-821
115000647,247,705,-458
115000648,2299,2446,-147
115000893,4437,2005,2432
115000894,233,1615,-1382
115000895,661,1047,-386
115000896,1808,504,1304
115000897,747,197,550
115000898,939,297,642
115000899,1009,1744,-735
115000900,148,653,-505
115000901,128,262,-134
115000912,575,185,390
115000913,0,30,-30
115000915,114,1,113
115000916,22,1,21
115000917,1,42,-41
115000918,94,439,-345
115000919,21,27,-6
115000920,164,71,93
115000921,1248,205,1043
115000922,2151,1156,995
115000923,935,1159,-224
115000925,117,138,-21
115000927,64,81,-17
115000933,563,253,310
115000934,156,334,-178
115000935,137,182,-45
115000936,66,901,-835
115000937,1498,302,1196
115000938,155,300,-145
115000939,109,216,-107
115900001,131,77,54
115900002,122,234,-112
115900003,254,191,63
115900004,1,98,-97
115900005,219,14,205
115900006,191,493,-302
115900008,80,30,50
115900009,111,470,-359
115900010,372,218,154
115900011,661,411,250
115900012,188,151,37
115900013,681,240,441
115900014,165,207,-42
115900015,136,136,0
115900016,110,65,45
115900017,7,3,4
115900018,295,137,158
115900019,475,23,452
115900020,54,0,54
115900021,1990,290,1700
115900022,2938,16,2922
115900023,50,5,45
115900025,116,443,-327
115900026,1278,411,867
115900027,2,481,-479
115900028,820,88,732
115900029,22,613,-591
115900030,49,30,19
115900031,468,436,32
115900032,791,1199,-408
115900033,0,70,-70
115900034,42,684,-642
115900035,88,26,62
115900036,195,975,-780
115900037,67,537,-470
115900038,49,21,28
115900039,213,354,-141
115900041,675,676,-1
115900042,57,10,47
115900043,198,115,83
115900044,360,454,-94
115900046,352,366,-14
115900047,171,164,7
115900049,233,349,-116
115900051,3,54,-51
115900052,17,353,-336
115900053,326,395,-69
115900054,217,41,176
115900055,30,158,-128
115900056,331,563,-232
115900057,95,7,88
115900058,30,78,-48
115900060,255,276,-21
115900061,319,2,317
115900062,22,356,-334
115900063,50,20,30
115900064,264,362,-98
115900065,180,147,33
115900066,272,192,80
115900067,9,1002,-993
115900068,4557,981,3576
115900069,99,224,-125
115900070,277,263,14
115900071,6,746,-740
115900072,51,276,-225
115900073,96,80,16
115900074,13,470,-457
115900075,49,365,-316
115900076,3,107,-104
115900077,11,395,-384
115900078,44,174,-130
115900079,246,22,224
115900080,732,368,364
115900081,26,82,-56
115900082,241,285,-44
115900084,408,18,390
115900085,98,112,-14
115900086,2161,783,1378
115900088,33,75,-42
115900089,361,854,-493
115900090,369,22,347
115900091,16,29,-13
115900092,26,315,-289
115900093,12,49,-37
115900094,4,519,-515
115900096,9,21,-12
115900097,8,575,-567
115900098,189,587,-398
115900099,134,90,44
115900100,10,855,-845
115900101,188,519,-331
115900102,73,139,-66
115900103,490,311,179
115900104,86,193,-107
115900105,289,899,-610
115900106,53,42,11
115900107,69,226,-157
115900108,104,56,48
115900109,62,542,-480
115900110,2,41,-39
115900111,3,164,-161
115900112,60,1353,-1293
115900113,52,42,10
115900114,13,203,-190
115900115,114,363,-249
115900116,132,1432,-1300
115900117,93,35,58
115900118,2,464,-462
115900119,215,213,2
115900120,47,578,-531
115900121,263,343,-80
115900124,270,877,-607
115900125,362,73,289
115900126,925,147,778
115900127,773,73,700
115900128,10,137,-127
115900129,932,60,872
115900130,45,299,-254
115900131,397,40,357
115900132,654,14,640
115900134,423,15,408
115900135,726,1300,-574
115900137,31,5,26
115900139,133,116,17
115900140,270,53,217
115900141,5,75,-70
115900142,11,44,-33
115900143,406,479,-73
115900144,142,288,-146
115900146,13,199,-186
115900147,342,346,-4
115900148,65,9,56
115900149,121,42,79
115900150,129,80,49
115900151,21,126,-105
115900152,198,544,-346
115900153,184,412,-228
115900154,831,454,377
115900155,0,125,-125
115900156,953,1163,-210
115900157,287,715,-428
115900158,34,19,15
115900159,182,373,-191
115900160,30,9,21
115900161,249,283,-34
115900163,283,204,79
115900164,713,44,669
115900165,3,199,-196
115900166,267,349,-82
115900168,157,276,-119
115900171,155,558,-403
115900172,75,179,-104
115900173,252,236,16
115900174,423,320,103
115900175,153,318,-165
115900178,3,925,-922
115900179,305,14,291
115900180,73,345,-272
115900181,209,279,-70
115900182,439,364,75
115900183,169,70,99
115900184,2234,17,2217
115900187,10,170,-160
115900189,0,265,-265
115900190,812,1836,-1024
115900191,60,577,-517
115900192,8,104,-96
115900193,237,175,62
115900194,829,104,725
115900195,833,2391,-1558
115900198,310,512,-202
115900199,286,346,-60
115900200,364,510,-146
115900201,611,404,207
115900202,3,62,-59
115900203,17,12,5
115900204,4,5,-1
115900205,226,26,200
115900206,268,241,27
115900207,38,29,9
115900208,231,399,-168
115900209,11,210,-199
115900210,11,200,-189
115900211,3,311,-308
115900212,242,420,-178
115900213,184,92,92
115900214,405,341,64
115900215,38,107,-69
115900216,13,139,-126
115900217,5,81,-76
115900218,5,44,-39
115900219,107,3,104
115900220,179,19,160
115900221,99,24,75
115900222,49,22,27
115900223,14,354,-340
115900224,1819,1234,585
115900225,78,49,29
115900226,35,61,-26
115900227,19,76,-57
115900228,15,54,-39
115900229,13,60,-47
115900230,77,189,-112
115900231,127,5,122
115900232,87,4,83
115900233,108,29,79
115900234,87,54,33
115900235,42,52,-10
115900236,88,32,56
115900237,44,42,2
115900238,60,39,21
115900239,19,35,-16
115900240,13,78,-65
115900241,360,120,240
115900242,323,529,-206
115900243,13,7,6
115900244,13,17,-4
115900245,39,17,22
115900246,29,6,23
115900247,23,6,17
115900248,25,7,18
115900249,11,7,4
115900250,7,29,-22
115900251,4,14,-10
115900252,5,6,-1
115900253,14,23,-9
115900254,15,33,-18
115900255,18,29,-11
115900256,34,35,-1
115900257,10,14,-4
115900258,0,1,-1
115900259,5,9,-4
115900260,17,2,15
115900261,14,0,14
115900262,5,4,1
115900263,10,4,6
115900264,13,6,7
115900265,8,13,-5
115900266,9,16,-7
115900267,9,22,-13
115900268,8,6,2
115900269,572,657,-85
115900270,459,847,-388
115900271,198,0,198
115900272,47,1,46
115900273,13,37,-24
115900274,5,11,-6
115900275,11,33,-22
115900276,0,51,-51
115900277,0,111,-111
115900278,40,154,-114
115900279,27,225,-198
115900280,25,460,-435
115900281,682,367,315
115900282,30,17,13
115900283,7,33,-26
115900284,25,10,15
116000001,19024,7767,11257
116000002,6382,15337,-8955
116000003,2396,2716,-320
116000004,3898,5456,-1558
116000005,5092,4433,659
116000006,5088,2778,2310
116000007,5163,5748,-585
116000008,7928,2907,5021
116000009,2439,3568,-1129
116000010,3111,2039,1072
116000011,1318,2563,-1245
116000012,1834,1294,540
116000013,18977,6983,11994
116000014,22699,17642,5057
116000015,561,2043,-1482
116000016,10820,5517,5303
116000017,73,1175,-1102
116000018,1063,771,292
116000019,1644,473,1171
116000020,782,1725,-943
116000021,715,509,206
116000022,500,628,-128
116000023,1689,1314,375
116000024,829,1392,-563
116000025,1351,886,465
116000026,2521,3481,-960
116000027,2066,998,1068
116000028,690,1316,-626
116000029,1566,976,590
116000030,1039,723,316
116000031,259,346,-87
116000032,552,389,163
116000033,604,815,-211
116000034,1750,1637,113
116000035,721,1290,-569
116000036,2453,1180,1273
116000037,837,974,-137
116000038,827,543,284
116000039,676,354,322
116000040,2194,327,1867
116000041,238,631,-393
116000042,847,297,550
116000043,69,745,-676
116000044,28,100,-72
116000045,3256,2209,1047
116000046,2061,2102,-41
116000047,3758,4750,-992
116000048,4040,2749,1291
116000049,1606,3663,-2057
116000050,1746,2952,-1206
116000051,7603,3592,4011
116000052,8015,6902,1113
116000053,3117,1855,1262
116000054,1237,4002,-2765
116000055,835,2209,-1374
116000056,1142,1918,-776
116000057,6370,2922,3448
116000058,4567,3246,1321
116000059,3924,6823,-2899
116000060,3701,1319,2382
116000061,1004,1438,-434
116000062,1215,309,906
116000063,1067,1602,-535
116000066,398,980,-582
116000067,322,763,-441
116000068,391,519,-128
116000069,352,628,-276
116000078,663,1483,-820
116000080,2436,1535,901
116000082,14,127,-113
116000083,1964,602,1362
116000084,3130,5374,-2244
116000085,3039,2276,763
116000086,2520,1678,842
116000087,2219,1967,252
116000088,1312,1735,-423
116000089,235,146,89
116000090,154,232,-78
116000091,491,301,190
116000093,746,728,18
116000094,953,1021,-68
116000095,908,900,8
116000096,1122,2330,-1208
116000097,1171,1187,-16
116000098,377,9710,-9333
116000099,12227,543,11684
116000100,251,42,209
116000101,1065,1674,-609
116000102,351,2156,-1805
116000103,631,407,224
116000104,324,2390,-2066
116000105,1651,234,1417
116000106,894,1493,-599
116000107,4273,632,3641
116000108,570,217,353
116000111,186,51,135
116000113,161,191,-30
116000114,64,226,-162
116000115,403,208,195
116000116,403,770,-367
116000117,1988,3163,-1175
116000118,1910,2257,-347
116000119,3618,2795,823
116000120,3694,6360,-2666
116000121,1121,796,325
116000122,1683,2596,-913
116000123,1272,691,581
116000124,572,1492,-920
116000125,3379,1087,2292
116000126,503,2260,-1757
116000127,1656,2207,-551
116000128,2057,1324,733
116000129,1460,321,1139
116000130,645,642,3
116000133,1102,1466,-364
116000134,2655,3498,-843
116000135,3374,2076,1298
116000136,1674,2939,-1265
116000137,1669,1042,627
116000138,1069,916,153
116000139,2625,3205,-580
116000140,320,337,-17
116000141,563,1175,-612
116000142,5269,4587,682
116000143,2732,2608,124
116000144,2030,3457,-1427
116000145,2326,2036,290
116000146,661,430,231
116000147,531,177,354
116000148,792,651,141
116000149,871,916,-45
116000151,1008,1084,-76
116000153,135,1001,-866
116000155,293,473,-180
116000156,738,1684,-946
116000157,66,40,26
116000158,482,713,-231
116000159,24,21,3
116000160,17,156,-139
116000161,4,150,-146
116000162,103,128,-25
116000163,32,8,24
116000164,49,19,30
116000177,434,157,277
116000194,103,667,-564
116000195,2593,869,1724
116000196,19,8,11
116000197,27,23,4
116000198,3693,1766,1927
116000200,1035,716,319
116000201,903,971,-68
116000202,7,404,-397
116000203,2,145,-143
116000204,12,75,-63
116000205,3,240,-237
116000206,1,152,-151
116000207,10,87,-77
116000233,299,875,-576
116000287,189,790,-601
116000288,291,429,-138
116000292,171,245,-74
116000296,29,303,-274
116000297,133,32,101
116000304,211,102,109
116000305,29,122,-93
116000346,263,195,68
116000352,236,58,178
116000354,107,29,78
116000357,64,36,28
116000358,385,73,312
116000361,93,3,90
116000372,11778,5486,6292
116000381,224,50,174
116000388,1,111,-110
116000389,1414,801,613
116000445,445,954,-509
116000446,751,1196,-445
116000447,40,667,-627
116000448,868,336,532
116000563,1410,1179,231
116000565,77,620,-543
116000568,82,391,-309
116000579,32,170,-138
116000584,27,14,13
116000585,36,21,15
116000586,213,173,40
116000587,941,960,-19
116000589,61,106,-45
116000590,90,73,17
116000591,222,446,-224
116000592,14,134,-120
116000593,0,34,-34
116000594,761,661,100
116000595,1055,256,799
116000596,190,11,179
116000597,483,142,341
116000598,32,329,-297
116000602,111,821,-710
116000605,420,219,201
116000606,77,284,-207
116000607,14,101,-87
116000609,331,1339,-1008
116000611,148,742,-594
116000612,1057,2887,-1830
116000613,709,518,191
116000614,609,975,-366
116000615,2,311,-309
116000616,67,193,-126
116000617,106,96,10
116000618,5,201,-196
116000619,84,98,-14
116000620,130,117,13
116000621,68,137,-69
116000622,101,249,-148
116000624,167,116,51
116000627,74,97,-23
116000628,63,976,-913
116000629,53,756,-703
116000630,550,90,460
116000631,322,137,185
116000632,496,589,-93
116000633,38,630,-592
116000634,532,74,458
116000635,4798,2870,1928
116000636,1892,1565,327
116000637,454,28,426
116000638,30,716,-686
116900001,325,259,66
116900002,313,4,309
116900003,49,108,-59
116900004,93,87,6
116900005,352,94,258
116900006,204,197,7
116900007,174,213,-39
116900008,490,566,-76
116900009,20,12,8
116900010,7,2176,-2169
116900011,10,43,-33
116900012,255,254,1
116900013,8,288,-280
116900014,97,377,-280
116900015,386,79,307
116900016,265,5,260
116900017,7,942,-935
116900018,95,71,24
116900019,21,547,-526
116900020,2178,1124,1054
116900023,87,16,71
116900024,718,95,623
116900025,1531,1238,293
116900026,278,1035,-757
116900027,58,135,-77
116900028,3,197,-194
116900029,0,66,-66
116900031,0,17,-17
116900032,14,572,-558
116900033,23,44,-21
116900034,23,127,-104
116900035,234,351,-117
116900036,8,178,-170
116900038,46,7,39
116900041,57,28,29
116900042,1149,396,753
116900043,43,129,-86
116900047,87,108,-21
116900049,60,470,-410
116900050,193,832,-639
116900051,139,357,-218
116900052,335,118,217
116900055,1,8,-7
116900057,34,392,-358
116900058,59,696,-637
116900059,4,218,-214
116900060,266,289,-23
116900062,3,7,-4
116900064,105,1170,-1065
116900065,37,169,-132
116900067,110,205,-95
116900068,183,434,-251
116900070,0,1,-1
116900072,45,610,-565
116900073,12,253,-241
116900074,11,79,-68
116900076,15,41,-26
116900077,11,290,-279
116900078,300,204,96
116900079,53,433,-380
116900080,19,31,-12
116900081,539,1983,-1444
116900082,569,1308,-739
116900083,79,83,-4
116900084,283,105,178
116900085,37,209,-172
116900086,93,331,-238
116900088,628,130,498
116900090,219,87,132
116900091,358,98,260
116900092,114,1216,-1102
116900093,2106,3040,-934
116900094,7573,6397,1176
116900095,470,191,279
116900096,102,309,-207
116900097,5856,3621,2235
116900098,1226,465,761
116900099,1096,889,207
116900100,1412,57,1355
116900101,382,891,-509
116900103,7,2,5
116900104,88,146,-58
116900105,418,167,251
116900106,2611,587,2024
116900107,6409,3417,2992
116900110,14,3,11
116900111,594,1373,-779
116900112,335,1715,-1380
116900113,3872,2041,1831
116900116,230,530,-300
116900117,126,197,-71
116900118,1176,1128,48
116900120,351,154,197
116900121,160,40,120
116900122,940,917,23
116900123,322,1027,-705
116900124,258,1699,-1441
116900125,406,346,60
116900126,316,902,-586
116900128,1,57,-56
116900129,2,506,-504
116900130,1235,4896,-3661
116900131,155,434,-279
116900132,86,153,-67
116900133,178,130,48
116900134,375,366,9
116900136,363,240,123
116900137,547,235,312
116900138,235,266,-31
116900139,172,551,-379
116900140,218,224,-6
116900141,947,566,381
116900142,8,62,-54
116900143,373,641,-268
116900144,43,69,-26
116900145,149,427,-278
116900147,905,481,424
116900148,9,54,-45
116900149,50,268,-218
116900150,18,22,-4
116900151,59,19,40
116900153,173,82,91
116900154,1084,730,354
116900155,131,98,33
116900157,708,542,166
116900158,821,346,475
116900159,57,405,-348
116900160,3077,577,2500
116900161,11769,8121,3648
116900162,63,190,-127
116900163,269,268,1
116900164,265,99,166
116900165,339,195,144
116900166,24,151,-127
116900167,594,111,483
116900168,534,111,423
116900169,1303,424,879
116900170,350,504,-154
116900171,75,328,-253
116900172,398,363,35
116900173,310,71,239
116900174,48,53,-5
116900175,355,165,190
116900178,24,218,-194
116900179,126,373,-247
116900180,143,29,114
116900182,541,331,210
116900183,278,167,111
116900185,68,48,20
116900186,172,380,-208
116900187,62,55,7
116900188,199,52,147
116900189,77,2,75
116900191,473,716,-243
116900192,321,238,83
116900194,175,1408,-1233
116900195,54,26,28
116900196,26,140,-114
116900197,144,11,133
116900198,347,296,51
116900200,59,71,-12
116900201,158,23,135
116900202,197,66,131
116900203,233,5,228
116900204,55,140,-85
116900206,5,40,-35
116900207,36,54,-18
116900208,18,209,-191
116900209,24,172,-148
116900210,760,372,388
116900211,294,15,279
116900212,82,136,-54
116900213,216,316,-100
116900214,281,211,70
116900215,64,113,-49
116900216,572,402,170
116900218,13,428,-415
116900219,1548,627,921
116900220,141,313,-172
116900221,105,482,-377
116900222,544,499,45
116900223,122,361,-239
116900226,95,109,-14
116900227,315,139,176
116900228,404,465,-61
116900230,68,435,-367
116900231,42,611,-569
116900232,18,709,-691
116900233,245,158,87
116900234,15,15,0
116900235,193,393,-200
116900238,1975,607,1368
116900239,23,1511,-1488
116900240,9861,5568,4293
116900241,90,395,-305
116900242,480,590,-110
116900243,1,70,-69
116900245,42,24,18
116900246,136,12,124
116900247,902,28,874
116900248,156,87,69
116900249,434,222,212
116900250,515,102,413
116900251,876,786,90
116900252,193,1416,-1223
116900253,191,221,-30
116900254,44,206,-162
116900255,162,136,26
116900256,419,203,216
116900257,25,824,-799
116900258,0,398,-398
116900259,212,13,199
116900260,4,201,-197
116900261,49,5,44
116900262,199,227,-28
116900263,1,19,-18
116900264,0,3,-3
116900265,17,0,17
116900266,16,69,-53
116900267,0,0,0
116900268,134,8,126
116900269,448,862,-414
116900271,2344,247,2097
116900272,580,824,-244
116900273,354,93,261
116900274,141,156,-15
116900275,236,218,18
116900276,1394,167,1227
116900277,993,60,933
116900278,4,39,-35
116900279,1,35,-34
116900280,25,41,-16
116900281,10695,5866,4829
116900282,3,219,-216
116900283,36,185,-149
116900284,14,326,-312
116900285,482,426,56
116900286,332,23,309
116900287,8,94,-86
116900288,65,152,-87
116900289,17,30,-13
116900290,4,63,-59
116900291,29,10,19
116900292,0,28,-28
116900293,62,123,-61
116900294,71,264,-193
116900295,592,54,538
116900296,232,83,149
116900297,14,180,-166
116900298,139,57,82
116900299,148,66,82
116900300,15,110,-95
116900301,97,111,-14
116900302,108,86,22
116900303,508,154,354
116900304,0,214,-214
116900305,21,137,-116
116900306,141,233,-92
117000001,2926,3086,-160
117000002,3481,8116,-4635
117000003,11449,4884,6565
117000004,6994,8685,-1691
117000005,3359,3115,244
117000006,1970,5941,-3971
117000007,5407,2093,3314
117000008,1781,7465,-5684
117000009,7125,3092,4033
117000010,4232,7157,-2925
117000011,3145,3084,61
117000012,2233,2600,-367
117000013,3121,1607,1514
117000014,2458,4089,-1631
117000015,6032,2129,3903
117000016,821,109,712
117000017,1052,196,856
117000018,460,716,-256
117000019,672,4,668
117000020,687,2311,-1624
117000021,3432,854,2578
117000022,812,83,729
117000023,1075,172,903
117000024,1036,133,903
117000025,1893,783,1110
117000026,5872,1473,4399
117000027,3987,3614,373
117000028,6683,2100,4583
117000030,1168,704,464
117000031,597,384,213
117000032,3311,1881,1430
117000033,2032,1499,533
117000034,648,545,103
117000035,539,400,139
117000036,630,609,21
117000037,387,377,10
117000038,417,948,-531
117000039,660,378,282
117000040,242,1613,-1371
117000041,1561,263,1298
117000044,34,1425,-1391
117000045,631,135,496
117000046,930,1072,-142
117000047,1406,1025,381
117000048,3298,2164,1134
117000049,165,819,-654
117000050,242,3031,-2789
117000051,2812,184,2628
117000052,89,608,-519
117000053,548,81,467
117000054,2073,21,2052
117000055,26,4778,-4752
117000056,814,29,785
117000057,878,3579,-2701
117000060,815,2904,-2089
117000061,2902,1616,1286
117000062,404,881,-477
117000063,3144,1343,1801
117000064,1249,1288,-39
117000066,1912,1109,803
117000067,226,679,-453
117000074,226,347,-121
117000076,136,81,55
117000077,245,207,38
117000078,221,1153,-932
117000079,561,324,237
117000080,2,524,-522
117000081,1486,172,1314
117000082,43,102,-59
117000083,236,22,214
117000084,619,7,612
117000085,458,1086,-628
117000086,1407,817,590
117000087,111,819,-708
117000088,296,326,-30
117000089,2106,504,1602
117000090,390,1972,-1582
117000091,1288,432,856
117000092,592,2265,-1673
117000093,1700,1023,677
117000094,1613,3906,-2293
117000095,4384,1240,3144
117000096,929,3590,-2661
117000097,1823,1740,83
117000098,3600,7562,-3962
117000099,4209,1878,2331
117000100,232,375,-143
117000101,277,1887,-1610
117000102,2179,967,1212
117000103,1122,2665,-1543
117000104,1862,917,945
117000105,1118,2543,-1425
117000106,1612,1186,426
117000107,819,3017,-2198
117000108,2354,1387,967
117000109,2691,3952,-1261
117000110,2189,1619,570
117000111,5341,7210,-1869
117000112,4547,3136,1411
117000113,147,392,-245
117000114,237,224,13
117000115,85,194,-109
117000116,172,365,-193
117000117,2769,1171,1598
117000118,526,212,314
117000119,1742,216,1526
117000120,641,587,54
117000121,261,2081,-1820
117000122,830,1871,-1041
117000123,2930,72,2858
117000124,1254,92,1162
117000125,942,114,828
117000126,168,45,123
117000127,351,558,-207
117000128,683,1091,-408
117000129,879,748,131
117000130,234,1,233
117000131,1,149,-148
117000132,3589,42,3547
117000133,1957,133,1824
117000134,1,55,-54
117000135,5,47,-42
117000136,4,45,-41
117000137,124,153,-29
117000138,2,800,-798
117000140,698,2375,-1677
117000141,2314,860,1454
117000181,1049,479,570
117000182,412,782,-370
117000195,293,1727,-1434
117000196,422,148,274
117000225,416,11,405
117000226,26,203,-177
117000276,290,22,268
117000277,3,693,-690
117000310,3308,4382,-1074
117000315,71,2255,-2184
117000320,177,0,177
117000906,382,13,369
117000907,17,574,-557
117000908,160,36,124
117000909,65,48,17
117000910,314,214,100
117000911,111,320,-209
117000915,8,941,-933
117000916,51,5,46
117000917,1492,64,1428
117000918,72,113,-41
117000919,21,181,-160
117000920,3,1992,-1989
117000921,7,2377,-2370
117000922,91,160,-69
117000924,656,1456,-800
117000926,1444,117,1327
117000927,3075,995,2080
117000928,2,239,-237
117000929,307,739,-432
117000930,237,23,214
117000931,585,216,369
117900002,296,701,-405
117900003,1160,680,480
117900005,10,75,-65
117900006,0,26,-26
117900007,256,197,59
117900008,1,58,-57
117900010,711,118,593
117900011,89,48,41
117900012,91,197,-106
117900013,1,468,-467
117900014,1121,217,904
117900015,60,224,-164
117900016,2380,1062,1318
117900017,1557,516,1041
117900018,360,116,244
117900019,613,470,143
117900020,115,534,-419
117900021,72,123,-51
117900022,33,30,3
117900023,821,716,105
117900024,195,143,52
117900025,67,15,52
117900026,494,506,-12
117900028,186,13,173
117900029,329,1199,-870
117900030,527,420,107
117900031,679,193,486
117900032,1162,991,171
117900033,288,1193,-905
117900034,121,122,-1
117900035,303,113,190
117900036,341,779,-438
117900037,152,226,-74
117900038,70,476,-406
117900039,2,88,-86
117900040,174,718,-544
117900041,3,70,-67
117900042,6853,779,6074
117900043,45,77,-32
117900044,38,6308,-6270
117900045,387,268,119
117900048,323,430,-107
117900049,320,962,-642
117900050,21,83,-62
117900051,423,2,421
117900052,110,588,-478
117900053,1863,1047,816
117900054,4,43,-39
117900055,219,600,-381
117900056,894,58,836
117900057,1578,2052,-474
117900058,200,34,166
117900059,759,159,600
117900060,2411,7739,-5328
117900061,56,602,-546
117900063,445,318,127
117900065,955,1811,-856
117900066,11,110,-99
117900067,551,344,207
117900069,1277,552,725
117900070,957,24,933
117900071,166,197,-31
117900073,619,565,54
117900074,933,48,885
117900075,133,121,12
117900076,26,76,-50
117900077,490,200,290
117900078,435,878,-443
117900080,281,75,206
117900081,744,643,101
117900082,646,447,199
117900083,476,859,-383
117900086,202,53,149
117900087,153,108,45
117900088,4362,3356,1006
117900089,2485,767,1718
117900090,1125,908,217
117900091,241,261,-20
117900092,107,52,55
117900093,102,101,1
117900094,36,17,19
117900095,694,734,-40
117900096,111,327,-216
117900097,359,140,219
117900098,22,10,12
117900099,191,423,-232
117900100,269,4,265
117900101,644,2243,-1599
117900102,96,84,12
117900103,46,3,43
117900104,43,216,-173
117900105,200,386,-186
117900106,123,67,56
117900107,31,0,31
117900109,826,552,274
117900110,132,2,130
117900111,592,40,552
117900112,98,22,76
117900113,7383,3085,4298
117900114,44,0,44
117900115,462,80,382
117900116,1272,1553,-281
117900117,748,585,163
117900118,80,0,80
117900119,233,242,-9
117900120,311,186,125
117900121,127,57,70
117900122,2042,4634,-2592
117900123,1312,761,551
117900124,1156,982,174
117900125,2498,1957,541
117900126,350,888,-538
117900127,652,940,-288
117900128,475,1220,-745
117900129,121,2,119
117900130,1467,624,843
117900131,2,214,-212
117900132,13,147,-134
117900133,11,185,-174
117900134,123,335,-212
117900135,36,289,-253
117900136,0,40,-40
117900137,66,429,-363
117900138,0,57,-57
117900139,146,182,-36
117900140,6953,637,6316
117900141,409,330,79
117900142,420,79,341
117900144,256,174,82
117900145,94,31,63
117900146,495,198,297
117900147,139,168,-29
117900148,4840,1861,2979
117900149,79,212,-133
117900150,68,80,-12
117900151,89,125,-36
117900152,185,92,93
117900153,27,179,-152
117900154,1044,1062,-18
117900156,1428,1365,63
117900157,106,689,-583
117900158,355,192,163
117900160,756,771,-15
117900161,3723,3528,195
117900162,584,830,-246
117900163,300,81,219
117900165,0,24,-24
117900166,203,519,-316
117900168,23,250,-227
117900169,4,218,-214
117900170,1,72,-71
117900171,1,49,-48
117900172,16,57,-41
117900173,259,124,135
117900174,75,96,-21
117900175,4,64,-60
117900176,13,60,-47
117900177,27,64,-37
117900178,165,86,79
117900180,502,74,428
117900181,313,451,-138
117900182,16,57,-41
117900183,102,305,-203
117900184,15,99,-84
117900185,48,94,-46
117900186,60,26,34
117900187,18,17,1
117900188,340,74,266
117900189,94,55,39
117900190,41,10,31
117900191,135,1,134
117900192,413,7,406
117900193,1,163,-162
117900194,15,10,5
117900195,71,94,-23
117900196,27,46,-19
117900207,262,196,66
117900208,47,39,8
117900209,253,347,-94
117900210,175,313,-138
117900211,23,373,-350
117900212,148,348,-200
117900213,37,24,13
117900214,8,81,-73
117900215,47,55,-8
117900216,85,24,61
117900217,233,326,-93
117900218,329,351,-22
117900219,27,116,-89
117900220,566,250,316
117900222,282,431,-149
117900223,221,394,-173
118000001,1530,1001,529
118000002,2076,3413,-1337
118000003,5203,3637,1566
118000004,4759,2762,1997
118000005,8460,7429,1031
118000006,11370,15332,-3962
118000007,13236,4519,8717
118000008,9571,5017,4554
118000009,3479,6028,-2549
118000010,9066,6897,2169
118000011,1886,3847,-1961
118000012,1836,3497,-1661
118000013,5272,4282,990
118000014,2692,3951,-1259
118000016,337,522,-185
118000017,489,720,-231
118000018,677,587,90
118000019,3623,1725,1898
118000020,3226,3845,-619
118000021,1585,4180,-2595
118000022,3937,1127,2810
118000023,1949,363,1586
118000024,3696,1355,2341
118000027,27575,17324,10251
118000029,1853,942,911
118000032,2436,5091,-2655
118000033,5016,6458,-1442
118000034,9350,3404,5946
118000035,2522,3505,-983
118000036,1973,1597,376
118000037,1429,1288,141
118000038,185,128,57
118000039,174,505,-331
118000040,2721,2223,498
118000041,3818,2185,1633
118000045,1600,268,1332
118000046,2693,786,1907
118000047,3525,872,2653
118000048,6785,2179,4606
118000051,4997,1388,3609
118000052,3485,865,2620
118000053,1619,1197,422
118000054,3578,3260,318
118000055,2138,2924,-786
118000056,340,849,-509
118000057,292,743,-451
118000058,6509,2563,3946
118000059,4617,1290,3327
118000060,1579,983,596
118000061,1712,2339,-627
118000062,927,525,402
118000063,654,836,-182
118000064,1602,1781,-179
118000065,7556,3246,4310
118000066,1501,2221,-720
118000067,1829,1142,687
118000068,3573,6821,-3248
118000069,5967,2016,3951
118000070,10366,2906,7460
118000071,6466,9954,-3488
118000072,4879,1686,3193
118000073,5121,896,4225
118000074,1193,600,593
118000075,1079,485,594
118000076,3291,3003,288
118000077,1993,1703,290
118000078,2649,2763,-114
118000079,416,659,-243
118000080,1748,1310,438
118000081,2522,1375,1147
118000082,426,1753,-1327
118000083,2796,2523,273
118000084,4533,3120,1413
118000086,465,1056,-591
118000087,7497,3814,3683
118000088,2584,2690,-106
118000089,5562,3273,2289
118000090,2778,4965,-2187
118000091,2223,3818,-1595
118000092,1669,784,885
118000093,180,1132,-952
118000096,892,974,-82
118000097,1166,913,253
118000098,387,311,76
118000099,786,1344,-558
118000101,1610,507,1103
118000102,556,1796,-1240
118000107,3643,878,2765
118000108,1078,3986,-2908
118000110,3,50,-47
118000111,0,628,-628
118000112,626,3,623
118000113,6,1134,-1128
118000114,508,25,483
118000115,21,42,-21
118000116,138,2,136
118000117,1808,1322,486
118000118,1471,1002,469
118000119,1162,1608,-446
118000120,2455,1931,524
118000121,185,695,-510
118000122,2467,472,1995
118000123,86,356,-270
118000125,2668,1513,1155
118000126,1708,2663,-955
118000127,2735,1013,1722
118000128,832,1644,-812
118000129,1674,498,1176
118000130,3959,5993,-2034
118000131,1023,1145,-122
118000132,3428,2362,1066
118000133,1835,509,1326
118000135,1063,602,461
118000136,160,698,-538
118000137,1173,102,1071
118000138,626,923,-297
118000139,515,155,360
118000140,3516,6649,-3133
118000141,3004,3042,-38
118000142,2587,3345,-758
118000143,2651,1986,665
118000144,1997,1690,307
118000145,2467,3876,-1409
118000146,1954,1770,184
118000147,1743,2435,-692
118000148,858,2218,-1360
118000149,1191,1385,-194
118000150,692,442,250
118000151,596,672,-76
118000153,1743,2071,-328
118000154,1841,2244,-403
118000155,1610,2366,-756
118000156,4126,3832,294
118000157,889,571,318
118000158,254,726,-472
118000159,23,180,-157
118000160,738,748,-10
118000161,664,1279,-615
118000162,3074,1408,1666
118000163,1138,1559,-421
118000164,3675,2760,915
118000168,2195,936,1259
118000169,1996,2113,-117
118000170,6442,8762,-2320
118000171,499,897,-398
118000172,136,479,-343
118000173,1629,1901,-272
118000175,480,463,17
118000176,402,635,-233
118000177,309,770,-461
118000178,164,81,83
118000179,2396,1909,487
118000180,1273,1217,56
118000181,1394,566,828
118000182,462,416,46
118000183,296,428,-132
118000184,1078,1498,-420
118000185,1765,1487,278
118000186,1256,1471,-215
118000187,1733,1091,642
118000188,1352,303,1049
118000189,891,1235,-344
118000190,40,28,12
118000191,24,30,-6
118000192,170,163,7
118000193,149,610,-461
118000194,3783,1588,2195
118000195,1439,1228,211
118000196,1293,293,1000
118000197,1414,158,1256
118000198,1289,910,379
118000199,3527,772,2755
118000200,213,356,-143
118000201,1139,671,468
118000202,132,82,50
118000203,2502,690,1812
118000204,317,555,-238
118000205,420,515,-95
118000206,353,271,82
118000207,0,122,-122
118000208,2171,2447,-276
118000209,2531,2456,75
118000210,66,73,-7
118000211,43,42,1
118000213,2277,1682,595
118000214,1068,1095,-27
118000215,382,739,-357
118000216,2889,5671,-2782
118000217,47,128,-81
118000218,109,172,-63
118000219,641,542,99
118000220,3,41,-38
118000221,194,500,-306
118000222,100,14,86
118000223,30,76,-46
118000224,455,136,319
118000225,232,1294,-1062
118000226,2255,272,1983
118000227,1214,526,688
118000228,228,353,-125
118000229,449,115,334
118000230,222,427,-205
118000231,160,324,-164
118000232,1050,1519,-469
118000233,1372,1198,174
118000234,635,409,226
118000236,788,531,257
118000237,130,883,-753
118000238,328,409,-81
118000239,437,380,57
118000240,787,186,601
118000241,276,398,-122
118000242,526,1056,-530
118000243,389,320,69
118000244,54,227,-173
118000246,2,18,-16
118000255,56,347,-291
118000256,117,408,-291
118000259,20,120,-100
118000260,301,191,110
118000261,65,192,-127
118000263,195,352,-157
118000266,422,626,-204
118000267,0,141,-141
118000268,1175,5,1170
118000270,122,80,42
118000271,190,421,-231
118000272,151,59,92
118000273,234,182,52
118000274,158,526,-368
118000276,579,507,72
118000295,12,191,-179
118000298,241,597,-356
118000299,83,247,-164
118000301,0,104,-104
118000302,112,106,6
118000311,586,159,427
118000312,428,358,70
118000313,115,250,-135
118000314,103,130,-27
118000315,78,104,-26
118000316,959,750,209
118000325,58,92,-34
118000326,57,66,-9
118000331,56,79,-23
118000332,16,62,-46
118000333,55,130,-75
118000335,459,0,459
118000336,2,462,-460
118000407,240,104,136
118000457,23,47,-24
118000465,5388,6286,-898
118000480,68,236,-168
118000489,54,559,-505
118000490,44,539,-495
118000492,372,313,59
118000510,114,19,95
118000514,273,578,-305
118000515,924,1181,-257
118000517,620,308,312
118000524,962,352,610
118000525,1431,1292,139
118000530,36,179,-143
118000531,295,486,-191
118000532,312,470,-158
118000533,517,243,274
118000534,1101,685,416
118000535,322,192,130
118000536,1580,2281,-701
118000537,30,235,-205
118000538,63,152,-89
118000539,17,176,-159
118000540,495,329,166
118000541,374,96,278
118000542,243,360,-117
118000543,369,323,46
118000546,55,55,0
118000553,0,2,-2
118000557,1,3,-2
118000560,5105,2918,2187
118000562,45,342,-297
118000563,3181,2202,979
118000576,225,219,6
118000577,210,195,15
118000578,204,132,72
118000579,997,1781,-784
118000583,0,0,0
118000595,258,132,126
118000596,0,77,-77
118000597,137,146,-9
118000598,7,0,7
118000599,58,86,-28
118000600,1,18,-17
118000601,16,0,16
118000602,1,14,-13
118000603,0,40,-40
118900001,1381,1989,-608
118900002,1620,1324,296
118900003,473,23,450
118900004,78,88,-10
118900005,86,21,65
118900006,227,21,206
118900007,14,6,8
118900008,2072,97,1975
118900009,87,57,30
118900010,105,9,96
118900011,259,61,198
118900012,591,381,210
118900013,735,187,548
118900015,356,88,268
118900016,15,28,-13
118900017,395,309,86
118900018,1265,25,1240
118900019,88,40,48
118900020,298,155,143
118900021,255,494,-239
118900022,185,160,25
118900023,239,146,93
118900024,190,230,-40
118900025,107,56,51
118900026,81,137,-56
118900027,597,433,164
118900028,201,222,-21
118900029,499,538,-39
118900030,474,119,355
118900031,218,152,66
118900032,297,206,91
118900033,1176,611,565
118900034,304,61,243
118900035,214,286,-72
118900036,1535,1038,497
118900037,1116,369,747
118900038,492,378,114
118900039,735,298,437
118900040,311,314,-3
118900041,859,230,629
118900042,262,161,101
118900045,347,282,65
118900046,1460,425,1035
118900047,920,460,460
118900048,505,237,268
118900049,111,75,36
118900050,56,232,-176
118900051,78,107,-29
118900052,727,356,371
118900053,64,125,-61
118900054,201,81,120
118900055,105,180,-75
118900056,58,419,-361
118900057,893,677,216
118900058,927,530,397
118900059,26,118,-92
118900060,140,163,-23
118900062,422,315,107
118900064,1021,724,297
118900065,58,397,-339
118900066,131,141,-10
118900067,7795,5334,2461
118900068,12,749,-737
118900069,453,378,75
118900071,19,122,-103
118900072,520,640,-120
118900073,123,119,4
118900074,205,370,-165
118900075,121,162,-41
118900076,410,134,276
118900077,408,286,122
118900078,48,23,25
118900079,87,329,-242
118900080,36,226,-190
118900081,106,38,68
118900082,881,268,613
118900083,82,30,52
118900084,31,41,-10
118900085,763,1679,-916
118900086,53,124,-71
118900087,35,394,-359
118900088,1,28,-27
118900089,39,34,5
118900090,706,670,36
118900091,240,284,-44
118900092,198,148,50
118900093,202,33,169
118900096,65,55,10
118900097,288,987,-699
118900099,148,508,-360
118900100,178,395,-217
118900101,204,900,-696
118900102,55,135,-80
118900103,64,224,-160
118900104,366,325,41
118900105,370,173,197
118900107,220,133,87
118900108,136,168,-32
118900110,2008,1185,823
118900111,546,870,-324
118900112,122,243,-121
118900113,137,944,-807
118900114,18,153,-135
118900115,175,587,-412
118900116,144,251,-107
118900117,165,302,-137
118900118,387,594,-207
118900119,197,420,-223
118900120,121,390,-269
118900121,25,323,-298
118900122,12,1288,-1276
118900123,161,330,-169
118900124,113,304,-191
118900126,25,488,-463
118900129,367,309,58
118900130,87,226,-139
118900131,176,375,-199
118900132,835,276,559
118900133,34,168,-134
118900135,366,357,9
118900136,314,1070,-756
118900137,22,49,-27
118900139,336,656,-320
118900140,630,1141,-511
118900141,111,232,-121
118900144,229,733,-504
118900145,69,228,-159
118900146,475,1067,-592
118900147,372,251,121
118900148,164,88,76
118900150,242,823,-581
118900152,651,1226,-575
118900157,125,268,-143
118900158,114,109,5
118900159,3,285,-282
118900161,186,9,177
118900163,307,98,209
118900164,16,197,-181
118900165,91,316,-225
118900166,38,2,36
118900167,59,207,-148
118900168,23,178,-155
118900169,194,617,-423
118900170,273,248,25
118900171,16,38,-22
118900174,120,99,21
118900175,458,656,-198
118900176,210,401,-191
118900177,73,95,-22
118900178,45,171,-126
118900179,5,55,-50
118900181,115,174,-59
118900182,122,71,51
118900183,20,209,-189
118900184,814,123,691
118900185,178,197,-19
118900186,156,89,67
118900187,323,424,-101
118900188,395,402,-7
118900189,49,1095,-1046
118900190,15,602,-587
118900191,213,82,131
118900192,316,54,262
118900193,714,17,697
118900195,564,1179,-615
118900196,50,271,-221
118900197,188,101,87
118900198,49,66,-17
118900199,108,68,40
118900200,31,22,9
118900201,52,37,15
118900202,26,143,-117
118900203,26,66,-40
118900204,42,62,-20
118900205,9,20,-11
118900206,4,38,-34
119000001,2029,2566,-537
119000002,6915,4707,2208
119000003,3754,2099,1655
119000004,3796,2348,1448
119000005,2809,3180,-371
119000006,3291,2256,1035
119000007,5452,5565,-113
119000008,3212,2871,341
119000009,5081,6952,-1871
119000010,11389,6493,4896
119000011,6732,3991,2741
119000012,5605,5274,331
119000013,2888,1887,1001
119000014,3900,5109,-1209
119000019,381,286,95
119000020,2619,2166,453
119000021,6195,3909,2286
119000022,5456,4116,1340
119000023,435,472,-37
119000024,2670,14757,-12087
119000025,14438,2292,12146
119000026,242,412,-170
119000027,496,740,-244
119000028,3095,2069,1026
119000029,137,390,-253
119000030,715,1679,-964
119000031,1348,1084,264
119000032,3181,3621,-440
119000033,3345,2360,985
119000034,1634,1606,28
119000035,37,504,-467
119000036,2207,1432,775
119000037,1522,2848,-1326
119000038,213,1421,-1208
119000039,380,541,-161
119000040,1493,852,641
119000041,1358,1783,-425
119000048,4235,4771,-536
119000049,2266,3909,-1643
119000050,2199,3142,-943
119000051,2860,1381,1479
119000052,2728,4204,-1476
119000053,2532,1580,952
119000054,4061,5145,-1084
119000055,4866,4976,-110
119000056,2928,2940,-12
119000057,1974,3475,-1501
119000058,2717,3184,-467
119000059,1783,2755,-972
119000060,2133,1539,594
119000061,1367,1289,78
119000062,1756,1903,-147
119000063,650,596,54
119000064,2125,2515,-390
119000065,2763,4954,-2191
119000066,3862,1650,2212
119000067,2696,3651,-955
119000068,2266,1682,584
119000069,2096,3973,-1877
119000070,3133,1556,1577
119000071,687,1061,-374
119000072,9507,5364,4143
119000073,9251,9476,-225
119000074,1802,4482,-2680
119000075,2644,3640,-996
119000076,811,1223,-412
119000077,1663,679,984
119000078,759,281,478
119000079,230,821,-591
119000080,630,340,290
119000081,559,559,0
119000082,1763,384,1379
119000083,734,511,223
119000084,451,710,-259
119000085,706,387,319
119000086,378,662,-284
119000087,2173,1418,755
119000088,344,297,47
119000089,100,355,-255
119000090,167,211,-44
119000091,150,650,-500
119000092,616,234,382
119000093,5687,4462,1225
119000094,3765,9033,-5268
119000095,2302,4305,-2003
119000097,3609,2400,1209
119000098,1042,3897,-2855
119000099,3332,3138,194
119000100,4911,3597,1314
119000101,7424,2903,4521
119000102,1711,1323,388
119000103,2928,635,2293
119000104,4057,2141,1916
119000105,1507,2456,-949
119000106,534,2425,-1891
119000107,1160,796,364
119000108,642,1559,-917
119000109,375,584,-209
119000110,1265,612,653
119000111,159,1006,-847
119000112,392,176,216
119000113,4157,456,3701
119000114,1270,1829,-559
119000115,204,216,-12
119000116,247,164,83
119000117,227,565,-338
119000118,0,0,0
119000123,7728,1231,6497
119000124,1230,331,899
119000125,4278,1430,2848
119000126,1240,1271,-31
119000127,663,1029,-366
119000128,60,11,49
119000131,1197,1218,-21
119000132,5,5,0
119000133,4,6,-2
119000134,4072,921,3151
119000135,130,282,-152
119000136,356,322,34
119000137,255,546,-291
119000138,527,485,42
119000139,310,350,-40
119000140,218,530,-312
119000284,1912,4878,-2966
119000285,3163,3395,-232
119000286,10082,8283,1799
119000287,2118,3256,-1138
119000288,2855,2115,740
119000289,3501,5984,-2483
119000290,233,815,-582
119000291,10,502,-492
119000293,113,217,-104
119000294,39,43,-4
119000295,3049,866,2183
119000296,272,215,57
119000302,4603,2310,2293
119000303,73,311,-238
119000304,0,0,0
119000310,0,0,0
119000314,2261,11874,-9613
119000315,2,754,-752
119000316,194,210,-16
119000317,100,505,-405
119900001,395,1797,-1402
119900002,220,491,-271
119900003,65,1677,-1612
119900004,517,1286,-769
119900005,245,224,21
119900006,334,618,-284
119900007,1369,231,1138
119900008,231,69,162
119900009,840,840,0
119900010,2821,1852,969
119900011,34,146,-112
119900012,43,199,-156
119900013,2639,1391,1248
119900014,1002,430,572
119900015,161,59,102
119900016,60,155,-95
119900017,38,86,-48
119900018,3067,1134,1933
119900019,71,5,66
119900020,259,266,-7
119900021,265,188,77
119900022,211,951,-740
119900023,1151,1768,-617
119900025,199,33,166
119900026,1443,217,1226
119900027,24,57,-33
119900028,381,185,196
119900029,3,14,-11
119900030,870,755,115
119900031,97,499,-402
119900033,3232,313,2919
119900034,461,188,273
119900037,239,73,166
119900038,60,390,-330
119900039,103,14,89
119900040,139,17,122
119900041,145,56,89
119900042,178,287,-109
119900043,127,329,-202
119900044,299,1205,-906
119900046,152,100,52
119900047,400,106,294
119900048,61,65,-4
119900049,167,21,146
119900050,214,170,44
119900051,577,12,565
119900052,56,70,-14
119900053,231,262,-31
119900054,146,10,136
119900055,1815,696,1119
119900057,293,151,142
119900058,306,17,289
119900059,271,84,187
119900060,384,32,352
119900062,63,33,30
119900063,18,79,-61
119900065,359,13,346
119900066,0,0,0
119900067,140,62,78
119900068,529,7,522
119900069,162,58,104
119900070,1172,57,1115
119900071,921,36,885
119900073,2927,895,2032
119900074,89,56,33
119900075,8495,3782,4713
119900076,880,727,153
119900077,1184,1787,-603
119900078,725,1313,-588
119900079,377,459,-82
119900080,2240,1981,259
119900081,335,118,217
119900082,2058,525,1533
119900083,548,176,372
119900084,1621,468,1153
119900085,156,160,-4
119900087,1349,521,828
119900088,66,90,-24
119900089,43,787,-744
119900090,267,84,183
119900091,84,1825,-1741
119900092,135,638,-503
119900093,1683,347,1336
119900094,73,271,-198
119900095,339,158,181
119900096,77,170,-93
119900097,972,292,680
119900098,55,67,-12
119900099,49,387,-338
119900100,3782,3782,0
119900101,347,2002,-1655
119900102,56,459,-403
119900103,52,653,-601
119900104,39,356,-317
119900105,2205,2993,-788
119900106,26,303,-277
119900107,601,4769,-4168
119900108,3818,991,2827
119900109,59,393,-334
119900110,933,1087,-154
119900111,107,481,-374
119900112,3437,882,2555
119900113,124,489,-365
119900114,344,2284,-1940
119900115,384,1734,-1350
119900116,217,779,-562
119900117,451,1362,-911
119900118,112,1570,-1458
119900119,262,415,-153
119900120,806,1076,-270
119900121,491,1779,-1288
119900122,667,542,125
119900123,434,563,-129
119900124,243,1593,-1350
119900125,43,569,-526
119900126,7751,466,7285
119900127,3742,1475,2267
119900128,644,1457,-813
119900129,372,1127,-755
119900130,106,446,-340
119900131,76,485,-409
119900132,5,419,-414
119900133,68,106,-38
119900134,3038,423,2615
119900135,12,728,-716
119900136,239,654,-415
119900138,497,991,-494
119900139,194,163,31
119900140,6,183,-177
119900141,221,1022,-801
119900142,22,59,-37
119900143,30,312,-282
119900144,3148,435,2713
119900145,189,307,-118
119900146,309,311,-2
119900147,7,264,-257
119900148,266,104,162
119900149,2533,5896,-3363
119900150,252,266,-14
119900151,3009,1286,1723
119900152,166,684,-518
119900153,254,155,99
119900154,63,445,-382
119900155,88,84,4
119900156,22,6,16
119900157,253,465,-212
119900158,259,140,119
119900159,8,2487,-2479
119900160,43,361,-318
119900161,313,442,-129
119900162,1144,1311,-167
119900163,222,305,-83
119900164,0,7,-7
119900165,214,358,-144
119900166,145,58,87
119900167,171,237,-66
119900168,1109,763,346
119900169,268,549,-281
119900170,269,377,-108
119900171,1674,775,899
119900172,214,24,190
119900173,11,719,-708
119900174,27,386,-359
119900175,1519,1130,389
119900177,56,323,-267
119900178,22,326,-304
119900179,198,589,-391
119900180,1400,1278,122
119900181,94,126,-32
119900182,6,828,-822
119900183,237,1181,-944
119900184,4552,1049,3503
119900185,76,245,-169
119900186,121,1189,-1068
119900187,21,788,-767
119900188,125,534,-409
119900189,765,492,273
119900190,101,458,-357
119900191,548,280,268
119900192,72,293,-221
119900193,484,353,131
119900194,40,116,-76
119900195,71,351,-280
119900196,2604,780,1824
119900197,315,205,110
119900198,164,479,-315
119900199,199,38,161
119900200,937,1042,-105
119900201,616,339,277
119900202,224,264,-40
119900203,284,722,-438
119900204,351,543,-192
119900205,940,932,8
119900206,209,308,-99
119900208,264,284,-20
119900209,799,1795,-996
119900210,56,76,-20
119900211,117,24,93
119900212,221,477,-256
119900213,11,84,-73
119900214,31,167,-136
119900215,67,105,-38
119900216,17,138,-121
119900217,29,119,-90
119900218,33,116,-83
119900219,23,248,-225
119900220,8,162,-154
119900221,55,531,-476
119900222,26,353,-327
119900223,14,132,-118
119900224,21,54,-33
119900225,1512,88,1424
119900226,1044,2646,-1602
119900227,1696,609,1087
119900228,311,447,-136
119900229,470,878,-408
119900230,2660,1067,1593
119900231,310,321,-11
119900232,328,137,191
119900233,77,7,70
119900234,35,133,-98
119900235,21,86,-65
119900236,26,396,-370
119900237,89,809,-720
119900238,16,139,-123
119900240,166,238,-72
119900241,223,378,-155
119900242,2648,3271,-623
119900244,1106,2489,-1383
119900245,234,295,-61
119900246,420,673,-253
119900247,51,111,-60
119900248,93,222,-129
119900249,298,196,102
119900253,5464,663,4801
119900254,112,926,-814
119900255,212,862,-650
119900256,826,1726,-900
119900257,114,6,108
119900258,204,16,188
119900259,7,234,-227
119900260,202,10,192
119900261,373,322,51
119900262,4,404,-400
119900263,1754,663,1091
119900264,135,404,-269
119900265,739,682,57
119900266,365,481,-116
119900267,391,804,-413
119900268,202,348,-146
119900269,1517,2551,-1034
119900271,26,174,-148
119900272,638,165,473
119900275,135,24,111
119900276,49,2,47
119900277,9,5,4
119900278,591,168,423
119900279,203,452,-249
119900280,1281,294,987
119900281,1,235,-234
119900282,87,93,-6
119900283,17,476,-459
119900284,68,507,-439
119900285,57,134,-77
119900286,14,61,-47
119900288,6,63,-57
119900289,0,71,-71
119900290,15,66,-51
119900291,0,107,-107
119900292,44,45,-1
119900293,28,14,14
119900294,49,0,49
119900295,0,0,0
119900296,0,0,0
119900299,85,357,-272
119900300,289,329,-40
119900301,213,116,97
119900302,188,145,43
119900303,352,359,-7
119900304,298,62,236
119900305,37,207,-170
119900306,26,3,23
119900307,56,255,-199
119900308,8,37,-29
119900309,70,153,-83
119900310,469,495,-26
119900311,115,270,-155
119900312,154,153,1
119900313,391,559,-168
119900314,304,591,-287
119900315,2077,3842,-1765
119900318,24,38,-14
119900319,5,475,-470
119900320,314,943,-629
119900321,116,6,110
119900322,52,120,-68
119900323,3,253,-250
119900324,0,70,-70
119900325,246,694,-448
119900326,223,145,78
120000001,11568,21418,-9850
120000002,3503,4011,-508
120000003,4591,2257,2334
120000004,3806,2975,831
120000005,6551,2769,3782
120000006,1757,1913,-156
120000007,5284,4044,1240
120000008,1641,2127,-486
120000009,5461,1470,3991
120000010,2392,3819,-1427
120000011,1491,3021,-1530
120000012,2084,4725,-2641
120000013,3733,4343,-610
120000014,1017,2604,-1587
120000015,3693,2443,1250
120000016,4928,3550,1378
120000017,4155,3999,156
120000018,6172,15184,-9012
120000019,1303,2362,-1059
120000020,4229,4457,-228
120000021,2314,3428,-1114
120000022,3733,5170,-1437
120000023,1260,2528,-1268
120000024,1943,3258,-1315
120000025,3220,3164,56
120000026,1996,2729,-733
120000027,2235,2908,-673
120000028,1157,742,415
120000029,7920,897,7023
120000030,518,2165,-1647
120000031,2844,17035,-14191
120000032,13945,5593,8352
120000033,6142,3037,3105
120000034,2535,3125,-590
120000035,2599,3407,-808
120000036,3546,7642,-4096
120000037,851,2442,-1591
120000038,11988,5336,6652
120000039,717,1305,-588
120000040,157,360,-203
120000041,1465,2224,-759
120000042,2708,4452,-1744
120000043,7549,3286,4263
120000044,6727,2249,4478
120000045,7053,1540,5513
120000046,2965,3933,-968
120000047,2587,7913,-5326
120000048,12039,5742,6297
120000049,5382,4109,1273
120000050,6189,6861,-672
120000051,4681,7329,-2648
120000052,16741,3577,13164
120000053,1325,4556,-3231
120000054,1868,7818,-5950
120000055,2213,7888,-5675
120000056,5392,6083,-691
120000057,4016,877,3139
120000058,2339,412,1927
120000059,75,1973,-1898
120000061,237,972,-735
120000062,313,435,-122
120000063,2599,3809,-1210
120000064,355,2100,-1745
120000065,918,2740,-1822
120000066,551,748,-197
120000067,111,778,-667
120000068,269,1426,-1157
120000069,1111,2132,-1021
120000070,103,1313,-1210
120000071,534,337,197
120000072,732,731,1
120000073,814,135,679
120000074,184,96,88
120000075,1133,373,760
120000076,2790,580,2210
120000077,2421,899,1522
120000078,5297,1498,3799
120000079,260,186,74
120000080,194,356,-162
120000081,368,260,108
120000082,212,241,-29
120000083,86,677,-591
120000084,618,699,-81
120000085,474,587,-113
120000086,477,934,-457
120000087,264,1239,-975
120000088,1145,2146,-1001
120000089,1602,1082,520
120000090,1007,816,191
120000091,1395,1684,-289
120000092,1578,967,611
120000093,591,850,-259
120000094,219,1008,-789
120000095,1343,851,492
120000096,384,1351,-967
120000098,1376,1466,-90
120000099,608,1218,-610
120000100,1074,1529,-455
120000101,689,786,-97
120000102,690,1159,-469
120000103,1876,1095,781
120000104,2392,738,1654
120000105,3257,913,2344
120000106,2900,883,2017
120000107,4461,922,3539
120000108,1510,229,1281
120000109,1527,126,1401
120000110,119,1484,-1365
120000111,244,1848,-1604
120000112,1216,5382,-4166
120000113,854,3931,-3077
120000114,1345,4645,-3300
120000115,466,3693,-3227
120000116,972,3060,-2088
120000117,2083,2188,-105
120000118,58,36,22
120000119,46,130,-84
120000120,113,125,-12
120000121,64,91,-27
120000122,395,516,-121
120000123,8912,7404,1508
120000124,551,758,-207
120000125,560,1280,-720
120000126,596,1278,-682
120000127,3613,1335,2278
120000128,5559,4444,1115
120000129,263,462,-199
120000130,1306,985,321
120000131,473,919,-446
120000134,568,1846,-1278
120000135,680,766,-86
120000137,341,2679,-2338
120000138,1241,876,365
120000139,459,1467,-1008
120000140,946,1042,-96
120000141,388,714,-326
120000142,594,902,-308
120000143,3,151,-148
120000144,99,1,98
120000145,429,3,426
120000146,3087,1399,1688
120000149,900,1524,-624
120000150,6178,13178,-7000
120000151,524,785,-261
120000152,663,374,289
120000153,326,1030,-704
120000154,674,757,-83
120000155,153,397,-244
120000156,1966,1098,868
120000157,1404,1018,386
120000158,1259,1390,-131
120000159,2919,3687,-768
120000160,3363,2249,1114
120000161,2965,4112,-1147
120000162,166,459,-293
120000163,856,2241,-1385
120000164,528,700,-172
120000165,795,1469,-674
120000166,1531,947,584
120000167,64,104,-40
120000168,21,285,-264
120000169,77,775,-698
120000170,112,499,-387
120000171,28,205,-177
120000172,100,90,10
120000173,5683,658,5025
120000174,1494,39,1455
120000175,1577,45,1532
120000176,1111,39,1072
120000177,3463,221,3242
120000178,530,22,508
120000179,1080,39,1041
120000180,1943,142,1801
120000181,300,809,-509
120000182,168,401,-233
120000183,55,489,-434
120000184,213,1356,-1143
120000186,119,280,-161
120000187,165,120,45
120000188,899,214,685
120000190,2649,32,2617
120000191,2580,79,2501
120000192,1904,43,1861
120000193,900,23,877
120000195,114,6,108
120000196,522,122,400
120000197,184,403,-219
120000198,272,168,104
120000199,151,3,148
120000200,106,1,105
120000201,14,19,-5
120000202,3,75,-72
120000203,67,363,-296
120000207,3,112,-109
120000208,18,374,-356
120000209,9,115,-106
120000210,184,145,39
120000211,163,2,161
120000212,151,2,149
120000213,115,507,-392
120000214,4,535,-531
120000215,11,269,-258
120000216,98,7,91
120000217,1040,1792,-752
120000218,248,1193,-945
120000219,17,821,-804
120000220,21,2599,-2578
120000225,1465,5,1460
120000226,520,6,514
120000227,1146,76,1070
120000228,9318,4559,4759
120000230,443,16,427
120000231,1702,3430,-1728
120000233,347,25,322
120000235,244,1151,-907
120000236,1517,2,1515
120000237,3,2833,-2830
120000238,10,397,-387
120000241,1685,5545,-3860
120000412,1743,22,1721
120000413,294,571,-277
120000414,135,6,129
120000415,4,269,-265
120000416,124,13,111
120000417,3,147,-144
120000418,145,19,126
120000419,22,562,-540
120000420,53,55,-2
120000421,18457,8395,10062
120000422,206,1254,-1048
120000423,2,71,-69
120000424,82,288,-206
120000436,179,892,-713
120000437,230,288,-58
120000438,6143,530,5613
120000439,226,629,-403
120000443,296,2,294
120000444,1900,1139,761
120000445,2188,1761,427
120000446,1409,402,1007
120000447,227,12,215
120000449,142,13,129
120000450,12,384,-372
120000451,187,370,-183
120000452,225,5,220
120000453,1,810,-809
120000454,108,59,49
120000455,106,121,-15
120000456,3618,5734,-2116
120000457,1778,1116,662
120000458,728,1146,-418
120000459,84,135,-51
120000665,3607,325,3282
120000668,221,496,-275
120000669,81,338,-257
120000670,385,568,-183
120000671,2533,931,1602
120000672,132,797,-665
120900001,138,106,32
120900002,979,707,272
120900003,574,75,499
120900004,18,141,-123
120900005,57,2096,-2039
120900006,399,232,167
120900007,219,250,-31
120900008,335,1676,-1341
120900009,1295,94,1201
120900010,660,145,515
120900011,494,213,281
120900012,1191,1590,-399
120900013,486,144,342
120900014,8,1125,-1117
120900015,822,101,721
120900016,1167,89,1078
120900017,4155,229,3926
120900018,200,817,-617
120900019,904,320,584
120900020,1202,1478,-276
120900021,806,214,592
120900022,43,529,-486
120900023,277,48,229
120900024,2865,724,2141
120900025,2806,1578,1228
120900026,343,331,12
120900027,1567,59,1508
120900028,490,101,389
120900029,254,525,-271
120900030,1648,1012,636
120900031,364,134,230
120900032,1212,250,962
120900033,1315,101,1214
120900034,77,3559,-3482
120900035,62,150,-88
120900037,277,20,257
120900038,64,285,-221
120900039,162,66,96
120900040,401,4,397
120900041,211,36,175
120900042,536,113,423
120900043,98,51,47
120900044,129,867,-738
120900045,255,242,13
120900046,587,8,579
120900047,236,102,134
120900048,146,49,97
120900049,500,0,500
120900050,4637,2048,2589
120900051,363,165,198
120900052,816,12,804
120900053,326,147,179
120900054,2517,1214,1303
120900055,463,3,460
120900056,617,28,589
120900057,205,32,173
120900058,615,0,615
120900059,107,5,102
120900060,97,65,32
120900061,294,568,-274
120900062,264,3,261
120900063,676,7,669
120900064,618,1,617
120900065,542,0,542
120900066,301,296,5
120900067,217,89,128
120900068,376,2,374
120900069,269,80,189
120900071,28,0,28
120900072,861,6,855
120900073,522,371,151
120900074,847,4,843
120900076,367,0,367
120900077,5688,579,5109
120900078,1019,1366,-347
120900079,873,158,715
120900080,872,2880,-2008
120900081,1210,1134,76
120900082,1017,566,451
120900083,78,2,76
120900084,345,536,-191
120900085,164,244,-80
120900086,188,576,-388
120900087,537,312,225
120900088,318,521,-203
120900089,6196,3432,2764
120900090,220,307,-87
120900091,890,852,38
120900092,1791,1034,757
120900093,4341,399,3942
120900094,835,431,404
120900095,864,54,810
120900096,118,432,-314
120900097,1097,1084,13
120900098,434,294,140
120900099,70,138,-68
120900100,134,462,-328
120900101,1090,506,584
120900102,46,271,-225
120900103,75,256,-181
120900104,44,91,-47
120900105,46,900,-854
120900106,2045,907,1138
120900107,370,281,89
120900108,9,1077,-1068
120900109,64,989,-925
120900110,14,2005,-1991
120900111,266,657,-391
120900112,14,1613,-1599
120900113,33,1347,-1314
120900114,54,218,-164
120900115,294,347,-53
120900116,525,815,-290
120900117,3,834,-831
120900118,6,1373,-1367
120900119,5336,11439,-6103
120900120,95,982,-887
120900121,294,884,-590
120900122,689,860,-171
120900123,5,713,-708
120900124,1,1028,-1027
120900125,5,1538,-1533
120900126,2280,1800,480
120900127,24,795,-771
120900128,1525,2060,-535
120900129,63,493,-430
120900130,17,695,-678
120900131,46,124,-78
120900132,1057,531,526
120900133,330,1693,-1363
120900134,1010,641,369
120900135,16,979,-963
120900136,171,110,61
120900137,288,172,116
120900138,32,363,-331
120900139,7,1287,-1280
120900140,4,145,-141
120900141,382,223,159
120900142,30,1247,-1217
120900143,6,1437,-1431
120900144,2,305,-303
120900145,243,1114,-871
120900146,4,1629,-1625
120900147,2,685,-683
120900148,189,305,-116
120900149,1,560,-559
120900150,67,938,-871
120900151,1,1048,-1047
120900152,6,54,-48
120900153,35,192,-157
120900154,0,501,-501
120900155,222,1641,-1419
120900156,77,554,-477
120900157,72,434,-362
120900158,70,910,-840
120900159,189,555,-366
120900160,59,781,-722
120900161,47,803,-756
120900162,43,832,-789
120900163,38,582,-544
120900164,1,6,-5
120900165,9,16,-7
120900166,350,422,-72
120900167,719,200,519
120900169,105,762,-657
120900170,3029,3678,-649
120900171,1679,591,1088
120900172,3942,614,3328
120900173,0,63,-63
120900174,9,153,-144
120900175,401,356,45
120900176,27,566,-539
120900177,1,1525,-1524
120900178,1,633,-632
120900179,1388,824,564
120900180,279,187,92
120900181,159,100,59
120900182,34,1288,-1254
120900183,440,184,256
120900184,214,134,80
120900185,22,917,-895
120900186,0,758,-758
120900187,795,1456,-661
120900188,210,39,171
120900189,207,1307,-1100
120900190,79,19,60
120900191,18,40,-22
120900192,18349,8176,10173
120900194,57,171,-114
120900195,246,423,-177
120900196,1363,84,1279
120900197,850,129,721
120900198,453,1000,-547
120900199,454,539,-85
120900200,135,202,-67
120900201,748,259,489
120900202,2,316,-314
120900203,47,128,-81
120900204,209,482,-273
120900205,74,123,-49
120900206,20,33,-13
120900207,117,2299,-2182
121000001,1448,1569,-121
121000002,4755,3372,1383
121000003,5320,2931,2389
121000004,4612,10416,-5804
121000005,3238,4406,-1168
121000006,6013,2642,3371
121000007,4964,3967,997
121000008,11941,6009,5932
121000009,9164,8776,388
121000010,15432,11204,4228
121000011,14714,20898,-6184
121000012,25348,18461,6887
121000013,7322,11928,-4606
121000014,10562,10444,118
121000015,8528,10665,-2137
121000016,6726,6384,342
121000017,3641,5779,-2138
121000018,3816,2780,1036
121000019,28749,16888,11861
121000020,19617,20807,-1190
121000021,5342,4776,566
121000022,3962,3981,-19
121000023,5847,4781,1066
121000024,6663,6452,211
121000025,979,2629,-1650
121000026,428,233,195
121000027,1971,1549,422
121000028,1218,719,499
121000029,1736,1054,682
121000030,1151,725,426
121000031,1308,1016,292
121000032,354,154,200
121000034,938,249,689
121000035,456,162,294
121000036,2500,1727,773
121000037,1184,827,357
121000038,1098,1220,-122
121000039,743,766,-23
121000041,1116,667,449
121000042,381,591,-210
121000043,1225,797,428
121000044,2488,1248,1240
121000045,878,500,378
121000046,1170,1441,-271
121000047,696,163,533
121000049,2887,807,2080
121000050,533,1559,-1026
121000051,1371,456,915
121000052,830,952,-122
121000053,593,135,458
121000054,59,456,-397
121000055,1912,1509,403
121000056,1049,1468,-419
121000057,480,825,-345
121000058,505,249,256
121000059,3001,1856,1145
121000060,605,1455,-850
121000061,316,338,-22
121000062,278,629,-351
121000063,1191,1007,184
121000064,1081,1414,-333
121000065,761,593,168
121000066,889,833,56
121000067,1240,618,622
121000068,1179,639,540
121000069,1070,884,186
121000070,3310,1788,1522
121000071,2509,2103,406
121000072,2296,1133,1163
121000073,2237,1307,930
121000074,194,223,-29
121000075,105,365,-260
121000076,1642,539,1103
121000077,193,250,-57
121000078,168,198,-30
121000080,3429,953,2476
121000081,6036,5250,786
121000082,164,320,-156
121000083,326,193,133
121000084,268,235,33
121000085,315,792,-477
121000086,324,1200,-876
121000087,101,456,-355
121000088,674,996,-322
121000089,792,568,224
121000090,710,574,136
121000091,2168,1245,923
121000092,298,144,154
121000093,186,361,-175
121000094,594,1337,-743
121000095,560,887,-327
121000096,3114,3612,-498
121000097,2032,2778,-746
121000098,892,1756,-864
121000099,1129,1382,-253
121000100,1491,789,702
121000101,670,469,201
121000102,504,536,-32
121000103,365,403,-38
121000104,396,334,62
121000105,648,400,248
121000106,483,634,-151
121000107,3667,4865,-1198
121000109,2002,1538,464
121000110,458,1170,-712
121000114,3896,2837,1059
121000115,1361,1093,268
121000116,418,1385,-967
121000117,1173,379,794
121000118,2014,338,1676
121000119,531,608,-77
121000120,444,687,-243
121000121,982,1788,-806
121000123,2854,824,2030
121000126,184,449,-265
121000127,352,200,152
121000128,1412,740,672
121000129,1304,845,459
121000130,964,1405,-441
121000131,3806,2877,929
121000132,2608,2322,286
121000135,755,1050,-295
121000136,2921,857,2064
121000137,683,388,295
121000138,2435,1197,1238
121000139,1326,259,1067
121000141,466,218,248
121000142,1310,1291,19
121000143,210,38,172
121000144,1521,2168,-647
121000145,1045,1600,-555
121000146,2112,1231,881
121000147,1731,746,985
121000148,1569,1519,50
121000149,3709,2133,1576
121000152,811,1146,-335
121000153,2616,1159,1457
121000154,1282,1293,-11
121000155,2053,1767,286
121000156,616,1791,-1175
121000157,1654,3261,-1607
121000158,478,1037,-559
121000159,238,750,-512
121000160,457,755,-298
121000161,245,526,-281
121000162,122,362,-240
121000165,2218,2405,-187
121000166,31,963,-932
121000168,789,416,373
121000169,130,213,-83
121000170,515,257,258
121000171,107,211,-104
121000172,1054,763,291
121000173,2031,1539,492
121000174,473,570,-97
121000175,1427,656,771
121000176,668,345,323
121000177,1758,940,818
121000178,199,84,115
121000179,121,82,39
121000181,642,641,1
121000182,213,236,-23
121000183,86,136,-50
121000184,561,124,437
121000185,67,211,-144
121000186,356,575,-219
121000187,237,318,-81
121000188,315,311,4
121000192,980,587,393
121000193,1064,660,404
121000194,3457,3215,242
121000195,525,1212,-687
121000196,1441,363,1078
121000197,490,1088,-598
121000198,682,183,499
121000199,289,712,-423
121000200,1080,138,942
121000201,12,321,-309
121000202,1751,206,1545
121000203,1458,3126,-1668
121000204,4858,1124,3734
121000205,455,452,3
121000206,424,60,364
121000207,3509,717,2792
121000208,20,676,-656
121000209,539,547,-8
121000210,755,704,51
121000211,505,275,230
121000212,565,1018,-453
121000213,13314,4564,8750
121000214,1063,4343,-3280
121000215,1669,1271,398
121000216,851,1246,-395
121000217,8591,5418,3173
121000218,695,2309,-1614
121000219,3194,815,2379
121000220,434,61,373
121000221,243,411,-168
121000222,4035,3134,901
121000223,1359,509,850
121000224,567,238,329
121000225,4901,1917,2984
121000226,15154,1994,13160
121000227,12,245,-233
121000228,48,850,-802
121000229,449,540,-91
121000230,71,2072,-2001
121000231,1202,62,1140
121000232,441,507,-66
121000233,807,471,336
121000234,29,61,-32
121000235,117,62,55
121000236,7,86,-79
121000237,44,17,27
121000238,7,111,-104
121000239,45,15,30
121000240,14,488,-474
121000241,135,16,119
121000242,60,307,-247
121000243,340,144,196
121000244,6,100,-94
121000245,49,18,31
121000246,3,141,-138
121000247,114,5,109
121000248,1338,808,530
121000249,199,398,-199
121000250,1110,162,948
121000251,37,744,-707
121000252,142,85,57
121000253,1019,745,274
121000254,2002,403,1599
121000255,858,288,570
121000256,1374,455,919
121000257,159,127,32
121000258,519,68,451
121000259,213,124,89
121000260,360,190,170
121000261,360,71,289
121000262,1514,1988,-474
121000263,542,668,-126
121000271,390,2096,-1706
121000273,351,7,344
121000274,27,57,-30
121000275,4,26,-22
121000276,14,49,-35
121000278,369,56,313
121000279,123,20,103
121000280,440,62,378
121000289,322,40,282
121000290,1722,1137,585
121000294,240,309,-69
121000297,1299,2197,-898
121000299,882,353,529
121000300,995,1098,-103
121000302,138,1726,-1588
121000303,823,594,229
121000304,635,80,555
121000305,245,66,179
121000306,210,195,15
121000308,229,661,-432
121000309,723,871,-148
121000310,246,553,-307
121000311,138,1217,-1079
121000312,556,366,190
121000313,669,983,-314
121000314,188,234,-46
121000315,70,153,-83
121000530,2028,2154,-126
121000531,2312,2231,81
121000532,9403,9051,352
121000533,3887,4686,-799
121000918,153,219,-66
121000919,114,65,49
121000938,202,175,27
121000939,205,226,-21
121000956,1710,2324,-614
121000957,7,11,-4
121000958,278,63,215
121000959,1177,1306,-129
121000960,3272,3129,143
121000961,286,166,120
121000962,452,1686,-1234
121000973,1,187,-186
121000976,38,323,-285
121000979,631,277,354
121000981,399,300,99
121000982,690,288,402
121000983,739,673,66
121000984,91,93,-2
121000985,974,1039,-65
121000986,1150,451,699
121000987,322,1706,-1384
121000988,1033,233,800
121001302,491,214,277
121001308,18,20,-2
121001309,295,132,163
121001311,0,0,0
121001313,705,368,337
121001314,4117,5174,-1057
121001315,6165,4743,1422
121001318,0,0,0
121900001,156,261,-105
121900002,251,14,237
121900003,628,11,617
121900004,214,566,-352
121900005,19,6,13
121900006,145,40,105
121900007,3244,4117,-873
121900008,1897,627,1270
121900009,904,31,873
121900010,420,6,414
121900011,431,692,-261
121900012,36,4,32
121900013,2803,62,2741
121900014,2074,627,1447
121900015,266,299,-33
121900016,11,64,-53
121900017,710,884,-174
121900018,553,14,539
121900019,623,442,181
121900020,28,1,27
121900021,979,20,959
121900022,384,374,10
121900023,173,583,-410
121900024,582,138,444
121900025,954,622,332
121900026,541,75,466
121900027,666,207,459
121900028,316,26,290
121900029,282,479,-197
121900030,894,1181,-287
121900031,1790,10924,-9134
121900032,212,145,67
121900033,259,298,-39
121900034,656,135,521
121900035,3993,3620,373
121900036,101,385,-284
121900037,263,856,-593
121900038,55,253,-198
121900039,703,95,608
121900040,113,134,-21
121900041,165,250,-85
121900042,521,222,299
121900043,9,12,-3
121900044,343,119,224
121900046,588,418,170
121900047,264,93,171
121900048,71,213,-142
121900050,45,69,-24
121900051,223,241,-18
121900052,268,62,206
121900053,838,592,246
121900054,708,1309,-601
121900055,6,19,-13
121900058,333,276,57
121900059,635,289,346
121900060,201,513,-312
121900061,857,239,618
121900062,269,181,88
121900063,1778,460,1318
121900064,442,934,-492
121900066,131,33,98
121900067,97,86,11
121900069,210,192,18
121900070,595,178,417
121900071,384,342,42
121900072,58,242,-184
121900073,478,371,107
121900074,1180,1492,-312
121900075,1241,521,720
121900076,1316,902,414
121900077,35,63,-28
121900078,168,65,103
121900079,2,0,2
121900080,1500,648,852
121900082,90,167,-77
121900084,23,273,-250
121900085,2,23,-21
121900086,28,61,-33
121900087,302,163,139
121900088,3278,4479,-1201
121900089,337,533,-196
121900090,36,156,-120
121900091,76,204,-128
121900092,139,133,6
121900093,72,91,-19
121900094,11,10,1
121900095,347,269,78
121900096,2190,1256,934
121900097,955,272,683
121900098,8,13,-5
121900099,373,96,277
121900100,374,573,-199
121900101,259,174,85
121900102,6,210,-204
121900103,1402,371,1031
121900104,1756,420,1336
121900105,380,326,54
121900106,10,8,2
121900107,121,63,58
121900108,1,47,-46
121900109,553,234,319
121900110,732,1416,-684
121900111,2225,195,2030
121900112,332,186,146
121900113,107,841,-734
121900114,76,166,-90
121900117,713,89,624
121900118,3603,807,2796
121900119,185,195,-10
121900120,93,2464,-2371
121900121,984,97,887
121900122,40,147,-107
121900123,325,716,-391
121900124,103,192,-89
121900125,1925,1934,-9
121900127,15,137,-122
121900128,158,206,-48
121900129,1177,221,956
121900130,227,460,-233
121900131,437,100,337
121900132,138,187,-49
121900133,85,635,-550
121900134,34,256,-222
121900135,3316,522,2794
121900136,414,614,-200
121900137,52,621,-569
121900138,224,369,-145
121900139,510,689,-179
121900140,92,294,-202
121900141,64,74,-10
121900142,209,239,-30
121900143,23,315,-292
121900144,181,358,-177
121900145,278,541,-263
121900146,1053,1169,-116
121900147,76,276,-200
121900148,317,363,-46
121900149,549,1002,-453
121900150,96,166,-70
121900151,114,319,-205
121900152,133,203,-70
121900153,168,866,-698
121900154,35,275,-240
121900155,2,211,-209
121900156,253,150,103
121900157,7,570,-563
121900158,89,136,-47
121900159,1,337,-336
121900160,92,427,-335
121900161,528,561,-33
121900162,165,261,-96
121900163,354,1020,-666
121900164,660,330,330
121900165,391,268,123
121900166,479,280,199
121900167,194,165,29
121900168,291,242,49
121900169,2,460,-458
121900170,8,397,-389
121900171,991,946,45
121900172,758,384,374
121900173,1376,401,975
121900174,64,139,-75
121900175,489,231,258
121900176,834,2023,-1189
121900177,314,117,197
121900178,76,103,-27
121900179,602,234,368
121900180,6675,6511,164
121900182,1757,439,1318
121900183,1016,1160,-144
121900184,89,948,-859
121900186,24,413,-389
121900187,63,222,-159
121900188,801,910,-109
121900189,54,141,-87
121900190,803,676,127
121900191,158,366,-208
121900192,528,1000,-472
121900193,93,292,-199
121900194,4,372,-368
121900195,150,140,10
121900196,1406,1651,-245
121900197,620,2394,-1774
121900198,1511,2041,-530
121900199,1,25,-24
121900200,225,388,-163
121900201,1787,1109,678
121900202,213,882,-669
121900203,383,1544,-1161
121900204,1409,2002,-593
121900205,24,162,-138
121900206,16,26,-10
121900207,265,84,181
121900208,529,430,99
121900209,84,57,27
121900210,2733,1735,998
121900211,25,116,-91
121900212,189,205,-16
121900213,237,139,98
121900214,15,999,-984
121900215,92,176,-84
121900216,122,242,-120
121900217,366,231,135
121900218,303,729,-426
121900220,218,27,191
121900221,455,1183,-728
121900222,321,297,24
121900223,318,72,246
121900224,188,79,109
121900225,311,157,154
121900226,377,1245,-868
121900227,317,835,-518
121900228,321,633,-312
121900230,215,506,-291
121900231,606,2434,-1828
121900232,535,611,-76
121900233,395,325,70
121900234,718,489,229
121900235,869,348,521
121900236,540,277,263
121900237,224,473,-249
121900238,225,556,-331
121900239,323,76,247
121900240,336,200,136
121900241,56,94,-38
121900242,4,0,4
121900243,10,0,10
121900244,28,5,23
121900245,212,114,98
121900246,3127,550,2577
121900247,456,382,74
121900248,2285,1714,571
121900250,354,470,-116
121900251,430,78,352
121900252,841,231,610
121900253,161,1147,-986
121900254,728,413,315
121900255,380,160,220
121900258,4659,2985,1674
121900259,562,1005,-443
121900260,197,283,-86
121900261,252,865,-613
121900262,589,1745,-1156
121900263,305,519,-214
121900264,3114,2409,705
121900265,441,391,50
121900266,575,296,279
121900267,85,35,50
121900269,319,987,-668
121900270,50,333,-283
121900271,68,247,-179
121900273,887,3076,-2189
121900274,386,365,21
121900277,687,1496,-809
121900278,295,1104,-809
121900279,300,222,78
121900280,392,424,-32
121900281,933,454,479
121900284,102,19,83
121900286,825,195,630
121900287,13,70,-57
121900288,9,1,8
121900290,297,390,-93
121900291,586,899,-313
121900292,234,172,62
121900293,1289,4032,-2743
121900294,441,5,436
121900295,148,335,-187
121900296,178,241,-63
121900298,731,978,-247
121900299,0,1,-1
121900300,94,2,92
121900301,68,9,59
121900302,0,74,-74
121900303,869,587,282
121900304,1,25,-24
121900305,0,4,-4
121900306,97,3,94
121900307,55,25,30
121900308,36,449,-413
121900309,26,364,-338
121900310,29,610,-581
121900311,436,144,292
121900312,333,41,292
121900313,892,96,796
121900314,27,87,-60
121900315,8,0,8
121900316,0,11,-11
121900317,23,15,8
121900318,1,25,-24
121900319,26,431,-405
121900320,86,181,-95
121900321,10,5,5
121900322,6,48,-42
121900323,16,34,-18
121900324,6,92,-86
121900325,14,8,6
121900326,8,44,-36
121900327,17,104,-87
121900328,0,43,-43
121900329,2,315,-313
121900330,1,55,-54
121900331,63,26,37
121900332,151,52,99
121900333,32,2,30
121900334,5,5,0
122000001,3834,6235,-2401
122000002,7063,2477,4586
122000003,3158,3504,-346
122000004,4817,2656,2161
122000005,3842,2207,1635
122000006,2889,1173,1716
122000007,1974,2546,-572
122000008,6817,7624,-807
122000009,621,525,96
122000010,3010,4378,-1368
122000011,4810,2172,2638
122000012,1768,2036,-268
122000013,3158,1643,1515
122000014,2178,2319,-141
122000015,1924,1478,446
122000016,740,1114,-374
122000017,1477,1454,23
122000018,1863,1686,177
122000019,1108,1718,-610
122000020,379,334,45
122000021,594,652,-58
122000022,2141,1834,307
122000023,1014,3351,-2337
122000024,1082,1630,-548
122000025,2924,2283,641
122000026,1556,1400,156
122000027,710,5057,-4347
122000028,1050,634,416
122000029,637,591,46
122000030,451,257,194
122000031,278,338,-60
122000032,2431,3932,-1501
122000033,1424,1600,-176
122000034,1212,850,362
122000035,447,1094,-647
122000036,789,795,-6
122000037,446,386,60
122000038,351,550,-199
122000039,963,851,112
122000040,497,728,-231
122000041,814,769,45
122000042,530,647,-117
122000043,182,188,-6
122000044,211,232,-21
122000045,2409,715,1694
122000046,1199,1438,-239
122000047,416,287,129
122000048,4894,7364,-2470
122000049,9217,3969,5248
122000050,2592,1058,1534
122000051,503,378,125
122000052,691,466,225
122000053,246,805,-559
122000054,3453,3126,327
122000055,3470,3981,-511
122000056,7059,5771,1288
122000057,5335,5060,275
122000058,4499,1786,2713
122000059,4633,2521,2112
122000060,1214,951,263
122000061,816,628,188
122000062,1595,442,1153
122000063,2529,1112,1417
122000064,5649,3982,1667
122000065,8329,3757,4572
122000066,1938,1695,243
122000067,3382,1771,1611
122000068,2200,2370,-170
122000069,1050,1130,-80
122000070,1013,4697,-3684
122000071,1951,2011,-60
122000072,510,564,-54
122000073,514,801,-287
122000074,4013,2302,1711
122000075,971,2253,-1282
122000076,3183,1742,1441
122000077,2524,1092,1432
122000078,3427,3370,57
122000079,3276,1895,1381
122000080,1860,515,1345
122000081,352,499,-147
122000082,1453,1229,224
122000083,2322,4242,-1920
122000084,2213,1353,860
122000085,393,3009,-2616
122000086,3607,8523,-4916
122000087,822,375,447
122000088,551,762,-211
122000089,10787,4612,6175
122000090,464,821,-357
122000091,614,110,504
122000092,341,41,300
122000093,3173,1783,1390
122000094,12505,3929,8576
122000095,5928,5814,114
122000096,4667,3276,1391
122000098,5858,2853,3005
122000099,6026,1064,4962
122000100,1661,1338,323
122000101,404,1675,-1271
122000102,2800,1481,1319
122000103,3056,2043,1013
122000104,654,304,350
122000105,968,400,568
122000106,834,900,-66
122000107,1374,734,640
122000108,651,1015,-364
122000109,542,688,-146
122000110,738,718,20
122000111,3832,1835,1997
122000112,1220,2177,-957
122000113,856,903,-47
122000114,7835,2402,5433
122000115,2241,3243,-1002
122000116,805,825,-20
122000117,1983,719,1264
122000118,797,1271,-474
122000119,5595,4198,1397
122000120,3988,7474,-3486
122000121,4409,4625,-216
122000122,1223,2425,-1202
122000123,3271,2852,419
122000124,1673,1044,629
122000125,947,1005,-58
122000126,1171,1840,-669
122000127,1914,2035,-121
122000128,783,1272,-489
122000129,607,2644,-2037
122000130,5315,2329,2986
122000131,2975,2868,107
122000132,959,1051,-92
122000133,1532,2568,-1036
122000134,1475,1205,270
122000135,1107,1146,-39
122000136,1531,1069,462
122000137,3054,1323,1731
122000139,2287,5776,-3489
122000140,1852,779,1073
122000141,6833,1692,5141
122000142,714,1314,-600
122000143,879,1026,-147
122000144,2826,2777,49
122000145,2517,1530,987
122000146,1070,1990,-920
122000147,1285,809,476
122000148,3541,2691,850
122000149,3274,2114,1160
122000150,1903,1449,454
122000151,436,619,-183
122000152,631,697,-66
122000153,626,557,69
122000154,474,310,164
122000155,2351,3987,-1636
122000156,2562,2778,-216
122000157,2597,2297,300
122000158,639,1147,-508
122000159,1442,3297,-1855
122000160,7039,4918,2121
122000161,2205,1794,411
122000162,3557,2832,725
122000163,339,168,171
122000164,45,103,-58
122000165,1491,1096,395
122000166,2127,1698,429
122000167,402,321,81
122000168,264,763,-499
122000169,643,290,353
122000170,429,304,125
122000171,40,89,-49
122000172,2073,2053,20
122000173,1878,2961,-1083
122000174,4370,1210,3160
122000175,2193,480,1713
122000176,383,994,-611
122000177,2784,1953,831
122000178,4941,4387,554
122000179,2634,3450,-816
122000180,2548,2058,490
122000181,2409,4911,-2502
122000182,2718,2402,316
122000183,2727,1739,988
122000184,3362,2771,591
122000185,1471,1835,-364
122000186,822,1121,-299
122000187,3253,1555,1698
122000188,646,277,369
122000189,403,536,-133
122000190,1851,1488,363
122000191,1534,1133,401
122000192,1849,452,1397
122000193,671,867,-196
122000194,1247,256,991
122000195,378,618,-240
122000196,2034,865,1169
122000197,802,899,-97
122000198,665,1080,-415
122000199,536,493,43
122000200,1842,1276,566
122000201,1819,1866,-47
122000202,2065,1560,505
122000203,4160,2050,2110
122000204,2655,2895,-240
122000205,2146,2179,-33
122000206,3540,1281,2259
122000207,3061,1881,1180
122000208,4395,2058,2337
122000209,4017,570,3447
122000210,4033,2711,1322
122000211,2593,1577,1016
122000212,1515,949,566
122000213,1563,2236,-673
122000214,3154,2494,660
122000215,2562,2127,435
122000217,3077,1889,1188
122000218,1197,168,1029
122000219,1737,1340,397
122000220,555,1028,-473
122000221,168,647,-479
122000222,961,261,700
122000223,2333,721,1612
122000225,1656,446,1210
122000226,3997,2907,1090
122000227,550,4078,-3528
122000228,636,548,88
122000229,33,660,-627
122000230,133,869,-736
122000231,447,1223,-776
122000232,1073,1547,-474
122000233,1,153,-152
122000234,686,253,433
122000235,1226,272,954
122000236,1807,278,1529
122000237,175,134,41
122000238,566,572,-6
122000239,971,210,761
122000240,1858,773,1085
122000241,2692,811,1881
122000242,1390,186,1204
122000243,600,108,492
122000244,97,685,-588
122000245,160,346,-186
122000246,595,253,342
122000247,903,1076,-173
122000248,2017,2656,-639
122000249,1804,1343,461
122000250,3446,1957,1489
122000251,369,681,-312
122000252,826,227,599
122000253,57,435,-378
122000254,453,137,316
122000255,1213,2458,-1245
122000256,561,1621,-1060
122000257,272,508,-236
122000258,356,433,-77
122000259,14,778,-764
122000260,5,133,-128
122000261,8,275,-267
122000262,0,82,-82
122000263,386,166,220
122000264,1888,669,1219
122000265,4485,1339,3146
122000266,9895,977,8918
122000267,220,166,54
122000268,341,620,-279
122000269,1832,448,1384
122000270,2245,299,1946
122000271,527,1625,-1098
122000272,509,1493,-984
122000273,657,617,40
122000274,305,271,34
122000275,221,292,-71
122000276,1174,820,354
122000277,2595,2240,355
122000278,2902,1357,1545
122000279,344,714,-370
122000280,1800,1127,673
122000281,1496,1228,268
122000282,443,254,189
122000283,1135,110,1025
122000284,278,154,124
122000285,1002,164,838
122000286,316,200,116
122000287,2658,2070,588
122000288,1404,369,1035
122000291,2489,1192,1297
122000293,473,446,27
122000294,180,373,-193
122000295,2069,286,1783
122000296,60,1132,-1072
122000297,4299,4113,186
122000299,493,728,-235
122000300,706,949,-243
122000301,17820,4917,12903
122000302,1441,2323,-882
122000303,5504,2030,3474
122000304,143,397,-254
122000305,1727,556,1171
122000306,51,1164,-1113
122000307,293,189,104
122000309,168,102,66
122000310,149,105,44
122000311,464,271,193
122000312,196,84,112
122000313,223,115,108
122000314,180,322,-142
122000315,378,76,302
122000316,998,293,705
122000317,1907,396,1511
122000318,413,1323,-910
122000319,362,809,-447
122000320,570,2805,-2235
122000321,164,378,-214
122000322,3370,3971,-601
122000323,1987,3327,-1340
122000324,2016,1800,216
122000325,1574,2487,-913
122000326,108,172,-64
122000327,979,1441,-462
122000328,1572,1118,454
122000330,3601,1252,2349
122000332,470,518,-48
122000333,11,175,-164
122000337,1417,2164,-747
122000338,632,611,21
122000340,676,502,174
122000342,3679,1511,2168
122000343,680,2091,-1411
122000344,119,34,85
122000345,203,75,128
122000346,426,775,-349
122000348,1005,1102,-97
122000349,189,1065,-876
122000351,186,274,-88
122000352,723,230,493
122000353,129,143,-14
122000355,268,250,18
122000356,3116,1335,1781
122000357,123,39,84
122000358,1,69,-68
122000359,0,61,-61
122000360,2,62,-60
122000362,11,123,-112
122000364,236,516,-280
122000365,1,67,-66
122000366,15,9,6
122000368,673,1084,-411
122000370,30,90,-60
122000371,69,1,68
122000372,27,1,26
122000381,112,544,-432
122000382,117,330,-213
122000384,5783,2650,3133
122000385,119,2,117
122000386,1056,2336,-1280
122000387,1402,668,734
122000388,2847,1061,1786
122000389,299,898,-599
122000390,849,310,539
122000391,680,165,515
122000392,294,277,17
122000393,517,261,256
122000394,811,536,275
122000395,262,268,-6
122000396,524,164,360
122000397,96,110,-14
122000398,45,74,-29
122000399,244,117,127
122000400,260,720,-460
122000401,193,95,98
122000402,481,177,304
122000403,888,1464,-576
122000404,264,511,-247
122000408,1169,2003,-834
122000503,13,196,-183
122000524,270,189,81
122000544,139,5883,-5744
122000616,401,4,397
122000640,80,185,-105
122000641,155,468,-313
122000642,2348,1533,815
122000643,74,234,-160
122000644,356,33,323
122000645,125,475,-350
122000651,3604,1070,2534
122000664,215,78,137
122000665,1754,711,1043
122000666,919,1431,-512
122000673,59,406,-347
122000674,235,89,146
122000675,2599,1814,785
122000686,627,1796,-1169
122000687,2889,523,2366
122000688,407,1129,-722
122000689,1359,964,395
122000690,2202,947,1255
122000691,737,3136,-2399
122000692,2502,627,1875
122000693,1007,2967,-1960
122000695,452,838,-386
122000696,594,526,68
122000698,512,1196,-684
122000699,351,258,93
122000701,2119,629,1490
122000702,676,1985,-1309
122000703,230,101,129
122000717,300,101,199
122000718,495,1471,-976
122000719,230,169,61
122000720,565,451,114
122000724,181,48,133
122900001,58,32,26
122900002,1975,7031,-5056
122900003,704,67,637
122900004,1392,94,1298
122900005,150,53,97
122900006,2276,490,1786
122900007,269,79,190
122900008,1452,102,1350
122900009,1322,716,606
122900010,307,326,-19
122900012,266,461,-195
122900014,274,464,-190
122900015,3779,1618,2161
122900016,233,464,-231
122900017,624,1427,-803
122900018,364,22,342
122900019,12,233,-221
122900020,910,553,357
122900021,36,1500,-1464
122900022,1194,1275,-81
122900023,756,372,384
122900024,210,160,50
122900025,21,306,-285
122900026,154,514,-360
122900027,93,1021,-928
122900028,201,302,-101
122900029,6702,4008,2694
122900030,2012,770,1242
122900031,157,410,-253
122900032,195,716,-521
122900033,517,237,280
122900034,5906,9011,-3105
122900035,64,18,46
122900036,65,280,-215
122900037,802,207,595
122900038,233,5401,-5168
122900039,158,869,-711
122900040,579,516,63
122900041,512,311,201
122900042,309,444,-135
122900043,927,230,697
122900044,165,508,-343
122900045,139,176,-37
122900046,646,211,435
122900047,378,286,92
122900048,73,612,-539
122900049,2549,243,2306
122900051,145,214,-69
122900052,73,222,-149
122900053,29,48,-19
122900055,766,241,525
122900057,553,102,451
122900061,784,355,429
122900062,743,1173,-430
122900063,285,487,-202
122900064,2301,725,1576
122900065,947,309,638
122900066,972,512,460
122900067,2224,1275,949
122900068,242,511,-269
122900069,666,3328,-2662
122900070,553,64,489
122900071,188,724,-536
122900072,28,891,-863
122900073,78,359,-281
122900074,1258,1035,223
122900075,3,135,-132
122900076,16,263,-247
122900077,5,227,-222
122900078,255,166,89
122900080,62,46,16
122900081,421,259,162
122900082,1102,458,644
122900083,315,343,-28
122900084,19,385,-366
122900086,13,136,-123
122900087,650,668,-18
122900088,100,225,-125
122900089,310,269,41
122900090,22,816,-794
122900091,338,1,337
122900092,2,282,-280
122900093,3,416,-413
122900094,9,328,-319
122900095,339,10,329
122900096,371,391,-20
122900097,63,51,12
122900098,177,168,9
122900099,77,24,53
122900100,1510,412,1098
122900101,1214,478,736
122900102,31,44,-13
122900103,145,16,129
122900104,158,7,151
122900105,14,16,-2
122900106,7,156,-149
122900107,5,362,-357
122900108,12,376,-364
123000001,2543,582,1961
123000002,7183,5733,1450
123000003,5430,5358,72
123000004,4284,5943,-1659
123000005,3887,4042,-155
123000006,3841,4083,-242
123000007,5239,3829,1410
123000008,3791,5404,-1613
123000009,6940,4796,2144
123000010,4860,5286,-426
123000011,5118,1316,3802
123000012,1395,3403,-2008
123000013,5423,1423,4000
123000014,1713,5233,-3520
123000015,6367,1559,4808
123000016,8882,5972,2910
123000017,4420,2524,1896
123000018,130,227,-97
123000019,432,487,-55
123000020,227,253,-26
123000021,142,662,-520
123000022,587,4309,-3722
123000023,2056,1976,80
123000024,2336,925,1411
123000025,200,396,-196
123000026,57,67,-10
123000027,1323,680,643
123000028,3302,389,2913
123000029,3536,668,2868
123000030,589,658,-69
123000031,239,555,-316
123000032,450,341,109
123000033,519,79,440
123000034,1792,1663,129
123000035,459,688,-229
123000036,392,1703,-1311
123000037,328,468,-140
123000038,125,324,-199
123000039,500,1943,-1443
123000040,1352,452,900
123000041,2013,1609,404
123000042,1709,730,979
123000043,5271,12008,-6737
123000044,7421,3577,3844
123000045,15373,4504,10869
123000046,1293,2091,-798
123000047,3578,2007,1571
123000048,143,886,-743
123000049,11447,12413,-966
123000050,1921,2279,-358
123000051,190,294,-104
123000052,1216,4886,-3670
123000053,3943,5263,-1320
123000054,2152,2315,-163
123000055,1751,2951,-1200
123000056,1928,2808,-880
123000057,23723,10090,13633
123000058,1002,1417,-415
123000059,720,759,-39
123000060,1198,537,661
123000061,443,1173,-730
123000063,1338,1463,-125
123000064,1548,455,1093
123000065,8958,4756,4202
123000066,1263,1277,-14
123000067,1470,1119,351
123000068,4685,4993,-308
123000069,9808,5186,4622
123000070,385,1358,-973
123000071,1369,1589,-220
123000072,1643,1694,-51
123000073,1709,1330,379
123000074,1562,2431,-869
123000075,514,1579,-1065
123000076,947,1186,-239
123000077,2831,4545,-1714
123000078,2040,2333,-293
123000079,1878,2884,-1006
123000080,3267,3141,126
123000081,255,685,-430
123000082,637,1618,-981
123000083,1524,343,1181
123000084,869,1077,-208
123000085,405,176,229
123000086,632,443,189
123000087,496,619,-123
123000088,1810,1512,298
123000089,695,1716,-1021
123000090,1561,1370,191
123000091,2193,2473,-280
123000092,1365,1744,-379
123000094,790,390,400
123000095,738,944,-206
123000096,1082,636,446
123000097,777,1261,-484
123000098,1131,901,230
123000099,906,1156,-250
123000100,840,1054,-214
123000101,967,838,129
123000102,859,938,-79
123000104,582,583,-1
123000105,819,671,148
123000106,675,607,68
123000107,616,765,-149
123000108,1014,2024,-1010
123000111,1183,525,658
123000112,1569,922,647
123000113,844,2542,-1698
123000114,590,814,-224
123000115,413,447,-34
123000116,46,257,-211
123000117,2493,3478,-985
123000118,689,1439,-750
123000119,416,1419,-1003
123000120,621,1309,-688
123000121,550,837,-287
123000122,642,321,321
123000123,571,827,-256
123000124,774,704,70
123000125,1798,1913,-115
123000126,2553,5842,-3289
123000127,1476,995,481
123000128,498,549,-51
123000129,821,308,513
123000130,784,150,634
123000131,1240,1158,82
123000132,487,1085,-598
123000133,491,711,-220
123000134,709,302,407
123000135,3264,1828,1436
123000136,364,1476,-1112
123000137,167,594,-427
123000138,143,654,-511
123000139,622,196,426
123000140,204,1269,-1065
123000141,1241,237,1004
123000142,1307,1495,-188
123000143,2297,3104,-807
123000144,51,47,4
123000145,319,202,117
123000146,58,131,-73
123000147,241,202,39
123000149,541,694,-153
123000150,238,356,-118
123000151,398,562,-164
123000152,184,592,-408
123000153,361,1141,-780
123000154,2598,3319,-721
123000155,3483,1869,1614
123000156,82,265,-183
123000157,924,1612,-688
123000158,917,1287,-370
123000159,5536,3718,1818
123000160,1471,1115,356
123000161,2426,1867,559
123000162,1318,2548,-1230
123000163,674,182,492
123000164,2120,483,1637
123000165,584,2595,-2011
123000166,74,280,-206
123000167,158,470,-312
123000168,405,432,-27
123000169,1165,189,976
123000170,149,377,-228
123000171,909,114,795
123000172,300,941,-641
123000173,848,389,459
123000174,1531,646,885
123000175,1122,2022,-900
123000176,1417,450,967
123000177,433,1551,-1118
123000178,1456,233,1223
123000179,80,966,-886
123000180,2332,526,1806
123000181,473,2159,-1686
123000182,353,685,-332
123000183,221,723,-502
123000184,141,934,-793
123000185,893,676,217
123000186,5,841,-836
123000187,675,9,666
123000188,271,2,269
123000189,250,252,-2
123000190,82,83,-1
123000192,38,570,-532
123000193,90,1226,-1136
123000194,717,440,277
123000195,396,46,350
123000196,430,100,330
123000197,93,261,-168
123000198,246,327,-81
123000199,18,957,-939
123000200,764,11,753
123000201,1370,65,1305
123000202,25,1865,-1840
123000203,1349,163,1186
123000204,119,1608,-1489
123000205,681,2814,-2133
123000206,2593,399,2194
123000207,103,1273,-1170
123000208,807,240,567
123000209,2927,830,2097
123000210,819,2665,-1846
123000211,888,3722,-2834
123000212,4312,670,3642
123000213,852,128,724
123000215,347,313,34
123000216,291,1374,-1083
123000217,259,66,193
123000218,198,841,-643
123000219,1604,331,1273
123000220,771,157,614
123000221,255,216,39
123000222,682,779,-97
123000223,424,631,-207
123000224,575,791,-216
123000225,493,149,344
123000226,125,587,-462
123000227,150,499,-349
123000228,400,117,283
123000229,1627,2344,-717
123000232,138,934,-796
123000233,973,315,658
123000234,256,1129,-873
123000235,1487,514,973
123000236,384,1256,-872
123000237,437,159,278
123000238,139,834,-695
123000239,744,2622,-1878
123000240,75,757,-682
123000241,1058,170,888
123000242,240,342,-102
123000243,1114,1312,-198
123000244,1418,1072,346
123000245,88,250,-162
123000249,660,1218,-558
123000252,1547,455,1092
123000253,1589,759,830
123000254,925,1496,-571
123000255,1776,1396,380
123000256,46,356,-310
123000257,5179,3458,1721
123000258,1557,1564,-7
123000259,459,687,-228
123000260,632,841,-209
123000261,309,407,-98
123000262,159,338,-179
123000263,575,140,435
123000264,266,106,160
123000265,85,298,-213
123000266,865,1142,-277
123000267,878,504,374
123000268,69,99,-30
123000269,63,90,-27
123000270,30,71,-41
123000271,185,86,99
123000272,1031,330,701
123000273,395,988,-593
123000274,1787,848,939
123000275,618,1455,-837
123000278,4465,4203,262
123000279,195,197,-2
123000280,528,501,27
123000281,441,153,288
123000282,252,351,-99
123000283,171,112,59
123000284,77,162,-85
123000286,447,432,15
123000287,682,438,244
123000288,1737,1394,343
123000289,714,1842,-1128
123000291,490,1144,-654
123000294,200,331,-131
123000295,1174,1344,-170
123000296,860,590,270
123000297,843,1196,-353
123000298,1007,866,141
123000299,68,327,-259
123000300,1344,1265,79
123000301,278,462,-184
123000302,125,284,-159
123000303,349,128,221
123000305,1349,1162,187
123000306,194,318,-124
123000309,71,76,-5
123000310,97,45,52
123000311,0,155,-155
123000312,1260,1396,-136
123000313,678,710,-32
123000315,135,517,-382
123000316,2767,202,2565
123000317,329,120,209
123000318,76,306,-230
123000329,29,13,16
123000337,774,312,462
123000338,1676,84,1592
123000339,267,289,-22
123000340,282,781,-499
123000342,27,63,-36
123000343,107,2,105
123000344,1730,715,1015
123000345,450,961,-511
123000346,465,108,357
123000352,2477,1077,1400
123000353,28,143,-115
123000354,820,7,813
123000355,4,863,-859
123000356,562,15,547
123000357,3,356,-353
123000359,5,276,-271
123000360,361,226,135
123000361,748,492,256
123000362,504,203,301
123000363,144,334,-190
123000364,734,711,23
123000365,48,530,-482
123000366,531,2844,-2313
123000367,406,1887,-1481
123000370,86,427,-341
123000371,814,58,756
123000372,547,31,516
123000373,27,607,-580
123000374,16,359,-343
123000375,431,100,331
123000376,1207,835,372
123000377,655,26,629
123000378,9,459,-450
123000379,6,392,-386
123000380,101,691,-590
123000381,262,54,208
123000382,2048,297,1751
123000383,425,1970,-1545
123000384,727,126,601
123000385,579,930,-351
123000436,85,1764,-1679
123000507,176,473,-297
123000508,187,1455,-1268
123000517,449,34,415
123000518,51,403,-352
123000519,170,120,50
123000520,95,348,-253
123000521,496,177,319
123000522,226,561,-335
123000541,5,7,-2
123000542,0,36,-36
123000565,895,62,833
123000566,286,1031,-745
123000567,159,377,-218
123000573,93,1161,-1068
123000574,962,126,836
123000575,2024,1853,171
123000576,1169,2624,-1455
123000577,132,1123,-991
123000578,1060,115,945
123000579,5312,7704,-2392
123000580,119,65,54
123000582,658,45,613
123000583,36,625,-589
123000584,280,465,-185
123000585,2,263,-261
123000586,165,1,164
123000596,86,183,-97
123000597,91,234,-143
123000602,42,11,31
123000603,911,1098,-187
123000604,859,1480,-621
123000605,1376,214,1162
123000606,6,490,-484
123000609,26,482,-456
123000610,291,212,79
123000613,41,254,-213
123000614,289,75,214
123000615,48,192,-144
123000616,1065,124,941
123000617,202,706,-504
123000618,161,907,-746
123000619,996,109,887
123000620,31,745,-714
123000622,671,56,615
123000624,225,88,137
123000630,1133,884,249
123000631,425,2515,-2090
123000632,1419,1589,-170
123000633,0,301,-301
123000634,106,172,-66
123000635,322,143,179
123000636,146,1241,-1095
123000637,297,237,60
123000638,976,134,842
123000639,1725,6117,-4392
123000640,30,1198,-1168
123000648,461,138,323
123000649,41,789,-748
123900001,2008,100,1908
123900002,46,2447,-2401
123900003,543,808,-265
123900005,424,228,196
123900006,501,50,451
124000001,2977,249,2728
124000002,156,2586,-2430
124000003,1183,275,908
124000004,111,937,-826
124000005,1356,1019,337
124000006,366,1843,-1477
124000007,868,292,576
124000008,33,1448,-1415
124000009,876,512,364
124000010,246,1006,-760
124000011,2274,573,1701
124000012,770,900,-130
124000017,236,219,17
124000018,145,136,9
124000019,157,174,-17
124000020,87,240,-153
124000021,217,125,92
124000022,115,350,-235
124000023,2302,2036,266
124000024,1451,818,633
124000025,2029,2495,-466
124000026,1638,1524,114
124000027,6722,7029,-307
124000028,3587,5952,-2365
124000030,4815,1941,2874
124000031,1832,5480,-3648
124000032,5215,1332,3883
124000033,870,1118,-248
124000034,2489,983,1506
124000035,418,284,134
124000036,226,686,-460
124000037,1093,1426,-333
124000038,60,177,-117
124000039,1635,649,986
124000040,852,1420,-568
124000041,543,153,390
124000042,133,667,-534
124000043,224,168,56
124000044,116,374,-258
124000045,1151,887,264
124000046,427,1111,-684
124000047,2128,1516,612
124000048,1406,2469,-1063
124000049,2417,1075,1342
124000050,1086,3054,-1968
124000051,1235,957,278
124000052,839,1815,-976
124000053,789,2230,-1441
124000054,1236,909,327
124000055,1640,3839,-2199
124000056,4353,2201,2152
124000057,1297,703,594
124000058,674,2041,-1367
124000059,867,1611,-744
124000060,1965,1163,802
124000061,2187,6542,-4355
124000062,10607,2880,7727
124000063,2192,2580,-388
124000064,3799,2305,1494
124000065,152,530,-378
124000066,455,162,293
124000067,206,301,-95
124000068,100,261,-161
124000069,915,378,537
124000070,432,817,-385
124000071,325,129,196
124000072,279,662,-383
124000073,1434,221,1213
124000074,403,1115,-712
124000075,384,61,323
124000076,20,307,-287
124000077,2721,1206,1515
124000078,4638,1645,2993
124000079,839,1819,-980
124000080,701,209,492
124000081,219,948,-729
124000082,59,191,-132
124000083,123,162,-39
124000084,78,880,-802
124000085,149,81,68
124000086,101,146,-45
124000087,270,131,139
124000088,377,552,-175
124000089,1374,550,824
124000090,134,596,-462
124000091,795,188,607
124000092,188,1003,-815
124000093,135,168,-33
124000094,169,796,-627
124000095,104,146,-42
124000096,244,570,-326
124000097,143,216,-73
124000098,71,153,-82
124000099,288,225,63
124000100,47,183,-136
124000101,136,172,-36
124000102,164,108,56
124000103,142,177,-35
124000104,201,105,96
124000105,115,145,-30
124000106,215,140,75
124000107,21,229,-208
124000108,101,53,48
124000109,128,144,-16
124000110,274,196,78
124000111,307,287,20
124000112,846,1055,-209
124000113,98,176,-78
124000114,501,741,-240
124000115,656,1058,-402
124000116,160,164,-4
124000117,88,137,-49
124000118,54,123,-69
124000119,1926,967,959
124000120,1085,717,368
124000121,2076,1011,1065
124000122,895,1877,-982
124000123,1180,742,438
124000124,624,1680,-1056
124000125,646,832,-186
124000126,443,935,-492
124000127,1192,710,482
124000128,942,1481,-539
124000129,2815,1869,946
124000130,1097,911,186
124000131,1375,734,641
124000132,1333,1104,229
124000133,1121,1431,-310
124000134,1400,1044,356
124000135,2548,2697,-149
124000136,1364,1656,-292
124000137,2298,1016,1282
124000138,2708,2018,690
124000139,1329,50,1279
124000140,65,674,-609
124000141,260,25,235
124000142,36,219,-183
124000143,91,35,56
124000144,6,94,-88
124000145,196,65,131
124000146,41,152,-111
124000148,32,147,-115
124000149,1625,722,903
124000150,511,824,-313
124000151,1263,662,601
124000152,1173,2071,-898
124000153,945,999,-54
124000154,495,1376,-881
124000155,1886,1449,437
124000156,2569,1595,974
124000169,276,809,-533
124000170,1093,646,447
124000171,446,426,20
124000172,689,885,-196
124000173,760,350,410
124000174,673,1069,-396
124000175,24,178,-154
124000176,87,13,74
124000177,24,72,-48
124000178,61,79,-18
124000190,230,64,166
124000191,634,152,482
124000192,5813,646,5167
124000193,1530,1385,145
124000194,612,732,-120
124000195,349,923,-574
124000196,1538,1698,-160
124000197,94,83,11
124000198,25,60,-35
124000201,655,1446,-791
124000202,796,440,356
124000203,570,1083,-513
124000204,1244,721,523
124000205,106,784,-678
124000206,809,639,170
124000207,1,76,-75
124000209,388,870,-482
124000210,538,286,252
124000211,794,9,785
124000212,0,717,-717
124000213,528,531,-3
124000214,402,1015,-613
124000215,1011,33,978
124000216,6,584,-578
124000329,217,3022,-2805
124000338,140,1553,-1413
124000339,1228,289,939
124000341,1794,207,1587
124000344,38,5,33
124000357,1481,4124,-2643
124000358,1020,2330,-1310
124000359,1274,970,304
124000360,1045,769,276
124000361,3379,1108,2271
124000362,2322,3001,-679
124000363,328,474,-146
124000364,951,1148,-197
124000365,884,1494,-610
124000366,2386,1265,1121
124000367,214,971,-757
124000368,831,819,12
124000369,260,267,-7
124000370,149,1103,-954
124000402,76,17,59
124000403,202,18,184
124000404,16,234,-218
124000405,1402,1315,87
124000406,1285,1427,-142
124000407,6,46,-40
124000411,23,617,-594
124000412,579,26,553
124000413,1241,68,1173
124000414,75,209,-134
124000415,84,231,-147
124000416,188,442,-254
124000417,220,157,63
124000418,179,179,0
124000419,90,237,-147
124000420,105,166,-61
124000421,71,315,-244
124000422,59,26,33
124000423,219,45,174
124000424,4,150,-146
124000425,55,137,-82
124000426,5,66,-61
124000427,64,21,43
124000428,45,81,-36
124000429,72,110,-38
124000430,1001,824,177
124000431,448,941,-493
124000432,279,1422,-1143
124000439,2,23,-21
124000443,0,10,-10
124000445,659,2236,-1577
124000446,2712,146,2566
124900001,645,581,64
124900002,261,593,-332
124900003,1242,858,384
124900004,776,551,225
124900005,399,307,92
124900006,753,554,199
124900008,1708,804,904
124900009,258,541,-283
124900010,259,158,101
124900011,823,366,457
124900012,642,157,485
124900013,694,226,468
124900014,383,117,266
124900015,255,509,-254
124900016,103,194,-91
124900017,863,2349,-1486
124900018,49,16,33
124900020,111,93,18
124900021,359,77,282
124900022,212,22,190
124900024,416,83,333
124900026,381,16,365
124900027,156,473,-317
124900028,808,184,624
124900029,10,598,-588
124900030,11,200,-189
124900031,53,526,-473
124900032,272,277,-5
124900033,162,555,-393
124900034,5,153,-148
124900035,345,766,-421
124900036,2,75,-73
124900037,311,570,-259
124900038,453,665,-212
124900039,4,34,-30
124900040,245,117,128
124900041,500,1671,-1171
124900042,164,2,162
124900043,646,1560,-914
124900044,113,7,106
124900045,1131,1473,-342
124900046,1694,419,1275
124900047,186,381,-195
124900048,269,227,42
124900050,222,392,-170
124900052,133,606,-473
124900053,149,620,-471
124900054,3638,641,2997
124900055,0,217,-217
124900057,12,92,-80
124900060,165,351,-186
124900061,87,6,81
124900062,187,39,148
124900066,2,19,-17
124900067,11,260,-249
124900068,312,789,-477
124900070,61,37,24
124900072,170,65,105
124900075,279,335,-56
124900076,38,1289,-1251
124900077,48,159,-111
124900078,189,27,162
124900079,944,362,582
124900080,388,1058,-670
124900081,1220,445,775
124900082,491,1461,-970
124900083,343,837,-494
124900085,1747,522,1225
124900086,124,1669,-1545
124900087,931,150,781
124900088,1125,188,937
124900089,1784,58,1726
124900090,413,317,96
124900091,533,636,-103
124900092,429,483,-54
124900093,437,316,121
124900094,475,407,68
124900095,153,652,-499
124900096,858,375,483
124900097,420,136,284
124900098,198,607,-409
124900099,949,793,156
124900100,439,146,293
124900101,114,345,-231
124900102,292,95,197
124900103,276,330,-54
124900104,95,255,-160
124900105,140,229,-89
124900106,575,64,511
124900107,157,39,118
124900108,262,132,130
124900111,9,83,-74
124900112,116,971,-855
124900113,155,400,-245
124900114,324,146,178
124900115,82,68,14
124900116,291,336,-45
124900117,882,173,709
124900118,406,461,-55
124900119,521,267,254
124900120,62,572,-510
124900121,181,522,-341
124900122,675,333,342
124900123,465,180,285
124900124,187,455,-268
204000001,216,20,196
204000002,30,14,16
204000003,66,8,58
204000004,27,2,25
204000005,848,803,45
204000006,1659,2498,-839
204000011,11,67,-56
204000012,84,170,-86
204000019,767,778,-11
204000020,1160,905,255
204000021,2562,1119,1443
204000022,717,783,-66
204000023,758,1310,-552
204000031,108,42,66
204000032,863,72,791
204000034,38,311,-273
204000035,1,3,-2
204000036,10,41,-31
204000037,7,29,-22
204000038,2,21,-19
204000039,12,49,-37
204000040,12,28,-16
204000041,63,70,-7
204000042,159,20,139
204000043,49,4,45
204000044,78,7,71
204000045,99,5,94
204000046,30,3,27
204000057,6,45,-39
204000062,51,81,-30
204000068,61,347,-286
204000069,72,455,-383
204000070,127,268,-141
204000080,60,91,-31
204000085,2642,2488,154
204000086,4179,3220,959
204000087,66,18,48
204000088,3,135,-132
204000090,43,542,-499
204000093,454,117,337
204000096,1378,1421,-43
204000097,572,26,546
204000099,1399,2188,-789
204000100,1539,2688,-1149
204000105,2942,2226,716
204000110,1425,1666,-241
204000111,662,940,-278
204000112,1276,838,438
204000113,705,1044,-339
204000114,1151,892,259
204000115,842,466,376
204000116,1782,598,1184
204000119,2712,3699,-987
204000132,894,648,246
204000133,1071,637,434
204000134,617,330,287
204000135,870,218,652
204000136,502,448,54
204000138,434,1014,-580
204000140,308,242,66
204000141,256,117,139
204000144,4,29,-25
204000145,748,56,692
204000146,32,570,-538
204000147,31,207,-176
204000148,1052,39,1013
204000154,4,9,-5
204000155,3,6,-3
204000177,100,104,-4
204000179,16,16,0
204000180,0,53,-53
204000222,68,9,59
204000235,28,17,11
204000236,115,466,-351
204000238,28,43,-15
204000240,551,130,421
204000263,887,1650,-763
204000268,1841,1100,741
204000308,276,41,235
204000317,23,143,-120
204000322,4,67,-63
204000323,33,13,20
204000328,368,81,287
204000329,74,239,-165
204000330,289,43,246
204000331,64,154,-90
204010341,29,408,-379
205000001,1979,2441,-462
205000013,10,120,-110
205000014,48,188,-140
205000015,47,283,-236
205000016,33,230,-197
205000017,58,150,-92
205000022,462,1160,-698
205000025,1846,1557,289
205000029,310,11,299
205000045,171,361,-190
205000046,142,843,-701
205000047,104,777,-673
205000048,396,1722,-1326
205000049,254,1245,-991
205000050,1384,445,939
205000059,0,421,-421
205000060,0,123,-123
205000061,4,61,-57
205000062,5,75,-70
205000063,28,214,-186
205000064,34,232,-198
205000065,87,790,-703
205000066,124,1175,-1051
205000067,74,1325,-1251
205000069,209,31,178
205000082,272,388,-116
205000110,76,343,-267
205000111,302,361,-59
205000112,272,372,-100
205000113,314,454,-140
205000121,341,119,222
205000123,109,324,-215
205000126,679,318,361
205000127,980,461,519
205000128,974,290,684
205000129,943,318,625
205000130,1360,128,1232
205000131,1340,45,1295
205000132,1190,4,1186
205000133,1241,2,1239
205000134,558,2,556
205000137,115,233,-118
205000138,332,459,-127
205000139,69,168,-99
205000144,239,128,111
205000145,691,299,392
205000151,314,126,188
205000152,322,83,239
205000153,344,89,255
205000154,153,200,-47
205000155,152,42,110
205000207,14,207,-193
205000233,106,42,64
205000234,0,0,0
205000243,1,0,1
205000244,0,8,-8
205000245,19,318,-299
205000249,0,58,-58
205000250,10,0,10
205000264,17,134,-117
206000027,15,6,9
206000028,5,2,3
206000043,36,124,-88
206000053,14,14,0
206000054,4,38,-34
206000055,5,43,-38
206000075,18,14,4
206000076,25,16,9
206000077,32,10,22
206000078,22,5,17
206000079,23,6,17
206000082,839,50,789
206000100,54,891,-837
206000103,3,22,-19
206000104,14,40,-26
206000105,10,29,-19
206000106,10,46,-36
206000108,701,54,647
206000125,79,3,76
206000157,68,909,-841
206000170,0,293,-293
206000171,3,262,-259
206000172,9,887,-878
206000173,0,368,-368
206000174,24,166,-142
206000175,4,197,-193
206000176,26,343,-317
206000177,2,240,-238
206000178,6,191,-185
206000179,10,135,-125
206000180,21,217,-196
206000181,58,316,-258
206000182,23,277,-254
206000183,69,987,-918
206000184,10,461,-451
206000185,6,316,-310
206000186,171,1508,-1337
206000223,8,287,-279
206000226,54,9,45
206000227,25,6,19
206000237,31,433,-402
206000238,37,707,-670
206000239,503,2688,-2185
206000240,4,62,-58
206000241,1,139,-138
206000242,13,413,-400
206000243,10,350,-340
206000244,108,954,-846
206000245,1029,83,946
206000246,221,14,207
206000247,264,7,257
206000248,442,27,415
206000252,125,38,87
206000258,32,61,-29
206000315,42,10,32
206000317,897,155,742
206000318,528,101,427
206000319,1647,170,1477
206000320,246,65,181
206000321,214,15,199
206000322,804,17,787
206000323,167,18,149
206000324,224,7,217
206000325,222,15,207
206000326,222,15,207
206000327,672,16,656
206000328,176,4,172
206000329,327,8,319
206000330,60,6,54
206000331,181,5,176
206000332,76,8,68
206000333,617,2,615
206000334,291,3,288
206000335,0,22,-22
206000361,5,336,-331
206000392,2,39,-37
206000405,217,0,217
206000441,60,35,25
206000498,48,2,46
206000515,136,40,96
206000530,374,87,287
206000531,259,300,-41
206000532,3080,461,2619
206000535,358,2595,-2237
206000536,17,260,-243
206000537,22,246,-224
206000613,2071,281,1790
207000001,241,775,-534
207000002,195,453,-258
207000003,223,300,-77
207000007,1071,430,641
207000008,102,21,81
207000009,67,50,17
207000010,681,619,62
207000012,415,574,-159
207000015,429,1763,-1334
207000019,395,135,260
207000021,883,229,654
207000022,206,143,63
207000023,368,68,300
207000024,13,11,2
207000025,35,79,-44
207000026,158,65,93
207000027,45,123,-78
207000028,117,299,-182
207000029,452,607,-155
207000033,320,431,-111
207000034,363,110,253
207000039,479,255,224
207000040,384,197,187
207000041,519,84,435
207000042,459,116,343
207000043,303,270,33
207000051,221,470,-249
207000052,358,242,116
207000053,614,952,-338
207000054,59,194,-135
207000055,249,225,24
207000056,568,541,27
207000057,220,401,-181
207000058,374,481,-107
207000059,150,955,-805
207000060,102,319,-217
207000061,317,633,-316
207000062,411,78,333
207000063,376,190,186
207000064,574,240,334
207000065,540,383,157
207000066,227,254,-27
207000067,70,190,-120
207000068,138,115,23
207000069,842,606,236
207000082,10,306,-296
207000083,159,422,-263
207000084,266,370,-104
207000085,225,23,202
207000086,182,5,177
207000106,84,50,34
207000107,126,40,86
207000108,95,24,71
207000109,114,27,87
207000110,102,135,-33
207000111,135,152,-17
207000112,359,796,-437
207000114,31,77,-46
207000115,31,166,-135
207000116,34,647,-613
207000117,13,210,-197
207000118,5,168,-163
207000119,55,128,-73
207000123,350,56,294
207000124,74,43,31
207000125,96,74,22
207000126,100,100,0
207000134,66,212,-146
207000135,36,314,-278
207000148,75,445,-370
207000149,123,70,53
207000152,251,546,-295
207000153,1460,1741,-281
207000154,646,231,415
207000159,146,308,-162
207000160,219,738,-519
207000238,0,194,-194
207000242,4,319,-315
207000248,61,58,3
207000249,271,49,222
207000250,1331,128,1203
207000251,167,139,28
207000252,94,107,-13
207000278,142,141,1
207000279,30,319,-289
207000280,610,94,516
207000281,117,1412,-1295
207000282,281,167,114
207000283,125,324,-199
207000284,85,222,-137
207000285,169,47,122
207000291,24,196,-172
207000304,232,66,166
207000306,102,594,-492
207000310,117,146,-29
207000353,384,6,378
207000356,37,74,-37
207000357,43,17,26
207000358,92,52,40
207000415,7,316,-309
207000417,35,7,28
207000418,169,258,-89
207000438,0,5,-5
207000439,1356,876,480
207000446,166,7,159
207000460,15,12,3
207000466,330,246,84
207000467,270,154,116
207000468,91,577,-486
207000476,6,116,-110
207000477,841,153,688
207000478,5,54,-49
207000523,0,17,-17
207000524,53,1,52
207000527,145,273,-128
207000530,517,17,500
207000531,505,19,486
207000532,197,56,141
207000534,871,84,787
207000535,74,590,-516
207000537,39,178,-139
207000540,15,370,-355
207000541,5,592,-587
207000548,22,443,-421
207000549,676,19,657
207000561,190,295,-105
207000562,64,352,-288
207000567,323,403,-80
207000568,180,145,35
207000569,557,1362,-805
207000584,625,412,213
207000585,146,503,-357
207000587,5,8,-3
207000616,0,219,-219
207000617,255,4,251
207900008,292,186,106
208000001,975,1179,-204
208000002,1057,682,375
208000003,1710,625,1085
208000004,2193,1122,1071
208000005,42,38,4
208000019,892,1609,-717
208000020,250,790,-540
208000021,263,675,-412
208000022,1285,805,480
208000028,2601,1704,897
208000033,672,886,-214
208000034,1605,2444,-839
208000037,671,40,631
208000040,282,279,3
208000041,1444,877,567
208000042,1725,1077,648
208000047,192,400,-208
208000064,4040,2267,1773
208000066,2842,2798,44
208000070,466,633,-167
208000071,544,1223,-679
208000072,509,1855,-1346
208000080,389,570,-181
208000081,439,221,218
208000082,644,484,160
208000083,213,585,-372
208000084,85,17,68
208000085,1824,888,936
208000086,935,1418,-483
208000087,995,1197,-202
208000089,1260,790,470
208000090,1326,1200,126
208000093,199,215,-16
208000094,876,770,106
208000095,1136,623,513
208000104,1518,1536,-18
208000105,1145,1616,-471
208000114,159,323,-164
208000115,746,550,196
208000116,1037,1747,-710
208000117,210,196,14
208000118,153,199,-46
208000155,1427,1361,66
208000158,2465,4573,-2108
208000186,5418,5018,400
208000204,957,1739,-782
208000205,1770,1767,3
208000282,7958,3436,4522
209000004,577,267,310
209000005,83,46,37
209000006,608,203,405
209000007,538,415,123
209000010,742,202,540
209000011,297,383,-86
209000012,410,321,89
209000013,442,718,-276
209000014,769,1788,-1019
209000025,518,69,449
209000026,1055,223,832
209000027,697,1461,-764
209000028,545,1431,-886
209000029,1180,1167,13
209000030,789,2416,-1627
209000031,5144,4194,950
209000034,246,344,-98
209000035,149,240,-91
209000036,252,189,63
209000037,417,374,43
209000038,177,255,-78
209000039,98,257,-159
209000040,392,887,-495
209000041,259,629,-370
209000042,404,639,-235
209000043,1165,1309,-144
209000044,330,1217,-887
209000045,1901,802,1099
209000046,652,791,-139
209000047,580,348,232
209000048,803,428,375
209000049,111,171,-60
209000050,360,241,119
209000051,570,525,45
209000052,233,534,-301
209000062,48,173,-125
209000063,76,146,-70
209000064,130,217,-87
209000065,94,67,27
209000066,115,77,38
209000067,122,55,67
209000080,51,327,-276
209000082,107,72,35
209000091,53,177,-124
209000093,96,58,38
209000094,304,325,-21
209000110,67,166,-99
209000111,610,2463,-1853
209000112,1413,885,528
209000113,3017,875,2142
209000114,860,611,249
209000115,118,247,-129
209000116,1050,833,217
209000118,133,60,73
209000119,121,24,97
209000121,279,956,-677
209000135,123,291,-168
209000142,949,2601,-1652
209000143,229,159,70
209000144,269,154,115
209000229,323,319,4
209000240,68,593,-525
209000259,117,205,-88
209000260,75,1637,-1562
209000261,11,865,-854
209000262,9,692,-683
209000263,1,237,-236
209000264,2,172,-170
209000265,642,5,637
209000266,158,3,155
209000267,1139,10,1129
209000268,1321,81,1240
210000037,77,28,49
210000047,133,18,115
210000048,140,49,91
210000049,93,24,69
210000052,66,159,-93
210000053,35,88,-53
210000054,90,84,6
210000070,206,15,191
210000071,150,0,150
210000072,125,0,125
210000073,1,40,-39
210000074,1,146,-145
210000075,3,105,-102
210000076,13,189,-176
210000077,116,49,67
210000078,34,27,7
210000079,108,13,95
210000080,277,52,225
210000081,247,32,215
210000082,272,3,269
210000083,116,0,116
210000084,74,0,74
210000085,0,85,-85
210000086,2,178,-176
210000099,62,360,-298
210000100,43,265,-222
210000101,90,245,-155
210000105,92,372,-280
210000159,2,242,-240
210000163,238,292,-54
210000164,412,214,198
210000168,187,41,146
210000187,0,16,-16
210000188,0,28,-28
210000214,55,0,55
210000219,48,77,-29
210000220,100,93,7
210000232,4,28,-24
210000233,31,77,-46
210000234,32,165,-133
210000235,73,174,-101
210000245,0,51,-51
210000246,25,1,24
210000258,14,125,-111
210000259,548,82,466
210000282,109,297,-188
210000285,3,147,-144
210000286,14,227,-213
210000290,5,19,-14
210000295,49,260,-211
210000296,89,94,-5
210000320,216,144,72
210000321,121,104,17
210000338,177,117,60
210000339,493,1401,-908
210000340,140,540,-400
210000341,291,389,-98
210000342,268,269,-1
210000343,291,301,-10
210000344,445,175,270
210000345,293,498,-205
210000346,235,295,-60
210000347,561,67,494
210000348,455,15,440
210000349,342,20,322
210000350,173,82,91
210000351,209,141,68
210000352,84,150,-66
210000353,73,198,-125
210000354,273,162,111
210000355,221,168,53
210000356,232,84,148
210000357,195,65,130
210000358,550,156,394
210000359,322,127,195
210000360,229,189,40
210000361,268,243,25
210000362,418,338,80
210000363,1282,342,940
210000364,196,259,-63
210000365,193,110,83
210000366,157,80,77
210000367,128,54,74
210000368,240,62,178
210000369,40,24,16
210000370,84,58,26
210000372,92,36,56
210000373,146,11,135
210000374,79,13,66
210000375,44,145,-101
210000376,190,252,-62
210000404,86,176,-90
210000439,30,85,-55
210000472,161,27,134
210000482,135,161,-26
210000564,778,497,281
210000567,1,43,-42
210000568,874,6,868
211000092,71,122,-51
211000094,49,18,31
211000169,349,25,324
211000172,19,292,-273
211000209,0,38,-38
211000226,21,48,-27
211000270,39,18,21
211000275,50,37,13
211000276,124,42,82
211000279,53,62,-9
211000281,52,70,-18
211507980,3,83,-80
211977296,69,3,66
212000003,269,55,214
212000004,231,37,194
212000005,79,52,27
212000006,106,125,-19
212000008,312,237,75
212000009,51,195,-144
212000012,91,116,-25
212000013,48,64,-16
212000014,330,175,155
212000015,394,379,15
212000016,670,822,-152
212000027,703,786,-83
212000028,363,756,-393
212000029,263,503,-240
212000030,71,83,-12
212000031,92,116,-24
212000048,77,217,-140
212000049,19,167,-148
212000050,29,7,22
212000051,287,324,-37
212000052,222,474,-252
212000053,397,777,-380
212000054,250,216,34
212000055,279,411,-132
212000056,16,98,-82
212000057,27,48,-21
212000058,489,51,438
212000070,109,380,-271
212000077,198,1063,-865
212000099,342,438,-96
212000108,402,271,131
212000111,256,161,95
212000120,329,137,192
212000138,323,33,290
212000156,10,263,-253
212000158,15,21,-6
212000159,503,84,419
212000160,692,466,226
212000161,93,11,82
212000310,62,27,35
212000311,27,127,-100
212000374,77,12,65
213000001,60,743,-683
213000005,743,318,425
213000006,1556,586,970
213000007,378,15,363
213000009,898,503,395
213000010,254,384,-130
213000011,321,178,143
213000012,168,304,-136
213000014,80,22,58
213000015,287,10,277
213000016,794,3,791
213000017,158,0,158
213000018,2,269,-267
213000019,6,266,-260
213000020,129,590,-461
213000021,18,212,-194
213000023,363,337,26
213000033,382,2092,-1710
213000034,1030,527,503
213000035,144,600,-456
213000045,225,441,-216
213000046,265,331,-66
213000047,1069,1533,-464
213000056,146,111,35
213000069,258,11,247
213000073,0,36,-36
213000074,96,547,-451
213000075,903,6,897
213000076,50,3,47
213000085,9,63,-54
213000086,41,255,-214
213000091,190,19,171
213000092,73,23,50
213000099,253,1552,-1299
213000100,1697,383,1314
213000101,458,235,223
213000102,519,495,24
213000103,1229,1266,-37
213000104,84,585,-501
213000105,8,128,-120
213000106,73,221,-148
213000107,231,873,-642
213000108,61,883,-822
213000109,5,356,-351
213000110,21,96,-75
213000111,23,84,-61
213000112,265,127,138
213000115,43,6,37
213000116,102,950,-848
213000117,21,1393,-1372
213000118,593,436,157
213000119,75,917,-842
213000120,166,831,-665
213000122,354,756,-402
213000123,785,1737,-952
213000124,146,1688,-1542
213000125,148,31,117
213000126,179,169,10
213000127,178,261,-83
213000128,951,1426,-475
213000129,635,953,-318
213000130,641,509,132
213000132,425,172,253
213000133,641,180,461
213000134,1065,17,1048
213000136,792,36,756
213000137,918,134,784
213000139,1001,44,957
213000147,230,26,204
213000148,112,38,74
213000149,79,17,62
213000150,0,223,-223
213000151,2,118,-116
213000152,8,134,-126
213000153,4,82,-78
213000154,50,344,-294
213000155,66,384,-318
213000156,143,1014,-871
213000157,984,649,335
213000158,505,1255,-750
213000159,662,954,-292
213000163,929,162,767
213000165,917,429,488
213000171,1,161,-160
213000172,2,434,-432
213000173,3,322,-319
213000174,2,223,-221
213000175,14,122,-108
213000176,42,37,5
213000177,59,6,53
213000178,152,7,145
213000179,256,6,250
213000180,245,0,245
213000184,267,713,-446
213000188,572,153,419
213000189,473,67,406
213000190,1127,1112,15
213000191,416,787,-371
213000192,328,739,-411
213000193,1361,248,1113
213000194,8,97,-89
213000195,15,654,-639
213000196,405,1714,-1309
213000197,502,1450,-948
213000198,187,3,184
213000200,248,1456,-1208
213000201,97,46,51
213000202,19,787,-768
213000203,4574,986,3588
213000204,971,184,787
213000205,370,240,130
213000206,959,147,812
213000207,283,29,254
213000208,362,7,355
213000209,367,4,363
213000210,1151,3,1148
213000211,26,23,3
213000212,96,20,76
213000213,65,46,19
213000218,305,1086,-781
213000219,663,21,642
213000220,571,7,564
213000223,434,474,-40
213000224,107,75,32
213000225,145,10,135
213000226,108,14,94
213000227,1441,322,1119
213000228,637,153,484
213000229,647,62,585
213000230,620,53,567
213000232,171,905,-734
213000233,17,126,-109
213000234,3,59,-56
213000293,74,73,1
213000294,449,14,435
213000295,41,140,-99
213000296,61,41,20
213000297,11,155,-144
213000298,49,128,-79
213000299,91,84,7
213000300,26,12,14
213000303,12,33,-21
213000304,3,13,-10
213000305,9,22,-13
213000306,131,62,69
213000307,596,129,467
213000308,205,312,-107
213000309,243,140,103
213000310,874,212,662
213000311,489,1039,-550
213000315,158,181,-23
213000316,176,155,21
213000322,120,234,-114
213000323,92,125,-33
213000324,68,58,10
213000325,34,152,-118
213000326,45,38,7
213000327,45,81,-36
213000328,21,172,-151
213000329,107,75,32
213000340,189,878,-689
213000341,584,240,344
213000346,330,372,-42
213000347,1043,824,219
213000348,12,168,-156
213000349,22,12,10
213000350,346,1714,-1368
213000366,90,527,-437
213000367,245,58,187
213000379,112,100,12
213000386,19,406,-387
213000406,141,671,-530
213000417,1962,747,1215
213000425,217,60,157
213000426,125,124,1
213000427,59,427,-368
213000428,60,303,-243
213000429,33,3,30
213000430,118,1040,-922
213000431,180,9,171
213000432,1,62,-61
213000433,29,255,-226
213000434,100,185,-85
213000435,83,127,-44
213000436,50,126,-76
213000437,1,29,-28
213000438,151,107,44
213000439,53,19,34
213000440,15,340,-325
213000441,6,3,3
213000442,4,44,-40
213000443,686,702,-16
213000444,87,61,26
213000445,0,116,-116
213000446,2,39,-37
213000447,8,55,-47
213000448,20,169,-149
213000449,394,6,388
213000450,27,111,-84
213000451,325,179,146
213000452,79,42,37
213000453,54,448,-394
213000455,490,3,487
213000456,0,286,-286
213000481,96,18,78
213000482,55,9,46
213000489,776,148,628
213000491,0,247,-247
213000492,1274,10,1264
213000493,0,204,-204
213000494,261,243,18
213000495,0,188,-188
213000496,505,391,114
213000497,55,318,-263
213000498,124,246,-122
213000499,219,844,-625
213000500,609,136,473
213000501,151,63,88
213000502,363,252,111
213000503,0,86,-86
213000504,8,131,-123
213000505,5,3,2
213000506,0,13,-13
213000507,2,144,-142
213900016,0,16,-16
213900244,55,0,55
213900245,0,29,-29
218000003,70,28,42
218000004,79,36,43
218000005,96,65,31
218000006,128,39,89
218000007,12,9,3
218000012,400,308,92
218000013,112,238,-126
218000014,548,515,33
218000019,1110,969,141
218000020,396,737,-341
218000021,51,84,-33
218000022,10,65,-55
218000023,5,46,-41
218000024,1,26,-25
218000025,28,35,-7
218000026,11,59,-48
218000027,5,35,-30
218000028,10,12,-2
218000029,10,5,5
218000030,20,51,-31
218000031,19,62,-43
218000032,1,48,-47
218000040,6,6,0
218000046,41,152,-111
218000047,24,221,-197
218000048,71,250,-179
218000049,187,198,-11
218000050,493,433,60
218000051,161,384,-223
218000052,1,173,-172
218000053,5,21,-16
218000054,40,56,-16
218000055,36,28,8
218000056,25,38,-13
218000057,6,37,-31
218000064,3,16,-13
218000065,94,81,13
218000066,18,138,-120
218000067,78,129,-51
218000068,169,118,51
218000069,311,180,131
218000070,333,385,-52
218000071,275,315,-40
218000072,441,401,40
218000078,1089,1488,-399
218000079,112,129,-17
218000080,144,119,25
218000081,474,312,162
218000082,74,152,-78
218000083,71,149,-78
218000084,201,217,-16
218000085,190,607,-417
218000086,68,258,-190
218000087,233,309,-76
218000090,18,282,-264
218000091,1282,834,448
218000092,74,258,-184
218000093,113,117,-4
218000094,736,1047,-311
218000099,414,991,-577
218000100,330,432,-102
218000101,742,209,533
218000102,519,379,140
218000103,175,243,-68
218000104,106,70,36
218000105,27,17,10
218000106,21,12,9
218000107,79,142,-63
218000108,11,60,-49
218000112,92,23,69
218000117,54,81,-27
218000134,767,1223,-456
218000135,260,146,114
218000136,342,96,246
218000137,659,178,481
218000138,41,170,-129
218000139,256,484,-228
218000140,915,428,487
218000141,175,127,48
218000142,270,288,-18
218000143,114,420,-306
218000144,132,147,-15
218000145,529,535,-6
218000146,84,239,-155
218000151,12,39,-27
218000152,234,124,110
218000153,5,9,-4
218000154,16,2,14
218000155,15,2,13
218000156,73,10,63
218000157,31,17,14
218000158,14,11,3
218000159,2,5,-3
218000160,5,6,-1
218000161,29,5,24
218000162,29,9,20
218000163,15,3,12
218000164,39,8,31
218000165,62,33,29
218000170,11,81,-70
218000171,132,15,117
218000172,79,18,61
218000173,97,16,81
218000174,74,15,59
218000176,316,39,277
218000177,425,414,11
218000178,114,423,-309
218000179,113,123,-10
218000180,118,48,70
218000181,253,97,156
218000187,9,32,-23
218000188,50,113,-63
218000189,24,95,-71
218000190,23,44,-21
218000191,197,115,82
218000192,279,419,-140
218000193,502,611,-109
218000194,168,517,-349
218000195,167,83,84
218000196,374,368,6
218000197,406,415,-9
218000198,24,162,-138
218000199,69,43,26
218000200,97,38,59
218000201,30,4,26
218000202,165,493,-328
218000207,8,66,-58
218000208,61,64,-3
218000211,127,12,115
218000212,2,12,-10
218000213,161,90,71
218000214,9,27,-18
218000215,61,109,-48
218000217,4,186,-182
218000218,307,126,181
218000219,89,23,66
218000220,259,455,-196
218000221,1994,249,1745
218000222,120,36,84
218000223,83,447,-364
218000224,17,315,-298
218000225,283,57,226
218000226,232,96,136
218000230,0,7,-7
218000232,86,124,-38
218000239,271,11,260
218000240,23,10,13
218000241,77,1,76
218000242,89,0,89
218000243,51,4,47
218000244,51,5,46
218000245,377,7,370
218000246,0,0,0
218000247,0,1,-1
218000248,0,36,-36
218000249,0,1,-1
218000250,18,13,5
218000251,6,15,-9
218000252,0,23,-23
218000253,0,28,-28
218000254,2,25,-23
218000255,1,18,-17
218000256,9,113,-104
218000267,972,1737,-765
218000268,17,89,-72
218000269,6,21,-15
218000270,115,82,33
218000271,17,86,-69
218000273,9,14,-5
218000274,13,9,4
218000275,35,96,-61
218000276,19,71,-52
218000278,23,82,-59
218000279,97,94,3
218000280,12,46,-34
218000281,35,14,21
218000282,801,785,16
218000284,138,22,116
218000301,109,138,-29
218000302,119,69,50
218000303,63,71,-8
218000316,927,1668,-741
218000317,1519,1756,-237
218000318,766,1287,-521
218000319,1489,1966,-477
218000320,1189,1202,-13
218000338,109,41,68
218000345,165,100,65
218000346,65,202,-137
218000459,71,418,-347
218000490,65,51,14
218000501,148,67,81
218000502,45,150,-105
218000503,126,27,99
218000504,194,43,151
218000505,73,198,-125
218000506,29,325,-296
218000508,18,6,12
218000510,314,14,300
218000520,127,145,-18
218000521,12,79,-67
218000522,3,165,-162
218000523,224,7,217
218000524,49,244,-195
218000525,292,19,273
218000526,39,195,-156
218000529,52,215,-163
218000530,30,2,28
218000531,20,66,-46
218000532,48,23,25
218000534,224,25,199
218000537,61,90,-29
218000538,307,315,-8
218000540,692,82,610
218000543,169,95,74
218000544,48,137,-89
218000545,83,119,-36
218000546,62,112,-50
218000547,217,179,38
218000548,230,185,45
218000549,678,442,236
218000550,384,528,-144
218000551,204,991,-787
218000552,881,89,792
218000553,68,131,-63
218000554,48,31,17
218000555,40,81,-41
218000556,259,527,-268
218000557,326,277,49
218000558,164,3,161
218000559,0,29,-29
218000560,0,36,-36
218000561,27,0,27
218000562,47,244,-197
218000563,347,38,309
218000564,24,181,-157
218000565,276,55,221
218000566,448,41,407
218000567,0,103,-103
218000568,42,9,33
218000569,26,186,-160
218000570,149,10,139
218000571,1,188,-187
218000572,243,2,241
218000573,12,112,-100
218000574,98,53,45
218000575,104,1,103
218000576,0,112,-112
218000577,234,3,231
218000578,0,104,-104
218000579,91,21,70
218000581,14,91,-77
218000582,80,4,76
218000583,21,0,21
218000584,0,19,-19
218000585,29,5,24
218000586,13,51,-38
218000587,12,2,10
218000588,0,9,-9
218000589,6,10,-4
218000590,8,0,8
218000591,4,2,2
218000592,7,1,6
218000593,20,0,20
218000594,0,0,0
218000597,0,0,0
218000598,1,0,1
218000599,0,0,0
218000600,16,0,16
218000601,0,0,0
218000602,0,12,-12
218000603,0,11,-11
218000604,48,9,39
218000605,1,101,-100
218000606,225,2,223
218000607,18,65,-47
218000608,132,18,114
218000609,10,87,-77
218000610,98,5,93
218000611,27,5,22
218000612,1,43,-42
218000613,28,1,27
218000614,3,50,-47
218000615,254,1,253
218000616,5,248,-243
218000617,26,2,24
218000618,2,25,-23
218000619,309,48,261
218000620,22,22,0
218000621,2,2,0
218000622,0,38,-38
218000623,224,5,219
218000624,11,32,-21
218000625,29,1,28
218000626,1,11,-10
218000628,179,77,102
218000631,80,24,56
218000632,2,153,-151
218000633,113,4,109
218000634,6,34,-28
218000635,13,16,-3
218000636,1475,2162,-687
218000637,1470,841,629
218000638,209,86,123
218000639,37,343,-306
218000640,468,47,421
218000641,239,501,-262
218000652,91,160,-69
218000653,208,143,65
218000663,16,155,-139
218000675,86,83,3
218000676,2,33,-31
218000677,13,3,10
218000680,331,646,-315
218000681,561,173,388
218000691,181,408,-227
218000693,261,246,15
218000703,17,64,-47
218000718,1308,1069,239
218000719,2004,554,1450
218000720,22,128,-106
218000721,171,20,151
218000725,16,11,5
218001147,3,164,-161
218001214,32,49,-17
218001258,153,4,149
218001329,203,153,50
218001330,151,149,2
218001351,60,27,33
218001352,25,26,-1
218001353,16,13,3
218001354,15,33,-18
218001355,28,498,-470
218001356,463,21,442
218001357,5,266,-261
218001358,298,10,288
218001361,266,17,249
218001362,2,216,-214
219000001,55,54,1
219000002,50,77,-27
219000003,75,31,44
219000004,82,66,16
219000017,263,25,238
219000020,122,99,23
219000022,147,12,135
219000023,284,6,278
219000029,1,125,-124
219000034,81,20,61
219000039,195,98,97
219000040,75,31,44
219000041,115,30,85
219000051,0,56,-56
219000052,1,21,-20
219000053,6,232,-226
219000054,49,135,-86
219000055,188,2,186
219000056,103,1,102
219000057,137,0,137
219000062,24,193,-169
219000063,85,3,82
219000064,2,189,-187
219000110,710,87,623
219000111,103,56,47
219000112,243,108,135
219000113,143,177,-34
219000114,266,358,-92
219000116,112,72,40
219000117,192,142,50
219000118,363,88,275
219000123,356,153,203
219000124,207,89,118
219000125,12,26,-14
219000126,82,134,-52
219000127,0,10,-10
219000128,27,141,-114
219000129,56,152,-96
219000130,913,835,78
219000131,898,1250,-352
219000133,120,57,63
219000134,32,25,7
219000135,55,56,-1
219000136,209,227,-18
219000138,116,41,75
219000139,47,76,-29
219000140,70,5,65
219000141,18,123,-105
219000142,14,131,-117
219000143,15,138,-123
219000145,28,68,-40
219000146,9,45,-36
219000147,8,63,-55
219000148,2,70,-68
219000149,22,207,-185
219000150,5,132,-127
219000151,10,56,-46
219000157,256,214,42
219000158,189,372,-183
219000161,195,8,187
219000163,2080,676,1404
219000166,149,277,-128
219000167,136,346,-210
219000168,340,173,167
219000174,444,172,272
219000175,112,1,111
219000176,114,15,99
219000177,49,6,43
219000178,68,3,65
219000179,20,4,16
219000180,43,42,1
219000182,138,27,111
219000183,99,75,24
219000184,118,22,96
219000185,5,92,-87
219000186,66,99,-33
219000187,24,121,-97
219000189,234,255,-21
219000190,245,331,-86
219000191,1709,1678,31
219000192,210,168,42
219000193,455,190,265
219000195,2,108,-106
219000196,14,188,-174
219000198,35,239,-204
219000199,80,519,-439
219000200,53,417,-364
219000201,133,340,-207
219000203,42,187,-145
219000204,436,271,165
219000205,134,215,-81
219000207,199,369,-170
219000209,33,107,-74
219000210,100,151,-51
219000213,32,251,-219
219000239,326,410,-84
219000240,326,558,-232
219000241,168,281,-113
219000242,135,254,-119
219000243,215,395,-180
219000244,85,103,-18
219000245,34,61,-27
219000246,46,34,12
219000247,210,37,173
219000248,1084,502,582
219000249,250,135,115
219000250,169,160,9
219000251,675,315,360
219000252,359,254,105
219000253,629,94,535
219000255,197,177,20
219000256,328,121,207
219000257,178,0,178
219000262,227,267,-40
219000263,107,310,-203
219000267,3,165,-162
219000268,5,14,-9
219000269,16,2,14
219000270,37,0,37
219000271,131,8,123
219000278,5,14,-9
219000279,0,11,-11
219000283,0,20,-20
219000295,20,142,-122
219000296,86,748,-662
219000297,34,192,-158
219000298,14,218,-204
219000299,565,122,443
219000300,50,360,-310
219000301,238,532,-294
219000302,62,350,-288
219000307,100,72,28
219000308,72,67,5
219000311,260,95,165
219000312,718,126,592
219000313,583,102,481
219000314,86,724,-638
219000315,283,58,225
219000316,733,119,614
219000317,134,29,105
219000320,2,55,-53
219000321,1,21,-20
219000323,4,102,-98
219000325,1,41,-40
219000326,117,159,-42
219000327,92,52,40
219000328,54,99,-45
219000329,398,146,252
219000330,59,45,14
219000331,69,46,23
219000332,120,148,-28
219000333,22,6,16
219000335,111,2,109
219000337,67,2,65
219000338,54,1,53
219000344,43,109,-66
219000345,70,140,-70
219000346,41,205,-164
219000348,180,148,32
219000349,56,269,-213
219000350,112,229,-117
219000351,23,5,18
219000352,439,136,303
219000353,100,73,27
219000354,227,153,74
219000355,207,81,126
219000356,1997,1515,482
219000363,382,88,294
219000364,125,60,65
219000365,208,11,197
219000366,340,633,-293
219000368,644,662,-18
219000370,1567,510,1057
219000371,18,41,-23
219000382,14,30,-16
219000383,1017,1177,-160
219000385,1009,745,264
219000386,1271,2322,-1051
219000387,8,13,-5
219000390,3,0,3
219000391,9,2,7
219000397,102,105,-3
219000398,81,85,-4
219000401,17,181,-164
219000402,74,205,-131
219000403,203,372,-169
219000404,18,170,-152
219000407,9,77,-68
219000409,46,59,-13
219000410,187,57,130
219000411,121,41,80
219000446,303,551,-248
219000447,12,40,-28
219000448,101,26,75
219000452,161,101,60
219000453,134,234,-100
219000454,435,381,54
219000556,298,115,183
219000558,445,308,137
219000590,77,282,-205
219000591,89,148,-59
219000592,170,601,-431
219000595,14,32,-18
219000635,329,80,249
219000636,33,120,-87
219000657,36,31,5
219000658,44,105,-61
219000673,0,48,-48
219000676,115,3,112
219000679,60,10,50
219000684,214,7,207
219000685,1,110,-109
219000686,6,3,3
219000688,0,103,-103
219000689,40,348,-308
219000690,225,47,178
219000691,70,259,-189
219000692,220,48,172
219000693,1,25,-24
219000694,15,0,15
219000695,57,5,52
219000698,54,1,53
219000699,0,24,-24
219000727,4,212,-208
219000728,256,4,252
219000770,160,4,156
219000771,0,41,-41
219000788,659,218,441
219001150,1,70,-69
219001151,9,1,8
219001166,46,40,6
219001167,2,139,-137
219001178,51,1,50
220000001,352,103,249
220000002,61,198,-137
220000003,734,385,349
220000004,1371,775,596
220000005,2416,2593,-177
220000006,611,1246,-635
220000007,515,830,-315
220000008,426,1291,-865
220000009,451,637,-186
220000010,315,208,107
220000011,893,4827,-3934
220000012,99,717,-618
220000014,166,67,99
220000015,133,249,-116
220000017,55,520,-465
220000018,7896,3410,4486
220000019,130,468,-338
220000020,915,387,528
220000021,813,405,408
220000022,957,827,130
220000023,420,276,144
220000024,2476,538,1938
220000025,1790,1499,291
220000026,402,396,6
220000027,123,198,-75
220000028,118,51,67
220000029,180,370,-190
220000030,256,131,125
220000031,751,510,241
220000064,30,1009,-979
221000046,12,0,12
221000047,1,2,-1
221000048,0,3,-3
221000049,3,13,-10
221000050,44,1,43
221000055,62,62,0
221000057,96,20,76
221000068,338,185,153
221000069,419,96,323
221000070,287,51,236
221000071,117,23,94
221000072,394,27,367
221000073,317,98,219
221000074,0,24,-24
221000075,39,38,1
221000076,21,59,-38
221000077,39,134,-95
221000081,41,12,29
221000082,81,12,69
221000083,44,3,41
221000084,6,6,0
221000085,36,122,-86
221000086,32,178,-146
221000087,7,249,-242
221000088,19,254,-235
221000089,40,378,-338
221000090,178,640,-462
221000098,194,27,167
221000099,243,18,225
221000100,144,17,127
221000101,228,31,197
221000102,164,32,132
221000109,15,135,-120
221000110,19,161,-142
221000111,24,280,-256
221000112,13,209,-196
221000113,26,248,-222
221000114,13,236,-223
221000120,62,51,11
221000121,6,30,-24
221000122,159,30,129
221000123,19,24,-5
221000124,81,295,-214
221000155,136,11,125
221000156,63,44,19
221000175,23,8,15
221000176,1,5,-4
221000182,51,9,42
221000241,733,408,325
221000242,315,627,-312
221000243,735,227,508
221000244,409,730,-321
221000245,146,172,-26
221000246,66,347,-281
221000247,133,156,-23
221000248,160,196,-36
221000267,83,874,-791
221000325,113,78,35
221000331,71,129,-58
221000338,53,30,23
221000378,270,47,223
221000381,58,75,-17
222000282,18,2,16
222000296,2,44,-42
222000568,370,25,345
222000569,206,31,175
222000570,122,24,98
222000571,241,19,222
222000577,24,237,-213
222000578,36,317,-281
222000579,41,215,-174
222000580,150,1390,-1240
222000599,0,209,-209
222000600,0,496,-496
222000601,17,1504,-1487
222000603,38,39,-1
222000604,7,56,-49
222000605,25,47,-22
222000606,27,22,5
222000607,19,5,14
222000608,102,27,75
222000609,90,343,-253
222000616,379,84,295
222000617,11,20,-9
222000618,9,5,4
222000620,82,16,66
222000621,94,18,76
222000623,766,2,764
222000624,363,4,359
222000625,557,73,484
222000636,59,2,57
222000686,35,24,11
222000687,106,46,60
222001066,416,3,413
222001067,17,3,14
222001068,49,57,-8
222001069,43,74,-31
222001082,32,54,-22
222001083,29,92,-63
222001084,0,93,-93
222001085,1,232,-231
222001111,47,233,-186
222001112,135,65,70
222001313,90,7,83
222001314,11,189,-178
222001464,54,58,-4
222001465,45,130,-85
222001484,179,98,81
222001485,42,75,-33
222001494,549,226,323
222001495,181,418,-237
222001496,409,162,247
222001497,181,650,-469
222001502,14,115,-101
222001503,158,73,85
222001504,21,394,-373
222001505,423,20,403
222001506,33,391,-358
222001507,356,31,325
222001510,433,67,366
222001511,80,513,-433
222001514,837,316,521
222001515,341,802,-461
222001518,346,134,212
222001519,50,324,-274
222001527,340,137,203
222001528,85,260,-175
222001529,318,74,244
222001530,66,300,-234
222001533,197,434,-237
222001534,398,109,289
222001535,308,359,-51
222001536,291,356,-65
222001537,404,65,339
222001538,90,634,-544
222001563,603,123,480
222001564,68,812,-744
222001568,436,164,272
222001576,1,1,0
222001579,2,5,-3
222001583,33,229,-196
222001584,114,13,101
222001596,939,1767,-828
222001597,2461,427,2034
222001626,1,230,-229
222001650,124,119,5
222001651,71,159,-88
222001914,298,106,192
222001915,120,282,-162
222001968,620,367,253
222001969,535,950,-415
222001970,235,279,-44
222001971,21,31,-10
222001972,0,53,-53
225000001,635,372,263
225000002,905,283,622
225000003,853,137,716
225000004,490,422,68
225000005,81,102,-21
225000006,0,234,-234
225000007,3592,2217,1375
225000010,388,18,370
225000011,555,1745,-1190
225000012,243,844,-601
225000013,220,276,-56
225000014,1823,140,1683
225000015,145,268,-123
225000021,1020,412,608
225000027,358,844,-486
225000032,927,335,592
225000042,142,1012,-870
225000049,89,76,13
225000050,124,35,89
225000053,9,500,-491
225000058,1086,196,890
225000067,398,218,180
225000068,212,574,-362
225000069,179,728,-549
225000070,112,657,-545
225000071,73,348,-275
225000075,37,1740,-1703
225000076,122,169,-47
225000078,116,131,-15
225000085,85,161,-76
225000086,347,91,256
225000087,308,46,262
225000088,18,330,-312
225000089,535,1363,-828
225000090,65,688,-623
225000091,205,278,-73
225000092,68,110,-42
225000093,295,521,-226
225000094,20,509,-489
225000095,483,712,-229
225000096,419,828,-409
225000098,950,449,501
225000099,539,306,233
225000100,484,284,200
225000104,142,691,-549
225000110,22,679,-657
225000111,430,1848,-1418
225000112,724,1653,-929
225000113,368,831,-463
225000114,108,460,-352
225000115,2767,1034,1733
225000116,1275,394,881
225000117,1242,457,785
225000118,1408,523,885
225000119,319,160,159
225000120,938,107,831
225000121,485,63,422
225000123,1444,40,1404
225000125,516,397,119
225000126,1339,345,994
225000127,1165,1703,-538
225000128,658,1210,-552
225000132,308,78,230
225000133,379,64,315
225000134,737,244,493
225000135,57,14,43
225000136,313,38,275
225000137,380,112,268
225000138,496,101,395
225000143,117,322,-205
225000144,1,546,-545
225000145,147,66,81
225000146,90,175,-85
225000147,24,459,-435
225000148,7,356,-349
225000149,175,628,-453
225000151,28,357,-329
225000155,484,757,-273
225000156,345,1583,-1238
225000157,457,602,-145
225000158,129,450,-321
225000171,5,254,-249
225000180,52,0,52
225000181,1,92,-91
225000182,219,30,189
225000185,11,512,-501
225000187,82,562,-480
225000191,137,4,133
225000194,0,14,-14
225000208,0,68,-68
225000209,113,58,55
225000210,7,363,-356
225000217,0,26,-26
225000218,39,4,35
225000223,1,82,-81
225000224,615,2,613
225000225,0,47,-47
225000226,122,10,112
225000227,89,173,-84
225000228,29,118,-89
225000229,0,102,-102
225000230,167,2,165
225000231,1,137,-136
225000232,391,0,391
225000241,146,3,143
225000242,1,66,-65
225000249,2,0,2
225000250,60,1170,-1110
225000251,496,87,409
225000254,5,3,2
225000256,17,246,-229
225000257,1,153,-152
226000042,637,649,-12
226000043,122,374,-252
226000044,279,798,-519
226000045,115,634,-519
226000046,521,142,379
226000047,527,145,382
226000048,679,182,497
226000049,399,331,68
226000070,0,61,-61
226000071,0,98,-98
226000072,0,22,-22
226000073,0,17,-17
226000074,0,27,-27
226000084,2,96,-94
226000085,5,23,-18
226000086,4,15,-11
226000087,1,22,-21
226000088,128,54,74
226000090,333,126,207
226000091,51,56,-5
226000092,9,25,-16
226000093,91,9,82
226000094,30,6,24
226000095,58,7,51
226000105,59,1,58
226000106,33,0,33
226000107,10,0,10
226000108,55,0,55
226000109,114,0,114
226000124,234,143,91
226000134,850,618,232
226000135,1613,922,691
226000136,859,538,321
226000137,22,662,-640
226000138,7,326,-319
226000139,1,29,-28
226000156,265,2,263
226000157,469,11,458
226000163,96,108,-12
226000202,11,634,-623
226000231,429,25,404
226000232,93,9,84
227000033,367,78,289
227000036,267,34,233
227000037,291,28,263
227000038,229,58,171
227000084,3,104,-101
227000085,0,76,-76
227000088,155,9,146
227000089,156,4,152
227000090,93,1,92
227000091,34,1,33
227000092,55,0,55
227000093,189,0,189
227000094,7,0,7
227000130,43,89,-46
227000131,41,308,-267
227000132,21,303,-282
227000133,28,348,-320
227000134,22,484,-462
227000152,0,7,-7
227000153,0,73,-73
227000154,1,25,-24
227000155,1,24,-23
227000156,1,20,-19
227000165,2,33,-31
227000196,417,411,6
227000199,320,867,-547
227000230,36,766,-730
227000232,912,47,865
227000242,63,708,-645
227000243,497,88,409
227000245,17,519,-502
227000246,129,746,-617
227000247,448,93,355
227000248,334,48,286
227000249,41,318,-277
227000250,662,169,493
227000251,250,292,-42
227000252,52,534,-482
227000253,156,26,130
227000262,392,69,323
227000266,1771,33,1738
227000267,52,2494,-2442
227000282,13,315,-302
227000284,641,28,613
227000286,4,136,-132
227000287,16,189,-173
227000291,20,866,-846
227000296,459,335,124
227000484,446,20,426
227000485,32,1261,-1229
227000655,171,36,135
227000656,747,41,706
227000657,114,27,87
227000661,505,21,484
227000680,462,51,411
229000265,53,100,-47
229000296,29,47,-18
229000297,15,44,-29
229000298,12,188,-176
229000320,19,18,1
229000321,132,6,126
229000412,19,97,-78
229000414,19,68,-49
229000415,83,1,82
229000416,2,1,1
229000417,2,16,-14
229000419,141,417,-276
229000440,452,90,362
229000442,14,16,-2
229000443,3,7,-4
229000444,13,44,-31
229000445,68,12,56
229000446,84,14,70
229000491,9,23,-14
229000492,31,180,-149
229000493,13,160,-147
229000494,43,6,37
229000495,86,9,77
229000496,53,7,46
229000507,0,76,-76
229000508,1,76,-75
229000509,0,87,-87
229000510,2,49,-47
229000511,9,75,-66
229000512,1,35,-34
229000513,0,3,-3
229000514,1,2,-1
229000517,6,15,-9
229000518,22,37,-15
229000519,1,16,-15
229000520,22,33,-11
229000521,38,17,21
229000522,10,7,3
229000523,12,16,-4
229000524,2,1,1
229000527,1,0,1
229000528,0,0,0
229000529,6,2,4
229000530,65,3,62
229000531,58,2,56
229000532,30,2,28
229000533,85,2,83
229000534,57,0,57
229000564,53,0,53
229000565,16,0,16
229000566,0,15,-15
229000567,1,84,-83
229000582,81,4,77
229000583,9,3,6
229000584,0,48,-48
229000585,3,81,-78
229000718,0,2,-2
229000719,0,1,-1
229000720,0,17,-17
229000721,0,17,-17
229000722,0,13,-13
229000723,0,7,-7
229000724,0,0,0
229000725,0,5,-5
229000738,0,0,0
229000739,3,0,3
229000740,0,0,0
229000741,7,0,7
229000742,8,0,8
229000743,22,0,22
229000744,2,0,2
229000745,0,0,0
229000746,24,0,24
229000847,55,1,54
229000848,30,0,30
229000849,88,2,86
229000851,29,0,29
229000854,0,54,-54
229000856,1,175,-174
229000857,0,40,-40
229000858,0,91,-91
229000919,30,125,-95
229000930,13,438,-425
229000937,140,19,121
229000966,85,17,68
229000981,41,55,-14
229000985,8,42,-34
229000986,4,8,-4
229000987,0,2,-2
229000988,18,7,11
229000989,62,23,39
229000990,16,8,8
229000991,2,0,2
229000992,11,12,-1
229000993,235,46,189
229000998,4,136,-132
229000999,97,15,82
229001034,1,19,-18
229001035,20,1,19
229001037,87,11,76
229001042,9,18,-9
229001047,18,79,-61
229001050,70,134,-64
229001168,0,27,-27
229001200,13,0,13
229001338,9,49,-40
229001394,200,1,199
229001422,140,24,116
229001423,44,249,-205
229001431,69,63,6
229001432,98,81,17
229001444,167,67,100
229001445,48,272,-224
229001479,11,3,8
229001503,178,106,72
229001504,141,230,-89
229001505,118,43,75
229001506,115,279,-164
229001509,74,42,32
229001545,106,4,102
229001546,12,166,-154
229001553,79,26,53
229001554,75,151,-76
229001559,5,20,-15
229001560,3,35,-32
229001630,111,7,104
229001631,13,47,-34
229001635,0,10,-10
229001636,2,0,2
229001658,0,248,-248
229001659,76,6,70
229001660,12,5,7
229001661,32,41,-9
229001662,56,0,56
229001663,0,26,-26
229002584,255,352,-97
229002831,285,208,77
229002841,8,27,-19
229002842,46,32,14
229002843,138,16,122
229002844,102,69,33
229002845,40,98,-58
229002846,39,24,15
229002847,27,9,18
229002848,19,15,4
229002849,87,89,-2
229002850,45,1,44
229002851,81,104,-23
229002852,237,24,213
229002853,190,29,161
229002854,87,53,34
229002855,23,29,-6
229002856,208,38,170
229002857,22,53,-31
229002858,50,12,38
229002859,126,18,108
229002860,170,10,160
229002861,118,63,55
229002862,76,51,25
229002863,64,22,42
229002864,114,34,80
229002865,9,11,-2
229002866,15,21,-6
229002867,18,41,-23
229002868,28,32,-4
229002869,41,210,-169
229002870,76,10,66
235000066,550,95,455
235000067,163,155,8
235000072,41,92,-51
235000073,95,453,-358
235000074,62,87,-25
235000080,31,96,-65
235000081,112,173,-61
235000082,174,96,78
235000083,208,122,86
235000084,58,86,-28
235000085,83,110,-27
235000089,32,47,-15
235000092,63,277,-214
235000093,24,7,17
235000097,4,11,-7
235000098,51,15,36
235000099,38,40,-2
235000116,78,27,51
235000117,907,14,893
235000133,19,530,-511
235000134,6,170,-164
235000206,11,6,5
235000207,3,1,2
235000208,2,0,2
235000209,9,0,9
235000210,3,3,0
235000212,3,51,-48
235000213,4,18,-14
235000220,4,17,-13
235000221,93,15,78
235000238,19,82,-63
235000239,1,8,-7
235000242,310,621,-311
235000245,945,298,647
235000246,22,81,-59
235000284,17,177,-160
235000295,121,23,98
235000305,255,40,215
235000306,239,27,212
235000307,67,3,64
235000308,49,3,46
235000309,111,0,111
235000310,65,0,65
235000311,273,97,176
235000322,0,68,-68
235000323,0,69,-69
235000324,1,18,-17
235000325,1,11,-10
235000326,15,344,-329
235000351,8,81,-73
235000352,39,77,-38
235000353,1,27,-26
235000354,56,41,15
235000355,8,63,-55
235000356,440,10,430
235000357,50,8,42
235000358,36,6,30
235000359,8,5,3
235000360,120,20,100
235000361,71,11,60
235000381,86,323,-237
235000382,179,78,101
235000390,13,4,9
235000391,116,10,106
235000392,180,250,-70
235000393,162,156,6
235000395,148,84,64
235000396,361,145,216
235000400,150,37,113
235000401,36,212,-176
235000405,122,333,-211
235000406,60,404,-344
235000407,118,167,-49
235000409,236,209,27
235000410,30,335,-305
235000411,3,111,-108
235000485,0,15,-15
235000486,7,0,7
235000549,194,169,25
235000550,71,218,-147
235000599,105,71,34
235000600,10,12,-2
235000601,23,36,-13
235000602,123,161,-38
235000614,6,5,1
235000648,1,27,-26
235000649,75,13,62
235000685,7,13,-6
235000815,13,27,-14
235000834,1,22,-21
235000855,101,84,17
235000862,48,213,-165
235000891,0,16,-16
235000892,80,34,46
235000901,273,108,165
235000907,8,14,-6
235001010,126,117,9
235001029,690,604,86
235001030,349,372,-23
235001078,135,136,-1
235001079,147,163,-16
235001147,8,74,-66
235001166,44,106,-62
235001167,26,68,-42
235001169,53,427,-374
235001188,0,14,-14
235001189,2,1,1
235001197,14,15,-1
235001200,53,61,-8
235001207,222,37,185
235001210,29,110,-81
235001215,52,163,-111
235001239,2,75,-73
235001244,0,7,-7
235016267,3,201,-198
277101746,0,1,-1
277102712,1,1,0
277103813,0,0,0
277103814,0,0,0
277103898,0,2,-2
277104249,0,2,-2
277104250,0,8,-8
277104251,0,5,-5
277104252,0,5,-5
990011530,2,311,-309
990014944,2,687,-685
990015176,136,3,133
990015618,0,291,-291
990016032,3,623,-620
990032570,3,90,-87
990070001,122,14,108
990070103,0,5,-5
990070601,0,54,-54
990070751,753,1,752
990070766,4,723,-719
990071180,758,344,414
990071343,50,2,48
990071387,0,10,-10
990071823,457,4,453
990072600,2,939,-937
990072964,2,622,-620
990073285,0,12,-12
990074393,1,1513,-1512
990074870,1257,24,1233
990075106,1219,13,1206
990075746,504,7,497
990076437,1296,4,1292
990076458,5,1118,-1113
997000007,630,4,626
997000041,2,211,-209
997000058,36,0,36
997000062,185,0,185
997000069,0,10,-10
997000070,0,54,-54
997000100,25,1,24
997000141,20,3323,-3303
997000198,105,1930,-1825
998000475,25,44,-19
998000736,0,233,-233
998000965,0,60,-60
998001031,0,112,-112
998001700,0,49,-49
998001899,0,1,-1
998001900,15,2,13
998003073,2493,38,2455
998101900,0,0,0
998102850,7,159,-152
998501927,982,604,378
998501929,137,6,131
998501930,109,0,109
998501931,137,6,131
998501932,2,1,1
998501933,88,2,86
998501937,9,0,9
998501944,10,1,9
998501950,0,0,0
998501970,77,5,72
998501971,0,115,-115
998501973,1,62,-61
998501974,2,336,-334
998501975,745,17,728
998501976,226,0,226
998501977,0,23,-23
998501978,35,2,33
998501979,0,14,-14
998501980,166,14,152
998501981,30,7,23
998501982,0,126,-126
998501983,0,1,-1
998502006,0,0,0
998502024,1,9,-8
998502032,0,4,-4
998502062,23,4,19
998502063,0,0,0
998502173,15,0,15
998502269,0,4,-4
998502546,2,258,-256
998601159,7,272,-265
998601292,0,19,-19
999033574,6,856,-850
999800001,62,18,44
999800002,0,5,-5
999800003,4,1,3
999800004,0,5,-5
999800005,0,5,-5
