ID,insum,outsum,diff
100000001,204,236,-32
100000002,88,93,-5
100000003,561,292,269
100000004,81,29,52
100000005,185,402,-217
100000006,2,1,1
100000007,8,2,6
100000008,6,68,-62
100000009,0,0,0
100000010,0,0,0
100000011,0,0,0
100000012,0,134,-134
100000013,0,30,-30
100000014,7,56,-49
100000015,5,6,-1
100000016,55,216,-161
100000017,21,181,-160
100000018,113,87,26
100000019,785,343,442
100000020,41,12,29
100000021,869,198,671
100000022,71,60,11
100000023,635,90,545
100000025,869,356,513
100000028,421,289,132
100000029,55,65,-10
100000030,5,0,5
100000031,541,296,245
100000032,617,438,179
100000033,84,428,-344
100000034,464,386,78
100000035,66,50,16
100000036,156,221,-65
100000037,2,0,2
100000038,8,1,7
100000039,6,3,3
100000040,2,0,2
100000041,0,0,0
100000042,1,0,1
100000043,0,0,0
100000044,21,140,-119
100000045,57,265,-208
100000046,34,274,-240
100000047,29,282,-253
100000048,76,338,-262
100000049,300,685,-385
100000051,91,285,-194
100000053,2,1,1
100000054,6,0,6
100000055,85,115,-30
100000056,0,0,0
100000057,9,0,9
100000058,152,409,-257
100000059,0,31,-31
100000060,35,105,-70
100000061,119,117,2
100000062,94,54,40
100000063,66,54,12
100000064,72,86,-14
100000065,93,305,-212
100000066,70,253,-183
100000067,58,212,-154
100000068,95,290,-195
100000069,56,325,-269
100000072,41,120,-79
100000073,345,590,-245
100000075,87,178,-91
100000076,110,201,-91
100000077,0,0,0
100000078,0,0,0
100000079,0,0,0
100000080,0,0,0
100000081,0,0,0
100000102,67,155,-88
100000103,557,130,427
100000104,549,205,344
100000105,762,91,671
100000106,85,48,37
100000107,35,40,-5
100000108,230,420,-190
100000109,1487,594,893
100000116,332,177,155
100000117,0,0,0
100000118,645,995,-350
100000119,55,300,-245
100000121,0,0,0
100000122,28,188,-160
100000123,773,764,9
100000124,2820,1383,1437
100000125,328,26,302
100000126,53,30,23
100000127,87,27,60
100000128,159,181,-22
100000129,30,117,-87
100000130,2,1,1
100000131,1682,847,835
100000132,296,78,218
100000133,4750,1706,3044
100000135,11,0,11
100000139,0,0,0
100000140,126,183,-57
100000142,0,0,0
100000143,201,411,-210
100000144,599,245,354
100000147,49,149,-100
100000150,3,72,-69
100000151,4,16,-12
100000153,0,0,0
100000154,7,117,-110
100000155,0,0,0
100000156,0,0,0
100000157,0,0,0
100000158,0,0,0
100000159,29,44,-15
100000165,254,172,82
100000169,0,0,0
100000174,15,18,-3
100000179,0,0,0
100000180,2,41,-39
100000181,3,81,-78
100000188,2,4,-2
100000189,0,0,0
100000190,240,77,163
100000191,59,36,23
100000192,0,0,0
100000193,0,0,0
100000330,231,66,165
100000355,29,120,-91
100000362,1183,964,219
100000363,99,204,-105
100000364,20,52,-32
100000365,1513,1355,158
100000366,2792,1432,1360
100000367,764,980,-216
100000368,734,847,-113
100000369,2,18,-16
100000370,4,21,-17
100000376,5,8,-3
100000379,209,140,69
100000380,417,623,-206
100000384,2171,980,1191
100000385,1216,929,287
100000386,1756,899,857
100000387,1797,788,1009
100000388,6127,1562,4565
100000389,4232,963,3269
100000390,5337,1405,3932
100000391,2759,717,2042
100000392,1387,429,958
100000393,290,263,27
100000394,1868,1315,553
100000395,913,305,608
100000396,1328,791,537
100000397,848,295,553
100000398,5337,3708,1629
100900002,0,0,0
100900003,0,0,0
100900004,1,141,-140
100900005,0,0,0
100900006,0,0,0
100900007,0,0,0
100900008,0,126,-126
100900009,0,0,0
100900010,0,0,0
100900011,0,0,0
100900012,0,41,-41
100900013,0,0,0
100900014,0,0,0
100900015,0,0,0
100900016,0,0,0
100900017,0,0,0
100900018,0,0,0
100900019,0,0,0
100900020,0,0,0
100900021,0,0,0
100900022,0,0,0
100900023,0,0,0
100900024,0,0,0
100900025,0,0,0
100900026,0,0,0
100900027,0,0,0
100900028,0,0,0
100900029,0,0,0
100900030,0,0,0
100900031,0,0,0
100900032,0,0,0
100900033,1,0,1
100900034,0,0,0
100900035,0,0,0
100900036,0,0,0
100900037,0,0,0
100900038,0,0,0
100900039,13,88,-75
100900040,0,157,-157
100900041,0,72,-72
100900042,0,0,0
100900043,0,0,0
100900044,0,0,0
100900045,0,0,0
100900046,0,0,0
100900047,0,0,0
100900048,0,0,0
100900049,0,0,0
100900050,0,0,0
100900051,0,0,0
100900052,0,0,0
100900053,0,0,0
100900054,0,0,0
100900055,0,0,0
100900056,0,0,0
100900057,0,0,0
100900058,0,0,0
100900059,0,0,0
100900060,0,0,0
100900061,0,0,0
100900062,0,0,0
100900063,0,0,0
100900064,0,0,0
100900065,0,0,0
100900066,0,0,0
100900067,0,0,0
100900068,0,0,0
100900069,0,0,0
100900070,0,0,0
100900071,0,0,0
100900072,0,0,0
100900073,0,0,0
100900074,0,0,0
100900075,245,7,238
100900076,0,0,0
100900077,0,0,0
100900078,0,0,0
100900079,0,0,0
100900080,0,0,0
100900081,0,0,0
100900082,0,0,0
100900083,0,0,0
100900085,0,0,0
100900086,0,0,0
100900088,0,0,0
100900089,0,0,0
100900090,0,0,0
100900091,0,0,0
100900092,0,0,0
100900093,0,0,0
100900094,0,0,0
100900095,0,0,0
100900096,0,0,0
100900097,0,0,0
100900098,0,0,0
100900099,0,9,-9
100900100,0,0,0
100900101,0,0,0
100900102,0,0,0
100900103,0,0,0
100900104,0,1,-1
100900105,0,0,0
100900106,0,0,0
100900107,0,0,0
100900108,0,0,0
100900109,0,0,0
100900110,0,0,0
100900111,0,1,-1
100900112,0,0,0
100900113,0,0,0
100900114,0,0,0
100900115,0,0,0
100900116,0,0,0
100900117,0,0,0
100900118,0,0,0
100900119,0,0,0
100900120,0,0,0
100900121,0,0,0
100900122,4,4,0
100900123,0,0,0
100900124,0,0,0
100900125,0,0,0
100900126,0,0,0
100900127,0,0,0
100900128,2,2,0
100900129,0,0,0
100900131,0,0,0
100900133,0,0,0
100900134,0,0,0
100900135,0,0,0
100900137,0,0,0
100900138,0,0,0
100900139,0,0,0
100900140,0,43,-43
100900141,0,0,0
100900142,0,0,0
100900143,0,0,0
100900144,0,0,0
100900145,0,0,0
100900146,0,0,0
100900147,0,0,0
100900148,0,99,-99
100900149,0,0,0
100900150,0,0,0
100900151,2,44,-42
100900152,0,0,0
100900153,0,0,0
100900154,0,0,0
100900155,0,0,0
100900156,0,0,0
100900157,0,0,0
100900158,75,18,57
100900159,0,0,0
100900160,0,0,0
100900161,0,0,0
100900162,0,0,0
100900163,16,10,6
100900164,0,0,0
100900165,0,0,0
100900166,0,0,0
100900167,0,0,0
100900168,0,0,0
100900169,17,132,-115
100900170,0,0,0
100900171,1,98,-97
100900172,0,0,0
100900173,0,55,-55
100900174,0,0,0
100900176,0,0,0
100900177,0,0,0
100900178,0,0,0
100900179,0,0,0
100900180,0,0,0
100900181,0,0,0
100900182,0,0,0
100900184,0,0,0
100900186,0,0,0
100900187,0,0,0
100900188,0,0,0
100900189,0,0,0
100900191,0,0,0
100900192,0,0,0
100900195,0,0,0
100900197,0,0,0
100900198,0,0,0
100900199,0,0,0
100900200,29,27,2
100900201,1,99,-98
100900202,0,0,0
100900203,0,0,0
100900204,0,0,0
100900205,0,0,0
100900206,0,0,0
100900207,0,0,0
100900210,2,35,-33
100900211,0,0,0
100900213,0,0,0
100900214,122,5,117
100900215,0,0,0
100900217,0,0,0
101000001,699,197,502
101000002,839,344,495
101000003,107,70,37
101000004,2906,323,2583
101000005,1155,540,615
101000006,1526,875,651
101000007,1689,951,738
101000008,923,417,506
101000009,114,407,-293
101000010,89,160,-71
101000011,449,29,420
101000012,0,0,0
101000013,194,81,113
101000014,43,7,36
101000015,217,187,30
101000016,34,25,9
101000017,102,104,-2
101000018,573,540,33
101000020,873,157,716
101000021,60,15,45
101000022,575,110,465
101000023,512,493,19
101000025,0,0,0
101000026,15,2,13
101000027,500,164,336
101000028,199,58,141
101000029,4,81,-77
101000030,197,21,176
101000031,42,5,37
101000032,476,377,99
101000033,748,379,369
101000034,557,302,255
101000035,290,37,253
101000036,267,107,160
101000037,522,91,431
101000039,380,225,155
101000040,1359,358,1001
101000041,688,133,555
101000042,25,119,-94
101000043,2030,423,1607
101000045,169,45,124
101000046,424,176,248
101000047,86,98,-12
101000048,104,71,33
101000049,67,105,-38
101000050,242,88,154
101000051,998,195,803
101000052,376,108,268
101000053,130,133,-3
101000054,349,94,255
101000055,360,106,254
101000056,14,6,8
101000057,1159,173,986
101000058,238,21,217
101000059,161,34,127
101000060,438,104,334
101000061,37,22,15
101000062,1327,130,1197
101000063,5,20,-15
101000064,397,118,279
101000065,9,39,-30
101000066,1,7,-6
101000067,196,147,49
101000068,81,53,28
101000069,152,43,109
101000070,829,395,434
101000071,810,213,597
101000072,479,421,58
101000073,50,48,2
101000074,1934,446,1488
101000075,4491,1000,3491
101000077,277,203,74
101000078,133,84,49
101000079,160,182,-22
101000080,670,384,286
101000081,142,131,11
101000082,496,280,216
101000083,145,120,25
101000084,296,246,50
101000085,69,8,61
101000086,610,292,318
101000087,268,245,23
101000088,27,13,14
101000089,30,34,-4
101000090,627,274,353
101000091,31,107,-76
101000092,192,105,87
101000093,169,29,140
101000094,209,361,-152
101000095,38,219,-181
101000096,14,34,-20
101000097,26,77,-51
101000098,13,36,-23
101000099,257,135,122
101000100,225,224,1
101000101,10,27,-17
101000102,134,92,42
101000103,105,75,30
101000104,19,63,-44
101000105,0,0,0
101000106,84,75,9
101000107,9,28,-19
101000108,0,0,0
101000109,2,9,-7
101000110,0,0,0
101000111,17,28,-11
101000113,0,0,0
101000114,630,300,330
101000115,2,13,-11
101000116,1,14,-13
101000117,3,18,-15
101000119,32,8,24
101000120,75,10,65
101000121,40,7,33
101000122,28,16,12
101000123,13,28,-15
101000124,330,125,205
101000125,50,145,-95
101000128,189,113,76
101000130,228,40,188
101000131,50,55,-5
101000132,121,449,-328
101000135,49,8,41
101000136,133,73,60
101000137,5,40,-35
101000141,191,133,58
101000147,250,166,84
101000148,247,2,245
101000149,0,0,0
101000150,0,0,0
101000151,2,13,-11
101000152,44,37,7
101000153,65,38,27
101000154,8,233,-225
101000155,32,34,-2
101000156,9,78,-69
101000157,0,0,0
101000160,0,1,-1
101000163,0,0,0
101000164,53,92,-39
101000165,132,92,40
101000166,17,28,-11
101000168,58,49,9
101000252,77,137,-60
101000254,268,20,248
101000258,0,0,0
101000261,0,0,0
101000262,42,119,-77
101000263,2,19,-17
101000265,4,96,-92
101000266,107,56,51
101000269,198,45,153
101000290,166,32,134
101000293,0,4,-4
101000294,176,115,61
101000295,7,62,-55
101000301,141,40,101
101000304,690,972,-282
101000305,446,414,32
101900001,0,0,0
101900002,0,0,0
101900003,3,2,1
101900004,0,0,0
101900005,458,44,414
101900006,0,0,0
101900007,0,0,0
101900008,0,0,0
101900009,0,0,0
101900010,0,0,0
101900011,0,0,0
101900012,0,0,0
101900013,38,1,37
101900017,0,1,-1
101900018,0,0,0
101900019,0,0,0
101900020,0,0,0
101900021,0,0,0
101900022,0,0,0
101900023,0,0,0
102000001,338,575,-237
102000002,167,212,-45
102000003,1402,827,575
102000004,1237,291,946
102000005,444,525,-81
102000006,262,179,83
102000007,633,953,-320
102000008,840,293,547
102000009,1250,1400,-150
102000010,1605,746,859
102000011,656,661,-5
102000012,455,497,-42
102000018,379,36,343
102000019,41,40,1
102000026,0,1,-1
102000029,0,0,0
102000030,11,17,-6
102000031,0,0,0
102000032,20,54,-34
102000033,0,5,-5
102000034,49,45,4
102000035,0,0,0
102000036,0,0,0
102000037,9,5,4
102000038,2,2,0
102000039,0,0,0
102000040,22,4,18
102000041,0,0,0
102000042,0,0,0
102000043,8,16,-8
102000044,0,0,0
102000045,73,78,-5
102000046,149,14,135
102000047,38,135,-97
102000048,8,25,-17
102000049,37,14,23
102000050,55,171,-116
102000051,46,26,20
102000052,117,133,-16
102000053,61,46,15
102000054,39,158,-119
102000055,154,263,-109
102000056,67,178,-111
102000057,111,44,67
102000058,194,258,-64
102000059,162,380,-218
102000060,70,58,12
102000061,185,609,-424
102000062,59,95,-36
102000063,258,312,-54
102000064,96,165,-69
102000065,19,42,-23
102000066,348,325,23
102000067,435,536,-101
102000068,964,404,560
102000069,0,0,0
102000070,307,13,294
102000071,1652,2041,-389
102000072,1011,1738,-727
102000073,23,169,-146
102000074,23,284,-261
102000075,4,80,-76
102000076,12,236,-224
102000077,26,459,-433
102000078,88,627,-539
102000079,6,111,-105
102000080,41,66,-25
102000081,67,338,-271
102000082,117,122,-5
102000083,48,133,-85
102000084,0,0,0
102000085,163,172,-9
102000086,83,55,28
102000087,104,306,-202
102000088,19,7,12
102000089,0,0,0
102000090,108,125,-17
102000091,410,118,292
102000092,207,140,67
102000093,59,142,-83
102000094,0,0,0
102000095,166,520,-354
102000096,0,0,0
102000097,667,613,54
102000098,15,76,-61
102000099,269,123,146
102000100,15,23,-8
102000101,135,40,95
102000102,49,7,42
102000103,179,54,125
102000104,99,23,76
102000105,9,49,-40
102000106,9,81,-72
102000107,0,0,0
102000108,37,47,-10
102000109,0,0,0
102000110,0,0,0
102000111,0,0,0
102000112,5,8,-3
102000113,0,0,0
102000114,0,0,0
102000115,33,25,8
102000116,3,30,-27
102000117,12,110,-98
102000118,32,151,-119
102000119,572,73,499
102000120,11,7,4
102000121,51,87,-36
102000122,42,13,29
102000123,124,77,47
102000124,136,17,119
102000125,74,43,31
102000126,54,21,33
102000127,108,45,63
102000128,59,53,6
102000129,62,72,-10
102000130,39,66,-27
102000131,81,36,45
102000132,47,36,11
102000133,96,546,-450
102000134,46,73,-27
102000135,0,0,0
102000136,45,37,8
102000137,45,30,15
102000138,0,0,0
102000139,0,0,0
102000140,11,11,0
102000141,7,27,-20
102000142,11,29,-18
102000143,6,46,-40
102000144,7,56,-49
102000145,4,35,-31
102000146,0,4,-4
102000147,14,14,0
102000148,0,0,0
102000149,8,1,7
102000150,0,3,-3
102000151,0,0,0
102000152,0,0,0
102000153,0,0,0
102000154,10,30,-20
102000155,18,16,2
102000156,39,10,29
102000157,0,14,-14
102000158,31,2,29
102000159,187,6,181
102000161,799,231,568
102000162,56,50,6
102000163,0,0,0
102000164,1,0,1
102000165,91,41,50
102000166,3,24,-21
102000167,52,118,-66
102000168,39,40,-1
102000169,55,96,-41
102000170,369,112,257
102000171,19,25,-6
102000172,4,42,-38
102000173,44,40,4
102000174,2,17,-15
102000175,6,1,5
102000176,2,1,1
102000178,21,135,-114
102000179,6,24,-18
102000180,45,154,-109
102000181,13,162,-149
102000182,79,154,-75
102000183,138,243,-105
102000184,147,438,-291
102000185,97,203,-106
102000186,104,719,-615
102000187,90,616,-526
102000188,34,159,-125
102000189,1092,270,822
102000190,192,366,-174
102000191,209,36,173
102000192,154,312,-158
102000193,0,0,0
102000194,0,0,0
102000195,8,50,-42
102000196,0,0,0
102000197,8,59,-51
102000198,0,0,0
102000199,13,60,-47
102000200,0,0,0
102000201,24,49,-25
102000202,0,0,0
102000203,19,72,-53
102000204,6,13,-7
102000205,15,19,-4
102000206,90,137,-47
102000207,7,7,0
102000208,25,148,-123
102000209,11,8,3
102000210,0,193,-193
102000211,8,108,-100
102000212,0,0,0
102000213,0,39,-39
102000214,0,0,0
102000215,0,84,-84
102000216,0,0,0
102000217,1,36,-35
102000218,0,0,0
102000219,36,54,-18
102000225,0,0,0
102000226,15,3,12
102000227,0,0,0
102000228,0,25,-25
102000229,1,2,-1
102000230,14,61,-47
102000231,20,16,4
102000232,0,0,0
102000233,40,30,10
102000234,0,0,0
102000236,7,4,3
102000237,12,24,-12
102000238,5,4,1
102000240,250,343,-93
102000241,59,18,41
102000243,0,0,0
102000245,7,29,-22
102000246,0,0,0
102000247,28,98,-70
102000248,38,108,-70
102000249,14,48,-34
102000250,5,146,-141
102000254,0,0,0
102000266,0,1,-1
102000271,0,0,0
102000286,0,0,0
102000297,39,25,14
102000299,0,0,0
102000300,0,0,0
102000301,0,0,0
102000303,0,0,0
102000305,0,1,-1
102000306,0,0,0
102000307,0,5,-5
102000308,0,0,0
102900001,0,0,0
102900002,0,0,0
102900003,1,36,-35
102900005,0,0,0
102900006,0,0,0
102900007,0,0,0
102900008,0,0,0
102900009,0,0,0
102900010,0,0,0
102900011,0,0,0
102900012,0,0,0
102900013,0,0,0
102900015,0,0,0
102900016,0,0,0
102900017,0,0,0
102900018,0,0,0
102900019,0,0,0
102900020,0,0,0
102900021,0,0,0
102900022,33,20,13
102900023,0,0,0
102900024,0,0,0
102900025,0,0,0
102900026,0,0,0
102900027,0,0,0
102900028,0,0,0
102900029,1,2,-1
102900030,0,0,0
102900031,0,0,0
102900032,0,19,-19
102900033,0,0,0
102900034,0,0,0
102900035,0,53,-53
102900036,0,0,0
102900037,0,0,0
102900038,0,0,0
102900039,0,0,0
102900040,0,0,0
102900041,0,0,0
102900042,0,0,0
102900043,0,0,0
102900044,0,0,0
102900045,0,0,0
102900046,0,0,0
102900047,0,0,0
102900048,0,0,0
102900049,0,0,0
102900050,0,0,0
102900051,0,0,0
102900052,0,0,0
102900053,0,0,0
102900054,0,0,0
102900055,0,0,0
102900056,0,0,0
102900057,0,0,0
102900058,0,0,0
102900059,0,0,0
102900060,0,0,0
102900061,0,0,0
102900062,0,0,0
102900063,0,0,0
102900064,0,0,0
102900065,0,0,0
102900066,0,0,0
102900068,0,0,0
102900070,1,48,-47
102900072,3,3,0
102900073,9,2,7
102900074,0,0,0
102900075,0,0,0
102900076,0,0,0
102900077,0,0,0
102900078,0,0,0
102900079,0,0,0
102900080,0,0,0
102900081,0,0,0
102900082,0,0,0
102900083,0,0,0
102900084,0,0,0
102900085,0,0,0
102900086,0,0,0
102900087,0,0,0
102900088,0,0,0
102900089,0,0,0
102900090,0,97,-97
102900091,2,0,2
102900092,5,188,-183
102900093,0,0,0
102900094,0,0,0
102900095,0,0,0
102900096,1,1,0
102900097,2,15,-13
103000001,611,621,-10
103000002,208,402,-194
103000003,702,594,108
103000004,178,153,25
103000005,114,135,-21
103000006,41,97,-56
103000007,15,48,-33
103000008,100,327,-227
103000009,20,16,4
103000010,0,6,-6
103000011,398,256,142
103000012,152,76,76
103000013,2493,618,1875
103000014,31,57,-26
103000015,862,291,571
103000016,39,13,26
103000017,0,0,0
103000018,0,0,0
103000019,0,0,0
103000020,231,442,-211
103000021,21,23,-2
103000022,217,420,-203
103000023,5,39,-34
103000024,0,0,0
103000025,0,0,0
103000026,0,0,0
103000027,0,0,0
103000028,0,0,0
103000029,38,3,35
103000030,857,128,729
103000031,85,81,4
103000032,351,351,0
103000033,196,84,112
103000034,631,296,335
103000035,132,131,1
103000036,101,38,63
103000037,249,141,108
103000038,91,70,21
103000039,27,163,-136
103000040,16,69,-53
103000041,429,859,-430
103000042,202,202,0
103000043,14,89,-75
103000044,21,6,15
103000046,64,21,43
103000047,0,0,0
103000048,9,8,1
103000049,0,0,0
103000050,15,26,-11
103000051,31,27,4
103000052,19,8,11
103000053,8,24,-16
103000054,406,179,227
103000055,94,62,32
103000056,62,237,-175
103000057,55,50,5
103000058,63,166,-103
103000059,30,59,-29
103000060,227,229,-2
103000061,25,46,-21
103000062,152,213,-61
103000063,81,62,19
103000064,67,101,-34
103000065,0,2,-2
103000066,2,1,1
103000069,1,3,-2
103000070,59,266,-207
103000071,45,11,34
103000072,27,271,-244
103000073,0,0,0
103000074,0,0,0
103000075,61,320,-259
103000076,1,0,1
103000077,15,119,-104
103000078,10,0,10
103000079,284,50,234
103000080,8,4,4
103000081,47,95,-48
103000082,2,2,0
103000083,4,84,-80
103000084,0,0,0
103000085,0,14,-14
103000086,21,16,5
103000087,24,114,-90
103000088,74,81,-7
103000089,5,9,-4
103000090,322,212,110
103000091,62,101,-39
103000092,7,8,-1
103000093,44,166,-122
103000094,0,5,-5
103000095,1,76,-75
103000096,9,4,5
103000097,19,141,-122
103000098,4,2,2
103000099,12,84,-72
103000100,5,316,-311
103000101,0,0,0
103000102,13,265,-252
103000103,0,22,-22
103000104,4,57,-53
103000105,0,28,-28
103000106,1,79,-78
103000107,14,24,-10
103000108,67,99,-32
103000109,68,50,18
103000110,126,97,29
103000111,150,81,69
103000112,13,6,7
103000113,41,163,-122
103000114,14,20,-6
103000115,49,48,1
103000116,25,54,-29
103000117,17,68,-51
103000118,214,301,-87
103000119,749,245,504
103000120,8,47,-39
103000121,25,123,-98
103000122,3,5,-2
103000125,0,0,0
103000126,5,0,5
103000127,0,0,0
103000128,1,0,1
103000129,0,0,0
103000130,1,1,0
103000131,0,0,0
103000132,2,1,1
103000133,0,0,0
103000134,131,70,61
103000135,302,46,256
103000136,188,87,101
103000137,100,90,10
103000138,231,79,152
103000139,1,13,-12
103000140,0,0,0
103000141,4,16,-12
103000142,0,0,0
103000143,1,66,-65
103000144,1,0,1
103000145,0,0,0
103000150,2,2,0
103000152,35,56,-21
103000153,4,18,-14
103000156,0,0,0
103000157,2,0,2
103000159,14,37,-23
103000162,0,0,0
103000163,0,0,0
103000164,0,0,0
103000165,0,0,0
103000166,0,0,0
103000167,6,12,-6
103000168,15,40,-25
103000169,0,0,0
103000170,106,57,49
103000171,0,0,0
103000172,2,1,1
103000173,48,153,-105
103000174,4,4,0
103000175,100,386,-286
103000176,21,3,18
103000177,294,122,172
103000178,226,136,90
103000179,0,2,-2
103000183,1,25,-24
103000185,0,23,-23
103000186,0,0,0
103000187,42,144,-102
103000188,1,41,-40
103000189,87,332,-245
103000191,42,64,-22
103000292,370,29,341
103000293,2,0,2
103000295,0,0,0
103000296,0,0,0
103000297,0,0,0
103000504,1,1,0
103000505,0,0,0
103000506,0,5,-5
103000507,1,0,1
103000508,7,5,2
103000509,35,161,-126
103900001,0,0,0
103900002,0,0,0
103900003,0,8,-8
103900004,0,0,0
103900005,0,0,0
103900006,0,0,0
103900007,0,0,0
103900008,0,0,0
103900009,4,82,-78
103900010,4,62,-58
103900011,7,75,-68
103900012,0,0,0
103900013,1,10,-9
103900014,0,0,0
103900015,0,0,0
103900016,44,53,-9
103900017,4,28,-24
103900018,61,18,43
103900019,0,0,0
103900020,0,0,0
103900021,0,0,0
103900022,0,79,-79
103900023,0,0,0
103900024,0,0,0
103900025,0,0,0
103900026,0,0,0
103900027,0,0,0
103900028,1,46,-45
103900029,10,18,-8
103900030,0,0,0
103900031,0,0,0
103900032,0,0,0
103900033,0,0,0
103900034,4,42,-38
103900035,2,2,0
103900036,0,0,0
103900037,0,0,0
103900038,0,0,0
103900039,0,88,-88
103900040,0,7,-7
103900041,0,0,0
103900042,1,161,-160
103900043,0,0,0
103900044,0,0,0
103900045,0,0,0
103900047,1,13,-12
103900048,0,0,0
103900049,0,0,0
103900050,0,32,-32
103900051,1,10,-9
103900052,5,40,-35
103900053,3,114,-111
103900054,0,0,0
103900055,9,6,3
103900056,1,6,-5
103900057,0,0,0
103900058,6,110,-104
103900059,0,0,0
103900060,0,0,0
103900061,0,0,0
103900062,3,8,-5
103900063,0,0,0
103900064,0,0,0
103900065,86,28,58
103900066,0,0,0
103900067,0,0,0
103900068,0,0,0
103900069,0,0,0
103900070,0,0,0
103900071,8,25,-17
103900072,0,97,-97
103900073,0,0,0
103900074,0,0,0
103900075,0,0,0
103900076,4,25,-21
103900077,0,0,0
103900078,0,0,0
103900079,0,0,0
103900080,0,0,0
103900081,0,0,0
103900082,0,0,0
103900083,0,0,0
103900084,0,0,0
103900085,0,0,0
103900086,0,0,0
103900087,0,0,0
103900088,0,0,0
103900089,0,0,0
103900090,0,0,0
103900091,0,0,0
103900092,0,26,-26
103900093,0,0,0
103900094,0,0,0
103900095,0,4,-4
103900096,0,0,0
103900097,0,0,0
103900098,2,3,-1
103900099,0,0,0
103900100,9,70,-61
103900101,0,0,0
103900102,0,0,0
103900104,0,0,0
103900105,3,17,-14
103900106,0,0,0
103900107,0,0,0
103900108,7,178,-171
103900109,0,0,0
103900110,13,3,10
103900111,1,141,-140
103900112,0,0,0
103900113,3,8,-5
103900114,15,15,0
103900115,12,3,9
103900116,349,3,346
103900117,60,21,39
103900119,0,0,0
103900120,0,0,0
103900122,1,89,-88
103900123,25,28,-3
103900124,4,97,-93
103900125,6,12,-6
103900126,0,0,0
103900127,12,102,-90
103900128,2,37,-35
103900131,1,24,-23
103900133,0,0,0
103900134,0,0,0
103900135,0,0,0
103900137,0,0,0
103900138,0,0,0
103900139,1,57,-56
103900140,0,0,0
103900141,0,0,0
103900142,0,0,0
103900143,0,0,0
103900144,0,0,0
103900145,0,0,0
103900146,0,0,0
103900147,7,15,-8
103900148,9,54,-45
103900149,0,0,0
103900150,0,92,-92
103900151,0,0,0
103900152,0,0,0
103900153,0,0,0
103900154,92,4,88
103900155,0,0,0
103900156,0,0,0
103900157,0,2,-2
103900158,0,0,0
103900159,0,0,0
103900160,0,0,0
103900161,0,0,0
103900162,9,18,-9
103900163,0,0,0
103900164,0,0,0
103900167,0,0,0
103900168,0,0,0
103900169,0,0,0
103900170,0,0,0
103900171,0,0,0
103900172,0,0,0
103900173,0,0,0
103900174,0,0,0
103900175,0,0,0
103900176,0,0,0
103900177,0,0,0
103900178,1,0,1
103900179,0,1,-1
103900180,0,0,0
103900181,0,1,-1
103900182,0,0,0
103900184,2,0,2
103900185,0,0,0
103900187,5,1,4
103900188,1,2,-1
103900189,11,2,9
103900190,0,0,0
103900191,0,0,0
103900192,0,0,0
103900193,0,0,0
103900194,0,0,0
103900195,0,0,0
103900196,0,0,0
103900197,0,0,0
103900198,0,0,0
103900199,1,1,0
103900200,0,1,-1
103900201,0,0,0
103900202,0,0,0
103900203,1,0,1
103900204,0,3,-3
103900207,0,5,-5
103900208,1,0,1
103900209,0,0,0
103900210,1,0,1
103900211,3,9,-6
103900212,2,113,-111
103900213,36,183,-147
103900214,31,16,15
103900215,644,139,505
103900216,0,10,-10
103900217,0,0,0
103900218,0,0,0
103900219,0,0,0
103900233,0,0,0
103900235,0,0,0
103900236,0,0,0
103900242,0,0,0
103900243,0,0,0
103900244,0,0,0
103900245,0,0,0
103900246,2,0,2
103900247,0,1,-1
103900248,0,0,0
103900249,0,0,0
103900250,0,0,0
103900251,0,0,0
103900253,0,0,0
103900254,0,0,0
103900255,0,0,0
103900256,0,0,0
103900257,0,0,0
103900258,0,0,0
103900259,0,0,0
103900261,0,0,0
103900262,0,0,0
103900263,0,0,0
103900264,0,0,0
103900265,0,0,0
103900266,0,0,0
103900267,0,9,-9
103900268,0,6,-6
103900269,1,3,-2
103900270,0,3,-3
104000001,419,456,-37
104000002,420,705,-285
104000003,456,668,-212
104000004,1465,669,796
104000005,93,403,-310
104000006,534,942,-408
104000007,986,973,13
104000008,287,406,-119
104000009,13,69,-56
104000010,0,0,0
104000011,370,389,-19
104000012,36,336,-300
104000013,0,0,0
104000014,85,465,-380
104000015,0,0,0
104000016,83,209,-126
104000018,46,11,35
104000019,29,4,25
104000020,1,17,-16
104000021,23,22,1
104000022,6,8,-2
104000023,56,53,3
104000024,4,10,-6
104000026,2,3,-1
104000027,88,298,-210
104000028,67,18,49
104000029,92,345,-253
104000030,24,42,-18
104000031,17,2,15
104000032,29,247,-218
104000033,11,7,4
104000034,83,284,-201
104000035,13,22,-9
104000036,11,23,-12
104000037,67,166,-99
104000038,56,55,1
104000039,14,22,-8
104000040,34,21,13
104000041,62,49,13
104000042,28,81,-53
104000043,57,67,-10
104000044,58,157,-99
104000045,90,202,-112
104000046,199,221,-22
104000047,16,61,-45
104000048,57,95,-38
104000049,10,34,-24
104000050,6,41,-35
104000051,34,255,-221
104000052,180,509,-329
104000053,182,150,32
104000054,55,138,-83
104000055,903,399,504
104000056,54,22,32
104000057,15,158,-143
104000058,175,179,-4
104000059,32,342,-310
104000060,68,234,-166
104000061,167,167,0
104000062,0,0,0
104000064,87,27,60
104000065,7,36,-29
104000069,251,67,184
104000070,0,15,-15
104000071,26,86,-60
104000072,0,0,0
104000075,0,0,0
104000076,0,0,0
104000082,427,610,-183
104000083,110,40,70
104000084,17,109,-92
104000085,15,27,-12
104000086,68,82,-14
104000087,23,45,-22
104000090,62,397,-335
104000092,61,646,-585
104000094,74,412,-338
104000095,451,432,19
104000096,0,73,-73
104000097,0,0,0
104000098,0,0,0
104000100,0,0,0
104000101,158,247,-89
104000106,6,35,-29
104000107,49,198,-149
104000108,65,98,-33
104000109,0,0,0
104000110,135,112,23
104000111,179,150,29
104000112,214,60,154
104000116,1,693,-692
104000117,5,258,-253
104000118,13,31,-18
104000119,6,36,-30
104000120,1,204,-203
104000121,31,83,-52
104000122,63,127,-64
104000123,191,255,-64
104000124,521,398,123
104000125,1018,318,700
104000126,26,129,-103
104000127,499,856,-357
104000128,45,117,-72
104000129,54,10,44
104000130,2,114,-112
104000131,915,425,490
104000132,378,619,-241
104000133,329,232,97
104000134,203,144,59
104000135,73,111,-38
104000136,398,271,127
104000137,938,101,837
104000138,539,144,395
104000139,3056,562,2494
104000141,256,370,-114
104000142,124,471,-347
104000143,110,467,-357
104000144,0,0,0
104000145,0,0,0
104000146,164,386,-222
104000147,65,230,-165
104000148,0,0,0
104000149,45,216,-171
104000150,0,0,0
104000151,100,403,-303
104000152,63,580,-517
104000153,0,0,0
104000154,411,400,11
104000155,0,0,0
104000157,195,407,-212
104000158,38,60,-22
104000159,67,43,24
104000160,522,184,338
104000161,0,0,0
104000162,0,0,0
104000165,0,0,0
104000167,31,75,-44
104000168,0,0,0
104000169,0,0,0
104000170,280,65,215
104000248,1,166,-165
104000251,20,114,-94
104000272,7,2,5
104000273,14,2,12
104000274,3,0,3
104000275,9,4,5
104000279,147,72,75
104000290,21,113,-92
104000291,113,146,-33
104000293,19,23,-4
104000294,0,0,0
104000295,90,315,-225
104000296,42,100,-58
104000297,432,494,-62
104000298,429,135,294
104000299,88,362,-274
104900001,0,0,0
104900002,0,0,0
104900003,0,0,0
104900004,0,0,0
104900005,3,5,-2
104900006,0,0,0
104900007,3,23,-20
104900009,0,0,0
104900010,0,0,0
104900011,0,0,0
104900012,0,0,0
104900013,0,0,0
104900014,0,0,0
104900015,0,0,0
104900016,0,0,0
104900017,0,0,0
104900018,0,0,0
104900019,0,0,0
104900020,0,0,0
104900021,0,0,0
104900022,0,0,0
104900023,0,0,0
104900024,0,0,0
104900025,0,0,0
104900026,0,0,0
104900027,0,0,0
104900028,0,0,0
104900029,0,0,0
104900030,0,0,0
104900031,0,0,0
104900032,0,0,0
104900033,0,0,0
104900034,0,0,0
104900035,0,0,0
104900036,0,0,0
104900037,0,0,0
104900038,0,0,0
104900039,0,0,0
104900040,0,0,0
104900041,0,0,0
104900042,0,0,0
104900043,0,0,0
104900044,0,0,0
104900045,0,0,0
104900046,0,0,0
104900047,0,0,0
104900048,0,0,0
104900049,0,0,0
104900050,0,0,0
104900051,0,0,0
104900052,0,0,0
104900053,0,0,0
104900054,0,0,0
104900055,0,0,0
104900056,0,0,0
104900057,0,0,0
104900058,0,0,0
104900059,0,0,0
104900060,0,8,-8
104900061,0,0,0
104900063,0,0,0
104900064,0,0,0
104900065,0,1,-1
104900066,0,0,0
104900067,0,1,-1
104900068,0,0,0
104900070,0,0,0
104900071,2,100,-98
104900072,0,0,0
104900073,0,0,0
104900074,0,0,0
104900075,0,0,0
104900076,0,0,0
104900077,0,0,0
104900078,0,0,0
104900079,0,0,0
104900080,0,0,0
104900082,0,0,0
104900085,0,0,0
104900087,0,0,0
104900089,0,0,0
104900090,0,0,0
104900091,0,0,0
104900093,0,0,0
104900097,0,0,0
104900098,0,0,0
104900099,0,0,0
104900100,0,0,0
104900102,0,0,0
104900103,0,0,0
104900104,0,0,0
104900106,0,0,0
104900107,0,0,0
104900108,0,0,0
104900109,0,0,0
104900110,0,0,0
104900111,0,0,0
104900112,0,0,0
104900113,8,22,-14
104900114,0,0,0
104900115,10,26,-16
104900116,0,0,0
104900118,0,0,0
104900119,0,0,0
104900120,0,0,0
104900121,0,0,0
104900122,0,0,0
104900123,0,0,0
104900124,0,0,0
104900125,0,0,0
104900126,0,0,0
104900127,0,0,0
104900128,0,0,0
104900129,0,0,0
105000001,462,604,-142
105000002,142,391,-249
105000003,340,702,-362
105000004,98,282,-184
105000005,141,290,-149
105000006,117,237,-120
105000007,52,180,-128
105000008,43,339,-296
105000009,138,304,-166
105000010,795,1176,-381
105000011,232,252,-20
105000012,1322,2031,-709
105000013,161,136,25
105000014,187,162,25
105000015,1434,530,904
105000016,1559,522,1037
105000017,322,227,95
105000018,102,173,-71
105000019,19,11,8
105000020,15,99,-84
105000021,11,5,6
105000022,0,0,0
105000023,0,0,0
105000028,19,35,-16
105000029,83,138,-55
105000030,1186,1876,-690
105000033,363,1407,-1044
105000034,0,2,-2
105000037,47,74,-27
105000038,70,101,-31
105000039,1386,1708,-322
105000040,25,56,-31
105000041,154,1062,-908
105000042,148,65,83
105000043,872,2057,-1185
105000044,19,24,-5
105000045,78,513,-435
105000046,50,30,20
105000047,122,649,-527
105000048,9,3,6
105000049,112,336,-224
105000050,0,0,0
105000051,60,188,-128
105000052,11,67,-56
105000053,29,70,-41
105000054,1,108,-107
105000055,12,93,-81
105000056,20,327,-307
105000057,120,308,-188
105000058,149,269,-120
105000059,28,76,-48
105000060,65,175,-110
105000061,18,25,-7
105000062,139,409,-270
105000063,45,259,-214
105000064,36,132,-96
105000065,59,282,-223
105000066,172,497,-325
105000067,88,62,26
105000068,133,204,-71
105000069,384,125,259
105000070,62,81,-19
105000071,0,0,0
105000072,11,12,-1
105000073,21,12,9
105000074,194,333,-139
105000075,116,215,-99
105000076,288,323,-35
105000077,618,225,393
105000078,181,145,36
105000079,485,838,-353
105000080,97,66,31
105000081,240,272,-32
105000082,43,83,-40
105000083,30,38,-8
105000084,107,348,-241
105000085,62,47,15
105000086,119,209,-90
105000087,718,567,151
105000088,32,7,25
105000089,971,1285,-314
105000090,402,645,-243
105000091,812,1166,-354
105000092,138,487,-349
105000093,7,48,-41
105000094,6,7,-1
105000095,3,59,-56
105000096,5,2,3
105000097,93,165,-72
105000098,0,0,0
105000099,74,275,-201
105000100,197,208,-11
105000101,190,397,-207
105000102,144,332,-188
105000103,87,475,-388
105000104,139,189,-50
105000105,29,376,-347
105000106,195,433,-238
105000107,68,47,21
105000108,164,97,67
105000109,184,388,-204
105000110,36,18,18
105000111,21,48,-27
105000112,227,61,166
105000113,3,45,-42
105000114,0,2,-2
105000115,17,42,-25
105000116,3,8,-5
105000117,82,196,-114
105000118,2,8,-6
105000119,108,255,-147
105000120,1,5,-4
105000121,160,231,-71
105000122,19,136,-117
105000123,168,291,-123
105000124,97,247,-150
105000125,91,458,-367
105000126,293,619,-326
105000127,215,429,-214
105000128,36,391,-355
105000129,45,98,-53
105000130,0,1,-1
105000131,74,92,-18
105000132,0,0,0
105000133,105,389,-284
105000134,0,0,0
105000135,83,236,-153
105000136,8,87,-79
105000137,26,29,-3
105000138,30,84,-54
105000139,212,294,-82
105000140,0,0,0
105000141,36,194,-158
105000142,0,0,0
105000143,25,214,-189
105000144,51,261,-210
105000145,0,0,0
105000146,90,322,-232
105000147,0,0,0
105000148,0,0,0
105000149,0,0,0
105000150,560,507,53
105000151,19,33,-14
105000152,8,214,-206
105000153,21,37,-16
105000154,26,276,-250
105000155,5,56,-51
105000156,65,290,-225
105000157,127,627,-500
105000158,99,112,-13
105000159,43,488,-445
105000160,80,85,-5
105000161,78,665,-587
105000162,10,83,-73
105000163,175,302,-127
105000164,96,69,27
105000165,118,156,-38
105000166,2047,64,1983
105000167,301,264,37
105000168,8,284,-276
105000169,82,230,-148
105000170,0,0,0
105000171,96,34,62
105000172,0,0,0
105000173,0,0,0
105000174,0,0,0
105000175,8,52,-44
105000176,8,14,-6
105000177,4,44,-40
105000178,0,0,0
105000179,15,18,-3
105000180,2,40,-38
105000181,0,0,0
105000182,3,19,-16
105000183,37,8,29
105000184,427,442,-15
105000185,168,156,12
105000186,78,673,-595
105000187,67,63,4
105000188,6,29,-23
105000189,33,350,-317
105000190,0,0,0
105000191,73,308,-235
105000192,15,60,-45
105000193,19,70,-51
105000194,53,53,0
105000195,48,309,-261
105000196,9,26,-17
105000197,30,212,-182
105000198,194,106,88
105000199,43,77,-34
105000200,8,47,-39
105000201,10,6,4
105000203,0,30,-30
105000204,27,54,-27
105000205,7,22,-15
105000207,228,125,103
105000208,0,0,0
105000209,48,222,-174
105000212,104,252,-148
105000213,0,0,0
105000214,0,0,0
105000215,8,74,-66
105000216,43,255,-212
105000217,24,201,-177
105000218,15,223,-208
105000221,3,44,-41
105000222,4,12,-8
105000223,16,36,-20
105000226,0,0,0
105000227,0,0,0
105000228,5,95,-90
105000229,0,1,-1
105000231,0,0,0
105000233,51,39,12
105000234,247,1030,-783
105000235,17,9,8
105000237,0,0,0
105000243,0,1,-1
105000248,49,34,15
105000262,20,322,-302
105000269,2,14,-12
105000270,14,55,-41
105000271,0,23,-23
105000282,0,13,-13
105000287,5,4,1
105000288,8,69,-61
105000289,161,203,-42
105000290,0,0,0
105000402,544,221,323
105000426,61,61,0
105000438,161,94,67
105000446,2306,1252,1054
105000447,2568,824,1744
105000454,6,34,-28
105000455,0,0,0
105000474,0,0,0
105000477,0,1,-1
105000478,126,196,-70
105000479,5,30,-25
105000480,299,387,-88
105000481,493,471,22
105000482,1567,1158,409
105000483,285,413,-128
105000484,526,1077,-551
105000485,660,715,-55
105000486,1100,1038,62
105000488,800,1025,-225
105000489,40,110,-70
105000549,0,0,0
105000550,132,448,-316
105000551,0,0,0
105000552,1886,903,983
105900001,0,0,0
105900002,7,21,-14
105900003,0,8,-8
105900004,76,28,48
105900005,1,58,-57
105900006,0,0,0
105900007,0,0,0
105900008,4,122,-118
105900009,0,0,0
105900011,0,0,0
105900012,0,0,0
105900013,0,0,0
105900014,0,0,0
105900015,3,43,-40
105900016,0,0,0
105900017,0,0,0
105900018,12,24,-12
105900019,0,0,0
105900020,2,11,-9
105900021,0,0,0
105900022,8,17,-9
105900023,0,0,0
105900024,0,0,0
105900025,0,0,0
105900026,4,0,4
105900027,0,0,0
105900028,0,40,-40
105900029,5,24,-19
105900030,1,21,-20
105900031,48,24,24
105900032,2,22,-20
105900033,2,18,-16
105900034,1,54,-53
105900035,5,40,-35
105900036,2,20,-18
105900037,13,9,4
105900038,6,21,-15
105900039,1,23,-22
105900040,2,14,-12
105900041,9,16,-7
105900042,2,22,-20
105900043,49,1,48
105900044,0,16,-16
105900045,1,56,-55
105900046,0,37,-37
105900047,0,6,-6
105900048,2,85,-83
105900050,0,0,0
105900051,0,0,0
105900052,0,0,0
105900053,426,12,414
105900054,6,20,-14
105900056,0,0,0
105900057,0,0,0
105900058,0,0,0
105900059,0,0,0
106000001,416,176,240
106000002,845,1373,-528
106000003,674,396,278
106000004,910,806,104
106000005,484,615,-131
106000006,1899,1752,147
106000007,113,51,62
106000008,150,189,-39
106000009,52,34,18
106000010,215,254,-39
106000011,97,73,24
106000012,174,627,-453
106000013,210,185,25
106000014,594,638,-44
106000015,95,156,-61
106000016,433,970,-537
106000017,208,108,100
106000018,269,454,-185
106000019,34,37,-3
106000020,41,242,-201
106000021,50,63,-13
106000022,72,184,-112
106000023,50,24,26
106000024,140,380,-240
106000025,37,40,-3
106000026,145,215,-70
106000027,50,93,-43
106000028,214,515,-301
106000029,405,877,-472
106000030,97,69,28
106000034,178,245,-67
106000035,74,127,-53
106000036,70,128,-58
106000037,384,554,-170
106000038,0,0,0
106000039,0,0,0
106000040,33,275,-242
106000041,79,94,-15
106000043,0,0,0
106000046,0,0,0
106000047,8,49,-41
106000049,10,2,8
106000050,79,461,-382
106000051,1,19,-18
106000052,26,390,-364
106000053,0,0,0
106000054,127,283,-156
106000055,0,0,0
106000056,111,397,-286
106000057,0,0,0
106000058,23,163,-140
106000059,0,2,-2
106000060,212,390,-178
106000061,2,3,-1
106000062,53,432,-379
106000063,1,1,0
106000064,23,246,-223
106000065,0,13,-13
106000066,34,166,-132
106000067,2,6,-4
106000068,8,273,-265
106000069,16,8,8
106000070,54,293,-239
106000071,34,22,12
106000072,1152,505,647
106000073,405,319,86
106000074,47,231,-184
106000075,62,278,-216
106000076,134,485,-351
106000077,546,354,192
106000078,104,389,-285
106000079,66,400,-334
106000080,179,373,-194
106000081,23,229,-206
106000082,582,422,160
106000083,28,303,-275
106000084,86,346,-260
106000085,104,271,-167
106000086,44,209,-165
106000087,82,189,-107
106000088,9,315,-306
106000089,76,226,-150
106000090,5,304,-299
106000091,100,223,-123
106000092,1,39,-38
106000093,0,0,0
106000094,19,123,-104
106000095,22,267,-245
106000096,21,203,-182
106000097,57,506,-449
106000098,6,362,-356
106000099,5,526,-521
106000100,20,35,-15
106000101,19,30,-11
106000102,2,240,-238
106000103,21,84,-63
106000104,102,65,37
106000105,33,141,-108
106000106,29,107,-78
106000107,3,87,-84
106000108,27,58,-31
106000109,7,60,-53
106000110,21,38,-17
106000111,29,90,-61
106000112,20,31,-11
106000113,137,99,38
106000114,96,39,57
106000115,22,66,-44
106000116,42,52,-10
106000117,207,281,-74
106000118,78,123,-45
106000119,724,313,411
106000120,32,17,15
106000121,5,6,-1
106000122,6,43,-37
106000123,2,3,-1
106000124,2,64,-62
106000125,1,64,-63
106000126,0,3,-3
106000127,33,121,-88
106000128,4,3,1
106000129,84,160,-76
106000130,0,0,0
106000131,9,145,-136
106000132,0,0,0
106000133,1355,213,1142
106000134,0,0,0
106000135,28,317,-289
106000136,0,0,0
106000137,21,725,-704
106000138,0,0,0
106000139,0,0,0
106000140,4,78,-74
106000141,2,83,-81
106000142,0,0,0
106000143,8,111,-103
106000144,0,0,0
106000145,35,240,-205
106000146,0,0,0
106000147,72,128,-56
106000148,66,252,-186
106000149,80,66,14
106000150,72,417,-345
106000151,999,153,846
106000152,113,116,-3
106000153,7,200,-193
106000154,153,14,139
106000155,0,4,-4
106000156,44,79,-35
106000157,134,544,-410
106000158,739,148,591
106000159,1483,344,1139
106000160,22,275,-253
106000161,349,204,145
106000162,5,83,-78
106000163,36,267,-231
106000164,18,45,-27
106000165,26,295,-269
106000166,49,85,-36
106000167,54,591,-537
106000168,20,68,-48
106000169,21,345,-324
106000170,63,64,-1
106000171,14,310,-296
106000172,359,303,56
106000173,74,826,-752
106000174,20,122,-102
106000175,27,429,-402
106000176,56,86,-30
106000177,102,811,-709
106000178,201,152,49
106000179,159,742,-583
106000180,162,703,-541
106000181,66,708,-642
106000182,53,191,-138
106000183,66,381,-315
106000184,111,273,-162
106000185,42,255,-213
106000186,133,29,104
106000187,17,242,-225
106000188,0,2,-2
106000189,0,0,0
106000190,0,0,0
106000191,42,43,-1
106000192,0,11,-11
106000193,43,38,5
106000194,14,75,-61
106000195,11,5,6
106000196,3,74,-71
106000197,28,46,-18
106000198,5,87,-82
106000199,174,78,96
106000200,161,57,104
106000201,57,58,-1
106000202,2266,104,2162
106000203,9,111,-102
106000204,0,0,0
106000205,16,95,-79
106000206,0,0,0
106000207,12,451,-439
106000208,15,1,14
106000209,16,23,-7
106000210,52,566,-514
106000211,112,788,-676
106000212,4,2,2
106000213,89,309,-220
106000214,224,41,183
106000215,16,27,-11
106000216,27,35,-8
106000217,14,46,-32
106000218,51,62,-11
106000219,8,36,-28
106000220,36,45,-9
106000221,19,125,-106
106000222,0,0,0
106000223,0,0,0
106000224,27,120,-93
106000225,0,0,0
106000226,18,163,-145
106000228,10,97,-87
106000229,10,360,-350
106000231,8,2,6
106000232,2,200,-198
106000233,3,7,-4
106000234,0,98,-98
106000235,2,3,-1
106000236,21,17,4
106000237,1,2,-1
106000238,0,0,0
106000239,1,9,-8
106000240,0,0,0
106000241,13,300,-287
106000242,5,0,5
106000249,0,0,0
106000250,4,107,-103
106000251,0,0,0
106000252,4,29,-25
106000253,0,0,0
106000254,18,21,-3
106000255,0,0,0
106000256,20,26,-6
106000257,7,105,-98
106000258,0,0,0
106000259,0,5,-5
106000260,0,0,0
106000261,0,33,-33
106000262,0,0,0
106000263,0,11,-11
106000264,0,0,0
106000265,1,37,-36
106000266,0,0,0
106000267,1,24,-23
106000268,0,0,0
106000269,8,18,-10
106000270,23,164,-141
106000271,0,1,-1
106000272,7,14,-7
106000273,0,0,0
106000274,15,6,9
106000275,2,0,2
106000276,9,13,-4
106000277,1,2,-1
106000278,23,5,18
106000279,1,14,-13
106000280,3,24,-21
106000281,2,6,-4
106000282,6,10,-4
106000283,4,6,-2
106000284,4,19,-15
106000285,13,13,0
106000286,9,36,-27
106000287,5,7,-2
106000288,2,26,-24
106000289,0,2,-2
106000290,8,22,-14
106000291,2,11,-9
106000292,8,27,-19
106000293,1,4,-3
106000294,9,23,-14
106000295,5,4,1
106000296,13,34,-21
106000297,18,19,-1
106000298,11,11,0
106000299,3,9,-6
106000300,5,11,-6
106000301,5,24,-19
106000303,0,0,0
106000304,3,7,-4
106000305,0,0,0
106000306,10,15,-5
106000307,0,0,0
106000308,4,30,-26
106000309,0,15,-15
106000310,30,101,-71
106000311,39,17,22
106000312,14,57,-43
106000313,9,25,-16
106000318,18,52,-34
106000319,38,0,38
106000320,0,0,0
106000321,1,1,0
106000322,22,93,-71
106000324,0,1,-1
106000325,97,39,58
106000326,242,743,-501
106000327,0,0,0
106000328,0,0,0
106000329,7,33,-26
106000330,7,21,-14
106000428,25,60,-35
106000429,21,96,-75
106000430,105,358,-253
106000431,77,57,20
106000432,315,828,-513
106000433,202,170,32
106000434,191,89,102
106000435,797,991,-194
106000436,9,172,-163
106000437,0,0,0
106000438,0,0,0
106000439,13,197,-184
106000440,12,64,-52
106000441,0,0,0
106000442,0,0,0
106000443,2,47,-45
106000450,0,102,-102
106000451,0,0,0
106000454,0,10,-10
106000455,4,72,-68
106000456,0,0,0
106000457,3,491,-488
106000458,0,0,0
106000459,11,179,-168
106000460,0,0,0
106000461,10,759,-749
106000462,1,4,-3
106000463,0,0,0
106000464,6,213,-207
106000465,0,0,0
106000466,2,294,-292
106000467,165,204,-39
106000468,0,0,0
106000469,0,0,0
106000470,66,285,-219
106000471,6,219,-213
106000472,0,0,0
106000473,2,1,1
106000474,123,323,-200
106000475,15,35,-20
106000476,47,14,33
106000477,11,34,-23
106900001,0,2,-2
106900002,0,0,0
106900003,0,0,0
106900004,0,4,-4
106900006,0,1,-1
106900007,0,1,-1
106900008,0,0,0
106900009,0,0,0
106900010,0,0,0
106900012,0,0,0
106900013,0,0,0
106900014,0,0,0
106900015,0,0,0
106900016,0,0,0
106900017,0,0,0
106900018,0,0,0
106900019,0,0,0
106900020,0,0,0
106900021,0,0,0
106900022,0,0,0
106900023,0,0,0
106900024,0,0,0
106900025,0,0,0
106900026,0,0,0
106900027,0,0,0
107000001,409,480,-71
107000002,1284,1906,-622
107000003,693,937,-244
107000004,2258,3057,-799
107000005,199,545,-346
107000006,1253,3111,-1858
107000007,713,825,-112
107000008,10314,7044,3270
107000009,438,593,-155
107000010,5911,4997,914
107000011,505,445,60
107000012,896,1059,-163
107000013,20,167,-147
107000014,7,184,-177
107000015,90,598,-508
107000016,103,739,-636
107000017,319,212,107
107000018,2,99,-97
107000020,108,76,32
107000021,330,438,-108
107000022,75,886,-811
107000023,320,176,144
107000024,65,1152,-1087
107000025,52,129,-77
107000026,32,331,-299
107000027,339,146,193
107000028,303,484,-181
107000029,300,161,139
107000030,405,1099,-694
107000031,211,244,-33
107000032,9,60,-51
107000033,872,1167,-295
107000034,2623,721,1902
107000035,11,6,5
107000036,39,214,-175
107000037,0,25,-25
107000038,95,148,-53
107000039,0,0,0
107000040,54,153,-99
107000041,238,91,147
107000042,134,369,-235
107000043,409,150,259
107000044,145,174,-29
107000045,17,87,-70
107000046,53,64,-11
107000047,59,218,-159
107000048,36,80,-44
107000049,39,211,-172
107000050,38,98,-60
107000051,87,84,3
107000052,163,97,66
107000053,10,13,-3
107000054,15,110,-95
107000055,46,16,30
107000056,57,305,-248
107000057,139,26,113
107000058,0,0,0
107000059,399,1182,-783
107000060,49,58,-9
107000061,1264,1621,-357
107000062,33,61,-28
107000063,819,2305,-1486
107000064,31,57,-26
107000065,841,2214,-1373
107000066,23,38,-15
107000067,20,70,-50
107000068,0,0,0
107000069,0,0,0
107000070,11,16,-5
107000071,0,0,0
107000072,11,1626,-1615
107000073,0,0,0
107000074,60,492,-432
107000075,0,0,0
107000076,288,1280,-992
107000077,0,0,0
107000078,281,1687,-1406
107000079,0,0,0
107000080,243,1399,-1156
107000081,13,2,11
107000082,105,1243,-1138
107000083,5,3,2
107000084,124,1161,-1037
107000085,454,580,-126
107000086,483,696,-213
107000087,308,395,-87
107000088,305,755,-450
107000089,116,158,-42
107000090,270,357,-87
107000091,87,154,-67
107000092,275,456,-181
107000093,43,155,-112
107000094,139,465,-326
107000095,0,0,0
107000096,305,521,-216
107000097,0,0,0
107000098,83,171,-88
107000099,0,0,0
107000100,95,122,-27
107000101,0,0,0
107000102,156,131,25
107000103,0,0,0
107000104,76,167,-91
107000105,8,1,7
107000106,31,124,-93
107000107,6,1,5
107000108,31,366,-335
107000109,0,0,0
107000110,15,236,-221
107000111,0,0,0
107000112,4,190,-186
107000113,0,0,0
107000114,27,288,-261
107000115,0,0,0
107000116,31,435,-404
107000117,0,0,0
107000118,30,131,-101
107000119,131,34,97
107000120,740,323,417
107000121,38,24,14
107000122,220,367,-147
107000123,23,25,-2
107000124,76,373,-297
107000125,43,32,11
107000126,92,604,-512
107000127,11,247,-236
107000129,28,158,-130
107000130,0,0,0
107000131,176,244,-68
107000132,0,0,0
107000133,2,5,-3
107000134,2,0,2
107000135,0,24,-24
107000136,7,1,6
107000137,0,17,-17
107000138,15,0,15
107000139,0,29,-29
107000140,72,0,72
107000141,20,73,-53
107000142,14,1,13
107000143,3,100,-97
107000144,21,8,13
107000145,16,39,-23
107000146,6,2,4
107000147,353,17,336
107000150,21,23,-2
107000151,1,8,-7
107000152,2,65,-63
107000153,29,45,-16
107000154,7,9,-2
107000155,21,1,20
107000156,76,0,76
107000157,6,424,-418
107000158,17,0,17
107000159,1,158,-157
107000160,22,3,19
107000161,2,212,-210
107000162,7,11,-4
107000163,0,0,0
107000164,0,0,0
107000165,0,0,0
107000166,15,456,-441
107000167,26,29,-3
107000168,61,12,49
107000169,126,543,-417
107000170,63,17,46
107000171,75,1424,-1349
107000172,46,31,15
107000173,105,459,-354
107000174,134,208,-74
107000175,2801,431,2370
107000176,0,0,0
107000177,0,0,0
107000178,0,0,0
107000179,52,1400,-1348
107000180,6,77,-71
107000181,64,545,-481
107000182,13,105,-92
107000183,46,416,-370
107000184,23,120,-97
107000185,36,591,-555
107000186,0,0,0
107000187,126,146,-20
107000188,63,74,-11
107000189,16,107,-91
107000190,60,190,-130
107000191,1,12,-11
107000192,143,250,-107
107000193,2,2,0
107000194,143,185,-42
107000197,0,0,0
107000198,37,360,-323
107000199,242,343,-101
107000200,0,0,0
107000201,94,115,-21
107000202,0,0,0
107000203,150,212,-62
107000204,12,8,4
107000205,1104,642,462
107000206,0,0,0
107000207,38,24,14
107000208,37,5,32
107000209,77,3,74
107000210,296,41,255
107000211,0,0,0
107000212,1,76,-75
107000213,0,0,0
107000214,0,5,-5
107000215,2,34,-32
107000216,2,39,-37
107000217,4,8,-4
107000219,1,12,-11
107000220,3,33,-30
107000222,45,214,-169
107000224,0,0,0
107000225,24,161,-137
107000226,0,0,0
107000227,12,147,-135
107000228,13,25,-12
107000229,13,7,6
107000230,290,162,128
107000231,13,38,-25
107000232,0,0,0
107000233,14,23,-9
107000234,0,0,0
107000235,0,1,-1
107000236,25,345,-320
107000237,0,0,0
107000238,0,1,-1
107000239,282,24,258
107000240,5,297,-292
107000241,35,13,22
107000242,183,43,140
107000243,0,46,-46
107000244,4,102,-98
107000246,3,626,-623
107000249,0,289,-289
107000251,0,125,-125
107000252,2,497,-495
107000255,77,12,65
107000257,0,47,-47
107000258,0,17,-17
107000259,0,33,-33
107000260,0,0,0
107000262,0,125,-125
107000263,0,0,0
107000266,0,0,0
107000267,3,21,-18
107000268,5,23,-18
107000269,0,0,0
107000270,1,0,1
107000271,0,184,-184
107000272,0,56,-56
107000273,0,27,-27
107000274,7,18,-11
107000275,3,70,-67
107000280,21,1,20
107000281,0,153,-153
107000282,2,381,-379
107000290,1,6,-5
107000291,0,0,0
107000292,0,15,-15
107000293,0,0,0
107000294,0,16,-16
107000295,0,0,0
107000296,0,0,0
107000444,16,0,16
107000496,0,0,0
107000497,258,1459,-1201
107000500,0,0,0
107000501,0,0,0
107000502,0,0,0
107000505,113,280,-167
107000506,0,0,0
107000508,0,235,-235
107000509,37,18,19
107000510,0,0,0
107000514,1,21,-20
107000515,0,32,-32
107000516,0,0,0
107000518,0,0,0
107000519,789,621,168
107000520,0,0,0
107900001,0,0,0
107900002,0,0,0
107900003,2,0,2
107900004,0,0,0
107900005,28,0,28
107900006,0,0,0
107900007,1,0,1
107900008,19,6,13
107900009,0,0,0
107900010,0,0,0
107900012,11,0,11
107900013,9,5,4
107900014,0,0,0
107900015,41,0,41
107900016,9,6,3
107900017,0,0,0
107900018,0,1,-1
107900019,0,7,-7
107900020,0,0,0
107900021,3,30,-27
107900023,0,0,0
107900024,0,0,0
107900025,17,32,-15
107900026,1,19,-18
107900027,0,0,0
107900028,2,18,-16
107900030,6,2,4
107900031,1,46,-45
107900032,0,0,0
107900033,0,1,-1
107900034,20,1,19
107900035,48,0,48
107900036,0,0,0
107900037,0,0,0
107900038,10,9,1
107900039,0,10,-10
107900040,0,0,0
107900041,0,0,0
107900043,0,25,-25
107900044,0,1,-1
107900045,6,3,3
107900046,6,0,6
107900047,0,0,0
107900048,2,0,2
107900049,23,17,6
107900050,46,58,-12
107900051,10,6,4
107900052,0,0,0
107900053,1,14,-13
107900055,26,13,13
107900056,1,0,1
107900057,0,0,0
107900058,8,139,-131
107900060,0,0,0
107900061,0,0,0
107900063,7,12,-5
107900064,15,0,15
107900065,7,0,7
107900066,0,0,0
107900067,0,0,0
107900068,4,25,-21
107900069,0,6,-6
107900070,0,0,0
107900071,1,233,-232
107900072,3,23,-20
107900073,0,0,0
107900074,0,0,0
107900076,3,10,-7
107900077,0,0,0
107900078,6,1,5
107900079,2,2,0
107900080,6,2,4
107900081,0,0,0
107900082,0,0,0
107900083,18,12,6
107900084,0,9,-9
107900086,2,15,-13
107900087,76,6,70
107900088,0,0,0
107900089,17,67,-50
107900090,26,29,-3
107900091,7,71,-64
107900092,448,79,369
107900093,0,0,0
107900095,227,61,166
107900097,3,6,-3
107900098,0,8,-8
107900100,177,49,128
107900101,239,34,205
107900102,0,0,0
107900103,0,12,-12
107900104,0,0,0
107900105,0,182,-182
107900106,2,471,-469
107900107,311,23,288
107900108,1,0,1
107900109,0,0,0
107900110,0,11,-11
107900111,2,348,-346
107900112,7,53,-46
107900113,0,0,0
107900114,1,51,-50
107900115,0,0,0
107900116,1,43,-42
107900117,17,51,-34
107900118,16,44,-28
107900119,0,6,-6
107900120,0,0,0
107900121,0,1,-1
107900122,0,3,-3
107900123,0,6,-6
107900124,0,0,0
107900125,1,34,-33
107900126,3,9,-6
107900127,122,9,113
107900128,1,0,1
107900129,0,8,-8
107900130,0,0,0
107900131,12,6,6
107900132,11,92,-81
107900133,0,4,-4
107900134,0,0,0
107900135,1,43,-42
107900136,9,6,3
107900137,3,0,3
107900138,1,12,-11
107900139,0,0,0
107900140,15,14,1
107900141,5,1,4
107900142,26,226,-200
107900143,2,2,0
107900144,0,32,-32
107900145,0,9,-9
107900146,3,4,-1
107900147,0,1,-1
107900148,40,37,3
107900149,540,17,523
107900150,12,169,-157
107900151,1,36,-35
107900152,3,38,-35
107900153,13,9,4
107900154,2,1,1
107900155,0,0,0
107900156,0,0,0
107900157,7,35,-28
107900158,20,1,19
107900159,7,289,-282
107900160,0,27,-27
107900161,1,90,-89
107900162,0,48,-48
107900163,0,0,0
107900164,0,14,-14
107900165,24,2,22
107900166,0,95,-95
107900167,0,0,0
107900168,0,10,-10
107900169,0,51,-51
107900171,4,459,-455
107900172,0,125,-125
107900173,3,67,-64
107900174,0,0,0
107900175,0,0,0
107900176,0,4,-4
107900177,0,46,-46
107900178,0,73,-73
107900179,0,30,-30
107900180,90,5,85
107900181,98,96,2
107900182,0,446,-446
107900183,0,132,-132
107900184,0,3,-3
107900185,2,0,2
107900186,6,12,-6
107900187,0,59,-59
107900188,63,8,55
107900189,1,24,-23
107900190,13,1,12
107900191,4,23,-19
107900193,0,18,-18
107900194,6,0,6
107900195,681,48,633
107900196,0,0,0
107900197,20,6,14
107900199,2,171,-169
107900201,17,32,-15
107900203,0,18,-18
107900204,89,69,20
107900205,31,192,-161
107900206,12,3,9
107900207,0,150,-150
107900208,1,162,-161
107900209,60,17,43
107900210,37,27,10
107900213,33,78,-45
107900214,0,46,-46
107900215,58,139,-81
107900216,1,9,-8
107900217,0,0,0
107900218,1,200,-199
107900219,0,40,-40
107900220,22,13,9
107900221,62,80,-18
107900223,0,0,0
107900224,24,113,-89
107900225,1,83,-82
107900226,2,29,-27
107900227,17,107,-90
107900228,2,35,-33
107900229,0,60,-60
107900230,0,25,-25
107900231,0,0,0
107900232,2,87,-85
107900233,0,30,-30
107900234,12,77,-65
107900235,14,31,-17
107900236,9,47,-38
107900237,29,140,-111
107900238,0,0,0
107900239,222,135,87
107900240,2,37,-35
107900241,3,15,-12
107900242,1,121,-120
107900243,0,5,-5
107900244,0,0,0
107900245,2,0,2
107900246,0,1,-1
107900248,11,197,-186
107900249,0,0,0
107900250,0,133,-133
107900251,0,275,-275
107900252,0,0,0
107900253,0,0,0
107900254,2,8,-6
107900255,54,1,53
107900256,16,78,-62
107900257,2,1,1
107900258,0,20,-20
107900259,1,16,-15
107900261,1,144,-143
107900262,0,0,0
107900264,0,0,0
107900265,1,17,-16
107900267,3,0,3
107900268,0,0,0
107900269,0,0,0
107900270,0,0,0
107900271,0,0,0
107900272,0,0,0
107900273,0,28,-28
107900274,0,0,0
107900275,0,0,0
107900276,0,26,-26
107900277,0,71,-71
107900278,0,63,-63
107900279,16,2,14
107900280,5,53,-48
107900281,511,100,411
107900282,6,17,-11
107900283,65,21,44
107900284,9,278,-269
107900285,1,15,-14
107900286,18,9,9
107900287,7,9,-2
107900290,0,21,-21
107900291,28,2,26
107900292,6,41,-35
107900293,2,63,-61
107900295,4,25,-21
107900297,1,87,-86
107900298,87,112,-25
107900299,658,105,553
107900300,8,46,-38
107900301,18,42,-24
107900302,11,2,9
107900303,1,66,-65
107900304,6,146,-140
107900305,21,5,16
107900306,0,0,0
107900307,5,115,-110
107900308,28,2,26
107900309,3,0,3
107900310,0,0,0
107900311,4,3,1
107900312,0,0,0
107900313,0,10,-10
107900314,0,8,-8
107900315,1,15,-14
107900316,2,0,2
107900317,0,0,0
107900318,0,15,-15
107900319,0,93,-93
107900320,1,48,-47
107900321,0,0,0
107900322,0,57,-57
107900323,2,29,-27
107900324,2,0,2
107900325,9,0,9
107900326,3,116,-113
107900327,1,0,1
107900328,0,0,0
107900329,0,0,0
107900330,2,140,-138
107900331,1,1,0
107900332,1,8,-7
107900333,1,3,-2
107900334,2,54,-52
107900335,6,16,-10
107900336,2,6,-4
107900337,244,30,214
107900338,1,64,-63
107900339,0,8,-8
107900340,0,21,-21
107900341,1,0,1
107900342,4,35,-31
107900343,4,1,3
107900344,2,55,-53
107900345,0,5,-5
107900346,0,0,0
107900347,0,0,0
107900348,0,0,0
107900349,2,0,2
107900350,14,74,-60
108000001,484,493,-9
108000002,1513,2142,-629
108000003,452,328,124
108000004,8840,7675,1165
108000005,399,422,-23
108000006,1482,3168,-1686
108000007,411,610,-199
108000008,1560,2817,-1257
108000009,246,687,-441
108000010,717,2770,-2053
108000011,1615,1105,510
108000012,7851,6965,886
108000014,16,61,-45
108000015,6,56,-50
108000016,60,428,-368
108000017,3,43,-40
108000018,5,40,-35
108000019,4,81,-77
108000020,0,0,0
108000021,120,972,-852
108000022,107,643,-536
108000023,0,0,0
108000024,9,273,-264
108000025,12,115,-103
108000026,14,258,-244
108000027,24,253,-229
108000028,13,161,-148
108000029,22,401,-379
108000030,3,89,-86
108000031,14,353,-339
108000032,0,0,0
108000033,163,574,-411
108000034,0,0,0
108000035,254,1295,-1041
108000036,83,700,-617
108000037,136,18,118
108000038,81,12,69
108000039,115,1165,-1050
108000040,28,21,7
108000041,255,1367,-1112
108000042,2,105,-103
108000043,13,200,-187
108000044,1,64,-63
108000045,38,617,-579
108000046,0,0,0
108000047,111,585,-474
108000048,80,365,-285
108000049,32,35,-3
108000050,17,200,-183
108000051,8,11,-3
108000052,126,218,-92
108000053,34,19,15
108000054,69,267,-198
108000055,31,25,6
108000056,252,425,-173
108000057,11,92,-81
108000058,22,241,-219
108000059,1168,521,647
108000060,1,9,-8
108000061,40,140,-100
108000062,11,10,1
108000063,28,224,-196
108000064,0,0,0
108000065,74,183,-109
108000066,376,73,303
108000067,50,62,-12
108000068,0,0,0
108000069,110,682,-572
108000070,0,0,0
108000071,142,969,-827
108000072,0,0,0
108000073,264,842,-578
108000074,0,0,0
108000075,44,344,-300
108000076,0,0,0
108000077,167,466,-299
108000078,33,60,-27
108000079,530,872,-342
108000080,3,25,-22
108000081,123,1189,-1066
108000082,233,646,-413
108000083,23,10,13
108000084,64,444,-380
108000085,3,4,-1
108000086,159,291,-132
108000087,2,25,-23
108000088,0,0,0
108000089,29,45,-16
108000090,14,0,14
108000091,24,258,-234
108000092,2,2,0
108000093,65,332,-267
108000094,0,0,0
108000095,70,284,-214
108000096,0,0,0
108000097,40,346,-306
108000098,42,113,-71
108000099,0,0,0
108000100,0,0,0
108000101,0,0,0
108000102,99,162,-63
108000106,0,0,0
108000107,0,303,-303
108000108,0,0,0
108000109,1,385,-384
108000110,24,71,-47
108000111,67,474,-407
108000112,0,0,0
108000113,30,10,20
108000115,70,81,-11
108000117,90,79,11
108000118,15,101,-86
108000119,71,180,-109
108000120,6,112,-106
108000121,9,255,-246
108000122,13,81,-68
108000123,5,2,3
108000124,27,377,-350
108000125,2,0,2
108000126,23,380,-357
108000127,2,3,-1
108000128,41,513,-472
108000129,27,928,-901
108000130,2,2,0
108000131,12,5,7
108000132,282,380,-98
108000133,7,7,0
108000134,140,522,-382
108000135,18,4,14
108000136,289,817,-528
108000137,6,0,6
108000138,26,171,-145
108000139,0,21,-21
108000140,26,7,19
108000141,9,103,-94
108000142,25,180,-155
108000143,15,69,-54
108000144,6,1,5
108000145,12,140,-128
108000146,9,2,7
108000147,4,121,-117
108000148,10,8,2
108000149,6,42,-36
108000150,4,1,3
108000151,0,0,0
108000152,18,130,-112
108000153,5,1,4
108000154,5,16,-11
108000155,0,2,-2
108000156,167,14,153
108000157,23,18,5
108000158,35,94,-59
108000159,35,1,34
108000160,874,158,716
108000161,741,247,494
108000165,0,8,-8
108000172,0,0,0
108000173,586,23,563
108000175,1,30,-29
108000178,129,156,-27
108000179,0,0,0
108000181,1,0,1
108000182,9,1,8
108000183,7,37,-30
108000184,141,147,-6
108000185,5,225,-220
108000186,8,8,0
108000187,6,166,-160
108000188,6,31,-25
108000189,14,48,-34
108000190,11,68,-57
108000192,21,218,-197
108000193,193,6,187
108000194,0,1,-1
108000195,5,1002,-997
108000196,2,21,-19
108000198,77,127,-50
108000199,0,91,-91
108000200,16,115,-99
108000202,2,132,-130
108000203,8,317,-309
108000204,13,4,9
108000205,126,90,36
108000339,63,27,36
108000364,4,20,-16
108000365,1,38,-37
108000367,11,37,-26
108000368,1,24,-23
108000369,523,41,482
108000371,0,315,-315
108000372,0,0,0
108000373,0,0,0
108000376,9,2,7
108000377,38,4,34
108000378,1828,1016,812
108000379,1,47,-46
108000381,0,0,0
108000382,0,0,0
108000383,0,22,-22
108900001,18,35,-17
108900002,12,4,8
108900003,55,119,-64
108900004,201,48,153
108900005,0,14,-14
108900006,61,59,2
108900007,3,17,-14
108900008,0,16,-16
108900009,6,12,-6
108900010,11,40,-29
108900011,4,49,-45
108900012,6,97,-91
108900013,3,39,-36
108900014,0,6,-6
108900015,0,1,-1
108900016,0,31,-31
108900017,0,16,-16
108900018,4,89,-85
108900019,0,244,-244
108900020,0,45,-45
108900021,3,30,-27
108900022,0,1,-1
108900023,0,2,-2
108900024,0,28,-28
108900025,0,0,0
108900026,1,10,-9
108900027,0,14,-14
108900028,0,94,-94
108900029,1,31,-30
108900030,0,26,-26
108900031,3,102,-99
108900032,1,33,-32
108900033,0,18,-18
108900034,0,24,-24
108900035,14,376,-362
108900036,30,35,-5
108900037,1,65,-64
108900038,0,56,-56
108900039,0,37,-37
108900040,2,38,-36
108900041,483,85,398
108900042,0,48,-48
108900043,3,44,-41
108900044,1,127,-126
108900045,7,86,-79
108900046,6,141,-135
108900047,0,15,-15
108900048,2,74,-72
108900049,505,39,466
108900050,0,23,-23
108900051,1,52,-51
108900052,0,51,-51
108900053,5,9,-4
108900054,0,8,-8
108900055,6,68,-62
108900056,0,53,-53
108900057,0,52,-52
108900058,1,95,-94
108900059,10,2,8
108900060,0,0,0
108900061,3,0,3
108900062,0,112,-112
108900063,1,49,-48
108900064,2,5,-3
108900065,0,23,-23
108900066,0,0,0
108900067,2,59,-57
108900068,0,17,-17
108900069,0,3,-3
108900070,7,8,-1
108900071,0,0,0
108900072,6,1,5
108900073,0,13,-13
108900074,1,49,-48
108900075,1,3,-2
108900076,0,0,0
108900077,6,12,-6
108900078,0,23,-23
108900079,18,9,9
108900080,0,0,0
108900081,3,35,-32
108900082,1,3,-2
108900083,0,0,0
108900084,39,14,25
108900085,209,8,201
108900086,1,18,-17
108900087,9,6,3
108900088,0,0,0
108900089,0,0,0
108900090,0,22,-22
108900091,17,4,13
108900092,0,1,-1
108900093,0,0,0
108900094,11,4,7
108900095,6,38,-32
108900096,24,0,24
108900097,0,112,-112
108900098,9,0,9
108900099,0,98,-98
108900100,7,17,-10
108900101,0,0,0
108900102,1,8,-7
108900103,0,0,0
108900104,42,25,17
108900105,0,4,-4
108900106,2,124,-122
108900108,0,0,0
108900109,0,0,0
108900110,0,86,-86
108900111,0,163,-163
108900112,0,0,0
108900113,1,0,1
108900114,0,0,0
108900115,0,0,0
108900116,0,0,0
108900117,0,0,0
108900118,0,0,0
108900119,0,0,0
108900120,0,0,0
108900121,0,0,0
108900122,0,0,0
108900123,0,0,0
108900124,3,0,3
108900125,0,0,0
108900126,1,1,0
108900127,0,0,0
108900128,0,0,0
108900129,0,0,0
108900130,0,0,0
108900131,1,0,1
108900132,0,0,0
108900133,0,0,0
108900134,0,0,0
108900135,0,0,0
108900136,0,0,0
108900137,1,0,1
108900138,0,0,0
108900139,0,0,0
108900140,0,0,0
108900141,0,0,0
108900142,0,0,0
108900143,0,0,0
108900144,2,0,2
108900145,0,0,0
108900146,0,0,0
108900147,3,0,3
108900148,0,0,0
108900149,65,34,31
108900150,0,0,0
108900151,0,0,0
108900152,0,14,-14
108900153,0,54,-54
108900154,0,3,-3
108900155,0,3,-3
108900156,0,0,0
108900157,0,53,-53
108900158,0,0,0
108900159,3,41,-38
108900160,0,25,-25
108900161,0,81,-81
108900162,0,0,0
108900163,0,0,0
108900164,5,7,-2
108900165,16,10,6
108900167,102,22,80
108900168,879,45,834
108900169,2,4,-2
108900171,461,172,289
108900172,0,0,0
108900173,20,7,13
108900174,0,0,0
108900176,2,75,-73
108900177,995,90,905
108900178,298,34,264
108900179,3,17,-14
108900180,0,0,0
108900182,0,3,-3
108900183,4,20,-16
108900184,0,6,-6
108900185,3,45,-42
108900186,0,48,-48
108900187,0,0,0
108900188,0,0,0
108900189,0,0,0
108900190,2,494,-492
108900191,0,0,0
108900192,3,34,-31
108900193,0,0,0
108900194,1,71,-70
108900195,1,58,-57
108900196,2,101,-99
108900198,1,94,-93
108900199,12,56,-44
108900200,48,58,-10
108900201,14,142,-128
108900203,8,0,8
108900204,2,0,2
108900205,6,0,6
108900206,0,0,0
108900207,0,0,0
108900208,3,58,-55
108900209,20,118,-98
108900210,4,14,-10
108900211,2,5,-3
108900212,22,26,-4
108900215,9,76,-67
108900216,0,10,-10
108900217,0,0,0
108900218,0,0,0
108900219,0,0,0
108900220,0,0,0
108900221,2,3,-1
108900222,0,0,0
108900223,0,3,-3
108900224,2,5,-3
108900225,0,12,-12
108900226,0,0,0
108900227,2,0,2
108900230,13,20,-7
108900231,0,35,-35
108900232,0,36,-36
108900233,0,0,0
108900234,0,0,0
108900235,9,45,-36
108900236,2,39,-37
108900237,0,25,-25
108900240,0,18,-18
108900241,0,0,0
108900245,0,0,0
108900249,0,0,0
108900250,0,10,-10
108900257,0,71,-71
108900258,0,15,-15
108900259,1,1,0
108900260,0,4,-4
108900261,4,3,1
108900262,2,3,-1
108900263,0,0,0
108900264,0,0,0
108900265,0,0,0
108900266,0,0,0
108900267,0,0,0
108900268,0,0,0
108900269,0,0,0
108900270,0,0,0
108900271,0,0,0
108900272,0,0,0
108900273,0,0,0
108900274,16,17,-1
109000001,542,128,414
109000002,3919,616,3303
109000003,354,124,230
109000004,382,1603,-1221
109000005,224,173,51
109000006,349,1299,-950
109000007,130,111,19
109000008,167,1080,-913
109000009,516,278,238
109000010,637,2348,-1711
109000011,368,295,73
109000012,748,2352,-1604
109000013,447,249,198
109000014,525,2204,-1679
109000015,546,418,128
109000016,5451,2481,2970
109000017,246,260,-14
109000018,398,2218,-1820
109000019,293,212,81
109000020,593,1247,-654
109000023,0,0,0
109000024,3,26,-23
109000025,96,44,52
109000026,125,67,58
109000027,14,42,-28
109000028,3,32,-29
109000029,37,28,9
109000030,12,220,-208
109000031,0,0,0
109000032,20,215,-195
109000033,0,0,0
109000034,4,3,1
109000035,0,0,0
109000036,8,140,-132
109000037,18,56,-38
109000038,343,171,172
109000039,78,41,37
109000040,640,164,476
109000041,3284,299,2985
109000042,131,284,-153
109000044,3,7,-4
109000045,24,317,-293
109000046,0,6,-6
109000047,12,348,-336
109000048,0,5,-5
109000049,63,550,-487
109000050,0,7,-7
109000051,124,275,-151
109000052,51,455,-404
109000053,1,6,-5
109000054,8,143,-135
109000055,9,32,-23
109000056,24,106,-82
109000057,29,19,10
109000058,99,24,75
109000059,19,127,-108
109000060,68,4,64
109000061,377,77,300
109000062,14,8,6
109000063,57,61,-4
109000064,9,1,8
109000065,8,81,-73
109000066,17,1,16
109000067,7,100,-93
109000068,0,0,0
109000069,0,0,0
109000070,1,314,-313
109000071,116,17,99
109000072,8,75,-67
109000073,12,23,-11
109000074,0,40,-40
109000075,30,409,-379
109000076,0,16,-16
109000077,50,60,-10
109000078,3,17,-14
109000079,9,73,-64
109000080,2,14,-12
109000081,1,144,-143
109000082,10,94,-84
109000083,13,216,-203
109000088,17,87,-70
109000089,38,5,33
109000090,34,105,-71
109000091,36,9,27
109000092,89,254,-165
109000093,22,9,13
109000094,17,0,17
109000095,8,198,-190
109000096,61,0,61
109000097,13,21,-8
109000098,0,0,0
109000099,40,51,-11
109000100,15,222,-207
109000101,66,133,-67
109000102,36,491,-455
109000103,44,168,-124
109000104,111,81,30
109000105,70,922,-852
109000106,202,95,107
109000107,62,761,-699
109000108,118,74,44
109000109,127,782,-655
109000110,142,111,31
109000111,268,909,-641
109000112,26,48,-22
109000113,41,97,-56
109000114,7,43,-36
109000115,41,1,40
109000116,2,123,-121
109000117,0,5,-5
109000118,0,176,-176
109000119,26,30,-4
109000120,13,608,-595
109000121,8,16,-8
109000122,18,914,-896
109000123,1,22,-21
109000124,71,142,-71
109000125,43,95,-52
109000126,80,1093,-1013
109000127,37,56,-19
109000128,53,1367,-1314
109000129,15,20,-5
109000130,184,1642,-1458
109000131,70,46,24
109000132,306,878,-572
109000133,22,390,-368
109000134,117,855,-738
109000135,161,593,-432
109000136,2,16,-14
109000137,27,72,-45
109000138,8,30,-22
109000139,33,99,-66
109000140,7,35,-28
109000141,29,178,-149
109000142,13,87,-74
109000143,2,11,-9
109000145,31,9,22
109000146,1,1,0
109000148,1269,138,1131
109000149,21,30,-9
109000150,0,0,0
109000155,57,136,-79
109000156,233,231,2
109000158,2,71,-69
109000159,10,153,-143
109000160,67,105,-38
109000161,18,389,-371
109000162,232,390,-158
109000163,44,271,-227
109000164,81,687,-606
109000165,81,161,-80
109000166,55,64,-9
109000167,15,210,-195
109000170,0,0,0
109000171,0,0,0
109000172,0,0,0
109000173,0,1,-1
109000174,0,1,-1
109000175,0,0,0
109000176,11,165,-154
109000177,0,0,0
109000178,10,56,-46
109000179,1216,264,952
109000180,1226,427,799
109000181,6,23,-17
109000182,3,21,-18
109000183,1,13,-12
109000184,4,4,0
109000185,0,21,-21
109000188,9,103,-94
109000189,144,253,-109
109000190,76,313,-237
109000191,0,0,0
109000192,0,28,-28
109000193,24,139,-115
109000194,4,5,-1
109000195,5,102,-97
109000196,4,6,-2
109000197,27,153,-126
109000198,0,4,-4
109000199,16,134,-118
109000206,26,13,13
109000207,8,15,-7
109000208,23,12,11
109000209,7,7,0
109000210,34,89,-55
109000211,10,19,-9
109000214,6,41,-35
109000215,0,2,-2
109000216,15,33,-18
109000217,27,14,13
109000218,13,13,0
109000221,8,224,-216
109000222,48,3,45
109000223,23,45,-22
109000224,3,16,-13
109000225,2,3,-1
109000226,4,49,-45
109000227,72,278,-206
109000228,1,177,-176
109000231,0,142,-142
109000232,10,114,-104
109000236,37,456,-419
109000241,203,494,-291
109000242,68,195,-127
109000293,0,0,0
109000361,3,56,-53
109000364,7,160,-153
109000396,3,264,-261
109000397,47,0,47
109000399,46,108,-62
109000400,4,145,-141
109000403,1,35,-34
109000406,22,7,15
109000407,18,19,-1
109000408,3,111,-108
109000410,203,96,107
109000411,0,0,0
109900001,0,2,-2
109900002,0,0,0
109900003,0,0,0
109900004,22,35,-13
109900005,0,1,-1
109900006,0,27,-27
109900007,2,226,-224
109900008,0,8,-8
109900009,15,201,-186
109900010,0,0,0
109900011,4,6,-2
109900012,13,22,-9
109900013,21,7,14
109900014,3,1,2
109900015,16,7,9
109900016,5,12,-7
109900017,5,6,-1
109900018,6,29,-23
109900019,7,14,-7
109900020,0,0,0
109900021,0,0,0
109900022,0,39,-39
109900023,0,0,0
109900024,0,1,-1
109900025,1,15,-14
109900026,0,12,-12
109900027,1,0,1
109900028,191,31,160
109900029,0,55,-55
109900030,0,0,0
109900031,1,22,-21
109900032,1,40,-39
109900033,0,5,-5
109900034,0,0,0
109900035,0,3,-3
109900036,1,15,-14
109900037,1,111,-110
109900038,0,1,-1
109900039,0,0,0
109900040,2,154,-152
109900041,2,83,-81
109900042,3,82,-79
109900044,1,21,-20
109900045,0,17,-17
109900046,0,0,0
109900047,18,29,-11
109900048,7,19,-12
109900049,0,5,-5
109900050,0,88,-88
109900051,0,8,-8
109900052,2,62,-60
109900053,3,79,-76
109900054,0,0,0
109900055,4,64,-60
109900056,0,0,0
109900057,0,26,-26
109900058,0,20,-20
109900059,0,0,0
109900060,0,0,0
109900061,32,77,-45
109900062,0,31,-31
109900063,0,15,-15
109900064,16,5,11
109900065,12,35,-23
109900066,22,179,-157
109900067,0,73,-73
109900068,0,0,0
109900069,2,3,-1
109900070,20,50,-30
109900071,0,5,-5
109900072,1,35,-34
109900073,1,84,-83
109900074,0,22,-22
109900075,0,0,0
109900076,1,41,-40
109900077,12,21,-9
109900078,5,67,-62
109900080,2,41,-39
109900081,0,3,-3
109900082,3,64,-61
109900083,1,4,-3
109900084,1,21,-20
109900085,5,90,-85
109900086,0,0,0
109900087,14,65,-51
109900089,0,0,0
109900090,20,72,-52
109900091,0,0,0
109900092,0,0,0
109900093,0,0,0
109900094,2,14,-12
109900095,0,2,-2
109900096,0,0,0
109900097,0,0,0
109900098,0,0,0
109900099,0,0,0
109900100,0,0,0
109900101,0,0,0
109900102,0,0,0
109900103,2,2,0
109900104,0,376,-376
109900105,0,0,0
109900106,0,0,0
109900107,0,0,0
109900108,7,124,-117
109900109,1,63,-62
109900110,1,21,-20
109900111,7,67,-60
109900112,13,71,-58
109900113,0,0,0
109900114,2,0,2
109900115,0,0,0
109900117,0,0,0
109900118,11,82,-71
109900119,77,74,3
109900120,0,0,0
109900121,28,8,20
109900122,0,0,0
109900123,1,21,-20
109900124,2,56,-54
109900125,1,29,-28
109900126,0,14,-14
109900128,0,0,0
109900130,232,7,225
109900131,0,0,0
109900132,0,0,0
109900133,0,0,0
109900134,0,0,0
109900135,26,5,21
109900136,3,13,-10
109900137,0,0,0
109900138,0,0,0
109900140,4,77,-73
109900142,57,34,23
109900145,0,12,-12
109900146,8,5,3
109900148,4,16,-12
109900149,2,10,-8
109900150,1,16,-15
109900151,0,10,-10
109900152,0,3,-3
109900153,0,12,-12
109900154,0,0,0
109900155,0,0,0
109900157,10,47,-37
109900158,10,17,-7
109900159,8,2,6
109900160,4,4,0
109900161,8,7,1
109900162,9,6,3
109900163,21,10,11
109900164,1,70,-69
109900165,5,0,5
109900166,1,20,-19
109900167,5,124,-119
109900168,2,91,-89
109900169,16,50,-34
109900170,14,30,-16
109900171,6,5,1
109900172,12,12,0
109900173,712,77,635
109900174,1,19,-18
109900175,1,49,-48
109900176,20,55,-35
109900177,7,123,-116
109900178,0,20,-20
109900179,0,0,0
109900180,0,0,0
110000001,185,272,-87
110000002,57,70,-13
110000003,846,396,450
110000004,209,100,109
110000005,431,214,217
110000006,67,137,-70
110000007,2,22,-20
110000008,0,42,-42
110000009,0,0,0
110000010,5,38,-33
110000011,0,17,-17
110000012,265,186,79
110000013,10,56,-46
110000014,191,50,141
110000015,24,38,-14
110000016,91,131,-40
110000017,202,38,164
110000018,924,84,840
110000019,0,48,-48
110000020,107,100,7
110000021,23,12,11
110000022,61,14,47
110000023,1,51,-50
110000024,241,185,56
110000025,4,0,4
110000026,2,147,-145
110000027,63,47,16
110000028,45,83,-38
110000029,85,380,-295
110000030,9,17,-8
110000031,66,235,-169
110000032,22,38,-16
110000033,7,11,-4
110000034,60,328,-268
110000035,34,201,-167
110000036,59,221,-162
110000037,10,139,-129
110000038,78,121,-43
110000039,114,123,-9
110000040,54,89,-35
110000041,0,0,0
110000042,17,87,-70
110000043,0,0,0
110000044,2,9,-7
110000045,0,0,0
110000046,1,4,-3
110000047,0,0,0
110000048,1,1,0
110000049,0,0,0
110000050,0,1,-1
110000051,0,0,0
110000052,0,0,0
110000053,0,0,0
110000054,11,41,-30
110000055,0,0,0
110000056,0,0,0
110000057,95,379,-284
110000058,61,81,-20
110000059,191,311,-120
110000060,74,100,-26
110000061,491,557,-66
110000062,184,139,45
110000063,10,35,-25
110000064,0,0,0
110000065,5,31,-26
110000066,4,12,-8
110000067,0,0,0
110000068,0,0,0
110000069,7,47,-40
110000071,6,50,-44
110000073,0,13,-13
110000075,3,60,-57
110000076,20,8,12
110000077,49,28,21
110000078,4,9,-5
110000080,61,241,-180
110000081,4,51,-47
110000082,4,78,-74
110000083,87,244,-157
110000084,54,96,-42
110000085,1452,459,993
110000086,93,236,-143
110000087,1,21,-20
110000088,1,134,-133
110000089,17,21,-4
110000090,7,67,-60
110000091,515,127,388
110000092,3,12,-9
110000093,26,0,26
110000094,123,179,-56
110000095,12,103,-91
110000096,1053,471,582
110000097,223,179,44
110000098,126,73,53
110000099,133,476,-343
110000100,5,148,-143
110000101,0,127,-127
110000102,14,7,7
110000104,12,9,3
110000105,4,36,-32
110000106,40,31,9
110000107,53,42,11
110000108,31,0,31
110000109,34,172,-138
110000110,633,225,408
110000111,2889,704,2185
110000112,217,63,154
110000113,147,105,42
110000114,7,58,-51
110000115,18,32,-14
110000116,5,7,-2
110000117,3,220,-217
110000118,28,67,-39
110000119,10,207,-197
110000120,48,26,22
110000121,4,112,-108
110000122,50,210,-160
110000123,24,67,-43
110000124,2,346,-344
110000125,0,0,0
110000126,0,0,0
110000127,0,0,0
110000128,3,818,-815
110000129,1,260,-259
110000130,0,0,0
110000131,55,169,-114
110000132,1,382,-381
110000133,15,74,-59
110000134,7,104,-97
110000135,0,0,0
110000136,10,103,-93
110000137,5,95,-90
110000138,21,270,-249
110000139,24,192,-168
110000140,0,0,0
110000143,56,36,20
110000144,1010,299,711
110000145,267,150,117
110000146,611,171,440
110000147,37,247,-210
110000148,0,0,0
110000151,37,26,11
110000152,69,104,-35
110000153,5,32,-27
110000154,0,0,0
110000155,502,839,-337
110000156,161,450,-289
110000157,578,551,27
110000160,59,100,-41
110000161,37,114,-77
110000166,9,2,7
110000167,64,88,-24
110000168,142,43,99
110000169,32,29,3
110000170,6,4,2
110000171,11,14,-3
110000172,22,454,-432
110000173,206,440,-234
110000174,22,425,-403
110000175,0,0,0
110000176,0,0,0
110000177,1,51,-50
110000178,530,195,335
110000179,332,121,211
110000180,24,70,-46
110000181,43,112,-69
110000182,166,75,91
110000183,1276,662,614
110000184,40,147,-107
110000185,109,276,-167
110000186,140,126,14
110000191,3,137,-134
110000192,9,0,9
110000193,8,0,8
110000194,2,526,-524
110000195,10,27,-17
110000196,25,133,-108
110000197,4,15,-11
110000198,4,2,2
110000199,9,54,-45
110000200,121,244,-123
110000201,32,92,-60
110000202,160,108,52
110000203,43,284,-241
110000204,1,116,-115
110000205,3,7,-4
110000206,16,492,-476
110000207,30,72,-42
110000208,9,16,-7
110000209,35,327,-292
110000210,0,0,0
110000211,0,0,0
110000212,20,76,-56
110000213,1,6,-5
110000214,7,25,-18
110000215,9,226,-217
110000216,5,212,-207
110000217,12,25,-13
110000218,8,230,-222
110000219,5,5,0
110000220,6,160,-154
110000221,9,10,-1
110000222,6,130,-124
110000223,0,1,-1
110000224,2,2,0
110000225,40,164,-124
110000226,10,6,4
110000227,76,96,-20
110000228,15,4,11
110000229,0,86,-86
110000230,46,84,-38
110000231,9,32,-23
110000232,7,149,-142
110000233,5,54,-49
110000234,14,83,-69
110000235,55,208,-153
110000236,132,491,-359
110000237,319,445,-126
110000238,62,296,-234
110000239,114,449,-335
110000240,1,65,-64
110000242,0,48,-48
110000243,19,55,-36
110000244,12,130,-118
110000245,6,128,-122
110000246,51,171,-120
110000247,213,1003,-790
110000248,11,462,-451
110000249,0,0,0
110000250,1,50,-49
110000251,12,93,-81
110000252,12,137,-125
110000253,43,41,2
110000254,139,556,-417
110000255,24,464,-440
110000256,20,8,12
110000257,73,182,-109
110000258,1,73,-72
110000259,10,4,6
110000260,6,91,-85
110000263,59,16,43
110000264,42,117,-75
110000265,360,342,18
110000266,438,443,-5
110000267,13,107,-94
110000268,2,44,-42
110000269,1,40,-39
110000270,0,0,0
110000271,21,6,15
110000272,158,350,-192
110000273,420,457,-37
110000274,27,167,-140
110000275,812,135,677
110000276,23,84,-61
110000277,26,108,-82
110000278,38,315,-277
110000279,5,155,-150
110000280,4,97,-93
110000281,4,69,-65
110000282,9,20,-11
110000283,1,5,-4
110000284,3,4,-1
110000285,0,100,-100
110000286,0,0,0
110000287,0,0,0
110000288,0,24,-24
110000289,34,343,-309
110000290,435,235,200
110000291,1628,430,1198
110000292,392,436,-44
110000293,29,332,-303
110000294,51,257,-206
110000295,4,248,-244
110000296,24,150,-126
110000297,388,172,216
110000298,48,183,-135
110000299,0,0,0
110000301,0,0,0
110000302,29,470,-441
110000303,0,0,0
110000304,26,86,-60
110000305,2,1,1
110000306,19,982,-963
110000307,16,0,16
110000308,14,17,-3
110000309,2,698,-696
110000310,38,14,24
110000311,4,465,-461
110000312,21,3,18
110000313,348,655,-307
110000314,0,125,-125
110000315,686,488,198
110000316,196,568,-372
110000317,143,129,14
110000318,1,48,-47
110000319,0,0,0
110000320,3,38,-35
110000321,0,0,0
110000322,11,95,-84
110000323,35,128,-93
110000324,2090,699,1391
110000325,9,34,-25
110000327,0,67,-67
110000328,68,321,-253
110000333,0,6,-6
110000334,57,515,-458
110000335,66,105,-39
110000336,69,577,-508
110000337,82,72,10
110000338,3,71,-68
110000339,5,76,-71
110000340,1,49,-48
110000341,39,332,-293
110000342,0,0,0
110000343,0,25,-25
110000344,7,63,-56
110000345,3,4,-1
110000346,569,449,120
110000347,188,29,159
110000348,0,15,-15
110000349,0,3,-3
110000350,0,0,0
110000351,39,255,-216
110000352,49,721,-672
110000353,666,256,410
110000354,120,712,-592
110000355,0,38,-38
110000356,0,0,0
110000357,47,6,41
110000361,7,24,-17
110000362,0,0,0
110000363,7,19,-12
110000364,0,69,-69
110000365,0,0,0
110000366,0,40,-40
110000367,45,144,-99
110000368,0,35,-35
110000369,0,0,0
110000373,2,123,-121
110000374,2,0,2
110000375,11,275,-264
110000376,13,52,-39
110000377,0,0,0
110000378,11,151,-140
110000379,783,336,447
110000380,0,1,-1
110000383,0,125,-125
110000384,1,26,-25
110000385,0,104,-104
110000387,0,12,-12
110000388,5,123,-118
110000389,19,20,-1
110000391,1,114,-113
110000396,11,68,-57
110000397,1,12,-11
110000398,0,9,-9
110000399,0,1,-1
110000587,0,0,0
110000589,0,6,-6
110000640,29,16,13
110000652,2,26,-24
110000653,17,224,-207
110000654,0,5,-5
110000656,0,203,-203
110000674,2,3,-1
110000675,1,3,-2
110000676,0,20,-20
110000679,299,187,112
110000682,0,0,0
110000683,12,19,-7
110000684,0,23,-23
110000685,0,0,0
110000686,0,7,-7
110000687,0,0,0
110000688,23,9,14
110000689,4,22,-18
110000692,12,33,-21
110000693,4,89,-85
110000694,0,127,-127
110000695,33,372,-339
110000696,0,0,0
110900001,0,1,-1
110900002,0,31,-31
110900003,1,224,-223
110900004,0,53,-53
110900005,357,31,326
110900006,0,0,0
110900007,0,0,0
110900008,0,1,-1
110900009,0,0,0
110900010,0,14,-14
110900011,1,8,-7
110900012,0,23,-23
110900013,0,0,0
110900014,0,0,0
110900015,0,0,0
110900016,1,22,-21
110900017,0,0,0
110900018,0,0,0
110900019,0,0,0
110900020,2,94,-92
110900021,3,146,-143
110900022,5,68,-63
110900023,10,105,-95
110900024,2,138,-136
110900025,1,15,-14
110900027,1,21,-20
110900028,1,12,-11
110900029,10,114,-104
110900030,1,26,-25
110900031,0,38,-38
110900032,0,18,-18
110900033,5,55,-50
110900035,1,61,-60
110900036,1,2,-1
110900037,1,0,1
110900038,37,3,34
110900039,1,40,-39
110900040,5,1,4
110900041,0,39,-39
110900042,0,0,0
110900043,1,38,-37
110900044,0,0,0
110900045,2,135,-133
110900046,19,73,-54
110900047,0,0,0
110900049,0,4,-4
110900050,1,0,1
110900051,0,16,-16
110900052,1,30,-29
110900053,0,0,0
110900054,2,63,-61
110900055,1,0,1
110900056,11,6,5
110900057,0,35,-35
110900058,0,0,0
110900059,52,162,-110
110900060,4,0,4
110900061,1,2,-1
110900062,0,0,0
110900063,0,10,-10
110900064,0,0,0
110900065,15,4,11
110900066,0,18,-18
110900067,0,0,0
110900068,21,36,-15
110900069,2,5,-3
110900070,6,5,1
110900071,0,0,0
110900073,0,4,-4
110900074,0,18,-18
110900075,2,3,-1
110900077,1,0,1
110900078,0,25,-25
110900079,53,14,39
110900080,0,0,0
110900081,0,16,-16
110900082,0,0,0
110900083,0,0,0
110900084,0,39,-39
110900085,4,115,-111
110900086,0,0,0
110900087,0,0,0
110900088,0,0,0
110900090,0,0,0
110900091,0,0,0
110900093,0,0,0
110900095,1,6,-5
110900097,0,1,-1
110900098,2,14,-12
110900099,7,93,-86
110900100,0,2,-2
110900102,0,7,-7
110900105,115,68,47
110900108,0,5,-5
110900111,16,6,10
110900112,0,0,0
110900113,0,0,0
110900115,0,0,0
110900116,17,616,-599
110900118,4,17,-13
110900119,1063,31,1032
110900120,0,32,-32
110900121,0,0,0
110900122,1,1,0
110900125,0,3,-3
110900127,38,157,-119
110900128,4,17,-13
110900129,0,0,0
110900130,46,8,38
110900131,0,0,0
110900132,1,0,1
110900133,3,37,-34
110900135,6,87,-81
110900136,0,0,0
110900137,0,0,0
110900138,0,135,-135
110900139,0,7,-7
110900140,0,0,0
110900141,0,9,-9
110900142,0,19,-19
110900143,0,0,0
110900144,1,251,-250
110900145,0,0,0
110900146,11,0,11
110900147,41,95,-54
110900148,0,121,-121
110900149,0,8,-8
110900150,2,5,-3
110900151,2,20,-18
110900152,1,88,-87
110900153,0,0,0
111000001,238,77,161
111000002,243,351,-108
111000003,107,133,-26
111000004,198,527,-329
111000005,109,180,-71
111000006,376,672,-296
111000007,756,465,291
111000008,1672,852,820
111000009,269,515,-246
111000010,170,146,24
111000011,517,492,25
111000012,273,101,172
111000013,153,685,-532
111000014,161,145,16
111000017,39,197,-158
111000018,69,107,-38
111000020,848,1055,-207
111000021,0,0,0
111000023,0,0,0
111000025,1835,569,1266
111000029,9,40,-31
111000030,24,21,3
111000031,77,31,46
111000032,30,19,11
111000033,0,0,0
111000034,54,172,-118
111000037,591,264,327
111000038,336,529,-193
111000039,135,449,-314
111000040,188,546,-358
111000041,135,262,-127
111000042,1698,398,1300
111000043,0,0,0
111000044,0,0,0
111000045,27,32,-5
111000046,6,24,-18
111000047,103,149,-46
111000049,67,255,-188
111000050,596,819,-223
111000051,154,573,-419
111000052,224,557,-333
111000053,135,426,-291
111000054,120,456,-336
111000055,250,925,-675
111000056,41,201,-160
111000057,21,245,-224
111000058,19,56,-37
111000059,32,94,-62
111000060,93,114,-21
111000061,60,73,-13
111000062,33,88,-55
111000063,95,131,-36
111000064,42,67,-25
111000065,62,94,-32
111000066,60,113,-53
111000067,57,245,-188
111000068,50,191,-141
111000069,563,709,-146
111000070,903,490,413
111000071,43,442,-399
111000072,0,0,0
111000073,0,0,0
111000074,0,0,0
111000075,0,0,0
111000076,0,0,0
111000077,121,149,-28
111000078,466,516,-50
111000079,244,206,38
111000080,71,161,-90
111000081,912,584,328
111000082,102,197,-95
111000084,108,173,-65
111000085,112,150,-38
111000086,115,164,-49
111000087,85,151,-66
111000088,143,171,-28
111000089,94,280,-186
111000090,372,392,-20
111000091,150,272,-122
111000092,224,367,-143
111000093,47,200,-153
111000094,151,236,-85
111000095,57,396,-339
111000096,483,2054,-1571
111000097,2479,269,2210
111000098,140,468,-328
111000099,99,1054,-955
111000100,78,910,-832
111000101,130,345,-215
111000102,20,400,-380
111000104,0,0,0
111000107,20,350,-330
111000109,0,0,0
111000110,28,9,19
111000111,49,12,37
111000112,40,9,31
111000113,25,7,18
111000114,51,30,21
111000115,1646,150,1496
111000116,100,101,-1
111000117,58,201,-143
111000118,242,134,108
111000119,150,324,-174
111000120,54,108,-54
111000121,25,150,-125
111000122,92,408,-316
111000123,76,1062,-986
111000124,85,1290,-1205
111000125,54,795,-741
111000126,9,374,-365
111000127,0,0,0
111000128,0,0,0
111000129,0,0,0
111000130,42,91,-49
111000131,36,52,-16
111000132,0,0,0
111000133,8,16,-8
111000134,4,18,-14
111000135,6,62,-56
111000136,11,38,-27
111000138,0,0,0
111000140,0,2,-2
111000141,26,170,-144
111000142,3,54,-51
111000143,1,43,-42
111000144,1,57,-56
111000145,0,0,0
111000146,0,0,0
111000147,0,0,0
111000148,4,42,-38
111000149,3,16,-13
111000150,1,1,0
111000151,4,7,-3
111000153,55,111,-56
111000154,22,65,-43
111000155,5,72,-67
111000156,0,0,0
111000157,0,0,0
111000158,0,0,0
111000159,0,0,0
111000160,0,0,0
111000161,0,0,0
111000162,4,40,-36
111000163,78,204,-126
111000164,273,548,-275
111000165,334,158,176
111000166,239,112,127
111000167,41,128,-87
111000168,34,56,-22
111000169,13,67,-54
111000170,51,75,-24
111000171,35,173,-138
111000172,10,124,-114
111000173,28,318,-290
111000174,7,148,-141
111000175,4,87,-83
111000176,10,67,-57
111000177,17,88,-71
111000178,62,137,-75
111000179,6,57,-51
111000180,37,72,-35
111000181,50,83,-33
111000182,7,46,-39
111000183,14,25,-11
111000184,11,37,-26
111000185,30,216,-186
111000186,24,103,-79
111000187,9,128,-119
111000188,15,137,-122
111000189,410,181,229
111000190,46,202,-156
111000191,37,195,-158
111000192,71,261,-190
111000193,119,211,-92
111000194,3,163,-160
111000195,10,146,-136
111000196,1,98,-97
111000197,0,0,0
111000198,0,0,0
111000199,0,0,0
111000200,0,0,0
111000201,0,0,0
111000202,0,0,0
111000203,0,0,0
111000204,0,0,0
111000213,0,26,-26
111000214,83,304,-221
111000215,92,336,-244
111000217,90,154,-64
111000218,113,229,-116
111000219,93,172,-79
111000220,21,251,-230
111000221,0,0,0
111000224,4,122,-118
111000225,11,20,-9
111000226,0,0,0
111000227,0,0,0
111000228,8,57,-49
111000229,12,90,-78
111000230,0,0,0
111000231,1,6,-5
111000232,64,393,-329
111000233,88,326,-238
111000234,10,120,-110
111000239,71,92,-21
111000240,0,0,0
111000241,8,223,-215
111000242,0,0,0
111000243,16,554,-538
111000244,0,0,0
111000245,3,5,-2
111000246,4,22,-18
111000247,41,599,-558
111000248,13,29,-16
111000249,137,389,-252
111000250,2,32,-30
111000251,3,21,-18
111000253,0,0,0
111000255,0,0,0
111000257,0,0,0
111000260,34,528,-494
111000261,20,0,20
111000271,5,92,-87
111000273,1271,221,1050
111000274,208,467,-259
111000275,0,0,0
111000276,56,623,-567
111000277,36,125,-89
111000278,45,40,5
111000291,19,178,-159
111000298,15,17,-2
111000299,0,0,0
111000300,3,98,-95
111000302,11,9,2
111000303,14,45,-31
111000312,3,8,-5
111000315,1,112,-111
111000320,57,103,-46
111000321,22,4,18
111000322,9,79,-70
111000323,4,1,3
111000324,0,0,0
111000325,1,25,-24
111000326,6,100,-94
111000327,23,86,-63
111000328,37,93,-56
111000329,0,23,-23
111000330,0,0,0
111000331,2,0,2
111000332,55,205,-150
111000334,73,571,-498
111000335,55,52,3
111000337,63,275,-212
111000338,3,71,-68
111000339,44,297,-253
111000340,4,307,-303
111000341,71,63,8
111000342,5,93,-88
111000344,115,139,-24
111000345,0,0,0
111000346,8,57,-49
111000347,15,3,12
111000350,11,1,10
111000351,15,43,-28
111000352,12,1,11
111000353,4,36,-32
111000354,10,0,10
111000355,27,137,-110
111000358,9,650,-641
111000360,2,358,-356
111000361,4,140,-136
111000546,62,367,-305
111000547,2,121,-119
111000548,38,123,-85
111000549,8,46,-38
111000550,15,109,-94
111000551,83,18,65
111000552,6,4,2
111000907,0,13,-13
111000908,0,0,0
111000916,112,158,-46
111000917,11,148,-137
111000918,10,332,-322
111000920,0,0,0
111000921,4,156,-152
111000922,53,208,-155
111000924,2,515,-513
111000925,173,433,-260
111000926,392,1455,-1063
111000927,1108,961,147
111000928,3763,1607,2156
111000929,148,216,-68
111000930,236,1234,-998
111000931,224,363,-139
111000932,1631,1231,400
111000933,342,195,147
111000934,924,1417,-493
111000935,74,203,-129
111000936,190,939,-749
111000937,123,109,14
111000938,350,1106,-756
111000939,0,0,0
111000940,30,77,-47
111000941,0,74,-74
111000943,11,65,-54
111000944,3,107,-104
111000945,2,1304,-1302
111001109,8,9,-1
111001110,36,403,-367
111001111,3,0,3
111001112,13,0,13
111001113,2,68,-66
111001114,0,0,0
111001115,10,165,-155
111001116,510,74,436
111001117,423,370,53
111001120,9,67,-58
111001121,20,76,-56
111001122,36,180,-144
111001123,0,0,0
111900001,0,16,-16
111900002,0,49,-49
111900003,0,22,-22
111900004,0,7,-7
111900006,0,0,0
111900007,0,0,0
111900008,0,0,0
111900009,0,11,-11
111900010,52,77,-25
111900012,23,8,15
111900013,0,7,-7
111900014,833,74,759
111900015,0,21,-21
111900016,0,39,-39
111900017,0,34,-34
111900018,0,0,0
111900019,2,10,-8
111900020,1,5,-4
111900021,3,12,-9
111900022,1,6,-5
111900023,23,3,20
111900024,0,21,-21
111900025,0,6,-6
111900026,0,14,-14
111900027,0,20,-20
111900028,1,153,-152
111900029,0,5,-5
111900030,0,0,0
111900031,1,36,-35
111900032,0,115,-115
111900033,0,4,-4
111900034,0,0,0
111900035,0,24,-24
111900036,0,109,-109
111900038,0,0,0
111900039,2,87,-85
111900040,1,142,-141
111900042,3,6,-3
111900043,0,90,-90
111900044,0,0,0
111900046,13,36,-23
111900048,2,260,-258
111900049,5,66,-61
111900050,0,1,-1
111900051,0,55,-55
111900052,60,109,-49
111900053,0,0,0
111900054,9,0,9
111900055,10,163,-153
111900056,0,0,0
111900057,0,9,-9
111900058,5,203,-198
111900059,0,0,0
111900060,10,1,9
111900061,1,59,-58
111900062,0,0,0
111900063,4,8,-4
111900064,19,54,-35
111900065,0,0,0
111900066,0,0,0
111900067,0,46,-46
111900068,0,0,0
111900069,0,0,0
111900070,0,0,0
111900071,1,41,-40
111900072,0,0,0
111900073,4,1,3
111900074,0,6,-6
111900075,0,0,0
111900076,0,1,-1
111900077,0,0,0
111900078,0,0,0
111900079,0,0,0
111900080,0,0,0
111900081,0,0,0
111900082,3,0,3
111900083,3,11,-8
111900084,0,0,0
111900085,0,0,0
111900086,1,1,0
111900087,0,0,0
111900088,3,0,3
111900089,0,0,0
111900090,0,0,0
111900091,2,0,2
111900092,0,0,0
111900093,2,0,2
111900094,0,0,0
111900095,0,0,0
111900096,2,0,2
111900097,0,0,0
111900098,1,0,1
111900099,0,0,0
111900100,0,0,0
111900101,0,0,0
111900102,2,123,-121
111900103,0,0,0
111900104,0,0,0
111900105,0,0,0
111900106,96,4,92
111900107,2,0,2
111900108,3,8,-5
111900109,4,5,-1
111900110,225,10,215
111900111,0,14,-14
111900112,0,0,0
111900113,0,1,-1
111900114,1,1,0
111900115,0,0,0
111900118,0,0,0
111900119,0,0,0
111900122,0,0,0
111900123,0,0,0
111900124,0,4,-4
111900125,0,0,0
111900126,0,0,0
111900127,0,0,0
111900128,0,0,0
111900129,0,0,0
111900130,0,0,0
111900131,0,0,0
111900132,0,0,0
111900133,0,0,0
111900134,8,51,-43
111900135,0,0,0
111900136,0,0,0
111900137,4,5,-1
111900138,0,21,-21
111900139,9,17,-8
111900140,0,0,0
111900141,0,0,0
111900142,0,0,0
111900143,0,58,-58
111900144,0,32,-32
111900145,0,122,-122
111900146,1,42,-41
111900147,16,60,-44
111900148,1,42,-41
111900149,0,23,-23
111900150,0,13,-13
111900151,0,2,-2
111900152,8,0,8
111900153,4,0,4
111900154,0,0,0
111900155,0,0,0
111900156,0,0,0
111900157,0,0,0
111900158,0,0,0
111900159,0,0,0
111900160,0,0,0
111900161,0,0,0
111900162,0,0,0
111900163,0,0,0
111900164,0,0,0
111901113,0,31,-31
111901114,0,10,-10
111901115,0,0,0
111901116,0,0,0
111901117,0,0,0
111901118,0,0,0
111901119,11,0,11
111901120,0,5,-5
111901121,23,44,-21
111901122,1,124,-123
111901123,0,80,-80
111901124,0,0,0
111901125,0,0,0
111901126,0,0,0
111901127,0,0,0
111901128,0,0,0
111901129,0,0,0
111901130,0,2,-2
111901131,0,40,-40
111901132,0,0,0
111901133,0,0,0
111901134,0,0,0
111901135,0,0,0
111901136,0,0,0
111901137,0,0,0
111901138,0,0,0
111901139,0,0,0
111901140,0,0,0
111901141,0,0,0
111901142,0,0,0
111901143,0,0,0
111901144,0,0,0
111901145,0,0,0
111901146,2,0,2
112000001,246,222,24
112000002,331,973,-642
112000003,151,206,-55
112000004,146,674,-528
112000005,356,316,40
112000006,442,840,-398
112000007,158,180,-22
112000008,324,488,-164
112000009,798,1135,-337
112000010,233,344,-111
112000011,400,976,-576
112000012,479,404,75
112000013,2589,1279,1310
112000014,140,113,27
112000015,603,720,-117
112000016,133,201,-68
112000017,244,515,-271
112000024,625,278,347
112000026,1513,2176,-663
112000027,6,16,-10
112000028,544,1040,-496
112000029,39,36,3
112000030,90,47,43
112000031,364,391,-27
112000032,402,32,370
112000033,533,107,426
112000034,105,17,88
112000035,17,112,-95
112000036,78,53,25
112000037,23,249,-226
112000038,58,126,-68
112000039,0,0,0
112000040,19,45,-26
112000041,19,76,-57
112000042,151,99,52
112000050,0,0,0
112000051,21,56,-35
112000054,517,466,51
112000057,120,75,45
112000058,117,53,64
112000059,1,3,-2
112000061,2054,568,1486
112000062,1123,72,1051
112000063,110,123,-13
112000064,2250,2119,131
112000065,800,1005,-205
112000066,0,1,-1
112000067,161,239,-78
112000068,0,1,-1
112000069,98,1215,-1117
112000070,51,20,31
112000071,113,1429,-1316
112000072,66,35,31
112000073,156,471,-315
112000074,5,91,-86
112000075,13,75,-62
112000076,362,486,-124
112000077,65,261,-196
112000078,57,223,-166
112000079,179,492,-313
112000080,33,247,-214
112000081,493,641,-148
112000082,40,29,11
112000083,183,459,-276
112000084,50,12,38
112000085,108,415,-307
112000086,22,28,-6
112000087,27,269,-242
112000088,4,22,-18
112000089,19,156,-137
112000090,7,13,-6
112000091,152,679,-527
112000092,74,98,-24
112000093,384,618,-234
112000094,35,88,-53
112000095,88,363,-275
112000096,6,101,-95
112000097,6,11,-5
112000098,155,622,-467
112000099,19,7,12
112000100,73,28,45
112000101,98,463,-365
112000102,26,13,13
112000103,72,618,-546
112000105,101,841,-740
112000106,40,25,15
112000107,0,0,0
112000108,13,202,-189
112000109,0,0,0
112000110,62,24,38
112000111,264,2567,-2303
112000112,82,24,58
112000113,392,1372,-980
112000114,31,26,5
112000115,8,89,-81
112000116,7,108,-101
112000117,7,97,-90
112000118,109,362,-253
112000119,86,380,-294
112000120,21,183,-162
112000121,0,0,0
112000122,0,0,0
112000123,0,0,0
112000124,0,0,0
112000125,0,0,0
112000126,0,0,0
112000127,385,95,290
112000128,199,63,136
112000129,2,59,-57
112000130,4,15,-11
112000131,0,109,-109
112000132,2,202,-200
112000133,0,90,-90
112000134,30,132,-102
112000135,48,14,34
112000136,134,396,-262
112000137,16,13,3
112000138,183,533,-350
112000139,0,0,0
112000140,110,337,-227
112000141,0,0,0
112000142,37,347,-310
112000143,0,0,0
112000144,35,659,-624
112000145,0,0,0
112000146,172,1075,-903
112000147,0,0,0
112000148,108,787,-679
112000149,0,0,0
112000150,13,128,-115
112000151,0,0,0
112000152,36,73,-37
112000153,2,19,-17
112000154,6,20,-14
112000155,15,1,14
112000157,89,79,10
112000158,8,44,-36
112000159,18,81,-63
112000167,12,0,12
112000169,12,32,-20
112000173,3,59,-56
112000175,6,34,-28
112000176,1649,780,869
112000177,6,8,-2
112000178,0,10,-10
112000179,4,13,-9
112000180,32,77,-45
112000181,222,763,-541
112000182,19,390,-371
112000183,0,0,0
112000184,0,0,0
112000185,25,101,-76
112000187,460,744,-284
112000195,0,0,0
112000196,0,0,0
112000197,0,0,0
112000198,0,9,-9
112000199,44,36,8
112000202,0,1,-1
112000216,7,12,-5
112000230,0,0,0
112000231,0,13,-13
112000256,0,0,0
112000313,16,34,-18
112000314,0,1,-1
112000337,9,243,-234
112000352,9,13,-4
112000392,403,165,238
112000398,68,83,-15
112000399,15,38,-23
112000400,369,1190,-821
112000401,1208,856,352
112000402,145,229,-84
112000403,29,89,-60
112000404,46,65,-19
112000405,82,221,-139
112000406,780,1204,-424
112000407,454,501,-47
112000408,3159,2253,906
112000409,341,1670,-1329
112000410,0,0,0
112000411,343,32,311
112000412,121,51,70
112000413,226,27,199
112000414,9,24,-15
112000415,0,0,0
112000416,165,102,63
112000417,0,0,0
112000421,4,28,-24
112000422,18,43,-25
112000424,227,233,-6
112000425,99,445,-346
112000426,6,67,-61
112000427,0,0,0
112000428,1,39,-38
112000429,359,742,-383
112000430,601,1201,-600
112000431,0,0,0
112000432,100,876,-776
112000433,121,76,45
112000437,1,38,-37
112900001,0,0,0
112900002,0,0,0
112900003,4,27,-23
112900004,1,69,-68
112900005,0,61,-61
112900006,1,145,-144
112900007,0,0,0
112900008,0,0,0
112900009,0,0,0
112900010,1,123,-122
112900011,29,16,13
112900012,0,17,-17
112900013,0,0,0
112900014,0,45,-45
112900015,101,458,-357
112900016,3,70,-67
112900017,0,0,0
112900018,0,102,-102
112900019,5,10,-5
112900020,204,722,-518
112900021,1,68,-67
112900022,0,0,0
112900023,0,39,-39
112900024,3,27,-24
112900025,0,0,0
112900026,0,57,-57
112900027,0,0,0
112900028,5,15,-10
112900029,0,0,0
112900030,31,56,-25
112900031,0,0,0
112900032,10,25,-15
112900034,0,0,0
112900035,0,0,0
112900036,18,9,9
112900037,0,0,0
112900038,0,18,-18
112900039,0,0,0
112900040,0,11,-11
112900041,193,83,110
112900042,1,63,-62
112900043,1,5,-4
112900044,29,47,-18
112900045,0,0,0
112900046,5,0,5
112900047,1,1,0
112900049,0,6,-6
112900050,36,151,-115
112900051,100,203,-103
112900052,1,154,-153
112900053,15,63,-48
112900054,2,1,1
112900055,0,0,0
112900056,0,0,0
112900057,1,149,-148
112900058,9,2,7
112900059,4,5,-1
112900060,0,34,-34
112900061,4,6,-2
112900062,5,9,-4
112900063,0,0,0
112900064,11,12,-1
112900065,0,0,0
112900066,4,4,0
112900067,65,11,54
112900068,0,0,0
112900069,182,9,173
112900071,0,0,0
112900072,13,9,4
112900073,2,2,0
112900074,0,0,0
112900075,3,6,-3
112900076,0,0,0
112900078,0,0,0
112900079,0,0,0
112900080,0,0,0
112900081,2,2,0
112900082,7,0,7
112900083,0,0,0
112900084,0,0,0
112900085,0,0,0
112900086,2,0,2
112900087,5,1,4
112900088,0,0,0
112900089,15,0,15
112900090,0,1,-1
112900091,0,0,0
112900092,0,0,0
112900093,0,0,0
112900094,0,0,0
112900095,0,0,0
112900096,5,1,4
112900097,0,45,-45
112900098,0,0,0
112900099,11,1,10
112900100,0,0,0
112900101,0,0,0
112900102,0,0,0
112900103,0,0,0
112900104,0,0,0
112900105,0,0,0
112900106,5,5,0
112900107,0,0,0
112900108,0,0,0
112900109,1,0,1
112900110,0,0,0
112900111,0,0,0
112900112,0,0,0
112900113,0,8,-8
112900114,1,0,1
112900115,12,0,12
112900116,3,8,-5
112900117,5,14,-9
112900118,4,13,-9
112900119,0,0,0
112900120,138,57,81
112900121,17,6,11
112900122,1,24,-23
112900123,0,0,0
112900124,0,24,-24
112900125,0,16,-16
112900126,22,25,-3
112900127,0,0,0
112900128,53,203,-150
112900129,0,442,-442
112900130,0,0,0
112900131,16,75,-59
112900132,5,72,-67
112900133,6,185,-179
112900134,2,157,-155
112900135,0,0,0
112900136,0,13,-13
112900137,0,158,-158
112900138,0,247,-247
112900139,78,405,-327
112900140,0,16,-16
112900141,16,6,10
112900142,0,0,0
112900143,26,216,-190
112900144,0,22,-22
112900145,16,168,-152
112900146,0,186,-186
112900147,1,1057,-1056
112900148,2,0,2
112900149,10,46,-36
112900151,0,0,0
112900152,662,111,551
112900153,7,11,-4
112900154,0,0,0
112900155,0,0,0
112900156,0,132,-132
112900157,20,1,19
112900158,0,0,0
112900159,0,5,-5
112900160,0,28,-28
112900161,0,0,0
112900162,1,1,0
112900163,0,0,0
112900164,0,0,0
112900165,0,17,-17
112900166,0,0,0
112900167,0,0,0
112900168,0,0,0
112900169,0,0,0
112900170,0,0,0
112900172,0,0,0
112900173,22,10,12
112900174,0,0,0
112900175,0,0,0
112900176,0,0,0
112900177,0,0,0
112900178,0,0,0
112900179,2,83,-81
112900180,0,435,-435
112900181,0,0,0
112900182,2,47,-45
112900183,0,1,-1
112900184,58,70,-12
112900185,0,7,-7
112900186,205,65,140
112900187,0,0,0
112900188,330,77,253
112900189,0,2,-2
112900190,0,5,-5
112900192,31,13,18
112900193,111,37,74
112900194,0,17,-17
112900195,13,2,11
112900196,90,284,-194
112900197,30,219,-189
112900199,0,0,0
112900200,0,0,0
112900201,0,0,0
112900202,4,107,-103
112900203,0,0,0
112900204,49,9,40
112900205,0,6,-6
112900206,0,7,-7
112900207,0,0,0
112900208,1,3,-2
112900209,49,116,-67
112900210,0,10,-10
112900211,0,0,0
112900212,0,0,0
112900213,1,1,0
112900214,3,0,3
112900215,0,32,-32
112900216,7,3,4
112900217,0,32,-32
112900218,0,0,0
112900219,0,0,0
112900220,0,0,0
112900221,0,0,0
112900222,0,0,0
112900223,45,0,45
112900224,2,228,-226
112900225,5,164,-159
112900226,14,3,11
112900227,2,484,-482
112900228,0,0,0
112900229,0,0,0
112900230,2226,350,1876
112900232,20,12,8
112900233,1,44,-43
112900234,0,13,-13
112900235,1,1,0
112900236,0,0,0
112900237,3,51,-48
112900238,0,0,0
112900239,46,42,4
113000001,1202,1215,-13
113000002,525,276,249
113000003,801,325,476
113000004,603,237,366
113000005,210,285,-75
113000006,107,98,9
113000007,265,432,-167
113000008,250,192,58
113000009,229,277,-48
113000010,183,136,47
113000011,161,629,-468
113000012,238,119,119
113000013,312,161,151
113000014,164,286,-122
113000015,37,46,-9
113000016,127,154,-27
113000017,11,129,-118
113000018,3,3,0
113000019,19,204,-185
113000020,0,0,0
113000021,71,299,-228
113000022,66,649,-583
113000025,20,66,-46
113000026,16,57,-41
113000027,26,45,-19
113000028,169,138,31
113000029,0,0,0
113000030,424,328,96
113000031,260,151,109
113000032,0,0,0
113000033,0,0,0
113000034,370,215,155
113000035,9,30,-21
113000036,0,0,0
113000037,43,14,29
113000038,0,0,0
113000039,18,56,-38
113000040,24,22,2
113000042,156,79,77
113000051,98,151,-53
113000052,552,106,446
113000053,32,108,-76
113000054,14,56,-42
113000055,49,137,-88
113000056,83,320,-237
113000058,121,323,-202
113000059,0,0,0
113000060,14,142,-128
113000061,69,130,-61
113000062,64,7,57
113000063,0,0,0
113000064,0,0,0
113000065,36,465,-429
113000066,23,42,-19
113000067,55,93,-38
113000068,63,742,-679
113000069,84,413,-329
113000070,54,53,1
113000071,75,269,-194
113000072,47,36,11
113000073,190,482,-292
113000074,86,52,34
113000075,187,58,129
113000076,402,521,-119
113000077,0,0,0
113000078,185,575,-390
113000079,195,202,-7
113000080,10,10,0
113000081,0,0,0
113000082,326,246,80
113000083,0,0,0
113000084,282,284,-2
113000085,31,44,-13
113000086,184,328,-144
113000087,69,35,34
113000088,646,303,343
113000089,32,57,-25
113000090,0,63,-63
113000091,448,110,338
113000094,29,9,20
113000095,75,570,-495
113000096,76,433,-357
113000097,60,12,48
113000098,0,0,0
113000099,31,38,-7
113000100,66,216,-150
113000101,113,135,-22
113000102,7,18,-11
113000103,521,285,236
113000104,3,45,-42
113000105,4,10,-6
113000106,38,181,-143
113000107,50,75,-25
113000108,176,463,-287
113000109,97,250,-153
113000110,1,3,-2
113000111,19,56,-37
113000112,0,0,0
113000113,7,0,7
113000114,101,183,-82
113000116,89,17,72
113000117,90,17,73
113000118,2,14,-12
113000119,9,54,-45
113000120,0,14,-14
113000121,23,109,-86
113000124,0,0,0
113000125,0,0,0
113000127,969,151,818
113000128,3,7,-4
113000129,549,333,216
113000133,1790,369,1421
113000134,2,249,-247
113000135,35,60,-25
113000137,0,0,0
113000139,0,0,0
113000140,130,195,-65
113000141,0,0,0
113000142,181,333,-152
113000143,0,0,0
113000144,107,88,19
113000145,0,1,-1
113000146,25,42,-17
113000147,31,63,-32
113000148,1,6,-5
113000149,1,10,-9
113000150,128,79,49
113000151,79,50,29
113000152,4,8,-4
113000153,349,36,313
113000154,118,226,-108
113000155,53,87,-34
113000156,36,77,-41
113000157,44,146,-102
113000158,210,73,137
113000159,293,140,153
113000160,88,271,-183
113000161,11,42,-31
113000162,254,159,95
113000163,0,0,0
113000164,13,60,-47
113000166,0,0,0
113000167,10,199,-189
113000168,16,214,-198
113000169,0,0,0
113000170,0,0,0
113000171,37,103,-66
113000172,0,0,0
113000173,0,0,0
113000174,45,483,-438
113000175,0,0,0
113000176,0,0,0
113000177,27,380,-353
113000178,38,343,-305
113000179,0,0,0
113000180,74,260,-186
113000181,179,456,-277
113000182,70,26,44
113000183,117,251,-134
113000184,3,65,-62
113000189,47,83,-36
113000190,231,47,184
113000192,699,413,286
113000193,637,204,433
113000194,380,327,53
113000195,176,67,109
113000196,18,24,-6
113000197,111,99,12
113000198,9,83,-74
113000199,8,12,-4
113000201,17,61,-44
113000202,718,183,535
113000203,0,0,0
113000204,262,381,-119
113000205,10,26,-16
113000206,0,0,0
113000207,19,12,7
113000208,0,1,-1
113000209,13,14,-1
113000210,0,0,0
113000211,44,22,22
113000212,28,0,28
113000213,7,7,0
113000214,14,61,-47
113000234,31,484,-453
113000410,34,17,17
113000411,611,1091,-480
113000412,3492,686,2806
113000413,1502,623,879
113000414,3399,886,2513
113000415,1138,1125,13
113000416,4135,1497,2638
113000417,988,934,54
113000418,776,917,-141
113000419,517,518,-1
113000420,1717,868,849
113000421,650,442,208
113000422,7266,975,6291
113000423,2055,873,1182
113000424,1921,987,934
113000425,2,64,-62
113000428,35,36,-1
113000430,2,18,-16
113000432,58,14,44
113000433,47,360,-313
113000434,14,282,-268
113000435,5,454,-449
113000436,5,505,-500
113000437,0,0,0
113000438,0,0,0
113000439,2,94,-92
113000440,0,0,0
113000441,0,0,0
113000442,18,147,-129
113000443,0,0,0
113000444,10,132,-122
113000445,0,0,0
113000446,9,47,-38
113000448,54,33,21
113000449,0,0,0
113000450,41,22,19
113000451,296,60,236
113000452,0,0,0
113000453,21,107,-86
113000454,0,0,0
113000455,4,73,-69
113000456,298,203,95
113000468,141,7,134
113000469,35,17,18
113000470,0,0,0
113000471,0,0,0
113000472,31,23,8
113000474,32,171,-139
113000475,360,462,-102
113000476,198,754,-556
113000477,500,902,-402
113000478,743,1304,-561
113000479,5,168,-163
113000480,7,6,1
113000481,0,0,0
113000482,0,2,-2
113000483,0,0,0
113000484,0,0,0
113000485,0,0,0
113000486,0,0,0
113000487,0,0,0
113000488,0,0,0
113000489,0,0,0
113000490,0,0,0
113000491,0,0,0
113000492,0,0,0
113000493,0,0,0
113000495,24,113,-89
113000496,0,0,0
113000497,0,0,0
113000499,0,0,0
113000500,0,9,-9
113900001,0,0,0
113900002,0,0,0
113900003,0,0,0
113900004,0,0,0
113900005,0,0,0
113900006,0,0,0
113900007,0,0,0
113900008,0,0,0
113900009,0,0,0
113900010,0,0,0
113900011,0,0,0
113900012,0,0,0
113900013,0,0,0
113900014,0,0,0
113900015,0,11,-11
113900016,0,0,0
113900017,0,0,0
113900018,45,7,38
113900019,5,2,3
113900020,0,0,0
113900022,0,0,0
113900023,0,0,0
113900024,1,10,-9
113900025,0,0,0
113900026,0,0,0
113900027,0,0,0
113900028,0,0,0
113900029,1,26,-25
113900030,0,0,0
113900031,0,0,0
113900032,0,0,0
113900033,0,5,-5
113900035,0,0,0
113900036,0,0,0
113900037,0,0,0
113900038,0,0,0
113900039,0,0,0
113900040,0,0,0
113900041,0,0,0
113900042,1,1,0
113900043,4,12,-8
113900044,0,0,0
113900045,0,0,0
113900046,36,70,-34
113900047,0,0,0
113900048,75,11,64
113900049,95,3,92
113900050,21,30,-9
113900051,7,44,-37
113900052,0,0,0
113900053,0,0,0
113900054,0,0,0
113900055,6,98,-92
113900056,0,0,0
113900057,5,18,-13
113900058,5,14,-9
113900059,4,52,-48
113900060,0,0,0
113900061,0,0,0
113900062,0,0,0
113900063,0,0,0
113900064,2,29,-27
113900065,0,0,0
113900066,3,54,-51
113900067,0,0,0
113900068,0,0,0
113900069,0,0,0
113900070,11,86,-75
113900071,0,0,0
113900072,4,23,-19
113900073,4,34,-30
113900074,0,0,0
113900075,0,0,0
113900076,0,0,0
113900077,1,53,-52
113900078,0,0,0
113900079,0,2,-2
113900080,0,0,0
113900081,3,34,-31
113900082,5,47,-42
113900083,0,0,0
113900084,0,0,0
113900085,2,59,-57
113900086,0,0,0
113900087,0,0,0
113900088,0,0,0
113900089,0,0,0
113900090,10,4,6
113900091,0,0,0
113900092,1,5,-4
113900093,0,48,-48
113900094,0,0,0
113900095,0,0,0
113900096,0,0,0
113900097,0,7,-7
113900098,0,0,0
113900099,0,0,0
113900100,0,0,0
113900101,0,2,-2
113900102,1,6,-5
113900103,0,0,0
113900104,0,0,0
113900105,0,41,-41
113900106,0,0,0
113900107,0,0,0
113900108,3,18,-15
113900109,4,8,-4
113900110,0,0,0
113900111,0,0,0
113900112,0,5,-5
113900113,14,13,1
113900114,0,0,0
113900115,0,0,0
113900116,1,25,-24
113900117,1,2,-1
113900118,0,0,0
113900119,0,0,0
113900120,0,0,0
113900121,0,0,0
113900122,0,0,0
113900123,7,0,7
113900124,0,0,0
113900125,3,14,-11
113900126,7,0,7
113900127,4,17,-13
113900128,0,0,0
113900129,0,0,0
113900130,0,0,0
113900131,2,6,-4
113900132,0,0,0
113900133,4,6,-2
113900135,17,101,-84
113900136,2,13,-11
113900137,15,9,6
113900138,0,0,0
113900139,143,6,137
113900140,0,0,0
113900141,6,39,-33
113900142,0,7,-7
113900143,0,0,0
113900144,1,0,1
113900145,1,15,-14
113900146,0,2,-2
113900148,9,18,-9
113900149,0,0,0
113900150,273,80,193
113900151,2,8,-6
113900152,0,2,-2
113900153,96,39,57
113900154,0,0,0
113900155,32,16,16
113900156,22,153,-131
113900157,0,12,-12
113900158,59,27,32
113900159,0,0,0
113900160,77,148,-71
113900161,1,6,-5
113900162,80,59,21
113900163,24,29,-5
113900164,0,0,0
113900165,143,146,-3
113900166,9,1,8
113900167,0,0,0
113900168,12,18,-6
113900169,21,84,-63
113900171,0,0,0
113900172,2,52,-50
113900173,4,70,-66
113900174,37,236,-199
113900175,0,0,0
113900176,42,198,-156
113900177,6,11,-5
113900178,0,0,0
113900179,0,115,-115
113900180,10,16,-6
113900181,0,0,0
113900182,56,240,-184
113900183,0,8,-8
113900184,2,124,-122
113900185,7,12,-5
113900186,3,4,-1
113900187,0,14,-14
113900188,3,12,-9
113900189,0,0,0
113900190,74,26,48
113900191,22,12,10
113900192,0,0,0
113900193,2,49,-47
113900194,221,70,151
113900195,54,95,-41
113900196,0,14,-14
113900197,0,33,-33
113900198,2,19,-17
113900199,24,100,-76
113900200,5,14,-9
113900201,0,44,-44
113900202,2,27,-25
113900203,1,46,-45
113900204,4,101,-97
113900205,3,12,-9
113900206,0,7,-7
113900207,0,17,-17
113900208,0,1,-1
113900209,0,39,-39
113900210,100,72,28
113900211,16,1,15
113900212,1,98,-97
113900214,55,71,-16
113900215,0,28,-28
113900216,0,99,-99
113900217,0,0,0
113900218,0,0,0
113900219,21,36,-15
113900220,0,0,0
113900221,0,0,0
113900222,0,5,-5
113900223,2,112,-110
113900224,24,12,12
113900225,0,0,0
113900226,1,0,1
113900227,1,0,1
113900228,14,11,3
113900229,0,16,-16
113900230,198,38,160
113900231,10,28,-18
113900232,3,14,-11
113900233,1,0,1
113900234,8,11,-3
113900235,0,0,0
113900236,0,0,0
113900237,0,0,0
113900238,2,17,-15
113900239,0,3,-3
113900240,0,9,-9
113900241,12,11,1
113900242,3,11,-8
113900243,9,35,-26
113900244,103,27,76
113900245,159,8,151
113900246,0,0,0
113900247,1,0,1
113900248,333,75,258
113900249,0,0,0
113900250,0,0,0
113900251,0,30,-30
113900252,0,0,0
113900253,0,0,0
113900254,0,0,0
113900255,0,0,0
113900256,0,0,0
113900257,8,99,-91
113900258,2,96,-94
113900259,1,52,-51
113900260,0,0,0
113900261,0,32,-32
113900262,0,140,-140
113900263,11,47,-36
113900264,0,101,-101
113900265,24,39,-15
113900266,3,49,-46
113900267,12,54,-42
113900268,3,5,-2
113900269,5,23,-18
113900270,26,68,-42
113900271,49,342,-293
113900273,0,0,0
113900274,0,0,0
113900275,0,13,-13
113900276,0,33,-33
113900277,0,0,0
113900278,12,11,1
113900279,4,8,-4
113900280,60,42,18
113900281,12,91,-79
113900282,41,6,35
113900283,0,0,0
113900284,0,7,-7
113900285,0,1,-1
113900286,0,0,0
113900287,1,30,-29
113900288,0,14,-14
113900289,128,1,127
113900290,78,5,73
113900291,7,31,-24
113900292,0,0,0
113900293,0,40,-40
113900294,0,0,0
113900295,12,10,2
113900296,8,0,8
113900297,0,0,0
113900298,4,437,-433
113900299,0,0,0
113900300,375,5,370
113900301,0,0,0
113900302,0,6,-6
113900303,40,6,34
113900304,0,62,-62
113900305,0,0,0
113900306,0,0,0
113900307,0,0,0
113900308,5,13,-8
113900309,0,200,-200
113900310,0,1,-1
113900311,0,0,0
113900312,0,1,-1
113900313,0,0,0
114000001,487,967,-480
114000002,1,15,-14
114000003,5,13,-8
114000004,12,60,-48
114000005,7,8,-1
114000006,453,567,-114
114000007,85,410,-325
114000008,248,300,-52
114000009,15,12,3
114000011,649,958,-309
114000012,247,863,-616
114000013,193,804,-611
114000014,128,162,-34
114000015,89,142,-53
114000016,26,125,-99
114000017,19,24,-5
114000018,105,23,82
114000026,148,546,-398
114000027,208,578,-370
114000028,356,599,-243
114000038,6,7,-1
114000039,25,40,-15
114000040,12,30,-18
114000042,26,84,-58
114000043,3,34,-31
114000044,2,13,-11
114000045,2,33,-31
114000046,373,1385,-1012
114000047,0,9,-9
114000048,4,14,-10
114000049,45,110,-65
114000050,54,109,-55
114000051,176,201,-25
114000052,168,90,78
114000053,0,16,-16
114000054,1,63,-62
114000055,17,8,9
114000056,201,218,-17
114000057,2633,768,1865
114000058,75,36,39
114000059,71,44,27
114000060,78,302,-224
114000061,205,38,167
114000062,101,33,68
114000063,842,818,24
114000064,2493,571,1922
114000065,413,807,-394
114000066,56,224,-168
114000067,0,0,0
114000068,33,33,0
114000069,56,54,2
114000070,93,19,74
114000071,22,112,-90
114000072,13,75,-62
114000073,0,0,0
114000074,3,8,-5
114000075,0,0,0
114000076,0,0,0
114000077,0,0,0
114000078,7,133,-126
114000079,14,6,8
114000080,2,0,2
114000081,0,0,0
114000082,11,208,-197
114000083,18,123,-105
114000084,1,4,-3
114000085,18,258,-240
114000086,19,279,-260
114000087,2,70,-68
114000088,0,0,0
114000089,183,73,110
114000090,54,19,35
114000091,128,56,72
114000092,122,66,56
114000093,32,140,-108
114000094,34,55,-21
114000095,0,0,0
114000096,7,128,-121
114000097,2,184,-182
114000098,0,0,0
114000099,12,141,-129
114000100,6,94,-88
114000101,43,322,-279
114000102,0,0,0
114000103,2,49,-47
114000104,1,32,-31
114000105,0,12,-12
114000106,176,50,126
114000107,13,29,-16
114000108,827,512,315
114000109,0,0,0
114000110,81,460,-379
114000111,0,0,0
114000112,73,577,-504
114000113,0,0,0
114000114,246,643,-397
114000115,0,0,0
114000116,82,35,47
114000117,63,22,41
114000118,81,27,54
114000119,64,10,54
114000120,174,337,-163
114000121,114,205,-91
114000122,71,108,-37
114000123,25,10,15
114000124,1,9,-8
114000125,272,710,-438
114000126,9,4,5
114000127,4,51,-47
114000128,36,77,-41
114000130,0,0,0
114000131,0,0,0
114000132,232,299,-67
114000133,179,386,-207
114000134,11,50,-39
114000138,42,39,3
114000139,0,1,-1
114000144,0,0,0
114000145,16,34,-18
114000146,2,48,-46
114000147,0,1,-1
114000148,63,9,54
114000149,9,17,-8
114000150,232,184,48
114000151,18,10,8
114000152,6,10,-4
114000153,206,261,-55
114000154,111,137,-26
114000155,63,97,-34
114000156,14,46,-32
114000157,33,124,-91
114000158,548,102,446
114000159,27,52,-25
114000160,26,59,-33
114000161,46,13,33
114000162,12,6,6
114000163,1,21,-20
114000165,0,0,0
114000166,95,16,79
114000167,877,421,456
114000168,184,370,-186
114000169,211,92,119
114000170,75,130,-55
114000171,57,60,-3
114000174,80,182,-102
114000176,123,198,-75
114000177,662,305,357
114000178,0,0,0
114000179,17,2,15
114000180,129,304,-175
114000181,223,432,-209
114000182,1636,797,839
114000183,359,340,19
114000184,191,812,-621
114000185,34,29,5
114000189,0,0,0
114000190,0,0,0
114000191,0,0,0
114000192,137,634,-497
114000193,334,1446,-1112
114000194,372,417,-45
114000195,0,0,0
114000196,3,156,-153
114000197,0,11,-11
114000198,338,144,194
114000199,304,177,127
114000200,71,712,-641
114000201,17,372,-355
114000202,224,249,-25
114000203,63,258,-195
114000204,19,95,-76
114000205,19,536,-517
114000206,78,511,-433
114000207,220,1056,-836
114000208,81,1187,-1106
114000209,157,1414,-1257
114000210,101,823,-722
114000211,45,246,-201
114000212,95,210,-115
114000213,245,86,159
114000214,6,32,-26
114000215,1,38,-37
114000216,62,2,60
114000217,0,98,-98
114000218,11,58,-47
114000219,48,135,-87
114000220,5,645,-640
114000221,59,29,30
114000222,33,515,-482
114000223,0,0,0
114000224,33,281,-248
114000225,42,256,-214
114000226,7,96,-89
114000227,70,124,-54
114000228,47,192,-145
114000229,120,438,-318
114000230,88,193,-105
114000231,171,421,-250
114000232,14,24,-10
114000233,52,17,35
114000234,74,156,-82
114000235,154,522,-368
114000236,1,480,-479
114000237,23,457,-434
114000238,1,11,-10
114000239,9,581,-572
114000240,203,283,-80
114000241,58,472,-414
114000242,284,390,-106
114000243,153,159,-6
114000244,0,1,-1
114000245,90,389,-299
114000246,78,27,51
114000247,52,125,-73
114000248,66,105,-39
114000249,55,86,-31
114000250,108,225,-117
114000251,16,132,-116
114000252,13,23,-10
114000253,0,0,0
114000254,1,29,-28
114000255,132,74,58
114000256,36,16,20
114000257,147,972,-825
114000258,29,107,-78
114000259,12,166,-154
114000260,0,62,-62
114000261,18,1,17
114000262,5,56,-51
114000263,0,0,0
114000264,22,78,-56
114000265,0,8,-8
114000267,4,498,-494
114000268,0,876,-876
114000270,0,5,-5
114000271,58,34,24
114000283,68,115,-47
114000285,19,142,-123
114000288,4,229,-225
114000289,144,33,111
114000293,12,168,-156
114000294,12,9,3
114000395,56,2,54
114000396,0,0,0
114000402,10,36,-26
114000403,29,37,-8
114000405,16,258,-242
114000423,17,230,-213
114000424,31,68,-37
114000425,15,247,-232
114000426,0,0,0
114000427,23,80,-57
114000428,0,0,0
114000429,3,81,-78
114000432,0,0,0
114000434,4,31,-27
114000435,0,31,-31
114000436,1382,604,778
114000437,4,32,-28
114900001,0,0,0
114900002,0,0,0
114900003,0,0,0
114900004,0,0,0
114900005,0,0,0
114900006,0,0,0
114900007,0,0,0
114900008,0,0,0
114900010,6,0,6
114900011,0,0,0
114900013,0,0,0
114900015,0,0,0
114900018,0,0,0
114900020,0,0,0
114900022,0,34,-34
114900024,0,0,0
114900025,0,0,0
114900026,0,0,0
114900027,0,0,0
114900029,0,0,0
114900030,0,0,0
114900031,0,0,0
114900032,0,0,0
114900033,2,0,2
114900034,3,37,-34
114900035,3,19,-16
114900036,21,168,-147
114900037,8,27,-19
114900038,11,193,-182
114900039,52,116,-64
114900040,2,8,-6
114900041,13,110,-97
114900042,23,184,-161
114900043,50,20,30
114900044,0,0,0
114900046,0,15,-15
114900047,1,108,-107
114900048,0,4,-4
114900049,1,31,-30
114900050,1,81,-80
114900051,1,67,-66
114900052,3,15,-12
114900053,5,15,-10
114900054,5,19,-14
114900057,0,0,0
114900058,0,23,-23
114900059,0,0,0
114900060,49,12,37
114900061,10,32,-22
114900062,5,27,-22
114900063,1,34,-33
114900064,23,125,-102
114900065,8,101,-93
114900067,0,46,-46
114900068,6,40,-34
114900069,10,8,2
114900070,0,0,0
114900072,0,44,-44
114900073,0,36,-36
114900074,0,0,0
114900075,0,1,-1
114900076,1,58,-57
114900080,0,0,0
114900082,0,126,-126
114900083,0,69,-69
114900090,0,0,0
114900091,2,6,-4
114900095,69,14,55
114900096,13,45,-32
114900097,0,0,0
114900098,0,0,0
114900099,0,0,0
115000001,2850,2935,-85
115000002,452,267,185
115000003,1038,2065,-1027
115000004,351,371,-20
115000005,513,1645,-1132
115000006,106,165,-59
115000007,0,2,-2
115000008,35,67,-32
115000009,8,21,-13
115000010,0,0,0
115000013,30,75,-45
115000015,28,106,-78
115000016,112,73,39
115000019,2,46,-44
115000020,0,0,0
115000021,66,154,-88
115000022,211,144,67
115000023,38,57,-19
115000024,336,202,134
115000025,28,53,-25
115000026,37,135,-98
115000027,16,41,-25
115000028,24,271,-247
115000029,22,35,-13
115000030,41,358,-317
115000031,186,47,139
115000032,4,113,-109
115000033,0,0,0
115000034,9,397,-388
115000035,0,0,0
115000036,0,160,-160
115000037,0,0,0
115000038,0,0,0
115000039,225,306,-81
115000040,1099,505,594
115000041,88,303,-215
115000042,64,130,-66
115000043,207,806,-599
115000044,1481,1915,-434
115000045,378,1126,-748
115000046,82,443,-361
115000047,222,352,-130
115000048,392,1679,-1287
115000049,405,1204,-799
115000050,429,267,162
115000051,742,217,525
115000052,1439,781,658
115000053,272,284,-12
115000054,205,329,-124
115000055,11,258,-247
115000056,0,29,-29
115000057,28,170,-142
115000058,2,39,-37
115000059,2,95,-93
115000061,0,0,0
115000062,9,81,-72
115000063,7,110,-103
115000064,0,0,0
115000065,2,54,-52
115000067,0,0,0
115000069,3,85,-82
115000070,9,115,-106
115000071,0,0,0
115000072,22,10,12
115000073,188,3,185
115000075,1,5,-4
115000076,652,754,-102
115000077,167,947,-780
115000078,84,652,-568
115000079,131,654,-523
115000080,219,844,-625
115000081,49,195,-146
115000082,367,742,-375
115000083,356,1002,-646
115000084,0,0,0
115000085,51,316,-265
115000086,0,0,0
115000087,103,423,-320
115000088,0,0,0
115000089,603,680,-77
115000090,26,28,-2
115000091,75,396,-321
115000092,9,85,-76
115000093,0,0,0
115000094,1749,806,943
115000095,1192,1407,-215
115000096,62,631,-569
115000097,42,274,-232
115000098,57,447,-390
115000099,74,839,-765
115000100,24,55,-31
115000101,150,755,-605
115000102,30,20,10
115000103,99,337,-238
115000105,0,0,0
115000106,30,18,12
115000107,36,328,-292
115000108,1349,1382,-33
115000109,380,171,209
115000110,383,153,230
115000111,153,410,-257
115000112,101,131,-30
115000113,181,186,-5
115000114,452,278,174
115000116,558,237,321
115000117,251,264,-13
115000118,169,344,-175
115000119,272,274,-2
115000120,111,250,-139
115000121,645,219,426
115000122,749,225,524
115000123,446,263,183
115000124,134,132,2
115000125,30,122,-92
115000126,20,111,-91
115000127,26,47,-21
115000128,179,153,26
115000129,7,32,-25
115000130,10,231,-221
115000131,13,63,-50
115000132,8,113,-105
115000133,10,91,-81
115000134,5,48,-43
115000135,5,56,-51
115000136,0,0,0
115000137,12,86,-74
115000138,0,0,0
115000139,33,147,-114
115000140,0,0,0
115000141,26,184,-158
115000142,13,156,-143
115000143,0,0,0
115000144,9,9,0
115000145,20,220,-200
115000146,0,0,0
115000147,7,169,-162
115000148,79,357,-278
115000149,25,40,-15
115000150,128,282,-154
115000151,37,46,-9
115000152,89,535,-446
115000153,50,38,12
115000154,29,33,-4
115000155,95,324,-229
115000156,55,27,28
115000157,139,222,-83
115000158,44,43,1
115000159,43,31,12
115000160,119,41,78
115000161,57,99,-42
115000162,0,0,0
115000163,263,216,47
115000164,158,208,-50
115000165,0,0,0
115000167,0,0,0
115000168,0,0,0
115000169,170,284,-114
115000170,21,73,-52
115000171,0,0,0
115000172,299,147,152
115000173,0,0,0
115000174,0,0,0
115000175,6,45,-39
115000176,0,0,0
115000177,8,24,-16
115000178,4,79,-75
115000179,0,0,0
115000180,14,240,-226
115000181,0,0,0
115000182,0,0,0
115000183,35,331,-296
115000186,30,49,-19
115000187,25,218,-193
115000188,102,86,16
115000189,51,160,-109
115000190,83,46,37
115000191,51,107,-56
115000194,62,76,-14
115000195,0,0,0
115000196,0,0,0
115000197,4,97,-93
115000198,0,0,0
115000199,6,77,-71
115000200,0,0,0
115000201,11,128,-117
115000206,0,0,0
115000207,8,180,-172
115000208,151,313,-162
115000209,54,28,26
115000210,10,10,0
115000211,81,79,2
115000212,279,150,129
115000224,0,0,0
115000225,0,0,0
115000229,0,0,0
115000230,0,0,0
115000231,46,836,-790
115000232,43,88,-45
115000233,8,155,-147
115000234,0,0,0
115000241,0,0,0
115000242,0,0,0
115000243,0,0,0
115000244,0,0,0
115000246,0,0,0
115000247,0,0,0
115000248,0,0,0
115000249,0,0,0
115000250,1,8,-7
115000251,0,0,0
115000252,0,0,0
115000253,0,0,0
115000258,0,0,0
115000259,0,0,0
115000261,0,0,0
115000262,0,0,0
115000263,0,0,0
115000264,0,0,0
115000267,0,0,0
115000268,2,6,-4
115000269,0,0,0
115000270,0,0,0
115000272,0,0,0
115000273,0,0,0
115000280,0,0,0
115000281,141,35,106
115000282,139,26,113
115000284,144,82,62
115000296,0,0,0
115000297,0,0,0
115000298,27,12,15
115000300,0,66,-66
115000302,0,0,0
115000303,0,0,0
115000304,0,0,0
115000305,12,298,-286
115000306,8,190,-182
115000307,3,103,-100
115000308,11,1,10
115000309,0,0,0
115000310,115,394,-279
115000311,0,0,0
115000313,54,166,-112
115000314,0,0,0
115000315,329,153,176
115000316,0,0,0
115000317,16,221,-205
115000318,85,40,45
115000319,6,133,-127
115000320,2,60,-58
115000321,96,4,92
115000322,15,129,-114
115000449,0,0,0
115000557,0,18,-18
115000558,0,0,0
115000587,15,33,-18
115000588,1135,2144,-1009
115000589,793,453,340
115000590,171,817,-646
115000591,97,125,-28
115000592,212,771,-559
115000593,126,67,59
115000594,342,650,-308
115000609,0,0,0
115000617,238,83,155
115000624,0,5,-5
115000633,27,700,-673
115000634,841,185,656
115000635,35,14,21
115000638,0,0,0
115000641,0,0,0
115000642,25,33,-8
115000643,4,124,-120
115000644,18,112,-94
115000646,179,260,-81
115000647,17,191,-174
115000648,47,626,-579
115000893,425,148,277
115000894,36,638,-602
115000895,64,616,-552
115000896,121,35,86
115000897,105,0,105
115000898,139,16,123
115000899,251,157,94
115000900,37,36,1
115000901,38,45,-7
115000912,21,8,13
115000913,1,9,-8
115000915,0,0,0
115000916,0,0,0
115000917,0,3,-3
115000918,0,0,0
115000919,0,0,0
115000920,1,1,0
115000921,203,4,199
115000922,53,47,6
115000923,123,377,-254
115000925,17,27,-10
115000927,0,0,0
115000933,48,30,18
115000934,0,0,0
115000935,0,0,0
115000936,0,0,0
115000937,57,11,46
115000938,21,3,18
115000939,8,11,-3
115900001,0,0,0
115900002,0,0,0
115900003,0,0,0
115900004,0,0,0
115900005,0,0,0
115900006,0,0,0
115900008,0,0,0
115900009,0,0,0
115900010,0,0,0
115900011,9,17,-8
115900012,0,0,0
115900013,0,0,0
115900014,12,14,-2
115900015,0,0,0
115900016,0,0,0
115900017,0,0,0
115900018,29,4,25
115900019,0,0,0
115900020,0,0,0
115900021,95,2,93
115900022,0,0,0
115900023,0,0,0
115900025,0,0,0
115900026,0,0,0
115900027,0,11,-11
115900028,29,2,27
115900029,3,74,-71
115900030,1,0,1
115900031,0,0,0
115900032,0,0,0
115900033,0,1,-1
115900034,2,75,-73
115900035,0,0,0
115900036,3,5,-2
115900037,4,60,-56
115900038,0,0,0
115900039,0,0,0
115900041,4,4,0
115900042,0,0,0
115900043,0,0,0
115900044,0,0,0
115900046,3,24,-21
115900047,0,0,0
115900049,0,2,-2
115900051,0,21,-21
115900052,0,25,-25
115900053,0,1,-1
115900054,0,27,-27
115900055,2,24,-22
115900056,0,3,-3
115900057,0,0,0
115900058,6,11,-5
115900060,0,0,0
115900061,0,0,0
115900062,1,70,-69
115900063,11,4,7
115900064,0,0,0
115900065,0,0,0
115900066,16,28,-12
115900067,0,150,-150
115900068,518,3,515
115900069,0,0,0
115900070,0,1,-1
115900071,0,27,-27
115900072,9,10,-1
115900073,0,0,0
115900074,0,84,-84
115900075,1,28,-27
115900076,0,0,0
115900077,0,89,-89
115900078,1,10,-9
115900079,0,0,0
115900080,0,0,0
115900081,1,17,-16
115900082,12,15,-3
115900084,0,0,0
115900085,0,9,-9
115900086,148,31,117
115900088,0,3,-3
115900089,0,112,-112
115900090,0,0,0
115900091,0,2,-2
115900092,0,19,-19
115900093,0,4,-4
115900094,1,44,-43
115900096,0,8,-8
115900097,1,67,-66
115900098,1,40,-39
115900099,0,0,0
115900100,0,68,-68
115900101,2,29,-27
115900102,0,0,0
115900103,20,25,-5
115900104,0,0,0
115900105,0,0,0
115900106,0,0,0
115900107,0,0,0
115900108,0,0,0
115900109,5,40,-35
115900110,0,0,0
115900111,0,29,-29
115900112,2,98,-96
115900113,0,0,0
115900114,0,24,-24
115900115,0,9,-9
115900116,14,142,-128
115900117,0,0,0
115900118,0,75,-75
115900119,3,5,-2
115900120,0,23,-23
115900121,7,63,-56
115900124,13,47,-34
115900125,19,4,15
115900126,58,19,39
115900127,43,3,40
115900128,0,0,0
115900129,48,3,45
115900130,1,2,-1
115900131,11,0,11
115900132,10,0,10
115900134,16,1,15
115900135,0,0,0
115900137,0,0,0
115900139,0,0,0
115900140,0,0,0
115900141,0,2,-2
115900142,2,0,2
115900143,2,29,-27
115900144,0,12,-12
115900146,0,0,0
115900147,0,0,0
115900148,0,1,-1
115900149,1,6,-5
115900150,0,0,0
115900151,1,10,-9
115900152,3,78,-75
115900153,0,44,-44
115900154,99,52,47
115900155,0,0,0
115900156,76,161,-85
115900157,2,62,-60
115900158,0,0,0
115900159,9,36,-27
115900160,0,0,0
115900161,2,18,-16
115900163,12,27,-15
115900164,0,0,0
115900165,0,4,-4
115900166,0,0,0
115900168,0,7,-7
115900171,3,69,-66
115900172,3,35,-32
115900173,0,0,0
115900174,26,36,-10
115900175,2,17,-15
115900178,4,137,-133
115900179,0,0,0
115900180,5,6,-1
115900181,2,32,-30
115900182,5,27,-22
115900183,1,1,0
115900184,0,0,0
115900187,0,1,-1
115900189,0,17,-17
115900190,1,54,-53
115900191,6,45,-39
115900192,0,7,-7
115900193,9,9,0
115900194,25,3,22
115900195,57,51,6
115900198,1,9,-8
115900199,18,52,-34
115900200,39,70,-31
115900201,4,27,-23
115900202,0,0,0
115900203,0,0,0
115900204,0,1,-1
115900205,2,1,1
115900206,0,9,-9
115900207,0,0,0
115900208,0,0,0
115900209,0,26,-26
115900210,1,15,-14
115900211,0,17,-17
115900212,1,6,-5
115900213,0,0,0
115900214,0,58,-58
115900215,0,0,0
115900216,0,40,-40
115900217,2,28,-26
115900218,0,14,-14
115900219,0,0,0
115900220,0,0,0
115900221,0,0,0
115900222,0,0,0
115900223,0,0,0
115900224,0,0,0
115900225,0,0,0
115900226,0,0,0
115900227,0,0,0
115900228,0,0,0
115900229,0,0,0
115900230,0,0,0
115900231,0,0,0
115900232,0,0,0
115900233,0,0,0
115900234,0,0,0
115900235,0,0,0
115900236,0,0,0
115900237,0,18,-18
115900238,0,10,-10
115900239,1,16,-15
115900240,0,35,-35
115900241,2,4,-2
115900242,0,0,0
115900243,0,0,0
115900244,0,1,-1
115900245,0,0,0
115900246,0,0,0
115900247,0,0,0
115900248,0,0,0
115900249,0,0,0
115900250,0,0,0
115900251,0,0,0
115900252,0,0,0
115900253,0,0,0
115900254,0,0,0
115900255,0,0,0
115900256,0,0,0
115900257,0,0,0
115900258,0,0,0
115900259,0,0,0
115900260,0,0,0
115900261,0,0,0
115900262,0,0,0
115900263,0,0,0
115900264,0,0,0
115900265,0,0,0
115900266,0,0,0
115900267,0,0,0
115900268,0,0,0
115900269,6,14,-8
115900270,0,0,0
115900271,0,0,0
115900272,0,0,0
115900273,0,0,0
115900274,0,2,-2
115900275,0,5,-5
115900276,0,20,-20
115900277,1,39,-38
115900278,0,14,-14
115900279,1,16,-15
115900280,1,8,-7
115900281,0,5,-5
115900282,0,0,0
116000001,8514,1168,7346
116000002,1036,378,658
116000003,554,676,-122
116000004,618,146,472
116000005,598,813,-215
116000006,286,179,107
116000007,1004,1390,-386
116000008,475,561,-86
116000009,367,708,-341
116000010,194,78,116
116000011,143,246,-103
116000012,136,120,16
116000013,7528,1281,6247
116000014,900,149,751
116000015,109,319,-210
116000016,505,93,412
116000017,8,142,-134
116000018,70,25,45
116000019,58,75,-17
116000020,37,92,-55
116000021,38,89,-51
116000022,19,46,-27
116000023,29,48,-19
116000024,34,172,-138
116000025,48,78,-30
116000026,171,613,-442
116000027,39,127,-88
116000028,0,0,0
116000029,321,140,181
116000030,0,0,0
116000031,55,72,-17
116000032,32,93,-61
116000033,4,131,-127
116000034,19,186,-167
116000035,54,277,-223
116000036,145,62,83
116000037,0,0,0
116000038,0,0,0
116000039,131,65,66
116000040,0,0,0
116000041,29,148,-119
116000042,0,0,0
116000043,16,167,-151
116000044,0,2,-2
116000045,0,0,0
116000046,299,427,-128
116000047,363,572,-209
116000048,73,92,-19
116000049,43,172,-129
116000050,259,467,-208
116000051,93,155,-62
116000052,396,855,-459
116000053,0,0,0
116000054,143,673,-530
116000055,97,315,-218
116000056,0,0,0
116000057,1250,461,789
116000058,735,268,467
116000059,289,134,155
116000060,646,107,539
116000061,132,89,43
116000062,61,63,-2
116000063,77,125,-48
116000066,0,0,0
116000067,76,170,-94
116000068,0,0,0
116000069,112,134,-22
116000078,0,0,0
116000080,273,405,-132
116000082,3,49,-46
116000083,106,93,13
116000084,112,502,-390
116000085,303,124,179
116000086,103,248,-145
116000087,181,98,83
116000088,157,340,-183
116000089,3,6,-3
116000090,0,0,0
116000091,0,0,0
116000093,120,55,65
116000094,20,307,-287
116000095,58,63,-5
116000096,60,345,-285
116000097,64,152,-88
116000098,4,541,-537
116000099,1203,59,1144
116000100,4,1,3
116000101,23,84,-61
116000102,18,264,-246
116000103,7,72,-65
116000104,5,284,-279
116000105,21,47,-26
116000106,17,241,-224
116000107,48,122,-74
116000108,1,44,-43
116000111,0,0,0
116000113,0,0,0
116000114,5,10,-5
116000115,0,0,0
116000116,6,41,-35
116000117,34,56,-22
116000118,136,589,-453
116000119,4,53,-49
116000120,416,1547,-1131
116000121,0,0,0
116000122,342,1328,-986
116000123,0,0,0
116000124,80,771,-691
116000125,24,11,13
116000126,65,893,-828
116000127,267,671,-404
116000128,21,13,8
116000129,9,14,-5
116000130,2,10,-8
116000133,159,358,-199
116000134,128,1176,-1048
116000135,142,217,-75
116000136,146,870,-724
116000137,37,123,-86
116000138,427,90,337
116000139,200,653,-453
116000140,28,106,-78
116000141,54,189,-135
116000142,921,1351,-430
116000143,580,146,434
116000144,280,1210,-930
116000145,307,260,47
116000146,32,61,-29
116000147,49,8,41
116000148,11,74,-63
116000149,1,72,-71
116000151,100,436,-336
116000153,0,0,0
116000155,0,0,0
116000156,108,306,-198
116000157,0,0,0
116000158,33,163,-130
116000159,0,0,0
116000160,0,36,-36
116000161,1,16,-15
116000162,133,6,127
116000163,8,3,5
116000164,1,9,-8
116000177,3,26,-23
116000194,5,230,-225
116000195,92,98,-6
116000196,0,1,-1
116000197,0,0,0
116000198,118,111,7
116000200,0,0,0
116000201,78,106,-28
116000202,0,1,-1
116000203,0,12,-12
116000204,3,4,-1
116000205,0,29,-29
116000206,0,8,-8
116000207,0,5,-5
116000233,3,64,-61
116000287,13,237,-224
116000288,0,0,0
116000292,0,21,-21
116000296,0,0,0
116000297,0,0,0
116000304,0,0,0
116000305,0,0,0
116000346,10,41,-31
116000352,3,21,-18
116000354,9,5,4
116000357,0,3,-3
116000358,0,0,0
116000361,0,0,0
116000372,2506,691,1815
116000381,0,0,0
116000388,1,21,-20
116000389,21,38,-17
116000445,44,413,-369
116000446,0,0,0
116000447,2,233,-231
116000448,0,0,0
116000563,0,0,0
116000565,44,66,-22
116000568,1,2,-1
116000579,0,26,-26
116000584,1,3,-2
116000585,3,12,-9
116000586,58,22,36
116000587,0,61,-61
116000589,0,19,-19
116000590,0,0,0
116000591,0,0,0
116000592,0,0,0
116000593,0,5,-5
116000594,6,123,-117
116000595,8,45,-37
116000596,2,5,-3
116000597,0,0,0
116000598,1,36,-35
116000602,0,33,-33
116000605,2,10,-8
116000606,0,0,0
116000607,0,3,-3
116000609,3,113,-110
116000611,8,279,-271
116000612,131,259,-128
116000613,0,0,0
116000614,106,378,-272
116000615,2,123,-121
116000616,5,45,-40
116000617,1,39,-38
116000618,0,64,-64
116000619,0,4,-4
116000620,0,0,0
116000621,0,0,0
116000622,0,0,0
116000624,2,5,-3
116000627,0,6,-6
116000628,1,19,-18
116000629,0,8,-8
116000630,0,0,0
116000631,0,0,0
116000632,0,7,-7
116000633,0,0,0
116000634,0,0,0
116000635,124,114,10
116000636,124,131,-7
116000637,0,0,0
116000638,0,0,0
116900001,0,0,0
116900002,0,0,0
116900003,0,0,0
116900004,0,0,0
116900005,4,10,-6
116900006,0,0,0
116900007,0,0,0
116900008,0,127,-127
116900009,0,0,0
116900010,0,219,-219
116900011,1,1,0
116900012,0,0,0
116900013,0,75,-75
116900014,0,0,0
116900015,0,0,0
116900016,0,0,0
116900017,1,115,-114
116900018,0,0,0
116900019,0,99,-99
116900020,14,2,12
116900023,0,0,0
116900024,0,0,0
116900025,1,98,-97
116900026,5,90,-85
116900027,0,0,0
116900028,1,16,-15
116900029,0,0,0
116900031,0,0,0
116900032,1,18,-17
116900033,0,0,0
116900034,1,8,-7
116900035,4,25,-21
116900036,1,14,-13
116900038,0,0,0
116900041,0,0,0
116900042,140,32,108
116900043,0,6,-6
116900045,0,0,0
116900047,0,0,0
116900049,3,36,-33
116900050,2,23,-21
116900051,0,0,0
116900052,0,0,0
116900055,0,0,0
116900057,2,45,-43
116900058,1,20,-19
116900059,0,0,0
116900060,3,32,-29
116900062,0,0,0
116900064,4,173,-169
116900065,0,3,-3
116900067,0,0,0
116900068,10,81,-71
116900070,0,0,0
116900072,3,74,-71
116900073,0,10,-10
116900074,0,0,0
116900076,0,0,0
116900077,3,27,-24
116900078,15,16,-1
116900079,1,21,-20
116900080,0,0,0
116900081,1,69,-68
116900082,18,90,-72
116900083,0,0,0
116900084,8,3,5
116900085,0,22,-22
116900086,3,20,-17
116900088,0,0,0
116900090,0,0,0
116900091,3,33,-30
116900092,1,58,-57
116900093,4,1,3
116900094,300,41,259
116900095,0,33,-33
116900096,0,7,-7
116900097,6,0,6
116900098,50,7,43
116900099,30,22,8
116900100,0,0,0
116900101,9,41,-32
116900103,2,0,2
116900104,1,8,-7
116900105,0,0,0
116900106,0,81,-81
116900107,14,3,11
116900110,0,0,0
116900111,0,82,-82
116900112,1,42,-41
116900113,190,17,173
116900116,0,0,0
116900117,0,18,-18
116900118,4,205,-201
116900120,0,0,0
116900121,0,0,0
116900122,3,248,-245
116900123,6,240,-234
116900124,2,44,-42
116900125,2,11,-9
116900126,5,88,-83
116900128,0,9,-9
116900129,1,76,-75
116900130,187,257,-70
116900131,1,37,-36
116900132,3,16,-13
116900133,4,16,-12
116900134,10,33,-23
116900136,2,17,-15
116900137,9,24,-15
116900138,8,21,-13
116900139,3,35,-32
116900140,9,16,-7
116900141,13,31,-18
116900142,0,1,-1
116900143,4,23,-19
116900144,1,1,0
116900145,2,16,-14
116900147,7,8,-1
116900148,0,4,-4
116900149,0,0,0
116900150,1,0,1
116900151,0,0,0
116900153,0,0,0
116900154,2,4,-2
116900155,0,3,-3
116900157,0,0,0
116900158,0,1,-1
116900159,1,43,-42
116900160,0,0,0
116900161,769,136,633
116900162,0,0,0
116900163,0,0,0
116900164,0,2,-2
116900165,0,0,0
116900166,0,0,0
116900167,0,0,0
116900168,2,7,-5
116900169,0,0,0
116900170,0,0,0
116900171,0,0,0
116900172,0,0,0
116900173,1,4,-3
116900174,0,0,0
116900175,0,0,0
116900178,0,0,0
116900179,0,0,0
116900180,2,1,1
116900182,0,0,0
116900183,0,0,0
116900185,0,0,0
116900186,0,0,0
116900187,0,0,0
116900188,3,2,1
116900189,0,0,0
116900191,0,0,0
116900192,0,0,0
116900194,0,0,0
116900195,0,0,0
116900196,0,0,0
116900197,0,0,0
116900198,18,9,9
116900200,0,0,0
116900201,0,0,0
116900202,0,0,0
116900203,0,0,0
116900204,0,8,-8
116900206,0,0,0
116900207,0,5,-5
116900208,0,0,0
116900209,0,0,0
116900210,0,10,-10
116900211,0,0,0
116900212,0,0,0
116900213,0,0,0
116900214,2,10,-8
116900215,0,0,0
116900216,3,9,-6
116900218,2,80,-78
116900219,99,51,48
116900220,0,0,0
116900221,6,24,-18
116900222,0,0,0
116900223,0,0,0
116900226,1,5,-4
116900227,2,6,-4
116900228,5,21,-16
116900230,0,23,-23
116900231,4,36,-32
116900232,0,17,-17
116900233,0,0,0
116900234,0,0,0
116900235,18,169,-151
116900238,32,15,17
116900239,0,18,-18
116900240,224,43,181
116900241,0,0,0
116900242,29,18,11
116900243,1,14,-13
116900245,0,0,0
116900246,0,0,0
116900247,0,0,0
116900248,4,4,0
116900249,0,0,0
116900250,4,15,-11
116900251,0,0,0
116900252,0,47,-47
116900253,0,0,0
116900254,0,0,0
116900255,7,4,3
116900256,21,10,11
116900257,0,139,-139
116900258,0,84,-84
116900259,0,0,0
116900260,1,31,-30
116900261,0,0,0
116900262,1,46,-45
116900263,0,0,0
116900264,0,0,0
116900265,0,0,0
116900266,0,3,-3
116900267,0,1,-1
116900268,0,14,-14
116900269,0,16,-16
116900271,0,0,0
116900272,15,50,-35
116900273,2,1,1
116900274,0,0,0
116900275,0,0,0
116900276,0,0,0
116900277,0,0,0
116900278,0,0,0
116900279,0,1,-1
116900280,0,0,0
116900281,113,26,87
116900282,0,9,-9
116900283,0,9,-9
116900284,1,8,-7
116900285,0,0,0
116900286,0,0,0
116900287,0,0,0
116900288,0,0,0
116900289,0,0,0
116900290,0,0,0
116900291,0,1,-1
116900292,0,0,0
116900293,0,2,-2
116900294,5,12,-7
116900295,0,0,0
116900296,0,0,0
116900297,0,0,0
116900298,0,0,0
116900299,0,0,0
116900300,0,0,0
116900301,0,0,0
116900302,0,9,-9
116900303,0,6,-6
116900304,0,32,-32
116900305,0,0,0
116900306,0,0,0
117000001,154,151,3
117000002,433,1415,-982
117000003,460,114,346
117000004,1340,1769,-429
117000005,103,30,73
117000006,250,1659,-1409
117000007,142,6,136
117000008,307,1642,-1335
117000009,1,0,1
117000010,652,1795,-1143
117000011,0,0,0
117000012,314,902,-588
117000013,0,0,0
117000014,183,1013,-830
117000015,0,1,-1
117000016,13,24,-11
117000017,41,20,21
117000018,9,110,-101
117000019,0,0,0
117000020,135,404,-269
117000021,561,81,480
117000022,32,15,17
117000023,28,64,-36
117000024,60,92,-32
117000025,179,298,-119
117000026,56,32,24
117000027,503,837,-334
117000028,0,0,0
117000030,40,107,-67
117000031,0,0,0
117000032,248,291,-43
117000033,203,233,-30
117000034,24,40,-16
117000035,0,0,0
117000036,43,64,-21
117000037,0,0,0
117000038,12,88,-76
117000039,13,19,-6
117000040,27,484,-457
117000041,0,0,0
117000044,13,367,-354
117000045,0,0,0
117000046,74,301,-227
117000047,0,3,-3
117000048,537,349,188
117000049,25,47,-22
117000050,13,844,-831
117000051,85,20,65
117000052,1,52,-51
117000053,13,9,4
117000054,30,0,30
117000055,8,1335,-1327
117000056,22,2,20
117000057,105,577,-472
117000060,42,211,-169
117000061,2,19,-17
117000062,21,57,-36
117000063,0,0,0
117000064,82,237,-155
117000066,261,154,107
117000067,5,80,-75
117000074,0,0,0
117000076,0,0,0
117000077,24,13,11
117000078,10,132,-122
117000079,2,18,-16
117000080,0,237,-237
117000081,7,2,5
117000082,3,31,-28
117000083,0,0,0
117000084,0,0,0
117000085,14,136,-122
117000086,16,177,-161
117000087,41,250,-209
117000088,0,0,0
117000089,31,23,8
117000090,69,807,-738
117000091,25,10,15
117000092,76,784,-708
117000093,21,9,12
117000094,172,1052,-880
117000095,37,29,8
117000096,170,1601,-1431
117000097,32,53,-21
117000098,548,2003,-1455
117000099,27,37,-10
117000100,5,25,-20
117000101,32,223,-191
117000102,0,0,0
117000103,465,876,-411
117000104,0,0,0
117000105,161,923,-762
117000106,0,0,0
117000107,166,1047,-881
117000108,0,0,0
117000109,650,1204,-554
117000110,0,0,0
117000111,350,419,-69
117000112,125,169,-44
117000113,4,69,-65
117000114,0,0,0
117000115,4,27,-23
117000116,0,13,-13
117000117,77,29,48
117000118,10,26,-16
117000119,2,5,-3
117000120,0,1,-1
117000121,0,4,-4
117000122,0,0,0
117000123,0,1,-1
117000124,0,0,0
117000125,6,4,2
117000126,0,0,0
117000127,4,9,-5
117000128,9,16,-7
117000129,0,0,0
117000130,0,0,0
117000131,0,8,-8
117000132,91,13,78
117000133,0,107,-107
117000134,1,47,-46
117000135,1,28,-27
117000136,1,25,-24
117000137,0,0,0
117000138,0,230,-230
117000140,106,680,-574
117000141,0,0,0
117000181,94,32,62
117000182,0,0,0
117000195,19,195,-176
117000196,0,0,0
117000225,0,0,0
117000226,0,3,-3
117000276,0,0,0
117000277,0,66,-66
117000310,435,837,-402
117000315,0,0,0
117000320,0,0,0
117000906,0,0,0
117000907,0,138,-138
117000908,8,2,6
117000909,8,8,0
117000910,54,84,-30
117000911,17,17,0
117000915,1,147,-146
117000916,0,0,0
117000917,0,0,0
117000918,0,0,0
117000919,2,8,-6
117000920,1,968,-967
117000921,0,334,-334
117000922,0,0,0
117000924,28,10,18
117000926,300,12,288
117000927,8,43,-35
117000928,0,118,-118
117000929,15,94,-79
117000930,7,2,5
117000931,32,15,17
117900002,26,47,-21
117900003,44,24,20
117900005,0,1,-1
117900006,0,3,-3
117900007,3,36,-33
117900008,0,6,-6
117900010,2,30,-28
117900011,0,1,-1
117900012,5,24,-19
117900013,0,29,-29
117900014,5,58,-53
117900015,1,24,-23
117900016,90,20,70
117900017,3,74,-71
117900018,13,4,9
117900019,3,63,-60
117900020,1,12,-11
117900021,3,21,-18
117900022,1,1,0
117900023,8,1,7
117900024,3,34,-31
117900025,0,0,0
117900026,1,46,-45
117900028,0,0,0
117900029,2,93,-91
117900030,4,24,-20
117900031,0,0,0
117900032,5,8,-3
117900033,2,68,-66
117900034,0,0,0
117900035,9,3,6
117900036,2,50,-48
117900037,0,0,0
117900038,1,53,-52
117900039,0,30,-30
117900040,16,68,-52
117900041,1,17,-16
117900042,31,6,25
117900043,4,20,-16
117900044,1,29,-28
117900045,0,0,0
117900048,14,69,-55
117900049,2,44,-42
117900050,0,0,0
117900051,0,0,0
117900052,0,0,0
117900053,52,120,-68
117900054,0,0,0
117900055,0,0,0
117900056,0,0,0
117900057,33,165,-132
117900058,0,0,0
117900059,0,0,0
117900060,20,715,-695
117900061,0,0,0
117900063,2,23,-21
117900065,52,99,-47
117900066,1,0,1
117900067,2,29,-27
117900069,6,54,-48
117900070,0,0,0
117900071,0,0,0
117900073,7,35,-28
117900074,0,0,0
117900075,0,0,0
117900076,0,9,-9
117900077,0,0,0
117900078,5,51,-46
117900080,0,0,0
117900081,45,28,17
117900082,12,21,-9
117900083,5,100,-95
117900086,0,0,0
117900087,0,0,0
117900088,166,87,79
117900089,72,21,51
117900090,7,127,-120
117900091,32,10,22
117900092,0,0,0
117900093,0,0,0
117900094,0,0,0
117900095,3,62,-59
117900096,0,0,0
117900097,0,0,0
117900098,0,0,0
117900099,5,48,-43
117900100,0,0,0
117900101,31,55,-24
117900102,0,0,0
117900103,0,0,0
117900104,0,9,-9
117900105,4,19,-15
117900106,0,0,0
117900107,0,0,0
117900109,13,34,-21
117900110,0,0,0
117900111,0,0,0
117900112,0,0,0
117900113,0,4,-4
117900114,0,0,0
117900115,4,4,0
117900116,26,46,-20
117900117,17,52,-35
117900118,0,0,0
117900119,1,108,-107
117900120,0,11,-11
117900121,0,5,-5
117900122,33,32,1
117900123,38,93,-55
117900124,30,54,-24
117900125,185,134,51
117900126,19,65,-46
117900127,4,62,-58
117900128,4,76,-72
117900129,0,0,0
117900130,0,37,-37
117900131,0,14,-14
117900132,0,28,-28
117900133,0,44,-44
117900134,6,21,-15
117900135,0,56,-56
117900136,0,8,-8
117900137,0,66,-66
117900138,0,5,-5
117900139,0,5,-5
117900140,3,2,1
117900141,12,27,-15
117900142,0,0,0
117900144,0,0,0
117900145,1,1,0
117900146,0,0,0
117900147,0,0,0
117900148,114,112,2
117900149,0,11,-11
117900150,0,21,-21
117900151,1,29,-28
117900152,3,7,-4
117900153,0,10,-10
117900154,5,50,-45
117900156,30,38,-8
117900157,1,15,-14
117900158,0,0,0
117900160,45,33,12
117900161,254,207,47
117900162,0,34,-34
117900163,1,0,1
117900165,0,0,0
117900166,1,10,-9
117900168,1,19,-18
117900169,0,24,-24
117900170,0,3,-3
117900171,0,2,-2
117900172,4,12,-8
117900173,34,13,21
117900174,2,2,0
117900175,0,0,0
117900176,0,1,-1
117900177,0,0,0
117900178,0,0,0
117900180,0,0,0
117900181,0,0,0
117900182,0,0,0
117900183,0,0,0
117900184,0,0,0
117900185,0,0,0
117900186,0,0,0
117900187,0,0,0
117900188,0,0,0
117900189,0,0,0
117900190,0,0,0
117900191,0,0,0
117900192,4,4,0
117900193,0,15,-15
117900194,0,0,0
117900195,0,0,0
117900196,0,0,0
117900207,0,0,0
117900208,0,1,-1
117900209,0,4,-4
117900210,0,0,0
117900211,0,0,0
117900212,6,7,-1
117900213,0,0,0
117900214,0,0,0
117900215,0,0,0
117900216,0,0,0
117900217,2,13,-11
117900218,0,0,0
117900219,0,17,-17
117900220,0,0,0
117900222,14,59,-45
117900223,1,3,-2
118000001,83,90,-7
118000002,268,416,-148
118000003,160,221,-61
118000004,417,322,95
118000005,888,621,267
118000006,2032,1107,925
118000007,867,399,468
118000008,691,488,203
118000009,420,598,-178
118000010,405,667,-262
118000011,104,555,-451
118000012,150,548,-398
118000013,690,630,60
118000014,166,652,-486
118000016,35,106,-71
118000017,0,0,0
118000018,45,121,-76
118000019,874,196,678
118000020,401,308,93
118000021,248,534,-286
118000022,196,32,164
118000023,90,130,-40
118000024,134,146,-12
118000027,3161,544,2617
118000029,99,27,72
118000032,55,59,-4
118000033,209,164,45
118000034,1235,348,887
118000035,87,491,-404
118000036,60,225,-165
118000037,100,280,-180
118000038,0,0,0
118000039,21,29,-8
118000040,55,552,-497
118000041,288,368,-80
118000045,18,1,17
118000046,126,30,96
118000047,94,67,27
118000048,242,128,114
118000051,50,17,33
118000052,46,33,13
118000053,24,15,9
118000054,272,65,207
118000055,229,57,172
118000056,25,5,20
118000057,16,13,3
118000058,73,35,38
118000059,51,45,6
118000060,14,31,-17
118000061,40,56,-16
118000062,19,12,7
118000063,10,27,-17
118000064,30,42,-12
118000065,355,87,268
118000066,35,24,11
118000067,193,135,58
118000068,178,273,-95
118000069,270,72,198
118000070,814,80,734
118000071,522,285,237
118000072,259,165,94
118000073,104,20,84
118000074,4,19,-15
118000075,60,33,27
118000076,173,156,17
118000077,305,231,74
118000078,128,125,3
118000079,50,113,-63
118000080,326,268,58
118000081,85,92,-7
118000082,11,23,-12
118000083,56,40,16
118000084,321,136,185
118000086,24,85,-61
118000087,2216,537,1679
118000088,126,155,-29
118000089,810,1209,-399
118000090,1624,407,1217
118000091,1081,664,417
118000092,153,32,121
118000093,28,45,-17
118000096,10,35,-25
118000097,21,44,-23
118000098,4,7,-3
118000099,60,176,-116
118000101,99,105,-6
118000102,20,184,-164
118000107,747,75,672
118000108,3,45,-42
118000110,0,4,-4
118000111,2,273,-271
118000112,0,0,0
118000113,2,512,-510
118000114,0,0,0
118000115,0,0,0
118000116,0,0,0
118000117,250,232,18
118000118,25,18,7
118000119,29,34,-5
118000120,438,567,-129
118000121,2,94,-92
118000122,100,15,85
118000123,3,69,-66
118000125,274,323,-49
118000126,16,62,-46
118000127,20,32,-12
118000128,175,375,-200
118000129,90,87,3
118000130,1088,1557,-469
118000131,109,449,-340
118000132,81,58,23
118000133,33,77,-44
118000135,0,0,0
118000136,6,72,-66
118000137,93,24,69
118000138,5,60,-55
118000139,14,18,-4
118000140,652,425,227
118000141,155,176,-21
118000142,288,560,-272
118000143,15,59,-44
118000144,58,59,-1
118000145,420,825,-405
118000146,213,353,-140
118000147,190,488,-298
118000148,55,226,-171
118000149,38,159,-121
118000150,11,0,11
118000151,3,13,-10
118000153,13,90,-77
118000154,18,121,-103
118000155,25,78,-53
118000156,433,410,23
118000157,18,23,-5
118000158,10,74,-64
118000159,0,0,0
118000160,0,0,0
118000161,24,248,-224
118000162,13,45,-32
118000163,26,47,-21
118000164,147,74,73
118000168,15,20,-5
118000169,337,594,-257
118000170,405,676,-271
118000171,0,0,0
118000172,0,0,0
118000173,88,170,-82
118000175,31,21,10
118000176,7,43,-36
118000177,0,19,-19
118000178,4,7,-3
118000179,0,0,0
118000180,0,0,0
118000181,204,182,22
118000182,96,107,-11
118000183,69,67,2
118000184,0,0,0
118000185,496,180,316
118000186,192,241,-49
118000187,93,234,-141
118000188,23,56,-33
118000189,17,176,-159
118000190,1,0,1
118000191,0,3,-3
118000192,5,29,-24
118000193,14,41,-27
118000194,359,51,308
118000195,5,5,0
118000196,0,0,0
118000197,30,15,15
118000198,13,3,10
118000199,164,104,60
118000200,0,0,0
118000201,15,6,9
118000202,0,0,0
118000203,88,16,72
118000204,60,48,12
118000205,39,27,12
118000206,3,0,3
118000207,0,15,-15
118000208,83,83,0
118000209,231,527,-296
118000210,0,0,0
118000211,0,0,0
118000213,3,20,-17
118000214,183,55,128
118000215,43,132,-89
118000216,0,0,0
118000217,3,11,-8
118000218,0,7,-7
118000219,5,21,-16
118000220,0,0,0
118000221,2,42,-40
118000222,75,3,72
118000223,0,0,0
118000224,3,9,-6
118000225,2,307,-305
118000226,0,0,0
118000227,80,24,56
118000228,79,24,55
118000229,0,0,0
118000230,6,26,-20
118000231,3,26,-23
118000232,80,252,-172
118000233,13,30,-17
118000234,4,14,-10
118000236,25,60,-35
118000237,0,0,0
118000238,7,62,-55
118000239,0,9,-9
118000240,70,9,61
118000241,0,17,-17
118000242,29,144,-115
118000243,5,21,-16
118000244,2,25,-23
118000246,0,1,-1
118000255,0,11,-11
118000256,0,13,-13
118000259,1,5,-4
118000260,0,0,0
118000261,0,18,-18
118000263,0,30,-30
118000266,9,38,-29
118000267,0,38,-38
118000268,0,1,-1
118000270,0,0,0
118000271,3,37,-34
118000272,0,0,0
118000273,1,22,-21
118000274,19,70,-51
118000276,3,20,-17
118000295,0,20,-20
118000298,30,149,-119
118000299,28,92,-64
118000301,0,11,-11
118000302,4,11,-7
118000311,8,26,-18
118000312,2,35,-33
118000313,1,24,-23
118000314,1,14,-13
118000315,3,15,-12
118000316,3,67,-64
118000325,0,17,-17
118000326,0,0,0
118000331,2,8,-6
118000332,0,6,-6
118000333,0,5,-5
118000335,0,0,0
118000336,0,158,-158
118000407,0,0,0
118000457,4,20,-16
118000465,624,415,209
118000480,0,13,-13
118000489,0,0,0
118000490,23,145,-122
118000492,3,16,-13
118000510,11,8,3
118000514,15,108,-93
118000515,3,29,-26
118000517,102,47,55
118000524,793,196,597
118000525,249,369,-120
118000530,0,0,0
118000531,2,4,-2
118000532,43,93,-50
118000533,88,125,-37
118000534,67,158,-91
118000535,1,7,-6
118000536,52,45,7
118000537,6,31,-25
118000538,1,32,-31
118000539,0,0,0
118000540,29,97,-68
118000541,14,69,-55
118000542,0,0,0
118000543,0,0,0
118000546,7,25,-18
118000560,454,55,399
118000562,0,0,0
118000563,179,69,110
118000576,9,32,-23
118000577,18,22,-4
118000578,8,10,-2
118000579,78,145,-67
118000595,0,0,0
118000596,0,15,-15
118000597,6,13,-7
118000598,0,0,0
118000599,0,0,0
118000600,0,30,-30
118000601,0,0,0
118000602,0,14,-14
118000603,0,47,-47
118900001,0,0,0
118900002,6,27,-21
118900003,0,0,0
118900004,0,0,0
118900005,0,0,0
118900006,0,0,0
118900007,0,0,0
118900008,0,0,0
118900009,0,0,0
118900010,0,0,0
118900011,0,1,-1
118900012,2,3,-1
118900013,0,0,0
118900015,4,0,4
118900016,1,1,0
118900017,0,0,0
118900018,0,0,0
118900019,10,0,10
118900020,0,0,0
118900021,0,3,-3
118900022,4,9,-5
118900023,0,0,0
118900024,0,0,0
118900025,0,0,0
118900026,3,10,-7
118900027,0,0,0
118900028,0,0,0
118900029,0,0,0
118900030,0,0,0
118900031,12,9,3
118900032,0,0,0
118900033,0,0,0
118900034,0,0,0
118900035,4,22,-18
118900036,22,75,-53
118900037,0,0,0
118900038,6,31,-25
118900039,0,0,0
118900040,7,6,1
118900041,0,0,0
118900042,3,12,-9
118900045,8,15,-7
118900046,27,4,23
118900047,71,20,51
118900048,0,0,0
118900049,0,0,0
118900050,0,27,-27
118900051,0,0,0
118900052,0,0,0
118900053,0,0,0
118900054,0,8,-8
118900055,2,20,-18
118900056,0,0,0
118900057,3,35,-32
118900058,0,0,0
118900059,0,0,0
118900060,0,14,-14
118900062,0,0,0
118900064,0,0,0
118900065,0,0,0
118900066,0,0,0
118900067,27,0,27
118900068,0,0,0
118900069,5,36,-31
118900071,0,0,0
118900072,0,0,0
118900073,5,13,-8
118900074,0,0,0
118900075,0,0,0
118900076,0,0,0
118900077,1,14,-13
118900078,1,1,0
118900079,0,0,0
118900080,0,0,0
118900081,0,0,0
118900082,3,5,-2
118900083,0,1,-1
118900084,0,0,0
118900085,10,68,-58
118900086,0,0,0
118900087,0,10,-10
118900088,0,1,-1
118900089,0,0,0
118900090,13,27,-14
118900091,0,0,0
118900092,2,26,-24
118900093,0,0,0
118900096,0,0,0
118900097,9,101,-92
118900099,0,50,-50
118900100,0,0,0
118900101,1,72,-71
118900102,1,8,-7
118900103,2,8,-6
118900104,2,25,-23
118900105,33,9,24
118900107,14,7,7
118900108,0,13,-13
118900110,0,1,-1
118900111,0,0,0
118900112,0,0,0
118900113,0,0,0
118900114,0,0,0
118900115,0,0,0
118900116,7,54,-47
118900117,2,37,-35
118900118,18,106,-88
118900119,7,63,-56
118900120,15,50,-35
118900121,0,0,0
118900122,0,25,-25
118900123,17,60,-43
118900124,0,0,0
118900126,1,24,-23
118900129,0,10,-10
118900130,0,0,0
118900131,2,72,-70
118900132,3,20,-17
118900133,0,0,0
118900135,4,36,-32
118900136,18,147,-129
118900137,0,0,0
118900139,0,0,0
118900140,17,128,-111
118900141,0,0,0
118900144,1,161,-160
118900145,0,0,0
118900146,15,102,-87
118900147,0,0,0
118900148,0,0,0
118900150,0,0,0
118900152,21,117,-96
118900157,0,0,0
118900158,0,0,0
118900159,0,0,0
118900161,0,0,0
118900163,0,0,0
118900164,0,0,0
118900165,1,29,-28
118900166,2,1,1
118900167,1,9,-8
118900168,0,7,-7
118900169,6,57,-51
118900170,0,19,-19
118900171,0,8,-8
118900174,3,15,-12
118900175,4,23,-19
118900176,0,21,-21
118900177,1,3,-2
118900178,1,5,-4
118900179,0,6,-6
118900181,3,10,-7
118900182,0,1,-1
118900183,0,7,-7
118900184,2,4,-2
118900185,3,6,-3
118900186,3,32,-29
118900187,0,0,0
118900188,0,0,0
118900189,0,15,-15
118900190,0,0,0
118900191,0,0,0
118900192,0,0,0
118900193,0,0,0
118900195,0,0,0
118900196,4,36,-32
118900197,0,0,0
118900198,0,5,-5
118900199,2,8,-6
118900200,0,1,-1
118900201,0,2,-2
118900202,2,12,-10
118900203,0,9,-9
118900204,0,6,-6
118900205,0,2,-2
118900206,0,11,-11
119000001,90,102,-12
119000002,180,324,-144
119000003,106,423,-317
119000004,102,261,-159
119000005,175,260,-85
119000006,154,195,-41
119000007,220,363,-143
119000008,321,877,-556
119000009,420,535,-115
119000010,2197,1442,755
119000011,1197,472,725
119000012,1642,908,734
119000013,563,365,198
119000014,449,939,-490
119000019,11,33,-22
119000020,127,191,-64
119000021,293,263,30
119000022,88,152,-64
119000023,0,0,0
119000024,246,429,-183
119000025,2842,294,2548
119000026,0,1,-1
119000027,68,66,2
119000028,189,311,-122
119000029,0,4,-4
119000030,70,169,-99
119000031,82,164,-82
119000032,282,283,-1
119000033,532,416,116
119000034,217,307,-90
119000035,3,190,-187
119000036,107,335,-228
119000037,103,592,-489
119000038,27,271,-244
119000039,20,63,-43
119000040,354,54,300
119000041,518,135,383
119000048,1311,694,617
119000049,146,696,-550
119000050,99,96,3
119000051,110,72,38
119000052,81,129,-48
119000053,153,86,67
119000054,120,751,-631
119000055,338,535,-197
119000056,198,389,-191
119000057,78,505,-427
119000058,129,520,-391
119000059,31,40,-9
119000060,100,177,-77
119000061,20,18,2
119000062,185,303,-118
119000063,55,68,-13
119000064,48,138,-90
119000065,33,205,-172
119000066,138,155,-17
119000067,83,154,-71
119000068,155,304,-149
119000069,41,174,-133
119000070,244,328,-84
119000071,0,0,0
119000072,780,445,335
119000073,457,732,-275
119000074,66,561,-495
119000075,154,1170,-1016
119000076,0,0,0
119000077,0,0,0
119000078,0,6,-6
119000079,0,0,0
119000080,0,1,-1
119000081,0,0,0
119000082,0,1,-1
119000083,3,0,3
119000084,0,0,0
119000085,0,0,0
119000086,0,3,-3
119000087,41,45,-4
119000088,0,4,-4
119000089,0,1,-1
119000090,0,0,0
119000091,8,9,-1
119000092,0,0,0
119000093,604,550,54
119000094,316,882,-566
119000095,102,466,-364
119000097,606,262,344
119000098,135,232,-97
119000099,281,449,-168
119000100,407,466,-59
119000101,507,672,-165
119000102,20,27,-7
119000103,69,4,65
119000104,796,782,14
119000105,0,0,0
119000106,37,793,-756
119000107,0,0,0
119000108,77,751,-674
119000109,0,0,0
119000110,31,115,-84
119000111,0,4,-4
119000112,19,20,-1
119000113,209,25,184
119000114,0,12,-12
119000115,59,22,37
119000116,0,0,0
119000117,8,12,-4
119000118,1,2,-1
119000123,88,11,77
119000124,0,0,0
119000125,0,0,0
119000126,0,0,0
119000127,112,415,-303
119000128,35,10,25
119000131,94,669,-575
119000132,7,4,3
119000133,0,0,0
119000134,0,0,0
119000135,0,0,0
119000136,7,55,-48
119000137,0,0,0
119000138,22,83,-61
119000139,0,0,0
119000140,4,30,-26
119000284,501,1083,-582
119000285,986,1159,-173
119000286,1464,1222,242
119000287,175,718,-543
119000288,251,535,-284
119000289,307,1041,-734
119000290,3,26,-23
119000291,3,87,-84
119000293,37,68,-31
119000294,0,0,0
119000295,523,100,423
119000296,1,4,-3
119000302,902,159,743
119000303,0,0,0
119000314,338,538,-200
119000315,0,7,-7
119000316,0,34,-34
119000317,0,0,0
119900001,7,37,-30
119900002,0,0,0
119900003,1,85,-84
119900004,0,1,-1
119900005,0,0,0
119900006,0,18,-18
119900007,0,0,0
119900008,0,0,0
119900009,1,49,-48
119900010,7,120,-113
119900011,0,0,0
119900012,0,2,-2
119900013,97,79,18
119900014,12,29,-17
119900015,1,0,1
119900016,0,0,0
119900017,0,0,0
119900018,0,0,0
119900019,0,0,0
119900020,0,0,0
119900021,1,1,0
119900022,0,0,0
119900023,0,0,0
119900025,0,0,0
119900026,0,0,0
119900027,0,0,0
119900028,0,0,0
119900029,0,0,0
119900030,4,3,1
119900031,0,0,0
119900033,168,1,167
119900034,0,0,0
119900037,0,0,0
119900038,0,0,0
119900039,0,0,0
119900040,0,0,0
119900041,0,0,0
119900042,0,0,0
119900043,0,0,0
119900044,0,0,0
119900046,0,0,0
119900047,0,0,0
119900048,0,8,-8
119900049,0,0,0
119900050,0,0,0
119900051,0,0,0
119900052,0,0,0
119900053,0,0,0
119900054,0,0,0
119900055,13,17,-4
119900057,0,0,0
119900058,0,0,0
119900059,0,1,-1
119900060,0,0,0
119900062,0,0,0
119900063,0,0,0
119900064,0,0,0
119900065,0,0,0
119900066,0,1,-1
119900067,0,0,0
119900068,0,0,0
119900069,0,0,0
119900070,0,0,0
119900071,0,0,0
119900073,0,30,-30
119900074,0,0,0
119900075,487,152,335
119900076,0,35,-35
119900077,2,191,-189
119900078,0,0,0
119900079,0,0,0
119900080,0,219,-219
119900081,0,27,-27
119900082,0,0,0
119900083,0,0,0
119900084,4,2,2
119900085,34,6,28
119900087,4,7,-3
119900088,1,6,-5
119900089,0,161,-161
119900090,30,1,29
119900091,2,235,-233
119900092,3,130,-127
119900093,27,8,19
119900094,5,44,-39
119900095,0,0,0
119900096,1,14,-13
119900097,59,22,37
119900098,0,1,-1
119900099,0,33,-33
119900100,467,172,295
119900101,35,138,-103
119900102,0,44,-44
119900103,1,74,-73
119900104,0,37,-37
119900105,41,434,-393
119900106,2,34,-32
119900107,28,264,-236
119900108,347,180,167
119900109,0,10,-10
119900110,18,130,-112
119900111,0,1,-1
119900112,188,15,173
119900113,0,0,0
119900114,5,340,-335
119900115,0,0,0
119900116,1,26,-25
119900117,18,149,-131
119900118,0,0,0
119900119,0,29,-29
119900120,82,74,8
119900121,1,95,-94
119900122,0,0,0
119900123,0,8,-8
119900124,2,69,-67
119900125,0,0,0
119900126,622,16,606
119900127,0,0,0
119900128,0,44,-44
119900129,1,26,-25
119900130,0,0,0
119900131,1,17,-16
119900132,0,0,0
119900133,0,4,-4
119900134,122,12,110
119900135,0,0,0
119900136,0,0,0
119900138,0,0,0
119900139,0,10,-10
119900140,0,1,-1
119900141,0,0,0
119900142,0,0,0
119900143,0,2,-2
119900144,0,0,0
119900145,0,30,-30
119900146,6,7,-1
119900147,0,0,0
119900148,0,0,0
119900149,1,21,-20
119900150,8,10,-2
119900151,55,12,43
119900152,0,0,0
119900153,0,0,0
119900154,1,99,-98
119900155,0,5,-5
119900156,0,0,0
119900157,0,0,0
119900158,0,0,0
119900159,0,378,-378
119900160,3,13,-10
119900161,0,0,0
119900162,0,1,-1
119900163,3,5,-2
119900164,0,2,-2
119900165,0,0,0
119900166,0,0,0
119900167,0,2,-2
119900168,0,0,0
119900169,13,15,-2
119900170,4,2,2
119900171,21,29,-8
119900172,0,0,0
119900173,1,104,-103
119900174,0,1,-1
119900175,0,0,0
119900177,2,45,-43
119900178,0,1,-1
119900179,0,1,-1
119900180,0,0,0
119900181,0,0,0
119900182,0,44,-44
119900183,4,105,-101
119900184,28,3,25
119900185,0,0,0
119900186,0,0,0
119900187,1,84,-83
119900188,0,19,-19
119900189,3,7,-4
119900190,0,0,0
119900191,0,0,0
119900192,0,22,-22
119900193,0,0,0
119900194,0,0,0
119900195,2,21,-19
119900196,0,0,0
119900197,0,0,0
119900198,8,60,-52
119900199,0,0,0
119900200,0,0,0
119900201,14,17,-3
119900202,0,0,0
119900203,0,0,0
119900204,0,0,0
119900205,0,0,0
119900206,0,0,0
119900208,0,0,0
119900209,2,10,-8
119900210,0,1,-1
119900211,0,0,0
119900212,0,31,-31
119900213,0,8,-8
119900214,0,7,-7
119900215,0,19,-19
119900216,1,38,-37
119900217,0,11,-11
119900218,0,14,-14
119900219,0,4,-4
119900220,0,6,-6
119900221,0,0,0
119900222,0,0,0
119900223,0,0,0
119900224,0,0,0
119900225,0,0,0
119900226,0,0,0
119900227,275,32,243
119900228,0,12,-12
119900229,0,0,0
119900230,35,7,28
119900231,0,0,0
119900232,0,0,0
119900233,0,0,0
119900234,2,1,1
119900235,0,0,0
119900236,0,0,0
119900237,0,0,0
119900238,0,27,-27
119900240,4,21,-17
119900241,3,84,-81
119900242,1,22,-21
119900244,0,0,0
119900245,1,2,-1
119900246,0,0,0
119900247,0,0,0
119900248,0,0,0
119900249,0,0,0
119900253,0,0,0
119900254,0,0,0
119900255,2,127,-125
119900256,0,74,-74
119900257,0,0,0
119900258,0,0,0
119900259,0,11,-11
119900260,0,0,0
119900261,0,0,0
119900262,0,68,-68
119900263,44,68,-24
119900264,0,0,0
119900265,0,0,0
119900266,0,0,0
119900267,0,18,-18
119900268,0,38,-38
119900269,12,129,-117
119900271,0,0,0
119900272,0,0,0
119900275,2,2,0
119900276,0,0,0
119900277,0,0,0
119900278,16,3,13
119900279,4,0,4
119900280,68,30,38
119900281,0,18,-18
119900282,0,0,0
119900283,0,0,0
119900284,1,98,-97
119900285,46,18,28
119900286,26,7,19
119900288,1,32,-31
119900289,1,29,-28
119900290,0,7,-7
119900291,0,2,-2
119900292,0,1,-1
119900293,0,0,0
119900294,0,0,0
119900295,0,0,0
119900296,0,6,-6
119900299,0,0,0
119900300,0,0,0
119900301,0,1,-1
119900302,0,3,-3
119900303,1,16,-15
119900304,0,0,0
119900305,0,0,0
119900306,0,0,0
119900307,0,0,0
119900308,1,1,0
119900309,0,0,0
119900310,18,16,2
119900311,0,0,0
119900312,0,0,0
119900313,4,16,-12
119900314,0,0,0
119900315,2,275,-273
119900318,0,0,0
119900319,0,48,-48
119900320,0,142,-142
119900321,0,0,0
119900322,27,10,17
119900323,2,14,-12
119900324,0,9,-9
119900325,0,89,-89
119900326,0,0,0
120000001,1204,521,683
120000002,357,750,-393
120000003,598,509,89
120000004,662,710,-48
120000005,1967,914,1053
120000006,342,408,-66
120000007,773,855,-82
120000008,223,603,-380
120000009,1848,343,1505
120000010,310,1414,-1104
120000011,222,831,-609
120000012,515,1478,-963
120000013,332,1044,-712
120000014,74,540,-466
120000015,363,639,-276
120000016,278,65,213
120000017,62,80,-18
120000018,391,329,62
120000019,88,101,-13
120000020,317,291,26
120000021,337,332,5
120000022,1197,478,719
120000023,164,246,-82
120000024,271,384,-113
120000025,246,505,-259
120000026,61,478,-417
120000027,258,561,-303
120000028,73,345,-272
120000029,317,155,162
120000030,4,63,-59
120000031,278,292,-14
120000032,2585,354,2231
120000033,150,354,-204
120000034,89,636,-547
120000035,105,253,-148
120000036,136,363,-227
120000037,8,40,-32
120000038,1839,272,1567
120000039,43,146,-103
120000040,8,32,-24
120000041,31,343,-312
120000042,67,940,-873
120000043,253,489,-236
120000044,302,193,109
120000045,311,190,121
120000046,179,226,-47
120000047,282,351,-69
120000048,2153,341,1812
120000049,317,620,-303
120000050,328,783,-455
120000051,1206,957,249
120000052,4907,228,4679
120000053,83,878,-795
120000054,177,2256,-2079
120000055,158,1408,-1250
120000056,152,1517,-1365
120000057,68,457,-389
120000058,13,51,-38
120000059,8,20,-12
120000061,36,391,-355
120000062,21,91,-70
120000063,599,1417,-818
120000064,46,667,-621
120000065,45,613,-568
120000066,18,127,-109
120000067,10,161,-151
120000068,23,485,-462
120000069,80,791,-711
120000070,9,259,-250
120000071,35,25,10
120000072,78,200,-122
120000073,47,30,17
120000074,7,29,-22
120000075,31,66,-35
120000076,84,123,-39
120000077,103,131,-28
120000078,529,188,341
120000079,0,0,0
120000080,0,0,0
120000081,0,0,0
120000082,0,0,0
120000083,0,0,0
120000084,82,76,6
120000085,49,66,-17
120000086,28,158,-130
120000087,8,344,-336
120000088,39,91,-52
120000089,0,0,0
120000090,0,0,0
120000091,0,0,0
120000092,0,0,0
120000093,0,0,0
120000094,0,0,0
120000095,73,93,-20
120000096,12,189,-177
120000098,66,163,-97
120000099,22,98,-76
120000100,63,112,-49
120000101,22,92,-70
120000102,18,50,-32
120000103,58,52,6
120000104,80,19,61
120000105,75,23,52
120000106,71,29,42
120000107,78,31,47
120000108,23,12,11
120000109,95,6,89
120000110,26,410,-384
120000111,36,566,-530
120000112,102,1750,-1648
120000113,98,1164,-1066
120000114,94,944,-850
120000115,81,1031,-950
120000116,74,854,-780
120000117,462,655,-193
120000118,0,0,0
120000119,0,0,0
120000120,0,0,0
120000121,0,0,0
120000122,0,0,0
120000123,295,109,186
120000124,13,26,-13
120000125,20,133,-113
120000126,7,58,-51
120000127,53,70,-17
120000128,154,166,-12
120000129,4,5,-1
120000130,0,0,0
120000131,17,106,-89
120000134,0,0,0
120000135,5,53,-48
120000137,0,0,0
120000138,6,47,-41
120000139,0,0,0
120000140,17,84,-67
120000141,0,0,0
120000142,4,44,-40
120000143,0,0,0
120000144,0,0,0
120000145,1,1,0
120000146,342,81,261
120000149,31,143,-112
120000150,19,130,-111
120000151,0,0,0
120000152,0,0,0
120000153,38,347,-309
120000154,97,199,-102
120000155,0,0,0
120000156,0,0,0
120000157,0,0,0
120000158,95,388,-293
120000159,385,1256,-871
120000160,453,178,275
120000161,100,675,-575
120000162,8,40,-32
120000163,31,524,-493
120000164,41,250,-209
120000165,26,334,-308
120000166,44,186,-142
120000167,1,7,-6
120000168,0,7,-7
120000169,60,41,19
120000170,114,12,102
120000171,29,3,26
120000172,2,5,-3
120000173,182,10,172
120000174,23,4,19
120000175,22,2,20
120000176,7,29,-22
120000177,123,253,-130
120000178,5,1,4
120000179,14,9,5
120000180,77,30,47
120000181,12,33,-21
120000182,7,15,-8
120000183,0,58,-58
120000184,9,1393,-1384
120000186,1,6,-5
120000187,0,5,-5
120000188,0,5,-5
120000190,0,0,0
120000191,0,0,0
120000192,0,0,0
120000193,0,0,0
120000195,0,0,0
120000196,0,0,0
120000197,0,0,0
120000198,0,26,-26
120000199,0,0,0
120000200,0,0,0
120000201,0,0,0
120000202,0,11,-11
120000203,0,66,-66
120000207,0,0,0
120000208,0,0,0
120000209,0,0,0
120000210,0,0,0
120000211,2,0,2
120000212,0,0,0
120000213,1,0,1
120000214,0,0,0
120000215,0,0,0
120000216,0,2,-2
120000217,78,295,-217
120000218,51,338,-287
120000219,1,227,-226
120000220,7,735,-728
120000225,0,0,0
120000226,0,0,0
120000227,0,0,0
120000228,1370,201,1169
120000230,0,0,0
120000231,0,0,0
120000233,0,1,-1
120000235,54,377,-323
120000236,0,2,-2
120000237,3,516,-513
120000238,0,21,-21
120000241,0,0,0
120000412,0,0,0
120000413,0,0,0
120000414,0,0,0
120000415,0,0,0
120000416,0,0,0
120000417,0,0,0
120000418,0,0,0
120000419,0,0,0
120000420,0,0,0
120000421,5740,2865,2875
120000422,79,89,-10
120000423,0,5,-5
120000424,1,29,-28
120000436,18,26,-8
120000437,54,42,12
120000438,1423,66,1357
120000439,15,67,-52
120000443,0,0,0
120000444,19,287,-268
120000445,46,41,5
120000446,95,14,81
120000447,0,1,-1
120000449,0,0,0
120000450,0,0,0
120000451,4,32,-28
120000452,0,0,0
120000453,0,296,-296
120000454,0,0,0
120000455,4,15,-11
120000456,470,406,64
120000457,223,146,77
120000458,168,220,-52
120000459,0,0,0
120000665,89,9,80
120000668,4,69,-65
120000669,0,0,0
120000670,11,43,-32
120000671,128,92,36
120000672,27,259,-232
120900001,0,0,0
120900002,0,0,0
120900003,0,0,0
120900004,0,1,-1
120900005,0,0,0
120900006,0,0,0
120900007,3,13,-10
120900008,1,23,-22
120900009,0,0,0
120900010,1,0,1
120900011,0,0,0
120900012,29,14,15
120900013,0,0,0
120900014,0,0,0
120900015,0,0,0
120900016,0,0,0
120900017,191,12,179
120900018,0,0,0
120900019,0,2,-2
120900020,7,11,-4
120900021,0,0,0
120900022,0,0,0
120900023,0,0,0
120900024,77,46,31
120900025,5,2,3
120900026,0,0,0
120900027,0,0,0
120900028,2,2,0
120900029,0,0,0
120900030,4,5,-1
120900031,0,0,0
120900032,0,0,0
120900033,0,0,0
120900034,0,0,0
120900035,0,0,0
120900037,1,0,1
120900038,0,0,0
120900039,0,0,0
120900040,0,0,0
120900041,0,0,0
120900042,0,0,0
120900043,0,0,0
120900044,0,0,0
120900045,0,0,0
120900046,1,1,0
120900047,0,0,0
120900048,0,0,0
120900049,0,0,0
120900050,0,0,0
120900051,0,0,0
120900052,0,0,0
120900053,0,0,0
120900054,0,0,0
120900055,2,0,2
120900056,0,0,0
120900057,0,1,-1
120900058,0,0,0
120900059,0,0,0
120900060,0,0,0
120900061,0,0,0
120900062,2,0,2
120900063,0,0,0
120900064,0,0,0
120900065,0,2,-2
120900066,0,83,-83
120900067,0,0,0
120900068,0,0,0
120900069,0,0,0
120900071,0,0,0
120900072,0,0,0
120900073,0,2,-2
120900074,0,0,0
120900076,0,0,0
120900077,0,0,0
120900078,1,212,-211
120900079,0,6,-6
120900080,0,247,-247
120900081,0,1,-1
120900082,0,44,-44
120900083,2,0,2
120900084,0,2,-2
120900085,0,0,0
120900086,16,0,16
120900087,0,0,0
120900088,2,0,2
120900089,460,58,402
120900090,0,3,-3
120900091,0,0,0
120900092,19,77,-58
120900093,0,0,0
120900094,46,23,23
120900095,0,0,0
120900096,0,2,-2
120900097,40,134,-94
120900098,0,0,0
120900099,0,7,-7
120900100,0,7,-7
120900101,0,0,0
120900102,0,0,0
120900103,3,2,1
120900104,1,2,-1
120900105,0,0,0
120900106,194,88,106
120900107,57,29,28
120900108,0,2,-2
120900109,0,127,-127
120900110,0,0,0
120900111,1,18,-17
120900112,0,2,-2
120900113,1,219,-218
120900114,1,37,-36
120900115,41,54,-13
120900116,1,43,-42
120900117,0,1,-1
120900118,1,216,-215
120900119,0,0,0
120900120,4,130,-126
120900121,16,43,-27
120900122,1,38,-37
120900123,0,13,-13
120900124,0,153,-153
120900125,0,141,-141
120900126,105,93,12
120900127,1,23,-22
120900128,113,182,-69
120900129,6,77,-71
120900130,2,98,-96
120900131,0,0,0
120900132,1,0,1
120900133,22,213,-191
120900134,40,108,-68
120900135,2,170,-168
120900136,0,0,0
120900137,0,1,-1
120900138,1,34,-33
120900139,2,196,-194
120900140,0,1,-1
120900141,0,1,-1
120900142,1,220,-219
120900143,2,205,-203
120900144,0,71,-71
120900145,3,200,-197
120900146,2,187,-185
120900147,0,19,-19
120900148,0,3,-3
120900149,2,94,-92
120900150,2,109,-107
120900151,1,138,-137
120900152,0,5,-5
120900153,0,1,-1
120900154,2,60,-58
120900155,11,329,-318
120900156,0,126,-126
120900157,1,3,-2
120900158,1,143,-142
120900159,0,13,-13
120900160,13,137,-124
120900161,0,140,-140
120900162,0,141,-141
120900163,0,0,0
120900164,0,0,0
120900165,0,0,0
120900166,0,3,-3
120900167,4,4,0
120900169,3,98,-95
120900170,80,26,54
120900171,124,21,103
120900172,0,0,0
120900173,0,19,-19
120900174,2,26,-24
120900175,0,0,0
120900176,0,6,-6
120900177,0,6,-6
120900178,0,1,-1
120900179,87,32,55
120900180,0,3,-3
120900181,0,0,0
120900182,0,0,0
120900183,0,0,0
120900184,0,0,0
120900185,0,9,-9
120900186,0,135,-135
120900187,0,10,-10
120900188,0,0,0
120900189,0,0,0
120900190,0,0,0
120900191,0,1,-1
120900192,725,33,692
120900194,0,0,0
120900195,10,43,-33
120900196,0,0,0
120900197,0,0,0
120900198,20,111,-91
120900199,6,150,-144
120900200,0,0,0
120900201,64,21,43
120900202,0,55,-55
120900203,0,0,0
120900204,116,132,-16
120900205,0,0,0
120900206,0,0,0
121000001,319,640,-321
121000002,349,237,112
121000003,3063,1033,2030
121000004,619,403,216
121000005,986,941,45
121000006,882,409,473
121000007,1476,1514,-38
121000008,1287,614,673
121000009,4223,2088,2135
121000010,3422,913,2509
121000011,8231,2275,5956
121000012,6617,1368,5249
121000013,3394,2430,964
121000014,3289,2087,1202
121000015,1764,2303,-539
121000016,2497,2204,293
121000017,365,918,-553
121000018,754,533,221
121000019,4222,1496,2726
121000020,3905,1487,2418
121000021,642,935,-293
121000022,557,542,15
121000023,1089,976,113
121000024,668,1247,-579
121000025,122,71,51
121000026,38,17,21
121000027,779,178,601
121000028,126,60,66
121000029,19,75,-56
121000030,31,34,-3
121000031,35,131,-96
121000032,50,22,28
121000034,0,0,0
121000035,11,24,-13
121000036,50,99,-49
121000037,113,196,-83
121000038,129,130,-1
121000039,11,67,-56
121000041,16,54,-38
121000042,0,0,0
121000043,54,18,36
121000044,202,93,109
121000045,15,72,-57
121000046,21,57,-36
121000047,2,8,-6
121000049,293,193,100
121000050,77,494,-417
121000051,54,36,18
121000052,35,192,-157
121000053,0,0,0
121000054,6,66,-60
121000055,476,248,228
121000056,235,240,-5
121000057,52,54,-2
121000058,91,48,43
121000059,96,63,33
121000060,108,74,34
121000061,4,19,-15
121000062,24,13,11
121000063,81,266,-185
121000064,28,33,-5
121000065,27,69,-42
121000066,42,80,-38
121000067,105,65,40
121000068,0,1,-1
121000069,0,0,0
121000070,108,223,-115
121000071,96,199,-103
121000072,233,94,139
121000073,251,255,-4
121000074,25,49,-24
121000075,23,22,1
121000076,44,35,9
121000077,0,0,0
121000078,15,56,-41
121000080,446,166,280
121000081,336,354,-18
121000082,90,118,-28
121000083,0,0,0
121000084,59,55,4
121000085,261,173,88
121000086,0,0,0
121000087,0,0,0
121000088,132,256,-124
121000089,1,3,-2
121000090,58,175,-117
121000091,687,567,120
121000092,48,32,16
121000093,22,55,-33
121000094,106,57,49
121000095,0,0,0
121000096,1548,1112,436
121000097,769,683,86
121000098,131,346,-215
121000099,102,306,-204
121000100,38,243,-205
121000101,0,0,0
121000102,17,137,-120
121000103,0,0,0
121000104,13,80,-67
121000105,39,106,-67
121000106,0,0,0
121000107,775,1099,-324
121000109,599,605,-6
121000110,54,99,-45
121000114,919,1141,-222
121000115,371,371,0
121000116,192,374,-182
121000117,29,0,29
121000118,72,13,59
121000119,12,23,-11
121000120,0,0,0
121000121,0,0,0
121000123,0,0,0
121000126,3,28,-25
121000127,3,16,-13
121000128,44,218,-174
121000129,43,160,-117
121000130,151,288,-137
121000131,236,210,26
121000132,226,164,62
121000135,22,23,-1
121000136,143,46,97
121000137,31,1,30
121000138,55,71,-16
121000139,137,57,80
121000141,31,34,-3
121000142,166,137,29
121000143,0,0,0
121000144,59,46,13
121000145,46,192,-146
121000146,121,186,-65
121000147,85,109,-24
121000148,73,150,-77
121000149,289,396,-107
121000152,74,39,35
121000153,462,95,367
121000154,194,33,161
121000155,321,176,145
121000156,184,227,-43
121000157,211,102,109
121000158,62,78,-16
121000159,10,140,-130
121000160,25,116,-91
121000161,1,3,-2
121000162,0,2,-2
121000165,0,0,0
121000166,9,37,-28
121000168,53,71,-18
121000169,6,118,-112
121000170,50,21,29
121000171,41,93,-52
121000172,106,152,-46
121000173,364,153,211
121000174,46,156,-110
121000175,100,124,-24
121000176,153,89,64
121000177,38,82,-44
121000178,10,18,-8
121000179,18,15,3
121000181,53,90,-37
121000182,62,20,42
121000183,12,2,10
121000184,1,5,-4
121000185,0,0,0
121000186,9,119,-110
121000187,0,0,0
121000188,0,0,0
121000192,116,89,27
121000193,75,111,-36
121000194,1559,750,809
121000195,108,383,-275
121000196,0,0,0
121000197,52,248,-196
121000198,23,65,-42
121000199,16,411,-395
121000200,78,42,36
121000201,3,60,-57
121000202,8,1,7
121000203,5,195,-190
121000204,76,18,58
121000205,70,395,-325
121000206,23,68,-45
121000207,127,132,-5
121000208,1,127,-126
121000209,17,363,-346
121000210,90,282,-192
121000211,5,73,-68
121000212,93,281,-188
121000213,323,256,67
121000214,128,203,-75
121000215,294,233,61
121000216,57,147,-90
121000217,892,261,631
121000218,141,855,-714
121000219,170,101,69
121000220,150,93,57
121000221,35,26,9
121000222,672,1260,-588
121000223,49,133,-84
121000224,0,0,0
121000225,155,149,6
121000226,87,84,3
121000227,3,79,-76
121000228,10,820,-810
121000229,4,445,-441
121000230,34,1596,-1562
121000231,0,0,0
121000232,0,0,0
121000233,6,25,-19
121000234,0,0,0
121000235,0,0,0
121000236,0,0,0
121000237,2,1,1
121000238,0,0,0
121000239,0,0,0
121000240,0,0,0
121000241,4,2,2
121000242,0,0,0
121000243,3,0,3
121000244,0,0,0
121000245,0,0,0
121000246,0,3,-3
121000247,1,0,1
121000248,0,16,-16
121000249,10,109,-99
121000250,27,26,1
121000251,4,259,-255
121000252,13,1,12
121000253,62,561,-499
121000254,122,45,77
121000255,28,54,-26
121000256,15,21,-6
121000257,13,43,-30
121000258,18,7,11
121000259,14,19,-5
121000260,11,53,-42
121000261,4,6,-2
121000262,359,215,144
121000263,114,139,-25
121000271,136,354,-218
121000273,6,16,-10
121000274,0,4,-4
121000275,6,17,-11
121000276,1,0,1
121000278,0,1,-1
121000279,4,16,-12
121000280,0,0,0
121000289,5,3,2
121000290,250,212,38
121000294,7,68,-61
121000297,84,104,-20
121000299,6,140,-134
121000300,149,115,34
121000302,50,83,-33
121000303,152,81,71
121000304,0,0,0
121000305,0,0,0
121000306,0,0,0
121000308,60,108,-48
121000309,176,220,-44
121000310,20,199,-179
121000311,18,360,-342
121000312,0,0,0
121000313,239,178,61
121000314,73,29,44
121000315,61,16,45
121000530,109,376,-267
121000531,134,319,-185
121000532,1247,384,863
121000533,779,410,369
121000918,3,88,-85
121000919,0,0,0
121000938,139,26,113
121000939,83,8,75
121000956,120,457,-337
121000957,4,89,-85
121000958,5,118,-113
121000959,65,410,-345
121000960,96,781,-685
121000961,9,0,9
121000962,0,0,0
121000973,0,150,-150
121000976,0,0,0
121000979,0,0,0
121000981,10,2,8
121000982,0,0,0
121000983,36,194,-158
121000984,1,8,-7
121000985,57,162,-105
121000986,5,43,-38
121000987,51,788,-737
121000988,145,16,129
121001302,132,68,64
121001308,2,7,-5
121001309,6,6,0
121001313,9,169,-160
121001314,4177,1912,2265
121001315,1351,954,397
121900001,0,0,0
121900002,0,5,-5
121900003,0,0,0
121900004,0,0,0
121900005,0,1,-1
121900006,0,0,0
121900007,0,0,0
121900008,0,0,0
121900009,0,0,0
121900010,0,0,0
121900011,0,0,0
121900012,0,0,0
121900013,0,0,0
121900014,0,0,0
121900015,0,0,0
121900016,0,0,0
121900017,0,0,0
121900018,0,0,0
121900019,0,0,0
121900020,0,0,0
121900021,0,0,0
121900022,0,0,0
121900023,0,0,0
121900024,0,0,0
121900025,0,0,0
121900026,0,0,0
121900027,0,0,0
121900028,0,0,0
121900029,0,0,0
121900030,0,0,0
121900031,0,0,0
121900032,0,0,0
121900033,0,0,0
121900034,0,0,0
121900035,0,0,0
121900036,0,0,0
121900037,0,0,0
121900038,0,0,0
121900039,0,0,0
121900040,0,0,0
121900041,0,0,0
121900042,0,0,0
121900043,0,0,0
121900044,0,0,0
121900046,0,0,0
121900047,0,0,0
121900048,0,0,0
121900050,0,0,0
121900051,0,0,0
121900052,0,0,0
121900053,15,43,-28
121900054,0,0,0
121900055,0,0,0
121900058,0,0,0
121900059,0,0,0
121900060,0,0,0
121900061,0,0,0
121900062,0,0,0
121900063,0,0,0
121900064,0,0,0
121900066,0,0,0
121900067,0,0,0
121900069,0,0,0
121900070,0,0,0
121900071,0,0,0
121900072,0,0,0
121900073,0,0,0
121900074,0,0,0
121900075,0,0,0
121900076,0,0,0
121900077,0,0,0
121900078,0,0,0
121900079,0,0,0
121900080,0,0,0
121900082,0,0,0
121900084,0,0,0
121900085,0,0,0
121900086,0,0,0
121900087,0,0,0
121900088,0,0,0
121900089,0,0,0
121900090,0,0,0
121900091,0,0,0
121900092,0,0,0
121900093,0,0,0
121900094,0,0,0
121900095,0,0,0
121900096,0,0,0
121900097,0,0,0
121900098,0,0,0
121900099,0,0,0
121900100,0,0,0
121900101,0,0,0
121900102,0,0,0
121900103,0,0,0
121900104,0,0,0
121900105,0,0,0
121900106,0,0,0
121900107,0,0,0
121900108,0,0,0
121900109,0,0,0
121900110,0,0,0
121900111,0,0,0
121900112,0,0,0
121900113,0,0,0
121900114,0,0,0
121900117,0,0,0
121900118,0,0,0
121900119,0,0,0
121900120,0,0,0
121900121,0,0,0
121900122,0,0,0
121900123,0,0,0
121900124,0,0,0
121900125,0,0,0
121900127,0,0,0
121900128,0,0,0
121900129,0,0,0
121900130,0,0,0
121900131,0,0,0
121900132,0,0,0
121900133,0,0,0
121900134,0,0,0
121900135,0,0,0
121900136,0,0,0
121900137,0,0,0
121900138,0,0,0
121900139,0,0,0
121900140,0,0,0
121900141,0,0,0
121900142,0,0,0
121900143,0,0,0
121900144,5,0,5
121900145,0,0,0
121900146,0,0,0
121900147,0,0,0
121900148,0,0,0
121900149,0,0,0
121900150,0,1,-1
121900151,0,0,0
121900152,0,0,0
121900153,0,0,0
121900154,0,0,0
121900155,0,0,0
121900156,0,0,0
121900157,0,0,0
121900158,0,0,0
121900159,0,0,0
121900160,0,0,0
121900161,0,0,0
121900162,0,0,0
121900163,0,1,-1
121900164,0,0,0
121900165,0,0,0
121900166,0,0,0
121900167,0,0,0
121900168,0,0,0
121900169,0,72,-72
121900170,0,0,0
121900171,0,0,0
121900172,0,0,0
121900173,0,0,0
121900174,0,0,0
121900175,0,0,0
121900176,12,132,-120
121900177,1,0,1
121900178,0,0,0
121900179,0,0,0
121900180,11,6,5
121900182,0,0,0
121900183,0,0,0
121900184,0,0,0
121900186,0,0,0
121900187,0,7,-7
121900188,0,0,0
121900189,0,0,0
121900190,0,0,0
121900191,0,0,0
121900192,0,0,0
121900193,0,0,0
121900194,0,0,0
121900195,0,0,0
121900196,0,0,0
121900197,2,90,-88
121900198,0,0,0
121900199,0,0,0
121900200,0,0,0
121900201,0,0,0
121900202,2,2,0
121900203,0,0,0
121900204,0,0,0
121900205,0,0,0
121900206,0,0,0
121900207,0,0,0
121900208,0,0,0
121900209,0,0,0
121900210,0,0,0
121900211,0,0,0
121900212,0,0,0
121900213,0,0,0
121900214,0,0,0
121900215,0,0,0
121900216,0,0,0
121900217,0,0,0
121900218,0,0,0
121900220,0,0,0
121900221,0,0,0
121900222,0,0,0
121900223,0,0,0
121900224,0,0,0
121900225,0,0,0
121900226,0,0,0
121900227,0,0,0
121900228,0,0,0
121900230,0,0,0
121900231,0,0,0
121900232,0,0,0
121900233,0,0,0
121900234,0,0,0
121900235,0,0,0
121900236,0,0,0
121900237,0,0,0
121900238,0,0,0
121900239,0,0,0
121900240,0,0,0
121900241,0,0,0
121900242,0,0,0
121900243,0,0,0
121900244,0,0,0
121900245,0,0,0
121900246,0,0,0
121900247,0,0,0
121900248,0,0,0
121900250,0,0,0
121900251,0,0,0
121900252,0,0,0
121900253,0,0,0
121900254,0,0,0
121900255,0,0,0
121900258,0,0,0
121900259,0,0,0
121900260,0,0,0
121900261,0,0,0
121900262,0,0,0
121900263,0,0,0
121900264,0,0,0
121900265,0,0,0
121900266,0,0,0
121900267,0,0,0
121900269,0,0,0
121900270,0,0,0
121900271,0,0,0
121900273,0,0,0
121900274,0,0,0
121900277,0,0,0
121900278,0,0,0
121900279,0,0,0
121900280,0,0,0
121900281,0,0,0
121900284,0,0,0
121900286,1,30,-29
121900287,0,3,-3
121900288,0,0,0
121900290,0,0,0
121900291,11,21,-10
121900292,0,0,0
121900293,19,241,-222
121900294,0,0,0
121900295,0,0,0
121900296,0,0,0
121900298,0,0,0
121900299,0,0,0
121900300,0,0,0
121900301,0,0,0
121900302,0,0,0
121900303,0,0,0
121900304,0,0,0
121900305,0,0,0
121900306,0,0,0
121900307,0,0,0
121900308,0,27,-27
121900309,0,26,-26
121900310,2,24,-22
121900311,0,0,0
121900312,0,0,0
121900313,0,0,0
121900314,0,0,0
121900315,0,0,0
121900316,0,0,0
121900317,0,0,0
121900318,0,0,0
121900319,0,0,0
121900320,0,0,0
121900321,0,0,0
121900322,0,0,0
121900323,0,0,0
121900324,0,0,0
121900325,0,0,0
121900326,0,0,0
121900327,0,0,0
121900328,0,0,0
121900329,0,0,0
121900330,0,0,0
121900331,0,0,0
121900332,0,0,0
121900333,0,0,0
122000001,570,813,-243
122000002,719,370,349
122000003,494,308,186
122000004,438,231,207
122000005,340,142,198
122000006,173,72,101
122000007,85,138,-53
122000008,749,483,266
122000009,139,20,119
122000010,425,256,169
122000011,283,136,147
122000012,143,233,-90
122000013,210,245,-35
122000014,209,234,-25
122000015,144,97,47
122000016,102,108,-6
122000017,312,269,43
122000018,309,522,-213
122000019,197,745,-548
122000020,40,40,0
122000021,197,87,110
122000022,191,86,105
122000023,109,87,22
122000024,99,158,-59
122000025,102,207,-105
122000026,90,20,70
122000027,317,552,-235
122000028,0,0,0
122000029,0,0,0
122000030,143,44,99
122000031,0,1,-1
122000032,65,100,-35
122000033,51,76,-25
122000034,189,213,-24
122000035,223,214,9
122000036,84,208,-124
122000037,91,85,6
122000038,51,101,-50
122000039,136,141,-5
122000040,114,100,14
122000041,2,2,0
122000042,0,1,-1
122000043,0,0,0
122000044,0,0,0
122000045,54,38,16
122000046,25,74,-49
122000047,121,72,49
122000048,703,486,217
122000049,1502,709,793
122000050,176,203,-27
122000051,0,1,-1
122000052,10,14,-4
122000053,8,133,-125
122000054,414,301,113
122000055,455,650,-195
122000056,763,770,-7
122000057,1303,823,480
122000058,721,693,28
122000059,775,663,112
122000060,270,187,83
122000061,94,58,36
122000062,363,72,291
122000063,76,130,-54
122000064,820,884,-64
122000065,999,865,134
122000066,438,441,-3
122000067,219,441,-222
122000068,224,175,49
122000069,323,243,80
122000070,31,51,-20
122000071,42,69,-27
122000072,119,75,44
122000073,75,117,-42
122000074,17,5,12
122000075,5,12,-7
122000076,153,119,34
122000077,142,260,-118
122000078,392,653,-261
122000079,252,243,9
122000080,45,69,-24
122000081,25,28,-3
122000082,0,0,0
122000083,242,342,-100
122000084,250,263,-13
122000085,92,399,-307
122000086,476,560,-84
122000087,24,17,7
122000088,46,91,-45
122000089,1192,451,741
122000090,24,38,-14
122000091,25,11,14
122000092,18,2,16
122000093,205,561,-356
122000094,1309,282,1027
122000095,1067,423,644
122000096,276,49,227
122000098,1032,693,339
122000099,88,206,-118
122000100,85,101,-16
122000101,12,42,-30
122000102,425,244,181
122000103,195,229,-34
122000104,61,30,31
122000105,15,34,-19
122000106,85,48,37
122000107,33,54,-21
122000108,102,160,-58
122000109,13,23,-10
122000110,60,111,-51
122000111,480,166,314
122000112,62,83,-21
122000113,34,116,-82
122000114,660,1195,-535
122000115,652,402,250
122000116,165,61,104
122000117,136,17,119
122000118,77,50,27
122000119,567,521,46
122000120,565,862,-297
122000121,645,433,212
122000122,184,350,-166
122000123,420,71,349
122000124,147,61,86
122000125,312,207,105
122000126,135,192,-57
122000127,289,349,-60
122000128,69,273,-204
122000129,46,19,27
122000130,112,21,91
122000131,107,19,88
122000132,304,122,182
122000133,107,681,-574
122000134,147,96,51
122000135,72,445,-373
122000136,7,13,-6
122000137,31,35,-4
122000139,254,358,-104
122000140,219,91,128
122000141,1248,224,1024
122000142,81,402,-321
122000143,48,17,31
122000144,81,41,40
122000145,110,123,-13
122000146,0,0,0
122000147,46,12,34
122000148,963,368,595
122000149,439,112,327
122000150,124,127,-3
122000151,88,139,-51
122000152,91,81,10
122000153,0,0,0
122000154,0,0,0
122000155,209,181,28
122000156,1491,1131,360
122000157,690,703,-13
122000158,47,78,-31
122000159,65,78,-13
122000160,252,76,176
122000161,99,24,75
122000162,151,71,80
122000163,0,0,0
122000164,0,0,0
122000165,100,91,9
122000166,20,56,-36
122000167,84,123,-39
122000168,0,2,-2
122000169,112,98,14
122000170,38,145,-107
122000171,30,65,-35
122000172,395,409,-14
122000173,295,554,-259
122000174,423,417,6
122000175,374,136,238
122000176,8,2,6
122000177,391,711,-320
122000178,267,48,219
122000179,460,359,101
122000180,291,516,-225
122000181,575,1282,-707
122000182,317,68,249
122000183,369,43,326
122000184,3856,660,3196
122000185,937,660,277
122000186,112,131,-19
122000187,76,157,-81
122000188,111,65,46
122000189,0,0,0
122000190,22,266,-244
122000191,102,50,52
122000192,116,9,107
122000193,1,3,-2
122000194,71,27,44
122000195,2,2,0
122000196,40,58,-18
122000197,25,34,-9
122000198,102,114,-12
122000199,59,33,26
122000200,133,42,91
122000201,977,1347,-370
122000202,596,667,-71
122000203,838,579,259
122000204,222,670,-448
122000205,176,376,-200
122000206,107,30,77
122000207,68,105,-37
122000208,63,152,-89
122000209,36,4,32
122000210,208,808,-600
122000211,202,486,-284
122000212,153,124,29
122000213,173,167,6
122000214,217,261,-44
122000215,229,260,-31
122000217,475,708,-233
122000218,0,0,0
122000219,696,505,191
122000220,115,373,-258
122000221,27,76,-49
122000222,121,12,109
122000223,141,183,-42
122000225,213,62,151
122000226,146,685,-539
122000227,74,371,-297
122000228,51,263,-212
122000229,6,145,-139
122000230,5,274,-269
122000231,17,268,-251
122000232,27,350,-323
122000233,0,0,0
122000234,1,17,-16
122000235,14,15,-1
122000236,48,27,21
122000237,9,11,-2
122000238,46,7,39
122000239,2,5,-3
122000240,30,15,15
122000241,9,0,9
122000242,4,5,-1
122000243,0,0,0
122000244,3,114,-111
122000245,2,32,-30
122000246,0,6,-6
122000247,101,146,-45
122000248,268,524,-256
122000249,13,39,-26
122000250,68,27,41
122000251,94,145,-51
122000252,31,12,19
122000253,5,127,-122
122000254,8,4,4
122000255,70,41,29
122000256,181,1116,-935
122000257,37,228,-191
122000258,31,38,-7
122000259,3,305,-302
122000260,3,80,-77
122000261,0,3,-3
122000262,0,54,-54
122000263,5,94,-89
122000264,0,0,0
122000265,0,0,0
122000266,0,0,0
122000267,0,0,0
122000268,0,0,0
122000269,0,0,0
122000270,0,0,0
122000271,4,36,-32
122000272,7,50,-43
122000273,14,37,-23
122000274,3,6,-3
122000275,3,6,-3
122000276,45,84,-39
122000277,135,217,-82
122000278,111,86,25
122000279,54,296,-242
122000280,282,370,-88
122000281,109,334,-225
122000282,10,58,-48
122000283,214,23,191
122000284,24,43,-19
122000285,162,127,35
122000286,69,117,-48
122000287,12,8,4
122000288,17,4,13
122000291,134,37,97
122000293,41,30,11
122000294,0,0,0
122000295,5,4,1
122000296,3,77,-74
122000297,386,160,226
122000299,25,51,-26
122000300,113,215,-102
122000301,2458,271,2187
122000302,62,52,10
122000303,1891,641,1250
122000304,1,55,-54
122000305,183,46,137
122000306,12,324,-312
122000307,69,55,14
122000309,20,147,-127
122000310,4,5,-1
122000311,16,32,-16
122000312,13,2,11
122000313,4,7,-3
122000314,11,39,-28
122000315,6,0,6
122000316,29,2,27
122000317,68,7,61
122000318,9,21,-12
122000319,60,175,-115
122000320,61,895,-834
122000321,28,359,-331
122000322,517,136,381
122000323,315,186,129
122000324,190,240,-50
122000325,36,146,-110
122000326,0,0,0
122000327,32,112,-80
122000328,221,398,-177
122000330,95,20,75
122000332,12,101,-89
122000333,0,119,-119
122000337,142,969,-827
122000338,59,246,-187
122000340,49,48,1
122000342,480,393,87
122000343,61,439,-378
122000344,0,0,0
122000345,2,5,-3
122000346,43,38,5
122000348,50,112,-62
122000349,1,220,-219
122000351,0,6,-6
122000352,44,15,29
122000353,4,91,-87
122000355,1,1,0
122000356,686,377,309
122000357,0,0,0
122000358,0,0,0
122000359,0,0,0
122000360,0,0,0
122000362,1,45,-44
122000364,9,120,-111
122000365,0,0,0
122000366,1,2,-1
122000368,95,150,-55
122000370,3,26,-23
122000371,0,0,0
122000372,0,0,0
122000381,9,114,-105
122000382,2,40,-38
122000384,544,392,152
122000385,0,0,0
122000386,4,50,-46
122000387,46,96,-50
122000388,87,22,65
122000389,120,347,-227
122000390,25,46,-21
122000391,0,0,0
122000392,14,33,-19
122000393,3,18,-15
122000394,10,58,-48
122000395,10,46,-36
122000396,7,27,-20
122000397,8,38,-30
122000398,0,0,0
122000399,8,13,-5
122000400,0,0,0
122000401,18,37,-19
122000402,0,0,0
122000403,121,1099,-978
122000404,14,7,7
122000408,235,299,-64
122000503,0,0,0
122000524,5,1,4
122000544,0,0,0
122000616,522,1,521
122000640,1,5,-4
122000641,2,29,-27
122000642,6,39,-33
122000643,0,0,0
122000644,65,50,15
122000645,88,153,-65
122000651,142,168,-26
122000664,18,14,4
122000665,464,235,229
122000666,63,184,-121
122000673,22,214,-192
122000674,103,8,95
122000675,188,368,-180
122000686,0,0,0
122000687,29,163,-134
122000688,0,0,0
122000689,88,443,-355
122000690,115,575,-460
122000691,0,0,0
122000692,160,255,-95
122000693,0,0,0
122000695,54,287,-233
122000696,4,6,-2
122000698,41,483,-442
122000699,29,1,28
122000701,173,117,56
122000702,0,0,0
122000703,0,0,0
122000717,80,24,56
122000718,4,18,-14
122000719,1,3,-2
122000720,5,6,-1
122000724,45,15,30
122900001,0,0,0
122900002,0,0,0
122900003,0,0,0
122900004,0,0,0
122900005,0,0,0
122900006,0,0,0
122900007,0,0,0
122900008,0,0,0
122900009,0,0,0
122900010,0,0,0
122900012,0,0,0
122900014,0,0,0
122900015,0,0,0
122900016,0,0,0
122900017,0,0,0
122900018,0,0,0
122900019,0,19,-19
122900020,0,1,-1
122900021,0,1,-1
122900022,8,79,-71
122900023,15,31,-16
122900024,6,4,2
122900025,0,0,0
122900026,0,0,0
122900027,3,32,-29
122900028,0,0,0
122900029,0,0,0
122900030,218,16,202
122900031,0,0,0
122900032,5,10,-5
122900033,0,0,0
122900034,0,0,0
122900035,0,0,0
122900036,0,0,0
122900037,0,0,0
122900038,0,28,-28
122900039,0,0,0
122900040,0,0,0
122900041,0,0,0
122900042,0,0,0
122900043,0,0,0
122900044,0,0,0
122900045,0,0,0
122900046,0,0,0
122900047,0,0,0
122900048,0,0,0
122900049,0,0,0
122900051,0,1,-1
122900052,0,9,-9
122900053,0,0,0
122900055,0,0,0
122900057,0,0,0
122900061,0,0,0
122900062,18,7,11
122900063,0,0,0
122900064,0,0,0
122900065,2,14,-12
122900066,8,11,-3
122900067,0,0,0
122900068,0,0,0
122900069,5,10,-5
122900070,4,0,4
122900071,3,29,-26
122900072,1,60,-59
122900073,0,0,0
122900074,0,0,0
122900075,0,11,-11
122900076,0,17,-17
122900077,0,50,-50
122900078,2,63,-61
122900080,0,0,0
122900081,0,0,0
122900082,0,0,0
122900083,0,0,0
122900084,0,0,0
122900086,0,0,0
122900087,0,0,0
122900088,0,0,0
122900089,0,0,0
122900090,0,52,-52
122900091,0,0,0
122900092,0,0,0
122900093,0,0,0
122900094,0,0,0
122900095,0,0,0
122900096,0,0,0
122900097,0,0,0
122900098,0,0,0
122900099,0,0,0
122900100,0,0,0
122900101,0,0,0
122900102,0,0,0
122900103,0,0,0
122900104,0,0,0
122900105,0,0,0
122900106,0,0,0
122900107,0,0,0
122900108,0,0,0
123000001,442,210,232
123000002,2306,643,1663
123000003,936,671,265
123000004,1600,1787,-187
123000005,273,376,-103
123000006,1201,1503,-302
123000007,312,338,-26
123000008,883,2306,-1423
123000009,1005,620,385
123000010,2446,2800,-354
123000011,465,255,210
123000012,490,1532,-1042
123000013,550,145,405
123000014,986,2165,-1179
123000015,1168,262,906
123000016,3275,1579,1696
123000017,344,148,196
123000018,6,22,-16
123000019,2,22,-20
123000020,0,1,-1
123000021,1,1,0
123000022,12,13,-1
123000023,98,77,21
123000024,39,40,-1
123000025,0,7,-7
123000026,0,24,-24
123000027,10,64,-54
123000028,18,6,12
123000029,94,92,2
123000030,3,356,-353
123000031,7,41,-34
123000032,7,32,-25
123000033,4,3,1
123000034,45,55,-10
123000035,23,9,14
123000036,24,16,8
123000037,50,139,-89
123000038,14,73,-59
123000039,282,185,97
123000040,437,207,230
123000041,54,31,23
123000042,127,219,-92
123000043,310,204,106
123000044,1362,796,566
123000045,3324,711,2613
123000046,19,18,1
123000047,905,270,635
123000048,0,0,0
123000049,1027,228,799
123000050,146,74,72
123000051,2,6,-4
123000052,117,279,-162
123000053,862,481,381
123000054,398,210,188
123000055,153,141,12
123000056,376,699,-323
123000057,5005,1291,3714
123000058,54,93,-39
123000059,38,62,-24
123000060,86,89,-3
123000061,29,57,-28
123000063,116,197,-81
123000064,115,85,30
123000065,2133,984,1149
123000066,389,244,145
123000067,37,121,-84
123000068,1111,1179,-68
123000069,4785,1380,3405
123000070,39,76,-37
123000071,29,57,-28
123000072,366,567,-201
123000073,25,61,-36
123000074,261,705,-444
123000075,19,66,-47
123000076,109,327,-218
123000077,677,1073,-396
123000078,32,73,-41
123000079,37,57,-20
123000080,404,990,-586
123000081,41,99,-58
123000082,83,227,-144
123000083,48,8,40
123000084,32,227,-195
123000085,4,7,-3
123000086,9,53,-44
123000087,4,55,-51
123000088,145,339,-194
123000089,7,12,-5
123000090,412,580,-168
123000091,14,10,4
123000092,284,444,-160
123000094,31,39,-8
123000095,6,14,-8
123000096,7,11,-4
123000097,36,373,-337
123000098,8,16,-8
123000099,100,251,-151
123000100,126,109,17
123000101,0,0,0
123000102,55,114,-59
123000104,26,81,-55
123000105,173,168,5
123000106,30,101,-71
123000107,103,195,-92
123000108,243,431,-188
123000111,21,11,10
123000112,21,29,-8
123000113,112,549,-437
123000114,3,10,-7
123000115,7,75,-68
123000116,12,48,-36
123000117,188,622,-434
123000118,90,301,-211
123000119,41,252,-211
123000120,86,173,-87
123000121,45,59,-14
123000122,109,109,0
123000123,40,39,1
123000124,206,281,-75
123000125,53,13,40
123000126,49,84,-35
123000127,1294,568,726
123000128,90,182,-92
123000129,0,0,0
123000130,0,0,0
123000131,17,178,-161
123000132,114,231,-117
123000133,77,171,-94
123000134,171,50,121
123000135,84,150,-66
123000136,88,610,-522
123000137,17,174,-157
123000138,23,232,-209
123000139,0,0,0
123000140,34,307,-273
123000141,0,0,0
123000142,364,436,-72
123000143,341,1106,-765
123000144,6,5,1
123000145,25,24,1
123000146,3,24,-21
123000147,1,19,-18
123000149,0,0,0
123000150,0,0,0
123000151,67,67,0
123000152,19,139,-120
123000153,9,47,-38
123000154,594,186,408
123000155,1043,167,876
123000156,19,63,-44
123000157,131,350,-219
123000158,0,0,0
123000159,348,189,159
123000160,64,26,38
123000161,246,24,222
123000162,41,36,5
123000163,0,0,0
123000164,0,0,0
123000165,77,567,-490
123000166,5,59,-54
123000167,2,120,-118
123000168,25,125,-100
123000169,0,0,0
123000170,1,133,-132
123000171,0,13,-13
123000172,65,284,-219
123000173,0,0,0
123000174,0,0,0
123000175,314,711,-397
123000176,0,0,0
123000177,94,339,-245
123000178,0,0,0
123000179,7,259,-252
123000180,175,12,163
123000181,70,630,-560
123000182,17,121,-104
123000183,53,15,38
123000184,6,291,-285
123000185,0,0,0
123000186,2,433,-431
123000187,0,0,0
123000188,0,0,0
123000189,8,64,-56
123000190,0,15,-15
123000192,4,184,-180
123000193,12,186,-174
123000194,114,68,46
123000195,0,0,0
123000196,0,0,0
123000197,0,49,-49
123000198,4,75,-71
123000199,1,183,-182
123000200,0,0,0
123000201,0,0,0
123000202,8,687,-679
123000203,0,0,0
123000204,14,576,-562
123000205,65,700,-635
123000206,98,2,96
123000207,17,349,-332
123000208,10,7,3
123000209,115,14,101
123000210,112,474,-362
123000211,175,1061,-886
123000212,0,0,0
123000213,0,0,0
123000215,230,52,178
123000216,0,0,0
123000217,0,0,0
123000218,51,89,-38
123000219,0,0,0
123000220,0,0,0
123000221,0,0,0
123000222,11,15,-4
123000223,8,14,-6
123000224,14,52,-38
123000225,7,25,-18
123000226,0,211,-211
123000227,4,170,-166
123000228,5,28,-23
123000229,262,898,-636
123000232,48,243,-195
123000233,0,0,0
123000234,51,358,-307
123000235,0,0,0
123000236,28,433,-405
123000237,0,0,0
123000238,22,340,-318
123000239,111,962,-851
123000240,8,85,-77
123000241,0,0,0
123000242,13,73,-60
123000243,240,467,-227
123000244,357,341,16
123000245,22,123,-101
123000249,727,369,358
123000252,0,0,0
123000253,0,0,0
123000254,25,307,-282
123000255,51,116,-65
123000256,9,114,-105
123000257,852,865,-13
123000258,159,511,-352
123000259,18,100,-82
123000260,50,254,-204
123000261,14,149,-135
123000262,11,103,-92
123000263,13,6,7
123000264,3,2,1
123000265,22,34,-12
123000266,101,232,-131
123000267,0,0,0
123000268,5,11,-6
123000269,0,0,0
123000270,0,0,0
123000271,27,20,7
123000272,0,0,0
123000273,0,0,0
123000274,0,0,0
123000275,87,538,-451
123000278,660,596,64
123000279,0,0,0
123000280,10,81,-71
123000281,0,0,0
123000282,6,80,-74
123000283,0,0,0
123000284,5,41,-36
123000286,99,47,52
123000287,83,47,36
123000288,0,0,0
123000289,0,0,0
123000291,103,443,-340
123000294,16,44,-28
123000295,154,42,112
123000296,40,25,15
123000297,9,16,-7
123000298,8,50,-42
123000299,0,0,0
123000300,33,90,-57
123000301,8,43,-35
123000302,3,24,-21
123000303,1,9,-8
123000305,368,241,127
123000306,2,129,-127
123000309,10,18,-8
123000310,0,0,0
123000311,0,124,-124
123000312,147,247,-100
123000313,0,0,0
123000315,2,32,-30
123000316,0,0,0
123000317,0,0,0
123000318,1,41,-40
123000329,189,46,143
123000337,0,55,-55
123000338,37,4,33
123000339,3,328,-325
123000340,1,20,-19
123000342,0,1,-1
123000343,0,0,0
123000344,182,126,56
123000345,79,174,-95
123000346,0,0,0
123000352,693,454,239
123000353,15,35,-20
123000354,6,1,5
123000355,0,126,-126
123000356,2,0,2
123000357,0,104,-104
123000359,0,81,-81
123000360,0,0,0
123000361,125,78,47
123000362,10,65,-55
123000363,5,173,-168
123000364,35,20,15
123000365,15,97,-82
123000366,98,224,-126
123000367,40,301,-261
123000370,6,139,-133
123000371,0,0,0
123000372,2,0,2
123000373,1,188,-187
123000374,2,81,-79
123000375,3,0,3
123000376,40,41,-1
123000377,0,0,0
123000378,2,246,-244
123000379,1,89,-88
123000380,4,77,-73
123000381,5,1,4
123000382,45,4,41
123000383,40,199,-159
123000384,42,1,41
123000385,44,320,-276
123000436,40,295,-255
123000507,26,23,3
123000508,33,99,-66
123000517,152,11,141
123000518,7,66,-59
123000519,81,45,36
123000520,4,44,-40
123000521,90,64,26
123000522,41,167,-126
123000541,0,0,0
123000542,1,11,-10
123000565,0,0,0
123000566,60,244,-184
123000567,30,81,-51
123000573,32,636,-604
123000574,0,0,0
123000575,124,721,-597
123000576,44,1106,-1062
123000577,46,365,-319
123000578,0,0,0
123000579,370,115,255
123000580,42,0,42
123000582,0,0,0
123000583,1,313,-312
123000584,0,0,0
123000585,0,38,-38
123000586,0,0,0
123000596,16,30,-14
123000597,0,0,0
123000602,0,0,0
123000603,31,178,-147
123000604,23,590,-567
123000605,390,56,334
123000606,3,1001,-998
123000609,21,278,-257
123000610,9,3,6
123000613,97,137,-40
123000614,0,0,0
123000615,89,173,-84
123000616,0,0,0
123000617,53,493,-440
123000618,42,371,-329
123000619,0,0,0
123000620,39,360,-321
123000622,0,0,0
123000624,0,0,0
123000630,21,60,-39
123000631,60,879,-819
123000632,260,421,-161
123000633,0,66,-66
123000634,0,0,0
123000635,78,42,36
123000636,10,206,-196
123000637,0,0,0
123000638,0,0,0
123000639,0,0,0
123000640,0,575,-575
123900001,84,6,78
123900002,0,0,0
123900003,0,0,0
123900005,0,0,0
123900006,0,0,0
124000001,269,2,267
124000002,68,774,-706
124000003,22,1,21
124000004,23,318,-295
124000005,19,2,17
124000006,110,778,-668
124000007,18,6,12
124000008,3,177,-174
124000009,5,1,4
124000010,34,251,-217
124000011,14,4,10
124000012,67,476,-409
124000017,0,0,0
124000018,55,65,-10
124000019,0,0,0
124000020,11,117,-106
124000021,0,0,0
124000022,57,170,-113
124000023,216,165,51
124000024,262,237,25
124000025,152,93,59
124000026,319,285,34
124000027,909,277,632
124000028,1236,1535,-299
124000030,929,508,421
124000031,42,2,40
124000032,1965,403,1562
124000033,3,0,3
124000034,845,219,626
124000035,3,2,1
124000036,12,97,-85
124000037,6,4,2
124000038,3,4,-1
124000039,171,81,90
124000040,128,326,-198
124000041,63,3,60
124000042,23,268,-245
124000043,13,15,-2
124000044,18,179,-161
124000045,0,0,0
124000046,44,506,-462
124000047,0,0,0
124000048,149,1029,-880
124000049,0,0,0
124000050,167,1151,-984
124000051,0,0,0
124000052,133,738,-605
124000053,0,0,0
124000054,275,427,-152
124000055,0,0,0
124000056,1245,844,401
124000057,0,0,0
124000058,198,811,-613
124000059,24,46,-22
124000060,439,373,66
124000061,25,78,-53
124000062,3077,789,2288
124000063,626,832,-206
124000064,733,882,-149
124000065,9,40,-31
124000066,12,1,11
124000067,0,0,0
124000068,1,7,-6
124000069,0,0,0
124000070,3,146,-143
124000071,0,0,0
124000072,32,141,-109
124000073,0,0,0
124000074,45,319,-274
124000075,0,0,0
124000076,9,150,-141
124000077,346,166,180
124000078,21,0,21
124000079,364,326,38
124000080,0,0,0
124000081,29,355,-326
124000082,0,0,0
124000083,6,69,-63
124000084,0,4,-4
124000085,8,15,-7
124000086,0,0,0
124000087,0,0,0
124000088,1,5,-4
124000089,9,1,8
124000090,21,253,-232
124000091,8,3,5
124000092,9,337,-328
124000093,0,0,0
124000094,11,68,-57
124000095,0,0,0
124000096,20,53,-33
124000097,0,0,0
124000098,19,93,-74
124000099,2,3,-1
124000100,3,67,-64
124000101,0,11,-11
124000102,21,65,-44
124000103,5,8,-3
124000104,9,73,-64
124000105,3,2,1
124000106,13,93,-80
124000107,0,17,-17
124000108,13,35,-22
124000109,0,0,0
124000110,20,44,-24
124000111,7,23,-16
124000112,43,102,-59
124000113,0,0,0
124000114,25,89,-64
124000115,65,106,-41
124000116,0,1,-1
124000117,60,38,22
124000118,1,1,0
124000119,66,164,-98
124000120,3,19,-16
124000121,150,19,131
124000122,419,368,51
124000123,124,53,71
124000124,103,307,-204
124000125,51,56,-5
124000126,157,224,-67
124000127,97,75,22
124000128,192,662,-470
124000129,215,329,-114
124000130,339,282,57
124000131,139,100,39
124000132,537,555,-18
124000133,28,43,-15
124000134,148,335,-187
124000135,103,86,17
124000136,257,422,-165
124000137,106,59,47
124000138,268,352,-84
124000139,0,0,0
124000140,20,194,-174
124000141,0,0,0
124000142,0,42,-42
124000143,0,0,0
124000144,9,17,-8
124000145,0,0,0
124000146,2,71,-69
124000148,0,0,0
124000149,6,1,5
124000150,111,260,-149
124000151,5,0,5
124000152,118,363,-245
124000153,7,16,-9
124000154,120,406,-286
124000155,21,7,14
124000156,405,376,29
124000169,6,12,-6
124000170,164,126,38
124000171,1,5,-4
124000172,43,216,-173
124000173,7,28,-21
124000174,35,264,-229
124000175,9,68,-59
124000176,0,0,0
124000177,22,28,-6
124000178,0,0,0
124000190,1,1,0
124000191,47,16,31
124000192,22,8,14
124000193,93,631,-538
124000194,74,325,-251
124000195,31,79,-48
124000196,312,609,-297
124000197,18,9,9
124000198,0,3,-3
124000201,5,410,-405
124000202,0,25,-25
124000203,10,477,-467
124000204,5,98,-93
124000205,7,373,-366
124000206,3,107,-104
124000207,0,87,-87
124000209,38,323,-285
124000210,11,161,-150
124000211,0,0,0
124000212,4,299,-295
124000213,7,239,-232
124000214,4,189,-185
124000215,0,0,0
124000216,0,342,-342
124000329,39,1056,-1017
124000338,37,593,-556
124000339,8,0,8
124000341,26,1,25
124000344,28,39,-11
124000357,41,35,6
124000358,101,71,30
124000359,63,29,34
124000360,17,10,7
124000361,37,13,24
124000362,473,1129,-656
124000363,125,417,-292
124000364,245,867,-622
124000365,450,1157,-707
124000366,1233,847,386
124000367,63,333,-270
124000368,12,1,11
124000369,8,2,6
124000370,21,283,-262
124000402,0,0,0
124000403,0,0,0
124000404,7,40,-33
124000405,214,112,102
124000406,317,459,-142
124000407,1,10,-9
124000411,1,109,-108
124000412,0,0,0
124000413,0,0,0
124000414,12,18,-6
124000415,12,80,-68
124000416,39,162,-123
124000417,5,33,-28
124000418,1,18,-17
124000419,4,93,-89
124000420,7,17,-10
124000421,7,175,-168
124000422,2,5,-3
124000423,16,11,5
124000424,0,46,-46
124000425,0,0,0
124000426,3,21,-18
124000427,0,0,0
124000428,3,17,-14
124000429,2,216,-214
124000430,52,161,-109
124000431,21,149,-128
124000432,35,125,-90
124000439,0,0,0
124000442,15,98,-83
124000443,4,10,-6
124000445,2,1,1
124000446,408,33,375
124900001,0,0,0
124900002,0,0,0
124900003,0,0,0
124900004,0,0,0
124900005,0,0,0
124900006,0,0,0
124900008,0,0,0
124900009,0,0,0
124900010,0,0,0
124900011,0,0,0
124900012,0,0,0
124900013,0,0,0
124900014,0,0,0
124900015,0,0,0
124900016,0,0,0
124900017,0,0,0
124900018,0,0,0
124900020,0,0,0
124900021,0,0,0
124900022,0,0,0
124900024,0,0,0
124900026,0,2,-2
124900027,0,0,0
124900028,0,0,0
124900029,0,0,0
124900030,0,0,0
124900031,0,0,0
124900032,0,0,0
124900033,0,3,-3
124900034,0,0,0
124900035,1,0,1
124900036,0,0,0
124900037,0,3,-3
124900038,0,0,0
124900039,0,0,0
124900040,0,0,0
124900041,6,44,-38
124900042,0,0,0
124900043,24,88,-64
124900044,0,0,0
124900045,31,47,-16
124900046,60,8,52
124900047,6,11,-5
124900048,6,4,2
124900050,3,21,-18
124900052,11,58,-47
124900053,4,73,-69
124900054,505,58,447
124900055,0,16,-16
124900057,0,17,-17
124900060,11,50,-39
124900061,0,0,0
124900062,0,0,0
124900066,0,10,-10
124900067,4,38,-34
124900068,0,0,0
124900070,0,0,0
124900072,0,0,0
124900074,0,0,0
124900075,0,0,0
124900076,0,0,0
124900077,0,0,0
124900078,0,0,0
124900079,5,0,5
124900080,9,64,-55
124900081,0,0,0
124900082,0,8,-8
124900083,8,42,-34
124900084,0,0,0
124900085,0,0,0
124900086,0,0,0
124900087,0,0,0
124900088,0,0,0
124900089,66,3,63
124900090,0,0,0
124900091,0,0,0
124900092,0,0,0
124900093,0,0,0
124900094,0,0,0
124900095,0,0,0
124900096,0,0,0
124900097,0,0,0
124900098,0,0,0
124900099,0,0,0
124900100,0,0,0
124900101,0,0,0
124900102,0,0,0
124900103,0,3,-3
124900104,0,8,-8
124900105,0,2,-2
124900106,0,0,0
124900107,0,0,0
124900108,2,0,2
124900109,4,10,-6
124900110,7,97,-90
124900111,0,2,-2
124900112,7,99,-92
124900113,0,3,-3
124900114,0,0,0
124900115,0,0,0
124900116,0,0,0
124900117,0,0,0
124900118,0,0,0
124900119,0,0,0
124900120,3,55,-52
124900121,0,0,0
124900122,113,39,74
124900123,0,0,0
124900124,16,9,7
129000186,0,0,0
204000001,0,0,0
204000002,0,0,0
204000003,0,0,0
204000004,0,0,0
204000005,0,0,0
204000006,0,0,0
204000011,55,98,-43
204000012,9,134,-125
204000013,0,34,-34
204000019,176,158,18
204000020,71,126,-55
204000021,197,144,53
204000022,61,98,-37
204000023,270,975,-705
204000031,0,0,0
204000032,0,0,0
204000034,91,532,-441
204000035,16,3,13
204000036,12,17,-5
204000037,4,13,-9
204000038,1,4,-3
204000039,7,55,-48
204000040,7,29,-22
204000041,9,34,-25
204000042,0,0,0
204000043,0,0,0
204000044,0,0,0
204000045,0,0,0
204000046,0,0,0
204000057,4,60,-56
204000062,7,24,-17
204000068,58,91,-33
204000069,6,61,-55
204000070,0,0,0
204000080,25,73,-48
204000085,488,705,-217
204000086,1476,1032,444
204000087,56,187,-131
204000088,43,99,-56
204000090,67,525,-458
204000093,0,0,0
204000096,6,14,-8
204000097,0,0,0
204000099,34,39,-5
204000100,10,9,1
204000105,697,821,-124
204000110,336,849,-513
204000111,168,548,-380
204000112,152,702,-550
204000113,114,481,-367
204000114,34,57,-23
204000115,55,56,-1
204000116,69,85,-16
204000119,1,5,-4
204000132,0,0,0
204000133,0,0,0
204000134,0,0,0
204000135,0,0,0
204000136,0,0,0
204000138,0,0,0
204000140,0,0,0
204000141,0,0,0
204000144,0,0,0
204000145,0,0,0
204000146,84,321,-237
204000147,22,109,-87
204000148,0,0,0
204000154,0,0,0
204000155,7,13,-6
204000177,0,0,0
204000179,0,0,0
204000180,0,88,-88
204000222,0,7,-7
204000235,23,37,-14
204000236,25,264,-239
204000238,0,0,0
204000240,37,59,-22
204000263,218,698,-480
204000268,0,0,0
204000308,0,0,0
204000317,46,60,-14
204000322,9,30,-21
204000323,0,0,0
204000328,0,0,0
204000329,82,144,-62
204000330,0,0,0
204000331,110,139,-29
204010341,0,0,0
205000001,1072,592,480
205000013,1,88,-87
205000014,16,126,-110
205000015,23,247,-224
205000016,13,221,-208
205000017,53,36,17
205000022,225,434,-209
205000025,1520,743,777
205000029,61,38,23
205000045,28,183,-155
205000046,18,420,-402
205000047,51,429,-378
205000048,63,758,-695
205000049,81,671,-590
205000050,890,323,567
205000059,0,259,-259
205000060,0,34,-34
205000061,0,17,-17
205000062,0,22,-22
205000063,1,21,-20
205000064,23,107,-84
205000065,26,470,-444
205000066,23,694,-671
205000067,18,1093,-1075
205000069,396,336,60
205000082,0,0,0
205000110,24,217,-193
205000111,133,254,-121
205000112,0,0,0
205000113,171,129,42
205000121,0,0,0
205000123,147,128,19
205000126,0,0,0
205000127,0,0,0
205000128,0,0,0
205000129,0,0,0
205000130,0,0,0
205000131,0,0,0
205000132,0,0,0
205000133,0,0,0
205000134,0,0,0
205000137,73,100,-27
205000138,143,149,-6
205000139,8,38,-30
205000144,0,0,0
205000145,0,0,0
205000151,0,0,0
205000152,0,0,0
205000153,0,0,0
205000154,0,0,0
205000155,0,0,0
205000207,362,199,163
205000233,1,0,1
205000234,0,0,0
205000243,0,0,0
205000244,1,5,-4
205000245,20,248,-228
205000249,1,17,-16
205000250,0,0,0
205000264,1,93,-92
206000027,0,0,0
206000028,0,0,0
206000043,13,167,-154
206000053,19,40,-21
206000054,15,56,-41
206000055,17,62,-45
206000075,5,9,-4
206000076,18,28,-10
206000077,13,20,-7
206000078,42,23,19
206000079,32,13,19
206000082,0,0,0
206000100,79,796,-717
206000103,25,28,-3
206000104,27,42,-15
206000105,12,35,-23
206000106,26,86,-60
206000108,685,163,522
206000125,0,0,0
206000157,312,941,-629
206000170,1,402,-401
206000171,14,317,-303
206000172,13,933,-920
206000173,2,284,-282
206000174,20,252,-232
206000175,11,314,-303
206000176,53,450,-397
206000177,9,269,-260
206000178,2,254,-252
206000179,6,156,-150
206000180,25,277,-252
206000181,9,331,-322
206000182,45,296,-251
206000183,71,769,-698
206000184,18,484,-466
206000185,27,355,-328
206000186,149,1055,-906
206000223,5,255,-250
206000226,0,0,0
206000227,0,0,0
206000237,17,331,-314
206000238,76,474,-398
206000239,786,1083,-297
206000240,2,73,-71
206000241,2,329,-327
206000242,25,456,-431
206000243,11,372,-361
206000244,109,955,-846
206000245,90,4,86
206000246,12,1,11
206000247,29,3,26
206000248,40,4,36
206000252,45,68,-23
206000258,19,58,-39
206000315,45,18,27
206000317,59,22,37
206000318,43,20,23
206000319,108,28,80
206000320,22,8,14
206000321,10,2,8
206000322,0,0,0
206000323,0,0,0
206000324,0,0,0
206000325,0,0,0
206000326,0,0,0
206000327,0,0,0
206000328,17,0,17
206000329,8,1,7
206000330,3,1,2
206000331,3,0,3
206000332,3,3,0
206000333,17,1,16
206000334,12,0,12
206000335,1,42,-41
206000361,16,342,-326
206000392,3,83,-80
206000405,43,0,43
206000441,0,0,0
206000498,4,5,-1
206000515,416,58,358
206000530,0,0,0
206000531,0,0,0
206000532,0,0,0
206000535,198,451,-253
206000536,13,117,-104
206000537,14,59,-45
206000613,0,0,0
207000001,94,443,-349
207000002,43,374,-331
207000003,71,236,-165
207000007,91,7,84
207000008,4,5,-1
207000009,8,13,-5
207000010,260,300,-40
207000012,0,0,0
207000015,282,705,-423
207000019,65,13,52
207000021,50,37,13
207000022,5,20,-15
207000023,12,12,0
207000024,2,3,-1
207000025,0,9,-9
207000026,56,139,-83
207000027,21,143,-122
207000028,37,309,-272
207000029,203,544,-341
207000033,55,68,-13
207000034,22,6,16
207000039,0,0,0
207000040,0,0,0
207000041,0,0,0
207000042,0,0,0
207000043,0,0,0
207000051,23,366,-343
207000052,5,238,-233
207000053,497,734,-237
207000054,7,137,-130
207000055,49,207,-158
207000056,144,450,-306
207000057,119,317,-198
207000058,67,479,-412
207000059,35,791,-756
207000060,26,192,-166
207000061,7,31,-24
207000062,34,28,6
207000063,28,84,-56
207000064,129,81,48
207000065,61,83,-22
207000066,27,84,-57
207000067,12,51,-39
207000068,19,31,-12
207000069,277,173,104
207000082,6,32,-26
207000083,27,195,-168
207000084,8,8,0
207000085,32,2,30
207000086,5,3,2
207000106,0,0,0
207000107,0,0,0
207000108,0,0,0
207000109,0,0,0
207000110,0,0,0
207000111,0,0,0
207000112,0,0,0
207000114,3,32,-29
207000115,12,107,-95
207000116,14,306,-292
207000117,5,129,-124
207000118,1,154,-153
207000119,8,166,-158
207000123,0,0,0
207000124,0,0,0
207000125,0,0,0
207000126,0,0,0
207000134,6,40,-34
207000135,4,36,-32
207000148,0,0,0
207000149,48,44,4
207000152,79,411,-332
207000153,1805,957,848
207000154,90,46,44
207000159,37,232,-195
207000160,79,577,-498
207000238,0,43,-43
207000242,1,124,-123
207000248,14,23,-9
207000249,62,79,-17
207000250,214,45,169
207000251,46,60,-14
207000252,32,100,-68
207000278,0,0,0
207000279,35,199,-164
207000280,15,2,13
207000281,42,488,-446
207000282,3,5,-2
207000283,31,92,-61
207000284,6,15,-9
207000285,0,0,0
207000291,12,149,-137
207000304,26,14,12
207000306,47,404,-357
207000310,0,0,0
207000353,0,0,0
207000356,2,16,-14
207000357,0,0,0
207000358,0,0,0
207000415,2,125,-123
207000417,0,0,0
207000418,32,76,-44
207000438,0,5,-5
207000439,440,135,305
207000446,0,0,0
207000460,3,4,-1
207000466,82,245,-163
207000467,0,0,0
207000468,22,445,-423
207000476,10,11,-1
207000477,8,6,2
207000478,1,12,-11
207000523,0,7,-7
207000524,0,0,0
207000527,24,48,-24
207000530,0,0,0
207000531,0,0,0
207000532,0,0,0
207000534,0,0,0
207000535,38,121,-83
207000537,14,87,-73
207000540,2,129,-127
207000541,0,192,-192
207000548,6,224,-218
207000549,0,0,0
207000561,0,0,0
207000562,37,95,-58
207000567,195,319,-124
207000568,3,14,-11
207000569,13,380,-367
207000584,210,98,112
207000585,0,0,0
207000616,0,295,-295
207000617,0,0,0
207900008,11,40,-29
208000001,36,74,-38
208000002,28,46,-18
208000003,76,69,7
208000004,70,82,-12
208000005,2,28,-26
208000019,0,0,0
208000020,0,0,0
208000021,25,259,-234
208000022,248,284,-36
208000028,57,32,25
208000033,128,253,-125
208000034,289,615,-326
208000040,0,0,0
208000041,0,0,0
208000042,0,0,0
208000047,22,187,-165
208000064,0,0,0
208000066,0,0,0
208000070,0,0,0
208000071,0,0,0
208000072,0,0,0
208000080,20,29,-9
208000081,8,30,-22
208000082,43,164,-121
208000083,57,241,-184
208000084,0,0,0
208000085,244,358,-114
208000086,229,612,-383
208000087,66,421,-355
208000089,192,277,-85
208000090,200,557,-357
208000093,5,39,-34
208000094,163,306,-143
208000095,373,200,173
208000104,0,0,0
208000105,0,0,0
208000114,0,0,0
208000115,52,202,-150
208000116,0,0,0
208000117,0,0,0
208000118,0,0,0
208000155,178,523,-345
208000158,950,1283,-333
208000186,0,0,0
208000204,112,423,-311
208000205,324,619,-295
208000282,2079,523,1556
209000004,57,64,-7
209000005,8,16,-8
209000006,165,171,-6
209000007,114,102,12
209000010,141,108,33
209000011,56,95,-39
209000012,62,273,-211
209000013,63,461,-398
209000014,249,1230,-981
209000025,76,34,42
209000026,206,33,173
209000027,111,950,-839
209000028,137,1024,-887
209000029,221,844,-623
209000030,156,1504,-1348
209000031,3644,1963,1681
209000034,90,307,-217
209000035,56,171,-115
209000036,60,112,-52
209000037,58,185,-127
209000038,67,204,-137
209000039,60,112,-52
209000040,109,429,-320
209000041,155,383,-228
209000042,175,364,-189
209000043,248,292,-44
209000044,261,291,-30
209000045,50,201,-151
209000046,46,156,-110
209000047,34,97,-63
209000048,29,87,-58
209000049,74,108,-34
209000050,93,258,-165
209000051,96,294,-198
209000052,52,267,-215
209000062,7,99,-92
209000063,7,69,-62
209000064,8,101,-93
209000065,0,0,0
209000066,0,0,0
209000067,0,0,0
209000080,19,91,-72
209000082,0,0,0
209000091,9,52,-43
209000093,27,30,-3
209000094,183,89,94
209000110,0,0,0
209000111,208,705,-497
209000112,189,178,11
209000113,273,218,55
209000114,134,138,-4
209000115,62,160,-98
209000116,1203,354,849
209000118,0,0,0
209000119,36,12,24
209000121,89,438,-349
209000135,0,0,0
209000142,618,435,183
209000143,5,42,-37
209000144,9,21,-12
209000229,32,101,-69
209000240,16,267,-251
209000259,99,126,-27
209000260,12,665,-653
209000261,4,214,-210
209000262,0,234,-234
209000263,0,59,-59
209000264,0,41,-41
209000265,0,0,0
209000266,0,0,0
209000267,0,0,0
209000268,0,0,0
210000037,0,0,0
210000047,0,0,0
210000048,0,0,0
210000049,0,0,0
210000052,7,111,-104
210000053,4,35,-31
210000054,52,68,-16
210000070,0,0,0
210000071,0,0,0
210000072,0,0,0
210000073,0,33,-33
210000074,0,80,-80
210000075,0,34,-34
210000076,2,100,-98
210000077,9,29,-20
210000078,12,25,-13
210000079,0,0,0
210000080,0,0,0
210000081,0,0,0
210000082,0,0,0
210000083,0,0,0
210000084,0,0,0
210000085,1,53,-52
210000086,3,111,-108
210000099,17,174,-157
210000100,21,163,-142
210000101,38,176,-138
210000105,39,62,-23
210000159,1,66,-65
210000163,125,127,-2
210000164,0,0,0
210000168,0,0,0
210000187,0,10,-10
210000188,0,13,-13
210000214,0,0,0
210000219,0,0,0
210000220,0,0,0
210000232,4,21,-17
210000233,1,34,-33
210000234,6,78,-72
210000235,13,96,-83
210000245,0,23,-23
210000246,0,1,-1
210000258,7,94,-87
210000259,0,0,0
210000282,19,125,-106
210000285,3,43,-40
210000286,9,95,-86
210000290,0,0,0
210000295,10,52,-42
210000296,4,23,-19
210000320,0,0,0
210000321,0,0,0
210000338,25,64,-39
210000339,416,416,0
210000340,71,103,-32
210000341,61,115,-54
210000342,59,100,-41
210000343,55,134,-79
210000344,64,70,-6
210000345,78,49,29
210000346,13,26,-13
210000347,9,17,-8
210000348,17,18,-1
210000349,11,12,-1
210000350,56,47,9
210000351,39,87,-48
210000352,0,0,0
210000353,0,0,0
210000354,0,0,0
210000355,0,0,0
210000356,0,0,0
210000357,0,0,0
210000358,0,0,0
210000359,0,0,0
210000360,0,0,0
210000361,0,0,0
210000362,0,0,0
210000363,0,0,0
210000364,0,0,0
210000365,0,0,0
210000366,0,0,0
210000367,0,0,0
210000368,0,0,0
210000369,0,0,0
210000370,0,0,0
210000372,0,0,0
210000373,0,0,0
210000374,0,0,0
210000375,0,0,0
210000376,0,0,0
210000404,107,89,18
210000439,0,0,0
210000472,0,0,0
210000482,0,0,0
210000564,0,0,0
210000567,0,1,-1
210000568,0,0,0
211000092,0,0,0
211000094,0,0,0
211000169,0,0,0
211000172,0,0,0
211000209,0,0,0
211000226,0,0,0
211000270,2,1,1
211000275,0,0,0
211000276,0,0,0
211000279,0,0,0
211000281,0,0,0
211507980,0,0,0
211977296,0,0,0
212000003,0,0,0
212000004,2,19,-17
212000005,8,17,-9
212000006,21,51,-30
212000008,58,232,-174
212000009,17,121,-104
212000012,36,58,-22
212000013,12,38,-26
212000014,156,118,38
212000015,109,151,-42
212000016,349,448,-99
212000027,2,1,1
212000028,1,3,-2
212000029,1,2,-1
212000030,0,0,0
212000031,0,0,0
212000048,6,46,-40
212000049,7,28,-21
212000050,22,12,10
212000051,78,154,-76
212000052,79,289,-210
212000053,250,462,-212
212000054,9,2,7
212000055,0,3,-3
212000056,0,0,0
212000057,0,0,0
212000058,0,0,0
212000070,42,194,-152
212000077,74,464,-390
212000099,9,9,0
212000108,0,0,0
212000111,0,0,0
212000120,57,74,-17
212000138,29,23,6
212000156,11,51,-40
212000158,0,0,0
212000159,14,4,10
212000160,22,5,17
212000161,0,0,0
212000310,19,43,-24
212000311,0,0,0
212000374,9,15,-6
213000001,7,305,-298
213000005,12,6,6
213000006,38,8,30
213000007,0,0,0
213000009,0,0,0
213000010,0,0,0
213000011,0,0,0
213000012,38,165,-127
213000014,0,0,0
213000015,0,0,0
213000016,0,0,0
213000017,0,0,0
213000018,4,130,-126
213000019,0,81,-81
213000020,32,105,-73
213000021,1,68,-67
213000023,0,0,0
213000033,55,298,-243
213000034,0,0,0
213000035,0,0,0
213000045,21,48,-27
213000046,10,38,-28
213000047,190,98,92
213000056,0,0,0
213000069,0,0,0
213000073,0,4,-4
213000074,39,300,-261
213000075,0,0,0
213000076,0,0,0
213000085,1,31,-30
213000086,2,203,-201
213000091,0,0,0
213000092,0,0,0
213000099,90,245,-155
213000100,0,0,0
213000101,1,58,-57
213000102,3,162,-159
213000103,88,253,-165
213000104,43,174,-131
213000105,2,22,-20
213000106,6,137,-131
213000107,52,412,-360
213000108,6,310,-304
213000109,5,112,-107
213000110,4,9,-5
213000111,6,9,-3
213000112,102,71,31
213000115,0,0,0
213000116,14,154,-140
213000117,2,308,-306
213000118,70,113,-43
213000119,28,528,-500
213000120,40,473,-433
213000122,127,368,-241
213000123,400,516,-116
213000124,34,644,-610
213000125,0,0,0
213000126,6,19,-13
213000127,37,56,-19
213000128,281,158,123
213000129,0,0,0
213000130,0,0,0
213000132,0,0,0
213000133,0,0,0
213000134,0,0,0
213000136,0,0,0
213000137,2,0,2
213000139,0,0,0
213000147,0,0,0
213000148,0,0,0
213000149,0,0,0
213000150,0,48,-48
213000151,1,46,-45
213000152,0,34,-34
213000153,1,12,-11
213000154,5,116,-111
213000155,23,201,-178
213000156,20,248,-228
213000157,203,329,-126
213000158,62,354,-292
213000159,0,0,0
213000163,0,0,0
213000165,0,0,0
213000171,2,70,-68
213000172,2,138,-136
213000173,0,130,-130
213000174,0,125,-125
213000175,0,94,-94
213000176,0,0,0
213000177,0,0,0
213000178,0,0,0
213000179,0,0,0
213000180,0,0,0
213000184,20,144,-124
213000188,0,0,0
213000189,0,0,0
213000190,22,411,-389
213000191,10,360,-350
213000192,16,298,-282
213000193,1295,100,1195
213000194,0,18,-18
213000195,7,212,-205
213000196,44,494,-450
213000197,0,0,0
213000198,0,0,0
213000200,55,554,-499
213000201,43,32,11
213000202,4,580,-576
213000203,0,0,0
213000204,0,0,0
213000205,0,0,0
213000206,0,0,0
213000207,0,0,0
213000208,0,0,0
213000209,0,0,0
213000210,0,0,0
213000211,0,3,-3
213000212,1,9,-8
213000213,2,17,-15
213000218,42,380,-338
213000219,0,0,0
213000220,0,0,0
213000223,2,2,0
213000224,1,0,1
213000225,2,0,2
213000226,0,1,-1
213000227,0,0,0
213000228,0,0,0
213000229,0,0,0
213000230,0,0,0
213000232,15,200,-185
213000233,0,14,-14
213000234,2,29,-27
213000293,2,31,-29
213000294,0,0,0
213000295,2,33,-31
213000296,0,0,0
213000297,4,37,-33
213000298,22,47,-25
213000299,0,0,0
213000300,0,0,0
213000303,1,37,-36
213000304,9,12,-3
213000305,0,0,0
213000306,19,11,8
213000307,0,0,0
213000308,25,138,-113
213000309,0,0,0
213000310,0,0,0
213000311,118,226,-108
213000315,14,78,-64
213000316,0,0,0
213000322,7,23,-16
213000323,0,0,0
213000324,4,29,-25
213000325,0,0,0
213000326,1,9,-8
213000327,0,0,0
213000328,5,34,-29
213000329,0,0,0
213000340,89,771,-682
213000341,0,0,0
213000346,0,0,0
213000347,0,0,0
213000348,1,74,-73
213000349,3,8,-5
213000350,47,613,-566
213000366,20,179,-159
213000367,4,0,4
213000379,14,69,-55
213000386,5,104,-99
213000406,39,204,-165
213000417,44,17,27
213000425,0,0,0
213000426,0,0,0
213000427,1,69,-68
213000428,0,55,-55
213000429,1,1,0
213000430,0,89,-89
213000431,30,0,30
213000432,0,4,-4
213000433,2,20,-18
213000434,0,0,0
213000435,0,0,0
213000436,0,0,0
213000437,0,0,0
213000438,0,0,0
213000439,1,2,-1
213000440,0,39,-39
213000441,0,1,-1
213000442,1,11,-10
213000443,5,41,-36
213000444,15,34,-19
213000445,0,11,-11
213000446,0,1,-1
213000447,1,3,-2
213000448,0,0,0
213000449,0,0,0
213000450,0,0,0
213000451,0,0,0
213000452,0,0,0
213000453,11,122,-111
213000455,0,2,-2
213000456,0,42,-42
213000481,0,0,0
213000484,0,0,0
213000489,0,0,0
213000491,0,17,-17
213000492,1,14,-13
213000493,0,27,-27
213000494,0,0,0
213000495,0,86,-86
213000496,0,0,0
213000497,14,186,-172
213000498,21,96,-75
213000499,15,262,-247
213000500,0,0,0
213000501,0,0,0
213000502,0,0,0
213000503,3,30,-27
213000504,8,102,-94
213000505,0,3,-3
213000506,0,3,-3
213000507,2,136,-134
213900016,0,5,-5
213900244,0,0,0
213900245,0,17,-17
218000003,3,19,-16
218000004,5,15,-10
218000005,0,0,0
218000006,8,68,-60
218000007,7,23,-16
218000012,183,38,145
218000013,27,148,-121
218000014,317,283,34
218000019,913,314,599
218000020,288,324,-36
218000021,26,129,-103
218000022,14,67,-53
218000023,1,68,-67
218000024,1,19,-18
218000025,6,69,-63
218000026,18,104,-86
218000027,4,45,-41
218000028,6,8,-2
218000029,0,8,-8
218000030,27,56,-29
218000031,1,87,-86
218000032,1,51,-50
218000040,0,0,0
218000046,19,177,-158
218000047,13,209,-196
218000048,14,325,-311
218000049,53,180,-127
218000050,175,356,-181
218000051,18,500,-482
218000052,0,53,-53
218000053,2,18,-16
218000054,7,32,-25
218000055,1,14,-13
218000056,25,27,-2
218000057,0,36,-36
218000064,0,0,0
218000065,0,0,0
218000066,0,0,0
218000067,8,115,-107
218000068,23,109,-86
218000069,45,252,-207
218000070,56,296,-240
218000071,117,233,-116
218000072,455,265,190
218000078,352,754,-402
218000079,26,86,-60
218000080,62,124,-62
218000081,147,165,-18
218000082,11,88,-77
218000083,15,73,-58
218000084,68,185,-117
218000085,173,373,-200
218000086,39,139,-100
218000087,118,162,-44
218000090,24,66,-42
218000091,303,208,95
218000092,45,188,-143
218000093,91,76,15
218000094,297,527,-230
218000099,304,275,29
218000100,97,212,-115
218000101,45,112,-67
218000102,104,186,-82
218000103,44,85,-41
218000104,18,23,-5
218000105,15,8,7
218000106,8,13,-5
218000107,20,135,-115
218000108,0,77,-77
218000112,34,14,20
218000117,0,0,0
218000134,236,438,-202
218000135,9,46,-37
218000136,46,41,5
218000137,33,118,-85
218000138,5,45,-40
218000139,46,206,-160
218000140,50,95,-45
218000141,4,16,-12
218000142,53,149,-96
218000143,14,136,-122
218000144,11,61,-50
218000145,74,226,-152
218000146,36,140,-104
218000151,1,19,-18
218000152,29,40,-11
218000153,4,22,-18
218000154,12,7,5
218000155,16,15,1
218000156,96,66,30
218000157,15,44,-29
218000158,0,14,-14
218000159,29,7,22
218000160,9,3,6
218000161,63,13,50
218000162,65,28,37
218000163,7,3,4
218000164,68,16,52
218000165,113,78,35
218000170,0,4,-4
218000171,4,3,1
218000172,1,3,-2
218000173,3,3,0
218000174,1,2,-1
218000176,11,3,8
218000177,34,7,27
218000178,4,3,1
218000179,4,0,4
218000180,1,0,1
218000181,1,0,1
218000187,2,20,-18
218000188,3,28,-25
218000189,9,29,-20
218000190,2,22,-20
218000191,48,76,-28
218000192,78,392,-314
218000193,417,400,17
218000194,43,488,-445
218000195,132,108,24
218000196,166,233,-67
218000197,79,264,-185
218000198,2,102,-100
218000199,27,21,6
218000200,9,23,-14
218000201,1,8,-7
218000202,95,52,43
218000207,4,50,-46
218000208,14,31,-17
218000211,6,45,-39
218000212,1,8,-7
218000213,94,50,44
218000214,3,17,-14
218000215,31,220,-189
218000217,5,110,-105
218000218,598,100,498
218000219,7,19,-12
218000220,44,207,-163
218000221,76,82,-6
218000222,8,10,-2
218000223,66,131,-65
218000224,0,46,-46
218000225,157,30,127
218000226,60,42,18
218000230,0,1,-1
218000232,43,45,-2
218000239,0,0,0
218000240,0,0,0
218000241,0,0,0
218000242,0,0,0
218000243,0,0,0
218000244,0,0,0
218000245,0,0,0
218000246,0,0,0
218000247,0,0,0
218000248,0,26,-26
218000249,0,2,-2
218000250,0,5,-5
218000251,0,11,-11
218000252,0,27,-27
218000253,0,3,-3
218000254,0,7,-7
218000255,1,6,-5
218000256,2,30,-28
218000267,342,454,-112
218000268,0,35,-35
218000269,2,17,-15
218000270,11,67,-56
218000271,39,68,-29
218000273,0,0,0
218000274,0,0,0
218000275,35,40,-5
218000276,9,83,-74
218000278,17,20,-3
218000279,8,36,-28
218000280,1,9,-8
218000281,1,11,-10
218000282,79,39,40
218000284,0,0,0
218000301,12,85,-73
218000302,12,14,-2
218000303,12,45,-33
218000316,525,400,125
218000317,270,551,-281
218000318,95,479,-384
218000319,343,940,-597
218000320,270,493,-223
218000338,5,17,-12
218000345,31,40,-9
218000346,0,0,0
218000459,101,418,-317
218000490,9,25,-16
218000501,9,2,7
218000502,10,108,-98
218000503,8,2,6
218000504,29,1,28
218000505,17,169,-152
218000506,42,107,-65
218000508,1,4,-3
218000510,101,4,97
218000520,91,77,14
218000521,1,9,-8
218000522,0,56,-56
218000523,1,0,1
218000524,11,31,-20
218000525,9,7,2
218000526,15,32,-17
218000529,1,38,-37
218000530,16,9,7
218000531,0,0,0
218000532,4,21,-17
218000534,0,0,0
218000537,0,0,0
218000538,37,65,-28
218000540,164,120,44
218000543,59,34,25
218000544,53,171,-118
218000545,28,45,-17
218000546,18,111,-93
218000547,35,36,-1
218000548,63,117,-54
218000549,77,44,33
218000550,154,400,-246
218000551,132,140,-8
218000552,58,16,42
218000553,1,30,-29
218000554,0,15,-15
218000555,3,28,-25
218000556,68,361,-293
218000557,129,85,44
218000558,0,1,-1
218000559,0,2,-2
218000560,0,3,-3
218000561,0,0,0
218000562,14,111,-97
218000563,12,8,4
218000564,8,52,-44
218000565,4,24,-20
218000566,13,4,9
218000567,0,13,-13
218000568,0,0,0
218000569,2,13,-11
218000570,7,6,1
218000571,0,10,-10
218000572,0,0,0
218000573,1,13,-12
218000574,2,12,-10
218000575,0,0,0
218000576,0,16,-16
218000577,0,0,0
218000578,0,24,-24
218000579,12,0,12
218000581,1,34,-33
218000582,0,0,0
218000583,2,0,2
218000584,1,8,-7
218000585,0,2,-2
218000586,5,29,-24
218000587,0,0,0
218000588,0,1,-1
218000589,0,0,0
218000590,0,0,0
218000591,0,9,-9
218000592,0,0,0
218000593,0,0,0
218000594,0,0,0
218000595,0,0,0
218000596,1,0,1
218000597,0,0,0
218000598,0,0,0
218000599,0,0,0
218000600,1,1,0
218000601,0,0,0
218000602,0,0,0
218000603,0,1,-1
218000604,0,1,-1
218000605,0,12,-12
218000606,2,0,2
218000607,3,23,-20
218000608,0,0,0
218000609,0,17,-17
218000610,1,0,1
218000611,0,0,0
218000612,0,11,-11
218000613,17,0,17
218000614,0,14,-14
218000615,4,1,3
218000616,2,104,-102
218000617,0,1,-1
218000618,1,7,-6
218000619,0,0,0
218000620,1,18,-17
218000621,0,0,0
218000622,0,1,-1
218000623,0,0,0
218000624,1,1,0
218000625,0,0,0
218000626,0,2,-2
218000628,22,8,14
218000631,0,0,0
218000632,0,21,-21
218000633,0,0,0
218000634,3,8,-5
218000635,2,1,1
218000636,323,804,-481
218000637,239,261,-22
218000638,0,0,0
218000639,7,271,-264
218000640,0,0,0
218000641,26,275,-249
218000652,138,179,-41
218000653,149,71,78
218000663,0,13,-13
218000675,0,10,-10
218000676,0,36,-36
218000677,6,24,-18
218000680,13,81,-68
218000681,0,0,0
218000691,17,104,-87
218000693,0,0,0
218000703,2,111,-109
218000718,60,135,-75
218000719,10,19,-9
218000720,2,10,-8
218000721,1,2,-1
218000725,2,16,-14
218001214,2,16,-14
218001329,0,0,0
218001330,15,15,0
218001351,0,0,0
218001352,0,2,-2
218001353,0,0,0
218001354,1,4,-3
218001355,0,1,-1
218001357,0,0,0
219000001,28,57,-29
219000002,33,57,-24
219000003,203,46,157
219000004,226,89,137
219000017,42,25,17
219000020,22,6,16
219000022,9,1,8
219000023,24,2,22
219000029,0,44,-44
219000034,0,0,0
219000039,14,41,-27
219000040,10,17,-7
219000041,38,48,-10
219000051,1,102,-101
219000052,0,22,-22
219000053,0,195,-195
219000054,28,126,-98
219000055,36,2,34
219000056,3,0,3
219000057,22,0,22
219000062,5,157,-152
219000063,42,15,27
219000064,1,19,-18
219000110,26,13,13
219000111,40,16,24
219000112,83,18,65
219000113,52,19,33
219000114,90,6,84
219000116,69,62,7
219000117,143,131,12
219000118,35,165,-130
219000123,129,82,47
219000124,36,47,-11
219000125,5,26,-21
219000126,34,59,-25
219000127,0,5,-5
219000128,27,137,-110
219000129,26,145,-119
219000130,1777,651,1126
219000131,1526,1357,169
219000133,14,73,-59
219000134,14,28,-14
219000135,168,91,77
219000136,241,219,22
219000138,5,21,-16
219000139,5,61,-56
219000140,0,0,0
219000141,4,69,-65
219000142,5,71,-66
219000143,8,67,-59
219000145,1,17,-16
219000146,9,79,-70
219000147,2,48,-46
219000148,1,40,-39
219000149,25,168,-143
219000150,6,108,-102
219000151,1,105,-104
219000157,61,85,-24
219000158,82,205,-123
219000161,139,55,84
219000163,1042,191,851
219000166,46,107,-61
219000167,30,243,-213
219000168,129,27,102
219000174,0,0,0
219000175,0,0,0
219000176,0,0,0
219000177,0,0,0
219000178,0,0,0
219000179,0,0,0
219000180,9,22,-13
219000182,0,0,0
219000183,0,41,-41
219000184,0,0,0
219000185,4,152,-148
219000186,0,21,-21
219000187,2,91,-89
219000189,149,157,-8
219000190,167,207,-40
219000191,1246,520,726
219000192,183,403,-220
219000193,478,262,216
219000195,0,52,-52
219000196,3,70,-67
219000198,16,128,-112
219000199,42,120,-78
219000200,34,160,-126
219000201,38,118,-80
219000203,14,110,-96
219000204,36,128,-92
219000205,27,217,-190
219000207,72,172,-100
219000209,13,64,-51
219000210,20,87,-67
219000213,8,139,-131
219000239,54,62,-8
219000240,39,168,-129
219000241,21,115,-94
219000242,38,118,-80
219000243,24,205,-181
219000244,5,46,-41
219000245,10,21,-11
219000246,0,0,0
219000247,0,0,0
219000248,0,0,0
219000249,0,0,0
219000250,0,0,0
219000251,0,1,-1
219000252,0,0,0
219000253,0,0,0
219000255,0,0,0
219000256,0,0,0
219000257,0,0,0
219000262,59,304,-245
219000263,34,188,-154
219000267,4,105,-101
219000268,4,5,-1
219000269,0,0,0
219000270,0,0,0
219000271,119,9,110
219000278,1,9,-8
219000279,0,2,-2
219000283,0,8,-8
219000295,18,83,-65
219000296,43,423,-380
219000297,13,137,-124
219000298,7,233,-226
219000299,0,0,0
219000300,15,326,-311
219000301,53,290,-237
219000302,11,226,-215
219000307,8,89,-81
219000308,64,51,13
219000311,0,0,0
219000312,0,0,0
219000313,0,0,0
219000314,107,508,-401
219000315,0,0,0
219000316,0,0,0
219000317,0,0,0
219000320,1,27,-26
219000321,0,17,-17
219000323,5,39,-34
219000325,1,55,-54
219000326,49,131,-82
219000327,54,23,31
219000328,25,26,-1
219000329,426,189,237
219000330,22,62,-40
219000331,29,42,-13
219000332,0,0,0
219000333,0,0,0
219000335,0,0,0
219000337,0,0,0
219000338,0,0,0
219000344,48,75,-27
219000345,104,145,-41
219000346,39,133,-94
219000348,55,112,-57
219000349,23,163,-140
219000350,15,79,-64
219000351,2,4,-2
219000352,64,30,34
219000353,47,84,-37
219000354,102,150,-48
219000355,23,20,3
219000356,971,451,520
219000363,244,79,165
219000364,109,60,49
219000365,93,12,81
219000366,464,185,279
219000368,179,78,101
219000370,373,146,227
219000371,10,13,-3
219000382,3,16,-13
219000383,570,406,164
219000385,583,303,280
219000386,705,731,-26
219000387,0,8,-8
219000390,0,0,0
219000391,0,0,0
219000397,54,108,-54
219000398,85,31,54
219000401,6,27,-21
219000402,8,36,-28
219000403,18,53,-35
219000404,4,29,-25
219000407,3,16,-13
219000409,0,0,0
219000410,0,0,0
219000411,0,0,0
219000446,184,326,-142
219000447,0,34,-34
219000448,0,0,0
219000452,0,0,0
219000453,21,47,-26
219000454,131,71,60
219000556,0,0,0
219000558,47,189,-142
219000590,13,67,-54
219000591,0,0,0
219000592,81,392,-311
219000595,3,11,-8
219000635,0,0,0
219000636,15,98,-83
219000657,14,23,-9
219000658,5,39,-34
219000673,1,33,-32
219000676,7,32,-25
219000679,10,30,-20
219000684,30,0,30
219000685,0,52,-52
219000686,1,2,-1
219000688,1,199,-198
219000689,56,68,-12
219000690,0,0,0
219000691,25,31,-6
219000692,1,23,-22
219000693,0,18,-18
219000694,0,0,0
219000695,0,0,0
219000698,0,0,0
219000699,1,5,-4
219000727,3,147,-144
219000728,37,0,37
219000770,0,0,0
219000771,1,20,-19
219000788,81,78,3
219001150,0,9,-9
219001151,0,5,-5
219001166,0,0,0
219001167,6,31,-25
219001178,14,1,13
220000001,4,28,-24
220000002,6,70,-64
220000003,159,198,-39
220000004,220,332,-112
220000005,851,976,-125
220000006,72,455,-383
220000007,182,630,-448
220000008,90,614,-524
220000009,203,368,-165
220000010,11,26,-15
220000011,191,124,67
220000012,0,18,-18
220000014,7,58,-51
220000015,0,0,0
220000017,12,120,-108
220000018,988,110,878
220000019,21,81,-60
220000020,67,186,-119
220000021,160,102,58
220000022,212,423,-211
220000023,80,149,-69
220000024,904,327,577
220000025,342,313,29
220000026,153,91,62
220000027,2,40,-38
220000028,10,45,-35
220000029,36,88,-52
220000030,21,60,-39
220000031,30,121,-91
220000064,0,0,0
221000046,11,23,-12
221000047,0,0,0
221000048,0,1,-1
221000049,0,9,-9
221000050,9,14,-5
221000055,13,68,-55
221000057,18,1,17
221000068,93,26,67
221000069,49,11,38
221000070,48,4,44
221000071,7,2,5
221000072,51,4,47
221000073,14,34,-20
221000074,0,17,-17
221000075,6,17,-11
221000076,18,47,-29
221000077,19,113,-94
221000081,0,1,-1
221000082,2,0,2
221000083,4,1,3
221000084,2,2,0
221000085,20,72,-52
221000086,23,133,-110
221000087,2,131,-129
221000088,27,135,-108
221000089,40,154,-114
221000090,278,233,45
221000098,6,6,0
221000099,15,4,11
221000100,8,3,5
221000101,41,1,40
221000102,35,1,34
221000109,10,88,-78
221000110,4,141,-137
221000111,9,149,-140
221000112,2,89,-87
221000113,13,171,-158
221000114,17,150,-133
221000120,1,4,-3
221000121,0,0,0
221000122,0,0,0
221000123,0,0,0
221000124,3,85,-82
221000155,0,0,0
221000156,0,0,0
221000175,0,0,0
221000176,0,0,0
221000182,4,1,3
221000241,396,68,328
221000242,346,205,141
221000243,141,43,98
221000244,90,193,-103
221000245,8,71,-63
221000246,13,110,-97
221000247,4,67,-63
221000248,11,96,-85
221000267,6,216,-210
221000325,4,15,-11
221000331,0,23,-23
221000338,0,0,0
221000378,0,0,0
221000381,4,6,-2
222000282,0,0,0
222000296,1,7,-6
222000568,0,0,0
222000569,0,0,0
222000570,0,0,0
222000571,0,0,0
222000577,1,77,-76
222000578,1,53,-52
222000579,6,23,-17
222000580,22,169,-147
222000599,0,23,-23
222000600,0,34,-34
222000601,1,90,-89
222000603,3,0,3
222000604,1,0,1
222000605,1,1,0
222000606,0,1,-1
222000607,0,0,0
222000608,2,4,-2
222000609,2,31,-29
222000616,0,0,0
222000617,0,0,0
222000618,0,0,0
222000620,0,0,0
222000621,0,0,0
222000623,0,0,0
222000624,0,0,0
222000625,0,2,-2
222000636,0,0,0
222000686,0,0,0
222000687,0,0,0
222001066,0,0,0
222001067,0,0,0
222001068,0,0,0
222001069,0,0,0
222001082,0,13,-13
222001083,1,13,-12
222001084,0,5,-5
222001085,0,59,-59
222001111,0,70,-70
222001112,0,0,0
222001313,0,0,0
222001314,0,8,-8
222001464,0,0,0
222001465,0,6,-6
222001484,0,0,0
222001485,6,9,-3
222001494,0,0,0
222001495,1,25,-24
222001496,0,0,0
222001497,0,26,-26
222001502,27,158,-131
222001503,0,0,0
222001504,9,186,-177
222001505,0,0,0
222001506,18,190,-172
222001507,0,0,0
222001510,0,0,0
222001511,20,193,-173
222001514,0,0,0
222001515,94,405,-311
222001518,0,0,0
222001519,11,205,-194
222001527,0,0,0
222001528,24,99,-75
222001529,0,0,0
222001530,14,110,-96
222001533,88,425,-337
222001534,0,0,0
222001535,0,0,0
222001536,0,6,-6
222001537,0,0,0
222001538,42,247,-205
222001563,0,0,0
222001564,18,473,-455
222001568,0,52,-52
222001576,0,0,0
222001579,0,1,-1
222001583,0,30,-30
222001584,0,0,0
222001596,27,438,-411
222001597,0,0,0
222001626,0,37,-37
222001650,0,17,-17
222001651,0,2,-2
222001914,0,0,0
222001915,13,108,-95
222001968,0,0,0
222001969,3,7,-4
222001970,0,0,0
222001971,0,0,0
222001972,0,11,-11
225000001,10,1,9
225000002,25,3,22
225000003,21,5,16
225000004,17,23,-6
225000005,3,1,2
225000006,0,76,-76
225000007,2325,440,1885
225000010,77,1,76
225000011,0,0,0
225000012,0,0,0
225000013,0,0,0
225000014,0,0,0
225000015,64,137,-73
225000021,0,0,0
225000027,103,314,-211
225000032,0,0,0
225000042,21,504,-483
225000049,15,45,-30
225000050,24,1,23
225000053,4,79,-75
225000058,0,0,0
225000067,47,237,-190
225000068,28,401,-373
225000069,61,387,-326
225000070,64,386,-322
225000071,21,232,-211
225000075,22,420,-398
225000076,39,63,-24
225000078,0,0,0
225000085,0,0,0
225000086,0,0,0
225000087,0,0,0
225000088,2,75,-73
225000089,604,277,327
225000090,13,193,-180
225000091,35,156,-121
225000092,7,49,-42
225000093,42,343,-301
225000094,10,362,-352
225000095,137,501,-364
225000096,67,278,-211
225000098,30,8,22
225000099,15,4,11
225000100,9,5,4
225000104,25,262,-237
225000110,8,240,-232
225000111,56,651,-595
225000112,52,649,-597
225000113,38,320,-282
225000114,39,198,-159
225000115,1803,207,1596
225000116,0,0,0
225000117,0,0,0
225000118,0,0,0
225000119,0,0,0
225000120,0,0,0
225000121,0,0,0
225000123,0,0,0
225000125,17,22,-5
225000126,153,11,142
225000127,338,27,311
225000128,25,19,6
225000132,63,25,38
225000133,49,24,25
225000134,210,24,186
225000135,28,6,22
225000136,50,5,45
225000137,24,13,11
225000138,115,11,104
225000143,45,65,-20
225000144,2,202,-200
225000145,0,0,0
225000146,4,85,-81
225000147,16,219,-203
225000148,0,135,-135
225000149,64,231,-167
225000151,38,109,-71
225000155,116,185,-69
225000156,46,235,-189
225000157,39,192,-153
225000158,24,279,-255
225000171,4,103,-99
225000180,25,11,14
225000181,0,32,-32
225000182,0,0,0
225000185,5,148,-143
225000187,29,240,-211
225000191,0,0,0
225000194,0,13,-13
225000208,1,32,-31
225000209,0,0,0
225000210,1,72,-71
225000217,0,14,-14
225000218,0,0,0
225000223,0,30,-30
225000224,0,0,0
225000225,0,3,-3
225000226,0,0,0
225000227,53,49,4
225000228,0,0,0
225000229,0,37,-37
225000230,0,0,0
225000231,1,99,-98
225000232,0,0,0
225000241,0,0,0
225000242,0,64,-64
225000249,0,1,-1
225000250,39,426,-387
225000251,106,22,84
225000254,0,0,0
225000256,0,0,0
225000257,0,4,-4
226000042,113,221,-108
226000043,6,175,-169
226000044,54,536,-482
226000045,32,354,-322
226000046,121,21,100
226000047,94,29,65
226000048,130,17,113
226000049,78,29,49
226000070,1,48,-47
226000071,0,40,-40
226000072,0,3,-3
226000073,0,6,-6
226000074,0,5,-5
226000084,0,26,-26
226000085,0,6,-6
226000086,2,3,-1
226000087,0,7,-7
226000088,1,4,-3
226000090,3,6,-3
226000091,0,0,0
226000092,1,0,1
226000093,1,0,1
226000094,3,0,3
226000095,2,0,2
226000105,0,0,0
226000106,2,0,2
226000107,0,0,0
226000108,0,0,0
226000109,10,1,9
226000124,97,30,67
226000134,228,147,81
226000135,348,283,65
226000136,80,72,8
226000137,5,260,-255
226000138,5,149,-144
226000139,0,14,-14
226000156,15,1,14
226000157,41,0,41
226000163,9,20,-11
226000202,4,190,-186
226000231,27,1,26
226000232,0,0,0
227000033,0,0,0
227000036,0,0,0
227000037,0,0,0
227000038,0,0,0
227000084,0,25,-25
227000085,0,25,-25
227000088,0,0,0
227000089,0,0,0
227000090,0,0,0
227000091,0,0,0
227000092,0,0,0
227000093,0,0,0
227000094,0,0,0
227000130,22,52,-30
227000131,8,213,-205
227000132,1,200,-199
227000133,4,211,-207
227000134,6,278,-272
227000152,0,0,0
227000153,0,30,-30
227000154,0,17,-17
227000155,1,15,-14
227000156,0,15,-15
227000165,0,24,-24
227000196,52,190,-138
227000199,11,331,-320
227000230,31,261,-230
227000232,0,0,0
227000242,55,290,-235
227000243,0,0,0
227000245,24,317,-293
227000246,34,328,-294
227000247,0,0,0
227000248,0,0,0
227000249,10,206,-196
227000250,5,0,5
227000251,96,215,-119
227000252,14,347,-333
227000253,0,0,0
227000262,0,0,0
227000266,0,0,0
227000267,33,1294,-1261
227000282,45,105,-60
227000284,0,0,0
227000286,26,50,-24
227000291,48,361,-313
227000296,0,0,0
227000484,0,0,0
227000485,28,474,-446
227000655,0,0,0
227000656,0,0,0
227000657,0,0,0
227000704,0,0,0
229000265,0,0,0
229000266,0,0,0
229000267,0,0,0
229000268,0,0,0
229000269,0,0,0
229000274,2,9,-7
229000275,3,5,-2
229000276,1,4,-3
229000277,0,0,0
229000278,0,3,-3
229000295,10,16,-6
229000296,0,3,-3
229000297,11,12,-1
229000298,25,42,-17
229000320,0,0,0
229000321,0,0,0
229000412,5,35,-30
229000414,1,26,-25
229000415,0,0,0
229000416,1,2,-1
229000417,0,7,-7
229000419,34,150,-116
229000440,0,0,0
229000442,0,0,0
229000443,0,0,0
229000444,0,23,-23
229000445,0,0,0
229000446,0,0,0
229000491,7,48,-41
229000492,19,116,-97
229000493,3,101,-98
229000494,49,25,24
229000495,158,143,15
229000496,26,145,-119
229000507,1,37,-36
229000508,10,24,-14
229000509,0,50,-50
229000510,5,30,-25
229000511,6,56,-50
229000512,0,40,-40
229000513,0,7,-7
229000514,0,13,-13
229000517,2,6,-4
229000518,9,46,-37
229000519,0,11,-11
229000520,8,51,-43
229000521,29,68,-39
229000522,6,24,-18
229000523,5,32,-27
229000524,3,33,-30
229000527,6,4,2
229000528,1,3,-2
229000529,14,2,12
229000530,80,49,31
229000531,17,37,-20
229000532,29,26,3
229000533,230,94,136
229000534,91,48,43
229000564,109,17,92
229000565,22,39,-17
229000566,0,42,-42
229000567,2,132,-130
229000582,336,26,310
229000583,6,18,-12
229000584,1,60,-59
229000585,10,65,-55
229000718,0,1,-1
229000719,0,0,0
229000720,0,31,-31
229000721,0,22,-22
229000722,0,35,-35
229000723,0,11,-11
229000724,0,0,0
229000725,0,19,-19
229000738,12,3,9
229000739,2,0,2
229000740,8,0,8
229000741,65,2,63
229000742,25,3,22
229000743,78,2,76
229000744,8,3,5
229000745,7,1,6
229000746,97,3,94
229000847,44,2,42
229000848,53,2,51
229000849,393,9,384
229000851,23,0,23
229000854,0,40,-40
229000856,1,90,-89
229000857,0,32,-32
229000858,0,80,-80
229000919,8,113,-105
229000930,0,139,-139
229000937,276,62,214
229000966,94,35,59
229000981,24,61,-37
229000985,3,21,-18
229000986,0,0,0
229000987,0,0,0
229000988,0,0,0
229000989,0,0,0
229000990,0,0,0
229000991,0,0,0
229000992,0,0,0
229000993,0,0,0
229000998,16,13,3
229000999,0,0,0
229001034,0,30,-30
229001035,0,0,0
229001036,6,23,-17
229001037,0,0,0
229001038,0,0,0
229001039,0,0,0
229001040,0,92,-92
229001041,0,0,0
229001042,0,0,0
229001047,1,14,-13
229001050,0,0,0
229001168,0,16,-16
229001200,0,0,0
229001338,0,24,-24
229001394,287,7,280
229001422,424,48,376
229001423,21,143,-122
229001431,233,103,130
229001432,15,68,-53
229001444,0,0,0
229001445,7,103,-96
229001479,14,20,-6
229001503,309,114,195
229001504,39,122,-83
229001505,397,79,318
229001506,41,106,-65
229001509,0,0,0
229001510,4,16,-12
229001545,125,20,105
229001546,7,68,-61
229001553,73,16,57
229001554,4,95,-91
229001630,0,0,0
229001631,14,20,-6
229001635,0,3,-3
229001636,0,0,0
229001658,2,37,-35
229001659,238,7,231
229001660,0,0,0
229001661,0,12,-12
229001662,27,0,27
229001663,0,16,-16
229002584,0,0,0
229002831,56,61,-5
229002841,4,3,1
229002842,0,0,0
229002843,0,0,0
229002844,8,31,-23
229002845,0,38,-38
229002846,0,0,0
229002847,2,3,-1
229002848,0,0,0
229002849,0,16,-16
229002850,0,0,0
229002851,5,41,-36
229002852,0,0,0
229002853,0,0,0
229002854,5,15,-10
229002855,1,18,-17
229002856,0,0,0
229002857,1,26,-25
229002858,0,0,0
229002859,8,7,1
229002860,0,0,0
229002861,0,0,0
229002862,2,17,-15
229002863,5,9,-4
229002864,0,0,0
229002865,3,5,-2
229002866,0,0,0
229002867,0,10,-10
229002868,0,0,0
229002869,0,45,-45
229002870,0,0,0
235000066,0,0,0
235000067,0,0,0
235000072,28,77,-49
235000073,49,234,-185
235000074,24,66,-42
235000080,2,44,-42
235000081,29,106,-77
235000082,0,0,0
235000083,0,0,0
235000084,0,0,0
235000085,0,0,0
235000089,0,0,0
235000092,10,176,-166
235000093,1,1,0
235000097,0,0,0
235000098,0,0,0
235000099,0,0,0
235000116,0,0,0
235000117,0,0,0
235000133,10,163,-153
235000134,4,72,-68
235000206,0,0,0
235000207,0,0,0
235000208,0,0,0
235000209,0,0,0
235000210,0,0,0
235000212,3,9,-6
235000213,2,6,-4
235000220,1,3,-2
235000221,5,9,-4
235000238,1,0,1
235000239,0,0,0
235000242,21,4,17
235000245,586,207,379
235000246,3,61,-58
235000284,3,47,-44
235000295,0,0,0
235000305,0,0,0
235000306,0,0,0
235000307,0,0,0
235000308,0,0,0
235000309,0,0,0
235000310,0,0,0
235000311,0,4,-4
235000322,0,17,-17
235000323,0,18,-18
235000324,0,7,-7
235000325,0,8,-8
235000326,2,128,-126
235000351,1,29,-28
235000352,3,41,-38
235000353,0,18,-18
235000354,0,28,-28
235000355,1,60,-59
235000356,0,0,0
235000357,0,0,0
235000358,0,0,0
235000359,0,0,0
235000360,0,0,0
235000361,0,0,0
235000381,33,168,-135
235000382,0,0,0
235000390,0,0,0
235000391,0,0,0
235000392,0,0,0
235000393,0,0,0
235000395,0,0,0
235000396,0,0,0
235000400,0,0,0
235000401,5,116,-111
235000405,46,342,-296
235000406,11,170,-159
235000407,38,68,-30
235000409,87,128,-41
235000410,11,124,-113
235000411,0,60,-60
235000485,0,13,-13
235000486,0,0,0
235000549,0,0,0
235000550,101,161,-60
235000599,89,123,-34
235000600,6,7,-1
235000601,0,0,0
235000602,0,0,0
235000614,0,4,-4
235000648,0,71,-71
235000649,0,0,0
235000685,0,1,-1
235000815,3,19,-16
235000834,0,1,-1
235000855,0,0,0
235000862,13,115,-102
235000891,0,2,-2
235000892,0,5,-5
235000901,115,115,0
235000907,2,4,-2
235001010,0,0,0
235001029,460,259,201
235001030,0,0,0
235001078,0,0,0
235001079,22,73,-51
235001147,0,0,0
235001166,0,0,0
235001167,9,65,-56
235001169,9,182,-173
235001188,0,6,-6
235001189,0,0,0
235001197,4,10,-6
235001200,17,59,-42
235001207,0,0,0
235001210,4,68,-64
235001215,13,66,-53
235001239,1,58,-57
235001244,0,0,0
235016267,0,5,-5
277101746,0,53,-53
277102712,0,0,0
277103813,0,0,0
277103814,0,0,0
277103898,0,5,-5
277104249,0,3,-3
277104250,0,0,0
277104251,0,5,-5
277104252,0,0,0
990011530,0,155,-155
990014944,3,325,-322
990015176,0,0,0
990015618,0,76,-76
990016032,0,129,-129
990032570,1,68,-67
990070001,0,1,-1
990070103,0,3,-3
990070601,0,12,-12
990070751,0,0,0
990070766,0,168,-168
990071180,0,79,-79
990071343,0,0,0
990071387,0,2,-2
990071823,5,11,-6
990072600,1,323,-322
990072964,2,257,-255
990073285,0,4,-4
990074393,0,304,-304
990074870,0,0,0
990075106,0,1,-1
990075746,0,0,0
990076437,0,3,-3
990076458,5,665,-660
997000007,0,1,-1
997000041,0,93,-93
997000058,0,1,-1
997000062,0,0,0
997000069,0,3,-3
997000070,0,37,-37
997000100,0,0,0
997000141,0,2,-2
997000198,1,9,-8
998000475,0,8,-8
998000736,0,100,-100
998000965,0,0,0
998001031,0,22,-22
998001700,1,15,-14
998001899,0,0,0
998001900,6,0,6
998003073,0,0,0
998101900,0,0,0
998102850,0,10,-10
998501927,3,194,-191
998501929,15,1,14
998501930,13,0,13
998501931,19,23,-4
998501932,13,1,12
998501933,0,0,0
998501937,0,2,-2
998501944,0,0,0
998501950,0,0,0
998501970,11,2,9
998501971,1,114,-113
998501973,0,42,-42
998501974,0,109,-109
998501975,0,0,0
998501976,3,0,3
998501977,0,13,-13
998501978,0,0,0
998501979,0,28,-28
998501980,0,1,-1
998501981,0,1,-1
998501982,0,135,-135
998502006,0,0,0
998502024,0,6,-6
998502032,0,0,0
998502062,13,6,7
998502063,0,0,0
998502173,0,0,0
998502269,0,0,0
998601159,0,79,-79
998601292,0,7,-7
999033574,1,257,-256
999800001,6,11,-5
999800002,0,2,-2
999800003,0,6,-6
999800004,0,11,-11
999800005,0,27,-27
