ID,insum,outsum,diff
100000001,643,1070,-427
100000002,3683,3045,638
100000003,6425,5722,703
100000004,1415,1445,-30
100000005,2587,5543,-2956
100000006,754,157,597
100000007,2203,864,1339
100000008,372,593,-221
100000009,1083,530,553
100000010,39,88,-49
100000011,1115,143,972
100000012,106,1048,-942
100000013,83,227,-144
100000014,890,388,502
100000015,2457,2402,55
100000016,1129,1826,-697
100000017,947,1218,-271
100000018,1629,765,864
100000019,4187,2376,1811
100000020,2482,6835,-4353
100000021,5688,3178,2510
100000022,1896,3032,-1136
100000023,5244,2493,2751
100000025,1793,1813,-20
100000028,1994,1568,426
100000029,271,418,-147
100000030,321,138,183
100000031,5617,7709,-2092
100000032,2561,4044,-1483
100000033,1027,3109,-2082
100000034,545,656,-111
100000035,2038,2013,25
100000036,2478,1604,874
100000037,757,451,306
100000038,2227,1104,1123
100000039,615,260,355
100000040,239,160,79
100000041,1680,552,1128
100000042,1234,549,685
100000043,1203,570,633
100000044,465,1021,-556
100000045,585,1152,-567
100000046,1182,859,323
100000047,333,556,-223
100000048,372,536,-164
100000049,1775,1783,-8
100000051,446,991,-545
100000053,239,20,219
100000054,512,50,462
100000055,1109,288,821
100000056,517,467,50
100000057,2109,658,1451
100000058,1044,1380,-336
100000059,27,147,-120
100000060,417,367,50
100000061,2685,474,2211
100000062,2286,691,1595
100000063,969,319,650
100000064,1393,317,1076
100000065,484,862,-378
100000066,179,573,-394
100000067,446,813,-367
100000068,511,1759,-1248
100000069,287,1346,-1059
100000072,246,1059,-813
100000073,1088,1141,-53
100000075,745,279,466
100000076,2357,2953,-596
100000077,275,297,-22
100000078,45,58,-13
100000079,59,46,13
100000080,48,50,-2
100000081,181,203,-22
100000102,2888,2371,517
100000103,2883,2127,756
100000104,4783,3210,1573
100000105,3216,2128,1088
100000106,3327,2807,520
100000107,855,1285,-430
100000108,790,1197,-407
100000109,2418,1458,960
100000116,1617,1270,347
100000117,120,162,-42
100000118,1530,1566,-36
100000119,663,866,-203
100000121,327,487,-160
100000122,898,1171,-273
100000123,3515,5319,-1804
100000124,5483,8065,-2582
100000125,4483,2425,2058
100000126,952,549,403
100000127,1554,390,1164
100000128,1831,3134,-1303
100000129,647,505,142
100000130,586,640,-54
100000131,2516,3030,-514
100000132,1516,3809,-2293
100000133,5776,2936,2840
100000135,781,1388,-607
100000139,475,380,95
100000140,445,367,78
100000142,636,702,-66
100000143,862,434,428
100000144,3380,940,2440
100000147,1421,3290,-1869
100000150,58,347,-289
100000151,1433,1280,153
100000153,301,486,-185
100000154,68,304,-236
100000155,31,74,-43
100000156,597,453,144
100000157,139,186,-47
100000158,340,109,231
100000159,248,653,-405
100000165,1451,1058,393
100000169,401,692,-291
100000174,903,841,62
100000179,159,615,-456
100000180,1775,2213,-438
100000181,580,286,294
100000188,69,270,-201
100000189,954,396,558
100000190,940,1220,-280
100000191,849,810,39
100000192,91,167,-76
100000193,362,208,154
100000330,1532,1174,358
100000355,255,691,-436
100000362,4181,3381,800
100000363,4786,4453,333
100000364,331,313,18
100000365,6423,7486,-1063
100000366,5961,3412,2549
100000367,6003,6597,-594
100000368,2877,1715,1162
100000369,1570,2215,-645
100000370,348,952,-604
100000376,157,220,-63
100000379,2573,2204,369
100000380,5507,5316,191
100000384,6235,6329,-94
100000385,4807,5668,-861
100000386,9355,6112,3243
100000387,6184,7314,-1130
100000388,8501,8141,360
100000389,9619,8328,1291
100000390,10159,7831,2328
100000391,7444,10355,-2911
100000392,4051,4545,-494
100000393,3305,5649,-2344
100000394,8994,9964,-970
100000395,6754,4899,1855
100000396,8384,4667,3717
100000397,6451,7380,-929
100000398,11153,9132,2021
100900002,26,36,-10
100900003,481,237,244
100900004,37,1004,-967
100900005,198,21,177
100900006,45,89,-44
100900007,778,31,747
100900008,2,469,-467
100900009,157,162,-5
100900010,119,78,41
100900011,160,207,-47
100900012,2,191,-189
100900013,970,17,953
100900014,4,15,-11
100900015,143,112,31
100900016,2,41,-39
100900017,1153,140,1013
100900018,0,17,-17
100900019,33,160,-127
100900020,464,9,455
100900021,478,3,475
100900022,38,53,-15
100900023,1,31,-30
100900024,911,5,906
100900025,21,31,-10
100900026,163,116,47
100900027,784,3407,-2623
100900028,147,227,-80
100900029,46,9,37
100900030,6,133,-127
100900031,757,93,664
100900032,284,1,283
100900033,283,273,10
100900034,693,3,690
100900035,680,2,678
100900036,28,1,27
100900037,164,244,-80
100900038,102,48,54
100900039,304,495,-191
100900040,514,678,-164
100900041,1027,744,283
100900042,1942,1887,55
100900043,0,40,-40
100900044,2203,587,1616
100900045,31,0,31
100900046,1414,29,1385
100900047,959,295,664
100900048,302,98,204
100900049,121,158,-37
100900050,3,7,-4
100900051,66,169,-103
100900052,663,85,578
100900053,494,21,473
100900054,18,77,-59
100900055,401,899,-498
100900056,225,229,-4
100900057,1739,1393,346
100900058,415,88,327
100900059,129,6,123
100900060,236,13,223
100900061,380,300,80
100900062,12,38,-26
100900063,284,802,-518
100900064,960,33,927
100900065,122,116,6
100900066,223,209,14
100900067,7,10,-3
100900068,183,152,31
100900069,487,7,480
100900070,522,16,506
100900071,801,325,476
100900072,1,29,-28
100900073,201,372,-171
100900074,9,14,-5
100900075,2342,518,1824
100900076,19,51,-32
100900077,41,77,-36
100900078,190,362,-172
100900079,23,43,-20
100900080,66,162,-96
100900081,65,158,-93
100900082,191,436,-245
100900083,17,30,-13
100900085,44,492,-448
100900086,226,866,-640
100900088,182,490,-308
100900089,5,22,-17
100900090,158,509,-351
100900091,3,20,-17
100900092,397,219,178
100900093,296,310,-14
100900094,175,455,-280
100900095,10,27,-17
100900096,74,189,-115
100900097,1,9,-8
100900098,40,15,25
100900099,54,627,-573
100900100,32,663,-631
100900101,329,69,260
100900102,105,242,-137
100900103,23,28,-5
100900104,5,180,-175
100900105,82,1166,-1084
100900106,49,6,43
100900107,2045,890,1155
100900108,8,84,-76
100900109,45,53,-8
100900110,9,29,-20
100900111,70,246,-176
100900112,7,14,-7
100900113,24,48,-24
100900114,9,19,-10
100900115,11,45,-34
100900116,993,919,74
100900117,401,1111,-710
100900118,10,39,-29
100900119,25,22,3
100900120,12,8,4
100900121,493,728,-235
100900122,169,211,-42
100900123,127,216,-89
100900124,13,13,0
100900125,21,101,-80
100900126,193,202,-9
100900127,7,8,-1
100900128,120,183,-63
100900129,0,274,-274
100900131,125,432,-307
100900133,51,65,-14
100900134,3,3,0
100900135,0,205,-205
100900137,356,228,128
100900138,561,585,-24
100900139,23,5,18
100900140,13,575,-562
100900141,10,700,-690
100900142,2,21,-19
100900143,963,544,419
100900144,13,4,9
100900145,168,225,-57
100900146,17,91,-74
100900147,6,671,-665
100900148,23,582,-559
100900149,30,285,-255
100900150,7,67,-60
100900151,158,691,-533
100900152,206,8,198
100900153,5,269,-264
100900154,43,148,-105
100900155,22,31,-9
100900156,42,11,31
100900157,11,311,-300
100900158,757,230,527
100900159,48,53,-5
100900160,23,8,15
100900161,72,12,60
100900162,22,672,-650
100900163,177,196,-19
100900164,63,50,13
100900165,9,26,-17
100900166,24,6,18
100900167,35,88,-53
100900168,70,193,-123
100900169,154,1039,-885
100900170,34,12,22
100900171,35,595,-560
100900172,0,20,-20
100900173,11,349,-338
100900174,770,87,683
100900176,2296,281,2015
100900177,845,349,496
100900178,327,185,142
100900179,317,655,-338
100900180,9,5,4
100900181,69,82,-13
100900182,36,35,1
100900184,19,170,-151
100900186,716,561,155
100900187,13,56,-43
100900188,53,12,41
100900189,1792,321,1471
100900191,1124,1214,-90
100900192,304,472,-168
100900195,138,169,-31
100900197,96,104,-8
100900198,62,229,-167
100900199,9,22,-13
100900200,837,493,344
100900201,120,1056,-936
100900202,61,1,60
100900203,0,123,-123
100900204,331,924,-593
100900205,191,674,-483
100900206,270,109,161
100900207,344,189,155
100900210,81,685,-604
100900211,726,266,460
100900213,222,65,157
100900214,734,190,544
100900215,28,71,-43
100900217,211,160,51
101000001,4048,2654,1394
101000002,6809,6380,429
101000003,536,1544,-1008
101000004,7657,6741,916
101000005,4513,5122,-609
101000006,6180,7406,-1226
101000007,3097,4439,-1342
101000008,3237,2933,304
101000009,2212,1376,836
101000010,1069,1199,-130
101000011,1645,743,902
101000012,1434,922,512
101000013,818,1389,-571
101000014,604,763,-159
101000015,1371,991,380
101000016,385,576,-191
101000017,755,690,65
101000018,3173,2737,436
101000020,2703,1222,1481
101000021,991,539,452
101000022,247,134,113
101000023,1525,813,712
101000025,302,481,-179
101000026,276,46,230
101000027,2448,2812,-364
101000028,1017,275,742
101000029,517,2027,-1510
101000030,2152,189,1963
101000031,1514,1114,400
101000032,9945,6044,3901
101000033,3042,4355,-1313
101000034,2824,2084,740
101000035,1286,568,718
101000036,2230,1300,930
101000037,3563,2313,1250
101000039,2720,3189,-469
101000040,3788,4153,-365
101000041,11982,10434,1548
101000042,735,1774,-1039
101000043,9358,10115,-757
101000045,2053,1258,795
101000046,4859,2250,2609
101000047,3107,5107,-2000
101000048,921,822,99
101000049,1042,2527,-1485
101000050,2836,3220,-384
101000051,2501,3444,-943
101000052,1783,1356,427
101000053,1403,1664,-261
101000054,2610,1448,1162
101000055,1558,1746,-188
101000056,81,158,-77
101000057,2394,1415,979
101000058,1433,1696,-263
101000059,2518,2418,100
101000060,2173,802,1371
101000061,1146,1521,-375
101000062,965,784,181
101000063,657,1088,-431
101000064,1332,1144,188
101000065,511,480,31
101000066,1218,986,232
101000067,1500,1240,260
101000068,358,589,-231
101000069,471,143,328
101000070,1450,1597,-147
101000071,2202,1086,1116
101000072,1000,3833,-2833
101000073,997,1283,-286
101000074,7694,5558,2136
101000075,6407,7261,-854
101000077,1890,1511,379
101000078,1387,2188,-801
101000079,765,435,330
101000080,636,555,81
101000081,1931,1793,138
101000082,3577,3222,355
101000083,2996,2417,579
101000084,1527,999,528
101000085,1735,1451,284
101000086,1256,1269,-13
101000087,1070,1029,41
101000088,1425,1286,139
101000089,1291,1781,-490
101000090,2088,1368,720
101000091,475,769,-294
101000092,1108,1006,102
101000093,1435,952,483
101000094,1199,1112,87
101000095,606,615,-9
101000096,427,563,-136
101000097,564,534,30
101000098,482,580,-98
101000099,1244,1229,15
101000100,1059,1033,26
101000101,472,498,-26
101000102,948,550,398
101000103,961,622,339
101000104,431,744,-313
101000105,534,400,134
101000106,792,829,-37
101000107,345,381,-36
101000108,964,299,665
101000109,466,65,401
101000110,58,506,-448
101000111,181,233,-52
101000113,301,825,-524
101000114,10328,8467,1861
101000115,140,132,8
101000116,225,113,112
101000117,1590,305,1285
101000119,106,77,29
101000120,175,60,115
101000121,116,58,58
101000122,199,134,65
101000123,74,146,-72
101000124,707,340,367
101000125,197,561,-364
101000128,673,603,70
101000130,350,442,-92
101000131,880,608,272
101000132,787,931,-144
101000135,61,52,9
101000136,604,231,373
101000137,25,394,-369
101000141,1689,3762,-2073
101000147,968,472,496
101000148,1070,33,1037
101000149,156,333,-177
101000150,137,719,-582
101000151,267,63,204
101000152,416,359,57
101000153,574,327,247
101000154,331,1042,-711
101000155,397,162,235
101000156,32,325,-293
101000157,71,24,47
101000160,92,54,38
101000163,325,408,-83
101000164,433,394,39
101000165,342,375,-33
101000166,327,469,-142
101000168,1078,517,561
101000252,2242,1032,1210
101000254,522,175,347
101000258,37,9,28
101000261,176,62,114
101000262,1460,2659,-1199
101000263,432,1656,-1224
101000265,106,883,-777
101000266,430,540,-110
101000269,33,19,14
101000290,1788,2855,-1067
101000293,54,70,-16
101000294,801,579,222
101000295,169,555,-386
101000301,837,648,189
101000304,2036,3090,-1054
101000305,2983,1626,1357
101900001,22,68,-46
101900002,0,14,-14
101900003,66,111,-45
101900004,12,78,-66
101900005,3366,2633,733
101900006,1384,118,1266
101900007,1169,320,849
101900008,139,434,-295
101900009,99,647,-548
101900010,840,710,130
101900011,402,1647,-1245
101900012,325,346,-21
101900013,949,249,700
101900017,15,168,-153
101900018,1255,339,916
101900019,255,129,126
101900020,240,163,77
101900021,1,45,-44
101900022,161,977,-816
101900023,191,203,-12
102000001,2755,4963,-2208
102000002,2829,1237,1592
102000003,3631,8346,-4715
102000004,7090,3503,3587
102000005,1551,2100,-549
102000006,1426,2012,-586
102000007,1808,4820,-3012
102000008,4040,1807,2233
102000009,6847,8546,-1699
102000010,5470,3689,1781
102000011,3292,2952,340
102000012,3416,3322,94
102000018,3200,2992,208
102000019,2414,1756,658
102000026,303,598,-295
102000029,489,287,202
102000030,186,448,-262
102000031,78,154,-76
102000032,622,297,325
102000033,301,445,-144
102000034,641,477,164
102000035,1534,1012,522
102000036,18,285,-267
102000037,166,66,100
102000038,269,344,-75
102000039,222,106,116
102000040,478,360,118
102000041,289,405,-116
102000042,313,380,-67
102000043,363,301,62
102000044,406,406,0
102000045,884,975,-91
102000046,1250,673,577
102000047,1095,1114,-19
102000048,431,856,-425
102000049,1115,962,153
102000050,1330,1356,-26
102000051,454,723,-269
102000052,1351,951,400
102000053,1029,1055,-26
102000054,698,1001,-303
102000055,1309,665,644
102000056,1085,1179,-94
102000057,1782,672,1110
102000058,1383,1356,27
102000059,1534,1462,72
102000060,1348,1107,241
102000061,1650,1837,-187
102000062,1900,1222,678
102000063,1256,1399,-143
102000064,657,790,-133
102000065,75,176,-101
102000066,772,868,-96
102000067,2113,2932,-819
102000068,9224,2881,6343
102000069,112,2047,-1935
102000070,1574,48,1526
102000071,7037,9478,-2441
102000072,3340,4184,-844
102000073,1815,1279,536
102000074,931,1525,-594
102000075,157,397,-240
102000076,216,480,-264
102000077,750,750,0
102000078,948,695,253
102000079,179,295,-116
102000080,269,259,10
102000081,412,790,-378
102000082,627,480,147
102000083,528,358,170
102000084,340,304,36
102000085,1805,1152,653
102000086,1344,1176,168
102000087,1076,1735,-659
102000088,411,383,28
102000089,1457,478,979
102000090,909,1402,-493
102000091,1673,801,872
102000092,372,797,-425
102000093,626,685,-59
102000094,1225,860,365
102000095,1420,1561,-141
102000096,1011,1077,-66
102000097,1261,1069,192
102000098,838,957,-119
102000099,1144,1019,125
102000100,900,1635,-735
102000101,1468,1104,364
102000102,408,1623,-1215
102000103,1985,592,1393
102000104,821,384,437
102000105,351,605,-254
102000106,975,682,293
102000107,1401,595,806
102000108,816,203,613
102000109,528,661,-133
102000110,1162,1192,-30
102000111,26,254,-228
102000112,184,154,30
102000113,27,40,-13
102000114,844,428,416
102000115,293,358,-65
102000116,1332,942,390
102000117,455,1983,-1528
102000118,1836,1206,630
102000119,1652,1744,-92
102000120,244,577,-333
102000121,1194,692,502
102000122,965,1056,-91
102000123,1456,1423,33
102000124,1734,1281,453
102000125,1115,1052,63
102000126,921,858,63
102000127,1453,838,615
102000128,918,1221,-303
102000129,1870,911,959
102000130,818,995,-177
102000131,2030,926,1104
102000132,700,1270,-570
102000133,2102,1849,253
102000134,885,830,55
102000135,985,956,29
102000136,1368,698,670
102000137,1253,1633,-380
102000138,403,621,-218
102000139,123,550,-427
102000140,364,714,-350
102000141,368,640,-272
102000142,414,458,-44
102000143,232,512,-280
102000144,430,374,56
102000145,529,569,-40
102000146,498,442,56
102000147,636,530,106
102000148,279,494,-215
102000149,223,427,-204
102000150,483,122,361
102000151,127,273,-146
102000152,174,137,37
102000153,1236,616,620
102000154,310,636,-326
102000155,134,395,-261
102000156,468,207,261
102000157,128,454,-326
102000158,452,481,-29
102000159,1079,610,469
102000161,4079,2653,1426
102000162,213,213,0
102000163,137,762,-625
102000164,1287,1429,-142
102000165,371,185,186
102000166,101,215,-114
102000167,287,269,18
102000168,429,145,284
102000169,150,472,-322
102000170,602,405,197
102000171,380,612,-232
102000172,477,753,-276
102000173,517,416,101
102000174,124,92,32
102000175,161,92,69
102000176,111,48,63
102000178,204,408,-204
102000179,404,235,169
102000180,1012,456,556
102000181,894,526,368
102000182,604,541,63
102000183,1891,1610,281
102000184,1974,818,1156
102000185,2951,1389,1562
102000186,1387,1834,-447
102000187,1016,1534,-518
102000188,1349,1376,-27
102000189,2713,907,1806
102000190,926,3039,-2113
102000191,1333,607,726
102000192,1409,1503,-94
102000193,68,131,-63
102000194,74,110,-36
102000195,459,443,16
102000196,300,397,-97
102000197,750,452,298
102000198,232,975,-743
102000199,1069,437,632
102000200,325,1214,-889
102000201,1247,470,777
102000202,5,105,-100
102000203,419,241,178
102000204,510,728,-218
102000205,1367,488,879
102000206,786,711,75
102000207,783,526,257
102000208,452,466,-14
102000209,80,82,-2
102000210,443,417,26
102000211,600,316,284
102000212,340,17,323
102000213,9,283,-274
102000214,329,16,313
102000215,19,420,-401
102000216,96,55,41
102000217,7,141,-134
102000218,331,178,153
102000219,368,286,82
102000225,679,683,-4
102000226,3625,1519,2106
102000227,162,4,158
102000228,1,110,-109
102000229,49,59,-10
102000230,339,404,-65
102000231,280,466,-186
102000232,32,151,-119
102000233,488,750,-262
102000234,184,1183,-999
102000236,307,99,208
102000237,430,159,271
102000238,208,309,-101
102000240,622,697,-75
102000241,285,183,102
102000243,36,90,-54
102000245,49,123,-74
102000246,21,45,-24
102000247,291,751,-460
102000248,270,562,-292
102000249,137,121,16
102000250,93,370,-277
102000254,131,283,-152
102000266,38,349,-311
102000271,40,1,39
102000286,503,441,62
102000297,2156,1233,923
102000301,0,0,0
102000303,0,0,0
102000305,0,0,0
102000307,0,6,-6
102000308,0,0,0
102900001,1557,820,737
102900002,547,63,484
102900003,85,225,-140
102900005,392,302,90
102900006,600,200,400
102900007,691,39,652
102900008,273,80,193
102900009,846,513,333
102900010,426,830,-404
102900011,1688,467,1221
102900012,474,137,337
102900013,37,62,-25
102900015,748,631,117
102900016,90,137,-47
102900017,253,547,-294
102900018,67,117,-50
102900019,498,618,-120
102900020,216,43,173
102900021,63,102,-39
102900022,596,183,413
102900023,45,65,-20
102900024,59,48,11
102900025,268,134,134
102900026,518,2311,-1793
102900027,100,93,7
102900028,205,958,-753
102900029,211,269,-58
102900030,555,341,214
102900031,251,170,81
102900032,113,151,-38
102900033,159,211,-52
102900034,678,143,535
102900035,213,314,-101
102900036,376,490,-114
102900037,390,548,-158
102900038,518,558,-40
102900039,50,602,-552
102900040,223,342,-119
102900041,123,213,-90
102900042,242,326,-84
102900043,199,225,-26
102900044,668,1671,-1003
102900045,191,506,-315
102900046,186,226,-40
102900047,148,680,-532
102900048,612,530,82
102900049,159,436,-277
102900050,238,310,-72
102900051,232,218,14
102900052,85,86,-1
102900053,388,605,-217
102900054,741,1221,-480
102900055,203,311,-108
102900056,156,412,-256
102900057,4,73,-69
102900058,276,93,183
102900059,51,78,-27
102900060,175,506,-331
102900061,203,477,-274
102900062,358,966,-608
102900063,1421,423,998
102900064,151,544,-393
102900065,1155,464,691
102900066,435,48,387
102900068,131,111,20
102900070,291,589,-298
102900072,10,45,-35
102900073,136,14,122
102900074,233,294,-61
102900075,29,63,-34
102900076,205,189,16
102900077,76,51,25
102900078,66,101,-35
102900079,225,13,212
102900080,379,45,334
102900081,151,439,-288
102900082,12,224,-212
102900083,227,33,194
102900084,23,56,-33
102900085,411,192,219
102900086,27,96,-69
102900087,196,186,10
102900088,50,34,16
102900089,225,135,90
102900090,4,357,-353
102900091,230,5,225
102900092,557,751,-194
102900093,451,239,212
102900094,1,144,-143
102900095,224,1,223
102900096,41,16,25
102900097,120,258,-138
103000001,2449,2362,87
103000002,2168,2604,-436
103000003,3572,3023,549
103000004,937,834,103
103000005,1853,2921,-1068
103000006,809,1381,-572
103000007,474,740,-266
103000008,1005,690,315
103000009,1294,1072,222
103000010,132,104,28
103000011,1738,1477,261
103000012,1530,1569,-39
103000013,4034,2285,1749
103000014,1790,2703,-913
103000015,1572,780,792
103000016,514,1359,-845
103000017,304,377,-73
103000018,728,389,339
103000019,363,324,39
103000020,2364,1425,939
103000021,1943,1708,235
103000022,810,1036,-226
103000023,670,1657,-987
103000024,122,130,-8
103000025,134,632,-498
103000026,989,181,808
103000027,392,585,-193
103000028,445,471,-26
103000029,312,343,-31
103000030,1605,1139,466
103000031,1351,1968,-617
103000032,2374,1778,596
103000033,3063,2772,291
103000034,1549,1294,255
103000035,525,1442,-917
103000036,478,554,-76
103000037,678,610,68
103000038,622,1141,-519
103000039,444,372,72
103000040,500,861,-361
103000041,1679,2132,-453
103000042,1422,505,917
103000043,651,812,-161
103000044,239,197,42
103000046,446,482,-36
103000047,771,715,56
103000048,193,231,-38
103000049,131,219,-88
103000050,827,541,286
103000051,642,548,94
103000052,818,397,421
103000053,223,640,-417
103000054,2934,1439,1495
103000055,1991,2252,-261
103000056,805,1302,-497
103000057,706,285,421
103000058,820,886,-66
103000059,497,883,-386
103000060,917,649,268
103000061,410,999,-589
103000062,1317,553,764
103000063,863,914,-51
103000064,208,182,26
103000065,13,417,-404
103000066,273,17,256
103000069,453,381,72
103000070,1034,749,285
103000071,1296,630,666
103000072,152,738,-586
103000073,790,152,638
103000074,777,121,656
103000075,172,705,-533
103000076,410,394,16
103000077,43,389,-346
103000078,893,708,185
103000079,826,623,203
103000080,1205,440,765
103000081,659,1343,-684
103000082,609,237,372
103000083,154,263,-109
103000084,146,12,134
103000085,8,135,-127
103000086,649,429,220
103000087,206,591,-385
103000088,272,328,-56
103000089,333,431,-98
103000090,2113,869,1244
103000091,602,474,128
103000092,276,328,-52
103000093,331,355,-24
103000094,249,105,144
103000095,85,334,-249
103000096,715,113,602
103000097,106,761,-655
103000098,971,266,705
103000099,427,840,-413
103000100,156,712,-556
103000101,975,160,815
103000102,154,540,-386
103000103,700,168,532
103000104,89,79,10
103000105,134,63,71
103000106,8,161,-153
103000107,200,61,139
103000108,704,542,162
103000109,521,416,105
103000110,415,457,-42
103000111,587,453,134
103000112,344,212,132
103000113,781,623,158
103000114,1262,452,810
103000115,706,453,253
103000116,650,380,270
103000117,419,454,-35
103000118,684,644,40
103000119,1206,596,610
103000120,58,148,-90
103000121,274,639,-365
103000122,448,602,-154
103000125,37,302,-265
103000126,880,3,877
103000127,2,208,-206
103000128,222,3,219
103000129,1,195,-194
103000130,114,41,73
103000131,230,158,72
103000132,97,181,-84
103000133,18,168,-150
103000134,688,950,-262
103000135,754,427,327
103000136,889,537,352
103000137,584,708,-124
103000138,939,826,113
103000139,8,86,-78
103000140,179,38,141
103000141,78,156,-78
103000142,212,122,90
103000143,91,193,-102
103000144,264,97,167
103000145,47,200,-153
103000150,90,40,50
103000152,174,255,-81
103000153,240,128,112
103000156,10,364,-354
103000157,628,5,623
103000159,178,68,110
103000162,137,26,111
103000163,17,52,-35
103000164,31,18,13
103000165,97,265,-168
103000166,204,270,-66
103000167,170,105,65
103000168,97,165,-68
103000169,266,466,-200
103000170,846,423,423
103000171,57,108,-51
103000172,720,297,423
103000173,664,570,94
103000174,192,312,-120
103000175,300,278,22
103000176,1066,690,376
103000177,540,481,59
103000178,255,337,-82
103000179,198,34,164
103000183,150,35,115
103000185,126,44,82
103000186,135,158,-23
103000187,682,306,376
103000188,15,99,-84
103000189,808,716,92
103000191,727,710,17
103000292,1692,2169,-477
103000293,1427,2416,-989
103000295,100,85,15
103000296,307,4,303
103000297,72,138,-66
103000504,104,19,85
103000505,8,34,-26
103000506,3,184,-181
103000507,265,0,265
103000508,65,121,-56
103000509,212,621,-409
103900001,9,198,-189
103900002,1247,180,1067
103900003,1601,175,1426
103900004,158,11,147
103900005,23,220,-197
103900006,12,0,12
103900007,34,1,33
103900008,20,4,16
103900009,318,596,-278
103900010,172,452,-280
103900011,361,219,142
103900012,17,20,-3
103900013,118,81,37
103900014,87,19,68
103900015,71,16,55
103900016,371,242,129
103900017,34,79,-45
103900018,674,263,411
103900019,128,420,-292
103900020,255,556,-301
103900021,491,101,390
103900022,1354,881,473
103900023,169,3,166
103900024,95,606,-511
103900025,25,53,-28
103900026,115,0,115
103900027,809,281,528
103900028,28,326,-298
103900029,1129,191,938
103900030,307,108,199
103900031,30,6,24
103900032,160,88,72
103900033,132,23,109
103900034,54,157,-103
103900035,109,68,41
103900036,89,46,43
103900037,110,78,32
103900038,158,205,-47
103900039,84,247,-163
103900040,12,243,-231
103900041,82,66,16
103900042,76,332,-256
103900043,200,90,110
103900044,124,275,-151
103900045,402,161,241
103900047,110,42,68
103900048,55,45,10
103900049,225,1480,-1255
103900050,21,157,-136
103900051,2,41,-39
103900052,244,432,-188
103900053,276,592,-316
103900054,168,379,-211
103900055,516,222,294
103900056,82,55,27
103900057,39,170,-131
103900058,270,523,-253
103900059,0,20,-20
103900060,55,128,-73
103900061,185,52,133
103900062,343,107,236
103900063,10,1,9
103900064,167,8,159
103900065,883,505,378
103900066,177,39,138
103900067,225,19,206
103900068,20,2,18
103900069,114,37,77
103900070,152,250,-98
103900071,24,137,-113
103900072,22,171,-149
103900073,45,40,5
103900074,88,95,-7
103900075,390,121,269
103900076,512,522,-10
103900077,59,107,-48
103900078,490,113,377
103900079,201,260,-59
103900080,16,44,-28
103900081,47,15,32
103900082,27,155,-128
103900083,1345,1094,251
103900084,87,193,-106
103900085,149,152,-3
103900086,861,488,373
103900087,39,147,-108
103900088,459,594,-135
103900089,63,170,-107
103900090,6,161,-155
103900091,1169,259,910
103900092,736,583,153
103900093,145,314,-169
103900094,13,112,-99
103900095,326,249,77
103900096,28,173,-145
103900097,15,473,-458
103900098,334,177,157
103900099,89,157,-68
103900100,187,289,-102
103900101,117,1063,-946
103900102,1,47,-46
103900104,4,24,-20
103900105,86,232,-146
103900106,0,78,-78
103900107,173,166,7
103900108,47,361,-314
103900109,142,74,68
103900110,276,67,209
103900111,101,504,-403
103900112,122,169,-47
103900113,181,296,-115
103900114,514,302,212
103900115,356,264,92
103900116,5667,3559,2108
103900117,154,95,59
103900119,46,72,-26
103900120,96,111,-15
103900122,151,349,-198
103900123,1366,792,574
103900124,85,403,-318
103900125,128,64,64
103900126,565,356,209
103900127,249,586,-337
103900128,252,186,66
103900131,68,142,-74
103900133,1079,81,998
103900134,0,12,-12
103900135,6,1,5
103900137,0,33,-33
103900138,189,170,19
103900139,189,2212,-2023
103900140,6,182,-176
103900141,313,67,246
103900142,294,198,96
103900143,77,3,74
103900144,2,79,-77
103900145,244,237,7
103900146,349,260,89
103900147,409,126,283
103900148,270,346,-76
103900149,440,658,-218
103900150,6525,4307,2218
103900151,50,174,-124
103900152,557,426,131
103900153,14,1,13
103900154,897,2095,-1198
103900155,87,235,-148
103900156,86,128,-42
103900157,63,169,-106
103900158,144,191,-47
103900159,205,73,132
103900160,74,46,28
103900161,140,233,-93
103900162,60,223,-163
103900163,11,433,-422
103900167,40,142,-102
103900168,151,139,12
103900169,56,55,1
103900170,4,90,-86
103900171,0,67,-67
103900172,11,26,-15
103900173,13,17,-4
103900174,319,74,245
103900175,86,84,2
103900176,11,33,-22
103900177,20,56,-36
103900178,67,68,-1
103900179,65,130,-65
103900180,23,72,-49
103900181,51,56,-5
103900182,37,20,17
103900184,438,136,302
103900185,125,413,-288
103900187,23,87,-64
103900188,44,23,21
103900189,193,33,160
103900190,86,77,9
103900191,37,58,-21
103900192,28,116,-88
103900193,189,287,-98
103900194,67,234,-167
103900195,6,89,-83
103900196,102,69,33
103900197,16,30,-14
103900198,29,53,-24
103900199,133,58,75
103900200,183,97,86
103900201,170,256,-86
103900202,26,78,-52
103900203,52,49,3
103900204,3,99,-96
103900207,1,91,-90
103900208,130,2,128
103900209,15,114,-99
103900210,50,46,4
103900211,616,399,217
103900212,130,410,-280
103900213,98,212,-114
103900214,261,188,73
103900215,464,353,111
103900216,6,341,-335
103900217,402,68,334
103900218,2,226,-224
103900219,143,205,-62
103900233,90,5,85
103900235,57,41,16
103900236,26,4,22
103900242,6,7,-1
103900243,8,9,-1
103900244,120,174,-54
103900245,97,197,-100
103900246,53,55,-2
103900247,29,106,-77
103900248,7,54,-47
103900249,66,91,-25
103900250,32,26,6
103900251,2,41,-39
103900253,23,96,-73
103900254,19,39,-20
103900255,7,14,-7
103900256,28,37,-9
103900257,85,120,-35
103900258,58,11,47
103900259,77,10,67
103900261,10,11,-1
103900262,20,14,6
103900263,15,84,-69
103900264,95,70,25
103900265,54,24,30
103900266,4,127,-123
103900267,21,86,-65
103900268,8,69,-61
103900269,255,152,103
103900270,97,131,-34
103900271,3,16,-13
104000001,2114,2018,96
104000002,1705,2228,-523
104000003,2227,2113,114
104000004,2544,2640,-96
104000005,1559,1998,-439
104000006,2882,2356,526
104000007,3754,3860,-106
104000008,197,265,-68
104000009,210,116,94
104000010,171,315,-144
104000011,457,263,194
104000012,192,335,-143
104000013,274,207,67
104000014,214,607,-393
104000015,368,152,216
104000016,541,376,165
104000018,928,196,732
104000019,767,247,520
104000020,195,613,-418
104000021,321,577,-256
104000022,143,301,-158
104000023,839,322,517
104000024,277,355,-78
104000026,60,353,-293
104000027,238,237,1
104000028,329,217,112
104000029,349,317,32
104000030,260,215,45
104000031,1513,414,1099
104000032,214,235,-21
104000033,779,547,232
104000034,331,290,41
104000035,1069,433,636
104000036,817,572,245
104000037,303,221,82
104000038,457,256,201
104000039,256,252,4
104000040,342,417,-75
104000041,568,362,206
104000042,220,370,-150
104000043,197,343,-146
104000044,257,535,-278
104000045,1055,904,151
104000046,1079,1412,-333
104000047,967,1290,-323
104000048,1154,1487,-333
104000049,507,301,206
104000050,227,607,-380
104000051,141,584,-443
104000052,1639,1605,34
104000053,988,431,557
104000054,634,408,226
104000055,3820,2591,1229
104000056,1183,237,946
104000057,167,578,-411
104000058,701,682,19
104000059,560,879,-319
104000060,1203,1152,51
104000061,1361,998,363
104000062,473,120,353
104000064,450,365,85
104000065,312,772,-460
104000069,947,1208,-261
104000070,92,618,-526
104000071,114,484,-370
104000072,706,188,518
104000075,182,336,-154
104000076,498,192,306
104000082,2631,3355,-724
104000083,995,250,745
104000084,162,612,-450
104000085,357,477,-120
104000086,275,517,-242
104000087,511,2467,-1956
104000090,848,1033,-185
104000092,1387,1753,-366
104000094,1030,1477,-447
104000095,1607,1228,379
104000096,1722,264,1458
104000097,1922,861,1061
104000098,2349,1088,1261
104000100,1748,691,1057
104000101,1116,1402,-286
104000106,86,600,-514
104000107,661,421,240
104000108,293,563,-270
104000109,317,123,194
104000110,902,1255,-353
104000111,4087,2836,1251
104000112,2266,699,1567
104000116,2,918,-916
104000117,143,592,-449
104000118,694,193,501
104000119,748,346,402
104000120,277,716,-439
104000121,305,834,-529
104000122,753,825,-72
104000123,867,894,-27
104000124,1035,2143,-1108
104000125,3597,4818,-1221
104000126,494,487,7
104000127,1277,2304,-1027
104000128,736,453,283
104000129,467,48,419
104000130,16,290,-274
104000131,479,385,94
104000132,392,470,-78
104000133,1548,856,692
104000134,1102,1901,-799
104000135,568,2176,-1608
104000136,940,5124,-4184
104000137,1773,615,1158
104000138,965,338,627
104000139,6176,3382,2794
104000141,1146,1494,-348
104000142,676,757,-81
104000143,582,538,44
104000144,125,202,-77
104000145,409,230,179
104000146,232,516,-284
104000147,158,298,-140
104000148,390,158,232
104000149,178,251,-73
104000150,1313,560,753
104000151,361,426,-65
104000152,695,614,81
104000153,901,655,246
104000154,1036,634,402
104000155,569,683,-114
104000157,1039,1360,-321
104000158,468,589,-121
104000159,1075,596,479
104000160,2010,2030,-20
104000161,210,228,-18
104000162,73,153,-80
104000165,1109,961,148
104000167,818,975,-157
104000168,674,12,662
104000169,179,31,148
104000170,525,737,-212
104000248,327,619,-292
104000251,66,221,-155
104000272,0,0,0
104000273,0,0,0
104000274,0,0,0
104000275,0,0,0
104000279,810,429,381
104000290,119,302,-183
104000291,535,1157,-622
104000293,775,766,9
104000294,49,1,48
104000295,606,667,-61
104000296,317,621,-304
104000297,682,1707,-1025
104000298,1747,809,938
104000299,705,1168,-463
104900001,232,392,-160
104900002,95,209,-114
104900003,66,264,-198
104900004,151,272,-121
104900005,334,318,16
104900006,464,94,370
104900007,284,259,25
104900009,217,344,-127
104900010,143,76,67
104900011,35,26,9
104900012,301,47,254
104900013,175,23,152
104900014,2552,372,2180
104900015,136,15,121
104900016,313,227,86
104900017,219,218,1
104900018,10,160,-150
104900019,339,3033,-2694
104900020,71,244,-173
104900021,5,166,-161
104900022,10,137,-127
104900023,4,51,-47
104900024,47,104,-57
104900025,66,287,-221
104900026,12,81,-69
104900027,573,355,218
104900028,47,86,-39
104900029,47,90,-43
104900030,565,277,288
104900031,94,224,-130
104900032,46,178,-132
104900033,299,322,-23
104900034,412,207,205
104900035,389,267,122
104900036,232,95,137
104900037,181,227,-46
104900038,571,922,-351
104900039,809,551,258
104900040,424,105,319
104900041,326,200,126
104900042,186,316,-130
104900043,38,219,-181
104900044,718,224,494
104900045,390,65,325
104900046,284,222,62
104900047,463,130,333
104900048,361,85,276
104900049,60,67,-7
104900050,327,172,155
104900051,320,65,255
104900052,106,5,101
104900053,426,139,287
104900054,198,40,158
104900055,150,4,146
104900056,216,23,193
104900057,43,3,40
104900058,1252,938,314
104900059,401,191,210
104900060,0,479,-479
104900061,285,490,-205
104900063,0,134,-134
104900064,3,77,-74
104900065,1,194,-193
104900066,5,157,-152
104900067,7,301,-294
104900068,33,189,-156
104900070,170,298,-128
104900071,0,485,-485
104900072,58,279,-221
104900073,134,245,-111
104900074,65,237,-172
104900075,110,82,28
104900076,137,339,-202
104900077,1065,366,699
104900078,224,477,-253
104900079,167,524,-357
104900080,103,471,-368
104900082,24,386,-362
104900085,4,207,-203
104900087,405,11,394
104900089,258,3,255
104900090,991,777,214
104900091,1042,754,288
104900093,296,504,-208
104900097,2398,2545,-147
104900098,172,68,104
104900099,121,581,-460
104900100,487,329,158
104900102,44,198,-154
104900103,558,83,475
104900104,3005,2314,691
104900106,91,136,-45
104900107,120,172,-52
104900108,140,247,-107
104900109,133,279,-146
104900110,13,66,-53
104900111,262,166,96
104900112,302,740,-438
104900113,753,348,405
104900114,379,441,-62
104900115,905,370,535
104900116,306,208,98
104900118,32,94,-62
104900119,10,48,-38
104900120,59,266,-207
104900121,1,93,-92
104900122,2,81,-79
104900123,85,17,68
104900124,92,0,92
104900125,578,9,569
104900126,67,75,-8
104900127,41,72,-31
104900128,140,168,-28
104900129,1660,1973,-313
105000001,2514,1462,1052
105000002,2252,1553,699
105000003,3532,3735,-203
105000004,586,860,-274
105000005,890,1073,-183
105000006,1593,1682,-89
105000007,1328,1429,-101
105000008,1739,3042,-1303
105000009,2331,3105,-774
105000010,2702,1824,878
105000011,3560,2791,769
105000012,3395,2771,624
105000013,1117,980,137
105000014,1974,2561,-587
105000015,10842,15475,-4633
105000016,2949,2685,264
105000017,1786,930,856
105000018,1318,1558,-240
105000019,1261,920,341
105000020,166,396,-230
105000021,281,123,158
105000022,308,91,217
105000023,557,462,95
105000028,136,117,19
105000029,652,1518,-866
105000030,3776,2712,1064
105000033,925,1837,-912
105000034,162,1027,-865
105000037,695,327,368
105000038,2255,1875,380
105000039,2444,1928,516
105000040,1145,1297,-152
105000041,487,1246,-759
105000042,3815,2026,1789
105000043,1722,2238,-516
105000044,687,519,168
105000045,405,799,-394
105000046,1260,399,861
105000047,499,1060,-561
105000048,551,190,361
105000049,202,404,-202
105000050,671,352,319
105000051,156,404,-248
105000052,585,831,-246
105000053,98,120,-22
105000054,412,800,-388
105000055,994,362,632
105000056,1457,1860,-403
105000057,1247,827,420
105000058,1176,1165,11
105000059,769,596,173
105000060,434,579,-145
105000061,712,520,192
105000062,645,835,-190
105000063,389,477,-88
105000064,1617,763,854
105000065,353,654,-301
105000066,1262,1539,-277
105000067,1677,798,879
105000068,453,951,-498
105000069,1745,1780,-35
105000070,555,971,-416
105000071,275,817,-542
105000072,903,2236,-1333
105000073,997,710,287
105000074,1202,737,465
105000075,472,906,-434
105000076,1105,1053,52
105000077,2430,1353,1077
105000078,1633,1414,219
105000079,1367,3034,-1667
105000080,2246,1809,437
105000081,3334,1325,2009
105000082,1155,1855,-700
105000083,4482,4040,442
105000084,641,801,-160
105000085,1796,1999,-203
105000086,573,740,-167
105000087,1352,1682,-330
105000088,1453,1419,34
105000089,2786,2229,557
105000090,1055,897,158
105000091,1448,2048,-600
105000092,694,1014,-320
105000093,339,272,67
105000094,285,268,17
105000095,138,460,-322
105000096,1259,1099,160
105000097,1032,872,160
105000098,915,807,108
105000099,879,748,131
105000100,1372,981,391
105000101,1821,1921,-100
105000102,1890,1326,564
105000103,1397,2352,-955
105000104,2271,1014,1257
105000105,1233,1956,-723
105000106,1440,1569,-129
105000107,1530,985,545
105000108,1917,1484,433
105000109,1743,1576,167
105000110,955,646,309
105000111,911,660,251
105000112,1390,709,681
105000113,489,805,-316
105000114,2676,1115,1561
105000115,362,1188,-826
105000116,838,590,248
105000117,935,878,57
105000118,612,476,136
105000119,654,769,-115
105000120,1010,593,417
105000121,756,927,-171
105000122,483,665,-182
105000123,1111,1244,-133
105000124,1920,679,1241
105000125,804,1543,-739
105000126,2186,1750,436
105000127,2497,1889,608
105000128,657,864,-207
105000129,807,345,462
105000130,405,3169,-2764
105000131,706,377,329
105000132,940,725,215
105000133,492,917,-425
105000134,744,732,12
105000135,474,672,-198
105000136,184,328,-144
105000137,511,255,256
105000138,243,340,-97
105000139,1108,932,176
105000140,463,544,-81
105000141,385,598,-213
105000142,263,501,-238
105000143,362,729,-367
105000144,340,864,-524
105000145,763,408,355
105000146,426,903,-477
105000147,646,397,249
105000148,1314,638,676
105000149,2785,2278,507
105000150,2112,1596,516
105000151,400,420,-20
105000152,200,453,-253
105000153,655,667,-12
105000154,671,590,81
105000155,328,978,-650
105000156,948,704,244
105000157,961,1788,-827
105000158,2073,783,1290
105000159,286,992,-706
105000160,1880,583,1297
105000161,786,1029,-243
105000162,695,1594,-899
105000163,1112,837,275
105000164,248,230,18
105000165,1009,5278,-4269
105000166,5095,1160,3935
105000167,1768,1607,161
105000168,424,557,-133
105000169,652,314,338
105000170,285,1311,-1026
105000171,991,249,742
105000172,180,48,132
105000173,231,39,192
105000174,114,52,62
105000175,99,163,-64
105000176,457,115,342
105000177,354,180,174
105000178,150,578,-428
105000179,620,185,435
105000180,161,146,15
105000181,133,267,-134
105000182,109,57,52
105000183,2228,1996,232
105000184,1347,1118,229
105000185,1492,1198,294
105000186,571,774,-203
105000187,1045,250,795
105000188,419,164,255
105000189,246,486,-240
105000190,416,385,31
105000191,413,368,45
105000192,460,92,368
105000193,85,174,-89
105000194,394,155,239
105000195,404,856,-452
105000196,100,291,-191
105000197,362,648,-286
105000198,585,344,241
105000199,286,582,-296
105000200,176,341,-165
105000201,116,59,57
105000203,15,184,-169
105000204,98,92,6
105000205,105,217,-112
105000207,504,288,216
105000208,291,590,-299
105000209,250,393,-143
105000212,1191,1101,90
105000213,266,204,62
105000214,212,274,-62
105000215,316,180,136
105000216,154,338,-184
105000217,163,327,-164
105000218,1444,958,486
105000221,216,221,-5
105000222,613,115,498
105000223,424,191,233
105000226,117,254,-137
105000227,108,183,-75
105000228,330,2237,-1907
105000229,164,610,-446
105000231,506,305,201
105000233,927,628,299
105000234,531,1171,-640
105000235,489,568,-79
105000237,775,102,673
105000243,46,145,-99
105000248,92,85,7
105000262,358,1224,-866
105000269,149,227,-78
105000270,419,52,367
105000271,2,170,-168
105000282,79,40,39
105000287,377,115,262
105000288,544,477,67
105000289,2601,2137,464
105000290,22,13,9
105000402,3896,4702,-806
105000426,473,950,-477
105000438,3437,1553,1884
105000446,11434,6393,5041
105000447,6906,3352,3554
105000454,549,684,-135
105000455,260,191,69
105000474,84,3,81
105000477,491,566,-75
105000478,1904,4659,-2755
105000479,164,168,-4
105000480,8396,6683,1713
105000481,4964,3677,1287
105000482,5307,7641,-2334
105000483,1692,2012,-320
105000484,2306,2975,-669
105000485,1660,3392,-1732
105000486,3342,2580,762
105000488,8714,5649,3065
105000489,968,792,176
105000549,157,148,9
105000550,626,1718,-1092
105000551,57,127,-70
105000552,2410,1505,905
105900001,34,2102,-2068
105900002,1460,777,683
105900003,14,90,-76
105900004,273,155,118
105900005,15,208,-193
105900006,42,161,-119
105900007,200,67,133
105900008,104,606,-502
105900009,39,16,23
105900011,331,64,267
105900012,756,182,574
105900013,8,36,-28
105900014,16,59,-43
105900015,149,353,-204
105900016,501,576,-75
105900017,1221,57,1164
105900018,258,188,70
105900019,80,599,-519
105900020,46,60,-14
105900021,48,432,-384
105900022,373,184,189
105900023,13,135,-122
105900024,25,327,-302
105900025,234,39,195
105900026,234,31,203
105900027,11172,9205,1967
105900028,894,421,473
105900029,1673,400,1273
105900030,237,279,-42
105900031,394,193,201
105900032,113,178,-65
105900033,98,169,-71
105900034,344,221,123
105900035,225,218,7
105900036,131,164,-33
105900037,107,90,17
105900038,233,269,-36
105900039,173,117,56
105900040,65,133,-68
105900041,177,240,-63
105900042,72,158,-86
105900043,1414,165,1249
105900044,5,211,-206
105900045,3,731,-728
105900046,11,302,-291
105900047,28,76,-48
105900048,100,485,-385
105900050,7164,5441,1723
105900051,81,1424,-1343
105900052,754,366,388
105900053,2886,3075,-189
105900054,352,230,122
105900056,886,480,406
105900057,72,201,-129
105900058,21,18,3
105900059,1,30,-29
106000001,4673,2720,1953
106000002,2768,5949,-3181
106000003,2961,3543,-582
106000004,1659,2807,-1148
106000005,3527,5722,-2195
106000006,5681,3378,2303
106000007,477,587,-110
106000008,516,340,176
106000009,634,396,238
106000010,684,622,62
106000011,1134,1114,20
106000012,952,1237,-285
106000013,1947,2047,-100
106000014,1943,1494,449
106000015,1918,1279,639
106000016,1306,1967,-661
106000017,481,721,-240
106000018,667,454,213
106000019,420,366,54
106000020,363,317,46
106000021,354,478,-124
106000022,337,163,174
106000023,676,319,357
106000024,615,489,126
106000025,96,190,-94
106000026,117,183,-66
106000027,1353,1176,177
106000028,613,491,122
106000029,715,1030,-315
106000030,596,708,-112
106000034,217,512,-295
106000035,1010,2057,-1047
106000036,299,516,-217
106000037,1891,1360,531
106000038,487,165,322
106000039,162,123,39
106000040,140,920,-780
106000041,660,686,-26
106000043,565,260,305
106000046,393,64,329
106000047,47,472,-425
106000049,1013,233,780
106000050,278,569,-291
106000051,803,597,206
106000052,134,553,-419
106000053,447,169,278
106000054,419,428,-9
106000055,1131,913,218
106000056,339,375,-36
106000057,390,256,134
106000058,149,206,-57
106000059,407,285,122
106000060,338,444,-106
106000061,237,510,-273
106000062,172,519,-347
106000063,749,513,236
106000064,30,365,-335
106000065,413,399,14
106000066,109,337,-228
106000067,360,97,263
106000068,62,628,-566
106000069,262,65,197
106000070,419,786,-367
106000071,1071,478,593
106000072,2834,1671,1163
106000073,1559,2986,-1427
106000074,653,694,-41
106000075,351,1403,-1052
106000076,2024,2127,-103
106000077,3558,1382,2176
106000078,1135,922,213
106000079,736,862,-126
106000080,1307,640,667
106000081,813,1170,-357
106000082,2467,889,1578
106000083,451,1561,-1110
106000084,1441,778,663
106000085,1347,1580,-233
106000086,680,959,-279
106000087,1090,549,541
106000088,409,855,-446
106000089,1045,333,712
106000090,272,561,-289
106000091,290,504,-214
106000092,651,297,354
106000093,264,125,139
106000094,110,233,-123
106000095,830,696,134
106000096,860,634,226
106000097,1263,782,481
106000098,787,882,-95
106000099,214,746,-532
106000100,1544,228,1316
106000101,1905,345,1560
106000102,304,644,-340
106000103,363,475,-112
106000104,857,466,391
106000105,518,624,-106
106000106,632,442,190
106000107,138,258,-120
106000108,226,280,-54
106000109,178,205,-27
106000110,279,284,-5
106000111,180,298,-118
106000112,185,470,-285
106000113,672,548,124
106000114,431,595,-164
106000115,219,345,-126
106000116,282,170,112
106000117,1228,654,574
106000118,1294,1349,-55
106000119,1370,999,371
106000120,920,1078,-158
106000121,225,142,83
106000122,111,149,-38
106000123,515,111,404
106000124,57,178,-121
106000125,26,221,-195
106000126,326,117,209
106000127,809,760,49
106000128,689,145,544
106000129,545,475,70
106000130,739,252,487
106000131,125,650,-525
106000132,553,174,379
106000133,1712,1154,558
106000134,521,2209,-1688
106000135,240,519,-279
106000136,659,1085,-426
106000137,79,656,-577
106000138,989,112,877
106000139,41,131,-90
106000140,44,54,-10
106000141,103,45,58
106000142,139,96,43
106000143,42,62,-20
106000144,23,67,-44
106000145,277,241,36
106000146,344,173,171
106000147,403,469,-66
106000148,546,738,-192
106000149,500,334,166
106000150,514,1650,-1136
106000151,3143,802,2341
106000152,1215,1879,-664
106000153,66,1447,-1381
106000154,1166,187,979
106000155,98,250,-152
106000156,857,314,543
106000157,766,1559,-793
106000158,1855,985,870
106000159,2747,1761,986
106000160,473,2618,-2145
106000161,1449,338,1111
106000162,257,908,-651
106000163,444,319,125
106000164,485,354,131
106000165,272,407,-135
106000166,696,291,405
106000167,448,786,-338
106000168,460,281,179
106000169,328,507,-179
106000170,772,238,534
106000171,366,1097,-731
106000172,3049,1597,1452
106000173,1357,2651,-1294
106000174,1275,505,770
106000175,349,948,-599
106000176,1628,903,725
106000177,802,2399,-1597
106000178,3572,1936,1636
106000179,1265,2220,-955
106000180,885,1181,-296
106000181,895,1847,-952
106000182,1411,804,607
106000183,1429,604,825
106000184,2195,776,1419
106000185,1208,1437,-229
106000186,1006,216,790
106000187,313,1026,-713
106000188,0,4,-4
106000189,21,38,-17
106000190,41,1,40
106000191,748,215,533
106000192,6,31,-25
106000193,479,239,240
106000194,216,581,-365
106000195,1072,455,617
106000196,360,1018,-658
106000197,701,492,209
106000198,212,255,-43
106000199,867,831,36
106000200,289,268,21
106000201,506,2708,-2202
106000202,3511,673,2838
106000203,61,163,-102
106000204,67,4,63
106000205,14,123,-109
106000206,78,14,64
106000207,34,652,-618
106000208,1520,191,1329
106000209,1775,403,1372
106000210,376,864,-488
106000211,358,1024,-666
106000212,892,439,453
106000213,815,2259,-1444
106000214,2560,1018,1542
106000215,285,470,-185
106000216,332,304,28
106000217,317,355,-38
106000218,436,395,41
106000219,192,265,-73
106000220,436,234,202
106000221,159,234,-75
106000222,78,86,-8
106000223,252,114,138
106000224,238,179,59
106000225,75,101,-26
106000226,144,214,-70
106000228,49,66,-17
106000229,79,689,-610
106000231,963,129,834
106000232,90,336,-246
106000233,687,102,585
106000234,81,231,-150
106000235,636,108,528
106000236,185,120,65
106000237,2,10,-8
106000238,14,12,2
106000239,9,81,-72
106000240,56,5,51
106000241,21,601,-580
106000242,236,33,203
106000249,65,74,-9
106000250,133,604,-471
106000251,112,44,68
106000252,13,139,-126
106000253,51,82,-31
106000254,92,68,24
106000255,25,172,-147
106000256,75,60,15
106000257,165,250,-85
106000258,212,10,202
106000259,5,93,-88
106000260,37,6,31
106000261,2,58,-56
106000262,100,14,86
106000263,10,60,-50
106000264,213,14,199
106000265,11,134,-123
106000266,118,24,94
106000267,4,91,-87
106000268,519,69,450
106000269,70,62,8
106000270,177,496,-319
106000271,105,228,-123
106000272,303,54,249
106000273,4,290,-286
106000274,181,45,136
106000275,164,346,-182
106000276,241,42,199
106000277,109,301,-192
106000278,192,45,147
106000279,32,32,0
106000280,121,75,46
106000281,109,62,47
106000282,90,97,-7
106000283,166,76,90
106000284,70,111,-41
106000285,175,112,63
106000286,96,141,-45
106000287,162,78,84
106000288,78,173,-95
106000289,124,57,67
106000290,45,107,-62
106000291,136,117,19
106000292,75,103,-28
106000293,162,107,55
106000294,150,103,47
106000295,63,71,-8
106000296,50,96,-46
106000297,123,267,-144
106000298,117,75,42
106000299,115,152,-37
106000300,75,125,-50
106000301,85,122,-37
106000303,70,96,-26
106000304,38,28,10
106000305,53,65,-12
106000306,33,53,-20
106000307,97,28,69
106000308,45,139,-94
106000309,27,71,-44
106000310,347,436,-89
106000311,405,206,199
106000312,87,191,-104
106000313,220,225,-5
106000318,139,524,-385
106000319,1090,329,761
106000320,0,110,-110
106000321,403,160,243
106000322,153,152,1
106000324,27,153,-126
106000325,1582,1017,565
106000326,1001,1622,-621
106000327,157,133,24
106000328,60,109,-49
106000329,139,304,-165
106000330,39,87,-48
106000428,103,133,-30
106000429,156,340,-184
106000430,338,1167,-829
106000431,1998,455,1543
106000432,1495,2503,-1008
106000433,2284,1335,949
106000434,2993,1785,1208
106000435,1519,2587,-1068
106000436,19,204,-185
106000437,369,68,301
106000438,537,222,315
106000439,103,533,-430
106000440,309,372,-63
106000441,1,1,0
106000442,131,9,122
106000443,178,287,-109
106000450,4,138,-134
106000451,16,81,-65
106000454,11,119,-108
106000455,9,221,-212
106000456,94,34,60
106000457,10,789,-779
106000458,790,93,697
106000459,142,309,-167
106000460,1608,37,1571
106000461,132,875,-743
106000462,0,33,-33
106000463,4,24,-20
106000464,3,406,-403
106000465,794,0,794
106000466,3,500,-497
106000467,351,411,-60
106000468,95,169,-74
106000469,162,1,161
106000470,335,1626,-1291
106000471,46,458,-412
106000472,164,23,141
106000473,67,19,48
106000474,332,461,-129
106000475,245,225,20
106000476,148,305,-157
106000477,32,41,-9
106900001,0,20,-20
106900002,3,332,-329
106900003,281,938,-657
106900004,2,26,-24
106900006,0,9,-9
106900007,0,9,-9
106900008,360,180,180
106900009,362,263,99
106900010,241,222,19
106900012,1442,2512,-1070
106900013,845,219,626
106900014,18,4,14
106900015,21,3,18
106900016,293,18,275
106900017,6,0,6
106900018,1,0,1
106900019,37,2,35
106900020,2158,1590,568
106900021,134,69,65
106900022,934,2,932
106900023,106,260,-154
106900024,837,87,750
106900025,73,562,-489
106900026,1,425,-424
106900027,827,7,820
107000001,4295,4656,-361
107000002,3412,4940,-1528
107000003,5967,7145,-1178
107000004,4483,4706,-223
107000005,5068,5569,-501
107000006,4334,4195,139
107000007,6303,10973,-4670
107000008,11214,8305,2909
107000009,8114,8034,80
107000010,9165,9195,-30
107000011,1137,1335,-198
107000012,3738,3092,646
107000013,85,95,-10
107000014,51,175,-124
107000015,512,671,-159
107000016,748,732,16
107000017,2377,1735,642
107000018,22,1103,-1081
107000020,1513,1572,-59
107000021,1598,462,1136
107000022,934,1646,-712
107000023,2117,256,1861
107000024,545,1361,-816
107000025,201,344,-143
107000026,322,489,-167
107000027,1561,1027,534
107000028,1419,1312,107
107000029,3640,3052,588
107000030,3007,2913,94
107000031,4616,2814,1802
107000032,567,1012,-445
107000033,3090,4298,-1208
107000034,3357,1564,1793
107000035,405,300,105
107000036,413,1261,-848
107000037,82,890,-808
107000038,262,319,-57
107000039,794,895,-101
107000040,232,419,-187
107000041,2032,1069,963
107000042,976,2290,-1314
107000043,2803,1350,1453
107000044,513,362,151
107000045,123,322,-199
107000046,989,471,518
107000047,605,875,-270
107000048,856,294,562
107000049,726,817,-91
107000050,1239,545,694
107000051,356,378,-22
107000052,1263,937,326
107000053,415,177,238
107000054,78,291,-213
107000055,147,80,67
107000056,410,783,-373
107000057,1274,266,1008
107000058,2309,2880,-571
107000059,2229,3230,-1001
107000060,4618,5453,-835
107000061,5193,3659,1534
107000062,4916,3254,1662
107000063,4165,4641,-476
107000064,4879,2646,2233
107000065,3801,4318,-517
107000066,2134,2946,-812
107000067,1390,1426,-36
107000068,1614,833,781
107000069,873,564,309
107000070,1515,10,1505
107000071,3902,56,3846
107000072,47,2551,-2504
107000073,1000,397,603
107000074,199,938,-739
107000075,1890,787,1103
107000076,844,1487,-643
107000077,4205,1754,2451
107000078,2544,3173,-629
107000079,3271,1365,1906
107000080,1239,3056,-1817
107000081,2158,655,1503
107000082,681,1901,-1220
107000083,1647,528,1119
107000084,383,1775,-1392
107000085,3081,3382,-301
107000086,3805,3477,328
107000087,3134,2228,906
107000088,3666,3754,-88
107000089,1764,1812,-48
107000090,1273,1113,160
107000091,1587,987,600
107000092,963,1012,-49
107000093,1360,992,368
107000094,1114,1115,-1
107000095,801,617,184
107000096,661,744,-83
107000097,388,227,161
107000098,401,493,-92
107000099,417,311,106
107000100,292,344,-52
107000101,93,151,-58
107000102,215,346,-131
107000103,245,189,56
107000104,180,255,-75
107000105,408,131,277
107000106,255,268,-13
107000107,612,176,436
107000108,169,532,-363
107000109,633,185,448
107000110,77,436,-359
107000111,388,63,325
107000112,59,262,-203
107000113,651,147,504
107000114,134,445,-311
107000115,626,180,446
107000116,171,637,-466
107000117,172,547,-375
107000118,179,155,24
107000119,1415,1541,-126
107000120,1055,513,542
107000121,1101,745,356
107000122,1291,857,434
107000123,499,638,-139
107000124,562,781,-219
107000125,1166,576,590
107000126,947,651,296
107000129,423,391,32
107000130,826,378,448
107000131,440,462,-22
107000132,594,406,188
107000133,751,135,616
107000134,398,5,393
107000135,2,303,-301
107000136,863,14,849
107000137,22,428,-406
107000138,415,40,375
107000139,17,495,-478
107000140,1610,148,1462
107000141,170,809,-639
107000142,527,128,399
107000143,68,613,-545
107000144,696,556,140
107000145,172,546,-374
107000146,280,407,-127
107000147,2908,920,1988
107000150,825,3009,-2184
107000151,71,211,-140
107000152,531,1544,-1013
107000153,182,461,-279
107000154,304,360,-56
107000155,984,36,948
107000156,1398,35,1363
107000157,73,1364,-1291
107000158,725,29,696
107000159,35,795,-760
107000160,1413,177,1236
107000161,68,1354,-1286
107000162,354,491,-137
107000163,234,9,225
107000164,823,3,820
107000165,1117,14,1103
107000166,76,1094,-1018
107000167,754,266,488
107000168,1280,586,694
107000169,634,879,-245
107000170,2614,1218,1396
107000171,1002,2034,-1032
107000172,1334,1669,-335
107000173,757,1034,-277
107000174,1316,6031,-4715
107000175,7293,1908,5385
107000176,2,2,0
107000177,15,5,10
107000178,30,24,6
107000179,543,1955,-1412
107000180,1495,711,784
107000181,498,978,-480
107000182,2057,997,1060
107000183,134,829,-695
107000184,1233,670,563
107000185,581,1538,-957
107000186,1502,541,961
107000187,1517,1341,176
107000188,810,769,41
107000189,618,1036,-418
107000190,754,773,-19
107000191,832,976,-144
107000192,2150,883,1267
107000193,475,569,-94
107000194,951,741,210
107000197,1222,345,877
107000198,316,682,-366
107000199,841,665,176
107000200,673,767,-94
107000201,544,377,167
107000202,541,525,16
107000203,1266,1166,100
107000204,1359,1676,-317
107000205,2142,1163,979
107000206,1526,2089,-563
107000207,463,666,-203
107000208,770,457,313
107000209,2604,1518,1086
107000210,979,469,510
107000211,4,66,-62
107000212,27,360,-333
107000213,18,27,-9
107000214,19,124,-105
107000215,484,450,34
107000216,608,410,198
107000217,288,138,150
107000219,115,250,-135
107000220,375,204,171
107000222,326,715,-389
107000224,643,111,532
107000225,440,501,-61
107000226,592,147,445
107000227,151,331,-180
107000228,137,268,-131
107000229,129,135,-6
107000230,1212,462,750
107000231,1953,2032,-79
107000232,188,39,149
107000233,1702,1235,467
107000234,4,49,-45
107000235,85,23,62
107000236,15,535,-520
107000237,40,2,38
107000238,56,2,54
107000239,2877,573,2304
107000240,125,871,-746
107000241,135,18,117
107000242,392,67,325
107000243,0,41,-41
107000244,8,85,-77
107000246,1,961,-960
107000249,4,1090,-1086
107000251,0,281,-281
107000252,4,961,-957
107000255,602,180,422
107000257,0,364,-364
107000258,0,88,-88
107000259,4,140,-136
107000260,675,11,664
107000262,8,520,-512
107000263,273,7,266
107000266,11,14,-3
107000267,118,180,-62
107000268,152,176,-24
107000269,796,147,649
107000270,5,39,-34
107000271,19,519,-500
107000272,37,126,-89
107000273,5,194,-189
107000274,1134,318,816
107000275,148,1227,-1079
107000280,1046,52,994
107000281,57,749,-692
107000282,86,781,-695
107000290,5,29,-24
107000291,18,9,9
107000292,3,76,-73
107000293,50,1,49
107000294,0,55,-55
107000295,20,2,18
107000296,1,18,-17
107000444,282,7,275
107000496,2,14,-12
107000497,1469,2203,-734
107000500,358,368,-10
107000501,152,205,-53
107000502,243,366,-123
107000505,353,755,-402
107000506,5,114,-109
107000508,10,549,-539
107000509,304,885,-581
107000510,63,35,28
107000514,70,399,-329
107000515,18,219,-201
107000516,367,249,118
107000518,1447,1558,-111
107000519,1672,911,761
107000520,141,30,111
107900001,83,125,-42
107900002,101,15,86
107900003,364,26,338
107900004,165,0,165
107900005,1600,8,1592
107900006,210,6,204
107900007,341,48,293
107900008,144,38,106
107900009,169,10,159
107900010,61,4,57
107900012,93,18,75
107900013,219,45,174
107900014,41,20,21
107900015,1167,17,1150
107900016,462,130,332
107900017,50,3,47
107900018,79,174,-95
107900019,36,49,-13
107900020,77,44,33
107900021,94,142,-48
107900023,7,2,5
107900024,1,27,-26
107900025,260,282,-22
107900026,99,50,49
107900027,26,82,-56
107900028,134,77,57
107900030,186,32,154
107900031,70,101,-31
107900032,30,5,25
107900033,27,18,9
107900034,451,12,439
107900035,972,59,913
107900036,78,32,46
107900037,0,30,-30
107900038,99,365,-266
107900039,32,52,-20
107900040,92,597,-505
107900041,2,4,-2
107900043,27,148,-121
107900044,10,30,-20
107900045,162,65,97
107900046,186,232,-46
107900047,50,54,-4
107900048,239,15,224
107900049,388,1445,-1057
107900050,125,365,-240
107900051,92,77,15
107900052,18,49,-31
107900053,52,109,-57
107900055,912,457,455
107900056,212,78,134
107900057,3,1,2
107900058,30,637,-607
107900060,40,47,-7
107900061,11,11,0
107900063,101,137,-36
107900064,290,194,96
107900065,285,29,256
107900066,28,6,22
107900067,0,0,0
107900068,168,627,-459
107900069,57,1958,-1901
107900070,160,67,93
107900071,32,723,-691
107900072,125,148,-23
107900073,239,63,176
107900074,669,374,295
107900076,128,80,48
107900077,131,9,122
107900078,201,72,129
107900079,16,28,-12
107900080,249,687,-438
107900081,71,70,1
107900082,18,31,-13
107900083,402,168,234
107900084,138,186,-48
107900086,44,188,-144
107900087,657,260,397
107900088,50,10,40
107900089,253,1051,-798
107900090,778,2877,-2099
107900091,217,336,-119
107900092,1923,497,1426
107900093,135,81,54
107900095,3220,2481,739
107900097,39,83,-44
107900098,68,226,-158
107900100,1174,1545,-371
107900101,933,206,727
107900102,56,17,39
107900103,49,194,-145
107900104,322,18,304
107900105,1,242,-241
107900106,3,1036,-1033
107900107,1603,564,1039
107900108,294,141,153
107900109,1473,24,1449
107900110,56,73,-17
107900111,15,706,-691
107900112,134,321,-187
107900113,382,104,278
107900114,211,112,99
107900115,3,27,-24
107900116,216,146,70
107900117,375,301,74
107900118,108,187,-79
107900119,101,363,-262
107900120,34,28,6
107900121,8,174,-166
107900122,3,97,-94
107900123,10,49,-39
107900124,19,46,-27
107900125,42,210,-168
107900126,18,62,-44
107900127,587,355,232
107900128,124,96,28
107900129,113,30,83
107900130,129,30,99
107900131,861,417,444
107900132,155,377,-222
107900133,1,136,-135
107900134,43,132,-89
107900135,10,153,-143
107900136,48,45,3
107900137,150,122,28
107900138,75,45,30
107900139,46,61,-15
107900140,138,59,79
107900141,52,47,5
107900142,73,856,-783
107900143,61,47,14
107900144,2,113,-111
107900145,13,119,-106
107900146,76,126,-50
107900147,88,56,32
107900148,187,137,50
107900149,1005,298,707
107900150,75,717,-642
107900151,46,93,-47
107900152,26,213,-187
107900153,208,378,-170
107900154,105,26,79
107900155,107,75,32
107900156,28,272,-244
107900157,66,71,-5
107900158,1012,35,977
107900159,44,883,-839
107900160,123,159,-36
107900161,56,176,-120
107900162,1,144,-143
107900163,161,471,-310
107900164,26,57,-31
107900165,52,134,-82
107900166,36,196,-160
107900167,14,53,-39
107900168,37,51,-14
107900169,6,184,-178
107900171,10,1260,-1250
107900172,8,349,-341
107900173,29,124,-95
107900174,159,9,150
107900175,16,54,-38
107900176,27,39,-12
107900177,3,210,-207
107900178,0,158,-158
107900179,29,137,-108
107900180,671,706,-35
107900181,367,297,70
107900182,8,949,-941
107900183,61,197,-136
107900184,110,275,-165
107900185,167,3,164
107900186,30,68,-38
107900187,1,196,-195
107900188,662,200,462
107900189,31,114,-83
107900190,76,165,-89
107900191,99,107,-8
107900193,16,87,-71
107900194,230,20,210
107900195,2187,464,1723
107900196,149,123,26
107900197,1017,572,445
107900199,1,867,-866
107900201,131,91,40
107900203,40,72,-32
107900204,190,260,-70
107900205,246,377,-131
107900206,980,391,589
107900207,4,409,-405
107900208,7,537,-530
107900209,371,124,247
107900210,85,166,-81
107900213,949,685,264
107900214,22,136,-114
107900215,133,347,-214
107900216,198,78,120
107900217,79,157,-78
107900218,20,1337,-1317
107900219,29,152,-123
107900220,276,232,44
107900221,252,199,53
107900223,109,638,-529
107900224,132,446,-314
107900225,12,616,-604
107900226,91,132,-41
107900227,170,415,-245
107900228,34,90,-56
107900229,48,224,-176
107900230,11,112,-101
107900231,20,253,-233
107900232,77,108,-31
107900233,4,146,-142
107900234,102,79,23
107900235,34,119,-85
107900236,109,56,53
107900237,13,162,-149
107900238,43,147,-104
107900239,750,567,183
107900240,30,82,-52
107900241,12,95,-83
107900242,34,254,-220
107900243,7,72,-65
107900244,360,2,358
107900245,651,47,604
107900246,348,17,331
107900248,634,477,157
107900249,804,26,778
107900250,2,506,-504
107900251,61,1323,-1262
107900252,1169,38,1131
107900253,205,4,201
107900254,56,332,-276
107900255,304,153,151
107900256,1194,1340,-146
107900257,310,142,168
107900258,165,185,-20
107900259,123,2439,-2316
107900261,8,402,-394
107900262,128,160,-32
107900264,365,10,355
107900265,274,148,126
107900267,194,15,179
107900268,32,7,25
107900269,0,13,-13
107900270,1,1,0
107900271,0,27,-27
107900272,130,32,98
107900273,77,72,5
107900274,81,0,81
107900275,42,3,39
107900276,2,84,-82
107900277,3,215,-212
107900278,351,384,-33
107900279,110,177,-67
107900280,2103,2321,-218
107900281,1522,2812,-1290
107900282,61,626,-565
107900283,1165,711,454
107900284,596,482,114
107900285,87,63,24
107900286,195,138,57
107900287,263,247,16
107900290,0,133,-133
107900291,470,25,445
107900292,124,170,-46
107900293,70,353,-283
107900295,57,48,9
107900297,3,313,-310
107900298,734,770,-36
107900299,2742,2459,283
107900300,70,268,-198
107900301,704,721,-17
107900302,176,64,112
107900303,379,314,65
107900304,299,319,-20
107900305,329,9,320
107900306,20,38,-18
107900307,61,251,-190
107900308,159,173,-14
107900309,83,1,82
107900310,758,6,752
107900311,7,421,-414
107900312,65,3,62
107900313,0,161,-161
107900314,2,50,-48
107900315,0,32,-32
107900316,37,4,33
107900317,110,28,82
107900318,11,159,-148
107900319,6,200,-194
107900320,0,150,-150
107900321,123,2,121
107900322,14,103,-89
107900323,37,152,-115
107900324,177,3,174
107900325,93,2,91
107900326,545,203,342
107900327,1,69,-68
107900328,73,0,73
107900329,112,113,-1
107900330,10,270,-260
107900331,231,37,194
107900332,377,37,340
107900333,66,28,38
107900334,20,148,-128
107900335,105,33,72
107900336,72,113,-41
107900337,1003,992,11
107900338,7,178,-171
107900339,4,25,-21
107900340,1,57,-56
107900341,63,2,61
107900342,160,116,44
107900343,61,6,55
107900344,9,136,-127
107900345,117,33,84
107900346,32,4,28
107900347,42,12,30
107900348,11,8,3
107900349,28,21,7
107900350,45,227,-182
108000001,3189,3967,-778
108000002,2078,2512,-434
108000003,3876,3981,-105
108000004,12502,15129,-2627
108000005,8433,6787,1646
108000006,8140,7369,771
108000007,5458,4313,1145
108000008,4439,5780,-1341
108000009,3811,4666,-855
108000010,2861,4198,-1337
108000011,12813,13233,-420
108000012,16098,15280,818
108000014,1263,811,452
108000015,840,306,534
108000016,311,654,-343
108000017,1136,467,669
108000018,2266,774,1492
108000019,2498,1021,1477
108000020,1517,654,863
108000021,382,1808,-1426
108000022,572,1335,-763
108000023,1486,286,1200
108000024,331,565,-234
108000025,359,257,102
108000026,603,485,118
108000027,775,367,408
108000028,604,251,353
108000029,589,473,116
108000030,704,272,432
108000031,267,632,-365
108000032,1568,795,773
108000033,837,1010,-173
108000034,1985,635,1350
108000035,845,2035,-1190
108000036,417,941,-524
108000037,1943,623,1320
108000038,2688,761,1927
108000039,640,1766,-1126
108000040,2176,1167,1009
108000041,687,2225,-1538
108000042,328,270,58
108000043,231,277,-46
108000044,577,181,396
108000045,326,423,-97
108000046,1487,427,1060
108000047,637,997,-360
108000048,199,325,-126
108000049,1134,298,836
108000050,94,404,-310
108000051,410,183,227
108000052,262,582,-320
108000053,542,265,277
108000054,591,1148,-557
108000055,1223,736,487
108000056,868,1414,-546
108000057,747,1432,-685
108000058,2189,4146,-1957
108000059,3386,1965,1421
108000060,249,469,-220
108000061,108,264,-156
108000062,935,599,336
108000063,609,541,68
108000064,244,274,-30
108000065,586,496,90
108000066,1510,876,634
108000067,1785,649,1136
108000068,841,435,406
108000069,223,905,-682
108000070,2194,825,1369
108000071,637,1401,-764
108000072,1830,1362,468
108000073,1398,1637,-239
108000074,654,422,232
108000075,387,827,-440
108000076,1006,637,369
108000077,787,675,112
108000078,2447,1513,934
108000079,865,1562,-697
108000080,1354,541,813
108000081,617,1561,-944
108000082,959,1885,-926
108000083,2015,1092,923
108000084,416,1096,-680
108000085,868,449,419
108000086,858,754,104
108000087,232,2290,-2058
108000088,165,20,145
108000089,349,395,-46
108000090,450,289,161
108000091,387,430,-43
108000092,141,85,56
108000093,237,499,-262
108000094,546,81,465
108000095,160,303,-143
108000096,289,163,126
108000097,167,311,-144
108000098,1743,1383,360
108000099,312,87,225
108000100,66,162,-96
108000101,1431,1487,-56
108000102,1828,3199,-1371
108000106,1107,4,1103
108000107,5,1155,-1150
108000108,986,82,904
108000109,12,709,-697
108000110,208,255,-47
108000111,266,538,-272
108000112,68,168,-100
108000113,405,302,103
108000115,408,346,62
108000117,663,462,201
108000118,83,281,-198
108000119,683,360,323
108000120,169,756,-587
108000121,150,421,-271
108000122,639,333,306
108000123,918,216,702
108000124,438,446,-8
108000125,445,283,162
108000126,211,365,-154
108000127,576,308,268
108000128,604,374,230
108000129,382,866,-484
108000130,575,272,303
108000131,865,670,195
108000132,1990,1499,491
108000133,921,549,372
108000134,516,549,-33
108000135,1468,493,975
108000136,360,960,-600
108000137,566,290,276
108000138,505,847,-342
108000139,552,317,235
108000140,140,33,107
108000141,46,83,-37
108000142,61,79,-18
108000143,29,26,3
108000144,37,17,20
108000145,54,20,34
108000146,79,24,55
108000147,77,46,31
108000148,100,34,66
108000149,28,20,8
108000150,30,20,10
108000151,39,23,16
108000152,125,587,-462
108000153,517,134,383
108000154,54,13,41
108000155,19,17,2
108000156,311,136,175
108000157,220,978,-758
108000158,108,870,-762
108000159,557,285,272
108000160,2786,1363,1423
108000161,2834,3025,-191
108000165,7,249,-242
108000172,6,277,-271
108000173,1749,2029,-280
108000175,325,103,222
108000178,378,434,-56
108000179,193,1004,-811
108000181,63,23,40
108000182,155,28,127
108000183,63,21,42
108000184,964,2359,-1395
108000185,336,549,-213
108000186,187,50,137
108000187,186,582,-396
108000188,728,255,473
108000189,632,1523,-891
108000190,38,88,-50
108000192,182,499,-317
108000193,999,35,964
108000194,63,10,53
108000195,1,930,-929
108000196,346,187,159
108000198,450,314,136
108000199,1,232,-231
108000200,553,514,39
108000202,3,296,-293
108000203,178,708,-530
108000204,173,69,104
108000205,337,505,-168
108000339,1380,384,996
108000364,134,279,-145
108000365,47,271,-224
108000367,150,335,-185
108000368,20,65,-45
108000369,1040,256,784
108000371,3,548,-545
108000372,790,10,780
108000373,225,135,90
108000376,116,42,74
108000377,453,265,188
108000378,9670,11516,-1846
108000379,24,220,-196
108000381,87,13,74
108000382,154,1,153
108000383,0,157,-157
108900001,86,903,-817
108900002,267,103,164
108900003,300,656,-356
108900004,443,420,23
108900005,88,429,-341
108900006,731,219,512
108900007,350,238,112
108900008,151,161,-10
108900009,76,144,-68
108900010,317,211,106
108900011,587,409,178
108900012,428,482,-54
108900013,200,275,-75
108900014,18,136,-118
108900015,0,147,-147
108900016,7,363,-356
108900017,304,429,-125
108900018,211,437,-226
108900019,90,787,-697
108900020,54,222,-168
108900021,153,235,-82
108900022,159,15,144
108900023,10,53,-43
108900024,38,109,-71
108900025,103,103,0
108900026,29,96,-67
108900027,1,89,-88
108900028,117,233,-116
108900029,67,229,-162
108900030,0,97,-97
108900031,190,309,-119
108900032,28,275,-247
108900033,0,84,-84
108900034,0,221,-221
108900035,430,1194,-764
108900036,235,291,-56
108900037,96,374,-278
108900038,0,298,-298
108900039,1,406,-405
108900040,8,106,-98
108900041,5218,3680,1538
108900042,10,341,-331
108900043,84,528,-444
108900044,5,425,-420
108900045,111,412,-301
108900046,62,664,-602
108900047,0,54,-54
108900048,129,778,-649
108900049,2923,1305,1618
108900050,5,198,-193
108900051,0,156,-156
108900052,36,141,-105
108900053,116,218,-102
108900054,109,208,-99
108900055,58,346,-288
108900056,1,141,-140
108900057,5,169,-164
108900058,53,326,-273
108900059,476,46,430
108900060,120,123,-3
108900061,115,58,57
108900062,4,230,-226
108900063,28,237,-209
108900064,276,80,196
108900065,13,206,-193
108900066,423,134,289
108900067,51,143,-92
108900068,0,93,-93
108900069,89,93,-4
108900070,27,91,-64
108900071,105,45,60
108900072,2281,944,1337
108900073,8,90,-82
108900074,271,335,-64
108900075,60,55,5
108900076,418,88,330
108900077,83,135,-52
108900078,32,131,-99
108900079,802,231,571
108900080,50,911,-861
108900081,58,284,-226
108900082,91,120,-29
108900083,49,274,-225
108900084,453,198,255
108900085,2026,231,1795
108900086,133,200,-67
108900087,119,205,-86
108900088,931,513,418
108900089,38,155,-117
108900090,81,223,-142
108900091,106,89,17
108900092,550,383,167
108900093,164,109,55
108900094,254,97,157
108900095,51,310,-259
108900096,296,21,275
108900097,333,224,109
108900098,2167,890,1277
108900099,415,269,146
108900100,117,129,-12
108900101,284,199,85
108900102,140,1469,-1329
108900103,110,189,-79
108900104,125,407,-282
108900105,15,1142,-1127
108900106,510,286,224
108900108,439,82,357
108900109,53,51,2
108900110,289,355,-66
108900111,574,487,87
108900112,343,43,300
108900113,51,62,-11
108900114,4,4,0
108900115,113,109,4
108900116,102,23,79
108900117,194,27,167
108900118,700,32,668
108900119,297,33,264
108900120,199,163,36
108900121,414,209,205
108900122,174,16,158
108900123,137,173,-36
108900124,516,240,276
108900125,508,10,498
108900126,164,70,94
108900127,243,22,221
108900128,130,52,78
108900129,797,181,616
108900130,412,4,408
108900131,420,18,402
108900132,638,75,563
108900133,211,112,99
108900134,372,249,123
108900135,194,11,183
108900136,76,0,76
108900137,198,0,198
108900138,704,67,637
108900139,661,187,474
108900140,384,208,176
108900141,454,15,439
108900142,192,13,179
108900143,83,1,82
108900144,158,1,157
108900145,225,19,206
108900146,94,0,94
108900147,246,4,242
108900148,65,30,35
108900149,633,345,288
108900150,302,12,290
108900151,275,18,257
108900152,219,69,150
108900153,231,357,-126
108900154,4796,481,4315
108900155,244,115,129
108900156,68,5,63
108900157,78,433,-355
108900158,427,37,390
108900159,7,210,-203
108900160,9,240,-231
108900161,10,373,-363
108900162,112,2,110
108900163,10,278,-268
108900164,55,84,-29
108900165,152,102,50
108900167,1594,6715,-5121
108900168,6456,2923,3533
108900169,53,119,-66
108900171,6784,3240,3544
108900172,232,64,168
108900173,179,390,-211
108900174,885,586,299
108900176,139,513,-374
108900177,4788,5434,-646
108900178,3778,3796,-18
108900179,564,1944,-1380
108900180,99,274,-175
108900182,105,333,-228
108900183,166,274,-108
108900184,546,266,280
108900185,142,430,-288
108900186,105,385,-280
108900187,448,84,364
108900188,665,94,571
108900189,476,217,259
108900190,74,2454,-2380
108900191,227,49,178
108900192,120,264,-144
108900193,335,101,234
108900194,89,645,-556
108900195,231,314,-83
108900196,47,372,-325
108900198,4,354,-350
108900199,330,361,-31
108900200,657,396,261
108900201,661,1402,-741
108900203,621,109,512
108900204,487,19,468
108900205,218,25,193
108900206,557,90,467
108900207,227,103,124
108900208,15,399,-384
108900209,211,606,-395
108900210,219,206,13
108900211,227,603,-376
108900212,709,1517,-808
108900215,73,405,-332
108900216,642,206,436
108900217,190,0,190
108900218,250,35,215
108900219,128,7,121
108900220,102,53,49
108900221,89,154,-65
108900222,341,71,270
108900223,9,160,-151
108900224,67,268,-201
108900225,0,252,-252
108900226,331,29,302
108900227,183,434,-251
108900230,291,278,13
108900231,49,204,-155
108900232,6,256,-250
108900233,460,155,305
108900234,471,220,251
108900235,247,734,-487
108900236,90,359,-269
108900237,130,238,-108
108900240,227,140,87
108900241,51,93,-42
108900245,16,1678,-1662
108900249,158,67,91
108900250,346,264,82
108900257,272,427,-155
108900258,10,215,-205
108900259,221,91,130
108900260,12,87,-75
108900261,57,163,-106
108900262,182,140,42
108900263,33,175,-142
108900264,499,290,209
108900265,1012,468,544
108900266,758,723,35
108900267,3,128,-125
108900268,8,10,-2
108900269,115,12,103
108900270,87,8,79
108900271,62,24,38
108900272,288,20,268
108900273,831,829,2
108900274,50,51,-1
109000001,2628,1403,1225
109000002,1397,1535,-138
109000003,2442,442,2000
109000004,514,1914,-1400
109000005,2430,626,1804
109000006,653,1854,-1201
109000007,1643,666,977
109000008,435,1539,-1104
109000009,3977,1327,2650
109000010,1459,3345,-1886
109000011,3565,2528,1037
109000012,2076,2995,-919
109000013,3984,3326,658
109000014,2027,3063,-1036
109000015,3803,7422,-3619
109000016,5659,3325,2334
109000017,2635,1277,1358
109000018,952,2684,-1732
109000019,2646,1340,1306
109000020,919,1918,-999
109000023,281,51,230
109000024,7,210,-203
109000025,372,485,-113
109000026,697,382,315
109000027,96,312,-216
109000028,142,83,59
109000029,123,216,-93
109000030,85,503,-418
109000031,278,186,92
109000032,172,437,-265
109000033,366,222,144
109000034,77,46,31
109000035,20,86,-66
109000036,104,377,-273
109000037,387,1391,-1004
109000038,681,454,227
109000039,1130,986,144
109000040,4983,9590,-4607
109000041,3155,1977,1178
109000042,572,1415,-843
109000044,493,84,409
109000045,163,377,-214
109000046,437,114,323
109000047,57,504,-447
109000048,988,377,611
109000049,425,736,-311
109000050,470,284,186
109000051,347,291,56
109000052,566,972,-406
109000053,265,99,166
109000054,324,569,-245
109000055,373,472,-99
109000056,417,635,-218
109000057,928,577,351
109000058,954,404,550
109000059,883,1550,-667
109000060,384,321,63
109000061,934,1423,-489
109000062,188,418,-230
109000063,253,200,53
109000064,462,238,224
109000065,186,235,-49
109000066,532,112,420
109000067,100,369,-269
109000068,2951,97,2854
109000069,917,52,865
109000070,12,1238,-1226
109000071,388,90,298
109000072,105,353,-248
109000073,70,79,-9
109000074,25,179,-154
109000075,90,357,-267
109000076,132,224,-92
109000077,384,263,121
109000078,107,172,-65
109000079,135,143,-8
109000080,200,119,81
109000081,133,407,-274
109000082,714,210,504
109000083,288,535,-247
109000088,130,487,-357
109000089,349,87,262
109000090,173,462,-289
109000091,357,285,72
109000092,448,564,-116
109000093,297,285,12
109000094,640,4,636
109000095,95,422,-327
109000096,829,297,532
109000097,103,168,-65
109000098,46,197,-151
109000099,1125,319,806
109000100,325,535,-210
109000101,1851,716,1135
109000102,408,761,-353
109000103,499,584,-85
109000104,1900,628,1272
109000105,499,1215,-716
109000106,2222,871,1351
109000107,600,1824,-1224
109000108,1956,663,1293
109000109,511,1634,-1123
109000110,1611,582,1029
109000111,1014,1933,-919
109000112,610,140,470
109000113,529,223,306
109000114,299,325,-26
109000115,1310,37,1273
109000116,6,264,-258
109000117,259,63,196
109000118,19,352,-333
109000119,1604,247,1357
109000120,251,775,-524
109000121,542,44,498
109000122,121,755,-634
109000123,28,57,-29
109000124,676,442,234
109000125,850,432,418
109000126,477,771,-294
109000127,1045,213,832
109000128,537,1313,-776
109000129,2605,998,1607
109000130,660,1694,-1034
109000131,1011,660,351
109000132,846,1798,-952
109000133,350,881,-531
109000134,835,1352,-517
109000135,1257,1803,-546
109000136,301,311,-10
109000137,312,360,-48
109000138,543,381,162
109000139,630,487,143
109000140,197,393,-196
109000141,623,461,162
109000142,143,606,-463
109000143,165,100,65
109000145,192,215,-23
109000146,58,178,-120
109000148,3392,2030,1362
109000149,21,58,-37
109000150,88,310,-222
109000155,889,589,300
109000156,867,652,215
109000158,320,299,21
109000159,237,638,-401
109000160,867,247,620
109000161,362,937,-575
109000162,2098,753,1345
109000163,1238,1722,-484
109000164,1231,2431,-1200
109000165,1318,554,764
109000166,795,137,658
109000167,165,553,-388
109000170,64,57,7
109000171,88,83,5
109000172,43,97,-54
109000173,43,85,-42
109000174,144,51,93
109000175,75,102,-27
109000176,298,260,38
109000177,34,113,-79
109000178,478,138,340
109000179,4948,6085,-1137
109000180,5224,4353,871
109000181,28,39,-11
109000182,78,31,47
109000183,71,35,36
109000184,30,20,10
109000185,37,58,-21
109000188,563,1768,-1205
109000189,2347,1051,1296
109000190,678,498,180
109000191,371,484,-113
109000192,454,215,239
109000193,159,308,-149
109000194,315,106,209
109000195,159,334,-175
109000196,494,135,359
109000197,265,437,-172
109000198,468,66,402
109000199,118,454,-336
109000206,234,36,198
109000207,113,36,77
109000208,147,94,53
109000209,233,157,76
109000210,238,620,-382
109000211,729,492,237
109000214,445,284,161
109000215,163,105,58
109000216,234,313,-79
109000217,234,177,57
109000218,432,232,200
109000221,492,1081,-589
109000222,1026,323,703
109000223,440,369,71
109000224,38,121,-83
109000225,94,48,46
109000226,77,161,-84
109000227,1278,1150,128
109000228,7,1141,-1134
109000231,4,307,-303
109000232,371,319,52
109000236,308,670,-362
109000241,2341,2039,302
109000242,2056,1282,774
109000293,33,100,-67
109000361,109,264,-155
109000364,296,498,-202
109000396,6,524,-518
109000397,536,8,528
109000399,143,495,-352
109000400,75,189,-114
109000403,118,982,-864
109000406,359,5,354
109000407,338,238,100
109000408,1,384,-383
109000410,1261,312,949
109000411,193,24,169
109900001,133,0,133
109900002,896,20,876
109900003,288,2,286
109900004,815,183,632
109900005,47,6,41
109900006,537,192,345
109900007,930,536,394
109900008,0,49,-49
109900009,145,499,-354
109900010,552,16,536
109900011,101,50,51
109900012,528,270,258
109900013,475,160,315
109900014,473,76,397
109900015,585,262,323
109900016,179,33,146
109900017,218,281,-63
109900018,319,115,204
109900019,379,98,281
109900020,63,40,23
109900021,48,18,30
109900022,105,242,-137
109900023,32,5,27
109900024,25,3,22
109900025,30,64,-34
109900026,6,168,-162
109900027,81,77,4
109900028,1400,996,404
109900029,7,232,-225
109900030,54,14,40
109900031,2,259,-257
109900032,12,372,-360
109900033,3,505,-502
109900034,46,6,40
109900035,19,38,-19
109900036,18,66,-48
109900037,35,403,-368
109900038,108,249,-141
109900039,18,1,17
109900040,33,413,-380
109900041,49,343,-294
109900042,57,420,-363
109900044,231,239,-8
109900045,238,145,93
109900046,33,103,-70
109900047,339,309,30
109900048,18,84,-66
109900049,11,39,-28
109900050,3,104,-101
109900051,0,64,-64
109900052,138,307,-169
109900053,1,219,-218
109900054,759,293,466
109900055,80,295,-215
109900056,21,226,-205
109900057,8,137,-129
109900058,3,72,-69
109900059,815,161,654
109900060,465,134,331
109900061,88,274,-186
109900062,1,194,-193
109900063,18,515,-497
109900064,553,281,272
109900065,74,137,-63
109900066,325,841,-516
109900067,0,248,-248
109900068,90,8,82
109900069,2,37,-35
109900070,32,295,-263
109900071,3,38,-35
109900072,33,172,-139
109900073,500,499,1
109900074,15,39,-24
109900075,36,35,1
109900076,17,221,-204
109900077,45,58,-13
109900078,121,184,-63
109900080,114,357,-243
109900081,35,296,-261
109900082,57,389,-332
109900083,25,61,-36
109900084,53,164,-111
109900085,251,649,-398
109900086,198,521,-323
109900087,379,552,-173
109900089,784,239,545
109900090,632,1143,-511
109900091,395,89,306
109900092,618,38,580
109900093,1073,204,869
109900094,105,101,4
109900095,174,238,-64
109900096,34,5,29
109900097,97,0,97
109900098,473,71,402
109900099,241,7,234
109900100,46,1,45
109900101,507,12,495
109900102,497,36,461
109900103,31,55,-24
109900104,692,607,85
109900105,513,24,489
109900106,496,88,408
109900107,602,106,496
109900108,107,273,-166
109900109,53,163,-110
109900110,85,419,-334
109900111,472,792,-320
109900112,393,522,-129
109900113,896,693,203
109900114,1358,1332,26
109900115,194,117,77
109900117,1183,183,1000
109900118,264,470,-206
109900119,633,412,221
109900120,83,28,55
109900121,510,596,-86
109900122,453,12,441
109900123,29,177,-148
109900124,54,373,-319
109900125,1,180,-179
109900126,311,128,183
109900128,388,65,323
109900130,6433,2757,3676
109900131,70,140,-70
109900132,46,158,-112
109900133,107,290,-183
109900134,84,108,-24
109900135,263,83,180
109900136,45,137,-92
109900137,172,280,-108
109900138,396,358,38
109900140,274,177,97
109900142,1481,386,1095
109900145,8,533,-525
109900146,571,72,499
109900148,57,85,-28
109900149,53,96,-43
109900150,21,124,-103
109900151,17,34,-17
109900152,1,37,-36
109900153,1,61,-60
109900154,40,0,40
109900155,95,20,75
109900157,97,197,-100
109900158,54,137,-83
109900159,158,55,103
109900160,199,58,141
109900161,284,115,169
109900162,260,146,114
109900163,807,387,420
109900164,67,190,-123
109900165,322,10,312
109900166,7,143,-136
109900167,208,553,-345
109900168,201,628,-427
109900169,252,186,66
109900170,247,825,-578
109900171,231,135,96
109900172,277,345,-68
109900173,2612,2534,78
109900174,66,167,-101
109900175,81,107,-26
109900176,150,154,-4
109900177,69,214,-145
109900178,6,143,-137
109900179,74,22,52
109900180,25,30,-5
110000001,872,494,378
110000002,595,792,-197
110000003,977,703,274
110000004,524,814,-290
110000005,474,1878,-1404
110000006,343,371,-28
110000007,140,170,-30
110000008,13,79,-66
110000009,38,37,1
110000010,53,81,-28
110000011,68,68,0
110000012,547,380,167
110000013,37,477,-440
110000014,484,444,40
110000015,295,615,-320
110000016,342,1485,-1143
110000017,2520,318,2202
110000018,2357,451,1906
110000019,15,127,-112
110000020,690,279,411
110000021,397,497,-100
110000022,1116,267,849
110000023,10,205,-195
110000024,779,387,392
110000025,494,12,482
110000026,24,437,-413
110000027,1415,1192,223
110000028,981,689,292
110000029,556,726,-170
110000030,294,435,-141
110000031,291,480,-189
110000032,820,416,404
110000033,325,131,194
110000034,577,678,-101
110000035,917,641,276
110000036,953,616,337
110000037,242,456,-214
110000038,320,668,-348
110000039,688,2833,-2145
110000040,288,383,-95
110000041,312,1397,-1085
110000042,109,433,-324
110000043,843,238,605
110000044,109,373,-264
110000045,765,107,658
110000046,3,35,-32
110000047,56,45,11
110000048,14,14,0
110000049,62,20,42
110000050,11,27,-16
110000051,22,12,10
110000052,24,29,-5
110000053,63,9,54
110000054,191,275,-84
110000055,439,63,376
110000056,233,81,152
110000057,480,615,-135
110000058,1179,576,603
110000059,1021,511,510
110000060,833,991,-158
110000061,919,770,149
110000062,674,825,-151
110000063,36,172,-136
110000064,90,75,15
110000065,89,90,-1
110000066,96,39,57
110000067,151,183,-32
110000068,337,196,141
110000069,336,106,230
110000071,225,126,99
110000073,20,19,1
110000075,12,79,-67
110000076,365,489,-124
110000077,458,1478,-1020
110000078,38,56,-18
110000080,248,727,-479
110000081,53,323,-270
110000082,49,471,-422
110000083,255,597,-342
110000084,1331,867,464
110000085,1638,1769,-131
110000086,1496,2448,-952
110000087,37,62,-25
110000088,117,248,-131
110000089,317,120,197
110000090,332,246,86
110000091,1087,237,850
110000092,32,94,-62
110000093,83,14,69
110000094,584,281,303
110000095,277,709,-432
110000096,2143,2212,-69
110000097,1192,1456,-264
110000098,2205,679,1526
110000099,898,1692,-794
110000100,1180,486,694
110000101,35,411,-376
110000102,65,16,49
110000104,514,146,368
110000105,64,363,-299
110000106,762,404,358
110000107,335,511,-176
110000108,132,77,55
110000109,365,333,32
110000110,3538,5740,-2202
110000111,6445,3532,2913
110000112,1297,1524,-227
110000113,383,2459,-2076
110000114,254,587,-333
110000115,481,373,108
110000116,55,61,-6
110000117,210,307,-97
110000118,556,174,382
110000119,296,295,1
110000120,429,194,235
110000121,108,357,-249
110000122,468,697,-229
110000123,700,855,-155
110000124,4,813,-809
110000125,1084,11,1073
110000126,380,42,338
110000127,1412,102,1310
110000128,46,1355,-1309
110000129,5,518,-513
110000130,229,244,-15
110000131,117,317,-200
110000132,2,547,-545
110000133,46,475,-429
110000134,31,416,-385
110000135,218,36,182
110000136,82,277,-195
110000137,493,658,-165
110000138,922,681,241
110000139,1001,1260,-259
110000140,1075,823,252
110000143,608,477,131
110000144,5645,2562,3083
110000145,2176,1540,636
110000146,2863,1080,1783
110000147,749,808,-59
110000148,619,309,310
110000151,1263,1432,-169
110000152,965,398,567
110000153,129,63,66
110000154,57,51,6
110000155,1924,4798,-2874
110000156,1132,2849,-1717
110000157,2726,2614,112
110000160,504,303,201
110000161,185,319,-134
110000166,634,158,476
110000167,977,546,431
110000168,1088,541,547
110000169,1056,385,671
110000170,135,94,41
110000171,707,222,485
110000172,193,715,-522
110000173,958,1126,-168
110000174,256,873,-617
110000175,829,97,732
110000176,312,400,-88
110000177,280,983,-703
110000178,476,1458,-982
110000179,1152,387,765
110000180,207,262,-55
110000181,596,455,141
110000182,323,153,170
110000183,8534,6806,1728
110000184,423,2307,-1884
110000185,1309,903,406
110000186,841,786,55
110000191,1018,270,748
110000192,764,7,757
110000193,1378,13,1365
110000194,9,1011,-1002
110000195,524,263,261
110000196,456,340,116
110000197,125,142,-17
110000198,131,85,46
110000199,87,122,-35
110000200,1135,466,669
110000201,1117,1135,-18
110000202,1549,637,912
110000203,693,621,72
110000204,9,224,-215
110000205,131,82,49
110000206,582,1189,-607
110000207,1263,423,840
110000208,207,285,-78
110000209,159,921,-762
110000210,1233,440,793
110000211,675,564,111
110000212,558,1045,-487
110000213,245,48,197
110000214,298,109,189
110000215,212,423,-211
110000216,128,301,-173
110000217,341,197,144
110000218,218,346,-128
110000219,364,73,291
110000220,100,295,-195
110000221,347,67,280
110000222,111,227,-116
110000223,9,228,-219
110000224,63,10,53
110000225,378,681,-303
110000226,208,72,136
110000227,1162,879,283
110000228,262,206,56
110000229,1,255,-254
110000230,540,506,34
110000231,174,235,-61
110000232,274,250,24
110000233,203,233,-30
110000234,851,1086,-235
110000235,975,1138,-163
110000236,811,630,181
110000237,2051,1256,795
110000238,1156,1648,-492
110000239,2092,1309,783
110000240,0,89,-89
110000242,0,17,-17
110000243,134,165,-31
110000244,161,367,-206
110000245,33,277,-244
110000246,838,475,363
110000247,1277,5214,-3937
110000248,2305,1729,576
110000249,84,15,69
110000250,68,152,-84
110000251,353,513,-160
110000252,225,218,7
110000253,1564,672,892
110000254,652,1221,-569
110000255,328,1115,-787
110000256,597,384,213
110000257,731,452,279
110000258,14,434,-420
110000259,149,19,130
110000260,26,245,-219
110000263,624,120,504
110000264,362,441,-79
110000265,1151,2313,-1162
110000266,2534,3566,-1032
110000267,35,221,-186
110000268,394,553,-159
110000269,8,75,-67
110000270,81,9,72
110000271,1273,325,948
110000272,1279,1095,184
110000273,4161,2206,1955
110000274,220,1608,-1388
110000275,1890,579,1311
110000276,317,351,-34
110000277,334,353,-19
110000278,312,725,-413
110000279,798,786,12
110000280,420,399,21
110000281,63,441,-378
110000282,343,21,322
110000283,92,177,-85
110000284,85,59,26
110000285,9,1058,-1049
110000286,48,0,48
110000287,90,5,85
110000288,3,97,-94
110000289,513,2029,-1516
110000290,905,557,348
110000291,4807,1512,3295
110000292,1614,4534,-2920
110000293,627,811,-184
110000294,1210,1145,65
110000295,284,965,-681
110000296,723,387,336
110000297,2618,403,2215
110000298,258,576,-318
110000299,317,198,119
110000301,340,50,290
110000302,285,813,-528
110000303,379,11,368
110000304,140,237,-97
110000305,1338,27,1311
110000306,176,1120,-944
110000307,1867,12,1855
110000308,655,17,638
110000309,14,691,-677
110000310,709,54,655
110000311,25,674,-649
110000312,558,118,440
110000313,2678,3529,-851
110000314,5,268,-263
110000315,3136,3266,-130
110000316,562,1358,-796
110000317,450,546,-96
110000318,27,108,-81
110000319,15,52,-37
110000320,80,100,-20
110000321,29,46,-17
110000322,332,348,-16
110000323,465,218,247
110000324,3455,1803,1652
110000325,2868,3402,-534
110000327,531,388,143
110000328,270,421,-151
110000333,1211,760,451
110000334,1032,1673,-641
110000335,1155,579,576
110000336,808,1045,-237
110000337,1477,658,819
110000338,490,232,258
110000339,345,263,82
110000340,70,168,-98
110000341,540,493,47
110000342,713,5,708
110000343,0,39,-39
110000344,325,156,169
110000345,356,171,185
110000346,2577,1987,590
110000347,1087,742,345
110000348,22,18,4
110000349,11,14,-3
110000350,69,9,60
110000351,1054,848,206
110000352,793,1368,-575
110000353,2237,761,1476
110000354,1127,2837,-1710
110000355,127,106,21
110000356,838,9,829
110000357,489,17,472
110000361,47,40,7
110000362,108,103,5
110000363,393,147,246
110000364,259,327,-68
110000365,233,2,231
110000366,0,109,-109
110000367,481,223,258
110000368,11,68,-57
110000369,81,5,76
110000373,3,276,-273
110000374,125,15,110
110000375,158,853,-695
110000376,44,77,-33
110000377,95,478,-383
110000378,29,403,-374
110000379,2454,1864,590
110000380,72,11,61
110000383,1,1514,-1513
110000384,2006,1591,415
110000385,0,189,-189
110000387,77,16,61
110000388,51,238,-187
110000389,795,11,784
110000391,717,363,354
110000396,247,148,99
110000397,155,161,-6
110000398,4,58,-54
110000399,158,5,153
110000587,131,45,86
110000589,226,132,94
110000640,204,76,128
110000652,18,223,-205
110000653,332,444,-112
110000654,81,316,-235
110000656,3,565,-562
110000674,37,43,-6
110000675,18,31,-13
110000676,9,56,-47
110000679,374,1384,-1010
110000682,149,254,-105
110000683,395,578,-183
110000684,6,56,-50
110000685,10,18,-8
110000686,2,36,-34
110000687,50,5,45
110000688,89,1066,-977
110000689,42,39,3
110000692,43,155,-112
110000693,93,319,-226
110000694,0,199,-199
110000695,246,725,-479
110000696,95,108,-13
110900001,411,31,380
110900002,500,244,256
110900003,1023,625,398
110900004,696,196,500
110900005,2457,2568,-111
110900006,56,40,16
110900007,134,37,97
110900008,15,40,-25
110900009,580,183,397
110900010,17,98,-81
110900011,30,96,-66
110900012,32,96,-64
110900013,1232,191,1041
110900014,332,22,310
110900015,647,886,-239
110900016,127,138,-11
110900017,525,61,464
110900018,593,94,499
110900019,257,20,237
110900020,155,269,-114
110900021,139,586,-447
110900022,121,330,-209
110900023,144,525,-381
110900024,40,378,-338
110900025,16,76,-60
110900027,68,269,-201
110900028,79,158,-79
110900029,28,360,-332
110900030,60,220,-160
110900031,2,192,-190
110900032,1,89,-88
110900033,38,275,-237
110900035,56,498,-442
110900036,113,31,82
110900037,88,33,55
110900038,934,222,712
110900039,21,302,-281
110900040,215,46,169
110900041,29,108,-79
110900042,144,57,87
110900043,5,125,-120
110900044,228,19,209
110900045,74,415,-341
110900046,55,252,-197
110900047,468,417,51
110900049,182,103,79
110900050,38,8,30
110900051,49,222,-173
110900052,11,186,-175
110900053,218,29,189
110900054,98,219,-121
110900055,52,9,43
110900056,74,134,-60
110900057,8,143,-135
110900058,295,179,116
110900059,763,588,175
110900060,622,169,453
110900061,40,50,-10
110900062,213,240,-27
110900063,75,158,-83
110900064,33,1,32
110900065,408,188,220
110900066,19,92,-73
110900067,285,616,-331
110900068,257,263,-6
110900069,12,30,-18
110900070,139,77,62
110900071,326,685,-359
110900073,1,14,-13
110900074,377,112,265
110900075,462,132,330
110900077,1001,644,357
110900078,67,66,1
110900079,2160,1665,495
110900080,120,72,48
110900081,6,44,-38
110900082,148,127,21
110900083,156,82,74
110900084,66,71,-5
110900085,78,257,-179
110900086,120,413,-293
110900087,369,129,240
110900088,20,0,20
110900090,54,53,1
110900091,1,64,-63
110900093,201,126,75
110900095,66,34,32
110900097,6,23,-17
110900098,32,93,-61
110900099,90,426,-336
110900100,1,33,-32
110900102,65,16,49
110900105,1041,236,805
110900108,21,72,-51
110900111,480,197,283
110900112,988,6,982
110900113,583,87,496
110900115,5,73,-68
110900116,776,1751,-975
110900118,167,3504,-3337
110900119,3838,413,3425
110900120,31,79,-48
110900121,184,6,178
110900122,556,219,337
110900125,555,472,83
110900127,857,1554,-697
110900128,283,280,3
110900129,464,1149,-685
110900130,1194,764,430
110900131,418,73,345
110900132,492,129,363
110900133,291,205,86
110900135,141,380,-239
110900136,425,16,409
110900137,73,3,70
110900138,841,604,237
110900139,20,132,-112
110900140,49,4,45
110900141,5,158,-153
110900142,109,191,-82
110900143,241,160,81
110900144,1,548,-547
110900145,194,31,163
110900146,284,156,128
110900147,95,369,-274
110900148,6,291,-285
110900149,5,82,-77
110900150,100,39,61
110900151,51,114,-63
110900152,48,220,-172
110900153,188,55,133
111000001,408,310,98
111000002,505,514,-9
111000003,1082,637,445
111000004,384,809,-425
111000005,1277,1103,174
111000006,836,1525,-689
111000007,4680,2630,2050
111000008,1836,3268,-1432
111000009,390,807,-417
111000010,837,273,564
111000011,373,1215,-842
111000012,715,409,306
111000013,373,1187,-814
111000014,1249,463,786
111000017,133,1000,-867
111000018,280,401,-121
111000020,1030,2304,-1274
111000021,121,103,18
111000023,98,131,-33
111000025,4618,4647,-29
111000029,94,133,-39
111000030,49,177,-128
111000031,2345,1644,701
111000032,495,377,118
111000033,252,381,-129
111000034,198,201,-3
111000037,1406,808,598
111000038,3839,2557,1282
111000039,2079,2114,-35
111000040,1908,2273,-365
111000041,1829,1715,114
111000042,3255,2323,932
111000043,2082,3696,-1614
111000044,2079,1379,700
111000045,2548,2699,-151
111000046,1759,1939,-180
111000047,2775,4044,-1269
111000049,583,494,89
111000050,1232,1228,4
111000051,589,897,-308
111000052,638,1644,-1006
111000053,441,893,-452
111000054,453,764,-311
111000055,887,1440,-553
111000056,104,440,-336
111000057,69,480,-411
111000058,463,78,385
111000059,537,266,271
111000060,3892,984,2908
111000061,665,444,221
111000062,905,418,487
111000063,1783,1176,607
111000064,782,644,138
111000065,1308,942,366
111000066,529,460,69
111000067,537,653,-116
111000068,665,1035,-370
111000069,1815,1973,-158
111000070,1144,891,253
111000071,120,433,-313
111000072,1255,487,768
111000073,379,791,-412
111000074,1718,1807,-89
111000075,1029,733,296
111000076,500,620,-120
111000077,1805,1864,-59
111000078,2765,1458,1307
111000079,1382,874,508
111000080,582,644,-62
111000081,1654,4253,-2599
111000082,706,585,121
111000084,928,517,411
111000085,1050,1331,-281
111000086,2757,1067,1690
111000087,747,541,206
111000088,4964,2614,2350
111000089,747,947,-200
111000090,887,1485,-598
111000091,797,496,301
111000092,1376,894,482
111000093,855,1175,-320
111000094,1915,1140,775
111000095,761,2268,-1507
111000096,1897,7729,-5832
111000097,4010,1438,2572
111000098,771,1045,-274
111000099,673,1651,-978
111000100,505,1412,-907
111000101,498,810,-312
111000102,321,584,-263
111000104,631,203,428
111000107,205,697,-492
111000109,1182,264,918
111000110,1550,711,839
111000111,2661,562,2099
111000112,2008,661,1347
111000113,925,1463,-538
111000114,1709,3475,-1766
111000115,5618,1485,4133
111000116,978,968,10
111000117,416,879,-463
111000118,1305,915,390
111000119,1089,1113,-24
111000120,508,671,-163
111000121,293,710,-417
111000122,670,1055,-385
111000123,1110,2539,-1429
111000124,501,2458,-1957
111000125,294,1234,-940
111000126,80,704,-624
111000127,1097,181,916
111000128,2376,351,2025
111000129,2738,565,2173
111000130,2416,644,1772
111000131,1816,587,1229
111000132,1695,862,833
111000133,280,191,89
111000134,302,131,171
111000135,61,170,-109
111000136,393,329,64
111000138,17,4,13
111000140,0,4,-4
111000141,219,332,-113
111000142,43,105,-62
111000143,0,124,-124
111000144,20,438,-418
111000145,1198,21,1177
111000146,80,9,71
111000147,361,28,333
111000148,177,78,99
111000149,4,32,-28
111000150,26,6,20
111000151,2,9,-7
111000153,658,1009,-351
111000154,804,268,536
111000155,128,197,-69
111000156,525,720,-195
111000157,205,1235,-1030
111000158,871,848,23
111000159,2318,837,1481
111000160,519,359,160
111000161,17,255,-238
111000162,158,156,2
111000163,742,728,14
111000164,702,3109,-2407
111000165,1063,564,499
111000166,2059,424,1635
111000167,196,420,-224
111000168,265,529,-264
111000169,360,658,-298
111000170,550,459,91
111000171,572,580,-8
111000172,138,375,-237
111000173,378,779,-401
111000174,265,325,-60
111000175,61,298,-237
111000176,408,143,265
111000177,405,212,193
111000178,1208,287,921
111000179,219,179,40
111000180,302,457,-155
111000181,1352,237,1115
111000182,258,236,22
111000183,413,387,26
111000184,471,252,219
111000185,418,511,-93
111000186,372,278,94
111000187,182,188,-6
111000188,351,435,-84
111000189,1196,619,577
111000190,240,350,-110
111000191,230,331,-101
111000192,266,494,-228
111000193,330,274,56
111000194,74,305,-231
111000195,175,329,-154
111000196,80,187,-107
111000197,516,147,369
111000198,890,143,747
111000199,286,162,124
111000200,454,329,125
111000201,800,284,516
111000202,337,223,114
111000203,379,386,-7
111000204,426,1402,-976
111000213,215,433,-218
111000214,1544,1347,197
111000215,1201,1169,32
111000217,1431,1049,382
111000218,1268,1240,28
111000219,489,201,288
111000220,1580,720,860
111000221,735,150,585
111000224,2,338,-336
111000225,361,176,185
111000226,124,1,123
111000227,45,5,40
111000228,40,404,-364
111000229,90,981,-891
111000230,231,350,-119
111000231,967,723,244
111000232,591,884,-293
111000233,981,593,388
111000234,158,356,-198
111000239,103,119,-16
111000240,62,230,-168
111000241,55,340,-285
111000242,227,69,158
111000243,115,475,-360
111000244,585,92,493
111000245,1202,344,858
111000246,666,375,291
111000247,384,719,-335
111000248,757,428,329
111000249,465,611,-146
111000250,73,120,-47
111000251,74,161,-87
111000253,17,24,-7
111000255,35,9,26
111000257,60,20,40
111000260,86,1048,-962
111000261,1359,117,1242
111000271,78,263,-185
111000273,3327,1300,2027
111000274,1287,2363,-1076
111000275,158,67,91
111000276,244,1806,-1562
111000277,184,412,-228
111000278,686,247,439
111000291,723,5968,-5245
111000298,614,272,342
111000299,778,178,600
111000300,156,529,-373
111000302,392,67,325
111000303,92,249,-157
111000312,69,90,-21
111000315,0,70,-70
111000320,331,761,-430
111000321,427,173,254
111000322,441,549,-108
111000323,213,23,190
111000324,469,279,190
111000325,81,76,5
111000326,226,320,-94
111000327,850,323,527
111000328,271,495,-224
111000329,0,19,-19
111000330,48,12,36
111000331,16,3,13
111000332,694,1340,-646
111000334,399,1179,-780
111000335,1062,268,794
111000337,1400,425,975
111000338,127,155,-28
111000339,676,379,297
111000340,154,558,-404
111000341,1317,697,620
111000342,282,1086,-804
111000344,1053,835,218
111000345,235,81,154
111000346,13,101,-88
111000347,155,14,141
111000350,178,108,70
111000351,124,381,-257
111000352,194,159,35
111000353,184,241,-57
111000354,479,145,334
111000355,326,601,-275
111000358,169,993,-824
111000360,226,666,-440
111000361,130,251,-121
111000546,1148,625,523
111000547,420,508,-88
111000548,160,406,-246
111000549,318,400,-82
111000550,89,1187,-1098
111000551,796,213,583
111000552,2385,252,2133
111000907,389,30,359
111000908,37,0,37
111000916,1773,325,1448
111000917,39,406,-367
111000918,189,772,-583
111000920,529,11,518
111000921,5,130,-125
111000922,615,303,312
111000924,63,649,-586
111000925,2332,1732,600
111000926,962,1329,-367
111000927,3121,4023,-902
111000928,3929,3110,819
111000929,1234,1281,-47
111000930,754,1926,-1172
111000931,2283,2868,-585
111000932,4159,2411,1748
111000933,3499,2567,932
111000934,1882,3299,-1417
111000935,1443,885,558
111000936,1209,1980,-771
111000937,1044,1291,-247
111000938,1337,1390,-53
111000939,575,34,541
111000940,525,164,361
111000941,379,536,-157
111000943,505,289,216
111000944,188,292,-104
111000945,97,1250,-1153
111001109,579,496,83
111001110,153,475,-322
111001111,101,11,90
111001112,152,46,106
111001113,1,149,-148
111001114,1000,148,852
111001115,40,571,-531
111001116,5068,4227,841
111001117,729,2388,-1659
111001120,133,296,-163
111001121,182,248,-66
111001122,217,491,-274
111001123,269,71,198
111001124,30,95,-65
111900001,24,157,-133
111900002,29,702,-673
111900003,10,344,-334
111900004,95,144,-49
111900006,39,80,-41
111900007,196,14,182
111900008,358,4,354
111900009,349,206,143
111900010,320,532,-212
111900012,96,112,-16
111900013,31,117,-86
111900014,4804,4570,234
111900015,1,75,-74
111900016,0,120,-120
111900017,2,129,-127
111900018,362,8,354
111900019,1,185,-184
111900020,8,61,-53
111900021,37,96,-59
111900022,15,73,-58
111900023,89,63,26
111900024,0,74,-74
111900025,0,36,-36
111900026,0,57,-57
111900027,1,117,-116
111900028,1,310,-309
111900029,4,90,-86
111900030,40,429,-389
111900031,32,46,-14
111900032,4,230,-226
111900033,11,99,-88
111900034,252,551,-299
111900035,116,234,-118
111900036,1,219,-218
111900038,316,620,-304
111900039,74,447,-373
111900040,4,403,-399
111900042,67,183,-116
111900043,4,251,-247
111900044,335,208,127
111900046,44,167,-123
111900048,269,487,-218
111900049,25,236,-211
111900050,199,48,151
111900051,6,190,-184
111900052,337,488,-151
111900053,1226,1996,-770
111900054,260,10,250
111900055,15,378,-363
111900056,222,341,-119
111900057,159,36,123
111900058,508,505,3
111900059,1686,799,887
111900060,501,7,494
111900061,17,210,-193
111900062,24,80,-56
111900063,442,311,131
111900064,118,254,-136
111900065,123,49,74
111900066,175,138,37
111900067,0,342,-342
111900068,82,101,-19
111900069,104,38,66
111900070,228,122,106
111900071,1,213,-212
111900072,106,48,58
111900073,1071,212,859
111900074,26,247,-221
111900075,153,21,132
111900076,190,85,105
111900077,104,8,96
111900078,345,30,315
111900079,58,69,-11
111900080,262,298,-36
111900081,646,267,379
111900082,139,51,88
111900083,172,21,151
111900084,184,13,171
111900085,51,143,-92
111900086,58,5,53
111900087,72,2,70
111900088,627,17,610
111900089,186,4,182
111900090,96,81,15
111900091,370,5,365
111900092,121,1,120
111900093,459,6,453
111900094,192,0,192
111900095,331,49,282
111900096,215,2,213
111900097,52,0,52
111900098,305,6,299
111900099,99,0,99
111900100,209,8,201
111900101,130,44,86
111900102,730,557,173
111900103,71,109,-38
111900104,284,111,173
111900105,392,216,176
111900106,1143,69,1074
111900107,116,134,-18
111900108,175,267,-92
111900109,549,574,-25
111900110,1889,566,1323
111900111,296,147,149
111900112,762,3225,-2463
111900113,306,138,168
111900114,176,157,19
111900115,18,56,-38
111900118,328,111,217
111900119,367,240,127
111900122,142,113,29
111900123,37,63,-26
111900124,56,91,-35
111900125,640,63,577
111900126,311,9,302
111900127,3,624,-621
111900128,2,394,-392
111900129,341,5,336
111900130,304,52,252
111900131,593,4,589
111900132,49,863,-814
111900133,20,342,-322
111900134,22,212,-190
111900135,26,61,-35
111900136,110,150,-40
111900137,62,75,-13
111900138,14,56,-42
111900139,35,123,-88
111900140,130,59,71
111900141,69,28,41
111900142,162,53,109
111900143,54,175,-121
111900144,22,127,-105
111900145,0,415,-415
111900146,4,221,-217
111900147,158,400,-242
111900148,29,528,-499
111900149,15,273,-258
111900150,27,196,-169
111900151,4,28,-24
111900152,97,140,-43
111900153,1260,655,605
111900154,22,305,-283
111900155,62,92,-30
111900156,104,74,30
111900157,134,36,98
111900158,614,101,513
111900159,309,26,283
111900160,345,1,344
111900161,166,9,157
111900162,118,166,-48
111900163,45,208,-163
111900164,141,75,66
111901113,548,192,356
111901114,216,244,-28
111901115,71,5,66
111901116,52,4,48
111901117,29,25,4
111901118,46,196,-150
111901119,692,67,625
111901120,93,188,-95
111901121,177,147,30
111901122,9,388,-379
111901123,208,248,-40
111901124,236,4,232
111901125,480,196,284
111901126,176,112,64
111901127,548,628,-80
111901128,14,115,-101
111901129,5,155,-150
111901130,14,155,-141
111901131,3,230,-227
111901132,77,23,54
111901133,44,2,42
111901134,69,10,59
111901135,44,11,33
111901136,56,73,-17
111901137,1,54,-53
111901138,214,58,156
111901139,27,37,-10
111901140,10,94,-84
111901141,9,164,-155
111901142,16,74,-58
111901143,11,120,-109
111901144,55,35,20
111901145,181,338,-157
111901146,428,32,396
112000001,2010,820,1190
112000002,666,2134,-1468
112000003,1460,1089,371
112000004,678,982,-304
112000005,3212,3315,-103
112000006,1930,1753,177
112000007,3331,2424,907
112000008,2731,3894,-1163
112000009,3149,2914,235
112000010,3201,3709,-508
112000011,1666,1629,37
112000012,4822,5069,-247
112000013,4141,3499,642
112000014,2873,2887,-14
112000015,3810,3985,-175
112000016,5029,1708,3321
112000017,2274,3223,-949
112000024,2282,1104,1178
112000026,3509,4064,-555
112000027,989,721,268
112000028,1262,1689,-427
112000029,739,770,-31
112000030,161,98,63
112000031,1771,5490,-3719
112000032,400,61,339
112000033,1985,2533,-548
112000034,319,102,217
112000035,130,535,-405
112000036,851,1311,-460
112000037,1241,907,334
112000038,1712,1094,618
112000039,83,98,-15
112000040,116,287,-171
112000041,425,467,-42
112000042,1192,535,657
112000050,1402,1493,-91
112000051,1186,1503,-317
112000054,1784,1970,-186
112000057,699,460,239
112000058,464,805,-341
112000059,629,1092,-463
112000061,2910,2219,691
112000062,1600,1010,590
112000063,1216,1889,-673
112000064,4274,5383,-1109
112000065,1713,2481,-768
112000066,4336,1420,2916
112000067,813,747,66
112000068,3661,2528,1133
112000069,819,1850,-1031
112000070,2326,948,1378
112000071,1272,2768,-1496
112000072,2785,997,1788
112000073,2145,2639,-494
112000074,1839,1408,431
112000075,1589,1294,295
112000076,3780,2813,967
112000077,953,486,467
112000078,1985,762,1223
112000079,1532,1409,123
112000080,749,793,-44
112000081,1263,2375,-1112
112000082,1483,859,624
112000083,559,1231,-672
112000084,1403,857,546
112000085,1200,944,256
112000086,1944,1162,782
112000087,528,316,212
112000088,940,465,475
112000089,299,282,17
112000090,236,314,-78
112000091,596,940,-344
112000092,2197,1207,990
112000093,1576,872,704
112000094,772,915,-143
112000095,687,787,-100
112000096,648,581,67
112000097,1554,910,644
112000098,1208,1171,37
112000099,920,1942,-1022
112000100,2083,873,1210
112000101,570,1032,-462
112000102,1387,519,868
112000103,413,1059,-646
112000105,504,1481,-977
112000106,1700,431,1269
112000107,34,301,-267
112000108,243,1431,-1188
112000109,122,78,44
112000110,2060,678,1382
112000111,1180,3828,-2648
112000112,4502,787,3715
112000113,1026,1805,-779
112000114,3137,1143,1994
112000115,432,508,-76
112000116,906,1294,-388
112000117,1077,828,249
112000118,1118,859,259
112000119,509,661,-152
112000120,109,338,-229
112000121,164,410,-246
112000122,332,146,186
112000123,859,217,642
112000124,348,92,256
112000125,298,268,30
112000126,329,422,-93
112000127,2803,2768,35
112000128,949,977,-28
112000129,152,89,63
112000130,212,95,117
112000131,59,280,-221
112000132,152,264,-112
112000133,441,205,236
112000134,535,397,138
112000135,1862,728,1134
112000136,1388,1312,76
112000137,2699,1929,770
112000138,2520,1459,1061
112000139,1134,643,491
112000140,1085,1297,-212
112000141,971,331,640
112000142,170,614,-444
112000143,1226,236,990
112000144,341,1132,-791
112000145,2579,624,1955
112000146,626,1727,-1101
112000147,2615,2052,563
112000148,1876,2166,-290
112000149,691,636,55
112000150,231,682,-451
112000151,315,405,-90
112000152,556,440,116
112000153,194,277,-83
112000154,137,223,-86
112000155,154,125,29
112000157,890,641,249
112000158,354,446,-92
112000159,608,412,196
112000167,537,116,421
112000169,373,559,-186
112000173,832,306,526
112000175,448,376,72
112000176,2984,2265,719
112000177,890,291,599
112000178,127,424,-297
112000179,277,113,164
112000180,376,422,-46
112000181,1503,1875,-372
112000182,1501,1710,-209
112000183,55,69,-14
112000184,437,420,17
112000185,635,464,171
112000187,4272,2855,1417
112000195,152,24,128
112000196,229,4,225
112000197,233,210,23
112000198,57,264,-207
112000199,1094,935,159
112000202,474,2,472
112000216,96,222,-126
112000230,120,9,111
112000231,3,235,-232
112000256,79,261,-182
112000313,76,126,-50
112000314,72,39,33
112000337,409,655,-246
112000352,427,459,-32
112000392,1522,1394,128
112000398,1400,991,409
112000399,1637,2298,-661
112000400,1759,2659,-900
112000401,2620,2561,59
112000402,4049,3655,394
112000403,1805,3122,-1317
112000404,842,940,-98
112000405,2155,2830,-675
112000406,3335,2123,1212
112000407,7716,8843,-1127
112000408,7485,6053,1432
112000409,1680,3939,-2259
112000410,560,443,117
112000411,3703,2133,1570
112000412,1536,780,756
112000413,7602,6568,1034
112000414,100,67,33
112000415,103,67,36
112000416,2630,1538,1092
112000417,260,87,173
112000421,73,149,-76
112000422,388,369,19
112000424,2150,2840,-690
112000425,473,687,-214
112000426,177,382,-205
112000427,2,30,-28
112000428,261,281,-20
112000429,2328,2442,-114
112000430,2705,3046,-341
112000431,118,163,-45
112000432,735,1131,-396
112000433,532,1009,-477
112000437,47,161,-114
112900001,95,3,92
112900002,539,769,-230
112900003,97,366,-269
112900004,89,303,-214
112900005,324,214,110
112900006,11,324,-313
112900007,69,187,-118
112900008,1,35,-34
112900009,483,136,347
112900010,429,853,-424
112900011,212,210,2
112900012,2,43,-41
112900013,16,282,-266
112900014,2,325,-323
112900015,480,783,-303
112900016,37,248,-211
112900017,40,225,-185
112900018,2,190,-188
112900019,59,191,-132
112900020,425,1117,-692
112900021,4,225,-221
112900022,12,77,-65
112900023,0,150,-150
112900024,21,256,-235
112900025,104,290,-186
112900026,8,217,-209
112900027,2,863,-861
112900028,22,132,-110
112900029,25,452,-427
112900030,86,127,-41
112900031,4,413,-409
112900032,323,269,54
112900034,1,57,-56
112900035,5,387,-382
112900036,48,147,-99
112900037,206,227,-21
112900038,695,237,458
112900039,17,240,-223
112900040,4,454,-450
112900041,867,1466,-599
112900042,66,343,-277
112900043,57,60,-3
112900044,554,588,-34
112900045,253,311,-58
112900046,243,77,166
112900047,6,21,-15
112900049,331,104,227
112900050,47,615,-568
112900051,310,578,-268
112900052,37,701,-664
112900053,367,146,221
112900054,218,84,134
112900055,177,47,130
112900056,464,262,202
112900057,46,502,-456
112900058,460,437,23
112900059,223,130,93
112900060,41,186,-145
112900061,97,136,-39
112900062,77,145,-68
112900063,142,19,123
112900064,202,186,16
112900065,71,55,16
112900066,370,254,116
112900067,383,203,180
112900068,94,77,17
112900069,1782,914,868
112900071,53,6,47
112900072,182,2034,-1852
112900073,511,137,374
112900074,121,313,-192
112900075,1423,1106,317
112900076,135,60,75
112900078,398,483,-85
112900079,253,44,209
112900080,115,6,109
112900081,80,207,-127
112900082,617,26,591
112900083,123,174,-51
112900084,251,134,117
112900085,1,7,-6
112900086,82,2,80
112900087,906,197,709
112900088,215,60,155
112900089,1391,64,1327
112900090,55,43,12
112900091,258,7,251
112900092,211,378,-167
112900093,1545,45,1500
112900094,133,4,129
112900095,82,1,81
112900096,599,266,333
112900097,148,396,-248
112900098,260,2,258
112900099,951,38,913
112900100,114,1,113
112900101,425,6,419
112900102,171,14,157
112900103,263,9,254
112900104,27,0,27
112900105,27,0,27
112900106,569,162,407
112900107,14,0,14
112900108,32,5,27
112900109,138,1,137
112900110,1445,40,1405
112900111,823,9,814
112900112,386,7,379
112900113,0,10,-10
112900114,165,36,129
112900115,1445,5,1440
112900116,173,46,127
112900117,132,133,-1
112900118,47,93,-46
112900119,172,4,168
112900120,997,382,615
112900121,127,203,-76
112900122,27,142,-115
112900123,143,21,122
112900124,26,112,-86
112900125,122,750,-628
112900126,186,234,-48
112900127,445,148,297
112900128,334,806,-472
112900129,2,841,-839
112900130,314,98,216
112900131,30,282,-252
112900132,236,563,-327
112900133,45,1240,-1195
112900134,2,279,-277
112900135,100,58,42
112900136,0,38,-38
112900137,2,532,-530
112900138,9,237,-228
112900139,221,1297,-1076
112900140,0,113,-113
112900141,952,88,864
112900142,115,190,-75
112900143,42,582,-540
112900144,3,237,-234
112900145,32,428,-396
112900146,16,1127,-1111
112900147,3,1420,-1417
112900148,88,5,83
112900149,318,576,-258
112900151,27,62,-35
112900152,4141,939,3202
112900153,1947,2730,-783
112900154,1,199,-198
112900155,285,61,224
112900156,452,1259,-807
112900157,357,11,346
112900158,121,20,101
112900159,262,154,108
112900160,84,308,-224
112900161,138,71,67
112900162,44,19,25
112900163,131,81,50
112900164,40,214,-174
112900165,196,60,136
112900166,34,85,-51
112900167,6,53,-47
112900168,11,2,9
112900169,17,9,8
112900170,223,153,70
112900172,64,21,43
112900173,219,116,103
112900174,339,46,293
112900175,141,183,-42
112900176,15,87,-72
112900177,248,70,178
112900178,1012,2783,-1771
112900179,33,505,-472
112900180,2294,1777,517
112900181,767,4,763
112900182,44,927,-883
112900183,211,420,-209
112900184,480,682,-202
112900185,397,863,-466
112900186,1561,1466,95
112900187,138,605,-467
112900188,672,751,-79
112900189,21,48,-27
112900190,14,37,-23
112900192,880,880,0
112900193,1786,450,1336
112900194,44,83,-39
112900195,1226,72,1154
112900196,250,340,-90
112900197,276,504,-228
112900199,726,485,241
112900200,574,235,339
112900201,187,126,61
112900202,477,816,-339
112900203,308,277,31
112900204,1041,779,262
112900205,14,3,11
112900206,31,93,-62
112900207,13,0,13
112900208,123,399,-276
112900209,432,377,55
112900210,2,16,-14
112900211,134,28,106
112900212,1,121,-120
112900213,55,14,41
112900214,29,21,8
112900215,25,214,-189
112900216,25,91,-66
112900217,1,60,-59
112900218,136,16,120
112900219,242,1,241
112900220,6,0,6
112900221,99,95,4
112900222,1,44,-43
112900223,1256,50,1206
112900224,466,540,-74
112900225,481,378,103
112900226,426,524,-98
112900227,853,917,-64
112900228,85,48,37
112900229,320,57,263
112900230,7791,5265,2526
112900232,420,373,47
112900233,58,196,-138
112900234,50,94,-44
112900235,110,26,84
112900236,323,17,306
112900237,249,136,113
112900238,7,35,-28
112900239,610,372,238
113000001,6491,4604,1887
113000002,4089,4037,52
113000003,2078,1454,624
113000004,1592,2365,-773
113000005,2082,1107,975
113000006,1244,1608,-364
113000007,2485,1395,1090
113000008,1908,1872,36
113000009,1397,806,591
113000010,1374,1490,-116
113000011,825,1854,-1029
113000012,2194,782,1412
113000013,1399,718,681
113000014,1632,1824,-192
113000015,579,359,220
113000016,433,1104,-671
113000017,87,391,-304
113000018,492,61,431
113000019,382,422,-40
113000020,556,98,458
113000021,1275,619,656
113000022,747,1115,-368
113000025,201,459,-258
113000026,544,678,-134
113000027,686,792,-106
113000028,934,780,154
113000029,1159,832,327
113000030,552,948,-396
113000031,333,441,-108
113000032,390,412,-22
113000033,442,598,-156
113000034,503,492,11
113000035,50,61,-11
113000036,38,77,-39
113000037,86,36,50
113000038,26,75,-49
113000039,121,450,-329
113000040,56,103,-47
113000042,965,665,300
113000051,1045,2379,-1334
113000052,2135,888,1247
113000053,521,452,69
113000054,473,793,-320
113000055,1141,611,530
113000056,1257,969,288
113000058,784,959,-175
113000059,1328,683,645
113000060,259,575,-316
113000061,529,787,-258
113000062,928,348,580
113000063,257,106,151
113000064,48,310,-262
113000065,110,710,-600
113000066,871,110,761
113000067,2317,1358,959
113000068,411,1239,-828
113000069,616,1176,-560
113000070,2790,1161,1629
113000071,524,680,-156
113000072,857,557,300
113000073,415,1526,-1111
113000074,1165,542,623
113000075,2057,742,1315
113000076,647,2151,-1504
113000077,1401,808,593
113000078,987,2754,-1767
113000079,676,926,-250
113000080,666,876,-210
113000081,935,1100,-165
113000082,1393,1064,329
113000083,604,976,-372
113000084,1681,1307,374
113000085,1039,768,271
113000086,1281,1309,-28
113000087,1142,996,146
113000088,2482,1517,965
113000089,1048,1645,-597
113000090,398,723,-325
113000091,602,386,216
113000094,1423,281,1142
113000095,212,876,-664
113000096,139,846,-707
113000097,1331,451,880
113000098,168,62,106
113000099,1255,453,802
113000100,166,486,-320
113000101,442,770,-328
113000102,850,527,323
113000103,1614,427,1187
113000104,542,1852,-1310
113000105,879,618,261
113000106,364,515,-151
113000107,932,765,167
113000108,659,1147,-488
113000109,549,1741,-1192
113000110,1808,492,1316
113000111,98,697,-599
113000112,251,304,-53
113000113,1544,438,1106
113000114,309,1590,-1281
113000116,675,406,269
113000117,953,158,795
113000118,125,636,-511
113000119,326,390,-64
113000120,76,292,-216
113000121,715,1035,-320
113000124,288,138,150
113000125,114,890,-776
113000127,2412,437,1975
113000128,616,768,-152
113000129,823,943,-120
113000133,2288,2207,81
113000134,8,1057,-1049
113000135,5348,4725,623
113000137,2098,4187,-2089
113000139,529,339,190
113000140,236,333,-97
113000141,378,327,51
113000142,749,1645,-896
113000143,374,345,29
113000144,412,852,-440
113000145,79,188,-109
113000146,183,108,75
113000147,181,150,31
113000148,218,172,46
113000149,144,151,-7
113000150,696,427,269
113000151,109,53,56
113000152,46,123,-77
113000153,1693,720,973
113000154,1225,1898,-673
113000155,477,722,-245
113000156,241,468,-227
113000157,377,958,-581
113000158,841,325,516
113000159,1293,788,505
113000160,729,1132,-403
113000161,329,519,-190
113000162,1038,489,549
113000163,145,72,73
113000164,28,111,-83
113000166,202,118,84
113000167,72,118,-46
113000168,111,166,-55
113000169,274,97,177
113000170,115,92,23
113000171,47,135,-88
113000172,349,114,235
113000173,85,51,34
113000174,178,459,-281
113000175,501,121,380
113000176,678,166,512
113000177,211,502,-291
113000178,299,347,-48
113000179,325,244,81
113000180,686,1018,-332
113000181,1005,913,92
113000182,198,540,-342
113000183,151,545,-394
113000184,31,138,-107
113000189,596,1016,-420
113000190,1230,782,448
113000192,1317,2742,-1425
113000193,4239,1728,2511
113000194,1479,1308,171
113000195,2760,1285,1475
113000196,171,82,89
113000197,1638,1247,391
113000198,105,308,-203
113000199,1753,508,1245
113000201,300,290,10
113000202,4083,1320,2763
113000203,276,135,141
113000204,1393,2654,-1261
113000205,28,38,-10
113000206,11,55,-44
113000207,106,30,76
113000208,59,62,-3
113000209,17,40,-23
113000210,20,18,2
113000211,202,243,-41
113000212,100,34,66
113000213,50,165,-115
113000214,165,257,-92
113000234,304,921,-617
113000410,194,260,-66
113000411,2851,5011,-2160
113000412,6280,2770,3510
113000413,2825,3506,-681
113000414,6868,15881,-9013
113000415,2501,3439,-938
113000416,9119,4894,4225
113000417,3018,3607,-589
113000418,5153,4277,876
113000419,2186,2969,-783
113000420,5122,7428,-2306
113000421,4911,7343,-2432
113000422,13337,13042,295
113000423,2593,6349,-3756
113000424,3424,8964,-5540
113000425,5,104,-99
113000428,202,131,71
113000430,30,764,-734
113000432,2177,221,1956
113000433,79,706,-627
113000434,22,153,-131
113000435,41,448,-407
113000436,38,1077,-1039
113000437,1252,21,1231
113000438,355,17,338
113000439,17,125,-108
113000440,196,52,144
113000441,318,230,88
113000442,175,172,3
113000443,338,236,102
113000444,229,189,40
113000445,165,109,56
113000446,25,72,-47
113000448,196,194,2
113000449,228,905,-677
113000450,746,2183,-1437
113000451,1214,196,1018
113000452,440,445,-5
113000453,34,389,-355
113000454,721,69,652
113000455,13,335,-322
113000456,4473,3388,1085
113000468,1632,305,1327
113000469,187,233,-46
113000470,405,38,367
113000471,21,401,-380
113000472,115,341,-226
113000474,669,622,47
113000475,1448,1801,-353
113000476,1451,1928,-477
113000477,3367,2045,1322
113000478,3989,5467,-1478
113000479,117,145,-28
113000480,123,208,-85
113000485,6,2,4
113000486,11,1,10
113000487,2,4,-2
113000488,2,2,0
113000489,0,0,0
113000490,0,69,-69
113000491,25,14,11
113000492,0,1,-1
113000493,2,2,0
113000495,169,197,-28
113000496,180,130,50
113000497,0,0,0
113000499,0,0,0
113000500,0,3,-3
113900001,1,222,-221
113900002,2,86,-84
113900003,1,69,-68
113900004,2,49,-47
113900005,0,73,-73
113900006,2,32,-30
113900007,60,30,30
113900008,34,0,34
113900009,143,0,143
113900010,116,2,114
113900011,62,2,60
113900012,35,2,33
113900013,308,3,305
113900014,667,2,665
113900015,0,86,-86
113900016,56,1,55
113900017,2,82,-80
113900018,533,296,237
113900019,187,69,118
113900020,196,7,189
113900022,31,1,30
113900023,26,0,26
113900024,53,70,-17
113900025,329,38,291
113900026,116,2,114
113900027,7,125,-118
113900028,37,396,-359
113900029,88,193,-105
113900030,239,1,238
113900031,25,3,22
113900032,38,4,34
113900033,70,105,-35
113900035,69,3,66
113900036,28,121,-93
113900037,248,435,-187
113900038,31,141,-110
113900039,187,26,161
113900040,20,18,2
113900041,10,5,5
113900042,97,50,47
113900043,187,150,37
113900044,293,296,-3
113900045,106,4,102
113900046,356,890,-534
113900047,90,146,-56
113900048,185,148,37
113900049,537,338,199
113900050,271,518,-247
113900051,262,373,-111
113900052,236,172,64
113900053,849,587,262
113900054,59,2,57
113900055,111,550,-439
113900056,118,247,-129
113900057,12,153,-141
113900058,68,147,-79
113900059,282,373,-91
113900060,150,318,-168
113900061,942,291,651
113900062,140,29,111
113900063,181,230,-49
113900064,40,125,-85
113900065,448,18,430
113900066,398,336,62
113900067,195,314,-119
113900068,572,517,55
113900069,86,65,21
113900070,240,724,-484
113900071,103,91,12
113900072,88,175,-87
113900073,276,415,-139
113900074,208,418,-210
113900075,1406,1479,-73
113900076,230,22,208
113900077,88,206,-118
113900078,68,90,-22
113900079,2,58,-56
113900080,640,243,397
113900081,89,203,-114
113900082,166,276,-110
113900083,566,497,69
113900084,295,122,173
113900085,52,278,-226
113900086,45,21,24
113900087,107,237,-130
113900088,82,103,-21
113900089,512,59,453
113900090,944,454,490
113900091,19,22,-3
113900092,56,105,-49
113900093,93,738,-645
113900094,575,469,106
113900095,189,153,36
113900096,369,114,255
113900097,49,102,-53
113900098,867,99,768
113900099,1,50,-49
113900100,0,6,-6
113900101,25,98,-73
113900102,198,185,13
113900103,405,359,46
113900104,153,210,-57
113900105,174,196,-22
113900106,0,67,-67
113900107,3,44,-41
113900108,248,312,-64
113900109,475,226,249
113900110,76,17,59
113900111,212,122,90
113900112,157,95,62
113900113,1018,530,488
113900114,3,72,-69
113900115,2,83,-81
113900116,182,174,8
113900117,148,54,94
113900118,295,513,-218
113900119,202,576,-374
113900120,80,58,22
113900121,75,125,-50
113900122,564,2381,-1817
113900123,594,213,381
113900124,3,85,-82
113900125,1023,140,883
113900126,186,52,134
113900127,381,916,-535
113900128,170,86,84
113900129,22,188,-166
113900130,3,71,-68
113900131,329,117,212
113900132,66,90,-24
113900133,52,58,-6
113900135,345,409,-64
113900136,150,97,53
113900137,417,290,127
113900138,71,371,-300
113900139,366,191,175
113900140,312,501,-189
113900141,634,334,300
113900142,192,59,133
113900143,19,52,-33
113900144,245,361,-116
113900145,469,213,256
113900146,178,76,102
113900148,197,295,-98
113900149,217,113,104
113900150,725,677,48
113900151,536,237,299
113900152,35,47,-12
113900153,415,715,-300
113900154,9,180,-171
113900155,225,257,-32
113900156,189,384,-195
113900157,81,307,-226
113900158,409,632,-223
113900159,25,323,-298
113900160,530,543,-13
113900161,88,290,-202
113900162,616,1176,-560
113900163,448,373,75
113900164,333,57,276
113900165,777,543,234
113900166,337,274,63
113900167,336,50,286
113900168,122,122,0
113900169,233,388,-155
113900171,285,99,186
113900172,15,189,-174
113900173,68,505,-437
113900174,576,641,-65
113900175,558,159,399
113900176,427,457,-30
113900177,448,293,155
113900178,645,166,479
113900179,34,435,-401
113900180,204,129,75
113900181,741,154,587
113900182,942,1018,-76
113900183,74,123,-49
113900184,17,432,-415
113900185,214,138,76
113900186,58,66,-8
113900187,48,188,-140
113900188,76,245,-169
113900189,351,156,195
113900190,296,136,160
113900191,157,252,-95
113900192,11,741,-730
113900193,36,207,-171
113900194,1811,1046,765
113900195,214,444,-230
113900196,29,176,-147
113900197,3,186,-183
113900198,49,266,-217
113900199,262,839,-577
113900200,33,319,-286
113900201,3,199,-196
113900202,85,368,-283
113900203,0,108,-108
113900204,87,527,-440
113900205,18,242,-224
113900206,5,152,-147
113900207,5,52,-47
113900208,2,79,-77
113900209,1,92,-91
113900210,660,935,-275
113900211,248,93,155
113900212,182,498,-316
113900214,622,599,23
113900215,73,135,-62
113900216,125,862,-737
113900217,141,239,-98
113900218,183,80,103
113900219,162,516,-354
113900220,201,151,50
113900221,496,366,130
113900222,341,618,-277
113900223,198,805,-607
113900224,107,65,42
113900225,788,258,530
113900226,474,191,283
113900227,612,348,264
113900228,383,636,-253
113900229,81,943,-862
113900230,4440,4386,54
113900231,197,198,-1
113900232,167,113,54
113900233,147,85,62
113900234,503,552,-49
113900235,184,57,127
113900236,217,310,-93
113900237,222,13,209
113900238,349,563,-214
113900239,64,114,-50
113900240,9,218,-209
113900241,115,80,35
113900242,51,233,-182
113900243,138,446,-308
113900244,416,243,173
113900245,1503,419,1084
113900246,22,33,-11
113900247,169,581,-412
113900248,2741,2039,702
113900249,880,441,439
113900250,93,151,-58
113900251,791,157,634
113900252,611,34,577
113900253,886,101,785
113900254,1012,177,835
113900255,552,38,514
113900256,378,42,336
113900257,40,437,-397
113900258,26,387,-361
113900259,670,156,514
113900260,275,18,257
113900261,22,104,-82
113900262,174,630,-456
113900263,227,742,-515
113900264,7,480,-473
113900265,268,467,-199
113900266,57,192,-135
113900267,127,643,-516
113900268,389,571,-182
113900269,62,185,-123
113900270,239,798,-559
113900271,968,1066,-98
113900273,46,14,32
113900274,86,42,44
113900275,61,84,-23
113900276,1,164,-163
113900277,119,3,116
113900278,298,215,83
113900279,120,130,-10
113900280,1536,787,749
113900281,772,1743,-971
113900282,1023,763,260
113900283,503,580,-77
113900284,944,414,530
113900285,202,117,85
113900286,131,145,-14
113900287,58,101,-43
113900288,5,154,-149
113900289,1039,152,887
113900290,293,307,-14
113900291,134,183,-49
113900292,11,2,9
113900293,3,194,-191
113900294,475,34,441
113900295,553,520,33
113900296,2013,421,1592
113900297,2693,65,2628
113900298,23,1741,-1718
113900299,116,140,-24
113900300,5667,4363,1304
113900301,1262,642,620
113900302,2347,1233,1114
113900303,577,522,55
113900304,3,103,-100
113900305,154,1,153
113900306,81,3,78
113900307,26,0,26
113900308,101,160,-59
113900309,5,719,-714
113900310,1,15,-14
113900311,17,1,16
113900312,253,329,-76
113900313,20,14,6
114000001,1229,2615,-1386
114000002,382,332,50
114000003,93,319,-226
114000004,392,394,-2
114000005,290,250,40
114000006,2726,2396,330
114000007,938,1484,-546
114000008,1756,2174,-418
114000009,866,279,587
114000011,2848,2432,416
114000012,2406,1685,721
114000013,1736,1435,301
114000014,472,318,154
114000015,2307,384,1923
114000016,276,327,-51
114000017,129,470,-341
114000018,249,34,215
114000026,1959,1293,666
114000027,3571,2031,1540
114000028,2646,2744,-98
114000038,415,211,204
114000039,86,56,30
114000040,151,252,-101
114000042,192,194,-2
114000043,51,86,-35
114000044,256,56,200
114000045,58,84,-26
114000046,3547,5097,-1550
114000047,12,92,-80
114000048,112,66,46
114000049,1875,1973,-98
114000050,1807,2241,-434
114000051,3290,2374,916
114000052,4012,2342,1670
114000053,109,731,-622
114000054,264,872,-608
114000055,233,46,187
114000056,1276,1057,219
114000057,5150,2631,2519
114000058,688,1814,-1126
114000059,486,378,108
114000060,728,940,-212
114000061,3220,3508,-288
114000062,2594,2062,532
114000063,2748,1859,889
114000064,6400,4393,2007
114000065,1678,2587,-909
114000066,394,578,-184
114000067,38,942,-904
114000068,616,844,-228
114000069,1234,649,585
114000070,2491,2078,413
114000071,860,588,272
114000072,679,280,399
114000073,16,69,-53
114000074,54,28,26
114000075,45,105,-60
114000076,26,102,-76
114000077,21,41,-20
114000078,594,653,-59
114000079,160,27,133
114000080,105,96,9
114000081,74,85,-11
114000082,50,427,-377
114000083,80,348,-268
114000084,368,103,265
114000085,120,734,-614
114000086,311,471,-160
114000087,180,187,-7
114000088,53,39,14
114000089,987,404,583
114000090,1027,938,89
114000091,1828,983,845
114000092,1200,651,549
114000093,1613,817,796
114000094,358,340,18
114000095,303,158,145
114000096,121,444,-323
114000097,116,613,-497
114000098,615,106,509
114000099,783,584,199
114000100,1649,652,997
114000101,511,787,-276
114000102,640,299,341
114000103,185,350,-165
114000104,105,266,-161
114000105,269,93,176
114000106,923,1325,-402
114000107,437,179,258
114000108,1275,945,330
114000109,591,1062,-471
114000110,650,1338,-688
114000111,1996,895,1101
114000112,508,1669,-1161
114000113,1232,566,666
114000114,1373,1235,138
114000115,2142,1295,847
114000116,1177,670,507
114000117,3404,481,2923
114000118,2857,499,2358
114000119,1889,540,1349
114000120,509,650,-141
114000121,410,791,-381
114000122,393,292,101
114000123,2417,362,2055
114000124,992,304,688
114000125,809,1108,-299
114000126,1854,282,1572
114000127,254,138,116
114000128,840,370,470
114000130,489,555,-66
114000131,340,114,226
114000132,722,500,222
114000133,1074,1523,-449
114000134,111,142,-31
114000138,51,204,-153
114000139,583,350,233
114000144,1254,626,628
114000145,128,204,-76
114000146,154,287,-133
114000147,1733,2132,-399
114000148,2042,1926,116
114000149,388,280,108
114000150,602,794,-192
114000151,945,1506,-561
114000152,180,44,136
114000153,893,2508,-1615
114000154,814,886,-72
114000155,1447,2420,-973
114000156,832,669,163
114000157,287,1069,-782
114000158,1851,859,992
114000159,198,554,-356
114000160,136,590,-454
114000161,1505,3674,-2169
114000162,1307,3234,-1927
114000163,14,123,-109
114000165,754,378,376
114000166,893,496,397
114000167,3182,1594,1588
114000168,873,756,117
114000169,1696,1819,-123
114000170,1148,1257,-109
114000171,1581,1998,-417
114000174,261,567,-306
114000176,478,577,-99
114000177,1757,934,823
114000178,72,78,-6
114000179,1120,760,360
114000180,548,750,-202
114000181,2129,4223,-2094
114000182,3283,2629,654
114000183,785,740,45
114000184,499,1172,-673
114000185,1270,898,372
114000189,1171,197,974
114000190,2962,402,2560
114000191,52,106,-54
114000192,227,1239,-1012
114000193,621,2358,-1737
114000194,1246,805,441
114000195,177,31,146
114000196,5,229,-224
114000197,1303,17,1286
114000198,883,374,509
114000199,2098,1796,302
114000200,572,1924,-1352
114000201,159,853,-694
114000202,1003,538,465
114000203,509,512,-3
114000204,197,430,-233
114000205,182,1328,-1146
114000206,703,1213,-510
114000207,568,1643,-1075
114000208,517,2370,-1853
114000209,719,1949,-1230
114000210,283,1077,-794
114000211,888,1389,-501
114000212,721,799,-78
114000213,1202,481,721
114000214,128,222,-94
114000215,272,132,140
114000216,1425,300,1125
114000217,372,207,165
114000218,165,230,-65
114000219,1224,214,1010
114000220,22,809,-787
114000221,802,175,627
114000222,172,900,-728
114000223,511,144,367
114000224,99,513,-414
114000225,259,608,-349
114000226,210,255,-45
114000227,710,447,263
114000228,890,763,127
114000229,1203,1263,-60
114000230,1695,1241,454
114000231,1028,1317,-289
114000232,749,144,605
114000233,2321,167,2154
114000234,912,829,83
114000235,1103,1090,13
114000236,0,396,-396
114000237,120,885,-765
114000238,121,151,-30
114000239,179,1090,-911
114000240,887,888,-1
114000241,256,784,-528
114000242,851,784,67
114000243,1561,817,744
114000244,642,385,257
114000245,367,696,-329
114000246,88,52,36
114000247,636,638,-2
114000248,1205,507,698
114000249,460,402,58
114000250,595,777,-182
114000251,529,268,261
114000252,103,70,33
114000253,62,188,-126
114000254,55,80,-25
114000255,613,257,356
114000256,1714,2607,-893
114000257,388,1094,-706
114000258,236,343,-107
114000259,93,194,-101
114000260,0,24,-24
114000261,43,41,2
114000262,377,128,249
114000263,7,5,2
114000264,1389,525,864
114000265,0,0,0
114000267,5,1232,-1227
114000268,2,1287,-1285
114000270,117,1,116
114000271,359,70,289
114000283,1281,449,832
114000285,36,213,-177
114000288,90,310,-220
114000289,1246,130,1116
114000293,226,433,-207
114000294,236,415,-179
114000395,1122,66,1056
114000396,767,620,147
114000402,595,322,273
114000403,360,423,-63
114000405,177,367,-190
114000423,396,352,44
114000424,480,208,272
114000425,813,406,407
114000426,364,779,-415
114000427,57,95,-38
114000428,172,246,-74
114000429,18,215,-197
114000432,93,99,-6
114000434,35,76,-41
114000435,1,119,-118
114000436,2694,932,1762
114000437,569,3165,-2596
114900001,902,908,-6
114900002,676,168,508
114900003,844,1333,-489
114900004,288,445,-157
114900005,604,766,-162
114900006,134,76,58
114900007,331,38,293
114900008,165,93,72
114900010,1924,2096,-172
114900011,237,149,88
114900013,353,194,159
114900015,132,515,-383
114900018,826,25,801
114900020,269,97,172
114900022,59,613,-554
114900024,326,144,182
114900025,606,222,384
114900026,74,164,-90
114900027,248,262,-14
114900029,15,31,-16
114900030,392,215,177
114900031,460,29,431
114900032,485,57,428
114900033,1021,928,93
114900034,79,214,-135
114900035,107,350,-243
114900036,264,644,-380
114900037,186,176,10
114900038,240,566,-326
114900039,544,559,-15
114900040,100,141,-41
114900041,764,459,305
114900042,973,709,264
114900043,561,299,262
114900044,179,51,128
114900046,48,133,-85
114900047,341,2246,-1905
114900048,119,230,-111
114900049,6,158,-152
114900050,62,380,-318
114900051,28,358,-330
114900052,107,285,-178
114900053,93,254,-161
114900054,47,138,-91
114900057,222,12,210
114900058,0,68,-68
114900059,147,78,69
114900060,1019,1024,-5
114900061,155,164,-9
114900062,267,369,-102
114900063,102,210,-108
114900064,1857,474,1383
114900065,553,829,-276
114900067,201,521,-320
114900068,68,187,-119
114900069,243,142,101
114900070,579,416,163
114900072,20,241,-221
114900073,3,152,-149
114900074,906,584,322
114900075,433,12,421
114900076,32,406,-374
114900080,1866,390,1476
114900082,3559,2704,855
114900083,1148,1218,-70
114900090,414,217,197
114900091,145,196,-51
114900095,296,96,200
114900096,498,799,-301
114900097,187,3,184
114900098,14,207,-193
114900099,299,23,276
115000001,5439,3482,1957
115000002,3642,3989,-347
115000003,5152,2940,2212
115000004,4275,6186,-1911
115000005,1507,2020,-513
115000006,1021,1631,-610
115000007,121,192,-71
115000008,632,599,33
115000009,214,207,7
115000010,294,185,109
115000013,95,155,-60
115000015,70,318,-248
115000016,306,339,-33
115000019,25,474,-449
115000020,135,868,-733
115000021,248,413,-165
115000022,595,472,123
115000023,457,761,-304
115000024,1299,595,704
115000025,1020,938,82
115000026,200,515,-315
115000027,300,387,-87
115000028,260,902,-642
115000029,728,134,594
115000030,1049,1364,-315
115000031,1482,515,967
115000032,12,261,-249
115000033,162,60,102
115000034,121,1230,-1109
115000035,1467,110,1357
115000036,2,436,-434
115000037,765,16,749
115000038,51,232,-181
115000039,3585,3815,-230
115000040,5742,3133,2609
115000041,1364,3913,-2549
115000042,947,711,236
115000043,3900,2267,1633
115000044,3344,3434,-90
115000045,2591,1572,1019
115000046,2480,2359,121
115000047,2289,1526,763
115000048,1607,2017,-410
115000049,1640,2966,-1326
115000050,3280,1808,1472
115000051,1897,2851,-954
115000052,1763,1791,-28
115000053,1942,1768,174
115000054,711,1183,-472
115000055,187,832,-645
115000056,267,611,-344
115000057,632,1293,-661
115000058,602,379,223
115000059,230,102,128
115000061,183,156,27
115000062,203,236,-33
115000063,373,286,87
115000064,186,154,32
115000065,55,485,-430
115000067,213,12,201
115000069,105,345,-240
115000070,46,1013,-967
115000071,144,22,122
115000072,13,84,-71
115000073,1392,71,1321
115000075,97,55,42
115000076,3143,2785,358
115000077,2823,2235,588
115000078,1479,1199,280
115000079,1299,1552,-253
115000080,2519,2188,331
115000081,499,1060,-561
115000082,4481,4057,424
115000083,2303,2168,135
115000084,2728,1107,1621
115000085,925,1001,-76
115000086,1308,961,347
115000087,503,1504,-1001
115000088,2049,813,1236
115000089,1278,1389,-111
115000090,607,819,-212
115000091,262,919,-657
115000092,692,369,323
115000093,579,5,574
115000094,6509,5880,629
115000095,4696,5886,-1190
115000096,913,1320,-407
115000097,1189,941,248
115000098,1113,716,397
115000099,2837,2495,342
115000100,1128,392,736
115000101,429,1451,-1022
115000102,522,272,250
115000103,353,679,-326
115000105,91,148,-57
115000106,727,337,390
115000107,268,359,-91
115000108,3071,2228,843
115000109,4468,5282,-814
115000110,1600,1959,-359
115000111,802,1784,-982
115000112,1014,876,138
115000113,1071,1063,8
115000114,2018,905,1113
115000116,4228,2809,1419
115000117,4263,3547,716
115000118,2483,2166,317
115000119,2190,2830,-640
115000120,629,1568,-939
115000121,1397,1047,350
115000122,4381,2235,2146
115000123,2096,2990,-894
115000124,874,1114,-240
115000125,544,715,-171
115000126,170,373,-203
115000127,476,150,326
115000128,588,820,-232
115000129,328,369,-41
115000130,581,767,-186
115000131,830,237,593
115000132,374,435,-61
115000133,556,267,289
115000134,299,298,1
115000135,262,214,48
115000136,270,284,-14
115000137,120,179,-59
115000138,378,340,38
115000139,260,209,51
115000140,445,247,198
115000141,183,269,-86
115000142,194,237,-43
115000143,778,624,154
115000144,594,103,491
115000145,288,288,0
115000146,501,424,77
115000147,411,472,-61
115000148,373,989,-616
115000149,687,246,441
115000150,809,820,-11
115000151,1182,660,522
115000152,826,984,-158
115000153,1035,656,379
115000154,944,425,519
115000155,774,897,-123
115000156,1290,832,458
115000157,860,878,-18
115000158,694,514,180
115000159,865,824,41
115000160,769,724,45
115000161,517,545,-28
115000162,747,871,-124
115000163,593,760,-167
115000164,623,618,5
115000165,386,584,-198
115000167,158,88,70
115000168,660,373,287
115000169,633,398,235
115000170,117,142,-25
115000171,331,273,58
115000172,1101,676,425
115000173,399,665,-266
115000174,167,299,-132
115000175,183,186,-3
115000176,195,242,-47
115000177,174,287,-113
115000178,20,238,-218
115000179,22,73,-51
115000180,152,480,-328
115000181,815,158,657
115000182,982,364,618
115000183,515,662,-147
115000186,714,283,431
115000187,276,730,-454
115000188,462,543,-81
115000189,255,503,-248
115000190,910,425,485
115000191,246,580,-334
115000194,200,283,-83
115000195,357,452,-95
115000196,221,127,94
115000197,336,275,61
115000198,421,272,149
115000199,431,179,252
115000200,453,135,318
115000201,170,412,-242
115000206,443,99,344
115000207,180,335,-155
115000208,439,635,-196
115000209,704,337,367
115000210,200,137,63
115000211,226,276,-50
115000212,1436,393,1043
115000224,444,46,398
115000225,61,119,-58
115000229,200,152,48
115000230,100,484,-384
115000231,310,1560,-1250
115000232,1886,303,1583
115000233,172,271,-99
115000234,20,274,-254
115000241,128,261,-133
115000242,176,273,-97
115000243,48,196,-148
115000244,13,107,-94
115000246,30,23,7
115000247,36,23,13
115000248,47,43,4
115000249,44,26,18
115000250,243,33,210
115000251,283,126,157
115000252,123,195,-72
115000253,37,483,-446
115000258,352,127,225
115000259,368,190,178
115000261,14,21,-7
115000262,20,26,-6
115000263,12,32,-20
115000264,30,30,0
115000267,82,87,-5
115000268,74,126,-52
115000269,114,55,59
115000270,7,31,-24
115000272,118,172,-54
115000273,463,46,417
115000280,3041,299,2742
115000281,850,833,17
115000282,1600,1008,592
115000284,362,194,168
115000296,1385,20,1365
115000297,193,189,4
115000298,108,455,-347
115000300,218,166,52
115000302,550,146,404
115000303,770,204,566
115000304,934,90,844
115000305,142,750,-608
115000306,220,301,-81
115000307,122,189,-67
115000308,54,28,26
115000309,28,76,-48
115000310,1087,901,186
115000311,1041,1218,-177
115000313,133,632,-499
115000314,573,130,443
115000315,856,479,377
115000316,82,148,-66
115000317,205,499,-294
115000318,882,374,508
115000319,65,358,-293
115000320,15,414,-399
115000321,429,12,417
115000322,46,263,-217
115000449,310,162,148
115000557,4,1325,-1321
115000558,445,136,309
115000587,531,402,129
115000588,1940,2615,-675
115000589,3327,2294,1033
115000590,1109,1490,-381
115000591,1699,805,894
115000592,665,1661,-996
115000593,1407,707,700
115000594,851,2266,-1415
115000609,137,156,-19
115000617,2109,3902,-1793
115000624,335,54,281
115000633,523,2027,-1504
115000634,2659,976,1683
115000635,506,174,332
115000638,833,745,88
115000641,54,141,-87
115000642,391,321,70
115000643,123,516,-393
115000644,251,458,-207
115000646,1068,1911,-843
115000647,241,540,-299
115000648,2075,1752,323
115000893,2596,1501,1095
115000894,148,982,-834
115000895,286,652,-366
115000896,918,379,539
115000897,578,184,394
115000898,861,245,616
115000899,542,1167,-625
115000900,95,323,-228
115000901,47,116,-69
115000912,458,109,349
115000913,4,25,-21
115000915,19,0,19
115000916,10,0,10
115000917,0,11,-11
115000918,111,371,-260
115000919,11,36,-25
115000920,24,59,-35
115000921,781,110,671
115000922,774,770,4
115000923,318,815,-497
115000925,125,101,24
115000927,62,72,-10
115000933,233,205,28
115000934,181,187,-6
115000935,171,88,83
115000936,101,585,-484
115000937,489,140,349
115000938,63,199,-136
115000939,81,136,-55
115900001,115,40,75
115900002,130,149,-19
115900003,257,122,135
115900004,6,67,-61
115900005,228,18,210
115900006,180,259,-79
115900008,60,8,52
115900009,150,271,-121
115900010,399,186,213
115900011,571,273,298
115900012,238,76,162
115900013,546,203,343
115900014,166,163,3
115900015,177,89,88
115900016,152,50,102
115900017,32,9,23
115900018,166,95,71
115900019,520,20,500
115900020,127,2,125
115900021,1207,208,999
115900022,1403,20,1383
115900023,28,21,7
115900025,108,476,-368
115900026,848,256,592
115900027,1,227,-226
115900028,644,73,571
115900029,14,296,-282
115900030,35,46,-11
115900031,355,443,-88
115900032,627,714,-87
115900033,2,61,-59
115900034,51,351,-300
115900035,89,36,53
115900036,94,826,-732
115900037,68,424,-356
115900038,61,24,37
115900039,259,279,-20
115900041,498,670,-172
115900042,22,3,19
115900043,150,101,49
115900044,178,302,-124
115900046,352,273,79
115900047,232,212,20
115900049,167,220,-53
115900051,6,41,-35
115900052,16,242,-226
115900053,320,192,128
115900054,285,28,257
115900055,27,155,-128
115900056,257,247,10
115900057,31,24,7
115900058,58,84,-26
115900060,160,178,-18
115900061,230,3,227
115900062,44,232,-188
115900063,105,10,95
115900064,265,196,69
115900065,168,122,46
115900066,143,144,-1
115900067,15,503,-488
115900068,2808,1033,1775
115900069,101,210,-109
115900070,215,194,21
115900071,1,345,-344
115900072,60,184,-124
115900073,115,105,10
115900074,14,260,-246
115900075,60,286,-226
115900076,1,48,-47
115900077,9,231,-222
115900078,80,132,-52
115900079,240,20,220
115900080,459,236,223
115900081,22,79,-57
115900082,155,174,-19
115900084,502,20,482
115900085,61,69,-8
115900086,1464,622,842
115900088,6,63,-57
115900089,363,640,-277
115900090,386,13,373
115900091,20,39,-19
115900092,20,160,-140
115900093,5,21,-16
115900094,8,256,-248
115900096,11,17,-6
115900097,20,329,-309
115900098,207,358,-151
115900099,112,74,38
115900100,11,497,-486
115900101,164,245,-81
115900102,122,79,43
115900103,368,174,194
115900104,74,103,-29
115900105,462,694,-232
115900106,130,14,116
115900107,152,124,28
115900108,180,37,143
115900109,84,425,-341
115900110,12,22,-10
115900111,4,84,-80
115900112,44,824,-780
115900113,71,37,34
115900114,6,136,-130
115900115,105,310,-205
115900116,92,865,-773
115900117,97,35,62
115900118,7,276,-269
115900119,166,170,-4
115900120,38,338,-300
115900121,196,238,-42
115900124,293,623,-330
115900125,467,46,421
115900126,765,117,648
115900127,739,84,655
115900128,10,128,-118
115900129,770,72,698
115900130,22,199,-177
115900131,322,55,267
115900132,591,12,579
115900134,425,17,408
115900135,438,1377,-939
115900137,86,10,76
115900139,38,76,-38
115900140,352,37,315
115900141,9,56,-47
115900142,10,30,-20
115900143,307,389,-82
115900144,88,240,-152
115900146,33,98,-65
115900147,269,273,-4
115900148,111,9,102
115900149,164,22,142
115900150,91,33,58
115900151,12,135,-123
115900152,147,348,-201
115900153,153,222,-69
115900154,592,410,182
115900155,1,68,-67
115900156,804,828,-24
115900157,201,384,-183
115900158,18,2,16
115900159,149,188,-39
115900160,18,14,4
115900161,88,288,-200
115900163,263,179,84
115900164,639,28,611
115900165,3,179,-176
115900166,320,222,98
115900168,120,192,-72
115900171,159,523,-364
115900172,63,143,-80
115900173,212,166,46
115900174,284,286,-2
115900175,180,213,-33
115900178,5,438,-433
115900179,293,15,278
115900180,53,119,-66
115900181,235,173,62
115900182,480,208,272
115900183,63,70,-7
115900184,1938,19,1919
115900187,15,107,-92
115900189,2,333,-331
115900190,296,1681,-1385
115900191,31,342,-311
115900192,5,159,-154
115900193,186,88,98
115900194,703,102,601
115900195,714,2085,-1371
115900198,262,394,-132
115900199,191,245,-54
115900200,286,365,-79
115900201,544,281,263
115900202,10,79,-69
115900203,8,20,-12
115900204,0,12,-12
115900205,84,49,35
115900206,252,206,46
115900207,52,35,17
115900208,163,154,9
115900209,5,160,-155
115900210,3,122,-119
115900211,3,206,-203
115900212,201,272,-71
115900213,86,102,-16
115900214,549,216,333
115900215,36,228,-192
115900216,17,136,-119
115900217,32,41,-9
115900218,31,40,-9
115900219,129,12,117
115900220,212,9,203
115900221,116,11,105
115900222,74,35,39
115900223,9,474,-465
115900224,1018,1357,-339
115900225,76,63,13
115900226,19,87,-68
115900227,9,55,-46
115900228,16,44,-28
115900229,23,46,-23
115900230,57,122,-65
115900231,122,6,116
115900232,64,6,58
115900233,104,15,89
115900234,50,31,19
115900235,38,52,-14
115900236,47,36,11
115900237,24,29,-5
115900238,55,17,38
115900239,28,41,-13
115900240,8,37,-29
115900241,274,159,115
115900242,296,307,-11
115900243,12,21,-9
115900244,20,22,-2
115900245,60,17,43
115900246,11,18,-7
115900247,37,19,18
115900248,18,9,9
115900249,3,28,-25
115900250,20,53,-33
115900251,6,13,-7
115900252,8,0,8
115900253,15,16,-1
115900254,8,27,-19
115900255,13,21,-8
115900256,19,22,-3
115900257,7,15,-8
115900258,1,0,1
115900259,7,4,3
115900260,13,4,9
115900261,7,5,2
115900262,2,0,2
115900263,15,0,15
115900264,33,10,23
115900265,7,8,-1
115900266,1,28,-27
115900267,12,14,-2
115900268,10,11,-1
115900269,510,454,56
115900270,522,412,110
115900271,130,0,130
115900272,42,0,42
115900273,11,24,-13
115900274,0,15,-15
115900275,2,35,-33
115900276,0,30,-30
115900277,0,56,-56
115900278,46,91,-45
115900279,17,185,-168
115900280,17,523,-506
115900281,282,216,66
115900282,17,6,11
116000001,10723,4577,6146
116000002,5632,10979,-5347
116000003,1610,1710,-100
116000004,2454,3556,-1102
116000005,2406,3063,-657
116000006,2857,2796,61
116000007,2854,3435,-581
116000008,3654,2562,1092
116000009,1669,2202,-533
116000010,2569,1659,910
116000011,783,1857,-1074
116000012,1450,1051,399
116000013,7817,4363,3454
116000014,10762,11536,-774
116000015,404,1781,-1377
116000016,6508,4168,2340
116000017,54,884,-830
116000018,930,385,545
116000019,1138,347,791
116000020,821,1121,-300
116000021,511,331,180
116000022,444,406,38
116000023,1313,814,499
116000024,772,1009,-237
116000025,1008,879,129
116000026,1775,2817,-1042
116000027,847,666,181
116000028,452,869,-417
116000029,768,678,90
116000030,973,530,443
116000031,241,356,-115
116000032,352,187,165
116000033,397,525,-128
116000034,692,768,-76
116000035,421,691,-270
116000036,2010,1589,421
116000037,706,639,67
116000038,577,552,25
116000039,761,503,258
116000040,948,404,544
116000041,237,568,-331
116000042,653,306,347
116000043,107,687,-580
116000044,11,43,-32
116000045,1962,1273,689
116000046,1170,1670,-500
116000047,1631,2169,-538
116000048,2034,1834,200
116000049,1423,3400,-1977
116000050,1587,1378,209
116000051,6523,3159,3364
116000052,5896,5373,523
116000053,2073,848,1225
116000054,860,2967,-2107
116000055,664,999,-335
116000056,907,1211,-304
116000057,3406,1855,1551
116000058,4336,3568,768
116000059,4337,5940,-1603
116000060,2157,1058,1099
116000061,587,1079,-492
116000062,635,230,405
116000063,660,1099,-439
116000066,278,679,-401
116000067,223,415,-192
116000068,258,310,-52
116000069,332,418,-86
116000078,644,1137,-493
116000080,1759,871,888
116000082,6,43,-37
116000083,1602,411,1191
116000084,2273,3974,-1701
116000085,2321,2381,-60
116000086,1749,1034,715
116000087,2050,1705,345
116000088,774,1142,-368
116000089,206,90,116
116000090,103,163,-60
116000091,400,311,89
116000093,1157,431,726
116000094,780,622,158
116000095,929,745,184
116000096,777,1391,-614
116000097,893,728,165
116000098,110,5920,-5810
116000099,5843,250,5593
116000100,305,18,287
116000101,1003,859,144
116000102,245,1193,-948
116000103,462,249,213
116000104,236,1210,-974
116000105,1094,183,911
116000106,361,844,-483
116000107,2188,324,1864
116000108,281,140,141
116000111,154,43,111
116000113,199,193,6
116000114,57,191,-134
116000115,533,154,379
116000116,310,586,-276
116000117,1654,2024,-370
116000118,1640,1266,374
116000119,3645,2075,1570
116000120,3044,3955,-911
116000121,949,694,255
116000122,1395,1770,-375
116000123,1325,475,850
116000124,414,1090,-676
116000125,3278,1046,2232
116000126,323,1425,-1102
116000127,1088,1332,-244
116000128,1983,982,1001
116000129,1491,284,1207
116000130,640,600,40
116000133,1150,796,354
116000134,1822,2122,-300
116000135,2704,1479,1225
116000136,1101,1973,-872
116000137,1154,752,402
116000138,1133,826,307
116000139,1523,2152,-629
116000140,112,174,-62
116000141,358,641,-283
116000142,2751,2240,511
116000143,1628,1507,121
116000144,1304,1596,-292
116000145,1523,959,564
116000146,487,203,284
116000147,200,118,82
116000148,555,534,21
116000149,932,900,32
116000151,408,482,-74
116000153,153,343,-190
116000155,261,281,-20
116000156,1020,1126,-106
116000157,140,32,108
116000158,519,357,162
116000159,23,15,8
116000160,17,71,-54
116000161,9,160,-151
116000162,145,151,-6
116000163,45,19,26
116000164,19,31,-12
116000177,203,120,83
116000194,117,435,-318
116000195,1343,581,762
116000196,16,17,-1
116000197,17,18,-1
116000198,2545,1340,1205
116000200,740,545,195
116000201,734,727,7
116000202,11,275,-264
116000203,8,106,-98
116000204,19,79,-60
116000205,0,156,-156
116000206,3,98,-95
116000207,10,66,-56
116000233,254,527,-273
116000287,158,493,-335
116000288,363,235,128
116000292,78,164,-86
116000296,6,184,-178
116000297,108,17,91
116000304,180,36,144
116000305,12,73,-61
116000346,221,155,66
116000352,109,59,50
116000354,50,25,25
116000357,18,72,-54
116000358,446,67,379
116000361,70,3,67
116000372,4679,4325,354
116000381,126,1,125
116000388,4,44,-40
116000389,1217,667,550
116000445,564,505,59
116000446,699,649,50
116000447,30,577,-547
116000448,550,178,372
116000563,1251,1217,34
116000565,70,459,-389
116000568,54,296,-242
116000579,37,115,-78
116000584,27,13,14
116000585,25,21,4
116000586,134,194,-60
116000587,588,765,-177
116000589,26,54,-28
116000590,103,94,9
116000591,267,235,32
116000592,19,101,-82
116000593,2,57,-55
116000594,635,455,180
116000595,740,151,589
116000596,128,8,120
116000597,531,104,427
116000598,28,155,-127
116000602,86,447,-361
116000605,375,165,210
116000606,158,249,-91
116000607,4,84,-80
116000609,226,926,-700
116000611,186,495,-309
116000612,619,1651,-1032
116000613,801,352,449
116000614,408,538,-130
116000615,4,314,-310
116000616,80,77,3
116000617,119,57,62
116000618,0,64,-64
116000619,61,84,-23
116000620,156,119,37
116000621,66,142,-76
116000622,88,171,-83
116000624,181,101,80
116000627,35,37,-2
116000628,59,230,-171
116000629,23,281,-258
116000630,395,32,363
116000631,136,42,94
116000632,545,232,313
116000633,58,296,-238
116000634,503,18,485
116000635,2381,1944,437
116000636,536,1058,-522
116000637,258,11,247
116000638,7,300,-293
116900001,315,290,25
116900002,214,4,210
116900003,58,66,-8
116900004,70,54,16
116900005,348,87,261
116900006,135,204,-69
116900007,139,228,-89
116900008,550,313,237
116900009,22,8,14
116900010,3,1181,-1178
116900011,15,37,-22
116900012,244,277,-33
116900013,4,218,-214
116900014,152,213,-61
116900015,494,60,434
116900016,200,4,196
116900017,1,548,-547
116900018,116,71,45
116900019,10,326,-316
116900020,1002,1140,-138
116900023,35,20,15
116900024,615,55,560
116900025,1142,934,208
116900026,180,574,-394
116900027,33,66,-33
116900028,9,92,-83
116900029,0,49,-49
116900031,1,4,-3
116900032,12,352,-340
116900033,26,17,9
116900034,35,73,-38
116900035,198,141,57
116900036,5,97,-92
116900038,43,2,41
116900041,56,18,38
116900042,640,245,395
116900043,40,90,-50
116900047,38,187,-149
116900049,53,321,-268
116900050,154,472,-318
116900051,183,204,-21
116900052,198,97,101
116900055,2,10,-8
116900057,25,233,-208
116900058,57,374,-317
116900059,1,171,-170
116900060,262,212,50
116900062,0,11,-11
116900064,124,642,-518
116900065,41,123,-82
116900067,208,109,99
116900068,135,237,-102
116900070,3,5,-2
116900072,37,343,-306
116900073,27,159,-132
116900074,8,49,-41
116900076,12,30,-18
116900077,12,151,-139
116900078,175,109,66
116900079,76,263,-187
116900080,21,40,-19
116900081,492,1157,-665
116900082,460,1122,-662
116900083,62,45,17
116900084,168,78,90
116900085,57,164,-107
116900086,54,216,-162
116900088,476,185,291
116900090,175,56,119
116900091,382,34,348
116900092,108,716,-608
116900093,1839,2380,-541
116900094,4335,3831,504
116900095,236,126,110
116900096,182,434,-252
116900097,2660,3017,-357
116900098,1048,596,452
116900099,948,889,59
116900100,990,65,925
116900101,435,542,-107
116900103,4,0,4
116900104,88,88,0
116900105,288,241,47
116900106,2184,292,1892
116900107,3638,2826,812
116900110,19,2,17
116900111,580,709,-129
116900112,329,982,-653
116900113,2007,1337,670
116900116,280,657,-377
116900117,185,116,69
116900118,859,971,-112
116900120,371,104,267
116900121,132,26,106
116900122,1056,701,355
116900123,259,744,-485
116900124,243,881,-638
116900125,481,244,237
116900126,207,620,-413
116900128,0,54,-54
116900129,1,405,-404
116900130,709,3650,-2941
116900131,181,447,-266
116900132,72,119,-47
116900133,215,176,39
116900134,291,323,-32
116900136,287,254,33
116900137,305,174,131
116900138,251,195,56
116900139,197,459,-262
116900140,251,155,96
116900141,944,602,342
116900142,0,92,-92
116900143,412,385,27
116900144,73,117,-44
116900145,101,252,-151
116900147,674,536,138
116900148,19,69,-50
116900149,115,294,-179
116900150,17,24,-7
116900151,55,22,33
116900153,162,70,92
116900154,683,706,-23
116900155,111,103,8
116900157,689,232,457
116900158,159,330,-171
116900159,85,371,-286
116900160,917,1006,-89
116900161,6202,6889,-687
116900162,12,94,-82
116900163,205,152,53
116900164,100,76,24
116900165,212,332,-120
116900166,59,69,-10
116900167,401,79,322
116900168,407,124,283
116900169,671,653,18
116900170,353,578,-225
116900171,43,178,-135
116900172,238,430,-192
116900173,218,48,170
116900174,85,66,19
116900175,251,222,29
116900178,41,158,-117
116900179,78,377,-299
116900180,113,46,67
116900182,605,264,341
116900183,168,106,62
116900185,36,62,-26
116900186,89,252,-163
116900187,102,75,27
116900188,219,46,173
116900189,113,1,112
116900191,529,704,-175
116900192,360,140,220
116900194,219,1401,-1182
116900195,53,29,24
116900196,21,94,-73
116900197,131,24,107
116900198,242,326,-84
116900200,68,54,14
116900201,175,7,168
116900202,125,59,66
116900203,158,11,147
116900204,59,107,-48
116900206,14,34,-20
116900207,42,46,-4
116900208,7,108,-101
116900209,55,107,-52
116900210,588,379,209
116900211,257,11,246
116900212,66,53,13
116900213,293,168,125
116900214,229,174,55
116900215,76,88,-12
116900216,274,261,13
116900218,15,247,-232
116900219,1194,447,747
116900220,154,284,-130
116900221,130,418,-288
116900222,481,416,65
116900223,157,374,-217
116900226,122,82,40
116900227,185,117,68
116900228,343,236,107
116900230,68,283,-215
116900231,29,324,-295
116900232,14,374,-360
116900233,326,113,213
116900234,67,26,41
116900235,168,298,-130
116900238,1684,403,1281
116900239,2,1470,-1468
116900240,5695,3498,2197
116900241,132,139,-7
116900242,343,684,-341
116900243,9,72,-63
116900245,51,15,36
116900246,139,13,126
116900247,855,20,835
116900248,121,62,59
116900249,384,121,263
116900250,494,54,440
116900251,481,670,-189
116900252,179,720,-541
116900253,136,97,39
116900254,49,76,-27
116900255,211,105,106
116900256,521,185,336
116900257,47,502,-455
116900258,5,224,-219
116900259,248,12,236
116900260,7,110,-103
116900261,61,0,61
116900262,232,185,47
116900263,1,8,-7
116900264,7,1,6
116900265,42,1,41
116900266,17,54,-37
116900267,4,1,3
116900268,281,267,14
116900269,290,611,-321
116900271,1645,252,1393
116900272,386,320,66
116900273,239,104,135
116900274,136,87,49
116900275,171,114,57
116900276,661,186,475
116900277,557,45,512
116900278,3,15,-12
116900279,3,26,-23
116900280,47,36,11
116900281,5594,4570,1024
116900282,19,109,-90
116900283,19,95,-76
116900284,44,207,-163
116900285,287,207,80
116900286,262,26,236
116900287,15,44,-29
116900288,74,131,-57
116900289,14,15,-1
116900290,10,18,-8
116900291,38,21,17
116900292,0,13,-13
116900293,73,106,-33
116900294,46,149,-103
116900295,142,53,89
116900296,95,66,29
116900297,12,107,-95
116900298,112,69,43
116900299,31,94,-63
116900300,20,91,-71
116900301,74,104,-30
116900302,33,79,-46
116900303,244,112,132
116900304,2,152,-150
116900305,15,57,-42
116900306,146,64,82
117000001,1969,1519,450
117000002,1784,3770,-1986
117000003,6741,3559,3182
117000004,3778,4849,-1071
117000005,2134,1966,168
117000006,1215,2817,-1602
117000007,3874,1193,2681
117000008,1060,3218,-2158
117000009,5402,2194,3208
117000010,2639,3631,-992
117000011,2073,1536,537
117000012,1120,1216,-96
117000013,1780,836,944
117000014,1143,1850,-707
117000015,2410,1336,1074
117000016,381,115,266
117000017,221,118,103
117000018,191,605,-414
117000019,90,1,89
117000020,543,1398,-855
117000021,1568,409,1159
117000022,438,133,305
117000023,209,188,21
117000024,294,223,71
117000025,551,1083,-532
117000026,2087,1234,853
117000027,2612,5297,-2685
117000028,3795,2085,1710
117000030,562,474,88
117000031,388,255,133
117000032,1463,1113,350
117000033,1201,605,596
117000034,387,329,58
117000035,418,240,178
117000036,430,315,115
117000037,282,232,50
117000038,288,558,-270
117000039,373,249,124
117000040,227,901,-674
117000041,1012,181,831
117000044,15,628,-613
117000045,410,99,311
117000046,353,690,-337
117000047,764,639,125
117000048,1825,972,853
117000049,177,552,-375
117000050,123,1605,-1482
117000051,2287,107,2180
117000052,38,267,-229
117000053,566,44,522
117000054,1879,6,1873
117000055,6,2775,-2769
117000056,831,33,798
117000057,601,2398,-1797
117000060,573,1390,-817
117000061,1539,891,648
117000062,393,698,-305
117000063,1905,1122,783
117000064,792,846,-54
117000066,1159,1100,59
117000067,190,687,-497
117000074,200,206,-6
117000076,119,56,63
117000077,156,258,-102
117000078,189,795,-606
117000079,469,258,211
117000080,2,287,-285
117000081,1215,143,1072
117000082,25,94,-69
117000083,150,10,140
117000084,183,1,182
117000085,375,838,-463
117000086,835,471,364
117000087,135,465,-330
117000088,251,193,58
117000089,1554,307,1247
117000090,348,1010,-662
117000091,827,319,508
117000092,453,1119,-666
117000093,1259,875,384
117000094,1497,2549,-1052
117000095,3719,1013,2706
117000096,761,2012,-1251
117000097,1535,1168,367
117000098,2736,4514,-1778
117000099,4060,1448,2612
117000100,239,433,-194
117000101,234,1083,-849
117000102,1718,740,978
117000103,717,1463,-746
117000104,1320,732,588
117000105,864,1465,-601
117000106,1462,855,607
117000107,467,1701,-1234
117000108,1882,869,1013
117000109,1477,2392,-915
117000110,1746,1041,705
117000111,3731,3926,-195
117000112,3621,1843,1778
117000113,137,298,-161
117000114,323,137,186
117000115,86,137,-51
117000116,208,297,-89
117000117,1738,1615,123
117000118,279,156,123
117000119,265,185,80
117000120,254,581,-327
117000121,129,1218,-1089
117000122,309,673,-364
117000123,1755,49,1706
117000124,634,103,531
117000125,318,193,125
117000126,65,23,42
117000127,203,390,-187
117000128,509,856,-347
117000129,264,321,-57
117000130,64,3,61
117000131,2,68,-66
117000132,3187,18,3169
117000133,1813,70,1743
117000134,2,71,-69
117000135,1,62,-61
117000136,3,25,-22
117000137,170,176,-6
117000138,0,814,-814
117000140,507,1425,-918
117000141,1750,537,1213
117000181,687,362,325
117000182,428,731,-303
117000195,219,1072,-853
117000196,307,192,115
117000225,95,28,67
117000226,10,148,-138
117000276,362,31,331
117000277,1,309,-308
117000310,1509,1923,-414
117000315,73,672,-599
117000320,55,0,55
117000906,340,14,326
117000907,32,244,-212
117000908,27,31,-4
117000909,58,54,4
117000910,252,226,26
117000911,149,183,-34
117000915,10,485,-475
117000916,37,19,18
117000917,1343,56,1287
117000918,61,71,-10
117000919,25,74,-49
117000920,4,1222,-1218
117000921,1,1135,-1134
117000922,45,94,-49
117000924,270,801,-531
117000926,742,93,649
117000927,1605,1233,372
117000928,0,141,-141
117000929,216,327,-111
117000930,252,17,235
117000931,381,223,158
117900002,104,394,-290
117900003,1136,559,577
117900005,4,41,-37
117900006,0,64,-64
117900007,151,127,24
117900008,0,49,-49
117900010,228,86,142
117900011,47,140,-93
117900012,61,100,-39
117900013,1,234,-233
117900014,426,100,326
117900015,49,165,-116
117900016,1357,1180,177
117900017,532,267,265
117900018,277,122,155
117900019,454,253,201
117900020,98,477,-379
117900021,37,88,-51
117900022,51,16,35
117900023,780,211,569
117900024,87,65,22
117900025,64,17,47
117900026,402,283,119
117900028,67,5,62
117900029,237,542,-305
117900030,673,264,409
117900031,200,97,103
117900032,1222,667,555
117900033,258,495,-237
117900034,50,44,6
117900035,310,157,153
117900036,246,379,-133
117900037,257,114,143
117900038,24,344,-320
117900039,11,90,-79
117900040,174,440,-266
117900041,10,83,-73
117900042,4093,413,3680
117900043,44,83,-39
117900044,45,2765,-2720
117900045,212,191,21
117900048,362,281,81
117900049,217,394,-177
117900050,10,69,-59
117900051,25,3,22
117900052,80,361,-281
117900053,1814,758,1056
117900054,0,43,-43
117900055,293,99,194
117900056,275,57,218
117900057,1127,1295,-168
117900058,81,29,52
117900059,350,112,238
117900060,2767,4690,-1923
117900061,36,202,-166
117900063,417,222,195
117900065,821,1494,-673
117900066,11,102,-91
117900067,480,187,293
117900069,643,282,361
117900070,197,36,161
117900071,103,143,-40
117900073,519,310,209
117900074,105,65,40
117900075,79,111,-32
117900076,14,53,-39
117900077,529,189,340
117900078,385,941,-556
117900080,114,35,79
117900081,566,429,137
117900082,487,421,66
117900083,396,429,-33
117900086,141,45,96
117900087,249,98,151
117900088,3456,2137,1319
117900089,2571,825,1746
117900090,414,441,-27
117900091,232,250,-18
117900092,53,32,21
117900093,112,79,33
117900094,33,34,-1
117900095,279,319,-40
117900096,81,254,-173
117900097,409,130,279
117900098,61,17,44
117900099,121,177,-56
117900100,257,6,251
117900101,517,2002,-1485
117900102,121,55,66
117900103,76,0,76
117900104,10,215,-205
117900105,205,232,-27
117900106,151,43,108
117900107,76,0,76
117900109,682,450,232
117900110,184,2,182
117900111,339,41,298
117900112,86,20,66
117900113,3074,1822,1252
117900114,16,0,16
117900115,330,84,246
117900116,1098,979,119
117900117,693,323,370
117900118,81,2,79
117900119,256,203,53
117900120,219,49,170
117900121,323,74,249
117900122,1579,4043,-2464
117900123,674,377,297
117900124,984,738,246
117900125,2125,2192,-67
117900126,302,634,-332
117900127,501,500,1
117900128,400,670,-270
117900129,100,1,99
117900130,1207,533,674
117900131,3,156,-153
117900132,25,122,-97
117900133,21,126,-105
117900134,142,349,-207
117900135,22,257,-235
117900136,0,38,-38
117900137,90,432,-342
117900138,0,35,-35
117900139,146,171,-25
117900140,3266,307,2959
117900141,216,197,19
117900142,95,66,29
117900144,109,268,-159
117900145,86,57,29
117900146,186,195,-9
117900147,105,84,21
117900148,2993,1731,1262
117900149,164,223,-59
117900150,61,55,6
117900151,53,105,-52
117900152,111,95,16
117900153,23,98,-75
117900154,405,573,-168
117900156,1082,961,121
117900157,166,584,-418
117900158,354,159,195
117900160,737,958,-221
117900161,2780,2341,439
117900162,401,409,-8
117900163,71,119,-48
117900165,1,24,-23
117900166,135,571,-436
117900168,14,153,-139
117900169,2,112,-110
117900170,2,30,-28
117900171,1,30,-29
117900172,14,27,-13
117900173,165,100,65
117900174,25,73,-48
117900175,3,41,-38
117900176,29,32,-3
117900177,26,47,-21
117900178,106,41,65
117900180,196,19,177
117900181,122,327,-205
117900182,6,38,-32
117900183,70,196,-126
117900184,23,86,-63
117900185,53,72,-19
117900186,62,21,41
117900187,22,10,12
117900188,162,33,129
117900189,87,46,41
117900190,34,4,30
117900191,110,2,108
117900192,249,2,247
117900193,28,76,-48
117900194,17,12,5
117900195,30,49,-19
117900196,14,40,-26
117900207,204,172,32
117900208,31,44,-13
117900209,226,158,68
117900210,218,300,-82
117900211,18,225,-207
117900212,177,172,5
117900213,30,15,15
117900214,11,37,-26
117900215,23,35,-12
117900216,33,23,10
117900217,106,341,-235
117900218,122,131,-9
117900219,9,112,-103
117900220,126,91,35
117900222,210,294,-84
117900223,138,307,-169
118000001,868,992,-124
118000002,902,1862,-960
118000003,2306,3269,-963
118000004,2486,2308,178
118000005,4980,6212,-1232
118000006,5698,10621,-4923
118000007,5723,4145,1578
118000008,4597,3980,617
118000009,1898,4127,-2229
118000010,7706,4661,3045
118000011,1620,2481,-861
118000012,1132,2104,-972
118000013,3117,2450,667
118000014,1949,2193,-244
118000016,193,356,-163
118000017,520,428,92
118000018,371,541,-170
118000019,2256,1726,530
118000020,1571,4864,-3293
118000021,757,4112,-3355
118000022,1895,983,912
118000023,814,273,541
118000024,1632,2043,-411
118000027,15011,15753,-742
118000029,1092,927,165
118000032,1298,4526,-3228
118000033,3278,7642,-4364
118000034,5601,3091,2510
118000035,1978,3522,-1544
118000036,1069,1519,-450
118000037,699,885,-186
118000038,235,98,137
118000039,66,286,-220
118000040,1712,1424,288
118000041,2347,1395,952
118000045,602,243,359
118000046,1582,832,750
118000047,921,1040,-119
118000048,2947,2325,622
118000051,3994,2262,1732
118000052,2433,1433,1000
118000053,498,962,-464
118000054,1915,1797,118
118000055,1734,2072,-338
118000056,489,583,-94
118000057,296,430,-134
118000058,3334,2688,646
118000059,2285,1750,535
118000060,1074,716,358
118000061,1410,1450,-40
118000062,770,445,325
118000063,410,868,-458
118000064,867,1264,-397
118000065,4224,1788,2436
118000066,1027,1589,-562
118000067,942,908,34
118000068,1942,4399,-2457
118000069,2833,1233,1600
118000070,5333,2226,3107
118000071,3756,6601,-2845
118000072,1729,1369,360
118000073,2050,873,1177
118000074,474,436,38
118000075,786,363,423
118000076,1809,2438,-629
118000077,1338,1460,-122
118000078,1878,2576,-698
118000079,314,626,-312
118000080,1068,990,78
118000081,2123,1391,732
118000082,356,1354,-998
118000083,1837,1892,-55
118000084,3729,1798,1931
118000086,278,621,-343
118000087,4554,2765,1789
118000088,2096,1657,439
118000089,3741,2378,1363
118000090,1961,2798,-837
118000091,1283,2077,-794
118000092,1104,630,474
118000093,131,791,-660
118000096,559,717,-158
118000097,931,733,198
118000098,271,212,59
118000099,622,739,-117
118000101,1154,357,797
118000102,436,1177,-741
118000107,1893,611,1282
118000108,1012,2281,-1269
118000110,0,33,-33
118000111,2,252,-250
118000112,574,2,572
118000113,3,513,-510
118000114,519,9,510
118000115,36,19,17
118000116,65,2,63
118000117,1037,764,273
118000118,942,1012,-70
118000119,899,1056,-157
118000120,1647,1277,370
118000121,137,729,-592
118000122,1364,453,911
118000123,90,295,-205
118000125,1627,934,693
118000126,708,1515,-807
118000127,1928,699,1229
118000128,573,1165,-592
118000129,872,347,525
118000130,2071,2873,-802
118000131,359,695,-336
118000132,2377,1828,549
118000133,893,368,525
118000135,730,453,277
118000136,130,439,-309
118000137,672,97,575
118000138,485,580,-95
118000139,382,103,279
118000140,2618,4631,-2013
118000141,2238,1939,299
118000142,1914,1613,301
118000143,2384,1270,1114
118000144,1187,931,256
118000145,1567,1824,-257
118000146,1309,884,425
118000147,746,1404,-658
118000148,507,1000,-493
118000149,1090,1009,81
118000150,580,256,324
118000151,501,432,69
118000153,1539,1145,394
118000154,1492,1457,35
118000155,1421,1411,10
118000156,2034,2331,-297
118000157,627,404,223
118000158,293,452,-159
118000159,23,85,-62
118000160,482,413,69
118000161,452,694,-242
118000162,2027,1005,1022
118000163,969,756,213
118000164,2110,1457,653
118000168,1093,676,417
118000169,1045,1089,-44
118000170,3821,5081,-1260
118000171,417,722,-305
118000172,117,314,-197
118000173,951,1235,-284
118000175,338,339,-1
118000176,350,488,-138
118000177,262,574,-312
118000178,32,61,-29
118000179,1268,1443,-175
118000180,943,812,131
118000181,767,334,433
118000182,283,242,41
118000183,247,285,-38
118000184,966,710,256
118000185,1511,1240,271
118000186,1069,1205,-136
118000187,1516,690,826
118000188,581,184,397
118000189,711,763,-52
118000190,13,14,-1
118000191,37,39,-2
118000192,163,249,-86
118000193,87,350,-263
118000194,1310,1036,274
118000195,1165,1239,-74
118000196,415,241,174
118000197,213,206,7
118000198,534,756,-222
118000199,442,398,44
118000200,195,293,-98
118000201,527,521,6
118000202,53,64,-11
118000203,961,694,267
118000204,121,393,-272
118000205,232,354,-122
118000206,295,214,81
118000207,0,53,-53
118000208,1370,1519,-149
118000209,1967,1555,412
118000210,73,44,29
118000211,45,45,0
118000213,1749,2072,-323
118000214,681,609,72
118000215,357,132,225
118000216,2495,2843,-348
118000217,38,106,-68
118000218,71,132,-61
118000219,561,282,279
118000220,7,45,-38
118000221,307,331,-24
118000222,87,20,67
118000223,33,53,-20
118000224,239,138,101
118000225,163,655,-492
118000226,1017,220,797
118000227,933,468,465
118000228,193,284,-91
118000229,315,98,217
118000230,151,201,-50
118000231,66,202,-136
118000232,879,782,97
118000233,1280,865,415
118000234,533,305,228
118000236,479,345,134
118000237,118,453,-335
118000238,331,213,118
118000239,362,342,20
118000240,451,237,214
118000241,172,231,-59
118000242,430,584,-154
118000243,384,260,124
118000244,57,152,-95
118000246,1,41,-40
118000255,68,244,-176
118000256,155,183,-28
118000259,10,74,-64
118000260,211,111,100
118000261,34,52,-18
118000263,89,188,-99
118000266,150,284,-134
118000267,0,125,-125
118000268,384,6,378
118000270,121,41,80
118000271,204,266,-62
118000272,144,53,91
118000273,237,100,137
118000274,107,291,-184
118000276,642,386,256
118000295,16,177,-161
118000298,212,312,-100
118000299,48,146,-98
118000301,1,62,-61
118000302,136,80,56
118000311,537,108,429
118000312,389,272,117
118000313,106,173,-67
118000314,105,72,33
118000315,73,53,20
118000316,684,482,202
118000325,93,68,25
118000326,29,40,-11
118000331,64,62,2
118000332,25,44,-19
118000333,66,107,-41
118000335,377,1,376
118000336,0,242,-242
118000407,214,65,149
118000457,6,23,-17
118000465,3426,4534,-1108
118000480,42,117,-75
118000489,31,358,-327
118000490,29,193,-164
118000492,307,180,127
118000510,74,22,52
118000514,206,313,-107
118000515,970,669,301
118000517,352,228,124
118000524,310,239,71
118000525,836,861,-25
118000530,27,106,-79
118000531,399,289,110
118000532,282,286,-4
118000533,305,117,188
118000534,613,455,158
118000535,332,197,135
118000536,997,2246,-1249
118000537,19,243,-224
118000538,21,75,-54
118000539,28,104,-76
118000540,365,223,142
118000541,231,82,149
118000542,120,238,-118
118000543,263,226,37
118000546,84,27,57
118000560,2806,2764,42
118000562,30,153,-123
118000563,1457,1253,204
118000576,173,143,30
118000577,149,151,-2
118000578,113,92,21
118000579,564,1177,-613
118000595,254,131,123
118000596,0,107,-107
118000597,101,104,-3
118000598,24,8,16
118000599,46,34,12
118000600,1,55,-54
118000601,20,0,20
118000602,0,18,-18
118000603,0,19,-19
118900001,689,1631,-942
118900002,960,966,-6
118900003,545,12,533
118900004,126,87,39
118900005,85,11,74
118900006,182,3,179
118900007,13,6,7
118900008,1658,78,1580
118900009,103,66,37
118900010,78,8,70
118900011,203,34,169
118900012,445,288,157
118900013,522,189,333
118900015,268,108,160
118900016,15,9,6
118900017,208,310,-102
118900018,1048,50,998
118900019,75,40,35
118900020,226,133,93
118900021,207,392,-185
118900022,145,110,35
118900023,217,101,116
118900024,101,191,-90
118900025,60,57,3
118900026,114,115,-1
118900027,479,215,264
118900028,164,218,-54
118900029,418,448,-30
118900030,513,90,423
118900031,150,147,3
118900032,241,189,52
118900033,452,484,-32
118900034,245,42,203
118900035,183,198,-15
118900036,1271,737,534
118900037,547,308,239
118900038,472,190,282
118900039,567,183,384
118900040,258,208,50
118900041,483,136,347
118900042,258,131,127
118900045,252,196,56
118900046,845,584,261
118900047,579,309,270
118900048,226,238,-12
118900049,77,46,31
118900050,41,111,-70
118900051,84,129,-45
118900052,379,262,117
118900053,51,96,-45
118900054,132,49,83
118900055,115,86,29
118900056,30,412,-382
118900057,874,510,364
118900058,476,363,113
118900059,28,106,-78
118900060,112,170,-58
118900062,542,220,322
118900064,704,626,78
118900065,86,159,-73
118900066,86,104,-18
118900067,4655,3607,1048
118900068,19,208,-189
118900069,414,232,182
118900071,12,86,-74
118900072,408,407,1
118900073,166,122,44
118900074,173,198,-25
118900075,79,105,-26
118900076,285,151,134
118900077,291,239,52
118900078,62,13,49
118900079,73,277,-204
118900080,19,153,-134
118900081,115,35,80
118900082,938,201,737
118900083,72,16,56
118900084,12,30,-18
118900085,528,728,-200
118900086,44,104,-60
118900087,52,243,-191
118900088,0,13,-13
118900089,42,20,22
118900090,494,326,168
118900091,229,251,-22
118900092,162,105,57
118900093,159,33,126
118900096,72,32,40
118900097,360,524,-164
118900099,120,273,-153
118900100,171,368,-197
118900101,125,443,-318
118900102,58,109,-51
118900103,61,132,-71
118900104,255,136,119
118900105,266,143,123
118900107,167,82,85
118900108,131,113,18
118900110,1378,934,444
118900111,509,545,-36
118900112,102,221,-119
118900113,124,446,-322
118900114,30,98,-68
118900115,179,556,-377
118900116,181,253,-72
118900117,145,213,-68
118900118,355,332,23
118900119,161,206,-45
118900120,81,289,-208
118900121,19,222,-203
118900122,25,927,-902
118900123,169,293,-124
118900124,108,234,-126
118900126,25,341,-316
118900129,293,223,70
118900130,65,228,-163
118900131,234,264,-30
118900132,390,185,205
118900133,40,120,-80
118900135,249,219,30
118900136,221,493,-272
118900137,10,54,-44
118900139,192,308,-116
118900140,445,610,-165
118900141,102,186,-84
118900144,111,432,-321
118900145,75,124,-49
118900146,410,633,-223
118900147,255,170,85
118900148,111,94,17
118900150,173,638,-465
118900152,576,753,-177
118900157,112,193,-81
118900158,98,61,37
118900159,2,164,-162
118900161,126,16,110
118900163,143,112,31
118900164,6,132,-126
118900165,64,172,-108
118900166,45,2,43
118900167,133,118,15
118900168,34,210,-176
118900169,136,308,-172
118900170,162,143,19
118900171,50,38,12
118900174,66,80,-14
118900175,371,454,-83
118900176,194,295,-101
118900177,83,60,23
118900178,53,201,-148
118900179,8,40,-32
118900181,106,133,-27
118900182,117,82,35
118900183,44,127,-83
118900184,363,129,234
118900185,136,88,48
118900186,137,94,43
118900187,268,352,-84
118900188,290,292,-2
118900189,50,767,-717
118900190,20,318,-298
118900191,149,71,78
118900192,202,20,182
118900193,501,10,491
118900195,372,598,-226
118900196,39,144,-105
118900197,141,43,98
118900198,33,26,7
118900199,138,42,96
118900200,33,27,6
118900201,30,47,-17
118900202,18,86,-68
118900203,9,41,-32
118900204,30,34,-4
118900205,5,10,-5
118900206,4,31,-27
119000001,1456,2014,-558
119000002,5000,4057,943
119000003,2858,1295,1563
119000004,2538,1373,1165
119000005,1906,2199,-293
119000006,2668,1581,1087
119000007,3481,3098,383
119000008,2134,1910,224
119000009,3610,4532,-922
119000010,5917,4372,1545
119000011,4316,3279,1037
119000012,3483,4049,-566
119000013,2707,1841,866
119000014,1882,2861,-979
119000019,388,170,218
119000020,2023,1592,431
119000021,4686,2459,2227
119000022,2780,2935,-155
119000023,263,236,27
119000024,1892,11261,-9369
119000025,6660,1425,5235
119000026,145,545,-400
119000027,350,423,-73
119000028,1792,889,903
119000029,117,406,-289
119000030,560,998,-438
119000031,836,690,146
119000032,2284,2452,-168
119000033,2173,1476,697
119000034,1076,1004,72
119000035,53,330,-277
119000036,1764,815,949
119000037,1398,1480,-82
119000038,203,723,-520
119000039,317,314,3
119000040,690,546,144
119000041,754,1196,-442
119000048,3032,3078,-46
119000049,1661,2178,-517
119000050,2402,1894,508
119000051,2550,1087,1463
119000052,2197,2930,-733
119000053,1993,1387,606
119000054,3694,2921,773
119000055,4572,3485,1087
119000056,2852,2301,551
119000057,1800,1894,-94
119000058,2150,1744,406
119000059,1423,1694,-271
119000060,1866,1443,423
119000061,1128,832,296
119000062,1350,1484,-134
119000063,531,320,211
119000064,936,1207,-271
119000065,2052,3396,-1344
119000066,2087,1128,959
119000067,1841,2085,-244
119000068,1942,1150,792
119000069,1472,2384,-912
119000070,2802,869,1933
119000071,613,809,-196
119000072,4708,2989,1719
119000073,5067,6901,-1834
119000074,1125,2055,-930
119000075,2311,2079,232
119000076,588,1152,-564
119000077,1191,589,602
119000078,438,261,177
119000079,232,701,-469
119000080,405,257,148
119000081,337,426,-89
119000082,1067,226,841
119000083,693,431,262
119000084,316,461,-145
119000085,624,207,417
119000086,383,439,-56
119000087,1634,1023,611
119000088,399,258,141
119000089,95,237,-142
119000090,133,167,-34
119000091,128,469,-341
119000092,508,200,308
119000093,3760,2703,1057
119000094,3235,5341,-2106
119000095,2049,3190,-1141
119000097,1908,1420,488
119000098,978,2745,-1767
119000099,2618,1722,896
119000100,4303,3328,975
119000101,4570,2281,2289
119000102,851,1123,-272
119000103,1693,702,991
119000104,2516,1383,1133
119000105,1393,2281,-888
119000106,336,1414,-1078
119000107,959,545,414
119000108,401,929,-528
119000109,162,608,-446
119000110,447,513,-66
119000111,66,754,-688
119000112,162,142,20
119000113,2230,389,1841
119000114,1298,1209,89
119000115,161,171,-10
119000116,152,135,17
119000117,183,507,-324
119000118,3,1,2
119000123,5014,2724,2290
119000124,758,250,508
119000125,3980,750,3230
119000126,687,558,129
119000127,525,518,7
119000128,32,5,27
119000131,892,634,258
119000132,5,6,-1
119000133,4,6,-2
119000134,1939,586,1353
119000135,138,180,-42
119000136,224,200,24
119000137,278,372,-94
119000138,550,292,258
119000139,319,248,71
119000140,280,372,-92
119000284,1271,2549,-1278
119000285,2431,2161,270
119000286,6697,5373,1324
119000287,1203,2103,-900
119000288,2027,1319,708
119000289,1763,2839,-1076
119000290,212,338,-126
119000291,2,225,-223
119000293,138,197,-59
119000294,50,23,27
119000295,1488,410,1078
119000296,289,164,125
119000302,2535,1381,1154
119000303,31,162,-131
119000314,1740,10002,-8262
119000315,19,369,-350
119000316,190,124,66
119000317,103,358,-255
119900001,308,1344,-1036
119900002,215,322,-107
119900003,58,1130,-1072
119900004,390,1422,-1032
119900005,239,117,122
119900006,330,440,-110
119900007,1405,361,1044
119900008,70,49,21
119900009,783,735,48
119900010,1226,1315,-89
119900011,41,149,-108
119900012,27,97,-70
119900013,2155,1287,868
119900014,620,295,325
119900015,138,68,70
119900016,76,109,-33
119900017,41,52,-11
119900018,1930,1025,905
119900019,36,18,18
119900020,228,245,-17
119900021,211,106,105
119900022,189,911,-722
119900023,625,1539,-914
119900025,238,37,201
119900026,852,194,658
119900027,25,15,10
119900028,275,168,107
119900029,5,15,-10
119900030,611,520,91
119900031,51,400,-349
119900033,2604,442,2162
119900034,547,180,367
119900037,225,69,156
119900038,73,356,-283
119900039,58,22,36
119900040,180,11,169
119900041,204,58,146
119900042,142,210,-68
119900043,77,193,-116
119900044,280,1340,-1060
119900046,165,70,95
119900047,329,94,235
119900048,39,35,4
119900049,171,12,159
119900050,223,173,50
119900051,698,11,687
119900052,95,71,24
119900053,218,184,34
119900054,180,12,168
119900055,1710,559,1151
119900057,323,120,203
119900058,283,2,281
119900059,163,54,109
119900060,338,33,305
119900062,127,35,92
119900063,14,72,-58
119900064,563,104,459
119900065,296,24,272
119900066,4,1,3
119900067,264,41,223
119900068,530,3,527
119900069,167,36,131
119900070,1109,14,1095
119900071,835,39,796
119900073,1930,725,1205
119900074,140,91,49
119900075,5393,3086,2307
119900076,760,333,427
119900077,990,1029,-39
119900078,644,966,-322
119900079,508,283,225
119900080,1889,1285,604
119900081,282,31,251
119900082,1624,375,1249
119900083,601,173,428
119900084,1078,494,584
119900085,73,87,-14
119900087,820,511,309
119900088,51,71,-20
119900089,97,493,-396
119900090,153,80,73
119900091,75,833,-758
119900092,129,402,-273
119900093,1577,341,1236
119900094,36,189,-153
119900095,211,100,111
119900096,52,194,-142
119900097,503,221,282
119900098,67,47,20
119900099,61,282,-221
119900100,2017,2809,-792
119900101,249,1446,-1197
119900102,55,297,-242
119900103,88,394,-306
119900104,76,285,-209
119900105,961,2728,-1767
119900106,20,149,-129
119900107,337,2423,-2086
119900108,2927,835,2092
119900109,38,185,-147
119900110,852,580,272
119900111,158,333,-175
119900112,1535,675,860
119900113,98,361,-263
119900114,364,1192,-828
119900115,413,992,-579
119900116,210,438,-228
119900117,418,718,-300
119900118,152,801,-649
119900119,311,267,44
119900120,859,730,129
119900121,457,884,-427
119900122,501,463,38
119900123,269,322,-53
119900124,279,833,-554
119900125,120,361,-241
119900126,4457,453,4004
119900127,2449,1278,1171
119900128,471,881,-410
119900129,273,581,-308
119900130,29,296,-267
119900131,45,282,-237
119900132,5,192,-187
119900133,107,97,10
119900134,1585,286,1299
119900135,4,411,-407
119900136,242,342,-100
119900138,528,548,-20
119900139,42,144,-102
119900140,3,145,-142
119900141,135,774,-639
119900142,34,47,-13
119900143,18,253,-235
119900144,1646,292,1354
119900145,114,259,-145
119900146,182,330,-148
119900147,6,190,-184
119900148,340,89,251
119900149,1147,4604,-3457
119900150,174,193,-19
119900151,2098,915,1183
119900152,191,349,-158
119900153,259,79,180
119900154,11,222,-211
119900155,75,55,20
119900156,38,27,11
119900157,199,297,-98
119900158,283,98,185
119900159,5,1388,-1383
119900160,78,226,-148
119900161,184,237,-53
119900162,1131,1250,-119
119900163,171,198,-27
119900164,2,7,-5
119900165,174,212,-38
119900166,124,42,82
119900167,97,180,-83
119900168,1076,544,532
119900169,134,370,-236
119900170,276,381,-105
119900171,1438,505,933
119900172,194,38,156
119900173,10,365,-355
119900174,9,275,-266
119900175,1479,858,621
119900177,41,215,-174
119900178,15,207,-192
119900179,147,534,-387
119900180,1099,1012,87
119900181,115,133,-18
119900182,22,481,-459
119900183,175,672,-497
119900184,2483,682,1801
119900185,54,196,-142
119900186,93,1007,-914
119900187,46,565,-519
119900188,139,321,-182
119900189,687,625,62
119900190,105,343,-238
119900191,545,388,157
119900192,106,192,-86
119900193,478,238,240
119900194,48,90,-42
119900195,183,324,-141
119900196,1798,596,1202
119900197,311,201,110
119900198,268,306,-38
119900199,196,37,159
119900200,862,696,166
119900201,353,285,68
119900202,116,344,-228
119900203,237,663,-426
119900204,438,346,92
119900205,767,529,238
119900206,210,185,25
119900208,174,190,-16
119900209,580,1376,-796
119900210,55,26,29
119900211,98,5,93
119900212,189,253,-64
119900213,9,76,-67
119900214,38,68,-30
119900215,68,59,9
119900216,11,70,-59
119900217,6,67,-61
119900218,75,64,11
119900219,19,120,-101
119900220,10,78,-68
119900221,43,297,-254
119900222,12,229,-217
119900223,23,101,-78
119900224,15,36,-21
119900225,952,58,894
119900226,766,2331,-1565
119900227,1261,448,813
119900228,66,301,-235
119900229,378,519,-141
119900230,1559,706,853
119900231,352,167,185
119900232,385,178,207
119900233,90,18,72
119900234,38,112,-74
119900235,49,67,-18
119900236,32,258,-226
119900237,89,790,-701
119900238,1,75,-74
119900240,93,185,-92
119900241,171,279,-108
119900242,1933,1991,-58
119900244,823,1626,-803
119900245,194,267,-73
119900246,425,797,-372
119900247,43,118,-75
119900248,126,379,-253
119900249,312,170,142
119900253,2581,506,2075
119900254,85,753,-668
119900255,152,767,-615
119900256,838,1143,-305
119900257,150,6,144
119900258,296,15,281
119900259,25,179,-154
119900260,186,19,167
119900261,275,215,60
119900262,2,230,-228
119900263,1269,461,808
119900264,128,233,-105
119900265,696,362,334
119900266,395,367,28
119900267,376,574,-198
119900268,245,183,62
119900269,1332,1261,71
119900271,71,152,-81
119900272,538,347,191
119900275,164,9,155
119900276,98,3,95
119900277,10,15,-5
119900278,375,163,212
119900279,162,454,-292
119900280,742,231,511
119900281,1,231,-230
119900282,87,167,-80
119900283,22,215,-193
119900284,65,229,-164
119900285,34,61,-27
119900286,8,27,-19
119900288,6,46,-40
119900289,2,49,-47
119900290,29,34,-5
119900291,2,111,-109
119900292,65,34,31
119900293,23,3,20
119900294,39,3,36
119900295,28,2,26
119900296,155,23,132
119900299,66,220,-154
119900300,329,307,22
119900301,185,183,2
119900302,275,111,164
119900303,354,260,94
119900304,169,38,131
119900305,10,181,-171
119900306,38,7,31
119900307,103,120,-17
119900308,2,35,-33
119900309,68,121,-53
119900310,309,327,-18
119900311,107,148,-41
119900312,151,169,-18
119900313,323,325,-2
119900314,265,449,-184
119900315,1819,2149,-330
119900318,22,26,-4
119900319,65,309,-244
119900320,317,579,-262
119900321,116,5,111
119900322,25,80,-55
119900323,14,99,-85
119900324,1,46,-45
119900325,11,240,-229
119900326,47,64,-17
120000001,6868,15083,-8215
120000002,2645,2810,-165
120000003,3558,1713,1845
120000004,2891,2048,843
120000005,4107,2231,1876
120000006,1280,1315,-35
120000007,3694,3181,513
120000008,1088,1447,-359
120000009,2813,1153,1660
120000010,1931,2882,-951
120000011,1151,1838,-687
120000012,1649,2634,-985
120000013,3304,3095,209
120000014,718,1393,-675
120000015,2527,1565,962
120000016,4097,2322,1775
120000017,3237,2439,798
120000018,4132,12508,-8376
120000019,1246,1413,-167
120000020,3356,3483,-127
120000021,2195,2501,-306
120000022,3118,4139,-1021
120000023,1226,1600,-374
120000024,1562,2423,-861
120000025,2569,2079,490
120000026,2123,1741,382
120000027,2427,2330,97
120000028,797,1318,-521
120000029,3296,1483,1813
120000030,247,1009,-762
120000031,2770,6389,-3619
120000032,8137,4181,3956
120000033,4946,2145,2801
120000034,1935,1803,132
120000035,2247,2065,182
120000036,3149,5259,-2110
120000037,832,1711,-879
120000038,6581,4474,2107
120000039,720,1004,-284
120000040,86,457,-371
120000041,1656,1921,-265
120000042,2162,2420,-258
120000043,5268,1848,3420
120000044,5452,1780,3672
120000045,6266,1436,4830
120000046,3345,2953,392
120000047,1343,5710,-4367
120000048,7892,4987,2905
120000049,3471,3135,336
120000050,4465,4181,284
120000051,3426,5147,-1721
120000052,8520,2828,5692
120000053,1359,2502,-1143
120000054,1526,3841,-2315
120000055,1935,4308,-2373
120000056,4728,4187,541
120000057,3465,1170,2295
120000058,4020,1381,2639
120000059,47,1725,-1678
120000061,155,464,-309
120000062,265,356,-91
120000063,1577,2574,-997
120000064,267,1081,-814
120000065,492,1541,-1049
120000066,523,665,-142
120000067,101,618,-517
120000068,191,750,-559
120000069,584,1122,-538
120000070,70,640,-570
120000071,568,127,441
120000072,917,461,456
120000073,971,174,797
120000074,323,160,163
120000075,1171,373,798
120000076,2215,507,1708
120000077,2016,721,1295
120000078,3749,1341,2408
120000079,385,162,223
120000080,180,193,-13
120000081,423,134,289
120000082,237,255,-18
120000083,79,621,-542
120000084,458,521,-63
120000085,323,478,-155
120000086,245,515,-270
120000087,193,581,-388
120000088,929,1288,-359
120000089,1213,753,460
120000090,847,632,215
120000091,1186,1153,33
120000092,1648,658,990
120000093,615,567,48
120000094,233,750,-517
120000095,1038,567,471
120000096,360,773,-413
120000098,1184,934,250
120000099,551,810,-259
120000100,894,1019,-125
120000101,668,547,121
120000102,635,927,-292
120000103,1672,962,710
120000104,1940,610,1330
120000105,3256,822,2434
120000106,2563,750,1813
120000107,4075,705,3370
120000108,1417,172,1245
120000109,1263,95,1168
120000110,128,938,-810
120000111,313,1010,-697
120000112,750,2618,-1868
120000113,614,1947,-1333
120000114,1005,2456,-1451
120000115,406,1966,-1560
120000116,744,1848,-1104
120000117,912,1396,-484
120000118,72,37,35
120000119,40,103,-63
120000120,141,101,40
120000121,27,85,-58
120000122,243,412,-169
120000123,4756,5498,-742
120000124,537,412,125
120000125,607,786,-179
120000126,405,982,-577
120000127,3197,1129,2068
120000128,3693,4765,-1072
120000129,363,290,73
120000130,908,628,280
120000131,383,745,-362
120000134,385,1138,-753
120000135,658,503,155
120000137,344,1328,-984
120000138,1130,610,520
120000139,381,654,-273
120000140,984,580,404
120000141,635,467,168
120000142,924,694,230
120000143,0,106,-106
120000144,162,4,158
120000145,425,2,423
120000146,1222,1060,162
120000149,857,1198,-341
120000150,3644,11366,-7722
120000151,460,521,-61
120000152,530,241,289
120000153,427,537,-110
120000154,610,468,142
120000155,162,270,-108
120000156,929,1410,-481
120000157,1075,797,278
120000158,1069,809,260
120000159,2186,2692,-506
120000160,2759,1772,987
120000161,2390,2440,-50
120000162,87,254,-167
120000163,787,1331,-544
120000164,613,496,117
120000165,701,828,-127
120000166,1420,598,822
120000167,215,234,-19
120000168,18,739,-721
120000169,68,1800,-1732
120000170,67,1056,-989
120000171,25,499,-474
120000172,44,344,-300
120000173,1896,948,948
120000174,342,32,310
120000175,308,39,269
120000176,492,56,436
120000177,1424,181,1243
120000178,72,33,39
120000179,285,59,226
120000180,736,257,479
120000181,162,1265,-1103
120000182,52,608,-556
120000183,22,487,-465
120000184,187,1224,-1037
120000186,130,502,-372
120000187,19,257,-238
120000188,150,403,-253
120000190,906,79,827
120000191,944,97,847
120000192,1192,79,1113
120000193,620,26,594
120000195,108,5,103
120000196,318,65,253
120000197,115,140,-25
120000198,232,107,125
120000199,131,0,131
120000200,144,2,142
120000201,12,32,-20
120000202,3,58,-55
120000203,56,213,-157
120000207,5,79,-74
120000208,19,252,-233
120000209,3,92,-89
120000210,73,119,-46
120000211,160,6,154
120000212,260,3,257
120000213,221,340,-119
120000214,3,253,-250
120000215,4,152,-148
120000216,95,39,56
120000217,765,1259,-494
120000218,188,736,-548
120000219,4,430,-426
120000220,13,1436,-1423
120000225,1850,5,1845
120000226,356,6,350
120000227,965,86,879
120000228,10104,3807,6297
120000230,417,24,393
120000231,1418,2056,-638
120000233,413,4,409
120000235,265,577,-312
120000236,1138,2,1136
120000237,3,1163,-1160
120000238,7,668,-661
120000241,1457,3804,-2347
120000412,931,27,904
120000413,332,284,48
120000414,183,7,176
120000415,4,126,-122
120000416,233,7,226
120000417,29,105,-76
120000418,230,19,211
120000419,24,288,-264
120000420,72,31,41
120000421,10277,6743,3534
120000422,136,1365,-1229
120000423,7,66,-59
120000424,115,156,-41
120000436,197,577,-380
120000437,116,161,-45
120000438,2541,326,2215
120000439,273,566,-293
120000443,305,1,304
120000444,1335,515,820
120000445,1783,1126,657
120000446,699,240,459
120000447,204,2,202
120000449,151,11,140
120000450,10,232,-222
120000451,145,284,-139
120000452,231,2,229
120000453,0,238,-238
120000454,50,61,-11
120000455,96,59,37
120000456,2392,3861,-1469
120000457,1391,594,797
120000458,725,704,21
120000459,145,55,90
120000665,1007,280,727
120000668,131,965,-834
120000669,78,177,-99
120000670,152,887,-735
120000671,1659,496,1163
120000672,91,570,-479
120900001,77,93,-16
120900002,556,798,-242
120900003,282,34,248
120900004,27,78,-51
120900005,119,1160,-1041
120900006,502,213,289
120900007,181,112,69
120900008,335,1077,-742
120900009,436,27,409
120900010,686,112,574
120900011,300,212,88
120900012,408,1353,-945
120900013,389,151,238
120900014,7,661,-654
120900015,926,115,811
120900016,950,61,889
120900017,2424,137,2287
120900018,176,489,-313
120900019,818,432,386
120900020,894,1514,-620
120900021,819,399,420
120900022,34,420,-386
120900023,286,44,242
120900024,2282,594,1688
120900025,1735,1042,693
120900026,297,245,52
120900027,812,20,792
120900028,485,142,343
120900029,181,585,-404
120900030,1512,880,632
120900031,319,165,154
120900032,1079,114,965
120900033,1101,110,991
120900034,34,2617,-2583
120900035,55,221,-166
120900037,281,16,265
120900038,83,344,-261
120900039,114,57,57
120900040,417,7,410
120900041,157,35,122
120900042,647,38,609
120900043,87,54,33
120900044,23,373,-350
120900045,186,166,20
120900046,634,6,628
120900047,211,172,39
120900048,162,26,136
120900049,577,7,570
120900050,2501,1906,595
120900051,377,134,243
120900052,683,8,675
120900053,352,64,288
120900054,1956,768,1188
120900055,456,8,448
120900056,713,36,677
120900057,189,20,169
120900058,553,2,551
120900059,142,2,140
120900060,87,42,45
120900061,302,345,-43
120900062,293,1,292
120900063,698,8,690
120900064,699,2,697
120900065,650,2,648
120900066,436,307,129
120900067,273,113,160
120900068,295,0,295
120900069,315,65,250
120900071,66,1,65
120900072,801,10,791
120900073,691,177,514
120900074,808,11,797
120900076,334,0,334
120900077,3227,452,2775
120900078,785,531,254
120900079,900,126,774
120900080,818,1586,-768
120900081,1200,642,558
120900082,529,444,85
120900083,98,4,94
120900084,346,540,-194
120900085,105,161,-56
120900086,146,365,-219
120900087,532,408,124
120900088,197,428,-231
120900089,3269,3347,-78
120900090,325,125,200
120900091,777,987,-210
120900092,1230,561,669
120900093,2466,222,2244
120900094,528,240,288
120900095,720,24,696
120900096,71,358,-287
120900097,809,879,-70
120900098,319,263,56
120900099,89,94,-5
120900100,111,308,-197
120900101,746,359,387
120900102,59,79,-20
120900103,87,282,-195
120900104,37,74,-37
120900105,27,590,-563
120900106,1092,589,503
120900107,276,199,77
120900108,7,582,-575
120900109,68,580,-512
120900110,11,600,-589
120900111,220,366,-146
120900112,18,755,-737
120900113,15,741,-726
120900114,24,176,-152
120900115,194,226,-32
120900116,476,396,80
120900117,1,454,-453
120900118,8,640,-632
120900119,5616,4837,779
120900120,106,545,-439
120900121,326,536,-210
120900122,546,505,41
120900123,11,387,-376
120900124,5,469,-464
120900125,4,735,-731
120900126,1739,1057,682
120900127,22,523,-501
120900128,1071,1452,-381
120900129,76,308,-232
120900130,4,489,-485
120900131,85,178,-93
120900132,1113,309,804
120900133,279,797,-518
120900134,694,446,248
120900135,10,572,-562
120900136,48,208,-160
120900137,291,118,173
120900138,27,240,-213
120900139,8,678,-670
120900140,3,290,-287
120900141,252,233,19
120900142,32,502,-470
120900143,4,803,-799
120900144,0,163,-163
120900145,199,807,-608
120900146,1,944,-943
120900147,4,615,-611
120900148,181,139,42
120900149,0,272,-272
120900150,52,495,-443
120900151,1,590,-589
120900152,1,46,-45
120900153,55,110,-55
120900154,0,225,-225
120900155,208,929,-721
120900156,56,296,-240
120900157,93,232,-139
120900158,103,555,-452
120900159,134,375,-241
120900160,34,568,-534
120900161,39,613,-574
120900162,58,754,-696
120900163,61,736,-675
120900164,0,39,-39
120900165,5,119,-114
120900166,268,736,-468
120900167,529,200,329
120900169,93,366,-273
120900170,1046,2935,-1889
120900171,1357,412,945
120900172,850,1244,-394
120900173,0,70,-70
120900174,15,149,-134
120900175,327,168,159
120900176,28,400,-372
120900177,5,1441,-1436
120900178,1,570,-569
120900179,863,553,310
120900180,114,138,-24
120900181,214,69,145
120900182,33,246,-213
120900183,455,66,389
120900184,260,101,159
120900185,15,450,-435
120900186,2,314,-312
120900187,701,1085,-384
120900188,274,23,251
120900189,148,1570,-1422
120900190,86,15,71
120900191,19,22,-3
120900192,9697,8268,1429
120900194,74,115,-41
120900195,153,411,-258
120900196,942,42,900
120900197,743,146,597
120900198,230,556,-326
120900199,489,1828,-1339
120900200,95,158,-63
120900201,474,221,253
120900202,2,184,-182
120900203,42,109,-67
120900204,164,317,-153
120900205,77,108,-31
120900206,50,72,-22
120900207,2,98,-96
121000001,757,1145,-388
121000002,2455,1317,1138
121000003,2923,2239,684
121000004,2844,3368,-524
121000005,1833,2995,-1162
121000006,3800,1949,1851
121000007,2542,3278,-736
121000008,5700,3945,1755
121000009,5814,6146,-332
121000010,9339,6615,2724
121000011,10670,14190,-3520
121000012,18566,11970,6596
121000013,5479,7732,-2253
121000014,6624,6052,572
121000015,4580,7523,-2943
121000016,4331,3705,626
121000017,2270,4203,-1933
121000018,3124,1846,1278
121000019,17979,13718,4261
121000020,15762,18575,-2813
121000021,2933,3159,-226
121000022,2680,3316,-636
121000023,4360,3160,1200
121000024,5178,4888,290
121000025,759,1690,-931
121000026,454,172,282
121000027,1786,1311,475
121000028,1152,681,471
121000029,1192,821,371
121000030,822,527,295
121000031,878,818,60
121000032,292,124,168
121000034,517,268,249
121000035,175,213,-38
121000036,1125,913,212
121000037,622,613,9
121000038,651,1103,-452
121000039,389,623,-234
121000041,676,587,89
121000042,421,426,-5
121000043,848,709,139
121000044,1568,977,591
121000045,490,364,126
121000046,969,1188,-219
121000047,85,125,-40
121000049,1591,714,877
121000050,396,1166,-770
121000051,670,350,320
121000052,402,685,-283
121000053,416,133,283
121000054,74,401,-327
121000055,1220,1369,-149
121000056,894,1218,-324
121000057,521,622,-101
121000058,510,275,235
121000059,2803,1761,1042
121000060,684,1077,-393
121000061,138,516,-378
121000062,234,393,-159
121000063,970,950,20
121000064,931,1161,-230
121000065,582,683,-101
121000066,832,809,23
121000067,807,884,-77
121000068,1017,645,372
121000069,1286,1411,-125
121000070,2146,1581,565
121000071,1574,1441,133
121000072,1855,956,899
121000073,1152,1138,14
121000074,190,195,-5
121000075,91,903,-812
121000076,1516,652,864
121000077,167,305,-138
121000078,146,226,-80
121000080,2553,809,1744
121000081,6638,3575,3063
121000082,142,379,-237
121000083,222,179,43
121000084,219,218,1
121000085,402,473,-71
121000086,313,802,-489
121000087,75,397,-322
121000088,603,698,-95
121000089,567,546,21
121000090,618,485,133
121000091,1756,1239,517
121000092,224,101,123
121000093,231,296,-65
121000094,675,1023,-348
121000095,432,862,-430
121000096,2686,2891,-205
121000097,1279,2751,-1472
121000098,773,1276,-503
121000099,744,826,-82
121000100,978,445,533
121000101,420,363,57
121000102,352,331,21
121000103,290,312,-22
121000104,385,193,192
121000105,691,308,383
121000106,522,461,61
121000107,2184,3494,-1310
121000109,1534,1246,288
121000110,409,746,-337
121000114,3270,2236,1034
121000115,1170,767,403
121000116,316,1026,-710
121000117,904,298,606
121000118,1573,254,1319
121000119,344,479,-135
121000120,331,494,-163
121000121,671,1554,-883
121000123,2064,941,1123
121000126,135,348,-213
121000127,194,84,110
121000128,1055,517,538
121000129,952,663,289
121000130,728,1063,-335
121000131,2882,2300,582
121000132,2018,2046,-28
121000135,648,1060,-412
121000136,1523,1330,193
121000137,675,419,256
121000138,1158,1839,-681
121000139,654,686,-32
121000141,242,175,67
121000142,802,1094,-292
121000143,163,29,134
121000144,1472,2428,-956
121000145,639,1155,-516
121000146,1458,1132,326
121000147,1045,585,460
121000148,1209,1175,34
121000149,2330,1307,1023
121000152,503,504,-1
121000153,1882,765,1117
121000154,1165,656,509
121000155,2076,1202,874
121000156,530,1100,-570
121000157,1138,1742,-604
121000158,480,506,-26
121000159,266,405,-139
121000160,324,484,-160
121000161,270,323,-53
121000162,171,229,-58
121000165,1777,2241,-464
121000166,39,395,-356
121000168,364,235,129
121000169,79,211,-132
121000170,333,118,215
121000171,153,207,-54
121000172,800,600,200
121000173,1428,1235,193
121000174,390,398,-8
121000175,1045,394,651
121000176,419,292,127
121000177,990,721,269
121000178,187,72,115
121000179,121,56,65
121000181,550,461,89
121000182,167,278,-111
121000183,103,115,-12
121000184,161,135,26
121000185,62,212,-150
121000186,269,882,-613
121000187,250,174,76
121000188,260,234,26
121000192,1106,464,642
121000193,683,629,54
121000194,2494,2482,12
121000195,362,928,-566
121000196,728,326,402
121000197,225,787,-562
121000198,222,159,63
121000199,146,352,-206
121000200,537,108,429
121000201,6,228,-222
121000202,931,119,812
121000203,959,2061,-1102
121000204,3044,919,2125
121000205,225,430,-205
121000206,275,71,204
121000207,2450,473,1977
121000208,4,330,-326
121000209,398,274,124
121000210,608,347,261
121000211,293,141,152
121000212,480,587,-107
121000213,10179,3365,6814
121000214,1110,2359,-1249
121000215,1096,1088,8
121000216,674,696,-22
121000217,3969,2314,1655
121000218,384,1554,-1170
121000219,1460,412,1048
121000220,181,66,115
121000221,102,219,-117
121000222,2200,2472,-272
121000223,555,417,138
121000224,320,220,100
121000225,1069,1859,-790
121000226,2390,1065,1325
121000227,6,150,-144
121000228,24,533,-509
121000229,381,353,28
121000230,77,1453,-1376
121000231,1040,32,1008
121000232,504,285,219
121000233,605,444,161
121000234,25,40,-15
121000235,101,108,-7
121000236,20,34,-14
121000237,44,25,19
121000238,10,63,-53
121000239,52,5,47
121000240,18,155,-137
121000241,83,26,57
121000242,77,304,-227
121000243,650,190,460
121000244,19,96,-77
121000245,118,33,85
121000246,0,106,-106
121000247,97,3,94
121000248,1706,545,1161
121000249,108,306,-198
121000250,622,203,419
121000251,18,349,-331
121000252,117,73,44
121000253,330,396,-66
121000254,606,181,425
121000255,227,237,-10
121000256,360,160,200
121000257,39,90,-51
121000258,124,61,63
121000259,60,67,-7
121000260,99,97,2
121000261,86,50,36
121000262,1137,909,228
121000263,510,384,126
121000271,367,1551,-1184
121000273,22,13,9
121000274,12,41,-29
121000275,5,3,2
121000276,4,16,-12
121000278,43,32,11
121000279,23,14,9
121000280,35,36,-1
121000289,174,23,151
121000290,1190,996,194
121000294,170,177,-7
121000297,918,1140,-222
121000299,186,490,-304
121000300,1073,560,513
121000302,68,1350,-1282
121000303,445,463,-18
121000304,533,67,466
121000305,200,56,144
121000306,135,180,-45
121000308,145,385,-240
121000309,462,516,-54
121000310,146,349,-203
121000311,92,935,-843
121000312,483,355,128
121000313,382,575,-193
121000314,134,165,-31
121000315,55,129,-74
121000530,1572,1334,238
121000531,1475,1443,32
121000532,6821,8298,-1477
121000533,3389,3708,-319
121000918,50,119,-69
121000919,52,72,-20
121000938,164,330,-166
121000939,133,374,-241
121000956,1430,1296,134
121000957,4,29,-25
121000958,41,82,-41
121000959,830,715,115
121000960,1699,1931,-232
121000961,288,236,52
121000962,335,444,-109
121000973,0,164,-164
121000976,34,271,-237
121000979,590,231,359
121000981,396,399,-3
121000982,281,133,148
121000983,484,443,41
121000984,42,96,-54
121000985,838,439,399
121000986,408,227,181
121000987,284,731,-447
121000988,873,104,769
121001302,269,112,157
121001308,2,12,-10
121001309,99,120,-21
121001313,237,217,20
121001314,1920,2801,-881
121001315,4708,2832,1876
121900001,101,163,-62
121900002,44,29,15
121900003,585,13,572
121900004,151,436,-285
121900005,29,16,13
121900006,135,32,103
121900007,2244,2449,-205
121900008,3110,1657,1453
121900009,752,15,737
121900010,283,3,280
121900011,443,556,-113
121900012,37,1,36
121900013,1289,118,1171
121900014,1455,476,979
121900015,299,296,3
121900016,3,44,-41
121900017,443,534,-91
121900018,433,11,422
121900019,663,293,370
121900020,19,4,15
121900021,1126,43,1083
121900022,382,317,65
121900023,269,371,-102
121900024,377,118,259
121900025,840,532,308
121900026,474,84,390
121900027,556,243,313
121900028,298,18,280
121900029,127,203,-76
121900030,640,680,-40
121900031,1102,6709,-5607
121900032,115,93,22
121900033,254,250,4
121900034,346,101,245
121900035,3821,2410,1411
121900036,74,333,-259
121900037,209,1168,-959
121900038,75,161,-86
121900039,487,102,385
121900040,168,123,45
121900041,157,256,-99
121900042,481,199,282
121900043,5,3,2
121900044,210,74,136
121900046,389,495,-106
121900047,262,89,173
121900048,57,129,-72
121900050,50,55,-5
121900051,215,204,11
121900052,237,57,180
121900053,592,371,221
121900054,594,1166,-572
121900055,19,26,-7
121900058,285,180,105
121900059,657,254,403
121900060,185,372,-187
121900061,235,245,-10
121900062,214,171,43
121900063,1552,512,1040
121900064,287,661,-374
121900066,92,43,49
121900067,73,60,13
121900069,211,218,-7
121900070,432,234,198
121900071,415,261,154
121900072,81,125,-44
121900073,321,224,97
121900074,964,1337,-373
121900075,580,603,-23
121900076,475,645,-170
121900077,39,30,9
121900078,98,67,31
121900079,1,0,1
121900080,1137,500,637
121900082,89,89,0
121900084,43,155,-112
121900085,5,16,-11
121900086,27,68,-41
121900087,206,155,51
121900088,2756,3988,-1232
121900089,258,414,-156
121900090,50,108,-58
121900091,89,95,-6
121900092,146,128,18
121900093,123,93,30
121900094,29,12,17
121900095,319,171,148
121900096,1517,1199,318
121900097,665,254,411
121900098,10,14,-4
121900099,269,109,160
121900100,342,710,-368
121900101,265,191,74
121900102,4,229,-225
121900103,590,301,289
121900104,1659,329,1330
121900105,350,201,149
121900106,20,11,9
121900107,83,54,29
121900108,7,36,-29
121900109,412,141,271
121900110,547,848,-301
121900111,699,353,346
121900112,286,193,93
121900113,95,454,-359
121900114,127,133,-6
121900117,435,204,231
121900118,2137,815,1322
121900119,148,101,47
121900120,84,1485,-1401
121900121,585,77,508
121900122,33,106,-73
121900123,310,549,-239
121900124,169,200,-31
121900125,3125,1248,1877
121900127,13,123,-110
121900128,90,126,-36
121900129,635,216,419
121900130,120,348,-228
121900131,271,97,174
121900132,102,130,-28
121900133,107,1190,-1083
121900134,75,326,-251
121900135,3627,518,3109
121900136,388,327,61
121900137,77,424,-347
121900138,124,241,-117
121900139,456,732,-276
121900140,98,189,-91
121900141,65,54,11
121900142,167,154,13
121900143,37,193,-156
121900144,174,333,-159
121900145,254,378,-124
121900146,729,885,-156
121900147,67,251,-184
121900148,263,369,-106
121900149,448,677,-229
121900150,88,156,-68
121900151,153,262,-109
121900152,155,151,4
121900153,148,899,-751
121900154,35,280,-245
121900155,11,389,-378
121900156,276,225,51
121900157,5,407,-402
121900158,106,130,-24
121900159,1,237,-236
121900160,33,225,-192
121900161,456,514,-58
121900162,134,228,-94
121900163,209,650,-441
121900164,441,264,177
121900165,354,194,160
121900166,209,175,34
121900167,170,156,14
121900168,157,296,-139
121900169,4,222,-218
121900170,21,183,-162
121900171,928,810,118
121900172,575,277,298
121900173,1001,305,696
121900174,65,96,-31
121900175,313,203,110
121900176,628,1368,-740
121900177,261,100,161
121900178,39,62,-23
121900179,434,289,145
121900180,4205,5152,-947
121900182,771,411,360
121900183,783,1565,-782
121900184,97,720,-623
121900186,8,388,-380
121900187,63,206,-143
121900188,560,477,83
121900189,64,188,-124
121900190,366,460,-94
121900191,141,200,-59
121900192,448,880,-432
121900193,52,145,-93
121900194,18,344,-326
121900195,125,134,-9
121900196,1005,1273,-268
121900197,356,1508,-1152
121900198,1550,1213,337
121900199,5,32,-27
121900200,111,292,-181
121900201,1200,1065,135
121900202,210,848,-638
121900203,289,1422,-1133
121900204,925,1183,-258
121900205,22,127,-105
121900206,33,67,-34
121900207,165,50,115
121900208,187,366,-179
121900209,116,52,64
121900210,1702,1277,425
121900211,14,100,-86
121900212,239,143,96
121900213,239,80,159
121900214,12,502,-490
121900215,51,194,-143
121900216,61,329,-268
121900217,318,217,101
121900218,295,491,-196
121900220,183,11,172
121900221,311,604,-293
121900222,244,165,79
121900223,254,74,180
121900224,121,60,61
121900225,118,160,-42
121900226,408,1807,-1399
121900227,316,673,-357
121900228,196,310,-114
121900230,178,676,-498
121900231,801,4046,-3245
121900232,345,403,-58
121900233,284,322,-38
121900234,328,294,34
121900235,579,206,373
121900236,368,193,175
121900237,186,387,-201
121900238,165,338,-173
121900239,312,68,244
121900240,367,208,159
121900241,124,116,8
121900242,9,1,8
121900243,30,0,30
121900244,52,5,47
121900245,236,137,99
121900246,2647,326,2321
121900247,332,334,-2
121900248,1710,1488,222
121900250,309,345,-36
121900251,505,43,462
121900252,722,176,546
121900253,101,809,-708
121900254,464,358,106
121900255,441,162,279
121900258,4123,2450,1673
121900259,447,663,-216
121900260,163,200,-37
121900261,220,688,-468
121900262,461,910,-449
121900263,398,253,145
121900264,1852,1652,200
121900265,362,257,105
121900266,542,210,332
121900267,92,48,44
121900269,312,762,-450
121900270,34,204,-170
121900271,48,169,-121
121900273,600,2005,-1405
121900274,295,312,-17
121900277,712,1244,-532
121900278,105,920,-815
121900279,154,227,-73
121900280,269,601,-332
121900281,764,991,-227
121900284,182,13,169
121900286,125,97,28
121900287,15,19,-4
121900288,1,4,-3
121900290,222,448,-226
121900291,391,717,-326
121900292,214,183,31
121900293,1155,2935,-1780
121900294,305,9,296
121900295,194,226,-32
121900296,97,426,-329
121900298,311,836,-525
121900299,4,9,-5
121900300,105,14,91
121900301,100,2,98
121900302,7,67,-60
121900303,354,502,-148
121900304,9,16,-7
121900305,10,10,0
121900306,197,3,194
121900307,99,20,79
121900308,34,291,-257
121900309,18,269,-251
121900310,37,357,-320
121900311,415,26,389
121900312,330,29,301
121900313,408,15,393
121900314,12,53,-41
121900315,16,0,16
121900316,0,24,-24
121900317,27,21,6
121900318,2,24,-22
121900319,39,97,-58
121900320,85,69,16
121900321,17,4,13
121900322,1,19,-18
121900323,45,28,17
121900324,4,42,-38
121900325,7,0,7
121900326,6,17,-11
121900327,7,43,-36
121900328,0,29,-29
121900329,0,171,-171
121900330,0,40,-40
121900331,68,46,22
121900332,129,48,81
121900333,22,2,20
122000001,2651,5669,-3018
122000002,4494,1779,2715
122000003,2376,3015,-639
122000004,3216,1751,1465
122000005,2665,2009,656
122000006,2073,1173,900
122000007,1234,1965,-731
122000008,4058,5600,-1542
122000009,475,519,-44
122000010,2479,3142,-663
122000011,3948,1935,2013
122000012,1349,2136,-787
122000013,1524,1028,496
122000014,1648,1314,334
122000015,1455,1289,166
122000016,662,987,-325
122000017,1263,1197,66
122000018,1565,1449,116
122000019,892,1267,-375
122000020,280,267,13
122000021,387,546,-159
122000022,1484,1239,245
122000023,745,1956,-1211
122000024,972,1487,-515
122000025,1177,2067,-890
122000026,1210,1333,-123
122000027,646,2207,-1561
122000028,995,549,446
122000029,629,517,112
122000030,281,149,132
122000031,185,319,-134
122000032,1915,1885,30
122000033,794,1516,-722
122000034,874,757,117
122000035,406,826,-420
122000036,647,565,82
122000037,586,290,296
122000038,305,378,-73
122000039,686,495,191
122000040,353,345,8
122000041,577,614,-37
122000042,372,455,-83
122000043,162,136,26
122000044,156,171,-15
122000045,1281,565,716
122000046,887,830,57
122000047,333,248,85
122000048,3618,4714,-1096
122000049,6177,3835,2342
122000050,1584,908,676
122000051,422,361,61
122000052,654,500,154
122000053,190,823,-633
122000054,2782,2138,644
122000055,2393,3520,-1127
122000056,5058,3740,1318
122000057,3772,4221,-449
122000058,2954,1732,1222
122000059,3392,2198,1194
122000060,792,741,51
122000061,666,648,18
122000062,859,388,471
122000063,1234,777,457
122000064,3098,3348,-250
122000065,4036,2809,1227
122000066,1259,1086,173
122000067,1671,1224,447
122000068,1474,1062,412
122000069,736,792,-56
122000070,950,1567,-617
122000071,1692,1319,373
122000072,462,540,-78
122000073,445,934,-489
122000074,2901,1726,1175
122000075,960,1252,-292
122000076,2786,1396,1390
122000077,1258,963,295
122000078,2403,3246,-843
122000079,1029,1475,-446
122000080,866,420,446
122000081,235,324,-89
122000082,664,1032,-368
122000083,1743,1822,-79
122000084,1596,992,604
122000085,285,1193,-908
122000086,2549,5625,-3076
122000087,496,224,272
122000088,463,727,-264
122000089,5730,2696,3034
122000090,324,561,-237
122000091,208,81,127
122000092,198,32,166
122000093,1916,2353,-437
122000094,6156,3342,2814
122000095,3026,4963,-1937
122000096,2855,2103,752
122000098,3619,2910,709
122000099,1719,763,956
122000100,1090,580,510
122000101,453,699,-246
122000102,2227,1516,711
122000103,2173,1899,274
122000104,365,182,183
122000105,541,282,259
122000106,583,707,-124
122000107,1135,499,636
122000108,517,764,-247
122000109,626,320,306
122000110,575,656,-81
122000111,2873,1565,1308
122000112,1071,1508,-437
122000113,849,769,80
122000114,3075,1579,1496
122000115,2081,1415,666
122000116,606,664,-58
122000117,1413,527,886
122000118,681,984,-303
122000119,3965,2843,1122
122000120,2241,5111,-2870
122000121,2534,3536,-1002
122000122,874,2038,-1164
122000123,2079,2190,-111
122000124,1447,831,616
122000125,786,893,-107
122000126,959,1522,-563
122000127,1379,1538,-159
122000128,576,905,-329
122000129,550,1673,-1123
122000130,3749,1608,2141
122000131,1930,1480,450
122000132,659,817,-158
122000133,1096,1644,-548
122000134,1173,935,238
122000135,842,921,-79
122000136,941,779,162
122000137,2063,1108,955
122000139,1263,4125,-2862
122000140,945,787,158
122000141,4633,1235,3398
122000142,438,1022,-584
122000143,679,508,171
122000144,1651,1876,-225
122000145,1559,1118,441
122000146,1095,1710,-615
122000147,731,601,130
122000148,1838,2843,-1005
122000149,2489,2047,442
122000150,1356,1230,126
122000151,192,463,-271
122000152,439,478,-39
122000153,485,430,55
122000154,286,300,-14
122000155,1772,2796,-1024
122000156,2826,3042,-216
122000157,1597,2679,-1082
122000158,443,777,-334
122000159,993,2136,-1143
122000160,4444,2798,1646
122000161,1322,1473,-151
122000162,2423,2210,213
122000163,376,147,229
122000164,61,143,-82
122000165,998,653,345
122000166,902,1111,-209
122000167,310,294,16
122000168,231,586,-355
122000169,380,171,209
122000170,406,241,165
122000171,47,99,-52
122000172,1850,1415,435
122000173,1861,2546,-685
122000174,2365,1139,1226
122000175,1140,303,837
122000176,423,814,-391
122000177,1587,1553,34
122000178,2962,2500,462
122000179,1962,2581,-619
122000180,2049,1538,511
122000181,1932,3196,-1264
122000182,2147,2079,68
122000183,2487,1267,1220
122000184,3527,2743,784
122000185,1643,1908,-265
122000186,589,875,-286
122000187,2049,932,1117
122000188,487,256,231
122000189,336,336,0
122000190,1109,1082,27
122000191,1030,838,192
122000192,1092,436,656
122000193,504,898,-394
122000194,499,236,263
122000195,161,520,-359
122000196,1508,790,718
122000197,551,986,-435
122000198,596,1075,-479
122000199,477,371,106
122000200,986,764,222
122000201,1527,1772,-245
122000202,1333,1663,-330
122000203,3149,1609,1540
122000204,1708,2203,-495
122000205,1568,1752,-184
122000206,2251,1148,1103
122000207,1938,1678,260
122000208,2321,1461,860
122000209,2169,408,1761
122000210,2090,2031,59
122000211,1472,1478,-6
122000212,917,572,345
122000213,1261,1399,-138
122000214,2436,1779,657
122000215,2435,1876,559
122000217,2177,1686,491
122000218,846,131,715
122000219,1450,1034,416
122000220,461,781,-320
122000221,91,429,-338
122000222,663,170,493
122000223,1478,689,789
122000225,817,328,489
122000226,2211,1963,248
122000227,379,2379,-2000
122000228,529,462,67
122000229,41,511,-470
122000230,138,545,-407
122000231,369,909,-540
122000232,712,1160,-448
122000233,5,119,-114
122000234,402,96,306
122000235,520,179,341
122000236,1267,148,1119
122000237,203,113,90
122000238,455,421,34
122000239,838,220,618
122000240,1481,809,672
122000241,1882,564,1318
122000242,1205,192,1013
122000243,32,39,-7
122000244,17,343,-326
122000245,22,105,-83
122000246,17,91,-74
122000247,655,351,304
122000248,1024,1769,-745
122000249,1127,863,264
122000250,2475,1110,1365
122000251,271,508,-237
122000252,681,150,531
122000253,101,286,-185
122000254,344,128,216
122000255,944,1704,-760
122000256,415,928,-513
122000257,211,337,-126
122000258,349,236,113
122000259,17,455,-438
122000260,10,66,-56
122000261,39,246,-207
122000262,0,53,-53
122000263,641,160,481
122000264,1810,347,1463
122000265,2388,986,1402
122000266,4620,826,3794
122000267,239,147,92
122000268,223,354,-131
122000269,977,417,560
122000270,769,201,568
122000271,320,995,-675
122000272,440,1023,-583
122000273,577,376,201
122000274,308,265,43
122000275,158,205,-47
122000276,807,645,162
122000277,1370,1788,-418
122000278,1882,693,1189
122000279,330,515,-185
122000280,1001,795,206
122000281,957,819,138
122000282,268,606,-338
122000283,323,202,121
122000284,285,120,165
122000285,358,116,242
122000286,73,158,-85
122000287,1304,1485,-181
122000288,493,266,227
122000291,2166,739,1427
122000293,401,280,121
122000294,147,206,-59
122000295,1302,220,1082
122000296,58,400,-342
122000297,2491,3091,-600
122000299,695,397,298
122000300,617,604,13
122000301,9059,3562,5497
122000302,578,1490,-912
122000303,2854,1331,1523
122000304,93,227,-134
122000305,1219,244,975
122000306,55,618,-563
122000307,116,145,-29
122000309,53,46,7
122000310,22,134,-112
122000311,256,174,82
122000312,147,217,-70
122000313,156,76,80
122000314,114,225,-111
122000315,253,71,182
122000316,761,227,534
122000317,1587,284,1303
122000318,352,811,-459
122000319,197,359,-162
122000320,280,1121,-841
122000321,109,173,-64
122000322,2701,2193,508
122000323,1590,2546,-956
122000324,1200,1126,74
122000325,1040,1892,-852
122000326,108,92,16
122000327,521,718,-197
122000328,866,712,154
122000330,2445,1077,1368
122000332,231,354,-123
122000333,11,79,-68
122000337,1113,1414,-301
122000338,485,486,-1
122000340,454,580,-126
122000342,1835,961,874
122000343,527,1099,-572
122000344,80,10,70
122000345,36,37,-1
122000346,438,589,-151
122000348,831,764,67
122000349,200,1030,-830
122000351,121,207,-86
122000352,380,199,181
122000353,97,58,39
122000355,144,316,-172
122000356,1405,1466,-61
122000357,126,28,98
122000358,1,77,-76
122000359,0,39,-39
122000360,1,73,-72
122000362,15,85,-70
122000364,252,414,-162
122000365,5,70,-65
122000366,7,13,-6
122000368,554,801,-247
122000370,69,64,5
122000371,32,1,31
122000372,10,2,8
122000381,155,432,-277
122000382,108,210,-102
122000384,2936,1318,1618
122000385,83,0,83
122000386,397,1509,-1112
122000387,680,765,-85
122000388,1540,767,773
122000389,202,766,-564
122000390,427,313,114
122000391,367,230,137
122000392,180,227,-47
122000393,61,174,-113
122000394,728,341,387
122000395,173,135,38
122000396,350,130,220
122000397,15,71,-56
122000398,26,41,-15
122000399,161,81,80
122000400,204,673,-469
122000401,177,81,96
122000402,348,185,163
122000403,538,712,-174
122000404,168,238,-70
122000408,921,1270,-349
122000503,22,119,-97
122000524,287,196,91
122000544,107,2386,-2279
122000616,324,1,323
122000640,143,112,31
122000641,146,339,-193
122000642,1180,1035,145
122000643,76,202,-126
122000644,160,62,98
122000645,146,184,-38
122000651,1528,1086,442
122000664,124,39,85
122000665,1387,600,787
122000666,862,1231,-369
122000673,36,235,-199
122000674,166,62,104
122000675,1711,888,823
122000686,472,1108,-636
122000687,1471,322,1149
122000688,401,531,-130
122000689,919,366,553
122000690,2274,511,1763
122000691,1261,1467,-206
122000692,1609,698,911
122000693,487,1958,-1471
122000695,314,375,-61
122000696,406,276,130
122000698,395,579,-184
122000699,179,118,61
122000701,1506,351,1155
122000702,585,967,-382
122000703,164,73,91
122000717,47,51,-4
122000718,187,675,-488
122000719,110,99,11
122000720,507,196,311
122000724,122,39,83
122900001,67,11,56
122900002,1183,4937,-3754
122900003,416,69,347
122900004,1792,98,1694
122900005,164,111,53
122900006,1035,895,140
122900007,160,96,64
122900008,617,204,413
122900009,994,676,318
122900010,369,161,208
122900012,314,600,-286
122900014,191,311,-120
122900015,2205,1480,725
122900016,159,326,-167
122900017,348,1087,-739
122900018,232,39,193
122900019,12,118,-106
122900020,186,523,-337
122900021,38,385,-347
122900022,1001,868,133
122900023,666,249,417
122900024,175,175,0
122900025,12,431,-419
122900026,93,318,-225
122900027,95,468,-373
122900028,140,214,-74
122900029,4336,3189,1147
122900030,1006,685,321
122900031,92,258,-166
122900032,136,404,-268
122900033,234,173,61
122900034,4729,5531,-802
122900035,49,44,5
122900036,102,158,-56
122900037,408,177,231
122900038,198,2884,-2686
122900039,149,612,-463
122900040,275,558,-283
122900041,365,445,-80
122900042,213,369,-156
122900043,412,239,173
122900044,133,360,-227
122900045,121,146,-25
122900046,254,341,-87
122900047,161,252,-91
122900048,112,210,-98
122900049,1544,153,1391
122900051,140,175,-35
122900052,163,146,17
122900053,35,39,-4
122900055,501,154,347
122900057,260,99,161
122900061,489,297,192
122900062,584,687,-103
122900063,154,328,-174
122900064,785,621,164
122900065,623,318,305
122900066,834,476,358
122900067,1401,833,568
122900068,184,446,-262
122900069,318,1605,-1287
122900070,303,60,243
122900071,125,322,-197
122900072,16,373,-357
122900073,49,203,-154
122900074,976,629,347
122900075,3,75,-72
122900076,10,158,-148
122900077,1,135,-134
122900078,246,92,154
122900080,50,47,3
122900081,208,217,-9
122900082,999,340,659
122900083,213,220,-7
122900084,18,257,-239
122900086,28,97,-69
122900087,365,476,-111
122900088,78,235,-157
122900089,90,309,-219
122900090,12,389,-377
122900091,311,1,310
122900092,1,202,-201
122900093,0,213,-213
122900094,16,241,-225
122900095,234,19,215
122900096,338,168,170
122900097,33,46,-13
122900098,95,151,-56
122900099,93,28,65
122900100,303,410,-107
122900101,730,351,379
122900102,15,44,-29
122900103,148,7,141
122900104,218,17,201
122900105,14,16,-2
122900106,7,68,-61
122900107,13,160,-147
122900108,5,167,-162
123000001,1314,557,757
123000002,3830,5358,-1528
123000003,3858,4086,-228
123000004,3040,4112,-1072
123000005,2913,2907,6
123000006,2254,2597,-343
123000007,3916,2734,1182
123000008,2608,3039,-431
123000009,4408,2771,1637
123000010,3039,3036,3
123000011,2265,792,1473
123000012,689,1931,-1242
123000013,3430,887,2543
123000014,750,3329,-2579
123000015,3584,1198,2386
123000016,4174,4632,-458
123000017,3535,1966,1569
123000018,83,119,-36
123000019,415,195,220
123000020,275,89,186
123000021,157,268,-111
123000022,423,1849,-1426
123000023,1680,1758,-78
123000024,1465,681,784
123000025,98,171,-73
123000026,279,109,170
123000027,227,712,-485
123000028,1837,836,1001
123000029,1036,1525,-489
123000030,301,378,-77
123000031,354,358,-4
123000032,482,178,304
123000033,234,89,145
123000034,1097,919,178
123000035,415,368,47
123000036,272,1007,-735
123000037,241,392,-151
123000038,108,201,-93
123000039,396,1475,-1079
123000040,795,395,400
123000041,1312,1264,48
123000042,926,733,193
123000043,3358,10439,-7081
123000044,4932,3108,1824
123000045,8154,3632,4522
123000046,888,1916,-1028
123000047,2122,1136,986
123000048,131,920,-789
123000049,7178,10805,-3627
123000050,1581,1657,-76
123000051,145,218,-73
123000052,848,3709,-2861
123000053,2819,3861,-1042
123000054,1636,2014,-378
123000055,1601,2674,-1073
123000056,1044,1948,-904
123000057,12197,8356,3841
123000058,782,1290,-508
123000059,540,659,-119
123000060,1045,565,480
123000061,322,715,-393
123000063,973,1011,-38
123000064,1229,338,891
123000065,4923,3139,1784
123000066,770,656,114
123000067,806,574,232
123000068,3107,3159,-52
123000069,7379,3538,3841
123000070,298,762,-464
123000071,1092,973,119
123000072,1144,985,159
123000073,1302,792,510
123000074,1203,1072,131
123000075,472,1216,-744
123000076,897,742,155
123000077,2120,2513,-393
123000078,1652,1630,22
123000079,1591,1748,-157
123000080,2397,1687,710
123000081,242,456,-214
123000082,441,1141,-700
123000083,1209,371,838
123000084,634,500,134
123000085,455,117,338
123000086,672,225,447
123000087,440,344,96
123000088,1333,821,512
123000089,525,1033,-508
123000090,1177,846,331
123000091,1565,1413,152
123000092,1022,1110,-88
123000094,739,274,465
123000095,655,689,-34
123000096,817,448,369
123000097,541,734,-193
123000098,999,640,359
123000099,771,800,-29
123000100,570,823,-253
123000101,690,818,-128
123000102,577,737,-160
123000104,478,429,49
123000105,720,536,184
123000106,572,452,120
123000107,439,570,-131
123000108,722,1217,-495
123000111,972,386,586
123000112,1476,608,868
123000113,584,1369,-785
123000114,410,714,-304
123000115,471,238,233
123000116,41,120,-79
123000117,1761,2009,-248
123000118,502,867,-365
123000119,269,827,-558
123000120,400,914,-514
123000121,524,529,-5
123000122,388,281,107
123000123,390,515,-125
123000124,474,498,-24
123000125,1306,1350,-44
123000126,1458,4888,-3430
123000127,759,775,-16
123000128,379,299,80
123000129,878,320,558
123000130,785,113,672
123000131,992,690,302
123000132,391,650,-259
123000133,212,341,-129
123000134,301,143,158
123000135,2621,1321,1300
123000136,290,825,-535
123000137,143,310,-167
123000138,132,495,-363
123000139,677,177,500
123000140,194,902,-708
123000141,1095,202,893
123000142,912,1005,-93
123000143,1101,1860,-759
123000144,38,35,3
123000145,193,268,-75
123000146,83,79,4
123000147,116,89,27
123000149,330,423,-93
123000150,149,276,-127
123000151,282,461,-179
123000152,116,461,-345
123000153,173,699,-526
123000154,1841,2221,-380
123000155,2473,1347,1126
123000156,40,157,-117
123000157,579,951,-372
123000158,669,850,-181
123000159,3392,2862,530
123000160,1077,824,253
123000161,2070,1361,709
123000162,1069,1691,-622
123000163,712,170,542
123000164,1809,352,1457
123000165,539,1399,-860
123000166,56,149,-93
123000167,151,294,-143
123000168,321,264,57
123000169,848,160,688
123000170,86,236,-150
123000171,897,13,884
123000172,248,548,-300
123000173,696,359,337
123000174,1202,542,660
123000175,731,1282,-551
123000176,1309,348,961
123000177,450,1137,-687
123000178,860,238,622
123000179,65,558,-493
123000180,1703,357,1346
123000181,346,1289,-943
123000182,251,475,-224
123000183,218,607,-389
123000184,137,622,-485
123000185,854,331,523
123000186,2,546,-544
123000187,679,11,668
123000188,204,4,200
123000189,214,144,70
123000190,60,78,-18
123000192,21,403,-382
123000193,86,838,-752
123000194,595,326,269
123000195,418,67,351
123000196,353,34,319
123000197,71,161,-90
123000198,32,447,-415
123000199,9,611,-602
123000200,721,14,707
123000201,1310,49,1261
123000202,29,992,-963
123000203,1109,117,992
123000204,99,1053,-954
123000205,644,1604,-960
123000206,2507,333,2174
123000207,90,773,-683
123000208,648,290,358
123000209,2386,720,1666
123000210,534,1860,-1326
123000211,631,2452,-1821
123000212,3370,701,2669
123000213,727,133,594
123000215,83,272,-189
123000216,212,959,-747
123000217,245,38,207
123000218,87,828,-741
123000219,907,104,803
123000220,566,147,419
123000221,206,139,67
123000222,541,511,30
123000223,482,309,173
123000224,510,467,43
123000225,390,70,320
123000226,91,374,-283
123000227,81,355,-274
123000228,384,68,316
123000229,1005,1578,-573
123000232,143,620,-477
123000233,865,223,642
123000234,197,655,-458
123000235,1321,336,985
123000236,339,747,-408
123000237,323,122,201
123000238,108,521,-413
123000239,522,1373,-851
123000240,94,493,-399
123000241,584,90,494
123000242,268,210,58
123000243,625,818,-193
123000244,947,689,258
123000245,94,126,-32
123000249,320,458,-138
123000252,927,355,572
123000253,1366,658,708
123000254,754,1008,-254
123000255,1233,1157,76
123000256,41,323,-282
123000257,2926,2010,916
123000258,1068,801,267
123000259,389,435,-46
123000260,545,499,46
123000261,340,174,166
123000262,121,174,-53
123000263,522,111,411
123000264,240,108,132
123000265,51,175,-124
123000266,697,784,-87
123000267,745,469,276
123000268,82,61,21
123000269,58,65,-7
123000270,35,48,-13
123000271,50,67,-17
123000272,839,316,523
123000273,235,639,-404
123000274,1192,624,568
123000275,482,864,-382
123000278,2674,2552,122
123000279,116,90,26
123000280,333,382,-49
123000281,380,145,235
123000282,209,336,-127
123000283,185,60,125
123000284,63,96,-33
123000286,280,360,-80
123000287,632,319,313
123000288,1704,1034,670
123000289,419,1228,-809
123000291,355,816,-461
123000294,166,202,-36
123000295,949,850,99
123000296,508,366,142
123000297,792,517,275
123000298,767,527,240
123000299,53,162,-109
123000300,1055,933,122
123000301,221,332,-111
123000302,106,232,-126
123000303,115,193,-78
123000305,884,827,57
123000306,214,187,27
123000309,71,63,8
123000310,68,42,26
123000311,0,80,-80
123000312,444,807,-363
123000313,700,259,441
123000315,190,399,-209
123000316,968,94,874
123000317,172,83,89
123000318,68,210,-142
123000329,14,6,8
123000337,926,372,554
123000338,528,41,487
123000339,393,190,203
123000340,196,416,-220
123000342,31,18,13
123000343,66,29,37
123000344,1202,552,650
123000345,341,824,-483
123000346,322,38,284
123000352,1426,812,614
123000353,47,80,-33
123000354,315,17,298
123000355,1,304,-303
123000356,404,18,386
123000357,3,172,-169
123000359,10,147,-137
123000360,233,86,147
123000361,231,341,-110
123000362,546,132,414
123000363,112,204,-92
123000364,569,576,-7
123000365,35,418,-383
123000366,438,2180,-1742
123000367,386,1062,-676
123000370,41,355,-314
123000371,596,45,551
123000372,460,35,425
123000373,10,396,-386
123000374,54,192,-138
123000375,450,50,400
123000376,895,664,231
123000377,471,25,446
123000378,24,302,-278
123000379,8,257,-249
123000380,77,502,-425
123000381,147,118,29
123000382,1152,121,1031
123000383,219,1245,-1026
123000384,526,132,394
123000385,167,567,-400
123000436,56,980,-924
123000507,131,233,-102
123000508,222,1035,-813
123000517,366,42,324
123000518,53,240,-187
123000519,242,71,171
123000520,63,300,-237
123000521,400,87,313
123000522,196,408,-212
123000541,14,4,10
123000542,0,20,-20
123000565,1,0,1
123000566,1044,590,454
123000567,102,175,-73
123000573,46,694,-648
123000574,723,81,642
123000575,1436,1026,410
123000576,1025,1279,-254
123000577,71,666,-595
123000578,442,83,359
123000579,2435,5846,-3411
123000580,100,43,57
123000582,461,34,427
123000583,28,375,-347
123000584,153,359,-206
123000585,1,108,-107
123000586,81,1,80
123000596,70,89,-19
123000597,65,151,-86
123000602,72,16,56
123000603,877,493,384
123000604,494,712,-218
123000605,727,102,625
123000606,0,297,-297
123000609,19,275,-256
123000610,226,145,81
123000613,25,222,-197
123000614,233,62,171
123000615,30,108,-78
123000616,876,73,803
123000617,144,393,-249
123000618,153,703,-550
123000619,592,58,534
123000620,26,466,-440
123000622,464,38,426
123000624,200,41,159
123000630,959,470,489
123000631,304,959,-655
123000632,864,822,42
123000633,0,168,-168
123000634,110,172,-62
123000635,114,158,-44
123000636,32,494,-462
123000637,181,79,102
123000638,505,36,469
123000639,993,4275,-3282
123000640,8,708,-700
123900001,1191,54,1137
123900002,38,1256,-1218
123900003,294,401,-107
123900005,244,183,61
123900006,253,44,209
124000001,2104,209,1895
124000002,126,1561,-1435
124000003,959,145,814
124000004,108,557,-449
124000005,1243,416,827
124000006,260,1068,-808
124000007,447,107,340
124000008,12,480,-468
124000009,639,295,344
124000010,247,374,-127
124000011,1036,434,602
124000012,339,511,-172
124000017,177,148,29
124000018,143,85,58
124000019,177,163,14
124000020,53,176,-123
124000021,109,110,-1
124000022,79,199,-120
124000023,1484,1724,-240
124000024,1012,505,507
124000025,1346,2060,-714
124000026,1082,986,96
124000027,4929,5554,-625
124000028,2087,4143,-2056
124000030,2673,1465,1208
124000031,1209,2710,-1501
124000032,2292,918,1374
124000033,4,157,-153
124000034,958,591,367
124000035,55,268,-213
124000036,100,171,-71
124000037,776,1330,-554
124000038,57,138,-81
124000039,1120,551,569
124000040,676,1442,-766
124000041,448,86,362
124000042,103,509,-406
124000043,125,117,8
124000044,78,248,-170
124000045,854,620,234
124000046,450,684,-234
124000047,1740,955,785
124000048,1225,1382,-157
124000049,1894,713,1181
124000050,922,1745,-823
124000051,1228,618,610
124000052,726,1013,-287
124000053,611,1606,-995
124000054,971,597,374
124000055,1544,2720,-1176
124000056,2348,1423,925
124000057,975,644,331
124000058,503,1177,-674
124000059,661,1309,-648
124000060,1099,691,408
124000061,1316,5324,-4008
124000062,3956,1968,1988
124000063,1291,1683,-392
124000064,2160,1360,800
124000065,22,351,-329
124000066,261,560,-299
124000067,192,201,-9
124000068,24,21,3
124000069,137,25,112
124000070,66,111,-45
124000071,446,110,336
124000072,278,433,-155
124000073,1064,176,888
124000074,237,659,-422
124000075,408,38,370
124000076,8,207,-199
124000077,1478,1149,329
124000078,3329,1439,1890
124000079,396,1784,-1388
124000080,523,208,315
124000081,250,543,-293
124000082,49,152,-103
124000083,88,112,-24
124000084,81,443,-362
124000085,103,58,45
124000086,101,101,0
124000087,221,81,140
124000088,280,464,-184
124000089,1057,344,713
124000090,114,319,-205
124000091,571,122,449
124000092,107,608,-501
124000093,161,94,67
124000094,259,483,-224
124000095,108,70,38
124000096,171,269,-98
124000097,120,127,-7
124000098,61,79,-18
124000099,324,134,190
124000100,67,119,-52
124000101,105,106,-1
124000102,121,81,40
124000103,117,109,8
124000104,107,45,62
124000105,106,116,-10
124000106,136,54,82
124000107,28,210,-182
124000108,68,20,48
124000109,154,103,51
124000110,172,95,77
124000111,227,176,51
124000112,763,655,108
124000113,118,103,15
124000114,334,445,-111
124000115,474,716,-242
124000116,141,158,-17
124000117,63,125,-62
124000118,61,117,-56
124000119,1104,639,465
124000120,645,513,132
124000121,1428,812,616
124000122,666,1275,-609
124000123,1158,532,626
124000124,378,1245,-867
124000125,485,590,-105
124000126,328,661,-333
124000127,982,423,559
124000128,651,1080,-429
124000129,2304,1882,422
124000130,870,653,217
124000131,962,722,240
124000132,1051,796,255
124000133,871,905,-34
124000134,1086,603,483
124000135,1902,1910,-8
124000136,1081,1007,74
124000137,1428,1025,403
124000138,2411,1390,1021
124000139,688,24,664
124000140,37,477,-440
124000141,134,32,102
124000142,21,162,-141
124000143,73,15,58
124000144,13,51,-38
124000145,112,43,69
124000146,48,64,-16
124000148,65,103,-38
124000149,1358,520,838
124000150,422,750,-328
124000151,995,419,576
124000152,932,1330,-398
124000153,1133,835,298
124000154,539,729,-190
124000155,1763,1131,632
124000156,1573,1219,354
124000169,249,518,-269
124000170,608,580,28
124000171,396,290,106
124000172,554,637,-83
124000173,563,251,312
124000174,404,588,-184
124000175,13,126,-113
124000176,67,27,40
124000177,20,43,-23
124000178,35,84,-49
124000190,105,72,33
124000191,174,179,-5
124000192,1673,371,1302
124000193,418,964,-546
124000194,425,505,-80
124000195,278,625,-347
124000196,1066,960,106
124000197,89,50,39
124000198,58,68,-10
124000201,447,884,-437
124000202,691,514,177
124000203,559,528,31
124000204,919,323,596
124000205,137,358,-221
124000206,723,323,400
124000207,1,56,-55
124000209,279,384,-105
124000210,566,246,320
124000211,783,1,782
124000212,0,429,-429
124000213,448,325,123
124000214,444,436,8
124000215,350,49,301
124000216,3,356,-353
124000329,222,1358,-1136
124000338,242,672,-430
124000339,1005,190,815
124000341,1506,179,1327
124000344,41,3,38
124000357,1058,2088,-1030
124000358,900,1315,-415
124000359,1066,541,525
124000360,812,407,405
124000361,1525,763,762
124000362,1209,1514,-305
124000363,221,275,-54
124000364,437,672,-235
124000365,572,1065,-493
124000366,1191,1034,157
124000367,90,469,-379
124000368,417,303,114
124000369,192,101,91
124000370,91,498,-407
124000402,41,12,29
124000403,114,19,95
124000404,25,97,-72
124000405,1169,969,200
124000406,1036,938,98
124000407,6,36,-30
124000411,15,316,-301
124000412,616,13,603
124000413,201,28,173
124000414,105,106,-1
124000415,78,111,-33
124000416,135,208,-73
124000417,194,98,96
124000418,250,103,147
124000419,164,140,24
124000420,115,69,46
124000421,59,162,-103
124000422,48,30,18
124000423,183,46,137
124000424,3,85,-82
124000425,66,22,44
124000426,7,45,-38
124000427,58,19,39
124000428,18,58,-40
124000429,83,70,13
124000430,681,486,195
124000431,240,551,-311
124000432,338,658,-320
124000439,7,9,-2
124000443,0,9,-9
124000445,216,741,-525
124000446,1081,158,923
124900001,529,359,170
124900002,221,348,-127
124900003,1097,621,476
124900004,703,383,320
124900005,339,207,132
124900006,650,363,287
124900008,1199,659,540
124900009,206,402,-196
124900010,190,161,29
124900011,724,228,496
124900012,561,102,459
124900013,599,137,462
124900014,477,91,386
124900015,156,488,-332
124900016,99,121,-22
124900017,598,1425,-827
124900018,61,10,51
124900020,97,64,33
124900021,361,51,310
124900022,140,6,134
124900024,294,24,270
124900026,218,101,117
124900027,135,502,-367
124900028,504,123,381
124900029,20,486,-466
124900030,5,147,-142
124900031,102,325,-223
124900032,260,297,-37
124900033,130,325,-195
124900034,15,139,-124
124900035,199,526,-327
124900036,6,53,-47
124900037,244,333,-89
124900038,288,297,-9
124900039,3,87,-84
124900040,241,124,117
124900041,220,800,-580
124900042,146,3,143
124900043,445,856,-411
124900044,122,5,117
124900045,711,1100,-389
124900046,1017,319,698
124900047,177,213,-36
124900048,189,134,55
124900050,206,212,-6
124900052,73,440,-367
124900053,193,358,-165
124900054,1508,497,1011
124900055,1,199,-198
124900057,19,86,-67
124900060,66,205,-139
124900061,141,21,120
124900062,216,26,190
124900066,0,20,-20
124900067,13,118,-105
124900068,261,677,-416
124900070,77,21,56
124900072,141,35,106
124900074,615,168,447
124900075,244,247,-3
124900076,39,1112,-1073
124900077,36,142,-106
124900078,106,27,79
124900079,614,276,338
124900080,332,522,-190
124900081,918,311,607
124900082,321,664,-343
124900083,246,460,-214
124900084,1679,193,1486
124900085,1000,603,397
124900086,126,1398,-1272
124900087,626,154,472
124900088,607,147,460
124900089,1022,31,991
124900090,361,297,64
124900091,389,342,47
124900092,270,251,19
124900093,397,219,178
124900094,487,333,154
124900095,137,535,-398
124900096,637,339,298
124900097,458,91,367
124900098,213,353,-140
124900099,740,595,145
124900100,370,70,300
124900101,81,456,-375
124900102,240,34,206
124900103,165,198,-33
124900104,67,165,-98
124900105,139,107,32
124900106,542,72,470
124900107,145,17,128
124900108,166,90,76
124900109,94,104,-10
124900110,289,245,44
124900111,2,164,-162
124900112,47,510,-463
124900113,112,352,-240
124900114,186,170,16
124900115,113,37,76
124900116,306,211,95
124900117,380,203,177
124900118,220,303,-83
124900119,404,202,202
124900120,31,379,-348
124900121,158,460,-302
124900122,326,270,56
124900123,385,158,227
124900124,184,331,-147
129000186,153,62,91
204000001,46,2,44
204000002,31,2,29
204000003,33,1,32
204000004,6,2,4
204000005,565,442,123
204000006,1181,927,254
204000011,7,46,-39
204000012,54,81,-27
204000013,0,24,-24
204000019,512,496,16
204000020,606,480,126
204000021,1119,719,400
204000022,483,465,18
204000023,522,558,-36
204000031,66,15,51
204000032,364,36,328
204000034,34,222,-188
204000035,0,3,-3
204000036,6,32,-26
204000037,0,20,-20
204000038,0,6,-6
204000039,7,37,-30
204000040,3,18,-15
204000041,9,30,-21
204000042,45,10,35
204000043,34,21,13
204000044,31,7,24
204000045,76,4,72
204000046,12,5,7
204000057,6,26,-20
204000062,14,15,-1
204000068,28,193,-165
204000069,37,221,-184
204000070,88,56,32
204000080,72,47,25
204000085,2057,1617,440
204000086,2072,1506,566
204000087,39,11,28
204000088,4,84,-80
204000090,15,296,-281
204000093,448,73,375
204000096,957,1013,-56
204000097,447,13,434
204000099,960,1292,-332
204000100,1507,1766,-259
204000105,2185,1228,957
204000110,542,826,-284
204000111,505,523,-18
204000112,892,636,256
204000113,615,638,-23
204000114,1125,679,446
204000115,577,315,262
204000116,1542,567,975
204000119,1939,2703,-764
204000132,703,277,426
204000133,810,208,602
204000134,242,98,144
204000135,504,57,447
204000136,668,195,473
204000138,429,409,20
204000140,212,144,68
204000141,160,86,74
204000144,10,22,-12
204000145,578,59,519
204000146,42,351,-309
204000147,14,147,-133
204000148,188,12,176
204000154,11,1,10
204000155,4,3,1
204000177,79,37,42
204000179,32,4,28
204000180,0,23,-23
204000222,5,18,-13
204000235,19,23,-4
204000236,106,266,-160
204000238,30,39,-9
204000240,342,96,246
204000263,531,797,-266
204000268,1064,671,393
204000308,210,18,192
204000317,8,69,-61
204000322,7,51,-44
204000323,33,11,22
204000328,237,70,167
204000329,33,211,-178
204000330,175,15,160
204000331,21,112,-91
204010341,12,149,-137
205000001,802,1841,-1039
205000013,9,69,-60
205000014,17,101,-84
205000015,26,191,-165
205000016,16,117,-101
205000017,14,87,-73
205000022,206,684,-478
205000025,941,947,-6
205000029,191,11,180
205000045,100,397,-297
205000046,109,384,-275
205000047,48,437,-389
205000048,248,718,-470
205000049,160,607,-447
205000050,556,276,280
205000059,0,165,-165
205000060,0,75,-75
205000061,5,71,-66
205000062,5,81,-76
205000063,11,93,-82
205000064,17,72,-55
205000065,53,403,-350
205000066,70,468,-398
205000067,29,635,-606
205000069,187,20,167
205000082,184,181,3
205000110,85,236,-151
205000111,197,229,-32
205000112,172,260,-88
205000113,169,380,-211
205000121,286,45,241
205000123,35,228,-193
205000126,401,70,331
205000127,630,108,522
205000128,344,50,294
205000129,571,56,515
205000130,177,23,154
205000131,107,7,100
205000132,177,0,177
205000133,70,0,70
205000134,242,0,242
205000137,96,147,-51
205000138,188,411,-223
205000139,25,141,-116
205000144,84,120,-36
205000145,478,217,261
205000151,198,27,171
205000152,248,25,223
205000153,294,20,274
205000154,131,36,95
205000155,122,9,113
205000207,23,165,-142
205000233,14,1,13
205000234,0,0,0
205000243,0,1,-1
205000244,0,0,0
205000245,10,145,-135
205000249,0,17,-17
205000250,7,0,7
205000264,4,65,-61
206000027,10,2,8
206000028,4,3,1
206000043,10,42,-32
206000053,1,6,-5
206000054,2,31,-29
206000055,0,30,-30
206000075,6,27,-21
206000076,14,12,2
206000077,19,7,12
206000078,24,9,15
206000079,21,11,10
206000082,396,36,360
206000100,29,435,-406
206000103,6,22,-16
206000104,24,21,3
206000105,5,6,-1
206000106,11,14,-3
206000108,627,40,587
206000125,57,0,57
206000157,56,582,-526
206000170,1,149,-148
206000171,6,171,-165
206000172,9,340,-331
206000173,4,173,-169
206000174,8,74,-66
206000175,4,91,-87
206000176,19,165,-146
206000177,1,141,-140
206000178,1,141,-140
206000179,5,120,-115
206000180,14,142,-128
206000181,6,78,-72
206000182,11,112,-101
206000183,10,474,-464
206000184,8,293,-285
206000185,5,107,-102
206000186,97,684,-587
206000223,11,210,-199
206000226,20,0,20
206000227,18,3,15
206000237,32,240,-208
206000238,27,350,-323
206000239,207,1551,-1344
206000240,2,66,-64
206000241,0,74,-74
206000242,6,185,-179
206000243,6,135,-129
206000244,51,490,-439
206000245,879,50,829
206000246,223,12,211
206000247,245,11,234
206000248,350,23,327
206000252,66,56,10
206000258,35,29,6
206000315,29,6,23
206000317,567,116,451
206000318,466,54,412
206000319,1531,108,1423
206000320,206,50,156
206000321,254,10,244
206000322,510,22,488
206000323,175,7,168
206000324,173,4,169
206000325,220,19,201
206000326,213,12,201
206000327,183,10,173
206000328,168,1,167
206000329,337,13,324
206000330,62,9,53
206000331,188,4,184
206000332,47,8,39
206000333,609,7,602
206000334,284,6,278
206000335,0,23,-23
206000361,2,153,-151
206000392,2,26,-24
206000405,209,1,208
206000441,30,31,-1
206000498,57,1,56
206000515,94,46,48
206000530,294,63,231
206000531,173,233,-60
206000532,1738,330,1408
206000535,228,1352,-1124
206000536,20,127,-107
206000537,13,149,-136
206000613,1688,224,1464
207000001,141,564,-423
207000002,149,337,-188
207000003,157,164,-7
207000007,868,219,649
207000008,93,8,85
207000009,45,43,2
207000010,349,345,4
207000012,406,241,165
207000015,244,1048,-804
207000019,269,93,176
207000021,572,150,422
207000022,156,141,15
207000023,199,35,164
207000024,7,13,-6
207000025,24,41,-17
207000026,57,45,12
207000027,13,74,-61
207000028,76,169,-93
207000029,221,378,-157
207000033,175,444,-269
207000034,337,89,248
207000039,422,132,290
207000040,410,71,339
207000041,176,36,140
207000042,218,56,162
207000043,221,154,67
207000051,128,211,-83
207000052,53,118,-65
207000053,428,444,-16
207000054,42,104,-62
207000055,193,68,125
207000056,357,244,113
207000057,125,224,-99
207000058,174,251,-77
207000059,99,354,-255
207000060,42,128,-86
207000061,188,440,-252
207000062,252,39,213
207000063,265,125,140
207000064,371,123,248
207000065,319,286,33
207000066,237,172,65
207000067,55,70,-15
207000068,124,55,69
207000069,616,352,264
207000082,14,177,-163
207000083,76,240,-164
207000084,245,274,-29
207000085,209,8,201
207000086,228,4,224
207000106,41,39,2
207000107,74,16,58
207000108,52,4,48
207000109,55,11,44
207000110,72,96,-24
207000111,91,69,22
207000112,173,633,-460
207000114,34,43,-9
207000115,32,68,-36
207000116,40,401,-361
207000117,7,88,-81
207000118,7,65,-58
207000119,42,55,-13
207000123,172,28,144
207000124,61,32,29
207000125,49,44,5
207000126,95,59,36
207000134,84,123,-39
207000135,25,190,-165
207000148,72,306,-234
207000149,62,46,16
207000152,129,348,-219
207000153,815,1329,-514
207000154,374,191,183
207000159,91,121,-30
207000160,133,325,-192
207000238,2,202,-200
207000242,5,156,-151
207000248,33,45,-12
207000249,143,48,95
207000250,660,89,571
207000251,123,80,43
207000252,76,53,23
207000278,90,86,4
207000279,23,129,-106
207000280,585,79,506
207000281,121,652,-531
207000282,199,131,68
207000283,118,193,-75
207000284,51,221,-170
207000285,82,61,21
207000291,28,133,-105
207000304,106,29,77
207000306,65,341,-276
207000310,106,70,36
207000353,293,9,284
207000356,11,55,-44
207000357,16,15,1
207000358,43,61,-18
207000415,1,137,-136
207000417,44,3,41
207000418,70,123,-53
207000438,0,0,0
207000439,897,811,86
207000446,162,6,156
207000460,35,4,31
207000466,172,124,48
207000467,250,117,133
207000468,31,217,-186
207000476,5,48,-43
207000477,818,87,731
207000478,7,138,-131
207000523,0,13,-13
207000524,44,0,44
207000527,124,154,-30
207000530,563,11,552
207000531,335,18,317
207000532,135,31,104
207000534,430,61,369
207000535,50,323,-273
207000537,25,123,-98
207000540,16,165,-149
207000541,7,302,-295
207000548,15,251,-236
207000549,302,23,279
207000561,182,257,-75
207000562,56,201,-145
207000567,151,175,-24
207000568,256,79,177
207000569,491,643,-152
207000584,361,265,96
207000585,91,427,-336
207000616,0,154,-154
207000617,150,0,150
207900008,238,108,130
208000001,600,962,-362
208000002,675,432,243
208000003,1101,345,756
208000004,1113,543,570
208000005,6,20,-14
208000019,656,889,-233
208000020,154,455,-301
208000021,282,313,-31
208000022,1051,559,492
208000028,1268,921,347
208000033,681,629,52
208000034,1421,1166,255
208000040,211,162,49
208000041,873,540,333
208000042,1407,621,786
208000047,138,167,-29
208000064,2320,1557,763
208000066,1690,2568,-878
208000070,311,295,16
208000071,368,746,-378
208000072,352,1078,-726
208000080,276,284,-8
208000081,327,157,170
208000082,268,227,41
208000083,82,355,-273
208000084,31,25,6
208000085,664,501,163
208000086,403,817,-414
208000087,349,653,-304
208000089,983,348,635
208000090,929,521,408
208000093,132,158,-26
208000094,411,329,82
208000095,675,473,202
208000104,883,842,41
208000105,587,928,-341
208000114,148,363,-215
208000115,517,358,159
208000116,571,962,-391
208000117,72,134,-62
208000118,97,137,-40
208000155,581,1081,-500
208000158,1432,3689,-2257
208000186,3551,4256,-705
208000204,645,961,-316
208000205,1071,860,211
208000282,4925,3272,1653
209000004,330,162,168
209000005,43,30,13
209000006,430,148,282
209000007,241,307,-66
209000010,410,94,316
209000011,148,235,-87
209000012,298,112,186
209000013,265,243,22
209000014,452,856,-404
209000025,315,35,280
209000026,651,94,557
209000027,310,599,-289
209000028,341,564,-223
209000029,393,587,-194
209000030,390,1112,-722
209000031,1960,1864,96
209000034,178,200,-22
209000035,105,132,-27
209000036,167,86,81
209000037,269,159,110
209000038,59,107,-48
209000039,62,109,-47
209000040,299,496,-197
209000041,173,386,-213
209000042,275,346,-71
209000043,737,776,-39
209000044,196,753,-557
209000045,1336,527,809
209000046,530,552,-22
209000047,447,226,221
209000048,594,420,174
209000049,87,82,5
209000050,178,106,72
209000051,245,215,30
209000052,138,201,-63
209000062,26,67,-41
209000063,69,65,4
209000064,37,74,-37
209000065,92,31,61
209000066,92,29,63
209000067,119,34,85
209000080,26,169,-143
209000082,106,42,64
209000091,17,122,-105
209000093,48,24,24
209000094,180,189,-9
209000110,47,181,-134
209000111,507,1421,-914
209000112,966,375,591
209000113,1585,424,1161
209000114,744,415,329
209000115,60,84,-24
209000116,395,324,71
209000118,18,60,-42
209000119,30,21,9
209000121,85,382,-297
209000135,99,238,-139
209000142,566,1641,-1075
209000143,68,53,15
209000144,45,116,-71
209000229,269,176,93
209000240,36,226,-190
209000259,79,88,-9
209000260,59,1001,-942
209000261,3,846,-843
209000262,5,497,-492
209000263,0,131,-131
209000264,0,130,-130
209000265,544,3,541
209000266,98,0,98
209000267,1861,16,1845
209000268,758,84,674
210000037,58,18,40
210000047,67,26,41
210000048,104,27,77
210000049,63,11,52
210000052,60,90,-30
210000053,26,48,-22
210000054,53,61,-8
210000070,168,5,163
210000071,86,1,85
210000072,28,0,28
210000073,0,15,-15
210000074,0,112,-112
210000075,2,105,-103
210000076,11,151,-140
210000077,4,33,-29
210000078,25,18,7
210000079,31,11,20
210000080,79,48,31
210000081,197,22,175
210000082,139,6,133
210000083,99,2,97
210000084,40,1,39
210000085,1,63,-62
210000086,4,105,-101
210000099,56,198,-142
210000100,57,163,-106
210000101,69,111,-42
210000105,41,151,-110
210000159,0,163,-163
210000163,145,218,-73
210000164,266,231,35
210000168,94,32,62
210000187,0,24,-24
210000188,0,21,-21
210000214,36,0,36
210000219,36,80,-44
210000220,86,74,12
210000232,7,36,-29
210000233,49,56,-7
210000234,40,119,-79
210000235,64,74,-10
210000245,3,44,-41
210000246,33,1,32
210000258,8,109,-101
210000259,296,86,210
210000282,97,244,-147
210000285,0,120,-120
210000286,16,142,-126
210000290,6,11,-5
210000295,45,90,-45
210000296,40,31,9
210000320,218,82,136
210000321,114,63,51
210000338,51,43,8
210000339,340,1223,-883
210000340,121,370,-249
210000341,254,235,19
210000342,186,161,25
210000343,177,125,52
210000344,193,87,106
210000345,135,163,-28
210000346,51,108,-57
210000347,87,33,54
210000348,114,11,103
210000349,36,24,12
210000350,130,55,75
210000351,154,100,54
210000352,57,46,11
210000353,47,82,-35
210000354,62,66,-4
210000355,52,52,0
210000356,49,37,12
210000357,46,29,17
210000358,187,119,68
210000359,71,89,-18
210000360,117,115,2
210000361,177,136,41
210000362,218,191,27
210000363,639,257,382
210000364,92,180,-88
210000365,100,58,42
210000366,128,60,68
210000367,106,31,75
210000368,169,50,119
210000369,17,23,-6
210000370,52,28,24
210000372,20,29,-9
210000373,22,11,11
210000374,68,18,50
210000375,42,64,-22
210000376,45,90,-45
210000404,52,77,-25
210000439,29,51,-22
210000472,118,7,111
210000482,59,104,-45
210000564,328,322,6
210000567,1,26,-25
210000568,330,3,327
211000092,39,40,-1
211000094,16,8,8
211000169,168,24,144
211000172,14,135,-121
211000209,1,25,-24
211000226,6,15,-9
211000270,9,24,-15
211000275,21,14,7
211000276,64,23,41
211000279,24,25,-1
211000281,41,27,14
211507980,1,48,-47
211977296,36,5,31
212000003,97,45,52
212000004,13,16,-3
212000005,24,25,-1
212000006,16,51,-35
212000008,142,81,61
212000009,35,75,-40
212000012,78,74,4
212000013,17,61,-44
212000014,232,134,98
212000015,239,222,17
212000016,483,511,-28
212000027,505,447,58
212000028,300,374,-74
212000029,217,202,15
212000030,54,27,27
212000031,60,32,28
212000048,37,153,-116
212000049,16,109,-93
212000050,16,9,7
212000051,198,224,-26
212000052,190,266,-76
212000053,417,359,58
212000054,270,100,170
212000055,215,190,25
212000056,27,27,0
212000057,19,19,0
212000058,191,37,154
212000070,146,204,-58
212000077,135,424,-289
212000099,315,241,74
212000108,124,147,-23
212000111,173,104,69
212000120,115,49,66
212000138,124,24,100
212000156,11,69,-58
212000158,17,18,-1
212000159,375,39,336
212000160,536,238,298
212000161,66,7,59
212000310,43,13,30
212000311,21,49,-28
212000374,31,8,23
213000001,42,462,-420
213000005,448,150,298
213000006,1201,317,884
213000007,126,9,117
213000009,837,490,347
213000010,186,291,-105
213000011,230,121,109
213000012,137,284,-147
213000014,94,12,82
213000015,294,8,286
213000016,459,3,456
213000017,113,0,113
213000018,2,169,-167
213000019,2,179,-177
213000020,110,381,-271
213000021,6,130,-124
213000023,366,165,201
213000033,395,1507,-1112
213000034,901,333,568
213000035,125,225,-100
213000045,232,263,-31
213000046,321,213,108
213000047,740,1437,-697
213000056,115,40,75
213000069,56,1,55
213000073,1,36,-35
213000074,42,338,-296
213000075,583,17,566
213000076,44,10,34
213000085,2,58,-56
213000086,21,143,-122
213000091,219,21,198
213000092,88,12,76
213000099,175,1124,-949
213000100,1025,282,743
213000101,465,154,311
213000102,470,273,197
213000103,897,874,23
213000104,44,409,-365
213000105,13,272,-259
213000106,20,99,-79
213000107,152,476,-324
213000108,41,371,-330
213000109,15,192,-177
213000110,16,83,-67
213000111,21,67,-46
213000112,159,132,27
213000115,82,15,67
213000116,35,340,-305
213000117,14,543,-529
213000118,430,232,198
213000119,58,559,-501
213000120,179,553,-374
213000122,144,607,-463
213000123,414,1258,-844
213000124,146,1669,-1523
213000125,151,25,126
213000126,110,182,-72
213000127,194,346,-152
213000128,490,1365,-875
213000129,417,599,-182
213000130,701,281,420
213000132,459,100,359
213000133,612,111,501
213000134,879,35,844
213000136,426,20,406
213000137,752,79,673
213000139,227,25,202
213000147,61,5,56
213000148,23,5,18
213000149,24,0,24
213000150,0,75,-75
213000151,3,75,-72
213000152,0,74,-74
213000153,8,87,-79
213000154,34,369,-335
213000155,54,190,-136
213000156,136,323,-187
213000157,467,316,151
213000158,387,829,-442
213000159,744,532,212
213000163,992,107,885
213000165,1036,364,672
213000171,1,110,-109
213000172,1,257,-256
213000173,4,203,-199
213000174,2,119,-117
213000175,19,95,-76
213000176,77,57,20
213000177,124,11,113
213000178,192,14,178
213000179,270,2,268
213000180,220,1,219
213000184,95,423,-328
213000188,438,134,304
213000189,461,62,399
213000190,986,920,66
213000191,399,410,-11
213000192,277,388,-111
213000193,854,336,518
213000194,2,51,-49
213000195,19,270,-251
213000196,224,1059,-835
213000197,549,532,17
213000198,56,1,55
213000200,102,855,-753
213000201,60,59,1
213000202,13,531,-518
213000203,3196,727,2469
213000204,726,72,654
213000205,478,100,378
213000206,460,58,402
213000207,127,22,105
213000208,92,1,91
213000209,138,0,138
213000210,360,1,359
213000211,3,16,-13
213000212,8,20,-12
213000213,15,65,-50
213000218,209,444,-235
213000219,572,17,555
213000220,465,21,444
213000223,177,234,-57
213000224,86,63,23
213000225,106,14,92
213000226,103,21,82
213000227,856,209,647
213000228,423,88,335
213000229,242,26,216
213000230,398,28,370
213000232,105,941,-836
213000233,16,418,-402
213000234,3,58,-55
213000293,7,62,-55
213000294,125,21,104
213000295,9,78,-69
213000296,59,29,30
213000297,19,89,-70
213000298,34,87,-53
213000299,61,30,31
213000300,22,4,18
213000303,7,43,-36
213000304,8,15,-7
213000305,7,13,-6
213000306,59,37,22
213000307,200,71,129
213000308,107,220,-113
213000309,153,55,98
213000310,493,262,231
213000311,310,858,-548
213000315,70,77,-7
213000316,187,58,129
213000322,89,120,-31
213000323,107,65,42
213000324,91,42,49
213000325,47,81,-34
213000326,34,34,0
213000327,61,61,0
213000328,53,160,-107
213000329,176,40,136
213000340,176,575,-399
213000341,492,98,394
213000346,274,317,-43
213000347,813,600,213
213000348,22,68,-46
213000349,39,16,23
213000350,317,818,-501
213000366,100,282,-182
213000367,278,27,251
213000379,127,47,80
213000386,11,253,-242
213000406,79,397,-318
213000417,1180,431,749
213000425,176,43,133
213000426,195,69,126
213000427,40,212,-172
213000428,65,214,-149
213000429,13,4,9
213000430,173,714,-541
213000431,82,0,82
213000432,2,136,-134
213000433,17,142,-125
213000434,114,104,10
213000435,176,84,92
213000436,40,70,-30
213000437,6,15,-9
213000438,148,76,72
213000439,51,13,38
213000440,11,301,-290
213000441,1,1,0
213000442,3,55,-52
213000443,355,343,12
213000444,54,45,9
213000445,0,78,-78
213000446,0,163,-163
213000447,1,56,-55
213000448,4,126,-122
213000449,319,5,314
213000450,33,37,-4
213000451,314,117,197
213000452,16,23,-7
213000453,35,261,-226
213000455,633,46,587
213000456,0,314,-314
213000481,3,1,2
213000482,39,0,39
213000489,268,58,210
213000491,0,104,-104
213000492,186,11,175
213000493,0,88,-88
213000494,281,149,132
213000495,0,91,-91
213000496,483,143,340
213000497,39,299,-260
213000498,170,200,-30
213000499,253,482,-229
213000500,612,72,540
213000501,146,47,99
213000502,267,216,51
213000503,3,54,-51
213000504,15,93,-78
213000505,25,2,23
213000506,0,11,-11
213000507,1,98,-97
213900016,0,6,-6
213900244,73,0,73
213900245,0,35,-35
218000003,11,16,-5
218000004,41,20,21
218000005,40,48,-8
218000006,33,18,15
218000007,22,16,6
218000012,184,131,53
218000013,117,132,-15
218000014,459,400,59
218000019,791,639,152
218000020,284,441,-157
218000021,27,42,-15
218000022,15,26,-11
218000023,3,15,-12
218000024,0,8,-8
218000025,3,11,-8
218000026,6,24,-18
218000027,2,19,-17
218000028,4,1,3
218000029,2,5,-3
218000030,12,28,-16
218000031,0,26,-26
218000032,3,20,-17
218000040,8,3,5
218000046,40,48,-8
218000047,11,87,-76
218000048,62,61,1
218000049,86,74,12
218000050,340,164,176
218000051,54,159,-105
218000052,3,66,-63
218000053,5,9,-4
218000054,9,24,-15
218000055,2,21,-19
218000056,15,17,-2
218000057,3,18,-15
218000064,5,18,-13
218000065,109,25,84
218000066,20,36,-16
218000067,46,47,-1
218000068,123,83,40
218000069,234,120,114
218000070,192,176,16
218000071,149,162,-13
218000072,278,190,88
218000078,848,664,184
218000079,104,74,30
218000080,120,47,73
218000081,472,226,246
218000082,63,109,-46
218000083,59,37,22
218000084,142,151,-9
218000085,152,322,-170
218000086,92,135,-43
218000087,187,123,64
218000090,21,110,-89
218000091,898,467,431
218000092,83,101,-18
218000093,82,51,31
218000094,453,480,-27
218000099,332,703,-371
218000100,264,276,-12
218000101,275,167,108
218000102,421,207,214
218000103,124,165,-41
218000104,110,40,70
218000105,28,28,0
218000106,13,11,2
218000107,56,54,2
218000108,6,48,-42
218000112,46,36,10
218000117,95,47,48
218000134,522,495,27
218000135,29,81,-52
218000136,246,80,166
218000137,195,141,54
218000138,37,109,-72
218000139,173,207,-34
218000140,406,203,203
218000141,75,58,17
218000142,218,132,86
218000143,139,202,-63
218000144,39,61,-22
218000145,326,369,-43
218000146,97,196,-99
218000151,1,15,-14
218000152,91,44,47
218000153,15,1,14
218000154,10,4,6
218000155,15,0,15
218000156,61,14,47
218000157,29,12,17
218000158,5,5,0
218000159,4,7,-3
218000160,4,3,1
218000161,44,8,36
218000162,35,1,34
218000163,8,8,0
218000164,45,3,42
218000165,45,37,8
218000170,9,63,-54
218000171,40,8,32
218000172,5,9,-4
218000173,45,14,31
218000174,13,10,3
218000176,117,24,93
218000177,214,199,15
218000178,52,212,-160
218000179,53,71,-18
218000180,60,36,24
218000181,93,64,29
218000187,8,16,-8
218000188,32,34,-2
218000189,36,54,-18
218000190,12,24,-12
218000191,153,65,88
218000192,125,205,-80
218000193,397,308,89
218000194,118,217,-99
218000195,136,68,68
218000196,321,208,113
218000197,382,292,90
218000198,10,85,-75
218000199,52,34,18
218000200,135,33,102
218000201,16,10,6
218000202,60,194,-134
218000207,3,12,-9
218000208,34,34,0
218000211,56,21,35
218000212,3,14,-11
218000213,68,73,-5
218000214,3,32,-29
218000215,32,30,2
218000217,5,56,-51
218000218,200,53,147
218000219,12,16,-4
218000220,79,379,-300
218000221,502,190,312
218000222,0,30,-30
218000223,39,367,-328
218000224,1,158,-157
218000225,97,23,74
218000226,67,40,27
218000230,0,7,-7
218000232,27,50,-23
218000239,143,24,119
218000240,12,10,2
218000241,25,0,25
218000242,83,1,82
218000243,169,1,168
218000244,75,5,70
218000245,16,3,13
218000246,3,2,1
218000247,8,1,7
218000248,1,24,-23
218000249,3,5,-2
218000250,2,3,-1
218000251,4,32,-28
218000252,3,43,-40
218000253,5,37,-32
218000254,0,27,-27
218000255,2,22,-20
218000256,11,65,-54
218000267,417,834,-417
218000268,27,44,-17
218000269,12,9,3
218000270,64,43,21
218000271,8,35,-27
218000273,22,9,13
218000274,11,8,3
218000275,23,37,-14
218000276,12,49,-37
218000278,11,22,-11
218000279,71,36,35
218000280,3,11,-8
218000281,27,12,15
218000282,448,413,35
218000284,117,14,103
218000301,96,98,-2
218000302,160,67,93
218000303,32,28,4
218000316,614,769,-155
218000317,986,823,163
218000318,612,636,-24
218000319,968,847,121
218000320,699,448,251
218000338,51,23,28
218000345,76,56,20
218000346,43,159,-116
218000459,34,160,-126
218000490,21,31,-10
218000501,104,49,55
218000502,45,70,-25
218000503,116,36,80
218000504,177,46,131
218000505,53,126,-73
218000506,44,159,-115
218000508,4,6,-2
218000510,151,24,127
218000520,113,114,-1
218000521,2,33,-31
218000522,0,114,-114
218000523,91,6,85
218000524,45,127,-82
218000525,146,11,135
218000526,35,116,-81
218000529,26,124,-98
218000530,10,6,4
218000531,16,17,-1
218000532,34,10,24
218000534,121,23,98
218000537,27,40,-13
218000538,100,147,-47
218000540,282,63,219
218000543,170,40,130
218000544,25,68,-43
218000545,48,77,-29
218000546,44,63,-19
218000547,89,192,-103
218000548,113,111,2
218000549,390,612,-222
218000550,245,194,51
218000551,81,1082,-1001
218000552,342,58,284
218000553,28,71,-43
218000554,33,10,23
218000555,18,23,-5
218000556,95,206,-111
218000557,245,85,160
218000558,58,2,56
218000559,1,34,-33
218000560,0,38,-38
218000561,15,0,15
218000562,37,161,-124
218000563,175,16,159
218000564,6,98,-92
218000565,163,18,145
218000566,454,20,434
218000567,0,70,-70
218000568,34,5,29
218000569,21,104,-83
218000570,168,1,167
218000571,1,75,-74
218000572,121,2,119
218000573,14,109,-95
218000574,175,39,136
218000575,112,1,111
218000576,0,51,-51
218000577,91,1,90
218000578,1,59,-58
218000579,32,6,26
218000581,2,38,-36
218000582,37,1,36
218000583,14,1,13
218000584,1,25,-24
218000585,34,9,25
218000586,7,43,-36
218000587,3,0,3
218000588,3,4,-1
218000589,1,2,-1
218000590,7,2,5
218000591,11,8,3
218000592,29,0,29
218000593,0,0,0
218000594,0,1,-1
218000595,0,0,0
218000596,0,0,0
218000597,0,0,0
218000598,0,0,0
218000599,1,0,1
218000600,4,0,4
218000601,0,0,0
218000602,0,5,-5
218000603,0,4,-4
218000604,39,0,39
218000605,0,36,-36
218000606,80,0,80
218000607,2,31,-29
218000608,59,20,39
218000609,3,51,-48
218000610,85,9,76
218000611,57,4,53
218000612,0,21,-21
218000613,43,1,42
218000614,0,29,-29
218000615,205,0,205
218000616,3,79,-76
218000617,23,0,23
218000618,1,10,-9
218000619,53,34,19
218000620,14,22,-8
218000621,3,6,-3
218000622,0,20,-20
218000623,181,3,178
218000624,5,9,-4
218000625,10,0,10
218000626,0,7,-7
218000628,131,30,101
218000631,16,9,7
218000632,2,91,-89
218000633,119,2,117
218000634,6,8,-2
218000635,13,10,3
218000636,730,951,-221
218000637,800,458,342
218000638,189,32,157
218000639,26,147,-121
218000640,296,29,267
218000641,71,269,-198
218000652,40,39,1
218000653,88,61,27
218000663,4,103,-99
218000675,61,40,21
218000676,0,12,-12
218000677,17,2,15
218000680,161,370,-209
218000681,319,118,201
218000691,136,165,-29
218000693,217,66,151
218000703,5,26,-21
218000718,525,1532,-1007
218000719,1001,928,73
218000720,11,130,-119
218000721,132,21,111
218000725,5,5,0
218001214,10,45,-35
218001258,19,3,16
218001329,76,54,22
218001330,70,83,-13
218001351,16,9,7
218001352,19,12,7
218001353,20,11,9
218001354,2,20,-18
218001355,59,3,56
218001356,131,8,123
218001357,55,0,55
218001358,101,2,99
218001361,67,7,60
219000001,25,44,-19
219000002,40,63,-23
219000003,62,29,33
219000004,59,51,8
219000017,88,35,53
219000020,120,76,44
219000022,171,13,158
219000023,138,10,128
219000029,0,46,-46
219000034,52,19,33
219000039,90,194,-104
219000040,69,78,-9
219000041,152,23,129
219000051,0,34,-34
219000052,0,24,-24
219000053,0,82,-82
219000054,33,86,-53
219000055,231,0,231
219000056,8,0,8
219000057,71,1,70
219000062,17,69,-52
219000063,86,8,78
219000064,1,58,-57
219000110,437,74,363
219000111,112,45,67
219000112,229,81,148
219000113,178,92,86
219000114,221,131,90
219000116,145,69,76
219000117,178,60,118
219000118,274,48,226
219000123,175,81,94
219000124,89,36,53
219000125,13,19,-6
219000126,72,141,-69
219000127,0,8,-8
219000128,11,87,-76
219000129,17,82,-65
219000130,369,437,-68
219000131,588,917,-329
219000133,60,33,27
219000134,16,19,-3
219000135,50,91,-41
219000136,108,199,-91
219000138,74,14,60
219000139,23,44,-21
219000140,62,3,59
219000141,31,85,-54
219000142,23,60,-37
219000143,14,120,-106
219000145,26,48,-22
219000146,4,15,-11
219000147,4,29,-25
219000148,7,24,-17
219000149,10,61,-51
219000150,1,58,-57
219000151,8,40,-32
219000157,212,127,85
219000158,152,208,-56
219000161,113,6,107
219000163,1283,541,742
219000166,98,180,-82
219000167,114,161,-47
219000168,283,100,183
219000174,413,167,246
219000175,77,8,69
219000176,99,3,96
219000177,64,2,62
219000178,54,2,52
219000179,15,5,10
219000180,41,58,-17
219000182,152,26,126
219000183,80,33,47
219000184,92,11,81
219000185,1,45,-44
219000186,60,32,28
219000187,27,84,-57
219000189,62,156,-94
219000190,54,199,-145
219000191,781,1332,-551
219000192,204,140,64
219000193,165,140,25
219000195,1,58,-57
219000196,13,97,-84
219000198,19,91,-72
219000199,83,240,-157
219000200,42,174,-132
219000201,47,179,-132
219000203,21,137,-116
219000204,99,225,-126
219000205,37,226,-189
219000207,110,274,-164
219000209,30,65,-35
219000210,35,78,-43
219000213,5,132,-127
219000239,218,212,6
219000240,215,358,-143
219000241,169,114,55
219000242,51,118,-67
219000243,86,204,-118
219000244,17,74,-57
219000245,23,48,-25
219000246,56,24,32
219000247,157,40,117
219000248,516,429,87
219000249,143,75,68
219000250,133,86,47
219000251,520,289,231
219000252,181,180,1
219000253,409,96,313
219000255,126,105,21
219000256,202,90,112
219000257,81,1,80
219000262,93,101,-8
219000263,53,113,-60
219000267,3,64,-61
219000268,1,4,-3
219000269,0,1,-1
219000270,8,0,8
219000271,108,3,105
219000278,1,1,0
219000279,9,6,3
219000283,1,11,-10
219000295,34,81,-47
219000296,79,346,-267
219000297,18,118,-100
219000298,12,107,-95
219000299,415,66,349
219000300,38,172,-134
219000301,220,304,-84
219000302,44,223,-179
219000307,30,48,-18
219000308,63,43,20
219000311,237,55,182
219000312,551,89,462
219000313,383,62,321
219000314,62,419,-357
219000315,350,35,315
219000316,533,56,477
219000317,121,27,94
219000320,2,46,-44
219000321,2,18,-16
219000323,7,60,-53
219000325,1,9,-8
219000326,71,69,2
219000327,83,43,40
219000328,26,71,-45
219000329,306,137,169
219000330,68,33,35
219000331,77,73,4
219000332,125,87,38
219000333,21,6,15
219000335,93,3,90
219000337,10,0,10
219000338,37,0,37
219000344,28,71,-43
219000345,50,88,-38
219000346,40,125,-85
219000348,171,91,80
219000349,29,175,-146
219000350,129,286,-157
219000351,5,4,1
219000352,378,109,269
219000353,77,60,17
219000354,190,93,97
219000355,154,61,93
219000356,1097,1543,-446
219000363,242,52,190
219000364,64,63,1
219000365,116,14,102
219000366,254,293,-39
219000368,342,638,-296
219000370,1076,538,538
219000371,13,38,-25
219000382,20,34,-14
219000383,533,1175,-642
219000385,484,432,52
219000386,772,1473,-701
219000387,1,23,-22
219000390,3,2,1
219000391,2,2,0
219000397,44,82,-38
219000398,92,71,21
219000401,15,70,-55
219000402,54,94,-40
219000403,130,277,-147
219000404,17,120,-103
219000407,6,34,-28
219000409,65,85,-20
219000410,91,34,57
219000411,85,9,76
219000446,137,332,-195
219000447,1,18,-17
219000448,16,2,14
219000452,103,78,25
219000453,59,172,-113
219000454,154,271,-117
219000556,208,82,126
219000558,133,135,-2
219000590,29,160,-131
219000591,102,83,19
219000592,126,287,-161
219000595,6,18,-12
219000635,174,38,136
219000636,32,60,-28
219000657,52,25,27
219000658,58,146,-88
219000673,0,54,-54
219000676,56,33,23
219000679,27,7,20
219000684,91,0,91
219000685,0,38,-38
219000686,0,6,-6
219000688,0,51,-51
219000689,29,186,-157
219000690,182,32,150
219000691,64,178,-114
219000692,195,38,157
219000693,0,31,-31
219000694,18,1,17
219000695,32,4,28
219000698,32,1,31
219000699,0,12,-12
219000727,4,62,-58
219000728,82,1,81
219000770,54,0,54
219000771,0,30,-30
219000788,242,191,51
219001150,1,30,-29
219001151,1,2,-1
219001166,47,49,-2
219001167,7,73,-66
219001178,40,0,40
220000001,54,70,-16
220000002,13,60,-47
220000003,327,228,99
220000004,557,437,120
220000005,1306,1850,-544
220000006,123,799,-676
220000007,409,409,0
220000008,290,640,-350
220000009,249,342,-93
220000010,183,84,99
220000011,439,2637,-2198
220000012,168,251,-83
220000014,92,38,54
220000015,58,210,-152
220000017,72,239,-167
220000018,4004,1753,2251
220000019,80,283,-203
220000020,320,214,106
220000021,577,172,405
220000022,710,411,299
220000023,234,160,74
220000024,1953,384,1569
220000025,1409,1178,231
220000026,279,376,-97
220000027,25,101,-76
220000028,32,42,-10
220000029,46,103,-57
220000030,88,65,23
220000031,543,241,302
220000064,29,981,-952
221000046,5,0,5
221000047,0,4,-4
221000048,0,3,-3
221000049,0,9,-9
221000050,18,1,17
221000055,29,55,-26
221000057,67,10,57
221000068,306,152,154
221000069,403,81,322
221000070,236,38,198
221000071,111,7,104
221000072,257,7,250
221000073,132,54,78
221000074,1,17,-16
221000075,18,14,4
221000076,7,45,-38
221000077,28,104,-76
221000081,16,8,8
221000082,56,8,48
221000083,20,4,16
221000084,6,1,5
221000085,14,47,-33
221000086,19,82,-63
221000087,6,149,-143
221000088,15,187,-172
221000089,34,226,-192
221000090,118,504,-386
221000098,124,9,115
221000099,158,21,137
221000100,77,6,71
221000101,197,30,167
221000102,128,21,107
221000109,9,73,-64
221000110,12,82,-70
221000111,22,191,-169
221000112,7,102,-95
221000113,16,125,-109
221000114,13,130,-117
221000120,27,22,5
221000121,7,31,-24
221000122,54,28,26
221000123,5,11,-6
221000124,28,105,-77
221000155,73,12,61
221000156,47,20,27
221000175,1,2,-1
221000176,0,7,-7
221000182,62,5,57
221000241,416,371,45
221000242,207,390,-183
221000243,378,195,183
221000244,303,386,-83
221000245,85,93,-8
221000246,64,199,-135
221000247,66,85,-19
221000248,112,71,41
221000267,34,397,-363
221000325,69,45,24
221000331,7,56,-49
221000338,5,16,-11
221000378,153,16,137
221000381,31,45,-14
222000282,16,5,11
222000296,5,12,-7
222000568,312,30,282
222000569,142,58,84
222000570,131,34,97
222000571,312,32,280
222000577,20,114,-94
222000578,31,131,-100
222000579,29,117,-88
222000580,119,583,-464
222000599,0,102,-102
222000600,1,201,-200
222000601,5,687,-682
222000603,22,33,-11
222000604,5,45,-40
222000605,20,25,-5
222000606,2,7,-5
222000607,3,6,-3
222000608,19,12,7
222000609,43,136,-93
222000616,276,34,242
222000617,20,29,-9
222000618,7,4,3
222000620,23,9,14
222000621,56,30,26
222000623,451,9,442
222000624,281,6,275
222000625,497,14,483
222000636,42,6,36
222000686,33,9,24
222000687,31,21,10
222001066,346,5,341
222001067,25,5,20
222001068,50,43,7
222001069,43,39,4
222001082,14,40,-26
222001083,39,41,-2
222001084,0,17,-17
222001085,0,237,-237
222001111,63,111,-48
222001112,100,33,67
222001313,44,10,34
222001314,5,110,-105
222001464,48,39,9
222001465,13,73,-60
222001484,84,42,42
222001485,22,47,-25
222001494,438,92,346
222001495,104,215,-111
222001496,219,77,142
222001497,93,341,-248
222001502,20,138,-118
222001503,125,51,74
222001504,26,292,-266
222001505,373,19,354
222001506,48,430,-382
222001507,359,25,334
222001510,391,30,361
222001511,74,322,-248
222001514,653,215,438
222001515,319,494,-175
222001518,277,84,193
222001519,73,196,-123
222001527,201,89,112
222001528,58,159,-101
222001529,229,49,180
222001530,51,225,-174
222001533,155,266,-111
222001534,277,75,202
222001535,218,224,-6
222001536,76,218,-142
222001537,389,53,336
222001538,75,459,-384
222001563,640,99,541
222001564,120,427,-307
222001568,288,102,186
222001576,0,3,-3
222001579,0,12,-12
222001583,6,105,-99
222001584,98,5,93
222001596,647,920,-273
222001597,1793,343,1450
222001626,0,108,-108
222001650,106,121,-15
222001651,120,116,4
222001914,201,98,103
222001915,105,243,-138
222001968,406,235,171
222001969,385,559,-174
222001970,183,174,9
222001971,29,29,0
222001972,8,14,-6
225000001,417,148,269
225000002,446,145,301
225000003,459,84,375
225000004,249,171,78
225000005,46,65,-19
225000006,1,153,-152
225000007,1153,936,217
225000010,254,9,245
225000011,365,843,-478
225000012,209,437,-228
225000013,77,109,-32
225000014,674,101,573
225000015,117,159,-42
225000021,674,124,550
225000027,165,311,-146
225000032,593,102,491
225000042,77,484,-407
225000049,29,71,-42
225000050,69,20,49
225000053,6,275,-269
225000058,503,166,337
225000067,145,118,27
225000068,59,204,-145
225000069,76,316,-240
225000070,69,281,-212
225000071,36,104,-68
225000075,32,434,-402
225000076,55,115,-60
225000078,64,66,-2
225000085,61,106,-45
225000086,265,78,187
225000087,127,29,98
225000088,20,158,-138
225000089,184,893,-709
225000090,82,393,-311
225000091,206,160,46
225000092,32,55,-23
225000093,173,174,-1
225000094,18,177,-159
225000095,241,313,-72
225000096,228,407,-179
225000098,652,205,447
225000099,334,123,211
225000100,304,106,198
225000104,122,338,-216
225000110,17,307,-290
225000111,212,771,-559
225000112,238,844,-606
225000113,178,463,-285
225000114,56,195,-139
225000115,1104,615,489
225000116,881,196,685
225000117,696,206,490
225000118,905,198,707
225000119,228,74,154
225000120,676,33,643
225000121,170,15,155
225000123,422,16,406
225000125,333,160,173
225000126,507,115,392
225000127,606,854,-248
225000128,367,567,-200
225000132,312,22,290
225000133,219,20,199
225000134,524,134,390
225000135,34,11,23
225000136,278,10,268
225000137,230,62,168
225000138,324,57,267
225000143,53,122,-69
225000144,1,222,-221
225000145,42,24,18
225000146,50,72,-22
225000147,11,178,-167
225000148,9,149,-140
225000149,48,359,-311
225000151,16,148,-132
225000155,273,303,-30
225000156,140,600,-460
225000157,169,271,-102
225000158,55,247,-192
225000171,3,158,-155
225000180,30,2,28
225000181,1,53,-52
225000182,52,7,45
225000185,3,321,-318
225000187,28,289,-261
225000191,123,2,121
225000194,0,2,-2
225000208,0,32,-32
225000209,82,27,55
225000210,5,201,-196
225000217,0,8,-8
225000218,16,3,13
225000223,0,29,-29
225000224,34,1,33
225000225,0,23,-23
225000226,30,0,30
225000227,47,67,-20
225000228,10,4,6
225000229,0,85,-85
225000230,13,0,13
225000231,0,46,-46
225000232,98,1,97
225000241,58,0,58
225000242,0,41,-41
225000249,6,0,6
225000250,35,628,-593
225000251,310,21,289
225000254,6,23,-17
225000256,4,45,-41
225000257,1,53,-52
226000042,240,368,-128
226000043,44,195,-151
226000044,95,342,-247
226000045,42,311,-269
226000046,340,60,280
226000047,289,81,208
226000048,250,98,152
226000049,216,137,79
226000070,0,31,-31
226000071,0,31,-31
226000072,0,8,-8
226000073,0,6,-6
226000074,0,10,-10
226000084,1,49,-48
226000085,1,8,-7
226000086,2,11,-9
226000087,0,4,-4
226000088,27,56,-29
226000090,227,68,159
226000091,40,47,-7
226000092,3,22,-19
226000093,32,1,31
226000094,12,3,9
226000095,22,4,18
226000105,10,1,9
226000106,9,0,9
226000107,3,0,3
226000108,21,0,21
226000109,60,0,60
226000124,103,59,44
226000134,613,402,211
226000135,1402,404,998
226000136,477,279,198
226000137,5,248,-243
226000138,5,110,-105
226000139,2,9,-7
226000156,137,2,135
226000157,115,6,109
226000163,50,146,-96
226000202,8,222,-214
226000231,295,6,289
226000232,30,4,26
227000033,239,42,197
227000036,248,18,230
227000037,201,20,181
227000038,181,28,153
227000084,1,49,-48
227000085,0,25,-25
227000088,43,4,39
227000089,115,2,113
227000090,37,0,37
227000091,17,0,17
227000092,25,0,25
227000093,100,2,98
227000094,21,0,21
227000130,26,37,-11
227000131,13,138,-125
227000132,9,160,-151
227000133,13,143,-130
227000134,9,221,-212
227000152,0,4,-4
227000153,0,35,-35
227000154,0,18,-18
227000155,1,6,-5
227000156,0,9,-9
227000165,1,35,-34
227000196,328,182,146
227000199,311,388,-77
227000230,18,270,-252
227000232,416,32,384
227000242,54,312,-258
227000243,348,67,281
227000245,10,197,-187
227000246,77,246,-169
227000247,279,60,219
227000248,98,30,68
227000249,13,83,-70
227000250,256,88,168
227000251,70,108,-38
227000252,21,159,-138
227000253,104,17,87
227000262,264,36,228
227000266,1055,14,1041
227000267,25,1027,-1002
227000282,6,146,-140
227000284,400,19,381
227000286,2,73,-71
227000287,6,122,-116
227000291,23,366,-343
227000296,179,180,-1
227000484,190,27,163
227000485,38,649,-611
227000655,155,5,150
227000656,537,39,498
227000657,76,11,65
227000661,181,12,169
229000265,7,35,-28
229000266,0,0,0
229000267,1,0,1
229000268,4,0,4
229000269,4,0,4
229000274,0,4,-4
229000275,0,4,-4
229000276,0,5,-5
229000277,0,1,-1
229000278,0,0,0
229000295,2,6,-4
229000296,13,33,-20
229000297,4,26,-22
229000298,10,94,-84
229000320,17,3,14
229000321,38,6,32
229000412,10,47,-37
229000414,4,30,-26
229000415,23,0,23
229000416,2,2,0
229000417,2,7,-5
229000419,77,236,-159
229000440,348,51,297
229000442,20,14,6
229000443,4,1,3
229000444,0,15,-15
229000445,50,0,50
229000446,56,8,48
229000491,1,13,-12
229000492,8,66,-58
229000493,5,82,-77
229000494,31,2,29
229000495,112,5,107
229000496,45,4,41
229000507,0,56,-56
229000508,0,36,-36
229000509,0,59,-59
229000510,1,27,-26
229000511,3,30,-27
229000512,0,20,-20
229000513,0,5,-5
229000514,0,2,-2
229000517,3,4,-1
229000518,23,18,5
229000519,0,7,-7
229000520,15,41,-26
229000521,46,20,26
229000522,13,5,8
229000523,8,4,4
229000524,2,3,-1
229000527,0,1,-1
229000528,0,0,0
229000529,7,0,7
229000530,49,1,48
229000531,29,1,28
229000532,20,1,19
229000533,53,1,52
229000534,58,0,58
229000564,42,1,41
229000565,18,0,18
229000566,0,5,-5
229000567,0,32,-32
229000582,73,1,72
229000583,7,5,2
229000584,0,25,-25
229000585,3,53,-50
229000718,0,7,-7
229000719,0,2,-2
229000720,0,8,-8
229000721,0,5,-5
229000722,0,5,-5
229000723,0,4,-4
229000724,0,3,-3
229000725,0,4,-4
229000738,0,0,0
229000739,0,0,0
229000740,2,0,2
229000741,12,0,12
229000742,6,0,6
229000743,7,0,7
229000744,2,0,2
229000745,0,0,0
229000746,15,3,12
229000847,48,0,48
229000848,34,0,34
229000849,124,0,124
229000851,50,0,50
229000854,0,17,-17
229000856,0,38,-38
229000857,0,16,-16
229000858,1,25,-24
229000919,26,64,-38
229000930,1,246,-245
229000937,49,17,32
229000966,36,27,9
229000981,14,40,-26
229000985,11,24,-13
229000986,2,4,-2
229000987,2,1,1
229000988,5,0,5
229000989,7,1,6
229000990,0,0,0
229000991,0,1,-1
229000992,16,16,0
229000993,121,31,90
229000998,11,49,-38
229000999,66,8,58
229001034,1,15,-14
229001035,5,0,5
229001036,0,7,-7
229001037,35,3,32
229001038,0,0,0
229001039,0,0,0
229001040,0,5,-5
229001041,4,0,4
229001042,11,11,0
229001047,7,42,-35
229001050,29,41,-12
229001168,0,11,-11
229001200,28,2,26
229001338,3,24,-21
229001394,180,3,177
229001422,109,24,85
229001423,53,101,-48
229001431,52,44,8
229001432,53,75,-22
229001444,179,39,140
229001445,47,130,-83
229001479,19,10,9
229001503,194,108,86
229001504,129,130,-1
229001505,133,44,89
229001506,58,82,-24
229001509,38,16,22
229001510,0,3,-3
229001545,81,4,77
229001546,19,73,-54
229001553,82,20,62
229001554,32,64,-32
229001630,58,3,55
229001631,14,11,3
229001635,0,10,-10
229001636,6,1,5
229001658,0,108,-108
229001659,36,5,31
229001660,33,1,32
229001661,6,27,-21
229001662,20,0,20
229001663,0,13,-13
229002584,181,155,26
229002831,130,103,27
229002841,14,10,4
229002842,37,16,21
229002843,69,10,59
229002844,24,39,-15
229002845,9,68,-59
229002846,32,10,22
229002847,0,6,-6
229002848,26,18,8
229002849,5,61,-56
229002850,5,1,4
229002851,20,103,-83
229002852,203,21,182
229002853,167,15,152
229002854,32,32,0
229002855,3,16,-13
229002856,29,22,7
229002857,6,90,-84
229002858,10,6,4
229002859,21,39,-18
229002860,234,14,220
229002861,62,31,31
229002862,59,34,25
229002863,10,12,-2
229002864,40,18,22
229002865,16,11,5
229002866,35,5,30
229002867,1,21,-20
229002868,8,16,-8
229002869,19,97,-78
229002870,50,16,34
235000066,385,83,302
235000067,143,124,19
235000072,33,73,-40
235000073,68,337,-269
235000074,32,68,-36
235000080,17,90,-73
235000081,123,120,3
235000082,128,45,83
235000083,179,60,119
235000084,21,51,-30
235000085,92,57,35
235000089,25,41,-16
235000092,19,100,-81
235000093,14,6,8
235000097,15,6,9
235000098,70,16,54
235000099,24,30,-6
235000116,76,23,53
235000117,629,12,617
235000133,7,376,-369
235000134,9,158,-149
235000206,4,4,0
235000207,4,2,2
235000208,0,2,-2
235000209,13,0,13
235000210,9,3,6
235000212,4,16,-12
235000213,6,5,1
235000220,2,6,-4
235000221,77,11,66
235000238,5,90,-85
235000239,2,23,-21
235000242,353,505,-152
235000245,519,153,366
235000246,7,54,-47
235000284,7,123,-116
235000295,128,10,118
235000305,246,11,235
235000306,193,7,186
235000307,17,0,17
235000308,10,0,10
235000309,50,2,48
235000310,22,0,22
235000311,121,11,110
235000322,0,21,-21
235000323,0,44,-44
235000324,0,11,-11
235000325,1,9,-8
235000326,3,164,-161
235000351,7,32,-25
235000352,17,38,-21
235000353,1,20,-19
235000354,5,27,-22
235000355,10,39,-29
235000356,121,2,119
235000357,23,5,18
235000358,125,8,117
235000359,12,7,5
235000360,36,14,22
235000361,36,5,31
235000381,99,121,-22
235000382,146,19,127
235000390,9,2,7
235000391,112,17,95
235000392,172,262,-90
235000393,77,136,-59
235000395,111,40,71
235000396,438,79,359
235000400,74,39,35
235000401,23,99,-76
235000405,77,265,-188
235000406,34,185,-151
235000407,52,85,-33
235000409,156,105,51
235000410,46,218,-172
235000411,7,75,-68
235000485,0,2,-2
235000486,8,0,8
235000549,97,97,0
235000550,67,144,-77
235000599,82,37,45
235000600,5,12,-7
235000601,51,33,18
235000602,117,47,70
235000614,1,10,-9
235000648,0,16,-16
235000649,40,14,26
235000685,1,8,-7
235000815,12,28,-16
235000834,0,4,-4
235000855,45,55,-10
235000862,37,110,-73
235000891,0,3,-3
235000892,14,1,13
235000901,103,85,18
235000907,1,25,-24
235001010,86,65,21
235001029,436,349,87
235001030,358,341,17
235001078,86,123,-37
235001079,72,70,2
235001147,6,34,-28
235001166,8,70,-62
235001167,24,30,-6
235001169,22,274,-252
235001188,0,6,-6
235001189,9,0,9
235001197,4,21,-17
235001200,45,51,-6
235001207,137,25,112
235001210,21,72,-51
235001215,35,74,-39
235001239,1,31,-30
235001244,0,13,-13
235016267,1,60,-59
277101746,0,0,0
277102712,0,0,0
277103813,0,0,0
277103898,0,1,-1
277104249,0,1,-1
277104250,0,0,0
277104251,0,4,-4
277104252,0,0,0
990011530,0,151,-151
990014944,0,422,-422
990015176,19,15,4
990015618,2,126,-124
990016032,1,278,-277
990032570,2,300,-298
990070001,57,2,55
990070103,0,3,-3
990070601,0,43,-43
990070751,735,1,734
990070766,0,464,-464
990071180,473,164,309
990071343,37,0,37
990071387,0,26,-26
990071823,511,7,504
990072600,2,897,-895
990072964,2,266,-264
990073285,0,3,-3
990074393,2,574,-572
990074870,1478,8,1470
990075106,1782,29,1753
990075746,535,7,528
990076437,1191,2,1189
990076458,0,528,-528
997000007,651,8,643
997000041,0,240,-240
997000058,67,1,66
997000062,46,1,45
997000069,0,9,-9
997000070,1,25,-24
997000100,27,1,26
997000141,7,2249,-2242
997000198,2,1248,-1246
998000475,2,58,-56
998000736,1,120,-119
998000965,0,19,-19
998001031,0,75,-75
998001700,0,5,-5
998001899,0,1,-1
998001900,19,4,15
998003073,1015,8,1007
998101900,0,0,0
998102850,7,263,-256
998501927,1414,812,602
998501929,141,8,133
998501930,33,0,33
998501931,138,15,123
998501932,35,27,8
998501933,79,0,79
998501937,37,1,36
998501944,3,1,2
998501950,0,0,0
998501970,86,8,78
998501971,0,71,-71
998501973,1,60,-59
998501974,1,207,-206
998501975,113,2,111
998501976,64,1,63
998501977,0,21,-21
998501978,17,0,17
998501979,0,20,-20
998501980,49,1,48
998501981,56,0,56
998501982,1,79,-78
998502006,0,0,0
998502024,1,6,-5
998502032,0,5,-5
998502062,18,0,18
998502063,0,0,0
998502173,26,0,26
998502269,0,3,-3
998601159,7,140,-133
998601292,0,13,-13
999033574,3,253,-250
999800001,51,3,48
999800002,0,11,-11
999800003,8,0,8
999800004,1,4,-3
999800005,0,4,-4
