ID,insum,outsum,diff
100000001,609,1325,-716
100000002,6530,1504,5026
100000003,10337,5281,5056
100000004,1907,1522,385
100000005,3042,6295,-3253
100000006,988,200,788
100000007,3594,984,2610
100000008,381,784,-403
100000009,1023,799,224
100000010,137,150,-13
100000011,1241,128,1113
100000012,181,962,-781
100000013,423,350,73
100000014,819,392,427
100000015,2446,3935,-1489
100000016,1497,1936,-439
100000017,1260,1326,-66
100000018,3036,944,2092
100000019,7357,3125,4232
100000020,3161,12743,-9582
100000021,8883,3222,5661
100000022,3154,2507,647
100000023,8868,2330,6538
100000025,3260,1303,1957
100000028,3170,1326,1844
100000029,499,366,133
100000030,511,102,409
100000031,8512,13028,-4516
100000032,4146,6822,-2676
100000033,1562,4155,-2593
100000034,931,761,170
100000035,2855,1564,1291
100000036,3941,2038,1903
100000037,736,733,3
100000038,3081,1728,1353
100000039,3165,440,2725
100000040,900,253,647
100000041,1915,744,1171
100000042,1517,645,872
100000043,1598,535,1063
100000044,555,826,-271
100000045,936,1778,-842
100000046,1611,1702,-91
100000047,918,1272,-354
100000048,2740,1065,1675
100000049,2798,3275,-477
100000051,797,1496,-699
100000053,262,7,255
100000054,775,63,712
100000055,2279,313,1966
100000056,868,799,69
100000057,3297,1080,2217
100000058,1724,1801,-77
100000059,8,162,-154
100000060,558,773,-215
100000061,3091,963,2128
100000062,3656,841,2815
100000063,1050,404,646
100000064,2243,543,1700
100000065,665,1759,-1094
100000066,429,1197,-768
100000067,759,1163,-404
100000068,1028,2658,-1630
100000069,673,2420,-1747
100000072,528,2039,-1511
100000073,1914,1868,46
100000075,988,454,534
100000076,6590,3764,2826
100000077,558,464,94
100000078,92,70,22
100000079,56,77,-21
100000080,40,72,-32
100000081,133,171,-38
100000102,4372,2400,1972
100000103,8308,1465,6843
100000104,7668,3235,4433
100000105,4163,1942,2221
100000106,3927,3506,421
100000107,1210,1293,-83
100000108,1311,1391,-80
100000109,5566,1569,3997
100000116,2430,1437,993
100000117,140,83,57
100000118,2992,1221,1771
100000119,852,934,-82
100000121,642,682,-40
100000122,2053,1362,691
100000123,5047,7356,-2309
100000124,8711,10539,-1828
100000125,5321,1871,3450
100000126,1465,617,848
100000127,2941,494,2447
100000128,2827,2625,202
100000129,762,685,77
100000130,535,774,-239
100000131,4569,5479,-910
100000132,2263,4790,-2527
100000133,10306,4139,6167
100000135,651,1329,-678
100000139,648,280,368
100000140,943,472,471
100000142,509,698,-189
100000143,1165,643,522
100000144,5485,1226,4259
100000147,1443,3675,-2232
100000150,68,517,-449
100000151,1572,1059,513
100000153,507,691,-184
100000154,327,238,89
100000155,26,58,-32
100000156,613,275,338
100000157,123,110,13
100000158,306,93,213
100000159,541,712,-171
100000165,2740,1073,1667
100000169,880,568,312
100000174,2273,658,1615
100000179,110,805,-695
100000180,11479,3659,7820
100000181,767,360,407
100000188,215,608,-393
100000189,5502,642,4860
100000190,1414,765,649
100000191,1026,686,340
100000192,73,176,-103
100000193,212,242,-30
100000330,2212,1615,597
100000355,510,1118,-608
100000362,7836,5034,2802
100000363,5236,6976,-1740
100000364,563,216,347
100000365,6525,6832,-307
100000366,10304,3953,6351
100000367,7122,6260,862
100000368,3518,2321,1197
100000369,2319,2725,-406
100000370,456,861,-405
100000376,188,167,21
100000379,6738,2124,4614
100000380,11444,4131,7313
100000384,8701,7140,1561
100000385,7357,5923,1434
100000386,12051,7331,4720
100000387,9422,7587,1835
100000388,10964,9675,1289
100000389,11645,8985,2660
100000390,12146,7517,4629
100000391,10130,10521,-391
100000392,5765,4070,1695
100000393,3963,5151,-1188
100000394,12859,8336,4523
100000395,7850,3713,4137
100000396,11867,3643,8224
100000397,8163,5085,3078
100000398,17119,10922,6197
100900002,9,105,-96
100900003,457,208,249
100900004,41,1429,-1388
100900005,310,24,286
100900006,20,246,-226
100900007,844,27,817
100900008,4,517,-513
100900009,74,133,-59
100900010,191,177,14
100900011,189,355,-166
100900012,4,315,-311
100900013,1914,13,1901
100900014,7,22,-15
100900015,144,202,-58
100900016,14,61,-47
100900017,1398,100,1298
100900018,0,44,-44
100900019,52,474,-422
100900020,535,5,530
100900021,796,4,792
100900022,18,84,-66
100900023,24,115,-91
100900024,1611,23,1588
100900025,19,19,0
100900026,134,186,-52
100900027,988,4544,-3556
100900028,245,319,-74
100900029,116,19,97
100900030,8,46,-38
100900031,972,57,915
100900032,281,1,280
100900033,336,234,102
100900034,596,8,588
100900035,1506,8,1498
100900036,41,0,41
100900037,114,375,-261
100900038,279,50,229
100900039,338,795,-457
100900040,537,1142,-605
100900041,901,1012,-111
100900042,1616,501,1115
100900043,0,6,-6
100900044,3788,936,2852
100900045,66,4,62
100900046,2196,17,2179
100900047,1229,380,849
100900048,236,84,152
100900049,97,283,-186
100900050,2,26,-24
100900051,149,159,-10
100900052,667,80,587
100900053,457,46,411
100900054,34,145,-111
100900055,622,878,-256
100900056,282,407,-125
100900057,920,1776,-856
100900058,472,76,396
100900059,156,6,150
100900060,161,20,141
100900061,485,495,-10
100900062,3,107,-104
100900063,312,947,-635
100900064,1243,31,1212
100900065,155,167,-12
100900066,96,218,-122
100900067,9,16,-7
100900068,580,137,443
100900069,1643,15,1628
100900070,405,10,395
100900071,1115,496,619
100900072,3,55,-52
100900073,126,679,-553
100900074,5,23,-18
100900075,2994,599,2395
100900076,76,62,14
100900077,27,176,-149
100900078,133,705,-572
100900079,12,50,-38
100900080,44,275,-231
100900081,46,279,-233
100900082,132,770,-638
100900083,8,43,-35
100900085,29,135,-106
100900086,447,2153,-1706
100900088,145,829,-684
100900089,22,37,-15
100900090,197,938,-741
100900091,9,70,-61
100900092,474,445,29
100900093,232,693,-461
100900094,167,833,-666
100900095,1,43,-42
100900096,113,119,-6
100900097,1,10,-9
100900098,26,20,6
100900099,32,816,-784
100900100,17,474,-457
100900101,493,70,423
100900102,212,115,97
100900103,19,23,-4
100900104,11,278,-267
100900105,35,283,-248
100900106,90,15,75
100900107,2801,1046,1755
100900108,17,46,-29
100900109,60,56,4
100900110,0,29,-29
100900111,83,261,-178
100900112,1,18,-17
100900113,25,17,8
100900114,15,29,-14
100900115,3,68,-65
100900116,1171,1397,-226
100900117,415,979,-564
100900118,234,235,-1
100900119,19,60,-41
100900120,10,25,-15
100900121,355,1089,-734
100900122,269,316,-47
100900123,95,361,-266
100900124,22,9,13
100900125,38,133,-95
100900126,173,583,-410
100900127,4,27,-23
100900128,182,245,-63
100900129,0,155,-155
100900131,133,272,-139
100900133,97,106,-9
100900134,2,8,-6
100900135,1,239,-238
100900137,403,262,141
100900138,919,596,323
100900139,34,22,12
100900140,8,954,-946
100900141,4,514,-510
100900142,0,32,-32
100900143,1611,559,1052
100900144,34,19,15
100900145,400,272,128
100900146,27,111,-84
100900147,43,391,-348
100900148,49,1001,-952
100900149,24,200,-176
100900150,5,75,-70
100900151,186,733,-547
100900152,325,15,310
100900153,5,246,-241
100900154,10,83,-73
100900155,20,30,-10
100900156,75,8,67
100900157,23,229,-206
100900158,1332,410,922
100900159,6,39,-33
100900160,28,32,-4
100900161,211,18,193
100900162,29,365,-336
100900163,246,353,-107
100900164,76,88,-12
100900165,17,120,-103
100900166,73,28,45
100900167,28,108,-80
100900168,85,191,-106
100900169,232,1522,-1290
100900170,66,13,53
100900171,29,933,-904
100900172,0,14,-14
100900173,12,633,-621
100900174,1014,77,937
100900176,1972,298,1674
100900177,1114,514,600
100900178,712,230,482
100900179,178,218,-40
100900180,2,5,-3
100900181,140,207,-67
100900182,81,58,23
100900184,34,336,-302
100900186,1176,877,299
100900187,33,175,-142
100900188,108,30,78
100900189,1692,238,1454
100900191,2115,1569,546
100900192,489,393,96
100900195,176,213,-37
100900197,13,53,-40
100900198,36,325,-289
100900199,10,8,2
100900200,945,575,370
100900201,206,1289,-1083
100900202,64,0,64
100900203,1,140,-139
100900204,2229,1495,734
100900205,264,604,-340
100900206,165,191,-26
100900207,270,157,113
100900210,164,885,-721
100900211,737,278,459
100900213,156,52,104
100900214,1407,112,1295
100900215,27,92,-65
101000001,6393,3836,2557
101000002,6665,7062,-397
101000003,1058,3846,-2788
101000004,14622,11654,2968
101000005,7316,7485,-169
101000006,11384,11935,-551
101000007,3982,4831,-849
101000008,6839,3886,2953
101000009,3507,2458,1049
101000010,1385,1722,-337
101000011,2836,955,1881
101000012,2622,993,1629
101000013,837,1484,-647
101000014,855,1132,-277
101000015,1466,1195,271
101000016,885,673,212
101000017,892,879,13
101000018,5799,3916,1883
101000020,5760,1816,3944
101000021,2148,482,1666
101000022,669,145,524
101000023,3002,1202,1800
101000025,227,660,-433
101000026,725,43,682
101000027,3761,2988,773
101000028,215,130,85
101000029,400,1874,-1474
101000030,3110,150,2960
101000031,1537,793,744
101000032,15738,4341,11397
101000033,3697,4082,-385
101000034,4388,2347,2041
101000035,1420,1015,405
101000036,2532,965,1567
101000037,5233,2055,3178
101000039,4164,3114,1050
101000040,4565,4651,-86
101000041,17766,9728,8038
101000042,1376,1780,-404
101000043,12774,8869,3905
101000045,3054,1086,1968
101000046,7117,1267,5850
101000047,4520,3106,1414
101000048,1623,1230,393
101000049,1437,2360,-923
101000050,4562,4355,207
101000051,4250,3290,960
101000052,2313,1262,1051
101000053,1616,2709,-1093
101000054,3283,2335,948
101000055,2315,2009,306
101000056,61,162,-101
101000057,3249,1318,1931
101000058,2282,1579,703
101000059,4566,2458,2108
101000060,2308,685,1623
101000061,1363,1622,-259
101000062,977,873,104
101000063,782,1037,-255
101000064,1496,932,564
101000065,378,477,-99
101000066,1088,727,361
101000067,1607,867,740
101000068,548,402,146
101000069,798,134,664
101000070,1923,1188,735
101000071,3151,1271,1880
101000072,1436,4767,-3331
101000073,1196,901,295
101000074,10775,4894,5881
101000075,8984,4485,4499
101000077,1793,1260,533
101000078,1607,3030,-1423
101000079,996,484,512
101000080,886,499,387
101000081,1833,2156,-323
101000082,5183,4723,460
101000083,3005,3091,-86
101000084,1878,1360,518
101000085,2060,1707,353
101000086,1407,1474,-67
101000087,1275,1519,-244
101000088,1509,1705,-196
101000089,1219,2138,-919
101000090,2955,1880,1075
101000091,447,1410,-963
101000092,1119,1612,-493
101000093,2286,1298,988
101000094,1110,1883,-773
101000095,419,1073,-654
101000096,479,948,-469
101000097,1634,509,1125
101000098,1146,771,375
101000099,2180,1814,366
101000100,1816,1314,502
101000101,516,565,-49
101000102,2135,556,1579
101000103,1850,788,1062
101000104,595,839,-244
101000105,1169,456,713
101000106,1372,783,589
101000107,262,504,-242
101000108,1516,583,933
101000109,341,82,259
101000110,40,866,-826
101000111,206,348,-142
101000113,300,1402,-1102
101000114,13546,4464,9082
101000115,763,303,460
101000116,332,363,-31
101000117,1648,452,1196
101000119,173,103,70
101000120,234,56,178
101000121,111,54,57
101000122,160,103,57
101000123,136,91,45
101000124,809,206,603
101000125,331,657,-326
101000128,1547,502,1045
101000130,395,449,-54
101000131,1097,803,294
101000132,667,1827,-1160
101000135,49,34,15
101000136,833,170,663
101000137,43,445,-402
101000141,2745,3864,-1119
101000147,1022,581,441
101000148,2787,56,2731
101000149,259,178,81
101000150,112,1094,-982
101000151,283,73,210
101000152,417,445,-28
101000153,813,603,210
101000154,328,1911,-1583
101000155,496,201,295
101000156,63,372,-309
101000157,80,50,30
101000160,170,81,89
101000163,323,283,40
101000164,786,549,237
101000165,413,478,-65
101000166,380,771,-391
101000168,1070,422,648
101000252,2090,1212,878
101000254,810,101,709
101000258,46,6,40
101000261,360,35,325
101000262,1942,2055,-113
101000263,590,1900,-1310
101000265,140,925,-785
101000266,559,366,193
101000269,178,17,161
101000290,2434,5819,-3385
101000293,64,117,-53
101000294,788,647,141
101000295,194,874,-680
101000301,900,525,375
101000304,3226,3121,105
101000305,4385,2600,1785
101900001,25,74,-49
101900002,0,21,-21
101900003,80,127,-47
101900004,5,71,-66
101900005,6623,2585,4038
101900006,1176,81,1095
101900007,958,233,725
101900008,128,533,-405
101900009,117,775,-658
101900010,1280,928,352
101900011,548,2594,-2046
101900012,267,754,-487
101900013,1737,234,1503
101900017,37,181,-144
101900018,1989,401,1588
101900019,373,211,162
101900020,275,148,127
101900021,0,95,-95
101900022,183,1671,-1488
101900023,247,286,-39
102000001,5708,6137,-429
102000002,5091,1605,3486
102000003,5522,9861,-4339
102000004,13276,4541,8735
102000005,1859,3426,-1567
102000006,2109,2871,-762
102000007,2581,7694,-5113
102000008,9123,2793,6330
102000009,9264,10817,-1553
102000010,9463,5927,3536
102000011,4446,3858,588
102000012,5653,5591,62
102000018,5148,4401,747
102000019,4214,2419,1795
102000026,370,1077,-707
102000029,475,309,166
102000030,148,578,-430
102000031,88,260,-172
102000032,573,466,107
102000033,258,513,-255
102000034,897,700,197
102000035,1548,1003,545
102000036,33,408,-375
102000037,272,110,162
102000038,243,328,-85
102000039,297,99,198
102000040,656,263,393
102000041,334,341,-7
102000042,387,285,102
102000043,641,270,371
102000044,975,629,346
102000045,1137,1434,-297
102000046,1336,996,340
102000047,1213,1611,-398
102000048,538,1170,-632
102000049,1419,976,443
102000050,1674,1903,-229
102000051,610,924,-314
102000052,2026,1330,696
102000053,1480,1338,142
102000054,733,1207,-474
102000055,1272,1018,254
102000056,920,2361,-1441
102000057,2394,967,1427
102000058,1734,2651,-917
102000059,2162,2234,-72
102000060,1907,1561,346
102000061,2160,3092,-932
102000062,2153,1768,385
102000063,1618,2148,-530
102000064,755,1154,-399
102000065,59,183,-124
102000066,1597,1882,-285
102000067,4618,5512,-894
102000068,13826,4307,9519
102000069,113,2106,-1993
102000070,2936,125,2811
102000071,12048,14288,-2240
102000072,5257,6364,-1107
102000073,2800,1462,1338
102000074,1443,1309,134
102000075,191,484,-293
102000076,295,851,-556
102000077,687,1361,-674
102000078,1292,1297,-5
102000079,313,403,-90
102000080,467,406,61
102000081,794,1038,-244
102000082,1077,484,593
102000083,683,478,205
102000084,352,428,-76
102000085,2799,1637,1162
102000086,1568,3113,-1545
102000087,1420,2269,-849
102000088,415,515,-100
102000089,1593,624,969
102000090,889,1832,-943
102000091,2416,776,1640
102000092,647,1503,-856
102000093,861,987,-126
102000094,1586,1049,537
102000095,1624,1853,-229
102000096,1319,1565,-246
102000097,1631,1715,-84
102000098,764,1717,-953
102000099,1352,1018,334
102000100,1188,1915,-727
102000101,1838,1060,778
102000102,669,3380,-2711
102000103,2615,751,1864
102000104,1346,430,916
102000105,260,803,-543
102000106,1020,1087,-67
102000107,1356,857,499
102000108,928,308,620
102000109,984,900,84
102000110,979,2039,-1060
102000111,25,421,-396
102000112,242,108,134
102000113,20,58,-38
102000114,1217,593,624
102000115,271,426,-155
102000116,2811,749,2062
102000117,890,1227,-337
102000118,3455,1437,2018
102000119,3027,1381,1646
102000120,246,625,-379
102000121,1379,861,518
102000122,814,1100,-286
102000123,1918,2005,-87
102000124,1913,1553,360
102000125,1154,1789,-635
102000126,1092,951,141
102000127,1752,1116,636
102000128,1000,1379,-379
102000129,2049,1192,857
102000130,882,1049,-167
102000131,3088,1080,2008
102000132,1103,1199,-96
102000133,2464,2813,-349
102000134,804,980,-176
102000135,1256,1464,-208
102000136,1713,936,777
102000137,1963,1291,672
102000138,747,684,63
102000139,575,751,-176
102000140,1076,562,514
102000141,1425,1007,418
102000142,609,575,34
102000143,190,613,-423
102000144,357,636,-279
102000145,681,694,-13
102000146,511,517,-6
102000147,637,871,-234
102000148,277,745,-468
102000149,240,827,-587
102000150,398,266,132
102000151,188,511,-323
102000152,210,219,-9
102000153,1329,650,679
102000154,472,997,-525
102000155,169,462,-293
102000156,479,151,328
102000157,177,380,-203
102000158,444,468,-24
102000159,1856,730,1126
102000161,5645,3060,2585
102000162,246,201,45
102000163,109,763,-654
102000164,1494,1810,-316
102000165,357,149,208
102000166,79,206,-127
102000167,274,297,-23
102000168,280,164,116
102000169,130,921,-791
102000170,986,195,791
102000171,519,159,360
102000172,586,468,118
102000173,655,423,232
102000174,99,154,-55
102000175,222,167,55
102000176,34,37,-3
102000178,386,645,-259
102000179,755,361,394
102000180,1089,818,271
102000181,731,935,-204
102000182,774,903,-129
102000183,2050,2685,-635
102000184,2229,1352,877
102000185,2997,2030,967
102000186,1502,2774,-1272
102000187,2387,2342,45
102000188,2678,2286,392
102000189,3690,1397,2293
102000190,855,4539,-3684
102000191,1661,901,760
102000192,1399,1971,-572
102000193,83,223,-140
102000194,103,170,-67
102000195,623,688,-65
102000196,237,647,-410
102000197,916,694,222
102000198,315,1032,-717
102000199,1036,593,443
102000200,493,1561,-1068
102000201,1080,734,346
102000202,5,192,-187
102000203,447,468,-21
102000204,538,1194,-656
102000205,1518,766,752
102000206,1342,1172,170
102000207,2299,575,1724
102000208,828,792,36
102000209,147,87,60
102000210,447,581,-134
102000211,862,597,265
102000212,519,25,494
102000213,3,444,-441
102000214,271,21,250
102000215,9,614,-605
102000216,42,75,-33
102000217,12,231,-219
102000218,326,192,134
102000219,608,415,193
102000225,881,854,27
102000226,7712,1805,5907
102000227,252,2,250
102000228,1,169,-168
102000229,32,51,-19
102000230,354,772,-418
102000231,402,612,-210
102000232,22,304,-282
102000233,663,1466,-803
102000234,146,2151,-2005
102000236,574,134,440
102000237,1119,179,940
102000238,235,417,-182
102000240,1075,852,223
102000241,353,169,184
102000243,59,109,-50
102000245,36,137,-101
102000246,18,28,-10
102000247,577,1496,-919
102000248,298,704,-406
102000249,182,244,-62
102000250,111,546,-435
102000254,95,538,-443
102000266,164,434,-270
102000271,45,1,44
102000286,694,564,130
102000297,2546,1574,972
102000299,0,0,0
102000301,0,0,0
102000302,0,0,0
102000303,0,0,0
102000305,0,0,0
102000307,0,4,-4
102000308,0,2,-2
102900001,1811,1298,513
102900002,554,60,494
102900003,53,241,-188
102900005,448,495,-47
102900006,646,285,361
102900007,772,87,685
102900008,272,131,141
102900009,848,350,498
102900010,1357,697,660
102900011,3045,581,2464
102900012,481,112,369
102900013,25,95,-70
102900015,1165,660,505
102900016,48,122,-74
102900017,207,756,-549
102900018,26,179,-153
102900019,580,796,-216
102900020,144,59,85
102900021,20,150,-130
102900022,795,198,597
102900023,29,96,-67
102900024,50,61,-11
102900025,308,158,150
102900026,921,2284,-1363
102900027,114,88,26
102900028,209,1018,-809
102900029,234,263,-29
102900030,850,447,403
102900031,225,188,37
102900032,206,169,37
102900033,180,255,-75
102900034,627,194,433
102900035,139,468,-329
102900036,388,768,-380
102900037,513,970,-457
102900038,729,1014,-285
102900039,34,797,-763
102900040,197,411,-214
102900041,118,328,-210
102900042,234,448,-214
102900043,258,413,-155
102900044,1060,2941,-1881
102900045,181,767,-586
102900046,164,388,-224
102900047,82,809,-727
102900048,909,856,53
102900049,133,461,-328
102900050,436,560,-124
102900051,272,330,-58
102900052,75,50,25
102900053,545,1084,-539
102900054,1352,1611,-259
102900055,143,258,-115
102900056,176,718,-542
102900057,14,56,-42
102900058,411,106,305
102900059,17,80,-63
102900060,172,658,-486
102900061,226,679,-453
102900062,228,1351,-1123
102900063,1274,678,596
102900064,228,733,-505
102900065,2292,942,1350
102900066,447,65,382
102900068,173,160,13
102900070,411,794,-383
102900072,12,64,-52
102900073,313,21,292
102900074,393,294,99
102900075,42,45,-3
102900076,286,172,114
102900077,59,71,-12
102900078,51,112,-61
102900079,233,18,215
102900080,511,80,431
102900081,112,454,-342
102900082,15,270,-255
102900083,303,19,284
102900084,15,42,-27
102900085,396,181,215
102900086,15,54,-39
102900087,181,176,5
102900088,56,59,-3
102900089,394,259,135
102900090,0,642,-642
102900091,251,1,250
102900092,432,1400,-968
102900093,324,463,-139
102900094,4,127,-123
102900095,129,3,126
102900096,61,27,34
102900097,15,316,-301
103000001,3310,3762,-452
103000002,3570,3786,-216
103000003,6291,4186,2105
103000004,1084,1239,-155
103000005,2288,4278,-1990
103000006,804,2048,-1244
103000007,563,1095,-532
103000008,1521,1116,405
103000009,1623,1743,-120
103000010,227,203,24
103000011,2376,2142,234
103000012,1571,2123,-552
103000013,7799,3079,4720
103000014,1841,4022,-2181
103000015,2668,1030,1638
103000016,667,2225,-1558
103000017,257,679,-422
103000018,1427,659,768
103000019,322,434,-112
103000020,3686,2069,1617
103000021,2616,1996,620
103000022,1311,1580,-269
103000023,878,2403,-1525
103000024,168,266,-98
103000025,189,1033,-844
103000026,2240,202,2038
103000027,500,964,-464
103000028,834,518,316
103000029,467,493,-26
103000030,3017,1418,1599
103000031,2798,2878,-80
103000032,2905,2892,13
103000033,3955,3933,22
103000034,2742,1938,804
103000035,609,2066,-1457
103000036,630,837,-207
103000037,831,812,19
103000038,688,1591,-903
103000039,474,644,-170
103000040,516,1650,-1134
103000041,1962,3582,-1620
103000042,1613,870,743
103000043,654,1486,-832
103000044,275,294,-19
103000046,313,613,-300
103000047,797,944,-147
103000048,145,273,-128
103000049,178,241,-63
103000050,813,801,12
103000051,759,765,-6
103000052,1076,571,505
103000053,313,731,-418
103000054,3042,1835,1207
103000055,2506,3194,-688
103000056,788,2559,-1771
103000057,541,487,54
103000058,797,1253,-456
103000059,531,1221,-690
103000060,1571,988,583
103000061,540,1336,-796
103000062,1341,892,449
103000063,968,1118,-150
103000064,127,426,-299
103000065,13,569,-556
103000066,287,14,273
103000069,466,522,-56
103000070,1395,1254,141
103000071,1334,731,603
103000072,184,1353,-1169
103000073,731,227,504
103000074,857,184,673
103000075,209,1233,-1024
103000076,360,519,-159
103000077,70,689,-619
103000078,1664,853,811
103000079,1831,911,920
103000080,1628,471,1157
103000081,682,1349,-667
103000082,672,304,368
103000083,183,445,-262
103000084,158,14,144
103000085,3,156,-153
103000086,1212,566,646
103000087,271,936,-665
103000088,517,486,31
103000089,370,751,-381
103000090,2450,1119,1331
103000091,645,622,23
103000092,347,350,-3
103000093,402,644,-242
103000094,260,144,116
103000095,81,541,-460
103000096,782,148,634
103000097,78,1003,-925
103000098,1755,268,1487
103000099,585,792,-207
103000100,172,1210,-1038
103000101,1341,253,1088
103000102,172,1090,-918
103000103,961,353,608
103000104,67,172,-105
103000105,185,171,14
103000106,11,157,-146
103000107,348,84,264
103000108,801,674,127
103000109,384,398,-14
103000110,471,488,-17
103000111,628,590,38
103000112,443,295,148
103000113,1303,891,412
103000114,2532,534,1998
103000115,630,700,-70
103000116,641,716,-75
103000117,339,661,-322
103000118,1442,1173,269
103000119,2386,910,1476
103000120,180,208,-28
103000121,713,716,-3
103000122,663,460,203
103000125,12,478,-466
103000126,727,11,716
103000127,2,255,-253
103000128,193,12,181
103000129,2,156,-154
103000130,70,44,26
103000131,274,141,133
103000132,146,319,-173
103000133,58,206,-148
103000134,839,1072,-233
103000135,1229,315,914
103000136,1056,601,455
103000137,886,742,144
103000138,1086,1037,49
103000139,5,103,-98
103000140,148,48,100
103000141,85,163,-78
103000142,238,145,93
103000143,95,291,-196
103000144,240,132,108
103000145,238,125,113
103000150,101,80,21
103000152,322,349,-27
103000153,277,221,56
103000156,9,545,-536
103000157,543,11,532
103000159,228,55,173
103000162,71,30,41
103000163,21,29,-8
103000164,33,13,20
103000165,224,548,-324
103000166,282,432,-150
103000167,223,157,66
103000168,93,255,-162
103000169,302,909,-607
103000170,813,635,178
103000171,63,109,-46
103000172,810,1353,-543
103000173,549,770,-221
103000174,216,543,-327
103000175,246,547,-301
103000176,1203,716,487
103000177,1095,681,414
103000178,445,512,-67
103000179,193,55,138
103000183,215,45,170
103000185,144,87,57
103000186,170,273,-103
103000187,631,776,-145
103000188,13,121,-108
103000189,1461,1404,57
103000191,809,954,-145
103000292,3091,2863,228
103000293,1563,2629,-1066
103000295,165,124,41
103000296,1213,3,1210
103000297,234,96,138
103000504,191,22,169
103000505,8,31,-23
103000506,3,292,-289
103000507,269,8,261
103000508,80,79,1
103000509,266,795,-529
103900001,2,481,-479
103900002,2478,278,2200
103900003,2716,128,2588
103900004,109,0,109
103900005,8,462,-454
103900006,2,1,1
103900007,68,1,67
103900008,12,1,11
103900009,254,585,-331
103900010,210,545,-335
103900011,384,251,133
103900012,13,31,-18
103900013,70,113,-43
103900014,72,28,44
103900015,78,24,54
103900016,305,351,-46
103900017,52,134,-82
103900018,662,261,401
103900019,86,357,-271
103900020,243,654,-411
103900021,1047,79,968
103900022,1255,844,411
103900023,196,2,194
103900024,204,678,-474
103900025,15,72,-57
103900026,301,6,295
103900027,846,483,363
103900028,16,373,-357
103900029,1278,127,1151
103900030,567,70,497
103900031,36,4,32
103900032,110,74,36
103900033,136,17,119
103900034,21,271,-250
103900035,100,85,15
103900036,50,29,21
103900037,132,65,67
103900038,119,204,-85
103900039,110,538,-428
103900040,10,226,-216
103900041,59,77,-18
103900042,57,543,-486
103900043,154,162,-8
103900044,247,301,-54
103900045,297,239,58
103900047,67,52,15
103900048,114,22,92
103900049,280,1791,-1511
103900050,9,145,-136
103900051,1,42,-41
103900052,222,665,-443
103900053,182,1314,-1132
103900054,137,764,-627
103900055,568,307,261
103900056,55,68,-13
103900057,52,303,-251
103900058,380,1062,-682
103900059,0,10,-10
103900060,47,322,-275
103900061,138,71,67
103900062,491,133,358
103900063,34,0,34
103900064,88,8,80
103900065,1129,546,583
103900066,151,26,125
103900067,250,7,243
103900068,20,2,18
103900069,169,11,158
103900070,218,359,-141
103900071,25,202,-177
103900072,10,362,-352
103900073,35,37,-2
103900074,79,130,-51
103900075,128,98,30
103900076,466,958,-492
103900077,121,123,-2
103900078,315,231,84
103900079,207,385,-178
103900080,15,74,-59
103900081,145,30,115
103900082,14,190,-176
103900083,2394,1381,1013
103900084,97,258,-161
103900085,93,171,-78
103900086,757,500,257
103900087,24,146,-122
103900088,410,626,-216
103900089,37,187,-150
103900090,78,424,-346
103900091,1415,383,1032
103900092,1466,656,810
103900093,142,505,-363
103900094,9,179,-170
103900095,919,310,609
103900096,32,357,-325
103900097,13,731,-718
103900098,266,163,103
103900099,132,374,-242
103900100,259,503,-244
103900101,83,1557,-1474
103900102,0,29,-29
103900104,1,36,-35
103900105,134,270,-136
103900106,0,36,-36
103900107,139,366,-227
103900108,57,461,-404
103900109,91,101,-10
103900110,360,59,301
103900111,99,1031,-932
103900112,76,170,-94
103900113,150,283,-133
103900114,594,395,199
103900115,343,369,-26
103900116,7627,3251,4376
103900117,197,146,51
103900119,45,87,-42
103900120,27,132,-105
103900122,108,457,-349
103900123,2086,793,1293
103900124,54,24,30
103900125,103,86,17
103900126,658,744,-86
103900127,206,886,-680
103900128,120,213,-93
103900131,40,120,-80
103900133,1320,172,1148
103900134,0,2,-2
103900135,23,16,7
103900137,0,108,-108
103900138,109,430,-321
103900139,331,2322,-1991
103900140,11,159,-148
103900141,419,155,264
103900142,187,193,-6
103900143,51,3,48
103900144,2,62,-60
103900145,254,502,-248
103900146,476,487,-11
103900147,573,234,339
103900148,294,338,-44
103900149,261,1031,-770
103900150,10619,5393,5226
103900151,81,271,-190
103900152,556,882,-326
103900153,25,3,22
103900154,1584,2301,-717
103900155,38,374,-336
103900156,41,301,-260
103900157,48,330,-282
103900158,127,256,-129
103900159,181,116,65
103900160,62,45,17
103900161,149,303,-154
103900162,76,377,-301
103900163,34,650,-616
103900164,307,29,278
103900167,34,148,-114
103900168,175,150,25
103900169,41,104,-63
103900170,3,156,-153
103900171,5,117,-112
103900172,17,21,-4
103900173,18,22,-4
103900174,168,83,85
103900175,87,111,-24
103900176,18,56,-38
103900177,28,79,-51
103900178,72,129,-57
103900179,84,266,-182
103900180,22,121,-99
103900181,97,73,24
103900182,76,36,40
103900184,791,151,640
103900185,380,380,0
103900187,39,70,-31
103900188,37,35,2
103900189,134,13,121
103900190,87,70,17
103900191,29,101,-72
103900192,31,173,-142
103900193,220,278,-58
103900194,92,458,-366
103900195,6,85,-79
103900196,46,52,-6
103900197,25,54,-29
103900198,18,106,-88
103900199,243,91,152
103900200,159,234,-75
103900201,211,273,-62
103900202,20,71,-51
103900203,77,23,54
103900204,1,143,-142
103900207,1,219,-218
103900208,115,0,115
103900209,15,152,-137
103900210,57,36,21
103900211,672,691,-19
103900212,128,602,-474
103900213,124,345,-221
103900214,330,213,117
103900215,649,426,223
103900216,35,1075,-1040
103900217,644,81,563
103900218,0,494,-494
103900219,190,613,-423
103900233,257,4,253
103900235,55,27,28
103900236,58,3,55
103900242,15,30,-15
103900243,9,26,-17
103900244,170,414,-244
103900245,171,280,-109
103900246,87,74,13
103900247,55,151,-96
103900248,7,53,-46
103900249,64,75,-11
103900250,62,43,19
103900251,2,43,-41
103900253,89,108,-19
103900254,16,29,-13
103900255,24,22,2
103900256,32,51,-19
103900257,35,238,-203
103900258,57,5,52
103900259,255,10,245
103900261,9,5,4
103900262,107,9,98
103900263,64,149,-85
103900264,115,72,43
103900265,115,25,90
103900266,1,92,-91
103900267,10,44,-34
104000001,2975,2984,-9
104000002,2216,4027,-1811
104000003,3479,3616,-137
104000004,4313,4060,253
104000005,1682,3133,-1451
104000006,4046,4326,-280
104000007,6357,5677,680
104000008,424,484,-60
104000009,192,192,0
104000010,182,291,-109
104000011,772,519,253
104000012,173,540,-367
104000013,263,192,71
104000014,371,965,-594
104000015,370,202,168
104000016,609,633,-24
104000018,946,233,713
104000019,679,249,430
104000020,203,835,-632
104000021,320,838,-518
104000022,171,364,-193
104000023,970,551,419
104000024,326,482,-156
104000026,72,551,-479
104000027,488,483,5
104000028,464,394,70
104000029,520,631,-111
104000030,314,346,-32
104000031,1296,530,766
104000032,356,441,-85
104000033,679,693,-14
104000034,377,478,-101
104000035,976,608,368
104000036,1084,821,263
104000037,384,366,18
104000038,440,395,45
104000039,226,349,-123
104000040,479,508,-29
104000041,1308,503,805
104000042,300,527,-227
104000043,448,527,-79
104000044,340,968,-628
104000045,1506,1570,-64
104000046,1967,2240,-273
104000047,1498,1627,-129
104000048,1332,2450,-1118
104000049,789,444,345
104000050,433,1026,-593
104000051,169,863,-694
104000052,2105,2490,-385
104000053,1485,774,711
104000054,930,708,222
104000055,5461,3761,1700
104000056,1746,385,1361
104000057,187,674,-487
104000058,1215,1196,19
104000059,779,1464,-685
104000060,1468,1756,-288
104000061,2017,1682,335
104000062,363,216,147
104000064,572,407,165
104000065,262,832,-570
104000069,1754,1270,484
104000070,79,674,-595
104000071,176,736,-560
104000072,894,311,583
104000075,82,435,-353
104000076,778,215,563
104000082,3092,4395,-1303
104000083,1135,311,824
104000084,154,738,-584
104000085,274,440,-166
104000086,267,548,-281
104000087,726,2490,-1764
104000090,1045,2042,-997
104000092,1354,3637,-2283
104000094,1356,2487,-1131
104000095,2518,2139,379
104000096,2137,525,1612
104000097,1957,1399,558
104000098,2296,1748,548
104000100,2102,1024,1078
104000101,1566,3039,-1473
104000106,142,797,-655
104000107,794,689,105
104000108,415,862,-447
104000109,357,128,229
104000110,1106,1543,-437
104000111,6499,3516,2983
104000112,3613,820,2793
104000116,6,1625,-1619
104000117,173,994,-821
104000118,693,388,305
104000119,736,369,367
104000120,304,1326,-1022
104000121,232,1050,-818
104000122,750,1221,-471
104000123,1406,1593,-187
104000124,1412,3780,-2368
104000125,6362,5292,1070
104000126,645,695,-50
104000127,1999,4323,-2324
104000128,970,699,271
104000129,55,1,54
104000130,0,390,-390
104000131,907,611,296
104000132,1037,763,274
104000133,1664,1229,435
104000134,1321,2451,-1130
104000135,604,2420,-1816
104000136,1175,4957,-3782
104000137,1963,524,1439
104000138,1897,596,1301
104000139,9955,4114,5841
104000141,1627,1998,-371
104000142,835,1122,-287
104000143,681,849,-168
104000144,122,279,-157
104000145,530,304,226
104000146,445,774,-329
104000147,202,512,-310
104000148,423,213,210
104000149,240,495,-255
104000150,1667,730,937
104000151,760,823,-63
104000152,853,1148,-295
104000153,756,788,-32
104000154,1234,990,244
104000155,510,688,-178
104000157,1686,2097,-411
104000158,1041,652,389
104000159,943,590,353
104000160,2171,2455,-284
104000161,308,337,-29
104000162,62,243,-181
104000165,1650,1489,161
104000167,796,1268,-472
104000168,680,13,667
104000169,142,63,79
104000170,754,889,-135
104000248,486,890,-404
104000251,97,399,-302
104000272,0,0,0
104000273,0,0,0
104000274,0,0,0
104000275,0,0,0
104000279,958,586,372
104000290,155,408,-253
104000291,912,1600,-688
104000293,880,900,-20
104000294,30,0,30
104000295,868,1305,-437
104000296,547,1249,-702
104000297,1105,2701,-1596
104000298,2854,1267,1587
104000299,833,2070,-1237
104900001,217,603,-386
104900002,71,300,-229
104900003,92,504,-412
104900004,122,455,-333
104900005,334,308,26
104900006,292,143,149
104900007,331,345,-14
104900009,222,517,-295
104900010,56,68,-12
104900011,78,9,69
104900012,324,42,282
104900013,270,16,254
104900014,4618,539,4079
104900015,164,7,157
104900016,240,370,-130
104900017,207,311,-104
104900018,16,265,-249
104900019,456,3320,-2864
104900020,92,434,-342
104900021,4,311,-307
104900022,21,131,-110
104900023,2,176,-174
104900024,73,121,-48
104900025,111,450,-339
104900026,2,147,-145
104900027,617,391,226
104900028,37,113,-76
104900029,77,158,-81
104900030,678,293,385
104900031,147,264,-117
104900032,63,229,-166
104900033,176,371,-195
104900034,525,242,283
104900035,344,256,88
104900036,248,129,119
104900037,190,393,-203
104900038,843,1191,-348
104900039,1448,440,1008
104900040,435,159,276
104900041,259,235,24
104900042,179,438,-259
104900043,13,126,-113
104900044,504,295,209
104900045,525,81,444
104900046,238,234,4
104900047,340,192,148
104900048,315,152,163
104900049,51,36,15
104900050,407,190,217
104900051,382,90,292
104900052,62,2,60
104900053,560,142,418
104900054,156,90,66
104900055,135,2,133
104900056,288,24,264
104900057,95,2,93
104900058,1690,389,1301
104900059,99,70,29
104900060,4,737,-733
104900061,336,882,-546
104900063,1,123,-122
104900064,0,111,-111
104900065,3,215,-212
104900066,3,341,-338
104900067,8,478,-470
104900068,30,348,-318
104900070,327,455,-128
104900071,4,950,-946
104900072,104,406,-302
104900073,72,422,-350
104900074,99,363,-264
104900075,54,137,-83
104900076,150,508,-358
104900077,1718,322,1396
104900078,236,802,-566
104900079,179,564,-385
104900080,131,709,-578
104900082,8,594,-586
104900085,2,231,-229
104900087,807,15,792
104900089,176,0,176
104900090,1245,918,327
104900091,1203,1200,3
104900093,335,860,-525
104900097,4132,2627,1505
104900098,202,77,125
104900099,179,744,-565
104900100,844,432,412
104900102,75,332,-257
104900103,694,138,556
104900104,5156,2616,2540
104900106,115,203,-88
104900107,119,410,-291
104900108,47,387,-340
104900109,136,489,-353
104900110,18,64,-46
104900111,183,259,-76
104900112,313,1202,-889
104900113,780,633,147
104900114,434,929,-495
104900115,790,704,86
104900116,270,336,-66
104900118,28,105,-77
104900119,15,75,-60
104900120,31,170,-139
104900121,2,164,-162
104900122,4,126,-122
104900123,83,8,75
104900124,41,1,40
104900125,680,17,663
104900126,85,91,-6
104900127,37,116,-79
104900128,87,347,-260
104900129,3762,2606,1156
105000001,3040,2254,786
105000002,3274,2507,767
105000003,4836,5072,-236
105000004,958,1764,-806
105000005,1222,1610,-388
105000006,1797,2167,-370
105000007,1612,1914,-302
105000008,3062,3708,-646
105000009,2689,4449,-1760
105000010,4555,4035,520
105000011,4058,3609,449
105000012,6575,4702,1873
105000013,1211,1596,-385
105000014,2895,3358,-463
105000015,13460,17475,-4015
105000016,5480,3441,2039
105000017,2783,1410,1373
105000018,2088,2215,-127
105000019,2722,1432,1290
105000020,335,654,-319
105000021,484,142,342
105000022,383,115,268
105000023,823,410,413
105000028,69,172,-103
105000029,917,1547,-630
105000030,6314,4647,1667
105000033,2015,3068,-1053
105000034,252,1118,-866
105000037,1169,668,501
105000038,3190,2750,440
105000039,4443,3006,1437
105000040,1491,1551,-60
105000041,1264,2217,-953
105000042,7034,2134,4900
105000043,3587,3969,-382
105000044,1006,839,167
105000045,717,1546,-829
105000046,1210,659,551
105000047,775,2131,-1356
105000048,930,391,539
105000049,378,992,-614
105000050,888,610,278
105000051,310,698,-388
105000052,776,1304,-528
105000053,259,185,74
105000054,509,1545,-1036
105000055,1242,576,666
105000056,2370,4064,-1694
105000057,2043,1383,660
105000058,2059,2161,-102
105000059,1051,1041,10
105000060,674,1084,-410
105000061,782,829,-47
105000062,1182,1480,-298
105000063,496,863,-367
105000064,1521,1299,222
105000065,515,1116,-601
105000066,1725,2585,-860
105000067,1655,1121,534
105000068,968,1326,-358
105000069,3639,2059,1580
105000070,1111,1239,-128
105000071,427,1013,-586
105000072,821,2269,-1448
105000073,1180,865,315
105000074,1570,1272,298
105000075,984,1200,-216
105000076,1776,1349,427
105000077,4359,1427,2932
105000078,2087,1798,289
105000079,2422,3243,-821
105000080,2969,2118,851
105000081,4182,1547,2635
105000082,1846,1465,381
105000083,5171,2917,2254
105000084,1184,1534,-350
105000085,2439,1918,521
105000086,774,1542,-768
105000087,3029,2954,75
105000088,2526,2359,167
105000089,5705,3389,2316
105000090,1561,1283,278
105000091,2571,2324,247
105000092,1369,1493,-124
105000093,579,350,229
105000094,447,377,70
105000095,150,662,-512
105000096,2157,1189,968
105000097,1836,982,854
105000098,1508,971,537
105000099,1699,1044,655
105000100,1727,1564,163
105000101,3096,3444,-348
105000102,6112,2107,4005
105000103,3613,3666,-53
105000104,3142,1488,1654
105000105,1985,3048,-1063
105000106,2436,3280,-844
105000107,1524,1748,-224
105000108,1905,2816,-911
105000109,2009,3011,-1002
105000110,826,1203,-377
105000111,820,1035,-215
105000112,1393,1176,217
105000113,475,1000,-525
105000114,4742,1722,3020
105000115,373,1273,-900
105000116,896,778,118
105000117,1124,1766,-642
105000118,741,904,-163
105000119,1077,2107,-1030
105000120,1535,1058,477
105000121,1404,2206,-802
105000122,542,1031,-489
105000123,1797,2139,-342
105000124,2339,1373,966
105000125,1138,3061,-1923
105000126,2554,2880,-326
105000127,3175,3397,-222
105000128,1149,1949,-800
105000129,1230,518,712
105000130,512,2901,-2389
105000131,1487,605,882
105000132,1124,740,384
105000133,567,1581,-1014
105000134,869,661,208
105000135,504,980,-476
105000136,51,165,-114
105000137,302,529,-227
105000138,48,166,-118
105000139,1506,1536,-30
105000140,249,672,-423
105000141,355,1005,-650
105000142,165,644,-479
105000143,312,1028,-716
105000144,395,1171,-776
105000145,802,665,137
105000146,729,1306,-577
105000147,743,545,198
105000148,1716,929,787
105000149,2901,2884,17
105000150,3043,2475,568
105000151,716,582,134
105000152,194,881,-687
105000153,918,970,-52
105000154,898,1055,-157
105000155,585,1603,-1018
105000156,1416,975,441
105000157,1234,2792,-1558
105000158,2746,1231,1515
105000159,322,1871,-1549
105000160,2199,989,1210
105000161,976,1825,-849
105000162,1029,2490,-1461
105000163,1970,1525,445
105000164,308,447,-139
105000165,2103,6802,-4699
105000166,9667,1067,8600
105000167,3920,1971,1949
105000168,397,1069,-672
105000169,555,686,-131
105000170,292,1908,-1616
105000171,1866,586,1280
105000172,185,83,102
105000173,223,96,127
105000174,104,102,2
105000175,102,202,-100
105000176,563,198,365
105000177,338,277,61
105000178,207,933,-726
105000179,552,294,258
105000180,253,193,60
105000181,202,631,-429
105000182,121,71,50
105000183,4490,2603,1887
105000184,2207,1783,424
105000185,2929,1106,1823
105000186,896,1171,-275
105000187,1482,355,1127
105000188,794,236,558
105000189,417,719,-302
105000190,458,755,-297
105000191,646,439,207
105000192,361,120,241
105000193,149,242,-93
105000194,313,116,197
105000195,491,1336,-845
105000196,54,174,-120
105000197,379,934,-555
105000198,734,563,171
105000199,427,633,-206
105000200,273,333,-60
105000201,234,51,183
105000203,6,274,-268
105000204,101,163,-62
105000205,153,292,-139
105000207,1287,387,900
105000208,432,829,-397
105000209,291,407,-116
105000212,1541,2123,-582
105000213,285,345,-60
105000214,158,511,-353
105000215,352,347,5
105000216,209,645,-436
105000217,193,588,-395
105000218,1417,1641,-224
105000221,238,360,-122
105000222,495,81,414
105000223,390,273,117
105000226,117,523,-406
105000227,103,274,-171
105000228,390,2069,-1679
105000229,212,584,-372
105000231,315,404,-89
105000233,1014,1186,-172
105000234,844,1793,-949
105000235,590,1061,-471
105000237,899,150,749
105000243,41,313,-272
105000248,167,100,67
105000262,471,2106,-1635
105000269,172,261,-89
105000270,472,85,387
105000271,2,361,-359
105000282,138,94,44
105000287,563,238,325
105000288,680,683,-3
105000289,3566,2328,1238
105000290,43,7,36
105000402,6004,5153,851
105000426,957,879,78
105000438,4591,1608,2983
105000446,20812,8550,12262
105000447,11893,4590,7303
105000454,483,646,-163
105000455,419,315,104
105000474,33,4,29
105000477,450,699,-249
105000478,2340,4888,-2548
105000479,187,217,-30
105000480,8359,5276,3083
105000481,4752,3969,783
105000482,8376,7562,814
105000483,1906,2328,-422
105000484,3795,4321,-526
105000485,2499,3076,-577
105000486,8114,3994,4120
105000488,10567,7083,3484
105000489,1026,1316,-290
105000549,147,199,-52
105000550,873,2034,-1161
105000551,47,224,-177
105000552,4689,2678,2011
105900001,14,2087,-2073
105900002,2050,1016,1034
105900003,14,183,-169
105900004,737,171,566
105900005,20,474,-454
105900006,26,117,-91
105900007,402,30,372
105900008,97,866,-769
105900009,49,20,29
105900011,830,74,756
105900012,1050,190,860
105900013,10,67,-57
105900014,19,125,-106
105900015,453,552,-99
105900016,720,936,-216
105900017,1760,78,1682
105900018,191,368,-177
105900019,115,661,-546
105900020,64,86,-22
105900021,95,632,-537
105900022,446,423,23
105900023,12,215,-203
105900024,35,309,-274
105900025,241,72,169
105900026,463,35,428
105900027,11172,16231,-5059
105900028,429,390,39
105900029,2692,607,2085
105900030,342,390,-48
105900031,545,262,283
105900032,101,190,-89
105900033,134,203,-69
105900034,369,381,-12
105900035,460,279,181
105900036,71,201,-130
105900037,71,76,-5
105900038,179,402,-223
105900039,146,185,-39
105900040,94,144,-50
105900041,245,503,-258
105900042,107,193,-86
105900043,2753,105,2648
105900044,13,377,-364
105900045,24,1465,-1441
105900046,21,342,-321
105900047,9,56,-47
105900048,153,1026,-873
105900050,13828,3550,10278
105900051,25,1928,-1903
105900052,811,607,204
105900053,5788,3515,2273
105900054,593,407,186
105900056,1127,522,605
105900057,73,212,-139
105900058,14,23,-9
105900059,0,65,-65
106000001,6003,3246,2757
106000002,3611,7424,-3813
106000003,4283,4825,-542
106000004,2697,3904,-1207
106000005,3637,8468,-4831
106000006,7973,6934,1039
106000007,606,746,-140
106000008,487,452,35
106000009,619,551,68
106000010,701,826,-125
106000011,1150,1607,-457
106000012,1218,2174,-956
106000013,2119,2814,-695
106000014,2541,2502,39
106000015,1664,1827,-163
106000016,1713,3348,-1635
106000017,768,910,-142
106000018,869,794,75
106000019,402,650,-248
106000020,374,624,-250
106000021,344,648,-304
106000022,506,438,68
106000023,676,454,222
106000024,851,984,-133
106000025,147,300,-153
106000026,175,317,-142
106000027,1430,2020,-590
106000028,734,789,-55
106000029,1272,1574,-302
106000030,1063,539,524
106000034,358,894,-536
106000035,1263,2104,-841
106000036,318,581,-263
106000037,2866,2324,542
106000038,621,135,486
106000039,240,107,133
106000040,243,1355,-1112
106000041,1126,720,406
106000043,767,239,528
106000046,669,84,585
106000047,77,554,-477
106000049,976,276,700
106000050,473,1163,-690
106000051,661,570,91
106000052,129,1008,-879
106000053,361,168,193
106000054,547,775,-228
106000055,1436,1617,-181
106000056,350,653,-303
106000057,281,434,-153
106000058,254,312,-58
106000059,338,425,-87
106000060,565,808,-243
106000061,209,742,-533
106000062,184,827,-643
106000063,778,726,52
106000064,53,524,-471
106000065,490,359,131
106000066,227,559,-332
106000067,747,143,604
106000068,78,962,-884
106000069,213,93,120
106000070,595,1149,-554
106000071,1147,467,680
106000072,5359,2241,3118
106000073,2441,3774,-1333
106000074,627,930,-303
106000075,479,1896,-1417
106000076,2216,3222,-1006
106000077,4828,1938,2890
106000078,1206,1332,-126
106000079,803,1541,-738
106000080,1705,1000,705
106000081,796,1719,-923
106000082,3113,1261,1852
106000083,419,2241,-1822
106000084,1255,964,291
106000085,2085,2173,-88
106000086,805,1225,-420
106000087,1020,786,234
106000088,451,1180,-729
106000089,1224,554,670
106000090,272,901,-629
106000091,359,875,-516
106000092,962,442,520
106000093,372,207,165
106000094,133,426,-293
106000095,773,1351,-578
106000096,1007,1041,-34
106000097,1135,1557,-422
106000098,1017,1607,-590
106000099,357,2092,-1735
106000100,2228,430,1798
106000101,3003,838,2165
106000102,671,2044,-1373
106000103,397,998,-601
106000104,1355,650,705
106000105,621,1068,-447
106000106,721,750,-29
106000107,141,468,-327
106000108,283,382,-99
106000109,186,369,-183
106000110,200,404,-204
106000111,221,615,-394
106000112,215,582,-367
106000113,1233,815,418
106000114,630,759,-129
106000115,287,774,-487
106000116,277,336,-59
106000117,1461,1099,362
106000118,1598,1938,-340
106000119,2652,1755,897
106000120,1165,1716,-551
106000121,227,251,-24
106000122,133,409,-276
106000123,403,306,97
106000124,72,442,-370
106000125,34,478,-444
106000126,325,181,144
106000127,1005,1414,-409
106000128,845,367,478
106000129,539,945,-406
106000130,823,536,287
106000131,140,1100,-960
106000132,766,262,504
106000133,4496,1728,2768
106000134,955,3332,-2377
106000135,310,1029,-719
106000136,761,1359,-598
106000137,112,1614,-1502
106000138,1363,132,1231
106000139,53,175,-122
106000140,58,111,-53
106000141,77,145,-68
106000142,127,95,32
106000143,182,128,54
106000144,28,91,-63
106000145,308,456,-148
106000146,361,308,53
106000147,730,755,-25
106000148,919,1221,-302
106000149,720,583,137
106000150,650,2610,-1960
106000151,6173,1230,4943
106000152,2341,2736,-395
106000153,118,2728,-2610
106000154,2324,430,1894
106000155,112,359,-247
106000156,1106,506,600
106000157,914,2837,-1923
106000158,3768,1271,2497
106000159,5238,2782,2456
106000160,483,3564,-3081
106000161,2268,681,1587
106000162,272,1140,-868
106000163,431,666,-235
106000164,424,519,-95
106000165,325,853,-528
106000166,853,435,418
106000167,503,1858,-1355
106000168,536,419,117
106000169,291,995,-704
106000170,996,391,605
106000171,283,1760,-1477
106000172,3742,1941,1801
106000173,1410,4029,-2619
106000174,1316,479,837
106000175,384,1464,-1080
106000176,2257,1129,1128
106000177,1267,3830,-2563
106000178,4107,2673,1434
106000179,1635,3868,-2233
106000180,1184,2246,-1062
106000181,978,2749,-1771
106000182,1192,1173,19
106000183,1385,1164,221
106000184,3052,1278,1774
106000185,2143,1807,336
106000186,1301,318,983
106000187,363,1683,-1320
106000188,2,1,1
106000189,29,90,-61
106000190,27,0,27
106000191,872,391,481
106000192,19,45,-26
106000193,492,353,139
106000194,255,611,-356
106000195,1299,304,995
106000196,405,819,-414
106000197,799,441,358
106000198,246,492,-246
106000199,1542,1511,31
106000200,593,384,209
106000201,749,4179,-3430
106000202,7916,1078,6838
106000203,132,282,-150
106000204,96,13,83
106000205,33,188,-155
106000206,161,45,116
106000207,94,1175,-1081
106000208,1532,225,1307
106000209,1639,427,1212
106000210,398,1689,-1291
106000211,541,1878,-1337
106000212,1152,460,692
106000213,1164,2436,-1272
106000214,3805,816,2989
106000215,482,727,-245
106000216,485,511,-26
106000217,365,659,-294
106000218,578,550,28
106000219,198,399,-201
106000220,584,449,135
106000221,167,401,-234
106000222,58,140,-82
106000223,230,149,81
106000224,233,350,-117
106000225,91,155,-64
106000226,155,385,-230
106000228,50,149,-99
106000229,155,969,-814
106000231,1064,204,860
106000232,118,467,-349
106000233,958,145,813
106000234,254,275,-21
106000235,1643,127,1516
106000236,608,68,540
106000237,13,27,-14
106000238,49,29,20
106000239,8,277,-269
106000240,97,7,90
106000241,33,872,-839
106000242,397,41,356
106000249,59,130,-71
106000250,73,816,-743
106000251,151,55,96
106000252,33,158,-125
106000253,73,92,-19
106000254,71,73,-2
106000255,28,211,-183
106000256,109,110,-1
106000257,160,403,-243
106000258,921,26,895
106000259,18,72,-54
106000260,49,10,39
106000261,6,79,-73
106000262,182,18,164
106000263,27,96,-69
106000264,389,14,375
106000265,18,219,-201
106000266,184,38,146
106000267,7,176,-169
106000268,701,96,605
106000269,87,64,23
106000270,236,823,-587
106000271,101,357,-256
106000272,322,82,240
106000273,6,360,-354
106000274,331,71,260
106000275,197,363,-166
106000276,320,80,240
106000277,252,295,-43
106000278,290,79,211
106000279,11,62,-51
106000280,102,159,-57
106000281,96,94,2
106000282,79,107,-28
106000283,149,112,37
106000284,70,143,-73
106000285,173,170,3
106000286,91,234,-143
106000287,135,136,-1
106000288,105,196,-91
106000289,93,92,1
106000290,75,145,-70
106000291,86,134,-48
106000292,82,170,-88
106000293,135,130,5
106000294,182,211,-29
106000295,68,93,-25
106000296,113,129,-16
106000297,107,296,-189
106000298,190,97,93
106000299,62,210,-148
106000300,67,141,-74
106000301,76,148,-72
106000303,49,163,-114
106000304,33,45,-12
106000305,30,100,-70
106000306,24,78,-54
106000307,81,39,42
106000308,34,179,-145
106000309,16,108,-92
106000310,463,772,-309
106000311,397,286,111
106000312,108,252,-144
106000313,195,307,-112
106000318,192,534,-342
106000319,1302,220,1082
106000320,1,81,-80
106000321,499,126,373
106000322,137,226,-89
106000324,15,215,-200
106000325,1936,1381,555
106000326,1451,2935,-1484
106000327,136,143,-7
106000328,32,218,-186
106000329,150,472,-322
106000330,97,133,-36
106000428,95,184,-89
106000429,165,567,-402
106000430,439,1774,-1335
106000431,2560,487,2073
106000432,2570,4123,-1553
106000433,2630,1548,1082
106000434,4181,1957,2224
106000435,2725,3747,-1022
106000436,22,470,-448
106000437,468,52,416
106000438,932,279,653
106000439,85,679,-594
106000440,488,884,-396
106000441,0,1,-1
106000442,223,8,215
106000443,138,537,-399
106000450,4,292,-288
106000451,39,74,-35
106000454,6,341,-335
106000455,11,232,-221
106000456,235,64,171
106000457,36,1531,-1495
106000458,715,228,487
106000459,187,580,-393
106000460,1771,58,1713
106000461,140,2296,-2156
106000462,0,34,-34
106000463,3,43,-40
106000464,3,748,-745
106000465,651,7,644
106000466,11,1046,-1035
106000467,586,845,-259
106000468,68,272,-204
106000469,319,3,316
106000470,303,2452,-2149
106000471,67,1037,-970
106000472,250,18,232
106000473,43,22,21
106000474,499,683,-184
106000475,330,268,62
106000476,162,173,-11
106000477,20,52,-32
106900001,0,9,-9
106900002,10,725,-715
106900003,427,2780,-2353
106900004,0,93,-93
106900006,0,24,-24
106900007,0,15,-15
106900008,392,445,-53
106900009,392,536,-144
106900010,310,497,-187
106900012,2905,4379,-1474
106900013,1319,238,1081
106900014,35,4,31
106900015,30,3,27
106900016,299,12,287
106900017,7,0,7
106900018,3,0,3
106900019,61,2,59
106900020,5381,1847,3534
106900021,140,99,41
106900022,816,4,812
106900023,53,357,-304
106900024,1820,68,1752
106900025,111,1443,-1332
106900026,3,944,-941
106900027,896,9,887
107000001,5852,4796,1056
107000002,5920,7279,-1359
107000003,7230,9469,-2239
107000004,8942,8667,275
107000005,5227,7722,-2495
107000006,6991,8327,-1336
107000007,7778,15850,-8072
107000008,19711,14793,4918
107000009,9016,10416,-1400
107000010,18422,17436,986
107000011,1703,2204,-501
107000012,6299,5501,798
107000013,76,156,-80
107000014,44,334,-290
107000015,537,1119,-582
107000016,808,1346,-538
107000017,14803,2781,12022
107000018,249,2117,-1868
107000020,11505,1976,9529
107000021,2931,920,2011
107000022,3876,2715,1161
107000023,3136,607,2529
107000024,998,2489,-1491
107000025,247,649,-402
107000026,276,926,-650
107000027,1676,2077,-401
107000028,1877,2499,-622
107000029,4196,4131,65
107000030,4583,5054,-471
107000031,4582,4250,332
107000032,755,1438,-683
107000033,5181,11034,-5853
107000034,7626,3083,4543
107000035,475,416,59
107000036,578,2163,-1585
107000037,99,1403,-1304
107000038,368,367,1
107000039,1039,1205,-166
107000040,213,567,-354
107000041,2401,1140,1261
107000042,1297,3052,-1755
107000043,4561,1608,2953
107000044,907,553,354
107000045,211,449,-238
107000046,1174,631,543
107000047,568,1204,-636
107000048,892,439,453
107000049,689,1155,-466
107000050,1325,769,556
107000051,672,600,72
107000052,1566,1452,114
107000053,562,300,262
107000054,99,389,-290
107000055,234,154,80
107000056,609,1186,-577
107000057,1946,332,1614
107000058,2765,3278,-513
107000059,3238,5291,-2053
107000060,5366,8010,-2644
107000061,8119,6229,1890
107000062,4725,4298,427
107000063,5717,8265,-2548
107000064,6391,3469,2922
107000065,6765,7389,-624
107000066,3485,4309,-824
107000067,1642,1617,25
107000068,2416,952,1464
107000069,918,710,208
107000070,1206,13,1193
107000071,3534,50,3484
107000072,85,4461,-4376
107000073,923,424,499
107000074,195,1510,-1315
107000075,2083,653,1430
107000076,882,2390,-1508
107000077,4066,1534,2532
107000078,3380,5107,-1727
107000079,3467,1260,2207
107000080,1747,5047,-3300
107000081,2145,871,1274
107000082,768,3046,-2278
107000083,1737,615,1122
107000084,742,3259,-2517
107000085,3674,4638,-964
107000086,4910,5425,-515
107000087,3400,3139,261
107000088,4378,5484,-1106
107000089,1638,2751,-1113
107000090,1532,1813,-281
107000091,1402,1235,167
107000092,1075,1566,-491
107000093,1404,1289,115
107000094,1497,1679,-182
107000095,1081,871,210
107000096,939,1350,-411
107000097,1188,265,923
107000098,796,675,121
107000099,904,481,423
107000100,521,418,103
107000101,148,286,-138
107000102,597,493,104
107000103,506,305,201
107000104,328,441,-113
107000105,416,216,200
107000106,332,433,-101
107000107,812,297,515
107000108,331,937,-606
107000109,822,252,570
107000110,133,719,-586
107000111,545,77,468
107000112,70,522,-452
107000113,948,181,767
107000114,142,842,-700
107000115,555,189,366
107000116,181,1236,-1055
107000117,196,768,-572
107000118,215,401,-186
107000119,2199,2374,-175
107000120,2180,796,1384
107000121,919,1148,-229
107000122,1433,1603,-170
107000123,476,1028,-552
107000124,789,1382,-593
107000125,921,888,33
107000126,1108,1041,67
107000127,50,494,-444
107000129,1237,281,956
107000130,982,461,521
107000131,703,526,177
107000132,1220,505,715
107000133,1179,206,973
107000134,515,5,510
107000135,7,444,-437
107000136,1128,8,1120
107000137,18,550,-532
107000138,623,38,585
107000139,33,659,-626
107000140,2261,179,2082
107000141,155,1167,-1012
107000142,608,173,435
107000143,82,1187,-1105
107000144,644,751,-107
107000145,172,813,-641
107000146,275,550,-275
107000147,4159,1272,2887
107000150,1288,5967,-4679
107000151,64,153,-89
107000152,913,1874,-961
107000153,324,658,-334
107000154,345,266,79
107000155,1722,56,1666
107000156,1623,57,1566
107000157,101,2741,-2640
107000158,767,58,709
107000159,46,1444,-1398
107000160,1072,331,741
107000161,126,2458,-2332
107000162,287,1143,-856
107000163,320,2,318
107000164,671,4,667
107000165,1131,17,1114
107000166,81,1782,-1701
107000167,765,300,465
107000168,1062,636,426
107000169,1029,1331,-302
107000170,2532,1161,1371
107000171,926,3357,-2431
107000172,1401,1985,-584
107000173,922,1614,-692
107000174,1220,8288,-7068
107000175,11279,2828,8451
107000176,0,2,-2
107000177,31,2,29
107000178,23,63,-40
107000179,375,3471,-3096
107000180,1496,587,909
107000181,454,1726,-1272
107000182,1770,1368,402
107000183,178,1442,-1264
107000184,1136,1057,79
107000185,754,2254,-1500
107000186,1804,619,1185
107000187,1814,1979,-165
107000188,841,895,-54
107000189,478,1563,-1085
107000190,877,1199,-322
107000191,800,1468,-668
107000192,2195,1293,902
107000193,502,658,-156
107000194,1132,1093,39
107000197,1198,501,697
107000198,417,959,-542
107000199,804,1350,-546
107000200,1270,1151,119
107000201,550,376,174
107000202,388,869,-481
107000203,1859,1018,841
107000204,2758,974,1784
107000205,3716,1867,1849
107000206,1965,2028,-63
107000207,1248,1727,-479
107000208,2311,704,1607
107000209,3326,1649,1677
107000210,1175,438,737
107000211,10,64,-54
107000212,10,706,-696
107000213,3,43,-40
107000214,20,274,-254
107000215,853,700,153
107000216,639,617,22
107000217,213,202,11
107000219,141,213,-72
107000220,233,378,-145
107000222,347,1264,-917
107000224,676,95,581
107000225,368,897,-529
107000226,609,130,479
107000227,147,528,-381
107000228,144,322,-178
107000229,267,359,-92
107000230,1685,819,866
107000231,2525,1832,693
107000232,157,86,71
107000233,2008,1041,967
107000234,1,55,-54
107000235,85,2,83
107000236,20,1463,-1443
107000237,15,3,12
107000238,25,2,23
107000239,5806,833,4973
107000240,102,1418,-1316
107000241,160,30,130
107000242,704,73,631
107000243,0,111,-111
107000244,9,81,-72
107000246,2,1564,-1562
107000249,5,1450,-1445
107000251,2,379,-377
107000252,10,1709,-1699
107000255,709,146,563
107000257,2,652,-650
107000258,1,163,-162
107000259,3,307,-304
107000260,607,8,599
107000262,14,866,-852
107000263,289,21,268
107000266,2,18,-16
107000267,88,223,-135
107000268,200,213,-13
107000269,1165,59,1106
107000270,3,26,-23
107000271,41,1055,-1014
107000272,39,261,-222
107000273,9,313,-304
107000274,8918,462,8456
107000275,386,1568,-1182
107000280,788,68,720
107000281,73,1415,-1342
107000282,83,1505,-1422
107000290,4,46,-42
107000291,44,50,-6
107000292,10,111,-101
107000293,399,6,393
107000294,1,63,-62
107000295,115,6,109
107000296,0,38,-38
107000444,733,16,717
107000496,0,26,-26
107000497,2080,3873,-1793
107000500,499,447,52
107000501,124,245,-121
107000502,312,483,-171
107000505,744,1199,-455
107000506,10,56,-46
107000508,11,943,-932
107000509,342,1345,-1003
107000510,45,27,18
107000514,97,429,-332
107000515,16,289,-273
107000516,277,467,-190
107000518,1443,1570,-127
107000519,3553,1543,2010
107000520,82,37,45
107900001,45,187,-142
107900002,65,9,56
107900003,584,27,557
107900004,143,2,141
107900005,1735,10,1725
107900006,286,8,278
107900007,383,63,320
107900008,143,63,80
107900009,301,7,294
107900010,21,1,20
107900012,437,14,423
107900013,382,63,319
107900014,50,4,46
107900015,1238,22,1216
107900016,783,135,648
107900017,34,7,27
107900018,66,199,-133
107900019,23,92,-69
107900020,210,16,194
107900021,93,209,-116
107900023,4,0,4
107900024,0,56,-56
107900025,207,436,-229
107900026,75,120,-45
107900027,56,89,-33
107900028,71,93,-22
107900030,158,26,132
107900031,87,198,-111
107900032,37,4,33
107900033,29,8,21
107900034,475,21,454
107900035,934,90,844
107900036,64,31,33
107900037,1,67,-66
107900038,207,379,-172
107900039,51,102,-51
107900040,207,253,-46
107900041,2,4,-2
107900043,33,252,-219
107900044,20,16,4
107900045,145,57,88
107900046,231,287,-56
107900047,23,161,-138
107900048,214,5,209
107900049,487,3148,-2661
107900050,142,496,-354
107900051,92,105,-13
107900052,31,19,12
107900053,49,157,-108
107900055,1145,471,674
107900056,332,56,276
107900057,2,0,2
107900058,60,1019,-959
107900060,69,77,-8
107900061,22,4,18
107900063,119,191,-72
107900064,534,188,346
107900065,259,19,240
107900066,47,6,41
107900067,0,1,-1
107900068,283,403,-120
107900069,41,2129,-2088
107900070,206,65,141
107900071,48,1151,-1103
107900072,104,288,-184
107900073,180,154,26
107900074,1131,325,806
107900076,175,87,88
107900077,37,0,37
107900078,320,41,279
107900079,14,35,-21
107900080,382,464,-82
107900081,33,187,-154
107900082,27,32,-5
107900083,680,222,458
107900084,143,164,-21
107900086,63,243,-180
107900087,959,156,803
107900088,54,9,45
107900089,469,1637,-1168
107900090,1307,3588,-2281
107900091,352,706,-354
107900092,2974,685,2289
107900093,149,96,53
107900095,4651,3009,1642
107900097,62,127,-65
107900098,104,222,-118
107900100,1526,1533,-7
107900101,1618,295,1323
107900102,29,12,17
107900103,87,243,-156
107900104,381,13,368
107900105,0,605,-605
107900106,3,1556,-1553
107900107,2483,673,1810
107900108,510,155,355
107900109,1307,11,1296
107900110,46,145,-99
107900111,10,1489,-1479
107900112,81,574,-493
107900113,254,197,57
107900114,180,275,-95
107900115,7,46,-39
107900116,170,298,-128
107900117,660,749,-89
107900118,121,261,-140
107900119,95,354,-259
107900120,27,29,-2
107900121,17,337,-320
107900122,6,146,-140
107900123,14,57,-43
107900124,57,33,24
107900125,47,290,-243
107900126,19,51,-32
107900127,909,357,552
107900128,141,118,23
107900129,74,83,-9
107900130,88,57,31
107900131,1010,355,655
107900132,230,646,-416
107900133,3,108,-105
107900134,37,59,-22
107900135,3,253,-250
107900136,76,76,0
107900137,191,173,18
107900138,57,74,-17
107900139,44,93,-49
107900140,110,106,4
107900141,62,74,-12
107900142,190,1443,-1253
107900143,148,66,82
107900144,5,217,-212
107900145,21,145,-124
107900146,59,198,-139
107900147,76,47,29
107900148,258,185,73
107900149,1940,368,1572
107900150,139,1189,-1050
107900151,39,201,-162
107900152,8,384,-376
107900153,192,501,-309
107900154,51,41,10
107900155,88,86,2
107900156,8,376,-368
107900157,38,58,-20
107900158,923,33,890
107900159,54,1501,-1447
107900160,105,215,-110
107900161,32,243,-211
107900162,0,241,-241
107900163,251,160,91
107900164,10,62,-52
107900165,28,135,-107
107900166,18,317,-299
107900167,28,34,-6
107900168,38,50,-12
107900169,11,257,-246
107900171,42,2334,-2292
107900172,2,483,-481
107900173,20,266,-246
107900174,107,3,104
107900175,46,39,7
107900176,42,64,-22
107900177,9,450,-441
107900178,10,289,-279
107900179,23,215,-192
107900180,1153,609,544
107900181,584,377,207
107900182,3,1986,-1983
107900183,33,413,-380
107900184,246,412,-166
107900185,110,1,109
107900186,32,74,-42
107900187,2,220,-218
107900188,1026,213,813
107900189,41,171,-130
107900190,109,117,-8
107900191,95,199,-104
107900193,5,69,-64
107900194,362,11,351
107900195,4716,698,4018
107900196,86,110,-24
107900197,1366,391,975
107900199,5,1466,-1461
107900201,99,153,-54
107900203,72,106,-34
107900204,292,412,-120
107900205,247,569,-322
107900206,1374,252,1122
107900207,7,1032,-1025
107900208,9,943,-934
107900209,549,182,367
107900210,123,208,-85
107900213,1244,1050,194
107900214,16,136,-120
107900215,228,395,-167
107900216,174,136,38
107900217,105,113,-8
107900218,21,3175,-3154
107900219,30,129,-99
107900220,329,330,-1
107900221,258,266,-8
107900223,100,832,-732
107900224,171,437,-266
107900225,24,1250,-1226
107900226,102,216,-114
107900227,167,671,-504
107900228,34,185,-151
107900229,3,437,-434
107900230,18,197,-179
107900231,17,367,-350
107900232,72,233,-161
107900233,8,223,-215
107900234,123,219,-96
107900235,52,142,-90
107900236,107,124,-17
107900237,117,671,-554
107900238,28,155,-127
107900239,1389,614,775
107900240,36,183,-147
107900241,17,144,-127
107900242,31,331,-300
107900243,3,67,-64
107900244,332,2,330
107900245,663,97,566
107900246,561,17,544
107900248,321,707,-386
107900249,780,32,748
107900250,6,848,-842
107900251,89,2216,-2127
107900252,1206,29,1177
107900253,223,6,217
107900254,86,769,-683
107900255,493,131,362
107900256,3636,2146,1490
107900257,285,173,112
107900258,160,426,-266
107900259,127,2476,-2349
107900261,3,568,-565
107900262,45,156,-111
107900264,324,5,319
107900265,288,298,-10
107900267,238,28,210
107900268,83,9,74
107900269,1,5,-4
107900270,0,1,-1
107900271,6,15,-9
107900272,185,13,172
107900273,45,124,-79
107900274,55,0,55
107900275,31,1,30
107900276,2,95,-93
107900277,0,257,-257
107900278,346,487,-141
107900279,162,201,-39
107900280,2647,3649,-1002
107900281,3506,3398,108
107900282,87,638,-551
107900283,2156,792,1364
107900284,959,1109,-150
107900285,136,150,-14
107900286,189,131,58
107900287,172,306,-134
107900290,1,115,-114
107900291,504,7,497
107900292,155,324,-169
107900293,84,681,-597
107900295,91,105,-14
107900297,3,618,-615
107900298,1207,1214,-7
107900299,4731,3250,1481
107900300,75,352,-277
107900301,1158,684,474
107900302,111,61,50
107900303,361,597,-236
107900304,263,691,-428
107900305,415,38,377
107900306,24,19,5
107900307,53,317,-264
107900308,143,118,25
107900309,223,2,221
107900310,477,2,475
107900311,5,167,-162
107900312,97,3,94
107900313,5,187,-182
107900314,1,75,-74
107900315,1,99,-98
107900316,87,4,83
107900317,203,19,184
107900318,18,251,-233
107900319,8,381,-373
107900320,9,233,-224
107900321,164,4,160
107900322,3,179,-176
107900323,48,247,-199
107900324,236,3,233
107900325,107,0,107
107900326,471,455,16
107900327,4,79,-75
107900328,297,4,293
107900329,309,104,205
107900330,12,817,-805
107900331,238,43,195
107900332,354,53,301
107900333,59,24,35
107900334,14,271,-257
107900335,62,70,-8
107900336,103,76,27
107900337,1957,1128,829
107900338,6,257,-251
107900339,3,46,-43
107900340,0,79,-79
107900341,77,0,77
107900342,181,179,2
107900343,253,3,250
107900344,9,150,-141
107900345,139,45,94
107900346,42,1,41
107900347,38,1,37
107900348,19,3,16
107900349,10,10,0
107900350,47,375,-328
108000001,3221,4797,-1576
108000002,2765,4091,-1326
108000003,5121,3721,1400
108000004,20487,24182,-3695
108000005,10898,7072,3826
108000006,11691,11333,358
108000007,6476,5553,923
108000008,6462,9401,-2939
108000009,4497,5760,-1263
108000010,4789,7417,-2628
108000011,14887,14395,492
108000012,25481,24725,756
108000014,1202,889,313
108000015,725,394,331
108000016,407,908,-501
108000017,1325,555,770
108000018,2349,802,1547
108000019,4473,1159,3314
108000020,1931,745,1186
108000021,592,2446,-1854
108000022,697,1997,-1300
108000023,1486,316,1170
108000024,318,878,-560
108000025,362,384,-22
108000026,550,675,-125
108000027,921,674,247
108000028,633,387,246
108000029,565,666,-101
108000030,1172,368,804
108000031,403,838,-435
108000032,1602,788,814
108000033,845,1647,-802
108000034,2037,714,1323
108000035,1181,3572,-2391
108000036,456,1679,-1223
108000037,2006,647,1359
108000038,2872,835,2037
108000039,666,3466,-2800
108000040,2215,1246,969
108000041,964,3778,-2814
108000042,226,331,-105
108000043,278,436,-158
108000044,488,244,244
108000045,353,785,-432
108000046,1673,457,1216
108000047,590,1768,-1178
108000048,261,593,-332
108000049,1223,350,873
108000050,121,645,-524
108000051,288,181,107
108000052,320,985,-665
108000053,431,227,204
108000054,684,1541,-857
108000055,1333,613,720
108000056,1324,1611,-287
108000057,865,1313,-448
108000058,2315,4498,-2183
108000059,4334,2799,1535
108000060,198,549,-351
108000061,227,447,-220
108000062,960,683,277
108000063,576,805,-229
108000064,272,341,-69
108000065,843,1026,-183
108000066,2468,1118,1350
108000067,2427,921,1506
108000068,821,558,263
108000069,295,1553,-1258
108000070,2073,943,1130
108000071,828,2339,-1511
108000072,2079,1507,572
108000073,2115,2832,-717
108000074,608,520,88
108000075,433,1148,-715
108000076,896,799,97
108000077,839,1129,-290
108000078,2468,1936,532
108000079,1150,2614,-1464
108000080,1406,882,524
108000081,684,2714,-2030
108000082,1454,2942,-1488
108000083,2225,1299,926
108000084,580,1917,-1337
108000085,889,557,332
108000086,1181,1125,56
108000087,210,2231,-2021
108000088,254,13,241
108000089,486,628,-142
108000090,511,225,286
108000091,351,727,-376
108000092,153,154,-1
108000093,226,1145,-919
108000094,668,127,541
108000095,178,758,-580
108000096,343,220,123
108000097,165,769,-604
108000098,1876,2230,-354
108000099,380,139,241
108000100,55,364,-309
108000101,1977,2038,-61
108000102,1846,3989,-2143
108000106,1116,2,1114
108000107,2,1070,-1068
108000108,846,58,788
108000109,7,930,-923
108000110,226,504,-278
108000111,192,1181,-989
108000112,93,191,-98
108000113,689,425,264
108000115,528,455,73
108000117,1102,512,590
108000118,121,244,-123
108000119,907,613,294
108000120,188,987,-799
108000121,226,726,-500
108000122,701,446,255
108000123,1145,392,753
108000124,500,893,-393
108000125,404,408,-4
108000126,194,683,-489
108000127,601,507,94
108000128,905,799,106
108000129,533,1690,-1157
108000130,619,406,213
108000131,964,618,346
108000132,2626,2202,424
108000133,1010,759,251
108000134,658,837,-179
108000135,1267,622,645
108000136,855,1509,-654
108000137,490,606,-116
108000138,420,1415,-995
108000139,504,557,-53
108000140,111,34,77
108000141,65,183,-118
108000142,98,171,-73
108000143,28,44,-16
108000144,69,30,39
108000145,66,49,17
108000146,96,30,66
108000147,129,69,60
108000148,146,28,118
108000149,28,32,-4
108000150,53,4,49
108000151,51,18,33
108000152,124,692,-568
108000153,467,177,290
108000154,101,22,79
108000155,79,35,44
108000156,475,196,279
108000157,299,1212,-913
108000158,113,869,-756
108000159,753,242,511
108000160,5467,1473,3994
108000161,5097,3250,1847
108000165,4,291,-287
108000172,14,414,-400
108000173,3352,2652,700
108000175,244,141,103
108000178,586,468,118
108000179,338,1025,-687
108000181,60,47,13
108000182,132,27,105
108000183,62,38,24
108000184,1409,2816,-1407
108000185,312,800,-488
108000186,224,69,155
108000187,129,927,-798
108000188,622,423,199
108000189,1055,1766,-711
108000190,49,174,-125
108000192,357,792,-435
108000193,1108,70,1038
108000194,70,24,46
108000195,3,1725,-1722
108000196,416,319,97
108000198,568,515,53
108000199,1,181,-180
108000200,601,1030,-429
108000202,1,299,-298
108000203,164,1018,-854
108000204,146,63,83
108000205,438,677,-239
108000339,2226,538,1688
108000364,147,447,-300
108000365,112,500,-388
108000367,242,614,-372
108000368,16,112,-96
108000369,1663,223,1440
108000371,2,776,-774
108000372,693,4,689
108000373,239,206,33
108000376,95,30,65
108000377,374,438,-64
108000378,11969,13422,-1453
108000379,52,296,-244
108000381,91,26,65
108000382,73,0,73
108000383,0,110,-110
108900001,125,1526,-1401
108900002,305,108,197
108900003,462,1235,-773
108900004,135,433,-298
108900005,78,421,-343
108900006,864,214,650
108900007,256,306,-50
108900008,107,237,-130
108900009,84,151,-67
108900010,204,266,-62
108900011,431,492,-61
108900012,427,632,-205
108900013,107,303,-196
108900014,14,152,-138
108900015,3,42,-39
108900016,2,295,-293
108900017,335,358,-23
108900018,125,718,-593
108900019,157,1410,-1253
108900020,62,357,-295
108900021,140,405,-265
108900022,190,12,178
108900023,1,67,-66
108900024,25,153,-128
108900025,99,227,-128
108900026,24,152,-128
108900027,1,112,-111
108900028,90,583,-493
108900029,129,346,-217
108900030,1,107,-106
108900031,93,622,-529
108900032,30,378,-348
108900033,0,155,-155
108900034,1,264,-263
108900035,351,2049,-1698
108900036,219,407,-188
108900037,97,641,-544
108900038,3,490,-487
108900039,3,578,-575
108900040,3,146,-143
108900041,7684,3921,3763
108900042,22,486,-464
108900043,113,747,-634
108900044,1,717,-716
108900045,61,839,-778
108900046,67,1176,-1109
108900047,0,66,-66
108900048,142,1526,-1384
108900049,6360,1823,4537
108900050,5,352,-347
108900051,1,315,-314
108900052,50,425,-375
108900053,120,217,-97
108900054,121,289,-168
108900055,90,565,-475
108900056,0,235,-235
108900057,0,268,-268
108900058,44,665,-621
108900059,530,53,477
108900060,131,216,-85
108900061,96,41,55
108900062,7,366,-359
108900063,15,592,-577
108900064,217,121,96
108900065,14,337,-323
108900066,311,186,125
108900067,64,245,-181
108900068,0,121,-121
108900069,54,195,-141
108900070,65,199,-134
108900071,98,111,-13
108900072,3556,1124,2432
108900073,5,88,-83
108900074,227,688,-461
108900075,49,47,2
108900076,324,104,220
108900077,168,169,-1
108900078,28,262,-234
108900079,1239,331,908
108900080,55,1303,-1248
108900081,63,376,-313
108900082,68,156,-88
108900083,44,477,-433
108900084,603,225,378
108900085,2870,289,2581
108900086,119,419,-300
108900087,183,332,-149
108900088,1369,583,786
108900089,40,231,-191
108900090,56,468,-412
108900091,150,129,21
108900092,541,527,14
108900093,166,139,27
108900094,270,151,119
108900095,67,655,-588
108900096,458,25,433
108900097,332,356,-24
108900098,3877,975,2902
108900099,408,413,-5
108900100,112,212,-100
108900101,241,192,49
108900102,184,1023,-839
108900103,231,160,71
108900104,205,635,-430
108900105,8,1591,-1583
108900106,512,650,-138
108900108,1106,73,1033
108900109,381,36,345
108900110,257,755,-498
108900111,521,935,-414
108900112,346,23,323
108900113,39,53,-14
108900114,6,9,-3
108900115,109,116,-7
108900116,143,10,133
108900117,376,21,355
108900118,618,28,590
108900119,275,63,212
108900120,390,253,137
108900121,456,167,289
108900122,129,52,77
108900123,154,158,-4
108900124,465,236,229
108900125,430,10,420
108900126,96,30,66
108900127,171,34,137
108900128,145,54,91
108900129,844,189,655
108900130,396,2,394
108900131,497,9,488
108900132,543,128,415
108900133,270,93,177
108900134,333,367,-34
108900135,156,16,140
108900136,79,4,75
108900137,153,1,152
108900138,739,59,680
108900139,821,162,659
108900140,290,442,-152
108900141,458,18,440
108900142,107,9,98
108900143,47,0,47
108900144,86,2,84
108900145,192,17,175
108900146,96,3,93
108900147,227,0,227
108900148,105,62,43
108900149,631,475,156
108900150,254,9,245
108900151,222,5,217
108900152,156,76,80
108900153,153,584,-431
108900154,5872,640,5232
108900155,346,136,210
108900156,118,20,98
108900157,29,745,-716
108900158,620,60,560
108900159,3,400,-397
108900160,15,357,-342
108900161,6,615,-609
108900162,66,0,66
108900163,5,389,-384
108900164,51,139,-88
108900165,237,130,107
108900167,2612,7116,-4504
108900168,11855,3510,8345
108900169,90,200,-110
108900171,12473,3556,8917
108900172,253,64,189
108900173,311,618,-307
108900174,822,869,-47
108900176,188,588,-400
108900177,10204,7786,2418
108900178,6696,3829,2867
108900179,764,1838,-1074
108900180,120,422,-302
108900182,39,364,-325
108900183,284,336,-52
108900184,593,382,211
108900185,163,559,-396
108900186,99,573,-474
108900187,354,81,273
108900188,585,111,474
108900189,507,265,242
108900190,88,4658,-4570
108900191,285,44,241
108900192,153,347,-194
108900193,419,76,343
108900194,55,422,-367
108900195,152,462,-310
108900196,62,704,-642
108900198,10,745,-735
108900199,338,508,-170
108900200,1100,536,564
108900201,672,2026,-1354
108900203,543,28,515
108900204,398,15,383
108900205,211,30,181
108900206,601,56,545
108900207,234,84,150
108900208,17,501,-484
108900209,305,895,-590
108900210,275,349,-74
108900211,237,592,-355
108900212,901,1664,-763
108900215,171,714,-543
108900216,562,177,385
108900217,193,0,193
108900218,201,34,167
108900219,120,12,108
108900220,66,37,29
108900221,42,174,-132
108900222,267,23,244
108900223,15,178,-163
108900224,40,274,-234
108900225,2,312,-310
108900226,299,13,286
108900227,106,326,-220
108900230,431,420,11
108900231,75,348,-273
108900232,6,456,-450
108900233,680,164,516
108900234,425,196,229
108900235,270,861,-591
108900236,75,444,-369
108900237,112,425,-313
108900240,185,156,29
108900241,27,64,-37
108900245,14,1725,-1711
108900249,175,51,124
108900250,301,195,106
108900257,311,977,-666
108900258,20,253,-233
108900259,186,110,76
108900260,3,132,-129
108900261,173,182,-9
108900262,280,207,73
108900263,54,284,-230
108900264,548,305,243
108900265,1467,419,1048
108900266,1252,634,618
108900267,5,115,-110
108900268,19,6,13
108900269,81,15,66
108900270,52,23,29
108900271,42,5,37
108900272,176,6,170
108900273,1422,792,630
108900274,74,102,-28
109000001,4710,1578,3132
109000002,2757,1676,1081
109000003,3412,724,2688
109000004,662,3409,-2747
109000005,3205,939,2266
109000006,860,2839,-1979
109000007,2081,873,1208
109000008,731,2647,-1916
109000009,4353,1725,2628
109000010,1819,5469,-3650
109000011,3740,2524,1216
109000012,2388,5049,-2661
109000013,4733,3920,813
109000014,2695,4990,-2295
109000015,4402,8316,-3914
109000016,10970,5807,5163
109000017,2843,1687,1156
109000018,1264,4469,-3205
109000019,3333,1671,1662
109000020,1459,2849,-1390
109000023,421,38,383
109000024,4,323,-319
109000025,545,605,-60
109000026,1138,450,688
109000027,146,418,-272
109000028,171,174,-3
109000029,267,271,-4
109000030,146,900,-754
109000031,212,249,-37
109000032,159,652,-493
109000033,481,208,273
109000034,54,55,-1
109000035,16,100,-84
109000036,150,529,-379
109000037,284,1487,-1203
109000038,948,601,347
109000039,1275,915,360
109000040,6896,9279,-2383
109000041,6094,2255,3839
109000042,1009,1719,-710
109000044,583,70,513
109000045,192,525,-333
109000046,449,127,322
109000047,90,636,-546
109000048,1265,322,943
109000049,551,829,-278
109000050,569,387,182
109000051,482,482,0
109000052,665,1881,-1216
109000053,203,163,40
109000054,770,1120,-350
109000055,457,420,37
109000056,421,980,-559
109000057,720,594,126
109000058,1656,513,1143
109000059,1217,1740,-523
109000060,662,359,303
109000061,1658,1320,338
109000062,275,446,-171
109000063,351,329,22
109000064,383,287,96
109000065,209,415,-206
109000066,495,185,310
109000067,102,451,-349
109000068,2134,11,2123
109000069,1345,43,1302
109000070,8,1268,-1260
109000071,579,127,452
109000072,123,507,-384
109000073,64,159,-95
109000074,35,287,-252
109000075,93,447,-354
109000076,94,302,-208
109000077,428,399,29
109000078,60,273,-213
109000079,165,276,-111
109000080,118,188,-70
109000081,113,702,-589
109000082,494,283,211
109000083,297,1230,-933
109000088,234,690,-456
109000089,294,79,215
109000090,254,568,-314
109000091,359,245,114
109000092,517,764,-247
109000093,236,237,-1
109000094,493,7,486
109000095,144,795,-651
109000096,715,378,337
109000097,97,189,-92
109000098,73,152,-79
109000099,1115,623,492
109000100,271,826,-555
109000101,1962,1186,776
109000102,401,1318,-917
109000103,513,969,-456
109000104,1806,965,841
109000105,723,2055,-1332
109000106,2595,1078,1517
109000107,803,3486,-2683
109000108,2011,957,1054
109000109,593,3075,-2482
109000110,1566,838,728
109000111,1332,3373,-2041
109000112,530,240,290
109000113,482,325,157
109000114,254,477,-223
109000115,1860,60,1800
109000116,6,448,-442
109000117,217,122,95
109000118,14,452,-438
109000119,1343,389,954
109000120,233,1444,-1211
109000121,431,63,368
109000122,124,1363,-1239
109000123,34,89,-55
109000124,703,698,5
109000125,1342,565,777
109000126,618,1385,-767
109000127,891,326,565
109000128,673,2728,-2055
109000129,2397,1162,1235
109000130,817,3609,-2792
109000131,881,593,288
109000132,940,2938,-1998
109000133,452,1462,-1010
109000134,1173,2018,-845
109000135,2369,2021,348
109000136,420,510,-90
109000137,315,559,-244
109000138,571,552,19
109000139,550,568,-18
109000140,255,612,-357
109000141,705,626,79
109000142,158,823,-665
109000143,152,99,53
109000145,102,276,-174
109000146,61,185,-124
109000148,5657,3041,2616
109000149,38,62,-24
109000150,122,259,-137
109000155,823,803,20
109000156,2006,956,1050
109000158,298,463,-165
109000159,268,864,-596
109000160,1387,402,985
109000161,471,1979,-1508
109000162,2296,1160,1136
109000163,1167,2767,-1600
109000164,1472,3750,-2278
109000165,1407,873,534
109000166,906,184,722
109000167,120,980,-860
109000170,67,94,-27
109000171,56,71,-15
109000172,42,112,-70
109000173,26,103,-77
109000174,161,96,65
109000175,90,140,-50
109000176,403,319,84
109000177,33,183,-150
109000178,392,172,220
109000179,9267,6365,2902
109000180,9112,5008,4104
109000181,17,37,-20
109000182,77,55,22
109000183,71,57,14
109000184,34,18,16
109000185,45,94,-49
109000188,1323,3246,-1923
109000189,5047,1520,3527
109000190,1372,719,653
109000191,417,765,-348
109000192,384,508,-124
109000193,248,495,-247
109000194,300,236,64
109000195,223,574,-351
109000196,331,218,113
109000197,251,632,-381
109000198,451,143,308
109000199,167,691,-524
109000206,303,42,261
109000207,136,70,66
109000208,149,119,30
109000209,160,159,1
109000210,207,837,-630
109000211,226,440,-214
109000214,483,645,-162
109000215,174,100,74
109000216,447,310,137
109000217,471,198,273
109000218,661,323,338
109000221,633,1580,-947
109000222,1078,291,787
109000223,422,410,12
109000224,54,241,-187
109000225,80,59,21
109000226,66,338,-272
109000227,1202,1769,-567
109000228,4,592,-588
109000231,8,610,-602
109000232,344,599,-255
109000236,431,1273,-842
109000241,2462,2724,-262
109000242,2236,2216,20
109000293,45,90,-45
109000361,188,404,-216
109000364,390,935,-545
109000396,6,929,-923
109000397,669,12,657
109000399,143,621,-478
109000400,120,464,-344
109000403,234,877,-643
109000406,508,4,504
109000407,428,315,113
109000408,2,479,-477
109000410,1251,385,866
109000411,58,20,38
109900001,123,2,121
109900002,941,22,919
109900003,206,4,202
109900004,1371,356,1015
109900005,68,73,-5
109900006,421,514,-93
109900007,793,1035,-242
109900008,0,53,-53
109900009,209,1141,-932
109900010,633,28,605
109900011,179,62,117
109900012,444,313,131
109900013,520,223,297
109900014,419,79,340
109900015,633,249,384
109900016,166,45,121
109900017,230,260,-30
109900018,306,135,171
109900019,322,134,188
109900020,58,47,11
109900021,35,12,23
109900022,68,394,-326
109900023,34,6,28
109900024,14,5,9
109900025,6,112,-106
109900026,5,253,-248
109900027,40,49,-9
109900028,3119,1081,2038
109900029,10,582,-572
109900030,80,10,70
109900031,0,274,-274
109900032,17,505,-488
109900033,2,660,-658
109900034,37,3,34
109900035,27,32,-5
109900036,50,105,-55
109900037,31,807,-776
109900038,73,339,-266
109900039,8,1,7
109900040,31,874,-843
109900041,87,524,-437
109900042,165,823,-658
109900044,183,340,-157
109900045,115,183,-68
109900046,17,128,-111
109900047,499,429,70
109900048,7,147,-140
109900049,20,53,-33
109900050,4,293,-289
109900051,0,62,-62
109900052,254,521,-267
109900053,10,589,-579
109900054,617,345,272
109900055,64,460,-396
109900056,55,260,-205
109900057,10,300,-290
109900058,1,147,-146
109900059,739,159,580
109900060,527,251,276
109900061,86,435,-349
109900062,1,324,-323
109900063,27,614,-587
109900064,682,468,214
109900065,131,177,-46
109900066,480,1402,-922
109900067,1,469,-468
109900068,82,3,79
109900069,5,69,-64
109900070,60,451,-391
109900071,5,39,-34
109900072,49,253,-204
109900073,375,902,-527
109900074,13,95,-82
109900075,31,44,-13
109900076,29,316,-287
109900077,41,83,-42
109900078,141,351,-210
109900080,243,509,-266
109900081,64,235,-171
109900082,57,584,-527
109900083,18,112,-94
109900084,80,232,-152
109900085,336,1255,-919
109900086,184,616,-432
109900087,369,689,-320
109900089,770,248,522
109900090,653,1768,-1115
109900091,400,118,282
109900092,4028,40,3988
109900093,994,218,776
109900094,110,148,-38
109900095,255,346,-91
109900096,50,3,47
109900097,97,2,95
109900098,473,52,421
109900099,161,6,155
109900100,45,1,44
109900101,484,14,470
109900102,530,32,498
109900103,29,49,-20
109900104,610,1229,-619
109900105,616,33,583
109900106,1024,97,927
109900107,1076,166,910
109900108,188,819,-631
109900109,47,235,-188
109900110,103,611,-508
109900111,427,1434,-1007
109900112,602,1031,-429
109900113,925,692,233
109900114,1856,777,1079
109900115,225,167,58
109900117,1212,216,996
109900118,338,627,-289
109900119,891,437,454
109900120,62,18,44
109900121,571,484,87
109900122,413,22,391
109900123,13,230,-217
109900124,38,763,-725
109900125,3,267,-264
109900126,286,176,110
109900128,335,79,256
109900130,13007,3154,9853
109900131,84,250,-166
109900132,63,247,-184
109900133,117,470,-353
109900134,127,140,-13
109900135,402,87,315
109900136,85,240,-155
109900137,110,547,-437
109900138,462,547,-85
109900140,211,405,-194
109900141,555,441,114
109900142,1474,458,1016
109900145,10,580,-570
109900146,632,67,565
109900148,82,144,-62
109900149,90,113,-23
109900150,17,116,-99
109900151,25,72,-47
109900152,1,37,-36
109900153,1,97,-96
109900154,71,0,71
109900155,104,31,73
109900157,91,368,-277
109900158,94,223,-129
109900159,172,68,104
109900160,154,77,77
109900161,347,101,246
109900162,233,175,58
109900163,1041,516,525
109900164,60,243,-183
109900165,881,14,867
109900166,32,225,-193
109900167,199,887,-688
109900168,236,955,-719
109900169,263,238,25
109900170,475,1025,-550
109900171,218,157,61
109900172,254,347,-93
109900173,5219,2712,2507
109900174,67,236,-169
109900175,108,148,-40
109900176,132,292,-160
109900177,62,381,-319
109900178,10,227,-217
109900179,180,34,146
109900180,10,12,-2
110000001,1093,853,240
110000002,769,1023,-254
110000003,1436,919,517
110000004,737,826,-89
110000005,755,3006,-2251
110000006,724,544,180
110000007,206,227,-21
110000008,20,87,-67
110000009,116,50,66
110000010,37,105,-68
110000011,64,150,-86
110000012,910,676,234
110000013,54,771,-717
110000014,778,494,284
110000015,373,1006,-633
110000016,349,2231,-1882
110000017,4265,425,3840
110000018,4491,697,3794
110000019,9,134,-125
110000020,590,271,319
110000021,2066,769,1297
110000022,1878,367,1511
110000023,6,190,-184
110000024,1080,591,489
110000025,322,7,315
110000026,19,520,-501
110000027,2077,726,1351
110000028,1084,1091,-7
110000029,630,1182,-552
110000030,257,682,-425
110000031,425,875,-450
110000032,873,802,71
110000033,583,177,406
110000034,705,1443,-738
110000035,1851,1031,820
110000036,1915,1412,503
110000037,424,905,-481
110000038,407,1306,-899
110000039,1102,5358,-4256
110000040,483,518,-35
110000041,435,1900,-1465
110000042,139,498,-359
110000043,1139,513,626
110000044,550,398,152
110000045,3939,190,3749
110000046,14,23,-9
110000047,283,53,230
110000048,33,22,11
110000049,177,13,164
110000050,25,68,-43
110000051,129,12,117
110000052,34,44,-10
110000053,404,16,388
110000054,650,478,172
110000055,1848,67,1781
110000056,324,136,188
110000057,552,1013,-461
110000058,2086,1017,1069
110000059,1282,766,516
110000060,958,1595,-637
110000061,1239,1116,123
110000062,929,1287,-358
110000063,38,162,-124
110000064,117,166,-49
110000065,107,153,-46
110000066,100,69,31
110000067,205,400,-195
110000068,436,463,-27
110000069,312,217,95
110000071,163,250,-87
110000073,9,30,-21
110000075,11,180,-169
110000076,419,614,-195
110000077,720,3010,-2290
110000078,51,98,-47
110000080,358,1017,-659
110000081,77,487,-410
110000082,28,518,-490
110000083,356,882,-526
110000084,1116,1047,69
110000085,3331,2359,972
110000086,2222,2646,-424
110000087,12,116,-104
110000088,91,390,-299
110000089,446,218,228
110000090,653,670,-17
110000091,2293,644,1649
110000092,29,146,-117
110000093,56,11,45
110000094,636,347,289
110000095,291,875,-584
110000096,3628,2644,984
110000097,1351,1915,-564
110000098,2835,1118,1717
110000099,1061,2281,-1220
110000100,1009,861,148
110000101,28,591,-563
110000102,71,50,21
110000104,646,191,455
110000105,123,342,-219
110000106,886,485,401
110000107,450,510,-60
110000108,179,88,91
110000109,461,409,52
110000110,4958,6517,-1559
110000111,10628,3841,6787
110000112,1851,1428,423
110000113,665,2817,-2152
110000114,165,746,-581
110000115,349,403,-54
110000116,54,90,-36
110000117,253,770,-517
110000118,602,314,288
110000119,309,633,-324
110000120,582,256,326
110000121,147,643,-496
110000122,526,992,-466
110000123,696,1009,-313
110000124,8,1534,-1526
110000125,1351,16,1335
110000126,405,44,361
110000127,1424,99,1325
110000128,44,2267,-2223
110000129,4,670,-666
110000130,362,271,91
110000131,147,459,-312
110000132,4,1022,-1018
110000133,77,846,-769
110000134,35,614,-579
110000135,233,51,182
110000136,94,479,-385
110000137,633,1052,-419
110000138,1005,1048,-43
110000139,969,1963,-994
110000140,1503,694,809
110000143,963,668,295
110000144,7082,2347,4735
110000145,2402,1383,1019
110000146,2930,1290,1640
110000147,569,1151,-582
110000148,581,438,143
110000151,1278,1078,200
110000152,1402,499,903
110000153,106,81,25
110000154,137,47,90
110000155,3136,5531,-2395
110000156,1172,3125,-1953
110000157,2813,2646,167
110000160,485,397,88
110000161,179,490,-311
110000166,560,249,311
110000167,1047,722,325
110000168,1089,532,557
110000169,957,406,551
110000170,227,123,104
110000171,784,193,591
110000172,215,1270,-1055
110000173,1325,1763,-438
110000174,309,1832,-1523
110000175,737,117,620
110000176,325,417,-92
110000177,207,1142,-935
110000178,813,2114,-1301
110000179,1912,522,1390
110000180,241,448,-207
110000181,631,759,-128
110000182,522,287,235
110000183,16994,10450,6544
110000184,897,3929,-3032
110000185,3981,1263,2718
110000186,1234,1836,-602
110000191,770,492,278
110000192,680,12,668
110000193,1540,13,1527
110000194,29,1742,-1713
110000195,514,562,-48
110000196,357,505,-148
110000197,129,342,-213
110000198,190,156,34
110000199,164,214,-50
110000200,2353,911,1442
110000201,1829,1398,431
110000202,1791,662,1129
110000203,975,1164,-189
110000204,3,396,-393
110000205,170,101,69
110000206,1024,2019,-995
110000207,940,519,421
110000208,861,287,574
110000209,189,1554,-1365
110000210,1022,899,123
110000211,2366,1376,990
110000212,569,1659,-1090
110000213,206,160,46
110000214,366,193,173
110000215,287,744,-457
110000216,152,773,-621
110000217,320,278,42
110000218,184,604,-420
110000219,401,120,281
110000220,100,499,-399
110000221,418,136,282
110000222,132,305,-173
110000223,10,268,-258
110000224,164,35,129
110000225,394,1094,-700
110000226,286,119,167
110000227,1307,1167,140
110000228,612,631,-19
110000229,0,366,-366
110000230,1481,994,487
110000231,223,378,-155
110000232,434,290,144
110000233,388,473,-85
110000234,1940,971,969
110000235,1370,1600,-230
110000236,842,1203,-361
110000237,4846,2072,2774
110000238,1519,2074,-555
110000239,2557,1650,907
110000240,1,114,-113
110000242,0,20,-20
110000243,142,204,-62
110000244,282,654,-372
110000245,54,672,-618
110000246,1277,978,299
110000247,1902,8690,-6788
110000248,3587,2757,830
110000249,85,10,75
110000250,108,389,-281
110000251,420,1041,-621
110000252,453,365,88
110000253,1535,1042,493
110000254,952,2464,-1512
110000255,323,1594,-1271
110000256,628,391,237
110000257,1038,602,436
110000258,18,792,-774
110000259,149,49,100
110000260,27,594,-567
110000263,930,181,749
110000264,470,804,-334
110000265,1728,2804,-1076
110000266,3117,3947,-830
110000267,32,430,-398
110000268,414,748,-334
110000269,14,148,-134
110000270,63,3,60
110000271,2691,397,2294
110000272,1509,1415,94
110000273,5791,2138,3653
110000274,483,1924,-1441
110000275,3836,950,2886
110000276,535,509,26
110000277,690,622,68
110000278,643,1197,-554
110000279,1184,829,355
110000280,593,553,40
110000281,37,302,-265
110000282,373,70,303
110000283,102,159,-57
110000284,102,102,0
110000285,1,650,-649
110000286,49,1,48
110000287,168,5,163
110000288,59,199,-140
110000289,682,2403,-1721
110000290,1456,973,483
110000291,8976,1953,7023
110000292,1769,6154,-4385
110000293,901,1116,-215
110000294,1226,1638,-412
110000295,348,1489,-1141
110000296,890,549,341
110000297,3842,556,3286
110000298,267,899,-632
110000299,625,146,479
110000301,937,46,891
110000302,472,1520,-1048
110000303,807,23,784
110000304,129,370,-241
110000305,1630,49,1581
110000306,161,2116,-1955
110000307,1821,18,1803
110000308,943,14,929
110000309,22,1465,-1443
110000310,918,101,817
110000311,24,1078,-1054
110000312,589,161,428
110000313,4641,5555,-914
110000314,7,559,-552
110000315,5515,3960,1555
110000316,752,1909,-1157
110000317,1252,593,659
110000318,13,111,-98
110000319,41,35,6
110000320,145,70,75
110000321,18,83,-65
110000322,457,696,-239
110000323,837,319,518
110000324,5497,1871,3626
110000325,3958,4231,-273
110000327,1007,607,400
110000328,377,627,-250
110000333,1567,1000,567
110000334,1314,2123,-809
110000335,1306,881,425
110000336,1316,1539,-223
110000337,2026,856,1170
110000338,521,358,163
110000339,423,301,122
110000340,398,260,138
110000341,556,707,-151
110000342,817,4,813
110000343,0,35,-35
110000344,424,262,162
110000345,573,218,355
110000346,3767,2523,1244
110000347,1405,1104,301
110000348,50,43,7
110000349,33,38,-5
110000350,53,11,42
110000351,1137,1277,-140
110000352,858,2748,-1890
110000353,3891,1054,2837
110000354,2003,5799,-3796
110000355,160,216,-56
110000356,999,10,989
110000357,657,21,636
110000361,42,84,-42
110000362,56,184,-128
110000363,412,202,210
110000364,389,463,-74
110000365,336,2,334
110000366,1,118,-117
110000367,918,378,540
110000368,2,89,-87
110000369,41,2,39
110000373,5,369,-364
110000374,311,22,289
110000375,181,1692,-1511
110000376,41,143,-102
110000377,65,992,-927
110000378,42,506,-464
110000379,4998,3032,1966
110000380,67,13,54
110000383,2,1530,-1528
110000384,4401,1358,3043
110000385,2,378,-376
110000387,124,18,106
110000388,52,311,-259
110000389,941,4,937
110000391,935,553,382
110000396,196,206,-10
110000397,143,290,-147
110000398,4,49,-45
110000399,182,1,181
110000587,122,74,48
110000589,197,300,-103
110000640,295,110,185
110000652,31,240,-209
110000653,329,662,-333
110000654,45,105,-60
110000656,4,893,-889
110000674,52,28,24
110000675,35,24,11
110000676,7,87,-80
110000679,423,1362,-939
110000682,140,219,-79
110000683,755,964,-209
110000684,15,111,-96
110000685,26,22,4
110000686,4,52,-48
110000687,75,9,66
110000688,98,990,-892
110000689,56,99,-43
110000692,194,343,-149
110000693,348,515,-167
110000694,2,226,-224
110000695,787,923,-136
110000696,175,224,-49
110900001,327,26,301
110900002,635,459,176
110900003,858,1151,-293
110900004,474,359,115
110900005,4965,2618,2347
110900006,21,9,12
110900007,146,48,98
110900008,19,44,-25
110900009,504,150,354
110900010,14,160,-146
110900011,21,180,-159
110900012,27,185,-158
110900013,1146,202,944
110900014,357,21,336
110900015,948,713,235
110900016,73,239,-166
110900017,420,62,358
110900018,582,87,495
110900019,202,55,147
110900020,126,584,-458
110900021,101,920,-819
110900022,172,399,-227
110900023,140,816,-676
110900024,39,580,-541
110900025,3,93,-90
110900027,50,376,-326
110900028,68,236,-168
110900029,24,576,-552
110900030,54,456,-402
110900031,1,248,-247
110900032,2,116,-114
110900033,70,343,-273
110900035,19,644,-625
110900036,111,42,69
110900037,74,40,34
110900038,1769,336,1433
110900039,15,346,-331
110900040,295,61,234
110900041,9,186,-177
110900042,196,79,117
110900043,2,168,-166
110900044,373,23,350
110900045,62,674,-612
110900046,93,392,-299
110900047,997,384,613
110900049,145,96,49
110900050,43,11,32
110900051,60,300,-240
110900052,6,284,-278
110900053,125,73,52
110900054,53,378,-325
110900055,47,4,43
110900056,66,126,-60
110900057,16,296,-280
110900058,391,338,53
110900059,751,863,-112
110900060,612,167,445
110900061,32,62,-30
110900062,187,383,-196
110900063,68,254,-186
110900064,9,1,8
110900065,368,150,218
110900066,19,147,-128
110900067,559,1142,-583
110900068,284,376,-92
110900069,10,40,-30
110900070,229,66,163
110900071,370,863,-493
110900073,3,35,-32
110900074,420,150,270
110900075,441,172,269
110900077,945,775,170
110900078,35,117,-82
110900079,2902,1581,1321
110900080,127,120,7
110900081,11,137,-126
110900082,132,246,-114
110900083,161,82,79
110900084,87,233,-146
110900085,59,565,-506
110900086,68,353,-285
110900087,384,155,229
110900088,16,4,12
110900090,50,65,-15
110900091,0,86,-86
110900093,721,131,590
110900095,52,96,-44
110900097,22,37,-15
110900098,41,132,-91
110900099,82,803,-721
110900100,0,31,-31
110900102,110,27,83
110900105,1212,542,670
110900108,20,118,-98
110900111,662,276,386
110900112,1066,17,1049
110900113,596,68,528
110900115,11,93,-82
110900116,756,3107,-2351
110900118,148,3300,-3152
110900119,6387,636,5751
110900120,23,149,-126
110900121,181,4,177
110900122,437,250,187
110900125,417,526,-109
110900127,934,1613,-679
110900128,243,303,-60
110900129,570,1026,-456
110900130,1436,586,850
110900131,477,124,353
110900132,358,126,232
110900133,323,348,-25
110900135,187,636,-449
110900136,335,16,319
110900137,184,5,179
110900138,2802,508,2294
110900139,195,113,82
110900140,253,6,247
110900141,26,174,-148
110900142,96,276,-180
110900143,192,123,69
110900144,6,954,-948
110900145,237,53,184
110900146,1041,216,825
110900147,152,557,-405
110900148,7,420,-413
110900149,3,141,-138
110900150,69,41,28
110900151,6,129,-123
110900152,37,393,-356
110900153,168,50,118
111000001,860,320,540
111000002,738,719,19
111000003,1332,1091,241
111000004,737,1353,-616
111000005,2016,1951,65
111000006,1375,2488,-1113
111000007,6767,4592,2175
111000008,4102,4932,-830
111000009,478,1306,-828
111000010,1137,368,769
111000011,406,1206,-800
111000012,1077,542,535
111000013,512,1085,-573
111000014,1534,811,723
111000017,181,1135,-954
111000018,286,551,-265
111000020,1951,3499,-1548
111000021,156,201,-45
111000023,114,144,-30
111000025,7944,4742,3202
111000029,127,160,-33
111000030,86,121,-35
111000031,2729,1834,895
111000032,924,383,541
111000033,420,334,86
111000034,498,231,267
111000037,3520,1961,1559
111000038,5385,3994,1391
111000039,2674,3631,-957
111000040,2163,3525,-1362
111000041,2248,2725,-477
111000042,6441,3841,2600
111000043,2793,4101,-1308
111000044,2199,1415,784
111000045,2621,2959,-338
111000046,2173,2307,-134
111000047,3239,5313,-2074
111000049,678,948,-270
111000050,2243,2088,155
111000051,713,1597,-884
111000052,924,2446,-1522
111000053,492,1459,-967
111000054,473,1380,-907
111000055,1574,3002,-1428
111000056,249,917,-668
111000057,106,1009,-903
111000058,362,145,217
111000059,1024,404,620
111000060,5240,1213,4027
111000061,753,482,271
111000062,924,469,455
111000063,2735,1414,1321
111000064,689,925,-236
111000065,1379,1392,-13
111000066,627,659,-32
111000067,845,855,-10
111000068,720,1489,-769
111000069,2642,3888,-1246
111000070,2286,1534,752
111000071,463,1068,-605
111000072,994,571,423
111000073,356,1026,-670
111000074,2172,2482,-310
111000075,1443,1163,280
111000076,756,1467,-711
111000077,2100,2395,-295
111000078,3533,1980,1553
111000079,1708,1227,481
111000080,694,1072,-378
111000081,2798,9434,-6636
111000082,855,990,-135
111000084,1178,1053,125
111000085,1253,2148,-895
111000086,4221,1703,2518
111000087,958,1045,-87
111000088,11175,3086,8089
111000089,1051,1197,-146
111000090,1305,2090,-785
111000091,976,942,34
111000092,1592,1442,150
111000093,1144,1487,-343
111000094,2628,1398,1230
111000095,945,3135,-2190
111000096,3587,10027,-6440
111000097,7066,1871,5195
111000098,804,1670,-866
111000099,831,3036,-2205
111000100,556,2565,-2009
111000101,508,1315,-807
111000102,291,1137,-846
111000104,844,286,558
111000107,159,1086,-927
111000109,751,332,419
111000110,2101,1129,972
111000111,2367,843,1524
111000112,2066,760,1306
111000113,992,1684,-692
111000114,1967,4043,-2076
111000115,9856,1670,8186
111000116,1220,1440,-220
111000117,556,1386,-830
111000118,2260,1582,678
111000119,1429,2046,-617
111000120,593,897,-304
111000121,281,888,-607
111000122,744,1793,-1049
111000123,1446,4412,-2966
111000124,768,4376,-3608
111000125,323,2432,-2109
111000126,155,1389,-1234
111000127,1125,277,848
111000128,2179,513,1666
111000129,3470,822,2648
111000130,2481,1128,1353
111000131,1929,897,1032
111000132,1499,1019,480
111000133,148,228,-80
111000134,177,164,13
111000135,54,184,-130
111000136,320,460,-140
111000138,24,18,6
111000140,1,13,-12
111000141,488,462,26
111000142,21,127,-106
111000143,1,100,-99
111000144,29,188,-159
111000145,1954,28,1926
111000146,120,12,108
111000147,369,45,324
111000148,705,133,572
111000149,7,73,-66
111000150,13,14,-1
111000151,3,35,-32
111000153,848,966,-118
111000154,1073,255,818
111000155,119,286,-167
111000156,526,688,-162
111000157,216,1223,-1007
111000158,1400,1016,384
111000159,4158,910,3248
111000160,432,374,58
111000161,19,418,-399
111000162,90,326,-236
111000163,985,1613,-628
111000164,1148,6869,-5721
111000165,1758,888,870
111000166,3098,650,2448
111000167,210,831,-621
111000168,329,731,-402
111000169,438,921,-483
111000170,778,738,40
111000171,718,1244,-526
111000172,240,676,-436
111000173,450,1124,-674
111000174,250,662,-412
111000175,93,621,-528
111000176,707,201,506
111000177,343,280,63
111000178,1330,401,929
111000179,288,280,8
111000180,300,654,-354
111000181,1255,396,859
111000182,247,317,-70
111000183,931,503,428
111000184,460,387,73
111000185,616,719,-103
111000186,814,419,395
111000187,192,342,-150
111000188,294,687,-393
111000189,1615,725,890
111000190,246,552,-306
111000191,191,547,-356
111000192,286,677,-391
111000193,479,445,34
111000194,41,435,-394
111000195,173,520,-347
111000196,60,366,-306
111000197,404,187,217
111000198,625,185,440
111000199,244,285,-41
111000200,374,482,-108
111000201,618,377,241
111000202,220,342,-122
111000203,252,338,-86
111000204,456,923,-467
111000213,225,646,-421
111000214,2248,2140,108
111000215,1347,1863,-516
111000217,1576,1498,78
111000218,1816,1575,241
111000219,529,284,245
111000220,3054,1978,1076
111000221,961,177,784
111000224,1,389,-388
111000225,330,100,230
111000226,227,3,224
111000227,44,6,38
111000228,36,554,-518
111000229,66,957,-891
111000230,516,749,-233
111000231,1162,1354,-192
111000232,878,1247,-369
111000233,771,1118,-347
111000234,161,594,-433
111000239,145,289,-144
111000240,49,264,-215
111000241,42,517,-475
111000242,179,99,80
111000243,195,993,-798
111000244,570,160,410
111000245,1689,800,889
111000246,552,655,-103
111000247,344,1276,-932
111000248,719,646,73
111000249,597,1149,-552
111000250,48,189,-141
111000251,98,187,-89
111000253,26,20,6
111000255,30,20,10
111000257,40,51,-11
111000260,85,1513,-1428
111000261,1388,149,1239
111000271,61,409,-348
111000273,8108,2350,5758
111000274,1687,3807,-2120
111000275,206,95,111
111000276,392,2894,-2502
111000277,415,641,-226
111000278,838,402,436
111000291,925,7363,-6438
111000298,725,335,390
111000299,831,205,626
111000300,188,899,-711
111000302,300,144,156
111000303,95,321,-226
111000312,53,115,-62
111000315,0,54,-54
111000320,515,1022,-507
111000321,501,163,338
111000322,399,738,-339
111000323,202,47,155
111000324,432,458,-26
111000325,43,82,-39
111000326,189,402,-213
111000327,519,683,-164
111000328,284,762,-478
111000329,1,24,-23
111000330,60,16,44
111000331,25,12,13
111000332,637,2093,-1456
111000334,489,2016,-1527
111000335,1006,358,648
111000337,1297,624,673
111000338,129,210,-81
111000339,746,843,-97
111000340,199,1062,-863
111000341,1303,876,427
111000342,335,519,-184
111000344,1298,903,395
111000345,338,87,251
111000346,18,120,-102
111000347,192,11,181
111000350,310,168,142
111000351,144,369,-225
111000352,233,228,5
111000353,170,445,-275
111000354,788,247,541
111000355,427,980,-553
111000358,234,2005,-1771
111000360,249,1175,-926
111000361,137,544,-407
111000546,1153,981,172
111000547,544,895,-351
111000548,138,420,-282
111000549,323,619,-296
111000550,101,1039,-938
111000551,863,226,637
111000552,2063,163,1900
111000907,1371,98,1273
111000908,23,2,21
111000916,1711,465,1246
111000917,98,660,-562
111000918,227,1325,-1098
111000920,567,22,545
111000921,17,423,-406
111000922,637,497,140
111000924,46,1250,-1204
111000925,2746,3130,-384
111000926,1249,2379,-1130
111000927,3595,6528,-2933
111000928,5957,4836,1121
111000929,2178,1862,316
111000930,1001,3206,-2205
111000931,2525,3123,-598
111000932,5683,3798,1885
111000933,4574,3047,1527
111000934,2844,4937,-2093
111000935,1701,1600,101
111000936,1374,3046,-1672
111000937,1162,2015,-853
111000938,2276,2529,-253
111000939,439,79,360
111000940,427,257,170
111000941,535,722,-187
111000943,427,441,-14
111000944,194,657,-463
111000945,128,2680,-2552
111001109,623,375,248
111001110,314,719,-405
111001111,80,3,77
111001112,249,33,216
111001113,1,210,-209
111001114,1856,114,1742
111001115,31,410,-379
111001116,7258,5358,1900
111001117,836,2964,-2128
111001120,106,481,-375
111001121,199,407,-208
111001122,32,455,-423
111001123,30,18,12
111900001,44,259,-215
111900002,30,1105,-1075
111900003,9,573,-564
111900004,89,251,-162
111900006,9,39,-30
111900007,87,2,85
111900008,202,5,197
111900009,153,246,-93
111900010,483,855,-372
111900012,423,203,220
111900013,8,159,-151
111900014,8123,3759,4364
111900015,1,125,-124
111900016,0,177,-177
111900017,2,200,-198
111900018,208,8,200
111900019,4,139,-135
111900020,13,68,-55
111900021,53,179,-126
111900022,13,109,-96
111900023,166,157,9
111900024,0,95,-95
111900025,0,87,-87
111900026,1,153,-152
111900027,8,261,-253
111900028,5,626,-621
111900029,3,153,-150
111900030,76,499,-423
111900031,15,75,-60
111900032,3,483,-480
111900033,7,144,-137
111900034,376,563,-187
111900035,156,337,-181
111900036,1,442,-441
111900038,437,744,-307
111900039,74,595,-521
111900040,8,815,-807
111900042,78,192,-114
111900043,3,568,-565
111900044,427,335,92
111900046,60,246,-186
111900048,179,775,-596
111900049,33,425,-392
111900050,148,29,119
111900051,1,204,-203
111900052,548,863,-315
111900053,1590,1316,274
111900054,176,5,171
111900055,35,419,-384
111900056,303,323,-20
111900057,123,39,84
111900058,436,919,-483
111900059,2838,741,2097
111900060,368,2,366
111900061,9,220,-211
111900062,49,70,-21
111900063,256,309,-53
111900064,109,157,-48
111900065,114,62,52
111900066,194,186,8
111900067,0,429,-429
111900068,58,42,16
111900069,103,64,39
111900070,105,207,-102
111900071,4,318,-314
111900072,35,29,6
111900073,913,143,770
111900074,10,228,-218
111900075,83,5,78
111900076,176,52,124
111900077,37,3,34
111900078,332,20,312
111900079,58,32,26
111900080,275,274,1
111900081,880,222,658
111900082,87,20,67
111900083,138,18,120
111900084,185,16,169
111900085,63,135,-72
111900086,30,5,25
111900087,36,4,32
111900088,448,11,437
111900089,72,5,67
111900090,82,60,22
111900091,122,1,121
111900092,99,1,98
111900093,358,5,353
111900094,102,4,98
111900095,220,26,194
111900096,91,3,88
111900097,64,0,64
111900098,207,5,202
111900099,69,0,69
111900100,228,9,219
111900101,177,23,154
111900102,550,930,-380
111900103,116,72,44
111900104,247,67,180
111900105,502,439,63
111900106,2476,114,2362
111900107,122,137,-15
111900108,201,168,33
111900109,783,416,367
111900110,3137,410,2727
111900111,168,231,-63
111900112,960,2659,-1699
111900113,334,78,256
111900114,196,185,11
111900115,22,48,-26
111900118,341,111,230
111900119,348,158,190
111900122,138,76,62
111900123,21,32,-11
111900124,46,157,-111
111900125,614,23,591
111900126,325,9,316
111900127,8,1020,-1012
111900128,10,785,-775
111900129,368,42,326
111900130,331,63,268
111900131,582,0,582
111900132,48,1579,-1531
111900133,11,585,-574
111900134,30,344,-314
111900135,11,26,-15
111900136,107,177,-70
111900137,88,119,-31
111900138,22,141,-119
111900139,17,210,-193
111900140,113,33,80
111900141,40,8,32
111900142,92,28,64
111900143,28,349,-321
111900144,2,130,-128
111900145,2,826,-824
111900146,1,392,-391
111900147,250,684,-434
111900148,35,1055,-1020
111900149,13,473,-460
111900150,21,242,-221
111900151,8,40,-32
111900152,108,98,10
111900153,2311,497,1814
111900154,17,269,-252
111900155,59,97,-38
111900156,34,85,-51
111900157,101,24,77
111900158,617,55,562
111900159,286,14,272
111900160,248,1,247
111900161,143,0,143
111900162,74,238,-164
111900163,41,297,-256
111900164,134,84,50
111901113,440,316,124
111901114,507,442,65
111901115,139,2,137
111901116,72,2,70
111901117,34,53,-19
111901118,88,478,-390
111901119,1423,153,1270
111901120,155,305,-150
111901121,233,302,-69
111901122,27,679,-652
111901123,195,532,-337
111901124,152,1,151
111901125,370,262,108
111901126,119,83,36
111901127,1064,553,511
111901128,15,149,-134
111901129,10,221,-211
111901130,11,328,-317
111901131,4,330,-326
111901132,80,29,51
111901133,58,4,54
111901134,68,5,63
111901135,16,9,7
111901136,35,47,-12
111901137,2,38,-36
111901138,219,57,162
111901139,31,72,-41
111901140,5,193,-188
111901141,10,306,-296
111901142,5,148,-143
111901143,1,94,-93
111901144,26,54,-28
112000001,2356,1286,1070
112000002,994,3617,-2623
112000003,1514,1390,124
112000004,919,1909,-990
112000005,3743,4422,-679
112000006,2906,3344,-438
112000007,3312,2463,849
112000008,3407,5000,-1593
112000009,5239,5211,28
112000010,3740,4428,-688
112000011,3044,3112,-68
112000012,9878,5161,4717
112000013,9244,5368,3876
112000014,5359,1764,3595
112000015,5380,5196,184
112000016,13039,2017,11022
112000017,5272,3798,1474
112000024,3680,1608,2072
112000026,5969,7591,-1622
112000027,1300,849,451
112000028,2406,2410,-4
112000029,655,1156,-501
112000030,288,189,99
112000031,2801,6740,-3939
112000032,794,133,661
112000033,3799,2134,1665
112000034,543,88,455
112000035,209,570,-361
112000036,1640,1516,124
112000037,3240,1065,2175
112000038,2550,1685,865
112000039,90,111,-21
112000040,135,286,-151
112000041,679,625,54
112000042,1729,583,1146
112000050,1683,2748,-1065
112000051,1554,1683,-129
112000054,2432,3251,-819
112000057,845,615,230
112000058,709,1119,-410
112000059,856,1575,-719
112000061,5266,3118,2148
112000062,2179,1333,846
112000063,1702,1978,-276
112000064,5555,7756,-2201
112000065,2936,3511,-575
112000066,4596,2143,2453
112000067,1045,1008,37
112000068,4250,2818,1432
112000069,1307,3049,-1742
112000070,3550,1402,2148
112000071,1512,3622,-2110
112000072,3129,1489,1640
112000073,2392,2820,-428
112000074,2118,1426,692
112000075,2033,1757,276
112000076,4887,4172,715
112000077,672,894,-222
112000078,2099,1139,960
112000079,1869,1952,-83
112000080,1028,1324,-296
112000081,1869,3455,-1586
112000082,1838,1273,565
112000083,845,1980,-1135
112000084,1598,1205,393
112000085,1977,1766,211
112000086,2704,2329,375
112000087,437,570,-133
112000088,723,1014,-291
112000089,745,579,166
112000090,467,506,-39
112000091,771,1691,-920
112000092,2094,1654,440
112000093,1953,1498,455
112000094,671,1408,-737
112000095,835,1218,-383
112000096,649,1041,-392
112000097,1559,959,600
112000098,1442,1874,-432
112000099,907,1968,-1061
112000100,2223,1362,861
112000101,666,1477,-811
112000102,1356,768,588
112000103,445,1707,-1262
112000105,822,2478,-1656
112000106,2834,572,2262
112000107,25,415,-390
112000108,651,2582,-1931
112000109,192,149,43
112000110,2184,789,1395
112000111,2559,6670,-4111
112000112,10440,1060,9380
112000113,1737,3550,-1813
112000114,6768,1612,5156
112000115,436,715,-279
112000116,1082,1680,-598
112000117,1720,1339,381
112000118,1584,1415,169
112000119,646,1335,-689
112000120,106,560,-454
112000121,117,774,-657
112000122,259,250,9
112000123,644,190,454
112000124,366,130,236
112000125,175,350,-175
112000126,274,820,-546
112000127,4538,2799,1739
112000128,1721,1129,592
112000129,202,203,-1
112000130,280,110,170
112000131,68,536,-468
112000132,177,418,-241
112000133,466,512,-46
112000134,650,629,21
112000135,3473,1182,2291
112000136,2839,3001,-162
112000137,7335,5586,1749
112000138,7684,2849,4835
112000139,1260,653,607
112000140,1417,1494,-77
112000141,956,412,544
112000142,328,932,-604
112000143,1332,343,989
112000144,399,1897,-1498
112000145,2732,945,1787
112000146,862,2743,-1881
112000147,3553,2312,1241
112000148,2145,3214,-1069
112000149,637,1006,-369
112000150,345,995,-650
112000151,408,819,-411
112000152,387,688,-301
112000153,332,445,-113
112000154,132,415,-283
112000155,242,107,135
112000157,1368,907,461
112000158,366,898,-532
112000159,663,603,60
112000167,605,114,491
112000169,498,510,-12
112000173,875,339,536
112000175,930,660,270
112000176,5161,3378,1783
112000177,759,210,549
112000178,111,731,-620
112000179,327,193,134
112000180,337,475,-138
112000181,1742,2857,-1115
112000182,1268,2934,-1666
112000183,68,65,3
112000184,459,780,-321
112000185,551,736,-185
112000187,7807,4537,3270
112000195,280,33,247
112000196,433,5,428
112000197,326,188,138
112000198,32,510,-478
112000199,214,1510,-1296
112000202,460,2,458
112000216,79,317,-238
112000230,182,11,171
112000231,1,367,-366
112000256,67,421,-354
112000313,178,260,-82
112000314,104,36,68
112000337,484,868,-384
112000352,682,435,247
112000392,2057,2184,-127
112000398,1447,1286,161
112000399,3616,3176,440
112000400,2544,4777,-2233
112000401,4119,4028,91
112000402,4677,3772,905
112000403,4193,4393,-200
112000404,790,1053,-263
112000405,2226,4047,-1821
112000406,4799,3913,886
112000407,7768,11846,-4078
112000408,12034,10032,2002
112000409,2187,7217,-5030
112000410,584,329,255
112000411,6951,3147,3804
112000412,2055,908,1147
112000413,13841,6493,7348
112000414,143,141,2
112000415,206,89,117
112000416,2700,2019,681
112000417,393,88,305
112000421,63,224,-161
112000422,515,761,-246
112000424,3744,4023,-279
112000425,672,1196,-524
112000426,154,485,-331
112000427,4,20,-16
112000428,277,558,-281
112000429,3361,4247,-886
112000430,3594,4168,-574
112000431,80,253,-173
112000432,841,2135,-1294
112000433,754,1593,-839
112000437,52,296,-244
112900001,68,4,64
112900002,346,1689,-1343
112900003,56,495,-439
112900004,87,443,-356
112900005,232,299,-67
112900006,12,583,-571
112900007,53,343,-290
112900008,0,47,-47
112900009,533,130,403
112900010,339,1132,-793
112900011,268,364,-96
112900012,1,57,-56
112900013,24,339,-315
112900014,7,520,-513
112900015,473,1158,-685
112900016,7,360,-353
112900017,65,391,-326
112900018,2,469,-467
112900019,108,278,-170
112900020,570,1745,-1175
112900021,1,430,-429
112900022,21,131,-110
112900023,0,310,-310
112900024,55,346,-291
112900025,139,475,-336
112900026,11,403,-392
112900027,11,1799,-1788
112900028,59,236,-177
112900029,11,854,-843
112900030,226,298,-72
112900031,10,805,-795
112900032,273,453,-180
112900034,2,75,-73
112900035,19,667,-648
112900036,94,176,-82
112900037,192,262,-70
112900038,871,308,563
112900039,29,425,-396
112900040,14,715,-701
112900041,1606,1747,-141
112900042,98,707,-609
112900043,227,72,155
112900044,888,851,37
112900045,587,495,92
112900046,284,118,166
112900047,27,32,-5
112900049,267,128,139
112900050,90,779,-689
112900051,429,1055,-626
112900052,13,1540,-1527
112900053,581,253,328
112900054,302,56,246
112900055,264,36,228
112900056,560,269,291
112900057,10,947,-937
112900058,401,403,-2
112900059,224,185,39
112900060,28,314,-286
112900061,143,192,-49
112900062,70,253,-183
112900063,142,17,125
112900064,317,293,24
112900065,56,39,17
112900066,417,260,157
112900067,742,285,457
112900068,79,44,35
112900069,3162,1478,1684
112900071,32,6,26
112900072,349,2983,-2634
112900073,1036,112,924
112900074,175,281,-106
112900075,2445,1405,1040
112900076,144,42,102
112900078,342,804,-462
112900079,568,52,516
112900080,82,3,79
112900081,40,285,-245
112900082,562,36,526
112900083,162,84,78
112900084,230,135,95
112900085,0,19,-19
112900086,88,1,87
112900087,912,269,643
112900088,174,17,157
112900089,1091,37,1054
112900090,51,40,11
112900091,297,4,293
112900092,338,370,-32
112900093,2764,53,2711
112900094,571,10,561
112900095,40,3,37
112900096,582,288,294
112900097,116,576,-460
112900098,349,3,346
112900099,1105,21,1084
112900100,89,2,87
112900101,335,2,333
112900102,961,21,940
112900103,270,9,261
112900104,168,3,165
112900105,31,0,31
112900106,550,308,242
112900107,8,1,7
112900108,75,1,74
112900109,93,0,93
112900110,956,10,946
112900111,988,14,974
112900112,354,1,353
112900113,0,26,-26
112900114,96,137,-41
112900115,1158,3,1155
112900116,107,19,88
112900117,113,165,-52
112900118,55,136,-81
112900119,275,3,272
112900120,1187,425,762
112900121,342,370,-28
112900122,19,227,-208
112900123,240,21,219
112900124,14,228,-214
112900125,104,666,-562
112900126,258,355,-97
112900127,523,113,410
112900128,577,1210,-633
112900129,3,1389,-1386
112900130,334,142,192
112900131,87,314,-227
112900132,163,599,-436
112900133,56,1747,-1691
112900134,1,477,-476
112900135,159,77,82
112900136,2,39,-37
112900137,7,912,-905
112900138,3,538,-535
112900139,357,2186,-1829
112900140,0,77,-77
112900141,970,43,927
112900142,108,179,-71
112900143,60,912,-852
112900144,2,305,-303
112900145,49,806,-757
112900146,15,1685,-1670
112900147,8,2824,-2816
112900148,78,0,78
112900149,338,550,-212
112900151,33,73,-40
112900152,5813,1464,4349
112900153,2916,2665,251
112900154,2,146,-144
112900155,242,26,216
112900156,465,2030,-1565
112900157,372,10,362
112900158,77,33,44
112900159,262,133,129
112900160,87,373,-286
112900161,134,72,62
112900162,40,29,11
112900163,184,44,140
112900164,41,264,-223
112900165,418,53,365
112900166,41,104,-63
112900167,8,91,-83
112900168,5,2,3
112900169,13,11,2
112900170,90,149,-59
112900172,60,5,55
112900173,284,188,96
112900174,399,75,324
112900175,221,227,-6
112900176,12,34,-22
112900177,251,92,159
112900178,1109,5379,-4270
112900179,49,704,-655
112900180,3966,2479,1487
112900181,670,12,658
112900182,74,1754,-1680
112900183,251,420,-169
112900184,599,628,-29
112900185,667,844,-177
112900186,2522,1413,1109
112900187,168,816,-648
112900188,1162,760,402
112900189,69,71,-2
112900190,86,97,-11
112900192,906,897,9
112900193,1977,548,1429
112900194,82,190,-108
112900195,1232,57,1175
112900196,311,604,-293
112900197,316,585,-269
112900199,650,981,-331
112900200,654,463,191
112900201,110,147,-37
112900202,420,1556,-1136
112900203,215,493,-278
112900204,1473,758,715
112900205,14,29,-15
112900206,11,106,-95
112900207,14,0,14
112900208,85,385,-300
112900209,674,580,94
112900210,0,39,-39
112900211,137,212,-75
112900212,1,151,-150
112900213,36,31,5
112900214,25,16,9
112900215,13,272,-259
112900216,36,128,-92
112900217,25,90,-65
112900218,112,34,78
112900219,115,73,42
112900220,19,0,19
112900221,37,231,-194
112900222,1,62,-61
112900223,1451,23,1428
112900224,358,920,-562
112900225,567,699,-132
112900226,389,583,-194
112900227,548,1735,-1187
112900228,53,78,-25
112900229,185,117,68
112900230,11435,7292,4143
112900232,283,362,-79
112900233,115,278,-163
112900234,19,230,-211
112900235,137,28,109
112900236,269,37,232
112900237,189,340,-151
112900238,4,69,-65
113000001,7098,8981,-1883
113000002,4515,5743,-1228
113000003,2432,3323,-891
113000004,2830,4098,-1268
113000005,2000,1497,503
113000006,1844,2357,-513
113000007,2867,1820,1047
113000008,2685,2646,39
113000009,1309,1328,-19
113000010,1642,2352,-710
113000011,1035,2209,-1174
113000012,2055,1274,781
113000013,2162,950,1212
113000014,2129,2072,57
113000015,1117,326,791
113000016,1142,888,254
113000017,151,441,-290
113000018,716,79,637
113000019,372,332,40
113000020,431,48,383
113000021,2153,856,1297
113000022,761,1682,-921
113000025,160,437,-277
113000026,645,764,-119
113000027,1289,727,562
113000028,2030,751,1279
113000029,1060,939,121
113000030,547,997,-450
113000031,357,493,-136
113000032,375,434,-59
113000033,453,530,-77
113000034,562,611,-49
113000035,63,67,-4
113000036,43,89,-46
113000037,99,72,27
113000038,34,84,-50
113000039,123,881,-758
113000040,63,113,-50
113000042,1122,921,201
113000051,1261,3814,-2553
113000052,2745,1799,946
113000053,441,766,-325
113000054,429,1373,-944
113000055,1505,1145,360
113000056,1125,1573,-448
113000058,1097,1195,-98
113000059,1347,1088,259
113000060,279,662,-383
113000061,637,1474,-837
113000062,1701,432,1269
113000063,169,231,-62
113000064,80,575,-495
113000065,189,1575,-1386
113000066,855,149,706
113000067,2402,2071,331
113000068,512,2412,-1900
113000069,648,1947,-1299
113000070,2830,1693,1137
113000071,518,1058,-540
113000072,853,741,112
113000073,893,2523,-1630
113000074,1581,751,830
113000075,2507,1106,1401
113000076,1249,2707,-1458
113000077,2075,781,1294
113000078,1196,4252,-3056
113000079,1960,1316,644
113000080,1323,932,391
113000081,1465,1253,212
113000082,2760,1285,1475
113000083,830,1336,-506
113000084,2626,2100,526
113000085,1326,1149,177
113000086,1807,2176,-369
113000087,1341,1284,57
113000088,3762,2115,1647
113000089,1155,2464,-1309
113000090,388,865,-477
113000091,912,494,418
113000094,1748,304,1444
113000095,344,1248,-904
113000096,254,1089,-835
113000097,1649,602,1047
113000098,192,52,140
113000099,1497,468,1029
113000100,205,712,-507
113000101,571,922,-351
113000102,886,451,435
113000103,3579,960,2619
113000104,612,3464,-2852
113000105,1310,687,623
113000106,635,994,-359
113000107,896,1102,-206
113000108,1120,2102,-982
113000109,916,4584,-3668
113000110,2177,726,1451
113000111,159,931,-772
113000112,500,457,43
113000113,2088,487,1601
113000114,382,2601,-2219
113000116,1362,392,970
113000117,1384,174,1210
113000118,274,1301,-1027
113000119,713,574,139
113000120,183,465,-282
113000121,1699,1454,245
113000124,359,220,139
113000125,88,943,-855
113000127,4258,732,3526
113000128,742,951,-209
113000129,769,1640,-871
113000133,4079,2984,1095
113000134,14,1573,-1559
113000135,4698,7288,-2590
113000137,3110,4618,-1508
113000139,660,266,394
113000140,283,433,-150
113000141,805,303,502
113000142,1496,2025,-529
113000143,415,272,143
113000144,562,1087,-525
113000145,85,227,-142
113000146,191,132,59
113000147,258,279,-21
113000148,217,213,4
113000149,143,239,-96
113000150,908,577,331
113000151,145,116,29
113000152,52,190,-138
113000153,2032,1005,1027
113000154,1065,2260,-1195
113000155,462,767,-305
113000156,210,705,-495
113000157,375,1368,-993
113000158,839,353,486
113000159,1208,807,401
113000160,723,1798,-1075
113000161,372,764,-392
113000162,975,670,305
113000163,216,67,149
113000164,23,155,-132
113000166,210,192,18
113000167,68,175,-107
113000168,85,206,-121
113000169,195,103,92
113000170,134,178,-44
113000171,67,97,-30
113000172,310,78,232
113000173,81,34,47
113000174,117,695,-578
113000175,548,215,333
113000176,588,221,367
113000177,204,626,-422
113000178,284,511,-227
113000179,441,246,195
113000180,1174,1926,-752
113000181,1607,1442,165
113000182,260,703,-443
113000183,276,792,-516
113000184,33,184,-151
113000189,719,1430,-711
113000190,1853,960,893
113000192,2412,2261,151
113000193,6735,1380,5355
113000194,3294,1703,1591
113000195,4123,1132,2991
113000196,301,124,177
113000197,3301,1735,1566
113000198,106,526,-420
113000199,3223,556,2667
113000201,1588,389,1199
113000202,6323,5532,791
113000203,449,368,81
113000204,2449,2572,-123
113000205,20,29,-9
113000206,12,46,-34
113000207,90,21,69
113000208,30,80,-50
113000209,42,46,-4
113000210,19,42,-23
113000211,296,309,-13
113000212,189,52,137
113000213,63,276,-213
113000214,272,453,-181
113000234,193,1593,-1400
113000410,584,351,233
113000411,5213,6991,-1778
113000412,11885,3637,8248
113000413,4778,4471,307
113000414,12016,24657,-12641
113000415,3867,4933,-1066
113000416,13477,7058,6419
113000417,4490,5551,-1061
113000418,7153,4693,2460
113000419,2704,3225,-521
113000420,5674,8701,-3027
113000421,5509,10028,-4519
113000422,20571,15894,4677
113000423,3424,7546,-4122
113000424,5285,12858,-7573
113000425,19,151,-132
113000428,202,22,180
113000430,15,92,-77
113000432,3190,271,2919
113000433,175,1361,-1186
113000434,37,252,-215
113000435,41,1135,-1094
113000436,64,1979,-1915
113000437,995,26,969
113000438,338,19,319
113000439,17,151,-134
113000440,133,47,86
113000441,219,231,-12
113000442,165,298,-133
113000443,250,348,-98
113000444,245,346,-101
113000445,107,182,-75
113000446,32,128,-96
113000448,165,334,-169
113000449,350,1435,-1085
113000450,868,6749,-5881
113000451,1522,279,1243
113000452,654,1109,-455
113000453,76,421,-345
113000454,3664,48,3616
113000455,8,276,-268
113000456,5821,4218,1603
113000468,2783,547,2236
113000469,366,288,78
113000470,605,68,537
113000471,20,590,-570
113000472,150,518,-368
113000474,588,826,-238
113000475,2292,2805,-513
113000476,1593,2517,-924
113000477,3601,2759,842
113000478,6184,8310,-2126
113000479,91,332,-241
113000480,157,146,11
113000481,0,0,0
113000482,0,0,0
113000483,0,1,-1
113000485,5,0,5
113000486,16,1,15
113000487,2,2,0
113000488,1,1,0
113000489,0,3,-3
113000490,0,0,0
113000491,3,34,-31
113000492,3,2,1
113000493,5,1,4
113000495,174,202,-28
113000496,85,85,0
113000497,0,0,0
113000498,0,0,0
113000499,0,0,0
113000500,0,6,-6
113900001,2,442,-440
113900002,4,311,-307
113900003,0,209,-209
113900004,2,131,-129
113900005,1,135,-134
113900006,36,43,-7
113900007,497,46,451
113900008,420,1,419
113900009,982,3,979
113900010,791,6,785
113900011,103,4,99
113900012,58,7,51
113900013,2333,28,2305
113900014,699,3,696
113900015,0,80,-80
113900016,46,1,45
113900017,3,67,-64
113900018,727,306,421
113900019,209,111,98
113900020,174,4,170
113900022,23,0,23
113900023,80,1,79
113900024,99,103,-4
113900025,471,46,425
113900026,80,1,79
113900027,8,115,-107
113900028,26,701,-675
113900029,72,336,-264
113900030,353,8,345
113900031,9,3,6
113900032,25,0,25
113900033,77,118,-41
113900035,75,2,73
113900036,23,145,-122
113900037,121,599,-478
113900038,49,153,-104
113900039,218,21,197
113900040,4,8,-4
113900041,18,8,10
113900042,113,74,39
113900043,317,231,86
113900044,352,314,38
113900045,110,4,106
113900046,403,802,-399
113900047,55,145,-90
113900048,340,120,220
113900049,947,536,411
113900050,277,499,-222
113900051,307,644,-337
113900052,254,246,8
113900053,1032,731,301
113900054,30,1,29
113900055,100,599,-499
113900056,79,251,-172
113900057,23,182,-159
113900058,135,260,-125
113900059,298,546,-248
113900060,228,366,-138
113900061,1567,313,1254
113900062,131,20,111
113900063,156,198,-42
113900064,56,214,-158
113900065,604,30,574
113900066,375,580,-205
113900067,486,534,-48
113900068,639,617,22
113900069,75,41,34
113900070,311,611,-300
113900071,89,96,-7
113900072,155,372,-217
113900073,251,552,-301
113900074,485,535,-50
113900075,1685,1447,238
113900076,291,23,268
113900077,90,298,-208
113900078,65,72,-7
113900079,6,82,-76
113900080,705,302,403
113900081,111,389,-278
113900082,227,429,-202
113900083,357,728,-371
113900084,359,166,193
113900085,66,358,-292
113900086,29,30,-1
113900087,112,341,-229
113900088,81,135,-54
113900089,620,69,551
113900090,897,530,367
113900091,18,34,-16
113900092,75,123,-48
113900093,130,981,-851
113900094,582,707,-125
113900095,166,133,33
113900096,303,91,212
113900097,88,148,-60
113900098,765,134,631
113900099,1,107,-106
113900100,0,12,-12
113900101,24,101,-77
113900102,218,198,20
113900103,422,428,-6
113900104,180,263,-83
113900105,100,472,-372
113900106,0,125,-125
113900107,1,53,-52
113900108,311,372,-61
113900109,562,213,349
113900110,73,13,60
113900111,188,134,54
113900112,204,89,115
113900113,1412,632,780
113900114,3,173,-170
113900115,4,158,-154
113900116,144,273,-129
113900117,283,41,242
113900118,366,666,-300
113900119,297,643,-346
113900120,70,51,19
113900121,78,127,-49
113900122,492,2526,-2034
113900123,629,216,413
113900124,5,83,-78
113900125,1716,243,1473
113900126,157,90,67
113900127,386,886,-500
113900128,147,85,62
113900129,17,177,-160
113900130,17,61,-44
113900131,299,192,107
113900132,90,55,35
113900133,36,82,-46
113900135,339,544,-205
113900136,171,125,46
113900137,475,314,161
113900138,84,275,-191
113900139,635,180,455
113900140,515,465,50
113900141,683,632,51
113900142,203,142,61
113900143,22,52,-30
113900144,685,302,383
113900145,385,258,127
113900146,186,87,99
113900148,193,461,-268
113900149,197,129,68
113900150,1286,868,418
113900151,471,324,147
113900152,51,73,-22
113900153,525,981,-456
113900154,4,166,-162
113900155,334,220,114
113900156,338,755,-417
113900157,45,399,-354
113900158,1151,721,430
113900159,23,355,-332
113900160,944,946,-2
113900161,220,276,-56
113900162,1347,1180,167
113900163,404,327,77
113900164,324,48,276
113900165,1161,699,462
113900166,405,250,155
113900167,329,62,267
113900168,209,155,54
113900169,362,557,-195
113900171,241,125,116
113900172,15,279,-264
113900173,70,868,-798
113900174,599,958,-359
113900175,448,218,230
113900176,424,984,-560
113900177,503,327,176
113900178,605,173,432
113900179,18,765,-747
113900180,210,142,68
113900181,811,163,648
113900182,966,1514,-548
113900183,70,110,-40
113900184,15,603,-588
113900185,243,122,121
113900186,70,78,-8
113900187,56,180,-124
113900188,61,278,-217
113900189,438,155,283
113900190,386,147,239
113900191,158,412,-254
113900192,10,696,-686
113900193,32,347,-315
113900194,2582,1497,1085
113900195,358,581,-223
113900196,16,226,-210
113900197,3,319,-316
113900198,44,231,-187
113900199,215,1104,-889
113900200,22,447,-425
113900201,0,305,-305
113900202,52,510,-458
113900203,0,188,-188
113900204,73,858,-785
113900205,27,281,-254
113900206,8,190,-182
113900207,3,74,-71
113900208,2,84,-82
113900209,1,128,-127
113900210,929,1232,-303
113900211,317,83,234
113900212,310,712,-402
113900214,684,647,37
113900215,46,217,-171
113900216,92,1553,-1461
113900217,87,366,-279
113900218,164,71,93
113900219,128,545,-417
113900220,226,162,64
113900221,521,300,221
113900222,350,879,-529
113900223,175,1309,-1134
113900224,130,104,26
113900225,961,452,509
113900226,411,191,220
113900227,513,325,188
113900228,500,607,-107
113900229,102,1137,-1035
113900230,7277,4413,2864
113900231,344,319,25
113900232,148,120,28
113900233,142,127,15
113900234,495,600,-105
113900235,101,31,70
113900236,196,545,-349
113900237,215,19,196
113900238,357,695,-338
113900239,82,106,-24
113900240,12,236,-224
113900241,131,78,53
113900242,52,180,-128
113900243,167,585,-418
113900244,560,343,217
113900245,1764,401,1363
113900246,40,41,-1
113900247,244,623,-379
113900248,4593,2666,1927
113900249,1698,670,1028
113900250,106,221,-115
113900251,732,269,463
113900252,696,46,650
113900253,954,95,859
113900254,1158,236,922
113900255,529,27,502
113900256,462,27,435
113900257,44,759,-715
113900258,16,552,-536
113900259,670,260,410
113900260,232,12,220
113900261,36,155,-119
113900262,198,888,-690
113900263,252,1017,-765
113900264,9,694,-685
113900265,261,483,-222
113900266,33,309,-276
113900267,196,770,-574
113900268,427,524,-97
113900269,91,221,-130
113900270,426,813,-387
113900271,911,1929,-1018
113900273,116,13,103
113900274,129,29,100
113900275,59,93,-34
113900276,7,279,-272
113900277,154,5,149
113900278,499,249,250
113900279,92,140,-48
113900280,1790,722,1068
113900281,879,1934,-1055
113900282,1180,805,375
113900283,517,687,-170
113900284,1169,291,878
113900285,211,29,182
113900286,117,179,-62
113900287,42,185,-143
113900288,7,178,-171
113900289,1827,185,1642
113900290,518,253,265
113900291,179,278,-99
113900292,30,14,16
113900293,10,414,-404
113900294,565,28,537
113900295,686,547,139
113900296,2903,538,2365
113900297,2819,72,2747
113900298,16,2241,-2225
113900299,84,232,-148
113900300,7705,4875,2830
113900301,1273,543,730
113900302,3341,1272,2069
113900303,845,638,207
113900304,3,200,-197
113900305,146,1,145
113900306,40,0,40
113900307,199,0,199
113900308,154,152,2
113900309,0,954,-954
113900310,0,16,-16
113900311,4,0,4
113900312,232,256,-24
113900313,24,14,10
114000001,1701,5004,-3303
114000002,297,637,-340
114000003,40,494,-454
114000004,351,506,-155
114000005,334,437,-103
114000006,3961,3722,239
114000007,1088,2175,-1087
114000008,2106,2659,-553
114000009,941,393,548
114000011,3319,4622,-1303
114000012,3214,3440,-226
114000013,2123,2689,-566
114000014,648,524,124
114000015,2720,751,1969
114000016,244,443,-199
114000017,174,431,-257
114000018,432,94,338
114000026,2022,2090,-68
114000027,3896,3080,816
114000028,3423,3820,-397
114000038,388,290,98
114000039,143,101,42
114000040,132,369,-237
114000042,166,289,-123
114000043,70,228,-158
114000044,274,78,196
114000045,98,154,-56
114000046,5898,7385,-1487
114000047,26,115,-89
114000048,114,68,46
114000049,2265,2471,-206
114000050,2387,3857,-1470
114000051,4373,2679,1694
114000052,7257,2072,5185
114000053,146,662,-516
114000054,248,1343,-1095
114000055,627,48,579
114000056,1479,1172,307
114000057,10679,3468,7211
114000058,842,2124,-1282
114000059,515,467,48
114000060,1013,1314,-301
114000061,5030,3473,1557
114000062,3572,1983,1589
114000063,3780,2476,1304
114000064,9412,5417,3995
114000065,2293,3830,-1537
114000066,629,891,-262
114000067,36,852,-816
114000068,623,1137,-514
114000069,1430,1144,286
114000070,2636,2292,344
114000071,1107,1094,13
114000072,599,473,126
114000073,40,121,-81
114000074,56,40,16
114000075,38,233,-195
114000076,16,198,-182
114000077,14,78,-64
114000078,537,1384,-847
114000079,199,40,159
114000080,110,159,-49
114000081,85,91,-6
114000082,27,670,-643
114000083,101,417,-316
114000084,403,108,295
114000085,128,1040,-912
114000086,339,670,-331
114000087,178,284,-106
114000088,83,76,7
114000089,1726,561,1165
114000090,1098,1493,-395
114000091,1969,1484,485
114000092,1569,1191,378
114000093,1665,1621,44
114000094,480,542,-62
114000095,408,176,232
114000096,252,610,-358
114000097,124,1088,-964
114000098,571,112,459
114000099,677,981,-304
114000100,1589,1158,431
114000101,518,1377,-859
114000102,595,570,25
114000103,177,589,-412
114000104,137,383,-246
114000105,248,189,59
114000106,1556,1374,182
114000107,468,168,300
114000108,2639,1689,950
114000109,580,1565,-985
114000110,858,2268,-1410
114000111,1844,1487,357
114000112,675,2160,-1485
114000113,1378,473,905
114000114,1707,2032,-325
114000115,3158,1355,1803
114000116,1057,1956,-899
114000117,3186,609,2577
114000118,2537,777,1760
114000119,1974,693,1281
114000120,900,1591,-691
114000121,504,1082,-578
114000122,439,552,-113
114000123,2402,733,1669
114000124,1204,607,597
114000125,1242,2103,-861
114000126,6322,549,5773
114000127,344,305,39
114000128,1140,720,420
114000130,635,906,-271
114000131,391,353,38
114000132,818,948,-130
114000133,1236,2303,-1067
114000134,86,258,-172
114000138,101,351,-250
114000139,603,293,310
114000144,1096,700,396
114000145,145,280,-135
114000146,158,446,-288
114000147,1917,2168,-251
114000148,2733,2734,-1
114000149,566,462,104
114000150,912,1111,-199
114000151,1144,1654,-510
114000152,267,69,198
114000153,1108,2914,-1806
114000154,1124,1219,-95
114000155,2674,3335,-661
114000156,1413,861,552
114000157,372,1406,-1034
114000158,2298,1254,1044
114000159,227,713,-486
114000160,152,443,-291
114000161,1933,3898,-1965
114000162,1303,2984,-1681
114000163,15,212,-197
114000165,646,262,384
114000166,1113,585,528
114000167,5126,2058,3068
114000168,944,1014,-70
114000169,2243,1438,805
114000170,1694,1572,122
114000171,1267,3895,-2628
114000174,264,702,-438
114000176,782,629,153
114000177,3244,1148,2096
114000178,89,94,-5
114000179,1651,1122,529
114000180,600,1072,-472
114000181,2333,4766,-2433
114000182,5620,3516,2104
114000183,1323,1609,-286
114000184,8485,2125,6360
114000185,1557,1575,-18
114000189,1108,148,960
114000190,2779,357,2422
114000191,50,114,-64
114000192,467,2343,-1876
114000193,1180,4876,-3696
114000194,1679,1724,-45
114000195,168,30,138
114000196,7,440,-433
114000197,1381,65,1316
114000198,1750,592,1158
114000199,3331,2371,960
114000200,685,2670,-1985
114000201,351,1250,-899
114000202,2068,921,1147
114000203,669,1201,-532
114000204,237,634,-397
114000205,332,2225,-1893
114000206,756,1947,-1191
114000207,981,2922,-1941
114000208,601,4323,-3722
114000209,865,4041,-3176
114000210,435,2354,-1919
114000211,1329,3190,-1861
114000212,1219,970,249
114000213,1724,798,926
114000214,125,296,-171
114000215,262,126,136
114000216,3452,871,2581
114000217,289,548,-259
114000218,98,404,-306
114000219,1594,424,1170
114000220,26,1323,-1297
114000221,1028,284,744
114000222,240,1518,-1278
114000223,578,174,404
114000224,160,1022,-862
114000225,320,808,-488
114000226,182,294,-112
114000227,1639,730,909
114000228,1063,1237,-174
114000229,1273,1854,-581
114000230,2223,1860,363
114000231,1305,1950,-645
114000232,826,171,655
114000233,2423,216,2207
114000234,1355,1393,-38
114000235,1282,2182,-900
114000236,2,789,-787
114000237,167,1458,-1291
114000238,330,337,-7
114000239,277,1839,-1562
114000240,1073,1135,-62
114000241,302,1330,-1028
114000242,1332,1315,17
114000243,2702,1304,1398
114000244,1847,542,1305
114000245,446,938,-492
114000246,294,74,220
114000247,2186,1067,1119
114000248,1270,826,444
114000249,616,994,-378
114000250,565,1087,-522
114000251,381,405,-24
114000252,92,148,-56
114000253,53,208,-155
114000254,61,130,-69
114000255,947,375,572
114000256,2390,2412,-22
114000257,646,2016,-1370
114000258,777,509,268
114000259,366,350,16
114000260,0,41,-41
114000261,52,83,-31
114000262,323,246,77
114000263,27,9,18
114000264,1678,967,711
114000265,0,10,-10
114000267,4,2947,-2943
114000268,3,2288,-2285
114000270,184,23,161
114000271,1034,92,942
114000283,1996,730,1266
114000285,56,411,-355
114000288,84,501,-417
114000289,1642,206,1436
114000293,235,715,-480
114000294,203,425,-222
114000395,3538,83,3455
114000396,720,703,17
114000402,554,507,47
114000403,320,625,-305
114000405,148,771,-623
114000423,357,613,-256
114000424,682,343,339
114000425,746,676,70
114000426,403,1276,-873
114000427,78,115,-37
114000428,315,180,135
114000429,26,318,-292
114000432,127,156,-29
114000434,38,159,-121
114000435,15,420,-405
114900001,917,1770,-853
114900002,1825,133,1692
114900003,786,2730,-1944
114900004,592,546,46
114900005,784,1338,-554
114900006,137,61,76
114900007,364,30,334
114900008,261,153,108
114900010,3395,2788,607
114900011,328,272,56
114900013,306,266,40
114900015,130,710,-580
114900018,1208,27,1181
114900020,264,141,123
114900021,463,258,205
114900022,33,898,-865
114900024,413,242,171
114900025,628,319,309
114900026,59,188,-129
114900027,320,386,-66
114900029,37,52,-15
114900030,457,342,115
114900031,438,38,400
114900032,515,69,446
114900033,1836,909,927
114900034,77,334,-257
114900035,145,470,-325
114900036,304,1162,-858
114900037,183,279,-96
114900038,245,1109,-864
114900039,626,912,-286
114900040,123,256,-133
114900041,827,825,2
114900042,892,1090,-198
114900043,1002,409,593
114900044,213,43,170
114900045,187,412,-225
114900046,75,199,-124
114900047,276,2237,-1961
114900048,108,396,-288
114900049,11,297,-286
114900050,55,639,-584
114900051,37,496,-459
114900052,216,263,-47
114900053,351,365,-14
114900054,58,201,-143
114900057,298,11,287
114900058,0,123,-123
114900059,97,69,28
114900060,1848,1193,655
114900061,200,260,-60
114900062,346,468,-122
114900063,80,329,-249
114900064,1522,903,619
114900065,464,990,-526
114900067,94,529,-435
114900068,108,208,-100
114900069,307,208,99
114900070,742,720,22
114900072,6,472,-466
114900073,2,375,-373
114900074,696,1146,-450
114900075,365,13,352
114900076,17,591,-574
114900080,3545,673,2872
114900082,5599,2420,3179
114900083,2030,1564,466
114900084,78,84,-6
114900090,459,510,-51
114900091,160,273,-113
114900095,694,190,504
114900096,635,1080,-445
114900097,129,1,128
114900098,11,312,-301
114900099,236,3,233
115000001,10080,7371,2709
115000002,4527,5589,-1062
115000003,7250,5816,1434
115000004,5033,8677,-3644
115000005,2175,3707,-1532
115000006,1191,2265,-1074
115000007,89,255,-166
115000008,580,613,-33
115000009,354,377,-23
115000010,458,224,234
115000013,112,256,-144
115000015,69,379,-310
115000016,267,435,-168
115000019,35,629,-594
115000020,234,940,-706
115000021,325,651,-326
115000022,673,497,176
115000023,417,725,-308
115000024,1649,709,940
115000025,1143,865,278
115000026,169,616,-447
115000027,277,416,-139
115000028,267,1145,-878
115000029,691,228,463
115000030,1120,1416,-296
115000031,1344,558,786
115000032,6,391,-385
115000033,341,60,281
115000034,186,1532,-1346
115000035,1402,90,1312
115000036,3,489,-486
115000037,695,10,685
115000038,75,280,-205
115000039,5029,4423,606
115000040,9770,4492,5278
115000041,2259,4140,-1881
115000042,1941,935,1006
115000043,4918,3050,1868
115000044,4774,5646,-872
115000045,3730,3027,703
115000046,2599,3206,-607
115000047,2846,2252,594
115000048,1999,3848,-1849
115000049,2280,5405,-3125
115000050,3984,2758,1226
115000051,2300,3811,-1511
115000052,3527,2884,643
115000053,2019,2329,-310
115000054,967,1813,-846
115000055,180,521,-341
115000056,236,623,-387
115000057,749,803,-54
115000058,459,216,243
115000059,356,183,173
115000061,456,131,325
115000062,349,529,-180
115000063,353,522,-169
115000064,324,198,126
115000065,41,535,-494
115000067,255,47,208
115000069,92,462,-370
115000070,33,1535,-1502
115000071,126,23,103
115000072,13,99,-86
115000073,1988,91,1897
115000075,115,109,6
115000076,4910,4504,406
115000077,2820,4283,-1463
115000078,1562,2545,-983
115000079,2006,3172,-1166
115000080,3617,3999,-382
115000081,643,1394,-751
115000082,4765,5190,-425
115000083,2820,3430,-610
115000084,2545,1901,644
115000085,840,1307,-467
115000086,1193,1426,-233
115000087,647,2221,-1574
115000088,2350,1133,1217
115000089,2072,1871,201
115000090,809,1599,-790
115000091,346,1377,-1031
115000092,485,421,64
115000093,515,4,511
115000094,10612,7390,3222
115000095,7945,7520,425
115000096,703,2415,-1712
115000097,1014,1234,-220
115000098,1175,1283,-108
115000099,2983,4514,-1531
115000100,1288,686,602
115000101,635,2178,-1543
115000102,535,331,204
115000103,437,1055,-618
115000105,73,234,-161
115000106,656,467,189
115000107,278,742,-464
115000108,5178,3571,1607
115000109,7193,6440,753
115000110,2024,1868,156
115000111,964,2727,-1763
115000112,1006,1008,-2
115000113,850,1456,-606
115000114,2385,1304,1081
115000116,5638,2960,2678
115000117,5692,4400,1292
115000118,3482,2439,1043
115000119,3190,3620,-430
115000120,944,1688,-744
115000121,2172,1518,654
115000122,5883,2907,2976
115000123,2682,3127,-445
115000124,1488,1185,303
115000125,840,712,128
115000126,317,423,-106
115000127,532,180,352
115000128,1034,997,37
115000129,458,439,19
115000130,481,1420,-939
115000131,915,407,508
115000132,426,686,-260
115000133,1007,401,606
115000134,921,359,562
115000135,581,293,288
115000136,478,310,168
115000137,271,323,-52
115000138,280,326,-46
115000139,313,343,-30
115000140,423,285,138
115000141,207,454,-247
115000142,233,455,-222
115000143,620,692,-72
115000144,612,89,523
115000145,253,637,-384
115000146,618,404,214
115000147,634,724,-90
115000148,402,1843,-1441
115000149,800,354,446
115000150,898,1640,-742
115000151,1361,870,491
115000152,938,1970,-1032
115000153,1404,1087,317
115000154,937,611,326
115000155,713,1620,-907
115000156,1515,952,563
115000157,1192,1271,-79
115000158,1094,512,582
115000159,1141,771,370
115000160,1020,991,29
115000161,858,844,14
115000162,909,949,-40
115000163,817,786,31
115000164,906,751,155
115000165,677,632,45
115000167,204,107,97
115000168,785,508,277
115000169,980,490,490
115000170,304,188,116
115000171,421,258,163
115000172,1868,744,1124
115000173,546,723,-177
115000174,550,360,190
115000175,445,123,322
115000176,280,108,172
115000177,335,124,211
115000178,71,380,-309
115000179,119,54,65
115000180,182,1132,-950
115000181,711,209,502
115000182,882,547,335
115000183,434,1247,-813
115000186,823,357,466
115000187,257,1116,-859
115000188,514,800,-286
115000189,370,541,-171
115000190,1092,746,346
115000191,486,799,-313
115000194,232,268,-36
115000195,455,373,82
115000196,225,136,89
115000197,260,460,-200
115000198,327,301,26
115000199,436,340,96
115000200,413,156,257
115000201,200,579,-379
115000206,470,128,342
115000207,155,522,-367
115000208,668,965,-297
115000209,869,410,459
115000210,237,198,39
115000211,308,396,-88
115000212,2480,436,2044
115000218,154,116,38
115000219,41,63,-22
115000224,449,82,367
115000225,63,85,-22
115000229,329,192,137
115000230,168,706,-538
115000231,360,2839,-2479
115000232,1603,434,1169
115000233,239,303,-64
115000234,34,400,-366
115000241,116,399,-283
115000242,125,463,-338
115000243,64,320,-256
115000244,7,129,-122
115000246,56,28,28
115000247,56,25,31
115000248,23,32,-9
115000249,40,43,-3
115000250,427,47,380
115000251,298,215,83
115000252,196,277,-81
115000253,32,522,-490
115000258,380,280,100
115000259,428,229,199
115000261,14,24,-10
115000262,17,31,-14
115000263,12,51,-39
115000264,18,79,-61
115000267,98,98,0
115000268,42,133,-91
115000269,140,68,72
115000270,18,32,-14
115000272,61,243,-182
115000273,483,66,417
115000274,386,382,4
115000280,2799,225,2574
115000281,846,715,131
115000282,1853,1006,847
115000284,432,251,181
115000296,1208,13,1195
115000297,397,151,246
115000298,166,502,-336
115000300,240,242,-2
115000302,571,256,315
115000303,762,242,520
115000304,903,142,761
115000305,113,1359,-1246
115000306,263,655,-392
115000307,155,237,-82
115000308,38,17,21
115000310,1145,1285,-140
115000311,1045,2031,-986
115000313,132,1013,-881
115000314,530,207,323
115000315,1246,531,715
115000316,102,123,-21
115000317,275,870,-595
115000318,1025,514,511
115000319,103,388,-285
115000320,21,397,-376
115000321,639,17,622
115000322,49,293,-244
115000449,496,205,291
115000557,59,1218,-1159
115000558,724,105,619
115000587,603,705,-102
115000588,3639,4512,-873
115000589,5471,3354,2117
115000590,1655,1909,-254
115000591,3034,1035,1999
115000592,1041,2589,-1548
115000593,2006,742,1264
115000594,1160,2961,-1801
115000609,113,190,-77
115000617,3078,4328,-1250
115000624,187,40,147
115000633,726,2948,-2222
115000634,3928,1260,2668
115000635,625,213,412
115000638,1459,1047,412
115000641,64,165,-101
115000642,415,436,-21
115000643,151,787,-636
115000644,191,665,-474
115000646,1116,1939,-823
115000647,252,726,-474
115000648,2097,2651,-554
115000893,4506,1937,2569
115000894,177,1712,-1535
115000895,565,1240,-675
115000896,1774,423,1351
115000897,679,235,444
115000898,1389,338,1051
115000899,843,1355,-512
115000900,199,490,-291
115000901,79,219,-140
115000912,414,171,243
115000913,4,27,-23
115000915,131,0,131
115000916,47,16,31
115000917,0,9,-9
115000918,100,735,-635
115000919,11,8,3
115000920,80,84,-4
115000921,1412,221,1191
115000922,2196,819,1377
115000923,653,1092,-439
115000925,81,107,-26
115000927,31,81,-50
115000933,278,209,69
115900001,120,69,51
115900002,130,291,-161
115900003,241,181,60
115900004,1,101,-100
115900005,181,15,166
115900006,123,486,-363
115900008,51,28,23
115900009,114,431,-317
115900010,348,263,85
115900011,1098,437,661
115900012,150,122,28
115900013,584,240,344
115900014,148,226,-78
115900015,105,112,-7
115900016,87,49,38
115900017,18,10,8
115900018,161,133,28
115900019,1851,54,1797
115900020,73,1,72
115900021,2460,656,1804
115900022,1419,25,1394
115900023,58,5,53
115900025,62,251,-189
115900026,1274,417,857
115900027,2,424,-422
115900028,1054,118,936
115900029,16,606,-590
115900030,45,33,12
115900031,450,368,82
115900032,747,1007,-260
115900033,0,76,-76
115900034,30,684,-654
115900035,40,24,16
115900036,104,910,-806
115900037,83,621,-538
115900038,47,14,33
115900039,235,372,-137
115900041,562,713,-151
115900042,21,7,14
115900043,115,141,-26
115900044,313,395,-82
115900046,320,367,-47
115900047,180,125,55
115900049,227,337,-110
115900051,2,33,-31
115900052,17,285,-268
115900053,303,356,-53
115900054,265,80,185
115900055,19,160,-141
115900056,320,542,-222
115900057,69,5,64
115900058,34,68,-34
115900060,241,255,-14
115900061,305,0,305
115900062,52,422,-370
115900063,67,13,54
115900064,272,343,-71
115900065,173,185,-12
115900066,275,215,60
115900067,3,922,-919
115900068,4400,1293,3107
115900069,96,196,-100
115900070,183,318,-135
115900071,1,555,-554
115900072,51,292,-241
115900073,101,87,14
115900074,2,406,-404
115900075,89,440,-351
115900076,1,105,-104
115900077,5,405,-400
115900078,70,215,-145
115900079,194,24,170
115900080,677,418,259
115900081,19,101,-82
115900082,141,311,-170
115900084,419,30,389
115900085,108,76,32
115900086,2291,913,1378
115900088,16,61,-45
115900089,286,914,-628
115900090,339,32,307
115900091,23,32,-9
115900092,24,265,-241
115900093,3,28,-25
115900094,5,472,-467
115900096,27,15,12
115900097,11,555,-544
115900098,134,716,-582
115900099,382,121,261
115900100,14,818,-804
115900101,168,536,-368
115900102,70,123,-53
115900103,353,306,47
115900104,57,193,-136
115900105,247,999,-752
115900106,57,29,28
115900107,119,208,-89
115900108,85,86,-1
115900109,78,665,-587
115900110,2,46,-44
115900111,1,151,-150
115900112,86,1587,-1501
115900113,57,28,29
115900114,3,189,-186
115900115,58,343,-285
115900116,142,1534,-1392
115900117,91,29,62
115900118,8,397,-389
115900119,167,255,-88
115900120,49,623,-574
115900121,240,413,-173
115900124,278,808,-530
115900125,302,68,234
115900126,833,112,721
115900127,704,92,612
115900128,8,108,-100
115900129,883,51,832
115900130,39,251,-212
115900131,506,48,458
115900132,482,13,469
115900134,395,15,380
115900135,535,1314,-779
115900137,39,3,36
115900139,251,270,-19
115900140,261,52,209
115900141,48,202,-154
115900142,36,97,-61
115900143,243,414,-171
115900144,100,383,-283
115900146,4,223,-219
115900147,316,356,-40
115900148,53,16,37
115900149,79,24,55
115900150,135,95,40
115900151,19,88,-69
115900152,152,488,-336
115900153,160,332,-172
115900154,762,472,290
115900155,0,122,-122
115900156,870,1129,-259
115900157,235,617,-382
115900158,31,5,26
115900159,184,378,-194
115900160,23,6,17
115900161,283,274,9
115900163,236,215,21
115900164,642,47,595
115900165,5,199,-194
115900166,241,346,-105
115900168,115,329,-214
115900171,192,594,-402
115900172,86,187,-101
115900173,215,189,26
115900174,412,335,77
115900175,112,273,-161
115900178,9,912,-903
115900179,231,25,206
115900180,81,376,-295
115900181,193,380,-187
115900182,421,442,-21
115900183,342,159,183
115900184,2140,28,2112
115900187,17,164,-147
115900189,3,327,-324
115900190,1019,1744,-725
115900191,75,642,-567
115900192,12,115,-103
115900193,352,189,163
115900194,783,83,700
115900195,937,2045,-1108
115900198,356,524,-168
115900199,253,380,-127
115900200,339,532,-193
115900201,513,407,106
115900202,1,84,-83
115900203,3,6,-3
115900204,16,1,15
115900205,142,12,130
115900206,220,299,-79
115900207,24,25,-1
115900208,181,340,-159
115900209,6,210,-204
115900210,3,216,-213
115900211,2,329,-327
115900212,184,504,-320
115900213,331,94,237
115900214,461,318,143
115900215,17,102,-85
115900216,19,138,-119
115900217,39,96,-57
115900218,3,49,-46
115900219,103,13,90
115900220,140,24,116
115900221,80,19,61
115900222,50,20,30
115900223,7,335,-328
115900224,1991,1477,514
115900225,94,71,23
115900226,13,54,-41
115900227,29,76,-47
115900228,22,63,-41
115900229,15,89,-74
115900230,107,209,-102
115900231,149,12,137
115900232,58,3,55
115900233,111,34,77
115900234,51,52,-1
115900235,23,70,-47
115900236,246,45,201
115900237,41,47,-6
115900238,119,39,80
115900239,22,46,-24
115900240,17,100,-83
115900241,258,230,28
115900242,330,431,-101
115900243,31,17,14
115900244,40,36,4
115900245,7,14,-7
115900246,115,7,108
115900247,27,11,16
115900248,19,12,7
115900249,3,21,-18
115900250,3,45,-42
115900251,1,26,-25
115900252,7,1,6
115900253,15,83,-68
115900254,33,32,1
115900255,4,21,-17
115900256,17,29,-12
115900257,6,10,-4
115900258,0,1,-1
115900259,8,7,1
115900260,14,2,12
115900261,20,2,18
115900262,9,2,7
115900263,11,1,10
115900264,43,10,33
115900265,1,16,-15
115900266,6,16,-10
115900267,9,6,3
115900268,9,27,-18
115900269,409,725,-316
115900270,422,752,-330
116000001,19494,7188,12306
116000002,6113,13906,-7793
116000003,2345,2359,-14
116000004,3050,4756,-1706
116000005,4960,4603,357
116000006,4547,2748,1799
116000007,6164,5915,249
116000008,8474,2628,5846
116000009,2320,3615,-1295
116000010,2518,2036,482
116000011,1345,2792,-1447
116000012,1955,1305,650
116000013,17883,7125,10758
116000014,24136,15424,8712
116000015,765,2062,-1297
116000016,11072,4941,6131
116000017,37,1006,-969
116000018,921,804,117
116000019,1590,458,1132
116000020,803,1774,-971
116000021,583,380,203
116000022,415,595,-180
116000023,1686,1148,538
116000024,1015,1422,-407
116000025,1294,923,371
116000026,2698,3397,-699
116000027,2104,928,1176
116000028,583,1004,-421
116000029,1645,1230,415
116000030,909,582,327
116000031,286,443,-157
116000032,194,376,-182
116000033,278,334,-56
116000034,1408,1007,401
116000035,373,1401,-1028
116000036,2752,1860,892
116000037,1327,1007,320
116000038,746,477,269
116000039,603,545,58
116000040,1840,335,1505
116000041,278,849,-571
116000042,969,401,568
116000043,127,942,-815
116000044,12,32,-20
116000045,3206,2419,787
116000046,2210,2398,-188
116000047,3728,4170,-442
116000048,3946,2724,1222
116000049,1572,3517,-1945
116000050,1844,2792,-948
116000051,7592,3483,4109
116000052,7636,7322,314
116000053,3097,1700,1397
116000054,1119,4027,-2908
116000055,854,2073,-1219
116000056,932,1752,-820
116000057,6197,3034,3163
116000058,5424,3799,1625
116000059,5090,7780,-2690
116000060,4125,1387,2738
116000061,539,1267,-728
116000062,1144,398,746
116000063,871,1665,-794
116000066,299,780,-481
116000067,360,755,-395
116000068,349,510,-161
116000069,418,670,-252
116000078,628,1321,-693
116000080,2448,1584,864
116000082,19,173,-154
116000083,1788,554,1234
116000084,2978,5225,-2247
116000085,2736,2414,322
116000086,2596,1712,884
116000087,2060,2082,-22
116000088,1015,1631,-616
116000089,224,147,77
116000090,154,177,-23
116000091,879,427,452
116000093,829,715,114
116000094,927,1075,-148
116000095,988,924,64
116000096,1023,2507,-1484
116000097,1426,1213,213
116000098,72,10773,-10701
116000099,11663,475,11188
116000100,228,31,197
116000101,912,1697,-785
116000102,293,1963,-1670
116000103,563,442,121
116000104,371,2263,-1892
116000105,1463,331,1132
116000106,1232,1444,-212
116000107,5729,634,5095
116000108,1481,267,1214
116000111,140,70,70
116000113,154,167,-13
116000114,83,285,-202
116000115,360,161,199
116000116,360,818,-458
116000117,1818,2528,-710
116000118,1787,2440,-653
116000119,3480,2541,939
116000120,3678,6931,-3253
116000121,946,764,182
116000122,1698,2893,-1195
116000123,1142,681,461
116000124,490,1550,-1060
116000125,3084,1078,2006
116000126,454,2250,-1796
116000127,1545,2092,-547
116000128,1965,1353,612
116000129,1330,284,1046
116000130,608,497,111
116000133,1053,1625,-572
116000134,2388,3802,-1414
116000135,2546,2009,537
116000136,1552,3194,-1642
116000137,1328,978,350
116000138,1285,805,480
116000139,2869,3277,-408
116000140,315,346,-31
116000141,527,1132,-605
116000142,5580,4525,1055
116000143,2387,3014,-627
116000144,2205,3628,-1423
116000145,2131,2104,27
116000146,598,480,118
116000147,498,174,324
116000148,635,716,-81
116000149,841,934,-93
116000151,996,1026,-30
116000153,139,825,-686
116000155,231,454,-223
116000156,625,1500,-875
116000157,58,22,36
116000158,260,655,-395
116000159,11,17,-6
116000160,28,133,-105
116000161,4,138,-134
116000162,130,117,13
116000163,30,9,21
116000164,60,27,33
116000177,1289,152,1137
116000194,123,641,-518
116000195,2427,903,1524
116000196,32,5,27
116000197,14,18,-4
116000198,4223,1876,2347
116000200,1079,607,472
116000201,909,1099,-190
116000202,7,357,-350
116000203,6,197,-191
116000204,16,76,-60
116000205,1,272,-271
116000206,1,124,-123
116000207,27,68,-41
116000233,312,892,-580
116000287,165,769,-604
116000288,305,436,-131
116000292,104,230,-126
116000296,33,191,-158
116000297,266,60,206
116000304,551,15,536
116000305,25,303,-278
116000346,263,182,81
116000352,194,64,130
116000354,165,24,141
116000357,32,37,-5
116000358,407,43,364
116000361,98,1,97
116000372,11619,5345,6274
116000381,143,0,143
116000388,1,75,-74
116000389,1325,705,620
116000445,431,910,-479
116000446,749,1212,-463
116000447,18,627,-609
116000448,802,337,465
116000563,1718,1317,401
116000565,115,686,-571
116000568,100,405,-305
116000579,45,192,-147
116000584,27,12,15
116000585,20,20,0
116000586,253,208,45
116000587,620,788,-168
116000589,58,123,-65
116000590,129,164,-35
116000591,217,442,-225
116000592,12,140,-128
116000593,0,29,-29
116000594,712,863,-151
116000595,866,330,536
116000596,151,17,134
116000597,370,153,217
116000598,31,363,-332
116000602,115,789,-674
116000605,380,286,94
116000606,90,390,-300
116000607,18,85,-67
116000609,362,1268,-906
116000611,111,802,-691
116000612,1012,3094,-2082
116000613,712,515,197
116000614,609,1077,-468
116000615,58,397,-339
116000616,53,141,-88
116000617,94,131,-37
116000618,4,218,-214
116000619,117,98,19
116000620,116,85,31
116000621,72,191,-119
116000622,47,215,-168
116000624,367,113,254
116000628,1,106,-105
116000629,5,178,-173
116000630,145,5,140
116000631,67,2,65
116000632,323,178,145
116000633,8,204,-196
116000634,306,9,297
116900001,349,232,117
116900002,317,6,311
116900003,40,134,-94
116900004,46,79,-33
116900005,356,92,264
116900006,164,236,-72
116900007,180,256,-76
116900008,447,616,-169
116900009,39,7,32
116900010,2,2585,-2583
116900011,16,63,-47
116900012,333,309,24
116900013,9,294,-285
116900014,89,343,-254
116900015,410,116,294
116900016,223,5,218
116900017,4,1038,-1034
116900018,72,94,-22
116900019,17,575,-558
116900020,1218,1325,-107
116900023,124,12,112
116900024,619,118,501
116900025,1513,1350,163
116900026,221,1139,-918
116900027,47,88,-41
116900028,9,200,-191
116900029,1,93,-92
116900031,1,6,-5
116900032,13,575,-562
116900033,21,27,-6
116900034,39,85,-46
116900035,156,334,-178
116900036,5,136,-131
116900038,161,5,156
116900041,61,20,41
116900042,1170,356,814
116900043,41,78,-37
116900045,415,84,331
116900047,72,107,-35
116900049,83,483,-400
116900050,162,739,-577
116900051,162,397,-235
116900052,283,117,166
116900055,3,8,-5
116900057,18,412,-394
116900058,51,637,-586
116900059,6,324,-318
116900060,319,263,56
116900062,28,7,21
116900064,109,1324,-1215
116900065,31,190,-159
116900067,118,173,-55
116900068,203,465,-262
116900070,6,7,-1
116900072,32,681,-649
116900073,19,195,-176
116900074,11,95,-84
116900076,9,39,-30
116900077,13,258,-245
116900078,336,236,100
116900079,18,452,-434
116900080,10,27,-17
116900081,574,2127,-1553
116900082,566,1385,-819
116900083,67,93,-26
116900084,230,70,160
116900085,45,221,-176
116900086,47,357,-310
116900088,621,153,468
116900090,183,98,85
116900091,346,91,255
116900092,110,1247,-1137
116900093,2283,2839,-556
116900094,8035,5809,2226
116900095,425,191,234
116900096,97,300,-203
116900097,5724,3378,2346
116900098,1088,384,704
116900099,1190,876,314
116900100,1121,43,1078
116900101,459,870,-411
116900103,6,0,6
116900104,90,135,-45
116900105,469,177,292
116900106,2149,272,1877
116900107,6371,3323,3048
116900110,11,0,11
116900111,484,1202,-718
116900112,279,1727,-1448
116900113,3633,1572,2061
116900116,168,506,-338
116900117,162,169,-7
116900118,1047,906,141
116900120,363,175,188
116900121,171,42,129
116900122,1069,1264,-195
116900123,221,1288,-1067
116900124,255,1666,-1411
116900125,409,294,115
116900126,341,863,-522
116900128,3,45,-42
116900129,0,492,-492
116900130,1200,4311,-3111
116900131,155,464,-309
116900132,53,164,-111
116900133,154,215,-61
116900134,263,433,-170
116900136,443,241,202
116900137,526,223,303
116900138,379,265,114
116900139,207,572,-365
116900140,252,240,12
116900141,899,597,302
116900142,3,71,-68
116900143,630,1228,-598
116900144,36,69,-33
116900145,146,478,-332
116900147,1044,556,488
116900148,23,74,-51
116900149,69,292,-223
116900150,21,15,6
116900151,30,29,1
116900153,136,115,21
116900154,898,684,214
116900155,120,109,11
116900157,600,515,85
116900158,322,380,-58
116900159,64,408,-344
116900160,2624,541,2083
116900161,12999,7795,5204
116900162,27,179,-152
116900163,239,248,-9
116900164,204,87,117
116900165,261,170,91
116900166,40,206,-166
116900167,584,119,465
116900168,457,109,348
116900169,1197,496,701
116900170,336,599,-263
116900171,42,394,-352
116900172,366,256,110
116900173,279,59,220
116900174,73,70,3
116900175,320,193,127
116900178,22,243,-221
116900179,139,306,-167
116900180,159,31,128
116900182,871,470,401
116900183,238,128,110
116900185,34,43,-9
116900186,126,379,-253
116900187,85,51,34
116900188,177,35,142
116900189,189,2,187
116900191,514,861,-347
116900192,342,231,111
116900194,166,1204,-1038
116900195,43,31,12
116900196,14,119,-105
116900197,162,12,150
116900198,319,224,95
116900200,51,52,-1
116900201,121,17,104
116900202,179,83,96
116900203,171,7,164
116900204,80,109,-29
116900206,15,35,-20
116900207,22,70,-48
116900208,13,117,-104
116900209,24,171,-147
116900210,566,412,154
116900211,304,23,281
116900212,77,107,-30
116900213,272,266,6
116900214,229,237,-8
116900215,70,92,-22
116900216,505,464,41
116900218,13,439,-426
116900219,1601,748,853
116900220,148,299,-151
116900221,83,540,-457
116900222,477,613,-136
116900223,162,431,-269
116900226,118,137,-19
116900227,205,131,74
116900228,327,405,-78
116900230,70,447,-377
116900231,35,635,-600
116900232,11,640,-629
116900233,280,145,135
116900234,30,12,18
116900235,189,505,-316
116900238,2062,583,1479
116900239,52,1207,-1155
116900240,9488,4761,4727
116900241,266,328,-62
116900242,584,471,113
116900243,6,182,-176
116900245,39,29,10
116900246,147,24,123
116900247,823,41,782
116900248,153,81,72
116900249,365,207,158
116900250,506,101,405
116900251,814,658,156
116900252,165,1519,-1354
116900253,145,160,-15
116900254,32,117,-85
116900255,120,103,17
116900256,367,216,151
116900257,28,823,-795
116900258,6,472,-466
116900259,183,10,173
116900260,2,206,-204
116900261,46,2,44
116900262,205,239,-34
116900263,0,5,-5
116900264,5,3,2
116900265,26,1,25
116900266,17,70,-53
116900267,2,2,0
116900268,128,15,113
116900269,505,807,-302
116900271,2913,252,2661
116900272,520,843,-323
116900273,363,50,313
116900274,99,178,-79
116900275,169,167,2
116900276,445,120,325
116900277,976,40,936
116900278,5,17,-12
116900279,0,35,-35
116900280,38,51,-13
116900281,11172,5287,5885
116900282,4,238,-234
116900283,21,170,-149
116900284,14,279,-265
116900285,412,377,35
116900286,234,14,220
116900287,7,82,-75
116900288,66,202,-136
116900289,14,33,-19
116900290,3,63,-60
116900291,18,9,9
116900292,0,20,-20
116900293,64,114,-50
116900294,52,262,-210
116900295,303,41,262
116900296,154,48,106
116900297,16,98,-82
116900298,80,31,49
116900299,60,41,19
116900300,7,109,-102
116900301,67,88,-21
116900302,2344,943,1401
116900303,388,149,239
116900304,0,192,-192
116900305,23,148,-125
116900306,400,184,216
117000001,2865,2933,-68
117000002,3200,8353,-5153
117000003,10182,4896,5286
117000004,6688,7889,-1201
117000005,3368,2771,597
117000006,2066,5334,-3268
117000007,4651,1934,2717
117000008,1719,6756,-5037
117000009,6888,2880,4008
117000010,3853,6551,-2698
117000011,3119,2782,337
117000012,2008,2337,-329
117000013,2585,1548,1037
117000014,2131,3505,-1374
117000015,6257,2051,4206
117000016,786,83,703
117000017,836,194,642
117000018,383,840,-457
117000019,513,6,507
117000020,716,2168,-1452
117000021,3811,690,3121
117000022,811,158,653
117000023,1319,162,1157
117000024,1016,170,846
117000025,1491,801,690
117000026,5398,1407,3991
117000027,2440,2037,403
117000028,5114,1043,4071
117000030,327,242,85
117000032,2751,2113,638
117000033,2709,2222,487
117000034,223,177,46
117000036,184,181,3
117000038,289,483,-194
117000039,58,115,-57
117000040,259,1791,-1532
117000041,1423,283,1140
117000044,26,1355,-1329
117000045,480,132,348
117000046,874,949,-75
117000047,1188,869,319
117000048,3201,2071,1130
117000049,228,1226,-998
117000050,196,3279,-3083
117000051,2786,224,2562
117000052,59,634,-575
117000053,521,112,409
117000054,2232,15,2217
117000055,17,5286,-5269
117000056,911,40,871
117000057,976,3583,-2607
117000060,678,3099,-2421
117000061,2404,1398,1006
117000062,390,982,-592
117000063,2610,1297,1313
117000064,1258,1364,-106
117000066,2175,1332,843
117000067,226,553,-327
117000074,269,323,-54
117000076,111,86,25
117000077,280,260,20
117000078,192,1053,-861
117000079,625,353,272
117000080,3,518,-515
117000081,1301,229,1072
117000082,22,134,-112
117000083,157,11,146
117000084,608,1,607
117000085,453,1012,-559
117000086,1426,833,593
117000087,160,818,-658
117000088,471,386,85
117000089,1917,429,1488
117000090,369,1983,-1614
117000091,1136,472,664
117000092,529,2371,-1842
117000093,1560,1105,455
117000094,1664,4569,-2905
117000095,3995,1370,2625
117000096,892,3715,-2823
117000097,1708,1666,42
117000098,3656,7937,-4281
117000099,3927,1682,2245
117000100,230,402,-172
117000101,255,2043,-1788
117000102,2023,984,1039
117000103,1065,2865,-1800
117000104,1844,973,871
117000105,1195,2738,-1543
117000106,1643,1202,441
117000107,833,3083,-2250
117000108,2032,1343,689
117000109,2899,4165,-1266
117000110,2094,1420,674
117000111,5618,7142,-1524
117000112,4833,3147,1686
117000113,209,393,-184
117000114,291,297,-6
117000115,106,181,-75
117000116,170,430,-260
117000117,2930,1539,1391
117000118,828,282,546
117000119,958,244,714
117000120,768,538,230
117000121,352,1536,-1184
117000122,594,1717,-1123
117000123,2636,72,2564
117000124,1210,147,1063
117000125,721,116,605
117000126,117,78,39
117000127,407,730,-323
117000128,728,1381,-653
117000129,523,90,433
117000130,253,2,251
117000131,0,110,-110
117000132,3798,15,3783
117000133,1371,109,1262
117000134,1,40,-39
117000135,2,49,-47
117000136,3,63,-60
117000137,96,150,-54
117000138,3,883,-880
117000140,689,2648,-1959
117000141,2231,963,1268
117000181,1402,665,737
117000182,451,638,-187
117000195,310,1881,-1571
117000196,414,109,305
117000225,481,13,468
117000226,28,200,-172
117000276,284,8,276
117000277,1,671,-670
117000310,3093,3948,-855
117000315,83,2365,-2282
117000320,81,2,79
117000906,324,16,308
117000907,10,620,-610
117000908,202,34,168
117000909,74,51,23
117000910,239,172,67
117000911,100,259,-159
117000915,14,949,-935
117000916,68,14,54
117000917,1446,59,1387
117000918,87,126,-39
117000919,14,160,-146
117000920,5,2158,-2153
117000921,7,2535,-2528
117000922,66,194,-128
117000924,1115,1305,-190
117000926,1628,126,1502
117000927,3343,1102,2241
117000928,0,240,-240
117000929,264,627,-363
117000930,236,30,206
117000931,1035,165,870
117900002,349,704,-355
117900003,1156,778,378
117900005,38,60,-22
117900006,1,24,-23
117900007,224,164,60
117900008,1,53,-52
117900010,515,182,333
117900011,112,60,52
117900012,117,214,-97
117900013,4,460,-456
117900014,477,226,251
117900015,21,107,-86
117900016,2244,1077,1167
117900017,1157,486,671
117900018,360,103,257
117900019,623,450,173
117900020,102,479,-377
117900021,59,134,-75
117900022,32,37,-5
117900023,942,795,147
117900024,134,130,4
117900025,43,17,26
117900026,423,479,-56
117900028,192,22,170
117900029,391,1362,-971
117900030,530,445,85
117900031,773,206,567
117900032,1279,845,434
117900033,342,1377,-1035
117900034,52,70,-18
117900035,477,135,342
117900036,313,886,-573
117900037,140,246,-106
117900038,39,494,-455
117900039,5,110,-105
117900040,134,693,-559
117900041,8,48,-40
117900042,7398,755,6643
117900043,44,62,-18
117900044,79,5068,-4989
117900045,392,200,192
117900048,330,494,-164
117900049,332,837,-505
117900050,37,70,-33
117900051,628,10,618
117900052,80,580,-500
117900053,1438,1073,365
117900054,3,38,-35
117900055,204,608,-404
117900056,779,21,758
117900057,1577,1914,-337
117900058,1066,899,167
117900059,617,169,448
117900060,2257,8080,-5823
117900061,36,513,-477
117900063,506,303,203
117900065,1054,1844,-790
117900066,7,65,-58
117900067,520,359,161
117900069,1215,615,600
117900070,951,34,917
117900071,162,252,-90
117900073,654,574,80
117900074,910,44,866
117900075,105,146,-41
117900076,15,64,-49
117900077,423,292,131
117900078,424,991,-567
117900080,371,113,258
117900081,668,660,8
117900082,494,478,16
117900083,487,876,-389
117900086,217,49,168
117900087,221,117,104
117900088,4145,3414,731
117900089,2233,765,1468
117900090,818,1024,-206
117900091,290,292,-2
117900092,88,41,47
117900093,135,122,13
117900094,105,33,72
117900095,318,479,-161
117900096,139,337,-198
117900097,435,137,298
117900098,45,7,38
117900099,206,469,-263
117900100,224,3,221
117900101,589,2156,-1567
117900102,74,92,-18
117900103,117,2,115
117900104,25,149,-124
117900105,230,423,-193
117900106,109,59,50
117900107,43,1,42
117900109,724,520,204
117900110,124,1,123
117900111,438,26,412
117900112,104,34,70
117900113,7176,3110,4066
117900114,44,1,43
117900115,521,99,422
117900116,1304,1511,-207
117900117,712,718,-6
117900118,64,0,64
117900119,234,275,-41
117900120,269,235,34
117900121,123,33,90
117900122,2230,4420,-2190
117900123,1133,717,416
117900124,1175,1075,100
117900125,2258,1908,350
117900126,336,877,-541
117900127,649,796,-147
117900128,425,1158,-733
117900129,98,3,95
117900130,1616,600,1016
117900131,0,232,-232
117900132,24,194,-170
117900133,16,208,-192
117900134,87,315,-228
117900135,31,278,-247
117900136,0,51,-51
117900137,116,461,-345
117900138,1,84,-83
117900139,136,181,-45
117900140,6614,346,6268
117900141,496,357,139
117900142,691,44,647
117900144,248,160,88
117900145,129,36,93
117900146,437,211,226
117900147,143,88,55
117900148,4882,1889,2993
117900149,92,255,-163
117900150,99,107,-8
117900151,96,134,-38
117900152,157,104,53
117900153,38,159,-121
117900154,787,1060,-273
117900156,1381,1356,25
117900157,140,709,-569
117900158,320,265,55
117900160,863,674,189
117900161,4128,3747,381
117900162,401,678,-277
117900163,391,93,298
117900165,0,26,-26
117900166,140,475,-335
117900168,9,304,-295
117900169,1,177,-176
117900170,1,59,-58
117900171,5,48,-43
117900172,18,66,-48
117900173,261,127,134
117900174,77,85,-8
117900175,4,59,-55
117900176,21,80,-59
117900177,28,101,-73
117900178,191,72,119
117900180,574,73,501
117900181,246,445,-199
117900182,4,49,-45
117900183,78,285,-207
117900184,12,78,-66
117900185,69,91,-22
117900186,54,23,31
117900187,18,15,3
117900188,351,80,271
117900189,103,21,82
117900190,63,3,60
117900191,118,2,116
117900192,325,4,321
117900193,47,152,-105
117900194,11,10,1
117900195,44,90,-46
117900196,35,43,-8
117900207,222,207,15
117900208,40,73,-33
117900209,239,221,18
117900210,190,299,-109
117900211,18,326,-308
117900212,122,344,-222
117900213,22,35,-13
117900214,13,41,-28
117900216,47,61,-14
117900217,133,436,-303
117900218,188,313,-125
117900219,108,142,-34
117900220,391,192,199
117900221,77,11,66
118000001,1368,924,444
118000002,1889,3084,-1195
118000003,3069,2884,185
118000004,4146,2625,1521
118000005,7821,6088,1733
118000006,10564,13011,-2447
118000007,11407,3889,7518
118000008,8203,4775,3428
118000009,3248,5560,-2312
118000010,7969,6764,1205
118000011,1771,3743,-1972
118000012,1755,3697,-1942
118000013,5068,4067,1001
118000014,3440,4053,-613
118000016,300,528,-228
118000017,480,631,-151
118000018,738,684,54
118000019,3554,1710,1844
118000020,3118,3714,-596
118000021,1350,3776,-2426
118000022,3670,1044,2626
118000023,2034,327,1707
118000024,3544,1379,2165
118000025,1973,2152,-179
118000027,22280,13425,8855
118000029,1663,892,771
118000032,1996,4333,-2337
118000033,4900,5957,-1057
118000034,9223,3517,5706
118000035,2472,3152,-680
118000036,1901,1355,546
118000037,1253,1277,-24
118000038,218,110,108
118000039,211,383,-172
118000040,2450,2076,374
118000041,3599,2248,1351
118000045,1396,256,1140
118000046,3084,750,2334
118000047,3634,1259,2375
118000048,5583,2150,3433
118000051,4794,1333,3461
118000052,3540,764,2776
118000053,1232,1263,-31
118000054,3782,3149,633
118000055,2881,3461,-580
118000056,597,516,81
118000057,384,695,-311
118000058,7558,2133,5425
118000059,5427,1139,4288
118000060,1460,964,496
118000061,1736,2231,-495
118000062,862,483,379
118000063,575,748,-173
118000064,1266,1672,-406
118000065,6837,2838,3999
118000066,1147,1875,-728
118000067,1805,1143,662
118000068,3046,6187,-3141
118000069,5081,1957,3124
118000070,9686,2859,6827
118000071,5599,8979,-3380
118000072,4106,1396,2710
118000073,5224,855,4369
118000074,1263,568,695
118000075,1711,488,1223
118000076,2717,2543,174
118000077,2071,1831,240
118000078,2860,2632,228
118000079,447,645,-198
118000080,1676,1259,417
118000081,2171,1274,897
118000082,426,1488,-1062
118000083,2810,2274,536
118000084,4273,2875,1398
118000086,332,860,-528
118000087,7465,3815,3650
118000088,2400,2431,-31
118000089,5090,2811,2279
118000090,2824,4373,-1549
118000091,2115,3340,-1225
118000092,1489,648,841
118000093,111,1128,-1017
118000096,773,902,-129
118000097,1032,788,244
118000098,408,313,95
118000099,699,1343,-644
118000101,1367,420,947
118000102,501,1740,-1239
118000107,3794,881,2913
118000108,1016,3752,-2736
118000110,0,30,-30
118000111,5,664,-659
118000112,524,9,515
118000113,14,1128,-1114
118000114,483,13,470
118000115,34,8,26
118000116,137,0,137
118000117,1659,1153,506
118000118,1179,909,270
118000119,1091,1419,-328
118000120,2406,1958,448
118000121,103,682,-579
118000122,2129,441,1688
118000123,81,337,-256
118000125,2622,1464,1158
118000126,1475,2362,-887
118000127,2542,887,1655
118000128,883,1538,-655
118000129,1623,441,1182
118000130,4382,6429,-2047
118000131,1127,1217,-90
118000132,3642,2522,1120
118000133,1337,548,789
118000135,872,564,308
118000136,145,656,-511
118000137,1071,103,968
118000138,488,1056,-568
118000139,469,149,320
118000140,3881,6362,-2481
118000141,2806,3247,-441
118000142,2358,3228,-870
118000143,2497,1891,606
118000144,2335,1899,436
118000145,2635,4272,-1637
118000146,2119,1808,311
118000147,1529,2501,-972
118000148,912,2101,-1189
118000149,1054,1345,-291
118000150,520,281,239
118000151,632,720,-88
118000153,1685,2006,-321
118000154,1783,2668,-885
118000155,1487,2233,-746
118000156,4257,3936,321
118000157,749,486,263
118000158,276,643,-367
118000159,48,153,-105
118000160,605,652,-47
118000161,672,1271,-599
118000162,2826,1300,1526
118000163,1087,1619,-532
118000164,3609,2758,851
118000168,2343,835,1508
118000169,1923,2454,-531
118000170,6477,8652,-2175
118000171,456,884,-428
118000172,197,420,-223
118000173,1513,1801,-288
118000175,641,510,131
118000176,463,654,-191
118000177,337,811,-474
118000178,85,86,-1
118000179,2269,1481,788
118000180,1249,1213,36
118000181,1447,760,687
118000182,531,538,-7
118000183,404,440,-36
118000184,1011,1453,-442
118000185,1818,1376,442
118000186,1300,1557,-257
118000187,1772,1067,705
118000188,1126,277,849
118000189,926,1098,-172
118000190,50,19,31
118000191,23,38,-15
118000192,391,284,107
118000193,375,734,-359
118000194,4243,1703,2540
118000195,1413,1162,251
118000196,847,244,603
118000197,1200,146,1054
118000198,1085,735,350
118000199,2529,677,1852
118000200,128,342,-214
118000201,961,612,349
118000202,102,90,12
118000203,2043,725,1318
118000204,323,419,-96
118000205,426,447,-21
118000206,392,262,130
118000207,1,152,-151
118000208,1945,2255,-310
118000209,2979,2546,433
118000210,56,65,-9
118000211,18,52,-34
118000213,2157,1408,749
118000214,938,862,76
118000215,392,550,-158
118000216,2694,6111,-3417
118000217,30,161,-131
118000218,117,126,-9
118000219,633,556,77
118000220,6,35,-29
118000221,223,413,-190
118000222,87,8,79
118000223,62,79,-17
118000224,369,163,206
118000225,222,1138,-916
118000226,2155,255,1900
118000227,1181,476,705
118000228,258,323,-65
118000229,522,109,413
118000230,175,328,-153
118000231,149,353,-204
118000232,1013,1491,-478
118000233,1353,1268,85
118000234,529,458,71
118000236,687,524,163
118000237,114,963,-849
118000238,376,375,1
118000239,467,476,-9
118000240,759,195,564
118000241,194,342,-148
118000242,502,991,-489
118000243,281,382,-101
118000244,50,210,-160
118000246,0,10,-10
118000255,61,357,-296
118000256,129,277,-148
118000259,26,118,-92
118000260,282,161,121
118000261,52,215,-163
118000263,137,296,-159
118000266,272,613,-341
118000267,0,116,-116
118000268,912,6,906
118000270,68,76,-8
118000271,208,420,-212
118000272,118,50,68
118000273,147,127,20
118000274,157,458,-301
118000276,575,567,8
118000295,7,186,-179
118000298,250,443,-193
118000299,108,229,-121
118000301,0,79,-79
118000302,159,107,52
118000311,503,152,351
118000312,317,344,-27
118000313,100,268,-168
118000314,67,105,-38
118000315,62,95,-33
118000316,812,684,128
118000325,55,125,-70
118000326,38,66,-28
118000331,44,105,-61
118000332,23,66,-43
118000333,21,96,-75
118000335,421,3,418
118000336,1,405,-404
118000407,221,140,81
118000457,10,42,-32
118000465,4817,5420,-603
118000480,26,224,-198
118000489,93,489,-396
118000490,93,543,-450
118000492,276,313,-37
118000510,108,33,75
118000514,229,574,-345
118000515,920,980,-60
118000517,604,352,252
118000524,738,319,419
118000525,1367,1218,149
118000530,20,170,-150
118000531,316,371,-55
118000532,265,501,-236
118000533,573,252,321
118000534,1026,748,278
118000535,272,206,66
118000536,1383,2044,-661
118000537,31,170,-139
118000538,57,118,-61
118000539,66,219,-153
118000540,390,301,89
118000541,268,126,142
118000542,205,289,-84
118000543,310,332,-22
118000546,70,38,32
118000560,4660,2428,2232
118000562,47,420,-373
118000563,3518,1949,1569
118000576,249,199,50
118000577,199,181,18
118000578,217,115,102
118000579,971,1583,-612
118000595,221,127,94
118000596,0,71,-71
118000597,115,144,-29
118000598,17,1,16
118000599,60,67,-7
118000600,3,64,-61
118000601,17,1,16
118000602,0,33,-33
118000603,2,56,-54
118900001,1373,2010,-637
118900002,1526,1150,376
118900003,455,54,401
118900004,152,115,37
118900005,99,13,86
118900006,137,9,128
118900007,13,5,8
118900008,2104,87,2017
118900009,84,56,28
118900010,81,16,65
118900011,253,60,193
118900012,627,310,317
118900013,642,182,460
118900015,288,109,179
118900016,4,51,-47
118900017,316,304,12
118900018,1270,31,1239
118900019,93,45,48
118900020,234,157,77
118900021,265,540,-275
118900022,233,157,76
118900023,225,155,70
118900024,95,223,-128
118900025,75,32,43
118900026,71,112,-41
118900027,573,366,207
118900028,170,302,-132
118900029,396,567,-171
118900030,374,115,259
118900031,213,132,81
118900032,299,219,80
118900033,698,571,127
118900034,214,23,191
118900035,200,285,-85
118900036,1260,1044,216
118900037,1128,386,742
118900038,537,283,254
118900039,657,254,403
118900040,299,336,-37
118900041,788,269,519
118900042,245,147,98
118900045,353,282,71
118900046,1293,337,956
118900047,799,335,464
118900048,404,211,193
118900049,84,76,8
118900050,37,214,-177
118900051,94,69,25
118900052,831,356,475
118900053,80,123,-43
118900054,161,66,95
118900055,106,149,-43
118900056,29,343,-314
118900057,854,611,243
118900058,766,477,289
118900059,29,123,-94
118900060,81,150,-69
118900062,357,273,84
118900064,1069,727,342
118900065,69,346,-277
118900066,98,128,-30
118900067,8308,4976,3332
118900068,11,644,-633
118900069,414,367,47
118900071,15,109,-94
118900072,556,642,-86
118900073,112,127,-15
118900074,154,312,-158
118900075,132,206,-74
118900076,338,85,253
118900077,469,270,199
118900078,50,18,32
118900079,83,276,-193
118900080,36,207,-171
118900081,101,39,62
118900082,820,266,554
118900083,47,36,11
118900084,12,32,-20
118900085,901,1980,-1079
118900086,75,106,-31
118900087,20,319,-299
118900088,0,24,-24
118900089,17,20,-3
118900090,717,692,25
118900091,250,262,-12
118900092,169,151,18
118900093,152,24,128
118900096,83,16,67
118900097,233,916,-683
118900099,141,415,-274
118900100,147,411,-264
118900101,223,952,-729
118900102,56,199,-143
118900103,67,210,-143
118900104,338,326,12
118900105,439,180,259
118900107,252,136,116
118900108,139,180,-41
118900109,1704,370,1334
118900110,2087,999,1088
118900111,632,870,-238
118900112,80,219,-139
118900113,119,879,-760
118900114,27,148,-121
118900115,175,624,-449
118900116,124,290,-166
118900117,124,244,-120
118900118,355,641,-286
118900119,163,394,-231
118900120,139,438,-299
118900121,35,325,-290
118900122,24,1163,-1139
118900123,149,365,-216
118900124,97,401,-304
118900126,23,515,-492
118900129,402,312,90
118900130,48,205,-157
118900131,168,392,-224
118900132,700,279,421
118900133,19,174,-155
118900135,338,400,-62
118900136,240,1039,-799
118900137,21,52,-31
118900139,364,714,-350
118900140,458,1101,-643
118900141,152,307,-155
118900144,163,749,-586
118900145,59,266,-207
118900146,430,1106,-676
118900147,380,145,235
118900148,96,63,33
118900150,197,693,-496
118900152,637,1190,-553
118900157,126,175,-49
118900158,107,99,8
118900159,4,320,-316
118900161,145,11,134
118900163,347,166,181
118900164,5,221,-216
118900165,69,449,-380
118900166,63,5,58
118900167,105,210,-105
118900168,10,203,-193
118900169,166,677,-511
118900170,200,242,-42
118900171,20,47,-27
118900174,87,108,-21
118900175,423,711,-288
118900176,182,352,-170
118900177,68,97,-29
118900178,91,238,-147
118900179,4,65,-61
118900181,143,98,45
118900182,165,78,87
118900183,33,181,-148
118900184,458,139,319
118900185,159,191,-32
118900186,128,126,2
118900187,314,390,-76
118900188,494,391,103
118900189,33,1060,-1027
118900190,19,706,-687
118900191,178,69,109
118900192,231,26,205
118900193,506,6,500
118900195,467,1239,-772
118900196,31,267,-236
118900197,142,123,19
118900198,41,48,-7
118900199,96,81,15
118900200,29,18,11
118900201,21,39,-18
118900202,18,91,-73
118900203,7,77,-70
118900204,14,61,-47
118900205,6,24,-18
118900206,7,39,-32
119000001,1976,2415,-439
119000002,6577,4744,1833
119000003,3234,1970,1264
119000004,3546,2317,1229
119000005,2390,3220,-830
119000006,3123,2397,726
119000007,5167,5089,78
119000008,3561,3055,506
119000009,4711,6565,-1854
119000010,10433,6151,4282
119000011,6996,4340,2656
119000012,6112,5274,838
119000013,2976,1877,1099
119000014,4557,5347,-790
119000019,337,242,95
119000020,2517,1917,600
119000021,5682,3519,2163
119000022,5425,3942,1483
119000023,438,468,-30
119000024,2630,13315,-10685
119000025,14578,2185,12393
119000026,255,396,-141
119000027,611,771,-160
119000028,3131,2431,700
119000029,189,468,-279
119000030,684,1632,-948
119000031,1156,984,172
119000032,3607,3638,-31
119000033,3134,2502,632
119000034,1511,1522,-11
119000035,42,468,-426
119000036,2004,1405,599
119000037,1511,3102,-1591
119000038,235,1595,-1360
119000039,286,498,-212
119000040,1386,738,648
119000041,1219,1753,-534
119000048,4510,4769,-259
119000049,2095,3783,-1688
119000050,2265,3358,-1093
119000051,2822,1406,1416
119000052,2623,4402,-1779
119000053,2326,1693,633
119000054,3575,5064,-1489
119000055,4488,5298,-810
119000056,2675,3258,-583
119000057,1933,3335,-1402
119000058,2564,3161,-597
119000059,1734,2570,-836
119000060,1810,1714,96
119000061,1289,1282,7
119000062,1642,1939,-297
119000063,617,530,87
119000064,2093,2570,-477
119000065,3071,5516,-2445
119000066,3791,1673,2118
119000067,2643,3660,-1017
119000068,2009,1683,326
119000069,2089,3930,-1841
119000070,2745,1413,1332
119000071,676,1073,-397
119000072,9885,5279,4606
119000073,10618,9864,754
119000074,1723,4348,-2625
119000075,2413,3555,-1142
119000076,1281,1280,1
119000077,2348,818,1530
119000078,731,336,395
119000079,199,870,-671
119000080,735,386,349
119000081,698,824,-126
119000082,1989,422,1567
119000083,682,567,115
119000084,402,790,-388
119000085,820,368,452
119000086,362,770,-408
119000087,2355,1588,767
119000088,351,390,-39
119000089,80,248,-168
119000090,150,243,-93
119000091,120,694,-574
119000092,753,295,458
119000093,5442,4410,1032
119000094,3483,8902,-5419
119000095,1954,3941,-1987
119000097,3191,2533,658
119000098,893,3166,-2273
119000099,3297,3133,164
119000100,4193,3760,433
119000101,7701,3265,4436
119000102,1523,1268,255
119000103,3023,798,2225
119000104,4143,2152,1991
119000105,1329,2310,-981
119000106,478,2364,-1886
119000107,1006,696,310
119000108,649,1383,-734
119000109,402,749,-347
119000110,1588,613,975
119000111,214,925,-711
119000112,423,216,207
119000113,5270,498,4772
119000114,1176,1572,-396
119000115,188,251,-63
119000116,233,170,63
119000117,203,539,-336
119000118,4,3,1
119000123,6790,1084,5706
119000124,974,333,641
119000125,3904,1386,2518
119000126,517,1064,-547
119000127,655,1114,-459
119000128,74,3,71
119000131,1120,1201,-81
119000132,4,7,-3
119000133,3,7,-4
119000134,3566,922,2644
119000135,118,308,-190
119000136,282,326,-44
119000137,169,553,-384
119000138,401,477,-76
119000139,347,361,-14
119000140,271,582,-311
119000284,1691,4401,-2710
119000285,2970,3459,-489
119000286,10435,8095,2340
119000287,2143,3445,-1302
119000288,2652,2195,457
119000289,3148,5415,-2267
119000290,260,840,-580
119000291,5,518,-513
119000293,111,183,-72
119000294,49,45,4
119000295,2905,828,2077
119000296,134,221,-87
119000302,3948,2266,1682
119000303,62,280,-218
119000314,2200,13028,-10828
119000315,0,772,-772
119000316,128,188,-60
119000317,95,410,-315
119900001,358,1881,-1523
119900002,231,398,-167
119900003,65,1617,-1552
119900004,539,1086,-547
119900005,228,160,68
119900006,333,781,-448
119900007,1296,240,1056
119900008,511,58,453
119900009,949,956,-7
119900010,4174,2045,2129
119900011,55,114,-59
119900012,14,151,-137
119900013,2795,1321,1474
119900014,1273,485,788
119900015,146,52,94
119900016,52,171,-119
119900017,32,52,-20
119900018,2927,1078,1849
119900019,58,5,53
119900020,217,219,-2
119900021,204,163,41
119900022,190,802,-612
119900023,1062,1346,-284
119900025,178,37,141
119900026,1388,173,1215
119900027,84,47,37
119900028,378,139,239
119900029,1,8,-7
119900030,721,670,51
119900031,128,495,-367
119900033,3663,418,3245
119900034,400,220,180
119900037,418,57,361
119900038,75,390,-315
119900039,53,11,42
119900040,310,31,279
119900041,197,69,128
119900042,273,275,-2
119900043,144,288,-144
119900044,393,896,-503
119900046,137,118,19
119900047,363,93,270
119900048,324,69,255
119900049,130,8,122
119900050,211,161,50
119900051,1048,47,1001
119900052,54,78,-24
119900053,190,317,-127
119900054,100,20,80
119900055,1551,589,962
119900057,170,138,32
119900058,265,5,260
119900059,317,95,222
119900060,242,10,232
119900061,383,10,373
119900062,86,49,37
119900063,46,79,-33
119900064,604,125,479
119900065,311,10,301
119900066,1,1,0
119900067,243,57,186
119900068,463,2,461
119900069,119,15,104
119900070,1395,65,1330
119900071,809,35,774
119900072,529,566,-37
119900073,2757,822,1935
119900074,112,50,62
119900075,8252,3811,4441
119900076,517,661,-144
119900077,887,1741,-854
119900078,566,1209,-643
119900079,285,419,-134
119900080,533,424,109
119900081,50,79,-29
119900082,1775,296,1479
119900083,509,206,303
119900084,1310,445,865
119900085,164,120,44
119900086,300,1227,-927
119900087,1089,459,630
119900088,70,95,-25
119900089,24,901,-877
119900090,250,120,130
119900091,124,1778,-1654
119900092,95,772,-677
119900093,1508,351,1157
119900094,80,286,-206
119900095,308,177,131
119900096,76,239,-163
119900097,1103,320,783
119900098,65,75,-10
119900099,40,397,-357
119900100,3793,4334,-541
119900101,367,2168,-1801
119900102,48,483,-435
119900103,44,686,-642
119900104,56,362,-306
119900105,2601,3140,-539
119900106,21,321,-300
119900107,541,4845,-4304
119900108,4342,959,3383
119900109,46,385,-339
119900110,758,1009,-251
119900111,133,592,-459
119900112,3205,819,2386
119900113,148,586,-438
119900114,293,2116,-1823
119900115,319,1726,-1407
119900116,199,811,-612
119900117,386,1333,-947
119900118,95,1508,-1413
119900119,228,384,-156
119900120,805,1020,-215
119900121,393,1850,-1457
119900122,712,623,89
119900123,354,715,-361
119900124,262,1611,-1349
119900125,88,527,-439
119900126,8187,480,7707
119900127,3564,1620,1944
119900128,628,1648,-1020
119900129,291,1091,-800
119900130,47,430,-383
119900131,76,470,-394
119900132,7,496,-489
119900133,74,110,-36
119900134,3325,458,2867
119900135,3,731,-728
119900136,205,645,-440
119900138,600,980,-380
119900139,170,145,25
119900140,1,199,-198
119900141,199,1095,-896
119900142,33,59,-26
119900143,20,309,-289
119900144,3065,417,2648
119900145,125,295,-170
119900146,292,364,-72
119900147,2,290,-288
119900148,258,115,143
119900149,2735,5856,-3121
119900150,231,293,-62
119900151,2952,1533,1419
119900152,148,714,-566
119900153,162,131,31
119900154,11,403,-392
119900155,68,54,14
119900156,21,13,8
119900157,227,428,-201
119900158,177,110,67
119900159,12,2671,-2659
119900160,37,401,-364
119900161,255,453,-198
119900162,968,1356,-388
119900163,236,240,-4
119900164,0,7,-7
119900165,255,399,-144
119900166,90,78,12
119900167,150,236,-86
119900168,997,783,214
119900169,232,515,-283
119900170,368,459,-91
119900171,1865,721,1144
119900172,241,39,202
119900173,11,795,-784
119900174,4,291,-287
119900175,1368,1152,216
119900177,86,331,-245
119900178,8,258,-250
119900179,88,476,-388
119900180,1197,1226,-29
119900181,111,161,-50
119900182,16,798,-782
119900183,219,1183,-964
119900184,4602,1085,3517
119900185,61,224,-163
119900186,158,1009,-851
119900187,27,697,-670
119900188,126,569,-443
119900189,759,623,136
119900190,81,424,-343
119900191,415,222,193
119900192,112,295,-183
119900193,338,316,22
119900194,48,119,-71
119900195,70,431,-361
119900196,2579,729,1850
119900197,321,218,103
119900198,272,512,-240
119900199,237,55,182
119900200,928,1003,-75
119900201,597,412,185
119900202,215,223,-8
119900203,269,649,-380
119900204,320,558,-238
119900205,765,890,-125
119900206,198,214,-16
119900208,333,282,51
119900209,733,1414,-681
119900210,52,75,-23
119900211,163,28,135
119900212,215,484,-269
119900213,8,110,-102
119900214,56,158,-102
119900215,61,127,-66
119900216,12,148,-136
119900217,19,100,-81
119900218,63,111,-48
119900219,19,234,-215
119900220,10,144,-134
119900221,45,451,-406
119900222,40,394,-354
119900223,31,187,-156
119900224,29,62,-33
119900225,1697,106,1591
119900226,966,2857,-1891
119900227,1856,606,1250
119900228,574,594,-20
119900229,480,716,-236
119900230,2622,1114,1508
119900231,281,381,-100
119900232,310,133,177
119900233,115,5,110
119900234,53,101,-48
119900235,37,91,-54
119900236,33,378,-345
119900237,74,942,-868
119900238,17,142,-125
119900240,137,238,-101
119900241,213,427,-214
119900242,2539,2678,-139
119900244,1153,3139,-1986
119900245,260,263,-3
119900246,584,637,-53
119900247,44,122,-78
119900248,111,210,-99
119900249,335,136,199
119900253,5876,752,5124
119900254,108,840,-732
119900255,227,890,-663
119900256,709,1607,-898
119900257,70,5,65
119900258,175,27,148
119900259,12,270,-258
119900260,125,6,119
119900261,413,354,59
119900262,4,400,-396
119900263,1597,731,866
119900264,152,352,-200
119900265,794,701,93
119900266,342,498,-156
119900267,444,880,-436
119900268,250,350,-100
119900269,1544,2350,-806
119900271,34,181,-147
119900272,566,137,429
119900275,141,12,129
119900276,99,3,96
119900277,19,16,3
119900278,544,96,448
119900279,185,431,-246
119900280,1282,288,994
119900281,1,265,-264
119900282,109,101,8
119900283,20,493,-473
119900284,74,619,-545
119900285,54,134,-80
119900286,8,45,-37
119900288,6,48,-42
119900289,0,67,-67
119900290,8,58,-50
119900291,1,89,-88
119900292,55,42,13
119900293,26,131,-105
119900294,43,168,-125
119900295,16,42,-26
119900296,40,353,-313
119900297,1,56,-55
119900298,20,15,5
119900299,76,361,-285
119900300,489,309,180
119900301,204,57,147
119900302,134,146,-12
119900303,297,371,-74
119900304,251,95,156
119900305,21,195,-174
119900306,26,3,23
119900307,46,202,-156
119900308,20,28,-8
119900309,37,166,-129
119900310,432,520,-88
119900311,93,207,-114
119900312,132,125,7
119900313,406,592,-186
119900314,192,529,-337
119900315,1796,4037,-2241
119900318,46,43,3
119900319,20,459,-439
119900320,176,909,-733
119900321,88,4,84
120000001,11085,20413,-9328
120000002,3246,3942,-696
120000003,4561,2421,2140
120000004,3453,3120,333
120000005,6163,3082,3081
120000006,1637,1841,-204
120000007,5532,3880,1652
120000008,1493,2011,-518
120000009,5642,1540,4102
120000010,2496,3917,-1421
120000011,1628,2996,-1368
120000012,2282,4570,-2288
120000013,3681,4164,-483
120000014,1147,2566,-1419
120000015,3646,2383,1263
120000016,4621,3821,800
120000017,5360,3837,1523
120000018,6277,14625,-8348
120000019,1116,2174,-1058
120000020,4175,4593,-418
120000021,2272,3443,-1171
120000022,4230,5407,-1177
120000023,1177,2447,-1270
120000024,1899,3441,-1542
120000025,2900,3397,-497
120000026,1766,2680,-914
120000027,2246,3009,-763
120000028,1644,923,721
120000029,12904,948,11956
120000030,1727,2536,-809
120000031,3124,21548,-18424
120000032,13062,6021,7041
120000033,5978,3153,2825
120000034,2272,3237,-965
120000035,2543,3408,-865
120000036,3280,7285,-4005
120000037,940,2218,-1278
120000038,12427,5149,7278
120000039,612,1400,-788
120000040,384,373,11
120000041,2060,2453,-393
120000042,2810,4659,-1849
120000043,7400,3365,4035
120000044,5976,2279,3697
120000045,6324,1655,4669
120000046,2880,4126,-1246
120000047,2408,7082,-4674
120000048,11941,5911,6030
120000049,4761,4125,636
120000050,5769,6654,-885
120000051,4533,7111,-2578
120000052,17226,3677,13549
120000053,1266,4679,-3413
120000054,1752,7338,-5586
120000055,2248,8238,-5990
120000056,5560,6437,-877
120000057,4007,1172,2835
120000058,3331,576,2755
120000059,132,2169,-2037
120000061,201,858,-657
120000062,276,595,-319
120000063,2516,4045,-1529
120000064,315,2102,-1787
120000065,1141,2775,-1634
120000066,559,769,-210
120000067,221,863,-642
120000068,205,1435,-1230
120000069,1027,2162,-1135
120000070,73,1250,-1177
120000071,457,284,173
120000072,763,773,-10
120000073,796,170,626
120000074,382,132,250
120000075,1275,430,845
120000076,2997,685,2312
120000077,2512,909,1603
120000078,4951,1581,3370
120000079,240,198,42
120000080,142,301,-159
120000081,582,350,232
120000082,220,274,-54
120000083,79,822,-743
120000084,577,611,-34
120000085,611,412,199
120000086,412,728,-316
120000087,230,1214,-984
120000088,1179,2046,-867
120000089,1408,1073,335
120000090,942,873,69
120000091,1386,1664,-278
120000092,1625,945,680
120000093,437,654,-217
120000094,174,973,-799
120000095,1326,763,563
120000096,293,1402,-1109
120000098,1307,1497,-190
120000099,607,1174,-567
120000100,903,1552,-649
120000101,667,683,-16
120000102,718,1026,-308
120000103,1795,1008,787
120000104,1972,629,1343
120000105,3306,845,2461
120000106,2674,863,1811
120000107,4145,940,3205
120000108,1327,199,1128
120000109,1545,127,1418
120000110,122,1380,-1258
120000111,183,1740,-1557
120000112,988,5605,-4617
120000113,806,3957,-3151
120000114,1250,4729,-3479
120000115,499,3733,-3234
120000116,937,3116,-2179
120000117,2026,2336,-310
120000118,42,34,8
120000119,28,95,-67
120000120,80,94,-14
120000121,39,68,-29
120000122,399,446,-47
120000123,9098,6461,2637
120000124,522,589,-67
120000125,608,1092,-484
120000126,616,1100,-484
120000127,3459,1262,2197
120000128,5187,4303,884
120000129,432,394,38
120000130,1169,1013,156
120000131,387,791,-404
120000134,603,1828,-1225
120000135,641,702,-61
120000137,308,2802,-2494
120000138,991,799,192
120000139,364,1550,-1186
120000140,828,1054,-226
120000141,660,849,-189
120000142,902,865,37
120000143,1,182,-181
120000144,159,3,156
120000145,398,3,395
120000146,2865,1405,1460
120000149,774,1718,-944
120000150,5843,16371,-10528
120000151,505,819,-314
120000152,602,480,122
120000153,354,1098,-744
120000154,573,758,-185
120000155,150,451,-301
120000156,1780,1205,575
120000157,1341,1328,13
120000158,1112,1436,-324
120000159,2542,3584,-1042
120000160,3011,2278,733
120000161,2574,3818,-1244
120000162,187,425,-238
120000163,787,1931,-1144
120000164,561,657,-96
120000165,558,1448,-890
120000166,1381,950,431
120000167,74,165,-91
120000168,33,428,-395
120000169,117,995,-878
120000170,135,556,-421
120000171,35,174,-139
120000172,71,124,-53
120000173,6686,713,5973
120000174,1589,27,1562
120000175,1539,40,1499
120000176,977,55,922
120000177,4624,250,4374
120000178,785,17,768
120000179,1141,70,1071
120000180,2015,210,1805
120000181,405,993,-588
120000182,204,437,-233
120000183,63,360,-297
120000184,267,1544,-1277
120000186,140,356,-216
120000187,121,116,5
120000188,886,184,702
120000190,3127,52,3075
120000191,3183,88,3095
120000192,2660,52,2608
120000193,1249,28,1221
120000195,173,9,164
120000196,653,166,487
120000197,277,536,-259
120000198,224,168,56
120000199,109,5,104
120000200,74,1,73
120000201,11,17,-6
120000202,1,75,-74
120000203,57,409,-352
120000207,6,114,-108
120000208,9,400,-391
120000209,4,88,-84
120000210,160,145,15
120000211,119,5,114
120000212,164,0,164
120000213,123,432,-309
120000214,5,557,-552
120000215,6,227,-221
120000216,99,13,86
120000217,935,1732,-797
120000218,232,1146,-914
120000219,21,733,-712
120000220,12,2540,-2528
120000225,1639,3,1636
120000226,482,2,480
120000227,1058,86,972
120000228,10655,4580,6075
120000230,363,22,341
120000231,1466,3288,-1822
120000233,399,18,381
120000235,222,1149,-927
120000236,1400,4,1396
120000237,8,2923,-2915
120000238,3,538,-535
120000241,1556,5379,-3823
120000412,1943,49,1894
120000413,305,565,-260
120000414,125,5,120
120000415,2,305,-303
120000416,284,11,273
120000417,14,230,-216
120000418,139,11,128
120000419,26,596,-570
120000420,108,46,62
120000421,18532,9024,9508
120000422,202,1056,-854
120000423,6,96,-90
120000424,79,251,-172
120000436,160,814,-654
120000437,258,235,23
120000438,5767,443,5324
120000439,236,602,-366
120000443,165,1,164
120000444,1773,1269,504
120000445,2572,1853,719
120000446,1226,315,911
120000447,233,8,225
120000449,138,11,127
120000450,4,422,-418
120000451,229,380,-151
120000452,108,1,107
120000453,1,921,-920
120000454,103,86,17
120000455,111,95,16
120000456,3687,5613,-1926
120000457,2175,1239,936
120000458,916,1159,-243
120000459,113,165,-52
120000665,4533,367,4166
120000668,199,590,-391
120000669,92,337,-245
120000670,481,606,-125
120000671,2050,574,1476
120000672,128,691,-563
120900001,80,104,-24
120900002,729,618,111
120900003,607,82,525
120900004,10,112,-102
120900005,11,1327,-1316
120900006,357,324,33
120900007,189,194,-5
120900008,261,1763,-1502
120900009,708,56,652
120900010,617,132,485
120900011,487,203,284
120900012,1095,1661,-566
120900013,408,123,285
120900014,2,1054,-1052
120900015,1254,126,1128
120900016,876,103,773
120900017,4360,155,4205
120900018,159,809,-650
120900019,939,314,625
120900020,978,1632,-654
120900021,818,220,598
120900022,42,517,-475
120900023,284,81,203
120900024,2439,802,1637
120900025,2883,1636,1247
120900026,299,344,-45
120900027,1883,78,1805
120900028,440,90,350
120900029,266,462,-196
120900030,1418,1042,376
120900031,287,123,164
120900032,1009,247,762
120900033,1095,173,922
120900034,71,3691,-3620
120900035,73,277,-204
120900037,203,21,182
120900038,84,258,-174
120900039,144,66,78
120900040,338,7,331
120900041,193,40,153
120900042,586,81,505
120900043,78,19,59
120900044,11,766,-755
120900045,227,231,-4
120900046,569,6,563
120900047,141,76,65
120900048,119,46,73
120900049,413,2,411
120900050,4463,1813,2650
120900051,365,229,136
120900052,759,12,747
120900053,345,154,191
120900054,2257,1166,1091
120900055,297,3,294
120900056,616,22,594
120900057,158,41,117
120900058,538,2,536
120900059,98,6,92
120900060,91,67,24
120900061,338,566,-228
120900062,176,1,175
120900063,556,8,548
120900064,584,3,581
120900065,491,7,484
120900066,297,414,-117
120900067,205,55,150
120900068,303,0,303
120900069,262,85,177
120900071,29,1,28
120900072,741,3,738
120900073,488,374,114
120900074,780,19,761
120900076,1303,2,1301
120900077,5981,576,5405
120900078,992,1553,-561
120900079,862,196,666
120900080,813,3042,-2229
120900081,997,1786,-789
120900082,919,654,265
120900083,1382,84,1298
120900084,337,510,-173
120900085,170,227,-57
120900086,166,383,-217
120900087,551,326,225
120900088,276,501,-225
120900089,6209,3240,2969
120900090,207,327,-120
120900091,723,962,-239
120900092,1900,1046,854
120900093,4376,413,3963
120900094,771,351,420
120900095,809,47,762
120900096,87,336,-249
120900097,1017,1278,-261
120900098,453,337,116
120900099,107,124,-17
120900100,168,435,-267
120900101,1128,534,594
120900102,35,290,-255
120900103,74,273,-199
120900104,29,86,-57
120900105,74,824,-750
120900106,2067,958,1109
120900107,388,258,130
120900108,8,1003,-995
120900109,92,1053,-961
120900110,38,2473,-2435
120900111,239,569,-330
120900112,6,1518,-1512
120900113,27,1313,-1286
120900114,69,191,-122
120900115,249,291,-42
120900116,469,779,-310
120900117,2,823,-821
120900118,27,1229,-1202
120900119,5123,13324,-8201
120900120,110,883,-773
120900121,354,902,-548
120900122,551,893,-342
120900123,4,790,-786
120900124,4,1025,-1021
120900125,6,1548,-1542
120900126,2282,2026,256
120900127,32,790,-758
120900128,1434,2065,-631
120900129,62,552,-490
120900130,7,456,-449
120900131,54,110,-56
120900132,1145,699,446
120900133,306,1646,-1340
120900134,1073,655,418
120900135,21,963,-942
120900136,157,90,67
120900137,309,226,83
120900138,37,294,-257
120900139,12,1139,-1127
120900140,4,127,-123
120900141,328,284,44
120900142,40,955,-915
120900143,3,1512,-1509
120900144,3,274,-271
120900145,404,1257,-853
120900146,1,1652,-1651
120900147,2,674,-672
120900148,146,228,-82
120900149,1,473,-472
120900150,49,945,-896
120900151,5,1054,-1049
120900152,0,72,-72
120900153,28,185,-157
120900154,1,424,-423
120900155,266,1512,-1246
120900156,53,532,-479
120900157,112,442,-330
120900158,65,894,-829
120900159,87,336,-249
120900160,74,831,-757
120900161,65,854,-789
120900162,53,844,-791
120900163,73,624,-551
120900164,0,4,-4
120900165,8,12,-4
120900166,292,356,-64
120900167,689,199,490
120900169,97,745,-648
120900170,2812,3309,-497
120900171,1844,561,1283
120900172,4992,594,4398
120900173,1,86,-85
120900174,17,197,-180
120900175,402,362,40
120900176,28,519,-491
120900177,6,1516,-1510
120900178,3,774,-771
120900179,1394,807,587
120900180,231,198,33
120900181,139,116,23
120900182,36,1245,-1209
120900183,369,178,191
120900184,173,128,45
120900185,28,692,-664
120900186,1,750,-749
120900187,703,1514,-811
120900188,184,32,152
120900189,234,1154,-920
120900190,60,31,29
120900191,4,37,-33
120900192,17534,8373,9161
120900194,44,130,-86
120900195,244,420,-176
120900196,1801,114,1687
120900197,789,148,641
120900198,390,876,-486
120900199,585,2610,-2025
120900200,126,207,-81
120900201,800,267,533
120900202,3,347,-344
120900203,37,141,-104
120900204,164,426,-262
120900205,98,94,4
120900206,14,33,-19
121000001,1464,1499,-35
121000002,4315,3095,1220
121000003,5277,2936,2341
121000004,4816,9269,-4453
121000005,3201,4198,-997
121000006,5985,2464,3521
121000007,4766,3694,1072
121000008,11482,5782,5700
121000009,8854,8646,208
121000010,13427,10626,2801
121000011,13789,20878,-7089
121000012,23903,16413,7490
121000013,7033,11238,-4205
121000014,9643,9630,13
121000015,7757,11188,-3431
121000016,6549,5995,554
121000017,3330,5547,-2217
121000018,3527,2915,612
121000019,28656,16156,12500
121000020,18707,20772,-2065
121000021,5499,4772,727
121000022,4552,3716,836
121000023,6471,4849,1622
121000024,7363,7369,-6
121000025,857,2185,-1328
121000026,394,254,140
121000027,2055,1647,408
121000028,1143,725,418
121000029,1557,1009,548
121000030,917,689,228
121000031,1368,1018,350
121000032,478,129,349
121000034,847,285,562
121000035,424,175,249
121000036,2034,1553,481
121000037,1095,748,347
121000038,901,1185,-284
121000039,643,743,-100
121000041,928,819,109
121000042,388,538,-150
121000043,1154,858,296
121000044,2398,1254,1144
121000045,775,446,329
121000046,958,1408,-450
121000047,164,153,11
121000049,3239,981,2258
121000050,496,1621,-1125
121000051,1319,464,855
121000052,826,953,-127
121000053,650,154,496
121000054,58,452,-394
121000055,1851,1389,462
121000056,1196,1498,-302
121000057,486,807,-321
121000058,483,216,267
121000059,2785,1994,791
121000060,686,1319,-633
121000061,261,281,-20
121000062,265,599,-334
121000063,1052,779,273
121000064,743,871,-128
121000065,665,590,75
121000066,382,420,-38
121000067,1204,722,482
121000068,1280,644,636
121000069,2077,997,1080
121000070,2906,1826,1080
121000071,2578,1968,610
121000072,2908,1077,1831
121000073,2237,1264,973
121000074,402,207,195
121000075,190,566,-376
121000076,2178,651,1527
121000077,218,251,-33
121000078,226,220,6
121000080,3571,1017,2554
121000081,6714,5214,1500
121000082,126,302,-176
121000083,329,212,117
121000084,276,168,108
121000085,316,724,-408
121000086,215,1162,-947
121000087,89,491,-402
121000088,608,933,-325
121000089,625,553,72
121000090,682,557,125
121000091,2009,1170,839
121000092,222,104,118
121000093,177,324,-147
121000094,688,1132,-444
121000095,443,830,-387
121000096,2818,3558,-740
121000097,1651,2992,-1341
121000098,888,1714,-826
121000099,939,1251,-312
121000100,1339,777,562
121000101,590,442,148
121000102,444,514,-70
121000103,371,398,-27
121000104,596,276,320
121000105,564,456,108
121000106,398,596,-198
121000107,3176,4989,-1813
121000109,1999,1574,425
121000110,501,935,-434
121000114,3888,2739,1149
121000115,1283,1128,155
121000116,367,1309,-942
121000117,1215,331,884
121000118,1893,375,1518
121000119,592,526,66
121000120,420,733,-313
121000121,916,1821,-905
121000123,2885,836,2049
121000126,241,469,-228
121000127,414,183,231
121000128,1168,784,384
121000129,1150,835,315
121000130,747,1406,-659
121000131,3908,2767,1141
121000132,2385,2228,157
121000135,755,1236,-481
121000136,3408,955,2453
121000137,664,311,353
121000138,2275,1113,1162
121000139,1223,280,943
121000141,437,270,167
121000142,1164,1272,-108
121000143,191,28,163
121000144,1570,2315,-745
121000145,903,1692,-789
121000146,2030,1270,760
121000147,1393,832,561
121000148,1582,1735,-153
121000149,2904,1867,1037
121000152,833,1016,-183
121000153,2813,1145,1668
121000154,1364,1244,120
121000155,1925,1805,120
121000156,562,1661,-1099
121000157,1764,3247,-1483
121000158,514,860,-346
121000159,231,679,-448
121000160,426,769,-343
121000161,265,525,-260
121000162,181,337,-156
121000165,2578,2468,110
121000166,36,635,-599
121000168,547,488,59
121000169,96,275,-179
121000170,458,324,134
121000171,126,313,-187
121000172,1049,760,289
121000173,2450,1530,920
121000174,450,614,-164
121000175,1272,609,663
121000176,492,336,156
121000177,1827,956,871
121000178,179,88,91
121000179,75,75,0
121000181,559,589,-30
121000182,162,262,-100
121000183,112,119,-7
121000184,223,120,103
121000185,52,217,-165
121000186,309,778,-469
121000187,247,335,-88
121000188,222,343,-121
121000192,1082,643,439
121000193,1040,738,302
121000194,3651,3222,429
121000195,533,1260,-727
121000196,913,282,631
121000197,492,1111,-619
121000198,709,138,571
121000199,334,556,-222
121000200,1207,88,1119
121000201,11,294,-283
121000202,246,14,232
121000203,1483,3393,-1910
121000204,4171,1206,2965
121000205,408,418,-10
121000206,478,34,444
121000207,3073,609,2464
121000208,8,663,-655
121000209,501,542,-41
121000210,583,729,-146
121000211,514,260,254
121000212,509,1066,-557
121000213,12978,4166,8812
121000214,1137,4778,-3641
121000215,1736,1200,536
121000216,920,1176,-256
121000217,8661,4933,3728
121000218,701,2262,-1561
121000219,2999,712,2287
121000220,374,60,314
121000221,311,309,2
121000222,3986,3193,793
121000223,1263,502,761
121000224,617,250,367
121000225,4339,1789,2550
121000226,13869,2025,11844
121000227,15,245,-230
121000228,37,949,-912
121000229,433,522,-89
121000230,69,2127,-2058
121000231,1221,56,1165
121000232,439,382,57
121000233,726,506,220
121000234,60,39,21
121000235,156,83,73
121000236,8,87,-79
121000237,64,30,34
121000238,7,153,-146
121000239,43,4,39
121000240,12,370,-358
121000241,140,13,127
121000242,64,293,-229
121000243,539,167,372
121000244,9,86,-77
121000245,135,27,108
121000246,1,120,-119
121000247,126,6,120
121000248,1668,651,1017
121000249,248,383,-135
121000250,1176,243,933
121000251,37,666,-629
121000252,116,120,-4
121000253,423,612,-189
121000254,993,409,584
121000255,712,243,469
121000256,1027,371,656
121000257,186,145,41
121000258,466,69,397
121000259,237,126,111
121000260,483,204,279
121000261,457,94,363
121000262,1325,1446,-121
121000263,741,578,163
121000271,353,2223,-1870
121000273,338,7,331
121000274,30,71,-41
121000275,6,39,-33
121000276,10,34,-24
121000278,124,80,44
121000279,111,17,94
121000280,384,68,316
121000289,327,23,304
121000290,1744,1063,681
121000294,210,340,-130
121000297,1292,2046,-754
121000299,820,407,413
121000300,989,1155,-166
121000302,123,1657,-1534
121000303,820,659,161
121000304,661,99,562
121000305,222,81,141
121000306,142,192,-50
121000308,214,714,-500
121000309,750,848,-98
121000310,198,510,-312
121000311,128,1357,-1229
121000312,562,383,179
121000313,713,964,-251
121000314,151,162,-11
121000315,66,103,-37
121000530,1877,2076,-199
121000531,2666,2289,377
121000532,9187,9097,90
121000533,3870,4331,-461
121000918,213,223,-10
121000919,131,78,53
121000938,360,311,49
121000939,398,323,75
121000956,1374,2267,-893
121000957,7,10,-3
121000958,270,70,200
121000959,932,1265,-333
121000960,2476,3128,-652
121000961,278,194,84
121000962,366,1282,-916
121000973,0,189,-189
121000976,28,320,-292
121000979,645,268,377
121000981,459,324,135
121000982,420,275,145
121000983,503,587,-84
121000984,108,84,24
121000985,691,980,-289
121000986,518,339,179
121000987,383,1894,-1511
121000988,922,238,684
121001302,509,199,310
121001308,11,9,2
121001309,281,207,74
121001313,611,324,287
121001314,3807,5231,-1424
121001315,6107,3464,2643
121900001,176,249,-73
121900002,294,43,251
121900003,606,25,581
121900004,213,586,-373
121900005,36,18,18
121900006,85,11,74
121900007,3064,4054,-990
121900008,4331,1052,3279
121900009,970,27,943
121900010,295,2,293
121900011,439,590,-151
121900012,39,0,39
121900013,2676,68,2608
121900014,1933,574,1359
121900015,214,310,-96
121900016,11,55,-44
121900017,1052,761,291
121900018,435,21,414
121900019,563,415,148
121900020,56,2,54
121900021,1124,13,1111
121900022,287,345,-58
121900023,193,584,-391
121900024,518,141,377
121900025,755,561,194
121900026,637,88,549
121900027,626,276,350
121900028,436,34,402
121900029,240,267,-27
121900030,852,947,-95
121900031,1689,10069,-8380
121900032,197,156,41
121900033,225,237,-12
121900034,684,140,544
121900035,3998,3103,895
121900036,131,460,-329
121900037,277,892,-615
121900038,59,286,-227
121900039,634,39,595
121900040,81,107,-26
121900041,131,220,-89
121900042,560,190,370
121900043,4,18,-14
121900044,308,115,193
121900046,494,463,31
121900047,277,100,177
121900048,75,263,-188
121900050,37,62,-25
121900051,229,226,3
121900052,216,78,138
121900053,1037,637,400
121900054,678,1356,-678
121900055,4,29,-25
121900058,358,280,78
121900059,524,254,270
121900060,194,441,-247
121900061,474,286,188
121900062,236,181,55
121900063,2838,440,2398
121900064,407,940,-533
121900066,102,43,59
121900067,82,84,-2
121900069,197,155,42
121900070,599,183,416
121900071,325,422,-97
121900072,46,222,-176
121900073,358,309,49
121900074,1152,1497,-345
121900075,1187,530,657
121900076,1255,879,376
121900077,34,69,-35
121900078,131,56,75
121900079,0,0,0
121900080,1326,758,568
121900082,44,188,-144
121900084,19,309,-290
121900085,3,27,-24
121900086,15,91,-76
121900087,237,143,94
121900088,3081,5084,-2003
121900089,222,519,-297
121900090,46,173,-127
121900091,69,227,-158
121900092,191,175,16
121900093,89,108,-19
121900094,10,4,6
121900095,276,201,75
121900096,2048,1286,762
121900097,760,278,482
121900098,9,15,-6
121900099,273,105,168
121900100,440,643,-203
121900101,240,188,52
121900102,12,211,-199
121900103,1454,339,1115
121900104,2023,426,1597
121900105,329,317,12
121900106,11,12,-1
121900107,73,61,12
121900108,1,53,-52
121900109,511,198,313
121900110,595,1483,-888
121900111,1939,176,1763
121900112,322,171,151
121900113,115,751,-636
121900114,106,152,-46
121900115,235,463,-228
121900117,960,83,877
121900118,3522,852,2670
121900119,269,160,109
121900120,49,2081,-2032
121900121,833,63,770
121900122,53,132,-79
121900123,292,623,-331
121900124,169,259,-90
121900125,2249,1755,494
121900127,11,124,-113
121900128,128,189,-61
121900129,968,223,745
121900130,185,304,-119
121900131,610,133,477
121900132,111,167,-56
121900133,89,661,-572
121900134,35,199,-164
121900135,3726,509,3217
121900136,463,584,-121
121900137,81,554,-473
121900138,210,436,-226
121900139,477,521,-44
121900140,99,315,-216
121900141,77,39,38
121900142,200,241,-41
121900143,19,287,-268
121900144,192,350,-158
121900145,312,407,-95
121900146,1044,1237,-193
121900147,71,221,-150
121900148,228,383,-155
121900149,560,1093,-533
121900150,81,166,-85
121900151,96,305,-209
121900152,110,225,-115
121900153,173,996,-823
121900154,18,308,-290
121900155,2,273,-271
121900156,252,138,114
121900157,6,588,-582
121900158,128,144,-16
121900159,1,357,-356
121900160,20,395,-375
121900161,488,550,-62
121900162,105,219,-114
121900163,314,988,-674
121900164,714,249,465
121900165,405,230,175
121900166,366,276,90
121900167,199,167,32
121900168,282,284,-2
121900169,5,363,-358
121900170,6,312,-306
121900171,1073,902,171
121900172,773,366,407
121900173,1543,380,1163
121900174,45,115,-70
121900175,298,211,87
121900176,954,2109,-1155
121900177,252,101,151
121900179,635,236,399
121900180,6838,5960,878
121900182,1171,407,764
121900183,1195,1066,129
121900184,73,995,-922
121900186,13,416,-403
121900187,98,228,-130
121900188,673,644,29
121900189,33,176,-143
121900190,375,824,-449
121900191,155,322,-167
121900192,452,769,-317
121900194,7,235,-228
121900195,147,138,9
121900196,1419,1921,-502
121900197,501,2322,-1821
121900198,1277,1531,-254
121900199,3,46,-43
121900200,143,329,-186
121900201,1793,1107,686
121900202,187,1046,-859
121900203,320,1384,-1064
121900204,1298,1836,-538
121900205,248,357,-109
121900206,17,31,-14
121900207,220,49,171
121900208,201,397,-196
121900209,103,53,50
121900210,1919,1599,320
121900211,42,191,-149
121900212,243,198,45
121900213,215,103,112
121900214,15,1107,-1092
121900215,103,272,-169
121900216,66,214,-148
121900217,294,181,113
121900218,335,635,-300
121900219,448,87,361
121900220,207,19,188
121900221,352,1053,-701
121900222,327,230,97
121900223,275,108,167
121900224,164,106,58
121900225,340,173,167
121900226,499,2340,-1841
121900227,319,733,-414
121900228,340,526,-186
121900229,341,402,-61
121900230,211,562,-351
121900231,1057,3104,-2047
121900232,568,599,-31
121900233,366,319,47
121900234,750,486,264
121900235,833,317,516
121900236,611,207,404
121900237,226,296,-70
121900238,194,467,-273
121900239,280,71,209
121900240,309,179,130
121900241,71,102,-31
121900242,11,0,11
121900243,19,0,19
121900244,67,3,64
121900245,239,153,86
121900246,2903,555,2348
121900247,464,382,82
121900248,2059,1550,509
121900250,333,416,-83
121900251,455,88,367
121900252,920,202,718
121900253,150,1055,-905
121900254,589,394,195
121900255,296,145,151
121900258,4577,3168,1409
121900259,541,986,-445
121900260,242,313,-71
121900261,202,767,-565
121900262,542,1665,-1123
121900263,320,423,-103
121900264,3161,2651,510
121900265,424,428,-4
121900266,599,256,343
121900267,102,49,53
121900269,390,933,-543
121900270,39,328,-289
121900271,66,249,-183
121900273,799,2800,-2001
121900274,452,321,131
121900276,1183,204,979
121900277,738,1687,-949
121900278,294,1225,-931
121900279,282,228,54
121900280,453,516,-63
121900281,1428,635,793
121900284,168,31,137
121900286,688,209,479
121900287,60,48,12
121900290,348,424,-76
121900291,556,849,-293
121900292,265,170,95
121900293,1342,3763,-2421
121900294,342,6,336
121900295,179,348,-169
121900296,189,318,-129
121900298,722,908,-186
121900299,11,0,11
121900300,133,3,130
121900301,83,10,73
121900302,1,154,-153
121900303,835,616,219
121900304,0,4,-4
121900305,5,11,-6
121900306,74,4,70
121900307,30,42,-12
121900308,45,406,-361
121900309,33,398,-365
121900310,39,640,-601
121900311,427,57,370
121900312,363,45,318
121900313,296,48,248
121900314,7,98,-91
121900315,13,3,10
121900316,0,13,-13
121900317,8,4,4
121900318,4,30,-26
121900319,26,135,-109
121900320,82,172,-90
121900321,28,1,27
121900322,1,57,-56
121900323,8,13,-5
121900324,16,77,-61
121900325,17,1,16
121900326,0,15,-15
121900327,6,95,-89
121900328,0,46,-46
121900329,4,355,-351
121900330,3,27,-24
121900331,63,19,44
121900332,143,62,81
122000001,3603,5876,-2273
122000002,6956,2398,4558
122000003,3478,3325,153
122000004,4829,2176,2653
122000005,3740,2116,1624
122000006,2757,1011,1746
122000007,1677,2199,-522
122000008,6711,7522,-811
122000009,524,514,10
122000010,2930,3947,-1017
122000011,4343,2050,2293
122000012,1635,1670,-35
122000013,2386,1523,863
122000014,2145,2207,-62
122000015,1926,1520,406
122000016,700,1113,-413
122000017,1463,1653,-190
122000018,1997,1513,484
122000019,1017,1668,-651
122000020,357,302,55
122000021,575,675,-100
122000022,1932,1606,326
122000023,844,3339,-2495
122000024,1078,1336,-258
122000025,2535,2192,343
122000026,1680,1354,326
122000027,717,4470,-3753
122000028,970,637,333
122000029,670,490,180
122000030,511,202,309
122000031,217,287,-70
122000032,2120,3419,-1299
122000033,1162,1237,-75
122000034,1124,893,231
122000035,432,1150,-718
122000036,827,836,-9
122000037,466,414,52
122000038,419,559,-140
122000039,896,804,92
122000040,423,683,-260
122000041,609,718,-109
122000042,457,634,-177
122000043,215,145,70
122000044,169,199,-30
122000045,1953,647,1306
122000046,981,1256,-275
122000047,368,271,97
122000048,5043,6917,-1874
122000049,8929,4144,4785
122000050,2320,932,1388
122000051,458,390,68
122000052,732,476,256
122000053,212,839,-627
122000054,3193,2836,357
122000055,2745,3629,-884
122000056,7092,5063,2029
122000057,4917,4677,240
122000058,4376,1580,2796
122000059,4400,2032,2368
122000060,1277,843,434
122000061,651,527,124
122000062,1515,442,1073
122000063,2802,941,1861
122000064,4997,3291,1706
122000065,7529,3431,4098
122000066,1597,1225,372
122000067,2943,1861,1082
122000068,2189,2177,12
122000069,958,969,-11
122000070,1058,4273,-3215
122000071,1975,2108,-133
122000072,448,457,-9
122000073,486,643,-157
122000074,3299,2113,1186
122000075,926,1821,-895
122000076,2555,1575,980
122000077,2592,944,1648
122000078,3689,2831,858
122000079,3401,1474,1927
122000080,1381,493,888
122000081,279,460,-181
122000082,1994,1150,844
122000083,2187,3529,-1342
122000084,1833,1158,675
122000085,422,2614,-2192
122000086,3226,6810,-3584
122000087,669,291,378
122000088,531,557,-26
122000089,9129,4074,5055
122000090,383,682,-299
122000091,612,99,513
122000092,283,25,258
122000093,2692,1548,1144
122000094,10718,2972,7746
122000095,5195,4326,869
122000096,3748,2568,1180
122000098,4816,2419,2397
122000099,3966,924,3042
122000100,1535,977,558
122000101,367,1405,-1038
122000102,2681,1585,1096
122000103,2641,2082,559
122000104,713,288,425
122000105,1027,378,649
122000106,874,703,171
122000107,1220,647,573
122000108,587,1035,-448
122000109,464,428,36
122000110,577,640,-63
122000111,3341,1819,1522
122000112,1059,1965,-906
122000113,746,993,-247
122000114,5763,2094,3669
122000115,2104,2569,-465
122000116,836,774,62
122000117,2546,671,1875
122000118,829,1234,-405
122000119,6159,4625,1534
122000120,4161,9226,-5065
122000121,4386,5451,-1065
122000122,1128,2828,-1700
122000123,3104,3134,-30
122000124,1534,1124,410
122000125,1114,1126,-12
122000126,1015,2238,-1223
122000127,1768,2265,-497
122000128,733,1340,-607
122000129,596,1998,-1402
122000130,5779,2710,3069
122000131,2906,3131,-225
122000132,1114,1085,29
122000133,1533,2502,-969
122000134,1315,1281,34
122000135,1080,1167,-87
122000136,1749,1078,671
122000137,2461,1545,916
122000139,2055,4868,-2813
122000140,1577,714,863
122000141,6500,1593,4907
122000142,587,1163,-576
122000143,798,1194,-396
122000144,2546,3380,-834
122000145,2250,1375,875
122000146,1141,2015,-874
122000147,1150,710,440
122000148,2870,2153,717
122000149,3203,2319,884
122000150,1854,1587,267
122000151,400,601,-201
122000152,598,681,-83
122000153,580,606,-26
122000154,418,274,144
122000155,2324,3695,-1371
122000156,2860,2839,21
122000157,2385,2006,379
122000158,548,1265,-717
122000159,1383,3646,-2263
122000160,8436,5387,3049
122000161,2006,1922,84
122000162,3486,2970,516
122000163,338,124,214
122000164,54,91,-37
122000165,1668,901,767
122000166,2025,1613,412
122000167,289,285,4
122000168,287,626,-339
122000169,644,298,346
122000170,428,345,83
122000171,63,89,-26
122000172,1977,1912,65
122000173,1881,3115,-1234
122000174,4196,1024,3172
122000175,1721,474,1247
122000176,355,923,-568
122000177,2607,1560,1047
122000178,4512,3968,544
122000179,2543,3362,-819
122000180,2404,1833,571
122000181,2109,4519,-2410
122000182,2859,2433,426
122000183,2478,1596,882
122000184,3466,2839,627
122000185,1652,1758,-106
122000186,656,944,-288
122000187,3017,1625,1392
122000188,482,275,207
122000189,435,426,9
122000190,1682,1548,134
122000191,1660,1134,526
122000192,1800,483,1317
122000193,613,847,-234
122000194,1085,230,855
122000195,275,615,-340
122000196,1818,802,1016
122000197,744,841,-97
122000198,651,1149,-498
122000199,485,445,40
122000200,1596,1059,537
122000201,1714,1638,76
122000202,1801,1535,266
122000203,5025,2082,2943
122000204,2697,2820,-123
122000205,2022,2075,-53
122000206,3303,1224,2079
122000207,2831,1804,1027
122000208,4286,2097,2189
122000209,3380,492,2888
122000210,3661,2556,1105
122000211,2610,1573,1037
122000212,1198,1056,142
122000213,1485,2493,-1008
122000214,2956,2305,651
122000215,2730,2177,553
122000217,3331,1848,1483
122000218,1074,109,965
122000219,1699,1370,329
122000220,549,990,-441
122000221,158,591,-433
122000222,826,259,567
122000223,2382,696,1686
122000225,1493,411,1082
122000226,3734,2748,986
122000227,635,4022,-3387
122000228,579,537,42
122000229,59,651,-592
122000230,106,868,-762
122000231,579,1230,-651
122000232,1244,995,249
122000233,0,97,-97
122000234,468,237,231
122000235,2845,310,2535
122000236,1543,234,1309
122000237,207,131,76
122000238,516,515,1
122000239,1145,265,880
122000240,1628,855,773
122000241,1447,467,980
122000242,1182,148,1034
122000243,76,66,10
122000244,31,389,-358
122000245,102,131,-29
122000246,1437,119,1318
122000247,1119,351,768
122000248,1526,2397,-871
122000249,2180,1756,424
122000250,3977,2599,1378
122000251,388,626,-238
122000252,861,283,578
122000253,51,477,-426
122000254,462,170,292
122000255,1138,2230,-1092
122000256,527,1598,-1071
122000257,316,505,-189
122000258,398,398,0
122000259,23,718,-695
122000260,8,134,-126
122000261,5,283,-278
122000262,0,71,-71
122000263,317,164,153
122000264,1587,727,860
122000265,4040,1266,2774
122000266,8212,879,7333
122000267,341,163,178
122000268,337,595,-258
122000269,1498,478,1020
122000270,1814,223,1591
122000271,486,1535,-1049
122000272,575,1566,-991
122000273,662,607,55
122000274,308,265,43
122000275,313,264,49
122000276,1218,886,332
122000277,1942,1985,-43
122000278,3138,1545,1593
122000279,320,757,-437
122000280,1188,1167,21
122000281,1132,1161,-29
122000282,355,234,121
122000283,1210,131,1079
122000284,313,131,182
122000285,945,180,765
122000286,275,222,53
122000287,2749,2120,629
122000288,1208,372,836
122000291,2464,1205,1259
122000293,431,383,48
122000294,186,351,-165
122000295,2074,227,1847
122000296,57,973,-916
122000297,4526,3958,568
122000299,539,658,-119
122000300,608,908,-300
122000301,18067,4429,13638
122000302,1274,2254,-980
122000303,5804,1942,3862
122000304,139,412,-273
122000305,1532,543,989
122000306,26,1085,-1059
122000307,352,176,176
122000309,207,78,129
122000310,61,80,-19
122000311,421,192,229
122000312,213,166,47
122000313,135,129,6
122000314,198,360,-162
122000315,378,52,326
122000316,948,312,636
122000317,1776,355,1421
122000318,396,1174,-778
122000319,339,662,-323
122000320,545,2709,-2164
122000321,232,307,-75
122000322,3431,3231,200
122000323,1966,2709,-743
122000324,1777,1633,144
122000325,1362,1704,-342
122000326,80,194,-114
122000327,1098,1611,-513
122000328,1732,1163,569
122000330,3360,1339,2021
122000332,573,539,34
122000333,15,175,-160
122000337,1367,2311,-944
122000338,615,682,-67
122000340,605,538,67
122000342,2607,1381,1226
122000343,521,633,-112
122000344,91,47,44
122000345,358,73,285
122000346,601,681,-80
122000348,828,1106,-278
122000349,199,849,-650
122000351,181,282,-101
122000352,630,179,451
122000353,103,156,-53
122000355,229,299,-70
122000356,2527,1219,1308
122000357,183,33,150
122000358,0,90,-90
122000359,0,60,-60
122000360,0,84,-84
122000362,16,140,-124
122000364,225,564,-339
122000365,12,81,-69
122000366,10,14,-4
122000368,627,1005,-378
122000370,37,105,-68
122000371,43,0,43
122000372,40,4,36
122000381,95,529,-434
122000382,94,340,-246
122000384,5511,2476,3035
122000385,125,0,125
122000386,1013,1886,-873
122000387,1089,696,393
122000388,2408,1090,1318
122000389,260,852,-592
122000390,784,374,410
122000391,488,192,296
122000392,277,294,-17
122000393,299,206,93
122000394,855,510,345
122000395,335,254,81
122000396,481,199,282
122000397,78,99,-21
122000398,52,80,-28
122000399,226,111,115
122000400,191,555,-364
122000401,172,112,60
122000402,481,150,331
122000403,867,1581,-714
122000404,240,482,-242
122000408,1172,1792,-620
122000503,14,216,-202
122000524,236,180,56
122000544,140,5338,-5198
122000616,586,7,579
122000640,78,279,-201
122000641,141,548,-407
122000642,2491,1482,1009
122000643,78,207,-129
122000644,347,35,312
122000645,135,316,-181
122000651,3175,1040,2135
122000664,218,78,140
122000665,1660,752,908
122000666,837,1564,-727
122000673,45,402,-357
122000674,162,99,63
122000675,2490,1671,819
122000686,719,1861,-1142
122000687,2445,467,1978
122000688,323,1183,-860
122000689,1112,1031,81
122000690,2061,908,1153
122000691,761,3065,-2304
122000692,2000,569,1431
122000693,636,2960,-2324
122000695,354,746,-392
122000696,398,495,-97
122000698,456,1200,-744
122000699,317,225,92
122000701,1911,545,1366
122000702,683,2017,-1334
122000703,197,91,106
122000717,219,72,147
122000718,464,917,-453
122000719,188,120,68
122000720,410,470,-60
122900001,59,25,34
122900002,1835,6617,-4782
122900003,611,92,519
122900004,1392,80,1312
122900005,187,57,130
122900006,2643,611,2032
122900007,317,83,234
122900008,1480,134,1346
122900009,1373,617,756
122900010,319,213,106
122900012,297,452,-155
122900014,258,480,-222
122900015,3157,1156,2001
122900016,227,435,-208
122900017,492,1270,-778
122900018,319,31,288
122900019,17,270,-253
122900020,919,590,329
122900021,78,1531,-1453
122900022,1064,1180,-116
122900023,833,449,384
122900024,196,145,51
122900025,24,374,-350
122900026,175,466,-291
122900027,90,1173,-1083
122900028,197,303,-106
122900029,6530,4680,1850
122900030,1813,833,980
122900031,217,348,-131
122900032,168,512,-344
122900033,357,224,133
122900034,6130,7665,-1535
122900035,71,23,48
122900036,73,220,-147
122900037,812,192,620
122900038,230,5201,-4971
122900039,145,806,-661
122900040,444,520,-76
122900041,410,299,111
122900042,246,376,-130
122900043,728,259,469
122900044,125,499,-374
122900045,181,151,30
122900046,547,180,367
122900047,366,284,82
122900048,57,437,-380
122900049,2216,235,1981
122900051,113,193,-80
122900052,72,256,-184
122900053,82,57,25
122900055,807,262,545
122900057,486,85,401
122900061,669,317,352
122900062,694,1164,-470
122900063,201,503,-302
122900064,2305,792,1513
122900065,770,293,477
122900066,789,544,245
122900067,1935,1136,799
122900068,219,439,-220
122900069,720,3739,-3019
122900070,520,64,456
122900071,149,650,-501
122900072,36,936,-900
122900073,44,475,-431
122900074,982,1182,-200
122900075,2,84,-82
122900076,8,251,-243
122900077,2,249,-247
122900078,274,172,102
122900080,66,43,23
122900081,373,253,120
122900082,1076,368,708
122900083,241,267,-26
122900084,20,371,-351
122900086,23,165,-142
122900087,704,712,-8
122900088,58,217,-159
122900089,249,254,-5
122900090,36,860,-824
122900091,258,1,257
122900092,0,281,-281
122900093,1,458,-457
122900094,6,332,-326
122900095,250,7,243
122900096,331,415,-84
122900097,23,32,-9
122900098,162,149,13
122900099,46,24,22
122900100,1778,458,1320
122900101,894,434,460
122900102,41,35,6
122900103,63,18,45
122900104,68,10,58
122900105,9,8,1
122900106,15,113,-98
122900107,5,243,-238
122900108,8,211,-203
123000001,2776,638,2138
123000002,7416,6101,1315
123000003,5557,5535,22
123000004,4187,5889,-1702
123000005,3998,4278,-280
123000006,3672,4183,-511
123000007,5397,3571,1826
123000008,4561,4830,-269
123000009,6282,4559,1723
123000010,5080,5347,-267
123000011,4337,1379,2958
123000012,1244,3477,-2233
123000013,5099,1338,3761
123000014,1410,5197,-3787
123000015,7213,1698,5515
123000016,9221,6475,2746
123000017,4337,2222,2115
123000018,84,179,-95
123000019,308,401,-93
123000020,229,170,59
123000021,85,442,-357
123000022,548,3630,-3082
123000023,2290,2009,281
123000024,2081,813,1268
123000025,364,287,77
123000026,32,88,-56
123000027,957,539,418
123000028,2756,259,2497
123000029,2920,697,2223
123000030,535,729,-194
123000031,263,576,-313
123000032,452,334,118
123000033,428,78,350
123000034,1484,1438,46
123000035,581,794,-213
123000036,456,1657,-1201
123000037,401,573,-172
123000038,173,309,-136
123000039,568,1606,-1038
123000040,1269,531,738
123000041,1929,1399,530
123000042,1332,836,496
123000043,5228,11205,-5977
123000044,7350,3581,3769
123000045,13830,4051,9779
123000046,1158,1882,-724
123000047,3360,1689,1671
123000048,124,977,-853
123000049,11445,12950,-1505
123000050,1745,2179,-434
123000051,169,258,-89
123000052,1105,4971,-3866
123000053,4026,5007,-981
123000054,1910,2289,-379
123000055,2764,2959,-195
123000056,1853,2472,-619
123000057,23168,9692,13476
123000058,930,1212,-282
123000059,732,848,-116
123000060,1257,524,733
123000061,403,1179,-776
123000063,1357,1463,-106
123000064,1412,396,1016
123000065,10908,4599,6309
123000066,1281,1184,97
123000067,1420,1026,394
123000068,4580,4339,241
123000069,10219,5575,4644
123000070,413,1299,-886
123000071,1370,1661,-291
123000072,1448,1808,-360
123000073,1436,1105,331
123000074,1333,2186,-853
123000075,499,1615,-1116
123000076,997,1251,-254
123000077,2543,4541,-1998
123000078,1966,2396,-430
123000079,2015,2840,-825
123000080,4080,3260,820
123000081,223,702,-479
123000082,508,1654,-1146
123000083,1274,349,925
123000084,694,836,-142
123000085,362,176,186
123000086,530,422,108
123000087,439,692,-253
123000088,1887,1495,392
123000089,692,1969,-1277
123000090,1647,1388,259
123000091,2099,2481,-382
123000092,1160,1737,-577
123000094,724,370,354
123000095,877,1123,-246
123000096,999,680,319
123000097,882,1251,-369
123000098,970,797,173
123000099,810,868,-58
123000100,875,1086,-211
123000101,941,775,166
123000102,804,1050,-246
123000104,628,566,62
123000105,737,646,91
123000106,678,642,36
123000107,608,791,-183
123000108,1101,1829,-728
123000111,1163,490,673
123000112,1416,891,525
123000113,771,2562,-1791
123000114,732,824,-92
123000115,350,447,-97
123000116,49,213,-164
123000117,2469,3330,-861
123000118,625,1461,-836
123000119,546,1419,-873
123000120,821,1328,-507
123000121,523,821,-298
123000122,501,288,213
123000123,566,869,-303
123000124,633,653,-20
123000125,1694,1529,165
123000126,2172,4767,-2595
123000127,1375,890,485
123000128,441,466,-25
123000129,839,436,403
123000130,767,155,612
123000131,1096,942,154
123000132,581,934,-353
123000133,333,600,-267
123000134,549,283,266
123000135,3019,2125,894
123000136,422,1472,-1050
123000137,166,544,-378
123000138,100,663,-563
123000139,609,249,360
123000140,187,1258,-1071
123000141,1188,222,966
123000142,1205,1295,-90
123000143,1967,3140,-1173
123000144,60,26,34
123000145,364,221,143
123000146,109,131,-22
123000147,240,224,16
123000149,414,775,-361
123000150,309,357,-48
123000151,322,596,-274
123000152,203,553,-350
123000153,429,986,-557
123000154,2530,2706,-176
123000155,3293,1418,1875
123000156,69,277,-208
123000157,756,1151,-395
123000158,829,1139,-310
123000159,5268,3587,1681
123000160,1439,967,472
123000161,2596,1745,851
123000162,1550,2334,-784
123000163,693,149,544
123000164,2121,519,1602
123000165,571,2673,-2102
123000166,87,278,-191
123000167,179,430,-251
123000168,375,395,-20
123000169,867,213,654
123000170,134,400,-266
123000171,885,76,809
123000172,325,866,-541
123000173,980,341,639
123000174,1418,474,944
123000175,1004,2092,-1088
123000176,1664,376,1288
123000177,480,1654,-1174
123000178,1168,204,964
123000179,68,1057,-989
123000180,2203,547,1656
123000181,464,2149,-1685
123000182,332,706,-374
123000183,244,519,-275
123000184,155,977,-822
123000185,896,665,231
123000186,2,984,-982
123000187,738,4,734
123000188,309,1,308
123000189,225,238,-13
123000190,54,78,-24
123000192,38,662,-624
123000193,89,1265,-1176
123000194,591,414,177
123000195,425,57,368
123000196,377,24,353
123000197,93,174,-81
123000198,37,426,-389
123000199,19,876,-857
123000200,607,15,592
123000201,1243,30,1213
123000202,41,1732,-1691
123000203,1203,94,1109
123000204,132,1741,-1609
123000205,727,2910,-2183
123000206,2368,295,2073
123000207,123,1292,-1169
123000208,808,258,550
123000209,2549,730,1819
123000210,679,2820,-2141
123000211,892,4430,-3538
123000212,4086,709,3377
123000213,885,110,775
123000215,270,351,-81
123000216,477,2256,-1779
123000217,315,64,251
123000218,198,927,-729
123000219,1642,256,1386
123000220,795,157,638
123000221,384,288,96
123000222,735,974,-239
123000223,437,699,-262
123000224,600,892,-292
123000225,708,144,564
123000226,142,666,-524
123000227,117,528,-411
123000228,432,110,322
123000229,1533,2638,-1105
123000232,205,931,-726
123000233,997,272,725
123000234,253,935,-682
123000235,1219,548,671
123000236,366,1347,-981
123000237,447,139,308
123000238,152,902,-750
123000239,737,2706,-1969
123000240,112,638,-526
123000241,1031,192,839
123000242,319,360,-41
123000243,1181,1376,-195
123000244,1484,934,550
123000245,79,278,-199
123000249,687,1013,-326
123000252,1268,360,908
123000253,1360,732,628
123000254,919,1755,-836
123000255,1509,1348,161
123000256,57,360,-303
123000257,5192,3694,1498
123000258,1542,1547,-5
123000259,374,534,-160
123000260,473,771,-298
123000261,275,456,-181
123000262,113,322,-209
123000263,504,151,353
123000264,284,120,164
123000265,64,256,-192
123000266,770,1246,-476
123000267,790,488,302
123000268,39,98,-59
123000269,37,76,-39
123000270,49,87,-38
123000271,127,82,45
123000272,940,336,604
123000273,339,848,-509
123000274,1657,848,809
123000275,469,1477,-1008
123000278,4828,3830,998
123000279,99,174,-75
123000280,523,478,45
123000281,416,189,227
123000282,227,410,-183
123000283,113,108,5
123000284,62,171,-109
123000286,379,435,-56
123000287,658,403,255
123000288,1607,1131,476
123000289,555,1719,-1164
123000291,465,1131,-666
123000294,177,325,-148
123000295,1221,1241,-20
123000296,848,604,244
123000297,559,799,-240
123000298,736,460,276
123000299,40,184,-144
123000300,987,1158,-171
123000301,245,371,-126
123000302,85,367,-282
123000303,337,117,220
123000305,1366,1176,190
123000306,150,291,-141
123000309,57,69,-12
123000310,64,71,-7
123000311,1,158,-157
123000312,936,1229,-293
123000313,542,659,-117
123000315,127,644,-517
123000316,2333,432,1901
123000317,313,87,226
123000318,74,349,-275
123000329,40,29,11
123000337,660,309,351
123000338,1476,39,1437
123000339,273,278,-5
123000340,265,787,-522
123000342,9,17,-8
123000343,91,9,82
123000344,1884,899,985
123000345,483,1037,-554
123000346,336,74,262
123000352,2489,1196,1293
123000353,29,131,-102
123000354,858,12,846
123000355,5,937,-932
123000356,583,21,562
123000357,0,366,-366
123000359,7,348,-341
123000360,332,253,79
123000361,800,551,249
123000362,624,231,393
123000363,134,351,-217
123000364,865,588,277
123000365,44,527,-483
123000366,600,2914,-2314
123000367,429,1737,-1308
123000370,60,375,-315
123000371,1184,69,1115
123000372,554,40,514
123000373,20,688,-668
123000374,39,336,-297
123000375,427,81,346
123000376,1150,793,357
123000377,680,41,639
123000378,28,462,-434
123000379,2,403,-401
123000380,107,537,-430
123000381,268,68,200
123000382,2115,312,1803
123000383,335,1821,-1486
123000384,697,124,573
123000385,591,798,-207
123000436,75,1521,-1446
123000507,120,459,-339
123000508,203,1376,-1173
123000517,356,35,321
123000518,31,320,-289
123000519,177,78,99
123000520,66,325,-259
123000521,410,127,283
123000522,178,667,-489
123000541,4,11,-7
123000542,0,37,-37
123000565,651,62,589
123000566,239,1121,-882
123000567,149,397,-248
123000573,54,1344,-1290
123000574,1162,142,1020
123000575,1641,1916,-275
123000576,1136,2542,-1406
123000577,144,1034,-890
123000578,970,105,865
123000579,5415,7757,-2342
123000580,105,25,80
123000582,605,55,550
123000583,25,641,-616
123000584,222,424,-202
123000585,1,233,-232
123000586,132,0,132
123000596,122,180,-58
123000597,82,165,-83
123000602,38,30,8
123000603,790,1075,-285
123000604,667,1503,-836
123000605,1585,159,1426
123000606,3,764,-761
123000609,28,487,-459
123000610,239,242,-3
123000613,53,276,-223
123000614,357,95,262
123000615,99,229,-130
123000616,862,105,757
123000617,146,946,-800
123000618,138,1169,-1031
123000619,828,57,771
123000620,32,819,-787
123000622,520,41,479
123000624,202,64,138
123000630,1023,603,420
123000631,345,2171,-1826
123000632,1301,1467,-166
123000633,0,295,-295
123000634,84,147,-63
123000635,205,161,44
123000636,35,1118,-1083
123000637,189,237,-48
123000638,796,96,700
123000639,1752,5045,-3293
123000640,40,1279,-1239
123900001,1931,74,1857
123900002,54,2386,-2332
123900003,585,950,-365
123900005,352,243,109
123900006,556,42,514
124000001,2924,213,2711
124000002,180,2537,-2357
124000003,1071,232,839
124000004,100,1012,-912
124000005,1419,871,548
124000006,349,1886,-1537
124000007,1288,233,1055
124000008,24,1402,-1378
124000009,642,571,71
124000010,194,837,-643
124000011,2284,668,1616
124000012,613,984,-371
124000017,219,228,-9
124000018,176,104,72
124000019,150,213,-63
124000020,100,249,-149
124000021,187,129,58
124000022,122,384,-262
124000023,2472,1887,585
124000024,1461,711,750
124000025,1735,2220,-485
124000026,1382,1429,-47
124000027,6357,6713,-356
124000028,3444,6270,-2826
124000030,4407,1769,2638
124000031,1769,4632,-2863
124000032,6209,1568,4641
124000033,664,999,-335
124000034,2629,853,1776
124000035,37,265,-228
124000036,117,282,-165
124000037,1040,1430,-390
124000038,100,72,28
124000039,1992,606,1386
124000040,797,1511,-714
124000041,750,181,569
124000042,208,652,-444
124000043,285,169,116
124000044,64,306,-242
124000045,1014,992,22
124000046,372,967,-595
124000047,1963,1502,461
124000048,1343,2517,-1174
124000049,2254,1057,1197
124000050,1139,3020,-1881
124000051,1092,898,194
124000052,791,1843,-1052
124000053,680,2021,-1341
124000054,1213,978,235
124000055,1614,3546,-1932
124000056,4623,2288,2335
124000057,1192,827,365
124000058,599,1966,-1367
124000059,776,1447,-671
124000060,1945,1164,781
124000061,2072,5553,-3481
124000062,6539,2458,4081
124000063,1848,2408,-560
124000064,3734,2366,1368
124000065,23,1153,-1130
124000066,272,96,176
124000067,236,426,-190
124000068,20,76,-56
124000069,216,18,198
124000070,265,246,19
124000071,677,147,530
124000072,306,645,-339
124000073,1074,252,822
124000074,304,1159,-855
124000075,397,43,354
124000076,11,334,-323
124000077,2616,963,1653
124000078,4871,1797,3074
124000079,726,1870,-1144
124000080,704,373,331
124000081,305,940,-635
124000082,98,219,-121
124000083,132,213,-81
124000084,33,275,-242
124000085,261,36,225
124000086,131,127,4
124000087,361,111,250
124000088,446,493,-47
124000089,1444,819,625
124000090,143,422,-279
124000091,378,129,249
124000092,92,633,-541
124000093,160,189,-29
124000094,226,792,-566
124000095,80,226,-146
124000096,203,533,-330
124000097,153,250,-97
124000098,91,137,-46
124000099,115,90,25
124000100,39,145,-106
124000101,112,169,-57
124000102,151,108,43
124000103,114,159,-45
124000104,202,75,127
124000105,74,138,-64
124000106,157,94,63
124000107,25,211,-186
124000108,98,45,53
124000109,118,156,-38
124000110,275,162,113
124000111,273,281,-8
124000112,776,998,-222
124000113,101,193,-92
124000114,411,716,-305
124000115,624,865,-241
124000116,181,255,-74
124000117,95,133,-38
124000118,71,115,-44
124000119,1575,894,681
124000120,1072,600,472
124000121,2000,905,1095
124000122,830,1842,-1012
124000123,1544,897,647
124000124,750,1427,-677
124000125,478,777,-299
124000126,392,919,-527
124000127,1212,724,488
124000128,830,1385,-555
124000129,2818,2063,755
124000130,1089,1081,8
124000131,1341,745,596
124000132,1263,1166,97
124000133,982,1227,-245
124000134,1168,976,192
124000135,2470,2553,-83
124000136,1332,1642,-310
124000137,2255,960,1295
124000138,2312,1982,330
124000139,1312,43,1269
124000140,65,691,-626
124000141,601,36,565
124000142,25,268,-243
124000143,102,43,59
124000144,20,100,-80
124000145,389,88,301
124000146,186,174,12
124000148,119,193,-74
124000149,2022,824,1198
124000150,576,968,-392
124000151,771,301,470
124000152,818,1518,-700
124000153,826,909,-83
124000154,373,1015,-642
124000155,1460,1232,228
124000156,1707,1289,418
124000169,292,840,-548
124000170,1123,705,418
124000171,577,429,148
124000172,619,925,-306
124000173,814,300,514
124000174,526,1049,-523
124000175,31,195,-164
124000176,144,25,119
124000177,24,40,-16
124000178,179,100,79
124000190,89,53,36
124000191,233,57,176
124000192,5300,591,4709
124000193,1705,1351,354
124000194,481,748,-267
124000195,327,745,-418
124000196,1452,1544,-92
124000197,174,118,56
124000198,62,85,-23
124000201,616,1519,-903
124000202,937,486,451
124000203,504,1265,-761
124000204,925,601,324
124000205,166,791,-625
124000206,875,651,224
124000207,0,75,-75
124000209,316,952,-636
124000210,604,280,324
124000211,749,2,747
124000212,4,803,-799
124000213,438,592,-154
124000214,380,1006,-626
124000215,576,31,545
124000216,4,708,-704
124000329,172,3044,-2872
124000338,204,1473,-1269
124000339,1095,248,847
124000341,1501,168,1333
124000344,41,0,41
124000357,1381,3679,-2298
124000358,979,2091,-1112
124000359,1625,1107,518
124000360,1124,831,293
124000361,3135,1032,2103
124000362,2434,2541,-107
124000363,397,588,-191
124000364,951,1505,-554
124000365,882,1477,-595
124000366,2375,1146,1229
124000367,255,897,-642
124000368,594,615,-21
124000369,251,247,4
124000370,106,823,-717
124000402,84,23,61
124000403,177,33,144
124000404,12,232,-220
124000405,1420,1199,221
124000406,1086,1305,-219
124000407,6,57,-51
124000411,3,542,-539
124000412,514,17,497
124000413,1133,105,1028
124000414,81,201,-120
124000415,70,212,-142
124000416,184,369,-185
124000417,218,223,-5
124000418,219,225,-6
124000419,86,193,-107
124000420,77,131,-54
124000421,43,252,-209
124000422,50,27,23
124000423,191,49,142
124000424,2,120,-118
124000425,39,112,-73
124000426,7,69,-62
124000427,106,52,54
124000428,72,65,7
124000429,76,89,-13
124000430,1120,1055,65
124000431,416,1126,-710
124000432,275,1419,-1144
124000439,2,15,-13
124000442,9,218,-209
124000443,2,9,-7
124000445,127,597,-470
124000446,1469,65,1404
124900001,484,448,36
124900002,372,615,-243
124900003,924,763,161
124900004,639,420,219
124900005,543,350,193
124900006,707,485,222
124900008,1849,714,1135
124900009,267,638,-371
124900010,328,130,198
124900011,967,517,450
124900012,940,278,662
124900013,766,229,537
124900014,309,118,191
124900015,279,703,-424
124900016,75,202,-127
124900017,1250,1911,-661
124900018,40,22,18
124900019,641,38,603
124900020,270,171,99
124900021,427,127,300
124900022,99,49,50
124900024,427,52,375
124900026,734,16,718
124900027,122,475,-353
124900028,1094,233,861
124900029,9,546,-537
124900030,18,302,-284
124900031,74,623,-549
124900032,243,324,-81
124900033,183,665,-482
124900034,14,144,-130
124900035,305,837,-532
124900036,0,64,-64
124900037,220,570,-350
124900038,483,403,80
124900039,2,46,-44
124900040,243,141,102
124900041,316,1343,-1027
124900042,416,5,411
124900043,438,1188,-750
124900044,91,6,85
124900045,1134,1294,-160
124900046,2481,415,2066
124900047,167,360,-193
124900048,189,214,-25
124900050,146,367,-221
124900052,195,1058,-863
124900053,185,483,-298
124900054,3098,928,2170
124900055,3,244,-241
124900057,15,126,-111
124900060,156,400,-244
124900061,102,26,76
124900062,164,24,140
124900066,0,11,-11
124900067,6,234,-228
124900068,494,1416,-922
124900069,410,214,196
124900070,223,41,182
124900072,183,99,84
124900074,702,441,261
124900075,234,275,-41
124900076,43,1227,-1184
124900077,56,160,-104
124900078,149,29,120
124900079,1039,498,541
124900080,278,821,-543
124900081,896,386,510
124900082,386,1011,-625
124900083,227,710,-483
124900084,2614,146,2468
124900085,1329,432,897
124900086,160,1451,-1291
124900087,886,114,772
124900088,1024,156,868
124900089,1964,55,1909
124900090,407,419,-12
124900091,548,681,-133
124900092,407,536,-129
124900093,565,344,221
124900094,500,401,99
124900095,157,805,-648
124900096,845,521,324
124900097,391,120,271
124900098,244,664,-420
124900099,1257,849,408
124900100,390,146,244
124900101,136,472,-336
124900102,347,87,260
124900103,208,357,-149
124900104,72,269,-197
124900105,137,236,-99
124900106,660,117,543
124900107,112,28,84
124900108,215,148,67
124900109,143,309,-166
124900110,1237,514,723
124900111,5,108,-103
124900112,94,1276,-1182
124900113,2,8,-6
124900114,8,3,5
124900115,0,10,-10
124900116,3,13,-10
124900117,9,6,3
124900118,5,4,1
124900119,14,6,8
124900120,1,13,-12
124900121,1,9,-8
124900122,3,7,-4
124900123,5,1,4
124900124,2,11,-9
129000186,416,63,353
204000001,114,3,111
204000002,27,9,18
204000003,63,7,56
204000004,31,3,28
204000005,748,744,4
204000006,1663,2072,-409
204000008,1680,1095,585
204000011,9,104,-95
204000012,54,117,-63
204000013,2,34,-32
204000019,635,785,-150
204000020,1049,894,155
204000021,2944,1098,1846
204000022,631,713,-82
204000023,734,1229,-495
204000031,62,57,5
204000032,1015,59,956
204000034,31,412,-381
204000035,1,5,-4
204000036,31,58,-27
204000037,6,34,-28
204000038,2,9,-7
204000039,42,46,-4
204000040,11,36,-25
204000041,27,50,-23
204000042,137,13,124
204000043,39,4,35
204000044,63,4,59
204000045,109,3,106
204000046,31,2,29
204000057,11,48,-37
204000062,11,25,-14
204000068,111,287,-176
204000069,28,316,-288
204000070,144,308,-164
204000080,99,65,34
204000085,2428,3177,-749
204000086,3175,3165,10
204000087,45,11,34
204000088,25,151,-126
204000090,35,470,-435
204000093,347,137,210
204000096,1064,1379,-315
204000097,651,26,625
204000099,1474,1980,-506
204000100,1543,2321,-778
204000105,2774,2690,84
204000110,1649,2162,-513
204000111,629,1087,-458
204000112,2288,1072,1216
204000113,721,1083,-362
204000114,1189,1184,5
204000115,1057,498,559
204000116,5077,773,4304
204000119,2412,3590,-1178
204000132,857,722,135
204000133,831,779,52
204000134,709,388,321
204000135,765,280,485
204000136,556,493,63
204000138,540,997,-457
204000140,215,242,-27
204000141,180,145,35
204000144,12,44,-32
204000145,576,47,529
204000146,29,508,-479
204000147,17,224,-207
204000148,1425,44,1381
204000154,11,4,7
204000155,9,14,-5
204000177,112,58,54
204000179,28,15,13
204000180,0,33,-33
204000222,133,21,112
204000235,18,25,-7
204000236,101,370,-269
204000238,43,24,19
204000240,410,128,282
204000263,87,424,-337
204000308,343,39,304
204000317,11,144,-133
204000322,3,97,-94
204000323,22,17,5
204000328,264,66,198
204000329,35,257,-222
204000330,245,23,222
204000331,218,160,58
204010341,21,289,-268
205000001,1489,2227,-738
205000013,6,93,-87
205000014,38,156,-118
205000015,23,259,-236
205000016,16,239,-223
205000017,46,148,-102
205000022,357,1044,-687
205000025,1573,1434,139
205000029,229,7,222
205000045,159,312,-153
205000047,141,623,-482
205000048,359,1480,-1121
205000049,161,1072,-911
205000050,1129,391,738
205000059,0,296,-296
205000060,1,88,-87
205000061,6,50,-44
205000062,2,41,-39
205000063,12,207,-195
205000064,15,182,-167
205000065,51,781,-730
205000066,112,1085,-973
205000067,59,1238,-1179
205000069,162,29,133
205000082,205,283,-78
205000110,52,264,-212
205000111,205,329,-124
205000112,308,337,-29
205000113,237,437,-200
205000121,318,111,207
205000123,54,293,-239
205000126,569,223,346
205000127,743,414,329
205000128,819,259,560
205000129,867,272,595
205000130,906,136,770
205000131,1224,60,1164
205000132,811,6,805
205000133,1269,2,1267
205000134,448,0,448
205000137,96,240,-144
205000138,366,390,-24
205000139,60,153,-93
205000144,292,105,187
205000145,846,263,583
205000151,282,70,212
205000152,412,49,363
205000153,285,115,170
205000154,142,149,-7
205000155,117,27,90
205000207,7,293,-286
205000233,25,0,25
205000234,0,0,0
205000243,0,0,0
205000244,0,3,-3
205000245,14,267,-253
205000249,0,44,-44
205000250,9,2,7
205000251,149,549,-400
205000264,9,116,-107
206000027,8,9,-1
206000028,16,2,14
206000043,50,129,-79
206000053,5,14,-9
206000054,5,30,-25
206000055,1,47,-46
206000075,4,24,-20
206000076,17,11,6
206000077,34,5,29
206000078,23,6,17
206000079,32,11,21
206000082,836,47,789
206000100,72,848,-776
206000103,4,41,-37
206000104,20,40,-20
206000105,3,41,-38
206000106,9,75,-66
206000108,756,64,692
206000125,45,0,45
206000157,92,1043,-951
206000170,2,315,-313
206000171,4,315,-311
206000172,10,1014,-1004
206000173,1,398,-397
206000174,17,128,-111
206000175,3,190,-187
206000176,17,370,-353
206000177,2,270,-268
206000178,3,226,-223
206000179,11,137,-126
206000180,28,232,-204
206000181,90,260,-170
206000182,5,275,-270
206000183,57,1034,-977
206000184,4,553,-549
206000185,9,277,-268
206000186,202,1597,-1395
206000223,7,329,-322
206000226,35,8,27
206000227,28,6,22
206000237,43,627,-584
206000238,52,771,-719
206000239,467,2974,-2507
206000240,4,86,-82
206000241,1,130,-129
206000242,14,428,-414
206000243,8,328,-320
206000244,135,1051,-916
206000245,776,106,670
206000246,175,10,165
206000247,183,8,175
206000248,429,25,404
206000252,121,24,97
206000258,25,68,-43
206000315,35,9,26
206000317,756,128,628
206000318,538,79,459
206000319,1386,143,1243
206000320,153,60,93
206000321,191,33,158
206000322,719,18,701
206000323,190,9,181
206000324,205,3,202
206000325,255,18,237
206000326,266,15,251
206000327,535,10,525
206000328,157,5,152
206000329,308,6,302
206000330,59,6,53
206000331,147,3,144
206000332,67,6,61
206000333,531,1,530
206000334,249,0,249
206000335,0,15,-15
206000361,2,314,-312
206000392,3,56,-53
206000405,206,0,206
206000441,33,19,14
206000498,30,2,28
206000515,99,31,68
206000530,218,64,154
206000531,251,210,41
206000532,3000,329,2671
206000535,428,2820,-2392
206000536,24,277,-253
206000537,35,277,-242
206000613,1943,287,1656
207000001,177,634,-457
207000002,132,336,-204
207000003,208,203,5
207000007,962,471,491
207000008,67,18,49
207000009,46,27,19
207000010,598,629,-31
207000012,449,600,-151
207000015,378,1837,-1459
207000019,322,147,175
207000021,966,263,703
207000022,231,175,56
207000023,345,38,307
207000024,11,13,-2
207000025,37,78,-41
207000026,179,73,106
207000027,42,138,-96
207000028,81,308,-227
207000029,578,665,-87
207000033,333,441,-108
207000034,399,88,311
207000039,397,233,164
207000040,360,109,251
207000041,689,81,608
207000042,357,92,265
207000043,264,275,-11
207000051,293,476,-183
207000052,578,237,341
207000053,555,917,-362
207000054,43,144,-101
207000055,231,212,19
207000056,496,447,49
207000057,222,397,-175
207000058,495,460,35
207000059,84,789,-705
207000060,98,242,-144
207000061,267,425,-158
207000062,285,62,223
207000063,294,153,141
207000064,792,313,479
207000065,533,411,122
207000066,213,301,-88
207000067,56,159,-103
207000068,116,94,22
207000069,750,681,69
207000082,15,307,-292
207000083,114,429,-315
207000084,224,372,-148
207000085,177,18,159
207000086,161,6,155
207000106,31,51,-20
207000107,122,22,100
207000108,66,14,52
207000109,64,24,40
207000110,85,193,-108
207000111,89,104,-15
207000112,298,768,-470
207000114,25,88,-63
207000115,24,144,-120
207000116,32,639,-607
207000117,8,175,-167
207000118,10,162,-152
207000119,49,148,-99
207000123,248,67,181
207000124,81,52,29
207000125,82,86,-4
207000126,89,97,-8
207000134,60,182,-122
207000135,17,275,-258
207000148,98,521,-423
207000149,105,80,25
207000152,197,549,-352
207000153,1501,1751,-250
207000154,487,223,264
207000159,140,313,-173
207000160,191,592,-401
207000238,0,154,-154
207000242,4,278,-274
207000248,56,63,-7
207000249,219,65,154
207000250,1281,105,1176
207000251,160,106,54
207000252,93,102,-9
207000278,128,129,-1
207000279,15,302,-287
207000280,656,87,569
207000281,122,1258,-1136
207000282,307,130,177
207000283,140,249,-109
207000284,153,203,-50
207000285,135,45,90
207000291,28,210,-182
207000304,216,90,126
207000306,89,697,-608
207000310,96,148,-52
207000353,215,4,211
207000356,17,121,-104
207000357,51,7,44
207000358,34,30,4
207000415,3,266,-263
207000417,73,6,67
207000437,0,3,-3
207000439,1381,930,451
207000446,196,7,189
207000460,22,7,15
207000466,337,242,95
207000467,85,133,-48
207000468,30,280,-250
207000476,11,118,-107
207000477,774,127,647
207000523,0,16,-16
207000524,98,0,98
207000527,150,290,-140
207000530,364,8,356
207000531,472,14,458
207000532,141,37,104
207000534,552,78,474
207000535,36,475,-439
207000537,51,201,-150
207000540,11,319,-308
207000541,2,499,-497
207000548,22,372,-350
207000549,1072,36,1036
207000561,134,261,-127
207000562,45,338,-293
207000567,289,364,-75
207000568,173,155,18
207000569,508,1392,-884
207000584,459,380,79
207000585,131,550,-419
207000616,0,198,-198
207000617,419,5,414
207900008,274,181,93
208000001,900,1145,-245
208000002,900,613,287
208000003,1400,622,778
208000004,2338,943,1395
208000005,19,29,-10
208000019,1040,1777,-737
208000020,352,771,-419
208000021,252,697,-445
208000022,1182,761,421
208000028,3267,1762,1505
208000033,541,705,-164
208000034,1544,2227,-683
208000040,244,259,-15
208000041,1361,961,400
208000042,1715,1078,637
208000047,199,470,-271
208000064,4235,2170,2065
208000066,2698,2616,82
208000070,457,507,-50
208000071,446,1228,-782
208000072,493,1604,-1111
208000080,309,519,-210
208000081,361,201,160
208000082,559,437,122
208000083,225,542,-317
208000084,71,25,46
208000085,1689,868,821
208000086,736,1260,-524
208000087,510,1098,-588
208000089,1089,727,362
208000090,1003,1238,-235
208000093,208,195,13
208000094,758,663,95
208000095,915,579,336
208000104,1280,1333,-53
208000105,1374,1511,-137
208000114,144,379,-235
208000115,562,533,29
208000116,750,1625,-875
208000117,264,198,66
208000118,108,153,-45
208000155,1314,1294,20
208000158,2264,4330,-2066
208000186,4999,4809,190
208000204,947,1443,-496
208000205,1271,1685,-414
208000282,7541,3344,4197
209000004,600,276,324
209000005,80,67,13
209000006,562,165,397
209000007,584,401,183
209000010,770,244,526
209000011,253,396,-143
209000012,426,298,128
209000013,387,663,-276
209000014,731,1793,-1062
209000025,433,59,374
209000026,832,252,580
209000027,535,1450,-915
209000028,529,1303,-774
209000029,907,1231,-324
209000030,718,2428,-1710
209000031,4776,3790,986
209000034,203,249,-46
209000035,112,155,-43
209000036,181,146,35
209000037,277,257,20
209000038,116,184,-68
209000039,68,192,-124
209000040,386,731,-345
209000041,217,585,-368
209000042,324,608,-284
209000043,1115,1159,-44
209000044,240,1013,-773
209000045,1630,680,950
209000046,526,840,-314
209000047,636,286,350
209000048,627,460,167
209000049,133,123,10
209000050,277,218,59
209000051,483,424,59
209000052,207,387,-180
209000062,52,167,-115
209000063,59,121,-62
209000064,107,184,-77
209000065,81,36,45
209000066,101,40,61
209000067,96,74,22
209000080,59,324,-265
209000082,115,53,62
209000091,26,182,-156
209000093,62,42,20
209000094,254,289,-35
209000110,60,132,-72
209000111,529,1988,-1459
209000112,1127,836,291
209000113,2540,673,1867
209000114,694,558,136
209000115,101,188,-87
209000116,893,850,43
209000118,64,67,-3
209000119,76,12,64
209000121,199,804,-605
209000135,102,208,-106
209000142,850,2037,-1187
209000143,257,155,102
209000144,236,147,89
209000229,303,372,-69
209000240,39,547,-508
209000259,94,150,-56
209000260,90,1532,-1442
209000261,6,1037,-1031
209000262,2,767,-765
209000263,0,216,-216
209000264,1,167,-166
209000265,678,16,662
209000266,173,0,173
209000267,1547,18,1529
209000268,1224,97,1127
210000037,79,23,56
210000047,118,58,60
210000048,122,50,72
210000049,71,37,34
210000052,88,135,-47
210000053,50,77,-27
210000054,76,104,-28
210000070,186,10,176
210000071,259,3,256
210000072,185,1,184
210000073,0,35,-35
210000074,0,149,-149
210000075,3,106,-103
210000076,31,210,-179
210000077,90,51,39
210000078,55,61,-6
210000079,83,26,57
210000080,218,84,134
210000081,260,23,237
210000082,222,3,219
210000083,118,0,118
210000084,74,0,74
210000085,1,107,-106
210000086,12,196,-184
210000099,65,300,-235
210000100,61,228,-167
210000101,103,297,-194
210000105,44,303,-259
210000159,2,201,-199
210000163,198,250,-52
210000164,346,224,122
210000168,259,56,203
210000187,0,18,-18
210000188,1,38,-37
210000214,87,0,87
210000219,33,81,-48
210000220,85,107,-22
210000232,9,26,-17
210000233,44,56,-12
210000234,37,165,-128
210000235,62,137,-75
210000245,2,48,-46
210000246,70,3,67
210000258,20,156,-136
210000259,629,82,547
210000282,121,293,-172
210000285,5,148,-143
210000286,19,227,-208
210000295,56,230,-174
210000296,80,68,12
210000320,159,116,43
210000321,108,107,1
210000338,168,121,47
210000339,557,1523,-966
210000340,176,602,-426
210000341,305,395,-90
210000342,248,304,-56
210000343,287,332,-45
210000344,427,191,236
210000345,318,438,-120
210000346,232,251,-19
210000347,597,60,537
210000348,406,20,386
210000349,305,24,281
210000350,184,91,93
210000351,215,162,53
210000352,74,146,-72
210000353,66,167,-101
210000354,458,160,298
210000355,208,164,44
210000356,311,96,215
210000357,229,73,156
210000358,428,196,232
210000359,219,129,90
210000360,239,152,87
210000361,233,251,-18
210000362,397,319,78
210000363,1267,370,897
210000364,254,261,-7
210000365,160,136,24
210000366,215,83,132
210000367,122,58,64
210000368,244,63,181
210000369,41,24,17
210000370,100,34,66
210000372,92,24,68
210000373,101,23,78
210000374,68,9,59
210000375,42,126,-84
210000376,168,209,-41
210000404,85,206,-121
210000439,29,79,-50
210000472,195,5,190
210000482,180,161,19
210000564,775,490,285
210000568,812,7,805
211000092,79,89,-10
211000094,28,11,17
211000169,322,20,302
211000172,25,265,-240
211000209,1,30,-29
211000275,27,23,4
211000276,92,56,36
211000279,56,63,-7
211000281,75,52,23
211507980,2,56,-54
211977296,159,7,152
212000003,226,72,154
212000004,200,36,164
212000005,71,53,18
212000006,76,107,-31
212000008,251,175,76
212000009,21,179,-158
212000012,88,106,-18
212000013,37,78,-41
212000014,340,216,124
212000015,358,290,68
212000016,680,711,-31
212000027,651,995,-344
212000028,375,847,-472
212000029,263,580,-317
212000030,52,69,-17
212000031,69,106,-37
212000048,91,202,-111
212000049,22,165,-143
212000050,32,12,20
212000051,239,329,-90
212000052,200,423,-223
212000053,383,785,-402
212000054,207,262,-55
212000055,288,455,-167
212000056,14,88,-74
212000057,19,43,-24
212000058,519,79,440
212000070,127,344,-217
212000077,149,927,-778
212000099,369,456,-87
212000108,413,276,137
212000111,284,174,110
212000120,257,103,154
212000138,254,40,214
212000156,6,185,-179
212000158,29,34,-5
212000159,421,96,325
212000160,609,448,161
212000161,89,19,70
212000310,46,16,30
212000311,14,152,-138
212000374,51,11,40
213000001,98,786,-688
213000005,762,272,490
213000006,1500,485,1015
213000007,331,19,312
213000009,846,478,368
213000010,282,335,-53
213000011,342,169,173
213000012,153,309,-156
213000014,91,6,85
213000015,378,15,363
213000016,1173,3,1170
213000017,98,2,96
213000018,4,237,-233
213000019,2,235,-233
213000020,135,538,-403
213000021,13,154,-141
213000023,368,232,136
213000033,405,1963,-1558
213000034,857,550,307
213000035,113,531,-418
213000045,220,435,-215
213000046,242,301,-59
213000047,937,1484,-547
213000056,153,113,40
213000069,295,13,282
213000073,2,38,-36
213000074,108,563,-455
213000075,690,11,679
213000085,18,61,-43
213000086,18,236,-218
213000091,223,22,201
213000092,118,66,52
213000099,208,1411,-1203
213000100,1335,307,1028
213000101,319,208,111
213000102,437,458,-21
213000103,1138,1493,-355
213000104,67,704,-637
213000105,9,158,-149
213000106,72,175,-103
213000107,200,1009,-809
213000108,38,845,-807
213000109,17,379,-362
213000110,25,101,-76
213000111,22,90,-68
213000112,229,159,70
213000115,80,16,64
213000116,74,931,-857
213000117,10,1379,-1369
213000118,448,444,4
213000119,65,787,-722
213000120,107,754,-647
213000122,247,729,-482
213000123,673,1631,-958
213000124,160,1610,-1450
213000125,168,20,148
213000126,159,181,-22
213000127,220,278,-58
213000128,869,1535,-666
213000129,623,731,-108
213000130,630,325,305
213000132,381,147,234
213000133,564,147,417
213000134,931,30,901
213000136,689,38,651
213000137,799,107,692
213000139,895,34,861
213000147,248,24,224
213000148,98,37,61
213000149,63,32,31
213000150,1,152,-151
213000151,6,115,-109
213000152,7,123,-116
213000153,6,69,-63
213000154,23,296,-273
213000155,91,445,-354
213000156,128,826,-698
213000157,675,664,11
213000158,462,1510,-1048
213000159,760,769,-9
213000163,842,111,731
213000165,832,360,472
213000171,0,144,-144
213000172,5,475,-470
213000173,5,323,-318
213000174,5,344,-339
213000175,18,285,-267
213000176,129,25,104
213000177,119,21,98
213000178,133,7,126
213000179,223,0,223
213000180,188,0,188
213000184,318,773,-455
213000188,793,140,653
213000189,407,63,344
213000190,1023,994,29
213000191,384,640,-256
213000192,245,502,-257
213000193,1205,304,901
213000194,0,74,-74
213000195,18,509,-491
213000196,295,1628,-1333
213000197,382,1230,-848
213000198,215,5,210
213000200,205,1420,-1215
213000201,77,54,23
213000202,11,678,-667
213000203,3889,1000,2889
213000204,937,210,727
213000205,558,265,293
213000206,883,133,750
213000207,340,26,314
213000208,399,4,395
213000209,272,6,266
213000210,1346,7,1339
213000211,21,19,2
213000212,59,36,23
213000213,37,49,-12
213000218,309,1056,-747
213000219,663,32,631
213000220,549,8,541
213000223,369,347,22
213000224,89,54,35
213000225,147,17,130
213000226,117,17,100
213000227,1325,352,973
213000228,581,149,432
213000229,1023,56,967
213000230,802,51,751
213000232,160,799,-639
213000233,10,112,-102
213000234,7,40,-33
213000293,77,95,-18
213000294,538,8,530
213000295,39,91,-52
213000296,122,38,84
213000297,9,176,-167
213000298,46,150,-104
213000299,126,49,77
213000300,12,5,7
213000303,4,51,-47
213000304,2,9,-7
213000305,21,21,0
213000306,113,68,45
213000307,510,146,364
213000308,179,367,-188
213000309,225,90,135
213000310,914,197,717
213000311,327,1027,-700
213000315,111,193,-82
213000316,169,103,66
213000322,104,279,-175
213000323,80,117,-37
213000324,138,205,-67
213000325,83,249,-166
213000326,99,106,-7
213000327,119,208,-89
213000328,77,182,-105
213000329,149,135,14
213000340,176,729,-553
213000341,569,238,331
213000347,1011,865,146
213000348,15,167,-152
213000349,27,18,9
213000350,381,1815,-1434
213000366,91,654,-563
213000367,250,29,221
213000379,100,83,17
213000386,31,351,-320
213000406,106,581,-475
213000417,1707,838,869
213000425,178,52,126
213000426,136,125,11
213000427,57,491,-434
213000428,80,293,-213
213000429,71,5,66
213000430,133,1239,-1106
213000431,188,4,184
213000432,6,47,-41
213000433,42,230,-188
213000434,102,142,-40
213000435,122,113,9
213000436,38,97,-59
213000437,7,91,-84
213000438,173,254,-81
213000439,90,18,72
213000440,13,344,-331
213000441,2,3,-1
213000442,9,89,-80
213000443,778,667,111
213000444,30,117,-87
213000445,1,163,-162
213000446,7,42,-35
213000447,4,65,-61
213000448,24,156,-132
213000449,347,2,345
213000450,26,80,-54
213000451,338,136,202
213000452,67,30,37
213000453,63,452,-389
213000455,458,4,454
213000456,4,271,-267
213000481,11,8,3
213000484,47,10,37
213000489,801,130,671
213900002,0,141,-141
213900003,1133,6,1127
213900013,3,162,-159
213900015,0,9,-9
213900016,4,17,-13
213900020,5,135,-130
213900030,1,60,-59
213900032,377,323,54
213900033,137,76,61
213900034,514,155,359
213900035,166,802,-636
213900036,108,277,-169
213900037,33,371,-338
213900038,367,284,83
213900039,0,162,-162
213900041,11,207,-196
213900042,279,362,-83
213900043,213,292,-79
213900244,25,1,24
213900245,0,50,-50
218000003,66,40,26
218000004,91,28,63
218000005,129,58,71
218000006,83,34,49
218000007,12,21,-9
218000012,388,255,133
218000013,91,213,-122
218000014,471,712,-241
218000019,1021,1084,-63
218000020,328,722,-394
218000021,62,127,-65
218000022,16,35,-19
218000023,7,58,-51
218000024,4,41,-37
218000025,11,48,-37
218000026,18,47,-29
218000027,3,19,-16
218000028,10,9,1
218000029,27,7,20
218000030,30,76,-46
218000031,14,77,-63
218000032,6,43,-37
218000040,6,2,4
218000046,63,227,-164
218000047,30,250,-220
218000048,82,274,-192
218000049,157,234,-77
218000050,458,500,-42
218000051,218,470,-252
218000052,1,163,-162
218000053,4,15,-11
218000054,26,41,-15
218000055,31,14,17
218000056,52,43,9
218000057,4,48,-44
218000064,2,37,-35
218000065,111,117,-6
218000066,18,79,-61
218000067,54,145,-91
218000068,116,133,-17
218000069,325,204,121
218000070,391,342,49
218000071,183,283,-100
218000072,421,352,69
218000078,1058,1528,-470
218000079,139,97,42
218000080,99,118,-19
218000081,461,336,125
218000082,70,153,-83
218000083,58,138,-80
218000084,169,264,-95
218000085,183,718,-535
218000086,111,306,-195
218000087,297,310,-13
218000090,17,412,-395
218000091,850,700,150
218000092,91,225,-134
218000093,74,129,-55
218000094,513,924,-411
218000099,343,1071,-728
218000100,277,429,-152
218000101,684,216,468
218000102,409,414,-5
218000103,116,190,-74
218000104,81,81,0
218000105,35,17,18
218000106,12,15,-3
218000107,55,114,-59
218000108,19,80,-61
218000112,117,26,91
218000117,92,114,-22
218000134,842,1327,-485
218000135,248,177,71
218000136,429,105,324
218000137,568,174,394
218000138,67,122,-55
218000139,308,380,-72
218000140,657,318,339
218000141,164,117,47
218000142,239,360,-121
218000143,152,420,-268
218000144,146,121,25
218000145,423,482,-59
218000146,77,190,-113
218000151,22,36,-14
218000152,195,94,101
218000153,7,13,-6
218000154,32,3,29
218000155,34,6,28
218000156,74,22,52
218000157,47,24,23
218000158,17,13,4
218000159,6,8,-2
218000160,8,7,1
218000161,41,7,34
218000162,44,10,34
218000163,7,5,2
218000164,51,4,47
218000165,66,47,19
218000170,3,51,-48
218000171,119,4,115
218000172,52,11,41
218000173,44,17,27
218000174,49,14,35
218000176,374,39,335
218000177,379,299,80
218000178,153,400,-247
218000179,103,145,-42
218000180,107,46,61
218000181,218,71,147
218000187,10,24,-14
218000188,40,64,-24
218000189,33,100,-67
218000190,13,35,-22
218000191,114,127,-13
218000192,214,575,-361
218000193,493,559,-66
218000194,109,539,-430
218000195,143,87,56
218000196,366,392,-26
218000197,339,448,-109
218000198,31,189,-158
218000199,71,40,31
218000200,87,29,58
218000201,14,15,-1
218000202,146,320,-174
218000207,11,85,-74
218000208,51,68,-17
218000211,77,9,68
218000212,3,14,-11
218000213,166,67,99
218000214,15,31,-16
218000215,119,138,-19
218000217,0,193,-193
218000218,457,192,265
218000219,192,61,131
218000220,257,428,-171
218000221,1821,274,1547
218000222,89,37,52
218000223,73,580,-507
218000224,16,190,-174
218000225,186,46,140
218000226,179,111,68
218000230,0,7,-7
218000232,39,111,-72
218000239,195,13,182
218000240,13,6,7
218000241,72,0,72
218000242,78,2,76
218000243,91,7,84
218000244,59,2,57
218000245,400,4,396
218000246,8,0,8
218000247,1,3,-2
218000248,1,48,-47
218000249,0,1,-1
218000250,13,9,4
218000251,6,9,-3
218000252,3,24,-21
218000253,1,25,-24
218000254,10,16,-6
218000255,1,17,-16
218000256,9,49,-40
218000267,894,1515,-621
218000268,11,92,-81
218000269,3,16,-13
218000270,51,44,7
218000271,28,71,-43
218000273,23,5,18
218000274,10,1,9
218000275,20,60,-40
218000276,10,80,-70
218000278,30,53,-23
218000279,26,41,-15
218000280,15,11,4
218000281,38,21,17
218000282,549,414,135
218000284,129,11,118
218000301,137,140,-3
218000302,254,96,158
218000303,61,97,-36
218000316,911,1595,-684
218000317,1275,1709,-434
218000318,631,1169,-538
218000319,1448,2056,-608
218000320,1085,1351,-266
218000338,173,46,127
218000345,171,59,112
218000346,52,246,-194
218000459,43,489,-446
218000490,100,55,45
218000501,217,92,125
218000502,78,115,-37
218000503,116,51,65
218000504,188,27,161
218000505,60,176,-116
218000506,31,271,-240
218000508,5,5,0
218000510,205,22,183
218000520,133,110,23
218000521,13,75,-62
218000522,1,143,-142
218000523,205,3,202
218000524,59,239,-180
218000525,223,15,208
218000526,46,158,-112
218000529,36,226,-190
218000530,19,6,13
218000531,19,71,-52
218000532,39,24,15
218000534,146,16,130
218000537,20,106,-86
218000538,398,277,121
218000540,870,97,773
218000543,116,90,26
218000544,34,113,-79
218000545,58,119,-61
218000546,64,108,-44
218000547,295,152,143
218000548,500,179,321
218000549,625,366,259
218000550,299,505,-206
218000551,207,782,-575
218000552,756,78,678
218000553,26,125,-99
218000554,32,39,-7
218000555,23,57,-34
218000556,100,371,-271
218000557,250,185,65
218000558,259,1,258
218000559,0,56,-56
218000560,0,31,-31
218000561,28,1,27
218000562,42,295,-253
218000563,379,26,353
218000564,19,183,-164
218000565,241,56,185
218000566,448,29,419
218000567,2,105,-103
218000568,35,3,32
218000569,24,159,-135
218000570,124,6,118
218000571,1,119,-118
218000572,244,3,241
218000573,6,108,-102
218000574,106,86,20
218000575,183,1,182
218000576,0,114,-114
218000577,244,2,242
218000578,3,83,-80
218000579,156,36,120
218000581,11,90,-79
218000582,71,2,69
218000583,31,0,31
218000584,2,21,-19
218000585,37,6,31
218000586,13,53,-40
218000587,10,0,10
218000588,2,1,1
218000589,2,5,-3
218000590,7,0,7
218000591,3,2,1
218000592,7,2,5
218000593,0,0,0
218000594,3,0,3
218000595,0,0,0
218000596,0,0,0
218000597,0,0,0
218000598,1,1,0
218000599,0,0,0
218000600,4,1,3
218000601,0,0,0
218000602,0,13,-13
218000603,0,6,-6
218000604,66,53,13
218000605,0,55,-55
218000606,119,3,116
218000607,12,38,-26
218000608,71,18,53
218000609,2,54,-52
218000610,83,5,78
218000611,38,3,35
218000612,0,56,-56
218000613,38,0,38
218000614,1,52,-51
218000615,205,2,203
218000616,4,234,-230
218000617,38,3,35
218000618,2,25,-23
218000619,229,59,170
218000620,28,45,-17
218000621,0,3,-3
218000622,0,20,-20
218000623,155,6,149
218000624,15,30,-15
218000625,44,1,43
218000626,1,9,-8
218000628,130,92,38
218000631,47,9,38
218000632,5,144,-139
218000633,159,0,159
218000634,15,40,-25
218000635,21,14,7
218000636,1810,2149,-339
218000637,1340,798,542
218000638,206,44,162
218000639,39,266,-227
218000640,389,44,345
218000641,371,399,-28
218000652,84,144,-60
218000653,192,120,72
218000663,4,83,-79
218000675,40,32,8
218000676,2,41,-39
218000677,6,5,1
218000680,289,458,-169
218000681,475,106,369
218000691,105,297,-192
218000693,217,110,107
218000703,11,69,-58
218000718,1035,982,53
218000719,1800,443,1357
218000720,16,90,-74
218000721,210,24,186
218000725,11,7,4
218001214,37,60,-23
218001329,82,96,-14
218001330,61,62,-1
218001359,0,1,-1
218001360,2,1,1
218001361,0,1,-1
218001362,0,0,0
219000001,109,80,29
219000002,62,95,-33
219000003,71,29,42
219000004,63,60,3
219000017,278,24,254
219000020,185,142,43
219000022,125,16,109
219000023,439,2,437
219000029,0,111,-111
219000034,45,23,22
219000039,100,82,18
219000040,80,41,39
219000041,108,24,84
219000051,1,70,-69
219000052,0,38,-38
219000053,1,191,-190
219000054,935,440,495
219000055,171,4,167
219000056,72,1,71
219000057,138,1,137
219000062,18,172,-154
219000063,63,9,54
219000064,4,188,-184
219000110,731,67,664
219000111,142,75,67
219000112,234,107,127
219000113,138,136,2
219000114,280,312,-32
219000116,116,111,5
219000117,196,128,68
219000118,389,88,301
219000123,488,111,377
219000124,385,112,273
219000125,15,23,-8
219000126,123,137,-14
219000127,0,12,-12
219000128,17,116,-99
219000129,32,177,-145
219000130,812,782,30
219000131,835,1197,-362
219000133,98,73,25
219000134,39,30,9
219000135,95,75,20
219000136,237,243,-6
219000138,116,31,85
219000139,45,75,-30
219000140,62,6,56
219000141,27,171,-144
219000142,7,119,-112
219000143,17,121,-104
219000145,39,49,-10
219000146,9,56,-47
219000147,1,83,-82
219000148,3,71,-68
219000149,11,154,-143
219000150,4,109,-105
219000151,1,63,-62
219000157,265,198,67
219000158,218,387,-169
219000161,195,14,181
219000163,1859,689,1170
219000166,155,235,-80
219000167,164,276,-112
219000168,342,184,158
219000174,408,133,275
219000175,96,7,89
219000176,102,15,87
219000177,55,6,49
219000178,73,1,72
219000179,35,5,30
219000180,48,43,5
219000182,166,50,116
219000183,68,63,5
219000184,122,11,111
219000185,5,74,-69
219000186,50,84,-34
219000187,39,151,-112
219000189,224,235,-11
219000190,378,278,100
219000191,1502,1668,-166
219000192,222,192,30
219000193,540,187,353
219000195,3,114,-111
219000196,7,168,-161
219000198,40,278,-238
219000199,102,662,-560
219000200,94,535,-441
219000201,139,492,-353
219000203,51,216,-165
219000204,537,334,203
219000205,133,239,-106
219000207,254,435,-181
219000209,37,83,-46
219000210,129,122,7
219000213,5,220,-215
219000239,323,419,-96
219000240,280,580,-300
219000241,122,283,-161
219000242,153,243,-90
219000243,138,306,-168
219000244,53,110,-57
219000245,51,69,-18
219000246,43,29,14
219000247,138,31,107
219000248,896,438,458
219000249,216,102,114
219000250,142,171,-29
219000251,781,296,485
219000252,288,201,87
219000253,587,125,462
219000255,159,159,0
219000256,607,119,488
219000257,144,1,143
219000262,532,208,324
219000263,79,262,-183
219000267,5,141,-136
219000268,7,15,-8
219000269,11,3,8
219000270,12,1,11
219000271,128,23,105
219000278,1,19,-18
219000279,0,4,-4
219000283,0,80,-80
219000295,12,141,-129
219000296,116,744,-628
219000297,14,215,-201
219000298,11,247,-236
219000299,471,215,256
219000300,33,378,-345
219000301,252,662,-410
219000302,52,366,-314
219000307,206,72,134
219000308,38,46,-8
219000311,201,86,115
219000312,704,132,572
219000313,461,100,361
219000314,81,819,-738
219000315,249,112,137
219000316,655,140,515
219000317,127,39,88
219000320,3,51,-48
219000321,0,21,-21
219000323,7,105,-98
219000325,4,38,-34
219000326,106,118,-12
219000327,93,43,50
219000328,54,79,-25
219000329,372,125,247
219000330,75,43,32
219000331,47,47,0
219000332,124,111,13
219000333,23,10,13
219000335,89,3,86
219000337,54,0,54
219000338,102,1,101
219000344,31,100,-69
219000345,85,106,-21
219000346,35,165,-130
219000348,143,179,-36
219000349,49,240,-191
219000350,119,188,-69
219000351,8,2,6
219000352,481,107,374
219000353,142,45,97
219000354,206,147,59
219000355,235,81,154
219000356,1838,1572,266
219000363,346,93,253
219000364,166,74,92
219000365,214,28,186
219000366,318,539,-221
219000368,600,752,-152
219000370,1572,448,1124
219000371,15,35,-20
219000382,14,35,-21
219000383,999,1216,-217
219000385,1038,676,362
219000386,1123,2042,-919
219000387,11,3,8
219000390,6,1,5
219000391,10,0,10
219000397,96,99,-3
219000398,82,71,11
219000401,11,223,-212
219000402,91,287,-196
219000403,173,501,-328
219000404,24,245,-221
219000407,1,89,-88
219000409,58,43,15
219000410,194,82,112
219000411,128,46,82
219000446,227,525,-298
219000447,0,32,-32
219000448,192,23,169
219000452,149,60,89
219000453,83,200,-117
219000454,450,345,105
219000556,412,135,277
219000558,1017,269,748
219000590,85,234,-149
219000591,94,106,-12
219000592,163,556,-393
219000595,1,32,-31
219000635,462,83,379
219000636,37,145,-108
219000657,25,26,-1
219000658,31,100,-69
219000673,0,17,-17
219000676,185,8,177
219000679,89,16,73
219000684,173,3,170
219000685,0,115,-115
219000686,4,1,3
219000688,2,161,-159
219000689,36,407,-371
219000690,158,41,117
219000691,35,290,-255
219000692,184,44,140
219000693,3,26,-23
219000694,21,3,18
219000695,15,5,10
219000698,51,12,39
219000699,0,30,-30
219000727,3,164,-161
219000728,483,11,472
219000770,69,1,68
219000771,0,55,-55
219001150,2,46,-44
219001151,14,8,6
219001166,6,25,-19
219001167,0,142,-142
220000001,220,88,132
220000002,48,174,-126
220000003,867,318,549
220000004,1086,717,369
220000005,2592,2308,284
220000006,451,1217,-766
220000007,464,779,-315
220000008,381,1164,-783
220000009,437,536,-99
220000010,285,166,119
220000011,962,5354,-4392
220000012,154,686,-532
220000014,150,72,78
220000015,44,176,-132
220000017,41,469,-428
220000018,7914,2086,5828
220000019,190,373,-183
220000020,850,362,488
220000021,728,278,450
220000022,736,641,95
220000023,426,251,175
220000024,2193,462,1731
220000025,1300,1260,40
220000026,380,347,33
220000027,105,150,-45
220000028,54,56,-2
220000029,105,306,-201
220000030,182,114,68
220000031,510,485,25
220000064,18,1170,-1152
221000046,18,1,17
221000047,0,3,-3
221000048,0,1,-1
221000049,0,19,-19
221000050,73,0,73
221000055,81,65,16
221000057,50,25,25
221000068,381,183,198
221000069,351,68,283
221000070,206,26,180
221000071,96,19,77
221000072,296,19,277
221000073,331,83,248
221000074,2,36,-34
221000075,56,25,31
221000076,20,62,-42
221000077,39,147,-108
221000081,34,13,21
221000082,70,16,54
221000083,21,6,15
221000084,4,10,-6
221000085,64,112,-48
221000086,31,158,-127
221000087,9,254,-245
221000088,21,208,-187
221000089,33,366,-333
221000090,161,641,-480
221000098,127,14,113
221000099,191,25,166
221000100,105,19,86
221000101,216,43,173
221000102,114,49,65
221000109,14,123,-109
221000110,11,182,-171
221000111,30,278,-248
221000112,7,193,-186
221000113,22,241,-219
221000114,14,223,-209
221000120,38,47,-9
221000121,3,24,-21
221000122,170,32,138
221000123,4,8,-4
221000124,71,264,-193
221000155,172,16,156
221000156,140,25,115
221000175,0,5,-5
221000176,1,3,-2
221000182,46,18,28
221000241,572,415,157
221000242,237,526,-289
221000243,687,241,446
221000244,337,567,-230
221000245,180,103,77
221000246,58,274,-216
221000247,101,140,-39
221000248,97,143,-46
221000267,75,824,-749
221000325,112,79,33
221000331,74,188,-114
221000338,30,47,-17
221000378,194,33,161
221000381,44,24,20
222000282,34,2,32
222000296,4,68,-64
222000568,411,24,387
222000569,168,45,123
222000570,156,17,139
222000571,293,17,276
222000577,34,233,-199
222000578,40,282,-242
222000579,24,251,-227
222000580,115,1365,-1250
222000599,1,291,-290
222000600,6,556,-550
222000601,15,1856,-1841
222000603,24,38,-14
222000604,3,37,-34
222000605,21,24,-3
222000606,19,12,7
222000607,22,4,18
222000608,28,15,13
222000609,66,303,-237
222000616,342,71,271
222000617,8,23,-15
222000618,7,2,5
222000620,72,13,59
222000621,98,9,89
222000623,941,8,933
222000624,386,2,384
222000625,539,89,450
222000636,92,1,91
222000686,31,23,8
222000687,41,40,1
222001066,388,3,385
222001067,28,7,21
222001068,48,50,-2
222001069,26,45,-19
222001082,18,65,-47
222001083,28,96,-68
222001084,1,23,-22
222001085,0,336,-336
222001111,65,223,-158
222001112,99,32,67
222001313,69,6,63
222001314,13,260,-247
222001464,114,77,37
222001465,57,193,-136
222001484,126,79,47
222001485,30,61,-31
222001494,466,264,202
222001495,210,470,-260
222001496,487,166,321
222001497,354,754,-400
222001502,29,165,-136
222001503,131,100,31
222001504,36,407,-371
222001505,528,51,477
222001506,50,416,-366
222001507,380,41,339
222001510,344,43,301
222001511,66,604,-538
222001514,703,347,356
222001515,286,909,-623
222001518,265,108,157
222001519,72,452,-380
222001527,348,100,248
222001528,51,269,-218
222001529,261,84,177
222001530,50,324,-274
222001533,264,537,-273
222001534,430,163,267
222001535,228,333,-105
222001536,351,366,-15
222001537,276,68,208
222001538,84,740,-656
222001563,578,121,457
222001564,89,870,-781
222001568,470,133,337
222001576,10,1,9
222001579,2,5,-3
222001583,40,364,-324
222001584,112,30,82
222001596,1541,1887,-346
222001597,4147,415,3732
222001626,1,286,-285
222001650,83,153,-70
222001651,68,169,-101
222001914,238,162,76
222001915,80,318,-238
222900004,550,440,110
222900009,794,1023,-229
222900019,261,273,-12
222900024,32,38,-6
222900025,1,37,-36
225000001,585,370,215
225000002,893,323,570
225000003,844,256,588
225000004,468,490,-22
225000005,111,117,-6
225000006,0,287,-287
225000007,3336,1813,1523
225000010,423,19,404
225000011,531,1648,-1117
225000012,231,775,-544
225000013,222,238,-16
225000014,1962,135,1827
225000015,105,305,-200
225000021,909,365,544
225000027,287,969,-682
225000032,837,279,558
225000042,100,927,-827
225000049,148,154,-6
225000050,92,18,74
225000053,14,539,-525
225000058,923,240,683
225000067,577,222,355
225000068,254,532,-278
225000069,218,677,-459
225000070,88,627,-539
225000071,62,338,-276
225000075,36,1531,-1495
225000076,131,183,-52
225000078,83,137,-54
225000085,59,143,-84
225000086,296,101,195
225000087,283,61,222
225000088,12,401,-389
225000089,422,1183,-761
225000090,55,528,-473
225000091,181,272,-91
225000092,91,115,-24
225000093,409,433,-24
225000094,43,458,-415
225000095,434,673,-239
225000096,391,741,-350
225000098,748,441,307
225000099,390,306,84
225000100,390,305,85
225000104,136,539,-403
225000110,18,722,-704
225000111,388,1696,-1308
225000112,612,1551,-939
225000113,339,702,-363
225000114,76,388,-312
225000115,2648,980,1668
225000116,1135,485,650
225000117,1162,545,617
225000118,1213,473,740
225000119,318,201,117
225000120,1304,202,1102
225000121,299,101,198
225000123,1926,39,1887
225000125,432,307,125
225000126,1076,250,826
225000127,1015,1427,-412
225000128,624,963,-339
225000132,319,94,225
225000133,331,61,270
225000134,697,216,481
225000135,45,29,16
225000136,246,19,227
225000137,389,113,276
225000138,459,106,353
225000143,144,364,-220
225000144,3,473,-470
225000145,442,127,315
225000146,85,159,-74
225000147,31,386,-355
225000148,5,287,-282
225000149,154,639,-485
225000151,20,446,-426
225000155,401,726,-325
225000156,285,1342,-1057
225000157,403,542,-139
225000158,157,518,-361
225000171,5,239,-234
225000180,109,43,66
225000181,0,86,-86
225000182,179,48,131
225000185,28,458,-430
225000187,167,566,-399
225000191,130,2,128
225000194,0,11,-11
225000208,8,116,-108
225000209,101,31,70
225000210,4,396,-392
225000217,0,21,-21
225000218,42,2,40
225000223,2,52,-50
225000224,392,1,391
225000225,1,19,-18
225000226,130,7,123
225000227,60,150,-90
225000228,28,166,-138
225000229,0,121,-121
225000230,625,0,625
225000231,0,116,-116
225000232,436,0,436
225000241,92,2,90
225000242,0,49,-49
225000249,97,69,28
225000250,35,1295,-1260
225000251,373,72,301
225000254,6,2,4
225000256,11,174,-163
225000257,1,140,-139
226000042,582,542,40
226000043,72,304,-232
226000044,229,700,-471
226000045,126,541,-415
226000046,466,322,144
226000047,413,166,247
226000048,595,179,416
226000049,332,341,-9
226000070,0,71,-71
226000071,0,74,-74
226000072,0,13,-13
226000073,0,11,-11
226000074,0,13,-13
226000084,3,101,-98
226000085,3,27,-24
226000086,10,16,-6
226000087,0,14,-14
226000088,88,49,39
226000090,461,146,315
226000091,33,66,-33
226000092,11,9,2
226000093,45,0,45
226000094,35,1,34
226000095,64,0,64
226000105,23,3,20
226000106,22,0,22
226000107,13,0,13
226000108,68,0,68
226000109,92,0,92
226000124,214,123,91
226000134,598,535,63
226000135,1484,815,669
226000136,623,447,176
226000137,14,579,-565
226000138,16,418,-402
226000139,3,42,-39
226000156,246,8,238
226000157,869,16,853
226000163,171,109,62
226000202,32,589,-557
226000231,261,16,245
226000232,62,2,60
227000033,337,68,269
227000036,276,29,247
227000037,235,32,203
227000038,207,47,160
227000084,3,136,-133
227000085,1,64,-63
227000088,109,3,106
227000089,134,1,133
227000090,102,0,102
227000091,20,0,20
227000092,62,2,60
227000093,202,1,201
227000094,18,0,18
227000130,40,81,-41
227000131,84,283,-199
227000132,23,332,-309
227000133,28,291,-263
227000134,50,502,-452
227000152,0,6,-6
227000153,0,88,-88
227000154,0,24,-24
227000155,3,16,-13
227000156,1,23,-22
227000165,3,30,-27
227000196,359,417,-58
227000199,254,866,-612
227000230,32,680,-648
227000232,787,25,762
227000242,61,549,-488
227000243,390,90,300
227000245,21,579,-558
227000246,121,674,-553
227000247,366,126,240
227000248,192,35,157
227000249,29,253,-224
227000250,652,137,515
227000251,205,227,-22
227000252,35,459,-424
227000253,102,23,79
227000262,336,59,277
227000266,1577,25,1552
227000267,62,2414,-2352
227000282,11,356,-345
227000284,528,33,495
227000286,4,114,-110
227000291,24,907,-883
227000296,425,339,86
227000484,298,19,279
227000485,29,1139,-1110
227000655,154,14,140
227000656,735,28,707
227000657,79,20,59
227000704,281,15,266
229000265,16,11,5
229000266,2,0,2
229000267,13,7,6
229000268,37,0,37
229000269,230,5,225
229000274,3,58,-55
229000275,0,41,-41
229000276,0,23,-23
229000277,0,8,-8
229000278,5,16,-11
229000295,29,50,-21
229000296,151,29,122
229000297,22,50,-28
229000298,12,224,-212
229000320,28,16,12
229000321,172,31,141
229000412,34,94,-60
229000414,6,84,-78
229000415,44,2,42
229000416,7,10,-3
229000417,1,36,-35
229000419,215,439,-224
229000440,496,86,410
229000442,10,17,-7
229000443,13,12,1
229000444,13,45,-32
229000445,64,15,49
229000446,107,41,66
229000491,3,23,-20
229000492,13,153,-140
229000493,16,133,-117
229000494,68,4,64
229000495,134,7,127
229000496,51,2,49
229000507,0,69,-69
229000508,0,61,-61
229000509,1,70,-69
229000510,1,39,-38
229000511,11,67,-56
229000512,0,33,-33
229000513,0,4,-4
229000514,1,4,-3
229000517,5,18,-13
229000518,17,39,-22
229000519,7,33,-26
229000520,20,37,-17
229000521,47,20,27
229000522,18,11,7
229000523,15,5,10
229000524,4,6,-2
229000527,5,0,5
229000528,1,0,1
229000529,8,1,7
229000530,89,1,88
229000531,39,0,39
229000532,28,1,27
229000533,78,0,78
229000534,70,1,69
229000564,37,2,35
229000565,12,1,11
229000566,0,13,-13
229000567,0,95,-95
229000582,109,1,108
229000583,4,4,0
229000584,0,54,-54
229000585,3,85,-82
229000718,0,2,-2
229000719,0,2,-2
229000720,0,6,-6
229000721,0,19,-19
229000722,0,25,-25
229000723,0,11,-11
229000724,0,1,-1
229000725,0,4,-4
229000738,0,1,-1
229000739,2,1,1
229000740,1,0,1
229000741,12,0,12
229000742,6,0,6
229000743,12,0,12
229000744,9,0,9
229000745,3,0,3
229000746,44,0,44
229000847,56,0,56
229000848,29,0,29
229000849,189,2,187
229000851,57,2,55
229000854,0,81,-81
229000856,5,240,-235
229000857,1,59,-58
229000858,1,137,-136
229000919,22,182,-160
229000930,4,553,-549
229000937,127,20,107
229000966,101,32,69
229000981,35,76,-41
229000985,19,62,-43
229000986,8,11,-3
229000987,2,4,-2
229000988,17,14,3
229000989,59,16,43
229000990,15,2,13
229000991,5,0,5
229000992,27,29,-2
229000993,267,53,214
229000998,17,95,-78
229000999,61,55,6
229001034,13,37,-24
229001035,29,2,27
229001036,6,107,-101
229001037,80,3,77
229001038,2,4,-2
229001039,17,2,15
229001040,0,324,-324
229001041,157,4,153
229001042,24,42,-18
229001047,12,68,-56
229001050,81,67,14
229001168,0,22,-22
229001200,9,7,2
229001338,7,71,-64
229001394,177,7,170
229001422,135,24,111
229001423,73,238,-165
229001431,92,67,25
229001432,159,120,39
229001444,186,80,106
229001445,59,237,-178
229001479,15,2,13
229001503,162,145,17
229001504,156,356,-200
229001505,113,50,63
229001506,209,310,-101
229001509,113,18,95
229001510,14,78,-64
229001545,74,7,67
229001546,23,176,-153
229001553,110,17,93
229001554,91,150,-59
229001630,73,43,30
229001631,54,40,14
229001635,0,15,-15
229001636,1,2,-1
229001658,1,244,-243
229001659,65,8,57
229001660,7,9,-2
229001661,36,57,-21
229001662,37,0,37
229001663,0,38,-38
229002584,270,390,-120
229002831,399,348,51
229002841,10,20,-10
229002842,24,45,-21
229002843,161,34,127
229002844,137,67,70
229002845,59,113,-54
229002846,36,41,-5
229002847,6,11,-5
229002848,3,23,-20
229002849,96,86,10
229002850,16,2,14
229002851,108,118,-10
229002852,198,29,169
229002853,220,24,196
229002854,89,54,35
229002855,25,25,0
229002856,166,25,141
229002857,10,61,-51
229002858,36,21,15
229002859,166,36,130
229002860,193,25,168
229002861,144,52,92
229002862,61,66,-5
229002863,92,14,78
229002864,39,56,-17
229002865,5,11,-6
229002866,12,21,-9
229002867,8,20,-12
229002868,35,14,21
229002869,40,200,-160
229002870,52,9,43
235000066,580,92,488
235000067,196,138,58
235000072,44,205,-161
235000073,113,780,-667
235000074,111,96,15
235000080,15,104,-89
235000081,58,203,-145
235000082,222,156,66
235000083,199,178,21
235000084,91,97,-6
235000085,123,77,46
235000089,141,55,86
235000092,94,298,-204
235000093,10,14,-4
235000097,6,13,-7
235000098,89,9,80
235000099,82,46,36
235000116,71,29,42
235000117,1062,29,1033
235000133,14,709,-695
235000134,14,172,-158
235000206,6,4,2
235000207,7,0,7
235000208,5,2,3
235000209,16,2,14
235000210,6,3,3
235000212,3,25,-22
235000213,1,9,-8
235000220,1,7,-6
235000221,76,11,65
235000238,35,89,-54
235000239,4,11,-7
235000242,423,764,-341
235000245,1237,246,991
235000246,60,66,-6
235000284,17,147,-130
235000295,163,15,148
235000305,229,27,202
235000306,175,6,169
235000307,47,3,44
235000308,42,2,40
235000309,80,1,79
235000310,44,1,43
235000311,216,16,200
235000322,0,46,-46
235000323,1,72,-71
235000324,0,17,-17
235000325,2,10,-8
235000326,13,310,-297
235000351,3,83,-80
235000352,40,70,-30
235000353,6,30,-24
235000354,62,34,28
235000355,5,70,-65
235000356,480,8,472
235000357,96,10,86
235000358,84,5,79
235000359,24,11,13
235000360,169,60,109
235000361,99,11,88
235000381,54,388,-334
235000382,151,90,61
235000390,13,9,4
235000391,102,36,66
235000392,214,390,-176
235000393,146,235,-89
235000395,123,86,37
235000396,506,209,297
235000400,306,60,246
235000401,42,315,-273
235000405,135,427,-292
235000406,49,399,-350
235000407,191,142,49
235000409,399,216,183
235000410,30,317,-287
235000411,0,85,-85
235000485,0,7,-7
235000486,16,0,16
235000549,415,317,98
235000550,67,260,-193
235000599,71,58,13
235000600,4,13,-9
235000601,11,27,-16
235000602,74,103,-29
235000614,2,2,0
235000648,0,22,-22
235000649,58,12,46
235000685,2,11,-9
235000815,22,30,-8
235000834,0,15,-15
235000855,342,85,257
235000862,52,261,-209
235000891,0,15,-15
235000892,99,71,28
235000901,830,154,676
235000907,10,9,1
235001010,188,184,4
235001029,834,615,219
235001030,386,384,2
235001078,130,186,-56
235001079,120,131,-11
235001147,3,106,-103
235001166,64,114,-50
235001167,31,55,-24
235001169,26,396,-370
235001188,0,11,-11
235001189,4,0,4
235001197,4,9,-5
235001200,45,40,5
235001208,39,55,-16
235001209,31,109,-78
235001210,43,255,-212
235001239,4,96,-92
235001244,0,9,-9
235016267,0,35,-35
241900007,64,9,55
277101746,0,2,-2
277102712,0,0,0
277103813,1,0,1
277103814,0,1,-1
277103898,0,3,-3
990011530,3,302,-299
990014944,3,836,-833
990015176,59,0,59
990015618,0,157,-157
990016032,2,823,-821
990032570,4,430,-426
990070001,103,6,97
990070103,0,2,-2
990070601,1,79,-78
990070751,736,2,734
990070766,1,690,-689
990071180,797,278,519
990071343,40,3,37
990071387,1,27,-26
990071823,744,5,739
990072600,2,885,-883
990072964,0,832,-832
990073285,0,20,-20
990074393,5,1469,-1464
990074870,1313,6,1307
990075106,1302,11,1291
990075746,506,4,502
990076437,1261,6,1255
990076458,8,1338,-1330
997000007,552,13,539
997000041,0,320,-320
997000058,53,12,41
997000062,146,8,138
997000069,0,7,-7
997000070,0,51,-51
997000100,28,0,28
997000141,19,2876,-2857
997000198,8,1695,-1687
998000475,13,69,-56
998000736,0,283,-283
998000965,0,70,-70
998001031,2,96,-94
998001700,0,36,-36
998001899,0,2,-2
998001900,3,1,2
998003073,3544,9,3535
998101900,0,0,0
998102850,6,159,-153
998501927,988,569,419
998501929,101,12,89
998501930,92,0,92
998501931,149,2,147
998501932,11,1,10
998501933,73,0,73
998501937,17,1,16
998501944,3,0,3
998501970,67,9,58
998501971,1,119,-118
998501972,608,3,605
998501973,0,71,-71
998501974,3,285,-282
998501975,641,104,537
998501976,78,3,75
998501977,3,25,-22
998501978,61,2,59
998501979,0,21,-21
998501980,250,8,242
998501981,40,14,26
998501982,0,186,-186
998502006,0,0,0
998502024,0,10,-10
998502032,0,1,-1
998502062,27,0,27
998502063,0,0,0
998502173,11,0,11
998502269,0,1,-1
998601159,0,297,-297
998601292,0,23,-23
999033574,1,195,-194
999800001,63,3,60
999800002,0,9,-9
999800003,5,1,4
999800004,0,4,-4
999800005,0,18,-18
