dong,insum,outsum,diff
강남구 개포1동,0,0,0
강남구 개포2동,149,170,-21
강남구 개포4동,0,0,0
강남구 논현1동,1590,1242,348
강남구 논현2동,0,0,0
강남구 대치1동,234,166,68
강남구 대치2동,900,670,230
강남구 대치4동,826,564,262
강남구 도곡1동,262,205,57
강남구 도곡2동,144,97,47
강남구 삼성1동,645,378,267
강남구 삼성2동,640,655,-15
강남구 세곡동,98,238,-140
강남구 수서동,207,228,-21
강남구 신사동,0,0,0
강남구 압구정동,1,0,1
강남구 역삼1동,4284,2515,1769
강남구 역삼2동,650,508,142
강남구 일원1동,0,0,0
강남구 일원2동,0,0,0
강남구 일원본동,160,228,-68
강남구 청담동,621,620,1
강동구 강일동,268,375,-107
강동구 고덕제1동,11,34,-23
강동구 고덕제2동,68,126,-58
강동구 길동,864,287,577
강동구 둔촌제1동,0,0,0
강동구 둔촌제2동,0,0,0
강동구 명일제1동,209,176,33
강동구 명일제2동,89,66,23
강동구 상일동,3,65,-62
강동구 성내제1동,0,0,0
강동구 성내제2동,207,250,-43
강동구 성내제3동,60,52,8
강동구 암사제1동,0,0,0
강동구 암사제2동,0,0,0
강동구 암사제3동,0,0,0
강동구 천호제1동,82,111,-29
강동구 천호제2동,0,0,0
강동구 천호제3동,436,116,320
강북구 미아동,124,555,-431
강북구 번1동,440,1338,-898
강북구 번2동,0,0,0
강북구 번3동,0,0,0
강북구 삼각산동,0,0,0
강북구 삼양동,0,0,0
강북구 송중동,700,1088,-388
강북구 송천동,431,220,211
강북구 수유1동,93,49,44
강북구 수유2동,4,4,0
강북구 수유3동,981,203,778
강북구 우이동,45,42,3
강북구 월곡제1동,0,0,0
강북구 인수동,0,0,0
강서구 가양제1동,119,269,-150
강서구 가양제2동,0,0,0
강서구 가양제3동,0,0,0
강서구 공항동,239,346,-107
강서구 등촌제1동,174,521,-347
강서구 등촌제2동,167,264,-97
강서구 등촌제3동,169,672,-503
강서구 발산제1동,1347,505,842
강서구 방화제1동,351,505,-154
강서구 방화제2동,297,191,106
강서구 방화제3동,0,0,0
강서구 염창동,0,0,0
강서구 우장산동,157,244,-87
강서구 화곡본동,0,0,0
강서구 화곡제1동,570,703,-133
강서구 화곡제2동,0,0,0
강서구 화곡제3동,137,138,-1
강서구 화곡제4동,110,262,-152
강서구 화곡제6동,462,150,312
강서구 화곡제8동,177,379,-202
관악구 낙성대동,424,409,15
관악구 난곡동,0,0,0
관악구 난향동,0,0,0
관악구 남현동,866,670,196
관악구 대학동,0,0,0
관악구 미성동,50,55,-5
관악구 보라매동,55,261,-206
관악구 삼성동,0,0,0
관악구 서림동,0,0,0
관악구 서원동,253,285,-32
관악구 성현동,0,0,0
관악구 신림동,1187,1701,-514
관악구 신사동,223,513,-290
관악구 신원동,0,0,0
관악구 은천동,118,344,-226
관악구 인헌동,141,143,-2
관악구 조원동,518,889,-371
관악구 중앙동,417,538,-121
관악구 청룡동,199,345,-146
관악구 청림동,0,0,0
관악구 행운동,379,598,-219
광진구 광장동,233,167,66
광진구 구의제1동,77,86,-9
광진구 구의제2동,204,253,-49
광진구 구의제3동,0,0,0
광진구 군자동,564,389,175
광진구 능동,628,993,-365
광진구 자양제1동,49,44,5
광진구 자양제2동,0,0,0
광진구 자양제3동,0,0,0
광진구 자양제4동,1098,1170,-72
광진구 중곡제1동,296,375,-79
광진구 중곡제2동,209,794,-585
광진구 중곡제3동,122,322,-200
광진구 중곡제4동,0,0,0
광진구 화양동,1196,967,229
구로구 가리봉동,66,268,-202
구로구 개봉제1동,416,677,-261
구로구 개봉제2동,343,372,-29
구로구 개봉제3동,0,0,0
구로구 고척제1동,196,278,-82
구로구 고척제2동,0,0,0
구로구 구로제1동,63,120,-57
구로구 구로제2동,12,125,-113
구로구 구로제3동,156,349,-193
구로구 구로제4동,13,97,-84
구로구 구로제5동,121,308,-187
구로구 수궁동,293,709,-416
구로구 신도림동,746,641,105
구로구 오류제1동,398,538,-140
구로구 오류제2동,0,0,0
구로구 항동,0,0,0
금천구 가산동,246,136,110
금천구 독산제1동,96,405,-309
금천구 독산제2동,111,10,101
금천구 독산제3동,336,65,271
금천구 독산제4동,181,43,138
금천구 미성동,0,0,0
금천구 시흥제1동,243,273,-30
금천구 시흥제2동,0,0,0
금천구 시흥제3동,0,0,0
금천구 시흥제4동,0,0,0
금천구 시흥제5동,142,193,-51
노원구 공릉1동,1039,1108,-69
노원구 공릉2동,0,0,0
노원구 상계10동,25,678,-653
노원구 상계1동,15,65,-50
노원구 상계2동,801,72,729
노원구 상계3.4동,0,0,0
노원구 상계5동,0,0,0
노원구 상계6.7동,623,799,-176
노원구 상계8동,2,34,-32
노원구 상계9동,3,9,-6
노원구 월계1동,91,54,37
노원구 월계2동,0,0,0
노원구 월계3동,92,187,-95
노원구 중계1동,0,0,0
노원구 중계2.3동,348,382,-34
노원구 중계4동,0,0,0
노원구 중계본동,0,0,0
노원구 하계1동,106,186,-80
노원구 하계2동,177,226,-49
도봉구 도봉제1동,332,218,114
도봉구 도봉제2동,67,825,-758
도봉구 방학제1동,334,786,-452
도봉구 방학제2동,0,122,-122
도봉구 방학제3동,144,89,55
도봉구 쌍문제1동,0,8,-8
도봉구 쌍문제2동,295,35,260
도봉구 쌍문제3동,96,15,81
도봉구 쌍문제4동,0,0,0
도봉구 창제1동,334,328,6
도봉구 창제2동,54,284,-230
도봉구 창제3동,0,0,0
도봉구 창제4동,0,0,0
도봉구 창제5동,67,683,-616
동대문구 답십리제1동,43,113,-70
동대문구 답십리제2동,108,80,28
동대문구 면목제5동,0,0,0
동대문구 용신동,1109,1577,-468
동대문구 이문제1동,204,482,-278
동대문구 이문제2동,60,95,-35
동대문구 장안제1동,206,229,-23
동대문구 장안제2동,1,0,1
동대문구 전농제1동,220,372,-152
동대문구 전농제2동,0,0,0
동대문구 제기동,215,145,70
동대문구 청량리동,490,517,-27
동대문구 회기동,122,107,15
동대문구 휘경제1동,283,679,-396
동대문구 휘경제2동,160,680,-520
동작구 노량진제1동,352,433,-81
동작구 노량진제2동,109,282,-173
동작구 대방동,2,0,2
동작구 사당제1동,834,352,482
동작구 사당제2동,76,54,22
동작구 사당제3동,0,0,0
동작구 사당제4동,0,0,0
동작구 사당제5동,0,0,0
동작구 상도제1동,0,0,0
동작구 상도제2동,119,134,-15
동작구 상도제3동,110,308,-198
동작구 상도제4동,0,0,0
동작구 신대방제1동,9,16,-7
동작구 신대방제2동,159,269,-110
동작구 흑석동,1,0,1
마포구 공덕동,157,252,-95
마포구 대흥동,178,202,-24
마포구 도화동,0,0,0
마포구 망원제1동,0,0,0
마포구 망원제2동,0,0,0
마포구 상암동,1,3,-2
마포구 서강동,0,0,0
마포구 서교동,3678,1982,1696
마포구 성산제1동,0,0,0
마포구 성산제2동,7,40,-33
마포구 신수동,0,0,0
마포구 아현동,122,308,-186
마포구 연남동,0,0,0
마포구 염리동,0,0,0
마포구 용강동,436,321,115
마포구 합정동,1025,630,395
서대문구 남가좌제1동,43,83,-40
서대문구 남가좌제2동,0,0,0
서대문구 북가좌제1동,13,59,-46
서대문구 북가좌제2동,0,0,0
서대문구 북아현동,114,234,-120
서대문구 신촌동,755,990,-235
서대문구 연희동,40,60,-20
서대문구 천연동,206,219,-13
서대문구 충현동,261,394,-133
서대문구 홍은제1동,77,249,-172
서대문구 홍은제2동,0,0,0
서대문구 홍제제1동,292,123,169
서대문구 홍제제2동,200,505,-305
서대문구 홍제제3동,0,0,0
서초구 내곡동,9,29,-20
서초구 반포1동,456,570,-114
서초구 반포2동,0,0,0
서초구 반포3동,0,0,0
서초구 반포4동,0,0,0
서초구 반포본동,0,0,0
서초구 방배1동,7,53,-46
서초구 방배2동,16,25,-9
서초구 방배3동,371,478,-107
서초구 방배4동,0,0,0
서초구 방배본동,0,0,0
서초구 서초1동,431,300,131
서초구 서초2동,312,467,-155
서초구 서초3동,400,403,-3
서초구 서초4동,1223,484,739
서초구 양재1동,67,194,-127
서초구 양재2동,3,18,-15
서초구 잠원동,341,871,-530
성동구 금호1가동,0,0,0
성동구 금호2.3가동,0,0,0
성동구 금호4가동,0,0,0
성동구 마장동,0,0,0
성동구 사근동,138,67,71
성동구 성수1가제1동,0,0,0
성동구 성수1가제2동,122,371,-249
성동구 성수2가제1동,55,48,7
성동구 성수2가제3동,302,442,-140
성동구 송정동,0,0,0
성동구 옥수동,0,0,0
성동구 왕십리도선동,0,0,0
성동구 왕십리제2동,308,323,-15
성동구 용답동,219,327,-108
성동구 응봉동,0,0,0
성동구 행당제1동,291,241,50
성동구 행당제2동,0,0,0
성북구 길음제1동,628,583,45
성북구 길음제2동,249,436,-187
성북구 돈암제1동,151,436,-285
성북구 돈암제2동,0,2,-2
성북구 동선동,962,603,359
성북구 보문동,212,335,-123
성북구 삼선동,269,506,-237
성북구 석관동,248,592,-344
성북구 성북동,80,52,28
성북구 안암동,0,0,0
성북구 월곡제1동,0,0,0
성북구 월곡제2동,0,0,0
성북구 장위제1동,0,0,0
성북구 장위제2동,42,20,22
성북구 장위제3동,0,0,0
성북구 정릉제1동,3,2,1
성북구 정릉제2동,2,3,-1
성북구 정릉제3동,0,0,0
성북구 정릉제4동,0,4,-4
성북구 종암동,0,0,0
송파구 가락1동,2,117,-115
송파구 가락2동,1,1,0
송파구 가락본동,1216,527,689
송파구 거여1동,0,0,0
송파구 거여2동,0,0,0
송파구 마천1동,0,0,0
송파구 마천2동,0,0,0
송파구 문정1동,1,0,1
송파구 문정2동,1933,1731,202
송파구 방이1동,0,0,0
송파구 방이2동,0,0,0
송파구 삼전동,0,0,0
송파구 석촌동,298,911,-613
송파구 송파1동,330,172,158
송파구 송파2동,92,74,18
송파구 오금동,0,0,0
송파구 오륜동,0,0,0
송파구 위례동,798,476,322
송파구 잠실2동,267,126,141
송파구 잠실3동,565,594,-29
송파구 잠실4동,0,0,0
송파구 잠실6동,0,0,0
송파구 잠실7동,11,122,-111
송파구 잠실본동,287,524,-237
송파구 장지동,402,125,277
송파구 풍납1동,0,0,0
송파구 풍납2동,0,0,0
양천구 목1동,673,299,374
양천구 목2동,461,569,-108
양천구 목3동,478,587,-109
양천구 목4동,233,332,-99
양천구 목5동,0,0,0
양천구 신월1동,0,1,-1
양천구 신월2동,101,247,-146
양천구 신월3동,2,1,1
양천구 신월4동,106,231,-125
양천구 신월5동,0,0,0
양천구 신월6동,0,0,0
양천구 신월7동,70,195,-125
양천구 신정1동,1,2,-1
양천구 신정2동,0,0,0
양천구 신정3동,361,723,-362
양천구 신정4동,1190,1412,-222
양천구 신정6동,0,0,0
양천구 신정7동,0,3,-3
영등포구 당산제1동,190,191,-1
영등포구 당산제2동,570,479,91
영등포구 대림제1동,28,67,-39
영등포구 대림제2동,65,334,-269
영등포구 대림제3동,66,93,-27
영등포구 도림동,0,0,0
영등포구 문래동,281,347,-66
영등포구 신길제1동,0,1,-1
영등포구 신길제3동,0,0,0
영등포구 신길제4동,0,0,0
영등포구 신길제5동,0,0,0
영등포구 신길제6동,0,0,0
영등포구 신길제7동,0,0,0
영등포구 양평제1동,112,147,-35
영등포구 양평제2동,82,168,-86
영등포구 여의동,542,490,52
영등포구 영등포동,1327,1051,276
영등포구 영등포본동,527,176,351
용산구 남영동,609,314,295
용산구 보광동,0,0,0
용산구 서빙고동,0,0,0
용산구 용문동,0,0,0
용산구 용산2가동,0,0,0
용산구 원효로제1동,0,0,0
용산구 원효로제2동,0,0,0
용산구 이촌제1동,5,49,-44
용산구 이촌제2동,0,0,0
용산구 이태원제1동,0,0,0
용산구 이태원제2동,0,0,0
용산구 청파동,80,100,-20
용산구 필동,0,0,0
용산구 한강로동,744,366,378
용산구 한남동,573,1196,-623
용산구 효창동,0,0,0
용산구 후암동,0,0,0
은평구 갈현제1동,139,78,61
은평구 갈현제2동,0,0,0
은평구 구산동,0,0,0
은평구 녹번동,401,596,-195
은평구 대조동,555,491,64
은평구 불광제1동,760,779,-19
은평구 불광제2동,1076,436,640
은평구 수색동,45,81,-36
은평구 신사제1동,0,1,-1
은평구 신사제2동,0,0,0
은평구 역촌동,0,0,0
은평구 응암제1동,0,3,-3
은평구 응암제2동,0,0,0
은평구 응암제3동,0,0,0
은평구 증산동,121,85,36
은평구 진관동,608,729,-121
종로구 가회동,0,0,0
종로구 교남동,132,75,57
종로구 무악동,40,70,-30
종로구 부암동,0,0,0
종로구 사직동,692,733,-41
종로구 삼청동,0,0,0
종로구 숭인제1동,0,0,0
종로구 숭인제2동,1336,1348,-12
종로구 이화동,281,210,71
종로구 종로1.2.3.4가동,5239,3782,1457
종로구 종로5.6가동,765,882,-117
종로구 창신제1동,1217,875,342
종로구 창신제2동,814,763,51
종로구 창신제3동,0,0,0
종로구 청운효자동,0,0,0
종로구 충현동,156,58,98
종로구 평창동,0,0,0
종로구 혜화동,404,262,142
중구 광희동,4303,2336,1967
중구 다산동,145,130,15
중구 동화동,0,0,0
중구 명동,1211,769,442
중구 소공동,1027,578,449
중구 신당동,320,127,193
중구 신당제5동,211,150,61
중구 약수동,24,64,-40
중구 을지로동,71,75,-4
중구 장충동,39,131,-92
중구 중림동,159,232,-73
중구 청구동,0,0,0
중구 필동,216,105,111
중구 황학동,111,50,61
중구 회현동,1189,706,483
중랑구 망우본동,370,473,-103
중랑구 망우제3동,0,4,-4
중랑구 면목본동,43,248,-205
중랑구 면목제2동,228,372,-144
중랑구 면목제3.8동,21,75,-54
중랑구 면목제4동,139,405,-266
중랑구 면목제5동,218,351,-133
중랑구 면목제7동,17,84,-67
중랑구 묵제1동,304,373,-69
중랑구 묵제2동,126,96,30
중랑구 상봉제1동,284,47,237
중랑구 상봉제2동,373,1090,-717
중랑구 신내1동,173,294,-121
중랑구 신내2동,0,0,0
중랑구 중화제1동,171,235,-64
중랑구 중화제2동,338,213,125
NA,9789,25183,-15394
